{"lowlevel":{"average_loudness":0.875727295876,"barkbands":{"dmean":[0.00000397292478738,0.00450420193374,0.00459759635851,0.00540899904445,0.0040987553075,0.000730915693566,0.000556677987333,0.000799518951681,0.000633367977571,0.00119071092922,0.000444373872597,0.00103122158907,0.000543940812349,0.0000770209444454,0.00016929738922,0.000282538123429,0.000242915470153,0.00024243084772,0.000105814680865,0.0000910651724553,0.0000282299297396,0.0000166597783391,0.00000754672419134,0.00000301583258988,0.00000154939959884,8.01711621534e-7,3.74239235157e-8],"dmean2":[0.00000617030036665,0.00672264490277,0.00807206425816,0.00943581480533,0.00750752864406,0.00118923280388,0.00091092614457,0.00128458114341,0.00100849452429,0.00187595863827,0.000722171855159,0.00157100579236,0.000861488864757,0.000124711819808,0.000263055233518,0.000447541911853,0.000381919118809,0.00038488797145,0.000168344879057,0.000142933495226,0.0000434598368884,0.0000254041278822,0.0000113528676593,0.0000044883040573,0.00000232955949286,0.00000119544063182,5.97300626737e-8],"dvar":[5.41484634908e-11,0.0000432263113908,0.0000861786102178,0.00011841700325,0.000092317648523,0.00000167438145127,0.00000128166652757,0.00000484805013912,0.0000024412051971,0.00000867729522724,0.00000114089425551,0.00000755375640438,0.00000291221499538,2.53811105466e-8,1.56872417278e-7,5.39042559922e-7,4.26287840583e-7,2.05537219244e-7,3.42066854842e-8,3.527478043e-8,3.87486398523e-9,1.64332936148e-9,3.77711084631e-10,5.56218994474e-11,1.97422061338e-11,7.47146094993e-12,2.70528635301e-14],"dvar2":[1.36713237953e-10,0.00009026202315,0.000237919011852,0.000329413422151,0.000261138484348,0.00000408308960687,0.00000302982607536,0.0000109067723315,0.00000524306642546,0.0000189951770153,0.00000282176279143,0.0000148001718117,0.0000066219722612,5.86704835825e-8,3.41888380717e-7,0.00000123166182675,9.05473427792e-7,4.98558961226e-7,8.36890379219e-8,8.0192869234e-8,8.46204795124e-9,3.47086137609e-9,7.91729515282e-10,1.13159849546e-10,4.1153212782e-11,1.51674939969e-11,6.43157741149e-14],"max":[0.000172032421688,0.1084638834,0.162980154157,0.183621197939,0.128894686699,0.0263688527048,0.027200108394,0.0628186911345,0.0390648730099,0.0896337255836,0.031593374908,0.085437014699,0.0473263077438,0.00499645248055,0.0186872724444,0.0177929904312,0.0227512065321,0.00952669419348,0.00474339863285,0.00538333225995,0.00140268169343,0.00100034824573,0.000588640279602,0.000198400826775,0.000123911071569,0.0000759570029913,0.00000599026179771],"mean":[0.00000440594430984,0.00908326730132,0.00560194766149,0.00643224036321,0.00374316400848,0.00115883012768,0.000905337918084,0.00130512751639,0.00108648731839,0.0023242700845,0.000768876052462,0.00202667852864,0.000903577776626,0.000117055904411,0.000300720450468,0.000497784232721,0.00044790431275,0.000475304608699,0.000203189891181,0.000158744573127,0.000036240217014,0.0000192516472453,0.00000888565045898,0.00000386469582736,0.00000187789237316,9.21897083117e-7,3.8368575872e-8],"median":[0.00000133063463181,0.00505698379129,0.00211488734931,0.00335200410336,0.000943622901104,0.000463146716356,0.000341927778209,0.000365484273061,0.000359113153536,0.000618853722699,0.000235479674302,0.00061274971813,0.000267697439995,0.0000471136663691,0.0000895450357348,0.000149703002535,0.000157095957547,0.000180362432729,0.0000887839414645,0.0000613351876382,0.0000107095929707,0.00000417293085775,0.00000208606024898,8.46226782869e-7,2.58878003478e-7,6.5025815843e-8,3.14309600569e-9],"min":[7.06986230937e-23,3.03202349236e-23,4.44070597922e-23,4.74187382463e-23,7.24300528738e-23,7.64624510749e-23,6.08011387255e-23,1.87819735152e-23,6.24752845822e-23,5.90027882971e-23,9.2033107529e-23,1.00714648009e-22,6.88358258847e-23,1.29281352425e-22,1.02437570713e-22,1.98894995162e-22,1.92308940615e-22,1.76022585372e-22,1.54988208868e-22,4.01693425545e-22,5.29145731386e-22,5.37466409023e-22,6.20531619563e-22,6.44498652746e-22,1.2543048942e-21,1.57574120159e-21,2.29669645522e-21],"var":[6.18484777282e-11,0.000121219280118,0.0000879055078258,0.00010327972268,0.0000665348634357,0.00000339394227922,0.0000031003676213,0.0000100938495962,0.00000657635200696,0.0000323393687722,0.00000348071307599,0.0000244740222115,0.00000663076843921,5.32120658647e-8,5.07902825575e-7,0.00000119302228541,0.00000115415571145,4.9198860097e-7,8.50642791761e-8,8.08289613019e-8,6.43658815136e-9,2.51226883741e-9,5.27839827402e-10,9.32864133163e-11,3.1267703704e-11,1.16520395763e-11,3.11718864967e-14]},"barkbands_crest":{"dmean":2.74643826485,"dmean2":4.45473003387,"dvar":6.06794929504,"dvar2":14.6368093491,"max":26.7436504364,"mean":11.521607399,"median":10.921377182,"min":2.46306443214,"var":17.1888465881},"barkbands_flatness_db":{"dmean":0.0356161333621,"dmean2":0.0511962994933,"dvar":0.000992375425994,"dvar2":0.00200980203226,"max":0.617563307285,"mean":0.241795644164,"median":0.230593055487,"min":0.0593373663723,"var":0.00653670961037},"barkbands_kurtosis":{"dmean":3.32633805275,"dmean2":5.38974761963,"dvar":53.1172218323,"dvar2":133.181106567,"max":329.882537842,"mean":4.01317691803,"median":1.39282393456,"min":-1.91306912899,"var":79.6694259644},"barkbands_skewness":{"dmean":0.636773109436,"dmean2":0.989723980427,"dvar":0.452487051487,"dvar2":1.11151885986,"max":16.2645168304,"mean":1.42118239403,"median":1.31561255455,"min":-3.13230228424,"var":1.45301139355},"barkbands_spread":{"dmean":4.08675718307,"dmean2":6.33409357071,"dvar":19.5200157166,"dvar2":45.4009857178,"max":59.411365509,"mean":15.1047554016,"median":13.6013031006,"min":0.105627186596,"var":96.8510284424},"dissonance":{"dmean":0.0271570719779,"dmean2":0.0461230240762,"dvar":0.000937645381782,"dvar2":0.00251836166717,"max":0.500000119209,"mean":0.454732984304,"median":0.467983990908,"min":0.100799791515,"var":0.00178526306991},"dynamic_complexity":2.34955072403,"erbbands":{"dmean":[0.0642638504505,1.22789061069,4.20838785172,13.6267127991,16.0459136963,13.1101455688,6.58321523666,6.31795978546,7.68531894684,9.90461063385,17.4659824371,11.6744785309,33.5694694519,25.3470249176,20.1601524353,36.3824119568,24.4310131073,6.26997852325,4.62654590607,11.8752393723,13.5346212387,13.1279840469,12.9748735428,7.7789273262,5.74634313583,3.28340339661,1.4488196373,0.945539951324,0.673608005047,0.360684096813,0.188516333699,0.0843181908131,0.0405282601714,0.0201145783067,0.00978339463472,0.0041606859304,0.00134141056333,0.000219688183279,0.0000110020491775,0.0000177485999302],"dmean2":[0.0944273546338,1.83053004742,7.15534448624,23.5219955444,29.1440925598,23.9465141296,11.3413915634,10.2271108627,12.5129585266,16.103931427,27.6033687592,18.6495742798,52.5545463562,40.071849823,31.7326145172,55.4966392517,37.8367767334,9.91279029846,7.34749889374,18.5590648651,21.1222229004,20.4727058411,20.6870346069,12.1679754257,9.02358150482,5.10607719421,2.24885225296,1.45861065388,1.03483140469,0.544479370117,0.282878905535,0.125896438956,0.0608974099159,0.0303205195814,0.0148899322376,0.00624272087589,0.0020078564994,0.000329022412188,0.0000170562470885,0.0000285150144919],"dvar":[0.00934954918921,3.15248513222,61.7167816162,696.495300293,1367.8026123,931.876220703,164.388519287,142.272247314,236.387924194,433.811737061,2418.82470703,696.07409668,8464.97851563,3593.33325195,2272.99389648,10276.4765625,5316.40332031,222.073272705,104.295570374,807.273925781,1251.50183105,1135.01586914,671.313110352,198.706344604,107.115509033,41.7975730896,10.1161527634,5.00693559647,2.82387471199,0.819446861744,0.237192973495,0.0447917692363,0.0101234400645,0.00308097759262,0.000863899593242,0.000180191767868,0.0000230788409681,7.01248325186e-7,4.02692879042e-10,7.29893312457e-10],"dvar2":[0.0199061688036,6.65610599518,168.638061523,1914.64379883,3877.08691406,2629.01318359,433.394317627,339.702880859,579.711730957,1048.34655762,5611.37597656,1577.97363281,18696.2890625,8310.73535156,5026.79589844,21024.53125,11545.6923828,469.388031006,250.694412231,1878.42822266,2791.3190918,2594.46679688,1652.99023438,457.636810303,251.888214111,93.7942733765,22.7060489655,10.8601608276,6.09440422058,1.69874596596,0.494413882494,0.0900384038687,0.0210545379668,0.00645535578951,0.0018336311914,0.000377233751351,0.0000474882181152,0.00000146195714024,8.88336348925e-10,1.94268179321e-9],"max":[1.56477975845,30.312871933,146.924911499,414.666992188,682.963623047,397.879455566,289.464630127,262.137634277,339.151885986,479.966339111,1657.8470459,754.839233398,3200.40991211,1845.26672363,1080.91552734,3090.11108398,2253.23095703,582.030151367,578.339538574,917.25982666,1100.89782715,1175.14050293,607.227233887,516.961181641,258.32434082,211.069290161,89.9472198486,53.5543670654,41.4954605103,25.4068527222,13.8771877289,6.21144151688,2.16404604912,1.48636996746,0.803193569183,0.483946830034,0.126239314675,0.0256144069135,0.000542861118447,0.000443561933935],"mean":[0.12554371357,2.5019133091,6.26743555069,16.9525585175,15.6449098587,12.3732538223,8.25046348572,9.76432800293,12.5715312958,17.3141880035,31.3195781708,21.2252750397,63.3280601501,54.3628425598,41.1351509094,73.6725006104,47.1341934204,11.3205938339,8.69979095459,22.4027729034,26.541852951,25.7723274231,26.026550293,16.3874206543,11.6939783096,6.22021532059,2.0524764061,1.14330053329,0.764840841293,0.422648310661,0.224222913384,0.105695031583,0.0520234145224,0.0248686205596,0.0115068517625,0.0047440645285,0.00154093757737,0.000252769270446,0.0000237359836319,0.0000428846360592],"median":[0.0713305473328,1.44632780552,3.55750274658,9.56657981873,5.8912525177,3.09786319733,3.21283149719,3.79791688919,5.14117288589,7.6707649231,9.81766319275,8.92951393127,17.8812179565,18.5565490723,17.4393043518,25.0987434387,16.3849525452,5.39370584488,3.79962158203,8.42605400085,9.61337089539,10.5238075256,11.196685791,7.36237859726,5.28473329544,2.83530259132,0.802567899227,0.289721339941,0.161580383778,0.100581265986,0.0520891174674,0.0244995094836,0.0102616921067,0.00382918072864,0.0013752700761,0.000442971126176,0.0000997704410111,0.0000157869362738,0.0000182526637218,0.0000366385393136],"min":[1.12494533726e-21,7.17505510616e-21,5.4401581549e-20,8.39959583665e-20,3.09528348579e-19,1.13917788847e-19,6.07180916803e-19,4.49530838603e-19,7.39357140858e-19,7.6689998051e-19,4.41321794806e-19,1.2937162683e-18,2.441720329e-18,1.6887968574e-18,4.10860775691e-18,4.89305084235e-18,3.06906155018e-18,5.44720064139e-18,6.46746382048e-18,8.7034273148e-18,1.01126146879e-17,1.15601973035e-17,1.05590548178e-17,7.72538467495e-18,1.0541308485e-17,1.61158655758e-17,2.72450016913e-17,1.98960627772e-17,1.845085417e-17,1.77624430313e-17,1.75850872362e-17,1.15356548547e-17,1.28221729973e-17,1.22854295599e-17,9.64089343688e-18,6.13811317419e-18,3.10982004768e-18,1.0395008152e-18,3.2208828485e-19,3.52172178106e-20],"var":[0.0232838615775,8.77777385712,73.6036529541,631.285644531,1006.33880615,684.9609375,190.325317383,296.734680176,536.266479492,939.469726563,5674.7265625,1710.83996582,27505.9941406,15352.6318359,6940.0078125,30876.0566406,15006.9726563,503.275695801,274.159423828,2019.1730957,3333.25073242,3101.07543945,1545.29418945,564.245544434,293.375457764,98.412689209,16.4722290039,7.84606695175,4.160115242,1.17917847633,0.33685529232,0.0713898465037,0.0172410830855,0.00492406403646,0.00131005444564,0.000270092743449,0.0000351201197191,0.00000105518847704,6.68540889315e-10,1.01684272114e-9]},"erbbands_crest":{"dmean":2.81575679779,"dmean2":4.51931905746,"dvar":8.26584148407,"dvar2":19.6990642548,"max":33.8207054138,"mean":11.1874513626,"median":9.37602615356,"min":2.42315173149,"var":36.1853294373},"erbbands_flatness_db":{"dmean":0.027857625857,"dmean2":0.0384854190052,"dvar":0.000647190609016,"dvar2":0.00119417428505,"max":0.634014368057,"mean":0.246336892247,"median":0.2362447083,"min":0.0570814833045,"var":0.00463324366137},"erbbands_kurtosis":{"dmean":1.46696555614,"dmean2":2.33282208443,"dvar":8.44373226166,"dvar2":19.4582710266,"max":124.751693726,"mean":1.3504191637,"median":0.0352873280644,"min":-1.84542739391,"var":18.4978218079},"erbbands_skewness":{"dmean":0.44665324688,"dmean2":0.696106255054,"dvar":0.233792066574,"dvar2":0.548100352287,"max":7.56492137909,"mean":0.0695220753551,"median":-0.00719000771642,"min":-5.40290164948,"var":0.912483990192},"erbbands_spread":{"dmean":6.42408704758,"dmean2":9.96700954437,"dvar":46.1128044128,"dvar2":104.49596405,"max":101.932197571,"mean":25.183675766,"median":24.2618484497,"min":0.409843534231,"var":154.539047241},"gfcc":{"cov":[[7846.67089844,-1951.21972656,-630.20513916,1520.01672363,-203.481079102,369.011230469,-380.749298096,552.560546875,-498.675476074,35.4206008911,-288.923675537,226.506668091,-96.9341964722],[-1951.21972656,2183.71166992,709.039611816,-497.683807373,425.774078369,-160.283416748,371.482635498,-369.637207031,283.701660156,-205.763458252,188.584716797,-138.952011108,129.247970581],[-630.20513916,709.039611816,1106.12854004,173.860671997,64.4686279297,179.216400146,134.47328186,-109.425422668,117.359375,5.43490171432,-88.0086746216,-10.0660305023,45.9097862244],[1520.01672363,-497.683807373,173.860671997,841.023742676,61.8582687378,220.989532471,-64.7182006836,172.391693115,-40.0079917908,21.6813983917,-111.118148804,31.9287204742,14.254989624],[-203.481079102,425.774078369,64.4686279297,61.8582687378,410.248626709,36.9215202332,105.55039978,22.4220733643,60.6172218323,-49.2386131287,79.6416625977,-9.29576206207,42.6309890747],[369.011230469,-160.283416748,179.216400146,220.989532471,36.9215202332,252.045059204,62.6204185486,49.4104118347,-27.2193126678,24.3383789063,-35.7317237854,42.9757995605,4.64533424377],[-380.749298096,371.482635498,134.47328186,-64.7182006836,105.55039978,62.6204185486,231.113754272,5.99860239029,66.032623291,-53.1547241211,29.9734783173,-38.6884880066,23.725687027],[552.560546875,-369.637207031,-109.425422668,172.391693115,22.4220733643,49.4104118347,5.99860239029,259.362518311,9.23996925354,37.1244888306,-38.5203361511,15.2877569199,-21.578371048],[-498.675476074,283.701660156,117.359375,-40.0079917908,60.6172218323,-27.2193126678,66.032623291,9.23996925354,194.773864746,37.7382850647,23.2338123322,-55.7426528931,2.15914845467],[35.4206008911,-205.763458252,5.43490171432,21.6813983917,-49.2386131287,24.3383789063,-53.1547241211,37.1244888306,37.7382850647,141.985092163,27.7058601379,20.6008338928,-40.6167221069],[-288.923675537,188.584716797,-88.0086746216,-111.118148804,79.6416625977,-35.7317237854,29.9734783173,-38.5203361511,23.2338123322,27.7058601379,162.032928467,35.7218475342,9.31446552277],[226.506668091,-138.952011108,-10.0660305023,31.9287204742,-9.29576206207,42.9757995605,-38.6884880066,15.2877569199,-55.7426528931,20.6008338928,35.7218475342,131.633270264,45.1233673096],[-96.9341964722,129.247970581,45.9097862244,14.254989624,42.6309890747,4.64533424377,23.725687027,-21.578371048,2.15914845467,-40.6167221069,9.31446552277,45.1233673096,109.544563293]],"icov":[[0.000370929366909,-0.000588453316595,0.00058239675127,-0.000769785081502,0.000395090231905,-0.000303885055473,0.000279696425423,-0.0006093531847,0.000864799658302,-0.00050731364172,0.000762425363064,-0.000707770639565,0.000578706909437],[-0.000588453316595,0.00492219114676,-0.00333829200827,0.00223288103007,-0.00274513126351,0.00278345774859,-0.002480288269,0.00361854885705,-0.00390756456181,0.00476339226589,-0.00450277561322,0.0026239277795,-0.00187427352648],[0.00058239675127,-0.00333829200827,0.00391926895827,-0.00216142786667,0.00167597061954,-0.00232803891413,0.000649528403301,-0.00112739880569,0.00185259699356,-0.00385569292121,0.00479862326756,-0.00293406145647,0.00151098985225],[-0.000769785081502,0.00223288103007,-0.00216142786667,0.00411608768627,-0.00172875646967,-0.00087000138592,0.000868812086992,0.000467437115731,-0.00235527823679,0.00263840099797,-0.00233324198052,0.00289235869423,-0.00230021472089],[0.000395090231905,-0.00274513126351,0.00167597061954,-0.00172875646967,0.00528875505552,-0.00232146680355,0.00133374100551,-0.00293323257938,0.0013637955999,-0.00048889539903,-0.000451544736279,-0.000499376794323,0.000320587918395],[-0.000303885055473,0.00278345774859,-0.00232803891413,-0.00087000138592,-0.00232146680355,0.0105958385393,-0.00658103823662,0.00296161579899,0.00013138257782,-0.0011265919311,0.000446929683676,-0.00249086972326,0.000566450762562],[0.000279696425423,-0.002480288269,0.000649528403301,0.000868812086992,0.00133374100551,-0.00658103823662,0.0116650424898,-0.00457503460348,-0.000413525965996,0.00317947589792,-0.00214567012154,0.00312471808866,-0.000796662410721],[-0.0006093531847,0.00361854885705,-0.00112739880569,0.000467437115731,-0.00293323257938,0.00296161579899,-0.00457503460348,0.009451020509,-0.00412874203175,0.000942399958149,0.000234350794926,-0.00100935192313,0.000298186612781],[0.000864799658302,-0.00390756456181,0.00185259699356,-0.00235527823679,0.0013637955999,0.00013138257782,-0.000413525965996,-0.00412874203175,0.0133397551253,-0.00898548867553,0.00316215539351,0.00207635015249,-0.00107302772813],[-0.00050731364172,0.00476339226589,-0.00385569292121,0.00263840099797,-0.00048889539903,-0.0011265919311,0.00317947589792,0.000942399958149,-0.00898548867553,0.0197489168495,-0.00954233668745,0.000820346991532,0.00291157024913],[0.000762425363064,-0.00450277561322,0.00479862326756,-0.00233324198052,-0.000451544736279,0.000446929683676,-0.00214567012154,0.000234350794926,0.00316215539351,-0.00954233668745,0.0175351109356,-0.00913441739976,0.00361874513328],[-0.000707770639565,0.0026239277795,-0.00293406145647,0.00289235869423,-0.000499376794323,-0.00249086972326,0.00312471808866,-0.00100935192313,0.00207635015249,0.000820346991532,-0.00913441739976,0.0192434750497,-0.010331328027],[0.000578706909437,-0.00187427352648,0.00151098985225,-0.00230021472089,0.000320587918395,0.000566450762562,-0.000796662410721,0.000298186612781,-0.00107302772813,0.00291157024913,0.00361874513328,-0.010331328027,0.0166494175792]],"mean":[-62.2591323853,169.601226807,-140.801483154,25.8593349457,-31.5156784058,-0.036988850683,-11.7945203781,2.7143676281,-18.0233974457,-17.9163360596,-6.51986885071,-8.81063461304,-9.93139648438]},"hfc":{"dmean":5.42602682114,"dmean2":8.45681762695,"dvar":48.8935089111,"dvar2":115.344238281,"max":123.856735229,"mean":17.7822475433,"median":15.582403183,"min":1.122476415e-16,"var":175.808685303},"melbands":{"dmean":[0.000960422854405,0.0019635327626,0.00232460908592,0.00108289264608,0.000272174773272,0.000140496980748,0.00011552763317,0.000125747639686,0.000140272299177,0.0000770766055211,0.000174898639671,0.000114404188935,0.0000615153912804,0.0000954532879405,0.000111471759737,0.0000406518447562,0.0000087927091954,0.00000615168119111,0.0000155357047333,0.000020827183107,0.0000153435375978,0.0000152269276441,0.0000112793222797,0.0000137597917274,0.00000634225580143,0.00000412348754253,0.00000507196091348,0.00000178721984412,0.00000100816021131,7.30078340894e-7,5.09244102886e-7,4.24449495995e-7,2.60056197021e-7,1.85822514709e-7,1.20584473962e-7,6.82796681417e-8,4.61730351731e-8,3.06623348933e-8,2.15924718105e-8,1.5704989309e-8],"dmean2":[0.00141959136818,0.00315829319879,0.00404065195471,0.0019900763873,0.000476090790471,0.0002268688404,0.000187573270523,0.000202607538085,0.000222214614041,0.000123618578073,0.000273484154604,0.000180788789294,0.0000989897744148,0.000145048630657,0.000169991864823,0.0000633184681647,0.0000141600821735,0.00000987178100331,0.0000240050849243,0.0000330966722686,0.0000240369627136,0.0000237645799643,0.0000177478286787,0.0000218656823563,0.00000999497115117,0.00000655082385492,0.00000797179200163,0.000002807974397,0.00000158821728746,0.00000114119302452,7.92660046045e-7,6.58409987864e-7,3.98619306452e-7,2.83686091507e-7,1.83411387411e-7,1.03409284691e-7,7.03204392494e-8,4.68395384701e-8,3.30036407092e-8,2.39962751891e-8],"dvar":[0.00000200230579139,0.000010081428627,0.0000214132942347,0.00000660683690512,2.87360165885e-7,6.44928448423e-8,5.02091985766e-8,8.0810956149e-8,1.52771391981e-7,2.95848892051e-8,2.19688203629e-7,7.57079448022e-8,2.05315782154e-8,6.5402105065e-8,1.58439704023e-7,2.11980726306e-8,3.27136290279e-10,2.09931613759e-10,1.41321077063e-9,3.29461258275e-9,1.7993841972e-9,1.95695037952e-9,6.46289632922e-10,7.76930242363e-10,1.52428972222e-10,5.58225896063e-11,1.20777568502e-10,1.34353040845e-11,5.60521594417e-12,2.74101010986e-12,1.57515916543e-12,1.13836566042e-12,4.32376980357e-13,2.31702081566e-13,1.00415728792e-13,3.16337295172e-14,1.39616051061e-14,5.74634054736e-15,3.57617395034e-15,1.9944582942e-15],"dvar2":[0.00000408699634136,0.0000264080681518,0.000059253834479,0.0000187415298569,7.77548450515e-7,1.54729008273e-7,1.21649321727e-7,1.8838731819e-7,3.5749332028e-7,6.6561980816e-8,4.83457881728e-7,1.71414100691e-7,5.01125931862e-8,1.244424368e-7,3.14336688234e-7,4.21834407405e-8,7.77298059251e-10,4.97965446655e-10,2.94124435918e-9,7.81772868663e-9,3.90130150407e-9,4.2923939958e-9,1.50934176268e-9,1.87005610996e-9,3.4774175206e-10,1.32291733124e-10,2.73868011602e-10,2.97139882144e-11,1.30356489492e-11,6.32641074944e-12,3.47377096706e-12,2.53465434405e-12,9.17950394516e-13,5.01258594094e-13,2.17056380465e-13,6.46975081473e-14,2.94769871218e-14,1.24559201861e-14,7.73533696135e-15,4.3045816274e-15],"max":[0.0236677713692,0.0550074726343,0.0750963836908,0.0366088785231,0.00918853376061,0.00529383076355,0.00433124275878,0.00759978126734,0.0135723222047,0.00405947398394,0.0164214745164,0.00813055504113,0.00443330407143,0.00708665093407,0.0127775594592,0.00562817556784,0.000560692278668,0.000797148793936,0.0020013761241,0.00152181659359,0.00119008903857,0.00174867839087,0.000691448862199,0.000667946762405,0.000465289544081,0.000169986436958,0.000329743576003,0.00012643833179,0.000075449803262,0.0000449627332273,0.0000267838913715,0.0000250653720286,0.0000163591157616,0.000015518247892,0.00000907498542801,0.00000531061232323,0.00000342421890309,0.00000157148826929,0.00000175870854946,0.00000123263873775],"mean":[0.00194725161418,0.0034850621596,0.00285274093039,0.00100814760663,0.000319654296618,0.000222936738282,0.000194506443222,0.000217456152313,0.000255192280747,0.000132957589813,0.000329243543092,0.00023567743483,0.000114586437121,0.000192374514882,0.000199091329705,0.0000651168666082,0.0000136870776259,0.00000932831335376,0.0000278789320873,0.0000352975730493,0.0000283145836875,0.000026723197152,0.000022037398594,0.0000247993775702,0.0000118710831885,0.00000756334475227,0.00000901558269106,0.00000284190582533,0.00000131010278892,8.86674968115e-7,5.78982565003e-7,4.69050661422e-7,2.93841679877e-7,2.12753107576e-7,1.40265711934e-7,8.17479417492e-8,5.72600917792e-8,3.85616658605e-8,2.65476618466e-8,1.88322761829e-8],"median":[0.00107380340341,0.00238573877141,0.0015947005013,0.000284060311969,0.000128202227643,0.000087888300186,0.0000816804677015,0.0000823527225293,0.0000781934068073,0.0000491160244565,0.0000882028107299,0.0000709936284693,0.0000463944124931,0.0000552751371288,0.0000420950891566,0.0000202587507374,0.00000600122803007,0.00000342078647009,0.00000815809289634,0.0000103949560071,0.00000868048482516,0.00000922173785511,0.00000789446676208,0.00000887641363079,0.00000464346021545,0.00000298155123346,0.00000323390190715,0.00000113715941552,4.31570924775e-7,2.40373140059e-7,1.24621536202e-7,9.29956769369e-8,6.39226271915e-8,4.98928898196e-8,3.21032089801e-8,1.81711339309e-8,1.28044117531e-8,7.69614239005e-9,4.27639168521e-9,2.65627964069e-9],"min":[1.23874891056e-23,2.10760646468e-23,2.38648031205e-23,1.52628871051e-23,1.66562063681e-23,1.17847638752e-23,1.18198950068e-23,7.58807592429e-24,4.81783821102e-24,8.10969520951e-24,1.20399201462e-23,5.71984228043e-24,1.35971063295e-23,1.17233684087e-23,9.79667188874e-24,6.11251909525e-24,1.09637592547e-23,1.12316737731e-23,8.02682616027e-24,1.42950983471e-23,1.11146241697e-23,1.40292885096e-23,7.10660255939e-24,8.65979158455e-24,6.11370948636e-24,5.88396084746e-24,9.13341657229e-24,1.14306481592e-23,1.82956455003e-23,1.1426180051e-23,1.25465147866e-23,1.07590143511e-23,9.24675852943e-24,1.02246068417e-23,1.12980895504e-23,6.31247521877e-24,7.86052481512e-24,9.92229641017e-24,8.02050028468e-24,1.04803973568e-23],"var":[0.00000562910827284,0.0000155612870003,0.0000183693100553,0.0000046947343435,2.73746422863e-7,1.36976467502e-7,1.21314428725e-7,1.7931195373e-7,3.96314362661e-7,7.66573293731e-8,7.38686367185e-7,3.21427194194e-7,5.04457844386e-8,2.53238539472e-7,4.17932653818e-7,4.53902160302e-8,6.82919665262e-10,4.5247663949e-10,4.88716223046e-9,6.53341913903e-9,4.86702189662e-9,4.82503459409e-9,1.92471549809e-9,1.59205704175e-9,3.75531328256e-10,1.39584885317e-10,2.77853295927e-10,2.55388505482e-11,8.20415870656e-12,4.102956256e-12,2.35766983193e-12,1.62903067771e-12,6.10562056642e-13,3.08252745161e-13,1.34768864363e-13,4.64678344631e-14,2.12851756348e-14,9.32782751186e-15,5.47804032022e-15,3.00590944212e-15]},"melbands_crest":{"dmean":3.30409550667,"dmean2":5.47122526169,"dvar":9.72799015045,"dvar2":25.0607357025,"max":35.5425033569,"mean":15.0537643433,"median":14.2965717316,"min":2.18572402,"var":23.0335407257},"melbands_flatness_db":{"dmean":0.0428442247212,"dmean2":0.0608287639916,"dvar":0.00147515244316,"dvar2":0.0028682963457,"max":0.698895156384,"mean":0.310694813728,"median":0.29676681757,"min":0.00454220874235,"var":0.0095424503088},"melbands_kurtosis":{"dmean":6.38210391998,"dmean2":10.2499752045,"dvar":97.3089523315,"dvar2":237.593048096,"max":200.009719849,"mean":9.99112224579,"median":5.75106096268,"min":-1.89156711102,"var":191.898284912},"melbands_skewness":{"dmean":0.794749379158,"dmean2":1.23059511185,"dvar":0.606087625027,"dvar2":1.46483957767,"max":11.450258255,"mean":2.3116350174,"median":2.23056817055,"min":-2.85668706894,"var":2.13793063164},"melbands_spread":{"dmean":5.58073949814,"dmean2":8.62668800354,"dvar":45.8545837402,"dvar2":105.188163757,"max":144.073989868,"mean":17.5240840912,"median":14.5818805695,"min":0.278584629297,"var":174.592559814},"mfcc":{"cov":[[6290.05078125,-1547.37402344,-892.402404785,1077.52526855,19.0950431824,3.37635064125,83.5344390869,297.287902832,-67.7953567505,-14.2157249451,-192.169219971,-91.9969406128,10.2145395279],[-1547.37402344,2008.5090332,459.285003662,-242.563339233,163.090774536,107.827835083,119.927055359,-4.19324922562,43.4681663513,-44.1374893188,42.1872749329,-2.14164471626,2.65685844421],[-892.402404785,459.285003662,1018.6630249,17.2094650269,43.6416358948,262.50378418,-6.41408109665,-30.0193881989,145.69291687,21.1487617493,43.710899353,-18.3726291656,-82.0129241943],[1077.52526855,-242.563339233,17.2094650269,572.300292969,175.97718811,105.415504456,60.7423095703,118.988632202,82.6010360718,69.2181243896,-25.166683197,-20.6709690094,0.548294901848],[19.0950431824,163.090774536,43.6416358948,175.97718811,291.487487793,73.5184020996,61.2988586426,57.10754776,43.0922584534,22.6503639221,0.434695959091,15.618637085,48.7490692139],[3.37635064125,107.827835083,262.50378418,105.415504456,73.5184020996,254.650924683,65.6862869263,30.8923931122,54.9319190979,0.215908199549,-1.25251638889,-5.05846452713,-18.8670520782],[83.5344390869,119.927055359,-6.41408109665,60.7423095703,61.2988586426,65.6862869263,187.959716797,105.038948059,14.0097475052,6.23708772659,-5.17989826202,-0.958457410336,8.09455776215],[297.287902832,-4.19324922562,-30.0193881989,118.988632202,57.10754776,30.8923931122,105.038948059,172.305892944,65.0698699951,27.3098201752,-11.8262357712,-2.89717340469,3.85794019699],[-67.7953567505,43.4681663513,145.69291687,82.6010360718,43.0922584534,54.9319190979,14.0097475052,65.0698699951,148.904434204,79.2230300903,18.8867549896,-10.7156333923,-30.4228401184],[-14.2157249451,-44.1374893188,21.1487617493,69.2181243896,22.6503639221,0.215908199549,6.23708772659,27.3098201752,79.2230300903,132.357772827,62.2436447144,14.2557783127,-11.8994169235],[-192.169219971,42.1872749329,43.710899353,-25.166683197,0.434695959091,-1.25251638889,-5.17989826202,-11.8262357712,18.8867549896,62.2436447144,115.19317627,65.6763000488,13.6774711609],[-91.9969406128,-2.14164471626,-18.3726291656,-20.6709690094,15.618637085,-5.05846452713,-0.958457410336,-2.89717340469,-10.7156333923,14.2557783127,65.6763000488,112.355102539,65.9328460693],[10.2145395279,2.65685844421,-82.0129241943,0.548294901848,48.7490692139,-18.8670520782,8.09455776215,3.85794019699,-30.4228401184,-11.8994169235,13.6774711609,65.9328460693,121.618873596]],"icov":[[0.000369629240595,0.000106426945422,0.000258408545051,-0.000725897203665,0.00033298190101,-0.000166826503119,0.000164009150467,-0.000415515620261,0.00030894271913,0.000216738844756,0.0000482499526697,0.00011293971329,0.0000189071943169],[0.000106426945422,0.000756607681978,-0.000230677673244,0.000263244437519,-0.000502001959831,0.000121302138723,-0.000537450367119,0.0000446406556875,-0.000174947650521,0.000531537632924,-0.000461928517325,0.000428668805398,-0.000100017365185],[0.000258408545051,-0.000230677673244,0.00206637498923,-0.000548888696358,0.000409009982832,-0.00171501270961,0.000477116380353,0.000550720782485,-0.00166371045634,0.00112668948714,-0.000827884592582,0.000157425703947,0.00060185539769],[-0.000725897203665,0.000263244437519,-0.000548888696358,0.00452072871849,-0.00232032942586,-0.000639385718387,0.000161663381732,-0.000727977603674,-0.000160313997185,-0.00204965448938,0.00089954433497,0.0000740122777643,0.000125974591356],[0.00033298190101,-0.000502001959831,0.000409009982832,-0.00232032942586,0.00585914030671,-0.000846223207191,-0.000451578875072,-0.000115323782666,-0.000691639492288,0.000137373863254,0.000140484204167,0.00037907686783,-0.00255771446973],[-0.000166826503119,0.000121302138723,-0.00171501270961,-0.000639385718387,-0.000846223207191,0.00711535196751,-0.00289526721463,0.00155694701243,-0.00172848498914,0.0017328230897,0.0000779396068538,-0.000895206350833,0.000657779455651],[0.000164009150467,-0.000537450367119,0.000477116380353,0.000161663381732,-0.000451578875072,-0.00289526721463,0.0105913151056,-0.00739266024902,0.00406330451369,-0.00162310863379,-0.000209181162063,0.000746252015233,0.0000570043812331],[-0.000415515620261,0.0000446406556875,0.000550720782485,-0.000727977603674,-0.000115323782666,0.00155694701243,-0.00739266024902,0.0140307033435,-0.00763812335208,0.00189761340152,0.00113252992742,-0.00143549370114,-0.000330854731146],[0.00030894271913,-0.000174947650521,-0.00166371045634,-0.000160313997185,-0.000691639492288,-0.00172848498914,0.00406330451369,-0.00763812335208,0.0177525337785,-0.00992948934436,0.00282040098682,-0.000086758263933,0.00203673169017],[0.000216738844756,0.000531537632924,0.00112668948714,-0.00204965448938,0.000137373863254,0.0017328230897,-0.00162310863379,0.00189761340152,-0.00992948934436,0.0191200431436,-0.0111505556852,0.00332961603999,-0.000163386488566],[0.0000482499526697,-0.000461928517325,-0.000827884592582,0.00089954433497,0.000140484204167,0.0000779396068538,-0.000209181162063,0.00113252992742,0.00282040098682,-0.0111505556852,0.0224074851722,-0.0135976932943,0.00384369934909],[0.00011293971329,0.000428668805398,0.000157425703947,0.0000740122777643,0.00037907686783,-0.000895206350833,0.000746252015233,-0.00143549370114,-0.000086758263933,0.00332961603999,-0.0135976932943,0.0227033086121,-0.0106827570125],[0.0000189071943169,-0.000100017365185,0.00060185539769,0.000125974591356,-0.00255771446973,0.000657779455651,0.0000570043812331,-0.000330854731146,0.00203673169017,-0.000163386488566,0.00384369934909,-0.0106827570125,0.0156148998067]],"mean":[-696.323242188,187.416732788,-27.7707519531,32.0320167542,2.52093791962,2.46026659012,11.9066257477,18.2046756744,-0.687045037746,-1.09945762157,-2.59348320961,1.81047654152,2.94248604774]},"pitch_salience":{"dmean":0.0830956250429,"dmean2":0.136051148176,"dvar":0.00597740337253,"dvar2":0.0154485451058,"max":0.84949618578,"mean":0.492850124836,"median":0.484934687614,"min":0.0576042979956,"var":0.0133618442342},"silence_rate_20dB":{"dmean":0,"dmean2":0,"dvar":0,"dvar2":0,"max":1,"mean":1,"median":1,"min":1,"var":0},"silence_rate_30dB":{"dmean":0.0257913246751,"dmean2":0.0515858307481,"dvar":0.0251289214939,"dvar2":0.0616376847029,"max":1,"mean":0.97852909565,"median":1,"min":0,"var":0.0210080929101},"silence_rate_60dB":{"dmean":0.010736101307,"dmean2":0.0214735288173,"dvar":0.0106218568981,"dvar2":0.0260691251606,"max":1,"mean":0.0206071082503,"median":0,"min":0,"var":0.0201848596334},"spectral_centroid":{"dmean":223.699432373,"dmean2":341.343536377,"dvar":65140.1132813,"dvar2":142263.109375,"max":10624.2744141,"mean":1016.94219971,"median":930.215454102,"min":137.957290649,"var":341163.03125},"spectral_complexity":{"dmean":3.70691680908,"dmean2":5.69036149979,"dvar":14.6879024506,"dvar2":31.4485492706,"max":56,"mean":16.8260116577,"median":15,"min":0,"var":76.0681304932},"spectral_contrast_coeffs":{"dmean":[0.0648416057229,0.0509620271623,0.0442422367632,0.0406467393041,0.0319073908031,0.0291549451649],"dmean2":[0.107734948397,0.0828834697604,0.0714283660054,0.0645196884871,0.050265673548,0.0469223596156],"dvar":[0.00326816970482,0.00177480641287,0.00140674260911,0.00121825526003,0.000807413482107,0.000675609975588],"dvar2":[0.00882238987833,0.00452435249463,0.00340539356694,0.00284154433757,0.00190845446195,0.00178620091174],"max":[-0.229697421193,-0.270496845245,-0.391158521175,-0.384880810976,-0.503190159798,-0.574290633202],"mean":[-0.609628498554,-0.743114113808,-0.75164681673,-0.749933719635,-0.762705504894,-0.733011305332],"median":[-0.615071058273,-0.757982671261,-0.766253829002,-0.759086370468,-0.764354884624,-0.729088783264],"min":[-0.950456738472,-0.956229567528,-0.966375946999,-0.960349738598,-0.956699550152,-0.95802885294],"var":[0.00668615335599,0.0069251419045,0.00673839170486,0.00554269831628,0.004061056301,0.00160461850464]},"spectral_contrast_valleys":{"dmean":[0.482811063528,0.459906220436,0.437672525644,0.463431328535,0.510456621647,0.578644871712],"dmean2":[0.753443717957,0.728005051613,0.690921008587,0.699399888515,0.727255344391,0.784020960331],"dvar":[0.16362683475,0.155694022775,0.154771223664,0.161976367235,0.231955692172,0.266664266586],"dvar2":[0.373983055353,0.354610681534,0.348418802023,0.352925658226,0.448457211256,0.506304085255],"max":[-5.11563968658,-4.46046733856,-4.97479772568,-5.56038570404,-5.73867893219,-9.16968631744],"mean":[-7.19591808319,-6.75421333313,-7.12198877335,-7.97991323471,-8.18193817139,-12.2364645004],"median":[-6.96712589264,-6.66191768646,-7.04625415802,-7.86156177521,-7.97584867477,-12.0910606384],"min":[-27.2753314972,-27.4007434845,-27.1286869049,-27.3904705048,-27.2988853455,-27.2690963745],"var":[1.3662520647,0.643885910511,0.698879480362,0.763144850731,1.45569765568,1.67726683617]},"spectral_decrease":{"dmean":4.13406642252e-9,"dmean2":6.66216903866e-9,"dvar":4.13181348182e-17,"dvar2":1.10265729987e-16,"max":-4.32247080126e-29,"mean":-9.5392040933e-9,"median":-7.94147769767e-9,"min":-1.0382419191e-7,"var":5.5619816294e-17},"spectral_energy":{"dmean":0.0160005837679,"dmean2":0.025765221566,"dvar":0.000610091665294,"dvar2":0.001627144753,"max":0.401137202978,"mean":0.0376160219312,"median":0.0316588692367,"min":1.03443265373e-20,"var":0.000830426521134},"spectral_energyband_high":{"dmean":0.0000771945851739,"dmean2":0.000115916292998,"dvar":2.91132504771e-8,"dvar2":6.02536189831e-8,"max":0.00427116779611,"mean":0.000105540049844,"median":0.0000364051666111,"min":7.50823683299e-21,"var":4.95705023695e-8},"spectral_energyband_low":{"dmean":0.00987627636641,"dmean2":0.0156243406236,"dvar":0.000233332146308,"dvar2":0.000605753622949,"max":0.227971762419,"mean":0.0187807865441,"median":0.0140614714473,"min":1.17013038114e-22,"var":0.000377952062991},"spectral_energyband_middle_high":{"dmean":0.00240848236717,"dmean2":0.00370197859593,"dvar":0.0000167386115209,"dvar2":0.0000353704526788,"max":0.0931983441114,"mean":0.00781417265534,"median":0.00546803046018,"min":1.3955823345e-21,"var":0.0000785235824878},"spectral_energyband_middle_low":{"dmean":0.0102208089083,"dmean2":0.0177207943052,"dvar":0.000380915007554,"dvar2":0.00105792644899,"max":0.335771054029,"mean":0.0153775811195,"median":0.0101831927896,"min":3.67957492322e-22,"var":0.00032983024721},"spectral_entropy":{"dmean":0.28558036685,"dmean2":0.416156977415,"dvar":0.0733997672796,"dvar2":0.144845068455,"max":9.78688716888,"mean":6.88330411911,"median":6.95972108841,"min":3.59424901009,"var":0.335198998451},"spectral_flux":{"dmean":0.0396631471813,"dmean2":0.0630808472633,"dvar":0.00203687697649,"dvar2":0.00388306495734,"max":0.527628839016,"mean":0.10034392029,"median":0.0869809091091,"min":1.01707059441e-10,"var":0.00376605079509},"spectral_kurtosis":{"dmean":10.0427055359,"dmean2":16.5162792206,"dvar":253.401657104,"dvar2":598.331420898,"max":295.883636475,"mean":15.9110469818,"median":8.10068511963,"min":-1.1676877737,"var":541.295532227},"spectral_rms":{"dmean":0.00118200294673,"dmean2":0.00182780402247,"dvar":0.00000202808610084,"dvar2":0.00000514164821652,"max":0.0197826530784,"mean":0.00567011395469,"median":0.00555758085102,"min":3.17679498159e-12,"var":0.00000454820383311},"spectral_rolloff":{"dmean":272.819732666,"dmean2":453.254547119,"dvar":175216.0625,"dvar2":375514.03125,"max":18755.4199219,"mean":945.346557617,"median":839.794921875,"min":43.06640625,"var":476993.8125},"spectral_skewness":{"dmean":0.734109520912,"dmean2":1.18969833851,"dvar":0.833052158356,"dvar2":1.99137818813,"max":13.2412090302,"mean":2.21429729462,"median":1.67672944069,"min":0.0263314414769,"var":2.28116869926},"spectral_spread":{"dmean":419962.90625,"dmean2":609049.4375,"dvar":237629816832,"dvar2":394260480000,"max":39210188,"mean":2336320.75,"median":2297114,"min":326936.625,"var":719090024448},"spectral_strongpeak":{"dmean":0.608701169491,"dmean2":1.04023647308,"dvar":1.39068579674,"dvar2":3.36466169357,"max":15.1000823975,"mean":1.17237985134,"median":0.517461776733,"min":0,"var":2.95657444},"zerocrossingrate":{"dmean":0.00599946919829,"dmean2":0.0070969206281,"dvar":0.0000577853970753,"dvar2":0.0000883274333319,"max":0.50146484375,"mean":0.0349545255303,"median":0.0322265625,"min":0.00146484375,"var":0.000374349241611}},"metadata":{"audio_properties":{"analysis_sample_rate":44100,"bit_rate":126742,"codec":"aac","downmix":"mix","equal_loudness":0,"length":376.325805664,"lossless":false,"md5_encoded":"6a536ae3e613688770949ff5a4f3d6a7","replay_gain":-7.78477287292,"sample_rate":44100},"tags":{"album":["Nine to the Universe"],"albumartistsort":["Hendrix, Jimi"],"artist":["Jimi Hendrix"],"artistsort":["Hendrix, Jimi"],"barcode":["075992229913"],"catalognumber":["HS 2299"],"date":["1980"],"discnumber":["1/1"],"file_name":"05. Drone Blues_6-20.m4a","genre":["Rock"],"label":["Reprise Records"],"language":["English"],"media":["12\" Vinyl"],"musicbrainz_albumartistid":["06fb1c8b-566e-4cb2-985b-b467c90781d4"],"musicbrainz_albumid":["4e40416f-10a6-4b9a-94bd-9fa807a5e7ff"],"musicbrainz_artistid":["06fb1c8b-566e-4cb2-985b-b467c90781d4"],"musicbrainz_recordingid":["45a229d4-9185-4862-85d1-04b931d5e7bf"],"musicbrainz_releasegroupid":["d779da07-606c-3818-a485-bea4a96c2eae"],"producer":["Alan Douglas"],"script":["Latin"],"title":["Drone Blues"],"tracknumber":["5/5"]},"version":{"essentia":"2.1-beta2","essentia_build_sha":"2d9f1f26377add8aeb1075a9c2973f962c4f09fd","essentia_git_sha":"v2.1_beta2-1-ge3940c0","extractor":"music 1.0"}},"rhythm":{"beats_count":652,"beats_loudness":{"dmean":0.0215580388904,"dmean2":0.0368983820081,"dvar":0.000401163008064,"dvar2":0.00123922363855,"max":0.203774288297,"mean":0.0452092513442,"median":0.0414398908615,"min":0.0000563674584555,"var":0.000615567550994},"beats_loudness_band_ratio":{"dmean":[0.177672326565,0.0727069079876,0.105507597327,0.126723945141,0.0504612028599,0.0178757756948],"dmean2":[0.3151011765,0.128068014979,0.18703943491,0.224816009402,0.0886270329356,0.0334115736187],"dvar":[0.0252717565745,0.00533279590309,0.0211248993874,0.0229498948902,0.00536971027032,0.000646558823064],"dvar2":[0.0756312534213,0.0155935753137,0.0624258182943,0.065126843750