{"lowlevel":{"average_loudness":0.662640571594,"barkbands":{"dmean":[0.0000417613664467,0.00100096524693,0.000414076464949,0.000390257308027,0.000444857112598,0.000361217418686,0.000278336403426,0.000279105413938,0.000540720648132,0.000408049789257,0.000259996741079,0.000230941441259,0.000218833476538,0.000370342633687,0.000268045638222,0.000210463258554,0.000214182859054,0.000171062463778,0.000289437215542,0.000213739214814,0.000161985852174,0.000115702277981,0.000123787773191,0.000139575917274,0.0000877313941601,0.00000712995006324,5.78723629019e-8],"dmean2":[0.000070282832894,0.00164695212152,0.000685248232912,0.000627214962151,0.000717385031749,0.000551816308871,0.000427038641647,0.000410523993196,0.000788852572441,0.000578071805649,0.000375684001483,0.000341709790519,0.000317115162034,0.00054860644741,0.000386906292988,0.000324001972331,0.000327031157212,0.000267752737273,0.000438892602688,0.000312762887916,0.00023503540433,0.000171105115442,0.000182601957931,0.000208997182199,0.000134647605591,0.0000107232999653,8.60533404534e-8],"dvar":[6.041241285e-9,0.00000272864190265,4.85252883209e-7,8.46371847274e-7,6.76076524542e-7,5.18160845786e-7,5.82309553465e-7,6.9108500611e-7,0.00000379302969122,0.00000172905731688,0.00000102370688637,7.9004695408e-7,6.39055429019e-7,0.00000158785792337,8.97219138096e-7,2.54458768723e-7,3.70382480241e-7,2.44853424647e-7,5.54271082365e-7,2.40062149715e-7,1.32961176291e-7,1.08947340038e-7,2.08467668017e-7,6.10405834323e-7,3.44025494314e-7,1.16193887845e-9,3.71344631206e-14],"dvar2":[1.56573864984e-8,0.00000727834230929,0.0000012687768276,0.00000194336666937,0.0000015957357391,0.00000117933359434,0.00000129077250222,0.00000128140652578,0.00000733122033125,0.00000311377129947,0.00000180176641607,0.00000167968551068,0.00000110280609533,0.00000303735509988,0.00000149310073994,5.70607085137e-7,8.24701430702e-7,5.2410769058e-7,0.00000107504990865,4.35138247212e-7,2.56905394735e-7,2.28970122862e-7,4.74868926403e-7,0.00000122046208162,8.06121477126e-7,2.55146326289e-9,8.13830610975e-14],"max":[0.00158005510457,0.020037388429,0.00797984749079,0.0195453986526,0.0192778278142,0.0150092691183,0.0204707812518,0.0400652624667,0.0392599999905,0.0427561253309,0.0448211021721,0.0299538224936,0.0315527170897,0.0372431054711,0.0371826440096,0.0124133350328,0.0164745580405,0.0187316518277,0.0292926095426,0.0176031216979,0.0127186933532,0.0112867467105,0.0119680380449,0.0272131320089,0.0239081867039,0.0012440669816,0.00000689067928761],"mean":[0.0000516299187439,0.00173094763886,0.000788011355326,0.000574893434532,0.000764217285905,0.000727204082068,0.00060689257225,0.000562025234103,0.000990185071714,0.000780925038271,0.00058701535454,0.000386054016417,0.000392360409023,0.000612520379946,0.00053150911117,0.000363083498087,0.00039925792953,0.000341041450156,0.000577485130634,0.000472547864774,0.000348851986928,0.000226957272389,0.000219095149077,0.000227910088142,0.000128975778352,0.0000110663659143,1.0207400436e-7],"median":[0.0000174471479113,0.00118145556189,0.000360991165508,0.000222499191295,0.000318417849485,0.00024903198937,0.000133107998408,0.000109112246719,0.0000910863891477,0.000099608238088,0.0000682212194079,0.0000822978181532,0.0000564971669519,0.000107902116724,0.0000959664248512,0.000121498778753,0.000129487278173,0.000132586079417,0.000197908986593,0.000179129070602,0.000146464299178,0.000102281279396,0.0000740839313949,0.0000396941686631,0.0000186288707482,0.00000219528374146,4.53636062048e-8],"min":[4.44350864918e-26,2.08874590484e-24,7.51075897671e-25,7.59738194382e-26,6.76879102053e-24,4.30410516827e-24,6.14757094628e-24,7.19163624295e-24,9.27748466169e-24,1.36867209284e-23,1.53870680111e-23,2.19135714486e-23,2.70469197063e-23,4.38931232234e-23,3.12243673398e-23,5.41801912827e-23,5.57332501458e-23,9.93565324525e-23,1.22537386857e-22,1.62009058303e-22,2.16072460306e-22,2.70280457358e-22,3.30713816508e-22,5.76016388008e-22,8.15830406118e-22,1.24705010017e-21,2.02371978488e-21],"var":[7.98002020019e-9,0.00000392444644604,0.00000102854926354,0.00000160873889854,0.00000182525104719,0.00000164415553172,0.00000271061890089,0.00000267581913249,0.0000111240760816,0.00000691428613209,0.00000705172578819,0.0000017810002646,0.00000207176503864,0.00000414338501287,0.00000394928702008,5.93133336224e-7,9.50166395342e-7,7.10789265668e-7,0.00000149952859374,9.49698574004e-7,4.24208309369e-7,1.9839160359e-7,3.8002710312e-7,0.00000127341775169,5.03177432165e-7,2.18390794338e-9,5.65485836325e-14]},"barkbands_crest":{"dmean":2.36204171181,"dmean2":3.77036547661,"dvar":5.33857774734,"dvar2":13.3585071564,"max":23.8911876678,"mean":8.97080993652,"median":8.04570674896,"min":2.13198161125,"var":15.6941614151},"barkbands_flatness_db":{"dmean":0.0160388927907,"dmean2":0.0243092887104,"dvar":0.000261339358985,"dvar2":0.000578293635044,"max":0.33174020052,"mean":0.108045510948,"median":0.101636864245,"min":0.0341272428632,"var":0.00144642533269},"barkbands_kurtosis":{"dmean":1.63874137402,"dmean2":2.50885820389,"dvar":15.3640003204,"dvar2":34.0975112915,"max":117.631202698,"mean":1.72448670864,"median":-0.212331652641,"min":-1.92191171646,"var":49.3816299438},"barkbands_skewness":{"dmean":0.444039195776,"dmean2":0.652837753296,"dvar":0.264242231846,"dvar2":0.530249655247,"max":9.75434494019,"mean":0.806637883186,"median":0.634921908379,"min":-4.6432929039,"var":1.67431509495},"barkbands_spread":{"dmean":7.22080087662,"dmean2":10.9516096115,"dvar":67.9542007446,"dvar2":151.10067749,"max":137.528686523,"mean":35.0434989929,"median":32.8714904785,"min":1.50127494335,"var":287.802459717},"dissonance":{"dmean":0.0132077317685,"dmean2":0.0218360200524,"dvar":0.000193047555513,"dvar2":0.000516107014846,"max":0.499994784594,"mean":0.471350610256,"median":0.47710776329,"min":0.324315667152,"var":0.00047464450472},"dynamic_complexity":4.57505941391,"erbbands":{"dmean":[0.028496388346,0.235657274723,0.467084944248,0.904169082642,1.37868797779,1.56230914593,2.09441447258,3.17357063293,3.84727525711,4.67798519135,6.51503658295,11.0931921005,13.9202318192,11.0113124847,9.87456607819,9.20109176636,8.56743526459,17.6045436859,14.5508766174,11.6500034332,10.6821126938,10.1048078537,7.8659863472,11.569767952,14.0784778595,10.1138925552,6.65190601349,6.3081741333,4.41412448883,3.30552577972,3.71636128426,3.16913938522,2.30384778976,1.36366462708,0.402931571007,0.0735030397773,0.0064919362776,0.000353161129169,0.0000195911015908,0.0000063625598159],"dmean2":[0.0476659797132,0.390664696693,0.780593037605,1.44162428379,2.2492814064,2.47168540955,3.13808774948,4.89132499695,5.96480941772,6.66536903381,9.52157115936,16.3346157074,19.4139118195,15.8732070923,14.218583107,13.8138074875,12.2953958511,25.966676712,20.2368221283,16.9512844086,16.0400409698,15.064198494,11.9282236099,17.8582897186,20.840089798,14.8334465027,9.70694923401,9.14052581787,6.48611545563,4.92426872253,5.51750278473,4.77430343628,3.25299358368,2.08364295959,0.608043789864,0.112017430365,0.00955410953611,0.000504485331476,0.0000275004222203,0.00000870821531862],"dvar":[0.00224528019316,0.161989405751,0.642881035805,3.5372531414,7.4785823822,11.6528406143,20.3938179016,48.9481544495,104.437149048,147.710769653,468.556854248,2012.12524414,1984.43518066,1599.09484863,1110.02368164,1568.03503418,677.149536133,3637.60327148,2736.09790039,1057.90734863,789.867553711,790.417053223,554.953674316,703.413513184,1464.70935059,536.300109863,230.83052063,226.096679688,153.10723877,129.34854126,207.15864563,273.537689209,213.145233154,96.2113342285,4.87008571625,0.163978248835,0.000820790242869,0.00000211883343582,6.32561247826e-9,2.49863463253e-10],"dvar2":[0.00599854532629,0.433611541986,1.73354816437,8.51708602905,18.2935523987,26.5515289307,47.0341720581,111.833503723,240.045089722,268.473114014,884.515563965,4420.34619141,3225.44311523,3107.40161133,2020.69030762,3508.0456543,1309.07299805,7242.60253906,4497.68457031,1927.39697266,1641.2923584,1701.05908203,1121.93139648,1448.00378418,2887.41894531,992.720703125,469.610107422,465.330505371,324.915374756,278.511657715,491.010528564,662.385192871,378.264923096,226.260070801,11.1446456909,0.382116466761,0.00171633425634,0.00000414701526097,1.3255420761e-8,5.11930053904e-10],"max":[0.513894557953,4.76836776733,9.42363166809,35.2640190125,39.5736122131,109.247543335,100.519561768,155.448577881,227.77381897,453.142700195,923.382019043,952.873779297,1843.28320312,1247.21435547,1325.46459961,1441.51904297,735.251831055,1437.55969238,1942.41931152,1758.37353516,890.816589355,921.016113281,824.526611328,651.465515137,1296.19824219,775.259216309,531.758666992,483.338989258,426.407165527,432.381866455,357.343353271,497.443145752,634.091430664,442.633758545,59.9330101013,13.1593017578,0.917849183083,0.0591636672616,0.00231961184181,0.000393623515265],"mean":[0.04474459216,0.405912190676,0.902199029922,1.54029929638,2.0434782505,2.66546106339,4.1737279892,6.2400727272,7.51026439667,10.8430156708,13.7649965286,19.7274188995,28.3693561554,24.7653942108,21.2944107056,16.0553092957,16.6815681458,31.8306465149,29.0686092377,24.2908878326,20.8492717743,20.8407344818,17.3847732544,24.1227760315,30.5117874146,24.2274589539,14.4888238907,13.2047328949,8.66767597198,6.07492923737,6.48222398758,5.05958127975,3.56075835228,1.99064540863,0.603494226933,0.112102068961,0.0109688006341,0.000679036660586,0.0000445215591753,0.0000219939320232],"median":[0.0276928581297,0.278368294239,0.515318512917,0.735904276371,0.881181776524,0.936283826828,1.38222694397,1.94757759571,2.19647955894,2.56313514709,2.60644578934,2.42364215851,3.62053060532,3.82939481735,3.78704166412,3.89251041412,3.62585496902,6.06201410294,5.88911104202,6.71533060074,7.74405860901,7.40688896179,7.55019521713,9.89940834045,10.1457958221,9.13465118408,6.62680435181,5.44402503967,3.92764115334,2.51189923286,2.16889286041,1.05301570892,0.536947369576,0.263122290373,0.0977817848325,0.0194774866104,0.00265848170966,0.000228488002904,0.0000202340743272,0.0000150290034071],"min":[1.17784985842e-22,6.29513173312e-22,1.12982390553e-21,2.59698280852e-21,1.49949298116e-20,1.80802537197e-20,5.15858135075e-20,7.21273447554e-20,7.53361980713e-20,1.18408965982e-19,3.40630934147e-19,2.29691770988e-19,3.81054009912e-19,4.18785517511e-19,9.70911412393e-19,9.49588557357e-19,1.53545070333e-18,1.86437638557e-18,2.31214021129e-18,3.0692912996e-18,3.42822647408e-18,3.46501429785e-18,5.93340582492e-18,6.75627269058e-18,6.93006044215e-18,7.88677671144e-18,9.46307690214e-18,1.17366117671e-17,9.7950186917e-18,9.04322732017e-18,9.39724656027e-18,9.45801538398e-18,9.34934204946e-18,8.28106806685e-18,5.58494813367e-18,4.22516784498e-18,2.26153723052e-18,1.02886306572e-18,2.42615278987e-19,2.81720074424e-20],"var":[0.00295971264131,0.226354300976,1.14948403835,6.38018941879,12.8087568283,37.7124710083,71.1732177734,147.861083984,283.351654053,1031.01757812,1728.1427002,4442.06689453,8326.64160156,6691.22314453,5608.37695312,3136.47802734,2216.54833984,10214.1806641,10572.9511719,4713.85205078,1863.70654297,2310.05224609,1849.33557129,1930.3527832,4386.30712891,2605.81298828,718.732543945,566.248657227,279.488708496,211.73500061,366.089324951,422.377868652,460.211151123,134.13420105,8.64156341553,0.273021548986,0.00168731913436,0.00000432609249401,1.29257076154e-8,7.64553809152e-10]},"erbbands_crest":{"dmean":2.50500893593,"dmean2":3.97949957848,"dvar":6.28830099106,"dvar2":14.8425168991,"max":29.369310379,"mean":8.7933177948,"median":7.71916341782,"min":2.40147256851,"var":19.871679306},"erbbands_flatness_db":{"dmean":0.0142878768966,"dmean2":0.0205518081784,"dvar":0.000197855537408,"dvar2":0.000372872164007,"max":0.305101335049,"mean":0.152219191194,"median":0.147923231125,"min":0.0559553094208,"var":0.00126314209774},"erbbands_kurtosis":{"dmean":0.848470211029,"dmean2":1.28702175617,"dvar":2.72829246521,"dvar2":5.38311719894,"max":56.9275436401,"mean":0.297755300999,"median":-0.280847787857,"min":-1.85972046852,"var":8.49447822571},"erbbands_skewness":{"dmean":0.335291743279,"dmean2":0.489887923002,"dvar":0.123654857278,"dvar2":0.243056237698,"max":3.25451755524,"mean":-0.185913860798,"median":-0.211467713118,"min":-5.69853115082,"var":0.755696117878},"erbbands_spread":{"dmean":8.32392597198,"dmean2":12.5847949982,"dvar":89.3215332031,"dvar2":193.729537964,"max":168.260238647,"mean":42.7653312683,"median":39.0824661255,"min":4.32489585876,"var":366.741790771},"gfcc":{"cov":[[36770.3632812,2212.31567383,-4011.78100586,1462.9543457,-1890.29455566,718.114257812,-933.031677246,494.606231689,-554.863525391,147.257858276,-312.411590576,-184.09135437,-45.1370239258],[2212.31567383,949.820495605,-189.029586792,151.911117554,52.3076591492,-59.742401123,56.2576599121,-25.8133659363,-23.7442474365,-53.3914031982,-1.84737074375,-36.8261604309,-42.8537445068],[-4011.78100586,-189.029586792,1150.57421875,117.9376297,231.429748535,3.35675263405,28.262254715,-52.9345245361,45.4598999023,-41.8406066895,13.0967731476,23.4213943481,-27.7934741974],[1462.9543457,151.911117554,117.9376297,440.552032471,27.0251235962,17.9353370667,-53.9172134399,8.92148590088,-27.7280273438,-39.1412811279,-15.2242412567,-1.94850170612,-18.6760063171],[-1890.29455566,52.3076591492,231.429748535,27.0251235962,357.379821777,4.67723274231,106.63482666,-19.6495761871,21.9191398621,-22.5653743744,14.9060611725,6.2701253891,-4.70797681808],[718.114257812,-59.742401123,3.35675263405,17.9353370667,4.67723274231,201.348022461,25.822883606,11.2014427185,-25.268699646,14.1082134247,-21.8687725067,-11.6536235809,-5.05821561813],[-933.031677246,56.2576599121,28.262254715,-53.9172134399,106.63482666,25.822883606,240.326141357,28.551568985,-6.93769264221,-16.576007843,6.53711557388,-9.52888298035,-19.076587677],[494.606231689,-25.8133659363,-52.9345245361,8.92148590088,-19.6495761871,11.2014427185,28.551568985,147.27684021,27.0923519135,2.25582075119,13.0810346603,-12.8322324753,-9.54182624817],[-554.863525391,-23.7442474365,45.4598999023,-27.7280273438,21.9191398621,-25.268699646,-6.93769264221,27.0923519135,121.072181702,35.4165611267,5.99876117706,-2.67553257942,-8.07317829132],[147.257858276,-53.3914031982,-41.8406066895,-39.1412811279,-22.5653743744,14.1082134247,-16.576007843,2.25582075119,35.4165611267,113.19342804,26.2189407349,1.08493494987,-7.33216571808],[-312.411590576,-1.84737074375,13.0967731476,-15.2242412567,14.9060611725,-21.8687725067,6.53711557388,13.0810346603,5.99876117706,26.2189407349,95.1987304688,18.8658905029,3.97747707367],[-184.09135437,-36.8261604309,23.4213943481,-1.94850170612,6.2701253891,-11.6536235809,-9.52888298035,-12.8322324753,-2.67553257942,1.08493494987,18.8658905029,89.7463989258,23.6581134796],[-45.1370239258,-42.8537445068,-27.7934741974,-18.6760063171,-4.70797681808,-5.05821561813,-19.076587677,-9.54182624817,-8.07317829132,-7.33216571808,3.97747707367,23.6581134796,81.8570327759]],"icov":[[0.000278030027403,-0.000584121095017,0.000679829914588,-0.000786613789387,0.000800675479695,-0.000984092941508,0.000776376749855,-0.000910390575882,0.000769735139329,-0.000611827592365,0.000558302446734,-0.000183957032277,0.00000607119454799],[-0.000584121095017,0.00260615651496,-0.00102816231083,0.0010649273172,-0.00189300708007,0.00249913963489,-0.00204044720158,0.00247519253753,-0.00175473373383,0.0018638020847,-0.00147697620559,0.000828676857054,0.000620858569164],[0.000679829914588,-0.00102816231083,0.00287239276804,-0.00232433108613,0.00129291659687,-0.00244726077653,0.0018798551755,-0.00161366339307,0.00124510296155,-0.00081861182116,0.00101142167114,-0.000597818696406,0.000627822941169],[-0.000786613789387,0.0010649273172,-0.00232433108613,0.00512819411233,-0.00255388207734,0.0023587339092,-0.00101020396687,0.00174232455902,-0.00138603488449,0.00220587314107,-0.00123511778656,0.000220317699132,0.000528350647073],[0.000800675479695,-0.00189300708007,0.00129291659687,-0.00255388207734,0.00629946170375,-0.00303236977197,0.000429211271694,-0.00176986097358,0.00113555591088,-0.00120571570005,0.000932563270908,-0.000585278030485,-0.000496721244417],[-0.000984092941508,0.00249913963489,-0.00244726077653,0.0023587339092,-0.00303236977197,0.00932549778372,-0.00350108207203,0.00256582954898,-0.000911972019821,0.000366090825992,-0.000229959201533,0.00113569013774,-0.0000162665983225],[0.000776376749855,-0.00204044720158,0.0018798551755,-0.00101020396687,0.000429211271694,-0.00350108207203,0.00793255958706,-0.00408060802147,0.00309455953538,-0.0010644987924,0.00137684436049,-0.000492785999086,0.00123440497555],[-0.000910390575882,0.00247519253753,-0.00161366339307,0.00174232455902,-0.00176986097358,0.00256582954898,-0.00408060802147,0.0114144636318,-0.00535669410601,0.00344376335852,-0.00383598031476,0.00172335049137,0.000548237701878],[0.000769735139329,-0.00175473373383,0.00124510296155,-0.00138603488449,0.00113555591088,-0.000911972019821,0.00309455953538,-0.00535669410601,0.0131905367598,-0.00574710639194,0.00305349123664,-0.000437562179286,0.00048228626838],[-0.000611827592365,0.0018638020847,-0.00081861182116,0.00220587314107,-0.00120571570005,0.000366090825992,-0.0010644987924,0.00344376335852,-0.00574710639194,0.0135652842,-0.00519557576627,0.000591123185586,0.00170020398218],[0.000558302446734,-0.00147697620559,0.00101142167114,-0.00123511778656,0.000932563270908,-0.000229959201533,0.00137684436049,-0.00383598031476,0.00305349123664,-0.00519557576627,0.0140420533717,-0.00291663501412,-0.000494187988807],[-0.000183957032277,0.000828676857054,-0.000597818696406,0.000220317699132,-0.000585278030485,0.00113569013774,-0.000492785999086,0.00172335049137,-0.000437562179286,0.000591123185586,-0.00291663501412,0.0131214614958,-0.00333858095109],[0.00000607119454799,0.000620858569164,0.000627822941169,0.000528350647073,-0.000496721244417,-0.0000162665983225,0.00123440497555,0.000548237701878,0.00048228626838,0.00170020398218,-0.000494187988807,-0.00333858095109,0.0143893016502]],"mean":[-56.3939666748,66.5778121948,-128.191970825,56.0272331238,-64.2649917603,21.854970932,-34.3908882141,13.2798070908,-20.7030601501,4.61272096634,-11.4343166351,-1.67781722546,-6.6952662468]},"hfc":{"dmean":6.22783946991,"dmean2":8.21972179413,"dvar":221.608947754,"dvar2":442.98815918,"max":333.703826904,"mean":20.7658309937,"median":11.9308662415,"min":1.06815500095e-16,"var":785.980651855},"melbands":{"dmean":[0.000266207644017,0.000254001730355,0.00016397505533,0.000107619445771,0.0000667721396894,0.0000701714670868,0.0000583240580454,0.0000522358459421,0.0000555158367206,0.0000765175791457,0.0000705821585143,0.0000464439799543,0.0000362624778063,0.0000270210457529,0.0000207045122806,0.0000228849057748,0.0000361506936315,0.0000252809568337,0.0000200036884053,0.0000149512816279,0.0000138466684803,0.0000122994142657,0.00000976358478511,0.00000856811584526,0.0000104222690425,0.0000122177571029,0.00000903375621419,0.00000683122743794,0.00000471576822747,0.0000044075304686,0.00000376580487682,0.00000293611697089,0.00000201482339435,0.00000195007305592,0.00000221239679377,0.00000224608834287,0.0000019398241875,0.00000169678651218,0.00000155689963321,0.00000109189181785],"dmean2":[0.000437795475591,0.000419214309659,0.000259248219663,0.000174205415533,0.000100069293694,0.00010805081547,0.000089960587502,0.0000745750439819,0.0000805016825325,0.000113184221846,0.000098346019513,0.0000666500200168,0.00005164464892,0.0000390409077227,0.0000309631286655,0.0000326296285493,0.0000536063780601,0.0000359712139471,0.0000289924810204,0.0000229012130148,0.0000211081660382,0.0000187198620551,0.000014898644622,0.0000136155913424,0.0000162520664162,0.0000181209852599,0.0000133930661832,0.000010221509001,0.00000713765439286,0.0000064515561462,0.00000561226443097,0.000004403384537,0.00000306851916321,0.00000295941754302,0.00000333554658027,0.00000341865757036,0.00000297267388305,0.0000024714383926,0.00000240369013227,0.00000171205942934],"dvar":[1.87149211683e-7,1.85114927831e-7,1.15463606676e-7,4.19503898286e-8,1.92830302836e-8,2.20062243983e-8,2.30436238979e-8,1.70869345339e-8,3.63037173656e-8,9.05499106807e-8,5.00156929206e-8,2.92922166523e-8,1.92757667605e-8,1.18341390021e-8,4.99530417031e-9,6.3977632081e-9,1.62685527272e-8,9.46882927622e-9,5.34251975992e-9,1.27145660667e-9,1.67090818959e-9,1.39824130052e-9,1.41503786466e-9,6.76655953491e-10,6.09437444954e-10,1.59874369299e-9,4.72414884989e-10,2.69786804008e-10,1.27028720875e-10,1.27679075645e-10,8.19135870245e-11,6.65073274231e-11,4.84832243797e-11,4.39614109005e-11,6.20793208506e-11,1.09067636866e-10,1.28495880602e-10,1.20375737156e-10,1.1201601452e-10,6.86860360255e-11],"dvar2":[4.95975768899e-7,4.9301428362e-7,2.63910379772e-7,1.03752462621e-7,4.23609627376e-8,5.03519572703e-8,5.31073531818e-8,3.05839407133e-8,6.77471092558e-8,1.92597070736e-7,8.136687768e-8,5.63270425857e-8,3.36293624059e-8,2.42319071475e-8,1.08972182389e-8,1.04495132547e-8,3.32779208634e-8,1.56312101041e-8,8.70157812471e-9,2.75304445907e-9,3.51382367647e-9,3.05197533912e-9,3.01245695056e-9,1.60837432261e-9,1.32114286178e-9,2.86520096537e-9,9.04673669311e-10,5.2303805731e-10,2.83511963906e-10,2.20755941305e-10,1.74950151588e-10,1.48420165047e-10,1.16489401458e-10,9.35947222502e-11,1.48166506841e-10,2.68590649721e-10,3.13208237124e-10,2.2305288172e-10,2.24957552586e-10,1.73628278421e-10],"max":[0.00533291231841,0.00501745380461,0.00678897276521,0.00373071827926,0.00317544001155,0.00339220883325,0.00344865117222,0.00465920614079,0.00673601357266,0.00664934143424,0.00892622675747,0.00558681413531,0.00652222521603,0.00373284635134,0.00207759649493,0.00326705584303,0.00305406656116,0.00410414393991,0.00312986969948,0.00139014795423,0.00152781081852,0.00117373035755,0.00147900811862,0.00123636040371,0.000498807989061,0.00183899095282,0.000724369834643,0.00050842895871,0.000335134100169,0.000691649445798,0.000239599117776,0.000295711943181,0.000267240044195,0.000211415535887,0.000208496130654,0.000302460772218,0.000450144056231,0.000447104423074,0.000339068297762,0.000390990258893],"mean":[0.000450400490081,0.00051179289585,0.000286023190711,0.000167978345416,0.000140290270792,0.000140996737173,0.000119329750305,0.000115386821562,0.000112136483949,0.00013782948372,0.000142399236211,0.0000993502617348,0.0000818190455902,0.000045850607421,0.0000325093205902,0.0000441160045739,0.00006070008385,0.0000460450355604,0.0000391722314816,0.0000273174700851,0.0000245231713052,0.000022724550945,0.0000176415887836,0.0000161247135111,0.0000191932904272,0.0000237443091464,0.0000188211361092,0.0000150617524923,0.00000874177021615,0.00000867460585141,0.00000722751747162,0.0000053387357184,0.00000344401587427,0.00000331053979608,0.00000377075139113,0.0000035378056964,0.00000290491630039,0.00000252799895861,0.00000223841288971,0.00000149437641994],"median":[0.000300792802591,0.000346585933585,0.000138654053444,0.0000699369120412,0.0000480673697894,0.0000451474988949,0.0000328680143866,0.0000261525856331,0.0000166816844285,0.0000133159319375,0.000016023626813,0.0000126026479847,0.000011094835827,0.0000100896286312,0.0000075215225479,0.00000677404477756,0.000010266137906,0.00000758517035138,0.00000757767202231,0.00000838874802866,0.00000814056511445,0.00000695835751685,0.00000570451402382,0.00000617844852968,0.00000721071319276,0.00000639238078293,0.00000672447276884,0.00000489932699566,0.0000035802347611,0.00000326901772496,0.00000288104229185,0.00000220620563596,0.00000134509957661,0.00000121527489227,0.00000130793716835,8.1712573774e-7,5.49404376216e-7,3.63926801583e-7,2.68372275514e-7,1.82935650628e-7],"min":[1.78720658484e-24,1.12362142592e-24,7.20909905959e-25,1.31798965322e-24,1.57499156285e-24,1.20934299619e-24,1.07543208259e-24,1.32754975992e-24,2.59356896089e-24,1.19889906945e-24,1.95774233811e-24,1.28537469213e-24,2.51240562615e-24,3.39601977014e-24,2.28919684137e-24,2.96205022845e-24,3.11646837014e-24,2.7826890938e-24,2.67730062952e-24,4.17652466622e-24,2.96684748883e-24,3.03700759445e-24,3.31772295871e-24,4.27910301074e-24,4.62718433529e-24,4.519472084e-24,4.84874420356e-24,4.1485177375e-24,4.86064140931e-24,4.28628992801e-24,5.70732108571e-24,5.14483920003e-24,5.1244065193e-24,4.37534877434e-24,4.51669016602e-24,5.68323992329e-24,5.39901728344e-24,5.5562715773e-24,5.93748624317e-24,5.95605524002e-24],"var":[2.70364125754e-7,3.17691586815e-7,2.37850542817e-7,8.40988860773e-8,7.87824561144e-8,7.04098965798e-8,7.33542293574e-8,1.04625044628e-7,1.27835662056e-7,2.27335419822e-7,2.13702151086e-7,1.18975869157e-7,1.25732199763e-7,2.66615387545e-8,9.45661327023e-9,2.57112215962e-8,4.19957153497e-8,3.08286765005e-8,2.14868247639e-8,4.48726211744e-9,3.60095819829e-9,3.72680597494e-9,3.57243390425e-9,1.42832423666e-9,1.40469214038e-9,4.5070560617e-9,1.44711687078e-9,1.145210482e-9,2.90948792836e-10,4.83535878004e-10,1.83076442895e-10,1.14081223634e-10,6.37379593549e-11,7.33781091444e-11,1.13043734096e-10,1.68815794677e-10,1.78225406655e-10,2.48633835742e-10,1.93875915322e-10,8.04748767624e-11]},"melbands_crest":{"dmean":2.92330741882,"dmean2":4.77730417252,"dvar":7.48061132431,"dvar2":19.0626411438,"max":35.3840713501,"mean":12.2525396347,"median":11.7287063599,"min":1.61033201218,"var":21.8736400604},"melbands_flatness_db":{"dmean":0.0208414662629,"dmean2":0.031001124531,"dvar":0.000491588085424,"dvar2":0.00104850076605,"max":0.44026196003,"mean":0.143005356193,"median":0.134579509497,"min":0.00321812508628,"var":0.00350635033101},"melbands_kurtosis":{"dmean":5.25007486343,"dmean2":7.97726202011,"dvar":149.877670288,"dvar2":329.902954102,"max":354.18548584,"mean":10.3507242203,"median":3.29055714607,"min":-1.95577156544,"var":542.563903809},"melbands_skewness":{"dmean":0.62675100565,"dmean2":0.928025126457,"dvar":0.592182040215,"dvar2":1.21972227097,"max":16.1925754547,"mean":2.19125080109,"median":1.77697145939,"min":-2.60562586784,"var":3.37103486061},"melbands_spread":{"dmean":11.8336734772,"dmean2":17.8287315369,"dvar":313.659393311,"dvar2":623.311340332,"max":316.434661865,"mean":46.7580032349,"median":39.1382713318,"min":1.00347852707,"var":1297.68444824},"mfcc":{"cov":[[13325.8300781,901.299255371,-618.645019531,150.7762146,-189.914169312,-44.9042854309,51.4605064392,1.57670605183,130.333892822,174.431762695,-52.9099578857,-3.43568491936,-34.6216964722],[901.299255371,894.231628418,-108.782531738,181.178909302,-3.10400438309,61.9197692871,48.1732368469,52.423412323,-9.39844989777,8.58229541779,25.3911304474,6.13011884689,0.446706265211],[-618.645019531,-108.782531738,666.973144531,136.250473022,141.723648071,49.7691078186,-12.7919502258,16.0161190033,-12.2460327148,-31.9634838104,7.94764900208,10.8149375916,-6.17368221283],[150.7762146,181.178909302,136.250473022,398.846557617,110.083885193,44.8124771118,24.3221073151,60.2517127991,-2.48068261147,-12.5395488739,-24.1606655121,10.8042593002,37.9701957703],[-189.914169312,-3.10400438309,141.723648071,110.083885193,252.368682861,40.1057891846,-1.09611439705,10.6810092926,4.0084028244,-0.736019790173,-21.0822944641,7.84607839584,10.46530056],[-44.9042854309,61.9197692871,49.7691078186,44.8124771118,40.1057891846,208.505386353,41.4032211304,16.3307533264,12.6152496338,-14.4083614349,-2.34198927879,0.243010297418,-14.316904068],[51.4605064392,48.1732368469,-12.7919502258,24.3221073151,-1.09611439705,41.4032211304,196.436828613,56.2467422485,8.95976257324,13.1523857117,-3.15440249443,-7.86167478561,17.2202892303],[1.57670605183,52.423412323,16.0161190033,60.2517127991,10.6810092926,16.3307533264,56.2467422485,135.784347534,27.6984615326,0.0671201124787,-1.11873459816,-1.77898097038,5.7549571991],[130.333892822,-9.39844989777,-12.2460327148,-2.48068261147,4.0084028244,12.6152496338,8.95976257324,27.6984615326,91.7411193848,23.7835636139,7.22538137436,1.60232484341,-9.94037151337],[174.431762695,8.58229541779,-31.9634838104,-12.5395488739,-0.736019790173,-14.4083614349,13.1523857117,0.0671201124787,23.7835636139,108.618293762,31.4033756256,-4.43545198441,2.29978370667],[-52.9099578857,25.3911304474,7.94764900208,-24.1606655121,-21.0822944641,-2.34198927879,-3.15440249443,-1.11873459816,7.22538137436,31.4033756256,99.7875366211,30.6379394531,-5.83220720291],[-3.43568491936,6.13011884689,10.8149375916,10.8042593002,7.84607839584,0.243010297418,-7.86167478561,-1.77898097038,1.60232484341,-4.43545198441,30.6379394531,93.2783889771,31.4788684845],[-34.6216964722,0.446706265211,-6.17368221283,37.9701957703,10.46530056,-14.316904068,17.2202892303,5.7549571991,-9.94037151337,2.29978370667,-5.83220720291,31.4788684845,110.558929443]],"icov":[[0.0000881978412508,-0.0000825501701911,0.0000513360500918,-0.0000424835670856,0.0000610628703726,0.0000290812859021,-0.00000857469603943,0.0000610620772932,-0.000119708151033,-0.000139523632242,0.00014505146828,-0.000070030495408,0.0000612833318883],[-0.0000825501701911,0.0014677727595,0.000353514682502,-0.000740297546145,0.0000732576299924,-0.000363949482562,-0.000112938607344,-0.000308994582156,0.000497434986755,0.0000950344256125,-0.000704305130057,0.0000831904690131,0.00020372455765],[0.0000513360500918,0.000353514682502,0.00197335961275,-0.000652835296933,-0.000814938859548,-0.000246374489507,0.000100599128928,-0.000103034792119,0.000267053866992,0.000487891666126,-0.000717959948815,0.0000377625729016,0.000349216774339],[-0.0000424835670856,-0.000740297546145,-0.000652835296933,0.00375783792697,-0.00110467383638,-0.000247794727329,0.000186295816093,-0.00126276782248,0.000250911078183,0.0000326268673234,0.00082239729818,-0.000119190182886,-0.0011289609829],[0.0000610628703726,0.0000732576299924,-0.000814938859548,-0.00110467383638,0.00519091170281,-0.000666878069751,0.000234413266298,0.000195450658794,-0.000294593017315,-0.000930478796363,0.00143035966903,-0.000699070747942,-0.00000433274317402],[0.0000290812859021,-0.000363949482562,-0.000246374489507,-0.000247794727329,-0.000666878069751,0.00557667901739,-0.00130359712057,0.000352015340468,-0.000969611050095,0.000981926103123,-0.0000907319918042,-0.000224857794819,0.00100355641916],[-0.00000857469603943,-0.000112938607344,0.000100599128928,0.000186295816093,0.000234413266298,-0.00130359712057,0.0062943501398,-0.00254224939272,0.000425328325946,-0.000960506906267,0.00022570094734,0.000730024883524,-0.00123737507965],[0.0000610620772932,-0.000308994582156,-0.000103034792119,-0.00126276782248,0.000195450658794,0.000352015340468,-0.00254224939272,0.00969002116472,-0.00311595271342,0.000871797616128,-0.000260169064859,0.000327289424604,-0.0000382444195566],[-0.000119708151033,0.000497434986755,0.000267053866992,0.000250911078183,-0.000294593017315,-0.000969611050095,0.000425328325946,-0.00311595271342,0.0131191695109,-0.00288267293945,0.0000750275576138,-0.000953798065893,0.0014025545679],[-0.000139523632242,0.0000950344256125,0.000487891666126,0.0000326268673234,-0.000930478796363,0.000981926103123,-0.000960506906267,0.000871797616128,-0.00288267293945,0.0119282836094,-0.00470406003296,0.00249808002263,-0.00117530010175],[0.00014505146828,-0.000704305130057,-0.000717959948815,0.00082239729818,0.00143035966903,-0.0000907319918042,0.00022570094734,-0.000260169064859,0.0000750275576138,-0.00470406003296,0.0141553459689,-0.00561844278127,0.00200800830498],[-0.000070030495408,0.0000831904690131,0.0000377625729016,-0.000119190182886,-0.000699070747942,-0.000224857794819,0.000730024883524,0.000327289424604,-0.000953798065893,0.00249808002263,-0.00561844278127,0.0143828233704,-0.00460216170177],[0.0000612833318883,0.00020372455765,0.000349216774339,-0.0011289609829,-0.00000433274317402,0.00100355641916,-0.00123737507965,-0.0000382444195566,0.0014025545679,-0.00117530010175,0.00200800830498,-0.00460216170177,0.0113624613732]],"mean":[-672.509460449,80.4367141724,-1.43807721138,30.7973937988,0.80726236105,9.25288581848,1.42330062389,5.78180074692,-0.0217606946826,6.44284915924,-0.679672181606,0.487755030394,0.912353873253]},"pitch_salience":{"dmean":0.0607225783169,"dmean2":0.0971192792058,"dvar":0.00328705902211,"dvar2":0.00857843924314,"max":0.906193196774,"mean":0.540346264839,"median":0.537030041218,"min":0.134843543172,"var":0.0106080425903},"silence_rate_20dB":{"dmean":0,"dmean2":0,"dvar":0,"dvar2":0,"max":1,"mean":1,"median":1,"min":1,"var":0},"silence_rate_30dB":{"dmean":0,"dmean2":0,"dvar":0,"dvar2":0,"max":1,"mean":1,"median":1,"min":1,"var":0},"silence_rate_60dB":{"dmean":0.0496320389211,"dmean2":0.099281065166,"dvar":0.0471656545997,"dvar2":0.100715272129,"max":1,"mean":0.181724846363,"median":0,"min":0,"var":0.148697197437},"spectral_centroid":{"dmean":300.467132568,"dmean2":446.439880371,"dvar":125225.789062,"dvar2":243333.953125,"max":11841.9609375,"mean":2359.25854492,"median":2218.78271484,"min":222.404632568,"var":2133270.5},"spectral_complexity":{"dmean":2.81088471413,"dmean2":4.01814460754,"dvar":10.2466602325,"dvar2":17.9993896484,"max":47,"mean":14.784907341,"median":14,"min":0,"var":89.5524978638},"spectral_contrast_coeffs":{"dmean":[0.0450477488339,0.0427256450057,0.0379362590611,0.0311413612217,0.0236011296511,0.0190911181271],"dmean2":[0.075227715075,0.0674463361502,0.0587415024638,0.0482366643846,0.03630380705,0.0287730768323],"dvar":[0.00156052515376,0.00132100388873,0.00108531594742,0.00068282725988,0.000424209894845,0.000295426230878],"dvar2":[0.00405012629926,0.00306315347552,0.00238322932273,0.00151437264867,0.000884502835106,0.000610124436207],"max":[-0.402186393738,-0.427400201559,-0.45978975296,-0.520153164864,-0.548809230328,-0.56045871973],"mean":[-0.709490776062,-0.726012825966,-0.749889850616,-0.761282503605,-0.767018675804,-0.747086346149],"median":[-0.71239811182,-0.732527017593,-0.762823939323,-0.766482234001,-0.769000828266,-0.742046773434],"min":[-0.978960990906,-0.984023749828,-0.977895140648,-0.972699940205,-0.968946456909,-0.96410882473],"var":[0.00618607224897,0.00814755260944,0.00780795048922,0.00516681699082,0.00392812397331,0.00302261859179]},"spectral_contrast_valleys":{"dmean":[0.392758727074,0.356555759907,0.309939563274,0.266519099474,0.236159086227,0.276844263077],"dmean2":[0.619291007519,0.555189013481,0.478983849287,0.40287309885,0.3296918571,0.3521284163],"dvar":[0.147182047367,0.118165150285,0.0919859856367,0.0776695162058,0.0807588472962,0.107962928712],"dvar2":[0.287553399801,0.229439362884,0.168276011944,0.12776646018,0.113832354546,0.153749614954],"max":[-5.92481899261,-5.37028455734,-5.8775305748,-6.0569691658,-5.37360906601,-6.85613250732],"mean":[-8.15518474579,-8.00459575653,-8.47724819183,-8.61550331116,-8.10497283936,-10.3869771957],"median":[-7.48890399933,-7.41478872299,-7.9236869812,-8.02149009705,-7.53568077087,-9.93386650085],"min":[-28.678861618,-27.8101406097,-27.7207298279,-27.6848545074,-27.4986572266,-27.4323139191],"var":[9.07941818237,8.9319229126,8.46701526642,8.34464073181,8.70081806183,7.06431531906]},"spectral_decrease":{"dmean":7.82947873201e-10,"dmean2":1.08826636591e-9,"dvar":9.55162824108e-19,"dvar2":1.73351300055e-18,"max":2.17979327037e-28,"mean":-3.05207770168e-9,"median":-2.40148700925e-9,"min":-2.12048991699e-8,"var":7.18950481409e-18},"spectral_energy":{"dmean":0.00338815781288,"dmean2":0.00464731547982,"dvar":0.0000180724491656,"dvar2":0.0000323195417877,"max":0.0965425893664,"mean":0.0134027656168,"median":0.01040181797,"min":9.99074075279e-21,"var":0.000140074480441},"spectral_energyband_high":{"dmean":0.000580508378334,"dmean2":0.000810172292404,"dvar":0.00000295048630505,"dvar2":0.00000602107729719,"max":0.0409125499427,"mean":0.00137708336115,"median":0.000627930043265,"min":7.14400675263e-21,"var":0.00000735699313736},"spectral_energyband_low":{"dmean":0.00130908191204,"dmean2":0.00206585135311,"dvar":0.00000433835884905,"dvar2":0.0000107755886347,"max":0.0259601771832,"mean":0.00286612822674,"median":0.00198586913757,"min":2.04512678772e-23,"var":0.0000091988231361},"spectral_energyband_middle_high":{"dmean":0.00148651597556,"dmean2":0.00197228556499,"dvar":0.00000715231954018,"dvar2":0.000011558136066,"max":0.0862478539348,"mean":0.00510201836005,"median":0.0022129737772,"min":1.12774878483e-21,"var":0.000056139917433},"spectral_energyband_middle_low":{"dmean":0.00163299089763,"dmean2":0.00241343933158,"dvar":0.0000067303153628,"dvar2":0.0000132691093313,"max":0.0552996955812,"mean":0.00450788252056,"median":0.00294264545664,"min":1.53950257243e-22,"var":0.0000284520083369},"spectral_entropy":{"dmean":0.128405556083,"dmean2":0.181799843907,"dvar":0.0171464793384,"dvar2":0.0312187280506,"max":9.8194694519,"mean":7.82077312469,"median":7.78584861755,"min":6.45895910263,"var":0.18040214479},"spectral_flux":{"dmean":0.0161129739136,"dmean2":0.0247764382511,"dvar":0.000292329641525,"dvar2":0.000677941949107,"max":0.260140746832,"mean":0.0596962571144,"median":0.0566651895642,"min":6.22169191167e-11,"var":0.00130515091587},"spectral_kurtosis":{"dmean":0.808862864971,"dmean2":1.34016823769,"dvar":0.589044868946,"dvar2":1.59283280373,"max":10.1839160919,"mean":2.22081017494,"median":2.09632921219,"min":-1.32372665405,"var":1.90920305252},"spectral_rms":{"dmean":0.000454121822258,"dmean2":0.000610536779277,"dvar":2.43047225013e-7,"dvar2":4.17638432282e-7,"max":0.00970504432917,"mean":0.00322216982022,"median":0.00318561075255,"min":3.12202889409e-12,"var":0.00000269351676252},"spectral_rolloff":{"dmean":734.544250488,"dmean2":1182.50341797,"dvar":1222472.625,"dvar2":2484520.25,"max":19702.8808594,"mean":3132.08325195,"median":2648.58398438,"min":86.1328125,"var":9584383},"spectral_skewness":{"dmean":0.145163938403,"dmean2":0.229342207313,"dvar":0.0179124809802,"dvar2":0.0392532907426,"max":2.0935652256,"mean":1.0090277195,"median":1.03155755997,"min":-0.454882591963,"var":0.0970780774951},"spectral_spread":{"dmean":478978.5,"dmean2":699094.875,"dvar":659035914240,"dvar2":1219775823870,"max":42534236,"mean":5622571.5,"median":4658530,"min":2455697.25,"var":26692110254100},"spectral_strongpeak":{"dmean":0.635172069073,"dmean2":1.0280380249,"dvar":1.58785772324,"dvar2":3.52624940872,"max":21.5786380768,"mean":1.23227858543,"median":0.315011382103,"min":0,"var":4.09454059601},"zerocrossingrate":{"dmean":0.0132830385119,"dmean2":0.0149293541908,"dvar":0.000294811674394,"dvar2":0.00032669614302,"max":0.5302734375,"mean":0.102597884834,"median":0.08740234375,"min":0.00830078125,"var":0.00577486027032}},"metadata":{"audio_properties":{"analysis_sample_rate":44100,"bit_rate":320000,"codec":"mp3","downmix":"mix","equal_loudness":0,"length":135.653884888,"lossless":false,"md5_encoded":"2cdb8be49e7d896893a1919b785d774b","replay_gain":-14.2019271851,"sample_rate":44100},"tags":{"album":["Diana Ross & the Supremes Join the Temptaions [Japan]"],"albumartist":["Diana Ross & the Supremes"],"artist":["Diana Ross & The Supremes/The Temptations"],"bpm":["112"],"composer":["Robert Rogers/Smokey Robinson/Warren \"Pete\" Moore"],"date":["1968"],"file_name":"copy4284001480654762955.mp3","genre":["R & B/Soul"],"initialkey":["Dm"],"label":["Motown"],"language":["eng"],"length":["135000"],"musicbrainz_albumid":["ee8cb9d3-86f5-4061-a671-66e887b1ff28"],"musicbrainz_recordingid":["460c2b7d-bbc1-4b6b-90b9-e6573de3d558"],"musicbrainz_releasegroupid":["3e89cff4-57b8-34d7-ac88-cbce85e3b544"],"title":["Then"],"tracknumber":["10"]},"version":{"essentia":"2.1-beta2","essentia_build_sha":"cead25079874084f62182a551b7393616cd33d87","essentia_git_sha":"v2.1_beta2-1-ge3940c0","extractor":"music 1.0"}},"rhythm":{"beats_count":251,"beats_loudness":{"dmean":0.00926364865154,"dmean2":0.0155116580427,"dvar":0.0000827943877084,"dvar2":0.000220433765207,"max":0.0755109935999,"mean":0.0179467853159,"median":0.0159821249545,"min":0,"var":0.000166262150742},"beats_loudness_band_ratio":{"dmean":[0.222685217857,0.0951692983508,0.128190383315,0.124551519752,0.121031723917,0.122074685991],"dmean2":[0.415360718966,0.169677510858,0.233522832394,0.221061617136,0.21051941812,0.217771083117],"dvar":[0.0343613810837,0.00832884013653,0.0177412182093,0.0166579186916,0.0134050287306,0.0155424140394],"dvar2":[0.108533844352,0.024749385193,0.0521504953504,0.043181437999,0.0368981286883,0.0446923524141],"max":[0.873403191566,0.608373224735,0