{"lowlevel":{"average_loudness":0.852675795555,"barkbands":{"dmean":[0.00000103751960978,0.000312546791974,0.000417315604864,0.000438792601926,0.00117267284077,0.000927041110117,0.00202367710881,0.00138475117274,0.0015051860828,0.000849865318742,0.000390179629903,0.000701394688804,0.000446995458333,0.000235101717408,0.000144809688209,0.0000880495790625,0.0000939285018831,0.000115939539683,0.0000339069956681,0.0000191137460206,0.0000131830356622,0.00000413013549405,0.00000721183187125,0.0000137569404615,0.00000628387851975,8.05230513379e-7,8.53653574495e-8],"dmean2":[0.00000174966203303,0.000541511748452,0.000691461842507,0.000704171718098,0.00179112527985,0.001418315107,0.00303212646395,0.00207624561153,0.00214490387589,0.0012978509767,0.000589903793298,0.00104029919021,0.000680319906678,0.00037458067527,0.000215837950236,0.000134672824061,0.000135532362037,0.000176012181328,0.0000507979784743,0.0000282226956188,0.0000188389367395,0.00000593841377849,0.0000103703432615,0.0000188556223293,0.00000886071120476,0.00000114578790544,1.332291788e-7],"dvar":[8.18751576953e-12,3.7332151237e-7,5.06358901475e-7,8.89261912107e-7,0.00000454022483609,0.00000525145651409,0.0000240273548116,0.0000119372180052,0.0000158757084137,0.00000403338071919,0.0000019499013888,0.00000271213457381,0.00000158992577326,5.43549163012e-7,2.55636081192e-7,9.7007301747e-8,6.57458087971e-8,9.89583668343e-8,6.85974832493e-9,2.08562345172e-9,1.27435462183e-9,1.48229428731e-10,3.73938935372e-10,1.77011494351e-9,3.99148186725e-10,7.77297583937e-12,3.53624329255e-13],"dvar2":[2.28271204022e-11,0.00000101195450952,0.00000142593717101,0.00000243772478825,0.0000110311702883,0.0000123357267512,0.0000538437743671,0.0000263217189058,0.0000345434818882,0.0000101644682218,0.00000412276540374,0.00000610990127825,0.00000359613727596,0.00000131238437007,5.59816612622e-7,2.00733722977e-7,1.32813170239e-7,2.2623636653e-7,1.5856629787e-8,4.32154223518e-9,2.37358910304e-9,3.37988442789e-10,8.01937849459e-10,3.33353322723e-9,7.5647610398e-10,1.71761025541e-11,1.00997357179e-12],"max":[0.0000825438619358,0.0116442926228,0.0146075487137,0.0178629271686,0.0541515983641,0.0455208271742,0.107185021043,0.0663944855332,0.0999420285225,0.0595422275364,0.0450874827802,0.032372046262,0.0319631733,0.0268547516316,0.0127082727849,0.0126847522333,0.00605462538078,0.00769302435219,0.0018857405521,0.00108839443419,0.00146102858707,0.000284338922938,0.000450559193268,0.00121255649719,0.000666233361699,0.0000807978503872,0.0000304543173115],"mean":[0.00000114650492833,0.000415639427956,0.000945242529269,0.000998894218355,0.00287258508615,0.00200095283799,0.00390231143683,0.00240120757371,0.00299096340314,0.00168112583924,0.000666501175147,0.00118919252418,0.000738813891076,0.000325139961205,0.00021685937827,0.00014514788927,0.000179871130968,0.000191677449038,0.0000641582737444,0.0000347704262822,0.0000252116078627,0.00000739844517739,0.00001343378608,0.0000246052404691,0.0000103736892925,0.00000128006024624,2.3352589551e-7],"median":[3.31718439384e-7,0.000196030101506,0.000681796460412,0.000527878117282,0.00185060256626,0.000871337309945,0.0012485741172,0.000655152252875,0.00145630468614,0.000881733896676,0.000208871686482,0.000385481136618,0.000195217406144,0.0000999542389764,0.0000583041146456,0.0000417594092141,0.0000380018354917,0.0000297935566778,0.0000197143599507,0.00000901619569049,0.00000518188380738,0.00000189246350146,0.00000266606525656,0.00000319145578942,0.00000152438838086,2.52561306979e-7,1.59166930302e-7],"min":[2.11137017556e-16,3.1492793505e-16,1.92181055471e-16,1.64352436499e-16,4.69558325904e-16,9.43144187592e-16,5.92240778039e-16,7.72724136455e-17,7.00299682796e-16,6.25447222428e-16,1.3319687328e-15,3.82039308373e-16,1.69472552142e-16,4.02727241077e-16,1.70100447078e-15,1.6881031002e-15,1.06476160168e-15,1.74322715737e-15,3.42028770079e-15,2.11387829306e-15,4.94883615763e-15,2.18977223337e-15,2.98179949631e-15,2.99049810116e-15,1.63918459698e-14,1.11844822276e-14,1.9925855467e-14],"var":[8.06057824654e-12,4.89301214657e-7,9.32477632887e-7,0.00000184045222795,0.0000121226967167,0.0000107372316052,0.0000495257336297,0.000022179692678,0.0000279272881016,0.00000666025061946,0.00000350175537278,0.00000565713980905,0.00000331934006681,8.52287030284e-7,4.28082472581e-7,2.09231629356e-7,2.23986461378e-7,2.15175091967e-7,1.51051384734e-8,4.99394658959e-9,4.62833504855e-9,2.79437750716e-10,8.91206441977e-10,5.11782882739e-9,1.01065888991e-9,1.4026533407e-11,2.64436936974e-13]},"barkbands_crest":{"dmean":2.13288784027,"dmean2":3.37916731834,"dvar":4.46944856644,"dvar2":10.9465255737,"max":26.367099762,"mean":9.53294658661,"median":8.6683883667,"min":3.16461586952,"var":13.8835859299},"barkbands_flatness_db":{"dmean":0.0177702922374,"dmean2":0.0256068147719,"dvar":0.000344450527336,"dvar2":0.000756982888561,"max":0.42505094409,"mean":0.196428656578,"median":0.194389417768,"min":0.0396966785192,"var":0.00240496499464},"barkbands_kurtosis":{"dmean":2.35399985313,"dmean2":3.69951057434,"dvar":40.7605438232,"dvar2":98.5307769775,"max":274.193817139,"mean":4.21261024475,"median":1.76776599884,"min":-1.85996735096,"var":104.694206238},"barkbands_skewness":{"dmean":0.406008034945,"dmean2":0.611869513988,"dvar":0.236884832382,"dvar2":0.558375954628,"max":12.8155345917,"mean":1.13298511505,"median":0.964802324772,"min":-3.26265907288,"var":1.13499903679},"barkbands_spread":{"dmean":2.4224319458,"dmean2":3.51791763306,"dvar":19.6348133087,"dvar2":42.4914321899,"max":126.355072021,"mean":10.7071657181,"median":8.71651744843,"min":0.478867918253,"var":103.188468933},"dissonance":{"dmean":0.0288015250117,"dmean2":0.0482778437436,"dvar":0.000765251286794,"dvar2":0.00204170891084,"max":0.499998122454,"mean":0.430695623159,"median":0.437499791384,"min":0.177689686418,"var":0.00194801937323},"dynamic_complexity":4.51237010956,"erbbands":{"dmean":[0.00183754309546,0.0952255055308,0.481051236391,0.873125314713,2.45883846283,4.62091588974,6.32416391373,8.25417137146,25.817199707,27.7680110931,29.7343921661,31.4176654816,26.4163227081,25.1359882355,21.8335857391,22.0474758148,20.685754776,12.0198764801,9.88045120239,4.92908668518,4.75077295303,4.66347169876,6.55718612671,2.27339744568,1.48151707649,0.894739806652,0.725808680058,0.31964096427,0.148729905486,0.148874908686,0.232816115022,0.287874847651,0.227007701993,0.103361696005,0.0244696028531,0.0056897602044,0.000954213552177,0.000167642763699,0.0000130242260639,0.00000729586326997],"dmean2":[0.00299784168601,0.166238263249,0.836872339249,1.35916101933,3.91777300835,7.02516651154,9.52875423431,12.5951538086,38.451915741,41.8206062317,43.4429397583,45.1108551025,37.549331665,38.0651512146,32.4590797424,32.6482849121,30.8323688507,18.7073459625,15.2060117722,7.16291904449,7.18363332748,6.61346960068,9.61019420624,3.27675199509,2.19617176056,1.28281056881,1.03334903717,0.455165326595,0.214086920023,0.213294386864,0.331007480621,0.405541867018,0.320635885,0.14501029253,0.0340532138944,0.0080231083557,0.00136803917121,0.000250537588727,0.0000192397692445,0.0000101508258012],"dvar":[0.0000140701758937,0.0342022962868,0.763626337051,2.61841225624,30.0640144348,80.0481338501,195.624023438,483.461334229,4424.81591797,6295.76855469,5969.99267578,5741.91210938,6340.56640625,4281.18212891,3219.2097168,2999.38256836,3302.9140625,1450.75244141,803.269226074,388.191009521,284.958709717,148.218582153,285.796051025,31.904499054,15.7979125977,5.11892127991,3.77162599564,0.85252559185,0.203097715974,0.174854263663,0.415305644274,0.9109364748,0.4631703794,0.11001509428,0.00592980207875,0.000296663347399,0.0000188709145732,0.00000122818357795,7.69696129055e-9,1.43913353456e-10],"dvar2":[0.0000340467558999,0.0944768190384,2.25159025192,6.94494819641,76.0372390747,193.122802734,479.487670898,1128.65356445,9820.92285156,14694.40625,12928.4941406,13283.9267578,13463.6445312,10642.6962891,6883.35839844,6592.96142578,7383.70263672,3569.96386719,1859.32202148,853.073303223,554.852844238,270.466674805,626.974182129,70.2638168335,36.9158592224,10.0228013992,7.5443239212,1.66149663925,0.462660849094,0.403503268957,0.89654815197,1.87765014172,0.909654200077,0.210843667388,0.0106289125979,0.000588186725508,0.0000457820970041,0.00000331565320266,2.16995985625e-8,2.86060147792e-10],"max":[0.0977055430412,3.26719474792,15.8803291321,31.5281734467,127.970802307,200.708679199,413.129058838,472.286468506,1717.93786621,1966.07873535,1817.47265625,1565.67199707,2563.18041992,1925.32592773,1643.19958496,1377.33911133,1514.75024414,1029.96557617,605.372436523,637.604187012,868.456970215,290.073394775,362.738891602,124.491577148,133.893814087,77.8691864014,68.590675354,33.0086593628,11.7143554688,8.1657037735,17.7970943451,31.2154769897,21.8590641022,11.2559509277,2.28406310081,0.455825448036,0.163775503635,0.0504670627415,0.00459859659895,0.000223507158807],"mean":[0.00325445714407,0.138616785407,1.03490936756,2.24035024643,5.31453752518,10.8829288483,14.5456123352,17.5128192902,49.7192497253,52.4050979614,56.3609848022,65.7375869751,53.2217597961,49.2163963318,42.9561233521,39.8099937439,36.0607566833,18.7567863464,15.2409925461,8.11476802826,8.73550796509,10.0114707947,11.6261672974,4.60327243805,2.7745013237,1.71243584156,1.35455834866,0.645651400089,0.281376332045,0.266069561243,0.430433899164,0.494351953268,0.400421887636,0.174172744155,0.0406508073211,0.00915769953281,0.00148486823309,0.000261367385974,0.0000365186970157,0.0000293737939501],"median":[0.0015793775674,0.0765815749764,0.754158973694,1.39908373356,3.02013897896,6.56797933578,7.02349472046,7.82310533524,17.6966552734,16.0048770905,21.2020893097,35.7406806946,24.774684906,23.7737102509,18.7321853638,13.6892681122,10.5986452103,5.81363534927,5.39519929886,2.30278754234,2.68510818481,2.31459069252,1.9139251709,1.21302855015,0.812161684036,0.456464499235,0.264884084463,0.158547133207,0.0774247944355,0.0681620016694,0.0780641809106,0.0653636828065,0.0523090213537,0.023285670206,0.00679561169818,0.00171696068719,0.000325816101395,0.0000744131248211,0.0000247279695031,0.0000243197537202],"min":[1.15542138032e-14,6.34705572063e-14,2.01342699566e-13,4.3028536463e-13,7.85501329779e-13,1.69059080971e-12,4.29627167176e-12,8.70258032304e-12,1.00667477826e-11,4.1686645455e-12,3.95817796942e-12,1.58046596643e-11,1.62432012285e-11,3.69755719098e-11,4.61756605175e-11,1.35000378931e-11,8.49685079241e-12,1.55896042603e-11,5.3261929589e-11,1.06518176224e-10,8.06087349647e-11,6.90303855744e-11,1.05812886231e-10,1.40529601844e-10,1.35808239654e-10,9.11002800974e-11,2.37823372107e-10,1.26897742314e-10,7.13381229089e-11,1.1679966716e-10,6.48215439658e-11,6.21019138891e-11,7.2226079284e-11,1.9605785051e-10,1.02313234274e-10,3.20527042408e-11,1.77285928993e-11,1.21308353987e-11,3.51673464655e-12,2.04439926359e-13],"var":[0.0000267073628493,0.0430395752192,1.13470959663,6.57734155655,57.3661651611,211.74836731,458.095275879,887.550231934,8460.02050781,11780.1113281,11125.515625,10136.1015625,11160.3300781,6974.25292969,7401.98876953,6262.98876953,7305.20166016,2320.19555664,1341.78723145,616.687133789,739.162414551,598.649658203,728.377807617,83.8656616211,32.2170143127,12.8426952362,12.290763855,2.9614276886,0.400726348162,0.344820767641,0.957274317741,2.12405920029,1.32623910904,0.280083090067,0.0160669405013,0.000675945717376,0.0000245984065259,0.00000110426992705,6.0276472702e-9,5.12568376632e-10]},"erbbands_crest":{"dmean":2.53262329102,"dmean2":3.97566890717,"dvar":6.15032625198,"dvar2":15.2447061539,"max":33.9383544922,"mean":10.8484163284,"median":10.0082073212,"min":2.24785327911,"var":17.0584793091},"erbbands_flatness_db":{"dmean":0.0173037555069,"dmean2":0.0244511459023,"dvar":0.000325907982187,"dvar2":0.000627077417448,"max":0.458218991756,"mean":0.233934551477,"median":0.237682908773,"min":0.022607754916,"var":0.00254312041216},"erbbands_kurtosis":{"dmean":1.43390715122,"dmean2":2.20421433449,"dvar":6.75792121887,"dvar2":15.369641304,"max":81.5982971191,"mean":2.26856946945,"median":1.29040622711,"min":-1.77692949772,"var":16.5561027527},"erbbands_skewness":{"dmean":0.368362367153,"dmean2":0.552019119263,"dvar":0.16135174036,"dvar2":0.373756140471,"max":7.90392875671,"mean":0.659702181816,"median":0.581954777241,"min":-3.38713097572,"var":0.72698777914},"erbbands_spread":{"dmean":3.95654273033,"dmean2":5.68776369095,"dvar":45.2135238647,"dvar2":92.7748794556,"max":151.60484314,"mean":18.8712348938,"median":14.8788423538,"min":0.76422059536,"var":253.972076416},"gfcc":{"cov":[[10162.4482422,274.309631348,-2626.06542969,233.90802002,-1064.69372559,-125.28313446,-693.93347168,228.320053101,-85.6232757568,-154.82800293,213.326049805,-197.524871826,132.856109619],[274.309631348,1612.21472168,-33.3897743225,-422.016571045,217.520141602,-318.24407959,198.000167847,-193.558883667,137.400039673,-86.1471405029,-43.9994621277,-36.121471405,11.5327625275],[-2626.06542969,-33.3897743225,1457.33398438,18.3157367706,56.0362701416,144.720779419,41.1544456482,17.8590202332,111.58442688,51.6434898376,-121.247253418,44.3427505493,-32.6957893372],[233.90802002,-422.016571045,18.3157367706,393.821533203,-75.4548568726,16.1455821991,-95.7755355835,45.7201309204,15.1177053452,7.22053050995,-1.23900842667,1.0866111517,30.1445884705],[-1064.69372559,217.520141602,56.0362701416,-75.4548568726,418.670257568,-12.3715114594,154.828598022,-35.0629234314,-15.9152917862,22.2139434814,-40.5789070129,18.6533985138,-19.9598846436],[-125.28313446,-318.24407959,144.720779419,16.1455821991,-12.3715114594,299.532165527,31.3336982727,49.2627372742,-50.2623901367,12.2139215469,1.11501085758,5.22936868668,-30.3469219208],[-693.93347168,198.000167847,41.1544456482,-95.7755355835,154.828598022,31.3336982727,274.928161621,-61.7303314209,-31.1705207825,3.72941231728,-19.901140213,17.922996521,-40.1793022156],[228.320053101,-193.558883667,17.8590202332,45.7201309204,-35.0629234314,49.2627372742,-61.7303314209,169.281341553,5.7161397934,5.11119508743,20.7796401978,-24.2376976013,9.07460594177],[-85.6232757568,137.400039673,111.58442688,15.1177053452,-15.9152917862,-50.2623901367,-31.1705207825,5.7161397934,152.051391602,4.96743631363,-29.4115409851,-7.09133481979,13.4713411331],[-154.82800293,-86.1471405029,51.6434898376,7.22053050995,22.2139434814,12.2139215469,3.72941231728,5.11119508743,4.96743631363,94.0723114014,6.76867294312,-4.42168951035,-11.9090108871],[213.326049805,-43.9994621277,-121.247253418,-1.23900842667,-40.5789070129,1.11501085758,-19.901140213,20.7796401978,-29.4115409851,6.76867294312,119.813247681,0.487725913525,-15.4232225418],[-197.524871826,-36.121471405,44.3427505493,1.0866111517,18.6533985138,5.22936868668,17.922996521,-24.2376976013,-7.09133481979,-4.42168951035,0.487725913525,76.5050048828,10.0039367676],[132.856109619,11.5327625275,-32.6957893372,30.1445884705,-19.9598846436,-30.3469219208,-40.1793022156,9.07460594177,13.4713411331,-11.9090108871,-15.4232225418,10.0039367676,79.1511611938]],"icov":[[0.00130226789042,-0.00243324507028,0.00257344613783,-0.00202100537717,0.00312959379517,-0.00237824302167,0.00256071682088,-0.0025196315255,0.00166083557997,-0.00184967811219,0.00202379422262,-0.0014073374914,0.00147879461292],[-0.00243324507028,0.00645759003237,-0.00495655462146,0.00540845748037,-0.00639588944614,0.00584730831906,-0.0056267301552,0.0060092411004,-0.00471121398732,0.00516156014055,-0.00439605442807,0.0043184235692,-0.00370413600467],[0.00257344613783,-0.00495655462146,0.00600566389039,-0.00412993691862,0.00621537771076,-0.00525768846273,0.00511915190145,-0.00524791516364,0.00269716535695,-0.00420560408384,0.00491618923843,-0.00362240802497,0.00353213981725],[-0.00202100537717,0.00540845748037,-0.00412993691862,0.00741326343268,-0.00510099437088,0.00468297721818,-0.0039461068809,0.00459764199331,-0.00400916766375,0.00396733684465,-0.00344739761204,0.00329951802269,-0.00375572545454],[0.00312959379517,-0.00639588944614,0.00621537771076,-0.00510099437088,0.0109063265845,-0.00564434053376,0.00471189711243,-0.0067735100165,0.00478204712272,-0.00577855715528,0.00605333922431,-0.00444540288299,0.00400177389383],[-0.00237824302167,0.00584730831906,-0.00525768846273,0.00468297721818,-0.00564434053376,0.00972729735076,-0.00595170538872,0.00400232104585,-0.00250168633647,0.00435019144788,-0.00371217145585,0.00328595587052,-0.00204775924794],[0.00256071682088,-0.0056267301552,0.00511915190145,-0.0039461068809,0.00471189711243,-0.00595170538872,0.0110512655228,-0.00409968849272,0.00450693722814,-0.00411694031209,0.00473452592269,-0.00411405041814,0.00518143596128],[-0.0025196315255,0.0060092411004,-0.00524791516364,0.00459764199331,-0.0067735100165,0.00400232104585,-0.00409968849272,0.0133464653045,-0.00477462587878,0.00477709621191,-0.00598168093711,0.00637301197276,-0.00478971190751],[0.00166083557997,-0.00471121398732,0.00269716535695,-0.00400916766375,0.00478204712272,-0.00250168633647,0.00450693722814,-0.00477462587878,0.0116878859699,-0.00426498986781,0.00462454929948,-0.00248727225699,0.00220629177056],[-0.00184967811219,0.00516156014055,-0.00420560408384,0.00396733684465,-0.00577855715528,0.00435019144788,-0.00411694031209,0.00477709621191,-0.00426498986781,0.015571850352,-0.00470263743773,0.00439237430692,-0.00172513141297],[0.00202379422262,-0.00439605442807,0.00491618923843,-0.00344739761204,0.00605333922431,-0.00371217145585,0.00473452592269,-0.00598168093711,0.00462454929948,-0.00470263743773,0.0141181405634,-0.00454410910606,0.00561040639877],[-0.0014073374914,0.0043184235692,-0.00362240802497,0.00329951802269,-0.00444540288299,0.00328595587052,-0.00411405041814,0.00637301197276,-0.00248727225699,0.00439237430692,-0.00454410910606,0.0181818790734,-0.00579944532365],[0.00147879461292,-0.00370413600467,0.00353213981725,-0.00375572545454,0.00400177389383,-0.00204775924794,0.00518143596128,-0.00478971190751,0.00220629177056,-0.00172513141297,0.00561040639877,-0.00579944532365,0.0181755702943]],"mean":[-74.3045959473,141.987197876,-121.950737,-9.07030963898,-63.2717285156,2.27585792542,-35.8402862549,3.46555948257,-24.9333362579,-13.6147966385,-9.60214233398,-12.35825634,-10.8268671036]},"hfc":{"dmean":4.1809797287,"dmean2":5.58430719376,"dvar":50.1207237244,"dvar2":95.2955169678,"max":126.052024841,"mean":14.4374446869,"median":10.420958519,"min":8.49602832531e-10,"var":197.93321228},"melbands":{"dmean":[0.0000482934810861,0.000209211939364,0.000184027056093,0.000256730942056,0.000210416415939,0.000187750163605,0.000397839554353,0.000299025181448,0.000239015644183,0.000201467075385,0.000136907561682,0.000111888570245,0.0000645881300443,0.0000879288345459,0.0000503852497786,0.0000394164599129,0.0000223355509661,0.0000178738209797,0.00000938748598855,0.00000588203465668,0.00000591179787079,0.00000433850664194,0.00000849830576044,0.00000463207015855,0.00000175535978997,0.00000126015481783,8.38464131903e-7,6.22344543899e-7,5.30689646894e-7,3.39434791385e-7,1.48770922692e-7,8.66537845923e-8,8.37012663624e-8,8.62427569359e-8,1.33296779836e-7,1.70157548496e-7,1.90685980783e-7,1.77191466832e-7,1.44596924656e-7,7.30398639348e-8],"dmean2":[0.000082072634541,0.000365234009223,0.000289664050797,0.000391501991544,0.000317761529004,0.000286926340777,0.000591609103139,0.000450071675004,0.000347523979144,0.000288827723125,0.000195060798433,0.000170188446646,0.0000966402585618,0.000130203625304,0.0000750540348236,0.0000593612421653,0.0000350997324858,0.000028012029361,0.0000136479766297,0.00000882191943674,0.00000909676873562,0.00000615773296886,0.0000125964588733,0.00000688936324877,0.00000261812874669,0.00000192130255527,0.00000123198776691,9.1647325462e-7,7.69241012222e-7,4.97327391713e-7,2.16529784325e-7,1.27577976627e-7,1.23841587651e-7,1.26942182987e-7,1.95311983475e-7,2.4774081453e-7,2.68325464958e-7,2.54298640812e-7,2.09113622418e-7,1.03225886505e-7],"dvar":[9.24569310001e-9,1.47735534028e-7,1.44584177519e-7,2.34469126781e-7,2.04750449484e-7,2.3237019775e-7,9.72141606326e-7,6.3701105546e-7,3.63525430203e-7,2.76171732594e-7,1.66777581967e-7,8.32229645198e-8,3.87696488247e-8,4.37348148807e-8,2.04985308727e-8,1.11415712212e-8,5.64183899598e-9,2.67878719207e-9,1.36306910203e-9,5.90211990392e-10,4.60123494861e-10,1.5398332609e-10,5.93532945015e-10,1.63439942136e-10,2.14518056096e-11,1.08980359459e-11,4.49302921257e-12,3.04657904807e-12,2.04051359143e-12,1.26182679756e-12,1.93274907255e-13,7.71766480476e-14,6.4493888203e-14,5.66772885948e-14,1.36579698831e-13,2.8406026446e-13,4.1602466372e-13,3.06502354963e-13,2.03821348362e-13,5.82261561015e-14],"dvar2":[2.40405508833e-8,4.31022044722e-7,3.7815115661e-7,5.71986504383e-7,5.00171324802e-7,5.40986945907e-7,0.0000021469195417,0.00000147212779211,7.97589621016e-7,6.21087394848e-7,3.56458883743e-7,2.094342193e-7,8.37436786583e-8,9.93032003294e-8,4.53329001004e-8,2.51688749842e-8,1.35778934762e-8,6.24348217571e-9,2.81328293994e-9,1.32925315199e-9,9.24926024659e-10,2.93370633342e-10,1.30070598736e-9,3.55644791394e-10,4.92945094466e-11,2.58042563012e-11,9.71223535623e-12,6.13601747537e-12,4.29319730808e-12,2.31917002963e-12,3.95636675548e-13,1.8069218539e-13,1.52442050953e-13,1.31384717016e-13,3.10088353649e-13,6.21870176881e-13,8.41061053268e-13,6.39922901995e-13,4.28127124681e-13,1.1323801868e-13],"max":[0.00208813254721,0.00635062623769,0.00801158044487,0.0117169814184,0.0150456037372,0.0104058785364,0.0254457872361,0.0184861104935,0.0139793064445,0.0127357039601,0.0127657512203,0.00870180130005,0.0058212717995,0.00398793257773,0.00329676456749,0.00249852752313,0.00246620317921,0.0012211316498,0.00104157114401,0.000671236775815,0.000999576528557,0.0003529478563,0.000650608853903,0.000247707328526,0.000104972088593,0.0000825355164125,0.0000577014288865,0.000061513237597,0.000036139110307,0.0000545018338016,0.0000158758684847,0.0000075717848631,0.0000071248500717,0.00000562980767427,0.00000989732325252,0.0000140319671118,0.000019237966626,0.0000183513147931,0.0000110787314043,0.0000085515275714],"mean":[0.0000696939023328,0.000410592852859,0.000449296669103,0.000629585469142,0.000508416385856,0.000387664593291,0.000773034989834,0.000560252577998,0.000467860809295,0.000405032536946,0.000266236020252,0.000210486599826,0.000122680678032,0.00014928735618,0.0000817165855551,0.0000648127534078,0.0000312129050144,0.0000254003080045,0.0000139461390063,0.00000926384745981,0.0000102641051853,0.00000881392315932,0.0000142670278365,0.00000772290877649,0.00000323266795021,0.00000225926373787,0.00000148246692788,0.00000106705113012,9.27681242047e-7,5.94666573761e-7,2.86114556047e-7,1.54186466261e-7,1.36766061587e-7,1.47475475387e-7,2.3667510618e-7,2.84100451609e-7,3.13445468691e-7,2.9509104138e-7,2.37873493347e-7,1.15738650663e-7],"median":[0.0000316037403536,0.000295128964353,0.00027770572342,0.00037325071753,0.000264004134806,0.000170636107214,0.000276808335911,0.000166527883266,0.00019975383475,0.000204177078558,0.000113709909783,0.0000979111136985,0.000050936556363,0.0000499929155922,0.0000212189697777,0.0000184012405953,0.00000835888840811,0.00000843387442728,0.00000360035528502,0.00000236169194068,0.0000030254336707,0.00000204780985769,0.00000206535628422,0.00000119029277812,8.57334669035e-7,6.66317021114e-7,3.75223009996e-7,2.57869714915e-7,1.66339972907e-7,1.0393001304e-7,6.76712659242e-8,3.61524854497e-8,3.00636813222e-8,3.58441560877e-8,4.41092282699e-8,3.911299018e-8,3.33318830315e-8,3.40774803931e-8,2.66286388495e-8,1.47477319246e-8],"min":[1.05421919139e-16,9.98085788576e-17,8.3518083874e-17,8.3450169037e-17,1.37771563232e-16,1.9511525701e-16,1.46676910298e-16,3.38319451338e-17,4.18760350541e-17,1.0435526643e-16,7.81871430541e-17,1.39965709438e-16,1.76773698214e-16,5.68136496761e-17,2.47814113272e-17,1.42062099439e-17,2.94493635775e-17,6.91604055794e-17,1.43567664106e-16,1.29708722782e-16,8.42520776274e-17,6.03728688856e-17,9.63721331034e-17,7.93163703217e-17,1.180442453e-16,1.28239888242e-16,5.37329776121e-17,6.04302222805e-17,1.3813695207e-16,1.75344581579e-16,3.8703820566e-17,4.64015335679e-17,3.14888634045e-17,8.1008053936e-17,3.99457793162e-17,4.42412918413e-17,2.58033152191e-17,2.96469009252e-17,1.17720744889e-16,1.72508079997e-16],"var":[1.39434854773e-8,1.97048308337e-7,2.96126927424e-7,7.04015121755e-7,5.00034161632e-7,4.29374694022e-7,0.00000193865162146,0.00000120350159705,6.68381858304e-7,4.69295486027e-7,2.92095705845e-7,1.30823181621e-7,7.76405997271e-8,9.06239279175e-8,4.09094305098e-8,2.44224818147e-8,8.79991457481e-9,4.15567180667e-9,2.25514318331e-9,9.53456202879e-10,1.13777920419e-9,5.54970847055e-10,1.38674216554e-9,3.66742497482e-10,4.71716797568e-11,2.13121065934e-11,1.03315090857e-11,6.4247270698e-12,5.62177908392e-12,3.90092905894e-12,6.09763650163e-13,1.45196910593e-13,1.09209997545e-13,1.10879038698e-13,2.81542963856e-13,5.80989954497e-13,9.91041667134e-13,7.67050377208e-13,5.00090366253e-13,1.3688365491e-13]},"melbands_crest":{"dmean":2.55820989609,"dmean2":4.09536123276,"dvar":6.58940601349,"dvar2":16.394952774,"max":33.86120224,"mean":12.1343288422,"median":10.9342336655,"min":2.21964597702,"var":23.8505210876},"melbands_flatness_db":{"dmean":0.0207931082696,"dmean2":0.0288880653679,"dvar":0.000514047918841,"dvar2":0.00105648639146,"max":0.570032119751,"mean":0.267851918936,"median":0.262559980154,"min":0.0133241862059,"var":0.00466565368697},"melbands_kurtosis":{"dmean":3.64922356606,"dmean2":5.82381153107,"dvar":151.365097046,"dvar2":408.417510986,"max":595.616455078,"mean":6.91717529297,"median":2.6322016716,"min":-1.64810192585,"var":435.910095215},"melbands_skewness":{"dmean":0.434749603271,"dmean2":0.651502072811,"dvar":0.313043624163,"dvar2":0.748772978783,"max":15.0090360641,"mean":1.42318749428,"median":1.17435383797,"min":-4.19809436798,"var":1.87264096737},"melbands_spread":{"dmean":2.88031291962,"dmean2":4.23485565186,"dvar":15.6933403015,"dvar2":30.7237911224,"max":141.482177734,"mean":14.0232381821,"median":12.785443306,"min":0.493472844362,"var":73.8466033936},"mfcc":{"cov":[[10391.3486328,-297.980499268,-1501.4909668,-338.27142334,-421.708221436,-790.403381348,-368.822021484,-242.220596313,-328.956359863,-5.81942605972,-229.435623169,243.367935181,-212.821228027],[-297.980499268,1963.99377441,-189.473510742,-62.5730285645,-139.290893555,16.5469436646,-74.6782913208,-10.9895105362,54.7798194885,-19.3104801178,7.65654611588,-102.611541748,34.3438072205],[-1501.4909668,-189.473510742,1128.67822266,-4.5951423645,108.725791931,73.595161438,-92.0645980835,66.034614563,94.3059005737,57.0043334961,9.08876228333,-13.5950756073,19.863368988],[-338.27142334,-62.5730285645,-4.5951423645,344.716064453,41.4990730286,5.86807918549,-46.9383850098,-22.9910526276,31.6516170502,-8.62523365021,-12.705119133,-5.96642494202,7.45816373825],[-421.708221436,-139.290893555,108.725791931,41.4990730286,261.720428467,-13.7125329971,-7.4334397316,7.37186098099,47.2162437439,34.242225647,-9.94594192505,14.9536533356,-8.17255496979],[-790.403381348,16.5469436646,73.595161438,5.86807918549,-13.7125329971,286.999694824,84.9738464355,40.10389328,38.8645095825,-29.1513957977,48.3327674866,-47.7149353027,28.5345458984],[-368.822021484,-74.6782913208,-92.0645980835,-46.9383850098,-7.4334397316,84.9738464355,261.130645752,45.5305709839,-24.1183490753,-7.54313421249,41.7926330566,7.64915800095,12.4770488739],[-242.220596313,-10.9895105362,66.034614563,-22.9910526276,7.37186098099,40.10389328,45.5305709839,125.693481445,15.4578075409,1.8319709301,6.21142435074,-15.4052410126,19.7336044312],[-328.956359863,54.7798194885,94.3059005737,31.6516170502,47.2162437439,38.8645095825,-24.1183490753,15.4578075409,163.244308472,21.6795139313,-9.33163356781,-22.7516441345,-2.50989484787],[-5.81942605972,-19.3104801178,57.0043334961,-8.62523365021,34.242225647,-29.1513957977,-7.54313421249,1.8319709301,21.6795139313,103.698051453,14.2751893997,1.48266935349,-9.79405021667],[-229.435623169,7.65654611588,9.08876228333,-12.705119133,-9.94594192505,48.3327674866,41.7926330566,6.21142435074,-9.33163356781,14.2751893997,105.743263245,9.53557395935,6.19440412521],[243.367935181,-102.611541748,-13.5950756073,-5.96642494202,14.9536533356,-47.7149353027,7.64915800095,-15.4052410126,-22.7516441345,1.48266935349,9.53557395935,102.696739197,3.44391965866],[-212.821228027,34.3438072205,19.863368988,7.45816373825,-8.17255496979,28.5345458984,12.4770488739,19.7336044312,-2.50989484787,-9.79405021667,6.19440412521,3.44391965866,84.3032455444]],"icov":[[0.000208037701668,0.0000656876145513,0.000257814914221,0.000208256882615,0.000290613301331,0.000261338806013,0.000326466280967,-0.0000218510595005,0.000100820157968,-0.000123825637274,0.000268455740297,-0.000340442347806,0.000298566796118],[0.0000656876145513,0.000618689518888,0.00020411805599,0.000218997258344,0.000339056568919,0.000167336125742,0.000318120000884,0.0000633663948975,-0.000281069427729,0.000026964906283,-0.000123792531667,0.000473827909445,-0.000254867249168],[0.000257814914221,0.00020411805599,0.00142131221946,0.000408356747357,0.0000694664704497,-0.0000644202373223,0.00105469697155,-0.000575866957661,-0.000211528982618,-0.000616788223851,0.000223308990826,-0.000463122967631,0.000128475789097],[0.000208256882615,0.000218997258344,0.000408356747357,0.00339870969765,-0.000187916521099,0.000087809341494,0.000913407944608,0.000552885117941,-0.000466881290777,0.000285541143967,0.000300204497762,-0.0000664031540509,-0.000272987323115],[0.000290613301331,0.000339056568919,0.0000694664704497,-0.000187916521099,0.00497711775824,0.000560506305192,0.000225521987886,-0.000190004546312,-0.000987431150861,-0.00126892176922,0.000859227322508,-0.00116516568232,0.000707298517227],[0.000261338806013,0.000167336125742,-0.0000644202373223,0.000087809341494,0.000560506305192,0.00575122563168,-0.00115845352411,-0.000266186718363,-0.0012744104024,0.00188093748875,-0.00203853542916,0.00208843522705,-0.000814515224192],[0.000326466280967,0.000318120000884,0.00105469697155,0.000913407944608,0.000225521987886,-0.00115845352411,0.0058070695959,-0.00176232750528,0.000838091073092,-0.000391403154936,-0.000718042487279,-0.00128706719261,0.000417099479819],[-0.0000218510595005,0.0000633663948975,-0.000575866957661,0.000552885117941,-0.000190004546312,-0.000266186718363,-0.00176232750528,0.00962640810758,-0.000706267834175,-0.0000320368417306,0.000228937162319,0.00144059269223,-0.00201545841992],[0.000100820157968,-0.000281069427729,-0.000211528982618,-0.000466881290777,-0.000987431150861,-0.0012744104024,0.000838091073092,-0.000706267834175,0.0077755106613,-0.00165596976876,0.0012283178512,0.000415081711253,0.000768979545683],[-0.000123825637274,0.000026964906283,-0.000616788223851,0.000285541143967,-0.00126892176922,0.00188093748875,-0.000391403154936,-0.0000320368417306,-0.00165596976876,0.0117039047182,-0.00286049768329,0.00104866619222,0.00058000953868],[0.000268455740297,-0.000123792531667,0.000223308990826,0.000300204497762,0.000859227322508,-0.00203853542916,-0.000718042487279,0.000228937162319,0.0012283178512,-0.00286049768329,0.0120462840423,-0.00251570157707,0.000396822404582],[-0.000340442347806,0.000473827909445,-0.000463122967631,-0.0000664031540509,-0.00116516568232,0.00208843522705,-0.00128706719261,0.00144059269223,0.000415081711253,0.00104866619222,-0.00251570157707,0.0127854719758,-0.00210730405524],[0.000298566796118,-0.000254867249168,0.000128475789097,-0.000272987323115,0.000707298517227,-0.000814515224192,0.000417099479819,-0.00201545841992,0.000768979545683,0.00058000953868,0.000396822404582,-0.00210730405524,0.013614882715]],"mean":[-717.434143066,180.315887451,-5.6183924675,-5.6219959259,-6.21227836609,-12.7019100189,0.815493166447,2.3124833107,-7.10881757736,-1.33777797222,-5.38432264328,0.502073228359,-7.66148757935]},"pitch_salience":{"dmean":0.0579420700669,"dmean2":0.0923423841596,"dvar":0.00290070194751,"dvar2":0.0071017225273,"max":0.944913983345,"mean":0.587124526501,"median":0.596777260303,"min":0.114626765251,"var":0.0104546854272},"silence_rate_20dB":{"dmean":0,"dmean2":0,"dvar":0,"dvar2":0,"max":1,"mean":1,"median":1,"min":1,"var":0},"silence_rate_30dB":{"dmean":0.00452079577371,"dmean2":0.00904295407236,"dvar":0.00450046220794,"dvar2":0.0119758015499,"max":1,"mean":0.996835947037,"median":1,"min":0,"var":0.00315387290902},"silence_rate_60dB":{"dmean":0.0168776363134,"dmean2":0.0337603613734,"dvar":0.0165919940919,"dvar2":0.0350339710712,"max":1,"mean":0.108633421361,"median":0,"min":0,"var":0.0968329682946},"spectral_centroid":{"dmean":99.8869628906,"dmean2":141.039199829,"dvar":20722.7519531,"dvar2":39091.6289062,"max":3986.63623047,"mean":766.275268555,"median":679.355895996,"min":136.749893188,"var":130043.890625},"spectral_complexity":{"dmean":2.01974081993,"dmean2":3.0504899025,"dvar":3.98254489899,"dvar2":7.87586069107,"max":38,"mean":14.5202655792,"median":15,"min":0,"var":40.4408721924},"spectral_contrast_coeffs":{"dmean":[0.0450385659933,0.0400927476585,0.0341690927744,0.0303531736135,0.024536093697,0.0172572452575],"dmean2":[0.0749309286475,0.0633164793253,0.0538177713752,0.0471100844443,0.0368321724236,0.0257879681885],"dvar":[0.00135653221514,0.00129900546744,0.000866279238835,0.000752539199311,0.000524763134308,0.000270895339781],"dvar2":[0.00376088963822,0.00316859339364,0.00205456162803,0.00166358530987,0.00103535142262,0.000544989597984],"max":[-0.34250575304,-0.426565259695,-0.397828012705,-0.488556116819,-0.486895501614,-0.61452382803],"mean":[-0.595310747623,-0.692165195942,-0.721669077873,-0.738940119743,-0.760038077831,-0.802695512772],"median":[-0.595294773579,-0.691451787949,-0.725834071636,-0.741478204727,-0.758551537991,-0.803709328175],"min":[-0.926369190216,-0.94775313139,-0.973273217678,-0.953970730305,-0.960258960724,-0.929335594177],"var":[0.00572757283226,0.0064275986515,0.00517574604601,0.00407001376152,0.00395193649456,0.00266410806216]},"spectral_contrast_valleys":{"dmean":[0.399498939514,0.302385687828,0.268592625856,0.282105624676,0.310342550278,0.327102124691],"dmean2":[0.66932529211,0.47016492486,0.418369948864,0.413489758968,0.414420485497,0.422114938498],"dvar":[0.114406600595,0.0771155580878,0.063613653183,0.08799161762,0.108846917748,0.132507562637],"dvar2":[0.30811226368,0.168139800429,0.133588701487,0.158810794353,0.180111154914,0.213707476854],"max":[-5.80709695816,-4.39604616165,-4.6093583107,-5.92452049255,-6.55969572067,-8.45347213745],"mean":[-7.94232368469,-6.77849912643,-7.27944374084,-8.57251834869,-9.04045200348,-11.5827789307],"median":[-7.76881313324,-6.55635118484,-7.02510166168,-8.33764076233,-8.84949207306,-11.5140256882],"min":[-20.8335552216,-20.2524642944,-19.7728557587,-20.5014724731,-19.4165420532,-20.6773376465],"var":[0.855115175247,1.28514814377,1.36357593536,1.3070551157,1.38184785843,1.28331243992]},"spectral_decrease":{"dmean":1.50269918731e-9,"dmean2":2.08951678182e-9,"dvar":6.21310495494e-18,"dvar2":1.23239530154e-17,"max":-1.02722160173e-21,"mean":-5.49389067572e-9,"median":-4.45893988399e-9,"min":-4.84574407267e-8,"var":2.26325880017e-17},"spectral_energy":{"dmean":0.00602265913039,"dmean2":0.00834831036627,"dvar":0.0000999507901724,"dvar2":0.000197578920051,"max":0.190450489521,"mean":0.0220446847379,"median":0.0178557187319,"min":8.09384094577e-14,"var":0.000365995860193},"spectral_energyband_high":{"dmean":0.000045288252295,"dmean2":0.0000603414191573,"dvar":1.04119610711e-8,"dvar2":1.89156033059e-8,"max":0.00224632374011,"mean":0.000100405639387,"median":0.0000281607735815,"min":5.92446285173e-14,"var":3.73046589175e-8},"spectral_energyband_low":{"dmean":0.000773598498199,"dmean2":0.00129153160378,"dvar":0.00000178143113772,"dvar2":0.00000493826564707,"max":0.0255331229419,"mean":0.00182773731649,"median":0.00137257028837,"min":6.98362783143e-16,"var":0.00000323522567669},"spectral_energyband_middle_high":{"dmean":0.00187469553202,"dmean2":0.00266559142619,"dvar":0.0000120374661492,"dvar2":0.0000258571144514,"max":0.0710982978344,"mean":0.00525138527155,"median":0.0032211416401,"min":1.30527370596e-14,"var":0.0000417174014729},"spectral_energyband_middle_low":{"dmean":0.00484827114269,"dmean2":0.006873102393,"dvar":0.000070726913691,"dvar2":0.000144679142977,"max":0.157844185829,"mean":0.0154355932027,"median":0.0116303181276,"min":3.08308324922e-15,"var":0.000221293943468},"spectral_entropy":{"dmean":0.163101866841,"dmean2":0.231711044908,"dvar":0.0356229841709,"dvar2":0.0735272690654,"max":9.03029537201,"mean":6.79440593719,"median":6.78336858749,"min":4.72538280487,"var":0.222505301237},"spectral_flux":{"dmean":0.0184146482497,"dmean2":0.0277966652066,"dvar":0.000492611841764,"dvar2":0.00102066795807,"max":0.301732420921,"mean":0.062011051923,"median":0.0540136471391,"min":0.0000206926270039,"var":0.00182271492667},"spectral_kurtosis":{"dmean":5.71002149582,"dmean2":9.29031085968,"dvar":42.0871429443,"dvar2":105.17225647,"max":116.055099487,"mean":16.7681159973,"median":12.7686424255,"min":-1.40091586113,"var":179.820281982},"spectral_rms":{"dmean":0.000560264161322,"dmean2":0.000755638757255,"dvar":5.09485857947e-7,"dvar2":9.06926004518e-7,"max":0.0136310439557,"mean":0.00418992526829,"median":0.00417375285178,"min":8.88618600925e-9,"var":0.00000395160896005},"spectral_rolloff":{"dmean":204.096710205,"dmean2":341.306518555,"dvar":544968.4375,"dvar2":1431818.75,"max":19659.8144531,"mean":1074.13256836,"median":882.861328125,"min":64.599609375,"var":2085904.5},"spectral_skewness":{"dmean":0.450400829315,"dmean2":0.702764868736,"dvar":0.192431032658,"dvar2":0.447161883116,"max":8.89455986023,"mean":2.94034075737,"median":2.74272656441,"min":0.0859907642007,"var":1.2190079689},"spectral_spread":{"dmean":470281.90625,"dmean2":647093.9375,"dvar":513146912768,"dvar2":779895963648,"max":18127686,"mean":2984084,"median":2530119,"min":816891.9375,"var":3730636537860},"spectral_strongpeak":{"dmean":0.551156640053,"dmean2":0.879142165184,"dvar":0.539373278618,"dvar2":1.27225875854,"max":9.91302204132,"mean":1.29659807682,"median":1.02445924282,"min":0,"var":1.39728569984},"zerocrossingrate":{"dmean":0.00529685104266,"dmean2":0.00608478672802,"dvar":0.0000686291532475,"dvar2":0.0000764244177844,"max":0.4921875,"mean":0.039889421314,"median":0.03369140625,"min":0.005859375,"var":0.00100155314431}},"metadata":{"audio_properties":{"analysis_sample_rate":44100,"bit_rate":0,"codec":"flac","downmix":"mix","equal_loudness":0,"length":154.068344116,"lossless":true,"md5_encoded":"77d5f15c9065133f43d92761e6a1c2d7","replay_gain":-8.17925643921,"sample_rate":44100},"tags":{"acoustid_id":["c89709a3-565a-4dbb-b692-05fa08c19a17"],"album":["Lazaretto"],"albumartist":["Jack White"],"albumartistsort":["White, Jack"],"artist":["Jack White"],"artistsort":["White, Jack"],"asin":["B00JJ5CKIC"],"barcode":["886444535823"],"copyright":["2014 Third Man Records under exclusive license to XL Recordings Ltd."],"date":["2014-06-10"],"discnumber":["1"],"disctotal":["1"],"file_name":"11 Want and Able.flac","genre":["Alternative"],"label":["Columbia","Third Man Records"],"media":["Digital Media"],"musicbrainz_albumartistid":["3ae2fb37-8a23-429d-9920-bac811c4fc22"],"musicbrainz_albumid":["d63f1233-4cf1-4ac9-b842-ba907f1265d2"],"musicbrainz_artistid":["3ae2fb37-8a23-429d-9920-bac811c4fc22"],"musicbrainz_recordingid":["463e22ef-56f4-4312-a6f9-19fe8f515053"],"musicbrainz_releasegroupid":["67e28d5b-f68e-4349-8e43-76189c90be65"],"musicbrainz_releasetrackid":["e8510a79-5053-4620-896a-e2ede39d1264"],"originaldate":["2014-06-06"],"releasecountry":["US"],"releasestatus":["official"],"releasetype":["album"],"script":["Latn"],"title":["Want and Able"],"totaldiscs":["1"],"totaltracks":["11"],"tracknumber":["11"],"tracktotal":["11"]},"version":{"essentia":"2.1-beta2","essentia_build_sha":"26c37b627ab5a2028d412893e0969599b764ad4d","essentia_git_sha":"v2.1_beta2","extractor":"music 1.0"}},"rhythm":{"beats_count":450,"beats_loudness":{"dmean":0.0236256476492,"dmean2":0.0405129119754,"dvar":0.000454237771919,"dvar2":0.00135815620888,"max":0.173485666513,"mean":0.0330000557005,"median":0.0274661574513,"min":3.03083993458e-7,"var":0.000648392480798},"beats_loudn