{"lowlevel":{"average_loudness":0.831373810768,"barkbands":{"dmean":[0.00186462898273,0.00757133262232,0.00205907737836,0.00199776981026,0.00234873732552,0.00128734880127,0.000861864187755,0.000583558285143,0.000674301874824,0.000976970535703,0.000733199645765,0.000756375433411,0.000470196158858,0.00036113531678,0.000247421092354,0.000189288432011,0.000182062663953,0.000286478083581,0.000146619247971,0.0000738265080145,0.0000531838122697,0.0000404953461839,0.0000240463068621,0.00000206702543437,0.00000204537445825,0.00000949872628553,0.000254226906691],"dmean2":[0.00320973875932,0.0123670166358,0.00349365337752,0.00352256675251,0.00388734508306,0.00209996267222,0.00137534318492,0.000932111986913,0.00105971668381,0.00156692555174,0.00118715001736,0.00121430237778,0.00077069865074,0.000590499548707,0.000410080770962,0.000310241477564,0.000295312638627,0.00045174479601,0.000228544013225,0.000112219961011,0.0000801333153504,0.0000599749364483,0.0000367013526557,0.00000343544024872,0.00000338736435879,0.0000149533234435,0.000387102511013],"dvar":[0.0000222754224524,0.000288759096293,0.00000980317508947,0.0000218762143049,0.0000203240979317,0.00000606234107181,0.00000372632575818,0.00000247061325354,0.00000473406316814,0.00000437006656284,0.00000355335328095,0.00000199449345928,6.41490487396e-7,5.11457187713e-7,1.88619395658e-7,8.27980812801e-8,8.66697931201e-8,3.01171382944e-7,7.38148884238e-8,2.87966273049e-8,9.24018372928e-9,3.50364115498e-9,1.04393804712e-9,1.46419404379e-11,1.34231254584e-11,1.47915735216e-10,1.15871152673e-7],"dvar2":[0.0000586673813814,0.000701116397977,0.0000276332575595,0.0000628165944363,0.0000510780591867,0.0000149601137309,0.00000886842735781,0.00000570045858694,0.0000107720879896,0.0000104045393527,0.00000919239846553,0.00000456162706541,0.00000155494376486,0.00000127955399876,5.04085733155e-7,2.09433864029e-7,2.26995183539e-7,7.53053654989e-7,1.76142165742e-7,5.73227936229e-8,1.9355328007e-8,7.33862792757e-9,2.37123010116e-9,3.68859352784e-11,3.37215325108e-11,3.56982360339e-10,2.66066393806e-7],"max":[0.0472375229001,0.203009933233,0.0843129456043,0.0829462558031,0.103288084269,0.0517842359841,0.0470519438386,0.0420932024717,0.0745114907622,0.0422639064491,0.0576385967433,0.0384322851896,0.0207065809518,0.0153234209865,0.0124504733831,0.00607213377953,0.00567100849003,0.0126647613943,0.0090249562636,0.00567747326568,0.0037821913138,0.00137663399801,0.000376039970433,0.0000644397659926,0.0000592272990616,0.00020047808357,0.00960029382259],"mean":[0.00164488132577,0.00789693277329,0.00269346404821,0.00219554407522,0.00349609041587,0.00193306314759,0.00131757033523,0.00082542502787,0.000997015391476,0.00149646028876,0.00106583547313,0.00126587587874,0.000775563414209,0.00062487879768,0.000458706985228,0.000369788118405,0.000356212985935,0.00057614519028,0.000298139930237,0.000154956651386,0.00012080592569,0.0000904621556401,0.0000411712062487,0.00000206877029996,0.00000212350300899,0.0000161933385243,0.00100355956238],"median":[0.000398171803681,0.00279406178743,0.00141539389733,0.000752122490667,0.00172750710044,0.00103216746356,0.00052078650333,0.000252608704614,0.0003201731015,0.000593012024183,0.000393977534259,0.000741948839277,0.000460076000309,0.000348836387275,0.000269330688752,0.000255269435002,0.000207249220693,0.000261473294813,0.000155650428496,0.0000941360776778,0.0000859122810652,0.0000666844644002,0.0000252080026257,7.30272688543e-7,8.24024198209e-7,0.0000108992362584,0.000790634308942],"min":[1.11922241704e-25,1.79037958061e-24,6.62704099891e-25,9.89484405067e-25,6.4303101332e-24,4.56817438414e-24,5.64122795249e-24,3.72858301739e-24,6.39949525409e-24,1.67956564657e-23,8.85425841946e-24,9.39991824076e-24,3.13809309859e-23,3.68740723915e-23,4.57280862641e-23,6.1792478137e-23,5.33381800851e-23,7.4069968478e-23,1.18924542751e-22,1.47545779544e-22,2.08022103214e-22,2.94655401049e-22,3.85216784429e-22,5.14180244842e-22,7.73798786372e-22,1.14177793766e-21,1.9077040689e-21],"var":[0.0000175176028279,0.000276086240774,0.0000143728411786,0.0000203730851354,0.0000340750157193,0.0000101102841654,0.0000077077493188,0.00000401341731049,0.00000750548679207,0.00000787844874139,0.00000599254326517,0.00000360748572348,0.00000108784468011,9.18613181966e-7,3.88029093301e-7,1.72659952113e-7,2.09824406738e-7,8.032795904e-7,1.61388584274e-7,6.191587687e-8,2.23476970262e-8,9.55827239579e-9,2.12502349051e-9,1.50140438276e-11,1.4198745478e-11,2.92474489072e-10,8.03735190402e-7]},"barkbands_crest":{"dmean":2.97603821754,"dmean2":4.85547876358,"dvar":8.02081489563,"dvar2":18.9479408264,"max":23.1743545532,"mean":8.57190990448,"median":7.40132474899,"min":2.59835982323,"var":15.9306154251},"barkbands_flatness_db":{"dmean":0.0226623471826,"dmean2":0.0359060131013,"dvar":0.000454633991467,"dvar2":0.00112412171438,"max":0.321788102388,"mean":0.109707474709,"median":0.103320971131,"min":0.0391510091722,"var":0.00123591651209},"barkbands_kurtosis":{"dmean":2.89746403694,"dmean2":4.72357177734,"dvar":25.8491649628,"dvar2":66.1392593384,"max":119.473220825,"mean":3.93748188019,"median":2.11942720413,"min":-1.7853140831,"var":42.6541175842},"barkbands_skewness":{"dmean":0.561588525772,"dmean2":0.887350022793,"dvar":0.396356135607,"dvar2":0.966813564301,"max":8.60959243774,"mean":1.55567800999,"median":1.43265998363,"min":-2.2230322361,"var":1.28190457821},"barkbands_spread":{"dmean":8.32379245758,"dmean2":13.0980758667,"dvar":65.5965881348,"dvar2":153.284378052,"max":126.052513123,"mean":35.3794746399,"median":32.972869873,"min":1.60440611839,"var":255.298706055},"dissonance":{"dmean":0.0131981140003,"dmean2":0.0225355345756,"dvar":0.000181266848813,"dvar2":0.000500754045788,"max":0.500000119209,"mean":0.479194223881,"median":0.483551353216,"min":0.333884686232,"var":0.000279936386505},"dynamic_complexity":3.98813915253,"erbbands":{"dmean":[0.355471074581,1.24060344696,2.19726037979,4.75498580933,7.44149255753,7.97702741623,8.18692016602,11.4291210175,12.9779729843,11.901471138,13.4267234802,15.4519758224,22.0780487061,34.1161155701,25.8297920227,29.4766597748,21.9534416199,15.9895839691,15.4335784912,10.4455986023,9.57032585144,10.052025795,15.3201675415,10.8350448608,5.40492105484,3.41748046875,2.46140909195,1.92939984798,1.45475625992,1.48738789558,0.362602442503,0.0495949536562,0.0331522263587,0.0227519404143,0.014662578702,0.00871807988733,0.00943537056446,0.0352361723781,0.0137950787321,0.00647993059829],"dmean2":[0.59184294939,2.03937697411,3.74360370636,8.2796421051,12.4977273941,13.3636980057,13.606385231,18.4633312225,20.687002182,18.880065918,21.2466106415,24.234872818,35.9614677429,53.5526580811,41.3087997437,47.6495895386,35.8516845703,25.9787006378,25.3346881866,17.1925354004,15.6037034988,16.0830440521,24.0315570831,16.9726791382,8.26042556763,5.17015266418,3.7198870182,2.94030976295,2.18026423454,2.20729327202,0.557461440563,0.0813990309834,0.0550314299762,0.0377281047404,0.0242326427251,0.0143116973341,0.0144971068949,0.0508593358099,0.0192556083202,0.00978728104383],"dvar":[0.837312102318,5.90043973923,10.3760499954,104.520828247,246.057006836,252.428939819,299.786682129,498.075897217,814.521057129,1157.10351562,1322.15991211,3092.62573242,2702.10473633,6734.30175781,3275.0637207,2696.84326172,1520.50854492,816.436706543,810.360046387,381.880859375,229.533676147,266.393035889,903.27355957,380.710632324,104.037506104,64.2131652832,24.5355186462,11.7797574997,4.96390390396,4.25374269485,0.233308270574,0.00738906487823,0.00372080388479,0.00170514592901,0.000672166002914,0.000217852240894,0.000124684185721,0.00186426925939,0.000368253618944,0.0000634656680631],"dvar2":[2.13707852364,13.8998403549,29.6306324005,301.468841553,644.338317871,646.14642334,743.366577148,1220.78564453,2016.55993652,2687.42041016,3033.54492188,7095.94335938,7002.20996094,15358.1113281,7914.63671875,6325.79980469,3684.27563477,1975.44274902,2089.91699219,1056.4498291,591.149597168,681.230041504,2284.98779297,898.708740234,239.227462769,126.509742737,49.8499488831,26.3440589905,10.7962694168,9.11333370209,0.537999510765,0.0185020491481,0.00936898961663,0.00428736070171,0.00168716034386,0.000545779592358,0.000288730865577,0.00394380372018,0.000720124691725,0.000144753605127],"max":[11.0295448303,35.3381080627,71.5228729248,190.604797363,393.46383667,368.438934326,365.82244873,649.87286377,645.820373535,1259.14929199,1003.53289795,2062.83447266,1202.72888184,2658.26904297,1483.5333252,1453.99719238,1129.86535645,618.335998535,658.321899414,822.386779785,327.777679443,320.709106445,783.914550781,469.451019287,294.393066406,259.705932617,155.084075928,142.849395752,58.3903045654,42.3976287842,6.02392959595,1.49145197868,1.01640367508,0.673383176327,0.416081488132,0.232129976153,0.130076423287,0.651372253895,0.425965189934,0.173089250922],"mean":[0.313319504261,1.44238162041,2.98906755447,5.93005084991,9.82006931305,11.212143898,11.5552482605,17.1235389709,19.4071273804,18.9620113373,19.7765331268,23.3350868225,33.7763557434,54.5431671143,43.3796539307,51.8912124634,38.8788032532,30.3196315765,28.9370002747,21.8605918884,19.8921737671,21.3744163513,31.0470752716,22.6780834198,11.4897441864,7.30759477615,5.50350522995,4.28241920471,3.2848777771,2.86069869995,0.61777228117,0.0610207952559,0.0342025160789,0.0234635621309,0.0154727324843,0.00983059871942,0.0186131801456,0.0876543670893,0.0522601567209,0.030615856871],"median":[0.0626145303249,0.627565979958,1.78221571445,2.43573570251,4.26664972305,5.21695613861,6.050344944,8.73641109467,8.46043109894,6.68178462982,6.29974746704,7.52185487747,14.3444023132,20.0009727478,22.3761405945,31.949420929,24.5257854462,18.7590618134,18.1244697571,13.6209564209,14.107298851,12.3209495544,14.2623682022,11.2523765564,6.55100631714,4.31456422806,3.63148570061,3.15115261078,2.44214105606,1.85457134247,0.393896013498,0.03468522802,0.0129524264485,0.0090063419193,0.00624709343538,0.00442018266767,0.0141324158758,0.0635643526912,0.0388599447906,0.027316365391],"min":[4.66105565598e-23,5.66198717431e-22,1.86255790008e-21,6.19771819032e-21,5.74679772383e-21,1.70469694253e-20,2.23212555722e-20,3.18562892778e-20,9.46948545809e-20,1.62326427471e-19,1.38779761982e-19,2.04288007476e-19,5.21568136994e-19,6.84823914807e-19,8.63589742696e-19,8.79318116755e-19,1.88601026052e-18,1.99180624727e-18,1.62629509032e-18,2.56858171082e-18,3.38790948423e-18,4.25985483679e-18,4.73716782873e-18,6.41569141312e-18,6.69179230747e-18,7.56746017958e-18,8.61739887673e-18,9.76748846655e-18,9.46721942265e-18,9.8370444299e-18,1.17966543262e-17,1.02232716015e-17,7.62212771908e-18,7.6861895488e-18,5.60775019443e-18,3.67719212203e-18,2.15835823643e-18,8.68915700167e-19,2.31981277676e-19,2.57824005906e-20],"var":[0.67725455761,6.59805393219,15.3658771515,111.653495789,361.964477539,371.875030518,421.03817749,865.44720459,1422.89953613,2791.1706543,2100.19018555,4893.62158203,4123.75634766,14360.6455078,5727.1640625,4904.96289062,2591.14941406,1715.64831543,1403.70959473,932.878173828,490.6980896,747.408447266,2419.9675293,951.394165039,232.224182129,139.971130371,58.6134910583,25.3472709656,12.5776329041,10.1405439377,0.455815494061,0.00808961782604,0.00384107953869,0.00178293592762,0.000720090174582,0.00024362638942,0.000291114411084,0.0067146574147,0.0024941964075,0.000538194493856]},"erbbands_crest":{"dmean":2.39823865891,"dmean2":3.92695760727,"dvar":5.73710155487,"dvar2":14.3587942123,"max":28.9787483215,"mean":7.46032381058,"median":6.46861171722,"min":2.34886312485,"var":13.2008905411},"erbbands_flatness_db":{"dmean":0.0184355080128,"dmean2":0.0281081385911,"dvar":0.000245007715421,"dvar2":0.000549708143808,"max":0.309366554022,"mean":0.142349436879,"median":0.138819441199,"min":0.0484688170254,"var":0.00110373541247},"erbbands_kurtosis":{"dmean":0.677804648876,"dmean2":1.09283351898,"dvar":0.650986850262,"dvar2":1.62286758423,"max":15.1729106903,"mean":0.173716917634,"median":-0.12606215477,"min":-1.6821590662,"var":1.64359378815},"erbbands_skewness":{"dmean":0.288103759289,"dmean2":0.450486510992,"dvar":0.0631132498384,"dvar2":0.146866217256,"max":2.89305877686,"mean":-0.0523770265281,"median":-0.0664935857058,"min":-2.67307639122,"var":0.25884065032},"erbbands_spread":{"dmean":6.49123907089,"dmean2":10.1182661057,"dvar":33.3006591797,"dvar2":78.3059005737,"max":101.444236755,"mean":32.6869277954,"median":31.7275791168,"min":4.48795461655,"var":151.07460022},"gfcc":{"cov":[[40092.0429688,3052.64697266,-2865.75146484,-226.332931519,-89.9531478882,-776.204284668,334.550354004,-566.520202637,-21.8312129974,-448.652679443,-210.67338562,-26.8371887207,-255.723510742],[3052.64697266,953.49597168,-99.6488189697,-172.586746216,97.5381851196,9.99868106842,17.665813446,-4.6776432991,-12.662560463,-26.5805988312,43.5653800964,-59.4407196045,58.7620162964],[-2865.75146484,-99.6488189697,572.108154297,101.317375183,14.6686868668,239.323150635,-114.35610199,143.816390991,-42.8089065552,81.7105560303,50.3881225586,-23.1248912811,67.3446121216],[-226.332931519,-172.586746216,101.317375183,288.745025635,57.2502632141,-34.1719245911,63.9387741089,-33.1336975098,1.33186435699,-3.76383924484,-11.2474470139,53.3924026489,-52.692741394],[-89.9531478882,97.5381851196,14.6686868668,57.2502632141,151.100112915,24.6258335114,60.0173225403,-4.64508247375,8.16726875305,-2.84375882149,18.034072876,-2.01329374313,18.8406257629],[-776.204284668,9.99868106842,239.323150635,-34.1719245911,24.6258335114,286.336669922,-44.2687225342,121.342391968,-24.6142501831,55.1474838257,32.3603744507,-25.0243816376,77.4310836792],[334.550354004,17.665813446,-114.35610199,63.9387741089,60.0173225403,-44.2687225342,194.230453491,-47.0889663696,66.5081710815,-13.9732847214,-25.3240718842,46.760017395,-35.8990898132],[-566.520202637,-4.6776432991,143.816390991,-33.1336975098,-4.64508247375,121.342391968,-47.0889663696,227.086196899,15.9286975861,41.1932792664,34.6718025208,-47.2219390869,59.3511581421],[-21.8312129974,-12.662560463,-42.8089065552,1.33186435699,8.16726875305,-24.6142501831,66.5081710815,15.9286975861,132.308532715,35.6940765381,-8.04107189178,25.3524742126,-31.8466339111],[-448.652679443,-26.5805988312,81.7105560303,-3.76383924484,-2.84375882149,55.1474838257,-13.9732847214,41.1932792664,35.6940765381,85.9200973511,43.7569694519,2.91132116318,20.9427757263],[-210.67338562,43.5653800964,50.3881225586,-11.2474470139,18.034072876,32.3603744507,-25.3240718842,34.6718025208,-8.04107189178,43.7569694519,79.9887771606,19.0093917847,30.2930927277],[-26.8371887207,-59.4407196045,-23.1248912811,53.3924026489,-2.01329374313,-25.0243816376,46.760017395,-47.2219390869,25.3524742126,2.91132116318,19.0093917847,87.1403961182,-13.5918464661],[-255.723510742,58.7620162964,67.3446121216,-52.692741394,18.8406257629,77.4310836792,-35.8990898132,59.3511581421,-31.8466339111,20.9427757263,30.2930927277,-13.5918464661,95.8858261108]],"icov":[[0.0000908636138774,-0.000370827299776,0.000709602318238,-0.000577427621465,0.000366762804333,-0.000355631345883,0.000273787096376,-0.0000660781734041,0.0000397865624109,-0.000122223922517,0.000160230832989,-0.00000144766715948,0.00000149136712935],[-0.000370827299776,0.00304905488156,-0.00296847359277,0.00312178372405,-0.00210525351577,0.00140701781493,-0.00164626643527,0.000957891810685,-0.000891086121555,0.00215849047527,-0.00280199199915,0.00172362278681,-0.000626792840194],[0.000709602318238,-0.00296847359277,0.00986012723297,-0.00717839458957,0.00305654038675,-0.00557920709252,0.0043873898685,-0.00119167205412,0.000451869069366,-0.00272597558796,0.00142371410038,0.000241246612859,-0.000543381727766],[-0.000577427621465,0.00312178372405,-0.00717839458957,0.0124440519139,-0.00768964271992,0.00520541053265,-0.00311208399944,-0.00196861219592,0.00484083266929,-0.00317873479798,0.00425363983959,-0.00699011236429,0.00575517956167],[0.000366762804333,-0.00210525351577,0.00305654038675,-0.00768964271992,0.01547241956,-0.00409993901849,-0.00325060053729,0.00396304484457,-0.00569373276085,0.00743775209412,-0.0100071495399,0.00985493790358,-0.0064606256783],[-0.000355631345883,0.00140701781493,-0.00557920709252,0.00520541053265,-0.00409993901849,0.00953788217157,-0.00204453244805,-0.00279472209513,0.00355084356852,-0.00437117833644,0.00395005987957,-0.00342953228392,-0.000563814479392],[0.000273787096376,-0.00164626643527,0.0043873898685,-0.00311208399944,-0.00325060053729,-0.00204453244805,0.0118006467819,-0.00104701088276,-0.00235771597363,-0.00188366207294,0.00588519405574,-0.00587093876675,0.00124016345944],[-0.0000660781734041,0.000957891810685,-0.00119167205412,-0.00196861219592,0.00396304484457,-0.00279472209513,-0.00104701088276,0.0105240000412,-0.0076193548739,0.00685073016211,-0.00954606942832,0.0102113811299,-0.00599966803566],[0.0000397865624109,-0.000891086121555,0.000451869069366,0.00484083266929,-0.00569373276085,0.00355084356852,-0.00235771597363,-0.0076193548739,0.0209769364446,-0.0174386054277,0.0144312474877,-0.0126025313511,0.00951012875885],[-0.000122223922517,0.00215849047527,-0.00272597558796,-0.00317873479798,0.00743775209412,-0.00437117833644,-0.00188366207294,0.00685073016211,-0.0174386054277,0.035018529743,-0.0250823330134,0.0144533831626,-0.00782569311559],[0.000160230832989,-0.00280199199915,0.00142371410038,0.00425363983959,-0.0100071495399,0.00395005987957,0.00588519405574,-0.00954606942832,0.0144312474877,-0.0250823330134,0.0395139567554,-0.0227288194001,0.00493673235178],[-0.00000144766715948,0.00172362278681,0.000241246612859,-0.00699011236429,0.00985493790358,-0.00342953228392,-0.00587093876675,0.0102113811299,-0.0126025313511,0.0144533831626,-0.0227288194001,0.0317538157105,-0.00841720867902],[0.00000149136712935,-0.000626792840194,-0.000543381727766,0.00575517956167,-0.0064606256783,-0.000563814479392,0.00124016345944,-0.00599966803566,0.00951012875885,-0.00782569311559,0.00493673235178,-0.00841720867902,0.022379251197]],"mean":[-24.7252388,88.0387496948,-104.102775574,0.607982695103,-6.24405622482,-27.3757858276,11.5998497009,-30.6429595947,-1.77172958851,-12.5236721039,-6.74173021317,6.35057497025,-11.6065587997]},"hfc":{"dmean":44.3752593994,"dmean2":69.9296112061,"dvar":3129.9597168,"dvar2":7543.6875,"max":966.010009766,"mean":174.644927979,"median":164.326263428,"min":1.02138448858e-16,"var":13954.2207031},"melbands":{"dmean":[0.00259620463476,0.00122063793242,0.000842355075292,0.000563449284527,0.00028808839852,0.000256703438936,0.000189893704373,0.000127075603814,0.000116463204904,0.0000947247172007,0.000113983747724,0.000143097306136,0.0000948727974901,0.0000880928273546,0.0000666376872687,0.000037468264054,0.0000328831629304,0.0000289594718197,0.0000176251051016,0.0000139188032335,0.0000116074770631,0.0000108132107925,0.0000134447454911,0.0000148121853272,0.00000923233437788,0.00000482385439682,0.0000032969401218,0.00000230957266467,0.00000173404453108,0.00000139077042149,0.00000114294209652,8.63679304075e-7,9.01197495295e-7,8.94275672181e-7,2.80851082834e-7,3.14977945948e-8,2.68879194465e-8,2.35023343009e-8,2.07963850585e-8,1.86210300512e-8],"dmean2":[0.00426451070234,0.00203414773569,0.00145422457717,0.000938168086577,0.000475486071082,0.00041352090193,0.000301541440422,0.000202400289709,0.000184611533768,0.000149019455421,0.000186395118362,0.000225184543524,0.000152575856191,0.000141693279147,0.00010972871678,0.00006137881428,0.0000536180232302,0.0000478588517581,0.0000290593634418,0.0000229217948799,0.0000192181723833,0.0000176297144208,0.0000216466251004,0.0000235360876104,0.0000146290958583,0.00000751686320655,0.00000519419199918,0.00000359787350135,0.00000268948224402,0.00000215895511246,0.00000177204935881,0.00000133661342261,0.00000136696428399,0.00000134582830924,4.42997787786e-7,5.23565759636e-8,4.47201458087e-8,3.90608541068e-8,3.45232997745e-8,3.08727656773e-8],"dvar":[0.0000398781048716,0.00000318565889756,0.00000309576807922,0.00000125597864553,3.35184552114e-7,2.49175940326e-7,1.65821916198e-7,1.21694540667e-7,9.84844561458e-8,1.06800264632e-7,7.21036457207e-8,1.14194136813e-7,5.01007875187e-8,3.21285789084e-8,1.0847946541e-8,3.94506916024e-9,3.79715547894e-9,3.47713369209e-9,1.00783970058e-9,5.12853870482e-10,3.48292644725e-10,3.24210491787e-10,6.28560203886e-10,8.76794081783e-10,2.83938234036e-10,8.08327502155e-11,4.6426144179e-11,3.39757597057e-11,1.38415112705e-11,6.74170398327e-12,3.89156415426e-12,1.79785808636e-12,1.77744776363e-12,1.5201403504e-12,1.53283527364e-13,3.42591771704e-15,2.49413044132e-15,1.88415702853e-15,1.45043454904e-15,1.13533596332e-15],"dvar2":[0.0000993720095721,0.0000082673095676,0.00000879478466231,0.00000316861269312,8.34014542761e-7,6.10966878867e-7,4.05444552598e-7,2.83445587002e-7,2.29123841677e-7,2.44893612944e-7,1.86906063959e-7,2.57516404645e-7,1.25789242134e-7,7.20891364381e-8,2.66825317397e-8,9.68829638737e-9,9.16747033841e-9,8.99726071424e-9,2.67804223242e-9,1.32779598427e-9,9.17935505385e-10,8.69212590793e-10,1.61215840677e-9,2.21565898961e-9,6.81570189176e-10,1.92415486322e-10,1.05601971612e-10,7.09504954788e-11,2.97819754969e-11,1.56643413518e-11,8.94874539054e-12,4.09984242736e-12,3.81524629597e-12,3.39931403338e-12,3.69358840388e-13,8.63109463187e-15,6.28692459759e-15,4.74656087818e-15,3.65059341805e-15,2.85395130786e-15],"max":[0.0768603533506,0.0294328201562,0.0302755460143,0.0249213445932,0.0141844628379,0.012573113665,0.00855131167918,0.0119877792895,0.00789562333375,0.0131279388443,0.00618790229782,0.00999703630805,0.00533399591222,0.00545173231512,0.00196604197845,0.00165464566089,0.00135357130785,0.001471855212,0.000869353709277,0.000613975746091,0.000389817054383,0.000374044233467,0.000453778600786,0.000746123085264,0.00043893881957,0.000236155115999,0.000207446981221,0.000211063234019,0.000131112508825,0.000104667713458,0.000071928880061,0.000031449002563,0.0000342351522704,0.0000204843618121,0.00000547077843294,0.00000101687066945,8.48930824304e-7,7.23993366591e-7,6.25640154794e-7,5.47366994397e-7],"mean":[0.00253361766227,0.0016937633045,0.00112193310633,0.000804982555564,0.000421152886702,0.000391018547816,0.000289985182462,0.000197428598767,0.000166895872098,0.000140726813697,0.000168946833583,0.000222770060645,0.000146789185237,0.000143390134326,0.000116470568173,0.0000644376195851,0.0000563822686672,0.0000492206054332,0.0000324239153997,0.0000267010800599,0.00002197318463,0.0000207470420719,0.0000256769708358,0.0000282313976641,0.0000176851299329,0.00000930649821385,0.00000639337986286,0.00000447632601208,0.00000352373876922,0.00000290753268928,0.00000232276693168,0.00000183618010396,0.0000017398538148,0.00000158789748639,4.29132114732e-7,3.14099182219e-8,2.67532929143e-8,2.35632242607e-8,2.10847037607e-8,1.9140934171e-8],"median":[0.000747143640183,0.00104799296241,0.000508729135618,0.000378507538699,0.000218068773393,0.00020192694501,0.000125757665955,0.0000656408228679,0.0000508347038704,0.0000448744867754,0.0000693068650435,0.0000795829473645,0.0000632830342511,0.0000805885938462,0.0000743074560887,0.000039443399146,0.0000312487245537,0.0000287087150355,0.0000181597788469,0.0000170045186678,0.0000148544750118,0.0000120281165437,0.0000123158406495,0.000012422099644,0.00000854617974255,0.00000509552501171,0.00000372375234292,0.00000251985420618,0.0000022047688617,0.00000195698385141,0.00000169510349224,0.00000133272021685,0.00000116430749131,9.68476228991e-7,2.52060516459e-7,1.09680406979e-8,9.28069177064e-9,8.40112246436e-9,7.76719222273e-9,7.30670990379e-9],"min":[9.01940467503e-25,8.71514398211e-25,1.28803512554e-24,5.87597589877e-25,6.60798014728e-25,6.8370554934e-25,1.51945496626e-24,1.16350652911e-24,1.06997523589e-24,8.0010527926e-25,2.06364020932e-24,2.69626918441e-24,2.0777462256e-24,1.41165879989e-24,2.73938595491e-24,2.84346806553e-24,3.37361335941e-24,1.57324679974e-24,3.83798658646e-24,3.45054346932e-24,3.62672332516e-24,2.9148217177e-24,3.09310132405e-24,3.35563127508e-24,4.43335016683e-24,4.23943040695e-24,4.37916567783e-24,4.57779651503e-24,3.9546338708e-24,4.75163582056e-24,5.24689768522e-24,4.87836711385e-24,3.865566347e-24,4.79520421393e-24,5.79137737061e-24,5.04373365882e-24,5.36191242191e-24,4.44926109685e-24,4.46124231628e-24,5.57846933432e-24],"var":[0.000034880664316,0.00000469971791972,0.00000347587115357,0.00000205080846172,4.95891754326e-7,4.44469890226e-7,3.02897319671e-7,2.756331412e-7,1.51636484702e-7,1.70162039126e-7,1.09018699845e-7,2.39700483462e-7,8.65428830821e-8,5.51055059361e-8,2.03221084405e-8,6.94471546936e-9,7.3792647548e-9,5.27057730793e-9,2.09433137499e-9,1.13912967947e-9,6.58400556297e-10,7.27966797953e-10,1.61236524132e-9,2.11465001065e-9,6.317163459e-10,1.64819408122e-10,9.0041314682e-11,6.47811318477e-11,2.83373758486e-11,1.43273500702e-11,7.59116901283e-12,4.20017146063e-12,4.16799277383e-12,3.25805138077e-12,2.55862659618e-13,3.49909966961e-15,2.54745857689e-15,1.93544339118e-15,1.50251924025e-15,1.18975338326e-15]},"melbands_crest":{"dmean":4.61068916321,"dmean2":7.56762170792,"dvar":19.068561554,"dvar2":46.3805732727,"max":35.9866790771,"mean":13.5409669876,"median":12.3389310837,"min":1.00085067749,"var":38.3345184326},"melbands_flatness_db":{"dmean":0.0308875888586,"dmean2":0.0485523603857,"dvar":0.00077319360571,"dvar2":0.00187221507076,"max":0.4775865376,"mean":0.20888479054,"median":0.207529827952,"min":-1.63944292808e-7,"var":0.00355689460412},"melbands_kurtosis":{"dmean":5.84121131897,"dmean2":9.58157444,"dvar":115.024307251,"dvar2":298.253662109,"max":214.837188721,"mean":7.83184099197,"median":4.0946264267,"min":-1.68748140335,"var":148.966873169},"melbands_skewness":{"dmean":0.805705904961,"dmean2":1.26587092876,"dvar":0.793155550957,"dvar2":1.92738211155,"max":12.7599277496,"mean":2.16347670555,"median":1.96240770817,"min":-1.33012259007,"var":2.03903865814},"melbands_spread":{"dmean":7.60368156433,"dmean2":12.0649032593,"dvar":56.7530632019,"dvar2":134.720703125,"max":159.082473755,"mean":27.8483352661,"median":23.826259613,"min":1.02789890766,"var":475.176757812},"mfcc":{"cov":[[13806.4472656,3316.28637695,-1217.11108398,917.02142334,-545.189575195,382.29586792,-137.526641846,292.32699585,72.2337188721,-133.11491394,224.665298462,-218.405426025,105.535057068],[3316.28637695,1647.27502441,-274.870239258,98.4606018066,-49.3542366028,119.669776917,24.5746269226,32.0402030945,23.6455841064,-48.6384506226,51.2455635071,-16.9145298004,13.8069229126],[-1217.11108398,-274.870239258,518.44543457,-192.173370361,221.436538696,-43.9070053101,90.3616104126,-31.0188560486,-4.88994884491,59.6879234314,-49.1916656494,78.5749664307,-23.4931774139],[917.02142334,98.4606018066,-192.173370361,471.563446045,-127.361160278,113.008049011,-48.0415344238,52.768661499,-23.0006027222,-66.3074188232,50.0555381775,-66.6597976685,63.2373504639],[-545.189575195,-49.3542366028,221.436538696,-127.361160278,245.431533813,-43.8742523193,94.8592376709,-19.6277732849,4.55935668945,36.4420204163,-34.7792015076,67.4876937866,-31.930513382],[382.29586792,119.669776917,-43.9070053101,113.008049011,-43.8742523193,208.862121582,11.9655590057,26.4148273468,2.66703748703,-18.4043655396,11.2331628799,-38.0784797668,51.6222114563],[-137.526641846,24.5746269226,90.3616104126,-48.0415344238,94.8592376709,11.9655590057,147.412521362,14.5124015808,12.4283189774,10.5202217102,-31.8356647491,31.4070835114,-21.4234428406],[292.32699585,32.0402030945,-31.0188560486,52.768661499,-19.6277732849,26.4148273468,14.5124015808,102.066253662,36.9377708435,14.1891012192,23.426858902,-21.0288982391,14.0831871033],[72.2337188721,23.6455841064,-4.88994884491,-23.0006027222,4.55935668945,2.66703748703,12.4283189774,36.9377708435,89.4234771729,53.6959152222,16.5649032593,6.31403970718,-10.8984489441],[-133.11491394,-48.6384506226,59.6879234314,-66.3074188232,36.4420204163,-18.4043655396,10.5202217102,14.1891012192,53.6959152222,86.2691040039,28.2343101501,22.0751037598,-6.28063869476],[224.665298462,51.2455635071,-49.1916656494,50.0555381775,-34.7792015076,11.2331628799,-31.8356647491,23.426858902,16.5649032593,28.2343101501,76.0079193115,15.5173177719,18.0326747894],[-218.405426025,-16.9145298004,78.5749664307,-66.6597976685,67.4876937866,-38.0784797668,31.4070835114,-21.0288982391,6.31403970718,22.0751037598,15.5173177719,78.7997665405,5.37285470963],[105.535057068,13.8069229126,-23.4931774139,63.2373504639,-31.930513382,51.6222114563,-21.4234428406,14.0831871033,-10.8984489441,-6.28063869476,18.0326747894,5.37285470963,74.921875]],"icov":[[0.0001952242892,-0.000367749744328,0.000176434623427,-0.00027253330336,0.000188895020983,-0.0000697510622558,0.000176380417543,-0.000459664472146,0.000325790577335,-0.000509789329953,0.000393545080442,-0.000312373245833,0.000275869882898],[-0.000367749744328,0.00144422205631,0.000104312261101,0.000691473833285,-0.000733051681891,-0.000214021958527,-0.000677572214045,0.00105058029294,-0.0011510879267,0.0019123905804,-0.00168078113347,0.000768930185586,-0.000512966362294],[0.000176434623427,0.000104312261101,0.00424274615943,0.0000268707790383,-0.00208227545954,-0.00104889611248,0.000562238041312,-0.00132127001416,0.0025584846735,-0.00361517281272,0.00316244619898,-0.00286609679461,0.000797854328994],[-0.00027253330336,0.000691473833285,0.0000268707790383,0.00431575579569,-0.000742431264371,-0.000159668037668,-0.00125650840346,0.000815936422441,-0.00167617842089,0.00502157770097,-0.00524557661265,0.00425688549876,-0.00296246423386],[0.000188895020983,-0.000733051681891,-0.00208227545954,-0.000742431264371,0.0100232390687,-0.000399800279411,-0.00168492866214,-0.00185037672054,0.00291754957289,-0.00453362707049,0.00522751081735,-0.00702018337324,0.00354555132799],[-0.0000697510622558,-0.000214021958527,-0.00104889611248,-0.000159668037668,-0.000399800279411,0.00869785714895,-0.00402989191934,0.00296489335597,-0.00365159334615,0.00351734180003,-0.00470124138519,0.00836800877005,-0.00763430213556],[0.000176380417543,-0.000677572214045,0.000562238041312,-0.00125650840346,-0.00168492866214,-0.00402989191934,0.0139339705929,-0.00675190147012,0.00300687085837,-0.00423259288073,0.0103607624769,-0.010697780177,0.00678137456998],[-0.000459664472146,0.00105058029294,-0.00132127001416,0.000815936422441,-0.00185037672054,0.00296489335597,-0.00675190147012,0.019409455359,-0.0107964575291,0.00701091764495,-0.0119436923414,0.0136559875682,-0.00814706459641],[0.000325790577335,-0.0011510879267,0.0025584846735,-0.00167617842089,0.00291754957289,-0.00365159334615,0.00300687085837,-0.0107964575291,0.0273932758719,-0.0210405066609,0.0109400423244,-0.010723112151,0.00897567998618],[-0.000509789329953,0.0019123905804,-0.00361517281272,0.00502157770097,-0.00453362707049,0.00351734180003,-0.00423259288073,0.00701091764495,-0.0210405066609,0.0368333384395,-0.0217563007027,0.012153682299,-0.00749822612852],[0.000393545080442,-0.00168078113347,0.00316244619898,-0.00524557661265,0.00522751081735,-0.00470124138519,0.0103607624769,-0.0119436923414,0.0109400423244,-0.0217563007027,0.0383761450648,-0.0238168630749,0.00808823853731],[-0.000312373245833,0.000768930185586,-0.00286609679461,0.00425688549876,-0.00702018337324,0.00836800877005,-0.010697780177,0.0136559875682,-0.010723112151,0.012153682299,-0.0238168630749,0.0396639406681,-0.0162298884243],[0.000275869882898,-0.000512966362294,0.000797854328994,-0.00296246423386,0.00354555132799,-0.00763430213556,0.00678137456998,-0.00814706459641,0.00897567998618,-0.00749822612852,0.00808823853731,-0.0162298884243,0.0259397476912]],"mean":[-672.117675781,152.84664917,-38.0815391541,41.8461456299,-11.6157674789,23.7640457153,-0.741474270821,9.36860466003,-1.78736805916,-10.4218072891,7.52911186218,-7.33759498596,6.36693763733]},"pitch_salience":{"dmean":0.0816794410348,"dmean2":0.130850344896,"dvar":0.0061464169994,"dvar2":0.0151519728824,"max":0.996069252491,"mean":0.605835914612,"median":0.626079499722,"min":0.0909318700433,"var":0.0125884963199},"silence_rate_20dB":{"dmean":0,"dmean2":0,"dvar":0,"dvar2":0,"max":1,"mean":1,"median":1,"min":1,"var":0},"silence_rate_30dB":{"dmean":0.0292481984943,"dmean2":0.058502420783,"dvar":0.0283920336515,"dvar2":0.0717631578445,"max":1,"mean":0.977551221848,"median":1,"min":0,"var":0.0219445507973},"silence_rate_60dB":{"dmean":0.00288362521678,"dmean2":0.00576784415171,"dvar":0.00287549104542,"dvar2":0.00676525989547,"max":1,"mean":0.10297600925,"median":0,"min":0,"var":0.0923679098487},"spectral_centroid":{"dmean":233.554763794,"dmean2":355.988372803,"dvar":57649.6757812,"dvar2":120704.273438,"max":11900.8710938,"mean":1615.91943359,"median":1318.30334473,"min":195.539733887,"var":2290770.25},"spectral_complexity":{"dmean":3.54768276215,"dmean2":5.38963842392,"dvar":11.82259655,"dvar2":23.8719120026,"max":60,"mean":23.3267421722,"median":25,"min":0,"var":134.881317139},"spectral_contrast_coeffs":{"dmean":[0.0578405112028,0.0508108511567,0.0378879867494,0.0274414531887,0.0202810894698,0.0510157644749],"dmean2":[0.0945831984282,0.0849483013153,0.0631528794765,0.0457362122834,0.032715100795,0.079723380506],"dvar":[0.00221332302317,0.00162412342615,0.000955046270974,0.000464344717329,0.000291191914584,0.0018021321157],"dvar2":[0.00573313748464,0.0044035371393,0.00259318877943,0.0012774609495,0.000698634888977,0.00438257586211],"max":[-0.353796720505,-0.449148476124,-0.484371125698,-0.642174482346,-0.557229697704,-0.435261368752],"mean":[-0.678258836269,-0.765528261662,-0.804804265499,-0.811494469643,-0.80458265543,-0.680320620537],"median":[-0.679987192154,-0.767590880394,-0.809110760689,-0.811706542969,-0.807301521301,-0.675955176353],"min":[-0.997920095921,-0.99679762125,-0.994007587433,-0.986559092999,-0.990550875664,-0.964738070965],"var":[0.00897366553545,0.00498318718746,0.00350664998405,0.00198469008319,0.00231455778703,0.00781762413681]},"spectral_contrast_valleys":{"dmean":[0.434179931879,0.365920841694,0.298426061869,0.237277582288,0.224947020411,0.661064445972],"dmean2":[0.700750648975,0.598714709282,0.487288594246,0.378727704287,0.325458586216,1.05379796028],"dvar":[0.133265152574,0.105385497212,0.0773797333241,0.0590856894851,0.0782437026501,0.302090287209],"dvar2":[0.309479415417,0.239978849888,0.161362975836,0.109977565706,0.126662760973,0.783183991909],"max":[-4.79624080658,-4.72106170654,-5.07478904724,-5.70425748825,-5.71539878845,-8.99301528931],"mean":[-7.51570606232,-7.12945604324,-7.26553153992,-7.63556861877,-7.81372928619,-11.7639818192],"median":[-6.78313207626,-6.43644762039,-6.56411981583,-6.935546875,-7.18053150177,-11.2483930588],"min":[-28.1052303314,-28.2203941345,-27.8650035858,-27.7897815704,-27.5692863464,-27.4786167145],"var":[10.2089309692,10.4660682678,10.1973276138,9.73426818848,9.50897216797,6.73194313049]},"spectral_decrease":{"dmean":3.66301522448e-9,"dmean2":5.83731685211e-9,"dvar":3.30368061894e-17,"dvar2":8.00331984231e-17,"max":5.7956786037e-9,"mean":-5.89574433718e-9,"median":-4.05923472613e-9,"min":-6.77639135915e-8,"var":4.47811032916e-17},"spectral_energy":{"dmean":0.0149544840679,"dmean2":0.0236613862216,"dvar":0.000495527521707,"dvar2":0.00120442558546,"max":0.276278436184,"mean":0.0380927175283,"median":0.03335230425,"min":9.93736094609e-21,"var":0.000897944031749},"spectral_energyband_high":{"dmean":0.000259037769865,"dmean2":0.000362271210179,"dvar":1.2107044256e-7,"dvar2":2.31465747902e-7,"max":0.00877488031983,"mean":0.000988264335319,"median":0.000784359523095,"min":6.80611720489e-21,"var":7.44224166738e-7},"spectral_energyband_low":{"dmean":0.0105772884563,"dmean2":0.017323596403,"dvar":0.000416618160671,"dvar2":0.00102356134448,"max":0.252015471458,"mean":0.0130477789789,"median":0.00674941111356,"min":1.20458216146e-23,"var":0.000431630032836},"spectral_energyband_middle_high":{"dmean":0.00236147688702,"dmean2":0.00358654907905,"dvar":0.0000124695998238,"dvar2":0.0000286991544272,"max":0.0765949711204,"mean":0.00719937216491,"median":0.00565871037543,"min":1.19208792685e-21,"var":0.0000463958676846},"spectral_energyband_middle_low":{"dmean":0.00543151563033,"dmean2":0.00881604198366,"dvar":0.0000750377148506,"dvar2":0.000195664557396,"max":0.128454625607,"mean":0.0111314496025,"median":0.0079440344125,"min":1.30433278673e-22,"var":0.000136037429911},"spectral_entropy":{"dmean":0.112742215395,"dmean2":0.169499754906,"dvar":0.0119126290083,"dvar2":0.0244882684201,"max":9.8245716095,"mean":7.70778465271,"median":7.70407342911,"min":6.28105258942,"var":0.155481055379},"spectral_flux":{"dmean":0.0269909091294,"dmean2":0.0437482520938,"dvar":0.00120377726853,"dvar2":0.00289725628681,"max":0.447054624557,"mean":0.110827237368,"median":0.10917699337,"min":6.36372204932e-11,"var":0.00359333003871},"spectral_kurtosis":{"dmean":3.18328475952,"dmean2":4.73963451385,"dvar":16.0650634766,"dvar2":35.2423057556,"max":88.2434310913,"mean":17.2245883942,"median":16.3527755737,"min":-1.27947795391,"var":50.307182312},"spectral_rms":{"dmean":0.00103026197758,"dmean2":0.00158520007972,"dvar":0.00000155124689627,"dvar2":0.00000360351032214,"max":0.016417670995,"mean":0.00552505161613,"median":0.00570428185165,"min":3.11367728476e-12,"var":0.00000663740911477},"spectral_rolloff":{"dmean":4216.07763672,"dmean2":7948.15283203,"dvar":51905420,"dvar2":115057432,"max":22050,"mean":16704.4980469,"median":20994.8730469,"min":64.599609375,"var":64200804},"spectral_skewness":{"dmean":0.266386657953,"dmean2":0.383028239012,"dvar":0.093177177012,"dvar2":0.182578355074,"max":7.25669431686,"mean":2.60525345802,"median":2.563164711,"min":-0.107158906758,"var":0.522746443748},"spectral_spread":{"dmean":372411.3125,"dmean2":578135.9375,"dvar":305745133568,"dvar2":616757395456,"max":43459912,"mean":4658985.5,"median":3857272.25,"min":1790592.5,"var":29012745257000},"spectral_strongpeak":{"dmean":4.24300527573,"dmean2":7.93315553665,"dvar":191.38609314,"dvar2":509.118255615,"max":308.319824219,"mean":3.41274595261,"median":0.34631806612,"min":0,"var":161.791931152},"zerocrossingrate":{"dmean":0.0407777689397,"dmean2":0.0511238873005,"dvar":0.00119742366951,"dvar2":0.00191428849939,"max":0.95361328125,"mean":0.314166426659,"median":0.31298828125,"min":0.06494140625,"var":0.00747334584594}},"metadata":{"audio_properties":{"analysis_sample_rate":44100,"bit_rate":128000,"codec":"mp3","downmix":"mix","equal_loudness":0,"length":225.463928223,"lossless":false,"md5_encoded":"35fd7c75eabfbeed488051c93dcafa99","replay_gain":-5.42478179932,"sample_rate":44100},"tags":{"album":["Done With Mirrors"],"albumartist":["Aerosmith"],"albumartistsort":["Aerosmith"],"artist":["Aerosmith"],"artistsort":["Aerosmith"],"asin":["B000000OY5"],"barcode":["720642409121"],"catalognumber":["24091-2"],"composer":["Aerosmith"],"date":["1985"],"discnumber":["1/1"],"file_name":"08. Aerosmith - The Hop.mp3","genre":["Rock"],"label":["Geffen Records"],"musicbrainz album release country":["US"],"musicbrainz album status":["official"],"musicbrainz album type":["album"],"musicbrainz_albumartistid":["3d2b98e5-556f-4451-a3ff-c50ea18d57cb"],"musicbrainz_albumid":["66e0a70b-6214-4d2d-9b4b-95fe4fd0c209"],"musicbrainz_artistid":["3d2b98e5-556f-4451-a3ff-c50ea18d57cb"],"musicbrainz_recordingid":["463efb27-023a-4316-a869-e2522b787ff9"],"musicip_puid":["0b0ec56a-d450-f74b-c744-b9ea7cf03fec"],"title":["The Hop"],"tracknumber":["8/9"]},"version":{"essentia":"2.1-beta1","essentia_build_sha":"ca57ba49d9b1854bd80e60cf9ccf267278fb7d6b","essentia_git_sha":"v2.1_beta1-28-g21ef5f4-dirty","extractor":"music 1.0"}},"rhythm":{"beats_count":360,"beats_loudness":{"dmean":0.0146377068013,"dmean2":0.0255551710725,"dvar":0.000239857181441,"dvar2":0.000671391026117,"max":0.169388726354,"mean":0.0440109185874,"median":0.0462577268481,"min":0,"var":0.000644300656859},"beats_loudness_band_ratio":{"dmean":[0.1269184798,0.0890781208873,0.0553628765047,0.0525719858706,0.0264855977148,0.0850774198771],"dmean2":[0.215633675456,0.153413742781,0.0962455794215,0.0912558808923,0.0452628359199,0.14624838531],"dvar":[0.0121535593644,0.0057174032554,0.00626184931025,0.00323053123429,0.000722892931662,0.00557208061218],"dvar2":[0.0327511057258,0.0156453382224,0.0178783666342,0.00901919137686,0.00185171549674,0.01570755988