{"lowlevel":{"average_loudness":0.947370290756,"barkbands":{"dmean":[0.0000597019716224,0.00242716865614,0.00313995103352,0.00463546067476,0.00511932745576,0.00225417199545,0.000788174103945,0.000447884987807,0.00089793629013,0.000625423155725,0.000415374001022,0.000555575126782,0.000401588855311,0.00020791029965,0.000192827486899,0.00010665802256,0.000103601370938,0.0000799997651484,0.0000529456192453,0.0000480092021462,0.0000430022664659,0.000045234872232,0.0000384490776923,0.0000446857593488,0.0000543642163393,0.0000305154917442,0.00000286865406451],"dmean2":[0.0000889710427145,0.00397386867553,0.0055340025574,0.00792628061026,0.00866216793656,0.00377128971741,0.00130135158543,0.000695155817084,0.00136854825541,0.000972673820797,0.000656990043353,0.000881638668943,0.00063144788146,0.000332750816597,0.000301243300783,0.000169092701981,0.000163902746863,0.000125749676954,0.0000825733222882,0.0000753932399675,0.0000648838104098,0.0000684399419697,0.000056675497035,0.000061571416154,0.0000762342388043,0.0000434781431977,0.00000416317470808],"dvar":[1.09965139217e-8,0.000014015621673,0.0000422985176556,0.0000591156021983,0.000052620198403,0.0000170087005245,0.0000031238801057,0.00000129036982344,0.00000509859410158,0.00000294909591503,7.11716268142e-7,0.00000114562249109,6.36641232177e-7,2.05321185831e-7,1.50825144374e-7,5.35024113901e-8,4.65403608985e-8,3.23756417231e-8,1.14784874938e-8,7.09313585645e-9,8.51409343028e-9,2.34358683571e-8,1.51231702716e-8,1.02292032622e-8,2.27866614466e-8,1.41363196704e-8,2.49021803178e-10],"dvar2":[2.43968560909e-8,0.0000365556843462,0.000120158780192,0.000161632691743,0.000143355951877,0.0000462278403575,0.0000079555575212,0.0000029078339594,0.0000115375178211,0.00000711036000212,0.00000176745220415,0.00000280592439594,0.00000156894657266,5.14324767664e-7,3.56992813977e-7,1.2094822921e-7,1.12726240786e-7,7.56843476779e-8,2.55934207161e-8,1.70643925657e-8,2.07565822308e-8,6.02849397069e-8,3.73508051155e-8,2.09180424093e-8,4.80545772064e-8,2.90232442524e-8,5.60547330775e-10],"max":[0.00152111216448,0.0536345429718,0.0606861710548,0.11146619916,0.119528442621,0.0575027838349,0.0480890087783,0.0315935239196,0.0593772307038,0.0433651469648,0.0192510262132,0.0198911242187,0.0215777251869,0.00952135771513,0.00983491819352,0.00680271163583,0.00524594075978,0.00550345797092,0.00332671683282,0.002073954558,0.00385499279946,0.0048591401428,0.00343576841988,0.0024322590325,0.00428171409294,0.00346897961572,0.000737289548852],"mean":[0.000136479284265,0.00625618500635,0.00370184914209,0.00711600435898,0.0102017736062,0.00339123304002,0.00113932217937,0.000759380403906,0.00157417636365,0.00103769078851,0.000691663532052,0.00102811655961,0.000684329133946,0.00034718887764,0.000357587821782,0.000196567911189,0.000185058830539,0.00014024230768,0.0000994477741187,0.0000933846313274,0.0000842019871925,0.0000816960455268,0.0000728025770513,0.0000863612003741,0.0000967096348177,0.0000454122528026,0.00000364496759175],"median":[0.0000362159844371,0.00451244041324,0.00209928350523,0.00363523326814,0.00727766286582,0.00206114258617,0.000509688339662,0.000291524775093,0.00058480608277,0.000398117030272,0.00032492383616,0.000525169365574,0.000316291523632,0.000157341724844,0.000167364341905,0.000103912920167,0.0000908670263016,0.0000702097822796,0.0000506190735905,0.0000499964844494,0.0000415474969486,0.00002845216477,0.0000223372717301,0.0000247513744398,0.0000363247017958,0.00001385221276,8.66858272275e-7],"min":[2.17797149664e-25,2.94949964866e-24,4.69570242694e-25,6.22612709573e-25,3.40628087836e-24,7.95477791608e-24,5.5230321342e-24,3.44764637765e-24,1.31317588593e-23,1.20421155461e-23,1.01849531706e-23,2.32366978682e-23,1.99924442866e-23,2.90925086087e-23,4.34947389999e-23,5.41515714091e-23,5.51944960129e-23,7.57285264431e-23,8.75509071506e-23,1.34573056621e-22,1.71066519403e-22,2.59355907646e-22,4.06550991186e-22,5.47622545104e-22,8.97494498717e-22,1.24564807346e-21,1.93668123973e-21],"var":[4.4597847193e-8,0.0000391928770114,0.0000323199965351,0.0000891469753697,0.0000993951471173,0.0000201547445613,0.00000421709864895,0.00000272790612144,0.0000118940415632,0.00000616460374658,0.00000123556537801,0.00000226559131988,0.00000119915955565,3.52482771859e-7,3.40980250257e-7,1.08370571184e-7,9.44082572119e-8,5.46458203132e-8,2.32782646492e-8,1.62150772809e-8,1.49578962549e-8,3.0913529514e-8,2.42364350811e-8,2.56541987653e-8,3.57497107473e-8,1.77810779434e-8,2.12520265275e-10]},"barkbands_crest":{"dmean":2.3032720089,"dmean2":3.78522706032,"dvar":4.68909597397,"dvar2":11.8512220383,"max":24.9091796875,"mean":10.4280633926,"median":9.74139404297,"min":2.85989975929,"var":14.125123024},"barkbands_flatness_db":{"dmean":0.0242569707334,"dmean2":0.0361867696047,"dvar":0.000568321614992,"dvar2":0.00126401241869,"max":0.484525799751,"mean":0.155125811696,"median":0.148237898946,"min":0.0334439761937,"var":0.00320213893428},"barkbands_kurtosis":{"dmean":4.96269512177,"dmean2":8.02018070221,"dvar":93.3886108398,"dvar2":230.37928772,"max":286.82119751,"mean":8.32312774658,"median":4.4615020752,"min":-1.9430232048,"var":173.079818726},"barkbands_skewness":{"dmean":0.652590215206,"dmean2":1.02752482891,"dvar":0.54201990366,"dvar2":1.29016840458,"max":12.4704685211,"mean":1.99434304237,"median":1.93395161629,"min":-3.36445426941,"var":2.05402374268},"barkbands_spread":{"dmean":5.30138921738,"dmean2":8.28078842163,"dvar":72.0779190063,"dvar2":166.001739502,"max":121.695808411,"mean":16.8988685608,"median":13.0537862778,"min":0.635374724865,"var":232.584991455},"dissonance":{"dmean":0.019649380818,"dmean2":0.0330044813454,"dvar":0.00042717193719,"dvar2":0.00112835527398,"max":0.500000178814,"mean":0.459321171045,"median":0.466257214546,"min":0,"var":0.000937765522394},"dynamic_complexity":2.43312072754,"erbbands":{"dmean":[0.0611372217536,0.618986427784,2.82002520561,10.1809501648,18.0223445892,17.8849124908,16.266784668,17.8140335083,12.803691864,8.54893875122,10.9277162552,17.6825237274,24.1800498962,13.492272377,18.2474918365,20.6430854797,15.4871320724,11.4519100189,9.04400539398,8.58327388763,5.32026481628,5.38833618164,4.81223773956,2.21650576591,2.88814353943,2.1249089241,2.14186000824,1.63694643974,1.64246606827,1.28032791615,1.06321823597,0.91630512476,0.7559491992,0.588178753853,0.441100031137,0.182692751288,0.0438597425818,0.006603540387,0.00048647125368,0.0000270188629656],"dmean2":[0.0965864285827,1.03067874908,4.95150613785,17.5616035461,31.0744228363,30.2123680115,27.0328483582,30.1411304474,21.1390628815,13.6499910355,16.7533054352,27.0837612152,37.3787918091,21.0694160461,28.8074569702,32.421333313,24.3938179016,18.1101207733,14.29180336,13.4926605225,8.46103382111,8.47076034546,7.5243935585,3.37559509277,4.47817802429,3.30321097374,3.31776499748,2.45274043083,2.49599838257,1.90872573853,1.5616825819,1.29553794861,1.05384504795,0.830715894699,0.631419241428,0.263258904219,0.0619736723602,0.00931367464364,0.000693829439115,0.0000410837019444],"dvar":[0.0102683762088,0.953626811504,31.7480010986,336.738891602,745.857177734,672.615966797,705.875061035,1274.52087402,890.0625,290.493988037,910.953674316,2196.44702148,4463.48339844,930.143005371,1325.2857666,1626.16052246,1005.42120361,477.879302979,336.428466797,286.477874756,136.186065674,123.619850159,110.166717529,21.0622024536,40.1258544922,13.3431215286,17.3684215546,18.9534549713,31.4449806213,17.7206935883,12.9413909912,6.50610780716,2.56065130234,1.70328724384,2.02708554268,0.464505761862,0.0351983346045,0.000827454146929,0.0000043752233978,5.02406898306e-8],"dvar2":[0.0250496380031,2.54043459892,90.2481384277,927.941223145,2117.60083008,1781.42004395,1845.81677246,3528.50634766,2315.69067383,687.09375,2021.47485352,4986.16552734,11256.8935547,2293.2043457,3321.72241211,3982.09667969,2451.06542969,1162.78393555,815.279785156,652.670227051,287.850616455,290.929840088,256.883605957,47.0903778076,90.0898971558,31.6453418732,44.0478057861,46.1329689026,82.0724182129,43.5020484924,32.3126296997,14.5855550766,5.20739269257,3.47103834152,4.41435098648,0.963908851147,0.0744379684329,0.00175897195004,0.00000914561405807,1.24320322925e-7],"max":[1.77718114853,12.8411302567,50.7442092896,260.238677979,439.838378906,413.43637085,417.493164062,560.929382324,861.217407227,338.871520996,773.574951172,1310.53027344,1632.27624512,860.179992676,889.593994141,995.499206543,937.215393066,451.969818115,380.940765381,377.332641602,402.928344727,255.796279907,310.322723389,208.651107788,225.482467651,72.9467926025,122.138504028,201.744689941,199.203887939,135.72517395,103.064712524,84.5182876587,40.1988487244,33.1867408752,45.2927932739,23.7591934204,5.97233486176,0.845800876617,0.0661844685674,0.0141429519281],"mean":[0.184777647257,1.39243066311,3.89237356186,15.4462137222,31.5428295135,35.4371032715,26.7991313934,25.3885498047,18.7326221466,15.4240045547,19.2331829071,30.9449272156,43.0505561829,25.6600761414,33.4119300842,40.8919181824,28.5578556061,20.7514610291,17.8882331848,16.5726127625,10.540553093,10.4608383179,8.81241130829,4.41082668304,5.46224069595,4.34390258789,4.2887635231,3.09201383591,2.95605683327,2.30844569206,1.96107971668,1.71130287647,1.45298707485,1.08735728264,0.7216142416,0.281607329845,0.0634589120746,0.00906384270638,0.00066246179631,0.0000647007545922],"median":[0.0876291170716,0.983018577099,2.65556144714,8.44149398804,23.3491859436,23.2303352356,17.2532520294,14.8079280853,9.0467004776,7.79454708099,8.10404109955,12.2893095016,16.2645320892,13.3481683731,17.2952003479,21.5187282562,14.8085079193,10.9588861465,8.83525180817,8.61625099182,6.01313781738,5.43610858917,4.49986934662,2.52639508247,2.77429032326,2.37336397171,2.15480160713,1.35647499561,1.05070888996,0.746764481068,0.587002754211,0.423086881638,0.461975812912,0.416101276875,0.259807944298,0.0920403152704,0.0181331504136,0.00237127370201,0.000187172248843,0.0000536797269888],"min":[6.15705179219e-23,6.76505907736e-22,1.20300828614e-21,4.19792100997e-21,9.02668759825e-21,1.45443054014e-20,3.61482257459e-20,7.75898710372e-20,7.23368088584e-20,6.77250313742e-20,1.78566296416e-19,3.4730033633e-19,5.70675988805e-19,7.34382528353e-19,8.18276220054e-19,1.51707364525e-18,1.32490935259e-18,1.63976355525e-18,2.33416844459e-18,2.66715868557e-18,3.5495585671e-18,3.76250546245e-18,4.15847351296e-18,5.57895024705e-18,6.33864905164e-18,5.47249168862e-18,8.03498100743e-18,8.52117543762e-18,9.33052782643e-18,1.0209181407e-17,1.06233631474e-17,1.03348276605e-17,9.69002548373e-18,8.83049052869e-18,6.73389414629e-18,3.58473111393e-18,2.28199981772e-18,9.43586328038e-19,2.46771267029e-19,2.56210325165e-20],"var":[0.0530335754156,1.92719948292,25.4099712372,409.294525146,1001.22680664,1560.14331055,1089.2878418,1295.00476074,1073.54931641,642.603881836,1883.17565918,4695.33789062,10404.6357422,1838.5501709,2381.38793945,3518.81860352,1912.52307129,925.57611084,842.66973877,629.43762207,287.943389893,272.443115234,201.549697876,41.381401062,77.5988540649,33.0051879883,34.8048858643,27.6118240356,40.2234649658,25.2406349182,19.2356643677,13.0876569748,6.28636693954,3.31527590752,2.74283766747,0.602465093136,0.0416233576834,0.000928326451685,0.00000481133156427,2.74581140047e-8]},"erbbands_crest":{"dmean":2.42678761482,"dmean2":3.94707489014,"dvar":5.77606058121,"dvar2":14.3710727692,"max":31.5120601654,"mean":8.56882858276,"median":7.49862527847,"min":2.60595965385,"var":16.809715271},"erbbands_flatness_db":{"dmean":0.0201362352818,"dmean2":0.0278799217194,"dvar":0.000399180455133,"dvar2":0.000781051872764,"max":0.347183167934,"mean":0.150166213512,"median":0.145630687475,"min":0.0250191763043,"var":0.00202229735442},"erbbands_kurtosis":{"dmean":1.36431241035,"dmean2":2.15443205833,"dvar":7.49237585068,"dvar2":16.7928256989,"max":81.6484222412,"mean":1.22917962074,"median":0.291375637054,"min":-1.84701085091,"var":16.0321979523},"erbbands_skewness":{"dmean":0.41689953208,"dmean2":0.638612151146,"dvar":0.210304245353,"dvar2":0.470510333776,"max":7.89515447617,"mean":0.569381892681,"median":0.484189391136,"min":-3.05066084862,"var":0.869238734245},"erbbands_spread":{"dmean":9.51422023773,"dmean2":14.2860679626,"dvar":169.149353027,"dvar2":372.818572998,"max":189.501663208,"mean":38.3683013916,"median":32.7507629395,"min":2.83472037315,"var":513.50970459},"gfcc":{"cov":[[32604.359375,2620.36206055,-2875.50292969,573.522827148,-1332.42016602,631.141540527,-1059.30444336,172.972122192,-849.601745605,44.8012237549,-450.777496338,-13.3464679718,-174.672164917],[2620.36206055,2457.62915039,-729.200683594,-246.036529541,309.893280029,-164.772796631,95.8008346558,-162.629348755,18.6238155365,-191.564605713,102.776687622,-141.431259155,91.7378616333],[-2875.50292969,-729.200683594,1087.82385254,93.5923690796,-11.3044748306,64.0625228882,-1.78327679634,8.99001312256,33.3178405762,81.4616775513,-34.6113510132,57.5188407898,-35.9678153992],[573.522827148,-246.036529541,93.5923690796,368.745391846,-100.605918884,50.1696166992,-34.5133209229,-6.18116664886,10.7049026489,8.88341808319,2.61703872681,-13.7661867142,-7.25276517868],[-1332.42016602,309.893280029,-11.3044748306,-100.605918884,334.842681885,-15.0465612411,114.597717285,-3.51493477821,39.8678588867,-25.8906440735,41.7706413269,-16.5603847504,19.6641578674],[631.141540527,-164.772796631,64.0625228882,50.1696166992,-15.0465612411,232.908355713,16.8036746979,44.1075935364,-2.04918408394,40.7017631531,-9.17764377594,28.1792945862,-9.7641954422],[-1059.30444336,95.8008346558,-1.78327679634,-34.5133209229,114.597717285,16.8036746979,164.659408569,19.2645626068,33.0993461609,-19.8684673309,34.7619972229,-17.1331729889,20.5325679779],[172.972122192,-162.629348755,8.99001312256,-6.18116664886,-3.51493477821,44.1075935364,19.2645626068,113.923065186,30.1779880524,38.9092445374,-21.9587612152,7.88516378403,-13.7903013229],[-849.601745605,18.6238155365,33.3178405762,10.7049026489,39.8678588867,-2.04918408394,33.0993461609,30.1779880524,153.426025391,36.6953926086,22.0389461517,-20.5258388519,11.5033502579],[44.8012237549,-191.564605713,81.4616775513,8.88341808319,-25.8906440735,40.7017631531,-19.8684673309,38.9092445374,36.6953926086,108.441505432,10.4371337891,21.2374076843,-7.96772766113],[-450.777496338,102.776687622,-34.6113510132,2.61703872681,41.7706413269,-9.17764377594,34.7619972229,-21.9587612152,22.0389461517,10.4371337891,85.3469467163,17.5462036133,17.3112201691],[-13.3464679718,-141.431259155,57.5188407898,-13.7661867142,-16.5603847504,28.1792945862,-17.1331729889,7.88516378403,-20.5258388519,21.2374076843,17.5462036133,76.1309967041,8.67669487],[-174.672164917,91.7378616333,-35.9678153992,-7.25276517868,19.6641578674,-9.7641954422,20.5325679779,-13.7903013229,11.5033502579,-7.96772766113,17.3112201691,8.67669487,56.7427406311]],"icov":[[0.000249210454058,-0.000566240923945,0.000505975855049,-0.000605475681368,0.000619422760792,-0.000638783560134,0.000822709815111,-0.000778285437264,0.00112802162766,-0.000953122391365,0.00116759224329,-0.000618025369477,0.000490288075525],[-0.000566240923945,0.00211457489058,-0.000818166707177,0.00181163183879,-0.00188408955,0.00130965257995,-0.00142166239675,0.00229915813543,-0.00265769590624,0.00296100671403,-0.00356303085573,0.00281573599204,-0.00188630644698],[0.000505975855049,-0.000818166707177,0.00235820421949,-0.00148399500176,0.000888164853677,-0.0012621715432,0.001135891187,-0.000405086670071,0.00176176452078,-0.00261940574273,0.00351886195131,-0.00232322327793,0.00170771137346],[-0.000605475681368,0.00181163183879,-0.00148399500176,0.00509067997336,-0.000667229993269,0.000473104999401,-0.00097272353014,0.00200400268659,-0.00302839139476,0.00346120609902,-0.00494285719469,0.00413439190015,-0.00195536180399],[0.000619422760792,-0.00188408955,0.000888164853677,-0.000667229993269,0.00625135516748,-0.00157396378927,-0.000475650653243,-0.00207404792309,0.00222008721903,-0.00196926039644,0.00203877035528,-0.00163309893105,0.00156249303836],[-0.000638783560134,0.00130965257995,-0.0012621715432,0.000473104999401,-0.00157396378927,0.00712607754394,-0.00380046805367,0.00105298066046,-0.00237706350163,0.000466999248601,-0.00128957640845,-0.00102131953463,-0.00032343089697],[0.000822709815111,-0.00142166239675,0.001135891187,-0.00097272353014,-0.000475650653243,-0.00380046805367,0.0138688804582,-0.00639242026955,0.00356973032467,0.000776341010351,-0.00214378768578,0.00303014903329,-0.00205850624479],[-0.000778285437264,0.00229915813543,-0.000405086670071,0.00200400268659,-0.00207404792309,0.00105298066046,-0.00639242026955,0.0169939044863,-0.00646171998233,-0.00130486651324,0.00277447910048,-0.0014514013892,0.0017318156315],[0.00112802162766,-0.00265769590624,0.00176176452078,-0.00302839139476,0.00222008721903,-0.00237706350163,0.00356973032467,-0.00646171998233,0.0144738554955,-0.00733538391069,0.0024259800557,0.00166371441446,-0.000500495778397],[-0.000953122391365,0.00296100671403,-0.00261940574273,0.00346120609902,-0.00196926039644,0.000466999248601,0.000776341010351,-0.00130486651324,-0.00733538391069,0.0192453023046,-0.0100534558296,0.0028403964825,-0.00195209588856],[0.00116759224329,-0.00356303085573,0.00351886195131,-0.00494285719469,0.00203877035528,-0.00128957640845,-0.00214378768578,0.00277447910048,0.0024259800557,-0.0100534558296,0.026776380837,-0.0129134291783,0.00337712024339],[-0.000618025369477,0.00281573599204,-0.00232322327793,0.00413439190015,-0.00163309893105,-0.00102131953463,0.00303014903329,-0.0014514013892,0.00166371441446,0.0028403964825,-0.0129134291783,0.0251951348037,-0.00830939505249],[0.000490288075525,-0.00188630644698,0.00170771137346,-0.00195536180399,0.00156249303836,-0.00032343089697,-0.00205850624479,0.0017318156315,-0.000500495778397,-0.00195209588856,0.00337712024339,-0.00830939505249,0.0236511565745]],"mean":[-18.2352600098,103.227134705,-88.2074813843,22.4665908813,-50.2394828796,17.8206233978,-40.1360588074,2.7834687233,-34.6769218445,-0.376258552074,-19.334280014,-0.380184322596,-6.70402526855]},"hfc":{"dmean":4.77027702332,"dmean2":7.0628323555,"dvar":41.0682411194,"dvar2":88.6057739258,"max":137.382629395,"mean":18.1103134155,"median":16.5933895111,"min":1.06967615301e-16,"var":129.512802124},"melbands":{"dmean":[0.000604948145337,0.0012010273058,0.00192321627401,0.00129535514861,0.000563896202948,0.000400478253141,0.000183875585208,0.0000932292896323,0.0000990064509097,0.0001215168013,0.000122617668239,0.0000553019781364,0.0000577407881792,0.0000650628644507,0.0000538245985808,0.0000327662928612,0.0000215228610614,0.0000158113707585,0.000015108333173,0.00000879955496202,0.00000645316322334,0.00000608160144111,0.00000568719087823,0.00000353046334567,0.00000179912547082,0.00000227124746743,0.00000179330231731,0.00000150580956415,0.0000016365825104,0.00000104158482372,0.00000108239851215,0.00000108049414393,7.89868977336e-7,7.43578425499e-7,6.5131592919e-7,5.85260011121e-7,6.08678419667e-7,5.33590025498e-7,6.01326746619e-7,4.86532314881e-7],"dmean2":[0.000975548173301,0.00207873806357,0.0033057469409,0.00220768363215,0.000936101248953,0.000673063972499,0.000303955835989,0.000146484118886,0.000151195461513,0.00018628835096,0.000189671452972,0.0000866431146278,0.0000906833665795,0.000103673912236,0.0000833901576698,0.0000520948269696,0.0000344062464137,0.0000251844958257,0.00002370936636,0.0000138802524816,0.0000103672746263,0.00000967311189015,0.0000088566876002,0.00000553125892111,0.00000280384188045,0.00000357294970854,0.00000284033649223,0.00000239204359787,0.00000258096201833,0.00000159693786372,0.00000166852464645,0.00000168338863205,0.00000121769335237,0.00000113310500183,9.78988282441e-7,8.82524830104e-7,8.74962893249e-7,7.69167286307e-7,8.82767665189e-7,6.93905235494e-7],"dvar":[8.89399075277e-7,0.00000518360684509,0.00000963550519373,0.00000342276439369,7.52717028263e-7,6.0122135892e-7,1.73272852066e-7,3.42857795488e-8,8.00271422463e-8,1.00131295255e-7,1.11764272503e-7,1.71540897043e-8,1.26939241341e-8,1.49049537157e-8,1.53828221272e-8,4.6570769463e-9,2.01308836267e-9,1.08634889973e-9,9.81291825575e-10,3.50404844029e-10,2.01192576488e-10,1.81033743551e-10,1.67286781649e-10,6.06088165767e-11,1.58572044384e-11,2.2601301039e-11,1.22039418501e-11,7.17678607515e-12,1.23266197596e-11,4.28804517935e-12,9.76268284963e-12,1.37195662817e-11,7.08543033273e-12,5.29717112188e-12,4.76580320347e-12,4.39691382262e-12,2.77642557382e-12,1.2312550068e-12,1.96922968383e-12,1.16188764339e-12],"dvar2":[0.00000226636302614,0.0000145575413626,0.0000267938448815,0.00000941761845752,0.00000198472844204,0.00000165625510817,4.49017846904e-7,7.84018254762e-8,1.73426982997e-7,2.30750416108e-7,2.82020977238e-7,4.23234496338e-8,3.20699022893e-8,3.71099595498e-8,3.82330256343e-8,1.13216502839e-8,4.95051910576e-9,2.72178546368e-9,2.34317343306e-9,8.07689526372e-10,4.22308354953e-10,4.38764469202e-10,4.05354000366e-10,1.37930056265e-10,3.71683760159e-11,5.10564229783e-11,2.87561068707e-11,1.73833603762e-11,3.22709636791e-11,1.01856535359e-11,2.45456519693e-11,3.63000948744e-11,1.78269673329e-11,1.30477339003e-11,1.20054825456e-11,1.1237782406e-11,5.82287690287e-12,2.59964337383e-12,4.24070804514e-12,2.43921549625e-12],"max":[0.0159522145987,0.0208784621209,0.0410743691027,0.0300707556307,0.0146019365638,0.0118379993364,0.0116401482373,0.00483174389228,0.00714324135333,0.00910993199795,0.00818648003042,0.00392124522477,0.00288387201726,0.00239320122637,0.00488236220554,0.00158433557954,0.00104418734554,0.000762027455494,0.000784432399087,0.000513305014465,0.000552060082555,0.000289617455564,0.000469496357255,0.000217496053665,0.000173705178895,0.000148120656377,0.000129172432935,0.0000573668403376,0.000126234692289,0.0000766575903981,0.000149430226884,0.000139133262564,0.0000747020894778,0.0000778778558015,0.0000619985512458,0.0000867184789968,0.0000368874534615,0.0000275753118331,0.0000463494870928,0.0000279563519143],"mean":[0.00169575179461,0.00197000335902,0.00313807139173,0.00257633044384,0.00102376786526,0.000589339702856,0.000270725140581,0.000168825208675,0.000168716564076,0.000210901533137,0.000215030697291,0.000099894212326,0.000101377889223,0.000118647702038,0.0000939792589634,0.0000530435681867,0.0000363585131709,0.0000282292858174,0.0000269614902209,0.0000163726290339,0.0000115373341032,0.0000108156509668,0.0000098509099189,0.00000607182028034,0.00000311938606501,0.00000411749442719,0.00000320514664054,0.00000284455882138,0.000002988389042,0.00000188534465906,0.00000188097646969,0.00000182720668818,0.00000131163665174,0.00000128973374558,0.00000113443866212,0.00000101130092389,0.00000109197958409,9.83251311482e-7,0.00000106264621991,8.47031571993e-7],"median":[0.00111464504153,0.00145482830703,0.00198101671413,0.00189993449021,0.00070089782821,0.000354337971658,0.000131238150061,0.0000800953275757,0.000063775711169,0.0000807121978141,0.0000787705357652,0.0000483954863739,0.0000516047548444,0.0000601302526775,0.0000425727703259,0.0000249992008321,0.0000176278499566,0.0000127228258862,0.0000123704849102,0.00000863985678734,0.00000623975802228,0.00000517512307852,0.00000477090679851,0.00000297482802125,0.00000163232141404,0.00000197359509002,0.00000167875555235,0.00000145853812228,0.00000139169219437,9.36638343774e-7,7.23716880202e-7,6.45819454803e-7,4.09650255051e-7,4.01204744094e-7,3.39957750839e-7,2.71898727533e-7,2.36646869212e-7,2.87665415044e-7,3.63940330317e-7,3.28717391085e-7],"min":[7.93443841954e-25,6.67711394486e-25,1.25284167397e-24,8.65983990228e-25,1.68138700807e-24,1.62049789164e-24,1.15698205778e-24,5.89170874345e-25,1.6607362073e-24,1.66187039206e-24,1.92089070092e-24,2.5295732116e-24,1.98870532586e-24,3.29987695288e-24,3.02173307796e-24,1.66106338736e-24,2.6158651283e-24,3.49938184796e-24,4.04415696177e-24,3.27191084772e-24,3.51422466033e-24,3.5411378334e-24,3.04688669678e-24,3.60967367441e-24,2.81852862244e-24,3.64245755034e-24,3.71597465355e-24,3.16404871285e-24,4.64130100119e-24,4.45746998343e-24,4.3906668754e-24,5.13732451105e-24,4.91715856e-24,4.98392183056e-24,5.4961690538e-24,5.62256192575e-24,6.18756422202e-24,6.06851288408e-24,6.65542381985e-24,5.51285385637e-24],"var":[0.00000335045046995,0.0000048318397603,0.0000125004062284,0.00000611381483395,0.00000129831630602,6.42733141376e-7,2.16454608903e-7,8.31136190982e-8,1.73131141423e-7,2.21988344151e-7,2.60756962689e-7,3.27498277386e-8,2.2177342629e-8,2.99112095092e-8,2.65912056818e-8,7.861965301e-9,3.52102214052e-9,2.36238695273e-9,1.95964333649e-9,7.15075831881e-10,4.00061289652e-10,3.48754275459e-10,2.94856972172e-10,1.06666925292e-10,2.55845258174e-11,4.64955018931e-11,2.19810610685e-11,1.636254153e-11,2.1159974814e-11,7.41803320159e-12,1.27202120365e-11,1.66369348853e-11,9.32756736433e-12,7.75852646018e-12,6.75997235619e-12,5.70862324425e-12,6.52554182565e-12,3.01986864334e-12,3.67722562469e-12,2.04367555864e-12]},"melbands_crest":{"dmean":3.09818172455,"dmean2":5.09803247452,"dvar":7.94883489609,"dvar2":21.0211353302,"max":34.619178772,"mean":14.159538269,"median":13.6564798355,"min":1.00110828876,"var":23.1452865601},"melbands_flatness_db":{"dmean":0.0288672819734,"dmean2":0.0432220995426,"dvar":0.000844962836709,"dvar2":0.00189610850066,"max":0.611666023731,"mean":0.237943336368,"median":0.236522242427,"min":-2.6748784876e-7,"var":0.00626876624301},"melbands_kurtosis":{"dmean":10.2562847137,"dmean2":16.4978027344,"dvar":452.246582031,"dvar2":1129.46008301,"max":552.071166992,"mean":19.3545341492,"median":11.4345645905,"min":-1.81726932526,"var":868.692321777},"melbands_skewness":{"dmean":0.817345201969,"dmean2":1.28602325916,"dvar":0.941237688065,"dvar2":2.31005430222,"max":19.7569789886,"mean":3.012403965,"median":2.81484484673,"min":-2.31675243378,"var":3.0096411705},"melbands_spread":{"dmean":5.92654466629,"dmean2":9.34935569763,"dvar":143.980880737,"dvar2":332.980560303,"max":259.774017334,"mean":19.4203987122,"median":11.8394069672,"min":0.410365283489,"var":881.655700684},"mfcc":{"cov":[[10378.1347656,1607.89160156,-478.430053711,-41.060333252,42.8043746948,120.828796387,82.1607666016,4.97388935089,-48.4995422363,-2.02044868469,-81.2572174072,17.0766544342,-56.4491195679],[1607.89160156,2604.06665039,-593.535095215,7.04613113403,91.8945236206,21.6817092896,106.329627991,11.0863018036,-7.57689285278,-79.9905014038,-50.6053619385,44.5205345154,-44.0061340332],[-478.430053711,-593.535095215,882.826660156,78.1912994385,35.3729972839,70.3452453613,-53.600933075,-27.4488277435,10.3797807693,-3.83245801926,26.4486713409,-26.2717647552,33.0115585327],[-41.060333252,7.04613113403,78.1912994385,244.625762939,29.208322525,-3.48057603836,-9.71306419373,-13.6046190262,-15.0298871994,6.12206935883,-16.269908905,3.5574362278,-13.6589612961],[42.8043746948,91.8945236206,35.3729972839,29.208322525,143.66885376,49.5595855713,9.31475925446,13.306394577,14.7837972641,12.2877082825,18.3449268341,-4.501308918,5.31056833267],[120.828796387,21.6817092896,70.3452453613,-3.48057603836,49.5595855713,134.337112427,46.8450508118,23.5421676636,9.34400749207,7.70222854614,5.00595617294,8.58085727692,17.3563899994],[82.1607666016,106.329627991,-53.600933075,-9.71306419373,9.31475925446,46.8450508118,150.849365234,42.6091499329,4.68562459946,-16.2358322144,-17.3109970093,13.4747209549,3.12900948524],[4.97388935089,11.0863018036,-27.4488277435,-13.6046190262,13.306394577,23.5421676636,42.6091499329,93.7640380859,23.8836994171,4.50708627701,11.8736381531,-9.18426704407,-4.43526601791],[-48.4995422363,-7.57689285278,10.3797807693,-15.0298871994,14.7837972641,9.34400749207,4.68562459946,23.8836994171,86.4694976807,47.986492157,20.7087039948,-1.61273670197,2.79140520096],[-2.02044868469,-79.9905014038,-3.83245801926,6.12206935883,12.2877082825,7.70222854614,-16.2358322144,4.50708627701,47.986492157,106.595329285,37.5534629822,4.7373290062,4.56399726868],[-81.2572174072,-50.6053619385,26.4486713409,-16.269908905,18.3449268341,5.00595617294,-17.3109970093,11.8736381531,20.7087039948,37.5534629822,78.2366867065,14.141954422,7.6859664917],[17.0766544342,44.5205345154,-26.2717647552,3.5574362278,-4.501308918,8.58085727692,13.4747209549,-9.18426704407,-1.61273670197,4.7373290062,14.141954422,73.3519058228,26.9177646637],[-56.4491195679,-44.0061340332,33.0115585327,-13.6589612961,5.31056833267,17.3563899994,3.12900948524,-4.43526601791,2.79140520096,4.56399726868,7.6859664917,26.9177646637,64.8912734985]],"icov":[[0.000110329543531,-0.0000657902419334,0.0000147534210555,0.0000339119396813,0.0000232492056966,-0.000126307306346,0.0000280645890598,-0.00000734420063964,0.000113743575639,-0.000130828586407,0.000111131834274,-0.0000105509852801,0.0000765408694861],[-0.0000657902419334,0.000554992351681,0.000354191986844,-0.000101622921648,-0.000422536802944,-0.0000788411780377,-0.000144934660057,0.000222418020712,-0.000388682994526,0.00062672549393,0.0000176420962816,-0.000312947435305,0.000295785779599],[0.0000147534210555,0.000354191986844,0.00167534430511,-0.000674929295201,-0.0000583308719797,-0.00117237423547,0.000433793757111,0.000751037732698,-0.00075341219781,0.00110808666795,-0.00081548030721,0.000892558542546,-0.000711738422979],[0.0000339119396813,-0.000101622921648,-0.000674929295201,0.00486956164241,-0.00140790827572,0.000762416573707,0.000136895905598,-0.000158558003022,0.00146403920371,-0.00163039250765,0.00205133482814,-0.00151128903963,0.00165841565467],[0.0000232492056966,-0.000422536802944,-0.0000583308719797,-0.00140790827572,0.00913463812321,-0.00326685910113,0.000251435500104,-0.0000677018033457,-0.0009307526052,0.000247712072451,-0.00252831960097,0.00197540433146,-0.000920869293623],[-0.000126307306346,-0.0000788411780377,-0.00117237423547,0.000762416573707,-0.00326685910113,0.0110011408105,-0.00298219523393,-0.00158152019139,0.000837282568682,-0.00151851878036,0.000859084073454,-0.000948645465542,-0.00168331153691],[0.0000280645890598,-0.000144934660057,0.000433793757111,0.000136895905598,0.000251435500104,-0.00298219523393,0.00954490434378,-0.0039490275085,-0.000458453694591,0.00106368586421,0.00266421143897,-0.00239390321076,0.000403539597755],[-0.00000734420063964,0.000222418020712,0.000751037732698,-0.000158558003022,-0.0000677018033457,-0.00158152019139,-0.0039490275085,0.0147593030706,-0.00397937325761,0.00202948879451,-0.00369690335356,0.00321175414138,0.000490790291224],[0.000113743575639,-0.000388682994526,-0.00075341219781,0.00146403920371,-0.0009307526052,0.000837282568682,-0.000458453694591,-0.00397937325761,0.0176852513105,-0.00836103595793,0.000403753394494,0.000217034990783,-0.000181409370271],[-0.000130828586407,0.00062672549393,0.00110808666795,-0.00163039250765,0.000247712072451,-0.00151851878036,0.00106368586421,0.00202948879451,-0.00836103595793,0.0160117819905,-0.00599562888965,0.000449595157988,-0.000365219486412],[0.000111131834274,0.0000176420962816,-0.00081548030721,0.00205133482814,-0.00252831960097,0.000859084073454,0.00266421143897,-0.00369690335356,0.000403753394494,-0.00599562888965,0.0189260635525,-0.00520998705178,0.000875083147548],[-0.0000105509852801,-0.000312947435305,0.000892558542546,-0.00151128903963,0.00197540433146,-0.000948645465542,-0.00239390321076,0.00321175414138,0.000217034990783,0.000449595157988,-0.00520998705178,0.0191902630031,-0.00795079953969],[0.0000765408694861,0.000295785779599,-0.000711738422979,0.00165841565467,-0.000920869293623,-0.00168331153691,0.000403539597755,0.000490790291224,-0.000181409370271,-0.000365219486412,0.000875083147548,-0.00795079953969,0.0201563406736]],"mean":[-657.739746094,139.736373901,16.6360034943,15.4889183044,9.76789188385,9.68876934052,7.01075601578,-1.09429955482,-0.834685087204,-7.10807609558,-6.97858953476,-4.05990362167,-4.08023500443]},"pitch_salience":{"dmean":0.0647190958261,"dmean2":0.106710143387,"dvar":0.00349670695141,"dvar2":0.00943193864077,"max":0.996177554131,"mean":0.615118205547,"median":0.624200999737,"min":0.0907491594553,"var":0.00863607507199},"silence_rate_20dB":{"dmean":0,"dmean2":0,"dvar":0,"dvar2":0,"max":1,"mean":1,"median":1,"min":1,"var":0},"silence_rate_30dB":{"dmean":0.00664294185117,"dmean2":0.0132874595001,"dvar":0.00659913104028,"dvar2":0.0180933140218,"max":1,"mean":0.995848655701,"median":1,"min":0,"var":0.00413412274793},"silence_rate_60dB":{"dmean":0.015421114862,"dmean2":0.0308458898216,"dvar":0.0151823740453,"dvar2":0.0327400043607,"max":1,"mean":0.0742497891188,"median":0,"min":0,"var":0.068737514317},"spectral_centroid":{"dmean":201.188064575,"dmean2":312.237091064,"dvar":95081.5078125,"dvar2":210792.625,"max":11920.3007812,"mean":1043.8157959,"median":682.699157715,"min":149.757843018,"var":2503008.5},"spectral_complexity":{"dmean":2.76820874214,"dmean2":4.26313924789,"dvar":7.66196393967,"dvar2":15.5293636322,"max":46,"mean":17.2656860352,"median":18,"min":0,"var":70.9673919678},"spectral_contrast_coeffs":{"dmean":[0.0537487827241,0.0496676824987,0.0373718477786,0.0291957147419,0.0205865073949,0.017737776041],"dmean2":[0.0898164436221,0.0813392624259,0.0606137402356,0.0467893816531,0.0328699350357,0.0276042185724],"dvar":[0.00219063856639,0.00173477130011,0.000958309334237,0.000569278956391,0.000331455492415,0.000308606977342],"dvar2":[0.00604368327186,0.00474672717974,0.00240053725429,0.00141003145836,0.000755399523769,0.000679630320519],"max":[-0.274918228388,-0.45282793045,-0.454929918051,-0.574287474155,-0.617020726204,-0.5940528512],"mean":[-0.600943922997,-0.723903477192,-0.782033264637,-0.79957652092,-0.812869012356,-0.797670900822],"median":[-0.593330085278,-0.722104728222,-0.787118315697,-0.800313293934,-0.816723108292,-0.795803308487],"min":[-0.980227708817,-0.996849954128,-0.998819410801,-0.988613367081,-0.989245951176,-0.964856803417],"var":[0.0103997094557,0.00580659741536,0.00447544502094,0.00266192760319,0.00196518702433,0.0016411767574]},"spectral_contrast_valleys":{"dmean":[0.391335427761,0.384872376919,0.328016042709,0.291554480791,0.26278719306,0.368114620447],"dmean2":[0.635449588299,0.614435791969,0.518824338913,0.441349744797,0.374661058187,0.458304136992],"dvar":[0.165975600481,0.170441314578,0.142398267984,0.133115410805,0.12398981303,0.212001219392],"dvar2":[0.349180400372,0.355044841766,0.260515987873,0.237057521939,0.21232098341,0.363087505102],"max":[-5.06185722351,-4.31852531433,-5.14380693436,-5.70547628403,-5.88684082031,-7.94722080231],"mean":[-7.19945573807,-7.06550645828,-7.43687772751,-7.9963259697,-8.24072360992,-10.4641056061],"median":[-6.53146123886,-6.48859882355,-6.79853105545,-7.41682958603,-7.73308706284,-10.0146379471],"min":[-28.3068389893,-28.0560188293,-27.8590831757,-27.6731262207,-27.5102024078,-27.4273338318],"var":[9.47690582275,9.38956260681,9.16541385651,8.72249507904,8.3109331131,6.92752599716]},"spectral_decrease":{"dmean":3.33267480279e-9,"dmean2":5.58539481332e-9,"dvar":2.16763291633e-17,"dvar2":5.88064865904e-17,"max":1.94515838925e-17,"mean":-1.00592156826e-8,"median":-9.71655111925e-9,"min":-4.99365206963e-8,"var":3.84064127399e-17},"spectral_energy":{"dmean":0.0128840506077,"dmean2":0.0215306784958,"dvar":0.000319647602737,"dvar2":0.000866144546308,"max":0.19546367228,"mean":0.0396086089313,"median":0.038308404386,"min":9.92294748548e-21,"var":0.000576715450734},"spectral_energyband_high":{"dmean":0.000241415531491,"dmean2":0.00032455616747,"dvar":2.81501741028e-7,"dvar2":6.01291617386e-7,"max":0.011760934256,"mean":0.00052812328795,"median":0.000239365297602,"min":7.05786849341e-21,"var":6.00932821726e-7},"spectral_energyband_low":{"dmean":0.00645031733438,"dmean2":0.0109151219949,"dvar":0.000137635230203,"dvar2":0.000381536316127,"max":0.118325434625,"mean":0.0135462069884,"median":0.0108845308423,"min":1.3421857724e-23,"var":0.000172024316271},"spectral_energyband_middle_high":{"dmean":0.00143469695468,"dmean2":0.00214601121843,"dvar":0.0000053726544138,"dvar2":0.0000118745629152,"max":0.0580472387373,"mean":0.00453371414915,"median":0.00321880611591,"min":1.16638322873e-21,"var":0.0000222860799113},"spectral_energyband_middle_low":{"dmean":0.0100970342755,"dmean2":0.0170127339661,"dvar":0.000190805847524,"dvar2":0.0005204139743,"max":0.175896406174,"mean":0.0247226264328,"median":0.0227222181857,"min":1.36745756259e-22,"var":0.000322505133227},"spectral_entropy":{"dmean":0.214428469539,"dmean2":0.313082963228,"dvar":0.0533420927823,"dvar2":0.111155889928,"max":9.83206653595,"mean":7.40496444702,"median":7.40186882019,"min":4.62339353561,"var":0.427430450916},"spectral_flux":{"dmean":0.0291714388877,"dmean2":0.0453257709742,"dvar":0.00115204311442,"dvar2":0.00229219556786,"max":0.344365149736,"mean":0.0930323451757,"median":0.083600230515,"min":6.46718720243e-11,"var":0.0027348715812},"spectral_kurtosis":{"dmean":2.43116188049,"dmean2":3.75550127029,"dvar":17.076292038,"dvar2":40.7213439941,"max":100.669906616,"mean":6.65882873535,"median":5.52608585358,"min":-1.26737487316,"var":36.3931884766},"spectral_rms":{"dmean":0.00095400394639,"dmean2":0.00154824927449,"dvar":0.00000134619051551,"dvar2":0.00000352221081812,"max":0.0138092823327,"mean":0.00581868411973,"median":0.00611343188211,"min":3.11141845795e-12,"var":0.00000478518222735},"spectral_rolloff":{"dmean":434.177490234,"dmean2":751.842529297,"dvar":1559505.625,"dvar2":3661378,"max":19724.4140625,"mean":1563.03527832,"median":645.99609375,"min":64.599609375,"var":10725424},"spectral_skewness":{"dmean":0.288385868073,"dmean2":0.42624861002,"dvar":0.131688416004,"dvar2":0.288290739059,"max":8.63544464111,"mean":1.98750424385,"median":1.96861433983,"min":-0.068287178874,"var":0.607914209366},"spectral_spread":{"dmean":845607.1875,"dmean2":1128680.375,"dvar":1464197840900,"dvar2":2751229329410,"max":43460824,"mean":5821491.5,"median":4701211,"min":1157514,"var":30819301195800},"spectral_strongpeak":{"dmean":0.381066262722,"dmean2":0.650299310684,"dvar":0.334334731102,"dvar2":0.847967267036,"max":7.1857790947,"mean":0.773826539516,"median":0.604525029659,"min":0,"var":0.546602547169},"zerocrossingrate":{"dmean":0.0112491771579,"dmean2":0.0130965849385,"dvar":0.000327556364937,"dvar2":0.000453309476143,"max":0.5322265625,"mean":0.063312895596,"median":0.0390625,"min":0.0029296875,"var":0.00703508965671}},"metadata":{"audio_properties":{"analysis_sample_rate":44100,"bit_rate":320043,"codec":"mp3","downmix":"mix","equal_loudness":0,"length":195.73550415,"lossless":false,"md5_encoded":"3e3e2084bf727e9f71c56f2c5be11262","replay_gain":-9.42037200928,"sample_rate":44100},"tags":{"album":["Fighting"],"albumartist":["Thin Lizzy"],"albumartistsort":["Thin Lizzy"],"artist":["Thin Lizzy"],"artistsort":["Thin Lizzy"],"barcode":["042284243322"],"catalognumber":["842 433-2"],"date":["1990"],"discnumber":["1/1"],"file_name":"05. Thin Lizzy - Fighting My Way Back.mp3","label":["Vertigo"],"media":["CD"],"musicbrainz album release country":["DE"],"musicbrainz album status":["official"],"musicbrainz album type":["album"],"musicbrainz_albumartistid":["6a726ac6-019e-455c-8bbb-571a77bed52e"],"musicbrainz_albumid":["85dfbc75-c389-4c36-a0f2-4d7b41723478"],"musicbrainz_artistid":["6a726ac6-019e-455c-8bbb-571a77bed52e"],"musicbrainz_recordingid":["464bffe1-f983-4654-9f99-1b69fbc6d2a2"],"musicbrainz_releasegroupid":["634a7c5f-b10b-3634-9261-eef34ad03eaf"],"originaldate":["1975"],"originalyear":["1975"],"script":["Latn"],"title":["Fighting My Way Back"],"tracknumber":["5/10"]},"version":{"essentia":"2.1-beta2","essentia_build_sha":"70f2e5ece6736b2c40cc944ad0e695b16b925413","essentia_git_sha":"v2.1_beta2","extractor":"music 1.0"}},"rhythm":{"beats_count":427,"beats_loudness":{"dmean":0.0183522962034,"dmean2":0.0311937592924,"dvar":0.000258701533312,"dvar2":0.000659376266412,"max":0.0995287448168,"mean":0.0437362380326,"median":0.0428759008646,"min":0,"var":0.00038621830754},"beats_loudness_band_ratio":{"dmean":[0.204347714782,0.18263836205,0.0920024067163,0.0855665802956,0.0268740914762,0.0568726249039],"dmean2":[0.337983876467,0.313876330853,0.164768472314,0.15610948205,0.0476687066257,0.107938036323],"dvar":[0.0285098236054,0.0235634613782,0.0123256910592,0.0155912311748,0.00128675519954,0.0134410299361],"dvar2":[0.0684986636043,0.06715292