{"lowlevel":{"average_loudness":0.84242939949,"barkbands":{"dmean":[0.00755742099136,0.0151761425659,0.00441969698295,0.00121259118896,0.00174741307274,0.00222017872147,0.000734611821827,0.000915106618777,0.000867469760124,0.000536064908374,0.000483016337967,0.000441652984591,0.000515694962814,0.00044044398237,0.000615998229478,0.000252237281529,0.000172501459019,0.000123510166304,0.0000991007764242,0.0000648395362077,0.0000413149791711,0.0000248742962867,0.0000189993334061,0.00000416575358031,0.00000201239595299,0.00000196798464458,0.0000371354908566],"dmean2":[0.0123547501862,0.0237856134772,0.00720112863928,0.00205842219293,0.00281910202466,0.00357391126454,0.00118587224279,0.00148330850061,0.00139614695217,0.000891669827979,0.000760092050768,0.000724795449059,0.000824275135528,0.00069159042323,0.001005150727,0.000428457802627,0.000289726973278,0.000199365211301,0.000158538867254,0.000102929916466,0.0000642552404315,0.0000398214615416,0.0000314152202918,0.00000700895998307,0.00000337999381372,0.00000329665135723,0.0000565525406273],"dvar":[0.00108289788477,0.00228673219681,0.0000600109196967,0.00000433990589954,0.000010834673958,0.000029826469472,0.00000299026532957,0.00000807503056421,0.00000612802750766,0.00000168098733866,0.00000214120541386,8.70572876011e-7,0.00000200124259209,0.00000174197953129,0.00000250746234087,3.94484459321e-7,1.41996935099e-7,5.40123217263e-8,3.84125087294e-8,1.98143776942e-8,7.37627336989e-9,2.82243228789e-9,2.65570365698e-9,9.2892776804e-11,2.52538181339e-11,2.35468883975e-11,6.52872822471e-9],"dvar2":[0.00270695309155,0.00560551090166,0.000144052522955,0.0000118623729577,0.0000267756677204,0.0000766151060816,0.00000762751187722,0.0000190250339074,0.0000145643662108,0.00000449770777777,0.00000449424851467,0.00000214591182157,0.00000439847963207,0.00000380115307053,0.00000607965102972,0.00000106044683434,3.76156037873e-7,1.2971452179e-7,9.55458006047e-8,4.91966112293e-8,1.68262914713e-8,6.78745770699e-9,6.8005618914e-9,2.41231007392e-10,6.54708301462e-11,6.10565764614e-11,1.5356054206e-8],"max":[0.564723610878,0.920210063457,0.155957490206,0.0404908433557,0.0614462308586,0.117076218128,0.0815658271313,0.185125425458,0.109820507467,0.0319969318807,0.0438376925886,0.0271636508405,0.0357475616038,0.0495859794319,0.043386105448,0.0119305532426,0.00554371904582,0.00677560642362,0.00723537011072,0.00336152035743,0.00201882771216,0.000835865095723,0.000698179472238,0.000163242453709,0.000156705937115,0.000149891129695,0.00130149920005],"mean":[0.00818113237619,0.0226309113204,0.00557143846527,0.00150429469068,0.00261893239804,0.00352922524326,0.00105874578003,0.00126319483388,0.00123692757916,0.000745117547922,0.000557026243769,0.000583113695029,0.00064925767947,0.000573222525418,0.000796300242655,0.000266733753961,0.000189247861272,0.000167805963429,0.000137667695526,0.0000925932181417,0.0000613387455815,0.0000331684241246,0.0000208314449992,0.00000397700387111,0.00000189736249467,0.00000191818276107,0.0000542808775208],"median":[0.000790796417277,0.00616777967662,0.00229890318587,0.000622087332886,0.000936699390877,0.000683971098624,0.000378341501346,0.000342131243087,0.000344840169419,0.000202274881303,0.000157711867359,0.000209154663025,0.000166821264429,0.000134730013087,0.000195365879335,0.0000577760365559,0.0000272231227427,0.0000367161774193,0.0000249003132922,0.0000179097041837,0.0000142873113873,0.00000677116804582,0.00000278397192233,0.00000104428443137,4.77507683172e-7,5.50614345229e-7,0.0000110721357487],"min":[2.65153872437e-14,1.96175168395e-14,4.57940146713e-15,6.27087247621e-15,1.28533031522e-14,9.97735439867e-15,1.57624276451e-14,1.79022581807e-14,1.13063482459e-14,5.03541097165e-15,7.77414462287e-15,1.0661472417e-14,2.285637093e-14,1.03765584856e-14,1.97264706875e-14,4.64293757791e-14,4.02799877328e-14,2.30346883061e-14,6.00783257778e-14,3.3796526504e-14,1.74861806892e-13,1.16015310965e-13,8.24087841153e-14,1.31449823357e-13,1.83448389942e-13,2.51557048846e-13,4.02663715088e-13],"var":[0.00100322475191,0.00296750781126,0.0000965504805208,0.00000688402133164,0.000020619136194,0.0000689766529831,0.00000474616126667,0.000011371283108,0.0000110009113996,0.00000273426894637,0.00000253743996836,0.00000114429622045,0.00000276896867035,0.00000322132268593,0.00000431635862697,3.63209608167e-7,1.52999163561e-7,9.01897152517e-8,7.15720247513e-8,3.23534905533e-8,1.41660141395e-8,4.40070690999e-9,2.78350431593e-9,8.16013159821e-11,2.32103954112e-11,2.18348551045e-11,1.04651194377e-8]},"barkbands_crest":{"dmean":3.1260137558,"dmean2":5.10800743103,"dvar":7.2384929657,"dvar2":18.2223243713,"max":25.5577926636,"mean":12.1100568771,"median":11.2163200378,"min":2.67895889282,"var":24.7103691101},"barkbands_flatness_db":{"dmean":0.0385927446187,"dmean2":0.0582528598607,"dvar":0.00116635824088,"dvar2":0.00245852069929,"max":0.457048743963,"mean":0.19277741015,"median":0.182788908482,"min":0.0321829803288,"var":0.00582385296002},"barkbands_kurtosis":{"dmean":9.64815425873,"dmean2":14.9115686417,"dvar":417.043701172,"dvar2":929.147644043,"max":663.596679688,"mean":15.3608036041,"median":3.87661838531,"min":-1.89939558506,"var":1553.45617676},"barkbands_skewness":{"dmean":0.95692896843,"dmean2":1.46734499931,"dvar":1.12771689892,"dvar2":2.44421362877,"max":18.5716991425,"mean":2.40407395363,"median":1.77347254753,"min":-2.37919449806,"var":5.06757736206},"barkbands_spread":{"dmean":5.9880399704,"dmean2":9.32403087616,"dvar":51.5077095032,"dvar2":111.871131897,"max":108.668426514,"mean":14.9620933533,"median":11.4210395813,"min":0.218570992351,"var":176.15322876},"dissonance":{"dmean":0.0257175043225,"dmean2":0.0434157922864,"dvar":0.000758878362831,"dvar2":0.00203375052661,"max":0.499999940395,"mean":0.458653360605,"median":0.468610823154,"min":0.171560436487,"var":0.00128520582803},"dynamic_complexity":4.93497228622,"erbbands":{"dmean":[0.85881882906,2.06812524796,4.66087198257,4.33756685257,4.17387676239,7.17813444138,10.714184761,20.9746742249,11.4650115967,12.5480661392,23.9481315613,17.9314403534,16.5177993774,15.794500351,19.4668502808,18.8541202545,24.7453536987,18.4385604858,30.1206035614,25.0873508453,11.2681798935,9.74104118347,7.34236574173,5.67629146576,4.27637863159,3.00646138191,2.11572408676,1.3342539072,0.904651880264,0.734691619873,0.507731199265,0.176092192531,0.0378999151289,0.0228993818164,0.0141470562667,0.00779728684574,0.0037895727437,0.00706019531935,0.005630902946,0.0006276089116],"dmean2":[1.3334145546,3.42585706711,7.67903280258,7.01497745514,6.9554476738,11.5090579987,17.5065307617,33.4626464844,18.4283256531,20.4261493683,38.752571106,28.5872077942,27.2245731354,26.1331501007,30.2567424774,30.4530258179,39.2444343567,28.879989624,47.5766372681,42.0544586182,19.0942211151,16.2726154327,11.9056434631,9.05488109589,6.81788253784,4.76025819778,3.33523440361,2.06176614761,1.43514454365,1.20539212227,0.837801098824,0.294020801783,0.0635172948241,0.0384327843785,0.0237497203052,0.0130784166977,0.00633286358789,0.0116468919441,0.00898305792361,0.000915084208827],"dvar":[9.41308307648,29.1245174408,60.1830787659,53.7888717651,56.4933052063,244.301147461,552.143554688,3482.93334961,669.761108398,1517.71936035,4632.796875,2267.27441406,1827.41809082,1055.82885742,3297.01708984,1717.14746094,5384.35742188,2607.07763672,6735.84375,3385.19580078,744.060424805,462.815368652,188.551345825,110.786369324,74.2781295776,44.6684417725,19.7130031586,7.71881008148,3.70720529556,3.17620444298,1.98420023918,0.217883765697,0.00734320003539,0.0032472726889,0.00124664232135,0.000376659445465,0.000080538680777,0.00038431797293,0.000209805453778,0.00000154166889388],"dvar2":[23.0173931122,77.3555603027,150.342651367,134.553085327,150.394226074,587.49597168,1487.39819336,8795.05957031,1698.3717041,3813.2175293,10594.8037109,5153.94628906,4840.92919922,2765.22851562,6815.36425781,4063.02880859,11615.2832031,5483.7109375,15313.5644531,8727.16601562,2019.59301758,1226.82336426,460.500091553,263.01663208,181.277374268,111.910438538,47.9317321777,16.5931186676,8.76402282715,8.1360578537,5.09699010849,0.55803579092,0.0189833361655,0.00841664709151,0.00323191611096,0.000977332121693,0.000208304190892,0.000973202113528,0.000519405701198,0.00000333023103849],"max":[50.1792449951,112.644721985,131.600646973,151.996871948,124.279670715,373.42098999,478.911315918,1325.42810059,590.744445801,1936.57885742,3539.47363281,2358.59790039,1278.23999023,550.842102051,1698.65917969,1028.1036377,1966.59692383,2439.04296875,2993.15307617,940.41583252,380.286804199,336.979919434,343.907989502,335.565887451,266.413635254,149.624572754,113.52217865,63.9618988037,33.8331718445,23.882478714,18.4381580353,7.67209196091,2.62462449074,1.77839136124,1.10067617893,0.602897942066,0.276824980974,0.257419705391,0.236998319626,0.0323942825198],"mean":[1.20694732666,2.91836118698,6.15542984009,6.08854341507,5.62881612778,10.4098958969,16.1324501038,32.8292007446,17.9446754456,18.2185211182,34.3583717346,27.1506958008,24.522819519,21.1735267639,24.2550354004,25.5638866425,31.7842922211,25.5572967529,42.954044342,29.5663890839,12.3878040314,10.8931074142,9.66460609436,7.97769880295,6.08287858963,4.27580738068,3.04328775406,1.99809253216,1.23714387417,0.886487722397,0.543208658695,0.17095002532,0.0371230207384,0.0217039901763,0.0134395910427,0.00750518776476,0.003837965196,0.00722943991423,0.00711159780622,0.00105019193143],"median":[0.209151655436,1.08547282219,2.84702587128,2.83605957031,2.41587734222,2.99586057663,4.37563514709,5.3168554306,5.56196880341,6.28683948517,8.99886322021,8.36230278015,7.62238121033,7.45820808411,7.48374557495,9.68850803375,8.59519004822,7.37199878693,10.095500946,8.18847084045,2.86315870285,1.66077363491,2.01723003387,1.59036612511,1.10985636711,0.841322898865,0.654624938965,0.47081810236,0.256941974163,0.148886591196,0.0717846006155,0.0334869399667,0.0113265868276,0.00566707737744,0.00347310071811,0.00203213118948,0.00128782377578,0.00131255714223,0.00106538680848,0.000294087803923],"min":[9.93638331337e-13,2.98410211472e-12,5.20221409353e-12,1.42255582314e-11,3.20974705148e-11,4.35286008627e-11,5.8220248067e-11,9.06111435883e-11,1.90809687495e-10,3.00297009481e-10,3.84365095307e-10,2.55425652851e-10,1.51574863771e-10,3.18227694196e-10,2.52212639662e-10,5.01326147262e-10,9.64373692014e-10,7.26897209091e-10,1.11771358835e-9,8.65666260896e-10,3.28197047317e-9,2.18050999479e-9,1.51719214969e-9,2.61941646151e-9,2.12323003623e-9,1.50987078396e-9,7.81140041539e-9,4.35345759442e-9,4.06310141088e-9,2.85708123826e-9,2.76727463167e-9,3.12989456575e-9,1.75308834116e-9,2.26133467507e-9,1.26808785694e-9,8.34173230491e-10,5.00674279813e-10,2.06403699687e-10,6.74089117858e-11,4.84703336495e-12],"var":[11.7771921158,32.5901603699,90.6753845215,91.1834106445,81.8284072876,456.743927002,992.628234863,8104.23095703,1379.5177002,2046.82873535,8006.41503906,4922.79003906,2979.62646484,1437.02233887,4075.07861328,2328.31103516,7274.03222656,4748.31201172,15289.8378906,3992.58447266,678.882751465,504.987854004,297.611022949,212.442352295,141.622741699,71.2014770508,34.0362052917,16.080034256,6.14183998108,3.75527572632,2.00995111465,0.195717826486,0.00691984593868,0.00298775057308,0.00114702933934,0.000347143824911,0.0000757987581892,0.000364791776519,0.000262359128101,0.00000335663617079]},"erbbands_crest":{"dmean":3.1517457962,"dmean2":5.13978624344,"dvar":8.53412628174,"dvar2":20.4953517914,"max":32.1680755615,"mean":9.47148036957,"median":8.18264484406,"min":2.44426465034,"var":23.1193752289},"erbbands_flatness_db":{"dmean":0.030485259369,"dmean2":0.0473684258759,"dvar":0.000673299829941,"dvar2":0.0015429710038,"max":0.432693630457,"mean":0.179069176316,"median":0.174160659313,"min":0.062673702836,"var":0.00246563088149},"erbbands_kurtosis":{"dmean":1.51706278324,"dmean2":2.45571827888,"dvar":8.59443569183,"dvar2":19.3929309845,"max":158.000610352,"mean":1.03731870651,"median":0.117057919502,"min":-1.77792751789,"var":16.1012840271},"erbbands_skewness":{"dmean":0.527275204659,"dmean2":0.819231271744,"dvar":0.245845720172,"dvar2":0.557170987129,"max":9.32978343964,"mean":0.121000953019,"median":0.0964809954166,"min":-4.77716588974,"var":0.891868770123},"erbbands_spread":{"dmean":8.28770542145,"dmean2":12.9909152985,"dvar":64.0132904053,"dvar2":147.936584473,"max":98.2953262329,"mean":28.4001979828,"median":25.9648933411,"min":1.00238704681,"var":189.786895752},"gfcc":{"cov":[[13220.359375,-353.943206787,-1384.01477051,369.63760376,291.771270752,-409.443939209,97.6248245239,-242.348571777,141.338592529,29.035068512,39.1438102722,36.7333679199,154.447525024],[-353.943206787,1173.09655762,188.104980469,-416.766326904,-5.43448114395,140.522109985,-137.605316162,82.0943527222,-108.533447266,178.827331543,3.97961735725,-58.4734840393,68.7438583374],[-1384.01477051,188.104980469,720.209655762,-40.5047645569,-142.593734741,224.412261963,-138.934066772,191.215148926,-140.256057739,73.1324996948,-20.8962287903,15.0486755371,-31.1109523773],[369.63760376,-416.766326904,-40.5047645569,469.722473145,153.941757202,-141.563781738,193.409545898,-52.4473342896,110.409790039,-117.293571472,23.5962581635,25.9236011505,-20.3366165161],[291.771270752,-5.43448114395,-142.593734741,153.941757202,291.997711182,47.8766899109,111.451957703,-2.44946432114,55.7474212646,-2.1337351799,21.8755912781,-16.144908905,23.4580745697],[-409.443939209,140.522109985,224.412261963,-141.563781738,47.8766899109,352.443084717,-80.3539581299,136.591430664,-108.450286865,89.6784515381,-22.9586963654,-9.15712738037,-1.00459825993],[97.6248245239,-137.605316162,-138.934066772,193.409545898,111.451957703,-80.3539581299,286.766418457,-40.2104377747,93.2115631104,-112.439941406,22.4430885315,13.3689489365,-5.81010007858],[-242.348571777,82.0943527222,191.215148926,-52.4473342896,-2.44946432114,136.591430664,-40.2104377747,225.818756104,-42.9386100769,92.2596435547,-7.38459205627,-5.39097929001,18.707775116],[141.338592529,-108.533447266,-140.256057739,110.409790039,55.7474212646,-108.450286865,93.2115631104,-42.9386100769,186.674697876,-1.45671343803,38.8701820374,-0.198497280478,-15.1162281036],[29.035068512,178.827331543,73.1324996948,-117.293571472,-2.1337351799,89.6784515381,-112.439941406,92.2596435547,-1.45671343803,185.426696777,33.6182670593,-14.5048007965,33.0376167297],[39.1438102722,3.97961735725,-20.8962287903,23.5962581635,21.8755912781,-22.9586963654,22.4430885315,-7.38459205627,38.8701820374,33.6182670593,78.0134353638,37.6278533936,5.7644033432],[36.7333679199,-58.4734840393,15.0486755371,25.9236011505,-16.144908905,-9.15712738037,13.3689489365,-5.39097929001,-0.198497280478,-14.5048007965,37.6278533936,72.1921691895,32.7969169617],[154.447525024,68.7438583374,-31.1109523773,-20.3366165161,23.4580745697,-1.00459825993,-5.81010007858,18.707775116,-15.1162281036,33.0376167297,5.7644033432,32.7969169617,100.15561676]],"icov":[[0.000114224589197,-0.0000991722918116,0.000394008151488,-0.000359184516128,0.000158809314598,-0.0000667629647069,0.0000909023292479,-0.0000649051435175,0.000174626940861,-0.000276006700005,0.000246693671215,-0.000329808564857,0.00013211510668],[-0.0000991722918116,0.00213288282976,-0.00177275785245,0.00300188665278,-0.0018932025414,0.00128984567709,-0.000855970953126,0.00065419805469,0.000231619967963,-0.000257434468949,-0.00122346414719,0.00229896022938,-0.00153016753029],[0.000394008151488,-0.00177275785245,0.00546630099416,-0.00486245891079,0.00404361169785,-0.00299565936439,0.00156870076898,-0.00218636775389,0.00141024508048,-0.000744055781979,0.000806758587714,-0.00246111257002,0.00205985386856],[-0.000359184516128,0.00300188665278,-0.00486245891079,0.0101062525064,-0.00686689512804,0.00496240193024,-0.00275466521271,0.00088418694213,-0.00116812658962,0.000767767895013,0.00036711464054,-0.000392661575461,0.0000462026473542],[0.000158809314598,-0.0018932025414,0.00404361169785,-0.00686689512804,0.0109037877992,-0.00638705911115,0.000516689906362,-0.000684088561684,-0.000717449234799,0.00191840622574,-0.00526679959148,0.00648381467909,-0.00410504033789],[-0.0000667629647069,0.00128984567709,-0.00299565936439,0.00496240193024,-0.00638705911115,0.00903992820531,-0.001931534498,-0.000735046865884,0.00270304526202,-0.00440599862486,0.00566215440631,-0.00586933735758,0.00436402997002],[0.0000909023292479,-0.000855970953126,0.00156870076898,-0.00275466521271,0.000516689906362,-0.001931534498,0.00873965583742,-0.00237354706042,-0.00293596461415,0.00760798016563,-0.00556503795087,0.00361360632814,-0.00263049523346],[-0.0000649051435175,0.00065419805469,-0.00218636775389,0.00088418694213,-0.000684088561684,-0.000735046865884,-0.00237354706042,0.00843081530184,0.000478731381008,-0.00493301777169,0.00285386666656,-0.000653970986605,-0.000658779637888],[0.000174626940861,0.000231619967963,0.00141024508048,-0.00116812658962,-0.000717449234799,0.00270304526202,-0.00293596461415,0.000478731381008,0.0106523828581,-0.00572394998744,0.000406389124691,-0.00210443185642,0.00386960012838],[-0.000276006700005,-0.000257434468949,-0.000744055781979,0.000767767895013,0.00191840622574,-0.00440599862486,0.00760798016563,-0.00493301777169,-0.00572394998744,0.0226371064782,-0.0194263663143,0.0178617835045,-0.0116656366736],[0.000246693671215,-0.00122346414719,0.000806758587714,0.00036711464054,-0.00526679959148,0.00566215440631,-0.00556503795087,0.00285386666656,0.000406389124691,-0.0194263663143,0.0408572405577,-0.0331923700869,0.0162059534341],[-0.000329808564857,0.00229896022938,-0.00246111257002,-0.000392661575461,0.00648381467909,-0.00586933735758,0.00361360632814,-0.000653970986605,-0.00210443185642,0.0178617835045,-0.0331923700869,0.0479247123003,-0.0231518615037],[0.00013211510668,-0.00153016753029,0.00205985386856,0.0000462026473542,-0.00410504033789,0.00436402997002,-0.00263049523346,-0.000658779637888,0.00386960012838,-0.0116656366736,0.0162059534341,-0.0231518615037,0.0235365759581]],"mean":[-55.3749351501,132.621017456,-98.033706665,10.8026533127,-20.6896095276,-3.04255175591,-4.51898908615,-9.92591285706,-1.60053086281,-1.14504599571,-5.74915122986,-3.36862754822,-8.0861825943]},"hfc":{"dmean":6.71117401123,"dmean2":9.96730041504,"dvar":94.3341217041,"dvar2":199.585723877,"max":236.456710815,"mean":15.3485813141,"median":10.8027324677,"min":1.6873730857e-8,"var":253.807006836},"melbands":{"dmean":[0.00592044880614,0.00234137498774,0.000727345293853,0.000395000592107,0.000347640365362,0.000446020247182,0.000174971064553,0.000144020537846,0.000203943956876,0.000107686930278,0.0000834241945995,0.0000647471024422,0.0000713611589163,0.0000491647297167,0.000058054967667,0.0000450588595413,0.0000344230938936,0.000048943933507,0.0000451107225672,0.0000230118766922,0.0000119310780065,0.0000102019239421,0.00000859470856085,0.00000563780713492,0.00000471429802928,0.0000036423768961,0.00000269398401542,0.00000188826834346,0.00000147091395775,9.85406131804e-7,7.45109787204e-7,5.37981520665e-7,4.47615235544e-7,4.00464841732e-7,3.19765518952e-7,2.05451044621e-7,6.78736711279e-8,2.49322997803e-8,2.1143719664e-8,1.86076203335e-8],"dmean2":[0.00919443555176,0.00383145851083,0.00117030146066,0.000642165308818,0.000563842710108,0.00071259617107,0.000281247572275,0.000234373961575,0.000328329799231,0.000172633997863,0.00013768451754,0.000108222717245,0.000111165194539,0.0000803643633844,0.0000928948502406,0.0000713837725925,0.0000547782728972,0.0000775349762989,0.0000742600896046,0.0000392479632865,0.0000203948420676,0.0000171731408045,0.000014304965589,0.00000907559024199,0.00000759583190302,0.00000591953130424,0.00000430136833529,0.00000302064790958,0.00000234696744883,0.0000015487228211,0.00000116860303478,8.58277985571e-7,7.30000408566e-7,6.64481035528e-7,5.29898727564e-7,3.4195011267e-7,1.14619311375e-7,4.1877921575e-8,3.55154554654e-8,3.12538581682e-8],"dvar":[0.00041928695282,0.0000161142324941,0.00000137871882089,6.14579107605e-7,4.97054145399e-7,0.00000145585249811,1.5784958407e-7,2.30894372066e-7,3.62169799928e-7,7.20956236933e-8,4.63750922108e-8,1.8585495809e-8,5.36224291636e-8,1.06146762491e-8,2.05335393133e-8,1.58588431276e-8,9.68977431626e-9,2.05447552304e-8,1.47938967743e-8,3.07784797648e-9,9.22240506185e-10,5.66542757152e-10,3.05469205486e-10,1.13964553072e-10,8.11198677675e-11,6.04651884117e-11,3.49207711359e-11,1.83404784415e-11,1.00216623194e-11,4.41581016544e-12,2.63584401701e-12,1.39504467006e-12,1.02880356144e-12,1.0643471781e-12,8.08778120431e-13,3.46865494227e-13,2.86248414837e-14,3.61870220407e-15,2.78228935591e-15,2.15884769574e-15],"dvar2":[0.00100985029712,0.0000416136317654,0.00000343627607435,0.00000153364703692,0.00000130606906623,0.00000369063513972,4.01619530521e-7,5.95835501827e-7,8.49742775699e-7,1.64683854109e-7,1.22580360085e-7,5.00648944524e-8,1.10825183697e-7,2.60228105731e-8,4.62475284735e-8,3.35537251317e-8,2.1103337744e-8,4.60850735351e-8,3.59476501899e-8,8.20930612377e-9,2.53909315795e-9,1.52067525239e-9,7.89925291844e-10,2.73374017867e-10,1.97989957762e-10,1.5489622085e-10,8.68235136564e-11,4.69610184073e-11,2.52385595062e-11,1.02132486496e-11,5.81925133081e-12,3.31946644651e-12,2.60759773149e-12,2.75316596778e-12,2.09043286153e-12,8.84432555404e-13,7.45512795919e-14,9.38458888372e-15,7.2144608267e-15,5.59479745925e-15],"max":[0.345367997885,0.0524409674108,0.0226537957788,0.0149149512872,0.0136201558635,0.0272664297372,0.0112294629216,0.0297438260168,0.0346562117338,0.0126934079453,0.00631324853748,0.00235238089226,0.00708480039611,0.00136887771077,0.00463275890797,0.00332391541451,0.00447518890724,0.00579430628568,0.00379652925767,0.000994791276753,0.000481236958876,0.000362463237252,0.000224097588216,0.000413860485423,0.000282803084701,0.000278419902315,0.000155738249305,0.0000931410613703,0.000085893778305,0.000072811213613,0.0000329196918756,0.0000254349470197,0.0000142655271702,0.0000155733268912,0.0000135264735945,0.0000084208259068,0.0000030788676213,0.00000186897034382,0.00000164434766248,0.00000144996249674],"mean":[0.00852075684816,0.0034027507063,0.00106594746467,0.000563232519198,0.000547873380128,0.00070777075598,0.000272266363027,0.000205997450394,0.000289839168545,0.000159785617143,0.000120915145089,0.0000842336376081,0.000084087572759,0.0000642344748485,0.0000761137416703,0.0000568389332329,0.0000453442480648,0.0000686256171321,0.000055610868003,0.0000248137093877,0.0000123717773022,0.0000110599985419,0.0000101256891867,0.00000764651485952,0.00000637714401819,0.00000487898341817,0.00000374398405256,0.0000025880344765,0.00000202106707548,0.00000142855549257,0.00000107190396648,7.19090905932e-7,5.6184217101e-7,4.6143472332e-7,3.41458928688e-7,2.01145880396e-7,6.30026022463e-8,2.351042383e-8,1.9799427875e-8,1.7489547588e-8],"median":[0.00189528125338,0.00174387637526,0.000525552546605,0.000193083862541,0.000159926974447,0.000123460078612,0.0000851331787999,0.0000698826042935,0.0000714217167115,0.0000490103120683,0.0000347023596987,0.0000283755180135,0.0000236370833591,0.0000212823342736,0.0000242894493567,0.0000149042825797,0.0000116056171464,0.0000149276438606,0.0000136908674904,0.0000062541907937,0.00000226336055675,0.000001578973297,0.00000168058204508,0.0000017395911982,0.00000120460072139,8.44310989123e-7,6.83680241309e-7,5.09561346007e-7,4.08633837878e-7,3.32381688395e-7,2.42287910623e-7,1.45558686881e-7,1.07328929744e-7,6.79914933244e-8,4.24932835585e-8,2.8186734724e-8,1.48501939634e-8,6.21536866419e-9,4.79669015618e-9,4.30916724525e-9],"min":[8.42711639267e-15,3.12174606809e-15,2.98854484318e-15,2.78310081347e-15,2.03221923474e-15,2.06206634647e-15,3.01414450819e-15,3.4749304315e-15,2.96825776882e-15,1.55430609349e-15,6.96765596642e-16,1.22558541803e-15,9.2776810438e-16,1.04001024017e-15,1.39943903633e-15,2.61371878798e-15,1.03680083233e-15,1.70959910233e-15,1.2199801775e-15,1.7351188286e-15,4.34491225415e-15,2.62079278364e-15,1.39651920789e-15,9.82318296733e-16,2.29478144894e-15,2.20902825688e-15,9.35049411353e-16,8.99174072026e-16,3.65695590604e-15,5.9838879728e-15,1.52396865557e-15,1.99149876108e-15,2.78561946594e-15,1.12226031572e-15,1.70087900402e-15,1.27398191602e-15,2.37879420006e-15,1.31410989014e-15,1.05126381402e-15,2.14162328076e-15],"var":[0.000530998571776,0.0000230263776757,0.00000245416686084,0.00000106793731902,9.88455099105e-7,0.00000340863766723,3.22908931594e-7,2.73627620118e-7,6.21376784693e-7,1.54029805799e-7,7.62019283229e-8,2.4823384237e-8,6.37634727241e-8,1.42653240331e-8,2.93308257682e-8,2.22293436991e-8,1.77370811372e-8,4.60066367225e-8,2.20865565836e-8,2.97303537344e-9,7.81354037027e-10,5.83072812255e-10,3.87026882764e-10,1.90420748614e-10,1.4385279079e-10,1.04114446231e-10,5.64751474752e-11,2.73153583086e-11,1.5833964348e-11,8.13633795754e-12,5.09542972052e-12,2.26026380772e-12,1.34717736099e-12,1.17771200778e-12,8.17003745473e-13,3.21267236989e-13,2.4074758368e-14,3.34285364282e-15,2.5544684098e-15,1.98432290971e-15]},"melbands_crest":{"dmean":4.39112138748,"dmean2":7.04413604736,"dvar":15.1285686493,"dvar2":35.0484809875,"max":38.4586334229,"mean":18.8009986877,"median":17.5111160278,"min":3.0820441246,"var":61.0619735718},"melbands_flatness_db":{"dmean":0.0475637987256,"dmean2":0.0715161636472,"dvar":0.00172401953023,"dvar2":0.00362993380986,"max":0.601622402668,"mean":0.304908245802,"median":0.297042608261,"min":0.0116615053266,"var":0.00864445138723},"melbands_kurtosis":{"dmean":16.2181777954,"dmean2":25.5984554291,"dvar":1260.43395996,"dvar2":2933.93994141,"max":1099.18103027,"mean":25.8415050507,"median":8.44597530365,"min":-1.88414394855,"var":2914.23193359},"melbands_skewness":{"dmean":1.20393443108,"dmean2":1.8613243103,"dvar":1.90329265594,"dvar2":4.26057529449,"max":27.1910686493,"mean":3.34764289856,"median":2.58051967621,"min":-2.04683852196,"var":7.10406970978},"melbands_spread":{"dmean":6.68061828613,"dmean2":10.5719079971,"dvar":77.0969009399,"dvar2":176.002746582,"max":152.363128662,"mean":14.5417556763,"median":10.9439716339,"min":0.211764201522,"var":188.332366943},"mfcc":{"cov":[[11892.8232422,257.5809021,-2118.37646484,1013.94586182,-478.590240479,418.184448242,-472.799346924,99.2053833008,-181.999465942,88.8520812988,-94.8986053467,-36.3203811646,-57.0716171265],[257.5809021,1469.1439209,101.616882324,-405.365600586,92.8469696045,-56.6433563232,112.715858459,-227.75112915,36.8063774109,21.3002243042,77.3266677856,-39.9598617554,-3.27552223206],[-2118.37646484,101.616882324,942.869384766,-306.909118652,132.606124878,-142.521286011,120.76348114,-48.8043785095,18.560043335,-44.030002594,23.9105453491,17.0257015228,6.67665672302],[1013.94586182,-405.365600586,-306.909118652,641.623474121,-103.080001831,78.759513855,-90.702911377,157.485900879,-2.78258514404,7.4131321907,-22.1635379791,32.3206481934,27.0626316071],[-478.590240479,92.8469696045,132.606124878,-103.080001831,257.359588623,25.4069728851,100.493171692,-38.1441040039,47.157913208,34.4551467896,33.6313018799,18.0388965607,23.2773838043],[418.184448242,-56.6433563232,-142.521286011,78.759513855,25.4069728851,184.835952759,20.5469112396,56.7781410217,-7.54552125931,18.7996063232,-12.998456955,5.57395172119,2.91975855827],[-472.799346924,112.715858459,120.76348114,-90.702911377,100.493171692,20.5469112396,217.45362854,37.1846466064,75.3053817749,-17.2871227264,10.3278074265,10.5597448349,19.2073173523],[99.2053833008,-227.75112915,-48.8043785095,157.485900879,-38.1441040039,56.7781410217,37.1846466064,201.441162109,22.956281662,-3.09698319435,-38.7978897095,25.4986991882,22.5076560974],[-181.999465942,36.8063774109,18.560043335,-2.78258514404,47.157913208,-7.54552125931,75.3053817749,22.956281662,121.549407959,28.8461074829,20.0338859558,3.86503601074,13.8292655945],[88.8520812988,21.3002243042,-44.030002594,7.4131321907,34.4551467896,18.7996063232,-17.2871227264,-3.09698319435,28.8461074829,98.0254745483,49.0251998901,18.4161605835,6.38214874268],[-94.8986053467,77.3266677856,23.9105453491,-22.1635379791,33.6313018799,-12.998456955,10.3278074265,-38.7978897095,20.0338859558,49.0251998901,92.685043335,42.8389091492,12.4288759232],[-36.3203811646,-39.9598617554,17.0257015228,32.3206481934,18.0388965607,5.57395172119,10.5597448349,25.4986991882,3.86503601074,18.4161605835,42.8389091492,77.6407775879,38.9803009033],[-57.0716171265,-3.27552223206,6.67665672302,27.0626316071,23.2773838043,2.91975855827,19.2073173523,22.5076560974,13.8292655945,6.38214874268,12.4288759232,38.9803009033,60.5283927917]],"icov":[[0.000167332080309,-0.000124752317788,0.000284802750684,-0.000157282018336,0.0000804312658147,-0.000137709779665,0.000123770558275,0.0000362009632227,0.000082248057879,-0.0000639969002805,0.000211616410525,-0.000228958844673,0.000204857700737],[-0.000124752317788,0.00109970907215,-0.000108252861537,0.000509932811838,0.000172189014847,0.0000498475128552,-0.000725141144358,0.00085550150834,-0.0000418796735175,-0.000106500483525,-0.000792003469542,0.00100744771771,-0.00089617545018],[0.000284802750684,-0.000108252861537,0.00209578662179,0.000335832242854,-0.00061769929016,0.000990719068795,-0.000214697036427,-0.000394263217459,0.000464028242277,0.000637071323581,-0.0000265022208623,-0.000753202300984,0.000603156047873],[-0.000157282018336,0.000509932811838,0.000335832242854,0.00289634056389,0.0000598346705374,-0.000293479417451,0.00119293539319,-0.00173940532841,-0.000736703863367,0.00103306339588,-0.00133493565954,0.000422028097091,-0.0011316020973],[0.0000804312658147,0.000172189014847,-0.00061769929016,0.0000598346705374,0.00651053758338,-0.00162757467479,-0.00278945127502,0.00270255678333,-0.000513462291565,-0.00298561900854,0.00122355355415,-0.000716945796739,-0.00177590094972],[-0.000137709779665,0.0000498475128552,0.000990719068795,-0.000293479417451,-0.00162757467479,0.00799059681594,-0.00183319114149,-0.00175422523171,0.00240126554854,-0.00211290107109,0.00129263359122,-0.000334138283506,0.000993199762888],[0.000123770558275,-0.000725141144358,-0.000214697036427,0.00119293539319,-0.00278945127502,-0.00183319114149,0.010363210924,-0.00375512894243,-0.00513708032668,0.00588941108435,-0.00313703482971,0.00060800666688,-0.000357917888323],[0.0000362009632227,0.00085550150834,-0.000394263217459,-0.00173940532841,0.00270255678333,-0.00175422523171,-0.00375512894243,0.0111916474998,-0.00133094203193,-0.00356574403122,0.00766822695732,-0.00554340379313,-0.000347699184204],[0.000082248057879,-0.0000418796735175,0.000464028242277,-0.000736703863367,-0.000513462291565,0.00240126554854,-0.00513708032668,-0.00133094203193,0.0135572440922,-0.00487317005172,-0.00136362179182,0.00356029579416,-0.00203633122146],[-0.0000639969002805,-0.000106500483525,0.000637071323581,0.00103306339588,-0.00298561900854,-0.00211290107109,0.00588941108435,-0.00356574403122,-0.00487317005172,0.0197528339922,-0.0119169875979,0.00280331238173,-0.000218760585994],[0.000211616410525,-0.000792003469542,-0.0000265022208623,-0.00133493565954,0.00122355355415,0.00129263359122,-0.00313703482971,0.00766822695732,-0.00136362179182,-0.0119169875979,0.028845526278,-0.0180752445012,0.00565299391747],[-0.000228958844673,0.00100744771771,-0.000753202300984,0.000422028097091,-0.000716945796739,-0.000334138283506,0.00060800666688,-0.00554340379313,0.00356029579416,0.00280331238173,-0.0180752445012,0.0326346084476,-0.0165209025145],[0.000204857700737,-0.00089617545018,0.000603156047873,-0.0011316020973,-0.00177590094972,0.000993199762888,-0.000357917888323,-0.000347699184204,-0.00203633122146,-0.000218760585994,0.00565299391747,-0.0165209025145,0.0279501657933]],"mean":[-710.799255371,177.936233521,-10.0897512436,30.2832298279,1.62701237202,19.7325325012,2.47401404381,6.63219070435,1.81705915928,9.18181991577,4.61353397369,1.16393363476,2.49838137627]},"pitch_salience":{"dmean":0.0942071527243,"dmean2":0.151138886809,"dvar":0.0068719140254,"dvar2":0.0165572203696,"max":0.881036996841,"mean":0.490992903709,"median":0.521127581596,"min":0.0341525450349,"var":0.028284650296},"silence_rate_20dB":{"dmean":0.0200082007796,"dmean2":0.0400196835399,"dvar":0.0196053981781,"dvar2":0.0426751933992,"max":1,"mean":0.980649411678,"median":1,"min":0,"var":0.0189792700112},"silence_rate_30dB":{"dmean":0.0434604361653,"dmean2":0.0869279950857,"dvar":0.0415742769837,"dvar2":0.0897116586566,"max":1,"mean":0.896195471287,"median":1,"min":0,"var":0.0930338054895},"silence_rate_60dB":{"dmean":0.021156212315,"dmean2":0.0423158928752,"dvar":0.0207058042288,"dvar2":0.0469257794321,"max":1,"mean":0.0976549685001,"median":0,"min":0,"var":0.0881044194102},"spectral_centroid":{"dmean":272.975799561,"dmean2":414.587493896,"dvar":100644.273438,"dvar2":203748.796875,"max":3892.26928711,"mean":932.131958008,"median":721.041625977,"min":126.884437561,"var":374768.375},"spectral_complexity":{"dmean":4.62091016769,"dmean2":6.72871923447,"dvar":28.2014560699,"dvar2":47.8995857239,"max":60,"mean":16.0365695953,"median":14,"min":0,"var":114.422706604},"spectral_contrast_coeffs":{"dmean":[0.0557093508542,0.0512315183878,0.0399636998773,0.0332213565707,0.0242286566645,0.0522182174027],"dmean2":[0.0914834886789,0.0854224264622,0.066597186029,0.0548507198691,0.0391125902534,0.0815301686525],"dvar":[0.00186763482634,0.00164400308859,0.00104113086127,0.000764770025853,0.000446190038929,0.00266031106003],"dvar2":[0.00498056178913,0.00447862874717,0.00275939912535,0.00190878403373,0.00108236179221,0.00561319664121],"max":[-0.399488121271,-0.411261409521,-0.529207766056,-0.560090959072,-0.686590194702,-0.404989391565],"mean":[-0.693366765976,-0.760596513748,-0.807160615921,-0.807095170021,-0.840906202793,-0.751822769642],"median":[-0.6966766119,-0.770100712776,-0.812082350254,-0.812525272369,-0.838668107986,-0.774730503559],"min":[-0.91821295023,-0.964604914188,-0.957839310169,-0.967169106007,-0.964998424053,-0.924041748047],"var":[0.00650100037456,0.00580403394997,0.00284307636321,0.00290367170237,0.00146483245771,0.00881687551737]},"spectral_contrast_valleys":{"dmean":[0.423676580191,0.39360666275,0.416161805391,0.447339296341,0.501679480076,0.737381577492],"dmean2":[0.65953707695,0.623321115971,0.624915003777,0.650639951229,0.704271495342,1.19610631466],"dvar":[0.125963270664,0.112244427204,0.145420730114,0.191545084119,0.234952390194,0.369722664356],"dvar2":[0.272386014462,0.255371421576,0.29269978404,0.367313146591,0.421992480755,0.997665822506],"max":[-4.65747213364,-4.30043983459,-5.13516521454,-5.09241294861,-5.5742688179,-8.49632167816],"mean":[-6.93928670883,-6.70186328888,-7.26474428177,-7.70314884186,-8.13047027588,-11.6106672287],"median":[-6.71238136292,-6.53696250916,-7.05623531342,-7.47265911102,-7.97371006012,-11.4835472107],"min":[-20.0925254822,-18.1367549896,-18.4423770905,-18.3639831543,-17.9741973877,-19.4287872314],"var":[1.31005609035,1.26616668701,1.29425680637,1.57872164249,1.74473428726,1.32871198654]},"spectral_decrease":{"dmean":7.0742265379e-9,"dmean2":1.06860413851e-8,"dvar":3.65230415991e-16,"dvar2":8.37176501303e-16,"max":-6.16465721911e-20,"mean":-1.35495366038e-8,"median":-7.67878649555e-9,"min":-3.05667867906e-7,"var":5.3255354262e-16},"spectral_energy":{"dmean":0.0271020699292,"dmean2":0.0408521406353,"dvar":0.00523016648367,"dvar2":0.0119619388133,"max":1.15922307968,"mean":0.0525311380625,"median":0.0302170924842,"min":1.76316437579e-12,"var":0.00770108727738},"spectral_energyband_high":{"dmean":0.000147369486513,"dmean2":0.000229528348427,"dvar":7.75507729145e-8,"dvar2":1.85178436141e-7,"max":0.00409236224368,"mean":0.000216097629163,"median":0.0000518823471793,"min":1.32093468108e-12,"var":1.33847464667e-7},"spectral_energyband_low":{"dmean":0.023052925244,"dmean2":0.0356874763966,"dvar":0.00466904463246,"dvar2":0.0109976278618,"max":1.11196732521,"mean":0.0360021404922,"median":0.0138145778328,"min":3.97878717549e-14,"var":0.00621025217697},"spectral_energyband_middle_high":{"dmean":0.00271007302217,"dmean2":0.00416141282767,"dvar":0.0000258407744695,"dvar2":0.0000563137000427,"max":0.138299673796,"mean":0.00457301363349,"median":0.00223229406402,"min":2.5705888698e-13,"var":0.0000484798001708},"spectral_energyband_middle_low":{"dmean":0.00507066538557,"dmean2":0.00785466469824,"dvar":0.0000660371879349,"dvar2":0.000158308379469,"max":0.211341664195,"mean":0.0114896958694,"median":0.00590117741376,"min":7.51061674876e-14,"var":0.000236750682234},"spectral_entropy":{"dmean":0.270761340857,"dmean2":0.406536251307,"dvar":0.068636700511,"dvar2":0.141496986151,"max":8.73916339874,"mean":7.22883415222,"median":7.28791284561,"min":4.70392656326,"var":0.280800759792},"spectral_flux":{"dmean":0.0374018959701,"dmean2":0.0588629618287,"dvar":0.0033862774726,"dvar2":0.0078934719786,"max":0.901588976383,"mean":0.107718646526,"median":0.0955951288342,"min":0.000120574746688,"var":0.00722053693607},"spectral_kurtosis":{"dmean":4.883040905,"dmean2":7.90544652939,"dvar":41.2690200806,"dvar2":105.873176575,"max":107.546089172,"mean":13.155962944,"median":10.5255355835,"min":1.48328256607,"var":72.0814437866},"spectral_rms":{"dmean":0.00145907024853,"dmean2":0.00207172543742,"dvar":0.00000434437288277,"dvar2":0.0000086563095465,"max":0.0336295887828,"mean":0.00594061007723,"median":0.00542955752462,"min":4.14748164701e-8,"var":0.0000159590163094},"spectral_rolloff":{"dmean":389.836090088,"dmean2":655.805053711,"dvar":539093,"dvar2":1419410.75,"max":17786.4257812,"mean":794.375854492,"median":559.86328125,"min":43.06640625,"var":1309689.25},"spectral_skewness":{"dmean":0.4857622087,"dmean2":0.735577583313,"dvar":0.252024531364,"dvar2":0.558297216892,"max":8.07361507416,"mean":2.40949344635,"median":2.32985806465,"min":0.437811762094,"var":0.870279967785},"spectral_spread":{"dmean":596904.4375,"dmean2":969965.5625,"dvar":294233866240,"dvar2":755361054720,"max":9677867,"mean":3038313.5,"median":2984146,"min":909093,"var":712383660032},"spectral_strongpeak":{"dmean":0.349835664034,"dmean2":0.591127574444,"dvar":0.474382311106,"dvar2":1.18100321293,"max":13.1712827682,"mean":0.540026605129,"median":0.29330265522,"min":0,"var":0.731366991997},"zerocrossingrate":{"dmean":0.0090943230316,"dmean2":0.0106830848381,"dvar":0.000111865352665,"dvar2":0.000144888545037,"max":0.53515625,"mean":0.0344363190234,"median":0.02734375,"min":0.00146484375,"var":0.000945755571593}},"metadata":{"audio_properties":{"analysis_sample_rate":44100,"bit_rate":320000,"codec":"mp3","downmix":"mix","equal_loudness":0,"length":283.152984619,"lossless":false,"md5_encoded":"037f8a96e6a3c03157af71fa3a60c6a0","replay_gain":-1.90490341187,"sample_rate":48000},"tags":{"album":["Remain in Light"],"albumartist":["Talking Heads"],"albumartistsort":["Talking Heads","Talking Heads"],"artist":["Talking Heads"],"artistsort":["Talking Heads"],"barcode":["07599260951"],"catalognumber":["SRK 6095"],"composer":["David Byrne/Brian Eno"],"date":["1980"],"discnumber":["1/1"],"file_name":"07. Talking Heads - Listening Wind.mp3","genre":["New Wave"],"isrc":["USWB10502872"],"label":["Sire Records"],"language":["eng"],"musicbrainz album release country":["US"],"musicbrainz album status":["official"],"musicbrainz album type":["album"],"musicbrainz_albumartistid":["a94a7155-c79d-4409-9fcf-220cb0e4dc3a"],"musicbrainz_albumid":["6d9db0cb-c7e5-31d0-ac93-0db4d4b6d829"],"musicbrainz_artistid":["a94a7155-c79d-4409-9fcf-220cb0e4dc3a"],"musicbrainz_recordingid":["46717bff-51ff-47f5-b878-73f631c86b24"],"script":["Latn"],"title":["Listening Wind"],"tracknumber":["7/8"]},"version":{"essentia":"2.1-beta1","essentia_build_sha":"ca57ba49d9b1854bd80e60cf9ccf267278fb7d6b","essentia_git_sha":"v2.1_beta1-28-g21ef5f4-dirty","extractor":"music 1.0"}},"rhythm":{"beats_count":662,"beats_loudness":{"dmean":0.13460585475,"dmean2":0.263246566057,"dvar":0.026383863762,"dvar2":0.0684872344136,"max":0.785138964653,"mean":0.103849925101,"median":0.0506633520126,"min":7.21487509736e-8,"var":0.0188781507313},"beats_loudness_band_ratio":{"dmean":[0.273892223835,0.132734239101,0.106386058033,0.0636177435517,0.0459735095501,0.0139759704471],"dmean2":[0.468627184629,0.237783238292,0.189176693559,0.105275370181,0.0750130191445,0.0233912635595],"dvar":[0.0407456867397,0.017825307