{"lowlevel":{"average_loudness":0.0438601337373,"barkbands":{"dmean":[0.0000502915572724,0.000704068515915,0.000814531347714,0.000970655470155,0.00169734307565,0.00169256632216,0.000952566042542,0.000376829673769,0.000254857703112,0.000145442943904,0.0000916642165976,0.0000840056018205,0.0000838578489493,0.0000501465001435,0.0000558807478228,0.0000211809056054,0.0000180622919288,0.0000270836189884,0.0000183025385923,0.00000983741847449,0.0000023503284865,0.0000019418885131,0.00000403496369472,0.00000339306234309,0.00000162488015576,0.00000689506305207,0.000131111548399],"dmean2":[0.0000826679097372,0.00118306220975,0.00132047396619,0.00155968696345,0.00257326313294,0.00250356574543,0.00132717692759,0.000578776060138,0.000383693084586,0.000227437441936,0.00014589089551,0.000131707507535,0.000126036291476,0.0000747692320147,0.0000801473070169,0.0000307486916427,0.0000263912279479,0.0000387838153983,0.0000265744511125,0.0000150721816681,0.00000370904967895,0.00000305856679006,0.00000652062999507,0.00000566296284887,0.00000265107769337,0.0000110956380013,0.000176535744686],"dvar":[1.38476874412e-8,0.00000155999236995,0.00000253283496932,0.00000739105189496,0.000082545717305,0.0000623271916993,0.0000348345529346,0.00000235280617744,0.00000252167251347,0.00000184748330412,1.48338315853e-7,2.14788741459e-7,4.95173594572e-7,7.13430949872e-8,9.44422637872e-8,1.20701209028e-8,6.14594197756e-9,9.89203563506e-9,3.55731977209e-9,1.39364242369e-9,5.14165966747e-11,4.0804158663e-11,3.15101666981e-10,4.35338987081e-10,2.81830461746e-11,7.63759944178e-10,2.11002003425e-7],"dvar2":[3.33919700779e-8,0.00000424653217124,0.00000612478606854,0.0000156240312208,0.000169423830812,0.000131060893182,0.0000612800940871,0.00000568800805922,0.00000599203258389,0.00000472686451758,3.69280201085e-7,5.66009305203e-7,8.8873190407e-7,1.49153635221e-7,2.09070250889e-7,2.29490328962e-8,1.38363835944e-8,1.91829254703e-8,7.57401341644e-9,2.94737922957e-9,1.14030555831e-10,9.63264260023e-11,7.39332428612e-10,1.21638199513e-9,6.83407982982e-11,1.88523108235e-9,3.64095996019e-7],"max":[0.0023376790341,0.0184661485255,0.0253751128912,0.0932445004582,0.280168414116,0.279835134745,0.272395253181,0.0396240726113,0.056224912405,0.0458453707397,0.0159253571182,0.0199179667979,0.0406603813171,0.0166262816638,0.0118487915024,0.00625989912078,0.00342857418582,0.00265817996114,0.00130985351279,0.00117595528718,0.000214238360059,0.000186298158951,0.000637672841549,0.000956769916229,0.000114306378237,0.000898981059436,0.0131798628718],"mean":[0.0000517673797731,0.000860749452841,0.00102860142943,0.00129489053506,0.00213416293263,0.00256324349903,0.00143721525092,0.000548026524484,0.000319875223795,0.000179942479008,0.000119625932712,0.000126496786834,0.000127433318994,0.0000831679572002,0.0000778907779022,0.0000348123794538,0.0000284137277049,0.0000419107236667,0.000027143078114,0.0000144588339026,0.00000297835003948,0.0000022354615794,0.0000044552430154,0.00000342393286701,0.00000175789830337,0.00000737065465728,0.000244559283601],"median":[0.0000127633456941,0.00029194864328,0.000311710697133,0.000415087095462,0.000192406092538,0.0000709645828465,0.000041900701035,0.0000702859833837,0.0000178412956302,0.0000123265908769,0.0000127649500428,0.00000752444157115,0.00000521041238244,0.0000045662809498,0.00000330367629431,0.00000244943839789,0.00000199044438887,0.00000180632605407,0.00000155297561832,8.95647133348e-7,4.24909416097e-7,3.22325888646e-7,7.47375338506e-7,7.34213415399e-7,2.65638050223e-7,0.00000129100476443,0.0000201977309189],"min":[6.62761095091e-24,1.97808560147e-23,4.22320345925e-23,1.45134866001e-23,5.52068905954e-23,5.20001079068e-23,2.83319425665e-23,9.62397130393e-24,3.68781082039e-23,7.7029736729e-23,3.48858368324e-23,6.77329036759e-23,1.65170080748e-22,2.18516187308e-22,1.18287900446e-22,1.16248108093e-22,9.18394831975e-23,2.61833461003e-22,2.90815932982e-22,2.44630436766e-22,4.0912896338e-22,3.45490910446e-22,3.91986750853e-22,8.10398650713e-22,1.25368652822e-21,1.74848694711e-21,2.70514596324e-21],"var":[1.50515759856e-8,0.00000210576718018,0.00000355176052835,0.000012956307728,0.000130597414682,0.000131180277094,0.0000802751164883,0.00000420338756157,0.0000035599318835,0.00000281762254417,2.38231280036e-7,4.58813303794e-7,9.64852915786e-7,2.27798977903e-7,1.79612541729e-7,3.91356920204e-8,1.63266573594e-8,2.43880435846e-8,7.7105202223e-9,2.81112266798e-9,7.37135144591e-11,4.86082597784e-11,3.21574655793e-10,2.79653022961e-10,3.26287920294e-11,6.86421808282e-10,7.12182838924e-7]},"barkbands_crest":{"dmean":3.08774518967,"dmean2":5.16128730774,"dvar":6.59476900101,"dvar2":17.6898231506,"max":24.7723178864,"mean":11.1821956635,"median":10.6898345947,"min":2.85271644592,"var":15.0419664383},"barkbands_flatness_db":{"dmean":0.0331302434206,"dmean2":0.0512879416347,"dvar":0.000771690334659,"dvar2":0.00176206219476,"max":0.344830811024,"mean":0.164073929191,"median":0.166036993265,"min":0.0256275851279,"var":0.00331837078556},"barkbands_kurtosis":{"dmean":10.6236076355,"dmean2":16.6785182953,"dvar":182.150970459,"dvar2":424.942382812,"max":190.554290771,"mean":21.1065940857,"median":15.6065406799,"min":-1.86086475849,"var":455.284454346},"barkbands_skewness":{"dmean":0.966228425503,"dmean2":1.49596905708,"dvar":0.803386926651,"dvar2":1.84925436974,"max":11.527598381,"mean":3.43775296211,"median":3.40743303299,"min":-2.17875671387,"var":3.46646165848},"barkbands_spread":{"dmean":9.13924121857,"dmean2":14.0917654037,"dvar":147.026733398,"dvar2":314.985076904,"max":129.981628418,"mean":24.5443630219,"median":13.8571968079,"min":1.18862569332,"var":705.414245605},"dissonance":{"dmean":0.0240898095071,"dmean2":0.0400891527534,"dvar":0.000550309836399,"dvar2":0.00148882123176,"max":0.500000059605,"mean":0.454459398985,"median":0.463171124458,"min":0.282787263393,"var":0.00127501261886},"dynamic_complexity":10.7087717056,"erbbands":{"dmean":[0.00891031324863,0.198771849275,0.842297017574,2.1159992218,4.25929307938,5.88143205643,12.3206720352,12.6032857895,16.6489429474,7.44707679749,7.4766998291,5.37848424911,4.27847003937,4.18427562714,2.76716017723,3.3400349617,3.75968933105,2.26504945755,3.17451667786,1.93296480179,1.02757847309,1.00260996819,1.30889129639,1.24468004704,0.766901731491,0.462674975395,0.153211399913,0.0691242069006,0.0599909015,0.110281869769,0.111931368709,0.0810744464397,0.0513878948987,0.0210242085159,0.0109849888831,0.0143203530461,0.0139466952533,0.00733268680051,0.00620037829503,0.00949239917099],"dmean2":[0.0149788092822,0.333420544863,1.36313319206,3.41821050644,6.29541397095,9.08299827576,18.5774497986,18.3826828003,22.9608478546,10.767282486,11.3141946793,8.24094867706,6.62274503708,6.45073843002,4.10284566879,5.17971563339,5.62132501602,3.05704784393,4.77044820786,2.74270296097,1.42804074287,1.4190120697,1.87031054497,1.77135360241,1.11397624016,0.708334088326,0.235599786043,0.108175210655,0.0940506607294,0.175931558013,0.180813267827,0.135088637471,0.085956543684,0.034331727773,0.0178520474583,0.0236264299601,0.0226866323501,0.0116346916184,0.00874427240342,0.0124038718641],"dvar":[0.00024939267314,0.124310098588,2.51345038414,22.8928890228,614.810119629,1075.84094238,3814.03295898,4476.35644531,10414.4814453,948.651977539,1410.46936035,1137.99230957,1411.18737793,753.05267334,234.83770752,350.404602051,1267.79931641,116.072532654,328.413085938,108.297790527,21.2884960175,16.6031417847,23.8534412384,18.5035438538,7.22461557388,3.36367177963,0.295383155346,0.0490858666599,0.0353813655674,0.191757962108,0.241792038083,0.271923899651,0.0700227022171,0.00417648535222,0.00161643221509,0.00259130937047,0.00386672001332,0.000739748240449,0.000391392386518,0.000862537417561],"dvar2":[0.000677153584547,0.33449536562,6.10485601425,51.6895294189,1048.84313965,2411.93505859,8273.29882812,9422.19335938,17915.3632812,1976.67724609,3227.84643555,2758.01904297,3500.42138672,1893.90112305,539.171691895,944.669006348,2194.17773438,183.092330933,748.18762207,211.708099365,40.5513381958,35.1254577637,47.795589447,37.649471283,15.0474872589,7.08826684952,0.657065331936,0.112273544073,0.0863618254662,0.44818520546,0.563304424286,0.759909927845,0.189985692501,0.0102685587481,0.00392861664295,0.00655018771067,0.00985713489354,0.00172388064675,0.000734106521122,0.00157338194549],"max":[0.20969556272,5.47887706757,25.7148513794,120.395606995,1075.67272949,886.93560791,1747.67138672,3140.54785156,4420.27148438,1344.06103516,1081.43017578,1152.53234863,1586.28344727,1004.91326904,702.177062988,918.658813477,2149.75756836,563.870117188,793.25201416,606.492980957,224.545349121,188.484481812,150.1980896,132.017974854,97.4390335083,63.9521903992,19.8219127655,6.52220535278,4.90040588379,11.8406839371,17.417339325,24.3553276062,10.6024312973,1.15277588367,0.945564746857,1.25246179104,2.13817286491,0.799148857594,0.546162545681,0.781995356083],"mean":[0.0113909067586,0.244898468256,1.12373745441,2.97562599182,5.6678481102,6.89330816269,16.2969913483,19.4629573822,25.736913681,12.1988964081,10.7010250092,7.11958312988,5.31739759445,5.79412794113,4.19813489914,5.37134408951,5.95800685883,4.20277404785,4.9413895607,3.09032821655,1.73964643478,1.67993950844,2.06971216202,1.91904270649,1.18338060379,0.686735332012,0.218086332083,0.084366299212,0.069611184299,0.123511515558,0.123067103326,0.0844143778086,0.0499765612185,0.0222860369831,0.0120284250006,0.0144645422697,0.0150842601433,0.0086574498564,0.0116536915302,0.0220930669457],"median":[0.00474044214934,0.0828309953213,0.372351229191,1.21024775505,1.08239746094,0.647866129875,0.670677900314,0.499627649784,0.53160071373,1.42437815666,1.12668991089,0.452513188124,0.372003316879,0.590261459351,0.421500086784,0.328496575356,0.258452862501,0.261921674013,0.199788838625,0.173064053059,0.136973828077,0.12191028893,0.104174241424,0.0930365771055,0.0649865120649,0.0425735749304,0.0245748255402,0.012687520124,0.0104102632031,0.0173700600863,0.0219021905214,0.0173278860748,0.0109217930585,0.00420582061633,0.00157829164527,0.00247930781916,0.00278918631375,0.00132784317248,0.00119979155716,0.00326673057862],"min":[4.84147994636e-22,5.26457566052e-21,3.1492862952e-20,5.93471651845e-20,8.80195587364e-20,2.11397611916e-19,5.22620465829e-19,2.67551129691e-19,5.07222602124e-19,1.18278297295e-19,3.33560607861e-19,9.71612241167e-19,2.51956712362e-18,1.24569822694e-18,1.90576643547e-18,3.16794499535e-18,7.90221107449e-18,9.57462303493e-18,1.01485920814e-17,5.73673329453e-18,5.26686120578e-18,6.82334463055e-18,1.53410934725e-17,1.32467672873e-17,1.33861124789e-17,1.27228459765e-17,1.59134726779e-17,1.57063416894e-17,1.04161188352e-17,1.1207344388e-17,1.19098895618e-17,1.24389253303e-17,1.64184135023e-17,1.35104559229e-17,9.23371129881e-18,5.60187969363e-18,3.33684493668e-18,1.39330881405e-18,3.3423649197e-19,4.48319678165e-20],"var":[0.000331130169798,0.171682447195,3.83211517334,40.6720809937,1212.83081055,1356.65161133,6164.11914062,9555.58105469,25048.3613281,2127.69067383,2730.7487793,1637.45788574,1976.58312988,1307.34179688,440.660308838,813.797302246,2407.69335938,455.119262695,794.913330078,250.983184814,72.7463760376,52.4616203308,57.803855896,44.3223762512,15.8574094772,6.66233634949,0.463783055544,0.064682751894,0.0412173345685,0.213710054755,0.246374160051,0.174515560269,0.0487532615662,0.00442726816982,0.00186929269694,0.00235417415388,0.00320239365101,0.000802192545962,0.00113940646406,0.00411690399051]},"erbbands_crest":{"dmean":2.5974111557,"dmean2":4.18117380142,"dvar":6.17371034622,"dvar2":14.8941421509,"max":29.3130607605,"mean":9.01162338257,"median":8.23182106018,"min":2.08631229401,"var":17.2721004486},"erbbands_flatness_db":{"dmean":0.0230903644115,"dmean2":0.0337030924857,"dvar":0.000434788991697,"dvar2":0.000914732343517,"max":0.329891592264,"mean":0.124603405595,"median":0.122613549232,"min":0.0255720354617,"var":0.00268993386999},"erbbands_kurtosis":{"dmean":1.84129476547,"dmean2":2.78133964539,"dvar":7.94281339645,"dvar2":17.9339408875,"max":61.6688308716,"mean":2.48203730583,"median":0.90632724762,"min":-1.70657157898,"var":23.363615036},"erbbands_skewness":{"dmean":0.456013739109,"dmean2":0.680468201637,"dvar":0.185532853007,"dvar2":0.398291915655,"max":5.89647102356,"mean":0.913872539997,"median":0.893917560577,"min":-2.71390128136,"var":1.11681830883},"erbbands_spread":{"dmean":10.1541213989,"dmean2":14.7901735306,"dvar":126.8800354,"dvar2":259.21182251,"max":154.144302368,"mean":39.811580658,"median":32.8198318481,"min":2.52412796021,"var":665.700927734},"gfcc":{"cov":[[20947.21875,4605.40234375,-918.210693359,-1587.21618652,658.718078613,-1627.99658203,127.155586243,-835.671447754,14.5092372894,-564.330932617,311.298950195,-417.531860352,131.961196899],[4605.40234375,2022.80395508,144.536102295,-535.74230957,159.340011597,-424.123718262,77.4708786011,-278.134399414,88.9175796509,-182.750442505,60.6526756287,-183.221405029,47.3028831482],[-918.210693359,144.536102295,588.842529297,153.737625122,-160.525375366,164.150634766,-12.1280679703,82.250213623,13.3134660721,25.9655418396,-66.7894287109,-22.5056152344,-14.3539266586],[-1587.21618652,-535.74230957,153.737625122,394.30657959,54.6513557434,206.123062134,-3.9815955162,100.119544983,-42.0365943909,20.7856845856,-48.1658706665,49.8126335144,-29.7892837524],[658.718078613,159.340011597,-160.525375366,54.6513557434,303.222717285,7.63278579712,41.3215904236,-59.990234375,-20.6978092194,-83.9805526733,4.03600597382,-13.6743679047,0.253349244595],[-1627.99658203,-424.123718262,164.150634766,206.123062134,7.63278579712,359.494262695,43.7315979004,130.958068848,-24.859128952,11.9956407547,-96.2016143799,38.0884056091,-20.2142009735],[127.155586243,77.4708786011,-12.1280679703,-3.9815955162,41.3215904236,43.7315979004,118.905906677,28.7090301514,11.4253454208,-39.0025062561,-14.0866966248,-3.55795192719,-10.2946243286],[-835.671447754,-278.134399414,82.250213623,100.119544983,-59.990234375,130.958068848,28.7090301514,153.423583984,30.5185050964,35.3092803955,-38.6292915344,23.1455535889,-14.9877548218],[14.5092372894,88.9175796509,13.3134660721,-42.0365943909,-20.6978092194,-24.859128952,11.4253454208,30.5185050964,96.0178756714,38.3211135864,2.4264190197,-14.731970787,-10.9586830139],[-564.330932617,-182.750442505,25.9655418396,20.7856845856,-83.9805526733,11.9956407547,-39.0025062561,35.3092803955,38.3211135864,126.959571838,41.8607749939,18.4853076935,4.14476394653],[311.298950195,60.6526756287,-66.7894287109,-48.1658706665,4.03600597382,-96.2016143799,-14.0866966248,-38.6292915344,2.4264190197,41.8607749939,105.074790955,28.1773204803,7.08834409714],[-417.531860352,-183.221405029,-22.5056152344,49.8126335144,-13.6743679047,38.0884056091,-3.55795192719,23.1455535889,-14.731970787,18.4853076935,28.1773204803,74.3086013794,21.1290798187],[131.961196899,47.3028831482,-14.3539266586,-29.7892837524,0.253349244595,-20.2142009735,-10.2946243286,-14.9877548218,-10.9586830139,4.14476394653,7.08834409714,21.1290798187,62.0642051697]],"icov":[[0.000149835570483,-0.000412235531257,0.000320812599966,-0.0000312802803819,-0.0000255648119492,0.000293218094157,0.0000705820566509,-0.000358852121281,0.000530801014975,-0.000123868434457,0.000176598274265,-0.0000795855958131,0.000184365417226],[-0.000412235531257,0.00513682514429,-0.00549253076315,0.00492900563404,-0.00399854732677,0.0017899639206,-0.00230925786309,0.00305962143466,-0.0039306958206,0.00306043680757,-0.0020264510531,0.00261661037803,-0.00254572136328],[0.000320812599966,-0.00549253076315,0.00971208140254,-0.00838767923415,0.00850000791252,-0.00530436588451,0.00332602439448,-0.00196515396237,0.000894027063623,0.000555744743906,-0.00186154898256,0.00278705707751,-0.000576298509259],[-0.0000312802803819,0.00492900563404,-0.00838767923415,0.0134198972955,-0.0103159844875,0.00490967184305,-0.00209710281342,-0.000810372352134,0.00269027194008,-0.00292143179104,0.00467850919813,-0.00544396648183,0.00389793585055],[-0.0000255648119492,-0.00399854732677,0.00850000791252,-0.0103159844875,0.0143605023623,-0.00790101010352,0.00218506949022,0.00231541274115,-0.00403646100312,0.00731604779139,-0.00805055163801,0.00722838193178,-0.004336734768],[0.000293218094157,0.0017899639206,-0.00530436588451,0.00490967184305,-0.00790101010352,0.0130511717871,-0.00454120524228,-0.00344789633527,0.00639602541924,-0.00756777310744,0.0123154148459,-0.00911304913461,0.00516982143745],[0.0000705820566509,-0.00230925786309,0.00332602439448,-0.00209710281342,0.00218506949022,-0.00454120524228,0.0137054203078,-0.00424640718848,-0.00216128095053,0.00578017486259,-0.00437179254368,0.00151700340211,0.000347737339325],[-0.000358852121281,0.00305962143466,-0.00196515396237,-0.000810372352134,0.00231541274115,-0.00344789633527,-0.00424640718848,0.0174146406353,-0.00920533016324,0.00192583899479,-0.000264039234025,0.000376622396288,-0.00189579243306],[0.000530801014975,-0.0039306958206,0.000894027063623,0.00269027194008,-0.00403646100312,0.00639602541924,-0.00216128095053,-0.00920533016324,0.0249619800597,-0.0159868374467,0.0120962606743,-0.00791005976498,0.00966999400407],[-0.000123868434457,0.00306043680757,0.000555744743906,-0.00292143179104,0.00731604779139,-0.00756777310744,0.00578017486259,0.00192583899479,-0.0159868374467,0.0293688103557,-0.022776260972,0.0154073555022,-0.0118418000638],[0.000176598274265,-0.0020264510531,-0.00186154898256,0.00467850919813,-0.00805055163801,0.0123154148459,-0.00437179254368,-0.000264039234025,0.0120962606743,-0.022776260972,0.0367079675198,-0.0255785733461,0.0144115062431],[-0.0000795855958131,0.00261661037803,0.00278705707751,-0.00544396648183,0.00722838193178,-0.00911304913461,0.00151700340211,0.000376622396288,-0.00791005976498,0.0154073555022,-0.0255785733461,0.0397507585585,-0.0194854848087],[0.000184365417226,-0.00254572136328,-0.000576298509259,0.00389793585055,-0.004336734768,0.00516982143745,0.000347737339325,-0.00189579243306,0.00966999400407,-0.0118418000638,0.0144115062431,-0.0194854848087,0.028185531497]],"mean":[-163.481628418,76.3805007935,-46.690700531,-3.35381531715,-20.9582023621,-11.0541973114,-17.1375465393,-9.19009399414,-8.22706604004,-16.0281887054,-3.50987076759,-11.548874855,-16.0949821472]},"hfc":{"dmean":170.454605103,"dmean2":236.383987427,"dvar":274398.15625,"dvar2":534100.9375,"max":15719.6835938,"mean":368.09185791,"median":78.0716018677,"min":1.2415966436e-16,"var":1138180.375},"melbands":{"dmean":[0.000134900721605,0.000377666787244,0.000421032949816,0.000344089901773,0.000389916967833,0.000299549865304,0.000224740870181,0.0000799308400019,0.0000621449798928,0.0000320720719174,0.0000225273452088,0.0000180247352546,0.0000106663610495,0.00000973958867689,0.00000753720041757,0.00000869695486472,0.00000401988882004,0.00000556385475647,0.00000378286767955,0.00000179995254257,0.000001147805051,0.00000110655821572,0.0000010119944136,0.00000145576200339,0.00000102168758076,6.24448091457e-7,4.83135295326e-7,2.79695996142e-7,1.1187461979e-7,5.55624808385e-8,3.48830120345e-8,2.96422211221e-8,4.57374689233e-8,7.02035691802e-8,6.67333850402e-8,6.13765891444e-8,4.56944526661e-8,3.86919936091e-8,2.81246528289e-8,1.40858125164e-8],"dmean2":[0.000226761752856,0.000609993352555,0.000653939088807,0.000519799999893,0.000584223598707,0.000431075779488,0.000310158211505,0.000116776442155,0.000093136470241,0.0000492024992127,0.0000349100409949,0.0000280054100585,0.0000164254342963,0.000015381092453,0.0000114363929242,0.0000132115710585,0.0000056614226196,0.0000085147066784,0.00000545124385098,0.0000026172995149,0.00000166872655427,0.00000160369472724,0.00000146135334944,0.00000213812745642,0.00000148093999996,9.16729050005e-7,7.32858438823e-7,4.38715204609e-7,1.73630240852e-7,8.74350973845e-8,5.50975336466e-8,4.69190943875e-8,7.28459426114e-8,1.13108590938e-7,1.08804599108e-7,1.0078753121e-7,7.6842844976e-8,6.50295746141e-8,4.68419187882e-8,2.29655583439e-8],"dvar":[5.65221789373e-8,4.60272275404e-7,0.00000173879698195,0.00000324538405039,0.00000396341829401,0.00000214220676753,0.00000188398655609,9.19228995144e-8,1.10348537419e-7,4.66230716256e-8,4.03591222664e-8,1.66679772207e-8,2.59174415262e-9,3.3299867308e-9,1.57849966431e-9,6.83310519278e-9,3.43021250293e-10,1.13848508398e-9,4.98117158632e-10,8.39094835281e-11,2.91926031959e-11,2.41321389954e-11,1.60343023581e-11,3.22284386678e-11,1.36459107902e-11,4.23457319557e-12,3.60098235952e-12,1.69708268705e-12,1.72792566388e-13,2.91073826012e-14,1.32824134314e-14,9.0423147282e-15,2.52971912352e-14,8.56388595563e-14,8.48433465411e-14,1.15471109237e-13,1.04667969712e-13,5.07761388003e-14,1.02551735821e-14,1.99144709207e-15],"dvar2":[1.54195632263e-7,0.00000113118755962,0.00000334319793183,0.00000607073934589,0.00000873879889696,0.00000444437000624,0.00000325797032019,1.98962780473e-7,2.45855005687e-7,1.11686453863e-7,1.00844225415e-7,4.16636005696e-8,6.2267728751e-9,8.8222344985e-9,3.34828720305e-9,1.27194432764e-8,6.30156427039e-10,2.64130317618e-9,1.08674391708e-9,1.50981754876e-10,6.00396538042e-11,5.42464545505e-11,3.32652377866e-11,6.58560914135e-11,2.88849794777e-11,8.84314670102e-12,7.8538469131e-12,3.57813821975e-12,3.97043915757e-13,6.53852853479e-14,3.11706396642e-14,2.28858409003e-14,5.87493514123e-14,2.02192253283e-13,1.88789779708e-13,3.06840951302e-13,2.96366609639e-13,1.39315222227e-13,2.65863669106e-14,4.8333491445e-15],"max":[0.00322570861317,0.0104552898556,0.0542815737426,0.0653542727232,0.0694918185472,0.0632443055511,0.0626723468304,0.0115478215739,0.0101367086172,0.00846853666008,0.00823329668492,0.00449276622385,0.00232650735416,0.00259223929606,0.00161541369744,0.00480257067829,0.000870287127327,0.00165900227148,0.00116347370204,0.00044629527838,0.000205137417652,0.00020988372853,0.000161254720297,0.000162293683388,0.000124973972561,0.0000533838574484,0.0000635346295894,0.0000544500726392,0.0000140193569678,0.00000567298866372,0.0000030780988709,0.00000270954456028,0.00000465637958769,0.00000844331134431,0.0000100788702184,0.0000131784872792,0.0000155751222337,0.00000966301558947,0.00000278140396404,8.8758253014e-7],"mean":[0.000171811436303,0.000508521858137,0.000600108527578,0.000446514663054,0.000509195437189,0.000473884138046,0.000353522016667,0.000123799589346,0.0000857639242895,0.0000410170250689,0.0000267691521003,0.0000243782742473,0.0000146036609294,0.0000144696514326,0.0000124848666019,0.0000127766188598,0.00000706915352566,0.00000846853981784,0.00000531559999217,0.00000298310919788,0.00000180575409559,0.00000174218052962,0.00000154919746365,0.00000217259434976,0.00000150848370595,9.36126468787e-7,6.93106528615e-7,3.99263058171e-7,1.52836165057e-7,6.70972326589e-8,4.03831421636e-8,3.36948033919e-8,5.19095735285e-8,7.65032481809e-8,7.30450295805e-8,6.46383426783e-8,4.54604389688e-8,3.65766368304e-8,2.78029297363e-8,1.5221115035e-8],"median":[0.0000639004138066,0.000173076346982,0.000223179493332,0.0000602210857323,0.0000256741586782,0.0000122005239973,0.00000772339353716,0.0000171369374584,0.00000798694600235,0.00000231724379773,0.00000165742449099,0.00000232693332691,0.00000154762597049,8.86046450432e-7,6.33406727957e-7,4.9995264817e-7,4.36446271124e-7,3.14703953563e-7,2.29587996614e-7,2.01786235721e-7,1.38712337616e-7,1.20985561125e-7,9.2235751481e-8,8.56353068457e-8,7.07231180286e-8,5.15127531742e-8,3.58861598215e-8,2.49309035638e-8,1.6163948402e-8,9.95017845895e-9,5.91950399809e-9,4.93989471551e-9,7.4195494193e-9,1.0567802633e-8,1.2427509688e-8,1.31949828841e-8,9.59048840343e-9,7.81772868663e-9,6.43369624242e-9,2.35844987984e-9],"min":[5.24749406406e-24,1.43100961706e-23,1.15299586474e-23,1.00684336817e-23,1.63730763006e-23,7.67441122834e-24,6.67238511817e-24,1.19621151895e-24,3.05301180728e-24,6.02047046609e-24,1.28119538594e-23,5.20116071322e-24,5.79479984365e-24,6.98558340792e-24,1.13992207296e-23,1.67153725137e-23,1.84009600089e-23,1.8223994842e-23,8.22229405967e-24,8.00861372856e-24,5.53263888231e-24,6.18810419731e-24,1.11902656753e-23,1.23147790071e-23,1.05767212176e-23,1.07464509523e-23,7.5525337962e-24,8.63196451611e-24,8.05364427561e-24,1.31090538647e-23,8.07366872083e-24,6.01500839319e-24,5.97293607453e-24,6.2122354524e-24,6.80376280218e-24,7.76589542752e-24,6.81516736429e-24,1.13959903442e-23,1.03465552713e-23,1.21421012992e-23],"var":[7.72008306171e-8,7.32098499157e-7,0.00000335267736773,0.00000613943848293,0.00000592130345467,0.00000492408935315,0.00000458514523416,1.89983509813e-7,2.08298558846e-7,6.29947436437e-8,5.63648328011e-8,2.84159273889e-8,4.26802637676e-9,6.6962249079e-9,4.51140014235e-9,1.19117249398e-8,1.21988075197e-9,2.7370805622e-9,9.16213771518e-10,2.76668854493e-10,8.34007654604e-11,6.59031995642e-11,3.89792781386e-11,7.34931698831e-11,2.94390137268e-11,9.69974274512e-12,6.79626624076e-12,2.86784593469e-12,2.51501022699e-13,3.92976056969e-14,1.63884290389e-14,1.0033743076e-14,2.90039564902e-14,9.37256999442e-14,9.80051949968e-14,8.42130862657e-14,6.43077577951e-14,3.38982416085e-14,8.47714469964e-15,2.32227126797e-15]},"melbands_crest":{"dmean":4.05949306488,"dmean2":6.81961202621,"dvar":11.3280334473,"dvar2":30.909040451,"max":36.4241333008,"mean":17.0086212158,"median":16.7504043579,"min":1.71825742722,"var":28.1029167175},"melbands_flatness_db":{"dmean":0.0408811159432,"dmean2":0.0629716590047,"dvar":0.00119634834118,"dvar2":0.00265940697864,"max":0.509150087833,"mean":0.280991822481,"median":0.293242454529,"min":0.00559733994305,"var":0.00684442045167},"melbands_kurtosis":{"dmean":17.7966213226,"dmean2":28.1161499023,"dvar":855.800598145,"dvar2":2022.34741211,"max":520.831054688,"mean":33.3421134949,"median":19.5763587952,"min":-1.60815608501,"var":1821.71777344},"melbands_skewness":{"dmean":1.11926591396,"dmean2":1.747610569,"dvar":1.37255311012,"dvar2":3.09556627274,"max":17.3870868683,"mean":3.84662723541,"median":3.39261388779,"min":-1.93609571457,"var":5.49873161316},"melbands_spread":{"dmean":5.23701667786,"dmean2":8.36822414398,"dvar":104.503486633,"dvar2":250.430252075,"max":165.238357544,"mean":13.3889484406,"median":6.33084487915,"min":0.648696899414,"var":516.722412109},"mfcc":{"cov":[[14312.0996094,4012.87451172,-1711.3527832,198.740905762,-299.680084229,-398.849334717,-383.645446777,-436.213256836,-564.279602051,-260.962280273,-5.28944444656,-352.241088867,12.3609771729],[4012.87451172,2345.40429688,-114.451293945,13.5165061951,-93.9657821655,-100.626914978,-167.18107605,-140.146194458,-144.123184204,-54.7978973389,2.09587693214,-99.9403762817,-14.0319471359],[-1711.3527832,-114.451293945,787.930175781,0.902100324631,-3.2531349659,33.2549667358,12.3598108292,21.8566608429,116.561988831,63.1824035645,14.4010915756,60.3861618042,-27.4720401764],[198.740905762,13.5165061951,0.902100324631,200.371276855,80.5173873901,12.9626073837,20.6842842102,10.6081142426,-39.145362854,8.38871383667,-6.67446279526,-14.9453163147,5.27682065964],[-299.680084229,-93.9657821655,-3.2531349659,80.5173873901,194.749130249,93.2219009399,55.4962615967,54.6295814514,21.349401474,3.63688635826,-18.1771240234,-1.45306539536,-6.17701053619],[-398.849334717,-100.626914978,33.2549667358,12.9626073837,93.2219009399,150.012939453,78.50025177,64.1092147827,45.4339752197,3.97938656807,-18.8347015381,-4.70730113983,-8.31440258026],[-383.645446777,-167.18107605,12.3598108292,20.6842842102,55.4962615967,78.50025177,128.920227051,83.7344207764,23.2491931915,-0.496134996414,-19.6692695618,-6.37233638763,-1.44574797153],[-436.213256836,-140.146194458,21.8566608429,10.6081142426,54.6295814514,64.1092147827,83.7344207764,161.941116333,78.48387146,20.0151939392,-35.8300933838,6.70334815979,-0.540258288383],[-564.279602051,-144.123184204,116.561988831,-39.145362854,21.349401474,45.4339752197,23.2491931915,78.48387146,154.032699585,35.8592300415,-4.63990831375,13.9518280029,-1.8611702919],[-260.962280273,-54.7978973389,63.1824035645,8.38871383667,3.63688635826,3.97938656807,-0.496134996414,20.0151939392,35.8592300415,88.6210250854,26.1458263397,13.3406438828,1.0612834692],[-5.28944444656,2.09587693214,14.4010915756,-6.67446279526,-18.1771240234,-18.8347015381,-19.6692695618,-35.8300933838,-4.63990831375,26.1458263397,77.9582748413,27.5965080261,3.45084929466],[-352.241088867,-99.9403762817,60.3861618042,-14.9453163147,-1.45306539536,-4.70730113983,-6.37233638763,6.70334815979,13.9518280029,13.3406438828,27.5965080261,74.2604751587,22.4225883484],[12.3609771729,-14.0319471359,-27.4720401764,5.27682065964,-6.17701053619,-8.31440258026,-1.44574797153,-0.540258288383,-1.8611702919,1.0612834692,3.45084929466,22.4225883484,50.4768409729]],"icov":[[0.000262415356701,-0.000387844949728,0.00049308873713,-0.000379589939257,0.000264782516751,0.000158787355758,-0.0000259760636254,0.000202791867196,-0.00011798892956,0.000184213931789,-0.0000607367328485,0.000223838942475,0.0000924480846152],[-0.000387844949728,0.00111066258978,-0.00081816263264,0.000586030015256,-0.000310831703246,-0.000420153373852,0.000934601819608,-0.000621759798378,0.000669098517392,-0.0000438029928773,-0.000232077509281,0.000641159596853,-0.000433305976912],[0.00049308873713,-0.00081816263264,0.00273169553839,-0.00142474821769,0.00108076084871,0.000102542042441,-0.000819957349449,0.00166307319887,-0.00193501124159,-0.000511450343765,0.000937541946769,-0.00202167616226,0.0022043120116],[-0.000379589939257,0.000586030015256,-0.00142474821769,0.00800739973783,-0.00421660533175,0.00118036568165,-0.00000175878949449,-0.0015868737828,0.00340420915745,-0.00157922145445,-0.000572477874812,0.00254387594759,-0.00262742047198],[0.000264782516751,-0.000310831703246,0.00108076084871,-0.00421660533175,0.00979252718389,-0.00505510019138,0.000142750373925,-0.000144210192957,-0.000915466516744,0.000443483062554,0.000846300681587,-0.0018031563377,0.00194603670388],[0.000158787355758,-0.000420153373852,0.000102542042441,0.00118036568165,-0.00505510019138,0.0136961843818,-0.00644182460383,0.000887924572453,-0.0024362350814,0.000099996694189,0.000658504781313,0.000393236288801,0.000927486922592],[-0.0000259760636254,0.000934601819608,-0.000819957349449,-0.00000175878949449,0.000142750373925,-0.00644182460383,0.0175638515502,-0.0088100573048,0.00413879239932,0.00200434797443,-0.00288082309999,0.00437013106421,-0.0024486228358],[0.000202791867196,-0.000621759798378,0.00166307319887,-0.0015868737828,-0.000144210192957,0.000887924572453,-0.0088100573048,0.0159588344395,-0.00712299626321,-0.00299392873421,0.00720988726243,-0.00525969034061,0.00253944052383],[-0.00011798892956,0.000669098517392,-0.00193501124159,0.00340420915745,-0.000915466516744,-0.0024362350814,0.00413879239932,-0.00712299626321,0.0130682410672,-0.0022533130832,-0.00172746251337,0.00268407561816,-0.00221010809764],[0.000184213931789,-0.0000438029928773,-0.000511450343765,-0.00157922145445,0.000443483062554,0.000099996694189,0.00200434797443,-0.00299392873421,-0.0022533130832,0.0156221715733,-0.00671809678897,0.00172274175566,-0.000791976344772],[-0.0000607367328485,-0.000232077509281,0.000937541946769,-0.000572477874812,0.000846300681587,0.000658504781313,-0.00288082309999,0.00720988726243,-0.00172746251337,-0.00671809678897,0.0209676232189,-0.0096878176555,0.00367473065853],[0.000223838942475,0.000641159596853,-0.00202167616226,0.00254387594759,-0.0018031563377,0.000393236288801,0.00437013106421,-0.00525969034061,0.00268407561816,0.00172274175566,-0.0096878176555,0.0246631354094,-0.0115605155006],[0.0000924480846152,-0.000433305976912,0.0022043120116,-0.00262742047198,0.00194603670388,0.000927486922592,-0.0024486228358,0.00253944052383,-0.00221010809764,-0.000791976344772,0.00367473065853,-0.0115605155006,0.0263095982373]],"mean":[-836.901794434,145.990875244,26.5230941772,21.1970996857,15.5218734741,2.77540683746,3.20735836029,8.63140201569,-9.46136665344,8.95154190063,-3.78153395653,0.922829568386,-0.480036795139]},"pitch_salience":{"dmean":0.0902387723327,"dmean2":0.149217441678,"dvar":0.00564690632746,"dvar2":0.015015527606,"max":0.964131236076,"mean":0.569625914097,"median":0.581804394722,"min":0.0976351201534,"var":0.0151791675016},"silence_rate_20dB":{"dmean":0.00815632939339,"dmean2":0.0163154322654,"dvar":0.00808903668076,"dvar2":0.0174095723778,"max":1,"mean":0.984369695187,"median":1,"min":0,"var":0.0153858726844},"silence_rate_30dB":{"dmean":0.0173321999609,"dmean2":0.0346702933311,"dvar":0.0170303154737,"dvar2":0.0355098322034,"max":1,"mean":0.932891607285,"median":1,"min":0,"var":0.0626076385379},"silence_rate_60dB":{"dmean":0.0686491057277,"dmean2":0.137321546674,"dvar":0.0639320909977,"dvar2":0.129342377186,"max":1,"mean":0.360006809235,"median":0,"min":0,"var":0.230391889811},"spectral_centroid":{"dmean":201.49911499,"dmean2":299.40536499,"dvar":90777.6484375,"dvar2":168111.484375,"max":10720.6259766,"mean":796.593933105,"median":480.717193604,"min":149.868850708,"var":640355.3125},"spectral_complexity":{"dmean":1.58028888702,"dmean2":2.29435753822,"dvar":4.55657243729,"dvar2":8.12932872772,"max":39,"mean":5.42677545547,"median":4,"min":0,"var":32.9201087952},"spectral_contrast_coeffs":{"dmean":[0.0539685599506,0.0428729876876,0.033807169646,0.0266090985388,0.0237937234342,0.0216600019485],"dmean2":[0.0882682129741,0.0692717134953,0.0553739480674,0.0421416908503,0.0359604656696,0.0337503701448],"dvar":[0.00198760861531,0.00140846334398,0.000808919663541,0.000511796388309,0.000429357110988,0.00050341989845],"dvar2":[0.00517285754904,0.00331884459592,0.00203567231074,0.00124722882174,0.000934325391427,0.00117487553507],"max":[-0.264907926321,-0.422614008188,-0.529863834381,-0.601640999317,-0.61291718483,-0.638749837875],"mean":[-0.679279327393,-0.796798944473,-0.840172171593,-0.849259138107,-0.851177930832,-0.844603776932],"median":[-0.674599051476,-0.805489063263,-0.845968127251,-0.856123209,-0.861028969288,-0.853136062622],"min":[-0.974860548973,-0.98416352272,-0.966288805008,-0.971467137337,-0.959527552128,-0.957430958748],"var":[0.00840408075601,0.00669989082962,0.0030518209096,0.00270409695804,0.00252009904943,0.00103238236625]},"spectral_contrast_valleys":{"dmean":[0.48152667284,0.450197428465,0.439919531345,0.419702291489,0.406882762909,0.444907099009],"dmean2":[0.74904859066,0.655623316765,0.638506293297,0.598132431507,0.589551746845,0.679230868816],"dvar":[0.184703215957,0.187112480402,0.182268276811,0.173747286201,0.17475168407,0.203803807497],"dvar2":[0.377594023943,0.331224858761,0.318438887596,0.286562561989,0.304768025875,0.425391227007],"max":[-5.81210041046,-4.01378011703,-5.04089403152,-5.97713470459,-6.43809652328,-8.81782627106],"mean":[-8.31190395355,-7.97461414337,-8.85722923279,-9.39462566376,-9.47741508484,-11.8256816864],"median":[-7.89506196976,-7.56415176392,-8.52923774719,-9.22997093201,-9.48898124695,-11.9461212158],"min":[-26.7753047943,-27.4475803375,-26.9582195282,-27.1798706055,-27.4666748047,-27.277425766],"var":[2.66411209106,3.05312728882,2.549046278,2.1093006134,1.59174382687,1.02447772026]},"spectral_decrease":{"dmean":1.27748256418e-9,"dmean2":1.85801252162e-9,"dvar":1.89378137422e-17,"dvar2":3.86414577653e-17,"max":1.40475520993e-7,"mean":1.44225709153e-9,"median":7.24984031142e-11,"min":-4.48472228243e-8,"var":6.47157788597e-17},"spectral_energy":{"dmean":0.0127867888659,"dmean2":0.0177845172584,"dvar":0.00129311496858,"dvar2":0.00247885775752,"max":0.932775259018,"mean":0.0279436130077,"median":0.0065151611343,"min":1.05224458266e-20,"var":0.0052925911732},"spectral_energyband_high":{"dmean":0.0000964730497799,"dmean2":0.000135448644869,"dvar":8.9712990814e-8,"dvar2":1.71702922103e-7,"max":0.00730029912665,"mean":0.000169588674908,"median":0.0000171642695932,"min":7.51621460226e-21,"var":2.52983568316e-7},"spectral_energyband_low":{"dmean":0.00165319466032,"dmean2":0.00263230665587,"dvar":0.00000888512659003,"dvar2":0.0000217631659325,"max":0.0449343621731,"mean":0.00256042508408,"median":0.00113532412797,"min":6.78148126814e-23,"var":0.0000152292395796},"spectral_energyband_middle_high":{"dmean":0.000414227106376,"dmean2":0.000555503531359,"dvar":0.00000361726188203,"dvar2":0.00000681502524458,"max":0.0995838865638,"mean":0.000838204228785,"median":0.0000825216702651,"min":1.53329437595e-21,"var":0.0000135306609081},"spectral_energyband_middle_low":{"dmean":0.00438593002036,"dmean2":0.00622368045151,"dvar":0.000210173297091,"dvar2":0.00040079196333,"max":0.331742227077,"mean":0.00834138970822,"median":0.0014050938189,"min":2.34270711461e-22,"var":0.000630112132058},"spectral_entropy":{"dmean":0.290389567614,"dmean2":0.428869068623,"dvar":0.0662970170379,"dvar2":0.141628965735,"max":9.79631614685,"mean":7.2442317009,"median":7.17257881165,"min":5.23316240311,"var":0.442235946655},"spectral_flux":{"dmean":0.0228861384094,"dmean2":0.0354895330966,"dvar":0.00130091293249,"dvar2":0.00308582070284,"max":0.59901124239,"mean":0.0670102760196,"median":0.0439116358757,"min":1.02578973094e-10,"var":0.00618301006034},"spectral_kurtosis":{"dmean":5.13856983185,"dmean2":7.63426017761,"dvar":33.8542976379,"dvar2":80.8277053833,"max":109.312103271,"mean":16.8061523438,"median":15.4203290939,"min":-1.17824006081,"var":121.615867615},"spectral_rms":{"dmean":0.000920475053135,"dmean2":0.00122404180001,"dvar":0.00000181945824806,"dvar2":0.00000312591168949,"max":0.0301666148007,"mean":0.00348276994191,"median":0.00252116145566,"min":3.20402883912e-12,"var":0.000015132446606},"spectral_rolloff":{"dmean":220.548324585,"dmean2":391.598388672,"dvar":1819225.375,"dvar2":4813458,"max":22050,"mean":21586.0996094,"median":21899.2675781,"min":21.533203125,"var":3512019.75},"spectral_skewness":{"dmean":0.46012377739,"dmean2":0.66353058815,"dvar":0.195873394608,"dvar2":0.445362627506,"max":8.57597351074,"mean":3.06134748459,"median":3.09497451782,"min":0.0267696622759,"var":1.13226652145},"spectral_spread":{"dmean":792919.8125,"dmean2":1159420.75,"dvar":660560150528,"dvar2":1139782320130,"max":40826912,"mean":5801238,"median":5257396,"min":1745089.625,"var":4149388247040},"spectral_strongpeak":{"dmean":16.9233703613,"dmean2":27.6797332764,"dvar":994.103820801,"dvar2":2261.28515625,"max":601.260070801,"mean":27.7038784027,"median":9.55867767334,"min":0,"var":2550.90698242},"zerocrossingrate":{"dmean":0.0438791848719,"dmean2":0.0553483068943,"dvar":0.00151414680295,"dvar2":0.00238712807186,"max":0.9111328125,"mean":0.514820635319,"median":0.534423828125,"min":0.0068359375,"var":0.0166602469981}},"metadata":{"audio_properties":{"analysis_sample_rate":44100,"bit_rate":192000,"codec":"mp3","downmix":"mix","equal_loudness":0,"length":136.646530151,"lossless":false,"md5_encoded":"cd8c17a07932fd9a06469dae4bb53d55","replay_gain":0.651613235474,"sample_rate":44100},"tags":{"acoustid_fingerprint":["AQADtFQWRVmSUEHfKkZTW3h15FGPhF9xXDoeHU_hZxd-xIfcJUc-zag2wTvODT_-o8BDvLiHL2ieI9l-hJJ2ouFj_HiO5gt6-niGX8fD4D8eNEddxGJoNDu09UaoJ2iu4MSPZscH90iuId1jPDqa6MUfNPVRLj2uRLiP5rtQb8ep4zv-olEOTR96RUHzPLjEolSSR2iWHD9u1KOGPLGP42cyNB90xMfz47iOo6-HNEXS1Hh4vBduXDoe9EGaJEdS8bhR2_CLHj-LZz-enMizQ5eOfEf_YJuEMguD-_gTbkj_4NHxHmGWSFuCicuR8yL0B-GzBE-aDTkpDaJbhOKA0go27qh0dM-R_kdyNDGDUR0u_EilLYHqIMxTlMtX1AqaKziaH_2P8DmR3Mez46OG8yG66qjoj2ge5Xh24cvgC_l-6M8QOM8uXM9QUk-EhseNB5-IksmO5kieRIguHdSyHMd45Xhe-MvxHD9-TPUHLbU0cHVljNkiHT3q4weOP6gUHnEb1JKO48KhZ6Ji5Il2VDze43QiNC4uPMvxSyJyHvp4aMxb5Ak-SSK8LDtqlcM_-FmOI8yjCH2QuwuqTDmaTGGO60Z_oiklQnvg-ihzNM9RPZOEy0ap6LBWpMskQ5Me46sOLWmuHPUqPDlG9dDyNAg_Lvjz4RKe9McjpvhVTF9EaDkuEg-dGV8enDlxZUdeHon34EoHPxOumsHHFTv-4IR57FuMa5WDbg-cB3koJEsVPBdOBc-loOEVo5Ry4TFehAlV4eF8NKOLnviJdPoQVkEp59Dy5UdelKJOXF_haTl8VsG1I9-xTc7RaQf7Q3tHUBEjhEyPfS0e1Pvgo7qMB18UBeUTI4zXIjmP93gjBWeH68Hxn2jyhMN06WjODBOPTzJycUffp9BS-niOHuV9PEl26EkRJuiPhwvyP_gVYpugKgl6NHWG_Mc-_MZ-PJyF_8L5ikguhPmIvkXzGBX141MwJVfQzwk-I6-O5AscKse_4iqF_zHqI3WyMFCVCKl8Hr_hNMvxpNISNFEn6YitI9nRRHhiB72WwlWO8DrknwgTKhIeEQknZwiZfXha_Ohl-HlQauqQR0VyrUKlXByaHWfibGjyoz_-BJ8FX0GeBDeeS3jyWLh0CXqC8CuaC1-34VZQJsqFM0HShqIR9fA-tEqK70TzB23xBztSRZOgJztyHieaOg66MMMb4lEyoheSH7mUw9kVdCW-oDxsZfgMe4GmH89M4fky_NbQHL0c_MhzQsuYrAh9CTemHWG66NAR8oelscJcojr647vw8PB0C-2OKwiTT4SmHGG1w0_QtziayePRJ7jwG2mSJw6SZ2qB5glK2UQc6UhyHtX1ouG0B6x2PHkwJZJTVNGLMw9-KQgPLUfe44pyXLlhNcuDtS9-kBibDPhxXAtO6ch74Q8rPD00PkbK7CiVD8