{"lowlevel":{"average_loudness":0.87774682045,"barkbands":{"dmean":[0.000524260627571,0.00909723900259,0.00587836932391,0.002896807855,0.00278435577638,0.00198036152869,0.00075006892439,0.000333363044774,0.000623585598078,0.000381997029763,0.000112587942567,0.000101620695204,0.000163132484886,0.0000835724858916,0.0000681813107803,0.0000559717118449,0.000046141238272,0.0000652604721836,0.0000590939707763,0.0000903630207176,0.000198655339773,0.000258636864601,0.000227705240832,0.000158591617947,0.00015232329315,0.000142022487125,0.00015644155792],"dmean2":[0.000855197955389,0.0155808273703,0.0105587458238,0.00493596866727,0.0045700003393,0.00325281615369,0.00129268353339,0.000556730898097,0.00101049849764,0.000598766258918,0.000186961260624,0.000161320538609,0.000264107889961,0.000131769687869,0.000108145271952,0.0000906874047359,0.0000709117157385,0.0001084170799,0.0000882674721652,0.000145397469169,0.000323426502291,0.000425774866017,0.000363232829841,0.00024551176466,0.000251709629083,0.000245238654315,0.000276113016298],"dvar":[0.00000138624557167,0.000313210475724,0.0000938783559832,0.0000371381465811,0.0000185454518942,0.0000139036310429,0.00000412255621995,3.60947154832e-7,0.00000126344195905,0.0000011127937114,8.03959068207e-8,4.97905396912e-8,2.42128436412e-7,6.8355106464e-8,2.44095641477e-8,1.9007726948e-8,1.09174367324e-8,1.82121233649e-8,1.73826570915e-8,4.59672016007e-8,1.86588266615e-7,3.28501073454e-7,2.7155667226e-7,1.71500900592e-7,9.8111030411e-8,9.73310605445e-8,1.35708631888e-7],"dvar2":[0.00000345760645359,0.000847718154546,0.000276185281109,0.000100990051578,0.000050020749768,0.0000351504531864,0.0000110883374873,9.24869198116e-7,0.0000029795746741,0.00000241448060478,1.94247590457e-7,1.07653782777e-7,6.1870503032e-7,1.38602615607e-7,5.68789353395e-8,4.5615774269e-8,2.55914915925e-8,4.58695907923e-8,3.29746256966e-8,1.14237522553e-7,4.6558884037e-7,8.38162463879e-7,6.41116685074e-7,3.63763774658e-7,2.48349579124e-7,2.56046348568e-7,3.60668934718e-7],"max":[0.0130540085956,0.199248045683,0.100654155016,0.0881940722466,0.154804110527,0.0844002962112,0.06688760221,0.0146606219932,0.0286879390478,0.0332231782377,0.00897553935647,0.00864368863404,0.0197638012469,0.0220256652683,0.00606305664405,0.00540792010725,0.00412538042292,0.00358914374374,0.00730283604935,0.0054444312118,0.00704293791205,0.0124670332298,0.0129096983001,0.0148237878457,0.00793506763875,0.0024012515787,0.00258490000851],"mean":[0.000726111291442,0.0197297725827,0.00836360733956,0.00486978655681,0.00741992006078,0.00454337475821,0.00125540455338,0.00058670976432,0.00125149567612,0.00101226207335,0.000205647680559,0.000191157581867,0.000335838383762,0.000167415841133,0.000112006790005,0.0000840154316393,0.0000772682615207,0.0000954557908699,0.0000795239757281,0.000109794105811,0.000212336337427,0.000261777546257,0.000252585014096,0.000195365515538,0.000139230352943,0.000102317921119,0.000102314923424],"median":[0.000115368282422,0.016320168972,0.0054744835943,0.00237610470504,0.00431970832869,0.00192017829977,0.000324596476275,0.000227470198297,0.000369232904632,0.000159088027431,0.0000562916902709,0.0000735086941859,0.0000684787519276,0.0000301214822684,0.0000349758629454,0.0000205821106647,0.0000215723739529,0.0000254986443906,0.0000147174459926,0.0000152992033691,0.0000156622390932,0.0000175708864845,0.0000145145304487,0.0000113518508442,0.00000555590122531,0.00000175741479325,4.58525789782e-7],"min":[4.66706673308e-11,1.91808968708e-9,3.78443026916e-10,5.7007515375e-10,3.55419835785e-8,1.09278248672e-8,1.33104541278e-10,1.93600713239e-9,1.92814306188e-10,7.84302553458e-11,6.91555424037e-11,6.80987627399e-11,1.27179369466e-11,1.18909188052e-11,5.21093238004e-12,5.8216135905e-12,4.96430891186e-12,5.69374972517e-12,8.71298606181e-12,6.38340075243e-12,1.08568657536e-11,9.9696856673e-12,1.26801598735e-11,2.56804490867e-11,5.37039891724e-11,1.0575636894e-10,2.40015507469e-10],"var":[0.00000183422821465,0.000432251195889,0.0000926628054003,0.000054629475926,0.0000972551497398,0.000051392664318,0.0000106720935946,0.0000012462273844,0.00000536418110642,0.00000927935434447,2.88537336246e-7,2.36651587215e-7,9.82210508482e-7,5.66601841001e-7,7.2862263778e-8,4.06673272835e-8,2.09019503927e-8,3.42538726272e-8,4.90127547437e-8,6.74717810512e-8,2.27173714507e-7,4.42577686499e-7,4.84127326672e-7,4.89071055654e-7,1.05602488532e-7,7.08316321152e-8,9.30040897629e-8]},"barkbands_crest":{"dmean":2.47154712677,"dmean2":4.22409820557,"dvar":6.27806091309,"dvar2":17.7403850555,"max":25.842130661,"mean":12.5811338425,"median":11.9886207581,"min":2.89762401581,"var":16.8512992859},"barkbands_flatness_db":{"dmean":0.0409693531692,"dmean2":0.0602331236005,"dvar":0.00192059786059,"dvar2":0.00411974173039,"max":0.584134817123,"mean":0.225869238377,"median":0.218919530511,"min":0.0172012057155,"var":0.00876741204411},"barkbands_kurtosis":{"dmean":9.47885227203,"dmean2":15.6833295822,"dvar":250.522903442,"dvar2":678.294006348,"max":320.474517822,"mean":14.5904989243,"median":8.32462501526,"min":-1.91648602486,"var":391.658660889},"barkbands_skewness":{"dmean":0.945972502232,"dmean2":1.51447439194,"dvar":1.13995540142,"dvar2":2.97429609299,"max":15.5384130478,"mean":2.4735929966,"median":2.25156545639,"min":-3.22348022461,"var":2.68393874168},"barkbands_spread":{"dmean":8.40179729462,"dmean2":13.6203641891,"dvar":198.919036865,"dvar2":495.651245117,"max":109.819389343,"mean":13.5640687943,"median":7.08505916595,"min":0.291436284781,"var":286.279296875},"dissonance":{"dmean":0.032163143158,"dmean2":0.0522251576185,"dvar":0.000877324608155,"dvar2":0.002280006418,"max":0.500000119209,"mean":0.425247967243,"median":0.43802022934,"min":0.100846767426,"var":0.00296522467397},"dynamic_complexity":2.47836828232,"erbbands":{"dmean":[0.221596747637,2.26828718185,6.56448030472,7.70256853104,9.15369987488,10.4619312286,10.396604538,20.4283885956,13.4002361298,6.3620595932,8.09235954285,16.4112129211,12.0512800217,8.64236736298,5.13760900497,3.98452973366,7.06056833267,4.89867734909,4.26283788681,2.8256611824,2.80965542793,2.5830321312,3.59741830826,2.85710668564,3.44594836235,4.22414541245,4.96097040176,10.2299337387,9.1369638443,7.96070241928,6.07625818253,3.94459629059,2.55374240875,1.95001339912,0.952394127846,0.513321936131,0.264354914427,0.108582653105,0.0224305614829,0.00205077487044],"dmean2":[0.390426665545,3.88606667519,11.6946325302,13.2144451141,15.2164554596,17.1808700562,17.3184013367,33.1394538879,22.7017612457,10.9401416779,13.5034770966,26.4199619293,18.6906719208,13.4250240326,8.53172206879,6.39017724991,11.3587732315,7.70169305801,6.73878002167,4.6348361969,4.50157737732,3.99517059326,5.91045999527,4.59290218353,5.26566839218,6.80729007721,7.59242153168,17.1292552948,14.9202690125,13.2583293915,9.63584518433,6.16505384445,4.03701734543,3.17961096764,1.59928584099,0.881662905216,0.456981152296,0.189706385136,0.0395369417965,0.00365210836753],"dvar":[0.301309555769,16.9527168274,103.016204834,224.917190552,259.733032227,357.216125488,376.103149414,1745.28991699,1211.89904785,153.401168823,215.714477539,912.130310059,972.650146484,587.243225098,169.688720703,79.4479370117,429.294311523,224.600265503,96.5258178711,45.3856086731,40.2700080872,35.2592773438,57.6794281006,32.7757949829,78.277885437,102.116706848,106.547981262,539.703491211,414.181213379,316.19519043,213.07649231,127.132415771,39.5581665039,17.2177238464,3.83321428299,1.23265850544,0.345515042543,0.0630421638489,0.00280382344499,0.0000245029696089],"dvar2":[0.839973568916,46.2701911926,310.496643066,605.788085938,672.986022949,973.543151855,1073.05993652,4218.21289062,3242.73706055,408.598297119,561.862060547,2125.10620117,2071.94995117,1248.25134277,419.677459717,182.944549561,1040.54943848,456.205078125,226.484039307,115.134170532,94.540397644,85.05834198,145.341430664,73.5097808838,165.272384644,247.185241699,231.028701782,1403.37145996,1030.04626465,791.196166992,491.959777832,282.052032471,86.2808609009,42.6556930542,10.0104541779,3.24349355698,0.908943474293,0.166596412659,0.00746184401214,0.0000656473639538],"max":[6.5435256958,50.1033210754,115.27457428,195.32170105,352.38684082,895.444396973,656.479675293,956.52130127,1210.56433105,329.873077393,357.208587646,681.064453125,1092.70007324,1111.16101074,418.907531738,437.035308838,822.479431152,1238.86987305,375.999084473,308.744720459,163.261276245,251.124511719,238.754898071,143.833465576,422.938751221,247.053756714,280.575775146,215.390930176,555.712402344,329.775390625,382.792053223,421.377258301,271.707000732,129.529129028,25.3632907867,9.17058563232,5.64345359802,2.04309129715,0.393434464931,0.0326362587512],"mean":[0.352576673031,5.08263111115,10.9097318649,13.6925373077,19.9895458221,26.6281509399,25.5982685089,43.998966217,25.0562934875,11.2428703308,14.4690790176,33.7366867065,30.9838943481,20.4854431152,10.7955827713,8.81294536591,14.6959819794,11.1901683807,7.63706588745,4.57994031906,4.55842876434,4.32188224792,5.47878456116,3.83267784119,4.50284767151,5.24666976929,6.15714025497,10.3299770355,9.45374202728,8.45862197876,6.74823760986,4.89287424088,2.94575166702,1.90057623386,0.796495378017,0.385298043489,0.188459560275,0.0742081031203,0.014713534154,0.00136180501431],"median":[0.179109856486,4.30181026459,7.18424224854,8.28915786743,12.2925109863,12.6042499542,15.1882686615,12.3667316437,6.61334896088,4.89106273651,7.03967952728,10.412689209,7.21465396881,5.35333633423,3.01817464828,3.50322651863,3.30044794083,2.76659226418,2.29799056053,1.43444681168,1.26191306114,1.2637860775,1.56792652607,0.926315784454,0.751877903938,0.735698461533,0.601415872574,0.658863484859,0.601928472519,0.556191265583,0.392274737358,0.286038458347,0.15443328023,0.0826756060123,0.0279161892831,0.00914487242699,0.00280423555523,0.000638076337054,0.0000954997667577,0.0000682938261889],"min":[9.73704032958e-8,1.33363002419e-7,6.7627502176e-7,0.00000346683737007,0.0000101041387097,0.0000908550355234,0.000148438935867,0.0000490514503326,0.00000997168172034,0.0000140940628626,0.0000470848863188,0.000018390988771,0.00000545634657101,0.00000610387132838,0.0000028299123187,0.00000310881250698,8.77822060374e-7,6.42388670258e-7,5.62156515116e-7,2.80427002508e-7,3.45295916304e-7,2.80628086102e-7,3.39549501405e-7,4.2345516249e-7,4.24155444989e-7,2.87538739485e-7,4.08227464277e-7,4.50412869668e-7,3.28444002662e-7,2.99899198808e-7,3.78490625508e-7,4.163731262e-7,4.7000082759e-7,4.50286563591e-7,4.15178249114e-7,2.99122206115e-7,1.96462977442e-7,9.65994573221e-8,3.13904386928e-8,4.45760406365e-9],"var":[0.270675092936,25.9277992249,123.64881134,305.441772461,619.303344727,2329.14331055,1311.56933594,6457.46630859,3405.6328125,396.420013428,696.383117676,3918.11499023,6667.94677734,4578.78564453,744.825683594,486.438171387,1780.15820312,1660.67260742,346.812164307,85.4625015259,86.9833450317,60.3055458069,115.844421387,57.3166275024,194.448791504,155.669937134,194.761795044,567.482543945,584.04888916,442.710845947,408.302886963,319.206573486,102.624526978,23.7441101074,3.21923422813,0.925469577312,0.249166935682,0.0442676283419,0.00191991042811,0.0000164161247085]},"erbbands_crest":{"dmean":2.7653439045,"dmean2":4.43416547775,"dvar":7.29325056076,"dvar2":17.1460361481,"max":32.1277503967,"mean":11.7738418579,"median":10.5125694275,"min":2.57799077034,"var":36.175617218},"erbbands_flatness_db":{"dmean":0.0337712392211,"dmean2":0.045162897557,"dvar":0.0013287179172,"dvar2":0.00235759862699,"max":0.486756920815,"mean":0.173866629601,"median":0.172328591347,"min":0.0302695296705,"var":0.00628485437483},"erbbands_kurtosis":{"dmean":3.95740056038,"dmean2":6.15071439743,"dvar":113.78112793,"dvar2":264.500183105,"max":235.744522095,"mean":6.00467634201,"median":1.51814842224,"min":-1.87599873543,"var":325.465057373},"erbbands_skewness":{"dmean":0.676839768887,"dmean2":1.03591656685,"dvar":0.595923185349,"dvar2":1.40362131596,"max":12.8568105698,"mean":1.22684550285,"median":1.03168678284,"min":-3.58284330368,"var":2.34735965729},"erbbands_spread":{"dmean":16.9473628998,"dmean2":25.5957584381,"dvar":500.199523926,"dvar2":1050.48596191,"max":197.629196167,"mean":39.7339553833,"median":26.6562957764,"min":0.60439479351,"var":1054.72192383},"gfcc":{"cov":[[11804.1582031,-3448.36132812,-647.186584473,712.613769531,-403.702392578,679.616394043,-82.7884979248,496.135559082,82.7039260864,336.268218994,-319.678771973,123.958930969,-297.228240967],[-3448.36132812,2755.70092773,-403.297454834,-398.280914307,357.699981689,-192.030181885,132.744995117,-116.703155518,97.8079986572,-250.121078491,251.422271729,-126.748687744,127.873435974],[-647.186584473,-403.297454834,1128.53857422,210.167037964,177.007461548,-44.2508811951,42.8003082275,-62.8033370972,-41.9201011658,39.9859237671,-63.5264053345,18.8526172638,-9.33807086945],[712.613769531,-398.280914307,210.167037964,797.969238281,55.9726219177,53.5829315186,-26.2769317627,20.3114337921,-21.144695282,-7.81696128845,-92.4164352417,-46.4641952515,16.5503692627],[-403.702392578,357.699981689,177.007461548,55.9726219177,365.94128418,-6.58134651184,92.616645813,-9.50405693054,17.1811923981,-40.2640686035,11.2182559967,-38.3147544861,1.78957533836],[679.616394043,-192.030181885,-44.2508811951,53.5829315186,-6.58134651184,246.623291016,69.1187744141,35.9944534302,-3.20331144333,31.514377594,-17.0144271851,-5.70940208435,-43.2350654602],[-82.7884979248,132.744995117,42.8003082275,-26.2769317627,92.616645813,69.1187744141,170.25730896,19.977645874,-20.8159484863,-2.33440756798,6.79997348785,-30.3668212891,-20.3072032928],[496.135559082,-116.703155518,-62.8033370972,20.3114337921,-9.50405693054,35.9944534302,19.977645874,107.662841797,31.9162540436,16.9517498016,-10.5366201401,3.42689728737,-14.5621061325],[82.7039260864,97.8079986572,-41.9201011658,-21.144695282,17.1811923981,-3.20331144333,-20.8159484863,31.9162540436,108.155601501,-0.275888949633,14.1297140121,15.3756303787,10.3676013947],[336.268218994,-250.121078491,39.9859237671,-7.81696128845,-40.2640686035,31.514377594,-2.33440756798,16.9517498016,-0.275888949633,109.688247681,2.97025465965,22.9009552002,-21.8988494873],[-319.678771973,251.422271729,-63.5264053345,-92.4164352417,11.2182559967,-17.0144271851,6.79997348785,-10.5366201401,14.1297140121,2.97025465965,113.557373047,14.0239839554,-5.48564338684],[123.958930969,-126.748687744,18.8526172638,-46.4641952515,-38.3147544861,-5.70940208435,-30.3668212891,3.42689728737,15.3756303787,22.9009552002,14.0239839554,72.6625976562,10.3655958176],[-297.228240967,127.873435974,-9.33807086945,16.5503692627,1.78957533836,-43.2350654602,-20.3072032928,-14.5621061325,10.3676013947,-21.8988494873,-5.48564338684,10.3655958176,69.3639984131]],"icov":[[0.000214599640458,0.000236654770561,0.000219166249735,-0.000103998965642,-0.000124221653095,-0.000231917205383,0.0000451720661658,-0.000394158210838,-0.000206610769965,-0.0000181463983608,0.000119799748063,-0.000151371961692,0.000383986363886],[0.000236654770561,0.00143661478069,0.000520460132975,0.00027874080115,-0.00079828244634,0.0000380271339964,-0.000615036813542,0.000426496291766,-0.00119455566164,0.00135421380401,-0.0020280375611,0.00188352912664,-0.00151277950499],[0.000219166249735,0.000520460132975,0.00152715598233,-0.000355946627678,-0.000899007485714,0.000348309695255,-0.000611122348346,0.000718155060895,-0.000289784686174,-0.000347514054738,0.000448109232821,-0.000823389098514,0.000574420613702],[-0.000103998965642,0.00027874080115,-0.000355946627678,0.00182658422273,-0.000429055071436,-0.000466419267468,0.000747928628698,-0.000236963402131,0.000202937517315,0.000465776683996,-0.0000936895157793,0.00206323084421,-0.00175269925967],[-0.000124221653095,-0.00079828244634,-0.000899007485714,-0.000429055071436,0.00445542950183,0.000372536160285,-0.00186376308557,0.000223637238378,-0.00090132735204,0.000409691827372,0.000425122125307,0.000232608494116,0.000802179798484],[-0.000231917205383,0.0000380271339964,0.000348309695255,-0.000466419267468,0.000372536160285,0.00612361123785,-0.00301314587705,0.00058498850558,-0.000627296161838,-0.000589668052271,0.000468770158477,-0.000618671823759,0.00217937282287],[0.0000451720661658,-0.000615036813542,-0.000611122348346,0.000747928628698,-0.00186376308557,-0.00301314587705,0.0100781088695,-0.00323795201257,0.00318760750815,-0.000703261408489,-0.000031331590435,0.00211515417323,0.000490333652124],[-0.000394158210838,0.000426496291766,0.000718155060895,-0.000236963402131,0.000223637238378,0.00058498850558,-0.00323795201257,0.014036282897,-0.00476756319404,-0.000357432523742,0.000325764238369,0.000195706787053,0.000631893402897],[-0.000206610769965,-0.00119455566164,-0.000289784686174,0.000202937517315,-0.00090132735204,-0.000627296161838,0.00318760750815,-0.00476756319404,0.0130385197699,-0.000890450610314,0.000133361143526,-0.00285547459498,-0.000998697476462],[-0.0000181463983608,0.00135421380401,-0.000347514054738,0.000465776683996,0.000409691827372,-0.000589668052271,-0.000703261408489,-0.000357432523742,-0.000890450610314,0.0131870955229,-0.00308077735826,-0.000810964789707,0.000782695831731],[0.000119799748063,-0.0020280375611,0.000448109232821,-0.0000936895157793,0.000425122125307,0.000468770158477,-0.000031331590435,0.000325764238369,0.000133361143526,-0.00308077735826,0.0150137348101,-0.00647324789315,0.00583732360974],[-0.000151371961692,0.00188352912664,-0.000823389098514,0.00206323084421,0.000232608494116,-0.000618671823759,0.00211515417323,0.000195706787053,-0.00285547459498,-0.000810964789707,-0.00647324789315,0.0230730101466,-0.00824452843517],[0.000383986363886,-0.00151277950499,0.000574420613702,-0.00175269925967,0.000802179798484,0.00217937282287,0.000490333652124,0.000631893402897,-0.000998697476462,0.000782695831731,0.00583732360974,-0.00824452843517,0.0230504535139]],"mean":[-27.7575092316,117.225906372,-59.8236579895,32.065574646,-51.1673164368,12.545425415,-27.3048648834,-1.95261597633,-18.0786800385,-4.8364109993,-14.2780485153,-2.49417090416,-7.6165189743]},"hfc":{"dmean":13.2374076843,"dmean2":21.2868480682,"dvar":504.16229248,"dvar2":1237.34277344,"max":241.928955078,"mean":22.6048793793,"median":13.0440635681,"min":0.000064601226768,"var":692.500793457},"melbands":{"dmean":[0.00223956536502,0.00317036244087,0.00134171650279,0.000696078583132,0.000367938686395,0.000423048535595,0.000192923645955,0.0000648922577966,0.0000660338191665,0.000107645544631,0.0000600812527409,0.0000384632512578,0.0000153700148076,0.0000127950597744,0.0000108991143861,0.0000178778027475,0.00000864637513587,0.00000753482163418,0.00000426468841397,0.0000040903273657,0.00000323191102325,0.00000271361318482,0.00000310007976623,0.00000323467770613,0.00000233427635976,0.00000225006237997,0.00000306806077788,0.00000280460517388,0.00000277908270618,0.00000409800986745,0.00000696120832799,0.00000568855648453,0.00000429476085628,0.0000044093235374,0.00000345276225744,0.00000338563063451,0.00000211096357816,0.00000185151395726,0.00000158372301939,0.00000172827526512],"dmean2":[0.00387344229966,0.00550711480901,0.00228277780116,0.00113313586917,0.000611818220932,0.000689880398568,0.000327677757014,0.000110826389573,0.000110884939204,0.000172857253347,0.0000928234221647,0.0000594422199356,0.0000255217000813,0.0000208437177207,0.0000171752326423,0.0000292306540359,0.0000133526218633,0.000011984626326,0.00000700458622305,0.00000657766258882,0.00000519036757396,0.00000424179688707,0.00000492441131428,0.00000538232006875,0.00000373719581148,0.00000339455732501,0.00000498245435665,0.00000452665153716,0.00000407027346228,0.00000673709200782,0.0000117778254207,0.00000937130334933,0.00000711703296474,0.00000740226687412,0.00000549865944777,0.00000547243871551,0.00000327749785356,0.00000293365633297,0.00000262047637989,0.00000282441351374],"dvar":[0.0000237658859987,0.0000227727505262,0.0000064705427576,0.00000117217678053,3.95871296632e-7,6.98405244748e-7,2.41388107725e-7,1.47317216204e-8,1.35179112348e-8,4.10877802892e-8,2.50731044815e-8,1.24189512007e-8,1.52724921598e-9,7.25548732206e-10,6.02175087572e-10,4.01654354221e-9,9.63457869041e-10,3.01172198292e-10,8.83133358109e-11,1.18705961727e-10,5.50912857e-11,4.23583633447e-11,4.6040567192e-11,4.77570032131e-11,2.19357136622e-11,3.08692585382e-11,7.39265246241e-11,4.39199891733e-11,3.24785476291e-11,8.16208003962e-11,2.81350415188e-10,1.64022156968e-10,1.02922857736e-10,9.91344020762e-11,7.41309721941e-11,8.28282234466e-11,4.3272170569e-11,2.48253553131e-11,1.29623985157e-11,1.35980558411e-11],"dvar2":[0.00006492807006,0.0000654470422887,0.0000168782225956,0.00000314198905471,0.00000109848622287,0.00000171084479916,6.450067076e-7,3.88350684943e-8,3.52598874542e-8,9.55552934556e-8,5.34183470791e-8,2.61004604596e-8,3.66125441076e-9,1.68629310515e-9,1.21372389916e-9,1.05253796789e-8,1.78926995442e-9,7.06505132175e-10,2.26099791667e-10,2.82658590978e-10,1.30329580461e-10,1.03099154214e-10,1.09681985716e-10,1.26639643216e-10,4.89341865639e-11,5.88488147102e-11,1.92624166617e-10,1.05067440859e-10,6.22151150043e-11,2.12731443572e-10,7.51327944304e-10,4.12311906839e-10,2.5964766448e-10,2.47887599336e-10,1.72750883043e-10,1.98104796456e-10,9.40725899956e-11,5.34670155372e-11,3.12935823088e-11,3.37645605919e-11],"max":[0.0587761513889,0.0593578144908,0.0326436124742,0.0357635095716,0.0196672566235,0.0191940441728,0.0156479794532,0.00356845115311,0.00265835085884,0.0044932612218,0.00547207938507,0.00508883828297,0.001372681465,0.000863095454406,0.00116653565783,0.00275346986018,0.00283900601789,0.00056960072834,0.000280423671938,0.000503062445205,0.000182323390618,0.000283576431684,0.000239329310716,0.000184532327694,0.00011924449791,0.000363659026334,0.000248705473496,0.000157878603204,0.000182032425073,0.00015938001161,0.000161164207384,0.000350771122612,0.000281411630567,0.00016224126739,0.000238749504206,0.000292583601549,0.000252140598604,0.000227661657846,0.00011793566955,0.000130208194605],"mean":[0.00451337452978,0.00644599227235,0.00253298366442,0.00180844252463,0.000922393985093,0.000923827989027,0.00035198815749,0.000113843772851,0.000111395107524,0.000220416666707,0.000153600631165,0.0000894970798981,0.0000297461920127,0.000025698223908,0.0000229940142162,0.0000355948359356,0.0000189493457583,0.0000127670209622,0.0000063262191361,0.00000654271161693,0.00000501390422869,0.00000437643166151,0.00000512259657626,0.00000420820470026,0.00000295560835184,0.00000297694759865,0.00000354089729626,0.00000340761243933,0.00000360159674528,0.00000433318609794,0.00000675391493132,0.00000572330691284,0.00000443460430688,0.0000046889153964,0.00000376007665182,0.00000380211008633,0.00000267208838522,0.00000215803379433,0.00000164827861227,0.00000162303547313],"median":[0.00317028001882,0.00532798562199,0.00168613926508,0.000920360791497,0.000619814090896,0.000286261114525,0.0000962264530244,0.0000500016103615,0.0000522791342519,0.0000603654589213,0.0000323428903357,0.0000189140155271,0.00000738659127819,0.0000100485158328,0.00000643881185169,0.0000065322883529,0.00000376847901862,0.0000033203421026,0.00000207848711398,0.0000015996320144,0.00000131961132865,0.00000116177557175,0.00000148154981616,0.00000109508573587,6.41928181722e-7,5.26935650669e-7,5.11462985742e-7,4.65672542305e-7,3.7338469383e-7,3.3851591752e-7,3.85169983019e-7,3.33127388785e-7,3.20243429996e-7,2.835965347e-7,2.19201027107e-7,1.99991433192e-7,1.55923999046e-7,1.1175282566e-7,7.93478420746e-8,6.68530191206e-8],"min":[1.21471388503e-9,3.54582918582e-10,1.0211246293e-9,2.46581777219e-9,7.26097315606e-9,1.0905930603e-9,3.81516485071e-11,1.75225514654e-10,4.10608907986e-10,3.14430009807e-11,1.63558090682e-11,2.02244956893e-11,9.30611664118e-12,7.6329645729e-12,4.05538796988e-12,1.09744570202e-12,1.08409147544e-12,7.46517160154e-13,4.50764832361e-13,4.26082698854e-13,3.96375721958e-13,2.79060710087e-13,3.03414438756e-13,2.51831568836e-13,2.99190658143e-13,2.7559896097e-13,3.16780347613e-13,1.53980886201e-13,1.63722320748e-13,2.25727341549e-13,2.04303533726e-13,1.65608710556e-13,1.16600007644e-13,1.69561765887e-13,1.97832174904e-13,1.97697828702e-13,2.6521075917e-13,2.93296067771e-13,3.09998391974e-13,3.5754212091e-13],"var":[0.0000275953752862,0.0000341177765222,0.00000944534349401,0.0000065866956902,0.00000149428626628,0.00000258156273958,6.70114900458e-7,4.129782738e-8,4.2217966012e-8,1.79347125595e-7,1.77481950914e-7,1.00809607773e-7,6.08346972797e-9,3.21603854658e-9,4.18269552327e-9,1.45964911269e-8,7.98145105563e-9,1.07888709078e-9,1.53750873144e-10,2.75769018732e-10,1.08677129795e-10,7.10941999715e-11,9.85579118318e-11,7.29455107429e-11,3.59719476428e-11,9.15471101703e-11,1.03708291954e-10,6.5884117606e-11,6.80493439376e-11,1.03321733114e-10,2.64084976109e-10,2.25306828749e-10,1.36494732184e-10,1.39366074237e-10,1.34799019169e-10,1.58737273326e-10,1.13375309141e-10,6.56770263174e-11,2.23910768399e-11,1.72866859716e-11]},"melbands_crest":{"dmean":2.96685051918,"dmean2":5.13177156448,"dvar":8.4231338501,"dvar2":25.7612285614,"max":34.2665481567,"mean":17.0296783447,"median":16.6696987152,"min":4.5272269249,"var":22.0914516449},"melbands_flatness_db":{"dmean":0.0480114631355,"dmean2":0.0709113478661,"dvar":0.00259513733909,"dvar2":0.0057752863504,"max":0.726568281651,"mean":0.328977286816,"median":0.320218443871,"min":0.0240159593523,"var":0.0121726421639},"melbands_kurtosis":{"dmean":19.5186691284,"dmean2":31.4450149536,"dvar":1171.51501465,"dvar2":2917.73608398,"max":687.97845459,"mean":34.1273918152,"median":20.4588031769,"min":-1.6664853096,"var":1940.00585938},"melbands_skewness":{"dmean":1.1891502142,"dmean2":1.84862673283,"dvar":1.91885519028,"dvar2":4.32536125183,"max":17.4568099976,"mean":3.63073015213,"median":3.24317359924,"min":-2.03926587105,"var":5.3514995575},"melbands_spread":{"dmean":4.38934135437,"dmean2":7.18035793304,"dvar":82.6396713257,"dvar2":207.872253418,"max":191.824584961,"mean":9.09917736053,"median":5.84578037262,"min":0.317557781935,"var":138.628509521},"mfcc":{"cov":[[9700.32519531,-2494.89135742,-330.584075928,-290.166229248,-287.611022949,36.9113426208,-134.61756897,156.087875366,207.096206665,127.132492065,151.69883728,145.532608032,114.09601593],[-2494.89135742,2577.3425293,-392.709655762,-109.930053711,117.078781128,-45.750667572,111.710456848,109.805931091,-74.429107666,39.1545791626,1.04490470886,48.1497879028,-47.6481132507],[-330.584075928,-392.709655762,701.29095459,206.130187988,97.7004089355,104.393760681,29.5642986298,-25.7352848053,21.5636863708,-25.5049114227,1.02163243294,-31.606760025,5.61371088028],[-290.166229248,-109.930053711,206.130187988,536.398803711,186.623718262,68.2234420776,47.6171073914,9.71732616425,46.3407516479,-2.22792887688,-37.8179321289,-46.6113853455,-5.93737792969],[-287.611022949,117.078781128,97.7004089355,186.623718262,237.470672607,59.7467384338,7.77807188034,37.6349487305,21.739233017,11.0963802338,-16.6367149353,-8.45788764954,1.48490679264],[36.9113426208,-45.750667572,104.393760681,68.2234420776,59.7467384338,179.043487549,88.3166503906,31.9339141846,31.793302536,13.0572929382,27.9036769867,-10.2837657928,-4.61751842499],[-134.61756897,111.710456848,29.5642986298,47.6171073914,7.77807188034,88.3166503906,200.127639771,41.0251502991,7.37140989304,19.5275993347,45.7513465881,5.55305147171,-14.3016748428],[156.087875366,109.805931091,-25.7352848053,9.71732616425,37.6349487305,31.9339141846,41.0251502991,119.846603394,28.0722103119,22.0060863495,16.1225643158,14.2240571976,-11.9955034256],[207.096206665,-74.429107666,21.5636863708,46.3407516479,21.739233017,31.793302536,7.37140989304,28.0722103119,104.821998596,21.8256149292,1.36136734486,-9.21590995789,-2.67634081841],[127.132492065,39.1545791626,-25.5049114227,-2.22792887688,11.0963802338,13.0572929382,19.5275993347,22.0060863495,21.8256149292,71.9270553589,19.3566913605,7.85415887833,-1.22309184074],[151.69883728,1.04490470886,1.02163243294,-37.8179321289,-16.6367149353,27.9036769867,45.7513465881,16.1225643158,1.36136734486,19.3566913605,82.2650375366,28.2083473206,6.08224058151],[145.532608032,48.1497879028,-31.606760025,-46.6113853455,-8.45788764954,-10.2837657928,5.55305147171,14.2240571976,-9.21590995789,7.85415887833,28.2083473206,73.4656829834,25.9693050385],[114.09601593,-47.6481132507,5.61371088028,-5.93737792969,1.48490679264,-4.61751842499,-14.3016748428,-11.9955034256,-2.67634081841,-1.22309184074,6.08224058151,25.9693050385,62.4017448425]],"icov":[[0.000189937127288,0.000213498788071,0.000166193509358,0.0000254289370787,0.000116179769975,-0.00008902229456,0.000144165824167,-0.000356634845957,-0.000162165830261,-0.000208212048165,-0.000147697646753,-0.00026570877526,-0.000127722130856],[0.000213498788071,0.00075385539094,0.000442951102741,0.000198669848032,-0.000399057782488,0.000148894352606,-0.000272084405879,-0.000616103759967,0.000185314551345,-0.000340010185027,0.0000653999886708,-0.000528536213096,0.000218900822802],[0.000166193509358,0.000442951102741,0.00208160863258,-0.000401427183533,-0.000422858574893,-0.000857055943925,0.0000686933562974,0.000174458284164,-0.0000688786094543,0.000491354090627,-0.000490292208269,-0.0000110964210762,-0.000136098096846],[0.0000254289370787,0.000198669848032,-0.000401427183533,0.00316852377728,-0.00233339052647,0.000419257994508,-0.00122839782853,0.000362580613,-0.000845363538247,0.00016641880211,0.00105011917185,0.00102978094947,-0.000246396899456],[0.000116179769975,-0.000399057782488,-0.000422858574893,-0.00233339052647,0.00744362734258,-0.00220784847625,0.00187973503489,-0.00205749296583,0.000282471097307,-0.00110000465065,0.000901721534319,-0.000738505506888,-0.000796308217105],[-0.00008902229456,0.000148894352606,-0.000857055943925,0.000419257994508,-0.00220784847625,0.00925522856414,-0.00367173063569,-0.000503395800479,-0.0015614599688,0.0003197240585,-0.0017886076821,0.00204115058295,-0.000543254660442],[0.000144165824167,-0.000272084405879,0.0000686933562974,-0.00122839782853,0.00187973503489,-0.00367173063569,0.00831643491983,-0.00173189048655,0.00085302721709,-0.000787483062595,-0.00325954169966,-0.000421006436227,0.00117632572073],[-0.000356634845957,-0.000616103759967,0.000174458284164,0.000362580613,-0.00205749296583,-0.000503395800479,-0.00173189048655,0.0120398495346,-0.00243614427745,-0.000713041343261,-0.0000099294438769,-0.00237894593738,0.00300218560733],[-0.000162165830261,0.000185314551345,-0.0000688786094543,-0.000845363538247,0.000282471097307,-0.0015614599688,0.00085302721709,-0.00243614427745,0.01216599904,-0.00311894994229,0.000494400039315,0.00162972812541,-0.000297061516903],[-0.000208212048165,-0.000340010185027,0.000491354090627,0.00016641880211,-0.00110000465065,0.0003197240585,-0.000787483062595,-0.000713041343261,-0.00311894994229,0.0170119740069,-0.0032680418808,-0.00000998286759568,0.000347351044184],[-0.000147697646753,0.0000653999886708,-0.000490292208269,0.00105011917185,0.000901721534319,-0.0017886076821,-0.00325954169966,-0.0000099294438769,0.000494400039315,-0.0032680418808,0.0182778425515,-0.00586228724569,0.000176543966518],[-0.00026570877526,-0.000528536213096,-0.0000110964210762,0.00102978094947,-0.000738505506888,0.00204115058295,-0.000421006436227,-0.00237894593738,0.00162972812541,-0.00000998286759568,-0.00586228724569,0.0212549734861,-0.0084083955735],[-0.000127722130856,0.000218900822802,-0.000136098096846,-0.000246396899456,-0.000796308217105,-0.000543254660442,0.00117632572073,0.00300218560733,-0.000297061516903,0.000347351044184,0.000176543966518,-0.0084083955735,0.0207162499428]],"mean":[-687.496765137,149.033416748,45.9607582092,30.7846088409,8.53561019897,15.0369205475,1.97631967068,6.28987789154,0.853021383286,0.208726525307,0.183055013418,-2.65395355225,-6.7789721489]},"pitch_salience":{"dmean":0.0711237862706,"dmean2":0.12166967243,"dvar":0.0047739520669,"dvar2":0.0139331789687,"max":0.868647217751,"mean":0.502331078053,"median":0.496797561646,"min":0.084900572896,"var":0.0101970722899},"silence_rate_20dB":{"dmean":0,"dmean2":0,"dvar":0,"dvar2":0,"max":1,"mean":1,"median":1,"min":1,"var":0},"silence_rate_30dB":{"dmean":0.0627851262689,"dmean2":0.125579953194,"dvar":0.0588497705758,"dvar2":0.135314926505,"max":1,"mean":0.928946971893,"median":1,"min":0,"var":0.0660091415048},"silence_rate_60dB":{"dmean":0.00278357695788,"dmean2":0.00556758418679,"dvar":0.0027758248616,"dvar2":0.00630984827876,"max":1,"mean":0.0232719965279,"median":0,"min":0,"var":0.0227305069566},"spectral_centroid":{"dmean":259.970214844,"dmean2":407.627349854,"dvar":182002.484375,"dvar2":439396.71875,"max":4597.00830078,"mean":657.683532715,"median":458.092285156,"min":134.623306274,"var":321919.53125},"spectral_complexity":{"dmean":3.31879687309,"dmean2":5.25347995758,"dvar":25.3262882233,"dvar2":46.9467544556,"max":52,"mean":11.8595170975,"median":10,"min":0,"var":69.4304580688},"spectral_contrast_coeffs":{"dmean":[0.0445509292185,0.0517599061131,0.0410419180989,0.0287373717874,0.0210879445076,0.0220810007304],"dmean2":[0.0741946846247,0.0850646644831,0.0669420212507,0.0467724986374,0.0338433273137,0.0360227189958],"dvar":[0.0014673556434,0.00198648637161,0.00115918472875,0.000654204573948,0.000373900547856,0.000438216433395],"dvar2":[0.00401176139712,0.00500766094774,0.00286284228787,0.00152687937953,0.000896402110811,0.00107200129423],"max":[-0.374553740025,-0.346321344376,-0.421482264996,-0.502193629742,-0.604931712151,-0.612974047661],"mean":[-0.609408199787,-0.693774819374,-0.74536883831,-0.802492380142,-0.829609155655,-0.788252711296],"median":[-0.609520018101,-0.704191207886,-0.759963512421,-0.822003126144,-0.836612582207,-0.787206232548],"min":[-0.859727144241,-0.919344186783,-0.927533090115,-0.958395242691,-0.935560703278,-0.921925723553],"var":[0.0043306434527,0.00910682510585,0.00807504262775,0.00493059167638,0.00177072663791,0.00140142813325]},"spectral_contrast_valleys":{"dmean":[0.366587638855,0.499504774809,0.422415673733,0.401220798492,0.459759414196,0.699979066849],"dmean2":[0.59320127964,0.814411878586,0.696170985699,0.633804678917,0.646702170372,0.862023711205],"dvar":[0.109286688268,0.217585206032,0.167194932699,0.191094741225,0.260467708111,0.554517567158],"dvar2":[0.260741263628,0.554064452648,0.407641470432,0.428797513247,0.508407115936,1.0782327652],"max":[-4.89374828339,-4.68489837646,-5.40922117233,-5.97716712952,-5.94256591797,-7.19469690323],"mean":[-6.62598228455,-6.97724485397,-7.83449697495,-8.46321868896,-8.38204288483,-10.4401350021],"median":[-6.50256156921,-6.90407752991,-7.67780733109,-8.37969970703,-8.34056091309,-10.5215797424],"min":[-13.89772892,-13.227689743,-14.3824052811,-15.4554986954,-15.3675260544,-16.8092632294],"var":[1.00541007519,0.975282967091,1.02066504955,1.24327552319,1.67129683495,2.44602537155]},"spectral_decrease":{"dmean":4.29151425507e-9,"dmean2":7.09192971016e-9,"dvar":3.49816269235e-17,"dvar2":8.68275739478e-17,"max":-3.09311427925e-14,"mean":-1.33641933076e-8,"median":-1.16978426945e-8,"min":-6.30583016914e-8,"var":7.3667203194e-17},"spectral_energy":{"dmean":0.0166381690651,"dmean2":0.0271850954741,"dvar":0.000507652177475,"dvar2":0.00124306965154,"max":0.240619793534,"mean":0.052489567548,"median":0.0457752384245,"min":1.25941539864e-7,"var":0.00111060554627},"spectral_energyband_high":{"dmean":0.00121137488168,"dmean2":0.00195867451839,"dvar":0.00000547208765056,"dvar2":0.0000133321927933,"max":0.0311175379902,"mean":0.00131780246738,"median":0.0000890482333489,"min":4.99353336458e-10,"var":0.00000792199170974},"spectral_energyband_low":{"dmean":0.0135661326349,"dmean2":0.0229728147388,"dvar":0.000436466827523,"dvar2":0.00113932311069,"max":0.218474164605,"mean":0.0313253253698,"median":0.0301352851093,"min":6.72058231288e-9,"var":0.000751701067202},"spectral_energyband_middle_high":{"dmean":0.000777954526711,"dmean2":0.00120925507508,"dvar":0.00000176449611899,"dvar2":0.00000406272192777,"max":0.0378145799041,"mean":0.00223287031986,"median":0.000863098946866,"min":7.01159408312e-10,"var":0.0000143170718729},"spectral_energyband_middle_low":{"dmean":0.00669056084007,"dmean2":0.011068510823,"dvar":0.0000896684941836,"dvar2":0.000238097753027,"max":0.155969679356,"mean":0.0203010737896,"median":0.0164870880544,"min":8.42990033334e-8,"var":0.000252733356319},"spectral_entropy":{"dmean":0.414755374193,"dmean2":0.573139727116,"dvar":0.221271261573,"dvar2":0.434039860964,"max":8.88263893127,"mean":6.88434553146,"median":6.86627149582,"min":3.6296350956,"var":0.92297744751},"spectral_flux":{"dmean":0.0349975377321,"dmean2":0.0503444708884,"dvar":0.00152738043107,"dvar2":0.00278777466156,"max":0.375734984875,"mean":0.0927248969674,"median":0.0769015848637,"min":0.000116288552817,"var":0.00390571611933},"spectral_kurtosis":{"dmean":5.04935503006,"dmean2":7.61244344711,"dvar":70.0195846558,"dvar2":146.198074341,"max":203.11555481,"mean":11.2323703766,"median":6.24863529205,"min":-1.41324698925,"var":295.393218994},"spectral_rms":{"dmean":0.00106027850416,"dmean2":0.00170673290268,"dvar":0.00000151127835579,"dvar2":0.00000358959687219,"max":0.0153215862811,"mean":0.00677507463843,"median":0.00668272189796,"min":0.0000110846649477,"var":0.00000530786473973},"spectral_rolloff":{"dmean":508.992706299,"dmean2":953.250244141,"dvar":2311016.75,"dvar2":6362921.5,"max":17764.8925781,"mean":728.874816895,"median":322.998046875,"min":64.599609375,"var":2099724.5},"spectral_skewness":{"dmean":0.581694722176,"dmean2":0.832449674606,"dvar":0.444696009159,"dvar2":0.895686507225,"max":12.0846405029,"mean":2.38372421265,"median":2.15256357193,"min":-0.11375271529,"var":2.18254351616},"spectral_spread":{"dmean":1466320.125,"dmean2":1991841.5,"dvar":3290807664640,"dvar2":6351317630980,"max":24487590,"mean":4983314,"median":4233573,"min":503073.03125,"var":7211347607550},"spectral_strongpeak":{"dmean":0.32050511241,"dmean2":0.562901854515,"dvar":0.298981934786,"dvar2":0.805851638317,"max":6.53525590897,"mean":0.818769514561,"median":0.556664824486,"min":0,"var":0.610566794872},"zerocrossingrate":{"dmean":0.0150417657569,"dmean2":0.019077366218,"dvar":0.000392223737435,"dvar2":0.00057039805688,"max":0.3251953125,"mean":0.0375171303749,"median":0.02392578125,"min":0.0029296875,"var":0.00130571611226}},"metadata":{"audio_properties":{"analysis_sample_rate":44100,"bit_rate":0,"codec":"flac","downmix":"mix","equal_loudness":0,"length":300.301208496,"lossless":true,"md5_encoded":"d3507ca2abf0bd8b516e93252aea4297","replay_gain":-13.074590683,"sample_rate":44100},"tags":{"album":["The King of Limbs"],"albumartist":["Radiohead"],"artist":["Radiohead"],"content group":["Rock"],"date":["2011-02-18"],"discnumber":["1/1"],"file_name":"05-08 - Lotus Flower.flac","genre":["Rock"],"musicbrainz_albumid":["15dc9592-88d2-42d6-b7f3-40e07ec68ff0"],"musicbrainz_recordingid":["46c13c78-8a42-42f9-8b55-c98f7de025a6"],"title":["Lotus Flower"],"tracknumber":["5"]},"version":{"essentia":"2.1-beta1","essentia_build_sha":"ca57ba49d9b1854bd80e60cf9ccf267278fb7d6b","essentia_git_sha":"v2.1_beta1-28-g21ef5f4-dirty","extractor":"music 1.0"}},"rhythm":{"beats_count":640,"beats_loudness":{"dmean":0.0330644436181,"dmean2":0.0590248033404,"dvar":0.000910866714548,"dvar2":0.00278921891004,"max":0.224635854363,"mean":0.0656259208918,"median":0.0604184940457,"min":3.80306687475e-7,"var":0.0014599628048},"beats_loudness_band_ratio":{"dmean":[0.206442981958,0.126738578081,0.0656379833817,0.0385210514069,0.0132049582899,0.067357249558],"dmean2":[0.382741004229,0.220690950751,0.121150203049,0.0712233558297,0.0252255983651,0.130914032459],"dvar":[0.0301927831024,0.0141171645373,0.0101578235626,0.00723862322047,0.000193534709979,0.00627976236865],"dvar2":[0.0964390859008,0.0405682697892,0.030657408759,0.020031042397,0.000594356970396,0.0196752790362],"max":[0.991463184357,0.965551674366,0.760344862938,0.700436770916,0.0822520703077,0.623182058334],"mean":[0.663331747055,0.221694782376,0.067088201642,0.034483872354,0.00977165531367,0.0429961122572],"median":[0.725953400135,0.155248969793,0.0327669344842,0.00932140275836,0.00407106662169,0.0164919774979],"min":[0.000895655248314,0.004839593