{"lowlevel":{"average_loudness":0.965413928032,"barkbands":{"dmean":[0.00067839177791,0.00806346815079,0.00262955506332,0.00412764586508,0.00148343096953,0.0011731008999,0.000904819695279,0.000566573813558,0.000560420041438,0.000402214383939,0.000284831388853,0.000376374111511,0.000340078346198,0.000371010712115,0.000333279924234,0.0003594076843,0.000639171106741,0.000382734811865,0.000292214535875,0.000154474910232,0.0000913059047889,0.0000807031756267,0.0000995369264274,0.0000469045153295,0.0000272596098512,0.0000127308385345,0.00000198964653464],"dmean2":[0.00101433729287,0.01285384316,0.00474648270756,0.00707912817597,0.00253831455484,0.00194943277165,0.00145663053263,0.000916934048291,0.000883029075339,0.000616370758507,0.000454790162621,0.000605714623816,0.000547754869331,0.000601430772804,0.000540898763575,0.000596546626184,0.00105994916521,0.00064052111702,0.000477249763208,0.000254478713032,0.00014555308735,0.000119386029837,0.000140351548907,0.000066876236815,0.000038004702219,0.0000172292184288,0.00000316733667205],"dvar":[0.00000234544677369,0.000239876972046,0.0000349103138433,0.0000594186421949,0.00000732941680326,0.00000463192600364,0.00000342810926668,0.00000206150048143,0.00000132302807287,9.5476673323e-7,4.21324841682e-7,6.2430331127e-7,4.02353094842e-7,4.37394561459e-7,2.07818089848e-7,2.44221354251e-7,6.84748727053e-7,1.9339020696e-7,1.87780500482e-7,3.1655883248e-8,2.28691678927e-8,1.64510574052e-8,2.88559345307e-8,7.26384197236e-9,2.45591125214e-9,9.49877176915e-10,2.50166120458e-11],"dvar2":[0.00000488811747346,0.000537733372767,0.0000996436574496,0.000154748544446,0.0000195524244191,0.0000119775895655,0.00000815529074316,0.00000510318795932,0.00000303288584291,0.0000020414518076,9.53706262408e-7,0.00000142770988987,9.67172240962e-7,0.00000103851130007,5.04100171383e-7,6.21300841885e-7,0.00000176562002707,5.02800503455e-7,4.65468247057e-7,8.18796408453e-8,5.32028998634e-8,3.34856906647e-8,5.42618749932e-8,1.49183954079e-8,4.98189534071e-9,1.8716352912e-9,6.09715958277e-11],"max":[0.0157181750983,0.136251360178,0.0643404275179,0.0910943597555,0.0598069354892,0.0477026775479,0.0368510298431,0.0290685873479,0.0161362737417,0.0162244290113,0.0184747166932,0.0144758159295,0.0141822565347,0.0149480309337,0.00910324975848,0.00816430896521,0.0159635413438,0.00604863185436,0.00935056153685,0.00290881097317,0.00562976766378,0.00363672152162,0.00501905428246,0.00246121315286,0.00103993713856,0.000634956406429,0.0000970998298726],"mean":[0.000693264650181,0.00978742353618,0.00269275554456,0.00402539549395,0.00202555092983,0.0017019060906,0.00138393114321,0.000768902595155,0.000882988097146,0.000748588237911,0.000502377457451,0.00062514928868,0.000596287543885,0.00073178880848,0.000730950036086,0.000786235556006,0.00148685497697,0.000851649441756,0.000737977621611,0.000398870877689,0.000245902774623,0.000185707889614,0.000214835818042,0.000110248402052,0.0000621540093562,0.0000260979340965,0.00000264707932729],"median":[0.0000608258742432,0.00454141572118,0.00128282466903,0.00127306301147,0.00108663726132,0.000762611511163,0.000562865752727,0.000255637074588,0.000290948199108,0.000178336369572,0.000218040164327,0.000295157078654,0.00021390618349,0.000394267059164,0.000481244147522,0.000562418950722,0.00115473591723,0.000726707279682,0.000478298054077,0.000340455590049,0.00019401832833,0.000125287959236,0.000114540074719,0.0000668994252919,0.0000339956786775,0.0000124140615299,9.46928309986e-7],"min":[5.20154749172e-23,4.55300947987e-23,1.30709905372e-23,2.28895896036e-23,1.10149721047e-22,4.69957888943e-23,2.18081985644e-23,6.84019902522e-23,9.85841366521e-23,9.23068675067e-23,9.76710964186e-23,1.25977666063e-22,6.17315275881e-23,6.58994647145e-23,6.99344945555e-23,2.06896215687e-22,1.28334340686e-22,1.68800620582e-22,1.86109692969e-22,3.94779091265e-22,2.21254380308e-22,6.06884654069e-22,4.81470411397e-22,8.81837036009e-22,1.20502070186e-21,1.81634463596e-21,2.08011548886e-21],"var":[0.00000282113978756,0.000272516655969,0.0000247396455961,0.0000552072597202,0.00000837210336613,0.00000714608040653,0.00000627784947937,0.000003115354275,0.00000277175126939,0.00000311337248604,0.0000010620675539,0.00000125648523408,9.58156419983e-7,0.00000111811539227,6.24587073617e-7,6.04703018325e-7,0.00000181135965249,4.13320066173e-7,5.95632343448e-7,8.05887765409e-8,5.34662980556e-8,3.98104944566e-8,7.52738031906e-8,1.92287625822e-8,6.0390519252e-9,1.93719218444e-9,2.91588038437e-11]},"barkbands_crest":{"dmean":2.96758937836,"dmean2":4.9004406929,"dvar":7.85455226898,"dvar2":19.5423793793,"max":23.6098022461,"mean":8.75656604767,"median":7.81803369522,"min":2.24284815788,"var":15.6325864792},"barkbands_flatness_db":{"dmean":0.0192367248237,"dmean2":0.0298258624971,"dvar":0.000354608811904,"dvar2":0.000762236304581,"max":0.332502782345,"mean":0.0969126820564,"median":0.0904936268926,"min":0.0140960635617,"var":0.00125815311912},"barkbands_kurtosis":{"dmean":1.86527013779,"dmean2":2.92362761497,"dvar":15.0783853531,"dvar2":28.8245563507,"max":226.581924438,"mean":1.24264919758,"median":-0.442775726318,"min":-1.8286639452,"var":50.5440597534},"barkbands_skewness":{"dmean":0.550843060017,"dmean2":0.842212796211,"dvar":0.344826221466,"dvar2":0.696315348148,"max":11.4939889908,"mean":0.951532542706,"median":0.778969228268,"min":-2.2979388237,"var":1.2180634737},"barkbands_spread":{"dmean":7.05094671249,"dmean2":10.8339700699,"dvar":49.344833374,"dvar2":102.599449158,"max":111.299819946,"mean":34.0445251465,"median":33.6234970093,"min":0.794195055962,"var":177.34425354},"dissonance":{"dmean":0.0103863058612,"dmean2":0.0175468493253,"dvar":0.000147567712702,"dvar2":0.000383884005714,"max":0.500000119209,"mean":0.480550289154,"median":0.486710071564,"min":0.328782945871,"var":0.000347251509083},"dynamic_complexity":2.77045035362,"erbbands":{"dmean":[0.35810765624,1.40812897682,2.64854121208,9.14685630798,8.98187637329,4.55588245392,5.43193769455,10.9231805801,10.1398887634,17.4553089142,9.79985618591,13.7980823517,12.8112211227,9.32106494904,9.8578004837,16.4928951263,15.0774450302,16.5301761627,16.6206741333,16.8920288086,22.0438804626,30.1428394318,23.6310863495,13.0725431442,11.4115056992,7.07404851913,3.80416297913,3.96791791916,2.64889192581,4.03626585007,2.39953351021,1.32870471478,0.629200994968,0.284138441086,0.229976162314,0.0882662683725,0.0159812569618,0.00265681557357,0.000408356048865,0.0000240442841459],"dmean2":[0.571583092213,2.30824661255,4.64819145203,15.7820014954,15.2229948044,7.76480913162,9.04315090179,18.1883583069,16.5763187408,27.799123764,15.8606491089,21.6650657654,19.5200309753,14.2597875595,15.7942419052,26.3390312195,24.12292099,26.4193153381,26.704744339,27.6100311279,36.9950065613,50.0909194946,39.4157676697,21.4536724091,18.7647228241,11.6448812485,6.12255716324,6.29046344757,4.02099180222,5.86111831665,3.37587356567,1.90621852875,0.897370636463,0.40877071023,0.323536068201,0.119671545923,0.021983217448,0.00378197687678,0.000655479147099,0.0000358948236681],"dvar":[0.584735751152,6.49680709839,32.1896018982,285.327545166,278.20614624,86.6027526855,82.6258850098,483.707458496,539.446105957,1337.17102051,605.56237793,866.555114746,862.513000488,527.746887207,419.176116943,1366.04455566,781.143249512,1055.33325195,649.739746094,625.889343262,885.067199707,1463.8659668,696.68371582,405.465423584,210.655227661,68.7224655151,37.6663513184,38.9702949524,19.5194740295,44.6858558655,18.0898303986,5.17794466019,1.85517263412,0.298593699932,0.190078929067,0.0596145763993,0.0007784893387,0.0000269446718448,0.00000109276572857,1.77207060137e-9],"dvar2":[1.33340239525,15.1778154373,90.8153457642,745.677856445,725.915222168,233.159133911,210.303955078,1255.19787598,1337.95739746,3122.22705078,1462.10717773,1952.60827637,1885.32092285,1151.60766602,993.044311523,3101.8581543,1887.35449219,2562.52636719,1540.67004395,1586.74450684,2413.45874023,3710.91699219,1851.25952148,991.359680176,537.348022461,178.908996582,96.3877487183,86.8653335571,41.6371574402,87.4347915649,35.145942688,10.519367218,4.00995349884,0.667800724506,0.376620918512,0.115436643362,0.00152713072021,0.0000571857126488,0.00000270086138698,3.91710663905e-9],"max":[6.70329427719,22.8566589355,60.3832206726,182.353607178,176.881256104,228.579193115,191.088577271,553.656494141,611.727661133,699.618713379,510.921508789,405.019012451,517.166748047,498.08001709,483.719116211,694.413635254,511.548095703,790.625549316,914.838562012,487.724914551,521.14666748,818.676757812,370.750457764,438.506317139,298.581115723,164.707199097,254.02281189,231.945968628,131.462722778,172.925308228,118.29825592,58.5412979126,45.8774032593,18.5434436798,9.47592544556,4.77294206619,0.534802854061,0.0991982594132,0.0186250396073,0.000731202715542],"mean":[0.364807575941,1.83139407635,3.23155808449,9.23458194733,9.80873584747,6.50815725327,8.25173854828,15.3894834518,15.2120542526,26.1473636627,14.9787950516,22.267118454,23.9354724884,19.3553237915,18.9351539612,28.486656189,28.822057724,35.09790802,38.3671913147,40.6146507263,53.2032432556,78.1814651489,58.4016189575,34.3284225464,30.6128616333,18.5811824799,10.2708864212,10.0148658752,6.23553180695,8.43632602692,5.1729850769,3.03559660912,1.45575046539,0.673029303551,0.469723373652,0.172219574451,0.0352766513824,0.00551916146651,0.000518360699061,0.0000553070676688],"median":[0.0762223899364,1.05693697929,2.00999760628,2.98015880585,3.93581557274,3.66352915764,4.4439458847,6.68527030945,6.65656900406,8.90488147736,6.59417676926,7.11864233017,6.86919260025,6.97157812119,9.89617443085,12.9991989136,12.18891716,17.679693222,25.694152832,26.8264465332,41.0328369141,63.4692382812,51.433795929,23.653793335,22.9881420135,15.883887291,8.07980060577,7.91304111481,4.43427085876,4.69024467468,2.75453543663,1.78191494942,0.89324516058,0.403078317642,0.233371675014,0.0733524113894,0.0191784519702,0.00293055572547,0.000168999788002,0.0000397251060349],"min":[2.16720229968e-21,7.36488901778e-21,1.11748061788e-20,6.54954371189e-20,1.59382491671e-19,5.4164510293e-19,2.30538312796e-19,4.57803523608e-19,4.04196765692e-19,4.89314038465e-19,1.93016102571e-18,2.54834287598e-18,2.9628912642e-18,1.6227974605e-18,6.85421707896e-18,3.81206929758e-18,3.29090435943e-18,2.39401930461e-18,3.3680027624e-18,7.80989689095e-18,1.06199849417e-17,7.69891158662e-18,8.93113690255e-18,1.14215345358e-17,7.18314462236e-18,1.51312228618e-17,1.53311689595e-17,1.04331810897e-17,2.31322878098e-17,1.72429190127e-17,1.43896091206e-17,1.49124815663e-17,1.52163050053e-17,1.29342303277e-17,9.72634284852e-18,5.43666525552e-18,3.44310890086e-18,1.34339983781e-18,3.0335158415e-19,3.23485586775e-20],"var":[0.626759707928,7.12506961823,24.8066425323,266.021575928,271.856658936,107.162414551,126.777168274,672.540710449,916.313354492,2456.54956055,866.1328125,1951.64172363,2607.10180664,1520.51599121,1011.04241943,2867.16748047,1924.74133301,2939.82128906,1814.01538086,2112.015625,2168.11181641,4158.93798828,1664.23352051,1218.30419922,671.813842773,174.372207642,84.0094451904,87.6457061768,43.3704528809,109.467605591,44.6809196472,14.0306854248,4.01396131516,0.686684966087,0.425366401672,0.117215774953,0.00190031121019,0.0000534570681339,0.00000121434982248,2.81910561561e-9]},"erbbands_crest":{"dmean":2.17548847198,"dmean2":3.55464506149,"dvar":4.18946790695,"dvar2":10.2783651352,"max":24.6277084351,"mean":7.9333896637,"median":7.208152771,"min":2.15310072899,"var":10.2404317856},"erbbands_flatness_db":{"dmean":0.0132747096941,"dmean2":0.0196419805288,"dvar":0.000155210596859,"dvar2":0.00029865882243,"max":0.276478976011,"mean":0.139809578657,"median":0.139173433185,"min":0.0266889110208,"var":0.00108379661106},"erbbands_kurtosis":{"dmean":0.858626306057,"dmean2":1.37241768837,"dvar":1.23860430717,"dvar2":2.72280335426,"max":44.1831016541,"mean":0.598337709904,"median":0.183935642242,"min":-1.7334934473,"var":3.90599060059},"erbbands_skewness":{"dmean":0.322731912136,"dmean2":0.499486982822,"dvar":0.0924068242311,"dvar2":0.198809370399,"max":6.2456202507,"mean":-0.442277759314,"median":-0.524755120277,"min":-2.57746911049,"var":0.547802865505},"erbbands_spread":{"dmean":7.54683494568,"dmean2":11.732254982,"dvar":68.7177886963,"dvar2":156.237594604,"max":135.461135864,"mean":37.4801635742,"median":34.2353591919,"min":5.04132652283,"var":276.900726318},"gfcc":{"cov":[[10109.453125,644.576293945,-892.573852539,437.330230713,-186.394134521,204.885848999,-170.827346802,71.3020553589,-19.3105335236,7.78601503372,72.9749069214,117.565940857,-63.0170288086],[644.576293945,689.578369141,-178.344161987,17.2908325195,77.3919219971,-101.311149597,58.0139732361,2.92953824997,7.22571754456,-11.8107156754,20.5890789032,-88.953414917,44.0621757507],[-892.573852539,-178.344161987,669.01373291,54.5335769653,-55.6417350769,87.6260528564,2.50855469704,0.881350934505,51.9566993713,36.1374320984,6.34739160538,29.4704685211,-29.9144439697],[437.330230713,17.2908325195,54.5335769653,224.309341431,76.4117507935,11.9914560318,-40.1792793274,3.47850394249,17.2961959839,3.89950084686,12.8664226532,14.9644565582,12.3249778748],[-186.394134521,77.3919219971,-55.6417350769,76.4117507935,223.702819824,0.310051143169,46.9148139954,14.0856437683,-5.14749717712,-2.68089079857,7.05623674393,-3.46413064003,36.9854812622],[204.885848999,-101.311149597,87.6260528564,11.9914560318,0.310051143169,161.209075928,65.5914993286,23.0937404633,8.19997406006,2.05796813965,7.43206930161,30.4390678406,-3.97464752197],[-170.827346802,58.0139732361,2.50855469704,-40.1792793274,46.9148139954,65.5914993286,155.136703491,42.9568710327,29.7268161774,12.248131752,8.07304763794,-14.6246213913,18.565952301],[71.3020553589,2.92953824997,0.881350934505,3.47850394249,14.0856437683,23.0937404633,42.9568710327,77.9021835327,40.2839698792,16.5496120453,-1.24564254284,2.82159805298,10.3883390427],[-19.3105335236,7.22571754456,51.9566993713,17.2961959839,-5.14749717712,8.19997406006,29.7268161774,40.2839698792,95.0270462036,46.5533981323,16.3932819366,1.67792415619,3.41718840599],[7.78601503372,-11.8107156754,36.1374320984,3.89950084686,-2.68089079857,2.05796813965,12.248131752,16.5496120453,46.5533981323,71.8151397705,32.5169792175,7.76806592941,-2.67863297462],[72.9749069214,20.5890789032,6.34739160538,12.8664226532,7.05623674393,7.43206930161,8.07304763794,-1.24564254284,16.3932819366,32.5169792175,61.9995193481,31.5965099335,3.91387677193],[117.565940857,-88.953414917,29.4704685211,14.9644565582,-3.46413064003,30.4390678406,-14.6246213913,2.82159805298,1.67792415619,7.76806592941,31.5965099335,78.617805481,14.6168107986],[-63.0170288086,44.0621757507,-29.9144439697,12.3249778748,36.9854812622,-3.97464752197,18.565952301,10.3883390427,3.41718840599,-2.67863297462,3.91387677193,14.6168107986,58.7546234131]],"icov":[[0.000237505519181,-0.000456862297142,0.000457289832411,-0.000627582601737,0.000490569451358,-0.000726824568119,0.000304082001094,-0.000265924580162,0.000197309826035,-0.000505898031406,0.000549098942429,-0.000859504216351,0.00069748761598],[-0.000456862297142,0.00340992375277,-0.000616545963567,0.000752597639803,-0.000905854220036,0.00264746625908,-0.00147529982496,0.000387234642403,-0.000647148001008,0.00268098339438,-0.00450453115627,0.00544249126688,-0.00326601043344],[0.000457289832411,-0.000616545963567,0.00276868091896,-0.00181272020563,0.00137902155984,-0.00212959921919,0.000341632752679,0.000331779592671,-0.000593314471189,-0.00156452658121,0.0017003249377,-0.00200923508964,0.00191374809947],[-0.000627582601737,0.000752597639803,-0.00181272020563,0.00858019664884,-0.00442910473794,-0.000330171314999,0.00384001247585,0.000131056542159,-0.00296368566342,0.00266745872796,-0.00303276465274,0.00299554760568,-0.00268037291244],[0.000490569451358,-0.000905854220036,0.00137902155984,-0.00442910473794,0.00782442744821,-0.000264704751316,-0.0027730287984,-0.000809722812846,0.00260878517292,-0.00174729293212,0.00109815830365,-0.00161215208936,-0.000990660744719],[-0.000726824568119,0.00264746625908,-0.00212959921919,-0.000330171314999,-0.000264704751316,0.0135577265173,-0.00805691257119,-0.0000988161700661,0.00123536435422,0.00248197792098,-0.00105428067036,-0.00173683231696,0.00041080074152],[0.000304082001094,-0.00147529982496,0.000341632752679,0.00384001247585,-0.0027730287984,-0.00805691257119,0.0152667565271,-0.00449898047373,-0.00270907045342,0.000562538625672,-0.00339960213751,0.00491219665855,-0.00283957831562],[-0.000265924580162,0.000387234642403,0.000331779592671,0.000131056542159,-0.000809722812846,-0.0000988161700661,-0.00449898047373,0.0203444156796,-0.00779209844768,-0.00112385535613,0.0051960805431,-0.0024195802398,-0.0014488332672],[0.000197309826035,-0.000647148001008,-0.000593314471189,-0.00296368566342,0.00260878517292,0.00123536435422,-0.00270907045342,-0.00779209844768,0.0210980586708,-0.0114872623235,0.00116902973969,-0.000616540433839,0.0000164059383678],[-0.000505898031406,0.00268098339438,-0.00156452658121,0.00266745872796,-0.00174729293212,0.00248197792098,0.000562538625672,-0.00112385535613,-0.0114872623235,0.0293442476541,-0.0169032681733,0.00736023904756,-0.00131968152709],[0.000549098942429,-0.00450453115627,0.0017003249377,-0.00303276465274,0.00109815830365,-0.00105428067036,-0.00339960213751,0.0051960805431,0.00116902973969,-0.0169032681733,0.0366508290172,-0.0206754133105,0.00672536483034],[-0.000859504216351,0.00544249126688,-0.00200923508964,0.00299554760568,-0.00161215208936,-0.00173683231696,0.00491219665855,-0.0024195802398,-0.000616540433839,0.00736023904756,-0.0206754133105,0.0319768637419,-0.0130882356316],[0.00069748761598,-0.00326601043344,0.00191374809947,-0.00268037291244,-0.000990660744719,0.00041080074152,-0.00283957831562,-0.0014488332672,0.0000164059383678,-0.00131968152709,0.00672536483034,-0.0130882356316,0.0263057369739]],"mean":[27.7562942505,75.2068862915,-125.237892151,49.7344779968,-44.8911857605,13.3621892929,-40.0018005371,13.7334384918,-19.5041160583,2.91454482079,-15.6939268112,3.33087801933,-13.9098806381]},"hfc":{"dmean":5.22174310684,"dmean2":7.62197065353,"dvar":30.9518165588,"dvar2":63.6840896606,"max":98.8591384888,"mean":27.1222515106,"median":25.7024478912,"min":1.18181080826e-16,"var":203.483093262},"melbands":{"dmean":[0.00263092713431,0.00139886303805,0.00158564839512,0.00042698381003,0.000183138719876,0.000237803949858,0.000162386189913,0.000178075861186,0.0000785128286225,0.0000866119153216,0.0000651583759463,0.0000406640974688,0.000039609043597,0.0000372203830921,0.0000418948511651,0.0000326643421431,0.0000339366779372,0.0000305758876493,0.0000242320184043,0.0000221820173465,0.0000323818239849,0.0000337744131684,0.0000418348499807,0.0000110033133751,0.000012162551684,0.0000126415934574,0.0000071365416261,0.00000466468918603,0.00000286630324808,0.0000024753235266,0.00000257616602539,0.00000151919255131,0.00000168082533492,0.00000257216993305,0.00000156215446623,0.00000105316235022,8.49838272643e-7,4.95455140026e-7,3.43723456808e-7,2.26304408102e-7],"dmean2":[0.00419282540679,0.00230730022304,0.00271613639779,0.000722740602214,0.000304228597088,0.000394306436647,0.000264009577222,0.000283446366666,0.000127823848743,0.000136097456561,0.0000997195020318,0.0000621240469627,0.0000633734889561,0.0000597036232648,0.0000673502363497,0.0000521664878761,0.0000547909912711,0.0000496196771564,0.0000395420393033,0.0000361300553777,0.0000543314454262,0.0000560531916562,0.0000708486477379,0.0000182200819836,0.0000199957848963,0.0000206379390875,0.000011880002603,0.00000771146824263,0.00000471339672004,0.00000402829391533,0.00000410244501836,0.00000236567893808,0.00000249262961916,0.00000378604977413,0.00000227921782425,0.00000156741634783,0.00000128328701976,7.36628066988e-7,5.14856765221e-7,3.3683116385e-7],"dvar":[0.0000284664474748,0.0000070108944783,0.00000854715744936,6.01316855864e-7,8.35654176967e-8,2.12108417941e-7,1.23585721212e-7,1.43951737641e-7,3.78397082557e-8,3.37217791468e-8,2.3229732804e-8,1.06947792844e-8,7.47687334268e-9,5.90123860889e-9,6.43569464387e-9,4.00921029708e-9,4.69611816101e-9,2.4363593365e-9,1.16453990895e-9,1.15345222262e-9,2.02742156397e-9,2.37288011462e-9,2.27958207866e-9,1.64397370717e-10,3.82954251643e-10,3.77670894558e-10,7.56544896174e-11,3.13802664409e-11,1.67439482418e-11,1.94256936925e-11,1.59817749312e-11,6.26460472039e-12,7.85619746341e-12,1.8502038443e-11,7.59588659333e-12,4.53168752523e-12,1.84824790021e-12,9.95515735819e-13,7.43031179119e-13,1.54166488061e-13],"dvar2":[0.0000641835067654,0.0000182438998308,0.0000222069465963,0.00000158296222708,2.15279925442e-7,5.49539151962e-7,3.04942801677e-7,3.41085012678e-7,9.0716461898e-8,7.60784857334e-8,5.04034609605e-8,2.33538166583e-8,1.75237673261e-8,1.34322446499e-8,1.52550665433e-8,9.44883460363e-9,1.1563487945e-8,5.70768410313e-9,2.88096635437e-9,2.75765699165e-9,5.46824452385e-9,5.88127768708e-9,6.20478468605e-9,4.19153434184e-10,9.29380461479e-10,9.17305453818e-10,2.01151456602e-10,8.16615247645e-11,4.38699597483e-11,4.7785428392e-11,3.69952089796e-11,1.44469254268e-11,1.56048472755e-11,3.75376882356e-11,1.5562743802e-11,9.4861375699e-12,4.12403921776e-12,2.1741560375e-12,1.72907077111e-12,3.52623149864e-13],"max":[0.0473880134523,0.0310166887939,0.0332753024995,0.0159923899919,0.00523117277771,0.0111239990219,0.00883766449988,0.00762231973931,0.00376211269759,0.00235290569253,0.00264347344637,0.00215990864672,0.00216990732588,0.00130594114307,0.00155536690727,0.00179733033292,0.00169761572033,0.00196309387684,0.000674471957609,0.000790768826846,0.000761027098633,0.00108116213232,0.000627884699497,0.000278489285847,0.00043543917127,0.000480836897623,0.000146212740219,0.000118255426059,0.000124948302982,0.000168026555912,0.000152733424329,0.0000755433939048,0.0000909552109079,0.000108560729132,0.0000749913378968,0.0000544386384718,0.0000316742152791,0.0000286330068775,0.0000388331827708,0.0000102108997453],"mean":[0.00292998715304,0.00195791688748,0.00165903742891,0.000548817683011,0.000292228942271,0.000342365761753,0.000245805276791,0.000264270493062,0.000117752868391,0.000135543377837,0.000119458178233,0.000080691970652,0.0000698787989677,0.0000627172048553,0.0000722911718185,0.0000599438062636,0.0000660762816551,0.0000628632624284,0.0000532272897544,0.0000491821301694,0.0000685468476149,0.0000778957255534,0.0000893927062862,0.0000259447751887,0.0000278956122202,0.000028476537409,0.0000167195503309,0.0000109224347398,0.0000064671439759,0.00000580403138883,0.00000577651508138,0.00000331486580762,0.00000353341033588,0.0000051048059504,0.00000310456493935,0.00000213826251638,0.00000177614936092,0.00000106147479073,7.29351654627e-7,4.97861492477e-7],"median":[0.0010362023022,0.00131291616708,0.000599593040533,0.000271135708317,0.000173905616975,0.000152437394718,0.000104653190647,0.0000866903792485,0.0000472260726383,0.0000423357414547,0.0000302221287711,0.0000260656361206,0.0000323292333633,0.0000297590522678,0.0000309059250867,0.0000213051262108,0.0000324874708895,0.0000403751837439,0.0000350743866875,0.0000326747504005,0.0000507439035573,0.0000577901664656,0.0000756974550313,0.0000223757924687,0.0000176942903636,0.0000184506898222,0.0000137625002026,0.00000910484141059,0.00000497778728459,0.00000420264495915,0.00000435941501564,0.00000235570792029,0.00000219041930904,0.00000271006229013,0.00000161718401159,0.00000116080479984,0.0000010339505252,6.41484007247e-7,4.33841876202e-7,2.93656597705e-7],"min":[1.71778769292e-23,6.84162418133e-24,1.10511129782e-23,2.74489358454e-23,1.06036505624e-23,9.43138353569e-24,6.13150539952e-24,6.99575498044e-24,1.54943972704e-23,1.56179486654e-23,1.54948437657e-23,6.85780529622e-24,1.73956719588e-23,1.77147220188e-23,8.02647196173e-24,5.29935141339e-24,4.61453810612e-24,5.61199828937e-24,6.8609433849e-24,1.18743090543e-23,1.28565410667e-23,8.47455363336e-24,5.85165186579e-24,9.05463540027e-24,9.43553136633e-24,6.08741911897e-24,4.68068527631e-24,1.2245985603e-23,1.2997036405e-23,5.09729928644e-24,6.10534203873e-24,1.24978199806e-23,1.16746736028e-23,9.20742040267e-24,7.97268111432e-24,8.19605733483e-24,9.77366791588e-24,1.17020305101e-23,9.10308723707e-24,1.11614627859e-23],"var":[0.0000313126365654,0.0000067547694016,0.00000807200649433,6.6549046096e-7,1.27391459159e-7,3.09908330109e-7,2.15241882984e-7,2.58498261019e-7,5.30070991545e-8,7.29823028678e-8,7.11358083549e-8,3.09747498761e-8,1.8179960648e-8,1.19581402558e-8,1.44025031901e-8,9.88813297909e-9,1.15716645155e-8,5.76939962471e-9,3.41791639435e-9,3.38101435737e-9,4.48138193221e-9,6.00421534713e-9,4.78360728806e-9,3.65440955274e-10,1.04539610302e-9,1.03290731523e-9,1.66907584975e-10,6.96136898126e-11,3.38067698835e-11,3.97654721651e-11,3.18516983622e-11,1.23863124618e-11,1.81502573388e-11,4.32262524386e-11,1.69293693647e-11,9.71979441378e-12,4.51171522017e-12,2.06670726539e-12,1.37287154301e-12,3.46752384835e-13]},"melbands_crest":{"dmean":4.30226564407,"dmean2":6.92173290253,"dvar":15.7485456467,"dvar2":37.3770294189,"max":34.5061721802,"mean":13.9695653915,"median":12.9194984436,"min":2.67324757576,"var":35.3928031921},"melbands_flatness_db":{"dmean":0.0277392864227,"dmean2":0.0424304492772,"dvar":0.000757394533139,"dvar2":0.00152150914073,"max":0.464797794819,"mean":0.155867949128,"median":0.148549959064,"min":0.00636872462928,"var":0.0027275364846},"melbands_kurtosis":{"dmean":6.19418334961,"dmean2":9.79890346527,"dvar":119.017280579,"dvar2":264.321594238,"max":325.024536133,"mean":9.09077072144,"median":3.8310546875,"min":-1.70304775238,"var":275.441436768},"melbands_skewness":{"dmean":0.807038843632,"dmean2":1.24873614311,"dvar":0.830081224442,"dvar2":1.69153523445,"max":13.5934524536,"mean":2.33646726608,"median":2.02990317345,"min":-1.16398501396,"var":2.40664720535},"melbands_spread":{"dmean":10.7237920761,"dmean2":16.640504837,"dvar":132.313247681,"dvar2":272.279205322,"max":170.967514038,"mean":38.5280952454,"median":35.6342010498,"min":0.515828609467,"var":452.643341064},"mfcc":{"cov":[[7108.16845703,772.925231934,-238.888656616,99.3380126953,41.4347419739,59.5160903931,-64.9323348999,135.843887329,-68.4955368042,17.1443653107,3.95626950264,72.3389816284,28.1242866516],[772.925231934,680.723144531,-166.021148682,91.3881835938,-21.6381187439,-48.8284835815,48.0453491211,-36.8091964722,50.8014068604,3.72778105736,34.2153625488,1.8500174284,-21.1792221069],[-238.888656616,-166.021148682,583.260192871,-20.7530517578,1.01573503017,60.1635513306,-50.0557861328,25.5215835571,-29.4595432281,38.8009185791,14.0961828232,18.6009979248,42.6401176453],[99.3380126953,91.3881835938,-20.7530517578,215.965744019,111.929016113,0.947584629059,-5.05707025528,-22.3885726929,16.7457313538,4.04465246201,-2.03732252121,2.03478121758,14.6467227936],[41.4347419739,-21.6381187439,1.01573503017,111.929016113,150.148406982,30.3739490509,4.22983360291,6.66001701355,0.801455974579,-5.70696163177,-13.5671100616,0.384146392345,7.43062973022],[59.5160903931,-48.8284835815,60.1635513306,0.947584629059,30.3739490509,106.020843506,47.8362998962,37.0390701294,3.56489658356,13.8699092865,7.77077531815,4.89161396027,9.72742271423],[-64.9323348999,48.0453491211,-50.0557861328,-5.05707025528,4.22983360291,47.8362998962,115.776054382,37.7183113098,29.7876358032,2.6733341217,6.33264970779,-2.51925802231,-9.79537200928],[135.843887329,-36.8091964722,25.5215835571,-22.3885726929,6.66001701355,37.0390701294,37.7183113098,93.9105529785,26.1442146301,14.4817857742,1.10588276386,2.3154976368,4.38822221756],[-68.4955368042,50.8014068604,-29.4595432281,16.7457313538,0.801455974579,3.56489658356,29.7876358032,26.1442146301,90.2353591919,42.3701782227,16.5539283752,-8.31447410583,-6.74726390839],[17.1443653107,3.72778105736,38.8009185791,4.04465246201,-5.70696163177,13.8699092865,2.6733341217,14.4817857742,42.3701782227,78.6883010864,39.1283187866,4.38245773315,5.10299301147],[3.95626950264,34.2153625488,14.0961828232,-2.03732252121,-13.5671100616,7.77077531815,6.33264970779,1.10588276386,16.5539283752,39.1283187866,65.2194976807,24.1325798035,7.5446434021],[72.3389816284,1.8500174284,18.6009979248,2.03478121758,0.384146392345,4.89161396027,-2.51925802231,2.3154976368,-8.31447410583,4.38245773315,24.1325798035,59.6062583923,33.4493789673],[28.1242866516,-21.1792221069,42.6401176453,14.6467227936,7.43062973022,9.72742271423,-9.79537200928,4.38822221756,-6.74726390839,5.10299301147,7.5446434021,33.4493789673,61.3522758484]],"icov":[[0.000214159561438,-0.000356644333806,0.000147717437358,-0.0000252777335845,0.00000698704297974,-0.000377894175472,0.000556934566703,-0.00066233886173,0.000532308826223,-0.0003725218412,0.000332826486556,-0.000296006299322,0.0000874242468853],[-0.000356644333806,0.00262238457799,0.00000193371784007,-0.00130149093457,0.00103208620567,0.00140069099143,-0.00197847839445,0.0016550362343,-0.00164047291037,0.00129448331427,-0.0016900798073,0.000282601307845,0.000362456950825],[0.000147717437358,0.00000193371784007,0.00236936449073,-0.0000972233028733,0.000373626768123,-0.00176629587077,0.00176457525231,-0.00100137363188,0.00126252567861,-0.00149952096399,0.000288700044621,0.00000107579819542,-0.000874927791301],[-0.0000252777335845,-0.00130149093457,-0.0000972233028733,0.0097364038229,-0.00761515507475,0.000857861654367,0.000239063272602,0.00266419514082,-0.00183613528498,-0.000441190524725,-0.0000688409199938,0.00101267546415,-0.00276949256659],[0.00000698704297974,0.00103208620567,0.000373626768123,-0.00761515507475,0.0134058017284,-0.00364498514682,0.000822297530249,-0.00167938088998,0.000468643207569,0.000765881966799,0.00202008103952,-0.00125909072813,0.00154295167886],[-0.000377894175472,0.00140069099143,-0.00176629587077,0.000857861654367,-0.00364498514682,0.0171360205859,-0.00850000046194,-0.00149624526966,0.00206267740577,-0.00196255324408,-0.00197363644838,0.00167861604132,-0.00212839362212],[0.000556934566703,-0.00197847839445,0.00176457525231,0.000239063272602,0.000822297530249,-0.00850000046194,0.0164782851934,-0.00504922587425,-0.00266114179976,0.00254518189467,-0.000341979204677,-0.0012701760279,0.0022485719528],[-0.00066233886173,0.0016550362343,-0.00100137363188,0.00266419514082,-0.00167938088998,-0.00149624526966,-0.00504922587425,0.017609603703,-0.00611460302025,0.000324857683154,0.00114660826512,-0.000391818844946,-0.00131702562794],[0.000532308826223,-0.00164047291037,0.00126252567861,-0.00183613528498,0.000468643207569,0.00206267740577,-0.00266114179976,-0.00611460302025,0.0213393345475,-0.0122526576743,0.0019033071585,0.0018518185243,0.000501501839608],[-0.0003725218412,0.00129448331427,-0.00149952096399,-0.000441190524725,0.000765881966799,-0.00196255324408,0.00254518189467,0.000324857683154,-0.0122526576743,0.027811570093,-0.0152875594795,0.00468659540638,-0.0019692638889],[0.000332826486556,-0.0016900798073,0.000288700044621,-0.0000688409199938,0.00202008103952,-0.00197363644838,-0.000341979204677,0.00114660826512,0.0019033071585,-0.0152875594795,0.0299768317491,-0.0134054031223,0.00411462923512],[-0.000296006299322,0.000282601307845,0.00000107579819542,0.00101267546415,-0.00125909072813,0.00167861604132,-0.0012701760279,-0.000391818844946,0.0018518185243,0.00468659540638,-0.0134054031223,0.0311387423426,-0.0158122368157],[0.0000874242468853,0.000362456950825,-0.000874927791301,-0.00276949256659,0.00154295167886,-0.00212839362212,0.0022485719528,-0.00131702562794,0.000501501839608,-0.0019692638889,0.00411462923512,-0.0158122368157,0.0265912152827]],"mean":[-607.065795898,99.3245010376,-13.6165103912,36.1763572693,15.0053005219,6.84666395187,-2.76006746292,8.70315074921,-0.81955063343,2.59737634659,-0.240898445249,3.44327068329,0.996865332127]},"pitch_salience":{"dmean":0.0811274349689,"dmean2":0.132598236203,"dvar":0.00554225733504,"dvar2":0.0140413707122,"max":0.852202117443,"mean":0.571898818016,"median":0.580746650696,"min":0.106746606529,"var":0.0115284742787},"silence_rate_20dB":{"dmean":0,"dmean2":0,"dvar":0,"dvar2":0,"max":1,"mean":1,"median":1,"min":1,"var":0},"silence_rate_30dB":{"dmean":0.0466459356248,"dmean2":0.0933022350073,"dvar":0.0444676354527,"dvar2":0.126364484429,"max":1,"mean":0.974236547947,"median":1,"min":0,"var":0.0250961314887},"silence_rate_60dB":{"dmean":0.0002221235045,"dmean2":0.000444296339992,"dvar":0.000222074173507,"dvar2":0.000444139906904,"max":1,"mean":0.02232093364,"median":0,"min":0,"var":0.0218223109841},"spectral_centroid":{"dmean":276.978637695,"dmean2":430.101928711,"dvar":90515.265625,"dvar2":194187.40625,"max":10813.4257812,"mean":1953.82226562,"median":2018.29663086,"min":183.318847656,"var":315043.15625},"spectral_complexity":{"dmean":3.70235443115,"dmean2":5.92558050156,"dvar":10.2649993896,"dvar2":24.6055736542,"max":57,"mean":29.8698501587,"median":31,"min":0,"var":100.989624023},"spectral_contrast_coeffs":{"dmean":[0.0566779375076,0.0478842407465,0.0371741652489,0.0278706196696,0.0203828010708,0.0151184909046],"dmean2":[0.0929327011108,0.0785787701607,0.0609553642571,0.04628059268,0.0346722714603,0.0245151855052],"dvar":[0.00216698413715,0.00155853654724,0.000897156074643,0.000483097159304,0.00025020565954,0.000149128580233],"dvar2":[0.0055802538991,0.00402112025768,0.00224783248268,0.00131560571026,0.000699429016095,0.00036920508137],"max":[-0.316230595112,-0.447348684072,-0.503477334976,-0.630065977573,-0.64412355423,-0.588722288609],"mean":[-0.67184728384,-0.744572758675,-0.790563046932,-0.787417531013,-0.774600744247,-0.745463848114],"median":[-0.678061783314,-0.755907714367,-0.804752469063,-0.788797497749,-0.772782623768,-0.744945049286],"min":[-0.957806110382,-0.956401705742,-0.982075631618,-0.965863883495,-0.964650511742,-0.957128465176],"var":[0.00601188186556,0.00563477072865,0.00418554153293,0.00179490249138,0.00109541078564,0.0012125663925]},"spectral_contrast_valleys":{"dmean":[0.440061956644,0.364751219749,0.298572450876,0.235743552446,0.168614953756,0.204927399755],"dmean2":[0.707784593105,0.600932300091,0.489248752594,0.387912929058,0.270264863968,0.271623164415],"dvar":[0.178362816572,0.124305948615,0.0841290131211,0.0618374124169,0.0424944460392,0.0664345100522],"dvar2":[0.37645059824,0.279146701097,0.173528537154,0.120818115771,0.0669439062476,0.0962031856179],"max":[-4.93550777435,-4.6593914032,-5.17057561874,-5.67772102356,-5.6392416954,-7.80512905121],"mean":[-7.01322937012,-6.75101518631,-7.20644140244,-7.15632343292,-6.83339834213,-9.77131462097],"median":[-6.87713909149,-6.6382021904,-7.07120037079,-7.00427675247,-6.64332151413,-9.64256381989],"min":[-27.4456520081,-27.3110237122,-27.5481510162,-26.9912910461,-27.0546474457,-27.3229312897],"var":[1.22665441036,1.10852456093,1.07626199722,1.11305642128,1.09015452862,0.946932017803]},"spectral_decrease":{"dmean":3.70305475172e-9,"dmean2":5.60199620026e-9,"dvar":3.23473279878e-17,"dvar2":6.43751260311e-17,"max":1.4378332904e-20,"mean":-8.09340150454e-9,"median":-5.96738036762e-9,"min":-4.99423862266e-8,"var":5.21779740134e-17},"spectral_energy":{"dmean":0.0142694059759,"dmean2":0.0215188488364,"dvar":0.000470522179967,"dvar2":0.00093435018789,"max":0.192542552948,"mean":0.0330063477159,"median":0.0250725504011,"min":1.04319325575e-20,"var":0.000781373702921},"spectral_energyband_high":{"dmean":0.000302886823192,"dmean2":0.000407627172535,"dvar":2.21292964397e-7,"dvar2":3.88348780689e-7,"max":0.012525556609,"mean":0.00100656156428,"median":0.000769913312979,"min":7.42133844003e-21,"var":7.78058449669e-7},"spectral_energyband_low":{"dmean":0.010960153304,"dmean2":0.0171330198646,"dvar":0.000355854775989,"dvar2":0.000712145410944,"max":0.157096907496,"mean":0.0153505960479,"median":0.00806885119528,"min":8.90955409792e-23,"var":0.000481103430502},"spectral_energyband_middle_high":{"dmean":0.00164959754329,"dmean2":0.00254720915109,"dvar":0.00000362726518688,"dvar2":0.0000080945328591,"max":0.0476719476283,"mean":0.00793340243399,"median":0.00648785522208,"min":1.29409791602e-21,"var":0.0000295788795484},"spectral_energyband_middle_low":{"dmean":0.00625398242846,"dmean2":0.0100714778528,"dvar":0.000093178183306,"dvar2":0.000227786236792,"max":0.112358979881,"mean":0.0110271368176,"median":0.00718094408512,"min":3.8937308428e-22,"var":0.000134319197969},"spectral_entropy":{"dmean":0.099076256156,"dmean2":0.151776731014,"dvar":0.0100894719362,"dvar2":0.021489713341,"max":9.80156803131,"mean":7.84592151642,"median":7.84698915482,"min":5.57853889465,"var":0.052796099335},"spectral_flux":{"dmean":0.0324189215899,"dmean2":0.0527668222785,"dvar":0.00160026468802,"dvar2":0.00354319531471,"max":0.372895091772,"mean":0.103719122708,"median":0.0897180885077,"min":1.02136833713e-10,"var":0.00326256500557},"spectral_kurtosis":{"dmean":1.04761767387,"dmean2":1.7771024704,"dvar":1.22747778893,"dvar2":3.63475775719,"max":17.0728359222,"mean":3.98187327385,"median":3.79748439789,"min":-1.20325040817,"var":2.77729129791},"spectral_rms":{"dmean":0.00107128953096,"dmean2":0.00158602464944,"dvar":0.00000182772680546,"dvar2":0.0000033934052226,"max":0.0137057062238,"mean":0.00524739734828,"median":0.00494580902159,"min":3.19021870553e-12,"var":0.00000466633218821},"spectral_rolloff":{"dmean":606.272094727,"dmean2":991.941223145,"dvar":722282.1875,"dvar2":1642855.25,"max":19853.6132812,"mean":2179.5546875,"median":2368.65234375,"min":64.599609375,"var":2091817.875},"spectral_skewness":{"dmean":0.142572626472,"dmean2":0.236478552222,"dvar":0.0172355473042,"dvar2":0.0467132627964,"max":2.86941814423,"mean":1.32597184181,"median":1.33188819885,"min":0.0352386273444,"var":0.0452852509916},"spectral_spread":{"dmean":358679.15625,"dmean2":501657.625,"dvar":238544306176,"dvar2":335477735424,"max":40602724,"mean":4205209,"median":3978422.75,"min":2019708,"var":1900346343420},"spectral_strongpeak":{"dmean":0.573347449303,"dmean2":1.01621246338,"dvar":0.944822371006,"dvar2":2.45815420151,"max":12.4946928024,"mean":0.781899929047,"median":0.329268574715,"min":0,"var":1.17073607445},"zerocrossingrate":{"dmean":0.0114369196817,"dmean2":0.0135894371197,"dvar":0.000135010312079,"dvar2":0.000201700226171,"max":0.49462890625,"mean":0.0778074115515,"median":0.07373046875,"min":0.00634765625,"var":0.00103903829586}},"metadata":{"audio_properties":{"analysis_sample_rate":44100,"bit_rate":194101,"codec":"mp3","downmix":"mix","equal_loudness":0,"length":209.057952881,"lossless":false,"md5_encoded":"9e12a45bcf33a0bb94384aad1a0a007d","replay_gain":-3.5382900238,"sample_rate":44100},"tags":{"acoustid_id":["8d7d5503-66e5-41f2-93a4-6d9b10fee55e"],"album":["The Weirdness"],"albumartist":["The Stooges"],"albumartistsort":["Stooges, The"],"artist":["The Stooges"],"artistsort":["Stooges, The"],"asin":["B000MTDRJU"],"barcode":["724386464828"],"catalognumber":["7243 8 64648 2 8"],"date":["2007-03-06"],"file_name":"10 - Mexican Guy.mp3","isrc":["USV120700164"],"label":["Virgin Records America"],"media":["CD"],"musicbrainz album release country":["US"],"musicbrainz album status":["official"],"musicbrainz album type":["album"],"musicbrainz_albumartistid":["794c6bf2-3241-416f-9b8f-24e2d84a1c4b"],"musicbrainz_albumid":["b5d99cd2-561f-4a02-944b-e7b8becd1f73"],"musicbrainz_artistid":["794c6bf2-3241-416f-9b8f-24e2d84a1c4b"],"musicbrainz_recordingid":["46d31ff5-6aaa-48e3-a10a-afd0de79437d"],"musicbrainz_releasegroupid":["1e0da02b-85f2-3566-8151-5eb45e9f80f4"],"originaldate":["2007"],"script":["Latn"],"title":["Mexican Guy"],"tracknumber":["10/12"]},"version":{"essentia":"2.1-beta2","essentia_build_sha":"70f2e5ece6736b2c40cc944ad0e695b16b925413","essentia_git_sha":"v2.1_beta2","extractor":"music 1.0"}},"rhythm":{"beats_count":347,"beats_loudness":{"dmean":0.0332585386932,"dmean2":0.05760743469,"dvar":0.000642243947368,"dvar2":0.00190059840679,"max":0.169990688562,"mean":0.0713724717498,"median":0.0737374424934,"min":3.86936171992e-8,"var":0.00106082204729},"beats_loudness_band_ratio":{"dmean":[0.183518543839,0.0699476599693,0.0723429694772,0.0584604293108,0.0536123886704,0.0281371027231],"dmean2":[0.305703103542,0.119158379734,0.125632911921,0.105097398162,0.0923335626721,0.0477443374693],"dvar":[0.0251377224922,0.00434127170593,0.006055414211,0