{"lowlevel":{"average_loudness":0.899799048901,"barkbands":{"dmean":[0.0000629863861832,0.00192817323841,0.00160505273379,0.00205776048824,0.00138123054057,0.000568531046156,0.000633648131043,0.000388706102967,0.000744423421565,0.000430270971265,0.000478783185827,0.000338376907166,0.000572198303416,0.000564966350794,0.000454595399788,0.000219208290218,0.00027706156834,0.000216831627768,0.000172297673998,0.000198328241822,0.00018208140682,0.00011850627925,0.0000705946949893,0.0000301826021314,0.0000167414673342,0.00000541614735994,7.80943310019e-7],"dmean2":[0.0000853671663208,0.0031937782187,0.00281197088771,0.00351339159533,0.00233805226162,0.000944853411056,0.00102556834463,0.000595489109401,0.00114151660819,0.000646642874926,0.000707034545485,0.000524015689734,0.000885992893018,0.000886510068085,0.000723506032955,0.000344056636095,0.000433847220847,0.000341409409884,0.000267814350082,0.0003221972147,0.000285135552986,0.000175625362317,0.000103270343971,0.0000426300175604,0.00002332690201,0.00000725429981685,0.00000103750630842],"dvar":[1.80084800405e-8,0.0000329229587805,0.0000209357804124,0.0000333005555149,0.0000108964268293,0.00000194195126824,0.00000250715584116,0.00000152305494794,0.00000443491990154,0.00000170151758994,0.00000151660583469,7.03164573679e-7,0.00000162751621247,0.00000318992078974,0.00000139347321237,2.43707518166e-7,2.89434325396e-7,2.58316816826e-7,1.46494969044e-7,1.42401930248e-7,1.39331987725e-7,7.40500922802e-8,3.19634416712e-8,6.61608634545e-9,2.13535988891e-9,2.71185796041e-10,3.06562544447e-12],"dvar2":[3.06989846877e-8,0.0000844146707095,0.0000602030668233,0.000090742498287,0.0000301150721498,0.00000492012895847,0.00000578822300668,0.00000324207030644,0.0000104316613943,0.00000323048720929,0.00000295451127386,0.00000161775005836,0.00000366674998986,0.00000805335730547,0.00000341126701642,5.21263928022e-7,6.69875248605e-7,5.87475653901e-7,3.4794859971e-7,3.59371739478e-7,3.13947879249e-7,1.56465347345e-7,7.00870330661e-8,1.38139775174e-8,4.59288118648e-9,5.52410839294e-10,6.87188110235e-12],"max":[0.00193571695127,0.091608658433,0.0655271112919,0.0731118917465,0.0498781017959,0.0273571126163,0.0308882016689,0.0438768416643,0.0463585481048,0.0463531687856,0.054791636765,0.0307499822229,0.0379399433732,0.0878548696637,0.0303340572864,0.0181019864976,0.0147207826376,0.0203774087131,0.0113443918526,0.00829467922449,0.00727417040616,0.00780802220106,0.00504446774721,0.00280298944563,0.00160461652558,0.000508308992721,0.0000810578130768],"mean":[0.000128774147015,0.00214157928713,0.00203422340564,0.00224484666251,0.00193207571283,0.000833282945678,0.000934028357733,0.00060439639492,0.0012838060502,0.000788508390542,0.000954897783231,0.000615658529568,0.00100056407973,0.000927930930629,0.000799953530077,0.000442399439635,0.000578194682021,0.000428322236985,0.000356699398253,0.000369200366549,0.000334162265062,0.000219532463234,0.000127881241497,0.0000565023474337,0.0000326549707097,0.0000108684034785,0.0000014446906107],"median":[0.0000853315723361,0.000539102358744,0.00085896573728,0.000771813560277,0.000913780648261,0.000361452810466,0.000312954507535,0.000228574674111,0.000380330078769,0.000266666553216,0.000356675009243,0.000291189877316,0.000419504271122,0.000315448880428,0.00033629022073,0.000238379550865,0.000358435558155,0.00020955799846,0.000231062993407,0.000228996097576,0.000183806871064,0.000107765081339,0.0000532271114935,0.0000223176939471,0.0000142220806083,0.00000498421468365,6.3427501118e-7],"min":[2.2398490558e-23,1.3939621846e-23,1.100188648e-23,8.30629611038e-25,3.04565847979e-23,1.89746212369e-23,7.66815082819e-23,5.40424435469e-23,6.23132967284e-23,9.66304752887e-23,4.06699890259e-23,8.61180202024e-23,7.17507679037e-23,4.13210517082e-23,1.78939313372e-22,7.6246069684e-23,2.07489590549e-22,1.72594473557e-22,3.1143622693e-22,3.85094984306e-22,4.49976458732e-22,5.31979471219e-22,7.18042602462e-22,9.76573046056e-22,1.09083484026e-21,1.81856849165e-21,2.55637643955e-21],"var":[3.01711686745e-8,0.0000316785335599,0.0000149545376189,0.0000265741018666,0.0000117531581054,0.00000268272810899,0.00000436553727923,0.00000265678295364,0.0000101259265648,0.00000563569938095,0.00000662093589199,0.00000140600127452,0.0000033404937767,0.00000490359116156,0.00000268552298621,5.72942610688e-7,6.95455412369e-7,6.12228575392e-7,2.75913890846e-7,2.20330093725e-7,2.23490701501e-7,1.26855397298e-7,5.28381356446e-8,1.26922028443e-8,4.18277190661e-9,5.28830812474e-10,5.57943014706e-12]},"barkbands_crest":{"dmean":2.23473906517,"dmean2":3.58040714264,"dvar":4.82855510712,"dvar2":12.0838279724,"max":25.8723564148,"mean":8.02267742157,"median":7.13043212891,"min":1.90897917747,"var":14.1367254257},"barkbands_flatness_db":{"dmean":0.0150725450367,"dmean2":0.0234860442579,"dvar":0.00025253862259,"dvar2":0.0006077127764,"max":0.339183717966,"mean":0.100377306342,"median":0.0879200845957,"min":0.018343558535,"var":0.00219770777039},"barkbands_kurtosis":{"dmean":1.33421862125,"dmean2":2.16233730316,"dvar":11.2537412643,"dvar2":28.3284416199,"max":119.55796051,"mean":1.68204200268,"median":-0.181817770004,"min":-1.97600877285,"var":66.9864578247},"barkbands_skewness":{"dmean":0.410784810781,"dmean2":0.638403117657,"dvar":0.222352534533,"dvar2":0.528008103371,"max":10.866859436,"mean":0.761958122253,"median":0.6871124506,"min":-8.77497959137,"var":1.43723297119},"barkbands_spread":{"dmean":5.10851478577,"dmean2":7.90200233459,"dvar":34.4263801575,"dvar2":80.4137649536,"max":148.559753418,"mean":27.3033390045,"median":26.8749256134,"min":1.85168731213,"var":166.94732666},"dissonance":{"dmean":0.0131668737158,"dmean2":0.0222258213907,"dvar":0.000186234974535,"dvar2":0.000504132302012,"max":0.500000059605,"mean":0.473012238741,"median":0.481041610241,"min":0.302466779947,"var":0.000664201099426},"dynamic_complexity":4.24022054672,"erbbands":{"dmean":[0.0447898358107,0.499652683735,1.67747163773,4.36754274368,6.19544363022,4.62020349503,3.7941327095,5.12388849258,8.46633148193,9.24955940247,8.48856639862,19.1113052368,11.6719732285,13.7619905472,21.7177581787,12.6369285583,25.1536254883,25.1988449097,28.4650611877,14.7736968994,10.2718706131,13.6310176849,12.5194950104,8.22130393982,8.55948734283,9.26346302032,8.81157779694,6.52505493164,4.49354410172,3.02619051933,1.83959031105,0.843109965324,0.418546766043,0.234568208456,0.0959530472755,0.0317233800888,0.00898498576134,0.00154387566727,0.00013246096205,0.0000121929142551],"dmean2":[0.0669205114245,0.857755184174,2.9264998436,7.45681142807,10.7833452225,7.68736505508,6.21027946472,8.59221839905,14.058552742,14.135093689,13.0286579132,29.0563716888,17.5865478516,20.5203132629,31.7512741089,19.4213752747,38.783870697,38.940826416,44.9155693054,22.7507343292,15.8917007446,20.9340000153,19.3173217773,13.0265836716,13.2874994278,14.960770607,14.3026170731,9.89395046234,6.69096517563,4.42985630035,2.70042347908,1.2064999342,0.589139759541,0.330741763115,0.135836899281,0.0440057516098,0.0122028682381,0.0020665070042,0.000171438892721,0.0000162359538081],"dvar":[0.0163438785821,2.36151742935,24.315908432,116.084541321,345.310943604,100.71257782,85.5799636841,162.641265869,495.750915527,648.707946777,806.03302002,3334.62207031,1376.93493652,1832.45532227,3109.41503906,1134.00195312,3037.27978516,5605.41064453,6409.48095703,1171.64196777,407.927612305,750.385559082,866.367370605,398.464172363,306.049499512,287.043884277,394.484313965,188.43661499,104.550003052,56.2502212524,24.7010612488,5.66567707062,1.1768425703,0.391147464514,0.0905925482512,0.0109694302082,0.000650607049465,0.0000148829512909,8.2935180501e-8,3.71742747696e-10],"dvar2":[0.0330377183855,6.35374546051,68.898475647,315.950164795,966.583435059,261.094360352,203.154052734,420.393371582,1242.28125,1345.72302246,1839.06665039,7677.98339844,2823.02783203,3324.13305664,5898.421875,2697.98974609,6798.09960938,14026.8759766,16329.9570312,2542.35498047,822.98059082,1622.28979492,1882.12976074,925.725036621,687.215454102,707.215393066,1002.05621338,401.374176025,222.242553711,121.376670837,55.4381103516,12.507358551,2.40578627586,0.84998935461,0.197684243321,0.0229073073715,0.0013127020793,0.0000336070406775,1.81368747576e-7,7.78284936498e-10],"max":[2.2249853611,21.6722259521,62.6815261841,126.185279846,260.465148926,307.89541626,215.374786377,300.600402832,452.106048584,742.705749512,1189.75,1413.55480957,1854.01013184,1911.53149414,2625.3996582,1534.58227539,1668.38562012,2690.34887695,2518.57373047,978.111450195,1097.32873535,1021.53979492,1422.70117188,725.959228516,472.678375244,325.816589355,310.258026123,242.66217041,223.170852661,253.812774658,164.233459473,107.861366272,30.7032737732,28.7856388092,8.49221897125,3.10049581528,0.840822398663,0.173262611032,0.013004431501,0.000484872754896],"mean":[0.0561245493591,0.517574846745,2.09491014481,5.17495441437,7.03824615479,6.78104972839,5.79547214508,7.39090394974,11.8215560913,15.0034341812,14.5510530472,32.6009178162,22.3611469269,27.7035388947,44.8293838501,25.6490802765,46.6477737427,46.6433944702,50.9882202148,31.7983875275,24.1597576141,31.3265686035,27.0645389557,16.9629554749,18.1625423431,17.6149940491,14.7914562225,12.6251926422,8.16796588898,5.68209218979,3.29232859612,1.54079020023,0.7870054245,0.447580933571,0.185047745705,0.0619620382786,0.0178960394114,0.00302177201957,0.000260404776782,0.0000349352085323],"median":[0.0108146760613,0.148976117373,0.838845551014,2.34745764732,2.9059677124,3.0084271431,2.56311845779,3.31319355965,4.44365119934,5.2583322525,5.83986568451,9.73078346252,8.41223335266,10.9290437698,17.3117675781,13.3117208481,21.6588382721,19.33618927,19.9820423126,15.6654014587,15.4385623932,19.6886024475,14.2255687714,10.0613517761,11.8950233459,10.9103927612,7.76589918137,7.22922325134,3.97728276253,2.4846162796,1.34709954262,0.604368031025,0.31285148859,0.195224255323,0.0789137482643,0.0265742614865,0.00842629000545,0.0014299841132,0.000123101897771,0.0000270405289484],"min":[5.62393706808e-22,3.14254921607e-21,1.29075451903e-20,6.3439199402e-21,1.23968370947e-20,1.17345547757e-19,1.69013174597e-19,1.7663698811e-19,4.95099701561e-19,1.59626915787e-18,1.21705720163e-18,1.18559145792e-18,3.07883861823e-18,2.15374339579e-18,2.41277272987e-18,3.18436308295e-18,3.14130316218e-18,2.34072323056e-18,5.18919804525e-18,8.14833866576e-18,4.96106411385e-18,1.29241685027e-17,8.84885393829e-18,1.33951229573e-17,1.41417279064e-17,1.8517129535e-17,1.94739690542e-17,1.87520025068e-17,1.58665202519e-17,2.5835461112e-17,1.60871839152e-17,1.91177470321e-17,1.51970680929e-17,1.12963746645e-17,8.92653364244e-18,7.080915852e-18,3.1941610373e-18,1.38004042343e-18,3.43851484314e-19,3.51164407164e-20],"var":[0.0227126721293,1.90222120285,17.4693756104,94.7202682495,257.783416748,164.765289307,147.863021851,207.309539795,713.746154785,1370.31201172,1309.40600586,7338.57226562,3899.86767578,6715.13134766,13485.0449219,2227.92358398,6504.50048828,9807.16699219,11742.0595703,3050.16992188,1172.41967773,2015.88134766,2208.16430664,777.358215332,650.799072266,491.448913574,491.918792725,318.451293945,174.615615845,98.2111053467,38.4281425476,9.61498069763,2.38545393944,0.717524290085,0.176311358809,0.0208742376417,0.00125799293164,0.0000266336119239,1.61685505873e-7,9.98164662036e-10]},"erbbands_crest":{"dmean":2.35153985023,"dmean2":3.74592089653,"dvar":5.3616604805,"dvar2":13.0262622833,"max":29.4521903992,"mean":8.25407600403,"median":7.22397470474,"min":2.3189997673,"var":15.723690033},"erbbands_flatness_db":{"dmean":0.0139437001199,"dmean2":0.0195251312107,"dvar":0.000186242657946,"dvar2":0.000350350106601,"max":0.314594775438,"mean":0.156194970012,"median":0.152566626668,"min":0.0177881661803,"var":0.00132910336833},"erbbands_kurtosis":{"dmean":0.638603568077,"dmean2":1.00206160545,"dvar":0.707402050495,"dvar2":1.74292159081,"max":18.7208614349,"mean":0.282727211714,"median":-0.0517053604126,"min":-1.87079262733,"var":2.23040628433},"erbbands_skewness":{"dmean":0.271238207817,"dmean2":0.416270047426,"dvar":0.0650727599859,"dvar2":0.151899620891,"max":2.79178094864,"mean":0.00900065898895,"median":-0.0314136967063,"min":-3.47722911835,"var":0.402938753366},"erbbands_spread":{"dmean":6.82434511185,"dmean2":10.402677536,"dvar":67.3358383179,"dvar2":157.198928833,"max":168.668945312,"mean":34.5001945496,"median":31.4527435303,"min":4.78545618057,"var":243.089950562},"gfcc":{"cov":[[19548.7714844,-75.4061203003,-1900.28735352,802.331542969,-586.332519531,694.877319336,-524.462158203,-61.3362770081,-524.909423828,109.095870972,-232.809265137,184.949981689,-121.579803467],[-75.4061203003,1500.84814453,-239.341049194,-82.1964569092,73.3368453979,-243.644943237,122.279907227,-48.1180381775,115.266021729,-124.431259155,22.5091838837,-134.725143433,-8.14517307281],[-1900.28735352,-239.341049194,730.414733887,50.0588951111,48.3066940308,18.9292564392,-13.4193029404,48.6864204407,18.9466133118,39.7017097473,6.61287689209,0.564993202686,4.44725227356],[802.331542969,-82.1964569092,50.0588951111,279.311431885,-23.3897724152,44.0801544189,-17.8695812225,-24.2802276611,-18.9956626892,8.99386310577,-13.0295581818,-1.04154062271,3.51188468933],[-586.332519531,73.3368453979,48.3066940308,-23.3897724152,239.584640503,34.7786178589,85.0677337646,39.7171974182,32.4075508118,10.2607879639,10.7729063034,20.4578266144,13.4881076813],[694.877319336,-243.644943237,18.9292564392,44.0801544189,34.7786178589,184.544281006,15.6059379578,34.3579101562,-33.2041091919,29.5825271606,-4.64424467087,37.6118125916,5.9267988205],[-524.462158203,122.279907227,-13.4193029404,-17.8695812225,85.0677337646,15.6059379578,174.05355835,39.3572425842,32.2630157471,-13.1613759995,-2.27827501297,-2.08866262436,-0.670127332211],[-61.3362770081,-48.1180381775,48.6864204407,-24.2802276611,39.7171974182,34.3579101562,39.3572425842,102.865585327,34.5871582031,13.6721191406,-0.595799863338,8.07150173187,1.22116243839],[-524.909423828,115.266021729,18.9466133118,-18.9956626892,32.4075508118,-33.2041091919,32.2630157471,34.5871582031,105.020820618,14.0147314072,6.83813381195,-23.5992450714,1.49718058109],[109.095870972,-124.431259155,39.7017097473,8.99386310577,10.2607879639,29.5825271606,-13.1613759995,13.6721191406,14.0147314072,78.5366973877,19.3470935822,15.2356681824,-3.13527703285],[-232.809265137,22.5091838837,6.61287689209,-13.0295581818,10.7729063034,-4.64424467087,-2.27827501297,-0.595799863338,6.83813381195,19.3470935822,74.6662368774,20.4551906586,6.11902046204],[184.949981689,-134.725143433,0.564993202686,-1.04154062271,20.4578266144,37.6118125916,-2.08866262436,8.07150173187,-23.5992450714,15.2356681824,20.4551906586,82.3137435913,23.106918335],[-121.579803467,-8.14517307281,4.44725227356,3.51188468933,13.4881076813,5.9267988205,-0.670127332211,1.22116243839,1.49718058109,-3.13527703285,6.11902046204,23.106918335,55.8118286133]],"icov":[[0.000293181976303,-0.000489355006721,0.000748642429244,-0.000783346884418,0.000484993710415,-0.00107465067413,0.00100789975841,-0.000956314092036,0.00107557920273,-0.00104077660944,0.00112107058521,-0.000982353230938,0.000783300201874],[-0.000489355006721,0.00213440135121,-0.000900056038518,0.00128463492729,-0.00134294002783,0.00285717169754,-0.00226403959095,0.00204418762587,-0.00254609575495,0.00321298348717,-0.00290009286255,0.00322622223757,-0.00158335152082],[0.000748642429244,-0.000900056038518,0.00351049029268,-0.00235709827393,0.000735230918508,-0.00226241443306,0.00277566816658,-0.00317719741724,0.0027145287022,-0.00288953096606,0.00254183635116,-0.00178887823131,0.00176028511487],[-0.000783346884418,0.00128463492729,-0.00235709827393,0.00614217296243,-0.000873768993188,0.00155592651572,-0.00270442664623,0.00401326827705,-0.00297646620311,0.00241105887108,-0.00234141759574,0.0030023495201,-0.00256298948079],[0.000484993710415,-0.00134294002783,0.000735230918508,-0.000873768993188,0.00664273649454,-0.00305575225502,-0.000522055139299,-0.00191799225286,0.000829667609651,-0.00250037154183,0.00195676833391,-0.00334293651395,0.000618523685262],[-0.00107465067413,0.00285717169754,-0.00226241443306,0.00155592651572,-0.00305575225502,0.0128955021501,-0.00479126907885,0.000641862396151,-0.000831290788483,0.00193526945077,-0.0036260781344,0.00303151574917,-0.00327067635953],[0.00100789975841,-0.00226403959095,0.00277566816658,-0.00270442664623,-0.000522055139299,-0.00479126907885,0.0116332098842,-0.00532285775989,0.00239482172765,-0.00189154234249,0.0042453110218,-0.00394502514973,0.00370264286175],[-0.000956314092036,0.00204418762587,-0.00317719741724,0.00401326827705,-0.00191799225286,0.000641862396151,-0.00532285775989,0.0174886453897,-0.00889984797686,0.00362344272435,-0.00281430059113,0.00190332892817,-0.00187261844985],[0.00107557920273,-0.00254609575495,0.0027145287022,-0.00297646620311,0.000829667609651,-0.000831290788483,0.00239482172765,-0.00889984797686,0.0194527097046,-0.00885784719139,0.00347961089574,0.000719062751159,0.00035507188295],[-0.00104077660944,0.00321298348717,-0.00288953096606,0.00241105887108,-0.00250037154183,0.00193526945077,-0.00189154234249,0.00362344272435,-0.00885784719139,0.0223587807268,-0.00874556601048,0.00247550546192,0.0000045637493713],[0.00112107058521,-0.00290009286255,0.00254183635116,-0.00234141759574,0.00195676833391,-0.0036260781344,0.0042453110218,-0.00281430059113,0.00347961089574,-0.00874556601048,0.0209478940815,-0.00916184205562,0.0029002437368],[-0.000982353230938,0.00322622223757,-0.00178887823131,0.0030023495201,-0.00334293651395,0.00303151574917,-0.00394502514973,0.00190332892817,0.000719062751159,0.00247550546192,-0.00916184205562,0.0236764363945,-0.00999667774886],[0.000783300201874,-0.00158335152082,0.00176028511487,-0.00256298948079,0.000618523685262,-0.00327067635953,0.00370264286175,-0.00187261844985,0.00035507188295,0.0000045637493713,0.0029002437368,-0.00999667774886,0.0235084164888]],"mean":[-20.3099746704,86.4025039673,-134.543914795,36.0729141235,-54.2973098755,11.8655338287,-30.354757309,0.219674438238,-24.0826625824,0.251878648996,-20.357875824,-4.12715864182,-14.1027088165]},"hfc":{"dmean":5.94809341431,"dmean2":8.34684848785,"dvar":86.1105575562,"dvar2":167.512390137,"max":177.476882935,"mean":20.836523056,"median":16.4685440063,"min":1.18930162353e-16,"var":339.671661377},"melbands":{"dmean":[0.000464746844955,0.000776500673965,0.000847536313813,0.000358981138561,0.00014431681484,0.000115692695545,0.000127451043227,0.0000978896714514,0.0000785086594988,0.000118068797747,0.0000579204788664,0.0000569292897126,0.0000690055239829,0.0000440012663603,0.0000415461618104,0.0000604439264862,0.0000510998543177,0.0000511459402333,0.0000276777882391,0.0000183225984074,0.0000127871817313,0.000015336987417,0.0000177108177013,0.00000866707523528,0.00000723036464478,0.0000066852121563,0.0000061073174038,0.00000678920332575,0.00000653870029055,0.00000451762707598,0.00000376627963306,0.00000281782217826,0.00000211113547266,0.00000166650090705,0.00000122910853406,7.18218132079e-7,4.7304246209e-7,3.13309072908e-7,2.5521273983e-7,1.87110217098e-7],"dmean2":[0.000740208197385,0.00133244495373,0.00145440967754,0.000607931287959,0.000236206760746,0.000193983694771,0.000209881545743,0.000149041239638,0.000121714867419,0.000179883354576,0.0000874097750057,0.0000850944416015,0.000101791833004,0.0000656732154312,0.0000636247496004,0.0000927872097236,0.0000798891778686,0.0000807420292404,0.0000429790125054,0.0000284734323941,0.000020162175133,0.0000240367771767,0.0000275268848782,0.0000136522803587,0.0000116751380119,0.0000104625496533,0.00000966824154602,0.0000111276367534,0.0000109009333755,0.00000710451922714,0.0000057531656239,0.00000430241470895,0.00000318507932207,0.00000248678225034,0.00000185563806099,0.00000105032677311,6.96460290328e-7,4.57228594541e-7,3.63387073321e-7,2.72468838602e-7],"dvar":[0.00000182210828825,0.00000511698044647,0.00000499297721035,7.97522829998e-7,9.58392263328e-8,8.02393955723e-8,1.06736742111e-7,7.13695200716e-8,6.4751397133e-8,1.26016701074e-7,3.45079413933e-8,3.29907727803e-8,3.11679642095e-8,1.11684261839e-8,8.77970407487e-9,2.02348484635e-8,2.75446989662e-8,2.38663719898e-8,5.07155961671e-9,1.75568659611e-9,5.90708926218e-10,1.01483199622e-9,1.44885037301e-9,5.1385912192e-10,3.26717319865e-10,2.30524627165e-10,1.51667539638e-10,1.64390251411e-10,2.32118740895e-10,8.16926040703e-11,6.59709786799e-11,3.99793219363e-11,2.86962346246e-11,1.66283844333e-11,1.16093185412e-11,3.92421989001e-12,1.8178206336e-12,7.13902895133e-13,4.09164455789e-13,2.60338408817e-13],"dvar2":[0.00000435149604527,0.0000140297015605,0.0000137198385346,0.0000021917965114,2.3429852547e-7,2.07168142197e-7,2.61306581706e-7,1.48888560147e-7,1.54025016741e-7,2.89670254006e-7,7.05260418954e-8,6.04632504064e-8,6.11352319879e-8,2.34699299995e-8,1.90883380213e-8,4.55396111931e-8,6.97597428712e-8,6.10410637591e-8,1.14180869204e-8,3.65667474078e-9,1.26787513821e-9,2.27072693981e-9,3.19502424517e-9,1.15053322425e-9,7.76017639037e-10,5.41752642746e-10,3.68733432676e-10,4.16229190003e-10,6.14038597746e-10,1.86216500553e-10,1.43127509844e-10,8.71946612135e-11,6.42241537729e-11,3.68942862372e-11,2.71098369448e-11,8.85105530535e-12,4.05053334623e-12,1.50836407167e-12,8.64288946401e-13,5.82021681284e-13],"max":[0.0239053815603,0.0260601267219,0.0269898101687,0.0119459368289,0.00726740574464,0.00641991104931,0.00705291191116,0.00940454285592,0.00919276662171,0.00826831534505,0.00895612128079,0.00777575327083,0.00764860119671,0.00352789601311,0.0027965886984,0.00504208821803,0.00603552768007,0.00628462433815,0.00264685321599,0.00144640391227,0.00108153931797,0.00125368696172,0.00164523872081,0.000920470280107,0.000648654415272,0.00051104312297,0.000349788053427,0.000296892161714,0.000263571360847,0.000182412040886,0.000139025345561,0.000131025371957,0.000213283186895,0.0001086381817,0.000100908277091,0.00008598183922,0.0000573690849706,0.0000260024171439,0.000026707752113,0.0000214934407268],"mean":[0.000546976458281,0.000962363264989,0.000999531592242,0.000486726028612,0.000230360936257,0.000168184473296,0.000182462244993,0.000156942987815,0.000131909779157,0.000200385300559,0.000105620536488,0.00010703461885,0.000140388423461,0.0000851612931001,0.0000746484802221,0.000104904262116,0.0000850729484227,0.0000855885518831,0.0000511051839567,0.0000360097583325,0.0000267797895503,0.0000316754085361,0.0000343694409821,0.0000168323822436,0.0000132132145154,0.0000132052709887,0.0000120471559057,0.0000117463732749,0.00000986543454928,0.00000791869570094,0.00000695638846082,0.00000478449283037,0.00000370164661945,0.00000295652466775,0.00000207943935493,0.00000121093239613,8.27198107345e-7,5.56442898869e-7,4.60210799247e-7,3.45851788097e-7],"median":[0.0001306553022,0.0003892655659,0.000450755294878,0.000232914317166,0.000104673745227,0.0000735378853278,0.0000662068341626,0.0000560740481887,0.0000464749973617,0.0000580745982006,0.0000357517928933,0.0000378571749025,0.0000539863831364,0.0000373056464014,0.0000346175365848,0.0000428994680988,0.0000305003522953,0.0000313030323014,0.000022827021894,0.0000173256539711,0.0000171349201992,0.000019724448066,0.0000173786611413,0.00000784354051575,0.00000743928740121,0.00000822690162749,0.00000775392254582,0.00000683077814756,0.00000483818257635,0.00000430906447946,0.00000387346335629,0.00000224833365792,0.00000164696825777,0.00000124916334698,8.55183202475e-7,4.42415569069e-7,3.23906192534e-7,2.09430595532e-7,1.9009419816e-7,1.50027275936e-7],"min":[7.11825719041e-24,5.91385552032e-24,1.05993214909e-24,4.1800603408e-24,6.89464036733e-24,3.82526226006e-24,1.03388559889e-23,1.74861164393e-23,8.31025047289e-24,8.79284086482e-24,1.6054086194e-23,9.04682804389e-24,6.51822039804e-24,9.52778786033e-24,8.60386134636e-24,5.92012893667e-24,4.12842111151e-24,5.57955914566e-24,1.75021050722e-23,5.50845004037e-24,4.64622704311e-24,1.42530126178e-23,1.0146935597e-23,6.50527834603e-24,1.09634066339e-23,1.42897025385e-23,6.73424127947e-24,1.40647036311e-23,1.35020470127e-23,1.07294281228e-23,1.086651006e-23,9.16242535436e-24,9.81754435943e-24,1.75331451711e-23,1.00308255269e-23,8.36439236339e-24,1.33967088383e-23,1.00892359438e-23,1.19765067734e-23,8.40108780612e-24],"var":[0.00000205281276067,0.000003976851076,0.00000393005439037,7.83439134011e-7,1.84183036822e-7,1.06586867332e-7,1.63931005659e-7,1.48852052462e-7,1.1006948597e-7,2.78276814925e-7,9.69901634562e-8,1.19236133855e-7,1.38753705414e-7,2.88052728337e-8,2.01259364729e-8,3.92010655048e-8,4.35614069261e-8,3.96233836852e-8,1.06413837742e-8,4.36879910026e-9,1.43435718858e-9,2.30063945672e-9,3.42097794537e-9,1.16640264114e-9,5.62289215189e-10,4.37465258463e-10,2.6500646122e-10,2.571843849e-10,2.57325355468e-10,1.28437260827e-10,1.0545920387e-10,6.33470359501e-11,4.58826969474e-11,2.745690654e-11,1.63696348143e-11,6.20811301671e-12,3.01864110965e-12,1.33597202311e-12,7.6690162467e-13,4.56211023819e-13]},"melbands_crest":{"dmean":3.21773791313,"dmean2":5.1403503418,"dvar":9.86522388458,"dvar2":24.5754375458,"max":35.6346168518,"mean":12.2950553894,"median":11.4188022614,"min":1.85642576218,"var":25.9455814362},"melbands_flatness_db":{"dmean":0.0205295868218,"dmean2":0.0318933390081,"dvar":0.000490209902637,"dvar2":0.00116550747771,"max":0.448424339294,"mean":0.15549813211,"median":0.141919031739,"min":0.008006519638,"var":0.00391464633867},"melbands_kurtosis":{"dmean":3.87414765358,"dmean2":6.28300714493,"dvar":161.879684448,"dvar2":377.148162842,"max":658.469421387,"mean":5.98310470581,"median":2.73401379585,"min":-1.83867824078,"var":251.356796265},"melbands_skewness":{"dmean":0.590856194496,"dmean2":0.911945462227,"dvar":0.566782772541,"dvar2":1.30041801929,"max":22.1419448853,"mean":1.8306735754,"median":1.61111807823,"min":-1.31651806831,"var":1.79452776909},"melbands_spread":{"dmean":8.1806974411,"dmean2":12.8558340073,"dvar":99.0625610352,"dvar2":231.305603027,"max":231.091690063,"mean":35.2920074463,"median":33.8230667114,"min":1.06822419167,"var":491.577819824},"mfcc":{"cov":[[12125.0292969,-867.676025391,-1013.73547363,126.182350159,-174.962173462,582.918640137,17.6815910339,74.3629379272,-176.374572754,-160.719818115,-23.8692150116,-78.8384017944,-35.0136947632],[-867.676025391,1089.84289551,-84.5731201172,13.8084583282,49.3942642212,-126.913970947,24.0545101166,16.9037857056,48.4500541687,32.8203849792,31.4620552063,24.65442276,-1.32464683056],[-1013.73547363,-84.5731201172,565.442199707,63.8354415894,63.6343307495,-33.794670105,-16.1560401917,-41.5925140381,7.56351423264,14.3035640717,-15.9663763046,18.7007064819,-0.358531981707],[126.182350159,13.8084583282,63.8354415894,202.631240845,23.7401504517,30.7435588837,0.503688752651,-2.13569879532,7.80139064789,6.15683269501,-8.55506896973,-3.30609059334,14.832151413],[-174.962173462,49.3942642212,63.6343307495,23.7401504517,147.692352295,15.2751140594,9.60807132721,3.76000499725,17.3238830566,18.1341362,2.02375102043,4.13880634308,6.19559574127],[582.918640137,-126.913970947,-33.794670105,30.7435588837,15.2751140594,144.075012207,46.9068946838,17.9996299744,4.83552265167,-5.43527889252,-2.24215340614,-4.74605894089,8.39974975586],[17.6815910339,24.0545101166,-16.1560401917,0.503688752651,9.60807132721,46.9068946838,118.443511963,48.8174858093,20.557472229,-3.33223080635,7.23544073105,14.0552139282,10.6234273911],[74.3629379272,16.9037857056,-41.5925140381,-2.13569879532,3.76000499725,17.9996299744,48.8174858093,101.197303772,41.5834159851,6.55705881119,7.80406618118,1.1893235445,9.1336889267],[-176.374572754,48.4500541687,7.56351423264,7.80139064789,17.3238830566,4.83552265167,20.557472229,41.5834159851,96.3149414062,40.4618453979,7.08613967896,-1.01369404793,1.30638515949],[-160.719818115,32.8203849792,14.3035640717,6.15683269501,18.1341362,-5.43527889252,-3.33223080635,6.55705881119,40.4618453979,79.0511703491,28.6757049561,5.93860006332,-6.9130730629],[-23.8692150116,31.4620552063,-15.9663763046,-8.55506896973,2.02375102043,-2.24215340614,7.23544073105,7.80406618118,7.08613967896,28.6757049561,69.3608551025,26.0803852081,-2.63583350182],[-78.8384017944,24.65442276,18.7007064819,-3.30609059334,4.13880634308,-4.74605894089,14.0552139282,1.1893235445,-1.01369404793,5.93860006332,26.0803852081,61.0172424316,19.1766853333],[-35.0136947632,-1.32464683056,-0.358531981707,14.832151413,6.19559574127,8.39974975586,10.6234273911,9.1336889267,1.30638515949,-6.9130730629,-2.63583350182,19.1766853333,63.0792312622]],"icov":[[0.000135744543513,0.0000528277123522,0.000220210509724,-0.000116699528007,0.0000662613747409,-0.000499879999552,0.000211817197851,-0.00013672526984,0.000187852390809,0.000118982192362,0.00000101789316886,-0.0000751683328417,0.000181374445674],[0.0000528277123522,0.00121678260621,0.000463843258331,-0.000404780701501,-0.000528232834768,0.00128105608746,-0.000634265365079,0.000233069775277,-0.000477750902064,0.0000886194684426,-0.000254402839346,-0.000281652493868,0.000201657196158],[0.000220210509724,0.000463843258331,0.00257869507186,-0.00094179273583,-0.000877872051205,0.000274955556961,-0.0000658947537886,0.000791885249782,-0.000216969201574,-0.0000151270942297,0.000819512119051,-0.00124534696806,0.000729801889975],[-0.000116699528007,-0.000404780701501,-0.00094179273583,0.00574845448136,-0.000275974132819,-0.00137254968286,0.000501984963194,0.00011187990458,-0.000172033396666,-0.000645553634968,0.000468152866233,0.000770722923335,-0.00160308892373],[0.0000662613747409,-0.000528232834768,-0.000877872051205,-0.000275974132819,0.00784469489008,-0.00173667934723,0.000121439756185,-0.000155852947501,-0.000219753768761,-0.00142533821054,0.000315420533298,0.0000516432410222,-0.000605713459663],[-0.000499879999552,0.00128105608746,0.000274955556961,-0.00137254968286,-0.00173667934723,0.012331334874,-0.00524031510577,0.00121229141951,-0.00109686970245,-0.0000457578353235,-0.000470549013698,0.00148526427802,-0.00114424875937],[0.000211817197851,-0.000634265365079,-0.0000658947537886,0.000501984963194,0.000121439756185,-0.00524031510577,0.0133137907833,-0.0055439886637,-0.00029582582647,0.00173098570667,-0.0000517636945006,-0.00306048314087,0.000356337201083],[-0.00013672526984,0.000233069775277,0.000791885249782,0.00011187990458,-0.000155852947501,0.00121229141951,-0.0055439886637,0.0156305413693,-0.00663712946698,0.0018561091274,-0.00187004893087,0.00164580601268,-0.00180610781536],[0.000187852390809,-0.000477750902064,-0.000216969201574,-0.000172033396666,-0.000219753768761,-0.00109686970245,-0.00029582582647,-0.00663712946698,0.0175508018583,-0.00882304273546,0.00253403768875,0.000729428953491,-0.000134334055474],[0.000118982192362,0.0000886194684426,-0.0000151270942297,-0.000645553634968,-0.00142533821054,-0.0000457578353235,0.00173098570667,0.0018561091274,-0.00882304273546,0.0207754783332,-0.00826320704073,0.000559221953154,0.00174970761873],[0.00000101789316886,-0.000254402839346,0.000819512119051,0.000468152866233,0.000315420533298,-0.000470549013698,-0.0000517636945006,-0.00187004893087,0.00253403768875,-0.00826320704073,0.0218508541584,-0.00958990305662,0.00307138427161],[-0.0000751683328417,-0.000281652493868,-0.00124534696806,0.000770722923335,0.0000516432410222,0.00148526427802,-0.00306048314087,0.00164580601268,0.000729428953491,0.000559221953154,-0.00958990305662,0.0241391323507,-0.00785474292934],[0.000181374445674,0.000201657196158,0.000729801889975,-0.00160308892373,-0.000605713459663,-0.00114424875937,0.000356337201083,-0.00180610781536,-0.000134334055474,0.00174970761873,0.00307138427161,-0.00785474292934,0.0194632466882]],"mean":[-648.680969238,110.711715698,-16.5984287262,24.7872676849,-2.55337905884,12.5974998474,-0.0373244024813,1.25816988945,0.415491640568,-0.168362185359,-1.91882622242,-1.01194477081,-3.42112350464]},"pitch_salience":{"dmean":0.064297452569,"dmean2":0.104224346578,"dvar":0.00378220994025,"dvar2":0.00986707117409,"max":0.894169092178,"mean":0.597865402699,"median":0.607413351536,"min":0.0854262560606,"var":0.00975192897022},"silence_rate_20dB":{"dmean":0,"dmean2":0,"dvar":0,"dvar2":0,"max":1,"mean":1,"median":1,"min":1,"var":0},"silence_rate_30dB":{"dmean":0,"dmean2":0,"dvar":0,"dvar2":0,"max":1,"mean":1,"median":1,"min":1,"var":0},"silence_rate_60dB":{"dmean":0.00950495060533,"dmean2":0.0190114062279,"dvar":0.00941576622427,"dvar2":0.0208682864904,"max":1,"mean":0.147711068392,"median":0,"min":0,"var":0.125903487206},"spectral_centroid":{"dmean":242.330276489,"dmean2":386.459350586,"dvar":76789.0859375,"dvar2":190513.515625,"max":10984.3300781,"mean":1746.86975098,"median":1770.97265625,"min":260.604003906,"var":483278.90625},"spectral_complexity":{"dmean":3.9561188221,"dmean2":5.86612796783,"dvar":19.6331310272,"dvar2":38.4275131226,"max":58,"mean":23.0483913422,"median":24,"min":0,"var":145.888534546},"spectral_contrast_coeffs":{"dmean":[0.0516485646367,0.0443925634027,0.0361020378768,0.0286373142153,0.0201718602329,0.01741832681],"dmean2":[0.0847903564572,0.0730828568339,0.0574937984347,0.0459366478026,0.0326058454812,0.0272338874638],"dvar":[0.00220912205987,0.00137064792216,0.000854110636283,0.000558413157705,0.00028461223701,0.000261058739852],"dvar2":[0.00570298079401,0.00359020940959,0.00213133194484,0.00138942373451,0.000698303745594,0.000590715440921],"max":[-0.28585922718,-0.414648145437,-0.48434472084,-0.579626917839,-0.623580336571,-0.55308932066],"mean":[-0.634791016579,-0.750459730625,-0.764416158199,-0.77722132206,-0.795205354691,-0.723295032978],"median":[-0.639793932438,-0.758261501789,-0.770736515522,-0.78005361557,-0.797726392746,-0.719728112221],"min":[-0.960879504681,-0.969650149345,-0.973925113678,-0.963077247143,-0.960249722004,-0.963267803192],"var":[0.00676825735718,0.00465497979894,0.00410497235134,0.00272035226226,0.00138202740345,0.00223670923151]},"spectral_contrast_valleys":{"dmean":[0.405469059944,0.331535696983,0.284667670727,0.242396458983,0.213963747025,0.235614553094],"dmean2":[0.636730015278,0.544135510921,0.451233297586,0.376755982637,0.323002785444,0.301586955786],"dvar":[0.138706862926,0.0934539958835,0.0680170059204,0.0601482763886,0.0722884535789,0.0882423743606],"dvar2":[0.293183118105,0.216507285833,0.14767447114,0.119583673775,0.139121741056,0.136716455221],"max":[-5.2427110672,-4.8864440918,-5.39724683762,-5.55269241333,-5.49380731583,-7.96652698517],"mean":[-7.75352525711,-7.09525585175,-7.41865730286,-7.60191774368,-7.45166635513,-10.4520988464],"median":[-7.44714212418,-6.81775951385,-7.06185054779,-7.18697166443,-7.0109167099,-10.0632972717],"min":[-27.3873081207,-28.0443954468,-27.0912857056,-27.3425712585,-27.1307544708,-27.0949878693],"var":[2.31795740128,1.82234609127,2.04032635689,2.22368788719,2.19918012619,2.25140237808]},"spectral_decrease":{"dmean":1.96969596189e-9,"dmean2":3.01110647527e-9,"dvar":1.21281957603e-17,"dvar2":2.95033255319e-17,"max":1.95353789429e-16,"mean":-4.84667594947e-9,"median":-3.61046970099e-9,"min":-3.37945422757e-8,"var":2.11951366943e-17},"spectral_energy":{"dmean":0.00786478538066,"dmean2":0.011896751821,"dvar":0.000186938239494,"dvar2":0.000448331295047,"max":0.131317004561,"mean":0.0201824381948,"median":0.0152428569272,"min":1.07244596496e-20,"var":0.000350654358044},"spectral_energyband_high":{"dmean":0.000463439064333,"dmean2":0.000681078410707,"dvar":8.71708436989e-7,"dvar2":0.00000182421217687,"max":0.0139821674675,"mean":0.000996670220047,"median":0.000567451352254,"min":8.15330119367e-21,"var":0.00000168829569702},"spectral_energyband_low":{"dmean":0.00378142436966,"dmean2":0.00610411958769,"dvar":0.0000789536861703,"dvar2":0.000199999951292,"max":0.100538603961,"mean":0.00529322773218,"median":0.00239828182384,"min":4.49418917088e-23,"var":0.0000848498821142},"spectral_energyband_middle_high":{"dmean":0.00196414464153,"dmean2":0.00281864218414,"dvar":0.0000110225319077,"dvar2":0.0000226011616178,"max":0.0961216241121,"mean":0.00693712290376,"median":0.00465065147728,"min":1.37589246728e-21,"var":0.0000601018000452},"spectral_energyband_middle_low":{"dmean":0.00425832206383,"dmean2":0.00691468268633,"dvar":0.000083276303485,"dvar2":0.000216681917664,"max":0.107349187136,"mean":0.00808399915695,"median":0.00515468325466,"min":2.79701450807e-22,"var":0.000104625585664},"spectral_entropy":{"dmean":0.0965117886662,"dmean2":0.141767546535,"dvar":0.0105454726145,"dvar2":0.019734442234,"max":9.80523014069,"mean":7.75740242004,"median":7.82530069351,"min":6.04560852051,"var":0.158103704453},"spectral_flux":{"dmean":0.022809362039,"dmean2":0.0337599590421,"dvar":0.00101019022986,"dvar2":0.00190593348816,"max":0.315056413412,"mean":0.0749602615833,"median":0.0643274709582,"min":1.03558966957e-10,"var":0.00277985353023},"spectral_kurtosis":{"dmean":1.22067701817,"dmean2":2.05652046204,"dvar":2.15944862366,"dvar2":6.11844205856,"max":29.1373329163,"mean":3.75132036209,"median":3.26054573059,"min":-1.19460403919,"var":7.05003023148},"spectral_rms":{"dmean":0.000721189891919,"dmean2":0.00103513873182,"dvar":0.00000105696562969,"dvar2":0.00000229593956647,"max":0.0113187516108,"mean":0.0039465627633,"median":0.00385630386882,"min":3.23463868537e-12,"var":0.00000411470591644},"spectral_rolloff":{"dmean":501.364349365,"dmean2":822.729858398,"dvar":593098.5,"dvar2":1333983,"max":19466.015625,"mean":2180.22265625,"median":1830.32226562,"min":21.533203125,"var":4583913},"spectral_skewness":{"dmean":0.177431732416,"dmean2":0.284693211317,"dvar":0.0336127243936,"dvar2":0.0856670588255,"max":3.99514007568,"mean":1.27511799335,"median":1.24132394791,"min":-0.0396273098886,"var":0.19174964726},"spectral_spread":{"dmean":347189.09375,"dmean2":497964.40625,"dvar":243511754752,"dvar2":422339608576,"max":39134476,"mean":4158580.75,"median":3865308,"min":1849608.125,"var":2900665040900},"spectral_strongpeak":{"dmean":0.59474080801,"dmean2":0.994609773159,"dvar":0.951938807964,"dvar2":2.27184176445,"max":14.4225559235,"mean":0.995993614197,"median":0.369929760695,"min":0,"var":2.02166438103},"zerocrossingrate":{"dmean":0.00893676560372,"dmean2":0.0104842772707,"dvar":0.000125866674352,"dvar2":0.000142836943269,"max":0.7421875,"mean":0.0776917487383,"median":0.06982421875,"min":0.0009765625,"var":0.00518456799909}},"metadata":{"audio_properties":{"analysis_sample_rate":44100,"bit_rate":320000,"codec":"vorbis","downmix":"mix","equal_loudness":0,"length":293.135955811,"lossless":false,"md5_encoded":"525f1ebe12940754ac333cf69afb83da","replay_gain":-12.0765800476,"sample_rate":44100},"tags":{"album":["State of Confusion"],"albumartist":["The Kinks"],"albumartistsort":["Kinks, The"],"artist":["The Kinks"],"artistsort":["Kinks, The"],"asin":["B0002PUH9W"],"barcode":["634677980664"],"catalognumber":["VEL-SC-79806"],"composer":["Ray Davies"],"composersort":["Davies, Ray"],"date":["2004-09-21"],"discnumber":["1"],"disctotal":["1"],"file_name":"09 Clichés of the World (B Movie).ogg","isrc":["USKO10403254"],"label":["Konk","Velvel"],"lyricist":["Ray Davies"],"media":["Hybrid SACD"],"musicbrainz_albumartistid":["17b53d9f-5c63-4a09-a593-dde4608e0db9"],"musicbrainz_albumid":["08f16079-0a9b-30d9-9b0b-56d1eea49a8a"],"musicbrainz_artistid":["17b53d9f-5c63-4a09-a593-dde4608e0db9"],"musicbrainz_recordingid":["46fe16e0-0904-4d1c-92c0-c0f67a65ec5a"],"musicbrainz_releasegroupid":["db8ce5b0-702c-35af-9bce-e4906f0927da"],"musicbrainz_releasetrackid":["f2984949-4668-3a27-95b0-7c4e494b2ac1"],"musicbrainz_workid":["491b12cd-6a7e-3b77-9e19-e82622233159"],"originaldate":["1983-05-24"],"performer":["Jim Rodford (bass guitar)","Mick Avory (drums)","Dave Davies (guitar)","Ian Gibbons (keyboard)","Ray Davies (lead vocals)"],"producer":["Ray Davies"],"releasecountry":["US"],"releasestatus":["official"],"releasetype":["album"],"script":["Latn"],"title":["Clichés of the World (B Movie)"],"totaldiscs":["1"],"totaltracks":["14"],"tracknumber":["9"],"tracktotal":["14"],"work":["Clichés of the World (B Movie)"]},"version":{"essentia":"2.1-beta2","essentia_build_sha":"cead25079874084f62182a551b7393616cd33d87","essentia_git_sha":"v2.1_beta2-1-ge3940c0","extractor":"music 1.0"}},"rhythm":{"beats_count":571,"beats_loudness":{"dmean":0.0126697048545,