{"lowlevel":{"average_loudness":0.949407994747,"barkbands":{"dmean":[0.00392848160118,0.00790199823678,0.00178090808913,0.000757075205911,0.000970431778114,0.00139851204585,0.00160717731342,0.001162596629,0.00156065449119,0.000915042415727,0.000913984898943,0.000802986556664,0.00065030233236,0.000678971468005,0.000562478322536,0.000339216319844,0.000203079805942,0.000230274134083,0.000185391618288,0.000207438366488,0.000163231947226,0.0000948344240896,0.0000416128859797,0.0000207598186535,0.00000241538918999,0.0000148619565152,0.000397400377551],"dmean2":[0.00651123793796,0.0135142263025,0.00310439593159,0.00130181899294,0.00161428574938,0.00226443028077,0.00253911572509,0.00186606415082,0.00253046350554,0.00148131651804,0.00149893073831,0.00132498447783,0.00107791577466,0.00113196531311,0.000919919228181,0.000561589258723,0.00033627366065,0.000371256290236,0.000289554998744,0.00031847768696,0.000241925430601,0.0001411390258,0.0000605250388617,0.000030124643672,0.00000400915223508,0.0000201172442758,0.000599468010478],"dvar":[0.0000676456329529,0.000136138885864,0.0000106092738861,0.00000147412856677,0.00000316443106385,0.00000601305282544,0.00000689015860189,0.00000617797877567,0.00000796348194854,0.00000372041790797,0.00000585820680499,0.00000220754077418,0.00000128683802814,7.5201302252e-7,7.35981643629e-7,2.78960499145e-7,9.07004462647e-8,1.87808254282e-7,1.18452938125e-7,3.66214095493e-7,1.61819073696e-7,4.33008189304e-8,6.52271348045e-9,2.13452522324e-9,1.42017647642e-11,6.82154832621e-10,2.26819722116e-7],"dvar2":[0.000161788921105,0.000371802801965,0.0000292167260341,0.00000404534148402,0.00000793329763837,0.0000142903891174,0.000016650868929,0.0000153832024807,0.0000208931560337,0.00000920377533475,0.0000146128777487,0.00000559647196496,0.00000318891807183,0.00000198257885131,0.00000186918703093,7.05716445282e-7,2.38954612541e-7,4.30031889209e-7,2.6164516953e-7,8.5058059085e-7,3.40752080774e-7,9.09714330533e-8,1.30890223105e-8,4.25427248985e-9,3.55010153219e-11,1.20444487717e-9,5.28299153757e-7],"max":[0.096891708672,0.137918934226,0.0417707115412,0.0209980234504,0.0446789190173,0.0598686188459,0.046421457082,0.0453582592309,0.0497319065034,0.0337548293173,0.0484305247664,0.0348077043891,0.0317509137094,0.0115824891254,0.0187044311315,0.0201763752848,0.0111738983542,0.0159616637975,0.00880553852767,0.022535899654,0.0132061755285,0.00624755723402,0.00200398080051,0.000724991143215,0.0000455136614619,0.000390049477573,0.00769560690969],"mean":[0.00399333192036,0.00972171779722,0.00189306586981,0.000898239843082,0.00138419063296,0.00222721742466,0.00284618488513,0.00174853950739,0.0024623775389,0.00125785998534,0.00123872002587,0.00124730309471,0.00103942805436,0.00121277978178,0.00103548832703,0.000634482363239,0.000368725828594,0.000417957518948,0.000362211401807,0.000380359706469,0.000293947436148,0.00017186968762,0.0000717425791663,0.0000257732172031,0.0000025104825454,0.0000262174089585,0.00110666034743],"median":[0.00137400371023,0.00599173177034,0.000930431880988,0.000472889398225,0.000803768984042,0.00121645722538,0.00108010182157,0.000489863392431,0.00105141149834,0.000547236064449,0.000451724830782,0.000688065716531,0.000695095281117,0.000901798543055,0.000708829204086,0.000442741904408,0.000279551779386,0.000271114724455,0.000228457967751,0.000227614757023,0.000164616780239,0.000097065254522,0.0000353872237611,0.0000059952144511,0.00000106932566268,0.0000131368533403,0.000984317506664],"min":[2.123434091e-25,1.85390950754e-24,4.06673179429e-25,8.36897012323e-25,6.89551600293e-24,7.52733915661e-24,7.08763834323e-24,4.82036177705e-24,7.97920026084e-24,7.03477125195e-24,1.62853644342e-23,1.59025081488e-23,2.77471094903e-23,2.5219876829e-23,4.40260620631e-23,4.78311421058e-23,3.89125205251e-23,7.8958798254e-23,1.11108508902e-22,1.62551075164e-22,2.43856621016e-22,3.07252310637e-22,3.85452483446e-22,5.34592380486e-22,8.1975355655e-22,1.11508520703e-21,1.89466607878e-21],"var":[0.0000647803244647,0.000135222522658,0.00000915887176234,0.00000158649118021,0.00000401582656195,0.0000105696171886,0.0000176213616214,0.0000114069343908,0.0000142435783346,0.00000528338114236,0.00000792408172856,0.00000368291080122,0.00000198410157282,0.0000015264255353,0.0000015848985413,5.78641902393e-7,1.52131406139e-7,3.58770620323e-7,2.49077061198e-7,5.3057385685e-7,2.77856571529e-7,7.33886551529e-8,1.23789494211e-8,3.12771986088e-9,1.55361036536e-11,1.41512002116e-9,8.79067329151e-7]},"barkbands_crest":{"dmean":2.9447453022,"dmean2":4.87889862061,"dvar":6.6572303772,"dvar2":17.5086154938,"max":24.944311142,"mean":9.03603553772,"median":8.01073169708,"min":2.09063506126,"var":17.060459137},"barkbands_flatness_db":{"dmean":0.0249552782625,"dmean2":0.039521779865,"dvar":0.000658574572299,"dvar2":0.00170135649387,"max":0.515195548534,"mean":0.116849161685,"median":0.100744575262,"min":0.0233832485974,"var":0.00384877785109},"barkbands_kurtosis":{"dmean":3.38569545746,"dmean2":5.48201799393,"dvar":74.7710952759,"dvar2":190.899536133,"max":250.947433472,"mean":5.01629304886,"median":1.71493148804,"min":-1.89047324657,"var":213.345703125},"barkbands_skewness":{"dmean":0.570577979088,"dmean2":0.896852493286,"dvar":0.415899723768,"dvar2":1.00887298584,"max":11.6447515488,"mean":1.46818470955,"median":1.25364744663,"min":-2.23938012123,"var":1.68784070015},"barkbands_spread":{"dmean":8.23213100433,"dmean2":12.92578125,"dvar":72.2814254761,"dvar2":169.604019165,"max":129.267181396,"mean":33.7930870056,"median":32.4490432739,"min":0.313902229071,"var":315.099456787},"dissonance":{"dmean":0.0167538337409,"dmean2":0.0283420998603,"dvar":0.00034160487121,"dvar2":0.00093471276341,"max":0.500000119209,"mean":0.474047869444,"median":0.481643170118,"min":0.218258365989,"var":0.000658324570395},"dynamic_complexity":2.78706240654,"erbbands":{"dmean":[0.36164072156,1.41369891167,2.22701525688,2.14650225639,2.53992247581,3.37111210823,7.83493614197,13.0585918427,22.331911087,20.6904907227,32.8412818909,33.3594970703,26.1396827698,27.1036815643,37.9913787842,28.8386287689,28.9988384247,27.6376342773,31.3208236694,25.5883655548,14.1109762192,11.5322647095,11.8945055008,10.7169322968,9.22682666779,9.80377006531,8.31676673889,5.03682756424,3.80787587166,1.95554292202,1.0516512394,0.643954694271,0.209929570556,0.0330518782139,0.0174009818584,0.0236939135939,0.0365137793124,0.0254279319197,0.0146117350087,0.00878129713237],"dmean2":[0.621682107449,2.41420340538,3.86158061028,3.66807699203,4.3637509346,5.6537103653,12.6769647598,21.2847175598,34.8760910034,33.2890167236,52.3606452942,54.3452148438,42.568397522,43.4244499207,62.0442466736,46.8344573975,47.9280929565,45.8649253845,51.4309768677,42.0544548035,23.1426753998,19.0479755402,19.149597168,16.8431339264,14.2846899033,15.0630979538,12.5131511688,7.49199295044,5.73560714722,2.87138104439,1.52370929718,0.924513399601,0.308399111032,0.0531656295061,0.0286721903831,0.0349722579122,0.0491320341825,0.0344127863646,0.0202357489616,0.0127262892202],"dvar":[0.404826194048,3.53313088417,13.2040624619,12.3806753159,19.8811378479,47.8710479736,236.179168701,581.999755859,1557.01367188,1627.96606445,4772.53564453,3787.20166016,2641.63989258,3800.14404297,9341.50488281,2661.96557617,2406.4855957,1260.30224609,1981.79968262,1323.77319336,495.29309082,291.885437012,540.57244873,339.383087158,389.242919922,803.206970215,429.651763916,149.809402466,71.6304855347,14.7523965836,4.25567150116,1.96542668343,0.231680080295,0.00232363329269,0.000706831051502,0.00168504298199,0.00456144940108,0.00158002460375,0.000456030538771,0.000106115396193],"dvar2":[1.10337460041,9.66574287415,36.0531463623,33.9380950928,52.507522583,121.333381653,576.067199707,1431.69006348,3663.25097656,4151.77978516,11880.6132812,10007.859375,6645.63916016,9262.22851562,23114.1328125,6524.47070312,5875.79394531,3348.79907227,5178.24560547,3433.81982422,1198.60229492,736.14453125,1232.90075684,761.008117676,828.227416992,1906.30212402,908.557922363,317.940216064,153.53012085,30.4350566864,8.43144512177,4.02772045135,0.453238278627,0.00541402120143,0.00176341028418,0.00325036421418,0.00820190086961,0.00285702478141,0.000888313748874,0.000226112766541],"max":[6.81485319138,23.5331459045,50.81300354,49.5645523071,71.4861068726,181.636795044,352.99697876,723.301208496,829.175354004,892.722900391,1220.23791504,1056.03295898,868.314758301,1216.63476562,2262.01049805,969.863464355,1302.48913574,464.262145996,801.256286621,609.945861816,1299.56591797,589.621520996,1014.56903076,532.883239746,565.644836426,1104.1697998,657.341552734,424.319000244,248.038009644,92.1857070923,40.9995765686,24.2522392273,7.8182926178,0.516363918781,0.320242553949,0.615177452564,0.994878411293,0.810392975807,0.435414761305,0.150209754705],"mean":[0.393840044737,1.7453789711,2.57804775238,2.68540620804,3.18755149841,4.58481454849,11.6691074371,20.5683612823,37.602848053,37.0790328979,51.7629928589,54.1825332642,39.3507804871,40.4608879089,55.7732696533,48.1881713867,48.8394470215,53.1259384155,61.8194465637,50.4107971191,29.0614337921,22.3695755005,21.9364948273,20.6902084351,18.0481567383,18.0607967377,14.5781745911,9.32167339325,6.75220727921,3.6450779438,1.75317263603,0.853214323521,0.247968673706,0.038260512054,0.019096121192,0.0312178041786,0.0615403950214,0.060186997056,0.0414339751005,0.0296352803707],"median":[0.199532791972,1.0569126606,1.44832146168,1.53965735435,1.83560013771,2.44286489487,5.6550822258,11.4533252716,15.0106420517,12.0632696152,16.4265174866,23.0314064026,20.5726642609,16.746006012,24.982711792,28.2826271057,33.957447052,41.5920600891,46.3704071045,35.7585868835,23.1561775208,17.5404720306,14.5569353104,13.5709877014,10.9889612198,10.8120288849,8.00393009186,5.45753860474,3.80176758766,2.0687494278,0.792484402657,0.228870257735,0.0548302158713,0.0175127051771,0.00896595418453,0.0120527567342,0.0266377702355,0.0408842377365,0.0327400937676,0.0284577328712],"min":[8.84076858243e-23,2.76707262977e-22,7.10970016373e-22,4.3243273746e-21,8.96631956941e-21,2.17015535062e-20,2.94987082097e-20,8.19249178325e-20,1.42535937445e-19,1.52335042099e-19,1.85826460652e-19,1.95796727069e-19,4.45048140068e-19,4.98203386616e-19,8.38407573116e-19,1.08695585674e-18,1.67116147014e-18,1.37472888992e-18,2.00349844523e-18,2.86421957726e-18,3.44821487999e-18,3.25668886057e-18,5.15220404672e-18,6.21324929795e-18,7.08809826126e-18,8.6748540149e-18,8.32775993089e-18,1.04202646644e-17,1.13316100771e-17,1.00163821498e-17,1.15587489102e-17,1.06675668521e-17,8.64566032954e-18,8.10484964505e-18,5.99862322596e-18,3.96990404385e-18,2.05176856988e-18,9.33001104534e-19,2.51757718556e-19,2.7013429519e-20],"var":[0.346282184124,4.09031105042,12.4085617065,12.8941907883,20.2352657318,57.8300590515,391.726470947,921.231933594,3524.76025391,4258.45751953,9085.08691406,6803.25976562,3824.66333008,6320.47265625,12496.1806641,4799.39550781,3990.8684082,2641.84008789,4567.72216797,3119.79956055,1019.55651855,534.483093262,1026.86743164,728.402099609,795.993896484,1128.33654785,733.87298584,249.196014404,116.657356262,28.5919284821,7.87626695633,2.91037106514,0.333202958107,0.00305573409423,0.000794674502686,0.00280497781932,0.00903097633272,0.00425421260297,0.00143282674253,0.000536211999133]},"erbbands_crest":{"dmean":2.33365368843,"dmean2":3.838347435,"dvar":5.44966697693,"dvar2":14.103600502,"max":28.7446899414,"mean":7.6388092041,"median":6.85934782028,"min":2.21993303299,"var":11.8761024475},"erbbands_flatness_db":{"dmean":0.0218183174729,"dmean2":0.0330117456615,"dvar":0.000462112075184,"dvar2":0.00109497876838,"max":0.414900958538,"mean":0.145816713572,"median":0.142473220825,"min":0.0420124270022,"var":0.00170386279933},"erbbands_kurtosis":{"dmean":1.02141666412,"dmean2":1.63496017456,"dvar":2.24741339684,"dvar2":5.38317584991,"max":23.5758705139,"mean":0.779745519161,"median":0.0714387893677,"min":-1.74757862091,"var":4.86431694031},"erbbands_skewness":{"dmean":0.380840331316,"dmean2":0.589284062386,"dvar":0.131771832705,"dvar2":0.295615613461,"max":3.70050907135,"mean":0.122633062303,"median":0.11441821605,"min":-3.78318023682,"var":0.568052947521},"erbbands_spread":{"dmean":6.45908403397,"dmean2":9.9561252594,"dvar":40.3485374451,"dvar2":91.8351745605,"max":84.9641418457,"mean":28.3061294556,"median":27.3601589203,"min":3.39414548874,"var":126.696403503},"gfcc":{"cov":[[30614.046875,409.214263916,-3605.51220703,-53.1530380249,-122.176986694,-578.312927246,611.177490234,-798.669433594,479.389160156,-61.6961288452,-59.0550842285,55.4687919617,-332.689453125],[409.214263916,1209.18920898,99.2425003052,-329.990539551,-61.8499565125,-70.4862289429,-116.547653198,51.7950210571,-26.3602657318,27.3792686462,13.7155618668,-83.4666595459,75.6829223633],[-3605.51220703,99.2425003052,870.896728516,138.985687256,-127.435264587,209.470046997,-209.992050171,220.58833313,-118.689224243,26.7982559204,2.66243863106,-2.6960246563,37.8160972595],[-53.1530380249,-329.990539551,138.985687256,409.623565674,73.926399231,27.157705307,58.3099327087,-0.85121178627,-28.7723178864,-22.7222957611,-20.2663249969,43.7791023254,-51.4885482788],[-122.176986694,-61.8499565125,-127.435264587,73.926399231,254.6978302,13.9696531296,121.31590271,-69.6427383423,-12.0468378067,-31.6959514618,11.6341743469,11.7247190475,23.0591983795],[-578.312927246,-70.4862289429,209.470046997,27.157705307,13.9696531296,228.148574829,-38.6468048096,65.6181793213,-81.5467834473,-13.0484113693,4.83070421219,21.5684528351,31.6917247772],[611.177490234,-116.547653198,-209.992050171,58.3099327087,121.31590271,-38.6468048096,224.998718262,-91.0146636963,39.1882705688,-42.3017921448,-1.84060573578,35.7443695068,-9.28357887268],[-798.669433594,51.7950210571,220.58833313,-0.85121178627,-69.6427383423,65.6181793213,-91.0146636963,175.464187622,-5.17619895935,41.7176704407,0.742297053337,-31.6895999908,11.164141655],[479.389160156,-26.3602657318,-118.689224243,-28.7723178864,-12.0468378067,-81.5467834473,39.1882705688,-5.17619895935,155.147750854,48.8777999878,10.9763946533,-5.52664995193,-47.8745040894],[-61.6961288452,27.3792686462,26.7982559204,-22.7222957611,-31.6959514618,-13.0484113693,-42.3017921448,41.7176704407,48.8777999878,84.8079910278,29.2471694946,-16.7374076843,-5.38799190521],[-59.0550842285,13.7155618668,2.66243863106,-20.2663249969,11.6341743469,4.83070421219,-1.84060573578,0.742297053337,10.9763946533,29.2471694946,51.9176139832,24.2070541382,15.0741510391],[55.4687919617,-83.4666595459,-2.6960246563,43.7791023254,11.7247190475,21.5684528351,35.7443695068,-31.6895999908,-5.52664995193,-16.7374076843,24.2070541382,75.4989318848,21.7987728119],[-332.689453125,75.6829223633,37.8160972595,-51.4885482788,23.0591983795,31.6917247772,-9.28357887268,11.164141655,-47.8745040894,-5.38799190521,15.0741510391,21.7987728119,82.6952590942]],"icov":[[0.000146943100845,-0.00031372133526,0.00100981327705,-0.000764962809626,0.000761389848776,-0.000717561051715,0.000135918366141,0.000138669871376,-0.000307511771098,0.000189715516171,-0.000321280618664,0.000280442705844,-0.000181593568414],[-0.00031372133526,0.00196439540014,-0.00263148196973,0.00263856607489,-0.00182871706784,0.00236775004305,-0.000255529070273,-0.000270107499091,0.000922055216506,-0.000201111033675,0.000275888742181,0.000396433577407,-0.000237521424424],[0.00100981327705,-0.00263148196973,0.00978736206889,-0.00704141613096,0.00625064922497,-0.00659463182092,0.00226882705465,-0.00081241352018,-0.00199801311828,0.00202120980248,-0.0032150328625,0.00226981076412,-0.00227758474648],[-0.000764962809626,0.00263856607489,-0.00704141613096,0.0105235716328,-0.0074426420033,0.00625835824758,-0.00186004431453,-0.00242906622589,0.00571681698784,-0.00507701793686,0.00749922171235,-0.00909134652466,0.00808434747159],[0.000761389848776,-0.00182871706784,0.00625064922497,-0.0074426420033,0.0124165061861,-0.00642368709669,-0.00203604693525,0.00343479937874,-0.00390129350126,0.00479899905622,-0.00852874107659,0.00993685983121,-0.00745902070776],[-0.000717561051715,0.00236775004305,-0.00659463182092,0.00625835824758,-0.00642368709669,0.0120412362739,-0.000932726485189,-0.00387428863905,0.00622208369896,-0.00268697855063,0.00394018739462,-0.00689959898591,0.00398106174543],[0.000135918366141,-0.000255529070273,0.00226882705465,-0.00186004431453,-0.00203604693525,-0.000932726485189,0.00955081731081,0.000964730919804,-0.00375951011665,0.00418608589098,-0.000220107482164,-0.00175998313352,-0.000947495223954],[0.000138669871376,-0.000270107499091,-0.00081241352018,-0.00242906622589,0.00343479937874,-0.00387428863905,0.000964730919804,0.0126789119095,-0.00416160188615,-0.000931799411774,-0.00199758983217,0.00818550679833,-0.00567579455674],[-0.000307511771098,0.000922055216506,-0.00199801311828,0.00571681698784,-0.00390129350126,0.00622208369896,-0.00375951011665,-0.00416160188615,0.0177122578025,-0.0123857613653,0.00646148063242,-0.0103310616687,0.0122278276831],[0.000189715516171,-0.000201111033675,0.00202120980248,-0.00507701793686,0.00479899905622,-0.00268697855063,0.00418608589098,-0.000931799411774,-0.0123857613653,0.0315678194165,-0.0227814745158,0.0160196200013,-0.00803454406559],[-0.000321280618664,0.000275888742181,-0.0032150328625,0.00749922171235,-0.00852874107659,0.00394018739462,-0.000220107482164,-0.00199758983217,0.00646148063242,-0.0227814745158,0.0448631718755,-0.025281958282,0.00645049195737],[0.000280442705844,0.000396433577407,0.00226981076412,-0.00909134652466,0.00993685983121,-0.00689959898591,-0.00175998313352,0.00818550679833,-0.0103310616687,0.0160196200013,-0.025281958282,0.0396681949496,-0.0181477423757],[-0.000181593568414,-0.000237521424424,-0.00227758474648,0.00808434747159,-0.00745902070776,0.00398106174543,-0.000947495223954,-0.00567579455674,0.0122278276831,-0.00803454406559,0.00645049195737,-0.0181477423757,0.0290321148932]],"mean":[6.14728403091,86.3209075928,-103.723724365,4.77844810486,-16.8561096191,-17.3850326538,6.84237766266,-17.4681510925,8.43714046478,-0.073840431869,-2.50127220154,-0.237511381507,-7.88533973694]},"hfc":{"dmean":42.0959968567,"dmean2":65.0934143066,"dvar":2148.44921875,"dvar2":5224.84863281,"max":770.884094238,"mean":173.38230896,"median":186.114181519,"min":1.08453847104e-16,"var":11177.3496094},"melbands":{"dmean":[0.00275423401035,0.00135102798231,0.000369653658709,0.000197414672584,0.000243874528678,0.000294472672977,0.000320461811498,0.000217810098547,0.000306277506752,0.000196535504074,0.000135284863063,0.000113457324915,0.000127850347781,0.0000985394071904,0.0000795245650806,0.0000562467612326,0.0000576348538743,0.000058399655245,0.0000424705795012,0.0000301755790133,0.0000163018248713,0.0000133493740577,0.0000121654820759,0.0000103046349977,0.00000931877366384,0.00000704416333974,0.00000770881160861,0.00000666560572427,0.00000607061474511,0.00000405848686569,0.00000283109102384,0.00000253516986959,0.00000145601859458,0.00000102213255104,6.53454151234e-7,4.94440371313e-7,3.67550541114e-7,1.7659087348e-7,4.9786621048e-8,2.21429701242e-8],"dmean2":[0.00465883128345,0.00231357780285,0.00062768132193,0.000333544187015,0.00039478688268,0.000475084001664,0.00050327606732,0.000350001297193,0.000490933656693,0.00032051949529,0.0002209678496,0.000182622869033,0.000208979326999,0.000162585929502,0.00013050303096,0.0000937355871429,0.0000963702841545,0.0000969975662883,0.0000697646028129,0.0000499415837112,0.0000269656247838,0.000022314447051,0.0000199786027224,0.0000167148828041,0.0000148692506627,0.0000111850959001,0.0000121193361338,0.0000103676457002,0.00000934347553994,0.00000619088996245,0.00000427918894275,0.00000389270189771,0.00000220737729251,0.00000152506720497,9.71268946159e-7,7.19310548902e-7,5.34793286988e-7,2.6168240197e-7,7.87600100693e-8,3.68119934535e-8],"dvar":[0.0000203717845579,0.00000333324237545,3.62624007266e-7,1.29172192942e-7,2.22142205075e-7,2.63412829327e-7,2.93059770229e-7,1.77050509365e-7,3.85266645253e-7,1.33496726562e-7,7.3666633682e-8,6.6285316791e-8,1.16548605433e-7,3.49560984603e-8,2.6753918192e-8,6.76299016789e-9,5.7146243293e-9,6.47928155573e-9,4.40682290659e-9,2.16657247698e-9,9.16428044562e-10,3.74606123899e-10,4.59568577638e-10,4.46947590049e-10,2.57419086047e-10,2.12078327122e-10,4.88233453666e-10,3.4699171314e-10,2.23300614111e-10,1.20275067683e-10,3.96290049387e-11,3.21403216541e-11,8.97102270941e-12,3.92027079202e-12,1.63112145318e-12,1.05867062079e-12,7.04501561255e-13,1.76449051767e-13,8.94038108926e-15,1.20835475618e-15],"dvar2":[0.0000543181085959,0.0000091037745733,9.79180185823e-7,3.3380416653e-7,5.38529548066e-7,6.41782207822e-7,6.99729753251e-7,4.51085185205e-7,9.68421772995e-7,3.50888598177e-7,1.85898755944e-7,1.61564742029e-7,2.89785930363e-7,8.83617516934e-8,6.353121762e-8,1.74848171497e-8,1.53694657001e-8,1.70722973536e-8,1.11095364019e-8,5.75857361795e-9,2.20087015279e-9,9.82111059145e-10,1.07688424844e-9,1.03705000143e-9,5.95062554787e-10,4.97888952289e-10,1.15966758418e-9,8.33680069423e-10,4.86232498709e-10,2.72380840105e-10,8.31478635943e-11,7.11409542387e-11,1.93307019697e-11,8.34739048716e-12,3.32547899808e-12,2.23539220988e-12,1.46179119156e-12,3.51690871521e-13,1.92332586489e-14,3.02198125702e-15],"max":[0.0502292737365,0.0235759727657,0.0079374872148,0.00847821310163,0.0113686406985,0.0143682686612,0.0108598414809,0.00810878630728,0.0120355309919,0.00707654701546,0.00462292833254,0.00462188525125,0.00719293905422,0.00447446247563,0.0043242238462,0.00154420617037,0.00100317620672,0.00137087004259,0.00155699043535,0.000794216583017,0.00210595480166,0.000570146774407,0.000883350963704,0.00071086967364,0.000444915960543,0.000514295126777,0.000797969289124,0.000658889301121,0.000401482364396,0.000394316331949,0.000219290654059,0.000162479263963,0.0000734972927603,0.0000603072221566,0.000027727926863,0.0000195710854314,0.0000132552931973,0.00000632925139143,0.00000161113837294,4.2060057126e-7],"mean":[0.00334482174367,0.00171507638879,0.000486259785248,0.000262459157966,0.00037199925282,0.000487101759063,0.000553678255528,0.000374489900423,0.000470967730507,0.000315075973049,0.000191970451851,0.000161206524353,0.000180563394679,0.000149386454723,0.000121135410154,0.0000936100259423,0.000102051330032,0.000105390259705,0.0000762353956816,0.0000549124415556,0.0000295529698633,0.0000235211718973,0.0000204127736652,0.0000183934007509,0.0000167361231433,0.0000128764895635,0.0000134027895911,0.0000115527091111,0.0000097685806395,0.00000682223162585,0.00000495919766763,0.00000419149773734,0.0000025888498385,0.00000179503524578,0.00000106146569578,6.95214453117e-7,4.4627341822e-7,1.99729726091e-7,5.44915366163e-8,2.27889191962e-8],"median":[0.00195099483244,0.00107487372588,0.00029474607436,0.000151308253407,0.000187235433259,0.000266572955297,0.00022625978454,0.000114302638394,0.000150232735905,0.000137991344673,0.0000919384256122,0.0000623644809821,0.0000725276768208,0.0000782133429311,0.0000702789257048,0.0000663618411636,0.0000755948494771,0.0000746708246879,0.00005040767428,0.0000364263396477,0.0000226956781262,0.000017949996618,0.0000132054592541,0.0000119581345643,0.0000106463276097,0.00000770233054936,0.00000769399321143,0.00000683019425196,0.00000507818367623,0.00000378449908567,0.00000288946966975,0.00000226401766668,0.00000144460022966,9.79438141258e-7,4.77297874113e-7,2.28184532602e-7,8.83673578755e-8,3.60315972614e-8,1.81821189216e-8,9.48728295924e-9],"min":[6.99277515697e-25,2.41062531304e-25,9.3619103307e-25,1.53995085448e-24,1.33412590164e-24,1.83676085475e-24,2.23510563517e-24,1.48541285719e-24,1.84049295569e-24,1.06319053906e-24,1.89004781725e-24,1.82427436991e-24,2.35332334435e-24,2.53803295594e-24,2.65133704776e-24,2.67798614964e-24,2.23636327667e-24,2.90421587726e-24,3.18490264531e-24,3.00316171452e-24,3.15114669553e-24,2.08977004351e-24,2.81316239613e-24,4.63029678599e-24,4.26276767354e-24,3.49503759096e-24,5.32740172945e-24,4.44955376425e-24,4.36274908796e-24,6.13731614894e-24,4.624667869e-24,5.22498194598e-24,5.19331509709e-24,4.31737933072e-24,5.77100898204e-24,5.2940695952e-24,5.78568376703e-24,5.54313625437e-24,5.98436588018e-24,5.10753475669e-24],"var":[0.0000193658670469,0.00000373185821445,3.86502790661e-7,1.45800626683e-7,3.63634995892e-7,4.65858335019e-7,6.79881566157e-7,4.38574858208e-7,7.38832852676e-7,2.2790533194e-7,1.03149119468e-7,1.05786604365e-7,1.56611093871e-7,5.79700696335e-8,3.93407368904e-8,1.13665059587e-8,1.09654605396e-8,1.38785338777e-8,9.04828567627e-9,4.62542670832e-9,1.57862478645e-9,6.22769502634e-10,8.09160349835e-10,7.98925925416e-10,5.06964803471e-10,3.79706432962e-10,6.99934388226e-10,4.71993111262e-10,3.57212454061e-10,1.7644576078e-10,6.70785441081e-11,4.88669903154e-11,1.55266979829e-11,7.29195176463e-12,2.96450949726e-12,1.59668198801e-12,9.89185187754e-13,2.45072110392e-13,1.16131740726e-14,1.31289810363e-15]},"melbands_crest":{"dmean":4.62850761414,"dmean2":7.62479162216,"dvar":17.6081256866,"dvar2":44.9738998413,"max":38.3446083069,"mean":14.8523836136,"median":13.3295412064,"min":1.58581030369,"var":48.521522522},"melbands_flatness_db":{"dmean":0.033366497606,"dmean2":0.0525039359927,"dvar":0.00101069698576,"dvar2":0.00256509683095,"max":0.655911207199,"mean":0.209430336952,"median":0.1947055161,"min":0.00355347851291,"var":0.00665969029069},"melbands_kurtosis":{"dmean":6.50260448456,"dmean2":10.5640525818,"dvar":256.218505859,"dvar2":653.829345703,"max":567.879272461,"mean":8.97375202179,"median":3.07921123505,"min":-1.83506429195,"var":491.186859131},"melbands_skewness":{"dmean":0.80991268158,"dmean2":1.27299487591,"dvar":0.854449152946,"dvar2":2.04399180412,"max":18.675113678,"mean":2.04495763779,"median":1.58477437496,"min":-0.974140942097,"var":2.74984955788},"melbands_spread":{"dmean":8.33009433746,"dmean2":13.0748405457,"dvar":109.013175964,"dvar2":243.106033325,"max":207.715576172,"mean":28.6786594391,"median":25.3111801147,"min":0.256085574627,"var":484.438476562},"mfcc":{"cov":[[11898.6083984,255.422622681,-2086.62304688,375.501342773,-710.719177246,617.917114258,-329.37991333,194.797317505,-138.277862549,268.186553955,-35.4304504395,144.453765869,-16.616897583],[255.422622681,1476.65112305,30.4970626831,-183.648925781,15.7263002396,-133.979705811,-8.85160827637,-134.628829956,62.3844299316,-34.122795105,81.6666259766,-64.6754302979,78.3469009399],[-2086.62304688,30.4970626831,947.867614746,-88.8501586914,209.483551025,-167.149246216,50.1160621643,-14.1380033493,17.566570282,-9.07858848572,-4.33586168289,33.4575843811,-40.6584358215],[375.501342773,-183.648925781,-88.8501586914,402.44152832,-26.738861084,105.41746521,2.5335791111,64.5413665771,-10.1514959335,19.8570823669,12.5024280548,4.548848629,-2.18578934669],[-710.719177246,15.7263002396,209.483551025,-26.738861084,215.965530396,-26.0632591248,80.8269195557,-15.1035242081,22.835313797,-24.648727417,12.648973465,-1.49011683464,-2.92211318016],[617.917114258,-133.979705811,-167.149246216,105.41746521,-26.0632591248,223.706085205,54.8520545959,84.2955932617,-25.9263896942,-9.86609840393,-51.4575538635,6.63500881195,1.89754271507],[-329.37991333,-8.85160827637,50.1160621643,2.5335791111,80.8269195557,54.8520545959,186.634628296,39.4079856873,27.4422550201,-60.3872795105,-33.345199585,-42.1308860779,12.4142723083],[194.797317505,-134.628829956,-14.1380033493,64.5413665771,-15.1035242081,84.2955932617,39.4079856873,123.669952393,3.33145904541,2.35835671425,-39.6795158386,12.3793563843,-16.7750740051],[-138.277862549,62.3844299316,17.566570282,-10.1514959335,22.835313797,-25.9263896942,27.4422550201,3.33145904541,73.7518157959,4.18713951111,25.5673370361,-8.76731491089,13.9416208267],[268.186553955,-34.122795105,-9.07858848572,19.8570823669,-24.648727417,-9.86609840393,-60.3872795105,2.35835671425,4.18713951111,96.0674591064,34.2788619995,39.7016868591,-15.4392700195],[-35.4304504395,81.6666259766,-4.33586168289,12.5024280548,12.648973465,-51.4575538635,-33.345199585,-39.6795158386,25.5673370361,34.2788619995,97.2833862305,24.7696266174,14.7110185623],[144.453765869,-64.6754302979,33.4575843811,4.548848629,-1.49011683464,6.63500881195,-42.1308860779,12.3793563843,-8.76731491089,39.7016868591,24.7696266174,79.0451889038,2.21026325226],[-16.616897583,78.3469009399,-40.6584358215,-2.18578934669,-2.92211318016,1.89754271507,12.4142723083,-16.7750740051,13.9416208267,-15.4392700195,14.7110185623,2.21026325226,58.3520431519]],"icov":[[0.000193076688447,-0.000137989918585,0.000372178968973,-0.0000695283597452,0.000185498487554,-0.000219422581722,0.0000198281850317,-0.0000280178737739,0.0000464972981717,-0.000323133805068,0.000241134664975,-0.000500656547956,0.000362694467185],[-0.000137989918585,0.000994334695861,-0.000383477687137,0.000407786341384,-0.0000395617062168,0.0000518310553161,0.00020978046814,0.000344001717167,-0.00032124997233,0.000295005796943,-0.00089406495681,0.00138869695365,-0.00124806619715],[0.000372178968973,-0.000383477687137,0.00253263558261,-0.00031081866473,-0.00109245930798,0.00139121431857,-0.000508467084728,-0.000417355506215,0.000206382537726,-0.000549731310457,0.00170080550015,-0.00267365621403,0.00173987762537],[-0.0000695283597452,0.000407786341384,-0.00031081866473,0.00339783169329,-0.0000130627076942,-0.00153306883294,0.000617438810878,-0.00157485483214,0.000692810688633,-0.000265366135864,-0.00256044929847,0.00213750591502,-0.000862706045154],[0.000185498487554,-0.0000395617062168,-0.00109245930798,-0.0000130627076942,0.00798649434,-0.000763044168707,-0.00351815670729,0.00216803071089,-0.00103922875132,0.000832309771795,-0.00152879988309,-0.00202046358027,0.00207122205757],[-0.000219422581722,0.0000518310553161,0.00139121431857,-0.00153306883294,-0.000763044168707,0.0100379325449,-0.00303475908004,-0.00360213895328,0.00296209193766,-0.000455604516901,0.00325685483404,-0.00238789641298,-0.00153356336523],[0.0000198281850317,0.00020978046814,-0.000508467084728,0.000617438810878,-0.00351815670729,-0.00303475908004,0.0115255499259,-0.00306388852187,-0.00317656737752,0.0036336502526,-0.0000734277709853,0.00504111358896,-0.00246957549825],[-0.0000280178737739,0.000344001717167,-0.000417355506215,-0.00157485483214,0.00216803071089,-0.00360213895328,-0.00306388852187,0.0160428602248,-0.00537481997162,-0.000324145250488,0.00539432140067,-0.00545790465549,0.00471508409828],[0.0000464972981717,-0.00032124997233,0.000206382537726,0.000692810688633,-0.00103922875132,0.00296209193766,-0.00317656737752,-0.00537481997162,0.0204566791654,-0.00364197976887,-0.005857211072,0.00447733793408,-0.00494751986116],[-0.000323133805068,0.000295005796943,-0.000549731310457,-0.000265366135864,0.000832309771795,-0.000455604516901,0.0036336502526,-0.000324145250488,-0.00364197976887,0.0188686344773,-0.00474352389574,-0.00542914681137,0.00557326432317],[0.000241134664975,-0.00089406495681,0.00170080550015,-0.00256044929847,-0.00152879988309,0.00325685483404,-0.0000734277709853,0.00539432140067,-0.005857211072,-0.00474352389574,0.0209671147168,-0.00773737253621,-0.00110638025217],[-0.000500656547956,0.00138869695365,-0.00267365621403,0.00213750591502,-0.00202046358027,-0.00238789641298,0.00504111358896,-0.00545790465549,0.00447733793408,-0.00542914681137,-0.00773737253621,0.0252857469022,-0.00796839874238],[0.000362694467185,-0.00124806619715,0.00173987762537,-0.000862706045154,0.00207122205757,-0.00153356336523,-0.00246957549825,0.00471508409828,-0.00494751986116,0.00557326432317,-0.00110638025217,-0.00796839874238,0.0253682974726]],"mean":[-641.65020752,145.256851196,-27.1584892273,35.4665031433,-10.5065078735,21.6515789032,-5.42662239075,6.85574388504,0.40475872159,11.7050666809,4.37735891342,5.62484025955,3.18188047409]},"pitch_salience":{"dmean":0.0831201970577,"dmean2":0.135161027312,"dvar":0.00538537092507,"dvar2":0.0139737855643,"max":0.949933826923,"mean":0.56268042326,"median":0.584067225456,"min":0.0694022402167,"var":0.0159470550716},"silence_rate_20dB":{"dmean":0,"dmean2":0,"dvar":0,"dvar2":0,"max":1,"mean":1,"median":1,"min":1,"var":0},"silence_rate_30dB":{"dmean":0.0117976404727,"dmean2":0.0235976409167,"dvar":0.0116570927203,"dvar2":0.031834769994,"max":1,"mean":0.992602229118,"median":1,"min":0,"var":0.0073421606794},"silence_rate_60dB":{"dmean":0.00919815991074,"dmean2":0.0183981601149,"dvar":0.00911289639771,"dvar2":0.022456554696,"max":1,"mean":0.0510846748948,"median":0,"min":0,"var":0.0484810508788},"spectral_centroid":{"dmean":257.339385986,"dmean2":373.668121338,"dvar":89121.265625,"dvar2":153676.3125,"max":11796.5810547,"mean":1661.4576416,"median":1402.48852539,"min":124.566146851,"var":1981616.75},"spectral_complexity":{"dmean":4.64607095718,"dmean2":6.91190862656,"dvar":21.2191009521,"dvar2":41.2743682861,"max":62,"mean":27.5136451721,"median":29,"min":0,"var":149.004653931},"spectral_contrast_coeffs":{"dmean":[0.0505167543888,0.0497160702944,0.0399408601224,0.0296716745943,0.0211040116847,0.0420845746994],"dmean2":[0.0848849713802,0.0828279256821,0.0665753111243,0.0495349653065,0.0347777791321,0.0646804049611],"dvar":[0.0016347108176,0.00153477117419,0.00109505560249,0.000572985678446,0.000356839038432,0.0013877741294],"dvar2":[0.00454866001382,0.00430024182424,0.00290868710726,0.00151797034778,0.000891600793693,0.00339049613103],"max":[-0.439481794834,-0.498739242554,-0.556054592133,-0.589115619659,-0.61548012495,-0.379474461079],"mean":[-0.732613682747,-0.759612202644,-0.801533281803,-0.810259580612,-0.814939677715,-0.684525609016],"median":[-0.732991933823,-0.762663066387,-0.806634068489,-0.807364583015,-0.807725071907,-0.669279515743],"min":[-0.978962123394,-0.977626860142,-0.978274405003,-0.98784416914,-0.973781526089,-0.965346217155],"var":[0.0045310286805,0.00477894069627,0.00371990958229,0.00295268045738,0.00233042659238,0.0089886104688]},"spectral_contrast_valleys":{"dmean":[0.401793062687,0.361895680428,0.352443724871,0.317418396473,0.2967877388,0.595460891724],"dmean2":[0.665538132191,0.582546412945,0.542211771011,0.492676913738,0.443914890289,0.928482055664],"dvar":[0.121546946466,0.112495712936,0.117796510458,0.134145155549,0.146152406931,0.278310388327],"dvar2":[0.279450207949,0.235242560506,0.22982147336,0.281962662935,0.321303039789,0.676476061344],"max":[-5.25920581818,-4.23981332779,-5.01257753372,-5.41870689392,-5.33270120621,-9.13379764557],"mean":[-7.13277816772,-6.5752120018,-7.05742740631,-7.24853420258,-7.49880409241,-11.2669773102],"median":[-6.72177743912,-6.0964512825,-6.4632768631,-6.58956956863,-6.913875103,-10.9042291641],"min":[-28.205745697,-28.1934757233,-27.7934818268,-27.8269481659,-27.5367298126,-27.4609050751],"var":[7.45205974579,8.12510585785,7.89292573929,7.93047809601,7.73705148697,5.15963935852]},"spectral_decrease":{"dmean":3.78854414507e-9,"dmean2":6.11517947391e-9,"dvar":2.27060598381e-17,"dvar2":5.6667377674e-17,"max":6.01714500448e-9,"mean":-7.47670547696e-9,"median":-6.6222001216e-9,"min":-4.69345522447e-8,"var":3.38681921882e-17},"spectral_energy":{"dmean":0.0147495083511,"dmean2":0.0234836321324,"dvar":0.00032260781154,"dvar2":0.000799931935035,"max":0.187344327569,"mean":0.0439451262355,"median":0.0433783233166,"min":9.90494419025e-21,"var":0.000654856557958},"spectral_energyband_high":{"dmean":0.000489530386403,"dmean2":0.000679959368426,"dvar":8.37871425574e-7,"dvar2":0.00000158648458637,"max":0.0251495074481,"mean":0.00125505914912,"median":0.000957162701525,"min":6.98911718292e-21,"var":0.00000196657697416},"spectral_energyband_low":{"dmean":0.0109332529828,"dmean2":0.0183310136199,"dvar":0.000254442740697,"dvar2":0.000661498925183,"max":0.169914826751,"mean":0.0149827850983,"median":0.0098830666393,"min":1.47830813922e-23,"var":0.000272362754913},"spectral_energyband_middle_high":{"dmean":0.00310705020092,"dmean2":0.00477246148512,"dvar":0.0000177008168976,"dvar2":0.000040129343688,"max":0.0599147230387,"mean":0.0088170953095,"median":0.00746271386743,"min":1.12902237237e-21,"var":0.0000591936259298},"spectral_energyband_middle_low":{"dmean":0.00454771891236,"dmean2":0.00716302031651,"dvar":0.0000337001765729,"dvar2":0.0000819427878014,"max":0.104624755681,"mean":0.0119596198201,"median":0.00880256481469,"min":1.67426790917e-22,"var":0.000116216855531},"spectral_entropy":{"dmean":0.15301078558,"dmean2":0.228741556406,"dvar":0.0402752347291,"dvar2":0.0964573547244,"max":9.8303565979,"mean":7.69178152084,"median":7.75406694412,"min":5.23353433609,"var":0.247672408819},"spectral_flux":{"dmean":0.0273735877126,"dmean2":0.0440637357533,"dvar":0.000889170973096,"dvar2":0.00205041700974,"max":0.349592506886,"mean":0.123046085238,"median":0.124939598143,"min":6.35172400787e-11,"var":0.00269256392494},"spectral_kurtosis":{"dmean":3.87010025978,"dmean2":6.04597473145,"dvar":79.9148025513,"dvar2":230.729629517,"max":287.187988281,"mean":14.9322109222,"median":13.4278774261,"min":-1.28084087372,"var":97.9440078735},"spectral_rms":{"dmean":0.00104492413811,"dmean2":0.00162543787155,"dvar":0.00000120837114537,"dvar2":0.00000286544104711,"max":0.0135194286704,"mean":0.00617418717593,"median":0.00650540692732,"min":3.10859454497e-12,"var":0.00000475258138977},"spectral_rolloff":{"dmean":4968.94189453,"dmean2":9414.71289062,"dvar":56388868,"dvar2":129124888,"max":22028.4667969,"mean":11804.3720703,"median":18260.15625,"min":21.533203125,"var":90513688},"spectral_skewness":{"dmean":0.345464587212,"dmean2":0.515130281448,"dvar":0.284965872765,"dvar2":0.762337267399,"max":13.7278633118,"mean":2.38718724251,"median":2.29770445824,"min":-0.0894994735718,"var":0.754205167294},"spectral_spread":{"dmean":448380.6875,"dmean2":684095.8125,"dvar":403177734144,"dvar2":763612495872,"max":42902904,"mean":4410155,"median":3777207.5,"min":552004.8125,"var":23068888006700},"spectral_strongpeak":{"dmean":3.92043924332,"dmean2":7.20518159866,"dvar":217.83366394,"dvar2":553.688720703,"max":162.55255127,"mean":3.49865579605,"median":0.269076555967,"min":0,"var":215.694244385},"zerocrossingrate":{"dmean":0.0359437391162,"dmean2":0.0465281605721,"dvar":0.00105859804899,"dvar2":0.00168071396183,"max":0.69189453125,"mean":0.252978950739,"median":0.25537109375,"min":0.0107421875,"var":0.0109607791528}},"metadata":{"audio_properties":{"analysis_sample_rate":44100,"bit_rate":320000,"codec":"mp3","downmix":"mix","equal_loudness":0,"length":232.22857666,"lossless":false,"md5_encoded":"9c921fcb9d22517cce5b3574da9650d2","replay_gain":0.12034034729},"tags":{"album":["Mezmerize"],"albumartist":["System of a Down"],"albumartistsort":["System of a Down"],"artist":["System of a Down"],"artistsort":["System of a Down"],"date":["2005-05-17"],"discnumber":["1/1"],"file_name":"03 - Revenga.mp3","mp3gain_album_minmax":["107,177"],"mp3gain_minmax":["107,177"],"musicbrainz album release country":["US"],"musicbrainz album type":["album"],"musicbrainz_albumartistid":["cc0b7089-c08d-4c10-b6b0-873582c17fd6"],"musicbrainz_albumid":["62c28f7f-e8e2-4a94-b2bb-e0c77b3364af"],"musicbrainz_artistid":["cc0b7089-c08d-4c10-b6b0-873582c17fd6"],"musicbrainz_recordingid":["473d94c4-89fd-48ac-8ef6-21cc8b275ebf"],"musicbrainz_releasegroupid":["8d18c070-adea-353f-a089-cbd2543342dd"],"performer:bass guitar":["Shavo Odadjian"],"performer:drums":["John Dolmayan"],"performer:guitars":["Daron Malakian"],"performer:keyboard":["Serj Tankian"],"performer:vocals":["Daron Malakian","Serj Tankian"],"title":["Revenga"],"tracknumber":["3/11"]},"version":{"essentia":"2.1-beta1","essentia_build_sha":"0a826ad6289770054bb7564d59068f1232327ff9","essentia_git_sha":"v2.1_beta1-5-gf9dded9","extractor":"music 1.0"}},"rhythm":{"beats_count":539,"beats_loudness":{"dmean":0.0184818748385,"dmean2":0.0320457108319,"dvar":0.000259408581769,"dvar2":0.000751329935156,"max":0.133264064789,"mean":0.0520475022495,"median":0.0525194853544,"min":0,"var":0.000583438377362},"beats_loudness_band_ratio":{"dmean":[0.172069057822,0.0655535310507,0.0918216779828,0.0682197809219,0.0329379662871,0.069531686604],"dmean2":[0.28761318326,0.114790610969,0.15989549458,0.119193606079,0.0564062893391,0.120530933142],"dvar":[0.020755475387,0.00593025563285,0.00899083446711,0.00655091181397,0.00122517778073,0.00452483352274],"dvar2":[0.05592275