{"lowlevel":{"average_loudness":0.868089020252,"barkbands":{"dmean":[0.0000635497708572,0.00231272331439,0.00203633494675,0.00172615842894,0.00285067269579,0.00107907562051,0.000757247034926,0.000650933303405,0.0012343096314,0.000511995865963,0.000551723176613,0.000487829907797,0.00036178479786,0.000299519364489,0.000371061003534,0.000157571441378,0.000143800600199,0.000119238247862,0.0000820843633846,0.0000560632106499,0.000051710056141,0.0000476772365801,0.0000321615007124,0.0000199762071134,0.0000132491550175,0.00000314372937282,5.80881078349e-7],"dmean2":[0.000105679071567,0.0036404018756,0.00334193184972,0.00299019692466,0.00492962356657,0.00184271251783,0.00129805039614,0.00103143788874,0.00183824938722,0.000787993252743,0.000820449902676,0.000737975991797,0.000561075343285,0.000472513551358,0.000581331260037,0.000254268117715,0.000222392423893,0.000185628479812,0.000131564869662,0.0000888377471711,0.0000837889674585,0.0000766562952776,0.0000472303945571,0.0000292937784252,0.0000197310673684,0.00000459270631836,9.11601091502e-7],"dvar":[3.16835055969e-8,0.0000242651403823,0.0000253843354585,0.0000264737554971,0.0000891335002962,0.00000643015937385,0.00000622870084044,0.00000472829606224,0.0000153275886987,0.00000392111633118,0.00000262602543444,0.00000228671888181,0.00000179890412255,0.00000129502541313,0.00000118552793538,2.65518025344e-7,2.34812702615e-7,1.67640251902e-7,5.1284011704e-8,2.63101380682e-8,3.26902807046e-8,3.71392978593e-8,2.81457825935e-8,1.03816324426e-8,3.27756732865e-9,3.28023969098e-10,8.42367287035e-11],"dvar2":[7.70044294995e-8,0.0000582336324442,0.0000644817191642,0.0000709502637619,0.000238229564275,0.0000172294749063,0.0000155475900101,0.0000098857562989,0.0000289973741019,0.00000758819987823,0.00000516763975611,0.00000478355332234,0.00000408112509831,0.00000296413395517,0.00000278483867078,6.28610621334e-7,4.66300548396e-7,3.34908094146e-7,1.30301330614e-7,6.663221086e-8,8.28860535762e-8,8.72536105589e-8,4.76265640259e-8,2.07330010937e-8,7.67263319545e-9,8.36338887034e-10,2.46134168602e-10],"max":[0.00291514955461,0.0803361088037,0.0986088812351,0.0653668567538,0.108198702335,0.0698860213161,0.074905872345,0.0623060613871,0.0959213674068,0.0695814341307,0.0694670081139,0.0448851883411,0.0429802425206,0.0278468951583,0.0334755778313,0.0237988959998,0.0177554190159,0.0211159121245,0.00780913326889,0.00558403227478,0.0130224246532,0.0107497023419,0.00877445377409,0.00492525612935,0.00254173856229,0.00106031855103,0.000738828268368],"mean":[0.0000886937486939,0.00570691097528,0.00335194193758,0.00197183573619,0.00318058021367,0.00147255824413,0.000965034589171,0.000884482753463,0.00241444935091,0.000827228766866,0.00104281678796,0.000864531146362,0.000547663657926,0.000437615497503,0.000624804524705,0.00024269449932,0.0002304380032,0.000197276400286,0.000134401707328,0.0000960405741353,0.0000887052738108,0.0000769999169279,0.0000535208637302,0.000032272797398,0.0000206070671993,0.00000452300082543,5.71566488361e-7],"median":[0.0000357910175808,0.00254877074622,0.00167748564854,0.000584698806051,0.00106802978553,0.000628298090305,0.000207317818422,0.000210404483369,0.000271330063697,0.000146123609738,0.000233007129282,0.000203081857762,0.000119344003906,0.0000849171410664,0.0000859766150825,0.0000533619604539,0.0000506956821482,0.0000387633699575,0.0000350857735611,0.000019268507458,0.0000129133259179,0.0000127656403492,0.00000777260447649,0.00000312300744554,0.00000165148662745,2.85978586589e-7,8.28229307359e-9],"min":[5.46316843833e-25,3.3493432648e-24,1.0474617373e-24,1.3469998158e-24,2.89800635864e-24,3.34436910237e-24,7.80967878548e-24,6.97171523321e-24,1.30158641482e-23,1.06555039674e-23,1.08105017246e-23,1.44637678527e-23,2.99955176869e-23,4.86792212214e-23,4.67363767187e-23,5.81458455403e-23,6.24394387426e-23,7.94887423884e-23,1.03907925399e-22,1.72539215428e-22,2.17323000479e-22,3.100767356e-22,4.0110201968e-22,5.20194217461e-22,8.48512017275e-22,1.26180909449e-21,1.77116554956e-21],"var":[3.59160914343e-8,0.0000632166556898,0.0000315265315294,0.0000246001727646,0.0000675004775985,0.00000683563121129,0.0000120464219435,0.00000859422470967,0.0000566093804082,0.0000120060958579,0.000009021000551,0.00000687251213094,0.00000296085795526,0.00000220893707592,0.00000278890547634,5.53721463348e-7,5.49915569081e-7,4.94499829529e-7,8.91978260142e-8,5.58462325273e-8,1.02513482148e-7,7.1342974195e-8,8.11698157577e-8,2.57331027598e-8,8.49698178484e-9,5.66485580666e-10,4.89692592032e-11]},"barkbands_crest":{"dmean":2.57992506027,"dmean2":4.12922859192,"dvar":6.73817300797,"dvar2":16.246131897,"max":26.5411567688,"mean":11.9071979523,"median":10.9790639877,"min":2.32239699364,"var":24.5136241913},"barkbands_flatness_db":{"dmean":0.0229308009148,"dmean2":0.0327098369598,"dvar":0.000597557169385,"dvar2":0.00114294071682,"max":0.495672821999,"mean":0.194412276149,"median":0.185942858458,"min":0.0255664531142,"var":0.00605769921094},"barkbands_kurtosis":{"dmean":3.69295620918,"dmean2":5.73793697357,"dvar":79.345085144,"dvar2":178.354736328,"max":441.804260254,"mean":7.87742614746,"median":2.50355672836,"min":-1.95532405376,"var":332.354034424},"barkbands_skewness":{"dmean":0.565081477165,"dmean2":0.84121131897,"dvar":0.440166562796,"dvar2":0.930823504925,"max":18.4324302673,"mean":1.67391121387,"median":1.45071923733,"min":-5.03014278412,"var":2.99659562111},"barkbands_spread":{"dmean":4.05155086517,"dmean2":6.07414293289,"dvar":32.2122154236,"dvar2":70.0395812988,"max":106.049690247,"mean":15.6957139969,"median":12.9406480789,"min":0.227680698037,"var":146.934265137},"dissonance":{"dmean":0.0249263606966,"dmean2":0.0416666194797,"dvar":0.000631709815934,"dvar2":0.00168546719942,"max":0.500000059605,"mean":0.450263828039,"median":0.462296575308,"min":0.211775645614,"var":0.00172770977952},"dynamic_complexity":3.83351325989,"erbbands":{"dmean":[0.0540604367852,0.598899841309,1.96907436848,4.56898212433,9.58699417114,7.75741291046,7.87969017029,8.98534965515,10.8740100861,12.0202589035,14.0121879578,28.0940055847,24.1577949524,11.2071218491,24.7288570404,16.1731548309,14.7785634995,18.1100482941,13.5809383392,14.760933876,7.68435335159,8.21894550323,6.89956140518,3.90413570404,3.97694134712,2.43057966232,2.4954521656,1.8524017334,1.71632289886,1.32886922359,0.876364827156,0.487084299326,0.318662464619,0.192906737328,0.0653366670012,0.0170472711325,0.00597449485213,0.000983837642707,0.000097591400845,0.0000166343743331],"dmean2":[0.0815150514245,0.975638687611,3.26346445084,7.64359998703,16.8534164429,13.5315065384,13.1689348221,15.422372818,19.0093097687,19.4220409393,21.4230899811,40.9976882935,36.1427688599,17.2265796661,37.1235466003,24.2718410492,22.5361804962,28.2253170013,21.066860199,23.0396347046,12.2257585526,12.5416507721,10.5284366608,6.23582792282,6.34705400467,3.80825901031,4.04670286179,2.98836398125,2.75300240517,2.03035306931,1.29365897179,0.701878666878,0.476176887751,0.291749894619,0.0966020897031,0.0245639719069,0.00892149098217,0.00149279786274,0.00014863362594,0.0000269629217655],"dvar":[0.0190363377333,1.60414254665,19.6180553436,159.889404297,1348.92602539,481.104064941,373.138214111,484.372131348,1102.25427246,1512.23498535,2492.3293457,9304.91210938,6807.28076172,1251.2142334,5807.42431641,2443.88769531,2384.75073242,4388.12548828,1573.11816406,2333.64257812,428.487060547,908.008728027,645.488708496,118.672637939,126.061256409,52.1614608765,71.1814727783,41.1780052185,53.8012275696,31.5739917755,25.0013237,8.11675357819,2.219643116,0.733848750591,0.0983319357038,0.00571428192779,0.00157998083159,0.00009116014553,9.30478165628e-7,2.70725184492e-8],"dvar2":[0.0379994958639,4.23197412491,51.876701355,398.418518066,3702.89501953,1299.41870117,987.720336914,1262.875,2990.61987305,3133.26342773,5108.56933594,16755.1230469,13234.8457031,2412.19262695,12464.0693359,4897.04101562,5241.16796875,10000.5576172,3686.93554688,5425.88916016,1042.2442627,1754.49401855,1215.18933105,310.539855957,310.008850098,128.084823608,170.115600586,104.080673218,131.460296631,63.5752868652,44.8876876831,16.2920627594,4.6830239296,1.72692966461,0.236256897449,0.0125053832307,0.00420788023621,0.000256606697803,0.00000262575940724,8.00603956463e-8],"max":[2.04423761368,19.8283958435,85.6801681519,190.940368652,434.426971436,314.242675781,430.006378174,886.888244629,753.760986328,1612.45825195,1315.2668457,2734.97094727,2667.62329102,1527.08312988,3411.81542969,1994.1307373,1463.59399414,1624.79650879,1380.07824707,1765.30566406,818.22869873,1179.20446777,1470.68017578,307.880371094,510.460784912,275.843109131,550.330505371,383.505493164,403.280639648,265.89163208,271.234771729,181.417922974,92.2958450317,39.0744247437,19.1365070343,4.14900350571,2.5198571682,0.71011942625,0.0720132142305,0.0134827177972],"mean":[0.116453610361,1.4341865778,3.71422314644,6.16087627411,9.50103092194,9.20138454437,10.7515182495,11.9721822739,13.0377311707,18.1536560059,21.2651596069,54.755607605,47.0113830566,20.4397697449,49.9653091431,31.7857627869,24.9547920227,28.4831581116,22.9397697449,26.235710144,13.5061511993,13.8348855972,11.9938163757,6.53515768051,6.7160358429,4.3895406723,4.38455152512,3.07764911652,2.80371928215,2.06810855865,1.44940125942,0.778718173504,0.509757995605,0.300986558199,0.100559532642,0.0274897925556,0.00753714097664,0.00112108560279,0.0001114741317,0.0000341744053003],"median":[0.0441326983273,0.64714795351,1.77620089054,2.47327685356,2.62941598892,2.9641764164,3.66115951538,5.39703083038,3.83346438408,4.59459400177,5.1729259491,6.78533172607,7.13838720322,6.68545007706,10.9394760132,9.92654895782,7.69327116013,6.21376895905,5.26669788361,4.75237798691,3.55611515045,3.13127613068,2.53865098953,1.79673838615,1.67052960396,0.891286790371,0.696065485477,0.462864667177,0.458771705627,0.333849549294,0.194047167897,0.0860858559608,0.0435768477619,0.0234744139016,0.00837827008218,0.00212344853207,0.000388349435525,0.0000384251470678,0.0000163028944371,0.0000241250527324],"min":[5.76216253807e-23,7.10046203455e-22,2.05213493334e-21,5.73552213732e-21,8.67416325446e-21,8.30788945637e-21,4.02096954783e-20,3.87038390225e-20,1.03352844193e-19,1.70922876137e-19,2.21576818986e-19,3.63608253805e-19,4.25689658042e-19,4.34118344141e-19,5.59035489634e-19,1.23027792596e-18,1.55749072396e-18,2.33661007497e-18,2.25640105931e-18,2.55660703068e-18,3.39182990674e-18,4.00155528281e-18,4.72611297343e-18,6.41309447959e-18,7.13044494554e-18,7.66136834016e-18,8.39636298217e-18,1.00415135512e-17,1.20743595373e-17,1.16938043432e-17,8.76184280966e-18,1.09302512905e-17,8.4663077204e-18,7.95636410766e-18,6.79647904502e-18,4.21374696226e-18,2.1743381251e-18,9.25172563819e-19,2.39847506808e-19,2.62387231766e-20],"var":[0.0334658250213,4.13348722458,29.4720439911,176.195724487,912.355163574,408.822601318,387.653259277,534.079528809,1294.39562988,4091.48925781,5194.28564453,33164.2539062,28134.3261719,3285.36914062,22008.6777344,8393.27832031,4304.14990234,7783.69335938,3142.42138672,5685.421875,1027.35632324,2084.07397461,2047.16101074,192.515457153,217.961074829,128.876495361,232.716796875,99.209526062,96.372428894,71.0585479736,71.1831741333,19.1864566803,5.66625070572,1.74410688877,0.241974532604,0.020361430943,0.00174234469887,0.000069361536589,6.62078605274e-7,1.46898901932e-8]},"erbbands_crest":{"dmean":2.54473209381,"dmean2":4.03856277466,"dvar":7.4439702034,"dvar2":17.1831684113,"max":32.7905349731,"mean":10.3602371216,"median":8.62228775024,"min":2.41831803322,"var":34.4692153931},"erbbands_flatness_db":{"dmean":0.0194059722126,"dmean2":0.0266591832042,"dvar":0.000523135706317,"dvar2":0.00090430804994,"max":0.505520224571,"mean":0.20006172359,"median":0.20274502039,"min":0.0363745354116,"var":0.00442044250667},"erbbands_kurtosis":{"dmean":1.31061196327,"dmean2":2.01004099846,"dvar":5.60462903976,"dvar2":12.9221591949,"max":137.731063843,"mean":1.89718317986,"median":0.225168943405,"min":-1.83511209488,"var":58.6014976501},"erbbands_skewness":{"dmean":0.385013103485,"dmean2":0.57944715023,"dvar":0.160693347454,"dvar2":0.340825438499,"max":10.0766210556,"mean":0.354743331671,"median":0.224652260542,"min":-5.79145097733,"var":1.31994497776},"erbbands_spread":{"dmean":6.70243644714,"dmean2":10.0686187744,"dvar":75.4447479248,"dvar2":161.549423218,"max":145.762466431,"mean":30.9068927765,"median":24.968044281,"min":1.85727119446,"var":451.539520264},"gfcc":{"cov":[[22618.3730469,-66.0550765991,-2698.11157227,809.458496094,-1436.4050293,418.646575928,-804.48651123,289.458618164,-407.999023438,168.033737183,-176.24029541,164.545837402,-108.875328064],[-66.0550765991,2299.2722168,-227.477005005,-557.712524414,527.884338379,-166.625061035,213.623886108,-309.369720459,131.952377319,-255.242095947,123.939468384,-192.838912964,49.8537788391],[-2698.11157227,-227.477005005,1583.78186035,238.020736694,-70.582649231,-2.10611176491,21.1300926208,75.0197067261,-77.506652832,74.770904541,-52.6100921631,-41.9700469971,-38.9904823303],[809.458496094,-557.712524414,238.020736694,686.198974609,-182.429473877,49.1607131958,-38.0997581482,97.9572677612,-19.1113777161,101.421302795,17.1788787842,48.0051651001,9.17152309418],[-1436.4050293,527.884338379,-70.582649231,-182.429473877,495.221923828,8.22700119019,129.755508423,-86.4617538452,123.057792664,-57.1766548157,56.3489189148,-35.5275039673,30.4991798401],[418.646575928,-166.625061035,-2.10611176491,49.1607131958,8.22700119019,219.309768677,42.0766792297,37.5590744019,3.89622616768,54.7515487671,14.8767995834,36.2810745239,14.2480230331],[-804.48651123,213.623886108,21.1300926208,-38.0997581482,129.755508423,42.0766792297,249.489379883,2.84955978394,55.4690322876,-30.9333629608,49.4878540039,-9.03327560425,25.8314304352],[289.458618164,-309.369720459,75.0197067261,97.9572677612,-86.4617538452,37.5590744019,2.84955978394,198.298187256,29.4763412476,43.8186988831,-12.0842103958,33.4993629456,-6.48363828659],[-407.999023438,131.952377319,-77.506652832,-19.1113777161,123.057792664,3.89622616768,55.4690322876,29.4763412476,175.404983521,32.7211036682,46.9071502686,4.02263736725,34.7394790649],[168.033737183,-255.242095947,74.770904541,101.421302795,-57.1766548157,54.7515487671,-30.9333629608,43.8186988831,32.7211036682,155.675689697,39.5774459839,58.5210151672,15.4289188385],[-176.24029541,123.939468384,-52.6100921631,17.1788787842,56.3489189148,14.8767995834,49.4878540039,-12.0842103958,46.9071502686,39.5774459839,139.009017944,56.4721870422,32.6821632385],[164.545837402,-192.838912964,-41.9700469971,48.0051651001,-35.5275039673,36.2810745239,-9.03327560425,33.4993629456,4.02263736725,58.5210151672,56.4721870422,123.707084656,42.3367080688],[-108.875328064,49.8537788391,-38.9904823303,9.17152309418,30.4991798401,14.2480230331,25.8314304352,-6.48363828659,34.7394790649,15.4289188385,32.6821632385,42.3367080688,82.5884399414]],"icov":[[0.00017999605916,-0.000419102405431,0.00038874099846,-0.000366124877473,0.000468512473162,-0.00050599972019,0.000414896174334,-0.000449690269306,0.000355738477083,-0.000370266207028,0.000527072174009,-0.000388715561712,0.000373890914489],[-0.000419102405431,0.00211413041689,-0.000956679868978,0.00134361477103,-0.00141447829083,0.00146825262345,-0.00108703889418,0.00181430531666,-0.00115684547927,0.00187823234592,-0.00277434056625,0.0026283506304,-0.00179181317799],[0.00038874099846,-0.000956679868978,0.00160447577946,-0.00103157991543,0.000838140433189,-0.00085728277918,0.000598935701419,-0.00131575658452,0.00143520906568,-0.00158341799397,0.00144209200516,-0.00041658396367,0.000844751484692],[-0.000366124877473,0.00134361477103,-0.00103157991543,0.00282257492654,-0.000559724343475,0.000962760066614,-0.000799322035164,0.000728765618987,-0.000768904516008,0.000568357820157,-0.00216266023926,0.0017113982467,-0.00155059609096],[0.000468512473162,-0.00141447829083,0.000838140433189,-0.000559724343475,0.00486697116867,-0.0020418271888,0.000343986757798,0.000101514888229,-0.00155095919035,0.0000740244649933,0.00108883937355,-0.00123301020358,0.00122437009122],[-0.00050599972019,0.00146825262345,-0.00085728277918,0.000962760066614,-0.0020418271888,0.00722200190648,-0.00263443542644,0.000637474120595,0.000230148434639,-0.00117953121662,-0.00104225275572,0.000784260802902,-0.0015489065554],[0.000414896174334,-0.00108703889418,0.000598935701419,-0.000799322035164,0.000343986757798,-0.00263443542644,0.0067411349155,-0.00193461333402,0.0000659084907966,0.00114025594667,-0.000939890451264,0.000145234953379,-0.00030146134668],[-0.000449690269306,0.00181430531666,-0.00131575658452,0.000728765618987,0.000101514888229,0.000637474120595,-0.00193461333402,0.00903139915317,-0.00429036607966,0.00172669638414,-0.000294236524496,-0.00087191676721,0.000822023721412],[0.000355738477083,-0.00115684547927,0.00143520906568,-0.000768904516008,-0.00155095919035,0.000230148434639,0.0000659084907966,-0.00429036607966,0.011169639416,-0.00467867776752,-0.000325965665979,0.0020681808237,-0.00264961179346],[-0.000370266207028,0.00187823234592,-0.00158341799397,0.000568357820157,0.0000740244649933,-0.00117953121662,0.00114025594667,0.00172669638414,-0.00467867776752,0.0130921248347,-0.00452532898635,-0.00112958799582,-0.000585476111155],[0.000527072174009,-0.00277434056625,0.00144209200516,-0.00216266023926,0.00108883937355,-0.00104225275572,-0.000939890451264,-0.000294236524496,-0.000325965665979,-0.00452532898635,0.0155086228624,-0.00894399452955,0.0027693992015],[-0.000388715561712,0.0026283506304,-0.00041658396367,0.0017113982467,-0.00123301020358,0.000784260802902,0.000145234953379,-0.00087191676721,0.0020681808237,-0.00112958799582,-0.00894399452955,0.0192821715027,-0.00928363204002],[0.000373890914489,-0.00179181317799,0.000844751484692,-0.00155059609096,0.00122437009122,-0.0015489065554,-0.00030146134668,0.000822023721412,-0.00264961179346,-0.000585476111155,0.0027693992015,-0.00928363204002,0.019114613533]],"mean":[-73.6728439331,135.02243042,-118.352615356,29.3580036163,-47.9655799866,15.1264867783,-25.7331867218,1.29078865051,-16.2911109924,-4.81853532791,-9.74164104462,-4.69797706604,-6.00226593018]},"hfc":{"dmean":5.37133359909,"dmean2":8.25547218323,"dvar":101.962341309,"dvar2":240.951705933,"max":228.784606934,"mean":14.561416626,"median":7.98037528992,"min":1.05653946609e-16,"var":285.405181885},"melbands":{"dmean":[0.000555767561309,0.000937998469453,0.000902664323803,0.000671072455589,0.000273468293017,0.0002044987923,0.000163763426826,0.000134815520141,0.000119546508358,0.000189022655832,0.00011917379743,0.0000428293715231,0.0000745673460187,0.0000609546987107,0.0000361092643288,0.0000371906717191,0.0000357767748937,0.0000191733670363,0.0000310111900035,0.0000136122507683,0.00000862224806042,0.00000916171393328,0.00000810366054793,0.00000492486606163,0.00000319065679832,0.00000351455628333,0.00000231088802138,0.00000160953925388,0.00000185569047062,0.00000117797173971,0.00000114344800295,0.00000103963009224,9.34001548103e-7,7.10673191406e-7,5.49853041321e-7,4.16497442757e-7,2.79861524177e-7,2.27009422815e-7,2.26371824397e-7,1.49208318589e-7],"dmean2":[0.000858150480781,0.00153527094517,0.00153211760335,0.00117955741007,0.000457357906271,0.000350789370714,0.000284092704533,0.000216918939259,0.00018091367383,0.000276292528724,0.000179091963219,0.0000663189712213,0.000111982379167,0.0000915346827242,0.0000550275181013,0.0000571096934436,0.000056083961681,0.0000300362135022,0.0000484051197418,0.0000215560794459,0.0000136493663376,0.0000140719594128,0.000012448200323,0.0000076775186244,0.00000517879698236,0.00000564821675653,0.00000370872203348,0.00000254706969827,0.00000297986252917,0.00000194273798115,0.000001866889761,0.00000167901146142,0.00000150762059548,0.00000108926496978,8.1678706465e-7,6.27102849649e-7,4.10795166772e-7,3.45424609804e-7,3.45944954461e-7,2.26650740842e-7],"dvar":[0.00000156508644977,0.00000368789869754,0.00000670173767503,0.0000054178017308,4.42747705165e-7,2.41252735123e-7,2.51719200151e-7,1.75458197305e-7,2.01590850679e-7,4.13751621409e-7,1.68782435139e-7,2.08457162643e-8,4.8005048825e-8,3.5764578854e-8,1.17023599699e-8,2.39410571368e-8,1.90339246586e-8,3.64732954949e-9,9.21738507742e-9,2.25126184361e-9,5.58824320152e-10,1.40411016147e-9,7.18770543084e-10,2.76816847222e-10,8.53789539068e-11,1.02623930187e-10,4.6211496435e-11,2.50265017043e-11,4.4510950481e-11,1.78077587398e-11,1.4943485685e-11,1.82707685786e-11,1.69402148559e-11,1.08327539647e-11,1.04367244014e-11,6.5634975753e-12,2.35060517058e-12,1.18395235022e-12,1.28836958463e-12,4.30313391257e-13],"dvar2":[0.00000344359523297,0.00000973273745331,0.0000176981793629,0.0000147672744788,0.00000117799197596,6.38108247131e-7,6.66206972255e-7,3.63336880582e-7,4.05132482229e-7,7.41024734907e-7,3.28270971295e-7,4.07601419283e-8,9.9703491685e-8,7.67176189242e-8,2.37159785144e-8,5.38530997574e-8,4.32225242264e-8,8.58903970169e-9,2.11440678299e-8,4.86730700189e-9,1.31479205301e-9,2.69575872736e-9,1.42204559239e-9,5.69962299579e-10,2.26339821885e-10,2.57870863551e-10,1.14993840838e-10,6.23386828269e-11,1.02115829681e-10,4.48334598613e-11,3.87390987344e-11,4.60647665845e-11,3.92940124883e-11,2.14234272683e-11,1.88467123852e-11,1.37634322342e-11,4.79456882183e-12,2.48822338601e-12,3.14355486086e-12,1.0033720816e-12],"max":[0.01915198192,0.0325674116611,0.0294312015176,0.0267255268991,0.0163026135415,0.017144324258,0.0109423445538,0.0181562267244,0.0116525730118,0.0186809338629,0.0133092366159,0.00586252473295,0.00958541315049,0.00628082780167,0.00338244508021,0.00487481383607,0.00349056627601,0.00166135525797,0.00252994638868,0.00243653682992,0.000857671780977,0.0016651423648,0.00109673431143,0.00079451437341,0.000254886079347,0.000500291760545,0.000211648264667,0.000211117469007,0.000466755329398,0.000272215285804,0.000190022110473,0.000234002742218,0.000206395867281,0.000162409385666,0.000169435967109,0.00013665042934,0.0000930283786147,0.0000601683204877,0.000068346671469,0.0000269215088338],"mean":[0.00134110124782,0.00203738966957,0.00115204730537,0.000703790632542,0.00038399186451,0.000273110839771,0.00020290305838,0.000200165770366,0.000181498879101,0.000373418879462,0.000223802097025,0.0000692483154126,0.00014682582696,0.000117552139272,0.0000628996422165,0.0000552165402041,0.0000530237266503,0.0000283186636807,0.0000530140459887,0.0000213271468965,0.0000137287215694,0.0000141671453093,0.0000135257569127,0.00000788849774835,0.00000483974736198,0.00000562742570764,0.00000358704437531,0.00000272593320005,0.00000318748266182,0.00000173536989223,0.00000183567510703,0.00000165195058344,0.0000013382882571,0.00000108172741875,8.84282542302e-7,6.06463117947e-7,4.33652388665e-7,3.4608643773e-7,3.48376914872e-7,2.19287329628e-7],"median":[0.000594760640524,0.00113081710879,0.000525469600689,0.000224268209422,0.000139175215736,0.000121913675684,0.0000541514673387,0.0000485082273372,0.0000347409077222,0.0000410608918173,0.000031052637496,0.0000170570456248,0.0000341859195032,0.0000256107996393,0.0000165588953678,0.0000100150436992,0.00000992815967038,0.00000674919647281,0.00000627136387266,0.0000046663849389,0.00000335855588673,0.00000283776080323,0.00000236526443587,0.00000164989251061,0.00000121281880183,0.00000132042475798,7.6449447306e-7,4.73870528594e-7,4.63280571239e-7,2.53219837987e-7,2.54293667012e-7,2.69734073299e-7,1.95562634531e-7,1.70168618752e-7,1.17324553628e-7,6.08317876072e-8,4.33704059333e-8,2.90908559464e-8,2.39221549236e-8,1.69238134617e-8],"min":[1.06416211988e-24,1.18782178601e-24,2.03959296792e-24,4.23769619486e-25,1.08320147504e-24,7.72051166799e-25,1.51144802807e-24,1.83501589443e-24,1.47558266423e-24,2.01935178316e-24,1.7746670491e-24,1.42226779578e-24,1.48371582016e-24,1.71699934478e-24,3.61983735832e-24,3.22601610354e-24,3.48033519584e-24,2.77893845462e-24,3.65956912667e-24,2.36419680586e-24,3.1543273827e-24,2.72056294485e-24,3.44996799529e-24,4.48119181972e-24,4.77806384418e-24,3.02429766476e-24,4.21778169713e-24,2.82741454889e-24,4.71823742199e-24,4.65509581184e-24,5.59555487823e-24,4.6943613634e-24,4.17302172937e-24,5.06055493434e-24,4.20712615845e-24,5.69958630454e-24,5.30553963276e-24,5.32676827415e-24,5.02767915611e-24,5.16937198532e-24],"var":[0.0000033951343994,0.00000734814875614,0.00000588788361711,0.00000385854809792,4.6674037435e-7,2.59152642457e-7,3.63123206171e-7,4.57832413758e-7,4.81267534269e-7,0.00000154653810114,6.87169858793e-7,5.01488877092e-8,1.78315360699e-7,1.29222826217e-7,2.78877667625e-8,3.98471335927e-8,3.32139897807e-8,6.15747186572e-9,2.36018031785e-8,5.06732966699e-9,1.21081356053e-9,2.9858227002e-9,2.11188821986e-9,7.24780235828e-10,1.26606239381e-10,1.80283260542e-10,7.28935384275e-11,6.22487408841e-11,1.40506592472e-10,3.70098916791e-11,3.25759801079e-11,3.05987700455e-11,3.07674996591e-11,2.29014897324e-11,2.82580469441e-11,1.4144352356e-11,5.43957847515e-12,2.82771072183e-12,2.80815973773e-12,9.77178190795e-13]},"melbands_crest":{"dmean":3.04087233543,"dmean2":4.81159687042,"dvar":9.61310577393,"dvar2":22.7414741516,"max":34.5097312927,"mean":15.6875505447,"median":15.0498895645,"min":1.46974611282,"var":35.3169326782},"melbands_flatness_db":{"dmean":0.0271528586745,"dmean2":0.0386775508523,"dvar":0.000872913165949,"dvar2":0.0016922064824,"max":0.647953033447,"mean":0.270860701799,"median":0.258560776711,"min":0.00303104729392,"var":0.0102762449533},"melbands_kurtosis":{"dmean":7.51971435547,"dmean2":11.8043107986,"dvar":194.213424683,"dvar2":473.9425354,"max":360.04019165,"mean":18.0309143066,"median":7.18418312073,"min":-1.90815520287,"var":923.114257812},"melbands_skewness":{"dmean":0.724705219269,"dmean2":1.09397041798,"dvar":0.680826127529,"dvar2":1.50430524349,"max":13.3470830917,"mean":2.67251753807,"median":2.34149193764,"min":-1.99131178856,"var":4.54009199142},"melbands_spread":{"dmean":5.22024536133,"dmean2":7.84860992432,"dvar":66.4114227295,"dvar2":134.713531494,"max":251.138061523,"mean":18.9461860657,"median":13.9296445847,"min":0.298337310553,"var":402.134246826},"mfcc":{"cov":[[10670.3193359,-788.467102051,-880.233276367,145.197433472,-340.746459961,-35.7262268066,-282.005187988,30.931722641,-177.477279663,0.99115216732,-46.9230690002,-44.46534729,11.813498497],[-788.467102051,2580.22363281,-384.93862915,-301.270355225,180.608047485,70.1143035889,78.6298446655,15.4013547897,-41.2224769592,-32.8630867004,-32.1297988892,-51.3997306824,9.00159454346],[-880.233276367,-384.93862915,1293.99462891,253.67288208,-10.8803834915,-47.1650848389,99.7007980347,-65.0246276855,62.3591918945,-26.5852603912,23.500415802,83.7551193237,-60.994644165],[145.197433472,-301.270355225,253.67288208,428.34185791,18.7217216492,10.9303216934,16.6133403778,8.57028484344,17.5165996552,8.29461193085,40.8328590393,24.2834949493,5.13911008835],[-340.746459961,180.608047485,-10.8803834915,18.7217216492,232.628082275,50.5565376282,-3.07581567764,7.5342464447,15.1370687485,30.1150951385,18.812664032,0.262838184834,15.9471082687],[-35.7262268066,70.1143035889,-47.1650848389,10.9303216934,50.5565376282,218.479537964,63.4186325073,11.4578227997,8.72016048431,30.9484786987,12.8606386185,-9.03644180298,33.2672119141],[-282.005187988,78.6298446655,99.7007980347,16.6133403778,-3.07581567764,63.4186325073,160.514633179,44.6949310303,7.23041915894,3.10813117027,7.98116970062,10.8249235153,5.97697734833],[30.931722641,15.4013547897,-65.0246276855,8.57028484344,7.5342464447,11.4578227997,44.6949310303,138.603622437,27.5625019073,32.0747146606,16.1325836182,1.10211825371,11.3464708328],[-177.477279663,-41.2224769592,62.3591918945,17.5165996552,15.1370687485,8.72016048431,7.23041915894,27.5625019073,123.836196899,38.2603988647,12.8276939392,8.93413066864,-6.07185316086],[0.99115216732,-32.8630867004,-26.5852603912,8.29461193085,30.1150951385,30.9484786987,3.10813117027,32.0747146606,38.2603988647,115.953826904,44.3513069153,-3.03685379028,-1.64026474953],[-46.9230690002,-32.1297988892,23.500415802,40.8328590393,18.812664032,12.8606386185,7.98116970062,16.1325836182,12.8276939392,44.3513069153,92.4731063843,32.8885498047,4.59975290298],[-44.46534729,-51.3997306824,83.7551193237,24.2834949493,0.262838184834,-9.03644180298,10.8249235153,1.10211825371,8.93413066864,-3.03685379028,32.8885498047,90.7720870972,35.7836914062],[11.813498497,9.00159454346,-60.994644165,5.13911008835,15.9471082687,33.2672119141,5.97697734833,11.3464708328,-6.07185316086,-1.64026474953,4.59975290298,35.7836914062,109.747253418]],"icov":[[0.000116913091915,0.0000218779296119,0.0000812081343611,-0.0000945622232393,0.000173924228875,-0.0000769132311689,0.000204528798349,-0.0000856911283336,0.000159003117005,-0.0000682445606799,0.000100560399005,-0.0000911750103114,0.0000642348313704],[0.0000218779296119,0.000491552229505,0.000129116786411,0.000281036831439,-0.000412699475419,0.0000203235504159,-0.000358104996849,0.0000497967703268,0.0000700961973052,0.000247764401138,-0.00005305432569,0.000141895579873,0.0000476282548334],[0.0000812081343611,0.000129116786411,0.00125344668049,-0.000623979489319,-0.0000517469925398,0.00030940171564,-0.000944093451835,0.000839278218336,-0.000464879383799,0.000098280266684,0.000337816745741,-0.00118441006634,0.000932671187911],[-0.0000945622232393,0.000281036831439,-0.000623979489319,0.00306777283549,-0.000512991275173,-0.000138127288665,-0.0000503415431012,-0.000349447102053,-0.000104154816654,0.000564778922126,-0.00140041904524,0.00059141573729,-0.000479496869957],[0.000173924228875,-0.000412699475419,-0.0000517469925398,-0.000512991275173,0.00538984825835,-0.00120333000086,0.00130400923081,-0.000283671281068,-0.000059753034293,-0.00100012426265,-0.000300967600197,0.0000114814729386,-0.000459108065115],[-0.0000769132311689,0.0000203235504159,0.00030940171564,-0.000138127288665,-0.00120333000086,0.00639443518594,-0.00321436696686,0.00133744708728,-0.00045268368558,-0.00122567394283,-0.000521949143149,0.00176864839159,-0.00213980861008],[0.000204528798349,-0.000358104996849,-0.000944093451835,-0.0000503415431012,0.00130400923081,-0.00321436696686,0.00968040060252,-0.00373902334832,0.000879306928255,0.000615842465777,0.000140541116707,-0.000962863967288,0.000495155516546],[-0.0000856911283336,0.0000497967703268,0.000839278218336,-0.000349447102053,-0.000283671281068,0.00133744708728,-0.00373902334832,0.00969272665679,-0.00195383396931,-0.00176129350439,-0.00059233722277,0.000487295241328,-0.000943196180742],[0.000159003117005,0.0000700961973052,-0.000464879383799,-0.000104154816654,-0.000059753034293,-0.00045268368558,0.000879306928255,-0.00195383396931,0.010022316128,-0.00323733338155,0.00124926911667,-0.00147707923315,0.000959018536378],[-0.0000682445606799,0.000247764401138,0.000098280266684,0.000564778922126,-0.00100012426265,-0.00122567394283,0.000615842465777,-0.00176129350439,-0.00323733338155,0.0133922770619,-0.00657470989972,0.00281997653656,0.000057756438764],[0.000100560399005,-0.00005305432569,0.000337816745741,-0.00140041904524,-0.000300967600197,-0.000521949143149,0.000140541116707,-0.00059233722277,0.00124926911667,-0.00657470989972,0.0170968323946,-0.00736693805084,0.00215870514512],[-0.0000911750103114,0.000141895579873,-0.00118441006634,0.00059141573729,0.0000114814729386,0.00176864839159,-0.000962863967288,0.000487295241328,-0.00147707923315,0.00281997653656,-0.00736693805084,0.01785155572,-0.0067749209702],[0.0000642348313704,0.0000476282548334,0.000932671187911,-0.000479496869957,-0.000459108065115,-0.00213980861008,0.000495155516546,-0.000943196180742,0.000959018536378,0.000057756438764,0.00215870514512,-0.0067749209702,0.0126001676545]],"mean":[-705.445495605,155.500656128,-1.80892074108,21.9639930725,4.02093935013,12.673327446,3.07459926605,7.36289739609,0.441674977541,0.858755171299,0.704583704472,-1.91896772385,0.938122093678]},"pitch_salience":{"dmean":0.0772618800402,"dmean2":0.126767650247,"dvar":0.00661182636395,"dvar2":0.0173797644675,"max":0.994457185268,"mean":0.50087082386,"median":0.503376543522,"min":0.0808131918311,"var":0.0199152696878},"silence_rate_20dB":{"dmean":0,"dmean2":0,"dvar":0,"dvar2":0,"max":1,"mean":1,"median":1,"min":1,"var":0},"silence_rate_30dB":{"dmean":0.00835042446852,"dmean2":0.0167020726949,"dvar":0.00828035268933,"dvar2":0.0230144727975,"max":1,"mean":0.994946181774,"median":1,"min":0,"var":0.00502835446969},"silence_rate_60dB":{"dmean":0.0265162605792,"dmean2":0.0529631525278,"dvar":0.0258123390377,"dvar2":0.0580708906054,"max":1,"mean":0.0852559879422,"median":0,"min":0,"var":0.0779831632972},"spectral_centroid":{"dmean":194.216064453,"dmean2":290.889190674,"dvar":83680.2265625,"dvar2":174889.984375,"max":11876.1894531,"mean":1103.67700195,"median":879.046569824,"min":127.290725708,"var":1429143.75},"spectral_complexity":{"dmean":2.86683273315,"dmean2":4.3525018692,"dvar":15.1455211639,"dvar2":31.8778114319,"max":56,"mean":13.4564561844,"median":13,"min":0,"var":60.1083717346},"spectral_contrast_coeffs":{"dmean":[0.0517197288573,0.0465556122363,0.0403927601874,0.0327585414052,0.0229578949511,0.0178643856198],"dmean2":[0.0820383802056,0.0756378471851,0.0632875263691,0.0511150695384,0.0355531089008,0.0279927998781],"dvar":[0.00240008393303,0.00157545274124,0.00135819090065,0.000902795523871,0.000478693749756,0.000397663825424],"dvar2":[0.00533698732033,0.00393434334546,0.00293377740309,0.00192166958004,0.000982122728601,0.000906392117031],"max":[-0.250086784363,-0.373695909977,-0.360715389252,-0.483473241329,-0.51043587923,-0.595759868622],"mean":[-0.64877974987,-0.739498496056,-0.7509765625,-0.764368593693,-0.787166535854,-0.764204800129],"median":[-0.663437604904,-0.747707724571,-0.773609936237,-0.780561208725,-0.796922564507,-0.766271710396],"min":[-0.985623896122,-0.996613264084,-0.988419234753,-0.99157512188,-0.974360704422,-0.965172946453],"var":[0.0114308232442,0.00692488951609,0.0106827393174,0.00752662215382,0.00419135345146,0.00267268833704]},"spectral_contrast_valleys":{"dmean":[0.427956819534,0.416059792042,0.389598816633,0.368211567402,0.31056791544,0.348162353039],"dmean2":[0.699182212353,0.67056542635,0.610940694809,0.551050186157,0.44205904007,0.439341574907],"dvar":[0.189214989543,0.204544469714,0.193615674973,0.186593979597,0.205611735582,0.291029363871],"dvar2":[0.407614678144,0.428735226393,0.382958352566,0.330345183611,0.355736911297,0.488773316145],"max":[-5.11631774902,-4.29454278946,-4.74089574814,-5.52884483337,-5.51509475708,-7.56364011765],"mean":[-7.57444953918,-7.239610672,-7.82078933716,-8.42176818848,-8.66390514374,-11.4883050919],"median":[-7.16041231155,-6.91992855072,-7.48573446274,-8.10365962982,-8.3594865799,-11.2271518707],"min":[-28.1162643433,-28.0849399567,-27.6804542542,-27.7145195007,-27.5623207092,-27.4034252167],"var":[5.1562538147,5.31370925903,5.16348791122,4.98089981079,4.97251462936,4.5544128418]},"spectral_decrease":{"dmean":2.68225064382e-9,"dmean2":4.33393987365e-9,"dvar":3.03375636494e-17,"dvar2":7.89880854976e-17,"max":2.04342659695e-28,"mean":-6.42211839263e-9,"median":-5.02886754461e-9,"min":-5.97506044642e-8,"var":3.5986148442e-17},"spectral_energy":{"dmean":0.0105393221602,"dmean2":0.0170020274818,"dvar":0.000463823147584,"dvar2":0.00120575702749,"max":0.232967600226,"mean":0.0255591347814,"median":0.0198612064123,"min":9.63801365282e-21,"var":0.000562304048799},"spectral_energyband_high":{"dmean":0.000164915501955,"dmean2":0.000242760041147,"dvar":3.11807326625e-7,"dvar2":6.17542411874e-7,"max":0.0350130237639,"mean":0.000328248657752,"median":0.0000574624209548,"min":6.96701837431e-21,"var":0.0000012659282902},"spectral_energyband_low":{"dmean":0.0045082452707,"dmean2":0.00714891124517,"dvar":0.0000787292301538,"dvar2":0.000190933118574,"max":0.146486014128,"mean":0.0103102764115,"median":0.0069842049852,"min":1.41534804597e-23,"var":0.000141685828567},"spectral_energyband_middle_high":{"dmean":0.00184778077528,"dmean2":0.00279596378095,"dvar":0.0000131722235892,"dvar2":0.0000284808902506,"max":0.087289147079,"mean":0.00486324587837,"median":0.00219189678319,"min":9.83599234502e-22,"var":0.0000544889335288},"spectral_energyband_middle_low":{"dmean":0.0069857663475,"dmean2":0.011652267538,"dvar":0.000316687219311,"dvar2":0.000845011672936,"max":0.188211247325,"mean":0.0114522669464,"median":0.00611465563998,"min":1.29395604728e-22,"var":0.000306880276185},"spectral_entropy":{"dmean":0.192379578948,"dmean2":0.271570444107,"dvar":0.0464460141957,"dvar2":0.0879966691136,"max":9.82443523407,"mean":7.09635972977,"median":7.12697124481,"min":4.01090288162,"var":0.542330741882},"spectral_flux":{"dmean":0.0293580684811,"dmean2":0.045849416405,"dvar":0.00181280635297,"dvar2":0.00375905772671,"max":0.435286879539,"mean":0.0729751288891,"median":0.0582906790078,"min":6.32329258399e-11,"var":0.00346718658693},"spectral_kurtosis":{"dmean":4.25977659225,"dmean2":7.16318798065,"dvar":40.8312225342,"dvar2":115.490196228,"max":107.095779419,"mean":10.0387840271,"median":6.55913066864,"min":-1.27515351772,"var":133.029144287},"spectral_rms":{"dmean":0.000896548153833,"dmean2":0.00137138040736,"dvar":0.00000195074403564,"dvar2":0.00000460892670162,"max":0.0150759899989,"mean":0.00451286975294,"median":0.00440190732479,"min":3.06642146571e-12,"var":0.00000456979705632},"spectral_rolloff":{"dmean":286.047027588,"dmean2":473.83682251,"dvar":326165.25,"dvar2":693157.25,"max":19702.8808594,"mean":1168.05664062,"median":753.662109375,"min":64.599609375,"var":4229283},"spectral_skewness":{"dmean":0.38941732049,"dmean2":0.633416116238,"dvar":0.220750063658,"dvar2":0.598371446133,"max":8.63685321808,"mean":2.08208107948,"median":1.91042494774,"min":-0.398542881012,"var":1.13896131516},"spectral_spread":{"dmean":478856.59375,"dmean2":681751.4375,"dvar":637054550016,"dvar2":1117926981630,"max":42611612,"mean":3835004.25,"median":3096541.25,"min":738396.5,"var":16590993096700},"spectral_strongpeak":{"dmean":0.506661593914,"dmean2":0.839760959148,"dvar":1.02168512344,"dvar2":2.43330383301,"max":17.1876220703,"mean":1.061424613,"median":0.397517234087,"min":0,"var":2.74540328979},"zerocrossingrate":{"dmean":0.00687427911907,"dmean2":0.00786679703742,"dvar":0.0000931218382902,"dvar2":0.000109523498395,"max":0.521484375,"mean":0.0439245700836,"median":0.03466796875,"min":0.00244140625,"var":0.00300035974942}},"metadata":{"audio_properties":{"analysis_sample_rate":44100,"bit_rate":320026,"codec":"mp3","downmix":"mix","equal_loudness":0,"length":316.995910645,"lossless":false,"md5_encoded":"b1a4af2a6fdc763ba1a56aa944c187d3","replay_gain":-4.14898872375,"sample_rate":44100},"tags":{"album":["Vagabonds of the Western World"],"albumartist":["Thin Lizzy"],"albumartistsort":["Thin Lizzy"],"artist":["Thin Lizzy"],"artistsort":["Thin Lizzy"],"asin":["B000001F75"],"barcode":["042282096920"],"catalognumber":["820 969-2"],"date":["1991-10-08"],"file_name":"03 - Slow Blues.mp3","label":["Deram"],"media":["CD"],"musicbrainz album release country":["US"],"musicbrainz album status":["official"],"musicbrainz album type":["album"],"musicbrainz_albumartistid":["6a726ac6-019e-455c-8bbb-571a77bed52e"],"musicbrainz_albumid":["8dc5c996-c07e-442f-a969-a9a894e991a5"],"musicbrainz_artistid":["6a726ac6-019e-455c-8bbb-571a77bed52e"],"musicbrainz_recordingid":["4745cd6d-8d5f-4ec8-b1eb-c27bbc1ed2a5"],"musicbrainz_releasegroupid":["5ad79fbc-05c7-3e37-896b-23dfc553ef94"],"originaldate":["1973"],"script":["Latn"],"title":["Slow Blues"],"tracknumber":["3/12"]},"version":{"essentia":"2.1-beta2","essentia_build_sha":"70f2e5ece6736b2c40cc944ad0e695b16b925413","essentia_git_sha":"v2.1_beta2","extractor":"music 1.0"}},"rhythm":{"beats_count":825,"beats_loudness":{"dmean":0.0168411582708,"dmean2":0.0290843974799,"dvar":0.000275097991107,"dvar2":0.000741366529837,"max":0.139100447297,"mean":0.0364198647439,"median":0.0358319766819,"min":0,"var":0.000440999894636},"beats_loudness_band_ratio":{"dmean":[0.190879762173,0.183897048235,0.139893949032,0.0836732238531,0.047273222357,0.0305162835866],"dmean2":[0.32899326086,0.33160507679,0.250331580639,0.145679503679,0.0800403878093,0.0558347888291],"dvar":[0.0285449996591,0.0394739694893,0.0322522297502,0.012207230553,0.0060824