{"lowlevel":{"average_loudness":0.952683568001,"barkbands":{"dmean":[0.000104876227851,0.010598433204,0.0066516851075,0.0034699391108,0.00357288541272,0.000654845207464,0.000242665220867,0.000193694679183,0.000122668483527,0.000049852355005,0.0000370170746464,0.0000551272532903,0.000054651456594,0.0000413124798797,0.0000579353509238,0.0000887360511115,0.00012430229981,0.000166619531228,0.000212233208003,0.000250280863838,0.00022745555907,0.000283756933641,0.000381974328775,0.000406580336858,0.000338231009664,0.000207058648812,0.0000158573875524],"dmean2":[0.00017164023302,0.0177713520825,0.0119519773871,0.00612706225365,0.00580205162987,0.0010875009466,0.000415518123191,0.000325199274812,0.000205311065656,0.0000812131547718,0.0000627203189651,0.0000899749793462,0.0000882737804204,0.0000681274177623,0.0000927067521843,0.000143088793266,0.000195495653315,0.000258034939179,0.00033378371154,0.000400006450946,0.000364325620467,0.000453543179901,0.000609816343058,0.00064859300619,0.000523727794643,0.000298852333799,0.0000244307775574],"dvar":[4.45799237525e-8,0.000406687962823,0.000276266771834,0.0000936270880629,0.0000475682718388,0.00000114123417916,2.73715670573e-7,1.0265527095e-7,1.66087573916e-7,2.33411530104e-8,7.39029193397e-9,1.94712335144e-8,2.23368132879e-8,1.33910811329e-8,1.52413761612e-8,2.69769202532e-8,8.99222811768e-8,1.30058197101e-7,1.58877995204e-7,2.44822672357e-7,2.66375252522e-7,6.40668929464e-7,9.44333919506e-7,7.20732657555e-7,8.37055608827e-7,6.07299341482e-7,5.23904519767e-9],"dvar2":[1.05311187326e-7,0.00104772450868,0.000823270413093,0.000259717897279,0.000125432939967,0.00000317235844705,7.85798704328e-7,2.67267125764e-7,3.59067996669e-7,5.67935565243e-8,1.80499952762e-8,4.94348668667e-8,5.09705202489e-8,3.45085489073e-8,3.56343150543e-8,6.17820035131e-8,2.15857753005e-7,2.91461645929e-7,3.77510559701e-7,6.16087731942e-7,6.77069010635e-7,0.00000166742825058,0.00000233553737417,0.00000177575418547,0.0000019291951503,0.00000131000444981,1.19881731209e-8],"max":[0.00261707068421,0.193892508745,0.17751711607,0.0850755721331,0.0870221555233,0.0136338118464,0.00962553825229,0.00630262680352,0.0172077324241,0.00554530508816,0.00214280141518,0.00445999251679,0.00358346640132,0.00449666054919,0.00204243301414,0.00375505699776,0.00707267550752,0.00703638978302,0.00730708520859,0.0076829767786,0.0076516373083,0.0119114238769,0.0171243958175,0.0126437181607,0.0197557732463,0.0179873853922,0.00173298607115],"mean":[0.000119723830721,0.0171641893685,0.00790085550398,0.00319699244574,0.00487441523001,0.00102961750235,0.000331344665028,0.000277257029666,0.000199758404051,0.000068061031925,0.0000468061189167,0.0000846711191116,0.000088841879915,0.0000636377735646,0.0000910867602215,0.000166305922903,0.000203443341888,0.000285576999886,0.000382562866434,0.000496923516039,0.000482641306007,0.000600406841841,0.000888073351234,0.000977222807705,0.000814921280835,0.000357359007467,0.0000212790546357],"median":[0.0000285607311525,0.0116092134267,0.00350706139579,0.00105609931052,0.00227604852989,0.000583209795877,0.000180019706022,0.000162496216944,0.0000691447057761,0.00002497792957,0.0000197355184355,0.0000338601785188,0.0000337096644216,0.0000328603346134,0.0000349769579771,0.000113452588266,0.0000846417533467,0.000120067794342,0.000163633390912,0.000141825817991,0.000142226344906,0.000164447556017,0.000188022255315,0.000181463270565,0.000103678554296,0.0000211068709177,5.37513699328e-7],"min":[2.25343229395e-23,3.21805203994e-23,2.69809740901e-23,1.43534488105e-23,1.08188234183e-22,2.71907606037e-23,1.60786103019e-23,1.54338758618e-23,1.05538663395e-23,4.75234642646e-23,6.45518946508e-23,1.40852338939e-22,1.04363539903e-22,1.46446814261e-22,1.41467435875e-22,1.37678707341e-22,1.21727270884e-22,3.01568826561e-22,2.39660789768e-22,3.98768379796e-22,4.35537300184e-22,4.55123769828e-22,7.59094015202e-22,1.1097431672e-21,1.28692400233e-21,1.71045542014e-21,2.1211845216e-21],"var":[6.07396302144e-8,0.000481333874632,0.000200865397346,0.000064364168793,0.0000563303910894,0.00000180346034995,2.63965517888e-7,1.44182962458e-7,5.32387332441e-7,3.57803386919e-8,1.04037134463e-8,3.39805517058e-8,4.49727082241e-8,1.70212661743e-8,2.60712837985e-8,4.91855871587e-8,1.45088662862e-7,2.45375105123e-7,3.52753517063e-7,7.19761601431e-7,6.67452013658e-7,0.00000119833612189,0.00000261438640337,0.00000283638269138,0.00000285366922981,0.00000128960596157,7.6422121964e-9]},"barkbands_crest":{"dmean":2.91616630554,"dmean2":4.80678319931,"dvar":7.66716814041,"dvar2":21.2448501587,"max":26.0929660797,"mean":12.6010551453,"median":12.1271038055,"min":2.33431434631,"var":22.8856315613},"barkbands_flatness_db":{"dmean":0.0262589342892,"dmean2":0.0418319813907,"dvar":0.000748072110582,"dvar2":0.00184326514136,"max":0.464710503817,"mean":0.168222174048,"median":0.157793492079,"min":0.0391784049571,"var":0.00423954054713},"barkbands_kurtosis":{"dmean":10.2317552567,"dmean2":16.7946224213,"dvar":782.649536133,"dvar2":2382.40307617,"max":806.551940918,"mean":17.7524318695,"median":5.8430891037,"min":-1.91256678104,"var":1411.3104248},"barkbands_skewness":{"dmean":0.910999834538,"dmean2":1.41650438309,"dvar":1.35032081604,"dvar2":3.46528506279,"max":22.4993267059,"mean":2.66878843307,"median":2.46983289719,"min":-8.54889297485,"var":7.67527246475},"barkbands_spread":{"dmean":8.50715351105,"dmean2":12.9156532288,"dvar":115.877090454,"dvar2":248.23777771,"max":111.624771118,"mean":32.23645401,"median":23.2762908936,"min":0.223014742136,"var":779.496154785},"dissonance":{"dmean":0.00970168318599,"dmean2":0.0160991549492,"dvar":0.000104937527794,"dvar2":0.000284183071926,"max":0.500000059605,"mean":0.478650212288,"median":0.483390152454,"min":0.380171149969,"var":0.000272876437521},"dynamic_complexity":5.5893573761,"erbbands":{"dmean":[0.182485088706,2.82693123817,7.75328588486,9.83760356903,11.255320549,11.785902977,10.3097381592,4.95347118378,3.72124528885,3.2208533287,4.03316831589,2.70624375343,1.86368262768,1.35023081303,1.63728535175,2.21616864204,2.15696382523,2.33978891373,2.63537430763,3.22847056389,5.04665803909,7.06758451462,8.81594848633,8.18182754517,11.7684650421,12.2107629776,9.9067440033,9.39776992798,10.2143421173,12.1096506119,9.83391952515,9.38420200348,6.6038517952,4.12600278854,2.4410636425,1.01805782318,0.371330440044,0.0709086433053,0.00160081440117,0.0000647435081191],"dmean2":[0.306824505329,4.75463151932,13.6550979614,17.6720943451,19.8818397522,19.0504055023,15.3745470047,8.24857807159,6.3875246048,5.50578022003,6.73593044281,4.53683900833,3.05336761475,2.27896428108,2.76138138771,3.64079523087,3.51806974411,3.78387355804,4.18562459946,5.13031959534,8.10638809204,11.1101942062,13.6478557587,12.8616409302,18.1928958893,19.266834259,16.075504303,14.9472808838,16.2943496704,19.29246521,15.751502037,15.1002788544,10.568148613,6.57604217529,3.76120638847,1.50407516956,0.536123931408,0.10478091985,0.00236493372358,0.000096172116173],"dvar":[0.137354359031,29.3204517365,324.205749512,737.635986328,871.55456543,445.38369751,351.459899902,81.6441497803,72.6520080566,36.6104354858,48.7502365112,61.1362876892,49.4498558044,9.04223918915,13.9222221375,32.7100601196,34.0929870605,53.4233703613,35.0180435181,42.0568962097,79.1707382202,344.83026123,479.884155273,276.407745361,499.867431641,579.623779297,485.974731445,501.047637939,731.241333008,1153.10021973,612.160766602,377.245910645,212.159088135,107.868385315,54.6377601624,12.1995277405,2.30834650993,0.0952845588326,0.0000489394005854,3.6795658076e-8],"dvar2":[0.364736020565,76.3495788574,947.368469238,2090.80786133,2410.23217773,1185.17858887,713.473449707,222.06942749,215.772949219,103.640579224,122.009902954,143.25541687,118.839805603,21.9021034241,34.2681083679,83.7300567627,84.4067306519,135.196258545,76.7390441895,93.6812591553,185.890472412,820.486755371,1057.29797363,681.31036377,1104.78173828,1453.79553223,1265.640625,1266.30700684,1888.85949707,2915.8137207,1555.15991211,956.745239258,522.845458984,257.997192383,128.383392334,28.0145130157,4.96572446823,0.202924966812,0.00010551813466,7.93948089495e-8],"max":[3.61159038544,50.7156333923,182.841140747,230.985733032,396.26675415,225.037811279,344.142944336,151.996520996,128.325912476,101.793922424,168.408706665,260.31640625,296.813018799,61.5723228455,80.125328064,188.883224487,164.503768921,297.723144531,119.681121826,166.52130127,132.593414307,467.068084717,467.158752441,424.273376465,318.111328125,382.460693359,406.209014893,353.792694092,409.33996582,502.787780762,395.126159668,317.645019531,209.840179443,171.089492798,203.402267456,81.5666885376,36.1089744568,6.48842906952,0.160312905908,0.0042197839357],"mean":[0.249084919691,4.61292886734,10.5967931747,10.1663036346,11.4912633896,16.2140140533,16.9025058746,7.65320396423,5.42540550232,4.70009565353,6.063580513,4.51550006866,3.19727873802,1.94306230545,2.42771625519,3.45256471634,3.67868304253,4.01712036133,4.27493524551,5.95521211624,9.74364376068,12.0625448227,15.0480165482,15.841178894,22.1114063263,24.7711734772,19.4635848999,20.6944599152,21.5769309998,26.0070476532,22.6119766235,21.4488983154,15.6874780655,10.0437707901,5.15630817413,1.90128135681,0.604275941849,0.103587977588,0.0024219029583,0.000133321256726],"median":[0.1421033144,3.12448453903,5.73709106445,4.21298313141,4.17033100128,7.41818141937,7.1812171936,4.35287570953,3.39794492722,2.94250106812,3.54322195053,1.89051771164,0.893998861313,0.849284529686,0.92170894146,1.5356580019,1.57926154137,1.9511744976,1.49857139587,3.51912927628,6.43003749847,4.96695041656,5.94443130493,7.17123222351,8.6846370697,7.32341003418,5.47354507446,6.16926956177,5.9689874649,5.46735715866,5.01773357391,4.08080387115,2.76557636261,1.42042040825,0.558951973915,0.156107544899,0.0275140404701,0.00339630339295,0.000115947274026,0.0000559005638934],"min":[9.42923900154e-22,7.42811259688e-21,2.25984208542e-20,5.24625280215e-20,1.28172049505e-19,5.66744347654e-19,2.72453544838e-19,1.89785372913e-19,1.04819125226e-19,2.96469415604e-19,4.79846387667e-19,2.32221366849e-19,9.72261267755e-19,1.84005975711e-18,3.80958196547e-18,5.36855272234e-18,4.26302542007e-18,6.72704343646e-18,7.13324412473e-18,9.08952048315e-18,6.22607597412e-18,6.89287577848e-18,1.18480859351e-17,1.61408216149e-17,1.65579803783e-17,1.84367358513e-17,1.43773387233e-17,1.86196238303e-17,1.94986819022e-17,2.29225578198e-17,1.87636425924e-17,1.70782306615e-17,2.10193657772e-17,1.3319746124e-17,9.14567033031e-18,7.32774737397e-18,3.34023658398e-18,1.2144857039e-18,3.20348594774e-19,2.65301153188e-20],"var":[0.140221476555,34.2028923035,265.195648193,502.908050537,643.476257324,575.343017578,912.029663086,112.893798828,66.8742752075,39.2576217651,75.0438613892,170.822723389,190.171539307,14.1363277435,29.1398181915,51.2641601563,56.9333190918,83.2194824219,68.7430801392,82.5257415771,139.968109131,539.283508301,817.412536621,640.268920898,1236.32556152,1745.78198242,1193.40393066,1218.31506348,1496.82751465,2571.36450195,1596.74658203,1337.10778809,785.948913574,383.874603271,142.226974487,27.0431156158,4.45586633682,0.166883558035,0.0000842351582833,8.09059912399e-8]},"erbbands_crest":{"dmean":1.92776012421,"dmean2":3.08511662483,"dvar":4.09416818619,"dvar2":9.64970493317,"max":27.1885089874,"mean":7.11475276947,"median":6.03355407715,"min":2.24690008163,"var":13.17000103},"erbbands_flatness_db":{"dmean":0.0136533919722,"dmean2":0.0203906018287,"dvar":0.000266104587354,"dvar2":0.000534778402653,"max":0.368396490812,"mean":0.124065645039,"median":0.112540900707,"min":0.0380145311356,"var":0.00240992987528},"erbbands_kurtosis":{"dmean":1.13567090034,"dmean2":1.74694120884,"dvar":5.84648656845,"dvar2":14.1186056137,"max":59.5106124878,"mean":0.783731997013,"median":-0.656054258347,"min":-1.83926212788,"var":19.0152854919},"erbbands_skewness":{"dmean":0.403380304575,"dmean2":0.591882765293,"dvar":0.184486493468,"dvar2":0.413474023342,"max":5.24165678024,"mean":-0.262605518103,"median":-0.305930495262,"min":-5.13820648193,"var":1.41472697258},"erbbands_spread":{"dmean":12.4576807022,"dmean2":19.0537948608,"dvar":188.88180542,"dvar2":428.74420166,"max":158.808502197,"mean":70.9556808472,"median":70.4119873047,"min":2.56091594696,"var":1020.11889648},"gfcc":{"cov":[[24048.46875,-2006.28344727,341.627410889,1162.55322266,-1167.87988281,417.067138672,-705.512451172,117.49874115,-602.874511719,3.73947095871,-389.629394531,-124.541275024,-276.197906494],[-2006.28344727,3137.71777344,-554.209777832,-144.602325439,679.246704102,-355.600311279,312.586242676,-175.263824463,262.998443604,-247.394378662,118.486656189,-224.793045044,120.392402649],[341.627410889,-554.209777832,1133.70043945,216.970916748,-83.5500411987,237.063095093,59.0331535339,44.5292167664,-34.5318908691,106.986579895,-140.235107422,33.099281311,-49.3160018921],[1162.55322266,-144.602325439,216.970916748,426.390258789,-79.9651641846,77.69921875,2.4895825386,11.4980916977,12.8232116699,25.3985118866,8.05473709106,-38.7003288269,26.8320426941],[-1167.87988281,679.246704102,-83.5500411987,-79.9651641846,376.93850708,-65.5101242065,106.827323914,-9.62725353241,69.3495178223,-44.8137054443,21.238986969,-36.375164032,22.6984882355],[417.067138672,-355.600311279,237.063095093,77.69921875,-65.5101242065,212.944900513,52.775680542,51.3911819458,-32.9002990723,32.0192947388,-31.283706665,19.3650989532,-23.1781749725],[-705.512451172,312.586242676,59.0331535339,2.4895825386,106.827323914,52.775680542,237.774490356,33.8044471741,35.1056365967,-10.8484773636,1.59858596325,-40.4109420776,-8.03855800629],[117.49874115,-175.263824463,44.5292167664,11.4980916977,-9.62725353241,51.3911819458,33.8044471741,105.773208618,1.9828004837,25.117149353,-1.61363124847,6.83382940292,-18.6968364716],[-602.874511719,262.998443604,-34.5318908691,12.8232116699,69.3495178223,-32.9002990723,35.1056365967,1.9828004837,128.072891235,17.1457462311,22.2522945404,-22.9343624115,30.6797542572],[3.73947095871,-247.394378662,106.986579895,25.3985118866,-44.8137054443,32.0192947388,-10.8484773636,25.117149353,17.1457462311,95.472442627,-2.97975635529,24.8816242218,-7.00524330139],[-389.629394531,118.486656189,-140.235107422,8.05473709106,21.238986969,-31.283706665,1.59858596325,-1.61363124847,22.2522945404,-2.97975635529,93.7480773926,12.4889469147,28.9200553894],[-124.541275024,-224.793045044,33.099281311,-38.7003288269,-36.375164032,19.3650989532,-40.4109420776,6.83382940292,-22.9343624115,24.8816242218,12.4889469147,80.0156173706,7.09390258789],[-276.197906494,120.392402649,-49.3160018921,26.8320426941,22.6984882355,-23.1781749725,-8.03855800629,-18.6968364716,30.6797542572,-7.00524330139,28.9200553894,7.09390258789,65.08177948]],"icov":[[0.0000823988739285,-0.0000928223016672,0.0000905114284251,-0.000262625108007,0.000170969797182,-0.000153072469402,0.000290207972284,-0.00019491474086,0.000316317862598,-0.0000931056929403,0.000364412699128,0.0000224194573093,0.000240453417064],[-0.0000928223016672,0.00127966736909,-0.000162800264661,0.000463086471427,-0.00121715047862,0.00106368726119,-0.00128460733686,0.00138879346196,-0.00147167185787,0.0017300772015,-0.00115327816457,0.00145470793359,-0.00079790171003],[0.0000905114284251,-0.000162800264661,0.00179879530333,-0.0011629613582,-0.000026387257094,-0.00118967983872,-0.0000383184778912,0.000165232268046,0.000349481066223,-0.00135820242576,0.00281083094887,-0.00136281002779,0.000744607241359],[-0.000262625108007,0.000463086471427,-0.0011629613582,0.00454117311165,0.0000659029756207,-0.00042125248001,-0.000434873043559,0.000503078568727,-0.000930194393732,0.000088079526904,-0.00321072060615,0.00394418090582,-0.0033620770555],[0.000170969797182,-0.00121715047862,-0.000026387257094,0.0000659029756207,0.00518537545577,-0.0000892357420526,-0.000139934010804,-0.00152773922309,0.000183809243026,-0.0000895960911294,0.000972022593487,-0.000759688555263,0.000188096077181],[-0.000153072469402,0.00106368726119,-0.00118967983872,-0.00042125248001,-0.0000892357420526,0.0092263109982,-0.00355869857594,-0.0011700107716,-0.0000272010311164,0.00127075228374,-0.000243524598773,-0.00126114545856,-0.00040852377424],[0.000290207972284,-0.00128460733686,-0.0000383184778912,-0.000434873043559,-0.000139934010804,-0.00355869857594,0.00828540790826,-0.00294401985593,0.00104045670014,-0.000981362303719,0.000350668065948,0.00227825297043,0.001716962317],[-0.00019491474086,0.00138879346196,0.000165232268046,0.000503078568727,-0.00152773922309,-0.0011700107716,-0.00294401985593,0.013763059862,-0.00276437727734,-0.000431239954196,-0.00226167286746,0.00017531454796,0.00247053662315],[0.000316317862598,-0.00147167185787,0.000349481066223,-0.000930194393732,0.000183809243026,-0.0000272010311164,0.00104045670014,-0.00276437727734,0.0144890444353,-0.00672759814188,0.000932091090363,0.00309866038151,-0.00433258060366],[-0.0000931056929403,0.0017300772015,-0.00135820242576,0.000088079526904,-0.0000895960911294,0.00127075228374,-0.000981362303719,-0.000431239954196,-0.00672759814188,0.0180201176554,-0.00222308957018,-0.002848129021,0.00198704190552],[0.000364412699128,-0.00115327816457,0.00281083094887,-0.00321072060615,0.000972022593487,-0.000243524598773,0.000350668065948,-0.00226167286746,0.000932091090363,-0.00222308957018,0.0190495215356,-0.00632354943082,-0.00235295109451],[0.0000224194573093,0.00145470793359,-0.00136281002779,0.00394418090582,-0.000759688555263,-0.00126114545856,0.00227825297043,0.00017531454796,0.00309866038151,-0.002848129021,-0.00632354943082,0.0235346909612,-0.00662967888638],[0.000240453417064,-0.00079790171003,0.000744607241359,-0.0033620770555,0.000188096077181,-0.00040852377424,0.001716962317,0.00247053662315,-0.00433258060366,0.00198704190552,-0.00235295109451,-0.00662967888638,0.0245472881943]],"mean":[-29.4406833649,56.62758255,-73.4178543091,70.5020217896,-54.6326789856,15.1457920074,-44.7129020691,13.4581851959,-23.0658130646,4.97831535339,-13.5961914063,1.24258732796,-12.4999866486]},"hfc":{"dmean":15.2079639435,"dmean2":22.6487960815,"dvar":1244.70825195,"dvar2":3025.23486328,"max":575.16998291,"mean":44.3807449341,"median":17.7457962036,"min":1.17206384131e-16,"var":4591.69189453},"melbands":{"dmean":[0.00234831916168,0.00387897528708,0.00171965733171,0.000804626033641,0.000410221371567,0.000109537832031,0.000055183256336,0.0000370385205315,0.000030851970223,0.0000169849299709,0.00000933355113375,0.0000055561422414,0.00000525013501829,0.00000626275323157,0.00000462713114757,0.00000583274413657,0.00000428878956882,0.00000423152914664,0.00000428586236012,0.00000562948844163,0.00000627730332781,0.00000741968688089,0.00000824099970487,0.00000861703392729,0.0000067904657044,0.00000883061875356,0.0000084605480879,0.00000901120802155,0.00000609833523413,0.00000604654633207,0.00000571779946767,0.00000674591274219,0.0000056192025113,0.00000812691359897,0.00000625109578323,0.00000602449199505,0.000006247229976,0.00000517923854204,0.00000409766107623,0.00000375736021851],"dmean2":[0.00392938451841,0.0066671166569,0.00308253895491,0.00136522459798,0.000607537163887,0.000182964286068,0.0000944476996665,0.0000632975643384,0.0000514962666784,0.0000284250781988,0.0000152892753249,0.00000942687256611,0.00000885750068846,0.0000103752945506,0.00000774522050051,0.00000925190943235,0.00000702683473719,0.00000682592644807,0.00000689837725076,0.00000901328348846,0.0000102434023574,0.0000117727931865,0.00001297819108,0.000013572564967,0.0000109256707219,0.0000139310177474,0.0000132223458422,0.0000143985826071,0.00000994594847725,0.00000968681433733,0.00000922327490116,0.0000109562497528,0.00000913933126867,0.0000130846856337,0.0000101195919342,0.0000100289635157,0.0000101833575172,0.00000850173637446,0.00000642946952212,0.00000601983811066],"dvar":[0.0000204610023502,0.0000662368620397,0.0000227816617553,0.00000319348714584,5.33432341854e-7,3.78607118989e-8,1.54301478261e-8,4.25228696699e-9,2.86548362816e-9,3.13432146903e-9,1.28166466329e-9,1.54896817595e-10,1.4399526016e-10,2.68100180945e-10,1.0353862212e-10,2.90544061032e-10,1.93989949104e-10,9.7126903742e-11,8.69879446252e-11,1.36138059159e-10,1.12574768951e-10,3.87625542775e-10,4.68670546816e-10,3.64252517038e-10,2.1581773868e-10,2.73752048807e-10,2.8818192277e-10,3.50996398613e-10,1.82838591489e-10,1.81445997116e-10,1.97938998525e-10,2.79510137258e-10,3.09486464234e-10,4.84650541921e-10,2.52945636658e-10,1.66694519299e-10,1.6401467684e-10,1.22520216195e-10,9.4025537356e-11,8.81120176821e-11],"dvar2":[0.0000531158621015,0.0001823133789,0.000064635554736,0.00000878816263139,0.00000106992285964,1.0531433503e-7,4.55173676528e-8,1.19248610986e-8,7.23732807018e-9,6.94245194666e-9,3.06303671316e-9,3.7563399613e-10,3.59696578078e-10,6.91262047603e-10,2.56629523188e-10,6.70401734126e-10,5.12468401048e-10,2.12021455948e-10,2.11870160305e-10,2.98286201295e-10,2.70641703493e-10,9.18623233037e-10,1.14858733635e-9,8.2041057281e-10,5.46159839576e-10,6.25440088609e-10,6.65073329742e-10,9.00551300198e-10,4.78689921035e-10,4.52590159794e-10,5.0354315162e-10,7.30878468858e-10,8.26247292807e-10,1.18221543666e-9,6.31811936103e-10,4.37308300683e-10,4.19145024244e-10,3.11752901272e-10,2.25310103907e-10,2.18987314393e-10],"max":[0.0452650077641,0.0760068371892,0.0380619242787,0.0239354092628,0.013828150928,0.00309241586365,0.00194837164599,0.00106497772504,0.00122091697995,0.00229122908786,0.00150309829041,0.000235730869463,0.000317399215419,0.000487234588945,0.000232715115999,0.000464707001811,0.000563491135836,0.000240964523982,0.00014799303608,0.000382129859645,0.000174747212441,0.000492107123137,0.000651724520139,0.000365101092029,0.000391747424146,0.000248594558798,0.000253549980698,0.000315905082971,0.000258219224634,0.000192855906789,0.000216231186641,0.000245123839704,0.000330841605319,0.000442996184574,0.0002520843409,0.000154479363118,0.000200544847758,0.000160035924637,0.000153827320901,0.000166726968018],"mean":[0.00362616544589,0.00611651223153,0.00181705632713,0.000974137394223,0.000670249050017,0.000168617218151,0.0000802130234661,0.0000536580300832,0.0000461503113911,0.0000284329125861,0.0000155941906996,0.00000769368398323,0.00000711799111741,0.0000095417153716,0.00000728186068955,0.00000960580746323,0.00000687096189722,0.00000639338941255,0.00000679620461597,0.00000989055934042,0.0000114844788186,0.0000119143915072,0.0000129072104755,0.0000141911450555,0.0000121248349387,0.0000154659392138,0.0000156360802066,0.0000171964675246,0.0000113866353786,0.0000122717756312,0.0000115899165394,0.0000130407424876,0.0000108463509605,0.0000163908698596,0.0000131846882141,0.0000127498415168,0.0000131409960886,0.0000113030910143,0.00000941566850088,0.000008279343092],"median":[0.00235781213269,0.00410420121625,0.000797427666839,0.000459903676528,0.000284152221866,0.0000977545423666,0.0000496649445267,0.0000334419637511,0.0000267388422799,0.00000967058349488,0.00000402813384426,0.00000322244250128,0.00000281029474536,0.00000356929058398,0.00000349100901076,0.00000351459448211,0.00000339471853295,0.00000218470813707,0.00000293212883662,0.00000619984530204,0.00000745819124859,0.00000477927596876,0.00000425533744419,0.00000592604601479,0.00000501258682561,0.00000617783462076,0.00000542581437912,0.00000429708870797,0.00000295090421787,0.00000316816385748,0.00000342808880305,0.00000335078902935,0.00000265507378572,0.00000310093719236,0.0000028597983146,0.00000253015650742,0.00000239221071752,0.00000212725512938,0.0000013880098777,0.00000111984445539],"min":[9.84898993283e-24,1.1965812975e-23,9.45190811872e-24,2.61577709142e-23,1.28868909123e-23,4.34323779676e-24,2.20186441713e-24,2.97713186845e-24,3.87569847647e-24,1.32191926521e-24,5.12565489168e-24,7.00537435031e-24,1.13740166237e-23,1.91080586367e-23,5.65107411988e-24,1.20649175705e-23,1.3222201762e-23,1.17525081417e-23,1.291624206e-23,1.16605679809e-23,6.10612577204e-24,7.10670590017e-24,5.95237441503e-24,1.67746617216e-23,1.25594268619e-23,9.390173442e-24,1.44642269697e-23,1.21686188586e-23,8.22596384061e-24,8.25567707546e-24,1.16767199079e-23,1.10454323908e-23,8.87276509629e-24,1.49166118776e-23,1.12632881627e-23,8.60187893891e-24,1.14851900022e-23,1.4098709847e-23,1.69440601347e-23,9.11359880863e-24],"var":[0.0000233299051615,0.0000657027921989,0.0000153914479597,0.00000282135329144,0.00000135451932692,5.09238624602e-8,1.43089327054e-8,4.73631089903e-9,4.3367403002e-9,1.0432191111e-8,4.98176211394e-9,2.39828656934e-10,2.42016351404e-10,4.80870843145e-10,1.7795587226e-10,5.75623992916e-10,2.57053933694e-10,1.84502108036e-10,1.32006669484e-10,2.65567151603e-10,1.93969493245e-10,5.74300440537e-10,7.41813610539e-10,6.3333843725e-10,4.64528360222e-10,6.01896754659e-10,7.88063225787e-10,9.90224902075e-10,4.39623254467e-10,4.7872728004e-10,4.04677347188e-10,5.74525871322e-10,4.5460360476e-10,1.13428089143e-9,6.0232063781e-10,4.72841488186e-10,5.26198973283e-10,3.96057797669e-10,3.45249884237e-10,2.68104954904e-10]},"melbands_crest":{"dmean":3.1062438488,"dmean2":5.04043388367,"dvar":8.26352405548,"dvar2":22.1655979156,"max":39.2569618225,"mean":17.6015930176,"median":17.5403785706,"min":2.5277235508,"var":34.8274002075},"melbands_flatness_db":{"dmean":0.0315154604614,"dmean2":0.0498321391642,"dvar":0.00115770159755,"dvar2":0.00273573282175,"max":0.587625741959,"mean":0.236015304923,"median":0.231670081615,"min":0.00982739403844,"var":0.00792915374041},"melbands_kurtosis":{"dmean":27.2198829651,"dmean2":44.1471481323,"dvar":2168.9519043,"dvar2":5513.32324219,"max":763.632385254,"mean":61.6105041504,"median":37.256023407,"min":-1.90255212784,"var":6327.09960938},"melbands_skewness":{"dmean":1.3219858408,"dmean2":2.07785129547,"dvar":2.44590306282,"dvar2":5.74188137054,"max":23.9613170624,"mean":5.60421085358,"median":5.29186153412,"min":-4.87845849991,"var":12.3207817078},"melbands_spread":{"dmean":9.63181114197,"dmean2":14.8989210129,"dvar":290.150238037,"dvar2":618.1796875,"max":288.065216064,"mean":28.3915958405,"median":12.0507736206,"min":0.344820320606,"var":1539.99719238},"mfcc":{"cov":[[17302.8085938,-973.281982422,1167.25195313,516.233520508,-110.493141174,14.5280675888,-55.9861831665,-96.1278076172,-136.919036865,-18.6319580078,-171.842086792,-136.120407104,-97.1470336914],[-973.281982422,2812.08886719,-722.241821289,307.771362305,164.355224609,6.48550510406,8.65424060822,65.9058532715,80.0515823364,-23.563659668,6.11010980606,42.5692214966,-45.9085006714],[1167.25195313,-722.241821289,1096.76831055,108.790275574,-16.2634353638,177.911697388,60.2792434692,-2.5520837307,79.6037139893,61.0341339111,-49.6057815552,5.30955123901,16.7078590393],[516.233520508,307.771362305,108.790275574,331.355407715,65.6163024902,49.6857414246,12.5106725693,-4.95213603973,27.7781352997,48.2745018005,-13.0449752808,-2.86194038391,13.6181268692],[-110.493141174,164.355224609,-16.2634353638,65.6163024902,179.994293213,15.8092842102,-16.6240615845,3.18726801872,8.94871139526,8.67796993256,-10.3217163086,-7.45427942276,-0.503560125828],[14.5280675888,6.48550510406,177.911697388,49.6857414246,15.8092842102,149.837799072,56.9416694641,21.2410888672,57.1093215942,21.2668151855,-2.82298994064,16.7565612793,2.24598503113],[-55.9861831665,8.65424060822,60.2792434692,12.5106725693,-16.6240615845,56.9416694641,170.05090332,70.1153869629,32.1532592773,26.928812027,3.47882890701,6.65070390701,16.2780361176],[-96.1278076172,65.9058532715,-2.5520837307,-4.95213603973,3.18726801872,21.2410888672,70.1153869629,94.5011367798,30.1671142578,12.1103858948,9.26660346985,9.41863918304,-0.794371247292],[-136.919036865,80.0515823364,79.6037139893,27.7781352997,8.94871139526,57.1093215942,32.1532592773,30.1671142578,109.401222229,45.5425605774,11.6335515976,21.7147636414,4.30458879471],[-18.6319580078,-23.563659668,61.0341339111,48.2745018005,8.67796993256,21.2668151855,26.928812027,12.1103858948,45.5425605774,85.0816574097,17.1111297607,11.8979120255,14.6780118942],[-171.842086792,6.11010980606,-49.6057815552,-13.0449752808,-10.3217163086,-2.82298994064,3.47882890701,9.26660346985,11.6335515976,17.1111297607,65.5526809692,22.2311267853,-0.512195825577],[-136.120407104,42.5692214966,5.30955123901,-2.86194038391,-7.45427942276,16.7565612793,6.65070390701,9.41863918304,21.7147636414,11.8979120255,22.2311267853,59.9189414978,17.5561790466],[-97.1470336914,-45.9085006714,16.7078590393,13.6181268692,-0.503560125828,2.24598503113,16.2780361176,-0.794371247292,4.30458879471,14.6780118942,-0.512195825577,17.5561790466,64.1606674194]],"icov":[[0.0000705122802174,0.0000196974051505,-0.0000645945547149,-0.000145625686855,0.0000681754827383,0.0000695148701197,0.0000079961555457,-0.0000163428467204,0.0000843000452733,0.0000337373057846,0.0000906398272491,0.0000220957390411,0.000145762431202],[0.0000196974051505,0.000647822045721,0.000520850182511,-0.000797927554231,-0.000240975961788,-0.000044365406211,-0.0000897653299035,-0.000200018548639,-0.000695829978213,0.000629607064184,0.000418772833655,-0.000692401139531,0.000642496102955],[-0.0000645945547149,0.000520850182511,0.0017613779055,-0.000613425101619,0.00010282065341,-0.00151955347974,-0.0000100436054709,0.000139017414767,-0.000781082897447,-0.000250953860814,0.00130520504899,-0.000514347921126,0.000265645125182],[-0.000145625686855,-0.000797927554231,-0.000613425101619,0.0049446625635,-0.000994489295408,-0.000975161499809,0.000134974485263,0.000732300803065,0.000952198926825,-0.00286501576193,0.0000809783596196,0.00115021714009,-0.00140258518513],[0.0000681754827383,-0.000240975961788,0.00010282065341,-0.000994489295408,0.00656827306375,-0.0010346052004,0.00158170785289,-0.00118362426292,0.000292933546007,-0.000741557276342,0.000880790699739,0.00121451262385,-0.000388371496229],[0.0000695148701197,-0.000044365406211,-0.00151955347974,-0.000975161499809,-0.0010346052004,0.0116514787078,-0.00351096596569,0.00138244614936,-0.00437336508185,0.00210006441921,0.000198364417884,-0.00231650099158,0.00161650159862],[0.0000079961555457,-0.0000897653299035,-0.0000100436054709,0.000134974485263,0.00158170785289,-0.00351096596569,0.0105520896614,-0.0073951985687,0.00130164786242,-0.00220403331332,0.000295173522318,0.00194294832181,-0.00282394257374],[-0.0000163428467204,-0.000200018548639,0.000139017414767,0.000732300803065,-0.00118362426292,0.00138244614936,-0.0073951985687,0.0172041729093,-0.00345598720014,0.00100697111338,-0.00108558975626,-0.00143748172559,0.00205821241252],[0.0000843000452733,-0.000695829978213,-0.000781082897447,0.000952198926825,0.000292933546007,-0.00437336508185,0.00130164786242,-0.00345598720014,0.0165062751621,-0.00764852762222,-0.000024603021302,-0.00218685111031,0.0006539375172],[0.0000337373057846,0.000629607064184,-0.000250953860814,-0.00286501576193,-0.000741557276342,0.00210006441921,-0.00220403331332,0.00100697111338,-0.00764852762222,0.0192194506526,-0.00454141292721,0.000241351284785,-0.00231863069348],[0.0000906398272491,0.000418772833655,0.00130520504899,0.0000809783596196,0.000880790699739,0.000198364417884,0.000295173522318,-0.00108558975626,-0.000024603021302,-0.00454141292721,0.0205693189055,-0.00770019507036,0.0033032358624],[0.0000220957390411,-0.000692401139531,-0.000514347921126,0.00115021714009,0.00121451262385,-0.00231650099158,0.00194294832181,-0.00143748172559,-0.00218685111031,0.000241351284785,-0.00770019507036,0.0239441823214,-0.00751405861229],[0.000145762431202,0.000642496102955,0.000265645125182,-0.00140258518513,-0.000388371496229,0.00161650159862,-0.00282394257374,0.00205821241252,0.0006539375172,-0.00231863069348,0.0033032358624,-0.00751405861229,0.0197461117059]],"mean":[-673.696777344,75.4032287598,39.9907112122,49.9731407166,21.7810897827,7.65056657791,0.87319278717,4.41738414764,-2.0960714817,2.73525595665,0.94848960638,4.09729576111,1.22893643379]},"pitch_salience":{"dmean":0.0865540578961,"dmean2":0.141374319792,"dvar":0.0065993075259,"dvar2":0.0180620327592,"max":0.848566770554,"mean":0.493202745914,"median":0.49689489603,"min":0.0500321015716,"var":0.0219232924283},"silence_rate_20dB":{"dmean":0,"dmean2":0,"dvar":0,"dvar2":0,"max":1,"mean":1,"median":1,"min":1,"var":0},"silence_rate_30dB":{"dmean":0.0744844600558,"dmean2":0.149014770985,"dvar":0.0689392909408,"dvar2":0.148367106915,"max":1,"mean":0.932307720184,"median":1,"min":0,"var":0.0631091594696},"silence_rate_60dB":{"dmean":0.0221606642008,"dmean2":0.0443349741399,"dvar":0.0216691140085,"dvar2":0.0454489141703,"max":1,"mean":0.136615380645,"median":0,"min":0,"var":0.117952786386},"spectral_centroid":{"dmean":332.830230713,"dmean2":488.269897461,"dvar":159182.875,"dvar2":289827.875,"max":11083.4970703,"mean":1760.58850098,"median":1504.67504883,"min":126.997581482,"var":1413262},"spectral_complexity":{"dmean":3.80116963387,"dmean2":5.80849742889,"dvar":31.9421291351,"dvar2":68.024887085,"max":56,"mean":13.6433849335,"median":11,"min":0,"var":109.740852356},"spectral_contrast_coeffs":{"dmean":[0.0526215136051,0.0448273196816,0.0317965447903,0.026746019721,0.0211695283651,0.0158820599318],"dmean2":[0.087564855814,0.0740225538611,0.053545370698,0.0440327860415,0.0342779420316,0.0256204139441],"dvar":[0.00201297341846,0.00130324531347,0.000677901145536,0.00048444539425,0.000376341573428,0.000271123542916],"dvar2":[0.00558269955218,0.00357164861634,0.0018494304968,0.00127289700322,0.000870203250088,0.000653586408589],"max":[-0.31427821517,-0.517790138721,-0.502442419529,-0.575010538101,-0.575763523579,-0.637787938118],"mean":[-0.658414423466,-0.765278697014,-0.832480669022,-0.817473769188,-0.790386915207,-0.783207118511],"median":[-0.656246006489,-0.768941164017,-0.84176003933,-0.82206428051,-0.795315384865,-0.777171969414],"min":[-0.947521090508,-0.947715222836,-0.961525261402,-0.955589950085,-0.959561526775,-0.960678696632],"var":[0.00715250615031,0.00442324206233,0.00313663482666,0.00242691813037,0.00309622567147,0.00145462341607]},"spectral_contrast_valleys":{"dmean":[0.432950556278,0.385808676481,0.366784155369,0.310374140739,0.270782291889,0.300982028246],"dmean2":[0.697670757771,0.624303221703,0.586728692055,0.478411644697,0.396612673998,0.409216195345],"dvar":[0.19928021729,0.165639266372,0.19019202888,0.145527109504,0.1537745893,0.281049221754],"dvar2":[0.385933935642,0.31842058897,0.370173275471,0.24867759645,0.248979315162,0.512607038021],"max":[-4.73119878769,-5.11095285416,-5.94744682312,-6.3147892952,-5.4825220108,-6.94723653793],"mean":[-7.09195899963,-7.34100818634,-8.41175556183,-8.43267440796,-7.74012184143,-9.6356344223],"median":[-6.55909252167,-6.89645147324,-8.03977203369,-8.08054733276,-7.3843793869,-9.17049980164],"min":[-27.4787139893,-27.6366939545,-27.7575054169,-27.3291435242,-27.2604084015,-27.2031288147],"var":[2.52916765213,2.1756131649,2.05029845238,1.98184490204,2.29414010048,3.6114385128]},"spectral_decrease":{"dmean":5.11564524075e-9,"dmean2":8.51083381548e-9,"dvar":1.08454972069e-16,"dvar2":2.78385530807e-16,"max":-5.58772823289e-29,"mean":-9.85325865344e-9,"median":-7.89704035498e-9,"min":-8.03865205512e-8,"var":1.21480869725e-16},"spectral_energy":{"dmean":0.0200496353209,"dmean2":0.0332950465381,"dvar":0.00165669620037,"dvar2":0.00426259310916,"max":0.316113054752,"mean":0.0412139743567,"median":0.0337361544371,"min":1.08418530576e-20,"var":0.00190376071259},"spectral_energyband_high":{"dmean":0.00150833942462,"dmean2":0.00222962652333,"dvar":0.0000137533052111,"dvar2":0.0000330922157445,"max":0.0530684664845,"mean":0.00442322669551,"median":0.00109185371548,"min":7.85502180349e-21,"var":0.0000564710135222},"spectral_energyband_low":{"dmean":0.0160829741508,"dmean2":0.0270046703517,"dvar":0.00107927678619,"dvar2":0.0027575478889,"max":0.27559402585,"mean":0.0270760413259,"median":0.0197668075562,"min":7.49846053659e-23,"var":0.00121621321887},"spectral_energyband_middle_high":{"dmean":0.000680893135723,"dmean2":0.00102129939478,"dvar":0.00000157569502335,"dvar2":0.00000344697195942,"max":0.0165645759553,"mean":0.00169807218481,"median":0.000933313975111,"min":1.64461832592e-21,"var":0.00000434118010162},"spectral_energyband_middle_low":{"dmean":0.00685354042798,"dmean2":0.0116354580969,"dvar":0.000233335624216,"dvar2":0.000647496490274,"max":0.158782660961,"mean":0.00993344001472,"median":0.00601504091173,"min":2.06448521346e-22,"var":0.000200136331841},"spectral_entropy":{"dmean":0.155787453055,"dmean2":0.241689920425,"dvar":0.0360156744719,"dvar2":0.0784659832716,"max":9.79978656769,"mean":7.83740520477,"median":7.9358959198,"min":5.45630788803,"var":0.281458497047},"spectral_flux":{"dmean":0.033747844398,"dmean2":0.0529252178967,"dvar":0.00337228784338,"dvar2":0.00692685786635,"max":0.510598599911,"mean":0.095893368125,"median":0.0777107924223,"min":1.04124216194e-10,"var":0.00648279907182},"spectral_kurtosis":{"dmean":0.932607591152,"dmean2":1.56011343002,"dvar":2.56622767448,"dvar2":6.98644971848,"max":26.1656684875,"mean":2.24561786652,"median":1.26136088371,"min":-1.19522941113,"var":8.20053100586},"spectral_rms":{"dmean":0.00126166990958,"dmean2":0.00201335898601,"dvar":0.00000410791290051,"dvar2":0.00000986863233265,"max":0.0175614058971,"mean":0.00549822999164,"median":0.00573701318353,"min":3.25229426723e-12,"var":0.00000997827464744},"spectral_rolloff":{"dmean":740.367980957,"dmean2":1220.96838379,"dvar":2183955.75,"dvar2":4632521,"max":18863.0859375,"mean":2469.25927734,"median":344.53125,"min":21.533203125,"var":11250977},"spectral_skewness":{"dmean":0.155857115984,"dmean2":0.245375588536,"dvar":0.0401394553483,"dvar2":0.100931242108,"max":3.97867250443,"mean":1.09016382694,"median":1.0192899704,"min":-0.272595435381,"var":0.254063606262},"spectral_spread":{"dmean":645951.4375,"dmean2":953457.75,"dvar":950308634624,"dvar2":1666887974910,"max":39679396,"mean":6610520.5,"median":6656131.5,"min":1879337.125,"var":5593963167740},"spectral_strongpeak":{"dmean":0.334931850433,"dmean2":0.576116085052,"dvar":0.984557747841,"dvar2":2.80301070213,"max":17.5200157166,"mean":0.632343232632,"median":0.443466454744,"min":0,"var":1.22771048546},"zerocrossingrate":{"dmean":0.015386344865,"dmean2":0.0172376204282,"dvar":0.000406131788623,"dvar2":0.000457220885437,"max":0.5078125,"mean":0.091264270246,"median":0.06201171875,"min":0.001953125,"var":0.00693129748106}},"metadata":{"audio_properties":{"analysis_sample_rate":44100,"bit_rate":192000,"codec":"mp3","downmix":"mix","equal_loudness":0,"length":75.4416351318,"lossless":false,"md5_encoded":"c0682e5babf6e804503d9433824494ed","replay_gain":-5.87923622131,"sample_rate":44100},"tags":{"album":["Ozma"],"albumartist":["Melvins"],"albumartistsort":["Melvins"],"artist":["Melvins"],"artistsort":["Melvins"],"contentgroup":["Rock"],"date":["1988"],"discnumber":["1/1"],"file_name":"15 - Claude.mp3","genre":["Rock","Grunge","Stoner Rock","Sludge Metal","Experimental","Alternative"],"language":["eng"],"musicbrainz album release country":["US"],"musicbrainz album status":["official"],"musicbrainz album type":["album"],"musicbrainz_albumartistid":["9ccfbc94-a4f4-42f7-b6f5-d903ab77cccb"],"musicbrainz_albumid":["2d187c12-c53d-4d66-a40b-8e73df68c12b"],"musicbrainz_artistid":["9ccfbc94-a4f4-42f7-b6f5-d903ab77cccb"],"musicbrainz_recordingid":["47503bd4-f3c8-4778-900f-4b77c6f88dfa"],"musicip_puid":["0896988b-454f-532d-ae1d-a6e922e1fc37"],"script":["Latn"],"title":["Claude"],"tracknumber":["15/17"]},"version":{"essentia":"2.1-beta2","essentia_build_sha":"2d9f1f26377add8aeb1075a9c2973f962c4f09fd","essentia_git_sha":"v2.1_beta2-1-ge3940c0","extractor":"music 1.0"}},"rhythm":{"beats_count":141,"beats_loudness":{"dmean":0.0445225313306,"dmean2":0.0791769549251,"dvar":0.0013044886291,"dvar2":0.00321572576649,"max":0.195226788521,"mean":0.0715783163905,"median":0.0707488432527,"min":6.05406512477e-7,"var":0.00205443310551},"beats_loudness_band_ratio":{"dmean":[0.270403295755,0.132776781917,0.0241477750242,0.0174197256565,0.0386258810759,0.166968405247],"dmean2":[0.484677582979,0.23800162971,0.0449779257178,0.0332609415054,0.0654933676124,0.303882867098],"dvar":[0.0630525350571,0.0167512800545,0.00228042900562,0.00377125735395,0.00514750229195,0.0427015945315],"dvar2":[0.139979526401,0.04221044