{"lowlevel":{"average_loudness":0.649042308331,"barkbands":{"dmean":[0.00016829217202,0.00445534335449,0.00131250813138,0.0011629560031,0.0031868389342,0.000632090610452,0.000867870694492,0.000296783342492,0.000423694233177,0.000526050222106,0.00029235315742,0.000168209313415,0.000178594898898,0.0000986528903013,0.0000846810653456,0.0000444439501734,0.0000405361352023,0.0000328038040607,0.0000310094765155,0.0000324159300362,0.0000316196747008,0.0000402044570365,0.0000277617164102,0.0000172775326064,0.0000153898163262,0.00000573614397581,0.00000165881317571],"dmean2":[0.000275934406091,0.00753912422806,0.0023362308275,0.0019798069261,0.00498609943315,0.000938276411034,0.0012516672723,0.00043277052464,0.000632404757198,0.000793613900896,0.00045780808432,0.000263472931692,0.00028572807787,0.000151680826093,0.00013392441906,0.0000694503978593,0.0000592488031543,0.0000478097535961,0.0000445047735411,0.0000462118696305,0.0000423088349635,0.0000514551065862,0.0000383685728593,0.0000229380475503,0.0000196925957425,0.00000741966459827,0.0000021511561954],"dvar":[4.46123351594e-8,0.000201888644369,0.0000179354337888,0.0000104093232949,0.0000913266849238,0.00000158686316354,0.00000280366452898,3.59345193601e-7,0.00000155585394168,0.00000197054782802,6.16840168277e-7,2.5498462719e-7,2.48631295108e-7,7.81115119253e-8,7.20805459764e-8,4.53137118939e-8,9.4107370785e-9,8.11600564532e-9,7.67641594734e-9,1.01357953142e-8,9.06599595396e-9,1.64651616785e-8,7.42017025601e-9,2.49785725437e-9,2.10137685031e-9,3.03044006555e-10,2.7699696703e-11],"dvar2":[1.22145152659e-7,0.000550529570319,0.000051025825087,0.0000283473382297,0.000230877310969,0.0000035603904962,0.00000619504999122,8.17409897991e-7,0.00000341078612109,0.00000519182549397,0.00000161512684826,6.27597898983e-7,6.76566457969e-7,1.93023339534e-7,1.8113753697e-7,1.07290269113e-7,2.05359764749e-8,1.74820442567e-8,1.65243019268e-8,2.3424149731e-8,1.74936367614e-8,2.83426935255e-8,1.47354288771e-8,4.34650759829e-9,3.55133411567e-9,5.45783640504e-10,5.45889236592e-11],"max":[0.00242111203261,0.191862314939,0.0557635091245,0.0540356971323,0.146292552352,0.030020641163,0.0264742188156,0.0111531261355,0.0323129855096,0.0247298572212,0.0168758872896,0.00955197401345,0.00869022216648,0.00817506480962,0.0065145008266,0.00944717600942,0.00237670494244,0.00200132024474,0.00204821606167,0.00308407330886,0.00185563205741,0.00192885892466,0.00106999487616,0.000526996154804,0.000712421140634,0.000251143763307,0.0000881399391801],"mean":[0.000600773491897,0.00632696039975,0.00151209416799,0.00145947432611,0.00715748919174,0.00147767283488,0.00181795971002,0.000600964005571,0.000758373818826,0.000912807125133,0.000599323539063,0.000278587423963,0.000329274917021,0.000158102120622,0.000130925458507,0.0000793577200966,0.0000737897862564,0.0000571552700421,0.0000550754266442,0.0000526378353243,0.0000460259398096,0.0000506741489517,0.0000352767528966,0.0000236203322856,0.0000209671379707,0.00000739300412533,0.00000207077232517],"median":[0.000604562985245,0.00144011771772,0.000464677636046,0.000470850471174,0.00107476091944,0.00069203885505,0.000890420400538,0.000227374170208,0.0000897845602594,0.000128255400341,0.000067758053774,0.0000461193740193,0.000053607771406,0.000023968223104,0.000027727588531,0.0000142383269122,0.0000210589823837,0.0000106863881228,0.0000101220648503,0.00000665992865834,0.00000390597415389,0.00000201492002816,8.23800803573e-7,5.2801522088e-7,2.85022167645e-7,1.46053409367e-7,7.33127194508e-8],"min":[4.40669833957e-10,1.4695005629e-11,2.12812731847e-12,3.58839395915e-13,1.40663262288e-12,1.01668901163e-12,1.38615171858e-12,1.1667023684e-12,1.45667169733e-12,1.63385245004e-12,9.79184181654e-13,1.44682085323e-12,1.28758082755e-12,1.32712439128e-12,7.65066612493e-13,1.07358924268e-12,1.62007701091e-12,1.38556982728e-12,2.39012173768e-12,4.99057089057e-12,1.88428656359e-12,3.95797587413e-12,3.72893209366e-12,5.69569218178e-12,1.30170639892e-11,2.63147264395e-11,3.07609077099e-11],"var":[1.62860501973e-7,0.000240665583988,0.0000131329625219,0.0000105929839265,0.000209276171518,0.0000050754943004,0.00000715864098311,0.00000104000002921,0.00000355847100764,0.00000384541453968,0.00000210735493056,4.88282921651e-7,6.72592534556e-7,1.46097661968e-7,1.22534004277e-7,1.02904024857e-7,2.16345323878e-8,2.21300027192e-8,1.44406602232e-8,1.57602215722e-8,1.58558677299e-8,2.79307084128e-8,1.24227979015e-8,4.78969752749e-9,3.85900422728e-9,5.08394604193e-10,4.18126644419e-11]},"barkbands_crest":{"dmean":2.36414384842,"dmean2":3.77710151672,"dvar":6.74315881729,"dvar2":16.9615592957,"max":26.9264469147,"mean":12.8827104568,"median":11.3460931778,"min":2.91388559341,"var":36.106212616},"barkbands_flatness_db":{"dmean":0.0216511413455,"dmean2":0.0309954602271,"dvar":0.000572787947021,"dvar2":0.00121171679348,"max":0.659980535507,"mean":0.207419082522,"median":0.203084856272,"min":0.0400504656136,"var":0.00573751982301},"barkbands_kurtosis":{"dmean":15.404715538,"dmean2":21.9919281006,"dvar":13835.6328125,"dvar2":24989.5839844,"max":11774.0126953,"mean":83.8254394531,"median":5.1943025589,"min":-1.89389300346,"var":516349.0625},"barkbands_skewness":{"dmean":0.656488180161,"dmean2":0.967097759247,"dvar":1.06585133076,"dvar2":1.98616123199,"max":104.24634552,"mean":2.86334085464,"median":1.54422688484,"min":-1.47614145279,"var":67.1544418335},"barkbands_spread":{"dmean":2.93626976013,"dmean2":4.50833845139,"dvar":26.9096565247,"dvar2":66.3257141113,"max":84.8546447754,"mean":11.9066400528,"median":8.72236537933,"min":0.0454834252596,"var":110.274383545},"dissonance":{"dmean":0.0275809802115,"dmean2":0.0444990880787,"dvar":0.000691497756634,"dvar2":0.00182183098514,"max":0.499984264374,"mean":0.419472008944,"median":0.42457768321,"min":0.166113942862,"var":0.00253936229274},"dynamic_complexity":5.62652015686,"erbbands":{"dmean":[0.100858278573,1.10552358627,1.75104081631,2.45757293701,9.98292827606,10.2931222916,5.14323377609,5.42612743378,12.7787513733,10.1406955719,5.58322000504,11.5296630859,12.1614742279,14.1525163651,10.8640222549,7.81610679626,8.32882976532,5.62523603439,4.05352687836,3.61448454857,2.04998254776,1.92776143551,1.79427814484,1.47153246403,1.682944417,1.5294829607,1.239772439,1.28974759579,1.437713027,1.20758843422,0.733064889908,0.391885280609,0.287896305323,0.210919797421,0.088613897562,0.0300442259759,0.00911174342036,0.00233506970108,0.00029477046337,0.0000199165133381],"dmean2":[0.167301997542,1.88717758656,3.08743619919,4.21194982529,16.51679039,15.5649261475,7.30914258957,8.16014862061,18.3162174225,14.32833004,8.06542110443,17.0409145355,17.892534256,21.6548633575,16.6875209808,12.1766710281,13.24467659,8.67000007629,6.20306682587,5.6883559227,3.07988524437,2.73180031776,2.54239988327,2.12869381905,2.4004342556,2.18649935722,1.69252943993,1.73036646843,1.86117982864,1.57409250736,1.00604784489,0.526353359222,0.384755074978,0.272477388382,0.115276068449,0.0386976860464,0.0118943974376,0.00314674293622,0.00037311311462,0.000026932277251],"dvar":[0.0849930047989,13.2457618713,34.2225189209,45.1632156372,1114.55993652,834.824462891,215.553955078,133.154937744,680.491943359,377.013671875,161.866760254,1298.67980957,1385.81115723,1825.06506348,711.506835938,546.053527832,547.412719727,264.211761475,135.95489502,261.83392334,55.7500915527,17.9866828918,25.2344226837,17.2367343903,32.7575378418,22.2925243378,11.2793216705,17.9347343445,21.1349449158,14.5397815704,4.98128986359,1.33854484558,0.720866918564,0.388849198818,0.0705317035317,0.00795977469534,0.00081507419236,0.0000642577724648,8.28862539493e-7,2.38328223823e-9],"dvar2":[0.213413342834,36.8922920227,95.974571228,125.103919983,2926.50854492,2011.61279297,396.29876709,312.963806152,1499.09667969,785.37487793,335.111694336,2819.98413086,3685.19433594,4606.34619141,1832.53918457,1378.68786621,1490.10437012,695.107788086,321.84854126,676.308837891,141.174545288,36.3714942932,51.2837524414,39.4368438721,77.9419174194,51.5329627991,20.4633426666,36.4595108032,36.7117996216,26.1042861938,9.9748840332,2.50258946419,1.29370570183,0.659441292286,0.120045803487,0.0134435035288,0.001567783067,0.00013810650853,0.00000158602324518,4.46074288618e-9],"max":[3.12052941322,49.8260917664,68.3327941895,81.0842056274,583.202514648,574.886779785,449.670928955,302.148406982,441.121246338,505.026794434,312.594451904,917.829345703,884.316711426,877.623779297,504.919006348,483.562713623,430.236755371,558.406677246,256.470245361,645.218566895,218.162139893,96.490447998,119.016914368,147.859313965,192.406921387,123.350166321,57.4263725281,72.3799743652,80.7406539917,48.8458251953,29.8159408569,15.1507940292,10.7641134262,8.69940853119,3.87691712379,1.11784648895,0.48020529747,0.14609375596,0.0149254985154,0.000509181059897],"mean":[0.160857900977,1.48217332363,2.15155386925,3.35673379898,14.8315467834,27.2773532867,13.3938417435,12.2669496536,28.0547466278,21.3728904724,11.8513345718,20.2764148712,21.8897151947,27.2086048126,22.4987411499,14.2410926819,16.3369007111,9.76060295105,6.98266410828,6.09603977203,3.84439063072,3.88051080704,3.25813674927,2.70111441612,2.93145370483,2.56538891792,2.02033925056,1.71132349968,1.83569264412,1.49845898151,0.921794950962,0.515042304993,0.390419661999,0.281500071287,0.121238954365,0.0398644059896,0.0116025209427,0.00290577020496,0.000373884657165,0.0000415280119341],"median":[0.0310269128531,0.332676321268,0.65214830637,1.52387034893,2.85669136047,3.11411833763,3.78126740456,6.1520524025,13.3091945648,9.44082260132,4.72931528091,2.98909807205,5.49573421478,3.66942691803,3.79065012932,2.99854016304,3.28497052193,1.93952322006,1.71000850201,1.23854470253,0.978115439415,1.07452619076,0.695246040821,0.526173770428,0.484675347805,0.376484185457,0.224778413773,0.114200986922,0.0789360776544,0.0410507656634,0.0210793521255,0.011659136042,0.00809357129037,0.00414620758966,0.00161370041315,0.000767752644606,0.000249405653449,0.0000655703988741,0.0000217644756049,0.0000191958042706],"min":[1.09482858335e-8,2.41071673734e-9,2.16059325986e-9,3.65740437935e-9,3.89784382548e-9,3.90984400411e-9,6.72136879487e-9,8.26015611466e-9,1.56627937287e-8,3.27743592266e-8,3.9439981947e-8,3.94685315541e-8,5.10640738582e-8,5.87024722165e-8,7.37502574566e-8,7.49369704067e-8,7.78527819989e-8,6.42664659267e-8,4.12715905895e-8,5.12239672901e-8,6.74891396102e-8,9.95896911604e-8,8.7430649387e-8,6.95326889399e-8,1.89276960327e-7,2.31932332895e-7,6.49672813324e-8,1.15832058611e-7,1.45100003124e-7,1.08141918531e-7,9.58132986284e-8,1.36460457156e-7,8.8015134736e-8,1.65646937944e-7,9.7978102076e-8,5.77924446077e-8,5.01623489413e-8,1.65591647061e-8,3.6465390707e-9,5.22177412421e-10],"var":[0.135060206056,14.2386474609,26.8240242004,41.7376327515,1200.87133789,3711.79052734,1198.8996582,341.417724609,1741.80236816,1114.78259277,492.974914551,2874.57324219,2445.953125,4030.54492188,2284.50195312,1085.76269531,1524.66589355,480.56930542,284.011962891,519.57208252,119.693534851,53.8434524536,70.0624389648,37.9987106323,47.3531799316,36.0796928406,23.4749584198,27.4538402557,35.6686668396,25.1736526489,8.24768924713,2.42075514793,1.30912411213,0.703916966915,0.128796562552,0.0142871178687,0.00128071871586,0.0000865093024913,0.00000129917714276,4.7073913656e-9]},"erbbands_crest":{"dmean":2.36305356026,"dmean2":3.7284283638,"dvar":6.1468129158,"dvar2":14.5983915329,"max":29.6216201782,"mean":10.9982042313,"median":10.3761606216,"min":2.14774847031,"var":22.6113529205},"erbbands_flatness_db":{"dmean":0.0191154815257,"dmean2":0.0249171052128,"dvar":0.000516475993209,"dvar2":0.000843335001264,"max":0.352648168802,"mean":0.192618459463,"median":0.196502715349,"min":0.022330513224,"var":0.00466000894085},"erbbands_kurtosis":{"dmean":1.36002421379,"dmean2":2.05888080597,"dvar":7.79856491089,"dvar2":16.2382125854,"max":73.6414413452,"mean":2.0646007061,"median":0.974460601807,"min":-1.75728785992,"var":17.9143753052},"erbbands_skewness":{"dmean":0.361871391535,"dmean2":0.539368867874,"dvar":0.19125571847,"dvar2":0.379503130913,"max":7.31621360779,"mean":0.834599256516,"median":0.771964967251,"min":-4.11429977417,"var":1.01439595222},"erbbands_spread":{"dmean":6.68551540375,"dmean2":9.54595661163,"dvar":99.6347045898,"dvar2":197.383483887,"max":189.833618164,"mean":28.4180793762,"median":21.0715141296,"min":2.38712763786,"var":524.535949707},"gfcc":{"cov":[[44244.484375,7106.78320312,-2500.93920898,707.529785156,-1659.95288086,-252.102615356,-709.512268066,-516.156738281,-885.192565918,-501.480651855,-379.404296875,-553.964416504,-209.440612793],[7106.78320312,3036.22070312,-752.994689941,-327.46395874,-3.52579665184,-435.658966064,-16.4620113373,-248.432800293,-123.049942017,-183.510574341,87.1704483032,-151.851470947,41.9058799744],[-2500.93920898,-752.994689941,1026.35559082,347.394470215,169.337020874,270.967102051,45.9100608826,45.0375785828,3.97122097015,4.02784204483,-25.3012294769,47.8613891602,-32.2094497681],[707.529785156,-327.46395874,347.394470215,569.784667969,40.9691810608,226.780487061,81.7977371216,60.9941864014,-25.9008922577,-6.16880178452,-39.1833953857,-63.1079902649,-23.7253913879],[-1659.95288086,-3.52579665184,169.337020874,40.9691810608,306.456817627,85.2264022827,91.7324142456,41.3721847534,80.1228408813,37.4908180237,44.4524269104,31.0621891022,22.1153011322],[-252.102615356,-435.658966064,270.967102051,226.780487061,85.2264022827,446.252929688,165.647293091,123.540275574,31.5468139648,78.8776245117,1.11685109138,35.3008842468,-14.9159212112],[-709.512268066,-16.4620113373,45.9100608826,81.7977371216,91.7324142456,165.647293091,269.029144287,93.9627761841,29.1659984589,16.0317134857,47.1553382874,-0.377026766539,14.6933727264],[-516.156738281,-248.432800293,45.0375785828,60.9941864014,41.3721847534,123.540275574,93.9627761841,143.474090576,59.6475410461,44.5323371887,19.1816616058,24.1284236908,11.6546726227],[-885.192565918,-123.049942017,3.97122097015,-25.9008922577,80.1228408813,31.5468139648,29.1659984589,59.6475410461,116.047279358,65.8295669556,20.5316753387,37.1107978821,11.8234596252],[-501.480651855,-183.510574341,4.02784204483,-6.16880178452,37.4908180237,78.8776245117,16.0317134857,44.5323371887,65.8295669556,126.420181274,37.3944282532,41.6316337585,5.37888765335],[-379.404296875,87.1704483032,-25.3012294769,-39.1833953857,44.4524269104,1.11685109138,47.1553382874,19.1816616058,20.5316753387,37.3944282532,85.8690109253,26.6552314758,16.0901622772],[-553.964416504,-151.851470947,47.8613891602,-63.1079902649,31.0621891022,35.3008842468,-0.377026766539,24.1284236908,37.1107978821,41.6316337585,26.6552314758,95.9175033569,23.7040214539],[-209.440612793,41.9058799744,-32.2094497681,-23.7253913879,22.1153011322,-14.9159212112,14.6933727264,11.6546726227,11.8234596252,5.37888765335,16.0901622772,23.7040214539,69.5589828491]],"icov":[[0.000166558034834,-0.000542437075637,0.000264715607045,-0.000582874054089,0.000677451724187,-0.000407332438044,0.000552162702661,-0.000534449529368,0.000553018413484,-0.000258693209616,0.000699981057551,-0.000750738137867,0.000442160846433],[-0.000542437075637,0.00237741693854,-0.000496038235724,0.00198528333567,-0.00249576801434,0.00131433142815,-0.00190822815057,0.00261918408796,-0.00182654126547,0.00158176780678,-0.00323032238521,0.00318813626654,-0.00172957172617],[0.000264715607045,-0.000496038235724,0.0023005430121,-0.0017904730048,0.0000123497320601,-0.00119389768224,0.001211441122,-0.000169891980477,0.00121557933744,0.000689193315338,0.00081493507605,-0.00245400425047,0.00145093013998],[-0.000582874054089,0.00198528333567,-0.0017904730048,0.00527615845203,-0.00238811247982,0.000275999394944,-0.00186495401431,0.00113868596964,-0.00133306707721,0.000736440299079,-0.00210030400194,0.00586849404499,-0.00230328459293],[0.000677451724187,-0.00249576801434,0.0000123497320601,-0.00238811247982,0.0082575045526,-0.00219035614282,0.00123511906713,-0.000920380989555,-0.00217483867891,-0.000284830282908,0.00110292085446,-0.00273790955544,0.000602393876761],[-0.000407332438044,0.00131433142815,-0.00119389768224,0.000275999394944,-0.00219035614282,0.00662329839543,-0.00405930308625,-0.00104552763514,0.00136881368235,-0.00316511560231,0.00128661445342,-0.000638346711639,0.000604330154601],[0.000552162702661,-0.00190822815057,0.001211441122,-0.00186495401431,0.00123511906713,-0.00405930308625,0.00915045198053,-0.00465488852933,0.00141576642636,0.00181714561768,-0.0018092993414,-0.000311051175231,0.000464252050733],[-0.000534449529368,0.00261918408796,-0.000169891980477,0.00113868596964,-0.000920380989555,-0.00104552763514,-0.00465488852933,0.0165877379477,-0.00862240511924,0.00247812597081,-0.00445685302839,0.00267867487855,-0.00321291270666],[0.000553018413484,-0.00182654126547,0.00121557933744,-0.00133306707721,-0.00217483867891,0.00136881368235,0.00141576642636,-0.00862240511924,0.0213693920523,-0.00925862044096,0.00646107504144,-0.00545737752691,0.00245315837674],[-0.000258693209616,0.00158176780678,0.000689193315338,0.000736440299079,-0.000284830282908,-0.00316511560231,0.00181714561768,0.00247812597081,-0.00925862044096,0.0175417680293,-0.00904231891036,0.000362701161066,-0.000363432453014],[0.000699981057551,-0.00323032238521,0.00081493507605,-0.00210030400194,0.00110292085446,0.00128661445342,-0.0018092993414,-0.00445685302839,0.00646107504144,-0.00904231891036,0.0232670549303,-0.00804491061717,0.00172933668364],[-0.000750738137867,0.00318813626654,-0.00245400425047,0.00586849404499,-0.00273790955544,-0.000638346711639,-0.000311051175231,0.00267867487855,-0.00545737752691,0.000362701161066,-0.00804491061717,0.0228324271739,-0.00798558723181],[0.000442160846433,-0.00172957172617,0.00145093013998,-0.00230328459293,0.000602393876761,0.000604330154601,0.000464252050733,-0.00321291270666,0.00245315837674,-0.000363432453014,0.00172933668364,-0.00798558723181,0.0189465712756]],"mean":[-134.334518433,126.617538452,-99.8335647583,12.4664049149,-49.8439216614,1.27670574188,-28.125711441,0.0458107739687,-20.1600646973,2.90980577469,-7.33754587173,-0.0391556061804,-6.32173490524]},"hfc":{"dmean":3.16999053955,"dmean2":4.20874166489,"dvar":32.3857307434,"dvar2":54.4097480774,"max":82.1596603394,"mean":9.50866413116,"median":5.42046117783,"min":0.00000151247854774,"var":124.412620544},"melbands":{"dmean":[0.00110380153637,0.00110175402369,0.000622393679805,0.000786491960753,0.000222535076318,0.000126923754578,0.000190028062207,0.0000991446358967,0.0000498920853715,0.000068729830673,0.0000610945789958,0.0000591298739891,0.0000419377684011,0.0000202879109565,0.0000204279494938,0.0000152163802341,0.0000105125664049,0.00000656481279293,0.0000051471529332,0.00000440389385403,0.0000023815412078,0.00000228028784477,0.00000208230426324,0.0000014879652781,0.00000125549388486,0.00000120301990592,0.00000129548823224,0.00000100078659671,7.67850224292e-7,8.04251556019e-7,7.76807439706e-7,8.27461121844e-7,8.22683830393e-7,6.46582122954e-7,4.71271306424e-7,2.86693421003e-7,2.28181079365e-7,2.10684405033e-7,1.94295608935e-7,1.80850207698e-7],"dmean2":[0.00184074358549,0.00191205099691,0.0010505624814,0.00125196145382,0.000307221169351,0.000187898636796,0.000273105950328,0.000140268850373,0.0000729943494662,0.000102325080661,0.0000901825260371,0.0000910886592465,0.0000650801084703,0.0000318802631227,0.0000326791487169,0.0000240034532908,0.0000162405904121,0.0000100833858596,0.00000800421639724,0.00000703796376911,0.00000361288812201,0.00000333022558152,0.00000311750932269,0.00000219560342885,0.00000186782892797,0.00000173779358192,0.00000191430672203,0.00000144738839936,0.00000107209325506,0.0000011045735846,0.00000107413450223,0.00000110329835934,0.00000109331506337,8.96984090559e-7,6.69582902901e-7,4.00236274345e-7,3.13360430937e-7,2.86774877623e-7,2.71477233582e-7,2.33560911056e-7],"dvar":[0.0000113045070975,0.0000133953835757,0.00000300968940792,0.00000616374290985,3.95867033376e-7,7.03663900481e-8,1.43396533758e-7,3.45790027723e-8,1.51431613915e-8,4.3847204978e-8,3.52190667741e-8,3.42348442928e-8,1.25134578255e-8,3.54070150976e-9,2.67958344402e-9,1.72884273564e-9,9.78720660072e-10,3.70496577862e-10,3.23451238016e-10,5.04055075456e-10,7.30779256553e-11,2.96092456109e-11,3.47274188572e-11,2.16313546936e-11,1.46332806983e-11,1.18392552706e-11,2.77217814676e-11,9.40128270371e-12,4.16283891039e-12,6.10074534294e-12,6.92092477078e-12,7.00221955072e-12,7.69291227942e-12,4.25028068296e-12,2.19926377457e-12,7.67753590737e-13,4.61899182097e-13,3.89896692406e-13,3.70521349062e-13,2.93831013123e-13],"dvar2":[0.0000297810856864,0.0000372388640244,0.00000810139135865,0.0000160009949468,6.88597708631e-7,1.59884251616e-7,3.15362001402e-7,7.33740321834e-8,3.18148636325e-8,9.70078417595e-8,9.45583948919e-8,8.64849170057e-8,3.24368940596e-8,8.44664693744e-9,7.39048688914e-9,4.58918281154e-9,2.51764675774e-9,8.4693335678e-10,7.89588783245e-10,1.26152099877e-9,1.87611176594e-10,6.450760065e-11,7.84991932568e-11,4.83415286967e-11,3.42876317616e-11,2.49095605254e-11,7.10902794965e-11,2.14340663274e-11,7.97620216403e-12,1.23444249614e-11,1.47192744104e-11,1.27809186845e-11,1.44014591918e-11,8.26823765704e-12,4.68760967542e-12,1.58523639094e-12,8.60006727291e-13,7.25870806604e-13,7.36577032007e-13,5.18107150065e-13],"max":[0.0432246550918,0.0452164262533,0.0292576253414,0.0392660088837,0.0199983958155,0.00597640685737,0.00598325533792,0.0046593430452,0.00253839255311,0.00499603012577,0.0044944207184,0.00380599708296,0.00243113888428,0.00108742993325,0.000842260196805,0.000814200786408,0.0010151648894,0.000399125332478,0.000497781380545,0.000961557438131,0.000233119950281,0.000137836832437,0.000149913539644,0.000134297690238,0.000146628852235,0.0000751927072997,0.000200703900191,0.0000815487874206,0.0000375363670173,0.0000482058931084,0.0000471210150863,0.0000439315808762,0.0000374460360035,0.0000266036731773,0.0000215243617276,0.0000127431067085,0.00000785518386692,0.00000859467309056,0.0000106312099888,0.00000821088633529],"mean":[0.00167834945023,0.00145804055501,0.000845839967951,0.00165904732421,0.000633231655229,0.000292907905532,0.000420114694862,0.000206397700822,0.0000999125477392,0.000120346659969,0.000107119558379,0.000110274610051,0.0000873536409927,0.0000341501472576,0.0000389526903746,0.000027808095183,0.0000171905867319,0.0000107819896584,0.00000787344288256,0.00000786894361227,0.00000389536626244,0.00000428016119258,0.00000348515186488,0.00000248382048085,0.00000212641293729,0.00000211500787373,0.00000202981027542,0.00000159218427598,0.00000125331791878,0.00000110456312541,9.63184561442e-7,0.00000104777552679,9.54452957558e-7,7.98785777079e-7,5.74801902076e-7,3.5555501654e-7,3.00001033793e-7,2.79243380419e-7,2.52306222137e-7,2.34601856164e-7],"median":[0.000396070099669,0.000420295051299,0.000313904165523,0.000216789965634,0.000130784042994,0.000131639928441,0.000207476477954,0.0000877177299117,0.0000277000344795,0.0000176244593604,0.0000227739255934,0.0000116599021567,0.0000112903080662,0.00000602344425715,0.00000604862270848,0.00000594648372498,0.00000259675584857,0.00000236073947235,0.00000174230797256,0.00000141412601806,0.00000101998296032,0.00000116823252938,6.56339295801e-7,4.64272318368e-7,3.77203008384e-7,3.5837851442e-7,2.54184953974e-7,2.1821112739e-7,1.32878454906e-7,8.18616996412e-8,5.32179633694e-8,4.68793466268e-8,2.92807875724e-8,1.9680253871e-8,1.25090195979e-8,7.66107355332e-9,6.29218188664e-9,5.84852344332e-9,4.35440172808e-9,2.94978552695e-9],"min":[9.57717238848e-11,1.87396799467e-12,7.36547921178e-13,1.97677621884e-13,1.83699450508e-13,1.76826543859e-13,2.65743265067e-13,3.33122418539e-13,2.58594388307e-13,2.3463091821e-13,2.44116657227e-13,2.06735968405e-13,1.57770904631e-13,1.73315639726e-13,3.3431579987e-13,8.58877178362e-14,1.32048072563e-13,7.1682853338e-14,6.7071009662e-14,7.15465759012e-14,7.94879434626e-14,1.08217749269e-13,8.8766911573e-14,5.31309581563e-14,5.31042969472e-14,1.04561128365e-13,2.05283530517e-13,1.36806635898e-13,3.33081781286e-14,5.58660444836e-14,7.49453328715e-14,9.03642801862e-14,5.7800972667e-14,6.49721568864e-14,3.82641577386e-14,9.28122257326e-14,8.17787610091e-14,5.75300102153e-14,8.71289260358e-14,1.50192073947e-13],"var":[0.0000156927981152,0.0000122625551739,0.00000303013780467,0.0000116756527859,0.00000274813532997,2.04339656307e-7,3.72861762798e-7,1.02525334e-7,4.32260520711e-8,9.34993380497e-8,6.07454637702e-8,7.52753095412e-8,4.39118110762e-8,6.60880816739e-9,7.01202029774e-9,3.98247168576e-9,1.81350701123e-9,7.58699325587e-10,5.70169744751e-10,1.15718423732e-9,1.24775370591e-10,7.14588110906e-11,8.71151345505e-11,4.80027441407e-11,2.75899181973e-11,2.16827233251e-11,3.0462441597e-11,1.51765908868e-11,8.59484098475e-12,9.90755654601e-12,9.68659007172e-12,1.14479441551e-11,1.14992893679e-11,7.06845172671e-12,3.32737982132e-12,1.22617996486e-12,8.27479469494e-13,6.78826732239e-13,5.85901661389e-13,5.03480991707e-13]},"melbands_crest":{"dmean":2.72563099861,"dmean2":4.29241085052,"dvar":7.11870241165,"dvar2":17.7943878174,"max":39.9954490662,"mean":16.8425636292,"median":15.3321313858,"min":4.56394147873,"var":54.483581543},"melbands_flatness_db":{"dmean":0.0265420116484,"dmean2":0.0375958941877,"dvar":0.000847860181239,"dvar2":0.00179655558895,"max":0.646405100822,"mean":0.292064726353,"median":0.296102017164,"min":0.0607795007527,"var":0.00671669840813},"melbands_kurtosis":{"dmean":34.4668655396,"dmean2":51.951675415,"dvar":90070.203125,"dvar2":199361.015625,"max":22527.125,"mean":149.015518188,"median":9.94596004486,"min":-1.44151210785,"var":1745528.625},"melbands_skewness":{"dmean":0.86030292511,"dmean2":1.28085410595,"dvar":2.63724136353,"dvar2":5.32751560211,"max":143.353851318,"mean":3.91577219963,"median":2.2508482933,"min":-0.799889266491,"var":114.415679932},"melbands_spread":{"dmean":3.31177806854,"dmean2":5.04271650314,"dvar":36.4590988159,"dvar2":90.386756897,"max":120.774375916,"mean":12.1079397202,"median":8.73117256165,"min":0.0390664450824,"var":106.905334473},"mfcc":{"cov":[[20265.7597656,3193.86669922,114.16834259,787.850402832,-431.495635986,235.288574219,188.542205811,82.8338088989,-25.4256916046,-2.95816636086,-54.8712387085,-257.073486328,-152.845458984],[3193.86669922,3215.00415039,-457.988800049,182.567199707,-63.3842086792,-160.256729126,-57.443069458,-113.728614807,-135.785964966,-100.696487427,-59.9171714783,-23.200969696,28.3243808746],[114.16834259,-457.988800049,754.308105469,133.321899414,151.888198853,186.083999634,115.82484436,87.6434249878,5.90873098373,14.8532581329,-10.1929740906,-24.4740276337,-30.3351535797],[787.850402832,182.567199707,133.321899414,334.663970947,70.1123046875,36.6073722839,48.7438774109,5.20456600189,-15.1826734543,22.709072113,-27.2283744812,-33.5733413696,-26.1258182526],[-431.495635986,-63.3842086792,151.888198853,70.1123046875,233.170043945,81.4629135132,-3.76415038109,7.17891216278,21.9962158203,8.29245758057,3.76060175896,22.7614059448,5.5220413208],[235.288574219,-160.256729126,186.083999634,36.6073722839,81.4629135132,228.254837036,118.38583374,64.4938354492,61.2771987915,25.2333068848,36.4030990601,34.0899925232,13.1888055801],[188.542205811,-57.443069458,115.82484436,48.7438774109,-3.76415038109,118.38583374,213.794845581,99.621673584,34.1583480835,47.9442481995,23.3126888275,2.01943492889,13.992105484],[82.8338088989,-113.728614807,87.6434249878,5.20456600189,7.17891216278,64.4938354492,99.621673584,137.634628296,54.7316322327,27.7914714813,27.5458259583,-0.688572227955,8.00531768799],[-25.4256916046,-135.785964966,5.90873098373,-15.1826734543,21.9962158203,61.2771987915,34.1583480835,54.7316322327,114.786018372,36.0557899475,29.9137878418,29.2461471558,7.48118066788],[-2.95816636086,-100.696487427,14.8532581329,22.709072113,8.29245758057,25.2333068848,47.9442481995,27.7914714813,36.0557899475,86.6892471313,30.6357898712,6.06100749969,14.0800018311],[-54.8712387085,-59.9171714783,-10.1929740906,-27.2283744812,3.76060175896,36.4030990601,23.3126888275,27.5458259583,29.9137878418,30.6357898712,79.9289703369,44.7026100159,20.2858448029],[-257.073486328,-23.200969696,-24.4740276337,-33.5733413696,22.7614059448,34.0899925232,2.01943492889,-0.688572227955,29.2461471558,6.06100749969,44.7026100159,98.831199646,46.5495681763],[-152.845458984,28.3243808746,-30.3351535797,-26.1258182526,5.5220413208,13.1888055801,13.992105484,8.00531768799,7.48118066788,14.0800018311,20.2858448029,46.5495681763,88.3235397339]],"icov":[[0.0000788917823229,-0.0000849495772854,-0.0000415364629589,-0.000161528208992,0.000277075596387,-0.00023861770751,0.000149565006723,-0.0000510928584845,-0.0000643773455522,-0.0000382112411899,-0.0000651614755043,0.000167627804331,0.0000391306130041],[-0.0000849495772854,0.000495930667967,0.000342769752024,-0.000176598987309,-0.000354055227945,0.00033811875619,-0.00035468916758,0.0001396805892,0.000317821628414,0.000566025904845,0.0000105376566353,-0.000103190053778,-0.000290569878416],[-0.0000415364629589,0.000342769752024,0.00233317213133,-0.00045011632028,-0.00104483729228,-0.00132696144283,-0.000152795211761,-0.00113710272126,0.00143711839337,0.000115312897833,0.000692527741194,0.0000971431290964,0.000526769203134],[-0.000161528208992,-0.000176598987309,-0.00045011632028,0.00442759646103,-0.00162060710136,0.000454865890788,-0.00111851945985,0.000506139011122,0.000643020961434,-0.00174351735041,0.00141361285932,-0.0000239666424022,0.00100833235774],[0.000277075596387,-0.000354055227945,-0.00104483729228,-0.00162060710136,0.00716945249587,-0.00307176331989,0.00289979646914,-0.000497753790114,-0.000527034862898,-0.000984718790278,0.000724278273992,-0.000862211920321,-0.000159333125339],[-0.00023861770751,0.00033811875619,-0.00132696144283,0.000454865890788,-0.00307176331989,0.0106745203957,-0.00567914545536,0.00196149596013,-0.00374432443641,0.00278502004221,-0.00249540060759,-0.00131339021027,-0.000384059618227],[0.000149565006723,-0.00035468916758,-0.000152795211761,-0.00111851945985,0.00289979646914,-0.00567914545536,0.0114545105025,-0.00651339627802,0.00273619266227,-0.00465847924352,0.00179179618135,-0.000284613255644,-0.000318954756949],[-0.0000510928584845,0.0001396805892,-0.00113710272126,0.000506139011122,-0.000497753790114,0.00196149596013,-0.00651339627802,0.0150220552459,-0.00656120898202,0.00286105275154,-0.00455168960616,0.00426515284926,-0.00206832890399],[-0.0000643773455522,0.000317821628414,0.00143711839337,0.000643020961434,-0.000527034862898,-0.00374432443641,0.00273619266227,-0.00656120898202,0.015808865428,-0.0057397345081,0.00203134305775,-0.00480084354058,0.00286335777491],[-0.0000382112411899,0.000566025904845,0.000115312897833,-0.00174351735041,-0.000984718790278,0.00278502004221,-0.00465847924352,0.00286105275154,-0.0057397345081,0.0190264787525,-0.00785342417657,0.00474515603855,-0.00384342786856],[-0.0000651614755043,0.0000105376566353,0.000692527741194,0.00141361285932,0.000724278273992,-0.00249540060759,0.00179179618135,-0.00455168960616,0.00203134305775,-0.00785342417657,0.0226373095065,-0.0103452000767,0.00232879305258],[0.000167627804331,-0.000103190053778,0.0000971431290964,-0.0000239666424022,-0.000862211920321,-0.00131339021027,-0.000284613255644,0.00426515284926,-0.00480084354058,0.00474515603855,-0.0103452000767,0.0212381966412,-0.00890903268009],[0.0000391306130041,-0.000290569878416,0.000526769203134,0.00100833235774,-0.000159333125339,-0.000384059618227,-0.000318954756949,-0.00206832890399,0.00286335777491,-0.00384342786856,0.00232879305258,-0.00890903268009,0.0167980603874]],"mean":[-762.784790039,162.475143433,4.97496414185,19.5149345398,-0.92320817709,3.0491437912,0.824220538139,-2.5146510601,-3.21465229988,-2.09268951416,0.0640574991703,1.50893747807,3.0683734417]},"pitch_salience":{"dmean":0.0638636872172,"dmean2":0.103501714766,"dvar":0.00471365312114,"dvar2":0.012322133407,"max":0.798058927059,"mean":0.488197863102,"median":0.515706300735,"min":0.00124411436263,"var":0.025508781895},"silence_rate_20dB":{"dmean":0,"dmean2":0,"dvar":0,"dvar2":0,"max":1,"mean":1,"median":1,"min":1,"var":0},"silence_rate_30dB":{"dmean":0.0271049588919,"dmean2":0.0542255565524,"dvar":0.0263698492199,"dvar2":0.0657079443336,"max":1,"mean":0.9778034091,"median":1,"min":0,"var":0.0217044595629},"silence_rate_60dB":{"dmean":0.0369088798761,"dmean2":0.0738390535116,"dvar":0.0355493761599,"dvar2":0.0741525068879,"max":1,"mean":0.226866528392,"median":0,"min":0,"var":0.175405874848},"spectral_centroid":{"dmean":134.652511597,"dmean2":201.587265015,"dvar":67841.4921875,"dvar2":131195.59375,"max":10901.7851562,"mean":852.353271484,"median":618.408508301,"min":216.478103638,"var":637569.8125},"spectral_complexity":{"dmean":2.06574392319,"dmean2":2.93164110184,"dvar":8.63653278351,"dvar2":14.3868980408,"max":49,"mean":9.73709964752,"median":9,"min":0,"var":49.1198692322},"spectral_contrast_coeffs":{"dmean":[0.0449731834233,0.042433552444,0.0405949316919,0.0295938309282,0.0220237523317,0.0166440028697],"dmean2":[0.0717087760568,0.0653685256839,0.058054767549,0.0450110025704,0.0324943102896,0.0245883632451],"dvar":[0.00199092412367,0.00146426644642,0.00135426246561,0.000735817768145,0.000467720761662,0.000287029077299],"dvar2":[0.00462433416396,0.00345352618024,0.00246682204306,0.00149970746133,0.000880923704244,0.000611598195974],"max":[-0.204969376326,-0.425071299076,-0.427856206894,-0.518395900726,-0.622185111046,-0.667952597141],"mean":[-0.643761515617,-0.688957691193,-0.720570325851,-0.761203587055,-0.797606348991,-0.798518538475],"median":[-0.661951959133,-0.682254850864,-0.720267653465,-0.760142087936,-0.79721736908,-0.793611526489],"min":[-0.956385850906,-0.96893453598,-0.967552542686,-0.957377016544,-0.961705386639,-0.962132632732],"var":[0.0168757215142,0.0103447185829,0.00996146537364,0.00556172942743,0.00324076157995,0.00220528268255]},"spectral_contrast_valleys":{"dmean":[0.376126259565,0.388139903545,0.379381299019,0.335007339716,0.320107489824,0.319416344166],"dmean2":[0.610632419586,0.584890782833,0.56644308567,0.477208405733,0.416224449873,0.371715664864],"dvar":[0.156198263168,0.171616837382,0.16451023519,0.158287808299,0.169914484024,0.256269395351],"dvar2":[0.30788654089,0.3101785779,0.294879496098,0.263475507498,0.261500477791,0.370193839073],"max":[-5.02368307114,-4.96199607849,-5.79478120804,-6.35675430298,-6.15441226959,-8.17769432068],"mean":[-8.18515777588,-7.84326648712,-8.78063678741,-9.32688426971,-9.38386917114,-11.8907442093],"median":[-7.22722387314,-7.28499650955,-8.3255739212,-8.87216186523,-9.04412555695,-12.0484905243],"min":[-27.3330898285,-27.3534183502,-27.1185417175,-27.2056541443,-27.3165245056,-27.1240234375],"var":[6.28264188766,4.92144155502,4.34112167358,3.96517801285,3.62568855286,3.08371353149]},"spectral_decrease":{"dmean":2.4356494599e-9,"dmean2":3.76205333552e-9,"dvar":2.78393557768e-17,"dvar2":6.92542343307e-17,"max":-1.87098857788e-16,"mean":-6.29595087176e-9,"median":-3.97877153446e-9,"min":-5.98485527803e-8,"var":5.77461204545e-17},"spectral_energy":{"dmean":0.0094287712127,"dmean2":0.0144864413887,"dvar":0.000410377164371,"dvar2":0.00101395347156,"max":0.232276305556,"mean":0.0246247984469,"median":0.0156792458147,"min":8.43340230983e-10,"var":0.000869851384778},"spectral_energyband_high":{"dmean":0.00014404549438,"dmean2":0.0001744205656,"dvar":1.58748392209e-7,"dvar2":2.46642656521e-7,"max":0.00630519445986,"mean":0.000210453377804,"median":0.0000145726316987,"min":8.1000477159e-11,"var":3.32976441086e-7},"spectral_energyband_low":{"dmean":0.00542086130008,"dmean2":0.00900775939226,"dvar":0.000264922127826,"dvar2":0.000697361596394,"max":0.2103279531,"mean":0.00860811304301,"median":0.00307185552083,"min":4.18321294271e-10,"var":0.000336520577548},"spectral_energyband_middle_high":{"dmean":0.000929620640818,"dmean2":0.00134381069802,"dvar":0.00000333704724653,"dvar2":0.00000809569064586,"max":0.0290740933269,"mean":0.00253346515819,"median":0.000740510295145,"min":2.79144814902e-11,"var":0.0000138108507599},"spectral_energyband_middle_low":{"dmean":0.00506004784256,"dmean2":0.00760487793013,"dvar":0.000149160638102,"dvar2":0.000375628733309,"max":0.210139647126,"mean":0.0136124622077,"median":0.00680385855958,"min":2.54123562471e-11,"var":0.000339658290613},"spectral_entropy":{"dmean":0.211810767651,"dmean2":0.281713873148,"dvar":0.0691863670945,"dvar2":0.126040533185,"max":9.80591869354,"mean":6.91575479507,"median":6.88838148117,"min":4.54918193817,"var":0.638067901134},"spectral_flux":{"dmean":0.024150043726,"dmean2":0.0370812006295,"dvar":0.00153250363655,"dvar2":0.00321461167186,"max":0.381375133991,"mean":0.0581941045821,"median":0.0449642986059,"min":0.0000195256034203,"var":0.00341087486595},"spectral_kurtosis":{"dmean":4.16538524628,"dmean2":6.76057815552,"dvar":25.0058765411,"dvar2":66.1567001343,"max":57.9308013916,"mean":11.1690692902,"median":8.59975147247,"min":-1.17750072479,"var":82.7667160034},"spectral_rms":{"dmean":0.000744967022911,"dmean2":0.0010778157739,"dvar":0.00000141343934956,"dvar2":0.0000031504753224,"max":0.0150536047295,"mean":0.00407236162573,"median":0.00391111569479,"min":9.0706720357e-7,"var":0.00000743994633012},"spectral_rolloff":{"dmean":160.455490112,"dmean2":274.29864502,"dvar":157958.703125,"dvar2":396515.28125,"max":7127.49023438,"mean":585.873840332,"median":452.197265625,"min":21.533203125,"var":250854.546875},"spectral_skewness":{"dmean":0.400586634874,"dmean2":0.615436732769,"dvar":0.177150949836,"dvar2":0.423809856176,"max":5.94971752167,"mean":2.38516783714,"median":2.2645881176,"min":0.0362042300403,"var":0.871338784695},"spectral_spread":{"dmean":535610.8125,"dmean2":709803.625,"dvar":821247934464,"dvar2":1241274384380,"max":40051672,"mean":3937793,"median":3090756.75,"min":1237580.875,"var":5539610755070},"spectral_strongpeak":{"dmean":0.299489974976,"dmean2":0.495185345411,"dvar":0.234003335238,"dvar2":0.584076166153,"max":5.43122816086,"mean":0.681181192398,"median":0.410612434149,"min":0,"var":0.5534684062},"zerocrossingrate":{"dmean":0.00528675690293,"dmean2":0.00638173893094,"dvar":0.0000837779880385,"dvar2":0.000104473241663,"max":0.34326171875,"mean":0.0267386417836,"median":0.02392578125,"min":0,"var":0.000327172718244}},"metadata":{"audio_properties":{"analysis_sample_rate":44100,"bit_rate":0,"codec":"flac","downmix":"mix","equal_loudness":0,"length":80.5199966431,"lossless":true,"md5_encoded":"2616617b4021b6a0478913c979988fa7","replay_gain":-8.37984657288},"tags":{"album":["After the Gold Rush"],"albumartist":["Neil Young"],"albumartistsort":["Young, Neil"],"albumsort":["After the Gold Rush (1987, Young, Neil, 79570854-e6f2-4d86-8aef-fabe194166e5)"],"artist":["Neil Young"],"artists":["Neil Young"],"artistsort":["Young, Neil"],"asin":["B000002KD9"],"barcode":["075992724326"],"catalognumber":["2283-2"],"composer":["Neil Young"],"composersort":["Young, Neil"],"date":["1987"],"discnumber":["1"],"disctotal":["1"],"file_name":"05 - Neil Young - Till the Morning Comes.flac","genre":["Rock"],"isrc":["USRE10900212","USRE10900625"],"label":["Reprise Records"],"lyricist":["Neil Young"],"media":["CD"],"musicbrainz_albumartistid":["75167b8b-44e4-407b-9d35-effe87b223cf"],"musicbrainz_albumid":["79570854-e6f2-4d86-8aef-fabe194166e5"],"musicbrainz_artistid":["75167b8b-44e4-407b-9d35-effe87b223cf"],"musicbrainz_recordingid":["47603577-a5f5-41c9-8b9a-d32e1edfb55b"],"musicbrainz_releasegroupid":["b6a3952b-9977-351c-a80a-73e023143858"],"musicbrainz_releasetrackid":["6be7a9da-21c7-3265-a443-66186e2f9368"],"musicbrainz_workid":["bcb177a7-5d34-3390-a838-3f198bf3d6e8"],"musicip_puid":["bc8bd96b-2315-6cc7-cc28-9cae4b23441f"],"originaldate":["1970-09-19"],"performer":["Billy Talbot (bass guitar)","Greg Reeves (bass guitar)","Neil Young (guitars, harmonica, piano and vibraphone)","Ralph Molina (drums)","Danny Whitten (guitars)","Danny Whitten (vocals)","Stephen Stills (vocals)","Neil Young (vocals)","Ralph Molina (vocals)","Nils Lofgren (vocals)","Jack Nitzsche (piano)","Nils Lofgren (piano)"],"producer":["David Briggs","Neil Young"],"releasecountry":["US"],"releasestatus":["official"],"releasetype":["album"],"rep