{"lowlevel":{"average_loudness":0.877263307571,"barkbands":{"dmean":[0.0000575203484914,0.00387469632551,0.0021772836335,0.00182253564708,0.00300604640506,0.000575468526222,0.000958256772719,0.000888714159373,0.000625530490652,0.000564697547816,0.000547304400243,0.000450405379524,0.000400224380428,0.000264879490715,0.000346193934092,0.000304756773403,0.000206260679988,0.000142940989463,0.0000926118227653,0.0000848788331496,0.0000965215658653,0.000131629101816,0.000162171345437,0.000195950764464,0.000145518526551,0.000201840128284,0.0000419193784182],"dmean2":[0.0000871649899636,0.00598573917523,0.0039334455505,0.00339087448083,0.00544543238357,0.000922502600588,0.0015606994275,0.00135852210224,0.000993967289105,0.000873607466929,0.000856584869325,0.00066903111292,0.000623286934569,0.000408764200984,0.000539916509297,0.000462445110315,0.000312728574499,0.000211129183299,0.000139658266562,0.000124707497889,0.000140577394632,0.000191338578588,0.000240773748374,0.000296840065857,0.000220305213588,0.000308248912916,0.0000700871096342],"dvar":[5.11133819714e-8,0.000175810229848,0.0000745444267523,0.0000425071375503,0.000110653258162,0.00000148482013174,0.00000536667039341,0.00000576329784963,0.0000015093987713,0.00000290359366772,0.00000207962693821,0.00000216264425035,0.00000134515357786,5.43429166555e-7,6.98924054632e-7,7.65188531204e-7,4.02412553058e-7,1.18134835247e-7,4.83499675852e-8,4.74545061024e-8,5.96446341206e-8,1.31878849174e-7,1.91756868162e-7,2.63294566594e-7,1.05144373208e-7,2.18088388237e-7,1.45244838379e-8],"dvar2":[1.08667720156e-7,0.000393825001083,0.000215930660488,0.000122569283121,0.000314834091114,0.00000376790853807,0.0000135471218528,0.0000132779550768,0.00000360674403055,0.0000068230724537,0.00000474773332826,0.00000448104037787,0.00000315754596159,0.00000104471587292,0.00000147091566305,0.00000159249100307,8.23362540814e-7,2.2352195117e-7,1.07040818875e-7,9.49729468402e-8,1.214008023e-7,2.78035685142e-7,4.06498543271e-7,6.26843814189e-7,2.40307201693e-7,4.98199199228e-7,3.71260071574e-8],"max":[0.00238558393903,0.167016029358,0.101014003158,0.0773323327303,0.114055469632,0.018278202042,0.0442686975002,0.0615438520908,0.0304977800697,0.0658849030733,0.0438614934683,0.0609763227403,0.0243147481233,0.0292753931135,0.0224670749158,0.0206397343427,0.0182007718831,0.00627111596987,0.00467472709715,0.00340554816648,0.00366317969747,0.00804527755827,0.0155829172581,0.0144641846418,0.00386336166412,0.00484226038679,0.00141260842793],"mean":[0.0000564135334571,0.00578005099669,0.00312804128043,0.0015578387538,0.00270668417215,0.000933077128138,0.00143980293069,0.00138846959453,0.000977900577709,0.000866382091772,0.000841664208565,0.000717423448805,0.000726679747459,0.000388239306631,0.000477790570585,0.00039175429265,0.00029932075995,0.000216632237425,0.000134107671329,0.000109025822894,0.000118356860185,0.000152447260916,0.000184468983207,0.000195589062059,0.000143888086313,0.000182580173714,0.0000310590839945],"median":[0.00000168865744854,0.00161921977997,0.000845106318593,0.000312902062433,0.00067077530548,0.00043083782657,0.000600552943069,0.000395545590436,0.000347484630765,0.000274121994153,0.000171107181814,0.00012162749772,0.000101461759186,0.000077662683907,0.0000939108867897,0.0000554024045414,0.000064423220465,0.0000401541947213,0.0000345456246578,0.0000235283350776,0.0000196941291506,0.0000202363971766,0.0000212531049328,0.0000174822507688,0.0000137500437631,0.0000129598438434,6.02273246386e-7],"min":[1.68694323153e-23,5.23714973101e-23,1.04463098882e-23,1.86739342811e-23,5.99041218348e-23,3.71142395164e-23,6.98205136211e-23,1.40234553565e-22,1.01445410886e-22,1.0630015556e-22,4.67441485764e-23,2.87889959532e-23,1.0611614271e-22,1.18100025333e-22,7.06826186836e-23,1.91129195976e-22,1.01274240691e-22,3.84450415526e-22,2.38375009601e-22,4.57323088788e-22,3.09853633114e-22,5.20364611417e-22,6.53261142977e-22,9.28511247333e-22,1.0630629984e-21,1.84730069909e-21,2.39527009055e-21],"var":[5.49273977413e-8,0.000213012011955,0.0000538742533536,0.0000248293872573,0.0000678016440361,0.00000205448282031,0.0000074068111644,0.000009787721865,0.00000379509515369,0.00000475841261505,0.0000042576789383,0.00000581956373935,0.00000477988896819,0.0000014002273474,0.00000136159042086,0.00000139202654736,7.94628476797e-7,2.79182501117e-7,8.08270499419e-8,6.95888004998e-8,8.79746764326e-8,1.93233518075e-7,3.04075371105e-7,2.69799670605e-7,1.15336796114e-7,2.26237517609e-7,1.13422187198e-8]},"barkbands_crest":{"dmean":2.63998389244,"dmean2":4.15178155899,"dvar":6.58536911011,"dvar2":15.4418907166,"max":25.8682975769,"mean":10.2394609451,"median":9.49275493622,"min":1.85226237774,"var":17.8510303497},"barkbands_flatness_db":{"dmean":0.0286967586726,"dmean2":0.0383618324995,"dvar":0.000831524666864,"dvar2":0.00144692324102,"max":0.537538647652,"mean":0.146132662892,"median":0.137879446149,"min":0.0231654234231,"var":0.00428754743189},"barkbands_kurtosis":{"dmean":4.8134355545,"dmean2":7.39128732681,"dvar":159.316589355,"dvar2":337.355987549,"max":416.263763428,"mean":6.31459283829,"median":1.76103723049,"min":-1.904748559,"var":300.387664795},"barkbands_skewness":{"dmean":0.701680362225,"dmean2":1.03047740459,"dvar":0.679128646851,"dvar2":1.41377925873,"max":17.0566368103,"mean":1.50550556183,"median":1.27638936043,"min":-3.76094603539,"var":2.38030791283},"barkbands_spread":{"dmean":8.37336730957,"dmean2":12.000369072,"dvar":138.163146973,"dvar2":269.465881348,"max":139.872817993,"mean":23.5696716309,"median":17.7484912872,"min":0.340682774782,"var":384.995697021},"dissonance":{"dmean":0.0287451781332,"dmean2":0.0472480542958,"dvar":0.00075548782479,"dvar2":0.00190637027845,"max":0.500000119209,"mean":0.44397559762,"median":0.454257279634,"min":0.194710329175,"var":0.0018373504281},"dynamic_complexity":4.32605648041,"erbbands":{"dmean":[0.097000412643,0.989871144295,2.54403281212,3.99961280823,11.4132843018,8.1901807785,4.33810758591,5.20601701736,9.75155448914,20.0500450134,17.4309883118,15.7952461243,14.1430959702,19.2176895142,19.631362915,20.2034053802,20.3919506073,13.996919632,14.1859741211,17.1630592346,13.3184728622,9.79310417175,7.88199710846,5.5108590126,4.30722618103,4.1449213028,3.92075634003,3.80463838577,4.36145925522,5.45425415039,4.51046180725,4.78153944016,2.69598555565,1.59248793125,1.09300851822,0.782893657684,0.4174657166,0.0647355988622,0.00693963933736,0.000441945099737],"dmean2":[0.139999821782,1.604362607,4.57509613037,7.33207702637,20.8463630676,14.9972248077,7.07003498077,8.49808311462,16.4299278259,30.9752101898,26.4669971466,24.8485870361,21.8068447113,29.0898952484,30.1728839874,29.6133842468,31.0176486969,21.0728607178,21.420545578,26.523979187,19.7502441406,14.1056632996,11.4115858078,8.20953083038,6.34378623962,6.1231508255,5.75030708313,5.53617048264,6.27095222473,8.13781070709,6.67610025406,7.27878236771,4.1144733429,2.43020963669,1.67532706261,1.20668923855,0.637361705303,0.101205557585,0.0116999931633,0.000761108822189],"dvar":[0.116130448878,12.1377286911,101.529907227,176.564056396,1867.6270752,749.612121582,92.5550537109,160.424301147,638.887695313,2574.45922852,2502.22045898,1024.93164063,986.655029297,4551.78564453,2411.90332031,4914.30761719,3411.81884766,1351.18530273,1366.24865723,1477.4967041,1522.32165527,885.092834473,329.933990479,197.42817688,90.2485656738,110.779678345,116.549942017,95.8233947754,140.031951904,244.342987061,138.133224487,199.327270508,41.1951637268,13.2094306946,6.10109567642,3.34287190437,0.954019606113,0.0259565543383,0.000413508183556,0.00000180124288818],"dvar2":[0.216042205691,30.2100143433,290.604370117,509.563232422,5354.89941406,2146.33105469,239.906021118,419.269775391,1762.46020508,5740.76318359,5836.49316406,2428.51147461,2231.42700195,11299.703125,5225.99951172,10191.8603516,7844.66845703,2416.22143555,2801.57446289,3335.51171875,3138.57397461,1621.27587891,611.717529297,431.219726563,179.187026978,226.222137451,248.440567017,194.221664429,284.449798584,564.351989746,287.042205811,491.560577393,94.5398330688,30.2922153473,14.0390434265,7.72459220886,2.18709349632,0.061635594815,0.00105916685425,0.00000474143598694],"max":[4.12094402313,42.5830612183,109.339485168,139.087203979,437.649688721,319.001586914,219.913070679,206.834747314,392.036865234,1125.76989746,1120.25732422,882.503051758,902.401611328,2836.11376953,1975.37023926,3019.55004883,1320.23413086,1461.25073242,1288.36035156,888.784851074,1067.00976563,1039.33874512,398.361694336,322.581390381,176.436843872,178.264312744,211.480621338,216.186019897,330.724578857,470.271972656,360.211547852,471.504089355,189.350769043,50.7155532837,30.0604171753,23.7009944916,10.1987380981,1.87437462807,0.246939077973,0.0160359591246],"mean":[0.133824080229,1.41687071323,3.56331014633,4.55583238602,9.18506526947,7.64681386948,6.52854681015,7.86543750763,14.4424905777,30.2764759064,29.9174633026,26.0386314392,22.0513839722,31.2896709442,32.8423233032,34.2489280701,37.5575027466,23.3663787842,20.8617801666,27.5727920532,18.7137203217,15.1740474701,12.2828521729,8.38220787048,6.24436426163,5.43172454834,4.69260692596,4.73890352249,5.13138437271,6.06445217133,5.11659955978,4.82496643066,2.63628554344,1.57120251656,1.07590162754,0.711645662785,0.376254469156,0.0548250973225,0.00512503506616,0.000328516296577],"median":[0.0201229639351,0.445432662964,1.361982584,1.38107228279,1.52261447906,2.06141901016,2.58170461655,3.67124080658,6.26325273514,11.14864254,9.48779773712,9.64583301544,8.44903659821,9.5798368454,8.68076515198,7.13233184814,6.45700073242,5.44663381577,4.78057575226,5.35800695419,3.48153591156,3.31177163124,2.74430274963,2.01473259926,1.66761636734,1.32117247581,0.788982510567,0.811422526836,0.693875133991,0.73371297121,0.596605122089,0.432216465473,0.195047691464,0.125048175454,0.109060041606,0.0557043589652,0.0252511072904,0.00279310857877,0.000103314174339,0.0000285738296952],"min":[1.63391395044e-21,1.12741518628e-20,1.4790343166e-20,3.09383223618e-20,2.22006642712e-19,1.17228553399e-19,1.57613281587e-19,4.00561978984e-19,6.25046622167e-19,2.65817901964e-18,2.26991222743e-18,2.30920785602e-18,3.81964751276e-18,1.5831311516e-18,2.25225336892e-18,2.01446872131e-18,4.82024323201e-18,5.3979511349e-18,5.0928224049e-18,2.7283104939e-18,1.17703028334e-17,8.06735851097e-18,1.85545958537e-17,1.96622088918e-17,1.29534399431e-17,2.22207215399e-17,1.15018579092e-17,1.51204480072e-17,1.504504884e-17,1.732326472e-17,2.19497073927e-17,2.02874945692e-17,1.48346438706e-17,1.06721990636e-17,8.60671832066e-18,6.14421528557e-18,3.11858340589e-18,1.39127363955e-18,3.51276128245e-19,3.61740848336e-20],"var":[0.158887669444,12.2856292725,71.572883606,112.533363342,1097.86535645,467.249542236,123.8070755,175.975296021,651.312561035,4140.03417969,4880.51171875,2642.02612305,1890.89746094,7957.12304688,5339.02099609,12659.7246094,11804.2998047,3994.796875,2973.89355469,3902.55224609,3029.44702148,1913.78381348,806.14263916,353.688323975,164.142150879,161.85824585,152.125823975,148.683959961,220.638336182,334.236419678,213.687545776,196.045074463,43.9964523315,14.2763566971,6.64595270157,3.39133548737,0.985956788063,0.0242076665163,0.000321617349982,0.00000130701914713]},"erbbands_crest":{"dmean":3.03183460236,"dmean2":4.78428649902,"dvar":8.44846153259,"dvar2":19.6413211823,"max":31.8581523895,"mean":10.3863639832,"median":9.34143066406,"min":2.26610088348,"var":26.4492816925},"erbbands_flatness_db":{"dmean":0.0273156482726,"dmean2":0.0348497405648,"dvar":0.000667221785989,"dvar2":0.00111726718023,"max":0.361437827349,"mean":0.156225472689,"median":0.154397696257,"min":0.0365831963718,"var":0.00290175667033},"erbbands_kurtosis":{"dmean":1.73312497139,"dmean2":2.71228504181,"dvar":12.3580417633,"dvar2":27.0769767761,"max":118.686523438,"mean":1.75207412243,"median":0.676748394966,"min":-1.79949450493,"var":20.1590423584},"erbbands_skewness":{"dmean":0.476381421089,"dmean2":0.707422196865,"dvar":0.256790369749,"dvar2":0.556816697121,"max":9.74515151978,"mean":0.556798160076,"median":0.478871405125,"min":-4.2004609108,"var":0.812813639641},"erbbands_spread":{"dmean":11.321436882,"dmean2":16.5814781189,"dvar":193.047531128,"dvar2":393.238006592,"max":166.751037598,"mean":34.0217208862,"median":27.7662315369,"min":2.61367797852,"var":483.076629639},"gfcc":{"cov":[[23488.2148438,1153.73425293,-932.821960449,460.580932617,-212.819534302,384.373291016,-450.063140869,199.9974823,-96.9144897461,-27.6130638123,-214.727279663,-156.139556885,-346.265289307],[1153.73425293,2789.90600586,90.4432144165,125.374725342,398.633789063,90.1814117432,123.926551819,40.8674201965,19.8835144043,-96.7682647705,65.3124542236,-65.3869781494,33.6055221558],[-932.821960449,90.4432144165,1396.82983398,116.854606628,111.611778259,51.5247268677,115.485809326,-51.1756515503,4.07793617249,1.97560787201,-61.9479598999,12.9004945755,2.29662966728],[460.580932617,125.374725342,116.854606628,574.167541504,186.098098755,100.528427124,43.0402984619,30.4195613861,19.3411045074,-26.5023422241,3.41309499741,-34.7125473022,6.58412075043],[-212.819534302,398.633789063,111.611778259,186.098098755,445.952087402,106.606376648,83.1609191895,69.068031311,31.9485225677,-10.2633466721,32.1287231445,1.59407031536,-6.63655519485],[384.373291016,90.1814117432,51.5247268677,100.528427124,106.606376648,250.576293945,103.127731323,58.2884597778,45.5935745239,31.8824920654,36.2092895508,-0.954085528851,-12.3837280273],[-450.063140869,123.926551819,115.485809326,43.0402984619,83.1609191895,103.127731323,197.550338745,66.4137039185,48.334526062,16.8551940918,24.1555690765,10.941078186,14.0756120682],[199.9974823,40.8674201965,-51.1756515503,30.4195613861,69.068031311,58.2884597778,66.4137039185,172.961685181,80.6534500122,25.2274055481,29.3886146545,15.0267906189,-0.0125456005335],[-96.9144897461,19.8835144043,4.07793617249,19.3411045074,31.9485225677,45.5935745239,48.334526062,80.6534500122,141.534973145,59.9206504822,36.0889892578,5.65730905533,8.30275821686],[-27.6130638123,-96.7682647705,1.97560787201,-26.5023422241,-10.2633466721,31.8824920654,16.8551940918,25.2274055481,59.9206504822,118.173622131,44.5351219177,17.5501899719,-6.29419755936],[-214.727279663,65.3124542236,-61.9479598999,3.41309499741,32.1287231445,36.2092895508,24.1555690765,29.3886146545,36.0889892578,44.5351219177,113.357711792,22.5815753937,17.7956943512],[-156.139556885,-65.3869781494,12.9004945755,-34.7125473022,1.59407031536,-0.954085528851,10.941078186,15.0267906189,5.65730905533,17.5501899719,22.5815753937,97.846321106,24.8094902039],[-346.265289307,33.6055221558,2.29662966728,6.58412075043,-6.63655519485,-12.3837280273,14.0756120682,-0.0125456005335,8.30275821686,-6.29419755936,17.7956943512,24.8094902039,91.912902832]],"icov":[[0.0000610016722931,-0.0000497668297612,0.0000309421338898,-0.0000664088365738,0.000100994038803,-0.000176025641849,0.000224747287575,-0.000159407951287,0.0000859804640641,-0.0000759766771807,0.000168500075233,-0.0000399671516789,0.000166322977748],[-0.0000497668297612,0.000492446764838,-0.0000350887021341,0.000139788578963,-0.000467948557343,0.000158337192261,-0.000335551158059,0.00022121334041,-0.00017940592079,0.000540403940249,-0.000496885273606,0.000421296339482,-0.00030201318441],[0.0000309421338898,-0.0000350887021341,0.000862592598423,-0.000166238038219,-0.00012460713333,-0.0000572458302486,-0.00049569964176,0.000509927980602,-0.0001219487458,-0.000286345253699,0.000780155300163,-0.000316394172842,0.000104783997813],[-0.0000664088365738,0.000139788578963,-0.000166238038219,0.00229074456729,-0.00093206303427,-0.000506152631715,0.000017136837414,0.000128670755657,-0.00031560449861,0.000708330830093,-0.000227441792958,0.000939898716751,-0.000731986423489],[0.000100994038803,-0.000467948557343,-0.00012460713333,-0.00093206303427,0.00351676531136,-0.000847938295919,0.0000323216299876,-0.00107215577736,0.00024883938022,0.000309918366838,-0.000263105146587,-0.000626750057563,0.000974897644483],[-0.000176025641849,0.000158337192261,-0.0000572458302486,-0.000506152631715,-0.000847938295919,0.00645391317084,-0.00315647455864,0.0000776811721153,-0.000318633537972,-0.000721777032595,-0.00141467805952,0.000350558490027,0.000767013116274],[0.000224747287575,-0.000335551158059,-0.00049569964176,0.000017136837414,0.0000323216299876,-0.00315647455864,0.00864267162979,-0.00247491290793,-0.000360497419024,-0.0000440152325609,0.000455223576864,-0.000299454812193,-0.000744050194044],[-0.000159407951287,0.00022121334041,0.000509927980602,0.000128670755657,-0.00107215577736,0.0000776811721153,-0.00247491290793,0.00979010481387,-0.00508743384853,0.00136224576272,-0.000643023697194,-0.00130033504684,0.000638357014395],[0.0000859804640641,-0.00017940592079,-0.0001219487458,-0.00031560449861,0.00024883938022,-0.000318633537972,-0.000360497419024,-0.00508743384853,0.0127274887636,-0.00558460177854,-0.00028345460305,0.00142653973307,-0.00141760520637],[-0.0000759766771807,0.000540403940249,-0.000286345253699,0.000708330830093,0.000309918366838,-0.000721777032595,-0.0000440152325609,0.00136224576272,-0.00558460177854,0.0138473939151,-0.00456150341779,-0.00132775423117,0.00209896801971],[0.000168500075233,-0.000496885273606,0.000780155300163,-0.000227441792958,-0.000263105146587,-0.00141467805952,0.000455223576864,-0.000643023697194,-0.00028345460305,-0.00456150341779,0.0129977660254,-0.00193017884158,-0.00174846174195],[-0.0000399671516789,0.000421296339482,-0.000316394172842,0.000939898716751,-0.000626750057563,0.000350558490027,-0.000299454812193,-0.00130033504684,0.00142653973307,-0.00132775423117,-0.00193017884158,0.0125619051978,-0.00355320493691],[0.000166322977748,-0.00030201318441,0.000104783997813,-0.000731986423489,0.000974897644483,0.000767013116274,-0.000744050194044,0.000638357014395,-0.00141760520637,0.00209896801971,-0.00174846174195,-0.00355320493691,0.0135238803923]],"mean":[-44.8043670654,77.3513031006,-97.8221664429,7.60068893433,-57.0109024048,17.6015949249,-35.7837371826,12.6136255264,-20.808052063,5.34046506882,-19.3308563232,3.73458862305,-17.68019104]},"hfc":{"dmean":12.9271917343,"dmean2":18.2935733795,"dvar":557.256713867,"dvar2":1177.78051758,"max":253.978912354,"mean":20.9516429901,"median":9.32997322083,"min":1.19875914344e-16,"var":888.359313965},"melbands":{"dmean":[0.000970440858509,0.00130290375091,0.000946498999838,0.000759292102885,0.0001745201007,0.000114462949568,0.000162573443959,0.000212259445107,0.000141580618219,0.0000927736473386,0.0000709986707079,0.0000780122936703,0.0000753487984184,0.0000513018931088,0.0000491567225254,0.0000412635163229,0.0000256175007962,0.0000223225015361,0.0000251192705036,0.0000235999159486,0.0000156492515089,0.0000118290381579,0.0000086092222773,0.00000708620746082,0.00000466507617602,0.00000348011622009,0.00000282718497147,0.00000285029659608,0.00000255640043179,0.00000234623803408,0.00000225828125622,0.00000223270944844,0.00000310544919557,0.00000314204544338,0.00000257778424384,0.00000294630740427,0.00000282316591438,0.00000180709912456,0.00000188055207673,0.00000113574026273],"dmean2":[0.00143686670344,0.00222265627235,0.00173517724033,0.00139263016172,0.000292807904771,0.00018582586199,0.000271317636361,0.000326845882228,0.000216260188608,0.00014640079462,0.000109901448013,0.00011851736781,0.000117181290989,0.0000775818771217,0.0000745774959796,0.0000596196696279,0.0000395315546484,0.000034042281186,0.0000381963363907,0.0000355999000021,0.0000238901793637,0.0000175215136551,0.0000128719239001,0.0000105381686808,0.00000713103054295,0.00000521375432072,0.0000041802263695,0.00000429300234828,0.00000386230112781,0.00000346863498635,0.00000334528954227,0.0000032433083561,0.00000464819277113,0.00000479735763292,0.00000383601991416,0.00000445490286438,0.00000436166510553,0.00000277006915894,0.00000292087997877,0.00000174542185505],"dvar":[0.0000108327076305,0.0000231889116549,0.0000102356316347,0.00000767616165831,1.72024741119e-7,6.99913513813e-8,1.6729538288e-7,2.90376505063e-7,1.57126535782e-7,3.55250300288e-8,2.66587925069e-8,8.01661883543e-8,3.59017064966e-8,2.60862691448e-8,1.90838846947e-8,1.69906453351e-8,5.60149038265e-9,3.64615315718e-9,4.16222922794e-9,4.2161754088e-9,2.5230975087e-9,1.54518808859e-9,4.93889429354e-10,3.54853979534e-10,1.6079702847e-10,6.25368229423e-11,4.41308552201e-11,5.69296172703e-11,5.59752209861e-11,3.38959034452e-11,3.70527671045e-11,3.88307025423e-11,7.99305552301e-11,8.54696313723e-11,4.14328571452e-11,7.94697987971e-11,7.49887721363e-11,2.00956213475e-11,1.95243057832e-11,7.04145812838e-12],"dvar2":[0.0000217476008402,0.0000633665695204,0.0000294409710477,0.0000219790854317,4.62010433466e-7,1.82224823675e-7,4.55546853573e-7,6.48984666896e-7,3.61125387371e-7,8.53513384413e-8,5.97230069843e-8,1.97491203835e-7,8.00597277362e-8,5.57949952906e-8,4.0102079879e-8,3.19637258883e-8,1.03006154717e-8,7.40764560803e-9,8.78396733128e-9,8.31834334747e-9,5.1818771496e-9,2.90938584335e-9,9.82711911846e-10,7.03072988717e-10,3.69015790147e-10,1.31503127832e-10,9.06591191008e-11,1.2127593374e-10,1.27490837332e-10,6.96548860257e-11,7.91901891284e-11,7.92014856477e-11,1.79208661799e-10,2.010714234e-10,8.33431310077e-11,1.84246048973e-10,1.90826257573e-10,4.66408543731e-11,4.55947814226e-11,1.63674750836e-11],"max":[0.0393079593778,0.0521560572088,0.0332677774131,0.0281762368977,0.00665203109384,0.00432490603998,0.00593827245757,0.0118752103299,0.00962361507118,0.00501631898805,0.00464900536463,0.0121061718091,0.00668809609488,0.00505002401769,0.00519037386402,0.00296724983491,0.00280937086791,0.00187076616567,0.0023201382719,0.00187640753575,0.00168419827241,0.00110608700197,0.000614415970631,0.000469365302706,0.000301840365864,0.000168054946698,0.000166436220752,0.000134762027301,0.000154799316078,0.0000779664624133,0.000129771011416,0.000209252291825,0.000199047004571,0.00028823746834,0.000200077265617,0.000357382290531,0.000323038228089,0.000160328127095,0.0000685270133545,0.0000396288851334],"mean":[0.00143738649786,0.00193448225036,0.000959715573117,0.000642822822556,0.000245646690018,0.000176693880348,0.000242181980866,0.000320686114719,0.000240751018282,0.000146406004205,0.000105238861579,0.000122362514958,0.000120718766993,0.0000815518214949,0.0000847399423947,0.0000693155452609,0.0000399038908654,0.000030375607821,0.0000351040398527,0.0000343987121596,0.0000202662413358,0.0000168611750269,0.0000124569332911,0.0000104683749669,0.00000628941052128,0.00000483866506329,0.00000370030193153,0.00000352448842023,0.00000287899729301,0.00000277343838206,0.00000274614421869,0.00000263645597443,0.00000336615426022,0.00000347195327777,0.00000297100859825,0.00000303975843963,0.00000276000741906,0.00000175315540218,0.00000178457730726,0.00000111214740173],"median":[0.000345524196746,0.000860908185132,0.000328836642439,0.000139193070936,0.000092444686743,0.0000808233598946,0.000107139137981,0.00011507137242,0.0000772664134274,0.0000515228166478,0.0000366605199815,0.0000331568444381,0.000026386574973,0.0000152046686708,0.0000156287314894,0.000010525779544,0.00000771361555962,0.00000536839752385,0.00000716285148883,0.00000520264848092,0.00000290979096462,0.00000297565065921,0.0000026540003546,0.00000173332455233,0.00000132517914153,0.00000114070826385,9.50301625835e-7,7.18342960226e-7,4.03920154213e-7,3.8003210534e-7,4.51280328662e-7,3.65033059779e-7,3.65435283811e-7,3.98193719775e-7,3.73818011212e-7,2.71188611123e-7,2.2728268334e-7,1.24628783738e-7,1.06816500534e-7,8.70391261287e-8],"min":[1.56343475059e-23,1.03969287733e-23,1.14383529637e-23,1.44127506402e-23,4.65277537749e-24,8.48993642102e-24,1.01343666762e-23,3.02787155965e-23,1.68967379467e-23,1.58989551193e-23,1.96086003474e-23,6.63108193889e-24,6.12035051189e-24,4.03590232125e-24,1.0535783281e-23,8.14956108421e-24,1.10137083495e-23,8.70734727536e-24,5.13786093647e-24,4.79074557209e-24,1.58004737239e-23,7.83162174042e-24,9.59317022988e-24,2.07699424394e-23,1.61188895397e-23,7.66016755583e-24,1.32226269581e-23,1.51292556455e-23,6.50915046979e-24,7.66682475301e-24,8.98924356439e-24,8.50302204571e-24,1.11315310366e-23,8.23032387483e-24,1.20880059515e-23,1.3470115501e-23,1.14491564138e-23,9.93960244071e-24,9.70982224738e-24,9.16825661417e-24],"var":[0.0000145981803144,0.000019045353838,0.00000618378089712,0.000004549939149,1.85396473285e-7,8.23846093567e-8,1.82927138326e-7,4.51435141713e-7,3.155012962e-7,8.70281127163e-8,4.95519252297e-8,1.3758312889e-7,7.89537963897e-8,6.66900845658e-8,5.12541724618e-8,4.96999774668e-8,1.5838470091e-8,7.71693997592e-9,7.6550943362e-9,9.55097601008e-9,4.74844030762e-9,3.19895798739e-9,1.0432001929e-9,8.74369576742e-10,2.45130193921e-10,1.05582736998e-10,6.84887077607e-11,7.7202126636e-11,6.53578094423e-11,4.81878321967e-11,5.48222578445e-11,6.26994636765e-11,1.01572007749e-10,1.1828010793e-10,6.76377495679e-11,9.22922363533e-11,6.70077118792e-11,2.11348698959e-11,1.97665165486e-11,7.51254527337e-12]},"melbands_crest":{"dmean":3.02882480621,"dmean2":4.77770996094,"dvar":8.61555290222,"dvar2":20.3693351746,"max":31.5036773682,"mean":13.7844591141,"median":13.0384626389,"min":2.71590852737,"var":25.6203689575},"melbands_flatness_db":{"dmean":0.0348970070481,"dmean2":0.0459458827972,"dvar":0.00132001412567,"dvar2":0.00226249964908,"max":0.688254654408,"mean":0.215470358729,"median":0.206515550613,"min":0.0065347654745,"var":0.00857641082257},"melbands_kurtosis":{"dmean":8.21350193024,"dmean2":12.9172925949,"dvar":368.499237061,"dvar2":883.103942871,"max":750.016174316,"mean":12.2881698608,"median":5.67782926559,"min":-1.85108697414,"var":607.002990723},"melbands_skewness":{"dmean":0.818649053574,"dmean2":1.22575592995,"dvar":0.935576200485,"dvar2":2.14504957199,"max":18.0684432983,"mean":2.26890468597,"median":1.9987860918,"min":-1.40381884575,"var":2.71192598343},"melbands_spread":{"dmean":8.68152236938,"dmean2":12.6874485016,"dvar":174.730361938,"dvar2":361.815185547,"max":218.217071533,"mean":25.6002845764,"median":18.4640197754,"min":0.37243950367,"var":725.710144043},"mfcc":{"cov":[[14357.5,-143.899688721,-552.496276855,50.1273422241,275.386627197,90.454208374,-12.4747447968,83.3313827515,7.90245389938,100.068870544,42.1670036316,58.498046875,70.1421813965],[-143.899688721,2395.27441406,116.308677673,133.048797607,220.746963501,103.468566895,149.316848755,136.650054932,38.756111145,24.9814224243,35.8304176331,-8.7697687149,28.2867946625],[-552.496276855,116.308677673,948.454528809,140.968566895,57.3132591248,136.266677856,52.9118690491,11.4165649414,45.2395401001,37.8444442749,-24.4115428925,-0.596544921398,-36.1765823364],[50.1273422241,133.048797607,140.968566895,425.998291016,194.633728027,99.9659423828,68.6087112427,61.0251655579,50.6771125793,7.82222700119,-17.1990642548,3.14295053482,-3.75302624702],[275.386627197,220.746963501,57.3132591248,194.633728027,330.639160156,96.3239135742,104.013366699,68.4678039551,45.8030662537,20.584815979,32.757106781,19.9904556274,21.0025501251],[90.454208374,103.468566895,136.266677856,99.9659423828,96.3239135742,225.924133301,85.7666015625,52.3112411499,34.5627441406,22.105928421,30.5250015259,25.7035045624,5.20251321793],[-12.4747447968,149.316848755,52.9118690491,68.6087112427,104.013366699,85.7666015625,180.86579895,72.3293685913,41.3956794739,24.9334449768,30.642080307,18.9719676971,12.0599765778],[83.3313827515,136.650054932,11.4165649414,61.0251655579,68.4678039551,52.3112411499,72.3293685913,171.346298218,69.3453826904,28.290145874,27.4749832153,32.4773368835,20.0089263916],[7.90245389938,38.756111145,45.2395401001,50.6771125793,45.8030662537,34.5627441406,41.3956794739,69.3453826904,128.26121521,50.7138442993,26.2435207367,25.1609802246,15.4697360992],[100.068870544,24.9814224243,37.8444442749,7.82222700119,20.584815979,22.105928421,24.9334449768,28.290145874,50.7138442993,117.014350891,56.1913909912,18.7374172211,17.8887023926],[42.1670036316,35.8304176331,-24.4115428925,-17.1990642548,32.757106781,30.5250015259,30.642080307,27.4749832153,26.2435207367,56.1913909912,126.609344482,61.07579422,23.2712097168],[58.498046875,-8.7697687149,-0.596544921398,3.14295053482,19.9904556274,25.7035045624,18.9719676971,32.4773368835,25.1609802246,18.7374172211,61.07579422,122.47454834,50.4525413513],[70.1421813965,28.2867946625,-36.1765823364,-3.75302624702,21.0025501251,5.20251321793,12.0599765778,20.0089263916,15.4697360992,17.8887023926,23.2712097168,50.4525413513,94.6566009521]],"icov":[[0.0000747622034396,0.00000856955375639,0.0000540724868188,0.0000187605401152,-0.0000900014129002,-0.0000539747343282,0.0000616507604718,-0.0000321427432937,0.0000481286006107,-0.000113993184641,0.000073728566349,-0.0000405658647651,0.00000249773802352],[0.00000856955375639,0.000469305407023,-0.0000449820872745,0.000012261606571,-0.000220130998059,-0.00000755331666369,-0.000163293807418,-0.000294277473586,0.000141301192343,0.000033194111893,-0.000121923047118,0.000267864437774,-0.000173197055119],[0.0000540724868188,-0.0000449820872745,0.00130844919477,-0.000231523430557,0.000035475473851,-0.00072970072506,-0.0000377408432541,0.000313444499625,-0.000209167978028,-0.000686357554514,0.000768940255512,-0.000449739891337,0.000649619556498],[0.0000187605401152,0.000012261606571,-0.000231523430557,0.00363424257375,-0.00197296706028,-0.000696139642969,0.000197810688405,-0.000345401786035,-0.000581954605877,-0.000101574230939,0.0013788837241,-0.000339330115821,0.000518051208928],[-0.0000900014129002,-0.000220130998059,0.000035475473851,-0.00197296706028,0.00522860931233,-0.000485055003082,-0.0016108675627,-0.000121921766549,-0.000283321453026,0.000583475106396,-0.00131420698017,0.00060179666616,-0.00089628493879],[-0.0000539747343282,-0.00000755331666369,-0.00072970072506,-0.000696139642969,-0.000485055003082,0.00639941263944,-0.00193445396144,-0.000446276593721,0.0000237650474446,0.000229566721828,-0.00100326561369,-0.000460165872937,0.000277124432614],[0.0000616507604718,-0.000163293807418,-0.0000377408432541,0.000197810688405,-0.0016108675627,-0.00193445396144,0.00847188662738,-0.00207194290124,-0.000359745143214,-0.000257353880443,-0.000621262821369,0.000320502847899,-0.0000917950674193],[-0.0000321427432937,-0.000294277473586,0.000313444499625,-0.000345401786035,-0.000121921766549,-0.000446276593721,-0.00207194290124,0.00895669963211,-0.00373289384879,0.00018127221847,0.0000951961483224,-0.00116808095481,-0.000184885953786],[0.0000481286006107,0.000141301192343,-0.000209167978028,-0.000581954605877,-0.000283321453026,0.0000237650474446,-0.000359745143214,-0.00373289384879,0.0120679093525,-0.00435004197061,0.000747898884583,-0.00108143035322,-0.0000420645919803],[-0.000113993184641,0.000033194111893,-0.000686357554514,-0.000101574230939,0.000583475106396,0.000229566721828,-0.000257353880443,0.00018127221847,-0.00435004197061,0.0135469809175,-0.00635749939829,0.00275960937142,-0.0020965593867],[0.000073728566349,-0.000121923047118,0.000768940255512,0.0013788837241,-0.00131420698017,-0.00100326561369,-0.000621262821369,0.0000951961483224,0.000747898884583,-0.00635749939829,0.0145524526015,-0.00678034918383,0.00185163074639],[-0.0000405658647651,0.000267864437774,-0.000449739891337,-0.000339330115821,0.00060179666616,-0.000460165872937,0.000320502847899,-0.00116808095481,-0.00108143035322,0.00275960937142,-0.00678034918383,0.014301921241,-0.00643834052607],[0.00000249773802352,-0.000173197055119,0.000649619556498,0.000518051208928,-0.00089628493879,0.000277124432614,-0.0000917950674193,-0.000184885953786,-0.0000420645919803,-0.0020965593867,0.00185163074639,-0.00643834052607,0.0144971888512]],"mean":[-693.993469238,124.449935913,10.8819885254,3.60057401657,0.836862742901,3.68062996864,-4.25800704956,7.18632078171,-0.565086722374,4.73764896393,0.820191144943,1.55903220177,1.12595582008]},"pitch_salience":{"dmean":0.0749617367983,"dmean2":0.119217500091,"dvar":0.00588235771284,"dvar2":0.0141513030976,"max":0.882591426373,"mean":0.523212611675,"median":0.521672129631,"min":0.0919893160462,"var":0.0149012934417},"silence_rate_20dB":{"dmean":0,"dmean2":0,"dvar":0,"dvar2":0,"max":1,"mean":1,"median":1,"min":1,"var":0},"silence_rate_30dB":{"dmean":0.0433429665864,"dmean2":0.0866955667734,"dvar":0.0414685085416,"dvar2":0.101403035223,"max":1,"mean":0.966551840305,"median":1,"min":0,"var":0.0323303900659},"silence_rate_60dB":{"dmean":0.0448988676071,"dmean2":0.0898077115417,"dvar":0.0428814999759,"dvar2":0.0928514972329,"max":1,"mean":0.144904986024,"median":0,"min":0,"var":0.123907834291},"spectral_centroid":{"dmean":275.493988037,"dmean2":392.759918213,"dvar":121566.03125,"dvar2":230122.453125,"max":10644.0292969,"mean":1201.42443848,"median":1042.57128906,"min":111.610473633,"var":560519.5},"spectral_complexity":{"dmean":3.62391638756,"dmean2":5.13615655899,"dvar":29.5797634125,"dvar2":45.6216926575,"max":58,"mean":13.7795314789,"median":13,"min":0,"var":91.9563980103},"spectral_contrast_coeffs":{"dmean":[0.0542155355215,0.0468765348196,0.0443779453635,0.0366749875247,0.0318621322513,0.021857989952],"dmean2":[0.0880871713161,0.0752436444163,0.0690454095602,0.0574165582657,0.0481246337295,0.0321577377617],"dvar":[0.00290717999451,0.00160379637964,0.00144419120625,0.000971331377514,0.000870603777003,0.000416978407884],"dvar2":[0.00708936853334,0.00404745480046,0.00321222306229,0.00221451115794,0.00182951067109,0.00083999580238],"max":[-0.263108998537,-0.457700610161,-0.442151278257,-0.492459446192,-0.535900831223,-0.579324364662],"mean":[-0.652661263943,-0.732201039791,-0.738686561584,-0.762173593044,-0.781251251698,-0.793257772923],"median":[-0.662641525269,-0.733784556389,-0.741590201855,-0.767181813717,-0.792011320591,-0.795028030872],"min":[-0.974994063377,-0.961817979813,-0.96101129055,-0.96251475811,-0.959012389183,-0.962970733643],"var":[0.00979808717966,0.00555709423497,0.00640785368159,0.00580409681424,0.00520086707547,0.00239104568027]},"spectral_contrast_valleys":{"dmean":[0.473777979612,0.454298824072,0.467207938433,0.455985993147,0.504845380783,0.616980612278],"dmean2":[0.73597407341,0.687968432903,0.688250482082,0.640703856945,0.652786314487,0.688802957535],"dvar":[0.219212695956,0.217975720763,0.229497939348,0.250172942877,0.311830610037,0.406383156776],"dvar2":[0.454471468925,0.453376919031,0.436735779047,0.456864416599,0.555625081062,0.601918518543],"max":[-4.90369129181,-4.35248661041,-5.26120042801,-5.63879013062,-5.57092237473,-7.19620370865],"mean":[-7.9852771759,-7.10678291321,-7.82617425919,-8.40385627747,-8.6355676651,-10.5489225388],"median":[-7.51625061035,-6.79395341873,-7.54007053375,-8.17022418976,-8.4823846817,-10.5603885651],"min":[-27.0934410095,-26.9653167725,-27.4664707184,-27.2927417755,-27.3890895844,-27.1623420715],"var":[3.26295185089,2.47321891785,2.29204177856,2.22387099266,2.25703191757,2.45480060577]},"spectral_decrease":{"dmean":3.07711500724e-9,"dmean2":4.82053419404e-9,"dvar":5.2058671408e-17,"dvar2":1.28568351737e-16,"max":-8.88600754532e-30,"mean":-5.89400350748e-9,"median":-3.76222430987e-9,"min":-6.34634460539e-8,"var":6.27229617977e-17},"spectral_energy":{"dmean":0.0125622153282,"dmean2":0.0193940307945,"dvar":0.000802765949629,"dvar2":0.00197350955568,"max":0.245961114764,"mean":0.0241457019001,"median":0.0155966542661,"min":1.09066469874e-20,"var":0.000989286811091},"spectral_energyband_high":{"dmean":0.000968304055277,"dmean2":0.00139808526728,"dvar":0.00000448636455985,"dvar2":0.0000095145069281,"max":0.0341039188206,"mean":0.00106687855441,"median":0.00014815297618,"min":7.80768267709e-21,"var":0.00000601583997195},"spectral_energyband_low":{"dmean":0.00561708211899,"dmean2":0.00873830728233,"dvar":0.000318875827361,"dvar2":0.00073757476639,"max":0.20142942667,"mean":0.0096591655165,"median":0.00432789744809,"min":7.16149765429e-23,"var":0.000404477410484},"spectral_energyband_middle_high":{"dmean":0.00212356471457,"dmean2":0.0029804429505,"dvar":0.0000123763447846,"dvar2":0.000025001620088,"max":0.0813176706433,"mean":0.00498280813918,"median":0.00210537784733,"min":1.62027708237e-21,"var":0.0000486911158077},"spectral_energyband_middle_low":{"dmean":0.00684520741925,"dmean2":0.0118080023676,"dvar":0.000393690075725,"dvar2":0.00109764083754,"max":0.202863305807,"mean":0.00930704828352,"median":0.00523399515077,"min":4.78211721661e-22,"var":0.000280289561488},"spectral_entropy":{"dmean":0.28642347455,"dmean2":0.364189505577,"dvar":0.096710935235,"dvar2":0.155506432056,"max":9.79138755798,"mean":7.40439224243,"median":7.34923171997,"min":4.54605484009,"var":0.433607190847},"spectral_flux":{"dmean":0.0338820256293,"dmean2":0.0510749928653,"dvar":0.00269750412554,"dvar2":0.0049372301437,"max":0.425572425127,"mean":0.0782173275948,"median":0.0570645965636,"min":1.0443489129e-10,"var":0.00544624682516},"spectral_kurtosis":{"dmean":2.66836905479,"dmean2":3.78982543945,"dvar":15.2605876923,"dvar2":29.2666931152,"max":75.9060897827,"mean":6.69986057281,"median":5.50378990173,"min":-1.14943504333,"var":40.8262023926},"spectral_rms":{"dmean":0.000990165397525,"dmean2":0.00141665234696,"dvar":0.00000275499064628,"dvar2":0.00000608865138929,"max":0.0154907088727,"mean":0.00413490924984,"median":0.00390080106445,"min":3.26199809352e-12,"var":0.00000645919999442},"spectral_rolloff":{"dmean":1005.72058105,"dmean2":1663.80554199,"dvar":4149625.75,"dvar2":8959762,"max":18949.21875,"mean":2177.87719727,"median":1012.06054688,"min":64.599609375,"var":10295418},"spectral_skewness":{"dmean":0.354143381119,"dmean2":0.481818854809,"dvar":0.169811815023,"dvar2":0.303554087877,"max":7.24292230606,"mean":2.01847887039,"median":1.9575252533,"min":-0.168245956302,"var":0.679192602634},"spectral_spread":{"dmean":1187994.625,"dmean2":1539430.25,"dvar":1933937868800,"dvar2":3109368365060,"max":40156084,"mean":5516051.5,"median":4857644,"min":1138151,"var":5824695500800},"spectral_strongpeak":{"dmean":0.512365162373,"dmean2":0.868243813515,"dvar":0.951304852962,"dvar2":2.32180404663,"max":12.1655244827,"mean":0.907679975033,"median":0.421101748943,"min":0,"var":1.64532268047},"zerocrossingrate":{"dmean":0.0209634266794,"dmean2":0.0227353349328,"dvar":0.00073029397754,"dvar2":0.000840519962367,"max":0.51513671875,"mean":0.0782545208931,"median":0.05322265625,"min":0.0029296875,"var":0.00611844426021}},"metadata":{"audio_properties":{"analysis_sample_rate":44100,"bit_rate":128000,"codec":"mp3","downmix":"mix","equal_loudness":0,"length":208.927352905,"lossless":false,"md5_encoded":"5f53753dfb1e18f1d9c1640892bc402e","replay_gain":-5.59115219116,"sample_rate":44100},"tags":{"acoustid_fingerprint":["AQADtMqiSEklRcGzE1dUy3DT4z9y79BIrRvC6HiS4_LxB_8FTxziKfygN0Wew3FunEuJ56j24NqHbjcuXUh7JCf-w3kaYZcsfMKVHXeQi8arJzB3HEfzsNAsHjmJ_fgi4uVxH27ycHgRH9rKHJESdQ_26Mh3HLqUCqEXHU164tLxI91PnEnEQBcPXQePN0sj3EZKBbl4fAm0fWjyI9cuPAlyfzgtNHWMUtExbsevwU8O_YlwpUf04DbuLEPNH41zXBLy2ZCS00I_C8cl5ngiHgp9oZ-Fxsc_6Hzh8TiVDJeg38Eo6ULuxbhkC3Z-5NCPWE8qeMwukJOOT8flM-hzIe0G7bmQ65TQMkczPMTZw6KIXK0gXtg1uMcbI0-iHM4fPEeeC_pnRKKFMlGGh7iYg9GbBJ4-_IjEhYeuHY-YHTH8PMVzhLFoaNOHmPjhr_gS_KgdNGkyHnm_Ivmxx0RvfCeuDNR83DzChzl0xcg94ywcUsGO8Dy0cMzw9HiOppqGilEUsbgPdcPXY_cGLVPybPD0Izz4w-TxY__RowlV4zyuC-lDyFOiEHmCLw-a3MZv1PGJ_ThOXEeYsDnqRAeZI19YHI32omJyPNmLb2iuEuFPPEHFjBI-VCb05ERD5kOtg2MqI8w3ovvwY4qUoT_-4PrwxMF5hDy0_MijKPg1_MekLx2a4rhk48tyJEp-9AmHL8LFx_im6FDIIYyO8sbf4clRS0j1oLJ2_DjVY1d-XEfnI0x48KKQ4zo0Htslo-WOf3Ce4LOQo-uFKfF04XnA98Ij7HeH5kd_4S_eHLEELT_CF38ynMebSMclPEQfNJOSI-IhN4rRBFko57hehKnWwfNRSszRSkOTRPqgCVp-HOcVNAxflNOPZ1TwH39uJE_y4eBzosmVE-GUMA4uUZrR5IcKVz-aREkdBfqDHCaPv8GPRzqecSv-40T05Qp8F3qGUVJ0vD0c89Bx7UG_Hz0e5tD0B1Z4MMkexPpxofmH6TreHMcTn8ip57hyQX8Q6kHzDOeN6xv2PMJbNI5QpTnOH_nRM8yg5aQEHn-Oz7iaKEF7NMnT4Oqh6_jRZ1EkbFTUKCkikcEpoe4Rpok0F9IXhOTRLCyHyzlGKhIsKjhF9GiW6MiTQ7GOPJfx48rSDjxu9AocKrAzH7sSHcmifsh5XAqmNP3RJQtxs0Fz9Bdi5pDnIwwYOcF3Af_QtFWCOjsuZkGLRvlxe3CTXAl-JEcjfTJqJXmOK8L9gUn6QfPxIs_R7EI_5EmOU0KXC1Ni-dC6HGKROskTTD5-_IOfjuAyHb_QPEGuHX4I0RontDvC9BumD2eORx3S1sO_rIM-HQ8uHW8eCLmPnnnRREvw48cRvcePZIkZVGlGGgx_NF8YYU931EdzXvjRk8STHnUenDzuJDo8Hon1INaFK2jOYKI2_IjaCOKl9MgfnKMuXGJm2Aqu8PiJnIK38Hg-eMyDHz_SJDquA82P6cMdhAsXNHkK6Q9-IVo9nMGP9FGCb0djo8uP5-j5o5E-IXw4Ip31QBSl5AitRMaN