{"lowlevel":{"average_loudness":0.950724720955,"barkbands":{"dmean":[0.000057996261603,0.0012917801505,0.00206856196746,0.00132617051713,0.00126292021014,0.00090865790844,0.000504577474203,0.000389783788705,0.000589191971812,0.000354493415216,0.000296327401884,0.000302208121866,0.000417049304815,0.000511972873937,0.000575129233766,0.000690362241585,0.00049441907322,0.00058292679023,0.000271585129667,0.000139132404001,0.0000861758308019,0.0000374153787561,0.0000317726262438,0.0000477655339637,0.0000689885564498,0.00000797850589151,1.60448209385e-7],"dmean2":[0.0000910973103601,0.0021565251518,0.00339255505241,0.00236926903017,0.00211640982889,0.0015862978762,0.000869008013979,0.000628323177807,0.000908746791538,0.000555660633836,0.000458230555523,0.000475733919302,0.000654048053548,0.000787322991528,0.000886175257619,0.00109702907503,0.00077813747339,0.000899861857761,0.000414494803408,0.000211765858694,0.000127962382976,0.0000541941917618,0.0000455165391031,0.0000690493616275,0.000101884797914,0.0000119492206068,2.3994203957e-7],"dvar":[8.32975022291e-9,0.00000295081827062,0.00000712242535883,0.00000614846521785,0.00000468237294626,0.00000413401130572,0.00000119056562653,9.04001581148e-7,0.00000213909015656,7.98297435267e-7,4.08917571804e-7,3.30082542632e-7,4.93399682e-7,7.96024608007e-7,7.31828947664e-7,0.00000178250536464,5.13803399826e-7,7.0370128924e-7,1.78486416758e-7,3.15513553062e-8,1.30296387013e-8,2.46618792055e-9,1.87447990463e-9,6.0069536012e-9,1.51118904057e-8,2.18597501211e-10,1.01993730844e-13],"dvar2":[2.07528270124e-8,0.00000791914499132,0.0000188506055565,0.0000175563891389,0.0000119278129205,0.0000114833273983,0.00000324305415234,0.00000199542296286,0.00000461645322503,0.00000171440808572,8.29647149203e-7,7.18192950444e-7,0.00000119390472264,0.00000186884744835,0.00000169301051756,0.0000041433786464,0.00000122062283481,0.00000162682329119,4.19287857767e-7,7.08500920155e-8,2.85745755946e-8,5.13812281611e-9,3.62240637486e-9,1.170543662e-8,3.25853086736e-8,4.76686023987e-10,2.24879102427e-13],"max":[0.00120598508511,0.0240103472024,0.0365763902664,0.0307013019919,0.025742854923,0.0355299562216,0.0126511557028,0.021297942847,0.0237332116812,0.0247742757201,0.0154461171478,0.0182415824383,0.0104631427675,0.0146859548986,0.016623467207,0.0432701222599,0.0137226684019,0.0184635464102,0.00839682202786,0.00262988056056,0.0025158894714,0.00066901720129,0.0007735399995,0.00120067107491,0.00196468411013,0.000215116262552,0.00000497901737617],"mean":[0.0000918236764846,0.00226057553664,0.00404835585505,0.00137826253194,0.0016335551627,0.00100335280877,0.000534640974365,0.000481537397718,0.000877597543877,0.000611388706602,0.000497853732668,0.000562320929021,0.000699376745615,0.00089454225963,0.00110097206198,0.00126407691278,0.000988538376987,0.00134926592,0.000572651973926,0.000311389158014,0.000188532154425,0.0000792083228589,0.0000750693143345,0.000112491907203,0.000157850619871,0.0000174697433977,3.31208525495e-7],"median":[0.0000432662491221,0.00141548283864,0.00242585269734,0.000641116523184,0.000886148831341,0.000505732721649,0.000246401672484,0.000174130036612,0.000325996690663,0.000207042176044,0.000142392498674,0.000245613249717,0.000320902006933,0.000307240756229,0.000610651739407,0.000609924958553,0.000629301299341,0.000772888364736,0.000346003071172,0.000225610056077,0.000135454756673,0.0000542152774869,0.0000511125654157,0.0000685083650751,0.0000821877692943,0.00000858196926856,1.52021598865e-7],"min":[1.85209986062e-24,4.24410874655e-24,1.77738605543e-24,1.89877340773e-24,8.48273254323e-24,3.88934971443e-24,2.89490317706e-24,1.0620207175e-23,2.26237813439e-23,1.77932199898e-23,1.96236786347e-23,2.34453657772e-23,4.47067606719e-23,3.7748325912e-23,4.02490307588e-23,6.26301474442e-23,6.28543417134e-23,1.14803255703e-22,9.14651907861e-23,1.92142131244e-22,2.67043249882e-22,2.51945360924e-22,4.03789574121e-22,5.82771056841e-22,8.27914442522e-22,1.31358351244e-21,1.96151806464e-21],"var":[1.59024562407e-8,0.00000628077032161,0.0000190348073374,0.00000482964060211,0.0000048296847126,0.00000312279894388,9.15981047456e-7,0.00000137820052259,0.00000379465336664,0.00000208659866985,0.00000123781853745,0.00000112244561024,9.8458804132e-7,0.00000207282414522,0.00000180378128789,0.00000395798178943,0.00000127464534216,0.00000255766008195,5.18376737091e-7,8.53680504065e-8,3.34738956553e-8,6.33816865658e-9,6.0704259397e-9,1.74791612295e-8,4.13399483534e-8,5.71112268588e-10,2.31581518285e-13]},"barkbands_crest":{"dmean":2.27688980103,"dmean2":3.60891246796,"dvar":4.14995479584,"dvar2":9.98840808868,"max":23.7463054657,"mean":8.32921981812,"median":7.44843912125,"min":2.29254126549,"var":13.2990427017},"barkbands_flatness_db":{"dmean":0.0180729161948,"dmean2":0.0270106159151,"dvar":0.00034777392284,"dvar2":0.000776693108492,"max":0.411974102259,"mean":0.0998458266258,"median":0.0952972024679,"min":0.0245517119765,"var":0.00117577647325},"barkbands_kurtosis":{"dmean":1.56392884254,"dmean2":2.51926493645,"dvar":21.3283061981,"dvar2":47.0662765503,"max":258.407318115,"mean":0.837797701359,"median":-0.634199380875,"min":-1.87674820423,"var":31.581741333},"barkbands_skewness":{"dmean":0.52598720789,"dmean2":0.803138196468,"dvar":0.313948869705,"dvar2":0.741472661495,"max":11.9616231918,"mean":0.72469586134,"median":0.536206185818,"min":-2.06589365005,"var":1.27607810497},"barkbands_spread":{"dmean":6.56192970276,"dmean2":10.1588115692,"dvar":47.8816986084,"dvar2":114.47252655,"max":151.497558594,"mean":33.8861732483,"median":33.6440811157,"min":0.559961616993,"var":153.38230896},"dissonance":{"dmean":0.00949579942971,"dmean2":0.0162488296628,"dvar":0.0000884253095137,"dvar2":0.00024809781462,"max":0.499999970198,"mean":0.484152764082,"median":0.486961692572,"min":0.320579856634,"var":0.000140035743243},"dynamic_complexity":2.92485141754,"erbbands":{"dmean":[0.0210825689137,0.369690001011,2.15446305275,3.177090168,5.37929201126,3.61516070366,4.03859901428,8.5371761322,7.6221871376,6.84063148499,10.1028661728,13.4148349762,9.52441883087,11.4345817566,10.5419750214,12.7323827744,17.3247337341,18.7095432281,28.7069416046,32.2344474792,35.9570426941,28.0436725616,32.7989807129,19.1696109772,9.19591236115,6.47307014465,4.57548332214,2.48959898949,1.49736440182,1.15438759327,0.8709025383,0.873918712139,0.935823380947,1.02173650265,0.378561675549,0.0743208527565,0.00746937841177,0.000570565985981,0.0000307345253532,0.00000761917408454],"dmean2":[0.0358971990645,0.616231501102,3.52720069885,5.63533639908,9.34186077118,6.11420488358,6.94842624664,14.9869527817,13.3436145782,11.2443819046,15.9521274567,20.3529644012,14.0648174286,17.803817749,15.7918787003,19.5050010681,26.8687419891,28.7013301849,43.8868370056,48.8511657715,57.1648368835,43.6548500061,49.7880134583,29.0183830261,13.855799675,9.84983348846,6.80487537384,3.65284466743,2.18099594116,1.67741918564,1.25146949291,1.2724019289,1.37313711643,1.54451942444,0.560820162296,0.110129073262,0.0107857780531,0.000796528591309,0.0000419515417889,0.0000111732406367],"dvar":[0.00090263353195,0.234136477113,6.96083784103,32.7321929932,97.1504440308,36.6111526489,56.8179893494,416.174285889,306.570281982,199.753173828,599.05065918,1251.66271973,734.529785156,649.813781738,507.004180908,575.493469238,852.711730957,1047.39562988,1908.90991211,3306.77197266,3921.33959961,1745.89672852,2196.62719727,885.006958008,160.570419312,68.5840988159,36.3422317505,11.0157432556,4.07755422592,2.37236022949,1.48532748222,1.83603310585,2.41921162605,3.16363477707,0.481978595257,0.0192959792912,0.000193956017029,0.00000119456501579,3.28375393543e-9,7.50344231193e-11],"dvar2":[0.00258343550377,0.620873570442,18.1487731934,94.0378723145,253.341186523,99.0878143311,155.161682129,1159.48779297,848.136291504,510.839996338,1325.47631836,2790.14355469,1350.33374023,1595.54833984,997.121276855,1171.23632812,2079.96728516,2488.01806641,4355.96337891,7310.79736328,9865.97265625,4068.88476562,4935.25488281,1961.43408203,359.753997803,155.123062134,80.6741638184,23.8753890991,8.6662607193,4.83404254913,2.94686031342,3.58383917809,5.07259511948,7.18389558792,1.03056156635,0.0422487258911,0.000388099258998,0.00000230719660976,6.48022702165e-9,1.63737051695e-10],"max":[0.412876397371,6.75867176056,35.6322479248,65.7103500366,115.933815002,109.548461914,106.971763611,380.912384033,233.75138855,238.595565796,556.450012207,656.58392334,811.684448242,885.801513672,693.704101562,862.475830078,521.343933105,503.962371826,1044.82556152,1614.98913574,1314.55944824,944.052368164,1281.16711426,641.329223633,201.507034302,113.433265686,84.5915756226,81.6530456543,29.8102760315,25.195066452,23.0346775055,21.477148056,23.6918544769,32.3533439636,11.0331735611,1.8647094965,0.249689102173,0.0167362149805,0.000910939997993,0.000105180159153],"mean":[0.0325397364795,0.672983050346,4.33998012543,4.49913311005,5.88424491882,5.06949615479,5.12252140045,8.93344116211,7.95986175537,8.09527301788,13.9476728439,19.5218677521,17.3495140076,20.9617614746,18.8927955627,25.6499938965,31.7649002075,35.147895813,56.1640205383,65.3051528931,67.9649276733,61.2309112549,76.6026763916,46.5985336304,21.1944351196,14.8308076859,9.92656230927,5.48725271225,3.10201454163,2.62833929062,2.01726531982,2.02506995201,2.0771381855,2.22448015213,0.834133625031,0.1655562222,0.0176085196435,0.00135835970286,0.0000845620597829,0.0000325909131789],"median":[0.0198791977018,0.432950258255,2.84953045845,3.05980277061,2.78743624687,3.02117919922,2.84408402443,4.12454223633,3.66858577728,3.4593474865,5.3170375824,7.40115499496,6.58174991608,9.18812942505,7.51415014267,12.5392103195,15.6041126251,15.5833234787,31.7853088379,33.6028404236,36.2896614075,40.6528282166,46.3607025146,27.0320701599,14.3248929977,10.853310585,7.20274353027,3.8807079792,2.1308567524,1.8158403635,1.35973346233,1.30716872215,1.21527433395,1.16634404659,0.425539940596,0.0831323638558,0.00851125270128,0.000617879792117,0.0000494476626045,0.0000312404808938],"min":[1.22256451401e-22,9.07489530469e-22,2.25100462185e-21,6.14717212345e-21,1.28730491739e-20,2.95567433307e-20,1.89892492803e-20,5.11634764124e-20,6.1388511227e-20,2.19592076654e-19,4.20115158647e-19,4.26933479189e-19,6.92293614233e-19,9.00323334435e-19,1.2642638822e-18,1.25743219752e-18,2.19115284579e-18,2.41076929842e-18,2.24907223908e-18,3.05458919818e-18,2.83933570969e-18,4.51711090242e-18,5.88335229888e-18,6.34899129084e-18,6.4474183391e-18,8.49212402732e-18,1.07177907774e-17,9.81004194598e-18,1.00876263888e-17,1.232377269e-17,1.12550081893e-17,1.18795270702e-17,8.29312836018e-18,7.12816523577e-18,6.21967980004e-18,4.06243908461e-18,2.31536683607e-18,1.00733021021e-18,2.54861972299e-19,2.8514515146e-20],"var":[0.00126557517797,0.504784464836,19.8651313782,27.49858284,84.1036376953,40.0935745239,54.6813812256,300.708129883,222.921676636,212.573410034,995.174438477,2069.08911133,2039.69677734,1350.34155273,1386.17602539,2105.15844727,1859.82629395,2512.27246094,5061.35058594,8789.37207031,8448.82226562,4776.86083984,8018.26660156,3432.94067383,481.715606689,190.215087891,84.4125747681,30.2153491974,10.0095233917,7.30117607117,4.42484807968,5.28764677048,6.49467182159,8.26859378815,1.21160924435,0.0494518876076,0.000581380852964,0.00000369678605239,9.80403314088e-9,2.90215018683e-10]},"erbbands_crest":{"dmean":2.26113843918,"dmean2":3.68110966682,"dvar":4.38451099396,"dvar2":11.0471572876,"max":29.0784549713,"mean":7.99823570251,"median":7.33241844177,"min":1.998016119,"var":11.2628164291},"erbbands_flatness_db":{"dmean":0.0153208374977,"dmean2":0.0217193197459,"dvar":0.000221004040213,"dvar2":0.00043350661872,"max":0.292794287205,"mean":0.150406256318,"median":0.14884519577,"min":0.0185696445405,"var":0.00153703032993},"erbbands_kurtosis":{"dmean":1.01716697216,"dmean2":1.55807030201,"dvar":1.42875826359,"dvar2":3.26618432999,"max":22.4599208832,"mean":1.02829968929,"median":0.483441352844,"min":-1.71692192554,"var":4.58911085129},"erbbands_skewness":{"dmean":0.333530783653,"dmean2":0.514772236347,"dvar":0.0975081697106,"dvar2":0.240571528673,"max":3.18412041664,"mean":-0.542244851589,"median":-0.505244851112,"min":-4.01010131836,"var":0.383602082729},"erbbands_spread":{"dmean":7.66509199142,"dmean2":11.7623109818,"dvar":66.6898498535,"dvar2":158.179580688,"max":196.555755615,"mean":34.3550643921,"median":30.4163150787,"min":5.18231773376,"var":319.144744873},"gfcc":{"cov":[[19410.9277344,1087.0168457,-2436.10668945,521.540649414,-660.42755127,380.461608887,-761.541137695,353.184753418,-483.223297119,13.4925765991,-237.779953003,-81.5403060913,-111.847442627],[1087.0168457,796.405517578,-340.506713867,50.2919120789,27.8240203857,-124.423171997,47.9662399292,-96.7563171387,48.8810081482,-85.533241272,46.3457107544,-92.2083511353,15.7034130096],[-2436.10668945,-340.506713867,864.013122559,6.07175111771,-20.2580013275,49.8388252258,4.02883005142,25.9434185028,12.8986339569,89.9008255005,-18.2825870514,36.2140464783,-5.63573932648],[521.540649414,50.2919120789,6.07175111771,160.091491699,10.9663581848,-2.14673733711,-20.0357494354,-4.04068851471,13.4850606918,6.9421210289,-0.814840555191,2.69507217407,9.94490718842],[-660.42755127,27.8240203857,-20.2580013275,10.9663581848,198.846740723,25.8153533936,64.3981399536,-9.87680053711,37.8323783875,-18.7429695129,14.363899231,-1.55093812943,8.7872428894],[380.461608887,-124.423171997,49.8388252258,-2.14673733711,25.8153533936,153.234191895,3.51510024071,41.7558937073,-43.979763031,29.6563224792,-14.2112884521,16.7268066406,-17.7575950623],[-761.541137695,47.9662399292,4.02883005142,-20.0357494354,64.3981399536,3.51510024071,143.930374146,1.79292702675,31.9270076752,-29.1935062408,29.4523582458,-7.37640047073,0.919661998749],[353.184753418,-96.7563171387,25.9434185028,-4.04068851471,-9.87680053711,41.7558937073,1.79292702675,134.308761597,6.06357145309,16.7112522125,-29.2791194916,8.45444107056,-5.26148509979],[-483.223297119,48.8810081482,12.8986339569,13.4850606918,37.8323783875,-43.979763031,31.9270076752,6.06357145309,105.378890991,13.557723999,2.16975831985,-6.04943990707,24.301776886],[13.4925765991,-85.533241272,89.9008255005,6.9421210289,-18.7429695129,29.6563224792,-29.1935062408,16.7112522125,13.557723999,84.1261749268,14.239613533,9.01495075226,-1.61214256287],[-237.779953003,46.3457107544,-18.2825870514,-0.814840555191,14.363899231,-14.2112884521,29.4523582458,-29.2791194916,2.16975831985,14.239613533,82.3565979004,21.2699298859,-9.55794620514],[-81.5403060913,-92.2083511353,36.2140464783,2.69507217407,-1.55093812943,16.7268066406,-7.37640047073,8.45444107056,-6.04943990707,9.01495075226,21.2699298859,63.3324699402,19.9359397888],[-111.847442627,15.7034130096,-5.63573932648,9.94490718842,8.7872428894,-17.7575950623,0.919661998749,-5.26148509979,24.301776886,-1.61214256287,-9.55794620514,19.9359397888,58.6376342773]],"icov":[[0.000637881632429,-0.00123328191694,0.00176996761002,-0.00181994226296,0.00149769650307,-0.00173870811705,0.0016803345643,-0.00160715065431,0.00160615181085,-0.00164028618019,0.00200785067864,-0.00169893947896,0.00129836972337],[-0.00123328191694,0.00514182122424,-0.00293441256508,0.002712756861,-0.00242406735197,0.00307851610705,-0.00256413943134,0.00347415986471,-0.00422296626493,0.00608910387382,-0.00778583716601,0.00879697967321,-0.00516638439149],[0.00176996761002,-0.00293441256508,0.00649083871394,-0.00531840790063,0.004250257276,-0.00442413147539,0.00366530194879,-0.00393552100286,0.0044859838672,-0.00641051400453,0.00685770716518,-0.0055612847209,0.00427360134199],[-0.00181994226296,0.002712756861,-0.00531840790063,0.01205583103,-0.00488044880331,0.0044721304439,-0.00323616201058,0.00452084327117,-0.00545567926019,0.00438024057075,-0.00552751123905,0.00383541104384,-0.00403512408957],[0.00149769650307,-0.00242406735197,0.004250257276,-0.00488044880331,0.0107305645943,-0.00755096506327,0.00270453793928,-0.00281255529262,-0.0000577972823521,-0.000409094936913,0.00224604224786,-0.00209517870098,0.00164375721943],[-0.00173870811705,0.00307851610705,-0.00442413147539,0.0044721304439,-0.00755096506327,0.0179611332715,-0.0088169798255,0.00279434025288,0.00348798790947,-0.00457487488165,0.0021591570694,-0.00181109842379,0.00103161891457],[0.0016803345643,-0.00256413943134,0.00366530194879,-0.00323616201058,0.00270453793928,-0.0088169798255,0.0177593510598,-0.00627500470728,-0.00118602090515,0.00535818934441,-0.00511563243344,0.0026885070838,-0.000233086262597],[-0.00160715065431,0.00347415986471,-0.00393552100286,0.00452084327117,-0.00281255529262,0.00279434025288,-0.00627500470728,0.0141868572682,-0.006001773756,0.00182664906606,0.000499703455716,0.000646534550469,-0.000102581871033],[0.00160615181085,-0.00422296626493,0.0044859838672,-0.00545567926019,-0.0000577972823521,0.00348798790947,-0.00118602090515,-0.006001773756,0.0223511178046,-0.0140475044027,0.0102804647759,-0.00604726700112,0.000178303002031],[-0.00164028618019,0.00608910387382,-0.00641051400453,0.00438024057075,-0.000409094936913,-0.00457487488165,0.00535818934441,0.00182664906606,-0.0140475044027,0.0318958312273,-0.022060226649,0.0164381954819,-0.00984850060195],[0.00200785067864,-0.00778583716601,0.00685770716518,-0.00552751123905,0.00224604224786,0.0021591570694,-0.00511563243344,0.000499703455716,0.0102804647759,-0.022060226649,0.0389280505478,-0.0285955499858,0.0191540531814],[-0.00169893947896,0.00879697967321,-0.0055612847209,0.00383541104384,-0.00209517870098,-0.00181109842379,0.0026885070838,0.000646534550469,-0.00604726700112,0.0164381954819,-0.0285955499858,0.0442413426936,-0.0237444359809],[0.00129836972337,-0.00516638439149,0.00427360134199,-0.00403512408957,0.00164375721943,0.00103161891457,-0.000233086262597,-0.000102581871033,0.000178303002031,-0.00984850060195,0.0191540531814,-0.0237444359809,0.0329198725522]],"mean":[2.04009461403,76.6033554077,-132.177978516,47.2906608582,-44.6614761353,20.8990020752,-49.2685050964,19.4779644012,-28.7358703613,-0.37175899744,-16.6829719543,-7.39713573456,-8.62900066376]},"hfc":{"dmean":6.23452949524,"dmean2":8.26528835297,"dvar":50.277015686,"dvar2":92.4070663452,"max":139.2709198,"mean":25.7658081055,"median":23.470785141,"min":1.08460835125e-16,"var":301.611206055},"melbands":{"dmean":[0.000258730346104,0.000884317560121,0.000606107874773,0.00032957753865,0.000134750036523,0.000183656738955,0.000113049762149,0.0000743244891055,0.0000921924802242,0.0000806288953754,0.0000480901217088,0.0000488730438519,0.000040662522224,0.0000303044362227,0.0000491067694384,0.000033616728615,0.0000401591605623,0.0000531899095222,0.0000417645424022,0.0000469616825285,0.0000408724954468,0.0000310110517603,0.0000309139031742,0.0000314274002449,0.0000164746070368,0.00000855515645526,0.00000589618230151,0.00000436625396105,0.00000332426907335,0.00000246605236498,0.00000118835453122,9.03724924228e-7,7.31780801289e-7,7.07333924765e-7,5.51204664134e-7,4.94522566896e-7,5.80153880492e-7,6.62139370888e-7,8.47424814765e-7,9.20853437947e-7],"dmean2":[0.000433666369645,0.00145015714224,0.00106866389979,0.000559355888981,0.000232147722272,0.000321594940033,0.000197803121409,0.000121422664961,0.000145241254359,0.000122581841424,0.0000716602662578,0.0000761166156735,0.0000620226419414,0.0000465176963189,0.000075751755503,0.0000532875383215,0.0000617512923782,0.0000812040379969,0.000064889783971,0.0000726814323571,0.0000653677197988,0.0000490172351419,0.000048211444664,0.0000483492804051,0.0000254428541666,0.0000132481818582,0.00000915960754355,0.00000677126536175,0.00000507288677909,0.00000376952652914,0.00000178844311449,0.00000135607797347,0.0000011010694152,0.00000104773766907,8.17093734895e-7,7.25982943095e-7,8.59688100263e-7,9.93178105091e-7,0.00000128684473566,0.00000141475311466],"dvar":[1.20235085888e-7,0.00000112068437375,0.00000115934017231,3.26047029375e-7,6.21924058919e-8,1.8378629818e-7,6.69308022339e-8,2.41260345035e-8,4.87689462148e-8,4.42657999145e-8,1.88350330887e-8,1.22884360465e-8,7.81391573668e-9,4.64810234746e-9,6.11386052896e-9,3.97671451324e-9,4.95692642488e-9,7.14830106219e-9,4.45013226269e-9,1.32005641973e-8,5.02551200654e-9,2.32749064466e-9,2.20581264365e-9,2.23019247514e-9,7.34831251403e-10,1.58335705658e-10,6.61065924223e-11,3.20037885082e-11,1.96372692413e-11,1.21212744703e-11,2.47459344682e-12,1.58254561799e-12,9.79810308409e-13,9.47268413883e-13,5.8419572348e-13,5.19431448808e-13,8.16870117555e-13,1.15343097486e-12,2.23947271318e-12,2.55885482074e-12],"dvar2":[3.31844120183e-7,0.00000295597828881,0.00000331457431457,8.48135130127e-7,1.71961374917e-7,5.10680706611e-7,1.8480599806e-7,5.90708779669e-8,1.08977957325e-7,9.56161301247e-8,3.45771304922e-8,2.97775955005e-8,1.51320147523e-8,9.58830792541e-9,1.42734082331e-8,9.72057989657e-9,1.17373017972e-8,1.63445630363e-8,1.05496020808e-8,2.92349415787e-8,1.28031842905e-8,5.50405498956e-9,5.23872323299e-9,4.97366237084e-9,1.67936731188e-9,3.74405090264e-10,1.50785592345e-10,7.51164755397e-11,4.50951359587e-11,2.77673023463e-11,5.55815853412e-12,3.46838226542e-12,2.23070303548e-12,2.01047902285e-12,1.23576799835e-12,1.07127186896e-12,1.65843467431e-12,2.46971366968e-12,5.16653343371e-12,5.91705850983e-12],"max":[0.00459106359631,0.0142735764384,0.0121724568307,0.00627498235554,0.00369772757404,0.00773156620562,0.00333629432134,0.00305907148868,0.00439899740741,0.00374315283261,0.00398700172082,0.00397778861225,0.0024980364833,0.00226830970496,0.00178693293128,0.00109287921805,0.00114811072126,0.00187130179256,0.00135198247153,0.00462185963988,0.00148737814743,0.00118678831495,0.000967504864093,0.0010337671265,0.000564530782867,0.000249254662776,0.000166654892382,0.0000895697521628,0.0000552776618861,0.00010000543989,0.0000291116975859,0.0000164445064001,0.0000142955632327,0.0000172121362993,0.0000123327472465,0.0000122009732877,0.0000143287961691,0.0000179724465852,0.0000297142796626,0.0000254593069258],"mean":[0.000448586826678,0.00181170855649,0.000862885441165,0.000416010414483,0.000181004987098,0.000198007706786,0.000118616582768,0.000089404922619,0.00012903357856,0.000117072238936,0.0000860970467329,0.0000860295913299,0.0000703363766661,0.0000530618162884,0.0000874962133821,0.0000563098001294,0.0000695216294844,0.0000963077836786,0.000079607067164,0.0000894891854841,0.0000722078839317,0.0000597613106947,0.0000654304021737,0.0000676766649121,0.0000351470662281,0.0000173897369677,0.0000122272303997,0.00000911646657187,0.00000649332423563,0.00000502864986629,0.0000024110281629,0.0000017168621298,0.00000146720208249,0.00000150494702211,0.00000116283456464,0.00000109801533199,0.00000125255201056,0.00000137130166422,0.00000174318847712,0.00000192961465473],"median":[0.000286874594167,0.00135554256849,0.00059323158348,0.000228211341891,0.000107631443825,0.0000964381324593,0.0000556756931474,0.0000370239467884,0.0000469999831694,0.0000432740453107,0.0000294108031085,0.0000353888608515,0.0000226454321819,0.0000213747043745,0.0000433507484559,0.0000272484976449,0.0000254732130998,0.0000467880672659,0.0000437422677351,0.0000419067655457,0.0000372957911168,0.0000358121433237,0.000040973052819,0.0000365795240214,0.0000191319322767,0.000010733734598,0.00000823671871331,0.00000647625529382,0.00000449632261734,0.00000346873116541,0.00000164374102951,0.0000011250128864,0.00000100542979453,0.00000101050488865,7.72967666762e-7,7.27831320546e-7,7.8859380892e-7,8.16917520297e-7,9.01769453776e-7,9.89823320197e-7],"min":[1.89182945961e-24,1.08596278403e-24,2.34167817967e-24,1.68872775323e-24,6.62103480919e-25,1.11521611298e-24,6.19843807796e-25,2.55635385604e-24,3.1679427275e-24,3.07473033129e-24,3.05815991355e-24,3.4631431557e-24,2.82708086073e-24,2.2683168765e-24,3.37705594841e-24,3.14233058327e-24,3.95419723629e-24,3.36091072669e-24,3.14482673639e-24,4.28800136175e-24,2.47750010881e-24,3.33417544175e-24,4.60387191782e-24,4.41950723566e-24,4.36653759246e-24,3.49045470353e-24,4.12267859855e-24,5.13853738469e-24,5.88144319788e-24,4.79904359995e-24,4.68496405786e-24,5.0918186753e-24,4.93232717191e-24,5.78593186378e-24,4.71485991402e-24,6.28081546963e-24,6.72744524277e-24,6.41843935429e-24,3.88868233811e-24,6.00580120313e-24],"var":[2.34276853917e-7,0.00000290628031507,9.56682015385e-7,3.14069723117e-7,5.97291318627e-8,1.35434632398e-7,4.84934155054e-8,2.87865464799e-8,8.2959772385e-8,7.34453919904e-8,5.39476872063e-8,2.55956180695e-8,2.37550565885e-8,1.16721432519e-8,1.74470020653e-8,6.71757804938e-9,1.17768035324e-8,1.86281461367e-8,1.03840980259e-8,2.95053492749e-8,1.02620294484e-8,5.73071679e-9,6.04152505801e-9,7.21472526166e-9,2.39751174469e-9,4.04776462348e-10,1.6798418212e-10,7.79746614499e-11,4.04008944355e-11,2.81910467193e-11,6.08270812191e-12,3.41814835984e-12,2.25306166952e-12,2.69686876997e-12,1.52006358889e-12,1.46905100931e-12,2.13450459564e-12,2.81391208078e-12,5.34619570836e-12,6.35554152709e-12]},"melbands_crest":{"dmean":3.73865962029,"dmean2":6.05421257019,"dvar":11.107585907,"dvar2":26.5379905701,"max":38.7023658752,"mean":14.2081508636,"median":13.3641233444,"min":1.63965010643,"var":36.6379394531},"melbands_flatness_db":{"dmean":0.0260680597275,"dmean2":0.0393272489309,"dvar":0.000676899973769,"dvar2":0.00157992367167,"max":0.527394354343,"mean":0.149240985513,"median":0.142885252833,"min":0.0027978841681,"var":0.00250719417818},"melbands_kurtosis":{"dmean":6.024518013,"dmean2":9.53093624115,"dvar":1068.57470703,"dvar2":2483.67382812,"max":2202.7175293,"mean":8.25233268738,"median":2.27773141861,"min":-1.72854948044,"var":1106.94506836},"melbands_skewness":{"dmean":0.75981348753,"dmean2":1.16696572304,"dvar":0.91398692131,"dvar2":2.10998058319,"max":42.7652816772,"mean":2.09190750122,"median":1.69672238827,"min":-1.16846072674,"var":3.07013869286},"melbands_spread":{"dmean":11.1816301346,"dmean2":17.3205356598,"dvar":113.042945862,"dvar2":271.675415039,"max":158.519393921,"mean":42.4310417175,"median":42.0515937805,"min":0.302397787571,"var":481.025146484},"mfcc":{"cov":[[8576.37304688,786.424133301,-673.897705078,48.9907722473,153.409881592,-88.0032501221,15.4270238876,8.87203216553,-38.7819366455,-57.4046974182,-23.8518772125,-81.0122451782,-55.1320953369],[786.424133301,708.846008301,-184.829452515,112.726600647,-1.66373443604,-0.213167458773,-9.91777706146,1.10102272034,-26.9064769745,16.960018158,-7.50793743134,12.4179401398,-27.02161026],[-673.897705078,-184.829452515,587.08215332,2.21797537804,21.561882019,-7.36438417435,-0.75163424015,-61.9929771423,39.5654640198,-25.3558254242,8.4569940567,55.3896408081,10.7213830948],[48.9907722473,112.726600647,2.21797537804,175.067565918,25.2440223694,4.09235143661,-30.4656352997,2.48905491829,9.51821231842,6.52123451233,-12.7339944839,14.349943161,14.1947154999],[153.409881592,-1.66373443604,21.561882019,25.2440223694,134.840911865,29.0341358185,9.74263000488,4.35965251923,35.4671859741,-1.14635431767,2.42199587822,9.20863819122,15.3284540176],[-88.0032501221,-0.213167458773,-7.36438417435,4.09235143661,29.0341358185,113.560905457,32.2653808594,-2.6945681572,-5.10458850861,-5.23170423508,-3.88307666779,12.5246610641,12.1599617004],[15.4270238876,-9.91777706146,-0.75163424015,-30.4656352997,9.74263000488,32.2653808594,115.428901672,41.6549034119,-15.9568758011,4.31327533722,23.7849407196,-4.40997028351,-6.0833940506],[8.87203216553,1.10102272034,-61.9929771423,2.48905491829,4.35965251923,-2.6945681572,41.6549034119,100.284973145,20.9043502808,7.74439191818,9.75519752502,-17.1693191528,-1.93937563896],[-38.7819366455,-26.9064769745,39.5654640198,9.51821231842,35.4671859741,-5.10458850861,-15.9568758011,20.9043502808,116.477005005,27.4039554596,-14.7313556671,6.07282066345,6.69277381897],[-57.4046974182,16.960018158,-25.3558254242,6.52123451233,-1.14635431767,-5.23170423508,4.31327533722,7.74439191818,27.4039554596,68.6203308105,22.7197990417,-3.57946157455,-3.52587532997],[-23.8518772125,-7.50793743134,8.4569940567,-12.7339944839,2.42199587822,-3.88307666779,23.7849407196,9.75519752502,-14.7313556671,22.7197990417,66.5794448853,18.7856140137,-6.6721072197],[-81.0122451782,12.4179401398,55.3896408081,14.349943161,9.20863819122,12.5246610641,-4.40997028351,-17.1693191528,6.07282066345,-3.57946157455,18.7856140137,66.218788147,23.7406158447],[-55.1320953369,-27.02161026,10.7213830948,14.1947154999,15.3284540176,12.1599617004,-6.0833940506,-1.93937563896,6.69277381897,-3.52587532997,-6.6721072197,23.7406158447,53.1406097412]],"icov":[[0.000152371227159,-0.000148001607158,0.000168691403815,0.0000231460344366,-0.000224327828619,0.000216917702346,-0.000139122086694,0.00020575633971,-0.00011966265447,0.000318957027048,-0.000121428682178,0.000166432946571,-0.00000410588381783],[-0.000148001607158,0.00207904889248,0.000525280891452,-0.001267116284,0.0000572823446419,0.0000462698626507,-0.00021997296426,-0.0000352864444721,0.000679205986671,-0.00095969211543,0.00116921379231,-0.00191628292669,0.00193622638471],[0.000168691403815,0.000525280891452,0.00263338722289,-0.000638583267573,-0.000191068756976,0.000879209663253,-0.00134743575472,0.00223244074732,-0.00160142616369,0.00173447153065,-0.000576814985834,-0.00147787935566,0.000767136458308],[0.0000231460344366,-0.001267116284,-0.000638583267573,0.00761820888147,-0.00159951997921,-0.000382080615964,0.00266501866281,-0.00221200054511,0.00140460883267,-0.00197327672504,0.00205221469514,-0.00133750587702,-0.00120587577112],[-0.000224327828619,0.0000572823446419,-0.000191068756976,-0.00159951997921,0.00997153669596,-0.00247316039167,-0.00104625453241,0.00120088807307,-0.00435524713248,0.00260404008441,-0.00335806095973,0.00201345817186,-0.00272396067157],[0.000216917702346,0.0000462698626507,0.000879209663253,-0.000382080615964,-0.00247316039167,0.0114703830332,-0.00443135434762,0.00194041850045,0.000605861307122,0.000117809649964,0.00269337929785,-0.00255272653885,-0.000764448661357],[-0.000139122086694,-0.00021997296426,-0.00134743575472,0.00266501866281,-0.00104625453241,-0.00443135434762,0.0144028225914,-0.00725890742615,0.00363243161701,-0.00189674214926,-0.0022365024779,0.000323497428326,0.000994813628495],[0.00020575633971,-0.0000352864444721,0.00223244074732,-0.00221200054511,0.00120088807307,0.00194041850045,-0.00725890742615,0.0168605819345,-0.00668478710577,0.00451161619276,-0.00529381260276,0.00553997000679,-0.00266848341562],[-0.00011966265447,0.000679205986671,-0.00160142616369,0.00140460883267,-0.00435524713248,0.000605861307122,0.00363243161701,-0.00668478710577,0.0158616304398,-0.0100415293127,0.00919067207724,-0.00574545189738,0.00251541822217],[0.000318957027048,-0.00095969211543,0.00173447153065,-0.00197327672504,0.00260404008441,0.000117809649964,-0.00189674214926,0.00451161619276,-0.0100415293127,0.0242902543396,-0.0135295391083,0.00731874350458,-0.00290254107676],[-0.000121428682178,0.00116921379231,-0.000576814985834,0.00205221469514,-0.00335806095973,0.00269337929785,-0.0022365024779,-0.00529381260276,0.00919067207724,-0.0135295391083,0.0289959311485,-0.0145754460245,0.00803684443235],[0.000166432946571,-0.00191628292669,-0.00147787935566,-0.00133750587702,0.00201345817186,-0.00255272653885,0.000323497428326,0.00553997000679,-0.00574545189738,0.00731874350458,-0.0145754460245,0.0286923442036,-0.0133428992704],[-0.00000410588381783,0.00193622638471,0.000767136458308,-0.00120587577112,-0.00272396067157,-0.000764448661357,0.000994813628495,-0.00266848341562,0.00251541822217,-0.00290254107676,0.00803684443235,-0.0133428992704,0.0274034217]],"mean":[-624.19354248,98.1884536743,-16.7216472626,25.8619270325,24.1699485779,-0.287240028381,6.14118099213,3.12702345848,3.54781603813,0.157116919756,-0.225458040833,-0.540409505367,-3.79135227203]},"pitch_salience":{"dmean":0.0731255933642,"dmean2":0.117545895278,"dvar":0.00438749790192,"dvar2":0.0109786102548,"max":0.884778857231,"mean":0.560886740685,"median":0.568974018097,"min":0.109943293035,"var":0.0117980549112},"silence_rate_20dB":{"dmean":0,"dmean2":0,"dvar":0,"dvar2":0,"max":1,"mean":1,"median":1,"min":1,"var":0},"silence_rate_30dB":{"dmean":0,"dmean2":0,"dvar":0,"dvar2":0,"max":1,"mean":1,"median":1,"min":1,"var":0},"silence_rate_60dB":{"dmean":0.00474183354527,"dmean2":0.00948491599411,"dvar":0.00471974769607,"dvar2":0.0115042654797,"max":1,"mean":0.0508362948895,"median":0,"min":0,"var":0.0482537895441},"spectral_centroid":{"dmean":273.568206787,"dmean2":423.685516357,"dvar":102030.335938,"dvar2":238057.671875,"max":11744.9228516,"mean":2020.49060059,"median":2045.31750488,"min":207.470153809,"var":914101.125},"spectral_complexity":{"dmean":4.52845096588,"dmean2":6.4805688858,"dvar":20.3170852661,"dvar2":36.5460510254,"max":58,"mean":26.199262619,"median":27,"min":0,"var":127.915649414},"spectral_contrast_coeffs":{"dmean":[0.0540624298155,0.0484607629478,0.0360822454095,0.0314374864101,0.0222257226706,0.0165368318558],"dmean2":[0.0918493643403,0.0808473676443,0.0577089115977,0.0506763011217,0.0353352241218,0.0260438583791],"dvar":[0.00216430984437,0.00152213871479,0.000897981226444,0.000635181088001,0.000334764336003,0.000227114302106],"dvar2":[0.0060327113606,0.00423023151234,0.00219073356129,0.0015817884123,0.000793354527559,0.000534190912731],"max":[-0.376204401255,-0.484718024731,-0.551880478859,-0.5491335392,-0.594811081886,-0.652780175209],"mean":[-0.638374686241,-0.773610293865,-0.783512711525,-0.760950684547,-0.773731708527,-0.788950622082],"median":[-0.634853124619,-0.777189612389,-0.790511846542,-0.760088562965,-0.777155399323,-0.791483521461],"min":[-0.978408336639,-0.97885876894,-0.985579431057,-0.984262824059,-0.977983117104,-0.968708395958],"var":[0.00612587574869,0.00357591966167,0.00386541313492,0.00311244372278,0.00226203212515,0.0012899490539]},"spectral_contrast_valleys":{"dmean":[0.420087486506,0.385323941708,0.321355611086,0.271829485893,0.227258101106,0.261737942696],"dmean2":[0.707282543182,0.625221610069,0.508657753468,0.41816753149,0.324786007404,0.332088649273],"dvar":[0.151213258505,0.129593253136,0.0996008068323,0.0844208970666,0.0695578157902,0.111482612789],"dvar2":[0.363683283329,0.298445373774,0.206621780992,0.16042521596,0.119535826147,0.184011742473],"max":[-5.61556053162,-4.88041973114,-5.66525840759,-5.29448032379,-5.54704904556,-8.06428909302],"mean":[-7.57645511627,-7.00382947922,-7.53248643875,-7.41850280762,-7.15815067291,-9.81702804565],"median":[-7.28624629974,-6.73887443542,-7.25579595566,-7.12883090973,-6.84138870239,-9.51763916016],"min":[-28.039932251,-27.8140144348,-27.6694583893,-27.8775463104,-27.5351791382,-27.3960170746],"var":[3.91674637794,4.25764513016,4.12605762482,4.25337600708,4.2089972496,3.34488606453]},"spectral_decrease":{"dmean":1.53369494882e-9,"dmean2":2.44709363884e-9,"dvar":3.58418103882e-18,"dvar2":9.26742139031e-18,"max":4.25228158469e-18,"mean":-5.15494935627e-9,"median":-5.08404118804e-9,"min":-2.00643217596e-8,"var":7.31810658393e-18},"spectral_energy":{"dmean":0.00610313471407,"dmean2":0.00960585940629,"dvar":0.0000547228955838,"dvar2":0.00013847835362,"max":0.0797372609377,"mean":0.021792948246,"median":0.0215591490269,"min":9.94746159685e-21,"var":0.000127371342387},"spectral_energyband_high":{"dmean":0.000277743762126,"dmean2":0.000369615008822,"dvar":1.40283319183e-7,"dvar2":2.57210501786e-7,"max":0.00671618850902,"mean":0.000778456451371,"median":0.000584083085414,"min":6.8535185314e-21,"var":5.07221329826e-7},"spectral_energyband_low":{"dmean":0.00333535950631,"dmean2":0.00552001409233,"dvar":0.0000172273230419,"dvar2":0.0000474202170153,"max":0.0495979860425,"mean":0.00707439705729,"median":0.00582381896675,"min":1.78537398207e-23,"var":0.0000332301824528},"spectral_energyband_middle_high":{"dmean":0.00234664045274,"dmean2":0.00329806329682,"dvar":0.00000848982745083,"dvar2":0.0000166553636518,"max":0.0624467544258,"mean":0.00864439923316,"median":0.00728903384879,"min":1.14554356834e-21,"var":0.0000496601642226},"spectral_energyband_middle_low":{"dmean":0.00371844507754,"dmean2":0.00612904876471,"dvar":0.0000358164288627,"dvar2":0.0000930316746235,"max":0.0674193948507,"mean":0.00605681585148,"median":0.00401117373258,"min":1.59185403268e-22,"var":0.000039409922465},"spectral_entropy":{"dmean":0.11269634217,"dmean2":0.165664583445,"dvar":0.015450283885,"dvar2":0.0358789302409,"max":9.82061672211,"mean":7.82809400558,"median":7.81719636917,"min":5.58325386047,"var":0.0882034897804},"spectral_flux":{"dmean":0.0202058944851,"dmean2":0.0302256774157,"dvar":0.000450187915703,"dvar2":0.000862793123815,"max":0.27284681797,"mean":0.0830488875508,"median":0.0812778696418,"min":6.36846200774e-11,"var":0.00142036995385},"spectral_kurtosis":{"dmean":1.12350094318,"dmean2":1.87389218807,"dvar":1.64826881886,"dvar2":4.65241527557,"max":21.5462265015,"mean":4.33462905884,"median":4.16035842896,"min":-1.25334072113,"var":4.01029348373},"spectral_rms":{"dmean":0.000623432046268,"dmean2":0.00095990934642,"dvar":4.7252754598e-7,"dvar2":0.00000115453576655,"max":0.00882000289857,"mean":0.00439269142225,"median":0.00458620954305,"min":3.11525935257e-12,"var":0.00000196573046196},"spectral_rolloff":{"dmean":500.325531006,"dmean2":804.938354492,"dvar":732980.0625,"dvar2":1704372.75,"max":22050,"mean":2391.3894043,"median":2433.25195312,"min":21.533203125,"var":3791815},"spectral_skewness":{"dmean":0.14916343987,"dmean2":0.244034856558,"dvar":0.0221726410091,"dvar2":0.0600422285497,"max":3.84254097939,"mean":1.49366986752,"median":1.52094352245,"min":-0.0909693092108,"var":0.0844790711999},"spectral_spread":{"dmean":482088.21875,"dmean2":673783.3125,"dvar":403285147648,"dvar2":751819292672,"max":42572624,"mean":4757834.5,"median":4280996,"min":1698487,"var":12510105174000},"spectral_strongpeak":{"dmean":0.683008611202,"dmean2":1.20609545708,"dvar":1.7714035511,"dvar2":4.50863552094,"max":14.9924430847,"mean":0.916285514832,"median":0.364302754402,"min":0,"var":2.21850657463},"zerocrossingrate":{"dmean":0.0109816333279,"dmean2":0.0126964058727,"dvar":0.000162307856954,"dvar2":0.000259946245933,"max":0.5732421875,"mean":0.0850889086723,"median":0.080078125,"min":0.0068359375,"var":0.00237902277149}},"metadata":{"audio_properties":{"analysis_sample_rate":44100,"bit_rate":0,"codec":"flac","downmix":"mix","equal_loudness":0,"length":176.266662598,"lossless":true,"md5_encoded":"db439662deedbda9a778bb67b742e148","replay_gain":-11.1562080383,"sample_rate":44100},"tags":{"album":["December’s Children (and Everybody’s)"],"albumartist":["The Rolling Stones"],"albumartistsort":["Rolling Stones, The"],"artist":["The Rolling Stones"],"artistsort":["Rolling Stones, The"],"asin":["B00006AW2R"],"copyright":["ABKCO Records"],"date":["2002-08-27"],"disc":["1"],"discnumber":["1"],"disctotal":["1"],"ensemble":["The Rolling Stones"],"file_name":"01-07 Get Off of My Cloud.flac","genre":["Rock"],"isrc":["USA176500030"],"label":["ABKCO"],"labelno":["8822922"],"media":["SACD"],"musicbrainz_albumartistid":["b071f9fa-14b0-4217-8e97-eb41da73f598"],"musicbrainz_albumid":["7e98c3b3-530d-3836-86a4-af3e1da0b6e7"],"musicbrainz_artistid":["b071f9fa-14b0-4217-8e97-eb41da73f598"],"musicbrainz_recordingid":["477e06a6-2492-4647-966d-81b1141086b4"],"musicbrainz_releasegroupid":["6f3adeb5-9955-3613-b51a-45e407ca8de5"],"organization":["ABKCO"],"originaldate":["1965-12-04"],"publisher":["ABKCO"],"release date":["2002-08-27"],"releasecountry":["GB"],"releasestatus":["official"],"releasetype":["album"],"script":["Latn"],"title":["Get Off of My Cloud"],"totaldiscs":["1"],"totaltracks":["12"],"tracknumber":["7"],"tracktotal":["12"]},"version":{"essentia":"2.1-beta1","essentia_build_sha":"ca57ba49d9b1854bd80e60cf9ccf267278fb7d6b","essentia_git_sha":"v2.1_beta1-28-g21ef5f4-dirty","extractor":"music 1.0"}},"rhythm":{"beats_count":370,"beats_loudness":{"dmean":0.00934557430446,"dmean2":0.0163047853857,"dvar":0.0000507710938109,"dvar2":0.00016208254965,"max":0.0574978068471,"mean":0.0280308369547,"median":0.0287372339517,"min":0,"var":0.000122865312733},"beats_loudness_band_ratio":{"dmean":[0.171139135957,0.083986826241,0.075082950294,0.0796080678701,0.145284488797,0.0524138435721],"dmean2":[0.290623158216,0.150126501918,0.130565598607,0.136416003108,0