{"lowlevel":{"average_loudness":0.808068931103,"barkbands":{"dmean":[0.00543717946857,0.012435073033,0.00252883625217,0.000957453390583,0.00195275689475,0.000770039274357,0.000482216273667,0.000324372260366,0.000641428807285,0.000745899742469,0.000571860233322,0.000963172758929,0.000430714630056,0.000369683897588,0.000284217792796,0.000299728737446,0.000221285605221,0.000191867700778,0.000127002902445,0.000100335317256,0.0000520576468261,0.0000265932976617,0.0000161281786859,0.00000645516729492,0.00000263880247076,0.0000071746917456,0.000421623524744],"dmean2":[0.00905216019601,0.0212469045073,0.00414245203137,0.00159580470063,0.00292948260903,0.00121055648196,0.000775781460106,0.000524320348632,0.00101835350506,0.00113932765089,0.00088887749007,0.00150609423872,0.000688049301971,0.000591815449297,0.000474871427286,0.000495627522469,0.000372770940885,0.000320484541589,0.000214554325794,0.000150320352986,0.0000757443049224,0.0000364125698979,0.0000221572609007,0.00000950705816649,0.00000429354622611,0.0000099518456409,0.00057980499696],"dvar":[0.000169236227521,0.000423914025305,0.0000250484645221,0.00000253850112131,0.0000151186704898,0.00000602398495175,0.00000134339256874,0.00000110442908863,0.00000282649648398,0.00000379416633223,0.00000165028620813,0.00000337532219419,8.79593301306e-7,5.43074065718e-7,3.17612716572e-7,4.54858167132e-7,3.24304522792e-7,3.77572007437e-7,1.22315469753e-7,1.20291772987e-7,3.80109632658e-8,2.8972571009e-9,9.37852018268e-10,1.44150691384e-10,2.73427946951e-11,1.47736878287e-10,7.6283498629e-7],"dvar2":[0.000417209899751,0.00115704617929,0.0000640139551251,0.0000067151490839,0.0000301507789118,0.00001451463595,0.00000314270732815,0.00000297869405586,0.00000644912142889,0.00000954905499384,0.00000366031599697,0.00000847054161568,0.00000237961285166,0.0000013440545672,8.40364009491e-7,0.0000012004452401,8.22939398404e-7,9.87416683529e-7,3.21452603202e-7,2.33527146065e-7,7.95217189875e-8,5.10740960635e-9,1.77797110368e-9,3.12708692274e-10,6.39045691364e-11,3.06349112744e-10,0.00000133005926273],"max":[0.246458947659,0.236839175224,0.0752262324095,0.0331420525908,0.111167266965,0.0882118567824,0.0609285309911,0.0522424317896,0.0453739762306,0.0817357972264,0.0563667416573,0.0590173080564,0.0497812069952,0.0145818796009,0.0100197903812,0.013221568428,0.0172359161079,0.0268177557737,0.00881823524833,0.0150330765173,0.005849391222,0.00166892877314,0.000593119824771,0.000359011755791,0.000103376856714,0.000234563791309,0.029036026448],"mean":[0.00592166325077,0.0174374822527,0.00333436881192,0.00133856257889,0.00381398270838,0.00134549033828,0.00087663368322,0.000512809725478,0.00121039513033,0.00145765102934,0.00100837775972,0.0017070309259,0.000742001924664,0.000656702672131,0.00041810903349,0.000420791824581,0.000274090707535,0.000257585692452,0.000170967963641,0.00016893252905,0.0000934038980631,0.0000493935258419,0.0000277375747828,0.000009290764865,0.0000027828787097,0.0000123216350403,0.00115926982835],"median":[0.00229644565843,0.0119314705953,0.00151159602683,0.00070413632784,0.00129996426404,0.000437150418293,0.000275897182291,0.000179992217454,0.000347320834408,0.000773555540945,0.000319338723784,0.000730789324734,0.000349702924723,0.000207026518183,0.000171435909579,0.000163204866112,0.0000757178058848,0.0000509499695909,0.0000347598797816,0.000025692717827,0.00002042824417,0.0000167743382917,0.00000956019539444,0.00000308668586513,9.33862054353e-7,0.00000524280221725,0.000504759431351],"min":[9.5264844649e-25,1.08601849733e-24,8.35585235245e-25,1.87609898151e-24,9.3133107797e-24,3.38558511251e-24,7.08657259215e-24,3.43365277405e-24,1.0099159814e-23,1.59783965679e-23,2.02390485165e-23,3.45399970561e-23,4.31573211026e-23,3.42418076339e-23,5.31186748051e-23,5.86880959048e-23,6.79484583406e-23,5.82773265651e-23,1.07478095285e-22,1.4735761413e-22,2.48303499358e-22,2.77271153374e-22,3.66215409764e-22,6.65735949518e-22,7.76619702482e-22,1.35562048382e-21,1.94598096317e-21],"var":[0.000156618101755,0.000422618468292,0.0000294817673421,0.00000380459982807,0.0000512689366587,0.0000112493826236,0.00000436528580394,0.0000018986345367,0.00000769166945247,0.00000777837885835,0.00000433476770922,0.00000842696226755,0.00000151411927618,0.00000125174699406,4.24255489406e-7,6.23245114184e-7,3.74174078388e-7,6.053177799e-7,1.80553470841e-7,3.58541825562e-7,9.6265779348e-8,9.59756363272e-9,2.6262303443e-9,2.87321000325e-10,3.01570539374e-11,3.4365180146e-10,0.00000374912087864]},"barkbands_crest":{"dmean":3.20193791389,"dmean2":5.32066059113,"dvar":7.51402759552,"dvar2":20.9867153168,"max":26.5200233459,"mean":12.1364088058,"median":11.5995130539,"min":2.72582030296,"var":22.2189483643},"barkbands_flatness_db":{"dmean":0.0303402189165,"dmean2":0.0480441302061,"dvar":0.000809088523965,"dvar2":0.00209048460238,"max":0.467332810163,"mean":0.162403389812,"median":0.152330070734,"min":0.0332366973162,"var":0.00375255779363},"barkbands_kurtosis":{"dmean":8.48998641968,"dmean2":13.9454126358,"dvar":319.829833984,"dvar2":828.114440918,"max":550.123596191,"mean":14.8215112686,"median":5.67927265167,"min":-1.79738342762,"var":872.625183105},"barkbands_skewness":{"dmean":0.853750109673,"dmean2":1.380230546,"dvar":1.01700508595,"dvar2":2.68125462532,"max":15.9437818527,"mean":2.70168685913,"median":2.22101306915,"min":-2.10463643074,"var":3.9179418087},"barkbands_spread":{"dmean":7.65243005753,"dmean2":11.999835968,"dvar":67.2342147827,"dvar2":158.269485474,"max":132.463897705,"mean":26.4779148102,"median":23.3377456665,"min":0.311979144812,"var":324.116119385},"dissonance":{"dmean":0.0177787169814,"dmean2":0.0301798284054,"dvar":0.000350387039362,"dvar2":0.000955904310104,"max":0.500000059605,"mean":0.471987813711,"median":0.480244606733,"min":0.317519515753,"var":0.000666978186928},"dynamic_complexity":4.27801561356,"erbbands":{"dmean":[0.603494107723,2.07418060303,3.04956746101,3.00392246246,4.96719169617,7.07170915604,6.19399309158,6.72898006439,6.26230382919,8.08479785919,8.40398788452,12.5286245346,20.2663269043,22.2586174011,24.6120243073,42.634552002,20.4803714752,18.5256118774,14.6213684082,14.3344964981,16.9355430603,11.419005394,10.9513978958,7.93797969818,5.46673202515,4.70961380005,3.17059540749,1.35238993168,0.946780741215,0.794663012028,0.406207025051,0.208947613835,0.067645303905,0.0297461785376,0.0188857577741,0.0128511665389,0.0163906142116,0.0137779070064,0.0147188324481,0.01263679564],"dmean2":[1.04178035259,3.51121711731,4.98166942596,4.89220666885,7.75429821014,10.55219841,9.76932907104,10.5858163834,10.0106496811,13.0032157898,13.5679712296,20.0449123383,31.7627067566,33.8875846863,37.4458389282,66.4524078369,32.3623161316,29.3169059753,24.0480518341,23.1724681854,28.4110889435,19.0524368286,18.4071578979,13.4365406036,8.83670520782,7.08703565598,4.57723379135,1.92710030079,1.3184813261,1.10197150707,0.558337152004,0.296463638544,0.103729389608,0.0482569560409,0.0306612756103,0.0202461183071,0.0225778203458,0.017509303987,0.0182981472462,0.0167466085404],"dvar":[1.28498363495,10.2037706375,37.1096420288,26.5563793182,87.8947601318,279.596801758,314.955291748,603.319641113,226.074981689,669.168640137,889.598144531,911.645935059,4838.64599609,1675.94445801,3551.65625,7094.625,1700.16223145,1295.00292969,733.233642578,877.441650391,1662.31262207,909.816101074,1216.92407227,486.569152832,255.011703491,272.273834229,140.086807251,23.2221393585,4.15219163895,2.20221543312,0.650062978268,0.185593858361,0.0125014791265,0.00346291204914,0.00137055071536,0.000484301301185,0.000861239270307,0.000573074328713,0.00469964602962,0.000556322687771],"dvar2":[3.6039917469,27.3074645996,92.4983291626,70.9007492065,199.066436768,548.433044434,713.27923584,1559.90063477,509.805786133,1369.62976074,2427.73217773,2114.67407227,12422.9833984,3630.6184082,7830.24414062,17469.4785156,4459.53710938,3123.49145508,1897.96960449,2243.88696289,4418.76074219,2309.83227539,3272.67431641,1258.21728516,605.47869873,554.169799805,268.477355957,50.1549835205,7.4773068428,4.23749399185,1.24644041061,0.390406548977,0.0276826713234,0.00807022023946,0.00320702139288,0.00112493010238,0.00182254309766,0.00090857577743,0.00688494229689,0.000970113207586],"max":[13.6930055618,45.5210418701,91.6368560791,96.8825454712,253.701675415,573.598693848,550.457763672,1059.09545898,502.000183105,1713.39770508,1899.22192383,927.149536133,2937.99389648,1640.40661621,2702.78149414,2900.25439453,2057.69287109,669.754333496,524.195983887,464.733917236,882.170349121,948.208068848,1660.20776367,837.142272949,467.18838501,647.469421387,357.107177734,226.105422974,60.0947799683,44.0090942383,17.280828476,14.5979042053,2.16379332542,1.18637692928,0.725933015347,0.417576313019,0.669595181942,0.876737713814,3.44667172432,0.652421295643],"mean":[0.747356414795,2.97326946259,4.25111055374,4.61178207397,8.81048774719,12.914478302,9.97865200043,11.5481920242,11.8169021606,14.1271028519,14.8434877396,23.5839481354,39.1238670349,44.4954719543,50.3529129028,76.0455856323,38.6009902954,34.87109375,24.7115974426,22.0443706512,22.6528091431,14.9883289337,14.6620235443,10.5526256561,8.08762168884,7.90182495117,5.60990762711,2.55281710625,1.77367913723,1.38383889198,0.692869305611,0.324780076742,0.0867998749018,0.0322327464819,0.0203139763325,0.0164168719202,0.0280315577984,0.0327507443726,0.0432699285448,0.0387880653143],"median":[0.444196075201,2.06218147278,2.18728351593,2.7306394577,3.33994674683,3.73413395882,3.5103957653,3.56426596642,3.70463681221,4.18494987488,5.23431634903,7.54561758041,13.6995573044,27.9660511017,19.5027065277,32.3698577881,20.1499423981,11.5566997528,11.175242424,9.16197013855,8.2131319046,4.46382570267,3.03706669807,2.06128644943,1.52774488926,1.23347759247,1.04459404945,0.66985720396,0.59067773819,0.463002681732,0.239365041256,0.100349768996,0.0329505801201,0.0118972277269,0.00715288054198,0.00770349102095,0.0108873369172,0.0129278087988,0.0132602145895,0.0218762867153],"min":[5.61402581967e-23,2.8338198549e-22,1.63552721517e-21,6.25878940346e-21,8.17741463944e-21,3.61896332442e-20,3.45830675488e-20,4.31905022079e-20,1.39001136193e-19,1.98488967319e-19,1.44851293528e-19,3.66305612234e-19,5.13342446187e-19,6.3494280422e-19,9.97680527979e-19,1.55167688502e-18,2.09804953195e-18,2.29597937687e-18,3.00665635643e-18,3.523459778e-18,4.61747768923e-18,4.81017768473e-18,3.79725325203e-18,7.33810781114e-18,4.73974863224e-18,8.13539080763e-18,7.76428780634e-18,7.23798338825e-18,1.06136437752e-17,1.11599254322e-17,1.04982007945e-17,1.11306630909e-17,1.07618232557e-17,8.03806060085e-18,6.18428722317e-18,4.25500466326e-18,2.50049730178e-18,9.68623120626e-19,2.68041208354e-19,2.93782403395e-20],"var":[1.10770988464,11.4572553635,43.3323745728,36.24451828,246.328765869,854.664367676,607.077026367,946.140991211,734.533203125,2351.33691406,1398.15441895,2481.49487305,11019.8701172,3747.28417969,10000.7753906,17263.0253906,3486.56469727,3181.39892578,1253.55822754,1251.61657715,1989.95544434,1087.05822754,1895.86730957,712.279052734,497.042419434,777.846008301,400.901275635,56.4023132324,13.6728906631,6.15745639801,1.73888230324,0.417542725801,0.0193430222571,0.00384307606146,0.00152512721252,0.000638128374703,0.00198938860558,0.00311042345129,0.0219682082534,0.00270547159016]},"erbbands_crest":{"dmean":2.6083137989,"dmean2":4.11608791351,"dvar":5.73454713821,"dvar2":13.4054164886,"max":29.2856807709,"mean":9.86649417877,"median":8.99153804779,"min":2.34489822388,"var":17.8222465515},"erbbands_flatness_db":{"dmean":0.0205301549286,"dmean2":0.0307381264865,"dvar":0.000310702132992,"dvar2":0.000715650094207,"max":0.304563164711,"mean":0.147174417973,"median":0.145651578903,"min":0.021220440045,"var":0.00131102709565},"erbbands_kurtosis":{"dmean":1.19027209282,"dmean2":1.86064577103,"dvar":2.58228111267,"dvar2":6.24686956406,"max":47.3453140259,"mean":1.6839774847,"median":1.04653215408,"min":-1.72949302197,"var":7.23940610886},"erbbands_skewness":{"dmean":0.370638310909,"dmean2":0.569619417191,"dvar":0.122383520007,"dvar2":0.287305533886,"max":5.74615764618,"mean":-0.0947401970625,"median":-0.153283447027,"min":-2.95583891869,"var":0.637738287449},"erbbands_spread":{"dmean":5.78386735916,"dmean2":8.89728736877,"dvar":33.0023078918,"dvar2":78.5220947266,"max":140.377578735,"mean":25.7874088287,"median":23.6005992889,"min":3.56406402588,"var":164.497070312},"gfcc":{"cov":[[21682.484375,1041.20007324,-2315.86328125,-427.621002197,42.0290565491,-598.730285645,330.92199707,-475.197479248,172.370437622,-194.479690552,47.3315162659,-44.9911766052,-169.193344116],[1041.20007324,860.961120605,47.1479225159,-243.401260376,100.670806885,-12.3893270493,21.2033672333,-49.4146308899,7.21032762527,-50.4175300598,7.44203901291,-61.3452758789,63.5690841675],[-2315.86328125,47.1479225159,595.27130127,85.2944030762,-104.344512939,184.769317627,-122.039970398,70.5900497437,-79.3670043945,19.2688140869,-42.7929840088,2.68570756912,35.6041526794],[-427.621002197,-243.401260376,85.2944030762,348.37789917,-4.69194173813,-20.6070976257,5.39884138107,22.6811695099,-27.1817111969,11.7149543762,-15.1842870712,11.7663030624,-25.9157524109],[42.0290565491,100.670806885,-104.344512939,-4.69194173813,254.587646484,8.6286945343,62.4849624634,-3.96669626236,0.77190309763,-34.1356124878,27.7572307587,-17.4459629059,30.8849964142],[-598.730285645,-12.3893270493,184.769317627,-20.6070976257,8.6286945343,241.239852905,-16.7033500671,29.458026886,-42.1932678223,-14.4739818573,-20.1422672272,17.0612163544,19.2541637421],[330.92199707,21.2033672333,-122.039970398,5.39884138107,62.4849624634,-16.7033500671,172.109283447,-19.7250022888,48.1321105957,-21.3191013336,-0.885583400726,10.9601840973,-12.2313051224],[-475.197479248,-49.4146308899,70.5900497437,22.6811695099,-3.96669626236,29.458026886,-19.7250022888,174.015686035,11.6050691605,42.7400283813,7.54996585846,-21.9288196564,29.1180667877],[172.370437622,7.21032762527,-79.3670043945,-27.1817111969,0.77190309763,-42.1932678223,48.1321105957,11.6050691605,113.834182739,21.8061943054,11.4575710297,9.57289218903,-21.5636749268],[-194.479690552,-50.4175300598,19.2688140869,11.7149543762,-34.1356124878,-14.4739818573,-21.3191013336,42.7400283813,21.8061943054,83.7004089355,33.4868507385,-11.0790071487,-4.25196123123],[47.3315162659,7.44203901291,-42.7929840088,-15.1842870712,27.7572307587,-20.1422672272,-0.885583400726,7.54996585846,11.4575710297,33.4868507385,63.1097450256,12.7621974945,0.167810022831],[-44.9911766052,-61.3452758789,2.68570756912,11.7663030624,-17.4459629059,17.0612163544,10.9601840973,-21.9288196564,9.57289218903,-11.0790071487,12.7621974945,66.2080841064,3.97906470299],[-169.193344116,63.5690841675,35.6041526794,-25.9157524109,30.8849964142,19.2541637421,-12.2313051224,29.1180667877,-21.5636749268,-4.25196123123,0.167810022831,3.97906470299,77.6005020142]],"icov":[[0.000126387705677,-0.000338111392921,0.000757061876357,-0.000238191438257,0.000323448388372,-0.000258020882029,0.000168059617863,-0.00000791129878053,0.000165062985616,-0.0000645269828965,0.000220122732571,-0.000180090966751,0.000141478594742],[-0.000338111392921,0.00310670537874,-0.00312732229941,0.00193994108122,-0.00105770991649,0.00128833437338,-0.00107817281969,0.00105592841282,-0.00144886015914,0.00235679908656,-0.00274317152798,0.00360823632218,-0.00211683171801],[0.000757061876357,-0.00312732229941,0.00832353066653,-0.00298901717179,0.00301342480816,-0.00409615691751,0.00274762557819,-0.000872177188285,0.00188545731362,-0.00215475610457,0.0035263672471,-0.00242643943056,0.000495309184771],[-0.000238191438257,0.00193994108122,-0.00298901717179,0.00521237961948,-0.00216946587898,0.00255435309373,-0.00142830144614,-0.000536207691766,0.00145827315282,-0.000990343745798,0.00146909477189,-0.00109724653885,0.00161343219224],[0.000323448388372,-0.00105770991649,0.00301342480816,-0.00216946587898,0.00822033826262,-0.00267140707001,-0.00114135013428,0.000417395291151,-0.000981842516921,0.00571333942935,-0.00705915922299,0.0053658685647,-0.00370049080811],[-0.000258020882029,0.00128833437338,-0.00409615691751,0.00255435309373,-0.00267140707001,0.00768649810925,-0.00139516021591,-0.00122327415738,0.00198752130382,-0.000413151137764,0.00208712834865,-0.00295841135085,0.00118648225907],[0.000168059617863,-0.00107817281969,0.00274762557819,-0.00142830144614,-0.00114135013428,-0.00139516021591,0.00896790716797,-0.0000314239550789,-0.00284468219616,0.000423076591687,0.00244753551669,-0.0022331669461,0.00107963720802],[-0.00000791129878053,0.00105592841282,-0.000872177188285,-0.000536207691766,0.000417395291151,-0.00122327415738,-0.0000314239550789,0.00886612478644,-0.003026755061,-0.00157756404951,-0.0021588425152,0.00536413164809,-0.00505345407873],[0.000165062985616,-0.00144886015914,0.00188545731362,0.00145827315282,-0.000981842516921,0.00198752130382,-0.00284468219616,-0.003026755061,0.0151485623792,-0.00733894528821,0.0057610203512,-0.0077546085231,0.0059462338686],[-0.0000645269828965,0.00235679908656,-0.00215475610457,-0.000990343745798,0.00571333942935,-0.000413151137764,0.000423076591687,-0.00157756404951,-0.00733894528821,0.0290215518326,-0.0211991742253,0.0136686898768,-0.00403042277321],[0.000220122732571,-0.00274317152798,0.0035263672471,0.00146909477189,-0.00705915922299,0.00208712834865,0.00244753551669,-0.0021588425152,0.0057610203512,-0.0211991742253,0.0366671457887,-0.0181459579617,0.0063777831383],[-0.000180090966751,0.00360823632218,-0.00242643943056,-0.00109724653885,0.0053658685647,-0.00295841135085,-0.0022331669461,0.00536413164809,-0.0077546085231,0.0136686898768,-0.0181459579617,0.0304056070745,-0.00929372664541],[0.000141478594742,-0.00211683171801,0.000495309184771,0.00161343219224,-0.00370049080811,0.00118648225907,0.00107963720802,-0.00505345407873,0.0059462338686,-0.00403042277321,0.0063777831383,-0.00929372664541,0.0203796774149]],"mean":[-24.8347091675,101.09803772,-83.984375,-2.2331237793,-3.00833678246,0.77440571785,9.85006809235,-17.4202861786,0.485134243965,-13.3140487671,-2.38274145126,1.38945674896,-2.25646662712]},"hfc":{"dmean":52.7463188171,"dmean2":76.140953064,"dvar":5216.27246094,"dvar2":10657.2324219,"max":1445.4161377,"mean":182.58102417,"median":143.268112183,"min":1.10928142839e-16,"var":24975.5136719},"melbands":{"dmean":[0.00442270142958,0.00185838714242,0.000518601795193,0.000462747499114,0.000227427241043,0.000147657046909,0.0000938267039601,0.0000821126523078,0.0000811506615719,0.0000819334818516,0.000102641170088,0.0000945136125665,0.0000828127522254,0.00010980663501,0.0000740659743315,0.0000406102408306,0.0000345303778886,0.0000248749784078,0.0000214402462007,0.0000195717966562,0.0000209436566365,0.000012517201867,0.0000112413954412,0.00000903272211872,0.00000656346901451,0.00000448176660939,0.00000375238732886,0.00000323214999298,0.00000241581437876,0.00000122825133531,7.010560239e-7,5.54442578959e-7,5.45006059838e-7,4.24536608534e-7,2.53074830425e-7,1.74977870415e-7,1.17002826983e-7,5.43026459354e-8,2.79257470481e-8,2.4077525751e-8],"dmean2":[0.00758378999308,0.00305330590345,0.000838591542561,0.000688803615049,0.000352361967089,0.000231650526985,0.000150142135681,0.000131974797114,0.000130965257995,0.000130330154207,0.000161060175742,0.000144044155604,0.000128353814944,0.000173397682374,0.000113633723231,0.0000642956874799,0.0000551345547137,0.0000411099827033,0.0000357599165,0.0000311760377372,0.0000357274366252,0.0000210206126212,0.0000191440303752,0.0000149738016262,0.0000112487350634,0.00000750900153434,0.00000593119602854,0.00000488275964017,0.00000354341182174,0.00000182221958767,0.00000102502065147,7.98623375431e-7,7.82395602528e-7,6.01099031883e-7,3.5703510548e-7,2.51709252552e-7,1.71182847453e-7,8.37137577037e-8,4.54119017945e-8,3.92093824075e-8],"dvar":[0.0000644631436444,0.0000105086865005,7.45028046367e-7,8.98188432075e-7,3.58356714969e-7,2.53896729419e-7,4.75485926188e-8,6.80664342667e-8,8.03506949865e-8,3.9877157576e-8,1.22603154296e-7,3.1558926139e-8,3.617950739e-8,4.70090206761e-8,2.18087627957e-8,5.46900347231e-9,4.69066252506e-9,2.13722328724e-9,2.00362637592e-9,1.64812852255e-9,2.74392841781e-9,1.16927323379e-9,1.01666997043e-9,9.07664499117e-10,3.29062305182e-10,1.58677695983e-10,1.69320807375e-10,1.44586662087e-10,8.68378563501e-11,2.36519571289e-11,5.07881106962e-12,1.61968713181e-12,1.16568148363e-12,6.45132601854e-13,2.69219217232e-13,1.51621147278e-13,5.8271699369e-14,8.59955959524e-15,2.95415805838e-15,2.31194530107e-15],"dvar2":[0.000176256318809,0.0000266355709755,0.00000196822406906,0.00000176860351075,7.7437971413e-7,6.35653407244e-7,1.08208098482e-7,1.42922019108e-7,2.12565609559e-7,9.08879371764e-8,3.14506053201e-7,6.840841138e-8,8.06174611512e-8,1.19905820384e-7,5.49893037771e-8,1.35767725951e-8,1.1441143144e-8,5.52218315519e-9,5.31070609711e-9,4.09704536963e-9,7.38810612688e-9,2.93056756639e-9,2.6940922826e-9,2.35564989737e-9,8.64922133914e-10,4.1194020417e-10,3.76025571791e-10,3.08584602315e-10,1.75580286421e-10,5.19170331725e-11,1.11748761286e-11,3.0997472384e-12,2.34218157022e-12,1.31095546745e-12,5.36355031569e-13,3.20619236455e-13,1.28209265036e-13,1.93543064333e-14,6.861821529e-15,5.39836416603e-15],"max":[0.0925682932138,0.0519092716277,0.0171044915915,0.0310258977115,0.0190563034266,0.0208200849593,0.0071560847573,0.0161902941763,0.0179521366954,0.00539311440662,0.0149860791862,0.00716294627637,0.00822687894106,0.00841726362705,0.00622780853882,0.00215354375541,0.00135833176319,0.000920306425542,0.000873947399668,0.00109885050915,0.00104134355206,0.00125600036699,0.00124424765818,0.00121447234415,0.000638687342871,0.000309205875965,0.000521193491295,0.000426680984674,0.000257083767792,0.000192506442545,0.0000933491683099,0.0000396753421228,0.0000254850274359,0.0000217973138206,0.0000122639694382,0.000011899992387,0.00000733582783141,0.0000021926412046,0.00000109000950488,9.57029101301e-7],"mean":[0.00601885793731,0.00282994681038,0.000868697883561,0.000871772703249,0.000391249544919,0.000263247202383,0.000181337949471,0.000139546362334,0.000138750954648,0.000155163681484,0.000194478707272,0.000179349561222,0.0001544241386,0.000198254056158,0.000135898328153,0.0000742946867831,0.0000620008213446,0.0000405986538681,0.0000306457695842,0.0000298281447613,0.0000254935766861,0.000015653171431,0.0000139875382956,0.0000119781507237,0.00000822940364742,0.00000601717511017,0.00000565714572076,0.00000518826163898,0.00000400097815145,0.00000211303108699,0.0000012587394167,9.94387619357e-7,9.23737957237e-7,7.01937324266e-7,4.1721327193e-7,2.76319923387e-7,1.6654003332e-7,6.56822791711e-8,2.98167250889e-8,2.51839562537e-8],"median":[0.00393469957635,0.00185298814904,0.000530689198058,0.000268052652245,0.000131702880026,0.0000811986901681,0.0000577634491492,0.000043086882215,0.0000457523128716,0.000046369194024,0.0000671593152219,0.000111160501547,0.0000517921980645,0.0000845713948365,0.0000619291386101,0.0000309719907818,0.0000192098414118,0.0000175748227775,0.0000120551085274,0.0000119139504022,0.00000850795640872,0.00000469134374725,0.00000289642207463,0.00000227590612667,0.00000153187500018,0.00000126029351577,8.48681509069e-7,8.00689235803e-7,7.02520026152e-7,4.4503840968e-7,3.48571546738e-7,3.17432977681e-7,3.08135696514e-7,2.26064599929e-7,1.41068781545e-7,8.90511699936e-8,4.5768803858e-8,2.28021921345e-8,1.08904272267e-8,8.30131252627e-9],"min":[4.46828319569e-25,1.43663581248e-24,1.01968860723e-24,1.47747080281e-24,1.13577441981e-24,7.48351911662e-25,1.89669771747e-24,2.14436651512e-24,1.24855569407e-24,1.78088761177e-24,2.34761672456e-24,2.1786249693e-24,2.31553809028e-24,2.96616492693e-24,3.71122137216e-24,3.23486337581e-24,3.94648059891e-24,3.61880197838e-24,4.6573192163e-24,4.15848499504e-24,5.18642163607e-24,3.9897397588e-24,4.15196150978e-24,2.79800936422e-24,5.01017157161e-24,3.78599158091e-24,3.4182557869e-24,4.45436976008e-24,4.7325848297e-24,4.60200862836e-24,4.07330971095e-24,4.48644563334e-24,4.46093347724e-24,5.62939267233e-24,5.30894751187e-24,5.90586199277e-24,6.41061267082e-24,6.02467706687e-24,5.23389410205e-24,6.2580722153e-24],"var":[0.0000594600496697,0.0000125467577163,0.00000115977400128,0.00000295133281725,8.99806309462e-7,4.5795064807e-7,1.58284848339e-7,2.19398870627e-7,1.27992194621e-7,1.15046894678e-7,2.75815096984e-7,6.74120883559e-8,9.62932489301e-8,1.21109806628e-7,5.18557854434e-8,1.19173177993e-8,1.10656035446e-8,3.6725482655e-9,2.48256815105e-9,2.92203727881e-9,2.89942381215e-9,1.29947730354e-9,1.50474377403e-9,1.4126964043e-9,4.46828907208e-10,2.30983746019e-10,3.66600472201e-10,3.77332137758e-10,2.26832302941e-10,5.27880551771e-11,1.19170793025e-11,4.78373720844e-12,3.02029668636e-12,1.62439387028e-12,6.72826594786e-13,3.25767651787e-13,1.16383451812e-13,1.24238701534e-14,3.28657190337e-15,2.53710444614e-15]},"melbands_crest":{"dmean":4.57365655899,"dmean2":7.5591583252,"dvar":16.1934280396,"dvar2":45.01587677,"max":39.3773727417,"mean":19.1873092651,"median":18.6799640656,"min":1.57144474983,"var":45.3529586792},"melbands_flatness_db":{"dmean":0.0386765599251,"dmean2":0.0607637390494,"dvar":0.00122111954261,"dvar2":0.00308661791496,"max":0.616116583347,"mean":0.278997510672,"median":0.27192991972,"min":0.00358064030297,"var":0.00623712968081},"melbands_kurtosis":{"dmean":10.7544145584,"dmean2":17.8410358429,"dvar":424.391967773,"dvar2":1143.93286133,"max":650.149902344,"mean":18.014799118,"median":7.52143096924,"min":-1.79357802868,"var":1044.95227051},"melbands_skewness":{"dmean":0.992950856686,"dmean2":1.61041355133,"dvar":1.1744582653,"dvar2":3.13340687752,"max":21.2862968445,"mean":3.06551885605,"median":2.6286137104,"min":-0.659865438938,"var":4.2158870697},"melbands_spread":{"dmean":6.1763753891,"dmean2":9.87373447418,"dvar":63.0733032227,"dvar2":144.215484619,"max":168.642974854,"mean":17.9134883881,"median":14.2983989716,"min":0.298674374819,"var":294.558349609},"mfcc":{"cov":[[12110.6582031,1148.78515625,-1632.06359863,280.657958984,-626.307678223,134.523406982,-373.506958008,67.0986404419,-333.982727051,101.259506226,-0.191788896918,122.535865784,-75.49949646],[1148.78515625,1341.65649414,-114.931304932,-182.638442993,37.4787368774,40.205078125,41.8599014282,2.90430879593,53.9211578369,-53.2034492493,24.9908065796,-38.8141860962,36.4569473267],[-1632.06359863,-114.931304932,707.327026367,-82.7457275391,88.1799545288,1.02064430714,27.7775936127,-20.6017169952,38.3813171387,-27.3050098419,-22.7331047058,-36.194858551,-10.5919094086],[280.657958984,-182.638442993,-82.7457275391,343.912506104,-22.9243507385,-11.1338291168,-2.69576501846,4.81609916687,-20.8765163422,43.7537193298,-10.479227066,10.0337114334,-27.3185539246],[-626.307678223,37.4787368774,88.1799545288,-22.9243507385,223.3959198,-11.4373121262,81.6249771118,-7.87432527542,36.3517494202,-31.8055706024,6.73811340332,-18.1179218292,18.1940803528],[134.523406982,40.205078125,1.02064430714,-11.1338291168,-11.4373121262,193.299072266,18.6970920563,61.7735366821,-27.0899810791,-10.1716413498,-44.6194419861,-8.16222763062,3.76910018921],[-373.506958008,41.8599014282,27.7775936127,-2.69576501846,81.6249771118,18.6970920563,145.839050293,15.9560871124,43.9656639099,-23.8679733276,-2.71719837189,-8.96783161163,19.1248378754],[67.0986404419,2.90430879593,-20.6017169952,4.81609916687,-7.87432527542,61.7735366821,15.9560871124,121.865524292,21.637096405,14.7523822784,-28.4046955109,-1.52635347843,12.3265628815],[-333.982727051,53.9211578369,38.3813171387,-20.8765163422,36.3517494202,-27.0899810791,43.9656639099,21.637096405,100.194549561,22.0490322113,7.65042829514,-12.8560380936,11.5637378693],[101.259506226,-53.2034492493,-27.3050098419,43.7537193298,-31.8055706024,-10.1716413498,-23.8679733276,14.7523822784,22.0490322113,86.9526824951,22.7022857666,14.9188137054,-11.8618278503],[-0.191788896918,24.9908065796,-22.7331047058,-10.479227066,6.73811340332,-44.6194419861,-2.71719837189,-28.4046955109,7.65042829514,22.7022857666,85.7451553345,27.7914161682,3.32951998711],[122.535865784,-38.8141860962,-36.194858551,10.0337114334,-18.1179218292,-8.16222763062,-8.96783161163,-1.52635347843,-12.8560380936,14.9188137054,27.7914161682,72.3221740723,18.1486568451],[-75.49949646,36.4569473267,-10.5919094086,-27.3185539246,18.1940803528,3.76910018921,19.1248378754,12.3265628815,11.5637378693,-11.8618278503,3.32951998711,18.1486568451,59.1271286011]],"icov":[[0.000171726758708,-0.00017554940132,0.0002955137752,-0.0000851505610626,0.000216191780055,0.00000275139746009,0.000155720597832,-0.0000939150850172,0.000384006067179,-0.000109058077214,0.000115057955554,-0.000154170804308,0.000187487763469],[-0.00017554940132,0.00109047326259,-0.000046721270337,0.000444116391009,-0.000198539419216,-0.000392920483137,-0.0000761547416914,0.000236524050706,-0.00106421101373,0.000714089896064,-0.000709644460585,0.000755509012379,-0.000478788337205],[0.0002955137752,-0.000046721270337,0.0021864187438,0.000289263261948,-0.000192986568436,-0.000252010824624,0.000453647458926,0.000321201106999,-0.000202669805731,0.000148645282025,0.000574210833292,0.0000204393218155,0.000824070419185],[-0.0000851505610626,0.000444116391009,0.000289263261948,0.00374568696134,-0.000246626499575,0.000545193150174,-0.00107923755422,0.00000759667045713,0.00106853654142,-0.00212544063106,0.00117678148672,-0.000241341636865,0.00116094807163],[0.000216191780055,-0.000198539419216,-0.000192986568436,-0.000246626499575,0.00660169171169,0.000288909504889,-0.00259958137758,0.000231400088524,-0.000359832396498,0.00143815111369,-0.00107228045817,0.00111892435234,-0.000931453774683],[0.00000275139746009,-0.000392920483137,-0.000252010824624,0.000545193150174,0.000288909504889,0.00785700976849,-0.00201924331486,-0.00368329230696,0.00423622643575,-0.00134421919938,0.00282112881541,0.000166010839166,-0.0000241958186962],[0.000155720597832,-0.0000761547416914,0.000453647458926,-0.00107923755422,-0.00259958137758,-0.00201924331486,0.0111163090914,-0.000290165480692,-0.00501953670755,0.00387970311567,-0.000944640196394,-0.000565853028093,-0.000791151367594],[-0.0000939150850172,0.000236524050706,0.000321201106999,0.00000759667045713,0.000231400088524,-0.00368329230696,-0.000290165480692,0.0121443262324,-0.0037166478578,-0.00225276104175,0.00330554111861,-0.000604592438322,-0.00220468197949],[0.000384006067179,-0.00106421101373,-0.000202669805731,0.00106853654142,-0.000359832396498,0.00423622643575,-0.00501953670755,-0.0037166478578,0.0189068354666,-0.00801474973559,0.000579351384658,0.00366470240988,-0.00262004788965],[-0.000109058077214,0.000714089896064,0.000148645282025,-0.00212544063106,0.00143815111369,-0.00134421919938,0.00387970311567,-0.00225276104175,-0.00801474973559,0.0194904338568,-0.00558464694768,-0.00271026883274,0.00394689291716],[0.000115057955554,-0.000709644460585,0.000574210833292,0.00117678148672,-0.00107228045817,0.00282112881541,-0.000944640196394,0.00330554111861,0.000579351384658,-0.00558464694768,0.018251536414,-0.00638229353353,0.000695146678481],[-0.000154170804308,0.000755509012379,0.0000204393218155,-0.000241341636865,0.00111892435234,0.000166010839166,-0.000565853028093,-0.000604592438322,0.00366470240988,-0.00271026883274,-0.00638229353353,0.0204204451293,-0.00798532180488],[0.000187487763469,-0.000478788337205,0.000824070419185,0.00116094807163,-0.000931453774683,-0.0000241958186962,-0.000791151367594,-0.00220468197949,-0.00262004788965,0.00394689291716,0.000695146678481,-0.00798532180488,0.0228511430323]],"mean":[-685.877624512,163.993728638,-13.9727916718,23.1426620483,4.52364015579,29.509727478,9.1691942215,19.2116546631,3.13426494598,5.09184455872,-2.76448082924,2.22983574867,4.34855318069]},"pitch_salience":{"dmean":0.0828907117248,"dmean2":0.137336567044,"dvar":0.00566866435111,"dvar2":0.0159227401018,"max":0.924623966217,"mean":0.489641845226,"median":0.506698071957,"min":0.0269456561655,"var":0.0157701745629},"silence_rate_20dB":{"dmean":0,"dmean2":0,"dvar":0,"dvar2":0,"max":1,"mean":1,"median":1,"min":1,"var":0},"silence_rate_30dB":{"dmean":0.0815373584628,"dmean2":0.163089364767,"dvar":0.074891731143,"dvar2":0.158235549927,"max":1,"mean":0.906348228455,"median":1,"min":0,"var":0.0848864614964},"silence_rate_60dB":{"dmean":0.00466954009607,"dmean2":0.00933991931379,"dvar":0.00464828219265,"dvar2":0.0115846861154,"max":1,"mean":0.0465116277337,"median":0,"min":0,"var":0.0443517155945},"spectral_centroid":{"dmean":223.641815186,"dmean2":335.069793701,"dvar":92045.4765625,"dvar2":186595.265625,"max":11804.4638672,"mean":1100.18225098,"median":923.364318848,"min":128.421875,"var":929967.8125},"spectral_complexity":{"dmean":4.01293087006,"dmean2":5.92528057098,"dvar":24.0956363678,"dvar2":48.1329154968,"max":61,"mean":18.7317943573,"median":18,"min":0,"var":134.727416992},"spectral_contrast_coeffs":{"dmean":[0.0489198490977,0.0447306782007,0.0367645733058,0.0278266295791,0.0230490528047,0.0410318933427],"dmean2":[0.0804341584444,0.0747366547585,0.059634488076,0.045710567385,0.0376714207232,0.0621001124382],"dvar":[0.00152918649837,0.00124531495385,0.000840387714561,0.00049722706899,0.000418691750383,0.00133157218806],"dvar2":[0.00404518051073,0.00340250856243,0.00221758708358,0.00129693897907,0.00106606865302,0.00309262773953],"max":[-0.398141264915,-0.515552818775,-0.577487945557,-0.594100475311,-0.635711193085,-0.457131594419],"mean":[-0.722963750362,-0.792683601379,-0.781274616718,-0.807569503784,-0.82708889246,-0.752695500851],"median":[-0.72859287262,-0.79893964529,-0.779909133911,-0.808390676975,-0.824798464775,-0.755027651787],"min":[-0.975503921509,-0.979512691498,-0.977588653564,-0.970525979996,-0.966690540314,-0.963953137398],"var":[0.0055609382689,0.00399174029008,0.00318291527219,0.00218182476237,0.00163591839373,0.00583454314619]},"spectral_contrast_valleys":{"dmean":[0.377033770084,0.393803864717,0.322195321321,0.328608334064,0.385989785194,0.59099650383],"dmean2":[0.612667143345,0.628377377987,0.499540835619,0.497849106789,0.56064337492,0.919535398483],"dvar":[0.105021357536,0.126449257135,0.0944844633341,0.13069178164,0.215448617935,0.27576354146],"dvar2":[0.245197594166,0.281607836485,0.199841156602,0.266213744879,0.451802015305,0.667909443378],"max":[-4.85547590256,-4.44785499573,-5.0284986496,-5.39292526245,-5.28027534485,-8.7912569046],"mean":[-6.7593665123,-6.99825239182,-7.05298757553,-7.57292747498,-8.05774497986,-11.303812027],"median":[-6.45189476013,-6.61820030212,-6.67292261124,-7.22287368774,-7.79594182968,-11.0769824982],"min":[-28.1811733246,-27.9060211182,-27.8658466339,-27.6846408844,-27.4698543549,-27.4176616669],"var":[3.6053955555,3.92649841309,3.97950005531,3.89048671722,3.78908729553,2.56337213516]},"spectral_decrease":{"dmean":5.15615328212e-9,"dmean2":8.32953617191e-9,"dvar":7.51942778664e-17,"dvar2":1.89160919793e-16,"max":5.83228310091e-9,"mean":-9.15241127331e-9,"median":-6.67159882894e-9,"min":-1.02127401647e-7,"var":9.47677468222e-17},"spectral_energy":{"dmean":0.0209838245064,"dmean2":0.0327389836311,"dvar":0.00114495586604,"dvar2":0.00276086642407,"max":0.424931138754,"mean":0.0511039234698,"median":0.0418212376535,"min":1.00399838486e-20,"var":0.00193794735242},"spectral_energyband_high":{"dmean":0.000361392158084,"dmean2":0.000471636216389,"dvar":6.35590083675e-7,"dvar2":0.00000100795614344,"max":0.0278838146478,"mean":0.000943202816416,"median":0.000360395380994,"min":7.11516367552e-21,"var":0.00000327157590618},"spectral_energyband_low":{"dmean":0.0167011450976,"dmean2":0.0278724953532,"dvar":0.000844485359266,"dvar2":0.00222109491006,"max":0.31185644865,"mean":0.0258782729506,"median":0.0180025883019,"min":1.9105788295e-23,"var":0.000890562543646},"spectral_energyband_middle_high":{"dmean":0.00260874815285,"dmean2":0.00386957102455,"dvar":0.0000172313993971,"dvar2":0.0000394110502384,"max":0.0883601754904,"mean":0.00694385310635,"median":0.00439767632633,"min":1.1614274152e-21,"var":0.0000609988637734},"spectral_energyband_middle_low":{"dmean":0.00353290443309,"dmean2":0.00526728015393,"dvar":0.000035862216464,"dvar2":0.0000786038363003,"max":0.12910798192,"mean":0.00954017881304,"median":0.00546512659639,"min":1.40661106434e-22,"var":0.000145290032378},"spectral_entropy":{"dmean":0.177932798862,"dmean2":0.258300364017,"dvar":0.0326286479831,"dvar2":0.0700869709253,"max":9.82852649689,"mean":7.47571802139,"median":7.51751375198,"min":5.39480495453,"var":0.17577470839},"spectral_flux":{"dmean":0.0331795327365,"dmean2":0.051939688623,"dvar":0.00190152367577,"dvar2":0.00384207535535,"max":0.477430343628,"mean":0.112357795238,"median":0.0990887880325,"min":6.43353079144e-11,"var":0.00472566811368},"spectral_kurtosis":{"dmean":5.19108200073,"dmean2":7.85882711411,"dvar":34.1179466248,"dvar2":83.0079956055,"max":104.949562073,"mean":20.4233150482,"median":18.8671035767,"min":-1.27997219563,"var":93.2773361206},"spectral_rms":{"dmean":0.00128397590015,"dmean2":0.00194406253286,"dvar":0.00000255877762356,"dvar2":0.00000574049181523,"max":0.020360916853,"mean":0.00643722387031,"median":0.00638758251444,"min":3.12971350225e-12,"var":0.0000084196244643},"spectral_rolloff":{"dmean":4988.75878906,"dmean2":9623.72949219,"dvar":64330456,"dvar2":150264688,"max":22050,"mean":12026.7158203,"median":19961.2792969,"min":21.533203125,"var":97990976},"spectral_skewness":{"dmean":0.442873030901,"dmean2":0.65608137846,"dvar":0.223562464118,"dvar2":0.511639773846,"max":8.00621604919,"mean":3.15193581581,"median":3.10216927528,"min":-0.0748846456409,"var":0.809165120125},"spectral_spread":{"dmean":532944.75,"dmean2":816844.1875,"dvar":419783409664,"dvar2":950217736192,"max":44969912,"mean":4301131.5,"median":3965202.75,"min":1654092.5,"var":8762895630340},"spectral_strongpeak":{"dmean":1.3215713501,"dmean2":2.50371408463,"dvar":59.5723228455,"dvar2":173.393844604,"max":150.738693237,"mean":1.01596307755,"median":0.200034841895,"min":0,"var":36.4930267334},"zerocrossingrate":{"dmean":0.0395471863449,"dmean2":0.0510143637657,"dvar":0.0011523499852,"dvar2":0.00195101718418,"max":0.82080078125,"mean":0.252249449492,"median":0.25048828125,"min":0,"var":0.00828626658767}},"metadata":{"audio_properties":{"analysis_sample_rate":44100,"bit_rate":192000,"codec":"mp3","downmix":"mix","equal_loudness":0,"length":258.559997559,"lossless":false,"md5_encoded":"cb18e48e03f67ee4b4a2a75819576d6f","replay_gain":-0.264516830444,"sample_rate":44100},"tags":{"album":["Reckoning"],"artist":["R.E.M."],"date":["1984-04-09"],"file_name":"02 - R.E.M - 7 Chinese Bros.mp3","musicbrainz_albumid":["d1df43dc-8b15-4a43-8c9f-114eb00cea62"],"musicbrainz_artistid":["ea4dfa26-f633-4da6-a52a-f49ea4897b58"],"musicbrainz_recordingid":["479d7d5f-65da-4766-bc39-f24d301e0549"],"title":["7 Chinese Bros."],"tracknumber":["02/10"]},"version":{"essentia":"2.1-beta1","essentia_build_sha":"5a811adb4c06fd6d02ca903f7349a26d851abfa8","essentia_git_sha":"v2.1_beta1-34-gf95df8b","extractor":"music 1.0"}},"rhythm":{"beats_count":581,"beats_loudness":{"dmean":0.045366384089,"dmean2":0.082058377564,"dvar":0.00134882645216,"dvar2":0.0041967923753,"max":0.30924269557,"mean":0.082941390574,"median":0.0794378593564,"min":0,"var":0.00212810747325},"beats_loudness_band_ratio":{"dmean":[0.165130570531,0.0725830867887,0.0364989042282,0.0508886277676,0.0194392055273,0.0917700380087],"dmean2":[0.283805131912,0.131241336465,0.0624500848353,0.0869787484407,0.0346851423383,0.164067909122],"dvar":[0.015807710588,0.00938306096941,0.00311468215659,0.00272775976919,0.000541531655472,0.0063778180629],"dvar2":[0.0461055263877,0.0288188420236,0.00864479877055,0.00761070474982,0.0014970805496,0.0185394473374],"max":[0.96813595295,0.688471257687,0.487958520651,0.478632926941,0.187176182866,0.811014413834],"mean":[0.599618971348,0.086945720017,0.0482892878354,0.0836538672447,0.0273882765323,0.159760847688],"median":[0.617223322392,0.0554890856147,0.0273759979755,0.0678456947207,0.0204689353704,0.142956674099],"min":[0,0,0,0,0,0],"var":[0.0339921936393,0.00882178824395,0.00402578478679,0.00450832070783,0.000689519394655,0.00758592505008]},"beats_position":[0.452789098024,0.917188167572,1.3815