{"lowlevel":{"average_loudness":0.974483966827,"barkbands":{"dmean":[0.000193664964172,0.00815162900835,0.00449756998569,0.00287688989192,0.00414706068113,0.00136733672116,0.000767824007198,0.000725493126083,0.000680953962728,0.000629994261544,0.000281145970803,0.000394027621951,0.000284196838038,0.000395528011722,0.000335957854986,0.000220613408601,0.000321686966345,0.000198016146896,0.000180704329978,0.000133369205287,0.000106196763227,0.0000894771146704,0.0000566135131521,0.0000396426476073,0.0000229957913689,0.0000122071951409,0.00000124338907881],"dmean2":[0.000330518465489,0.013218334876,0.00753609417006,0.00487558543682,0.00670672720298,0.00223790924065,0.00125864264555,0.00117284676526,0.00107095483691,0.000983131118119,0.000428638420999,0.000609728216659,0.000431218300946,0.000616614648607,0.000524025701452,0.0003372230276,0.000494952662848,0.000305860157823,0.000279659841908,0.000205757038202,0.000161413860042,0.000134121160954,0.0000834097954794,0.0000574179175601,0.0000340683000104,0.0000180223123607,0.00000191767526303],"dvar":[9.98651756845e-8,0.000156004665769,0.0000501022259414,0.0000152812644956,0.000033452623029,0.00000412310828324,0.00000228416456594,0.00000200424233299,0.00000161540151566,0.00000156093153691,4.83385065309e-7,5.61759691209e-7,4.53129075595e-7,6.99648751379e-7,3.88478184732e-7,2.36525821151e-7,2.58072503811e-7,1.73817966242e-7,6.76681679579e-8,3.84349334581e-8,3.42640298356e-8,5.64909434786e-8,2.31811405627e-8,1.0170093212e-8,6.3655414273e-9,1.52682910759e-9,1.26120355479e-11],"dvar2":[2.74139949852e-7,0.000405777798733,0.000141243261169,0.0000416668699472,0.0000805647941888,0.0000108063632069,0.00000571316422793,0.00000480075641462,0.00000380614710593,0.00000351030939783,0.0000010084669384,0.00000126696420466,9.47757598624e-7,0.0000015377913769,8.78495427514e-7,5.07856611875e-7,5.93845015828e-7,3.89935365774e-7,1.61065116799e-7,8.710889432e-8,8.01996264954e-8,1.31647041712e-7,5.2734833389e-8,2.19736122631e-8,1.41962459566e-8,3.32275584825e-9,3.10452982766e-11],"max":[0.00392794189975,0.116531312466,0.0782542228699,0.0468260124326,0.061139177531,0.0332736708224,0.0232406109571,0.0214788690209,0.0233734473586,0.0222991071641,0.0171758178622,0.0147150764242,0.0124451750889,0.0173695962876,0.0147923864424,0.0141738019884,0.0140621252358,0.0215645469725,0.00546594709158,0.00476961163804,0.00768222846091,0.00788367167115,0.00450942292809,0.00243199011311,0.0019838665612,0.000763325951993,0.000102817022707],"mean":[0.000283453118755,0.0181002598256,0.00880810525268,0.00458375038579,0.00720298429951,0.00268935156055,0.00119117321447,0.00113525555935,0.00116514530964,0.001230809954,0.000503579212818,0.00073557725409,0.000496529275551,0.000643134990241,0.000550727476366,0.000390346016502,0.000632598181255,0.000411701679695,0.000391549896449,0.000273694022326,0.000222890055738,0.000172641230165,0.000100970333733,0.0000656192787574,0.0000376623538614,0.0000181569685083,0.00000155682789682],"median":[0.000183753552847,0.0143041172996,0.00714659644291,0.00317751197144,0.00496913958341,0.00188527116552,0.000641270249616,0.000445621117251,0.000563899404369,0.000465285906103,0.000202727766009,0.000321344938129,0.000130537824589,0.000257302366663,0.000276265433058,0.000171913969098,0.000380918791052,0.000229684039368,0.000267591618467,0.000189778686035,0.000157475180458,0.000112716727017,0.0000534369428351,0.0000282352284557,0.0000154709032358,0.00000566404014535,4.80518110635e-7],"min":[2.94256260308e-24,1.63998691724e-23,6.06868998336e-24,2.63626980447e-24,2.93600712951e-23,1.9538033584e-23,5.23564710876e-23,5.62147014226e-23,5.11711823339e-23,3.79328436332e-23,3.49867321421e-23,1.27177479324e-22,7.7762531712e-23,1.16006426356e-22,1.86036246863e-22,1.10284862386e-22,1.30728249543e-22,2.14036416621e-22,2.59410130789e-22,3.07041880412e-22,3.0115192935e-22,5.19255965233e-22,5.61338930358e-22,8.05646502132e-22,1.01268363993e-21,1.97078527439e-21,2.41444933127e-21],"var":[1.14360702241e-7,0.000199749105377,0.0000598484875809,0.0000207975535886,0.0000511677171744,0.00000748203592593,0.00000359802675121,0.00000408060304835,0.00000370719317289,0.00000552436085854,0.00000147468392697,0.00000171700855844,0.00000135752600272,0.00000154619237946,7.73438955548e-7,5.80918708692e-7,6.27259282737e-7,4.06007814036e-7,1.68044635984e-7,8.26537487342e-8,6.56777174868e-8,8.84691431224e-8,3.7268247155e-8,1.87754665149e-8,1.06167545866e-8,2.79948775272e-9,1.45249836464e-11]},"barkbands_crest":{"dmean":2.46847057343,"dmean2":3.99911594391,"dvar":6.03713035583,"dvar2":15.4529628754,"max":26.9651107788,"mean":10.8164806366,"median":9.96748924255,"min":2.7622051239,"var":16.4054718018},"barkbands_flatness_db":{"dmean":0.0219818986952,"dmean2":0.0320179834962,"dvar":0.00056574534392,"dvar2":0.00110961252358,"max":0.669454395771,"mean":0.155851989985,"median":0.142346456647,"min":0.044287212193,"var":0.0039683105424},"barkbands_kurtosis":{"dmean":25.3569507599,"dmean2":33.4893951416,"dvar":71585.5703125,"dvar2":107967.578125,"max":13848.4638672,"mean":55.1900482178,"median":4.72381830215,"min":-1.89642763138,"var":361861.875},"barkbands_skewness":{"dmean":0.728467822075,"dmean2":1.06659066677,"dvar":5.0326461792,"dvar2":7.84723138809,"max":111.547210693,"mean":2.89884376526,"median":2.1565721035,"min":-1.73740947247,"var":40.7891426086},"barkbands_spread":{"dmean":4.56318998337,"dmean2":6.97199487686,"dvar":30.9389343262,"dvar2":71.8588562012,"max":92.3790817261,"mean":17.4855899811,"median":16.6191101074,"min":0.0360111035407,"var":96.3853530884},"dissonance":{"dmean":0.014929106459,"dmean2":0.025076078251,"dvar":0.000202332870685,"dvar2":0.000541007437278,"max":0.500000059605,"mean":0.472085952759,"median":0.477088153362,"min":0.328494936228,"var":0.000443071941845},"dynamic_complexity":1.55982196331,"erbbands":{"dmean":[0.193225353956,2.05526399612,4.82049226761,7.16267204285,15.4154500961,12.1145172119,13.1670341492,9.85204982758,10.687664032,11.8650493622,15.6542787552,15.3520069122,21.382976532,12.683672905,10.8841505051,16.1575107574,12.1488361359,17.3913440704,18.8299064636,12.5941028595,12.4947948456,16.5741329193,10.921462059,10.2795553207,7.50603342056,6.10582780838,4.99325084686,3.932980299,3.33866643906,2.46320390701,1.50303661823,1.02789103985,0.558253288269,0.279634594917,0.160565450788,0.0750533044338,0.0183374844491,0.00254419120029,0.000225753785344,0.0000191455019376],"dmean2":[0.319031208754,3.35038709641,8.04627895355,12.1241064072,25.04413414,20.3596820831,21.284236908,16.3217048645,17.5590324402,19.0647525787,25.2940711975,24.2334499359,33.2080078125,19.1152191162,16.1159229279,24.8438243866,17.9871120453,26.2896366119,29.2406177521,18.4456424713,18.8839511871,25.4269962311,16.6035308838,15.9000988007,11.3572969437,9.39315223694,7.76899909973,5.99477481842,5.04115629196,3.68692326546,2.21835327148,1.49572980404,0.817026138306,0.413274794817,0.242111131549,0.112020172179,0.0271346308291,0.00381622463465,0.000341510633007,0.0000283224417217],"dvar":[0.103666760027,9.85808753967,55.5744819641,101.21698761,655.795532227,262.823822021,349.003204346,325.626647949,486.159332275,561.797973633,934.97454834,909.698059082,1750.22692871,793.281616211,550.590332031,968.100402832,729.59161377,1625.39440918,1067.24304199,833.218017578,595.530700684,644.891662598,553.181762695,229.336914062,127.334197998,86.2894439697,69.3809738159,56.4450302124,77.3471679688,55.1086959839,13.542725563,6.03523302078,2.48275470734,0.753824353218,0.388576209545,0.0675942227244,0.00319659989327,0.0000565947011637,3.63918900348e-7,6.29090723958e-10],"dvar2":[0.271583497524,26.1416187286,152.004669189,277.347351074,1549.64306641,717.647888184,916.139099121,861.30255127,1231.82849121,1343.60095215,2274.90722656,2142.51293945,4044.046875,1598.64404297,1058.82885742,2213.93603516,1476.29443359,3483.97875977,2494.77587891,1641.46362305,1291.88769531,1466.5769043,1235.95019531,521.616760254,287.45980835,193.242004395,164.045822144,135.174163818,182.827774048,127.540840149,29.8355884552,13.0134334564,5.48792552948,1.65101993084,0.891811847687,0.151554808021,0.00703242002055,0.000131072723889,8.80880236309e-7,1.4282980354e-9],"max":[3.44477057457,29.586057663,83.5420532227,113.103248596,258.240020752,232.296951294,309.15927124,314.928161621,380.252349854,419.720489502,497.729156494,657.706726074,786.283935547,675.718811035,618.690612793,737.718933105,621.723205566,889.996520996,769.859924316,605.98815918,971.651123047,690.382263184,1263.27282715,440.07522583,266.010864258,273.447906494,263.29901123,320.858093262,282.825836182,236.920684814,116.432685852,64.4487304688,35.8495178223,22.3104515076,16.1943569183,5.18870067596,1.39046120644,0.227182358503,0.0129046356305,0.000420756696258],"mean":[0.39609926939,4.47911405563,10.8594675064,13.4204816818,22.0226764679,21.5224571228,25.8481121063,18.0199165344,17.2592372894,19.4547157288,25.0085487366,27.478931427,42.8438148499,26.5092449188,23.0375003815,30.8772926331,23.7156200409,31.0764083862,33.7795829773,23.2093849182,25.6461372375,34.2420578003,24.0014610291,22.0014781952,16.7475757599,12.8264703751,10.2467288971,8.07820034027,6.37156295776,4.45916175842,2.718282938,1.69593012333,0.906142830849,0.461806446314,0.249633356929,0.110863678157,0.0267452988774,0.00350726908073,0.000310190836899,0.0000687931242283],"median":[0.334212005138,3.49763512611,8.78147411346,10.3954486847,12.6843948364,14.3701324463,17.6663455963,11.2986593246,9.54208183289,9.42264461517,11.1382646561,14.1224050522,17.6134567261,11.3031167984,10.3558998108,14.418721199,8.25201129913,11.6589422226,18.8199119568,10.5572414398,13.5175819397,21.5179672241,13.6166820526,14.871304512,11.2495117188,9.01820659637,7.17679166794,5.75966644287,4.19010400772,2.51877117157,1.46530210972,0.767188251019,0.373927295208,0.195216447115,0.095214381814,0.0337700806558,0.00861935690045,0.00122758862562,0.000113560621685,0.0000636252807453],"min":[2.41273978764e-22,4.27118061635e-21,1.09990028337e-20,1.42261058219e-20,8.18739169778e-20,8.33848722266e-20,7.89831727686e-20,2.16511901622e-19,7.08061589563e-19,1.27098627564e-18,1.1226222304e-18,9.03822101631e-19,1.71340361947e-18,1.11173229423e-18,2.68873734621e-18,5.09252710143e-18,4.37969759111e-18,5.01987210591e-18,7.09647346496e-18,8.48038137135e-18,7.21899545729e-18,8.53489919116e-18,1.01442096786e-17,1.26199959935e-17,1.50095694091e-17,1.5243654905e-17,1.38211714308e-17,1.13940704851e-17,1.72915406891e-17,2.21284296902e-17,1.67511237426e-17,1.39633546791e-17,1.34836577526e-17,1.01013484879e-17,7.13045321734e-18,6.40159460112e-18,3.58922808133e-18,1.39267033401e-18,2.90383124055e-19,3.34807395227e-20],"var":[0.117879211903,12.8577461243,76.3671951294,131.089309692,811.086669922,446.741912842,717.737548828,520.454772949,715.05847168,1076.69750977,1740.65637207,2131.15527344,6396.13134766,2994.55786133,2261.93432617,2962.45263672,2425.10400391,3966.52441406,2174.15161133,2043.03100586,1657.7845459,1619.64916992,1311.1348877,581.319641113,332.003479004,184.752380371,129.902786255,97.3308486938,119.498497009,80.6943664551,23.4519557953,10.329864502,4.5981259346,1.36471545696,0.588597297668,0.114719882607,0.00575490342453,0.0000836545950733,4.46856830649e-7,1.24927690415e-9]},"erbbands_crest":{"dmean":2.30491900444,"dmean2":3.74177575111,"dvar":4.84791183472,"dvar2":12.1268167496,"max":31.8551750183,"mean":8.00310325623,"median":7.02538537979,"min":2.07951974869,"var":14.667963028},"erbbands_flatness_db":{"dmean":0.0135386800393,"dmean2":0.0191402845085,"dvar":0.000192522871657,"dvar2":0.000360654928954,"max":0.315706938505,"mean":0.135669142008,"median":0.135141685605,"min":0.0266214404255,"var":0.000974537397269},"erbbands_kurtosis":{"dmean":0.681643188,"dmean2":1.06930243969,"dvar":1.22112488747,"dvar2":2.82864904404,"max":28.7063541412,"mean":-0.00617261091247,"median":-0.535255908966,"min":-1.83661258221,"var":3.11437773705},"erbbands_skewness":{"dmean":0.332092106342,"dmean2":0.498391598463,"dvar":0.107849165797,"dvar2":0.236499875784,"max":5.03538036346,"mean":0.242298737168,"median":0.193539693952,"min":-3.54985642433,"var":0.50978076458},"erbbands_spread":{"dmean":8.70584583282,"dmean2":13.2053451538,"dvar":90.9074478149,"dvar2":196.048660278,"max":184.09526062,"mean":47.9872627258,"median":46.1022262573,"min":5.74565839767,"var":429.483917236},"gfcc":{"cov":[[16046.3808594,659.354187012,-1617.3371582,283.812225342,-502.993560791,148.194381714,-327.862487793,24.6767292023,-330.394836426,-77.9733505249,-344.980682373,-129.636932373,-278.353424072],[659.354187012,767.617004395,-153.237945557,-30.0990371704,60.2985954285,-127.50075531,76.1448898315,-62.9987220764,44.694934845,-80.3314819336,45.5827445984,-77.2965927124,40.1128997803],[-1617.3371582,-153.237945557,694.073425293,-57.4883460999,-39.2518081665,24.9667739868,-30.6802272797,3.85144519806,24.2091388702,7.71744585037,-15.9863405228,24.7914047241,0.263829141855],[283.812225342,-30.0990371704,-57.4883460999,194.024139404,2.21791625023,-28.7961673737,-15.3612003326,-4.11779975891,22.4267845154,-4.90185403824,-3.86716723442,-10.618065834,30.3942279816],[-502.993560791,60.2985954285,-39.2518081665,2.21791625023,164.604293823,-27.2911167145,35.0785675049,4.77325725555,27.4318027496,8.9509344101,18.3830795288,-8.10214042664,24.4440803528],[148.194381714,-127.50075531,24.9667739868,-28.7961673737,-27.2911167145,133.327362061,14.5007781982,-0.834361732006,-37.9799499512,2.92894053459,-0.881977200508,14.1146507263,-28.630607605],[-327.862487793,76.1448898315,-30.6802272797,-15.3612003326,35.0785675049,14.5007781982,135.86289978,17.3275146484,-2.4150955677,-9.98240661621,30.8980617523,-3.68973255157,3.18150043488],[24.6767292023,-62.9987220764,3.85144519806,-4.11779975891,4.77325725555,-0.834361732006,17.3275146484,74.701499939,22.2916507721,12.0024881363,-8.41544055939,7.41714668274,-1.77095389366],[-330.394836426,44.694934845,24.2091388702,22.4267845154,27.4318027496,-37.9799499512,-2.4150955677,22.2916507721,95.0001831055,23.2424526215,6.28327417374,-14.2640886307,15.9152441025],[-77.9733505249,-80.3314819336,7.71744585037,-4.90185403824,8.9509344101,2.92894053459,-9.98240661621,12.0024881363,23.2424526215,67.4352111816,13.8261804581,5.3559718132,-7.40104389191],[-344.980682373,45.5827445984,-15.9863405228,-3.86716723442,18.3830795288,-0.881977200508,30.8980617523,-8.41544055939,6.28327417374,13.8261804581,65.4307250977,18.2734603882,9.95674800873],[-129.636932373,-77.2965927124,24.7914047241,-10.618065834,-8.10214042664,14.1146507263,-3.68973255157,7.41714668274,-14.2640886307,5.3559718132,18.2734603882,62.4276237488,16.2133197784],[-278.353424072,40.1128997803,0.263829141855,30.3942279816,24.4440803528,-28.630607605,3.18150043488,-1.77095389366,15.9152441025,-7.40104389191,9.95674800873,16.2133197784,64.7702178955]],"icov":[[0.00027660781052,-0.000960843928624,0.000513117294759,-0.000840130494907,0.000529832264874,-0.000777719775215,0.000757062225603,-0.000989277148619,0.00111035187729,-0.00124589644838,0.00183018890675,-0.00102303212043,0.00112752220593],[-0.000960843928624,0.00658281473443,-0.00123545259703,0.00454212026671,-0.00161315442529,0.00493361381814,-0.00370463961735,0.00567902205512,-0.00564101012424,0.00830166973174,-0.00911634322256,0.00723910843953,-0.00528162484989],[0.000513117294759,-0.00123545259703,0.00264655263163,-0.00073180149775,0.00137731281575,-0.00142874359153,0.00137891783379,-0.00113584997598,0.000760616734624,-0.00159339304082,0.00355914398097,-0.00208337767981,0.00165818701498],[-0.000840130494907,0.00454212026671,-0.00073180149775,0.00945352576673,-0.000897130055819,0.00361181609333,-0.00214683217928,0.00432342011482,-0.00532767735422,0.00601056776941,-0.00676809577271,0.00633459817618,-0.00724725844339],[0.000529832264874,-0.00161315442529,0.00137731281575,-0.000897130055819,0.00848408322781,-0.000616692064796,-0.000336984521709,-0.00154556368943,0.000825367751531,-0.00327197974548,0.00257051596418,-0.000291784846922,-0.000707562023308],[-0.000777719775215,0.00493361381814,-0.00142874359153,0.00361181609333,-0.000616692064796,0.013611946255,-0.00460490956903,0.0045861620456,-0.00137939420529,0.00487551884726,-0.00619822833687,0.00287400907837,-0.000356097240001],[0.000757062225603,-0.00370463961735,0.00137891783379,-0.00214683217928,-0.000336984521709,-0.00460490956903,0.0129691408947,-0.00777596002445,0.00483421375975,-0.00148827210069,-0.000729096296709,-0.000486987089971,0.00266771623865],[-0.000989277148619,0.00567902205512,-0.00113584997598,0.00432342011482,-0.00154556368943,0.0045861620456,-0.00777596002445,0.0229455381632,-0.0106533886865,0.00451922090724,-0.00161194545217,0.000123225952848,-0.00282180286013],[0.00111035187729,-0.00564101012424,0.000760616734624,-0.00532767735422,0.000825367751531,-0.00137939420529,0.00483421375975,-0.0106533886865,0.0222533345222,-0.0120667079464,0.00590963987634,0.0000739347087801,0.00153850822244],[-0.00124589644838,0.00830166973174,-0.00159339304082,0.00601056776941,-0.00327197974548,0.00487551884726,-0.00148827210069,0.00451922090724,-0.0120667079464,0.0298472661525,-0.0169681217521,0.00752503564581,-0.00262273149565],[0.00183018890675,-0.00911634322256,0.00355914398097,-0.00676809577271,0.00257051596418,-0.00619822833687,-0.000729096296709,-0.00161194545217,0.00590963987634,-0.0169681217521,0.038041934371,-0.0186767820269,0.00839073769748],[-0.00102303212043,0.00723910843953,-0.00208337767981,0.00633459817618,-0.000291784846922,0.00287400907837,-0.000486987089971,0.000123225952848,0.0000739347087801,0.00752503564581,-0.0186767820269,0.0327442735434,-0.0149198817089],[0.00112752220593,-0.00528162484989,0.00165818701498,-0.00724725844339,-0.000707562023308,-0.000356097240001,0.00266771623865,-0.00282180286013,0.00153850822244,-0.00262273149565,0.00839073769748,-0.0149198817089,0.0286184586585]],"mean":[19.3041191101,111.813957214,-103.295082092,51.2624320984,-47.0567245483,13.8037796021,-28.3589267731,7.82273197174,-19.9463996887,-1.17631828785,-16.3096923828,-0.10801217705,-8.35261535645]},"hfc":{"dmean":5.02619791031,"dmean2":6.73393154144,"dvar":38.3652076721,"dvar2":74.190536499,"max":169.157318115,"mean":22.6389427185,"median":21.1470947266,"min":1.19013502454e-16,"var":174.065841675},"melbands":{"dmean":[0.0020037482027,0.00240825978108,0.00139828328975,0.00100370123982,0.000437272392446,0.000225455965847,0.00016098631022,0.000133518042276,0.000122812532936,0.000103252343251,0.000108576226921,0.0000545864386368,0.0000355051233782,0.0000436690861534,0.0000329421782226,0.0000312028896587,0.0000360901212844,0.0000338725803886,0.0000231193498621,0.0000152547318066,0.0000164780340128,0.0000199747682927,0.0000145333660839,0.00000874599300005,0.00000925687072595,0.00000665909010422,0.00000505522302774,0.00000432120714322,0.0000034920019516,0.0000027064158985,0.00000241104157794,0.00000199825012714,0.00000181466043614,0.00000129419356654,9.13246992695e-7,7.85551094395e-7,5.91960713336e-7,4.19846003297e-7,3.1827175917e-7,2.18601201141e-7],"dmean2":[0.00325180543587,0.00394839746878,0.00232829106972,0.00164209259674,0.000713937100954,0.000371732516214,0.000263741676463,0.000215146137634,0.000198187874048,0.000162505079061,0.000168854414369,0.0000822921210784,0.0000530866309418,0.0000664404360577,0.0000507155455125,0.0000467011959699,0.0000551494631509,0.0000531982295797,0.0000356347300112,0.0000228218104894,0.0000253582820733,0.0000309269344143,0.0000227777418331,0.0000136194148581,0.0000145611102198,0.0000104093551272,0.00000781219569035,0.00000680280663801,0.00000555449832973,0.00000419829575549,0.00000375991885448,0.00000306806327899,0.00000279748360299,0.00000197500912691,0.00000137579604598,0.00000116849537335,8.72024088494e-7,6.24607025657e-7,4.76713609032e-7,3.27729452465e-7],"dvar":[0.00000999208714347,0.0000120686772789,0.00000339344910572,0.00000213275620808,3.54623324483e-7,1.48863236404e-7,1.00842925121e-7,6.67657999998e-8,5.38209974366e-8,4.14896312861e-8,4.49643664524e-8,1.41573455181e-8,6.50612363984e-9,7.646426603e-9,3.90757071145e-9,6.19012840986e-9,7.47734674178e-9,3.852377084e-9,2.19563101034e-9,1.44176215411e-9,1.09476150367e-9,9.9936114939e-10,9.08794928201e-10,3.15199338852e-10,1.90594998117e-10,1.12743148151e-10,5.88989690353e-11,4.8008808734e-11,3.29680276134e-11,2.07439638383e-11,2.2822065418e-11,2.5094606948e-11,2.73928171812e-11,1.61447556712e-11,5.43812000639e-12,3.24693570641e-12,2.13007367821e-12,1.46004952919e-12,8.44345481119e-13,5.35940324238e-13],"dvar2":[0.0000256138009718,0.0000316361583828,0.00000900527993508,0.00000523421249454,9.4638369319e-7,3.92306191088e-7,2.55487861978e-7,1.57926180577e-7,1.30315584101e-7,9.72348743744e-8,1.03425968234e-7,2.81929430912e-8,1.29455193232e-8,1.66812181845e-8,9.04045371897e-9,1.25071037971e-8,1.62604170129e-8,8.97057716998e-9,4.77088946127e-9,2.94635205123e-9,2.53444176757e-9,2.26858087871e-9,2.16508633244e-9,6.44119257931e-10,4.4604134275e-10,2.73139094675e-10,1.3296048984e-10,1.11484196874e-10,7.98452484685e-11,4.84047073257e-11,5.60672550054e-11,6.06639113943e-11,6.4360641816e-11,3.82502848839e-11,1.22906563399e-11,7.07683998208e-12,4.70251355217e-12,3.28728906075e-12,1.85237328948e-12,1.22860554196e-12],"max":[0.029887733981,0.0372118912637,0.0168242827058,0.0152117116377,0.0116635598242,0.00660527031869,0.00526462867856,0.00442797364667,0.00388601841405,0.00450980709866,0.00402007997036,0.00251743802801,0.00220861216076,0.00200885906816,0.00124944001436,0.00158265943173,0.00189363025129,0.00160933495499,0.00108925602399,0.000894504075404,0.00125423341524,0.000767783494666,0.00157329626381,0.000724878511392,0.000371759699192,0.000219739682507,0.000182254909305,0.000203415285796,0.00016406562645,0.000155310306582,0.00020083320851,0.000163606528076,0.000158730530529,0.000131507884362,0.0000776179222157,0.000047215817176,0.000042735839088,0.0000314863609674,0.0000249789081863,0.0000234080343944],"mean":[0.00438621453941,0.00597138376907,0.00259908940643,0.00161320099141,0.000884101202246,0.000426775892265,0.000261720328126,0.000219705383643,0.000192846695427,0.000179400391062,0.000213538689422,0.000107497588033,0.0000695640701451,0.0000841677829158,0.000058204997913,0.0000543294772797,0.000058816796809,0.0000564628971915,0.0000379387383873,0.0000265390754066,0.0000313013588311,0.0000376542702725,0.0000279341857095,0.0000172893869603,0.0000181417817657,0.0000134701149364,0.000010090187061,0.00000817634918349,0.00000667870699544,0.00000519984632774,0.00000453550819657,0.00000360593003279,0.00000320380513585,0.00000217903993871,0.00000159197975336,0.00000128100089114,9.32617865601e-7,6.48204832032e-7,5.10387621944e-7,3.45190471762e-7],"median":[0.00349910790101,0.00524169765413,0.00202596280724,0.0010481227655,0.000657721655443,0.000281338201603,0.000144498641021,0.0000985952938208,0.0000854295649333,0.0000851231015986,0.0000843421803438,0.0000428286839451,0.0000298173454212,0.0000357107892341,0.0000276993632724,0.0000127352877826,0.0000201123093575,0.0000295487643598,0.0000179272847163,0.0000103473075797,0.0000161090101756,0.0000226348638535,0.0000146887359733,0.00000998754694592,0.0000119036212709,0.00000871011343406,0.00000661879948893,0.00000545793636775,0.00000459779494122,0.00000347409786627,0.00000314557382808,0.00000233240120906,0.00000187502371318,0.00000112454597456,8.54837253428e-7,6.15054773334e-7,3.96616883336e-7,2.48858668783e-7,2.19697781745e-7,1.40771490464e-7],"min":[3.2663308401e-24,5.70107172962e-24,4.3477871576e-24,6.26406953033e-24,3.20158705346e-24,5.45592294813e-24,1.04428625661e-23,1.74867948597e-23,7.43674637026e-24,6.51855369178e-24,8.4510936989e-24,4.296291501e-24,7.31812772252e-24,1.23331271229e-23,1.15720830309e-23,6.3656744205e-24,9.07466852296e-24,1.02809307215e-23,1.51813535974e-23,8.03976032368e-24,6.39741423902e-24,8.54466049087e-24,8.94211385847e-24,8.81581722755e-24,9.94085278525e-24,1.17276282576e-23,1.14190069388e-23,9.67942980328e-24,7.17888430642e-24,9.02790563736e-24,6.17236799998e-24,8.64624368736e-24,1.19470081088e-23,1.18811469006e-23,1.01122572716e-23,8.54897161572e-24,8.14841486932e-24,9.00903135134e-24,8.81599629897e-24,8.20761178051e-24],"var":[0.0000126007080326,0.0000168479527929,0.00000443901808467,0.00000302650573758,6.9606909392e-7,2.47856235092e-7,1.55929271273e-7,1.40836675655e-7,9.9981136259e-8,1.00183548568e-7,1.63675508702e-7,5.33128030611e-8,2.36628245887e-8,2.37478321452e-8,9.69434044151e-9,1.87017583642e-8,1.69240550463e-8,7.11674719156e-9,4.43197967215e-9,3.4525975412e-9,2.62430588371e-9,2.27018071008e-9,1.75070669073e-9,8.5336532285e-10,4.185153335e-10,2.40763464721e-10,1.34371208604e-10,8.88900619778e-11,5.76730850577e-11,3.92714610831e-11,3.50680005867e-11,3.72531797077e-11,4.05605792009e-11,2.22169609099e-11,9.06827044012e-12,5.18148111223e-12,3.58733507309e-12,2.61974188003e-12,1.58466631744e-12,8.54563056603e-13]},"melbands_crest":{"dmean":2.71912503242,"dmean2":4.40643692017,"dvar":6.8664150238,"dvar2":16.8372516632,"max":39.99477005,"mean":15.4482069016,"median":14.6458101273,"min":2.4680762291,"var":23.6422080994},"melbands_flatness_db":{"dmean":0.0264047775418,"dmean2":0.0385192930698,"dvar":0.0007399089518,"dvar2":0.00150627957191,"max":0.649431169033,"mean":0.240944936872,"median":0.226791545749,"min":0.00530440919101,"var":0.00455620838329},"melbands_kurtosis":{"dmean":47.0715751648,"dmean2":69.8832473755,"dvar":249680.8125,"dvar2":494221.6875,"max":23112.578125,"mean":88.6960830688,"median":17.2223548889,"min":-1.22138440609,"var":770219.125},"melbands_skewness":{"dmean":1.04260444641,"dmean2":1.59081745148,"dvar":9.50901126862,"dvar2":18.3355369568,"max":144.500274658,"mean":4.39895820618,"median":3.51849961281,"min":-0.018137190491,"var":51.6714668274},"melbands_spread":{"dmean":4.14562082291,"dmean2":6.43779945374,"dvar":26.9761791229,"dvar2":61.2789382935,"max":130.799301147,"mean":13.8554840088,"median":12.39112854,"min":0.0382687561214,"var":81.0633544922},"mfcc":{"cov":[[7012.33203125,279.631256104,-523.381774902,165.99407959,-41.3455848694,115.67906189,9.44988441467,56.2935638428,-21.0480155945,0.886187911034,22.6064758301,-6.77847909927,-84.4853668213],[279.631256104,858.667358398,-27.7753810883,98.330696106,4.13952541351,-9.55311870575,23.2999172211,16.7247467041,5.25597286224,19.5768928528,-3.53326797485,9.67437744141,-4.7096157074],[-523.381774902,-27.7753810883,546.112915039,-52.4062309265,14.3516807556,3.09084820747,-40.629360199,2.18210196495,-10.1934690475,-7.89656305313,-17.5103797913,-24.672328949,12.693063736],[165.99407959,98.330696106,-52.4062309265,217.216369629,29.5366439819,-20.342206955,-23.118144989,-10.1291570663,36.2082901001,12.1352939606,-19.581577301,1.55905914307,0.717584490776],[-41.3455848694,4.13952541351,14.3516807556,29.5366439819,113.788093567,-0.256250292063,-37.9406585693,-17.9284229279,14.8584251404,14.64295578,-13.0889377594,-13.9201545715,7.88609790802],[115.67906189,-9.55311870575,3.09084820747,-20.342206955,-0.256250292063,84.8055419922,32.2142677307,3.17515730858,-17.208738327,-7.5645070076,7.17497587204,0.937914788723,-10.2660284042],[9.44988441467,23.2999172211,-40.629360199,-23.118144989,-37.9406585693,32.2142677307,113.794021606,32.3016204834,-11.8491706848,-19.0545349121,12.6126794815,10.3324890137,-12.7242660522],[56.2935638428,16.7247467041,2.18210196495,-10.1291570663,-17.9284229279,3.17515730858,32.3016204834,72.605506897,8.38051319122,-9.34066772461,6.35419988632,-6.06706523895,1.83629846573],[-21.0480155945,5.25597286224,-10.1934690475,36.2082901001,14.8584251404,-17.208738327,-11.8491706848,8.38051319122,68.5010910034,24.5549373627,-3.53307795525,-2.68691110611,0.601563453674],[0.886187911034,19.5768928528,-7.89656305313,12.1352939606,14.64295578,-7.5645070076,-19.0545349121,-9.34066772461,24.5549373627,64.234413147,17.7397632599,0.354725748301,0.276656717062],[22.6064758301,-3.53326797485,-17.5103797913,-19.581577301,-13.0889377594,7.17497587204,12.6126794815,6.35419988632,-3.53307795525,17.7397632599,61.5631103516,16.0345897675,-0.512836635113],[-6.77847909927,9.67437744141,-24.672328949,1.55905914307,-13.9201545715,0.937914788723,10.3324890137,-6.06706523895,-2.68691110611,0.354725748301,16.0345897675,54.6081085205,14.252448082],[-84.4853668213,-4.7096157074,12.693063736,0.717584490776,7.88609790802,-10.2660284042,-12.7242660522,1.83629846573,0.601563453674,0.276656717062,-0.512836635113,14.252448082,57.0900306702]],"icov":[[0.000169361388544,-0.0000422004777647,0.000165214281878,-0.000117952513392,0.0000890510200406,-0.000305367371766,0.000246189796599,-0.000231969956076,0.000115951224871,-0.00000253632879321,-0.0000239675064222,0.0000226798329095,0.000199932750547],[-0.0000422004777647,0.00128810771275,-0.0000755495566409,-0.000616807374172,-0.000102469603007,0.000287849688902,-0.000471038918477,-0.000375098694349,0.000508372439072,-0.000686985265929,0.000261008535745,-0.000311941781547,0.000119549644296],[0.000165214281878,-0.0000755495566409,0.00217505241744,0.000442533870228,0.0000651916707284,-0.000631161790807,0.00113704975229,-0.000542682537343,0.000221216672799,0.000183623225894,0.000371953094145,0.000730799161829,-0.000284831476165],[-0.000117952513392,-0.000616807374172,0.000442533870228,0.00594117213041,-0.000952079833951,0.000656816293485,0.000471725594252,0.000730021973141,-0.00275908154435,0.000297885446344,0.00152957974933,-0.000767239020206,0.000165687975823],[0.0000890510200406,-0.000102469603007,0.0000651916707284,-0.000952079833951,0.0112044038251,-0.00222937739454,0.00278828339651,0.00163331383374,-0.0015215940075,-0.00127160956617,0.00113044132013,0.00273384619504,-0.00190903327893],[-0.000305367371766,0.000287849688902,-0.000631161790807,0.000656816293485,-0.00222937739454,0.0150288566947,-0.0048068491742,0.000905130407773,0.0027228386607,-0.0000943021514104,-0.000918748788536,-0.000231593206991,0.00163524888922],[0.000246189796599,-0.000471038918477,0.00113704975229,0.000471725594252,0.00278828339651,-0.0048068491742,0.0142661482096,-0.0053669787012,0.000239652435994,0.00261912192218,-0.000974235474132,-0.00231818412431,0.00272424099967],[-0.000231969956076,-0.000375098694349,-0.000542682537343,0.000730021973141,0.00163331383374,0.000905130407773,-0.0053669787012,0.018689038232,-0.00505524547771,0.0035255625844,-0.00301369535737,0.00473799789324,-0.00329665280879],[0.000115951224871,0.000508372439072,0.000221216672799,-0.00275908154435,-0.0015215940075,0.0027228386607,0.000239652435994,-0.00505524547771,0.0208615809679,-0.0083776647225,0.00289208511822,-0.00102463690564,0.00121740729082],[-0.00000253632879321,-0.000686985265929,0.000183623225894,0.000297885446344,-0.00127160956617,-0.0000943021514104,0.00261912192218,0.0035255625844,-0.0083776647225,0.0228727534413,-0.00857314281166,0.00172778812703,-0.00000686470957589],[-0.0000239675064222,0.000261008535745,0.000371953094145,0.00152957974933,0.00113044132013,-0.000918748788536,-0.000974235474132,-0.00301369535737,0.00289208511822,-0.00857314281166,0.0220217332244,-0.00636328570545,0.00124004937243],[0.0000226798329095,-0.000311941781547,0.000730799161829,-0.000767239020206,0.00273384619504,-0.000231593206991,-0.00231818412431,0.00473799789324,-0.00102463690564,0.00172778812703,-0.00636328570545,0.0241017565131,-0.00730507541448],[0.000199932750547,0.000119549644296,-0.000284831476165,0.000165687975823,-0.00190903327893,0.00163524888922,0.00272424099967,-0.00329665280879,0.00121740729082,-0.00000686470957589,0.00124004937243,-0.00730507541448,0.0209761932492]],"mean":[-617.773376465,132.096420288,7.99332284927,41.7322692871,7.78944063187,13.0080709457,2.73350596428,10.002743721,2.92195081711,2.95957899094,-0.668622612953,-1.11438894272,-3.6863629818]},"pitch_salience":{"dmean":0.0753995776176,"dmean2":0.122351691127,"dvar":0.00511376559734,"dvar2":0.0129443155602,"max":0.814813196659,"mean":0.529816627502,"median":0.542184233665,"min":0.00144424382597,"var":0.0142354220152},"silence_rate_20dB":{"dmean":0,"dmean2":0,"dvar":0,"dvar2":0,"max":1,"mean":1,"median":1,"min":1,"var":0},"silence_rate_30dB":{"dmean":0.0113287251443,"dmean2":0.0226596258581,"dvar":0.0112012298778,"dvar2":0.0309823397547,"max":1,"mean":0.992992222309,"median":1,"min":0,"var":0.00695845670998},"silence_rate_60dB":{"dmean":0.00172811059747,"dmean2":0.00345655297861,"dvar":0.00172501406632,"dvar2":0.00382818072103,"max":1,"mean":0.0197753664106,"median":0,"min":0,"var":0.0193861480802},"spectral_centroid":{"dmean":238.964523315,"dmean2":364.604919434,"dvar":74594.7265625,"dvar2":161496.96875,"max":11566.484375,"mean":1120.23339844,"median":1080.77575684,"min":137.34614563,"var":263642.75},"spectral_complexity":{"dmean":4.64900159836,"dmean2":6.63350915909,"dvar":20.4648151398,"dvar2":36.2944221497,"max":57,"mean":23.8349819183,"median":23,"min":0,"var":122.560501099},"spectral_contrast_coeffs":{"dmean":[0.0508076995611,0.0480386279523,0.0364155657589,0.0294176172465,0.0201078485698,0.0198352187872],"dmean2":[0.0838970243931,0.0795716866851,0.0601189099252,0.0476304776967,0.0327267944813,0.0310126431286],"dvar":[0.0017848839052,0.0015144192148,0.000826654781122,0.00056741584558,0.00028507510433,0.000365680461982],"dvar2":[0.00485655339435,0.00410329643637,0.00217381352559,0.00142157857772,0.000703056866769,0.000810647499748],"max":[-0.320123046637,-0.464742064476,-0.487245053053,-0.560928463936,-0.629582703114,-0.585835397243],"mean":[-0.648916125298,-0.746979176998,-0.781690597534,-0.792753219604,-0.805468022823,-0.737247288227],"median":[-0.650995314121,-0.750283837318,-0.791060805321,-0.797552108765,-0.808283150196,-0.733758330345],"min":[-0.965109825134,-0.970378696918,-0.971541404724,-0.988224029541,-0.979358434677,-0.959879815578],"var":[0.00469171721488,0.00409806519747,0.00363141531125,0.00262970873155,0.00133706803899,0.00185150490142]},"spectral_contrast_valleys":{"dmean":[0.322312057018,0.350758880377,0.297915607691,0.295318454504,0.252381533384,0.293655186892],"dmean2":[0.537045121193,0.572103261948,0.471090048552,0.440510004759,0.350608080626,0.38693985343],"dvar":[0.102650329471,0.113444678485,0.0933800414205,0.100699454546,0.0954932197928,0.134687930346],"dvar2":[0.232512176037,0.250144153833,0.179393202066,0.176583364606,0.142956823111,0.204666048288],"max":[-5.05323696136,-4.81093263626,-5.2532658577,-5.78392791748,-5.67525720596,-7.85863351822],"mean":[-6.32713031769,-6.45024442673,-7.05274820328,-7.51518011093,-7.19356489182,-10.1602935791],"median":[-6.13731098175,-6.28349637985,-6.85230636597,-7.30404567719,-6.92539262772,-9.99087810516],"min":[-27.4724617004,-27.0729045868,-27.6192932129,-27.4598369598,-27.3223762512,-27.2587566376],"var":[1.49212777615,1.67078924179,1.68125808239,1.70306766033,1.7395029068,1.47580516338]},"spectral_decrease":{"dmean":3.28587512755e-9,"dmean2":5.04468911089e-9,"dvar":1.27195347725e-17,"dvar2":2.9640644131e-17,"max":2.05215764989e-29,"mean":-1.32439739176e-8,"median":-1.28954917855e-8,"min":-3.81011915351e-8,"var":2.88608940548e-17},"spectral_energy":{"dmean":0.0126399761066,"dmean2":0.0193057656288,"dvar":0.000185631302884,"dvar2":0.000429951265687,"max":0.146830052137,"mean":0.0520391836762,"median":0.050889827311,"min":1.08554514545e-20,"var":0.00043848666246},"spectral_energyband_high":{"dmean":0.000327502872096,"dmean2":0.000461544725113,"dvar":4.49059143648e-7,"dvar2":9.82327492238e-7,"max":0.0249768514186,"mean":0.000761541945394,"median":0.000544033304323,"min":7.80616402518e-21,"var":8.96197661859e-7},"spectral_energyband_low":{"dmean":0.0101647153497,"dmean2":0.0160167720169,"dvar":0.000176707369974,"dvar2":0.000419202260673,"max":0.135907694697,"mean":0.029727615416,"median":0.0270651094615,"min":4.02249894339e-23,"var":0.000297159858746},"spectral_energyband_middle_high":{"dmean":0.00163103081286,"dmean2":0.00227910955437,"dvar":0.00000402670184485,"dvar2":0.00000748341381041,"max":0.0429220832884,"mean":0.00585385132581,"median":0.00428931089118,"min":1.58424959026e-21,"var":0.0000278738079942},"spectral_energyband_middle_low":{"dmean":0.00700991554186,"dmean2":0.0112156122923,"dvar":0.0000701327153365,"dvar2":0.000168750077137,"max":0.090343490243,"mean":0.0185531210154,"median":0.0162199456245,"min":3.48771309634e-22,"var":0.000127609600895},"spectral_entropy":{"dmean":0.143479689956,"dmean2":0.210542589426,"dvar":0.02840208821,"dvar2":0.0548119917512,"max":9.7904291153,"mean":7.60296058655,"median":7.67790126801,"min":5.10602903366,"var":0.146886020899},"spectral_flux":{"dmean":0.0298322215676,"dmean2":0.0452829450369,"dvar":0.000827672483865,"dvar2":0.00185529876035,"max":0.349129587412,"mean":0.106268703938,"median":0.100476838648,"min":1.04189497308e-10,"var":0.00237720482983},"spectral_kurtosis":{"dmean":1.41763734818,"dmean2":2.34104466438,"dvar":7.70048952103,"dvar2":20.1640281677,"max":133.231704712,"mean":3.92856407166,"median":3.19903898239,"min":-1.26666009426,"var":14.6670227051},"spectral_rms":{"dmean":0.000849946285598,"dmean2":0.00128589349333,"dvar":7.41207145438e-7,"dvar2":0.00000167047778632,"max":0.0119686601683,"mean":0.00692936219275,"median":0.00704617705196,"min":3.25433321784e-12,"var":0.00000275369825431},"spectral_rolloff":{"dmean":281.542510986,"dmean2":479.114196777,"dvar":330640.09375,"dvar2":751359.9375,"max":19056.8847656,"mean":719.545288086,"median":516.796875,"min":21.533203125,"var":511493.5},"spectral_skewness":{"dmean":0.208114817739,"dmean2":0.32585516572,"dvar":0.0699914321303,"dvar2":0.15790951252,"max":8.99429225922,"mean":1.40106749535,"median":1.3055267334,"min":-0.0701670870185,"var":0.253007084131},"spectral_spread":{"dmean":468021.9375,"dmean2":660325.3125,"dvar":621943193600,"dvar2":923715174400,"max":49716392,"mean":4364306,"median":4045213.25,"min":873080.0625,"var":2167538712580},"spectral_strongpeak":{"dmean":0.286892235279,"dmean2":0.505555033684,"dvar":0.215632587671,"dvar2":0.58716148138,"max":7.61957788467,"mean":0.524940133095,"median":0.45247823,"min":0,"var":0.212645664811},"zerocrossingrate":{"dmean":0.00730856135488,"dmean2":0.00904068071395,"dvar":0.000110661232611,"dvar2":0.00016042952484,"max":0.501953125,"mean":0.0386185124516,"median":0.037109375,"min":0,"var":0.000390812143451}},"metadata":{"audio_properties":{"analysis_sample_rate":44100,"bit_rate":320000,"codec":"mp3","downmix":"mix","equal_loudness":0,"length":241.841629028,"lossless":false,"md5_encoded":"311737288d11b10f69a174500c16fbeb","replay_gain":-15.4652862549,"sample_rate":44100},"tags":{"album":["Graveyard"],"albumartist":["Graveyard"],"albumartistsort":["Graveyard"],"artist":["Graveyard"],"artistsort":["Graveyard"],"asin":["B000UZ4E5M"],"catalognumber":["TPE-081"],"contentgroup":["Rock"],"date":["2008-02-19"],"discnumber":["1/1"],"file_name":"04 Don't Take Us for Fools.mp3","genre":["Rock; Stoner Rock; Psychedelic; Hard Rock; Blues Rock"],"label":["Tee Pee Records"],"language":["eng"],"media":["CD"],"mood":["Retro"],"musicbrainz album release country":["US"],"musicbrainz album status":["official"],"musicbrainz album type":["album"],"musicbrainz_albumartistid":["679fc003-616b-44ff-97f7-d82398ad3184"],"musicbrainz_albumid":["9a311144-57b8-442b-b9d2-df4d3f7fe331"],"musicbrainz_artistid":["679fc003-616b-44ff-97f7-d82398ad3184"],"musicbrainz_recordingid":["47b2eb6d-f633-4872-83c4-07484807c58f"],"originaldate":["2007-09-10"],"script":["Latn"],"title":["Don't Take Us for Fools"],"tracknumber":["4/9"]},"version":{"essentia":"2.1-beta2","essentia_build_sha":"70f2e5ece6736b2c40cc944ad0e695b16b925413","essentia_git_sha":"v2.1_beta2","extractor":"music 1.0"}},"rhythm":{"beats_count":442,"beats_loudness":{"dmean":0.0199378523976,"dmean2":0.031526196748,"dvar":0.000225712792599,"dvar2":0.000654523319099,"max":0.136303931475,"mean":0.0606440603733,"median":0.0603162124753,"min":1.03554667064e-8,"var":0.000411322631408},"beats_loudness_band_ratio":{"dmean":[0.130772382021,0.144720971584,0.0597051121294,0.0581699237227,0.0407202355564,0.0180126484483],"dmean2":[0.223016500473,0.261794656515,0.106006190181,0.104225583375,0.0716351494193,0.0315908752382],"dvar":[0.0113378446549,0.0118883131072,0.00316230370663,0.00380831584334,0.00189853063785,0.00021032