{"lowlevel":{"average_loudness":0.921850144863,"barkbands":{"dmean":[0.00679365731776,0.00935880560428,0.00311932479963,0.000970359775238,0.000650317699183,0.000244275433943,0.000343311286997,0.000182895630132,0.000361769110896,0.000330110662617,0.000295901059872,0.000515397288837,0.000602121697739,0.000516869302373,0.000364093633834,0.00034368460183,0.000348959030816,0.000376166979549,0.000248654308962,0.000172529660631,0.000159194780281,0.000122251891298,0.00010308392666,0.0000335581789841,0.00000196819382836,0.0000257412775682,0.000178408052307],"dmean2":[0.0103733157739,0.0146849863231,0.00536078959703,0.00164461857639,0.00107848842163,0.000399435812142,0.00051043916028,0.000283274159301,0.000538163934834,0.000506875920109,0.000450424151495,0.000795585277956,0.000972636509687,0.000864775211085,0.00059077021433,0.000585162662901,0.00056213355856,0.00057561788708,0.000368657230865,0.000248555530561,0.0002169310319,0.000166848461959,0.000140747841215,0.0000448877035524,0.00000324644406646,0.0000335239201377,0.000258934916928],"dvar":[0.000159963077749,0.000258647080045,0.0000457487039967,0.00000488362866236,0.0000029133705084,3.83179127539e-7,8.02565239155e-7,1.97789191247e-7,5.61179263059e-7,7.66499340443e-7,3.7447122736e-7,0.00000146214483721,0.00000183095448847,0.00000124346968278,8.34324850985e-7,4.37430543343e-7,4.98145595884e-7,5.8547664139e-7,2.40731225176e-7,1.37442555115e-7,1.30591999437e-7,4.8373607342e-8,3.52599407449e-8,4.72562078357e-9,1.28079578193e-11,2.80487277848e-9,7.13079373327e-8],"dvar2":[0.000344975705957,0.000575317069888,0.000116532690299,0.0000123945728774,0.00000748007323637,9.83263703347e-7,0.00000179392327482,4.97083135542e-7,0.00000123237282423,0.00000161473394655,8.14894178802e-7,0.00000339781809089,0.0000044541357056,0.00000327736029249,0.00000219558683057,0.00000115134628231,0.0000012289855249,0.00000135501261411,5.24677034264e-7,3.01818658954e-7,2.70609348263e-7,9.63784927421e-8,6.35853254494e-8,8.07513078627e-9,3.16443572734e-11,4.64589655635e-9,1.53493729727e-7],"max":[0.175209566951,0.183039784431,0.0777417570353,0.0350599810481,0.0371707305312,0.0105756018311,0.0142963677645,0.0105745252222,0.0142163457349,0.0185637995601,0.0121386852115,0.0286040809005,0.0259977821261,0.0201225038618,0.0282889194787,0.00812413170934,0.0136646637693,0.0158312134445,0.00735115725547,0.00608749315143,0.00988645106554,0.00291874748655,0.00216427934356,0.000933977600653,0.0000528086020495,0.00089175440371,0.00476054754108],"mean":[0.00808312464505,0.0116176689044,0.00295216799714,0.00099060672801,0.000747862446588,0.000275656959275,0.000437204202171,0.000220363930566,0.000457714544609,0.000388021988329,0.000334660784574,0.000576574122533,0.000712167005986,0.000612920965068,0.000469183025416,0.000444784964202,0.000488763675094,0.000536502571777,0.000377232703613,0.000261802983005,0.000229620884056,0.000167084988789,0.000131612148834,0.0000441083102487,0.00000192528568732,0.0000358619909093,0.000370228051906],"median":[0.00275764078833,0.00539875589311,0.000921503640711,0.000370241410565,0.000297296210192,0.000100531018688,0.000108262189315,0.0000798832188593,0.000158558905241,0.0000968975946307,0.0000919939411688,0.000135506634251,0.000213294493733,0.000187061436009,0.000108066800749,0.00010997588106,0.000143109253258,0.000173795677256,0.000112384273962,0.0000791719576227,0.0000556825289095,0.0000373814291379,0.0000104009404822,0.00000274442641057,6.17856358076e-7,0.00000313728514811,0.00020462993416],"min":[8.12955576887e-25,1.21112607821e-23,2.28755167195e-24,4.48198580822e-24,9.50769241763e-24,2.59827668555e-23,1.22253103475e-23,2.02856275975e-23,3.04540951529e-23,2.87454413649e-23,2.07801676544e-23,2.9536883423e-23,4.29779625318e-23,3.58479568359e-23,2.95160827386e-23,6.66012416866e-23,7.67126588214e-23,1.15899456817e-22,1.35780644895e-22,2.31960548078e-22,3.03437202594e-22,3.84925044734e-22,5.30285528109e-22,6.91390261514e-22,1.09766978357e-21,1.50483661638e-21,2.17060311059e-21],"var":[0.000210394835449,0.000342387589626,0.0000419936732214,0.0000044995740609,0.00000282865653389,3.56546365765e-7,0.0000010723140349,2.09516471728e-7,7.96916765466e-7,0.00000113604744456,4.78158483475e-7,0.00000177884646746,0.00000215367435885,0.00000143021259191,0.00000110619055249,5.99088764375e-7,8.01499709269e-7,9.23595678159e-7,4.41063576773e-7,2.32491643715e-7,2.18538986019e-7,8.5445954312e-8,6.94071786711e-8,9.6504306768e-9,1.34031917509e-11,5.91271298589e-9,2.09012640084e-7]},"barkbands_crest":{"dmean":3.46628141403,"dmean2":5.71735811234,"dvar":7.88393497467,"dvar2":20.9078636169,"max":26.8781929016,"mean":11.5023803711,"median":11.4257040024,"min":2.09674096107,"var":21.0550498962},"barkbands_flatness_db":{"dmean":0.0383841469884,"dmean2":0.0584468021989,"dvar":0.00127296021674,"dvar2":0.00274813082069,"max":0.47309678793,"mean":0.14764021337,"median":0.138968810439,"min":0.0255831293762,"var":0.00414351187646},"barkbands_kurtosis":{"dmean":11.0990028381,"dmean2":17.5140533447,"dvar":579.239501953,"dvar2":1371.5826416,"max":731.061828613,"mean":14.7851266861,"median":3.26619386673,"min":-1.77418684959,"var":1875.31494141},"barkbands_skewness":{"dmean":1.14651978016,"dmean2":1.73204708099,"dvar":1.53269565105,"dvar2":3.46441984177,"max":26.8006343842,"mean":2.45755457878,"median":1.78641426563,"min":-5.06536436081,"var":6.50123167038},"barkbands_spread":{"dmean":10.4137983322,"dmean2":15.9327335358,"dvar":110.359390259,"dvar2":241.224304199,"max":113.234184265,"mean":29.5811748505,"median":27.6268825531,"min":0.50027859211,"var":361.047607422},"dissonance":{"dmean":0.0177660640329,"dmean2":0.0292570535094,"dvar":0.000529292970896,"dvar2":0.00136089290027,"max":0.500000119209,"mean":0.473406910896,"median":0.484308183193,"min":0.190783217549,"var":0.000956732779741},"dynamic_complexity":3.84149813652,"erbbands":{"dmean":[0.550727128983,1.35406887531,3.1523976326,3.63763666153,2.87673449516,1.79423904419,1.8378970623,2.12149834633,3.44138669968,5.65060472488,4.66357326508,7.7794251442,6.98717308044,13.8433418274,13.4821119308,19.9077186584,24.965385437,27.441236496,24.4150352478,13.1519613266,18.6508331299,19.9077625275,21.1694984436,14.7335367203,10.8414573669,8.88428592682,7.35946464539,5.44615030289,4.43326616287,3.81025266647,2.73852133751,1.3382422924,0.264978557825,0.0317243114114,0.0117832906544,0.0282031819224,0.0613112300634,0.0374555103481,0.0150638436899,0.00412546237931],"dmean2":[0.867672085762,2.23469233513,5.36646604538,6.14608192444,4.82190418243,2.98117613792,3.07081842422,3.47237849236,5.19250440598,8.37825393677,7.02851867676,11.6204376221,10.6403446198,20.8132858276,20.4060516357,30.9305229187,39.8679351807,44.9380149841,39.962688446,21.7119579315,31.1866931915,31.7929401398,32.8639945984,21.6045455933,16.1562252045,13.0272331238,10.4020090103,7.24158906937,6.00185966492,5.33364391327,3.74939680099,1.76253592968,0.362691879272,0.0481327623129,0.0191601868719,0.0394597612321,0.0804108083248,0.0495046339929,0.0197580046952,0.00622352818027],"dvar":[1.04315292835,5.4221572876,39.124004364,67.7249526978,65.6664276123,17.9500579834,21.813539505,32.1468315125,79.7547607422,203.007965088,102.734184265,288.268005371,197.223953247,1137.41821289,713.467224121,2167.64379883,2965.54199219,4227.68847656,3818.64819336,614.925476074,1224.76391602,1676.30078125,1959.35644531,784.956604004,519.395568848,411.143676758,353.804962158,109.350059509,64.3176422119,47.7800445557,25.7347888947,7.2315568924,0.282863914967,0.0027314205654,0.000417681323597,0.0029516806826,0.0166800487787,0.0050271647051,0.000608904461842,0.0000415820650232],"dvar2":[2.3109691143,13.5197753906,99.2666091919,173.284729004,173.331558228,45.4174194336,56.1261711121,84.1138839722,177.462600708,454.238311768,241.983947754,635.554138184,449.248962402,2413.7109375,1581.17919922,5118.05322266,7096.12548828,10773.0068359,10161.1201172,1520.13647461,3118.71484375,4093.77832031,4653.72558594,1619.09020996,1184.11865234,921.204345703,783.828186035,203.277313232,126.010276794,99.6035308838,45.8911781311,12.040594101,0.495260179043,0.00587762566283,0.00103093741927,0.00547876954079,0.0275748148561,0.00879013724625,0.00112092227209,0.0000932786788326],"max":[11.1406536102,33.174697876,65.5591583252,103.475166321,194.475830078,69.3641281128,93.8828353882,120.866065979,169.371444702,320.306884766,213.105773926,392.62512207,250.849227905,633.489990234,500.780761719,1453.10461426,1276.52258301,1182.03344727,1769.39880371,338.120666504,492.443115234,928.016174316,988.939941406,465.019714355,342.330322266,367.277282715,585.473632812,162.391845703,101.481040955,77.8179168701,54.1976623535,34.1985397339,6.47319364548,0.739568054676,0.331723213196,0.821812152863,1.9135106802,1.00606215,0.684804081917,0.114259213209],"mean":[0.631693840027,1.53691101074,3.19996476173,3.68376851082,3.11403608322,2.03156328201,2.02528905869,2.37953925133,4.30949211121,7.24442195892,6.0600938797,9.96899223328,8.88965892792,16.851348877,16.3400783539,23.5355300903,30.6637859344,33.3301773071,33.1771278381,18.402217865,25.1077766418,29.230424881,29.9106445312,22.5027656555,16.5335655212,13.2689933777,10.5887775421,7.97845077515,6.17200040817,4.68718099594,3.51726460457,1.78003585339,0.348672896624,0.0377540402114,0.0124330408871,0.0369873195887,0.0850731655955,0.0537688583136,0.0273451227695,0.00899509247392],"median":[0.231565266848,0.760180771351,1.17141842842,1.32854998112,1.22960662842,0.768854737282,0.711714804173,0.828115284443,1.22831177711,1.66047072411,2.47278928757,3.52951812744,3.29968881607,4.55386734009,5.20520782471,7.26091957092,9.92074489594,9.95471191406,9.01499462128,5.23121738434,6.59360170364,8.36347484589,9.2193403244,7.1961350441,4.99262619019,3.92187929153,2.77742195129,1.88471388817,1.41230511665,0.585432171822,0.274835795164,0.101110249758,0.0284055862576,0.00991647411138,0.00480362866074,0.00495747802779,0.00645101442933,0.008550548926,0.010571683757,0.00545860594139],"min":[1.52252174192e-22,6.6304635035e-22,2.41606067748e-21,1.3063996225e-20,2.36573218982e-20,2.10955257696e-20,5.20619464229e-20,2.31780944872e-19,9.19176215236e-20,3.02141780805e-19,4.62947191151e-19,5.12177362295e-19,7.65448278535e-19,9.7521223459e-19,2.17357050149e-18,1.5700026579e-18,1.89138135103e-18,1.51391329832e-18,2.58445261844e-18,3.04398122721e-18,3.60172884833e-18,5.05677387381e-18,7.17630880178e-18,7.11795369111e-18,8.90736786764e-18,1.09086461601e-17,9.46095435669e-18,1.26975408672e-17,1.31494048204e-17,1.42425330989e-17,1.58018496173e-17,1.10019612322e-17,1.31092667084e-17,8.47967578628e-18,7.8502269089e-18,5.06007846036e-18,2.71187606949e-18,1.06467915907e-18,2.82859683739e-19,3.15399928599e-20],"var":[1.28614473343,5.69983959198,37.9555664062,60.3414573669,56.1094551086,18.5414524078,20.9811611176,28.5889320374,101.8620224,301.815185547,129.195617676,408.984130859,265.960296631,1683.33215332,946.655517578,2564.30151367,3558.53344727,5050.2734375,5217.21826172,957.796447754,1847.16247559,2912.59570312,2941.0078125,1516.54870605,866.535461426,650.14831543,521.463928223,219.950683594,118.591598511,76.8082885742,50.7310562134,15.2452630997,0.564124584198,0.004282574635,0.000450811028713,0.00554585782811,0.0347529649734,0.0107885999605,0.00171780062374,0.00010841711628]},"erbbands_crest":{"dmean":3.22743678093,"dmean2":5.21929121017,"dvar":10.7734928131,"dvar2":25.7604827881,"max":33.1486167908,"mean":8.59200954437,"median":7.11623096466,"min":2.04431772232,"var":22.4935646057},"erbbands_flatness_db":{"dmean":0.0243951305747,"dmean2":0.0368802286685,"dvar":0.000506441807374,"dvar2":0.00113480142318,"max":0.423861533403,"mean":0.141291812062,"median":0.136184841394,"min":0.0164328645915,"var":0.00278066191822},"erbbands_kurtosis":{"dmean":1.61791670322,"dmean2":2.5610294342,"dvar":7.81267118454,"dvar2":19.4272403717,"max":89.4067230225,"mean":1.49658799171,"median":0.604509115219,"min":-1.72781383991,"var":12.109046936},"erbbands_skewness":{"dmean":0.489645451307,"dmean2":0.736923456192,"dvar":0.216058596969,"dvar2":0.512579679489,"max":3.91639900208,"mean":-0.323639541864,"median":-0.372801274061,"min":-6.0112991333,"var":0.636652946472},"erbbands_spread":{"dmean":10.0495414734,"dmean2":15.0445375443,"dvar":114.058021545,"dvar2":251.883773804,"max":147.298171997,"mean":35.1433525085,"median":30.8082466125,"min":0.680355906487,"var":474.19418335},"gfcc":{"cov":[[14323.9267578,-254.107315063,-955.317138672,799.608581543,217.019180298,129.360366821,444.905487061,-56.0568122864,489.691711426,71.1901397705,-49.5786399841,128.134292603,-287.92678833],[-254.107315063,1105.51342773,-207.84803772,-368.181030273,160.453262329,-147.696289062,108.37865448,-32.2462654114,-45.5555000305,-12.5649909973,17.1063213348,-118.883682251,132.820632935],[-955.317138672,-207.84803772,1014.2958374,315.115966797,-264.765930176,187.786865234,-233.024505615,261.299194336,-39.764755249,-14.1741714478,4.77411985397,94.487663269,-75.2094497681],[799.608581543,-368.181030273,315.115966797,642.26776123,124.437774658,-43.5886001587,27.9099731445,71.6893768311,132.388977051,28.4671344757,-25.5860671997,75.1601867676,-70.1926956177],[217.019180298,160.453262329,-264.765930176,124.437774658,431.184326172,-30.0712661743,146.184326172,-45.4081039429,71.4843139648,51.5048065186,29.6238460541,-33.132686615,82.3162231445],[129.360366821,-147.696289062,187.786865234,-43.5886001587,-30.0712661743,325.590759277,-30.6963386536,70.5210494995,-51.1740379333,9.23456192017,38.0274047852,47.2087173462,-10.2609558105],[444.905487061,108.37865448,-233.024505615,27.9099731445,146.184326172,-30.6963386536,252.037918091,-23.4923343658,67.2294387817,3.16254901886,-4.82668828964,-1.68808376789,28.8510551453],[-56.0568122864,-32.2462654114,261.299194336,71.6893768311,-45.4081039429,70.5210494995,-23.4923343658,210.457397461,32.9060401917,23.4046764374,-8.28587436676,2.72413659096,20.7689285278],[489.691711426,-45.5555000305,-39.764755249,132.388977051,71.4843139648,-51.1740379333,67.2294387817,32.9060401917,166.44078064,44.6861839294,-4.44451951981,2.45374250412,-30.1709518433],[71.1901397705,-12.5649909973,-14.1741714478,28.4671344757,51.5048065186,9.23456192017,3.16254901886,23.4046764374,44.6861839294,111.77469635,42.6454391479,-7.48103475571,22.6677627563],[-49.5786399841,17.1063213348,4.77411985397,-25.5860671997,29.6238460541,38.0274047852,-4.82668828964,-8.28587436676,-4.44451951981,42.6454391479,79.0816192627,33.9807815552,10.2958698273],[128.134292603,-118.883682251,94.487663269,75.1601867676,-33.132686615,47.2087173462,-1.68808376789,2.72413659096,2.45374250412,-7.48103475571,33.9807815552,87.4166870117,-4.94739818573],[-287.92678833,132.820632935,-75.2094497681,-70.1926956177,82.3162231445,-10.2609558105,28.8510551453,20.7689285278,-30.1709518433,22.6677627563,10.2958698273,-4.94739818573,118.021713257]],"icov":[[0.000162595548318,-0.000358538381988,0.000781922833994,-0.000769655278418,0.00048272870481,-0.00057258468587,0.000259905442363,-0.000407354615163,-0.0000792479113443,-0.0000715955684427,0.000110720968223,-0.00042215094436,0.00042851633043],[-0.000358538381988,0.0029538939707,-0.00320615759119,0.0035693384707,-0.00223729829304,0.00267089740373,-0.00193412357476,0.00154546345584,-0.000282859778963,0.0011851292802,-0.00166827510111,0.00319985556416,-0.00214602891356],[0.000781922833994,-0.00320615759119,0.00841750297695,-0.00728449132293,0.00478141801432,-0.00474183959886,0.00404654256999,-0.00565306749195,0.0010858225869,0.000294261670206,-0.000589470379055,-0.00332409259863,0.00293902447447],[-0.000769655278418,0.0035693384707,-0.00728449132293,0.0114978961647,-0.00836298521608,0.00665869610384,-0.0028093366418,0.0014734712895,0.000748984341044,-0.00391901144758,0.00705097755417,-0.00581031199545,0.0032264769543],[0.00048272870481,-0.00223729829304,0.00478141801432,-0.00836298521608,0.0105609977618,-0.00547881284729,0.000378629221814,0.00118224183097,-0.00361958285794,0.0042684036307,-0.00869556237012,0.00865510478616,-0.0069979717955],[-0.00057258468587,0.00267089740373,-0.00474183959886,0.00665869610384,-0.00547881284729,0.00860562454909,-0.00229165772907,-0.000844491180032,0.00337568181567,-0.0025174303446,0.00200100801885,-0.00379804568365,0.00282677169889],[0.000259905442363,-0.00193412357476,0.00404654256999,-0.0028093366418,0.000378629221814,-0.00229165772907,0.00802979711443,-0.00232851156034,-0.00168318254873,0.000715468951967,0.00170998973772,-0.00387065857649,0.000822919770144],[-0.000407354615163,0.00154546345584,-0.00565306749195,0.0014734712895,0.00118224183097,-0.000844491180032,-0.00232851156034,0.0130660608411,-0.00570642994717,0.0018972173566,-0.0024704108946,0.00874925497919,-0.00932810548693],[-0.0000792479113443,-0.000282859778963,0.0010858225869,0.000748984341044,-0.00361958285794,0.00337568181567,-0.00168318254873,-0.00570642994717,0.0145975723863,-0.00844551436603,0.00691452855244,-0.00839606299996,0.00989469885826],[-0.0000715955684427,0.0011851292802,0.000294261670206,-0.00391901144758,0.0042684036307,-0.0025174303446,0.000715468951967,0.0018972173566,-0.00844551436603,0.0225185435265,-0.0202096756548,0.0170772839338,-0.0113615011796],[0.000110720968223,-0.00166827510111,-0.000589470379055,0.00705097755417,-0.00869556237012,0.00200100801885,0.00170998973772,-0.0024704108946,0.00691452855244,-0.0202096756548,0.0393898300827,-0.0286090094596,0.013234670274],[-0.00042215094436,0.00319985556416,-0.00332409259863,-0.00581031199545,0.00865510478616,-0.00379804568365,-0.00387065857649,0.00874925497919,-0.00839606299996,0.0170772839338,-0.0286090094596,0.0417625717819,-0.0183450784534],[0.00042851633043,-0.00214602891356,0.00293902447447,0.0032264769543,-0.0069979717955,0.00282677169889,0.000822919770144,-0.00932810548693,0.00989469885826,-0.0113615011796,0.013234670274,-0.0183450784534,0.0250803846866]],"mean":[-32.1700325012,72.7935791016,-102.406959534,22.965795517,-5.41678190231,-6.55110025406,9.94615936279,-12.9381017685,3.24004268646,-9.69989871979,-4.03879356384,-1.32983887196,-13.8629760742]},"hfc":{"dmean":16.8744735718,"dmean2":23.7644233704,"dvar":734.592834473,"dvar2":1531.08642578,"max":305.949127197,"mean":35.8964233398,"median":23.5753898621,"min":1.09086038085e-16,"var":1425.94348145},"melbands":{"dmean":[0.00379200535826,0.00160406401847,0.000610171759035,0.000159513001563,0.0000652579838061,0.0000471720813948,0.0000596446661802,0.0000562999703106,0.0000428892853961,0.0000495982167195,0.000035652963561,0.0000572564676986,0.0000439659343101,0.0000585187553952,0.0000513928971486,0.0000626877445029,0.0000514500570716,0.0000420212345489,0.0000211460373976,0.0000223857659876,0.0000212747399928,0.000020480087187,0.0000234808467212,0.0000172686141013,0.0000120051854537,0.00000956056737778,0.00000629054511592,0.0000058920209085,0.00000459615421278,0.00000373345028493,0.00000321640959555,0.00000254329211202,0.00000257447550212,0.00000202756586987,0.00000167704615706,0.00000134964443532,6.31578814136e-7,2.12611595884e-7,6.0685522385e-8,1.58543542739e-8],"dmean2":[0.00582708325237,0.00268307467923,0.0010208489839,0.000264438334852,0.000108494306915,0.0000766913362895,0.0000893576361705,0.0000837163534015,0.0000643790626782,0.0000741963303881,0.0000545791408513,0.0000865130641614,0.0000667984495522,0.0000902148822206,0.000082367543655,0.000100727091194,0.0000852606026456,0.0000700734817656,0.0000341568884323,0.000038444850361,0.0000354902585968,0.000032725809433,0.0000384171289625,0.0000265011949523,0.0000179316630238,0.0000147312621266,0.00000936116975936,0.0000087855178208,0.00000663937635181,0.00000524910910826,0.00000442824921265,0.00000351751850758,0.00000372004956262,0.0000028776084946,0.00000236079631577,0.00000184665384495,8.59859483171e-7,2.98672290455e-7,9.39336146644e-8,2.63293618019e-8],"dvar":[0.0000453459906566,0.0000076237220128,0.00000191200115296,1.80160355967e-7,2.55604994948e-8,1.52203742942e-8,2.48590463769e-8,1.95139566728e-8,8.04835842416e-9,1.09112203717e-8,5.29402477412e-9,2.1166817632e-8,7.90285792363e-9,1.95190530405e-8,1.39451259429e-8,2.20938076723e-8,1.43558906984e-8,1.12353681914e-8,2.00707073184e-9,2.002929822e-9,1.5823297117e-9,2.06042827244e-9,2.3858164333e-9,1.32165089983e-9,5.41127198606e-10,4.35634944784e-10,1.80819151319e-10,1.80626943957e-10,1.21191154334e-10,7.57118395756e-11,3.93781396379e-11,2.16502232808e-11,2.67391751102e-11,1.38296457619e-11,9.99000361601e-12,7.44332807195e-12,1.85525791778e-12,1.98175866993e-13,1.54275718042e-14,7.96067080697e-16],"dvar2":[0.0000967228188529,0.0000190875016415,0.00000483340454593,4.61610085267e-7,6.57954473127e-8,3.95551147392e-8,5.53337500264e-8,4.41706689003e-8,1.8698720794e-8,2.42251019245e-8,1.20489582756e-8,4.4767428875e-8,1.72053660208e-8,4.41826166764e-8,3.44154038601e-8,5.36840794041e-8,3.70301869168e-8,3.03307601257e-8,4.92242024919e-9,5.37497912845e-9,3.99531829842e-9,5.07527619931e-9,6.05003380727e-9,3.04346503555e-9,1.15515386145e-9,1.00552366433e-9,4.16338297171e-10,4.08063471902e-10,2.7243099443e-10,1.59368962471e-10,7.58801493861e-11,4.27791309321e-11,5.94020735378e-11,2.87721027559e-11,1.88895305647e-11,1.36952098967e-11,3.29592017741e-12,3.72199206134e-13,3.464136733e-14,1.97180037462e-15],"max":[0.0754148811102,0.0319228954613,0.0181668456644,0.00951717980206,0.00279380427673,0.00245144125074,0.00272759469226,0.00287539837882,0.00178496853914,0.00213566375896,0.00127794058062,0.00285764713772,0.00181022332981,0.00310328695923,0.00291008525528,0.00337851117365,0.00232080183923,0.00273200287484,0.00092930404935,0.000700572214555,0.000536345061846,0.00123985379469,0.00084116961807,0.000633238232695,0.000430740910815,0.000326546811266,0.00020955799846,0.000237520536757,0.000319432409015,0.000221614813199,0.0000949661698542,0.0000571710115764,0.0000831613942864,0.000045180098823,0.0000329837967001,0.0000352707829734,0.0000181076811714,0.00000556988652534,0.00000166176619132,4.34369866298e-7],"mean":[0.00483520748094,0.00178477179725,0.000646436004899,0.000182889474672,0.0000730699612177,0.0000539562097401,0.0000746444056858,0.0000715484347893,0.0000542348643648,0.0000627231493127,0.0000439476643805,0.0000683369144099,0.0000516035906912,0.0000647304696031,0.0000596043864789,0.0000731922191335,0.0000593370496063,0.0000553980571567,0.0000281530210486,0.0000278816332866,0.0000278648967651,0.0000295573227049,0.0000302333901345,0.0000240415483859,0.0000176075900526,0.0000139628855322,0.00000934298259381,0.00000850148990139,0.00000651381651551,0.0000052651189435,0.00000456682346339,0.00000356691612069,0.00000308380390379,0.00000243182671511,0.0000020856550691,0.00000172873092197,8.12134373973e-7,2.67176716306e-7,6.72889157727e-8,1.54066679414e-8],"median":[0.00210540578701,0.000818830740172,0.000251499557635,0.0000741186740925,0.0000261337863776,0.0000188421454368,0.000020731064069,0.0000181889845408,0.0000207354623853,0.0000217896522372,0.0000148333820107,0.0000169126651599,0.0000155229390657,0.0000144859277498,0.0000192489969777,0.0000199227670237,0.0000168807328009,0.0000147512464537,0.00000736782158128,0.00000672554642733,0.00000740945461075,0.0000079663541328,0.00000944597559283,0.00000714391399015,0.00000553098288947,0.0000039804822336,0.00000289804756903,0.00000244449097409,0.00000170579005498,0.00000127308294395,0.00000104817661395,8.60700026806e-7,4.49787563639e-7,2.41714360527e-7,1.61350797612e-7,9.84957537753e-8,4.16008667514e-8,1.87501747462e-8,1.04196384854e-8,5.30247801223e-9],"min":[2.66907537407e-24,9.07064316297e-25,2.09775331588e-24,2.75420470702e-24,2.09753835128e-24,5.59373142625e-24,1.54319691849e-24,3.55254476209e-24,2.94533091321e-24,3.50718959877e-24,3.55689178011e-24,3.25162272574e-24,5.36195304824e-24,3.41704054668e-24,3.71515660479e-24,3.12914339273e-24,2.36213314573e-24,3.82085726077e-24,4.00782281733e-24,4.94249006696e-24,3.45972186595e-24,5.5916519889e-24,4.41226233711e-24,5.22411893215e-24,4.8677806005e-24,5.44717645285e-24,6.2641156787e-24,7.06523706011e-24,4.6905456432e-24,6.61476829537e-24,6.78947574233e-24,7.09222004737e-24,7.98453611601e-24,7.62419155425e-24,8.43846640239e-24,7.05304521482e-24,5.879820511e-24,8.62140876834e-24,6.35297375992e-24,6.57591374035e-24],"var":[0.0000626848341199,0.00000785314023233,0.00000176568346433,1.72235218088e-7,2.53859102628e-8,1.41388172281e-8,3.11542613929e-8,2.7549726056e-8,1.0389280547e-8,1.53647139456e-8,7.0902488325e-9,3.13608907732e-8,1.02451354067e-8,2.43414568502e-8,1.51747627797e-8,2.65931774379e-8,1.63872666548e-8,1.46553560398e-8,2.99487856736e-9,2.54690668555e-9,2.34347941053e-9,3.63587893126e-9,2.99034752516e-9,2.04895855838e-9,9.80912351345e-10,6.99928282e-10,2.87667500931e-10,2.7736690722e-10,1.7998792734e-10,1.2221341994e-10,7.46691666831e-11,4.02684725842e-11,3.5959738659e-11,2.2708826139e-11,1.82553312744e-11,1.4172089717e-11,3.54920455005e-12,3.59348808305e-13,2.11605550655e-14,8.17026169823e-16]},"melbands_crest":{"dmean":5.92404270172,"dmean2":9.49761104584,"dvar":23.5190963745,"dvar2":55.1571769714,"max":39.8934516907,"mean":21.0219783783,"median":20.3218460083,"min":1.61786901951,"var":69.9279403687},"melbands_flatness_db":{"dmean":0.0465231351554,"dmean2":0.0706192776561,"dvar":0.00165904394817,"dvar2":0.00362231000327,"max":0.589020311832,"mean":0.240551233292,"median":0.234279468656,"min":0.00460518384352,"var":0.00613893987611},"melbands_kurtosis":{"dmean":26.1355800629,"dmean2":41.7488250732,"dvar":3832.67602539,"dvar2":9357.49121094,"max":1592.45495605,"mean":34.5067825317,"median":9.27626800537,"min":-1.91486513615,"var":7559.34667969},"melbands_skewness":{"dmean":1.65620756149,"dmean2":2.51954746246,"dvar":3.50517416,"dvar2":8.1388425827,"max":35.1849250793,"mean":3.82563471794,"median":2.95675039291,"min":-4.1072010994,"var":12.9638051987},"melbands_spread":{"dmean":10.7324142456,"dmean2":16.8351669312,"dvar":130.130310059,"dvar2":311.232849121,"max":168.828781128,"mean":25.4855155945,"median":19.7240142822,"min":0.183322623372,"var":451.737243652},"mfcc":{"cov":[[9973.09277344,-374.988342285,-1045.46020508,964.917663574,-237.115493774,744.305480957,-302.874969482,446.595611572,-18.4336338043,359.137268066,54.2746925354,270.894805908,37.8114013672],[-374.988342285,1358.02880859,-405.559082031,-192.830978394,-55.6042709351,-100.324798584,169.934616089,-154.445144653,124.821357727,-130.506881714,99.6606674194,-98.7404174805,35.4495811462],[-1045.46020508,-405.559082031,1284.34545898,-56.7329063416,142.504104614,-179.661193848,-68.158821106,165.992355347,-135.123168945,66.2525482178,-111.023231506,87.3357543945,-29.9993438721],[964.917663574,-192.830978394,-56.7329063416,707.403259277,92.9119644165,80.396232605,-86.8080596924,73.1990966797,101.754356384,71.5066757202,57.8494033813,57.2675018311,33.1573448181],[-237.115493774,-55.6042709351,142.504104614,92.9119644165,274.524078369,23.8479690552,35.8227806091,4.93236970901,20.446805954,25.6859512329,13.9980230331,26.5176544189,13.6158657074],[744.305480957,-100.324798584,-179.661193848,80.396232605,23.8479690552,245.838775635,33.799243927,59.6784973145,-26.0858879089,34.9046440125,7.45943927765,29.9842662811,9.4598493576],[-302.874969482,169.934616089,-68.158821106,-86.8080596924,35.8227806091,33.799243927,190.536026001,-8.78036308289,47.7469978333,-53.0566635132,15.8904218674,-21.7662296295,8.95192146301],[446.595611572,-154.445144653,165.992355347,73.1990966797,4.93236970901,59.6784973145,-8.78036308289,201.631469727,-6.53256845474,64.6451644897,-46.4531402588,41.4515953064,0.768175363541],[-18.4336338043,124.821357727,-135.123168945,101.754356384,20.446805954,-26.0858879089,47.7469978333,-6.53256845474,174.115371704,24.6698570251,50.8474655151,-21.1400051117,17.3609161377],[359.137268066,-130.506881714,66.2525482178,71.5066757202,25.6859512329,34.9046440125,-53.0566635132,64.6451644897,24.6698570251,127.716827393,22.072353363,45.1602249146,-5.41977214813],[54.2746925354,99.6606674194,-111.023231506,57.8494033813,13.9980230331,7.45943927765,15.8904218674,-46.4531402588,50.8474655151,22.072353363,97.4393310547,21.9743309021,15.8009252548],[270.894805908,-98.7404174805,87.3357543945,57.2675018311,26.5176544189,29.9842662811,-21.7662296295,41.4515953064,-21.1400051117,45.1602249146,21.9743309021,95.7358779907,27.30260849],[37.8114013672,35.4495811462,-29.9993438721,33.1573448181,13.6158657074,9.4598493576,8.95192146301,0.768175363541,17.3609161377,-5.41977214813,15.8009252548,27.30260849,75.1646270752]],"icov":[[0.000202528142836,-0.0000743369819247,0.000184979231562,-0.000188492136658,0.00017376789765,-0.000343950436218,0.000219035442569,-0.000263884401647,0.0000920598977245,-0.000244170543738,0.000206652606721,-0.000438362709247,0.000155494504725],[-0.0000743369819247,0.00118599017151,0.000160176045028,0.000333140575094,-0.0000434885369032,0.000660304387566,-0.000575611833483,-0.000149115803652,-0.000213104358409,0.000756834924687,-0.0013827328803,0.000894572003745,-0.000540599285159],[0.000184979231562,0.000160176045028,0.00188100431114,-0.000187670259038,-0.000763070362154,0.00184784980956,-0.000439019175246,-0.00143830827437,0.0015453180531,-0.000999969779514,0.00098870950751,-0.00136161071714,0.000495295738801],[-0.000188492136658,0.000333140575094,-0.000187670259038,0.00257880217396,-0.00096320657758,-0.000691879366059,0.00202655373141,-0.000863367749844,-0.0022695811931,0.00197639106773,-0.00173176871613,-0.000168474463862,-0.00015379821707],[0.00017376789765,-0.0000434885369032,-0.000763070362154,-0.00096320657758,0.00499418983236,-0.00115841603838,-0.00152800057549,0.00149108772166,-0.000275980302831,-0.00154216075316,0.000698114454281,-0.000627484638244,-0.000504990515765],[-0.000343950436218,0.000660304387566,0.00184784980956,-0.000691879366059,-0.00115841603838,0.00896671228111,-0.00404651230201,-0.00194693682715,0.00452800560743,-0.00285722920671,-0.0004482534423,0.000512692204211,-0.000856376660522],[0.000219035442569,-0.000575611833483,-0.000439019175246,0.00202655373141,-0.00152800057549,-0.00404651230201,0.0110011836514,-0.00232755811885,-0.00508875912055,0.00683534005657,-0.00247665867209,-0.000923468265682,0.00111603725236],[-0.000263884401647,-0.000149115803652,-0.00143830827437,-0.000863367749844,0.00149108772166,-0.00194693682715,-0.00232755811885,0.0109177595004,-0.00165575719438,-0.00453930953518,0.00719481194392,-0.00238863239065,-0.000439277122496],[0.0000920598977245,-0.000213104358409,0.0015453180531,-0.0022695811931,-0.000275980302831,0.00452800560743,-0.00508875912055,-0.00165575719438,0.0132364826277,-0.00645518116653,-0.00313038309105,0.00522404396906,-0.00298698013648],[-0.000244170543738,0.000756834924687,-0.000999969779514,0.00197639106773,-0.00154216075316,-0.00285722920671,0.00683534005657,-0.00453930953518,-0.00645518116653,0.0188541915268,-0.0064530656673,-0.00393671635538,0.00400317693129],[0.000206652606721,-0.0013827328803,0.00098870950751,-0.00173176871613,0.000698114454281,-0.0004482534423,-0.00247665867209,0.00719481194392,-0.00313038309105,-0.0064530656673,0.0224253535271,-0.00854708626866,0.000506255426444],[-0.000438362709247,0.000894572003745,-0.00136161071714,-0.000168474463862,-0.000627484638244,0.000512692204211,-0.000923468265682,-0.00238863239065,0.00522404396906,-0.00393671635538,-0.00854708626866,0.0221023783088,-0.00820909906179],[0.000155494504725,-0.000540599285159,0.000495295738801,-0.00015379821707,-0.000504990515765,-0.000856376660522,0.00111603725236,-0.000439277122496,-0.00298698013648,0.00400317693129,0.000506255426444,-0.00820909906179,0.0176712106913]],"mean":[-687.074401855,126.59828949,-25.9037036896,44.432723999,2.63138008118,26.7910232544,5.52097415924,20.0237350464,1.00976395607,10.064078331,6.07937097549,8.06848812103,-2.0760910511]},"pitch_salience":{"dmean":0.11005602777,"dmean2":0.17505595088,"dvar":0.00867002736777,"dvar2":0.021189134568,"max":0.928354084492,"mean":0.459821760654,"median":0.467470496893,"min":0.00752527499571,"var":0.0236793421209},"silence_rate_20dB":{"dmean":0,"dmean2":0,"dvar":0,"dvar2":0,"max":1,"mean":1,"median":1,"min":1,"var":0},"silence_rate_30dB":{"dmean":0.043638035655,"dmean2":0.0872860923409,"dvar":0.0417301878333,"dvar2":0.0959830731153,"max":1,"mean":0.96233779192,"median":1,"min":0,"var":0.0362390615046},"silence_rate_60dB":{"dmean":0.00941662862897,"dmean2":0.018835419789,"dvar":0.00932788010687,"dvar2":0.021696317941,"max":1,"mean":0.0628085881472,"median":0,"min":0,"var":0.058863338083},"spectral_centroid":{"dmean":330.886413574,"dmean2":475.549194336,"dvar":116776.515625,"dvar2":207408.9375,"max":11705.6337891,"mean":1787.89038086,"median":1788.71032715,"min":139.51361084,"var":659945.1875},"spectral_complexity":{"dmean":5.80983018875,"dmean2":8.00620174408,"dvar":47.4541816711,"dvar2":74.9459533691,"max":64,"mean":17.8240909576,"median":13,"min":0,"var":204.279205322},"spectral_contrast_coeffs":{"dmean":[0.0581835098565,0.0466677211225,0.0417166799307,0.0336533151567,0.0220068357885,0.0489381253719],"dmean2":[0.0957514867187,0.076007977128,0.0658593773842,0.0556331574917,0.036614485085,0.0742139667273],"dvar":[0.00218531326391,0.00131261663046,0.00108134187758,0.000767567486037,0.000402457546443,0.00201981212012],"dvar2":[0.00562527216971,0.00343940756284,0.00268074288033,0.00204074545763,0.00106250459794,0.00454232422635],"max":[-0.404885262251,-0.568180561066,-0.51917552948,-0.530091524124,-0.667336165905,-0.44209164381],"mean":[-0.734065711498,-0.800713598728,-0.797868907452,-0.80395334959,-0.813707411289,-0.697788119316],"median":[-0.742293715477,-0.805178642273,-0.801573038101,-0.80780184269,-0.813414931297,-0.699738621712],"min":[-0.976908385754,-0.975592970848,-0.979850828648,-0.972357809544,-0.964546978474,-0.964185774326],"var":[0.00539077306166,0.00350752752274,0.00413091434166,0.00318647478707,0.00119836418889,0.00724259577692]},"spectral_contrast_valleys":{"dmean":[0.435637146235,0.489282101393,0.456479847431,0.459293752909,0.389477461576,0.630682766438],"dmean2":[0.686418473721,0.754836559296,0.68061453104,0.688847899437,0.521702587605,0.939268767834],"dvar":[0.137374132872,0.186725452542,0.183970600367,0.206333488226,0.196963012218,0.309442549944],"dvar2":[0.298811733723,0.390577197075,0.356953769922,0.403319835663,0.324786961079,0.698448479176],"max":[-5.10951519012,-4.73502254486,-5.1591835022,-5.33758497238,-5.32672452927,-9.04852390289],"mean":[-7.21827125549,-7.34954118729,-7.62314033508,-7.69525051117,-7.51239442825,-11.2790670395],"median":[-6.91574621201,-7.23237276077,-7.4891667366,-7.52276563644,-7.30953931808,-11.1704502106],"min":[-28.012216568,-27.7074985504,-27.5926570892,-27.7136287689,-27.4613189697,-27.3846702576],"var":[2.35264897346,1.8601218462,1.92703938484,2.10257768631,2.10680985451,1.6816380024]},"spectral_decrease":{"dmean":4.7999777486e-9,"dmean2":7.06350578028e-9,"dvar":4.69292582551e-17,"dvar2":9.5971168882e-17,"max":2.63253199621e-12,"mean":-7.76254793777e-9,"median":-4.66114524755e-9,"min":-7.25362596654e-8,"var":8.02743513501e-17},"spectral_energy":{"dmean":0.0191377121955,"dmean2":0.0279322527349,"dvar":0.00071688182652,"dvar2":0.00145569560118,"max":0.276594310999,"mean":0.0325537249446,"median":0.0203618463129,"min":1.01475092503e-20,"var":0.00126321520656},"spectral_energyband_high":{"dmean":0.000618693244178,"dmean2":0.000784926582128,"dvar":9.59610929385e-7,"dvar2":0.00000171580427377,"max":0.0137587497011,"mean":0.00103478552774,"median":0.000367753498722,"min":7.25198047975e-21,"var":0.00000223517849918},"spectral_energyband_low":{"dmean":0.0150543563068,"dmean2":0.0228534247726,"dvar":0.000543525326066,"dvar2":0.00112390809227,"max":0.256703615189,"mean":0.0212249103934,"median":0.0112275304273,"min":3.3154391275e-23,"var":0.000851753633469},"spectral_energyband_middle_high":{"dmean":0.00282825995237,"dmean2":0.00419115833938,"dvar":0.0000204748230317,"dvar2":0.0000442407181254,"max":0.0561347454786,"mean":0.00504794716835,"median":0.00252253981307,"min":1.06636475363e-21,"var":0.0000442903037765},"spectral_energyband_middle_low":{"dmean":0.0022167544812,"dmean2":0.00337997172028,"dvar":0.0000223993883992,"dvar2":0.0000498568297189,"max":0.080797418952,"mean":0.00318797235377,"median":0.0016366407508,"min":2.11271579055e-22,"var":0.0000287691382255},"spectral_entropy":{"dmean":0.169331103563,"dmean2":0.24145835638,"dvar":0.0344716124237,"dvar2":0.069357059896,"max":9.81489944458,"mean":7.74196243286,"median":7.78224802017,"min":5.768430233,"var":0.127953961492},"spectral_flux":{"dmean":0.0384913831949,"dmean2":0.0611644312739,"dvar":0.00175353442319,"dvar2":0.00417946791276,"max":0.432239502668,"mean":0.103819169104,"median":0.0892523676157,"min":6.45143174993e-11,"var":0.00392271997407},"spectral_kurtosis":{"dmean":3.4729950428,"dmean2":5.24450302124,"dvar":20.4838180542,"dvar2":49.5185394287,"max":113.47946167,"mean":12.3219127655,"median":10.940905571,"min":-1.25402700901,"var":57.8590164185},"spectral_rms":{"dmean":0.00147049140651,"dmean2":0.00207641511224,"dvar":0.00000237183417084,"dvar2":0.0000045513211262,"max":0.0164270531386,"mean":0.00497038988397,"median":0.00445704115555,"min":3.14642799662e-12,"var":0.00000705499678588},"spectral_rolloff":{"dmean":1278.85693359,"dmean2":2237.19262695,"dvar":9060606,"dvar2":23990898,"max":22050,"mean":2237.67163086,"median":1335.05859375,"min":21.533203125,"var":15025149},"spectral_skewness":{"dmean":0.328783839941,"dmean2":0.458875924349,"dvar":0.118764318526,"dvar2":0.245780020952,"max":7.88989162445,"mean":2.04887962341,"median":1.94284617901,"min":-0.07044852525,"var":0.508585810661},"spectral_spread":{"dmean":548720.4375,"dmean2":831783.625,"dvar":521372139520,"dvar2":937965060096,"max":41785164,"mean":4081257,"median":3684413.75,"min":1150022.125,"var":3844875485180},"spectral_strongpeak":{"dmean":0.35967117548,"dmean2":0.64095044136,"dvar":0.745366871357,"dvar2":2.03956532478,"max":20.9190235138,"mean":0.370403945446,"median":0.145328357816,"min":0,"var":0.66262036562},"zerocrossingrate":{"dmean":0.0276759248227,"dmean2":0.0352681837976,"dvar":0.000510694808327,"dvar2":0.000871327763889,"max":0.60107421875,"mean":0.129970997572,"median":0.1259765625,"min":0.00390625,"var":0.00395450461656}},"metadata":{"audio_properties":{"analysis_sample_rate":44100,"bit_rate":320000,"codec":"mp3","downmix":"mix","equal_loudness":0,"length":202.187759399,"lossless":false,"md5_encoded":"25b3461903bab607138a028b60976791","replay_gain":-2.34526824951,"sample_rate":44100},"tags":{"album":["Zenyattà Mondatta"],"artist":["The Police"],"date":["1980-10-03"],"file_name":"11 - The Police - The Other Way of Stopping.mp3","musicbrainz_albumid":["cdc45f68-aae1-4cce-a30e-a5d3f23889d2"],"musicbrainz_artistid":["9e0e2b01-41db-4008-bd8b-988977d6019a"],"musicbrainz_recordingid":["47c87dc1-ab97-4733-8e5a-6122130695aa"],"title":["The Other Way of Stopping"],"tracknumber":["11/11"]},"version":{"essentia":"2.1-beta1","essentia_build_sha":"ca57ba49d9b1854bd80e60cf9ccf267278fb7d6b","essentia_git_sha":"v2.1_beta1-28-g21ef5f4-dirty","extractor":"music 1.0"}},"rhythm":{"beats_count":552,"beats_loudness":{"dmean":0.0417567007244,"dmean2":0.0749835968018,"dvar":0.00152945215814,"dvar2":0.00474464334548,"max":0.315908700228,"mean":0.0586945228279,"median":0.049164570868,"min":5.35722051609e-7,"var":0.00187980628107},"beats_loudness_band_ratio":{"dmean":[0.333768695593,0.056199669838,0.0689809918404,0.0775833874941,0.111943133175,0.0993544757366],"dmean2":[0.642951369286,0.108743570745,0.133400291204,0.139437869191,0.213373467326,0.185791626573],"dvar":[0.0367851257324,0.00297144427896,0.00416268361732,0.00482067139819,0.00622686045244,0.00441507529467],"dvar2":[0.131795480847,0.00880068633705,0.0120651815087,0.0133655872196,0.0201206430793,0.0124828182161],"max":[0.982878923416,0.71831536293,0.587513446808,0.904821097851,0.629153728485,0.825129389763],"mean":[0.607796370983,0.0448582395911,0.0551332980394,0.0985413193703,0.100215569139,0.106846444309],"median":[0.639459371567,0.0249729640782,0.0330894365907,0.0607883743942,0.0735498517752,0.0957231000066],"min":[0.000195721513592,0.0000362390528608,0.0000190838254639,0.0000268863150268,0.0000800971902208,0.000904149375856],"var":[0.0735266208