{"lowlevel":{"average_loudness":0.822071909904,"barkbands":{"dmean":[0.00537146627903,0.012105752714,0.002477460308,0.00188883580267,0.00218728464097,0.0022323562298,0.00102519476786,0.000490958220325,0.000714130525012,0.000833005644381,0.000370462046703,0.000359940167982,0.00021955469856,0.000209884121432,0.000384568236768,0.000155586167239,0.000100567893242,0.0000891164891073,0.0000893609176273,0.0000912242830964,0.0000857752020238,0.0000712965629646,0.000048653990234,0.0000211833485082,0.00000280520475826,0.0000441629854322,0.000227231983445],"dmean2":[0.00940308719873,0.0208773240447,0.00412115594372,0.00307865347713,0.00352875003591,0.00342066469602,0.00159609469119,0.000791686121374,0.00115954421926,0.00132532301359,0.000595066987444,0.000581054249778,0.000357509910828,0.000333980977302,0.000595690740738,0.000241378991632,0.000157522968948,0.000136512942845,0.000138001705636,0.00013637857046,0.000126796687255,0.000108226318844,0.000072491755418,0.0000307718946715,0.00000460847195427,0.0000641691658529,0.0003448886564],"dvar":[0.000200058246264,0.000862802320626,0.0000184545297088,0.0000138974810397,0.0000292846070806,0.0000566035960219,0.0000136200005727,0.00000250781408795,0.00000570729116589,0.0000066478160079,7.48650961668e-7,5.26200722106e-7,1.7078509984e-7,1.436251722e-7,5.117609021e-7,8.60670255065e-8,2.84609473766e-8,3.36387877553e-8,3.9137880492e-8,6.54667005051e-8,4.97848944292e-8,1.24653070088e-8,4.2514631815e-9,6.95254687155e-10,2.72520582489e-11,3.43223893751e-9,8.60926121504e-8],"dvar2":[0.000543676316738,0.00234224204905,0.0000469345723104,0.0000336948251061,0.000070029978815,0.000124744750792,0.0000292731765512,0.00000590007857681,0.000014945946532,0.0000158217371791,0.00000195088387045,0.00000134622518999,4.3101951519e-7,3.33329722935e-7,0.00000116924047688,1.96174198663e-7,6.52404068546e-8,7.55157927301e-8,8.95195881867e-8,1.32513108042e-7,9.79847172289e-8,2.68792366143e-8,9.58558477038e-9,1.46042611338e-9,6.81310216577e-11,7.46660422379e-9,1.97211775799e-7],"max":[0.186125874519,0.382700383663,0.145291924477,0.111846417189,0.247944235802,0.357383936644,0.169313743711,0.0632523670793,0.129016682506,0.103553965688,0.033211518079,0.0158574916422,0.012563182041,0.00696196174249,0.0212808437645,0.00936496537179,0.0061034206301,0.00929365772754,0.00760458642617,0.00788426212966,0.00559023022652,0.00360195152462,0.000856337603182,0.000408769963542,0.000108482832729,0.000740882649552,0.00493362080306],"mean":[0.00477533740923,0.01119163353,0.00315270596184,0.00252293003723,0.00334871467203,0.00324739329517,0.00146176596172,0.000664322811645,0.00103274849243,0.00123652245384,0.000591867021285,0.000600294908509,0.000348346715327,0.000332050025463,0.000663052836899,0.000238711043494,0.000159000206622,0.000150792722707,0.000141735305078,0.000143482291605,0.000136778005981,0.000109165950562,0.0000707701474312,0.0000312901647703,0.00000283482404484,0.0000646034823149,0.000480279762996],"median":[0.00139847851824,0.00316504295915,0.00152261112817,0.00109822978266,0.00173248560168,0.000650666537695,0.000370023481082,0.000190422884771,0.00033954391256,0.000347686029272,0.000240486639086,0.000254545826465,0.000183654105058,0.000172364350874,0.000359325145837,0.000119983757031,0.0000852125522215,0.0000646679254714,0.0000655908806948,0.0000562019740755,0.0000597238686169,0.0000641461374471,0.000043210304284,0.0000191533981706,0.00000114168756227,0.000038302539906,0.000343822641298],"min":[4.07733950828e-25,2.50782530251e-24,5.42935490171e-25,1.79503583211e-24,4.81587631395e-24,8.26080309362e-24,5.06990175277e-24,5.32872267704e-24,8.4992449797e-24,1.07477194406e-23,1.62489237936e-23,2.50908191849e-23,2.27673950494e-23,2.68381492454e-23,3.77415101538e-23,3.98934059518e-23,4.48010768817e-23,8.23849095178e-23,1.22807177287e-22,1.79833477741e-22,1.90894910598e-22,3.03184337964e-22,3.68052332335e-22,5.87588838648e-22,7.83665681869e-22,1.199600508e-21,1.81700561305e-21],"var":[0.000143707016832,0.0006306602736,0.0000254421793215,0.0000244846232818,0.0000402022669732,0.0000888611539267,0.0000224258892558,0.00000379365383196,0.0000074732529356,0.00000942995848163,0.00000128366309582,0.00000105067772438,3.08020020157e-7,2.47888152671e-7,9.67256141848e-7,1.45694642129e-7,5.41473532678e-8,6.81637146727e-8,7.10332557219e-8,1.32309779133e-7,1.06486417906e-7,2.20506919391e-8,6.9348362608e-9,1.29431010354e-9,2.66439665469e-11,5.98103833127e-9,2.03449005198e-7]},"barkbands_crest":{"dmean":3.08570766449,"dmean2":5.03869867325,"dvar":7.25734853745,"dvar2":17.460609436,"max":24.4119091034,"mean":9.82404899597,"median":8.98697853088,"min":2.23163723946,"var":16.2975063324},"barkbands_flatness_db":{"dmean":0.0298458747566,"dmean2":0.0473217815161,"dvar":0.000774602813181,"dvar2":0.00200711144134,"max":0.417343050241,"mean":0.120210245252,"median":0.114796996117,"min":0.0266812760383,"var":0.00195477367379},"barkbands_kurtosis":{"dmean":6.60209512711,"dmean2":10.9547176361,"dvar":190.998733521,"dvar2":484.809173584,"max":452.489227295,"mean":8.66033840179,"median":4.64066028595,"min":-1.92952275276,"var":279.309020996},"barkbands_skewness":{"dmean":0.859541535378,"dmean2":1.35989046097,"dvar":1.05832672119,"dvar2":2.63603448868,"max":17.2142772675,"mean":2.22797465324,"median":2.01237773895,"min":-2.45396614075,"var":2.41547060013},"barkbands_spread":{"dmean":9.82487010956,"dmean2":15.612197876,"dvar":119.121582031,"dvar2":281.123931885,"max":136.027526855,"mean":28.9563579559,"median":24.3450927734,"min":0.312286674976,"var":350.079437256},"dissonance":{"dmean":0.0176023263484,"dmean2":0.0299476925284,"dvar":0.000317815400194,"dvar2":0.000882928376086,"max":0.500000119209,"mean":0.470627009869,"median":0.476388931274,"min":0.298889398575,"var":0.000536953913979},"dynamic_complexity":3.15534257889,"erbbands":{"dmean":[0.622996628284,1.74554228783,2.71727204323,4.67640924454,7.20498418808,6.72525930405,11.8186826706,20.3710670471,17.4464969635,11.6519432068,10.6724920273,15.5099992752,20.6210136414,23.884885788,15.3761444092,12.7577991486,10.2844429016,8.45463943481,17.9084606171,17.2916965485,6.56363391876,5.33191013336,4.95150947571,4.36372900009,4.6422533989,4.19432687759,4.01694345474,3.00308442116,2.53696227074,2.20564007759,1.20338976383,0.466423809528,0.345704168081,0.0598422326148,0.0192785747349,0.0907553806901,0.0803450718522,0.077007740736,0.0230902228504,0.00459329318255],"dmean2":[1.08065700531,3.01329088211,4.5439786911,7.53974103928,12.0102186203,10.8269796371,18.1546554565,31.3472633362,26.9314556122,18.5019435883,17.1942386627,25.1644058228,33.1256790161,37.7039833069,24.4799232483,20.7196121216,16.6898097992,13.3247928619,28.0735149384,26.5510444641,10.097910881,8.29617118835,7.5611333847,6.63911104202,7.0895190239,6.21404409409,5.91723489761,4.53864908218,3.85924124718,3.32726240158,1.78222620487,0.691005945206,0.505489468575,0.0908352658153,0.0309330765158,0.132641673088,0.116846688092,0.116581648588,0.0357744768262,0.00700912158936],"dvar":[2.59799766541,15.3427562714,21.6406269073,71.7790145874,202.265731812,488.728759766,2125.42089844,4803.61523438,4656.61181641,934.97442627,1466.22961426,2831.23071289,5850.8359375,4251.70849609,846.999938965,584.286071777,388.954498291,211.151443481,1026.97741699,1235.02966309,162.62171936,83.0088272095,87.420715332,110.22959137,119.653167725,135.309326172,123.424743652,52.2914390564,18.257900238,8.91036224365,2.56990814209,0.354882657528,0.19320897758,0.00686976453289,0.00121574650984,0.0145311420783,0.0113266408443,0.0118388375267,0.00123662268743,0.0000390091081499],"dvar2":[7.09664964676,41.7595176697,55.454044342,168.386032104,516.524353027,1180.64404297,4851.32275391,10443.6601562,9839.80175781,2263.71362305,3291.17700195,7590.58789062,14219.3125,10551.6357422,2124.31079102,1507.06994629,979.005493164,496.520294189,2361.58154297,2771.04223633,371.486785889,192.573669434,191.912399292,256.900115967,270.743469238,274.960998535,237.315353394,107.460319519,39.7101631165,19.9237174988,5.76537799835,0.773669600487,0.408274292946,0.0155001394451,0.00302550871857,0.0312675572932,0.0245971307158,0.0271155182272,0.00272365962155,0.0000957217198447],"max":[18.8663234711,54.5082511902,137.588439941,262.039154053,368.10925293,1206.51757812,3339.27124023,2251.72900391,3200.55200195,920.401062012,1588.38415527,2905.12670898,3436.37402344,2321.26904297,1061.13061523,593.220397949,692.828186035,327.537780762,698.568969727,1357.73522949,558.827087402,326.377410889,343.354400635,682.250183105,337.727874756,355.130004883,303.827270508,218.303634644,152.322418213,52.848323822,23.0568637848,7.83749389648,6.16680526733,1.40283155441,0.743141412735,1.58374798298,1.71169567108,1.50479424,1.14728415012,0.0948036238551],"mean":[0.543570101261,1.67686378956,3.4609951973,6.76954078674,10.0358419418,9.91450309753,16.9076747894,29.5087833405,25.1137981415,17.3652439117,15.3516016006,22.3909492493,30.7599945068,38.3234062195,28.3298778534,22.6108913422,17.3461418152,14.9631576538,29.9549674988,29.3170070648,10.9209709167,8.87516975403,8.69579029083,7.18451213837,7.31599855423,6.69610643387,6.27866840363,4.75468730927,3.88074564934,3.25845932961,1.76744377613,0.711337804794,0.476950764656,0.0770068615675,0.0224073827267,0.119376420975,0.121470816433,0.112962238491,0.0362572968006,0.0121910115704],"median":[0.121238932014,0.549821257591,1.66992080212,3.33237886429,5.18342113495,4.64176607132,4.79395866394,5.35083007812,4.99118947983,5.58034229279,4.68520402908,7.79834413528,9.05602264404,12.7423839569,12.663318634,11.0710849762,9.56918525696,9.09675979614,16.4666023254,14.7568349838,6.20611619949,4.85342359543,3.98513793945,3.44603228569,3.20025014877,2.66504240036,2.50061655045,2.25718736649,2.2264456749,1.95860683918,1.08061909676,0.44232159853,0.278198003769,0.0451593399048,0.0116033367813,0.0669773072004,0.0734379813075,0.0664919167757,0.0213444456458,0.00916859693825],"min":[4.66531014061e-23,3.13299730958e-22,2.08669153434e-21,4.4191578965e-21,1.03206840352e-20,2.06586403125e-20,1.4761593793e-20,7.87488673977e-20,1.21422061837e-19,1.53257051213e-19,2.67174038729e-19,2.01514613053e-19,5.30992567604e-19,6.18431090121e-19,6.76116959981e-19,1.17461001491e-18,1.0266539765e-18,1.10369344285e-18,2.35516973317e-18,3.09246414407e-18,3.29446743992e-18,3.02456605747e-18,4.08437674164e-18,5.40652610272e-18,5.74954963094e-18,8.74243301658e-18,8.67266033192e-18,8.40298125425e-18,1.04239704335e-17,9.59959148172e-18,9.25141544546e-18,9.83800395941e-18,1.01360950368e-17,7.136304693e-18,5.05955402785e-18,4.36534724826e-18,1.85792541077e-18,9.07392626745e-19,2.4750805231e-19,2.61526786214e-20],"var":[1.83091211319,11.5617084503,27.696056366,143.843551636,284.475708008,589.462402344,2820.3046875,7898.55078125,7562.38525391,1675.71179199,2244.8972168,3609.01977539,7468.32763672,6938.57470703,2064.46069336,1185.7800293,726.432800293,385.681518555,1801.94763184,2429.7746582,279.169525146,158.831008911,198.371261597,174.223709106,223.19090271,277.037841797,277.584289551,102.396766663,31.7151470184,15.1426782608,4.35435914993,0.64784604311,0.331378340721,0.00929096154869,0.00126047024969,0.0228399876505,0.0205318350345,0.0186100415885,0.00254561938345,0.000109005777631]},"erbbands_crest":{"dmean":2.63410782814,"dmean2":4.21526956558,"dvar":6.06195068359,"dvar2":14.609998703,"max":30.4674625397,"mean":8.3057384491,"median":7.3416557312,"min":2.06771993637,"var":15.8123273849},"erbbands_flatness_db":{"dmean":0.0223725680262,"dmean2":0.0322571843863,"dvar":0.000387162843253,"dvar2":0.000765837787185,"max":0.296287983656,"mean":0.115744516253,"median":0.110961094499,"min":0.0317675806582,"var":0.00143852562178},"erbbands_kurtosis":{"dmean":1.00490999222,"dmean2":1.59707820415,"dvar":1.57239484787,"dvar2":3.72091054916,"max":18.7250804901,"mean":0.602966248989,"median":0.124342560768,"min":-1.79316365719,"var":3.08534622192},"erbbands_skewness":{"dmean":0.385175794363,"dmean2":0.582935094833,"dvar":0.122387774289,"dvar2":0.269902437925,"max":3.88335323334,"mean":0.0731081143022,"median":0.0820089057088,"min":-3.8870074749,"var":0.578877151012},"erbbands_spread":{"dmean":10.1910018921,"dmean2":15.7295608521,"dvar":109.239997864,"dvar2":256.586425781,"max":146.09803772,"mean":38.9344787598,"median":35.4584274292,"min":4.06674528122,"var":357.388458252},"gfcc":{"cov":[[21432.4628906,1457.34179688,-1547.53088379,-111.059608459,-457.715332031,-209.045608521,34.1200637817,-322.629638672,-74.5598754883,-78.7267837524,-118.163269043,68.3986434937,-68.5749664307],[1457.34179688,1193.97277832,-243.536315918,-449.063476562,43.2637481689,-53.4697532654,19.6621227264,-76.7679901123,52.6214942932,-6.20157051086,61.9240570068,-44.7476921082,126.619873047],[-1547.53088379,-243.536315918,390.252563477,184.491119385,21.0495109558,127.168540955,-12.1372995377,88.4103240967,-1.20199990273,31.3317394257,4.26438760757,27.7853794098,-25.2606830597],[-111.059608459,-449.063476562,184.491119385,424.082733154,53.6241531372,-5.60214996338,42.4422035217,48.667552948,-24.2123374939,19.3853282928,-16.1137580872,20.9917945862,-74.4850769043],[-457.715332031,43.2637481689,21.0495109558,53.6241531372,201.523086548,109.677207947,31.4068164825,-9.22352981567,31.5595607758,-18.7727413177,-13.640253067,-12.7389564514,24.013792038],[-209.045608521,-53.4697532654,127.168540955,-5.60214996338,109.677207947,290.318054199,17.3221950531,40.6945838928,12.57837677,-10.3295955658,-27.8044719696,27.8901920319,14.9791927338],[34.1200637817,19.6621227264,-12.1372995377,42.4422035217,31.4068164825,17.3221950531,167.591400146,27.9796924591,3.50079417229,-0.152340695262,21.6923942566,19.0300807953,12.4918813705],[-322.629638672,-76.7679901123,88.4103240967,48.667552948,-9.22352981567,40.6945838928,27.9796924591,128.230651855,38.4297676086,38.8672714233,26.0748138428,24.97697258,6.20081663132],[-74.5598754883,52.6214942932,-1.20199990273,-24.2123374939,31.5595607758,12.57837677,3.50079417229,38.4297676086,105.416343689,48.0688591003,14.2497997284,8.21633052826,11.0063447952],[-78.7267837524,-6.20157051086,31.3317394257,19.3853282928,-18.7727413177,-10.3295955658,-0.152340695262,38.8672714233,48.0688591003,88.1841888428,50.5520858765,13.633023262,7.3525724411],[-118.163269043,61.9240570068,4.26438760757,-16.1137580872,-13.640253067,-27.8044719696,21.6923942566,26.0748138428,14.2497997284,50.5520858765,80.4011077881,39.1888275146,18.2744827271],[68.3986434937,-44.7476921082,27.7853794098,20.9917945862,-12.7389564514,27.8901920319,19.0300807953,24.97697258,8.21633052826,13.633023262,39.1888275146,75.1296615601,19.5103206635],[-68.5749664307,126.619873047,-25.2606830597,-74.4850769043,24.013792038,14.9791927338,12.4918813705,6.20081663132,11.0063447952,7.3525724411,18.2744827271,19.5103206635,84.6251754761]],"icov":[[0.000210715807043,-0.000633493473288,0.00143215223216,-0.00160322978627,0.00166848755907,-0.00127208873164,0.000344876374584,0.00027457534452,-0.000500833033584,0.000390722096199,-0.0000506596043124,-0.000028849906812,-0.000135553986183],[-0.000633493473288,0.00374250812456,-0.00436098547652,0.00630375836045,-0.00546425394714,0.00404650671408,-0.00147309200838,-0.000150947918883,0.000588003371377,-0.0000198031011678,-0.00227228901349,0.00199669110589,-0.000847960822284],[0.00143215223216,-0.00436098547652,0.0148289082572,-0.0143592795357,0.0139710688964,-0.0123803988099,0.00403897231445,0.000607231922913,-0.0046690008603,0.00509686162695,-0.00469920039177,0.00304303062148,-0.00246283179149],[-0.00160322978627,0.00630375836045,-0.0143592795357,0.0241111330688,-0.0239711515605,0.018120246008,-0.00569294672459,-0.00594822922722,0.0142859686166,-0.0178311113268,0.0169369261712,-0.0133933210745,0.0101972687989],[0.00166848755907,-0.00546425394714,0.0139710688964,-0.0239711515605,0.0335809066892,-0.0223785936832,0.00407697213814,0.00922586861998,-0.0205548983067,0.0246710702777,-0.0237494260073,0.0202613510191,-0.0132591957226],[-0.00127208873164,0.00404650671408,-0.0123803988099,0.018120246008,-0.0223785936832,0.0205508451909,-0.00421331776306,-0.00654202001169,0.0132534978911,-0.0168678686023,0.020130418241,-0.0160860549659,0.00808539055288],[0.000344876374584,-0.00147309200838,0.00403897231445,-0.00569294672459,0.00407697213814,-0.00421331776306,0.0083667114377,-0.000836727966089,-0.00262031867169,0.00554337538779,-0.00613472564146,0.00239094952121,-0.00227374420501],[0.00027457534452,-0.000150947918883,0.000607231922913,-0.00594822922722,0.00922586861998,-0.00654202001169,-0.000836727966089,0.015186897479,-0.0103129306808,0.0071104480885,-0.0110236275941,0.00730455294251,-0.00563522009179],[-0.000500833033584,0.000588003371377,-0.0046690008603,0.0142859686166,-0.0205548983067,0.0132534978911,-0.00262031867169,-0.0103129306808,0.0314842239022,-0.0318368114531,0.0294817630202,-0.0219005942345,0.011878112331],[0.000390722096199,-0.0000198031011678,0.00509686162695,-0.0178311113268,0.0246710702777,-0.0168678686023,0.00554337538779,0.0071104480885,-0.0318368114531,0.0570588000119,-0.0516208186746,0.0337817706168,-0.0166391190141],[-0.0000506596043124,-0.00227228901349,-0.00469920039177,0.0169369261712,-0.0237494260073,0.020130418241,-0.00613472564146,-0.0110236275941,0.0294817630202,-0.0516208186746,0.0717946141958,-0.0464627221227,0.0176118370146],[-0.000028849906812,0.00199669110589,0.00304303062148,-0.0133933210745,0.0202613510191,-0.0160860549659,0.00239094952121,0.00730455294251,-0.0219005942345,0.0337817706168,-0.0464627221227,0.0489560812712,-0.0190214589238],[-0.000135553986183,-0.000847960822284,-0.00246283179149,0.0101972687989,-0.0132591957226,0.00808539055288,-0.00227374420501,-0.00563522009179,0.011878112331,-0.0166391190141,0.0176118370146,-0.0190214589238,0.0247788578272]],"mean":[0.135071098804,70.7609405518,-78.0742492676,6.48704195023,-20.1428394318,-5.07890796661,-5.73365259171,-19.3777923584,-2.36825084686,-8.64483070374,-12.449845314,1.92985415459,-10.4601707458]},"hfc":{"dmean":33.6157608032,"dmean2":51.9726295471,"dvar":1947.11071777,"dvar2":4705.53417969,"max":706.564331055,"mean":90.6170730591,"median":69.5243225098,"min":1.05614301497e-16,"var":5671.12109375},"melbands":{"dmean":[0.00452009681612,0.0016192815965,0.000837232917547,0.00048615373089,0.000386048748624,0.000448096980108,0.000247810676228,0.000120544355013,0.0000904943153728,0.00010201758414,0.000105899147457,0.000103937585664,0.0000522577247466,0.0000448576829513,0.0000278236329905,0.0000186573088286,0.0000165662604559,0.000028844056942,0.0000262228641077,0.0000166629470186,0.00000731662157705,0.00000601579267823,0.00000541513054486,0.00000418607260144,0.00000368962923858,0.00000352390588887,0.00000339688699569,0.00000279773939837,0.0000027646867693,0.00000206343133868,0.00000179532025868,0.00000151383972025,0.00000141602879467,0.00000122247377021,8.07233107025e-7,3.9879600422e-7,2.47806070774e-7,2.56737763493e-7,1.67977404431e-7,2.21849347781e-8],"dmean2":[0.0078291958198,0.00272160023451,0.00135449576192,0.000795219733845,0.000595001445618,0.000685984967276,0.000383103266358,0.00019359801081,0.00014565132733,0.00016590236919,0.000170468323631,0.000164215467521,0.0000834594975458,0.0000724921264919,0.0000452870845038,0.0000301025138469,0.0000264042682829,0.0000455307090306,0.0000407511251979,0.0000258127292909,0.0000115834200187,0.00000950272988121,0.00000851540426083,0.00000647364686301,0.00000572540375288,0.00000551212770006,0.00000529932958671,0.00000423187111664,0.00000412127110394,0.00000314201201945,0.00000279105324807,0.00000236145638155,0.00000216747071136,0.00000186325814866,0.00000120984452678,6.02565989993e-7,3.73542462739e-7,3.78222239306e-7,2.51762713788e-7,3.68031329856e-8],"dvar":[0.000132505418151,0.00000783828272688,0.00000208545884561,0.00000140284066674,0.00000187512853245,0.00000222534708882,8.7507629587e-7,1.08509105701e-7,1.20018384564e-7,1.12310495126e-7,1.55487597908e-7,8.22588503979e-8,1.18077814193e-8,8.74803074424e-9,2.82614021074e-9,1.00948682746e-9,8.86440310044e-10,2.65065014382e-9,2.43784503695e-9,1.07026654206e-9,2.19500695398e-10,1.16545939566e-10,9.84847342567e-11,8.65069335609e-11,8.40870637009e-11,6.93415741493e-11,7.85588469276e-11,6.89839921297e-11,6.40425351639e-11,3.41538915205e-11,1.73615583715e-11,7.51853440617e-12,4.16271487766e-12,2.81968112054e-12,1.17015880492e-12,2.99691424021e-13,1.03983262159e-13,1.09231241131e-13,5.27329034931e-14,2.02156038389e-15],"dvar2":[0.000361419020919,0.0000205211963475,0.0000050325884331,0.0000034413535559,0.00000430944010077,0.00000482916084366,0.00000183494489647,2.70096677468e-7,2.71131938234e-7,3.00866616953e-7,3.76267934143e-7,2.01551756618e-7,2.99420825911e-8,2.2450930004e-8,7.20140969079e-9,2.494699336e-9,2.10293871206e-9,6.11031003572e-9,5.50087975171e-9,2.47584197588e-9,5.15841924731e-10,2.75262590499e-10,2.3171188579e-10,2.01283406609e-10,2.00492053515e-10,1.63976388023e-10,1.78512912785e-10,1.42892669919e-10,1.25937968387e-10,7.22764556538e-11,3.75769033945e-11,1.70422721074e-11,9.27500957981e-12,6.53366249992e-12,2.67589487894e-12,6.82498003425e-13,2.33316160446e-13,2.34452946423e-13,1.16192063024e-13,5.13825178288e-15],"max":[0.138395324349,0.0500384941697,0.0397408790886,0.0678431987762,0.0879241749644,0.0448936410248,0.0416316837072,0.012020255439,0.0152337262407,0.0159987229854,0.0178730078042,0.0101530542597,0.00495798420161,0.00217793649063,0.00124139757827,0.000991648994386,0.000707864237484,0.00105996476486,0.00150393287186,0.000974952883553,0.000550195167307,0.00041394829168,0.000322054926073,0.00054223643383,0.000594221695792,0.000279378582491,0.000306113361148,0.00024898792617,0.000243466201937,0.000151274114614,0.000133253779495,0.0000931925387704,0.0000483380317746,0.0000220626661758,0.0000166329191416,0.00000924692631088,0.00000441489419245,0.00000474769876746,0.00000330096690959,9.52203379256e-7],"mean":[0.00411899015307,0.00194171955809,0.00127973197959,0.000718799012247,0.000567431678064,0.000657727592625,0.000361910322681,0.000173925567651,0.000126337938127,0.000145894038724,0.000154948138515,0.000160483497893,0.0000902512474568,0.0000766973535065,0.0000450506922789,0.0000310443065246,0.0000267116447503,0.0000461021227238,0.0000450311490567,0.0000264631034952,0.000010744721294,0.00000915046530281,0.00000879217168404,0.000006868424407,0.00000564551237403,0.00000533411548531,0.0000050747212299,0.00000427353370469,0.00000412716781284,0.0000031149249935,0.00000269346128334,0.00000216852868107,0.00000209807149076,0.00000171587771547,0.00000115147611268,5.73242800783e-7,3.69080453311e-7,3.55488822379e-7,2.09030631027e-7,2.14069935112e-8],"median":[0.00114417157602,0.000912203278858,0.000694593240041,0.000382412981708,0.000175535082235,0.0001231249189,0.0000782343850005,0.0000555757505936,0.0000380869460059,0.0000489735284646,0.0000436614500359,0.0000498660665471,0.0000397970507038,0.0000307805785269,0.0000229186152865,0.0000179003545782,0.0000147942810145,0.000024324082915,0.0000239286018768,0.0000126335216919,0.00000540947394256,0.00000472992633149,0.0000041417997636,0.00000285302394332,0.00000264500204139,0.00000228659291679,0.00000214682745536,0.00000153118116941,0.00000152351231009,0.0000012597240584,0.00000129360648771,0.00000118827847473,0.00000122296432892,0.00000101696298316,6.87638703312e-7,3.46975923549e-7,2.25610335747e-7,2.06627902344e-7,1.13367129018e-7,7.34328375884e-9],"min":[8.3915611274e-25,8.44398685101e-25,9.03258259645e-25,1.12883983942e-24,5.49698937053e-25,1.75872890337e-24,1.6263156422e-24,1.51837580454e-24,2.29560751951e-24,1.1817445002e-24,2.49717568029e-24,2.06008934917e-24,2.33866808367e-24,2.61654275981e-24,2.90088727867e-24,1.64390802925e-24,1.98900154313e-24,3.33294797418e-24,3.24753642625e-24,3.24953441371e-24,3.73300813264e-24,2.89968485743e-24,3.36044096002e-24,3.2435684559e-24,3.84740085251e-24,3.55305791611e-24,3.51885645713e-24,4.2044960962e-24,4.36377973473e-24,3.931343147e-24,4.83627822911e-24,4.79124137117e-24,5.19360184803e-24,4.94605137951e-24,3.60222840519e-24,5.19324449404e-24,6.12888638131e-24,6.42761972308e-24,5.4165994153e-24,5.71347617293e-24],"var":[0.0000942111728364,0.00000822863694339,0.00000402324758397,0.00000175945569936,0.00000260260981122,0.00000368867517864,0.00000146919489907,1.76894062065e-7,1.73815053017e-7,1.47248158555e-7,1.98880542257e-7,1.31196387088e-7,2.35265904536e-8,1.81983796921e-8,5.15844522653e-9,1.89854110211e-9,1.51674084403e-9,4.55522330967e-9,4.61374938254e-9,1.98052330092e-9,3.36709438109e-10,1.99125507749e-10,1.94097959927e-10,1.57744248219e-10,1.20372864454e-10,1.1771462971e-10,1.32241551043e-10,1.333048949e-10,1.37423211699e-10,6.55927118176e-11,2.98641354701e-11,1.15834191197e-11,7.42566598488e-12,4.28079533626e-12,1.91328398437e-12,4.74803573194e-13,1.81142684945e-13,1.87704479781e-13,7.42562546283e-14,1.90370676071e-15]},"melbands_crest":{"dmean":4.91846179962,"dmean2":8.00605773926,"dvar":18.8721084595,"dvar2":46.9300308228,"max":37.9206542969,"mean":16.3857841492,"median":15.2791690826,"min":1.61500537395,"var":46.4621734619},"melbands_flatness_db":{"dmean":0.0388500802219,"dmean2":0.0605922788382,"dvar":0.00120439426973,"dvar2":0.00301203480922,"max":0.575937867165,"mean":0.220502093434,"median":0.220081180334,"min":0.00300576817244,"var":0.00409424025565},"melbands_kurtosis":{"dmean":15.7158708572,"dmean2":26.1773262024,"dvar":1576.43225098,"dvar2":4284.29833984,"max":860.054382324,"mean":20.3763656616,"median":9.12331199646,"min":-1.82965040207,"var":1750.78271484},"melbands_skewness":{"dmean":1.21575009823,"dmean2":1.91977357864,"dvar":2.44362711906,"dvar2":6.08672142029,"max":25.9179954529,"mean":3.20355606079,"median":2.66609621048,"min":-1.75311994553,"var":5.3119096756},"melbands_spread":{"dmean":8.43515872955,"dmean2":13.2275705338,"dvar":146.387435913,"dvar2":323.624847412,"max":190.382034302,"mean":21.44789505,"median":15.9313983917,"min":0.254528433084,"var":493.135070801},"mfcc":{"cov":[[7184.61474609,1273.49597168,-332.704437256,113.229324341,-340.569335938,87.0037002563,-55.6458206177,34.8893127441,-82.0888824463,41.6624450684,-96.4658889771,15.1957244873,-49.9493255615],[1273.49597168,1483.95019531,-224.042678833,-319.403991699,-45.937122345,-8.27478694916,-26.1708126068,-86.1755828857,36.3990707397,-22.5568962097,-3.45502614975,-72.717880249,42.6353988647],[-332.704437256,-224.042678833,327.339538574,63.9620323181,57.7681007385,16.9114379883,25.8626441956,45.9623985291,-0.837093353271,17.1300392151,31.5046844482,27.8760223389,10.8493881226],[113.229324341,-319.403991699,63.9620323181,400.48324585,-19.747335434,-16.7698631287,23.4897346497,10.1435728073,-31.3535652161,13.6660232544,30.8385829926,41.6557121277,-34.3680915833],[-340.569335938,-45.937122345,57.7681007385,-19.747335434,223.936859131,92.971282959,0.050925988704,32.2931175232,40.8923492432,17.8386764526,-1.35894668102,-7.23388767242,26.2829284668],[87.0037002563,-8.27478694916,16.9114379883,-16.7698631287,92.971282959,196.04107666,47.3478240967,68.0954055786,27.1999473572,26.1360321045,-37.9729347229,-5.62361288071,9.48036289215],[-55.6458206177,-26.1708126068,25.8626441956,23.4897346497,0.050925988704,47.3478240967,135.152450562,50.1755523682,24.0792598724,-11.7559738159,2.3076364994,0.909206271172,14.086977005],[34.8893127441,-86.1755828857,45.9623985291,10.1435728073,32.2931175232,68.0954055786,50.1755523682,129.448669434,35.0749015808,14.1865682602,-17.8117713928,21.2597694397,10.3293132782],[-82.0888824463,36.3990707397,-0.837093353271,-31.3535652161,40.8923492432,27.1999473572,24.0792598724,35.0749015808,91.6170654297,30.077129364,2.35942745209,-4.77342653275,21.5675468445],[41.6624450684,-22.5568962097,17.1300392151,13.6660232544,17.8386764526,26.1360321045,-11.7559738159,14.1865682602,30.077129364,82.2924423218,21.5004844666,5.36939001083,0.340824097395],[-96.4658889771,-3.45502614975,31.5046844482,30.8385829926,-1.35894668102,-37.9729347229,2.3076364994,-17.8117713928,2.35942745209,21.5004844666,84.9369506836,36.9757804871,8.71164226532],[15.1957244873,-72.717880249,27.8760223389,41.6557121277,-7.23388767242,-5.62361288071,0.909206271172,21.2597694397,-4.77342653275,5.36939001083,36.9757804871,85.4396514893,25.120508194],[-49.9493255615,42.6353988647,10.8493881226,-34.3680915833,26.2829284668,9.48036289215,14.086977005,10.3293132782,21.5675468445,0.340824097395,8.71164226532,25.120508194,70.2123184204]],"icov":[[0.0002200952149,-0.000252754805842,0.0000717323855497,-0.000240303808823,0.000321660452755,-0.000188400314073,0.000149185230839,-0.000234011211433,0.000229876386584,-0.000256183935562,0.000313258438837,-0.000212958009797,0.0000588282273384],[-0.000252754805842,0.0012566044461,0.000372496549971,0.000841274450067,0.0000029866641853,-0.000177104593604,0.00000922259732761,0.000599288381636,-0.000576625927351,0.000659971381538,-0.00117578229401,0.0010684892768,-0.000718325376511],[0.0000717323855497,0.000372496549971,0.00394908618182,-0.00019049301045,-0.00086343951989,0.000273919198662,-0.000358802179107,-0.00142150756437,0.00119252654258,-0.000503003015183,-0.00146180589218,0.000320956547512,-0.000608616857789],[-0.000240303808823,0.000841274450067,-0.00019049301045,0.00373375695199,-0.000449519517133,0.000538897525985,-0.00129473384004,0.000636954442598,0.00056420348119,-0.000568051589653,-0.000587313203141,-0.00136243295856,0.00182659784332],[0.000321660452755,0.0000029866641853,-0.00086343951989,-0.000449519517133,0.0077345543541,-0.00447847880423,0.00300793093629,-0.000569362542592,-0.00233813538216,0.00169958139304,-0.00241006608121,0.00246965326369,-0.00254452996887],[-0.000188400314073,-0.000177104593604,0.000273919198662,0.000538897525985,-0.00447847880423,0.0103261396289,-0.0041013690643,-0.00190434919205,0.00187696237117,-0.00469926791266,0.00563874421641,-0.00199766946025,0.0010415246943],[0.000149185230839,0.00000922259732761,-0.000358802179107,-0.00129473384004,0.00300793093629,-0.0041013690643,0.0119883939624,-0.00398338818923,-0.00279793376103,0.00532033201307,-0.00491511216387,0.00406074570492,-0.00287860631943],[-0.000234011211433,0.000599288381636,-0.00142150756437,0.000636954442598,-0.000569362542592,-0.00190434919205,-0.00398338818923,0.014121058397,-0.00430456874892,-0.00116838864051,0.00502995494753,-0.0058711306192,0.00199749995954],[0.000229876386584,-0.000576625927351,0.00119252654258,0.00056420348119,-0.00233813538216,0.00187696237117,-0.00279793376103,-0.00430456874892,0.0177579969168,-0.00705411843956,0.000257299019722,0.00228622672148,-0.00384845864028],[-0.000256183935562,0.000659971381538,-0.000503003015183,-0.000568051589653,0.00169958139304,-0.00469926791266,0.00532033201307,-0.00116838864051,-0.00705411843956,0.0193165242672,-0.00838557165116,0.00303609110415,0.000346699293004],[0.000313258438837,-0.00117578229401,-0.00146180589218,-0.000587313203141,-0.00241006608121,0.00563874421641,-0.00491511216387,0.00502995494753,0.000257299019722,-0.00838557165116,0.0234445519745,-0.011661361903,0.00248715165071],[-0.000212958009797,0.0010684892768,0.000320956547512,-0.00136243295856,0.00246965326369,-0.00199766946025,0.00406074570492,-0.0058711306192,0.00228622672148,0.00303609110415,-0.011661361903,0.022462207824,-0.00942917913198],[0.0000588282273384,-0.000718325376511,-0.000608616857789,0.00182659784332,-0.00254452996887,0.0010415246943,-0.00287860631943,0.00199749995954,-0.00384845864028,0.000346699293004,0.00248715165071,-0.00942917913198,0.0210497006774]],"mean":[-659.337524414,132.982086182,-1.01327157021,28.0714530945,0.36705416441,25.9749355316,-5.43108701706,11.7907943726,-1.93022406101,7.55075979233,-6.19609689713,-1.4110532999,-2.613904953]},"pitch_salience":{"dmean":0.0896254256368,"dmean2":0.146311968565,"dvar":0.00674479175359,"dvar2":0.0172465611249,"max":0.971533715725,"mean":0.553416967392,"median":0.572185456753,"min":0.0722876265645,"var":0.0151335019618},"silence_rate_20dB":{"dmean":0.000276606035186,"dmean2":0.000553250371013,"dvar":0.00027652955032,"dvar2":0.000829617900308,"max":1,"mean":0.999861717224,"median":1,"min":0,"var":0.000138265022542},"silence_rate_30dB":{"dmean":0.0744070261717,"dmean2":0.148824349046,"dvar":0.0688751414418,"dvar2":0.154463663697,"max":1,"mean":0.932374477386,"median":1,"min":0,"var":0.0630555301905},"silence_rate_60dB":{"dmean":0.0178410895169,"dmean2":0.0356846489012,"dvar":0.0175247695297,"dvar2":0.0400897599757,"max":1,"mean":0.05130687356,"median":0,"min":0,"var":0.0486674681306},"spectral_centroid":{"dmean":295.430053711,"dmean2":454.407440186,"dvar":114175.140625,"dvar2":244593.359375,"max":11800.3896484,"mean":1312.2388916,"median":1018.98455811,"min":171.218688965,"var":1614232.5},"spectral_complexity":{"dmean":3.88631486893,"dmean2":5.72212982178,"dvar":15.4058923721,"dvar2":29.0305633545,"max":59,"mean":17.1032352448,"median":17,"min":0,"var":83.3997344971},"spectral_contrast_coeffs":{"dmean":[0.0593069754541,0.049727294594,0.0386021547019,0.0308064091951,0.0208050496876,0.0313992165029],"dmean2":[0.0963446348906,0.0818163529038,0.0635499954224,0.049942150712,0.0339278765023,0.048034325242],"dvar":[0.00223752297461,0.0015944755869,0.000964785576798,0.000608556787483,0.00029545254074,0.000696417992003],"dvar2":[0.00571834947914,0.00416806992143,0.00254713953473,0.00155925634317,0.000759133836254,0.00167546374723],"max":[-0.323015093803,-0.441182792187,-0.496318399906,-0.577329516411,-0.665560364723,-0.473899185658],"mean":[-0.675134956837,-0.769928097725,-0.797368943691,-0.797386109829,-0.824128866196,-0.725234925747],"median":[-0.677081465721,-0.778930008411,-0.799580276012,-0.797399401665,-0.825819075108,-0.723256587982],"min":[-0.979541599751,-0.978916704655,-0.979677736759,-0.975263893604,-0.968916237354,-0.96590089798],"var":[0.00811205618083,0.00590708432719,0.00358547386713,0.00232899119146,0.00115112692583,0.00294372648932]},"spectral_contrast_valleys":{"dmean":[0.48594969511,0.416848927736,0.367109596729,0.329406350851,0.374524325132,0.462393015623],"dmean2":[0.755932807922,0.658968150616,0.575214982033,0.49560084939,0.520764946938,0.651403129101],"dvar":[0.175231948495,0.13878954947,0.125285312533,0.101675443351,0.125722244382,0.16017305851],"dvar2":[0.384487062693,0.313838005066,0.272953003645,0.209197282791,0.247631952167,0.327027887106],"max":[-4.63503837585,-4.44199228287,-4.93212985992,-5.36318922043,-5.52144670486,-8.74784660339],"mean":[-7.11001253128,-6.95323991776,-7.29142427444,-7.7118806839,-7.85570335388,-10.8247928619],"median":[-6.78392267227,-6.62281608582,-6.92013931274,-7.37561798096,-7.54782104492,-10.5323143005],"min":[-28.1837291718,-28.1751880646,-27.8944816589,-27.6576290131,-27.5242805481,-27.4544448853],"var":[5.8395280838,6.00209760666,5.83114337921,5.39987182617,5.31217622757,3.90452075005]},"spectral_decrease":{"dmean":5.76220138271e-9,"dmean2":9.51204359723e-9,"dvar":1.32809220711e-16,"dvar2":3.48627432024e-16,"max":2.45568299029e-9,"mean":-8.41385272565e-9,"median":-5.12901987548e-9,"min":-1.36087848546e-7,"var":1.24687233538e-16},"spectral_energy":{"dmean":0.0231067612767,"dmean2":0.0375162810087,"dvar":0.00195787358098,"dvar2":0.00508968392387,"max":0.536296904087,"mean":0.039975065738,"median":0.027083016932,"min":9.93275006041e-21,"var":0.00201989687048},"spectral_energyband_high":{"dmean":0.00042514593224,"dmean2":0.000618909893092,"dvar":3.90920519067e-7,"dvar2":7.85692861882e-7,"max":0.0163737945259,"mean":0.000757658854127,"median":0.000478613656014,"min":7.00213235288e-21,"var":9.29534394345e-7},"spectral_energyband_low":{"dmean":0.0176553893834,"dmean2":0.0299712251872,"dvar":0.00156811939087,"dvar2":0.00422503845766,"max":0.48335725069,"mean":0.0192660167813,"median":0.00856683030725,"min":1.41337415821e-23,"var":0.00121644220781},"spectral_energyband_middle_high":{"dmean":0.00176644744352,"dmean2":0.00261900597252,"dvar":0.0000103891852632,"dvar2":0.0000228447534028,"max":0.103818461299,"mean":0.00439351890236,"median":0.0028879805468,"min":1.10308614041e-21,"var":0.000027533444154},"spectral_energyband_middle_low":{"dmean":0.00590944476426,"dmean2":0.00902999006212,"dvar":0.000143998506246,"dvar2":0.000314264005283,"max":0.46923032403,"mean":0.0125580979511,"median":0.00655578169972,"min":1.81963679865e-22,"var":0.000326386303641},"spectral_entropy":{"dmean":0.199646547437,"dmean2":0.292812079191,"dvar":0.0323134548962,"dvar2":0.06673040241,"max":9.83435153961,"mean":7.70597314835,"median":7.71692085266,"min":5.84236526489,"var":0.177164807916},"spectral_flux":{"dmean":0.0417938828468,"dmean2":0.067238047719,"dvar":0.00354641512968,"dvar2":0.00741385761648,"max":0.635860919952,"mean":0.114178225398,"median":0.0949182659388,"min":6.39862052232e-11,"var":0.00583020411432},"spectral_kurtosis":{"dmean":3.35606241226,"dmean2":4.88319683075,"dvar":19.0902709961,"dvar2":41.1323432922,"max":77.2706451416,"mean":10.9362888336,"median":9.40109062195,"min":-1.25769996643,"var":39.9430198669},"spectral_rms":{"dmean":0.00151406007353,"dmean2":0.00230924598873,"dvar":0.00000435798756371,"dvar2":0.0000103997235783,"max":0.0228739269078,"mean":0.00555062573403,"median":0.00514027755708,"min":3.11295477243e-12,"var":0.00000819065189717},"spectral_rolloff":{"dmean":4550.00585938,"dmean2":8497.25878906,"dvar":52098484,"dvar2":115844688,"max":22050,"mean":8085.47753906,"median":1970.28808594,"min":21.533203125,"var":84053888},"spectral_skewness":{"dmean":0.347881674767,"dmean2":0.504145443439,"dvar":0.140104830265,"dvar2":0.293389588594,"max":6.91270637512,"mean":2.24596071243,"median":2.15212607384,"min":-0.093161791563,"var":0.492961078882},"spectral_spread":{"dmean":669639.6875,"dmean2":947965.25,"dvar":443810250752,"dvar2":912960520192,"max":42900180,"mean":5383295,"median":4873714.5,"min":1972619.875,"var":16766353801200},"spectral_strongpeak":{"dmean":1.60517406464,"dmean2":3.0185649395,"dvar":50.9798469543,"dvar2":142.191696167,"max":93.6586303711,"mean":1.24881076813,"median":0.237501293421,"min":0,"var":32.5268630981},"zerocrossingrate":{"dmean":0.0389395281672,"dmean2":0.0486470945179,"dvar":0.00114212254994,"dvar2":0.00168276019394,"max":0.79931640625,"mean":0.22296667099,"median":0.20947265625,"min":0.01025390625,"var":0.00835492275655}},"metadata":{"audio_properties":{"analysis_sample_rate":44100,"bit_rate":254864,"codec":"mp3","downmix":"mix","equal_loudness":0,"length":335.779022217,"lossless":false,"md5_encoded":"04fc37a97a69fc41d8610b3ca10f71f6","replay_gain":-2.51874351501,"sample_rate":44100},"tags":{"album":["Naked"],"albumartist":["Talking Heads"],"albumartistsort":["Talking Heads"],"artist":["Talking Heads"],"artistsort":["Talking Heads"],"asin":["B000002LD0"],"barcode":["075992565424"],"catalognumber":["W2 25654"],"date":["1988-03-15"],"encodedby":["Exact Audio Copy   (Secure mode)"],"file_name":"05 (Nothing But) Flowers.mp3","label":["Fly / Sire Records"],"musicbrainz album release country":["US"],"musicbrainz album status":["official"],"musicbrainz album type":["album"],"musicbrainz_albumartistid":["a94a7155-c79d-4409-9fcf-220cb0e4dc3a"],"musicbrainz_albumid":["0e92ccea-b428-4a23-8300-ac8a86f731d6"],"musicbrainz_artistid":["a94a7155-c79d-4409-9fcf-220cb0e4dc3a"],"musicbrainz_recordingid":["480665d8-6a9f-40bf-81ba-7c2a3607463a"],"musicmagic data":["AgEAANP0kw6bIZGQgI0Nu1w0kfOAz4c76tOZtDvbimH7mYABkanxoq4R0szieaeAgHCAAdDujqjhq8DHgAHOsPcR3IOkdLD8DCyAAZJ4ldCcLYFQ98P/KolcgUuMf+tpmeA1p4fV+TuGGorM8RCxWsH+54emJoF1gAHLypAB8CS49IABtYXxtOgUnOStx8DGgyY="],"musicmagic fingerprint":["ASRrQV0uISd7HKAkPB7lFoEMzw4hEO4PXwuREj4MQRJdB8QJcAUDCssRmxDvDOEKkgk+BmQGpApRCtYEEAR9BEIDdQK8AmYCXwIIAfwCEgIKuTjQMuDtCRcPJwu7ITEWqQmPC9AOwBU8EQAiThUAIeENOA1rBZgK3xkbE50NHAmPB7oE/QXYCAEI/gJeAjkDVwM1Ar4CGQF2AYUBmgGXAWwR0AnFD9X+uveOl5HxTgnXAVsCxvE99igUnh42DvwndAzhAKIIQwwiEj4P7AH3AjMBFwAbAWsABP+Q/2f/3gEFAM0AVP/tAAD/tf++//UAXvYr+YQSOQOfCNfbUF6HC3z9xwPK+gDnfgJ4C7rzUMb062rwwPv1ASrvmfLF+ZD8+v7f/5r/vQFNBCEA9QBPAJT/If/W//UAdgBZABD/vAAcKYr9H/KfxkTMIiI7Jdv83uo+8qsQGPJsHLcqHfuYIwoHG+9MAwQGuAWe+iv0T/VF+YH+JvyS+uD3Ov5m/Gb85/8z/7b/n/75/2L/fP9z/1jj9RK9930ijfzhBXYCGRPM+qIDORQMrmrdSPLK85c1/wKs2d/z3/6W9BX6BPTJ+nv7O/vp/ej+8v6eABAAG/9K/6D/H/8//9z/cv8f/13/ghFv4mMWjM3cTvILpOWTCXL/jBzPB33ffP5/GGgmKvmn+grnUfuMB1v5sfUG+uH43gBK/q4AFf76BFj+3QAFAIn+