{"lowlevel":{"average_loudness":0.833770394325,"barkbands":{"dmean":[0.00169223360717,0.00441372580826,0.0016144894762,0.00227796426043,0.00483827851713,0.0013065750245,0.000687124324031,0.000508262019139,0.000379323668312,0.000252876401646,0.000202895374969,0.000157798000146,0.0000812245198176,0.0000620941937086,0.0000442355485575,0.0000126937511595,0.00000654258292343,0.00000566117159906,0.00000803581860964,0.00000415072418036,0.00000248058222496,0.0000020425331968,0.00000163674997111,0.00000154367182859,0.00000148430274294,0.00000145848753164,0.00000284362090497],"dmean2":[0.00274868262932,0.00714688934386,0.0026394308079,0.0035827907268,0.00740925874561,0.00205151271075,0.00106003670953,0.000818481727038,0.000583416956943,0.000383021455491,0.000325140950736,0.000256190338405,0.000132910208777,0.000100487923191,0.0000725854552002,0.0000211058413697,0.0000106069510366,0.00000899154019862,0.0000118727211884,0.0000065366994022,0.00000413695624957,0.00000342547104992,0.00000276785817732,0.00000261595891971,0.0000025164570161,0.00000247070420301,0.00000433658124166],"dvar":[0.0000135730733746,0.0000782766655902,0.00000965674007603,0.0000236076430156,0.000100738790934,0.0000134825895657,0.000005074704859,0.00000268228404821,0.00000181420932677,7.34901902888e-7,6.73850820476e-7,2.1427017316e-7,1.41291238265e-7,2.88145667326e-8,3.27770308672e-8,2.58240340223e-9,2.16475545822e-10,2.09702991083e-10,1.38220135337e-9,2.30309327165e-10,2.84542962109e-11,2.00115445048e-11,1.3793238253e-11,1.252623439e-11,1.15706879841e-11,1.11594899987e-11,3.69798497379e-11],"dvar2":[0.0000315376928484,0.000196813576622,0.0000249770309892,0.0000519946297572,0.000216606989852,0.0000314593562507,0.0000106215238702,0.00000611920859228,0.00000397504027205,0.00000166792210621,0.00000166974496096,5.43235557871e-7,3.59875940603e-7,7.31418552391e-8,8.78505872492e-8,7.51791962017e-9,5.44004674641e-10,4.8103648842e-10,2.72176192695e-9,4.41795017236e-10,7.18869963556e-11,5.04595948358e-11,3.50732706766e-11,3.19515663927e-11,2.95093428859e-11,2.84397175948e-11,7.68256222528e-11],"max":[0.0621128305793,0.200337707996,0.0602615810931,0.148667573929,0.206349819899,0.0921509936452,0.0749296694994,0.0651131048799,0.0460998564959,0.0255058780313,0.0263462010771,0.0127595644444,0.0237658824772,0.00467082858086,0.00677413260564,0.00271756644361,0.000492790248245,0.000631758070085,0.00142629467882,0.00102886615787,0.000161079398822,0.000118742675113,0.00010138383368,0.000097733187431,0.0000932282564463,0.0000921491227928,0.000192324689124],"mean":[0.00395644642413,0.00817607715726,0.00224095699377,0.0033356777858,0.00777334487066,0.00210845679976,0.00110746454448,0.000756032823119,0.0005635425332,0.000362547347322,0.000313907163218,0.000250527664321,0.000123780977447,0.0000986587983789,0.0000698290386936,0.0000183818756341,0.00000873603403306,0.00000758348187446,0.0000119535388876,0.00000550461572857,0.00000257419446825,0.00000210967300518,0.00000156007331498,0.0000013924201312,0.00000132216291604,0.00000133319065299,0.00000500492569699],"median":[0.0011989637278,0.00449801748618,0.000905190594494,0.000843860208988,0.00216200412251,0.00047879331396,0.000259592983639,0.000129118503537,0.0000924565683817,0.0000530365105078,0.0000391895628127,0.0000410699212807,0.0000291858668788,0.0000254561673501,0.0000169617978827,0.00000583058135817,0.00000297970450447,0.00000233343621403,0.00000208052142625,0.00000133528010338,8.28989755064e-7,6.56258862364e-7,4.24616303007e-7,3.07538954303e-7,2.79887814258e-7,3.10932449565e-7,0.00000190349169316],"min":[1.32346170562e-14,1.37085862003e-14,6.95549490264e-15,7.54881522417e-15,7.70039431118e-15,3.38308855485e-15,5.49952539563e-14,7.53393861511e-14,5.42585046987e-14,7.21795670108e-14,7.59194021261e-15,2.65141895391e-14,5.32221768284e-14,5.48575399516e-14,4.37392126912e-14,1.06962385455e-13,1.04817250799e-13,5.47997357127e-13,2.87085513782e-13,2.70816138612e-13,1.36489520315e-13,2.85418444521e-13,7.07168427549e-13,2.45189112069e-12,1.04812621256e-12,3.44465233247e-12,2.35347331901e-12],"var":[0.0000329278991558,0.000124543774291,0.0000145649755723,0.0000554684593226,0.000239684479311,0.000030565821362,0.0000132486438815,0.00000507206277689,0.0000035064090298,0.00000151520362124,0.00000137753227136,3.90259032201e-7,1.63107500839e-7,5.11639264289e-8,5.16103142445e-8,3.54703888483e-9,3.71749575567e-10,3.86932347274e-10,3.56361340437e-9,5.88723403361e-10,2.95827251584e-11,2.16046711771e-11,1.32636982994e-11,1.18492793702e-11,1.09384870953e-11,1.05838445646e-11,1.07779424274e-10]},"barkbands_crest":{"dmean":2.88387584686,"dmean2":4.71510601044,"dvar":5.68375301361,"dvar2":15.1837348938,"max":25.3028621674,"mean":11.8095092773,"median":11.4356889725,"min":3.71098065376,"var":13.1364746094},"barkbands_flatness_db":{"dmean":0.0419701561332,"dmean2":0.0670545697212,"dvar":0.00119559827726,"dvar2":0.003149633063,"max":0.497954010963,"mean":0.258066028357,"median":0.25590467453,"min":0.0572161898017,"var":0.00408089440316},"barkbands_kurtosis":{"dmean":6.94146966934,"dmean2":11.3108291626,"dvar":97.9541091919,"dvar2":250.564910889,"max":368.553222656,"mean":12.9966840744,"median":8.2694568634,"min":-1.86007106304,"var":340.575408936},"barkbands_skewness":{"dmean":0.74314391613,"dmean2":1.19573616982,"dvar":0.488631308079,"dvar2":1.21045517921,"max":15.0897417068,"mean":2.21334791183,"median":2.0233502388,"min":-2.66145563126,"var":2.03380322456},"barkbands_spread":{"dmean":1.93618059158,"dmean2":3.03470468521,"dvar":7.33172750473,"dvar2":16.7277545929,"max":122.941078186,"mean":5.86957788467,"median":4.60145568848,"min":0.352883666754,"var":27.4802455902},"dissonance":{"dmean":0.0353724174201,"dmean2":0.0601188726723,"dvar":0.00105542899109,"dvar2":0.00292104063556,"max":0.500000178814,"mean":0.436985313892,"median":0.446848571301,"min":0.185405358672,"var":0.00193617143668},"dynamic_complexity":5.28019523621,"erbbands":{"dmean":[0.21303832531,0.747532010078,1.54207670689,4.97759580612,10.9509906769,18.4990062714,16.7039432526,9.94192218781,10.129450798,8.55991744995,11.0683937073,8.73897743225,7.01667165756,7.93439292908,7.45312643051,5.85381221771,3.96469759941,2.97004938126,2.86011195183,1.13553440571,0.679338395596,0.355558395386,0.30770021677,0.373396337032,0.36673271656,0.185261517763,0.111661225557,0.0920500829816,0.0749726518989,0.0583535060287,0.0452712289989,0.0342060998082,0.0247135329992,0.0167789049447,0.0104596363381,0.00578901451081,0.00270319869742,0.00099102826789,0.000283825473161,0.0000601486062806],"dmean2":[0.345853805542,1.21359336376,2.53265571594,7.87793254852,17.0695476532,28.1752586365,26.1729755402,15.3634090424,15.4573669434,13.4961996078,17.5962104797,13.4142770767,10.7832536697,12.4153413773,12.2061843872,9.38782024384,6.42379617691,4.81017160416,4.56458425522,1.8106238842,1.12416946888,0.573068380356,0.487880945206,0.570428967476,0.537451326847,0.290165483952,0.184694334865,0.153340607882,0.12557476759,0.098469696939,0.076572149992,0.0579532720149,0.0418965704739,0.0284426342696,0.0177300237119,0.00981327611953,0.00457931682467,0.00166878430173,0.000451588974101,0.0000878407154232],"dvar":[0.184320643544,2.45215535164,8.64131641388,106.266395569,567.396911621,1938.99511719,1982.12402344,858.643371582,1015.97930908,823.490783691,1093.27001953,1067.74267578,624.833190918,695.941345215,805.464050293,298.546661377,338.593475342,77.2380828857,111.626808167,12.5822505951,10.4450454712,0.641300618649,0.578832685947,1.97757863998,3.42374706268,0.35439658165,0.0558967962861,0.0399902276695,0.0267029646784,0.0167952757329,0.0106163956225,0.00615427736193,0.00320772780105,0.00147829926573,0.000574389647227,0.000175970533746,0.0000383788319596,0.0000048747715482,4.34491653323e-7,1.43498457561e-8],"dvar2":[0.470695525408,6.31157207489,22.3172740936,242.224868774,1180.60583496,4133.96533203,4598.171875,1967.09057617,2159.79785156,1711.70141602,2470.72314453,2320.00170898,1516.5456543,1630.26928711,2041.62609863,744.674560547,861.883911133,201.955352783,290.89831543,31.2926292419,30.8466320038,1.57421505451,1.32336688042,3.98339343071,6.46787309647,0.636788070202,0.138505876064,0.1008124277,0.0672394484282,0.04273179546,0.0270007420331,0.0157004706562,0.00818022247404,0.00376975652762,0.00146472745109,0.000448717881227,0.000097857475339,0.0000123736781461,9.1265667379e-7,2.91487296522e-8],"max":[7.53269338608,36.7948913574,62.5910491943,282.045776367,553.163085938,1158.88708496,912.676513672,1044.30529785,1284.77368164,1083.07397461,1482.95605469,1126.75793457,982.858154297,783.131713867,1110.33984375,495.162872314,1140.97033691,246.617828369,401.97555542,153.669082642,187.374130249,28.713142395,42.6535949707,57.458442688,76.6569061279,29.9995574951,7.51181077957,5.84695482254,4.31546258926,3.31223893166,2.83652329445,2.18513202667,1.55516588688,1.05392360687,0.657023787498,0.364181429148,0.171707853675,0.0593031086028,0.0231031533331,0.0039069862105],"mean":[0.437309443951,1.07323384285,2.36070966721,7.74247455597,16.9296092987,27.5137290955,25.714471817,16.2579193115,16.951171875,14.2045764923,17.1836566925,13.0803956985,10.7164669037,12.4116315842,12.7306919098,9.7100353241,6.33888959885,5.06057453156,4.65414333344,1.95304429531,1.00998234749,0.508612215519,0.422482639551,0.545065224171,0.550558447838,0.255767405033,0.121871121228,0.0956944897771,0.0777461007237,0.0575151927769,0.0429045632482,0.03128727898,0.0221321117133,0.0149719370529,0.00933518633246,0.00518245669082,0.00248683104292,0.000988443964161,0.000378655706299,0.000154994937475],"median":[0.178717404604,0.542627513409,1.09910142422,2.44183325768,5.14958715439,6.64532279968,4.93395328522,3.93485474586,4.07630157471,3.09180760384,3.24201655388,2.3646261692,1.8240622282,1.92775595188,1.98516833782,1.79167735577,1.51056754589,1.31229126453,1.28742158413,0.606648802757,0.31211823225,0.175807327032,0.135797351599,0.118439771235,0.0936439335346,0.0638769194484,0.0393969044089,0.0301527678967,0.0242205262184,0.0168202947825,0.0115174278617,0.0073260422796,0.00478640338406,0.00319205760024,0.00198444188572,0.00111542921513,0.000594937882852,0.000293661956675,0.000126420185552,0.000082824320998],"min":[5.91170775527e-13,2.46308160499e-12,7.12560479371e-12,1.86555632053e-11,2.87710445745e-11,2.36663952324e-11,1.19623408401e-11,4.64193614103e-11,4.43375780534e-10,1.47541401319e-9,1.36617595015e-9,9.97936400182e-10,2.89002510812e-9,9.78884306946e-10,2.85471729589e-10,1.26781340981e-9,2.27842966716e-9,2.76652278863e-9,2.16546713894e-9,3.35078609304e-9,6.33766772395e-9,7.30130489401e-9,3.04759097958e-8,1.61799533771e-8,1.54587596057e-8,1.3298898871e-8,6.02699934404e-9,6.43506270492e-9,1.05315347554e-8,1.41053213554e-8,2.25485283778e-8,5.00693957406e-8,3.7728117519e-8,1.48660559418e-8,5.915013368e-9,1.09404485471e-8,6.91762913618e-9,1.84866544295e-9,3.55711821109e-10,3.29505450702e-11],"var":[0.359660327435,3.1369972229,13.2762956619,248.509902954,1248.91638184,4200.74609375,4152.65185547,2007.98266602,2828.46118164,1840.14892578,2304.65063477,1909.68286133,1179.48754883,1458.42993164,1698.47814941,572.285461426,399.202758789,147.741577148,171.535003662,22.3504600525,14.4639472961,1.2706193924,1.08040189743,4.88338279724,8.9005022049,1.02309048176,0.0660147815943,0.0424250848591,0.0292168874294,0.0166201516986,0.0101758893579,0.00582306226715,0.00303527223878,0.00139836990274,0.000543382891919,0.000166551792063,0.0000363889448636,0.00000486850422021,9.77315607997e-7,5.60758266488e-8]},"erbbands_crest":{"dmean":3.22271537781,"dmean2":5.28220510483,"dvar":7.63555812836,"dvar2":19.5116786957,"max":32.1808815002,"mean":10.9682245255,"median":10.0913362503,"min":2.01705145836,"var":19.4743518829},"erbbands_flatness_db":{"dmean":0.040827345103,"dmean2":0.0656318813562,"dvar":0.00113624858204,"dvar2":0.00299848034047,"max":0.423147380352,"mean":0.210942313075,"median":0.208427831531,"min":0.0269383136183,"var":0.0031483208295},"erbbands_kurtosis":{"dmean":2.0357632637,"dmean2":3.29442024231,"dvar":7.34660863876,"dvar2":18.0800304413,"max":71.4522247314,"mean":2.48583030701,"median":1.20233249664,"min":-1.78627002239,"var":19.9256782532},"erbbands_skewness":{"dmean":0.523616790771,"dmean2":0.821356713772,"dvar":0.206198975444,"dvar2":0.500780761242,"max":6.6064491272,"mean":0.859637141228,"median":0.869787096977,"min":-3.37364649773,"var":1.02603387833},"erbbands_spread":{"dmean":5.55907201767,"dmean2":8.80499839783,"dvar":30.6818962097,"dvar2":71.0183944702,"max":154.261291504,"mean":20.7499656677,"median":18.7058067322,"min":0.914819538593,"var":140.88722229},"gfcc":{"cov":[[8656.89257812,254.290466309,-356.064544678,-437.776977539,-258.92565918,36.5420951843,-259.92388916,-102.62121582,-265.425048828,90.3943328857,-14.159532547,-133.908294678,47.3997001648],[254.290466309,1183.2208252,52.657459259,-281.038970947,84.0762786865,-77.2880706787,96.0424346924,-186.413833618,77.6128768921,-53.147808075,61.0025482178,-82.0327606201,10.4912700653],[-356.064544678,52.657459259,457.686981201,154.642303467,-150.305603027,77.6322784424,-70.9415435791,88.9043121338,-38.0540161133,38.6506843567,-35.8587493896,-2.32062339783,-15.148645401],[-437.776977539,-281.038970947,154.642303467,335.603027344,92.7394638062,-16.0119953156,25.7504520416,79.8988952637,7.07818031311,-4.77031803131,-26.1479034424,22.3790302277,-24.6869277954],[-258.92565918,84.0762786865,-150.305603027,92.7394638062,329.021331787,65.003616333,140.267333984,-59.0083999634,34.1839599609,-51.9962043762,41.1760864258,3.88207530975,13.2533874512],[36.5420951843,-77.2880706787,77.6322784424,-16.0119953156,65.003616333,301.467956543,54.175453186,37.7616691589,-84.4990921021,-7.59733581543,-6.22353696823,28.5394458771,18.8784618378],[-259.92388916,96.0424346924,-70.9415435791,25.7504520416,140.267333984,54.175453186,208.895187378,26.0877990723,25.8271541595,-69.1284637451,8.60982513428,17.0881576538,9.92558956146],[-102.62121582,-186.413833618,88.9043121338,79.8988952637,-59.0083999634,37.7616691589,26.0877990723,159.968383789,29.2795524597,26.2801704407,-12.3607721329,29.5558605194,10.8120212555],[-265.425048828,77.6128768921,-38.0540161133,7.07818031311,34.1839599609,-84.4990921021,25.8271541595,29.2795524597,139.297607422,65.4885482788,42.9378967285,8.57406902313,5.71095514297],[90.3943328857,-53.147808075,38.6506843567,-4.77031803131,-51.9962043762,-7.59733581543,-69.1284637451,26.2801704407,65.4885482788,129.30241394,63.4689407349,14.6874113083,-0.0010886156233],[-14.159532547,61.0025482178,-35.8587493896,-26.1479034424,41.1760864258,-6.22353696823,8.60982513428,-12.3607721329,42.9378967285,63.4689407349,96.8586044312,45.6509552002,17.9695549011],[-133.908294678,-82.0327606201,-2.32062339783,22.3790302277,3.88207530975,28.5394458771,17.0881576538,29.5558605194,8.57406902313,14.6874113083,45.6509552002,91.4512252808,45.9390602112],[47.3997001648,10.4912700653,-15.148645401,-24.6869277954,13.2533874512,18.8784618378,9.92558956146,10.8120212555,5.71095514297,-0.0010886156233,17.9695549011,45.9390602112,75.7488708496]],"icov":[[0.000221712034545,-0.000670310168061,0.00138182635419,-0.0012607407989,0.00100701779593,-0.000562991248444,0.000267193128821,-0.000449225219199,0.00111582840327,-0.000925232132431,-0.00000382040616387,0.000685827515554,-0.000686370360199],[-0.000670310168061,0.00806012190878,-0.0169746894389,0.0220075715333,-0.0194767657667,0.0143405823037,-0.00609405664727,0.000601686304435,0.00294917495921,-0.00625975104049,0.0107170445845,-0.0105358390138,0.00725199701265],[0.00138182635419,-0.0169746894389,0.0563486516476,-0.0823834165931,0.0863188654184,-0.0653080493212,0.0236201975495,0.0154260825366,-0.0465321056545,0.067943520844,-0.0805504396558,0.0678130611777,-0.0367256887257],[-0.0012607407989,0.0220075715333,-0.0823834165931,0.135855168104,-0.146070167422,0.111147142947,-0.0381712503731,-0.0364626422524,0.0952559411526,-0.134449392557,0.151773065329,-0.12266484648,0.0648079589009],[0.00100701779593,-0.0194767657667,0.0863188654184,-0.146070167422,0.168542921543,-0.126805990934,0.0404178202152,0.0472649000585,-0.119709908962,0.166352182627,-0.182634428144,0.143950417638,-0.0731511488557],[-0.000562991248444,0.0143405823037,-0.0653080493212,0.111147142947,-0.126805990934,0.10262234509,-0.0362632386386,-0.0361940264702,0.0991627499461,-0.134524658322,0.142213180661,-0.110820263624,0.0540512315929],[0.000267193128821,-0.00609405664727,0.0236201975495,-0.0381712503731,0.0404178202152,-0.0362632386386,0.0251575671136,0.00609801430255,-0.0370157435536,0.055878598243,-0.0533187761903,0.0370923355222,-0.0162956621498],[-0.000449225219199,0.000601686304435,0.0154260825366,-0.0364626422524,0.0472649000585,-0.0361940264702,0.00609801430255,0.0309423133731,-0.0467678532004,0.053578030318,-0.0530074089766,0.0403545424342,-0.0214376300573],[0.00111582840327,0.00294917495921,-0.0465321056545,0.0952559411526,-0.119709908962,0.0991627499461,-0.0370157435536,-0.0467678532004,0.130675420165,-0.16404697299,0.15455237031,-0.112162820995,0.0498936064541],[-0.000925232132431,-0.00625975104049,0.067943520844,-0.134449392557,0.166352182627,-0.134524658322,0.055878598243,0.053578030318,-0.16404697299,0.236257880926,-0.230593323708,0.163122624159,-0.0711866244674],[-0.00000382040616387,0.0107170445845,-0.0805504396558,0.151773065329,-0.182634428144,0.142213180661,-0.0533187761903,-0.0530074089766,0.15455237031,-0.230593323708,0.253875553608,-0.185168668628,0.0833540260792],[0.000685827515554,-0.0105358390138,0.0678130611777,-0.12266484648,0.143950417638,-0.110820263624,0.0370923355222,0.0403545424342,-0.112162820995,0.163122624159,-0.185168668628,0.15823289752,-0.0771502703428],[-0.000686370360199,0.00725199701265,-0.0367256887257,0.0648079589009,-0.0731511488557,0.0540512315929,-0.0162956621498,-0.0214376300573,0.0498936064541,-0.0711866244674,0.0833540260792,-0.0771502703428,0.0541790127754]],"mean":[-118.571273804,158.727600098,-64.8064956665,1.57221198082,-28.4710903168,1.89213860035,-19.6907978058,-10.0811061859,-14.1387252808,-2.24691152573,-7.29655408859,-3.56454873085,-6.92619943619]},"hfc":{"dmean":2.49650239944,"dmean2":3.64696788788,"dvar":15.4352445602,"dvar2":32.3391914368,"max":88.2676239014,"mean":7.13274240494,"median":3.90551519394,"min":1.42776940493e-7,"var":71.4396896362},"melbands":{"dmean":[0.00152678450104,0.000792603648733,0.000952424888965,0.00104254821781,0.000658872013446,0.000223086681217,0.000149808707647,0.0000964330538409,0.0000885490808287,0.0000527856136614,0.0000357193493983,0.0000334435353579,0.0000282884539047,0.0000187109362741,0.0000129844029289,0.00000673986187394,0.00000580983441978,0.00000496865550303,0.0000027917449188,8.97517452358e-7,7.80363905051e-7,3.66431777366e-7,3.43739031905e-7,2.61802512114e-7,3.16211554718e-7,3.19785954161e-7,2.07463344282e-7,1.08230857165e-7,7.18162311841e-8,5.97448419626e-8,5.16058094036e-8,4.38403766623e-8,3.65578536332e-8,3.09431378298e-8,2.65427093638e-8,2.30723440353e-8,2.00498124769e-8,1.75843908323e-8,1.54788786233e-8,1.36928770544e-8],"dmean2":[0.00244969851337,0.00128858699463,0.00148724275641,0.00160340184812,0.00100795854814,0.000346134009305,0.000228104705457,0.000152539825649,0.000139404335641,0.0000813129590824,0.0000551309385628,0.0000524226634298,0.0000459366929135,0.0000305239627778,0.0000211507085623,0.0000110072205644,0.00000947351145442,0.00000796257609181,0.00000457322721559,0.00000147201683376,0.00000130863384129,5.93857862441e-7,5.55713370431e-7,4.19084983605e-7,4.91709784001e-7,4.77769390272e-7,3.18425634305e-7,1.72564156742e-7,1.19495695117e-7,9.95988855834e-8,8.61413980147e-8,7.33646174922e-8,6.14609234617e-8,5.22857419583e-8,4.48963959343e-8,3.90590813026e-8,3.3982409775e-8,2.98115736541e-8,2.62420503105e-8,2.32114203413e-8],"dvar":[0.0000093854014267,0.00000232807542488,0.00000352694382855,0.00000483363646708,0.00000285052942672,4.09185815897e-7,2.23896307716e-7,1.0250171556e-7,7.50148458906e-8,3.72109738578e-8,1.61651350084e-8,1.31109354484e-8,1.30913839769e-8,3.32786909141e-9,2.11931205918e-9,7.13199055369e-10,2.82287582198e-10,2.86178858389e-10,1.06196176852e-10,7.42852827862e-12,1.52280653365e-11,6.38327769548e-13,1.05656932856e-12,4.24966729558e-13,1.59197741795e-12,2.68117277512e-12,1.25837144524e-12,9.01036854178e-14,2.30066938672e-14,1.65216707096e-14,1.27078828417e-14,9.09871780512e-15,6.41740367037e-15,4.77424572654e-15,3.64776136339e-15,2.78275967096e-15,2.11615659993e-15,1.62432130751e-15,1.25780517492e-15,9.84549487395e-16],"dvar2":[0.0000231254580285,0.00000588704824622,0.00000770873975853,0.0000102216718005,0.0000064543028202,9.32390378239e-7,4.66726561399e-7,2.17655738766e-7,1.67903323245e-7,8.2831881798e-8,3.91547381184e-8,3.04770075843e-8,3.28048912479e-8,8.53509973808e-9,5.39648725706e-9,1.84186232932e-9,7.34813765391e-10,7.25821791558e-10,2.7501020905e-10,1.98505014509e-11,4.48615589121e-11,1.55470666723e-12,2.61253735659e-12,9.67008374417e-13,3.37553227557e-12,5.50510114924e-12,2.56283167431e-12,1.78598279286e-13,5.76612122307e-14,4.16640870025e-14,3.20563108664e-14,2.28088947333e-14,1.63215879749e-14,1.21556266775e-14,9.26739509921e-15,7.09685919582e-15,5.39795674319e-15,4.14268567909e-15,3.20732011269e-15,2.51071788753e-15],"max":[0.0636350139976,0.0358519926667,0.0492442250252,0.0561632923782,0.0379556827247,0.0208673849702,0.0180351454765,0.0141649683937,0.0132930250838,0.00621299212798,0.00476485304534,0.00356631213799,0.00415737368166,0.00178241729736,0.00229665148072,0.00145287823398,0.000458204332972,0.000593244854826,0.000351204827894,0.000101987156086,0.000226152944379,0.0000240435347223,0.0000616148099652,0.0000252225981967,0.0000545880575373,0.0000703200566932,0.0000600005841989,0.0000137119886858,0.00000477260573462,0.00000382676398658,0.00000327400653077,0.00000255355621448,0.00000201583497983,0.00000178561322173,0.00000166591973993,0.00000147501123138,0.00000127615510337,0.00000110626081096,9.72090219875e-7,8.60019042648e-7],"mean":[0.00323023181409,0.00128089764621,0.00156961800531,0.00164244615007,0.00101798132528,0.000367239612387,0.000251852528891,0.000156417547259,0.000135958194733,0.0000772855128162,0.0000527061820321,0.0000501292888657,0.0000455458030046,0.0000300191532006,0.0000196373111976,0.0000106881325337,0.00000925391941564,0.00000771503528085,0.00000448566242994,0.00000135313905503,0.00000109361576506,4.81367408156e-7,4.63599917566e-7,3.43247563706e-7,4.48807099929e-7,4.60841192762e-7,2.97713171449e-7,1.38419977702e-7,7.69222125996e-8,6.09851937838e-8,5.3551772794e-8,4.57282816058e-8,3.65343986175e-8,3.00642142292e-8,2.51846987709e-8,2.14884803285e-8,1.81227051144e-8,1.57292809888e-8,1.38076812206e-8,1.22002630221e-8],"median":[0.00153940159362,0.000656612450257,0.000522649846971,0.000466807890916,0.000198871493922,0.0000886213747435,0.0000601993742748,0.0000310885880026,0.0000251889996434,0.0000126295208247,0.00000818592798169,0.0000074108802437,0.00000637789389657,0.00000477171761304,0.00000396600898966,0.00000261001696344,0.00000226982160711,0.00000207745847547,0.00000109699271889,4.86620649554e-7,2.97405534866e-7,1.67598017242e-7,1.42781104273e-7,1.05074754231e-7,9.29903123392e-8,7.40733696603e-8,5.518338142e-8,3.75915405471e-8,2.48003892978e-8,1.92913010011e-8,1.67676681428e-8,1.42012863691e-8,1.09269508997e-8,8.55150350532e-9,6.77877487476e-9,5.46053069428e-9,4.01957445106e-9,3.37638472736e-9,2.93787061345e-9,2.58534305075e-9],"min":[5.17166553858e-15,3.60084802009e-15,3.58871003796e-15,1.97039345289e-15,5.10507710222e-16,9.9934037672e-16,8.0641712451e-15,1.70184030171e-14,9.56649513838e-15,7.35577133329e-15,1.47226896202e-14,4.27686035662e-15,9.14329820793e-16,2.03675509618e-15,3.3945662748e-15,6.49845286496e-15,5.06931558295e-15,3.77998659459e-15,3.59430469058e-15,5.30916990262e-15,7.37561308008e-15,5.37372186002e-15,1.38917689336e-14,3.55720837443e-14,9.47804711099e-15,1.21481304359e-14,9.71674353663e-15,8.88143945459e-15,4.03049955336e-15,2.46586071671e-15,4.2615786117e-15,5.8348876776e-15,5.62264578497e-15,9.27629148625e-15,8.39842823378e-15,2.77515725379e-14,2.97761523825e-14,2.38919805164e-14,2.31587125643e-14,9.16478552798e-15],"var":[0.0000184830059879,0.00000361420416084,0.00000866499885888,0.0000113190517368,0.00000629250280326,9.78088792181e-7,6.29707756161e-7,2.18234859517e-7,1.57300092951e-7,6.64868551326e-8,3.05710976534e-8,2.64952415563e-8,2.67474291604e-8,5.9717066847e-9,2.90516966039e-9,9.88491510867e-10,5.13815601177e-10,4.32264612993e-10,1.90022733659e-10,9.93983107628e-12,2.07479363551e-11,1.03475572295e-12,1.69220616252e-12,7.98244825274e-13,3.59364859918e-12,6.33552411922e-12,2.87884863517e-12,2.10666824697e-13,2.58600327702e-14,1.70771125648e-14,1.35976841766e-14,1.02506521202e-14,6.56847199651e-15,4.6610643371e-15,3.50437244971e-15,2.64086407636e-15,2.00092983767e-15,1.53656223555e-15,1.18980314645e-15,9.31026640128e-16]},"melbands_crest":{"dmean":3.78868198395,"dmean2":6.17528820038,"dvar":10.598074913,"dvar2":26.6252708435,"max":38.6022872925,"mean":18.8483753204,"median":17.2210845947,"min":2.33530974388,"var":52.898223877},"melbands_flatness_db":{"dmean":0.0494405664504,"dmean2":0.0790456756949,"dvar":0.00163607893046,"dvar2":0.00433524372056,"max":0.6438549757,"mean":0.386348813772,"median":0.385996341705,"min":0.00693015009165,"var":0.00557325687259},"melbands_kurtosis":{"dmean":10.5929450989,"dmean2":17.2160682678,"dvar":665.9453125,"dvar2":1789.2545166,"max":2012.07324219,"mean":21.6989784241,"median":11.7629346848,"min":-1.76036643982,"var":3046.31176758},"melbands_skewness":{"dmean":0.835792958736,"dmean2":1.32968604565,"dvar":0.73028922081,"dvar2":1.757168293,"max":36.3686637878,"mean":2.92139530182,"median":2.57594060898,"min":-1.84934127331,"var":4.18150424957},"melbands_spread":{"dmean":2.0924706459,"dmean2":3.31054759026,"dvar":10.767203331,"dvar2":25.4266357422,"max":225.162033081,"mean":6.26256561279,"median":4.57483720779,"min":0.175850793719,"var":79.5289154053},"mfcc":{"cov":[[6050.56396484,402.339538574,-479.979553223,-194.26701355,-281.900054932,57.42918396,-67.1527404785,-174.821685791,-181.679779053,-18.4265727997,-29.0169887543,-87.274887085,-80.2257995605],[402.339538574,1209.57165527,28.8914432526,-218.715560913,-43.1362953186,43.6487808228,3.17351484299,-98.9777679443,-66.5495986938,15.6857118607,17.764043808,-29.491853714,-23.9582939148],[-479.979553223,28.8914432526,572.448730469,37.1356506348,-18.5583972931,-60.2788848877,-35.9324989319,-12.3663415909,18.8955287933,4.47032690048,11.1741781235,30.7081432343,-38.3564529419],[-194.26701355,-218.715560913,37.1356506348,333.491485596,72.2395553589,-54.2356987,-28.7150650024,29.362663269,27.4274578094,34.2362861633,30.7434196472,-10.9638261795,8.37672996521],[-281.900054932,-43.1362953186,-18.5583972931,72.2395553589,150.627609253,82.8778991699,40.0492630005,16.7360115051,7.11061239243,3.30517053604,6.5306429863,13.8416032791,18.6882228851],[57.42918396,43.6487808228,-60.2788848877,-54.2356987,82.8778991699,184.005355835,123.116638184,38.2457046509,-1.69913315773,-18.2552528381,-15.1676073074,6.83881044388,10.4472618103],[-67.1527404785,3.17351484299,-35.9324989319,-28.7150650024,40.0492630005,123.116638184,180.395233154,121.08769989,28.806427002,-22.1979122162,-24.6240596771,-5.10638189316,4.54139518738],[-174.821685791,-98.9777679443,-12.3663415909,29.362663269,16.7360115051,38.2457046509,121.08769989,165.314376831,81.3139648438,-11.6745004654,-23.3019237518,-6.96167135239,4.13607692719],[-181.679779053,-66.5495986938,18.8955287933,27.4274578094,7.11061239243,-1.69913315773,28.806427002,81.3139648438,91.7629013062,31.1913700104,-3.52778458595,-0.477781176567,1.96814620495],[-18.4265727997,15.6857118607,4.47032690048,34.2362861633,3.30517053604,-18.2552528381,-22.1979122162,-11.6745004654,31.1913700104,76.3000946045,47.4466819763,0.76055675745,0.978866755962],[-29.0169887543,17.764043808,11.1741781235,30.7434196472,6.5306429863,-15.1676073074,-24.6240596771,-23.3019237518,-3.52778458595,47.4466819763,78.2629928589,44.7756538391,11.8146896362],[-87.274887085,-29.491853714,30.7081432343,-10.9638261795,13.8416032791,6.83881044388,-5.10638189316,-6.96167135239,-0.477781176567,0.76055675745,44.7756538391,93.7587738037,51.256690979],[-80.2257995605,-23.9582939148,-38.3564529419,8.37672996521,18.6882228851,10.4472618103,4.54139518738,4.13607692719,1.96814620495,0.978866755962,11.8146896362,51.256690979,77.7146911621]],"icov":[[0.000246237934334,-0.0000749506434659,0.000236583131482,-0.000229096796829,0.000796025502495,-0.000717066577636,0.000633507559542,-0.000627226603683,0.00110111979302,-0.0010167065775,0.000984865473583,-0.000769484962802,0.000616592238657],[-0.0000749506434659,0.00111736927647,-0.000305293739075,0.0008939273539,-0.000331197777996,0.000378535100026,-0.00105667149182,0.00144593499135,-0.000870737829246,0.00106680800673,-0.00214054179378,0.00213546259329,-0.00104079698212],[0.000236583131482,-0.000305293739075,0.00250349054113,-0.00087877974147,0.000749811413698,0.000294547644444,-0.0000510903482791,0.0000486804165121,0.000634617987089,-0.00203597056679,0.00349314976484,-0.00466438801959,0.00381584768184],[-0.000229096796829,0.0008939273539,-0.00087877974147,0.00590582098812,-0.0047145979479,0.00340246479027,-0.000198293360882,-0.00079394178465,-0.00113806396257,0.00237818364985,-0.0063189920038,0.0063448199071,-0.00352624547668],[0.000796025502495,-0.000331197777996,0.000749811413698,-0.0047145979479,0.0153230549768,-0.0109050776809,0.00503179291263,-0.00292625417933,0.00378529774025,-0.00426839478314,0.00453813793138,-0.0044854497537,0.00146716227755],[-0.000717066577636,0.000378535100026,0.000294547644444,0.00340246479027,-0.0109050776809,0.022674228996,-0.0211321208626,0.0159296113998,-0.0116221224889,0.00887848157436,-0.00602068146691,0.0037029508967,-0.00222803582437],[0.000633507559542,-0.00105667149182,-0.0000510903482791,-0.000198293360882,0.00503179291263,-0.0211321208626,0.0394932292402,-0.0386085659266,0.0291323252022,-0.0208881944418,0.015725966543,-0.0097315153107,0.00525509519503],[-0.000627226603683,0.00144593499135,0.0000486804165121,-0.00079394178465,-0.00292625417933,0.0159296113998,-0.0386085659266,0.0570502430201,-0.0526386909187,0.0410677976906,-0.029393998906,0.0202922802418,-0.010409292765],[0.00110111979302,-0.000870737829246,0.000634617987089,-0.00113806396257,0.00378529774025,-0.0116221224889,0.0291323252022,-0.0526386909187,0.0715942904353,-0.0606506839395,0.0480751805007,-0.032569527626,0.0161786731333],[-0.0010167065775,0.00106680800673,-0.00203597056679,0.00237818364985,-0.00426839478314,0.00887848157436,-0.0208881944418,0.0410677976906,-0.0606506839395,0.0819448977709,-0.0693328678608,0.0469633862376,-0.0230444390327],[0.000984865473583,-0.00214054179378,0.00349314976484,-0.0063189920038,0.00453813793138,-0.00602068146691,0.015725966543,-0.029393998906,0.0480751805007,-0.0693328678608,0.0830461233854,-0.057343211025,0.0279767028987],[-0.000769484962802,0.00213546259329,-0.00466438801959,0.0063448199071,-0.0044854497537,0.0037029508967,-0.0097315153107,0.0202922802418,-0.032569527626,0.0469633862376,-0.057343211025,0.0592289753258,-0.0331659726799],[0.000616592238657,-0.00104079698212,0.00381584768184,-0.00352624547668,0.00146716227755,-0.00222803582437,0.00525509519503,-0.010409292765,0.0161786731333,-0.0230444390327,0.0279767028987,-0.0331659726799,0.0331421941519]],"mean":[-783.195800781,205.877731323,24.4349441528,18.5828495026,11.6003065109,14.1310844421,6.08926582336,-0.0255232807249,-2.84295701981,2.68016910553,1.28982794285,-3.08787155151,-0.5302978158]},"pitch_salience":{"dmean":0.0842753052711,"dmean2":0.137947738171,"dvar":0.00514221843332,"dvar2":0.0134486183524,"max":0.857358038425,"mean":0.526614248753,"median":0.545948565006,"min":0.071465395391,"var":0.0210177730769},"silence_rate_20dB":{"dmean":0,"dmean2":0,"dvar":0,"dvar2":0,"max":1,"mean":1,"median":1,"min":1,"var":0},"silence_rate_30dB":{"dmean":0.0217666942626,"dmean2":0.0435379892588,"dvar":0.0212922785431,"dvar2":0.0519962012768,"max":1,"mean":0.972213447094,"median":1,"min":0,"var":0.0270168408751},"silence_rate_60dB":{"dmean":0.0211327131838,"dmean2":0.0422698929906,"dvar":0.0206855237484,"dvar2":0.0478860884905,"max":1,"mean":0.133861601353,"median":0,"min":0,"var":0.115952469409},"spectral_centroid":{"dmean":88.2272262573,"dmean2":135.518844604,"dvar":16176.0830078,"dvar2":31750.2753906,"max":4246.74316406,"mean":430.024597168,"median":360.708099365,"min":147.531951904,"var":99850.7734375},"spectral_complexity":{"dmean":1.76690614223,"dmean2":2.87287330627,"dvar":2.86639738083,"dvar2":6.72461032867,"max":27,"mean":8.37728500366,"median":8,"min":0,"var":21.1366214752},"spectral_contrast_coeffs":{"dmean":[0.057059802115,0.046898715198,0.0384337641299,0.0328559987247,0.0313806459308,0.0244814790785],"dmean2":[0.0921481251717,0.0776709169149,0.0632285997272,0.0532626472414,0.0509662590921,0.0416212901473],"dvar":[0.00211516930722,0.00140111159999,0.000946801621467,0.000727287842892,0.000629216432571,0.000977034447715],"dvar2":[0.00538511201739,0.00378891802393,0.00253890478052,0.00191540084779,0.00163834262639,0.00252244039439],"max":[-0.316428601742,-0.433406680822,-0.544799625874,-0.582214653492,-0.674894690514,-0.55567419529],"mean":[-0.663380384445,-0.769759297371,-0.808856725693,-0.826695084572,-0.875981092453,-0.837552905083],"median":[-0.671460926533,-0.778500914574,-0.818931996822,-0.831567406654,-0.877056717873,-0.850290358067],"min":[-0.970758676529,-0.963648319244,-0.968588709831,-0.97724378109,-0.966297745705,-0.94146168232],"var":[0.0103843547404,0.00498026609421,0.00362690770999,0.00309575512074,0.00211660587229,0.00141051062383]},"spectral_contrast_valleys":{"dmean":[0.357827812433,0.36856931448,0.361463814974,0.38841354847,0.613563716412,0.901307761669],"dmean2":[0.591987431049,0.596993625164,0.569853901863,0.607899963856,0.977423369884,1.46209478378],"dvar":[0.0823338553309,0.0872585251927,0.0890280231833,0.118337392807,0.268066495657,0.557600796223],"dvar2":[0.216220840812,0.222541823983,0.219190061092,0.293152362108,0.715583026409,1.5757060051],"max":[-4.94433498383,-4.35072374344,-5.37468528748,-6.30889797211,-6.36533308029,-8.75794792175],"mean":[-6.88225364685,-6.92436218262,-7.82387065887,-8.60336685181,-9.18831443787,-11.852560997],"median":[-6.72981071472,-6.83234548569,-7.75798034668,-8.46101093292,-9.14002609253,-11.7564506531],"min":[-18.5105895996,-18.1202144623,-18.184387207,-17.7584266663,-17.1022434235,-18.199924469],"var":[0.987729668617,1.15571415424,1.0863019228,0.975687146187,0.98828291893,1.37756311893]},"spectral_decrease":{"dmean":2.89165225098e-9,"dmean2":4.38518821255e-9,"dvar":1.81606593587e-17,"dvar2":4.04870664567e-17,"max":2.0193313439e-17,"mean":-8.12663625283e-9,"median":-5.98316551859e-9,"min":-7.14971548632e-8,"var":6.54200867554e-17},"spectral_energy":{"dmean":0.011104167439,"dmean2":0.016828097403,"dvar":0.000267066003289,"dvar2":0.000594354351051,"max":0.277851372957,"mean":0.0313186496496,"median":0.0230823531747,"min":1.27026921967e-11,"var":0.000971720146481},"spectral_energyband_high":{"dmean":0.0000140820557135,"dmean2":0.0000233609116549,"dvar":9.26704768478e-10,"dvar2":2.30810992541e-9,"max":0.000922937062569,"mean":0.0000152689353854,"median":0.00000482674886371,"min":1.04988179608e-11,"var":1.0800694783e-9},"spectral_energyband_low":{"dmean":0.00653081154451,"dmean2":0.0103172799572,"dvar":0.000135348134791,"dvar2":0.000317402445944,"max":0.238060966134,"mean":0.0155136669055,"median":0.0100666172802,"min":3.10404235952e-14,"var":0.000315131008392},"spectral_energyband_middle_high":{"dmean":0.00055430829525,"dmean2":0.000833233236335,"dvar":0.00000219827688852,"dvar2":0.00000500975829709,"max":0.0469865910709,"mean":0.0012117853621,"median":0.000352797971573,"min":1.40839651139e-12,"var":0.00000651004802421},"spectral_energyband_middle_low":{"dmean":0.00720711098984,"dmean2":0.0107828108594,"dvar":0.000152055377839,"dvar2":0.00031845716876,"max":0.272983938456,"mean":0.015745555982,"median":0.00647502811626,"min":2.39562628632e-13,"var":0.000514996703714},"spectral_entropy":{"dmean":0.392992198467,"dmean2":0.627310931683,"dvar":0.111016072333,"dvar2":0.286999732256,"max":9.04997730255,"mean":6.5552816391,"median":6.5305519104,"min":4.78765535355,"var":0.304127663374},"spectral_flux":{"dmean":0.0226183068007,"dmean2":0.0375720001757,"dvar":0.000720194424503,"dvar2":0.00184328097384,"max":0.379759222269,"mean":0.0776545554399,"median":0.0693302899599,"min":0.0000193921532627,"var":0.00242223334499},"spectral_kurtosis":{"dmean":13.1045608521,"dmean2":21.6885623932,"dvar":219.343688965,"dvar2":585.573425293,"max":165.349975586,"mean":25.129743576,"median":19.7881412506,"min":0.739531755447,"var":327.526519775},"spectral_rms":{"dmean":0.000883271277416,"dmean2":0.00132068165112,"dvar":9.57472707341e-7,"dvar2":0.00000200539216166,"max":0.0164643395692,"mean":0.0048510809429,"median":0.00474545778707,"min":1.11323267049e-7,"var":0.00000702176703271},"spectral_rolloff":{"dmean":109.054840088,"dmean2":187.166152954,"dvar":50533.9765625,"dvar2":106095.546875,"max":18776.953125,"mean":402.174621582,"median":279.931640625,"min":43.06640625,"var":924661.8125},"spectral_skewness":{"dmean":0.873424649239,"dmean2":1.40855777264,"dvar":0.694297850132,"dvar2":1.86213922501,"max":10.0876350403,"mean":3.6812441349,"median":3.51175928116,"min":0.896102190018,"var":1.50935792923},"spectral_spread":{"dmean":876515.75,"dmean2":1438244.5,"dvar":559204859904,"dvar2":1502772854780,"max":17256100,"mean":2717417.5,"median":2568738,"min":579541.1875,"var":1353993027580},"spectral_strongpeak":{"dmean":0.27237445116,"dmean2":0.448440372944,"dvar":0.186085656285,"dvar2":0.449431866407,"max":5.44191551208,"mean":0.472725182772,"median":0.220084279776,"min":0,"var":0.396582484245},"zerocrossingrate":{"dmean":0.00256383768283,"dmean2":0.00324242888018,"dvar":0.0000111229055619,"dvar2":0.0000127051480376,"max":0.51220703125,"mean":0.0149972243235,"median":0.01220703125,"min":0.00146484375,"var":0.000719794014003}},"metadata":{"audio_properties":{"analysis_sample_rate":44100,"bit_rate":139611,"codec":"mp3","downmix":"mix","equal_loudness":0,"length":219.743103027,"lossless":false,"md5_encoded":"23789ed5b185a87e9a08ead549d34f9b","replay_gain":-2.26890563965,"sample_rate":44100},"tags":{"album":["The Complete Columbia Album Collection"],"albumartist":["Johnny Cash"],"albumartistsort":["Cash, Johnny"],"artist":["Johnny Cash"],"artists":["Johnny Cash"],"artistsort":["Cash, Johnny"],"asin":["B008DDC874"],"barcode":["886979104723"],"catalognumber":["88697910472"],"date":["2012-12-04"],"discnumber":["15/63"],"file_name":"11 - The Streets of Laredo.mp3","isrc":["USSM16501269"],"label":["Columbia","Legacy"],"media":["CD"],"musicbrainz album release country":["US"],"musicbrainz album status":["official"],"musicbrainz album type":["album","compilation"],"musicbrainz release track id":["6c23b8e5-1e62-3bf5-86e5-de4c0dbb84ab"],"musicbrainz_albumartistid":["d43d12a1-2dc9-4257-a2fd-0a3bb1081b86"],"musicbrainz_albumid":["de36c451-000c-4488-9375-b6d40b6636e5"],"musicbrainz_artistid":["d43d12a1-2dc9-4257-a2fd-0a3bb1081b86"],"musicbrainz_recordingid":["4835a519-1f78-4b99-9552-06cb8332b219"],"musicbrainz_releasegroupid":["30578604-ce5e-4d3d-a09c-6c06fc4c526b"],"originaldate":["2012"],"script":["Latn"],"title":["The Streets of Laredo"],"tracknumber":["11/26"]},"version":{"essentia":"2.1-beta1","essentia_build_sha":"ca57ba49d9b1854bd80e60cf9ccf267278fb7d6b","essentia_git_sha":"v2.1_beta1-28-g21ef5f4-dirty","extractor":"music 1.0"}},"rhythm":{"beats_count":399,"beats_loudness":{"dmean":0.0315829440951,"dmean2":0.0550269931555,"dvar":0.00100772548467,"dvar2":0.00273336702958,"max":0.237850338221,"mean":0.0392452292144,"median":0.0333101451397,"min":6.19012894276e-8,"var":0.00110681483056},"beats_loudness_band_ratio":{"dmean":[0.250057131052,0.205320104957,0.100277177989,0.040738273412,0.0103798797354,0.0028490384575],"dmean2":[0.437852501869,0.354891598225,0.177082568407,0.0714957490563,0.0184831116349,0.00521943252534],"dvar":[0.0404887907207,0.0342711508274,0.0141988378018,0.00391164