{"lowlevel":{"average_loudness":0.85157340765,"barkbands":{"dmean":[0.00462826341391,0.00518297497183,0.000958048272878,0.000886057154275,0.00432825740427,0.001508111367,0.000905693974346,0.000641304650344,0.000559970678296,0.000253147009062,0.000221214882913,0.000217990906094,0.000133179593831,0.000251532881521,0.000192798877833,0.0000478034417029,0.0000484586926177,0.0000244651328103,0.0000175806053448,0.0000091088559202,0.00000469192309538,0.00000317318131238,0.00000228117255574,0.00000195468805941,0.00000184716316198,0.00000187056014056,0.0000106130228232],"dmean2":[0.00652065128088,0.00794998276979,0.00148984964471,0.0014715755824,0.00683256099001,0.00229895836674,0.00142279779539,0.000998386181891,0.000869947019964,0.000396271789214,0.000348415109329,0.00035596525413,0.000210225523915,0.000384674523957,0.000309741066303,0.0000728437225916,0.0000788333491073,0.0000379903431167,0.0000283496465272,0.0000144113364513,0.00000733811793907,0.00000501574595546,0.00000368699670616,0.00000319674700222,0.00000303026263282,0.00000304833019982,0.0000157524373208],"dvar":[0.00020651993691,0.0000855479738675,0.00000555773112865,0.00000420125206801,0.0000916818535188,0.0000142560375025,0.00000622906918579,0.00000564798483538,0.0000066895886448,0.00000122434005334,0.00000261216041508,8.76822525697e-7,1.11892873633e-7,8.91547131232e-7,3.81170252695e-7,2.60778989514e-8,2.51070080282e-8,4.57120830077e-9,3.16580073267e-9,6.00692107167e-10,8.74532390949e-11,2.93009470853e-11,1.69890941593e-11,1.44300543736e-11,1.349129055e-11,1.29348736583e-11,6.12378814324e-10],"dvar2":[0.000338744750479,0.000182698480785,0.0000114183339974,0.0000104454302345,0.000218329150812,0.0000325236433127,0.0000141934106068,0.0000130437874759,0.0000155543730216,0.00000273517343885,0.00000570404563405,0.00000239407359004,2.61135937762e-7,0.00000219333492169,9.72011775957e-7,6.10896790931e-8,6.74714826232e-8,1.13236993116e-8,8.36304181462e-9,1.54112411721e-9,2.10550007984e-10,6.91166152089e-11,4.1983819199e-11,3.61036062158e-11,3.37261919781e-11,3.23324769735e-11,1.43529599317e-9],"max":[0.286642819643,0.194353565574,0.0984568446875,0.052900403738,0.175194874406,0.106333635747,0.0968409925699,0.0685722380877,0.0744541063905,0.0406910441816,0.0762927308679,0.0522301867604,0.00969742797315,0.0489037558436,0.0240928046405,0.00565609661862,0.00288574607112,0.00160634459462,0.0008825326222,0.00055294285994,0.000218723507714,0.0000811509380583,0.0000572424869461,0.0000534104292456,0.0000514860985277,0.0000510479112563,0.000986223691143],"mean":[0.00768086174503,0.0104927821085,0.00157352746464,0.00119378452655,0.0062002716586,0.00234438641928,0.00120048387907,0.000821223366074,0.000802358030342,0.000317324971547,0.0003227397101,0.000284957757685,0.000205168165849,0.000398673146265,0.000264455680735,0.0000682183963363,0.0000562271125091,0.0000297612587019,0.000019060626073,0.0000105954959508,0.00000558310784982,0.00000387569025406,0.00000252123004429,0.00000195858342522,0.00000178195796252,0.00000193201685761,0.0000171326501004],"median":[0.000900966988411,0.00483901612461,0.000673348607961,0.000396859250031,0.00214802008122,0.000506696815137,0.000207189790672,0.000086981599452,0.0000588600742049,0.0000382945072488,0.0000316131990985,0.000038770136598,0.000048387752031,0.0000592175056227,0.0000419957868871,0.0000162153992278,0.0000106209381556,0.00000678063315718,0.0000039277392716,0.0000025447338885,0.00000172599948201,0.00000143828185628,8.69061295816e-7,5.47625006675e-7,4.24227437179e-7,6.06515811796e-7,0.00000450258175988],"min":[1.53487273496e-25,2.1631780867e-24,2.26029061122e-24,8.61136735788e-25,6.56177656406e-24,6.66652703709e-24,6.96821347965e-24,2.81592893133e-24,1.67487555295e-23,1.90786609462e-23,7.946016038e-24,2.29883818102e-23,1.86664211698e-23,3.24145848963e-23,4.29111870339e-23,6.04700948244e-23,8.40503589718e-23,7.5602491714e-23,1.38691440661e-22,1.90289368345e-22,1.91992613703e-22,1.9849060613e-22,3.57259427731e-22,5.46907243901e-22,7.35774731485e-22,1.17025165115e-21,1.85215170141e-21],"var":[0.000548010692,0.000246659066761,0.0000158455295605,0.00000772116982262,0.000134618807351,0.0000298935428873,0.0000118709449453,0.00000988459942164,0.0000137607412398,0.00000186898910215,0.00000548141997569,0.00000117133754429,2.2601822991e-7,0.00000174421052179,5.96190886881e-7,3.86880465442e-8,2.33580497166e-8,5.29994315102e-9,2.81488210518e-9,6.41826591874e-10,1.1118084231e-10,4.16808879078e-11,2.06901318994e-11,1.6410400816e-11,1.50408505095e-11,1.48819394308e-11,1.24465981965e-9]},"barkbands_crest":{"dmean":2.88854861259,"dmean2":4.66148900986,"dvar":6.39737796783,"dvar2":15.6034088135,"max":25.9822673798,"mean":13.0840053558,"median":12.7646903992,"min":3.11519241333,"var":20.3503360748},"barkbands_flatness_db":{"dmean":0.0414569452405,"dmean2":0.0651651322842,"dvar":0.00130503589753,"dvar2":0.00335853872821,"max":0.5328322649,"mean":0.229955896735,"median":0.22631880641,"min":0.0273291282356,"var":0.0047814566642},"barkbands_kurtosis":{"dmean":9.77972793579,"dmean2":15.2138996124,"dvar":249.206542969,"dvar2":559.472106934,"max":343.956054688,"mean":20.235086441,"median":10.1020431519,"min":-1.86260485649,"var":754.902587891},"barkbands_skewness":{"dmean":0.858786940575,"dmean2":1.32318258286,"dvar":0.821485698223,"dvar2":1.80023086071,"max":13.8252391815,"mean":2.86895465851,"median":2.4415538311,"min":-2.73017454147,"var":4.11298656464},"barkbands_spread":{"dmean":2.95781373978,"dmean2":4.63623380661,"dvar":23.4388980865,"dvar2":56.5019302368,"max":133.479064941,"mean":8.23939990997,"median":5.87025356293,"min":0.293368756771,"var":86.9569625854},"dissonance":{"dmean":0.0250096544623,"dmean2":0.0418687090278,"dvar":0.000553530466277,"dvar2":0.00149967952166,"max":0.500000059605,"mean":0.455470710993,"median":0.461656868458,"min":0.282555907965,"var":0.0010173440678},"dynamic_complexity":5.14996528625,"erbbands":{"dmean":[0.299252152443,0.709420859814,1.15807700157,1.77727484703,8.3007516861,16.2559261322,15.9068527222,12.806769371,11.3082323074,15.4079608917,13.3527193069,13.4926567078,9.15957355499,7.04946517944,8.61821937561,8.93741893768,6.2082695961,8.65500068665,13.5617609024,5.81038284302,2.16491913795,2.83191347122,1.61735761166,1.07429671288,0.63331925869,0.433592408895,0.237750276923,0.161741092801,0.117014750838,0.0880365669727,0.062220800668,0.0441060997546,0.0310143586248,0.020884944126,0.0130170043558,0.00722163449973,0.00349127897061,0.00147025147453,0.000586559239309,0.000219862879021],"dmean2":[0.45748385787,1.0819388628,1.76960730553,2.87444329262,13.3970403671,25.8705749512,24.7791385651,19.7544212341,18.1040840149,23.9991226196,20.6331253052,20.8008270264,14.0342922211,11.2523927689,13.2391490936,14.4376163483,9.731508255,13.2312698364,20.3648414612,9.23904132843,3.21505641937,4.61799907684,2.52883219719,1.72989833355,0.972907066345,0.689636826515,0.369973182678,0.255193114281,0.184502229095,0.140502110124,0.100659273565,0.0717944055796,0.0508384816349,0.0342503413558,0.0213482882828,0.0118412394077,0.00567938899621,0.00233862525783,0.000898470403627,0.000321570201777],"dvar":[0.400871038437,1.21503198147,6.86907243729,13.4717216492,404.764007568,1620.67541504,1714.38195801,1242.78137207,746.939208984,2424.86889648,3089.26464844,4075.03271484,1413.07446289,1375.85205078,3452.73657227,1577.53356934,244.944580078,592.544494629,2602.78051758,267.96572876,38.6576538086,93.1640777588,22.4693775177,11.3969173431,2.96893620491,1.41136097908,0.261968255043,0.0894524231553,0.0397397428751,0.0235883556306,0.0128770293668,0.00706174038351,0.00371803739108,0.00172296003439,0.000669641187415,0.00020473706536,0.000044272539526,0.00000654046152704,0.00000159526655352,2.57668830272e-7],"dvar2":[0.821756362915,2.67753696442,13.7091112137,34.5820274353,972.965881348,3809.6875,4054.44262695,3027.0859375,1791.59960938,5381.7109375,7040.10791016,9159.16601562,3248.63305664,3441.71118164,6973.35107422,4329.19189453,574.68951416,1473.15222168,5987.51953125,671.078430176,79.4927062988,253.012039185,57.6867446899,30.5582904816,6.97436475754,3.649528265,0.640462934971,0.21266271174,0.0932254940271,0.0568236559629,0.0319385938346,0.0176806207746,0.00929628312588,0.00430664559826,0.00167368829716,0.000511740799993,0.000110735505586,0.0000157871254487,0.00000386972214983,6.20474736479e-7],"max":[13.3278636932,22.8033428192,110.256889343,66.9367599487,518.417175293,784.376342773,708.716308594,1169.47229004,887.581115723,1844.22619629,2036.17016602,1912.88781738,1678.02062988,1286.11035156,3471.88671875,2214.04248047,458.578765869,712.708007812,2682.23876953,464.150726318,229.347625732,160.785400391,100.40650177,57.6667404175,35.7684707642,27.8788490295,10.5046434402,5.5062417984,2.74384593964,2.00910830498,1.60140609741,1.18947398663,0.858185708523,0.582102775574,0.3627409935,0.200856998563,0.0944818481803,0.0352582521737,0.0206681955606,0.0157158225775],"mean":[0.545450925827,1.4829723835,2.17636203766,2.81624722481,12.5594558716,21.0805168152,21.6690139771,18.9562034607,15.6561231613,20.7339382172,18.1242370605,19.2323913574,12.3657722473,10.1775398254,12.8512620926,12.206993103,9.96974658966,14.8212299347,21.8811740875,8.14582824707,3.34376692772,3.22303724289,1.92406618595,1.2110543251,0.746852934361,0.50248003006,0.279744416475,0.196249455214,0.144025281072,0.100331053138,0.068455927074,0.0456804633141,0.0304254312068,0.0202071070671,0.0125828171149,0.00704145105556,0.0036428286694,0.00171588885132,0.000755513086915,0.000390409230022],"median":[0.15001732111,0.777896285057,1.02226638794,1.2213973999,4.00498771667,6.2035036087,5.35861968994,4.26138401031,3.37344646454,2.77032232285,1.76914644241,1.47429704666,1.10460805893,1.44117283821,1.38412594795,1.8187584877,2.31614208221,3.27273082733,2.65468597412,1.77739441395,0.857965409756,0.607261061668,0.427298039198,0.269247323275,0.169517830014,0.120633646846,0.0793023705482,0.0666663199663,0.0542529374361,0.0341785252094,0.0237383618951,0.0143406521529,0.00788003113121,0.00485349725932,0.00301815406419,0.00174989760853,0.00115574500524,0.000607137568295,0.00024393707281,0.000132535089506],"min":[8.02942387924e-23,5.03637882462e-22,2.6326089282e-21,5.04314449963e-21,1.18756284904e-20,1.08692711868e-20,4.55421799206e-20,5.56733911279e-20,5.120331356e-20,1.27310140232e-19,2.04791062535e-19,3.69036678274e-19,4.76362458024e-19,4.76263454844e-19,1.13137100954e-18,1.16501844211e-18,1.29503531118e-18,1.74100922145e-18,2.83967754208e-18,2.93820199087e-18,4.15402783076e-18,4.34344805513e-18,4.97972365411e-18,5.5919055498e-18,6.85311196566e-18,8.91682254205e-18,8.71153285762e-18,9.14874661501e-18,7.38075062608e-18,1.11175804023e-17,1.17894843246e-17,1.07221541551e-17,9.12956264225e-18,8.21703684281e-18,5.71000378022e-18,4.54320596921e-18,2.28822828094e-18,8.85738382477e-19,2.45968720889e-19,2.65056634075e-20],"var":[1.09917902946,4.0442738533,20.9277954102,26.389465332,803.06842041,2096.06982422,2553.91772461,2060.35253906,1305.66186523,5322.63574219,5663.40576172,8292.81152344,2601.51538086,2285.15307617,8428.68652344,2124.0690918,521.330444336,1327.50512695,6020.30859375,361.499511719,74.4968109131,81.6996154785,23.7587738037,9.87980556488,3.6969666481,1.45410168171,0.319659918547,0.119115300477,0.0568953529,0.0307936631143,0.0155221195891,0.0081727290526,0.00418567331508,0.00192344468087,0.000747441605199,0.000229324839893,0.0000513448540005,0.00000860449472384,0.00000204227990253,4.69773823397e-7]},"erbbands_crest":{"dmean":2.80855464935,"dmean2":4.5270075798,"dvar":6.55944824219,"dvar2":15.9002523422,"max":29.7003231049,"mean":9.7492017746,"median":8.90868186951,"min":2.50302314758,"var":18.6366844177},"erbbands_flatness_db":{"dmean":0.035278711468,"dmean2":0.0559921562672,"dvar":0.000864793371875,"dvar2":0.00225550471805,"max":0.417878121138,"mean":0.179340720177,"median":0.177464663982,"min":0.0473476797342,"var":0.00311807752587},"erbbands_kurtosis":{"dmean":1.4023668766,"dmean2":2.21886873245,"dvar":5.12303543091,"dvar2":11.7914514542,"max":50.958656311,"mean":0.88291990757,"median":0.0663962364197,"min":-1.79259777069,"var":9.26784801483},"erbbands_skewness":{"dmean":0.45312589407,"dmean2":0.693531930447,"dvar":0.180660277605,"dvar2":0.400232702494,"max":5.64965391159,"mean":0.654869437218,"median":0.679025530815,"min":-4.43436050415,"var":0.781448841095},"erbbands_spread":{"dmean":7.01300096512,"dmean2":10.9595994949,"dvar":45.7150306702,"dvar2":112.225158691,"max":122.830841064,"mean":29.8191413879,"median":29.1014137268,"min":1.34753572941,"var":164.139038086},"gfcc":{"cov":[[27753.5449219,3315.95458984,-1922.68127441,-508.316131592,-360.686706543,-522.619567871,-607.982177734,-360.173675537,-179.83052063,85.5918579102,-1.56313669682,-194.529464722,36.8498725891],[3315.95458984,1414.1932373,-291.597198486,-241.629150391,123.379043579,-188.466506958,-48.0285224915,-277.210083008,75.4850234985,-55.8407974243,37.3505134583,-66.1720428467,-0.714669108391],[-1922.68127441,-291.597198486,610.300415039,254.325408936,-49.7629737854,243.686172485,-16.1698589325,178.226730347,-46.6702766418,91.2296524048,3.85024380684,46.8686447144,16.658996582],[-508.316131592,-241.629150391,254.325408936,358.228240967,89.6084136963,90.5954437256,17.9293575287,98.5995559692,-10.8424358368,19.1321773529,-0.520338833332,61.2081222534,-10.9261350632],[-360.686706543,123.379043579,-49.7629737854,89.6084136963,250.113204956,-15.8849449158,45.968624115,-62.5458335876,46.6973991394,-45.0738983154,22.7877521515,2.13638758659,16.7878894806],[-522.619567871,-188.466506958,243.686172485,90.5954437256,-15.8849449158,296.389526367,48.7890548706,137.513870239,-66.306022644,34.9303321838,-27.9041404724,19.9146022797,25.0813083649],[-607.982177734,-48.0285224915,-16.1698589325,17.9293575287,45.968624115,48.7890548706,215.225952148,56.7367248535,33.0542030334,-53.2139282227,-22.2152366638,16.3847923279,4.51536750793],[-360.173675537,-277.210083008,178.226730347,98.5995559692,-62.5458335876,137.513870239,56.7367248535,221.386413574,1.11891210079,32.568447113,-17.0945167542,34.3321533203,28.4611949921],[-179.83052063,75.4850234985,-46.6702766418,-10.8424358368,46.6973991394,-66.306022644,33.0542030334,1.11891210079,117.333450317,35.4402046204,23.1663398743,-2.73030948639,2.39621353149],[85.5918579102,-55.8407974243,91.2296524048,19.1321773529,-45.0738983154,34.9303321838,-53.2139282227,32.568447113,35.4402046204,119.127716064,48.4174118042,-0.853055357933,2.40333366394],[-1.56313669682,37.3505134583,3.85024380684,-0.520338833332,22.7877521515,-27.9041404724,-22.2152366638,-17.0945167542,23.1663398743,48.4174118042,78.1806945801,36.663772583,6.04304838181],[-194.529464722,-66.1720428467,46.8686447144,61.2081222534,2.13638758659,19.9146022797,16.3847923279,34.3321533203,-2.73030948639,-0.853055357933,36.663772583,79.7036743164,26.8136501312],[36.8498725891,-0.714669108391,16.658996582,-10.9261350632,16.7878894806,25.0813083649,4.51536750793,28.4611949921,2.39621353149,2.40333366394,6.04304838181,26.8136501312,73.2600479126]],"icov":[[0.000207248463994,-0.000713489425834,0.00125515565742,-0.000831979326904,0.000340435275575,0.000165901234141,0.000176389701664,-0.000906976871192,0.00147164403461,-0.00162662309594,0.000716707203537,-0.0000624531458016,-0.000345065607689],[-0.000713489425834,0.00365902855992,-0.00419200910255,0.00210894248448,0.000472007028293,-0.0021088947542,0.0000424343888881,0.00490183522925,-0.0078706368804,0.00964568275958,-0.00662929331884,0.00357042835094,-0.000449723505881],[0.00125515565742,-0.00419200910255,0.0119530353695,-0.00991571415216,0.00675369333476,-0.00356301944703,0.00226285145618,-0.00470550311729,0.00548252183944,-0.00463356915861,-0.0033849850297,0.00596528593451,-0.00543979182839],[-0.000831979326904,0.00210894248448,-0.00991571415216,0.0229554846883,-0.0241220518947,0.0132585484535,-0.00379631877877,-0.00519817648456,0.0135091710836,-0.0276409182698,0.0373385623097,-0.0353551916778,0.019684581086],[0.000340435275575,0.000472007028293,0.00675369333476,-0.0241220518947,0.036288369447,-0.0211941152811,0.00535777211189,0.0123942280188,-0.0296384897083,0.0509186983109,-0.0581153891981,0.0483707524836,-0.0251161567867],[0.000165901234141,-0.0021088947542,-0.00356301944703,0.0132585484535,-0.0211941152811,0.0222498886287,-0.00677115656435,-0.0112866126001,0.0274854786694,-0.0405678041279,0.0416090227664,-0.031228415668,0.0131544098258],[0.000176389701664,0.0000424343888881,0.00226285145618,-0.00379631877877,0.00535777211189,-0.00677115656435,0.00962134078145,-0.000307467591483,-0.00992435682565,0.0146428011358,-0.0108793489635,0.00742503348738,-0.00252816150896],[-0.000906976871192,0.00490183522925,-0.00470550311729,-0.00519817648456,0.0123942280188,-0.0112866126001,-0.000307467591483,0.0194299463183,-0.0211231596768,0.0253101494163,-0.0216032024473,0.0155652062967,-0.00976121239364],[0.00147164403461,-0.0078706368804,0.00548252183944,0.0135091710836,-0.0296384897083,0.0274854786694,-0.00992435682565,-0.0211231596768,0.0577616468072,-0.0719482079148,0.0616034120321,-0.0446157716215,0.0178700257093],[-0.00162662309594,0.00964568275958,-0.00463356915861,-0.0276409182698,0.0509186983109,-0.0405678041279,0.0146428011358,0.0253101494163,-0.0719482079148,0.123422294855,-0.117699190974,0.0875167921185,-0.0346899367869],[0.000716707203537,-0.00662929331884,-0.0033849850297,0.0373385623097,-0.0581153891981,0.0416090227664,-0.0108793489635,-0.0216032024473,0.0616034120321,-0.117699190974,0.141640543938,-0.106578834355,0.0432199276984],[-0.0000624531458016,0.00357042835094,0.00596528593451,-0.0353551916778,0.0483707524836,-0.031228415668,0.00742503348738,0.0155652062967,-0.0446157716215,0.0875167921185,-0.106578834355,0.100079879165,-0.0427110232413],[-0.000345065607689,-0.000449723505881,-0.00543979182839,0.019684581086,-0.0251161567867,0.0131544098258,-0.00252816150896,-0.00976121239364,0.0178700257093,-0.0346899367869,0.0432199276984,-0.0427110232413,0.0358128398657]],"mean":[-115.448219299,138.145812988,-74.9881896973,8.56126022339,-17.6647911072,-0.217412754893,-25.2667999268,-12.9730234146,-7.34845352173,1.23713445663,-5.74231004715,-0.403283834457,-5.81501436234]},"hfc":{"dmean":3.66497278214,"dmean2":5.18526077271,"dvar":40.6129608154,"dvar2":87.1326065063,"max":152.658279419,"mean":8.46476745605,"median":3.79093408585,"min":1.00048368591e-16,"var":145.312515259},"melbands":{"dmean":[0.00215042498894,0.000663740094751,0.000456975016277,0.000871439813636,0.000631989212707,0.000281195854768,0.000175963912625,0.00016229954781,0.000109414904728,0.0000825935931061,0.0000457210335298,0.0000289631425403,0.0000305315406877,0.0000241003253905,0.0000213051625906,0.0000114015720101,0.0000181706818694,0.000025360392101,0.0000117213803605,0.00000477264984511,0.00000227854570767,0.00000298510985886,0.00000234620256379,9.44731937125e-7,9.15020166303e-7,5.58066687972e-7,3.73399331011e-7,2.66024045459e-7,1.61268403076e-7,1.12846549882e-7,8.94228051607e-8,6.85553516178e-8,5.67447848709e-8,4.59881945858e-8,3.69369317355e-8,3.04658946959e-8,2.56552254996e-8,2.21305320736e-8,1.92832487755e-8,1.70397171928e-8],"dmean2":[0.00317282741889,0.00100587669294,0.000736715854146,0.00138605653774,0.000988424406387,0.000429969251854,0.000281168642687,0.000252521771472,0.000169597755303,0.000127711653477,0.0000713049666956,0.0000464402000944,0.0000470313643746,0.0000387103937101,0.0000342623352481,0.0000177080146386,0.0000282917644654,0.0000383888545912,0.000018866483515,0.00000750712661102,0.00000345196076523,0.00000490493175676,0.00000386432748201,0.00000144534976698,0.00000150711002789,8.81714640855e-7,5.83991266012e-7,4.27805986192e-7,2.54204820749e-7,1.78197012701e-7,1.42445188089e-7,1.08438889868e-7,9.0210171777e-8,7.39386152304e-8,5.98521765482e-8,4.94849459187e-8,4.19262917717e-8,3.62825147704e-8,3.16265769129e-8,2.79478094001e-8],"dvar":[0.0000199951718969,0.00000138760162827,0.00000102240971955,0.00000322700861943,0.00000293836546916,5.45766681626e-7,1.93554825501e-7,2.57453905306e-7,2.19699714421e-7,1.4760503575e-7,3.7991654267e-8,2.27073471137e-8,5.07028659058e-8,1.48399346145e-8,4.72319738876e-9,6.96743496231e-10,2.98026292533e-9,1.05404458495e-8,1.09641473678e-9,2.66148103556e-10,4.43548045514e-11,1.01989416912e-10,6.68802235815e-11,5.27178040804e-12,9.35360035953e-12,2.73532910731e-12,1.02295027917e-12,5.03146135866e-13,1.30844540389e-13,5.19880261074e-14,2.68114947155e-14,1.35906927666e-14,9.74736547173e-15,6.61239107834e-15,4.51846168174e-15,3.22163221664e-15,2.4373713988e-15,1.88158120134e-15,1.46560819138e-15,1.14782493474e-15],"dvar2":[0.0000356007330993,0.00000286853605758,0.00000248555238613,0.0000078534030763,0.00000692699359206,0.00000130057071601,4.57994588032e-7,5.79078971441e-7,5.01242880091e-7,3.34933019985e-7,8.81425918919e-8,5.56127552898e-8,1.07089050516e-7,3.79107376602e-8,1.28062724869e-8,1.59492885565e-9,7.53821627342e-9,2.45512215002e-8,2.70619726628e-9,6.64829302721e-10,9.12820513621e-11,2.76185463388e-10,1.82923953762e-10,1.20776600526e-11,2.55373187874e-11,6.74521289518e-12,2.4962133055e-12,1.31227580885e-12,3.25247017903e-13,1.28181834721e-13,6.44760259723e-14,3.21968709018e-14,2.28531217116e-14,1.61557406179e-14,1.12120692437e-14,8.04554837873e-15,6.10759120552e-15,4.70507489849e-15,3.66308503644e-15,2.86906428147e-15],"max":[0.0985287576914,0.0423849001527,0.0253428518772,0.0270764213055,0.0349445939064,0.0236155744642,0.0170334111899,0.0173522643745,0.0190144013613,0.0103167090565,0.00855449773371,0.00505546154454,0.0118882302195,0.00727003300563,0.001803606865,0.001177406637,0.00144979881588,0.00564769934863,0.00107450201176,0.000573503493797,0.000250821030932,0.000195312313735,0.000137200549943,0.0000632655792288,0.0000513617960678,0.0000339926227753,0.0000222156904783,0.0000155764555529,0.0000062302437982,0.00000594720449953,0.00000256736029769,0.00000164122172919,0.00000209147992791,0.00000116833734864,9.39452547755e-7,8.20060790829e-7,6.92755008913e-7,6.1073399138e-7,5.37035816706e-7,4.74945835549e-7],"mean":[0.00434511573985,0.00139462586958,0.000740188290365,0.00126573303714,0.000841207802296,0.000427543884143,0.000243364585913,0.000216529078898,0.000147100174217,0.000115700946481,0.0000590370800637,0.0000395621500502,0.000044401447667,0.000032287738577,0.000029334665669,0.0000184622767847,0.0000291845717584,0.0000403798148909,0.0000156239402713,0.00000649430967314,0.00000332834088113,0.00000339396569871,0.00000250853713624,0.00000121122468499,9.75822558757e-7,6.18817296072e-7,4.38467594677e-7,3.01952951531e-7,1.84876341791e-7,1.31286185479e-7,1.08174802449e-7,8.48245207408e-8,6.57026220097e-8,5.13904545585e-8,4.04657924946e-8,3.28003153527e-8,2.58250842933e-8,2.16611582005e-8,1.86870305896e-8,1.64444493578e-8],"median":[0.00147717120126,0.000762203126214,0.000317609665217,0.000437184527982,0.000209945559618,0.0000944250932662,0.0000487040379085,0.0000279821324511,0.0000127693492686,0.00000829743476061,0.00000515991268912,0.00000565571372135,0.00000450453899248,0.00000427955455962,0.00000427874601883,0.00000538044150744,0.00000572840235691,0.00000411418568547,0.00000282137671093,0.00000141644079577,8.22882270768e-7,6.25148231848e-7,4.5322309461e-7,3.01871068586e-7,2.02082816259e-7,1.29522675252e-7,9.52834824375e-8,7.41193488807e-8,5.04768635778e-8,3.923203451e-8,3.83074834076e-8,3.24355298176e-8,2.22296279162e-8,1.74496967986e-8,1.38124889304e-8,1.12277929176e-8,7.34054061979e-9,5.57485702046e-9,4.523679209e-9,3.91407573019e-9],"min":[7.32915727987e-25,1.30163242514e-24,1.2479512294e-24,1.07730621889e-24,1.70916201169e-24,1.25285173195e-24,8.98369688615e-25,1.19939674207e-24,1.33465148022e-24,2.34427925129e-24,2.38372170491e-24,1.63013964544e-24,2.80462849886e-24,2.19014667725e-24,2.81921414257e-24,2.48678795989e-24,2.98229161042e-24,3.70778193861e-24,3.31743226347e-24,3.65809001247e-24,3.98371838351e-24,3.93890161777e-24,2.87764368931e-24,3.88347388398e-24,3.55581774598e-24,3.93648888669e-24,4.09644424029e-24,5.24027795893e-24,5.55868391395e-24,4.73197149035e-24,4.7004359868e-24,3.37493312371e-24,5.12102743361e-24,3.63234987557e-24,5.39321876136e-24,4.84759167778e-24,6.17577035706e-24,5.99700658733e-24,6.68425984137e-24,6.0787570318e-24],"var":[0.0000646383996354,0.00000436182153862,0.00000210420466829,0.00000549376773051,0.00000379108450943,9.99971462079e-7,3.46409564145e-7,5.49461390165e-7,4.18017378934e-7,2.98297294421e-7,6.57631886725e-8,3.56062628271e-8,1.06914875175e-7,2.25244285446e-8,7.86339970915e-9,1.43051903656e-9,6.09167161159e-9,2.33700525598e-8,1.60752722245e-9,3.35648508987e-10,8.23126844463e-11,9.10041972335e-11,5.59029454672e-11,7.32553340904e-12,7.47012694757e-12,2.92552071977e-12,1.26589125467e-12,5.0265412492e-13,1.50448772364e-13,6.30043909297e-14,3.52013170945e-14,1.93114499543e-14,1.34754996739e-14,8.28917877128e-15,5.42536842342e-15,3.80964926489e-15,2.78673352603e-15,2.1204671506e-15,1.63707772958e-15,1.28027113565e-15]},"melbands_crest":{"dmean":3.94947433472,"dmean2":6.33291435242,"dvar":14.3729276657,"dvar2":34.6017150879,"max":39.1035804749,"mean":19.4896564484,"median":18.2014331818,"min":1.48475062847,"var":68.160987854},"melbands_flatness_db":{"dmean":0.0476855933666,"dmean2":0.0748631730676,"dvar":0.00167187687475,"dvar2":0.00426288601011,"max":0.645700156689,"mean":0.347764074802,"median":0.349760264158,"min":0.00261394563131,"var":0.00778564764187},"melbands_kurtosis":{"dmean":16.1612243652,"dmean2":25.5233688354,"dvar":884.840332031,"dvar2":2163.99926758,"max":638.667297363,"mean":33.1944007874,"median":16.7963905334,"min":-1.81733059883,"var":2186.51831055},"melbands_skewness":{"dmean":1.05980396271,"dmean2":1.6401848793,"dvar":1.4354146719,"dvar2":3.32513833046,"max":19.6884670258,"mean":3.72276711464,"median":3.16792201996,"min":-2.45748543739,"var":5.99874687195},"melbands_spread":{"dmean":3.11051297188,"dmean2":4.85490846634,"dvar":26.4535293579,"dvar2":60.7124404907,"max":205.531951904,"mean":9.90060806274,"median":5.30319690704,"min":0.198768362403,"var":361.155334473},"mfcc":{"cov":[[10384.3027344,2221.71923828,-874.25579834,122.465034485,-273.556640625,-93.216583252,-301.166778564,-240.234176636,-228.418701172,11.9604902267,-4.57576036453,-19.5530796051,-25.8481807709],[2221.71923828,1795.37182617,-201.878723145,-18.2974319458,69.7971801758,89.173866272,-122.124923706,-138.061660767,-99.2687911987,-25.89295578,23.6881580353,-33.8107910156,-43.4203338623],[-874.25579834,-201.878723145,627.762390137,27.165971756,91.4723815918,49.1915588379,112.433898926,48.2170257568,67.6510314941,33.1235427856,45.3799552917,44.4551353455,16.9723758698],[122.465034485,-18.2974319458,27.165971756,286.964202881,111.849594116,23.6548900604,-6.54904413223,38.9503555298,2.91106367111,0.0214310940355,7.1895866394,23.1349811554,28.6624717712],[-273.556640625,69.7971801758,91.4723815918,111.849594116,235.812820435,79.5284805298,17.8822288513,-6.07503843307,2.85957098007,-13.2626724243,5.48610115051,19.1458110809,13.4191255569],[-93.216583252,89.173866272,49.1915588379,23.6548900604,79.5284805298,128.152832031,68.2370147705,9.89728927612,8.99150085449,5.65355205536,2.72155737877,-5.17644405365,3.18272089958],[-301.166778564,-122.124923706,112.433898926,-6.54904413223,17.8822288513,68.2370147705,151.701644897,107.333999634,59.6019210815,4.47365999222,-13.2485198975,2.89182829857,10.6983985901],[-240.234176636,-138.061660767,48.2170257568,38.9503555298,-6.07503843307,9.89728927612,107.333999634,171.708953857,95.1747894287,5.54481887817,-25.2787857056,6.38145589828,16.6160545349],[-228.418701172,-99.2687911987,67.6510314941,2.91106367111,2.85957098007,8.99150085449,59.6019210815,95.1747894287,118.568283081,52.5830383301,-4.5394616127,-6.25640439987,6.27224493027],[11.9604902267,-25.89295578,33.1235427856,0.0214310940355,-13.2626724243,5.65355205536,4.47365999222,5.54481887817,52.5830383301,84.4357833862,41.1648025513,-2.17258071899,-4.00640201569],[-4.57576036453,23.6881580353,45.3799552917,7.1895866394,5.48610115051,2.72155737877,-13.2485198975,-25.2787857056,-4.5394616127,41.1648025513,74.9929428101,35.8367576599,-0.249842822552],[-19.5530796051,-33.8107910156,44.4551353455,23.1349811554,19.1458110809,-5.17644405365,2.89182829857,6.38145589828,-6.25640439987,-2.17258071899,35.8367576599,68.2987594604,35.4083366394],[-25.8481807709,-43.4203338623,16.9723758698,28.6624717712,13.4191255569,3.18272089958,10.6983985901,16.6160545349,6.27224493027,-4.00640201569,-0.249842822552,35.4083366394,57.7100334167]],"icov":[[0.000173329361132,-0.00023169798078,0.000146312217112,-0.000250492244959,0.000275576981949,0.000195007145521,-0.000256191618973,0.000206520606298,0.000249733828241,-0.00058766186703,0.000622311083134,-0.000560136453714,0.000176314424607],[-0.00023169798078,0.00101989449468,-0.0000710647072992,0.000520965259057,-0.000443008815637,-0.00134075561073,0.00141936622094,-0.000586861453485,-0.000232754187891,0.00123673502821,-0.00145580794197,0.00115783407819,-0.0000970084583969],[0.000146312217112,-0.0000710647072992,0.0024672690779,-0.000486581178848,-0.000475859618746,0.0011090998305,-0.00302424933761,0.00225287815556,-0.0019085049862,0.000573035271373,-0.00110880436841,-0.00107821356505,0.000393535330659],[-0.000250492244959,0.000520965259057,-0.000486581178848,0.00608831224963,-0.00332598108798,-0.00131505262107,0.00436613010243,-0.00606853840873,0.00399724161252,-0.00197038170882,-0.000971280096564,0.00174586393405,-0.00246381387115],[0.000275576981949,-0.000443008815637,-0.000475859618746,-0.00332598108798,0.00845050439239,-0.00460530165583,0.000647117965855,0.00338659295812,-0.0041252807714,0.00342624192126,0.00106798077468,-0.00340021308511,0.00155299401376],[0.000195007145521,-0.00134075561073,0.0011090998305,-0.00131505262107,-0.00460530165583,0.0190149564296,-0.0144244134426,0.00661336071789,0.00054195325356,-0.00228625442833,-0.00124074867927,0.00363936740905,-0.00225835526362],[-0.000256191618973,0.00141936622094,-0.00302424933761,0.00436613010243,0.000647117965855,-0.0144244134426,0.0269204899669,-0.0175818149,0.00416145380586,-0.000212353406823,0.000136015529279,0.00101096706931,-0.000695959432051],[0.000206520606298,-0.000586861453485,0.00225287815556,-0.00606853840873,0.00338659295812,0.00661336071789,-0.0175818149,0.0284407250583,-0.0209289323539,0.0107924835756,0.000552202458493,-0.00487004918978,0.00193517177831],[0.000249733828241,-0.000232754187891,-0.0019085049862,0.00399724161252,-0.0041252807714,0.00054195325356,0.00416145380586,-0.0209289323539,0.038130607456,-0.0297834742814,0.014535503462,-0.00221012136899,-0.0000963896600297],[-0.00058766186703,0.00123673502821,0.000573035271373,-0.00197038170882,0.00342624192126,-0.00228625442833,-0.000212353406823,0.0107924835756,-0.0297834742814,0.047506891191,-0.0343649014831,0.0194762963802,-0.00782473571599],[0.000622311083134,-0.00145580794197,-0.00110880436841,-0.000971280096564,0.00106798077468,-0.00124074867927,0.000136015529279,0.000552202458493,0.014535503462,-0.0343649014831,0.0519948229194,-0.0364476367831,0.018250035122],[-0.000560136453714,0.00115783407819,-0.00107821356505,0.00174586393405,-0.00340021308511,0.00363936740905,0.00101096706931,-0.00487004918978,-0.00221012136899,0.0194762963802,-0.0364476367831,0.0507860630751,-0.0278506111354],[0.000176314424607,-0.0000970084583969,0.000393535330659,-0.00246381387115,0.00155299401376,-0.00225835526362,-0.000695959432051,0.00193517177831,-0.0000963896600297,-0.00782473571599,0.018250035122,-0.0278506111354,0.034411393106]],"mean":[-766.51965332,186.009536743,8.39287757874,24.8197937012,20.9126281738,18.4691810608,-1.22611665726,-2.21776604652,-2.77253818512,2.37257695198,3.023832798,-0.322023510933,-0.96530777216]},"pitch_salience":{"dmean":0.0902474969625,"dmean2":0.1446762532,"dvar":0.00638348935172,"dvar2":0.0151744754985,"max":0.944008409977,"mean":0.492194890976,"median":0.511869370937,"min":0.0567995160818,"var":0.0284996200353},"silence_rate_20dB":{"dmean":0.000468878221,"dmean2":0.000937866338063,"dvar":0.00046867277706,"dvar2":0.00117151066661,"max":1,"mean":0.9996483922,"median":1,"min":0,"var":0.000351561029674},"silence_rate_30dB":{"dmean":0.0304770842195,"dmean2":0.0609613135457,"dvar":0.0295492578298,"dvar2":0.06358037889,"max":1,"mean":0.946905791759,"median":1,"min":0,"var":0.0502713210881},"silence_rate_60dB":{"dmean":0.0323525965214,"dmean2":0.0647127777338,"dvar":0.0313081890345,"dvar2":0.0713086053729,"max":1,"mean":0.0979840606451,"median":0,"min":0,"var":0.0883861780167},"spectral_centroid":{"dmean":130.86555481,"dmean2":204.431396484,"dvar":39532.7890625,"dvar2":86898.0078125,"max":11754.5439453,"mean":696.443969727,"median":448.506835938,"min":125.471450806,"var":1786024.5},"spectral_complexity":{"dmean":2.66463494301,"dmean2":3.91864013672,"dvar":11.1152219772,"dvar2":20.6662578583,"max":39,"mean":9.49261569977,"median":8,"min":0,"var":46.607460022},"spectral_contrast_coeffs":{"dmean":[0.0562060177326,0.0498795956373,0.0358302630484,0.0317431502044,0.0321899279952,0.0327433347702],"dmean2":[0.0901752188802,0.0806805640459,0.0590149872005,0.0511412806809,0.0520863048732,0.0544656999409],"dvar":[0.00232117460109,0.00167494162451,0.000838636420667,0.00069288915256,0.00080247304868,0.00148274551611],"dvar2":[0.00566022424027,0.00428753439337,0.00216514407657,0.00177224748768,0.002012450248,0.00369320251048],"max":[-0.337284356356,-0.394157916307,-0.448382407427,-0.549721479416,-0.667307555676,-0.528928995132],"mean":[-0.678702712059,-0.765118956566,-0.836196959019,-0.819841206074,-0.857243597507,-0.822431027889],"median":[-0.682685494423,-0.772025108337,-0.843406200409,-0.824178397655,-0.852423906326,-0.839626610279],"min":[-0.986522495747,-0.982455253601,-0.980266869068,-0.981915950775,-0.970380544662,-0.965728282928],"var":[0.0107508618385,0.00697100767866,0.00355272833258,0.00363131402992,0.00272466661409,0.00262676458806]},"spectral_contrast_valleys":{"dmean":[0.382317185402,0.493308871984,0.476345360279,0.405698657036,0.579359412193,0.84989964962],"dmean2":[0.607737481594,0.769709646702,0.731744587421,0.600734889507,0.890655875206,1.3739054203],"dvar":[0.111549444497,0.199347764254,0.189777851105,0.151743456721,0.274787545204,0.551335513592],"dvar2":[0.251997560263,0.433856397867,0.408472895622,0.307887017727,0.669530510902,1.56579232216],"max":[-4.98761224747,-4.03024101257,-5.14045143127,-5.60635614395,-6.25187349319,-9.05645656586],"mean":[-7.28427934647,-7.355509758,-8.1541891098,-8.47166156769,-9.11698436737,-11.8920631409],"median":[-6.83068370819,-6.98801708221,-7.82915306091,-8.09616088867,-8.76823043823,-11.5388660431],"min":[-28.4200000763,-28.0608558655,-27.6900405884,-27.9851379395,-27.5005245209,-27.3729667664],"var":[7.44132757187,7.67619943619,6.99876976013,6.72554349899,6.1937994957,4.97363853455]},"spectral_decrease":{"dmean":3.65700159044e-9,"dmean2":5.13654185852e-9,"dvar":3.54471972595e-17,"dvar2":5.85102699044e-17,"max":9.08993076474e-18,"mean":-8.89436524432e-9,"median":-5.36504440873e-9,"min":-1.06124225852e-7,"var":1.30240712412e-16},"spectral_energy":{"dmean":0.0140714952722,"dmean2":0.0197488181293,"dvar":0.000516263418831,"dvar2":0.000855447084177,"max":0.401800245047,"mean":0.0343371629715,"median":0.0208268761635,"min":9.56092672052e-21,"var":0.00190792186186},"spectral_energyband_high":{"dmean":0.0000244208240474,"dmean2":0.0000381496647606,"dvar":1.96792115936e-9,"dvar2":4.7129105063e-9,"max":0.000546976923943,"mean":0.0000301531181321,"median":0.0000103970887722,"min":6.88400789179e-21,"var":2.67929589626e-9},"spectral_energyband_low":{"dmean":0.00826008245349,"dmean2":0.0118133462965,"dvar":0.000265687267529,"dvar2":0.000423351360951,"max":0.355278462172,"mean":0.018191492185,"median":0.00850758515298,"min":1.47897535777e-23,"var":0.000934215844609},"spectral_energyband_middle_high":{"dmean":0.00102586683352,"dmean2":0.00151085457765,"dvar":0.00000744457793189,"dvar2":0.0000166734898812,"max":0.0964181423187,"mean":0.00191087496933,"median":0.000443683646154,"min":1.16135673326e-21,"var":0.000020569865228},"spectral_energyband_middle_low":{"dmean":0.00670050131157,"dmean2":0.0100536262617,"dvar":0.000151860469487,"dvar2":0.000343777122907,"max":0.210746020079,"mean":0.012683053501,"median":0.00509004248306,"min":1.43180399999e-22,"var":0.000383154751034},"spectral_entropy":{"dmean":0.347585022449,"dmean2":0.546566426754,"dvar":0.0937993824482,"dvar2":0.24080067873,"max":9.82548236847,"mean":6.96724271774,"median":6.93041038513,"min":4.7724032402,"var":0.398889869452},"spectral_flux":{"dmean":0.0285341534764,"dmean2":0.0464490354061,"dvar":0.0011833923636,"dvar2":0.00293817790225,"max":0.419997066259,"mean":0.0795822739601,"median":0.0662341937423,"min":6.32482122231e-11,"var":0.0031473916024},"spectral_kurtosis":{"dmean":7.00061416626,"dmean2":11.6005687714,"dvar":60.5831184387,"dvar2":162.164077759,"max":83.7569580078,"mean":16.5758266449,"median":13.9933671951,"min":-1.2778390646,"var":110.684829712},"spectral_rms":{"dmean":0.0010690886993,"dmean2":0.00148837885354,"dvar":0.00000151343249399,"dvar2":0.00000256732027992,"max":0.019798995927,"mean":0.00494424812496,"median":0.00450764968991,"min":3.0541337688e-12,"var":0.00000905412616703},"spectral_rolloff":{"dmean":167.432617188,"dmean2":282.041656494,"dvar":210900.375,"dvar2":515266.96875,"max":20025.8789062,"mean":739.904907227,"median":279.931640625,"min":21.533203125,"var":6134710},"spectral_skewness":{"dmean":0.547349691391,"dmean2":0.881385028362,"dvar":0.278049945831,"dvar2":0.727806687355,"max":6.98737716675,"mean":2.89800047874,"median":2.80773639679,"min":-0.0886177793145,"var":0.788557469845},"spectral_spread":{"dmean":820418.8125,"dmean2":1348178.875,"dvar":704657686528,"dvar2":1766330466300,"max":42423468,"mean":3745693,"median":2949621,"min":800658.4375,"var":22123005345800},"spectral_strongpeak":{"dmean":0.30172586441,"dmean2":0.500706613064,"dvar":0.267704874277,"dvar2":0.623955965042,"max":10.3460645676,"mean":0.470204055309,"median":0.248543560505,"min":0,"var":0.51796245575},"zerocrossingrate":{"dmean":0.00414481014013,"dmean2":0.00515151023865,"dvar":0.0000532564081368,"dvar2":0.0000823986993055,"max":0.53125,"mean":0.025390567258,"median":0.0146484375,"min":0,"var":0.00426875287667}},"metadata":{"audio_properties":{"analysis_sample_rate":44100,"bit_rate":137338,"codec":"mp3","downmix":"mix","equal_loudness":0,"length":198.087600708,"lossless":false,"md5_encoded":"9c509b850b1b9a2818596558de33e543","replay_gain":-1.71601486206,"sample_rate":44100},"tags":{"album":["The Complete Columbia Album Collection"],"albumartist":["Johnny Cash"],"albumartistsort":["Cash, Johnny"],"artist":["Johnny Cash"],"artists":["Johnny Cash"],"artistsort":["Cash, Johnny"],"asin":["B008DDC874"],"barcode":["886979104723"],"catalognumber":["88697910472"],"date":["2012-12-04"],"discnumber":["8/63"],"file_name":"06 - Nine Pound Hammer.mp3","label":["Columbia","Legacy"],"media":["CD"],"musicbrainz album release country":["US"],"musicbrainz album status":["official"],"musicbrainz album type":["album","compilation"],"musicbrainz release track id":["34ba744d-f026-35ee-8d71-d3216c81a5de"],"musicbrainz_albumartistid":["d43d12a1-2dc9-4257-a2fd-0a3bb1081b86"],"musicbrainz_albumid":["de36c451-000c-4488-9375-b6d40b6636e5"],"musicbrainz_artistid":["d43d12a1-2dc9-4257-a2fd-0a3bb1081b86"],"musicbrainz_recordingid":["4867479d-6086-4f79-8a32-23f40e18fde6"],"musicbrainz_releasegroupid":["30578604-ce5e-4d3d-a09c-6c06fc4c526b"],"originaldate":["2012"],"script":["Latn"],"title":["Nine Pound Hammer"],"tracknumber":["6/9"]},"version":{"essentia":"2.1-beta1","essentia_build_sha":"ca57ba49d9b1854bd80e60cf9ccf267278fb7d6b","essentia_git_sha":"v2.1_beta1-28-g21ef5f4-dirty","extractor":"music 1.0"}},"rhythm":{"beats_count":442,"beats_loudness":{"dmean":0.0692221000791,"dmean2":0.128419429064,"dvar":0.00535483751446,"dvar2":0.0147984344512,"max":0.32389870286,"mean":0.0713168904185,"median":0.0504325740039,"min":0,"var":0.00474351225421},"beats_loudness_band_ratio":{"dmean":[0.331487774849,0.209173589945,0.110658459365,0.0561971515417,0.0381573848426,0.00928898248821],"dmean2":[0.624248802662,0.38