{"lowlevel":{"average_loudness":0.871066272259,"barkbands":{"dmean":[0.00291361147538,0.00645073829219,0.0017401385121,0.00117708742619,0.00257990136743,0.00180404924322,0.00124438747298,0.00076390436152,0.000920677091926,0.00104184099473,0.000421038886998,0.000518750981428,0.000527347787283,0.000349213310983,0.000258637417573,0.000167791906279,0.000166316414834,0.000190111561096,0.000157125876285,0.000117891024274,0.0000774666623329,0.0000538367930858,0.0000242698934017,0.00000450947027275,0.00000228436283578,0.0000103164165921,0.000198172230739],"dmean2":[0.00485019525513,0.0109334820881,0.002932846779,0.00194051454309,0.0040956013836,0.00282656983472,0.00205122167245,0.00126887287479,0.00153729610611,0.001750405645,0.000702747609466,0.000868026167154,0.00085488561308,0.000584307126701,0.000429685576819,0.000280722539173,0.000285516056465,0.000306819885736,0.000240174485953,0.000179328810191,0.000118076168292,0.0000796464009909,0.0000351508424501,0.00000718641422282,0.00000378184677174,0.0000152517122842,0.00031014913111],"dvar":[0.000052632727602,0.000187432393432,0.00000766663197282,0.00000562569221074,0.000024793054763,0.0000209763857129,0.00000649604953651,0.00000291968626698,0.00000310024279315,0.00000391335197492,6.61628178023e-7,0.00000106029256131,0.00000250656671597,4.42880320861e-7,1.87000239293e-7,9.3358949016e-8,1.17494444396e-7,1.5107814022e-7,1.5469836967e-7,8.56381632275e-8,4.36807638948e-8,1.42423832727e-8,3.08500625046e-9,1.40253295089e-10,1.51954889643e-11,7.79106557047e-10,8.69634675382e-8],"dvar2":[0.00013412629778,0.000514051294886,0.0000203507406695,0.0000134377305585,0.0000582874381507,0.0000491248429171,0.0000166846712091,0.0000075986581578,0.00000858060320752,0.0000106027164293,0.00000173340436049,0.00000282705377685,0.00000571270038563,0.00000111322526664,4.7449893259e-7,2.37188899632e-7,3.20232658169e-7,3.58229669928e-7,3.3114892517e-7,1.71258591308e-7,8.73249987876e-8,2.84642140969e-8,6.29490726212e-9,3.37905092795e-10,3.74819446314e-11,1.64222957455e-9,2.03194261417e-7],"max":[0.107300385833,0.203527003527,0.0558457933366,0.0754069834948,0.133514821529,0.137869253755,0.0588804036379,0.0470509454608,0.0580465123057,0.0480833612382,0.026210848242,0.0538039021194,0.0739059895277,0.0234261434525,0.010795510374,0.00789984408766,0.00752325169742,0.0101245623082,0.0104242581874,0.00825877860188,0.00796062033623,0.00393163552508,0.00380229903385,0.000741192372516,0.0000665539846523,0.00232623820193,0.00999745447189],"mean":[0.00342207122594,0.00875136535615,0.00243168813176,0.00161259516608,0.00420693214983,0.00275180768222,0.00189568952192,0.00111901038326,0.00143895007204,0.00162940926384,0.000675527902786,0.000910183996893,0.000949056004174,0.0006538083544,0.000483613577671,0.000307296024403,0.000270970282145,0.000364539358998,0.00029937340878,0.000235970001086,0.000161459523952,0.00010620370449,0.0000423076271545,0.00000603113039688,0.00000236595269598,0.0000192624775082,0.000819364271592],"median":[0.0015610572882,0.00469784019515,0.00121474824846,0.000669983390253,0.0020506856963,0.000976291426923,0.000890215393156,0.000464755750727,0.00069227872882,0.000765615142882,0.000335202174028,0.000500822323374,0.000422186334617,0.000379940931452,0.000290146388579,0.000189065031009,0.000144099583849,0.000197986548301,0.000123355639516,0.00010242855933,0.0000727124788682,0.0000456297602796,0.0000164887587744,0.00000243128329203,9.1527249424e-7,0.00000846199691296,0.000559331849217],"min":[9.5037623126e-24,1.97826183299e-23,8.10902183784e-23,2.58968646361e-23,2.9601525841e-23,7.62778891775e-23,4.97843995724e-23,6.07471301525e-23,1.05404312494e-23,3.91005660322e-23,1.0869180512e-22,5.70468928796e-23,1.26156087467e-22,1.91921666709e-22,9.1533815374e-23,1.53975955176e-22,2.24932845019e-22,3.01028513639e-22,2.54554584632e-22,4.07794488408e-22,6.84704911467e-22,4.68291107891e-22,4.8086355648e-22,9.61342098352e-22,1.43218871168e-21,1.72428464405e-21,2.44016281414e-21],"var":[0.0000484589072585,0.000176144618308,0.0000129912914417,0.00000945580359257,0.0000514917519467,0.0000410473076045,0.0000117477775348,0.00000493462039231,0.00000493579273098,0.00000702299394106,0.00000115517639188,0.00000236262485487,0.00000733935030439,0.00000103482227587,4.01160491492e-7,1.65798695662e-7,1.74091681515e-7,3.79823092089e-7,4.20636951048e-7,2.49815428788e-7,1.21394847952e-7,4.1409141005e-8,7.90669929529e-9,2.08467965113e-10,1.66599511964e-11,1.9320720579e-9,8.27023200145e-7]},"barkbands_crest":{"dmean":2.78009152412,"dmean2":4.54512548447,"dvar":5.99762010574,"dvar2":15.2764158249,"max":25.5497283936,"mean":9.15923786163,"median":8.34102249146,"min":2.18069243431,"var":15.4595003128},"barkbands_flatness_db":{"dmean":0.0222146101296,"dmean2":0.0348766371608,"dvar":0.000445772457169,"dvar2":0.00105241534766,"max":0.332225233316,"mean":0.121058836579,"median":0.114829853177,"min":0.0187446065247,"var":0.00169283221476},"barkbands_kurtosis":{"dmean":3.26932168007,"dmean2":5.27873039246,"dvar":36.3458175659,"dvar2":88.16065979,"max":184.091827393,"mean":5.77581262589,"median":3.51824903488,"min":-1.83141326904,"var":72.1702346802},"barkbands_skewness":{"dmean":0.534614384174,"dmean2":0.845060288906,"dvar":0.362734556198,"dvar2":0.872710943222,"max":12.2690010071,"mean":1.83691728115,"median":1.69973027706,"min":-2.87299561501,"var":1.1726129055},"barkbands_spread":{"dmean":6.6690735817,"dmean2":10.4928827286,"dvar":47.5769271851,"dvar2":106.464897156,"max":117.649734497,"mean":28.5616531372,"median":26.4270858765,"min":1.13761377335,"var":226.402313232},"dissonance":{"dmean":0.0183015521616,"dmean2":0.0314597375691,"dvar":0.000339786929544,"dvar2":0.000944750499912,"max":0.500000059605,"mean":0.470430076122,"median":0.477059423923,"min":0.29647654295,"var":0.000621027895249},"dynamic_complexity":4.10125732422,"erbbands":{"dmean":[0.307094424963,1.07879900932,1.91040349007,2.99802112579,6.18564367294,8.73086738586,14.627327919,13.9012842178,14.724568367,21.2343406677,16.3176441193,21.9349765778,21.0994319916,32.3071899414,16.4777584076,20.9583511353,24.3699855804,16.4307765961,14.4556856155,11.5161190033,8.33892536163,8.73532581329,9.90540313721,8.68232917786,7.46492910385,5.42430448532,3.96195292473,2.59768176079,1.91436314583,1.47372055054,0.528294861317,0.160665303469,0.0474688783288,0.0258822776377,0.0162122454494,0.0103448713198,0.0176020674407,0.0294244047254,0.0140322586522,0.00441690161824],"dmean2":[0.523334383965,1.83174169064,3.22071385384,4.88348484039,10.1211910248,13.8487472534,22.6040935516,22.1435031891,24.3419246674,34.7804908752,27.2498035431,36.6109199524,35.2856826782,54.4981079102,27.4057273865,35.0373725891,39.3756370544,27.3233776093,23.9226016998,18.9100761414,14.0275678635,14.8702402115,16.0694675446,13.6524982452,11.3021097183,8.21082115173,6.08146858215,3.87591910362,2.82368469238,2.1494333744,0.767196714878,0.243545994163,0.0770437270403,0.0428608134389,0.0267736576498,0.0168197806925,0.025670979172,0.0415751188993,0.0204652007669,0.00695840269327],"dvar":[0.553119719028,4.09524106979,8.59345245361,33.0782775879,105.066619873,396.180633545,1605.62390137,1382.69604492,889.779663086,2418.66357422,1523.82617188,1568.58190918,1918.05163574,4274.29541016,869.922424316,2055.86889648,6003.26318359,968.198730469,872.840393066,362.9269104,240.530471802,321.271179199,414.27923584,368.117675781,458.094573975,183.399261475,106.03125,47.4285087585,18.5824069977,11.129858017,1.47666203976,0.176554709673,0.0132272336632,0.00199564523064,0.000755643937737,0.00034763009171,0.00187121983618,0.00451978622004,0.00109436083585,0.000038325884816],"dvar2":[1.52194797993,11.1870546341,23.4384765625,78.2901000977,267.703857422,920.712402344,3645.60644531,3413.83520508,2403.77392578,5998.74804688,4147.94677734,4310.828125,5167.78125,11725.3027344,2254.56738281,5379.86083984,13302.2294922,2408.71948242,2176.37402344,914.401000977,630.630187988,867.141174316,1009.34289551,845.835998535,977.802246094,364.575805664,215.702178955,95.4142150879,36.3649749756,22.7346286774,3.09601306915,0.406610816717,0.0322585888207,0.00493793934584,0.00186066294555,0.000859318533912,0.00401071971282,0.00899080652744,0.00206724763848,0.0000904232729226],"max":[10.6803207397,29.3900547028,51.349861145,172.872268677,208.494995117,491.480438232,1067.12878418,1241.24682617,807.581298828,1188.2623291,1302.76989746,919.116882324,1305.88891602,1698.24658203,949.688781738,2662.95703125,4051.60791016,1232.93615723,1189.42150879,632.041870117,385.962127686,403.733825684,638.840454102,527.019470215,641.14263916,335.863555908,300.25881958,270.210144043,166.463317871,189.118331909,65.260635376,23.1643848419,7.26438856125,0.755007088184,0.468679726124,0.817664265633,2.40832662582,4.52534532547,2.32656812668,0.199710384011],"mean":[0.39865359664,1.4162529707,2.768045187,4.63244915009,9.19639587402,13.7345609665,21.4372444153,21.35795784,22.3210086823,32.1966133118,26.0568008423,34.5497322083,34.8619308472,51.8812408447,31.03556633,39.2574653625,45.825553894,33.4695625305,29.2736911774,22.6209106445,15.7938957214,15.3978042603,19.1623325348,17.3211307526,14.4550409317,10.8987255096,8.07387924194,5.42868852615,3.89374399185,2.55013990402,0.980900108814,0.260311126709,0.0539077967405,0.0269955322146,0.0171313770115,0.0122461207211,0.0343141444027,0.0725780054927,0.050593610853,0.0239120982587],"median":[0.181815743446,0.816833496094,1.5510122776,2.20534443855,4.79404163361,5.92548084259,6.29904603958,8.46232509613,10.9079589844,14.3810653687,12.3138484955,17.1094207764,17.132724762,24.9949150085,17.9691123962,21.6647033691,20.606464386,19.8059692383,17.8534622192,14.1416358948,9.83348751068,8.60046386719,10.5666942596,8.42094993591,5.55720424652,4.80166816711,3.71314644814,2.41528654099,1.70278859138,0.975065112114,0.411536067724,0.109327331185,0.0207093637437,0.0104859359562,0.0069109229371,0.00566229177639,0.015568010509,0.0352275036275,0.0262302309275,0.0188057236373],"min":[1.12787974836e-21,3.74185449456e-21,6.61268731943e-20,1.20117727257e-19,4.47177878114e-20,9.31998290213e-20,5.80149378167e-19,4.97533577115e-19,7.53581235274e-19,1.08603448094e-18,8.19538601066e-19,2.38841655183e-19,6.96923344121e-19,2.47512415688e-18,3.66857290004e-18,2.23801821096e-18,5.87051362859e-18,1.03078599181e-17,5.98213710276e-18,6.03813143996e-18,1.03284500979e-17,1.32636988472e-17,1.52143793288e-17,1.35352175746e-17,1.62096992901e-17,1.86354941176e-17,2.10529989409e-17,2.74849039212e-17,1.67022423315e-17,1.81836549798e-17,1.55702522807e-17,1.63002507518e-17,1.84381023536e-17,1.41008337513e-17,1.04355509621e-17,5.98371619055e-18,3.63103420307e-18,1.1581585299e-18,4.0990979199e-19,3.44484762159e-20],"var":[0.482871294022,4.11794948578,14.170759201,61.9088439941,170.179702759,821.462158203,2947.53051758,2906.27978516,1471.12792969,4604.56005859,2311.61889648,2591.88012695,3211.84594727,7500.98730469,1814.58728027,4816.96630859,18169.4335938,2592.91455078,1791.0213623,794.087768555,412.657226562,517.270996094,1007.57397461,1016.27105713,1154.02001953,531.916503906,293.468597412,134.655410767,57.6989021301,24.676197052,4.16779947281,0.346950113773,0.0161947719753,0.00217340886593,0.000840014545247,0.000416823342675,0.00496363965794,0.0164390876889,0.00642431108281,0.000509312900249]},"erbbands_crest":{"dmean":2.72510695457,"dmean2":4.48655176163,"dvar":6.29052686691,"dvar2":16.0035495758,"max":30.3992347717,"mean":8.40125846863,"median":7.39515399933,"min":2.47471880913,"var":15.9734401703},"erbbands_flatness_db":{"dmean":0.0189328175038,"dmean2":0.0293452441692,"dvar":0.000274817255558,"dvar2":0.000630223890767,"max":0.338587164879,"mean":0.14604601264,"median":0.140480101109,"min":0.0585903860629,"var":0.00126732280478},"erbbands_kurtosis":{"dmean":0.991735577583,"dmean2":1.57730031013,"dvar":2.02063655853,"dvar2":4.79447937012,"max":30.4578018188,"mean":0.785748839378,"median":0.241065144539,"min":-1.74234640598,"var":4.59194278717},"erbbands_skewness":{"dmean":0.36397716403,"dmean2":0.567821800709,"dvar":0.119577996433,"dvar2":0.273663401604,"max":4.98687171936,"mean":0.229642510414,"median":0.19994777441,"min":-4.49789047241,"var":0.580121219158},"erbbands_spread":{"dmean":6.3582034111,"dmean2":9.89622592926,"dvar":40.0890388489,"dvar2":92.6073684692,"max":119.07169342,"mean":29.530134201,"median":28.1268997192,"min":2.26050281525,"var":159.120605469},"gfcc":{"cov":[[16944.6113281,739.09777832,-323.972564697,699.003540039,520.200500488,-603.234069824,747.2109375,-296.865600586,160.165710449,-176.983169556,64.6813201904,78.6192321777,-151.616836548],[739.09777832,781.057739258,66.5115585327,-205.227371216,118.756492615,-3.96045255661,33.2005577087,-58.8596343994,43.6067695618,-23.1448326111,29.6025333405,-56.5879173279,54.6492271423],[-323.972564697,66.5115585327,316.190246582,83.4416809082,-64.5565338135,105.788070679,-82.4123458862,63.0480422974,-25.2907619476,40.4877052307,-2.81050634384,1.56246066093,25.5892734528],[699.003540039,-205.227371216,83.4416809082,428.034759521,39.4843826294,-84.6146469116,83.7047348022,-24.5976829529,12.3736381531,-3.51960659027,-9.99552059174,60.6068840027,-70.0472640991],[520.200500488,118.756492615,-64.5565338135,39.4843826294,265.95324707,39.3217430115,88.7066192627,-12.5305023193,28.3994121552,-25.1792678833,24.5273990631,-13.6566028595,13.3246116638],[-603.234069824,-3.96045255661,105.788070679,-84.6146469116,39.3217430115,260.918884277,-46.2506332397,80.5456771851,-26.024679184,31.2050590515,9.59758853912,-7.19475889206,38.1521911621],[747.2109375,33.2005577087,-82.4123458862,83.7047348022,88.7066192627,-46.2506332397,235.214126587,-36.8262634277,79.1649475098,-28.6336803436,-5.11659240723,25.3451690674,-44.8057785034],[-296.865600586,-58.8596343994,63.0480422974,-24.5976829529,-12.5305023193,80.5456771851,-36.8262634277,173.35949707,9.85364246368,40.9424171448,13.0291242599,-23.1081142426,39.4462242126],[160.165710449,43.6067695618,-25.2907619476,12.3736381531,28.3994121552,-26.024679184,79.1649475098,9.85364246368,132.010360718,22.6785678864,6.81653547287,31.7183189392,-24.5638561249],[-176.983169556,-23.1448326111,40.4877052307,-3.51960659027,-25.1792678833,31.2050590515,-28.6336803436,40.9424171448,22.6785678864,79.9705429077,36.2566871643,3.7604136467,18.477689743],[64.6813201904,29.6025333405,-2.81050634384,-9.99552059174,24.5273990631,9.59758853912,-5.11659240723,13.0291242599,6.81653547287,36.2566871643,69.8284225464,28.1337680817,18.4039878845],[78.6192321777,-56.5879173279,1.56246066093,60.6068840027,-13.6566028595,-7.19475889206,25.3451690674,-23.1081142426,31.7183189392,3.7604136467,28.1337680817,92.8056182861,0.33260935545],[-151.616836548,54.6492271423,25.5892734528,-70.0472640991,13.3246116638,38.1521911621,-44.8057785034,39.4462242126,-24.5638561249,18.477689743,18.4039878845,0.33260935545,94.0301818848]],"icov":[[0.0000834440070321,-0.000126253886265,0.0000827183685033,-0.000152819455252,-0.0000390097520722,0.000111595050839,-0.00017227580247,-0.0000541070985491,0.000125046848552,-0.00000865295987751,-0.0000408786872867,-0.0000428262210335,0.0000149480092659],[-0.000126253886265,0.00320493592881,-0.00287341070361,0.00213884050027,-0.00106084428262,0.000910763919819,-0.000466814730316,0.00213655317202,-0.00240855920129,0.00256201997399,-0.00311013730243,0.00295453239232,-0.00156328314915],[0.0000827183685033,-0.00287341070361,0.00860187970102,-0.00529387965798,0.00389751140028,-0.00458430591971,0.00208976888098,-0.00122323806863,-0.0003102675837,-0.000852191005833,0.00104908202775,0.000662012433168,-0.00178575061727],[-0.000152819455252,0.00213884050027,-0.00529387965798,0.0083241481334,-0.00539014860988,0.00523898657411,-0.00194532878231,-0.00133295205887,0.00443493388593,-0.00487981038168,0.0049072583206,-0.00692673074082,0.00560407945886],[-0.0000390097520722,-0.00106084428262,0.00389751140028,-0.00539014860988,0.0102643761784,-0.00592013821006,-0.000429818435805,0.00248512788676,-0.00598775828257,0.00841545779258,-0.00923906918615,0.00915697496384,-0.00626416271552],[0.000111595050839,0.000910763919819,-0.00458430591971,0.00523898657411,-0.00592013821006,0.00967192836106,-0.00133889680728,-0.00346064683981,0.00560879707336,-0.00607287837192,0.0056822495535,-0.00690884143114,0.00410015881062],[-0.00017227580247,-0.000466814730316,0.00208976888098,-0.00194532878231,-0.000429818435805,-0.00133889680728,0.00820295233279,0.000374937255401,-0.0045792744495,0.0027082094457,-0.000222025279072,0.000302933622152,0.000645203923341],[-0.0000541070985491,0.00213655317202,-0.00122323806863,-0.00133295205887,0.00248512788676,-0.00346064683981,0.000374937255401,0.0113272257149,-0.00679821893573,0.00364682683721,-0.00679422775283,0.00931446161121,-0.00670597469434],[0.000125046848552,-0.00240855920129,-0.0003102675837,0.00443493388593,-0.00598775828257,0.00560879707336,-0.0045792744495,-0.00679821893573,0.0212957989424,-0.0163136329502,0.0140155684203,-0.0162570104003,0.010315543972],[-0.00000865295987751,0.00256201997399,-0.000852191005833,-0.00487981038168,0.00841545779258,-0.00607287837192,0.0027082094457,0.00364682683721,-0.0163136329502,0.0353057198226,-0.0255941450596,0.0176466796547,-0.0101266736165],[-0.0000408786872867,-0.00311013730243,0.00104908202775,0.0049072583206,-0.00923906918615,0.0056822495535,-0.000222025279072,-0.00679422775283,0.0140155684203,-0.0255941450596,0.0393784865737,-0.0233532059938,0.0079259891063],[-0.0000428262210335,0.00295453239232,0.000662012433168,-0.00692673074082,0.00915697496384,-0.00690884143114,0.000302933622152,0.00931446161121,-0.0162570104003,0.0176466796547,-0.0233532059938,0.0321396812797,-0.0126413721591],[0.0000149480092659,-0.00156328314915,-0.00178575061727,0.00560407945886,-0.00626416271552,0.00410015881062,0.000645203923341,-0.00670597469434,0.010315543972,-0.0101266736165,0.0079259891063,-0.0126413721591,0.0217510871589]],"mean":[-3.69839572906,96.6329193115,-100.011116028,-1.73249793053,-17.276052475,-21.4404029846,8.01402187347,-23.9497032166,2.33287072182,-8.2741355896,-5.65937662125,0.703105211258,-10.0412139893]},"hfc":{"dmean":28.5225296021,"dmean2":45.6172637939,"dvar":1115.8984375,"dvar2":2797.32250977,"max":840.683898926,"mean":143.483535767,"median":133.748077393,"min":1.23260446243e-16,"var":10569.8681641},"melbands":{"dmean":[0.00228483765386,0.00106020551175,0.000546753755771,0.000534690101631,0.000484557560412,0.000317306345096,0.000229115161346,0.00021367604495,0.000142405973747,0.00013398140436,0.000110735636554,0.000141609474667,0.0000575699596084,0.0000608454320172,0.0000581760796194,0.0000443730241386,0.0000336032135237,0.0000265396465693,0.000018655007807,0.0000133660014399,0.0000102357917058,0.00000950074081629,0.000010231370652,0.00000940912741498,0.00000737375648896,0.00000619027150606,0.00000506274091094,0.00000362719174518,0.00000287269767796,0.00000207098446481,0.00000148881235873,0.00000113030478133,0.00000117957119983,7.44613601e-7,3.40469910043e-7,1.71296207441e-7,7.31887155325e-8,3.48892577051e-8,2.46382327873e-8,2.08628812004e-8],"dmean2":[0.00386674515903,0.00179243006278,0.000891069357749,0.000857605133206,0.000745984609239,0.000502488110214,0.000377920572646,0.00034998220508,0.000237514686887,0.000223908529733,0.000185074619367,0.000239214627072,0.0000958240561886,0.000101991543488,0.0000947685548454,0.0000719712115824,0.0000563206085644,0.0000443324352091,0.0000308551825583,0.000022102287403,0.0000173380794877,0.0000163310251082,0.0000170769471879,0.0000152222046381,0.0000117573908938,0.00000962722697295,0.00000780744539952,0.00000568427685721,0.00000449707340522,0.00000320682329402,0.00000225930671149,0.00000169883821854,0.00000180620043011,0.00000110391033559,5.07842798925e-7,2.58336967818e-7,1.15527164724e-7,5.73428806661e-8,4.09320719541e-8,3.45725617024e-8],"dvar":[0.0000280443273368,0.00000259165722127,8.80819300164e-7,9.16334329304e-7,0.00000156365535986,6.33274112261e-7,2.07409129871e-7,2.30884580787e-7,9.79813137292e-8,6.4619982254e-8,5.15429157133e-8,8.34782767356e-8,1.18688596729e-8,1.36912001736e-8,2.98706481772e-8,1.41405553933e-8,4.2603698347e-9,3.30686300565e-9,9.22396770076e-10,5.7307536494e-10,3.88621662628e-10,3.67556762804e-10,4.53063753181e-10,3.78487324815e-10,2.71906996918e-10,3.05529601619e-10,1.97269992008e-10,8.31259644452e-11,5.36990625577e-11,3.44336087421e-11,1.50927603748e-11,7.18902888608e-12,7.00707287332e-12,3.34846213257e-12,6.74518438066e-13,1.62623048166e-13,5.26035141282e-14,9.42812637721e-15,2.10271037541e-15,1.28383597969e-15],"dvar2":[0.000076386044384,0.00000706643959347,0.00000212629379348,0.0000022706733489,0.00000352152619598,0.00000153783196311,5.50708932678e-7,5.74297075673e-7,2.66614080147e-7,1.78981935051e-7,1.39065363669e-7,2.28079827025e-7,3.0161832143e-8,3.68073536094e-8,7.45254737922e-8,3.11363130834e-8,1.08017816913e-8,8.28965251998e-9,2.35516406377e-9,1.41627920502e-9,1.04827546643e-9,1.00938257752e-9,1.17912557496e-9,8.97693752666e-10,6.47487508054e-10,6.94857449357e-10,4.23113322157e-10,1.78557973962e-10,1.15143915236e-10,7.35867755619e-11,3.26719692967e-11,1.48398220795e-11,1.53852295487e-11,7.0731853534e-12,1.48544761561e-12,3.68089619115e-13,1.27010503352e-13,2.31049666297e-14,5.28141517404e-15,3.17007035653e-15],"max":[0.0741444677114,0.0297195650637,0.0262111518532,0.0200977493078,0.0294302199036,0.0243644155562,0.0108594773337,0.0122016565874,0.0103431213647,0.0068345204927,0.0066168573685,0.00751397758722,0.0041619092226,0.00619916478172,0.0079792952165,0.00653339596465,0.00260991300456,0.00252525671385,0.000673964852467,0.000766483950429,0.000475835026009,0.000399735727115,0.000559678999707,0.000529673183337,0.000431824126281,0.000403844343964,0.000447272701422,0.000224899864406,0.000209586651181,0.00029086752329,0.000148257109686,0.0000995935843093,0.0000795588202891,0.000127045539557,0.0000408752675867,0.0000194661279238,0.0000144543828355,0.00000624053700449,0.00000150028654389,6.13692122897e-7],"mean":[0.00311177782714,0.00158781767823,0.000903738080524,0.000850197917316,0.000737602123991,0.000491461658385,0.00035400383058,0.000327305780957,0.00022020736651,0.000207081451663,0.000175399298314,0.000220564004849,0.000098933771369,0.000105066457763,0.000105870298285,0.0000820537607069,0.0000615711251157,0.0000494313171657,0.0000344522850355,0.000024608349122,0.0000172241598193,0.0000151746489792,0.0000174239139596,0.0000173341286427,0.0000136547423608,0.0000111560912046,0.00000914790598472,0.00000676425406709,0.00000541746612726,0.00000391486719309,0.00000286418980977,0.00000222345715883,0.00000195148550119,0.00000119932951748,6.03902947205e-7,2.98933372278e-7,9.66660493873e-8,3.58578731152e-8,2.48777158873e-8,2.14120063902e-8],"median":[0.00166336563416,0.00101031758823,0.000492957886308,0.000425946200266,0.000237164407736,0.000192435923964,0.000173279360752,0.000146371006849,0.00010397740698,0.000101290861494,0.0000813388105598,0.000101456338598,0.0000528986929567,0.0000578530161874,0.000048343797971,0.0000407382794947,0.0000350509144482,0.0000294401288556,0.0000202675328183,0.0000152449865709,0.0000100768738776,0.0000081666312326,0.00000914201518754,0.00000895372613741,0.00000629219312032,0.00000422196080763,0.00000340259794029,0.0000029787170206,0.00000240240137828,0.0000016719238829,0.00000123257655105,9.52130960741e-7,7.5616662798e-7,4.27223483257e-7,2.4515242103e-7,1.27786279336e-7,3.54290783378e-8,1.08534923271e-8,8.94891627468e-9,8.11964451231e-9],"min":[7.41564828535e-24,2.46389091713e-23,1.8122340648e-23,3.69775709423e-24,1.60516060154e-23,1.25347228938e-23,1.07703139947e-23,1.33298402548e-23,5.71516236311e-24,1.35125443848e-24,3.51231206706e-24,9.40759543509e-24,1.55870884268e-23,5.17898583318e-24,7.2411120212e-24,1.61143898771e-23,1.9554037994e-23,9.56145013288e-24,7.24309837296e-24,8.50031704167e-24,1.28145208128e-23,1.45609996924e-23,1.07686147883e-23,1.55883490265e-23,1.03699591967e-23,1.01035600801e-23,1.36149172311e-23,1.22039811264e-23,1.13762601441e-23,1.61745815419e-23,1.53163497864e-23,8.51626544259e-24,1.0380641951e-23,9.37352689918e-24,9.01415026975e-24,8.16558916009e-24,1.02196464843e-23,1.26219385666e-23,1.30109337676e-23,1.15480424948e-23],"var":[0.000025186500352,0.00000372124191017,0.00000168730252881,0.00000170900489138,0.00000309352844852,0.00000132763375404,3.57594387879e-7,4.44847586323e-7,1.47933647554e-7,1.0077132373e-7,8.57362039142e-8,1.45309755339e-7,2.24470610988e-8,2.99559417272e-8,7.48057402689e-8,4.23857997589e-8,9.66750768328e-9,6.15733508624e-9,1.96602001346e-9,1.09135278592e-9,5.71199865185e-10,5.21957199684e-10,8.36864910703e-10,9.28339682904e-10,6.81218970122e-10,6.91055435098e-10,4.89090157263e-10,2.05543193577e-10,1.35194855311e-10,8.07058656016e-11,3.86374023054e-11,2.11854440241e-11,1.40413791705e-11,6.61350965311e-12,1.69824495178e-12,4.03581925908e-13,7.69779544469e-14,1.07898512716e-14,2.15248859589e-15,1.3974683083e-15]},"melbands_crest":{"dmean":4.23017930984,"dmean2":6.9466753006,"dvar":14.3959531784,"dvar2":36.5247535706,"max":38.4460487366,"mean":14.6258029938,"median":13.4845314026,"min":2.18395805359,"var":37.6157073975},"melbands_flatness_db":{"dmean":0.0290459990501,"dmean2":0.0453452952206,"dvar":0.00070310063893,"dvar2":0.00162845500745,"max":0.474148660898,"mean":0.223987743258,"median":0.220721140504,"min":0.00662997551262,"var":0.00308495247737},"melbands_kurtosis":{"dmean":5.54186201096,"dmean2":9.04711055756,"dvar":182.644134521,"dvar2":433.567260742,"max":769.780395508,"mean":8.82308006287,"median":4.85083818436,"min":-1.78225231171,"var":312.499725342},"melbands_skewness":{"dmean":0.715046703815,"dmean2":1.13986206055,"dvar":0.674440205097,"dvar2":1.62223434448,"max":24.8844356537,"mean":2.16523241997,"median":1.96838223934,"min":-2.38530087471,"var":2.024923563},"melbands_spread":{"dmean":6.35851335526,"dmean2":9.97959709167,"dvar":77.6006317139,"dvar2":164.759887695,"max":226.820159912,"mean":22.3774871826,"median":19.1784973145,"min":0.815565705299,"var":323.101989746},"mfcc":{"cov":[[11055.6904297,1381.16748047,-1074.1817627,1094.27050781,-345.049224854,375.526153564,-96.8294906616,334.47744751,-103.114402771,127.686431885,13.0604038239,-20.0482254028,22.0646133423],[1381.16748047,1200.80078125,-141.831375122,-110.672088623,26.3077774048,59.4729270935,18.862657547,-22.9906749725,50.3541030884,-6.80160999298,28.3313827515,-4.32662439346,0.59612429142],[-1074.1817627,-141.831375122,492.313018799,-111.704566956,72.1880874634,-61.4257736206,-1.33407235146,-58.8793449402,16.1709690094,-21.5861816406,5.70069789886,7.7385764122,-8.71006202698],[1094.27050781,-110.672088623,-111.704566956,537.868713379,-96.8054428101,87.1371459961,-55.6073265076,84.6280975342,-58.3868370056,38.8721694946,-11.2830057144,-3.98767805099,8.23827075958],[-345.049224854,26.3077774048,72.1880874634,-96.8054428101,234.799667358,-7.33477544785,78.3708190918,-25.4062461853,38.7993125916,-24.0734825134,12.3668212891,22.4734420776,7.30496406555],[375.526153564,59.4729270935,-61.4257736206,87.1371459961,-7.33477544785,192.450164795,12.712978363,68.7323989868,-15.1332559586,4.74175167084,-3.31853151321,18.1201972961,15.7478561401],[-96.8294906616,18.862657547,-1.33407235146,-55.6073265076,78.3708190918,12.712978363,140.640472412,1.22814190388,36.1206665039,-13.0136165619,4.49537801743,6.95778846741,1.96371030807],[334.47744751,-22.9906749725,-58.8793449402,84.6280975342,-25.4062461853,68.7323989868,1.22814190388,136.61656189,19.0019550323,27.5461044312,9.52995109558,14.2802591324,9.74782657623],[-103.114402771,50.3541030884,16.1709690094,-58.3868370056,38.7993125916,-15.1332559586,36.1206665039,19.0019550323,104.23651886,27.0584373474,22.6939525604,5.73610639572,0.345473051071],[127.686431885,-6.80160999298,-21.5861816406,38.8721694946,-24.0734825134,4.74175167084,-13.0136165619,27.5461044312,27.0584373474,75.325630188,27.5525379181,10.3642997742,3.83425927162],[13.0604038239,28.3313827515,5.70069789886,-11.2830057144,12.3668212891,-3.31853151321,4.49537801743,9.52995109558,22.6939525604,27.5525379181,70.9241409302,28.2879123688,9.96348190308],[-20.0482254028,-4.32662439346,7.7385764122,-3.98767805099,22.4734420776,18.1201972961,6.95778846741,14.2802591324,5.73610639572,10.3642997742,28.2879123688,67.8087158203,24.9592094421],[22.0646133423,0.59612429142,-8.71006202698,8.23827075958,7.30496406555,15.7478561401,1.96371030807,9.74782657623,0.345473051071,3.83425927162,9.96348190308,24.9592094421,55.1538238525]],"icov":[[0.000178360074642,-0.00021707743872,0.000220868882025,-0.000311350915581,0.0000555859078304,0.00000726643429516,-0.0000349727924913,-0.000185479075299,0.000117543560918,-0.0000569285548409,-0.0000208982382901,0.0000107332998596,0.0000391077082895],[-0.00021707743872,0.00123475992586,0.0000886761117727,0.000579015235417,-0.0000976194060058,-0.000574200996198,0.000258152838796,0.00071913888678,-0.000781878712587,0.000424080586527,-0.000509562378284,0.000264141970547,-0.0000104646187538],[0.000220868882025,0.0000886761117727,0.00273059727624,-0.000105766615889,-0.000548367155716,0.000165713398019,0.000582998793107,0.000512709957547,-0.000418237032136,0.000480128423078,-0.000286637368845,-0.000364010687917,0.000457396352431],[-0.000311350915581,0.000579015235417,-0.000105766615889,0.00312436581589,0.000171109903022,-0.000673126487527,0.000462982861791,-0.000727467762772,0.00121853186283,-0.0012065321207,0.000283156172372,0.000425060483394,-0.000250730197877],[0.0000555859078304,-0.0000976194060058,-0.000548367155716,0.000171109903022,0.00620952202007,-0.000230375764659,-0.00265104859136,0.000872422533575,-0.00159235054161,0.00185291271191,-0.000440343574155,-0.00171103340108,-0.000214781612158],[0.00000726643429516,-0.000574200996198,0.000165713398019,-0.000673126487527,-0.000230375764659,0.0074192546308,-0.00113366963342,-0.00352866784669,0.00191201944835,0.0000329237154801,0.00111814693082,-0.00146045838483,-0.000849192787427],[-0.0000349727924913,0.000258152838796,0.000582998793107,0.000462982861791,-0.00265104859136,-0.00113366963342,0.0097976392135,0.0000890461305971,-0.00307899201289,0.00203823996708,-0.000153600252816,0.0000544797112525,0.000225037685595],[-0.000185479075299,0.00071913888678,0.000512709957547,-0.000727467762772,0.000872422533575,-0.00352866784669,0.0000890461305971,0.0114010749385,-0.00354336970486,-0.0012533912668,-0.000115990631457,-0.00126532907598,-0.000167254707776],[0.000117543560918,-0.000781878712587,-0.000418237032136,0.00121853186283,-0.00159235054161,0.00191201944835,-0.00307899201289,-0.00354336970486,0.015235029161,-0.00598076032475,-0.00157982902601,0.00144299620297,0.0000669469809509],[-0.0000569285548409,0.000424080586527,0.000480128423078,-0.0012065321207,0.00185291271191,0.0000329237154801,0.00203823996708,-0.0012533912668,-0.00598076032475,0.0201184414327,-0.00632741814479,-0.000713636865839,0.000273202807875],[-0.0000208982382901,-0.000509562378284,-0.000286637368845,0.000283156172372,-0.000440343574155,0.00111814693082,-0.000153600252816,-0.000115990631457,-0.00157982902601,-0.00632741814479,0.0205054674298,-0.00749194389209,-0.000172789688804],[0.0000107332998596,0.000264141970547,-0.000364010687917,0.000425060483394,-0.00171103340108,-0.00146045838483,0.0000544797112525,-0.00126532907598,0.00144299620297,-0.000713636865839,-0.00749194389209,0.0220536701381,-0.00784895382822],[0.0000391077082895,-0.0000104646187538,0.000457396352431,-0.000250730197877,-0.000214781612158,-0.000849192787427,0.000225037685595,-0.000167254707776,0.0000669469809509,0.000273202807875,-0.000172789688804,-0.00784895382822,0.0220814775676]],"mean":[-661.79095459,157.698822021,-23.9066524506,34.5363883972,-13.3468341827,21.1771259308,-3.93649959564,9.12779045105,-2.63267350197,4.04161500931,3.27779126167,-0.342230409384,1.08827400208]},"pitch_salience":{"dmean":0.0756338760257,"dmean2":0.123536601663,"dvar":0.00487363897264,"dvar2":0.0121437236667,"max":0.876485586166,"mean":0.583525657654,"median":0.599942564964,"min":0.0622494965792,"var":0.0120182819664},"silence_rate_20dB":{"dmean":0,"dmean2":0,"dvar":0,"dvar2":0,"max":1,"mean":1,"median":1,"min":1,"var":0},"silence_rate_30dB":{"dmean":0.0265666041523,"dmean2":0.0531371943653,"dvar":0.0258594658226,"dvar2":0.0635193511844,"max":1,"mean":0.978688299656,"median":1,"min":0,"var":0.0208596009761},"silence_rate_60dB":{"dmean":0.00690431520343,"dmean2":0.0138096669689,"dvar":0.00685489783064,"dvar2":0.0149668864906,"max":1,"mean":0.0756416022778,"median":0,"min":0,"var":0.0699147358537},"spectral_centroid":{"dmean":228.795532227,"dmean2":344.367004395,"dvar":80139.265625,"dvar2":144656.96875,"max":10959.6044922,"mean":1212.36499023,"median":1084.7076416,"min":201.331741333,"var":390333.8125},"spectral_complexity":{"dmean":3.6697936058,"dmean2":5.73356342316,"dvar":15.416721344,"dvar2":32.2592697144,"max":60,"mean":22.9817657471,"median":23,"min":0,"var":133.954803467},"spectral_contrast_coeffs":{"dmean":[0.0556054674089,0.0491917692125,0.0389506295323,0.0275862365961,0.0208443067968,0.0510935410857],"dmean2":[0.0914517194033,0.0825763270259,0.0654544010758,0.046307053417,0.0341012105346,0.0791108459234],"dvar":[0.00194987666328,0.00152057316154,0.000927600602154,0.000471534003736,0.000300941930618,0.00185645278543],"dvar2":[0.00528432056308,0.00414684927091,0.0026000761427,0.00131679850165,0.000773025967646,0.00431232294068],"max":[-0.297419190407,-0.413640826941,-0.564587950706,-0.598697602749,-0.639690935612,-0.35094922781],"mean":[-0.681764006615,-0.768902778625,-0.793582201004,-0.810421645641,-0.81529289484,-0.692838311195],"median":[-0.686182260513,-0.77605843544,-0.796947360039,-0.813240766525,-0.816164851189,-0.693677961826],"min":[-0.94482421875,-0.968128919601,-0.966033637524,-0.963198542595,-0.96396946907,-0.959188401699],"var":[0.00715486193076,0.00450117653236,0.00264073139988,0.00149587716442,0.00115442532115,0.00714742485434]},"spectral_contrast_valleys":{"dmean":[0.395295530558,0.351550638676,0.290590852499,0.255006819963,0.266999512911,0.642157137394],"dmean2":[0.658736824989,0.578194618225,0.470608353615,0.40200316906,0.388126939535,1.02722465992],"dvar":[0.122059591115,0.0949356257915,0.0729477256536,0.0717544332147,0.106557421386,0.300619214773],"dvar2":[0.288365274668,0.212488979101,0.147418022156,0.129099100828,0.182166963816,0.750558376312],"max":[-4.92851066589,-4.32145500183,-5.10688400269,-5.46331739426,-5.33554124832,-8.9884262085],"mean":[-7.02027511597,-6.4445977211,-6.86470413208,-7.31097888947,-7.56631994247,-11.3725471497],"median":[-6.64580535889,-6.1924200058,-6.5667963028,-6.9760723114,-7.20000648499,-11.1657161713],"min":[-27.8041687012,-27.5813865662,-27.0346851349,-27.3123626709,-27.1768875122,-27.244436264],"var":[2.14816427231,1.59806370735,1.62791895866,1.67254126072,1.95119249821,1.48238122463]},"spectral_decrease":{"dmean":3.26127991279e-9,"dmean2":5.3012279011e-9,"dvar":2.83191767804e-17,"dvar2":7.34374653594e-17,"max":2.53349385915e-9,"mean":-7.32134708414e-9,"median":-5.94169602408e-9,"min":-8.16254441816e-8,"var":4.27720767983e-17},"spectral_energy":{"dmean":0.0126261105761,"dmean2":0.020495088771,"dvar":0.000408283434808,"dvar2":0.00105891446583,"max":0.343319833279,"mean":0.0406468808651,"median":0.0374279022217,"min":1.13262521245e-20,"var":0.000824944465421},"spectral_energyband_high":{"dmean":0.000273096724413,"dmean2":0.000387406704249,"dvar":3.12571074801e-7,"dvar2":5.37125572464e-7,"max":0.0224654264748,"mean":0.00092782988213,"median":0.000559941167012,"min":8.25726988029e-21,"var":0.00000165780738826},"spectral_energyband_low":{"dmean":0.00893195997924,"dmean2":0.0149770369753,"dvar":0.000330994225806,"dvar2":0.000886237074155,"max":0.266696482897,"mean":0.0145360743627,"median":0.00975680816919,"min":1.28702883879e-22,"var":0.000344170606695},"spectral_energyband_middle_high":{"dmean":0.00203806115314,"dmean2":0.0032726151403,"dvar":0.00000940793142945,"dvar2":0.0000237396961893,"max":0.0856087058783,"mean":0.00652086222544,"median":0.00470426119864,"min":1.75592288885e-21,"var":0.0000458986542071},"spectral_energyband_middle_low":{"dmean":0.00538085820153,"dmean2":0.00840656366199,"dvar":0.0000616551697021,"dvar2":0.000146584585309,"max":0.153896048665,"mean":0.0133435809985,"median":0.009720871225,"min":2.58827257243e-22,"var":0.000175138644408},"spectral_entropy":{"dmean":0.141211748123,"dmean2":0.21349260211,"dvar":0.0209688767791,"dvar2":0.0431249849498,"max":9.80412101746,"mean":7.5731844902,"median":7.62673377991,"min":5.72736597061,"var":0.102000191808},"spectral_flux":{"dmean":0.0236203446984,"dmean2":0.0388204604387,"dvar":0.000974432216026,"dvar2":0.0023076471407,"max":0.475091457367,"mean":0.107484787703,"median":0.106085523963,"min":1.06424868918e-10,"var":0.00286676199175},"spectral_kurtosis":{"dmean":3.44408679008,"dmean2":5.25266647339,"dvar":24.6113605499,"dvar2":56.8772659302,"max":116.075805664,"mean":16.5907096863,"median":14.8758411407,"min":-1.25277853012,"var":79.3935165405},"spectral_rms":{"dmean":0.000880518171471,"dmean2":0.00139929307625,"dvar":0.00000120857237107,"dvar2":0.00000294525807476,"max":0.0183015353978,"mean":0.00581573974341,"median":0.00604276638478,"min":3.32415431986e-12,"var":0.00000583282098887},"spectral_rolloff":{"dmean":4301.02880859,"dmean2":8135.97412109,"dvar":50606612,"dvar2":120375624,"max":22006.9335938,"mean":11311.4521484,"median":7224.38964844,"min":21.533203125,"var":92195720},"spectral_skewness":{"dmean":0.300115674734,"dmean2":0.440620660782,"dvar":0.144222095609,"dvar2":0.295380741358,"max":8.99134159088,"mean":2.62759017944,"median":2.52505254745,"min":0.0101734781638,"var":0.682505846024},"spectral_spread":{"dmean":394608.875,"dmean2":616233.375,"dvar":235787714560,"dvar2":400768237568,"max":41372280,"mean":3886709,"median":3831447,"min":1633239.75,"var":810537713664},"spectral_strongpeak":{"dmean":1.80910468102,"dmean2":3.37933087349,"dvar":73.1724777222,"dvar2":199.125183105,"max":115.991523743,"mean":1.58574795723,"median":0.271011292934,"min":0,"var":58.9040908813},"zerocrossingrate":{"dmean":0.0318961441517,"dmean2":0.0409741029143,"dvar":0.000745240540709,"dvar2":0.00118587142788,"max":0.61767578125,"mean":0.246990725398,"median":0.244140625,"min":0.01513671875,"var":0.00756135350093}},"metadata":{"audio_properties":{"analysis_sample_rate":44100,"bit_rate":128000,"codec":"mp3","downmix":"mix","equal_loudness":0,"length":309.394287109,"lossless":false,"md5_encoded":"ef3883f61349de99e7dc25930d46399c","replay_gain":-3.60307884216,"sample_rate":44100},"tags":{"album":["Crush"],"albumartist":["Bon Jovi"],"albumartistsort":["Bon Jovi"],"artist":["Bon Jovi"],"artistsort":["Bon Jovi"],"asin":["B00004TGAV"],"barcode":["731454256223"],"catalognumber":["542 562-2"],"date":["2000-11-27"],"file_name":"04 Two Story Town.mp3","label":["Island Def Jam Music Group"],"musicbrainz album release country":["DE"],"musicbrainz album status":["official"],"musicbrainz album type":["album"],"musicbrainz_albumartistid":["5dcdb5eb-cb72-4e6e-9e63-b7bace604965"],"musicbrainz_albumid":["0e584652-f3f7-4e77-8694-beccbcba2841"],"musicbrainz_artistid":["5dcdb5eb-cb72-4e6e-9e63-b7bace604965"],"musicbrainz_recordingid":["4875825b-ff6c-4ad9-aca4-415525bebabd"],"title":["Two Story Town"],"tracknumber":["4/13"]},"version":{"essentia":"2.1-beta1","essentia_build_sha":"ec322331fa6aaecceef5ae0ec8bb6dd0710d66ba","essentia_git_sha":"v2.1_beta1-28-g21ef5f4","extractor":"music 1.0"}},"rhythm":{"beats_count":486,"beats_loudness":{"dmean":0.0205774791539,"dmean2":0.036522038281,"dvar":0.000359779805876,"dvar2":0.00108155689668,"max":0.159270569682,"mean":0.0528750568628,"median":0.0515512675047,"min":1.25446797394e-9,"var":0.000773360370658},"beats_loudness_band_ratio":{"dmean":[0.222865611315,0.175883501768,0.0938870385289,0.0621816292405,0.0407953076065,0.0756118670106],"dmean2":[0.405448824167,0.316577345133,0.167238473892,0.108274482191,0.0739339292049,0.128308743238],"dvar":[0.0317750275135,0.0243340637535,0.00747272046283,0.00345697114244,0.00248408480547,0.00604551937431],"dvar2":[0.102464810014,0.0737033560872,0.0204123873264,0.0104122525081,0.00759407551959,0.0160018447787],"max":[0.916242897511