{"lowlevel":{"average_loudness":0.955724418163,"barkbands":{"dmean":[0.0000689152511768,0.00322460918687,0.00134407053702,0.00293084816076,0.00359918968752,0.00171910517383,0.00105256051756,0.000719403498806,0.000606821209658,0.000413701869547,0.000179577647941,0.000230252262554,0.000148084262037,0.000185143173439,0.000192582388991,0.00021591069526,0.000193975167349,0.000123576755868,0.0000505861753481,0.0000483253716084,0.0000540381624887,0.0000499505076732,0.0000353699615516,0.0000214396004594,0.0000162207434187,0.0000139281901284,0.0000044212456487],"dmean2":[0.000117321331345,0.005084507633,0.00219939742237,0.00466859154403,0.00595389818773,0.00278410152532,0.00166082754731,0.00112357467879,0.000988309038803,0.000653370807413,0.000293035962386,0.000362936989404,0.000234238512348,0.000296589510981,0.000304136541672,0.000342814164469,0.000305922498228,0.000190637161722,0.0000777934255893,0.0000739793540561,0.0000777033055783,0.0000706243590685,0.0000504042873217,0.000029733604606,0.0000218981676881,0.0000176979447133,0.00000588484044783],"dvar":[8.20142176394e-9,0.0000274348130915,0.00000432620527135,0.000030115541449,0.0000352520874003,0.0000101955229184,0.00000420151582148,0.00000200249655791,0.00000211562723962,4.80882931697e-7,1.49174510966e-7,1.45900159509e-7,7.54173044015e-8,1.18858977771e-7,2.00588942789e-7,3.38296842983e-7,2.01481157092e-7,1.9642205018e-7,1.07930056004e-8,6.17414208648e-9,8.62531024381e-9,1.12626512561e-8,4.3756296364e-9,2.31441488197e-9,6.17024153993e-10,5.34077670977e-10,6.70129368663e-11],"dvar2":[2.20413589602e-8,0.0000664559920551,0.0000121399343698,0.0000728405866539,0.0000928260560613,0.0000263892343355,0.0000110293276521,0.0000049066493375,0.00000531430623596,0.00000119200115023,3.90065849842e-7,3.48121773186e-7,1.81325674475e-7,2.86568649699e-7,5.20429239259e-7,8.33343278828e-7,4.83171390897e-7,4.85077805479e-7,2.7711218209e-8,1.49197862953e-8,2.02059400323e-8,2.74023843616e-8,8.64533511447e-9,3.84642095952e-9,1.20684107152e-9,9.17168674341e-10,1.1871573169e-10],"max":[0.00120416714344,0.0712739303708,0.0305970478803,0.159041762352,0.06733571738,0.0622641220689,0.0400632433593,0.0327942222357,0.0372121408582,0.0129108913243,0.00669302977622,0.00935250148177,0.00654135365039,0.0152193019167,0.0117215896025,0.012873112224,0.0144527936354,0.0167613420635,0.00373746128753,0.00250953645445,0.00299118529074,0.00548880780116,0.00240159151144,0.00320610310882,0.0006427259068,0.000489051570185,0.000212406957871],"mean":[0.000171266859979,0.0081170219928,0.00350343994796,0.00517083937302,0.0069599985145,0.00272520445287,0.00170954491477,0.00121319666505,0.000980398966931,0.000688825210091,0.000265362032223,0.000400560675189,0.00025031491532,0.000321396946674,0.000322043575579,0.000382625934435,0.000373610440874,0.000250602664892,0.000117488154501,0.000126705417642,0.00013553124154,0.000122916666442,0.0000962707126746,0.0000597419857513,0.0000424376084993,0.0000281202937913,0.00000854160316521],"median":[0.000156668334967,0.00539008062333,0.00290815345943,0.00264478637837,0.00362613610923,0.00138648482971,0.000897158693988,0.000593900273088,0.000392218003981,0.000379475881346,0.000106102233985,0.00022721978894,0.000109220069135,0.000155024099513,0.000143621844472,0.000112922854896,0.000176191591891,0.0000821786743472,0.0000543140668015,0.0000775681546656,0.0000698433286743,0.0000528964483237,0.0000485652053612,0.0000322373052768,0.0000205857977562,0.00000901785551832,0.00000304993318423],"min":[4.04394801223e-25,4.84774116692e-24,9.41334307565e-25,2.53635026633e-25,1.02850872296e-23,4.67644751553e-24,8.3418269972e-24,7.43505189703e-24,1.0238448984e-23,1.39189158249e-23,1.31229512273e-23,2.20650090766e-23,2.82383394869e-23,3.33090458778e-23,4.5287930278e-23,4.62380343522e-23,7.23393528023e-23,8.60138968738e-23,1.22511120945e-22,1.49810908436e-22,2.59702148163e-22,2.7504179459e-22,3.90840138372e-22,5.71218851527e-22,8.72914350217e-22,1.19774722761e-21,1.86396749986e-21],"var":[1.11340030529e-8,0.0000609483467997,0.00000882913536771,0.0000498390509165,0.0000670893350616,0.0000167655543919,0.00000791346883489,0.00000465870607513,0.00000558603051104,8.865390555e-7,2.46030253948e-7,3.46231047388e-7,1.830036922e-7,2.66723333198e-7,3.59197684929e-7,7.76732406393e-7,4.87627062284e-7,7.05850027316e-7,3.51401752141e-8,2.83836207871e-8,4.28305355626e-8,7.05538099055e-8,2.65798352217e-8,1.02289758885e-8,3.2722768939e-9,1.91379667669e-9,2.05852973556e-10]},"barkbands_crest":{"dmean":2.0907831192,"dmean2":3.412068367,"dvar":3.91704440117,"dvar2":10.3432044983,"max":22.8355770111,"mean":10.4237747192,"median":10.0064382553,"min":2.9618935585,"var":10.9599409103},"barkbands_flatness_db":{"dmean":0.0165514834225,"dmean2":0.0242077428848,"dvar":0.000244039605604,"dvar2":0.000495746848173,"max":0.330732494593,"mean":0.13404430449,"median":0.127830818295,"min":0.0158437956125,"var":0.00201919605024},"barkbands_kurtosis":{"dmean":2.90229725838,"dmean2":4.48787879944,"dvar":12.0540370941,"dvar2":28.0492019653,"max":103.171958923,"mean":7.59851932526,"median":5.87372970581,"min":-1.81210720539,"var":50.3794288635},"barkbands_skewness":{"dmean":0.433828979731,"dmean2":0.663773834705,"dvar":0.162880629301,"dvar2":0.39202862978,"max":8.78473758698,"mean":2.1872844696,"median":2.21518778801,"min":-2.14734745026,"var":1.2332136631},"barkbands_spread":{"dmean":3.42205142975,"dmean2":5.26549053192,"dvar":14.0307331085,"dvar2":32.3838233948,"max":82.7580566406,"mean":16.2244567871,"median":14.4840955734,"min":1.4449968338,"var":94.2040328979},"dissonance":{"dmean":0.0167293399572,"dmean2":0.0281984191388,"dvar":0.000230416146223,"dvar2":0.000656630843878,"max":0.499999970198,"mean":0.46473300457,"median":0.468757420778,"min":0.346946209669,"var":0.000478587404359},"dynamic_complexity":3.08477020264,"erbbands":{"dmean":[0.0691402778029,0.812479019165,1.48074674606,5.27961158752,14.9069261551,9.45473194122,15.3557329178,12.1258058548,14.541727066,13.3186092377,17.0623474121,14.4508237839,12.788438797,11.4374275208,6.859187603,9.87990665436,6.12387037277,9.89674663544,8.71163654327,12.1134243011,9.72980880737,9.03397941589,7.24174118042,2.54120874405,2.59446907043,2.33745121956,2.21287989616,2.14486455917,1.73428153992,1.62315297127,0.900913178921,0.580595314503,0.310572296381,0.218052476645,0.103063561022,0.0614600963891,0.0263657420874,0.00622010463849,0.000794897961896,0.0000368177679775],"dmean2":[0.109129406512,1.27938246727,2.4190568924,8.2339515686,23.8581771851,16.3361186981,25.8897533417,19.4153785706,23.2171478271,20.9497261047,26.1116847992,23.7513027191,20.0131855011,18.4772834778,10.974905014,15.2962818146,9.65013790131,15.900261879,13.6967449188,18.6879024506,15.1341428757,14.1400060654,11.0321550369,3.86246585846,3.98534059525,3.59151339531,3.25827431679,3.08859372139,2.43162631989,2.31417441368,1.29666745663,0.838658690453,0.426796853542,0.30639064312,0.137529224157,0.0812382474542,0.0345363467932,0.00818532146513,0.00106043193955,0.0000479484115203],"dvar":[0.0149622820318,1.67550468445,5.11790657043,89.3289031982,688.55847168,291.509490967,725.619628906,605.33807373,736.776550293,780.300231934,1116.08764648,1371.75402832,626.392578125,451.248168945,186.105255127,303.41885376,111.671257019,266.858856201,366.897827148,1181.12866211,513.282043457,423.911346436,641.479736328,27.6467781067,26.3444862366,15.7218513489,18.3215656281,12.3595867157,14.609500885,10.4722118378,3.42237734795,2.69711089134,0.257839590311,0.12085249275,0.0254198145121,0.0102581065148,0.00209038099274,0.000115206516057,0.00000289278364107,3.65734442731e-9],"dvar2":[0.0357766635716,4.08420419693,14.1223802567,224.346817017,1724.15197754,826.643859863,1972.51306152,1480.88684082,1905.98205566,1913.8347168,2565.36254883,3539.65014648,1484.20385742,1108.6517334,466.966766357,719.958984375,267.245666504,677.30859375,880.56048584,3060.73120117,1270.98364258,994.729248047,1574.67150879,60.2275657654,66.7978363037,39.2973937988,46.6372718811,26.3781661987,37.1325531006,24.8295974731,6.20530414581,4.83229017258,0.468577980995,0.255844295025,0.0495177283883,0.017964752391,0.00393512984738,0.000206774173421,0.00000520080675415,6.06684880111e-9],"max":[1.51748633385,17.5710811615,32.3509140015,282.77331543,286.924591064,208.280151367,291.302124023,628.656005859,556.527404785,614.185302734,896.537231445,1004.79730225,734.344299316,458.829406738,267.655853271,479.379760742,276.213195801,333.742126465,749.83392334,844.414916992,624.94909668,887.779785156,1012.10180664,226.589859009,149.607040405,123.8126297,147.536712646,105.775520325,178.764678955,167.742965698,82.0845565796,108.9973526,16.2794361115,10.7671833038,4.58710670471,3.04851531982,0.717069864273,0.16524720192,0.0588393211365,0.00184850557707],"mean":[0.13983745873,2.13711428642,4.50026941299,11.663602829,27.0613269806,15.7929487228,21.7137699127,20.0437164307,23.9983158112,22.5600624084,29.2893028259,24.2872028351,22.7234706879,18.7368659973,12.2002296448,17.338842392,11.7220058441,17.9689464569,15.9428634644,21.2178668976,19.6866874695,19.4299850464,15.6310462952,6.11702299118,6.27059316635,6.12562847137,5.71919965744,5.04202222824,4.25017881393,3.99194812775,2.49666142464,1.48856472969,0.887247741222,0.554245114326,0.257451355457,0.133180931211,0.0487023741007,0.0113021843135,0.00153372914065,0.00010533008026],"median":[0.066662594676,1.56979060173,3.94806718826,6.26259708405,12.581823349,9.29287815094,9.93419456482,9.77155208588,13.8021583557,10.9011526108,15.0195732117,10.333316803,11.9512834549,9.74184989929,6.58481264114,9.74162197113,6.14914941788,9.03728199005,8.61161327362,6.33432197571,7.90156602859,9.62285995483,5.85440206528,3.05388236046,3.17392539978,3.69109225273,3.12236261368,2.44239926338,1.72392010689,1.84958994389,1.26623928547,0.763949811459,0.502307057381,0.290433675051,0.107463799417,0.0470916889608,0.0145408734679,0.00300776492804,0.000560362823308,0.0000725506542949],"min":[1.19812787508e-22,4.82396344773e-22,1.25984868047e-21,5.62568846551e-21,1.6811108244e-20,2.08846754928e-20,1.19924742143e-20,4.09422640771e-20,6.56766801459e-20,2.01269883914e-19,2.38043451741e-19,3.08624291868e-19,6.27916887193e-19,6.58280878023e-19,6.97300073191e-19,1.00037527562e-18,1.49743555033e-18,2.1713085761e-18,2.18888843887e-18,2.5017378659e-18,2.59728074217e-18,4.5536379575e-18,4.23245117027e-18,6.47612481508e-18,6.72183468014e-18,6.55340333663e-18,9.14513845318e-18,8.95701524801e-18,9.88332104927e-18,1.21587667014e-17,1.1763568756e-17,1.06299044917e-17,9.36271425124e-18,8.22494138075e-18,6.08330749553e-18,4.01573150414e-18,2.08276364782e-18,9.25097600576e-19,2.62611336319e-19,2.68066796023e-20],"var":[0.0276758335531,3.88213562965,11.2713928223,204.741104126,1215.07250977,393.709869385,1043.10473633,1236.8104248,1390.56066895,1695.80603027,2780.99511719,3369.71826172,1253.71789551,819.386779785,354.574890137,706.74822998,289.055847168,628.401306152,778.251953125,2449.87280273,1386.4876709,1179.14648438,2396.33984375,89.9673843384,89.6710891724,70.8014602661,94.4427642822,52.6855125427,88.8317260742,61.1640586853,18.7388248444,9.35288238525,1.53397226334,0.514879882336,0.148251697421,0.0444500818849,0.00574248516932,0.000334002135787,0.00000878996797837,1.25013563945e-8]},"erbbands_crest":{"dmean":2.23636341095,"dmean2":3.65915489197,"dvar":4.8301358223,"dvar2":12.2741212845,"max":26.4229888916,"mean":7.8795747757,"median":6.99604797363,"min":2.25455260277,"var":12.7708978653},"erbbands_flatness_db":{"dmean":0.0132122710347,"dmean2":0.0187836643308,"dvar":0.00015846909082,"dvar2":0.000307187408907,"max":0.251035571098,"mean":0.126146242023,"median":0.123060300946,"min":0.042870182544,"var":0.000945734267589},"erbbands_kurtosis":{"dmean":0.644629240036,"dmean2":1.02775228024,"dvar":0.647676587105,"dvar2":1.63119626045,"max":14.4080486298,"mean":0.141929507256,"median":-0.169600009918,"min":-1.70351970196,"var":1.80800056458},"erbbands_skewness":{"dmean":0.291461139917,"dmean2":0.452686011791,"dvar":0.0668052658439,"dvar2":0.165028139949,"max":3.04618310928,"mean":0.486658483744,"median":0.552119612694,"min":-2.83395123482,"var":0.427998125553},"erbbands_spread":{"dmean":6.84665966034,"dmean2":10.2354135513,"dvar":39.1371955872,"dvar2":88.5486450195,"max":128.943283081,"mean":43.7643966675,"median":41.8743400574,"min":7.72753000259,"var":210.937179565},"gfcc":{"cov":[[42534.359375,1856.25537109,-2883.14746094,692.16619873,-1887.52478027,523.922241211,-1152.68432617,62.2082061768,-829.936706543,-268.282562256,-1008.21282959,-31.9317760468,-466.91317749],[1856.25537109,911.883056641,-240.529464722,64.18334198,-6.98281526566,14.7823820114,-36.1913833618,12.9289598465,50.3586883545,-16.5861949921,19.08568573,-60.0679092407,29.3898067474],[-2883.14746094,-240.529464722,557.656616211,-57.9637260437,108.612434387,40.1831283569,121.093788147,-11.9794769287,34.5403327942,43.1595115662,49.3741798401,26.6973266602,17.2518215179],[692.16619873,64.18334198,-57.9637260437,197.581481934,-13.3739185333,4.51787614822,-6.4503159523,26.9597568512,23.4292201996,26.1395435333,23.6588935852,5.95985603333,3.50050497055],[-1887.52478027,-6.98281526566,108.612434387,-13.3739185333,219.725494385,-12.391409874,51.3101119995,19.7217788696,59.2011528015,11.1157331467,40.5380554199,3.30842089653,26.7042140961],[523.922241211,14.7823820114,40.1831283569,4.51787614822,-12.391409874,122.9895401,34.3712234497,4.89265203476,-28.2322559357,-0.0546393580735,-4.23981332779,-10.0734834671,-9.84095001221],[-1152.68432617,-36.1913833618,121.093788147,-6.4503159523,51.3101119995,34.3712234497,123.918167114,24.2230873108,21.4660053253,25.7837486267,49.0443115234,3.06292080879,3.54876732826],[62.2082061768,12.9289598465,-11.9794769287,26.9597568512,19.7217788696,4.89265203476,24.2230873108,79.8992080688,43.4523658752,22.4097576141,8.00677394867,9.19769096375,6.21663427353],[-829.936706543,50.3586883545,34.5403327942,23.4292201996,59.2011528015,-28.2322559357,21.4660053253,43.4523658752,129.574539185,44.8420410156,31.106174469,-5.40997409821,28.2869052887],[-268.282562256,-16.5861949921,43.1595115662,26.1395435333,11.1157331467,-0.0546393580735,25.7837486267,22.4097576141,44.8420410156,92.5685195923,50.6350059509,18.930896759,-2.27248001099],[-1008.21282959,19.08568573,49.3741798401,23.6588935852,40.5380554199,-4.23981332779,49.0443115234,8.00677394867,31.106174469,50.6350059509,109.755302429,24.2818107605,13.1780576706],[-31.9317760468,-60.0679092407,26.6973266602,5.95985603333,3.30842089653,-10.0734834671,3.06292080879,9.19769096375,-5.40997409821,18.930896759,24.2818107605,65.3258285522,15.129278183],[-466.91317749,29.3898067474,17.2518215179,3.50050497055,26.7042140961,-9.84095001221,3.54876732826,6.21663427353,28.2869052887,-2.27248001099,13.1780576706,15.129278183,54.7123908997]],"icov":[[0.000161577263498,-0.000285861053271,0.000397645431804,-0.000332604220603,0.000659074576106,-0.000765581731685,0.00060868851142,-0.000331725343131,0.000306507135974,-0.00039414135972,0.00110718398355,-0.000900667335372,0.000774709798861],[-0.000285861053271,0.0019856186118,-0.0000571991877223,0.000410154461861,-0.00116907176562,0.00076400913531,-0.000773487787228,0.000654631876387,-0.00108935940079,0.00103544467129,-0.00282270275056,0.00300201377831,-0.0023745642975],[0.000397645431804,-0.0000571991877223,0.00403558416292,-0.000323605461745,0.000788019504398,-0.0028135352768,-0.000898489437532,0.0012410072377,-0.000283307221252,-0.00176413275767,0.00324986525811,-0.00311755551957,0.00135152728762],[-0.000332604220603,0.000410154461861,-0.000323605461745,0.00657365238294,-0.000921956845559,0.000911815615837,-0.000364854291547,-0.000897422549315,-0.00107691739686,-0.0000456321140518,-0.00365218194202,0.00175012613181,-0.00168706732802],[0.000659074576106,-0.00116907176562,0.000788019504398,-0.000921956845559,0.00895612500608,-0.00249936594628,0.00133894011378,-0.00198989524506,-0.0009216821054,0.000222087837756,0.00288427644409,-0.00330854719505,0.00208730390295],[-0.000765581731685,0.00076400913531,-0.0028135352768,0.000911815615837,-0.00249936594628,0.0143491122872,-0.00608575856313,-0.000310805888148,0.00274262856692,0.000331479503075,-0.003754762467,0.00656242948025,-0.00419863592833],[0.00060868851142,-0.000773487787228,-0.000898489437532,-0.000364854291547,0.00133894011378,-0.00608575856313,0.0174108706415,-0.00637451792136,0.00186728464905,-0.000775736989453,-0.00231196940877,-0.000501127913594,0.00346132647246],[-0.000331725343131,0.000654631876387,0.0012410072377,-0.000897422549315,-0.00198989524506,-0.000310805888148,-0.00637451792136,0.0202690921724,-0.0079232044518,-0.000455313915154,0.0018267116975,-0.00373222865164,0.000178810209036],[0.000306507135974,-0.00108935940079,-0.000283307221252,-0.00107691739686,-0.0009216821054,0.00274262856692,0.00186728464905,-0.0079232044518,0.0178017094731,-0.00830968283117,0.00189374457113,0.00553281744942,-0.00645346799865],[-0.00039414135972,0.00103544467129,-0.00176413275767,-0.0000456321140518,0.000222087837756,0.000331479503075,-0.000775736989453,-0.000455313915154,-0.00830968283117,0.021212855354,-0.0101460013539,-0.00260514533147,0.00503409374505],[0.00110718398355,-0.00282270275056,0.00324986525811,-0.00365218194202,0.00288427644409,-0.003754762467,-0.00231196940877,0.0018267116975,0.00189374457113,-0.0101460013539,0.0249111931771,-0.0109322499484,0.00365553190932],[-0.000900667335372,0.00300201377831,-0.00311755551957,0.00175012613181,-0.00330854719505,0.00656242948025,-0.000501127913594,-0.00373222865164,0.00553281744942,-0.00260514533147,-0.0109322499484,0.0288731977344,-0.0134957199916],[0.000774709798861,-0.0023745642975,0.00135152728762,-0.00168706732802,0.00208730390295,-0.00419863592833,0.00346132647246,0.000178810209036,-0.00645346799865,0.00503409374505,0.00365553190932,-0.0134957199916,0.0302242729813]],"mean":[-20.1691398621,97.5568313599,-88.6630172729,30.2801246643,-49.6323547363,9.87339878082,-34.2041893005,3.79749917984,-17.1974811554,-0.0757268667221,-18.9072113037,-1.28346312046,-11.4733524323]},"hfc":{"dmean":3.92265272141,"dmean2":5.33486795425,"dvar":25.7303161621,"dvar2":48.4335250854,"max":86.470664978,"mean":16.0318241119,"median":13.4492921829,"min":1.06401797292e-16,"var":148.918121338},"melbands":{"dmean":[0.000794772349764,0.000844238500576,0.00122840248514,0.000862299231812,0.0004775551497,0.000278862309642,0.000224173432798,0.000137526716571,0.000133268753416,0.000093326671049,0.0000646545595373,0.0000489280064357,0.0000249288859777,0.0000273102286883,0.0000168844235304,0.0000169360155269,0.0000189080001292,0.0000141946547956,0.0000136736352943,0.0000180915321835,0.0000122601722978,0.0000106428306026,0.0000107244313767,0.00000392189485865,0.00000212629583984,0.00000206045274354,0.000001904666874,0.00000169722409282,0.00000149858476561,0.00000145854903622,0.00000136156813824,0.00000103690933884,0.00000106597542526,9.1870634833e-7,5.88550108205e-7,4.59871756675e-7,3.56240576593e-7,2.44276662897e-7,2.0471148332e-7,1.89735331446e-7],"dmean2":[0.00124845665414,0.0013443864882,0.00193718599621,0.00142476137262,0.000812550017145,0.000447749858722,0.000356071424903,0.000219111301703,0.000203301751753,0.000153774366481,0.000101151817944,0.0000792712671682,0.0000401588513341,0.0000432343003922,0.0000264766877081,0.000026863966923,0.0000305360445054,0.0000224164978135,0.0000214960527956,0.0000284177222056,0.0000192983497982,0.000016918143956,0.0000169548166014,0.00000602491945756,0.00000330952252625,0.00000323680774272,0.00000295941549666,0.00000267017389888,0.00000231885564972,0.0000022017268293,0.0000020320915155,0.00000149411584971,0.00000160016793416,0.0000013582664451,8.70238750394e-7,6.93948152275e-7,5.31253874669e-7,3.52852254082e-7,2.89388140118e-7,2.74206996664e-7],"dvar":[0.00000180243148407,0.00000152468635406,0.00000432624301538,0.0000021361997824,6.67756978601e-7,2.92044461503e-7,1.79267743761e-7,8.12518408111e-8,6.58516015051e-8,5.62227420176e-8,1.62171343021e-8,8.26865420578e-9,2.83075252128e-9,1.97608129859e-9,9.064109463e-10,9.54107237661e-10,1.02186625828e-9,1.09828768302e-9,1.03996911083e-9,2.95829361008e-9,9.22298237782e-10,6.96348700924e-10,1.19060306059e-9,1.08621320272e-10,2.21070644429e-11,1.56804343815e-11,1.19845609131e-11,9.12044485074e-12,1.02457556328e-11,7.14387013087e-12,5.52787156327e-12,4.49085560406e-12,8.57960230638e-12,3.17616527697e-12,1.47557866533e-12,1.3892648967e-12,9.54140412512e-13,1.62806061492e-13,1.18289655415e-13,9.22465771304e-14],"dvar2":[0.00000429522924605,0.00000402448586101,0.0000105025465018,0.00000558823603569,0.00000184829787031,7.26046948785e-7,4.71060047857e-7,2.04909937906e-7,1.47375345705e-7,1.4697856443e-7,3.80717786186e-8,2.01802965449e-8,7.31931848463e-9,4.69082594989e-9,2.20118745453e-9,2.32051799998e-9,2.60334065416e-9,2.54450638337e-9,2.67931787867e-9,7.18879755723e-9,2.2275519207e-9,1.60025481755e-9,2.94989166427e-9,2.4945853716e-10,5.03886307679e-11,4.04059355419e-11,2.93695553988e-11,2.35799470227e-11,2.80259669638e-11,1.76647516059e-11,1.23973496399e-11,1.11956503096e-11,2.44757391438e-11,7.54392034952e-12,2.91381415524e-12,2.87661192609e-12,1.78552474455e-12,3.5405857933e-13,2.3321847383e-13,2.09375079123e-13],"max":[0.0182327143848,0.0139592178166,0.0529647059739,0.0171752013266,0.00875439122319,0.0130726406351,0.00879567395896,0.00623709801584,0.00664455769584,0.00608799373731,0.00377825065516,0.00206219125539,0.000992016051896,0.00101835106034,0.000776608765591,0.000716468959581,0.00063635094557,0.00167440681253,0.00082754145842,0.00118774443399,0.00104841415305,0.00126829207875,0.00125761318486,0.00046622910304,0.000217395107029,0.0000991224078462,0.0000964444916463,0.0000806780517451,0.000112927504233,0.0000862361266627,0.0000637112170807,0.000093041198852,0.000145251804497,0.0000856253973325,0.0000543929672858,0.00005628532017,0.0000628063280601,0.0000108010399344,0.0000105186527435,0.00000820650984679],"mean":[0.00186185387429,0.00262023112737,0.00250380509533,0.00163494201843,0.000684036815073,0.000456716312328,0.000372591865016,0.00023444587714,0.000226108095376,0.000149937855895,0.000111305380415,0.0000766004668549,0.0000392975161958,0.000046548753744,0.0000300888950733,0.0000289543586405,0.0000327826710418,0.0000245156188612,0.0000231722915487,0.0000305085468426,0.000022668238671,0.0000205561937037,0.0000207801094803,0.00000810137589724,0.00000450962579635,0.00000446902413387,0.00000438556844529,0.00000398642487198,0.00000353072641701,0.00000328782039105,0.00000282870519186,0.00000233132527683,0.00000241013958657,0.00000213594717025,0.0000014862490616,0.00000111524445856,8.2585694372e-7,6.320377679e-7,5.31540536031e-7,4.41190593392e-7],"median":[0.000980499666184,0.00258384412155,0.00180763518438,0.000814305327367,0.00033348533907,0.000232360078371,0.000212513492443,0.00011699370225,0.000112869754958,0.0000583036890021,0.0000580600353715,0.000037212663301,0.0000178898299055,0.0000259111147898,0.0000166912832356,0.0000134187912408,0.0000153216169565,0.0000117443987619,0.0000092774271252,0.00000726937059881,0.00000924880441744,0.00000997427650873,0.00000679878576193,0.0000034211871025,0.00000208163010029,0.0000020067470814,0.000002401289521,0.00000228438034355,0.00000191900471691,0.0000015956338757,0.00000129420209305,9.27892415348e-7,9.83080553851e-7,0.00000101855107459,7.31200884729e-7,5.68781558741e-7,4.12021762486e-7,3.48068454059e-7,2.97588542253e-7,2.19126633283e-7],"min":[1.74840685564e-24,1.4720566532e-24,1.49777450479e-24,1.44931704735e-24,4.46919630218e-25,9.38178666729e-25,1.10025142161e-24,2.35962180704e-24,1.42849259857e-24,1.62544838825e-24,2.68933233604e-24,2.38996711669e-24,2.19684706456e-24,2.4192561416e-24,2.74782794989e-24,2.54198968503e-24,2.93688832659e-24,1.99884613279e-24,2.97529638634e-24,3.44124871571e-24,2.62498554365e-24,4.39459619157e-24,2.52341437729e-24,3.32419871788e-24,3.69107859781e-24,4.24492442873e-24,4.89328960116e-24,3.92736886576e-24,4.11623281609e-24,4.96399678182e-24,4.46192310324e-24,4.67220383829e-24,5.46827690434e-24,5.80945372382e-24,6.22813888825e-24,4.74489815957e-24,5.75871852913e-24,5.64085127141e-24,6.2961039884e-24,6.53204242439e-24],"var":[0.00000383465021514,0.00000334059814122,0.00000761385081205,0.00000388526086681,9.29892735257e-7,5.62660318337e-7,3.33074780201e-7,1.69405055317e-7,1.6693924465e-7,1.3865437154e-7,3.15311865506e-8,1.49045025211e-8,4.8135473385e-9,4.4259067522e-9,2.09083794722e-9,2.25218310668e-9,2.32886998575e-9,2.4490478534e-9,2.01609062778e-9,6.2730785011e-9,2.19009388402e-9,1.54068324765e-9,3.96742994013e-9,4.14634743207e-10,5.84091039424e-11,5.06585884352e-11,3.80561832047e-11,3.4236922325e-11,3.90878406031e-11,2.91361587634e-11,1.71144192568e-11,2.3815326447e-11,3.68886587943e-11,1.56898088272e-11,6.9710773612e-12,4.94752763064e-12,2.98930303254e-12,7.87124272011e-13,5.62771400661e-13,3.32637807273e-13]},"melbands_crest":{"dmean":2.39910411835,"dmean2":3.92051076889,"dvar":5.46678781509,"dvar2":14.2261724472,"max":31.6046619415,"mean":13.5159111023,"median":13.1347503662,"min":1.45296835899,"var":15.5642728806},"melbands_flatness_db":{"dmean":0.0197044108063,"dmean2":0.0286273248494,"dvar":0.000368517416064,"dvar2":0.000757192552555,"max":0.45068576932,"mean":0.223438993096,"median":0.221648931503,"min":0.00258354470134,"var":0.00411468930542},"melbands_kurtosis":{"dmean":6.96299505234,"dmean2":10.7191925049,"dvar":71.9364776611,"dvar2":173.141769409,"max":208.204971313,"mean":19.2152309418,"median":15.8638000488,"min":-1.37372088432,"var":222.559432983},"melbands_skewness":{"dmean":0.635776817799,"dmean2":0.969534933567,"dvar":0.344962090254,"dvar2":0.854238688946,"max":9.95223426819,"mean":3.31961131096,"median":3.28960704803,"min":-0.439830601215,"var":1.66449141502},"melbands_spread":{"dmean":3.6060333252,"dmean2":5.58992242813,"dvar":22.8782234192,"dvar2":56.1538887024,"max":161.820205688,"mean":16.2782154083,"median":11.5147590637,"min":1.16520166397,"var":419.821746826},"mfcc":{"cov":[[13134.3105469,1583.05041504,-34.7089576721,183.109130859,-111.755966187,138.308807373,-173.585525513,106.19417572,0.288424521685,-139.825622559,-223.642410278,-189.802368164,-189.783004761],[1583.05041504,1122.77856445,23.2190666199,61.6087684631,86.6254577637,39.577999115,-8.1143913269,16.4048519135,70.4907531738,-2.91141533852,-13.2086811066,44.3770027161,-9.57096481323],[-34.7089576721,23.2190666199,320.876434326,14.1695146561,-22.9981861115,63.4889755249,36.0800704956,-1.19520902634,3.34966373444,7.25280046463,25.9014720917,20.7990074158,1.54916238785],[183.109130859,61.6087684631,14.1695146561,165.977355957,39.9594268799,-4.33411502838,-15.5838031769,7.62980365753,11.1720943451,19.5992851257,15.0393381119,14.1925134659,36.8496818542],[-111.755966187,86.6254577637,-22.9981861115,39.9594268799,123.592285156,8.25879764557,-14.7712221146,5.74098682404,35.0537528992,7.64428281784,-4.35675191879,19.7408828735,9.56904602051],[138.308807373,39.577999115,63.4889755249,-4.33411502838,8.25879764557,87.0779266357,42.4561729431,3.81206440926,-3.18996882439,4.4765625,13.0483388901,-2.6927177906,-6.94394683838],[-173.585525513,-8.1143913269,36.0800704956,-15.5838031769,-14.7712221146,42.4561729431,118.474311829,25.8246021271,-21.8696098328,-3.06908798218,30.0006637573,-1.76356709003,-1.26922678947],[106.19417572,16.4048519135,-1.19520902634,7.62980365753,5.74098682404,3.81206440926,25.8246021271,59.8142166138,18.6368560791,-6.66267490387,-0.393452882767,1.33791697025,0.518978595734],[0.288424521685,70.4907531738,3.34966373444,11.1720943451,35.0537528992,-3.18996882439,-21.8696098328,18.6368560791,96.4664916992,18.4966449738,-1.80046701431,18.5745697021,2.84189867973],[-139.825622559,-2.91141533852,7.25280046463,19.5992851257,7.64428281784,4.4765625,-3.06908798218,-6.66267490387,18.4966449738,82.7312927246,30.541387558,18.4921760559,15.8354892731],[-223.642410278,-13.2086811066,25.9014720917,15.0393381119,-4.35675191879,13.0483388901,30.0006637573,-0.393452882767,-1.80046701431,30.541387558,71.958946228,26.8043651581,17.5210075378],[-189.802368164,44.3770027161,20.7990074158,14.1925134659,19.7408828735,-2.6927177906,-1.76356709003,1.33791697025,18.5745697021,18.4921760559,26.8043651581,73.2146682739,27.5837402344],[-189.783004761,-9.57096481323,1.54916238785,36.8496818542,9.56904602051,-6.94394683838,-1.26922678947,0.518978595734,2.84189867973,15.8354892731,17.5210075378,27.5837402344,74.2028427124]],"icov":[[0.000123762860312,-0.000180312956218,0.0000586807836953,-0.000202506082132,0.000319301034324,-0.000356241449481,0.000351384427631,-0.000340197671903,0.000122273195302,0.000050224683946,0.000171838051756,0.000185673256055,0.000201501054107],[-0.000180312956218,0.00128959061112,-0.0000368446926586,-0.000105917439214,-0.000784143223427,-0.0000247473817581,-0.000574184581637,0.000569483963773,-0.000722577795386,0.000163255695952,0.000158793802257,-0.00101411936339,0.000175855384441],[0.0000586807836953,-0.0000368446926586,0.00403192266822,-0.000883387634531,0.00164249225054,-0.00322314351797,-0.0000877728161868,0.000462627183879,-0.000646746659186,0.000440979725681,-0.000150713924086,-0.00144680670928,0.000485754542751],[-0.000202506082132,-0.000105917439214,-0.000883387634531,0.00829929672182,-0.00300515326671,0.00135129969567,0.00111031963024,-0.00134995870758,0.000815182458609,-0.00108439906035,-0.0020427654963,0.00138649716973,-0.00392508367077],[0.000319301034324,-0.000784143223427,0.00164249225054,-0.00300515326671,0.0117857772857,-0.00371152954176,0.00134117901325,-0.000441572483396,-0.00276738521643,0.000410903448937,0.00215663271956,-0.00231000501662,0.000700208358467],[-0.000356241449481,-0.0000247473817581,-0.00322314351797,0.00135129969567,-0.00371152954176,0.018288647756,-0.00658972049132,0.00227813282982,-0.000146424194099,-0.00135891337413,-0.00125274842139,0.00189507449977,0.00043029585504],[0.000351384427631,-0.000574184581637,-0.0000877728161868,0.00111031963024,0.00134117901325,-0.00658972049132,0.0156379695982,-0.00827842857689,0.00407480075955,0.00121730624232,-0.00555458106101,0.00164982851129,0.0000932704278966],[-0.000340197671903,0.000569483963773,0.000462627183879,-0.00134995870758,-0.000441572483396,0.00227813282982,-0.00827842857689,0.02319275029,-0.00665654428303,0.00239791767672,0.00153871567454,-0.000813917198684,-0.000487142911879],[0.000122273195302,-0.000722577795386,-0.000646746659186,0.000815182458609,-0.00276738521643,-0.000146424194099,0.00407480075955,-0.00665654428303,0.0150376232341,-0.00348591106012,0.00073505617911,-0.00182421633508,0.00096018856857],[0.000050224683946,0.000163255695952,0.000440979725681,-0.00108439906035,0.000410903448937,-0.00135891337413,0.00121730624232,0.00239791767672,-0.00348591106012,0.0161542966962,-0.00646784203127,-0.000468863581773,-0.0011097304523],[0.000171838051756,0.000158793802257,-0.000150713924086,-0.0020427654963,0.00215663271956,-0.00125274842139,-0.00555458106101,0.00153871567454,0.00073505617911,-0.00646784203127,0.0230538230389,-0.00676891580224,-0.00059870647965],[0.000185673256055,-0.00101411936339,-0.00144680670928,0.00138649716973,-0.00231000501662,0.00189507449977,0.00164982851129,-0.000813917198684,-0.00182421633508,-0.000468863581773,-0.00676891580224,0.0208892207593,-0.00580212986097],[0.000201501054107,0.000175855384441,0.000485754542751,-0.00392508367077,0.000700208358467,0.00043029585504,0.0000932704278966,-0.000487142911879,0.00096018856857,-0.0011097304523,-0.00059870647965,-0.00580212986097,0.0184069462121]],"mean":[-652.738342285,129.174057007,17.401599884,25.4799385071,8.23505210876,8.9599943161,-4.20420122147,3.52727103233,3.92566394806,0.568675458431,-1.6713963747,2.39576554298,-1.42764472961]},"pitch_salience":{"dmean":0.0589796118438,"dmean2":0.0959934443235,"dvar":0.00301472563297,"dvar2":0.00793811678886,"max":0.975479543209,"mean":0.593354523182,"median":0.598152279854,"min":0.258017003536,"var":0.00945243611932},"silence_rate_20dB":{"dmean":0,"dmean2":0,"dvar":0,"dvar2":0,"max":1,"mean":1,"median":1,"min":1,"var":0},"silence_rate_30dB":{"dmean":0.00532445916906,"dmean2":0.010650690645,"dvar":0.00529624847695,"dvar2":0.014198673889,"max":1,"mean":0.996340036392,"median":1,"min":0,"var":0.00364652019925},"silence_rate_60dB":{"dmean":0.00266222958453,"dmean2":0.00532534532249,"dvar":0.00265503185801,"dvar2":0.00762658799067,"max":1,"mean":0.0607220083475,"median":0,"min":0,"var":0.0570347756147},"spectral_centroid":{"dmean":160.633163452,"dmean2":250.709991455,"dvar":47920,"dvar2":101634.515625,"max":11795.8544922,"mean":1139.24035645,"median":811.879455566,"min":216.596405029,"var":2663525.25},"spectral_complexity":{"dmean":2.92512488365,"dmean2":4.20602416992,"dvar":9.4238986969,"dvar2":16.0015125275,"max":50,"mean":17.0776901245,"median":16,"min":0,"var":68.4701461792},"spectral_contrast_coeffs":{"dmean":[0.0480770990252,0.043165627867,0.0353756286204,0.0280802603811,0.0189433321357,0.0146911796182],"dmean2":[0.0790821388364,0.0710797309875,0.0580958500504,0.0456294119358,0.0304608047009,0.0236784275621],"dvar":[0.00174181128386,0.00124271749519,0.00082347553689,0.000535382190719,0.000241007801378,0.000155291010742],"dvar2":[0.00454973382875,0.00333099416457,0.00228676223196,0.00134977931157,0.000602039101068,0.000382023426937],"max":[-0.286617487669,-0.465511381626,-0.527560174465,-0.596360087395,-0.590925097466,-0.654559850693],"mean":[-0.619502663612,-0.741807579994,-0.78711950779,-0.799154937267,-0.809063494205,-0.775376737118],"median":[-0.614408373833,-0.741934657097,-0.786443352699,-0.80504655838,-0.810848534107,-0.77112108469],"min":[-0.982113718987,-0.980918049812,-0.982996165752,-0.970112740993,-0.982221543789,-0.96447455883],"var":[0.0101821208373,0.00477099930868,0.00330739771016,0.00314185861498,0.00198644958436,0.00161834340543]},"spectral_contrast_valleys":{"dmean":[0.389160126448,0.335524260998,0.304653912783,0.264911264181,0.217291146517,0.22106769681],"dmean2":[0.633777320385,0.54194611311,0.485182017088,0.402761459351,0.304091632366,0.266108155251],"dvar":[0.135834649205,0.114933677018,0.110422298312,0.0935200080276,0.0826682671905,0.0856948643923],"dvar2":[0.294946968555,0.229774475098,0.205721467733,0.160362124443,0.12686188519,0.114745229483],"max":[-5.1710319519,-4.83532476425,-5.51058387756,-5.92587947845,-6.04668283463,-8.23315620422],"mean":[-7.38705921173,-6.95383024216,-7.72311496735,-8.20975875854,-8.16483211517,-10.5190286636],"median":[-6.72676849365,-6.34035778046,-7.10828590393,-7.61291837692,-7.54593467712,-9.90670681],"min":[-28.3366012573,-27.9238109589,-27.9587192535,-27.6892414093,-27.591299057,-27.4211654663],"var":[10.9727592468,11.3348197937,10.8093929291,10.1686401367,10.2944564819,8.43163204193]},"spectral_decrease":{"dmean":2.55367926805e-9,"dmean2":3.86085696746e-9,"dvar":1.04363963407e-17,"dvar2":2.42008595774e-17,"max":1.87059605116e-28,"mean":-8.7674010274e-9,"median":-8.18149281656e-9,"min":-5.50893339835e-8,"var":3.06844898158e-17},"spectral_energy":{"dmean":0.00992239359766,"dmean2":0.0149560514838,"dvar":0.000156857204274,"dvar2":0.000361147220246,"max":0.21170347929,"mean":0.034544236958,"median":0.0322526097298,"min":9.84197668171e-21,"var":0.000471302162623},"spectral_energyband_high":{"dmean":0.000170153507497,"dmean2":0.000203942676308,"dvar":6.51147971098e-8,"dvar2":1.04676061596e-7,"max":0.0117871230468,"mean":0.000561002583709,"median":0.000306404632283,"min":6.98667037621e-21,"var":6.62217928493e-7},"spectral_energyband_low":{"dmean":0.00455845985562,"dmean2":0.00701989792287,"dvar":0.0000434391768067,"dvar2":0.000102920734207,"max":0.104495212436,"mean":0.0142630189657,"median":0.0116351945326,"min":1.65587710022e-23,"var":0.000131381661049},"spectral_energyband_middle_high":{"dmean":0.00105257355608,"dmean2":0.00153618317563,"dvar":0.00000226403176384,"dvar2":0.00000503604769619,"max":0.0311171673238,"mean":0.00330503820442,"median":0.00236639939249,"min":1.22919442922e-21,"var":0.000010327509699},"spectral_energyband_middle_low":{"dmean":0.00751354591921,"dmean2":0.0118019580841,"dvar":0.000114848240628,"dvar2":0.000274200720014,"max":0.177680775523,"mean":0.0190163329244,"median":0.0152668626979,"min":1.44241146549e-22,"var":0.000255955994362},"spectral_entropy":{"dmean":0.134271100163,"dmean2":0.193907335401,"dvar":0.0164756756276,"dvar2":0.0327772274613,"max":9.8294506073,"mean":7.57875537872,"median":7.57031488419,"min":6.02090072632,"var":0.238328933716},"spectral_flux":{"dmean":0.0228994134814,"dmean2":0.0353860147297,"dvar":0.000729961786419,"dvar2":0.00155330915004,"max":0.279142916203,"mean":0.0782062038779,"median":0.0709518268704,"min":6.23831125646e-11,"var":0.00202301423997},"spectral_kurtosis":{"dmean":1.04265511036,"dmean2":1.68961501122,"dvar":1.60745871067,"dvar2":4.18601799011,"max":22.8121814728,"mean":4.43569946289,"median":4.07945251465,"min":-1.2540743351,"var":6.47604131699},"spectral_rms":{"dmean":0.000790520978626,"dmean2":0.00116103398614,"dvar":8.02538920652e-7,"dvar2":0.00000174412048182,"max":0.0143714984879,"mean":0.00541841471568,"median":0.00560945272446,"min":3.0986977307e-12,"var":0.00000434258799942},"spectral_rolloff":{"dmean":230.915634155,"dmean2":386.882537842,"dvar":245575.265625,"dvar2":561855.4375,"max":19530.6152344,"mean":1174.61230469,"median":538.330078125,"min":86.1328125,"var":8330559.5},"spectral_skewness":{"dmean":0.150900930166,"dmean2":0.23614025116,"dvar":0.0217272732407,"dvar2":0.0504586696625,"max":3.78342533112,"mean":1.64610648155,"median":1.65036165714,"min":-0.0594856217504,"var":0.220268845558},"spectral_spread":{"dmean":443057.46875,"dmean2":617289.9375,"dvar":563526696960,"dvar2":1077079638020,"max":42688748,"mean":5729055,"median":4830176.5,"min":1956907.875,"var":32173893615600},"spectral_strongpeak":{"dmean":0.285314977169,"dmean2":0.485631138086,"dvar":0.465241312981,"dvar2":1.21292161942,"max":14.6286916733,"mean":0.643019735813,"median":0.46507114172,"min":0,"var":0.476977825165},"zerocrossingrate":{"dmean":0.00711891334504,"dmean2":0.00885179359466,"dvar":0.0000661489248159,"dvar2":0.0000973133792286,"max":0.53173828125,"mean":0.0538478121161,"median":0.0400390625,"min":0.00341796875,"var":0.00549761764705}},"metadata":{"audio_properties":{"analysis_sample_rate":44100,"bit_rate":0,"codec":"flac","downmix":"mix","equal_loudness":0,"length":139.533340454,"lossless":true,"md5_encoded":"eb5e848c3ef74ba3ce95ab332bfcf98c","replay_gain":-8.64852333069,"sample_rate":44100},"tags":{"album":["M.I.U. Album"],"albumartist":["The Beach Boys"],"albumartistsort":["Beach Boys, The"],"arranger":["Brian Wilson","Al Jardine"],"artist":["The Beach Boys"],"artistsort":["Beach Boys, The"],"asin":["B0017W7FNA"],"date":["1978-10-02"],"discnumber":["1"],"disctotal":["1"],"engineer":["Earle Mankey","John Hanlon","Steve Moffit","Jeff Peters"],"file_name":"01-05 Peggy Sue.flac","genre":["Pop"],"media":["Vinyl"],"mixer":["Jeff Peters"],"musicbrainz_albumartistid":["ebfc1398-8d96-47e3-82c3-f782abcdb13d"],"musicbrainz_albumid":["fde6bf8b-89f1-4729-9d66-0da0519f2c92"],"musicbrainz_artistid":["ebfc1398-8d96-47e3-82c3-f782abcdb13d"],"musicbrainz_recordingid":["488aabee-d12a-480e-a2b9-ee19fc00fd73"],"musicbrainz_releasegroupid":["831134fb-1aa2-30f8-9045-469c3df17daa"],"originaldate":["1978-10-02"],"performer":["The Beach Boys"],"producer":["Brian Wilson"],"releasecountry":["US"],"releasestatus":["official"],"releasetype":["album"],"replaygain_album_gain":["-3.53 dB"],"replaygain_album_peak":["0.954987"],"replaygain_track_gain":["-4.18 dB"],"replaygain_track_peak":["0.954987"],"script":["Latn"],"title":["Peggy Sue"],"totaldiscs":["1"],"totaltracks":["12"],"tracknumber":["5"],"tracktotal":["12"]},"version":{"essentia":"2.1-beta1","essentia_build_sha":"ca57ba49d9b1854bd80e60cf9ccf267278fb7d6b","essentia_git_sha":"v2.1_beta1-28-g21ef5f4-dirty","extractor":"music 1.0"}},"rhythm":{"beats_count":292,"beats_loudness":{"dmean":0.0188557449728,"dmean2":0.0327735431492,"dvar":0.000262592948275,"dvar2":0.000766160781495,"max":0.109848290682,"mean":0.0520587265491,"median":0.0540362223983,"min":0,"var":0.000588223920204},"beats_loudness_band_ratio":{"dmean":