{"lowlevel":{"average_loudness":0.901473104954,"barkbands":{"dmean":[0.000261452631094,0.00572974793613,0.00168199639302,0.0025200068485,0.00191045145039,0.000918124103919,0.000337911624229,0.000383032078389,0.000454711116618,0.000344308617059,0.000273388577625,0.000245197647018,0.000229643381317,0.000276595557807,0.000244969502091,0.000206614800845,0.000248235068284,0.000332100782543,0.000158465569257,0.000159795949003,0.000157835951541,0.0000779858455644,0.0000270469336101,0.00000652242079013,0.00000270516216005,5.75198100705e-7,2.96925719567e-7],"dmean2":[0.000369909277651,0.00887286942452,0.00289143132977,0.00400858744979,0.00319004803896,0.00148614647333,0.000539270811714,0.000605901703238,0.000708109408151,0.000531680823769,0.000420302938437,0.000383076665457,0.00036010768963,0.000427890743595,0.000385825755075,0.000322897161823,0.000376509036869,0.000507166259922,0.000249584583798,0.000244496244704,0.000232552440139,0.000112298228487,0.0000394564121962,0.00000857893246575,0.00000351175299329,7.39540723771e-7,3.83827341466e-7],"dvar":[3.94047077634e-7,0.000180835777428,0.000011530329175,0.0000593691511312,0.0000130969474412,0.00000416008606408,4.46584607516e-7,0.00000113991302442,0.00000134522974804,8.0185537854e-7,4.93725508477e-7,3.6247359958e-7,2.93931094575e-7,4.25473558607e-7,3.02315356748e-7,2.90707532713e-7,4.7981723128e-7,5.11485723109e-7,2.08444589589e-7,3.99589453082e-7,3.22858198842e-7,7.3668296352e-8,1.56248400884e-8,4.95349539165e-10,6.24182927567e-11,2.28742675842e-12,6.09107274167e-13],"dvar2":[7.60643843023e-7,0.000362491060514,0.0000318618185702,0.000133719513542,0.0000343679857906,0.0000103370584839,0.0000010465636251,0.00000253368466474,0.00000307998971039,0.00000182319661235,0.0000011413841321,7.87646456502e-7,6.48155833005e-7,9.483002259e-7,7.15440137355e-7,6.34195430393e-7,0.00000104686205304,0.0000010608540606,4.62925271449e-7,7.62871820825e-7,6.66338166866e-7,1.45900074244e-7,3.40683250499e-8,9.00615360067e-10,1.0919082305e-10,3.68216264771e-12,9.84020482285e-13],"max":[0.00653719808906,0.10135962069,0.0469571277499,0.0854117423296,0.0452275238931,0.0316937640309,0.0171363800764,0.0231636855751,0.0261200889945,0.0199349932373,0.0181231219321,0.0150485737249,0.011592136696,0.0183019265532,0.0115133617073,0.0207227878273,0.0336897820234,0.0175298079848,0.0185223817825,0.0371225327253,0.0291386637837,0.0127709470689,0.00573865743354,0.00110600050539,0.000195894099306,0.0000264930768026,0.0000139172525451],"mean":[0.00030273507582,0.00755089195445,0.00229899468832,0.00292615499347,0.00310620246455,0.00142699840944,0.000613284879364,0.000622202584054,0.000907453184482,0.000636948330794,0.000502021110151,0.000492045539431,0.000453949178336,0.000545938382857,0.000447694968898,0.000406780833146,0.000482045928948,0.000659183016978,0.000312468560878,0.000317590864142,0.000329320289893,0.000172120315256,0.0000520762878295,0.0000118197176562,0.00000427136092185,0.00000101070543224,5.48317530047e-7],"median":[0.0000586777168792,0.00122614158317,0.000756353605539,0.000977121177129,0.00152995751705,0.000603576772846,0.000310534029268,0.000166641621036,0.000249084230745,0.000138517163577,0.000149267740198,0.000125271544675,0.000145933707245,0.000184880904271,0.000164948141901,0.000139076364576,0.000183974640095,0.000254175974987,0.000132770248456,0.000109568318294,0.0000987974053714,0.0000415677459387,0.0000135535492518,0.0000026452273687,6.16612055637e-7,1.91839845343e-7,1.28879790395e-7],"min":[3.37614027811e-25,1.52936601746e-24,1.3247102551e-24,9.41245363498e-25,6.32737680127e-24,3.86310076224e-24,6.47385841061e-24,5.29675606101e-24,1.74051871991e-23,4.24775604495e-24,1.12876955191e-23,1.22939806893e-23,2.30447333001e-23,3.18749851045e-23,3.0531747465e-23,5.30866154979e-23,5.08133802709e-23,1.01517266648e-22,9.81422104621e-23,1.56464855509e-22,2.5837385786e-22,3.03795560015e-22,3.8531245748e-22,5.26824486085e-22,9.1861365568e-22,1.15528818409e-21,1.92419901159e-21],"var":[5.24611607489e-7,0.000282322376734,0.0000128499896164,0.0000603409243922,0.0000178360951395,0.00000716738122719,0.00000120359595712,0.00000261522291112,0.00000413856787418,0.00000223708707381,0.00000123471170355,0.00000134179265388,8.73493775089e-7,0.00000127235193759,6.82605502789e-7,9.64618152466e-7,0.00000126306440507,0.00000157545980528,4.82786333578e-7,0.00000113440751193,7.75594344304e-7,2.71335466095e-7,2.58104098094e-8,1.39441391767e-9,1.34626643167e-10,5.02448950501e-12,1.35631588426e-12]},"barkbands_crest":{"dmean":2.76333737373,"dmean2":4.32725858688,"dvar":8.23847103119,"dvar2":16.609085083,"max":25.1148872375,"mean":10.1900606155,"median":9.0492181778,"min":2.36005425453,"var":21.5519809723},"barkbands_flatness_db":{"dmean":0.0204693917185,"dmean2":0.0305117554963,"dvar":0.000498512468766,"dvar2":0.000975965871476,"max":0.418655216694,"mean":0.147588968277,"median":0.140909776092,"min":0.0359254069626,"var":0.0023733987473},"barkbands_kurtosis":{"dmean":3.48256754875,"dmean2":5.36023187637,"dvar":67.2118682861,"dvar2":159.844711304,"max":190.541915894,"mean":4.49114894867,"median":0.819909334183,"min":-1.91789579391,"var":121.462921143},"barkbands_skewness":{"dmean":0.613372802734,"dmean2":0.885419905186,"dvar":0.552318930626,"dvar2":1.0497854948,"max":11.3738183975,"mean":1.42445898056,"median":1.19333291054,"min":-3.89038968086,"var":2.23212218285},"barkbands_spread":{"dmean":5.29731798172,"dmean2":7.97276258469,"dvar":33.6160621643,"dvar2":66.7532653809,"max":80.7975234985,"mean":22.9537792206,"median":22.1189422607,"min":0.428361684084,"var":145.050262451},"dissonance":{"dmean":0.0139452051371,"dmean2":0.0236180219799,"dvar":0.000228541030083,"dvar2":0.000634425261524,"max":0.500000178814,"mean":0.470726788044,"median":0.476870983839,"min":0.228125482798,"var":0.000554748228751},"dynamic_complexity":3.6951444149,"erbbands":{"dmean":[0.196800619364,1.36626672745,2.27658963203,4.48446369171,7.93615102768,6.8368601799,7.86057758331,6.3387260437,4.1772685051,6.83567285538,8.40105247498,10.283539772,9.97201538086,10.5871086121,9.93718719482,9.07448387146,10.3658571243,11.2200775146,12.8016939163,12.5207633972,10.9807443619,12.5128545761,16.0536746979,11.8606910706,6.8414106369,6.73055124283,7.8916053772,4.55452680588,3.19200730324,1.35879874229,0.680845081806,0.206534579396,0.0939655452967,0.0424783080816,0.0106917936355,0.00319339660928,0.0010048460681,0.000264503469225,0.00005449181117,0.0000133817984533],"dmean2":[0.273195356131,2.18770956993,3.80906748772,7.21130180359,12.6209144592,11.4715394974,12.8405885696,10.1371736526,6.76979398727,10.8608627319,13.1380167007,15.9466285706,15.369383812,15.8803157806,15.1938295364,14.0399875641,16.165517807,17.2258834839,19.804567337,19.7219181061,16.9898281097,18.7201328278,24.4102458954,18.3058109283,10.6510906219,10.1376810074,11.8401584625,6.68826913834,4.58244609833,2.02454161644,0.985998928547,0.279796928167,0.123095989227,0.0548868104815,0.0137607175857,0.00409644469619,0.00129801733419,0.000342690938851,0.0000704828999005,0.0000186079942068],"dvar":[0.225618615746,10.4613637924,23.6502876282,136.47253418,511.151794434,138.622695923,298.955688477,161.691757202,61.0078277588,313.986816406,562.671508789,777.989196777,570.812133789,847.573608398,620.785644531,425.397155762,638.994628906,662.107971191,799.153015137,966.109680176,943.75189209,1082.52734375,1304.72961426,694.516662598,760.195068359,839.5625,981.757080078,203.526260376,118.734138489,34.5881233215,9.0588092804,0.703124046326,0.0832827836275,0.0155846131966,0.000892751384526,0.0000731492909836,0.00000697456880516,4.47311123253e-7,1.87787581041e-8,4.3250822368e-10],"dvar2":[0.42214050889,24.065328598,62.9037666321,305.060546875,1184.52734375,381.13269043,773.784545898,375.470092773,156.887145996,750.918762207,1230.56420898,1709.35717773,1285.6015625,1947.37744141,1385.70544434,882.104553223,1392.9420166,1399.69360352,1841.04260254,2270.72192383,1970.08325195,2227.99462891,2637.75366211,1463.17407227,1689.48742676,1596.4675293,2018.40625,385.484588623,230.294769287,75.8396911621,20.0159816742,1.44990324974,0.140199631453,0.0269298348576,0.00157634227071,0.000122159603052,0.0000113744190458,7.29226997009e-7,3.04893390535e-8,7.9083689597e-10],"max":[3.9983227253,24.5231990814,49.8151779175,125.469215393,265.194244385,213.60824585,275.449890137,271.95880127,246.346069336,434.034576416,613.056762695,623.168395996,516.770812988,711.269287109,579.730102539,560.736083984,630.918457031,733.973876953,684.60736084,987.17980957,1418.12512207,1690.58850098,1091.66845703,762.892822266,1546.00012207,1649.67541504,1728.37988281,577.914855957,537.66204834,229.774734497,159.319229126,44.162776947,17.0435447693,3.70338559151,0.683372735977,0.233776256442,0.0520247928798,0.0112998438999,0.00212186132558,0.000286476657493],"mean":[0.234539985657,1.60356807709,2.97575879097,5.92151355743,9.97810077667,11.4251861572,12.1564064026,10.7180700302,7.49158239365,11.9159431458,15.3832902908,20.3357048035,19.7716255188,21.1086711884,20.484577179,19.743555069,22.6599407196,24.138343811,26.7625083923,24.3546943665,22.8615131378,26.7507972717,34.1063079834,25.0953102112,13.6799230576,13.7703742981,17.1005840302,9.88102245331,7.12139511108,2.84239888191,1.29544997215,0.386362314224,0.162670657039,0.0674805864692,0.0180349200964,0.00542844040319,0.0017391651636,0.000481907569338,0.000106630388473,0.0000359078985639],"median":[0.0214034765959,0.316075652838,1.06915128231,2.95043683052,4.27451229095,5.67015743256,5.26948022842,5.02626752853,4.11869335175,4.84756565094,5.03087759018,5.9793639183,5.92530202866,6.14514493942,7.03773593903,6.48674249649,8.12070560455,8.9791097641,10.744515419,9.43661689758,9.12288761139,11.1896095276,13.8806533813,10.7874994278,6.00089216232,5.15488958359,5.28351974487,2.91265082359,1.65156042576,0.764598250389,0.333336174488,0.0986180603504,0.0318981260061,0.0101473648101,0.0030500087887,0.000974849739578,0.000349503738107,0.00010664522415,0.0000349893125531,0.0000257926658378],"min":[4.62392807525e-23,6.26991847641e-22,2.2115564269e-21,5.63011355867e-21,1.17042340826e-20,1.93934740279e-20,3.34588612417e-20,4.23886023028e-20,1.13289609795e-19,1.4773390164e-19,1.82238745691e-19,4.24084695009e-19,1.53524385648e-19,5.02903633652e-19,9.1975525459e-19,1.1020104405e-18,1.24561716324e-18,1.4642941455e-18,1.52738062588e-18,2.95560545736e-18,3.1401250502e-18,3.97959860063e-18,4.97802214359e-18,5.02161249392e-18,5.18769174936e-18,7.97340237391e-18,8.20763014489e-18,1.0399493332e-17,1.15427181499e-17,9.49045244452e-18,1.02814943633e-17,1.06355913584e-17,9.45238559273e-18,9.07494307922e-18,6.26347198244e-18,3.75184186359e-18,2.10011458835e-18,9.50881854245e-19,2.61207042133e-19,2.77507883337e-20],"var":[0.341124981642,13.0544691086,24.162519455,146.799758911,519.549499512,224.079879761,451.792144775,390.784576416,164.783355713,749.042541504,1422.36340332,2219.60498047,1797.58996582,2268.57983398,1727.93811035,1643.61291504,2044.68005371,2143.12011719,2309.74536133,2238.79443359,3294.94848633,3269.32055664,3986.63208008,2012.51318359,1548.35424805,2334.46557617,2416.53173828,576.188659668,443.4894104,73.4641952515,14.7427606583,1.41369867325,0.261465370655,0.0355776920915,0.00202208361588,0.000156519658049,0.0000148653607539,0.00000101556827303,4.20579517879e-8,1.14108911209e-9]},"erbbands_crest":{"dmean":2.12725186348,"dmean2":3.35756969452,"dvar":4.37041139603,"dvar2":10.5201148987,"max":28.85496521,"mean":8.47915744781,"median":7.56999731064,"min":2.25743103027,"var":15.8364572525},"erbbands_flatness_db":{"dmean":0.0137103609741,"dmean2":0.0186044313014,"dvar":0.000179872542503,"dvar2":0.000306253350573,"max":0.358796477318,"mean":0.179565265775,"median":0.179703339934,"min":0.0288398861885,"var":0.0015277499333},"erbbands_kurtosis":{"dmean":0.712912976742,"dmean2":1.10648024082,"dvar":1.25055384636,"dvar2":2.61960196495,"max":35.6542358398,"mean":0.227525636554,"median":-0.390750408173,"min":-1.82234442234,"var":5.27178144455},"erbbands_skewness":{"dmean":0.322361558676,"dmean2":0.487282574177,"dvar":0.105923645198,"dvar2":0.22545671463,"max":4.34316682816,"mean":-0.118946708739,"median":-0.167625576258,"min":-4.24288272858,"var":0.682859182358},"erbbands_spread":{"dmean":7.03751373291,"dmean2":10.4681997299,"dvar":56.2242507935,"dvar2":114.177047729,"max":133.445465088,"mean":38.941570282,"median":36.6163864136,"min":3.3283727169,"var":300.717376709},"gfcc":{"cov":[[28417.3300781,2291.07788086,-3725.36938477,1638.61743164,-1417.52893066,236.059432983,-137.726364136,-219.946182251,-190.269866943,-246.283233643,-273.337982178,-143.01222229,-145.729217529],[2291.07788086,1056.00463867,-288.708374023,3.99135351181,49.4989929199,-73.983253479,119.260276794,-62.9457588196,20.9985427856,-55.8481445312,13.692984581,-50.8262023926,-23.3535747528],[-3725.36938477,-288.708374023,1200.33300781,-60.9096412659,157.309432983,53.1639175415,-0.372851490974,80.1600265503,-4.5543885231,82.9551696777,35.8981437683,27.878578186,39.5117301941],[1638.61743164,3.99135351181,-60.9096412659,500.294036865,-122.347434998,-0.27608653903,34.3340911865,-27.4180622101,71.6735229492,-11.2914638519,7.4843454361,-2.19751977921,22.5428085327],[-1417.52893066,49.4989929199,157.309432983,-122.347434998,415.736053467,37.9755897522,-8.35474205017,64.6167297363,19.9066867828,57.7380180359,50.289680481,20.1727085114,20.7224655151],[236.059432983,-73.983253479,53.1639175415,-0.27608653903,37.9755897522,214.64175415,69.5216369629,22.9992465973,1.94891047478,31.9470767975,17.035036087,3.51783442497,6.27661561966],[-137.726364136,119.260276794,-0.372851490974,34.3340911865,-8.35474205017,69.5216369629,223.027740479,19.8608016968,45.0693778992,0.7677333951,18.8177814484,-6.72885894775,11.1779336929],[-219.946182251,-62.9457588196,80.1600265503,-27.4180622101,64.6167297363,22.9992465973,19.8608016968,141.435668945,41.7069206238,17.2441997528,11.4224243164,10.5469150543,16.898021698],[-190.269866943,20.9985427856,-4.5543885231,71.6735229492,19.9066867828,1.94891047478,45.0693778992,41.7069206238,142.187728882,24.096321106,21.8971443176,3.81406998634,15.0101356506],[-246.283233643,-55.8481445312,82.9551696777,-11.2914638519,57.7380180359,31.9470767975,0.7677333951,17.2441997528,24.096321106,101.191078186,31.0137748718,6.63799667358,6.29007577896],[-273.337982178,13.692984581,35.8981437683,7.4843454361,50.289680481,17.035036087,18.8177814484,11.4224243164,21.8971443176,31.0137748718,91.3717269897,32.6173019409,7.09885072708],[-143.01222229,-50.8262023926,27.878578186,-2.19751977921,20.1727085114,3.51783442497,-6.72885894775,10.5469150543,3.81406998634,6.63799667358,32.6173019409,74.0411911011,28.7378692627],[-145.729217529,-23.3535747528,39.5117301941,22.5428085327,20.7224655151,6.27661561966,11.1779336929,16.898021698,15.0101356506,6.29007577896,7.09885072708,28.7378692627,69.6987838745]],"icov":[[0.000383850099752,-0.00106476841029,0.000943289895076,-0.00127017195337,0.00106722605415,-0.00138699798845,0.00122759945225,-0.00138642301317,0.00124806363601,-0.00107266241685,0.000965415034443,-0.000822649919428,0.000337617413606],[-0.00106476841029,0.00426027923822,-0.00235461629927,0.00356380548328,-0.0034290147014,0.00447484618053,-0.00428327871487,0.00445013213903,-0.00354868546128,0.00359716871753,-0.00325908465311,0.00322327739559,-0.000949548848439],[0.000943289895076,-0.00235461629927,0.00331723596901,-0.00311253056861,0.00233382359147,-0.00333641679026,0.00284319231287,-0.00369583722204,0.00337632885203,-0.00313347228803,0.00223122630268,-0.00188310071826,0.000460977462353],[-0.00127017195337,0.00356380548328,-0.00311253056861,0.00669606821612,-0.0027824153658,0.0044182841666,-0.00404186546803,0.0052850744687,-0.00558287464082,0.00389786856249,-0.00374638242647,0.00321935163811,-0.00216189888306],[0.00106722605415,-0.0034290147014,0.00233382359147,-0.0027824153658,0.00632270053029,-0.00438385689631,0.00413097906858,-0.00491389539093,0.00321621703915,-0.00402228860185,0.00148983369581,-0.00220499141142,0.000130916901981],[-0.00138699798845,0.00447484618053,-0.00333641679026,0.0044182841666,-0.00438385689631,0.010980322957,-0.00678785145283,0.00465450575575,-0.0034060315229,0.00243616569787,-0.00376096065156,0.00321003468707,-0.00109037570655],[0.00122759945225,-0.00428327871487,0.00284319231287,-0.00404186546803,0.00413097906858,-0.00678785145283,0.0101918624714,-0.0050116609782,0.00234483741224,-0.00265331892297,0.00198756624013,-0.00168830237817,0.0000187762998394],[-0.00138642301317,0.00445013213903,-0.00369583722204,0.0052850744687,-0.00491389539093,0.00465450575575,-0.0050116609782,0.0141503186896,-0.00730292359367,0.00435845926404,-0.00327801145613,0.00288812932558,-0.00228457292542],[0.00124806363601,-0.00354868546128,0.00337632885203,-0.00558287464082,0.00321621703915,-0.0034060315229,0.00234483741224,-0.00730292359367,0.013816406019,-0.00563409086317,0.00203088275157,-0.00212544901296,0.000259624706814],[-0.00107266241685,0.00359716871753,-0.00313347228803,0.00389786856249,-0.00402228860185,0.00243616569787,-0.00265331892297,0.00435845926404,-0.00563409086317,0.0162474513054,-0.00659530935809,0.00411456217989,-0.00145418941975],[0.000965415034443,-0.00325908465311,0.00223122630268,-0.00374638242647,0.00148983369581,-0.00376096065156,0.00198756624013,-0.00327801145613,0.00203088275157,-0.00659530935809,0.0186955463141,-0.0100696608424,0.00365064130165],[-0.000822649919428,0.00322327739559,-0.00188310071826,0.00321935163811,-0.00220499141142,0.00321003468707,-0.00168830237817,0.00288812932558,-0.00212544901296,0.00411456217989,-0.0100696608424,0.0224119573832,-0.00880548264831],[0.000337617413606,-0.000949548848439,0.000460977462353,-0.00216189888306,0.000130916901981,-0.00109037570655,0.0000187762998394,-0.00228457292542,0.000259624706814,-0.00145418941975,0.00365064130165,-0.00880548264831,0.0191173758358]],"mean":[-56.006187439,119.806159973,-136.167221069,48.6672782898,-43.5161819458,-2.84270834923,-20.9095649719,-8.18537902832,-15.2391452789,-7.20108222961,-13.2653837204,-2.80962586403,-8.50949192047]},"hfc":{"dmean":4.47005367279,"dmean2":6.31891298294,"dvar":68.0969238281,"dvar2":123.636161804,"max":386.994293213,"mean":17.0132217407,"median":12.4060707092,"min":1.05974217707e-16,"var":328.509460449},"melbands":{"dmean":[0.0016043940559,0.00136148941237,0.000951105495915,0.000471538631245,0.000276914244751,0.000149300249177,0.0000630279973848,0.0000762291965657,0.0000717836883268,0.0000643681705697,0.0000510791724082,0.0000449298022431,0.0000376486314053,0.000026588793844,0.000026500036256,0.0000212307841139,0.0000230084351642,0.000023350252377,0.0000176867106347,0.0000156954538397,0.0000138737814268,0.0000136684857353,0.000016821162717,0.0000164439898072,0.00000995569644147,0.00000536899233339,0.00000500747228216,0.00000489892954647,0.00000581345784667,0.0000043631907829,0.00000241805946644,0.00000210922576116,0.00000123630991311,6.91785260187e-7,4.51368293852e-7,2.21347193019e-7,1.03881149016e-7,6.65663009158e-8,5.8500287281e-8,2.98168956192e-8],"dmean2":[0.00234218034893,0.00221764203161,0.00150830985513,0.000761748466175,0.00045136580593,0.00023904783302,0.000101493889815,0.000120839402371,0.000112008769065,0.0000995307709672,0.000078729717643,0.0000675223418511,0.0000575202102482,0.000041233128286,0.0000419085408794,0.0000329607028107,0.0000354252551915,0.0000362108876288,0.0000276966511592,0.0000244747352554,0.0000214369847527,0.0000209540085052,0.0000254899077845,0.000025478488169,0.0000153913697432,0.00000858110161062,0.00000787267254054,0.00000754448956286,0.00000889430612006,0.00000659211445964,0.00000362416290045,0.00000305871481032,0.0000018752421056,0.00000104623359221,6.7148295102e-7,3.21393827107e-7,1.43727660884e-7,9.09464716869e-8,7.67502825738e-8,3.95486168259e-8],"dvar":[0.0000142179833347,0.00000916476528801,0.00000719961644791,8.76364140368e-7,3.00270357911e-7,9.35539361535e-8,1.29332855536e-8,3.94210424304e-8,3.97045099021e-8,2.86633419222e-8,1.53148693727e-8,1.56382196081e-8,8.4546289969e-9,5.15604225981e-9,3.45652684253e-9,2.42114084337e-9,3.05296232739e-9,3.06254688276e-9,1.80144488215e-9,1.73572789475e-9,1.81336223815e-9,1.93915639102e-9,1.73857495067e-9,1.40965339401e-9,5.46513834188e-10,2.90159202221e-10,6.38592123625e-10,3.86243315109e-10,5.93401328075e-10,2.12191958449e-10,7.31941382504e-11,5.6718848368e-11,1.87653902833e-11,1.04416631591e-11,4.1581915862e-12,7.9217893096e-13,1.56939416432e-13,4.57047052115e-14,2.96497073041e-14,8.42687922345e-15],"dvar2":[0.000026299709134,0.000022722662834,0.000016158381186,0.00000210696725844,7.81778453529e-7,2.22122551463e-7,3.28688436468e-8,9.50642231601e-8,8.98779290992e-8,6.33804333461e-8,3.43589370289e-8,3.57812766083e-8,1.91003870498e-8,1.12469003e-8,7.85807419135e-9,5.22750287502e-9,6.47488551664e-9,6.93332102841e-9,4.16984358154e-9,3.89681664714e-9,3.88151244479e-9,4.22529700117e-9,3.39057049104e-9,3.09560577172e-9,1.14346887514e-9,6.75172917575e-10,1.37008182577e-9,7.86498477456e-10,1.2360933388e-9,4.44372649788e-10,1.54417298392e-10,1.13358392118e-10,4.23037126163e-11,2.29155982384e-11,9.27694726593e-12,1.72855122143e-12,3.30127201617e-13,7.81924912731e-14,5.2528697402e-14,1.59924072547e-14],"max":[0.0312419272959,0.0265650227666,0.0299774631858,0.0106109399348,0.00830170977861,0.00557032739744,0.00314019550569,0.00540063902736,0.0050244727172,0.00389912328683,0.00249782158062,0.00307017494924,0.00236824620515,0.0021863959264,0.00125033943914,0.00109503418207,0.0015647248365,0.00162864616141,0.00103054125793,0.00186241173651,0.00212392047979,0.00252550258301,0.00125616195146,0.00119218078908,0.000725340039935,0.000862506916746,0.00128868757747,0.0012030111393,0.00132515642326,0.000719028990716,0.000367275089957,0.000438689574366,0.000163284115843,0.000124381229398,0.000110954119009,0.0000385222119803,0.000021086058041,0.0000148930175783,0.0000051903093663,0.00000365744745068],"mean":[0.0020983282011,0.00177260336932,0.00122814800125,0.000753957021516,0.00045972596854,0.000248126481893,0.000113302456157,0.000130853193696,0.000132574015879,0.000125648191897,0.000097809926956,0.0000856037950143,0.0000729507592041,0.0000534924292879,0.0000542726884305,0.0000433660388808,0.0000456760790257,0.0000457159694633,0.0000319980063068,0.0000301321124425,0.0000259976295638,0.0000258928375843,0.0000326346380461,0.0000313661512337,0.0000193805972231,0.0000101221075965,0.00000879496110429,0.00000929648740566,0.000011496856132,0.00000892537627806,0.00000458804834125,0.00000442456303062,0.00000247765660788,0.00000128907663566,8.1740722635e-7,3.92850694197e-7,1.75117918388e-7,1.13188242779e-7,8.89187603548e-8,4.5700360829e-8],"median":[0.00027428206522,0.000577897531912,0.000604768574703,0.000369640474673,0.000219992100028,0.000114962815132,0.000060883758124,0.0000490064303449,0.0000381487661798,0.0000342287639796,0.0000241576326516,0.0000220852089114,0.0000236617506744,0.0000121490147649,0.0000175686454895,0.0000147282544276,0.0000151422655108,0.0000163627428265,0.0000112991592687,0.000010030357771,0.00000943989834923,0.0000100592997114,0.0000116619357868,0.0000114409331218,0.00000774969703343,0.00000437075004811,0.00000298886948258,0.00000322467826663,0.00000329363365381,0.00000226184306484,0.00000130773821638,9.57389033829e-7,5.52580047497e-7,3.39399008453e-7,2.02191401399e-7,9.90515829358e-8,3.89685794744e-8,2.29490790815e-8,1.25337926704e-8,6.51235687599e-9],"min":[8.64948708897e-25,1.33350082798e-24,1.24982477405e-24,1.35097606919e-24,1.17834372084e-24,5.97330111991e-25,1.5198802609e-24,1.52463738798e-24,1.35842183145e-24,2.57549319932e-24,5.36213754309e-25,1.46823767895e-24,1.87920689626e-24,2.06424408234e-24,1.94483065725e-24,3.26877552005e-24,2.23931696912e-24,1.99132533014e-24,2.88445570044e-24,2.43381023087e-24,2.98589709918e-24,3.20357458851e-24,3.33927384978e-24,4.73246295069e-24,3.30279278e-24,2.65005455714e-24,5.16688944006e-24,4.81320601978e-24,4.16834023433e-24,5.62904872898e-24,5.03469331285e-24,5.71628846205e-24,5.28749720056e-24,5.01955507208e-24,5.40245632256e-24,6.16558024632e-24,5.77038854293e-24,5.85334160585e-24,5.04622488156e-24,7.1114169775e-24],"var":[0.0000234140206885,0.0000105156095742,0.00000749978926251,0.00000117936349397,4.99489033245e-7,2.0518632482e-7,3.50277105099e-8,9.12980979706e-8,1.05981243337e-7,8.22210068918e-8,4.789277952e-8,4.16872509845e-8,2.32364012476e-8,2.01050944781e-8,1.15087717134e-8,7.19464088306e-9,9.28621801677e-9,8.6245330877e-9,3.87703469329e-9,4.66770488927e-9,5.24389953682e-9,4.52297665987e-9,5.27466337275e-9,3.61411722771e-9,1.49424372875e-9,5.90662685429e-10,1.26201959993e-9,1.04931618949e-9,1.28685262446e-9,5.7328269909e-10,1.61563235013e-10,1.97844005068e-10,4.93693558257e-11,1.86270113917e-11,6.3794117558e-12,1.41397516525e-12,3.24872832629e-13,1.52840373279e-13,6.4790668219e-14,1.77609171809e-14]},"melbands_crest":{"dmean":3.61581730843,"dmean2":5.62386369705,"dvar":11.8543214798,"dvar2":24.8886489868,"max":34.2201538086,"mean":14.2998466492,"median":13.341794014,"min":1.59625804424,"var":34.7396774292},"melbands_flatness_db":{"dmean":0.0273063424975,"dmean2":0.0398996248841,"dvar":0.000878536258824,"dvar2":0.00163111742586,"max":0.547332763672,"mean":0.212515115738,"median":0.20547260344,"min":0.0032319102902,"var":0.00518841389567},"melbands_kurtosis":{"dmean":8.56543540955,"dmean2":12.9432563782,"dvar":291.1355896,"dvar2":621.534423828,"max":371.230010986,"mean":14.515668869,"median":5.99573326111,"min":-1.87859451771,"var":597.684204102},"melbands_skewness":{"dmean":0.823131740093,"dmean2":1.19153058529,"dvar":0.949372172356,"dvar2":1.75499868393,"max":15.1381473541,"mean":2.69683337212,"median":2.35355758667,"min":-2.56215977669,"var":3.62343358994},"melbands_spread":{"dmean":7.8216137886,"dmean2":11.661491394,"dvar":99.1186904907,"dvar2":189.532455444,"max":166.768218994,"mean":28.3948249817,"median":22.8664169312,"min":0.481248676777,"var":572.504089355},"mfcc":{"cov":[[12139.2851562,646.680725098,-839.580505371,718.74041748,-728.491027832,410.540679932,-105.41040802,222.632492065,31.8350105286,-17.4272556305,-12.058839798,73.3046035767,-162.84312439],[646.680725098,1283.38195801,-191.510955811,68.2767715454,29.7592201233,33.1671981812,75.0590057373,25.9539966583,-5.50812959671,10.7786607742,34.6944541931,-6.70077180862,-22.7810020447],[-839.580505371,-191.510955811,763.217712402,67.2657699585,22.698102951,12.2161216736,32.6119613647,-18.882692337,33.5020446777,-7.49729013443,-6.90265512466,15.6409215927,17.9378070831],[718.74041748,68.2767715454,67.2657699585,384.098602295,-19.8649368286,38.9188346863,-44.7794113159,21.4983272552,19.1128807068,9.22075271606,-5.93405437469,35.6481704712,2.07491993904],[-728.491027832,29.7592201233,22.698102951,-19.8649368286,358.615478516,-27.8610057831,26.9072494507,-23.764913559,9.25072193146,21.9529380798,13.582036972,0.311369925737,39.1458129883],[410.540679932,33.1671981812,12.2161216736,38.9188346863,-27.8610057831,189.681533813,47.3373985291,14.0286912918,14.9291305542,20.352804184,18.2550735474,14.5418958664,6.89754772186],[-105.41040802,75.0590057373,32.6119613647,-44.7794113159,26.9072494507,47.3373985291,165.298965454,23.0162792206,13.4460515976,10.6872425079,18.2326660156,4.60540008545,11.2199459076],[222.632492065,25.9539966583,-18.882692337,21.4983272552,-23.764913559,14.0286912918,23.0162792206,119.835540771,34.693031311,10.8958063126,14.343755722,12.9741268158,2.15172457695],[31.8350105286,-5.50812959671,33.5020446777,19.1128807068,9.25072193146,14.9291305542,13.4460515976,34.693031311,111.448936462,37.4367027283,5.69858598709,11.2445392609,4.44249773026],[-17.4272556305,10.7786607742,-7.49729013443,9.22075271606,21.9529380798,20.352804184,10.6872425079,10.8958063126,37.4367027283,95.6786193848,33.9342041016,8.22535610199,6.80485534668],[-12.058839798,34.6944541931,-6.90265512466,-5.93405437469,13.582036972,18.2550735474,18.2326660156,14.343755722,5.69858598709,33.9342041016,92.8313369751,32.5763816833,5.16012620926],[73.3046035767,-6.70077180862,15.6409215927,35.6481704712,0.311369925737,14.5418958664,4.60540008545,12.9741268158,11.2445392609,8.22535610199,32.5763816833,78.8435592651,25.0357189178],[-162.84312439,-22.7810020447,17.9378070831,2.07491993904,39.1458129883,6.89754772186,11.2199459076,2.15172457695,4.44249773026,6.80485534668,5.16012620926,25.0357189178,77.593963623]],"icov":[[0.000132298373501,-0.0000308575108647,0.000149339772179,-0.000216363070649,0.000197000234039,-0.000228846212849,0.0000430758227594,-0.0001186962254,-0.0000219724643102,0.0000573299439566,0.00005019584205,-0.000078480814409,0.000176085304702],[-0.0000308575108647,0.000887413567398,0.000220630827243,-0.000246020936174,-0.000138773350045,0.0000504090858158,-0.000516794621944,-0.00000138338077704,0.0000518237975484,0.0000834425009089,-0.000358205114026,0.000254293350736,0.00022313700174],[0.000149339772179,0.000220630827243,0.00164473219775,-0.000623248924967,0.000173140491825,-0.000209708014154,-0.000493882165756,0.000344258733094,-0.000594677927438,0.000455759553006,-0.00000871229076438,-0.000127350969706,0.0000435411711806],[-0.000216363070649,-0.000246020936174,-0.000623248924967,0.00352942198515,-0.000347691355273,-0.000422020268161,0.00126226677094,-0.000428449537139,-0.0000213308612729,-0.000514155486599,0.000928996247239,-0.00156007986516,0.000053573938203],[0.000197000234039,-0.000138773350045,0.000173140491825,-0.000347691355273,0.00349710183218,0.000384830869734,-0.000520601810422,0.000671209243592,-0.000363591592759,-0.000447565020295,-0.000431081018178,0.000508117547724,-0.00147506059147],[-0.000228846212849,0.0000504090858158,-0.000209708014154,-0.000422020268161,0.000384830869734,0.00661309296265,-0.00204891921021,0.000399568903958,-0.000198233770789,-0.000958050368354,-0.00067732349271,-0.0000755052897148,-0.000737744150683],[0.0000430758227594,-0.000516794621944,-0.000493882165756,0.00126226677094,-0.000520601810422,-0.00204891921021,0.00774609157816,-0.0014881126117,-0.000248665455729,0.000106160041469,-0.000584841880482,0.0000702361285221,-0.000593777163886],[-0.0001186962254,-0.00000138338077704,0.000344258733094,-0.000428449537139,0.000671209243592,0.000399568903958,-0.0014881126117,0.0101354885846,-0.00316015165299,0.000593882752582,-0.00134724832606,-0.000339808291756,-0.00042958164704],[-0.0000219724643102,0.0000518237975484,-0.000594677927438,-0.0000213308612729,-0.000363591592759,-0.000198233770789,-0.000248665455729,-0.00316015165299,0.0118845775723,-0.0048440261744,0.00209907372482,-0.00149687938392,0.000519549008459],[0.0000573299439566,0.0000834425009089,0.000455759553006,-0.000514155486599,-0.000447565020295,-0.000958050368354,0.000106160041469,0.000593882752582,-0.0048440261744,0.0145153878257,-0.0055110999383,0.00191435590386,-0.000914467207622],[0.00005019584205,-0.000358205114026,-0.00000871229076438,0.000928996247239,-0.000431081018178,-0.00067732349271,-0.000584841880482,-0.00134724832606,0.00209907372482,-0.0055110999383,0.0157043654472,-0.00694050500169,0.00193508970551],[-0.000078480814409,0.000254293350736,-0.000127350969706,-0.00156007986516,0.000508117547724,-0.0000755052897148,0.0000702361285221,-0.000339808291756,-0.00149687938392,0.00191435590386,-0.00694050500169,0.0182929243892,-0.00579209951684],[0.000176085304702,0.00022313700174,0.0000435411711806,0.000053573938203,-0.00147506059147,-0.000737744150683,-0.000593777163886,-0.00042958164704,0.000519549008459,-0.000914467207622,0.00193508970551,-0.00579209951684,0.0160092581064]],"mean":[-677.742614746,136.080947876,-23.4817562103,48.3483581543,-3.16238570213,15.4056167603,-4.00003433228,5.95612192154,-2.27742886543,-1.69924044609,-1.58625137806,-1.05656599998,-6.96554851532]},"pitch_salience":{"dmean":0.0779414251447,"dmean2":0.125000476837,"dvar":0.0061855702661,"dvar2":0.0140800820664,"max":0.881771862507,"mean":0.554721295834,"median":0.564572751522,"min":0.112124696374,"var":0.0164963696152},"silence_rate_20dB":{"dmean":0,"dmean2":0,"dvar":0,"dvar2":0,"max":1,"mean":1,"median":1,"min":1,"var":0},"silence_rate_30dB":{"dmean":0.005582339596,"dmean2":0.0111660957336,"dvar":0.00555094331503,"dvar2":0.0156086981297,"max":1,"mean":0.996701776981,"median":1,"min":0,"var":0.00328736752272},"silence_rate_60dB":{"dmean":0.0106571940705,"dmean2":0.0213170908391,"dvar":0.0105444053188,"dvar2":0.0234032981098,"max":1,"mean":0.108968667686,"median":0,"min":0,"var":0.0971038937569},"spectral_centroid":{"dmean":265.472625732,"dmean2":396.533081055,"dvar":102928.6875,"dvar2":199932.34375,"max":11562.2382812,"mean":1660.14294434,"median":1481.20678711,"min":168.789916992,"var":1897398.5},"spectral_complexity":{"dmean":3.37959909439,"dmean2":5.231569767,"dvar":15.6482448578,"dvar2":33.281463623,"max":61,"mean":18.1380176544,"median":17,"min":0,"var":107.020492554},"spectral_contrast_coeffs":{"dmean":[0.0519558116794,0.04399125278,0.0370856486261,0.0303055215627,0.0222228318453,0.0190729182214],"dmean2":[0.0824882388115,0.072562456131,0.0596537031233,0.0484123267233,0.0347449369729,0.0292202364653],"dvar":[0.00199851416983,0.00139632716309,0.000988041167147,0.000700467673596,0.000409947155276,0.0003715804487],"dvar2":[0.00484456680715,0.00368311209604,0.00242965552025,0.00165011815261,0.000883975240868,0.000802117167041],"max":[-0.285135626793,-0.436462193727,-0.489579856396,-0.541192829609,-0.506825506687,-0.478304743767],"mean":[-0.647811293602,-0.74365490675,-0.761604070663,-0.772906839848,-0.77961486578,-0.685616075993],"median":[-0.649270772934,-0.746683001518,-0.768802046776,-0.778856039047,-0.783093929291,-0.684358179569],"min":[-0.978201210499,-0.975863218307,-0.978177428246,-0.971402823925,-0.968339443207,-0.964965522289],"var":[0.00888165086508,0.0052361227572,0.00593269150704,0.00451825978234,0.00327071617357,0.00578756211326]},"spectral_contrast_valleys":{"dmean":[0.41831406951,0.356240928173,0.337649792433,0.297070771456,0.248210027814,0.257486462593],"dmean2":[0.670744240284,0.58389544487,0.549098491669,0.481016337872,0.376556962729,0.334561437368],"dvar":[0.164923369884,0.131839469075,0.123757980764,0.11080596596,0.0990647226572,0.112750649452],"dvar2":[0.347646027803,0.298754990101,0.276557475328,0.24043853581,0.189167499542,0.177737429738],"max":[-5.0355219841,-5.03681659698,-5.53907012939,-5.66872358322,-4.8288860321,-8.36132335663],"mean":[-7.58968639374,-7.34323215485,-8.02225208282,-8.18758392334,-7.92272233963,-11.6174726486],"median":[-7.14390277863,-6.80033493042,-7.49816036224,-7.65093421936,-7.39232587814,-11.3628892899],"min":[-28.3417854309,-27.9235534668,-27.75365448,-27.7332744598,-27.5394859314,-27.4052200317],"var":[7.57459020615,7.71608543396,7.42619800568,7.29635906219,7.44256067276,5.0325088501]},"spectral_decrease":{"dmean":2.62321964151e-9,"dmean2":3.84829546007e-9,"dvar":1.88292876458e-17,"dvar2":3.64921116616e-17,"max":2.19373941058e-28,"mean":-6.36940278298e-9,"median":-4.50150317022e-9,"min":-3.98884552055e-8,"var":4.07736382169e-17},"spectral_energy":{"dmean":0.0101559944451,"dmean2":0.0148516017944,"dvar":0.000273615267361,"dvar2":0.000530310673639,"max":0.152568042278,"mean":0.0255827251822,"median":0.0184795074165,"min":1.00745186392e-20,"var":0.000616295728832},"spectral_energyband_high":{"dmean":0.000304274843074,"dmean2":0.000428198894951,"dvar":0.00000100630268207,"dvar2":0.00000185330554814,"max":0.056950584054,"mean":0.000766792451032,"median":0.000265982089331,"min":7.19333547458e-21,"var":0.00000344944146491},"spectral_energyband_low":{"dmean":0.00710495514795,"dmean2":0.01075978484,"dvar":0.000205132222618,"dvar2":0.00039918202674,"max":0.11822771281,"mean":0.0112793492153,"median":0.00372650334612,"min":1.67619642165e-23,"var":0.000371948728571},"spectral_energyband_middle_high":{"dmean":0.00142644857988,"dmean2":0.00211221980862,"dvar":0.00000502536431668,"dvar2":0.0000103894071799,"max":0.0498545393348,"mean":0.00498302141204,"median":0.00292233680375,"min":1.13080719225e-21,"var":0.0000291680698865},"spectral_energyband_middle_low":{"dmean":0.00483722239733,"dmean2":0.00747229717672,"dvar":0.000116106944915,"dvar2":0.000250753917499,"max":0.124901741743,"mean":0.00977481156588,"median":0.00700370175764,"min":1.54137576999e-22,"var":0.000160320385476},"spectral_entropy":{"dmean":0.125248983502,"dmean2":0.18762896955,"dvar":0.0165259428322,"dvar2":0.0357135459781,"max":9.82958126068,"mean":7.46676778793,"median":7.49220514297,"min":5.82624387741,"var":0.228038340807},"spectral_flux":{"dmean":0.0283989515156,"dmean2":0.0448768995702,"dvar":0.00127447815612,"dvar2":0.00291511882097,"max":0.298588722944,"mean":0.0811148062348,"median":0.0676617100835,"min":6.38638655848e-11,"var":0.00337740173563},"spectral_kurtosis":{"dmean":1.89463841915,"dmean2":3.32633280754,"dvar":4.16725540161,"dvar2":12.1500177383,"max":33.9742126465,"mean":4.04362630844,"median":3.1861987114,"min":-1.26595079899,"var":11.3710517883},"spectral_rms":{"dmean":0.000839009939227,"dmean2":0.00118992489297,"dvar":0.00000127903865632,"dvar2":0.00000218452851186,"max":0.0122002819553,"mean":0.00442618271336,"median":0.00424603186548,"min":3.1350915787e-12,"var":0.00000536759580427},"spectral_rolloff":{"dmean":444.111419678,"dmean2":714.748779297,"dvar":449137.96875,"dvar2":842833.4375,"max":19509.0820312,"mean":1771.42626953,"median":1313.52539062,"min":21.533203125,"var":6108368.5},"spectral_skewness":{"dmean":0.230408504605,"dmean2":0.385598301888,"dvar":0.0506568215787,"dvar2":0.1371242553,"max":3.81881809235,"mean":1.13890862465,"median":1.09323227406,"min":-0.285401791334,"var":0.311508268118},"spectral_spread":{"dmean":292485.75,"dmean2":423088.21875,"dvar":370029068288,"dvar2":738162638848,"max":44935568,"mean":3970488.5,"median":3210309,"min":1409750.125,"var":22714911817700},"spectral_strongpeak":{"dmean":0.519267618656,"dmean2":0.903852581978,"dvar":1.10340964794,"dvar2":2.76583003998,"max":15.112402916,"mean":0.847822785378,"median":0.45139247179,"min":0,"var":1.54400777817},"zerocrossingrate":{"dmean":0.00893352739513,"dmean2":0.0101581206545,"dvar":0.000113581336336,"dvar2":0.000155233516125,"max":0.5263671875,"mean":0.0602952688932,"median":0.05029296875,"min":0.00244140625,"var":0.00395000120625}},"metadata":{"audio_properties":{"analysis_sample_rate":44100,"bit_rate":0,"codec":"flac","downmix":"mix","equal_loudness":0,"length":183,"lossless":true,"md5_encoded":"d4a38e7c8b89f08ebfed25384b3ae4f7","replay_gain":-7.85973548889,"sample_rate":44100},"tags":{"acoustid_id":["a18e6245-552e-4427-82f2-b941fd42e054"],"album":["Electric Warrior"],"albumartist":["T. Rex"],"albumartistsort":["T. Rex"],"artist":["T. Rex"],"artistsort":["T. Rex"],"asin":["B000002KP3"],"barcode":["075992745925"],"bpm":["152.8"],"catalognumber":["6466-2"],"date":["1990-10-25"],"discnumber":["1"],"disctotal":["1"],"file_name":"1-05 Lean Woman Blues.flac","genre":["Classic Rock"],"grouping":["Rock"],"label":["Reprise Records"],"language":["eng"],"media":["CD"],"musicbrainz_albumartistid":["c842d29f-a297-48cd-bb71-4f77fd672b16"],"musicbrainz_albumid":["05d3a786-f136-397e-9296-4edc155b0c14"],"musicbrainz_artistid":["c842d29f-a297-48cd-bb71-4f77fd672b16"],"musicbrainz_discid":["_rFA4jcxSKx_p5VVlbRe5ME65HI-"],"musicbrainz_recordingid":["48ac3798-ad3c-4985-9253-9d7c66b5324a"],"musicbrainz_releasegroupid":["e53310bf-8ccc-3d7f-a0b7-5ca4dbababcb"],"musicbrainz_releasetrackid":["25d963d9-4a22-30d4-8202-7bc46813ef6a"],"originaldate":["1971"],"producer":["Tony Visconti"],"releasecountry":["US"],"releasestatus":["official"],"releasetype":["album"],"script":["Latn"],"title":["Lean Woman Blues"],"totaldiscs":["1"],"tracknumber":["5"],"tracktotal":["11"]},"version":{"essentia":"2.1-beta2","essentia_build_sha":"70f2e5ece6736b2c40cc944ad0e695b16b925413","essentia_git_sha":"v2.1_beta2","extractor":"music 1.0"}},"rhythm":{"beats_count":231,"beats_loudness":{"dmean":0.025230480358,"dmean2":0.0432601980865,"dvar":0.000454442808405,"dvar2":0.00142472900916,"max":0.143059790134,"mean":0.043628692627,"median":0.0431550554931,"min":0,"var":0.000771499122493},"beats_loudness_band_ratio":{"dmean":[0.256538271904,0.113054588437,0.0762168765068,0.0806831642