{"lowlevel":{"average_loudness":0.887133061886,"barkbands":{"dmean":[0.00135374325328,0.00226934603415,0.000557298830245,0.000907179201022,0.00247964030132,0.00192787649576,0.000432844070019,0.000299273902783,0.000535756524187,0.000340739963576,0.00023063266417,0.000274715712294,0.000193475498236,0.000341572478646,0.000239689252339,0.000104365230072,0.0000847827395773,0.0000799326153356,0.00005778871855,0.0000753042550059,0.000159415198141,0.0000392779402318,0.00000932046532398,0.00000258401246356,0.00000128365786622,0.00000335081222147,0.0000497860382893],"dmean2":[0.00213974830694,0.00353846582584,0.000919543439522,0.0014110414777,0.00366891128942,0.00270924437791,0.00066468998557,0.000464567972813,0.000776177388616,0.00051254889695,0.000370845751604,0.000461797666503,0.000311701296596,0.000544248672668,0.000377555727027,0.000170882660314,0.000139977244544,0.000128228566609,0.0000960755787673,0.000124916026834,0.000271335797152,0.0000645040345262,0.0000152550992425,0.00000418200761487,0.00000218593163481,0.00000546659839529,0.0000801700371085],"dvar":[0.0000081733078332,0.0000128562442114,5.53296274575e-7,0.00000207864695767,0.0000269677584583,0.0000246701838478,8.05087722711e-7,7.85162058037e-7,0.00000286001500172,0.00000100684439985,0.0000010395008303,4.52129796713e-7,9.80843708476e-8,3.71407253397e-7,2.70718658157e-7,5.69279983154e-8,3.72083661659e-8,2.81523764301e-8,1.57583599503e-8,2.9614323438e-8,1.65908161875e-7,1.00197645736e-8,8.11403000345e-10,2.23360895751e-11,6.25720265532e-12,5.43209574544e-11,1.05256612315e-8],"dvar2":[0.0000209795925912,0.000033789074223,0.0000014200103351,0.00000452574113297,0.0000579601473873,0.0000488624064019,0.00000159615922257,0.00000175571233285,0.00000572047110836,0.00000216231319428,0.00000268078110821,0.00000116956505281,2.4233523277e-7,9.05095362214e-7,6.51848893085e-7,1.45522122352e-7,9.6228170321e-8,6.65943105105e-8,3.90538446027e-8,7.46741832813e-8,4.38092598642e-7,2.49752662995e-8,2.05909778117e-9,5.43368718076e-11,1.62585899605e-11,1.33305755323e-10,2.59516461654e-8],"max":[0.0485525466502,0.0594014674425,0.012308428064,0.0242935717106,0.0974542200565,0.107936568558,0.0245501361787,0.0307021103799,0.04484558478,0.0266070980579,0.0310703925788,0.0127863651142,0.00458502024412,0.00980632938445,0.0128439757973,0.00440636789426,0.00301961461082,0.00228971405886,0.00214836141095,0.0023567234166,0.0075717009604,0.00206286949106,0.000668406661134,0.0000645362088108,0.000031427029171,0.00015875887766,0.00152548763435],"mean":[0.00279529811814,0.00450212135911,0.000842378998641,0.00147158256732,0.00451227044687,0.00351839931682,0.000668772030622,0.000419482064899,0.000836440536659,0.000467868318083,0.000293715216685,0.000338504527463,0.000296866230201,0.000540182983968,0.000348186149495,0.000104261278466,0.0000840248394525,0.0000810541023384,0.0000529545504833,0.0000640528160147,0.000118934454804,0.0000335445402015,0.00000846334842208,0.00000258504701378,0.0000011601883898,0.00000331495334649,0.000050822582125],"median":[0.000356295553502,0.00210892315954,0.000464010314317,0.000657155178487,0.00127207709011,0.000570416159462,0.000186555582331,0.000093850751,0.000102642399725,0.0000780937698437,0.0000629544592812,0.0000886451744009,0.000125670208945,0.000128797531943,0.0000644420360914,0.0000272001470876,0.0000241772431764,0.0000194221211132,0.0000103915426735,0.00000982034362096,0.00000823679056339,0.00000516996124134,0.00000199971896109,8.08722973034e-7,2.68363692157e-7,0.00000102620128928,0.000012478577446],"min":[2.51386746429e-23,5.22073889983e-23,2.84448159402e-23,5.35821463641e-24,1.08017532572e-23,2.09111785181e-23,6.5255577511e-23,2.80595741394e-23,9.10320998383e-23,9.29699713618e-23,8.610477365e-23,6.80951359818e-23,9.45754800088e-23,6.35566172457e-23,8.75261369182e-23,6.12768092296e-23,1.24306505256e-22,2.00582008918e-22,4.16318225152e-22,5.60622215516e-22,4.52045874389e-22,4.73757850856e-22,7.35250675409e-22,6.37126476219e-22,1.10688377992e-21,1.6969240701e-21,2.17528972692e-21],"var":[0.0000322071100527,0.000036981276935,0.00000119856190395,0.00000519860122949,0.0000735723733669,0.0000761211267672,0.0000020323800527,0.00000141116015584,0.00000725748077457,0.00000199101668841,0.00000127533076011,5.45891907677e-7,1.85113506745e-7,9.00752127109e-7,6.22153606855e-7,4.91536518155e-8,3.08656851189e-8,2.7983849904e-8,1.40135343329e-8,2.45140210353e-8,1.18151760375e-7,8.32151236807e-9,6.47770503903e-10,2.36311577945e-11,6.37285103161e-12,5.01242797268e-11,9.64352331323e-9]},"barkbands_crest":{"dmean":2.77379488945,"dmean2":4.47881889343,"dvar":5.80788946152,"dvar2":14.5719156265,"max":24.3063392639,"mean":10.7866220474,"median":10.2593679428,"min":2.22777104378,"var":17.9599990845},"barkbands_flatness_db":{"dmean":0.0380629524589,"dmean2":0.0563219450414,"dvar":0.00118324987125,"dvar2":0.00243643135764,"max":0.476094782352,"mean":0.176096603274,"median":0.170028194785,"min":0.0388043895364,"var":0.00546638201922},"barkbands_kurtosis":{"dmean":6.80701065063,"dmean2":10.6026029587,"dvar":177.342468262,"dvar2":411.971984863,"max":214.524414062,"mean":12.4676980972,"median":5.01748085022,"min":-1.75518977642,"var":517.711914062},"barkbands_skewness":{"dmean":0.749412000179,"dmean2":1.14476013184,"dvar":0.687808632851,"dvar2":1.49655652046,"max":11.3143892288,"mean":2.19807195663,"median":1.86444652081,"min":-2.79789710045,"var":3.4809923172},"barkbands_spread":{"dmean":6.79375457764,"dmean2":10.322927475,"dvar":88.9881362915,"dvar2":183.48664856,"max":128.401000977,"mean":15.3260984421,"median":11.3945474625,"min":0.485995918512,"var":180.086700439},"dissonance":{"dmean":0.0179597735405,"dmean2":0.0297302547842,"dvar":0.000326859852066,"dvar2":0.00085086026229,"max":0.499999403954,"mean":0.467177659273,"median":0.473937153816,"min":0.22245259583,"var":0.000688437721692},"dynamic_complexity":5.55204486847,"erbbands":{"dmean":[0.116134382784,0.356961965561,0.621703505516,1.73734772205,3.64593505859,9.17876338959,15.8536224365,19.4621009827,7.61352491379,5.58853292465,7.9681968689,11.3478345871,10.0839452744,10.8090305328,7.60595703125,10.9033184052,8.74321174622,13.5853233337,16.756570816,7.64371490479,5.65424776077,4.72781133652,4.320728302,3.53312468529,2.82981657982,3.51013469696,6.0684056282,5.46152162552,1.64956235886,0.620637834072,0.212716251612,0.0762013122439,0.0345753878355,0.0149878589436,0.00906822271645,0.00622057542205,0.00667878054082,0.0127559797838,0.0097151407972,0.000594603363425],"dmean2":[0.17613555491,0.576177656651,1.01483035088,2.72894072533,5.69815540314,13.7883882523,22.8741264343,27.3892707825,11.5242967606,8.57740783691,11.8323917389,16.3282527924,14.8760433197,16.8493213654,12.0010108948,18.0147857666,13.928185463,21.6003055573,25.8712711334,12.2222948074,9.16019248962,7.72108316422,6.95205593109,5.7876458168,4.69125080109,5.82505607605,10.3400468826,9.2763376236,2.71894598007,1.01463186741,0.347170561552,0.122890524566,0.0567154660821,0.0253357049078,0.0154181001708,0.0103266676888,0.0107584418729,0.0208400394768,0.0162136498839,0.000933442090172],"dvar":[0.0446995086968,0.284902632236,0.68831461668,7.21655607224,48.2866821289,394.733642578,1538.78991699,3197.93676758,284.380523682,130.449905396,691.007324219,1378.47875977,843.780456543,1367.86230469,454.924926758,635.573242188,189.562911987,579.922180176,1159.98547363,243.938110352,165.57749939,107.356216431,79.9159927368,59.5954475403,37.9797096252,63.9225616455,217.169021606,224.952514648,16.7931079865,4.11662960052,0.317361801863,0.0224668029696,0.00396489398554,0.000806317606475,0.000310212111799,0.000118300442409,0.000188846272067,0.00104564265348,0.000524392176885,0.00000122419771742],"dvar2":[0.106593132019,0.765555262566,1.7458050251,15.8579292297,110.158477783,859.328735352,3077.66479492,6109.87695312,571.053405762,274.045959473,1366.57751465,2811.25439453,1760.29736328,3322.06616211,1081.46484375,1650.58520508,464.811950684,1410.94921875,2607.48486328,603.621520996,425.357513428,273.485717773,188.11239624,144.53263855,95.6771697998,160.227310181,565.110473633,603.163024902,42.1568603516,10.3317995071,0.792300105095,0.053642809391,0.00997105520219,0.00208747782744,0.000805765273981,0.000301004649373,0.000453067768831,0.00257503497414,0.00134905939922,0.00000290845332529],"max":[3.44307208061,7.90602779388,16.1115398407,54.6481819153,161.432601929,367.199554443,719.044799805,1357.10559082,679.021240234,283.840789795,1008.26898193,1163.70422363,598.667053223,874.062133789,499.550598145,508.03112793,184.042556763,397.70111084,875.019165039,422.190032959,266.310241699,141.096435547,129.500991821,110.551101685,74.7016296387,108.653808594,176.367141724,365.345703125,77.6710205078,55.7664604187,13.7783002853,2.38705730438,0.9812977314,0.358464866877,0.220775350928,0.125567600131,0.245581075549,0.623276293278,0.376400232315,0.0110459337011],"mean":[0.236299708486,0.617648899555,1.07085001469,2.90530824661,6.39307022095,15.9380760193,28.0702896118,33.3758430481,13.5004997253,9.08873844147,12.067697525,17.6535396576,15.2986431122,15.2213869095,10.7899084091,14.4265518188,14.3067188263,22.1276226044,27.0335712433,10.378408432,5.81160116196,4.81593465805,4.53639316559,3.32217288017,2.55238485336,3.01247429848,4.54608297348,4.1327958107,1.39401757717,0.541761279106,0.198922172189,0.0761834383011,0.0341993272305,0.0140137653798,0.00827275589108,0.00608410779387,0.00664569949731,0.0111510260031,0.00776899047196,0.000733481429052],"median":[0.0660906210542,0.34744271636,0.640130460262,1.5129237175,2.70649170876,3.67432045937,4.85395526886,5.02334260941,3.39122843742,2.73193287849,2.25978112221,2.32891845703,2.49800992012,2.81419014931,2.80217647552,4.2088932991,6.10695266724,6.86705112457,4.88112878799,2.55945038795,1.55867087841,1.42681217194,1.15595507622,0.700802624226,0.50954836607,0.460874170065,0.337460041046,0.323801368475,0.205465242267,0.103258386254,0.0513643808663,0.0232036262751,0.0105657950044,0.0038460274227,0.00201596412808,0.00192678091116,0.00199300656095,0.00196569529362,0.000919405720197,0.000246433948632],"min":[1.20202550429e-21,1.24749402313e-20,2.6372721589e-20,4.00156699258e-20,2.21572007767e-20,3.69544134193e-20,4.57093608772e-20,2.22898576056e-19,3.00687028602e-19,1.57808907217e-18,1.00564917241e-18,1.80329426722e-18,2.72119157075e-18,3.67868518303e-18,1.95345918805e-18,3.47842847904e-18,4.43215779915e-18,4.20565796305e-18,3.45814766479e-18,4.00685957848e-18,4.30689204873e-18,7.08065446293e-18,9.97239599353e-18,1.65075504851e-17,1.89239832824e-17,2.52795874686e-17,2.19936422637e-17,1.96183650107e-17,1.70623686461e-17,1.93299933055e-17,1.94187729463e-17,1.36986353764e-17,1.15840027343e-17,9.5010171953e-18,9.32175640321e-18,6.51176430536e-18,3.2475148072e-18,1.13404518107e-18,2.99877167083e-19,3.10905817557e-20],"var":[0.161906942725,0.62710493803,1.67364895344,17.8283958435,103.376487732,1068.92834473,4083.33203125,9303.66601562,850.955566406,311.564727783,1428.08581543,3356.67480469,1908.37976074,2320.99707031,790.300292969,821.341552734,401.446960449,1328.04992676,3283.34130859,371.068817139,143.088027954,93.0577087402,81.5233764648,55.2671661377,32.1765480042,53.726650238,159.740722656,155.253677368,13.7633695602,3.30134391785,0.265557229519,0.0228129737079,0.0040759621188,0.000834823353216,0.000316846475471,0.000126807499328,0.000185157201486,0.000887537084054,0.000403759739129,0.00000135161860726]},"erbbands_crest":{"dmean":2.45314097404,"dmean2":3.97664618492,"dvar":5.65484762192,"dvar2":13.6307926178,"max":30.8390197754,"mean":8.30486869812,"median":7.51067781448,"min":2.27730798721,"var":14.4804000854},"erbbands_flatness_db":{"dmean":0.0284049231559,"dmean2":0.0444433763623,"dvar":0.000600487692282,"dvar2":0.00143906043377,"max":0.382538318634,"mean":0.164613008499,"median":0.157025247812,"min":0.0249293260276,"var":0.00239935377613},"erbbands_kurtosis":{"dmean":1.02904701233,"dmean2":1.68382966518,"dvar":2.8396115303,"dvar2":7.12008047104,"max":47.3730812073,"mean":0.393924117088,"median":-0.214628458023,"min":-1.79482555389,"var":4.96595954895},"erbbands_skewness":{"dmean":0.436809152365,"dmean2":0.670479774475,"dvar":0.170560076833,"dvar2":0.384765625,"max":4.77074670792,"mean":0.291179805994,"median":0.251745402813,"min":-3.16368341446,"var":0.661735296249},"erbbands_spread":{"dmean":8.1331205368,"dmean2":12.8535022736,"dvar":68.4225234985,"dvar2":168.209762573,"max":101.131729126,"mean":31.8856124878,"median":30.1209831238,"min":1.83735430241,"var":177.127609253},"gfcc":{"cov":[[32056.6914062,4222.07373047,-1763.03491211,-259.061279297,271.502807617,-1310.41674805,327.337677002,-1669.76916504,-149.282562256,-419.5078125,-212.05166626,-200.33795166,200.330276489],[4222.07373047,2281.47753906,131.87878418,-308.460235596,72.5717544556,-58.4210624695,-105.272239685,-230.988922119,-41.1668815613,-85.7089080811,48.9630851746,-99.8951873779,11.2944345474],[-1763.03491211,131.87878418,546.698852539,99.4419708252,-67.1527023315,247.057357788,-149.814285278,251.227401733,-65.5488128662,72.3027114868,44.4625244141,8.31608867645,-14.0681009293],[-259.061279297,-308.460235596,99.4419708252,357.698272705,127.640609741,-9.48298549652,158.078933716,29.9596347809,41.9439163208,0.322552353144,-7.32207965851,47.2595024109,-50.8412322998],[271.502807617,72.5717544556,-67.1527023315,127.640609741,211.746231079,42.2483940125,138.420211792,-53.8329658508,21.5296096802,-39.4954605103,-4.79118347168,-7.58228063583,-15.2178840637],[-1310.41674805,-58.4210624695,247.057357788,-9.48298549652,42.2483940125,345.664093018,-24.1977329254,198.345809937,-78.8777160645,16.4697189331,6.54159021378,-2.46460175514,14.9213199615],[327.337677002,-105.272239685,-149.814285278,158.078933716,138.420211792,-24.1977329254,317.301177979,-43.4101715088,70.7072067261,-64.4533920288,-29.2092533112,47.612575531,-16.9792747498],[-1669.76916504,-230.988922119,251.227401733,29.9596347809,-53.8329658508,198.345809937,-43.4101715088,297.888214111,-1.32374119759,54.5289344788,27.6011276245,21.1636199951,14.8490619659],[-149.282562256,-41.1668815613,-65.5488128662,41.9439163208,21.5296096802,-78.8777160645,70.7072067261,-1.32374119759,136.643112183,45.3193893433,21.3428554535,24.5450267792,-20.1074542999],[-419.5078125,-85.7089080811,72.3027114868,0.322552353144,-39.4954605103,16.4697189331,-64.4533920288,54.5289344788,45.3193893433,111.872428894,56.8087387085,1.44990289211,-0.449251681566],[-212.05166626,48.9630851746,44.4625244141,-7.32207965851,-4.79118347168,6.54159021378,-29.2092533112,27.6011276245,21.3428554535,56.8087387085,76.830909729,30.8340167999,-1.04319107533],[-200.33795166,-99.8951873779,8.31608867645,47.2595024109,-7.58228063583,-2.46460175514,47.612575531,21.1636199951,24.5450267792,1.44990289211,30.8340167999,79.3835144043,16.3583087921],[200.330276489,11.2944345474,-14.0681009293,-50.8412322998,-15.2178840637,14.9213199615,-16.9792747498,14.8490619659,-20.1074542999,-0.449251681566,-1.04319107533,16.3583087921,78.0178146362]],"icov":[[0.000154316003318,-0.000673031434417,0.00178108923137,-0.00197952683084,0.00161641428713,-0.000964207865763,0.000445814919658,0.0000909264490474,0.00027619197499,-0.000170368759427,-0.000213453007746,0.000518174667377,-0.000729509629309],[-0.000673031434417,0.00436010491103,-0.0109213190153,0.011559532024,-0.00899170339108,0.00574529822916,-0.00303173367865,0.00122884800658,-0.00225422088988,0.00302946427837,-0.00122857571114,-0.000523943570442,0.0024440549314],[0.00178108923137,-0.0109213190153,0.036283928901,-0.0403405986726,0.03490896523,-0.0251250397414,0.0120260547847,-0.000452201551525,-0.00195422931574,0.00559917604551,-0.0135821159929,0.0147113054991,-0.0121578378603],[-0.00197952683084,0.011559532024,-0.0403405986726,0.0593227818608,-0.0562188439071,0.0394371859729,-0.0152389565483,-0.00944945961237,0.0182415153831,-0.0299117658287,0.0407081581652,-0.0407823584974,0.0283917225897],[0.00161641428713,-0.00899170339108,0.03490896523,-0.0562188439071,0.0662444531918,-0.0439619757235,0.00988906528801,0.0159204155207,-0.0274842679501,0.0429733656347,-0.0553044229746,0.0530347451568,-0.0314338542521],[-0.000964207865763,0.00574529822916,-0.0251250397414,0.0394371859729,-0.0439619757235,0.0371176823974,-0.0104353316128,-0.0140388598666,0.02434037067,-0.0322616770864,0.0388054996729,-0.0355554781854,0.0216015856713],[0.000445814919658,-0.00303173367865,0.0120260547847,-0.0152389565483,0.00988906528801,-0.0104353316128,0.0120963323861,0.000896938086953,-0.00715379370376,0.00872161332518,-0.00532765872777,0.00332763954066,-0.00464384909719],[0.0000909264490474,0.00122884800658,-0.000452201551525,-0.00944945961237,0.0159204155207,-0.0140388598666,0.000896938086953,0.0161646362394,-0.0160177256912,0.0194833949208,-0.0223884545267,0.0194809548557,-0.0121418274939],[0.00027619197499,-0.00225422088988,-0.00195422931574,0.0182415153831,-0.0274842679501,0.02434037067,-0.00715379370376,-0.0160177256912,0.0417281463742,-0.0480150766671,0.0445778407156,-0.0399946793914,0.0220875572413],[-0.000170368759427,0.00302946427837,0.00559917604551,-0.0299117658287,0.0429733656347,-0.0322616770864,0.00872161332518,0.0194833949208,-0.0480150766671,0.0816946476698,-0.080091021955,0.0643822327256,-0.0322161614895],[-0.000213453007746,-0.00122857571114,-0.0135821159929,0.0407081581652,-0.0553044229746,0.0388054996729,-0.00532765872777,-0.0223884545267,0.0445778407156,-0.080091021955,0.103894151747,-0.0805210545659,0.0389974191785],[0.000518174667377,-0.000523943570442,0.0147113054991,-0.0407823584974,0.0530347451568,-0.0355554781854,0.00332763954066,0.0194809548557,-0.0399946793914,0.0643822327256,-0.0805210545659,0.0833633542061,-0.0395097620785],[-0.000729509629309,0.0024440549314,-0.0121578378603,0.0283917225897,-0.0314338542521,0.0216015856713,-0.00464384909719,-0.0121418274939,0.0220875572413,-0.0322161614895,0.0389974191785,-0.0395097620785,0.0359966754913]],"mean":[-97.9264984131,116.077896118,-92.6635284424,10.1200942993,-22.0220012665,-8.68549919128,-11.6028585434,-21.1497974396,-7.17421197891,0.914866626263,-7.60796403885,1.81599771976,-7.48978996277]},"hfc":{"dmean":5.3696231842,"dmean2":7.96912336349,"dvar":70.3541946411,"dvar2":159.108001709,"max":97.5576629639,"mean":10.360616684,"median":4.94669342041,"min":1.07342056803e-16,"var":159.807510376},"melbands":{"dmean":[0.000829535769299,0.000345029460732,0.00035515462514,0.000375130184693,0.000572020187974,0.000398572854465,0.000111745073809,0.0000598989790888,0.0000762004929129,0.000071546419349,0.0000521173242305,0.0000455167682958,0.0000278760162473,0.0000297961869364,0.0000269931497314,0.0000179796988959,0.0000281002103293,0.0000310929499392,0.0000146934162331,0.00000776361775934,0.00000664716435494,0.00000515609917784,0.00000406370190831,0.00000384589975511,0.00000283068061435,0.00000207107223105,0.00000207216862691,0.00000237175481743,0.00000348058915733,0.00000442405871581,0.0000026976006211,0.00000100194790775,4.93866593843e-7,2.81209679542e-7,1.31393662173e-7,6.7911564372e-8,3.79167559572e-8,2.63610591134e-8,1.56510289173e-8,1.18415837136e-8],"dmean2":[0.00124348979443,0.000557641498744,0.000548049574718,0.000573319848627,0.000826463394333,0.000560544838663,0.00016931258142,0.0000927264336497,0.000110962610052,0.000104017279227,0.0000767179153627,0.0000712916953489,0.0000441787451564,0.0000498366571264,0.000043656280468,0.0000292181648547,0.0000450159022876,0.0000485521632072,0.0000234933904721,0.0000127922148749,0.0000108887061288,0.00000856656697579,0.00000655031226415,0.0000062429380705,0.00000466476149086,0.00000344616591974,0.00000344561590282,0.0000039507508518,0.00000593473714616,0.00000754693246563,0.00000456342331745,0.00000166412803537,8.1271258523e-7,4.64143397494e-7,2.16342257886e-7,1.10115927043e-7,6.15229964751e-8,4.3321236376e-8,2.623767692e-8,2.01615382167e-8],"dvar":[0.00000202678097594,2.18464776935e-7,3.00236393969e-7,4.86356213969e-7,0.00000185063390745,0.00000123687334508,6.02040586273e-8,1.5445957402e-8,6.81435992078e-8,5.28370982522e-8,2.23549481149e-8,2.36304824597e-8,1.09889999322e-8,5.80816639228e-9,2.71507949456e-9,8.4826662361e-10,2.63763721975e-9,4.03124955639e-9,8.99407437416e-10,3.1710969961e-10,2.49493314897e-10,1.48857301485e-10,6.52605469664e-11,7.52716153296e-11,4.03496680512e-11,2.09242397714e-11,2.32437905728e-11,3.19450195463e-11,7.2557536368e-11,1.35979436044e-10,5.65961340293e-11,6.57812346261e-12,2.01805607815e-12,1.05383854854e-12,1.37613607575e-13,2.05149855166e-14,5.08266693978e-15,2.49789656156e-15,7.92639879513e-16,5.32366930673e-16],"dvar2":[0.00000476458808407,5.6564198303e-7,6.61487888465e-7,0.0000010721490753,0.0000037882361994,0.00000237715653384,1.18876371857e-7,3.39838379659e-8,1.28719079839e-7,1.12529889407e-7,4.65147529383e-8,5.6685820482e-8,2.75654858939e-8,1.49456251819e-8,6.95980029164e-9,2.08194950169e-9,6.48474074438e-9,9.04398334001e-9,2.21881268914e-9,8.03500821434e-10,6.52311038518e-10,3.90180165954e-10,1.56005069973e-10,1.82195994403e-10,9.95677776339e-11,5.26397328504e-11,5.96475854819e-11,8.12496736557e-11,1.8851606387e-10,3.63894747668e-10,1.52128781794e-10,1.67469250273e-11,5.01816990739e-12,2.68821922188e-12,3.51035688148e-13,4.94697022875e-14,1.23838741047e-14,6.35050289061e-15,2.02718658849e-15,1.38309797084e-15],"max":[0.0246557593346,0.00767679465935,0.00812551006675,0.0118163116276,0.0241402536631,0.0261668339372,0.00928279012442,0.00250782305375,0.0094177192077,0.00623684329912,0.00324700702913,0.00370060699061,0.00296963029541,0.00149439438246,0.000679055985529,0.000440067175077,0.000828859454487,0.00173543335404,0.00052730034804,0.000455456640339,0.000332185649313,0.000191743660253,0.0000817433538032,0.00015397981042,0.000102254532976,0.0000584347581025,0.0000727638034732,0.0000907083667698,0.000116961011372,0.000208727593417,0.000200013862923,0.0000509933379362,0.0000320771287079,0.0000291738488158,0.00000974197973846,0.00000265366725216,8.85733413725e-7,7.88880925029e-7,3.41120824032e-7,2.89923690389e-7],"mean":[0.00183362502139,0.000635772594251,0.000634931842797,0.000687647727318,0.00103235279676,0.000696459959727,0.000196676468477,0.0000936225260375,0.000112375608296,0.000110308101284,0.0000763893986004,0.0000630281065241,0.0000375086274289,0.0000359695695806,0.0000383726946893,0.00002816326014,0.0000433424684161,0.0000487857105327,0.0000210986327147,0.00000824086055218,0.00000649181356494,0.00000501750173498,0.00000441969859821,0.00000372546969629,0.00000259438161265,0.00000186723684692,0.00000183244083019,0.00000199432611225,0.0000026070720196,0.00000323302174365,0.00000205552191801,8.3506165538e-7,4.28653663676e-7,2.42578551024e-7,1.2130503535e-7,6.59697434457e-8,3.74895634536e-8,2.58116781282e-8,1.48689238699e-8,1.07058770737e-8],"median":[0.000646936648991,0.00039317709161,0.000326389505062,0.000263743218966,0.000182923206012,0.0001076610788,0.0000498510744364,0.0000276109676633,0.0000181432114914,0.0000137256829476,0.0000120808754218,0.0000111094423119,0.00000868646566232,0.00000912061841518,0.0000133162775455,0.0000119584374261,0.0000120326831166,0.00000788295801613,0.00000427296163252,0.00000208930759982,0.00000164262144153,0.00000141115515362,0.00000123524876017,8.3824727426e-7,5.07379866121e-7,3.6216468402e-7,3.43480564879e-7,2.82355330228e-7,1.96026491039e-7,1.96280126374e-7,1.7913637862e-7,1.22421099036e-7,7.38457544003e-8,4.71259120616e-8,3.06183132182e-8,1.88836430937e-8,1.12926619167e-8,7.72919950265e-9,4.30451096989e-9,2.47489850835e-9],"min":[1.39970950961e-23,1.67151831871e-23,5.9768149036e-24,2.62007961768e-24,1.37601668369e-24,4.55797204605e-24,7.25313110596e-24,1.445770309e-23,9.80785635865e-24,1.16823484305e-23,1.42490651578e-23,1.54057561259e-23,8.14200774105e-24,6.54606600471e-24,9.3964448862e-24,1.04452236268e-23,7.10064823728e-24,5.08013603973e-24,5.88175282578e-24,4.06218480003e-24,5.34670712796e-24,7.25354446907e-24,6.13825607671e-24,1.1617549818e-23,1.27593691803e-23,1.96159714637e-23,8.16382290052e-24,2.05806663092e-23,1.62468427785e-23,9.35573729691e-24,1.20315440211e-23,9.12735023193e-24,9.73328612614e-24,1.22683853084e-23,1.04102778775e-23,1.20549061368e-23,6.82954435429e-24,7.70183834429e-24,8.10020442396e-24,7.9439358118e-24],"var":[0.00000801766600489,5.49858782506e-7,7.67282756442e-7,0.00000124530265566,0.00000508635685037,0.00000371216788153,1.7918443973e-7,3.45566810722e-8,1.45222116998e-7,1.26902477859e-7,5.01585866175e-8,4.09100699983e-8,1.52716772561e-8,6.84970880016e-9,4.39566028021e-9,1.60695912133e-9,5.70010483258e-9,1.09210738231e-8,1.88317983429e-9,3.01059455143e-10,2.03760508466e-10,1.18574941532e-10,6.82401773977e-11,6.96936952593e-11,3.64224622684e-11,1.78050092031e-11,1.89609022927e-11,2.5874606277e-11,5.35636743293e-11,9.41056330084e-11,3.90353582791e-11,5.22391678526e-12,1.6767832782e-12,8.10159393998e-13,1.09327748677e-13,1.9384992743e-14,5.23274381386e-15,2.4643745974e-15,8.32450533913e-16,5.42430793817e-16]},"melbands_crest":{"dmean":3.81258869171,"dmean2":6.06210660934,"dvar":12.6418867111,"dvar2":28.440656662,"max":38.9002990723,"mean":16.936712265,"median":15.0879335403,"min":1.84394991398,"var":65.9160842896},"melbands_flatness_db":{"dmean":0.047014053911,"dmean2":0.0683870837092,"dvar":0.00177719828207,"dvar2":0.00357931526378,"max":0.61988145113,"mean":0.278715789318,"median":0.279158622026,"min":0.00469916779548,"var":0.00964041426778},"melbands_kurtosis":{"dmean":13.1290912628,"dmean2":20.8398399353,"dvar":1188.29467773,"dvar2":3047.14624023,"max":594.992614746,"mean":23.6461677551,"median":9.26874637604,"min":-1.72590851784,"var":2538.20947266},"melbands_skewness":{"dmean":0.931355774403,"dmean2":1.45208966732,"dvar":1.4309374094,"dvar2":3.4049038887,"max":20.9504413605,"mean":3.14972805977,"median":2.58123445511,"min":-1.50960230827,"var":5.96347236633},"melbands_spread":{"dmean":7.41184425354,"dmean2":11.6032419205,"dvar":129.592147827,"dvar2":295.819519043,"max":157.000289917,"mean":17.8373088837,"median":10.7371149063,"min":0.243564009666,"var":559.33404541},"mfcc":{"cov":[[13919.6816406,2362.43261719,-1584.27905273,707.649291992,-663.048156738,515.853881836,-473.078643799,-319.232025146,-253.686065674,-118.678222656,-296.35748291,-138.089309692,-439.899536133],[2362.43261719,2235.68310547,131.05329895,-163.468978882,123.986434937,57.8276901245,-3.8184363842,-123.822257996,-107.101776123,-45.645904541,59.3412399292,-117.986808777,-82.7379074097],[-1584.27905273,131.05329895,681.108276367,-142.300628662,218.679580688,-123.879402161,101.072509766,22.500497818,12.1965198517,13.5716848373,90.7448883057,31.9286460876,76.1033172607],[707.649291992,-163.468978882,-142.300628662,439.866271973,-65.6072235107,109.001808167,-23.9789409637,52.3522491455,27.7490749359,0.3603746593,-14.5984668732,84.665763855,12.3941459656],[-663.048156738,123.986434937,218.679580688,-65.6072235107,221.203155518,-1.53612804413,85.531578064,8.15025615692,5.55483341217,11.3003740311,52.4587936401,9.44808292389,25.8370914459],[515.853881836,57.8276901245,-123.879402161,109.001808167,-1.53612804413,195.270965576,67.6836853027,49.5607833862,20.1969146729,-3.56531882286,-16.9116592407,10.7852954865,-16.1639480591],[-473.078643799,-3.8184363842,101.072509766,-23.9789409637,85.531578064,67.6836853027,193.450271606,113.366996765,60.1450538635,-4.32458162308,-2.33706927299,16.3622131348,35.1284217834],[-319.232025146,-123.822257996,22.500497818,52.3522491455,8.15025615692,49.5607833862,113.366996765,188.506439209,87.5782623291,5.27930927277,-19.3589401245,28.0127315521,50.5489234924],[-253.686065674,-107.101776123,12.1965198517,27.7490749359,5.55483341217,20.1969146729,60.1450538635,87.5782623291,108.017944336,34.8132820129,-4.87976551056,13.4736766815,27.3729114532],[-118.678222656,-45.645904541,13.5716848373,0.3603746593,11.3003740311,-3.56531882286,-4.32458162308,5.27930927277,34.8132820129,76.0845336914,37.328918457,10.2169141769,7.95545911789],[-296.35748291,59.3412399292,90.7448883057,-14.5984668732,52.4587936401,-16.9116592407,-2.33706927299,-19.3589401245,-4.87976551056,37.328918457,102.99697113,38.4091796875,18.9095668793],[-138.089309692,-117.986808777,31.9286460876,84.665763855,9.44808292389,10.7852954865,16.3622131348,28.0127315521,13.4736766815,10.2169141769,38.4091796875,108.804878235,49.8611183167],[-439.899536133,-82.7379074097,76.1033172607,12.3941459656,25.8370914459,-16.1639480591,35.1284217834,50.5489234924,27.3729114532,7.95545911789,18.9095668793,49.8611183167,92.618812561]],"icov":[[0.000198014749913,-0.000255733728409,0.000244121067226,-0.000191671773791,0.000232097590924,-0.000179381502676,0.000162113414262,0.0000581432068429,0.000152786495164,-0.000229729819694,0.000486484525027,-0.000347173365299,0.000409975473303],[-0.000255733728409,0.000893142831046,-0.000435739988461,0.000326491193846,-0.000437274808064,-0.000217871900531,-0.000121468394354,0.0000625747634331,-0.00000549107335246,0.00076346588321,-0.00124989880715,0.00114837056026,-0.000433529232396],[0.000244121067226,-0.000435739988461,0.00326706958003,-0.000214377578232,-0.00172621523961,0.00195372849703,-0.00102102721576,-0.0000279085797956,0.000239587418037,0.0000951858819462,-0.000547892530449,-0.000524580129422,-0.000345307809766],[-0.000191671773791,0.000326491193846,-0.000214377578232,0.00399701623246,-0.000129517822643,-0.0020894438494,0.00206411886029,-0.00106846122071,-0.000885280198418,0.000624020467512,0.000370609370293,-0.00292577780783,0.000201772869332],[0.000232097590924,-0.000437274808064,-0.00172621523961,-0.000129517822643,0.00883742421865,-0.00100057770032,-0.00340104941279,0.00177333888132,0.000657446333207,-0.000703259021975,-0.00186922471039,0.000562088389415,-0.00022521027131],[-0.000179381502676,-0.000217871900531,0.00195372849703,-0.0020894438494,-0.00100057770032,0.00996500160545,-0.00507407682016,-0.000541661458556,0.000907393812668,-0.000751872139517,-0.000450748455478,-0.000127943989355,0.00182330573443],[0.000162113414262,-0.000121468394354,-0.00102102721576,0.00206411886029,-0.00340104941279,-0.00507407682016,0.0139920907095,-0.00558336079121,-0.00297522824258,0.00270393141545,0.00131220475305,-0.00156353495549,0.000248643831583],[0.0000581432068429,0.0000625747634331,-0.0000279085797956,-0.00106846122071,0.00177333888132,-0.000541661458556,-0.00558336079121,0.013333206065,-0.00672681815922,0.00149538170081,0.00110478384886,0.00032883946551,-0.00379348336719],[0.000152786495164,-0.00000549107335246,0.000239587418037,-0.000885280198418,0.000657446333207,0.000907393812668,-0.00297522824258,-0.00672681815922,0.020347289741,-0.0104882568121,0.00331080122851,0.000405502971262,-0.000589793431573],[-0.000229729819694,0.00076346588321,0.0000951858819462,0.000624020467512,-0.000703259021975,-0.000751872139517,0.00270393141545,0.00149538170081,-0.0104882568121,0.0228096656501,-0.0100509580225,0.00223628384992,-0.000358869350748],[0.000486484525027,-0.00124989880715,-0.000547892530449,0.000370609370293,-0.00186922471039,-0.000450748455478,0.00131220475305,0.00110478384886,0.00331080122851,-0.0100509580225,0.0201424658298,-0.00824239943177,0.00114647508599],[-0.000347173365299,0.00114837056026,-0.000524580129422,-0.00292577780783,0.000562088389415,-0.000127943989355,-0.00156353495549,0.00032883946551,0.000405502971262,0.00223628384992,-0.00824239943177,0.0190665498376,-0.00845963414758],[0.000409975473303,-0.000433529232396,-0.000345307809766,0.000201772869332,-0.00022521027131,0.00182330573443,0.000248643831583,-0.00379348336719,-0.000589793431573,-0.000358869350748,0.00114647508599,-0.00845963414758,0.0194960013032]],"mean":[-741.278076172,164.903396606,-7.5956697464,31.3698005676,1.84194040298,22.7453155518,-1.30804097652,-2.17450833321,-2.77588200569,-0.452534377575,1.58376967907,1.56648862362,-4.04256629944]},"pitch_salience":{"dmean":0.0849614068866,"dmean2":0.135278776288,"dvar":0.00555272120982,"dvar2":0.0131865013391,"max":0.95686674118,"mean":0.563461303711,"median":0.595261871815,"min":0.05209229514,"var":0.0261451117694},"silence_rate_20dB":{"dmean":0,"dmean2":0,"dvar":0,"dvar2":0,"max":1,"mean":1,"median":1,"min":1,"var":0},"silence_rate_30dB":{"dmean":0.0044426494278,"dmean2":0.0088870935142,"dvar":0.00442292029038,"dvar2":0.0116365486756,"max":1,"mean":0.996769607067,"median":1,"min":0,"var":0.00321997725405},"silence_rate_60dB":{"dmean":0.0480613894761,"dmean2":0.0961421951652,"dvar":0.045749977231,"dvar2":0.101039797068,"max":1,"mean":0.159095495939,"median":0,"min":0,"var":0.133780807257},"spectral_centroid":{"dmean":340.233337402,"dmean2":510.555145264,"dvar":232763.84375,"dvar2":451402.875,"max":10545.8476562,"mean":981.506774902,"median":657.535644531,"min":171.36390686,"var":698434.0625},"spectral_complexity":{"dmean":4.77705955505,"dmean2":7.36497688293,"dvar":44.0433235168,"dvar2":98.5015182495,"max":53,"mean":12.5358371735,"median":11,"min":0,"var":88.3170013428},"spectral_contrast_coeffs":{"dmean":[0.0527958236635,0.047826115042,0.0350164845586,0.0310228690505,0.0221885666251,0.0629217624664],"dmean2":[0.084587238729,0.0780338793993,0.0577550195158,0.0505089983344,0.0360186211765,0.0954295024276],"dvar":[0.00186332804151,0.00156368000899,0.000865363748744,0.000676010677125,0.000360816513421,0.00342170917429],"dvar2":[0.00456438213587,0.00412434712052,0.00224616820924,0.00168565835338,0.000944718252867,0.00684550916776],"max":[-0.369109392166,-0.413798451424,-0.571914553642,-0.607417941093,-0.70992231369,-0.453219592571],"mean":[-0.680428683758,-0.766354799271,-0.825553834438,-0.812076568604,-0.848894953728,-0.743332624435],"median":[-0.688250780106,-0.776331663132,-0.833283543587,-0.816261589527,-0.846071064472,-0.756901621819],"min":[-0.965276837349,-0.967769801617,-0.966554880142,-0.961115181446,-0.96245265007,-0.959352076054],"var":[0.0112801352516,0.00695579499006,0.00342232943512,0.00329706445336,0.00125390221365,0.00951088406146]},"spectral_contrast_valleys":{"dmean":[0.38169747591,0.413761466742,0.404468953609,0.445372104645,0.586753845215,0.765072405338],"dmean2":[0.621826291084,0.656137526035,0.630145013332,0.651693105698,0.810447335243,1.24397158623],"dvar":[0.116761572659,0.144310846925,0.147697031498,0.203852057457,0.301086932421,0.457382380962],"dvar2":[0.264424800873,0.308287501335,0.310003876686,0.373577088118,0.554423868656,1.20843470097],"max":[-5.40396642685,-4.65430307388,-5.40638494492,-5.81256866455,-5.80591392517,-9.40041732788],"mean":[-7.50925397873,-7.24996137619,-7.84436130524,-8.14971256256,-8.53851985931,-11.8864717484],"median":[-7.02007293701,-6.90434217453,-7.48979902267,-7.7991271019,-8.29569530487,-11.6392908096],"min":[-27.0257720947,-27.117225647,-27.0790615082,-27.2638702393,-27.1662406921,-27.2020988464],"var":[4.4982624054,3.63321638107,3.39194178581,3.28790903091,2.97204041481,1.95830214024]},"spectral_decrease":{"dmean":1.88379578603e-9,"dmean2":2.65512145603e-9,"dvar":5.85234295207e-18,"dvar2":1.21213806193e-17,"max":5.76514074472e-18,"mean":-5.70570879432e-9,"median":-4.08506872773e-9,"min":-4.28917985573e-8,"var":3.05694091402e-17},"spectral_energy":{"dmean":0.00745658902451,"dmean2":0.0105211436749,"dvar":0.000090538393124,"dvar2":0.000186812365428,"max":0.169446080923,"mean":0.0224744044244,"median":0.016228845343,"min":1.00153526072e-20,"var":0.000470895698527},"spectral_energyband_high":{"dmean":0.000298998696962,"dmean2":0.000496585620567,"dvar":4.80700464323e-7,"dvar2":0.00000122199662655,"max":0.0109646227211,"mean":0.000244480994297,"median":0.0000333794596372,"min":7.46754584765e-21,"var":3.81365651947e-7},"spectral_energyband_low":{"dmean":0.0032265111804,"dmean2":0.00481367530301,"dvar":0.0000235072329815,"dvar2":0.0000533572201675,"max":0.0876819714904,"mean":0.00820916425437,"median":0.00438086641952,"min":9.55269409238e-23,"var":0.000109852480819},"spectral_energyband_middle_high":{"dmean":0.00142149510793,"dmean2":0.00214103399776,"dvar":0.00000555064707441,"dvar2":0.0000125784299598,"max":0.0400033555925,"mean":0.002569911303,"median":0.00101663777605,"min":1.41303784472e-21,"var":0.000014269341591},"spectral_energyband_middle_low":{"dmean":0.00463115330786,"dmean2":0.00645749550313,"dvar":0.0000627840126981,"dvar2":0.000122674769955,"max":0.16008760035,"mean":0.011555660516,"median":0.00465493788943,"min":2.31460624834e-22,"var":0.000287896953523},"spectral_entropy":{"dmean":0.290394157171,"dmean2":0.426800012589,"dvar":0.0702477842569,"dvar2":0.144572362304,"max":9.79445171356,"mean":7.31007099152,"median":7.31953525543,"min":5.19349765778,"var":0.330546945333},"spectral_flux":{"dmean":0.0197945591062,"dmean2":0.0311037525535,"dvar":0.00044036237523,"dvar2":0.00101269467268,"max":0.259662598372,"mean":0.0675602406263,"median":0.0619327388704,"min":1.00076731624e-10,"var":0.00163511605933},"spectral_kurtosis":{"dmean":4.61632537842,"dmean2":7.3223195076,"dvar":34.6814842224,"dvar2":89.0871200562,"max":127.620071411,"mean":12.1528091431,"median":9.57229709625,"min":-1.18738889694,"var":67.3729629517},"spectral_rms":{"dmean":0.000739844457712,"dmean2":0.00102055619936,"dvar":5.90190097682e-7,"dvar2":0.00000110105634121,"max":0.01285742037,"mean":0.00408785743639,"median":0.00397907290608,"min":3.12587195711e-12,"var":0.00000521552919963},"spectral_rolloff":{"dmean":450.167053223,"dmean2":743.969848633,"dvar":677004.125,"dvar2":1604032.5,"max":19099.9511719,"mean":1295.30981445,"median":516.796875,"min":21.533203125,"var":8680190},"spectral_skewness":{"dmean":0.496010392904,"dmean2":0.735087752342,"dvar":0.238547578454,"dvar2":0.510139167309,"max":8.73381328583,"mean":2.32028269768,"median":2.26144170761,"min":0.0789369940758,"var":0.762527704239},"spectral_spread":{"dmean":648290.5625,"dmean2":1047542.5625,"dvar":501630402560,"dvar2":1028459462660,"max":40351228,"mean":3532753.25,"median":3369156.5,"min":758752.125,"var":2428799549440},"spectral_strongpeak":{"dmean":0.279371082783,"dmean2":0.452190697193,"dvar":0.19310079515,"dvar2":0.459966719151,"max":5.29329872131,"mean":0.51079761982,"median":0.215253666043,"min":0,"var":0.51674926281},"zerocrossingrate":{"dmean":0.00854285154492,"dmean2":0.0105284722522,"dvar":0.000123404388432,"dvar2":0.000175350505742,"max":0.52978515625,"mean":0.0422524474561,"median":0.02587890625,"min":0.0009765625,"var":0.00646134931594}},"metadata":{"audio_properties":{"analysis_sample_rate":44100,"bit_rate":147901,"codec":"mp3","downmix":"mix","equal_loudness":0,"length":114.965965271,"lossless":false,"md5_encoded":"f116b6e5cfa53e3eba35e66423e3d385","replay_gain":-2.92510414124,"sample_rate":44100},"tags":{"album":["The Complete Columbia Album Collection"],"albumartist":["Johnny Cash"],"albumartistsort":["Cash, Johnny"],"artist":["Johnny Cash"],"artists":["Johnny Cash"],"artistsort":["Cash, Johnny"],"asin":["B008DDC874"],"barcode":["886979104723"],"catalognumber":["88697910472"],"date":["2012-12-04"],"discnumber":["1/63"],"file_name":"03 - That’s All Over.mp3","label":["Columbia","Legacy"],"media":["CD"],"musicbrainz album release country":["US"],"musicbrainz album status":["official"],"musicbrainz album type":["album","compilation"],"musicbrainz release track id":["5aa7ac7f-e119-39b2-9385-750912e506d3"],"musicbrainz_albumartistid":["d43d12a1-2dc9-4257-a2fd-0a3bb1081b86"],"musicbrainz_albumid":["de36c451-000c-4488-9375-b6d40b6636e5"],"musicbrainz_artistid":["d43d12a1-2dc9-4257-a2fd-0a3bb1081b86"],"musicbrainz_recordingid":["48ad3628-29d5-401a-ae1b-38c0c8a42b50"],"musicbrainz_releasegroupid":["30578604-ce5e-4d3d-a09c-6c06fc4c526b"],"originaldate":["2012"],"script":["Latn"],"title":["That’s All Over"],"tracknumber":["3/12"]},"version":{"essentia":"2.1-beta1","essentia_build_sha":"ca57ba49d9b1854bd80e60cf9ccf267278fb7d6b","essentia_git_sha":"v2.1_beta1-28-g21ef5f4-dirty","extractor":"music 1.0"}},"rhythm":{"beats_count":327,"beats_loudness":{"dmean":0.0195034146309,"dmean2":0.033494528383,"dvar":0.000311774318106,"dvar2":0.000835021201055,"max":0.162252768874,"mean":0.0341674052179,"median":0.0295450761914,"min":3.88098470028e-10,"var":0.000517669250257},"beats_loudness_band_ratio":{"dmean":[0.270490974188,0.209270715714,0.0767750963569,0.0611435808241,0.0472450964153,0.0352432690561],"dmean2":[0.487240791321,0.36