{"lowlevel":{"average_loudness":0.920491039753,"barkbands":{"dmean":[0.00579744298011,0.0109949046746,0.00396155146882,0.00296643539332,0.00253557157703,0.00184983061627,0.00223015341908,0.000837438274175,0.000784497475252,0.000521791283973,0.000533913553227,0.000547359348275,0.000430194428191,0.000282334018266,0.000252127210842,0.000128566825879,0.000122653043945,0.0000911912720767,0.0000891623785719,0.0000892968892003,0.0000805214513093,0.0000701857716194,0.0000746538935346,0.0000780479676905,0.0000115617240226,0.000105350962258,0.00013636953372],"dmean2":[0.00920461118221,0.0184486657381,0.00681804260239,0.00506799435243,0.00420329766348,0.0030013427604,0.00349662639201,0.00134152767714,0.00128085620236,0.000849580334034,0.000870874035172,0.000907573092263,0.000719220086467,0.000474007887533,0.000421782984631,0.000213617255213,0.000209164907574,0.000148423874634,0.000141928117955,0.000137167677167,0.000119141535833,0.0000968562890193,0.000101497018477,0.000111357556307,0.0000177645251824,0.000143871337059,0.000183343872777],"dvar":[0.000168708284036,0.000320999854011,0.0000351801718352,0.000020648310965,0.000027428555768,0.0000176331286639,0.0000559555992368,0.00000513919621881,0.00000408333335145,9.32751163418e-7,0.00000146502657117,0.00000110501957806,3.95001507059e-7,1.82115357461e-7,1.33577927386e-7,4.69667078562e-8,3.95859025559e-8,2.91457222801e-8,3.6299692141e-8,3.57038310028e-8,2.19936904244e-8,1.18448237885e-8,2.17215898601e-8,2.20690701269e-8,4.33141689182e-10,3.94018968564e-8,3.82880074312e-8],"dvar2":[0.000380666664569,0.000860324478708,0.000096386342193,0.0000557320054213,0.0000657271302771,0.0000415293470724,0.000128417508677,0.0000113008536573,0.0000104973887574,0.00000223762503992,0.00000354207008968,0.00000280745462078,0.00000105096057723,4.70774494943e-7,3.51656410658e-7,1.22280155779e-7,1.07411437966e-7,7.1116339484e-8,8.42821279434e-8,7.83970648399e-8,4.6317193636e-8,2.28628316279e-8,4.46781882601e-8,4.49014088133e-8,9.62467217036e-10,7.40400096788e-8,6.56016467815e-8],"max":[0.1942230165,0.221452564001,0.0700736567378,0.0757792815566,0.137615710497,0.107831582427,0.281995356083,0.0688660666347,0.0533276423812,0.0256527550519,0.0331702791154,0.0299125872552,0.0110056903213,0.00979982409626,0.00779154291376,0.00410238141194,0.00316281523556,0.00411769654602,0.0052001811564,0.00576035538688,0.00361235952005,0.00173870788421,0.00624418631196,0.00224050553516,0.000304730754578,0.00265004043467,0.00520512415096],"mean":[0.0058921976015,0.0140692349523,0.00465966481715,0.00368569931015,0.00350416032597,0.0026305145584,0.00334427878261,0.00120140204672,0.00116091000382,0.000848275027238,0.000786668329965,0.00090951169841,0.000742001750041,0.000500324182212,0.000453848013422,0.000224601433729,0.000208075900446,0.000156917885761,0.000154114561155,0.000175710199983,0.000170403553057,0.00015777462977,0.000157993010362,0.000154719935381,0.0000190210539586,0.000227191267186,0.000495200976729],"median":[0.00162708060816,0.00892654526979,0.00250156829134,0.00200609816238,0.0020260293968,0.00142235076055,0.000949938083068,0.000459072325611,0.000482629460748,0.000425312668085,0.000349299894879,0.000523700146005,0.000494245323353,0.000348986824974,0.000305603316519,0.000137532915687,0.000135725786095,0.0000829995551612,0.0000768398604123,0.0000868575880304,0.0000880501538632,0.0000817539403215,0.0000634692478343,0.0000511681428179,0.00000713184090273,0.0000800066482043,0.000321401224937],"min":[1.25752181316e-25,3.146901835e-24,1.38837773964e-24,1.17829352957e-24,4.6097532703e-24,7.04957817114e-24,1.23161871238e-23,7.44120658981e-24,1.60561514319e-23,1.57137810659e-23,8.11709945796e-24,1.80417348407e-23,1.7007271559e-23,3.5484970379e-23,5.24919311268e-23,2.83845974542e-23,7.56089982387e-23,1.04286963597e-22,1.0905292671e-22,1.73017479707e-22,2.44203517865e-22,3.41466558626e-22,3.51401737924e-22,6.04787167585e-22,8.66206432437e-22,1.31997406833e-21,2.04745801054e-21],"var":[0.000176151006599,0.000320506253047,0.0000389227243431,0.0000252481404459,0.0000348464527633,0.0000264115624304,0.000106427476567,0.0000103915908767,0.00000671426005283,0.00000221633899855,0.00000246027889261,0.00000208898518395,6.93058268553e-7,3.01623174437e-7,2.58530945985e-7,7.34447382911e-8,5.1824894598e-8,4.53330066819e-8,6.02387331128e-8,7.49860618043e-8,4.96431127317e-8,3.74653019719e-8,5.20450669228e-8,5.14723161871e-8,8.09820599468e-10,1.04373128806e-7,3.15837866083e-7]},"barkbands_crest":{"dmean":3.09419345856,"dmean2":5.08657407761,"dvar":6.48261499405,"dvar2":17.1251487732,"max":25.0108795166,"mean":9.94447040558,"median":9.37846469879,"min":2.30586886406,"var":14.242351532},"barkbands_flatness_db":{"dmean":0.0267894845456,"dmean2":0.0412437990308,"dvar":0.000568472140003,"dvar2":0.00132626935374,"max":0.390348911285,"mean":0.111876755953,"median":0.106013700366,"min":0.0133758187294,"var":0.00210759602487},"barkbands_kurtosis":{"dmean":5.22801399231,"dmean2":8.4091386795,"dvar":90.0608215332,"dvar2":220.884246826,"max":249.292572021,"mean":7.94935750961,"median":4.73578977585,"min":-1.77413773537,"var":155.388626099},"barkbands_skewness":{"dmean":0.713061094284,"dmean2":1.12440156937,"dvar":0.523157417774,"dvar2":1.25229239464,"max":13.7364339828,"mean":2.25786375999,"median":2.06292533875,"min":-2.20207190514,"var":1.58362233639},"barkbands_spread":{"dmean":7.88882446289,"dmean2":11.9087934494,"dvar":63.094581604,"dvar2":131.763549805,"max":114.087127686,"mean":26.5867023468,"median":22.64960289,"min":0.684428751469,"var":251.155014038},"dissonance":{"dmean":0.015924198553,"dmean2":0.0272655691952,"dvar":0.000245889707003,"dvar2":0.000696869625244,"max":0.500000059605,"mean":0.474499642849,"median":0.479607760906,"min":0.316446214914,"var":0.000397421303205},"dynamic_complexity":2.97900438309,"erbbands":{"dmean":[0.51427936554,1.92239618301,4.37255716324,7.42709589005,8.35825443268,9.80693340302,7.77889490128,19.0098419189,33.7480888367,21.1695175171,20.2646160126,16.9234275818,12.3334369659,18.4031124115,21.8685054779,20.3729152679,18.7683391571,14.3086805344,13.8197555542,10.1067447662,6.31280088425,6.7409029007,4.98331212997,4.59507799149,4.44231462479,3.96756792068,3.64576554298,3.05018258095,2.67041683197,2.22160077095,2.14635181427,1.71197032928,1.25897943974,0.270750284195,0.0464151166379,0.312374830246,0.237016916275,0.0590672567487,0.014440801926,0.00287525216118],"dmean2":[0.862362623215,3.25711345673,7.49737644196,12.6836671829,14.0098686218,16.4426288605,12.7734766006,30.8074035645,53.585357666,33.0632629395,32.3598480225,27.4692401886,20.1468067169,29.9787960052,35.4028053284,33.7916488647,31.3224163055,23.9792385101,22.951789856,16.8073425293,10.4874162674,11.4272909164,8.10201740265,7.38771247864,6.90909385681,6.02353620529,5.48847198486,4.48391246796,3.72573304176,2.9741601944,3.00178956985,2.45252537727,1.84686911106,0.397348076105,0.0702351108193,0.453204214573,0.333088248968,0.0736416354775,0.0182988476008,0.00420268578455],"dvar":[1.0236222744,7.11761713028,40.4349365234,118.380554199,202.380905151,562.648193359,257.578552246,1898.86035156,11834.0615234,5660.03369141,3482.88842773,1935.85253906,498.186981201,1389.56445312,2698.58349609,1563.57824707,769.571350098,517.272094727,369.004333496,244.405303955,114.191917419,120.701934814,83.4694900513,85.001953125,97.5081863403,72.7017745972,50.9585914612,27.2716579437,16.6123771667,14.3621330261,19.9231739044,11.3156318665,5.85085630417,0.258354276419,0.00543695036322,0.367310762405,0.20228818059,0.00933502428234,0.000481767056044,0.0000163987169799],"dvar2":[2.71068286896,19.168094635,110.888031006,318.333526611,505.585540771,1374.51794434,619.446594238,4499.78955078,26433.1308594,12147.3925781,7883.61767578,5035.38623047,1181.14855957,3315.39379883,6707.94335938,3944.58569336,2024.11828613,1330.0111084,981.888671875,624.230834961,304.344268799,326.978057861,204.126663208,201.933181763,221.471054077,158.955612183,104.254310608,59.6684379578,32.9274024963,27.7457675934,43.1134185791,23.5289840698,12.3538227081,0.539986789227,0.0113542629406,0.757572710514,0.399130523205,0.0146353021264,0.000821516849101,0.0000314715580316],"max":[12.3140678406,30.4378738403,78.6533660889,166.077850342,442.424499512,674.969604492,521.157043457,1065.49157715,3429.61450195,3571.59082031,1773.02270508,1126.80126953,971.0234375,930.191101074,1550.96765137,1275.72705078,555.297119141,542.91027832,391.690185547,392.528198242,197.546508789,184.656021118,235.49307251,252.679168701,199.532516479,302.180328369,187.059463501,113.762718201,67.465133667,58.3354034424,202.012557983,91.3305053711,34.9198570251,7.35988283157,1.20111370087,7.44360876083,6.71920394897,1.48386728764,0.556044697762,0.111475735903],"mean":[0.592386722565,2.44965910912,5.38778162003,9.83888721466,11.4302530289,12.6290836334,11.3480529785,26.7570667267,49.9890785217,32.5479621887,30.3770656586,25.9882221222,21.0101490021,30.8260269165,35.4115257263,36.5696258545,34.2446136475,27.0863265991,26.7335910797,18.9102916718,11.6141710281,11.7195186615,8.88699817657,8.00433158875,8.11232757568,7.82688331604,7.42785739899,6.53752231598,5.93019294739,4.77400398254,4.45514726639,3.41850328445,2.37709760666,0.496864855289,0.0817605778575,0.594852507114,0.491009324789,0.152643412352,0.0446760989726,0.0117866573855],"median":[0.279562354088,1.58156442642,3.04010677338,5.9533162117,6.98260688782,6.34136676788,7.30236768723,13.3096351624,15.2580795288,12.0282592773,11.6690979004,10.9835605621,11.5170402527,15.5144472122,17.1620635986,22.4875793457,23.3459777832,19.0807743073,18.8929843903,12.6606245041,7.52489566803,7.67513370514,4.96307182312,4.13413238525,3.94615077972,3.96573233604,3.77397632599,3.47232103348,3.11358594894,2.24391937256,1.75955724716,1.23846304417,0.721098661423,0.162960886955,0.0371062681079,0.176453337073,0.173385024071,0.0737391859293,0.0254049040377,0.00878057256341],"min":[1.25187972121e-22,6.33890808599e-22,2.08300759178e-21,5.13185962033e-21,1.23768716689e-20,2.64822503188e-20,3.56146457832e-20,3.67963863793e-20,1.42428778781e-19,1.76121060052e-19,4.06195544245e-19,3.74294936181e-19,4.28154475322e-19,8.76487608096e-19,7.26470028806e-19,1.30192262376e-18,1.19527805309e-18,2.06810807531e-18,2.27564458908e-18,1.98019676738e-18,3.47986074228e-18,4.29019913038e-18,6.26053507767e-18,5.40089010762e-18,6.63649238839e-18,8.69842369927e-18,8.28286801186e-18,9.71931346767e-18,1.13618327751e-17,9.3557146489e-18,1.1224830159e-17,1.1219471683e-17,1.02852580351e-17,8.40305239178e-18,6.60645208367e-18,4.1885253982e-18,2.39674796666e-18,9.37380819082e-19,2.47272719426e-19,2.94913411324e-20],"var":[0.916832029819,8.35043144226,45.5516586304,144.669845581,281.768432617,653.209289551,350.598327637,2889.29296875,22482.5175781,10700.9189453,6648.25,3186.97338867,1104.43566895,2781.77978516,4615.3515625,3063.60180664,1379.97338867,889.013977051,740.873291016,462.255187988,166.600997925,160.734771729,131.279968262,138.257705688,176.148742676,147.085174561,109.234275818,66.4811630249,51.9212379456,42.1879119873,42.5634613037,25.0268478394,12.6987962723,0.556797385216,0.0118052680045,0.804032325745,0.497215926647,0.0367185771465,0.0027725584805,0.000128487794427]},"erbbands_crest":{"dmean":2.23782467842,"dmean2":3.65869402885,"dvar":5.79904174805,"dvar2":14.1890792847,"max":31.0776576996,"mean":6.85694789886,"median":5.56545352936,"min":2.04175329208,"var":15.9614248276},"erbbands_flatness_db":{"dmean":0.0157279148698,"dmean2":0.0229077152908,"dvar":0.000225912765018,"dvar2":0.000448065489763,"max":0.282287657261,"mean":0.101840473711,"median":0.096410214901,"min":0.0325258411467,"var":0.00153874210082},"erbbands_kurtosis":{"dmean":0.765093326569,"dmean2":1.20635020733,"dvar":1.63981246948,"dvar2":4.14624881744,"max":53.7574691772,"mean":0.358232229948,"median":-0.118496537209,"min":-1.69823098183,"var":3.39484977722},"erbbands_skewness":{"dmean":0.314639538527,"dmean2":0.486733824015,"dvar":0.0864527598023,"dvar2":0.198639467359,"max":6.38282012939,"mean":0.335133373737,"median":0.28753426671,"min":-3.1529712677,"var":0.394110381603},"erbbands_spread":{"dmean":8.42947006226,"dmean2":12.4719514847,"dvar":60.2466506958,"dvar2":118.569152832,"max":151.595611572,"mean":43.0577201843,"median":40.0059967041,"min":4.12187433243,"var":370.067504883},"gfcc":{"cov":[[19911.8632812,102.489112854,-686.69744873,94.3559875488,-578.515380859,28.5951328278,-172.597930908,-37.7540206909,-59.8206253052,41.7898864746,-90.251914978,24.0946292877,-310.15423584],[102.489112854,1165.0098877,-305.481414795,-258.224578857,271.063751221,-184.949951172,112.031036377,-105.20148468,93.0026092529,-56.0355377197,44.648525238,-85.547744751,109.983688354],[-686.69744873,-305.481414795,348.145843506,102.570892334,-86.5435943604,180.677963257,-99.632484436,99.7634277344,-45.499786377,43.9650039673,-15.2271928787,24.5173339844,-23.7714824677],[94.3559875488,-258.224578857,102.570892334,262.886962891,32.3335838318,-12.6475906372,45.0561447144,1.10751843452,-19.0520973206,-12.5629281998,-21.4518680573,14.9762897491,-40.133354187],[-578.515380859,271.063751221,-86.5435943604,32.3335838318,225.825027466,-67.6349029541,95.9219360352,-56.7377891541,32.0099830627,-47.4025611877,18.6765480042,-20.4842567444,49.2017021179],[28.5951328278,-184.949951172,180.677963257,-12.6475906372,-67.6349029541,245.943405151,-83.7976150513,81.7493209839,-50.9918746948,39.1569404602,-6.18470287323,31.4976196289,-6.2948551178],[-172.597930908,112.031036377,-99.632484436,45.0561447144,95.9219360352,-83.7976150513,154.40423584,-35.9797210693,43.2955589294,-30.7276248932,4.63382291794,-9.94216442108,5.5857052803],[-37.7540206909,-105.20148468,99.7634277344,1.10751843452,-56.7377891541,81.7493209839,-35.9797210693,119.695007324,7.99160146713,35.1240692139,-3.58128428459,-0.968106091022,-7.5841088295],[-59.8206253052,93.0026092529,-45.499786377,-19.0520973206,32.0099830627,-50.9918746948,43.2955589294,7.99160146713,86.1666564941,21.2518978119,13.7388315201,-5.4117937088,2.22936463356],[41.7898864746,-56.0355377197,43.9650039673,-12.5629281998,-47.4025611877,39.1569404602,-30.7276248932,35.1240692139,21.2518978119,66.7217178345,29.9702529907,14.6304187775,-1.65342116356],[-90.251914978,44.648525238,-15.2271928787,-21.4518680573,18.6765480042,-6.18470287323,4.63382291794,-3.58128428459,13.7388315201,29.9702529907,55.1014099121,28.3702163696,22.2691402435],[24.0946292877,-85.547744751,24.5173339844,14.9762897491,-20.4842567444,31.4976196289,-9.94216442108,-0.968106091022,-5.4117937088,14.6304187775,28.3702163696,59.3005256653,19.6916904449],[-310.15423584,109.983688354,-23.7714824677,-40.133354187,49.2017021179,-6.2948551178,5.5857052803,-7.5841088295,2.22936463356,-1.65342116356,22.2691402435,19.6916904449,67.3493270874]],"icov":[[0.0000993629946606,-0.000221148700803,0.000642008613795,-0.000650039350148,0.000628272071481,-0.000475884939078,0.000332477036864,-0.0000252274840022,-0.000212773680687,0.000261788256466,-0.000207187942578,0.0000123359159261,0.000202465118491],[-0.000221148700803,0.00292606744915,-0.00132789718919,0.00333158182912,-0.00297582359053,0.00121837295592,-0.000836898863781,0.000808151147794,-0.000713750254363,0.000541951565538,-0.00152544747107,0.00351748964749,-0.00231906096451],[0.000642008613795,-0.00132789718919,0.0121743967757,-0.00936343707144,0.00634177029133,-0.00827385671437,0.00565001787618,-0.0017319500912,-0.00362364924513,0.00373241468333,-0.00432101497427,0.00406440207735,-0.00177547696512],[-0.000650039350148,0.00333158182912,-0.00936343707144,0.0192602593452,-0.0168282277882,0.012664411217,-0.00705562857911,-0.00336774555035,0.0125026255846,-0.0160835310817,0.0185075327754,-0.0172792989761,0.0115454355255],[0.000628272071481,-0.00297582359053,0.00634177029133,-0.0168282277882,0.0284172557294,-0.0146899260581,0.00177403085399,0.00766370631754,-0.0175913125277,0.0278639942408,-0.0294776391238,0.0268140938133,-0.0182806067169],[-0.000475884939078,0.00121837295592,-0.00827385671437,0.012664411217,-0.0146899260581,0.0188630204648,-0.00351600768045,-0.00732042919844,0.0157753359526,-0.0197865236551,0.021137105301,-0.0209152214229,0.0105254333466],[0.000332477036864,-0.000836898863781,0.00565001787618,-0.00705562857911,0.00177403085399,-0.00351600768045,0.0148200318217,0.000156207854161,-0.00861587096006,0.009013639763,-0.00646211067215,0.00330966291949,-0.000473086198326],[-0.0000252274840022,0.000808151147794,-0.0017319500912,-0.00336774555035,0.00766370631754,-0.00732042919844,0.000156207854161,0.0174576304853,-0.0102184796706,0.0057881148532,-0.00925455801189,0.0146911395714,-0.00913906097412],[-0.000212773680687,-0.000713750254363,-0.00362364924513,0.0125026255846,-0.0175913125277,0.0157753359526,-0.00861587096006,-0.0102184796706,0.036106698215,-0.0341073311865,0.0280975271016,-0.025877578184,0.0164897162467],[0.000261788256466,0.000541951565538,0.00373241468333,-0.0160835310817,0.0278639942408,-0.0197865236551,0.009013639763,0.0057881148532,-0.0341073311865,0.0710004195571,-0.0599411055446,0.0393069647253,-0.0190482009202],[-0.000207187942578,-0.00152544747107,-0.00432101497427,0.0185075327754,-0.0294776391238,0.021137105301,-0.00646211067215,-0.00925455801189,0.0280975271016,-0.0599411055446,0.0841988474131,-0.0574143566191,0.0205893944949],[0.0000123359159261,0.00351748964749,0.00406440207735,-0.0172792989761,0.0268140938133,-0.0209152214229,0.00330966291949,0.0146911395714,-0.025877578184,0.0393069647253,-0.0574143566191,0.0728857442737,-0.035218141973],[0.000202465118491,-0.00231906096451,-0.00177547696512,0.0115454355255,-0.0182806067169,0.0105254333466,-0.000473086198326,-0.00913906097412,0.0164897162467,-0.0190482009202,0.0205893944949,-0.035218141973,0.0416451059282]],"mean":[28.5310573578,74.1171417236,-73.4740524292,4.56326675415,-25.7080345154,2.8602502346,-10.8099346161,-13.8524217606,-5.06989240646,-0.900388062,-7.04840517044,1.49643886089,-12.7402257919]},"hfc":{"dmean":25.9769077301,"dmean2":41.7975883484,"dvar":1191.14172363,"dvar2":3005.89526367,"max":1021.6159668,"mean":85.3185806274,"median":78.5468444824,"min":1.08497906052e-16,"var":2799.96948242},"melbands":{"dmean":[0.00389088480733,0.00226281071082,0.00124472053722,0.000636060256511,0.000292737502605,0.00042006521835,0.000492018996738,0.000211819642573,0.00017591942742,0.0000992058048723,0.0000643880339339,0.0000775315929786,0.0000725748323021,0.0000665201077936,0.0000491539285576,0.0000412036351918,0.0000270743385045,0.0000242223140958,0.000017709842723,0.0000107984951683,0.0000076802152762,0.0000077504228102,0.00000559742284167,0.00000446634294349,0.00000391007506551,0.00000346975957655,0.00000341023064721,0.00000270536088465,0.00000255305553765,0.00000209671020457,0.00000184196687769,0.0000016788518451,0.00000139482881423,0.0000013145875073,0.00000132410741571,0.0000012338327906,0.00000105866263311,0.00000101401940356,5.98444330535e-7,1.11103375389e-7],"dmean2":[0.00640399008989,0.00384377734736,0.00210867985152,0.00105484423693,0.000481221970404,0.000677434261888,0.000777387642302,0.000332005205564,0.0002831267484,0.0001611730695,0.000105302664451,0.000126468177768,0.000117709889309,0.000109491265903,0.0000819736524136,0.000069329260441,0.0000455351801065,0.0000405856517318,0.0000297719707305,0.0000178714544745,0.000012969274394,0.0000132847435452,0.00000933488263399,0.00000730686633688,0.00000637333687337,0.00000552387245989,0.00000535157141712,0.00000420161768488,0.00000392954825656,0.00000320050412483,0.00000276585069514,0.00000244468742494,0.00000199093506126,0.0000018341492023,0.00000189742638668,0.0000017928558691,0.00000155572365657,0.00000151285348693,8.89915440894e-7,1.71441911334e-7],"dvar":[0.0000504967210873,0.00000870037729328,0.00000311984172185,0.00000182860844689,3.10173845719e-7,9.08320089366e-7,0.00000250097900789,4.98164297369e-7,2.69852563406e-7,6.21284712565e-8,1.36357636293e-8,2.42053808108e-8,2.80382366213e-8,1.83255490782e-8,6.39936548197e-9,4.18823109527e-9,1.89770732462e-9,1.12825027099e-9,7.72619523914e-10,3.24621857173e-10,1.68407163215e-10,1.58104612735e-10,9.5201728445e-11,6.91948720544e-11,6.25804547072e-11,6.23896559415e-11,5.39146643996e-11,3.55241669414e-11,2.46376686414e-11,1.62054085429e-11,9.20060728993e-12,6.45309717121e-12,5.49342429185e-12,5.36780385765e-12,7.0108025288e-12,8.04284243372e-12,4.04561106837e-12,3.84033213216e-12,1.32165881971e-12,4.07596692671e-14],"dvar2":[0.000130705768242,0.000023606535251,0.0000083641953097,0.00000444500892627,7.45523664136e-7,0.00000216522448682,0.00000570440852243,0.00000105575793441,6.25029713319e-7,1.60555146067e-7,3.22919220253e-8,5.78189620626e-8,6.85272354417e-8,4.64522109667e-8,1.68091087716e-8,1.12306208777e-8,4.91972551586e-9,3.04848568611e-9,2.02754013578e-9,8.33567159741e-10,4.5683684613e-10,4.33905633646e-10,2.45817172173e-10,1.69267294625e-10,1.53041704309e-10,1.46791925837e-10,1.24705357152e-10,8.03975774843e-11,5.10932580966e-11,3.70932728977e-11,2.06860223395e-11,1.35821787844e-11,1.14466639292e-11,1.09837555717e-11,1.53764102145e-11,1.91256177562e-11,8.48469471765e-12,8.3667014289e-12,2.83612651593e-12,9.22913140225e-14],"max":[0.0889445245266,0.0367447584867,0.0273642353714,0.0374040082097,0.013754196465,0.0241626538336,0.0498840585351,0.0337895229459,0.0127220675349,0.00612200796604,0.00467593735084,0.0040845470503,0.00498688360676,0.00420262757689,0.00190241180826,0.00130312924739,0.00120345526375,0.000721507880371,0.000614271499217,0.000395254814066,0.000228857534239,0.000233634273172,0.000233700644458,0.000216462853132,0.00021654072043,0.000205345233553,0.000162747950526,0.000232745107496,0.000127531602629,0.000118185162137,0.000053539784858,0.0000439590330643,0.0000431508487964,0.0000392538677261,0.000107242565718,0.000136866146931,0.0000306780493702,0.0000321339211951,0.0000142885082823,0.0000033504129533],"mean":[0.00485550845042,0.0030080222059,0.00176192144863,0.000874090648722,0.000429336709203,0.000601951556746,0.000738676753826,0.000317401776556,0.000257501495071,0.000149980347487,0.000104915219708,0.000125710997963,0.000112296547741,0.000108149797597,0.0000837374682305,0.0000701019671396,0.0000472239698865,0.0000440302574134,0.0000314258650178,0.0000187052119145,0.0000127070388771,0.0000126492395793,0.00000915850159799,0.00000743865484765,0.00000631346711089,0.00000575099375055,0.00000600900330028,0.00000500507485413,0.00000484856309413,0.00000401151964979,0.00000372678437088,0.00000347075661011,0.00000281628331322,0.00000262577555077,0.00000261427180703,0.00000231416379393,0.00000200479462364,0.0000018391182266,0.00000107513483272,1.7741488989e-7],"median":[0.00270742969587,0.00189916463569,0.00114845321514,0.000505569740199,0.000272760458756,0.000304379849695,0.000225443320232,0.000118625524919,0.0000951174806687,0.0000651749578537,0.0000557371386094,0.0000608924747212,0.0000520653338754,0.0000582132634008,0.0000541235131095,0.0000460540759377,0.0000324928114424,0.0000305937865051,0.0000207772645808,0.0000116394758152,0.00000796246604295,0.00000824135349831,0.00000512252790941,0.00000395212555304,0.00000315104671245,0.00000270938949143,0.00000277344679489,0.00000249324193646,0.00000242517307925,0.000001991172212,0.00000196160567612,0.00000181369171059,0.00000137480105877,0.00000115000170808,0.00000102530066215,8.42261158596e-7,6.93784386385e-7,5.48830143998e-7,3.21345709153e-7,6.50756106779e-8],"min":[1.20596302303e-24,1.30480887218e-24,9.79084654539e-25,1.04431497115e-24,1.99455019352e-24,9.60832188129e-25,2.42151583366e-24,1.53815806946e-24,2.86606064743e-24,2.02954781036e-24,1.92063313784e-24,3.0919647727e-24,2.42603225956e-24,2.60134673498e-24,3.11081578732e-24,2.44061908656e-24,3.61525131545e-24,3.00243379312e-24,3.65036903636e-24,2.08821440981e-24,3.87855375852e-24,4.14012899063e-24,3.922475956e-24,4.88191422691e-24,3.20802810275e-24,4.07885224767e-24,5.17198705923e-24,5.15427397646e-24,4.31076394317e-24,4.6535449113e-24,5.21974469843e-24,5.882755468e-24,6.24486234501e-24,5.23445853203e-24,5.55178650863e-24,5.76911019384e-24,6.66996489291e-24,6.97198739022e-24,5.84291365355e-24,5.47372122788e-24],"var":[0.000049312988267,0.0000110017426778,0.00000407870220442,0.00000225870780923,4.23319960419e-7,0.00000138895666169,0.0000047650473789,9.54338474912e-7,4.94080097724e-7,1.01888595339e-7,3.00589348967e-8,4.98064558485e-8,4.81652904227e-8,3.40687265066e-8,1.0846194165e-8,6.95191415545e-9,2.96550095591e-9,2.09023820474e-9,1.42500122813e-9,5.42302258655e-10,2.16821963162e-10,1.95745766818e-10,1.34630986914e-10,1.07405397076e-10,9.38507743742e-11,9.82658676651e-11,1.0056538241e-10,6.4847037462e-11,5.05718106281e-11,3.09342100546e-11,2.20272584894e-11,1.82256102571e-11,1.40504734583e-11,1.40995886841e-11,1.50231563301e-11,1.30114651692e-11,8.79306176482e-12,7.83531659693e-12,2.71967799843e-12,7.37055883449e-14]},"melbands_crest":{"dmean":4.88971853256,"dmean2":8.11484050751,"dvar":17.4735183716,"dvar2":45.0377655029,"max":38.1912269592,"mean":16.2208576202,"median":15.4232349396,"min":1.5235465765,"var":36.4848632812},"melbands_flatness_db":{"dmean":0.034099265933,"dmean2":0.0528231374919,"dvar":0.000838366628159,"dvar2":0.00203397031873,"max":0.524728536606,"mean":0.217024505138,"median":0.213548213243,"min":0.00337598309852,"var":0.00371872028336},"melbands_kurtosis":{"dmean":11.0432720184,"dmean2":17.7463684082,"dvar":397.794067383,"dvar2":890.374816895,"max":567.815124512,"mean":18.9862117767,"median":11.8728637695,"min":-1.65098512173,"var":843.247497559},"melbands_skewness":{"dmean":0.977956175804,"dmean2":1.55881643295,"dvar":0.988820612431,"dvar2":2.3840739727,"max":19.546787262,"mean":3.24927401543,"median":2.97611999512,"min":-0.460175454617,"var":3.33960461617},"melbands_spread":{"dmean":5.8877081871,"dmean2":9.42172241211,"dvar":34.6785774231,"dvar2":85.6115951538,"max":160.866455078,"mean":17.2715396881,"median":14.901222229,"min":0.364784568548,"var":196.352737427},"mfcc":{"cov":[[8840.41601562,369.296234131,57.0528373718,131.879577637,-217.334411621,76.4964294434,-113.818161011,48.0300827026,-137.848510742,136.791809082,-34.5813064575,107.880142212,-41.2464408875],[369.296234131,1449.03015137,-436.902313232,-8.11778354645,14.6685428619,24.6363983154,-17.4763069153,-45.3694877625,65.1966094971,-42.4242210388,40.7090110779,-15.7478761673,12.1143217087],[57.0528373718,-436.902313232,487.773101807,-140.424972534,85.8805389404,-3.8933827877,25.4651908875,10.0765419006,-15.2917966843,35.9757957458,-3.27606463432,35.1501693726,-9.94403839111],[131.879577637,-8.11778354645,-140.424972534,348.48034668,-35.8957328796,34.0763206482,2.41659808159,32.5521240234,2.77905273438,1.84896862507,-0.703071773052,-17.0867977142,-0.612455010414],[-217.334411621,14.6685428619,85.8805389404,-35.8957328796,137.888427734,22.5813560486,32.9561386108,4.39305257797,13.1809654236,-7.38486099243,-2.28008508682,3.50584340096,0.752391576767],[76.4964294434,24.6363983154,-3.8933827877,34.0763206482,22.5813560486,103.359573364,31.4828090668,21.7277336121,-8.73759174347,-6.31985759735,-15.5087022781,-1.15337538719,3.03677344322],[-113.818161011,-17.4763069153,25.4651908875,2.41659808159,32.9561386108,31.4828090668,79.8783798218,24.9644031525,8.09983348846,-9.69134426117,-6.6759762764,-5.34442996979,1.461140275],[48.0300827026,-45.3694877625,10.0765419006,32.5521240234,4.39305257797,21.7277336121,24.9644031525,64.5007476807,20.1743583679,9.57417106628,-4.0458278656,0.307572513819,-4.4727306366],[-137.848510742,65.1966094971,-15.2917966843,2.77905273438,13.1809654236,-8.73759174347,8.09983348846,20.1743583679,61.4178237915,14.8770637512,17.3733997345,-0.355639576912,-4.29163169861],[136.791809082,-42.4242210388,35.9757957458,1.84896862507,-7.38486099243,-6.31985759735,-9.69134426117,9.57417106628,14.8770637512,60.6370849609,23.2041053772,14.4706726074,-1.70240402222],[-34.5813064575,40.7090110779,-3.27606463432,-0.703071773052,-2.28008508682,-15.5087022781,-6.6759762764,-4.0458278656,17.3733997345,23.2041053772,52.2139358521,20.9755821228,4.76740407944],[107.880142212,-15.7478761673,35.1501693726,-17.0867977142,3.50584340096,-1.15337538719,-5.34442996979,0.307572513819,-0.355639576912,14.4706726074,20.9755821228,44.1970481873,14.6064710617],[-41.2464408875,12.1143217087,-9.94403839111,-0.612455010414,0.752391576767,3.03677344322,1.461140275,-4.4727306366,-4.29163169861,-1.70240402222,4.76740407944,14.6064710617,41.9740486145]],"icov":[[0.000152925291331,-0.000135118796607,-0.000114124304673,-0.0000832646765048,0.000242059555603,-0.0000341828053934,0.000107067666249,-0.000231085941778,0.000473486812552,-0.000431164866313,0.000408436113503,-0.00051453569904,0.000294388679322],[-0.000135118796607,0.00130286579952,0.00129341951106,0.000500820286106,-0.000809400866274,-0.000651189708151,0.000109783897642,0.00108136585914,-0.00157596217468,0.000852491764817,-0.00110637955368,0.000285666435957,-0.000122346915305],[-0.000114124304673,0.00129341951106,0.00448173237965,0.00147191761062,-0.00264288089238,0.000158776630997,-0.000788543082308,0.000251769612078,0.00039486316382,-0.00171403062996,0.000479549140437,-0.00226231641136,0.00139160640538],[-0.0000832646765048,0.000500820286106,0.00147191761062,0.0038385365624,-0.0000248062169703,-0.00119000510313,0.000347516004695,-0.00162749201991,0.000198733192519,-0.000182623232831,-0.00129477726296,0.00148713274393,-0.000278158549918],[0.000242059555603,-0.000809400866274,-0.00264288089238,-0.0000248062169703,0.0105833467096,-0.00186211883556,-0.00255734100938,0.00117098586634,-0.00242208433338,0.00145338661969,0.000809605582617,-0.000881927029695,0.0000300463798339],[-0.0000341828053934,-0.000651189708151,0.000158776630997,-0.00119000510313,-0.00186211883556,0.01341010537,-0.00398099748418,-0.00354672106914,0.00394949922338,-0.00127296231221,0.00361953489482,-0.00182231212966,-0.000426354381489],[0.000107067666249,0.000109783897642,-0.000788543082308,0.000347516004695,-0.00255734100938,-0.00398099748418,0.018061298877,-0.0060253534466,-0.000944941130001,0.00353590468876,-0.00188999611419,0.0032258364372,-0.00190622883383],[-0.000231085941778,0.00108136585914,0.000251769612078,-0.00162749201991,0.00117098586634,-0.00354672106914,-0.0060253534466,0.0246609859169,-0.0102167231962,-0.00238167145289,0.00467551965266,-0.0031455506105,0.00199230387807],[0.000473486812552,-0.00157596217468,0.00039486316382,0.000198733192519,-0.00242208433338,0.00394949922338,-0.000944941130001,-0.0102167231962,0.0268694404513,-0.0057203178294,-0.00586254755035,0.0024980136659,0.00203029462136],[-0.000431164866313,0.000852491764817,-0.00171403062996,-0.000182623232831,0.00145338661969,-0.00127296231221,0.00353590468876,-0.00238167145289,-0.0057203178294,0.0256196726114,-0.0103334430605,-0.000750874518417,0.000499889953062],[0.000408436113503,-0.00110637955368,0.000479549140437,-0.00129477726296,0.000809605582617,0.00361953489482,-0.00188999611419,0.00467551965266,-0.00586254755035,-0.0103334430605,0.0343621335924,-0.0160610340536,0.00177070253994],[-0.00051453569904,0.000285666435957,-0.00226231641136,0.00148713274393,-0.000881927029695,-0.00182231212966,0.0032258364372,-0.0031455506105,0.0024980136659,-0.000750874518417,-0.0160610340536,0.0389457046986,-0.012905638665],[0.000294388679322,-0.000122346915305,0.00139160640538,-0.000278158549918,0.0000300463798339,-0.000426354381489,-0.00190622883383,0.00199230387807,0.00203029462136,0.000499889953062,0.00177070253994,-0.012905638665,0.0293011851609]],"mean":[-631.682189941,133.369842529,8.89166736603,18.5166378021,4.42993402481,22.676568985,0.426468700171,5.78011322021,-2.65214657784,5.86623001099,-0.912450909615,7.40764665604,-0.88861978054]},"pitch_salience":{"dmean":0.0917634367943,"dmean2":0.149980053306,"dvar":0.00634169857949,"dvar2":0.0163692981005,"max":0.995613396168,"mean":0.573840260506,"median":0.588983178139,"min":0.0764254927635,"var":0.0134678101167},"silence_rate_20dB":{"dmean":0,"dmean2":0,"dvar":0,"dvar2":0,"max":1,"mean":1,"median":1,"min":1,"var":0},"silence_rate_30dB":{"dmean":0.06505959481,"dmean2":0.130130842328,"dvar":0.0608232989907,"dvar2":0.141165718436,"max":1,"mean":0.94050180912,"median":1,"min":0,"var":0.0559580698609},"silence_rate_60dB":{"dmean":0.00340532301925,"dmean2":0.00681125652045,"dvar":0.00339366402477,"dvar2":0.00730270845816,"max":1,"mean":0.050268817693,"median":0,"min":0,"var":0.0477402172983},"spectral_centroid":{"dmean":233.00958252,"dmean2":356.766235352,"dvar":66577.46875,"dvar2":137938.015625,"max":11830.7539062,"mean":1129.7409668,"median":944.119628906,"min":220.340713501,"var":949772.9375},"spectral_complexity":{"dmean":3.98100185394,"dmean2":6.13658380508,"dvar":15.7457036972,"dvar2":32.0012054443,"max":59,"mean":22.2114696503,"median":22,"min":0,"var":86.2172088623},"spectral_contrast_coeffs":{"dmean":[0.0563095137477,0.0521922856569,0.0348618291318,0.0257721785456,0.0183660052717,0.0260611362755],"dmean2":[0.0944273471832,0.0869428813457,0.0586205683649,0.0434083193541,0.0307202935219,0.0411468483508],"dvar":[0.00200898852199,0.00174137565773,0.00079350854503,0.000405661121476,0.000234239618294,0.000777721172199],"dvar2":[0.00554056465626,0.00467117456719,0.00221454189159,0.00113521446474,0.000650092726573,0.00188366917428],"max":[-0.362229526043,-0.360577315092,-0.52917766571,-0.659890651703,-0.691223919392,-0.533678591251],"mean":[-0.687590181828,-0.76416862011,-0.818688571453,-0.819108486176,-0.829986572266,-0.748231589794],"median":[-0.686878800392,-0.773702859879,-0.825617909431,-0.820460915565,-0.830086171627,-0.756478428841],"min":[-0.981255888939,-0.997329294682,-0.999005913734,-0.99594181776,-0.967428386211,-0.987281501293],"var":[0.00559981819242,0.00520273111761,0.00253723422065,0.00131818105001,0.000782020622864,0.00320537248626]},"spectral_contrast_valleys":{"dmean":[0.404666960239,0.35970941186,0.298525124788,0.258233428001,0.268027275801,0.349978327751],"dmean2":[0.670213520527,0.598084270954,0.486750751734,0.415554791689,0.401880055666,0.496229141951],"dvar":[0.112363748252,0.0908069461584,0.0671986788511,0.059627071023,0.097269192338,0.142860412598],"dvar2":[0.28499019146,0.222491562366,0.151696309447,0.129167348146,0.186959251761,0.299733459949],"max":[-4.72820806503,-4.61053848267,-5.35258483887,-5.66982650757,-5.72680664062,-8.26220035553],"mean":[-6.68976402283,-6.41782188416,-6.89154958725,-7.25320768356,-7.61914634705,-10.2823448181],"median":[-6.38448810577,-6.11239480972,-6.58886623383,-6.95457410812,-7.33469581604,-9.99539756775],"min":[-28.1713542938,-27.8877182007,-27.7777843475,-27.6690616608,-27.5386962891,-27.3824310303],"var":[4.0930981636,4.22090387344,3.9522254467,3.81517720222,3.86134076118,3.39793348312]},"spectral_decrease":{"dmean":5.54699886024e-9,"dmean2":8.86270257183e-9,"dvar":5.7100165188e-17,"dvar2":1.38172196581e-16,"max":3.67694874548e-9,"mean":-1.09788818037e-8,"median":-8.53746673357e-9,"min":-8.65447091769e-8,"var":8.51150850867e-17},"spectral_energy":{"dmean":0.0220444779843,"dmean2":0.0350885167718,"dvar":0.000886234862264,"dvar2":0.00214256183244,"max":0.340800017118,"mean":0.0491755753756,"median":0.0402357950807,"min":9.90258220186e-21,"var":0.00137526146136},"spectral_energyband_high":{"dmean":0.000465138349682,"dmean2":0.000553325808141,"dvar":4.88807700094e-7,"dvar2":7.6314523767e-7,"max":0.0118019450456,"mean":0.00132602732629,"median":0.000755745102651,"min":7.1210815712e-21,"var":0.00000212886789086},"spectral_energyband_low":{"dmean":0.0171294119209,"dmean2":0.0280860122293,"dvar":0.000639280013274,"dvar2":0.00162069825456,"max":0.305597126484,"mean":0.0250276681036,"median":0.0169330108911,"min":1.53628973129e-23,"var":0.000732806918677},"spectral_energyband_middle_high":{"dmean":0.00171093561221,"dmean2":0.00267073581927,"dvar":0.00000555867563889,"dvar2":0.000013173203115,"max":0.0473843701184,"mean":0.00498662376776,"median":0.00371480360627,"min":1.17356511939e-21,"var":0.0000187943387573},"spectral_energyband_middle_low":{"dmean":0.00714665651321,"dmean2":0.0114258276299,"dvar":0.000121043987747,"dvar2":0.000290856289212,"max":0.297005653381,"mean":0.0156990233809,"median":0.0109083279967,"min":1.70629818628e-22,"var":0.000274316262221},"spectral_entropy":{"dmean":0.148125469685,"dmean2":0.214370146394,"dvar":0.0189032591879,"dvar2":0.0368518158793,"max":9.8195066452,"mean":7.787129879,"median":7.80993700027,"min":6.27539777756,"var":0.146402746439},"spectral_flux":{"dmean":0.0363872237504,"dmean2":0.0592546463013,"dvar":0.00172006734647,"dvar2":0.00410028081387,"max":0.484044015408,"mean":0.127394542098,"median":0.118470460176,"min":6.33231800329e-11,"var":0.00372282485478},"spectral_kurtosis":{"dmean":2.17192864418,"dmean2":3.16409611702,"dvar":11.404671669,"dvar2":27.1898555756,"max":82.0311508179,"mean":9.65498256683,"median":7.86338615417,"min":-1.24995827675,"var":50.786781311},"spectral_rms":{"dmean":0.00140842923429,"dmean2":0.00219087139703,"dvar":0.00000229454485634,"dvar2":0.00000533015372639,"max":0.0182342492044,"mean":0.00643919594586,"median":0.00626533571631,"min":3.10822396467e-12,"var":0.00000651306072541},"spectral_rolloff":{"dmean":2428.41308594,"dmean2":4374.578125,"dvar":23056374,"dvar2":60806296,"max":22028.4667969,"mean":3235.53881836,"median":1205.859375,"min":43.06640625,"var":29017590},"spectral_skewness":{"dmean":0.232183262706,"dmean2":0.332222521305,"dvar":0.0731117203832,"dvar2":0.154107570648,"max":6.55509138107,"mean":2.17107486725,"median":2.05766916275,"min":-0.0901697352529,"var":0.460725426674},"spectral_spread":{"dmean":577852.625,"dmean2":832359.125,"dvar":483185983488,"dvar2":881903796224,"max":42808236,"mean":5670075,"median":5268454,"min":1503238.125,"var":11453567336400},"spectral_strongpeak":{"dmean":0.552976548672,"dmean2":0.983644008636,"dvar":8.863530159,"dvar2":26.1754512787,"max":102.281326294,"mean":0.60489398241,"median":0.259399950504,"min":0,"var":5.27823257446},"zerocrossingrate":{"dmean":0.0277484562248,"dmean2":0.0365825407207,"dvar":0.000564589921851,"dvar2":0.000971893256065,"max":0.5810546875,"mean":0.165818735957,"median":0.158203125,"min":0.02685546875,"var":0.0036562026944}},"metadata":{"audio_properties":{"analysis_sample_rate":44100,"bit_rate":320000,"codec":"mp3","downmix":"mix","equal_loudness":0,"length":259.109649658,"lossless":false,"md5_encoded":"5839de706326428299bb597de9c3cd33","replay_gain":-8.67928504944,"sample_rate":44100},"tags":{"album":["Angry Machines"],"albumartist":["Dio"],"albumartistsort":["Dio"],"artist":["Dio"],"artistsort":["Dio"],"asin":["B000003H3H"],"date":["1996"],"discnumber":["1/1"],"file_name":"02. Dio - Don't Tell the Kids.mp3","genre":["Heavy Metal"],"musicbrainz album release country":["US"],"musicbrainz album status":["official"],"musicbrainz album type":["album"],"musicbrainz_albumartistid":["c55193fb-f5d2-4839-a263-4c044fca1456"],"musicbrainz_albumid":["24dd0fcc-31c4-42d2-97b9-674dfa99f09d"],"musicbrainz_artistid":["c55193fb-f5d2-4839-a263-4c044fca1456"],"musicbrainz_recordingid":["48bb08f2-0022-4fbf-a79b-d6353407b704"],"musicip_puid":["67a1c96f-9959-6a23-d4e9-d8e433f0d67d"],"title":["Don't Tell the Kids"],"tracknumber":["2/10"]},"version":{"essentia":"2.1-beta1","essentia_build_sha":"ca57ba49d9b1854bd80e60cf9ccf267278fb7d6b","essentia_git_sha":"v2.1_beta1-28-g21ef5f4-dirty","extractor":"music 1.0"}},"rhythm":{"beats_count":649,"beats_loudness":{"dmean":0.0266201179475,"dmean2":0.0458479635417,"dvar":0.000690679997206,"dvar2":0.00206471956335,"max":0.188741371036,"mean":0.0558883138001,"median":0.0503920130432,"min":0,"var":0.00102317158598},"beats_loudness_band_ratio":{"dmean":[0.200663909316,0.0981955453753,0.0972966700792,0.056412730366,0.0227796193212,0.0668369010091],"dmean2":[0.343300104141,0.173528909683,0.170846149325,0.0988722741604,0.0395863316953,0.116914741695],"dvar":[0.0212914608419,0.0105029381812,0.0148316724226,0.00393254682422,0.000396781048039,0.00312265008688],"dvar2":[0.0675222054124,0.0298824403435,0.0406854487956,0.0114063229412,0.00119064317551,0.00905373133719],"max":[0.949842989445,0.716925501823,0.851427793503,0.436270654202,0.142309516668,0.377477496862],"mean":[0.541435360909,0.124075382948,0.11296132952,0.