{"lowlevel":{"average_loudness":0.946610808372,"barkbands":{"dmean":[0.000167890510056,0.00400088401511,0.00188253168017,0.00112336908933,0.00209161289968,0.000674814626109,0.000488719146233,0.000373759190552,0.000777068722527,0.000701922865119,0.000706393679138,0.000809455232229,0.000623497297056,0.000473170395708,0.00038275794941,0.000737135531381,0.000478081812616,0.000234836988966,0.000321937171975,0.000188340607565,0.000147662925883,0.000155326444656,0.000109419874207,0.00010079639469,0.0000645847030682,0.0000170421135408,7.1696501891e-7],"dmean2":[0.000237061060034,0.00699046021327,0.00317703397013,0.00186911702622,0.00354737485759,0.00109623116441,0.000790219870396,0.000610993127339,0.00121834618039,0.00110609526746,0.00108865299262,0.00126777018886,0.000993764144368,0.000764318217989,0.000618785677943,0.00122087285854,0.000787810771726,0.000393947120756,0.000549567514099,0.000320465973346,0.000254154932918,0.000265721522737,0.000176633780939,0.000155557660037,0.0000951758775045,0.0000255863669736,0.00000118665047921],"dvar":[8.43678478191e-8,0.0000522719928995,0.0000120065142255,0.00000384848135582,0.0000294627025141,0.00000163529500696,0.00000141676662224,8.22039396553e-7,0.00000226138968173,0.00000216594094127,0.00000235260972659,0.00000263938159151,0.00000157497379405,9.76163846644e-7,7.59710417242e-7,0.00000383825363315,5.77845014504e-7,8.81236985606e-8,1.93094976453e-7,5.99707590254e-8,4.65266438709e-8,9.12793254315e-8,9.45591764889e-8,1.00337679498e-7,5.84238470935e-8,2.43394593369e-9,7.23358525856e-12],"dvar2":[1.62691705441e-7,0.000154225024744,0.0000330357761413,0.000010159458725,0.0000797731772764,0.00000398781958211,0.00000341679287885,0.00000195405527847,0.00000520489902556,0.0000052550590226,0.00000545452576262,0.00000610570214121,0.00000374158753402,0.00000239402106672,0.00000183528356956,0.0000107278383439,0.00000144696196003,2.34401014154e-7,5.43083615412e-7,1.67702935983e-7,1.30378495555e-7,2.38219456605e-7,1.91242307324e-7,1.93329242393e-7,1.0909999304e-7,4.5284576089e-9,1.70857494819e-11],"max":[0.00414898758754,0.0915010496974,0.0680264905095,0.04129787907,0.0743629410863,0.0244146473706,0.0335683524609,0.0216013323516,0.03132398054,0.0333349779248,0.0349845327437,0.0363854244351,0.0311858281493,0.0162791442126,0.0238295607269,0.035177372396,0.0171265900135,0.00526091596112,0.00581658491865,0.00319141009822,0.00337156956084,0.00702701881528,0.0117788203061,0.00898422021419,0.0102493008599,0.00204125186428,0.0000911949027795],"mean":[0.000273360870779,0.00552011700347,0.00243265344761,0.00164405605756,0.00292248581536,0.00112523057032,0.000818362401333,0.000564484565984,0.00170320342295,0.00128927244805,0.00132632500026,0.00150150153786,0.00116528035142,0.000788705481682,0.000666791573167,0.00145348685328,0.00102348672226,0.000526874908246,0.000711711938493,0.000459150847746,0.000364902953152,0.000314169970807,0.000215524662053,0.000206498618354,0.000142346267239,0.0000380477540602,7.08206414402e-7],"median":[0.0000623539672233,0.00248281750828,0.00129681127146,0.000947476597503,0.00155827892013,0.00060220551677,0.000302037515212,0.000186143472092,0.000605963694397,0.000450632389402,0.000406284758355,0.000635352393147,0.000471592182294,0.000378375407308,0.000369326386135,0.000587379036006,0.000719325384125,0.00047174084466,0.00064509594813,0.000417190080043,0.00033541364246,0.000200582406251,0.000111351102532,0.000101003162854,0.0000619800557615,0.0000186464349099,3.24550661901e-8],"min":[1.26865596854e-24,4.37203516411e-24,1.19890547894e-24,2.6180230573e-24,5.10870345412e-24,1.31765724696e-23,4.48375049006e-24,1.32139179337e-23,3.14373282297e-23,1.67120182771e-23,2.20331312074e-23,2.43215614732e-23,4.84137505942e-23,5.45281420508e-23,5.90471727671e-23,5.94310135509e-23,8.02952485343e-23,1.14429297769e-22,1.14926747144e-22,1.45786960513e-22,2.76966791904e-22,3.95436509011e-22,4.56532662782e-22,6.04595165152e-22,8.78021019199e-22,1.35307835747e-21,1.86491504171e-21],"var":[2.16887784177e-7,0.0000652813105262,0.000012233700545,0.00000497881364936,0.0000266451934294,0.00000289693821287,0.00000279443065665,0.00000154674762598,0.0000107401565401,0.00000602847239861,0.00000702554234522,0.00000667569338475,0.00000460815363112,0.00000176563344212,0.00000145760111536,0.00000948756314756,0.00000162097762768,1.81594629112e-7,3.54798004309e-7,1.36226518066e-7,9.49970981878e-8,1.74102012807e-7,2.52816789725e-7,2.69414073273e-7,1.38452662668e-7,6.53456710964e-9,8.64528500871e-12]},"barkbands_crest":{"dmean":2.64406299591,"dmean2":4.4509601593,"dvar":6.05109643936,"dvar2":16.8966026306,"max":26.319486618,"mean":9.1087179184,"median":8.17487335205,"min":2.12073230743,"var":17.3287830353},"barkbands_flatness_db":{"dmean":0.0175700057298,"dmean2":0.0287969503552,"dvar":0.000276920589386,"dvar2":0.000736261950806,"max":0.441404610872,"mean":0.114834956825,"median":0.100108198822,"min":0.0298760421574,"var":0.00272397766821},"barkbands_kurtosis":{"dmean":1.64318013191,"dmean2":2.78990769386,"dvar":42.2472839355,"dvar2":140.47505188,"max":194.690460205,"mean":1.54703509808,"median":-0.234442472458,"min":-1.85497140884,"var":87.0134963989},"barkbands_skewness":{"dmean":0.429615288973,"dmean2":0.70178258419,"dvar":0.238356560469,"dvar2":0.67597001791,"max":13.1632270813,"mean":0.785479187965,"median":0.62481623888,"min":-2.11870598793,"var":1.26808273792},"barkbands_spread":{"dmean":5.52944231033,"dmean2":8.90665912628,"dvar":38.4915618896,"dvar2":89.8209686279,"max":109.278137207,"mean":29.9059009552,"median":29.9976615906,"min":0.533063948154,"var":190.168991089},"dissonance":{"dmean":0.0144427577034,"dmean2":0.0244782287627,"dvar":0.000304602988763,"dvar2":0.000836598221213,"max":0.500000119209,"mean":0.471610486507,"median":0.484092175961,"min":0.139179930091,"var":0.00125705159735},"dynamic_complexity":3.35168290138,"erbbands":{"dmean":[0.131639823318,0.886625647545,2.04567289352,2.7641954422,7.22050428391,6.50063180923,4.99383640289,5.68106842041,6.75866746902,6.74714136124,9.39014148712,17.0670509338,20.340139389,25.8362464905,20.8669910431,29.7123527527,27.1172008514,22.9175643921,19.5434989929,26.5774230957,32.2461662292,26.8418331146,12.2858867645,15.1243638992,14.877699852,8.61400508881,7.08464002609,5.35982322693,5.69326305389,4.585709095,3.01477694511,2.09791016579,1.74213206768,0.960802316666,0.35937422514,0.118501216173,0.0228229351342,0.00280361576006,0.0000756142108003,0.0000111330718937],"dmean2":[0.229367703199,1.54570138454,3.43078255653,4.63050270081,12.0260810852,11.2741441727,8.22246551514,9.26046466827,11.0643348694,11.0864944458,15.0002727509,26.8557872772,31.6443061829,40.6673927307,31.7189254761,46.1775856018,42.5395240784,36.359916687,31.2339286804,43.2313804626,53.0959091187,44.6310844421,20.6357879639,25.6161270142,25.6477031708,14.7178030014,12.0239648819,9.3374080658,9.84093093872,7.48753881454,4.85603713989,3.35331058502,2.6739320755,1.43199515343,0.539978384972,0.177952319384,0.0342311859131,0.00433850800619,0.000117942669021,0.0000180776441994],"dvar":[0.0602046176791,2.69141077995,14.7395353317,19.4039592743,366.630615234,228.952148438,104.855308533,139.307571411,277.484680176,334.801025391,491.567077637,1247.71276855,1676.02404785,2795.85302734,2280.3125,3476.55615234,2591.55053711,2287.74462891,1933.39855957,4303.24414062,5144.30908203,1862.06140137,251.235794067,351.737335205,538.734130859,142.27154541,88.9692001343,76.2196731567,124.372016907,122.162963867,78.7264480591,43.6984710693,36.8780670166,14.3949728012,1.43231928349,0.12589211762,0.00403062533587,0.0000846056864248,6.23569320624e-8,2.53947862738e-10],"dvar2":[0.182573214173,7.72708272934,40.3171730042,52.3057937622,945.448486328,652.036254883,259.813140869,344.464996338,699.69152832,779.848083496,1162.10229492,2884.20898438,4019.93041992,6943.03613281,4996.64746094,8061.48046875,6132.40234375,5408.45410156,4726.25292969,11459.3964844,14087.9169922,4889.77490234,661.323364258,979.773376465,1523.59912109,398.503265381,248.090026855,213.312606812,339.752349854,279.702941895,161.125534058,93.7531280518,72.0837554932,27.1705265045,2.85391736031,0.23231510818,0.00735512189567,0.00017307541566,1.32858048119e-7,6.04455874242e-10],"max":[3.03665161133,21.1526508331,71.3976745605,70.8479232788,268.047729492,227.538711548,271.844909668,284.99887085,471.839447021,640.756103516,620.046630859,837.99395752,881.139648438,1014.45495605,1203.17907715,1430.91308594,1132.64025879,940.554504395,1155.51989746,1409.33288574,1945.2532959,766.042663574,276.652435303,253.350662231,296.983306885,174.477615356,143.524841309,133.442596436,225.902526855,359.964111328,434.316253662,235.607192993,191.772399902,169.864532471,38.5087051392,16.125831604,2.48552131653,0.338336288929,0.00767430569977,0.000348552479409],"mean":[0.171751096845,1.17632806301,2.79349184036,4.44659328461,9.03986930847,9.14535903931,8.15041351318,9.39075756073,11.3471546173,10.7373142242,16.9340744019,37.4542694092,41.8507385254,54.5384292603,43.09425354,57.9205360413,56.9621772766,44.6969909668,36.9851379395,54.5524635315,69.4306793213,59.9817123413,29.8611164093,36.6711807251,31.7494049072,21.0754871368,17.8832626343,11.8529033661,11.1354217529,9.55123329163,5.76584863663,4.07260560989,3.56506276131,2.02470827103,0.782333433628,0.266572266817,0.0499790199101,0.00442525977269,0.000136660964927,0.0000437701237388],"median":[0.0541634857655,0.564139187336,1.55662345886,2.95044064522,4.35443115234,4.83111619949,4.41954183578,4.63978528976,4.5364112854,4.39039945602,6.52293014526,13.2237405777,18.6363658905,18.7973270416,15.9718704224,27.628818512,27.0585346222,22.4421958923,21.288444519,24.2955589294,37.6689605713,41.2914390564,27.2560691833,32.5124206543,29.1242771149,19.2569618225,16.5490589142,10.2894220352,7.43800401688,5.28789901733,2.86412620544,2.02598810196,1.73837137222,0.850030779839,0.342365771532,0.128386333585,0.025076912716,0.00164000527002,0.0000676153140375,0.000044061573135],"min":[1.11872088393e-22,1.03503740839e-21,2.56298419092e-21,7.38959538402e-21,1.01880233289e-20,2.00753487336e-20,4.95982503607e-20,1.14083367141e-19,9.70366416691e-20,1.28979662127e-19,3.20669153111e-19,6.21106192222e-19,6.01075600099e-19,7.34585549495e-19,9.94538585819e-19,1.23214911191e-18,2.41342372101e-18,2.87316594918e-18,3.17989899597e-18,2.92662332345e-18,3.24779460104e-18,5.29384425096e-18,5.88690876192e-18,6.95664519985e-18,6.57639978484e-18,7.8270294558e-18,9.61254761165e-18,8.91760753645e-18,1.31598190244e-17,1.26652816505e-17,1.16938332945e-17,1.27771412848e-17,9.72371820444e-18,8.3777638261e-18,6.51166256215e-18,4.26652315329e-18,2.49152073777e-18,1.0893596436e-18,2.67621595139e-19,2.51755440578e-20],"var":[0.0776741728187,3.05204319954,15.2685174942,27.0917472839,324.642974854,225.448776245,180.944656372,228.878433228,477.910980225,572.193359375,1243.28271484,6010.10791016,4991.16015625,8906.69726562,6691.70214844,8804.36523438,8654.85546875,5252.14501953,3453.48779297,10806.9863281,13182.0664062,5701.14599609,546.334960938,891.459838867,759.909118652,292.738952637,211.118850708,124.536338806,205.225952148,294.598052979,198.513244629,100.443138123,93.2862167358,32.1013793945,3.59948611259,0.345359414816,0.0106233777478,0.00014837681374,1.0310675691e-7,8.29124768842e-10]},"erbbands_crest":{"dmean":2.47956252098,"dmean2":4.02463150024,"dvar":5.62868022919,"dvar2":13.9756717682,"max":31.1580619812,"mean":9.50823402405,"median":8.22288417816,"min":2.20345807076,"var":24.492017746},"erbbands_flatness_db":{"dmean":0.0135428840294,"dmean2":0.0208593737334,"dvar":0.000161386589753,"dvar2":0.000353698473191,"max":0.382555305958,"mean":0.159417197108,"median":0.151102513075,"min":0.0276208575815,"var":0.00194936420303},"erbbands_kurtosis":{"dmean":0.94782936573,"dmean2":1.48345446587,"dvar":3.50963521004,"dvar2":7.99860954285,"max":118.28313446,"mean":1.14827346802,"median":0.39745593071,"min":-1.76059496403,"var":14.0706501007},"erbbands_skewness":{"dmean":0.292988806963,"dmean2":0.452872872353,"dvar":0.067571207881,"dvar2":0.158737629652,"max":4.79879570007,"mean":0.0107495998964,"median":-0.0836866348982,"min":-3.33847784996,"var":0.61156308651},"erbbands_spread":{"dmean":6.0775809288,"dmean2":9.43796539307,"dvar":43.0674095154,"dvar2":99.3667984009,"max":153.876159668,"mean":31.5807571411,"median":29.1739273071,"min":1.27601408958,"var":248.006881714},"gfcc":{"cov":[[20197.5371094,-1415.9239502,-1278.95910645,1009.58764648,-530.591674805,872.170410156,-376.807830811,825.750732422,-250.550842285,-129.188079834,-541.657470703,145.612213135,-136.763046265],[-1415.9239502,943.254089355,-138.129058838,-216.538757324,21.5828990936,-302.35244751,142.002319336,-196.021148682,13.4142932892,-43.5511016846,97.0970535278,-74.6092758179,41.9616241455],[-1278.95910645,-138.129058838,669.499145508,-174.415359497,-32.5110168457,67.2264099121,-45.5939559937,61.2857322693,19.7469329834,83.731338501,-21.0614624023,55.9182929993,-49.8813934326],[1009.58764648,-216.538757324,-174.415359497,603.561767578,183.529891968,42.8601074219,18.6224727631,44.8638572693,29.6777076721,-59.2474708557,-20.5252075195,-26.4642486572,29.0508365631],[-530.591674805,21.5828990936,-32.5110168457,183.529891968,272.553955078,37.52891922,91.7926483154,2.50779056549,8.2952337265,4.87024831772,8.05280208588,-15.3698453903,11.7619562149],[872.170410156,-302.35244751,67.2264099121,42.8601074219,37.52891922,291.912628174,30.8532810211,105.362976074,-33.7006416321,28.3967227936,-16.5966320038,34.2234764099,-21.7639293671],[-376.807830811,142.002319336,-45.5939559937,18.6224727631,91.7926483154,30.8532810211,219.33013916,21.8149547577,-10.0333089828,-30.559709549,23.214761734,-19.3616790771,-2.89994382858],[825.750732422,-196.021148682,61.2857322693,44.8638572693,2.50779056549,105.362976074,21.8149547577,171.124526978,25.0432186127,23.5430259705,-53.7285041809,23.9414615631,-8.12378692627],[-250.550842285,13.4142932892,19.7469329834,29.6777076721,8.2952337265,-33.7006416321,-10.0333089828,25.0432186127,115.184761047,38.8036651611,8.72323989868,-7.84229230881,5.32765388489],[-129.188079834,-43.5511016846,83.731338501,-59.2474708557,4.87024831772,28.3967227936,-30.559709549,23.5430259705,38.8036651611,100.666679382,23.3983764648,18.1468219757,-18.9073486328],[-541.657470703,97.0970535278,-21.0614624023,-20.5252075195,8.05280208588,-16.5966320038,23.214761734,-53.7285041809,8.72323989868,23.3983764648,103.475074768,8.19816112518,9.73032188416],[145.612213135,-74.6092758179,55.9182929993,-26.4642486572,-15.3698453903,34.2234764099,-19.3616790771,23.9414615631,-7.84229230881,18.1468219757,8.19816112518,76.6064987183,19.0994586945],[-136.763046265,41.9616241455,-49.8813934326,29.0508365631,11.7619562149,-21.7639293671,-2.89994382858,-8.12378692627,5.32765388489,-18.9073486328,9.73032188416,19.0994586945,71.6832504272]],"icov":[[0.000212532308069,-0.000411210377933,0.000561636057682,-0.000549789401703,0.000687983818352,-0.000664445338771,0.0005420781672,-0.000877976999618,0.000480230723042,-0.000234581399127,0.000756512687076,-0.000750572537072,0.000867368245963],[-0.000411210377933,0.0037757512182,-0.00096255086828,0.00223221839406,-0.00178065150976,0.00357459299266,-0.00310329603963,0.00304604764096,-0.00111516728066,0.000463055534055,-0.00240753288381,0.00308963214047,-0.00326348049566],[0.000561636057682,-0.00096255086828,0.00348607543856,-0.000846949405968,0.00145051372238,-0.00179430027492,0.00165377184749,-0.00253166491166,0.000839664309751,-0.00117589836009,0.00242007058114,-0.00332926912233,0.00358725362457],[-0.000549789401703,0.00223221839406,-0.000846949405968,0.00482767727226,-0.00429703621194,0.00218842271715,-0.000679185672197,0.00139851553831,-0.00261902925558,0.00360144418664,-0.00320426700637,0.00292671541683,-0.00260123074986],[0.000687983818352,-0.00178065150976,0.00145051372238,-0.00429703621194,0.00882979854941,-0.00303054577671,-0.00136062130332,-0.000820111716166,0.00216895691119,-0.00470139738172,0.00435141380876,-0.00195602327585,0.00111807743087],[-0.000664445338771,0.00357459299266,-0.00179430027492,0.00218842271715,-0.00303054577671,0.00937287416309,-0.00352483964525,0.000279933039565,0.00128240790218,-0.000652657356113,-0.00399197032675,0.00240523507819,-0.0026299697347],[0.0005420781672,-0.00310329603963,0.00165377184749,-0.000679185672197,-0.00136062130332,-0.00352483964525,0.0104191424325,-0.00661716563627,0.00114704330917,0.0044741332531,-0.00172794866376,-0.00144998996984,0.00481726368889],[-0.000877976999618,0.00304604764096,-0.00253166491166,0.00139851553831,-0.000820111716166,0.000279933039565,-0.00661716563627,0.0169861167669,-0.0054073985666,-0.00285142939538,0.00424342788756,0.000609935203101,-0.00499845854938],[0.000480230723042,-0.00111516728066,0.000839664309751,-0.00261902925558,0.00216895691119,0.00128240790218,0.00114704330917,-0.0054073985666,0.0143556632102,-0.00703584775329,0.000507224118337,0.00159043399617,-0.000733582652174],[-0.000234581399127,0.000463055534055,-0.00117589836009,0.00360144418664,-0.00470139738172,-0.000652657356113,0.0044741332531,-0.00285142939538,-0.00703584775329,0.0212121382356,-0.00795218721032,-0.00179879099596,0.00511128688231],[0.000756512687076,-0.00240753288381,0.00242007058114,-0.00320426700637,0.00435141380876,-0.00399197032675,-0.00172794866376,0.00424342788756,0.000507224118337,-0.00795218721032,0.019487624988,-0.0062102926895,0.00119449116755],[-0.000750572537072,0.00308963214047,-0.00332926912233,0.00292671541683,-0.00195602327585,0.00240523507819,-0.00144998996984,0.000609935203101,0.00159043399617,-0.00179879099596,-0.0062102926895,0.0230451896787,-0.0115716112778],[0.000867368245963,-0.00326348049566,0.00358725362457,-0.00260123074986,0.00111807743087,-0.0026299697347,0.00481726368889,-0.00499845854938,-0.000733582652174,0.00511128688231,0.00119449116755,-0.0115716112778,0.0240360479802]],"mean":[10.7207794189,82.9453964233,-131.90486145,41.034122467,-52.2495536804,22.8307247162,-35.2273674011,12.0045642853,-30.2319755554,1.37410092354,-18.4238624573,1.12220537663,-8.24613571167]},"hfc":{"dmean":7.0827589035,"dmean2":11.4944219589,"dvar":107.49433136,"dvar2":258.176605225,"max":229.214996338,"mean":32.2959098816,"median":31.683588028,"min":1.0803569076e-16,"var":490.395202637},"melbands":{"dmean":[0.00114401988685,0.00103585235775,0.000585405447055,0.000519758381415,0.000176024695975,0.00012643658556,0.000101597295725,0.0000727110091248,0.0000849131538416,0.000115556744277,0.00010589449812,0.000107203857624,0.0000795970554464,0.0000707301369403,0.0000950114335865,0.00006193054287,0.0000441845186288,0.0000348118883267,0.0000317684498441,0.0000585507405049,0.000035918354115,0.000034253076592,0.0000149282313942,0.0000107294108602,0.000013715654859,0.000013382288671,0.00000911388815439,0.00000577140053792,0.00000534119226359,0.00000393530081055,0.00000310860878017,0.00000356514942723,0.00000311516305374,0.00000253843313658,0.00000198946963792,0.00000139671942634,0.00000135693665015,0.00000133131788971,0.00000114379361094,7.79684341978e-7],"dmean2":[0.00201296526939,0.00174496299587,0.000968924199697,0.000885911984369,0.000293165037874,0.000205628835829,0.000165361605468,0.000120106698887,0.000135422640597,0.000181686293217,0.000164821904036,0.000168330225279,0.000120627155411,0.000108387510409,0.000152184074977,0.0000979816686595,0.0000703553378116,0.0000562682980672,0.0000516274449183,0.0000979681499302,0.0000595027086092,0.0000568223222217,0.0000249918466579,0.0000180870065378,0.0000232667352975,0.0000229895158554,0.0000157272497745,0.00000987329622149,0.00000909245591174,0.00000680055654811,0.0000054352603911,0.00000624563108431,0.00000516937734574,0.00000416557668359,0.00000323061385643,0.00000227857458412,0.00000218583227252,0.00000207576158573,0.00000172841737367,0.00000118445359476],"dvar":[0.00000440656231149,0.00000366248423234,0.00000103347929326,0.00000192816764866,1.18374750002e-7,6.21486790919e-8,6.04536154469e-8,3.60317820025e-8,4.02223960805e-8,5.57674546542e-8,4.60732358931e-8,4.62868641193e-8,3.27747287088e-8,2.67172115542e-8,3.53888864879e-8,1.81282864276e-8,9.03950869713e-9,6.63140520274e-9,5.68445113203e-9,3.46420634401e-8,5.89381032867e-9,3.46820283603e-9,3.78361786346e-10,1.7917509143e-10,2.86845269759e-10,3.43545414339e-10,1.73428979511e-10,6.06196065567e-11,4.67257586789e-11,3.50609888344e-11,2.72296473564e-11,4.73185032823e-11,3.88841250865e-11,4.81759909743e-11,3.74393675784e-11,1.93036506918e-11,1.93618142352e-11,1.98111180238e-11,2.21167181791e-11,8.97660938637e-12],"dvar2":[0.0000134112833621,0.0000100142378869,0.00000268239909929,0.00000525388304595,3.01511590806e-7,1.52167643819e-7,1.51435713747e-7,8.56823376694e-8,9.63203632409e-8,1.29185565356e-7,1.10419591692e-7,1.13847491434e-7,7.11535861342e-8,5.91239910364e-8,8.59651549945e-8,4.40640484101e-8,2.15371684931e-8,1.64507536482e-8,1.38857503273e-8,9.79800276468e-8,1.60196265142e-8,8.85417161811e-9,9.7283303635e-10,4.83364070991e-10,8.04788791164e-10,9.65162283428e-10,4.86274132072e-10,1.70419761636e-10,1.30594271508e-10,9.84672759996e-11,7.54004636505e-11,1.32130209551e-10,9.41679026423e-11,1.12266626551e-10,7.85130988001e-11,4.07614254849e-11,4.38788415325e-11,3.97039137678e-11,4.5121933967e-11,1.78682155877e-11],"max":[0.0246749836951,0.029751976952,0.0177301503718,0.0199057217687,0.00791605003178,0.00550898490474,0.00730353593826,0.00590102560818,0.00493408041075,0.00560520868748,0.00446092197672,0.00422819005325,0.00529110478237,0.00388269149698,0.0044672107324,0.00347423716448,0.0018556433497,0.00186723296065,0.00235228892416,0.0036067601759,0.00208020792343,0.00106866040733,0.000512796803378,0.000276489125099,0.000223478578846,0.000307368434733,0.000158976341481,0.000123797100969,0.0000952084228629,0.000104750826722,0.0000992856075754,0.000126626764541,0.000170940344105,0.000281595974229,0.000374512834242,0.000233007594943,0.000169357648701,0.000166505182278,0.000233854429098,0.000135402879096],"mean":[0.0015258960193,0.00152935506776,0.000913318421226,0.000694669026416,0.000298170634778,0.000213677223655,0.0001724025351,0.000112781330245,0.000147734797793,0.000253407692071,0.000208300829399,0.000218828179641,0.000154366687639,0.000133642388391,0.000166915342561,0.000120129356219,0.000076172487752,0.0000578582876187,0.0000543065034435,0.000108496795292,0.0000707043218426,0.0000691215900588,0.0000313823766191,0.0000237785698118,0.0000304887034872,0.0000266276929324,0.0000181176765182,0.0000127296934807,0.0000121181938084,0.0000086790360001,0.00000597183225182,0.00000615643830315,0.00000628974885331,0.00000487187207909,0.0000034857139326,0.00000250758375842,0.00000246122658609,0.00000255034024121,0.00000219805883717,0.00000155283623826],"median":[0.000610439514276,0.000884500041138,0.000596740981564,0.000356476521119,0.000174211236299,0.000110691784357,0.0000701867684256,0.0000419218886236,0.0000524563438375,0.0000838769628899,0.0000852043012856,0.0000722163022147,0.0000512799088028,0.0000510143690917,0.0000760360126151,0.000040273887862,0.0000356218661182,0.0000288425726467,0.0000298206614389,0.000033624797652,0.0000436508416897,0.0000446014673798,0.0000269454667432,0.0000211424248846,0.0000259084154095,0.0000234317503782,0.0000154754670803,0.0000110364708235,0.000010671855307,0.00000762263334764,0.00000477108687846,0.00000401867509936,0.00000360334934157,0.00000250070411312,0.00000161679815847,0.00000125526253214,0.00000115376371923,0.00000119158551115,9.18252055726e-7,6.1186176481e-7],"min":[1.78862022358e-24,2.14515734818e-24,1.94190694152e-24,9.69773236236e-25,1.74440161161e-24,3.14142990133e-24,1.22109712228e-24,1.98772950492e-24,2.52994022913e-24,4.31788065183e-24,2.94851889734e-24,2.74102224964e-24,2.87971306868e-24,2.50298583808e-24,2.78721281666e-24,4.19261703425e-24,4.6228286398e-24,3.73369917479e-24,4.58700883268e-24,3.96589012705e-24,3.61242167138e-24,4.71526972726e-24,4.86259936207e-24,4.73260928439e-24,4.25881508598e-24,2.39848010915e-24,4.81663480371e-24,4.52177792443e-24,5.13747005589e-24,5.98896099496e-24,4.83824209833e-24,6.69879302583e-24,4.91496986542e-24,6.96762104511e-24,5.311311728e-24,7.01463163304e-24,6.49412779714e-24,5.24104473173e-24,5.32074729329e-24,7.27598361752e-24],"var":[0.00000539135498911,0.00000416111015511,0.00000125545716401,0.00000166487120623,1.99976739168e-7,1.06591151905e-7,1.07703868935e-7,6.03199836746e-8,1.07003600647e-7,2.85433401359e-7,1.35586120109e-7,1.44415579939e-7,9.62655590797e-8,7.13297794164e-8,8.41515017669e-8,6.05105796581e-8,1.8343364161e-8,1.08053752612e-8,1.05105035786e-8,7.78809692292e-8,1.23611521019e-8,9.45431111177e-9,7.40406402855e-10,3.80404013844e-10,6.77640610292e-10,5.38796118832e-10,2.64375493719e-10,1.16552781315e-10,1.03845307353e-10,6.2162289205e-11,3.9759820436e-11,6.510256223e-11,8.94724919154e-11,1.04159271486e-10,8.47680953209e-11,4.28448977685e-11,3.89359933184e-11,4.79828225763e-11,4.43823450214e-11,1.87239616173e-11]},"melbands_crest":{"dmean":3.50367426872,"dmean2":5.94603157043,"dvar":9.62751674652,"dvar2":27.1485843658,"max":31.4047470093,"mean":12.8526973724,"median":11.9780416489,"min":1.00129270554,"var":24.7293701172},"melbands_flatness_db":{"dmean":0.0226928964257,"dmean2":0.037299502641,"dvar":0.000506566488184,"dvar2":0.00132668786682,"max":0.487845718861,"mean":0.160267263651,"median":0.144132748246,"min":1.20801288972e-7,"var":0.00443780701607},"melbands_kurtosis":{"dmean":4.07748603821,"dmean2":6.96326732635,"dvar":160.185150146,"dvar2":529.427490234,"max":664.902038574,"mean":6.7423286438,"median":2.33572626114,"min":-1.8903055191,"var":637.964050293},"melbands_skewness":{"dmean":0.602119743824,"dmean2":0.981239438057,"dvar":0.40847659111,"dvar2":1.08747088909,"max":21.1686668396,"mean":1.780798316,"median":1.51117300987,"min":-1.18394374847,"var":2.20980525017},"melbands_spread":{"dmean":8.31364631653,"dmean2":13.6167888641,"dvar":92.8757171631,"dvar2":227.677963257,"max":190.778625488,"mean":37.2776756287,"median":36.0187187195,"min":0.704509913921,"var":411.165557861},"mfcc":{"cov":[[12860.7744141,-1026.39904785,-613.545043945,520.949768066,346.418212891,320.644073486,238.817947388,563.819335938,345.388366699,155.017166138,55.8545074463,-7.73972463608,-95.7510223389],[-1026.39904785,1095.9777832,-63.1821289062,-114.446388245,-200.611587524,-70.4129943848,-6.91388511658,-137.985076904,-65.2194519043,-40.4177436829,9.51166057587,-10.5375738144,2.81219768524],[-613.545043945,-63.1821289062,534.190429688,-190.815612793,3.91446876526,-53.9828605652,-73.3696899414,-23.6328105927,-20.0307178497,4.03000593185,28.6154823303,-9.58392429352,16.9442481995],[520.949768066,-114.446388245,-190.815612793,413.485168457,105.368148804,48.2582893372,25.9979782104,46.1961860657,37.6380004883,20.9101448059,-19.9779472351,22.4878177643,-24.4652233124],[346.418212891,-200.611587524,3.91446876526,105.368148804,182.863967896,47.6073226929,-0.572876155376,17.8418254852,36.5480766296,14.9792518616,1.95932638645,2.25182723999,11.9099378586],[320.644073486,-70.4129943848,-53.9828605652,48.2582893372,47.6073226929,116.15020752,72.9733581543,42.9171791077,8.45394802094,4.82581329346,13.5574197769,5.79386949539,-1.89312660694],[238.817947388,-6.91388511658,-73.3696899414,25.9979782104,-0.572876155376,72.9733581543,186.448822021,86.1072463989,24.1831588745,1.31283080578,14.3502893448,10.7223024368,-18.8467750549],[563.819335938,-137.985076904,-23.6328105927,46.1961860657,17.8418254852,42.9171791077,86.1072463989,141.089523315,67.2351226807,25.0240097046,3.15560126305,3.08617138863,-9.00077533722],[345.388366699,-65.2194519043,-20.0307178497,37.6380004883,36.5480766296,8.45394802094,24.1831588745,67.2351226807,112.242103577,44.6498527527,17.4340019226,-6.45507097244,-2.21527218819],[155.017166138,-40.4177436829,4.03000593185,20.9101448059,14.9792518616,4.82581329346,1.31283080578,25.0240097046,44.6498527527,91.1164474487,33.0732002258,12.0520772934,-11.5074577332],[55.8545074463,9.51166057587,28.6154823303,-19.9779472351,1.95932638645,13.5574197769,14.3502893448,3.15560126305,17.4340019226,33.0732002258,81.0503921509,24.9674224854,3.65198302269],[-7.73972463608,-10.5375738144,-9.58392429352,22.4878177643,2.25182723999,5.79386949539,10.7223024368,3.08617138863,-6.45507097244,12.0520772934,24.9674224854,64.7174835205,24.6473407745],[-95.7510223389,2.81219768524,16.9442481995,-24.4652233124,11.9099378586,-1.89312660694,-18.8467750549,-9.00077533722,-2.21527218819,-11.5074577332,3.65198302269,24.6473407745,77.10597229]],"icov":[[0.000109380693175,0.0000301984509861,0.000130963104311,0.00000799894951342,-0.000114751543151,-0.000113605172373,0.000179174356163,-0.000438254472101,-0.000012735476048,0.000029053322578,-0.000144527803059,0.0000463950818812,0.000112044137495],[0.0000301984509861,0.00141698168591,0.00014421142987,-0.000154395980644,0.00149633013643,0.000154735113028,-0.000759665330406,0.00178903283086,-0.00059222249547,0.000168060796568,-0.000346481392626,0.000491687562317,-0.000431723223301],[0.000130963104311,0.00014421142987,0.00280331564136,0.00130060617812,-0.00119786418509,0.000957712123636,0.00108277343679,-0.00159692612942,0.0010531458538,-0.0000602675390837,-0.00138058851007,0.000431797729107,0.000189418758964],[0.00000799894951342,-0.000154395980644,0.00130060617812,0.0040500392206,-0.0024361088872,-0.000282691093162,0.00085080153076,-0.00113878666889,-0.000185714074178,-0.000131805194542,0.00133463356178,-0.0025578327477,0.00218858057633],[-0.000114751543151,0.00149633013643,-0.00119786418509,-0.0024361088872,0.0102249477059,-0.00380322663113,-0.000133533874759,0.00402763066813,-0.00369791337289,0.0000637155826553,0.000539554399438,0.00103740545455,-0.00239592813887],[-0.000113605172373,0.000154735113028,0.000957712123636,-0.000282691093162,-0.00380322663113,0.014917338267,-0.00486841984093,-0.00204882025719,0.00386296445504,-0.00050470122369,-0.0030307660345,0.00214553950354,-0.0014289295068],[0.000179174356163,-0.000759665330406,0.00108277343679,0.00085080153076,-0.000133533874759,-0.00486841984093,0.0111422305927,-0.00721841165796,0.000535758386832,0.00222336710431,-0.00154337857384,-0.00228889659047,0.00321612111293],[-0.000438254472101,0.00178903283086,-0.00159692612942,-0.00113878666889,0.00402763066813,-0.00204882025719,-0.00721841165796,0.0196448527277,-0.00925349537283,-0.000802604481578,0.00386499427259,-0.00120318320114,-0.000947570311837],[-0.000012735476048,-0.00059222249547,0.0010531458538,-0.000185714074178,-0.00369791337289,0.00386296445504,0.000535758386832,-0.00925349537283,0.0184670034796,-0.0060683763586,-0.00375375105068,0.00565828476101,-0.00257377978414],[0.000029053322578,0.000168060796568,-0.0000602675390837,-0.000131805194542,0.0000637155826553,-0.00050470122369,0.00222336710431,-0.000802604481578,-0.0060683763586,0.0170593764633,-0.00504970457405,-0.00365621340461,0.00420842971653],[-0.000144527803059,-0.000346481392626,-0.00138058851007,0.00133463356178,0.000539554399438,-0.0030307660345,-0.00154337857384,0.00386499427259,-0.00375375105068,-0.00504970457405,0.0190856270492,-0.0076560806483,0.00115807098337],[0.0000463950818812,0.000491687562317,0.000431797729107,-0.0025578327477,0.00103740545455,0.00214553950354,-0.00228889659047,-0.00120318320114,0.00565828476101,-0.00365621340461,-0.0076560806483,0.0245290156454,-0.00953558459878],[0.000112044137495,-0.000431723223301,0.000189418758964,0.00218858057633,-0.00239592813887,-0.0014289295068,0.00321612111293,-0.000947570311837,-0.00257377978414,0.00420842971653,0.00115807098337,-0.00953558459878,0.0183347165585]],"mean":[-618.91217041,104.313835144,-13.0384378433,22.6914997101,5.95259428024,9.23689937592,7.95991182327,6.89615011215,2.60910868645,-1.82265555859,-3.13425159454,-2.39634418488,-0.550072193146]},"pitch_salience":{"dmean":0.0654171556234,"dmean2":0.109111838043,"dvar":0.00341733614914,"dvar2":0.00946761667728,"max":0.996072053909,"mean":0.555666327477,"median":0.559868872166,"min":0.102696239948,"var":0.0104878097773},"silence_rate_20dB":{"dmean":0,"dmean2":0,"dvar":0,"dvar2":0,"max":1,"mean":1,"median":1,"min":1,"var":0},"silence_rate_30dB":{"dmean":0,"dmean2":0,"dvar":0,"dvar2":0,"max":1,"mean":1,"median":1,"min":1,"var":0},"silence_rate_60dB":{"dmean":0.00709402794018,"dmean2":0.0141889713705,"dvar":0.00704602757469,"dvar2":0.015790771693,"max":1,"mean":0.0786096602678,"median":0,"min":0,"var":0.0724160820246},"spectral_centroid":{"dmean":209.005706787,"dmean2":337.932861328,"dvar":58574.6835938,"dvar2":142978.609375,"max":11727.2109375,"mean":1820.20568848,"median":1898.56542969,"min":262.670806885,"var":555460.125},"spectral_complexity":{"dmean":3.90365028381,"dmean2":6.23360204697,"dvar":13.3993139267,"dvar2":32.3957939148,"max":58,"mean":30.6952342987,"median":35,"min":0,"var":187.860946655},"spectral_contrast_coeffs":{"dmean":[0.0503378733993,0.0456329882145,0.0375651195645,0.0301325637847,0.0190405473113,0.0197560042143],"dmean2":[0.0830895453691,0.0755382105708,0.0614334642887,0.0494059026241,0.0319255851209,0.0319435670972],"dvar":[0.0018608411774,0.00139589840546,0.000915524491575,0.000574379519094,0.000220473302761,0.000272561155725],"dvar2":[0.00486468477175,0.00376722845249,0.00235299114138,0.00154406484216,0.000607351772487,0.00067524285987],"max":[-0.333856523037,-0.424502968788,-0.43972671032,-0.548601508141,-0.682948172092,-0.550364136696],"mean":[-0.668785870075,-0.750084877014,-0.751663386822,-0.764619827271,-0.797809123993,-0.735078573227],"median":[-0.673160672188,-0.759676516056,-0.760362029076,-0.769142746925,-0.7971971035,-0.731694817543],"min":[-0.977695226669,-0.99667018652,-0.998769581318,-0.988530278206,-0.989187538624,-0.964235842228],"var":[0.00555187696591,0.00548496982083,0.00525908963755,0.00297962990589,0.000898678903468,0.00256117922254]},"spectral_contrast_valleys":{"dmean":[0.361302226782,0.347467929125,0.270961761475,0.224290549755,0.183273643255,0.269446253777],"dmean2":[0.604700624943,0.575027704239,0.448674738407,0.36687541008,0.290325164795,0.412922292948],"dvar":[0.0895783901215,0.0911359414458,0.0496496520936,0.0373460873961,0.0343804433942,0.0909536406398],"dvar2":[0.238809138536,0.242471367121,0.126580744982,0.0871289968491,0.0733173638582,0.192036494613],"max":[-5.16721534729,-4.69588375092,-5.19027137756,-5.66284751892,-5.47469949722,-7.34321403503],"mean":[-7.212641716,-6.98360919952,-7.1997127533,-7.36108589172,-7.09660863876,-10.1208591461],"median":[-6.82798576355,-6.70162963867,-6.84886884689,-6.91803979874,-6.48251724243,-9.52088260651],"min":[-28.1384372711,-27.8878040314,-28.0794086456,-27.6019592285,-27.4353027344,-27.4089393616],"var":[2.54962038994,2.53889942169,2.63464593887,2.76481723785,3.29158806801,3.18589186668]},"spectral_decrease":{"dmean":2.06102113154e-9,"dmean2":3.47306228221e-9,"dvar":7.93763591141e-18,"dvar2":2.20678850324e-17,"max":1.79652442438e-28,"mean":-6.960180432e-9,"median":-6.88976253826e-9,"min":-3.36670176182e-8,"var":1.74513668727e-17},"spectral_energy":{"dmean":0.00810449197888,"dmean2":0.0136287100613,"dvar":0.000119315336633,"dvar2":0.000330546463374,"max":0.134138897061,"mean":0.0291987564415,"median":0.0295928679407,"min":1.00960398754e-20,"var":0.000287947827019},"spectral_energyband_high":{"dmean":0.000521300651599,"dmean2":0.000847493472975,"dvar":0.00000112000407171,"dvar2":0.00000236709774981,"max":0.0245436653495,"mean":0.00150054087862,"median":0.00122380838729,"min":7.2910760728e-21,"var":0.00000347585068994},"spectral_energyband_low":{"dmean":0.00535337533802,"dmean2":0.00925707817078,"dvar":0.0000809598132037,"dvar2":0.000234727500356,"max":0.108289882541,"mean":0.00903142336756,"median":0.00571124022827,"min":2.42569237884e-23,"var":0.000112038600491},"spectral_energyband_middle_high":{"dmean":0.00261020916514,"dmean2":0.0041917739436,"dvar":0.00000985715632851,"dvar2":0.0000262498597294,"max":0.0445564389229,"mean":0.0105619346723,"median":0.00929902587086,"min":1.30844796484e-21,"var":0.0000574334044359},"spectral_energyband_middle_low":{"dmean":0.00367973442189,"dmean2":0.00597535213456,"dvar":0.0000480679336761,"dvar2":0.00012428064656,"max":0.102324001491,"mean":0.00907977577299,"median":0.00689625227824,"min":1.82094921076e-22,"var":0.0000724171259208},"spectral_entropy":{"dmean":0.0986471772194,"dmean2":0.152137219906,"dvar":0.0133418412879,"dvar2":0.0274703931063,"max":9.81426334381,"mean":7.74426364899,"median":7.88475465775,"min":4.76053476334,"var":0.252322673798},"spectral_flux":{"dmean":0.0201212391257,"dmean2":0.0319280438125,"dvar":0.000491793674883,"dvar2":0.00117775041144,"max":0.308341681957,"mean":0.0928784757853,"median":0.0948953181505,"min":6.52136400436e-11,"var":0.00217430340126},"spectral_kurtosis":{"dmean":1.30903625488,"dmean2":2.20644569397,"dvar":3.88460946083,"dvar2":9.88646888733,"max":56.6594619751,"mean":4.59195995331,"median":3.44390201569,"min":-1.25016152859,"var":22.9350166321},"spectral_rms":{"dmean":0.000661025056615,"dmean2":0.00109427445568,"dvar":5.69046278542e-7,"dvar2":0.00000155450163675,"max":0.0114397211,"mean":0.00500696524978,"median":0.00537318270653,"min":3.13843829397e-12,"var":0.00000341671830029},"spectral_rolloff":{"dmean":494.344726562,"dmean2":830.784179688,"dvar":588623,"dvar2":1263604.25,"max":19918.2128906,"mean":2042.89257812,"median":1873.38867188,"min":64.599609375,"var":2391111.75},"spectral_skewness":{"dmean":0.172336533666,"dmean2":0.283543586731,"dvar":0.0365197770298,"dvar2":0.0861003473401,"max":6.39732456207,"mean":1.44076013565,"median":1.30044472218,"min":-0.0723986253142,"var":0.466255187988},"spectral_spread":{"dmean":370523.09375,"dmean2":553917.6875,"dvar":333833175040,"dvar2":610897952768,"max":41813820,"mean":4304220.5,"median":4124746.75,"min":1404246,"var":4553377316860},"spectral_strongpeak":{"dmean":0.869430840015,"dmean2":1.50716400146,"dvar":1.92009735107,"dvar2":4.93346261978,"max":16.9190254211,"mean":1.41045022011,"median":0.496273994446,"min":0,"var":3.47267389297},"zerocrossingrate":{"dmean":0.0085321366787,"dmean2":0.0104765538126,"dvar":0.00011918265227,"dvar2":0.000130285086925,"max":0.517578125,"mean":0.0753276869655,"median":0.072265625,"min":0.0068359375,"var":0.00149169866927}},"metadata":{"audio_properties":{"analysis_sample_rate":44100,"bit_rate":256019,"codec":"mp3","downmix":"mix","equal_loudness":0,"length":360.045715332,"lossless":false,"md5_encoded":"c566aec3e4fdbfab78cdfe195b38222e","replay_gain":-14.608253479,"sample_rate":44100},"tags":{"album":["Fortress"],"artist":["Alter Bridge"],"date":["2013"],"file_name":"1975491.mp3","genre":["Rock"],"label":["Roadrunner Records (Warner)"],"musicbrainz_recordingid":["48e71516-8006-42e4-b9ff-102697d1e5c5"],"title":["Calm The Fire"],"tracknumber":["07"]},"version":{"essentia":"2.1-beta2","essentia_build_sha":"70f2e5ece6736b2c40cc944ad0e695b16b925413","essentia_git_sha":"v2.1_beta2","extractor":"music 1.0"}},"rhythm":{"beats_count":725,"beats_loudness":{"dmean":0.0088448850438,"dmean2":0.0147927496582,"dvar":0.0000714187481208,"dvar2":0.000202396200621,"max":0.0870968326926,"mean":0.0345431268215,"median":0.0381477586925,"min":0,"var":0.000324721244397},"beats_loudness_band_ratio":{"dmean":[0.136898934841,0.152901247144,0.0820867195725,0.101921744645,0.0633426234126,0.0297407917678],"dmean2":[0.23401285708,0.287211865187,0.14270119369,0.173474669456,0.112362332642,0.0524909980595],"dvar":[0.0151689145714,0.0169107839465,0.0105183431879,0.0119572728872,0.00606127874926,0.00162151188124],"dvar2":[0.0404916331172,0.0515403971076,0.0286203809083,0.0327534563839,0.0169425737113,0.00466500036418],"max":[0.960567474365,0.961931824684,0.893685698509,0.818432211876,0.59289509058,0.389482319355],"mean":[0.447338432074,0.168552577496,0.117895789444,0.159169211984,0.114065878093,0.0603662542999],"median":[0.471405535936,0.113173820078,0.0571962632239,0.101410128176,0.083415068686,0.05525900051],"min":[0,0,0,0,0,0],"var":[0.048020619899,0.0261410884559,0.0223933085799,0.0214873068035,0.0110219968483,0.00181829731446]},"beats_position":[0.510838985443,1.03328800201,1.55573689938,2.08979582787,2.62385487556,3.14630389214,3.64553284645,4.14476203918,4.63238096237,5.13160991669,5.630