{"lowlevel":{"average_loudness":0.364582538605,"barkbands":{"dmean":[6.97439759278e-7,0.000230946825468,0.000178285394213,0.000270445976639,0.000901778053958,0.000447241181973,0.000884171808138,0.00118581601419,0.000692087225616,0.0010797000723,0.000558909436222,0.000324902619468,0.000213520601392,0.000199500645977,0.000163019125466,0.000113634203444,0.0000834806050989,0.0000595271812927,0.0000547930139874,0.0000246658983087,0.0000133635130624,0.0000134563415486,0.00000960501802183,0.0000045123979362,0.00000428341945735,0.00000239272981162,3.45165716453e-7],"dmean2":[0.00000115901764275,0.000317758502206,0.000233738159295,0.000310795439873,0.00127326638903,0.00061011814978,0.00129973946605,0.00174743111711,0.00100645830389,0.00155741127674,0.000904139422346,0.000483323645312,0.000341602426488,0.000318383274134,0.000263285444817,0.000179642083822,0.000137263748911,0.0000972481284407,0.0000899247534107,0.0000394803573727,0.0000207610301004,0.000019378378056,0.0000141345190059,0.00000672914393363,0.0000062311542024,0.00000352890378963,4.98464544307e-7],"dvar":[4.67212076319e-12,9.21395269415e-7,3.69159835145e-7,0.00000125479721191,0.00000606364210398,0.00000142959481764,0.0000162024662131,0.0000155683210323,0.00000521105403095,0.0000085270321506,0.00000737265327189,0.00000223707388614,3.4350733813e-7,2.42269635464e-7,1.63111067764e-7,9.51006313699e-8,3.02417149101e-8,1.86305708638e-8,1.39124045617e-8,5.59310642245e-9,3.90317866916e-9,4.75489558838e-9,2.97351276934e-9,1.12595710533e-9,8.25828960771e-10,1.99539246237e-10,5.16643672288e-12],"dvar2":[1.1761707927e-11,0.00000204583557206,5.98066037583e-7,0.00000106115476228,0.0000128813098854,0.00000302083208226,0.0000385000748793,0.0000334955911967,0.0000132594859679,0.0000200648628379,0.0000241645193455,0.00000453083885077,8.27612097964e-7,5.58310546239e-7,4.11186221072e-7,2.24956380634e-7,8.06200048942e-8,4.72890100411e-8,3.61715351005e-8,1.25559944664e-8,9.34730337576e-9,9.42742151011e-9,6.0888272202e-9,2.36793606945e-9,1.54821466758e-9,4.14281331462e-10,1.06919464601e-11],"max":[0.0000872663367772,0.0343699380755,0.0377207919955,0.0831141769886,0.0999539345503,0.0478909797966,0.146116271615,0.112252309918,0.063902027905,0.0822682455182,0.0946500152349,0.0872516110539,0.0179266035557,0.0133566055447,0.00978084560484,0.0141707519069,0.00361625454389,0.00383186340332,0.00359034258872,0.00274795736186,0.00261485925876,0.00256499927491,0.00263560563326,0.00216412404552,0.00139645754825,0.000505968579091,0.0000733889537514],"mean":[0.00000142910312206,0.000881160260178,0.000612964038737,0.000951749156229,0.00225343601778,0.0015705046244,0.0020018434152,0.00238750595599,0.0013023999054,0.00219614431262,0.000891594798304,0.000553428952117,0.00035855040187,0.00035116248182,0.00028148596175,0.000205267526326,0.000165450444911,0.000118613294035,0.000110050350486,0.0000521111578564,0.0000277786293736,0.0000298689974443,0.0000191741401068,0.00000876343165146,0.00000751841162128,0.00000418490662923,6.0271656821e-7],"median":[2.50006763736e-7,0.0000482449831907,0.000112004010589,0.0000730973843019,0.000668607710395,0.000357832323061,0.000634332420304,0.000525625422597,0.000289083400276,0.000638630473986,0.000177564637852,0.00015169433027,0.000112660993182,0.000133430978167,0.0000885539557203,0.0000789622572483,0.0000672661335557,0.0000484360534756,0.0000467837853648,0.0000234940653172,0.0000119424385048,0.0000107307314465,0.00000507101094627,0.00000335073514179,0.00000160784065883,6.19455136075e-7,1.61407072596e-7],"min":[6.03762878243e-25,3.58644408734e-24,6.47455665112e-25,1.92475296392e-24,7.23483347726e-24,1.32485639158e-23,6.23599081527e-24,1.55904189975e-23,1.19243543901e-23,1.17002508399e-23,1.88503283126e-23,1.9562590824e-23,3.70357857217e-23,3.87691718768e-23,5.01732827552e-23,3.74273100107e-23,4.02284761991e-23,8.66373115591e-23,1.31891560632e-22,2.07102947731e-22,2.20600547146e-22,2.84202148396e-22,4.32735973068e-22,6.09582785557e-22,9.32583940549e-22,1.2921977836e-21,1.997963287e-21],"var":[2.47864073016e-11,0.00000560548960493,0.00000312492124976,0.0000150238483911,0.0000221801219595,0.00000856011411088,0.000026312936825,0.0000372878057533,0.0000109857692223,0.0000202497503778,0.0000107044970719,0.00000384736176784,7.57461748435e-7,6.38180097212e-7,3.18938447208e-7,1.88752181884e-7,7.65360468336e-8,3.97679649211e-8,3.4452853015e-8,1.09636264511e-8,6.47464659664e-9,1.04670156986e-8,5.61825208578e-9,1.67902258763e-9,1.57713575533e-9,3.17345177914e-10,7.80783510762e-12]},"barkbands_crest":{"dmean":1.89509773254,"dmean2":2.87701749802,"dvar":3.97792267799,"dvar2":8.90184116364,"max":26.3884544373,"mean":10.499994278,"median":9.50430870056,"min":2.59993076324,"var":20.2606754303},"barkbands_flatness_db":{"dmean":0.0142258461565,"dmean2":0.0208204723895,"dvar":0.000230789504712,"dvar2":0.000449424260296,"max":0.375738352537,"mean":0.167658224702,"median":0.164150521159,"min":0.039944306016,"var":0.00217253318988},"barkbands_kurtosis":{"dmean":1.87298965454,"dmean2":2.83793997765,"dvar":17.2513446808,"dvar2":36.1806182861,"max":198.930923462,"mean":3.89901304245,"median":1.83295893669,"min":-1.94828796387,"var":67.5693359375},"barkbands_skewness":{"dmean":0.353712946177,"dmean2":0.521307110786,"dvar":0.14810860157,"dvar2":0.3098513484,"max":12.2537622452,"mean":1.23768246174,"median":1.10491573811,"min":-3.74214434624,"var":1.21349823475},"barkbands_spread":{"dmean":2.46818733215,"dmean2":3.69803142548,"dvar":12.7170467377,"dvar2":23.9676170349,"max":148.178695679,"mean":13.1216897964,"median":11.546869278,"min":0.512484669685,"var":94.0710525513},"dissonance":{"dmean":0.0242831688374,"dmean2":0.0406755022705,"dvar":0.000605887325946,"dvar2":0.00165784289129,"max":0.499754339457,"mean":0.433620095253,"median":0.441375046968,"min":0.176298737526,"var":0.00183222198393},"dynamic_complexity":5.2101650238,"erbbands":{"dmean":[0.0027691940777,0.064509563148,0.212459802628,0.482906460762,1.41868591309,3.4782807827,4.45258283615,3.99271869659,9.85122489929,20.8791046143,21.2198219299,17.5423469543,33.2659263611,19.7825775146,25.3769245148,12.7777109146,10.4125471115,9.97974777222,9.049700737,5.9601354599,4.86260080338,3.86397242546,3.29650473595,3.32593631744,1.85467886925,1.24884355068,0.591841936111,0.468318343163,0.457223653793,0.453187257051,0.241227567196,0.113032437861,0.0734576508403,0.0512159690261,0.0297140702605,0.0126397861168,0.00419477000833,0.000777258654125,0.0000538708736713,0.00000593669938098],"dmean2":[0.00386314210482,0.0886259078979,0.278420835733,0.570446550846,1.86661612988,4.94361686707,6.41186523438,5.27262163162,14.0556898117,31.1215991974,31.3619174957,25.0346641541,47.5116500854,30.1594619751,40.9486808777,19.0228042603,16.5627498627,15.8299541473,14.5290718079,9.48605060577,7.65082454681,6.27636766434,5.3467874527,5.5516705513,3.0188896656,2.02045226097,0.927697896957,0.717761099339,0.655514478683,0.686418056488,0.353882282972,0.166098415852,0.110854677856,0.0759790688753,0.0423761419952,0.0186806060374,0.00616801995784,0.00113180256449,0.0000772433922975,0.00000836032540974],"dvar":[0.000133058085339,0.0711845010519,0.573833227158,2.64582681656,20.583234787,113.947715759,175.797164917,109.328849792,1554.34729004,5590.42089844,6624.40478516,2741.55883789,9199.91503906,4081.32202148,17718.3554688,3705.0769043,769.220275879,713.524780273,458.430480957,187.016616821,235.96546936,69.969619751,47.717300415,54.1070327759,26.2359027863,13.8957805634,5.64398813248,6.39924764633,5.39027738571,6.06666660309,2.05020308495,0.683166444302,0.323803454638,0.126686573029,0.037220556289,0.00610722275451,0.000528971140739,0.0000227889358939,1.10301506595e-7,1.80082226908e-10],"dvar2":[0.000257857725956,0.156689018011,0.940208315849,2.572920084,33.3155860901,238.78453064,384.467071533,202.409591675,3269.81665039,13013.2148438,14634.5390625,6089.98095703,21985.8398438,9552.87988281,58336.40625,6842.2109375,1825.50024414,1653.49951172,1150.0826416,414.395141602,568.81237793,187.508956909,122.443328857,143.698425293,66.3111877441,31.7034549713,13.4869146347,14.3738889694,10.2982168198,13.6623353958,3.988260746,1.40422213078,0.728267192841,0.235657036304,0.0728083848953,0.0125694032758,0.00110796059016,0.0000459779403172,2.2162120672e-7,3.83807957638e-10],"max":[0.868003547192,10.6413326263,51.2088661194,112.686935425,308.66708374,400.178436279,470.814178467,522.571289062,1295.55078125,2727.87939453,3158.32397461,1693.0949707,2770.90844727,2862.76171875,5096.56201172,4518.22460938,948.377258301,784.694030762,523.119567871,523.260864258,922.682922363,244.622787476,190.378738403,140.943893433,144.661315918,144.539031982,98.4201126099,113.421638489,99.5220184326,89.0154876709,76.3916854858,55.3269500732,34.0506210327,16.9135856628,8.17249393463,2.83527994156,0.837621450424,0.180290564895,0.0100109390914,0.000370556401322],"mean":[0.0118468534201,0.244968935847,0.779603004456,1.75745761395,4.29202890396,8.26089572906,11.3963413239,14.8544683456,25.7095317841,41.6577720642,44.9559707642,36.8264694214,68.1863632202,38.1736602783,42.2708740234,23.8236064911,18.8578987122,18.6147632599,16.9865226746,11.9091310501,9.92629623413,8.52014541626,7.34050035477,6.7554974556,3.99907302856,2.73100280762,1.34961533546,1.00090110302,0.994687199593,0.950209498405,0.485787600279,0.2285117805,0.127746269107,0.0909662544727,0.0490497425199,0.0213078726083,0.00718979071826,0.00127007777337,0.000105099628854,0.0000241236102738],"median":[0.000563810928725,0.0171348769218,0.128955036402,0.285769701004,0.669004619122,1.91069614887,2.99779367447,3.3267621994,8.1251001358,12.64153862,10.4313163757,10.7140827179,18.120508194,10.4247350693,8.93927288055,7.58019113541,7.039498806,7.76207208633,6.14472818375,5.36792373657,4.21560239792,3.57579541206,3.17726635933,3.08495283127,1.59941363335,1.25851380825,0.624879181385,0.417901754379,0.346729755402,0.291371792555,0.148872300982,0.0868180245161,0.0393942147493,0.0207824464887,0.00969771575183,0.00361901056021,0.000984079786576,0.000187804864254,0.0000313882264891,0.0000144399173223],"min":[1.27685833913e-22,6.93000042631e-22,2.03147379533e-21,4.16497474545e-21,1.25869650431e-20,3.11751383551e-20,4.29821851717e-20,1.23319963129e-19,1.16330429124e-19,2.02865670412e-19,3.94164357332e-19,4.46242071885e-19,6.08059330914e-19,7.0978114296e-19,1.10394624992e-18,9.82077109891e-19,1.99570206116e-18,1.74318532685e-18,3.00541537872e-18,3.64515376254e-18,2.7051641192e-18,3.02543273595e-18,5.37870843231e-18,7.57837565494e-18,7.98761085529e-18,9.90486662268e-18,8.48951509967e-18,1.1283383793e-17,9.64473320929e-18,9.396627002e-18,1.20446984949e-17,1.20935302752e-17,9.93849565049e-18,8.14341032367e-18,5.67011878544e-18,4.51241954758e-18,2.1123318392e-18,9.78337219547e-19,2.47150581038e-19,2.75896399794e-20],"var":[0.00167673698161,0.418784886599,5.16885900497,30.9158420563,156.830810547,402.014556885,576.173461914,911.842712402,3580.46240234,9826.44042969,17654.6679688,7009.66943359,22102.6503906,8742.50683594,27908.1640625,6762.07568359,1776.09631348,1811.29418945,1039.53515625,471.641204834,476.985931396,202.684066772,131.298950195,127.044013977,63.0712432861,25.9965400696,10.5795955658,11.5234661102,12.9279880524,10.4652299881,3.87548041344,1.02690935135,0.453779608011,0.261616259813,0.0625958815217,0.00941524468362,0.000851874821819,0.0000377125870727,1.78678178031e-7,7.79939557383e-10]},"erbbands_crest":{"dmean":2.44403028488,"dmean2":3.83210277557,"dvar":6.22908496857,"dvar2":14.1900863647,"max":33.9997253418,"mean":11.2248249054,"median":9.81330299377,"min":2.34506893158,"var":28.7434883118},"erbbands_flatness_db":{"dmean":0.013544051908,"dmean2":0.0198755227029,"dvar":0.000219355075387,"dvar2":0.00041620832053,"max":0.427075475454,"mean":0.211824044585,"median":0.209772869945,"min":0.0188662521541,"var":0.00216264417395},"erbbands_kurtosis":{"dmean":1.169085145,"dmean2":1.80895614624,"dvar":9.13915061951,"dvar2":17.3599033356,"max":148.512634277,"mean":1.65165805817,"median":0.381814599037,"min":-1.73990249634,"var":33.5083198547},"erbbands_skewness":{"dmean":0.310698926449,"dmean2":0.471467375755,"dvar":0.101476281881,"dvar2":0.214552462101,"max":6.93977594376,"mean":0.69369071722,"median":0.602651119232,"min":-3.31957983971,"var":0.553276360035},"erbbands_spread":{"dmean":3.84136676788,"dmean2":5.79482746124,"dvar":20.0703582764,"dvar2":40.6904792786,"max":150.342025757,"mean":22.6385307312,"median":21.1971321106,"min":0.570321500301,"var":174.531585693},"gfcc":{"cov":[[20108.0488281,1781.82580566,-2669.07641602,363.31539917,-1234.20166016,-108.582855225,-550.982116699,41.778553009,-186.81803894,-37.8970680237,-202.434768677,146.817855835,-121.099990845],[1781.82580566,1350.81481934,26.4755725861,-34.2030487061,267.1199646,-27.2655944824,123.939788818,-17.9330101013,43.9333381653,-46.4038200378,34.9640312195,-1.84084570408,55.9556655884],[-2669.07641602,26.4755725861,1024.22631836,45.0992889404,314.36807251,119.428092957,92.5977249146,-48.4002799988,-27.0090332031,1.78086924553,-23.1443099976,25.9424591064,-16.5554599762],[363.31539917,-34.2030487061,45.0992889404,450.072387695,147.788009644,73.3701477051,9.5391664505,32.3923568726,-8.43471908569,-32.2940864563,22.6941833496,-18.9484920502,0.316179990768],[-1234.20166016,267.1199646,314.36807251,147.788009644,443.786437988,77.7061843872,117.883621216,41.3020744324,34.1208610535,0.210442021489,27.2865810394,-17.2346324921,28.009759903],[-108.582855225,-27.2655944824,119.428092957,73.3701477051,77.7061843872,181.532058716,90.5007553101,49.6068229675,11.5825023651,-10.5426912308,-19.0401916504,-29.9660701752,-13.6043100357],[-550.982116699,123.939788818,92.5977249146,9.5391664505,117.883621216,90.5007553101,199.6068573,79.1138000488,52.7344551086,-8.04848480225,10.5966911316,-28.5210018158,4.40937185287],[41.778553009,-17.9330101013,-48.4002799988,32.3923568726,41.3020744324,49.6068229675,79.1138000488,137.587615967,65.0052642822,12.4013814926,8.49051475525,-32.2346458435,-3.57505774498],[-186.81803894,43.9333381653,-27.0090332031,-8.43471908569,34.1208610535,11.5825023651,52.7344551086,65.0052642822,130.625167847,39.2048988342,22.6629505157,-10.6810951233,4.29679298401],[-37.8970680237,-46.4038200378,1.78086924553,-32.2940864563,0.210442021489,-10.5426912308,-8.04848480225,12.4013814926,39.2048988342,107.609909058,46.6061706543,23.2164649963,-3.56262946129],[-202.434768677,34.9640312195,-23.1443099976,22.6941833496,27.2865810394,-19.0401916504,10.5966911316,8.49051475525,22.6629505157,46.6061706543,114.205986023,36.5995941162,23.1127185822],[146.817855835,-1.84084570408,25.9424591064,-18.9484920502,-17.2346324921,-29.9660701752,-28.5210018158,-32.2346458435,-10.6810951233,23.2164649963,36.5995941162,109.28162384,32.4970283508],[-121.099990845,55.9556655884,-16.5554599762,0.316179990768,28.009759903,-13.6043100357,4.40937185287,-3.57505774498,4.29679298401,-3.56262946129,23.1127185822,32.4970283508,97.0583496094]],"icov":[[0.00043118672329,-0.001154532074,0.000878323568031,-0.000936856551562,0.00130620389245,-0.00105405971408,0.00109046942089,-0.00117212440819,0.00095621868968,-0.00122597278096,0.00162517512217,-0.00153587921523,0.000778960355092],[-0.001154532074,0.00410671392456,-0.00211829016916,0.00277432845905,-0.00428428361192,0.00317471195012,-0.00351754645817,0.00386837287806,-0.00294136046432,0.00394531246275,-0.00458352034912,0.00408445484936,-0.0021958311554],[0.000878323568031,-0.00211829016916,0.00338499154896,-0.00164566515014,0.00132197269704,-0.00283606234007,0.00175006187055,-0.00119964999612,0.00209813006222,-0.00267178588547,0.00384703907184,-0.00394401559606,0.00221061729826],[-0.000936856551562,0.00277432845905,-0.00164566515014,0.00512588908896,-0.00422435486689,0.000986497150734,-0.00106445560232,0.00198825192638,-0.0019291206263,0.00428277347237,-0.0049392990768,0.00344673334621,-0.00132202636451],[0.00130620389245,-0.00428428361192,0.00132197269704,-0.00422435486689,0.00860532931983,-0.00312094553374,0.00215242034756,-0.00421447912231,0.00280755222775,-0.0045136641711,0.00451539969072,-0.00363468192518,0.00101683812682],[-0.00105405971408,0.00317471195012,-0.00283606234007,0.000986497150734,-0.00312094553374,0.011502135545,-0.00634942157194,0.00150729040615,-0.00139022991061,0.00230054371059,-0.00220994092524,0.00434169033542,-0.00155697669834],[0.00109046942089,-0.00351754645817,0.00175006187055,-0.00106445560232,0.00215242034756,-0.00634942157194,0.0129093388095,-0.00682597793639,0.000775171036366,-0.000818009139039,0.00214196043089,-0.00318303052336,0.00183277379256],[-0.00117212440819,0.00386837287806,-0.00119964999612,0.00198825192638,-0.00421447912231,0.00150729040615,-0.00682597793639,0.0166332181543,-0.00715929828584,0.00278224004433,-0.00445037102327,0.00595791079104,-0.00206943531521],[0.00095621868968,-0.00294136046432,0.00209813006222,-0.0019291206263,0.00280755222775,-0.00139022991061,0.000775171036366,-0.00715929828584,0.0141480686143,-0.00690210284665,0.00361268827692,-0.00270714540966,0.00111539696809],[-0.00122597278096,0.00394531246275,-0.00267178588547,0.00428277347237,-0.0045136641711,0.00230054371059,-0.000818009139039,0.00278224004433,-0.00690210284665,0.0181878432631,-0.0103152757511,0.00250880746171,0.0000803807051852],[0.00162517512217,-0.00458352034912,0.00384703907184,-0.0049392990768,0.00451539969072,-0.00220994092524,0.00214196043089,-0.00445037102327,0.00361268827692,-0.0103152757511,0.01962993294,-0.00909424666315,0.00130026100669],[-0.00153587921523,0.00408445484936,-0.00394401559606,0.00344673334621,-0.00363468192518,0.00434169033542,-0.00318303052336,0.00595791079104,-0.00270714540966,0.00250880746171,-0.00909424666315,0.0186290927231,-0.00679331785068],[0.000778960355092,-0.0021958311554,0.00221061729826,-0.00132202636451,0.00101683812682,-0.00155697669834,0.00183277379256,-0.00206943531521,0.00111539696809,0.0000803807051852,0.00130026100669,-0.00679331785068,0.0141696017236]],"mean":[-82.7409439087,109.226501465,-137.510269165,-4.88426542282,-62.7462806702,-3.1530687809,-34.0454063416,2.582675457,-21.0501594543,-2.49109244347,-15.68197155,-2.74960637093,-13.5181493759]},"hfc":{"dmean":3.02172756195,"dmean2":4.29020404816,"dvar":38.7182655334,"dvar2":86.5667648315,"max":172.323104858,"mean":11.8129606247,"median":6.88958597183,"min":1.07827320655e-16,"var":209.376586914},"melbands":{"dmean":[0.000045122251322,0.00010294833919,0.000113946349302,0.00015409423213,0.000174053333467,0.0000889832735993,0.000160252675414,0.00024023973674,0.000169005827047,0.000102922102087,0.000167531339685,0.0000809047051007,0.000082325139374,0.000046289897,0.0000247783827945,0.0000199927271751,0.0000207213415706,0.0000145442709254,0.0000102122385215,0.00000909759000933,0.00000547472927792,0.00000407609877584,0.00000501032127431,0.00000252347763308,0.00000312714269057,0.00000137578058457,0.00000110547512122,8.65254719429e-7,4.14190623133e-7,3.71371982055e-7,2.73235059467e-7,2.71142738484e-7,2.90525889568e-7,2.49283232279e-7,1.61409531074e-7,9.94262592258e-8,6.20716917865e-8,5.2957769725e-8,5.10933553244e-8,4.4048750425e-8],"dmean2":[0.0000621960498393,0.000137086535688,0.000135881622555,0.000214884974412,0.000249050877756,0.000119123084005,0.000229577432037,0.000356375880074,0.0002478279348,0.000148096558405,0.00023951617186,0.000123763893498,0.000132166533149,0.0000716999784345,0.0000373113252863,0.0000322970408888,0.0000329220601998,0.0000233798036788,0.0000164458306244,0.0000145493040691,0.0000086998761617,0.00000664837079967,0.00000828362408356,0.00000409280710301,0.00000525374343852,0.00000226040037887,0.00000177078766228,0.00000140770157486,6.61321735151e-7,5.90660079069e-7,4.15885722305e-7,4.03059914333e-7,4.33428823499e-7,3.81053467891e-7,2.41581687987e-7,1.44269364455e-7,9.34702057975e-8,8.12536100625e-8,7.64738530279e-8,6.5708064767e-8],"dvar":[3.53229125949e-8,1.42779370549e-7,1.67969957943e-7,1.50732319071e-7,2.67145878752e-7,5.21530623132e-8,4.69548183446e-7,6.51438654131e-7,4.35187160974e-7,9.52033261115e-8,2.35704646911e-7,7.59258682592e-8,1.43266234431e-7,4.74717403165e-8,8.05176636476e-9,3.42498629458e-9,2.89402257714e-9,1.10712050638e-9,6.97440827313e-10,4.97322849569e-10,2.99822999761e-10,8.30003774044e-11,1.25760943326e-10,4.7812993148e-11,4.89963347672e-11,1.59402525901e-11,1.11380219284e-11,6.62057257975e-12,2.20958949922e-12,2.96544538057e-12,2.23965095601e-12,1.74389506741e-12,2.64809723628e-12,1.66397744108e-12,8.22404048074e-13,4.21302424371e-13,2.34632761354e-13,1.78812476978e-13,1.10170424487e-13,9.52691633807e-14],"dvar2":[7.67413794733e-8,2.64330964228e-7,1.70976420577e-7,3.1909243603e-7,5.66683922898e-7,1.01735672331e-7,0.00000102167894056,0.00000145870831147,9.75605416897e-7,2.22466709943e-7,5.64924334867e-7,1.78577536758e-7,4.58587578578e-7,1.28399307187e-7,1.50746615191e-8,8.4810762857e-9,6.78115075203e-9,2.66419264427e-9,1.74999825742e-9,1.1203865613e-9,7.2953088015e-10,2.19673723656e-10,3.45813044866e-10,1.21907386963e-10,1.31279154214e-10,3.99562397058e-11,2.63661419087e-11,1.55091165605e-11,5.27421812821e-12,7.18991316137e-12,4.9219261479e-12,3.33114352075e-12,6.03930057005e-12,3.7871927816e-12,1.67074600682e-12,8.45557564938e-13,5.04449943189e-13,4.17899682957e-13,2.29437671119e-13,1.7805365743e-13],"max":[0.0091906376183,0.0229738764465,0.0304294992238,0.0109600620344,0.0216165725142,0.0106525523588,0.019836705178,0.0243580751121,0.0259381067008,0.00918111298233,0.0143412081525,0.0126018561423,0.0131237842143,0.0084088658914,0.00616740249097,0.00161533697974,0.00142739329021,0.00072950089816,0.000879509490915,0.000689879001584,0.00100142601877,0.000270841701422,0.000261659792159,0.000242202397203,0.000139682815643,0.000173819251359,0.000117878400488,0.0000916460048757,0.0000479470254504,0.0000928824811126,0.0000693384426995,0.0000623762607574,0.0000716178619768,0.0000453849315818,0.0000455469998997,0.0000378393015126,0.0000327502748405,0.0000253794678429,0.0000179941816896,0.0000128217589008],"mean":[0.000179332098924,0.000388924963772,0.000409484317061,0.000413417903474,0.000439693918452,0.000319287006278,0.000402163597755,0.000475146953249,0.000357424432877,0.000206185519346,0.000336917641107,0.000149068408064,0.000135304580908,0.0000785922675277,0.0000459302973468,0.0000341878076142,0.0000358867109753,0.0000268489511654,0.0000185143017006,0.0000161738353199,0.000010535385627,0.0000084622988652,0.00000932537477638,0.00000506959895574,0.00000581014091949,0.00000268337180387,0.00000229071815738,0.00000171201179455,8.60235331857e-7,7.0277769737e-7,5.31937530468e-7,5.57653720534e-7,5.81996971505e-7,4.94498863191e-7,3.02571123711e-7,1.83200597803e-7,1.15987390359e-7,8.50816164188e-8,8.77165931001e-8,7.35875147484e-8],"median":[0.00000923525203689,0.0000611055656918,0.0000641566657578,0.000107725456473,0.000119915886899,0.0000723220509826,0.00012410171621,0.000136858245241,0.0000805264207884,0.0000556411287107,0.0000851082368172,0.0000370267880498,0.0000271469380095,0.0000206515560421,0.0000169235190697,0.0000118817924886,0.0000134160709422,0.0000100580391518,0.00000661680178382,0.00000684972656018,0.00000390356444768,0.00000321058928421,0.00000320224580719,0.00000198118755179,0.00000219840990212,9.8064026588e-7,8.45833426411e-7,7.28511167836e-7,3.05458286221e-7,3.06945622697e-7,1.7630607374e-7,1.91493711554e-7,1.66953384451e-7,1.35514582666e-7,8.63142659568e-8,5.74732332836e-8,4.27775006528e-8,2.33948984629e-8,2.45172682156e-8,1.26844001969e-8],"min":[1.28316598021e-24,8.62314800942e-25,1.143579311e-24,1.25523182391e-24,1.44563760288e-24,2.84567273455e-24,1.95377200118e-24,2.52674435639e-24,2.52036799369e-24,1.83350187314e-24,3.11720260243e-24,2.24407143379e-24,3.18306676877e-24,3.64856057274e-24,1.99921453084e-24,3.18240018131e-24,2.95669189075e-24,4.43052446706e-24,4.55331895e-24,3.7866274028e-24,2.50077406931e-24,1.91288100172e-24,4.82235720071e-24,4.66832698137e-24,5.43256635445e-24,4.70632443903e-24,5.1090840795e-24,4.70539239987e-24,5.27594236045e-24,5.51661593403e-24,5.19312458718e-24,4.84819988954e-24,5.59865115728e-24,4.74082329856e-24,6.34908349237e-24,6.39463271547e-24,6.16407983288e-24,6.28276592822e-24,6.07130900156e-24,6.83918423455e-24],"var":[2.63610758111e-7,0.00000110533244424,0.00000185016267551,6.72834971738e-7,9.21848311464e-7,3.86519246831e-7,9.68632662079e-7,0.00000126249938148,0.0000011713124195,2.26936933245e-7,5.59717250326e-7,1.56398073159e-7,2.37789521407e-7,8.18771042077e-8,1.71865828236e-8,6.26898843947e-9,7.18462800364e-9,2.62479105118e-9,1.32337241165e-9,1.03379727001e-9,6.33112395843e-10,2.28481497611e-10,2.85268864086e-10,9.20029885609e-11,1.10246534124e-10,3.21054016705e-11,2.55251549064e-11,1.12781312067e-11,4.51269403789e-12,4.52738020684e-12,4.13046897033e-12,4.27316602242e-12,4.24222462714e-12,2.95086698132e-12,1.50763884883e-12,6.90868152617e-13,3.11640741425e-13,2.27136289378e-13,1.93441007028e-13,2.00071757122e-13]},"melbands_crest":{"dmean":2.32901096344,"dmean2":3.47165775299,"dvar":5.97259521484,"dvar2":13.1552028656,"max":34.4370880127,"mean":13.7553310394,"median":12.8405981064,"min":1.44256305695,"var":30.1731624603},"melbands_flatness_db":{"dmean":0.0153594845906,"dmean2":0.0217125639319,"dvar":0.000285674643237,"dvar2":0.000536355888471,"max":0.526042282581,"mean":0.226108774543,"median":0.226178839803,"min":0.00314535805956,"var":0.00418682768941},"melbands_kurtosis":{"dmean":3.02823781967,"dmean2":4.5955080986,"dvar":56.7776947021,"dvar2":143.650543213,"max":426.907989502,"mean":7.73543357849,"median":3.72213888168,"min":-1.73671710491,"var":446.877288818},"melbands_skewness":{"dmean":0.406094133854,"dmean2":0.595584452152,"dvar":0.209071412683,"dvar2":0.452715337276,"max":15.8761453629,"mean":1.68831396103,"median":1.46266591549,"min":-4.24208545685,"var":2.17272996902},"melbands_spread":{"dmean":3.54024767876,"dmean2":5.35223340988,"dvar":28.5411949158,"dvar2":62.7291641235,"max":154.715896606,"mean":17.7551574707,"median":14.9548501968,"min":0.704750835896,"var":218.520858765},"mfcc":{"cov":[[10470.4023438,636.50201416,-809.286865234,391.620300293,-403.044311523,-88.8863449097,-372.067840576,114.064666748,-122.319831848,-54.4321250916,-159.643157959,34.3599624634,242.923538208],[636.50201416,1611.07873535,18.7193660736,49.8427200317,118.296669006,60.4793510437,84.0983047485,42.1275939941,66.320350647,-9.08937263489,-15.5514039993,20.8423290253,73.3662033081],[-809.286865234,18.7193660736,513.718994141,11.9140510559,87.9093856812,106.423171997,59.7923965454,26.6534366608,-2.57756018639,-21.7654972076,8.65402603149,-31.3850975037,-17.71509552],[391.620300293,49.8427200317,11.9140510559,322.492462158,162.46862793,59.9165077209,66.2642593384,40.8420066833,13.9112434387,-3.0608291626,-28.1201076508,38.1031188965,54.2532501221],[-403.044311523,118.296669006,87.9093856812,162.46862793,285.340423584,85.4525146484,96.4423294067,26.7541275024,47.7823638916,8.99711894989,-5.44374132156,28.9865493774,24.0842342377],[-88.8863449097,60.4793510437,106.423171997,59.9165077209,85.4525146484,156.71282959,75.2520446777,42.5276756287,20.3235301971,5.65675067902,0.815346002579,2.99676346779,5.82300281525],[-372.067840576,84.0983047485,59.7923965454,66.2642593384,96.4423294067,75.2520446777,185.107009888,62.4127655029,52.5791015625,26.8921737671,14.2803983688,22.568479538,-6.60202217102],[114.064666748,42.1275939941,26.6534366608,40.8420066833,26.7541275024,42.5276756287,62.4127655029,143.973892212,66.2416000366,35.5866699219,7.02393007278,12.9516773224,3.45634651184],[-122.319831848,66.320350647,-2.57756018639,13.9112434387,47.7823638916,20.3235301971,52.5791015625,66.2416000366,143.707275391,66.1131362915,21.0091781616,18.6088638306,-8.51423454285],[-54.4321250916,-9.08937263489,-21.7654972076,-3.0608291626,8.99711894989,5.65675067902,26.8921737671,35.5866699219,66.1131362915,115.072120667,53.6479187012,15.2325687408,-18.5517044067],[-159.643157959,-15.5514039993,8.65402603149,-28.1201076508,-5.44374132156,0.815346002579,14.2803983688,7.02393007278,21.0091781616,53.6479187012,108.408882141,29.6150150299,-7.1086435318],[34.3599624634,20.8423290253,-31.3850975037,38.1031188965,28.9865493774,2.99676346779,22.568479538,12.9516773224,18.6088638306,15.2325687408,29.6150150299,107.693572998,56.3783874512],[242.923538208,73.3662033081,-17.71509552,54.2532501221,24.0842342377,5.82300281525,-6.60202217102,3.45634651184,-8.51423454285,-18.5517044067,-7.1086435318,56.3783874512,132.727478027]],"icov":[[0.000163712058566,-0.0000863438908709,0.00021385018772,-0.000362765684258,0.000355596566806,-0.000190864302567,0.000366601190763,-0.000251249206485,0.000107219129859,-0.0000545051480003,0.000090326917416,0.0000463819451397,-0.000122058074339],[-0.0000863438908709,0.000724330719095,-0.0000586885398661,0.000320590683259,-0.000397032737965,0.0000160358431458,-0.000404065620387,0.000128446947201,-0.000374874158297,0.000240365756326,-0.0000335302283929,0.000183790849405,-0.000403644400649],[0.00021385018772,-0.0000586885398661,0.00276552629657,-0.000076502081356,-0.00021869581542,-0.00163676880766,0.000304070184939,-0.000667045358568,0.000359557277989,0.000808396027423,-0.000673434697092,0.000972658453975,-0.000127750725369],[-0.000362765684258,0.000320590683259,-0.000076502081356,0.00586771918461,-0.0034746164456,0.0000502155235154,-0.00119560642634,-0.000579250743613,0.000871073571034,-0.000411187153077,0.00122527230997,-0.000711089407559,-0.000971962581389],[0.000355596566806,-0.000397032737965,-0.00021869581542,-0.0034746164456,0.00725934514776,-0.00186091929208,-0.000723325938452,0.00113052071538,-0.00167050946038,0.000180893694051,0.000336157012498,-0.000481916737044,-0.000200481488719],[-0.000190864302567,0.0000160358431458,-0.00163676880766,0.0000502155235154,-0.00186091929208,0.00997505709529,-0.00277550984174,-0.00123047234956,0.000553579709958,-0.000129261738039,-0.000107666790427,0.000664548366331,-0.000375085743144],[0.000366601190763,-0.000404065620387,0.000304070184939,-0.00119560642634,-0.000723325938452,-0.00277550984174,0.00949021801353,-0.00260975467972,-0.000640397774987,-0.000135381327709,-0.000261076871539,-0.00147592427675,0.00142765115015],[-0.000251249206485,0.000128446947201,-0.000667045358568,-0.000579250743613,0.00113052071538,-0.00123047234956,-0.00260975467972,0.0107904141769,-0.00410827808082,-0.000935288611799,0.000514377781656,-0.0000630137583357,-0.000365323765436],[0.000107219129859,-0.000374874158297,0.000359557277989,0.000871073571034,-0.00167050946038,0.000553579709958,-0.000640397774987,-0.00410827808082,0.0124549558386,-0.00595018174499,0.00143437448423,-0.00110644404776,0.000570971518755],[-0.0000545051480003,0.000240365756326,0.000808396027423,-0.000411187153077,0.000180893694051,-0.000129261738039,-0.000135381327709,-0.000935288611799,-0.00595018174499,0.0159735511988,-0.00684474641457,0.000256584899034,0.00160872843117],[0.000090326917416,-0.0000335302283929,-0.000673434697092,0.00122527230997,0.000336157012498,-0.000107666790427,-0.000261076871539,0.000514377781656,0.00143437448423,-0.00684474641457,0.0141159258783,-0.0044005131349,0.000940360245295],[0.0000463819451397,0.000183790849405,0.000972658453975,-0.000711089407559,-0.000481916737044,0.000664548366331,-0.00147592427675,-0.0000630137583357,-0.00110644404776,0.000256584899034,-0.0044005131349,0.0149038750678,-0.00638096639886],[-0.000122058074339,-0.000403644400649,-0.000127750725369,-0.000971962581389,-0.000200481488719,-0.000375085743144,0.00142765115015,-0.000365323765436,0.000570971518755,0.00160872843117,0.000940360245295,-0.00638096639886,0.0115166325122]],"mean":[-718.328430176,151.384613037,-24.290555954,1.43152427673,-13.5767555237,-6.17914485931,-9.82331752777,-0.553730428219,-5.53162908554,0.170646458864,-0.310195028782,-5.88290786743,-3.79109120369]},"pitch_salience":{"dmean":0.0510557703674,"dmean2":0.0790540799499,"dvar":0.00233062542975,"dvar2":0.00549297267571,"max":0.917091190815,"mean":0.539203822613,"median":0.54614508152,"min":0.0767825916409,"var":0.0130138518289},"silence_rate_20dB":{"dmean":0,"dmean2":0,"dvar":0,"dvar2":0,"max":1,"mean":1,"median":1,"min":1,"var":0},"silence_rate_30dB":{"dmean":0.0044580665417,"dmean2":0.0089173745364,"dvar":0.00443819211796,"dvar2":0.00967385899276,"max":1,"mean":0.992617368698,"median":1,"min":0,"var":0.00732814054936},"silence_rate_60dB":{"dmean":0.0381721928716,"dmean2":0.0763550251722,"dvar":0.0367150753736,"dvar2":0.0777703002095,"max":1,"mean":0.209499925375,"median":0,"min":0,"var":0.165609702468},"spectral_centroid":{"dmean":129.063156128,"dmean2":194.767929077,"dvar":43791.65625,"dvar2":84888.4765625,"max":11645.15625,"mean":1087.62353516,"median":891.855712891,"min":162.963699341,"var":1113034.75},"spectral_complexity":{"dmean":1.75146281719,"dmean2":2.80507183075,"dvar":3.26283216476,"dvar2":7.12641716003,"max":38,"mean":13.3925333023,"median":13,"min":0,"var":54.991481781},"spectral_contrast_coeffs":{"dmean":[0.0390914045274,0.037552267313,0.0346653275192,0.0279541034251,0.0198208242655,0.0141202891245],"dmean2":[0.0622585006058,0.059758618474,0.054735776037,0.0456736013293,0.0322722457349,0.0223168861121],"dvar":[0.00110310525633,0.00118157698307,0.00102503772359,0.0005086340243,0.000254677230259,0.000169090242707],"dvar2":[0.00270705786534,0.00286802672781,0.00246015423909,0.00130463135429,0.000652555259876,0.000373830727767],"max":[-0.26361015439,-0.418261855841,-0.393593549728,-0.535566389561,-0.558890521526,-0.639077544212],"mean":[-0.593715310097,-0.675159931183,-0.699609160423,-0.736014604568,-0.751124083996,-0.760240018368],"median":[-0.593392372131,-0.674637317657,-0.702887773514,-0.734345257282,-0.75240623951,-0.753311991692],"min":[-0.997998476028,-0.976327002048,-0.978201508522,-0.971828937531,-0.966174662113,-0.963528752327],"var":[0.0111759966239,0.00752327172086,0.00649278005585,0.00390490051359,0.00341861718334,0.00201518926769]},"spectral_contrast_valleys":{"dmean":[0.364071071148,0.311989277601,0.280231565237,0.234243392944,0.182535767555,0.162450835109],"dmean2":[0.602427780628,0.498433917761,0.44002237916,0.371303230524,0.280742436647,0.231670603156],"dvar":[0.119313061237,0.111787341535,0.0985659211874,0.0750852227211,0.0608105957508,0.0643599703908],"dvar2":[0.276364535093,0.236022934318,0.195701912045,0.139607787132,0.101433798671,0.0961490869522],"max":[-5.71341657639,-4.84629917145,-4.52282476425,-5.73462915421,-6.52797079086,-7.68278932571],"mean":[-8.91326713562,-7.49523639679,-7.98214006424,-8.65679073334,-9.04215717316,-11.7450494766],"median":[-8.78150272369,-7.13504695892,-7.69423723221,-8.30206394196,-8.68678092957,-11.4715137482],"min":[-28.1929550171,-27.8872756958,-27.6510696411,-27.8104171753,-27.5170574188,-27.4189834595],"var":[4.64244651794,5.26564311981,4.93330335617,4.67892932892,4.47295093536,3.25172305107]},"spectral_decrease":{"dmean":1.03128494633e-9,"dmean2":1.4259922132e-9,"dvar":4.25536490042e-18,"dvar2":8.92782900728e-18,"max":7.12761549153e-16,"mean":-4.31168745152e-9,"median":-2.48068476871e-9,"min":-5.02863706231e-8,"var":2.71316316252e-17},"spectral_energy":{"dmean":0.0041398126632,"dmean2":0.00573315983638,"dvar":0.0000685178820277,"dvar2":0.000144343648572,"max":0.205422654748,"mean":0.0173447802663,"median":0.010063177906,"min":9.78444643166e-21,"var":0.000435411726357},"spectral_energyband_high":{"dmean":0.0000467750433017,"dmean2":0.0000679039803799,"dvar":5.85423336474e-8,"dvar2":1.10455182778e-7,"max":0.0113482857123,"mean":0.000123249483295,"median":0.0000568571049371,"min":6.80517047083e-21,"var":1.28362913188e-7},"spectral_energyband_low":{"dmean":0.000435489229858,"dmean2":0.000559432723094,"dvar":0.00000197012559511,"dvar2":0.00000372331078324,"max":0.073151178658,"mean":0.00181124359369,"median":0.000299822626403,"min":1.44308644643e-23,"var":0.0000161262014444},"spectral_energyband_middle_high":{"dmean":0.0016547369305,"dmean2":0.00243381108157,"dvar":0.0000184111268027,"dvar2":0.0000495700587635,"max":0.124519973993,"mean":0.00478625623509,"median":0.00239625270478,"min":1.12985157246e-21,"var":0.0000552580459043},"spectral_energyband_middle_low":{"dmean":0.00331466179341,"dmean2":0.00463254656643,"dvar":0.0000484899428557,"dvar2":0.00010326213669,"max":0.163972690701,"mean":0.0117762172595,"median":0.00627902476117,"min":1.6860385974e-22,"var":0.000229455603403},"spectral_entropy":{"dmean":0.115069277585,"dmean2":0.167727962136,"dvar":0.0175145082176,"dvar2":0.0336769223213,"max":9.82323741913,"mean":7.02128791809,"median":7.05445575714,"min":4.92776107788,"var":0.28138166666},"spectral_flux":{"dmean":0.0134472921491,"dmean2":0.0217144247144,"dvar":0.00038186807069,"dvar2":0.000940217345487,"max":0.30378484726,"mean":0.0450301431119,"median":0.0354676805437,"min":6.27645366236e-11,"var":0.00131619127933},"spectral_kurtosis":{"dmean":2.79098844528,"dmean2":4.78603076935,"dvar":9.57301902771,"dvar2":27.5830860138,"max":67.4856491089,"mean":9.80957603455,"median":7.90533781052,"min":-1.26851260662,"var":43.5102615356},"spectral_rms":{"dmean":0.00042190568638,"dmean2":0.000565360358451,"dvar":3.52715119334e-7,"dvar2":6.39881818643e-7,"max":0.0141567066312,"mean":0.00350533123128,"median":0.00313332653604,"min":3.08962794585e-12,"var":0.00000463438937004},"spectral_rolloff":{"dmean":235.374282837,"dmean2":396.112518311,"dvar":372332.71875,"dvar2":940095.4375,"max":21554.7363281,"mean":1380.21557617,"median":990.52734375,"min":107.666015625,"var":4477272},"spectral_skewness":{"dmean":0.259002268314,"dmean2":0.434476464987,"dvar":0.0625854507089,"dvar2":0.168183803558,"max":6.50725984573,"mean":2.22206687927,"median":2.07926154137,"min":-0.0959979891777,"var":0.561603844166},"spectral_spread":{"dmean":277740.21875,"dmean2":432387.875,"dvar":340424327168,"dvar2":649102753792,"max":44760360,"mean":3621450.75,"median":3124255,"min":1012760.375,"var":14334250975200},"spectral_strongpeak":{"dmean":0.414353251457,"dmean2":0.654614984989,"dvar":0.46855866909,"dvar2":1.12926995754,"max":14.6386966705,"mean":1.13323354721,"median":0.780101716518,"min":0,"var":1.2845928669},"zerocrossingrate":{"dmean":0.00522626936436,"dmean2":0.00641188072041,"dvar":0.0000726292346371,"dvar2":0.000111747649498,"max":0.66064453125,"mean":0.0502316877246,"median":0.04052734375,"min":0.00537109375,"var":0.00294632161967}},"metadata":{"audio_properties":{"analysis_sample_rate":44100,"bit_rate":0,"codec":"flac","downmix":"mix","equal_loudness":0,"length":166.666671753,"lossless":true,"md5_encoded":"4f1deac3de569867cde9296269c4ce5b","replay_gain":-8.4048576355},"tags":{"acoustid_id":["94fbae27-c31d-49ec-b595-1d1623282a09"],"album":["Greatest Kiss"],"albumartist":["KISS"],"albumartistsort":["KISS"],"artist":["KISS"],"artists":["KISS"],"artistsort":["KISS"],"asin":["B000005RYK"],"barcode":["731453429925"],"catalognumber":["534 299-2"],"composer":["Peter Criss","Bob Ezrin","Stan Penridge"],"date":["1996-11-28"],"discnumber":["1"],"disctotal":["1"],"file_name":"15 Beth.flac","genre":["Hard Rock"],"grouping":["Classic Rock"],"isrc":["USPR37609141"],"label":["Mercury"],"language":["eng"],"media":["CD"],"mood":["Melancholy; Sad; Emotional"],"musicbrainz_albumartistid":["e1f1e33e-2e4c-4d43-b91b-7064068d3283"],"musicbrainz_albumid":["7566242e-c2f6-46ab-8584-93c7da59d08c"],"musicbrainz_artistid":["e1f1e33e-2e4c-4d43-b91b-7064068d3283"],"musicbrainz_recordingid":["491367c0-b286-4d57-b6ef-886e9103ba78"],"musicbrainz_releasegroupid":["7ee95e7f-8ba2-3945-a49d-fe8f40a3db5c"],"musicbrainz_releasetrackid":["aa49b57f-6889-332b-9279-48baacd4731f"],"musicbrainz_workid":["b280b95a-4085-3bc0-b29a-d29016a0725b"],"originaldate":["1996-11-11"],"originalyear":["1996"],"performer":["Dick Wagner (acoustic guitar)","Peter Criss (lead vocals)"],"producer":["Bob Ezrin"],"releasecountry":["AT"],"releasestatus":["official"],"releasetype":["album","compilation"],"replaygain_album_gain":["-7.42 dB"],"replaygain_album_peak":["0.999969"],"replaygain_track_gain":["-1.68 dB"],"replaygain_track_peak":["0.891266"],"script":["Latn"],"title":["Beth"],"totaldiscs":["1"],"totaltracks":["20"],"tracknumber":["15"],"tracktotal":["20"],"work":["Beth"],"writer":["Peter Criss","Bob Ezrin"