{"lowlevel":{"average_loudness":0.969349443913,"barkbands":{"dmean":[0.0000209825575439,0.00182688911445,0.00101398664992,0.00136466417462,0.00111350708175,0.0010062654037,0.00097855553031,0.000851218763273,0.00119727954734,0.00100388936698,0.000704446691088,0.000864230387378,0.000659991288558,0.000749112747144,0.00074738933472,0.000373535382096,0.000325931963744,0.000321178726153,0.000192482184502,0.000218833767576,0.000106501873233,0.0000896261262824,0.0000777046006988,0.0000578734943701,0.0000487019788125,0.000024278593628,0.0000039311726141],"dmean2":[0.0000342172970704,0.00262553500943,0.00170454720501,0.0022053073626,0.00179092411418,0.00166308798362,0.00149955973029,0.00133119896054,0.00187915714923,0.00161381915677,0.00114529393613,0.00136357976589,0.00104727165308,0.0011919431854,0.00115576630924,0.000575614103582,0.000497878412716,0.000490318518132,0.000294896046398,0.000331373797962,0.000164441851666,0.000137850060128,0.000119545096823,0.0000889032089617,0.0000704449776094,0.0000347292007064,0.00000547584158994],"dvar":[3.20272897092e-9,0.0000191226408788,0.0000039804917833,0.00000453922757515,0.00000271094972959,0.00000371312466996,0.00000302369244309,0.00000270745886155,0.00000365746859643,0.00000439983250544,0.00000240166536969,0.00000328689520757,0.00000184458588137,0.00000247920524998,0.00000191165372598,6.01896374519e-7,4.14471344357e-7,2.17702080363e-7,8.67522444992e-8,1.23159452414e-7,2.11866471034e-8,1.67993281508e-8,1.51300589835e-8,1.14112914673e-8,5.89434456799e-9,1.81379300468e-9,4.65311122966e-11],"dvar2":[7.66579777434e-9,0.0000361597849405,0.0000109314314614,0.0000113054347821,0.00000692938829161,0.00000974531121756,0.00000691352897775,0.00000622156630925,0.00000887719761522,0.0000118200841825,0.00000631176953902,0.00000824980816105,0.00000475569413538,0.00000629446867606,0.00000456702719021,0.0000014254638927,9.35552861847e-7,4.7854331342e-7,1.96300391053e-7,2.7289178206e-7,4.90435887457e-8,3.98537913782e-8,3.38720589355e-8,2.56219063743e-8,1.16946754503e-8,3.86227716476e-9,9.50326345395e-11],"max":[0.00142580736428,0.0578324757516,0.0270393975079,0.0324675925076,0.0221581310034,0.0259041935205,0.0317831933498,0.0291231423616,0.0263208039105,0.0307308007032,0.027453687042,0.0299527961761,0.0243231393397,0.0249765627086,0.025233078748,0.0163090731949,0.0142556224018,0.00712315458804,0.00519243907183,0.00754770310596,0.00223260535859,0.00214573298581,0.00168028252665,0.00211369944736,0.00141738017555,0.000497455592267,0.0000977612871793],"mean":[0.0000210995294765,0.00250837253407,0.00229435530491,0.00322168902494,0.00222383229993,0.00160056422465,0.00204559066333,0.00144292716868,0.00190464581829,0.00161956856027,0.00113693485036,0.00140035583172,0.00110968609806,0.00118739774916,0.00125152722467,0.00068492180435,0.000576888618525,0.000688606116455,0.000399045937229,0.000454138353234,0.000254843500443,0.000230472694966,0.000179020382348,0.000131048931507,0.000116428040201,0.0000532671438123,0.00000760189777793],"median":[0.00000409525773648,0.000729075341951,0.00100227305666,0.00200266391039,0.00147633906454,0.000794603896793,0.000795300060418,0.000687101855874,0.000920710037462,0.000571847544052,0.000401817058446,0.000527137890458,0.000373958901037,0.000362120277714,0.000429251522291,0.000211175676668,0.000231817350141,0.000408439198509,0.000257153558778,0.000281894725049,0.00020783689979,0.000188918740605,0.000132837682031,0.0000982922501862,0.0000822789152153,0.0000353179639205,0.00000441224892711],"min":[5.65630032338e-25,8.99162198002e-24,5.63118447127e-25,1.42415208866e-24,5.27207496987e-24,9.75505474282e-24,7.43073288358e-24,1.67385965787e-23,1.40726190614e-23,2.12217293907e-23,2.57783209302e-23,2.27920343309e-23,2.99817252429e-23,4.19397016737e-23,4.46461761544e-23,2.8095896451e-23,7.18139777503e-23,1.02803987137e-22,1.18314721717e-22,1.85744393572e-22,2.57581412371e-22,3.72771916737e-22,4.12440361647e-22,6.76178145497e-22,8.71074095497e-22,1.22123220998e-21,2.11792305507e-21],"var":[3.41587780284e-9,0.00003190544885,0.00000875648311194,0.0000138144141602,0.00000562765762879,0.00000549249853066,0.0000103248967207,0.00000546767660126,0.00000671266707286,0.00000840442226036,0.00000453303209724,0.00000690479828336,0.00000432188653576,0.0000050035168897,0.00000385816883863,0.00000146938714352,9.49912873693e-7,6.53734048228e-7,2.32383925436e-7,3.04128292328e-7,4.77889550154e-8,4.04898905515e-8,3.04480529678e-8,1.93441103136e-8,1.38345281897e-8,3.69060071392e-9,9.3034240034e-11]},"barkbands_crest":{"dmean":2.17198395729,"dmean2":3.51894402504,"dvar":4.22087955475,"dvar2":10.7175798416,"max":24.4634208679,"mean":8.15389728546,"median":7.42823648453,"min":2.32784605026,"var":10.4757137299},"barkbands_flatness_db":{"dmean":0.0152415558696,"dmean2":0.0227317139506,"dvar":0.000216788015678,"dvar2":0.000439650204498,"max":0.348824441433,"mean":0.103154607117,"median":0.0932001769543,"min":0.0213219337165,"var":0.00181058538146},"barkbands_kurtosis":{"dmean":1.47033345699,"dmean2":2.22820544243,"dvar":16.5290622711,"dvar2":36.069858551,"max":208.800201416,"mean":2.19319748878,"median":0.260903120041,"min":-1.95284926891,"var":89.0212631226},"barkbands_skewness":{"dmean":0.38210183382,"dmean2":0.573652505875,"dvar":0.148860991001,"dvar2":0.314815223217,"max":11.3196573257,"mean":0.958815932274,"median":0.789951324463,"min":-2.94530248642,"var":1.17284071445},"barkbands_spread":{"dmean":5.01641559601,"dmean2":7.62005710602,"dvar":28.0877933502,"dvar2":60.4271621704,"max":149.647384644,"mean":27.3684520721,"median":25.0811500549,"min":0.757617175579,"var":331.683013916},"dissonance":{"dmean":0.0181088168174,"dmean2":0.0299587678164,"dvar":0.000319133076118,"dvar2":0.000845848291647,"max":0.500000178814,"mean":0.462346524,"median":0.46984654665,"min":0.260744124651,"var":0.000879683706444},"dynamic_complexity":2.79341340065,"erbbands":{"dmean":[0.0463853925467,0.436219602823,0.951138734818,3.02643299103,4.50030517578,3.51223516464,5.52245283127,8.9105052948,11.6067037582,18.3985939026,19.1516895294,23.0801639557,33.985786438,24.0996227264,32.3618888855,27.6619510651,29.7997741699,31.3921375275,34.1592597961,33.3418655396,17.9496669769,17.6732444763,17.5386943817,10.5302972794,10.5383548737,9.93154430389,5.22223854065,3.46700525284,3.69563674927,2.44899058342,2.31730151176,1.280777812,1.06190550327,0.660593807697,0.307094156742,0.137293547392,0.0410357415676,0.00653146672994,0.000603555468842,0.0000305324902001],"dmean2":[0.0680924504995,0.642223596573,1.59631454945,4.86688613892,7.34410619736,5.57298946381,9.12547016144,14.7405118942,17.8994083405,28.4626483917,29.353679657,36.0237350464,53.6802101135,38.2323532104,51.2994880676,43.6189041138,47.045665741,49.6112365723,53.5251235962,51.2284736633,27.0853805542,26.591381073,26.414899826,15.847076416,15.9718618393,14.8819103241,8.09189796448,5.34109449387,5.7315788269,3.796885252,3.59837818146,1.95568418503,1.65508544445,0.982216596603,0.446349620819,0.200978830457,0.0581065379083,0.00913129746914,0.000829598808195,0.0000406188628403],"dvar":[0.0134206125513,1.10425102711,3.91056895256,22.1328220367,55.6763534546,33.4043273926,100.542098999,314.251953125,473.982818604,1135.85131836,1181.92614746,1432.2677002,3910.98168945,1969.70898438,4280.92919922,3054.82226562,3874.74560547,5434.19775391,3655.20581055,4275.51660156,1578.85778809,1133.83105469,689.544677734,256.5362854,249.339294434,297.837432861,55.5329360962,23.8674087524,25.3935604095,15.6507072449,14.0375175476,5.59068441391,3.50220441818,1.10395336151,0.231078505516,0.056971989572,0.00489382445812,0.000129014428239,0.00000111163296879,2.32314767423e-9],"dvar2":[0.0279956255108,2.07087373734,10.500702858,54.4411659241,146.729019165,82.826385498,270.202453613,821.771850586,1086.18896484,2603.23681641,2691.66088867,3505.32446289,10055.5839844,4919.66601562,11049.4042969,7865.63183594,10218.7949219,13886.3554688,8898.69042969,10443.1298828,3731.41040039,2599.62524414,1505.47131348,553.241333008,566.534790039,651.159667969,130.229690552,54.5047988892,59.7417640686,37.0774040222,31.7961349487,12.7416477203,7.93756008148,2.27853989601,0.464986890554,0.123023979366,0.0102086951956,0.0002646430803,0.00000226657448366,4.57111370977e-9],"max":[1.55254638195,14.4766216278,34.5053939819,89.6971588135,97.7372894287,96.9380950928,160.784362793,249.157455444,579.683044434,652.977844238,626.529968262,556.086303711,940.572753906,675.395202637,976.742431641,1271.60473633,1069.56140137,1441.74938965,1158.0682373,1000.10583496,1059.88024902,574.06829834,464.709655762,280.520599365,315.91583252,486.910369873,131.689605713,88.4338989258,72.8054733276,89.254119873,54.5124931335,51.4318771362,32.6310043335,21.5155258179,7.04557466507,3.28739237785,0.861689031124,0.165238618851,0.0146339992061,0.000665046158247],"mean":[0.0568531341851,0.635260224342,2.12087869644,7.75833511353,9.22577857971,6.82955121994,9.13777923584,14.213889122,23.0594158173,35.7894439697,34.3661804199,38.1589431763,54.9263305664,42.0880775452,54.8297767639,49.1812171936,54.1875,52.5866699219,61.798614502,62.8426132202,35.5150718689,34.428314209,38.7927589417,23.4257354736,24.1302509308,21.0523891449,11.7373514175,8.56588459015,9.07654380798,6.14417362213,5.06780481339,2.88083219528,2.26716065407,1.49067783356,0.71833139658,0.300786077976,0.0887108743191,0.0134931243956,0.00121016707271,0.0000833893500385],"median":[0.0124931242317,0.216092258692,1.17364120483,5.24527072906,6.01350593567,4.0806183815,4.85638618469,7.08807563782,10.5168676376,15.4493017197,17.8063335419,19.580663681,24.7750663757,22.2100334167,21.4931983948,23.0041618347,21.3513412476,18.7114620209,27.5144500732,21.048374176,14.0717420578,15.1863288879,22.4789943695,16.4814224243,16.2297058105,13.1426181793,9.13151741028,6.90349626541,7.37036705017,4.88927173615,3.67821741104,2.15577411652,1.67989850044,1.04884839058,0.500655770302,0.202449411154,0.0586290284991,0.00836651399732,0.000712911365554,0.0000630518843536],"min":[1.39973850814e-22,8.31624991784e-22,1.97780701997e-21,8.09372561032e-21,2.53068686736e-20,1.31427245938e-20,3.6285692824e-20,7.73201778458e-20,1.30497538551e-19,2.77099714941e-19,4.45544500135e-19,2.90061402495e-19,6.36609418058e-19,1.18442482307e-18,1.06450390017e-18,1.17814817658e-18,1.33464878392e-18,2.14217444775e-18,2.94843793736e-18,3.27426355346e-18,2.37115665287e-18,4.58495212036e-18,6.16063357996e-18,5.25774774339e-18,6.61189658647e-18,7.3211497814e-18,8.26918975325e-18,1.03308034268e-17,1.20318945662e-17,1.14311323125e-17,1.16308517627e-17,1.08129066217e-17,1.1194859751e-17,8.35934085949e-18,6.70521496727e-18,4.36577117832e-18,2.09408547566e-18,1.05050345472e-18,2.53754997844e-19,2.91029378295e-20],"var":[0.0190616771579,1.86500906944,6.57657384872,70.490020752,112.780784607,72.1231307983,168.993118286,441.729736328,1361.29602051,3154.88696289,2474.53540039,2619.98046875,7087.40039062,3421.76538086,8246.66699219,6611.22851562,9467.21484375,10619.0488281,7896.44335938,9652.60742188,3778.78100586,2762.58764648,2148.46557617,693.69342041,796.283996582,718.62286377,116.723358154,55.3846092224,63.1068077087,32.6938591003,26.2899265289,9.41773891449,5.85637617111,2.35748147964,0.540924906731,0.113083302975,0.01044787094,0.000264926435193,0.00000223576603275,5.13219999831e-9]},"erbbands_crest":{"dmean":2.70038199425,"dmean2":4.34573554993,"dvar":6.98473072052,"dvar2":17.9707317352,"max":27.8500118256,"mean":9.12304210663,"median":8.29576873779,"min":2.24785900116,"var":17.3327884674},"erbbands_flatness_db":{"dmean":0.0156745221466,"dmean2":0.0225645937026,"dvar":0.000242004418396,"dvar2":0.000469825026812,"max":0.33815485239,"mean":0.144952371716,"median":0.142485365272,"min":0.0226511154324,"var":0.00181992747821},"erbbands_kurtosis":{"dmean":0.97225600481,"dmean2":1.53991925716,"dvar":2.77461910248,"dvar2":6.75191020966,"max":71.7543716431,"mean":0.921790540218,"median":0.248182177544,"min":-1.68287968636,"var":9.74432659149},"erbbands_skewness":{"dmean":0.326533347368,"dmean2":0.494419276714,"dvar":0.0915521532297,"dvar2":0.210085660219,"max":7.02640390396,"mean":0.306279420853,"median":0.264945149422,"min":-2.36010575294,"var":0.660678446293},"erbbands_spread":{"dmean":7.24025583267,"dmean2":10.8929185867,"dvar":62.7315101624,"dvar2":133.987884521,"max":125.735847473,"mean":34.5283927917,"median":30.8604202271,"min":3.43422603607,"var":279.971466064},"gfcc":{"cov":[[26458.5839844,1253.49804688,-2484.05615234,541.796325684,-1075.26965332,502.835113525,-702.645629883,437.364501953,-585.435791016,196.624450684,-750.12689209,-120.352668762,-548.116455078],[1253.49804688,995.025756836,-162.612731934,-22.0736503601,-127.878723145,-78.5667724609,-42.2826957703,-23.6262664795,-36.9152145386,-58.3371696472,66.5667724609,-78.6956939697,-17.6577987671],[-2484.05615234,-162.612731934,1025.72216797,91.1197280884,99.2233886719,-14.9327049255,90.3481674194,-44.2298164368,65.6860046387,49.8366661072,11.1677503586,47.0125236511,-10.7380828857],[541.796325684,-22.0736503601,91.1197280884,262.389556885,78.4782562256,19.536485672,-38.7555274963,31.3814258575,28.9403343201,5.71234083176,-35.3377113342,-14.3159408569,-4.47872257233],[-1075.26965332,-127.878723145,99.2233886719,78.4782562256,337.594573975,71.0257873535,65.3422241211,35.6528244019,65.5832595825,-8.03576183319,-21.4652099609,-10.8647899628,12.5009422302],[502.835113525,-78.5667724609,-14.9327049255,19.536485672,71.0257873535,224.798843384,126.23462677,2.74577236176,-63.0217628479,7.34425973892,-3.33834409714,-4.10636520386,-37.060962677],[-702.645629883,-42.2826957703,90.3481674194,-38.7555274963,65.3422241211,126.23462677,208.315963745,25.8986186981,-26.5053901672,-7.94150829315,44.8619804382,-4.19795370102,-13.2564849854],[437.364501953,-23.6262664795,-44.2298164368,31.3814258575,35.6528244019,2.74577236176,25.8986186981,114.878631592,56.5615005493,8.7237663269,-41.019203186,-7.08713912964,-3.13192009926],[-585.435791016,-36.9152145386,65.6860046387,28.9403343201,65.5832595825,-63.0217628479,-26.5053901672,56.5615005493,147.53326416,39.1823272705,-18.5596027374,-7.14049863815,34.0702819824],[196.624450684,-58.3371696472,49.8366661072,5.71234083176,-8.03576183319,7.34425973892,-7.94150829315,8.7237663269,39.1823272705,87.245223999,12.1512823105,11.3970222473,-8.08116436005],[-750.12689209,66.5667724609,11.1677503586,-35.3377113342,-21.4652099609,-3.33834409714,44.8619804382,-41.019203186,-18.5596027374,12.1512823105,147.570159912,33.1803588867,16.4500579834],[-120.352668762,-78.6956939697,47.0125236511,-14.3159408569,-10.8647899628,-4.10636520386,-4.19795370102,-7.08713912964,-7.14049863815,11.3970222473,33.1803588867,81.9686126709,30.6336669922],[-548.116455078,-17.6577987671,-10.7380828857,-4.47872257233,12.5009422302,-37.060962677,-13.2564849854,-3.13192009926,34.0702819824,-8.08116436005,16.4500579834,30.6336669922,89.7133178711]],"icov":[[0.000342627288774,-0.000553581456188,0.000603282183874,-0.000738955975976,0.000763740681577,-0.00103750918061,0.00102699000854,-0.00146886531729,0.00140639825258,-0.00164321786724,0.00160613923799,-0.00120955728926,0.00102153257467],[-0.000553581456188,0.00225550029427,-0.000995173933916,0.00121120002586,-0.000816563726403,0.00173116289079,-0.00110257125925,0.0018742615357,-0.0021042667795,0.00357530801557,-0.00390270072967,0.00375817157328,-0.00171192735434],[0.000603282183874,-0.000995173933916,0.00272504449822,-0.00239286711439,0.00122678978369,-0.000331166491378,-0.000765814969782,0.0000620294813416,0.00107530201785,-0.00357098062523,0.00418158667162,-0.00424867635593,0.00323191308416],[-0.000738955975976,0.00121120002586,-0.00239286711439,0.00707567296922,-0.00266995513812,-0.000113025125756,0.00181312637869,-0.0000979983451543,-0.00213387608528,0.00401001842692,-0.00471048709005,0.00477575417608,-0.00321511272341],[0.000763740681577,-0.000816563726403,0.00122678978369,-0.00266995513812,0.00631372490898,-0.00416335184127,0.00149044883437,-0.00262012379244,-0.000385417923098,-0.00124275870621,0.00352106522769,-0.00249602203257,0.00228919414803],[-0.00103750918061,0.00173116289079,-0.000331166491378,-0.000113025125756,-0.00416335184127,0.0148289613426,-0.0114785972983,0.00751038687304,-0.000176372923306,0.000228277101996,-0.00096887385007,0.00125590397511,-0.000934902695008],[0.00102699000854,-0.00110257125925,-0.000765814969782,0.00181312637869,0.00149044883437,-0.0114785972983,0.018271189183,-0.0131941987202,0.00666838465258,-0.00154714123346,-0.00265979929827,0.00236265314743,0.000355215743184],[-0.00146886531729,0.0018742615357,0.0000620294813416,-0.0000979983451543,-0.00262012379244,0.00751038687304,-0.0131941987202,0.0252552460879,-0.0150529108942,0.00690312124789,0.000285306858132,-0.00147957913578,0.000588228926063],[0.00140639825258,-0.0021042667795,0.00107530201785,-0.00213387608528,-0.000385417923098,-0.000176372923306,0.00666838465258,-0.0150529108942,0.0244678985327,-0.0152320824564,0.00566392298788,0.00130239047576,-0.00350617617369],[-0.00164321786724,0.00357530801557,-0.00357098062523,0.00401001842692,-0.00124275870621,0.000228277101996,-0.00154714123346,0.00690312124789,-0.0152320824564,0.0262547172606,-0.0114400368184,0.00392689788714,-0.000376735290047],[0.00160613923799,-0.00390270072967,0.00418158667162,-0.00471048709005,0.00352106522769,-0.00096887385007,-0.00265979929827,0.000285306858132,0.00566392298788,-0.0114400368184,0.0205072071403,-0.012527897954,0.00537226675078],[-0.00120955728926,0.00375817157328,-0.00424867635593,0.00477575417608,-0.00249602203257,0.00125590397511,0.00236265314743,-0.00147957913578,0.00130239047576,0.00392689788714,-0.012527897954,0.0263782590628,-0.0126071963459],[0.00102153257467,-0.00171192735434,0.00323191308416,-0.00321511272341,0.00228919414803,-0.000934902695008,0.000355215743184,0.000588228926063,-0.00350617617369,-0.000376735290047,0.00537226675078,-0.0126071963459,0.0212624296546]],"mean":[18.5762138367,66.5953140259,-118.132461548,23.521648407,-60.5509223938,13.8255224228,-36.9666976929,8.48177909851,-27.4411811829,0.661533117294,-19.978061676,-3.64895963669,-15.8769512177]},"hfc":{"dmean":6.86347150803,"dmean2":9.36702537537,"dvar":59.5476951599,"dvar2":106.97202301,"max":110.992004395,"mean":29.9449939728,"median":29.3035011292,"min":1.12577004967e-16,"var":279.726623535},"melbands":{"dmean":[0.000483168347273,0.000481771945488,0.000548211333808,0.000261867535301,0.000184380754945,0.000201541552087,0.000175924738869,0.000202677387279,0.00016474671429,0.000154459208716,0.000176547109731,0.000106074396172,0.00010961744556,0.000100559707789,0.0000698837611708,0.0000649067951599,0.0000625619140919,0.0000614558157395,0.0000597142825427,0.0000316656551149,0.0000211224069062,0.0000193300475075,0.0000194195981749,0.0000163073291333,0.00000879078015714,0.00000717692273611,0.00000987262228591,0.00000632054479865,0.00000390590003008,0.00000270654618362,0.00000199642795451,0.00000223013330469,0.00000192828929357,0.00000136016797114,0.0000014869054894,0.0000011487430811,7.35307764899e-7,8.91916613455e-7,5.80977769005e-7,5.79114782795e-7],"dmean2":[0.000687731138896,0.000775343098212,0.000879366823938,0.000425540725701,0.000301313149976,0.000331013754476,0.00027091006632,0.000313380121952,0.000253008009167,0.000241942019784,0.000279814470559,0.000168263984961,0.000175692955963,0.000158778624609,0.000111738496344,0.000102176207292,0.0000998300383799,0.0000966486913967,0.0000916899371077,0.0000487365105073,0.0000324298198393,0.0000297895567201,0.0000292243257718,0.000025158175049,0.0000134994288601,0.0000110511673483,0.0000151679305418,0.00000958339114732,0.00000621757908448,0.00000427683380622,0.00000312953216053,0.00000349096080754,0.00000305863159156,0.00000213918951886,0.00000233758964896,0.0000018087148419,0.00000114938075058,0.00000142087344557,8.98351402157e-7,8.64609887685e-7],"dvar":[0.00000136036999265,0.00000100885688425,6.81864548824e-7,1.59923985166e-7,9.88168196159e-8,1.48398939359e-7,9.94541693444e-8,1.25168241993e-7,8.61583018263e-8,6.11926793681e-8,1.0585535648e-7,4.34429665574e-8,5.17739202621e-8,5.40914015801e-8,1.99360883357e-8,1.8536043811e-8,2.36033148582e-8,1.4161168238e-8,1.5948574017e-8,3.90889942636e-9,2.52714627003e-9,1.52595736047e-9,1.22382493029e-9,5.95372195988e-10,2.02432431928e-10,1.35515140776e-10,2.36165836887e-10,1.44857181805e-10,3.45571765648e-11,1.30692279915e-11,8.68999663894e-12,8.75808540274e-12,8.34051751275e-12,4.74608763748e-12,5.5843372461e-12,3.4805593737e-12,2.19112770462e-12,2.45800168414e-12,1.02542529589e-12,8.06084203293e-13],"dvar2":[0.00000263754691332,0.00000224209497901,0.00000171111037162,4.11953095636e-7,2.63364455577e-7,3.87972193039e-7,2.28341761499e-7,2.87580064651e-7,1.96381606088e-7,1.49323795995e-7,2.75362026514e-7,1.08531303056e-7,1.35150813207e-7,1.33811298042e-7,5.2276401874e-8,4.64671536804e-8,6.00496861125e-8,3.48966935348e-8,3.79009392759e-8,9.26068111085e-9,6.06324901398e-9,3.55072726776e-9,2.75534040028e-9,1.38091804658e-9,4.46328585202e-10,3.11136227893e-10,5.43204481396e-10,3.11760700589e-10,8.39162420108e-11,3.18113313469e-11,2.03108970614e-11,2.09268713469e-11,2.07261586366e-11,1.15762885389e-11,1.28794084772e-11,8.08913352968e-12,5.25184496586e-12,5.8266824525e-12,2.20320354842e-12,1.68886226618e-12],"max":[0.0153590245172,0.0159856975079,0.0135185467079,0.00537822488695,0.00519290659577,0.00572666665539,0.00746840983629,0.00582065293565,0.00533406063914,0.00333108496852,0.00490876054391,0.00323483580723,0.00371328904293,0.00454040197656,0.00264772144146,0.002505434677,0.00327382725663,0.00239600031637,0.00281321257353,0.00106629519723,0.00151073490269,0.000685254693963,0.00066632888047,0.000495462387335,0.000285196467303,0.000193115905859,0.000306371191982,0.000384405138902,0.000116006202006,0.0000577633691137,0.0000594717494096,0.0000443238022854,0.0000517458393006,0.0000448384671472,0.0000326011140714,0.0000326890221913,0.0000330729308189,0.0000238579468714,0.0000291477044811,0.0000143047582242],"mean":[0.000630231632385,0.00104783650022,0.00143124291208,0.000543968693819,0.000324493128574,0.000335322547471,0.000357648794306,0.000379872421036,0.000285863556201,0.000245795672527,0.000281319807982,0.000176229397766,0.000181033392437,0.000162789918249,0.00011897811055,0.000107737141661,0.0000973268251983,0.00010099222709,0.0000987406965578,0.0000604694032518,0.000036550052755,0.0000336673329002,0.0000369760637113,0.0000333813623001,0.0000169868199009,0.0000148621629705,0.0000205691048905,0.0000119913675007,0.00000755758901505,0.00000590541230849,0.00000445259001935,0.00000511453617946,0.00000446465492132,0.00000305335743178,0.00000301974296235,0.00000238306006395,0.00000150337996274,0.00000173073647147,0.00000126458951399,0.00000124927885281],"median":[0.000165081582963,0.000577149330638,0.00105218496174,0.00037873518886,0.000182860021596,0.000169045044458,0.000164662938914,0.000169631734025,0.000142197008245,0.000118783857033,0.000121064440464,0.0000829406635603,0.0000707562867319,0.0000523810667801,0.0000536465377081,0.0000328411842929,0.0000283527951979,0.0000361139318557,0.0000316969308187,0.0000164681696333,0.0000140066258609,0.0000132870436573,0.0000165672154253,0.000019707104002,0.0000108734193418,0.00000920373167901,0.0000123445324789,0.00000653184088151,0.00000534775517735,0.00000466422352474,0.00000348385742655,0.00000407002289649,0.00000349345100403,0.00000236018126998,0.00000214971646528,0.00000173656803781,0.00000107360256152,0.00000124636505916,9.19549222544e-7,8.66163816227e-7],"min":[2.62599844105e-24,1.51923566293e-24,1.5337004137e-24,1.40792265604e-24,1.27990551948e-24,1.62973456537e-24,1.75275407088e-24,3.72280145582e-24,3.04061308322e-24,1.66650041393e-24,2.90035933351e-24,3.13905207735e-24,3.32134383027e-24,2.12285841975e-24,2.87404372257e-24,3.14309932822e-24,3.66382384796e-24,4.37376119177e-24,3.01269075983e-24,3.42629664611e-24,2.8964268619e-24,3.89114516185e-24,3.64058085025e-24,3.32137183483e-24,4.21859382943e-24,4.78646402953e-24,3.92586569131e-24,3.36905610997e-24,4.17933261661e-24,4.31058921048e-24,5.1837836852e-24,5.68801055961e-24,5.685844742e-24,6.55427804673e-24,5.72698068276e-24,6.79918188691e-24,5.90783414503e-24,7.22361271974e-24,6.17957030004e-24,5.8050471468e-24],"var":[0.00000217541696657,0.0000018908600623,0.00000203715103453,3.24201437252e-7,1.76656598683e-7,2.25375771379e-7,2.95295819797e-7,3.16479713547e-7,1.80147864626e-7,1.13612479424e-7,1.95387258373e-7,7.43781640722e-8,9.93992586018e-8,1.17189443927e-7,4.11629201835e-8,4.29260573753e-8,4.51171118243e-8,2.91414128384e-8,3.00107885209e-8,1.08397193443e-8,5.14269249408e-9,3.18034087954e-9,3.10053072106e-9,1.66123148571e-9,4.61604698909e-10,3.60186658277e-10,6.5838623442e-10,3.16721454618e-10,6.33307017939e-11,2.72234648019e-11,1.80254110249e-11,2.09133994844e-11,1.74367048578e-11,8.94711648519e-12,9.95846721058e-12,6.12098392805e-12,3.13770992695e-12,3.69937457403e-12,1.8931850445e-12,1.70305122001e-12]},"melbands_crest":{"dmean":2.60654568672,"dmean2":4.21613121033,"dvar":6.09102058411,"dvar2":15.7542705536,"max":32.8899879456,"mean":11.6932468414,"median":10.8486251831,"min":1.59508752823,"var":23.0968494415},"melbands_flatness_db":{"dmean":0.0185705218464,"dmean2":0.027210785076,"dvar":0.000337812758517,"dvar2":0.000673010130413,"max":0.463383942842,"mean":0.153653800488,"median":0.143445536494,"min":0.00341372401454,"var":0.0029947636649},"melbands_kurtosis":{"dmean":3.4446516037,"dmean2":5.24296045303,"dvar":44.4814567566,"dvar2":99.9503173828,"max":253.509399414,"mean":7.35391330719,"median":3.02720880508,"min":-1.69705152512,"var":183.149017334},"melbands_skewness":{"dmean":0.515502631664,"dmean2":0.77129226923,"dvar":0.302564620972,"dvar2":0.643378436565,"max":10.238743782,"mean":1.84438157082,"median":1.56422924995,"min":-1.72642660141,"var":1.83139657974},"melbands_spread":{"dmean":6.91570186615,"dmean2":10.5983629227,"dvar":62.8866577148,"dvar2":145.61517334,"max":159.392776489,"mean":32.055847168,"median":30.59349823,"min":0.918663799763,"var":326.894042969},"mfcc":{"cov":[[11336.1523438,973.741088867,-472.168487549,140.362762451,46.7517127991,183.358261108,119.725662231,187.754638672,207.228805542,232.291290283,103.989448547,-87.2775344849,-89.4779510498],[973.741088867,955.312011719,56.4653892517,30.2863845825,-49.2073669434,-46.8804550171,29.4939289093,16.715921402,-51.4428100586,19.9449176788,-9.94130706787,6.63341856003,33.4134368896],[-472.168487549,56.4653892517,668.351318359,109.795890808,-35.786113739,49.1764030457,-2.88268303871,-33.4592132568,-15.7003564835,-40.153137207,2.5558283329,53.5317115784,41.8172531128],[140.362762451,30.2863845825,109.795890808,230.03666687,129.280944824,-21.1802902222,-62.2842674255,-2.2300491333,45.5973739624,20.6125106812,-15.5401639938,9.95010852814,23.0838832855],[46.7517127991,-49.2073669434,-35.786113739,129.280944824,223.924209595,34.9137496948,-46.8585472107,12.1455421448,66.6328353882,33.9247207642,-5.36629867554,-9.11542701721,-9.01843070984],[183.358261108,-46.8804550171,49.1764030457,-21.1802902222,34.9137496948,180.145553589,122.698783875,28.6781406403,-5.87228488922,10.0869655609,33.3893585205,-10.4409341812,-31.7220249176],[119.725662231,29.4939289093,-2.88268303871,-62.2842674255,-46.8585472107,122.698783875,231.071609497,79.9104995728,-48.5039367676,1.3832924366,37.1115646362,-7.14652347565,-17.4104766846],[187.754638672,16.715921402,-33.4592132568,-2.2300491333,12.1455421448,28.6781406403,79.9104995728,105.362709045,37.5030860901,9.31845188141,5.08525705338,-3.0622279644,1.68219089508],[207.228805542,-51.4428100586,-15.7003564835,45.5973739624,66.6328353882,-5.87228488922,-48.5039367676,37.5030860901,150.725158691,65.7988967896,-17.1267337799,-15.7932481766,3.76048541069],[232.291290283,19.9449176788,-40.153137207,20.6125106812,33.9247207642,10.0869655609,1.3832924366,9.31845188141,65.7988967896,113.386184692,28.0518550873,-15.3305044174,-5.97406101227],[103.989448547,-9.94130706787,2.5558283329,-15.5401639938,-5.36629867554,33.3893585205,37.1115646362,5.08525705338,-17.1267337799,28.0518550873,93.6814956665,27.9922866821,-18.8219070435],[-87.2775344849,6.63341856003,53.5317115784,9.95010852814,-9.11542701721,-10.4409341812,-7.14652347565,-3.0622279644,-15.7932481766,-15.3305044174,27.9922866821,76.4730987549,31.9874191284],[-89.4779510498,33.4134368896,41.8172531128,23.0838832855,-9.01843070984,-31.7220249176,-17.4104766846,1.68219089508,3.76048541069,-5.97406101227,-18.8219070435,31.9874191284,81.8871917725]],"icov":[[0.000120844633784,-0.000143427838339,0.000157473914442,-0.000248093245318,0.000260682194494,-0.000335978111252,0.000167201709701,-0.000144226491102,-0.000168864717125,-0.0000140542206282,-0.000148065591929,0.000055437147239,0.0000682008758304],[-0.000143427838339,0.00135946343653,-0.00031605278491,0.0000370043926523,-0.0000977264280664,0.000751962768845,-0.000207194170798,-0.000476710352814,0.00122756662313,-0.000950669229496,0.000627337547485,-0.0000664808394504,-0.00026976224035],[0.000157473914442,-0.00031605278491,0.00247003394179,-0.0023202705197,0.00211187126115,-0.00221067597158,0.000478930567624,0.000752475229092,-0.000979323987849,0.00101916585118,-0.000282560708001,-0.000907917856239,-0.000434648769442],[-0.000248093245318,0.0000370043926523,-0.0023202705197,0.00960079114884,-0.0065414221026,0.00333750410937,-0.000477348512504,-0.0000540230357728,0.000656908086967,-0.00105868978426,0.000804635055829,-0.000151816217112,-0.00119880144484],[0.000260682194494,-0.0000977264280664,0.00211187126115,-0.0065414221026,0.0109083168209,-0.00609942991287,0.00417553354055,-0.00224225129932,-0.00119648652617,-0.000481992145069,0.0000627837216598,-0.000352790317265,0.00103466107976],[-0.000335978111252,0.000751962768845,-0.00221067597158,0.00333750410937,-0.00609942991287,0.0147321969271,-0.00985054112971,0.00480194669217,-0.0023634377867,0.00138257804792,-0.00160156551283,0.000808868557215,0.00188173679635],[0.000167201709701,-0.000207194170798,0.000478930567624,-0.000477348512504,0.00417553354055,-0.00985054112971,0.0163560435176,-0.0127574587241,0.00798710528761,-0.0040188007988,-0.000198474692297,0.00130475824699,-0.000674530339893],[-0.000144226491102,-0.000476710352814,0.000752475229092,-0.0000540230357728,-0.00224225129932,0.00480194669217,-0.0127574587241,0.0222388785332,-0.0112152239308,0.006073217839,-0.0018756830832,-0.000476998655358,-0.00117482431233],[-0.000168864717125,0.00122756662313,-0.000979323987849,0.000656908086967,-0.00119648652617,-0.0023634377867,0.00798710528761,-0.0112152239308,0.018055934459,-0.0107889901847,0.00537536060438,-0.00038614452933,0.000280836247839],[-0.0000140542206282,-0.000950669229496,0.00101916585118,-0.00105868978426,-0.000481992145069,0.00138257804792,-0.0040188007988,0.006073217839,-0.0107889901847,0.0182537641376,-0.00915415398777,0.00541746849194,-0.00273931957781],[-0.000148065591929,0.000627337547485,-0.000282560708001,0.000804635055829,0.0000627837216598,-0.00160156551283,-0.000198474692297,-0.0018756830832,0.00537536060438,-0.00915415398777,0.0204682964832,-0.0116784097627,0.0072344141081],[0.000055437147239,-0.0000664808394504,-0.000907917856239,-0.000151816217112,-0.000352790317265,0.000808868557215,0.00130475824699,-0.000476998655358,-0.00038614452933,0.00541746849194,-0.0116784097627,0.0235710516572,-0.0103230010718],[0.0000682008758304,-0.00026976224035,-0.000434648769442,-0.00119880144484,0.00103466107976,0.00188173679635,-0.000674530339893,-0.00117482431233,0.000280836247839,-0.00273931957781,0.0072344141081,-0.0103230010718,0.01916260086]],"mean":[-614.348388672,100.592376709,-3.05795550346,12.804731369,-2.14934802055,2.15536975861,0.152923047543,2.29658985138,-2.15167021751,0.809297859669,-1.0779620409,-4.53427410126,-2.64866089821]},"pitch_salience":{"dmean":0.0610706582665,"dmean2":0.0978249907494,"dvar":0.00279433745891,"dvar2":0.00696273520589,"max":0.880044281483,"mean":0.584455013275,"median":0.582599878311,"min":0.257708907127,"var":0.0104398680851},"silence_rate_20dB":{"dmean":0,"dmean2":0,"dvar":0,"dvar2":0,"max":1,"mean":1,"median":1,"min":1,"var":0},"silence_rate_30dB":{"dmean":0,"dmean2":0,"dvar":0,"dvar2":0,"max":1,"mean":1,"median":1,"min":1,"var":0},"silence_rate_60dB":{"dmean":0.00208877283148,"dmean2":0.0041782730259,"dvar":0.00208438327536,"dvar2":0.00520540913567,"max":1,"mean":0.0419422201812,"median":0,"min":0,"var":0.0401827841997},"spectral_centroid":{"dmean":225.570602417,"dmean2":337.92980957,"dvar":66655.0703125,"dvar2":142809.359375,"max":11889.6376953,"mean":1654.04785156,"median":1620.02856445,"min":273.816101074,"var":985832.1875},"spectral_complexity":{"dmean":4.04560470581,"dmean2":5.73293876648,"dvar":18.5080947876,"dvar2":32.5813407898,"max":58,"mean":23.0534286499,"median":23,"min":0,"var":102.496887207},"spectral_contrast_coeffs":{"dmean":[0.0497434511781,0.048509940505,0.0421599932015,0.0331426598132,0.0225410368294,0.0151110971346],"dmean2":[0.0808100700378,0.0787604302168,0.0673641562462,0.0523358173668,0.0350174307823,0.0249117352068],"dvar":[0.00170706619974,0.00158152217045,0.00121067406144,0.00077445525676,0.000360348029062,0.00017326901434],"dvar2":[0.00443984521553,0.00420028809458,0.00289850914851,0.00179992243648,0.000819306937046,0.000455187720945],"max":[-0.309774845839,-0.402512967587,-0.436561614275,-0.519579470158,-0.546140372753,-0.622064173222],"mean":[-0.612851560116,-0.724118292332,-0.731025874615,-0.740260660648,-0.770145356655,-0.770117759705],"median":[-0.604982018471,-0.727964222431,-0.734337568283,-0.737636804581,-0.770409762859,-0.765614926815],"min":[-0.978291928768,-0.980982780457,-0.976615786552,-0.97185510397,-0.965932428837,-0.965482711792],"var":[0.00773237692192,0.00638327095658,0.00643911538646,0.00499093998224,0.00270781922154,0.00130720995367]},"spectral_contrast_valleys":{"dmean":[0.419315099716,0.349496126175,0.320007026196,0.282537281513,0.235510662198,0.219296351075],"dmean2":[0.682312071323,0.565238893032,0.500038444996,0.426285266876,0.33311021328,0.308833509684],"dvar":[0.167001202703,0.138502150774,0.123416170478,0.110836304724,0.097742959857,0.111897394061],"dvar2":[0.377475827932,0.296398639679,0.24303381145,0.205798521638,0.173949971795,0.20597589016],"max":[-5.50963306427,-4.7649641037,-5.36284017563,-5.6605887413,-5.55941343307,-7.88392019272],"mean":[-7.7224149704,-6.84468460083,-7.38250541687,-7.71013259888,-7.50644397736,-9.72410869598],"median":[-7.34779071808,-6.46734046936,-7.00471925735,-7.34010601044,-7.12138319016,-9.33671379089],"min":[-27.964756012,-28.0047531128,-27.8566970825,-27.7093353271,-27.4526939392,-27.4141101837],"var":[4.59775114059,4.95004987717,4.74193382263,4.54912805557,4.53032016754,3.74328637123]},"spectral_decrease":{"dmean":1.66286640013e-9,"dmean2":2.4106712182e-9,"dvar":3.37124634438e-18,"dvar2":6.82133334089e-18,"max":2.12102407476e-15,"mean":-6.89643542273e-9,"median":-6.70971633809e-9,"min":-2.40586288669e-8,"var":1.24422390158e-17},"spectral_energy":{"dmean":0.00674911774695,"dmean2":0.00971295684576,"dvar":0.0000538073109055,"dvar2":0.000107612024294,"max":0.0946957096457,"mean":0.0287449080497,"median":0.0282187033445,"min":1.04306069682e-20,"var":0.000206029217225},"spectral_energyband_high":{"dmean":0.000381950289011,"dmean2":0.000528853852302,"dvar":3.13825381681e-7,"dvar2":6.2088543018e-7,"max":0.00755800213665,"mean":0.00112980452832,"median":0.000957181793638,"min":7.39457381578e-21,"var":8.56537326399e-7},"spectral_energyband_low":{"dmean":0.00270717451349,"dmean2":0.0040466398932,"dvar":0.000024987724828,"dvar2":0.0000497203036502,"max":0.0670912563801,"mean":0.00651973858476,"median":0.0042860484682,"min":3.10917598216e-23,"var":0.0000593651893723},"spectral_energyband_middle_high":{"dmean":0.00309845479205,"dmean2":0.00460655754432,"dvar":0.0000124491643874,"dvar2":0.0000281839820673,"max":0.0523390844464,"mean":0.0101415868849,"median":0.0091371499002,"min":1.19098488474e-21,"var":0.000058183359215},"spectral_energyband_middle_low":{"dmean":0.0040580346249,"dmean2":0.00627938564867,"dvar":0.0000212575032492,"dvar2":0.000051209495723,"max":0.0591249652207,"mean":0.0128862969577,"median":0.0112757198513,"min":1.55032246239e-22,"var":0.0000733611013857},"spectral_entropy":{"dmean":0.124052196741,"dmean2":0.176117703319,"dvar":0.0183313600719,"dvar2":0.034924864769,"max":9.82372283936,"mean":7.7345957756,"median":7.77964782715,"min":5.1101975441,"var":0.190776452422},"spectral_flux":{"dmean":0.0205365102738,"dmean2":0.0316332876682,"dvar":0.000379586650524,"dvar2":0.000852279772516,"max":0.237321332097,"mean":0.0873818397522,"median":0.0867514163256,"min":6.37230060385e-11,"var":0.00147436454426},"spectral_kurtosis":{"dmean":0.938037633896,"dmean2":1.53865373135,"dvar":1.717476964,"dvar2":4.94640827179,"max":46.4174499512,"mean":3.90363907814,"median":3.4953289032,"min":-1.25601387024,"var":8.47082233429},"spectral_rms":{"dmean":0.000610035727732,"dmean2":0.000865830748808,"dvar":3.75997387891e-7,"dvar2":7.14933548807e-7,"max":0.00961176678538,"mean":0.00505697494373,"median":0.00524694565684,"min":3.19001595972e-12,"var":0.00000247084381044},"spectral_rolloff":{"dmean":416.693878174,"dmean2":687.122924805,"dvar":591321.25,"dvar2":1337187.625,"max":21640.8691406,"mean":2239.68579102,"median":1679.58984375,"min":150.732421875,"var":9476944},"spectral_skewness":{"dmean":0.142112895846,"dmean2":0.225472450256,"dvar":0.0255552846938,"dvar2":0.0629488527775,"max":5.59009981155,"mean":1.50563180447,"median":1.47031533718,"min":-0.0927905589342,"var":0.163856238127},"spectral_spread":{"dmean":461017.6875,"dmean2":682515.0625,"dvar":503938449408,"dvar2":981151383552,"max":42299224,"mean":5410339.5,"median":4916771,"min":1646405.75,"var":11668540096500},"spectral_strongpeak":{"dmean":0.857752740383,"dmean2":1.46489441395,"dvar":1.59561252594,"dvar2":4.05360507965,"max":13.5106039047,"mean":1.42272305489,"median":0.756064355373,"min":0,"var":2.41256523132},"zerocrossingrate":{"dmean":0.00970527995378,"dmean2":0.0117564927787,"dvar":0.000153558605234,"dvar2":0.000228293225518,"max":0.6630859375,"mean":0.0877026543021,"median":0.0771484375,"min":0.01123046875,"var":0.00593851413578}},"metadata":{"audio_properties":{"analysis_sample_rate":44100,"bit_rate":0,"codec":"flac","downmix":"mix","equal_loudness":0,"length":133.386672974,"lossless":true,"md5_encoded":"9e4be2a1a2270ac15918adfbb2d4f1a2","replay_gain":-10.5006084442,"sample_rate":44100},"tags":{"album":["With The Beatles"],"album artist":["The Beatles"],"albumartist":["The Beatles"],"albumartistsort":["Beatles, The"],"artist":["The Beatles"],"artistsort":["Beatles, The"],"asin":["B000002UAC"],"barcode":["077774643627"],"catalognumber":["CDP 7 46436 2"],"composer":["The Beatles"],"date":["1987-02-26"],"discnumber":["1"],"disctotal":["1"],"file_name":"01-01 It Won’t Be Long.flac","genre":["Classic Rock; Rock; Pop"],"label":["Parlophone"],"media":["CD"],"musicbrainz_albumartistid":["b10bbbfc-cf9e-42e0-be17-e2c3e1d2600d"],"musicbrainz_albumid":["479d8f1b-daaf-3eac-9b69-b464cb239660"],"musicbrainz_artistid":["b10bbbfc-cf9e-42e0-be17-e2c3e1d2600d"],"musicbrainz_recordingid":["49150aa6-2f72-4c95-9247-130d5046e827"],"musicbrainz_releasegroupid":["a63dc65f-09f2-359b-a10e-648f00ecd96c"],"originaldate":["1963-11-22"],"performer":["Paul McCartney (bass guitar)","Ringo Starr (drums)","George Harrison (guitar)","John Lennon (guitar)"],"producer":["George Martin"],"releasecountry":["GB"],"releasestatus":["official"],"releasetype":["album"],"script":["Latn"],"title":["It Won’t Be Long"],"totaldiscs":["1"],"totaltracks":["14"],"tracknumber":["1"],"tracktotal":["14"]},"version":{"essentia":"2.1-beta1","essentia_build_sha":"ca57ba49d9b1854bd80e60cf9ccf267278fb7d6b","essentia_git_sha":"v2.1_beta1-28-g21ef5f4-dirty","extractor":"music 1.0"}},"rhythm":{"beats_count":293,"beats_loudness":{"dmean":0.0138134267181,"dmean2":0.0242496617138,"dvar":0.000111908113468,"dvar2":0.000323816697346,"max":0.091406442225,"mean":0.0407578349113,"median":0.0403262749314,"min":0,"var":0.000223577982979},"beats_loudness_band_ratio":{"dmean":[0.252079546452,0.0712146982551,0.137543007731,0.127