{"lowlevel":{"average_loudness":0.767177760601,"barkbands":{"dmean":[0.00000116151727525,0.000264929782134,0.000870231597219,0.00129825610202,0.00201303255744,0.000482235162053,0.000436122441897,0.000269361858955,0.000140342963277,0.0000779064139351,0.0000296535181405,0.0000592518117628,0.000176587695023,0.000404531776439,0.000633327814285,0.000436112459283,0.00029969404568,0.000241079760599,0.000209517995245,0.000152724533109,0.0000631424118183,0.0000582158354518,0.0000349447545887,0.0000139985768328,0.0000043840291255,0.00000199166061066,3.20511077234e-7],"dmean2":[0.00000184119221558,0.000446461344836,0.001530452515,0.00227485527284,0.00333407241851,0.000826943432912,0.000713818473741,0.000415873393649,0.000218818779103,0.00012326988508,0.0000465050252387,0.0000922852705116,0.000281336426269,0.000653144554235,0.00100496667437,0.000671179150231,0.000463771313662,0.00037282507401,0.000327144778566,0.000238212378463,0.0000977423769655,0.0000865252804942,0.0000511517973791,0.0000198801008082,0.00000607229821981,0.00000278237826024,4.62085182562e-7],"dvar":[1.26170506334e-11,2.32881632201e-7,0.00000692320918461,0.0000154724821186,0.0000189167385543,0.00000132868262881,6.70043732498e-7,3.64896948213e-7,1.46658308608e-7,4.65623735124e-8,4.47592718444e-9,1.38113085413e-8,1.67441569943e-7,8.22866240924e-7,0.00000306281935991,0.00000110710220724,7.01365706846e-7,3.8865556462e-7,2.12286352053e-7,1.05981094123e-7,1.63630016203e-8,2.2786265319e-8,1.86094055721e-8,1.81491677242e-9,2.18867285406e-10,3.3694737972e-11,8.06396236678e-13],"dvar2":[2.69777741813e-11,5.84467613862e-7,0.0000191647905012,0.000042229774408,0.0000476663226436,0.00000369319377569,0.00000172853697222,8.20129685053e-7,3.58492798114e-7,1.16438663156e-7,1.09216244937e-8,3.33697691701e-8,4.04907524398e-7,0.00000204330922315,0.00000728946179152,0.00000259165040006,0.00000154527083396,8.10797814665e-7,4.46748060767e-7,2.46145162919e-7,3.96506791844e-8,4.99980394864e-8,4.29820872228e-8,3.8430552074e-9,4.55900567298e-10,7.33394456276e-11,1.70460217122e-12],"max":[0.000141481912578,0.0100364694372,0.0365109629929,0.0536259822547,0.0515966229141,0.0150238219649,0.0168762728572,0.0168648175895,0.00806891079992,0.00564969191328,0.00243471283466,0.00352338398807,0.0102883456275,0.0242419410497,0.0499044395983,0.0274630431086,0.0242447070777,0.0295264013112,0.0145918037742,0.013026994653,0.00559441186488,0.00747246854007,0.00736300228164,0.00173886131961,0.000488616817165,0.000206487849937,0.000037551188143],"mean":[0.00000200571844289,0.000823001319077,0.00130378315225,0.00141972536221,0.00312496628612,0.000727837265003,0.00073722039815,0.000515005667694,0.000254165614024,0.000134588844958,0.0000492967155878,0.000104787832242,0.000320811348502,0.00066282361513,0.00122961087618,0.000881862419192,0.000593542004935,0.000506348209456,0.000460157549242,0.000339898018865,0.000154226218001,0.000135297930683,0.0000763491625548,0.0000293000939564,0.00000925401036511,0.00000378520439881,9.55436348704e-7],"median":[4.45410307748e-7,0.000579053594265,0.00075711752288,0.00031039773603,0.00161880627275,0.000386217696359,0.000357098586392,0.000221597001655,0.0000899342630873,0.0000578123799642,0.0000225227504416,0.0000545451111975,0.000118022740935,0.000277469924185,0.000304542249069,0.000264536822215,0.000196144945221,0.000177436406375,0.000206047785468,0.000126453174744,0.0000623186206212,0.0000354962903657,0.0000180609513336,0.00000537022788194,0.0000016060694179,7.15538249096e-7,1.94823897459e-7],"min":[2.53120797175e-26,1.43402941605e-24,6.60231612598e-25,4.49780483595e-25,3.82178653892e-24,4.80535724821e-24,8.85957297538e-24,5.23376196785e-24,1.05480358686e-23,6.425116273e-24,1.28458125583e-23,1.47651316511e-23,2.99352676464e-23,3.24910696943e-23,4.88627260452e-23,3.55171748366e-23,5.24311004847e-23,8.77418051788e-23,1.36108621705e-22,1.67037964532e-22,2.23993684024e-22,3.07476018968e-22,3.49664754563e-22,5.46446599619e-22,7.66450843651e-22,1.31595590118e-21,1.89332514146e-21],"var":[4.28198275448e-11,7.37212815238e-7,0.00000538135100214,0.0000126169843497,0.0000211161568586,0.00000127594296373,0.00000127962334773,9.36207129598e-7,3.43225650568e-7,8.23651120641e-8,7.28090743252e-9,3.05296943282e-8,4.7842343065e-7,0.00000143781835504,0.00000826644827612,0.00000324055713463,0.0000019439908101,0.00000113127612167,5.6617102473e-7,3.144648133e-7,5.83182178104e-8,8.99527350384e-8,5.61223210127e-8,5.40317168785e-9,5.44668310454e-10,7.45563888405e-11,8.16323918185e-12]},"barkbands_crest":{"dmean":1.92866158485,"dmean2":3.13229036331,"dvar":3.76420211792,"dvar2":9.81213474274,"max":24.2807750702,"mean":8.61751079559,"median":7.85512113571,"min":2.7905523777,"var":12.0040092468},"barkbands_flatness_db":{"dmean":0.0153082953766,"dmean2":0.0240112189204,"dvar":0.000290364725515,"dvar2":0.00073644699296,"max":0.297880768776,"mean":0.131263077259,"median":0.128874391317,"min":0.0354172624648,"var":0.00130006647669},"barkbands_kurtosis":{"dmean":1.79674637318,"dmean2":2.89869332314,"dvar":14.1182870865,"dvar2":32.8135070801,"max":167.539978027,"mean":2.29878258705,"median":0.152861058712,"min":-1.871317029,"var":91.2579498291},"barkbands_skewness":{"dmean":0.448641806841,"dmean2":0.698788762093,"dvar":0.278223454952,"dvar2":0.68204420805,"max":11.4670314789,"mean":0.979327917099,"median":0.998353302479,"min":-3.05407786369,"var":1.95973920822},"barkbands_spread":{"dmean":4.81627321243,"dmean2":7.55153274536,"dvar":28.9552822113,"dvar2":66.6776885986,"max":112.787994385,"mean":26.7173442841,"median":26.336025238,"min":1.70048546791,"var":137.129486084},"dissonance":{"dmean":0.00927251111716,"dmean2":0.0154117271304,"dvar":0.0000901544553926,"dvar2":0.000243818751187,"max":0.500000238419,"mean":0.47587287426,"median":0.480722129345,"min":0.366993576288,"var":0.000304116576444},"dynamic_complexity":3.88041138649,"erbbands":{"dmean":[0.00365663692355,0.0790245980024,0.711561024189,3.0059299469,6.92437028885,6.17343664169,4.25264787674,4.25776958466,6.17288446426,5.62158203125,5.45980501175,3.30470347404,2.33906531334,2.15922045708,1.27800655365,2.64688372612,7.58050632477,14.3451423645,33.7503700256,22.4337215424,23.7227153778,16.0933055878,12.5077629089,9.69456100464,11.7704658508,6.59527158737,3.10203671455,2.33088231087,2.16555809975,1.53305244446,0.917616069317,0.437360346317,0.174690976739,0.0641219168901,0.0232041683048,0.0115176262334,0.00308881653473,0.000454158493085,0.0000454167420685,0.00000904459466256],"dmean2":[0.00589817902073,0.134088754654,1.25005221367,5.20166730881,11.6615409851,10.3279790878,7.05860757828,7.34295892715,10.0505876541,8.840051651,8.21050453186,5.02438545227,3.69176578522,3.39970016479,2.00046181679,4.08393573761,12.0478916168,22.9015789032,53.9643669128,34.4751396179,36.4464645386,24.4503650665,19.391998291,14.8048353195,18.1168518066,10.1215190887,4.84971284866,3.52312755585,3.23319864273,2.26783132553,1.34472167492,0.61899125576,0.251326531172,0.090254239738,0.032700676471,0.0161527954042,0.00435994612053,0.000628060894087,0.0000637526245555,0.0000131679262267],"dvar":[0.0000920898310142,0.0189836677164,3.67185378075,94.0465927124,275.852294922,228.808441162,102.631271362,115.200569153,140.693710327,160.481948853,133.565811157,83.7045288086,35.7294044495,35.9070243835,5.96793365479,24.7906513214,297.768951416,989.453491211,8484.44238281,3402.98242188,3175.546875,2346.46533203,1130.67749023,438.690246582,748.030883789,176.344909668,41.3504943848,21.7100906372,31.6596870422,32.7759361267,11.6699037552,1.87792873383,0.300438404083,0.0430486239493,0.00770264817402,0.0013398847077,0.000073972332757,0.00000131095077904,1.11324967023e-8,4.83795892237e-10],"dvar2":[0.000206853306736,0.0498404800892,10.2999210358,252.435089111,721.039550781,562.567810059,276.584564209,320.75604248,370.516021729,375.458618164,297.180084229,199.279556274,90.4256057739,92.0869827271,14.4398193359,58.0689659119,707.666748047,2438.66601563,20891.0839844,7178.59814453,7503.42431641,4869.59130859,2445.03515625,955.855773926,1626.26147461,392.014251709,100.449134827,48.3621406555,68.2482757568,78.0691146851,26.141752243,3.96377968788,0.658171713352,0.0884230583906,0.0160317532718,0.00298797315918,0.000156063513714,0.00000266300003204,2.28190337737e-8,9.89874404667e-10],"max":[0.342652142048,2.23671007156,24.792383194,110.383415222,192.636230469,307.475402832,221.819610596,140.804702759,243.815963745,400.706207275,334.587799072,218.600311279,154.462173462,163.101974487,66.7671737671,144.914840698,460.222869873,805.741333008,2483.74389648,1691.57434082,1667.3236084,1610.55957031,1404.07214355,733.540344238,992.769042969,447.9737854,276.606506348,213.295578003,342.676300049,303.384124756,185.427215576,52.8162155151,18.5573291779,7.13008260727,3.28724932671,1.54130876064,0.252136468887,0.0265608280897,0.00290056224912,0.000986199360341],"mean":[0.00965865980834,0.245410636067,1.36180353165,3.31406188011,9.42105484009,9.15974617004,7.21281528473,5.92685222626,10.1482000351,10.1525554657,10.9482488632,6.30065965652,4.28334712982,3.93818497658,2.53329348564,5.17596197128,14.5846281052,27.3265266418,65.5187835693,48.5957450867,48.8306427002,35.1431350708,27.5042629242,22.7427959442,25.9213142395,15.6080627441,7.55203104019,5.72424888611,5.03943634033,3.33100128174,2.00519371033,0.923540234566,0.351379901171,0.133046448231,0.0492278859019,0.0215905457735,0.00588107248768,0.000944735307712,0.000121867378766,0.0000345396510966],"median":[0.0035071701277,0.191382914782,1.00256180763,0.943095624447,4.3627538681,4.18513393402,3.29341244698,2.75156879425,5.00377082825,4.88254642487,4.93523025513,2.66770029068,1.72814202309,1.85003852844,1.32470464706,2.97441339493,6.25736856461,11.6184654236,18.6281700134,15.8413295746,16.3914203644,12.0667161942,9.57112407684,10.2609100342,10.6231746674,6.00755405426,3.25674319267,1.95780622959,1.32393109798,0.817500948906,0.474916100502,0.179918125272,0.0624738968909,0.0230913963169,0.00865015480667,0.00367891043425,0.00119046727195,0.000247486226726,0.0000429203937529,0.0000160000054166],"min":[5.64225946701e-23,2.97696466149e-22,1.48225343455e-21,2.48172843797e-21,6.90154589792e-21,1.9552654597e-20,2.16869696011e-20,5.5698238858e-20,1.35805246349e-19,8.36102078577e-20,2.11414426947e-19,3.3745988557e-19,3.38473879754e-19,6.16875008293e-19,7.23629852474e-19,1.02482621754e-18,1.95424480284e-18,1.85624685451e-18,2.35831157193e-18,2.17665092209e-18,2.55491999582e-18,3.96419980634e-18,4.95630989328e-18,6.4957844167e-18,6.46698281495e-18,7.67049958694e-18,9.9287928219e-18,9.45079575159e-18,9.68968220377e-18,9.70391384621e-18,9.75537854238e-18,1.07242121805e-17,9.67969896096e-18,8.01511130194e-18,6.13856895071e-18,4.48543815677e-18,2.43304279078e-18,9.29310431436e-19,2.44121006195e-19,2.80002059066e-20],"var":[0.00036367616849,0.051455065608,3.05285596848,76.5453338623,265.633880615,250.803649902,129.030136108,109.809547424,249.530319214,360.875518799,336.992858887,185.221878052,78.8667526245,66.009185791,13.7176084518,60.724861145,791.754760742,2376.86816406,20285.4824219,11516.9316406,8820.44824219,7189.00732422,3128.76196289,1320.60778809,1980.81787109,632.47467041,124.85912323,106.55846405,129.238449097,86.3996887207,35.7299880981,5.62512159348,0.80189704895,0.108356453478,0.0195034109056,0.00279833748937,0.000169568855199,0.00000318911429531,4.75278980616e-8,6.22956441987e-9]},"erbbands_crest":{"dmean":2.35093808174,"dmean2":3.84048342705,"dvar":5.61816930771,"dvar2":14.1347894669,"max":29.9172725677,"mean":8.56172275543,"median":7.5598115921,"min":2.13400816917,"var":15.5126066208},"erbbands_flatness_db":{"dmean":0.0127949630842,"dmean2":0.0189451538026,"dvar":0.000161119736731,"dvar2":0.000340536644217,"max":0.320781886578,"mean":0.16998578608,"median":0.166989117861,"min":0.0190614238381,"var":0.00159577897284},"erbbands_kurtosis":{"dmean":0.824952960014,"dmean2":1.29705154896,"dvar":1.48917865753,"dvar2":3.49382925034,"max":26.6518287659,"mean":0.620451033115,"median":-0.274900496006,"min":-1.78388476372,"var":6.34821271896},"erbbands_skewness":{"dmean":0.294610798359,"dmean2":0.460758894682,"dvar":0.0813528746367,"dvar2":0.189660027623,"max":3.1529276371,"mean":-0.474948614836,"median":-0.495028793812,"min":-3.56579995155,"var":0.607421398163},"erbbands_spread":{"dmean":6.47422647476,"dmean2":10.0593280792,"dvar":46.294883728,"dvar2":110.11089325,"max":152.629592896,"mean":37.7568435669,"median":36.865562439,"min":3.66388320923,"var":294.945281982},"gfcc":{"cov":[[25963.6992188,1074.90734863,-3536.50463867,1348.02124023,-1188.48937988,-113.788223267,-1277.74865723,-237.997024536,-447.043487549,-94.3822021484,-413.081115723,-264.682220459,-306.04699707],[1074.90734863,1009.70269775,-264.736724854,-106.070152283,131.403778076,-180.511581421,60.7414474487,-109.943412781,26.7072277069,-10.6587820053,5.65300893784,-23.3672370911,-31.1346282959],[-3536.50463867,-264.736724854,1012.99713135,-138.182022095,47.4614486694,142.601867676,153.316879272,59.9909934998,-2.41041970253,38.3421173096,37.5630760193,36.9211273193,8.7616147995],[1348.02124023,-106.070152283,-138.182022095,286.871185303,-28.8756370544,32.1923294067,-60.1600914001,15.3129348755,-21.5323677063,-26.1388702393,-31.9847507477,-22.0447254181,-0.0788854286075],[-1188.48937988,131.403778076,47.4614486694,-28.8756370544,320.521057129,-23.8203868866,115.136764526,12.3660545349,45.9486618042,-1.86371922493,5.73583555222,1.26779222488,37.0415153503],[-113.788223267,-180.511581421,142.601867676,32.1923294067,-23.8203868866,171.657928467,24.6281585693,42.9022865295,-20.355386734,21.2970733643,-8.08380126953,1.1678186655,-7.1593079567],[-1277.74865723,60.7414474487,153.316879272,-60.1600914001,115.136764526,24.6281585693,173.45892334,32.793888092,40.6005058289,11.8316173553,19.4462528229,7.1550116539,12.1587953568],[-237.997024536,-109.943412781,59.9909934998,15.3129348755,12.3660545349,42.9022865295,32.793888092,124.920158386,47.984539032,21.9908752441,-4.10409498215,2.23439836502,0.835370659828],[-447.043487549,26.7072277069,-2.41041970253,-21.5323677063,45.9486618042,-20.355386734,40.6005058289,47.984539032,102.467460632,22.7807216644,10.5776557922,-4.24026346207,6.53598737717],[-94.3822021484,-10.6587820053,38.3421173096,-26.1388702393,-1.86371922493,21.2970733643,11.8316173553,21.9908752441,22.7807216644,68.4095458984,17.68724823,5.57449007034,-5.77961397171],[-413.081115723,5.65300893784,37.5630760193,-31.9847507477,5.73583555222,-8.08380126953,19.4462528229,-4.10409498215,10.5776557922,17.68724823,62.7723960876,19.9603023529,1.3894213438],[-264.682220459,-23.3672370911,36.9211273193,-22.0447254181,1.26779222488,1.1678186655,7.1550116539,2.23439836502,-4.24026346207,5.57449007034,19.9603023529,53.9536247253,15.6636285782],[-306.04699707,-31.1346282959,8.7616147995,-0.0788854286075,37.0415153503,-7.1593079567,12.1587953568,0.835370659828,6.53598737717,-5.77961397171,1.3894213438,15.6636285782,54.224773407]],"icov":[[0.000279358297121,-0.0004726346815,0.00066703686025,-0.000767741235904,0.000552870042156,-0.000466334808152,0.00090668653138,-0.000390679342672,0.000722100317944,-0.000620713108219,0.000706115795765,0.0000387315303669,0.000377429969376],[-0.0004726346815,0.00244903401472,-0.000742189062294,0.00164484872948,-0.00139993207995,0.00203063641675,-0.00253862305544,0.00189010263421,-0.00134300207719,0.000642898783553,-0.000727604725398,0.0000138126151796,0.000870510411914],[0.00066703686025,-0.000742189062294,0.00307608908042,-0.00116769503802,0.00127902056556,-0.00181964109652,0.00101744499989,-0.0010018349858,0.0021917973645,-0.0016029230319,0.00141749880277,-0.000223071459914,0.00110631645657],[-0.000767741235904,0.00164484872948,-0.00116769503802,0.00676216604188,-0.00183910236228,0.000106163635792,-0.00133330188692,0.000171083171153,-0.00150854676031,0.00318590435199,-0.00144971103873,0.00121868017595,-0.00141704152338],[0.000552870042156,-0.00139993207995,0.00127902056556,-0.00183910236228,0.0058739958331,-0.00047711332445,-0.00105982250534,-0.000712744367775,0.000663578102831,-0.0010683038272,0.00177519302815,0.000650705653243,-0.00214698677883],[-0.000466334808152,0.00203063641675,-0.00181964109652,0.000106163635792,-0.00047711332445,0.0105888461694,-0.00397069891915,-0.00124123890419,0.00229809759185,-0.00236522150226,0.000652670452837,0.000172464424395,0.000865897163749],[0.00090668653138,-0.00253862305544,0.00101744499989,-0.00133330188692,-0.00105982250534,-0.00397069891915,0.0137576209381,-0.00292329955846,0.0000564577167097,-0.000474896543892,0.000018244727471,0.000424413039582,0.000472827523481],[-0.000390679342672,0.00189010263421,-0.0010018349858,0.000171083171153,-0.000712744367775,-0.00124123890419,-0.00292329955846,0.0137900300324,-0.0075586871244,-0.000861908658408,0.00177878153045,-0.00198042439297,0.00115413055755],[0.000722100317944,-0.00134300207719,0.0021917973645,-0.00150854676031,0.000663578102831,0.00229809759185,0.0000564577167097,-0.0075586871244,0.0181232970208,-0.00567947514355,0.0000208255405596,0.00333548220806,-0.000851874996442],[-0.000620713108219,0.000642898783553,-0.0016029230319,0.00318590435199,-0.0010683038272,-0.00236522150226,-0.000474896543892,-0.000861908658408,-0.00567947514355,0.0207127351314,-0.00635433988646,-0.000696578528732,0.000922998355236],[0.000706115795765,-0.000727604725398,0.00141749880277,-0.00144971103873,0.00177519302815,0.000652670452837,0.000018244727471,0.00177878153045,0.0000208255405596,-0.00635433988646,0.0231373235583,-0.00732411537319,0.00302147888578],[0.0000387315303669,0.0000138126151796,-0.000223071459914,0.00121868017595,0.000650705653243,0.000172464424395,0.000424413039582,-0.00198042439297,0.00333548220806,-0.000696578528732,-0.00732411537319,0.0246465783566,-0.00763018801808],[0.000377429969376,0.000870510411914,0.00110631645657,-0.00141704152338,-0.00214698677883,0.000865897163749,0.000472827523481,0.00115413055755,-0.000851874996442,0.000922998355236,0.00302147888578,-0.00763018801808,0.0246758777648]],"mean":[-54.9488563538,95.7951583862,-134.435379028,49.3439559937,-42.8886680603,-6.44418764114,-42.0530052185,-8.23412227631,-15.0745000839,1.3493796587,-18.7304000854,-10.9082708359,-17.9305057526]},"hfc":{"dmean":4.13026714325,"dmean2":5.7747335434,"dvar":42.582157135,"dvar2":80.3514022827,"max":160.33164978,"mean":16.4735031128,"median":9.72662353516,"min":1.0883413181e-16,"var":340.323791504},"melbands":{"dmean":[0.0000526976436959,0.000277568266029,0.0006128900568,0.000493005733006,0.000168883925653,0.0000939000674407,0.0000932398907025,0.000060330661654,0.0000406894323532,0.0000200110771402,0.0000119827582239,0.00000953954986471,0.00000429192459706,0.00000601910051046,0.0000117078370749,0.0000196958935703,0.0000295247700706,0.0000559863001399,0.0000428726998507,0.0000262890989688,0.0000309191782435,0.0000188587182492,0.0000145996282299,0.000012283997421,0.00000813746737549,0.00000891499348654,0.00000860080945131,0.00000412264716942,0.00000230762884712,0.00000149115214754,0.00000153157304794,0.00000133791911594,0.00000118019431739,8.33300930481e-7,6.16216766502e-7,3.81949348593e-7,2.35420557715e-7,1.39746688887e-7,8.57567457047e-8,4.69173997431e-8],"dmean2":[0.0000877298443811,0.000485708995257,0.00104812369682,0.00082729908172,0.000279700412648,0.000161723248311,0.000151762913447,0.0000942066326388,0.0000608728332736,0.0000307700720441,0.0000189904003491,0.0000150229807332,0.00000672358783049,0.00000943408304011,0.0000183224583452,0.0000314413773594,0.0000472981228086,0.0000900265731616,0.000066464090196,0.0000406021936215,0.0000478558358736,0.0000289287181658,0.0000228626959142,0.0000189667116501,0.0000126551003632,0.0000138813556987,0.0000134328101922,0.00000643868725092,0.00000368806877304,0.0000023234301807,0.00000235863149101,0.00000202507953873,0.00000180951701623,0.00000126218640162,9.23681000131e-7,5.54937798825e-7,3.38692643709e-7,2.10149664781e-7,1.25108385873e-7,6.79688483274e-8],"dvar":[1.20830474515e-8,5.1335854323e-7,0.00000294988694804,0.00000115005570933,1.7000614605e-7,5.34711830369e-8,3.06202991851e-8,1.80652239834e-8,7.39606198508e-9,3.27702909253e-9,9.73237934687e-10,7.38681060763e-10,7.79291423059e-11,1.74837713751e-10,6.43022524116e-10,2.02119498915e-9,4.59580862255e-9,2.15448014984e-8,1.40150735461e-8,4.80511674894e-9,5.56686474695e-9,4.00844779591e-9,1.27684840479e-9,1.29769650581e-9,3.25183158179e-10,3.31585092717e-10,4.92820062536e-10,6.45353492867e-11,2.26114491714e-11,9.77314409956e-12,1.013641341e-11,1.39086598142e-11,1.07585971382e-11,1.23735587748e-11,5.67657119227e-12,1.75579115049e-12,5.09402524503e-13,1.77044617573e-13,8.93292533585e-14,2.21285172125e-14],"dvar2":[2.88503194668e-8,0.00000143975796618,0.00000790240301285,0.00000297729206977,4.36962380945e-7,1.48968723579e-7,7.98405181968e-8,4.15708782953e-8,1.6385042656e-8,8.05528799219e-9,2.4621669148e-9,1.8755863529e-9,1.87860574319e-10,4.25320501041e-10,1.49441892194e-9,5.02962071991e-9,1.12634150895e-8,5.35240580746e-8,3.2028996344e-8,1.06445110504e-8,1.2952368067e-8,8.51188097784e-9,2.88460810793e-9,2.52354337427e-9,7.29734606075e-10,7.18255122045e-10,1.11553877247e-9,1.49933801485e-10,5.58295874808e-11,2.40725685913e-11,2.27045743317e-11,3.14444650873e-11,2.63708620912e-11,3.02345266878e-11,1.34334401242e-11,3.94929271577e-12,1.09511857048e-12,4.11929957376e-13,1.93956341873e-13,4.81708416374e-14],"max":[0.0029278814327,0.0094459252432,0.0211386457086,0.0117629412562,0.00713398493826,0.00301006133668,0.00345863541588,0.00359498127364,0.00221522478387,0.00140715308953,0.000758074282203,0.000778930378146,0.000308575690724,0.000489604834002,0.000713877845556,0.00118255103007,0.00195549638011,0.00328318658285,0.00360686890781,0.00232848245651,0.00188351201359,0.00178598624188,0.0013948250562,0.00239117536694,0.00066037644865,0.000585237692576,0.00079488690244,0.000191209022887,0.000176162458956,0.000127284161863,0.000152429856826,0.000257270410657,0.000133983761771,0.000181655457709,0.000125372433104,0.000054707077652,0.0000285023234028,0.0000132334489535,0.0000103103930087,0.00000520405501447],"mean":[0.000155143789016,0.000588750874158,0.000757371308282,0.000720982905477,0.000276513135759,0.000132949091494,0.000156134177814,0.000111895824375,0.0000812018697616,0.0000364887528121,0.0000209458412428,0.0000166267145687,0.00000769562211644,0.0000107058913272,0.0000203740219149,0.00003663262396,0.0000504170639033,0.000100979887065,0.0000841461951495,0.0000519342720509,0.0000579271509196,0.0000355768279405,0.0000283955578197,0.0000239368382609,0.0000171725550899,0.0000190484679479,0.000017206866687,0.00000871831434779,0.00000498755980516,0.00000325587348016,0.0000034036188481,0.00000292420463666,0.00000237045014728,0.00000167254688677,0.00000125571443732,7.74486522914e-7,4.63127406647e-7,2.56498651652e-7,1.6488239396e-7,9.22449174823e-8],"median":[0.000089013716206,0.000472038111184,0.000262572895736,0.000356832519174,0.000129178690258,0.0000635456381133,0.0000768392637838,0.0000540940891369,0.000037435835111,0.0000131347351271,0.00000780352820584,0.00000724589881429,0.00000378770096177,0.00000534955142939,0.0000103259790194,0.0000131592587422,0.0000203529707505,0.000028446842407,0.0000214123483602,0.0000163415679708,0.0000182834173756,0.0000105629023892,0.00000971242297965,0.00000757026509746,0.00000762236368246,0.00000832634032122,0.00000594003176957,0.00000317843591802,0.00000209380095839,0.00000127431701458,0.00000104707908122,7.15184967248e-7,6.1707015675e-7,3.82611403893e-7,3.00602010839e-7,1.54511624828e-7,8.52794102002e-8,4.4997030102e-8,2.78474949766e-8,1.5518452301e-8],"min":[5.78141366295e-25,7.65781053806e-25,6.31246693573e-25,6.71103397771e-25,8.57135140238e-25,9.71042513433e-25,1.31955544351e-24,6.03639914549e-25,1.48723788689e-24,1.82404283924e-24,1.58193620122e-24,2.4963572371e-24,1.90662277095e-24,1.76164019454e-24,3.22715817692e-24,2.58940555024e-24,2.60489759513e-24,2.58323508024e-24,3.43950059994e-24,2.77587057456e-24,2.81680436972e-24,3.4680352766e-24,3.31889402272e-24,3.85795068382e-24,4.18335422951e-24,4.3716620329e-24,4.13745317444e-24,4.42026099226e-24,4.55980772538e-24,3.76987870249e-24,5.28396980903e-24,4.33921539501e-24,5.4849368578e-24,4.91844913644e-24,4.83697163784e-24,5.34695995788e-24,5.84845382368e-24,5.21686417283e-24,6.46607353676e-24,6.07968907096e-24],"var":[4.23099919544e-8,4.51781346555e-7,0.00000252210247709,0.00000118696016216,2.05477491022e-7,5.14092164394e-8,5.55700765403e-8,4.3425501417e-8,1.80236021663e-8,7.64718066648e-9,2.07903427807e-9,1.34718791678e-9,1.48848280923e-10,4.05627975653e-10,1.33249478118e-9,6.27127461073e-9,9.30671628652e-9,4.67205296673e-8,3.99259825201e-8,1.46648870825e-8,1.39240707853e-8,1.06643112119e-8,3.09480330252e-9,3.92680865602e-9,8.034852228e-10,9.68413904623e-10,1.09635189816e-9,2.16074394488e-10,5.8730777186e-11,2.95085136881e-11,4.56915547065e-11,5.07150189899e-11,2.85335574612e-11,2.96865899918e-11,1.55980853234e-11,4.73078260593e-12,1.35008497437e-12,4.25461993111e-13,1.99575599102e-13,5.00738908888e-14]},"melbands_crest":{"dmean":2.41335630417,"dmean2":3.98999977112,"dvar":6.19447851181,"dvar2":17.1121139526,"max":33.0331954956,"mean":12.2341718674,"median":11.5320243835,"min":1.48272776604,"var":21.1891441345},"melbands_flatness_db":{"dmean":0.0198097545654,"dmean2":0.0307259317487,"dvar":0.000516789674293,"dvar2":0.00130150513723,"max":0.431751877069,"mean":0.178616046906,"median":0.173113644123,"min":0.00318491761573,"var":0.00367756490596},"melbands_kurtosis":{"dmean":4.82174777985,"dmean2":7.57975482941,"dvar":153.734344482,"dvar2":293.167724609,"max":623.731445313,"mean":10.1938438416,"median":4.77887916565,"min":-1.81875419617,"var":924.814758301},"melbands_skewness":{"dmean":0.581459283829,"dmean2":0.911021113396,"dvar":0.51693636179,"dvar2":1.26288628578,"max":20.6486568451,"mean":2.29081010818,"median":2.16864275932,"min":-1.4197896719,"var":3.18717336655},"melbands_spread":{"dmean":7.65171909332,"dmean2":12.0409240723,"dvar":85.6848297119,"dvar2":195.262557983,"max":192.374206543,"mean":36.5283737183,"median":29.1511306763,"min":0.852057039738,"var":664.750488281},"mfcc":{"cov":[[10323.5068359,-111.245124817,-814.983581543,492.236206055,71.0372924805,-7.95572280884,-399.063842773,-154.420196533,-261.956970215,37.7139015198,-141.845001221,-214.555664063,-213.460586548],[-111.245124817,1304.62768555,-245.051330566,136.812957764,-0.936683118343,47.4105453491,-12.0127010345,-56.6741905212,-11.9237146378,-24.9336624146,20.5005092621,36.8242073059,46.8164710999],[-814.983581543,-245.051330566,673.929016113,-115.239555359,-28.3250465393,25.1601600647,69.1125335693,12.1225833893,-8.28943920135,0.996151030064,14.6127061844,26.0266342163,7.90014410019],[492.236206055,136.812957764,-115.239555359,236.547622681,58.5332870483,18.6485004425,-12.9713907242,12.9765462875,14.0375547409,12.0337228775,-6.49804544449,-18.4715671539,-13.6254816055],[71.0372924805,-0.936683118343,-28.3250465393,58.5332870483,133.19329834,20.9826602936,18.9810199738,15.3644227982,30.2309646606,18.4223918915,-4.64945363998,-1.75446438789,-6.48955917358],[-7.95572280884,47.4105453491,25.1601600647,18.6485004425,20.9826602936,111.097358704,48.1064338684,3.50552511215,2.59726428986,4.41980934143,-0.00947347376496,-14.2353134155,0.424128800631],[-399.063842773,-12.0127010345,69.1125335693,-12.9713907242,18.9810199738,48.1064338684,115.722473145,31.8194103241,19.6903190613,10.8307266235,11.8727016449,1.62960553169,-0.417262494564],[-154.420196533,-56.6741905212,12.1225833893,12.9765462875,15.3644227982,3.50552511215,31.8194103241,85.371635437,38.6370811462,14.5496139526,17.1420631409,1.44291591644,1.19025337696],[-261.956970215,-11.9237146378,-8.28943920135,14.0375547409,30.2309646606,2.59726428986,19.6903190613,38.6370811462,103.993247986,39.7941474915,18.2638320923,10.6080322266,-1.14517247677],[37.7139015198,-24.9336624146,0.996151030064,12.0337228775,18.4223918915,4.41980934143,10.8307266235,14.5496139526,39.7941474915,82.2155838013,32.7116279602,2.28844451904,-0.907838404179],[-141.845001221,20.5005092621,14.6127061844,-6.49804544449,-4.64945363998,-0.00947347376496,11.8727016449,17.1420631409,18.2638320923,32.7116279602,76.654914856,26.6937656403,1.03220820427],[-214.555664063,36.8242073059,26.0266342163,-18.4715671539,-1.75446438789,-14.2353134155,1.62960553169,1.44291591644,10.6080322266,2.28844451904,26.6937656403,68.9541702271,26.3865623474],[-213.460586548,46.8164710999,7.90014410019,-13.6254816055,-6.48955917358,0.424128800631,-0.417262494564,1.19025337696,-1.14517247677,-0.907838404179,1.03220820427,26.3865623474,70.9975357056]],"icov":[[0.000163089658599,0.0000528622513229,0.000129783104057,-0.000236538224271,-0.0000233558912441,-0.000203398114536,0.000491705490276,-0.0000328250571329,0.000506241514813,-0.000392436224502,0.000207828576094,0.0000182302665053,0.000391520414269],[0.0000528622513229,0.00101409980562,0.000367715314496,-0.000685017148498,0.00025119559723,-0.000521529465914,-0.0000522195041412,0.000873339129612,-0.0000392278270738,0.000420121534262,-0.000479537935462,-0.000451943225926,-0.000491348153446],[0.000129783104057,0.000367715314496,0.00195626076311,0.000354642193997,0.000257779960521,-0.000569716154132,-0.000551231147256,0.0000527669944859,0.000699112715665,-0.000361488666385,0.000155793517479,-0.000816792831756,0.000328906375216],[-0.000236538224271,-0.000685017148498,0.000354642193997,0.00611151382327,-0.00216165650636,-0.000528233998921,0.000639379722998,-0.00152191042434,-0.000427655293606,-0.000188721518498,0.000192326420802,0.000835653278045,0.000386120082112],[-0.0000233558912441,0.00025119559723,0.000257779960521,-0.00216165650636,0.00959816947579,-0.0011827936396,-0.00124014692847,-0.000110630047857,-0.00187278399244,-0.00134736963082,0.0020139135886,-0.00156840309501,0.000705744547304],[-0.000203398114536,-0.000521529465914,-0.000569716154132,-0.000528233998921,-0.0011827936396,0.0126007022336,-0.00589269353077,0.00160889746621,-0.000429988605902,0.000610713323113,-0.00106523616705,0.00356586766429,-0.00185951904859],[0.000491705490276,-0.0000522195041412,-0.000551231147256,0.000639379722998,-0.00124014692847,-0.00589269353077,0.0145434746519,-0.00443919422105,0.00109592895024,-0.00146684970241,0.000275047786999,-0.000544134003576,0.00197572889738],[-0.0000328250571329,0.000873339129612,0.0000527669944859,-0.00152191042434,-0.000110630047857,0.00160889746621,-0.00443919422105,0.0170348212123,-0.00568625843152,0.00222864327952,-0.0038977463264,0.00220668013208,-0.00213060132228],[0.000506241514813,-0.0000392278270738,0.000699112715665,-0.000427655293606,-0.00187278399244,-0.000429988605902,0.00109592895024,-0.00568625843152,0.0162764061242,-0.00746162375435,0.0020219751168,-0.00282475561835,0.00250877812505],[-0.000392436224502,0.000420121534262,-0.000361488666385,-0.000188721518498,-0.00134736963082,0.000610713323113,-0.00146684970241,0.00222864327952,-0.00746162375435,0.0196322947741,-0.00901143159717,0.00376217439771,-0.00276224408299],[0.000207828576094,-0.000479537935462,0.000155793517479,0.000192326420802,0.0020139135886,-0.00106523616705,0.000275047786999,-0.0038977463264,0.0020219751168,-0.00901143159717,0.0208967626095,-0.00888104643673,0.00413230666891],[0.0000182302665053,-0.000451943225926,-0.000816792831756,0.000835653278045,-0.00156840309501,0.00356586766429,-0.000544134003576,0.00220668013208,-0.00282475561835,0.00376217439771,-0.00888104643673,0.0227799359709,-0.00793537311256],[0.000391520414269,-0.000491348153446,0.000328906375216,0.000386120082112,0.000705744547304,-0.00185951904859,0.00197572889738,-0.00213060132228,0.00250877812505,-0.00276224408299,0.00413230666891,-0.00793537311256,0.0186408739537]],"mean":[-678.496459961,117.194549561,-24.2685375214,47.800163269,10.020488739,11.1402282715,-14.7709560394,-6.97421216965,-7.5843205452,7.98718118668,0.377767145634,-4.3409204483,-4.20655632019]},"pitch_salience":{"dmean":0.0577269047499,"dmean2":0.0958091244102,"dvar":0.00342864054255,"dvar2":0.00977541226894,"max":0.901998579502,"mean":0.592954158783,"median":0.597930252552,"min":0.175129264593,"var":0.00917669851333},"silence_rate_20dB":{"dmean":0,"dmean2":0,"dvar":0,"dvar2":0,"max":1,"mean":1,"median":1,"min":1,"var":0},"silence_rate_30dB":{"dmean":0,"dmean2":0,"dvar":0,"dvar2":0,"max":1,"mean":1,"median":1,"min":1,"var":0},"silence_rate_60dB":{"dmean":0.0351477786899,"dmean2":0.070303581655,"dvar":0.0339101031423,"dvar2":0.0751772671938,"max":1,"mean":0.112962119281,"median":0,"min":0,"var":0.100200794637},"spectral_centroid":{"dmean":251.250106812,"dmean2":392.121063232,"dvar":84393.1875,"dvar2":194347.09375,"max":11980.8603516,"mean":1815.23510742,"median":1683.4987793,"min":288.861328125,"var":1725582.5},"spectral_complexity":{"dmean":3.12199020386,"dmean2":4.64688444138,"dvar":11.9959802628,"dvar2":22.897233963,"max":54,"mean":18.6410312653,"median":17,"min":0,"var":125.691238403},"spectral_contrast_coeffs":{"dmean":[0.0490954406559,0.0379124954343,0.0311671681702,0.0285351034254,0.0210050977767,0.0162270423025],"dmean2":[0.0810649171472,0.0626739114523,0.0505720227957,0.0465100891888,0.0342493839562,0.0255165211856],"dvar":[0.0022749628406,0.00100957939867,0.000701052835211,0.000577104394324,0.000329289323417,0.000227940676268],"dvar2":[0.00571818789467,0.0027019015979,0.00181413779501,0.0014641075395,0.000822582107503,0.000552927842364],"max":[-0.273432224989,-0.457659393549,-0.582690298557,-0.482363790274,-0.559335112572,-0.566003441811],"mean":[-0.605678617954,-0.735462903976,-0.786698520184,-0.763343334198,-0.774511635303,-0.723790884018],"median":[-0.603283643723,-0.733806908131,-0.787060797215,-0.765903055668,-0.775748372078,-0.720644056797],"min":[-0.997860431671,-0.992582023144,-0.976770758629,-0.985898733139,-0.967848718166,-0.965390980244],"var":[0.00905560702085,0.00442436384037,0.00301521876827,0.0039216321893,0.00276239705272,0.00257914233953]},"spectral_contrast_valleys":{"dmean":[0.398192226887,0.358039647341,0.307768702507,0.275081783533,0.216689094901,0.2527949512],"dmean2":[0.654334187508,0.572704315186,0.48546782136,0.426626324654,0.315185785294,0.315553218126],"dvar":[0.138770267367,0.145543202758,0.105962321162,0.0956752449274,0.0795033127069,0.115826621652],"dvar2":[0.320925801992,0.311112105846,0.210844516754,0.181483149529,0.12775658071,0.188257366419],"max":[-5.83461046219,-4.83500957489,-6.16030263901,-5.45245218277,-5.52752637863,-8.1518535614],"mean":[-8.11470508575,-7.4917383194,-8.4860458374,-7.99156093597,-7.85828828812,-11.2007522583],"median":[-7.73535585403,-7.15656661987,-8.1428976059,-7.60995864868,-7.38652992249,-10.9605674744],"min":[-28.4911994934,-28.0314826965,-27.8395557404,-27.8737125397,-27.5019950867,-27.4006099701],"var":[6.24689912796,6.69266843796,6.10187911987,6.62022352219,6.88269996643,5.04495191574]},"spectral_decrease":{"dmean":1.25157328945e-9,"dmean2":1.96412752729e-9,"dvar":5.71177436032e-18,"dvar2":1.38452059907e-17,"max":2.15635012886e-28,"mean":-3.47260042943e-9,"median":-2.51925902361e-9,"min":-2.42182327526e-8,"var":1.03198689263e-17},"spectral_energy":{"dmean":0.00500729773194,"dmean2":0.00777577562258,"dvar":0.0000855017278809,"dvar2":0.00020458077779,"max":0.0937875062227,"mean":0.0146005982533,"median":0.010515623726,"min":1.00560209743e-20,"var":0.000178246526048},"spectral_energyband_high":{"dmean":0.000179191294592,"dmean2":0.000251765275607,"dvar":1.46807678902e-7,"dvar2":3.04500275661e-7,"max":0.0158549007028,"mean":0.000536093837582,"median":0.00019901295309,"min":7.06400530114e-21,"var":7.88472448221e-7},"spectral_energyband_low":{"dmean":0.00161716039293,"dmean2":0.00280355312862,"dvar":0.0000239111577685,"dvar2":0.0000649537687423,"max":0.0637611970305,"mean":0.00275050243363,"median":0.00173751078546,"min":1.04840742375e-23,"var":0.0000201970979106},"spectral_energyband_middle_high":{"dmean":0.00144451542292,"dmean2":0.00212622387335,"dvar":0.00000657339569443,"dvar2":0.0000137087354233,"max":0.0617024563253,"mean":0.00515059102327,"median":0.00244895275682,"min":1.20917225592e-21,"var":0.0000468756079499},"spectral_energyband_middle_low":{"dmean":0.00365515984595,"dmean2":0.0059597720392,"dvar":0.0000596684876655,"dvar2":0.000149390412844,"max":0.0771450325847,"mean":0.00681018084288,"median":0.00403301604092,"min":1.32285044451e-22,"var":0.0000693240799592},"spectral_entropy":{"dmean":0.108605772257,"dmean2":0.165238812566,"dvar":0.0143740735948,"dvar2":0.033087618649,"max":9.81901454926,"mean":7.56997299194,"median":7.58953237534,"min":6.27635335922,"var":0.174975454807},"spectral_flux":{"dmean":0.0179593916982,"dmean2":0.0274303834885,"dvar":0.000717860762961,"dvar2":0.00145730108488,"max":0.268195807934,"mean":0.058448176831,"median":0.0463583208621,"min":6.27898566474e-11,"var":0.00191749283113},"spectral_kurtosis":{"dmean":1.66303324699,"dmean2":2.9221405983,"dvar":3.19434666634,"dvar2":9.54506492615,"max":21.1745796204,"mean":4.36195898056,"median":3.80271911621,"min":-1.30615639687,"var":6.40401983261},"spectral_rms":{"dmean":0.000562834553421,"dmean2":0.000840100052301,"dvar":7.68468225942e-7,"dvar2":0.00000169183874732,"max":0.00956556387246,"mean":0.00340274698101,"median":0.00320298993029,"min":3.13221193773e-12,"var":0.00000266580718744},"spectral_rolloff":{"dmean":427.148651123,"dmean2":706.916442871,"dvar":478007.59375,"dvar2":1035754.5,"max":19509.0820313,"mean":2166.07763672,"median":1981.0546875,"min":64.599609375,"var":5626329.5},"spectral_skewness":{"dmean":0.195661708713,"dmean2":0.332867175341,"dvar":0.0342473760247,"dvar2":0.0995063632727,"max":2.85261273384,"mean":1.20833647251,"median":1.18408060074,"min":-0.119176343083,"var":0.144931167364},"spectral_spread":{"dmean":310537.53125,"dmean2":461747.625,"dvar":343285465088,"dvar2":647457341440,"max":43401048,"mean":4065022,"median":3392753.25,"min":1307902.625,"var":21171355516900},"spectral_strongpeak":{"dmean":0.588249087334,"dmean2":0.986675620079,"dvar":1.46845924854,"dvar2":3.6099550724,"max":20.578042984,"mean":1.07020628452,"median":0.376089930534,"min":0,"var":3.48845934868},"zerocrossingrate":{"dmean":0.00788432452828,"dmean2":0.00969351362437,"dvar":0.0000953386334004,"dvar2":0.000139498471981,"max":0.52294921875,"mean":0.0739568918943,"median":0.06494140625,"min":0.00341796875,"var":0.00366672151722}},"metadata":{"audio_properties":{"analysis_sample_rate":44100,"bit_rate":320041,"codec":"mp3","downmix":"mix","equal_loudness":0,"length":203.467758179,"lossless":false,"md5_encoded":"48ce6b64916caddbd11b9cf5ed982b02","replay_gain":-12.7290039063,"sample_rate":44100},"tags":{"acoustid_fingerprint":["AQADtOnyJMmy4CQZJKQ8fD2O60MrzQlcdciNZNeF4yOLMw9eq7jQv0HNKHgSJD_yG9dKwdOOJz_-47kEO3iWIcwPTcKlI59j5NIi9If2HI_xo_sFMwpPqM2Rv_iC_jhT1AmNH2OcxuiTH6cSHXmo7UhiHV8eNJNaD1WLb8fpHK9MNIdRHrmiQ89SIVePasePHPJR68gzaqhVR7AThL2hIw9eH92Lxwp6PngiifiOnUL-HFqeB_0FnbgiBmGeoUdzE7UKMsyESzi1ZnhphMwKP5ExOM2hfMlh7TGqL8jTHBkuSmgeYyKzQz_Ro7mEO0sG_cV39MkRRp-Q5_iiwfPQ32i-5FBFEY_yQxGVxoWPsju-I7hfjIweXMVpdKNiOE12RLIe_JAQ5gymZorx40e_dEiTcJGF6tCrHCf6HDpf5CVqMZPwP8Tj4HD24GKb4MoZ5IcWF-EzXP8QO2sCWdOKlyFy_KhlIneaQDlSDozCicXYpni6oqfQXEcvzfCRPhVqPVCZ4zmO_tDhckesRTlaGQ8vvE5R74GfodnxI0yZB3WUI0eVHH7gUDwmRw-Oc8jESYb-GBH54ToaeScqM06C4z9yGXpkVB1rfIfWH3lwyisu-AqFkxR-XHoQvhB_dP3xZCkuKqlwCz8elMyF_CrGHdYPRmWiCZd07Ohz5E2MQzz6VFB5PKvxozjD44fVHW1x6RIehH_QnEcTlUenET2aLUGP5jN2fB-oKeHxHMphHk8qnA-exEb3wFx2IbSQPDgjSSoeWah4wkf6HMnYnTi-oJmVDhXFE5eOWPKRLGc01MeDy8a3RAnyrtD0IMyPK-NwNcVWXMwHZpEI5ymiRxfMisZD-Oh7aD_RTB-e40d3yrAa5MRz9D2eHdeFnkbjG19ONEHOY6OSE7p0iAoVsviROxWaVPvwIz-YHNqZYs-Rh0cfGuGXJ-htaEkQry-eRehJ4ctxHn2rRHiSEjmaBOUrPEnyiIEuI9-CJtwQntHx41JCBvqiow98Y_8gcvAvIdsHJx-eYyd8Irye4jl0x6ijUWgS_MTxRQgdLRqOJhfx_MIrCT9-9ArMkegTAXF-Qf-DH98R3oR7oVaO43lRNYefHakHTc6OJ9Jxos0ispgyK8FP6B6hKC9CcRMV4mEenJkE7zgaRs1RTmWQ_xD_I2fwRxTxo4c7CaWPHw-vIDaP5BIaE2VYNPOD_kAveF2OdsR__DueMlXxD6diDe0yohkZ4MaZG2FiC9p05E16fE3wXMN_9Idn9Dk-PN3QH02PfPkh5scjZWSCN8elHNPRLNOOhxT-hNgjD3nRSGOK0gmV4MQvHuWKsJGUBhq1C2G-DV-Pr9OC6yJ6NMcfhO2OksSeGXkagUl99MaaLERvPMd13Ce-ITxToc-gjCpF9MWpHHlvMFdk-HiNjT96pXiPo-5TTEl1dCOPB56cwk24ItmP7MePplyDaUqy48ePPocbtNEnxI8caM-RahKFHOoRpmJcvFGHD7-K5hlK0sSX45knhI