{"lowlevel":{"average_loudness":0.42733463645,"barkbands":{"dmean":[0.0000160657109518,0.000750847219024,0.000741784053389,0.00102041778155,0.00261474587023,0.000630655500572,0.000737302587368,0.000644663290586,0.000584795547184,0.000540923152585,0.000216007523704,0.000245049479418,0.000178320828127,0.000184593169251,0.000226587464567,0.000153831279022,0.00010487381951,0.000157643211423,0.000106887971924,0.000147663216922,0.000112553767394,0.0000952879781835,0.000084733190306,0.0000497811997775,0.0000193287232833,0.00000322987557411,2.89722219549e-8],"dmean2":[0.0000278430961771,0.00121926085558,0.00126264849678,0.00171397079248,0.00427092937753,0.000992995337583,0.00113099836744,0.00101502111647,0.000889721792191,0.000769089383539,0.00033320588409,0.000391095964005,0.000290133699309,0.000284162670141,0.000343096442521,0.00023764395155,0.00016787610366,0.00024793195189,0.000166958125192,0.000236188221606,0.000176448462298,0.000146222664625,0.000129552659928,0.0000751730694901,0.0000293276498269,0.00000505630714542,4.98483387901e-8],"dvar":[1.0936376249e-9,0.00000156549435815,0.00000202070964406,0.00000400426552005,0.0000184164327948,0.00000197490908249,0.00000429166539107,0.00000418371109845,0.00000366363042303,0.00000582941220273,7.69827522618e-7,7.60581542636e-7,3.88519282524e-7,2.82787055994e-7,4.66074396854e-7,1.53351862764e-7,7.83161908657e-8,1.40317823139e-7,4.96488326007e-8,1.77009951585e-7,1.45757198311e-7,9.69956914787e-8,1.1775454567e-7,4.1776733184e-8,7.43711048301e-9,3.83021059314e-10,3.70238948278e-14],"dvar2":[2.94650659427e-9,0.00000414150144934,0.0000057590191318,0.0000115247203212,0.0000502854163642,0.00000482158657178,0.00000955643827183,0.00000991711749521,0.00000848620493343,0.0000108712883957,0.00000178033644715,0.0000017386471427,9.90747025753e-7,6.70272356729e-7,0.00000101083082882,3.58676771839e-7,1.92799333831e-7,3.22794875274e-7,1.1809247269e-7,4.48612894388e-7,3.68118634242e-7,2.08278777336e-7,2.55704406982e-7,8.66834000135e-8,1.6959830873e-8,8.408433394e-10,9.69436797548e-14],"max":[0.000387234613299,0.0298730097711,0.0245195887983,0.0266610458493,0.0575580447912,0.0328590124846,0.047169841826,0.0419713146985,0.0420509018004,0.0838785693049,0.0329539477825,0.0330952331424,0.0164423510432,0.0102648772299,0.0226186979562,0.00910787843168,0.0103825079277,0.012577816844,0.00415903795511,0.0158064644784,0.010334149003,0.0105868494138,0.00938150007278,0.00664383592084,0.00221116887406,0.000696700531989,0.00000707446224624],"mean":[0.0000178981081262,0.00142888817936,0.00126360089052,0.00154906057287,0.00510858558118,0.00116791785695,0.00132299028337,0.00105381652247,0.0009516600403,0.000983937643468,0.00034099019831,0.000418995768996,0.00027504900936,0.000311368406983,0.000381188030588,0.000277584709693,0.000178732982022,0.000282973662252,0.00018913767417,0.000226398042287,0.000148797640577,0.000131766617415,0.00011326133972,0.0000667118001729,0.0000225788608077,0.00000336798461831,2.4832070622e-8],"median":[0.00000721594551578,0.000859675812535,0.000615379947703,0.000783813418821,0.00284767104313,0.000488472171128,0.000325121625792,0.000165604345966,0.000158898867085,0.0000723861157894,0.0000619523198111,0.000100943609141,0.0000743374985177,0.0000626117544016,0.0000886878406163,0.0000709794112481,0.0000525143041159,0.000086054118583,0.000052956485888,0.0000543297283002,0.0000257408319158,0.0000151660478878,0.00000929698035179,0.00000441574502474,0.00000116088335744,1.94564918843e-7,4.94522378602e-9],"min":[4.87854904489e-25,1.85315456765e-24,9.00702350312e-25,1.40198933735e-24,9.59749318764e-24,6.48500383191e-24,1.12051743575e-23,1.16030126893e-23,1.91944341726e-23,1.96389825363e-23,1.77158201132e-23,2.16986320955e-23,2.31982298551e-23,4.81588917238e-23,2.81258416109e-23,6.80534967478e-23,6.2694019934e-23,7.30003677538e-23,1.23887840996e-22,1.45466758716e-22,2.7158171182e-22,3.17241359668e-22,3.899560588e-22,5.66593425563e-22,8.5692771163e-22,1.19077324282e-21,2.04025976206e-21],"var":[1.11966480532e-9,0.00000324616530634,0.00000327375209963,0.00000520058529219,0.0000434605244664,0.00000419590833189,0.0000115837819976,0.00000944305884332,0.00000717506918591,0.0000181653813343,0.00000133262767577,0.00000182509484148,5.93205186306e-7,6.19476679731e-7,0.00000105857475319,3.64870373915e-7,1.52905997197e-7,2.9872057894e-7,1.05864380373e-7,2.36455846903e-7,1.57927829036e-7,1.71895621293e-7,1.94846265344e-7,7.33182687895e-8,9.81061898386e-9,3.85694171046e-10,2.70345371252e-14]},"barkbands_crest":{"dmean":2.52130436897,"dmean2":4.12808561325,"dvar":5.20713853836,"dvar2":13.8156442642,"max":25.79114151,"mean":10.6961545944,"median":9.80146980286,"min":2.85306072235,"var":20.1731548309},"barkbands_flatness_db":{"dmean":0.0223124735057,"dmean2":0.0336415842175,"dvar":0.000436588656157,"dvar2":0.000964868464507,"max":0.39675834775,"mean":0.159742638469,"median":0.150865644217,"min":0.0395463220775,"var":0.0031479774043},"barkbands_kurtosis":{"dmean":3.80937480927,"dmean2":6.10081243515,"dvar":40.9721603394,"dvar2":101.005142212,"max":170.157272339,"mean":7.46605014801,"median":3.47116661072,"min":-1.94826567173,"var":126.332366943},"barkbands_skewness":{"dmean":0.571641147137,"dmean2":0.895575165749,"dvar":0.361309438944,"dvar2":0.812004566193,"max":10.2022027969,"mean":2.00693941116,"median":1.86843156815,"min":-4.14155912399,"var":1.83638858795},"barkbands_spread":{"dmean":6.00413703918,"dmean2":9.31806945801,"dvar":69.1589660645,"dvar2":147.064926147,"max":100.306503296,"mean":18.7822933197,"median":15.7183017731,"min":1.02862632275,"var":204.442214966},"dissonance":{"dmean":0.0171170942485,"dmean2":0.0281424578279,"dvar":0.000331903720507,"dvar2":0.00088644871721,"max":0.500000119209,"mean":0.461504638195,"median":0.468857645988,"min":0.0475923269987,"var":0.000813621154521},"dynamic_complexity":6.80658960342,"erbbands":{"dmean":[0.012441130355,0.20824021101,0.831892907619,1.78486776352,8.70811653137,8.51549816132,5.66599845886,4.90784025192,9.87947750092,10.7457113266,16.1534061432,12.1217212677,20.5946121216,9.25454998016,7.38525485992,10.3752422333,8.56541347504,9.47390556335,10.7452573776,9.91334724426,6.9480099678,5.25445318222,7.93899345398,6.06851053238,6.06386804581,6.76578569412,4.71956920624,4.31835031509,3.54617524147,2.9515607357,2.29197192192,1.40641927719,0.654774963856,0.292781680822,0.0955009385943,0.0259437989444,0.00354386912659,0.000241662724875,0.00000949915011006,0.00000646309263175],"dmean2":[0.0195564236492,0.341863930225,1.39797627926,3.00184774399,14.3840522766,13.9141302109,8.77367973328,7.96548748016,15.4532670975,16.4957275391,25.0361766815,18.3657035828,29.0750255585,13.4143066406,11.3242845535,16.2353057861,13.8976459503,14.4325752258,16.0437736511,15.2328557968,10.6074457169,8.19626998901,12.3403329849,9.35135364532,9.50525856018,10.7969694138,7.34658241272,6.81484031677,5.46224117279,4.5152015686,3.54014205933,2.13629865646,1.00058293343,0.444989472628,0.145174592733,0.0400925949216,0.00544573133811,0.000382137310226,0.0000144271734825,0.00000985356382444],"dvar":[0.000779729220085,0.113498531282,2.09786939621,13.3826217651,227.798080444,244.676864624,179.631317139,138.216644287,849.707214355,1081.15515137,2920.58374023,1573.12585449,7423.66894531,1336.26733398,582.983520508,1327.94580078,933.627807617,711.383483887,1142.23339844,720.038879395,250.202194214,195.158599854,315.388061523,207.77571106,186.77104187,483.600494385,214.341293335,213.324951172,137.465057373,119.976921082,94.1480865479,36.58436203,6.50836086273,1.65582025051,0.204675152898,0.0226261429489,0.000417300616391,0.00000209327367884,1.55071300245e-9,9.50523340593e-11],"dvar2":[0.00183172884863,0.307040929794,5.93239164352,38.2510604858,619.270629883,660.214599609,410.737365723,346.945861816,1944.0690918,2559.93359375,6877.13183594,3663.83251953,14052.1796875,2775.94287109,1255.28771973,3057.8503418,2440.7434082,1622.60913086,2519.64916992,1649.07128906,576.598022461,463.766235352,766.978942871,474.15234375,445.428100586,1243.48449707,542.263122559,532.347412109,309.805541992,246.39440918,202.613845825,75.950378418,13.8943166733,3.6852953434,0.466789931059,0.0505091175437,0.000896099489182,0.00000458931071989,3.38991035242e-9,2.10229583741e-10],"max":[0.77422118187,6.87795686722,25.1242046356,64.1408081055,240.011489868,242.018630981,281.614562988,356.138977051,799.487243652,820.211975098,1160.76904297,1035.6484375,2839.63989258,1460.11328125,758.123901367,1269.3314209,848.589782715,611.206970215,1172.27404785,667.946960449,453.864562988,479.894226074,488.439697266,447.273254395,304.996612549,897.118713379,433.097473145,398.532470703,393.118255615,389.491149902,243.517044067,217.048034668,79.1563568115,28.9324512482,12.7657585144,5.51874399185,0.569086432457,0.0384289249778,0.00105714006349,0.000159906150657],"mean":[0.0197224225849,0.396999448538,1.53310084343,3.24478578568,13.5781526566,16.6287689209,11.6947860718,8.81578350067,17.1143264771,19.0992050171,26.9239768982,21.0465564728,37.6437721252,17.2083873749,13.2429628372,18.4233894348,14.4762010574,16.6634140015,18.9165725708,17.7684001923,13.9117774963,10.0736637115,14.5970640182,11.3453884125,10.7241401672,10.0961408615,6.85805702209,5.6346988678,4.7897310257,4.12573385239,3.05771422386,1.88445103168,0.83825647831,0.355315417051,0.106332153082,0.0273842252791,0.00377833610401,0.000261949870037,0.0000187219702639,0.0000226901720453],"median":[0.00875585433096,0.240887492895,0.83696359396,1.95914030075,7.22034072876,7.49050378799,4.07488584518,3.81693935394,4.50719118118,4.57511138916,3.97033119202,3.77044391632,3.31817340851,2.35300016403,3.34445524216,4.50664329529,4.3384180069,3.70858192444,4.11575841904,4.39243030548,4.27635860443,3.14911937714,4.49288463593,3.59009003639,2.87804889679,2.32803487778,1.41703128815,0.931120693684,0.58727902174,0.450826734304,0.227840274572,0.119727268815,0.0560623630881,0.0179450884461,0.00550923962146,0.00138217280619,0.000296615558909,0.0000380175588361,0.00000916518183658,0.0000164280427271],"min":[6.06456384639e-23,7.31932057487e-22,3.11810558468e-21,4.36752453949e-21,2.16962543804e-20,2.28584253696e-20,5.18492059091e-20,6.085346108e-20,1.29520806268e-19,2.25218921072e-19,2.55405171467e-19,3.43521594346e-19,6.30278953131e-19,8.80028664901e-19,1.37805477637e-18,1.2794314795e-18,1.33242563263e-18,2.16112081288e-18,2.31729561446e-18,2.35315327363e-18,4.13023232608e-18,5.26316370845e-18,4.20521418065e-18,4.95641659958e-18,8.60218288936e-18,6.78856251297e-18,1.03381380373e-17,1.16988584167e-17,1.16010773965e-17,1.19130245763e-17,1.11960384834e-17,1.13909569773e-17,1.00415317491e-17,8.37038454785e-18,5.94839351044e-18,4.07543781435e-18,2.37715764141e-18,9.5006801192e-19,2.44164536575e-19,2.91391560619e-20],"var":[0.00118261715397,0.240518346429,4.04334640503,19.7901382446,335.06930542,644.819641113,516.543579102,285.813049316,2193.203125,2235.5378418,6907.29248047,3206.03222656,23506.0371094,3315.05029297,1385.79296875,3179.33813477,1413.11804199,1598.13549805,2679.52514648,1695.13745117,700.041687012,460.475189209,749.164306641,429.368438721,390.22076416,568.532409668,256.969421387,235.89831543,209.035125732,229.465789795,156.177536011,61.3050079346,11.8583431244,2.51231050491,0.225427553058,0.0230085905641,0.000434570363723,0.00000206403638003,1.8436453475e-9,5.10016195943e-10]},"erbbands_crest":{"dmean":2.30789160728,"dmean2":3.67016172409,"dvar":5.29904079437,"dvar2":12.8847475052,"max":27.5608062744,"mean":8.55594444275,"median":7.50924348831,"min":2.02534246445,"var":18.1934547424},"erbbands_flatness_db":{"dmean":0.0166264828295,"dmean2":0.0236918311566,"dvar":0.00026007933775,"dvar2":0.000505737261847,"max":0.318628281355,"mean":0.166960850358,"median":0.164962619543,"min":0.0316674262285,"var":0.00164729682729},"erbbands_kurtosis":{"dmean":0.953903079033,"dmean2":1.47534608841,"dvar":3.54118108749,"dvar2":6.83353948593,"max":73.5237503052,"mean":0.426034659147,"median":-0.48162996769,"min":-1.86176991463,"var":10.0001440048},"erbbands_skewness":{"dmean":0.384420156479,"dmean2":0.586021602154,"dvar":0.169635310769,"dvar2":0.335503518581,"max":5.35103559494,"mean":0.448600232601,"median":0.382839679718,"min":-7.80477523804,"var":0.889810621738},"erbbands_spread":{"dmean":9.37969303131,"dmean2":14.0677480698,"dvar":106.548240662,"dvar2":240.011123657,"max":136.108642578,"mean":44.0127258301,"median":42.3067703247,"min":4.26201295853,"var":383.636932373},"gfcc":{"cov":[[32671.9570312,1890.64807129,-4093.7722168,1197.31274414,-1644.1204834,221.67956543,-660.616638184,19.5858459473,-75.8855209351,-322.840911865,-73.1215286255,-570.233459473,73.8736572266],[1890.64807129,1184.15844727,-293.117584229,-170.916900635,208.656509399,-234.451797485,82.0361785889,-106.580627441,35.7004547119,-96.735710144,62.1783638,-65.9926223755,-11.9703092575],[-4093.7722168,-293.117584229,1028.62451172,-19.3701782227,152.632156372,26.7046928406,38.2523956299,-28.8079910278,-47.2410697937,68.236946106,-8.75754737854,116.657699585,-34.6055107117],[1197.31274414,-170.916900635,-19.3701782227,399.306274414,-92.5902481079,29.8196811676,-56.6636772156,-21.2899093628,1.85380291939,1.22225534916,-7.23306894302,-8.60647773743,12.9453411102],[-1644.1204834,208.656509399,152.632156372,-92.5902481079,347.951660156,-76.9933166504,69.0840148926,-11.5338907242,20.5004405975,-9.27315235138,8.36677265167,11.6302318573,0.657104611397],[221.67956543,-234.451797485,26.7046928406,29.8196811676,-76.9933166504,243.038269043,35.7877998352,53.2545433044,-16.418920517,19.5456542969,-21.5725746155,-0.0754543989897,0.481832742691],[-660.616638184,82.0361785889,38.2523956299,-56.6636772156,69.0840148926,35.7877998352,185.996002197,7.07987976074,24.2916984558,-2.22234082222,14.8970403671,-5.20757961273,-5.39479160309],[19.5858459473,-106.580627441,-28.8079910278,-21.2899093628,-11.5338907242,53.2545433044,7.07987976074,123.396858215,21.0711536407,15.7839279175,-9.70832824707,-3.83333134651,-5.48731803894],[-75.8855209351,35.7004547119,-47.2410697937,1.85380291939,20.5004405975,-16.418920517,24.2916984558,21.0711536407,122.0128479,-2.93271255493,15.8518247604,-17.7013759613,2.05857896805],[-322.840911865,-96.735710144,68.236946106,1.22225534916,-9.27315235138,19.5456542969,-2.22234082222,15.7839279175,-2.93271255493,97.7794799805,3.48306965828,15.1752548218,-2.40079712868],[-73.1215286255,62.1783638,-8.75754737854,-7.23306894302,8.36677265167,-21.5725746155,14.8970403671,-9.70832824707,15.8518247604,3.48306965828,72.9070892334,5.01305389404,-0.929036021233],[-570.233459473,-65.9926223755,116.657699585,-8.60647773743,11.6302318573,-0.0754543989897,-5.20757961273,-3.83333134651,-17.7013759613,15.1752548218,5.01305389404,82.9381713867,-1.25259029865],[73.8736572266,-11.9703092575,-34.6055107117,12.9453411102,0.657104611397,0.481832742691,-5.39479160309,-5.48731803894,2.05857896805,-2.40079712868,-0.929036021233,-1.25259029865,63.3305892944]],"icov":[[0.000187459998415,-0.000522737158462,0.000489280268084,-0.000530387507752,0.000625083630439,-0.00043497257866,0.000447628844995,-0.000244613271207,0.000235357510974,-0.0000538052736374,0.000260632717982,0.000103792473965,0.0000682460304233],[-0.000522737158462,0.00307009206153,-0.000882476277184,0.00191454321612,-0.00244086352177,0.00218027853407,-0.0017987403553,0.00168359384406,-0.000554911326617,0.000904945190996,-0.00148785777856,0.000409161963034,0.000356488308171],[0.000489280268084,-0.000882476277184,0.00278854905628,-0.00135940941982,0.0007747085765,-0.00116696592886,0.00088596571004,0.000111443863716,0.000874328252394,-0.000670786539558,0.000779374910053,-0.00117181334645,0.00108445319347],[-0.000530387507752,0.00191454321612,-0.00135940941982,0.00446567311883,-0.00136742123868,0.00103724643122,-0.000634634925518,0.0017137308605,-0.00112307770178,0.00035687640775,-0.000858288956806,0.000223133873078,-0.000532502657734],[0.000625083630439,-0.00244086352177,0.0007747085765,-0.00136742123868,0.00632198061794,-0.000407955551054,0.000331658346113,-0.00147655594628,0.000340101483744,-0.0000314465578413,0.00146314082667,0.000169943115907,-0.000637264980469],[-0.00043497257866,0.00218027853407,-0.00116696592886,0.00103724643122,-0.000407955551054,0.00728458724916,-0.00324352830648,-0.00123438902665,0.000568539777305,0.0000941928810789,0.000208576137084,0.000382300582714,-0.000368928682292],[0.000447628844995,-0.0017987403553,0.00088596571004,-0.000634634925518,0.000331658346113,-0.00324352830648,0.0080696279183,-0.000432969798567,-0.000705011829268,-0.0000737703521736,-0.000561771797948,0.00067533942638,0.000448071863502],[-0.000244613271207,0.00168359384406,0.000111443863716,0.0017137308605,-0.00147655594628,-0.00123438902665,-0.000432969798567,0.0109766311944,-0.0024577928707,-0.00097585079493,0.000453389249742,0.0000112120269478,0.00130282796454],[0.000235357510974,-0.000554911326617,0.000874328252394,-0.00112307770178,0.000340101483744,0.000568539777305,-0.000705011829268,-0.0024577928707,0.00992869678885,-0.00000458436352346,-0.00163954729214,0.00184029270895,-0.000263530877419],[-0.0000538052736374,0.000904945190996,-0.000670786539558,0.00035687640775,-0.0000314465578413,0.0000941928810789,-0.0000737703521736,-0.00097585079493,-0.00000458436352346,0.0117163918912,-0.00145872344729,-0.000769477279391,0.00011078434909],[0.000260632717982,-0.00148785777856,0.000779374910053,-0.000858288956806,0.00146314082667,0.000208576137084,-0.000561771797948,0.000453389249742,-0.00163954729214,-0.00145872344729,0.01587863639,-0.00183649512473,0.000185333861737],[0.000103792473965,0.000409161963034,-0.00117181334645,0.000223133873078,0.000169943115907,0.000382300582714,0.00067533942638,0.0000112120269478,0.00184029270895,-0.000769477279391,-0.00183649512473,0.0154243921861,-0.000486684031785],[0.0000682460304233,0.000356488308171,0.00108445319347,-0.000532502657734,-0.000637264980469,-0.000368928682292,0.000448071863502,0.00130282796454,-0.000263530877419,0.00011078434909,0.000185333861737,-0.000486684031785,0.0166456848383]],"mean":[-93.5500488281,116.539146423,-118.936790466,45.7478790283,-61.144947052,5.38334321976,-38.4262733459,-2.68364977837,-24.6094703674,-6.04213285446,-14.478099823,-8.08550357819,-10.6522922516]},"hfc":{"dmean":4.528236866,"dmean2":6.47000408173,"dvar":80.7112350464,"dvar2":166.085617065,"max":243.070922852,"mean":13.6208820343,"median":6.92431354523,"min":1.08272886455e-16,"var":319.796173096},"melbands":{"dmean":[0.000154670982738,0.000374440889573,0.000501417031046,0.000649553490803,0.000223122959142,0.000116468349006,0.000149643834447,0.000112427034765,0.000138243209221,0.0000754085922381,0.000103264705103,0.0000383829756174,0.000028998212656,0.0000226707434194,0.0000287195216515,0.0000171690790012,0.0000188344456546,0.0000170820367202,0.0000155702782649,0.0000123100408018,0.00000833215653984,0.00000608574282523,0.00000666101823299,0.00000826247651275,0.00000495000949741,0.00000448313357992,0.00000532315243618,0.00000452927497463,0.0000030793435144,0.00000298237796414,0.00000248413994086,0.00000207910807148,0.00000185808949027,0.00000167282837538,0.00000143606780512,0.00000115126158562,7.6316933928e-7,4.84886982122e-7,3.82882120675e-7,2.12019273249e-7],"dmean2":[0.000250214594416,0.000621184241027,0.000836618710309,0.00106880266685,0.000352901202859,0.000187824101886,0.000232573991525,0.000173018255737,0.000213450271985,0.000113814465294,0.000145854515722,0.0000560116677661,0.0000443615463155,0.0000352100068994,0.0000457565220131,0.0000274045069091,0.0000288494084089,0.0000259427579294,0.0000237626281887,0.0000191190647456,0.0000130022972371,0.00000978868956736,0.0000106163897726,0.0000131521073854,0.0000077202630564,0.00000708224706614,0.00000862213346409,0.00000727647875465,0.00000486123826704,0.00000478252968605,0.00000399231430492,0.00000326644340021,0.00000286226759272,0.00000255500890489,0.00000221343020712,0.00000174362526195,0.00000116507499115,7.56607619223e-7,5.89215460423e-7,3.23949421954e-7],"dvar":[8.16291461092e-8,3.75709021228e-7,8.19656463591e-7,0.00000117031027003,2.1520607163e-7,7.27500832909e-8,1.86280786352e-7,1.1555271584e-7,2.18280888475e-7,5.98329705781e-8,1.91697935747e-7,2.29370868965e-8,1.10371853879e-8,5.61516300124e-9,1.10898827899e-8,3.19383275382e-9,3.19185478048e-9,2.77061440457e-9,2.55095677915e-9,1.14556597541e-9,3.94628996148e-10,3.0064217782e-10,2.4738075477e-10,3.79782649773e-10,1.41257699982e-10,9.5577330772e-11,2.05354955263e-10,2.30407762314e-10,7.91642446041e-11,1.29280350314e-10,7.61347096478e-11,4.38200795094e-11,5.11237129019e-11,4.35747375682e-11,4.06851566326e-11,2.42474026968e-11,1.12745793604e-11,3.64960145438e-12,3.33767713988e-12,9.43140964632e-13],"dvar2":[2.09771386039e-7,0.00000105297488062,0.00000227903115047,0.00000325002679347,5.10053951075e-7,1.84281503834e-7,4.18983887585e-7,2.73443760079e-7,5.14156454301e-7,1.38454993248e-7,3.61650961622e-7,4.70114649431e-8,2.53906122794e-8,1.27162422814e-8,2.5749695709e-8,8.18938250546e-9,7.44131600783e-9,6.25929574838e-9,5.47286349573e-9,2.6840312195e-9,9.26649756927e-10,7.71521291298e-10,6.08826211668e-10,9.09453290454e-10,3.27111338017e-10,2.31682631413e-10,5.17608067518e-10,5.98035510002e-10,1.98514524263e-10,3.42295997102e-10,1.87545340369e-10,1.03717215372e-10,1.08160827517e-10,9.37944791279e-11,9.11214714794e-11,5.196961958e-11,2.42146285662e-11,8.01012988577e-12,7.44949501391e-12,2.21074742714e-12],"max":[0.00794785004109,0.00996030401438,0.0132600087672,0.0135536985472,0.00913064088672,0.00745412008837,0.01047897432,0.0079028327018,0.0102954804897,0.00583276432008,0.0146554857492,0.00576907861978,0.00333785940893,0.00340141914785,0.00425682635978,0.00141144858208,0.00124407850672,0.00155667914078,0.00161873432808,0.000849887437653,0.000548477226403,0.00067689770367,0.000412549386965,0.000616431760136,0.000331370829372,0.000202274939511,0.000376613636035,0.000633405870758,0.000244655500865,0.000358996127034,0.000310161267407,0.000170518629602,0.000283251982182,0.000205765201827,0.000176733883563,0.000136770438985,0.000122938363347,0.0000495088825119,0.0000720972093404,0.000025654786441],"mean":[0.000282616878394,0.000724228681065,0.000861640204675,0.00117160903756,0.000472430838272,0.000209279634873,0.000265478622168,0.000195112326765,0.000224214367336,0.000127213002997,0.000186335499166,0.0000682318568579,0.0000475625092804,0.0000399026575906,0.000046238554205,0.000027532063541,0.0000308698836307,0.0000286956110358,0.0000262831053988,0.0000214180709008,0.0000150912755998,0.0000102044405139,0.0000113383566713,0.0000140233969432,0.00000851457025419,0.0000076876640378,0.00000796892345534,0.00000633725085208,0.0000044453731789,0.0000036848491618,0.00000312991051032,0.0000026576608434,0.00000255090026258,0.00000222101107283,0.00000183497161288,0.00000146313198002,0.00000100366344213,6.04881108757e-7,4.46123976872e-7,2.46258139214e-7],"median":[0.000164227298228,0.000426852842793,0.000565404247027,0.000655732117593,0.000178427202627,0.0000881429077708,0.0000701352764736,0.0000447520724265,0.0000295744903269,0.0000220610018005,0.0000154180634127,0.00000833423291624,0.0000100674405985,0.0000108469776023,0.0000103798902273,0.00000847698720463,0.00000591332900512,0.00000555696897209,0.00000603148191658,0.00000546370893062,0.00000429299461757,0.00000291051492241,0.00000333345451509,0.00000400188400818,0.00000252753761742,0.000001925898232,0.00000185699866506,0.0000013157500689,8.96650703908e-7,6.32811293144e-7,4.57984640434e-7,3.06501561909e-7,2.60650722339e-7,2.19777561483e-7,1.25701987486e-7,8.69353868893e-8,5.88023709724e-8,4.01027762109e-8,2.07308623601e-8,1.10510436357e-8],"min":[9.16103281765e-25,1.89758577763e-24,1.61989411722e-24,1.48780971244e-24,2.58526974973e-24,1.57913130766e-24,1.95174955903e-24,2.49324774463e-24,1.45424279345e-24,2.26444928869e-24,3.03574620586e-24,2.68525510846e-24,3.22896723219e-24,3.04535532055e-24,2.37234140027e-24,2.27515353953e-24,3.57705427598e-24,3.28495683215e-24,1.91638019148e-24,3.58784392102e-24,4.51627404189e-24,4.00095183885e-24,3.08531408363e-24,3.02742687875e-24,3.50080810848e-24,3.91180227352e-24,3.40024254256e-24,3.18848486268e-24,5.3573532003e-24,5.38948823814e-24,6.06169673143e-24,5.37001560112e-24,6.38363757217e-24,6.44323483027e-24,6.2516232774e-24,5.27740924731e-24,6.53303362812e-24,6.16650400244e-24,7.42362051365e-24,6.66194848839e-24],"var":[1.43286541743e-7,7.88220518189e-7,0.00000115726186323,0.00000231152512242,6.94108393873e-7,1.58800247618e-7,5.05974696807e-7,2.32536649492e-7,5.00167516293e-7,1.22816686599e-7,6.059293014e-7,5.728745478e-8,2.15246327429e-8,1.67860356726e-8,2.21984208792e-8,4.76312900233e-9,6.74149580604e-9,6.23080875783e-9,5.25556531628e-9,2.48234610645e-9,9.20516884939e-10,5.454705021e-10,5.35126443157e-10,7.32058469399e-10,2.6864002689e-10,1.95209556852e-10,2.96578706038e-10,2.5664845249e-10,1.01996619484e-10,1.16173862197e-10,8.44048095305e-11,5.99490665443e-11,9.26177468052e-11,7.12126260738e-11,6.03855437875e-11,4.00062691308e-11,1.79585461085e-11,6.39730976526e-12,4.79384587582e-12,1.25530933304e-12]},"melbands_crest":{"dmean":3.08253574371,"dmean2":5.06016540527,"dvar":7.2592587471,"dvar2":19.7362613678,"max":33.2126731873,"mean":14.3453960419,"median":13.7255086899,"min":1.64017450809,"var":26.8037757874},"melbands_flatness_db":{"dmean":0.0283653680235,"dmean2":0.0420122481883,"dvar":0.000746650213841,"dvar2":0.00153398688417,"max":0.515938937664,"mean":0.220755726099,"median":0.2106346488,"min":0.00256381183863,"var":0.00587884988636},"melbands_kurtosis":{"dmean":8.44862556458,"dmean2":13.4902963638,"dvar":158.15663147,"dvar2":379.557891846,"max":305.996398926,"mean":20.0392799377,"median":13.0845298767,"min":-1.93014621735,"var":517.167175293},"melbands_skewness":{"dmean":0.759091734886,"dmean2":1.17452347279,"dvar":0.554192662239,"dvar2":1.31661915779,"max":11.9343547821,"mean":3.25026273727,"median":3.1052236557,"min":-1.10087633133,"var":2.90658473969},"melbands_spread":{"dmean":6.80665588379,"dmean2":10.6640691757,"dvar":145.925872803,"dvar2":304.000518799,"max":218.562973022,"mean":19.6304149628,"median":14.6323261261,"min":0.733658790588,"var":470.262756348},"mfcc":{"cov":[[19152.7636719,719.850585938,-1458.41357422,210.963287354,-468.494689941,-21.403049469,-321.682098389,119.092567444,-45.3197402954,311.034729004,23.2538394928,-186.545684814,-122.0209198],[719.850585938,1758.6583252,-281.930419922,147.533370972,40.7547645569,-35.6268920898,27.5698204041,-4.36460638046,-63.8312149048,-42.9243240356,30.39777565,-9.68210887909,-22.1853904724],[-1458.41357422,-281.930419922,654.924743652,49.5767097473,29.5754699707,80.0496673584,25.7472171783,-10.8837480545,-8.80366706848,-54.6474266052,-29.6187667847,58.64503479,13.5702629089],[210.963287354,147.533370972,49.5767097473,336.760498047,59.6552047729,25.2071876526,-30.8936977386,-27.0404605865,-25.9823074341,-36.0269432068,-14.5574436188,16.2493057251,1.36224341393],[-468.494689941,40.7547645569,29.5754699707,59.6552047729,190.66204834,-3.89167332649,-4.4722776413,-9.19090461731,6.35793209076,-15.4898862839,-8.77938270569,-0.96105492115,-2.55767536163],[-21.403049469,-35.6268920898,80.0496673584,25.2071876526,-3.89167332649,141.764663696,39.6274223328,12.0966234207,12.0085992813,-0.967702507973,-0.97252869606,-7.03995704651,10.890627861],[-321.682098389,27.5698204041,25.7472171783,-30.8936977386,-4.4722776413,39.6274223328,140.06300354,17.8911800385,18.0913791656,-5.13973712921,11.940369606,-1.48983848095,5.57885980606],[119.092567444,-4.36460638046,-10.8837480545,-27.0404605865,-9.19090461731,12.0966234207,17.8911800385,121.1067276,14.1775989532,20.0771827698,11.8651390076,-8.50409030914,2.50423979759],[-45.3197402954,-63.8312149048,-8.80366706848,-25.9823074341,6.35793209076,12.0085992813,18.0913791656,14.1775989532,97.1548919678,27.4927330017,2.9337785244,-1.44329166412,2.77256250381],[311.034729004,-42.9243240356,-54.6474266052,-36.0269432068,-15.4898862839,-0.967702507973,-5.13973712921,20.0771827698,27.4927330017,106.99382019,20.338973999,-10.3662290573,-4.39652061462],[23.2538394928,30.39777565,-29.6187667847,-14.5574436188,-8.77938270569,-0.97252869606,11.940369606,11.8651390076,2.9337785244,20.338973999,84.0315933228,4.6926574707,-2.63567352295],[-186.545684814,-9.68210887909,58.64503479,16.2493057251,-0.96105492115,-7.03995704651,-1.48983848095,-8.50409030914,-1.44329166412,-10.3662290573,4.6926574707,83.8290481567,17.4123783112],[-122.0209198,-22.1853904724,13.5702629089,1.36224341393,-2.55767536163,10.890627861,5.57885980606,2.50423979759,2.77256250381,-4.39652061462,-2.63567352295,17.4123783112,78.4222564697]],"icov":[[0.0000760922339396,-0.00000892746447789,0.000156932859682,-0.0000947434600675,0.000183426367585,-0.000103450794995,0.000151522021042,-0.0000665613697493,0.000038260317524,-0.000146579128341,0.0000623296291451,0.0000268689254881,0.0000886138077476],[-0.00000892746447789,0.00068696384551,0.000331595510943,-0.000307683105348,-0.000130779357278,0.0000844665119075,-0.000334008684149,-0.0000554401121917,0.000384095299523,0.000281843502307,-0.000211172664422,-0.0000976853989414,0.00015476369299],[0.000156932859682,0.000331595510943,0.00238501490094,-0.000344063912053,0.0000708757361281,-0.0013098284835,0.0000581017884542,-0.000169185412233,0.000398450560169,0.000481034658151,0.000587937189266,-0.00140185514465,0.000460636452772],[-0.0000947434600675,-0.000307683105348,-0.000344063912053,0.0037803936284,-0.00121771451086,-0.000947467691731,0.000852950557601,0.00052521325415,0.000457175628981,0.00079228670802,0.000165130986716,-0.000657301105093,-0.0000464296790597],[0.000183426367585,-0.000130779357278,0.0000708757361281,-0.00121771451086,0.00617796787992,0.000327480782289,0.000353973417077,0.00000738252265364,-0.000894455704838,0.000184321019333,0.000370803754777,0.000607691064943,0.000307377922582],[-0.000103450794995,0.0000844665119075,-0.0013098284835,-0.000947467691731,0.000327480782289,0.00897455960512,-0.00251259817742,-0.000426317245001,-0.000839049112983,-0.00020501173276,-0.000135003298055,0.00179127976298,-0.00132132251747],[0.000151522021042,-0.000334008684149,0.0000581017884542,0.000852950557601,0.000353973417077,-0.00251259817742,0.00887279212475,-0.000875487457961,-0.00137811899185,0.000926910317503,-0.00106804876123,0.000123729652842,-0.0000890500159585],[-0.0000665613697493,-0.0000554401121917,-0.000169185412233,0.00052521325415,0.00000738252265364,-0.000426317245001,-0.000875487457961,0.00899947993457,-0.000682995130774,-0.00108444341458,-0.000850368931424,0.000727547041606,-0.000491519342177],[0.000038260317524,0.000384095299523,0.000398450560169,0.000457175628981,-0.000894455704838,-0.000839049112983,-0.00137811899185,-0.000682995130774,0.0120508605614,-0.00294252252206,0.00057796726469,-0.000570697942749,-0.000146378370118],[-0.000146579128341,0.000281843502307,0.000481034658151,0.00079228670802,0.000184321019333,-0.00020501173276,0.000926910317503,-0.00108444341458,-0.00294252252206,0.0119819361717,-0.00253829127178,0.000616029079538,0.000311509735184],[0.0000623296291451,-0.000211172664422,0.000587937189266,0.000165130986716,0.000370803754777,-0.000135003298055,-0.00106804876123,-0.000850368931424,0.00057796726469,-0.00253829127178,0.0132119078189,-0.00163241021801,0.000710361695383],[0.0000268689254881,-0.0000976853989414,-0.00140185514465,-0.000657301105093,0.000607691064943,0.00179127976298,0.000123729652842,0.000727547041606,-0.000570697942749,0.000616029079538,-0.00163241021801,0.0141268605366,-0.00312959426083],[0.0000886138077476,0.00015476369299,0.000460636452772,-0.0000464296790597,0.000307377922582,-0.00132132251747,-0.0000890500159585,-0.000491519342177,-0.000146378370118,0.000311509735184,0.000710361695383,-0.00312959426083,0.0138111785054]],"mean":[-717.527160645,131.2396698,2.31332063675,35.6373443604,0.684618830681,7.2409825325,-3.8258254528,0.135863929987,-7.15173196793,-0.634507477283,-4.94893169403,-2.27064180374,-5.46586561203]},"pitch_salience":{"dmean":0.0656747743487,"dmean2":0.106162428856,"dvar":0.00331312324852,"dvar2":0.00848909001797,"max":0.875097215176,"mean":0.581461250782,"median":0.590965509415,"min":0.139551848173,"var":0.0117342676967},"silence_rate_20dB":{"dmean":0,"dmean2":0,"dvar":0,"dvar2":0,"max":1,"mean":1,"median":1,"min":1,"var":0},"silence_rate_30dB":{"dmean":0.000322736799717,"dmean2":0.000645577791147,"dvar":0.000322635431075,"dvar2":0.000967961095739,"max":1,"mean":0.999838650227,"median":1,"min":0,"var":0.00016131150187},"silence_rate_60dB":{"dmean":0.0203324183822,"dmean2":0.0406714007258,"dvar":0.0199182108045,"dvar2":0.0425648838282,"max":1,"mean":0.254598259926,"median":0,"min":0,"var":0.189777269959},"spectral_centroid":{"dmean":285.531860352,"dmean2":437.346954346,"dvar":152281.984375,"dvar2":296221.53125,"max":11732.5751953,"mean":1203.41748047,"median":1001.80029297,"min":179.681625366,"var":1420514.125},"spectral_complexity":{"dmean":3.04921746254,"dmean2":4.58521604538,"dvar":17.1529464722,"dvar2":32.5757827759,"max":59,"mean":14.7752504349,"median":13,"min":0,"var":139.231399536},"spectral_contrast_coeffs":{"dmean":[0.0497085340321,0.0413968414068,0.034990273416,0.0285419523716,0.0232072081417,0.0204772241414],"dmean2":[0.0819971114397,0.0672995224595,0.0558291822672,0.0455818884075,0.0362738184631,0.0312980413437],"dvar":[0.00173703953624,0.00125430582557,0.000848733820021,0.000568784831557,0.000395219598431,0.00036470964551],"dvar2":[0.00475578056648,0.00310789863579,0.00199988111854,0.00135822733864,0.000899610400666,0.000796463806182],"max":[-0.310851514339,-0.442392975092,-0.477686673403,-0.608431696892,-0.580149352551,-0.497739374638],"mean":[-0.606893956661,-0.740326464176,-0.779642164707,-0.791349589825,-0.793227314949,-0.747167348862],"median":[-0.606367230415,-0.742015361786,-0.788221716881,-0.793608188629,-0.792944073677,-0.741276681423],"min":[-0.983804166317,-0.975802540779,-0.989284574986,-0.981278717518,-0.977151334286,-0.964030563831],"var":[0.00905641168356,0.00606120144948,0.00488962465897,0.00301902298816,0.00256276503205,0.0033653920982]},"spectral_contrast_valleys":{"dmean":[0.387194186449,0.322022914886,0.328736186028,0.310032963753,0.319872617722,0.408408075571],"dmean2":[0.641048967838,0.52155649662,0.518310964108,0.464494526386,0.432047724724,0.531247615814],"dvar":[0.133219227195,0.0977975726128,0.106862545013,0.0996534377337,0.115639798343,0.202997252345],"dvar2":[0.305300235748,0.198691159487,0.208111941814,0.178659826517,0.194068446755,0.346392393112],"max":[-5.60752534866,-5.07855463028,-5.42486763,-5.50108861923,-5.44680023193,-7.69266033173],"mean":[-7.96258306503,-7.53659772873,-8.33933734894,-8.62692832947,-8.52796936035,-11.4270429611],"median":[-7.35109376907,-6.94298267365,-7.75639152527,-7.96746063232,-7.96048402786,-11.3161659241],"min":[-28.1629772186,-27.7823352814,-27.7757492065,-27.5877113342,-27.4754734039,-27.3779697418],"var":[5.61006689072,6.14496564865,6.09006977081,6.06580352783,6.0685300827,4.7123837471]},"spectral_decrease":{"dmean":1.26078258944e-9,"dmean2":1.95906646461e-9,"dvar":3.35748412694e-18,"dvar2":7.80722261603e-18,"max":1.64381948539e-28,"mean":-4.49940840141e-9,"median":-3.38447314618e-9,"min":-2.87687491607e-8,"var":1.90626088269e-17},"spectral_energy":{"dmean":0.00502575328574,"dmean2":0.00776558602229,"dvar":0.0000533176389581,"dvar2":0.000121812416182,"max":0.119298346341,"mean":0.0182172674686,"median":0.0137225426733,"min":1.01849876407e-20,"var":0.000315117329592},"spectral_energyband_high":{"dmean":0.000380840734579,"dmean2":0.000574218982365,"dvar":0.0000013653221913,"dvar2":0.0000029734767395,"max":0.0340173430741,"mean":0.000595974735916,"median":0.0000987780367723,"min":6.91557080983e-21,"var":0.000002400690164},"spectral_energyband_low":{"dmean":0.00147893955,"dmean2":0.00244641373865,"dvar":0.00000621379376753,"dvar2":0.0000172683157871,"max":0.0390395261347,"mean":0.0032586066518,"median":0.00229060021229,"min":1.13591852498e-23,"var":0.0000131317901833},"spectral_energyband_middle_high":{"dmean":0.00125465739984,"dmean2":0.00172692444175,"dvar":0.00000816414740257,"dvar2":0.0000146272805068,"max":0.0991067290306,"mean":0.00353415147401,"median":0.00117676379159,"min":1.17140013166e-21,"var":0.0000424678510171},"spectral_energyband_middle_low":{"dmean":0.00414064805955,"dmean2":0.00655362103134,"dvar":0.000039213718992,"dvar2":0.0000974436188699,"max":0.0819739699364,"mean":0.0117112658918,"median":0.00754546094686,"min":1.82715420131e-22,"var":0.000156847774633},"spectral_entropy":{"dmean":0.202864512801,"dmean2":0.291076332331,"dvar":0.0435302630067,"dvar2":0.0859284996986,"max":9.83045291901,"mean":7.36306905746,"median":7.40462398529,"min":5.26909780502,"var":0.331311941147},"spectral_flux":{"dmean":0.0156626310199,"dmean2":0.0242233946919,"dvar":0.00032783250208,"dvar2":0.000730406551156,"max":0.237881839275,"mean":0.0584468916059,"median":0.0500556789339,"min":6.39535230329e-11,"var":0.00198911991902},"spectral_kurtosis":{"dmean":2.15159869194,"dmean2":3.59656238556,"dvar":6.04489517212,"dvar2":15.7777318954,"max":38.3603134155,"mean":4.63701963425,"median":3.66060090065,"min":-1.25232481956,"var":14.6885023117},"spectral_rms":{"dmean":0.000519549532328,"dmean2":0.000789804093074,"dvar":3.66087164139e-7,"dvar2":8.15643545593e-7,"max":0.010788355954,"mean":0.00359768443741,"median":0.00365894054994,"min":3.15223303189e-12,"var":0.0000048296346904},"spectral_rolloff":{"dmean":497.852905273,"dmean2":842.523071289,"dvar":982679.4375,"dvar2":2094222,"max":19767.4804688,"mean":1349.47607422,"median":689.0625,"min":43.06640625,"var":4899952},"spectral_skewness":{"dmean":0.289306253195,"dmean2":0.447862684727,"dvar":0.0826035290956,"dvar2":0.178833127022,"max":4.89213132858,"mean":1.46767389774,"median":1.4032920599,"min":-0.846843898296,"var":0.394736945629},"spectral_spread":{"dmean":523382.84375,"dmean2":764159.75,"dvar":698142097408,"dvar2":1415595687940,"max":42854780,"mean":4406793.5,"median":3751220.5,"min":1744043.875,"var":14925545078800},"spectral_strongpeak":{"dmean":0.35130879283,"dmean2":0.577553927898,"dvar":0.412131547928,"dvar2":1.01454651356,"max":9.48208141327,"mean":0.701418161392,"median":0.355761766434,"min":0,"var":1.02328872681},"zerocrossingrate":{"dmean":0.0103226136416,"dmean2":0.0122803207487,"dvar":0.000208201279747,"dvar2":0.00026361781056,"max":0.52099609375,"mean":0.0545684620738,"median":0.04345703125,"min":0.0048828125,"var":0.00323918322101}},"metadata":{"audio_properties":{"analysis_sample_rate":44100,"bit_rate":124942,"codec":"aac","downmix":"mix","equal_loudness":0,"length":143.894058228,"lossless":false,"md5_encoded":"50aacec4af59efedb2362ab2aba9e22e","replay_gain":-11.0044212341,"sample_rate":44100},"tags":{"album":["Essential Simon & Garfunkel [Australia Bonus Tracks] Disc 2"],"artist":["Simon & Garfunkel"],"asin":["B000026PL5"],"barcode":["5099751347026"],"bpm":["84"],"composer":["Paul Simon"],"date":["1967"],"discnumber":["1/1"],"encodedby":["iTunes 12.3.3.17"],"file_name":"03 At the Zoo.m4a","genre":["Folk"],"isrc":["USSM16700238"],"language":["eng"],"musicbrainz_albumid":["862c68b7-3286-47c8-a48c-60481d34858a"],"musicbrainz_recordingid":["49422337-a413-4c6a-9d9d-ed79d71bee7a"],"musicbrainz_releasegroupid":["a4b50837-55cb-3dd7-bb11-ff1df64daf38"],"title":["At the Zoo"],"tracknumber":["3/25"]},"version":{"essentia":"2.1-beta2","essentia_build_sha":"cead25079874084f62182a551b7393616cd33d87","essentia_git_sha":"v2.1_beta2-1-ge3940c0","extractor":"music 1.0"}},"rhythm":{"beats_count":394,"beats_loudness":{"dmean":0.00972773227841,"dmean2":0.0165953133255,"dvar":0.000125250997371,"dvar2":0.000377643940737,"max":0.0994647964835,"mean":0.0228924658149,"median":0.0201188586652,"min":0,"var":0.000380187731935},"beats_loudness_band_ratio":{"dmean":[0.20584268868,0.16568569839,0.11868236959,0.0694388672709,0.0539957433939,0.0656664818525],"dmean2":[0.357110887766,0.288731664419,0.210493937135,0.122193947434,0.0981495827436,0.123066447675],"dvar":[0.029147811234,0.0219538845122,0.0188942179084,0.00715406471863,0.00338271213695,0.00864140689373],"dvar2":[0.078590542078,0.0643415