{"lowlevel":{"average_loudness":0.971808612347,"barkbands":{"dmean":[0.0000395733259211,0.00232129264623,0.00194349384401,0.00583851151168,0.00207177107222,0.00140997488052,0.000309367809677,0.00044520854135,0.000689267122652,0.000196441804292,0.000168725047843,0.000357888959115,0.000207877994399,0.000219860303332,0.000260068278294,0.00026317461743,0.000185861470527,0.00011557641119,0.0000897474965313,0.0000555973929295,0.0000208933397516,0.0000175655059138,0.0000201572893275,0.0000163401309692,0.00000940606241784,0.00000335073968927,4.00244068999e-8],"dmean2":[0.0000647085907985,0.00372785609215,0.00317580834962,0.0105606522411,0.00333186611533,0.00240079709329,0.000484545511426,0.000692771631293,0.00105362513568,0.000292157463264,0.000266688875854,0.000525468785781,0.000320957333315,0.000330923910951,0.000391599663999,0.000396669172915,0.000278283085208,0.000181611118023,0.000135059541208,0.0000825751703815,0.0000296414636978,0.0000248117084993,0.0000287823440885,0.0000233603477682,0.0000130119142341,0.00000449189747087,6.63939090373e-8],"dvar":[1.1309250425e-8,0.0000121912762552,0.00000984140115179,0.000208983605262,0.0000194346030185,0.0000103158481579,3.06201741296e-7,0.0000010019336969,0.00000322831897392,1.90069883388e-7,3.69999099803e-7,9.61522118814e-7,2.87210070837e-7,2.21061966954e-7,2.58118831198e-7,2.38354758153e-7,1.08157294676e-7,4.11530614031e-8,2.96175368675e-8,2.52141560964e-8,1.48646150944e-9,8.75889416552e-10,1.2919070258e-9,1.1500660424e-9,3.67228997211e-10,4.39206483682e-11,1.48839494467e-14],"dvar2":[2.81060437146e-8,0.000029626655305,0.0000229489724006,0.000582311069593,0.000046067587391,0.0000278269544651,7.30420936179e-7,0.00000225910207519,0.00000745367287891,3.86510407679e-7,8.75788202848e-7,0.00000187873718005,6.34668253952e-7,4.74517008797e-7,5.55519306999e-7,5.30581246494e-7,2.38921614937e-7,9.38924031857e-8,6.53754241853e-8,5.77397152313e-8,3.25560045589e-9,1.87380644334e-9,2.64145794127e-9,2.59162136196e-9,7.96936960867e-10,9.20431716955e-11,3.57672265828e-14],"max":[0.0019929104019,0.0405164808035,0.034638248384,0.10813318193,0.0468451753259,0.0409625507891,0.00897682085633,0.021875815466,0.0394167639315,0.0122021846473,0.0147725939751,0.0200644712895,0.0116853518412,0.0075690113008,0.0133922267705,0.0096893934533,0.00707149039954,0.00616314075887,0.0040933364071,0.00506860530004,0.00142412283458,0.000757675326895,0.000926562934183,0.000928343040869,0.000655899872072,0.000085020546976,0.0000025278720841],"mean":[0.0000420299511461,0.00378469144925,0.0026107490994,0.0048513119109,0.00277156545781,0.00182661798317,0.000599680235609,0.000784983334597,0.00131344108377,0.000348144385498,0.00020215602126,0.00059076648904,0.000305294641294,0.00033142187749,0.000447914848337,0.000469779479317,0.00038436477189,0.000210839061765,0.000169228718732,0.0000964581849985,0.000036634690332,0.0000312880183628,0.0000396925643145,0.0000296806938422,0.0000148816343426,0.00000442728423877,3.34349117281e-8],"median":[0.00000476541117678,0.00180075224489,0.0012184320949,0.00129821919836,0.00119613902643,0.000745174183976,0.000321391504258,0.000344544067048,0.000285137910396,0.000121959586977,0.0000434575267718,0.000177076421096,0.000101671423181,0.000120985903777,0.00020953497733,0.000255880237091,0.0002278212487,0.000122071927763,0.0000948893139139,0.0000301143227261,0.0000143844754348,0.0000161389943969,0.0000140741331052,0.0000107384757939,0.00000560909575142,9.14449117317e-7,8.4092866004e-10],"min":[1.77445472226e-25,3.32577091767e-24,3.78128617352e-25,9.56576382153e-25,4.44531284802e-24,4.77599623974e-24,8.04174194227e-24,1.03709713052e-23,9.2794134266e-24,6.22628743171e-24,1.5515253175e-23,2.04980347071e-23,3.03141228293e-23,3.21477037858e-23,2.86842226032e-23,4.24073226411e-23,7.54593734131e-23,8.89581845184e-23,1.36312766285e-22,1.35981204891e-22,1.8006770001e-22,2.9125671059e-22,3.25507183072e-22,5.51702912359e-22,8.78544267482e-22,1.21877732533e-21,1.87332538443e-21],"var":[1.35242981258e-8,0.0000199183923542,0.0000137027946039,0.000136359914904,0.0000223987844947,0.0000105371846075,6.27905365036e-7,0.00000214268834497,0.0000119026863103,5.10475160809e-7,4.71836727911e-7,0.00000238943766817,5.3704570746e-7,4.37862894387e-7,5.20004846294e-7,4.44512750164e-7,2.39170219629e-7,9.51683389872e-8,5.30003809729e-8,4.20168220217e-8,5.10753306315e-9,1.87372584115e-9,4.37455049962e-9,3.00712632573e-9,7.85099041334e-10,7.01143587634e-11,1.37870866728e-14]},"barkbands_crest":{"dmean":2.60189437866,"dmean2":4.33085680008,"dvar":5.62363052368,"dvar2":14.6470079422,"max":23.8340625763,"mean":9.58160686493,"median":8.82743453979,"min":2.95818781853,"var":13.9094190598},"barkbands_flatness_db":{"dmean":0.0212266296148,"dmean2":0.0339103005826,"dvar":0.000383979204344,"dvar2":0.000953790906351,"max":0.648133933544,"mean":0.166771546006,"median":0.158087491989,"min":0.0599694028497,"var":0.00480400305241},"barkbands_kurtosis":{"dmean":2.81599092484,"dmean2":4.6311340332,"dvar":27.9331378937,"dvar2":70.0507049561,"max":233.714416504,"mean":3.84260749817,"median":1.85860991478,"min":-1.71213364601,"var":64.8713607788},"barkbands_skewness":{"dmean":0.546091794968,"dmean2":0.870786130428,"dvar":0.340916603804,"dvar2":0.817954242229,"max":12.0708055496,"mean":1.54702591896,"median":1.44789028168,"min":-2.17314076424,"var":1.43206357956},"barkbands_spread":{"dmean":4.62684440613,"dmean2":7.49041795731,"dvar":24.6939811707,"dvar2":60.0545082092,"max":105.178703308,"mean":18.8858757019,"median":18.6669406891,"min":0.479675501585,"var":73.628288269},"dissonance":{"dmean":0.0165453422815,"dmean2":0.0278152227402,"dvar":0.000294322439004,"dvar2":0.000782998336945,"max":0.5,"mean":0.462682932615,"median":0.471921950579,"min":0.0713347420096,"var":0.00130416010506},"dynamic_complexity":3.21597409248,"erbbands":{"dmean":[0.0527462214231,0.583074629307,1.78785407543,11.9795780182,13.3503751755,5.41201543808,12.3618173599,8.63021278381,5.3363032341,4.63744401932,12.800658226,16.6494541168,8.00695419312,5.72364234924,8.91429424286,13.5971431732,9.11764526367,10.5944776535,12.0798778534,15.732293129,11.2475595474,9.28353023529,6.29560804367,4.89623451233,3.9130833149,2.38280272484,1.07879531384,0.651687443256,0.625528275967,0.611562609673,0.56109470129,0.414233446121,0.231911703944,0.125790655613,0.0579231642187,0.0236015245318,0.00389373418875,0.000392041809391,0.0000124635262182,0.0000133791900225],"dmean2":[0.0806788057089,0.954872906208,2.97744703293,21.2815093994,23.5930919647,8.49178218842,20.7133846283,14.5354032516,8.56272697449,7.27954959869,19.7608261108,24.7886161804,11.8477916718,8.45710468292,13.3669023514,20.0912380219,13.9293498993,15.9348287582,17.9098930359,23.2696838379,16.9492301941,13.6813726425,9.72692108154,7.30957794189,5.72245883942,3.43184447289,1.53781139851,0.909704625607,0.887779414654,0.867179751396,0.797471404076,0.586929380894,0.331474393606,0.178200736642,0.0798845216632,0.0317289531231,0.00514871627092,0.00053405307699,0.0000161762836797,0.0000209878089663],"dvar":[0.0107199726626,0.68489998579,7.16154909134,699.63494873,1328.31591797,96.2247543335,938.200317383,344.598266602,94.6619644165,151.075897217,758.321228027,2335.15234375,357.601715088,157.579666138,872.206359863,1320.06298828,605.342712402,534.915527344,682.586853027,758.407043457,400.916809082,283.870483398,118.950271606,83.4887924194,80.2767333984,40.8904342651,4.21111345291,1.59776496887,1.20681798458,1.12422132492,0.995507001877,0.69222086668,0.280024468899,0.0740679726005,0.0131781389937,0.00204478902742,0.0000611351351836,8.18423643523e-7,5.25669174856e-10,6.20324958067e-10],"dvar2":[0.0243993215263,1.69293308258,17.117351532,1924.07531738,3643.41333008,194.025222778,2477.93334961,903.854614258,232.44203186,378.357788086,1777.02490234,5168.64550781,736.094116211,294.947662354,1889.1348877,2735.72094727,1366.24291992,1205.56860352,1446.44726562,1656.83093262,913.680175781,620.027832031,264.24597168,175.23210144,179.224075317,91.4463272095,8.97930526733,3.50735139847,2.60457754135,2.39070463181,2.02388501167,1.57372438908,0.606491684914,0.162130877376,0.0292253233492,0.00429678102955,0.000125935839606,0.00000171494582446,9.88335191465e-10,1.54357848725e-9],"max":[1.25072574615,9.22401332855,26.7497272491,185.010559082,300.272796631,129.607925415,386.828491211,253.311126709,130.532699585,412.149108887,602.960571289,1194.15527344,494.192901611,348.74899292,837.297729492,904.211242676,595.647155762,391.510650635,650.053527832,510.039764404,391.201049805,341.195404053,298.353607178,272.813659668,293.490264893,207.928543091,69.6912460327,33.3847389221,31.7460536957,27.4716835022,28.6056900024,23.6543998718,13.8214969635,9.14565467834,3.63285040855,0.613107979298,0.108902364969,0.0126311285421,0.000290867959848,0.000190614227904],"mean":[0.0800085812807,0.959740936756,2.63750886917,11.2898836136,12.0874671936,8.01220226288,15.444811821,12.3378810883,9.90928936005,8.21106719971,24.2118587494,32.0546531677,14.3798885345,10.3975458145,14.6049976349,22.4262657166,14.5080852509,17.3616161346,20.0075702667,28.9976387024,22.370344162,20.0956726074,13.3097400665,10.249007225,7.30814599991,4.40629529953,2.0591814518,1.10146582127,1.08330655098,1.18242764473,1.11074364185,0.77663820982,0.38834053278,0.199457153678,0.088317245245,0.0327571257949,0.00502192042768,0.000447625527158,0.0000220513138629,0.0000263450656348],"median":[0.0248937569559,0.503418505192,1.5924680233,3.51297807693,3.74795651436,3.46584773064,5.94680786133,4.71077442169,5.45587348938,4.12412071228,10.7940950394,7.43066120148,4.6499876976,4.55776500702,4.16959905624,7.78075790405,5.69743490219,6.68283748627,8.61455154419,15.7830753326,12.9039096832,11.8666381836,8.41258716583,5.95952987671,3.65915870667,1.43558049202,0.726734757423,0.510990202427,0.53875875473,0.535292446613,0.400584042072,0.270289003849,0.143368303776,0.0746908485889,0.0315806344151,0.00859324261546,0.000909842376132,0.0000458990543848,0.0000112429361252,0.0000189876591321],"min":[7.52270317884e-23,4.38902618671e-22,2.10647601438e-21,6.81017798315e-21,5.0557178065e-21,1.64618974694e-20,4.79727790647e-20,3.52484212605e-20,1.05992493849e-19,1.52388666667e-19,2.79735319168e-19,2.27939931697e-19,3.57453849102e-19,3.14562543938e-19,9.29937951328e-19,1.05210384241e-18,1.67759796928e-18,1.80916290687e-18,2.13264119119e-18,2.6935248608e-18,3.67783690931e-18,5.02987561465e-18,4.78392545363e-18,7.30142565969e-18,6.81204368902e-18,7.25664127415e-18,9.48129803668e-18,8.85830613115e-18,1.04761059732e-17,9.9892928119e-18,1.05849679049e-17,1.07101161957e-17,8.79525180742e-18,8.37508458809e-18,5.690659748e-18,3.76878252253e-18,1.93333905363e-18,9.40194990924e-19,2.34086633281e-19,2.75792000554e-20],"var":[0.0153511799872,1.13336718082,9.94882392883,507.352142334,913.443908691,158.765045166,942.07989502,495.846343994,169.968063354,189.423233032,1874.73815918,8247.78808594,1026.10217285,430.796905518,1868.76342773,2804.2265625,1063.41967773,1136.45568848,1249.65454102,1622.04382324,923.453125,669.835083008,276.162200928,212.263183594,141.040649414,76.2237091064,14.9300889969,3.36851882935,2.39326143265,3.13875508308,3.52763533592,1.925172925,0.654257118702,0.165890544653,0.0244803093374,0.00344646675512,0.0000974422946456,0.00000110555674837,9.26225707243e-10,7.29353133444e-10]},"erbbands_crest":{"dmean":2.2788131237,"dmean2":3.63310337067,"dvar":5.54903650284,"dvar2":13.0330924988,"max":30.205904007,"mean":8.58089351654,"median":7.23981189728,"min":2.61891484261,"var":19.7486667633},"erbbands_flatness_db":{"dmean":0.0157807953656,"dmean2":0.0217518042773,"dvar":0.000218210654566,"dvar2":0.000398835865781,"max":0.484762787819,"mean":0.174151152372,"median":0.16626368463,"min":0.0316631160676,"var":0.00279909092933},"erbbands_kurtosis":{"dmean":0.626489043236,"dmean2":0.973208010197,"dvar":1.1176687479,"dvar2":2.5748398304,"max":56.59034729,"mean":-0.0325130298734,"median":-0.651904225349,"min":-1.72825336456,"var":5.47150850296},"erbbands_skewness":{"dmean":0.321439385414,"dmean2":0.493547081947,"dvar":0.0956778600812,"dvar2":0.222868204117,"max":4.89778852463,"mean":0.0264477003366,"median":-0.0492853522301,"min":-2.04641461372,"var":0.415167987347},"erbbands_spread":{"dmean":6.2154750824,"dmean2":9.60834407806,"dvar":38.9179420471,"dvar2":90.1834335327,"max":129.245849609,"mean":37.5423545837,"median":37.6343154907,"min":1.42859423161,"var":192.379516602},"gfcc":{"cov":[[47715.2773438,2051.55126953,-5987.64648438,1784.35974121,-2160.7121582,1117.86193848,-1964.87658691,568.484191895,-1023.06573486,-113.73449707,-656.463623047,-152.035842896,-508.173339844],[2051.55126953,1612.24780273,-236.672454834,-27.2160549164,141.732391357,-295.334289551,22.1932659149,-38.0514640808,156.950714111,-129.454544067,19.5009860992,-61.0487747192,7.25051736832],[-5987.64648438,-236.672454834,1411.6730957,-183.215698242,277.966094971,-54.0071907043,218.385574341,-34.368270874,55.8389511108,75.2640609741,40.1769294739,38.3330688477,34.158821106],[1784.35974121,-27.2160549164,-183.215698242,331.616149902,-72.9800796509,55.426902771,-58.7406845093,36.7802124023,1.36112141609,-10.3311548233,22.6920223236,-15.0901947021,7.14758777618],[-2160.7121582,141.732391357,277.966094971,-72.9800796509,341.531890869,-79.4652023315,146.228942871,-18.3355369568,88.5139694214,18.3540267944,21.9553089142,18.7225494385,21.3382377625],[1117.86193848,-295.334289551,-54.0071907043,55.426902771,-79.4652023315,295.589294434,-21.1843547821,30.6000652313,-83.9951400757,39.0797233582,-6.47985553741,12.4423656464,-19.6890487671],[-1964.87658691,22.1932659149,218.385574341,-58.7406845093,146.228942871,-21.1843547821,256.766784668,5.86954021454,72.1164855957,-5.60447835922,40.0835990906,-1.63458442688,14.0586490631],[568.484191895,-38.0514640808,-34.368270874,36.7802124023,-18.3355369568,30.6000652313,5.86954021454,119.688766479,14.8302612305,14.1924066544,-10.3043956757,-4.5726556778,-7.9616484642],[-1023.06573486,156.950714111,55.8389511108,1.36112141609,88.5139694214,-83.9951400757,72.1164855957,14.8302612305,166.665771484,-0.65415841341,22.7405395508,-24.4212284088,32.037197113],[-113.73449707,-129.454544067,75.2640609741,-10.3311548233,18.3540267944,39.0797233582,-5.60447835922,14.1924066544,-0.65415841341,88.4264602661,-1.435988307,11.5047006607,-2.53161358833],[-656.463623047,19.5009860992,40.1769294739,22.6920223236,21.9553089142,-6.47985553741,40.0835990906,-10.3043956757,22.7405395508,-1.435988307,109.216705322,19.4684047699,19.0689945221],[-152.035842896,-61.0487747192,38.3330688477,-15.0901947021,18.7225494385,12.4423656464,-1.63458442688,-4.5726556778,-24.4212284088,11.5047006607,19.4684047699,84.0763397217,12.8493719101],[-508.173339844,7.25051736832,34.158821106,7.14758777618,21.3382377625,-19.6890487671,14.0586490631,-7.9616484642,32.037197113,-2.53161358833,19.0689945221,12.8493719101,73.2877349854]],"icov":[[0.00030729471473,-0.000734244531486,0.000761116738431,-0.000984021695331,0.000630386115517,-0.000756471999921,0.0005962466239,-0.000804875337053,0.00107053504325,-0.000963285390753,0.00117700279225,-0.000488399295136,0.000634169264231],[-0.000734244531486,0.00269335880876,-0.00162291119341,0.00244066608138,-0.00195902166888,0.00237409723923,-0.00116108148359,0.00198039179668,-0.00307533913292,0.00332742673345,-0.00303109642118,0.00151428522076,-0.0012107391376],[0.000761116738431,-0.00162291119341,0.00289971171878,-0.00212842039764,0.00101294205524,-0.00165155343711,0.000977522926405,-0.00182651390787,0.00279527530074,-0.00298004527576,0.00276580103673,-0.00119227636606,0.00133410783019],[-0.000984021695331,0.00244066608138,-0.00212842039764,0.00691886758432,-0.00194043305237,0.00172081973869,-0.000995459151454,0.0015433342196,-0.00393338315189,0.00376437604427,-0.00510155921802,0.00236804317683,-0.00259977020323],[0.000630386115517,-0.00195902166888,0.00101294205524,-0.00194043305237,0.00641998369247,-0.00107743102126,-0.00091929314658,-0.000858172017615,0.000825749128126,-0.00348416552879,0.00308152288198,-0.00263605290093,0.00138549099211],[-0.000756471999921,0.00237409723923,-0.00165155343711,0.00172081973869,-0.00107743102126,0.00697680003941,-0.00233092810959,0.00119658035692,-0.000488644232973,0.000648400047794,-0.00301495031454,0.00131465925369,-0.00132310832851],[0.0005962466239,-0.00116108148359,0.000977522926405,-0.000995459151454,-0.00091929314658,-0.00233092810959,0.00767585122958,-0.00247405725531,0.000278622144833,0.00029025846743,0.000316692545312,-0.000103820042568,0.00161494140048],[-0.000804875337053,0.00198039179668,-0.00182651390787,0.0015433342196,-0.000858172017615,0.00119658035692,-0.00247405725531,0.0118202660233,-0.00475486926734,0.00104566535447,-0.00162176345475,0.000600495492108,-0.00031469372334],[0.00107053504325,-0.00307533913292,0.00279527530074,-0.00393338315189,0.000825749128126,-0.000488644232973,0.000278622144833,-0.00475486926734,0.0143475262448,-0.0052696634084,0.00293728196993,0.00182143691927,-0.0016712101642],[-0.000963285390753,0.00332742673345,-0.00298004527576,0.00376437604427,-0.00348416552879,0.000648400047794,0.00029025846743,0.00104566535447,-0.0052696634084,0.0180111359805,-0.00394136738032,0.000502374605276,-0.000876964943018],[0.00117700279225,-0.00303109642118,0.00276580103673,-0.00510155921802,0.00308152288198,-0.00301495031454,0.000316692545312,-0.00162176345475,0.00293728196993,-0.00394136738032,0.0157868787646,-0.00499845482409,0.00107402249705],[-0.000488399295136,0.00151428522076,-0.00119227636606,0.00236804317683,-0.00263605290093,0.00131465925369,-0.000103820042568,0.000600495492108,0.00182143691927,0.000502374605276,-0.00499845482409,0.0157691184431,-0.00424881419167],[0.000634169264231,-0.0012107391376,0.00133410783019,-0.00259977020323,0.00138549099211,-0.00132310832851,0.00161494140048,-0.00031469372334,-0.0016712101642,-0.000876964943018,0.00107402249705,-0.00424881419167,0.0178565718234]],"mean":[-74.1917877197,124.972824097,-120.701042175,38.7897872925,-45.090259552,11.9724359512,-44.6239089966,9.86326503754,-16.0835056305,-7.52684259415,-13.1935024261,-6.32660913467,-10.0667381287]},"hfc":{"dmean":4.10977363586,"dmean2":5.52859687805,"dvar":37.5041007996,"dvar2":69.2728118896,"max":69.273475647,"mean":11.7846546173,"median":8.72891426086,"min":1.06794264714e-16,"var":103.975067139},"melbands":{"dmean":[0.000567786337342,0.000820580462459,0.00217998656444,0.000565625377931,0.000358126097126,0.000207690492971,0.0000769649122958,0.0000546563642274,0.000115580791316,0.000100677483715,0.0000383313017664,0.0000237819040194,0.0000263550209638,0.0000417834744439,0.0000258990367001,0.0000209532190638,0.0000206716977118,0.0000198457655642,0.0000197405370272,0.000021975944037,0.0000127980674733,0.0000105062890725,0.00000895127504918,0.00000642232134851,0.00000403019748774,0.00000327884617946,0.00000275894581137,0.00000142251758461,7.54923746626e-7,5.21275978826e-7,3.64518740525e-7,3.60597454119e-7,3.75800425445e-7,3.66339946822e-7,3.64735711855e-7,2.98199523741e-7,2.41168947923e-7,1.80242167858e-7,1.3323034409e-7,1.0124851002e-7],"dmean2":[0.000889968709089,0.00134940922726,0.00388426450081,0.000931994814891,0.000580154068302,0.000350201153196,0.000122362558614,0.0000860498694237,0.000179333845153,0.000150226944243,0.0000570999945921,0.000035414017475,0.0000405283790315,0.0000601829269726,0.0000397295152652,0.0000318878664984,0.0000313509408443,0.000029817716495,0.0000292372478725,0.0000332468880515,0.0000198706002266,0.0000156393234647,0.0000139120038511,0.0000104160972114,0.00000603182752457,0.00000492581921208,0.00000409479844166,0.00000210351936403,0.00000110236419459,7.55083306103e-7,5.19867569437e-7,5.22991228991e-7,5.49227991087e-7,5.29103886038e-7,5.26299345438e-7,4.34282156903e-7,3.50645109393e-7,2.63778758836e-7,1.89051007737e-7,1.47159241237e-7],"dvar":[8.91786100965e-7,0.00000132421757826,0.0000271609078482,0.00000163960442023,7.01961425875e-7,2.01578018277e-7,1.86737398877e-8,1.93297822193e-8,6.20319156042e-8,8.22027388381e-8,8.90559626043e-9,2.77077383259e-9,7.96177790363e-9,1.38029969676e-8,5.17158005309e-9,2.93781443617e-9,2.11975015318e-9,1.96464888802e-9,1.45064449342e-9,1.7934329577e-9,5.47113632177e-10,4.10462608347e-10,2.94076402119e-10,1.148864337e-10,6.07461719815e-11,4.59841886791e-11,6.00873725776e-11,1.51318870628e-11,2.30413669915e-12,1.10816759415e-12,5.24181989047e-13,3.97119674384e-13,4.91224953509e-13,4.62343379727e-13,4.37521194404e-13,3.69413457072e-13,2.66710237879e-13,1.62854037439e-13,1.1073784847e-13,4.62712787736e-14],"dvar2":[0.00000212232021113,0.00000309778602059,0.000074991126894,0.00000410906704928,0.00000176038599875,5.32692126853e-7,4.50529142881e-8,4.56446507258e-8,1.45845717725e-7,1.82321102216e-7,1.82998309839e-8,5.19764631335e-9,1.81791506293e-8,2.54368348607e-8,1.14314344657e-8,6.81813894232e-9,4.79490935845e-9,4.09085387787e-9,3.00491254102e-9,3.95855659363e-9,1.29553423545e-9,9.13965514382e-10,6.65398292021e-10,2.83352286079e-10,1.30011043598e-10,1.06718363313e-10,1.32006849896e-10,3.56634548282e-11,4.98345418751e-12,2.45308179152e-12,1.16629394944e-12,8.77011896265e-13,1.07970338399e-12,9.93683108887e-13,8.81283652825e-13,8.07069851488e-13,6.3308370048e-13,3.63697407694e-13,2.34097517846e-13,1.07693889884e-13],"max":[0.0107351848856,0.0105036087334,0.0388295575976,0.0126217128709,0.0109773213044,0.00631869817153,0.00185654021334,0.00444918917492,0.00465819332749,0.00689570931718,0.00239449180663,0.00155581498984,0.00213687005453,0.00291791115887,0.00141816784162,0.00142291304655,0.000819604611024,0.00100625411142,0.000853499106597,0.000929018424358,0.000551479228307,0.000450536957942,0.000430706160842,0.000249183591222,0.000224059243919,0.000211875259993,0.000189368613064,0.00014013890177,0.0000549724027223,0.000043112635467,0.0000123378858916,0.0000134725805765,0.0000213437378989,0.0000189559359569,0.0000235613806581,0.0000162061878655,0.0000146877700899,0.0000102005342342,0.00000972176712821,0.00000747207377572],"mean":[0.000926610897295,0.00137831561733,0.00201105326414,0.000656657794025,0.000491655431688,0.000287748960545,0.000148051112774,0.0000940012178035,0.000219232533709,0.000188111211173,0.0000659893048578,0.0000412305962527,0.000038579088141,0.0000701980752638,0.000038247439079,0.000031425668567,0.0000315635734296,0.0000301744948956,0.0000339437574439,0.0000379724187951,0.0000236514879361,0.0000210498656088,0.0000163210825121,0.0000112619609354,0.00000783735413279,0.00000591957632423,0.00000458857857666,0.00000246349236477,0.00000135955951919,8.56972008023e-7,5.61279819067e-7,5.85931388741e-7,6.47339959414e-7,6.88070656452e-7,6.98427925272e-7,5.39669542832e-7,4.35708130908e-7,2.93389547323e-7,1.99468360051e-7,1.5494809702e-7],"median":[0.000370785302948,0.000993320485577,0.000630058348179,0.000254856742686,0.000193660293007,0.00011222356261,0.0000821784124128,0.0000468514845124,0.0000875875848578,0.0000393394657294,0.0000181287214218,0.0000161145489983,0.00000959592034633,0.0000200159593078,0.0000149498555402,0.0000103985439637,0.0000115632328743,0.0000113563328341,0.0000166567224369,0.0000199239439098,0.0000129521649797,0.0000120496079035,0.00000852041011967,0.00000669554310662,0.00000422894572694,0.00000319800119541,0.00000155937527779,6.78049616454e-7,4.29248530054e-7,3.04848441601e-7,2.42163423536e-7,2.87563892698e-7,3.01683826365e-7,2.66771110091e-7,2.37253999558e-7,1.85989705415e-7,1.45772787619e-7,1.04319042293e-7,6.43404689527e-8,5.69053284494e-8],"min":[1.44653019899e-24,1.00914518541e-24,1.45461848846e-24,4.6472604509e-25,1.5708966845e-24,8.16846583998e-25,1.77097419399e-24,1.52871185455e-24,2.0178083768e-24,1.34944844004e-24,1.71263674676e-24,1.13724811059e-24,2.29625162444e-24,2.5968719215e-24,2.54989880446e-24,3.18795021221e-24,2.45292492225e-24,2.93638799156e-24,2.23822893271e-24,3.35091901446e-24,3.93475142054e-24,4.03334443977e-24,3.26248336825e-24,3.07197069863e-24,5.18096508519e-24,3.74448645324e-24,3.89232648106e-24,4.53540746872e-24,5.02999406844e-24,4.47281490576e-24,4.9211206139e-24,5.55162834202e-24,5.26918931668e-24,4.38307093374e-24,5.33860789304e-24,5.52369556622e-24,5.21800723228e-24,5.34968271129e-24,5.18523676699e-24,6.20232065412e-24],"var":[0.00000140862039189,0.00000209543804885,0.0000186700399354,0.0000015794215642,8.23159894026e-7,2.58025551148e-7,3.69321746518e-8,2.50815777036e-8,1.73820680516e-7,2.77674757854e-7,2.54806291622e-8,7.95501620132e-9,1.39327882565e-8,3.8012686332e-8,8.36751823385e-9,5.21817655752e-9,4.19251122707e-9,3.45173378768e-9,2.86509238556e-9,3.12282710802e-9,1.16941323292e-9,8.44778691445e-10,5.88434023729e-10,2.50990478401e-10,1.44138881386e-10,7.48774375836e-11,1.05707019527e-10,2.52799309264e-11,7.45186985035e-12,3.24270948635e-12,8.47037229853e-13,6.88814890543e-13,1.13229271879e-12,1.27551495841e-12,1.62858431168e-12,9.33083037918e-13,6.72392642866e-13,3.61655177377e-13,2.49496874983e-13,9.08177545211e-14]},"melbands_crest":{"dmean":3.46552109718,"dmean2":5.88809108734,"dvar":11.4882917404,"dvar2":32.5001678467,"max":32.1773147583,"mean":13.3075838089,"median":13.0455350876,"min":1.58429670334,"var":21.7156219482},"melbands_flatness_db":{"dmean":0.0261436048895,"dmean2":0.0418190322816,"dvar":0.00064902700251,"dvar2":0.00156532716937,"max":0.814115107059,"mean":0.225946217775,"median":0.21709048748,"min":0.00306383753195,"var":0.00930242426693},"melbands_kurtosis":{"dmean":6.52306127548,"dmean2":10.6484155655,"dvar":121.771224976,"dvar2":295.378448486,"max":495.750152588,"mean":12.3884124756,"median":7.44177865982,"min":-1.53646767139,"var":314.52645874},"melbands_skewness":{"dmean":0.72094899416,"dmean2":1.15625154972,"dvar":0.592598855495,"dvar2":1.41410195827,"max":17.6162052155,"mean":2.69970369339,"median":2.52070569992,"min":-0.770625829697,"var":2.28163504601},"melbands_spread":{"dmean":6.06398200989,"dmean2":9.77317523956,"dvar":46.3166275024,"dvar2":108.980949402,"max":185.213943481,"mean":22.4219379425,"median":18.1336326599,"min":0.502316653728,"var":494.106079102},"mfcc":{"cov":[[13344.7929688,1448.72717285,-916.838012695,96.5525970459,212.349075317,27.7417373657,-52.4930763245,122.382659912,-199.984939575,173.264556885,-188.150665283,-126.667884827,-85.3402175903],[1448.72717285,1435.28637695,-256.535125732,242.017486572,113.913528442,-35.0990943909,-85.8332595825,104.024620056,47.706867218,-51.8391189575,123.455886841,-23.1836013794,-7.84020757675],[-916.838012695,-256.535125732,628.735473633,2.7380194664,32.6292686462,51.4364395142,56.0681304932,-29.1850795746,-5.60198736191,7.56651067734,-34.2327003479,32.9921646118,30.2016582489],[96.5525970459,242.017486572,2.7380194664,294.161804199,64.1486816406,-33.8595046997,-21.879365921,33.4077606201,32.7764778137,8.50983715057,34.5391693115,7.15651798248,9.72446346283],[212.349075317,113.913528442,32.6292686462,64.1486816406,152.816207886,31.2835521698,-9.63963127136,-0.819736421108,18.471446991,6.4479970932,10.4168043137,3.56340956688,4.98933458328],[27.7417373657,-35.0990943909,51.4364395142,-33.8595046997,31.2835521698,147.489639282,59.8880729675,0.4362860322,7.94926023483,7.18643045425,-3.12109208107,11.5476570129,5.65005731583],[-52.4930763245,-85.8332595825,56.0681304932,-21.879365921,-9.63963127136,59.8880729675,147.85218811,34.2641563416,-10.2807588577,6.86097383499,1.12564432621,11.9849824905,8.17265224457],[122.382659912,104.024620056,-29.1850795746,33.4077606201,-0.819736421108,0.4362860322,34.2641563416,109.561958313,16.5850448608,3.99042725563,28.2151660919,2.90246319771,8.45767021179],[-199.984939575,47.706867218,-5.60198736191,32.7764778137,18.471446991,7.94926023483,-10.2807588577,16.5850448608,118.748718262,16.2036514282,26.7085571289,6.34383487701,-7.74843502045],[173.264556885,-51.8391189575,7.56651067734,8.50983715057,6.4479970932,7.18643045425,6.86097383499,3.99042725563,16.2036514282,129.631851196,-4.38360404968,15.3638858795,9.01699542999],[-188.150665283,123.455886841,-34.2327003479,34.5391693115,10.4168043137,-3.12109208107,1.12564432621,28.2151660919,26.7085571289,-4.38360404968,110.65586853,7.79848337173,-6.31511831284],[-126.667884827,-23.1836013794,32.9921646118,7.15651798248,3.56340956688,11.5476570129,11.9849824905,2.90246319771,6.34383487701,15.3638858795,7.79848337173,68.9113693237,22.1198158264],[-85.3402175903,-7.84020757675,30.2016582489,9.72446346283,4.98933458328,5.65005731583,8.17265224457,8.45767021179,-7.74843502045,9.01699542999,-6.31511831284,22.1198158264,70.1264953613]],"icov":[[0.000113997710287,-0.000123360063299,0.000138400908327,0.0000321675943269,-0.000150653664605,-0.0000515260144311,-0.0000330324728566,-0.0001033030494,0.000239718821831,-0.000233845799812,0.000340955506545,0.0000655204785289,0.000158642302267],[-0.000123360063299,0.00119477231055,0.000187363402802,-0.000630610215012,-0.00036419465323,-0.000131092645461,0.000634238123894,-0.000670991779771,-0.000168702274095,0.000666729814839,-0.00104961590841,0.000165156481671,-0.000217293330934],[0.000138400908327,0.000187363402802,0.00207862234674,-0.000270249845926,-0.000678861048073,-0.000334855634719,-0.00058314652415,0.000310054339934,0.000221131500439,-0.0000683808539179,0.000692026573233,-0.000449094077339,-0.000325312372297],[0.0000321675943269,-0.000630610215012,-0.000270249845926,0.00464795762673,-0.00164685526397,0.00147965922952,-0.000083633356553,-0.000699036754668,-0.000633191782981,-0.000423200341174,-0.00026560164406,-0.000311221374432,-0.000408789055655],[-0.000150653664605,-0.00036419465323,-0.000678861048073,-0.00164685526397,0.00857111252844,-0.00240004342049,0.00104493775871,0.00087246572366,-0.000808547949418,-0.0000695679118508,-0.000501340487972,0.000150615916937,-0.000519813213032],[-0.0000515260144311,-0.000131092645461,-0.000334855634719,0.00147965922952,-0.00240004342049,0.00947935413569,-0.00399166718125,0.0010355723789,-0.00120429787785,-0.0000261332570517,0.0000898823273019,-0.000750883424189,-0.000275784375845],[-0.0000330324728566,0.000634238123894,-0.00058314652415,-0.000083633356553,0.00104493775871,-0.00399166718125,0.0100576886907,-0.00388347241096,0.00136727618519,-0.0000291893884423,-0.000518994813319,-0.00063782709185,0.000146223464981],[-0.0001033030494,-0.000670991779771,0.000310054339934,-0.000699036754668,0.00087246572366,0.0010355723789,-0.00388347241096,0.0122989704832,-0.00162902881857,-0.000164620694704,-0.00201766053215,0.000473235559184,-0.00190337677486],[0.000239718821831,-0.000168702274095,0.000221131500439,-0.000633191782981,-0.000808547949418,-0.00120429787785,0.00136727618519,-0.00162902881857,0.0102575607598,-0.00164908368606,-0.00108092697337,-0.000649176130537,0.00190996553283],[-0.000233845799812,0.000666729814839,-0.0000683808539179,-0.000423200341174,-0.0000695679118508,-0.0000261332570517,-0.0000291893884423,-0.000164620694704,-0.00164908368606,0.00879047159106,-0.000175324952579,-0.0016036540037,-0.000914049043786],[0.000340955506545,-0.00104961590841,0.000692026573233,-0.00026560164406,-0.000501340487972,0.0000898823273019,-0.000518994813319,-0.00201766053215,-0.00108092697337,-0.000175324952579,0.0121353995055,-0.00168763531838,0.00189689151011],[0.0000655204785289,0.000165156481671,-0.000449094077339,-0.000311221374432,0.000150615916937,-0.000750883424189,-0.00063782709185,0.000473235559184,-0.000649176130537,-0.0016036540037,-0.00168763531838,0.0173893328756,-0.00510076619685],[0.000158642302267,-0.000217293330934,-0.000325312372297,-0.000408789055655,-0.000519813213032,-0.000275784375845,0.000146223464981,-0.00190337677486,0.00190996553283,-0.000914049043786,0.00189689151011,-0.00510076619685,0.0170055311173]],"mean":[-686.079467773,139.83581543,-7.77663612366,27.2548465729,19.9184303284,2.54988789558,-7.29460096359,8.9209280014,-3.27012443542,3.21567511559,-0.110159628093,-1.43999326229,-0.209519639611]},"pitch_salience":{"dmean":0.0722218006849,"dmean2":0.12067861855,"dvar":0.00429542409256,"dvar2":0.0120201269165,"max":0.875327885151,"mean":0.55151450634,"median":0.550857305527,"min":0.204898387194,"var":0.011711272411},"silence_rate_20dB":{"dmean":0,"dmean2":0,"dvar":0,"dvar2":0,"max":1,"mean":1,"median":1,"min":1,"var":0},"silence_rate_30dB":{"dmean":0.00326104671694,"dmean2":0.00652315700427,"dvar":0.00325047853403,"dvar2":0.00974171608686,"max":1,"mean":0.998369753361,"median":1,"min":0,"var":0.00162772322074},"silence_rate_60dB":{"dmean":0.0081526171416,"dmean2":0.0163078922778,"dvar":0.00808549299836,"dvar2":0.0199567619711,"max":1,"mean":0.0811868309975,"median":0,"min":0,"var":0.0745957195759},"spectral_centroid":{"dmean":230.157348633,"dmean2":369.97442627,"dvar":71107.2421875,"dvar2":155116.71875,"max":11865.2978516,"mean":1414.14123535,"median":1103.38439941,"min":129.609725952,"var":3067902.75},"spectral_complexity":{"dmean":3.18995594978,"dmean2":4.46738433838,"dvar":12.6777563095,"dvar2":20.6886615753,"max":46,"mean":16.6322135925,"median":16,"min":0,"var":64.3918685913},"spectral_contrast_coeffs":{"dmean":[0.0592123828828,0.0445741042495,0.0364318937063,0.0293269716203,0.0236136298627,0.0191063769162],"dmean2":[0.0977612584829,0.0741038843989,0.0572306774557,0.046174723655,0.0361199975014,0.0283514074981],"dvar":[0.00289720762521,0.00153447384946,0.000981183722615,0.000614477263298,0.000426091632107,0.000320737512084],"dvar2":[0.00733912317082,0.00411293283105,0.00223764427938,0.00147536071017,0.000894962460734,0.000650349829812],"max":[-0.325579732656,-0.46882134676,-0.513189673424,-0.573715209961,-0.589871764183,-0.535065889359],"mean":[-0.657003819942,-0.741742670536,-0.77197688818,-0.774799883366,-0.751576423645,-0.784517288208],"median":[-0.659194350243,-0.742564082146,-0.781796693802,-0.772737443447,-0.747530698776,-0.783680319786],"min":[-0.990146875381,-0.981793642044,-0.978871881962,-0.969738483429,-0.968275368214,-0.96512401104],"var":[0.00834052450955,0.00548903597519,0.00580466818064,0.00343482987955,0.00359368277714,0.0025990109425]},"spectral_contrast_valleys":{"dmean":[0.419791460037,0.352839440107,0.346781909466,0.315964370966,0.301346033812,0.385774999857],"dmean2":[0.675079166889,0.54593193531,0.523273527622,0.44315123558,0.391396552324,0.46376645565],"dvar":[0.142510578036,0.118443861604,0.119815811515,0.106497623026,0.108267590404,0.154944375157],"dvar2":[0.307629078627,0.219117999077,0.202509835362,0.150507137179,0.144553050399,0.220957681537],"max":[-5.4827208519,-4.99331283569,-5.77463817596,-6.00165176392,-6.17159414291,-8.52902030945],"mean":[-7.68620157242,-7.44194841385,-8.25694274902,-8.45984840393,-8.81808567047,-11.4635410309],"median":[-6.99907207489,-6.74795246124,-7.57481765747,-7.74089813232,-8.11437606812,-10.6281661987],"min":[-28.2147045135,-28.5586223602,-27.8332290649,-27.6357898712,-27.5768661499,-27.4576644897],"var":[12.6911172867,13.2048368454,12.5038948059,12.587893486,12.4078407288,9.95672512054]},"spectral_decrease":{"dmean":3.06217784463e-9,"dmean2":4.9464308205e-9,"dvar":3.43419119076e-17,"dvar2":8.77893070675e-17,"max":2.56301119959e-28,"mean":-5.62477087129e-9,"median":-3.98137878221e-9,"min":-4.39323102341e-8,"var":3.63456940758e-17},"spectral_energy":{"dmean":0.0118712671101,"dmean2":0.019056936726,"dvar":0.000508865050506,"dvar2":0.00129456224386,"max":0.170024737716,"mean":0.0222981125116,"median":0.0158294029534,"min":9.9882155901e-21,"var":0.000551925448235},"spectral_energyband_high":{"dmean":0.0000888460926944,"dmean2":0.000119127864309,"dvar":2.17617373011e-8,"dvar2":4.57496867057e-8,"max":0.00378911592998,"mean":0.000190769191249,"median":0.0000939607416512,"min":6.96688589617e-21,"var":6.88161421181e-8},"spectral_energyband_low":{"dmean":0.00587071292102,"dmean2":0.00986107438803,"dvar":0.000089916306024,"dvar2":0.000222279108129,"max":0.0808669626713,"mean":0.00918598566204,"median":0.00564706232399,"min":1.30513124019e-23,"var":0.000115973067295},"spectral_energyband_middle_high":{"dmean":0.00124142959248,"dmean2":0.00166098133195,"dvar":0.00000308742619382,"dvar2":0.00000553194695385,"max":0.024364868179,"mean":0.00345267448574,"median":0.00232842424884,"min":1.13584752119e-21,"var":0.0000117360223157},"spectral_energyband_middle_low":{"dmean":0.00904980767518,"dmean2":0.0151967424899,"dvar":0.000420165539254,"dvar2":0.00110975513235,"max":0.154811561108,"mean":0.01226399187,"median":0.00666399020702,"min":1.71647259869e-22,"var":0.00035410723649},"spectral_entropy":{"dmean":0.152126938105,"dmean2":0.23169618845,"dvar":0.0221586320549,"dvar2":0.0538282804191,"max":9.82353115082,"mean":7.35321235657,"median":7.36372756958,"min":4.06884050369,"var":0.441542059183},"spectral_flux":{"dmean":0.0310955308378,"dmean2":0.0499958209693,"dvar":0.00203769677319,"dvar2":0.00416064634919,"max":0.357078939676,"mean":0.0782291516662,"median":0.0623375996947,"min":6.2198322881e-11,"var":0.00370506639592},"spectral_kurtosis":{"dmean":3.54997611046,"dmean2":6.12905216217,"dvar":186.78453064,"dvar2":588.675720215,"max":591.574829102,"mean":11.1907482147,"median":5.28228473663,"min":-1.26482474804,"var":1483.66796875},"spectral_rms":{"dmean":0.000995360547677,"dmean2":0.00152014894411,"dvar":0.0000021054086119,"dvar2":0.00000487130046167,"max":0.0128793548793,"mean":0.00415995717049,"median":0.0039297984913,"min":3.1216342445e-12,"var":0.00000444902661911},"spectral_rolloff":{"dmean":373.87286377,"dmean2":640.058837891,"dvar":308936.21875,"dvar2":650422.75,"max":19681.3476562,"mean":1606.8737793,"median":947.4609375,"min":64.599609375,"var":9819481},"spectral_skewness":{"dmean":0.26164484024,"dmean2":0.440616339445,"dvar":0.125144258142,"dvar2":0.357907474041,"max":20.1223754883,"mean":1.94718575478,"median":1.7206864357,"min":-0.104924120009,"var":3.03947901726},"spectral_spread":{"dmean":445120.59375,"dmean2":650169.75,"dvar":557829521408,"dvar2":1159822835710,"max":42808160,"mean":4716177.5,"median":3668989,"min":167724.53125,"var":41318306807800},"spectral_strongpeak":{"dmean":0.392850577831,"dmean2":0.665326416492,"dvar":0.434181600809,"dvar2":1.06145000458,"max":8.13292312622,"mean":0.652802050114,"median":0.295118719339,"min":0,"var":0.817422151566},"zerocrossingrate":{"dmean":0.00681754620746,"dmean2":0.00886271893978,"dvar":0.0000702268080204,"dvar2":0.000113640046038,"max":0.53076171875,"mean":0.057352270931,"median":0.04296875,"min":0.00341796875,"var":0.00647775409743}},"metadata":{"audio_properties":{"analysis_sample_rate":44100,"bit_rate":128000,"codec":"mp3","downmix":"mix","equal_loudness":0,"length":142.393463135,"lossless":false,"md5_encoded":"8cfee2c0f219cc7d708b6fdb634a91c8","replay_gain":-12.1371040344,"sample_rate":44100},"tags":{"acoustid_id":["4bf68f55-0183-4ab5-9bd3-34bfd9346753"],"album":["Chronicle, Vol.1: The 20 Greatest Hits UK"],"albumartist":["Creedence Clearwater Revival"],"albumartistsort":["Creedence Clearwater Revival"],"artist":["Creedence Clearwater Revival"],"artistsort":["Creedence Clearwater Revival"],"date":["1976"],"discnumber":["1/1"],"file_name":"Creedence Clearwater Revival - Bad Moon Rising - 11.mp3","genre":["Southern Rock/Rock/Oldies/60S/Classic Rock"],"label":["Fantasy"],"length":["142000"],"media":["CD"],"musicbrainz_albumartistid":["109958eb-a335-4c5e-907e-597ff4c6af46"],"musicbrainz_albumid":["82d786a1-b7ea-4598-928c-7d69d322ccbe"],"musicbrainz_artistid":["109958eb-a335-4c5e-907e-597ff4c6af46"],"musicbrainz_recordingid":["494c7af6-b4ec-4897-b4c7-4663099377e6"],"musicbrainz_releasegroupid":["f42df97e-5f80-47d1-ba4d-b58e670541d3"],"script":["Latn"],"title":["Bad Moon Rising"],"tracknumber":["11/20"]},"version":{"essentia":"2.1-beta2","essentia_build_sha":"70f2e5ece6736b2c40cc944ad0e695b16b925413","essentia_git_sha":"v2.1_beta2","extractor":"music 1.0"}},"rhythm":{"beats_count":214,"beats_loudness":{"dmean":0.0109283039346,"dmean2":0.0186889152974,"dvar":0.000123411460663,"dvar2":0.000352678267518,"max":0.0931749716401,"mean":0.0375834032893,"median":0.0381081290543,"min":0,"var":0.000245961738983},"beats_loudness_band_ratio":{"dmean":[0.131746590137,0.095690600574,0.0729722306132,0.0369282215834,0.0455784909427,0.0146367270499],"dmean2":[0.222130447626,0.163515493274,0.125031009316,0.0653760582209,0.0765297785401,0.0259248260409],"dvar":[0.01239425130