{"lowlevel":{"average_loudness":0.81436163187,"barkbands":{"dmean":[0.000310693052597,0.00506294658408,0.00273890560493,0.00225957529619,0.00173538806848,0.000751804851461,0.000560281914659,0.000392177316826,0.000584940426052,0.000510705285706,0.000253382575465,0.000333891948685,0.000381528196158,0.000388773565646,0.000390284636524,0.000236245890846,0.000286520604277,0.000218999237404,0.000237622414716,0.000155200454174,0.000075568772445,0.0000580783380428,0.0000640154976281,0.0000543828791706,0.0000305420107907,0.00001470845109,0.00000740228551876],"dmean2":[0.000490495294798,0.00805259495974,0.00486580561846,0.00393499853089,0.00297485571355,0.00121504708659,0.000907741487026,0.000638976693153,0.000947808090132,0.000829612836242,0.000423021090683,0.000556567567401,0.000618444115389,0.000641920778435,0.000641235674266,0.000391883600969,0.000471535371616,0.000357730052201,0.000389411987271,0.000251645280514,0.000120483418868,0.0000885609988472,0.0000889127186383,0.0000756921654101,0.0000417306437157,0.0000204650041269,0.0000104168884718],"dvar":[2.54289915347e-7,0.0000705807688064,0.0000307113186864,0.0000323202148138,0.0000147775454025,0.00000223760093832,0.00000125926749206,6.45001705379e-7,0.00000201347006623,0.0000013977415847,3.85383941648e-7,5.05700143094e-7,0.00000107825599116,0.00000144147054471,0.00000116616104151,2.15435591144e-7,3.29627084739e-7,1.93090755829e-7,2.49762791782e-7,6.95428568065e-8,1.5384015839e-8,1.56144146501e-8,3.6028364292e-8,4.28389625995e-8,1.31017205973e-8,2.06840056194e-9,5.44559952687e-10],"dvar2":[6.2785721866e-7,0.000165618344909,0.000087154636276,0.0000892168754945,0.0000414806272602,0.00000573204761167,0.00000326789563587,0.0000015636584294,0.00000485754662805,0.00000346386286765,9.89611521618e-7,0.00000131761964894,0.00000277060530607,0.000003659816457,0.00000297378824143,5.55410451852e-7,8.90921000973e-7,5.11025746164e-7,6.81734263708e-7,1.75152962356e-7,3.72779709323e-8,3.17841077901e-8,6.50995275464e-8,8.06898867722e-8,2.50029259519e-8,5.11323650088e-9,1.30843591517e-9],"max":[0.00595307722688,0.0826546549797,0.0479504652321,0.0616577602923,0.0498401522636,0.0362105965614,0.02467600815,0.0209807045758,0.0445344373584,0.0263845343143,0.0175459645689,0.0202927626669,0.0219844840467,0.0376780293882,0.0254306569695,0.0131317349151,0.0141804171726,0.00991365034133,0.00932635646313,0.00823557656258,0.00219991849735,0.00339245400392,0.00581689598039,0.00523473322392,0.00352413253859,0.00170779100154,0.000836306717247],"mean":[0.000361391634215,0.00686122942716,0.0039220424369,0.00270829349756,0.00284410174936,0.00145254377276,0.000989210791886,0.000633497489616,0.000937251199502,0.000820285407826,0.000373834598577,0.000536073988769,0.000577942410018,0.00060773367295,0.000646915344987,0.000420340365963,0.000511028047185,0.000429550622357,0.000478370522615,0.000310161616653,0.000170608051121,0.000117935836897,0.000129797132104,0.000103670310637,0.0000561066335649,0.0000273002096947,0.0000119837022794],"median":[0.0000924693085835,0.00327447615564,0.00168926990591,0.00112678576261,0.00169923261274,0.00072172190994,0.000407558662118,0.000242143622017,0.000318151287502,0.000291524629574,0.000133316847496,0.0001953431929,0.000162528944202,0.000177536421688,0.000187970974366,0.000179305425263,0.000199249116122,0.000144410369103,0.000152166001499,0.000141535289004,0.0000714343914296,0.0000336748416885,0.000026857265766,0.0000234304461628,0.0000103640504676,0.00000526853136762,0.0000017979139102],"min":[4.66601512588e-25,1.98024203164e-24,2.87981315541e-25,2.97774560223e-24,1.11656618925e-23,1.27290090795e-23,9.07669905093e-24,4.87691876522e-24,1.86357565687e-23,1.69149464341e-23,2.07568710142e-23,1.77450978968e-23,3.67573619983e-23,5.29177866424e-23,4.856881856e-23,8.05972181779e-23,8.02406088726e-23,9.56758967954e-23,1.51298485533e-22,1.2222976897e-22,2.69674687914e-22,3.2872114124e-22,3.40139252821e-22,6.59224678985e-22,8.30523161359e-22,1.24912744231e-21,2.0709320877e-21],"var":[3.39362316026e-7,0.0000943064151215,0.0000329172653437,0.0000268144085567,0.0000158108705364,0.00000528248574483,0.00000225577514357,0.00000110012388177,0.00000408333607993,0.00000290942216452,6.93903189131e-7,9.6610995115e-7,0.00000193299138118,0.00000268217763733,0.00000225409416998,4.64845584247e-7,6.92355570209e-7,4.74888082636e-7,6.41732981421e-7,1.84473080367e-7,5.14267526341e-8,4.44108430031e-8,1.17542619194e-7,9.76091740768e-8,3.21206243825e-8,3.47933837297e-9,7.525530199e-10]},"barkbands_crest":{"dmean":2.8611702919,"dmean2":4.68638849258,"dvar":7.02466249466,"dvar2":18.5158290863,"max":26.7411251068,"mean":9.3704328537,"median":8.54040050507,"min":2.50276851654,"var":16.2947864532},"barkbands_flatness_db":{"dmean":0.0205772332847,"dmean2":0.031695432961,"dvar":0.000442389165983,"dvar2":0.00100517517421,"max":0.429774552584,"mean":0.12866063416,"median":0.120023861527,"min":0.0252751335502,"var":0.00334869208746},"barkbands_kurtosis":{"dmean":2.62468290329,"dmean2":4.20172309875,"dvar":41.1584815979,"dvar2":91.3170776367,"max":509.759399414,"mean":3.48139286041,"median":1.02656078339,"min":-1.96128773689,"var":156.463104248},"barkbands_skewness":{"dmean":0.53394395113,"dmean2":0.839202284813,"dvar":0.338090658188,"dvar2":0.764865994453,"max":7.23021841049,"mean":1.37614381313,"median":1.27853965759,"min":-20.5300865173,"var":1.65105891228},"barkbands_spread":{"dmean":5.50174713135,"dmean2":8.38549900055,"dvar":38.8651580811,"dvar2":83.4011077881,"max":125.424064636,"mean":24.4056949615,"median":22.504611969,"min":0.482585966587,"var":203.451324463},"dissonance":{"dmean":0.0154220545664,"dmean2":0.0257544089109,"dvar":0.000247778894845,"dvar2":0.000671028683428,"max":0.500000059605,"mean":0.471835941076,"median":0.478093892336,"min":0.291728973389,"var":0.000556603597943},"dynamic_complexity":7.06954908371,"erbbands":{"dmean":[0.189154922962,1.07690131664,2.91961050034,5.2592124939,7.26995134354,5.51437520981,6.2057890892,6.1844496727,7.83907985687,7.6219792366,9.58327102661,12.4104442596,13.0871419907,16.6043128967,10.7038707733,13.1634550095,17.1036872864,21.1023330688,19.4119358063,14.4033327103,13.3725357056,12.7567625046,11.4736795425,8.58469772339,13.7111949921,7.40014505386,3.56374239922,2.72238969803,2.15344452858,1.84728717804,1.85795819759,1.25689589977,0.892538905144,0.44517403841,0.1660926193,0.0602919794619,0.028123434633,0.00920985639095,0.00131021509878,0.0000655356561765],"dmean2":[0.308971971273,1.7310860157,5.14904260635,9.07420444489,12.8011579514,9.36176300049,10.0239849091,10.1150093079,12.7964191437,12.2200155258,15.6007814407,20.001039505,21.2965984344,27.0393638611,17.7216243744,21.7385749817,27.7517585754,34.858165741,31.2342185974,23.9507827759,22.199092865,20.6920661926,18.6010513306,13.9661903381,22.3739337921,11.9782533646,5.74393892288,4.30311489105,3.31988716125,2.61001014709,2.6188762188,1.74378407001,1.25253796577,0.621427536011,0.227532789111,0.0811703577638,0.0401174537838,0.0135840903968,0.00183477485552,0.0000907479698071],"dvar":[0.103175610304,3.35567879677,34.1170349121,107.266944885,426.611236572,113.273414612,168.303939819,187.910552979,271.637237549,237.217987061,403.504577637,1088.81140137,1122.62268066,1603.66223145,535.375549316,860.76763916,2390.78710938,4481.72265625,3459.34912109,1147.81201172,552.195251465,571.103942871,524.426025391,264.181518555,945.108276367,166.881317139,32.5346183777,22.4576721191,20.4201641083,21.1458377838,36.0510978699,18.0446472168,12.5799484253,3.09254145622,0.36062631011,0.0234911758453,0.00873627420515,0.00157957628835,0.0000146659667735,3.23736806251e-8],"dvar2":[0.262105971575,8.00347995758,96.0346298218,291.653686523,1196.47253418,315.86126709,439.385559082,475.864837646,716.368835449,595.963867188,985.974487305,2549.02050781,2852.09594727,4041.87890625,1365.50427246,2250.77001953,6231.91796875,11569.15625,8647.86523438,3063.27075195,1494.97253418,1479.89318848,1340.62194824,698.207946777,2602.91601562,409.495422363,82.0574798584,51.5372810364,42.7109832764,38.8992958069,68.6077880859,32.9384803772,23.977645874,5.97662305832,0.645947694778,0.0440651588142,0.0226070582867,0.00434537651017,0.0000342481071129,6.99153446249e-8],"max":[2.99330663681,18.0246047974,51.7482070923,102.981948853,204.226867676,159.15447998,380.726989746,364.7578125,408.133514404,351.799865723,578.165222168,1403.08288574,926.717895508,928.838745117,597.811767578,1026.30700684,1133.98596191,2097.26342773,1559.54016113,864.564025879,441.547607422,857.703430176,598.728942871,275.06829834,642.559020996,435.245697021,100.665779114,95.1863632202,99.8213348389,154.485519409,150.647888184,115.841384888,101.402046204,55.659160614,20.3734798431,4.58819150925,3.40350389481,2.0083360672,0.102109059691,0.00462794024497],"mean":[0.210565268993,1.50710320473,4.45902442932,7.31023359299,8.76798629761,9.37292194366,12.2530555725,10.7450284958,13.3818187714,13.7618618011,15.9667415619,20.3959350586,21.9396648407,26.9101715088,18.4664001465,22.6317863464,27.7934246063,34.9579315186,33.3316955566,26.3931217194,25.2230300903,25.4955825806,23.8094921112,19.8265590668,27.6084976196,15.5322256088,8.22371864319,5.69374370575,4.25712394714,3.83051300049,3.72220754623,2.47067475319,1.60330927372,0.780482411385,0.320148915052,0.122396476567,0.0496829487383,0.0144814923406,0.00210887449794,0.000128311075969],"median":[0.0755781680346,0.736100018024,2.01942873001,4.40130996704,4.5892367363,5.32397031784,5.11507368088,5.20989894867,5.51629018784,6.18601894379,6.52542495728,7.49567937851,8.01070404053,10.1679067612,7.74667167664,8.46764469147,8.50187492371,10.5252656937,9.82773685455,9.17839813232,11.3236036301,11.17146492,9.22135639191,7.48338127136,8.31652164459,6.91157150269,3.74825072289,2.23593020439,1.263271451,0.992053508759,0.735510766506,0.536997377872,0.344263494015,0.147355467081,0.0577289946377,0.0236684102565,0.00914060138166,0.00246292119846,0.000327225541696,0.0000528485506948],"min":[4.94321163803e-23,5.79969022906e-22,5.42075325706e-22,7.33135589123e-21,1.85401629091e-20,4.54041538494e-20,4.72449538297e-20,1.01269854776e-19,1.75860381837e-19,1.89074992788e-19,1.31550836738e-19,4.67879565746e-19,5.69973453971e-19,7.25008297266e-19,6.94915569979e-19,1.03893254211e-18,2.09931904739e-18,2.16012281947e-18,2.73995864449e-18,3.07703350333e-18,4.70030080242e-18,4.52023185487e-18,5.84883736064e-18,6.43479639014e-18,8.19135371197e-18,6.43669931914e-18,9.5533893086e-18,1.17719373423e-17,1.12208199874e-17,1.3068623189e-17,1.0542604677e-17,1.10105043536e-17,1.0410210284e-17,8.44192491749e-18,6.76859313221e-18,3.84342606024e-18,2.53033081134e-18,1.09765885009e-18,2.59468489431e-19,2.64164458392e-20],"var":[0.112206168473,4.48319625854,39.2983589172,107.347869873,315.754180908,158.738800049,472.858825684,343.71685791,464.104370117,443.880004883,694.027648926,2030.09814453,2122.5378418,3296.37597656,1052.83752441,1696.60913086,4423.5390625,8653.828125,7019.27441406,2377.65087891,1255.63708496,1489.05200195,1369.33056641,910.850097656,2215.91796875,473.392547607,112.366119385,65.1594009399,56.9966049194,64.8305053711,108.243873596,49.1322937012,25.8920269012,6.69586706161,1.04574716091,0.0717639699578,0.0125743960962,0.00144389946945,0.0000219546327571,5.83174610824e-8]},"erbbands_crest":{"dmean":2.51815414429,"dmean2":4.16646575928,"dvar":5.78932905197,"dvar2":14.8830070496,"max":27.3339538574,"mean":7.8100233078,"median":6.93545627594,"min":2.23121571541,"var":12.337100029},"erbbands_flatness_db":{"dmean":0.017143106088,"dmean2":0.0241253878921,"dvar":0.000285097688902,"dvar2":0.000504112394992,"max":0.418030887842,"mean":0.150820955634,"median":0.142232149839,"min":0.0393007770181,"var":0.0027564142365},"erbbands_kurtosis":{"dmean":0.690975010395,"dmean2":1.10724401474,"dvar":0.598195850849,"dvar2":1.50835001469,"max":13.2435703278,"mean":0.0395176112652,"median":-0.25088262558,"min":-1.77265071869,"var":1.43908119202},"erbbands_skewness":{"dmean":0.306425482035,"dmean2":0.478848934174,"dvar":0.0689386054873,"dvar2":0.1672526896,"max":3.23281288147,"mean":0.0341842882335,"median":0.0484392382205,"min":-2.90636539459,"var":0.402578294277},"erbbands_spread":{"dmean":8.31048965454,"dmean2":12.809129715,"dvar":76.5631637573,"dvar2":175.021591187,"max":154.141082764,"mean":38.3757171631,"median":35.4347648621,"min":5.5625295639,"var":311.973327637},"gfcc":{"cov":[[37500.9882812,-955.523010254,406.900115967,2251.4753418,-430.104278564,1364.4954834,-1273.03942871,948.917785645,-1265.07507324,543.086853027,-823.040466309,199.387695312,-206.741256714],[-955.523010254,2003.78833008,-463.27053833,152.58291626,225.635101318,-100.710899353,260.454559326,-46.7639923096,136.626876831,-142.003448486,123.288200378,-66.6996078491,142.054290771],[406.900115967,-463.27053833,1214.7265625,32.6934623718,98.8328704834,125.549354553,-116.674423218,-0.462510019541,-133.145477295,-30.5299320221,-88.6585845947,26.7967166901,-6.39612960815],[2251.4753418,152.58291626,32.6934623718,540.826721191,43.4275550842,83.709777832,2.52738165855,75.0777740479,-34.0566940308,-20.9367904663,-21.0708808899,-21.2372379303,19.9696617126],[-430.104278564,225.635101318,98.8328704834,43.4275550842,325.543701172,-41.4165763855,100.570610046,22.961101532,10.9654045105,11.1848783493,-0.216278672218,-22.5790977478,29.5529556274],[1364.4954834,-100.710899353,125.549354553,83.709777832,-41.4165763855,225.409378052,-36.2190208435,49.4659385681,-35.5861282349,24.4107284546,-11.0993013382,26.553155899,-11.14939785],[-1273.03942871,260.454559326,-116.674423218,2.52738165855,100.570610046,-36.2190208435,219.63835144,-6.86043071747,77.1589736938,-19.1924343109,39.3813438416,-20.4113483429,7.58974218369],[948.917785645,-46.7639923096,-0.462510019541,75.0777740479,22.961101532,49.4659385681,-6.86043071747,133.896636963,-3.82957243919,40.4596443176,5.19969034195,5.23768472672,4.16197013855],[-1265.07507324,136.626876831,-133.145477295,-34.0566940308,10.9654045105,-35.5861282349,77.1589736938,-3.82957243919,160.77116394,6.47323608398,54.5477409363,2.94934940338,5.41576910019],[543.086853027,-142.003448486,-30.5299320221,-20.9367904663,11.1848783493,24.4107284546,-19.1924343109,40.4596443176,6.47323608398,117.146881104,7.74483919144,16.6313209534,-14.5068159103],[-823.040466309,123.288200378,-88.6585845947,-21.0708808899,-0.216278672218,-11.0993013382,39.3813438416,5.19969034195,54.5477409363,7.74483919144,126.965614319,16.6960468292,9.78600215912],[199.387695312,-66.6996078491,26.7967166901,-21.2372379303,-22.5790977478,26.553155899,-20.4113483429,5.23768472672,2.94934940338,16.6313209534,16.6960468292,79.1957168579,15.2377624512],[-206.741256714,142.054290771,-6.39612960815,19.9696617126,29.5529556274,-11.14939785,7.58974218369,4.16197013855,5.41576910019,-14.5068159103,9.78600215912,15.2377624512,79.5325775146]],"icov":[[0.000141269803862,-0.000157419315656,0.000105580977106,-0.000422495679231,0.0000762223207857,-0.000332541676471,0.000481385563035,-0.000532325298991,0.00070551247336,-0.000512629281729,0.000668982567731,-0.000509017903823,0.000543608737644],[-0.000157419315656,0.00108006340452,0.00020370222046,0.000296564248856,-0.000600673898589,0.000151530795847,-0.000881334533915,0.000924583931919,-0.000978973926976,0.00145309732761,-0.00130943232216,0.00116902182344,-0.00184738601092],[0.000105580977106,0.00020370222046,0.00129419472069,-0.000280134176137,-0.000847476010676,-0.000959454861004,0.00084321439499,-0.000119431730127,0.000864851113874,0.000537734711543,0.000660563935526,-0.000638618425,0.000271491007879],[-0.000422495679231,0.000296564248856,-0.000280134176137,0.00356296333484,-0.000430572079495,0.000193174142623,-0.00135102961212,0.000354737509042,-0.00181159970816,0.00221027433872,-0.00169968500268,0.0021357962396,-0.00192121055443],[0.0000762223207857,-0.000600673898589,-0.000847476010676,-0.000430572079495,0.00489923311397,0.00108455249574,-0.00202466989867,-0.00116939260624,0.00096547708381,-0.00227781943977,0.000917091791052,0.000462397176307,-0.000785714015365],[-0.000332541676471,0.000151530795847,-0.000959454861004,0.000193174142623,0.00108455249574,0.00690445350483,-0.00149147643242,-0.000487443146994,-0.000855880847666,0.000109968197648,-0.00139010150451,-0.000686482235324,-0.000147086379002],[0.000481385563035,-0.000881334533915,0.00084321439499,-0.00135102961212,-0.00202466989867,-0.00149147643242,0.00905686803162,-0.00160462816712,-0.00019572940073,-0.000352249044226,0.00147750170436,-0.00103872211184,0.00296176155098],[-0.000532325298991,0.000924583931919,-0.000119431730127,0.000354737509042,-0.00116939260624,-0.000487443146994,-0.00160462816712,0.0120094269514,-0.00276678637601,-0.000975625531282,-0.00323753757402,0.00250476622023,-0.00331406202167],[0.00070551247336,-0.000978973926976,0.000864851113874,-0.00181159970816,0.00096547708381,-0.000855880847666,-0.00019572940073,-0.00276678637601,0.0124815255404,-0.00350766768679,0.000979902106337,-0.00315522053279,0.00278586847708],[-0.000512629281729,0.00145309732761,0.000537734711543,0.00221027433872,-0.00227781943977,0.000109968197648,-0.000352249044226,-0.000975625531282,-0.00350766768679,0.0140277007595,-0.00317728868686,0.000130713393446,-0.000329774164129],[0.000668982567731,-0.00130943232216,0.000660563935526,-0.00169968500268,0.000917091791052,-0.00139010150451,0.00147750170436,-0.00323753757402,0.000979902106337,-0.00317728868686,0.0134227769449,-0.00485930684954,0.00268359784968],[-0.000509017903823,0.00116902182344,-0.000638618425,0.0021357962396,0.000462397176307,-0.000686482235324,-0.00103872211184,0.00250476622023,-0.00315522053279,0.000130713393446,-0.00485930684954,0.0180567745119,-0.00692173000425],[0.000543608737644,-0.00184738601092,0.000271491007879,-0.00192121055443,-0.000785714015365,-0.000147086379002,0.00296176155098,-0.00331406202167,0.00278586847708,-0.000329774164129,0.00268359784968,-0.00692173000425,0.0186986345798]],"mean":[-51.5875358582,100.783760071,-118.234916687,29.7745227814,-42.662853241,6.67691898346,-25.4237537384,4.15053129196,-17.3187770844,-2.61944556236,-10.9906606674,-2.82014155388,-10.6869773865]},"hfc":{"dmean":4.68384170532,"dmean2":6.83593463898,"dvar":45.9374961853,"dvar2":93.2635345459,"max":121.616271973,"mean":19.3242225647,"median":13.6037712097,"min":1.08801554128e-16,"var":375.428710938},"melbands":{"dmean":[0.00150186242536,0.00137004069984,0.000978834461421,0.000446514721261,0.000205893520615,0.000137362527312,0.000117619005323,0.0000790765916463,0.0000814078957774,0.000081339632743,0.000067231398134,0.0000718627779861,0.0000374384690076,0.0000413082707382,0.0000335623626597,0.0000400117751269,0.0000395920287701,0.0000309387869493,0.0000248583892244,0.0000165111796377,0.0000177852762135,0.0000139736184792,0.0000158146740432,0.0000107129681055,0.00000704812009644,0.0000120666318253,0.00000732861508368,0.00000485332793687,0.00000255480563283,0.00000195918778445,0.00000165404480867,0.00000133712512707,0.00000112927148166,0.00000109801317194,0.00000113449084438,0.00000103324885004,7.43061661979e-7,6.7983722829e-7,5.47741763057e-7,3.41714240903e-7],"dmean2":[0.00239516515285,0.0023342736531,0.0017057065852,0.000771213322878,0.000335818505846,0.000223938768613,0.000190972961718,0.00012774670904,0.00013284261513,0.000131244625663,0.000109393433377,0.000117167641292,0.0000621488652541,0.0000688144718879,0.0000554816651857,0.0000648807908874,0.0000653448732919,0.0000496362445119,0.0000411711625929,0.0000271459703072,0.0000297313854389,0.000022767979317,0.0000259694952547,0.0000177019192051,0.0000115304937935,0.0000199859605345,0.0000118573798318,0.00000790969806985,0.00000418640684074,0.00000314396265821,0.00000266172855845,0.00000211302244679,0.00000172806676346,0.00000155445150085,0.00000163892104865,0.0000014695660866,0.00000105129720396,9.72488464868e-7,7.85511986123e-7,4.85698592456e-7],"dvar":[0.00000633528952676,0.00000651062373436,0.00000465330685984,0.00000115354839636,1.61660807407e-7,8.3365357284e-8,5.78428540621e-8,2.39746640318e-8,2.8311976763e-8,4.49792381119e-8,2.84044059384e-8,3.15159773834e-8,7.90957788155e-9,8.30546298403e-9,7.97023869126e-9,9.79969971837e-9,1.84241173429e-8,8.75748362716e-9,4.76704675734e-9,1.5188658109e-9,1.09779518809e-9,7.90047138821e-10,1.16049758692e-9,5.2809095985e-10,1.93851892871e-10,7.86243736783e-10,2.02961633611e-10,7.5394024357e-11,1.70103219704e-11,1.15260674269e-11,9.01596679259e-12,7.49855906534e-12,7.05036549975e-12,8.43549795987e-12,1.35584321548e-11,1.14730048378e-11,7.07934709118e-12,7.05483761687e-12,5.14283407527e-12,1.79313703642e-12],"dvar2":[0.0000153201362991,0.0000173985499714,0.0000127761695694,0.00000322869209413,4.30206682722e-7,2.11117665572e-7,1.51108537239e-7,6.01005751832e-8,7.02571796296e-8,1.05772656411e-7,7.16668466794e-8,7.93718868408e-8,2.03255403619e-8,2.15572839579e-8,2.16814317611e-8,2.41377886567e-8,4.6184265301e-8,2.15194919662e-8,1.24232775178e-8,3.94833676864e-9,3.01026559235e-9,2.05659489438e-9,3.03969160953e-9,1.41168232659e-9,5.1077936325e-10,2.18661400098e-9,5.31669819281e-10,1.85411436204e-10,4.41803954532e-11,2.8925264961e-11,2.12799968619e-11,1.65915631928e-11,1.51512951491e-11,1.61539202154e-11,2.7149470172e-11,2.14209292665e-11,1.38428400687e-11,1.4018819959e-11,1.00177444465e-11,3.63966539199e-12],"max":[0.0243565887213,0.0224417150021,0.0228733457625,0.0132717657834,0.0105573292822,0.00758197531104,0.00575006939471,0.00335476826876,0.0045178453438,0.00834873970598,0.00451957527548,0.00417253607884,0.0025538126938,0.00224251346663,0.00222269794904,0.00216965377331,0.00480782147497,0.00232853833586,0.0020950185135,0.00130232947413,0.000787483353633,0.0011729899561,0.000704934587702,0.000764342199545,0.000254719314398,0.000599287741352,0.000332715368131,0.000260992324911,0.0000659046054352,0.000064811683842,0.0000570539741602,0.0000543166243006,0.0000775126900407,0.000116735980555,0.000103012564068,0.0000906716231839,0.0000756185327191,0.0000693309193593,0.000063066232542,0.000042255880544],"mean":[0.00188036251348,0.00222817831673,0.00131873076316,0.000654016621411,0.000418419745984,0.000246810814133,0.000206551951123,0.000141538621392,0.000131904351292,0.000131146007334,0.000109328277176,0.00011229258962,0.0000589570627199,0.0000651018781355,0.0000541291265108,0.0000624836902716,0.00006235660112,0.000049758968089,0.0000415723043261,0.0000294369365292,0.0000303901633742,0.0000251660330832,0.0000274946778518,0.0000198759862542,0.0000142347616929,0.0000223962269956,0.0000147452674355,0.00000907084722712,0.00000522284744875,0.00000401341003453,0.00000306411084239,0.0000024094742912,0.00000219789649236,0.00000208380083677,0.0000021628027298,0.00000193060145648,0.00000135681739266,0.00000116599801459,9.00795555481e-7,5.78296237563e-7],"median":[0.000832864199765,0.00115976831876,0.000812566664536,0.000381125835702,0.000197384331841,0.000122428886243,0.0000890144729055,0.000064134816057,0.0000516526270076,0.0000442247655883,0.0000387591171602,0.0000397078620153,0.000022601818273,0.0000224444302148,0.0000174445813172,0.0000187441291928,0.0000168308306456,0.0000139901521834,0.0000131123624669,0.0000112293728307,0.0000122942392409,0.0000102945950857,0.00000956483654591,0.00000660048453938,0.00000522765185451,0.0000062228709794,0.00000527780912307,0.00000392957508666,0.00000230727823691,0.00000145232570503,0.00000111146414383,6.5256125481e-7,6.07972253874e-7,4.96869517974e-7,4.12939300531e-7,3.60390771448e-7,2.94471306006e-7,2.50148019632e-7,1.58467202027e-7,1.02283600256e-7],"min":[7.30416813855e-25,7.28129560964e-25,1.5510188688e-24,2.4891220021e-24,1.54169364543e-24,2.3664860802e-24,2.25392115105e-24,1.67302685741e-24,1.05100441301e-24,3.14060909156e-24,2.41205778584e-24,2.87629611767e-24,2.5672215983e-24,2.71588933842e-24,3.81654337491e-24,3.95850007809e-24,4.11249440426e-24,2.79306892559e-24,3.75773182227e-24,4.18444325199e-24,4.95409933847e-24,4.14890230719e-24,3.33171182914e-24,4.47211360842e-24,4.42361720098e-24,4.59635722884e-24,4.6606284878e-24,3.9738706384e-24,5.22931239792e-24,5.18121515409e-24,6.34847922492e-24,6.18531360186e-24,6.12452871367e-24,7.34913153382e-24,4.42769561186e-24,6.98963657526e-24,6.08107470514e-24,6.69037351339e-24,5.7494312697e-24,6.86102069327e-24],"var":[0.00000779783931648,0.00000833122612676,0.00000411260180044,0.00000104245975763,4.35471150695e-7,1.63930735653e-7,1.0379384463e-7,4.52183996913e-8,4.80586521689e-8,8.79559536315e-8,5.31705808271e-8,6.35792787307e-8,1.47223886415e-8,1.53703396677e-8,1.41803759846e-8,1.79955179647e-8,3.39190258103e-8,1.73660374969e-8,8.2779632038e-9,3.55828677634e-9,2.15213247223e-9,1.71525382786e-9,2.47272602394e-9,1.1628441543e-9,5.45370415495e-10,1.72474434734e-9,5.03585728673e-10,1.79579226489e-10,4.76632414093e-11,3.25790505684e-11,2.20937712569e-11,1.87185943828e-11,1.74981713147e-11,2.33419811257e-11,3.76019354542e-11,3.22572558942e-11,1.60236789115e-11,1.3946112494e-11,9.29442460496e-12,3.93352884986e-12]},"melbands_crest":{"dmean":3.69161629677,"dmean2":6.011302948,"dvar":11.3417167664,"dvar2":29.3746337891,"max":31.3512325287,"mean":14.2313699722,"median":13.6858167648,"min":1.56571865082,"var":25.8687286377},"melbands_flatness_db":{"dmean":0.0271782316267,"dmean2":0.0413200855255,"dvar":0.000758420152124,"dvar2":0.00170888169669,"max":0.574516713619,"mean":0.20264428854,"median":0.190660938621,"min":0.00272841891274,"var":0.00539981620386},"melbands_kurtosis":{"dmean":6.66051864624,"dmean2":10.8699884415,"dvar":119.746513367,"dvar2":288.3046875,"max":150.994262695,"mean":11.170003891,"median":6.90479469299,"min":-1.48706364632,"var":199.316360474},"melbands_skewness":{"dmean":0.762114107609,"dmean2":1.2142534256,"dvar":0.698231399059,"dvar2":1.67567026615,"max":10.3617343903,"mean":2.59510016441,"median":2.42012405396,"min":-0.699020922184,"var":1.99755775928},"melbands_spread":{"dmean":6.92485809326,"dmean2":10.8011207581,"dvar":63.9624214172,"dvar2":148.708770752,"max":182.383285522,"mean":24.3457622528,"median":21.3349933624,"min":1.55795073509,"var":284.756195068},"mfcc":{"cov":[[20669.4394531,400.561706543,353.742858887,1273.8190918,517.907104492,364.015380859,178.808990479,80.1717224121,-146.03012085,163.732879639,-282.600311279,-116.40789032,-239.917068481],[400.561706543,1761.91052246,-197.016189575,239.640304565,106.03276825,51.585521698,120.261047363,66.6884307861,50.2624397278,16.2208118439,-15.5047054291,-20.4086608887,2.85256385803],[353.742858887,-197.016189575,743.861877441,-18.3859519958,113.141693115,69.8667373657,-1.02858746052,49.0944099426,-27.170337677,-49.898021698,-42.0010261536,-4.54395771027,-34.2626152039],[1273.8190918,239.640304565,-18.3859519958,473.282592773,111.613815308,48.3674354553,85.8206100464,37.118270874,48.8179626465,29.8999404907,-32.5390014648,-16.5350856781,-22.7670650482],[517.907104492,106.03276825,113.141693115,111.613815308,189.591781616,34.2787208557,39.9251251221,27.4510326385,11.0272979736,18.3853740692,-13.8880786896,0.122782759368,-5.28617143631],[364.015380859,51.585521698,69.8667373657,48.3674354553,34.2787208557,136.011444092,33.7954711914,18.6597309113,17.8701305389,-6.54601812363,4.67697477341,-7.21466350555,-10.7943115234],[178.808990479,120.261047363,-1.02858746052,85.8206100464,39.9251251221,33.7954711914,138.799530029,36.1079216003,12.3126478195,28.2868671417,8.22472667694,1.21313393116,-2.3450653553],[80.1717224121,66.6884307861,49.0944099426,37.118270874,27.4510326385,18.6597309113,36.1079216003,94.8910369873,19.6205539703,6.5967206955,1.19696259499,11.0268831253,2.65787339211],[-146.03012085,50.2624397278,-27.170337677,48.8179626465,11.0272979736,17.8701305389,12.3126478195,19.6205539703,99.4626617432,16.6579113007,10.6140918732,-3.94002652168,-2.17346835136],[163.732879639,16.2208118439,-49.898021698,29.8999404907,18.3853740692,-6.54601812363,28.2868671417,6.5967206955,16.6579113007,96.1120681763,28.5175037384,6.95453023911,10.261762619],[-282.600311279,-15.5047054291,-42.0010261536,-32.5390014648,-13.8880786896,4.67697477341,8.22472667694,1.19696259499,10.6140918732,28.5175037384,79.5592727661,26.9412956238,14.9080381393],[-116.40789032,-20.4086608887,-4.54395771027,-16.5350856781,0.122782759368,-7.21466350555,1.21313393116,11.0268831253,-3.94002652168,6.95453023911,26.9412956238,74.107421875,33.85987854],[-239.917068481,2.85256385803,-34.2626152039,-22.7670650482,-5.28617143631,-10.7943115234,-2.3450653553,2.65787339211,-2.17346835136,10.261762619,14.9080381393,33.85987854,69.0602874756]],"icov":[[0.0000699736046954,0.00000656244856145,0.00000523415519638,-0.000162461932632,-0.000057955403463,-0.000173663036549,0.0000810681522125,-0.0000143395609484,0.000224485716899,-0.000207465884159,0.000211367456359,-0.0000732669941499,0.000191768689547],[0.00000656244856145,0.000682162761223,0.000271027965937,-0.000177412613994,-0.000332589290338,-0.000126435857965,-0.00032356538577,-0.000340661790688,-0.0000481979695905,0.000223051480134,0.0000904776825337,0.000225829993724,-0.000137413910124],[0.00000523415519638,0.000271027965937,0.00189096806571,0.000324828084558,-0.00125793076586,-0.000805380113889,0.00018164870562,-0.000994348200038,0.000506094656885,0.000677223084494,0.000670082226861,-0.000302941421978,0.000793677929323],[-0.000162461932632,-0.000177412613994,0.000324828084558,0.00343077001162,-0.00118667108472,-0.0000736777947168,-0.00127846188843,-0.0000915882992558,-0.00152383511886,-0.0000812448488432,0.001100897789,-0.000140240023029,0.000388093001675],[-0.000057955403463,-0.000332589290338,-0.00125793076586,-0.00118667108472,0.00753124337643,-0.000503494462464,-0.000615403056145,-0.000248151336564,-0.000156028298079,-0.00153890543152,0.000814352883026,-0.00050712301163,-0.000419869815232],[-0.000173663036549,-0.000126435857965,-0.000805380113889,-0.0000736777947168,-0.000503494462464,0.00941083859652,-0.00187396537513,-0.000204914191272,-0.00179141387343,0.00219612685032,-0.00249582878314,0.00125954591203,-0.000106772800791],[0.0000810681522125,-0.00032356538577,0.00018164870562,-0.00127846188843,-0.000615403056145,-0.00187396537513,0.00996274128556,-0.00276954961009,0.00116500945296,-0.0024312552996,-0.000605425506365,0.0000890016235644,0.000553514342755],[-0.0000143395609484,-0.000340661790688,-0.000994348200038,-0.0000915882992558,-0.000248151336564,-0.000204914191272,-0.00276954961009,0.013287525624,-0.00244586076587,-0.0000116493883979,0.000553664052859,-0.00236454722472,-0.000251156598097],[0.000224485716899,-0.0000481979695905,0.000506094656885,-0.00152383511886,-0.000156028298079,-0.00179141387343,0.00116500945296,-0.00244586076587,0.0124636953697,-0.00190835259855,-0.00106033170596,0.00108871632256,0.000743255368434],[-0.000207465884159,0.000223051480134,0.000677223084494,-0.0000812448488432,-0.00153890543152,0.00219612685032,-0.0024312552996,-0.0000116493883979,-0.00190835259855,0.0143350856379,-0.00553011475131,0.00149811711162,-0.00200825626962],[0.000211367456359,0.0000904776825337,0.000670082226861,0.001100897789,0.000814352883026,-0.00249582878314,-0.000605425506365,0.000553664052859,-0.00106033170596,-0.00553011475131,0.018598947674,-0.00641827005893,0.000976544281002],[-0.0000732669941499,0.000225829993724,-0.000302941421978,-0.000140240023029,-0.00050712301163,0.00125954591203,0.0000890016235644,-0.00236454722472,0.00108871632256,0.00149811711162,-0.00641827005893,0.0201857592911,-0.00890810973942],[0.000191768689547,-0.000137413910124,0.000793677929323,0.000388093001675,-0.000419869815232,-0.000106772800791,0.000553514342755,-0.000251156598097,0.000743255368434,-0.00200825626962,0.000976544281002,-0.00890810973942,0.020131919533]],"mean":[-680.946533203,126.308509827,-8.24442672729,25.31848526,5.97155189514,5.86708784103,3.87502717972,6.05123758316,-0.637395143509,4.7484254837,-1.2204208374,0.216599568725,-0.499430924654]},"pitch_salience":{"dmean":0.0761248245835,"dmean2":0.12466545403,"dvar":0.00468971580267,"dvar2":0.0127030871809,"max":0.968804180622,"mean":0.5657107234,"median":0.569758296013,"min":0.150775626302,"var":0.0107734082267},"silence_rate_20dB":{"dmean":0,"dmean2":0,"dvar":0,"dvar2":0,"max":1,"mean":1,"median":1,"min":1,"var":0},"silence_rate_30dB":{"dmean":0,"dmean2":0,"dvar":0,"dvar2":0,"max":1,"mean":1,"median":1,"min":1,"var":0},"silence_rate_60dB":{"dmean":0.0158891137689,"dmean2":0.0317809134722,"dvar":0.0156381055713,"dvar2":0.0351635590196,"max":1,"mean":0.21085101366,"median":0,"min":0,"var":0.166377902031},"spectral_centroid":{"dmean":243.59211731,"dmean2":376.747283936,"dvar":70096.046875,"dvar2":162127.859375,"max":11549.3759766,"mean":1452.03662109,"median":1377.53173828,"min":230.075836182,"var":739705.3125},"spectral_complexity":{"dmean":3.3580121994,"dmean2":5.06330823898,"dvar":13.846118927,"dvar2":27.9007606506,"max":57,"mean":19.9361953735,"median":18,"min":0,"var":200.524765015},"spectral_contrast_coeffs":{"dmean":[0.0512297078967,0.0448698662221,0.0375021658838,0.030398523435,0.022805923596,0.0184634439647],"dmean2":[0.0847916603088,0.073975071311,0.0614712461829,0.0490140542388,0.0366872809827,0.0288081783801],"dvar":[0.00218891329132,0.00131923286244,0.000896137440577,0.000607892929111,0.000392157526221,0.00028595191543],"dvar2":[0.00588376680389,0.00353117613122,0.00232903612778,0.0015217140317,0.000924631778616,0.000647793582175],"max":[-0.319162368774,-0.468090772629,-0.537300169468,-0.509878575802,-0.580240726471,-0.514836847782],"mean":[-0.671142816544,-0.755137085915,-0.787644267082,-0.792959749699,-0.793639540672,-0.758336961269],"median":[-0.671746611595,-0.758166253567,-0.791611731052,-0.796195089817,-0.796979665756,-0.757170855999],"min":[-0.980001449585,-0.979739367962,-0.983567535877,-0.977168142796,-0.97707259655,-0.966346561909],"var":[0.00732189975679,0.00428886339068,0.00348815205507,0.00290506868623,0.00239514512941,0.00254574231803]},"spectral_contrast_valleys":{"dmean":[0.391343921423,0.348144024611,0.313320249319,0.282837152481,0.2831851542,0.334845751524],"dmean2":[0.629948318005,0.571044921875,0.505280435085,0.434568077326,0.414666503668,0.426695108414],"dvar":[0.138832628727,0.0932404026389,0.081619925797,0.0779562741518,0.112175144255,0.183643475175],"dvar2":[0.308384180069,0.223472118378,0.187751278281,0.160027816892,0.223923012614,0.31051504612],"max":[-5.28031015396,-4.96350336075,-5.23223161697,-5.68775320053,-5.72307157516,-7.44594955444],"mean":[-7.5830450058,-7.18633651733,-7.58364105225,-8.00386619568,-7.95952415466,-11.0154352188],"median":[-6.79094028473,-6.7106294632,-7.12935304642,-7.46744394302,-7.31526899338,-10.2007312775],"min":[-28.2198143005,-28.118927002,-27.6291351318,-27.5895938873,-27.5178279877,-27.3469581604],"var":[5.51835155487,4.12510347366,3.92187309265,4.05580043793,4.55813789368,5.4591960907]},"spectral_decrease":{"dmean":2.33075736489e-9,"dmean2":3.73011355137e-9,"dvar":1.12895264362e-17,"dvar2":2.6478024938e-17,"max":1.21555453623e-15,"mean":-6.6997642989e-9,"median":-6.19430862159e-9,"min":-2.85331864802e-8,"var":3.16411473553e-17},"spectral_energy":{"dmean":0.008998346515,"dmean2":0.0143377045169,"dvar":0.000165671284776,"dvar2":0.000387772015529,"max":0.111970968544,"mean":0.0270392391831,"median":0.0250803790987,"min":9.89077710667e-21,"var":0.000506432028487},"spectral_energyband_high":{"dmean":0.000291899050353,"dmean2":0.000409103697166,"dvar":3.97499292148e-7,"dvar2":6.69824601118e-7,"max":0.0136606823653,"mean":0.000745520752389,"median":0.000318761827657,"min":6.95431743606e-21,"var":0.00000153025905547},"spectral_energyband_low":{"dmean":0.00702411774546,"dmean2":0.0113722244278,"dvar":0.00011884518608,"dvar2":0.000270180520602,"max":0.0907696783543,"mean":0.0126790683717,"median":0.00868644192815,"min":1.59396177435e-23,"var":0.000196168824914},"spectral_energyband_middle_high":{"dmean":0.00160399649758,"dmean2":0.00252935569733,"dvar":0.00000611331415712,"dvar2":0.0000154728659254,"max":0.0453203469515,"mean":0.0054893088527,"median":0.00296724238433,"min":1.18905244058e-21,"var":0.0000411490909755},"spectral_energyband_middle_low":{"dmean":0.00420800363645,"dmean2":0.00698696495965,"dvar":0.0000744705539546,"dvar2":0.000195654763957,"max":0.092600479722,"mean":0.00974550377578,"median":0.00719281518832,"min":1.86495351288e-22,"var":0.000114865761134},"spectral_entropy":{"dmean":0.148997947574,"dmean2":0.211233615875,"dvar":0.0289176199585,"dvar2":0.0556583069265,"max":9.81624507904,"mean":7.59863376617,"median":7.64847707748,"min":5.21205663681,"var":0.210597231984},"spectral_flux":{"dmean":0.0255154650658,"dmean2":0.0390844680369,"dvar":0.00101401517168,"dvar2":0.00206342549063,"max":0.270208597183,"mean":0.083003140986,"median":0.0803755223751,"min":6.39482772291e-11,"var":0.00326762418263},"spectral_kurtosis":{"dmean":2.05992746353,"dmean2":3.42624878883,"dvar":12.0471639633,"dvar2":34.0944786072,"max":94.2194671631,"mean":5.58615016937,"median":4.36131906509,"min":-1.24720799923,"var":27.6371555328},"spectral_rms":{"dmean":0.000764868222177,"dmean2":0.00119044049643,"dvar":0.00000102252886336,"dvar2":0.00000229499528359,"max":0.0104517927393,"mean":0.00445206463337,"median":0.00494658062235,"min":3.10637062947e-12,"var":0.000006559135727},"spectral_rolloff":{"dmean":486.530639648,"dmean2":791.205566406,"dvar":686144.25,"dvar2":1473947.25,"max":20284.2773438,"mean":1782.86962891,"median":1205.859375,"min":64.599609375,"var":7268554.5},"spectral_skewness":{"dmean":0.252415508032,"dmean2":0.396969020367,"dvar":0.0923771560192,"dvar2":0.237386152148,"max":7.91703176498,"mean":1.56198787689,"median":1.46469724178,"min":-0.0932075753808,"var":0.37874469161},"spectral_spread":{"dmean":480073.65625,"dmean2":644057.875,"dvar":512839778304,"dvar2":951004692480,"max":41678004,"mean":4261983.5,"median":3861553.25,"min":740756.6875,"var":8222366236670},"spectral_strongpeak":{"dmean":0.36774879694,"dmean2":0.6535628438,"dvar":0.780171692371,"dvar2":2.1445479393,"max":13.3048009872,"mean":0.495680391788,"median":0.286693960428,"min":0,"var":0.732791125774},"zerocrossingrate":{"dmean":0.0098210060969,"dmean2":0.0112939029932,"dvar":0.000161077186931,"dvar2":0.000174550223164,"max":0.8076171875,"mean":0.0670902058482,"median":0.052734375,"min":0.00341796875,"var":0.00756881572306}},"metadata":{"audio_properties":{"analysis_sample_rate":44100,"bit_rate":320030,"codec":"mp3","downmix":"mix","equal_loudness":0,"length":274.729797363,"lossless":false,"md5_encoded":"c9532f0853596de1eff13b98e16240a5","replay_gain":-14.955373764,"sample_rate":44100},"tags":{"acoustid_fingerprint":["AQADtEmYSCFDoakeRHpm9Dkc5_iPxslxHqGuQLzRHz2sHzkcfuiP4_iDlsOF5IQ75Qif4xH-o3eQa-zxQz9-oR5PPLgO3ehxKjTyhEUvHP2CKbeQ5zjuCiYX6MKDicshHtdy_PCPH46F_tCFfh6-4UsE41ovPIdTB-J6_HhupNaH5yh1Cy2aFdeLo4xCCs1uXDFu9If34zse5Pjh00K_FHhvhEeTKEe-BzNnQstf9FIQSsWmiT1apfhH_Phv2A5-nHvwD3234zJyHtfwQTzh8UPl4UEHcTlKPtAv9PBx7fhh9TiOTzAO8ZlxEZfg4zjkGy9-mB9-HCd-6IPt9LgLd8cPsfge_Eh59Ct2XDyOq5wQOjx0mC-uGD0e6EdDB-FOPHiGSdyR_tCe4seRT_jMo-dxInVPPMSlHp0uIlykC81xCSh9NNlxHL-xR0LeHe3SQ1IOb-i5C9dBVMuiHL6PEEeDrhku9GHgoyuP7oNHhM-CZ4cWhRr6ZMLUS2ie4yS6D1rWHTl6XWi4ED-mw4-I8EP_wI8EbTXxoicaJz36o3my4Tiat-iYKMdkE1ryFF-hXUdDLriOuz5aaYYdpDpq0Yg6hcfROBM0_Ahz9MGFKRWNHuGJ5sJ1aL3QSJMO_agqoqn04Uct-BkenIQ-_KgIXTyOM0eYD31zdIZ_hDzODs2jog-Lkyn6E84-hHw29EFz1vjRrETbITeeBxr8EXZqTD--Cw8_vAvaUS10EUdf3DN6ibA17McVHelxE82J5wm-MUd4GHoz-NnhY_SGPjv-Qz-eIvy44USeAFrW4pyCfWiqovOwF90PLc9wXHoQRrLww0f4hMOhHz0t-IdrdIsPBT0aWQIeoymPVsHpGd12QkvIUZgO8Tl64puD5sHUaOhxR8HRHz-uHA_6w99xNK5x6EcjaD-uo_GEMj-OPoe_E15vaNXxHn0J8SgZHpWlI1LUjBI-a7jRnMiV4yfewxP-CQ9zeDd69DBHDoquY7JIQstX_ER92CNyuBsunFRWpNRhWYcrHjqu48FV9EmGS8SPxomSYu2JO3BM4x_Mo89w6kdffIkMCz6089jD4jya1-gv_GguD6_gP5g2G3fRZ0VDH0c7Hk11CQ8v9EETSod-1DrsHR9h_HDMxmiD8yp0ohYDPzrC9wjnzPB01MNfNI-OPsTDJUVznah25HeG5kfP4tRRFmaP8McnQ3_R50P8BNePUMUz9EuML1Db4MTDwNE_XAoBU8OT4z_y4FfQXDHiMrlwaN7hL8dz7MebCIc8oz1yESfeIzxniEfZYeYU9IMrBi2DQ1GOnvhRC5YoHRdsaGuIH0fPw-EOu4ci8UePVD2q40f4BE0_XPnw7-h-NHlxYsrRKtKDPgp89JhE_Ph7tD6e44e28vAD_fDRG8ePRkZ45EeTtuiPHv6hfSV6Q4t9fDjy4FExfvnwxQh_-IJe4xnhH9fR5-gDf9CeEycPrUuUwUkOXzLCL8ePXziTClU1y0hrdD9U60Ks48dFGY8UsjhVNEfIB59yfDp0QrPjw3xQibhydI-H27gkw2OOHrLihEKvZxDz4FKGS4iPnrgyD5ekUAh7NNshPQtyHv0Rxj3OktC8owlFIviPKwi_qIeYrcaR0Tic7_iPXB-0_LhO4T