{"lowlevel":{"average_loudness":0.929856300354,"barkbands":{"dmean":[0.00364791764878,0.0061147948727,0.000770065002143,0.000442249642219,0.000838911451865,0.000513059378136,0.000296790909488,0.000225980838877,0.000452322390629,0.000340512604453,0.000214730171137,0.0002042598353,0.000219321576878,0.000204303112696,0.000319048151141,0.000264403002802,0.000277439830825,0.000261324777966,0.000254016747931,0.000169467442902,0.000131214575958,0.000109137574327,0.0000909132868401,0.00000430039381172,0.00000136809683227,0.0000698394724168,0.000287868926534],"dmean2":[0.00634202500805,0.0101893404499,0.00129105022643,0.000737107649911,0.00132731697522,0.000823253241833,0.000461286574136,0.000359467812814,0.000700725999195,0.000542403140571,0.000349653622834,0.000326606153976,0.000349992624251,0.000321808562148,0.00049262214452,0.000363437982742,0.000377233023755,0.000380512414267,0.000334181007929,0.000244352791924,0.000175036911969,0.000126544124214,0.000100312478025,0.00000652430207992,0.00000216662738239,0.000086049301899,0.00039714347804],"dvar":[0.0000711842367309,0.000277581653791,0.00000163213587712,6.69450798796e-7,0.00000396138830183,0.00000188458807315,3.4369688251e-7,2.97412810824e-7,0.00000166896688825,6.39817699266e-7,2.0024145897e-7,1.21509486917e-7,1.42750721466e-7,1.38501278002e-7,3.47720401805e-7,2.89001150122e-7,2.84750598212e-7,2.00451353294e-7,2.23157286428e-7,1.12496167048e-7,7.14268821866e-8,4.16501428901e-8,3.82066112081e-8,6.67745719829e-11,9.12121767005e-12,2.12398134636e-8,1.97758296849e-7],"dvar2":[0.000195456319489,0.000741820200346,0.00000443160570285,0.00000175522689005,0.0000096945605037,0.00000461344825453,7.98797373136e-7,6.97132009009e-7,0.00000376670732294,0.00000154494932758,5.17450075677e-7,3.02782297013e-7,3.50712099362e-7,3.34595341656e-7,8.4521525423e-7,5.4138553196e-7,5.16746752055e-7,4.3887715151e-7,4.2396359845e-7,2.2416006118e-7,1.28413276457e-7,5.67385214367e-8,5.60724586762e-8,1.46776979459e-10,2.03149094768e-11,3.62033887313e-8,3.88969482401e-7],"max":[0.0854257792234,0.195895060897,0.0355907715857,0.0149630438536,0.0679395869374,0.0366521403193,0.0167630165815,0.0224410556257,0.0307828057557,0.0294287204742,0.00807149428874,0.00772145390511,0.00696616852656,0.00724550522864,0.0108449347317,0.0083480514586,0.00703416252509,0.00922552403063,0.0111816450953,0.00520026357844,0.00940046645701,0.00348190730438,0.00245754327625,0.000130820350023,0.0000514232488058,0.00188518373761,0.0107090715319],"mean":[0.00333126587793,0.00599076552317,0.00100504304282,0.000586578156799,0.00126973260194,0.000728500075638,0.00046315396321,0.000313866388751,0.000639339967165,0.000481028371723,0.000318085134495,0.000345980835846,0.000356684759026,0.000336209806846,0.000493066734634,0.000428296800237,0.000499297340866,0.000476217013784,0.000447444675956,0.000328816648107,0.000247372256126,0.000216589338379,0.000158185735927,0.00000595123356106,0.00000136927940275,0.000124030149891,0.000716917100362],"median":[0.000825725961477,0.00183276238386,0.000568734598346,0.000273401645245,0.000549951451831,0.000260766188148,0.000195933534997,0.000140873162309,0.000197024608497,0.000153027838678,0.000121142817079,0.000175757973921,0.000146457576193,0.000145187383168,0.000162904048921,0.0000916440840228,0.000121480610687,0.000151709682541,0.000112965040898,0.0000797916654847,0.0000562507302675,0.000041333194531,0.0000170846196852,0.00000181440543656,3.34257919121e-7,0.0000156750447786,0.000336807279382],"min":[8.37793473855e-24,3.25899297429e-23,2.12643432624e-24,1.37940355938e-24,4.30234545625e-23,1.12877649389e-23,2.16817488944e-23,1.9618947047e-23,1.08266539672e-22,7.1445781656e-23,1.57086843933e-22,7.80379640748e-23,8.66250621269e-23,5.67005009007e-23,7.91018913113e-23,1.01833738711e-22,1.5955749318e-22,2.88113964474e-22,3.87945940239e-22,3.29809264418e-22,3.17230403967e-22,6.28224187214e-22,6.52772326894e-22,9.51676848323e-22,1.2115519148e-21,1.52753733217e-21,2.25805383241e-21],"var":[0.0000638710262137,0.000222329850658,0.00000191879394151,0.00000100705403838,0.00000539766097063,0.00000259073158304,6.61448439132e-7,3.9344811853e-7,0.00000239160840465,9.84466851151e-7,3.32432392725e-7,2.55192503573e-7,3.06661632976e-7,2.87372444063e-7,6.48604384423e-7,6.70424526561e-7,8.0365168742e-7,5.66270102809e-7,6.3251161464e-7,3.23800037449e-7,2.26768790412e-7,1.58863599609e-7,1.16870623401e-7,1.11243805834e-10,1.05100242745e-11,6.46209343813e-8,8.55178143411e-7]},"barkbands_crest":{"dmean":3.12063217163,"dmean2":5.15435314178,"dvar":8.13154411316,"dvar2":21.0172729492,"max":26.4679775238,"mean":9.20953273773,"median":8.14157390594,"min":2.16965103149,"var":20.962638855},"barkbands_flatness_db":{"dmean":0.0269855074584,"dmean2":0.0426291339099,"dvar":0.000775262538809,"dvar2":0.00188981101383,"max":0.356548726559,"mean":0.115433529019,"median":0.10663150996,"min":0.0259747393429,"var":0.00274120899849},"barkbands_kurtosis":{"dmean":4.1538977623,"dmean2":6.87448310852,"dvar":94.8284912109,"dvar2":262.206298828,"max":174.248901367,"mean":4.75684165955,"median":1.47347450256,"min":-1.67612433434,"var":127.009986877},"barkbands_skewness":{"dmean":0.689767360687,"dmean2":1.06764101982,"dvar":0.698160052299,"dvar2":1.81160998344,"max":12.0307064056,"mean":1.53025603294,"median":1.27996492386,"min":-1.80888700485,"var":1.9714833498},"barkbands_spread":{"dmean":10.8615589142,"dmean2":16.9057941437,"dvar":142.2447052,"dvar2":316.15057373,"max":121.319145203,"mean":40.6632041931,"median":37.1215209961,"min":1.38226592541,"var":571.307617188},"dissonance":{"dmean":0.0141320452094,"dmean2":0.0236748941243,"dvar":0.000272246426903,"dvar2":0.000716653768905,"max":0.500000119209,"mean":0.477137356997,"median":0.484300673008,"min":0.131407529116,"var":0.000501874485053},"dynamic_complexity":4.39751243591,"erbbands":{"dmean":[0.310814142227,0.904111564159,0.94577473402,1.1599906683,2.0261297226,3.00427293777,4.4185051918,3.93355226517,3.86022877693,4.66265106201,5.75598955154,10.5730342865,8.38936901093,10.9598550797,7.90792322159,8.29004001617,9.46333885193,10.2046194077,11.3883247375,18.1454315186,14.7715997696,15.4174013138,14.6628437042,13.8072071075,11.0191926956,7.89370155334,5.98940849304,5.09185934067,3.9434568882,3.8222424984,2.23356485367,0.274407148361,0.0327239707112,0.015761943534,0.0097846807912,0.00821120943874,0.0879382118583,0.167219772935,0.0421493425965,0.00482053868473],"dmean2":[0.538654327393,1.45664954185,1.55229175091,1.91983187199,3.25703382492,4.8415350914,7.11974906921,6.34496593475,6.13623189926,7.19345235825,9.00244426727,16.3399562836,13.2239341736,17.2964515686,12.7261018753,13.2574443817,15.0900239944,15.9038763046,17.1305522919,26.9594154358,19.4677791595,20.8502426147,20.7632293701,18.7671947479,14.1738529205,11.5506887436,8.6356678009,6.62479686737,4.66157674789,4.38734483719,2.56020593643,0.340282142162,0.0488063469529,0.0247671082616,0.0153960352764,0.0122981444001,0.115362487733,0.197330072522,0.0610255040228,0.00664803665131],"dvar":[0.895030736923,4.30560398102,2.22338247299,4.22876977921,16.699716568,74.8000183105,174.738510132,116.110290527,75.8981323242,109.199211121,158.479125977,998.175170898,379.950592041,653.897338867,237.580276489,216.875961304,279.739105225,301.566436768,498.525054932,1232.0345459,959.930297852,869.29486084,644.114562988,642.769165039,412.55670166,245.674972534,151.233840942,106.285491943,52.0335197449,60.8990020752,24.8810577393,0.293913722038,0.00464687403291,0.00117996148765,0.000458116817754,0.000238413136685,0.0331018418074,0.0871822685003,0.00672836322337,0.0000489740668854],"dvar2":[2.48686408997,10.7008953094,5.75367641449,11.1936941147,40.0168495178,190.301116943,415.337890625,296.164337158,185.655273438,234.052078247,354.074493408,2239.56005859,908.252197266,1587.00390625,612.519165039,546.896240234,682.02911377,696.507568359,1165.73706055,2967.046875,1707.6751709,1607.60717773,1360.4552002,1288.98864746,765.15838623,506.958312988,317.366943359,187.528884888,75.1729049683,87.6386413574,39.4703292847,0.47706386447,0.0103316009045,0.00261506438255,0.00101752113551,0.000510976009537,0.0624932348728,0.125785276294,0.015978300944,0.0000971764311544],"max":[10.6477622986,25.9744949341,35.6290893555,31.7574806213,110.625244141,360.637329102,447.370147705,408.953704834,290.516479492,325.634124756,270.258636475,831.842041016,495.133026123,1088.07739258,279.28805542,342.058044434,378.448303223,287.001861572,575.119506836,580.625854492,533.176269531,422.198547363,449.183990479,627.801391602,526.91595459,242.669113159,332.046813965,355.035430908,160.303741455,94.0779800415,64.8088607788,6.65213012695,1.44682633877,0.589173674583,0.366738200188,0.254453480244,2.19188714027,3.98749494553,1.6669318676,0.192386373878],"mean":[0.25908267498,1.01869046688,1.32848024368,1.68378698826,2.98438167572,4.20560693741,5.80832433701,5.65775918961,5.92550325394,7.28213739395,8.61424541473,14.9724359512,12.2114028931,16.8007411957,13.3781290054,14.5721311569,16.2703266144,17.7920722961,19.4185600281,28.8535308838,24.3859386444,28.2412471771,27.1212921143,24.2298755646,20.634809494,15.0994949341,11.0373191833,9.50579452515,7.64410018921,7.1155295372,3.82288265228,0.489424854517,0.0429796539247,0.016569821164,0.0102195180953,0.0119556142017,0.161771669984,0.336449384689,0.0857786461711,0.0126080792397],"median":[0.0520076937973,0.382009595633,0.785036206245,0.86415553093,1.39440333843,1.60079801083,2.01336169243,2.09616088867,2.49618053436,2.96167898178,3.95425009727,4.67465686798,4.08769655228,6.57893943787,6.47600030899,7.57089138031,7.19617605209,8.33158016205,7.3629488945,8.29378604889,5.73619413376,7.01364374161,7.9557056427,6.87077283859,5.0187253952,3.9823551178,2.60299134254,2.06125664711,1.53865408897,1.02037334442,0.389590859413,0.103154987097,0.0138014340773,0.00465653650463,0.00284709502012,0.00408988259733,0.0273231957108,0.0697704404593,0.0313520878553,0.00687625445426],"min":[7.63833693469e-22,7.77383370325e-21,6.30772351826e-21,3.79026071627e-21,5.10162899622e-20,2.2201483697e-19,1.19514609193e-19,5.88372018745e-20,2.51733316728e-19,3.2046442591e-19,5.803314613e-19,2.90332495431e-18,1.99949551145e-18,5.1524778435e-18,4.1209128957e-18,3.65383833179e-18,4.52717644971e-18,2.92799871801e-18,4.65576250311e-18,2.96627298534e-18,7.03386333722e-18,9.66117921422e-18,1.78289864029e-17,1.17701233352e-17,2.50659515318e-17,1.53367573917e-17,1.35766320263e-17,1.25685635574e-17,2.2799493197e-17,2.15412389888e-17,1.7431926474e-17,2.01784887081e-17,1.57554017715e-17,1.23239381261e-17,9.51945008807e-18,5.72922580329e-18,2.95832956992e-18,1.34271141675e-18,2.94243472576e-19,3.12473680247e-20],"var":[0.627798497677,4.3068113327,2.95338463783,6.45501613617,26.765127182,86.4140167236,212.895492554,153.31539917,117.185783386,222.343017578,247.372695923,1425.46032715,582.372375488,1023.70117188,437.115203857,450.0027771,613.893432617,708.95300293,1039.3404541,2384.64355469,2216.14868164,2505.45239258,1923.13415527,1724.96582031,1297.09020996,669.903869629,431.979827881,332.564056396,193.024856567,203.54447937,71.3112411499,0.872906923294,0.00641516270116,0.00139196182135,0.000538424297702,0.000411801651353,0.0986472219229,0.349006474018,0.0171502437443,0.00023398216581]},"erbbands_crest":{"dmean":2.21366834641,"dmean2":3.61060786247,"dvar":4.85939836502,"dvar2":11.6558427811,"max":31.7851734161,"mean":7.45699071884,"median":6.4758348465,"min":2.18339109421,"var":12.3750896454},"erbbands_flatness_db":{"dmean":0.0190903618932,"dmean2":0.0282055363059,"dvar":0.000307884503854,"dvar2":0.000641172518954,"max":0.391508549452,"mean":0.138937488198,"median":0.133282750845,"min":0.048034902662,"var":0.00152774364688},"erbbands_kurtosis":{"dmean":0.897909998894,"dmean2":1.38269770145,"dvar":1.57479310036,"dvar2":3.40603709221,"max":49.073677063,"mean":0.722535431385,"median":0.258695840836,"min":-1.68863403797,"var":4.34172677994},"erbbands_skewness":{"dmean":0.343627691269,"dmean2":0.512195527554,"dvar":0.100399911404,"dvar2":0.215494140983,"max":2.93971776962,"mean":-0.215547040105,"median":-0.227227255702,"min":-4.8243689537,"var":0.493607163429},"erbbands_spread":{"dmean":6.92957830429,"dmean2":10.4801855087,"dvar":48.470954895,"dvar2":112.259605408,"max":113.189468384,"mean":31.2261219025,"median":28.6492347717,"min":1.89600729942,"var":197.252563477},"gfcc":{"cov":[[15003.40625,-1349.90368652,-461.533996582,897.092346191,-18.8508281708,-287.769805908,390.019989014,-238.328323364,200.019485474,-161.514099121,-253.893447876,430.05065918,-468.367248535],[-1349.90368652,1653.78771973,207.854034424,-647.280761719,-8.68886375427,88.6621856689,-187.62461853,57.7512664795,-202.329452515,-6.65369510651,115.001808167,-267.321380615,234.086807251],[-461.533996582,207.854034424,415.775665283,79.4414291382,-104.162078857,100.258529663,-93.4028091431,69.1853179932,-50.1366767883,31.8335990906,-2.59759140015,-29.29139328,16.752779007],[897.092346191,-647.280761719,79.4414291382,530.659790039,70.368888855,-87.8993988037,125.479553223,-25.7973499298,95.0603256226,-10.5839366913,-58.2781715393,135.300872803,-129.01701355],[-18.8508281708,-8.68886375427,-104.162078857,70.368888855,216.120147705,-11.8124055862,56.6412658691,-15.2966690063,19.6284389496,-18.8854503632,20.7371292114,-7.88933229446,19.1869087219],[-287.769805908,88.6621856689,100.258529663,-87.8993988037,-11.8124055862,229.168670654,-61.8060112,67.2490234375,-21.2857551575,27.613779068,11.3954906464,-21.4187145233,30.410118103],[390.019989014,-187.62461853,-93.4028091431,125.479553223,56.6412658691,-61.8060112,203.108581543,-35.8434829712,72.5744247437,-7.25698804855,-21.0756988525,66.0711746216,-61.3236923218],[-238.328323364,57.7512664795,69.1853179932,-25.7973499298,-15.2966690063,67.2490234375,-35.8434829712,161.860214233,-2.16735720634,26.095785141,23.1531047821,-42.5209846497,52.085308075],[200.019485474,-202.329452515,-50.1366767883,95.0603256226,19.6284389496,-21.2857551575,72.5744247437,-2.16735720634,153.446365356,29.8949680328,-23.7144813538,58.6826171875,-64.3988647461],[-161.514099121,-6.65369510651,31.8335990906,-10.5839366913,-18.8854503632,27.613779068,-7.25698804855,26.095785141,29.8949680328,82.6144180298,33.3074836731,-6.67097520828,4.95365810394],[-253.893447876,115.001808167,-2.59759140015,-58.2781715393,20.7371292114,11.3954906464,-21.0756988525,23.1531047821,-23.7144813538,33.3074836731,77.935546875,-5.23952960968,37.4081611633],[430.05065918,-267.321380615,-29.29139328,135.300872803,-7.88933229446,-21.4187145233,66.0711746216,-42.5209846497,58.6826171875,-6.67097520828,-5.23952960968,128.768157959,-51.1469230652],[-468.367248535,234.086807251,16.752779007,-129.01701355,19.1869087219,30.410118103,-61.3236923218,52.085308075,-64.3988647461,4.95365810394,37.4081611633,-51.1469230652,127.126579285]],"icov":[[0.0000948961824179,-0.000157339833095,0.000350677408278,-0.000339350081049,0.000159761591931,-0.000080286336015,0.0000685563572915,-0.000111091067083,0.000206450480619,-0.0001390887046,0.000314536504447,-0.00028106913669,0.000226776610361],[-0.000157339833095,0.0032186829485,-0.00423187157139,0.00484106736258,-0.00227791070938,0.00162655813619,-0.00124701962341,0.000927906075958,-0.00100170937367,0.00247010006569,-0.00279946648516,0.00234948168509,-0.000897385703865],[0.000350677408278,-0.00423187157139,0.0107712233439,-0.00998345389962,0.0068851900287,-0.00483699468896,0.00236505479552,-0.000538382679224,0.00147957541049,-0.00275624357164,0.00188258080743,0.000234704071772,-0.000590210955124],[-0.000339350081049,0.00484106736258,-0.00998345389962,0.015114207752,-0.0102011086419,0.00677927583456,-0.00158883631229,-0.00292304134928,0.00197621621192,-0.00109854969196,0.00334530044347,-0.00559057481587,0.0046495324932],[0.000159761591931,-0.00227791070938,0.0068851900287,-0.0102011086419,0.0145073877648,-0.00605286238715,-0.00175404478796,0.00466927886009,-0.00541143491864,0.00661283358932,-0.00902392808348,0.00915034022182,-0.00664002308622],[-0.000080286336015,0.00162655813619,-0.00483699468896,0.00677927583456,-0.00605286238715,0.00908658653498,0.00101249141153,-0.00411317730322,0.00281337252818,-0.00382899446413,0.00461721466854,-0.00533334491774,0.00321013038047],[0.0000685563572915,-0.00124701962341,0.00236505479552,-0.00158883631229,-0.00175404478796,0.00101249141153,0.00876449327916,-0.00155573990196,0.000215202642721,-0.00263661611825,0.00363192567602,-0.00452027469873,0.00283683510497],[-0.000111091067083,0.000927906075958,-0.000538382679224,-0.00292304134928,0.00466927886009,-0.00411317730322,-0.00155573990196,0.0125838564709,-0.00645607803017,0.00501190079376,-0.00847277324647,0.00957644917071,-0.00776016945019],[0.000206450480619,-0.00100170937367,0.00147957541049,0.00197621621192,-0.00541143491864,0.00281337252818,0.000215202642721,-0.00645607803017,0.0174301713705,-0.012998948805,0.0127975139767,-0.0114204166457,0.0082840481773],[-0.0001390887046,0.00247010006569,-0.00275624357164,-0.00109854969196,0.00661283358932,-0.00382899446413,-0.00263661611825,0.00501190079376,-0.012998948805,0.0285362955183,-0.0211003702134,0.0133140701801,-0.00535111734644],[0.000314536504447,-0.00279946648516,0.00188258080743,0.00334530044347,-0.00902392808348,0.00461721466854,0.00363192567602,-0.00847277324647,0.0127975139767,-0.0211003702134,0.0352635607123,-0.0180562883615,0.00460534030572],[-0.00028106913669,0.00234948168509,0.000234704071772,-0.00559057481587,0.00915034022182,-0.00533334491774,-0.00452027469873,0.00957644917071,-0.0114204166457,0.0133140701801,-0.0180562883615,0.0268615148962,-0.00745939696208],[0.000226776610361,-0.000897385703865,-0.000590210955124,0.0046495324932,-0.00664002308622,0.00321013038047,0.00283683510497,-0.00776016945019,0.0082840481773,-0.00535111734644,0.00460534030572,-0.00745939696208,0.0199813675135]],"mean":[-34.8075752258,76.6812362671,-101.549110413,8.64643669128,-6.6216340065,-23.5087566376,11.0797281265,-22.587852478,5.34836959839,-8.96153450012,-8.76186466217,5.4132900238,-15.2979507446]},"hfc":{"dmean":23.8346385956,"dmean2":34.39478302,"dvar":776.893737793,"dvar2":1694.46252441,"max":684.919311523,"mean":62.0412406921,"median":47.2524414062,"min":1.18475332131e-16,"var":2836.51342773},"melbands":{"dmean":[0.00227798102424,0.000671437301207,0.000206172277103,0.000179237977136,0.000148182720295,0.0000895881457836,0.0000587140675634,0.0000491255959787,0.0000537407795491,0.0000659051438561,0.0000431710577686,0.0000471578532597,0.000029529337553,0.0000221215686906,0.0000248370706686,0.0000201765687962,0.0000200001341,0.0000183923784789,0.0000249177355727,0.0000205042560992,0.0000182778148883,0.0000172261334228,0.0000148302797243,0.0000131465667437,0.0000118057123473,0.00000943680151977,0.00000754671100367,0.00000535030312676,0.00000397768280891,0.00000321727179653,0.00000306461265609,0.0000023378743208,0.0000021605405891,0.00000225534222409,0.00000158444629506,4.49852365136e-7,6.90402686132e-8,2.10128661138e-8,1.52838186551e-8,1.2534313143e-8],"dmean2":[0.0038348576054,0.00107469293289,0.000335327349603,0.000285788089968,0.000237017389736,0.00014385918621,0.0000927504370338,0.0000761778792366,0.0000841442379169,0.000102051082649,0.0000686320418026,0.0000748428356019,0.0000480188173242,0.0000352477109118,0.0000404900929425,0.0000321611551044,0.0000315028264595,0.0000285630903818,0.0000387587206205,0.0000293947359751,0.0000249648237514,0.0000245262053795,0.0000207794146263,0.0000198832785827,0.0000165472356457,0.0000129072577693,0.0000103037928056,0.00000826801624498,0.00000590565241509,0.00000447607953902,0.00000418056015405,0.0000029560405892,0.00000267932614406,0.00000266111396741,0.00000188680292013,5.7148400856e-7,1.0487248403e-7,3.36131584788e-8,2.44138540495e-8,1.98622114311e-8],"dvar":[0.0000425254074798,0.00000138448433518,1.18903550117e-7,1.75455056706e-7,1.80646054559e-7,5.52925136788e-8,1.57433532877e-8,1.27019230689e-8,1.63848330459e-8,3.61457992426e-8,1.00759844912e-8,1.29306201302e-8,3.82023923606e-9,1.50157941636e-9,1.94259053288e-9,1.24269483592e-9,1.22558418969e-9,1.4698849915e-9,2.26172769402e-9,1.53521695356e-9,1.59165236546e-9,1.17403231581e-9,7.05838554271e-10,5.6511101354e-10,5.07169028996e-10,3.20140580712e-10,2.26491242428e-10,1.22050494711e-10,6.72534458679e-11,4.43804021311e-11,4.10323962308e-11,1.92640955271e-11,1.84619056154e-11,2.32034755993e-11,1.32115126131e-11,9.66778198296e-13,1.77142219486e-14,2.37591217046e-15,1.15546961884e-15,7.70101073941e-16],"dvar2":[0.000115815535537,0.00000330433567797,3.04939788975e-7,4.23499074031e-7,4.39516895767e-7,1.39170467151e-7,3.82140719069e-8,2.81894259047e-8,3.59122722671e-8,8.18654939394e-8,2.41804798407e-8,3.13854080503e-8,9.89185089395e-9,3.72745168065e-9,5.01534058728e-9,2.99847746632e-9,2.90384316592e-9,3.62523522313e-9,5.60364021851e-9,3.28443849895e-9,2.95898150426e-9,2.39060904406e-9,1.49567291885e-9,1.3311030056e-9,1.06469821848e-9,6.66051158671e-10,4.56725601783e-10,2.89238744067e-10,1.46307937987e-10,9.02258892599e-11,7.51515724651e-11,3.1768615516e-11,2.99087248024e-11,3.55562350396e-11,2.21125392302e-11,1.67916299355e-12,3.99605648322e-14,5.61051881427e-15,2.59437403777e-15,1.71468521754e-15],"max":[0.0747448652983,0.0197387877852,0.00509584601969,0.0127717386931,0.0120730604976,0.00823343545198,0.00400667870417,0.00450473930687,0.00272674579173,0.00475060148165,0.00247807474807,0.00481133908033,0.00125735206529,0.000606433488429,0.000827578187454,0.000668693566695,0.000594758719672,0.000870559830219,0.000781783892307,0.000659283541609,0.000667953747325,0.000477535591926,0.000493725528941,0.000553484656848,0.000513801642228,0.000548042764422,0.000183784402907,0.00016766434419,0.000247237214353,0.000125292150187,0.00024811012554,0.000114741640573,0.0000514145067427,0.0000636308759567,0.0000494005071232,0.0000117746667456,0.000002187315431,0.00000112028692456,5.46586079508e-7,4.70920724638e-7],"mean":[0.00212255655788,0.000926928478293,0.000325025612256,0.000265791895799,0.000202637384064,0.000131209366373,0.000091816407803,0.0000752397754695,0.0000781393027864,0.0000922758845263,0.0000608855589235,0.0000698104122421,0.0000460096525785,0.0000373044131265,0.000040376715333,0.0000332278905262,0.0000326542940456,0.0000289189483738,0.0000377339383704,0.0000335498734785,0.0000281278480543,0.0000294013880193,0.0000265128255705,0.0000223167444346,0.0000194156364159,0.000016436457372,0.0000131512142616,0.00000922551862459,0.00000703393152435,0.00000565668233321,0.00000557898692932,0.00000433752575191,0.00000395476899939,0.00000400892122343,0.00000262247681349,7.58182068239e-7,9.67024149645e-8,2.1378617987e-8,1.51356882583e-8,1.24530359358e-8],"median":[0.000542276189663,0.000497794826515,0.000182469826541,0.000113608221,0.0000740883915569,0.0000481162605865,0.0000393835725845,0.0000322004416375,0.0000328705136781,0.0000276948594546,0.0000188087869901,0.000025297727916,0.0000198833440663,0.0000186690376722,0.000017845099137,0.0000138156010507,0.0000145498815982,0.0000103870852399,0.0000117275876619,0.00000836225899548,0.000005988536941,0.0000069274501584,0.00000685162967784,0.00000687338160787,0.00000520662433701,0.00000419163188781,0.00000260373985839,0.00000246839317697,0.0000015983330286,0.00000123290374177,0.00000114205897717,8.54721747601e-7,7.15750388736e-7,4.70873288805e-7,2.34381218434e-7,1.13943748659e-7,2.66633595203e-8,5.04813213453e-9,3.53194762326e-9,2.95708524334e-9],"min":[8.93623842245e-24,6.16506078141e-24,8.05843700004e-25,1.13417987554e-23,4.75754005001e-24,1.73022578115e-24,3.9280843626e-24,3.68258966561e-24,5.42290123064e-24,1.86444498159e-23,8.64730864958e-24,2.00374645785e-23,1.82756320991e-23,8.97665176662e-24,1.02501241254e-23,7.11711018665e-24,5.48797436671e-24,7.31757709761e-24,4.76207560578e-24,5.30860435737e-24,8.35417898125e-24,9.88894415996e-24,1.23637301928e-23,1.52575402059e-23,7.88425927318e-24,1.74690849324e-23,1.57704402115e-23,9.07000319956e-24,8.4083563705e-24,7.96342146502e-24,6.46660207357e-24,1.25220332773e-23,1.31551896059e-23,1.15964966982e-23,9.10164362161e-24,1.24981962673e-23,1.19813693121e-23,1.11897379273e-23,1.07140492795e-23,9.69959861005e-24],"var":[0.0000328518726747,0.00000179489677521,2.01734721372e-7,2.4933962095e-7,2.17599591679e-7,7.61474154842e-8,2.58568686462e-8,2.25871303883e-8,2.50318947792e-8,5.17630418528e-8,1.5252700436e-8,1.95787297486e-8,6.42253716876e-9,3.12373438227e-9,3.8764538246e-9,2.73169686871e-9,2.60235943905e-9,2.67412669785e-9,4.00965483038e-9,3.47416295732e-9,3.27828009183e-9,2.91559687504e-9,1.97509208988e-9,1.32916067042e-9,1.19836962575e-9,8.46788861253e-10,5.91406368322e-10,2.59198718044e-10,1.82827933348e-10,1.182388909e-10,1.20400911463e-10,6.36766472883e-11,5.67437173637e-11,7.06169497877e-11,3.51346243765e-11,2.54399171e-12,2.95952701907e-14,2.48674664336e-15,1.30077113292e-15,8.84670009233e-16]},"melbands_crest":{"dmean":4.54353523254,"dmean2":7.39007806778,"dvar":17.4256057739,"dvar2":44.2910385132,"max":38.1042556763,"mean":14.8007211685,"median":13.7156391144,"min":2.09295797348,"var":39.9625053406},"melbands_flatness_db":{"dmean":0.0351305566728,"dmean2":0.0542521029711,"dvar":0.00112441543024,"dvar2":0.00264744576998,"max":0.486717432737,"mean":0.206484511495,"median":0.200199857354,"min":0.0105524044484,"var":0.0049822111614},"melbands_kurtosis":{"dmean":7.80719566345,"dmean2":12.9916172028,"dvar":419.859039307,"dvar2":1205.78625488,"max":573.386474609,"mean":9.71706199646,"median":3.50722360611,"min":-1.89675378799,"var":445.044891357},"melbands_skewness":{"dmean":0.882350087166,"dmean2":1.37421905994,"dvar":1.26781213284,"dvar2":3.28362011909,"max":20.3040733337,"mean":2.28555631638,"median":1.88340353966,"min":-2.66810250282,"var":3.02532815933},"melbands_spread":{"dmean":10.7488718033,"dmean2":15.6926527023,"dvar":139.777938843,"dvar2":277.283508301,"max":155.025238037,"mean":34.7654838562,"median":26.4721279144,"min":0.731063783169,"var":711.573913574},"mfcc":{"cov":[[11299.2900391,-516.821044922,-1264.34875488,1508.00927734,-803.896850586,660.881530762,-609.862976074,640.066467285,-333.180664062,246.706436157,-148.515655518,-35.3542671204,30.8277454376],[-516.821044922,1828.60327148,158.506347656,-539.483825684,139.676269531,-234.188644409,234.447845459,-274.504608154,41.8253746033,-124.737548828,43.585723877,-73.9484100342,-87.0938034058],[-1264.34875488,158.506347656,625.16809082,-203.063522339,127.597145081,-102.756980896,72.834777832,-94.2313613892,44.2657279968,-33.4804763794,30.2552700043,15.5416240692,-14.9379901886],[1508.00927734,-539.483825684,-203.063522339,710.59576416,-155.536682129,169.530731201,-144.184112549,184.230117798,-61.1462669373,56.5555992126,-27.0433139801,15.4034776688,22.9089031219],[-803.896850586,139.676269531,127.597145081,-155.536682129,260.665435791,-71.3554229736,104.438262939,-70.4319229126,52.2953529358,-30.7129421234,18.4624652863,-2.05576395988,0.0692557245493],[660.881530762,-234.188644409,-102.756980896,169.530731201,-71.3554229736,232.94519043,-85.4394302368,110.104812622,-42.2369117737,39.495223999,-23.7832336426,18.3577213287,38.4630470276],[-609.862976074,234.447845459,72.834777832,-144.184112549,104.438262939,-85.4394302368,210.420379639,-76.9176177979,46.5991706848,-57.0723724365,19.6198501587,1.20405435562,-25.2857666016],[640.066467285,-274.504608154,-94.2313613892,184.230117798,-70.4319229126,110.104812622,-76.9176177979,185.771408081,-9.14361000061,47.4228286743,-19.69049263,5.23453521729,29.9950466156],[-333.180664062,41.8253746033,44.2657279968,-61.1462669373,52.2953529358,-42.2369117737,46.5991706848,-9.14361000061,103.250061035,17.0574512482,19.9703578949,4.19255542755,-4.33227729797],[246.706436157,-124.737548828,-33.4804763794,56.5555992126,-30.7129421234,39.495223999,-57.0723724365,47.4228286743,17.0574512482,96.3424377441,16.6542568207,14.0659608841,7.28283548355],[-148.515655518,43.585723877,30.2552700043,-27.0433139801,18.4624652863,-23.7832336426,19.6198501587,-19.69049263,19.9703578949,16.6542568207,82.7458953857,25.2641372681,3.18814206123],[-35.3542671204,-73.9484100342,15.5416240692,15.4034776688,-2.05576395988,18.3577213287,1.20405435562,5.23453521729,4.19255542755,14.0659608841,25.2641372681,73.193687439,27.3179740906],[30.8277454376,-87.0938034058,-14.9379901886,22.9089031219,0.0692557245493,38.4630470276,-25.2857666016,29.9950466156,-4.33227729797,7.28283548355,3.18814206123,27.3179740906,68.88722229]],"icov":[[0.000194158390514,-0.000143126308103,0.000204137322726,-0.000259493041085,0.000180347880814,-0.000112694440759,0.000140130345244,-0.000278165593045,0.00024284121173,-0.000197034081793,0.000082645281509,-0.0000491063583468,0.000149769723066],[-0.000143126308103,0.000973625457846,-0.000106533356302,0.000589782430325,0.0000163630447787,0.000106763131043,-0.000506473938003,0.000791656435467,-0.000137000824907,0.000504890747834,-0.000512754544616,0.000773842155468,0.000140385891427],[0.000204137322726,-0.000106533356302,0.00217089615762,0.0000298288578051,-0.000445004785433,0.000187731959159,0.000423808087362,-0.0000434905268776,-0.0000594261582592,0.000230770980124,-0.000145533689647,-0.00074676447548,0.000579655170441],[-0.000259493041085,0.000589782430325,0.0000298288578051,0.00272252270952,0.00017086682783,-0.000305141613353,0.000129338281113,-0.000884090026375,0.000193429747014,0.000544443435501,-0.000391051842598,-0.000173627355252,0.000607048918027],[0.000180347880814,0.0000163630447787,-0.000445004785433,0.00017086682783,0.00588663900271,-0.0000791926504462,-0.00180423934944,0.000678108946886,-0.00136187742464,0.000047568926675,-0.000155519359396,0.00106218142901,-0.00163726904429],[-0.000112694440759,0.000106763131043,0.000187731959159,-0.000305141613353,-0.0000791926504462,0.00737552857026,0.000306935893605,-0.00243258452974,0.00196071341634,-0.00124470039736,0.00127504090779,-0.00119059637655,-0.00195053475909],[0.000140130345244,-0.000506473938003,0.000423808087362,0.000129338281113,-0.00180423934944,0.000306935893605,0.00890553556383,-0.0000653486567899,-0.00278967339545,0.00442741438746,-0.000866823422257,-0.00225419970229,0.00276413885877],[-0.000278165593045,0.000791656435467,-0.0000434905268776,-0.000884090026375,0.000678108946886,-0.00243258452974,-0.0000653486567899,0.0108812851831,-0.00215204968117,-0.00179465906695,0.000983396545053,0.00185751589015,-0.00272218533792],[0.00024284121173,-0.000137000824907,-0.0000594261582592,0.000193429747014,-0.00136187742464,0.00196071341634,-0.00278967339545,-0.00215204968117,0.0142245450988,-0.00515066646039,-0.000818770495243,0.000119161704788,-0.000109669221274],[-0.000197034081793,0.000504890747834,0.000230770980124,0.000544443435501,0.000047568926675,-0.00124470039736,0.00442741438746,-0.00179465906695,-0.00515066646039,0.0170325543731,-0.00407677562907,-0.00188722857274,0.0025094342418],[0.000082645281509,-0.000512754544616,-0.000145533689647,-0.000391051842598,-0.000155519359396,0.00127504090779,-0.000866823422257,0.000983396545053,-0.000818770495243,-0.00407677562907,0.0159165076911,-0.00529602915049,-0.000301817752188],[-0.0000491063583468,0.000773842155468,-0.00074676447548,-0.000173627355252,0.00106218142901,-0.00119059637655,-0.00225419970229,0.00185751589015,0.000119161704788,-0.00188722857274,-0.00529602915049,0.0198263693601,-0.0074866283685],[0.000149769723066,0.000140385891427,0.000579655170441,0.000607048918027,-0.00163726904429,-0.00195053475909,0.00276413885877,-0.00272218533792,-0.000109669221274,0.0025094342418,-0.000301817752188,-0.0074866283685,0.0205520689487]],"mean":[-694.894226074,139.144515991,-30.8466835022,45.1730575562,-7.51530218124,24.4504356384,-5.27761030197,15.8263816833,-1.64676177502,6.13767719269,3.29899382591,0.070297151804,3.27012228966]},"pitch_salience":{"dmean":0.0859902128577,"dmean2":0.139318227768,"dvar":0.00589569611475,"dvar2":0.0151044987142,"max":0.865837931633,"mean":0.547500252724,"median":0.570726573467,"min":0.0312876552343,"var":0.0166652817279},"silence_rate_20dB":{"dmean":0,"dmean2":0,"dvar":0,"dvar2":0,"max":1,"mean":1,"median":1,"min":1,"var":0},"silence_rate_30dB":{"dmean":0.0189292542636,"dmean2":0.0378621295094,"dvar":0.0185678601265,"dvar2":0.0475203320384,"max":1,"mean":0.986521363258,"median":1,"min":0,"var":0.0132980179042},"silence_rate_60dB":{"dmean":0.0277246646583,"dmean2":0.05545463413,"dvar":0.0269530396909,"dvar2":0.0600269474089,"max":1,"mean":0.106777556241,"median":0,"min":0,"var":0.0953827351332},"spectral_centroid":{"dmean":288.744903564,"dmean2":420.111877441,"dvar":127032.195312,"dvar2":225080.171875,"max":10626.359375,"mean":1735.64172363,"median":1637.35253906,"min":226.783294678,"var":733479.25},"spectral_complexity":{"dmean":4.85831737518,"dmean2":6.59374713898,"dvar":39.2872695923,"dvar2":57.3509178162,"max":65,"mean":19.9480934143,"median":16,"min":0,"var":237.921325684},"spectral_contrast_coeffs":{"dmean":[0.0493390187621,0.045309882611,0.0372670441866,0.0295580048114,0.0217380728573,0.0530574135482],"dmean2":[0.0810150653124,0.0749459788203,0.0611738115549,0.0482822619379,0.0346257016063,0.0802081599832],"dvar":[0.0015254500322,0.00127094297204,0.000876523146871,0.000525104289409,0.000341364793712,0.00223427219316],"dvar2":[0.00405935943127,0.00344505719841,0.00230214232579,0.00138210866135,0.00082937075058,0.00466906372458],"max":[-0.38601231575,-0.501793861389,-0.552736759186,-0.587847113609,-0.569094359875,-0.364691734314],"mean":[-0.723142266273,-0.794898808002,-0.806593120098,-0.803923010826,-0.812129378319,-0.669277429581],"median":[-0.729864537716,-0.800588011742,-0.812896728516,-0.805316984653,-0.812945604324,-0.666316211224],"min":[-0.966372907162,-0.966823160648,-0.959336698055,-0.962236762047,-0.958108782768,-0.960698246956],"var":[0.00511411530897,0.00348862074316,0.00297499634326,0.00188003131188,0.00138250144664,0.0117728970945]},"spectral_contrast_valleys":{"dmean":[0.426544070244,0.372227817774,0.335594266653,0.315260052681,0.351437777281,0.679257452488],"dmean2":[0.669356226921,0.596630692482,0.512711167336,0.461641132832,0.448432981968,1.06346452236],"dvar":[0.135843992233,0.106917187572,0.0979725494981,0.111508771777,0.182484060526,0.326068848372],"dvar2":[0.290621995926,0.22444793582,0.181012526155,0.183307304978,0.263766139746,0.77592164278],"max":[-4.85025024414,-4.82183885574,-5.33976507187,-5.37281370163,-5.2590341568,-9.04819488525],"mean":[-7.35916662216,-7.06326198578,-7.45061063766,-7.69068813324,-7.63116121292,-11.770357132],"median":[-7.16008090973,-6.86117362976,-7.25921058655,-7.55233860016,-7.42696762085,-11.6441354752],"min":[-27.5866088867,-27.6580505371,-27.3041381836,-27.1499710083,-27.2099075317,-27.2372226715],"var":[1.4590857029,1.26086771488,1.28823661804,1.37360918522,1.98508191109,1.46686649323]},"spectral_decrease":{"dmean":2.83660450684e-9,"dmean2":4.45003367489e-9,"dvar":3.83011755136e-17,"dvar2":1.01102501094e-16,"max":6.44930053806e-10,"mean":-4.28038049449e-9,"median":-2.31765606706e-9,"min":-6.78955132116e-8,"var":4.0828629184e-17},"spectral_energy":{"dmean":0.0117403268814,"dmean2":0.0174914207309,"dvar":0.000538175576366,"dvar2":0.00138247630093,"max":0.267820000648,"mean":0.0217825267464,"median":0.0136555600911,"min":1.06001587989e-20,"var":0.000693582289387},"spectral_energyband_high":{"dmean":0.000654338218737,"dmean2":0.000779006106313,"dvar":0.00000127855139453,"dvar2":0.00000194765334527,"max":0.027126794681,"mean":0.00154071254656,"median":0.000498109613545,"min":7.46875107565e-21,"var":0.00000584418194194},"spectral_energyband_low":{"dmean":0.00825688708574,"dmean2":0.0136122843251,"dvar":0.000461696938146,"dvar2":0.00123766239267,"max":0.242294758558,"mean":0.00907376036048,"median":0.00343088759109,"min":3.98141348972e-23,"var":0.000392871559598},"spectral_energyband_middle_high":{"dmean":0.00171867175959,"dmean2":0.00203860690817,"dvar":0.00000603305215918,"dvar2":0.000008598803106,"max":0.0382831506431,"mean":0.00431174552068,"median":0.00229039764963,"min":1.63717703256e-21,"var":0.0000286341055471},"spectral_energyband_middle_low":{"dmean":0.00183570105582,"dmean2":0.00276774750091,"dvar":0.00000976719184109,"dvar2":0.000022042881028,"max":0.075039871037,"mean":0.00410029524937,"median":0.00253451731987,"min":2.20988111353e-22,"var":0.0000230241785175},"spectral_entropy":{"dmean":0.1350928545,"dmean2":0.199520871043,"dvar":0.0266913473606,"dvar2":0.049157127738,"max":9.80973625183,"mean":7.68590116501,"median":7.76935052872,"min":6.09669208527,"var":0.133929133415},"spectral_flux":{"dmean":0.0257873833179,"dmean2":0.0397532917559,"dvar":0.00136047508568,"dvar2":0.00280650448985,"max":0.423795223236,"mean":0.0850477591157,"median":0.0721006318927,"min":1.02957073422e-10,"var":0.00327784824185},"spectral_kurtosis":{"dmean":3.2533326149,"dmean2":4.88970899582,"dvar":21.2266941071,"dvar2":48.0643386841,"max":114.409194946,"mean":15.3076934814,"median":12.5074548721,"min":-1.20647978783,"var":74.7041168213},"spectral_rms":{"dmean":0.00100489938632,"dmean2":0.00139270443469,"dvar":0.00000183790439223,"dvar2":0.00000409708218285,"max":0.0161643996835,"mean":0.00402754778042,"median":0.00364999962039,"min":3.2158386197e-12,"var":0.00000503008413943},"spectral_rolloff":{"dmean":5423.02734375,"dmean2":10043.4716797,"dvar":52777044,"dvar2":117228680,"max":22050,"mean":9365.06445312,"median":4844.97070312,"min":21.533203125,"var":75909104},"spectral_skewness":{"dmean":0.275294452906,"dmean2":0.397370755672,"dvar":0.117255315185,"dvar2":0.228828936815,"max":7.51118850708,"mean":2.41242241859,"median":2.18050265312,"min":0.024259340018,"var":0.585268139839},"spectral_spread":{"dmean":402503.90625,"dmean2":605743.5625,"dvar":259902783488,"dvar2":428154748928,"max":40000176,"mean":3811078.75,"median":3820012.25,"min":1044025.125,"var":797267394560},"spectral_strongpeak":{"dmean":3.65011906624,"dmean2":6.7879114151,"dvar":142.062362671,"dvar2":380.256744385,"max":135.831771851,"mean":2.4963657856,"median":0.128105297685,"min":0,"var":99.69480896},"zerocrossingrate":{"dmean":0.0369213931262,"dmean2":0.0461689308286,"dvar":0.00120452977717,"dvar2":0.00180868746247,"max":0.99072265625,"mean":0.226352319121,"median":0.22216796875,"min":0.005859375,"var":0.00592644093558}},"metadata":{"audio_properties":{"analysis_sample_rate":44100,"bit_rate":128000,"codec":"mp3","downmix":"mix","equal_loudness":0,"length":242.860412598,"lossless":false,"md5_encoded":"67476cd644f1871cf377792c419c8465","replay_gain":-5.56029129028},"tags":{"album":["Under Wraps"],"albumartist":["Jethro Tull"],"albumartistsort":["Jethro Tull"],"artist":["Jethro Tull"],"artistsort":["Jethro Tull"],"asin":["B000008H23"],"barcode":["0094632146120"],"catalognumber":["CDL 1461"],"date":["1984-09-07"],"discnumber":["1/1"],"file_name":"02 Under Wraps #1.mp3","genre":["Alt. Rock"],"label":["Chrysalis"],"language":["eng"],"media":["CD"],"mp3gain_album_minmax":["142,196"],"mp3gain_minmax":["142,195"],"musicbrainz album release country":["GB"],"musicbrainz album status":["official"],"musicbrainz album type":["album"],"musicbrainz_albumartistid":["ece57992-dc2e-4f67-a269-fa43626c1a3d"],"musicbrainz_albumid":["3265fac8-b606-4994-9fb1-c943d1d68d05"],"musicbrainz_artistid":["ece57992-dc2e-4f67-a269-fa43626c1a3d"],"musicbrainz_recordingid":["49a1073d-5b10-4d2d-9c5b-a82289d114f1"],"originaldate":["1984"],"replaygain_album_gain":["-1.28 dB"],"replaygain_album_peak":["1.057300"],"replaygain_track_gain":["-2.88 dB"],"replaygain_track_peak":["0.984530"],"script":["Latn"],"title":["Under Wraps #1"],"tracknumber":["2/15"]},"version":{"essentia":"2.1-beta1","essentia_build_sha":"eef087cf131c10083d474ad51def18efd0e38295","essentia_git_sha":"v2.1_beta1-7-ge0e83e8-dirty","extractor":"music 1.0"}},"rhythm":{"beats_count":603,"beats_loudness":{"dmean":0.0264451615512,"dmean2":0.046692699194,"dvar":0.000364871870261,"dvar2":0.0012097338913,"max":0.149181485176,"mean":0.0333419106901,"median":0.0322306454182,"min":3.16475130546e-8,"var":0.00050816842122},"beats_loudness_band_ratio":{"dmean":[0.27370968461,0.0893837735057,0.067211613059,0.0601679161191,0.174536243081,0.187349587679],"dmean2":[0.51089411974,0.167164355516,0.121716313064,0.106522254646,