{"lowlevel":{"average_loudness":0.903064668179,"barkbands":{"dmean":[0.00263158348389,0.0116336084902,0.00444822991267,0.00127533858176,0.00202345126309,0.000957518641371,0.00109262601472,0.000676563591696,0.000583271379583,0.000477439985843,0.000399876211304,0.000392280839151,0.000490106642246,0.000497392145917,0.000324635358993,0.000228376637097,0.000136792747071,0.000120953132864,0.000142027449328,0.000116383162094,0.0000962437115959,0.0000489576050313,0.00000641668430035,0.00000311514213536,0.00000204214325095,0.00000319466494147,0.0000641198421363],"dmean2":[0.00450656702742,0.0201304722577,0.00739411404356,0.00215196306817,0.00328759662807,0.00152682722546,0.00176064902917,0.00108123815153,0.0009549401002,0.000770487822592,0.000644547864795,0.000627352739684,0.00078888121061,0.000822171045002,0.000515053863637,0.000351889670128,0.000210854836041,0.000183955518878,0.00021122713224,0.000171909137862,0.000135069218231,0.0000682389872964,0.0000108522763185,0.00000539177017345,0.00000334492187903,0.00000542258385394,0.0000847396877361],"dvar":[0.0000178004102054,0.000425971200457,0.0000538681924809,0.00000425599955634,0.0000139288276841,0.00000273255523098,0.0000100310735434,0.00000366450467482,0.00000190238392861,0.00000124440816762,0.00000118220884815,0.0000011344768609,8.41618486902e-7,9.4108003168e-7,3.53872167125e-7,2.8094362392e-7,1.88193212125e-7,2.28249916745e-7,2.2917475917e-7,1.64193139085e-7,1.77285230052e-7,5.28529362498e-8,1.04490582853e-9,3.59755697454e-10,1.4932952444e-11,1.37793915167e-10,2.59956927096e-8],"dvar2":[0.0000503885130456,0.00117900629994,0.000137506678584,0.0000110886621769,0.0000334858596034,0.00000662291404296,0.0000236828091147,0.00000886272482603,0.00000484487236463,0.00000307254185827,0.00000298645522889,0.00000263353194896,0.00000209921677197,0.00000246670765591,8.79030210399e-7,6.54358814245e-7,4.39337298985e-7,5.2445102483e-7,5.03409978592e-7,3.13985879075e-7,3.07832976887e-7,8.05671902526e-8,2.86157497698e-9,1.04571196147e-9,3.65796976043e-11,3.87266274604e-10,3.8713075412e-8],"max":[0.0530820526183,0.249084979296,0.120038941503,0.0380286835134,0.0860116407275,0.0373141802847,0.0592665113509,0.0515008158982,0.030052838847,0.0229873675853,0.0293713342398,0.0407354868948,0.0228250958025,0.01716295816,0.0136118913069,0.0168161448091,0.0248598456383,0.0229047480971,0.0153118576854,0.013317707926,0.0207115709782,0.0101669905707,0.00106190238148,0.000731684325729,0.0000558134852326,0.000318647304084,0.00618123589084],"mean":[0.00325574609451,0.0158997178078,0.00573566602543,0.00158958800603,0.00288345222361,0.00146383221727,0.00134638359305,0.00086401036242,0.000752825697418,0.000633241492324,0.000525922805537,0.000540775654372,0.000685820123181,0.000669677217957,0.000525517330971,0.000372986251023,0.000218764966121,0.00020099755784,0.000237458880292,0.000187507408555,0.000153083048644,0.0000746047517168,0.00000660021123622,0.00000280176800516,0.00000213798716686,0.00000325856763084,0.000133243214805],"median":[0.00161296431907,0.00929747708142,0.00233971839771,0.000834290520288,0.00141992978752,0.000580777938012,0.000235631305259,0.000140850432217,0.000209104429814,0.000186104734894,0.000123713893117,0.000121607685287,0.000272818317171,0.000293122109724,0.000218103072257,0.000151421219925,0.0000524016395502,0.0000554628277314,0.0000414543355873,0.0000250413540925,0.0000167637499544,0.00000699529664416,9.92862624116e-7,6.45273075861e-7,5.97166319949e-7,8.3753383251e-7,0.0000549641154066],"min":[5.10648793827e-25,3.81027745274e-24,5.31951785357e-25,1.85072586214e-24,3.91312716541e-24,5.03173114015e-24,4.81799006674e-24,5.04150631006e-24,1.71826858253e-23,1.77067103474e-23,5.00080069292e-24,2.95894247147e-23,3.00739052174e-23,3.27163936124e-23,3.68448908489e-23,5.59756828792e-23,5.960747858e-23,1.06859123465e-22,1.13360170361e-22,1.91862748265e-22,2.00626601647e-22,3.37109017203e-22,3.66086945343e-22,5.86516240253e-22,8.82185396985e-22,1.31022046588e-21,1.8823260223e-21],"var":[0.0000204150601348,0.000453922228189,0.0000926385473576,0.00000547772424397,0.0000213713919948,0.00000551775519853,0.000015035375327,0.00000589586124988,0.00000255010309047,0.00000173883222487,0.00000153925441282,0.00000178099776349,0.00000126504198761,0.00000112614998216,6.63785840516e-7,4.96136635775e-7,3.63824398164e-7,3.98877830321e-7,4.54412116824e-7,3.72038925889e-7,3.86334733093e-7,1.30787128683e-7,9.44296196792e-10,2.05243863571e-10,1.72381570823e-11,1.03936900753e-10,8.18042948936e-8]},"barkbands_crest":{"dmean":3.45621347427,"dmean2":5.72289419174,"dvar":8.2670841217,"dvar2":22.3068809509,"max":25.3489551544,"mean":12.3001966476,"median":11.8855209351,"min":2.3918633461,"var":23.6870288849},"barkbands_flatness_db":{"dmean":0.0346260778606,"dmean2":0.0547921657562,"dvar":0.000915829208679,"dvar2":0.00219404138625,"max":0.496376872063,"mean":0.180646419525,"median":0.172520205379,"min":0.015209313482,"var":0.00449807289988},"barkbands_kurtosis":{"dmean":10.4867668152,"dmean2":16.81549263,"dvar":444.832855225,"dvar2":1076.4954834,"max":607.739379883,"mean":18.3883857727,"median":6.30389213562,"min":-1.7650077343,"var":1191.55859375},"barkbands_skewness":{"dmean":0.956476688385,"dmean2":1.50762355328,"dvar":1.00635671616,"dvar2":2.43151259422,"max":19.4405441284,"mean":2.79888606071,"median":2.34146738052,"min":-2.26956129074,"var":4.66882610321},"barkbands_spread":{"dmean":5.32076883316,"dmean2":8.41298866272,"dvar":41.0096206665,"dvar2":91.6647338867,"max":87.6270828247,"mean":16.1667079926,"median":13.3922939301,"min":0.264971405268,"var":175.007003784},"dissonance":{"dmean":0.0154066951945,"dmean2":0.0259299445897,"dvar":0.00025084160734,"dvar2":0.00066936656367,"max":0.500000119209,"mean":0.475351810455,"median":0.480990499258,"min":0.320031046867,"var":0.000442176067736},"dynamic_complexity":5.42516708374,"erbbands":{"dmean":[0.500565230846,2.20707631111,4.76934480667,4.61029100418,4.77183532715,8.47566223145,7.57385206223,8.24000167847,14.2315979004,14.1574268341,14.7047367096,13.2907123566,14.3127250671,16.4296627045,15.0699748993,14.8105201721,20.3888206482,26.3925666809,18.4426059723,15.3402442932,10.4238777161,7.54294204712,6.439037323,6.93870544434,6.89750051498,5.26851081848,4.2302312851,3.60123896599,2.03099131584,0.532355487347,0.14612300694,0.0858440548182,0.0376179292798,0.0231476165354,0.0144055709243,0.00827268511057,0.00656118523329,0.011487881653,0.00799730885774,0.00127087906003],"dmean2":[0.875953137875,3.77776217461,7.92788982391,7.64461231232,7.99813699722,13.7976675034,12.2938232422,13.1615562439,23.3320903778,22.2958316803,23.5673427582,21.69780159,23.1857795715,26.1719894409,23.9371414185,23.3270378113,32.5623779297,43.2332038879,29.0413951874,24.0837020874,15.6847848892,11.4250745773,9.74498081207,10.2920284271,10.2103252411,7.70696640015,5.94097995758,5.07842063904,2.74759364128,0.789288043976,0.244373247027,0.150713145733,0.0625849217176,0.0379235818982,0.0235818084329,0.0135921221226,0.0111935930327,0.0158169064671,0.0104915285483,0.00173193367664],"dvar":[0.719416201115,15.8381690979,58.8930473328,50.7294616699,74.6816482544,304.591125488,181.029464722,248.011016846,1635.49975586,1900.99291992,1570.3145752,966.740783691,1306.25720215,1473.25476074,2097.45214844,1376.60095215,1424.31176758,2670.97973633,1133.09887695,810.981262207,709.805908203,561.788208008,667.666748047,752.64831543,472.849304199,339.084625244,345.874481201,244.643157959,90.9293441772,5.4053940773,0.455205619335,0.406090587378,0.0115616815165,0.00191531644668,0.000741252326407,0.000266545452178,0.00119086168706,0.00227629649453,0.000925252737943,0.00000663244600219],"dvar2":[2.05317902565,43.4869880676,153.088577271,129.104476929,197.455230713,717.609924316,460.162109375,595.569030762,3995.89086914,4540.64453125,3962.21557617,2458.21557617,3316.64501953,3648.99389648,5350.91162109,3062.25048828,3541.21972656,7022.82666016,2854.80712891,1934.68029785,1588.73498535,1261.14709473,1650.8729248,1721.97912598,1007.46911621,624.052001953,645.7265625,395.928466797,131.142425537,10.7003240585,1.23810219765,1.17888820171,0.0319303683937,0.00469618849456,0.00181601580698,0.000671850342769,0.00341563182883,0.00346372299828,0.00131924648304,0.0000123616619021],"max":[9.6597776413,53.9246940613,119.477401733,114.415725708,331.40637207,333.842254639,218.546798706,444.812103271,1046.04956055,1250.21362305,1048.24377441,661.615844727,622.831054688,767.567382812,1816.77026367,1392.57092285,837.347961426,930.055725098,722.833435059,712.84564209,1041.01184082,1352.88391113,950.288513184,1506.47290039,551.528747559,662.80267334,796.170959473,769.188598633,506.139312744,87.6286621094,26.2168388367,27.103427887,5.00417280197,0.630896091461,0.393303900957,0.361072897911,1.28612494469,2.25882697105,1.40602338314,0.0960983932018],"mean":[0.639800548553,2.89078521729,6.34830522537,6.49107503891,6.66296100616,11.00623703,10.8118371964,12.1173744202,17.7009239197,18.6365947723,19.3474731445,17.6144771576,18.3819923401,23.080078125,21.4614067078,21.8697032928,29.9639987946,36.6978797913,29.2699108124,26.1906375885,17.5909366608,12.7176904678,10.8511505127,12.0471115112,11.4791250229,8.66287517548,6.63238191605,5.70284748077,3.12810754776,0.722100615501,0.157246470451,0.0751055926085,0.0379948019981,0.0242473632097,0.015163846314,0.00873078312725,0.00672047771513,0.0181497782469,0.0146625638008,0.00317031913437],"median":[0.326020300388,1.724624753,2.84709024429,3.39061164856,3.78318071365,4.16493463516,4.09846735001,4.6816444397,4.0617389679,2.90575385094,3.69774699211,4.83216524124,5.11684274673,7.01484823227,5.00206422806,5.47372627258,12.0370311737,17.0335597992,12.8699769974,11.7211370468,6.62737894058,3.19670271873,3.09059762955,2.54124832153,1.8325432539,1.18155705929,0.748726665974,0.587503433228,0.296298533678,0.0908023044467,0.0303301736712,0.0165088064969,0.0104758646339,0.00678516691551,0.00434145284817,0.00269241561182,0.00187044870108,0.00277425069362,0.002524580108,0.00185340701137],"min":[1.3738855799e-22,4.67124956903e-22,1.55064830612e-21,3.91933885813e-21,9.85708646038e-21,1.58097285643e-20,3.26904686138e-20,5.25011890217e-20,1.22123239577e-19,9.10484485703e-20,2.76465706851e-19,4.44248049621e-19,7.62213588749e-19,4.98173297922e-19,9.73333914214e-19,1.56427598312e-18,1.74614704703e-18,2.08580043464e-18,2.17150834022e-18,3.45779652662e-18,3.65866823939e-18,4.26054139669e-18,5.33972754594e-18,4.76437669421e-18,7.5963527712e-18,8.46514553164e-18,1.02097960022e-17,8.05383493514e-18,9.79526022844e-18,1.22677254132e-17,1.13795236869e-17,1.10461740359e-17,1.03811621825e-17,8.62137596112e-18,6.58541646711e-18,4.22930953831e-18,2.62711942161e-18,9.9243640969e-19,2.2623531925e-19,2.84037375674e-20],"var":[0.78610265255,15.8611106873,93.9466400146,82.5098495483,96.0830307007,458.0496521,305.599121094,500.201782227,2318.95996094,2963.84204102,2385.75244141,1366.54772949,1538.97595215,2202.07714844,2723.54907227,2443.45629883,2274.484375,3244.8918457,1875.00439453,1640.59033203,1286.92211914,1166.96630859,1073.66479492,1380.93945312,1042.74194336,795.228759766,708.647094727,568.878723145,229.232910156,10.498705864,0.426902502775,0.228818207979,0.00887638516724,0.00220975908451,0.000857264967635,0.000288134586299,0.000741093419492,0.00577863212675,0.00258290581405,0.0000201864004339]},"erbbands_crest":{"dmean":2.29961657524,"dmean2":3.78277349472,"dvar":4.8927936554,"dvar2":12.5226650238,"max":28.8833217621,"mean":7.55927562714,"median":6.61150598526,"min":2.49931550026,"var":12.4069375992},"erbbands_flatness_db":{"dmean":0.0244638882577,"dmean2":0.0378853864968,"dvar":0.000462699506897,"dvar2":0.00109785457607,"max":0.365217804909,"mean":0.15526612103,"median":0.151471421123,"min":0.0541043020785,"var":0.00182477466296},"erbbands_kurtosis":{"dmean":1.15497410297,"dmean2":1.8273819685,"dvar":10.3128538132,"dvar2":24.3999958038,"max":117.661048889,"mean":0.69065618515,"median":-0.257090866566,"min":-1.73465752602,"var":26.2604465485},"erbbands_skewness":{"dmean":0.404038667679,"dmean2":0.607048809528,"dvar":0.149555549026,"dvar2":0.326605319977,"max":8.51527023315,"mean":0.0263998825103,"median":-0.0994495674968,"min":-3.53695487976,"var":0.914802670479},"erbbands_spread":{"dmean":7.33303833008,"dmean2":11.6099395752,"dvar":47.6580314636,"dvar2":115.69367981,"max":96.0177993774,"mean":34.2349624634,"median":33.6315765381,"min":1.78946733475,"var":169.706298828},"gfcc":{"cov":[[25963.2304688,1531.82714844,-2372.34057617,-181.468582153,-25.2483634949,-676.825439453,317.372497559,-360.475982666,56.5236968994,188.467010498,-169.998275757,-69.381690979,26.3961334229],[1531.82714844,1048.68286133,-114.871749878,-285.257354736,134.402648926,-61.6335754395,21.9116401672,-46.3238296509,0.0664388164878,-17.7992801666,38.2481231689,-77.3171463013,86.549621582],[-2372.34057617,-114.871749878,1037.90112305,200.336029053,-127.796165466,401.147949219,-241.175994873,215.877731323,-71.1602706909,-19.4856987,24.4657058716,2.1727938652,4.36218595505],[-181.468582153,-285.257354736,200.336029053,383.436004639,50.7444038391,-11.8272380829,86.1028366089,-17.7145996094,15.8358650208,17.7569274902,-36.4204406738,30.7296657562,-43.9877433777],[-25.2483634949,134.402648926,-127.796165466,50.7444038391,251.75038147,-50.8258018494,107.66771698,-53.3492622375,29.7792243958,-22.1259231567,11.4191045761,-13.768073082,41.965045929],[-676.825439453,-61.6335754395,401.147949219,-11.8272380829,-50.8258018494,391.141296387,-172.917907715,174.235458374,-59.8693122864,-17.1378326416,30.4323997498,3.36391210556,13.2764844894],[317.372497559,21.9116401672,-241.175994873,86.1028366089,107.66771698,-172.917907715,265.502288818,-103.893257141,57.8807792664,10.7277755737,-35.9206542969,13.5553436279,-18.3102817535],[-360.475982666,-46.3238296509,215.877731323,-17.7145996094,-53.3492622375,174.235458374,-103.893257141,196.883956909,6.91247701645,7.67907047272,26.3081932068,-10.5493621826,10.5321807861],[56.5236968994,0.0664388164878,-71.1602706909,15.8358650208,29.7792243958,-59.8693122864,57.8807792664,6.91247701645,101.493751526,34.2631721497,2.91987586021,12.7778272629,-14.4053382874],[188.467010498,-17.7992801666,-19.4856987,17.7569274902,-22.1259231567,-17.1378326416,10.7277755737,7.67907047272,34.2631721497,77.4211883545,27.2160339355,4.16367673874,-11.1302394867],[-169.998275757,38.2481231689,24.4657058716,-36.4204406738,11.4191045761,30.4323997498,-35.9206542969,26.3081932068,2.91987586021,27.2160339355,67.2573776245,15.9014291763,17.6601676941],[-69.381690979,-77.3171463013,2.1727938652,30.7296657562,-13.768073082,3.36391210556,13.5553436279,-10.5493621826,12.7778272629,4.16367673874,15.9014291763,67.6957702637,14.0573987961],[26.3961334229,86.549621582,4.36218595505,-43.9877433777,41.965045929,13.2764844894,-18.3102817535,10.5321807861,-14.4053382874,-11.1302394867,17.6601676941,14.0573987961,83.7965393066]],"icov":[[0.0000823759619379,-0.000251645076787,0.000412064953707,-0.000450095540145,0.000321544735925,-0.000203313640668,0.000175829685759,-0.000053729465435,0.0000137350443765,-0.000124674174003,0.000200499358471,0.0000124635016618,-0.000165945210028],[-0.000251645076787,0.00246738945134,-0.00187895505223,0.00297668692656,-0.00179648434278,0.000934000883717,-0.00113829877228,0.00079226703383,-0.000252299272688,0.000132631990709,-0.00107595801819,0.00159920693841,-0.000472692103358],[0.000412064953707,-0.00187895505223,0.0050662686117,-0.00557487132028,0.00421899044886,-0.00350501993671,0.00174249825068,-0.00014374787861,-0.00137557159178,0.00195973669179,-0.00150050874799,0.00233458960429,-0.00258958805352],[-0.000450095540145,0.00297668692656,-0.00557487132028,0.0109732970595,-0.00785655528307,0.00413827272132,-0.00202511716634,-0.00129353418015,0.00406789314002,-0.00586617318913,0.00624204240739,-0.00654506729916,0.00581932952628],[0.000321544735925,-0.00179648434278,0.00421899044886,-0.00785655528307,0.0143849551678,-0.00539196887985,-0.00288137933239,0.00451489724219,-0.0079608336091,0.00993357785046,-0.0111337956041,0.0117260590196,-0.00980609375983],[-0.000203313640668,0.000934000883717,-0.00350501993671,0.00413827272132,-0.00539196887985,0.00888624507934,0.00137198821176,-0.00569422123954,0.00586763443425,-0.00318906293251,0.00364077650011,-0.00633870624006,0.00464316923171],[0.000175829685759,-0.00113829877228,0.00174249825068,-0.00202511716634,-0.00288137933239,0.00137198821176,0.00930493697524,-0.000132210087031,-0.000539276923519,-0.00284358998761,0.00586155056953,-0.00436579575762,0.00226864544675],[-0.000053729465435,0.00079226703383,-0.00014374787861,-0.00129353418015,0.00451489724219,-0.00569422123954,-0.000132210087031,0.0131791969761,-0.00845521315932,0.00410127500072,-0.00656538177282,0.00875325128436,-0.0055106584914],[0.0000137350443765,-0.000252299272688,-0.00137557159178,0.00406789314002,-0.0079608336091,0.00586763443425,-0.000539276923519,-0.00845521315932,0.0216431505978,-0.0123786740005,0.00934940949082,-0.0125174066052,0.0086711673066],[-0.000124674174003,0.000132631990709,0.00195973669179,-0.00586617318913,0.00993357785046,-0.00318906293251,-0.00284358998761,0.00410127500072,-0.0123786740005,0.0283935628831,-0.0202000141144,0.0123977204785,-0.00506462994963],[0.000200499358471,-0.00107595801819,-0.00150050874799,0.00624204240739,-0.0111337956041,0.00364077650011,0.00586155056953,-0.00656538177282,0.00934940949082,-0.0202000141144,0.0365155264735,-0.0187727082521,0.0058856094256],[0.0000124635016618,0.00159920693841,0.00233458960429,-0.00654506729916,0.0117260590196,-0.00633870624006,-0.00436579575762,0.00875325128436,-0.0125174066052,0.0123977204785,-0.0187727082521,0.0334228426218,-0.0142908291891],[-0.000165945210028,-0.000472692103358,-0.00258958805352,0.00581932952628,-0.00980609375983,0.00464316923171,0.00226864544675,-0.0055106584914,0.0086711673066,-0.00506462994963,0.0058856094256,-0.0142908291891,0.0230022110045]],"mean":[-64.9900817871,121.256248474,-94.3146820068,13.6473484039,-1.38457226753,-11.0155887604,-0.2038500458,-14.6314582825,-5.31315040588,0.955363214016,-7.17290401459,-6.21980333328,-2.1793794632]},"hfc":{"dmean":10.1336860657,"dmean2":14.270866394,"dvar":222.495651245,"dvar2":414.764831543,"max":361.326843262,"mean":32.8714485168,"median":27.9149036407,"min":1.10819802031e-16,"var":880.644592285},"melbands":{"dmean":[0.00373331666924,0.00245193694718,0.00075218337588,0.000479528476717,0.000275544996839,0.000182996227522,0.000220003246795,0.000149876228534,0.000114763126476,0.000084625047748,0.0000722747136024,0.0000677023053868,0.0000516764630447,0.0000478768670291,0.0000385737912438,0.0000525376817677,0.0000509825804329,0.0000320571016346,0.0000251943438343,0.000018515434931,0.0000117295094242,0.00000840113170852,0.00000675965566188,0.0000057779270719,0.0000059429362409,0.00000572714361624,0.00000459723696622,0.00000351221706296,0.00000283910185317,0.00000246841045737,0.00000211150427276,0.00000136302674036,5.8899661326e-7,2.04079483979e-7,9.08252459908e-8,5.72835325841e-8,4.89672089543e-8,2.66496673618e-8,2.13089297318e-8,1.88289792646e-8],"dmean2":[0.00650131423026,0.00409325072542,0.00124200910795,0.00078129634494,0.000444956094725,0.000292778102448,0.000358401419362,0.000234960476519,0.000185228389455,0.000138752599014,0.000117576681077,0.00010834466957,0.0000827825206215,0.0000764622091083,0.0000619129714323,0.0000849598000059,0.0000848420022521,0.0000514805287821,0.0000402827536163,0.0000290541993309,0.0000180478618859,0.0000129700874822,0.0000104137998278,0.00000903344152903,0.00000897629888641,0.00000880788866198,0.00000690891420163,0.00000530050965608,0.00000415077602156,0.00000359755472346,0.00000300758483718,0.00000190172431758,8.70272970133e-7,3.2651232118e-7,1.53917312673e-7,9.91430013642e-8,8.6464986282e-8,4.43122516458e-8,3.49107729392e-8,3.08400061044e-8],"dvar":[0.0000428864477726,0.000014946625015,0.00000126053896565,8.45583258524e-7,2.32135533906e-7,1.13143030944e-7,3.92536463778e-7,1.97899510113e-7,9.08847539449e-8,3.87706506899e-8,3.36829302228e-8,2.5541877946e-8,2.13669562044e-8,2.02645438208e-8,6.18108897399e-9,1.02850936656e-8,1.0314351151e-8,3.7317957613e-9,2.41673858703e-9,1.57422308522e-9,1.06466502281e-9,7.20747739269e-10,6.01852734317e-10,5.72994929282e-10,5.51017842465e-10,3.95121879659e-10,2.07300260291e-10,1.70084293871e-10,1.69039782172e-10,1.0898982411e-10,8.82554862525e-11,4.34461841503e-11,7.36507296123e-12,1.07687686893e-12,2.40329891404e-13,1.03834197913e-13,1.88178560733e-13,6.7611563219e-15,1.62949254953e-15,1.27031193402e-15],"dvar2":[0.000120888740639,0.0000396429895773,0.00000322249707096,0.00000202592036658,5.86780799949e-7,2.75316580201e-7,9.45769158989e-7,4.6767627282e-7,2.29194938584e-7,9.95392710479e-8,8.56604316368e-8,6.33667767147e-8,5.37199973394e-8,4.74193377897e-8,1.49972887442e-8,2.59974530792e-8,2.7432060179e-8,9.60908597136e-9,5.95426774552e-9,3.87335763463e-9,2.38056219182e-9,1.70314606862e-9,1.51862822317e-9,1.36982003518e-9,1.2908083491e-9,9.2131929863e-10,4.18701878724e-10,3.34877903185e-10,3.56781021393e-10,1.94963073463e-10,1.47623691049e-10,6.4544883327e-11,1.40483718408e-11,2.69017403839e-12,6.68614306715e-13,2.9260426547e-13,5.51124684084e-13,1.87774736081e-14,3.99177574811e-15,3.11150162811e-15],"max":[0.0699200853705,0.0435774028301,0.0184735972434,0.0218936353922,0.00705971941352,0.00873785559088,0.0141761004925,0.0115486662835,0.00711176544428,0.00353890052065,0.0032150237821,0.00310293282382,0.00473220413551,0.00533383060247,0.00217099231668,0.00281463563442,0.001920915558,0.00129984843079,0.00115696375724,0.00153981649783,0.00147857831325,0.00145313027315,0.00114233896602,0.00128858350217,0.00125306204427,0.000694985094015,0.000480117363622,0.000460200622911,0.00055468903156,0.000386205647374,0.000466590281576,0.000324916734826,0.000106796593172,0.0000309332681354,0.000022701195121,0.0000124621428768,0.0000206960812648,0.000003893167559,5.82694553941e-7,5.14481371283e-7],"mean":[0.00513732153922,0.00351642468013,0.00112927868031,0.000659501587506,0.000398585922085,0.000273361016298,0.000275546859484,0.000201294853468,0.000149836181663,0.00010869489779,0.0000903051986825,0.0000926389693632,0.0000716000140528,0.0000637838529656,0.0000551017801627,0.0000728260056349,0.0000670125955367,0.0000466667625005,0.0000400954813813,0.0000297264832625,0.000018283009922,0.0000133047233248,0.0000104481568997,0.00000938497487368,0.00000979910782917,0.00000893923606782,0.00000732360467737,0.00000538692302143,0.00000416696593675,0.00000376213529307,0.000003199552566,0.00000203921513275,8.20013212888e-7,2.30700649695e-7,9.10936250875e-8,5.12924955842e-8,4.11439806669e-8,2.67260382714e-8,2.22282761086e-8,1.96824210263e-8],"median":[0.00296824867837,0.00202050129883,0.000653681054246,0.000302386237308,0.0001639691327,0.000108913147415,0.0000592642645643,0.0000308719172608,0.0000302716925944,0.0000297714650515,0.0000239119781327,0.0000277805756923,0.0000167246089404,0.0000128655692606,0.0000172050022229,0.0000306807341985,0.0000295706631732,0.0000192087918549,0.0000163531494763,0.0000127018183775,0.00000593897721046,0.00000309394727083,0.00000254511269304,0.00000249876029557,0.00000190380956155,0.00000146017737279,0.00000105081983293,6.86559928909e-7,4.38533390934e-7,3.80909483511e-7,2.96544499179e-7,1.73404075099e-7,7.01935363168e-8,2.58508467965e-8,1.44735610164e-8,1.05946371676e-8,8.46252490305e-9,7.07546643497e-9,6.12207040618e-9,5.44892042598e-9],"min":[1.93312573635e-24,1.04167485091e-24,9.17749733081e-25,8.61507303198e-25,1.10625849879e-24,1.10861009315e-24,1.55416247951e-24,6.90978748278e-25,2.74177580902e-24,2.63273215774e-24,2.87003197044e-24,1.90859334549e-24,9.33876120744e-25,2.46771310599e-24,2.39657954601e-24,2.47141878009e-24,3.5571169999e-24,2.74193969488e-24,3.00526383162e-24,3.48420889731e-24,4.14844634559e-24,3.81056262596e-24,3.48412015046e-24,5.06671120484e-24,2.87303398061e-24,4.32364683061e-24,4.42488135058e-24,4.79646126378e-24,6.13928554019e-24,5.24795160339e-24,4.64501180289e-24,4.66928860282e-24,6.10847776083e-24,6.30335125354e-24,5.10777772585e-24,5.97452286824e-24,6.73458916713e-24,6.85460488753e-24,6.40489382369e-24,6.82731503337e-24],"var":[0.0000465459488623,0.0000209274821827,0.00000214431838685,0.00000128493911689,3.72199849608e-7,2.23444274638e-7,5.76864863433e-7,3.33648841888e-7,1.37821587032e-7,5.15514955168e-8,3.93122761011e-8,3.72670498905e-8,2.87492003537e-8,2.97532363192e-8,9.92279325374e-9,1.44797338564e-8,1.16352536494e-8,5.31452748476e-9,4.3220431678e-9,2.68751576549e-9,1.73363357003e-9,1.33792188439e-9,9.90182380534e-10,9.09170683183e-10,9.61853041659e-10,6.83694323378e-10,4.65457672405e-10,3.5316974345e-10,2.96573599012e-10,2.34989611103e-10,1.96668584196e-10,1.05253673832e-10,1.55572846272e-11,1.27461723901e-12,2.1357308283e-13,6.57051385414e-14,1.02387303009e-13,4.99584690972e-15,1.87924084931e-15,1.46620545549e-15]},"melbands_crest":{"dmean":4.51264810562,"dmean2":7.52769565582,"dvar":14.1945409775,"dvar2":40.0615539551,"max":38.0583152771,"mean":18.6372947693,"median":18.4294643402,"min":1.60101997852,"var":43.0326843262},"melbands_flatness_db":{"dmean":0.0429040640593,"dmean2":0.0674416869879,"dvar":0.00133831810672,"dvar2":0.00322976126336,"max":0.652135968208,"mean":0.298108577728,"median":0.293490767479,"min":0.00290102185681,"var":0.00758355250582},"melbands_kurtosis":{"dmean":15.409702301,"dmean2":24.8573360443,"dvar":513.311035156,"dvar2":1238.5559082,"max":515.476867676,"mean":28.7814388275,"median":14.098443985,"min":-1.82955729961,"var":1578.61474609},"melbands_skewness":{"dmean":1.14689123631,"dmean2":1.827439785,"dvar":1.22517836094,"dvar2":3.03614354134,"max":19.3110179901,"mean":3.75143933296,"median":3.33987474442,"min":-1.45847463608,"var":5.11069822311},"melbands_spread":{"dmean":6.24735164642,"dmean2":9.82221317291,"dvar":86.5798797607,"dvar2":183.947052002,"max":170.579055786,"mean":16.0162296295,"median":10.5938081741,"min":0.261796981096,"var":392.542999268},"mfcc":{"cov":[[15510.6152344,2240.33032227,-2610.04345703,877.189758301,-1010.49584961,161.186599731,-196.729187012,-359.833557129,215.567977905,-176.440353394,179.073196411,-63.1018676758,21.1703090668],[2240.33032227,1631.15332031,-412.827789307,-46.5890960693,-12.9762277603,-6.94349575043,46.4025611877,-96.3743667603,54.6415481567,-31.7467365265,22.7668190002,-5.54234218597,-53.2629776001],[-2610.04345703,-412.827789307,1270.74853516,-234.436843872,343.159820557,5.34142017365,37.2159690857,160.257293701,-83.058631897,91.8863830566,-44.8691368103,21.2693538666,8.61352443695],[877.189758301,-46.5890960693,-234.436843872,551.295715332,-144.098739624,104.213195801,4.28356075287,-48.9090194702,78.9781951904,-35.0673027039,54.7235069275,-32.4002914429,12.497836113],[-1010.49584961,-12.9762277603,343.159820557,-144.098739624,322.649139404,8.02548503876,54.0433387756,83.8005523682,-24.2277698517,51.2314834595,-43.2232513428,35.7548370361,-9.69662189484],[161.186599731,-6.94349575043,5.34142017365,104.213195801,8.02548503876,146.964675903,38.9327011108,20.02576828,14.1569051743,-11.4282579422,8.55248260498,-19.2862567902,2.2254049778],[-196.729187012,46.4025611877,37.2159690857,4.28356075287,54.0433387756,38.9327011108,116.844894409,22.7206420898,13.1728010178,2.19798541069,-17.6695976257,5.53977060318,-15.8720397949],[-359.833557129,-96.3743667603,160.257293701,-48.9090194702,83.8005523682,20.02576828,22.7206420898,126.103393555,18.8273181915,25.7725868225,-16.790977478,8.54891300201,17.2266597748],[215.567977905,54.6415481567,-83.058631897,78.9781951904,-24.2277698517,14.1569051743,13.1728010178,18.8273181915,92.2182388306,6.89454221725,9.6583814621,7.15625,0.257174402475],[-176.440353394,-31.7467365265,91.8863830566,-35.0673027039,51.2314834595,-11.4282579422,2.19798541069,25.7725868225,6.89454221725,85.5383987427,25.0651912689,13.6804895401,10.8999242783],[179.073196411,22.7668190002,-44.8691368103,54.7235069275,-43.2232513428,8.55248260498,-17.6695976257,-16.790977478,9.6583814621,25.0651912689,80.327041626,9.81269073486,13.1489105225],[-63.1018676758,-5.54234218597,21.2693538666,-32.4002914429,35.7548370361,-19.2862567902,5.53977060318,8.54891300201,7.15625,13.6804895401,9.81269073486,64.699180603,18.5534858704],[21.1703090668,-53.2629776001,8.61352443695,12.497836113,-9.69662189484,2.2254049778,-15.8720397949,17.2266597748,0.257174402475,10.8999242783,13.1489105225,18.5534858704,69.5828475952]],"icov":[[0.000140652060509,-0.000180370683665,0.000179639086127,-0.000138776711538,0.000289718562271,-0.000210655940464,0.000254974322161,-0.000164159486303,0.000178150512511,-0.000225213952945,0.000206334429095,-0.000241182366153,0.0000276795817626],[-0.000180370683665,0.00100749731064,0.0000272919296549,0.00049574545119,-0.000802561233286,0.000268779636826,-0.000662781589199,0.000855470250826,-0.000921402941458,0.000644364510663,-0.000826898554806,0.000670798181091,0.0001301143202],[0.000179639086127,0.0000272919296549,0.00161079375539,-0.0000549159449292,-0.000710614491254,-0.000296839309158,0.000339427846484,-0.00108315073885,0.00113897386473,-0.000816533807665,0.000119930686196,0.0000312986412609,0.000125439633848],[-0.000138776711538,0.00049574545119,-0.0000549159449292,0.00325758988038,-0.000067786902946,-0.00152626400813,-0.000477771187434,0.00163338170387,-0.0028802275192,0.00127950252499,-0.00181456911378,0.00154218066018,-0.000888690585271],[0.000289718562271,-0.000802561233286,-0.000710614491254,-0.000067786902946,0.00719526316971,-0.00149953691289,-0.00046538488823,-0.00243922718801,0.00210236664861,-0.0035502561368,0.00370828807354,-0.00424407655373,0.00192528939806],[-0.000210655940464,0.000268779636826,-0.000296839309158,-0.00152626400813,-0.00149953691289,0.0102573689073,-0.00355419679545,-0.00159602833446,0.0000496128050145,0.00257339584641,-0.00281362002715,0.00378901534714,-0.00125381269027],[0.000254974322161,-0.000662781589199,0.000339427846484,-0.000477771187434,-0.00046538488823,-0.00355419679545,0.0118279764429,-0.00114828627557,-0.000531189958565,-0.0011687023798,0.00292376149446,-0.00278113712557,0.00286408001557],[-0.000164159486303,0.000855470250826,-0.00108315073885,0.00163338170387,-0.00243922718801,-0.00159602833446,-0.00114828627557,0.0138110844418,-0.00576647836715,-0.000778745627031,0.00125205446966,0.00200777384453,-0.00405318057165],[0.000178150512511,-0.000921402941458,0.00113897386473,-0.0028802275192,0.00210236664861,0.0000496128050145,-0.000531189958565,-0.00576647836715,0.0166792273521,-0.00328702386469,0.00138115871232,-0.00414098333567,0.00251106708311],[-0.000225213952945,0.000644364510663,-0.000816533807665,0.00127950252499,-0.0035502561368,0.00257339584641,-0.0011687023798,-0.000778745627031,-0.00328702386469,0.0183907151222,-0.00888740830123,0.0020606701728,-0.00195653014816],[0.000206334429095,-0.000826898554806,0.000119930686196,-0.00181456911378,0.00370828807354,-0.00281362002715,0.00292376149446,0.00125205446966,0.00138115871232,-0.00888740830123,0.0200496967882,-0.00532007077709,-0.000404098827858],[-0.000241182366153,0.000670798181091,0.0000312986412609,0.00154218066018,-0.00424407655373,0.00378901534714,-0.00278113712557,0.00200777384453,-0.00414098333567,0.0020606701728,-0.00532007077709,0.0222603306174,-0.0067757149227],[0.0000276795817626,0.0001301143202,0.000125439633848,-0.000888690585271,0.00192528939806,-0.00125381269027,0.00286408001557,-0.00405318057165,0.00251106708311,-0.00195653014816,-0.000404098827858,-0.0067757149227,0.0187520049512]],"mean":[-718.967956543,172.447097778,-20.3193855286,40.539100647,10.7791547775,21.6542415619,10.6902713776,-1.67363226414,8.20521068573,4.02111291885,6.2328081131,-1.29655385017,-1.65198040009]},"pitch_salience":{"dmean":0.0961486697197,"dmean2":0.159845784307,"dvar":0.00638640113175,"dvar2":0.0174907408655,"max":0.92660844326,"mean":0.520748317242,"median":0.529936432838,"min":0.0524416007102,"var":0.0187917947769},"silence_rate_20dB":{"dmean":0,"dmean2":0,"dvar":0,"dvar2":0,"max":1,"mean":1,"median":1,"min":1,"var":0},"silence_rate_30dB":{"dmean":0.0472813248634,"dmean2":0.0945728123188,"dvar":0.0450458005071,"dvar2":0.108627185225,"max":1,"mean":0.962179005146,"median":1,"min":0,"var":0.036390569061},"silence_rate_60dB":{"dmean":0.0197721906006,"dmean2":0.0395486280322,"dvar":0.0193812511861,"dvar2":0.041423548013,"max":1,"mean":0.140754267573,"median":0,"min":0,"var":0.120942503214},"spectral_centroid":{"dmean":236.39944458,"dmean2":352.321624756,"dvar":91163.9140625,"dvar2":173088.109375,"max":12241.7421875,"mean":1097.00073242,"median":864.900695801,"min":111.770980835,"var":1324863.75},"spectral_complexity":{"dmean":4.24392843246,"dmean2":5.661257267,"dvar":23.243314743,"dvar2":37.5998153687,"max":67,"mean":17.7549152374,"median":17,"min":0,"var":180.644454956},"spectral_contrast_coeffs":{"dmean":[0.0522421225905,0.048980936408,0.0361298657954,0.0278234370053,0.0243496950716,0.0490471385419],"dmean2":[0.0865870341659,0.0808380767703,0.060055654496,0.0459498055279,0.0375328622758,0.0773272812366],"dvar":[0.00173934642226,0.00157798570581,0.000895135162864,0.000505758740474,0.000505883304868,0.00253069517203],"dvar2":[0.00456015439704,0.00420191045851,0.0024423294235,0.00133868376724,0.00116482598241,0.00605759443715],"max":[-0.385390877724,-0.490625470877,-0.576781272888,-0.620986104012,-0.576885044575,-0.339008361101],"mean":[-0.71268594265,-0.787383973598,-0.826424360275,-0.825846731663,-0.827476143837,-0.752105414867],"median":[-0.718009769917,-0.791511952877,-0.828370809555,-0.822402238846,-0.824901998043,-0.768216788769],"min":[-0.981436371803,-0.978165745735,-0.976545989513,-0.984558999538,-0.972714185715,-0.964726746082],"var":[0.00621291063726,0.00514403358102,0.00308372429572,0.00237382156774,0.00291912001558,0.00958982761949]},"spectral_contrast_valleys":{"dmean":[0.403334021568,0.437069296837,0.401339799166,0.372872918844,0.401215344667,0.728831827641],"dmean2":[0.646673083305,0.667084515095,0.586801052094,0.515249550343,0.529462277889,1.15976440907],"dvar":[0.135924756527,0.172418683767,0.16792331636,0.175218880177,0.201704233885,0.44640827179],"dvar2":[0.282272398472,0.313461989164,0.276038110256,0.282220870256,0.354441344738,1.09404015541],"max":[-4.91486549377,-4.44229602814,-5.03602218628,-4.97930049896,-5.04841804504,-9.01562786102],"mean":[-6.97951936722,-7.12079381943,-7.56765842438,-7.67209148407,-8.19972705841,-11.6974630356],"median":[-6.45183944702,-6.70736789703,-7.13789081573,-7.15137338638,-7.86671161652,-11.3607559204],"min":[-27.8958969116,-28.1144371033,-27.899181366,-27.6632862091,-27.4904155731,-27.3893623352],"var":[5.11252498627,5.25664710999,5.10943984985,5.14965009689,4.89315414429,3.74207496643]},"spectral_decrease":{"dmean":4.71763073051e-9,"dmean2":7.81215447887e-9,"dvar":4.7911935588e-17,"dvar2":1.28018786173e-16,"max":2.16379288513e-28,"mean":-9.73230029899e-9,"median":-7.85305775963e-9,"min":-7.92006034089e-8,"var":8.0516735122e-17},"spectral_energy":{"dmean":0.0183017142117,"dmean2":0.0301271434873,"dvar":0.000703621306457,"dvar2":0.0018653399311,"max":0.303991526365,"mean":0.0397134982049,"median":0.0328211709857,"min":9.71837538024e-21,"var":0.00124742137268},"spectral_energyband_high":{"dmean":0.000246414594585,"dmean2":0.000325061846524,"dvar":8.64487560648e-7,"dvar2":0.00000124578787108,"max":0.0445482246578,"mean":0.000443722208729,"median":0.0000937392687774,"min":7.23844589854e-21,"var":0.00000235726452047},"spectral_energyband_low":{"dmean":0.0155606614426,"dmean2":0.0264866985381,"dvar":0.000610027520452,"dvar2":0.00168474798556,"max":0.279446899891,"mean":0.0251314118505,"median":0.0178158860654,"min":1.62994329796e-23,"var":0.000790060730651},"spectral_energyband_middle_high":{"dmean":0.00215238169767,"dmean2":0.00306319142692,"dvar":0.0000133168141474,"dvar2":0.0000284836351057,"max":0.0795042663813,"mean":0.00462276022881,"median":0.00215862621553,"min":1.19560909901e-21,"var":0.0000382205871574},"spectral_energyband_middle_low":{"dmean":0.00443344097584,"dmean2":0.00677899457514,"dvar":0.0000500508140249,"dvar2":0.000111052147986,"max":0.103898145258,"mean":0.00907508935779,"median":0.00545068318024,"min":1.3687073707e-22,"var":0.000121502227557},"spectral_entropy":{"dmean":0.1921620965,"dmean2":0.29111507535,"dvar":0.038138885051,"dvar2":0.0840247869492,"max":9.8277463913,"mean":7.41997289658,"median":7.48066854477,"min":4.4925994873,"var":0.206499710679},"spectral_flux":{"dmean":0.0312044732273,"dmean2":0.0501240342855,"dvar":0.00147536047734,"dvar2":0.00334269204177,"max":0.451183408499,"mean":0.104215398431,"median":0.0994966626167,"min":6.38586336588e-11,"var":0.00444208644331},"spectral_kurtosis":{"dmean":3.80591511726,"dmean2":5.95614624023,"dvar":25.3256473541,"dvar2":61.1975402832,"max":87.238861084,"mean":14.0444669724,"median":11.8277664185,"min":-1.26148700714,"var":66.2416381836},"spectral_rms":{"dmean":0.00128168752417,"dmean2":0.0020369940903,"dvar":0.00000225094436246,"dvar2":0.00000554991083845,"max":0.0172214135528,"mean":0.00547991273925,"median":0.00565867964178,"min":3.07917862215e-12,"var":0.00000871543215908},"spectral_rolloff":{"dmean":658.326904297,"dmean2":1186.01782227,"dvar":5542939,"dvar2":15157765,"max":21985.4003906,"mean":1286.79345703,"median":538.330078125,"min":43.06640625,"var":8615281},"spectral_skewness":{"dmean":0.317175984383,"dmean2":0.484443485737,"dvar":0.126129746437,"dvar2":0.291749924421,"max":7.41630125046,"mean":2.32808017731,"median":2.20317792892,"min":-0.137391388416,"var":0.590749025345},"spectral_spread":{"dmean":516017.75,"dmean2":800012,"dvar":416474103808,"dvar2":816621879296,"max":42896876,"mean":3637026.25,"median":3155409,"min":985533.8125,"var":13016571576300},"spectral_strongpeak":{"dmean":0.253941595554,"dmean2":0.434320062399,"dvar":0.223214700818,"dvar2":0.592864215374,"max":9.51644229889,"mean":0.34687268734,"median":0.213651612401,"min":0,"var":0.258130013943},"zerocrossingrate":{"dmean":0.0214017350227,"dmean2":0.0278007555753,"dvar":0.000393584981794,"dvar2":0.000664595398121,"max":0.52685546875,"mean":0.104956440628,"median":0.09521484375,"min":0.00146484375,"var":0.00399971799925}},"metadata":{"audio_properties":{"analysis_sample_rate":44100,"bit_rate":320000,"codec":"mp3","downmix":"mix","equal_loudness":0,"length":216.084899902,"lossless":false,"md5_encoded":"741ab78502cfe56959328c8cf91c90a9","replay_gain":1.11665916443,"sample_rate":44100},"tags":{"acoustid_id":["e429e509-9cad-408f-a885-3c87827fcfbc"],"album":["Peace Love Death Metal"],"albumartist":["Eagles of Death Metal"],"artist":["Eagles of Death Metal"],"date":["2004"],"discnumber":["1/1"],"file_name":"12 - Eagles of Death Metal - Whorehoppin’ (Shit, Goddamn).mp3","musicbrainz_albumartistid":["de11b037-d880-40e0-8901-0397c768c457"],"musicbrainz_albumid":["ddf2d79b-2c98-4857-9276-46d1a95cdf1f"],"musicbrainz_artistid":["de11b037-d880-40e0-8901-0397c768c457"],"musicbrainz_recordingid":["49ae18e0-7a61-4831-9444-e8663bc04f74"],"musicbrainz_releasegroupid":["310df18e-d90f-3642-a034-35f28dbbb972"],"replaygain_album_gain":["+0.44 dB"],"replaygain_album_peak":["0.367169"],"replaygain_track_gain":["+2.34 dB"],"replaygain_track_peak":["0.319899"],"title":["Whorehoppin’ (Shit, Goddamn)"],"tracknumber":["12/15"]},"version":{"essentia":"2.1-beta1","essentia_build_sha":"e76a03f03bb3900de42a1fa0d9be1e72f12def64","essentia_git_sha":"v2.1_beta1-28-g21ef5f4-dirty","extractor":"music 1.0"}},"rhythm":{"beats_count":479,"beats_loudness":{"dmean":0.0206550322473,"dmean2":0.0362999811769,"dvar":0.000441887386842,"dvar2":0.00124602811411,"max":0.186612129211,"mean":0.0537326857448,"median":0.0562817566097,"min":0,"var":0.000945329200476},"beats_loudness_band_ratio":{"dmean":[0.2819249928,0.114338636398,0.0992327556014,0.069889202714,0.0512770861387,0.0365677587688],"dmean2":[0.540155351162,0.211481288075,0.191248893738,0.129756048322,0.095372185111,0.0651527196169],"dvar":[0.0306524001062,0.0102189416066,0.00663960119709,0.00381135009229,0.00285153207369,0.00475880177692],"dvar2":[0.101469054818,0.0319395959377,0.019948521629,0.0118244858459,0.00722339609638,0.0137933762744],"max":[0.964129