{"lowlevel":{"average_loudness":0.976984262466,"barkbands":{"dmean":[0.00264324224554,0.00949508883059,0.00419493950903,0.00333543168381,0.00254118582234,0.00187115580775,0.000911816547159,0.000589133123867,0.000764219497796,0.000700844102539,0.000658240751363,0.00111660617404,0.000835662824102,0.000970776251052,0.000687789113726,0.000474023778224,0.000572397897486,0.000378573342459,0.000215302454308,0.000137667389936,0.0000657660275465,0.0000410822867707,0.0000310886389343,0.00000915737564355,0.00000264663117377,0.0000111625095087,0.000210562371649],"dmean2":[0.00452353479341,0.0165795888752,0.00708492426202,0.00556859374046,0.0042335614562,0.00291747669689,0.00152488006279,0.000986031955108,0.00124776351731,0.00118609215133,0.00109606899787,0.00191417802125,0.00144049129449,0.00167183915619,0.00117745064199,0.000830910808872,0.000991353183053,0.000662238453515,0.000356477627065,0.00021500812727,0.000099385069916,0.000061103994085,0.000045876866352,0.0000147731416291,0.0000044562993935,0.0000168094029505,0.000346014741808],"dvar":[0.0000206564873224,0.000161501026014,0.0000291752548947,0.0000194413605641,0.0000086800155259,0.000011338061995,0.0000014740419374,8.40847690142e-7,0.00000182898975254,0.00000124531538859,8.09667085377e-7,0.0000015023628066,7.28378552139e-7,9.38447271892e-7,4.73344357488e-7,4.00551556368e-7,6.09089454429e-7,3.61544579164e-7,9.07754440505e-8,1.03434345533e-7,1.5525635888e-8,6.13971140595e-9,1.69788427762e-9,1.47851175747e-10,1.91153412543e-11,1.93695059991e-10,6.055758206e-8],"dvar2":[0.00005309620974,0.000448121776571,0.0000791415804997,0.0000521535657754,0.0000232893999055,0.0000240058980125,0.00000382664802601,0.00000209717586586,0.00000423778510594,0.00000331823116539,0.00000200765043701,0.00000415293789047,0.00000203065201276,0.00000261568743554,0.00000133342484787,0.0000011525314676,0.00000170143141531,0.00000100820307125,2.24766054657e-7,2.33259314086e-7,3.2285832674e-8,1.31234605405e-8,3.58265728195e-9,3.55830725995e-10,4.80715536821e-11,4.12342299194e-10,1.50629105633e-7],"max":[0.0463069304824,0.117629557848,0.0714739635587,0.0692749172449,0.0669423490763,0.068952947855,0.0307735092938,0.0229368340224,0.0256776083261,0.0209869109094,0.0150207616389,0.0234699193388,0.012822644785,0.0146482242271,0.00773704750463,0.00722081959248,0.00908422935754,0.00747876567766,0.00655065570027,0.00800875481218,0.0040859519504,0.00227548205294,0.00109524221625,0.000202526774956,0.0000707778672222,0.000268628733465,0.00628620758653],"mean":[0.00252381805331,0.0106839472428,0.00560746947303,0.00461488636211,0.00434393435717,0.0028928196989,0.00144372030627,0.000846031180117,0.0011767562246,0.00102385657374,0.00102745450567,0.0020474891644,0.00157158530783,0.00183034338988,0.00141298712697,0.000862956396304,0.00105070997961,0.000631952076219,0.000442854245193,0.000299460632959,0.000170254046679,0.000101876205008,0.0000757000452722,0.0000149176621562,0.00000257864940068,0.0000257286192209,0.000858704850543],"median":[0.00115931604523,0.00671549513936,0.00354839442298,0.00274467654526,0.00331523595378,0.00159797875676,0.00106807018165,0.000556387647521,0.000707011611667,0.000680672412273,0.000696873292327,0.00167642324232,0.00132443476468,0.00156303413678,0.00124998029787,0.000723246135749,0.000824688351713,0.000458005903056,0.000356770120561,0.000218270157347,0.000127627106849,0.0000824072048999,0.0000609485905443,0.0000103112934084,0.00000102051023987,0.0000205689211725,0.000797262939159],"min":[4.79945183547e-23,2.43182025035e-23,8.71995090604e-24,4.81490751387e-23,2.28690997305e-23,7.00097645077e-23,4.34902424927e-23,2.57459618558e-23,4.68231261748e-23,1.17716285523e-22,1.16263203736e-22,1.69948028235e-22,5.14449202235e-23,6.76545350782e-23,2.0697057056e-22,1.2012555508e-22,3.13840296315e-22,1.65728480673e-22,1.6632054287e-22,2.89963407846e-22,4.06861764517e-22,5.76481222719e-22,7.2938266099e-22,8.23032744048e-22,1.04041963595e-21,1.84969136415e-21,2.6735755731e-21],"var":[0.0000176620305865,0.000143044089782,0.0000386253304896,0.0000298737159028,0.0000147973696585,0.0000219403682422,0.00000224643849833,0.00000120828576655,0.00000296531220556,0.00000161178854796,0.00000135388688705,0.00000242415103457,0.00000122596429719,0.00000148096489738,7.46118928419e-7,4.05125319958e-7,7.79969468567e-7,4.05060859521e-7,1.61974043067e-7,1.73065771492e-7,3.66790686712e-8,1.29732358189e-8,4.20099643961e-9,2.42093345371e-10,1.90689426055e-11,4.70517458329e-10,2.15156248373e-7]},"barkbands_crest":{"dmean":2.65440368652,"dmean2":4.52896785736,"dvar":5.58274650574,"dvar2":15.9337043762,"max":23.5267601013,"mean":7.51998710632,"median":6.97441959381,"min":2.40610074997,"var":8.76872158051},"barkbands_flatness_db":{"dmean":0.0189359225333,"dmean2":0.0308106653392,"dvar":0.00027661639615,"dvar2":0.00071452598786,"max":0.341630011797,"mean":0.0974958986044,"median":0.0911898910999,"min":0.0342702753842,"var":0.0010655799415},"barkbands_kurtosis":{"dmean":1.60518372059,"dmean2":2.67604970932,"dvar":4.25870323181,"dvar2":11.0182905197,"max":42.2646484375,"mean":1.91217970848,"median":1.17735099792,"min":-1.96504557133,"var":7.74072217941},"barkbands_skewness":{"dmean":0.460367560387,"dmean2":0.762576520443,"dvar":0.16640996933,"dvar2":0.470267593861,"max":5.8285112381,"mean":1.32530152798,"median":1.26518464088,"min":-3.35424113274,"var":0.42874366045},"barkbands_spread":{"dmean":6.11377906799,"dmean2":9.97879123688,"dvar":50.4683036804,"dvar2":158.09197998,"max":143.750778198,"mean":33.0256385803,"median":32.6025886536,"min":2.35830211639,"var":148.211746216},"dissonance":{"dmean":0.00955859199166,"dmean2":0.0163999833167,"dvar":0.0000814877130324,"dvar2":0.000225276700803,"max":0.5,"mean":0.485051900148,"median":0.487436443567,"min":0.359756588936,"var":0.000116263254313},"dynamic_complexity":1.65146052837,"erbbands":{"dmean":[0.328810930252,2.02306175232,4.78587532043,7.4657907486,9.96580028534,9.65902233124,9.33948135376,18.3620452881,12.3739881516,12.8842802048,13.2158498764,16.5154762268,20.688615799,21.2731761932,30.0619773865,44.3181610107,36.2849121094,42.4542579651,38.1270332336,32.2361717224,25.2671852112,29.9073600769,21.7752227783,13.4674339294,9.25058460236,6.91586685181,3.34422063828,2.41634130478,1.64381492138,1.03182017803,0.86432492733,0.373049587011,0.0586626417935,0.03001178056,0.0187241882086,0.0118741588667,0.0267528370023,0.0162782687694,0.00792895350605,0.00452062766999],"dmean2":[0.579514324665,3.52947306633,8.07351398468,12.5033159256,16.8031806946,16.0016822815,15.447930336,28.4082012177,20.4624233246,21.4144992828,22.0773963928,27.0335292816,34.6786231995,35.1460609436,49.7330513,76.0295333862,62.3642730713,73.2121582031,65.3222122192,55.1637687683,44.2583999634,52.3545227051,38.0795822144,22.7663002014,14.9862384796,10.8246154785,5.10170698166,3.68899297714,2.45252728462,1.53638398647,1.28948950768,0.578884661198,0.0964840501547,0.0504566915333,0.0314877703786,0.0196884516627,0.040603172034,0.0232060272247,0.0112136267126,0.00744144711643],"dvar":[0.248148620129,7.71914577484,40.7312393188,84.0449829102,183.731887817,130.389358521,264.764862061,1234.25244141,374.813537598,315.31918335,404.139373779,1014.44262695,1273.1862793,1077.42614746,1453.78662109,2255.80810547,1341.44250488,1896.16992188,1422.87121582,1165.99023438,1252.02026367,1893.82629395,1185.92675781,359.670379639,279.901123047,227.658401489,33.2251701355,23.6316280365,10.2827205658,2.75035071373,1.22511804104,0.240042418242,0.00937632098794,0.00245289225131,0.000946547370404,0.000330837763613,0.00119720899966,0.000540878390893,0.000201242393814,0.0000290873813356],"dvar2":[0.68387556076,21.4331970215,110.45639801,224.297424316,498.413360596,355.397766113,642.757751465,2559.32055664,968.918151855,806.594116211,992.964477539,2412.75976562,3268.69873047,2772.60205078,3657.53881836,6316.28808594,3755.62719727,5205.94921875,4013.64086914,3249.61767578,3622.20581055,5362.3671875,3326.20800781,961.226379395,676.023925781,513.682128906,71.0726547241,50.2168617249,22.5958251953,6.12801170349,2.63045215607,0.550333499908,0.022864991799,0.00616720598191,0.00237883231603,0.000817799358629,0.00263920007274,0.00103486841545,0.000359815399861,0.0000716145514161],"max":[4.61310815811,30.1594867706,73.6646652222,139.283233643,320.04083252,169.103622437,468.889984131,814.978942871,534.653747559,335.11730957,402.02520752,676.585510254,830.758850098,597.60144043,766.786132812,624.650878906,600.585021973,584.030578613,591.439941406,379.462158203,435.89465332,484.330841064,439.044586182,263.609344482,509.355285645,393.866668701,194.068466187,123.794960022,103.173194885,53.4402923584,20.809928894,7.77671384811,2.50518488884,0.803801953793,0.49815222621,0.304047048092,0.641955554485,0.59592294693,0.307357728481,0.153047174215],"mean":[0.344138920307,2.24540328979,6.42942667007,11.6495113373,15.089094162,15.6059274673,15.0368881226,27.0927600861,20.6789455414,20.537984848,20.3529624939,25.5286045074,31.4383182526,33.8887214661,55.4743347168,85.2937850952,74.9532623291,84.4463882446,83.9390869141,67.474357605,50.3279380798,55.057888031,38.1025543213,26.4853134155,18.753534317,14.8554964066,8.55542087555,6.00049495697,4.02520370483,2.63201832771,2.00157284737,0.737251937389,0.0743036568165,0.0301914606243,0.0186492856592,0.0143628586084,0.058613024652,0.0491699501872,0.0292515885085,0.0238404404372],"median":[0.205782800913,1.31750679016,4.12019586563,8.17006206512,10.3512926102,11.3351898193,9.59035110474,14.2155132294,14.5933046341,14.7146863937,13.6645956039,15.4807243347,20.9503822327,22.5555400848,41.849319458,71.1817321777,64.2664337158,72.3711700439,74.7856216431,59.4706916809,43.1129760742,43.7124176025,28.7742347717,21.0878124237,14.287976265,10.8954658508,6.46547031403,4.51025247574,3.21906638145,2.20675230026,1.57948327065,0.544727921486,0.0420007444918,0.0124771352857,0.0076779355295,0.00794598646462,0.0450185090303,0.0422815196216,0.0249394048005,0.0209669787437],"min":[1.19959142032e-21,3.82714416664e-21,1.46501942133e-20,8.29120221842e-20,1.11499603874e-19,8.75454808478e-20,3.02828108069e-19,5.44127110057e-19,7.42014872166e-19,5.52339462576e-19,6.10744772773e-19,7.62876935902e-19,2.23734467915e-18,5.55822068731e-18,5.60138669398e-18,5.74334743071e-18,2.42700706064e-18,4.14626722225e-18,8.4445354995e-18,8.20079763303e-18,1.101734431e-17,1.26750721602e-17,8.38756178045e-18,9.70778753302e-18,9.5298039078e-18,1.50707195631e-17,1.81907224109e-17,1.28322753541e-17,2.21207915044e-17,2.22965012101e-17,1.90628503636e-17,1.73890487397e-17,1.52084137022e-17,1.06540093619e-17,7.87185602755e-18,6.50321208501e-18,3.10163158e-18,1.38173645388e-18,3.93714784669e-19,3.85520061436e-20],"var":[0.197708547115,7.14698648453,48.5204391479,133.63168335,267.405548096,214.072799683,519.367248535,2226.6171875,622.363342285,439.498962402,625.051574707,1518.7175293,1753.42956543,1711.61938477,2833.9597168,3770.96191406,2443.31225586,2994.91210938,2315.00219727,1761.41894531,1277.17028809,2062.64160156,1299.3458252,555.504821777,464.216247559,393.506835938,81.9073562622,49.6336975098,21.0153827667,5.82627916336,2.96906256676,0.484485030174,0.0108122052625,0.00245780218393,0.00095012789825,0.000370727619156,0.00268920394592,0.00162790191825,0.000650224566925,0.000201108297915]},"erbbands_crest":{"dmean":1.73878109455,"dmean2":2.97205734253,"dvar":2.48735165596,"dvar2":6.84186410904,"max":23.0926780701,"mean":6.37585353851,"median":5.90653991699,"min":2.82207250595,"var":4.23261594772},"erbbands_flatness_db":{"dmean":0.01478977222,"dmean2":0.0237887371331,"dvar":0.000153936081915,"dvar2":0.000383821636206,"max":0.278061747551,"mean":0.141849324107,"median":0.139136776328,"min":0.0743422210217,"var":0.000505126488861},"erbbands_kurtosis":{"dmean":0.638945639133,"dmean2":1.06334400177,"dvar":0.320687532425,"dvar2":0.842257082462,"max":6.52812957764,"mean":0.379551738501,"median":0.275989770889,"min":-1.64847230911,"var":0.838502943516},"erbbands_skewness":{"dmean":0.256494671106,"dmean2":0.416120529175,"dvar":0.0453573763371,"dvar2":0.115912884474,"max":1.7340079546,"mean":-0.437850743532,"median":-0.455123871565,"min":-2.44479846954,"var":0.166319087148},"erbbands_spread":{"dmean":5.38087415695,"dmean2":8.7950925827,"dvar":18.9072132111,"dvar2":50.2291755676,"max":59.7859687805,"mean":28.8186569214,"median":28.3478107452,"min":9.17881298065,"var":53.51512146},"gfcc":{"cov":[[8671.82421875,781.309570312,-601.595031738,75.4437713623,107.602386475,-425.382904053,323.992034912,-478.389404297,264.306030273,-278.320648193,1.65114057064,96.0706863403,-153.467559814],[781.309570312,714.76373291,-61.2274398804,-84.2768936157,151.784133911,-47.0328140259,40.0617294312,-81.9163818359,31.0107707977,-39.7369804382,27.2282829285,-54.6424865723,15.2454624176],[-601.595031738,-61.2274398804,183.368881226,24.6673336029,-32.9060096741,99.9382553101,-90.24659729,77.2573165894,-38.8147659302,33.7050170898,-13.482550621,-18.078207016,12.6007137299],[75.4437713623,-84.2768936157,24.6673336029,118.965713501,29.4896812439,-10.9936103821,27.5608406067,-13.611284256,10.2783117294,-11.990945816,-12.6459131241,13.166425705,-32.5998764038],[107.602386475,151.784133911,-32.9060096741,29.4896812439,130.351501465,13.3544931412,32.7216873169,-8.63636302948,1.03638231754,-17.0584564209,15.0862855911,-18.4323921204,2.49953699112],[-425.382904053,-47.0328140259,99.9382553101,-10.9936103821,13.3544931412,144.955718994,-49.5624961853,81.2584457397,-45.6452980042,24.9186954498,0.189888089895,-13.643825531,19.9130802155],[323.992034912,40.0617294312,-90.24659729,27.5608406067,32.7216873169,-49.5624961853,132.148269653,-58.3279190063,50.1091461182,-31.596031189,0.985879182816,21.1162548065,-27.0377635956],[-478.389404297,-81.9163818359,77.2573165894,-13.611284256,-8.63636302948,81.2584457397,-58.3279190063,146.91973877,-32.7241821289,44.792098999,7.32024002075,-17.7818527222,40.1991500854],[264.306030273,31.0107707977,-38.8147659302,10.2783117294,1.03638231754,-45.6452980042,50.1091461182,-32.7241821289,91.2917480469,-0.5097463727,8.13002204895,24.2358322144,-30.5974521637],[-278.320648193,-39.7369804382,33.7050170898,-11.990945816,-17.0584564209,24.9186954498,-31.596031189,44.792098999,-0.5097463727,65.4265213013,23.4301280975,-4.60428714752,23.9167804718],[1.65114057064,27.2282829285,-13.482550621,-12.6459131241,15.0862855911,0.189888089895,0.985879182816,7.32024002075,8.13002204895,23.4301280975,41.3472824097,16.3151035309,12.3094892502],[96.0706863403,-54.6424865723,-18.078207016,13.166425705,-18.4323921204,-13.643825531,21.1162548065,-17.7818527222,24.2358322144,-4.60428714752,16.3151035309,53.7003059387,2.4634141922],[-153.467559814,15.2454624176,12.6007137299,-32.5998764038,2.49953699112,19.9130802155,-27.0377635956,40.1991500854,-30.5974521637,23.9167804718,12.3094892502,2.4634141922,65.0439224243]],"icov":[[0.000245003524469,-0.000479767011711,0.00149898638483,-0.00158190669026,0.00146410230082,-0.000949025619775,0.00062557606725,0.000247993768426,-0.000883991539013,0.00123407144565,-0.000919157406315,0.000883385771886,-0.000780781731009],[-0.000479767011711,0.00484682107344,-0.00680524576455,0.00800828821957,-0.00812717247754,0.00451455265284,-0.00227668276057,0.00174369325396,-0.00026570042246,0.000298710219795,-0.00105424667709,0.00183773820754,-0.000134681817144],[0.00149898638483,-0.00680524576455,0.0323349535465,-0.0272125247866,0.0242045894265,-0.0220758337528,0.0140119753778,0.000592584954575,-0.0105908475816,0.00943864136934,-0.00800219271332,0.0138593874872,-0.0109476521611],[-0.00158190669026,0.00800828821957,-0.0272125247866,0.0432518050075,-0.0350979417562,0.0240707211196,-0.0121320718899,-0.00381657108665,0.0169262420386,-0.021949166432,0.0263095218688,-0.0298644267023,0.0248202979565],[0.00146410230082,-0.00812717247754,0.0242045894265,-0.0350979417562,0.0432241633534,-0.0243697986007,0.0068831932731,0.00335705396719,-0.0157828219235,0.0257446281612,-0.0317551121116,0.0329232141376,-0.0224625617266],[-0.000949025619775,0.00451455265284,-0.0220758337528,0.0240707211196,-0.0243697986007,0.029593301937,-0.00829931162298,-0.00767603097484,0.0158271510154,-0.0154257398099,0.0165691748261,-0.021446114406,0.0170081108809],[0.00062557606725,-0.00227668276057,0.0140119753778,-0.0121320718899,0.0068831932731,-0.00829931162298,0.018970509991,0.00230102217756,-0.010022119619,0.00776500534266,-0.00362433888949,0.0043359072879,-0.00509350793436],[0.000247993768426,0.00174369325396,0.000592584954575,-0.00381657108665,0.00335705396719,-0.00767603097484,0.00230102217756,0.0159847475588,-0.00644382741302,0.00299287890084,-0.00797680392861,0.0121782263741,-0.0116361668333],[-0.000883991539013,-0.00026570042246,-0.0105908475816,0.0169262420386,-0.0157828219235,0.0158271510154,-0.010022119619,-0.00644382741302,0.0334160961211,-0.0248789899051,0.0208682585508,-0.0307483728975,0.0261718016118],[0.00123407144565,0.000298710219795,0.00943864136934,-0.021949166432,0.0257446281612,-0.0154257398099,0.00776500534266,0.00299287890084,-0.0248789899051,0.0574771948159,-0.0492444895208,0.0420036762953,-0.0299855433404],[-0.000919157406315,-0.00105424667709,-0.00800219271332,0.0263095218688,-0.0317551121116,0.0165691748261,-0.00362433888949,-0.00797680392861,0.0208682585508,-0.0492444895208,0.0812195390463,-0.0560369230807,0.0270614810288],[0.000883385771886,0.00183773820754,0.0138593874872,-0.0298644267023,0.0329232141376,-0.021446114406,0.0043359072879,0.0121782263741,-0.0307483728975,0.0420036762953,-0.0560369230807,0.0753524675965,-0.0385811552405],[-0.000780781731009,-0.000134681817144,-0.0109476521611,0.0248202979565,-0.0224625617266,0.0170081108809,-0.00509350793436,-0.0116361668333,0.0261718016118,-0.0299855433404,0.0270614810288,-0.0385811552405,0.0485318377614]],"mean":[50.8397827148,97.3664093018,-113.462242126,8.62082481384,-4.41080522537,-14.7559661865,-0.257858932018,-28.7027397156,2.1851272583,-12.2082223892,-4.89033937454,-0.00762040307745,-15.6075868607]},"hfc":{"dmean":22.5766372681,"dmean2":36.0527076721,"dvar":622.856262207,"dvar2":1494.46618652,"max":568.486633301,"mean":128.051071167,"median":116.734146118,"min":1.2282900207e-16,"var":4169.23046875},"melbands":{"dmean":[0.00280532590114,0.00246704695746,0.00132704689167,0.000640593701974,0.000329327274812,0.000386054627597,0.000186601479072,0.000134756919579,0.000113901034638,0.000107950087113,0.000106372055598,0.0000892291936907,0.0000926427019294,0.000126599363284,0.000112276262371,0.0000732172848075,0.000090131732577,0.0000717421789886,0.0000510336540174,0.0000380279925594,0.0000324456159433,0.0000355897209374,0.0000243627928285,0.0000178846548806,0.0000112347852337,0.00000841271048557,0.0000055610689742,0.00000474952184959,0.00000246356080424,0.00000177305071247,0.00000152277493726,0.00000109666734716,7.05165518866e-7,6.20335129042e-7,5.54019038645e-7,4.42273972112e-7,1.51839714135e-7,4.20674588497e-8,2.78428693434e-8,2.43451854232e-8],"dmean2":[0.0048997849226,0.00415555201471,0.00221610907465,0.00106947461609,0.000542976777069,0.00059674133081,0.000307874084683,0.000223468188778,0.000189881757251,0.000176368441316,0.000178496426088,0.000148210470797,0.000154153240146,0.000216075000935,0.000192102423171,0.000125858612591,0.000156009322382,0.000123325909954,0.0000871683951118,0.0000658282151562,0.0000566329108551,0.0000618856065557,0.0000428929924965,0.0000309452298097,0.0000190565715457,0.0000138190644066,0.0000089165114332,0.00000753559197619,0.0000038500897972,0.00000277569529317,0.00000237913877754,0.00000167796076767,0.00000109155485006,9.47740375068e-7,8.42501378884e-7,6.85730469741e-7,2.42984782517e-7,7.04020308717e-8,4.68520084951e-8,4.0995292494e-8],"dvar":[0.0000154625122377,0.0000108334479592,0.00000266388383352,5.55416079351e-7,2.35463076592e-7,5.09520532432e-7,7.26159541387e-8,3.62911229956e-8,2.95310584875e-8,4.38384368806e-8,3.30662608405e-8,1.91886755374e-8,1.39792684095e-8,2.10112531818e-8,1.3538078214e-8,5.62279289795e-9,8.65342020262e-9,5.19573806201e-9,2.7543622938e-9,1.94330773695e-9,1.95373472955e-9,2.45126363652e-9,1.51294921036e-9,7.84164233547e-10,2.38992214907e-10,1.43644637851e-10,2.58702309575e-10,9.51699968832e-11,1.39813100333e-11,1.49313113956e-11,1.02848675756e-11,4.90115587004e-12,1.45670313919e-12,9.84305410616e-13,5.0820827581e-13,3.3117166778e-13,4.93458186368e-14,6.88415439969e-15,2.11680161552e-15,1.62802146506e-15],"dvar2":[0.0000426773876825,0.000029451051887,0.00000714791667633,0.00000149603749833,5.83874111726e-7,0.00000106007075829,1.87796473483e-7,9.15402864621e-8,7.10248357905e-8,1.038777242e-7,8.5102286107e-8,4.96395706762e-8,3.50572939567e-8,5.80655736826e-8,3.79830815689e-8,1.55958517212e-8,2.38843806954e-8,1.47445540222e-8,7.65581553708e-9,5.5183306813e-9,5.60698154572e-9,6.85664147682e-9,4.28178070777e-9,2.17683893133e-9,6.40092145954e-10,3.57463086909e-10,6.34116648079e-10,2.18510320948e-10,3.26279697704e-11,3.18742948702e-11,2.30914991989e-11,1.09359439907e-11,3.36925929864e-12,2.28879155212e-12,1.11343475672e-12,7.65043681617e-13,1.17502158719e-13,1.69897377281e-14,5.31771265341e-15,4.09607049139e-15],"max":[0.0373631604016,0.0339177325368,0.023449651897,0.0163900908083,0.0120443962514,0.0160957686603,0.00719404825941,0.00461239367723,0.00402339408174,0.00423655798659,0.00405936595052,0.00232107099146,0.00203346041963,0.00309801474214,0.00221124337986,0.00120564643294,0.00120609579608,0.00132621603552,0.000762906216551,0.000521075038705,0.000519964436535,0.00055024609901,0.000522516085766,0.000457537389593,0.00022820814047,0.000273851124803,0.000576957245357,0.000329588365275,0.00010465408559,0.000160960422363,0.0000969383181655,0.0000705215497874,0.000036537185224,0.0000352872229996,0.0000113456026156,0.0000110710216177,0.0000035920920709,0.00000248202195507,7.44584895074e-7,6.53252925531e-7],"mean":[0.00312886177562,0.00331543735228,0.00218675821088,0.00109090970363,0.000561428023502,0.000589031202253,0.000314156961394,0.000212822429603,0.000170639701537,0.000163234566571,0.000156888621859,0.000133627807372,0.000157552043675,0.000228465476539,0.000210308746318,0.000138888543006,0.00016414631682,0.000142996621435,0.000102908663393,0.0000719318850315,0.0000585620837228,0.0000628495035926,0.0000395275201299,0.0000295100653602,0.0000205889082281,0.0000160162926477,0.000010506288163,0.0000096687426776,0.00000570281645196,0.00000399617465519,0.00000334334094987,0.00000243676208811,0.00000162661206105,0.00000141263649311,0.00000120097683975,9.18363866731e-7,2.4225576567e-7,4.03875120014e-8,2.68794710934e-8,2.35721149267e-8],"median":[0.00196763081476,0.00219317991287,0.00157849676907,0.000832597899716,0.000387573381886,0.000321443687426,0.000229606725043,0.000151371350512,0.000111661116534,0.0000948626329773,0.000103392623714,0.000085809151642,0.000112216017442,0.000182192510692,0.000173663647729,0.000118453899631,0.000137453302159,0.000124517668155,0.0000909549926291,0.0000621962535661,0.0000480025337311,0.0000483961448481,0.0000302362495859,0.0000213388229895,0.0000159623232321,0.000012376783161,0.00000711351094651,0.00000698150824974,0.0000043418694986,0.00000283630720332,0.00000245430010182,0.00000186531201507,0.0000013186098613,0.00000115175930659,9.39293840929e-7,6.96493600572e-7,1.59377037789e-7,1.38083198209e-8,1.01959694021e-8,9.16530140671e-9],"min":[1.06171858378e-23,6.22923224947e-24,1.6462795029e-23,6.04320346523e-24,8.61725778226e-24,1.27727372172e-23,1.13580650673e-23,6.11449795283e-24,5.05330609148e-24,5.55911108213e-24,1.12119940601e-23,2.22962226302e-23,1.66670090293e-23,2.2756701251e-23,6.19790816064e-24,5.62064065502e-24,7.65643308831e-24,1.18829502367e-23,1.341724131e-23,7.90993038476e-24,1.59627108577e-23,1.37316071139e-23,1.10758059023e-23,8.46209673081e-24,7.74480365349e-24,6.51821448159e-24,8.13469421159e-24,1.04745755633e-23,9.7953631685e-24,1.06230423411e-23,6.62399007935e-24,1.17597901167e-23,1.20996219283e-23,1.19299142818e-23,1.0608689017e-23,1.19449554927e-23,1.02628792174e-23,1.04072944056e-23,1.13845439724e-23,7.64959918629e-24],"var":[0.0000129378249767,0.0000122255796668,0.00000429405690738,9.41248231356e-7,4.59591262825e-7,9.53759354161e-7,1.22030684224e-7,5.15683247215e-8,4.70271928066e-8,6.62145680508e-8,4.49625829901e-8,2.93047879296e-8,2.5530543013e-8,3.35834648979e-8,2.44940281391e-8,8.88925999476e-9,1.29146506822e-8,7.92115706361e-9,4.24270130139e-9,2.40919395544e-9,2.09501904713e-9,2.92040702732e-9,1.45189171796e-9,9.19317122428e-10,3.59987234466e-10,2.45768155827e-10,3.3898037155e-10,1.62403326898e-10,3.27082215479e-11,2.81048240236e-11,1.79597309247e-11,9.16617389629e-12,2.82598120252e-12,1.82084881027e-12,1.14414055487e-12,6.83042056075e-13,7.80801340467e-14,6.82408705824e-15,2.11915255546e-15,1.61937527037e-15]},"melbands_crest":{"dmean":4.26868343353,"dmean2":7.28218698502,"dvar":13.3183460236,"dvar2":38.2305984497,"max":37.5131149292,"mean":13.2508220673,"median":12.6986045837,"min":2.15888237953,"var":21.4100418091},"melbands_flatness_db":{"dmean":0.0280272942036,"dmean2":0.0455246865749,"dvar":0.000545228598639,"dvar2":0.0014218094293,"max":0.499849379063,"mean":0.200611248612,"median":0.194947257638,"min":0.00489771692082,"var":0.00213349470869},"melbands_kurtosis":{"dmean":3.55130386353,"dmean2":5.95081806183,"dvar":17.3729076385,"dvar2":45.702922821,"max":75.7959289551,"mean":4.99808311462,"median":3.56810045242,"min":-1.8306735754,"var":31.420501709},"melbands_skewness":{"dmean":0.652993083,"dmean2":1.08001410961,"dvar":0.312654525042,"dvar2":0.867722153664,"max":7.60247898102,"mean":2.07458376884,"median":1.97448897362,"min":-0.320837199688,"var":0.771465837955},"melbands_spread":{"dmean":8.19264698029,"dmean2":13.6179161072,"dvar":101.134483337,"dvar2":326.396636963,"max":306.38394165,"mean":28.9910030365,"median":26.4607887268,"min":1.81459653378,"var":404.407775879},"mfcc":{"cov":[[4320.04052734,297.967407227,-323.994537354,353.036254883,-212.248306274,158.564544678,-187.916671753,177.356933594,-82.5908737183,27.130815506,-75.9101715088,46.3003730774,18.9000320435],[297.967407227,671.537658691,-82.3443603516,-1.31588196754,72.2587203979,38.4823684692,30.3652744293,-19.3210391998,3.37986779213,14.3031044006,18.9556007385,-7.27956724167,-3.66125679016],[-323.994537354,-82.3443603516,227.156951904,-95.7663955688,80.5184860229,-44.0739059448,22.1811752319,-37.6406440735,22.3788547516,-0.753223061562,6.56726121902,-7.90764904022,-3.48657417297],[353.036254883,-1.31588196754,-95.7663955688,200.491165161,-69.3821182251,68.6655883789,-57.8047676086,52.042804718,-35.6719360352,25.1205444336,-22.6049404144,11.8124275208,-2.48457503319],[-212.248306274,72.2587203979,80.5184860229,-69.3821182251,187.707931519,-39.659954071,86.1712036133,-37.0088806152,37.9413642883,-17.2069129944,33.5404243469,-6.27306079865,-1.33930540085],[158.564544678,38.4823684692,-44.0739059448,68.6655883789,-39.659954071,118.660392761,-28.6459255219,48.7526168823,-36.0648841858,24.0744247437,-24.769109726,11.4243040085,-2.89178371429],[-187.916671753,30.3652744293,22.1811752319,-57.8047676086,86.1712036133,-28.6459255219,130.502990723,-24.6950950623,41.9496612549,-26.5052757263,26.4106502533,-18.3291778564,-3.12078619003],[177.356933594,-19.3210391998,-37.6406440735,52.042804718,-37.0088806152,48.7526168823,-24.6950950623,98.7028656006,-14.7264204025,25.3167114258,-20.8511276245,12.6621370316,-6.97003364563],[-82.5908737183,3.37986779213,22.3788547516,-35.6719360352,37.9413642883,-36.0648841858,41.9496612549,-14.7264204025,62.5091514587,-4.71977758408,20.7356700897,-7.41484737396,2.03200221062],[27.130815506,14.3031044006,-0.753223061562,25.1205444336,-17.2069129944,24.0744247437,-26.5052757263,25.3167114258,-4.71977758408,55.323802948,4.38948011398,13.8313932419,-1.69818019867],[-75.9101715088,18.9556007385,6.56726121902,-22.6049404144,33.5404243469,-24.769109726,26.4106502533,-20.8511276245,20.7356700897,4.38948011398,50.5168380737,9.88891124725,6.47244596481],[46.3003730774,-7.27956724167,-7.90764904022,11.8124275208,-6.27306079865,11.4243040085,-18.3291778564,12.6621370316,-7.41484737396,13.8313932419,9.88891124725,39.523525238,13.9182472229],[18.9000320435,-3.66125679016,-3.48657417297,-2.48457503319,-1.33930540085,-2.89178371429,-3.12078619003,-6.97003364563,2.03200221062,-1.69818019867,6.47244596481,13.9182472229,33.679901123]],"icov":[[0.000309863884468,-0.000169174265466,0.000130141314003,-0.000353706127498,0.0000797860338935,0.0000548066163901,0.000265657989075,-0.000368799315766,-0.000131258813781,0.000359517784091,0.000110018023406,-0.000136146962177,-0.000187558136531],[-0.000169174265466,0.00199327245355,0.0012328029843,0.000643278413918,-0.00139194226358,-0.00104043271858,0.000147739818203,0.00104778888635,0.0000594709454163,-0.00129040144384,-0.000213871244341,0.000885554298293,0.000179032183951],[0.000130141314003,0.0012328029843,0.00758293177933,0.00269996002316,-0.00357885216363,0.000124266996863,0.00166220089886,0.00168799003586,-0.000571066047996,-0.00300757610239,0.00253915530629,0.000509289675392,0.000601236184593],[-0.000353706127498,0.000643278413918,0.00269996002316,0.00868446659297,-0.000416432711063,-0.00261509371921,0.00175587541889,-0.000633336021565,0.000764661643188,-0.00188853882719,0.000215889667743,0.000765878241509,0.000479767331854],[0.0000797860338935,-0.00139194226358,-0.00357885216363,-0.000416432711063,0.0105318827555,0.000682705605868,-0.00516350660473,0.0000451181840617,-0.000612017756794,0.00169857928995,-0.00259353802539,-0.00227954587899,0.000974024354946],[0.0000548066163901,-0.00104043271858,0.000124266996863,-0.00261509371921,0.000682705605868,0.0149850109592,-0.00252133444883,-0.00363749195822,0.00561947748065,-0.0037422364112,0.00452071940526,-0.00228571984917,-0.000448462640634],[0.000265657989075,0.000147739818203,0.00166220089886,0.00175587541889,-0.00516350660473,-0.00252133444883,0.0158113967627,-0.0014226520434,-0.00585964461789,0.00532111525536,-0.00489364052191,0.00539646809921,0.000249609409366],[-0.000368799315766,0.00104778888635,0.00168799003586,-0.000633336021565,0.0000451181840617,-0.00363749195822,-0.0014226520434,0.0169456675649,-0.00198119878769,-0.00582693284377,0.00627833185717,-0.00530434213579,0.00432464247569],[-0.000131258813781,0.0000594709454163,-0.000571066047996,0.000764661643188,-0.000612017756794,0.00561947748065,-0.00585964461789,-0.00198119878769,0.025569004938,-0.00342944380827,-0.00506109464914,0.00431812182069,-0.00294480868615],[0.000359517784091,-0.00129040144384,-0.00300757610239,-0.00188853882719,0.00169857928995,-0.0037422364112,0.00532111525536,-0.00582693284377,-0.00342944380827,0.0280257817358,-0.00813274085522,-0.00459697470069,0.00332333520055],[0.000110018023406,-0.000213871244341,0.00253915530629,0.000215889667743,-0.00259353802539,0.00452071940526,-0.00489364052191,0.00627833185717,-0.00506109464914,-0.00813274085522,0.034115858376,-0.0122696580365,-0.000265828508418],[-0.000136146962177,0.000885554298293,0.000509289675392,0.000765878241509,-0.00227954587899,-0.00228571984917,0.00539646809921,-0.00530434213579,0.00431812182069,-0.00459697470069,-0.0122696580365,0.0410098843277,-0.0156844574958],[-0.000187558136531,0.000179032183951,0.000601236184593,0.000479767331854,0.000974024354946,-0.000448462640634,0.000249609409366,0.00432464247569,-0.00294480868615,0.00332333520055,-0.000265828508418,-0.0156844574958,0.0377099178731]],"mean":[-604.251037598,156.923522949,-41.6844711304,38.6776390076,0.427214503288,31.4043598175,-7.53096961975,13.09486866,-10.4494371414,6.76305007935,-3.26040005684,3.8940372467,0.212643384933]},"pitch_salience":{"dmean":0.0759225413203,"dmean2":0.129917815328,"dvar":0.00458266260102,"dvar2":0.0129974121228,"max":0.83367305994,"mean":0.649825394154,"median":0.66421598196,"min":0.116576075554,"var":0.00691217137501},"silence_rate_20dB":{"dmean":0,"dmean2":0,"dvar":0,"dvar2":0,"max":1,"mean":1,"median":1,"min":1,"var":0},"silence_rate_30dB":{"dmean":0.012111293152,"dmean2":0.0242265518755,"dvar":0.0119635071605,"dvar2":0.0321480073035,"max":1,"mean":0.992145299911,"median":1,"min":0,"var":0.00779256084934},"silence_rate_60dB":{"dmean":0.000327332236338,"dmean2":0.000654771632981,"dvar":0.000327237095917,"dvar2":0.000654390838463,"max":1,"mean":0.0109638357535,"median":0,"min":0,"var":0.010843584314},"spectral_centroid":{"dmean":224.991348267,"dmean2":354.718688965,"dvar":49015.7421875,"dvar2":104596.5,"max":10623.7226562,"mean":1427.36889648,"median":1394.65368652,"min":236.473205566,"var":302756.6875},"spectral_complexity":{"dmean":3.74271678925,"dmean2":5.84842014313,"dvar":9.40410137177,"dvar2":21.0016136169,"max":64,"mean":34.7974128723,"median":35,"min":0,"var":69.172416687},"spectral_contrast_coeffs":{"dmean":[0.057290520519,0.0495137907565,0.0371135026217,0.0258962549269,0.0229233317077,0.0519536137581],"dmean2":[0.0958766788244,0.0826916918159,0.0631999224424,0.0442990064621,0.0391170121729,0.0827178284526],"dvar":[0.00197626533918,0.00144513719715,0.00083047687076,0.000386996165616,0.000394094211515,0.00178168353159],"dvar2":[0.00560260703787,0.00405433820561,0.00238661165349,0.00113895523828,0.00114156573545,0.00443820934743],"max":[-0.394031047821,-0.512801527977,-0.624043703079,-0.681802034378,-0.651944696903,-0.414906322956],"mean":[-0.662120997906,-0.778900384903,-0.811099052429,-0.810273051262,-0.788925051689,-0.663632810116],"median":[-0.663144350052,-0.783833026886,-0.814124941826,-0.810467541218,-0.78931927681,-0.65770983696],"min":[-0.970588922501,-0.970325708389,-0.964406907558,-0.957697927952,-0.959443449974,-0.960757672787],"var":[0.00448410119861,0.00313836266287,0.00163467554376,0.000765993027017,0.000810083758552,0.00600716983899]},"spectral_contrast_valleys":{"dmean":[0.412630498409,0.335642158985,0.292168647051,0.221051111817,0.203460738063,0.67337012291],"dmean2":[0.69114279747,0.562519848347,0.483941435814,0.370346695185,0.31370678544,1.0905328989],"dvar":[0.134027823806,0.0925566107035,0.0775445774198,0.0595002323389,0.0656066164374,0.343538939953],"dvar2":[0.321682989597,0.210941582918,0.165486887097,0.118050076067,0.110253743827,0.839577138424],"max":[-5.06159687042,-4.73018836975,-5.25363636017,-5.29857492447,-5.55942869186,-8.92947006226],"mean":[-6.4519867897,-6.12340784073,-6.36655235291,-6.34452486038,-6.91299676895,-11.1516952515],"median":[-6.34904956818,-6.00396728516,-6.24384689331,-6.21543073654,-6.75011253357,-11.0803899765],"min":[-26.7741508484,-26.8569126129,-27.0779666901,-27.2032356262,-27.2739944458,-27.1847705841],"var":[1.05062973499,1.01974093914,0.997275769711,0.957992255688,0.933343827724,0.869995951653]},"spectral_decrease":{"dmean":4.54092985436e-9,"dmean2":7.57706164478e-9,"dvar":2.45157391125e-17,"dvar2":6.58479442729e-17,"max":1.41982905167e-16,"mean":-1.05373034742e-8,"median":-9.30390253728e-9,"min":-4.66173766256e-8,"var":3.35934094062e-17},"spectral_energy":{"dmean":0.0176007281989,"dmean2":0.0294124688953,"dvar":0.000366601860151,"dvar2":0.000981573946774,"max":0.188154384494,"mean":0.0513847693801,"median":0.0473789721727,"min":1.09864117553e-20,"var":0.00053757202113},"spectral_energyband_high":{"dmean":0.000240922672674,"dmean2":0.000339909252943,"dvar":1.2977353947e-7,"dvar2":2.47342683224e-7,"max":0.0103775914758,"mean":0.000946281594224,"median":0.000846490787808,"min":8.00565430109e-21,"var":4.40383331579e-7},"spectral_energyband_low":{"dmean":0.0137274535373,"dmean2":0.0233097039163,"dvar":0.000278537918348,"dvar2":0.000757603906095,"max":0.150889605284,"mean":0.0205737743527,"median":0.0152844144031,"min":7.56951923367e-23,"var":0.000303976441501},"spectral_energyband_middle_high":{"dmean":0.00337417679839,"dmean2":0.00568958884105,"dvar":0.0000118073230624,"dvar2":0.0000328774585796,"max":0.04289412871,"mean":0.0118996016681,"median":0.0114087546244,"min":1.62190226205e-21,"var":0.000028684584322},"spectral_energyband_middle_low":{"dmean":0.00596219440922,"dmean2":0.00964198447764,"dvar":0.0000411135770264,"dvar2":0.000106339233753,"max":0.0961393490434,"mean":0.0156345516443,"median":0.013302154839,"min":2.72957157073e-22,"var":0.0000981780467555},"spectral_entropy":{"dmean":0.0878612548113,"dmean2":0.132035598159,"dvar":0.00666900817305,"dvar2":0.0140842031687,"max":9.8034696579,"mean":7.72058200836,"median":7.74808073044,"min":6.27489089966,"var":0.0472416207194},"spectral_flux":{"dmean":0.0286830645055,"dmean2":0.0461718849838,"dvar":0.000824806280434,"dvar2":0.00180744810496,"max":0.354899197817,"mean":0.135907039046,"median":0.130965471268,"min":1.04816086366e-10,"var":0.00184408086352},"spectral_kurtosis":{"dmean":2.3653113842,"dmean2":3.68520736694,"dvar":7.00419473648,"dvar2":17.0409698486,"max":51.8341064453,"mean":15.1589574814,"median":14.1715259552,"min":-1.1822052002,"var":22.8030376434},"spectral_rms":{"dmean":0.00114637205843,"dmean2":0.00188324588817,"dvar":0.0000011909631894,"dvar2":0.00000316116370414,"max":0.0135486256331,"mean":0.00688274623826,"median":0.00679877819493,"min":3.27390436809e-12,"var":0.00000275957813756},"spectral_rolloff":{"dmean":2467.34277344,"dmean2":4585.47509766,"dvar":27288922,"dvar2":69872352,"max":22050,"mean":4942.86914062,"median":2153.3203125,"min":43.06640625,"var":44756272},"spectral_skewness":{"dmean":0.192243337631,"dmean2":0.286241203547,"dvar":0.0393480882049,"dvar2":0.089528016746,"max":4.84095048904,"mean":2.37451434135,"median":2.31954789162,"min":0.0605335235596,"var":0.199638321996},"spectral_spread":{"dmean":312375.3125,"dmean2":510342,"dvar":228830052352,"dvar2":352447660032,"max":41146344,"mean":3435548,"median":3388335.25,"min":1251300.25,"var":1336642502660},"spectral_strongpeak":{"dmean":0.865992069244,"dmean2":1.61584043503,"dvar":30.4099559784,"dvar2":83.8047103882,"max":115.677619934,"mean":0.762324631214,"median":0.280163794756,"min":0,"var":20.4768600464},"zerocrossingrate":{"dmean":0.0255356710404,"dmean2":0.0337122678757,"dvar":0.000463294622023,"dvar2":0.000799425877631,"max":0.52001953125,"mean":0.198819085956,"median":0.1923828125,"min":0.0107421875,"var":0.00472079124302}},"metadata":{"audio_properties":{"analysis_sample_rate":44100,"bit_rate":192000,"codec":"mp3","downmix":"mix","equal_loudness":0,"length":141.871017456,"lossless":false,"md5_encoded":"beb7245708e7aee8aca07414c99c8b16","replay_gain":-0.307504653931,"sample_rate":44100},"tags":{"album":["We Are Motörhead"],"artist":["Motörhead"],"date":["2000-05-15"],"file_name":"10 - Motörhead - We Are Motörhead.mp3","musicbrainz_albumid":["a44bedb5-d782-47ff-bfa1-7b43ec795396"],"musicbrainz_artistid":["57961a97-3796-4bf7-9f02-a985a8979ae9"],"musicbrainz_recordingid":["49b84ed7-8150-47f9-88ee-c61feb28dd9a"],"title":["We Are Motörhead"],"tracknumber":["10/10"]},"version":{"essentia":"2.1-beta1","essentia_build_sha":"ca57ba49d9b1854bd80e60cf9ccf267278fb7d6b","essentia_git_sha":"v2.1_beta1-28-g21ef5f4-dirty","extractor":"music 1.0"}},"rhythm":{"beats_count":328,"beats_loudness":{"dmean":0.0178392250091,"dmean2":0.0315110459924,"dvar":0.000226581731113,"dvar2":0.000645472027827,"max":0.157464951277,"mean":0.0558645091951,"median":0.0534134693444,"min":4.54569848429e-9,"var":0.000347722496372},"beats_loudness_band_ratio":{"dmean":[0.14098751545,0.0737863406539,0.0422664433718,0.0499154254794,0.047362498939,0.0410711355507],"dmean2":[0.244991004467,0.129712373018,0.0743762478232,0.0851723104715,0.0841472521424,0.070265814662],"dvar":[0.0124350143597,0.00480175903067,0.00179492519237,0.00169292883947,0.00152547669131,0.0023388734553],"dvar2":[0.0351438038051,0.0136843565851,0.00513831991702,0.00498186517507,0.00446136342362,0.00446884240955],"max":[0.891926288605,0.454662114382,0.291144251823,0.360611587763,0.348340928555,0.754945158958],"mean":[0.500785827637,0.116872034967,0.0684503167868,0.12617701292,0.107354916632,0.110842615366],"median":[0.512211918831,0.0979694724083,0.0602096095681,0.116428270936,0.0995277315378,0.100046083331],"min":[0.0763869360089,0.00203370559029,0.00259917764924,0.00534419622272,0.00928281806409,0.00230270670727],"var":[0.0228000488132,0.00557925691828,0.00188129069284,0.00300784222782,0.0021538566798,0.00414433842525]},"beats_position":[0.4295691