{"lowlevel":{"average_loudness":0.951601862907,"barkbands":{"dmean":[0.000280710257357,0.00348432548344,0.00317271915264,0.00241177505814,0.00251406244934,0.000895813282114,0.000456276058685,0.000264767324552,0.000434821413364,0.000481516006403,0.000353809620719,0.000347652880009,0.000769214646425,0.000451708183391,0.00146449939348,0.000808581826277,0.000345125066815,0.000248620170169,0.000214434141526,0.000119720491057,0.0000699203519616,0.0000331138726324,0.0000197389017558,0.000020777919417,0.00000407725929108,2.166808315e-7,3.97803816554e-8],"dmean2":[0.00042028145981,0.00513534387574,0.00531996972859,0.0040412498638,0.00401662150398,0.00143074744847,0.00072413723683,0.000440052332124,0.000704948790371,0.00078829791164,0.000555933394935,0.00055354606593,0.00123524561059,0.00074070278788,0.00237317429855,0.00133600481786,0.000547813891899,0.00040033046389,0.000346047716448,0.000190318605746,0.000104262093373,0.0000480539747514,0.0000278787210846,0.0000287150141958,0.00000574342857362,3.01952070458e-7,5.78623904346e-8],"dvar":[3.20655374253e-7,0.0000456044181192,0.0000414140667999,0.0000109182446977,0.000010908139302,0.0000026072655146,0.00000110362395844,3.96977867467e-7,6.15615874722e-7,7.61126443649e-7,5.11281655236e-7,4.45314100261e-7,0.00000157899387432,5.39094230589e-7,0.0000061894056671,0.00000241946781898,3.24127739759e-7,1.70580250369e-7,1.7758148374e-7,4.89536766679e-8,1.62730078301e-8,6.65965993463e-9,4.33915614551e-9,5.2246389437e-9,1.48161913294e-10,3.18202441393e-13,1.08691759071e-14],"dvar2":[8.27999940611e-7,0.0000868287679623,0.000107802203274,0.0000282432429231,0.0000264268528554,0.00000650664287605,0.00000271528074336,9.57350493991e-7,0.00000155757663833,0.00000187870625723,0.00000114639055937,0.00000102639398847,0.00000384563600164,0.00000133796402224,0.000015873934899,0.00000651232312521,7.88448232925e-7,4.32819916796e-7,4.56206578292e-7,1.2980413544e-7,3.60043443948e-8,1.52576351553e-8,8.62039328808e-9,9.87282877674e-9,3.3344843553e-10,6.52933815955e-13,2.47776093669e-14],"max":[0.00840508844703,0.0697975456715,0.0661509558558,0.0571579225361,0.0545602925122,0.0351602621377,0.0256425179541,0.0161522869021,0.0115233585238,0.0281127523631,0.0201696213335,0.020879227668,0.0279489085078,0.0134627074003,0.0626870021224,0.024586064741,0.0120486645028,0.0084066586569,0.00895973388106,0.00450375350192,0.00312771252356,0.00242976192385,0.00149719079491,0.00181908532977,0.000248287688009,0.0000126822742459,0.00000236340815718],"mean":[0.000398050207878,0.00505645293742,0.00335510098375,0.00382555252872,0.0049876854755,0.00157914392184,0.000801458198112,0.000385225983337,0.000719541858416,0.000887527072337,0.000644144718535,0.000619570491835,0.00143980514258,0.000786679098383,0.00258634751663,0.00133553112391,0.000657118100207,0.000464899116196,0.00040433803224,0.00023262113973,0.000133801615448,0.0000562964414712,0.0000323025269608,0.0000294444726023,0.00000541697181689,3.37016302865e-7,7.69276908841e-8],"median":[0.0000445427795057,0.00155803305097,0.00126843806356,0.00186852214392,0.00358035694808,0.000932340277359,0.000328366470058,0.000193416824914,0.000393980764784,0.000491100538056,0.000295624020509,0.000334429030772,0.000801489222795,0.00050814129645,0.00139052490704,0.000737219117582,0.000445828482043,0.000291869742796,0.000232984544709,0.000141139607877,0.0000694427944836,0.0000096510102594,0.00000471110979561,0.00000143146883147,3.46173010257e-7,2.92585813355e-8,2.75432370245e-8],"min":[1.68983630001e-24,2.13873286496e-24,4.95224590977e-25,5.46881214646e-24,2.28807906491e-23,1.2529498268e-23,1.95337879346e-23,1.61904581565e-23,2.66068394508e-23,1.3933479775e-23,3.32939029038e-23,3.62567224689e-23,2.62056090172e-23,3.53422023324e-23,7.58481997979e-23,1.06498014497e-22,1.02550876382e-22,1.439336675e-22,1.20159368814e-22,1.85111398959e-22,2.52030633632e-22,2.97363932879e-22,4.16458629771e-22,7.25890973297e-22,8.8486878624e-22,1.44111836469e-21,2.1551510294e-21],"var":[5.52703113499e-7,0.0000799607878434,0.0000373990224034,0.0000255181366811,0.0000250945868174,0.00000420770720666,0.00000271042927125,7.64791536767e-7,0.00000102447768313,0.00000168299879988,0.00000161590162406,9.63020056588e-7,0.00000375875151803,9.86371674117e-7,0.0000138351115311,0.00000375385889129,6.44873978217e-7,3.41399100989e-7,3.22912484307e-7,8.83860735712e-8,4.02439255254e-8,1.32416246856e-8,9.24154797133e-9,1.04051220973e-8,2.11351922075e-10,6.27120534322e-13,1.93175214865e-14]},"barkbands_crest":{"dmean":2.51136779785,"dmean2":4.00669574738,"dvar":4.87909841537,"dvar2":11.6628866196,"max":26.4449329376,"mean":9.28162670135,"median":8.38709640503,"min":2.53963708878,"var":15.5479345322},"barkbands_flatness_db":{"dmean":0.0177949406207,"dmean2":0.0266947969794,"dvar":0.000282355002128,"dvar2":0.000588570721447,"max":0.382931292057,"mean":0.16021065414,"median":0.15598538518,"min":0.0311653073877,"var":0.00210955529474},"barkbands_kurtosis":{"dmean":1.68382966518,"dmean2":2.66520643234,"dvar":8.97418308258,"dvar2":19.9289131165,"max":92.729095459,"mean":1.39608442783,"median":-0.221387147903,"min":-1.85661685467,"var":25.924079895},"barkbands_skewness":{"dmean":0.510620355606,"dmean2":0.791236102581,"dvar":0.237310692668,"dvar2":0.52227807045,"max":9.17685890198,"mean":0.966401457787,"median":0.873313367367,"min":-5.16725063324,"var":1.33020353317},"barkbands_spread":{"dmean":4.70117235184,"dmean2":7.30681419373,"dvar":20.7144012451,"dvar2":46.9026756287,"max":102.819290161,"mean":22.8041172028,"median":22.8995075226,"min":1.24016308784,"var":92.6921310425},"dissonance":{"dmean":0.0109359119087,"dmean2":0.0186513010412,"dvar":0.000167576567037,"dvar2":0.000448625418358,"max":0.500000119209,"mean":0.479422956705,"median":0.484038323164,"min":0.080242164433,"var":0.000419071497163},"dynamic_complexity":2.31041002274,"erbbands":{"dmean":[0.130901888013,0.747095644474,3.14188742638,5.7015004158,8.16501998901,10.1784448624,9.24205303192,6.53149175644,7.04001188278,4.80344295502,6.54957294464,9.78591060638,12.4467306137,14.0106639862,13.7613401413,15.1096897125,36.5720863342,21.6734294891,28.4477844238,102.683082581,26.0244007111,16.6200885773,12.1371746063,11.9588937759,8.63296318054,5.58883094788,3.56138944626,2.0258834362,1.30516660213,0.700144886971,0.582853138447,0.55601978302,0.255516499281,0.0791316255927,0.0134578198195,0.00166807312053,0.00033755187178,0.0000661857047817,0.00000973014357442,0.00000977372292255],"dmean2":[0.192825585604,1.13365018368,5.24077033997,9.63318157196,13.4473171234,16.223072052,14.6914262772,10.5147285461,11.03972435,7.89349317551,10.6408138275,15.7879648209,20.5728797913,22.3849925995,21.8480052948,23.9773254395,58.4786453247,35.1594467163,45.7538604736,169.253463745,41.5255279541,26.1035842896,19.2101078033,19.1915645599,13.6825017929,8.87442874908,5.39963388443,2.93131279945,1.88434779644,1.01883077621,0.827446818352,0.77346944809,0.353847980499,0.110863693058,0.0186989754438,0.00231488072313,0.000464672513772,0.0000927281362237,0.0000136125572681,0.0000145046415128],"dvar":[0.0807583406568,2.0031683445,38.0698509216,68.9883956909,114.947639465,238.635314941,204.956436157,189.189285278,239.556838989,138.39465332,241.717391968,377.224517822,584.718688965,601.479736328,612.178039551,919.173034668,3819.59667969,1039.31201172,2117.91723633,34131.984375,1901.96496582,590.007202148,377.695281982,465.755340576,239.913894653,114.425926208,41.3508415222,16.8995704651,10.3574619293,5.11674022675,3.58669257164,4.32466459274,0.670999586582,0.0568326488137,0.00139949738514,0.0000207240464078,7.61117064485e-7,2.64414712348e-8,3.45425493764e-10,1.57108798193e-10],"dvar2":[0.160565450788,4.15841293335,99.8008575439,182.442871094,294.841552734,591.613769531,492.681915283,482.78213501,580.678710938,361.150482178,568.51361084,961.144897461,1520.2598877,1387.44165039,1425.96191406,2124.48925781,9304.94921875,2512.21777344,5375.38134766,90900.8515625,4558.49804688,1431.26989746,959.433654785,1177.48205566,601.146972656,307.32333374,95.5695648193,36.6040992737,24.0909690857,11.4310750961,7.05940961838,8.07983589172,1.34415960312,0.124493137002,0.00307169067673,0.0000425239340984,0.00000162130641002,5.73808449644e-8,7.29084626006e-10,3.05775876841e-10],"max":[2.93249249458,13.9230957031,65.8476028442,90.8243484497,216.14906311,303.189117432,212.495132446,312.833282471,404.006195068,226.386810303,441.160491943,305.488555908,800.427307129,609.607910156,898.434387207,1075.75585938,1560.92687988,728.769104004,1369.48291016,3957.29980469,831.77545166,404.340301514,427.432525635,458.387207031,276.072814941,251.169235229,139.400985718,92.8800048828,106.62625885,55.9069633484,48.5456123352,53.1281013489,15.9779253006,5.16536855698,0.99196189642,0.1011852175,0.0198540035635,0.00408512167633,0.000372229784261,0.000132985514938],"mean":[0.16960772872,1.05573058128,3.60791516304,8.62322330475,13.8574666977,19.0635929108,16.4915790558,11.5618171692,12.6131944656,7.8810377121,10.506114006,16.2797393799,23.1971645355,27.7592182159,27.1324157715,30.159538269,68.4644851685,44.3782539368,59.0969009399,176.369720459,56.7122955322,35.901599884,25.966878891,23.6872177124,17.4787158966,11.2399044037,6.95466804504,3.77192807198,2.23303484917,1.19112455845,0.939297199249,0.810465753078,0.346886187792,0.105902060866,0.018590176478,0.00253853341565,0.000532064877916,0.000108008200186,0.0000292393015116,0.0000381497993658],"median":[0.0228522792459,0.358671635389,1.54064130783,4.61072063446,9.21855163574,11.6674423218,10.2429571152,6.9115986824,5.37398767471,4.29077243805,5.51666927338,8.55645275116,14.0992603302,15.6741609573,15.5552768707,17.6114807129,38.4493789673,31.2381668091,41.3578147888,87.8331756592,38.4505348206,25.7169418335,17.1640777588,14.3958435059,11.0855388641,6.90063047409,3.94926166534,1.46254110336,0.421615719795,0.17059533298,0.152392402291,0.0486132614315,0.015421946533,0.00627394439653,0.0014202974271,0.000217170410906,0.0000667749482091,0.0000213210041693,0.000021636566089,0.0000359145124094],"min":[1.50303410077e-22,3.83885666849e-22,4.7059326907e-21,1.44023211417e-20,2.11011673999e-20,4.63413947198e-20,6.71460437195e-20,1.43817072193e-19,1.99294227645e-19,2.87938753646e-19,4.35717025771e-19,5.00535157064e-19,7.86413016063e-19,6.25903477884e-19,2.0607145282e-18,1.20787105074e-18,1.94891631213e-18,2.15582210067e-18,4.22860229888e-18,4.30253776998e-18,5.98544872034e-18,6.13107965745e-18,7.21805826166e-18,9.00658239186e-18,7.12584416697e-18,9.51129160569e-18,8.90608656487e-18,1.24044931101e-17,1.10440804418e-17,1.12152183203e-17,1.1041741175e-17,1.3845491368e-17,1.16107008158e-17,9.4809299413e-18,6.5470601021e-18,4.71665292236e-18,2.91497207093e-18,1.04122672754e-18,2.6642264854e-19,2.87980313009e-20],"var":[0.126078084111,3.18836140633,36.0318222046,108.601074219,209.760879517,558.819702148,389.864227295,266.845092773,650.866943359,170.966873169,489.267700195,602.078674316,1247.23718262,1589.890625,1778.26513672,2095.44946289,8741.85351562,2448.27636719,4597.12402344,69642.75,4792.56689453,1495.7800293,914.944152832,939.475036621,468.186889648,211.822982788,95.5393600464,41.0615348816,19.7220745087,9.71616744995,7.75515651703,9.00489902496,1.16777074337,0.0844981893897,0.00204944447614,0.0000376791103918,0.00000146542890889,4.84400466405e-8,7.78101028054e-10,4.7426801375e-10]},"erbbands_crest":{"dmean":2.92083668709,"dmean2":4.81031179428,"dvar":7.85003948212,"dvar2":20.3572025299,"max":34.0259895325,"mean":9.50789833069,"median":8.30497837067,"min":2.64768910408,"var":20.723367691},"erbbands_flatness_db":{"dmean":0.0169235561043,"dmean2":0.0232233330607,"dvar":0.000273742480204,"dvar2":0.000494035717566,"max":0.421148627996,"mean":0.216435998678,"median":0.22010229528,"min":0.0421046800911,"var":0.00247614574619},"erbbands_kurtosis":{"dmean":1.02617490292,"dmean2":1.66792678833,"dvar":4.21036100388,"dvar2":11.2696447372,"max":106.145385742,"mean":0.652007043362,"median":0.151690483093,"min":-1.84026551247,"var":6.14145183563},"erbbands_skewness":{"dmean":0.338793903589,"dmean2":0.534155547619,"dvar":0.0991425663233,"dvar2":0.231254726648,"max":3.09759879112,"mean":-0.613541185856,"median":-0.643723726273,"min":-7.18043422699,"var":0.449891835451},"erbbands_spread":{"dmean":6.24467515945,"dmean2":9.73759365082,"dvar":35.1797447205,"dvar2":82.5565261841,"max":114.96875,"mean":29.7915763855,"median":28.2051963806,"min":0.870015859604,"var":167.906997681},"gfcc":{"cov":[[10262.4521484,-56.7304077148,-790.347900391,972.55267334,-564.08203125,584.692138672,-217.150894165,83.0863723755,-50.6787147522,125.133300781,119.008789062,15.3918828964,100.650634766],[-56.7304077148,1225.17224121,-280.431243896,-360.640960693,381.389953613,-427.390808105,85.6268157959,-206.231552124,-29.8373794556,-141.844787598,13.3830022812,-120.732879639,56.9058799744],[-790.347900391,-280.431243896,695.963378906,139.887512207,-89.042930603,280.345458984,-44.1667518616,130.243087769,40.1784553528,49.6391677856,-0.486367940903,31.6734981537,-9.01533222198],[972.55267334,-360.640960693,139.887512207,378.632720947,-113.462020874,237.919967651,-24.8694229126,76.7180252075,26.3284111023,51.577167511,15.5291166306,19.8324794769,-6.58506727219],[-564.08203125,381.389953613,-89.042930603,-113.462020874,350.049743652,-151.569061279,68.8568878174,-54.2066726685,-22.6312999725,-37.5243034363,-15.515666008,-56.6731567383,8.83086776733],[584.692138672,-427.390808105,280.345458984,237.919967651,-151.569061279,415.595855713,-18.8844032288,140.411087036,51.1525230408,77.5451507568,30.2645282745,46.292350769,6.67452144623],[-217.150894165,85.6268157959,-44.1667518616,-24.8694229126,68.8568878174,-18.8844032288,105.82849884,17.4960479736,9.82371902466,-1.22567462921,0.628907799721,-9.09880828857,0.291462272406],[83.0863723755,-206.231552124,130.243087769,76.7180252075,-54.2066726685,140.411087036,17.4960479736,148.104553223,42.7772941589,52.0928039551,10.338593483,22.6308078766,-0.157269403338],[-50.6787147522,-29.8373794556,40.1784553528,26.3284111023,-22.6312999725,51.1525230408,9.82371902466,42.7772941589,77.7865600586,33.0722808838,15.9419898987,6.81033945084,5.90246486664],[125.133300781,-141.844787598,49.6391677856,51.577167511,-37.5243034363,77.5451507568,-1.22567462921,52.0928039551,33.0722808838,82.8881912231,27.4398231506,23.2165794373,3.75576758385],[119.008789062,13.3830022812,-0.486367940903,15.5291166306,-15.515666008,30.2645282745,0.628907799721,10.338593483,15.9419898987,27.4398231506,63.1422691345,25.0954837799,20.7726707458],[15.3918828964,-120.732879639,31.6734981537,19.8324794769,-56.6731567383,46.292350769,-9.09880828857,22.6308078766,6.81033945084,23.2165794373,25.0954837799,64.5757751465,18.4902858734],[100.650634766,56.9058799744,-9.01533222198,-6.58506727219,8.83086776733,6.67452144623,0.291462272406,-0.157269403338,5.90246486664,3.75576758385,20.7726707458,18.4902858734,61.2939796448]],"icov":[[0.00064314273186,-0.00184043426998,0.00165677198675,-0.00211781868711,0.00138430192601,-0.00156289862934,0.00174925464671,-0.00140646973159,0.00210676691495,-0.00191943894606,0.00158564944286,-0.0009100997122,0.000279453728581],[-0.00184043426998,0.00846311915666,-0.00508749904111,0.00723678758368,-0.00533870048821,0.00571176828817,-0.00601611565799,0.00562869245186,-0.00762431835756,0.00843440927565,-0.00837330985814,0.00701243802905,-0.00367592065595],[0.00165677198675,-0.00508749904111,0.00647944770753,-0.0053920801729,0.00332957040519,-0.00551677402109,0.00572837423533,-0.00481047295034,0.00534654362127,-0.00493955472484,0.00512877013534,-0.00326749728993,0.00149323046207],[-0.00211781868711,0.00723678758368,-0.0053920801729,0.0116804046556,-0.00470857974142,0.00315987155773,-0.00569193065166,0.00528190890327,-0.00724855065346,0.00670557236299,-0.00668476801366,0.00541881704703,-0.0014863855904],[0.00138430192601,-0.00533870048821,0.00332957040519,-0.00470857974142,0.00811455212533,-0.00284812389873,0.00148813158739,-0.00318126473576,0.00605023559183,-0.00578412832692,0.00469123758376,-0.000421430857386,0.000102067380794],[-0.00156289862934,0.00571176828817,-0.00551677402109,0.00315987155773,-0.00284812389873,0.0105514647439,-0.00494224205613,0.00147089525126,-0.00590052036569,0.00484355213121,-0.00619824416935,0.00355099048465,-0.00261893891729],[0.00174925464671,-0.00601611565799,0.00572837423533,-0.00569193065166,0.00148813158739,-0.00494224205613,0.0174787715077,-0.00760694826022,0.00472055096179,-0.00498598068953,0.00500075798482,-0.00413280166686,0.00256804912351],[-0.00140646973159,0.00562869245186,-0.00481047295034,0.00528190890327,-0.00318126473576,0.00147089525126,-0.00760694826022,0.0169038213789,-0.00838543195277,0.00146435375791,-0.00312252203003,0.0028279426042,-0.00175563606899],[0.00210676691495,-0.00762431835756,0.00534654362127,-0.00724855065346,0.00605023559183,-0.00590052036569,0.00472055096179,-0.00838543195277,0.025035161525,-0.0122822858393,0.00479458738118,-0.00231760158204,0.000769512203988],[-0.00191943894606,0.00843440927565,-0.00493955472484,0.00670557236299,-0.00578412832692,0.00484355213121,-0.00498598068953,0.00146435375791,-0.0122822858393,0.0286646224558,-0.014209615998,0.00368760945275,-0.00122183270287],[0.00158564944286,-0.00837330985814,0.00512877013534,-0.00668476801366,0.00469123758376,-0.00619824416935,0.00500075798482,-0.00312252203003,0.00479458738118,-0.014209615998,0.0315655954182,-0.0135017251596,-0.00104214122985],[-0.0009100997122,0.00701243802905,-0.00326749728993,0.00541881704703,-0.000421430857386,0.00355099048465,-0.00413280166686,0.0028279426042,-0.00231760158204,0.00368760945275,-0.0135017251596,0.0313170328736,-0.0100877061486],[0.000279453728581,-0.00367592065595,0.00149323046207,-0.0014863855904,0.000102067380794,-0.00261893891729,0.00256804912351,-0.00175563606899,0.000769512203988,-0.00122183270287,-0.00104214122985,-0.0100877061486,0.0229794513434]],"mean":[-28.8980941772,148.63142395,-162.756164551,41.6045837402,-30.3097610474,1.71902275085,-31.072675705,-12.2742404938,-17.1134529114,-14.7719736099,-9.1861782074,-15.4823608398,1.96912074089]},"hfc":{"dmean":5.82512140274,"dmean2":8.72531223297,"dvar":55.120098114,"dvar2":126.641349792,"max":125.283905029,"mean":23.9253406525,"median":21.9040260315,"min":1.09009044113e-16,"var":269.737548828},"melbands":{"dmean":[0.00102307321504,0.00135783641599,0.001032266533,0.000586256443057,0.00035192843643,0.000149533138028,0.000102726917248,0.0000517769876751,0.0000586171045143,0.0000611310024397,0.000064381842094,0.0000605675304541,0.0000504842682858,0.0000378575459763,0.0000611624782323,0.0000742477641325,0.000043678257498,0.0000424195313826,0.000112347312097,0.00010098247003,0.0000269904285233,0.0000194526328414,0.0000147229784488,0.0000127806415549,0.0000104512628241,0.00000825853931019,0.00000557624207431,0.0000035751922951,0.0000023436889478,0.00000198616589842,0.00000102349611097,8.52433970522e-7,5.41011786481e-7,3.64620092341e-7,3.49664361465e-7,3.6150328242e-7,3.34852359174e-7,1.9296159337e-7,1.26583998394e-7,4.92898024618e-8],"dmean2":[0.0014912232291,0.00219650776125,0.00170781335328,0.000953888578806,0.000555218954105,0.000238957349211,0.000160571769811,0.0000854966419865,0.0000943159029703,0.000099078490166,0.00010650580225,0.0000974648137344,0.0000797784305178,0.0000602743093623,0.0000968635868048,0.000119608470413,0.0000714049965609,0.0000686630228302,0.000183351061423,0.000165914520039,0.000043272280891,0.0000307284062728,0.0000238286520471,0.0000207388384297,0.0000170170551428,0.0000133425746753,0.00000892096522875,0.00000573247689317,0.0000036109490793,0.00000302411513076,0.00000150957259848,0.00000126596307837,8.03978309705e-7,5.49025685359e-7,5.12477981829e-7,5.05565424191e-7,4.75552639045e-7,2.7477705089e-7,1.81763553542e-7,7.01806115444e-8],"dvar":[0.00000445108798885,0.00000670752069709,0.00000195451661966,6.0623005993e-7,2.47708783263e-7,8.66237570563e-8,5.18288558737e-8,1.50591539239e-8,1.79067889405e-8,1.29549277972e-8,1.58831898744e-8,1.1235052888e-8,1.00175245876e-8,4.90050577895e-9,1.1046893178e-8,1.51616692534e-8,4.54403448202e-9,5.49567058528e-9,3.37383632143e-8,3.22892113047e-8,2.39452235817e-9,1.00179509133e-9,6.05108518847e-10,5.15703424409e-10,3.87226639642e-10,2.82095208304e-10,9.13083428311e-11,5.07121254711e-11,2.01516303644e-11,1.42317390511e-11,5.09414212202e-12,4.93073637475e-12,2.0421882501e-12,1.86833252862e-12,1.24991271673e-12,1.81792590963e-12,1.59384061938e-12,4.10275166705e-13,1.57418145901e-13,2.14731288577e-14],"dvar2":[0.00000842937606649,0.0000169144332176,0.00000505819434693,0.00000151186088715,5.99657994371e-7,2.19237179522e-7,1.25633050629e-7,3.89508869603e-8,4.17156940102e-8,3.29452305436e-8,4.11300931091e-8,2.59798138558e-8,2.25750387273e-8,1.12017213283e-8,2.60019117349e-8,3.66954715503e-8,1.10744728943e-8,1.40878650967e-8,8.75837926628e-8,8.76023804608e-8,5.55467272179e-9,2.43710140957e-9,1.58677593287e-9,1.26305776948e-9,9.99731630813e-10,7.16466774797e-10,2.40655301242e-10,1.36290562169e-10,4.80975329009e-11,3.14992198991e-11,1.12416386963e-11,1.19800497647e-11,4.63720164698e-12,4.41627940814e-12,2.65950542838e-12,3.44452548082e-12,3.07621484709e-12,8.36933278757e-13,3.64632206807e-13,4.68560635441e-14],"max":[0.0213744044304,0.0284016132355,0.0198501124978,0.011508111842,0.00845477823168,0.00615498935804,0.00606001773849,0.0027849082835,0.00322289718315,0.00171219347976,0.00429607136175,0.00267538963817,0.00294840615243,0.0022171868477,0.00227135256864,0.00268837367184,0.00138377549592,0.00189528986812,0.00509664649144,0.00237229815684,0.00114956009202,0.000642481609248,0.000487923010951,0.000494415697176,0.000424574682256,0.000301018939354,0.000172623520484,0.000167194506503,0.0000937946897466,0.000117060961202,0.0000506665892317,0.0000763537900639,0.0000292911172437,0.000037520454498,0.0000307277296088,0.0000332805066137,0.0000337222845701,0.0000145060885188,0.00000795175310486,0.00000365262781088],"mean":[0.00143751234282,0.00171703565866,0.001718715881,0.00114567170385,0.000670256908052,0.000266125251073,0.000184758682735,0.0000810419005575,0.000092604328529,0.000102136473288,0.000116560848255,0.000113974681881,0.0000954502975219,0.0000677620846545,0.000114240516268,0.00013719976414,0.0000779717302066,0.0000760777984397,0.000204712050618,0.000173216802068,0.0000504550371261,0.0000372774193238,0.0000287597213173,0.00002251186379,0.0000188044468814,0.0000148231392814,0.0000103345555544,0.00000652286553304,0.0000042217934606,0.00000353139375875,0.00000172534214471,0.00000135707193749,8.65102038006e-7,5.74193506964e-7,5.38180017884e-7,5.35731430773e-7,4.65163509489e-7,2.53342307133e-7,1.62114403679e-7,6.40798702989e-8],"median":[0.000343341496773,0.000735158741008,0.00104544090573,0.000845821225084,0.000439821538748,0.000162241762155,0.0000775939843152,0.0000447078127763,0.0000448269238404,0.000055978220189,0.0000692042012815,0.0000618096455582,0.0000476723653264,0.0000376913121727,0.0000609414091741,0.0000792054051999,0.0000505335301568,0.0000481265306007,0.000113208428957,0.0000894997792784,0.0000308620183205,0.0000250766115641,0.0000178206119017,0.0000132131526698,0.0000106178640635,0.00000830665157991,0.00000662343882141,0.00000360879880645,0.00000222804146688,0.00000179471453521,4.23007435302e-7,2.40783947447e-7,1.37375550935e-7,7.56556914894e-8,1.00866493824e-7,4.32511235715e-8,2.13845581243e-8,1.06850848169e-8,8.12956457708e-9,4.14051060105e-9],"min":[1.19588246535e-24,1.95337382363e-24,2.94052872245e-24,3.0468480426e-24,2.3051091519e-24,3.16009454757e-24,3.10431360131e-24,2.92097286061e-24,3.57351150166e-24,2.63052472771e-24,3.76083204563e-24,2.09644144019e-24,6.16719267801e-24,3.38582768724e-24,3.19362113604e-24,2.72255186041e-24,3.26852900101e-24,5.8588715208e-24,5.30060846324e-24,4.67095941021e-24,6.28257147401e-24,5.83851102083e-24,6.30713581373e-24,5.94656327117e-24,6.09191602056e-24,4.59572574568e-24,3.9753639521e-24,6.73843644176e-24,5.62068601452e-24,5.03603753183e-24,5.83340117432e-24,5.9148719676e-24,6.01349259696e-24,6.42227400715e-24,5.50772981036e-24,6.59940286266e-24,8.57835037355e-24,7.66441951611e-24,6.69151972829e-24,7.37405086095e-24],"var":[0.00000755828978072,0.00000745624265619,0.00000363795879821,0.00000127163218622,5.28137036326e-7,1.30455291014e-7,1.42845451023e-7,1.86094943899e-8,3.43397914548e-8,2.12623483264e-8,3.29398197607e-8,2.78818230726e-8,3.19104529467e-8,1.04720898619e-8,2.59425831928e-8,3.40963985934e-8,9.24940657399e-9,9.81667902522e-9,7.73234063445e-8,6.10348394048e-8,5.59441382109e-9,2.01441241465e-9,1.4622492106e-9,1.06314212989e-9,6.99031221796e-10,4.90864515701e-10,1.61250915398e-10,8.52342987856e-11,4.0724111583e-11,3.17480486345e-11,1.144178155e-11,7.94343323757e-12,4.0886339453e-12,2.95343393839e-12,2.41214383537e-12,3.77125804543e-12,3.15209512138e-12,6.85317742225e-13,2.11104625534e-13,3.12647518009e-14]},"melbands_crest":{"dmean":3.5263171196,"dmean2":5.7518081665,"dvar":9.23929214478,"dvar2":22.9951133728,"max":34.9943199158,"mean":13.6487236023,"median":12.7117328644,"min":1.83157145977,"var":30.2955570221},"melbands_flatness_db":{"dmean":0.0245195366442,"dmean2":0.0372677743435,"dvar":0.000554138212465,"dvar2":0.00115716911387,"max":0.46511015296,"mean":0.219312116504,"median":0.213363781571,"min":0.00417515495792,"var":0.00373737304471},"melbands_kurtosis":{"dmean":4.38032007217,"dmean2":6.89128398895,"dvar":49.7851638794,"dvar2":110.234970093,"max":158.144241333,"mean":7.12917947769,"median":3.13186216354,"min":-1.85277354717,"var":150.942565918},"melbands_skewness":{"dmean":0.669492185116,"dmean2":1.03268241882,"dvar":0.446045547724,"dvar2":0.957561850548,"max":10.5585641861,"mean":2.12275767326,"median":1.90822613239,"min":-3.0005774498,"var":2.26167964935},"melbands_spread":{"dmean":7.93486118317,"dmean2":12.5880994797,"dvar":64.9347076416,"dvar2":150.554000854,"max":148.694000244,"mean":29.3024673462,"median":26.7995643616,"min":1.05460464954,"var":286.191894531},"mfcc":{"cov":[[6150.63427734,-609.84765625,58.9515533447,298.850250244,-79.0974655151,351.457244873,5.39297628403,86.3142852783,-20.7506885529,104.253868103,12.9375982285,102.663070679,64.7495117188],[-609.84765625,1706.25744629,-678.773925781,108.927436829,56.8648910522,-155.112625122,25.3446998596,-136.52394104,-51.899055481,-48.8266906738,-145.248626709,-98.2676696777,-14.9837226868],[58.9515533447,-678.773925781,874.941650391,-126.687515259,86.4034729004,109.913146973,10.3446655273,98.5455627441,81.3456802368,16.3833885193,114.044540405,69.188041687,-17.7468605042],[298.850250244,108.927436829,-126.687515259,205.241470337,18.8968544006,15.100736618,11.1798934937,-14.9194288254,-12.7710170746,6.15738534927,-18.2964897156,-16.5068893433,-8.50891494751],[-79.0974655151,56.8648910522,86.4034729004,18.8968544006,180.991317749,40.3094024658,52.9115638733,10.9640645981,29.8587837219,21.2353591919,14.4229640961,-4.05000829697,-9.84938716888],[351.457244873,-155.112625122,109.913146973,15.100736618,40.3094024658,144.313583374,27.7944297791,30.6890125275,16.9083690643,19.6136493683,21.2678413391,12.4069347382,7.10500001907],[5.39297628403,25.3446998596,10.3446655273,11.1798934937,52.9115638733,27.7944297791,103.150566101,25.7513160706,27.1352577209,18.0990524292,12.3367576599,8.2481918335,-0.232752710581],[86.3142852783,-136.52394104,98.5455627441,-14.9194288254,10.9640645981,30.6890125275,25.7513160706,81.5539932251,35.17420578,13.0029354095,29.502746582,15.3108348846,1.24254143238],[-20.7506885529,-51.899055481,81.3456802368,-12.7710170746,29.8587837219,16.9083690643,27.1352577209,35.17420578,81.3569335938,32.1417274475,29.2357635498,17.6737232208,2.38584685326],[104.253868103,-48.8266906738,16.3833885193,6.15738534927,21.2353591919,19.6136493683,18.0990524292,13.0029354095,32.1417274475,66.4595489502,29.8510112762,10.064699173,5.39726495743],[12.9375982285,-145.248626709,114.044540405,-18.2964897156,14.4229640961,21.2678413391,12.3367576599,29.502746582,29.2357635498,29.8510112762,80.4529876709,35.4727325439,0.933571696281],[102.663070679,-98.2676696777,69.188041687,-16.5068893433,-4.05000829697,12.4069347382,8.2481918335,15.3108348846,17.6737232208,10.064699173,35.4727325439,63.270565033,18.7244110107],[64.7495117188,-14.9837226868,-17.7468605042,-8.50891494751,-9.84938716888,7.10500001907,-0.232752710581,1.24254143238,2.38584685326,5.39726495743,0.933571696281,18.7244110107,51.1121292114]],"icov":[[0.000231852478464,0.0000352186871169,0.00000334286824,-0.000331414979883,0.000182536459761,-0.000508586468641,0.000110754743218,-0.000209652280319,0.000252907775575,-0.000425842532422,0.000383161765058,-0.000473900465295,-0.0000261550776486],[0.0000352186871169,0.0010883579962,0.000697422074154,-0.0000657291093376,-0.000721666845493,0.000527996802703,-0.000347287743352,0.000840904307552,-0.000584841531236,0.000554421334527,0.00058418471599,0.000252671714406,0.000136688177008],[0.00000334286824,0.000697422074154,0.00244306377135,0.000986126251519,-0.00133498839568,-0.000762702547945,0.000770669896156,-0.000506310898345,-0.001251087524,0.00153357791714,-0.00123060378246,-0.000840863853227,0.00130421272479],[-0.000331414979883,-0.0000657291093376,0.000986126251519,0.00628871051595,-0.000990574480966,-0.000554555677809,-0.000258892046986,0.000493562198244,0.000153772794874,-0.000120849152154,-0.000132095461595,0.000575926154852,0.00145992147736],[0.000182536459761,-0.000721666845493,-0.00133498839568,-0.000990574480966,0.00823723711073,-0.00180244992953,-0.00316891004331,0.00107208720874,-0.000890238909051,-0.00152614724357,-0.000275681872154,0.00133291340899,0.000445605313871],[-0.000508586468641,0.000527996802703,-0.000762702547945,-0.000554555677809,-0.00180244992953,0.0104893958196,-0.00168681389187,-0.00117993121967,0.000545999500901,-0.000584776513278,-0.000304834276903,0.00130568852182,-0.00177900993731],[0.000110754743218,-0.000347287743352,0.000770669896156,-0.000258892046986,-0.00316891004331,-0.00168681389187,0.0135009288788,-0.00377961434424,-0.00161465234123,-0.00121066195425,0.000547935778741,-0.00223923870362,0.00077308982145],[-0.000209652280319,0.000840904307552,-0.000506310898345,0.000493562198244,0.00107208720874,-0.00117993121967,-0.00377961434424,0.0193307157606,-0.00637123314664,0.0026740974281,-0.00349425990134,0.00184418202844,-0.000294806959573],[0.000252907775575,-0.000584841531236,-0.001251087524,0.000153772794874,-0.000890238909051,0.000545999500901,-0.00161465234123,-0.00637123314664,0.0206148643047,-0.00833176169544,0.000159861257998,-0.00283049815334,-0.0000490126840305],[-0.000425842532422,0.000554421334527,0.00153357791714,-0.000120849152154,-0.00152614724357,-0.000584776513278,-0.00121066195425,0.0026740974281,-0.00833176169544,0.0238915365189,-0.0088845808059,0.00357474503107,-0.00235020904802],[0.000383161765058,0.00058418471599,-0.00123060378246,-0.000132095461595,-0.000275681872154,-0.000304834276903,0.000547935778741,-0.00349425990134,0.000159861257998,-0.0088845808059,0.0245698709041,-0.0111405849457,0.0038764658384],[-0.000473900465295,0.000252671714406,-0.000840863853227,0.000575926154852,0.00133291340899,0.00130568852182,-0.00223923870362,0.00184418202844,-0.00283049815334,0.00357474503107,-0.0111405849457,0.026967741549,-0.00942257512361],[-0.0000261550776486,0.000136688177008,0.00130421272479,0.00145992147736,0.000445605313871,-0.00177900993731,0.00077308982145,-0.000294806959573,-0.0000490126840305,-0.00235020904802,0.0038764658384,-0.00942257512361,0.024309290573]],"mean":[-649.596008301,161.609039307,-48.7420043945,36.1519050598,13.7029466629,13.3797559738,1.33259308338,-0.439012736082,-2.51725125313,2.49689149857,-11.790435791,-6.30350923538,-6.67809391022]},"pitch_salience":{"dmean":0.0702615603805,"dmean2":0.112215235829,"dvar":0.00357504095882,"dvar2":0.00901068747044,"max":0.965059399605,"mean":0.603583753109,"median":0.615245401859,"min":0.0737471804023,"var":0.00990423373878},"silence_rate_20dB":{"dmean":0,"dmean2":0,"dvar":0,"dvar2":0,"max":1,"mean":1,"median":1,"min":1,"var":0},"silence_rate_30dB":{"dmean":0,"dmean2":0,"dvar":0,"dvar2":0,"max":1,"mean":1,"median":1,"min":1,"var":0},"silence_rate_60dB":{"dmean":0.00943935941905,"dmean2":0.0188814196736,"dvar":0.00934998225421,"dvar2":0.021383818239,"max":1,"mean":0.0366080366075,"median":0,"min":0,"var":0.035269536078},"spectral_centroid":{"dmean":230.03112793,"dmean2":355.764831543,"dvar":72406.3828125,"dvar2":150892.90625,"max":11443.2333984,"mean":1405.6640625,"median":1378.7833252,"min":205.375289917,"var":525235.875},"spectral_complexity":{"dmean":4.1710524559,"dmean2":6.18337869644,"dvar":17.1461048126,"dvar2":29.922826767,"max":54,"mean":26.589017868,"median":28,"min":0,"var":110.70223999},"spectral_contrast_coeffs":{"dmean":[0.0549579933286,0.0477021485567,0.0352999381721,0.0320269837976,0.0216644741595,0.0198667887598],"dmean2":[0.0869391858578,0.0796111002564,0.0588326752186,0.0532547049224,0.0353039652109,0.0307783465832],"dvar":[0.00187931000255,0.00147174228914,0.000797089305706,0.000658797158394,0.000320336344885,0.000366928928997],"dvar2":[0.00483038788661,0.00389130529948,0.00219475734048,0.00179854268208,0.000792846840341,0.000810629222542],"max":[-0.309922069311,-0.45102506876,-0.505986750126,-0.497883528471,-0.558521270752,-0.588707685471],"mean":[-0.611848115921,-0.761259019375,-0.799330711365,-0.772128283978,-0.780851840973,-0.719310700893],"median":[-0.612697720528,-0.769057571888,-0.808506369591,-0.778100967407,-0.784776568413,-0.717777073383],"min":[-0.969436585903,-0.97730910778,-0.975826144218,-0.969240605831,-0.963717162609,-0.96229416132],"var":[0.00763451121747,0.00480097578838,0.00298685906455,0.00299213407561,0.00169476482552,0.00210503744893]},"spectral_contrast_valleys":{"dmean":[0.425994485617,0.353425711393,0.288819253445,0.249304875731,0.249911338091,0.34922978282],"dmean2":[0.677217185497,0.587459564209,0.467699825764,0.394300490618,0.35757407546,0.408807396889],"dvar":[0.163734465837,0.131965100765,0.093210041523,0.0859625935555,0.107698298991,0.18161277473],"dvar2":[0.352283895016,0.284319609404,0.193684667349,0.158282831311,0.172092989087,0.264023423195],"max":[-5.17989492416,-5.16110467911,-5.62261295319,-5.49715662003,-5.69223880768,-8.49285507202],"mean":[-7.0917930603,-6.77822875977,-6.92790174484,-6.85327482224,-7.36848545074,-11.4494428635],"median":[-6.91433572769,-6.60397863388,-6.75615119934,-6.65070915222,-7.09398078918,-11.6119031906],"min":[-28.0803928375,-28.0473976135,-27.7103862762,-27.7080192566,-27.4936294556,-27.3733901978],"var":[2.04256296158,1.77094745636,1.72955334187,1.80731201172,1.88020920753,2.13575911522]},"spectral_decrease":{"dmean":2.16122075791e-9,"dmean2":3.27320548443e-9,"dvar":8.27780401215e-18,"dvar2":1.66520275052e-17,"max":7.41234974236e-23,"mean":-7.75107888984e-9,"median":-7.24822513121e-9,"min":-3.06492538016e-8,"var":2.1648711257e-17},"spectral_energy":{"dmean":0.00843945331872,"dmean2":0.0127239534631,"dvar":0.000122298428323,"dvar2":0.000243728500209,"max":0.11844304949,"mean":0.031424369663,"median":0.0295967776328,"min":1.00719635882e-20,"var":0.000338848418323},"spectral_energyband_high":{"dmean":0.000162714131875,"dmean2":0.000227410520893,"dvar":8.78210073552e-8,"dvar2":1.80638451752e-7,"max":0.00532398605719,"mean":0.000350553134922,"median":0.000168138853041,"min":7.45265255765e-21,"var":2.54138313949e-7},"spectral_energyband_low":{"dmean":0.00623766379431,"dmean2":0.00985171552747,"dvar":0.000117312789371,"dvar2":0.000246616022196,"max":0.10521773994,"mean":0.0105234412476,"median":0.00559876486659,"min":1.66942594404e-23,"var":0.000197216111701},"spectral_energyband_middle_high":{"dmean":0.0028025880456,"dmean2":0.0042988169007,"dvar":0.0000132413815663,"dvar2":0.0000318573693221,"max":0.064330726862,"mean":0.00983967352659,"median":0.0083417808637,"min":1.3037543813e-21,"var":0.0000666148771415},"spectral_energyband_middle_low":{"dmean":0.00449252082035,"dmean2":0.00721516553313,"dvar":0.0000266530259978,"dvar2":0.0000670205190545,"max":0.0725676119328,"mean":0.0125354873016,"median":0.0114491032436,"min":1.87559455229e-22,"var":0.0000705738202669},"spectral_entropy":{"dmean":0.127831965685,"dmean2":0.179059639573,"dvar":0.0168596059084,"dvar2":0.0316519327462,"max":9.81938362122,"mean":7.44596290588,"median":7.46703863144,"min":5.38079929352,"var":0.137538462877},"spectral_flux":{"dmean":0.023970734328,"dmean2":0.0378363095224,"dvar":0.000753820175305,"dvar2":0.00167582789436,"max":0.287834763527,"mean":0.0938751399517,"median":0.0895744785666,"min":6.21548021384e-11,"var":0.0020534908399},"spectral_kurtosis":{"dmean":3.8583984375,"dmean2":6.81307888031,"dvar":17.7057571411,"dvar2":52.9011154175,"max":84.1386413574,"mean":6.9260430336,"median":5.29581451416,"min":-1.26316857338,"var":29.7881622314},"spectral_rms":{"dmean":0.000716838403605,"dmean2":0.00106375501491,"dvar":7.09119888143e-7,"dvar2":0.00000128128783672,"max":0.0107496138662,"mean":0.00524914357811,"median":0.00537353754044,"min":3.13469389335e-12,"var":0.00000310441760121},"spectral_rolloff":{"dmean":363.201873779,"dmean2":604.045837402,"dvar":292660.9375,"dvar2":610990,"max":19789.0136719,"mean":1623.82727051,"median":1744.18945312,"min":64.599609375,"var":1755465.875},"spectral_skewness":{"dmean":0.355273097754,"dmean2":0.61321336031,"dvar":0.12245284766,"dvar2":0.358398854733,"max":6.91756343842,"mean":1.41547012329,"median":1.31877636909,"min":-0.0506880655885,"var":0.283484607935},"spectral_spread":{"dmean":305233.59375,"dmean2":426219.5625,"dvar":438901342208,"dvar2":792406982656,"max":42541700,"mean":2717116.5,"median":2327796,"min":930054.375,"var":4585410265090},"spectral_strongpeak":{"dmean":0.769460201263,"dmean2":1.32712459564,"dvar":2.2515976429,"dvar2":5.69085931778,"max":16.8585186005,"mean":1.17788147926,"median":0.481758117676,"min":0,"var":3.81055665016},"zerocrossingrate":{"dmean":0.00698803644627,"dmean2":0.00849061831832,"dvar":0.0000849203861435,"dvar2":0.000143396202475,"max":0.5244140625,"mean":0.0534851253033,"median":0.04931640625,"min":0.0009765625,"var":0.00113813497592}},"metadata":{"audio_properties":{"analysis_sample_rate":44100,"bit_rate":0,"codec":"flac","downmix":"mix","equal_loudness":0,"length":162.333328247,"lossless":true,"md5_encoded":"4903603dc575bcb253707d46f0676dc6","replay_gain":-15.7523956299},"tags":{"album":["The White Stripes"],"albumartist":["The White Stripes"],"albumartistsort":["White Stripes, The"],"artist":["The White Stripes"],"artistsort":["White Stripes, The"],"asin":["B00005Q4Q2"],"barcode":["634904014926"],"catalognumber":["XLCD 149"],"date":["2001-11-26"],"discnumber":["1"],"disctotal":["1"],"engineer":["Jim Diamond"],"file_name":"08 Astro.flac","genre":["Rock"],"isrc":["GBBKS0100397"],"label":["XL Recordings"],"media":["CD"],"musicbrainz_albumartistid":["11ae9fbb-f3d7-4a47-936f-4c0a04d3b3b5"],"musicbrainz_albumid":["e63a68de-41c7-37ca-a362-90afcf9c7700"],"musicbrainz_artistid":["11ae9fbb-f3d7-4a47-936f-4c0a04d3b3b5"],"musicbrainz_recordingid":["49bc8de2-539f-438c-9d30-fe3ccacbbab1"],"musicbrainz_releasegroupid":["5c5589a7-1561-3b45-9ea9-650888413b4e"],"musicbrainz_releasetrackid":["c453d8a3-74a2-3a19-b88d-259eae09e203"],"originaldate":["1999-06-15"],"producer":["Jack White","Jim Diamond"],"releasecountry":["GB"],"releasestatus":["official"],"releasetype":["album"],"script":["Latn"],"title":["Astro"],"totaldiscs":["1"],"totaltracks":["17"],"tracknumber":["8"],"tracktotal":["17"]},"version":{"essentia":"2.1-beta1","essentia_build_sha":"7598a69e7b456135ce4c070efb04a3d0ebb71fdd","essentia_git_sha":"v2.1_beta1-6-g5578087","extractor":"music 1.0"}},"rhythm":{"beats_count":353,"beats_loudness":{"dmean":0.0114927235991,"dmean2":0.0200700629503,"dvar":0.0000997251117951,"dvar2":0.000249667355092,"max":0.0906045362353,"mean":0.0562369301915,"median":0.0592147447169,"min":5.62645263713e-9,"var":0.000286218244582},"beats_loudness_band_ratio":{"dmean":[0.116766236722,0.0698465928435,0.028678284958,0.0490262173116,0.0710703954101,0.0144176362082],"dmean2":[0.19397367537,0.119698703289,0.0505075789988,0.0827061757445,0.121072381735,0.0258322339505],"dvar":[0.0117241088301,0.