{"lowlevel":{"average_loudness":0.8598279953,"barkbands":{"dmean":[0.000830924895126,0.00483922893181,0.00253163510934,0.00152002298273,0.00244675972499,0.00174161884934,0.00183467380702,0.000777600624133,0.000854485027958,0.000762879499234,0.000478185655084,0.000247357413173,0.00023597854306,0.000163339645951,0.000155766349053,0.000157392656547,0.000147649465362,0.000128180050524,0.000112776862807,0.000153266752022,0.000150723295519,0.000130874192109,0.0000533125930815,0.0000133795356305,0.00000220579590859,0.0000182001531357,0.0000989642285276],"dmean2":[0.00138351763599,0.00813782587647,0.00419984012842,0.00246541411616,0.0039681578055,0.00286114308983,0.00299504445866,0.00128156726714,0.001386207412,0.00127966736909,0.000797270971816,0.000404089107178,0.000383279490052,0.000265989714535,0.000255241902778,0.000257739564404,0.000235480620177,0.0002069404145,0.000178147951374,0.000234545659623,0.000221094029257,0.000185920158401,0.0000765676813899,0.0000200430167752,0.00000359988734999,0.0000258996005869,0.000142887045513],"dvar":[0.00000199266469281,0.0000503714327351,0.0000263321107923,0.000015556184735,0.0000206268268812,0.0000130319094751,0.0000261406676145,0.00000393989648728,0.00000302510511574,0.00000189648653759,0.00000128519400278,3.51271495447e-7,2.37512523427e-7,8.35660429743e-8,8.49884145282e-8,6.44722177867e-8,5.21779668361e-8,3.92210672828e-8,4.34186375742e-8,1.6916219181e-7,1.05695335151e-7,1.24942857838e-7,2.52469973816e-8,2.40862907397e-9,2.28998365409e-11,3.03494251952e-9,2.61707882032e-8],"dvar2":[0.00000506394053446,0.00013700062118,0.0000646495318506,0.0000354984294972,0.0000506254764332,0.0000338627069141,0.0000676298950566,0.0000101685118352,0.00000783186897024,0.00000527622296431,0.00000315009287988,8.58959879224e-7,5.68100972487e-7,2.10116255062e-7,2.22360682756e-7,1.69609677414e-7,1.27539195205e-7,1.01266088848e-7,1.04591251215e-7,3.87765226151e-7,2.27242253459e-7,2.30301637316e-7,5.11834734596e-8,5.27511767601e-9,4.97313509817e-11,6.29470386926e-9,5.27398000827e-8],"max":[0.0306327342987,0.084830082953,0.0995931625366,0.097352527082,0.0759894102812,0.0714707970619,0.11537642777,0.0433456301689,0.0350417904556,0.0202689114958,0.0527499429882,0.0251067895442,0.0266374871135,0.00564454263076,0.00579227553681,0.00494813267142,0.00546868285164,0.00502628646791,0.00440020486712,0.0125683490187,0.00713997380808,0.00822175573558,0.00410590600222,0.00156991800759,0.000150083142216,0.00157006888185,0.00313019333407],"mean":[0.000921951665077,0.00677411584184,0.00303887831978,0.0017402835656,0.00336021999829,0.0023469417356,0.00245396909304,0.0010657197563,0.00130699714646,0.0011246453505,0.000702354765963,0.000397001829697,0.000411908084061,0.000288885115879,0.000298739032587,0.000324550957885,0.00030065284227,0.000275833037449,0.000259260181338,0.000325788278133,0.000327696441673,0.00025214831112,0.0000910166490939,0.0000172122981894,0.00000232949810197,0.000030621085898,0.000331648101564],"median":[0.000369868299458,0.00399188045412,0.000961706857197,0.000488484860398,0.00150276569184,0.000782904040534,0.000472040614113,0.000340045662597,0.000405930157285,0.000388298940379,0.000190309801837,0.000158860435477,0.000215851905523,0.000166817684658,0.000170046041603,0.000170307204826,0.000164750788826,0.000162472584634,0.000126602841192,0.000122820041724,0.000136410744744,0.000108106614789,0.0000367849497707,0.00000390344575862,6.93235335802e-7,0.000012039554349,0.000211735066841],"min":[3.95191382909e-25,1.03921537982e-23,1.10865624151e-24,2.15433318101e-24,2.32545801617e-24,8.47933413045e-24,9.5104494865e-24,1.13743842329e-23,2.45934802495e-23,1.12029537141e-23,1.21029138449e-23,2.19290063011e-23,3.75602109851e-23,7.78614469809e-24,6.18975607205e-23,5.59382466961e-23,7.05994348789e-23,8.58767234287e-23,1.48596491783e-22,2.00743264709e-22,2.4913921229e-22,3.20623818524e-22,4.27792983258e-22,6.255167661e-22,8.84713891823e-22,1.16877076359e-21,2.03988757118e-21],"var":[0.00000288519254354,0.0000680574012222,0.0000394150556531,0.0000210650523513,0.0000308410344587,0.000018862538127,0.0000378566874133,0.00000570412248635,0.00000572677618038,0.00000333675802722,0.00000229313286582,6.10537028933e-7,5.14240923621e-7,1.53320385721e-7,1.95789226609e-7,1.80215252499e-7,1.4283226335e-7,1.12462956281e-7,1.25150606323e-7,3.87367663279e-7,2.58730864289e-7,2.80506100125e-7,4.98207022304e-8,3.67242458665e-9,3.34337384167e-11,5.95620130994e-9,1.23319608747e-7]},"barkbands_crest":{"dmean":3.33143758774,"dmean2":5.46506118774,"dvar":8.48184967041,"dvar2":21.64686203,"max":26.1807193756,"mean":10.6302452087,"median":9.5106010437,"min":2.33355307579,"var":24.8153114319},"barkbands_flatness_db":{"dmean":0.0257504843175,"dmean2":0.0402575023472,"dvar":0.000589279399719,"dvar2":0.00145485938992,"max":0.519321203232,"mean":0.121006563306,"median":0.109376087785,"min":0.0220842640847,"var":0.00310048577376},"barkbands_kurtosis":{"dmean":7.51171112061,"dmean2":11.8426303864,"dvar":930.051513672,"dvar2":2292.24169922,"max":1174.20849609,"mean":12.6612377167,"median":3.61268377304,"min":-1.83080339432,"var":2389.20507812},"barkbands_skewness":{"dmean":0.732502818108,"dmean2":1.13252902031,"dvar":0.898844897747,"dvar2":2.13972020149,"max":28.7491054535,"mean":2.17496109009,"median":1.76404941082,"min":-2.54819989204,"var":4.52952432632},"barkbands_spread":{"dmean":7.86181974411,"dmean2":12.0573787689,"dvar":75.0847167969,"dvar2":160.90914917,"max":107.989677429,"mean":27.6140136719,"median":24.1345424652,"min":0.168472796679,"var":300.608917236},"dissonance":{"dmean":0.0165219306946,"dmean2":0.0280658639967,"dvar":0.000288985844236,"dvar2":0.000801837071776,"max":0.5,"mean":0.473736792803,"median":0.479966282845,"min":0.314220815897,"var":0.000506109267008},"dynamic_complexity":4.58005666733,"erbbands":{"dmean":[0.166750431061,1.05375909805,2.61692690849,4.24653911591,5.67143249512,9.14322471619,14.1736841202,13.8638715744,26.0280284882,19.6667823792,15.9719018936,19.3382720947,18.9099788666,26.0215568542,15.4074764252,9.74714660645,10.6908349991,8.06133651733,8.42905902863,6.88419485092,8.16488933563,7.27553653717,7.43465709686,5.21863222122,5.75174093246,7.74031734467,6.58753204346,5.79890155792,4.97588443756,2.91374254227,1.31047594547,0.454995393753,0.14676579833,0.0341803617775,0.0130352601409,0.0218921564519,0.0371241308749,0.0437391325831,0.0124221779406,0.00247787544504],"dmean2":[0.280685305595,1.77782833576,4.36817121506,6.82567071915,9.20171165466,15.0327062607,23.2537212372,22.7686061859,42.7786369324,32.0226249695,26.3050861359,31.2772808075,31.0399188995,43.6034927368,25.263961792,15.9296941757,17.2451915741,13.0093975067,13.8774423599,11.1935281754,13.0899114609,11.5296125412,11.9250192642,8.37011241913,8.86312103271,11.8246860504,9.8636264801,8.38825511932,7.13273096085,4.13904857635,1.90114712715,0.675996005535,0.220187693834,0.0545593872666,0.0214897580445,0.033290579915,0.0529084540904,0.0600040815771,0.0173955019563,0.00361557188444],"dvar":[0.0637244060636,2.44503688812,23.6061630249,94.8583068848,176.903198242,333.518676758,857.364013672,974.561462402,5613.56347656,2350.70947266,1660.12304688,1611.98266602,1427.88354492,2167.91748047,1710.43115234,569.689941406,440.200927734,224.708312988,295.137207031,125.047477722,180.778488159,120.372207642,133.273452759,79.5302581787,138.796707153,526.389404297,186.499053955,204.135345459,188.250213623,74.6535263062,16.4428939819,2.57376360893,0.377512276173,0.0105900121853,0.000520658213645,0.00736544374377,0.0144684882835,0.0134742818773,0.000757251458708,0.000013327522538],"dvar2":[0.173162400723,6.60384607315,60.1726074219,216.902252197,424.077148438,837.764648438,2185.03955078,2533.0637207,14584.8242188,6010.49072266,4357.63964844,4157.16308594,3773.08984375,5993.08349609,3897.3137207,1463.34057617,1044.9296875,555.822509766,790.671264648,319.562927246,453.329498291,296.332427979,340.612701416,204.323898315,313.883209229,1251.09631348,399.974395752,451.709747314,354.010009766,146.258422852,33.26121521,5.9683470726,0.789050877094,0.0219441913068,0.00127905618865,0.0153126958758,0.0318132825196,0.0247721988708,0.00155120389536,0.0000282516430161],"max":[5.32969903946,20.8334197998,102.0884552,238.58253479,326.198791504,344.904144287,481.746459961,806.975708008,1530.93798828,1183.46044922,1079.96154785,821.357421875,702.342041016,620.038269043,2488.48608398,979.017883301,1091.03881836,311.459564209,376.066497803,265.606964111,310.023193359,181.328399658,263.809661865,190.977539062,286.689025879,724.816894531,275.656951904,441.142211914,347.348937988,223.624237061,114.785728455,52.9187011719,21.1410980225,3.32879662514,0.441782683134,3.05812478065,3.77433204651,2.69934034348,0.676036834717,0.0870023295283],"mean":[0.21520498395,1.44524943829,3.30765390396,5.38040447235,7.00616502762,11.8307704926,18.545955658,18.978553772,34.1180229187,28.0933589935,23.7610836029,29.5284118652,30.088514328,40.2648506165,25.0258922577,17.0028533936,19.3702430725,15.3273239136,16.4135303497,15.5810489655,17.8973922729,16.049571991,16.3654613495,12.7268848419,13.4893951416,16.1491966248,14.2093477249,12.0529546738,9.59002971649,5.24144411087,2.22846484184,0.653844416142,0.177560925484,0.0390415303409,0.0140382498503,0.026968229562,0.0599407367408,0.0891477316618,0.0344363451004,0.00958467833698],"median":[0.120910286903,0.775044798851,1.41676986217,1.78830075264,2.72628903389,4.85324525833,5.88690853119,6.59882640839,6.58975028992,8.28430080414,8.15320110321,10.2076482773,9.68727016449,15.5868902206,7.96156978607,7.6645116806,10.0860805511,8.99167919159,9.85687446594,9.35668563843,9.23956203461,9.42663002014,9.68762207031,6.82814264297,6.48273611069,5.90247106552,5.71008110046,5.04029273987,4.13445091248,2.16359806061,0.873110592365,0.196342080832,0.0320422612131,0.0103209931403,0.00517299724743,0.00643952889368,0.0215903390199,0.0409087724984,0.019387723878,0.00587573833764],"min":[1.72144923815e-22,2.45538911703e-21,1.53997876674e-21,7.20481987573e-21,1.23274484351e-20,9.92571821741e-21,4.83643101443e-20,7.73879484949e-20,1.16225454735e-19,2.21133941316e-19,3.14156734299e-19,6.42121697961e-19,3.72538288903e-19,8.88897488634e-19,9.46531814801e-19,1.13324922652e-18,1.62189221471e-18,9.19653304579e-19,2.68247620936e-18,3.53756155308e-18,4.18189140969e-18,4.51286208921e-18,5.8874985417e-18,7.1933487224e-18,8.05228645303e-18,8.35491296167e-18,1.00433689173e-17,1.0509505872e-17,1.03462055298e-17,1.10443459668e-17,1.27143351152e-17,1.06085723308e-17,1.05267889837e-17,8.61545665665e-18,5.37690600576e-18,4.16074619169e-18,2.3189578339e-18,1.06689486573e-18,2.73952964794e-19,2.74754955172e-20],"var":[0.0836647376418,3.36310148239,34.1863937378,138.465621948,236.978210449,460.02130127,1228.77099609,1338.91247559,7869.92089844,3564.3215332,2601.52978516,2836.24853516,2719.07202148,4005.32177734,3271.39941406,930.963195801,1025.59350586,433.924530029,619.820556641,363.368225098,539.893188477,359.17098999,389.142150879,262.818359375,366.298278809,1128.31396484,480.065734863,431.370452881,405.409515381,148.881225586,32.2462387085,3.83427286148,0.568653583527,0.0169088039547,0.000635696284007,0.0114535177127,0.0251039732248,0.0322487279773,0.00225707772188,0.0000941253019846]},"erbbands_crest":{"dmean":2.55868124962,"dmean2":4.19553518295,"dvar":6.05983924866,"dvar2":15.3833494186,"max":30.0332241058,"mean":7.61809778214,"median":6.64982748032,"min":1.93793964386,"var":13.7065029144},"erbbands_flatness_db":{"dmean":0.0180233251303,"dmean2":0.0274342149496,"dvar":0.000259907188592,"dvar2":0.000567170791328,"max":0.299345523119,"mean":0.128563925624,"median":0.126343533397,"min":0.0328536778688,"var":0.00107637699693},"erbbands_kurtosis":{"dmean":1.17831528187,"dmean2":1.88068199158,"dvar":9.70938014984,"dvar2":25.9134540558,"max":127.836135864,"mean":0.640074074268,"median":-0.241819858551,"min":-1.81085205078,"var":14.0697345734},"erbbands_skewness":{"dmean":0.396867632866,"dmean2":0.590547978878,"dvar":0.171727225184,"dvar2":0.365799814463,"max":9.88147354126,"mean":0.254926741123,"median":0.213361471891,"min":-4.21836185455,"var":0.947282254696},"erbbands_spread":{"dmean":9.05378341675,"dmean2":13.7480802536,"dvar":84.5724411011,"dvar2":184.72883606,"max":160.725784302,"mean":41.8437042236,"median":39.2749671936,"min":2.71893262863,"var":363.387176514},"gfcc":{"cov":[[17685.9179688,900.487670898,-1914.32226562,-583.497314453,-529.401000977,-1034.95288086,331.487487793,-709.968994141,127.169509888,-171.269012451,-78.2895736694,55.9944877625,-179.673904419],[900.487670898,805.913635254,-27.5758209229,-235.847366333,4.48942708969,-119.93321228,-9.68524646759,-38.2125244141,27.1971855164,-34.3651199341,36.772441864,-34.1394577026,24.088886261],[-1914.32226562,-27.5758209229,642.593444824,138.860427856,-78.1214828491,283.671203613,-176.532196045,185.941421509,-78.1110610962,46.8530731201,-7.84271144867,-35.9202575684,7.19142913818],[-583.497314453,-235.847366333,138.860427856,392.047576904,187.511932373,108.217765808,39.1722335815,2.99440097809,-15.1204929352,-3.95267438889,-57.8615493774,9.22555541992,-33.3273887634],[-529.401000977,4.48942708969,-78.1214828491,187.511932373,329.517364502,48.1938514709,94.1640930176,-44.6553688049,1.59417712688,-42.2054519653,-7.97994422913,2.34450221062,11.1569347382],[-1034.95288086,-119.93321228,283.671203613,108.217765808,48.1938514709,312.335174561,-57.3553466797,132.654785156,-60.5676116943,17.6183624268,-7.13971948624,3.85275602341,3.82652544975],[331.487487793,-9.68524646759,-176.532196045,39.1722335815,94.1640930176,-57.3553466797,223.78755188,-59.6075401306,67.2856903076,-18.8880138397,-5.44688987732,21.1654586792,-18.8427963257],[-709.968994141,-38.2125244141,185.941421509,2.99440097809,-44.6553688049,132.654785156,-59.6075401306,210.583938599,25.1074142456,60.2542152405,11.2250843048,-20.1084289551,27.1620159149],[127.169509888,27.1971855164,-78.1110610962,-15.1204929352,1.59417712688,-60.5676116943,67.2856903076,25.1074142456,133.749465942,41.669128418,18.8693370819,21.0022983551,-21.0304603577],[-171.269012451,-34.3651199341,46.8530731201,-3.95267438889,-42.2054519653,17.6183624268,-18.8880138397,60.2542152405,41.669128418,91.9360580444,40.7521286011,2.53914093971,8.083527565],[-78.2895736694,36.772441864,-7.84271144867,-57.8615493774,-7.97994422913,-7.13971948624,-5.44688987732,11.2250843048,18.8693370819,40.7521286011,76.0105667114,31.827999115,21.6292686462],[55.9944877625,-34.1394577026,-35.9202575684,9.22555541992,2.34450221062,3.85275602341,21.1654586792,-20.1084289551,21.0022983551,2.53914093971,31.827999115,75.9158706665,16.6407546997],[-179.673904419,24.088886261,7.19142913818,-33.3273887634,11.1569347382,3.82652544975,-18.8427963257,27.1620159149,-21.0304603577,8.083527565,21.6292686462,16.6407546997,76.0350494385]],"icov":[[0.000151511034346,-0.000348664907506,0.000833359081298,-0.000689232954755,0.000922561157495,-0.000387917796616,0.0000772917992435,0.000182882897207,-0.000033159263694,0.000254832673818,-0.000339228630764,0.000392426765757,-0.000100109253253],[-0.000348664907506,0.00287614041008,-0.00322412606329,0.00376839609817,-0.00377101870254,0.00210592476651,-0.000190439881408,-0.000141776559758,-0.000521489651874,-0.0000487317447551,0.000942495418712,-0.000751189945731,0.000429626350524],[0.000833359081298,-0.00322412606329,0.010435083881,-0.00902839750051,0.00999773386866,-0.00726026576012,0.00247293757275,0.00102988432627,-0.00216302229092,0.00476317852736,-0.00729080056772,0.00789095368236,-0.00356790842488],[-0.000689232954755,0.00376839609817,-0.00902839750051,0.0155501756817,-0.014353630133,0.00733213499188,-0.00189439614769,-0.00289363786578,0.00619537429884,-0.0112422201782,0.0157172568142,-0.0139467585832,0.00863874703646],[0.000922561157495,-0.00377101870254,0.00999773386866,-0.014353630133,0.0187211651355,-0.0102535439655,0.000491162063554,0.00540506979451,-0.00792683009058,0.0125696705654,-0.0152770588174,0.015825310722,-0.0105488970876],[-0.000387917796616,0.00210592476651,-0.00726026576012,0.00733213499188,-0.0102535439655,0.0144129870459,-0.00211500306614,-0.00867548026145,0.0106556108221,-0.00755677511916,0.0092709781602,-0.0139547940344,0.00983827281743],[0.0000772917992435,-0.000190439881408,0.00247293757275,-0.00189439614769,0.000491162063554,-0.00211500306614,0.00791235640645,0.00201181950979,-0.00530301220715,0.00281763356179,-0.00154575938359,0.00198381743394,-0.00130551774055],[0.000182882897207,-0.000141776559758,0.00102988432627,-0.00289363786578,0.00540506979451,-0.00867548026145,0.00201181950979,0.01519592572,-0.0112080220133,0.0017619188875,-0.00408850377426,0.011504875496,-0.0108172586188],[-0.000033159263694,-0.000521489651874,-0.00216302229092,0.00619537429884,-0.00792683009058,0.0106556108221,-0.00530301220715,-0.0112080220133,0.0254667177796,-0.0159014128149,0.0116632319987,-0.0186438951641,0.0158204250038],[0.000254832673818,-0.0000487317447551,0.00476317852736,-0.0112422201782,0.0125696705654,-0.00755677511916,0.00281763356179,0.0017619188875,-0.0159014128149,0.03474996984,-0.0272396598011,0.0201343465596,-0.0109061328694],[-0.000339228630764,0.000942495418712,-0.00729080056772,0.0157172568142,-0.0152770588174,0.0092709781602,-0.00154575938359,-0.00408850377426,0.0116632319987,-0.0272396598011,0.0442662015557,-0.0281901638955,0.00903034955263],[0.000392426765757,-0.000751189945731,0.00789095368236,-0.0139467585832,0.015825310722,-0.0139547940344,0.00198381743394,0.011504875496,-0.0186438951641,0.0201343465596,-0.0281901638955,0.0412056744099,-0.0192284714431],[-0.000100109253253,0.000429626350524,-0.00356790842488,0.00863874703646,-0.0105488970876,0.00983827281743,-0.00130551774055,-0.0108172586188,0.0158204250038,-0.0109061328694,0.00903034955263,-0.0192284714431,0.0286712795496]],"mean":[-8.92722320557,80.6295700073,-95.0174026489,19.9476242065,-23.8512439728,-19.9970340729,9.1399974823,-21.5900287628,3.59322786331,-7.95832395554,-11.261847496,5.79236745834,-10.6377191544]},"hfc":{"dmean":24.4041576385,"dmean2":38.097492218,"dvar":1287.79577637,"dvar2":3258.67529297,"max":744.154846191,"mean":84.4924545288,"median":65.3639755249,"min":1.1088030533e-16,"var":6011.359375},"melbands":{"dmean":[0.00140788394492,0.0013173999032,0.000732474902179,0.00050281942822,0.000478613539599,0.00031875714194,0.000389080261812,0.000200663140276,0.000127080726088,0.000129796011606,0.000097341981018,0.000110937799036,0.0000623293162789,0.0000302401294903,0.0000245764495048,0.000022658980015,0.0000157336235134,0.0000145130561577,0.0000106503639472,0.0000114915128506,0.00000979235483101,0.00000747544436308,0.00000987434668787,0.00000559960153623,0.00000455781355413,0.00000491772789246,0.00000476487139167,0.00000565016171095,0.00000446236299467,0.00000389517208532,0.00000360727153748,0.00000313440204991,0.00000241843281401,0.00000145987121414,8.64093635755e-7,4.75733173744e-7,2.2137182043e-7,1.15514644961e-7,5.87416799647e-8,1.95021883087e-8],"dmean2":[0.00236181193031,0.00219602161087,0.00117872806732,0.000813012069557,0.00078434671741,0.000523431692272,0.000637699151412,0.000328082882334,0.000208700817893,0.000211619204492,0.000160267751198,0.000186717748875,0.000103432983451,0.0000493412153446,0.0000404209022236,0.0000368517503375,0.0000255875074799,0.0000240218578256,0.0000173595453816,0.0000189694419532,0.0000156661171786,0.0000120207187138,0.0000158349994308,0.00000917767101782,0.00000740305631552,0.00000777740115154,0.00000742802512832,0.00000875857494975,0.00000685945951773,0.00000588704233451,0.00000535755134479,0.00000459225202576,0.000003524442036,0.0000021406842734,0.00000128288843371,7.11435347966e-7,3.35291417741e-7,1.75632450805e-7,9.1189235718e-8,3.21776134626e-8],"dvar":[0.00000434126695836,0.00000420318201577,0.00000248452624874,0.00000100170598216,8.74931799899e-7,4.70353427318e-7,0.00000121730363389,2.36118751218e-7,9.53485042032e-8,7.33474863068e-8,3.7480823778e-8,4.02377544617e-8,2.35393606829e-8,6.07806427411e-9,3.40905614848e-9,2.25545848664e-9,8.62522830936e-10,8.12080791501e-10,2.88240736834e-10,3.76394665436e-10,2.71474231983e-10,1.26630261832e-10,2.63940203027e-10,7.52079162836e-11,6.5717278841e-11,9.21488163552e-11,1.27117719129e-10,2.81847545303e-10,9.37101438114e-11,5.8848106943e-11,8.89475715304e-11,7.4264858152e-11,4.62198855578e-11,1.98558652159e-11,7.1783672756e-12,3.11165134458e-12,6.5424879056e-13,2.5578362128e-13,6.96746195353e-14,1.64277804955e-15],"dvar2":[0.0000118449443107,0.0000109621814772,0.00000568257746636,0.000002437939429,0.00000221542268264,0.00000122154608562,0.00000315647798743,6.00893713454e-7,2.50457134143e-7,1.90079987306e-7,9.96138211917e-8,1.11829074001e-7,5.73450122943e-8,1.53918691126e-8,9.09566288954e-9,5.81054626636e-9,2.13426676332e-9,2.18826379239e-9,7.19795167914e-10,9.99652138844e-10,6.59199861364e-10,3.20508619644e-10,6.62712384969e-10,1.99171595883e-10,1.73253869584e-10,2.19681925429e-10,3.00350549987e-10,6.79812539595e-10,2.09674902441e-10,1.27860083632e-10,2.02149977313e-10,1.4590435804e-10,8.86840184622e-11,4.13292559898e-11,1.44664445353e-11,7.61378720487e-12,1.46771473013e-12,5.33135601638e-13,1.54423552396e-13,3.70831701934e-15],"max":[0.0340458713472,0.0423136204481,0.0355547256768,0.0190688166767,0.0149366231635,0.016294054687,0.0209441464394,0.0105923488736,0.0083378367126,0.00517408223823,0.00338751729578,0.00247449148446,0.00760641042143,0.003578848904,0.0026865801774,0.00275969668292,0.00053418596508,0.000615445256699,0.000304493441945,0.00039984905743,0.00042016725638,0.000211369610042,0.000459741248051,0.000142705626786,0.000173838576302,0.00020570246852,0.000323394313455,0.000490156526212,0.000203536401386,0.000173361666384,0.000299712788546,0.000216909305891,0.000178535541636,0.000116780327517,0.0000777577588451,0.0000640861107968,0.0000263270540017,0.0000185628941836,0.00000885538975126,0.00000134248409722],"mean":[0.00196096603759,0.00184292066842,0.000967481406406,0.000660298217554,0.000641419377644,0.00043816989637,0.000520739180502,0.000285971735138,0.000185414028238,0.000193095111172,0.000149903993588,0.000165841949638,0.0000935126299737,0.0000482672730868,0.000042125408072,0.0000390350942325,0.0000271758854069,0.0000260870419879,0.0000213123894355,0.0000230823370657,0.0000198640846065,0.0000153267192218,0.0000187114619621,0.0000118356956591,0.00000994761285256,0.0000102339790828,0.00000982322217169,0.0000108003432615,0.00000882205767994,0.00000792016726336,0.00000681548499415,0.0000057569072851,0.00000414036503571,0.00000244487887358,0.00000141022837852,6.88522675318e-7,2.74101125797e-7,1.32137600417e-7,6.43704964887e-8,2.02742977962e-8],"median":[0.00117677077651,0.000964743201621,0.000358222314389,0.000280325795757,0.000226147603826,0.000148161430843,0.00010167392611,0.0000885805638973,0.0000641342121526,0.0000599101076659,0.000046434084652,0.0000616913457634,0.0000263883739535,0.0000177415677172,0.0000213187231566,0.0000201457278308,0.0000151943586388,0.0000145811836774,0.0000125751776068,0.0000120485783555,0.000009810037227,0.00000881462074176,0.00000993290450424,0.00000697585210219,0.00000501077511217,0.00000481220877191,0.00000421054483013,0.00000376389289158,0.00000338291465596,0.00000325923838318,0.0000027800629141,0.00000241844054472,0.00000169481916146,9.82169012786e-7,5.4613070688e-7,2.25699324119e-7,5.822946747e-8,1.71372995794e-8,9.70916502752e-9,6.13952444439e-9],"min":[3.40111028956e-24,1.66331657132e-24,1.70961205683e-24,9.19769019784e-25,1.82856380108e-24,1.92782518271e-24,1.71228688695e-24,2.13575984543e-24,2.47584290926e-24,4.03161841211e-24,1.7671637986e-24,3.34426181728e-24,2.2119046443e-24,2.66073435329e-24,1.5488325408e-24,2.93177709957e-24,1.00899125892e-24,2.61859774247e-24,4.91137384298e-24,4.5146434664e-24,5.13165930646e-24,4.02991999458e-24,4.34895072744e-24,4.46920192282e-24,4.73162439155e-24,5.83026505779e-24,5.33762063362e-24,4.06464880707e-24,6.39204170182e-24,5.31107151986e-24,4.96565654516e-24,5.26242286226e-24,4.1632004111e-24,5.68049981494e-24,6.33953117567e-24,5.89455564385e-24,5.94178592953e-24,4.99299964743e-24,7.26308731944e-24,6.91551836004e-24],"var":[0.00000581538961342,0.00000645194677418,0.00000374251135327,0.00000147662058225,0.00000125836288589,6.69818689403e-7,0.00000174252556917,3.6077886989e-7,1.56909493398e-7,1.27978964315e-7,6.98640150176e-8,7.08150551532e-8,4.18413890202e-8,1.13794493828e-8,4.79325024116e-9,4.70195171687e-9,1.50528178811e-9,1.62093893863e-9,7.39873773359e-10,9.96743687587e-10,7.45931705293e-10,3.38870598249e-10,6.46786069147e-10,1.98169244903e-10,1.81519022036e-10,2.23590188031e-10,2.78017248112e-10,5.62047908215e-10,2.06694411586e-10,1.44059986162e-10,1.67537705931e-10,1.51948745253e-10,9.09104874713e-11,3.58785189059e-11,1.38694724108e-11,4.15320338884e-12,9.39344739145e-13,3.70517716985e-13,9.64757245446e-14,2.30570944451e-15]},"melbands_crest":{"dmean":4.2730050087,"dmean2":7.02583599091,"dvar":12.5078430176,"dvar2":32.722038269,"max":37.012260437,"mean":15.3106355667,"median":14.4670248032,"min":1.67523622513,"var":37.1921768188},"melbands_flatness_db":{"dmean":0.0332699231803,"dmean2":0.0513799823821,"dvar":0.000886595575139,"dvar2":0.0021337219514,"max":0.667880296707,"mean":0.217957347631,"median":0.210297822952,"min":0.00356191652827,"var":0.00530980760232},"melbands_kurtosis":{"dmean":14.7015562057,"dmean2":24.0778884888,"dvar":2213.07006836,"dvar2":5778.60253906,"max":1403.94384766,"mean":25.1098842621,"median":8.54335308075,"min":-1.8610804081,"var":4337.43164062},"melbands_skewness":{"dmean":1.02955722809,"dmean2":1.62257492542,"dvar":1.6270557642,"dvar2":3.93534946442,"max":29.2316932678,"mean":3.19477629662,"median":2.50392651558,"min":-2.7736825943,"var":6.52148151398},"melbands_spread":{"dmean":8.2610206604,"dmean2":12.837310791,"dvar":138.035476685,"dvar2":290.118621826,"max":180.574493408,"mean":23.7377700806,"median":17.7175273895,"min":0.185735568404,"var":494.766082764},"mfcc":{"cov":[[11646.6035156,1075.45275879,-1334.40722656,233.538833618,-1209.9473877,26.8448886871,-634.41784668,-68.5316696167,-404.667877197,-46.6273651123,-217.279647827,-12.3059206009,-99.1804046631],[1075.45275879,1002.97839355,-106.948387146,-88.1988754272,-121.638435364,-96.0392532349,-87.0918655396,-42.0177383423,-46.1395797729,-48.7536506653,33.4237060547,-23.4964580536,-1.85757625103],[-1334.40722656,-106.948387146,762.00592041,-185.793762207,214.07270813,-86.0611801147,83.4296722412,-16.609992981,41.4488105774,34.1445503235,27.9195518494,34.6553726196,-31.7114162445],[233.538833618,-88.1988754272,-185.793762207,368.436767578,5.83592510223,144.364562988,-7.05846691132,39.354434967,16.5590839386,17.8459281921,-15.2635250092,-25.4769630432,13.5789089203],[-1209.9473877,-121.638435364,214.07270813,5.83592510223,360.550720215,40.2256126404,134.281921387,20.9067382812,63.3349227905,-18.5721740723,20.3250026703,2.77102613449,-1.11910963058],[26.8448886871,-96.0392532349,-86.0611801147,144.364562988,40.2256126404,215.53729248,58.2620048523,74.5912628174,-9.24123573303,-7.22500181198,-19.8247871399,-9.5821647644,0.525303840637],[-634.41784668,-87.0918655396,83.4296722412,-7.05846691132,134.281921387,58.2620048523,172.236740112,30.2687835693,50.1996650696,-17.0946655273,4.85736370087,-14.6207132339,7.37671756744],[-68.5316696167,-42.0177383423,-16.609992981,39.354434967,20.9067382812,74.5912628174,30.2687835693,119.795120239,30.8411712646,20.6556186676,-5.09114837646,12.6285276413,-4.71614217758],[-404.667877197,-46.1395797729,41.4488105774,16.5590839386,63.3349227905,-9.24123573303,50.1996650696,30.8411712646,109.532485962,32.81690979,36.7662162781,-2.65284132957,12.3384723663],[-46.6273651123,-48.7536506653,34.1445503235,17.8459281921,-18.5721740723,-7.22500181198,-17.0946655273,20.6556186676,32.81690979,99.4932937622,31.2131996155,24.7265720367,3.60299301147],[-217.279647827,33.4237060547,27.9195518494,-15.2635250092,20.3250026703,-19.8247871399,4.85736370087,-5.09114837646,36.7662162781,31.2131996155,88.001991272,22.7016525269,25.5801677704],[-12.3059206009,-23.4964580536,34.6553726196,-25.4769630432,2.77102613449,-9.5821647644,-14.6207132339,12.6285276413,-2.65284132957,24.7265720367,22.7016525269,76.0777130127,18.7239532471],[-99.1804046631,-1.85757625103,-31.7114162445,13.5789089203,-1.11910963058,0.525303840637,7.37671756744,-4.71614217758,12.3384723663,3.60299301147,25.5801677704,18.7239532471,68.0977859497]],"icov":[[0.000175152323209,-0.00013450057304,0.00015002785949,-0.0000565172958886,0.000369783752831,-0.000108885637019,0.000165588891832,0.0000778569010436,0.000102398516901,-0.0000149063371282,0.000255907740211,-0.000245773204369,0.000280618958641],[-0.00013450057304,0.00131862913258,-0.0000014706604361,0.000187924262718,-0.0000824433154776,0.000544237496797,0.000212169485167,-0.000434455316281,0.000384894723538,0.000789680576418,-0.00131623749621,0.000806595489848,-0.0000955734285526],[0.00015002785949,-0.0000014706604361,0.00222005648538,0.000771405757405,-0.000884660927113,0.000439432100393,-0.000338723999448,0.000369658664567,0.000286033551674,-0.00112536095548,0.000256076018559,-0.000781067006756,0.00126911897678],[-0.0000565172958886,0.000187924262718,0.000771405757405,0.00484919268638,-0.000875028083101,-0.0035088120494,0.00197529024445,0.00093091186136,-0.00185197091196,-0.00136461749207,0.000952601141762,0.00152420706581,-0.0011908946326],[0.000369783752831,-0.0000824433154776,-0.000884660927113,-0.000875028083101,0.00579806696624,-0.000586202077102,-0.00227009737864,0.000481200084323,-0.0013842266053,0.00207276688889,-0.00039691341226,-0.00160741771106,0.00141008279752],[-0.000108885637019,0.000544237496797,0.000439432100393,-0.0035088120494,-0.000586202077102,0.0107934502885,-0.00405861670151,-0.00581339281052,0.00529446639121,0.000342515995726,-0.00130957877263,0.000805728486739,-0.0000023168684038],[0.000165588891832,0.000212169485167,-0.000338723999448,0.00197529024445,-0.00227009737864,-0.00405861670151,0.0116340965033,0.0000195076008822,-0.00447498168796,0.00195927266032,0.00089911284158,0.00208773044869,-0.00177420116961],[0.0000778569010436,-0.000434455316281,0.000369658664567,0.00093091186136,0.000481200084323,-0.00581339281052,0.0000195076008822,0.0139951528981,-0.00578874023631,-0.00188217358664,0.00332261039875,-0.0041584931314,0.00215167319402],[0.000102398516901,0.000384894723538,0.000286033551674,-0.00185197091196,-0.0013842266053,0.00529446639121,-0.00447498168796,-0.00578874023631,0.0181952994317,-0.00419513275847,-0.00567479152232,0.00424594338983,-0.00142819434404],[-0.0000149063371282,0.000789680576418,-0.00112536095548,-0.00136461749207,0.00207276688889,0.000342515995726,0.00195927266032,-0.00188217358664,-0.00419513275847,0.0157419722527,-0.00433118548244,-0.00349705643021,0.00195243232884],[0.000255907740211,-0.00131623749621,0.000256076018559,0.000952601141762,-0.00039691341226,-0.00130957877263,0.00089911284158,0.00332261039875,-0.00567479152232,-0.00433118548244,0.0186993218958,-0.00401337770745,-0.00426092557609],[-0.000245773204369,0.000806595489848,-0.000781067006756,0.00152420706581,-0.00160741771106,0.000805728486739,0.00208773044869,-0.0041584931314,0.00424594338983,-0.00349705643021,-0.00401337770745,0.0194225236773,-0.00596745265648],[0.000280618958641,-0.0000955734285526,0.00126911897678,-0.0011908946326,0.00141008279752,-0.0000023168684038,-0.00177420116961,0.00215167319402,-0.00142819434404,0.00195243232884,-0.00426092557609,-0.00596745265648,0.0196805559099]],"mean":[-665.066955566,134.431167603,-14.8943386078,49.7110862732,-15.8201122284,24.9690551758,-7.99751567841,13.7685146332,1.63093817234,4.25303220749,-0.45676869154,0.610360145569,0.658693730831]},"pitch_salience":{"dmean":0.0880113393068,"dmean2":0.142612814903,"dvar":0.00557472323999,"dvar2":0.0149046201259,"max":0.828967273235,"mean":0.550068736076,"median":0.573885679245,"min":0.0614937618375,"var":0.0170682761818},"silence_rate_20dB":{"dmean":0,"dmean2":0,"dvar":0,"dvar2":0,"max":1,"mean":1,"median":1,"min":1,"var":0},"silence_rate_30dB":{"dmean":0.002469135914,"dmean2":0.00493888137862,"dvar":0.00246291561052,"dvar2":0.0063957828097,"max":1,"mean":0.998271822929,"median":1,"min":0,"var":0.00172510452103},"silence_rate_60dB":{"dmean":0.019753087312,"dmean2":0.039511051029,"dvar":0.0193641446531,"dvar2":0.0438725575805,"max":1,"mean":0.105665966868,"median":0,"min":0,"var":0.0945034623146},"spectral_centroid":{"dmean":299.425140381,"dmean2":436.611694336,"dvar":116211.476562,"dvar2":196030.609375,"max":11775.1621094,"mean":1526.453125,"median":1308.77685547,"min":98.9527816772,"var":1094915.5},"spectral_complexity":{"dmean":3.51333332062,"dmean2":5.21718740463,"dvar":12.4662847519,"dvar2":23.8554134369,"max":57,"mean":20.5719051361,"median":20,"min":0,"var":176.239440918},"spectral_contrast_coeffs":{"dmean":[0.0584211945534,0.0517802461982,0.0415851697326,0.0265557449311,0.0198428910226,0.0456365272403],"dmean2":[0.0947805643082,0.0865841656923,0.0695766061544,0.0441157482564,0.0324282348156,0.0703177899122],"dvar":[0.00220456765965,0.00170573056675,0.00105886545498,0.000439246388851,0.00029275828274,0.00146422593389],"dvar2":[0.00552242668346,0.00461041135713,0.00293099926785,0.00118813966401,0.00070181011688,0.00365437753499],"max":[-0.336263239384,-0.452736496925,-0.541704058647,-0.611598610878,-0.631353080273,-0.385866522789],"mean":[-0.688271284103,-0.769684910774,-0.786133766174,-0.815084457397,-0.815804481506,-0.64670497179],"median":[-0.69607424736,-0.774392366409,-0.787137150764,-0.813511490822,-0.814567327499,-0.640978217125],"min":[-0.971320569515,-0.97496765852,-0.972993314266,-0.986670792103,-0.972362101078,-0.96521627903],"var":[0.0081042079255,0.00567502295598,0.00385608430952,0.00180638523307,0.00137693085708,0.00774377817288]},"spectral_contrast_valleys":{"dmean":[0.431045919657,0.396296173334,0.339261353016,0.267468720675,0.212393552065,0.595578491688],"dmean2":[0.69934463501,0.63267326355,0.533718109131,0.41608813405,0.308731079102,0.924975037575],"dvar":[0.154068052769,0.138339534402,0.108493901789,0.0870904028416,0.0761792063713,0.27398198843],"dvar2":[0.320833414793,0.282705098391,0.202924236655,0.152856349945,0.111830085516,0.653533875942],"max":[-5.22583913803,-4.56719112396,-5.2625002861,-5.90796327591,-5.66482257843,-8.49733066559],"mean":[-7.11177062988,-6.805103302,-7.33621549606,-7.67863368988,-7.502161026,-11.4031400681],"median":[-6.8085308075,-6.42803859711,-6.99263238907,-7.29176568985,-7.18739271164,-11.2292575836],"min":[-27.9550685883,-27.8912830353,-27.6959457397,-27.6768665314,-27.4922409058,-27.3509864807],"var":[2.96629619598,3.59698200226,3.3857088089,3.17372632027,3.20494627953,2.21448922157]},"spectral_decrease":{"dmean":2.71856781531e-9,"dmean2":4.40949987635e-9,"dvar":1.05103032741e-17,"dvar2":2.70796830284e-17,"max":4.25049856423e-10,"mean":-6.33789731808e-9,"median":-5.46619149944e-9,"min":-4.53914665854e-8,"var":2.60541643573e-17},"spectral_energy":{"dmean":0.0107563044876,"dmean2":0.0172212589532,"dvar":0.000156430454808,"dvar2":0.000400742690545,"max":0.17477889359,"mean":0.0315843224525,"median":0.0287856962532,"min":1.01254710262e-20,"var":0.000545100367162},"spectral_energyband_high":{"dmean":0.00043924440979,"dmean2":0.000607627211139,"dvar":9.51112212988e-7,"dvar2":0.00000179664186817,"max":0.0170552358031,"mean":0.00115446548443,"median":0.000619033351541,"min":7.13583188173e-21,"var":0.0000028131801173},"spectral_energyband_low":{"dmean":0.00715636368841,"dmean2":0.0118171423674,"dvar":0.0000925800777622,"dvar2":0.000242656649789,"max":0.162591829896,"mean":0.0115093560889,"median":0.00772339478135,"min":2.75431637028e-23,"var":0.000155094472575},"spectral_energyband_middle_high":{"dmean":0.00141160388011,"dmean2":0.0022160273511,"dvar":0.00000417096680394,"dvar2":0.0000105571471067,"max":0.0579449236393,"mean":0.00440994370729,"median":0.0032668390777,"min":1.21494151758e-21,"var":0.0000194000640477},"spectral_energyband_middle_low":{"dmean":0.00597177864984,"dmean2":0.00942738913,"dvar":0.0000784450603533,"dvar2":0.000194317733985,"max":0.128093019128,"mean":0.012515948154,"median":0.00775078032166,"min":2.1016299598e-22,"var":0.000198360183276},"spectral_entropy":{"dmean":0.147424042225,"dmean2":0.216960832477,"dvar":0.024933077395,"dvar2":0.0532425269485,"max":9.8237247467,"mean":7.70883607864,"median":7.75733327866,"min":4.74159145355,"var":0.123589806259},"spectral_flux":{"dmean":0.0234180688858,"dmean2":0.0382916741073,"dvar":0.000547124946024,"dvar2":0.00132502394263,"max":0.280024290085,"mean":0.0992881432176,"median":0.101302623749,"min":6.45094672125e-11,"var":0.00246445578523},"spectral_kurtosis":{"dmean":1.58893311024,"dmean2":2.25448894501,"dvar":2.71388030052,"dvar2":5.14013767242,"max":29.3169746399,"mean":8.82648849487,"median":8.23700141907,"min":-1.2599824667,"var":14.3963375092},"spectral_rms":{"dmean":0.000903559906874,"dmean2":0.00141631963197,"dvar":7.75801140662e-7,"dvar2":0.00000191350704881,"max":0.0130581771955,"mean":0.00505350669846,"median":0.00529939681292,"min":3.14300950717e-12,"var":0.00000527613519807},"spectral_rolloff":{"dmean":4048.66699219,"dmean2":7530.68945312,"dvar":44793684,"dvar2":104780536,"max":22006.9335938,"mean":6783.11181641,"median":2627.05078125,"min":64.599609375,"var":68293080},"spectral_skewness":{"dmean":0.198781043291,"dmean2":0.27512422204,"dvar":0.0365798175335,"dvar2":0.0643717497587,"max":4.028403759,"mean":1.74847233295,"median":1.67625045776,"min":-0.0804888084531,"var":0.261772155762},"spectral_spread":{"dmean":380809.3125,"dmean2":562951.5625,"dvar":365678788608,"dvar2":599629692928,"max":42517240,"mean":4451256,"median":4103606.75,"min":2151213,"var":7475375898620},"spectral_strongpeak":{"dmean":0.965728759766,"dmean2":1.77459836006,"dvar":23.8611965179,"dvar2":67.4836578369,"max":85.2250823975,"mean":0.889886081219,"median":0.28907713294,"min":0,"var":14.9823713303},"zerocrossingrate":{"dmean":0.0321724303067,"dmean2":0.0401935838163,"dvar":0.000875697354786,"dvar2":0.00130249129143,"max":0.6884765625,"mean":0.196024641395,"median":0.1953125,"min":0.00732421875,"var":0.00692617613822}},"metadata":{"audio_properties":{"analysis_sample_rate":44100,"bit_rate":128000,"codec":"mp3","downmix":"mix","equal_loudness":0,"length":188.081634521,"lossless":false,"md5_encoded":"a58a94a85e801b9d41952e4a30730dd9","replay_gain":-11.3353176117},"tags":{"album":["Voi-La Intruder"],"albumartist":["Gogol Bordello"],"albumartistsort":["Gogol Bordello"],"artist":["Gogol Bordello"],"artistsort":["Gogol Bordello"],"asin":["B000060K4I"],"barcode":["676180003829"],"catalognumber":["RUB38"],"composer":["Eugene H端tz"],"date":["2002-03-05"],"discnumber":["1/1"],"file_name":"02 Movement One (Songs of Immigration in Voi-La Minor): Voi-La Intruder.mp3","label":["Rubric Records"],"language":["eng"],"lyricist":["Eugene H端tz"],"media":["CD"],"musicbrainz album release country":["US"],"musicbrainz album status":["official"],"musicbrainz album type":["album"],"musicbrainz_albumartistid":["f47fc54d-b334-4321-8218-00c5b11d4dd1"],"musicbrainz_albumid":["541f56eb-0ba4-4301-83af-9ad4e6642f22"],"musicbrainz_artistid":["f47fc54d-b334-4321-8218-00c5b11d4dd1"],"musicbrainz_recordingid":["49d719ae-8743-4820-80bb-5aaf6148afee"],"originaldate":["2002-03-05"],"performer:accordion":["Sasha Kazatchkoff"],"performer:acoustic guitar":["Eugene H端tz"],"performer:drums":["Eliot Ferguson"],"performer:guitar":["Vlad Solovar"],"performer:vocal":["Eugene H端tz"],"script":["Latn"],"title":["Movement One (Songs of Immigration in Voi-La Minor): Voi-La Intruder"],"tracknumber":["2/15"]},"version":{"essentia":"2.1-beta1","essentia_build_sha":"eef087cf131c10083d474ad51def18efd0e38295","essentia_git_sha":"v2.1_beta1-7-ge0e83e8-dirty","extractor":"music 1.0"}},"rhythm":{"beats_count":385,"beats_loudness":{"dmean":0.0148493945599,"dmean2":0.0252602770925,"dvar":0.000172452899278,"dvar2":0.000494694628287,"max":0.109858810902,"mean":0.0356914252043,"median":0.0342112667859,"min":0,"var":0.000493188854307},"beats_loudness_band_ratio":{"dmean":[0.189164638519,0.11617320776,0.107435017824,0.0494723916054,0.03475