{"lowlevel":{"average_loudness":0.767505645752,"barkbands":{"dmean":[0.00363783841021,0.0123558659106,0.00404120562598,0.00262536434457,0.00173429830465,0.0011301325867,0.000760590191931,0.000644730578642,0.00107130873948,0.0010748077184,0.00110224517994,0.000535239116289,0.000783069408499,0.000504661235027,0.000215474094148,0.0000831260258565,0.0000302468961308,0.0000182443563972,0.0000321228435496,0.0000568060677324,0.0000544646281924,0.0000253545840678,0.00000590170930082,0.00000316038858728,0.00000324345182889,0.00000557585963179,0.000976069306489],"dmean2":[0.00594698498026,0.0205495320261,0.00677961949259,0.00423070043325,0.00283597246744,0.00181672396138,0.00122648058459,0.00101446185727,0.00170182972215,0.00175339810085,0.00179919716902,0.000874285411555,0.00129664421547,0.000839607382659,0.000356931501301,0.000137133858516,0.000049910893722,0.0000296350826829,0.0000515414612892,0.0000906640343601,0.0000863933673827,0.0000411428118241,0.00000992264904198,0.00000518300157637,0.00000530120632902,0.00000919765352592,0.00149152253289],"dvar":[0.0000625776665402,0.000532100675628,0.0000400211247324,0.0000150946370923,0.00000752456844566,0.0000174923243321,0.00000773641204432,0.00000902921419765,0.0000130443095259,0.0000119736987472,0.00000434001867688,0.00000101385376183,0.00000182959161066,5.79273944368e-7,9.51354408585e-8,1.44995313534e-8,2.9182365413e-9,7.65724872398e-10,3.10329739683e-9,1.85347985848e-8,2.90169168693e-8,8.78330741472e-9,2.38525033058e-10,2.83691247577e-11,2.78220033817e-11,9.89736001489e-11,0.00000356597729478],"dvar2":[0.000149010287714,0.00138444313779,0.000110848013719,0.0000370055713574,0.0000195988232008,0.0000406114631915,0.0000203656381927,0.0000215669606405,0.0000328557762259,0.0000298507875414,0.0000109050288302,0.00000274702370007,0.00000468456710223,0.00000151796893988,2.53809673723e-7,3.80165978697e-8,7.68163133102e-9,1.92276816691e-9,7.50391304649e-9,4.51568951121e-8,7.40960075518e-8,2.36932695685e-8,6.61711518912e-10,6.91063664626e-11,6.77155068129e-11,2.64233551706e-10,0.00000843893303681],"max":[0.13252556324,0.443588733673,0.156181842089,0.0614851638675,0.0672027617693,0.191684737802,0.131765857339,0.122869029641,0.117206014693,0.121365249157,0.0619705691934,0.0346094332635,0.0568829849362,0.0160535853356,0.00785151403397,0.00292896432802,0.00157196284272,0.00059227203019,0.00142649072222,0.00390947237611,0.00447630928829,0.00303510762751,0.000305955734802,0.000179094146006,0.00017604061577,0.00021460793505,0.0376445539296],"mean":[0.00360163091682,0.0180839896202,0.0063621760346,0.00426053069532,0.00270413327962,0.00161636632401,0.00115467899013,0.000898694444913,0.00153923232574,0.00163833750412,0.00175549671985,0.000916206918191,0.0013519275235,0.000903473992366,0.000410218141042,0.000160678988323,0.0000568918767385,0.0000380733254133,0.0000712143155397,0.000114199523523,0.0000916738863452,0.0000379451776098,0.00000803084640211,0.00000374539217773,0.0000036371616261,0.00000782759616413,0.00254056905396],"median":[0.00105664390139,0.00905179884285,0.00332209328189,0.00191481714137,0.00155412987806,0.00064856413519,0.00044416252058,0.000195769811398,0.000428147148341,0.000588970957324,0.000939664198086,0.000538848165888,0.000830262666568,0.000561786058825,0.000280230568023,0.000109494088974,0.0000362666105502,0.0000260934921243,0.0000446211379312,0.0000627650879323,0.000038822494389,0.0000152140282808,0.00000414202486354,0.00000184938073744,0.00000163993195201,0.00000451198638984,0.0016949090641],"min":[5.02760825724e-25,1.0388417753e-23,3.54551088383e-24,3.5498417302e-24,8.97612244096e-24,1.09417421469e-23,1.32865870114e-23,1.78147480039e-23,2.54050114394e-23,2.65220684579e-23,1.38281005798e-23,2.77393060782e-23,4.24765562295e-23,4.84090489832e-23,4.79127797431e-23,8.92249835875e-23,9.36536045332e-23,8.17090071833e-23,1.66341293068e-22,2.14106391738e-22,2.99824573058e-22,3.24124063781e-22,4.14505738336e-22,6.36947398482e-22,1.07135701885e-21,1.36542427045e-21,1.92977016187e-21],"var":[0.0000612127842032,0.000672388297971,0.0000871730226208,0.0000372162285203,0.000013208056771,0.0000260381148109,0.0000130626976897,0.0000182829717232,0.0000217401520786,0.0000234163908317,0.0000081035286712,0.00000175328818841,0.00000331452429236,0.00000117452236736,1.90142301904e-7,3.06732275135e-8,5.36077982005e-9,1.75709580219e-9,8.22708390302e-9,3.09001606524e-8,3.44516273287e-8,8.801931628e-9,2.09576481169e-10,3.33181052192e-11,3.32568278472e-11,1.13037502969e-10,0.00000790123795014]},"barkbands_crest":{"dmean":3.03683757782,"dmean2":4.99106740952,"dvar":7.00743770599,"dvar2":18.135383606,"max":24.9966526031,"mean":10.961771965,"median":10.225736618,"min":2.86860084534,"var":21.41431427},"barkbands_flatness_db":{"dmean":0.0274157896638,"dmean2":0.0437141992152,"dvar":0.000609062204603,"dvar2":0.00151296367403,"max":0.410731375217,"mean":0.159851789474,"median":0.155654773116,"min":0.0338931269944,"var":0.00197586067952},"barkbands_kurtosis":{"dmean":6.60724020004,"dmean2":10.7370700836,"dvar":276.577423096,"dvar2":674.645141602,"max":436.436737061,"mean":10.2431945801,"median":4.77652692795,"min":-1.81955242157,"var":435.709075928},"barkbands_skewness":{"dmean":0.75816398859,"dmean2":1.20299601555,"dvar":0.894710302353,"dvar2":2.13280820847,"max":17.8295345306,"mean":2.54021954536,"median":2.15378546715,"min":-2.59477353096,"var":2.67842960358},"barkbands_spread":{"dmean":10.7124176025,"dmean2":16.9728984833,"dvar":121.049797058,"dvar2":278.141204834,"max":129.21762085,"mean":36.1524047852,"median":32.8390426636,"min":0.837654709816,"var":415.896362305},"dissonance":{"dmean":0.0184313412756,"dmean2":0.0316504947841,"dvar":0.000431884953286,"dvar2":0.00120458693709,"max":0.500000178814,"mean":0.471994519234,"median":0.480118334293,"min":0.241455569863,"var":0.000756496738177},"dynamic_complexity":2.58197975159,"erbbands":{"dmean":[0.444876044989,2.61959242821,4.90966892242,6.39161014557,7.95838308334,5.11465740204,5.69131994247,10.8436555862,11.534611702,10.6363067627,15.4970703125,21.7991924286,31.2894554138,36.2812995911,36.2913475037,22.5611972809,33.2252998352,28.2037467957,12.8693675995,6.51971817017,3.985932827,1.53496992588,1.01241731644,0.961593747139,2.11287927628,2.81077051163,2.5330824852,1.86533212662,1.01548373699,0.370012819767,0.142962470651,0.0731205046177,0.0504975877702,0.0353402867913,0.0237182956189,0.0159002821892,0.0114648062736,0.0151272816584,0.0768615230918,0.024796448648],"dmean2":[0.746792554855,4.37093925476,8.22618293762,10.3019275665,13.029209137,8.42125797272,9.21231079102,17.3333282471,18.4956550598,17.1094398499,24.3672389984,34.6368751526,50.2084884644,58.5474472046,59.4518623352,36.493522644,54.5049972534,46.8197059631,21.184091568,10.7477798462,6.54788732529,2.4945704937,1.64085876942,1.54012107849,3.3738720417,4.49978113174,4.06731510162,2.95877480507,1.6399102211,0.613524973392,0.239230379462,0.120583213866,0.0827279835939,0.0578223802149,0.0387297123671,0.0260110590607,0.018931966275,0.023546943441,0.116088092327,0.0374524183571],"dvar":[0.845911800861,24.1125888824,64.6594314575,76.904083252,161.830749512,66.9692001343,278.19354248,1934.1036377,1623.54003906,1711.61828613,5598.8046875,6966.07861328,11409.453125,5886.203125,4497.22607422,1282.25964355,3161.24536133,1820.5703125,321.436706543,96.4205703735,30.8582859039,8.06419467926,2.56624293327,2.1110496521,15.4430093765,42.4199180603,53.840965271,43.0417251587,14.7415838242,1.68447625637,0.116590306163,0.0156694464386,0.00720343366265,0.00339834950864,0.00145416741725,0.000608079426456,0.000505054194946,0.00137662305497,0.0401117503643,0.00186683482025],"dvar2":[2.22232103348,63.7360839844,182.5728302,187.340744019,422.701568604,176.575057983,660.127563477,4395.5625,4122.28759766,4308.75537109,13601.8554688,17859.8925781,27928.0351562,14316.2480469,11920.3447266,3368.63769531,7989.32226562,4774.37988281,850.72088623,250.636611938,81.3317947388,21.0598125458,6.49790716171,5.03781318665,37.1589889526,103.189575195,137.205825806,111.964363098,39.7372055054,4.68938684464,0.319434970617,0.0387343503535,0.0175149347633,0.00826747715473,0.00354215642437,0.00151085038669,0.00137709267437,0.00342285982333,0.0955982431769,0.00434163026512],"max":[13.8016576767,106.509780884,179.723724365,168.162597656,281.414001465,171.580917358,818.714904785,2369.8046875,1664.47595215,2356.26660156,3164.07104492,3561.78613281,4083.65478516,2414.01171875,1888.19555664,886.555480957,2305.02490234,842.478210449,396.556396484,242.04750061,117.77872467,83.6559448242,32.9447937012,34.5949058533,105.601425171,182.751342773,165.269317627,220.11491394,118.921867371,36.9717750549,8.85036087036,3.94705677032,2.88284397125,1.9804238081,1.24528610706,0.697013139725,0.607069134712,0.811187446117,3.77483987808,0.875189304352],"mean":[0.527758419514,3.95164036751,7.96256399155,11.4965372086,12.5033006668,7.64385128021,8.75478172302,14.9851808548,16.933385849,16.8272895813,22.8384628296,31.9415359497,49.4189949036,59.8993377686,61.0342178345,43.1266937256,61.305015564,52.3122596741,27.6160469055,13.5626173019,8.20462036133,3.24546694756,2.18023824692,2.27723121643,4.62592363358,5.66347169876,4.5082359314,3.0296292305,1.52570021152,0.527400135994,0.194003626704,0.0909372195601,0.0584433488548,0.0393706969917,0.0269492827356,0.0191881805658,0.01664484106,0.0341916643083,0.16321721673,0.0828443467617],"median":[0.248850643635,1.94427323341,4.38082122803,6.14380502701,6.45731830597,4.36816501617,4.17687320709,5.48047733307,6.15974617004,5.71098327637,5.14292097092,8.74560070038,16.3595581055,30.0655632019,34.6337928772,27.4340667725,38.8596763611,33.9487380981,19.4720420837,9.44157028198,5.79612350464,2.15198683739,1.51244854927,1.56702983379,2.75359177589,3.13201475143,2.16625022888,1.20664918423,0.599719524384,0.236463844776,0.10055539757,0.0470183640718,0.0277431514114,0.017575243488,0.0123550100252,0.00965604931116,0.00971899926662,0.0216340795159,0.0866858363152,0.0618398711085],"min":[1.59803579917e-22,2.48929463642e-21,4.83089068147e-21,1.25894175044e-20,2.45222507041e-20,1.91917905925e-20,1.21831344987e-20,1.23020484973e-19,2.07866287408e-19,2.62026312831e-19,3.74590782497e-19,6.48336461e-19,5.69631673281e-19,5.05090078806e-19,6.44611770099e-19,1.20750295536e-18,1.72378204782e-18,2.67569436232e-18,3.59446909769e-18,3.23674636319e-18,4.73370194196e-18,5.8660116981e-18,3.96715118677e-18,6.7737179297e-18,9.65050444842e-18,8.91003304358e-18,1.08337441285e-17,1.18685470748e-17,1.09138003225e-17,1.35382781428e-17,1.26876122183e-17,1.0977668592e-17,1.05820678097e-17,1.03187133549e-17,7.31779142811e-18,3.97209855401e-18,2.44750769815e-18,9.71672418556e-19,2.67389286634e-19,2.76347956398e-20],"var":[0.798076748848,32.8553276062,110.575775146,219.273895264,309.420501709,103.395851135,480.239227295,2833.50341797,2696.74414062,4056.48583984,11005.7304688,10776.8037109,21615.6445312,12159.2197266,8213.78320312,2703.10571289,6177.75732422,3738.38818359,767.243347168,214.65953064,70.1164398193,15.9835748672,5.78854179382,6.35855054855,39.4176445007,73.5031967163,66.2802047729,47.2525939941,14.4520921707,1.48026418686,0.109682798386,0.0182334370911,0.00845352374017,0.00400479743257,0.00176150235347,0.000756282184739,0.000535012921318,0.00207208492793,0.0613258332014,0.00572036160156]},"erbbands_crest":{"dmean":2.48009395599,"dmean2":4.15843391418,"dvar":5.7243103981,"dvar2":15.1203956604,"max":32.5445251465,"mean":8.39991664886,"median":7.50500488281,"min":2.24873661995,"var":14.2515277863},"erbbands_flatness_db":{"dmean":0.0212096851319,"dmean2":0.033153872937,"dvar":0.000321638450259,"dvar2":0.000789106707089,"max":0.441462934017,"mean":0.149288669229,"median":0.141444995999,"min":0.0278544947505,"var":0.00212511839345},"erbbands_kurtosis":{"dmean":1.14129805565,"dmean2":1.8534258604,"dvar":2.32288599014,"dvar2":5.59293174744,"max":44.2223472595,"mean":1.29849326611,"median":0.675260782242,"min":-1.7633484602,"var":6.60684394836},"erbbands_skewness":{"dmean":0.321509689093,"dmean2":0.510997891426,"dvar":0.0802351310849,"dvar2":0.199223071337,"max":5.0002913475,"mean":-0.13807824254,"median":-0.171913430095,"min":-4.49875688553,"var":0.376205831766},"erbbands_spread":{"dmean":6.37282848358,"dmean2":10.1647891998,"dvar":35.5620155334,"dvar2":88.0285797119,"max":94.3288497925,"mean":27.7325363159,"median":26.0483512878,"min":1.10388195515,"var":181.754821777},"gfcc":{"cov":[[6880.88720703,155.385406494,-353.668365479,196.361633301,-16.8507118225,-195.005874634,371.304992676,-201.971496582,-0.6399538517,38.0461616516,-42.3337974548,-44.5504417419,11.9943695068],[155.385406494,575.654174805,12.3159723282,-250.182250977,58.7893600464,7.88282203674,-13.9016427994,-57.4625015259,43.5386161804,-54.3939819336,6.04586601257,-44.9189567566,5.0373673439],[-353.668365479,12.3159723282,258.895629883,147.710021973,-20.9332485199,86.9076843262,-56.5630264282,100.114479065,-10.9198389053,30.5313529968,-0.136355981231,8.59774589539,-0.346650987864],[196.361633301,-250.182250977,147.710021973,544.734436035,84.6609725952,-59.4727363586,189.851547241,34.6127357483,7.73842573166,72.5785598755,-0.96541762352,35.7806396484,-9.96869373322],[-16.8507118225,58.7893600464,-20.9332485199,84.6609725952,173.155731201,13.3693695068,76.9100799561,-54.3636779785,-7.86890363693,-11.8110933304,6.03608703613,-8.50429821014,-3.25939655304],[-195.005874634,7.88282203674,86.9076843262,-59.4727363586,13.3693695068,182.615081787,-90.5466537476,57.0808601379,-46.4631919861,-12.9428014755,6.38768720627,-5.49493360519,4.68988227844],[371.304992676,-13.9016427994,-56.5630264282,189.851547241,76.9100799561,-90.5466537476,253.776367188,-30.5211086273,57.2055435181,36.5466461182,-2.27286791801,19.2344379425,0.0714931041002],[-201.971496582,-57.4625015259,100.114479065,34.6127357483,-54.3636779785,57.0808601379,-30.5211086273,179.6875,40.8172187805,44.6944274902,21.5834560394,8.53525447845,14.5796203613],[-0.6399538517,43.5386161804,-10.9198389053,7.73842573166,-7.86890363693,-46.4631919861,57.2055435181,40.8172187805,102.731483459,40.5128326416,13.9372491837,13.5794630051,1.82451593876],[38.0461616516,-54.3939819336,30.5313529968,72.5785598755,-11.8110933304,-12.9428014755,36.5466461182,44.6944274902,40.5128326416,76.1672134399,34.1938285828,21.5834941864,8.35592460632],[-42.3337974548,6.04586601257,-0.136355981231,-0.96541762352,6.03608703613,6.38768720627,-2.27286791801,21.5834560394,13.9372491837,34.1938285828,56.3268013,27.5626525879,14.3977394104],[-44.5504417419,-44.9189567566,8.59774589539,35.7806396484,-8.50429821014,-5.49493360519,19.2344379425,8.53525447845,13.5794630051,21.5834941864,27.5626525879,54.5704650879,23.2453117371],[11.9943695068,5.0373673439,-0.346650987864,-9.96869373322,-3.25939655304,4.68988227844,0.0714931041002,14.5796203613,1.82451593876,8.35592460632,14.3977394104,23.2453117371,44.0809288025]],"icov":[[0.000224312097998,-0.000546429248061,0.00103898951784,-0.000680698780343,0.000612898787949,-0.000421998731326,0.0000585954730923,-0.0000164649445651,0.000444337638328,-0.000750149716623,0.000589221599512,-0.0000136065018523,-0.000110261717055],[-0.000546429248061,0.00795597955585,-0.0106483055279,0.00718516716734,-0.00352866272442,0.0029960537795,-0.00449260370806,0.00398493465036,-0.00628217495978,0.00896305311471,-0.00986630190164,0.00837767403573,-0.00374401337467],[0.00103898951784,-0.0106483055279,0.0239038057625,-0.0139286490157,0.00617315853015,-0.00824601016939,0.00938803236932,-0.00670152669773,0.00685394229367,-0.0135420206934,0.0156545396894,-0.0107977800071,0.00437150755897],[-0.000680698780343,0.00718516716734,-0.0139286490157,0.0128420265391,-0.00685094948858,0.00671145087108,-0.00740689504892,0.000992165762,-0.000304592074826,0.00366229680367,-0.00516053522006,0.00224126293324,0.000444032950327],[0.000612898787949,-0.00352866272442,0.00617315853015,-0.00685094948858,0.0138883925974,-0.00700666755438,-0.00127422926016,0.00390554312617,-0.00103400880471,0.00176313356496,-0.0042123477906,0.00512123806402,-0.00239776703529],[-0.000421998731326,0.0029960537795,-0.00824601016939,0.00671145087108,-0.00700666755438,0.0137976156548,-0.000818550121039,-0.00425777165219,0.00486213946715,0.00185566837899,-0.0017753803404,-0.00137073290534,0.00139859830961],[0.0000585954730923,-0.00449260370806,0.00938803236932,-0.00740689504892,-0.00127422926016,-0.000818550121039,0.0130085982382,-0.00201122625731,-0.000947449705563,-0.00734225101769,0.00981107819825,-0.00733288330957,0.00162659247871],[-0.0000164649445651,0.00398493465036,-0.00670152669773,0.000992165762,0.00390554312617,-0.00425777165219,-0.00201122625731,0.015203579329,-0.0107418783009,0.00425280723721,-0.00982059631497,0.011433606036,-0.00774597609416],[0.000444337638328,-0.00628217495978,0.00685394229367,-0.000304592074826,-0.00103400880471,0.00486213946715,-0.000947449705563,-0.0107418783009,0.0265402570367,-0.0166443511844,0.0125378770754,-0.0133362766355,0.00853673927486],[-0.000750149716623,0.00896305311471,-0.0135420206934,0.00366229680367,0.00176313356496,0.00185566837899,-0.00734225101769,0.00425280723721,-0.0166443511844,0.0429107472301,-0.0312330145389,0.0145966662094,-0.00650132633746],[0.000589221599512,-0.00986630190164,0.0156545396894,-0.00516053522006,-0.0042123477906,-0.0017753803404,0.00981107819825,-0.00982059631497,0.0125378770754,-0.0312330145389,0.052690397948,-0.029820760712,0.00695010088384],[-0.0000136065018523,0.00837767403573,-0.0107977800071,0.00224126293324,0.00512123806402,-0.00137073290534,-0.00733288330957,0.011433606036,-0.0133362766355,0.0145966662094,-0.029820760712,0.0488908626139,-0.0220335572958],[-0.000110261717055,-0.00374401337467,0.00437150755897,0.000444032950327,-0.00239776703529,0.00139859830961,0.00162659247871,-0.00774597609416,0.00853673927486,-0.00650132633746,0.00695010088384,-0.0220335572958,0.0357394292951]],"mean":[3.23016047478,104.589149475,-78.9217681885,-16.1735496521,0.175049945712,-5.96771717072,16.0814647675,-29.3930244446,-6.351811409,-5.09480571747,-3.75186276436,-13.0746107101,0.491597980261]},"hfc":{"dmean":116.037719727,"dmean2":181.155212402,"dvar":17835.0234375,"dvar2":43102.4960938,"max":4358.48486328,"mean":451.301696777,"median":366.067687988,"min":1.09700150206e-16,"var":110492.148438},"melbands":{"dmean":[0.00370746082626,0.00282165245153,0.00112101156265,0.000439934665337,0.000195615852135,0.000237248968915,0.000166224635905,0.000119916214317,0.000130312866531,0.000148168357555,0.000163967502885,0.000151701795403,0.000138429211802,0.0000620520950179,0.0000998219402391,0.0000609431117482,0.0000541547160537,0.0000229536017287,0.0000150110636241,0.00000665897232466,0.00000443438875664,0.00000179250491783,0.00000123728614199,8.74329543876e-7,8.10194649148e-7,0.00000147414846197,0.00000176200046553,0.00000210607686313,0.00000171422311723,0.00000138398161198,0.00000107900689272,6.64151798446e-7,3.39215802114e-7,1.63816181953e-7,8.90737297254e-8,5.35745137142e-8,4.1355985303e-8,3.58297569392e-8,3.19822603956e-8,2.90500814515e-8],"dmean2":[0.00612881220877,0.0046998639591,0.00180222163908,0.00072181870928,0.000316361227306,0.000380385870812,0.000267212919425,0.000191167680896,0.000206243115827,0.000235702827922,0.000263813650236,0.000245108793024,0.00022681079281,0.000101835117675,0.000164522891282,0.000100428136648,0.0000902349129319,0.0000381418867619,0.0000250186712947,0.0000110619957923,0.00000734626837584,0.00000294877804663,0.00000204848129215,0.00000142299381878,0.00000132437321554,0.00000238895790972,0.00000283646750177,0.00000342185376212,0.00000279418964055,0.00000221937762035,0.00000174484853233,0.00000108130450371,5.66156472814e-7,2.77044790664e-7,1.49850066578e-7,8.89892390887e-8,6.79661624758e-8,5.87309259004e-8,5.23837684341e-8,4.7533390557e-8],"dvar":[0.0000510239224241,0.0000227868185902,0.00000229966417464,4.44175157099e-7,2.66847081321e-7,8.48596926062e-7,3.5408157828e-7,2.11871892475e-7,3.62356956884e-7,3.00713963952e-7,3.0841312082e-7,1.18647989211e-7,6.63519585942e-8,1.66777880395e-8,3.17538493277e-8,9.21635567863e-9,6.70256383728e-9,1.05777220316e-9,4.93471485896e-10,1.02410892266e-10,4.04273628463e-11,1.13599372964e-11,4.71840752234e-12,1.93284104e-12,1.49892121284e-12,6.80376024617e-12,1.40947037028e-11,2.33350613138e-11,2.50474536945e-11,1.71228413393e-11,1.59832355684e-11,6.1940405062e-12,1.77041064101e-12,3.02412798579e-13,5.15020426479e-14,1.0001118755e-14,4.89979210295e-15,3.65252677076e-15,2.83801882988e-15,2.28468735731e-15],"dvar2":[0.000131121691084,0.000061914048274,0.00000570977681491,0.00000116868773148,6.45055706627e-7,0.00000195844700102,9.16849387522e-7,5.20254445746e-7,8.90615979188e-7,7.71037264258e-7,7.55432495225e-7,2.90825255433e-7,1.72516450903e-7,4.55617765738e-8,8.06821134347e-8,2.44848799014e-8,1.77344592345e-8,2.80864465019e-9,1.31825339533e-9,2.65792582388e-10,1.08257472431e-10,3.01544518522e-11,1.25134520801e-11,4.84045442617e-12,3.74929514518e-12,1.67482347435e-11,3.46051937106e-11,5.80003857442e-11,6.51980275324e-11,4.31670428569e-11,4.25200222254e-11,1.66829692422e-11,4.92170150121e-12,8.54086007647e-13,1.42992361658e-13,2.5809895196e-14,1.1968223179e-14,8.882812495e-15,6.90282342936e-15,5.55970573128e-15],"max":[0.117372736335,0.11137997359,0.0249893777072,0.0134690226987,0.0229196585715,0.0462318882346,0.0275052171201,0.0214156545699,0.0221857056022,0.022329615429,0.0211586542428,0.0126281911507,0.00760244112462,0.00489131873474,0.0066679646261,0.00233257259242,0.00156146509107,0.000520496512763,0.000483617681311,0.000278569030343,0.000166747136973,0.0000764810174587,0.0000774058498791,0.0000391429239244,0.0000286349495582,0.0000676735653542,0.000128882951685,0.000125777864014,0.00010657927487,0.000100578916317,0.000137664785143,0.0000642832601443,0.0000521924084751,0.0000158967322932,0.00000618954936726,0.00000264975119535,0.00000231697094932,0.00000204652110369,0.0000018189992943,0.00000161894195116],"mean":[0.00510763237253,0.00474374275655,0.00210694852285,0.00069825729588,0.000308035552735,0.000335071294103,0.000248442200245,0.000184736345545,0.000189388039871,0.000210516140214,0.000252382858889,0.000242243288085,0.000224781091674,0.00010622539412,0.000158206399647,0.000113541274914,0.0000936545766308,0.0000446276426374,0.0000272013985523,0.0000125520618894,0.00000851777713251,0.00000334253059009,0.00000233500668401,0.00000171971203144,0.00000169762984115,0.00000303223782794,0.00000355185761691,0.00000389381921195,0.00000289336821879,0.00000224918971981,0.00000163036645517,9.65350977822e-7,4.71183085438e-7,2.1977966469e-7,1.18215773171e-7,6.72339481866e-8,4.98352576983e-8,4.1624385716e-8,3.55384770501e-8,3.22160182975e-8],"median":[0.00261764018796,0.00276757869869,0.00120413769037,0.000410780019592,0.000156295282068,0.000127415638417,0.0000946797372308,0.0000576691672904,0.0000408202540711,0.00005751612116,0.0000798062173999,0.000113982416224,0.000123879071907,0.0000604437300353,0.0000923899351619,0.0000717125658412,0.0000585578927712,0.0000297372225759,0.0000183103911695,0.00000832330260891,0.00000584206964049,0.00000207867446989,0.00000155057261964,0.00000113815121949,0.00000114049282729,0.00000181324242021,0.00000194996869141,0.0000021182825094,0.00000140540078064,9.28417705381e-7,6.24191670795e-7,3.70508018932e-7,1.87817306596e-7,1.03960957176e-7,6.05856698144e-8,3.49377060616e-8,2.50594638374e-8,1.97728198259e-8,1.58898227909e-8,1.42803893155e-8],"min":[2.80021837197e-24,3.13082839963e-24,2.64721564396e-24,1.82249134705e-24,4.09101465859e-25,3.14655434177e-24,3.02360681982e-24,3.17833360334e-24,3.02169895972e-24,2.9689880629e-24,2.36398381341e-24,1.84421637917e-24,1.95443385548e-24,2.94719282216e-24,2.22512181156e-24,1.79023521907e-24,4.7692475347e-24,4.68076929e-24,2.86834538582e-24,6.12406644118e-24,4.74821847512e-24,6.03551286026e-24,3.55915344432e-24,3.82463787666e-24,4.72459603531e-24,6.27891825915e-24,3.78850923049e-24,5.8133041539e-24,6.67137143191e-24,5.66060513734e-24,5.67012511074e-24,5.20033122598e-24,7.00647875558e-24,6.79682082622e-24,6.7499553887e-24,7.19267990593e-24,5.89824869617e-24,6.61211851159e-24,7.36549329785e-24,9.20141638232e-24],"var":[0.000057400076912,0.0000360934209311,0.00000642668010187,7.93477340721e-7,4.64674286604e-7,0.00000123959853227,5.59534157674e-7,5.0267988172e-7,6.99025008544e-7,4.55510104302e-7,5.88315401728e-7,2.41693015823e-7,1.16984701037e-7,2.81008052383e-8,5.19606793148e-8,1.85622699433e-8,1.29105224289e-8,2.25088925276e-9,9.25832466248e-10,2.06699546368e-10,8.28620297377e-11,1.98423777409e-11,8.75506264708e-12,4.05360250574e-12,3.74616570403e-12,1.63775399492e-11,2.8630136456e-11,3.63406943427e-11,2.83549017599e-11,2.09266094037e-11,1.6100410935e-11,5.99827652825e-12,1.56765995584e-12,2.39140792672e-13,4.53068877174e-14,1.06156826629e-14,5.74626812604e-15,4.28506217664e-15,3.31179908563e-15,2.69589559518e-15]},"melbands_crest":{"dmean":4.06160545349,"dmean2":6.70157289505,"dvar":12.5443201065,"dvar2":33.2041816711,"max":38.4575653076,"mean":16.6411857605,"median":16.3926277161,"min":1.00069665909,"var":32.0255088806},"melbands_flatness_db":{"dmean":0.0355361551046,"dmean2":0.0566737949848,"dvar":0.000945654290263,"dvar2":0.00239229435101,"max":0.548922419548,"mean":0.282263457775,"median":0.281090945005,"min":1.38058624088e-7,"var":0.00354078202508},"melbands_kurtosis":{"dmean":11.1441698074,"dmean2":18.3072834015,"dvar":708.076049805,"dvar2":1776.71826172,"max":855.62298584,"mean":16.9766216278,"median":7.21923923492,"min":-1.81772112846,"var":1071.92163086},"melbands_skewness":{"dmean":0.981402039528,"dmean2":1.57095956802,"dvar":1.17372727394,"dvar2":2.94052004814,"max":23.9252033234,"mean":2.96836185455,"median":2.61196923256,"min":-2.79749155045,"var":4.45251846313},"melbands_spread":{"dmean":4.76305532455,"dmean2":7.69969701767,"dvar":22.1493721008,"dvar2":55.1691932678,"max":177.014602661,"mean":15.250041008,"median":13.5119161606,"min":0.258312940598,"var":131.507339478},"mfcc":{"cov":[[4385.15771484,-83.8297424316,-296.913909912,432.289581299,-354.336669922,170.210784912,78.8980407715,-31.8067436218,78.3959579468,40.8716239929,-4.0572719574,10.2911233902,4.21019983292],[-83.8297424316,806.825317383,-82.7273864746,-313.663909912,38.7769508362,-3.2775349617,-51.0702857971,-25.6871433258,-20.6247787476,-12.6826715469,-23.3154354095,-20.4959316254,-11.2711172104],[-296.913909912,-82.7273864746,323.072784424,10.3063697815,91.315574646,-54.594871521,6.42604112625,25.4666728973,21.9064674377,20.4766178131,28.4049606323,20.3811511993,0.858995139599],[432.289581299,-313.663909912,10.3063697815,608.914916992,-104.006370544,114.990837097,80.9147338867,36.4544639587,67.9330749512,61.2731513977,41.5267715454,25.9349899292,25.3655891418],[-354.336669922,38.7769508362,91.315574646,-104.006370544,195.341491699,-3.24197816849,30.9706439972,9.12693881989,-23.3151302338,-11.2724523544,-7.10875606537,-2.90155768394,-8.10006141663],[170.210784912,-3.2775349617,-54.594871521,114.990837097,-3.24197816849,155.994415283,61.3912391663,6.25997304916,-2.79732275009,-14.6670541763,-12.8130531311,-11.9330472946,-1.32815289497],[78.8980407715,-51.0702857971,6.42604112625,80.9147338867,30.9706439972,61.3912391663,108.760032654,25.0352897644,9.75752449036,6.865046978,-1.58825659752,-3.44033026695,3.50875234604],[-31.8067436218,-25.6871433258,25.4666728973,36.4544639587,9.12693881989,6.25997304916,25.0352897644,61.9610023499,32.2295036316,16.3164424896,9.35929489136,7.92304372787,5.00920152664],[78.3959579468,-20.6247787476,21.9064674377,67.9330749512,-23.3151302338,-2.79732275009,9.75752449036,32.2295036316,70.3791503906,40.8701171875,21.2133464813,13.8731222153,8.2500371933],[40.8716239929,-12.6826715469,20.4766178131,61.2731513977,-11.2724523544,-14.6670541763,6.865046978,16.3164424896,40.8701171875,64.0430755615,37.2033576965,16.5120220184,7.48366260529],[-4.0572719574,-23.3154354095,28.4049606323,41.5267715454,-7.10875606537,-12.8130531311,-1.58825659752,9.35929489136,21.2133464813,37.2033576965,54.7541313171,31.1544151306,11.0766992569],[10.2911233902,-20.4959316254,20.3811511993,25.9349899292,-2.90155768394,-11.9330472946,-3.44033026695,7.92304372787,13.8731222153,16.5120220184,31.1544151306,49.8628692627,28.0545940399],[4.21019983292,-11.2711172104,0.858995139599,25.3655891418,-8.10006141663,-1.32815289497,3.50875234604,5.00920152664,8.2500371933,7.48366260529,11.0766992569,28.0545940399,43.7230186462]],"icov":[[0.0003013680398,-0.0000249390814133,0.000121671335364,-0.0000838722698973,0.000462810334284,-0.000129136707983,-0.000306518777506,0.000356073724106,-0.000256262079347,-0.000121679462609,0.000347613444319,-0.000466736295493,0.000357034907211],[-0.0000249390814133,0.00173142494168,0.0002918766113,0.00109163497109,-0.000186244898941,-0.000998446834274,0.000695123686455,0.000218472239794,-0.000335784599883,-0.00117810966913,0.000337523437338,0.000240860172198,-0.000310997187626],[0.000121671335364,0.0002918766113,0.00449945125729,-0.000553867896087,-0.00234686280601,0.00175556540489,-0.000035191205825,-0.000370420399122,-0.00165354122873,0.00123688287567,-0.00173103949055,-0.000414665788412,0.000765167991631],[-0.0000838722698973,0.00109163497109,-0.000553867896087,0.00351088750176,0.00156952021644,-0.0026269601658,-0.00073915818939,0.0000187495115824,-0.000655587180518,-0.00254889624193,-0.000087318047008,-0.000227510477998,-0.00074023893103],[0.000462810334284,-0.000186244898941,-0.00234686280601,0.00156952021644,0.00888793449849,-0.0010355648119,-0.00345334364101,-0.000924231135286,0.00326614151709,-0.00202127383091,0.00204750732519,-0.00236575957388,0.00177005142905],[-0.000129136707983,-0.000998446834274,0.00175556540489,-0.0026269601658,-0.0010355648119,0.0115787079558,-0.00508857099339,0.000205801057746,-0.00058908801293,0.00562929082662,-0.00161610462237,0.00179032539017,0.000197533983737],[-0.000306518777506,0.000695123686455,-0.000035191205825,-0.00073915818939,-0.00345334364101,-0.00508857099339,0.0155018474907,-0.00475334841758,0.00106524326839,-0.00281903939322,0.00103842641693,0.0025247305166,-0.00245709950104],[0.000356073724106,0.000218472239794,-0.000370420399122,0.0000187495115824,-0.000924231135286,0.000205801057746,-0.00475334841758,0.0244700647891,-0.0120521308854,0.00217755348422,-0.0000730063547962,-0.0015963477781,0.000375631294446],[-0.000256262079347,-0.000335784599883,-0.00165354122873,-0.000655587180518,0.00326614151709,-0.00058908801293,0.00106524326839,-0.0120521308854,0.0311457328498,-0.0173824243248,0.00510256318375,-0.00316880038008,0.0000723190023564],[-0.000121679462609,-0.00117810966913,0.00123688287567,-0.00254889624193,-0.00202127383091,0.00562929082662,-0.00281903939322,0.00217755348422,-0.0173824243248,0.0416411980987,-0.0247576646507,0.00888107065111,-0.00233816355467],[0.000347613444319,0.000337523437338,-0.00173103949055,-0.000087318047008,0.00204750732519,-0.00161610462237,0.00103842641693,-0.0000730063547962,0.00510256318375,-0.0247576646507,0.0481996573508,-0.0280043594539,0.00942621659487],[-0.000466736295493,0.000240860172198,-0.000414665788412,-0.000227510477998,-0.00236575957388,0.00179032539017,0.0025247305166,-0.0015963477781,-0.00316880038008,0.00888107065111,-0.0280043594539,0.0521290525794,-0.0274323225021],[0.000357034907211,-0.000310997187626,0.000765167991631,-0.00074023893103,0.00177005142905,0.000197533983737,-0.00245709950104,0.000375631294446,0.0000723190023564,-0.00233816355467,0.00942621659487,-0.0274323225021,0.0392594859004]],"mean":[-669.511047363,178.669143677,-15.2965373993,19.4390296936,-3.69737577438,34.0522079468,18.3970737457,-1.7539383173,6.11912870407,5.48047542572,-1.53882920742,-1.56569731236,1.87141954899]},"pitch_salience":{"dmean":0.0769728347659,"dmean2":0.125603765249,"dvar":0.00470072077587,"dvar2":0.0121270576492,"max":0.996097028255,"mean":0.538896560669,"median":0.552687466145,"min":0.079057186842,"var":0.012936739251},"silence_rate_20dB":{"dmean":0.00119268486742,"dmean2":0.00238552782685,"dvar":0.0011912380578,"dvar2":0.00317489844747,"max":1,"mean":0.999204933643,"median":1,"min":0,"var":0.000794436433353},"silence_rate_30dB":{"dmean":0.09713755548,"dmean2":0.194287985563,"dvar":0.0877028927207,"dvar2":0.187553659081,"max":1,"mean":0.815543651581,"median":1,"min":0,"var":0.150434285402},"silence_rate_60dB":{"dmean":0.000927643792238,"dmean2":0.00185541051906,"dvar":0.000926851120312,"dvar2":0.00264743133448,"max":1,"mean":0.00940833520144,"median":0,"min":0,"var":0.00931924767792},"spectral_centroid":{"dmean":160.802520752,"dmean2":252.975250244,"dvar":32059.7597656,"dvar2":71608.359375,"max":11822.9003906,"mean":883.522399902,"median":819.492797852,"min":157.404388428,"var":268368.03125},"spectral_complexity":{"dmean":2.94699168205,"dmean2":4.61586380005,"dvar":7.56939983368,"dvar2":16.6736049652,"max":51,"mean":18.9831047058,"median":20,"min":0,"var":45.7712211609},"spectral_contrast_coeffs":{"dmean":[0.0545267723501,0.047419436276,0.0392849370837,0.029123313725,0.0202586874366,0.0406215712428],"dmean2":[0.0904929041862,0.0794043242931,0.0660900995135,0.0490145981312,0.0335951447487,0.064390823245],"dvar":[0.00180281698704,0.00143912015483,0.000973976275418,0.000508734141476,0.000320875173202,0.00137608707882],"dvar2":[0.00496593397111,0.00386071181856,0.00269845640287,0.00141092797276,0.000854894809891,0.0032667031046],"max":[-0.335203438997,-0.398243129253,-0.463153094053,-0.606688559055,-0.676282286644,-0.483960688114],"mean":[-0.666749060154,-0.778845489025,-0.793324351311,-0.791922867298,-0.837624549866,-0.753688812256],"median":[-0.669764041901,-0.786967277527,-0.800822854042,-0.792271137238,-0.835170984268,-0.755220770836],"min":[-0.97436016798,-0.988969504833,-0.994313836098,-0.985769152641,-0.986806035042,-0.962980031967],"var":[0.0060757198371,0.00418762257323,0.00310419336893,0.00157771597151,0.000940605939832,0.00560198165476]},"spectral_contrast_valleys":{"dmean":[0.402939587831,0.374039620161,0.30051997304,0.257306993008,0.268312841654,0.597122013569],"dmean2":[0.663369476795,0.611674070358,0.486480146646,0.407552391291,0.421224355698,0.939825534821],"dvar":[0.107120878994,0.100626528263,0.0740202143788,0.0665806308389,0.0978361666203,0.24011439085],"dvar2":[0.272404074669,0.246985554695,0.166016623378,0.137030124664,0.218762993813,0.613957643509],"max":[-4.79900312424,-4.38503646851,-4.79191398621,-5.68507957458,-5.97419309616,-8.44784069061],"mean":[-6.64881515503,-6.59782075882,-6.61439418793,-7.152094841,-7.87938165665,-11.0126571655],"median":[-6.50569057465,-6.52467727661,-6.48879957199,-6.99244976044,-7.69232416153,-10.947227478],"min":[-28.0777359009,-27.9717712402,-27.8693904877,-27.7273006439,-27.501121521,-27.3101081848],"var":[1.29739654064,1.14955151081,1.12899971008,1.07711052895,1.14976239204,1.00785207748]},"spectral_decrease":{"dmean":5.2099666803e-9,"dmean2":8.32440072429e-9,"dvar":5.84669190228e-17,"dvar2":1.46189813413e-16,"max":4.39186678136e-8,"mean":-7.22549353682e-9,"median":-4.44613323936e-9,"min":-1.45087014403e-7,"var":1.03470838302e-16},"spectral_energy":{"dmean":0.021698826924,"dmean2":0.0339635722339,"dvar":0.000947186839767,"dvar2":0.00230001565069,"max":0.614941418171,"mean":0.0682050958276,"median":0.0581037662923,"min":1.01142750074e-20,"var":0.00236837123521},"spectral_energyband_high":{"dmean":0.000758632959332,"dmean2":0.00113708770368,"dvar":0.00000346299975718,"dvar2":0.00000817004911369,"max":0.0326097905636,"mean":0.00174229720142,"median":0.000952831760515,"min":7.17891635941e-21,"var":0.00000602450336373},"spectral_energyband_low":{"dmean":0.0166740976274,"dmean2":0.0271786004305,"dvar":0.00077443785267,"dvar2":0.00196828669868,"max":0.551191747189,"mean":0.029225455597,"median":0.019406080246,"min":2.68339745935e-23,"var":0.00111880188342},"spectral_energyband_middle_high":{"dmean":0.00257215788588,"dmean2":0.00399786233902,"dvar":0.0000182143849088,"dvar2":0.0000439557006757,"max":0.121945150197,"mean":0.00717882299796,"median":0.00503615336493,"min":1.22635745821e-21,"var":0.0000590087438468},"spectral_energyband_middle_low":{"dmean":0.00546268327162,"dmean2":0.0085550127551,"dvar":0.0000750210892875,"dvar2":0.000179907277925,"max":0.256556451321,"mean":0.0125426296145,"median":0.00821403414011,"min":1.68210249703e-22,"var":0.000226545977057},"spectral_entropy":{"dmean":0.160965830088,"dmean2":0.251665651798,"dvar":0.0226612593979,"dvar2":0.054255835712,"max":9.8224363327,"mean":7.41258955002,"median":7.46971654892,"min":5.66542625427,"var":0.131345063448},"spectral_flux":{"dmean":0.0315465815365,"dmean2":0.0502449348569,"dvar":0.0012684132671,"dvar2":0.00286074448377,"max":0.674078285694,"mean":0.136856988072,"median":0.129631966352,"min":6.4468229366e-11,"var":0.00351816322654},"spectral_kurtosis":{"dmean":6.15361118317,"dmean2":9.68696784973,"dvar":74.5568466187,"dvar2":192.360458374,"max":127.869476318,"mean":25.5116252899,"median":21.6821327209,"min":-1.2583758831,"var":223.191955566},"spectral_rms":{"dmean":0.0012204258237,"dmean2":0.00187314127106,"dvar":0.00000172731688508,"dvar2":0.00000398709653382,"max":0.0244937315583,"mean":0.00768125103787,"median":0.00752905057743,"min":3.14127131425e-12,"var":0.00000753995072955},"spectral_rolloff":{"dmean":2733.46826172,"dmean2":5255.33691406,"dvar":40808236,"dvar2":103556408,"max":22028.4667969,"mean":18976.4609375,"median":21705.46875,"min":43.06640625,"var":45106756},"spectral_skewness":{"dmean":0.44942727685,"dmean2":0.701214492321,"dvar":0.280788600445,"dvar2":0.709376513958,"max":9.60060596466,"mean":3.71356010437,"median":3.45601868629,"min":-0.0832586735487,"var":1.29767048359},"spectral_spread":{"dmean":484689.65625,"dmean2":758297.9375,"dvar":292327718912,"dvar2":606943510528,"max":42279972,"mean":4550587,"median":4543131.5,"min":1611838.375,"var":2492123840510},"spectral_strongpeak":{"dmean":13.1035556793,"dmean2":23.9899730682,"dvar":795.612976074,"dvar2":2042.70666504,"max":267.188964844,"mean":13.8316020966,"median":0.485039651394,"min":0,"var":1045.62561035},"zerocrossingrate":{"dmean":0.0471854656935,"dmean2":0.0594272986054,"dvar":0.00161762011703,"dvar2":0.002507036319,"max":0.8173828125,"mean":0.376290500164,"median":0.37255859375,"min":0.0107421875,"var":0.0140705974773}},"metadata":{"audio_properties":{"analysis_sample_rate":44100,"bit_rate":320000,"codec":"mp3","downmix":"mix","equal_loudness":0,"length":350.43371582,"lossless":false,"md5_encoded":"8133fc2bc476743bfb33779fcad3401d","replay_gain":3.57161140442,"sample_rate":44100},"tags":{"album":["Vol 4"],"artist":["Black Sabbath"],"date":["1972-09-25"],"file_name":"10 - Black Sabbath - Under the Sun - Every Day Comes and Goes.mp3","musicbrainz_albumid":["257c6df7-26b8-4283-908a-3e625e41cdbe"],"musicbrainz_artistid":["5182c1d9-c7d2-4dad-afa0-ccfeada921a8"],"musicbrainz_recordingid":["49faa6e1-021f-473f-ab93-c2a3c16ed28d"],"title":["Under the Sun / Every Day Comes and Goes"],"tracknumber":["10/10"]},"version":{"essentia":"2.1-beta1","essentia_build_sha":"ca57ba49d9b1854bd80e60cf9ccf267278fb7d6b","essentia_git_sha":"v2.1_beta1-28-g21ef5f4-dirty","extractor":"music 1.0"}},"rhythm":{"beats_count":729,"beats_loudness":{"dmean":0.0400135032833,"dmean2":0.069787979126,"dvar":0.00193272018805,"dvar2":0.00549259083346,"max":0.417826443911,"mean":0.0906264409423,"median":0.0826368182898,"min":5.97704197247e-9,"var":0.003330423031},"beats_loudness_band_ratio":{"dmean":[0.183252066374,0.0457516126335,0.0442962124944,0.0539705045521,0.00938199739903,0.125106245279],"dmean2":[0.314858108759,0.0802021846175,0.0804789811373,0.0934671014547,0.0160198733211,0.211490258574],"dvar":[0.022988025099,0.00274729006924,0.00557677168399,0.00359494797885,0.0000949855166255,0.0118569917977],"dvar2":[0.0627902448177,0.00769148254767,0.0155481463298,0.0109023796394,0.000260976084974,0.0342935472727],"max":[0.920449733734,0.439239531755,0.606086730957,0.564910054207,0.138633072376,0.801505625248],"mean":[0.477952122688,0.0603802204132,0.0533236600459,0.0904470235109,0.0164724159986,0.31539991498],"median":[0.480736196041,0.0447572730482,0.0267252940685,0.0713427811861,0.0139744253829,0.303272545338],"min":[0.003822182