{"lowlevel":{"average_loudness":0.864451706409,"barkbands":{"dmean":[0.00405454775319,0.00782438833266,0.00248992978595,0.00126069225371,0.00195861677639,0.00163545703981,0.00196932279505,0.00127357942984,0.00124742765911,0.000721986521967,0.000646176165901,0.000766794837546,0.000652449089102,0.00057024724083,0.000297231366858,0.000156832684297,0.000141423777677,0.0000972736670519,0.0000732470871299,0.000060470400058,0.000056198634411,0.0000601080355409,0.000034180466173,0.00000775174339651,0.00000250758716902,0.000015101545614,0.000132563582156],"dmean2":[0.00700531341136,0.013239226304,0.00422342587262,0.00207509100437,0.00320727843791,0.00265631987713,0.00321941659786,0.00210079201497,0.00202649552375,0.00118946225848,0.0010554746259,0.00124550517648,0.00105262745637,0.000930902722757,0.000484033982502,0.000254473212408,0.000227362383157,0.000150538631715,0.000108778753201,0.0000886821799213,0.0000797902175691,0.0000837157203932,0.0000471917410323,0.0000114380072773,0.00000413884708905,0.0000202410428756,0.000185585202416],"dvar":[0.0000484048141516,0.000121442513773,0.000018362827177,0.00000389490878661,0.0000123006984722,0.0000103434595076,0.0000341841259797,0.0000111237741294,0.0000064467667471,0.00000216130615627,0.00000162769970302,0.00000207898710869,0.00000111638416911,6.92877506481e-7,1.7606032543e-7,5.38758904156e-8,3.51017952482e-8,2.3177184616e-8,1.76864727308e-8,1.21762191441e-8,1.95318428098e-8,1.67020690611e-8,7.10853864661e-9,1.32512811835e-9,4.13539515132e-11,2.19193174722e-9,2.53053116239e-8],"dvar2":[0.000128108280478,0.000333026604494,0.0000502443544974,0.00000955123596214,0.0000305900866806,0.0000257099345617,0.0000868603019626,0.0000314552235068,0.0000157670638146,0.0000055777027228,0.00000414680789618,0.00000526082612851,0.0000027605667583,0.00000181923087439,4.51908846344e-7,1.36941821438e-7,8.77468622207e-8,5.18410914196e-8,3.70999408972e-8,2.50963676507e-8,3.48096662606e-8,3.19170894159e-8,1.27806654149e-8,2.24311436092e-9,8.02888242002e-11,3.25807225643e-9,5.07128810057e-8],"max":[0.0927491337061,0.127668529749,0.0753105282784,0.0390046387911,0.0708735734224,0.0743511840701,0.194232881069,0.0957726091146,0.0578194260597,0.0417603589594,0.0435627214611,0.0476462766528,0.0247519109398,0.0181481447071,0.010307058692,0.00428984267637,0.00434906035662,0.00420129252598,0.00265140389092,0.00257942127064,0.00615720776841,0.00362747861072,0.00418693758547,0.00188771565445,0.000382859318051,0.00229391199537,0.00434474973008],"mean":[0.00437788385898,0.0116695621982,0.00309915887192,0.00167884107213,0.00290208891965,0.00234574405476,0.00277251470834,0.00182535347994,0.0018339297967,0.00103026616853,0.0009629559936,0.00127168837935,0.0011237260187,0.000948607223108,0.000549522810616,0.000306608504616,0.000288090086542,0.000188762700418,0.000142637538374,0.000117248077004,0.000113142596092,0.00011145791359,0.0000591108910157,0.0000109624761535,0.00000250297171078,0.0000276286518783,0.000427677470725],"median":[0.00205486221239,0.00810103863478,0.001718340558,0.000883106666151,0.00137877615634,0.00104665674735,0.000973297457676,0.000736013927963,0.000799312256277,0.000482773408294,0.000477312714793,0.000653034076095,0.000583027489483,0.000543929811101,0.000358136487193,0.000177245121449,0.000192347477423,0.0000952784321271,0.0000571674609091,0.0000451891319244,0.0000449560720881,0.0000461072850158,0.0000219157700485,0.00000330072634824,8.09842106264e-7,0.000010576161003,0.000324826280121],"min":[8.98670146013e-25,4.31320310109e-24,1.78241109939e-24,8.98133424774e-25,3.00212810952e-24,1.41130450274e-23,1.13378039638e-23,6.70684256251e-24,1.04268494786e-23,1.17950514103e-23,1.84007391278e-23,2.38548792503e-23,2.81813931959e-23,3.91407537622e-23,5.26599932095e-23,7.3307455527e-23,6.27462803912e-23,1.01744269262e-22,1.39596308295e-22,1.84873036748e-22,3.05904759506e-22,3.08751903663e-22,4.1567996726e-22,5.93736450615e-22,9.70426241883e-22,1.46863140968e-21,1.99774013403e-21],"var":[0.0000479585760331,0.000149536019308,0.0000184484215424,0.00000554536245545,0.0000240931767621,0.0000160163472174,0.0000488990990561,0.000017281374312,0.0000101044088296,0.00000318578463521,0.00000260470733338,0.00000383988935937,0.00000263911124421,0.00000141714144775,3.69956751456e-7,1.27781476067e-7,8.50632702054e-8,6.34504360164e-8,4.8402679198e-8,3.32769367617e-8,5.81989709758e-8,4.39335181568e-8,1.82475012878e-8,2.77936562654e-9,6.23330553839e-11,6.12268102884e-9,1.31358177669e-7]},"barkbands_crest":{"dmean":2.8263220787,"dmean2":4.69950056076,"dvar":5.58125925064,"dvar2":14.7543592453,"max":23.1608963013,"mean":9.5159778595,"median":8.96205329895,"min":2.34390258789,"var":14.0669736862},"barkbands_flatness_db":{"dmean":0.0237697269768,"dmean2":0.0370886549354,"dvar":0.000426788610639,"dvar2":0.00104189256672,"max":0.348271936178,"mean":0.124627172947,"median":0.122588932514,"min":0.0221437718719,"var":0.0016743382439},"barkbands_kurtosis":{"dmean":2.9896876812,"dmean2":4.87634468079,"dvar":21.981595993,"dvar2":56.5575180054,"max":114.565063477,"mean":4.88916492462,"median":3.06295156479,"min":-1.76863443851,"var":38.7792320251},"barkbands_skewness":{"dmean":0.546190738678,"dmean2":0.871404111385,"dvar":0.28480091691,"dvar2":0.713764846325,"max":8.53496170044,"mean":1.75647950172,"median":1.59813714027,"min":-2.49762201309,"var":0.923111557961},"barkbands_spread":{"dmean":6.23162746429,"dmean2":9.57508087158,"dvar":37.8233833313,"dvar2":82.4354019165,"max":110.83429718,"mean":25.7706165314,"median":22.8974456787,"min":0.934583365917,"var":185.637069702},"dissonance":{"dmean":0.0179895292968,"dmean2":0.0308935996145,"dvar":0.000273118668701,"dvar2":0.000763616175391,"max":0.500000178814,"mean":0.47276327014,"median":0.478040039539,"min":0.256100594997,"var":0.000458448805148},"dynamic_complexity":2.86466908455,"erbbands":{"dmean":[0.441848605871,1.11294078827,2.59005856514,3.37615084648,5.78165531158,6.78319549561,9.717045784,15.1039638519,21.0368595123,35.767539978,25.0860958099,29.869052887,21.3949279785,23.4476509094,24.2831459045,31.2961139679,27.8827400208,27.3829517365,21.2492656708,11.1423273087,8.08901882172,7.32028007507,5.46160507202,4.11986637115,3.51819825172,2.79301142693,2.527739048,2.11729240417,2.15993595123,1.81112551689,0.803891420364,0.278887927532,0.083583958447,0.0325304791331,0.0162522215396,0.0180707834661,0.0297960303724,0.0389612168074,0.00993518345058,0.00311528891325],"dmean2":[0.745893418789,1.90274989605,4.39109373093,5.57395410538,9.50666713715,11.2744531631,16.0299816132,24.6841373444,34.7339820862,58.73179245,40.8616867065,48.5672111511,35.26171875,38.1261329651,39.4158821106,50.6098442078,44.7638587952,44.2521324158,34.3127365112,18.0341205597,12.9451227188,11.6705007553,8.46693611145,6.13136196136,5.13607549667,4.07156276703,3.66231179237,3.00283479691,3.04136681557,2.5396001339,1.09318864346,0.393602669239,0.125840261579,0.0526589564979,0.0268825925887,0.0268119107932,0.0393676310778,0.0512219816446,0.0125898206607,0.00445222528651],"dvar":[0.429283887148,2.23997783661,17.2051277161,26.1533927917,130.477813721,194.207931519,350.60244751,1055.07983398,3594.22045898,12207.5224609,2527.66235352,4090.07373047,2620.68334961,2029.96313477,2332.73217773,3315.4230957,2100.28759766,1672.5859375,864.123840332,266.454437256,141.427032471,101.23991394,69.787902832,51.5858192444,40.5710105896,26.0048656464,31.6057453156,33.872253418,22.4112300873,16.7686328888,4.53474664688,1.17075133324,0.24148568511,0.0141908917576,0.000905476335902,0.0106577258557,0.0106785520911,0.0072801229544,0.00033201178303,0.0000124904127006],"dvar2":[1.18253231049,6.14279603958,47.4147720337,66.9137496948,325.832672119,490.320098877,868.314208984,2629.19262695,9317.74609375,33698.1132812,6724.43310547,9904.22460938,6915.96923828,5129.75390625,5922.19384766,8146.30957031,5137.9921875,4307.73339844,2186.31152344,689.508483887,356.618438721,251.134048462,160.094512939,108.576797485,83.1347351074,52.6255340576,63.9883384705,62.9814949036,43.7940864563,33.1395835876,7.53326272964,2.0251147747,0.399399727583,0.024927970022,0.00203989096917,0.015295160003,0.0158395636827,0.0122575266287,0.000502113718539,0.0000262785051746],"max":[7.70435094833,18.4544353485,69.4320220947,86.6536254883,312.723266602,345.699829102,389.498382568,839.479675293,1623.48522949,3611.08764648,1021.33648682,1575.2010498,1772.27172852,1046.88500977,1615.73071289,1709.51391602,1057.62341309,854.478942871,636.168762207,358.051300049,280.02734375,236.682525635,201.447616577,142.033248901,176.964797974,108.955474854,201.984008789,238.187286377,146.179336548,126.893417358,119.813041687,50.4199790955,30.8465805054,7.66270589828,1.15330135822,7.97862434387,4.9918961525,2.79466843605,0.860449433327,0.0855000242591],"mean":[0.583324372768,1.64711582661,3.48825311661,4.89559030533,7.63210630417,9.45441532135,13.7210330963,21.1905612946,30.4625263214,51.2259025574,38.4365653992,43.7553482056,32.2246170044,36.501449585,41.1805801392,54.4374198914,51.49741745,49.3119735718,38.7476196289,22.6808681488,16.9584388733,15.8368825912,11.2061071396,8.14844703674,6.8228802681,5.49327516556,4.93665456772,4.23183393478,4.00960302353,3.10525655746,1.41199457645,0.45342040062,0.102341085672,0.0341776944697,0.0165948234499,0.0221677925438,0.0552038215101,0.0772085040808,0.0265788901597,0.0130546549335],"median":[0.367043554783,1.10606718063,2.07588672638,2.92107796669,3.77617788315,4.01076078415,6.16135215759,9.12746620178,11.6423025131,18.1094970703,17.8015213013,19.0204639435,16.1301994324,18.3247432709,22.1425094604,28.5024642944,27.8813934326,27.5753631592,25.7739143372,14.2002887726,10.3636798859,10.6989240646,6.16689491272,3.64328813553,2.63666677475,2.106944561,1.94508469105,1.70021533966,1.65084969997,1.19505822659,0.524778187275,0.152327850461,0.023146091029,0.00959399528801,0.00608519045636,0.00593674369156,0.0203064065427,0.0321082547307,0.0137491114438,0.0105283260345],"min":[9.63217151303e-23,9.06536031138e-22,2.59057579384e-21,3.88908779684e-21,9.16246881113e-21,1.03205765987e-20,6.19239620396e-20,1.17634001146e-19,1.40231102066e-19,1.62977819278e-19,3.91296031009e-19,3.12257243269e-19,5.6248178256e-19,7.0962625339e-19,8.43325110159e-19,1.6234714059e-18,1.50961464747e-18,1.76328767689e-18,2.74913021633e-18,3.32986870219e-18,4.21792505153e-18,4.22441883293e-18,5.48634158721e-18,7.83029020177e-18,7.27160910733e-18,7.84020975168e-18,1.11526164643e-17,1.11084516371e-17,1.20013534037e-17,1.18524435226e-17,1.22551497864e-17,1.08405162561e-17,1.05632304256e-17,9.6468532732e-18,6.42999543386e-18,4.33083396438e-18,2.57516503452e-18,9.81533445434e-19,2.39324806209e-19,2.8422439604e-20],"var":[0.478284716606,2.9844686985,19.0068874359,36.5655021667,160.1771698,376.748687744,591.224060059,1527.2800293,4983.11474609,17790.4726562,4220.02783203,6201.27734375,3559.5703125,3472.24609375,4194.81787109,6616.14501953,5272.95751953,4009.77099609,1782.31005859,632.343688965,338.500610352,255.796173096,192.56539917,137.76600647,118.821060181,73.6563491821,81.856086731,95.7172393799,57.9379768372,38.7186012268,12.3137760162,2.72338342667,0.474374145269,0.0252599492669,0.00112277409062,0.0218665376306,0.0300135668367,0.0220156498253,0.00147005880717,0.0000867997514433]},"erbbands_crest":{"dmean":2.56298804283,"dmean2":4.25836801529,"dvar":6.29480934143,"dvar2":15.9357223511,"max":28.9865512848,"mean":7.82496833801,"median":6.93044948578,"min":2.08014965057,"var":12.6903371811},"erbbands_flatness_db":{"dmean":0.0195614788681,"dmean2":0.0297107566148,"dvar":0.000268638250418,"dvar2":0.000620684353635,"max":0.316719174385,"mean":0.145815566182,"median":0.142036288977,"min":0.0296694338322,"var":0.00132016139105},"erbbands_kurtosis":{"dmean":0.812991142273,"dmean2":1.31180870533,"dvar":1.07942855358,"dvar2":2.72682881355,"max":26.3264389038,"mean":0.485440313816,"median":0.131641387939,"min":-1.77669525146,"var":2.11859941483},"erbbands_skewness":{"dmean":0.340577423573,"dmean2":0.538414657116,"dvar":0.0888428390026,"dvar2":0.21413230896,"max":4.36516141891,"mean":0.148940235376,"median":0.127730384469,"min":-3.29543995857,"var":0.369320064783},"erbbands_spread":{"dmean":5.92287397385,"dmean2":9.06812667847,"dvar":30.7500495911,"dvar2":66.2865524292,"max":114.737518311,"mean":28.3247451782,"median":26.6374511719,"min":3.63941001892,"var":132.710006714},"gfcc":{"cov":[[15621.9013672,922.020324707,-885.11920166,217.35043335,-270.811187744,-132.277175903,227.140518188,-329.042480469,127.348762512,20.3487453461,-56.110496521,117.727737427,-276.731872559],[922.020324707,853.607849121,-77.1838607788,-237.97869873,191.272918701,-46.7828369141,-18.8479290009,1.64029610157,13.4851379395,-23.8312187195,73.126625061,-79.7104034424,94.6795349121],[-885.11920166,-77.1838607788,304.064453125,85.1769256592,-28.8033943176,82.0307006836,-72.135383606,63.5695800781,-37.6732826233,18.8420829773,-9.88859176636,2.4441781044,35.9314651489],[217.35043335,-237.97869873,85.1769256592,284.231811523,-7.84271287918,-7.16084766388,67.6859817505,-42.9716682434,12.5181064606,-9.67523860931,-48.2622947693,44.862449646,-68.2420043945],[-270.811187744,191.272918701,-28.8033943176,-7.84271287918,225.391616821,-5.2595448494,24.9881744385,16.6214179993,-11.4584407806,-35.9580421448,24.2244758606,-61.4951515198,36.3440437317],[-132.277175903,-46.7828369141,82.0307006836,-7.16084766388,-5.2595448494,193.777877808,-27.411272049,40.0498657227,-35.3979454041,35.8345451355,-5.00422239304,10.902472496,20.4063835144],[227.140518188,-18.8479290009,-72.135383606,67.6859817505,24.9881744385,-27.411272049,166.036605835,-41.7272834778,73.5108337402,-15.617020607,-16.9477081299,33.7005119324,-53.7917289734],[-329.042480469,1.64029610157,63.5695800781,-42.9716682434,16.6214179993,40.0498657227,-41.7272834778,175.629943848,-7.23680353165,29.1330699921,14.1477098465,-61.3491287231,50.6635971069],[127.348762512,13.4851379395,-37.6732826233,12.5181064606,-11.4584407806,-35.3979454041,73.5108337402,-7.23680353165,124.686408997,23.4844055176,-3.72806453705,34.9943275452,-40.1965332031],[20.3487453461,-23.8312187195,18.8420829773,-9.67523860931,-35.9580421448,35.8345451355,-15.617020607,29.1330699921,23.4844055176,79.4498062134,34.0773468018,13.7773733139,12.8447151184],[-56.110496521,73.126625061,-9.88859176636,-48.2622947693,24.2244758606,-5.00422239304,-16.9477081299,14.1477098465,-3.72806453705,34.0773468018,70.3819961548,13.8905334473,34.8364601135],[117.727737427,-79.7104034424,2.4441781044,44.862449646,-61.4951515198,10.902472496,33.7005119324,-61.3491287231,34.9943275452,13.7773733139,13.8905334473,110.909339905,-10.0111112595],[-276.731872559,94.6795349121,35.9314651489,-68.2420043945,36.3440437317,20.4063835144,-53.7917289734,50.6635971069,-40.1965332031,12.8447151184,34.8364601135,-10.0111112595,100.567741394]],"icov":[[0.000145865749801,-0.00045612375834,0.000720324344002,-0.00076016318053,0.000623101950623,-0.000286093534669,0.00019424270431,-0.000132154076709,0.000059055564634,0.0000493581974297,-0.0000746891309973,0.0000448396349384,0.000108590480522],[-0.00045612375834,0.00375103508122,-0.0026797382161,0.00380201335065,-0.00290777650662,0.000756253604777,-0.00079357100185,0.00204279879108,-0.00202683382668,0.0010456716409,-0.0015708891442,0.00191018520854,-0.00201473338529],[0.000720324344002,-0.0026797382161,0.00964303966612,-0.00786562636495,0.00513309659436,-0.00420702015981,0.00389121263288,-0.00174525461625,-0.00172957929317,0.00290125212632,-0.00202345009893,0.00160176411737,-0.00252005946822],[-0.00076016318053,0.00380201335065,-0.00786562636495,0.0146029610187,-0.00962659809738,0.00644213939086,-0.00429056817666,-0.000755758781452,0.0065329419449,-0.00871912203729,0.0103311073035,-0.00895923469216,0.00656006438658],[0.000623101950623,-0.00290777650662,0.00513309659436,-0.00962659809738,0.0162511542439,-0.00728501658887,-0.000345888634911,0.00309026031755,-0.00770220439881,0.0135127026588,-0.014890502207,0.0144418654963,-0.00825948361307],[-0.000286093534669,0.000756253604777,-0.00420702015981,0.00644213939086,-0.00728501658887,0.0119857788086,-0.00208761659451,-0.00384829193354,0.00965433754027,-0.0128892958164,0.0126623669639,-0.0109184831381,0.0054299752228],[0.00019424270431,-0.00079357100185,0.00389121263288,-0.00429056817666,-0.000345888634911,-0.00208761659451,0.0126759419218,-0.00034026283538,-0.00653574150056,0.00407428713515,-0.00119459209964,-0.00130025378894,0.00163170380984],[-0.000132154076709,0.00204279879108,-0.00174525461625,-0.000755758781452,0.00309026031755,-0.00384829193354,-0.00034026283538,0.0135233486071,-0.00818330142647,0.00383867835626,-0.00756522081792,0.0138440849259,-0.00926919467747],[0.000059055564634,-0.00202683382668,-0.00172957929317,0.0065329419449,-0.00770220439881,0.00965433754027,-0.00653574150056,-0.00818330142647,0.0263380780816,-0.0199121832848,0.0177884809673,-0.0187194291502,0.0136179961264],[0.0000493581974297,0.0010456716409,0.00290125212632,-0.00871912203729,0.0135127026588,-0.0128892958164,0.00407428713515,0.00383867835626,-0.0199121832848,0.0401441566646,-0.0308663677424,0.0180275570601,-0.0104237413034],[-0.0000746891309973,-0.0015708891442,-0.00202345009893,0.0103311073035,-0.014890502207,0.0126623669639,-0.00119459209964,-0.00756522081792,0.0177884809673,-0.0308663677424,0.0472382009029,-0.0255571566522,0.00713579682633],[0.0000448396349384,0.00191018520854,0.00160176411737,-0.00895923469216,0.0144418654963,-0.0109184831381,-0.00130025378894,0.0138440849259,-0.0187194291502,0.0180275570601,-0.0255571566522,0.0364602804184,-0.0163023043424],[0.000108590480522,-0.00201473338529,-0.00252005946822,0.00656006438658,-0.00825948361307,0.0054299752228,0.00163170380984,-0.00926919467747,0.0136179961264,-0.0104237413034,0.00713579682633,-0.0163023043424,0.027596142143]],"mean":[7.2501411438,103.034339905,-98.4148330688,-4.11842107773,-13.8259534836,-12.0923490524,5.71037912369,-21.3123207092,9.25032615662,-4.46357536316,-5.22204208374,3.07181549072,-13.12803936]},"hfc":{"dmean":27.0802898407,"dmean2":41.0120697021,"dvar":1007.64337158,"dvar2":2262.04101562,"max":775.59185791,"mean":106.690177917,"median":91.9986114502,"min":1.10859599345e-16,"var":4794.52001953},"melbands":{"dmean":[0.00301891565323,0.0012716591591,0.000622434890829,0.000441078213044,0.000326271023368,0.000330284674419,0.000344712956576,0.00036692499998,0.000211698075873,0.000182548377779,0.000108129104774,0.0000971672561718,0.0000864447501954,0.0000836720646475,0.0000846334805829,0.0000600338971708,0.0000530847282789,0.0000405573518947,0.0000199160476768,0.0000123573036035,0.0000103130669231,0.00000842567897053,0.00000683013195157,0.00000449331628261,0.00000348200319422,0.00000289710169454,0.00000230511022892,0.0000018914086013,0.00000172862075942,0.00000151339293097,0.00000124986524952,0.00000126773784359,0.00000128876342842,9.49161062636e-7,5.18727404142e-7,3.06524555072e-7,1.23270979202e-7,6.39006358938e-8,4.22116102072e-8,2.2694873536e-8],"dmean2":[0.00510246306658,0.00215786718763,0.00101878971327,0.000723510398529,0.000537510844879,0.000535843370017,0.00056296744151,0.000603972293902,0.000345417502103,0.000296066806186,0.00017835527251,0.000158558395924,0.000141281692777,0.000136613467475,0.000136916976771,0.0000976512164925,0.0000866033951752,0.0000663386890665,0.0000324821849063,0.0000199104524654,0.0000167834732565,0.0000137334809551,0.0000108696367533,0.00000700527107256,0.00000531997056896,0.00000439686891696,0.00000344668501384,0.00000286172075903,0.00000261058858086,0.00000221790787691,0.00000183366148576,0.00000183781457963,0.00000184251859991,0.00000136079358981,7.24798269403e-7,4.33610296113e-7,1.8185164663e-7,9.8056545994e-8,6.53618883462e-8,3.78917874855e-8],"dvar":[0.0000201246639335,0.00000318921638609,8.94366849025e-7,6.89318881086e-7,3.57107154514e-7,4.62781912347e-7,0.00000102553804027,0.00000123156667087,1.60589820553e-7,1.5809864351e-7,6.60253007823e-8,3.51467690507e-8,3.09089465134e-8,3.04907175064e-8,2.26859118158e-8,9.53831857942e-9,6.34633723351e-9,3.46806139362e-9,8.61180515788e-10,3.25620391761e-10,2.33532415628e-10,1.34603647672e-10,9.56835791155e-11,5.61120316878e-11,3.88456732059e-11,2.81132582491e-11,1.89746603846e-11,1.2918059851e-11,1.36842247603e-11,1.57557942387e-11,1.32697403413e-11,7.79316715327e-12,7.95174343038e-12,4.9539053415e-12,1.8676572875e-12,1.04082248462e-12,3.9246617024e-13,1.71881958536e-13,6.41147969134e-14,3.15575698203e-15],"dvar2":[0.0000553251265956,0.00000874211491464,0.00000225019766731,0.00000170901751062,8.89682098659e-7,0.0000011488122027,0.00000259496414401,0.00000342699240719,4.15421311573e-7,3.86666442864e-7,1.73892701127e-7,8.90568259138e-8,7.84414311283e-8,7.91538070644e-8,5.82170045504e-8,2.41448230298e-8,1.65103628547e-8,8.9560270311e-9,2.27582197532e-9,8.30036650523e-10,6.0336313723e-10,3.44000772312e-10,2.37657699076e-10,1.25220264713e-10,8.59789114904e-11,6.24177862174e-11,4.06101922923e-11,2.73997612793e-11,2.95712933307e-11,3.13378246963e-11,2.72830213283e-11,1.60587428771e-11,1.60657077919e-11,1.02393388907e-11,3.4346841777e-12,1.72502919067e-12,7.1076749087e-13,3.13852622277e-13,9.5591354385e-14,7.43607429186e-15],"max":[0.0527846068144,0.0264146700501,0.0196027476341,0.0169604308903,0.0115184448659,0.016849162057,0.0322451516986,0.0356972552836,0.00807130616158,0.0101723512635,0.00875037442893,0.00418680068105,0.00672958232462,0.00681496411562,0.00332567840815,0.00169546937104,0.00171012175269,0.00108026282396,0.000617742130999,0.000303401175188,0.000353477837052,0.000238045744481,0.000196813401999,0.00022597174393,0.000129392326926,0.000100782046502,0.000107808562461,0.0000905211927602,0.000114365604531,0.000196452572709,0.000166047233506,0.0000897373465705,0.0000786084638094,0.0000691808018018,0.0000667817294016,0.0000650496149319,0.0000317552694469,0.0000224297527893,0.0000186742508959,0.00000313071768687],"mean":[0.00424440391362,0.00195120251738,0.000949653389398,0.000617420359049,0.000476326618809,0.000470738130389,0.000502587470692,0.00053168652812,0.000313651922625,0.000262988731265,0.000156010195496,0.000145445257658,0.000135997484904,0.000137361581437,0.000139349227538,0.000104035672848,0.0000896519195521,0.0000669440923957,0.0000370489251509,0.0000234447124967,0.0000192532133951,0.0000167704074556,0.0000129764730445,0.00000831903980725,0.00000637646598989,0.00000527763177161,0.0000042807414502,0.00000348617322743,0.00000314744806929,0.00000277108051705,0.00000233547689277,0.00000226513247981,0.00000215042246055,0.00000154942858899,8.70717826729e-7,5.10288089117e-7,1.71947235117e-7,7.07645710918e-8,4.435226586e-8,2.23323226578e-8],"median":[0.00281449663453,0.00130493403412,0.000598920043558,0.000289195741061,0.000216435175389,0.00020663466421,0.000190569000551,0.000194344029296,0.000144086923683,0.000110749679152,0.0000738410162739,0.000070022084401,0.0000711327738827,0.0000697824798408,0.0000721448450349,0.0000538941312698,0.0000492382459925,0.0000426145561505,0.0000234691178775,0.0000135221780511,0.0000115324019134,0.0000111861236292,0.00000767488563724,0.0000040543995965,0.00000271208432423,0.0000020112488528,0.00000158595958055,0.00000133423088755,0.000001214752956,0.000001046247462,9.53611447585e-7,9.36126411943e-7,8.27295821182e-7,5.71056943954e-7,3.16876537454e-7,1.76034035348e-7,4.87713442965e-8,1.03542365792e-8,8.27227797373e-9,7.1760197784e-9],"min":[1.37259539394e-24,1.66993610039e-24,9.79052409849e-25,4.80070375773e-25,2.18211232614e-24,2.5572949671e-24,2.09540231316e-24,1.68387961132e-24,2.81664146994e-24,1.65492821888e-24,2.61979286674e-24,2.16134359066e-24,2.63088839259e-24,2.54443120953e-24,3.28146612265e-24,3.36059557676e-24,2.8163896261e-24,2.33424040463e-24,3.93522828696e-24,3.11049472094e-24,4.51431490583e-24,2.95041926326e-24,4.35931123214e-24,3.34869994874e-24,5.54802955857e-24,6.12415439917e-24,3.97248263764e-24,4.79273784031e-24,6.0873638987e-24,6.33540346098e-24,5.59526852172e-24,5.41564844348e-24,5.58969364171e-24,6.05322909847e-24,5.52885432211e-24,6.45926093399e-24,5.87699007807e-24,7.0290677876e-24,6.15303262476e-24,7.03454563773e-24],"var":[0.0000228470453294,0.00000420819469582,0.00000127831629015,0.00000117549677725,6.76651666254e-7,6.990003385e-7,0.00000145230501403,0.00000184906673439,2.59411194747e-7,2.36981094304e-7,8.90294700184e-8,5.82351731282e-8,5.07740587352e-8,4.95822582991e-8,4.52045547661e-8,2.17112408052e-8,1.38598901245e-8,6.08610539743e-9,1.7780185102e-9,7.7137862764e-10,4.78727224529e-10,2.9652380551e-10,2.24496365941e-10,1.39468339655e-10,9.06455743799e-11,7.16220208141e-11,4.90608387249e-11,3.20589457758e-11,3.1307012538e-11,3.96850018125e-11,3.17966798724e-11,1.87574018817e-11,1.76448734096e-11,1.04634183262e-11,4.60007292674e-12,2.60918522031e-12,7.73652517917e-13,2.99321927921e-13,1.23745347194e-13,3.93918008428e-15]},"melbands_crest":{"dmean":4.91179037094,"dmean2":8.22403335571,"dvar":18.0424633026,"dvar2":47.7676239014,"max":36.338809967,"mean":16.0305614471,"median":15.0776500702,"min":1.69655311108,"var":41.4440917969},"melbands_flatness_db":{"dmean":0.0308243390173,"dmean2":0.048019528389,"dvar":0.000674830167554,"dvar2":0.00163583189715,"max":0.493378818035,"mean":0.234977811575,"median":0.235104650259,"min":0.00343525945209,"var":0.0032087683212},"melbands_kurtosis":{"dmean":4.83605194092,"dmean2":7.89346885681,"dvar":50.5838432312,"dvar2":126.142120361,"max":172.293304443,"mean":7.75826883316,"median":4.78936862946,"min":-1.74532186985,"var":96.8697280884},"melbands_skewness":{"dmean":0.714802086353,"dmean2":1.14014971256,"dvar":0.448790609837,"dvar2":1.12525713444,"max":9.97427845001,"mean":2.20852971077,"median":2.017547369,"min":-1.54860436916,"var":1.47875857353},"melbands_spread":{"dmean":5.89174175262,"dmean2":9.34022140503,"dvar":36.9258918762,"dvar2":91.7265319824,"max":175.142364502,"mean":20.6827030182,"median":18.8440055847,"min":0.734352767467,"var":177.423721313},"mfcc":{"cov":[[6945.41308594,730.776184082,-333.046508789,394.722717285,-427.286956787,427.513183594,-192.558044434,154.552978516,-176.594650269,142.602752686,19.2078170776,50.0769271851,24.8070030212],[730.776184082,1226.17541504,-210.127197266,-113.133972168,152.895019531,-50.1209068298,64.0671691895,-50.9685897827,49.8279953003,-28.0490398407,40.2120857239,16.35887146,23.7099552155],[-333.046508789,-210.127197266,351.271942139,-41.9092712402,37.5779495239,-10.8894491196,0.174308940768,-19.7094726562,21.5397586823,-28.153470993,3.11938762665,-6.01266670227,-9.6231136322],[394.722717285,-113.133972168,-41.9092712402,333.295318604,-82.5274124146,88.3370513916,-63.3817863464,78.5083770752,-36.5086402893,40.9063682556,-21.8678226471,-0.2325745821,-13.6348619461],[-427.286956787,152.895019531,37.5779495239,-82.5274124146,251.080825806,-90.1564559937,117.098342896,-64.3115997314,60.9319610596,-39.2840995789,9.82813930511,-7.07613801956,-6.19636249542],[427.513183594,-50.1209068298,-10.8894491196,88.3370513916,-90.1564559937,240.567062378,-46.6146507263,75.0098114014,-52.9775314331,11.5771980286,-7.20693778992,-1.37650930882,5.64163351059],[-192.558044434,64.0671691895,0.174308940768,-63.3817863464,117.098342896,-46.6146507263,152.951370239,-31.5973453522,39.9519920349,-18.1039390564,-0.78490537405,-8.12379741669,-5.30389595032],[154.552978516,-50.9685897827,-19.7094726562,78.5083770752,-64.3115997314,75.0098114014,-31.5973453522,110.912712097,3.99118423462,25.3776435852,-0.873707294464,-1.6041727066,0.553603708744],[-176.594650269,49.8279953003,21.5397586823,-36.5086402893,60.9319610596,-52.9775314331,39.9519920349,3.99118423462,97.4652633667,18.8532676697,23.7147293091,7.81025600433,0.520619928837],[142.602752686,-28.0490398407,-28.153470993,40.9063682556,-39.2840995789,11.5771980286,-18.1039390564,25.3776435852,18.8532676697,70.7007980347,23.5207042694,11.9293298721,-3.17037415504],[19.2078170776,40.2120857239,3.11938762665,-21.8678226471,9.82813930511,-7.20693778992,-0.78490537405,-0.873707294464,23.7147293091,23.5207042694,64.1012954712,27.1690483093,9.64519691467],[50.0769271851,16.35887146,-6.01266670227,-0.2325745821,-7.07613801956,-1.37650930882,-8.12379741669,-1.6041727066,7.81025600433,11.9293298721,27.1690483093,57.7983818054,24.3919296265],[24.8070030212,23.7099552155,-9.6231136322,-13.6348619461,-6.19636249542,5.64163351059,-5.30389595032,0.553603708744,0.520619928837,-3.17037415504,9.64519691467,24.3919296265,57.4459075928]],"icov":[[0.000215446867514,-0.00020053103799,-0.0000103245447463,-0.000165550940437,0.000329300819431,-0.000234777995502,-0.000109799089842,0.000102836755104,0.000206979035283,-0.000306206668029,-0.00000499218958794,-0.0000764272772358,0.0000106689867607],[-0.00020053103799,0.00128920667339,0.000853230070788,0.000348452856997,-0.000946488522459,-0.0000013984472389,0.000395987590309,0.000147853817907,-0.000695369322784,0.000945832056459,-0.000630091060884,0.000108981337689,-0.000168668964761],[-0.0000103245447463,0.000853230070788,0.00377953308634,0.000294655794278,-0.000669936125632,-0.000532878329977,0.000959802535363,0.00067376869265,-0.00169123511296,0.00215917010792,-0.000876461039297,0.000146828693687,0.000636867713183],[-0.000165550940437,0.000348452856997,0.000294655794278,0.00455098832026,-0.00103920535184,-0.00028929967084,0.0011305261869,-0.00240223039873,0.00128640653566,-0.0022372789681,0.00213406071998,-0.00112055067439,0.0010834147688],[0.000329300819431,-0.000946488522459,-0.000669936125632,-0.00103920535184,0.00947632268071,0.0002790694125,-0.00480394111946,0.00294984551147,-0.00342510617338,0.00361771229655,-0.00174077146221,0.000757649017032,0.000613618234638],[-0.000234777995502,-0.0000013984472389,-0.000532878329977,-0.00028929967084,0.0002790694125,0.00678967451677,-0.000364609761164,-0.00424782652408,0.00355796702206,0.000109248619992,-0.000725136022083,0.000317238154821,-0.000724560813978],[-0.000109799089842,0.000395987590309,0.000959802535363,0.0011305261869,-0.00480394111946,-0.000364609761164,0.0110411383212,0.000346827175235,-0.00237859692425,0.000289082643576,0.00148468161933,0.000423964695074,0.000455008150311],[0.000102836755104,0.000147853817907,0.00067376869265,-0.00240223039873,0.00294984551147,-0.00424782652408,0.000346827175235,0.0158041492105,-0.00592997623608,-0.000510987418238,0.00000435704487245,0.0018871872453,-0.00072417058982],[0.000206979035283,-0.000695369322784,-0.00169123511296,0.00128640653566,-0.00342510617338,0.00355796702206,-0.00237859692425,-0.00592997623608,0.0191779602319,-0.00732310907915,-0.00229332689196,-0.000765284989029,-0.000529651355464],[-0.000306206668029,0.000945832056459,0.00215917010792,-0.0022372789681,0.00361771229655,0.000109248619992,0.000289082643576,-0.000510987418238,-0.00732310907915,0.0245463903993,-0.00835017487407,-0.000792959763203,0.00314338388853],[-0.00000499218958794,-0.000630091060884,-0.000876461039297,0.00213406071998,-0.00174077146221,-0.000725136022083,0.00148468161933,0.00000435704487245,-0.00229332689196,-0.00835017487407,0.0249661263078,-0.00967372860759,0.000118054740597],[-0.0000764272772358,0.000108981337689,0.000146828693687,-0.00112055067439,0.000757649017032,0.000317238154821,0.000423964695074,0.0018871872453,-0.000765284989029,-0.000792959763203,-0.00967372860759,0.0265361890197,-0.00986187160015],[0.0000106689867607,-0.000168668964761,0.000636867713183,0.0010834147688,0.000613618234638,-0.000724560813978,0.000455008150311,-0.00072417058982,-0.000529651355464,0.00314338388853,0.000118054740597,-0.00986187160015,0.0223687365651]],"mean":[-650.795654297,165.901687622,-23.8717327118,27.2934265137,-7.58126974106,26.9506225586,-8.34952831268,12.3218765259,-1.13509273529,6.86777067184,6.04878330231,5.98108816147,3.5424413681]},"pitch_salience":{"dmean":0.0824349373579,"dmean2":0.136093482375,"dvar":0.00503572076559,"dvar2":0.013380266726,"max":0.838111341,"mean":0.565322995186,"median":0.574610352516,"min":0.11746674031,"var":0.0118965161964},"silence_rate_20dB":{"dmean":0,"dmean2":0,"dvar":0,"dvar2":0,"max":1,"mean":1,"median":1,"min":1,"var":0},"silence_rate_30dB":{"dmean":0.0225258115679,"dmean2":0.0450563207269,"dvar":0.0220197476447,"dvar2":0.055961523205,"max":1,"mean":0.977893650532,"median":1,"min":0,"var":0.0216174367815},"silence_rate_60dB":{"dmean":0.000625716987997,"dmean2":0.00125156447757,"dvar":0.000625410466455,"dvar2":0.00145861029159,"max":1,"mean":0.0251303445548,"median":0,"min":0,"var":0.0244992747903},"spectral_centroid":{"dmean":198.929550171,"dmean2":295.057739258,"dvar":54222.7929688,"dvar2":100707.5,"max":11705.1621094,"mean":1159.20556641,"median":1012.2331543,"min":196.291259766,"var":743884.125},"spectral_complexity":{"dmean":3.68317866325,"dmean2":5.33166456223,"dvar":11.4945669174,"dvar2":21.1720142365,"max":54,"mean":22.8400421143,"median":22,"min":0,"var":88.663520813},"spectral_contrast_coeffs":{"dmean":[0.0544266328216,0.0513652935624,0.0382965169847,0.0288594961166,0.0203102398664,0.0520059838891],"dmean2":[0.0895413905382,0.0855867043138,0.0638304054737,0.0479781329632,0.0337307155132,0.0808986797929],"dvar":[0.00191504461691,0.00165232783183,0.000927089015022,0.00051561370492,0.000281960965367,0.00185754871927],"dvar2":[0.00506465695798,0.00453200098127,0.00253172614612,0.00139456568286,0.000754261098336,0.00440744962543],"max":[-0.404934406281,-0.433858215809,-0.583430230618,-0.619796037674,-0.642660498619,-0.428504616022],"mean":[-0.712687313557,-0.766777038574,-0.802859783173,-0.803152322769,-0.812243163586,-0.695326924324],"median":[-0.717586278915,-0.773393630981,-0.807319700718,-0.805064916611,-0.815445065498,-0.694680094719],"min":[-0.983644366264,-0.975785434246,-0.972525477409,-0.968966245651,-0.967834889889,-0.963910400867],"var":[0.00548413069919,0.00444887811318,0.00237094494514,0.00150880205911,0.00122198020108,0.00795189663768]},"spectral_contrast_valleys":{"dmean":[0.374750614166,0.362973153591,0.314459323883,0.261037766933,0.269185960293,0.666454732418],"dmean2":[0.626293957233,0.594309031963,0.499541968107,0.402348011732,0.395685046911,1.07353830338],"dvar":[0.109402127564,0.0997734814882,0.0797174051404,0.0652800649405,0.0881365314126,0.326493948698],"dvar2":[0.269271790981,0.238145053387,0.175111606717,0.129704087973,0.166254967451,0.821010351181],"max":[-4.95293521881,-4.45854473114,-4.98795890808,-5.51144886017,-5.84073781967,-8.35515594482],"mean":[-6.77167272568,-6.29997110367,-6.74563980103,-7.1407494545,-7.70744609833,-11.3700056076],"median":[-6.51031494141,-6.07208061218,-6.51362991333,-6.89753341675,-7.48979091644,-11.216632843],"min":[-27.8582077026,-28.0537624359,-27.8727169037,-27.5855026245,-27.4664897919,-27.3618144989],"var":[3.2974088192,3.34970927238,3.2075483799,3.09711003304,3.08934283257,2.38157105446]},"spectral_decrease":{"dmean":3.85170961792e-9,"dmean2":6.33281826978e-9,"dvar":2.32795061065e-17,"dvar2":6.10304443853e-17,"max":2.06077621634e-9,"mean":-9.06228692088e-9,"median":-7.67472485563e-9,"min":-5.54070922476e-8,"var":4.58260772507e-17},"spectral_energy":{"dmean":0.0150778749958,"dmean2":0.024452470243,"dvar":0.000340536382282,"dvar2":0.000882616150193,"max":0.242270022631,"mean":0.0438802912831,"median":0.0387297570705,"min":1.00615882876e-20,"var":0.000807903241366},"spectral_energyband_high":{"dmean":0.000253220234299,"dmean2":0.000320948805893,"dvar":2.13737948229e-7,"dvar2":2.93062356604e-7,"max":0.0170893296599,"mean":0.000651169160847,"median":0.000357208889909,"min":7.1421140923e-21,"var":8.75824582636e-7},"spectral_energyband_low":{"dmean":0.0114247733727,"dmean2":0.019385362044,"dvar":0.000246838724706,"dvar2":0.000675807648804,"max":0.178750231862,"mean":0.0189667027444,"median":0.014250010252,"min":1.45806723057e-23,"var":0.00031317883986},"spectral_energyband_middle_high":{"dmean":0.00230037351139,"dmean2":0.00337067525834,"dvar":0.00000945015472098,"dvar2":0.0000209048121178,"max":0.0747432559729,"mean":0.00671551888809,"median":0.00467320717871,"min":1.19382357231e-21,"var":0.0000411949586123},"spectral_energyband_middle_low":{"dmean":0.00586564932019,"dmean2":0.00931671634316,"dvar":0.0000778280955274,"dvar2":0.00019745179452,"max":0.21209871769,"mean":0.0136540019885,"median":0.00971108581871,"min":1.81896872812e-22,"var":0.000190550563275},"spectral_entropy":{"dmean":0.142326578498,"dmean2":0.211916491389,"dvar":0.0168077014387,"dvar2":0.0360585786402,"max":9.81454658508,"mean":7.58409976959,"median":7.60954475403,"min":6.09091329575,"var":0.12709762156},"spectral_flux":{"dmean":0.0265232138336,"dmean2":0.0427751652896,"dvar":0.000799410918262,"dvar2":0.00187949975953,"max":0.398257374763,"mean":0.117680341005,"median":0.11502994597,"min":6.33862615174e-11,"var":0.00261533213779},"spectral_kurtosis":{"dmean":3.92205023766,"dmean2":5.93255281448,"dvar":21.7545585632,"dvar2":53.2228431702,"max":64.2787628174,"mean":17.0277614594,"median":14.1923046112,"min":-1.26371848583,"var":92.3619689941},"spectral_rms":{"dmean":0.0010464116931,"dmean2":0.00166301301215,"dvar":0.00000116912679005,"dvar2":0.00000291704964184,"max":0.0153740365058,"mean":0.00616173446178,"median":0.00614696089178,"min":3.13307886579e-12,"var":0.00000484307156512},"spectral_rolloff":{"dmean":3294.53808594,"dmean2":6192.34082031,"dvar":39556288,"dvar2":98773424,"max":22028.4667969,"mean":6467.29785156,"median":1679.58984375,"min":43.06640625,"var":70270624},"spectral_skewness":{"dmean":0.319317728281,"dmean2":0.467211008072,"dvar":0.105900608003,"dvar2":0.236779734492,"max":5.78981924057,"mean":2.71271753311,"median":2.53903031349,"min":-0.0759487301111,"var":0.762746214867},"spectral_spread":{"dmean":433953.75,"dmean2":660975.5625,"dvar":366159396864,"dvar2":774533480448,"max":43547816,"mean":3957120,"median":3682383.25,"min":1541948.125,"var":8207232139260},"spectral_strongpeak":{"dmean":1.21765470505,"dmean2":2.23212552071,"dvar":40.2767219543,"dvar2":104.226249695,"max":113.899085999,"mean":1.10227119923,"median":0.204475462437,"min":0,"var":33.858417511},"zerocrossingrate":{"dmean":0.0294036567211,"dmean2":0.0387569926679,"dvar":0.000601527339313,"dvar2":0.00100903608836,"max":0.60595703125,"mean":0.21385216713,"median":0.19873046875,"min":0.0361328125,"var":0.00681044068187}},"metadata":{"audio_properties":{"analysis_sample_rate":44100,"bit_rate":192000,"codec":"mp3","downmix":"mix","equal_loudness":0,"length":222.64163208,"lossless":false,"md5_encoded":"cde9f56472697d41fa9a5a0bda6bb302","replay_gain":-8.72806930542,"sample_rate":44100},"tags":{"album":["Angel Dust"],"album artist credit":["Faith No More"],"albumartist":["Faith No More"],"albumartistsort":["Faith No More"],"artist":["Faith No More"],"artist credit":["Faith No More"],"artistsort":["Faith No More"],"asin":["B00CTNKWZY"],"bpm":["0"],"catalognumber":["MOVLP813"],"date":["2013-06-20"],"discnumber":["2/2"],"file_name":"09 - Faith No More - Be Aggressive.mp3","genre":["Rock - Alternative Metal / Punk"],"label":["Music on Vinyl"],"language":["eng"],"length":["222641"],"media":["12\" Vinyl"],"musicbrainz album release country":["XE"],"musicbrainz album status":["Official"],"musicbrainz album type":["album"],"musicbrainz_albumartistid":["b15ebd71-a252-417d-9e1c-3e6863da68f8"],"musicbrainz_albumid":["a3859e76-26e6-4235-a66c-29ce7534bbf2"],"musicbrainz_artistid":["b15ebd71-a252-417d-9e1c-3e6863da68f8"],"musicbrainz_recordingid":["4a4fc20f-9d55-47f6-9401-9549d721f73e"],"musicbrainz_releasegroupid":["503e5b85-df2a-365a-82e4-32ca30538d8d"],"originaldate":["1992-06-08"],"replaygain_album_gain":["0.00 dB"],"replaygain_album_peak":["0.000000"],"replaygain_track_gain":["0.00 dB"],"replaygain_track_peak":["0.000000"],"script":["Latn"],"title":["Be Aggressive"],"tracknumber":["9/14"]},"version":{"essentia":"2.1-beta1","essentia_build_sha":"ca57ba49d9b1854bd80e60cf9ccf267278fb7d6b","essentia_git_sha":"v2.1_beta1-28-g21ef5f4-dirty","extractor":"music 1.0"}},"rhythm":{"beats_count":452,"beats_loudness":{"dmean":0.0231961049139,"dmean2":0.0425421558321,"dvar":0.000580456515308,"dvar2":0.00175353349186,"max":0.292783975601,"mean":0.0517470948398,"median":0.0507269576192,"min":0,"var":0.000876862846781},"beats_loudness_band_ratio":{"dmean":[0.182739466429,0.0940517783165,0.