{"lowlevel":{"average_loudness":0.846738100052,"barkbands":{"dmean":[0.0000740974937798,0.00560457073152,0.00161767436657,0.0029541880358,0.0038070154842,0.000852856843267,0.000927618762944,0.000611329160165,0.000746440084185,0.000465249788249,0.000316630903399,0.000225508367294,0.000138052331749,0.000195017797523,0.000304766988847,0.000186347577255,0.000265363516519,0.000141170268762,0.000100749988633,0.000095601004432,0.0000831093202578,0.000132434608531,0.000189934638911,0.000151366970385,0.000139328607474,0.0000547027557332,0.0000157788799697],"dmean2":[0.000104137230664,0.00906872190535,0.00282340496778,0.00523860938847,0.00647958461195,0.00138107512612,0.00147273356561,0.000962867867202,0.00115611741785,0.0006912619574,0.000488430610858,0.000352022238076,0.000214531290112,0.000305256107822,0.000475756765809,0.00029449100839,0.000417612551246,0.00021992798429,0.000156277543283,0.00014891770843,0.000120227261505,0.000189916172531,0.000259519962128,0.000208042896702,0.000188715130207,0.0000780237314757,0.0000242169408011],"dvar":[2.6143716525e-8,0.000124025798868,0.0000172126165126,0.0000594559060119,0.0000788752004155,0.00000353290784005,0.00000632054479865,0.00000326792519445,0.00000455564349977,0.00000245292380896,0.00000169213956269,6.25872644378e-7,1.30246505137e-7,2.39623318521e-7,7.61555895679e-7,2.20679012841e-7,3.63794157465e-7,9.990126415e-8,3.8209851283e-8,4.44003482869e-8,4.72374601657e-8,1.82871872312e-7,5.10177756041e-7,3.54159737981e-7,2.7415853765e-7,1.82292563267e-8,1.66138203195e-9],"dvar2":[4.90789489049e-8,0.000310954026645,0.0000476825298392,0.000156756897923,0.000201929869945,0.00000866066784511,0.0000143124161696,0.0000077733748185,0.0000105158551378,0.00000538978883924,0.0000041446060095,0.00000166096708654,3.12712018058e-7,5.96591348767e-7,0.00000182561097972,5.59769375741e-7,9.15529597023e-7,2.38892170046e-7,9.42201623388e-8,1.10856142044e-7,1.01005085185e-7,3.91161592006e-7,8.93933304269e-7,6.15284022842e-7,5.24015888459e-7,3.87261529511e-8,4.02713951075e-9],"max":[0.00176019652281,0.127047851682,0.0450493842363,0.0706573054194,0.0749958753586,0.0428673438728,0.0823030397296,0.0382903516293,0.0362997315824,0.0638872236013,0.04364008829,0.0220642499626,0.0112586552277,0.0128340907395,0.0282154045999,0.0143499700353,0.0164129026234,0.00895036850125,0.00407897587866,0.00662079546601,0.00534699903801,0.0171511285007,0.0197908841074,0.0197214130312,0.016845991835,0.00484115676954,0.000628115201835],"mean":[0.0000932754555834,0.00969813391566,0.00207702536136,0.00216308352537,0.00383380823769,0.00115864118561,0.00125726102851,0.000815840030555,0.00107828818727,0.000687221239787,0.000466113822768,0.000314136006637,0.000182735908311,0.000260539381998,0.000461608957266,0.000269346579444,0.000420192402089,0.000240638124524,0.000182128540473,0.00015896903642,0.000119068383356,0.000171734311152,0.000251310208114,0.000207568111364,0.000200012960704,0.0000690575325279,0.0000160465533554],"median":[0.0000136142480187,0.00541769200936,0.000639798003249,0.000246870069532,0.00103005417623,0.000341459410265,0.000269840675173,0.000137133596581,0.000116416063975,0.0000569306030229,0.0000399269192712,0.0000569011754123,0.0000407689440181,0.0000527297488588,0.0000991128908936,0.0000773119973019,0.000136733564432,0.0000779296460678,0.0000643932289677,0.0000534547871212,0.0000345144144376,0.000029091253964,0.0000268734347628,0.0000226758274948,0.0000234517428908,0.0000103071506601,0.00000111826852844],"min":[1.02524899193e-24,6.20346134699e-24,5.71436995233e-24,1.66055319157e-24,4.79710260769e-24,1.83968768648e-23,2.43737351558e-23,2.91371392033e-23,4.00238803901e-23,4.04416485038e-23,1.74669045209e-23,2.63874793212e-23,6.53819719606e-23,4.64964651848e-23,4.83397112651e-23,5.01502417058e-23,8.39005511305e-23,1.23606728835e-22,2.37715673345e-22,2.73436178658e-22,2.95426263304e-22,3.63194489015e-22,5.20397125108e-22,6.57793824142e-22,9.73720726971e-22,1.25079977694e-21,2.06034676079e-21],"var":[4.05290592198e-8,0.000174627071829,0.0000157354443218,0.0000416141119786,0.0000683248872519,0.00000600445355303,0.0000105167873699,0.00000455203098682,0.0000081044554463,0.00000473399495604,0.00000304351920022,8.78323646702e-7,1.97644069999e-7,4.12667219507e-7,0.00000139177359415,3.46170480725e-7,5.78554761432e-7,2.15063010955e-7,9.45724210055e-8,7.47051487338e-8,6.94611372865e-8,2.60631054516e-7,0.0000011286414292,7.71962618273e-7,6.35720311948e-7,3.12744248276e-8,1.80877945954e-9]},"barkbands_crest":{"dmean":3.32985901833,"dmean2":5.41450405121,"dvar":10.2895174026,"dvar2":24.8629875183,"max":26.5561847687,"mean":13.0200862885,"median":12.0082979202,"min":2.75905823708,"var":31.1341953278},"barkbands_flatness_db":{"dmean":0.029939154163,"dmean2":0.0439627356827,"dvar":0.000926528126001,"dvar2":0.00191882438958,"max":0.567267537117,"mean":0.160419732332,"median":0.144106760621,"min":0.0217559337616,"var":0.00656053097919},"barkbands_kurtosis":{"dmean":11.4655637741,"dmean2":17.8481807709,"dvar":2582.78344727,"dvar2":6153.36523438,"max":3026.87231445,"mean":17.5554695129,"median":3.20891666412,"min":-1.9766908884,"var":5725.96728516},"barkbands_skewness":{"dmean":1.01189684868,"dmean2":1.51380228996,"dvar":1.73870432377,"dvar2":3.83245515823,"max":46.8759689331,"mean":2.43140363693,"median":1.82518076897,"min":-7.6249537468,"var":7.0153632164},"barkbands_spread":{"dmean":8.70492172241,"dmean2":13.2834510803,"dvar":142.03767395,"dvar2":302.962768555,"max":160.832199097,"mean":24.9060821533,"median":19.9310264587,"min":0.0887439399958,"var":485.624359131},"dissonance":{"dmean":0.0192157961428,"dmean2":0.0314188934863,"dvar":0.000445415440481,"dvar2":0.00112160493154,"max":0.500000119209,"mean":0.462509036064,"median":0.472266972065,"min":0.179211139679,"var":0.00118466187268},"dynamic_complexity":5.62794494629,"erbbands":{"dmean":[0.143186196685,1.36510837078,2.00991654396,5.62514877319,15.6878070831,10.020611763,7.44344377518,7.33570814133,11.6262626648,12.9561719894,14.8697357178,16.2533721924,17.3363513947,13.3467636108,9.9237575531,9.4820098877,5.90745830536,9.3733253479,13.9783811569,13.1236171722,10.8061218262,12.4884386063,8.2015838623,5.30771970749,4.78284454346,4.67344522476,3.14597129822,3.58258414268,4.52021074295,5.83713436127,5.3660993576,3.46869969368,2.44303560257,1.6842751503,0.953366100788,0.300520539284,0.0898710414767,0.0209315270185,0.00271200435236,0.000129522624775],"dmean2":[0.218619436026,2.25310015678,3.39148759842,9.97991371155,27.2710399628,17.0149230957,12.3730392456,11.9378967285,18.5576915741,20.2858467102,23.3057041168,25.0475978851,26.0217628479,20.1630630493,14.9269313812,14.7877016068,9.13403987885,14.500005722,21.9118270874,20.1932468414,16.7748641968,19.6590156555,12.681016922,8.15840816498,7.39688539505,7.30472421646,4.59695100784,5.16085529327,6.5361661911,8.21644592285,7.4731259346,4.77478981018,3.4227771759,2.35279393196,1.30940413475,0.417259126902,0.13186852634,0.0319172181189,0.00415149237961,0.000194183419808],"dvar":[0.0866184905171,7.46749162674,20.1894226074,190.538192749,2158.25292969,426.91619873,270.986541748,281.526489258,1117.1907959,1402.40539551,1636.79101562,2254.24072266,4032.10546875,1843.91650391,1556.44042969,1221.24414062,212.277587891,562.77166748,1827.40405273,1256.2520752,698.159301758,821.750732422,362.794769287,131.33039856,87.8086471558,110.786758423,62.6195678711,96.431137085,196.619918823,461.251800537,411.467285156,219.928497314,88.0820007324,46.9013175964,11.342549324,0.788742482662,0.0464353561401,0.00289125367999,0.0000479376249132,9.56001002805e-8],"dvar2":[0.196800306439,19.5012187958,53.846282959,513.052612305,5668.62841797,1126.15087891,694.243469238,698.987915039,2659.8815918,3234.03027344,3821.59204102,5080.29199219,9715.17578125,4266.97558594,3599.22167969,3340.15087891,523.50390625,1398.5949707,4540.31494141,2935.72509766,1693.58349609,2082.92773438,889.463806152,315.087249756,206.956237793,278.542053223,139.571685791,201.293029785,420.271026611,906.823059082,736.433898926,380.40838623,161.315063477,89.3647994995,23.2603912354,1.60540699959,0.106031224132,0.007060514763,0.000115505776193,2.23851060355e-7],"max":[3.37115740776,31.1473007202,50.8870124817,141.486480713,399.873840332,253.527267456,302.218780518,307.944610596,1341.62036133,1052.93493652,828.869689941,1009.6852417,2759.49926758,1032.27880859,1307.30053711,1090.02990723,418.42388916,642.08380127,2061.82177734,1045.74389648,578.251159668,476.605316162,431.178192139,289.689453125,267.736633301,248.296691895,259.728942871,257.719726562,541.361022949,631.597961426,567.864685059,585.747131348,246.612548828,200.380599976,123.159439087,35.9174346924,5.34582662582,0.760201454163,0.0989418700337,0.00545346783474],"mean":[0.225067734718,2.31515860558,3.16236639023,4.63399124146,12.7462415695,11.2136602402,9.1776342392,9.7422876358,15.6050643921,17.5987625122,21.6170444489,24.4236068726,25.9049777985,20.2907962799,15.1828737259,13.9247846603,8.57054901123,13.3539428711,20.5369720459,21.1634426117,17.462020874,20.9711990356,14.9790668488,9.88328075409,8.86046123505,7.80594968796,4.79623031616,4.92431306839,5.80934143066,7.52807474136,7.07029819489,4.61430311203,3.38249802589,2.39064526558,1.32969033718,0.410993784666,0.107784733176,0.0220185052603,0.00280165742151,0.000159073038958],"median":[0.0945582091808,1.29790627956,1.56159412861,0.966469824314,1.87571203709,3.34191155434,2.47088479996,3.04136252403,4.15544033051,4.11176252365,4.41098976135,3.5540471077,2.57652902603,2.31385016441,2.59442925453,3.01045274734,2.35442018509,3.03223276138,4.09547233582,5.49521255493,6.08551454544,7.45612049103,5.19321203232,3.68740224838,3.36363649368,2.61120676994,1.66568946838,1.18705427647,1.05161082745,0.9006305933,0.78232973814,0.495578914881,0.370416045189,0.248299524188,0.160733103752,0.0623008981347,0.0156170250848,0.00199114647694,0.000224245130084,0.0000428978164564],"min":[6.70352035369e-23,7.37407837642e-22,4.44840123531e-21,1.20477838398e-20,3.10745745183e-20,1.99696392519e-20,3.79830642098e-20,1.6923768951e-19,3.03498279462e-19,4.62656747358e-19,7.61082109069e-19,1.11912263602e-18,1.0350207016e-18,1.58281609918e-18,9.3983589114e-19,1.45540102333e-18,3.27966669722e-18,2.71108073533e-18,3.21493278325e-18,5.76639516412e-18,3.75424523686e-18,7.05353121064e-18,6.96122364454e-18,1.04371465935e-17,8.78770212997e-18,1.42665097562e-17,1.0537585345e-17,1.27419976892e-17,1.31599141501e-17,1.22000860274e-17,1.60476728061e-17,1.30482985342e-17,1.12751897419e-17,1.00214155438e-17,7.60434747182e-18,4.95264589676e-18,2.20844319534e-18,9.5333920105e-19,2.7392499575e-19,2.9158126286e-20],"var":[0.127080634236,9.82040977478,22.8607234955,132.448883057,1552.1628418,453.703674316,373.736602783,411.720397949,1551.41418457,2284.32446289,2629.89306641,4159.828125,6912.19238281,3499.38574219,2798.46166992,1710.62585449,345.038391113,1003.8538208,3110.90893555,2563.37719727,1071.10046387,1337.5189209,827.905456543,322.555511475,195.562789917,184.739639282,90.605140686,141.592041016,272.939178467,817.606750488,904.032287598,448.243255615,191.779464722,106.432891846,23.9885253906,1.56424629688,0.0653029605746,0.00317006953992,0.0000530245561094,1.15340675677e-7]},"erbbands_crest":{"dmean":2.90519595146,"dmean2":4.61682701111,"dvar":8.13939857483,"dvar2":19.5664329529,"max":32.8596496582,"mean":9.21426200867,"median":8.14425563812,"min":2.05128216743,"var":21.2399482727},"erbbands_flatness_db":{"dmean":0.0224097874016,"dmean2":0.0307822413743,"dvar":0.00052767113084,"dvar2":0.000985797611065,"max":0.350542217493,"mean":0.136309728026,"median":0.128043904901,"min":0.0205933395773,"var":0.0028211013414},"erbbands_kurtosis":{"dmean":1.61358702183,"dmean2":2.448554039,"dvar":15.3517980576,"dvar2":31.3903923035,"max":140.480987549,"mean":1.24001371861,"median":-0.239327430725,"min":-1.84590017796,"var":30.4682273865},"erbbands_skewness":{"dmean":0.52242565155,"dmean2":0.767768859863,"dvar":0.317587465048,"dvar2":0.654080569744,"max":9.92541790009,"mean":0.326832592487,"median":0.232684597373,"min":-6.4730887413,"var":1.27553808689},"erbbands_spread":{"dmean":13.2599620819,"dmean2":19.6346435547,"dvar":237.242919922,"dvar2":544.576477051,"max":195.630477905,"mean":47.3102874756,"median":42.699508667,"min":2.68872332573,"var":679.697631836},"gfcc":{"cov":[[20543.7089844,284.157867432,-2112.6105957,-64.1011276245,-988.281555176,137.18309021,-584.495605469,397.91293335,-230.438140869,-113.046226501,-443.684082031,-5.42484045029,-159.616333008],[284.157867432,1898.82946777,-218.499603271,-149.59954834,259.59564209,-157.671798706,191.595291138,11.4110488892,103.193763733,-32.5752983093,117.693496704,-81.6504669189,42.8288459778],[-2112.6105957,-218.499603271,1682.98852539,207.426330566,125.385375977,180.777893066,-39.7118110657,-200.717330933,21.8169403076,119.721961975,28.6923732758,20.8985824585,-51.2676811218],[-64.1011276245,-149.59954834,207.426330566,441.2550354,60.9268760681,29.3460063934,-30.7196807861,-12.0388698578,44.3688240051,50.2787132263,17.0225429535,-8.96126079559,22.693239212],[-988.281555176,259.59564209,125.385375977,60.9268760681,409.977325439,12.5388936996,106.567832947,-4.58452749252,50.8175621033,49.3758201599,56.3277168274,-23.8061828613,15.7440462112],[137.18309021,-157.671798706,180.777893066,29.3460063934,12.5388936996,267.115905762,26.6233005524,3.0927093029,-11.3480997086,15.570186615,2.90423083305,9.41864395142,-17.2569065094],[-584.495605469,191.595291138,-39.7118110657,-30.7196807861,106.567832947,26.6233005524,281.222717285,93.4800491333,22.9753513336,-11.2978639603,43.2201347351,-15.6713209152,15.3946218491],[397.91293335,11.4110488892,-200.717330933,-12.0388698578,-4.58452749252,3.0927093029,93.4800491333,224.901123047,76.4178466797,7.0387377739,-1.24363136292,3.14834880829,15.0428819656],[-230.438140869,103.193763733,21.8169403076,44.3688240051,50.8175621033,-11.3480997086,22.9753513336,76.4178466797,170.707626343,65.1528701782,15.0318098068,-19.1018371582,3.09438538551],[-113.046226501,-32.5752983093,119.721961975,50.2787132263,49.3758201599,15.570186615,-11.2978639603,7.0387377739,65.1528701782,125.997596741,44.1822929382,-6.24516534805,-9.17371082306],[-443.684082031,117.693496704,28.6923732758,17.0225429535,56.3277168274,2.90423083305,43.2201347351,-1.24363136292,15.0318098068,44.1822929382,109.903930664,34.6152458191,14.3241033554],[-5.42484045029,-81.6504669189,20.8985824585,-8.96126079559,-23.8061828613,9.41864395142,-15.6713209152,3.14834880829,-19.1018371582,-6.24516534805,34.6152458191,103.799606323,31.9424552917],[-159.616333008,42.8288459778,-51.2676811218,22.693239212,15.7440462112,-17.2569065094,15.3946218491,15.0428819656,3.09438538551,-9.17371082306,14.3241033554,31.9424552917,83.5438613892]],"icov":[[0.0000966462757788,-0.000136916569318,0.000127215054817,-0.000126260274556,0.000163156350027,-0.000168489204952,0.000175828870852,-0.000229249024414,0.00030843829154,-0.000374156952603,0.000533188984264,-0.000280826003291,0.000273975427262],[-0.000136916569318,0.00102328520734,-0.000162602504133,0.000527504424099,-0.00055787502788,0.000568271207158,-0.000390905333916,0.000579107319936,-0.00113061151933,0.00147713813931,-0.00203988491558,0.00143797602504,-0.000834946462419],[0.000127215054817,-0.000162602504133,0.00103769206908,-0.000466218509246,0.0000799879489932,-0.000663385551888,-0.0000656393895042,0.00068466324592,0.000105203835119,-0.0011711504776,0.00116591854021,-0.00103650474921,0.000890455034096],[-0.000126260274556,0.000527504424099,-0.000466218509246,0.00297128595412,-0.00057919905521,0.000130863816594,0.000304247485474,0.000216920030653,-0.0010130564915,0.000528869684786,-0.0015730720479,0.00157780898735,-0.00180174876004],[0.000163156350027,-0.00055787502788,0.0000799879489932,-0.00057919905521,0.00359882204793,-0.000406057661166,-0.000859834544826,0.00021250222926,0.000178480579052,-0.00153574638534,0.000418781623011,0.0000639700956526,-0.000109280204924],[-0.000168489204952,0.000568271207158,-0.000663385551888,0.000130863816594,-0.000406057661166,0.00471254019067,-0.000940507627092,-0.0000354913354386,-0.0000161284624483,0.000442022603238,-0.00095174839953,0.000162766416906,0.000323856133036],[0.000175828870852,-0.000390905333916,-0.0000656393895042,0.000304247485474,-0.000859834544826,-0.000940507627092,0.00614104699343,-0.00332394219004,0.00110537919682,0.00142108742148,-0.00212024361826,0.00175979197957,-0.000346142420312],[-0.000229249024414,0.000579107319936,0.00068466324592,0.000216920030653,0.00021250222926,-0.0000354913354386,-0.00332394219004,0.00841509085149,-0.00449676485732,0.000427424703958,0.000422014447395,-0.00108722015284,-0.000766915851273],[0.00030843829154,-0.00113061151933,0.000105203835119,-0.0010130564915,0.000178480579052,-0.0000161284624483,0.00110537919682,-0.00449676485732,0.0110880117863,-0.00615748716518,0.00293226470239,-0.000106813262391,0.000528931384906],[-0.000374156952603,0.00147713813931,-0.0011711504776,0.000528869684786,-0.00153574638534,0.000442022603238,0.00142108742148,0.000427424703958,-0.00615748716518,0.0163251385093,-0.00971967820078,0.00441364198923,-0.000292908895062],[0.000533188984264,-0.00203988491558,0.00116591854021,-0.0015730720479,0.000418781623011,-0.00095174839953,-0.00212024361826,0.000422014447395,0.00293226470239,-0.00971967820078,0.020257435739,-0.009595814161,0.00226615439169],[-0.000280826003291,0.00143797602504,-0.00103650474921,0.00157780898735,0.0000639700956526,0.000162766416906,0.00175979197957,-0.00108722015284,-0.000106813262391,0.00441364198923,-0.009595814161,0.0169272888452,-0.00678348448128],[0.000273975427262,-0.000834946462419,0.000890455034096,-0.00180174876004,-0.000109280204924,0.000323856133036,-0.000346142420312,-0.000766915851273,0.000528931384906,-0.000292908895062,0.00226615439169,-0.00678348448128,0.016399782151]],"mean":[-46.036491394,75.2066879272,-84.1336975098,36.6917686462,-43.8318443298,12.9796361923,-35.9198493958,13.5265111923,-15.3909664154,5.09049510956,-14.5829153061,2.81407737732,-9.45590305328]},"hfc":{"dmean":8.90757274628,"dmean2":12.0148868561,"dvar":282.979278564,"dvar2":470.528839111,"max":387.252868652,"mean":19.1871318817,"median":10.7317523956,"min":1.0876208107e-16,"var":870.287231445},"melbands":{"dmean":[0.00145526172128,0.00125915487297,0.00135148083791,0.000942906946875,0.000287442439003,0.000164129960467,0.000181380062713,0.000134728150442,0.000122870551422,0.000104950595414,0.0000862562519615,0.0000546255942027,0.0000404114616686,0.0000260011074715,0.0000188250596693,0.0000129021036628,0.0000187589175766,0.0000224886571232,0.0000208378151001,0.0000146748334373,0.0000145940921357,0.0000140625616041,0.0000123006448121,0.00000565889195059,0.00000454432120023,0.00000416599868913,0.00000366861809198,0.00000309548477162,0.00000199342503038,0.00000212581721826,0.00000213390103454,0.00000249339973379,0.00000288563046524,0.00000350869208887,0.0000034306026464,0.00000245692308454,0.00000204388243219,0.00000179930896138,0.00000157560270964,0.00000141452358093],"dmean2":[0.00230752909556,0.00207891245373,0.00237694289535,0.00161476666108,0.000479043257656,0.000266669521807,0.000288515613647,0.000211377089727,0.000192009203602,0.000162131560501,0.000129227380967,0.0000830325298011,0.0000618369667791,0.0000399724631279,0.0000299388902931,0.000020127839889,0.0000292614404316,0.0000356261480192,0.0000320656799886,0.0000230416244449,0.0000229125471378,0.0000223005881708,0.0000195446355065,0.00000879773597262,0.00000706731543687,0.00000649028424959,0.00000568656332689,0.00000488552495881,0.0000029993930184,0.00000314060957862,0.00000311579083245,0.00000367599204765,0.00000418567424276,0.00000501269187225,0.00000492521894557,0.00000345541934621,0.00000287351849693,0.00000257971009887,0.00000227864711633,0.00000199965165848],"dvar":[0.00000851179174788,0.00000622342440693,0.0000123304589579,0.00000531729756403,3.84539788456e-7,1.33704389782e-7,2.56007155031e-7,1.49401785166e-7,1.02920807876e-7,9.55571692884e-8,9.92227171537e-8,3.12114352141e-8,2.81433454319e-8,7.2241075344e-9,4.8172514866e-9,1.0135247086e-9,2.49858977952e-9,5.0533275342e-9,4.23493506929e-9,1.46686562896e-9,1.34336997082e-9,1.03654351769e-9,1.00792207913e-9,1.36858968602e-10,1.15088334696e-10,7.0064218316e-11,6.4614209816e-11,5.08217634643e-11,2.50715646161e-11,3.13775151695e-11,3.60994602266e-11,5.76457666324e-11,1.04229090636e-10,1.83046244828e-10,1.75542122505e-10,1.06458675209e-10,8.46122824583e-11,5.2667689654e-11,3.90446945608e-11,3.62060242898e-11],"dvar2":[0.0000206667300517,0.0000158193797688,0.000032504889532,0.0000137442830237,0.00000100457339158,3.30183894448e-7,5.93523452608e-7,3.50768374346e-7,2.41776945131e-7,2.1853901444e-7,2.37246609913e-7,7.05620948338e-8,6.80086387206e-8,1.72897660633e-8,1.33185551476e-8,2.39087660781e-9,6.265571173e-9,1.27660726434e-8,9.84748282917e-9,3.65108054901e-9,3.26683302632e-9,2.62320321021e-9,2.58833332545e-9,3.23528870361e-10,2.78852968494e-10,1.69857169996e-10,1.61204924409e-10,1.27758456592e-10,5.78831219067e-11,6.99779262314e-11,7.60230350894e-11,1.2495190993e-10,2.34236380292e-10,3.55979162814e-10,3.4166422469e-10,1.88951868041e-10,1.55000789981e-10,1.02337381624e-10,7.75770489514e-11,7.17439233022e-11],"max":[0.0323821417987,0.0269436500967,0.031479626894,0.0185850206763,0.0113997980952,0.00695666717365,0.0193010699004,0.0102097569034,0.00588195445016,0.00570275261998,0.0137984380126,0.00397228775546,0.00479828333482,0.00209711375646,0.00206518638879,0.000908249348868,0.00141696282662,0.00362729653716,0.00213781371713,0.00121446931735,0.00104182970244,0.000682333135046,0.000903644657228,0.000197739194846,0.000298139464576,0.00021806472796,0.000221924186917,0.000171192397829,0.000174181768671,0.000142578690429,0.000184575488674,0.000250668817898,0.000425100559369,0.000397444498958,0.000391065696022,0.000375568430172,0.000368727021851,0.000196214808966,0.000156201713253,0.00016970197612],"mean":[0.0024432670325,0.00225217267871,0.00108880549669,0.000907767447643,0.000351805356331,0.000219287045184,0.000250054232311,0.000181948329555,0.000177232053829,0.000153474858962,0.000126374972751,0.0000801314163255,0.0000600728490099,0.0000369066547137,0.000026433266612,0.0000173887601704,0.0000249809309025,0.000030870847695,0.00003166512397,0.0000220378042286,0.0000214926585613,0.0000221665559366,0.0000195442407858,0.0000097240181276,0.00000765020649851,0.00000702462557456,0.00000602790350968,0.00000482938366986,0.00000288368323709,0.00000292454183182,0.00000279458163277,0.00000309127813125,0.00000363707931683,0.00000444590887128,0.00000437800827058,0.00000319087757816,0.0000026461541438,0.00000240956001107,0.00000213965017792,0.00000196787368623],"median":[0.00124390737619,0.00132351275533,0.000204539901461,0.000212618804653,0.00010438170284,0.0000655380717944,0.0000635358010186,0.000043310727051,0.0000301261497953,0.0000177394576895,0.0000102431795312,0.00000810635265225,0.00000671359111948,0.00000689675516696,0.00000548695697944,0.0000041092794163,0.00000521536094311,0.00000527013844476,0.00000676456193105,0.00000600827297603,0.00000656176644043,0.00000743232294553,0.00000513340728503,0.00000323338008457,0.00000236108326135,0.00000240643908,0.00000196843257072,0.00000150921403019,9.48341892126e-7,8.21937362616e-7,5.93454899445e-7,5.52148208044e-7,5.46888941244e-7,4.6113228791e-7,4.67735901566e-7,3.27408912426e-7,2.74562950153e-7,2.68455607966e-7,2.17658595147e-7,1.96979414113e-7],"min":[1.05168135428e-24,1.71524649585e-24,2.49112807538e-24,1.44330010941e-24,1.20224650209e-24,3.78937145546e-24,5.61581124856e-24,4.93411118085e-24,6.21722894193e-24,6.97588199651e-24,4.60890997799e-24,6.14756147995e-24,2.69738049221e-24,3.22415596953e-24,6.00685157143e-24,6.3699875175e-24,4.16271565607e-24,4.96541436486e-24,5.83177257098e-24,5.14658455479e-24,3.66753267751e-24,5.17599723364e-24,7.52738333282e-24,5.37435473053e-24,8.34197688077e-24,6.22195540205e-24,6.46047854079e-24,8.02648142806e-24,6.18436105232e-24,7.67436784099e-24,6.53925064092e-24,6.72634478181e-24,7.27099012799e-24,6.12455435165e-24,8.89359417963e-24,8.09346676297e-24,8.40048196095e-24,6.34486703083e-24,7.28899587815e-24,8.23824167173e-24],"var":[0.0000121804532682,0.00000857154009282,0.00000874401212059,0.00000441545535068,4.74822968499e-7,2.06987778029e-7,3.89351498598e-7,2.27199080882e-7,1.66578075778e-7,1.70006941858e-7,1.71452029463e-7,5.87892756698e-8,5.0350546843e-8,1.19319505387e-8,6.6147833877e-9,1.61762825357e-9,4.02303212965e-9,7.96929811031e-9,7.54678541881e-9,2.75308353892e-9,1.93945193239e-9,1.58312485343e-9,1.74862790914e-9,3.34929417534e-10,2.63906702047e-10,1.38164896191e-10,1.19672396992e-10,7.80197503825e-11,3.39074150701e-11,4.40151526337e-11,5.11828426863e-11,7.64040705703e-11,1.41975056711e-10,3.27886273688e-10,3.51720458314e-10,2.22473331424e-10,1.55776697097e-10,1.02661455725e-10,8.14382519754e-11,7.739682506e-11]},"melbands_crest":{"dmean":3.77853608131,"dmean2":6.08253860474,"dvar":12.1266717911,"dvar2":30.9532661438,"max":36.2023200989,"mean":16.7266273499,"median":16.54164505,"min":1.43219602108,"var":32.0097694397},"melbands_flatness_db":{"dmean":0.036860961467,"dmean2":0.0539674721658,"dvar":0.00140218576416,"dvar2":0.00290713226423,"max":0.722056508064,"mean":0.241409003735,"median":0.224117815495,"min":0.00387437385507,"var":0.0108878239989},"melbands_kurtosis":{"dmean":20.4060077667,"dmean2":31.9888000488,"dvar":1505.74963379,"dvar2":3455.54907227,"max":847.102233887,"mean":34.6406364441,"median":14.0941886902,"min":-1.95815885067,"var":3666.50341797},"melbands_skewness":{"dmean":1.32352757454,"dmean2":2.00775027275,"dvar":2.23218417168,"dvar2":5.1487622261,"max":22.3374786377,"mean":3.82251214981,"median":3.22082591057,"min":-3.14348363876,"var":7.29733371735},"melbands_spread":{"dmean":9.75728034973,"dmean2":14.9774875641,"dvar":309.499816895,"dvar2":651.93963623,"max":315.989471436,"mean":22.1443500519,"median":15.5711011887,"min":0.216897845268,"var":679.936950684},"mfcc":{"cov":[[16494.9238281,23.5287094116,-1327.29333496,-433.647888184,-405.759307861,-488.688903809,-424.461914062,163.03175354,60.1413421631,5.84763002396,-172.981750488,-129.084716797,-82.0671920776],[23.5287094116,1898.59509277,-195.700759888,80.3879699707,44.2009811401,-22.5203227997,98.4682312012,35.1017074585,21.9651451111,61.6159591675,72.4302597046,38.9877510071,31.3074703217],[-1327.29333496,-195.700759888,1276.52404785,86.4640045166,196.124771118,266.882415771,5.55617284775,-75.0666885376,-40.3275680542,-45.3871498108,68.8024520874,4.59482145309,-48.1178703308],[-433.647888184,80.3879699707,86.4640045166,415.937286377,115.136672974,26.6557941437,21.4042606354,-34.0231933594,40.6834030151,43.720287323,-8.32978534698,46.1550140381,71.3540420532],[-405.759307861,44.2009811401,196.124771118,115.136672974,301.248168945,134.059494019,2.71995806694,-50.3806991577,10.5475654602,10.5190982819,39.2104530334,36.8134117126,-5.15738964081],[-488.688903809,-22.5203227997,266.882415771,26.6557941437,134.059494019,250.140701294,74.2879638672,-35.4158706665,-23.4252758026,-7.71535301208,29.2537231445,17.2642326355,-26.7629089355],[-424.461914062,98.4682312012,5.55617284775,21.4042606354,2.71995806694,74.2879638672,218.246902466,59.33801651,11.3056945801,16.1251544952,-5.17089605331,25.4603366852,25.1219158173],[163.03175354,35.1017074585,-75.0666885376,-34.0231933594,-50.3806991577,-35.4158706665,59.33801651,168.773590088,57.9793777466,19.5888729095,5.39576482773,-4.19449234009,20.2001514435],[60.1413421631,21.9651451111,-40.3275680542,40.6834030151,10.5475654602,-23.4252758026,11.3056945801,57.9793777466,133.665542603,75.3247680664,13.6442623138,18.4535427094,17.2230911255],[5.84763002396,61.6159591675,-45.3871498108,43.720287323,10.5190982819,-7.71535301208,16.1251544952,19.5888729095,75.3247680664,152.80506897,57.3848991394,21.917963028,26.3230361938],[-172.981750488,72.4302597046,68.8024520874,-8.32978534698,39.2104530334,29.2537231445,-5.17089605331,5.39576482773,13.6442623138,57.3848991394,114.366149902,39.3117752075,-1.51849997044],[-129.084716797,38.9877510071,4.59482145309,46.1550140381,36.8134117126,17.2642326355,25.4603366852,-4.19449234009,18.4535427094,21.917963028,39.3117752075,107.124557495,50.4407691956],[-82.0671920776,31.3074703217,-48.1178703308,71.3540420532,-5.15738964081,-26.7629089355,25.1219158173,20.2001514435,17.2230911255,26.3230361938,-1.51849997044,50.4407691956,124.57775116]],"icov":[[0.0000737418522476,-0.00000848842682899,0.0000562689747312,0.0000477021894767,0.0000198400521185,-0.00000800230191089,0.000180180359166,-0.00010791204113,0.0000261165405391,-0.0000751166226109,0.000150136489538,-0.0000573432298552,0.0000626979381195],[-0.00000848842682899,0.00058393337531,0.00010793882393,-0.000129399850266,-0.000138532064739,0.000186993347597,-0.00037506147055,0.0000368323708244,0.0000488867553941,0.0000543845926586,-0.00055137462914,0.000122519588331,-0.00000701278804627],[0.0000562689747312,0.00010793882393,0.00117326295003,-0.000234580627875,-0.0000907553258003,-0.00106443464756,0.000293068616884,0.0000677301577525,-0.000173182008439,0.00061630847631,-0.000824360002298,0.000416553462856,0.00000997172719508],[0.0000477021894767,-0.000129399850266,-0.000234580627875,0.00341866980307,-0.00121039559599,0.0003689287405,-0.000139245108585,0.000799327215645,-0.000688230851665,-0.000856826081872,0.00146006129216,-0.000431403081166,-0.00158848287538],[0.0000198400521185,-0.000138532064739,-0.0000907553258003,-0.00121039559599,0.00546742836013,-0.00271721067838,0.000902724161278,0.000770027458202,-0.00118629971985,0.00068588135764,-0.00103143905289,-0.000748599006329,0.00035142924753],[-0.00000800230191089,0.000186993347597,-0.00106443464756,0.0003689287405,-0.00271721067838,0.00804078672081,-0.00332081015222,0.00115993479267,0.000911177892704,-0.0000699154043104,-0.000766677432694,-0.000237736167037,0.00139748840593],[0.000180180359166,-0.00037506147055,0.000293068616884,-0.000139245108585,0.000902724161278,-0.00332081015222,0.00755178136751,-0.00344376894645,0.00127456930932,-0.00164907495491,0.00277030142024,-0.00212284736335,-0.000169061851921],[-0.00010791204113,0.0000368323708244,0.0000677301577525,0.000799327215645,0.000770027458202,0.00115993479267,-0.00344376894645,0.00981401652098,-0.00525159342214,0.00256352475844,-0.00296605890617,0.00270627392456,-0.002075354103],[0.0000261165405391,0.0000488867553941,-0.000173182008439,-0.000688230851665,-0.00118629971985,0.000911177892704,0.00127456930932,-0.00525159342214,0.0140055734664,-0.00739345885813,0.00368247739971,-0.00312816840596,0.00201076595113],[-0.0000751166226109,0.0000543845926586,0.00061630847631,-0.000856826081872,0.00068588135764,-0.0000699154043104,-0.00164907495491,0.00256352475844,-0.00739345885813,0.0133665790781,-0.00794373918325,0.00317265023477,-0.00258768070489],[0.000150136489538,-0.00055137462914,-0.000824360002298,0.00146006129216,-0.00103143905289,-0.000766677432694,0.00277030142024,-0.00296605890617,0.00368247739971,-0.00794373918325,0.0167670603842,-0.00710629718378,0.0030487368349],[-0.0000573432298552,0.000122519588331,0.000416553462856,-0.000431403081166,-0.000748599006329,-0.000237736167037,-0.00212284736335,0.00270627392456,-0.00312816840596,0.00317265023477,-0.00710629718378,0.0158516392112,-0.00649612862617],[0.0000626979381195,-0.00000701278804627,0.00000997172719508,-0.00158848287538,0.00035142924753,0.00139748840593,-0.000169061851921,-0.002075354103,0.00201076595113,-0.00258768070489,0.0030487368349,-0.00649612862617,0.0126054259017]],"mean":[-697.944580078,111.482376099,19.1163482666,31.1131572723,17.031375885,6.50028467178,-1.71611809731,6.56295681,3.87202572823,4.96476745605,2.24832773209,1.60347282887,3.20548415184]},"pitch_salience":{"dmean":0.0999366492033,"dmean2":0.16209000349,"dvar":0.00988842267543,"dvar2":0.0252293795347,"max":0.883926510811,"mean":0.471038848162,"median":0.472698032856,"min":0.0311394613236,"var":0.023309700191},"silence_rate_20dB":{"dmean":0,"dmean2":0,"dvar":0,"dvar2":0,"max":1,"mean":1,"median":1,"min":1,"var":0},"silence_rate_30dB":{"dmean":0.0122767854482,"dmean2":0.02455631271,"dvar":0.012127132155,"dvar2":0.0348951593041,"max":1,"mean":0.993192732334,"median":1,"min":0,"var":0.00676065310836},"silence_rate_60dB":{"dmean":0.0357142873108,"dmean2":0.0714365467429,"dvar":0.0344426929951,"dvar2":0.077056221664,"max":1,"mean":0.138377413154,"median":0,"min":0,"var":0.119232006371},"spectral_centroid":{"dmean":357.092437744,"dmean2":533.898803711,"dvar":233071.21875,"dvar2":468899.71875,"max":11548.6367188,"mean":1352.7890625,"median":1223.57226562,"min":82.5785903931,"var":839913.625},"spectral_complexity":{"dmean":3.86450886726,"dmean2":5.45328712463,"dvar":24.9611263275,"dvar2":43.3286857605,"max":58,"mean":13.402633667,"median":11,"min":0,"var":103.490989685},"spectral_contrast_coeffs":{"dmean":[0.0587920993567,0.0517108999193,0.0425385758281,0.0343890078366,0.0258767474443,0.0191834550351],"dmean2":[0.0950375646353,0.0818448737264,0.0640107616782,0.0525805316865,0.0389909297228,0.0291758086532],"dvar":[0.00330267474055,0.00217265030369,0.00146539334673,0.000919943617191,0.000587392540183,0.000362818915164],"dvar2":[0.00764760421589,0.00518507463858,0.00301636848599,0.00196550716646,0.00118065776769,0.000806488562375],"max":[-0.290429621935,-0.30997094512,-0.436263561249,-0.484260797501,-0.546112537384,-0.624453783035],"mean":[-0.675685107708,-0.727771401405,-0.767396867275,-0.78428375721,-0.787948966026,-0.794871687889],"median":[-0.682541310787,-0.736810207367,-0.784880042076,-0.791279792786,-0.791858077049,-0.794501900673],"min":[-0.977759301662,-0.972380697727,-0.968923389912,-0.968282163143,-0.963508486748,-0.962306201458],"var":[0.0086875166744,0.00810646079481,0.00868345797062,0.00476322602481,0.00403201580048,0.00178800348658]},"spectral_contrast_valleys":{"dmean":[0.467449575663,0.503615498543,0.481692075729,0.446014434099,0.350254267454,0.413045823574],"dmean2":[0.721356153488,0.758761763573,0.686773598194,0.603096544743,0.456790298223,0.492713272572],"dvar":[0.192420884967,0.281002253294,0.243750736117,0.208890005946,0.164630502462,0.233181551099],"dvar2":[0.388572126627,0.609013497829,0.477042675018,0.372557014227,0.285909771919,0.414395391941],"max":[-4.74866008759,-4.80432319641,-4.88017749786,-5.80474853516,-5.82710790634,-6.97150421143],"mean":[-7.4195561409,-7.45575714111,-8.29142475128,-8.48797988892,-8.25904941559,-10.3314714432],"median":[-7.13964366913,-7.17873620987,-8.0526227951,-8.25890731812,-7.94320344925,-10.1088447571],"min":[-27.9013385773,-27.6891021729,-27.6704845428,-27.40741539,-27.3538837433,-27.2933921814],"var":[2.15026831627,2.45900297165,2.45326519012,2.33765745163,2.3179898262,2.39170908928]},"spectral_decrease":{"dmean":3.34312932893e-9,"dmean2":5.28916688225e-9,"dvar":2.97524988022e-17,"dvar2":7.05183714475e-17,"max":6.69962721334e-16,"mean":-6.65392008159e-9,"median":-4.88838480805e-9,"min":-5.13920319634e-8,"var":4.59441258503e-17},"spectral_energy":{"dmean":0.0131258079782,"dmean2":0.020580586046,"dvar":0.000443761440692,"dvar2":0.00104351073969,"max":0.200205728412,"mean":0.0268538445234,"median":0.0198430959135,"min":1.04211743627e-20,"var":0.000716853595804},"spectral_energyband_high":{"dmean":0.00072197848931,"dmean2":0.000951167661697,"dvar":0.00000382353528039,"dvar2":0.00000616910665485,"max":0.0487163625658,"mean":0.00110127532389,"median":0.00022355276451,"min":7.1510789853e-21,"var":0.000010048299373},"spectral_energyband_low":{"dmean":0.006764175836,"dmean2":0.0108895199373,"dvar":0.000155177549459,"dvar2":0.000365696847439,"max":0.13556112349,"mean":0.012673234567,"median":0.00825607310981,"min":2.45749136193e-23,"var":0.000253145088209},"spectral_energyband_middle_high":{"dmean":0.00143868627492,"dmean2":0.00207501533441,"dvar":0.00000682538438923,"dvar2":0.0000145361500472,"max":0.0579943619668,"mean":0.00338417780586,"median":0.00152192334644,"min":1.28414589928e-21,"var":0.0000242343903665},"spectral_energyband_middle_low":{"dmean":0.00839619711041,"dmean2":0.0139020495117,"dvar":0.000300348212477,"dvar2":0.000765981851146,"max":0.139335989952,"mean":0.0106234401464,"median":0.00471223378554,"min":2.32839099312e-22,"var":0.000291921052849},"spectral_entropy":{"dmean":0.231262400746,"dmean2":0.316902637482,"dvar":0.062023114413,"dvar2":0.119080550969,"max":9.81418704987,"mean":7.54098510742,"median":7.60523080826,"min":4.52785396576,"var":0.408104121685},"spectral_flux":{"dmean":0.0346267819405,"dmean2":0.0537034980953,"dvar":0.00200732168742,"dvar2":0.00423548091203,"max":0.389629781246,"mean":0.0839483141899,"median":0.0650591850281,"min":6.5393274129e-11,"var":0.00465717818588},"spectral_kurtosis":{"dmean":1.68112373352,"dmean2":2.53720426559,"dvar":6.62317991257,"dvar2":15.1914157867,"max":72.3320617676,"mean":4.92220258713,"median":3.90262651443,"min":-1.43672728539,"var":30.1376590729},"spectral_rms":{"dmean":0.00108968606219,"dmean2":0.00162957259454,"dvar":0.00000206926642932,"dvar2":0.00000447473667009,"max":0.0139757879078,"mean":0.0044741500169,"median":0.00439989985898,"min":3.18857332031e-12,"var":0.00000618085186943},"spectral_rolloff":{"dmean":746.5234375,"dmean2":1259.54663086,"dvar":2154587.75,"dvar2":4687405.5,"max":21640.8691406,"mean":1682.34008789,"median":689.0625,"min":64.599609375,"var":7721764},"spectral_skewness":{"dmean":0.262624889612,"dmean2":0.376546144485,"dvar":0.0981629267335,"dvar2":0.204909190536,"max":7.59724807739,"mean":1.64076793194,"median":1.56186747551,"min":-0.633297920227,"var":0.544128596783},"spectral_spread":{"dmean":877636.875,"dmean2":1214455.375,"dvar":1402843299840,"dvar2":2706940624900,"max":41326172,"mean":5765265,"median":5312469.5,"min":1368914.25,"var":6775380115460},"spectral_strongpeak":{"dmean":0.398022800684,"dmean2":0.678177058697,"dvar":0.569518923759,"dvar2":1.44036698341,"max":10.7589626312,"mean":0.645738601685,"median":0.366944164038,"min":0,"var":0.797680675983},"zerocrossingrate":{"dmean":0.0159833095968,"dmean2":0.0183416400105,"dvar":0.000468987447675,"dvar2":0.000562677450944,"max":0.62841796875,"mean":0.0665845945477,"median":0.05078125,"min":0.00244140625,"var":0.00416842428967}},"metadata":{"audio_properties":{"analysis_sample_rate":44100,"bit_rate":0,"codec":"flac","downmix":"mix","equal_loudness":0,"length":208.039993286,"lossless":true,"md5_encoded":"b731cfa50e71feaca6d7ad480393020a","replay_gain":-12.0332813263},"tags":{"acoustid_id":["1e62d67b-24b4-4c22-b1b2-1187299055dd"],"album":["Thin Lizzy: Greatest Hits"],"album artist":["Thin Lizzy"],"albumartist":["Thin Lizzy"],"albumartist_credit":["Thin Lizzy"],"albumartistsort":["Thin Lizzy"],"artist":["Thin Lizzy"],"artist_credit":["Thin Lizzy"],"artistsort":["Thin Lizzy"],"asin":["B000Q36488"],"barcode":["602498496275"],"bpm":["0"],"catalognumber":["9849627"],"compilation":["0"],"date":["2007-6-4"],"disc":["1"],"discc":["2"],"discnumber":["1"],"disctotal":["2"],"file_name":"01-04. Dancing in the Moonlight (It’s Caught Me in Its Spotlight).flac","genre":["Hard Rock"],"label":["Universal Music TV"],"language":["eng"],"media":["CD"],"musicbrainz_albumartistid":["6a726ac6-019e-455c-8bbb-571a77bed52e"],"musicbrainz_albumid":["c7f9c062-e5b6-361a-944a-69e46bb69c63"],"musicbrainz_albumstatus":["Official"],"musicbrainz_albumtype":["compilation"],"musicbrainz_artistid":["6a726ac6-019e-455c-8bbb-571a77bed52e"],"musicbrainz_discid":["AaGIIPzflxq9g1Dj2d.pGZMM1us-"],"musicbrainz_recordingid":["4b216b27-8161-42cc-bcb9-48cdf870acd7"],"musicbrainz_releasegroupid":["58cf0780-971e-3d54-a82d-5b4412a94395"],"originaldate":["2004-6-7"],"publisher":["Universal Music TV"],"releasecountry":["GB"],"releasestatus":["official"],"releasetype":["album","compilation"],"replaygain_album_gain":["-9.27 dB"],"replaygain_album_peak":["1.000000"],"replaygain_reference_loudness":["89.0 dB"],"replaygain_track_gain":["-6.58 dB"],"replaygain_track_peak":["0.988831"],"script":["Latn"],"title":["Dancing in the Moonlight (It’s Caught Me in Its Spotlight)"],"totaldiscs":["2"],"totaltracks":["19"],"track":["4"],"trackc":["19"],"tracknumber":["4"],"tr