{"lowlevel":{"average_loudness":0.851098775864,"barkbands":{"dmean":[0.000428270490374,0.00769430398941,0.00418815808371,0.00114918604959,0.00105919060297,0.00068419741001,0.000542899884749,0.000621809973381,0.00154702633154,0.00108137377538,0.000949974288233,0.00118423940148,0.000625969434623,0.000443046184955,0.00032647990156,0.000284320354695,0.000224875650019,0.000161777745234,0.000134459667606,0.000115515984362,0.000115322007332,0.0000651869049761,0.0000516071922902,0.0000437804592366,0.0000262281755568,0.0000103486336229,0.00000315641909765],"dmean2":[0.000712413748261,0.0121024409309,0.00689984578639,0.00195312965661,0.00167376548052,0.00111272593495,0.000890805094969,0.00102177634835,0.0024055801332,0.00166742003057,0.00152504991274,0.00190747284796,0.00102182407863,0.000698833842762,0.000513773004059,0.000454850087408,0.000366641499568,0.000276400620351,0.000217672422878,0.000187689991435,0.000188234233065,0.000103049555037,0.0000829951677588,0.0000658770804876,0.0000370147281501,0.00001513897314,0.00000432408842244],"dvar":[0.00000122486892451,0.000273365905741,0.0000610545757809,0.00000375766603611,0.00000462858179162,0.00000155489919962,0.00000131729848363,0.00000280499261862,0.0000162532342074,0.00000990068201645,0.00000567231472814,0.0000109053389679,0.00000143413535625,6.89869352755e-7,3.75398030883e-7,2.42490244773e-7,1.39714671832e-7,6.54682352774e-8,3.32488276911e-8,2.95629831726e-8,3.91532282151e-8,1.33262672009e-8,8.20454992834e-9,7.10979053409e-9,2.58394017294e-9,3.63493818378e-10,2.90023439292e-11],"dvar2":[0.00000301209547615,0.000654207833577,0.000158109352924,0.0000102337144199,0.0000106710413093,0.00000403411013394,0.00000344074669556,0.00000712373730494,0.0000403454287152,0.0000230535042647,0.0000148252847794,0.0000313901691698,0.00000368019686903,0.00000173526893832,8.48887623306e-7,5.54571556677e-7,3.29377769503e-7,1.78628752678e-7,8.23222165991e-8,7.3721899696e-8,1.01175565703e-7,3.17806758687e-8,2.07065955493e-8,1.54267212338e-8,5.07943420658e-9,8.158456688e-10,6.08722447448e-11],"max":[0.0175843480974,0.19763289392,0.101743131876,0.0246635377407,0.0268623027951,0.0219609495252,0.0237598139793,0.0609974525869,0.0628217980266,0.0827793478966,0.0492037124932,0.0725385472178,0.023464826867,0.021530257538,0.0191648043692,0.0150414630771,0.00992336776108,0.00334303081036,0.0031954490114,0.00399661669508,0.00558895105496,0.00347664393485,0.00196603802033,0.00256984587759,0.00177195342258,0.000554466096219,0.000112229419756],"mean":[0.00046765312436,0.0123132066801,0.0076772714965,0.00175675132778,0.0018300472293,0.00122942426242,0.000861701148096,0.000950852816459,0.00263230712153,0.00189840840176,0.00173019501381,0.00226464751177,0.00108238402754,0.000820700370241,0.000610379560385,0.000529974873643,0.000450021325378,0.00029418853228,0.000325232249452,0.000276003644103,0.00027861725539,0.00017255077546,0.000131371576572,0.00011454824562,0.0000724543860997,0.0000276875998679,0.00000735647927286],"median":[0.000122923156596,0.00709907943383,0.00502226874232,0.00103430368472,0.00103654223494,0.000699694675859,0.000423715275247,0.000376595504349,0.000805328250863,0.000735732319299,0.000552839017473,0.000854088400956,0.000519068504218,0.000439982686657,0.00032830319833,0.000322710693581,0.000311284675263,0.000211699982174,0.000251956982538,0.000198056717636,0.000199573609279,0.000113243724627,0.0000791679558461,0.0000696953502484,0.0000466155543108,0.0000184494783753,0.00000345153603121],"min":[4.60237032109e-25,2.45986236226e-24,2.87244588481e-24,1.54716331113e-24,6.96522764113e-24,7.01245279922e-24,9.23606236442e-24,5.46132388432e-24,1.22304363657e-23,1.48856901078e-23,6.21367512356e-24,2.1655004932e-23,3.79083195254e-23,4.55998269473e-23,4.04073141217e-23,5.78736822172e-23,6.27031833422e-23,7.548652285e-23,1.46234225714e-22,1.52728116064e-22,2.70045995275e-22,3.36558101991e-22,4.27155280724e-22,5.57856532291e-22,8.78286076463e-22,1.31749050701e-21,2.02973037487e-21],"var":[0.00000113336500362,0.000346027693013,0.000087435459136,0.00000476026434626,0.00000628933275948,0.00000299534167425,0.00000227207965509,0.00000370149132323,0.0000306134606944,0.0000189575184777,0.0000137237075251,0.0000231930989685,0.00000282395285467,0.00000150392236264,8.93250444278e-7,5.69970325159e-7,3.76889147446e-7,1.05399990957e-7,1.08305833635e-7,8.70831087241e-8,9.71796652038e-8,3.8904993005e-8,2.77422333994e-8,2.30421850489e-8,9.59317425497e-9,1.09492737099e-9,9.03336294655e-11]},"barkbands_crest":{"dmean":2.37392854691,"dmean2":3.8875014782,"dvar":5.55969953537,"dvar2":14.3538770676,"max":26.5198020935,"mean":10.6015558243,"median":9.50576591492,"min":1.7453135252,"var":23.1742515564},"barkbands_flatness_db":{"dmean":0.0206892117858,"dmean2":0.0314179882407,"dvar":0.000548477168195,"dvar2":0.00113904720638,"max":0.711592137814,"mean":0.154796034098,"median":0.109249711037,"min":0.0167329721153,"var":0.0177046991885},"barkbands_kurtosis":{"dmean":10.3680610657,"dmean2":18.9247341156,"dvar":6024.57324219,"dvar2":21699.2226562,"max":2321.99511719,"mean":15.2907295227,"median":0.897362351418,"min":-1.82778382301,"var":10222.3574219},"barkbands_skewness":{"dmean":0.646464645863,"dmean2":1.03801763058,"dvar":1.7249917984,"dvar2":5.77729082108,"max":38.5897979736,"mean":1.69236183167,"median":1.13247549534,"min":-2.24051380157,"var":6.9771566391},"barkbands_spread":{"dmean":4.29367399216,"dmean2":6.68867492676,"dvar":26.5390129089,"dvar2":60.9970588684,"max":120.227714539,"mean":21.630235672,"median":22.7480945587,"min":0.0632778480649,"var":132.741989136},"dissonance":{"dmean":0.0209780707955,"dmean2":0.0354764796793,"dvar":0.000534894876182,"dvar2":0.00149287341628,"max":0.499999970198,"mean":0.455954968929,"median":0.471457362175,"min":0.167804449797,"var":0.00222570681944},"dynamic_complexity":3.59054875374,"erbbands":{"dmean":[0.233905121684,1.77286660671,4.92985200882,4.03053998947,3.57946681976,3.31967067719,4.24473905563,5.72398233414,7.22916841507,10.0024738312,15.9581689835,32.9414405823,38.3972053528,30.0835990906,36.8466644287,49.1853294373,26.859790802,21.3426647186,17.8699359894,13.0423727036,14.737821579,11.3159503937,8.70234489441,7.48721075058,6.11233663559,5.41251039505,5.1419634819,3.99125027657,2.4892475605,1.85259103775,1.37039482594,1.04694604874,0.70538765192,0.393899559975,0.144715219736,0.0586416013539,0.0174486394972,0.00374965462834,0.000649883470032,0.0000310628165607],"dmean2":[0.379233509302,2.84598970413,8.15252685547,6.72056913376,5.80392313004,5.16572380066,6.88911390305,9.2508058548,11.6429624557,16.683681488,25.5993690491,51.1090278625,59.1155738831,48.2155761719,58.8474006653,79.5363235474,43.8127555847,33.2759819031,28.0072250366,20.4309368134,23.3638725281,18.5154743195,14.7803020477,12.5363445282,9.77243232727,8.76180362701,8.53585147858,6.34983968735,3.94063806534,2.99762129784,2.16960859299,1.64600205421,1.05045258999,0.578597605228,0.203875526786,0.0879897251725,0.0252276435494,0.00527363177389,0.000896081270184,0.0000434223184129],"dvar":[0.300860375166,14.1641702652,96.6526641846,43.9010696411,50.7475128174,38.3560180664,100.978660583,108.782897949,237.232269287,872.519287109,1879.94152832,7864.21923828,11865.6855469,6213.48095703,8639.94335938,22125.3808594,2371.62304688,1394.44226074,1211.08740234,570.777526855,661.612304688,278.592437744,177.113632202,122.273231506,83.7859573364,63.939655304,88.1219940186,41.2385101318,19.8442592621,10.9602632523,5.66148424149,3.34398341179,2.40452218056,0.707329332829,0.0590350702405,0.0108717856929,0.0010816383874,0.000041769908421,0.00000124089444853,2.24961160811e-9],"dvar2":[0.729442596436,34.984828949,249.952682495,118.626457214,121.143264771,94.2903518677,263.995330811,274.757232666,619.96484375,2360.50024414,4812.37597656,19384.3085938,28018.7597656,16887.4960938,23323.6015625,64224.375,6241.28808594,3357.30395508,2838.59960938,1311.24108887,1483.89819336,696.78515625,479.045623779,322.863555908,201.951416016,160.937606812,235.36138916,97.5078964233,47.1534576416,27.5622158051,14.1302156448,8.21910572052,4.90312051773,1.41492414474,0.117373265326,0.0256347879767,0.00232696463354,0.0000913228504942,0.0000026222978704,4.18301349114e-9],"max":[7.44088792801,42.3934440613,118.739532471,75.6428527832,94.5254364014,90.9302978516,227.225067139,205.636306763,388.334960938,1362.23083496,1205.78015137,1494.42895508,2956.40673828,2124.45947266,2037.39587402,3565.1640625,833.382080078,742.284973145,929.259765625,715.937011719,1007.48083496,358.170532227,170.521484375,145.331695557,216.846405029,152.830230713,225.79460144,199.207611084,127.467430115,66.4800720215,54.58543396,41.7109947205,52.4212341309,32.4362106323,6.83791589737,2.26206254959,1.20854139328,0.150018885732,0.0260136704892,0.000871148891747],"mean":[0.330016195774,2.86739325523,8.66314315796,7.65107059479,5.43703603745,6.05983638763,7.67924356461,10.1828298569,12.4187612534,15.7203035355,26.8237857819,56.6452713013,71.4751205444,60.5380439758,73.7661743164,93.7690353394,50.9586677551,44.5184745789,36.5987167358,27.4366550446,30.6560955048,24.5246715546,17.4873199463,15.7518720627,15.5214805603,13.1947040558,11.7327260971,10.151011467,6.45756149292,4.79862833023,3.5097720623,2.61763834953,1.7767573595,1.03111743927,0.395523905754,0.151126652956,0.0453769788146,0.00966045074165,0.00151517940685,0.0000916890785447],"median":[0.184854626656,1.58759331703,5.39658546448,5.41481494904,3.2891330719,3.34478998184,3.91708707809,5.66318941116,6.07239627838,7.19677639008,11.9086933136,19.8736915588,25.9536571503,26.3176307678,24.9642772675,37.3594589233,29.8878078461,26.9406204224,22.68841362,17.6487846375,20.2996940613,18.3717956543,13.306678772,12.3517475128,11.8680944443,9.67524337769,8.33674812317,7.0938835144,4.32717227936,2.86317372322,2.15167951584,1.61277854443,1.07003736496,0.64166033268,0.262643575668,0.101276621222,0.0288205370307,0.00582899292931,0.000722987693734,0.0000654650357319],"min":[4.186698132e-23,7.88074619158e-22,3.32209829999e-21,4.94891336057e-21,1.48029269742e-20,2.88068297884e-20,4.91416240443e-20,6.37065233349e-20,1.30567499936e-19,2.05175934164e-19,1.57774775677e-19,3.50156099847e-19,5.17281428566e-19,6.4481908224e-19,1.12073584501e-18,1.01929661854e-18,1.87126287097e-18,2.1164873878e-18,2.65969317375e-18,2.6905639678e-18,3.95215812458e-18,4.85575285494e-18,5.26944821315e-18,6.18430666191e-18,8.22899042984e-18,7.97834064217e-18,8.53723845793e-18,9.51484351924e-18,1.25496095408e-17,1.12732682013e-17,1.14574697432e-17,1.12862152323e-17,1.03585702256e-17,7.88630770004e-18,6.97906675754e-18,4.23979860206e-18,2.41880804641e-18,9.07799909799e-19,2.6236085569e-19,2.72142259971e-20],"var":[0.327415406704,17.8926544189,125.865531921,64.9367980957,55.9679870605,61.4870147705,201.567321777,199.426208496,436.329956055,1060.15783691,2926.71875,14251.8027344,25029.765625,14467.3964844,19458.6445312,43785.8476562,4537.14160156,3629.1940918,2789.71704102,1436.2713623,1744.72045898,748.717895508,332.776672363,246.469970703,279.814575195,189.868270874,178.717300415,132.760070801,54.3800010681,35.4012527466,19.4135494232,10.1413202286,7.30611991882,2.40686893463,0.224250197411,0.031495410949,0.00335967843421,0.000131555687403,0.00000376466141461,7.0501906535e-9]},"erbbands_crest":{"dmean":2.67084503174,"dmean2":4.3443903923,"dvar":7.72949028015,"dvar2":20.0573539734,"max":32.1407356262,"mean":10.4096517563,"median":8.79113769531,"min":2.52826309204,"var":33.266910553},"erbbands_flatness_db":{"dmean":0.0161807704717,"dmean2":0.0239667333663,"dvar":0.000258562795352,"dvar2":0.000579837476835,"max":0.519437968731,"mean":0.161181181669,"median":0.140298604965,"min":0.0343380980194,"var":0.00553480768576},"erbbands_kurtosis":{"dmean":1.47522485256,"dmean2":2.44038724899,"dvar":9.43127632141,"dvar2":27.5668029785,"max":105.749824524,"mean":3.51712918282,"median":0.576690077782,"min":-1.86360764503,"var":105.648216248},"erbbands_skewness":{"dmean":0.323154002428,"dmean2":0.50857180357,"dvar":0.118259489536,"dvar2":0.285229474306,"max":7.28051376343,"mean":0.569249391556,"median":0.318168759346,"min":-3.27195644379,"var":1.37945330143},"erbbands_spread":{"dmean":5.9906668663,"dmean2":9.15665817261,"dvar":48.8244171143,"dvar2":105.142311096,"max":187.193252563,"mean":30.7202415466,"median":29.3659915924,"min":0.623762726784,"var":283.594543457},"gfcc":{"cov":[[34903.8320312,-3080.95458984,-5347.63964844,-318.066192627,-3062.02612305,450.185302734,-1143.91125488,671.443786621,-471.656646729,392.699188232,-521.302612305,560.962097168,-313.14932251],[-3080.95458984,1765.18408203,756.483703613,59.0999107361,591.647399902,-104.102989197,311.417175293,-170.853607178,88.7944946289,-121.156410217,118.465438843,-128.835769653,92.0278167725],[-5347.63964844,756.483703613,1741.91809082,174.060134888,638.689819336,43.4278488159,262.974578857,-29.4165554047,166.988967896,-53.9218864441,102.510025024,-117.874443054,46.5503158569],[-318.066192627,59.0999107361,174.060134888,347.17755127,174.933013916,62.4104690552,56.6703796387,44.5021438599,53.5206108093,31.4220962524,16.9885520935,3.61983799934,34.2669754028],[-3062.02612305,591.647399902,638.689819336,174.933013916,680.024414062,63.0768089294,258.725280762,-27.0275154114,111.299163818,-11.2266778946,75.7855072021,-58.8035240173,42.5709114075],[450.185302734,-104.102989197,43.4278488159,62.4104690552,63.0768089294,242.00642395,113.854598999,73.2573242188,13.1774921417,12.7422084808,33.6963424683,34.1869430542,-8.74018096924],[-1143.91125488,311.417175293,262.974578857,56.6703796387,258.725280762,113.854598999,291.600128174,37.6632118225,47.6811943054,-18.4090995789,58.0546684265,-2.48344683647,25.0384750366],[671.443786621,-170.853607178,-29.4165554047,44.5021438599,-27.0275154114,73.2573242188,37.6632118225,133.538864136,47.8581428528,29.0336036682,-5.86743593216,20.144033432,-6.94546937943],[-471.656646729,88.7944946289,166.988967896,53.5206108093,111.299163818,13.1774921417,47.6811943054,47.8581428528,126.349617004,41.1036529541,7.63494491577,-22.4968776703,10.2642364502],[392.699188232,-121.156410217,-53.9218864441,31.4220962524,-11.2266778946,12.7422084808,-18.4090995789,29.0336036682,41.1036529541,84.3555374146,5.34341239929,7.05127668381,-10.0932092667],[-521.302612305,118.465438843,102.510025024,16.9885520935,75.7855072021,33.6963424683,58.0546684265,-5.86743593216,7.63494491577,5.34341239929,102.452613831,32.5268516541,11.9587678909],[560.962097168,-128.835769653,-117.874443054,3.61983799934,-58.8035240173,34.1869430542,-2.48344683647,20.144033432,-22.4968776703,7.05127668381,32.5268516541,88.922706604,22.1726665497],[-313.14932251,92.0278167725,46.5503158569,34.2669754028,42.5709114075,-8.74018096924,25.0384750366,-6.94546937943,10.2642364502,-10.0932092667,11.9587678909,22.1726665497,68.8131408691]],"icov":[[0.000111838155135,-0.000221131733269,0.000200583686819,-0.0000633640374872,0.000277915154584,-0.000355107913492,0.000270020886092,-0.000468470505439,0.000193416388356,-0.000420504075009,0.00049541896442,-0.000503057905007,0.000323440181091],[-0.000221131733269,0.00191450980492,-0.000362110935384,0.0000560560511076,-0.000861956446897,0.00141549983528,-0.00164769229013,0.00232132198289,-0.00136533926707,0.00242221681401,-0.00245720124803,0.00278958422132,-0.00171567301732],[0.000200583686819,-0.000362110935384,0.00141152751166,-0.000249406468356,-0.0000863441164256,-0.000709939515218,0.000494598643854,-0.000713825167622,-0.000608544098213,0.000311793148285,-0.0000405316677643,0.000232393693295,0.000346304994309],[-0.0000633640374872,0.0000560560511076,-0.000249406468356,0.00400957325473,-0.00133225927129,-0.000572236662265,0.000721152639017,-0.00119476462714,0.000431857479271,-0.00130834325682,0.0000757941816119,0.000352168019162,-0.00220569525845],[0.000277915154584,-0.000861956446897,-0.0000863441164256,-0.00133225927129,0.00457374425605,-0.00111832795665,-0.0014966147719,0.000685771403369,-0.00105784356128,-0.00128196866717,0.000789617130067,-0.000448891863925,0.000758676673286],[-0.000355107913492,0.00141549983528,-0.000709939515218,-0.000572236662265,-0.00111832795665,0.00819046795368,-0.00377286481671,-0.000547061616089,0.000230538178585,0.00157355610281,-0.00266203167848,0.000184902848559,0.000905378372408],[0.000270020886092,-0.00164769229013,0.000494598643854,0.000721152639017,-0.0014966147719,-0.00377286481671,0.00881732162088,-0.00444306572899,0.00108050694689,-0.000192747524125,0.000185297045391,-0.00147570820991,-0.000217565364437],[-0.000468470505439,0.00232132198289,-0.000713825167622,-0.00119476462714,0.000685771403369,-0.000547061616089,-0.00444306572899,0.0171019360423,-0.00828668754548,0.00296920351684,-0.000525386072695,-0.000180828443263,0.000511723686941],[0.000193416388356,-0.00136533926707,-0.000608544098213,0.000431857479271,-0.00105784356128,0.000230538178585,0.00108050694689,-0.00828668754548,0.017581788823,-0.00969089008868,0.0014520958066,0.00246352865361,-0.00273317121901],[-0.000420504075009,0.00242221681401,0.000311793148285,-0.00130834325682,-0.00128196866717,0.00157355610281,-0.000192747524125,0.00296920351684,-0.00969089008868,0.0216052979231,-0.00553897209466,0.00196128268726,0.00159551156685],[0.00049541896442,-0.00245720124803,-0.0000405316677643,0.0000757941816119,0.000789617130067,-0.00266203167848,0.000185297045391,-0.000525386072695,0.0014520958066,-0.00553897209466,0.0188758987933,-0.0122205745429,0.00421155197546],[-0.000503057905007,0.00278958422132,0.000232393693295,0.000352168019162,-0.000448891863925,0.000184902848559,-0.00147570820991,-0.000180828443263,0.00246352865361,0.00196128268726,-0.0122205745429,0.026307888329,-0.0119654694572],[0.000323440181091,-0.00171567301732,0.000346304994309,-0.00220569525845,0.000758676673286,0.000905378372408,-0.000217565364437,0.000511723686941,-0.00273317121901,0.00159551156685,0.00421155197546,-0.0119654694572,0.0227042827755]],"mean":[-9.8759765625,93.2393417358,-105.745857239,29.2021102905,-41.9302330017,24.5246009827,-20.533121109,8.77727603912,-22.819360733,0.873072147369,-16.0492401123,-2.18257117271,-10.6359701157]},"hfc":{"dmean":5.98132610321,"dmean2":9.47990512848,"dvar":75.210357666,"dvar2":192.932037354,"max":136.878799438,"mean":26.1650657654,"median":24.5563583374,"min":1.07647862167e-16,"var":358.365539551},"melbands":{"dmean":[0.00205187965184,0.00241626263596,0.000639086996671,0.000251212535659,0.000138175062602,0.000131593173137,0.000109021435492,0.000113028887426,0.000149927131133,0.000223123031901,0.000194658074179,0.000121452765597,0.000122213314171,0.000128454645164,0.000105322527816,0.0000520691901329,0.0000433726199844,0.000031573970773,0.0000234118324443,0.0000189842921827,0.0000181941049959,0.0000141801965583,0.00000973722944764,0.00000742769225326,0.00000682495965521,0.00000504784838995,0.00000451659207101,0.00000381882910006,0.00000352626807398,0.00000324608845403,0.00000231702165365,0.00000159282922141,0.00000127471435007,0.00000112919576623,9.08282800083e-7,7.07226547547e-7,6.95953872309e-7,5.57219379971e-7,4.41100667103e-7,3.37522635618e-7],"dmean2":[0.00326124252751,0.00393300084397,0.00105133967008,0.00039938109694,0.000223025373998,0.000213334424188,0.000176320914761,0.000187895726413,0.000239118919126,0.000346590240952,0.0002994206734,0.000193642525119,0.000196257038624,0.000207218516152,0.000169367674971,0.0000847387273097,0.0000674862385495,0.0000496364737046,0.0000368043256458,0.0000303828473989,0.0000287904931611,0.0000231508547586,0.0000163875756698,0.0000126766663016,0.0000113936803245,0.00000813903261587,0.0000073707797128,0.00000622863990429,0.00000588709963267,0.00000534670652996,0.00000367835832549,0.00000256326939052,0.00000206443019124,0.00000187211151115,0.00000146557897551,0.00000113901876375,0.00000111104930056,8.56249300796e-7,6.58122644381e-7,5.11246412316e-7],"dvar":[0.0000206858239835,0.0000235808456637,9.83671839094e-7,2.86116915049e-7,8.87402507033e-8,5.68334321827e-8,4.92369274241e-8,1.14522912043e-7,1.93890087985e-7,3.70940085759e-7,3.05197374928e-7,1.04226955955e-7,8.96801921613e-8,1.39837908364e-7,5.76388146101e-8,1.20703846918e-8,6.02134031524e-9,3.92299126517e-9,1.90288407254e-9,1.2604364219e-9,1.03912889404e-9,5.28061594451e-10,2.35037600493e-10,1.37534358902e-10,1.01817117237e-10,5.70387001519e-11,4.9088528381e-11,3.16703885339e-11,3.99802968509e-11,2.93488497394e-11,1.37547742293e-11,8.35791852394e-12,4.94293408287e-12,4.19127796705e-12,2.42123552111e-12,1.65989108309e-12,1.41654721807e-12,1.41321145324e-12,1.03028566581e-12,4.66577297631e-13],"dvar2":[0.0000494921405334,0.0000592075048189,0.00000257974716078,6.62068487145e-7,2.31619438296e-7,1.45750604474e-7,1.2799634419e-7,3.0653333738e-7,4.93771040055e-7,9.12333177894e-7,7.18408784905e-7,2.82682549368e-7,2.38767512428e-7,3.98588070993e-7,1.59879320449e-7,3.09541867693e-8,1.44458640605e-8,9.60367785297e-9,4.28330304558e-9,2.9511602051e-9,2.32399810507e-9,1.2796476101e-9,6.25813734167e-10,3.75586117762e-10,2.65166499869e-10,1.38609110301e-10,1.23678012276e-10,8.02623592588e-11,1.07493222656e-10,7.39606431654e-11,3.25446405935e-11,1.99077802854e-11,1.2316758724e-11,1.09944379989e-11,6.2225103542e-12,4.09856567088e-12,3.57857276798e-12,3.12010053211e-12,1.99949020015e-12,9.96318262267e-13],"max":[0.0589706897736,0.0565380491316,0.0113871302456,0.00713830860332,0.00633548339829,0.00464039109647,0.00494811870158,0.0160802192986,0.013074086979,0.0104882447049,0.0148521093652,0.00831798091531,0.00627026427537,0.00856590364128,0.00550291826949,0.00284296739846,0.00150902150199,0.00162409606855,0.00138101109769,0.000962326012086,0.0011507961899,0.000560404907446,0.000345609267242,0.000187119730981,0.000136244867463,0.000157820628374,0.000195642845938,0.000104440623545,0.000152190637891,0.000134347792482,0.000111037239549,0.0000905496344785,0.0000540991459275,0.0000529812459718,0.000041828268877,0.0000319051287079,0.0000259087428276,0.0000447652855655,0.0000360309968528,0.0000244059119723],"mean":[0.00319392117672,0.00438352162018,0.00129213370383,0.000419239891926,0.000265290000243,0.000238940410782,0.000186295656022,0.000175321343704,0.000247347081313,0.000379114499083,0.000352529197698,0.000232467777096,0.000234985651332,0.000250093173236,0.000189889236935,0.0000914469637792,0.0000830090066302,0.000060097714595,0.0000441209449491,0.0000351234921254,0.0000358997385774,0.0000271387161774,0.0000183632091648,0.0000130003127197,0.0000128472775032,0.0000116289984362,0.0000100488778116,0.00000839025960886,0.0000071433209996,0.00000715813393981,0.00000539132724953,0.00000370381053472,0.00000300947522192,0.00000256413977695,0.00000211436622521,0.00000167519579009,0.00000156779628924,0.00000127528539906,0.00000104461787487,8.16360113731e-7],"median":[0.00196412205696,0.00311641395092,0.000992665532976,0.000232054211665,0.000146342994412,0.000134988527861,0.0000942792612477,0.0000747929880163,0.0000986432569334,0.000115537375677,0.000118998097605,0.0000951263937168,0.0000795859086793,0.0000823279187898,0.0000893142132554,0.0000416211332777,0.0000449664876214,0.000034986071114,0.000024910816137,0.0000207195989788,0.0000224652303586,0.0000182888288691,0.0000132712020786,0.00000918578371056,0.00000933344199439,0.00000844337773742,0.00000717613875167,0.00000587145996178,0.00000479290383737,0.00000486184626425,0.00000350926370629,0.00000233844571085,0.00000182216467692,0.00000143944816955,0.00000123703364352,0.00000105323920252,9.03631416804e-7,7.51072661842e-7,6.10996607975e-7,5.04295712744e-7],"min":[6.66071254057e-25,2.20015732213e-24,9.57591448922e-25,1.60187357592e-24,1.56712257671e-24,1.23594890794e-24,1.86056236598e-24,2.02371043688e-24,1.16403398124e-24,2.09040014616e-24,2.66837486559e-24,2.55321616179e-24,3.11033714597e-24,3.18829652214e-24,2.79804722955e-24,3.22847044703e-24,2.85900921701e-24,3.24385303747e-24,3.08897203164e-24,4.5456330782e-24,3.53189356688e-24,3.82780081446e-24,5.09492481512e-24,3.25556564976e-24,4.13166530198e-24,5.49073340773e-24,4.30956171915e-24,5.24474015064e-24,4.84254612343e-24,4.66210681314e-24,4.48865247173e-24,6.14423248693e-24,5.51178021668e-24,5.6827362356e-24,5.90307139732e-24,5.80106458252e-24,5.44977456624e-24,6.28617104632e-24,4.92287661827e-24,6.76317985292e-24],"var":[0.0000248095711868,0.0000311223047902,0.00000154752513026,3.50044302877e-7,1.88450073324e-7,1.08483114047e-7,9.29031997998e-8,1.41239468121e-7,3.17708241937e-7,6.91710511092e-7,6.40853784262e-7,2.35068540633e-7,2.06046635753e-7,3.14408396207e-7,1.10894426086e-7,2.38472903646e-8,1.46758925013e-8,8.16201950471e-9,4.349717031e-9,2.8435267474e-9,2.71632361049e-9,1.31672950321e-9,4.33725388937e-10,2.13071726929e-10,1.91021809481e-10,1.71952313499e-10,1.30620111949e-10,8.50345419079e-11,7.40463454441e-11,7.18365575358e-11,4.18018293591e-11,2.03278279626e-11,1.28009044337e-11,1.19162145429e-11,7.59277883622e-12,4.4006885809e-12,3.87872633317e-12,3.69764592209e-12,3.250103962e-12,1.42338159488e-12]},"melbands_crest":{"dmean":2.76842427254,"dmean2":4.5170674324,"dvar":7.25107955933,"dvar2":18.0405921936,"max":34.9323196411,"mean":14.9736471176,"median":14.5244102478,"min":1.41422438622,"var":30.8394489288},"melbands_flatness_db":{"dmean":0.0259180143476,"dmean2":0.0389680042863,"dvar":0.000898353289813,"dvar2":0.00183651340194,"max":0.872065603733,"mean":0.234092980623,"median":0.181503072381,"min":0.00412588752806,"var":0.0253829229623},"melbands_kurtosis":{"dmean":7.31075239182,"dmean2":11.3823337555,"dvar":268.471862793,"dvar2":609.874267578,"max":568.508056641,"mean":15.2700471878,"median":4.89772224426,"min":-1.78359675407,"var":1638.3449707},"melbands_skewness":{"dmean":0.712380230427,"dmean2":1.09397876263,"dvar":0.740249752998,"dvar2":1.60387432575,"max":18.4763584137,"mean":2.42122411728,"median":1.99524617195,"min":-0.960233092308,"var":3.7383620739},"melbands_spread":{"dmean":5.38784456253,"dmean2":8.4182100296,"dvar":43.6116065979,"dvar2":102.951255798,"max":170.645996094,"mean":23.1890335083,"median":23.4548568726,"min":0.167810291052,"var":237.875701904},"mfcc":{"cov":[[19234.3691406,-331.104400635,-2616.86206055,-1199.93151855,-1232.44689941,-519.312988281,-498.424255371,-228.238235474,-109.948776245,-57.1803627014,-124.419746399,-64.389175415,-136.971496582],[-331.104400635,1063.33496094,95.6829910278,161.645462036,45.9920501709,83.8389282227,86.5728530884,22.3504829407,15.6043930054,-54.9771842957,-13.883014679,-11.2943372726,19.4000015259],[-2616.86206055,95.6829910278,1013.61846924,271.059295654,303.960754395,139.916000366,127.475791931,118.672370911,66.1865539551,73.0038604736,53.2058563232,59.3611793518,28.6728553772],[-1199.93151855,161.645462036,271.059295654,383.549041748,217.133972168,114.405471802,78.5327606201,38.3401641846,78.5333938599,38.0993385315,22.579158783,16.992816925,40.5364685059],[-1232.44689941,45.9920501709,303.960754395,217.133972168,322.360198975,134.494094849,82.8148498535,62.1866188049,64.9178695679,65.8990097046,37.4517211914,37.7526741028,41.0009536743],[-519.312988281,83.8389282227,139.916000366,114.405471802,134.494094849,198.302383423,131.948547363,79.8796539307,57.4860038757,33.5765953064,39.4674377441,27.7677307129,32.1582603455],[-498.424255371,86.5728530884,127.475791931,78.5327606201,82.8148498535,131.948547363,206.492126465,123.020950317,41.2096786499,18.8218250275,30.234161377,37.6507873535,34.8166847229],[-228.238235474,22.3504829407,118.672370911,38.3401641846,62.1866188049,79.8796539307,123.020950317,155.66317749,64.2404174805,30.6724014282,31.9124660492,34.5617904663,33.1664352417],[-109.948776245,15.6043930054,66.1865539551,78.5333938599,64.9178695679,57.4860038757,41.2096786499,64.2404174805,127.544273376,63.6575622559,29.194770813,13.7230043411,8.75128269196],[-57.1803627014,-54.9771842957,73.0038604736,38.0993385315,65.8990097046,33.5765953064,18.8218250275,30.6724014282,63.6575622559,104.352348328,51.9984321594,18.4918479919,1.47479236126],[-124.419746399,-13.883014679,53.2058563232,22.579158783,37.4517211914,39.4674377441,30.234161377,31.9124660492,29.194770813,51.9984321594,96.0665206909,35.1438407898,-2.3193192482],[-64.389175415,-11.2943372726,59.3611793518,16.992816925,37.7526741028,27.7677307129,37.6507873535,34.5617904663,13.7230043411,18.4918479919,35.1438407898,80.3349227905,40.3004875183],[-136.971496582,19.4000015259,28.6728553772,40.5364685059,41.0009536743,32.1582603455,34.8166847229,33.1664352417,8.75128269196,1.47479236126,-2.3193192482,40.3004875183,91.9098968506]],"icov":[[0.0000978367970674,-0.0000297160477203,0.000201363465749,0.0000811179270386,0.000204550960916,-0.0000965608196566,0.000197625282453,-0.000167143865838,0.00000567531014894,-0.000268530275207,0.000178920308826,-0.000240326568019,0.0000951302063186],[-0.0000297160477203,0.00111274048686,-0.000109480824904,-0.000472278508823,0.000132643108373,-0.000175032633706,-0.00046619711793,0.000317763333442,-0.000297012389638,0.00102281710133,-0.000253537844401,0.000388632412069,-0.000137640134199],[0.000201363465749,-0.000109480824904,0.00195605726913,-0.000457569782156,-0.000577719882131,-0.000103095109807,0.000520133122336,-0.00137105525937,0.000734457105864,-0.000993127701804,0.000611882831436,-0.00121603626758,0.0010009460384],[0.0000811179270386,-0.000472278508823,-0.000457569782156,0.00545894168317,-0.00253300345503,0.00000568027462577,-0.00111881759949,0.00227156328037,-0.00295801577158,0.00118290819228,-0.000643740582746,0.00123942981008,-0.00160926475655],[0.000204550960916,0.000132643108373,-0.000577719882131,-0.00253300345503,0.00785430427641,-0.00338575406931,0.00155072123744,-0.00093870278215,0.00111861445475,-0.00349624687806,0.00147044251207,-0.00156771321781,-0.000319512124406],[-0.0000965608196566,-0.000175032633706,-0.000103095109807,0.00000568027462577,-0.00338575406931,0.0121358614415,-0.0068161659874,0.00177978782449,-0.00271267048083,0.00172588776331,-0.00309639284387,0.00202616304159,-0.00160928780679],[0.000197625282453,-0.00046619711793,0.000520133122336,-0.00111881759949,0.00155072123744,-0.0068161659874,0.0145062729716,-0.00953561160713,0.00344453845173,-0.00109566992614,0.00156779005192,-0.00281033990905,0.00132450822275],[-0.000167143865838,0.000317763333442,-0.00137105525937,0.00227156328037,-0.00093870278215,0.00177978782449,-0.00953561160713,0.0172117929906,-0.00730646029115,0.00252135889605,-0.00257665314712,0.000878128397744,-0.00348790409043],[0.00000567531014894,-0.000297012389638,0.000734457105864,-0.00295801577158,0.00111861445475,-0.00271267048083,0.00344453845173,-0.00730646029115,0.0164453946054,-0.00907040014863,0.00252759340219,-0.000806308293249,0.00192553631496],[-0.000268530275207,0.00102281710133,-0.000993127701804,0.00118290819228,-0.00349624687806,0.00172588776331,-0.00109566992614,0.00252135889605,-0.00907040014863,0.0211248658597,-0.00924603641033,0.00212428811938,-0.00100706506055],[0.000178920308826,-0.000253537844401,0.000611882831436,-0.000643740582746,0.00147044251207,-0.00309639284387,0.00156779005192,-0.00257665314712,0.00252759340219,-0.00924603641033,0.0190773978829,-0.00883270520717,0.00543858250603],[-0.000240326568019,0.000388632412069,-0.00121603626758,0.00123942981008,-0.00156771321781,0.00202616304159,-0.00281033990905,0.000878128397744,-0.000806308293249,0.00212428811938,-0.00883270520717,0.0223831478506,-0.00986405555159],[0.0000951302063186,-0.000137640134199,0.0010009460384,-0.00160926475655,-0.000319512124406,-0.00160928780679,0.00132450822275,-0.00348790409043,0.00192553631496,-0.00100706506055,0.00543858250603,-0.00986405555159,0.0172062776983]],"mean":[-641.583251953,118.613990784,2.36102843285,18.9549007416,5.53827238083,16.20470047,12.407869339,9.69556331635,6.80111503601,3.02195501328,-0.00807803217322,2.1172413826,-0.212556943297]},"pitch_salience":{"dmean":0.0654465407133,"dmean2":0.106432102621,"dvar":0.00398683222011,"dvar2":0.0098729589954,"max":0.904896974564,"mean":0.49588817358,"median":0.494900107384,"min":0.0374663062394,"var":0.0163007639349},"silence_rate_20dB":{"dmean":0,"dmean2":0,"dvar":0,"dvar2":0,"max":1,"mean":1,"median":1,"min":1,"var":0},"silence_rate_30dB":{"dmean":0.0470627211034,"dmean2":0.0941332429647,"dvar":0.0448508672416,"dvar2":0.10002848506,"max":1,"mean":0.956752300262,"median":1,"min":0,"var":0.0413724295795},"silence_rate_60dB":{"dmean":0.00745712174103,"dmean2":0.0149154793471,"dvar":0.00740134716034,"dvar2":0.0186735782772,"max":1,"mean":0.0514498762786,"median":0,"min":0,"var":0.0488000847399},"spectral_centroid":{"dmean":190.311721802,"dmean2":298.971252441,"dvar":54358.2578125,"dvar2":121370.984375,"max":11681.9951172,"mean":1341.32885742,"median":1365.06713867,"min":89.9675979614,"var":799179.75},"spectral_complexity":{"dmean":3.61620688438,"dmean2":5.64418315887,"dvar":17.1393299103,"dvar2":37.3834838867,"max":56,"mean":22.7127590179,"median":24,"min":0,"var":144.65184021},"spectral_contrast_coeffs":{"dmean":[0.0462930127978,0.0436232462525,0.0393991544843,0.0299957152456,0.0193701051176,0.0172089934349],"dmean2":[0.0776497349143,0.0711125656962,0.0629853308201,0.0478740483522,0.0313917435706,0.0269454587251],"dvar":[0.00159677339252,0.00134851946495,0.00114210438915,0.000632159062661,0.000275915750535,0.000291095697321],"dvar2":[0.0043434179388,0.00346567970701,0.00282175093889,0.00151993753389,0.000674927490763,0.000659614859615],"max":[-0.339755058289,-0.449789106846,-0.413737356663,-0.532916069031,-0.644057929516,-0.605129182339],"mean":[-0.642840862274,-0.748143255711,-0.736631989479,-0.767419159412,-0.80171251297,-0.767072618008],"median":[-0.650402665138,-0.752811849117,-0.742831110954,-0.765455186367,-0.800253391266,-0.760242760181],"min":[-0.986351966858,-0.976014316082,-0.973593711853,-0.97238111496,-0.96793794632,-0.964173138142],"var":[0.00590353365988,0.00519218295813,0.00777572020888,0.00407225452363,0.00215729442425,0.0026680980809]},"spectral_contrast_valleys":{"dmean":[0.3603335917,0.356663256884,0.340600907803,0.299030929804,0.246590927243,0.238148987293],"dmean2":[0.57331597805,0.575032174587,0.527770578861,0.45563814044,0.374643981457,0.325925737619],"dvar":[0.123474426568,0.114930257201,0.111762434244,0.102079033852,0.100692503154,0.111480489373],"dvar2":[0.256097555161,0.261664360762,0.236519500613,0.20227368176,0.200397491455,0.2105127424],"max":[-4.86994361877,-4.42572546005,-4.76313018799,-5.53441524506,-5.74155282974,-7.83640575409],"mean":[-7.27265453339,-7.12666749954,-7.43207406998,-7.83969116211,-7.79555082321,-10.2954311371],"median":[-6.69325637817,-6.57025718689,-6.85137653351,-7.15829753876,-7.04616260529,-9.50308418274],"min":[-28.1875267029,-27.894657135,-27.7102966309,-27.6653442383,-27.4724559784,-27.3892459869],"var":[3.96944117546,4.80027627945,5.04374885559,5.03629493713,5.38718795776,5.2185792923]},"spectral_decrease":{"dmean":3.53487750182e-9,"dmean2":5.36738431478e-9,"dvar":3.27947764509e-17,"dvar2":7.31473631924e-17,"max":1.80951566445e-28,"mean":-1.01828900867e-8,"median":-8.76317329812e-9,"min":-6.84360514924e-8,"var":6.83096536281e-17},"spectral_energy":{"dmean":0.0137318279594,"dmean2":0.0208777096123,"dvar":0.000479068374261,"dvar2":0.00106944807339,"max":0.26019719243,"mean":0.0408059358597,"median":0.0354912690818,"min":1.00928321272e-20,"var":0.00104066776112},"spectral_energyband_high":{"dmean":0.000276213861071,"dmean2":0.000418585550506,"dvar":2.23748187977e-7,"dvar2":5.43648297935e-7,"max":0.00911558046937,"mean":0.000947175605688,"median":0.000719218282029,"min":7.02065748275e-21,"var":8.68348593031e-7},"spectral_energyband_low":{"dmean":0.0109215611592,"dmean2":0.0166344176978,"dvar":0.000455138011603,"dvar2":0.00102267984767,"max":0.253807514906,"mean":0.0215936340392,"median":0.0162388980389,"min":1.71983967791e-23,"var":0.000691433553584},"spectral_energyband_middle_high":{"dmean":0.00298055075109,"dmean2":0.00479198340327,"dvar":0.0000248770229518,"dvar2":0.0000684523984091,"max":0.0878567844629,"mean":0.00976647809148,"median":0.00796022545546,"min":1.25114258433e-21,"var":0.0000860443687998},"spectral_energyband_middle_low":{"dmean":0.00385886454023,"dmean2":0.00606876797974,"dvar":0.0000348455832864,"dvar2":0.0000859127758304,"max":0.0885177999735,"mean":0.0102034481242,"median":0.00793573074043,"min":1.66106250383e-22,"var":0.0000811731588328},"spectral_entropy":{"dmean":0.140407800674,"dmean2":0.21109752357,"dvar":0.0296572074294,"dvar2":0.0596997961402,"max":9.82090377808,"mean":7.46576547623,"median":7.78160905838,"min":3.25248336792,"var":0.948173105717},"spectral_flux":{"dmean":0.0279855970293,"dmean2":0.0428705401719,"dvar":0.00112855550833,"dvar2":0.0024311193265,"max":0.410664796829,"mean":0.0933893024921,"median":0.0814119577408,"min":6.48774645118e-11,"var":0.00364906596951},"spectral_kurtosis":{"dmean":3.41152381897,"dmean2":5.97318172455,"dvar":176.409606934,"dvar2":565.703491211,"max":336.757385254,"mean":12.222026825,"median":3.64944696426,"min":-1.26617634296,"var":1321.69226074},"spectral_rms":{"dmean":0.000917076715268,"dmean2":0.00136251107324,"dvar":0.00000143298939292,"dvar2":0.00000292166691906,"max":0.0159326996654,"mean":0.00580052193254,"median":0.00588435446844,"min":3.13793956097e-12,"var":0.00000616450461166},"spectral_rolloff":{"dmean":301.714416504,"dmean2":498.583404541,"dvar":286882.0625,"dvar2":649946.6875,"max":19767.4804688,"mean":1253.09594727,"median":1184.32617188,"min":64.599609375,"var":2399138.25},"spectral_skewness":{"dmean":0.233072862029,"dmean2":0.387716054916,"dvar":0.215482711792,"dvar2":0.611754000187,"max":15.7982130051,"mean":2.01382470131,"median":1.48416185379,"min":-0.0647299513221,"var":4.27434968948},"spectral_spread":{"dmean":384168.625,"dmean2":558630.125,"dvar":353582481408,"dvar2":691293716480,"max":42533884,"mean":4677808,"median":4679948,"min":295444.46875,"var":8749923172350},"spectral_strongpeak":{"dmean":0.638924062252,"dmean2":1.12148463726,"dvar":1.36163640022,"dvar2":3.57330203056,"max":12.4400167465,"mean":1.01815867424,"median":0.463093072176,"min":0,"var":2.14597797394},"zerocrossingrate":{"dmean":0.00733016617596,"dmean2":0.00880415458232,"dvar":0.0000741023031878,"dvar2":0.0000948200831772,"max":0.5361328125,"mean":0.0546418689191,"median":0.05322265625,"min":0.001953125,"var":0.00184282637201}},"metadata":{"audio_properties":{"analysis_sample_rate":44100,"bit_rate":212785,"codec":"mp3","downmix":"mix","equal_loudness":0,"length":280.241638184,"lossless":false,"md5_encoded":"018b8fc5ca7a7f86d5416e731f153876","replay_gain":-12.8892860413,"sample_rate":44100},"tags":{"album":["slash"],"artist":["slash"],"date":["2010"],"encoding":["LAME v3.97 -V2 --vbr-new"],"file_name":"1465409.mp3","genre":["Rock"],"language":["eng"],"musicbrainz_recordingid":["4b295961-553d-48ee-8d80-4f65828d89d1"],"title":["promise feat. chris cornell"],"tracknumber":["5/14"]},"version":{"essentia":"2.1-beta2","essentia_build_sha":"70f2e5ece6736b2c40cc944ad0e695b16b925413","essentia_git_sha":"v2.1_beta2","extractor":"music 1.0"}},"rhythm":{"beats_count":426,"beats_loudness":{"dmean":0.0266838595271,"dmean2":0.0489424653351,"dvar":0.000631726928987,"dvar2":0.00194449559785,"max":0.179956793785,"mean":0.0542231351137,"median":0.0495287626982,"min":0,"var":0.00108869152609},"beats_loudness_band_ratio":{"dmean":[0.248083025217,0.177425190806,0.0981891825795,0.100939005613,0.0447192378342,0.0318923704326],"dmean2":[0.473015069962,0.34750404954,0.178227305412,0.1752846241,0.0833928212523,0.0618354566395],"dvar":[0.0282905939966,0.0183795839548,0.0116903148592,0.00833417847753,0.00171550642699,0.000552615674678],"dvar2":[0.0920981988311,0.0626996308565,0.0342840589583,0.0201397277415,0.00533426180482,0.00185114366468],"max":[0.999612808228,0.902715563774,0.614917695522,0.718462467194,0.2875610888,0.129512831569],"mean":[0.578206896782,0.142017602921,0.123865865171,0.13600076735,0.0569781512022,0.0364048108459],"median":[0.560433506966,0.0692694932222,0.0891966596246,0.107065171003,0.0501957014203,0.0341251567006],"min":[0,0,0,0,0,0],"var":[0.0603558160365,0.022893326357,0.0152708003297,0.0150090046227,0.00230203499086,0.000740476767533]},"beats_position":[0.684988677502,1.38158726692,2.07818579674,2.77478456497,3.4597730