{"lowlevel":{"average_loudness":0.823053717613,"barkbands":{"dmean":[0.00279161660001,0.0148892011493,0.0048124701716,0.00175779615529,0.00186641479377,0.00136578001548,0.000969852844719,0.000629841757473,0.000953004695475,0.000854701269418,0.000488801219035,0.000353094161255,0.00030880261329,0.000220039844862,0.00017939179088,0.000130180225824,0.0000964998616837,0.0000812165890238,0.0000667998610879,0.0000450677325716,0.0000460042865598,0.0000263288584392,0.0000164452540048,0.00000525736686541,0.00000272396914625,0.000011798806554,0.000222762813792],"dmean2":[0.00498203746974,0.0258545540273,0.00814805366099,0.00295825535432,0.00301161990501,0.00214713206515,0.00151532515883,0.0010284302989,0.00144934770651,0.00134946056642,0.000774396001361,0.000579776358791,0.000509048171807,0.000366936001228,0.000296197104035,0.000214429732296,0.000158288385137,0.000129289037432,0.000103138037957,0.0000674999464536,0.0000686216953909,0.0000388608859794,0.0000224270916078,0.00000823722348287,0.00000526076973983,0.0000165726451087,0.000344162923284],"dvar":[0.0000364039660781,0.000567661481909,0.0000897562349564,0.0000116848059406,0.0000146750762724,0.00000965610433923,0.00000409633730669,0.00000214348324334,0.0000036602120872,0.00000656415249978,0.00000109324196274,8.17505679152e-7,2.92938523216e-7,1.52494891381e-7,7.73806689836e-8,4.53895410146e-8,3.18893107476e-8,2.43906992381e-8,2.51243434946e-8,1.41668472509e-8,1.66291886927e-8,6.88939838511e-9,1.13184817074e-9,8.96790211535e-11,3.26010711482e-11,4.98782737335e-10,1.13923015022e-7],"dvar2":[0.000102290781797,0.00149562337901,0.000226611169637,0.0000294364381261,0.0000359463410859,0.0000207415978366,0.00000971277131612,0.0000055721066019,0.00000769043253968,0.0000168205187947,0.00000263692322733,0.00000222922926696,7.5011894296e-7,4.21989625465e-7,2.06591778351e-7,1.23205197156e-7,8.35377349517e-8,6.14918675979e-8,5.77914924804e-8,2.8165896282e-8,3.68732244738e-8,1.67212821367e-8,2.18735207724e-9,1.9710662269e-10,9.14483350156e-11,9.4524987837e-10,2.84480933033e-7],"max":[0.0884074270725,0.339727878571,0.151198416948,0.064777225256,0.123873591423,0.119399212301,0.0509812906384,0.0532608628273,0.0485907010734,0.0912019759417,0.0421477146447,0.0343511961401,0.0105147492141,0.0103764794767,0.00509063759819,0.00565300369635,0.00499303126708,0.00346482964233,0.00535122491419,0.00581088429317,0.00446311850101,0.00228947936557,0.000896270445082,0.000214313913602,0.0000793306535343,0.000695059192367,0.012878282927],"mean":[0.00274183228612,0.017593882978,0.00555504765362,0.0023290135432,0.00295598967932,0.00225652079098,0.00187172018923,0.00103436608333,0.00188998656813,0.00154214457143,0.000875231693499,0.000620489066932,0.000575894198846,0.000428109982749,0.000365618529031,0.000276014936389,0.000209320511203,0.000165342717082,0.000140754811582,0.0000940648387768,0.0000862604938447,0.0000436172231275,0.000028795824619,0.00000720478192306,0.00000188651142707,0.0000196219134523,0.000904069922399],"median":[0.000657528289594,0.00995378009975,0.00239926576614,0.00090310984524,0.00122749397997,0.000880076549947,0.000721260381397,0.000406909413869,0.000790635007434,0.00049794476945,0.000359947152901,0.000341153412592,0.000337694742484,0.000244473165367,0.000218478598981,0.000167560618138,0.000102508034615,0.0000694671907695,0.0000456302987004,0.0000321185507346,0.0000219977118832,0.00000911295501282,0.00000381710015063,7.92886567069e-7,1.01090165572e-7,0.0000025928065952,0.000613741460256],"min":[1.76918655629e-23,3.2351810501e-23,1.16592277062e-23,1.60822769274e-23,3.05961027376e-23,2.69353274426e-23,3.77062575377e-23,2.87779361233e-23,5.58030801131e-23,1.14102923924e-22,6.06816420756e-23,2.4276208282e-23,8.86826827359e-23,1.28912985937e-22,1.418582565e-22,2.0757680701e-22,2.07708515227e-22,2.07242696018e-22,2.80619937336e-22,2.00776510463e-22,5.13609084303e-22,4.85941498303e-22,8.30215997855e-22,6.4160008748e-22,1.43557286185e-21,1.81132036193e-21,3.02417656041e-21],"var":[0.0000338733043463,0.000635359669104,0.0000990502230707,0.0000191307826753,0.0000268563580903,0.0000243566191784,0.0000108519252535,0.00000376771254196,0.0000126465411086,0.0000152445563799,0.00000297165343,0.000001458510269,6.55906944758e-7,3.70285960116e-7,1.95613651499e-7,1.14385770189e-7,9.36818054242e-8,6.22236697723e-8,6.60459562596e-8,3.64790508911e-8,3.34404433033e-8,9.15738507246e-9,2.95479729573e-9,1.83204645898e-10,2.02177267983e-11,1.3141184807e-9,0.00000117205013339]},"barkbands_crest":{"dmean":3.80962109566,"dmean2":6.58941173553,"dvar":10.2529973984,"dvar2":29.823425293,"max":26.1275577545,"mean":11.7032909393,"median":10.8993530273,"min":2.89050674438,"var":22.1091995239},"barkbands_flatness_db":{"dmean":0.0403384268284,"dmean2":0.068230740726,"dvar":0.0014183485182,"dvar2":0.00374387903139,"max":0.47650077939,"mean":0.175502374768,"median":0.16435906291,"min":0.0285750087351,"var":0.00524774519727},"barkbands_kurtosis":{"dmean":7.42082500458,"dmean2":12.6628255844,"dvar":223.987060547,"dvar2":628.539306641,"max":358.256164551,"mean":11.114074707,"median":6.9297451973,"min":-1.79127395153,"var":280.018707275},"barkbands_skewness":{"dmean":0.844634711742,"dmean2":1.40545976162,"dvar":0.881357312202,"dvar2":2.34522986412,"max":14.8574123383,"mean":2.57902812958,"median":2.33605480194,"min":-1.97772789001,"var":1.98012197018},"barkbands_spread":{"dmean":7.73154067993,"dmean2":12.6464910507,"dvar":77.9405899048,"dvar2":195.292007446,"max":118.555435181,"mean":24.9760169983,"median":21.1764335632,"min":0.397232711315,"var":312.89932251},"dissonance":{"dmean":0.022537285462,"dmean2":0.038294814527,"dvar":0.000593714707065,"dvar2":0.00161062565167,"max":0.5,"mean":0.457940280437,"median":0.469418346882,"min":0.186810851097,"var":0.00153388874605},"dynamic_complexity":3.96855640411,"erbbands":{"dmean":[0.601145982742,2.90872311592,5.5483751297,5.4006986618,4.97876882553,6.94579458237,10.3153247833,11.2625007629,11.5355119705,16.047668457,13.7340688705,22.8059711456,27.9096927643,17.8141479492,18.9761314392,14.2426328659,14.1153736115,10.8178987503,9.11539268494,8.84135913849,5.90610456467,5.08145618439,4.45460748672,3.70238375664,3.00500488281,2.08840823174,2.14132905006,1.55552744865,0.970694303513,0.663728415966,0.460430711508,0.175533786416,0.0627943277359,0.0317494720221,0.0191020444036,0.0152820665389,0.023122349754,0.0254506990314,0.0111494213343,0.00599805638194],"dmean2":[1.05107998848,5.09996032715,9.47191429138,9.08820152283,8.22310829163,11.1143522263,16.412979126,17.9363670349,18.04529953,25.405872345,21.9231758118,34.4078140259,44.3012771606,28.2394161224,30.3403129578,23.1779003143,23.1587028503,17.991153717,15.0882539749,14.5863733292,9.65668201447,8.30427646637,7.10324478149,5.82043838501,4.60887765884,3.12459850311,3.22373080254,2.33113002777,1.43564546108,0.936364769936,0.632464945316,0.254150271416,0.10483147949,0.059490326792,0.0374376140535,0.0267266053706,0.0323071330786,0.033791359514,0.0152533622459,0.0089800413698],"dvar":[1.29407405853,18.5180110931,106.850563049,93.4657821655,109.610404968,233.897964478,591.974487305,876.244934082,442.707641602,1738.87109375,807.400695801,2407.60351562,8249.68066406,1536.03503418,1728.59924316,1045.96606445,616.136291504,376.648040771,238.269210815,186.170791626,103.294197083,93.8646697998,71.6939620972,67.6868972778,55.6045951843,33.4996490479,39.0514297485,22.2608127594,9.77000713348,2.91819572449,0.901825368404,0.113101437688,0.012744134292,0.00411988515407,0.00165584532078,0.000688864674885,0.00214815838262,0.00322738592513,0.000511720369104,0.0000636227123323],"dvar2":[3.39876174927,50.7033805847,271.419189453,235.237747192,281.699310303,534.832824707,1336.05163574,1903.8996582,1011.51501465,4254.55859375,2013.1940918,4908.8828125,22055.78125,3752.22119141,4506.18115234,2714.55859375,1555.86535645,1049.13183594,648.003051758,493.320770264,278.628509521,244.172470093,179.773239136,162.6902771,127.256439209,70.1617126465,92.7280426025,51.9348564148,23.3667964935,6.87392568588,1.72148549557,0.223757699132,0.031150938943,0.0114631932229,0.00464290846139,0.00177206250373,0.00418996857479,0.00677807955071,0.0010578710353,0.000145285928738],"max":[14.0713720322,64.7343444824,153.816009521,186.548400879,217.66734314,531.757995605,598.484985352,1219.72399902,756.441711426,1113.43237305,952.174438477,1455.02624512,3914.89135742,1140.81115723,1278.64526367,1088.64868164,512.338256836,447.906097412,391.411987305,256.484161377,280.769927979,308.071350098,196.305526733,190.838195801,310.719940186,286.131896973,323.441558838,132.631637573,98.2617797852,56.6145973206,26.7891387939,9.66243267059,1.98821389675,0.95832324028,0.498525261879,0.356160491705,1.61238694191,2.02818655968,0.663534879684,0.29470166564],"mean":[0.653473079205,3.37490177155,6.5265622139,7.64264583588,7.34313058853,10.7289924622,16.7292690277,17.9157543182,22.1411952972,29.9847583771,25.8395252228,46.0314598083,51.3250274658,35.0971488953,35.9080085754,27.1243133545,27.6028137207,22.1599178314,19.7470474243,19.3168563843,13.8417749405,11.6597480774,9.57388305664,7.65202093124,6.43190336227,4.42694377899,4.09783840179,2.69970774651,1.6250628233,1.13378942013,0.788226783276,0.271739602089,0.076939791441,0.0263621471822,0.0118512399495,0.0165877193213,0.0387071445584,0.0508404038846,0.0349831171334,0.0335859134793],"median":[0.291710913181,1.93725371361,3.28748083115,3.60437726974,3.07429671288,3.95605039597,5.80870962143,7.46357297897,10.2821655273,10.342218399,11.8534088135,18.7515544891,18.3476924896,15.360291481,15.8948450089,15.9058532715,16.4378089905,13.6298313141,11.3588066101,12.1465387344,8.05101394653,5.64472055435,4.18493080139,2.66662192345,2.12000417709,1.50551891327,1.09636187553,0.632370948792,0.355780422688,0.207081735134,0.0944167822599,0.0295174866915,0.00799652934074,0.00198545330204,0.000523305381648,0.00166338658892,0.00537294941023,0.0103463931009,0.014047822915,0.0273798890412],"min":[7.9833738399e-22,7.62956500337e-21,1.82693161884e-20,3.23100883166e-20,7.93498464245e-20,8.85637337195e-20,9.73153692238e-20,3.14185556374e-19,4.75530521123e-19,7.06874016697e-19,6.89086376504e-19,1.24733180526e-18,1.9142047117e-18,4.85716733378e-18,1.38786699959e-18,1.08687810177e-18,3.38190043067e-18,7.09811955438e-18,8.10446004299e-18,6.81534496685e-18,1.14597047852e-17,1.28514088689e-17,1.17841581087e-17,1.169257598e-17,1.35822717437e-17,9.73934943647e-18,1.53764504806e-17,2.0828128237e-17,1.45321736991e-17,2.40981766849e-17,2.16815999582e-17,1.48347431323e-17,1.3079298782e-17,1.80843899975e-17,8.24322538101e-18,7.01603594065e-18,3.07211467382e-18,1.61920170637e-18,4.46458948302e-19,4.15293425921e-20],"var":[1.29523301125,20.4919757843,114.561729431,152.1668396,187.519424438,482.131713867,1565.95141602,1861.05603027,1273.3885498,4311.35107422,1730.62487793,8606.60546875,17353.140625,3971.24291992,4244.82958984,2050.87744141,1447.96801758,877.965209961,643.346008301,500.939331055,292.501953125,296.1640625,192.840866089,170.07611084,147.35836792,80.5959777832,71.5013885498,36.2877464294,13.224187851,4.94958162308,2.31815481186,0.274180710316,0.019998120144,0.00302274990827,0.000963554019108,0.000859173946083,0.00524951331317,0.00762250320986,0.00261458777823,0.000924852618482]},"erbbands_crest":{"dmean":2.27498793602,"dmean2":3.64866733551,"dvar":4.92129850388,"dvar2":11.680521965,"max":32.9728469849,"mean":8.52911090851,"median":7.32581281662,"min":2.00606918335,"var":19.2514095306},"erbbands_flatness_db":{"dmean":0.0312225166708,"dmean2":0.0532774291933,"dvar":0.00116720621008,"dvar2":0.00262456038035,"max":0.409458965063,"mean":0.166419818997,"median":0.161653965712,"min":0.0256831701845,"var":0.0034534111619},"erbbands_kurtosis":{"dmean":0.862573325634,"dmean2":1.38171625137,"dvar":1.30443310738,"dvar2":3.02506160736,"max":24.2582244873,"mean":0.741577208042,"median":0.194521665573,"min":-1.70924186707,"var":3.92903637886},"erbbands_skewness":{"dmean":0.324395179749,"dmean2":0.517855107784,"dvar":0.0930880531669,"dvar2":0.219785898924,"max":3.2132089138,"mean":0.167968124151,"median":0.132928550243,"min":-2.724173069,"var":0.447438746691},"erbbands_spread":{"dmean":6.34742689133,"dmean2":9.79457187653,"dvar":49.7222747803,"dvar2":110.119400024,"max":132.781463623,"mean":28.6679401398,"median":25.9726715088,"min":2.2054476738,"var":206.670379639},"gfcc":{"cov":[[22596.9101562,121.779449463,-2042.88110352,238.915115356,385.613250732,-749.753295898,572.778259277,-903.059448242,221.934951782,-81.4850540161,108.877159119,370.496276855,-270.876647949],[121.779449463,2431.43383789,-142.219741821,-808.290161133,568.357299805,-411.348175049,233.128250122,-167.209686279,216.758209229,-237.332199097,128.088699341,-214.628952026,202.609893799],[-2042.88110352,-142.219741821,729.528198242,87.8628692627,-280.49432373,300.777740479,-216.03465271,220.486358643,-107.962440491,25.6962833405,-80.3261108398,-41.5969734192,-4.97753429413],[238.915115356,-808.290161133,87.8628692627,638.571472168,-109.131538391,71.9075469971,43.4218254089,-19.2978515625,-93.0861740112,100.418121338,-42.1996421814,72.6595153809,-97.329208374],[385.613250732,568.357299805,-280.49432373,-109.131538391,487.680938721,-146.550003052,163.373687744,-139.905944824,115.701187134,-50.5771980286,70.4696502686,-32.9723014832,74.005859375],[-749.753295898,-411.348175049,300.777740479,71.9075469971,-146.550003052,337.671447754,-147.633407593,148.681442261,-75.0199890137,34.1720161438,-46.5923309326,32.9146270752,-17.2667102814],[572.778259277,233.128250122,-216.03465271,43.4218254089,163.373687744,-147.633407593,279.408813477,-80.5556716919,86.1688156128,-24.1641273499,11.087647438,-19.0503845215,7.79591369629],[-903.059448242,-167.209686279,220.486358643,-19.2978515625,-139.905944824,148.681442261,-80.5556716919,212.987731934,-22.0338573456,38.6615066528,-20.5451965332,-26.208738327,9.49387645721],[221.934951782,216.758209229,-107.962440491,-93.0861740112,115.701187134,-75.0199890137,86.1688156128,-22.0338573456,159.563659668,16.2766265869,30.8807029724,2.1150329113,-1.00857770443],[-81.4850540161,-237.332199097,25.6962833405,100.418121338,-50.5771980286,34.1720161438,-24.1641273499,38.6615066528,16.2766265869,103.726448059,30.2559223175,25.4940757751,-11.028927803],[108.877159119,128.088699341,-80.3261108398,-42.1996421814,70.4696502686,-46.5923309326,11.087647438,-20.5451965332,30.8807029724,30.2559223175,84.5544967651,29.074131012,25.345085144],[370.496276855,-214.628952026,-41.5969734192,72.6595153809,-32.9723014832,32.9146270752,-19.0503845215,-26.208738327,2.1150329113,25.4940757751,29.074131012,106.075057983,-1.77708756924],[-270.876647949,202.609893799,-4.97753429413,-97.329208374,74.005859375,-17.2667102814,7.79591369629,9.49387645721,-1.00857770443,-11.028927803,25.345085144,-1.77708756924,101.078903198]],"icov":[[0.0000748802631279,-0.000155016052304,0.000311722425977,-0.000102201542177,0.0000973332935246,-0.000104574632132,0.0000490137717861,0.0000458176618849,0.0000772577623138,-0.000203800213058,0.000347751076333,-0.000344369094819,0.000216405154788],[-0.000155016052304,0.00313613167964,-0.00296523235738,0.00224688346498,-0.00110484962352,0.00177923426963,-0.00152870186139,0.00163360522129,-0.00146800582297,0.00423254817724,-0.0055697155185,0.00392891280353,-0.00169403932523],[0.000311722425977,-0.00296523235738,0.00688625220209,-0.00382129778154,0.00303075904958,-0.00426722737029,0.00320893689059,-0.00171636824962,-0.000800162553787,-0.00138997181784,0.00407958868891,-0.000133414680022,-0.000780495814979],[-0.000102201542177,0.00224688346498,-0.00382129778154,0.0068991263397,-0.00326684629545,0.00302688940428,-0.00421461602673,0.00100016081706,0.00499444501474,-0.00464122788981,0.0014480111422,-0.00310047832318,0.00394318019971],[0.0000973332935246,-0.00110484962352,0.00303075904958,-0.00326684629545,0.00721204141155,-0.00411619152874,0.000795511470642,0.00320537062362,-0.00524931726977,0.00409255456179,-0.00473865121603,0.005637625698,-0.0051853787154],[-0.000104574632132,0.00177923426963,-0.00426722737029,0.00302688940428,-0.00411619152874,0.0100084869191,-0.000345811364241,-0.00405924860388,0.00354380323552,-0.00153064203914,0.00326047744602,-0.00577878300101,0.0029383325018],[0.0000490137717861,-0.00152870186139,0.00320893689059,-0.00421461602673,0.000795511470642,-0.000345811364241,0.00857634562999,-0.00110202387441,-0.00443315738812,0.0022889028769,0.00188221863937,0.00148999423254,-0.00214437954128],[0.0000458176618849,0.00163360522129,-0.00171636824962,0.00100016081706,0.00320537062362,-0.00405924860388,-0.00110202387441,0.0127024184912,-0.00387727469206,0.000838163832668,-0.00564898876473,0.00832736305892,-0.0048059085384],[0.0000772577623138,-0.00146800582297,-0.000800162553787,0.00499444501474,-0.00524931726977,0.00354380323552,-0.00443315738812,-0.00387727469206,0.0176445692778,-0.0129324290901,0.00897580850869,-0.0110069420189,0.00939499121159],[-0.000203800213058,0.00423254817724,-0.00138997181784,-0.00464122788981,0.00409255456179,-0.00153064203914,0.0022889028769,0.000838163832668,-0.0129324290901,0.0313413888216,-0.0227861255407,0.0131144393235,-0.00784604717046],[0.000347751076333,-0.0055697155185,0.00407958868891,0.0014480111422,-0.00473865121603,0.00326047744602,0.00188221863937,-0.00564898876473,0.00897580850869,-0.0227861255407,0.0388460457325,-0.0206746533513,0.00560264615342],[-0.000344369094819,0.00392891280353,-0.000133414680022,-0.00310047832318,0.005637625698,-0.00577878300101,0.00148999423254,0.00832736305892,-0.0110069420189,0.0131144393235,-0.0206746533513,0.0290753729641,-0.0107857808471],[0.000216405154788,-0.00169403932523,-0.000780495814979,0.00394318019971,-0.0051853787154,0.0029383325018,-0.00214437954128,-0.0048059085384,0.00939499121159,-0.00784604717046,0.00560264615342,-0.0107857808471,0.0201857462525]],"mean":[-37.5340652466,122.633171082,-88.7407913208,-8.44780254364,-2.07596969604,-20.0299167633,12.5398111343,-19.2876110077,9.83596801758,-12.3918123245,-2.98292541504,-3.78078174591,-6.03877735138]},"hfc":{"dmean":56.7539024353,"dmean2":84.091217041,"dvar":4656.91308594,"dvar2":9761.96191406,"max":1719.72351074,"mean":255.032531738,"median":233.473602295,"min":1.39914781582e-16,"var":33118.859375},"melbands":{"dmean":[0.00464607495815,0.00306726898998,0.00089517084416,0.000396352406824,0.000349595502485,0.00024805450812,0.000184017713764,0.000165174613358,0.000125626509544,0.000140256379382,0.000141952245031,0.0000771611303207,0.0000672786190989,0.0000447175880254,0.0000355170195689,0.0000273674704658,0.0000213282946788,0.0000164667035278,0.0000134334632094,0.0000111952176667,0.00000723002312952,0.00000604088654654,0.00000505056641487,0.00000382479720429,0.00000323599238072,0.00000263179708782,0.0000019357646579,0.00000139669077726,0.00000143621434745,0.0000012288551261,8.59907061113e-7,5.98138512942e-7,4.73219415653e-7,3.47799755218e-7,2.95890060897e-7,1.8938590074e-7,8.04695048373e-8,4.64908289644e-8,3.23306501571e-8,2.51589984401e-8],"dmean2":[0.00808915961534,0.00527397170663,0.00149318843614,0.000640003068838,0.000553444144316,0.000393663736759,0.000286844937364,0.000263393303612,0.00019814229745,0.000213300765608,0.00022542734223,0.000122474768432,0.00010703085718,0.0000728638551664,0.0000581955282541,0.00004535777407,0.0000355733936885,0.0000274115136563,0.0000222619510168,0.0000185989338206,0.0000119308515423,0.00000997026745608,0.00000826540053822,0.000006135950116,0.00000516273712492,0.000004122291557,0.0000030273520224,0.00000213913244806,0.0000022042411274,0.00000188074557173,0.00000131798663006,9.13939686598e-7,7.04189289991e-7,4.99957081956e-7,4.16140892412e-7,2.69765763505e-7,1.24073906704e-7,7.81305402597e-8,5.82202588362e-8,4.8074198844e-8],"dvar":[0.0000655737967463,0.000022659489332,0.00000253221833191,7.37438085707e-7,5.65949619613e-7,3.76755053821e-7,1.18404280158e-7,1.76060922286e-7,6.31413499264e-8,8.44024157232e-8,2.10264744283e-7,3.05016207847e-8,2.12238226993e-8,1.6069968467e-8,3.69420893875e-9,2.24594187692e-9,1.54241075467e-9,8.4459811367e-10,4.44888598183e-10,3.17243092907e-10,1.55147381053e-10,1.40846723173e-10,8.38108540901e-11,6.23635171282e-11,5.40697937812e-11,3.74128991676e-11,2.93910971949e-11,1.65473676428e-11,2.19429925619e-11,1.18553699843e-11,7.15744173999e-12,3.59739668609e-12,2.15036972603e-12,6.78974888466e-13,3.74453723237e-13,1.5153733845e-13,2.30017895464e-14,7.03471662365e-15,3.79575538346e-15,2.73356484441e-15],"dvar2":[0.000170978659298,0.0000595794117544,0.00000627092686045,0.00000178398897788,0.00000130889088723,8.16763929379e-7,2.75690013041e-7,4.39100432459e-7,1.5161035094e-7,1.79165425607e-7,5.56970235266e-7,7.30568743279e-8,5.30386579101e-8,4.50195223323e-8,9.15913478394e-9,5.9342624148e-9,4.30644764293e-9,2.32251218257e-9,1.17792575693e-9,8.65491955881e-10,4.21522455829e-10,3.70165398333e-10,2.23350754558e-10,1.58799348671e-10,1.34611211067e-10,8.80769623901e-11,7.16779691157e-11,3.61090914114e-11,5.64546499826e-11,2.73656496769e-11,1.71634095825e-11,8.65167486264e-12,5.3256088775e-12,1.57629551772e-12,7.3411345362e-13,2.98135756534e-13,4.99343947268e-14,1.7153936759e-14,1.02454775959e-14,7.65776822514e-15],"max":[0.110225230455,0.059688962996,0.0259466618299,0.034868452698,0.017315659672,0.0246132723987,0.0113591365516,0.0101100848988,0.00636529130861,0.00840779487044,0.0192365944386,0.00461827078834,0.00622145272791,0.00508911022916,0.00153464230243,0.000921431288589,0.000939169549383,0.000857288541738,0.000380686542485,0.00037373721716,0.000294526224025,0.000433829351095,0.0002091692877,0.000220956047997,0.000167136313394,0.000193804909941,0.000225427022087,0.000233550672419,0.000288586539682,0.0000929863308556,0.0000760589464335,0.0000530784454895,0.0000465254488518,0.0000274755311693,0.0000144497435031,0.0000119075202747,0.00000360358603757,0.00000145243939187,9.71647295955e-7,7.40769678487e-7],"mean":[0.00543158873916,0.00381898344494,0.00133631716017,0.000615624245256,0.00057983136503,0.000400122691644,0.000356127449777,0.000302357773762,0.000231597878155,0.00027949330979,0.000253437552601,0.000143131052027,0.000122927172924,0.0000795018859208,0.0000655460316921,0.0000524944189237,0.0000400678363803,0.0000321424486174,0.0000271230874205,0.000022723002985,0.0000149325369421,0.000012469738067,0.0000100351544461,0.00000735117873774,0.00000606947605775,0.00000515083820574,0.0000038110326841,0.00000270251234724,0.0000026135353437,0.0000021339428713,0.00000137160770919,9.47658122641e-7,7.46540990804e-7,5.75712306272e-7,4.92392530305e-7,2.99510389823e-7,1.12542636543e-7,5.59305668446e-8,3.15849177923e-8,1.84364807865e-8],"median":[0.00292952195741,0.00231272540987,0.000659341400024,0.000257533334661,0.000219075998757,0.000165474484675,0.000159894407261,0.000109188316856,0.000100161356386,0.000115119852126,0.0000843935849844,0.0000589468181715,0.0000511387333972,0.0000410958891734,0.000039504324377,0.0000315724391839,0.0000233491336985,0.0000175004861376,0.0000160210365721,0.0000143190582094,0.00000814325539977,0.00000599068425799,0.00000452604854217,0.00000292543427349,0.00000200908107217,0.00000164262337421,0.00000121051459701,8.85707549969e-7,7.08068910171e-7,5.01553472532e-7,2.93495190817e-7,2.06143994319e-7,1.45010091046e-7,9.58021288966e-8,5.61001947119e-8,2.87653811881e-8,1.26266650469e-8,5.64060087527e-9,2.69303179756e-9,1.10096254335e-9],"min":[8.35077977961e-24,9.80829969848e-24,6.75627653113e-24,6.69631363601e-24,3.61862330138e-24,6.65783615649e-24,7.22265188716e-24,7.00323259296e-24,5.84434543609e-24,8.22036608362e-24,1.00212408669e-23,2.06376741314e-23,6.02787550341e-24,2.27260788539e-24,4.95256303186e-24,1.03473543874e-23,1.27857021462e-23,1.25759179991e-23,9.16126099566e-24,1.25199546288e-23,1.3153186688e-23,1.06006899674e-23,1.71775156309e-23,6.90209983605e-24,9.52270838497e-24,1.06490345191e-23,7.80710315462e-24,6.21114406334e-24,6.43187720538e-24,1.62714347284e-23,1.03756192737e-23,6.54092815363e-24,1.13759138341e-23,1.42958382986e-23,1.17372066067e-23,1.3673128855e-23,7.33017205082e-24,7.26997328628e-24,1.59450908605e-23,1.38875617594e-23],"var":[0.0000708437510184,0.0000256178718701,0.00000418254194301,0.00000132563093302,0.00000142567262174,8.43843452003e-7,3.29378252673e-7,4.13434520397e-7,1.52867272618e-7,2.85000567146e-7,4.47261555792e-7,7.77629765025e-8,5.76957006615e-8,2.72554085967e-8,8.02115884824e-9,4.88822582412e-9,3.37798033989e-9,1.97977123584e-9,1.10182152291e-9,7.33652250062e-10,3.84489773353e-10,4.02813032929e-10,2.01840363867e-10,1.38858188836e-10,1.18401399796e-10,9.36414210062e-11,6.32191937688e-11,3.38196588789e-11,3.10878545129e-11,2.2926924248e-11,1.01165248054e-11,4.73890458125e-12,2.76293441251e-12,1.2495371491e-12,9.24039599177e-13,3.63685345945e-13,4.66360619827e-14,1.0941440523e-14,3.70373753571e-15,1.7793813823e-15]},"melbands_crest":{"dmean":4.80681037903,"dmean2":8.24024200439,"dvar":15.989356041,"dvar2":45.327796936,"max":38.8092498779,"mean":17.4779338837,"median":16.6004657745,"min":2.12409639359,"var":40.1356658936},"melbands_flatness_db":{"dmean":0.049077462405,"dmean2":0.082351192832,"dvar":0.00200793729164,"dvar2":0.00509280245751,"max":0.593773782253,"mean":0.295565873384,"median":0.285746097565,"min":0.00618939148262,"var":0.00759900035337},"melbands_kurtosis":{"dmean":10.6579942703,"dmean2":17.8407859802,"dvar":514.003112793,"dvar2":1331.03198242,"max":500.679260254,"mean":15.0907850266,"median":8.08635139465,"min":-1.82660913467,"var":678.036193848},"melbands_skewness":{"dmean":1.0332518816,"dmean2":1.69651925564,"dvar":1.31916797161,"dvar2":3.3388569355,"max":18.659116745,"mean":2.88417649269,"median":2.55532169342,"min":-1.92483091354,"var":3.46799826622},"melbands_spread":{"dmean":5.31527090073,"dmean2":8.76674556732,"dvar":54.0379714966,"dvar2":121.386703491,"max":163.361206055,"mean":14.9741230011,"median":12.2084703445,"min":0.516010224819,"var":206.961883545},"mfcc":{"cov":[[13198.2675781,770.683959961,-1647.86657715,698.897277832,-618.288818359,524.595092773,-312.650085449,136.969039917,-406.762084961,61.4975280762,-137.219146729,88.0582504272,97.7819137573],[770.683959961,2781.18505859,-619.739318848,-316.313018799,193.521194458,-183.79196167,40.8669281006,-84.4007797241,164.936294556,-118.776130676,38.2984428406,19.4838142395,29.5266647339],[-1647.86657715,-619.739318848,1020.64221191,-150.598968506,43.0776672363,-65.4842376709,11.9351177216,58.128692627,16.3962879181,47.8045539856,-22.3620014191,-17.9245281219,-43.1912727356],[698.897277832,-316.313018799,-150.598968506,561.775390625,-130.40045166,135.514801025,54.7001190186,-14.5102510452,-33.9362754822,47.3857765198,5.91311740875,-14.5492429733,3.76415085793],[-618.288818359,193.521194458,43.0776672363,-130.40045166,279.954071045,10.4337453842,34.5042800903,-13.2305898666,35.4535751343,-33.8039474487,15.271613121,17.7927436829,2.73941016197],[524.595092773,-183.79196167,-65.4842376709,135.514801025,10.4337453842,200.062347412,8.27725791931,36.7272796631,-22.647485733,2.23618292809,-10.7706451416,10.7080230713,4.13888502121],[-312.650085449,40.8669281006,11.9351177216,54.7001190186,34.5042800903,8.27725791931,139.884796143,3.05005049706,42.1509246826,-2.38413381577,-8.72734832764,-15.642001152,-3.47527003288],[136.969039917,-84.4007797241,58.128692627,-14.5102510452,-13.2305898666,36.7272796631,3.05005049706,103.931144714,15.4174699783,23.2730712891,-5.61860704422,-7.15870475769,-4.19297409058],[-406.762084961,164.936294556,16.3962879181,-33.9362754822,35.4535751343,-22.647485733,42.1509246826,15.4174699783,126.289245605,28.3057289124,19.0469322205,8.47115516663,-12.3298187256],[61.4975280762,-118.776130676,47.8045539856,47.3857765198,-33.8039474487,2.23618292809,-2.38413381577,23.2730712891,28.3057289124,89.3288345337,29.3745727539,14.8187074661,2.22367429733],[-137.219146729,38.2984428406,-22.3620014191,5.91311740875,15.271613121,-10.7706451416,-8.72734832764,-5.61860704422,19.0469322205,29.3745727539,70.0358963013,24.409860611,14.4377803802],[88.0582504272,19.4838142395,-17.9245281219,-14.5492429733,17.7927436829,10.7080230713,-15.642001152,-7.15870475769,8.47115516663,14.8187074661,24.409860611,65.0774917603,26.1575889587],[97.7819137573,29.5266647339,-43.1912727356,3.76415085793,2.73941016197,4.13888502121,-3.47527003288,-4.19297409058,-12.3298187256,2.22367429733,14.4377803802,26.1575889587,58.6151580811]],"icov":[[0.000165857505635,-0.000113108806545,0.000195749598788,-0.0000665817278787,0.000226093878155,-0.000288561015623,0.000203945484827,-0.000277758314041,0.000545339251403,-0.000447553553386,0.000504301919136,-0.000342227169313,0.0000910384696908],[-0.000113108806545,0.000670691253617,0.000258464657236,0.000231786470977,-0.000362457038136,0.000641487305984,-0.000152252920088,0.000250788842095,-0.00116734846961,0.000972625333816,-0.000477258261526,0.000283653207589,-0.000284519657725],[0.000195749598788,0.000258464657236,0.0016750334762,0.000307881738991,-0.000171895313542,0.00038113098708,-0.0000256299372268,-0.000857178936712,0.000595845165662,-0.00120167643763,0.00111854774877,-0.000464771612315,0.000778852030635],[-0.0000665817278787,0.000231786470977,0.000307881738991,0.00334206526168,0.00133815431036,-0.00218391465023,-0.00184621009976,0.0018939828733,0.000367552944226,-0.00155903759878,-0.00104394252412,0.0013420667965,-0.0000810614947113],[0.000226093878155,-0.000362457038136,-0.000171895313542,0.00133815431036,0.00557384127751,-0.00230595306493,-0.00133984081913,0.000815302541014,-0.0000225962739933,0.00132062775083,-0.00138223869726,-0.00122487125918,0.000306252157316],[-0.000288561015623,0.000641487305984,0.00038113098708,-0.00218391465023,-0.00230595306493,0.00885813590139,-0.0000317626072501,-0.00356140243821,-0.0000774106301833,0.00195688381791,0.000887659261934,-0.00240932637826,0.000570986885577],[0.000203945484827,-0.000152252920088,-0.0000256299372268,-0.00184621009976,-0.00133984081913,-0.0000317626072501,0.010107209906,-0.000481933180708,-0.00339506822638,0.000477082678117,0.00246065715328,0.00226505519822,-0.00188337138388],[-0.000277758314041,0.000250788842095,-0.000857178936712,0.0018939828733,0.000815302541014,-0.00356140243821,-0.000481933180708,0.0135873733088,-0.00272237043828,-0.00295405532233,0.000148579900269,0.00378185161389,-0.00144434347749],[0.000545339251403,-0.00116734846961,0.000595845165662,0.000367552944226,-0.0000225962739933,-0.0000774106301833,-0.00339506822638,-0.00272237043828,0.0147199286148,-0.00601961882785,0.000061457954871,-0.00367833650671,0.00465532997623],[-0.000447553553386,0.000972625333816,-0.00120167643763,-0.00155903759878,0.00132062775083,0.00195688381791,0.000477082678117,-0.00295405532233,-0.00601961882785,0.0203859228641,-0.00799776148051,-0.00209920248017,-0.0000444769684691],[0.000504301919136,-0.000477258261526,0.00111854774877,-0.00104394252412,-0.00138223869726,0.000887659261934,0.00246065715328,0.000148579900269,0.000061457954871,-0.00799776148051,0.0223907418549,-0.00524145318195,-0.00241095176898],[-0.000342227169313,0.000283653207589,-0.000464771612315,0.0013420667965,-0.00122487125918,-0.00240932637826,0.00226505519822,0.00378185161389,-0.00367833650671,-0.00209920248017,-0.00524145318195,0.0244170203805,-0.00966783985496],[0.0000910384696908,-0.000284519657725,0.000778852030635,-0.0000810614947113,0.000306252157316,0.000570986885577,-0.00188337138388,-0.00144434347749,0.00465532997623,-0.0000444769684691,-0.00241095176898,-0.00966783985496,0.0232505500317]],"mean":[-694.38848877,181.720397949,-19.0007171631,29.4841041565,0.934670627117,17.5440425873,1.21068024635,11.8625564575,5.8226108551,7.042927742,2.09696626663,4.0821146965,1.12504279613]},"pitch_salience":{"dmean":0.0972625091672,"dmean2":0.166245788336,"dvar":0.00663766311482,"dvar2":0.018324052915,"max":0.823017299175,"mean":0.497317671776,"median":0.508335649967,"min":0.0556980147958,"var":0.0162921883166},"silence_rate_20dB":{"dmean":0,"dmean2":0,"dvar":0,"dvar2":0,"max":1,"mean":1,"median":1,"min":1,"var":0},"silence_rate_30dB":{"dmean":0.0876330137253,"dmean2":0.175281703472,"dvar":0.0799595192075,"dvar2":0.172290712595,"max":1,"mean":0.893866240978,"median":1,"min":0,"var":0.0948778316379},"silence_rate_60dB":{"dmean":0.0101940445602,"dmean2":0.02038991265,"dvar":0.0100918132812,"dvar2":0.0219386201352,"max":1,"mean":0.0811874121428,"median":0,"min":0,"var":0.0745968669653},"spectral_centroid":{"dmean":178.09602356,"dmean2":272.045654297,"dvar":55278.6523438,"dvar2":107375.8125,"max":11358.6650391,"mean":961.255554199,"median":803.380554199,"min":171.738586426,"var":369603.375},"spectral_complexity":{"dmean":2.98828577995,"dmean2":4.56895017624,"dvar":9.37655639648,"dvar2":18.0931529999,"max":58,"mean":19.2441883087,"median":19,"min":0,"var":103.265556335},"spectral_contrast_coeffs":{"dmean":[0.0547222457826,0.0502349287271,0.0392981804907,0.027508854866,0.0266442876309,0.0493523292243],"dmean2":[0.0924124345183,0.084678940475,0.0656623840332,0.046636339277,0.0459422841668,0.0885727927089],"dvar":[0.00191565498244,0.00170474511106,0.00106444954872,0.000523559050635,0.000899780949112,0.00285791256465],"dvar2":[0.0053474935703,0.0046009416692,0.00285146804526,0.00144344207365,0.00237294984981,0.00724728731439],"max":[-0.354024082422,-0.278557002544,-0.418986529112,-0.57780110836,-0.605806708336,-0.511881947517],"mean":[-0.693259477615,-0.756252229214,-0.783121049404,-0.818342685699,-0.8079854846,-0.720425903797],"median":[-0.697115600109,-0.762590527534,-0.78970927,-0.820734858513,-0.811098337173,-0.711351513863],"min":[-0.963571608067,-0.972781598568,-0.966158926487,-0.981284081936,-0.971842169762,-0.961994886398],"var":[0.00633803289384,0.00584440864623,0.00424924632534,0.00180383061524,0.0024600783363,0.00714557943866]},"spectral_contrast_valleys":{"dmean":[0.440707117319,0.398909837008,0.33946838975,0.288091808558,0.382741123438,0.956760168076],"dmean2":[0.742492318153,0.669848978519,0.568416595459,0.476723670959,0.629271805286,1.74411022663],"dvar":[0.14208137989,0.131766662002,0.113356471062,0.114925101399,0.278168082237,1.17905688286],"dvar2":[0.366989910603,0.328458100557,0.274228721857,0.271964788437,0.651767551899,2.7960627079],"max":[-4.79657363892,-4.63481712341,-5.10507106781,-5.3615398407,-5.66536712646,-8.95610237122],"mean":[-6.87651586533,-6.70780611038,-7.10315179825,-7.5641708374,-8.17665576935,-12.0157699585],"median":[-6.54951095581,-6.34502363205,-6.69324111938,-7.1163225174,-7.76029491425,-12.0009422302],"min":[-27.0668792725,-27.3488941193,-27.5303344727,-27.2869358063,-27.3391609192,-27.1321182251],"var":[2.11108756065,2.27457427979,2.55873703957,2.66984724998,2.74957847595,2.24586653709]},"spectral_decrease":{"dmean":5.79702419401e-9,"dmean2":9.71170788233e-9,"dvar":6.78154893128e-17,"dvar2":1.73024359813e-16,"max":1.3938560528e-8,"mean":-8.4208311435e-9,"median":-5.79685099922e-9,"min":-9.73924088044e-8,"var":9.85830015923e-17},"spectral_energy":{"dmean":0.0222454965115,"dmean2":0.0369810424745,"dvar":0.000977963325568,"dvar2":0.00249284785241,"max":0.394273608923,"mean":0.0549143590033,"median":0.0472089350224,"min":1.18440688036e-20,"var":0.00179220829159},"spectral_energyband_high":{"dmean":0.000223683789955,"dmean2":0.000312827905873,"dvar":1.62523804192e-7,"dvar2":3.41458701314e-7,"max":0.0126181943342,"mean":0.000720114156138,"median":0.000373422575649,"min":8.62403885584e-21,"var":8.1621311665e-7},"spectral_energyband_low":{"dmean":0.0194379761815,"dmean2":0.0332263745368,"dvar":0.000866958347615,"dvar2":0.00224620639347,"max":0.370054841042,"mean":0.0266170091927,"median":0.0176090747118,"min":5.53309310841e-23,"var":0.00105288764462},"spectral_energyband_middle_high":{"dmean":0.00147752591874,"dmean2":0.0022661446128,"dvar":0.00000706607670509,"dvar2":0.0000170762996277,"max":0.0699107125401,"mean":0.00493318913504,"median":0.00318530248478,"min":1.55339561204e-21,"var":0.0000331517949235},"spectral_energyband_middle_low":{"dmean":0.00481649581343,"dmean2":0.00744672585279,"dvar":0.00005633442197,"dvar2":0.000133132038172,"max":0.175179302692,"mean":0.0129829812795,"median":0.00919324718416,"min":2.05163511107e-22,"var":0.000171303923707},"spectral_entropy":{"dmean":0.219935953617,"dmean2":0.363515853882,"dvar":0.0691860765219,"dvar2":0.166074112058,"max":9.80208301544,"mean":7.30953025818,"median":7.39155340195,"min":4.92077207565,"var":0.31149533391},"spectral_flux":{"dmean":0.035447511822,"dmean2":0.0572705790401,"dvar":0.00160321476869,"dvar2":0.00381130655296,"max":0.471198260784,"mean":0.125064909458,"median":0.121085897088,"min":1.08830458534e-10,"var":0.00422261329368},"spectral_kurtosis":{"dmean":10.9788274765,"dmean2":18.9560813904,"dvar":337.048675537,"dvar2":862.792236328,"max":229.810592651,"mean":31.7489185333,"median":23.4414615631,"min":-1.17271113396,"var":689.675720215},"spectral_rms":{"dmean":0.00134344364051,"dmean2":0.00219122273847,"dvar":0.00000226325710173,"dvar2":0.00000563055345992,"max":0.019612679258,"mean":0.00670534744859,"median":0.006786567159,"min":3.39929234934e-12,"var":0.00000861326770973},"spectral_rolloff":{"dmean":4586.27685547,"dmean2":8877.984375,"dvar":63742300,"dvar2":158886768,"max":22050,"mean":15039.7480469,"median":21274.8046875,"min":21.533203125,"var":88309208},"spectral_skewness":{"dmean":0.672212421894,"dmean2":1.11392223835,"dvar":1.02111101151,"dvar2":2.47258543968,"max":12.6015977859,"mean":3.76303482056,"median":3.34367609024,"min":-0.016026198864,"var":2.98541331291},"spectral_spread":{"dmean":638631.75,"dmean2":1088212,"dvar":612568334336,"dvar2":1293793361920,"max":39901856,"mean":3699598.75,"median":3506332.5,"min":991595.8125,"var":1932041519100},"spectral_strongpeak":{"dmean":7.82765293121,"dmean2":14.5926017761,"dvar":514.651489258,"dvar2":1351.06640625,"max":218.740646362,"mean":7.35078716278,"median":0.330616176128,"min":0,"var":569.113891602},"zerocrossingrate":{"dmean":0.0470047667623,"dmean2":0.0598824843764,"dvar":0.0017025739653,"dvar2":0.00272022956051,"max":0.76416015625,"mean":0.305435478687,"median":0.29931640625,"min":0,"var":0.0130734099075}},"metadata":{"audio_properties":{"analysis_sample_rate":44100,"bit_rate":925683,"codec":"alac","downmix":"mix","equal_loudness":0,"length":259.666656494,"lossless":true,"md5_encoded":"5705eb42a76365f34251eec2d8276c0d","replay_gain":-7.00705909729,"sample_rate":44100},"tags":{"album":["Abandon"],"albumartistsort":["Deep Purple"],"artist":["Deep Purple"],"artistsort":["Deep Purple"],"asin":["B000007N8O"],"catalognumber":["0607686250-2"],"composer":["Ian Paice","Roger Glover","Jon Lord","Steve Morse","Ian Gillan"],"composersort":["Paice, Ian","Glover, Roger","Lord, Jon","Morse, Steve","Gillan, Ian"],"date":["1998"],"file_name":"08 - She Was.m4a","label":["CMC International Records"],"media":["CD"],"musicbrainz_albumartistid":["79491354-3d83-40e3-9d8e-7592d58d790a"],"musicbrainz_albumid":["42ef7085-28d8-4de1-9f06-00c8e1dc1680"],"musicbrainz_artistid":["79491354-3d83-40e3-9d8e-7592d58d790a"],"musicbrainz_recordingid":["4b49a67a-49d5-4dce-aad6-aae8d4e1828e"],"musicbrainz_releasegroupid":["ca8b119f-376c-3e8c-840a-4a9e572dfa25"],"musicbrainz_workid":["e7d059b6-2760-3da6-a15a-d9d223e80877"],"script":["Latn"],"title":["She Was"],"tracknumber":["8/12"]},"version":{"essentia":"2.1-beta1","essentia_build_sha":"ca57ba49d9b1854bd80e60cf9ccf267278fb7d6b","essentia_git_sha":"v2.1_beta1-28-g21ef5f4-dirty","extractor":"music 1.0"}},"rhythm":{"beats_count":596,"beats_loudness":{"dmean":0.039366800338,"dmean2":0.0725987777114,"dvar":0.0011326703243,"dvar2":0.0034723081626,"max":0.230754286051,"mean":0.0625705569983,"median":0.0551330149174,"min":1.26578214577e-9,"var":0.00168316916097},"beats_loudness_band_ratio":{"dmean":[0.248773917556,0.085838444531,0.0885974988341,0.0454396754503,0.0214641466737,0.133288234472],"dmean2":[0.448114663363,0.152972847223,0.156195536256,0.0792713537812,0.0371717177331,0.236975878477],"dvar":[0.0338251069188,0.0179993603379,0.00919466838241,0.00329960463569,0.00109912117478,0.012493361719],"dvar2":[0.104061126709,0.0487152077258,0.0257001463324,0.00866874866188,0.00321526150219,0.0390682592988],"max":[0.975994706