{"lowlevel":{"average_loudness":0.635475993156,"barkbands":{"dmean":[0.0000153526252689,0.000916620891076,0.00197370443493,0.00262267841026,0.00189172278624,0.000893057789654,0.000940023455769,0.00040434487164,0.000755847955588,0.000696702802088,0.000277416082099,0.000200139082153,0.000126612008899,0.0000792245627963,0.0000841027431306,0.0000539557731827,0.0000385295752494,0.0000160910221894,0.0000135080808832,0.00000596548807152,0.00000206779986911,8.70297469646e-7,2.82445796529e-7,4.32971667408e-8,1.28892638784e-8,1.20434791029e-8,2.24671907745e-8],"dmean2":[0.0000232531929214,0.00147346570157,0.00310273165815,0.00420430162922,0.00289319339208,0.00124191818759,0.00139502040111,0.000585705565754,0.0010808899533,0.000966368766967,0.00042108312482,0.000315999379382,0.000196151115233,0.000126150349388,0.00013236378436,0.0000861671505845,0.0000630060167168,0.0000262405410467,0.0000214763349504,0.00000987158819044,0.00000331012711285,0.00000131806496029,4.40571568561e-7,6.79066687326e-8,2.13394848458e-8,2.08129886659e-8,3.85911320677e-8],"dvar":[1.61294255729e-9,0.00000437471226178,0.0000200065805984,0.000029347718737,0.0000236149717239,0.00000804066894489,0.00000776113847678,0.00000136116830163,0.00000352223810296,0.00000632972796666,6.30947226909e-7,2.02669937721e-7,1.11851868212e-7,4.28855528867e-8,4.69340690756e-8,2.25937366594e-8,6.87831303026e-9,2.2509332176e-9,1.62635471757e-9,1.57784091348e-10,5.23277428333e-11,5.70492741589e-12,6.80870778594e-13,3.05315939631e-14,1.76695180907e-15,4.17475731109e-15,4.1789551005e-16],"dvar2":[3.58160345826e-9,0.000011955537957,0.0000514085477334,0.0000789768164395,0.0000598187325522,0.0000171228675754,0.0000200743925234,0.00000241132124756,0.00000671003272146,0.0000118371990538,0.00000143036822919,4.63837494635e-7,2.51839026078e-7,1.03843895261e-7,1.02098923094e-7,4.8227104088e-8,1.63003139875e-8,5.54195800362e-9,3.79261200223e-9,3.71191466453e-10,1.38600853017e-10,1.34621324505e-11,1.6744789149e-12,7.83149180271e-14,5.14255005157e-15,1.24477454711e-14,1.23517054874e-15],"max":[0.000681011588313,0.0442111194134,0.0676808804274,0.0840365514159,0.15263915062,0.0675391331315,0.079345010221,0.0492371097207,0.0683939531446,0.109504498541,0.0242238957435,0.0107314120978,0.00868919305503,0.00769780017436,0.0065158335492,0.00772660132498,0.00199272832833,0.00141766981687,0.00195134652313,0.000408102525398,0.000342823623214,0.0000880187144503,0.0000291758606181,0.00000814942359284,0.00000267870950665,0.00000430202499047,4.27886618581e-7],"mean":[0.0000308182279696,0.00178735796362,0.00340990326367,0.00401729997247,0.00491599785164,0.0020731780678,0.0021140652243,0.000842699315399,0.00125558278523,0.00128472805955,0.000448216655059,0.000307069771225,0.000240178676904,0.000134421512485,0.000144339952385,0.000102868718386,0.0000670037625241,0.000029166261811,0.0000267402756435,0.0000144953091876,0.00000422629318564,0.00000152468487613,4.52114903737e-7,1.02602108143e-7,6.43274518097e-8,8.02903485919e-8,1.84098112754e-7],"median":[0.00000489563353767,0.000569477444515,0.00115316815209,0.00117375340778,0.00181070179678,0.000601861916948,0.000456093432149,0.00029576086672,0.000331231451128,0.000247995718382,0.00013223636779,0.0000945142746787,0.0000960529505392,0.0000643365638098,0.0000779613837949,0.0000638663041173,0.0000385786297556,0.0000181020113814,0.0000185747358046,0.0000117948984553,0.00000274139483736,7.53487029215e-7,1.77543171276e-7,6.94105395382e-8,6.6626242301e-8,8.74335199796e-8,2.0310719151e-7],"min":[1.25164684552e-24,3.9871246849e-24,1.88190775879e-24,1.48223769204e-24,7.97202951522e-24,8.49368193259e-24,7.90217351548e-24,6.08039707362e-24,1.03534325607e-23,9.85136124872e-24,1.85327755107e-23,2.74236544311e-23,2.20474979422e-23,2.70212911932e-23,5.49500248629e-23,6.02265387531e-23,6.67552210244e-23,1.12255929177e-22,1.00809305006e-22,1.88771599964e-22,2.48736804876e-22,3.55001215571e-22,3.83072900303e-22,5.00365056338e-22,8.27118109526e-22,1.21016594298e-21,1.99329363434e-21],"var":[4.45453496312e-9,0.0000104776536318,0.0000338618774549,0.0000462810348836,0.000122094221297,0.0000239130768023,0.0000235108473134,0.00000577454966333,0.00000944268322201,0.0000203169547603,0.00000136526603001,4.27734704544e-7,2.91230833227e-7,7.97445736112e-8,9.11276742954e-8,4.66407747979e-8,1.2060808352e-8,3.38039152226e-9,2.29532015616e-9,3.06595832056e-10,7.26196811018e-11,8.6729278273e-12,8.82114422739e-13,3.48896936732e-14,1.65889263962e-15,3.00269262274e-15,4.52338209613e-15]},"barkbands_crest":{"dmean":2.14287114143,"dmean2":3.41673517227,"dvar":3.8506731987,"dvar2":10.1179113388,"max":24.9501895905,"mean":10.9548120499,"median":10.1322650909,"min":3.80514502525,"var":15.1864147186},"barkbands_flatness_db":{"dmean":0.0171885136515,"dmean2":0.0261176340282,"dvar":0.000269322801614,"dvar2":0.000620211707428,"max":0.490057080984,"mean":0.22355286777,"median":0.221075192094,"min":0.0554045811296,"var":0.00213895691559},"barkbands_kurtosis":{"dmean":2.49773383141,"dmean2":3.89961123466,"dvar":13.1486682892,"dvar2":28.9941329956,"max":135.280822754,"mean":5.5517539978,"median":3.48669409752,"min":-1.75576758385,"var":57.053237915},"barkbands_skewness":{"dmean":0.436972647905,"dmean2":0.675128042698,"dvar":0.186777174473,"dvar2":0.450817793608,"max":8.80720996857,"mean":1.68184709549,"median":1.61281275749,"min":-2.13756728172,"var":1.03353691101},"barkbands_spread":{"dmean":1.71331965923,"dmean2":2.72143721581,"dvar":5.25934743881,"dvar2":13.4305124283,"max":132.423675537,"mean":8.54704284668,"median":8.01764774323,"min":0.589804410934,"var":29.6400527954},"dissonance":{"dmean":0.0269643012434,"dmean2":0.0452465824783,"dvar":0.000638077093754,"dvar2":0.00171581341419,"max":0.499985426664,"mean":0.434154242277,"median":0.441151112318,"min":0.177885681391,"var":0.00156990601681},"dynamic_complexity":5.12028074265,"erbbands":{"dmean":[0.0172599572688,0.24993211031,1.59254670143,6.57370567322,7.1459479332,6.17919111252,5.22758245468,8.09505558014,12.6030960083,10.9891052246,10.1615810394,17.4017219543,20.9560031891,16.3901901245,8.66027736664,7.94338512421,5.17655801773,4.93742847443,4.72508335114,3.20054292679,2.82530283928,1.8728120327,0.952196836472,0.756083607674,0.557695567608,0.27075022459,0.124007917941,0.0605632849038,0.0342218317091,0.0195028055459,0.00455427961424,0.00153585220687,0.00039152437239,0.000175060224137,0.000102060752397,0.00005502910426,0.0000276563205261,0.0000126833265313,0.00000576592174184,0.00000886994257598],"dmean2":[0.0270107276738,0.40469533205,2.50831913948,10.3068771362,11.4240970612,9.42825889587,6.98840284348,11.5801086426,18.6606464386,16.2219333649,14.1767711639,24.4264717102,29.0857162476,23.0075206757,12.9668455124,12.5844593048,7.99032258987,7.68244600296,7.51321983337,5.03908443451,4.49167633057,3.0509428978,1.55977880955,1.18605077267,0.898165643215,0.443196684122,0.197062924504,0.0982407703996,0.0527790039778,0.0298646315932,0.00690083950758,0.00238025654107,0.000628042209428,0.000288086914225,0.000171952327946,0.0000943584309425,0.0000475104679936,0.0000217573942791,0.00000908723723114,0.000012814440197],"dvar":[0.00198443979025,0.303637415171,11.8674192429,186.592056274,211.274597168,422.954345703,278.295288086,776.918640137,1526.09423828,1168.47033691,797.831298828,2109.54760742,5880.97509766,3350.51098633,484.408660889,301.922119141,198.348449707,144.519546509,153.477355957,67.0946655273,42.3658828735,15.6476621628,7.85671806335,3.90522646904,3.98101210594,0.300562262535,0.0945528894663,0.0978901833296,0.00988937728107,0.00263954745606,0.000195113214431,0.0000343223036907,0.00000471509383715,1.91237873537e-7,1.50997408355e-7,9.84540591276e-8,1.37265319111e-8,3.08636616264e-10,4.29421879999e-11,1.96444402412e-10],"dvar2":[0.00582036888227,0.806614398956,29.7028160095,488.627624512,537.643432617,1063.74108887,608.485229492,1526.30432129,3937.22851563,2802.36450195,1313.61547852,3782.2487793,10154.3378906,6130.39013672,1106.53112793,712.24822998,435.16104126,346.514312744,344.02053833,147.479721069,90.0696868896,38.0506286621,19.8700065613,8.61933040619,9.31083774567,0.702066779137,0.213097408414,0.289606273174,0.0237622745335,0.00632395269349,0.000474663567729,0.0000857389168232,0.000012683793102,4.92854894674e-7,4.4543861577e-7,2.92795675705e-7,4.08720772782e-8,9.17232290121e-10,9.8748280386e-11,4.30356111858e-10],"max":[0.915538430214,10.9849300385,54.2767601013,238.251739502,354.814971924,799.534545898,604.390808105,861.025085449,992.542358398,1060.3626709,1318.32983398,2087.16772461,2411.63427734,3245.60180664,632.214416504,427.472320557,390.503875732,434.90133667,431.747772217,311.297973633,201.708312988,85.0283889771,75.520942688,50.8118896484,117.652526855,13.7070436478,12.8402776718,18.6659564972,4.4617190361,1.17955350876,0.631422102451,0.29665312171,0.159412443638,0.0233687814325,0.0255675800145,0.0208760071546,0.00780194997787,0.0010002158815,0.000122560668387,0.000190276579815],"mean":[0.0353689417243,0.489094734192,3.03067469597,11.0874080658,13.342294693,17.6403083801,14.8853235245,17.6060752869,28.4292945862,25.3026008606,22.0550518036,30.3837852478,38.3562889099,30.9882659912,14.9628171921,12.9329614639,10.4595823288,9.29891395569,8.0441236496,6.18057346344,5.65266180038,3.43538689613,1.86262667179,1.49770903587,1.16215026379,0.666328847408,0.290686935186,0.116108238697,0.0614009611309,0.0313198119402,0.00880033802241,0.00315258000046,0.00124656199478,0.000734411180019,0.000475927052321,0.000287471310003,0.000162378913956,0.0000774061627453,0.0000339651305694,0.000028915295843],"median":[0.00875646434724,0.188321501017,1.20942163467,3.37419295311,5.14059257507,5.29045343399,5.33790063858,4.75692224503,6.0000371933,7.52539873123,8.64646816254,8.39996242523,8.41036987305,10.0545005798,5.83694839478,4.64282369614,4.53675174713,4.58448171616,4.12208652496,3.93425822258,3.43625688553,2.12703800201,1.22936606407,0.977164030075,0.86253619194,0.5360044837,0.203895449638,0.0727593973279,0.0320647992194,0.0134586086497,0.00401717983186,0.00172232452314,0.00107347068843,0.000738039962016,0.00049269455485,0.000304972811136,0.000175216220669,0.0000842117733555,0.000033229131077,0.0000199365367735],"min":[9.90416507336e-23,9.27693053424e-22,1.85248107923e-21,5.66468995061e-21,2.10847174917e-20,2.40203992571e-20,4.07284637381e-20,7.01416136844e-20,1.08489015411e-19,1.89094767575e-19,1.62499372842e-19,2.52470282955e-19,3.87442299933e-19,3.96746272367e-19,7.97075994545e-19,1.40228289651e-18,1.50577094596e-18,1.44516921275e-18,3.22832111506e-18,3.81897708287e-18,3.39202615534e-18,4.94891655297e-18,5.81859398308e-18,6.31797408582e-18,4.5773900352e-18,8.30680827315e-18,8.67640663291e-18,1.07351491625e-17,1.26259864355e-17,1.19030396791e-17,1.17425318987e-17,1.15259487174e-17,9.4138679275e-18,6.27498675015e-18,6.61233209706e-18,3.34419319565e-18,2.48462349903e-18,9.92177812351e-19,2.41599811387e-19,2.82606256279e-20],"var":[0.00425587734208,0.73916131258,24.0394611359,337.481658936,614.889282227,2451.59863281,1209.62561035,2263.55004883,4975.12060547,3404.16064453,3504.49902344,6730.859375,18158.265625,10914.9931641,971.21484375,618.250244141,534.311523438,306.997314453,310.462005615,129.111526489,94.5301132202,25.1328907013,11.5574617386,6.70017957687,5.04693508148,0.641152501106,0.222417384386,0.0739712491632,0.0138960117474,0.00359370536171,0.000295152160106,0.0000421693875978,0.00000475273691336,2.65011550482e-7,1.17262871413e-7,6.31262793149e-8,1.08233981777e-8,9.72728786408e-10,2.78984807478e-10,7.37137184625e-10]},"erbbands_crest":{"dmean":2.21825957298,"dmean2":3.39293837547,"dvar":4.90192365646,"dvar2":10.7070951462,"max":31.113193512,"mean":10.9038972855,"median":9.45698261261,"min":2.27610373497,"var":29.0558834076},"erbbands_flatness_db":{"dmean":0.0125263258815,"dmean2":0.0179892592132,"dvar":0.000177959940629,"dvar2":0.000332655967213,"max":0.386371701956,"mean":0.23732291162,"median":0.237169608474,"min":0.0188117120415,"var":0.00168135238346},"erbbands_kurtosis":{"dmean":0.834973156452,"dmean2":1.31007504463,"dvar":1.56200945377,"dvar2":3.54003381729,"max":30.1126346588,"mean":0.845603048801,"median":0.121926382184,"min":-1.84379804134,"var":6.56446647644},"erbbands_skewness":{"dmean":0.281670421362,"dmean2":0.432791829109,"dvar":0.0724592283368,"dvar2":0.159280955791,"max":4.26035547256,"mean":0.564822435379,"median":0.502703011036,"min":-1.74572503567,"var":0.393183320761},"erbbands_spread":{"dmean":3.82715773582,"dmean2":5.88621902466,"dvar":16.0362434387,"dvar2":37.0108337402,"max":102.61264801,"mean":22.3780822754,"median":21.7567863464,"min":2.88039731979,"var":80.1074066162},"gfcc":{"cov":[[20738.9882813,3446.41943359,-2940.11450195,58.9022598267,-101.456596375,-763.19720459,37.7294120789,-316.593505859,-201.303070068,-154.571792603,-134.770202637,-260.665496826,37.7377319336],[3446.41943359,834.801269531,-375.060150146,27.5758113861,51.5481948853,-118.204734802,18.1301193237,-60.483341217,-24.7546768188,-29.265045166,-8.57137298584,-47.077041626,18.6868457794],[-2940.11450195,-375.060150146,963.377197266,84.6185455322,51.2913970947,221.616638184,15.4131708145,96.4294815063,75.3089294434,15.7734031677,16.2755241394,52.8173408508,-7.813808918],[58.9022598267,27.5758113861,84.6185455322,263.492523193,54.2015800476,11.0160932541,34.0825080872,-10.9490976334,39.9240951538,7.7969827652,25.8649806976,31.5734424591,25.2064399719],[-101.456596375,51.5481948853,51.2913970947,54.2015800476,133.920196533,22.0106430054,9.849568367,19.0336837769,2.38087248802,33.6962509155,36.2738113403,9.71295452118,26.4964256287],[-763.19720459,-118.204734802,221.616638184,11.0160932541,22.0106430054,179.55166626,83.999206543,46.0063934326,38.159576416,-16.3439464569,-21.2559890747,3.56279444695,-24.7941970825],[37.7294120789,18.1301193237,15.4131708145,34.0825080872,9.849568367,83.999206543,117.215385437,35.0721931458,29.2537078857,-20.7554779053,-23.7349700928,-14.7149763107,-7.20039606094],[-316.593505859,-60.483341217,96.4294815063,-10.9490976334,19.0336837769,46.0063934326,35.0721931458,87.5660324097,40.3615531921,26.502576828,6.40261936188,7.30621910095,1.22918081284],[-201.303070068,-24.7546768188,75.3089294434,39.9240951538,2.38087248802,38.159576416,29.2537078857,40.3615531921,86.8807983398,33.2028961182,25.8796443939,20.4347686768,-0.671204209328],[-154.571792603,-29.265045166,15.7734031677,7.7969827652,33.6962509155,-16.3439464569,-20.7554779053,26.502576828,33.2028961182,98.9773330688,75.9402923584,36.2593421936,20.2959480286],[-134.770202637,-8.57137298584,16.2755241394,25.8649806976,36.2738113403,-21.2559890747,-23.7349700928,6.40261936188,25.8796443939,75.9402923584,107.093826294,65.3151931763,33.4054832458],[-260.665496826,-47.077041626,52.8173408508,31.5734424591,9.71295452118,3.56279444695,-14.7149763107,7.30621910095,20.4347686768,36.2593421936,65.3151931763,89.3258056641,48.7143745422],[37.7377319336,18.6868457794,-7.813808918,25.2064399719,26.4964256287,-24.7941970825,-7.20039606094,1.22918081284,-0.671204209328,20.2959480286,33.4054832458,48.7143745422,87.5730514526]],"icov":[[0.000300419924315,-0.00110189244151,0.000595739926212,-0.00043004550389,0.000731180072762,-0.000368092267308,0.000411774701206,-0.000639728445094,0.000392698013457,-0.000240759472945,0.000162670577993,0.0000599263585173,-0.0000365823434549],[-0.00110189244151,0.00581723405048,-0.00178655900527,0.00175327970646,-0.00400505075231,0.00264287507161,-0.00255732960068,0.00328206922859,-0.00242940150201,0.00198980141431,-0.00105114548933,0.000485220138216,-0.0000755467699491],[0.000595739926212,-0.00178655900527,0.00333768525161,-0.00184526538942,0.00148036377504,-0.00401501683518,0.00380278402008,-0.00312368827872,0.000480971386423,0.000543359434232,-0.000457797403214,0.000692033674568,-0.000607272027992],[-0.00043004550389,0.00175327970646,-0.00184526538942,0.00670912349597,-0.00450796587393,0.00395946810022,-0.00469454005361,0.00526181096211,-0.00442092586309,0.000791277852841,0.00150536082219,-0.00333052314818,0.000801736605354],[0.000731180072762,-0.00400505075231,0.00148036377504,-0.00450796587393,0.0152194024995,-0.00646743178368,0.00394596718252,-0.00601046998054,0.00631958851591,-0.00266151316464,-0.00642938166857,0.00765718426555,-0.00519962469116],[-0.000368092267308,0.00264287507161,-0.00401501683518,0.00395946810022,-0.00646743178368,0.0194093119353,-0.0139260962605,0.00399147579446,-0.00378753640689,0.000519332999829,0.00588636659086,-0.00877333339304,0.0068333549425],[0.000411774701206,-0.00255732960068,0.00380278402008,-0.00469454005361,0.00394596718252,-0.0139260962605,0.022987568751,-0.00910939835012,-0.000943365273997,0.0047941361554,-0.00397909851745,0.00784114934504,-0.00502227060497],[-0.000639728445094,0.00328206922859,-0.00312368827872,0.00526181096211,-0.00601046998054,0.00399147579446,-0.00910939835012,0.0242027640343,-0.00855845957994,-0.0070628579706,0.00737066334113,-0.00406063441187,0.000660535588395],[0.000392698013457,-0.00242940150201,0.000480971386423,-0.00442092586309,0.00631958851591,-0.00378753640689,-0.000943365273997,-0.00855845957994,0.0223837718368,-0.0063108834438,-0.00241766800173,-0.000482832198031,0.0015477121342],[-0.000240759472945,0.00198980141431,0.000543359434232,0.000791277852841,-0.00266151316464,0.000519332999829,0.0047941361554,-0.0070628579706,-0.0063108834438,0.0310064870864,-0.0225230902433,0.00782606564462,-0.00205072038807],[0.000162670577993,-0.00105114548933,-0.000457797403214,0.00150536082219,-0.00642938166857,0.00588636659086,-0.00397909851745,0.00737066334113,-0.00241766800173,-0.0225230902433,0.0408817082644,-0.0247248988599,0.00622181920335],[0.0000599263585173,0.000485220138216,0.000692033674568,-0.00333052314818,0.00765718426555,-0.00877333339304,0.00784114934504,-0.00406063441187,-0.000482832198031,0.00782606564462,-0.0247248988599,0.0375296883285,-0.0164706539363],[-0.0000365823434549,-0.0000755467699491,-0.000607272027992,0.000801736605354,-0.00519962469116,0.0068333549425,-0.00502227060497,0.000660535588395,0.0015477121342,-0.00205072038807,0.00622181920335,-0.0164706539363,0.0215276032686]],"mean":[-125.514442444,177.043548584,-121.591239929,1.99661302567,-28.1666793823,-18.6335754395,-16.6384773254,-8.34533596039,-19.0135669708,-8.77316951752,-19.2191200256,-9.21592235565,-10.2839107513]},"hfc":{"dmean":2.75448608398,"dmean2":3.75027990341,"dvar":24.0537586212,"dvar2":45.074016571,"max":110.535331726,"mean":8.63273334503,"median":5.36007165909,"min":1.07743431306e-16,"var":91.407585144},"melbands":{"dmean":[0.000202510200324,0.000663139508106,0.00109183043242,0.000489441736136,0.000184664182598,0.000179230235517,0.000195768865524,0.000108978667413,0.0000834124148241,0.000115574861411,0.000107875930553,0.0000731756736059,0.0000353610957973,0.0000205115484277,0.0000182757466973,0.0000113560254249,0.0000092909876912,0.00000831123634271,0.00000437905828221,0.00000430118097938,0.00000340109613717,0.00000227601708502,0.00000118858463338,8.69688278726e-7,6.40749021841e-7,5.68752909658e-7,3.06480728796e-7,1.81188767101e-7,9.7899508944e-8,5.10182012192e-8,3.27230793573e-8,2.29622401093e-8,1.22796945945e-8,1.10010400789e-8,2.68934119418e-9,1.26398591593e-9,8.34303903741e-10,2.84667595052e-10,2.15096759848e-10,1.53345738885e-10],"dmean2":[0.000322909210809,0.00104489130899,0.0017215263797,0.000762621697504,0.000253782054642,0.000256385450484,0.000287656293949,0.000161391391885,0.000116101742606,0.000163449629326,0.00015102258476,0.000103662066977,0.0000536250663572,0.0000321788647852,0.0000289935014735,0.0000176090852619,0.0000145244648593,0.0000133937101054,0.00000685539271217,0.00000676093577567,0.0000054961647038,0.00000371952205569,0.00000200721569854,0.00000140463384923,0.00000101982459455,9.26420909764e-7,5.08170501234e-7,2.98564145851e-7,1.58025088126e-7,8.39299616473e-8,5.35748867492e-8,3.58878331497e-8,1.90941111811e-8,1.72234102536e-8,4.15476186788e-9,2.00658445415e-9,1.31704891437e-9,4.66837069002e-10,3.55851403899e-10,2.58266297237e-10],"dvar":[2.32328346783e-7,0.00000188062244888,0.00000473518593935,0.00000167697055531,2.84817616603e-7,3.47696328618e-7,3.30209957156e-7,1.01062802571e-7,4.82068642782e-8,9.35355330967e-8,1.49512615621e-7,7.17102892622e-8,9.40315825204e-9,2.23398011201e-9,2.14424145106e-9,8.85155337915e-10,5.95072213727e-10,4.40657510481e-10,1.34671482299e-10,1.9920266825e-10,5.34760673243e-11,2.58669804326e-11,1.0519597346e-11,7.13295611812e-12,2.806559889e-12,4.67787831041e-12,4.61663747595e-13,1.22955776962e-13,6.44824363176e-14,3.7532677026e-14,2.21923767205e-14,4.5720479506e-15,1.40345609009e-15,9.18747944646e-16,5.56165472762e-17,3.2231105803e-17,1.19089192789e-17,1.72703297103e-18,1.20846506981e-18,8.87199157589e-20],"dvar2":[6.71364659866e-7,0.00000474283115182,0.000012222042642,0.00000432159276897,6.15964268036e-7,6.94258517342e-7,8.38186508645e-7,2.39385599343e-7,8.31183015748e-8,1.70373283481e-7,2.63727372385e-7,1.33779963107e-7,2.15586322128e-8,5.07452080356e-9,4.9597779217e-9,1.9586348099e-9,1.42961276151e-9,1.00894270716e-9,2.7737537267e-10,4.23748619527e-10,1.16519918714e-10,6.19995166318e-11,2.8022785481e-11,1.66677678604e-11,6.18270191988e-12,1.12022639429e-11,1.06530745596e-12,2.99164068084e-13,1.40125514273e-13,1.08062599938e-13,6.49758025162e-14,1.1029185513e-14,3.55788269736e-15,2.2844313416e-15,1.2785513676e-16,8.75278849067e-17,3.00506577083e-17,4.70930590416e-18,3.1196537776e-18,2.52735575287e-19],"max":[0.0103623922914,0.020275535062,0.0357307121158,0.0428373478353,0.0171682815999,0.0167115032673,0.0141638163477,0.00935462769121,0.00936868041754,0.0136375324801,0.0116639444605,0.0151903629303,0.00301808887161,0.00137422059197,0.00119611236732,0.000953636830673,0.000955112627707,0.000761171162594,0.000449224375188,0.000792383158114,0.000221795125981,0.00011871742754,0.000103655693238,0.0000658432982164,0.0000498006302223,0.000132598885102,0.0000227499313041,0.0000121308712551,0.0000125792930703,0.0000107453615783,0.00000806560456112,0.00000344924728779,0.0000019166684524,7.15196279089e-7,2.79101271872e-7,2.33392597693e-7,2.01928088472e-7,9.49630845071e-8,8.30110380434e-8,1.69719545084e-8],"mean":[0.000405043567298,0.00129104102962,0.00188129674643,0.00117670476902,0.000555394974072,0.000394594389945,0.000442918477347,0.000248255179031,0.000171246618265,0.000195385611732,0.000193054991541,0.000133125329739,0.0000578951730859,0.000032643070881,0.0000302218249999,0.0000214492938539,0.0000163793865795,0.0000131346541821,0.00000810162873677,0.00000781686139817,0.00000636206095805,0.00000385637531508,0.00000206685604098,0.00000150999460402,0.00000115072100471,9.91847059595e-7,6.32842954928e-7,3.95784127249e-7,2.04583045615e-7,9.90066340023e-8,5.48808642975e-8,3.7945508069e-8,2.11609680889e-8,1.57608113227e-8,5.08945152689e-9,2.46533948811e-9,1.59889324003e-9,8.44371572661e-10,6.80545342302e-10,5.78364078851e-10],"median":[0.0001230481721,0.000568111252505,0.000681003381032,0.000386993895518,0.000205103628105,0.000105600105599,0.0000994888032437,0.0000813411970739,0.0000602657964919,0.0000481814240629,0.0000402957157348,0.0000396789437218,0.000018664963136,0.0000107625628516,0.00000921453283809,0.00000887016540219,0.00000760711736802,0.00000635282731309,0.00000476792865811,0.00000452978974863,0.00000372764338863,0.00000224683230954,0.00000122510766687,9.04798412193e-7,7.1342259389e-7,6.60864998281e-7,4.86520718823e-7,2.98210579786e-7,1.32686139409e-7,6.45437410185e-8,3.12510231026e-8,1.87002626717e-8,1.02478985298e-8,5.91041349196e-9,2.30373564669e-9,1.24071275476e-9,9.1814550407e-10,7.34221905496e-10,6.38024688637e-10,5.87681736608e-10],"min":[1.87491174585e-24,9.85510222434e-25,1.15808271596e-24,1.80428601508e-24,1.56268178285e-24,2.0023589304e-24,1.66600717865e-24,1.2665299884e-24,1.23508007626e-24,1.69935134304e-24,1.22060694384e-24,1.43699425115e-24,2.53484438016e-24,2.20751384451e-24,2.75577493465e-24,2.56069771861e-24,2.47112059067e-24,4.49907135213e-24,4.08020317197e-24,2.58534409987e-24,3.97690380858e-24,3.31753323766e-24,5.17437533562e-24,4.41951394098e-24,3.68411650589e-24,3.25177931463e-24,3.63069445096e-24,4.87752027166e-24,5.5886716724e-24,4.56221296228e-24,4.70560381459e-24,4.89680713194e-24,6.5444598839e-24,5.95569118071e-24,5.08238863204e-24,5.09729455328e-24,6.17536409369e-24,6.46513479229e-24,5.07477849089e-24,4.96243207621e-24],"var":[5.08244966113e-7,0.00000397589292334,0.00000841142991703,0.00000798609198682,0.00000153310429596,0.00000103523348116,0.00000107371693048,3.00228009564e-7,1.92157642687e-7,2.88737595611e-7,4.52323007494e-7,2.30627065889e-7,1.89345481516e-8,5.00532371106e-9,4.51838699789e-9,2.46554199279e-9,1.21745591386e-9,8.82340756014e-10,2.5990393171e-10,3.9271674801e-10,1.17455933868e-10,3.97251433137e-11,1.44356002846e-11,1.04712063673e-11,4.67128159071e-12,5.48411099519e-12,7.10874338995e-13,2.68306346108e-13,1.62755280173e-13,3.33740976207e-14,1.74805763804e-14,6.19032303106e-15,1.7858472083e-15,1.11222286941e-15,9.28923364676e-17,3.7003454864e-17,1.26234089407e-17,1.70202595694e-18,1.29906978122e-18,1.13752830938e-19]},"melbands_crest":{"dmean":2.91193652153,"dmean2":4.65707778931,"dvar":7.2827205658,"dvar2":20.1710624695,"max":38.173324585,"mean":15.6372509003,"median":15.0403432846,"min":1.55860614777,"var":26.9623203278},"melbands_flatness_db":{"dmean":0.0197466090322,"dmean2":0.0300407726318,"dvar":0.000366772001144,"dvar2":0.000841993780341,"max":0.648632466793,"mean":0.324846476316,"median":0.321150273085,"min":0.00260136881843,"var":0.00380141031928},"melbands_kurtosis":{"dmean":4.08197402954,"dmean2":6.32685136795,"dvar":36.1627960205,"dvar2":82.0085372925,"max":158.347305298,"mean":9.29773426056,"median":6.41750621796,"min":-1.57781481743,"var":118.997001648},"melbands_skewness":{"dmean":0.533398389816,"dmean2":0.824879467487,"dvar":0.292915523052,"dvar2":0.698079824448,"max":9.83460617065,"mean":2.19763636589,"median":2.09615945816,"min":-1.15875649452,"var":1.41290664673},"melbands_spread":{"dmean":2.355448246,"dmean2":3.73499345779,"dvar":9.59295463562,"dvar2":23.2390632629,"max":163.824371338,"mean":11.0523443222,"median":9.52163600922,"min":0.585650801659,"var":145.820373535},"mfcc":{"cov":[[9169.62109375,3201.32495117,-2092.48608398,790.428649902,-441.256317139,4.32910060883,-159.959777832,-164.151031494,-100.690330505,-31.4381465912,-111.529373169,-182.93850708,16.6815452576],[3201.32495117,1625.36584473,-522.76940918,201.231445313,-48.4821128845,-34.0578422546,-0.153638541698,-63.5886230469,2.00076460838,-28.4092979431,-35.0950241089,-45.0810508728,6.81053495407],[-2092.48608398,-522.76940918,839.96673584,-106.777519226,143.106567383,83.6213150024,49.6277503967,128.069747925,66.5849075317,28.8332862854,40.1100387573,48.1490478516,3.05491757393],[790.428649902,201.231445313,-106.777519226,274.444366455,36.5393791199,29.7523918152,-6.92073249817,-22.5909748077,-16.8314037323,9.02050971985,-6.58657884598,-4.23485183716,30.5237293243],[-441.256317139,-48.4821128845,143.106567383,36.5393791199,154.063674927,14.2421512604,29.5094032288,-10.9870233536,-0.508385896683,1.57404792309,10.0928125381,37.2859573364,22.6867465973],[4.32910060883,-34.0578422546,83.6213150024,29.7523918152,14.2421512604,112.750083923,33.6523170471,55.5261459351,21.5018806458,14.5867195129,13.6243543625,3.51461052895,1.60474097729],[-159.959777832,-0.153638541698,49.6277503967,-6.92073249817,29.5094032288,33.6523170471,86.3005142212,29.2106227875,24.1409778595,13.4078178406,5.56177902222,6.58847618103,-7.77199459076],[-164.151031494,-63.5886230469,128.069747925,-22.5909748077,-10.9870233536,55.5261459351,29.2106227875,117.649230957,57.8598556519,23.058380127,17.7116451263,-7.07914352417,-11.2789096832],[-100.690330505,2.00076460838,66.5849075317,-16.8314037323,-0.508385896683,21.5018806458,24.1409778595,57.8598556519,78.6871032715,38.4802322388,11.4006214142,-4.39956712723,-13.687754631],[-31.4381465912,-28.4092979431,28.8332862854,9.02050971985,1.57404792309,14.5867195129,13.4078178406,23.058380127,38.4802322388,76.2199707031,29.5520095825,0.30349907279,-1.78677129745],[-111.529373169,-35.0950241089,40.1100387573,-6.58657884598,10.0928125381,13.6243543625,5.56177902222,17.7116451263,11.4006214142,29.5520095825,62.485660553,34.0374336243,16.9988040924],[-182.93850708,-45.0810508728,48.1490478516,-4.23485183716,37.2859573364,3.51461052895,6.58847618103,-7.07914352417,-4.39956712723,0.30349907279,34.0374336243,83.7482528687,48.1787376404],[16.6815452576,6.81053495407,3.05491757393,30.5237293243,22.6867465973,1.60474097729,-7.77199459076,-11.2789096832,-13.687754631,-1.78677129745,16.9988040924,48.1787376404,74.2105789185]],"icov":[[0.0229849107563,-0.032358661294,0.0324167013168,-0.0308247357607,0.0292572937906,-0.0288731064647,0.0295246765018,-0.0281497314572,0.0249868240207,-0.0218987837434,0.0170608311892,-0.0149363335222,0.00951138325036],[-0.032358661294,0.0464254245162,-0.0451298505068,0.0429038591683,-0.0412661135197,0.0407710783184,-0.0418658107519,0.0398596711457,-0.0362017676234,0.031601537019,-0.0243031512946,0.0214607361704,-0.0136507572606],[0.0324167013168,-0.0451298505068,0.0481209307909,-0.0427396073937,0.0388592295349,-0.0412978865206,0.0422247052193,-0.0418346822262,0.0348497368395,-0.0308126043528,0.0241303741932,-0.0214219968766,0.0135967796668],[-0.0308247357607,0.0429038591683,-0.0427396073937,0.0466599203646,-0.0414227358997,0.0363993383944,-0.0384040512145,0.0378018654883,-0.0323215089738,0.0274913106114,-0.0218807160854,0.0216579083353,-0.0151896439493],[0.0292572937906,-0.0412661135197,0.0388592295349,-0.0414227358997,0.0481704212725,-0.0365334451199,0.0339074209332,-0.0318051204085,0.0309721827507,-0.0272193588316,0.0218898206949,-0.0219080019742,0.0116958227009],[-0.0288731064647,0.0407710783184,-0.0412978865206,0.0363993383944,-0.0365334451199,0.0501059964299,-0.0408081263304,0.0291285067797,-0.0291731096804,0.0271796919405,-0.0223695673048,0.0186603367329,-0.0120014930144],[0.0295246765018,-0.0418658107519,0.0422247052193,-0.0384040512145,0.0339074209332,-0.0408081263304,0.0537576600909,-0.0382761955261,0.0304672513157,-0.0297857578844,0.0237937923521,-0.0218217838556,0.0152116995305],[-0.0281497314572,0.0398596711457,-0.0418346822262,0.0378018654883,-0.0318051204085,0.0291285067797,-0.0382761955261,0.0555578842759,-0.0434108264744,0.0311950799078,-0.0260008461773,0.0225563086569,-0.0135719953105],[0.0249868240207,-0.0362017676234,0.0348497368395,-0.0323215089738,0.0309721827507,-0.0291731096804,0.0304672513157,-0.0434108264744,0.055880907923,-0.0367875955999,0.0236295107752,-0.019963350147,0.0142898065969],[-0.0218987837434,0.031601537019,-0.0308126043528,0.0274913106114,-0.0272193588316,0.0271796919405,-0.0297857578844,0.0311950799078,-0.0367875955999,0.0448796637356,-0.0289091207087,0.0201032403857,-0.0107956202701],[0.0170608311892,-0.0243031512946,0.0241303741932,-0.0218807160854,0.0218898206949,-0.0223695673048,0.0237937923521,-0.0260008461773,0.0236295107752,-0.0289091207087,0.0418494828045,-0.0242566987872,0.00855781883001],[-0.0149363335222,0.0214607361704,-0.0214219968766,0.0216579083353,-0.0219080019742,0.0186603367329,-0.0218217838556,0.0225563086569,-0.019963350147,0.0201032403857,-0.0242566987872,0.0379753634334,-0.0214976277202],[0.00951138325036,-0.0136507572606,0.0135967796668,-0.0151896439493,0.0116958227009,-0.0120014930144,0.0152116995305,-0.0135719953105,0.0142898065969,-0.0107956202701,0.00855781883001,-0.0214976277202,0.0288643613458]],"mean":[-763.564147949,212.381362915,-27.7061405182,29.3972244263,-2.40140748024,0.551236748695,1.12079620361,-0.992327690125,2.48577022552,-0.957575500011,-4.5215382576,-7.61547470093,-2.13020181656]},"pitch_salience":{"dmean":0.0606715716422,"dmean2":0.0973935574293,"dvar":0.00307639036328,"dvar2":0.00799150578678,"max":0.816156625748,"mean":0.512857854366,"median":0.515602946281,"min":0.140905424953,"var":0.0118578989059},"silence_rate_20dB":{"dmean":0,"dmean2":0,"dvar":0,"dvar2":0,"max":1,"mean":1,"median":1,"min":1,"var":0},"silence_rate_30dB":{"dmean":0.00701918592677,"dmean2":0.0140400137752,"dvar":0.00697014620528,"dvar2":0.0171195883304,"max":1,"mean":0.990291237831,"median":1,"min":0,"var":0.00961411651224},"silence_rate_60dB":{"dmean":0.0198876932263,"dmean2":0.0397800393403,"dvar":0.0194932427257,"dvar2":0.0414775758982,"max":1,"mean":0.135220497847,"median":0,"min":0,"var":0.11695677042},"spectral_centroid":{"dmean":82.2978439331,"dmean2":130.757247925,"dvar":28479.8496094,"dvar2":64525.5078125,"max":11650.7509766,"mean":637.790344238,"median":535.649780273,"min":136.102157593,"var":898052.0625},"spectral_complexity":{"dmean":1.85259711742,"dmean2":2.94512701035,"dvar":3.17859649658,"dvar2":7.00602149963,"max":28,"mean":11.2872848511,"median":12,"min":0,"var":24.9117393494},"spectral_contrast_coeffs":{"dmean":[0.046460673213,0.0398623906076,0.0349952504039,0.0258099548519,0.0180196091533,0.0159649644047],"dmean2":[0.0754025876522,0.0634892806411,0.0547327585518,0.0427482910454,0.029662584886,0.0241440981627],"dvar":[0.00173643988091,0.00115410611033,0.000883324129973,0.00046933683916,0.000256237981375,0.000274186342722],"dvar2":[0.0042408471927,0.00280199153349,0.0021110503003,0.00117656774819,0.000621874642093,0.000544808746781],"max":[-0.236811026931,-0.341072529554,-0.441545635462,-0.524305105209,-0.590152323246,-0.61921608448],"mean":[-0.591069936752,-0.705312550068,-0.729089796543,-0.771484732628,-0.797071754932,-0.759883403778],"median":[-0.597977459431,-0.710184514523,-0.731765210629,-0.771295130253,-0.793039262295,-0.751999735832],"min":[-0.976816236973,-0.977427840233,-0.982066869736,-0.970127046108,-0.965939819813,-0.963245034218],"var":[0.0117599721998,0.00794398318976,0.00487077003345,0.00272912718356,0.00171121524181,0.00227740849368]},"spectral_contrast_valleys":{"dmean":[0.377815365791,0.33262193203,0.317963451147,0.253471136093,0.200257480145,0.110824257135],"dmean2":[0.607400119305,0.52321356535,0.502488434315,0.399868160486,0.301465719938,0.175933986902],"dvar":[0.135898306966,0.10924333334,0.114099539816,0.085785612464,0.0698335394263,0.0197902936488],"dvar2":[0.297631829977,0.226760342717,0.226801246405,0.165901556611,0.121309384704,0.033279299736],"max":[-5.31247901917,-5.11946296692,-5.4693107605,-5.82289981842,-6.90268373489,-11.4306077957],"mean":[-7.8759522438,-7.29959869385,-8.03253364563,-8.69009780884,-9.11015892029,-13.046049118],"median":[-7.46564054489,-6.90008640289,-7.66580295563,-8.22408008575,-8.61979579926,-12.7865257263],"min":[-28.0908946991,-28.3074817657,-27.9067687988,-27.7154502869,-27.5317897797,-27.3406620026],"var":[4.62893533707,4.60046339035,4.40931367874,4.25529575348,3.95009684563,2.08285450935]},"spectral_decrease":{"dmean":2.0488546415e-9,"dmean2":2.97243785141e-9,"dvar":1.05991623242e-17,"dvar2":2.35957322916e-17,"max":2.64299603314e-28,"mean":-5.95345195364e-9,"median":-3.81251341608e-9,"min":-4.33783284848e-8,"var":3.80268890399e-17},"spectral_energy":{"dmean":0.0079619185999,"dmean2":0.0115247806534,"dvar":0.000159825533046,"dvar2":0.000353417271981,"max":0.169027492404,"mean":0.0232526995242,"median":0.0149130169302,"min":9.91760635441e-21,"var":0.000577311206143},"spectral_energyband_high":{"dmean":0.00000493987681693,"dmean2":0.00000783893847256,"dvar":1.78515979776e-10,"dvar2":4.55144644196e-10,"max":0.000611608091276,"mean":0.0000128336159833,"median":0.00000965714298218,"min":6.9423960186e-21,"var":3.2459326893e-10},"spectral_energyband_low":{"dmean":0.00391543842852,"dmean2":0.00606199773028,"dvar":0.0000570261290704,"dvar2":0.000143760844367,"max":0.12036678195,"mean":0.00791214872152,"median":0.0035292704124,"min":1.84453854996e-23,"var":0.000124228259665},"spectral_energyband_middle_high":{"dmean":0.00108026177622,"dmean2":0.00152379088104,"dvar":0.00000730949386707,"dvar2":0.0000146868906086,"max":0.116214700043,"mean":0.00249859085307,"median":0.00124552613124,"min":1.17138437968e-21,"var":0.0000214464798773},"spectral_energyband_middle_low":{"dmean":0.00571461347863,"dmean2":0.00840707309544,"dvar":0.0000854178797454,"dvar2":0.000195672997506,"max":0.159914210439,"mean":0.0156646315008,"median":0.00901286397129,"min":1.47424799836e-22,"var":0.000335664342856},"spectral_entropy":{"dmean":0.134080395103,"dmean2":0.204055964947,"dvar":0.0199081674218,"dvar2":0.0433352552354,"max":9.82925415039,"mean":6.70508146286,"median":6.74290180206,"min":4.80968523026,"var":0.235156521201},"spectral_flux":{"dmean":0.0205089021474,"dmean2":0.0334742069244,"dvar":0.000892343814485,"dvar2":0.00212347391061,"max":0.347219944,"mean":0.0542084500194,"median":0.043490961194,"min":6.51610709834e-11,"var":0.00174613203853},"spectral_kurtosis":{"dmean":6.04643726349,"dmean2":10.6111536026,"dvar":32.0407562256,"dvar2":95.5163803101,"max":94.5563735962,"mean":15.4123926163,"median":12.9039897919,"min":-1.24966406822,"var":85.6381378174},"spectral_rms":{"dmean":0.000724181998521,"dmean2":0.00101711635944,"dvar":9.17028842196e-7,"dvar2":0.00000182341534583,"max":0.0128415292129,"mean":0.00413664942607,"median":0.00381435244344,"min":3.11058080335e-12,"var":0.00000557359408049},"spectral_rolloff":{"dmean":123.309371948,"dmean2":210.402374268,"dvar":72004.765625,"dvar2":131386.15625,"max":19573.6816406,"mean":772.98248291,"median":581.396484375,"min":107.666015625,"var":3071326.75},"spectral_skewness":{"dmean":0.465522617102,"dmean2":0.804521739483,"dvar":0.17723532021,"dvar2":0.505705356598,"max":7.76714611053,"mean":2.56416630745,"median":2.37604475021,"min":-0.0822028070688,"var":0.735435545444},"spectral_spread":{"dmean":210994.0625,"dmean2":345198.46875,"dvar":278977347584,"dvar2":567700357120,"max":41673792,"mean":2467118.25,"median":2057695.875,"min":911266.5,"var":11958500720600},"spectral_strongpeak":{"dmean":0.304856687784,"dmean2":0.490944951773,"dvar":0.259796082973,"dvar2":0.603322803974,"max":10.5386581421,"mean":0.789293825626,"median":0.493565708399,"min":0,"var":0.805262386799},"zerocrossingrate":{"dmean":0.00331532000564,"dmean2":0.00419343728572,"dvar":0.0000212295853999,"dvar2":0.0000268295862043,"max":0.52783203125,"mean":0.029091829434,"median":0.02392578125,"min":0.00439453125,"var":0.00203707022592}},"metadata":{"audio_properties":{"analysis_sample_rate":44100,"bit_rate":0,"codec":"flac","downmix":"mix","equal_loudness":0,"length":198.466659546,"lossless":true,"md5_encoded":"3b9f2a6daba565eef0983213afe0bfd4","replay_gain":-12.7596359253,"sample_rate":44100},"tags":{"acoustid_id":["646dd043-dd61-4ad8-ac35-349d1e0aa36c"],"album":["Charmless Man"],"albumartist":["Blur"],"albumartistsort":["Blur"],"albumsort":["Charmless Man Single"],"artist":["Blur"],"artistsort":["Blur"],"barcode":["724388288422"],"catalognumber":["CDFOOD 77"],"date":["1996-04-29"],"discnumber":["1"],"disctotal":["1"],"file_name":"E:\\Musique\\Blur\\Charmless_Man\\2-The_Horrors.flac","genre":["Alternative","Britpop"],"grouping":["Indie"],"label":["Food"],"media":["CD"],"mood":["Unknown"],"musicbrainz_albumartistid":["ba853904-ae25-4ebb-89d6-c44cfbd71bd2"],"musicbrainz_albumid":["c74722e8-11cd-40b3-9751-80a217180a50"],"musicbrainz_artistid":["ba853904-ae25-4ebb-89d6-c44cfbd71bd2"],"musicbrainz_recordingid":["4b7944ac-1337-4724-81e2-a5247cf23395"],"musicbrainz_releasegroupid":["6491d13d-4c2d-3124-be1c-50298ce937b3"],"musicbrainz_releasetrackid":["9475c6df-998f-33b3-a690-d1f240674bba"],"musicbrainz_workid":["c428252f-cff0-4e21-80b1-fca88064631f"],"originaldate":["1996-03"],"originalyear":["1996"],"producer":["Blur"],"releasecountry":["GB"],"releasestatus":["official"],"releasetype":["single"],"script":["Latn"],"title":["The Horrors"],"titlesort":["Horrors"],"totaldiscs":["1"],"totaltracks":["4"],"tracknumber":["002"],"tracktotal":["4"],"website":["http://www.blur.co.uk/"],"work":["The Horrors"]},"version":{"essentia":"2.1-beta2","essentia_build_sha":"2d9f1f26377add8aeb1075a9c2973f962c4f09fd","essentia_git_sha":"v2.1_beta2-1-ge3940c0","extractor":"music 1.0"}},"rhythm":{"beats_count":392,"beats_loudness":{"dmean":0.0233590323478,"dmean2":0.0371376052499,"dvar":0.000415616552345,"dvar2":0.00116051838268,"max":0.150303766131,"mean":0.04410446