{"lowlevel":{"average_loudness":0.967781841755,"barkbands":{"dmean":[0.0000185885237443,0.0000393066402467,0.0000287806778942,0.0000533264646947,0.000783162657171,0.0031977086328,0.00451667234302,0.0027873062063,0.00189133686945,0.0010600797832,0.000612943782471,0.000347832828993,0.000222306887736,0.000182538875379,0.000181231298484,0.000131550536025,0.000129717285745,0.000151703206939,0.0000485033524456,0.0000413292946178,0.0000383512706321,0.0000149260986291,0.00000695280277796,0.00000160966317253,0.00000127454768517,0.00000123181848721,0.0000241484303842],"dmean2":[0.0000311018120556,0.0000662381498842,0.0000456469169876,0.0000909375448828,0.0011523058638,0.00487886881456,0.00704025290906,0.00471675535664,0.00313516636379,0.00171973940451,0.00100890896283,0.000564013025723,0.000360816629836,0.000290104653686,0.000271966942819,0.000205697462661,0.000205806805752,0.000225614610827,0.0000712531837053,0.0000593989825575,0.0000542618108739,0.0000219527173613,0.0000100161378214,0.00000266278834715,0.00000213611269828,0.00000206324716601,0.000030728369893],"dvar":[1.01311705691e-8,2.22509086711e-7,2.69567248523e-8,1.99667738343e-7,0.00000238468419411,0.0000311409930873,0.0000475778761029,0.0000159596456797,0.0000142416929521,0.00000363463209396,0.00000194750850824,7.22544939435e-7,4.88638818297e-7,2.32440427794e-7,2.72439109494e-7,1.16864420363e-7,1.20896160638e-7,2.78711837609e-7,2.31711521081e-8,1.64440425721e-8,1.63802145181e-8,2.3812256611e-9,3.99721339361e-10,4.63573493828e-12,3.62021155241e-12,3.37141837885e-12,4.07254052703e-9],"dvar2":[2.41446915794e-8,5.55238216293e-7,5.35220152642e-8,6.06646210599e-7,0.00000478658057546,0.000058601017372,0.000103062069684,0.0000456871275674,0.000035465509427,0.00000931251088332,0.0000050034832384,0.00000166057031947,0.00000125434769416,5.45818579667e-7,5.5604056115e-7,2.56076504002e-7,2.81715159645e-7,5.74501314077e-7,4.94508185511e-8,3.66029588861e-8,3.13094794535e-8,4.85941642481e-9,6.54283571766e-10,1.23104122382e-11,9.82216825235e-12,9.16948808549e-12,6.27708596213e-9],"max":[0.0038555781357,0.0184029135853,0.00715009216219,0.0159622337669,0.0196447409689,0.0763919055462,0.0931086242199,0.0717650130391,0.0660838261247,0.023426156491,0.0247511565685,0.0201418884099,0.0167328920215,0.010673946701,0.012530811131,0.00612842617556,0.00505487341434,0.0114149488509,0.00303443917073,0.00279301358387,0.00271099316888,0.00136786827352,0.000549891032279,0.0000193259111256,0.0000187112764252,0.0000179810886038,0.00101925712079],"mean":[0.000019317616534,0.0000416477996623,0.0000355641968781,0.0000570774500375,0.00106069538742,0.00492085982114,0.00664348853752,0.00376364868134,0.00258175446652,0.00145790248644,0.000788607692812,0.000495204003528,0.000299779203488,0.000267280876869,0.000266440591076,0.000187656623893,0.000185694050742,0.000211483391467,0.0000762212803238,0.0000642770100967,0.000059361991589,0.0000256667244685,0.000012949264601,0.00000210868961403,0.00000125947497054,0.00000124439611682,0.0000476384957437],"median":[0.00000550521690457,0.00000953578728513,0.00000941984308156,0.0000137940232889,0.000231535159401,0.00163061264902,0.00327584333718,0.00251619354822,0.00120410311501,0.000618882128038,0.000301386695355,0.000179698487045,0.000104823935544,0.0000703850964783,0.000057900466345,0.0000422557204729,0.0000351148737536,0.0000210432699532,0.0000138379800774,0.000012326056094,0.0000118537609524,0.00000762972740631,0.00000535702565685,0.00000118737796129,4.96543009376e-7,5.12678070663e-7,0.0000133155717776],"min":[2.47065681934e-23,3.09595719774e-23,8.56788771137e-24,2.33097842534e-23,8.9533339849e-23,4.0849686807e-24,1.18103344859e-22,2.39231299181e-23,1.90989864207e-22,4.64017450782e-23,3.18862879036e-23,1.57716519019e-22,1.34813880078e-22,9.23599988663e-23,5.26393029656e-23,1.91069318278e-22,1.21393967685e-22,1.69438575552e-22,3.52177850837e-22,2.97328894833e-22,5.09161574872e-22,5.86819819173e-22,4.73410651083e-22,8.52118108732e-22,1.27260495259e-21,1.63232926141e-21,2.50353341167e-21],"var":[1.2129435234e-8,2.08966127957e-7,7.50116839754e-8,2.22121556703e-7,0.00000437804101239,0.0000736237998353,0.000102617981611,0.0000195352131414,0.0000205173000722,0.00000533000047653,0.00000250265134127,0.00000104758373709,5.58068109058e-7,4.22434055736e-7,5.62504226309e-7,1.91322087062e-7,1.95031944372e-7,5.56728195988e-7,5.27776364834e-8,3.98296755577e-8,3.19133981463e-8,5.20240694968e-9,9.63674473553e-10,6.35599732568e-12,4.1435019478e-12,3.85957845545e-12,1.23248549144e-8]},"barkbands_crest":{"dmean":3.28013920784,"dmean2":5.40852642059,"dvar":7.34034776688,"dvar2":18.212305069,"max":26.5310211182,"mean":11.2817258835,"median":10.7415103912,"min":3.21102976799,"var":18.0548629761},"barkbands_flatness_db":{"dmean":0.032750595361,"dmean2":0.0511755608022,"dvar":0.000770609418396,"dvar2":0.00173483975232,"max":0.453661739826,"mean":0.202511295676,"median":0.199797868729,"min":0.0751102939248,"var":0.0030538525898},"barkbands_kurtosis":{"dmean":11.2613391876,"dmean2":17.874376297,"dvar":279.146484375,"dvar2":645.705200195,"max":364.737426758,"mean":18.5020751953,"median":12.3435649872,"min":-1.49133312702,"var":515.201660156},"barkbands_skewness":{"dmean":1.03009998798,"dmean2":1.57258212566,"dvar":0.946285843849,"dvar2":2.14424920082,"max":15.2035627365,"mean":2.53749585152,"median":2.42690658569,"min":-2.19391942024,"var":3.11327266693},"barkbands_spread":{"dmean":2.68778753281,"dmean2":4.06608581543,"dvar":14.1828536987,"dvar2":29.2697887421,"max":49.6558036804,"mean":6.80649328232,"median":4.56289768219,"min":0.267556965351,"var":44.2645606995},"dissonance":{"dmean":0.0363518930972,"dmean2":0.0609105154872,"dvar":0.00119542703032,"dvar2":0.00307921506464,"max":0.500000119209,"mean":0.443698257208,"median":0.457298845053,"min":0.21922428906,"var":0.00250445795245},"dynamic_complexity":2.1852004528,"erbbands":{"dmean":[0.0014567944454,0.00826468970627,0.0277321394533,0.110020533204,0.524562776089,2.43205118179,12.2256546021,32.3017807007,61.5437316895,62.4983024597,53.3930625916,43.7333984375,35.2738227844,29.4961566925,19.0799102783,13.4445371628,9.76783466339,9.24396038055,9.51045513153,8.39109516144,6.411673069,7.48808002472,8.30874443054,4.021671772,2.01093006134,1.92670273781,1.88540232182,1.18980622292,0.580566763878,0.345378339291,0.17639285326,0.0506286807358,0.021760771051,0.0144811840728,0.00894513167441,0.00491061294451,0.00228043785319,0.00165130349342,0.00220987666398,0.000574957812205],"dmean2":[0.00262745260261,0.0145127940923,0.0452173948288,0.18287999928,0.817773640156,3.63356566429,18.3639373779,49.4698143005,95.7897262573,103.427658081,89.618522644,71.7916488647,58.1471748352,47.8902397156,30.3182811737,21.4107875824,15.7090349197,14.3109092712,14.8424482346,13.1493015289,9.62444496155,11.6112737656,12.3454685211,5.77666568756,2.77705287933,2.81591582298,2.69388413429,1.64837300777,0.825355708599,0.503799438477,0.24630625546,0.0785495787859,0.0363576412201,0.0242684558034,0.0149895818904,0.00822858419269,0.00381744629703,0.00243667769246,0.00289312424138,0.000738093513064],"dvar":[0.000250465702266,0.0110775753856,0.0263616461307,0.888943076134,1.62579345703,26.0163593292,588.64239502,3716.90063477,10763.9755859,7443.34130859,10009.0908203,9040.74609375,4283.52441406,3067.33740234,1739.54614258,1238.68261719,929.637207031,470.908782959,1312.64428711,387.391784668,284.782562256,395.688140869,813.257995605,177.124893188,37.8329353333,34.705909729,36.1417045593,16.9162101746,3.40857481956,1.2920819521,0.227378487587,0.00652993610129,0.00102562399115,0.000466430472443,0.000178425281774,0.0000537801315659,0.0000115159718916,0.00000963802631304,0.000039923190343,0.00000249912295658],"dvar2":[0.000550398835912,0.0307964980602,0.0589666515589,2.42447733879,3.87264871597,53.0890884399,1269.23620605,7063.13818359,24038.7460938,18217.1914062,29715.390625,22788.6152344,11139.4375,7809.93652344,4185.30615234,2946.94335938,2349.00439453,1082.72460938,2991.43994141,844.202697754,607.804748535,906.889465332,1684.17041016,326.90802002,75.595123291,76.0907058716,73.4123306274,32.393409729,6.69663238525,2.17224216461,0.398448765278,0.0129213696346,0.00279075629078,0.00126579706557,0.000484054617118,0.000145949132275,0.0000313161763188,0.0000164969533216,0.0000564416150155,0.00000411391511079],"max":[0.542368173599,3.96182394028,6.27490949631,39.7903251648,26.4164714813,100.234550476,318.066345215,825.795227051,1253.95654297,1074.88842773,2192.10107422,1874.2331543,882.993164062,716.679626465,773.944702148,945.29473877,774.283325195,448.448913574,1133.40515137,300.184204102,323.9402771,280.103393555,690.261779785,261.746948242,151.069595337,120.138145447,122.607376099,103.451751709,50.1477622986,31.9480133057,11.4089450836,1.68302750587,0.314424425364,0.212349683046,0.131378218532,0.0720151662827,0.0332567617297,0.0782316848636,0.175537586212,0.0266175288707],"mean":[0.00156028708443,0.00851222034544,0.0350035205483,0.135496035218,0.683709383011,3.36429738998,16.9166603088,47.6848831177,90.7853164673,93.9796524048,75.6839828491,60.7987213135,50.0359840393,41.3206787109,27.8166866302,19.6817474365,14.1846075058,14.2223682404,13.957233429,12.8701610565,9.62498950958,11.0110759735,11.9623184204,6.32703638077,3.3733754158,3.0513317585,2.80899429321,1.86622989178,0.984645664692,0.621723771095,0.328152418137,0.0877614021301,0.0231768954545,0.014403832145,0.00888988841325,0.00492328032851,0.002410777146,0.00316892913543,0.00458925496787,0.00107723509427],"median":[0.000282197404886,0.00216211611405,0.010457104072,0.0390076301992,0.180410891771,0.875044941902,4.08853340149,16.0419197083,39.6584854126,58.8385238647,49.2548217773,29.2939987183,22.7655792236,17.1000823975,11.8253078461,7.26564979553,5.18711090088,4.22043037415,3.22457289696,2.90469837189,2.2213640213,2.05063915253,1.29408049583,0.845569968224,0.670257210732,0.584628045559,0.514123082161,0.421371936798,0.284475833178,0.209408968687,0.141459554434,0.0497238300741,0.0103098768741,0.00568525632843,0.00354895554483,0.00198831269518,0.00104860239662,0.0017982670106,0.00160191312898,0.000280157779343],"min":[7.95701654556e-22,7.18412016557e-21,1.41436300987e-20,4.29365545287e-20,3.48777370711e-19,1.57747375319e-19,5.92432570824e-20,8.87401622969e-20,1.44745109386e-18,1.18989031557e-18,7.87765714859e-19,5.23484187145e-18,1.88037095669e-18,2.01379229437e-18,1.584956946e-18,7.53809113193e-18,6.94027777707e-18,4.28979587983e-18,4.03063316288e-18,3.62162998669e-18,1.20036786084e-17,7.600295114e-18,9.17444132638e-18,1.32870559462e-17,1.68866241988e-17,1.59359835711e-17,2.07198569123e-17,1.64385156455e-17,1.87326613698e-17,1.78622043219e-17,1.56186158767e-17,1.99510835228e-17,1.16553338273e-17,1.34413673166e-17,9.56313184186e-18,6.27889848727e-18,2.94264250319e-18,1.11337093903e-18,3.32145275984e-19,4.05275363975e-20],"var":[0.000282513326965,0.00867082830518,0.0614195428789,1.35612857342,2.52648544312,48.7956924438,1113.33044434,7935.93115234,20471.9667969,12813.5566406,11167.6171875,12070.2158203,6144.17431641,4550.86572266,2655.51635742,1694.85632324,1124.96264648,917.223449707,2108.27758789,794.035644531,501.913482666,671.609619141,1670.48339844,418.80090332,102.617637634,87.814239502,72.5562438965,31.3404998779,7.48230600357,3.18703532219,0.522808670998,0.0148181859404,0.00118053902406,0.000533563143108,0.000204331619898,0.0000615957033006,0.0000131962633532,0.000025800534786,0.000119819742395,0.00000687774263497]},"erbbands_crest":{"dmean":3.61476278305,"dmean2":5.96363782883,"dvar":9.6000995636,"dvar2":23.5232753754,"max":31.5413856506,"mean":12.1320543289,"median":11.4017925262,"min":2.3503305912,"var":20.7773590088},"erbbands_flatness_db":{"dmean":0.0307174120098,"dmean2":0.0489886924624,"dvar":0.000695181079209,"dvar2":0.00167492567562,"max":0.45273244381,"mean":0.262561053038,"median":0.258886098862,"min":0.0249314215034,"var":0.0020286696963},"erbbands_kurtosis":{"dmean":4.86917829514,"dmean2":7.74684381485,"dvar":44.0884056091,"dvar2":108.978507996,"max":96.5863189697,"mean":7.69794845581,"median":4.79992198944,"min":-1.65707194805,"var":85.8387680054},"erbbands_skewness":{"dmean":0.755118906498,"dmean2":1.12560164928,"dvar":0.477160364389,"dvar2":1.03651607037,"max":8.07063102722,"mean":1.67236030102,"median":1.68427801132,"min":-2.93864583969,"var":2.02246069908},"erbbands_spread":{"dmean":4.32983779907,"dmean2":6.81849431992,"dvar":27.8717098236,"dvar2":61.6335220337,"max":97.7460327148,"mean":12.2065582275,"median":10.2544269562,"min":0.925344347954,"var":71.7848205566},"gfcc":{"cov":[[3000.98803711,-177.102676392,-388.523284912,139.525741577,286.753295898,60.641834259,-102.769691467,-111.131591797,-164.954391479,-44.3246307373,-111.386695862,-35.8024902344,61.1511077881],[-177.102676392,1105.63342285,527.65045166,-177.299850464,-105.656211853,104.821563721,-224.809906006,-47.503364563,-155.227310181,13.8355951309,-53.6951370239,-10.3172082901,35.0419273376],[-388.523284912,527.65045166,867.973144531,-52.8482475281,-276.337158203,150.693557739,-297.629241943,135.827606201,-222.627441406,115.428123474,-48.6167411804,16.5899181366,18.799823761],[139.525741577,-177.299850464,-52.8482475281,258.575683594,153.604019165,-70.9645767212,90.7204437256,-68.2541732788,30.4526882172,-64.7268829346,14.2113189697,-5.2783908844,-14.6020956039],[286.753295898,-105.656211853,-276.337158203,153.604019165,304.18258667,15.2036905289,71.5602264404,-82.1097412109,10.9993648529,-64.4710006714,-13.0187005997,-24.2710971832,4.67680549622],[60.641834259,104.821563721,150.693557739,-70.9645767212,15.2036905289,184.747238159,-83.6691741943,58.339138031,-98.7782058716,48.2904968262,-45.8671913147,-10.3716468811,13.4788341522],[-102.769691467,-224.809906006,-297.629241943,90.7204437256,71.5602264404,-83.6691741943,310.170898438,-52.6531677246,182.768051147,-80.8116836548,43.2645874023,-9.91174983978,-33.6736564636],[-111.131591797,-47.503364563,135.827606201,-68.2541732788,-82.1097412109,58.339138031,-52.6531677246,238.357879639,-9.54999637604,85.9038543701,-14.8801898956,1.00800979137,-4.65874147415],[-164.954391479,-155.227310181,-222.627441406,30.4526882172,10.9993648529,-98.7782058716,182.768051147,-9.54999637604,219.11567688,-13.6320762634,52.4472198486,0.339382588863,-36.6554603577],[-44.3246307373,13.8355951309,115.428123474,-64.7268829346,-64.4710006714,48.2904968262,-80.8116836548,85.9038543701,-13.6320762634,110.729148865,15.1553955078,5.04158306122,6.43120384216],[-111.386695862,-53.6951370239,-48.6167411804,14.2113189697,-13.0187005997,-45.8671913147,43.2645874023,-14.8801898956,52.4472198486,15.1553955078,63.9049034119,29.7992191315,-7.22697544098],[-35.8024902344,-10.3172082901,16.5899181366,-5.2783908844,-24.2710971832,-10.3716468811,-9.91174983978,1.00800979137,0.339382588863,5.04158306122,29.7992191315,46.6222114563,19.3183193207],[61.1511077881,35.0419273376,18.799823761,-14.6020956039,4.67680549622,13.4788341522,-33.6736564636,-4.65874147415,-36.6554603577,6.43120384216,-7.22697544098,19.3183193207,48.8306846619]],"icov":[[0.000677054165863,-0.000926990702283,0.0027044005692,-0.00350341037847,0.00276580592617,-0.00168241525535,0.00072688475484,-0.000103038764792,0.000970741675701,-0.00166640221141,0.00221518520266,-0.00112236873247,0.000139493378811],[-0.000926990702283,0.00556321814656,-0.0111610963941,0.0150375012308,-0.0128032248467,0.00747371045873,-0.00219747424126,0.00215169554576,-0.00298650772311,0.00556675903499,-0.00477771414444,0.00370204471983,-0.00133120606188],[0.0027044005692,-0.0111610963941,0.0294026806951,-0.0383227057755,0.0347977653146,-0.0218820441514,0.00905670132488,-0.00446351105347,0.00705861626193,-0.0109696974978,0.00981922913343,-0.00534912757576,0.000682702113409],[-0.00350341037847,0.0150375012308,-0.0383227057755,0.0578637309372,-0.0495119355619,0.0326419956982,-0.0137385455891,0.00614608637989,-0.006131303031,0.0129951648414,-0.0106623787433,0.00335324718617,0.00327903917059],[0.00276580592617,-0.0128032248467,0.0347977653146,-0.0495119355619,0.0489078052342,-0.0314461365342,0.0129943471402,-0.00514485873282,0.00516024790704,-0.00657863589004,0.00416370620951,0.00309058558196,-0.00587914837524],[-0.00168241525535,0.00747371045873,-0.0218820441514,0.0326419956982,-0.0314461365342,0.0321184806526,-0.0134810749441,0.00411367882043,0.00332305277698,-0.00619304273278,0.0108097856864,-0.0104125617072,0.00920068472624],[0.00072688475484,-0.00219747424126,0.00905670132488,-0.0137385455891,0.0129943471402,-0.0134810749441,0.0166356023401,-0.0033581869211,-0.00823957845569,0.0118839982897,-0.0126660484821,0.0128594366834,-0.00801262818277],[-0.000103038764792,0.00215169554576,-0.00446351105347,0.00614608637989,-0.00514485873282,0.00411367882043,-0.0033581869211,0.00858522299677,-0.000408778112615,-0.00716738495976,0.00869310740381,-0.00664748437703,0.00455537764356],[0.000970741675701,-0.00298650772311,0.00705861626193,-0.006131303031,0.00516024790704,0.00332305277698,-0.00823957845569,-0.000408778112615,0.0179431959987,-0.0134633406997,0.00903507322073,-0.00992888491601,0.00975169986486],[-0.00166640221141,0.00556675903499,-0.0109696974978,0.0129951648414,-0.00657863589004,-0.00619304273278,0.0118839982897,-0.00716738495976,-0.0134633406997,0.04348462075,-0.0419578514993,0.0333726666868,-0.0191938653588],[0.00221518520266,-0.00477771414444,0.00981922913343,-0.0106623787433,0.00416370620951,0.0108097856864,-0.0126660484821,0.00869310740381,0.00903507322073,-0.0419578514993,0.0789981558919,-0.061045140028,0.0305485893041],[-0.00112236873247,0.00370204471983,-0.00534912757576,0.00335324718617,0.00309058558196,-0.0104125617072,0.0128594366834,-0.00664748437703,-0.00992888491601,0.0333726666868,-0.061045140028,0.0774617493153,-0.038905698806],[0.000139493378811,-0.00133120606188,0.000682702113409,0.00327903917059,-0.00587914837524,0.00920068472624,-0.00801262818277,0.00455537764356,0.00975169986486,-0.0191938653588,0.0305485893041,-0.038905698806,0.0446709357202]],"mean":[-61.5413894653,93.5971984863,-143.018264771,-43.496006012,-78.3530883789,-40.2749633789,-17.8944740295,-15.9462614059,4.51770544052,-4.02466917038,-3.14475464821,3.35736227036,-6.72557497025]},"hfc":{"dmean":5.23708534241,"dmean2":7.72023105621,"dvar":33.6259040833,"dvar2":76.7148895264,"max":120.463417053,"mean":16.2410449982,"median":14.3724193573,"min":1.1502315671e-16,"var":112.167198181},"melbands":{"dmean":[0.0000125092010421,0.0000124845455503,0.0000266006736638,0.0000817488325993,0.000363412284059,0.000716641079634,0.000931592250708,0.000672555470373,0.000417338189436,0.000272791599855,0.000178879126906,0.00012487071217,0.0000754170541768,0.0000434615103586,0.000027320065783,0.0000219118555833,0.0000174376018549,0.0000161416610354,0.0000132125815071,0.0000105112994788,0.00000731950285626,0.00000774447562435,0.00000842258032208,0.00000743758982935,0.00000305665912492,0.00000158794284744,0.00000144658361023,0.00000132778950501,0.00000122190112961,0.00000109624249944,5.72187445869e-7,3.56246630417e-7,2.47578014978e-7,1.82719332997e-7,1.16394531346e-7,6.05325212177e-8,2.19411262492e-8,1.53894230692e-8,1.34250841555e-8,1.17950991196e-8],"dmean2":[0.0000210270445677,0.0000207834254979,0.0000434562716691,0.000122829238535,0.000540455628652,0.00109705037903,0.00143787171692,0.0011189392535,0.000697645184118,0.000450599065516,0.000294506608043,0.000204211872187,0.000121720477182,0.000070535177656,0.0000440518087998,0.0000350804511982,0.0000274507747235,0.0000258295058302,0.0000205766682484,0.0000167760808836,0.0000112416928459,0.000012272510503,0.0000127460862132,0.0000110991859401,0.00000454990276921,0.00000230277441915,0.00000207701918953,0.00000201417037715,0.00000180884330803,0.0000016181711544,8.09031575955e-7,5.32632782324e-7,3.63388465985e-7,2.75444648423e-7,1.66893542541e-7,9.08215298523e-8,3.62258809616e-8,2.57926888736e-8,2.25046754565e-8,1.97677749725e-8],"dvar":[1.8634359833e-8,8.6811935418e-9,2.562326884e-8,3.19761852552e-8,4.97202393035e-7,0.00000164611572018,0.00000219853086492,7.5858162063e-7,7.19287811535e-7,3.59363042435e-7,1.11766958355e-7,5.35278630309e-8,3.01967553185e-8,1.09025277695e-8,5.88006310309e-9,4.63081439861e-9,1.61342605942e-9,4.57745219506e-9,1.25733123912e-9,6.98218483031e-10,3.71991853987e-10,4.47020559458e-10,6.19764350951e-10,7.51019690881e-10,1.11517212131e-10,2.33438338104e-11,2.49094824628e-11,1.72298113277e-11,1.46010668833e-11,1.70626863333e-11,3.49326470528e-12,1.39329585196e-12,6.4826513298e-13,3.66711489733e-13,1.03451589743e-13,1.6960093269e-14,8.62627935544e-16,5.21429247165e-16,4.00130079242e-16,3.09773342519e-16],"dvar2":[4.16653662683e-8,2.11367883196e-8,7.23836137695e-8,6.75601654621e-8,0.00000106602078631,0.00000309780261887,0.00000474799162475,0.00000190024513813,0.00000214042620428,9.23423328913e-7,2.89929715791e-7,1.34665626206e-7,7.62533503007e-8,2.39671589242e-8,1.47390109007e-8,1.20819567684e-8,3.75370179384e-9,1.07639355207e-8,2.62432808817e-9,1.57823987212e-9,8.01819666219e-10,1.0550325058e-9,1.34205146995e-9,1.63842028833e-9,2.18016091291e-10,4.90115968643e-11,5.81812480138e-11,3.88285376074e-11,3.04934306972e-11,3.60690713408e-11,6.42601553566e-12,3.07544116042e-12,1.11984770415e-12,6.41700071986e-13,1.94954200895e-13,3.12926157968e-14,2.23326462236e-15,1.41616666649e-15,1.08581100569e-15,8.40381303399e-16],"max":[0.00523604173213,0.00364650203846,0.00615706853569,0.00353980995715,0.0092820674181,0.0173586029559,0.0175401363522,0.0103659257293,0.0200059786439,0.0121266087517,0.00443383306265,0.00301512493752,0.00352691696025,0.00239434861578,0.00177870190237,0.00167424581014,0.000726294936612,0.00220514484681,0.000745731405914,0.000490714213811,0.000370074645616,0.000293017685181,0.000416986847995,0.000601978041232,0.00021796139481,0.000116666888061,0.000120933560538,0.0000764349097153,0.0000720296156942,0.0000791013953858,0.0000454100227216,0.0000310136529151,0.0000208873243537,0.0000177658839675,0.00000737225354897,0.00000310561586048,2.97080106293e-7,2.24037179919e-7,1.96663009433e-7,1.73014498728e-7],"mean":[0.0000139112898978,0.000015719273506,0.0000330679795297,0.000110372493509,0.000497941335198,0.00108015385922,0.00141358212568,0.000996469170786,0.000581539119594,0.000367214495782,0.000245417613769,0.000170234314282,0.00010137350182,0.0000618185440544,0.0000378378317691,0.0000291845226457,0.0000257383162534,0.0000221762802539,0.0000197219487745,0.0000145585217979,0.0000104425598693,0.0000109723596324,0.0000115857301353,0.0000098768296084,0.00000463405513074,0.00000253307803177,0.00000218728450818,0.00000198076327251,0.0000017688673779,0.00000155542818447,9.05587000943e-7,5.73474380872e-7,4.26241030027e-7,3.10943363502e-7,2.06216256515e-7,1.10019392707e-7,2.98924724973e-8,1.51900678702e-8,1.3223033335e-8,1.16362599556e-8],"median":[0.00000295799463856,0.00000443576482212,0.0000090517460194,0.0000287400616799,0.000118096802908,0.00037531615817,0.000624454463832,0.000641454942524,0.000367761880625,0.000165465986356,0.000109364002128,0.0000709579035174,0.000041094594053,0.0000225908752327,0.0000139472522278,0.00000968981112237,0.00000719617310097,0.00000478479159938,0.00000426267024523,0.00000314114004141,0.0000023429124667,0.00000210032885661,0.00000148621143126,9.31924546421e-7,6.46952230454e-7,4.8747551773e-7,4.4226678142e-7,3.65112271083e-7,3.14243692401e-7,2.90390175905e-7,2.19505608356e-7,1.60777588576e-7,1.29820946881e-7,1.08594861103e-7,8.81402613118e-8,5.62662947345e-8,1.67602038914e-8,5.95683946614e-9,5.1187463157e-9,4.54550530549e-9],"min":[9.13906087207e-24,8.47503878282e-24,1.64245258088e-23,2.15638978083e-23,2.16994434389e-24,1.46956779704e-24,2.35516142971e-23,1.12329241176e-23,6.81036241252e-24,3.39908583582e-23,8.04941834774e-24,8.18000480427e-24,3.47432604789e-24,1.84472409004e-23,1.40109159391e-23,1.46353214337e-23,7.08910877996e-24,7.14253911793e-24,4.10392776926e-24,9.18346269698e-24,1.34530082634e-23,7.03149826805e-24,8.05962463013e-24,8.58331861953e-24,1.08322616638e-23,1.25585157275e-23,1.16259977295e-23,1.04778927234e-23,1.03753881374e-23,1.55911510604e-23,8.09645970124e-24,9.07178523635e-24,1.4702633357e-23,7.77799497608e-24,8.46363895388e-24,1.07317079308e-23,1.18617235674e-23,6.2139748907e-24,1.0583196188e-23,1.22199547708e-23],"var":[2.0827281233e-8,1.46334580009e-8,3.6392666658e-8,5.80088475033e-8,9.34804347708e-7,0.00000369573854186,0.00000467940935778,0.00000126681300117,7.91854290583e-7,4.72665107054e-7,1.56115333994e-7,7.95952530552e-8,4.05758342481e-8,1.6757752519e-8,7.81106912484e-9,4.96940089079e-9,3.11312731149e-9,6.51299103538e-9,2.59417931581e-9,1.11283271487e-9,6.50098253008e-10,6.86764756175e-10,1.14794085349e-9,1.37212974316e-9,2.38824959808e-10,5.77005838942e-11,4.91432970706e-11,3.90896585933e-11,2.9098057297e-11,2.63782728299e-11,6.93578267735e-12,2.5935189326e-12,1.60718823233e-12,8.19516329797e-13,2.19104600999e-13,3.68317504859e-14,1.27624201168e-15,5.97852741891e-16,4.5773136368e-16,3.54588267572e-16]},"melbands_crest":{"dmean":3.96928596497,"dmean2":6.56295490265,"dvar":11.1365766525,"dvar2":28.2004165649,"max":37.7543640137,"mean":13.6912097931,"median":13.1930904388,"min":3.10805010796,"var":26.0859603882},"melbands_flatness_db":{"dmean":0.0367169752717,"dmean2":0.054832842201,"dvar":0.000996516202576,"dvar2":0.00198782538064,"max":0.534527182579,"mean":0.270679175854,"median":0.272304803133,"min":0.0104266842827,"var":0.00510118668899},"melbands_kurtosis":{"dmean":9.57990932465,"dmean2":15.4697036743,"dvar":183.131362915,"dvar2":454.812164307,"max":210.16897583,"mean":15.1262903214,"median":10.1050596237,"min":-1.65953540802,"var":297.649047852},"melbands_skewness":{"dmean":0.915410339832,"dmean2":1.4350591898,"dvar":0.739335894585,"dvar2":1.76484048367,"max":11.9675474167,"mean":2.11141514778,"median":1.99619460106,"min":-2.80656957626,"var":1.96688055992},"melbands_spread":{"dmean":4.10442590714,"dmean2":6.04293632507,"dvar":49.8649291992,"dvar2":88.0261611938,"max":135.512802124,"mean":10.0419778824,"median":5.58420324326,"min":0.468004345894,"var":158.309127808},"mfcc":{"cov":[[2276.26464844,-319.93927002,-678.177001953,210.549926758,174.019454956,257.068786621,71.2909393311,20.652305603,28.2927494049,-67.7439880371,-73.9575653076,-84.5065917969,-97.5567321777],[-319.93927002,1036.53173828,556.382263184,-242.131072998,136.669662476,-39.7231521606,17.6838302612,-149.011734009,-38.7112121582,-61.2759780884,-59.8497505188,-105.385696411,-40.7056427002],[-678.177001953,556.382263184,1033.01159668,-196.749237061,72.4536514282,-176.941421509,28.9941177368,-159.374694824,-38.4399490356,-50.2917938232,-15.6923971176,-47.1907920837,-7.8350892067],[210.549926758,-242.131072998,-196.749237061,344.765167236,-12.8337259293,78.1349411011,-17.6090297699,78.5205993652,-25.4345531464,-5.32965517044,0.952353417873,21.7236690521,-17.9097919464],[174.019454956,136.669662476,72.4536514282,-12.8337259293,250.637634277,24.6904888153,63.7418479919,-67.6955718994,-6.24529838562,-49.7503013611,-27.6408290863,-51.956829071,-37.5765228271],[257.068786621,-39.7231521606,-176.941421509,78.1349411011,24.6904888153,204.464202881,23.610408783,26.6808109283,-26.1151161194,-9.34750843048,-34.3357009888,-29.8776988983,-22.9427776337],[71.2909393311,17.6838302612,28.9941177368,-17.6090297699,63.7418479919,23.610408783,104.529640198,5.21502017975,15.5703411102,-18.5241680145,-7.02464914322,-22.6945953369,-20.1996307373],[20.652305603,-149.011734009,-159.374694824,78.5205993652,-67.6955718994,26.6808109283,5.21502017975,128.10760498,36.5261611938,33.4856033325,14.8137273788,31.9061317444,9.26469707489],[28.2927494049,-38.7112121582,-38.4399490356,-25.4345531464,-6.24529838562,-26.1151161194,15.5703411102,36.5261611938,86.1716384888,43.6450195312,24.5529251099,16.8823280334,7.78766441345],[-67.7439880371,-61.2759780884,-50.2917938232,-5.32965517044,-49.7503013611,-9.34750843048,-18.5241680145,33.4856033325,43.6450195312,83.3065567017,42.9618721008,29.3382453918,21.8109111786],[-73.9575653076,-59.8497505188,-15.6923971176,0.952353417873,-27.6408290863,-34.3357009888,-7.02464914322,14.8137273788,24.5529251099,42.9618721008,64.8889923096,45.3191566467,21.0573368073],[-84.5065917969,-105.385696411,-47.1907920837,21.7236690521,-51.956829071,-29.8776988983,-22.6945953369,31.9061317444,16.8823280334,29.3382453918,45.3191566467,81.2942199707,45.5303611755],[-97.5567321777,-40.7056427002,-7.8350892067,-17.9097919464,-37.5765228271,-22.9427776337,-20.1996307373,9.26469707489,7.78766441345,21.8109111786,21.0573368073,45.5303611755,60.3429031372]],"icov":[[0.000737677328289,0.0000990465705399,0.000436261820141,-0.000239872810198,-0.000216458865907,-0.00047982428805,-0.0000498685694765,0.000659272889607,-0.000990777160041,0.000713027722668,0.000115922935947,0.000261329871137,0.000442243268481],[0.0000990465705399,0.00177997304127,-0.000742547446862,0.000847258721478,-0.000594228331465,-0.000573665602133,0.000841093657073,0.0000239177352341,-0.000117932941066,0.000330657756422,0.0000477432695334,0.00114099076018,0.000223771014134],[0.000436261820141,-0.000742547446862,0.00210427725688,-0.000286065536784,0.000198802139494,0.0012511133682,-0.00123815133702,0.00162960810121,0.000136992661282,0.0000656368210912,0.000395128474338,0.0000607284200669,0.000102426682133],[-0.000239872810198,0.000847258721478,-0.000286065536784,0.00497839180753,-0.00109661917668,-0.00102665298618,0.00179367850069,-0.00333616044372,0.00255975662731,0.00040344716399,-0.000534277467523,-0.00184321345296,0.00276461569592],[-0.000216458865907,-0.000594228331465,0.000198802139494,-0.00109661917668,0.00688671087846,-0.000343116786098,-0.00330160721205,0.00394120626152,-0.00232006795704,0.00234878435731,-0.00080687738955,0.00116279814392,0.000251894933172],[-0.00047982428805,-0.000573665602133,0.0012511133682,-0.00102665298618,-0.000343116786098,0.00855369772762,-0.00282382871956,-0.00101686199196,0.00455392384902,-0.00443247566,0.00443340791389,0.000424632133218,0.0000913030817173],[-0.0000498685694765,0.000841093657073,-0.00123815133702,0.00179367850069,-0.00330160721205,-0.00282382871956,0.0152624845505,-0.00423504738137,-0.00406480394304,0.00604572286829,-0.00522219901904,0.0037145614624,0.000847027346026],[0.000659272889607,0.0000239177352341,0.00162960810121,-0.00333616044372,0.00394120626152,-0.00101686199196,-0.00423504738137,0.0171474888921,-0.00649555819109,-0.00198209821247,0.00438670162112,-0.00461948895827,0.0018301095115],[-0.000990777160041,-0.000117932941066,0.000136992661282,0.00255975662731,-0.00232006795704,0.00455392384902,-0.00406480394304,-0.00649555819109,0.0236554667354,-0.0127859953791,0.00196099025197,-0.00263122562319,0.00188908318523],[0.000713027722668,0.000330657756422,0.0000656368210912,0.00040344716399,0.00234878435731,-0.00443247566,0.00604572286829,-0.00198209821247,-0.0127859953791,0.0308529548347,-0.0189573708922,0.00887023191899,-0.00596955278888],[0.000115922935947,0.0000477432695334,0.000395128474338,-0.000534277467523,-0.00080687738955,0.00443340791389,-0.00522219901904,0.00438670162112,0.00196099025197,-0.0189573708922,0.0410035960376,-0.0224912129343,0.00813449639827],[0.000261329871137,0.00114099076018,0.0000607284200669,-0.00184321345296,0.00116279814392,0.000424632133218,0.0037145614624,-0.00461948895827,-0.00263122562319,0.00887023191899,-0.0224912129343,0.0406410954893,-0.0221915896982],[0.000442243268481,0.000223771014134,0.000102426682133,0.00276461569592,0.000251894933172,0.0000913030817173,0.000847027346026,0.0018301095115,0.00188908318523,-0.00596955278888,0.00813449639827,-0.0221915896982,0.0342852771282]],"mean":[-707.283203125,157.56880188,-35.7170448303,-7.90995740891,-49.8221130371,-19.5382194519,-34.4054527283,-6.62362623215,-10.3713951111,-1.65471422672,-2.0243036747,3.97762060165,4.19617319107]},"pitch_salience":{"dmean":0.0854574069381,"dmean2":0.140942811966,"dvar":0.00608689524233,"dvar2":0.0158401858062,"max":0.868774950504,"mean":0.691362977028,"median":0.715287804604,"min":0.0828949138522,"var":0.0124761490151},"silence_rate_20dB":{"dmean":0,"dmean2":0,"dvar":0,"dvar2":0,"max":1,"mean":1,"median":1,"min":1,"var":0},"silence_rate_30dB":{"dmean":0.000917010533158,"dmean2":0.00183486239985,"dvar":0.000916163204238,"dvar2":0.00274889799766,"max":1,"mean":0.999541699886,"median":1,"min":0,"var":0.000458113470813},"silence_rate_60dB":{"dmean":0.00641907379031,"dmean2":0.0123853208497,"dvar":0.00637774029747,"dvar2":0.0149837620556,"max":1,"mean":0.00733272219077,"median":0,"min":0,"var":0.00727895461023},"spectral_centroid":{"dmean":181.830566406,"dmean2":246.114334106,"dvar":126628.828125,"dvar2":160895.390625,"max":11205.5419922,"mean":862.771728516,"median":649.377319336,"min":294.981567383,"var":394935.28125},"spectral_complexity":{"dmean":3.32049512863,"dmean2":4.8844037056,"dvar":13.7409620285,"dvar2":23.0563201904,"max":52,"mean":15.3130159378,"median":13,"min":0,"var":65.2763290405},"spectral_contrast_coeffs":{"dmean":[0.0594798512757,0.0579031445086,0.0437755435705,0.0273774862289,0.0230177156627,0.0511057302356],"dmean2":[0.0925771147013,0.0957884266973,0.0715036466718,0.0457254052162,0.0361546315253,0.0797586962581],"dvar":[0.00234319036826,0.00212646042928,0.00114640616812,0.000494648935273,0.000381580961403,0.00189501384739],"dvar2":[0.00545642897487,0.0056745163165,0.00306328479201,0.0013301607687,0.000860692292918,0.00455385539681],"max":[-0.339770644903,-0.457470625639,-0.537731826305,-0.675674557686,-0.656413555145,-0.393994182348],"mean":[-0.626237332821,-0.728927910328,-0.780950069427,-0.832755029202,-0.836040556431,-0.732064962387],"median":[-0.639182925224,-0.735146939754,-0.787818431854,-0.838384032249,-0.842317461967,-0.74175208807],"min":[-0.965678453445,-0.970821678638,-0.954693496227,-0.966146051884,-0.958477079868,-0.963062465191],"var":[0.00923292338848,0.00492880446836,0.00299803144298,0.00119130359963,0.00149780209176,0.00696120690554]},"spectral_contrast_valleys":{"dmean":[0.571789503098,0.393689215183,0.34633743763,0.337443619967,0.334124296904,0.748838663101],"dmean2":[0.915280520916,0.639132320881,0.53347325325,0.48759368062,0.476978838444,1.20851528645],"dvar":[0.340904086828,0.255501031876,0.24762390554,0.226692721248,0.224490046501,0.42636808753],"dvar2":[0.613284647465,0.32653260231,0.296483308077,0.248348325491,0.282600075006,1.05844116211],"max":[-5.86472892761,-4.3708820343,-5.04504776001,-5.33798503876,-5.85356235504,-9.56271362305],"mean":[-9.23970603943,-5.7693696022,-6.67413043976,-7.64572286606,-8.03576278687,-11.5332632065],"median":[-9.21345901489,-5.72182941437,-6.68338871002,-7.67447280884,-8.14070415497,-11.4549045563],"min":[-27.1425552368,-27.0978450775,-27.3175029755,-27.1281738281,-27.3175067902,-27.1554107666],"var":[0.730867147446,0.550137877464,0.541899561882,0.693207025528,0.702719092369,0.848955631256]},"spectral_decrease":{"dmean":2.16221796023e-9,"dmean2":3.25162696768e-9,"dvar":5.83211631814e-18,"dvar2":1.31573606436e-17,"max":-3.98636503053e-29,"mean":-5.85622927929e-9,"median":-4.84445505933e-9,"min":-3.55819835818e-8,"var":1.89425567958e-17},"spectral_energy":{"dmean":0.00852608494461,"dmean2":0.0128354514018,"dvar":0.0000910328672035,"dvar2":0.000206923359656,"max":0.145219802856,"mean":0.0235758535564,"median":0.0197316072881,"min":1.05834108149e-20,"var":0.0002915119112},"spectral_energyband_high":{"dmean":0.0000989582331385,"dmean2":0.000132121538627,"dvar":7.30298026497e-8,"dvar2":1.2016629114e-7,"max":0.00439548725262,"mean":0.000181046387297,"median":0.0000506715041411,"min":7.76254721153e-21,"var":2.02416813977e-7},"spectral_energyband_low":{"dmean":0.0000796893582447,"dmean2":0.000126041122712,"dvar":4.97066935168e-7,"dvar2":0.00000112187535706,"max":0.0305919293314,"mean":0.000116180395707,"median":0.0000310046962113,"min":5.58747213051e-23,"var":0.0000010289693364},"spectral_energyband_middle_high":{"dmean":0.00193711847533,"dmean2":0.00291158515029,"dvar":0.00000912749419513,"dvar2":0.000021198658942,"max":0.0701199546456,"mean":0.00402021640912,"median":0.00208391621709,"min":1.4914795478e-21,"var":0.000023162107027},"spectral_energyband_middle_low":{"dmean":0.00835703033954,"dmean2":0.012636882253,"dvar":0.0000863941459102,"dvar2":0.000195373067982,"max":0.114375270903,"mean":0.0195135977119,"median":0.0147011782974,"min":4.58094531644e-22,"var":0.000290453172056},"spectral_entropy":{"dmean":0.263764679432,"dmean2":0.394312977791,"dvar":0.0621491335332,"dvar2":0.123089417815,"max":9.81411075592,"mean":6.94111633301,"median":6.97264289856,"min":4.72995519638,"var":0.284349858761},"spectral_flux":{"dmean":0.0246435198933,"dmean2":0.0402116812766,"dvar":0.000584777444601,"dvar2":0.00150453369133,"max":0.277924925089,"mean":0.0931436344981,"median":0.0893956422806,"min":1.02875707952e-10,"var":0.0012673845049},"spectral_kurtosis":{"dmean":5.00501871109,"dmean2":8.11070251465,"dvar":44.8283081055,"dvar2":117.116889954,"max":80.698135376,"mean":15.5365848541,"median":13.3988208771,"min":-1.20325803757,"var":73.2557983398},"spectral_rms":{"dmean":0.000851842982229,"dmean2":0.00126715423539,"dvar":5.98259987328e-7,"dvar2":0.00000124621158193,"max":0.0119028510526,"mean":0.0045021045953,"median":0.0043875221163,"min":3.21329724981e-12,"var":0.00000273192222267},"spectral_rolloff":{"dmean":259.799407959,"dmean2":383.913116455,"dvar":342855.21875,"dvar2":491245.34375,"max":18604.6875,"mean":1040.39453125,"median":753.662109375,"min":21.533203125,"var":825877.5},"spectral_skewness":{"dmean":0.451661080122,"dmean2":0.688081681728,"dvar":0.233164876699,"dvar2":0.530674636364,"max":7.1788725853,"mean":2.77728915215,"median":2.66278338432,"min":0.00681821955368,"var":0.777552545071},"spectral_spread":{"dmean":519673.84375,"dmean2":806523.0625,"dvar":733947363328,"dvar2":880460693504,"max":40994924,"mean":2786324,"median":2705225,"min":1031208.6875,"var":1219611328510},"spectral_strongpeak":{"dmean":0.6564027071,"dmean2":1.07608938217,"dvar":0.391501873732,"dvar2":0.971758425236,"max":5.96162462234,"mean":1.25231099129,"median":1.01490569115,"min":0,"var":0.810644626617},"zerocrossingrate":{"dmean":0.00926346331835,"dmean2":0.00974613893777,"dvar":0.000222387170652,"dvar2":0.000249287171755,"max":0.505859375,"mean":0.0469844266772,"median":0.03662109375,"min":0.00048828125,"var":0.00122354284395}},"metadata":{"audio_properties":{"analysis_sample_rate":44100,"bit_rate":192000,"codec":"mp3","downmix":"mix","equal_loudness":0,"length":50.6399765015,"lossless":false,"md5_encoded":"fc236f69725458f3d152c5abd63e3580","replay_gain":-3.83140182495,"sample_rate":48000},"tags":{"album":["Keep on Your Mean Side"],"albumartist":["The Kills"],"albumartistsort":["Kills, The"],"artist":["The Kills"],"asin":["B00008A8KT"],"catalognumber":["WIGLP124"],"composer":["The Kills"],"date":["2003-03-10"],"file_name":"06 - Hand.mp3","genre":["Rock And Indie"],"label":["Domino"],"lyricist":["The Kills"],"musicbrainz album release country":["GB"],"musicbrainz album status":["official"],"musicbrainz album type":["album"],"musicbrainz_albumartistid":["2c629b8c-d751-4131-b785-5690bb5e0fd7"],"musicbrainz_albumid":["a5bfc64b-201e-496e-a923-7c7199c39fa6"],"musicbrainz_artistid":["2c629b8c-d751-4131-b785-5690bb5e0fd7"],"musicbrainz_recordingid":["4b91c2f0-7c3e-4245-b86b-ffd8791d028e"],"replaygain_album_gain":["-9.04 dB"],"replaygain_album_peak":["1.173319578"],"replaygain_track_gain":["-0.60 dB"],"replaygain_track_peak":["0.962347090"],"title":["Hand"],"tracknumber":["6/12"]},"version":{"essentia":"2.1-beta1","essentia_build_sha":"ca57ba49d9b1854bd80e60cf9ccf267278fb7d6b","essentia_git_sha":"v2.1_beta1-28-g21ef5f4-dirty","extractor":"music 1.0"}},"rhythm":{"beats_count":87,"beats_loudness":{"dmean":0.0201666112989,"dmean2":0.0370825119317,"dvar":0.000307147012791,"dvar2":0.000817888474558,"max":0.083740837872,"mean":0.0277368556708,"median":0.0230944026262,"min":0.0047581535764,"var":0.000309637747705},"beats_loudness_band_ratio":{"dmean":[0.0151117481291,0.273364275694,0.260456085205,0.138686344028,0.102685526013,0.0329117402434],"dmean2":[0.029128106311,0.488068878651,0.47265547514,0.243625074625,0.189935103059,0.0614238418639],