{"lowlevel":{"average_loudness":0.943928182125,"barkbands":{"dmean":[0.0161864291877,0.0140393888578,0.00283905654214,0.00124036322813,0.00140501256101,0.00201662420295,0.00156323437113,0.000636296288576,0.000757021422032,0.000973522837739,0.000909005000722,0.00158509251196,0.000848263560329,0.000432661297964,0.000338553538313,0.000200131573365,0.000191716157133,0.000141603508382,0.000109996348328,0.0000835488535813,0.0000759757094784,0.0000478183792438,0.0000237559852394,0.0000125282895169,0.00000381125232707,0.0000229017314268,0.000320793304127],"dmean2":[0.0257057156414,0.0231598578393,0.00488228816539,0.00207344768569,0.00227274675854,0.00328542524949,0.00252850377001,0.00109198328573,0.00126422790345,0.00163918104954,0.00153544486966,0.0026434508618,0.00143732130527,0.000731973676011,0.000572431541514,0.000338604848366,0.000316778547131,0.000226080941502,0.00016812881222,0.000129545500386,0.000110446220788,0.0000697258365108,0.0000333739881171,0.0000179416110768,0.00000627049212198,0.0000318285783578,0.000508402299602],"dvar":[0.00132711534388,0.000566214439459,0.0000269015872618,0.00000468036523671,0.00000698303438185,0.0000151234626173,0.0000137661536428,0.00000159672106292,0.00000317685839946,0.00000401905072067,0.00000299286307381,0.00000403573585572,0.00000123709912714,2.78632910522e-7,1.8367688881e-7,7.02054521184e-8,7.33675946663e-8,6.00745551083e-8,1.09890997635e-7,8.21096008963e-8,1.68567154901e-7,4.51661676948e-8,5.09847852825e-9,8.73586813999e-10,3.92301573171e-11,3.0537294915e-9,1.44512910083e-7],"dvar2":[0.00299045909196,0.00144257897045,0.000075206051406,0.0000123228492157,0.0000164345619851,0.0000385255953006,0.0000316697733069,0.00000438204415332,0.00000849798198033,0.000010859305803,0.00000775087119109,0.000010672463759,0.00000347278000845,7.6762023582e-7,5.07318702603e-7,1.90224923813e-7,1.84131764058e-7,1.39701569424e-7,2.2453166082e-7,1.65757299442e-7,3.26649939097e-7,7.77092381554e-8,8.50524717322e-9,1.49237389113e-9,9.8570325513e-11,5.19032816726e-9,3.46813806118e-7],"max":[0.363217651844,0.23357604444,0.0707491859794,0.0377224422991,0.0767150968313,0.080964691937,0.0987075790763,0.0335732065141,0.043023519218,0.060622472316,0.0728616192937,0.0410816967487,0.0203444305807,0.00866788625717,0.00616736570373,0.00357758440077,0.00407027732581,0.00660505145788,0.0159540809691,0.0114505728707,0.0194864720106,0.0107170213014,0.00538718281314,0.000572210177779,0.0000859756328282,0.0016034420114,0.010692990385],"mean":[0.0151521163061,0.0193229932338,0.00346905970946,0.001699116081,0.00231433846056,0.0032702984754,0.00236846739426,0.000972427369561,0.001244155108,0.0014953330392,0.00147276290227,0.00305471685715,0.00158303056378,0.000886770605575,0.000679440214299,0.000381286925403,0.000362170831067,0.000270944670774,0.000211528094951,0.000165966543136,0.000135402326123,0.0000869854848133,0.0000413559573644,0.0000194444128283,0.00000383154929295,0.0000409037493228,0.00128041114658],"median":[0.00325966207311,0.0118408761919,0.00210622465238,0.000932811002713,0.0011780456407,0.00173482485116,0.00103019119706,0.000520564557519,0.000595654128119,0.000793244282249,0.000911869166885,0.00236299750395,0.00119928759523,0.000719285104424,0.000558867643122,0.000312999938615,0.00026975912624,0.000181601295481,0.00012276491907,0.000101189827546,0.0000641781589366,0.0000394348317059,0.0000176182384166,0.00000750070694266,0.00000154203007696,0.0000178389364009,0.00126953597646],"min":[1.8951438587e-24,1.29151873529e-23,2.43539552574e-23,2.47214792423e-23,4.41438042864e-23,2.1720781732e-23,2.90351994417e-23,2.2202640061e-23,5.86860385556e-23,4.23027922602e-23,3.05355907953e-23,2.89023173999e-23,2.34611540393e-23,3.53246927757e-23,5.86076510252e-23,1.09207076441e-22,1.48591392586e-22,1.7611425732e-22,2.84679251471e-22,2.75482647929e-22,4.24997613619e-22,3.81729211435e-22,4.41946687754e-22,9.24677156141e-22,1.01856881996e-21,1.58270246363e-21,2.33062237139e-21],"var":[0.00131281337235,0.000611265888438,0.0000234239905694,0.00000657533018966,0.0000164773700817,0.000027424604923,0.0000264875870926,0.00000248646620093,0.00000548225398234,0.00000543916303286,0.00000424602512794,0.00000793386425357,0.0000024410860533,6.22511720394e-7,3.9763216364e-7,1.28556919776e-7,1.3847031255e-7,1.17134831612e-7,1.81152614687e-7,1.31958330485e-7,2.76647966757e-7,1.02663015866e-7,1.32842989942e-8,1.84625048583e-9,4.12594680643e-11,6.74644562437e-9,9.77390754997e-7]},"barkbands_crest":{"dmean":2.85193157196,"dmean2":4.54621648788,"dvar":6.06457853317,"dvar2":14.1437349319,"max":23.2200813293,"mean":9.95384979248,"median":9.29326152802,"min":2.57946038246,"var":17.3679599762},"barkbands_flatness_db":{"dmean":0.0269082952291,"dmean2":0.0411568880081,"dvar":0.000722309807315,"dvar2":0.00152434094343,"max":0.353020727634,"mean":0.133333221078,"median":0.121780283749,"min":0.0267919003963,"var":0.00253657321446},"barkbands_kurtosis":{"dmean":4.63817071915,"dmean2":7.45269298553,"dvar":77.2731323242,"dvar2":185.884185791,"max":159.828918457,"mean":6.15582561493,"median":2.86239981651,"min":-1.76629650593,"var":96.2300415039},"barkbands_skewness":{"dmean":0.696801543236,"dmean2":1.07109928131,"dvar":0.688767671585,"dvar2":1.50366556644,"max":11.3892183304,"mean":1.85911500454,"median":1.60057508945,"min":-2.4156537056,"var":1.71300983429},"barkbands_spread":{"dmean":7.18097543716,"dmean2":11.0643491745,"dvar":54.9425239563,"dvar2":114.650382996,"max":132.948303223,"mean":28.4076213837,"median":28.5479278564,"min":1.81870102882,"var":214.009231567},"dissonance":{"dmean":0.0158518962562,"dmean2":0.0270284879953,"dvar":0.000261299457634,"dvar2":0.000733400927857,"max":0.500000178814,"mean":0.476513534784,"median":0.481815695763,"min":0.312633991241,"var":0.00040230769082},"dynamic_complexity":2.80240392685,"erbbands":{"dmean":[0.879695236683,1.71304309368,3.11208224297,3.79456520081,3.73913693428,4.86393117905,11.4436950684,18.3420085907,24.2901382446,16.5951957703,14.8081235886,15.7012348175,24.8510513306,29.0067157745,45.2116775513,57.6061782837,39.2328796387,19.8395233154,20.0602035522,13.4035816193,9.86901855469,10.5257492065,7.46097898483,6.27930736542,5.19750118256,3.92699217796,3.11088824272,2.90239334106,1.93580174446,1.02665817738,0.62503862381,0.366609305143,0.146467879415,0.0454231351614,0.0274130497128,0.0300092324615,0.0506271459162,0.0414828024805,0.0156429316849,0.00859794113785],"dmean2":[1.43543255329,2.90934729576,5.36247253418,6.35394763947,6.22049045563,7.96786642075,18.2365150452,30.2016010284,39.3092651367,27.9896640778,25.0639629364,26.4088726044,41.6608581543,48.6496620178,75.4467163086,96.1619720459,66.1976013184,33.3155822754,33.8259239197,22.6135959625,16.5149459839,17.3548431396,11.9138116837,9.78670787811,7.92895460129,6.05864953995,4.68592500687,4.18848180771,2.82065820694,1.45908629894,0.878377795219,0.523526072502,0.212598249316,0.0732580944896,0.0448510125279,0.0440583080053,0.0698887184262,0.0582818090916,0.0223163068295,0.0133109297603],"dvar":[2.72064876556,6.34705162048,29.1487560272,44.5451507568,33.097946167,108.160118103,704.889892578,1390.92614746,3904.53222656,1181.3548584,731.762023926,1342.53588867,3784.16772461,3152.47827148,4845.16259766,5654.47607422,2687.66088867,577.786682129,630.595947266,300.413146973,182.282455444,236.315597534,170.547790527,202.387252808,275.68057251,199.832962036,212.429672241,255.98097229,79.709526062,14.1645374298,3.22994637489,0.831341445446,0.0977350473404,0.00521293235943,0.00196205358952,0.00344273122028,0.0162101965398,0.00976872351021,0.00125070626382,0.0000931689064601],"dvar2":[6.76610422134,17.2380981445,80.4472427368,121.621177673,84.5507049561,265.467590332,1718.44287109,3501.62817383,9010.07519531,3198.5378418,1935.38549805,3651.40185547,10458.9677734,8436.35253906,12810.7529297,15114.4072266,7559.26660156,1603.70996094,1747.41906738,818.452148438,478.613250732,591.342407227,396.527038574,416.307678223,561.088195801,414.326324463,393.648681641,500.737182617,144.057113647,23.000585556,5.4581246376,1.48431527615,0.168358668685,0.0127978762612,0.00492100510746,0.00617715157568,0.026936814189,0.017417602241,0.00227423058823,0.000208293611649],"max":[16.2504711151,43.5235977173,79.9714431763,98.532409668,116.28263855,329.643737793,592.745849609,828.786071777,1752.6685791,797.095703125,648.533569336,1036.52197266,3245.36694336,1211.44799805,2157.41894531,1599.0826416,933.991333008,379.55255127,400.998077393,271.041381836,203.604476929,233.126144409,347.3175354,491.924499512,762.804382324,570.577941895,640.353759766,741.856872559,474.783447266,204.721282959,135.149871826,19.3871212006,5.92683887482,0.986791789532,0.604987323284,1.30830800533,2.4133644104,3.63055419922,1.38417696953,0.239423513412],"mean":[1.09512853622,2.34981584549,3.93567752838,5.42382240295,5.54770565033,7.23616981506,18.7438373566,28.8715267181,36.0097007751,26.0392723083,24.4131946564,26.1818256378,39.6427650452,49.9043922424,86.9795608521,116.015907288,78.2163696289,45.9782562256,43.5960006714,28.6754150391,20.6624965668,20.3057098389,14.7570047379,12.6112585068,10.1202487946,7.80629491806,5.91638183594,5.08401107788,3.4707736969,1.85180938244,1.0869294405,0.595396697521,0.211519479752,0.0498643703759,0.0287506487221,0.042376909405,0.0903782695532,0.0877028331161,0.0525385662913,0.0443206466734],"median":[0.538507819176,1.5758150816,2.46455597878,3.26828932762,3.21949028969,3.47446632385,7.29687166214,15.9058713913,15.2643070221,13.125043869,13.3183431625,12.9067163467,20.1420440674,29.4883327484,64.0192565918,91.1019134521,61.1666793823,38.6943626404,36.9011421204,24.2248668671,17.2934055328,15.0769376755,10.134894371,8.12609481812,5.81441450119,4.71270847321,3.21968483925,2.25012898445,1.5546002388,0.825159192085,0.462933957577,0.2376935184,0.0760003775358,0.0223480109125,0.0126380613074,0.0177496299148,0.0383669957519,0.0467859990895,0.0390451774001,0.0458771437407],"min":[5.30124827676e-22,1.67804351106e-21,1.90110193169e-20,6.88570862036e-20,5.05159523204e-20,1.18211760954e-19,3.54092781629e-19,1.29796412509e-19,4.366373676e-19,4.62723387096e-19,5.85491362262e-19,1.50887008153e-18,2.62300481845e-18,7.68012952024e-19,1.68730100466e-18,1.46002951245e-18,1.46220365329e-18,2.95059253606e-18,2.41568275126e-18,3.71789147611e-18,6.97045332582e-18,8.74284495253e-18,1.04513128887e-17,1.17456023931e-17,1.24495943058e-17,1.31760466536e-17,1.69115074459e-17,1.74298237808e-17,1.42271938616e-17,1.14072698062e-17,1.27238361117e-17,1.92766335385e-17,1.52789126515e-17,9.98341734801e-18,7.0118826668e-18,5.14497200662e-18,3.30218689619e-18,1.06533097739e-18,2.88720723668e-19,3.34708165865e-20],"var":[2.79613351822,6.99669218063,26.2719173431,52.5436058044,55.0377578735,190.422927856,1652.07495117,2434.21337891,6951.72949219,2019.65722656,1276.79333496,2219.62792969,4943.91113281,4878.95361328,8320.70507812,11043.7900391,5435.21191406,1530.24035645,1475.34838867,685.881408691,359.43637085,437.790405273,326.643157959,395.978515625,444.621490479,310.175720215,346.97845459,441.460510254,177.663299561,35.5766220093,7.77467107773,1.70501697063,0.208601087332,0.00598334567621,0.00210269168019,0.00691613042727,0.035252738744,0.0234467275441,0.00411353213713,0.000900092127267]},"erbbands_crest":{"dmean":2.45768404007,"dmean2":4.10805749893,"dvar":4.70868110657,"dvar2":12.4975318909,"max":31.0289592743,"mean":8.48455715179,"median":7.69984054565,"min":2.15122914314,"var":11.6580715179},"erbbands_flatness_db":{"dmean":0.0207263473421,"dmean2":0.0318035967648,"dvar":0.00034203263931,"dvar2":0.000789550307672,"max":0.397112876177,"mean":0.151519089937,"median":0.144749253988,"min":0.0375278256834,"var":0.00217255880125},"erbbands_kurtosis":{"dmean":0.960694611073,"dmean2":1.56198000908,"dvar":1.38112008572,"dvar2":3.59252619743,"max":49.5695114136,"mean":1.12767231464,"median":0.779148936272,"min":-1.44038891792,"var":2.99273753166},"erbbands_skewness":{"dmean":0.306944966316,"dmean2":0.490362673998,"dvar":0.0716271996498,"dvar2":0.170666277409,"max":3.35325598717,"mean":-0.0836062654853,"median":-0.0822231397033,"min":-4.58645105362,"var":0.290076941252},"erbbands_spread":{"dmean":5.25703144073,"dmean2":8.2944278717,"dvar":27.4942817688,"dvar2":63.7044487,"max":97.0975189209,"mean":22.9534091949,"median":21.5889015198,"min":1.47945058346,"var":98.8443069458},"gfcc":{"cov":[[7639.64746094,-639.58013916,146.573074341,773.554931641,229.240982056,-190.186325073,220.695297241,121.205177307,209.664764404,20.45262146,4.59970283508,192.299591064,-40.6675262451],[-639.58013916,826.408447266,16.9089431763,-292.42855835,44.5780220032,5.56374263763,-17.7554931641,-39.8927154541,-22.43227005,-4.55202960968,58.0847816467,-64.6468734741,99.8324432373],[146.573074341,16.9089431763,393.646697998,136.837051392,-45.737411499,163.440658569,-37.5026817322,107.282722473,-10.1625890732,27.2303123474,15.093744278,44.0454063416,-7.12349128723],[773.554931641,-292.42855835,136.837051392,370.666473389,81.9186553955,-7.424305439,68.284362793,49.379234314,23.8554153442,-2.84258246422,-12.6107721329,58.0200691223,-44.723526001],[229.240982056,44.5780220032,-45.737411499,81.9186553955,230.18196106,-18.3340988159,47.0473937988,3.2677924633,34.0701828003,-13.0180559158,23.0472202301,-11.1404304504,33.8215446472],[-190.186325073,5.56374263763,163.440658569,-7.424305439,-18.3340988159,192.378768921,-31.8934841156,72.9695663452,-21.7964992523,17.4489974976,2.16758799553,6.99671363831,-0.936797499657],[220.695297241,-17.7554931641,-37.5026817322,68.284362793,47.0473937988,-31.8934841156,159.136917114,-6.80144929886,62.2857398987,0.526180684566,4.82377433777,15.9436216354,-26.1094360352],[121.205177307,-39.8927154541,107.282722473,49.379234314,3.2677924633,72.9695663452,-6.80144929886,136.604553223,23.2201824188,25.8852882385,12.1907310486,5.03403568268,8.70172119141],[209.664764404,-22.43227005,-10.1625890732,23.8554153442,34.0701828003,-21.7964992523,62.2857398987,23.2201824188,106.020698547,27.3997936249,15.4131584167,24.7127056122,-13.9831943512],[20.45262146,-4.55202960968,27.2303123474,-2.84258246422,-13.0180559158,17.4489974976,0.526180684566,25.8852882385,27.3997936249,57.939617157,32.8948173523,13.6757106781,12.9468336105],[4.59970283508,58.0847816467,15.093744278,-12.6107721329,23.0472202301,2.16758799553,4.82377433777,12.1907310486,15.4131584167,32.8948173523,63.7483329773,27.6009120941,25.964056015],[192.299591064,-64.6468734741,44.0454063416,58.0200691223,-11.1404304504,6.99671363831,15.9436216354,5.03403568268,24.7127056122,13.6757106781,27.6009120941,72.5936355591,4.3341627121],[-40.6675262451,99.8324432373,-7.12349128723,-44.723526001,33.8215446472,-0.936797499657,-26.1094360352,8.70172119141,-13.9831943512,12.9468336105,25.964056015,4.3341627121,81.6417312622]],"icov":[[0.000180332790478,0.0000111357458081,-0.00000289227432404,-0.000308772927383,-0.0000279693540506,0.000186339661013,-8.65373067427e-7,-0.000104091239336,-0.000205599324545,0.0000104907803689,0.000129464213387,-0.000207193443202,-0.000135696449433],[0.0000111357458081,0.0030334002804,-0.00257616396993,0.00293766334653,-0.000934000883717,0.00121909542941,-0.00147267722059,0.00105974322651,-0.000134534668177,0.00195738323964,-0.00263642054051,0.00268330634572,-0.00213970663026],[-0.00000289227432404,-0.00257616396993,0.00875391531736,-0.00661273440346,0.00417153211311,-0.00661170715466,0.00296916253865,-0.00127336254809,-0.00240776408464,0.00132758310065,-0.00218114769086,-0.00017936770746,-0.000348406319972],[-0.000308772927383,0.00293766334653,-0.00661273440346,0.0130547201261,-0.00832794513553,0.00720163108781,-0.00426872773096,-0.00325746810995,0.00824962090701,-0.00597367808223,0.00777224032208,-0.00877467542887,0.00569741008803],[-0.0000279693540506,-0.000934000883717,0.00417153211311,-0.00832794513553,0.0126485479996,-0.00611573643982,0.00116659677587,0.00318378699012,-0.00960415787995,0.0112772518769,-0.0118423253298,0.0115836402401,-0.00862834509462],[0.000186339661013,0.00121909542941,-0.00661170715466,0.00720163108781,-0.00611573643982,0.0141557017341,-0.00219740858302,-0.00548120122403,0.00811512116343,-0.00730314105749,0.00768391275778,-0.0072012944147,0.00503440992907],[-8.65373067427e-7,-0.00147267722059,0.00296916253865,-0.00426872773096,0.00116659677587,-0.00219740858302,0.0108384871855,0.00121689005755,-0.00682018743828,0.00252235052176,-0.00230624526739,0.000850861077197,0.00166917580646],[-0.000104091239336,0.00105974322651,-0.00127336254809,-0.00325746810995,0.00318378699012,-0.00548120122403,0.00121689005755,0.0141663644463,-0.00771825714037,0.0029622039292,-0.00623671105132,0.00916419643909,-0.00604062154889],[-0.000205599324545,-0.000134534668177,-0.00240776408464,0.00824962090701,-0.00960415787995,0.00811512116343,-0.00682018743828,-0.00771825714037,0.0261248033494,-0.0178279299289,0.0127867059782,-0.0159941222519,0.0111688040197],[0.0000104907803689,0.00195738323964,0.00132758310065,-0.00597367808223,0.0112772518769,-0.00730314105749,0.00252235052176,0.0029622039292,-0.0178279299289,0.043000575155,-0.0282942466438,0.0167765431106,-0.0115744359791],[0.000129464213387,-0.00263642054051,-0.00218114769086,0.00777224032208,-0.0118423253298,0.00768391275778,-0.00230624526739,-0.00623671105132,0.0127867059782,-0.0282942466438,0.0459778159857,-0.0260433387011,0.00571441370994],[-0.000207193443202,0.00268330634572,-0.00017936770746,-0.00877467542887,0.0115836402401,-0.0072012944147,0.000850861077197,0.00916419643909,-0.0159941222519,0.0167765431106,-0.0260433387011,0.0384445674717,-0.0129511840641],[-0.000135696449433,-0.00213970663026,-0.000348406319972,0.00569741008803,-0.00862834509462,0.00503440992907,0.00166917580646,-0.00604062154889,0.0111688040197,-0.0115744359791,0.00571441370994,-0.0129511840641,0.0253166649491]],"mean":[27.5357322693,97.7349090576,-98.1135635376,-12.3838729858,-9.39432811737,-7.24470567703,6.20252418518,-20.2971019745,-0.322410315275,-4.47026824951,4.18723630905,3.81027984619,-7.19713449478]},"hfc":{"dmean":57.8158035278,"dmean2":88.9645385742,"dvar":5084.51464844,"dvar2":11966.15625,"max":1775.37988281,"mean":267.026062012,"median":264.187713623,"min":1.18748129679e-16,"var":32284.90625},"melbands":{"dmean":[0.00640774425119,0.00169462780468,0.000618480902631,0.000284716137685,0.000357913348125,0.000409933010815,0.00034584722016,0.000165543984622,0.000128356317873,0.000101108031231,0.000130083528347,0.000123486999655,0.000137705705129,0.000199902875465,0.000120276432426,0.0000728471350158,0.0000394839807996,0.0000375281451852,0.0000233254813793,0.0000163700460689,0.0000118958714665,0.0000122920582726,0.00000817095406092,0.00000705164802639,0.00000535054823558,0.00000445661362392,0.00000335287404596,0.00000270563373306,0.00000213766793422,0.00000188735805295,0.00000172914394625,0.00000124145901736,7.74624197675e-7,5.46349326669e-7,4.01089039315e-7,2.84190036837e-7,2.08486923725e-7,1.20000748893e-7,5.137817638e-8,3.48289113106e-8],"dmean2":[0.0102476216853,0.00289702904411,0.0010269577615,0.000467167439638,0.000568893621676,0.000671025947668,0.000558889645617,0.000280346372165,0.000216602100409,0.000170231840457,0.000217870416236,0.000207396471524,0.000231596510275,0.000332843512297,0.000203427203814,0.000123622536194,0.0000667564090691,0.0000637107586954,0.0000395880088035,0.0000276810296782,0.0000199884907488,0.0000204202133318,0.0000133363209898,0.0000113405994853,0.00000844415080792,0.00000691825789545,0.00000523448852618,0.00000426501401307,0.00000331512501361,0.0000028103988825,0.00000257158262684,0.00000184212706245,0.00000113671842428,8.00156044534e-7,5.80059179356e-7,4.12245611869e-7,3.0407446161e-7,1.75097312649e-7,8.07662416946e-8,5.73551872662e-8],"dvar":[0.000139586700243,0.00000636247295915,0.0000010822167269,2.74638722431e-7,6.25268967269e-7,6.45753630124e-7,7.41741985166e-7,1.16191550603e-7,5.5372815666e-8,6.01062524197e-8,9.8218968958e-8,5.96682454557e-8,6.42847481913e-8,6.98129838383e-8,2.24145022543e-8,9.96595961311e-9,2.3545991823e-9,2.18166551491e-9,9.26794252454e-10,4.67998695353e-10,2.72065120432e-10,3.05487191099e-10,1.77084569231e-10,1.56907833948e-10,1.47807530104e-10,2.22025467456e-10,1.00281352666e-10,9.87411957754e-11,8.0149921422e-11,1.05908823378e-10,8.98639704316e-11,3.5533315873e-11,1.1990725253e-11,3.52633872623e-12,1.72346045855e-12,5.06298020002e-13,2.75474819822e-13,7.28479708739e-14,7.13380042024e-15,3.32899936018e-15],"dvar2":[0.000332298339345,0.0000174205506482,0.00000293388643513,6.94670688972e-7,0.00000148717128923,0.00000162997775988,0.00000173144223936,3.20591425407e-7,1.48243188391e-7,1.61808529242e-7,2.71122900131e-7,1.59133080047e-7,1.66758923115e-7,1.81749229e-7,6.15464301745e-8,2.8262933327e-8,6.5189498244e-9,6.03382144249e-9,2.56151055922e-9,1.29616328781e-9,7.16944670298e-10,7.81371911618e-10,4.32699653885e-10,3.73591213521e-10,3.17970677566e-10,4.79534023601e-10,2.04269046122e-10,2.20830756459e-10,1.50802662024e-10,2.10784056875e-10,1.77841380511e-10,7.30434254748e-11,2.23477850808e-11,6.21849446936e-12,3.33960008085e-12,9.55730286578e-13,5.18689041371e-13,1.3016626351e-13,1.57018529309e-14,8.36108085707e-15],"max":[0.112477943301,0.0489450208843,0.0162461586297,0.0141153335571,0.0214070659131,0.0164511632174,0.0228693690151,0.0075647267513,0.00509687419981,0.00589189026505,0.0157114434987,0.00533624412492,0.0104391453788,0.00586825655773,0.00289680692367,0.00172627961729,0.000778986839578,0.00078219367424,0.000479014561279,0.000312893069349,0.000267705006991,0.000240582376136,0.000243947550189,0.000323750253301,0.000401184050133,0.000773157866206,0.000344116677297,0.0004325665941,0.000379109638743,0.000487207784317,0.000423499586759,0.000330529786879,0.000178913454874,0.000116030125355,0.000106097322714,0.0000242035475821,0.0000102781223177,0.0000052252594287,0.00000140866620768,7.93547883404e-7],"mean":[0.00819958467036,0.00238467357121,0.000957496988121,0.0004259418929,0.000597459787969,0.000661349273287,0.00052485318156,0.000257478794083,0.000205062227906,0.000164079872775,0.000201173781534,0.000199185858946,0.000244862603722,0.000368562410586,0.000226443051361,0.000135814829264,0.0000802467257017,0.0000752076739445,0.0000460340379504,0.0000309445531457,0.0000226866577577,0.0000223870792979,0.0000146661086546,0.0000128176752696,0.00000994579022517,0.00000789548903413,0.00000615212911725,0.00000498015788253,0.00000388677653973,0.00000312247675538,0.00000286059616883,0.00000209743848245,0.0000013284832221,9.25929441564e-7,6.64986259835e-7,4.59439831957e-7,3.1961667446e-7,1.69963811913e-7,5.95404259229e-8,3.46637740734e-8],"median":[0.0041558179073,0.00167667970527,0.000621295068413,0.00024141772883,0.000242692054599,0.000366425258107,0.000229916448006,0.000129779000417,0.000106552077341,0.0000785063384683,0.000100108416518,0.000111809218652,0.00016698113177,0.000275861966657,0.0001772192918,0.000100726232631,0.000064702668169,0.0000615042736172,0.0000374282244593,0.0000249579188676,0.0000182392159331,0.0000163209024322,0.00000994246602204,0.00000830765657156,0.00000615689941696,0.00000427977329309,0.0000034983149817,0.00000293479820357,0.00000209695099329,0.00000142628050526,0.00000119004710086,9.19935303045e-7,5.70782844989e-7,3.94920334656e-7,2.74597965699e-7,1.85418954857e-7,1.23105323269e-7,5.60866588728e-8,2.3436594887e-8,1.36065470002e-8],"min":[6.04327959031e-24,7.24642815484e-24,1.14003314457e-23,4.71844015924e-24,1.29231658921e-23,2.90617323838e-24,6.4345352722e-24,5.91090951927e-24,5.67771631923e-24,1.00915409954e-23,1.23689477189e-23,3.03089628902e-24,4.80923055525e-24,4.8881261121e-24,3.42133352772e-24,3.52899174204e-24,4.7452223814e-24,3.18294587584e-24,5.21553375892e-24,6.79053833797e-24,7.01001127472e-24,9.33409647569e-24,8.87079215517e-24,6.89495985599e-24,7.41406346379e-24,9.98762829262e-24,5.99626742466e-24,9.77651885919e-24,1.01654604176e-23,9.59127775257e-24,1.04223742707e-23,8.52712253523e-24,6.4843108176e-24,7.02730073918e-24,7.45499272299e-24,8.82109865131e-24,1.15765937375e-23,1.18585539243e-23,7.85991502564e-24,8.41251208975e-24],"var":[0.00015104697377,0.00000661304375171,0.00000139791120546,4.04478441851e-7,0.00000160527338267,0.00000116874321066,0.00000134663503104,1.93782241809e-7,9.32277615107e-8,1.01168446065e-7,1.29033082885e-7,8.78820713979e-8,9.39819599921e-8,1.30981462121e-7,4.33878959427e-8,1.91126954263e-8,5.14015319197e-9,4.72857220046e-9,1.8792860601e-9,8.85561679542e-10,4.86158058255e-10,5.51694967488e-10,2.98142427413e-10,2.89415574839e-10,2.70515831957e-10,3.0987926114e-10,1.68422928382e-10,1.36158528896e-10,1.27895249946e-10,1.61292840195e-10,1.55275764468e-10,6.87156581636e-11,2.44621770756e-11,8.74523630595e-12,3.52818447201e-12,1.02093821678e-12,5.18639222281e-13,1.48644158505e-13,1.07893760861e-14,3.47748635341e-15]},"melbands_crest":{"dmean":5.10172176361,"dmean2":8.09763717651,"dvar":23.0060863495,"dvar2":48.8324623108,"max":38.3531646729,"mean":17.5188217163,"median":16.0403461456,"min":1.00118029118,"var":65.0567550659},"melbands_flatness_db":{"dmean":0.0330578573048,"dmean2":0.0506906099617,"dvar":0.000945747888181,"dvar2":0.00208661030047,"max":0.521984398365,"mean":0.239288255572,"median":0.229909867048,"min":5.39293012025e-7,"var":0.00381217501126},"melbands_kurtosis":{"dmean":6.59349822998,"dmean2":10.752204895,"dvar":215.134902954,"dvar2":550.059997559,"max":467.483734131,"mean":7.93872022629,"median":3.23744606972,"min":-1.76569008827,"var":246.783279419},"melbands_skewness":{"dmean":0.869723796844,"dmean2":1.35877990723,"dvar":1.02771902084,"dvar2":2.39528369904,"max":19.4609527588,"mean":2.11724567413,"median":1.82579827309,"min":-2.35864090919,"var":2.67953157425},"melbands_spread":{"dmean":6.24010705948,"dmean2":9.72614765167,"dvar":44.5806083679,"dvar2":96.8264770508,"max":176.263534546,"mean":21.1849422455,"median":20.4125461578,"min":0.925379157066,"var":141.472869873},"mfcc":{"cov":[[5908.81103516,-492.637542725,-339.166656494,878.173400879,56.4773406982,112.557136536,-105.552375793,270.850341797,39.051990509,225.65296936,-61.7361717224,92.1211471558,-28.8816146851],[-492.637542725,957.406738281,-42.4273643494,-233.499038696,20.6940670013,-44.5396995544,53.9948387146,-104.767936707,36.8217926025,-91.0358200073,37.3370513916,-21.748298645,50.2872657776],[-339.166656494,-42.4273643494,472.312988281,-71.549911499,47.5035896301,12.1845960617,33.6440658569,53.1309509277,1.67151892185,0.453566193581,25.5782051086,31.8788719177,4.25374889374],[878.173400879,-233.499038696,-71.549911499,410.243408203,15.8853063583,52.3468894958,-3.33322930336,89.5296859741,-1.95323908329,60.312953949,-14.2678546906,22.1303825378,-15.0376167297],[56.4773406982,20.6940670013,47.5035896301,15.8853063583,202.343017578,5.78961610794,46.9028701782,11.0593271255,25.1955032349,2.08013677597,3.82580566406,0.840142071247,10.8356161118],[112.557136536,-44.5396995544,12.1845960617,52.3468894958,5.78961610794,106.524345398,11.9817304611,39.6068840027,-6.42346429825,16.5053329468,-8.8868265152,17.0471477509,-1.52752697468],[-105.552375793,53.9948387146,33.6440658569,-3.33322930336,46.9028701782,11.9817304611,97.1281967163,7.36134672165,22.5279827118,-12.2803487778,11.9038038254,-6.93095207214,15.2018585205],[270.850341797,-104.767936707,53.1309509277,89.5296859741,11.0593271255,39.6068840027,7.36134672165,120.408256531,14.6450624466,50.4469985962,4.49660205841,29.9049015045,-9.70088672638],[39.051990509,36.8217926025,1.67151892185,-1.95323908329,25.1955032349,-6.42346429825,22.5279827118,14.6450624466,74.3378067017,15.104631424,24.9193058014,3.30848026276,6.28629636765],[225.65296936,-91.0358200073,0.453566193581,60.312953949,2.08013677597,16.5053329468,-12.2803487778,50.4469985962,15.104631424,82.350479126,14.5500631332,25.8479690552,-1.99538445473],[-61.7361717224,37.3370513916,25.5782051086,-14.2678546906,3.82580566406,-8.8868265152,11.9038038254,4.49660205841,24.9193058014,14.5500631332,57.9748420715,17.5431251526,16.5038394928],[92.1211471558,-21.748298645,31.8788719177,22.1303825378,0.840142071247,17.0471477509,-6.93095207214,29.9049015045,3.30848026276,25.8479690552,17.5431251526,56.6608734131,17.6450366974],[-28.8816146851,50.2872657776,4.25374889374,-15.0376167297,10.8356161118,-1.52752697468,15.2018585205,-9.70088672638,6.28629636765,-1.99538445473,16.5038394928,17.6450366974,53.7195205688]],"icov":[[0.000278959952993,-0.0000349448127963,0.000129473104607,-0.000493916973937,-0.0000966314546531,0.0000522424597875,0.000300674408209,-0.000234097344219,-0.000200186215807,-0.000240370442043,0.000334783922881,-0.000148321909364,-0.000111843182822],[-0.0000349448127963,0.0014550978085,0.000254018494161,0.000652327144053,-0.0000597411271883,-0.0000590141607972,-0.000440882547991,0.000365833955584,-0.000557859835681,0.00119104527403,-0.000711613858584,-0.0000964593709796,-0.000657396914903],[0.000129473104607,0.000254018494161,0.00278161838651,0.000672964262776,-0.000628662644885,0.00013886691886,-0.00062303757295,-0.00178576936014,0.000698433665093,0.000911581388209,-0.00100503000431,-0.00141094939318,0.000508871336933],[-0.000493916973937,0.000652327144053,0.000672964262776,0.00446708407253,-0.000226189455134,-0.00069962447742,-0.000908377405722,-0.00153933302499,0.000753867963795,-0.000307672045892,-0.000244812632445,-0.0000852090815897,0.000329341186443],[-0.0000966314546531,-0.0000597411271883,-0.000628662644885,-0.000226189455134,0.00589476432651,0.000120231088658,-0.00250977929682,0.000435869733337,-0.00148680177517,-0.000400246266508,0.00117892515846,0.0000108320773506,-0.000612850533798],[0.0000522424597875,-0.0000590141607972,0.00013886691886,-0.00069962447742,0.000120231088658,0.011796480976,-0.00230323872529,-0.00273958640173,0.00151562306564,-0.000497832137626,0.00265564350411,-0.00309130875394,0.00034839840373],[0.000300674408209,-0.000440882547991,-0.00062303757295,-0.000908377405722,-0.00250977929682,-0.00230323872529,0.015080393292,-0.00230685947463,-0.00317914620973,0.00291451206431,-0.00199650553986,0.00465594325215,-0.00430961325765],[-0.000234097344219,0.000365833955584,-0.00178576936014,-0.00153933302499,0.000435869733337,-0.00273958640173,-0.00230685947463,0.0162529200315,-0.00238918629475,-0.00581551296636,0.00153438642155,-0.00479084206745,0.00382999051362],[-0.000200186215807,-0.000557859835681,0.000698433665093,0.000753867963795,-0.00148680177517,0.00151562306564,-0.00317914620973,-0.00238918629475,0.0186313353479,-0.0027019858826,-0.0068957391195,0.0019628724549,0.000574685807806],[-0.000240370442043,0.00119104527403,0.000911581388209,-0.000307672045892,-0.000400246266508,-0.000497832137626,0.00291451206431,-0.00581551296636,-0.0027019858826,0.0211180597544,-0.004778300412,-0.00418813573197,0.000733403430786],[0.000334783922881,-0.000711613858584,-0.00100503000431,-0.000244812632445,0.00117892515846,0.00265564350411,-0.00199650553986,0.00153438642155,-0.0068957391195,-0.004778300412,0.0262443162501,-0.00638721557334,-0.00379842473194],[-0.000148321909364,-0.0000964593709796,-0.00141094939318,-0.0000852090815897,0.0000108320773506,-0.00309130875394,0.00465594325215,-0.00479084206745,0.0019628724549,-0.00418813573197,-0.00638721557334,0.0297062788159,-0.0103548467159],[-0.000111843182822,-0.000657396914903,0.000508871336933,0.000329341186443,-0.000612850533798,0.00034839840373,-0.00430961325765,0.00382999051362,0.000574685807806,0.000733403430786,-0.00379842473194,-0.0103548467159,0.0257952529937]],"mean":[-636.361022949,165.345581055,-25.1626262665,17.5444049835,-3.32192087173,24.5697994232,5.84913253784,9.83639907837,-4.93459033966,2.34178423882,1.19229543209,9.89301872253,5.49068546295]},"pitch_salience":{"dmean":0.0873668789864,"dmean2":0.136953622103,"dvar":0.00688800029457,"dvar2":0.0144237652421,"max":0.996092200279,"mean":0.538164973259,"median":0.564817607403,"min":0.0936283767223,"var":0.0181496068835},"silence_rate_20dB":{"dmean":0.000333333329763,"dmean2":0.000666722247843,"dvar":0.000333222211339,"dvar2":0.000999638810754,"max":1,"mean":0.999833345413,"median":1,"min":0,"var":0.000166625002748},"silence_rate_30dB":{"dmean":0.13016666472,"dmean2":0.26035502553,"dvar":0.113223306835,"dvar2":0.213072001934,"max":1,"mean":0.830180823803,"median":1,"min":0,"var":0.140980631113},"silence_rate_60dB":{"dmean":0.00600000005215,"dmean2":0.0120010003448,"dvar":0.00596399977803,"dvar2":0.0125236986205,"max":1,"mean":0.0503291375935,"median":0,"min":0,"var":0.0477961152792},"spectral_centroid":{"dmean":175.211685181,"dmean2":264.29586792,"dvar":43264.484375,"dvar2":78786.0234375,"max":11184.3847656,"mean":1163.03857422,"median":1094.84033203,"min":224.220947266,"var":229044.78125},"spectral_complexity":{"dmean":3.6304166317,"dmean2":5.6363863945,"dvar":11.5586585999,"dvar2":23.1694774628,"max":61,"mean":26.0259151459,"median":27,"min":0,"var":93.4797897339},"spectral_contrast_coeffs":{"dmean":[0.053030166775,0.0506726838648,0.0390888154507,0.0289515908808,0.0213100817055,0.038594275713],"dmean2":[0.0876290351152,0.0848362073302,0.0659795030951,0.0494064614177,0.0354517586529,0.0603094622493],"dvar":[0.00179601099808,0.00156178057659,0.000901838648133,0.000497386732604,0.000318936276017,0.00116266007535],"dvar2":[0.00475604366511,0.00437048170716,0.00253804516979,0.00144069548696,0.000862777116708,0.00272911880165],"max":[-0.409785538912,-0.425396054983,-0.544418692589,-0.631469249725,-0.661630868912,-0.42679554224],"mean":[-0.720579385757,-0.763318240643,-0.792211472988,-0.801622748375,-0.81508564949,-0.733055353165],"median":[-0.725483179092,-0.769860684872,-0.795553445816,-0.802959442139,-0.812618970871,-0.730307340622],"min":[-0.971691250801,-0.98909586668,-0.996044874191,-0.985987186432,-0.987424314022,-0.960071742535],"var":[0.00500955106691,0.00404997402802,0.0020977074746,0.000978148891591,0.000911269686185,0.0045863520354]},"spectral_contrast_valleys":{"dmean":[0.381629317999,0.325365573168,0.27398198843,0.244120702147,0.267003059387,0.569586694241],"dmean2":[0.62305533886,0.54695212841,0.454338639975,0.393285185099,0.399648338556,0.881801486015],"dvar":[0.0972412228584,0.0666923746467,0.0485411174595,0.0513950288296,0.0933693572879,0.228082939982],"dvar2":[0.245867356658,0.178209364414,0.122364863753,0.108694940805,0.191476628184,0.604256153107],"max":[-4.94197845459,-4.56880760193,-4.87234258652,-5.42063331604,-5.18843793869,-8.88153362274],"mean":[-6.63161659241,-6.1696434021,-6.32355880737,-6.83699321747,-7.44076776505,-10.8736228943],"median":[-6.40855407715,-6.05755615234,-6.20553779602,-6.54388332367,-7.1556224823,-10.7466869354],"min":[-28.0574626923,-27.5213546753,-27.2772064209,-27.1616573334,-27.2330226898,-27.300403595],"var":[1.1858496666,0.734090864658,0.663913369179,0.84443873167,1.06811463833,0.949885129929]},"spectral_decrease":{"dmean":8.27437496298e-9,"dmean2":1.28519577203e-8,"dvar":1.94099280694e-16,"dvar2":4.3136224865e-16,"max":1.09881783672e-8,"mean":-1.26978436654e-8,"median":-8.27216872779e-9,"min":-1.35301462478e-7,"var":2.38361106467e-16},"spectral_energy":{"dmean":0.0309092439711,"dmean2":0.0480439029634,"dvar":0.00262927729636,"dvar2":0.00587399443612,"max":0.540769636631,"mean":0.072144664824,"median":0.0589838735759,"min":1.03773434838e-20,"var":0.00371817476116},"spectral_energyband_high":{"dmean":0.00032315540011,"dmean2":0.000454092863947,"dvar":7.59773115533e-7,"dvar2":0.0000012383380863,"max":0.0371109321713,"mean":0.00102498847991,"median":0.000814153638203,"min":7.58118139988e-21,"var":0.00000209597851608},"spectral_energyband_low":{"dmean":0.0248475447297,"dmean2":0.0393316820264,"dvar":0.00185547966976,"dvar2":0.00429213093594,"max":0.395627707243,"mean":0.0341858454049,"median":0.0200910121202,"min":7.20288760827e-23,"var":0.00209827208892},"spectral_energyband_middle_high":{"dmean":0.00298006669618,"dmean2":0.00475838314742,"dvar":0.0000125064543681,"dvar2":0.0000317031117447,"max":0.0809270739555,"mean":0.0103070084006,"median":0.00935730431229,"min":1.29057633997e-21,"var":0.0000527139709448},"spectral_energyband_middle_low":{"dmean":0.00485354242846,"dmean2":0.00778065947816,"dvar":0.0000459370276076,"dvar2":0.000114673217467,"max":0.12771871686,"mean":0.012262262404,"median":0.00917982775718,"min":2.97460060313e-22,"var":0.00012587456149},"spectral_entropy":{"dmean":0.138384580612,"dmean2":0.20788769424,"dvar":0.021242056042,"dvar2":0.0448209680617,"max":9.81685733795,"mean":7.57710123062,"median":7.65241765976,"min":5.96741104126,"var":0.113432444632},"spectral_flux":{"dmean":0.0447626709938,"dmean2":0.0744447037578,"dvar":0.00350078823976,"dvar2":0.00937329977751,"max":0.586961090565,"mean":0.146142497659,"median":0.133641377091,"min":6.53691059616e-11,"var":0.00643259333447},"spectral_kurtosis":{"dmean":5.42116117477,"dmean2":8.41067314148,"dvar":73.150352478,"dvar2":191.680770874,"max":231.196929932,"mean":21.8036346436,"median":19.5457649231,"min":-1.22156441212,"var":151.791259766},"spectral_rms":{"dmean":0.00151057040785,"dmean2":0.0022910523694,"dvar":0.00000390188688471,"dvar2":0.00000802699923952,"max":0.0229691118002,"mean":0.00773874437436,"median":0.00758585799485,"min":3.18186059098e-12,"var":0.0000104968739834},"spectral_rolloff":{"dmean":4253.26513672,"dmean2":8082.7578125,"dvar":55450284,"dvar2":116251968,"max":22050,"mean":12689.3994141,"median":20499.609375,"min":43.06640625,"var":96221600},"spectral_skewness":{"dmean":0.384097903967,"dmean2":0.579537451267,"dvar":0.245073616505,"dvar2":0.586066961288,"max":11.8330831528,"mean":3.19835066795,"median":3.07742905617,"min":-0.017077261582,"var":0.801067769527},"spectral_spread":{"dmean":465531.9375,"dmean2":710125.6875,"dvar":279642865664,"dvar2":600522620928,"max":41057496,"mean":3810781.75,"median":3758709.5,"min":831852.375,"var":1238433136640},"spectral_strongpeak":{"dmean":5.57932949066,"dmean2":10.3239154816,"dvar":405.065032959,"dvar2":1039.9666748,"max":301.777404785,"mean":4.9299325943,"median":0.252488166094,"min":0,"var":404.669433594},"zerocrossingrate":{"dmean":0.0434514991939,"dmean2":0.051868904382,"dvar":0.00146766647231,"dvar2":0.00207563932054,"max":0.72900390625,"mean":0.265806913376,"median":0.26904296875,"min":0.017578125,"var":0.0101099843159}},"metadata":{"audio_properties":{"analysis_sample_rate":44100,"bit_rate":261480,"codec":"mp3","downmix":"mix","equal_loudness":0,"length":278.62310791,"lossless":false,"md5_encoded":"3348a56340dba19f7cd1928950d74f26","replay_gain":-1.37752532959,"sample_rate":44100},"tags":{"acoustid_id":["478aa7a4-316a-4fa9-a94b-e536397ff29b"],"album":["In Your Honor"],"albumartist":["Foo Fighters"],"artist":["Foo Fighters"],"date":["2005"],"discnumber":["1/2"],"file_name":"1-07 - Foo Fighters - Free Me.mp3","musicbrainz_albumartistid":["67f66c07-6e61-4026-ade5-7e782fad3a5d"],"musicbrainz_albumid":["1f1a4299-a7e9-4f05-b498-082b6c73a305"],"musicbrainz_artistid":["67f66c07-6e61-4026-ade5-7e782fad3a5d"],"musicbrainz_recordingid":["4ba8396e-6d03-4557-9b41-8c6cfb96c8b0"],"musicbrainz_releasegroupid":["304479f9-ea77-3299-8745-3985f05cfa13"],"replaygain_album_gain":["-0.51 dB"],"replaygain_album_peak":["0.436225"],"replaygain_track_gain":["-2.91 dB"],"replaygain_track_peak":["0.405787"],"title":["Free Me"],"tracknumber":["7/10"]},"version":{"essentia":"2.1-beta1","essentia_build_sha":"e76a03f03bb3900de42a1fa0d9be1e72f12def64","essentia_git_sha":"v2.1_beta1-28-g21ef5f4-dirty","extractor":"music 1.0"}},"rhythm":{"beats_count":716,"beats_loudness":{"dmean":0.0555196255445,"dmean2":0.102330103517,"dvar":0.00297539774328,"dvar2":0.00861233193427,"max":0.368746221066,"mean":0.0893196091056,"median":0.0732465237379,"min":2.39648187517e-7,"var":0.00365390488878},"beats_loudness_band_ratio":{"dmean":[0.257533848286,0.0769760161638,0.0688138753176,0.0978465080261,0.0411825589836,0.104496255517],"dmean2":[0.4601162076,0.139007553458,0.120387472212,0.16970744729,0.0743499845266,0.183013021946],"dvar":[0.0361706912518,0.00703138532117,0.00661414302886,0.00738803111017,0.00105719850399,0.00623165257275],"dvar2":[0.111204326153,0.0198337007314,0.0189028438181,0.0214715898037,0.0030662806239,0.0190130397677],"max":[0.984468638897,0.644479632378,0.845849335194,0.81343382597,0.371121704578,0.499