{"lowlevel":{"average_loudness":0.953612983227,"barkbands":{"dmean":[0.0000176901594386,0.0020990492776,0.000651559093967,0.000976855983026,0.00416203355417,0.00126897462178,0.000923618208617,0.00101786234882,0.000816524610855,0.000274663267191,0.000242603637162,0.000170943443663,0.000123858320876,0.000126026949147,0.000152519744006,0.0000671049929224,0.0000471841813123,0.0000758251917432,0.0000553811623831,0.0000433267268818,0.0000461417839688,0.00005544006126,0.0000570319207327,0.0000762128038332,0.000040892038669,0.0000154335612024,0.00000442201144324],"dmean2":[0.0000297148762911,0.00322407577187,0.00100992200896,0.0015564475907,0.00610268488526,0.00174838944804,0.00135525269434,0.00155965203885,0.00119628291577,0.000408203544794,0.000381071789889,0.000269351527095,0.000187949583051,0.000201335467864,0.000245176255703,0.000103145473986,0.0000732540574973,0.000121283563203,0.000090190267656,0.0000653647875879,0.0000701632961864,0.0000874674587976,0.0000851840013638,0.000111175890197,0.0000602445543336,0.0000224783489102,0.0000072843486123],"dvar":[3.48605344591e-9,0.0000344928157574,0.00000272765350928,0.00000301606223729,0.0000375743002223,0.00000332233366862,0.00000315029524245,0.00000522065556652,0.00000409545282309,9.11604558951e-7,5.24396057244e-7,1.82397641879e-7,1.10678286092e-7,1.14435700027e-7,3.21586185237e-7,3.11072092529e-8,1.3056314252e-8,3.53955620369e-8,2.78006258014e-8,2.71360658388e-8,5.76023531096e-8,6.15598025888e-8,1.94571640577e-7,2.88292227424e-7,3.34061489582e-8,3.21809534576e-9,2.04425504302e-10],"dvar2":[7.14780901134e-9,0.0000799305707915,0.00000630242539046,0.00000773102692619,0.0000924243868212,0.00000651525760986,0.00000671373027217,0.0000111961599032,0.00000762493300499,0.00000176584399014,0.00000116688477192,4.00798342071e-7,2.30624195297e-7,2.70234892241e-7,8.6332840965e-7,7.06536837924e-8,3.14515702371e-8,8.67939391469e-8,7.15774675086e-8,5.59084547547e-8,1.30669050691e-7,1.27269686345e-7,4.62085012032e-7,5.85372902151e-7,5.87828949961e-8,4.78351713795e-9,4.6999770742e-10],"max":[0.00318112620153,0.095596909523,0.033061131835,0.0266022849828,0.112980112433,0.0339601933956,0.0305001139641,0.057347625494,0.0637363642454,0.0252460390329,0.0186581648886,0.0147344898432,0.00827889144421,0.0173486266285,0.0326266139746,0.00455419020727,0.00319817708805,0.00385044165887,0.00348916184157,0.00606366805732,0.0120516419411,0.00960236694664,0.0240580346435,0.0201878137887,0.00768772838637,0.00280420226045,0.000501115689985],"mean":[0.000022038422685,0.00427716644481,0.00126939499751,0.00181242905091,0.0114547731355,0.00315680191852,0.00222621625289,0.00224729836918,0.00232873274945,0.000617115525529,0.000457593385363,0.000342063576682,0.000218527275138,0.000217705324758,0.000257205567323,0.000114319518616,0.0000791202328401,0.000127115985379,0.0000825673996587,0.0000734108398319,0.000070257949119,0.0000688271102263,0.000073129296652,0.000105920713395,0.0000730712272343,0.0000274164067378,0.00000570641850572],"median":[0.00000486584349346,0.000681446515955,0.000475634034956,0.000968137581367,0.00852677971125,0.00188220664859,0.000757825910114,0.000553046527784,0.000301953899907,0.0000718505762052,0.0000803291841294,0.000133336128783,0.0000703053810867,0.0000647265696898,0.0000629075584584,0.0000307147420244,0.000027082316592,0.0000453770189779,0.0000228602584684,0.0000270161617664,0.0000109381744551,0.00000781621110946,0.0000127367729874,0.0000136669968924,0.0000233192149608,0.0000109240263555,0.00000125618896618],"min":[4.06532052213e-24,3.18328599322e-23,3.44379910301e-23,1.04274543377e-24,3.5327084602e-23,1.69541607097e-23,3.50358687102e-23,4.61333745982e-23,2.77168834959e-23,3.25508653509e-23,5.12781834271e-23,3.08463357277e-23,1.02054278976e-22,6.37715092672e-23,1.26975758124e-22,1.24759513364e-22,1.66587657484e-22,1.91906343874e-22,2.70222775849e-22,2.6527097604e-22,4.46327756164e-22,5.51002605824e-22,4.56628891191e-22,8.82889893949e-22,1.25087671927e-21,1.71351695776e-21,2.50206181374e-21],"var":[7.15115433536e-9,0.0000694113041391,0.00000570336760575,0.00000554104008188,0.000116868730402,0.0000134162119139,0.0000132470677272,0.0000207491702895,0.0000269714710157,0.00000447844604423,0.00000194936023945,4.97437952163e-7,2.86906555402e-7,4.34026446783e-7,9.95280061034e-7,7.20527708609e-8,2.32587833437e-8,6.04298335816e-8,4.01144326645e-8,5.12044735501e-8,1.10448219459e-7,1.53019882987e-7,2.40830303255e-7,5.83775829455e-7,8.76721912846e-8,9.76014025156e-9,3.05776487464e-10]},"barkbands_crest":{"dmean":2.28306531906,"dmean2":3.53102993965,"dvar":4.49817085266,"dvar2":11.449757576,"max":26.037607193,"mean":12.6106910706,"median":11.8090200424,"min":3.43672299385,"var":19.7282943726},"barkbands_flatness_db":{"dmean":0.0225531961769,"dmean2":0.0321918092668,"dvar":0.000572194752749,"dvar2":0.00119192362763,"max":0.362587720156,"mean":0.187089383602,"median":0.18505898118,"min":0.0261229965836,"var":0.00268441834487},"barkbands_kurtosis":{"dmean":6.55131292343,"dmean2":9.73035335541,"dvar":106.661727905,"dvar2":232.994171143,"max":252.42805481,"mean":17.2269268036,"median":11.622918129,"min":-1.91764390469,"var":386.569335938},"barkbands_skewness":{"dmean":0.646692037582,"dmean2":0.940872788429,"dvar":0.497053176165,"dvar2":1.07318067551,"max":13.0155754089,"mean":2.80770611763,"median":2.59964776039,"min":-5.51352119446,"var":2.77204465866},"barkbands_spread":{"dmean":3.51146817207,"dmean2":5.1643280983,"dvar":44.7242279053,"dvar2":83.7669219971,"max":113.69871521,"mean":10.5311899185,"median":7.18166208267,"min":0.465058326721,"var":155.457962036},"dissonance":{"dmean":0.0248453523964,"dmean2":0.0405991002917,"dvar":0.000531193218194,"dvar2":0.00138006557245,"max":0.5,"mean":0.436489284039,"median":0.44378978014,"min":0.252526462078,"var":0.00155233393889},"dynamic_complexity":3.12032151222,"erbbands":{"dmean":[0.0433413460851,0.531016886234,0.828380346298,1.87503492832,8.0789680481,17.653968811,17.1141319275,8.63276481628,9.74213123322,17.7794208527,23.1517696381,16.1745529175,12.4513044357,9.98622894287,5.71335983276,6.96131372452,4.91835212708,5.73054265976,7.49902868271,6.27141618729,2.77141451836,2.69637703896,3.35596060753,4.43186950684,1.81956982613,1.9666185379,2.14464712143,1.61325836182,1.88681411743,1.75391018391,1.58669495583,2.07873177528,0.939748108387,0.548515081406,0.254801392555,0.0805445238948,0.0280883163214,0.00688365474343,0.000730161671527,0.000027578404115],"dmean2":[0.0651165023446,0.821208834648,1.28796720505,2.98311233521,12.8584260941,25.5107917786,22.6079978943,12.3250808716,13.920249939,27.2313251495,34.3910179138,23.4325618744,17.9673938751,15.2770528793,8.98389053345,10.8218803406,7.5023393631,8.94978046417,11.9875116348,9.9206199646,4.21788787842,4.19809770584,5.31927442551,7.05441331863,2.8792321682,2.93248772621,3.26822757721,2.4661359787,2.92308306694,2.85762143135,2.31585693359,3.08032727242,1.39328658581,0.814107298851,0.384420931339,0.11943873018,0.0404639206827,0.0104720918462,0.00120442523621,0.0000453101092717],"dvar":[0.0122136147693,2.36310791969,6.60141515732,9.76336288452,351.755126953,546.819824219,480.313842773,207.636047363,420.69519043,1374.24755859,2882.67138672,1792.85681152,1101.32275391,976.459838867,237.918060303,314.824279785,171.205749512,263.36239624,453.907073975,374.442199707,39.6856498718,45.9781074524,71.2611160278,134.346572876,29.2024822235,65.6099319458,147.751098633,67.0902481079,96.0871582031,42.9042282104,143.120574951,285.372802734,29.4961414337,7.34790182114,0.917248666286,0.0890376567841,0.010801833123,0.000573126948439,0.00000592288188273,4.48176784573e-9],"dvar2":[0.0266901776195,5.58971881866,15.0938005447,24.9257793427,906.943664551,1275.97290039,947.197387695,424.476409912,851.627990723,3152.28540039,6016.53125,3377.30297852,2118.51831055,2022.27111816,560.543823242,699.969299316,365.429840088,583.406982422,1128.94335938,964.876037598,88.0631637573,112.248817444,179.10534668,324.618743896,74.3131027222,132.321060181,345.187835693,138.922302246,216.595031738,86.01197052,316.899169922,640.572753906,48.6698074341,13.0998563766,1.68614196777,0.155713602901,0.015364873223,0.00101586501114,0.000013785770534,1.14079465874e-8],"max":[1.95924210548,25.6435470581,54.2530250549,72.2232818604,421.590576172,415.396606445,348.827697754,295.122467041,382.852966309,786.077880859,1304.50622559,1355.20703125,870.743103027,1051.28955078,407.283172607,557.620483398,345.765563965,1033.8001709,985.500671387,951.287109375,254.061309814,175.576629639,183.267547607,252.97644043,125.240829468,293.902069092,680.983581543,296.397491455,375.901367188,197.712387085,645.429992676,655.855407715,195.985992432,117.172897339,36.9667053223,13.6972665787,5.32697105408,1.21160054207,0.0822909772396,0.00193947553635],"mean":[0.0887545570731,1.06431496143,1.65473437309,4.09745788574,16.2098388672,46.3761787415,44.5354194641,22.1352558136,25.3468170166,39.8437461853,58.4522705078,45.9541549683,32.7254638672,22.8027839661,12.2927837372,14.3934106827,9.86647129059,11.5571508408,12.5792512894,11.0412139893,5.37464094162,4.67216539383,5.86233949661,7.19123268127,2.93147206306,3.38558673859,3.46153736115,2.38462638855,2.44152283669,2.03106594086,2.18230772018,2.66340899467,1.43687069416,0.959132671356,0.430842012167,0.131855100393,0.0495565310121,0.0122587606311,0.00087464612443,0.0000598413535045],"median":[0.0122878896073,0.178970962763,0.589037716389,2.3865544796,10.2378549576,31.2547836304,29.4388561249,12.0383968353,10.2536182404,17.0052146912,13.2970333099,6.44864034653,4.62748479843,3.43845963478,3.13735365868,5.78389644623,3.68818640709,3.44288516045,3.79923176765,3.14092373848,1.80122995377,1.68109977245,2.14732336998,2.3871421814,1.08879637718,1.21320021152,0.730224490166,0.305294692516,0.273027479649,0.298344254494,0.365457892418,0.29170653224,0.241568371654,0.279929131269,0.134146571159,0.0484993346035,0.0190502330661,0.00454748934135,0.000157946677064,0.0000446449339506],"min":[1.10997773026e-21,6.55459209857e-21,3.4314350172e-20,2.347079267e-20,4.31410393922e-20,1.39751040042e-19,1.08788416019e-19,1.56656828155e-19,4.60649283409e-19,4.98777708455e-19,1.21294859553e-18,8.20935812519e-19,1.10466868879e-18,6.88118626886e-19,2.81011555455e-18,1.37099582382e-18,4.21212858339e-18,3.09563203902e-18,4.7194715403e-18,7.09771919896e-18,7.90694006606e-18,9.37941502781e-18,7.73370114883e-18,1.45237927052e-17,1.33105280232e-17,1.3480980169e-17,1.36205718604e-17,1.8507800592e-17,2.08473270991e-17,1.64187195591e-17,1.38869000294e-17,1.74477338955e-17,1.35620380788e-17,1.51084555426e-17,9.24430748246e-18,6.19843614755e-18,2.99301366659e-18,1.31999145366e-18,3.75941490889e-19,3.58909919625e-20],"var":[0.0288403853774,4.53001356125,12.1619386673,24.974029541,478.85925293,2264.13183594,2101.52050781,815.502075195,1609.93847656,4682.50341797,15025.5673828,10536.6523438,6233.58056641,5127.82714844,926.788146973,828.479309082,498.801727295,1358.69775391,1190.41479492,1106.89318848,126.219650269,80.6988143921,133.998977661,220.850265503,41.1391372681,129.534698486,244.441543579,162.197814941,212.890716553,89.6600265503,212.559127808,481.716033936,74.0816802979,18.2279548645,2.48043346405,0.2213101089,0.0334724076092,0.00161656807177,0.00000829922373669,6.01714322812e-9]},"erbbands_crest":{"dmean":2.44178676605,"dmean2":3.73197078705,"dvar":5.3802690506,"dvar2":12.7781257629,"max":28.3331661224,"mean":11.3044261932,"median":10.7082595825,"min":2.29620885849,"var":18.7940559387},"erbbands_flatness_db":{"dmean":0.0181841552258,"dmean2":0.025263350457,"dvar":0.000356389209628,"dvar2":0.000710673688445,"max":0.32657533884,"mean":0.176329016685,"median":0.177140146494,"min":0.0250822473317,"var":0.00180403329432},"erbbands_kurtosis":{"dmean":2.23942160606,"dmean2":3.34179091454,"dvar":9.8863401413,"dvar2":21.2557849884,"max":63.0529899597,"mean":4.35934448242,"median":2.89449930191,"min":-1.86697638035,"var":34.1191596985},"erbbands_skewness":{"dmean":0.445943534374,"dmean2":0.638712465763,"dvar":0.213159248233,"dvar2":0.413792312145,"max":7.02376317978,"mean":1.49884426594,"median":1.50129890442,"min":-4.23738479614,"var":1.24366593361},"erbbands_spread":{"dmean":7.85405826569,"dmean2":11.8297023773,"dvar":127.499458313,"dvar2":289.627929688,"max":136.903823853,"mean":29.3070716858,"median":24.3835964203,"min":3.29280400276,"var":373.776702881},"gfcc":{"cov":[[7689.07324219,-203.131378174,-768.805664063,-251.357299805,-701.277587891,120.16884613,34.8942222595,355.764068604,75.8733825684,30.3123493195,-99.0458145142,-160.967056274,-79.8391418457],[-203.131378174,1255.29077148,-12.1739225388,-121.11378479,486.099212646,-106.954811096,59.7798995972,38.7613487244,14.8950138092,-46.5121650696,129.505264282,31.6326389313,26.934173584],[-768.805664063,-12.1739225388,705.659118652,199.112915039,36.065032959,66.8941268921,-25.199256897,-62.7061080933,32.4388771057,56.4351387024,39.5742645264,38.3208618164,-0.907663166523],[-251.357299805,-121.11378479,199.112915039,498.533569336,183.381027222,34.2816810608,-2.08307909966,-31.2560443878,45.9966773987,47.1444396973,14.0197114944,88.4295883179,50.4646759033],[-701.277587891,486.099212646,36.065032959,183.381027222,561.555786133,-32.4888191223,14.6962327957,18.2142734528,40.6697807312,-14.5558080673,76.3839035034,62.3050346375,35.1674537659],[120.16884613,-106.954811096,66.8941268921,34.2816810608,-32.4888191223,223.190673828,117.478477478,45.4592857361,37.3561973572,38.0317726135,-4.71502828598,-1.31242084503,8.01907539368],[34.8942222595,59.7798995972,-25.199256897,-2.08307909966,14.6962327957,117.478477478,235.005493164,76.3254013062,39.578994751,21.7083301544,8.26900005341,12.2203874588,8.94940090179],[355.764068604,38.7613487244,-62.7061080933,-31.2560443878,18.2142734528,45.4592857361,76.3254013062,187.832107544,69.2426300049,28.6547927856,6.1038107872,-20.3719272614,-9.98608493805],[75.8733825684,14.8950138092,32.4388771057,45.9966773987,40.6697807312,37.3561973572,39.578994751,69.2426300049,133.688659668,47.3084526062,4.99803304672,1.66098463535,6.31059551239],[30.3123493195,-46.5121650696,56.4351387024,47.1444396973,-14.5558080673,38.0317726135,21.7083301544,28.6547927856,47.3084526062,95.4309539795,21.7443504333,-1.76045691967,-2.88702058792],[-99.0458145142,129.505264282,39.5742645264,14.0197114944,76.3839035034,-4.71502828598,8.26900005341,6.1038107872,4.99803304672,21.7443504333,80.9566802979,26.9790477753,1.49758899212],[-160.967056274,31.6326389313,38.3208618164,88.4295883179,62.3050346375,-1.31242084503,12.2203874588,-20.3719272614,1.66098463535,-1.76045691967,26.9790477753,94.6415481567,32.6422195435],[-79.8391418457,26.934173584,-0.907663166523,50.4646759033,35.1674537659,8.01907539368,8.94940090179,-9.98608493805,6.31059551239,-2.88702058792,1.49758899212,32.6422195435,80.1284484863]],"icov":[[0.000210589700146,-0.000196284978301,0.000268780684564,-0.000264582340606,0.00048616953427,-0.00024116464192,0.000250980519922,-0.000371359492419,-0.0000708406369085,0.0000828929769341,-0.0000333308962581,0.0000846830807859,0.000156625421369],[-0.000196284978301,0.00200504320674,-0.000526688119862,0.00134397100192,-0.00206109066494,0.00112981570419,-0.00102903193329,0.000343362073181,-0.0000600141502218,0.000406767823733,-0.00150936131831,0.00025805705809,-0.000830233329907],[0.000268780684564,-0.000526688119862,0.00222999975085,-0.00113179138862,0.000997150084004,-0.00116224761587,0.000855574267916,0.000307125999825,-0.000538419932127,-0.00031278267852,-0.00073708826676,-0.00000969332086243,0.000853164412547],[-0.000264582340606,0.00134397100192,-0.00113179138862,0.00436823768541,-0.00267686508596,0.000501452537719,-0.000413790694438,0.000851579883602,-0.000197888512048,-0.00177434063517,0.00118245347403,-0.00244242046028,-0.00127777154557],[0.00048616953427,-0.00206109066494,0.000997150084004,-0.00267686508596,0.00522716669366,-0.000873658049386,0.0010551828891,-0.0011293819407,-0.00100816204213,0.00169394095428,-0.00157029926777,0.0000904284679564,0.000542031950317],[-0.00024116464192,0.00112981570419,-0.00116224761587,0.000501452537719,-0.000873658049386,0.00769757619128,-0.00404053088278,0.0000215271265915,-0.000101134144643,-0.00123116059694,0.000161479867529,0.000783200084697,-0.00124046835117],[0.000250980519922,-0.00102903193329,0.000855574267916,-0.000413790694438,0.0010551828891,-0.00404053088278,0.00734922243282,-0.0021956297569,-0.000310653238557,-0.0000676625859342,0.000349515699781,-0.00158589053899,0.00037461775355],[-0.000371359492419,0.000343362073181,0.000307125999825,0.000851579883602,-0.0011293819407,0.0000215271265915,-0.0021956297569,0.00880231149495,-0.00354093592614,-0.000680317054503,-0.00072338222526,0.00132284779102,0.000546446361113],[-0.0000708406369085,-0.0000600141502218,-0.000538419932127,-0.000197888512048,-0.00100816204213,-0.000101134144643,-0.000310653238557,-0.00354093592614,0.0116883208975,-0.00492350989953,0.00230600871146,-0.00041559926467,-0.000857599137817],[0.0000828929769341,0.000406767823733,-0.00031278267852,-0.00177434063517,0.00169394095428,-0.00123116059694,-0.0000676625859342,-0.000680317054503,-0.00492350989953,0.0167345907539,-0.00680876988918,0.00273148226552,0.000367550703231],[-0.0000333308962581,-0.00150936131831,-0.00073708826676,0.00118245347403,-0.00157029926777,0.000161479867529,0.000349515699781,-0.00072338222526,0.00230600871146,-0.00680876988918,0.0200682412833,-0.0060804001987,0.00193991477136],[0.0000846830807859,0.00025805705809,-0.00000969332086243,-0.00244242046028,0.0000904284679564,0.000783200084697,-0.00158589053899,0.00132284779102,-0.00041559926467,0.00273148226552,-0.0060804001987,0.0168132577091,-0.00484481872991],[0.000156625421369,-0.000830233329907,0.000853164412547,-0.00127777154557,0.000542031950317,-0.00124046835117,0.00037461775355,0.000546446361113,-0.000857599137817,0.000367550703231,0.00193991477136,-0.00484481872991,0.0156601872295]],"mean":[-28.6690692902,105.073150635,-80.5340042114,9.66162109375,-57.4190330505,-2.38228178024,-51.7260627747,3.46421742439,-32.7290077209,1.73889744282,-15.7349338531,-2.21313071251,-13.1441240311]},"hfc":{"dmean":4.23404598236,"dmean2":5.98774194717,"dvar":100.228904724,"dvar2":174.934768677,"max":353.023101807,"mean":15.6639757156,"median":11.8679637909,"min":1.18203500729e-16,"var":362.659210205},"melbands":{"dmean":[0.000505691452418,0.000528542266693,0.00046041526366,0.000924054882489,0.000627150409855,0.000198745517991,0.000159618983162,0.000198531095521,0.000185330049135,0.00010559878865,0.0000626477994956,0.0000407941479352,0.0000244206366915,0.0000194267449842,0.0000145411204358,0.0000132572595248,0.0000105860917756,0.0000124065900309,0.0000127603161673,0.0000055402979342,0.00000315012925967,0.00000284266025119,0.00000274301009995,0.00000366699305232,0.00000390957529817,0.00000163487879945,0.00000138124062232,0.00000133010837544,0.00000153128769398,0.0000010289616057,9.69859684119e-7,0.00000104509615539,0.000001226479867,9.01243652152e-7,7.88641102645e-7,0.00000136514108817,0.00000130813782562,7.22721495094e-7,5.43184796697e-7,4.62903756215e-7],"dmean2":[0.000771690392867,0.000822811038233,0.000736074754968,0.00140903389547,0.000833537545986,0.000280401553027,0.000229115103139,0.000304784043692,0.000275538943242,0.000154327499331,0.0000910408052732,0.0000622887164354,0.0000383886617783,0.0000308358248731,0.0000226690062846,0.0000205002143048,0.0000166300796991,0.0000199862060981,0.0000207113971555,0.00000858409566717,0.00000483991789224,0.00000440153417003,0.00000445044634034,0.00000579849393034,0.00000625102575214,0.00000272881106866,0.00000217037791117,0.00000201399871003,0.00000233955620388,0.00000160265017257,0.00000148589424498,0.00000162035780704,0.00000201722218662,0.0000014727178268,0.00000115329044093,0.00000211109500015,0.00000200625481739,0.00000110937219233,8.0160680227e-7,6.94438654136e-7],"dvar":[0.00000183022325473,0.00000256570842794,7.93521905962e-7,0.00000227050873036,5.99758095632e-7,1.00460475494e-7,9.41482767303e-8,1.64130980806e-7,1.93645021795e-7,7.33261700248e-8,2.87905255192e-8,1.66510609745e-8,5.10781239527e-9,2.31628471958e-9,1.62060620479e-9,1.22885945864e-9,1.09480680077e-9,1.05510200576e-9,2.90732304897e-9,2.37311753581e-10,5.81038724079e-11,4.70572920908e-11,6.93775314975e-11,7.42588004976e-11,1.07379126424e-10,2.9406397456e-11,2.44193536919e-11,3.21318006924e-11,8.44601610872e-11,2.29512450711e-11,2.72529099982e-11,3.54992008011e-11,2.82718310568e-11,1.33624960055e-11,2.19075070584e-11,1.9136628393e-10,1.40875422439e-10,1.75786451367e-11,8.81892649185e-12,4.73083378028e-12],"dvar2":[0.00000413643238062,0.00000593938239035,0.00000198379484573,0.00000589980481891,0.00000118680657124,2.00919245685e-7,1.92726773207e-7,3.69554726376e-7,3.92502727209e-7,1.38655167348e-7,5.58615269597e-8,3.41953700911e-8,1.19262226761e-8,5.13579845318e-9,3.71346398076e-9,2.70650613032e-9,2.44527176285e-9,2.55954568651e-9,8.01554378427e-9,5.6305016205e-10,1.29687413586e-10,1.10197240222e-10,1.82978840413e-10,1.79344511464e-10,2.59830712501e-10,8.00843974469e-11,5.51137434301e-11,6.3826770258e-11,2.00452932031e-10,5.35749639097e-11,5.55351112319e-11,8.34461735821e-11,5.87183981993e-11,2.89358398353e-11,4.0128133455e-11,4.77843209445e-10,3.39890199319e-10,3.227917586e-11,1.46145855834e-11,9.24775447192e-12],"max":[0.0205985791981,0.0313497595489,0.017403723672,0.0278917271644,0.0134012876078,0.00635634642094,0.00579878874123,0.00864114332944,0.0124331787229,0.00861969403923,0.00428615976125,0.00455200253054,0.00201364723034,0.00123587599955,0.00145742378663,0.000790136982687,0.00221997406334,0.00101070990786,0.00330623262562,0.000415280781453,0.00036967502092,0.00014761777129,0.000237982399995,0.000159531758982,0.000228746444918,0.000124864920508,0.000174130982487,0.000213520121179,0.000511321180966,0.000148263323354,0.000184760254342,0.000191911793081,0.000233844883041,0.000133000474307,0.00019935691671,0.000741471361835,0.000463428150397,0.000148500650539,0.000123372301459,0.0000941219477681],"mean":[0.00104481098242,0.00111232511699,0.000970336666796,0.00223404890858,0.00175107968971,0.000509531935677,0.000411611428717,0.000443342898507,0.000475792447105,0.000293983932352,0.000159156115842,0.0000914528427529,0.0000483137773699,0.000037997149775,0.0000284263533104,0.0000234569870372,0.0000203321342269,0.0000186064735317,0.0000214537194552,0.0000093249946076,0.0000055092450566,0.0000047669691412,0.00000425613552579,0.00000628253246759,0.00000610620509178,0.00000220037486542,0.00000219504545385,0.00000219393086809,0.00000238308848566,0.00000145964099829,0.00000136644132454,0.00000136191408728,0.00000135238394705,0.00000102840340332,0.00000111567430849,0.00000162705441653,0.00000162141498095,0.00000101139210074,8.64136154632e-7,7.93239109953e-7],"median":[0.000158423383255,0.000340804108419,0.000604390224908,0.00150658760685,0.00124037067872,0.00028054395807,0.000167643956956,0.000180576360435,0.0000869502837304,0.0000394081362174,0.0000208530927921,0.0000125770302475,0.00000957818792813,0.0000149404113472,0.00000976215505943,0.00000750681329009,0.00000523970629729,0.00000517244325238,0.00000511558573635,0.00000246395757131,0.00000177461151907,0.00000160776517077,0.00000140550855576,0.00000232983825299,0.00000188998410522,6.17352839072e-7,7.69338498685e-7,6.71421048537e-7,4.7329683639e-7,2.21738517325e-7,1.37059984695e-7,1.37925709964e-7,1.43039244449e-7,1.5460908287e-7,1.84655434055e-7,2.02554673479e-7,1.46405085388e-7,1.30681414134e-7,1.92249999031e-7,2.2059087712e-7],"min":[8.53732408445e-24,1.50806760132e-23,4.73721938752e-24,5.96801713235e-24,5.04886086028e-24,4.24281146479e-24,7.17161337545e-24,6.37695789245e-24,9.12809964979e-24,4.65385927237e-24,5.44058197011e-24,2.23513857012e-24,8.46506048123e-24,4.45894278674e-24,6.83730359015e-24,9.48022743636e-24,5.02072258622e-24,6.73622368692e-24,1.0842877365e-23,7.56223836306e-24,1.03239670282e-23,1.12816851879e-23,6.21164499002e-24,8.16270902892e-24,1.17584411646e-23,1.20587100241e-23,8.13952440692e-24,8.8509704472e-24,7.61917439889e-24,9.56195894817e-24,1.14535306475e-23,1.0379020053e-23,1.20918974024e-23,8.15929878323e-24,7.74570295492e-24,8.41179974835e-24,1.18300602684e-23,8.72818976933e-24,1.06145328986e-23,1.37065008267e-23],"var":[0.0000039328388084,0.00000481034294353,0.00000140192298659,0.00000545175089428,0.00000288905516754,4.00643330067e-7,3.84982229207e-7,5.5535105048e-7,0.0000011662103816,4.33356149188e-7,1.58000176498e-7,8.91091715971e-8,1.87653945716e-8,5.93088422818e-9,4.4568899682e-9,3.13418535569e-9,5.88782755884e-9,2.0498487352e-9,8.84168205317e-9,5.07789976734e-10,1.55106552602e-10,9.05711339261e-11,1.007270517e-10,1.29425983819e-10,1.73611958143e-10,3.22344685666e-11,3.73419108135e-11,6.5687913442e-11,1.23869914326e-10,4.11107467513e-11,6.72583377881e-11,7.15940293161e-11,6.61844953842e-11,2.13910850838e-11,4.34715735631e-11,2.05046535307e-10,2.08553035952e-10,3.9112602046e-11,2.16152130916e-11,1.06756808255e-11]},"melbands_crest":{"dmean":2.58928179741,"dmean2":4.0813794136,"dvar":5.69843006134,"dvar2":14.6669788361,"max":32.2575912476,"mean":14.0937747955,"median":13.3316345215,"min":1.80006492138,"var":21.0366344452},"melbands_flatness_db":{"dmean":0.0264949277043,"dmean2":0.0373247303069,"dvar":0.000901575724129,"dvar2":0.00183981389273,"max":0.487131863832,"mean":0.275496482849,"median":0.275060623884,"min":0.00468991464004,"var":0.0044888406992},"melbands_kurtosis":{"dmean":9.64316368103,"dmean2":14.8135042191,"dvar":211.835189819,"dvar2":516.372375488,"max":257.830535889,"mean":24.1754264832,"median":17.0619297028,"min":-1.88146317005,"var":599.903015137},"melbands_skewness":{"dmean":0.73605889082,"dmean2":1.1131592989,"dvar":0.68732303381,"dvar2":1.61350429058,"max":13.3206272125,"mean":3.02915906906,"median":2.78725790977,"min":-2.57864022255,"var":3.10513234138},"melbands_spread":{"dmean":3.75286579132,"dmean2":5.45250701904,"dvar":108.978408813,"dvar2":202.095321655,"max":233.156997681,"mean":10.9220571518,"median":7.0569024086,"min":0.640592932701,"var":324.950012207},"mfcc":{"cov":[[6529.29492188,-373.689025879,-267.180541992,-437.771240234,-511.185821533,-321.627593994,-81.1437988281,100.533035278,125.078018188,279.90737915,77.6669158936,-33.8106842041,-54.3733787537],[-373.689025879,1493.47021484,-277.621917725,51.66147995,264.398864746,-92.5878219604,129.243560791,63.0053215027,-62.5928611755,0.275130033493,36.8723144531,6.36272764206,71.0823516846],[-267.180541992,-277.621917725,701.3828125,22.7528076172,-59.5767440796,114.56502533,-25.6420593262,-56.5800018311,7.37795782089,-3.67310523987,-1.07490670681,68.3446655273,4.99488449097],[-437.771240234,51.66147995,22.7528076172,465.419708252,267.469573975,106.238525391,4.07457065582,12.6506786346,21.8881111145,-91.5253448486,8.9626750946,54.0042190552,52.3260803223],[-511.185821533,264.398864746,-59.5767440796,267.469573975,420.575012207,57.9021492004,11.3480768204,4.94404697418,0.908845067024,-53.0941963196,7.83889532089,33.0361709595,64.4315414429],[-321.627593994,-92.5878219604,114.56502533,106.238525391,57.9021492004,235.528793335,54.7860641479,29.5504302979,33.5551872253,-15.8807888031,12.0857667923,17.0006217957,5.70837926865],[-81.1437988281,129.243560791,-25.6420593262,4.07457065582,11.3480768204,54.7860641479,156.399169922,67.2351379395,16.1492710114,35.0043067932,19.0482769012,4.66882324219,10.4939889908],[100.533035278,63.0053215027,-56.5800018311,12.6506786346,4.94404697418,29.5504302979,67.2351379395,151.046707153,61.4493293762,39.6177330017,26.9985618591,8.26772785187,20.7092342377],[125.078018188,-62.5928611755,7.37795782089,21.8881111145,0.908845067024,33.5551872253,16.1492710114,61.4493293762,130.412521362,63.8649749756,17.1921215057,16.7726078033,16.8441848755],[279.90737915,0.275130033493,-3.67310523987,-91.5253448486,-53.0941963196,-15.8807888031,35.0043067932,39.6177330017,63.8649749756,179.528442383,52.8317947388,1.6375797987,5.30204582214],[77.6669158936,36.8723144531,-1.07490670681,8.9626750946,7.83889532089,12.0857667923,19.0482769012,26.9985618591,17.1921215057,52.8317947388,102.474456787,31.324306488,15.5175247192],[-33.8106842041,6.36272764206,68.3446655273,54.0042190552,33.0361709595,17.0006217957,4.66882324219,8.26772785187,16.7726078033,1.6375797987,31.324306488,99.4186325073,35.3979682922],[-54.3733787537,71.0823516846,4.99488449097,52.3260803223,64.4315414429,5.70837926865,10.4939889908,20.7092342377,16.8441848755,5.30204582214,15.5175247192,35.3979682922,85.2674026489]],"icov":[[0.000194686916075,0.000036848923628,0.000068274581281,0.0000106664938357,0.000168135491549,0.000197936664335,0.000107424493763,-0.000118587871839,-0.0000874976540217,-0.00017171408399,-0.0000732979242457,-0.000038610320189,0.0000154940353241],[0.000036848923628,0.000992199406028,0.000193628831767,0.000205413278309,-0.000676745199598,0.000587787129916,-0.000834625796415,-0.000230394434766,0.00053747324273,0.00000580090772928,-0.000240666660829,0.00000581274434808,-0.000375487987185],[0.000068274581281,0.000193628831767,0.00193695235066,-0.00000480723520013,0.000445079203928,-0.000992135377601,0.000270992255537,0.000740489573218,0.000135256486828,-0.00038336662692,0.00038032559678,-0.00144098640885,-0.000185374199646],[0.0000106664938357,0.000205413278309,-0.00000480723520013,0.00427572848275,-0.00231943442486,-0.000853091885801,0.0000212452014239,-0.0000823081791168,-0.00109454500489,0.002026459435,-0.000688299536705,-0.000906817091163,-0.000368965935195],[0.000168135491549,-0.000676745199598,0.000445079203928,-0.00231943442486,0.00483304215595,-0.000585893983953,0.000575165322516,0.000506012700498,0.0000271713797702,-0.000291562144412,0.000180853196071,0.0000571644523006,-0.0017817117041],[0.000197936664335,0.000587787129916,-0.000992135377601,-0.000853091885801,-0.000585893983953,0.0067057213746,-0.0026858090423,-0.000408252264606,-0.00148094259202,0.00108144420665,-0.00107006076723,0.000674137147143,0.000781534938142],[0.000107424493763,-0.000834625796415,0.000270992255537,0.0000212452014239,0.000575165322516,-0.0026858090423,0.00993671361357,-0.00376973627135,0.00171268288977,-0.00209379568696,0.000558339466807,-0.000439613097114,0.0000459539296571],[-0.000118587871839,-0.000230394434766,0.000740489573218,-0.0000823081791168,0.000506012700498,-0.000408252264606,-0.00376973627135,0.0109673989937,-0.00464655738324,0.000719266419765,-0.00149586389307,0.000443441676907,-0.00146988604683],[-0.0000874976540217,0.00053747324273,0.000135256486828,-0.00109454500489,0.0000271713797702,-0.00148094259202,0.00171268288977,-0.00464655738324,0.0130520416424,-0.0050572543405,0.00204600952566,-0.00146534608211,-0.000871655764058],[-0.00017171408399,0.00000580090772928,-0.00038336662692,0.002026459435,-0.000291562144412,0.00108144420665,-0.00209379568696,0.000719266419765,-0.0050572543405,0.0103346873075,-0.00480091152713,0.00141444243491,-0.00046162167564],[-0.0000732979242457,-0.000240666660829,0.00038032559678,-0.000688299536705,0.000180853196071,-0.00107006076723,0.000558339466807,-0.00149586389307,0.00204600952566,-0.00480091152713,0.0138149801642,-0.0042726341635,-0.000062482940848],[-0.000038610320189,0.00000581274434808,-0.00144098640885,-0.000906817091163,0.0000571644523006,0.000674137147143,-0.000439613097114,0.000443441676907,-0.00146534608211,0.00141444243491,-0.0042726341635,0.0145883001387,-0.0046076066792],[0.0000154940353241,-0.000375487987185,-0.000185374199646,-0.000368965935195,-0.0017817117041,0.000781534938142,0.0000459539296571,-0.00146988604683,-0.000871655764058,-0.00046162167564,-0.000062482940848,-0.0046076066792,0.0160584226251]],"mean":[-688.42565918,152.024856567,22.8868808746,15.4402294159,9.31473827362,-9.08216762543,-3.30887961388,-9.46810531616,-11.4072904587,-2.79105448723,-3.44542646408,-6.08080816269,-5.2419629097]},"pitch_salience":{"dmean":0.0589720979333,"dmean2":0.093021273613,"dvar":0.00295827141963,"dvar2":0.00752002745867,"max":0.858967959881,"mean":0.556811928749,"median":0.559069752693,"min":0.145092472434,"var":0.00970338471234},"silence_rate_20dB":{"dmean":0,"dmean2":0,"dvar":0,"dvar2":0,"max":1,"mean":1,"median":1,"min":1,"var":0},"silence_rate_30dB":{"dmean":0.00565535575151,"dmean2":0.011312593706,"dvar":0.00562369683757,"dvar2":0.0141804236919,"max":1,"mean":0.995676040649,"median":1,"min":0,"var":0.00430561369285},"silence_rate_60dB":{"dmean":0.0109780440107,"dmean2":0.0219597406685,"dvar":0.0108581110835,"dvar2":0.0238054804504,"max":1,"mean":0.0450690165162,"median":0,"min":0,"var":0.0430364273489},"spectral_centroid":{"dmean":142.711517334,"dmean2":203.487960815,"dvar":80005.25,"dvar2":129892.828125,"max":11344.3847656,"mean":662.998168945,"median":522.587219238,"min":222.068359375,"var":304232.9375},"spectral_complexity":{"dmean":2.38256812096,"dmean2":3.66394948959,"dvar":9.26817893982,"dvar2":18.9692955017,"max":44,"mean":12.2323303223,"median":12,"min":0,"var":36.2820739746},"spectral_contrast_coeffs":{"dmean":[0.0454491600394,0.0427150055766,0.0347654521465,0.0282874125987,0.022225279361,0.0154240308329],"dmean2":[0.072354234755,0.0686804205179,0.0556414350867,0.0457965061069,0.0353368222713,0.0248478241265],"dvar":[0.00150585733354,0.00131308462005,0.000809800694697,0.00050802534679,0.000400806806283,0.000209834062844],"dvar2":[0.00365627463907,0.00332028092816,0.00202886434272,0.00132699520327,0.000921002065297,0.000508438330144],"max":[-0.239013060927,-0.434273838997,-0.478657543659,-0.518988192081,-0.570499837399,-0.661277413368],"mean":[-0.539169311523,-0.667168855667,-0.749491333961,-0.77598965168,-0.791395187378,-0.817909836769],"median":[-0.54278832674,-0.664272844791,-0.759072422981,-0.778457760811,-0.794386208057,-0.819553256035],"min":[-0.94794011116,-0.959876596928,-0.965980231762,-0.957538366318,-0.961006045341,-0.960239648819],"var":[0.0117251640186,0.00539145246148,0.00568363675848,0.00265267211944,0.00223180511966,0.00080142862862]},"spectral_contrast_valleys":{"dmean":[0.357038199902,0.358106821775,0.318748086691,0.302586734295,0.29244568944,0.331655710936],"dmean2":[0.56974285841,0.574528217316,0.500774562359,0.458944559097,0.404683411121,0.447380036116],"dvar":[0.128475531936,0.131153285503,0.115170314908,0.124568670988,0.131411924958,0.191989958286],"dvar2":[0.25406011939,0.277895212173,0.221783742309,0.229809701443,0.223952025175,0.387132465839],"max":[-4.84109735489,-4.51104164124,-5.11514902115,-6.11595726013,-5.97160053253,-6.96893596649],"mean":[-7.44732189178,-6.83803272247,-7.84028530121,-8.32168769836,-8.41388320923,-10.5401973724],"median":[-7.34849357605,-6.69786310196,-7.74008131027,-8.24435138702,-8.3127450943,-10.4380502701],"min":[-27.4666576385,-27.5129966736,-27.2046909332,-27.3155956268,-27.3229560852,-27.2459182739],"var":[1.2082490921,1.05493676662,0.993210375309,0.843861579895,0.826526761055,1.05646967888]},"spectral_decrease":{"dmean":1.9091990211e-9,"dmean2":2.72207145713e-9,"dvar":7.43350737836e-18,"dvar2":1.58562350882e-17,"max":1.30014029608e-28,"mean":-8.05070232701e-9,"median":-7.44413908293e-9,"min":-4.73528913858e-8,"var":2.95271350986e-17},"spectral_energy":{"dmean":0.00747265201062,"dmean2":0.0106688747182,"dvar":0.000110388653411,"dvar2":0.000235719009652,"max":0.182890325785,"mean":0.0318059697747,"median":0.029424149543,"min":1.02307103721e-20,"var":0.000448128033895},"spectral_energyband_high":{"dmean":0.000268484116532,"dmean2":0.000378707947675,"dvar":0.00000148251763221,"dvar2":0.00000236610776483,"max":0.0428199283779,"mean":0.000463713833597,"median":0.000122617086163,"min":7.69982123327e-21,"var":0.00000464755657958},"spectral_energyband_low":{"dmean":0.00268863723613,"dmean2":0.00407755142078,"dvar":0.0000472842511954,"dvar2":0.000105886931124,"max":0.119789138436,"mean":0.00632441975176,"median":0.00219742185436,"min":6.78789376067e-23,"var":0.000106345047243},"spectral_energyband_middle_high":{"dmean":0.000861724547576,"dmean2":0.0012762574479,"dvar":0.00000341094641954,"dvar2":0.00000719107083569,"max":0.0499973781407,"mean":0.00244931061752,"median":0.000996814458631,"min":1.29970481117e-21,"var":0.0000192416882783},"spectral_energyband_middle_low":{"dmean":0.00586528936401,"dmean2":0.00844424217939,"dvar":0.0000581216881983,"dvar2":0.000134057234391,"max":0.13060900569,"mean":0.0233965609223,"median":0.022181186825,"min":1.83322805163e-22,"var":0.000249889533734},"spectral_entropy":{"dmean":0.232026919723,"dmean2":0.320816129446,"dvar":0.071901910007,"dvar2":0.143325060606,"max":9.79679203033,"mean":6.906873703,"median":6.8862991333,"min":5.19322967529,"var":0.324216485023},"spectral_flux":{"dmean":0.0191216114908,"dmean2":0.0301750209183,"dvar":0.000524606206454,"dvar2":0.0011795933824,"max":0.341105610132,"mean":0.0653065592051,"median":0.0585996769369,"min":1.01146972742e-10,"var":0.00142069300637},"spectral_kurtosis":{"dmean":2.45781493187,"dmean2":3.75003385544,"dvar":8.35041809082,"dvar2":18.6632156372,"max":54.9440040588,"mean":8.72146987915,"median":7.78886842728,"min":-1.15956795216,"var":29.1038341522},"spectral_rms":{"dmean":0.000642083119601,"dmean2":0.000892473384738,"dvar":5.49786875581e-7,"dvar2":0.00000107743824174,"max":0.0133577538654,"mean":0.00521219382063,"median":0.00535784335807,"min":3.15930072901e-12,"var":0.00000386332249036},"spectral_rolloff":{"dmean":243.069763184,"dmean2":395.319213867,"dvar":699170.0625,"dvar2":1347823.75,"max":18884.6191406,"mean":791.418151855,"median":473.73046875,"min":86.1328125,"var":1925175.125},"spectral_skewness":{"dmean":0.310921132565,"dmean2":0.455214768648,"dvar":0.119152635336,"dvar2":0.252021372318,"max":5.798620224,"mean":2.38167309761,"median":2.38803124428,"min":-0.0690273120999,"var":0.518487632275},"spectral_spread":{"dmean":654525.6875,"dmean2":975593.375,"dvar":819499040768,"dvar2":1639686602750,"max":40239452,"mean":4656184.5,"median":4427112.5,"min":1299976.75,"var":2948634771460},"spectral_strongpeak":{"dmean":0.396149635315,"dmean2":0.659898757935,"dvar":0.331049442291,"dvar2":0.780849337578,"max":12.0409059525,"mean":1.00374269485,"median":0.664516806602,"min":0,"var":0.991338908672},"zerocrossingrate":{"dmean":0.00789314880967,"dmean2":0.00894518941641,"dvar":0.000180061237188,"dvar2":0.000152023087139,"max":0.52734375,"mean":0.0389640815556,"median":0.03125,"min":0.00390625,"var":0.00143244990613}},"metadata":{"audio_properties":{"analysis_sample_rate":44100,"bit_rate":192000,"codec":"mp3","downmix":"mix","equal_loudness":0,"length":139.598373413,"lossless":false,"md5_encoded":"7468c982a282620c5cef68fc69fe32bd","replay_gain":-5.09988212585,"sample_rate":44100},"tags":{"acoustid_fingerprint":["AQADtAmjSKmSpEG8Y-jRdEqMRzt6igjzxFCdI6-wJ0dTKugn_LiPS0We5Dh-PA9R5QgzbTH-4diHPgdjJjLOHI8UJHVu5BEaNyP6rLgO9igT9Ckn7I_xH0eXC02YSCk-nMGP5kwatBEmRzqaM0e8E3KDXJicSI_g4xdKHieRK3nwuPjwH3GaF1MfNJMy_Al4YU-OL8ezBLmMZ4Hq49eRhs5x4TqmLLzAvE2C_WiGdrjwLLC2WfgZ9Al7NG0onMmg_XiKJpIYXPix43WRNzyS8MLxKKib42KCMtOEN49RJ0tCQUt4PLioHI_qoKZ89EqCH01_lJF1XJfxlwnCP0gWlfmEH0czJVkaPJHkwvvRLkpw4ULSMLqGTxqJUg4FLf9xVHoQTeIOKnoxeVEm48nw4yea43oML0pKuF6PPvjxowl1nMmmFU0W7RE-oSJZ-EuL8IfsIz-OP7JwPcUz4Yly4sePSDmSPQef4ypG9Vlw1YTj48GPHqFk4c0V6HqOlI1wPdiToAm35GBO_At--B_uIE-yFT2P5sia53iO3R4uJcvRRBNqnEafYMoT8BfmJMclG_dDRH2IZPkm9MzBy8cXTFI__MEtE71w1LSEqimFPFoE9QhzHiVbovZDpFZkqAgj_DsePfiOEu2L-biiDUwclD8i58eZMBNq5Qu8zNAkHk-hbZYRJtWDWTrSq4R0tcgZDVPsor-Ik8fp4Xj0IzkjhMmFXniOpk6KRzqaaTte5khyhKISNM9xCUyfY4ffok3y4lJ-_Pjx7EH64An2gzoDXYiYZilu4tKOVskDT8CHJ1mM0xh4Wdia5kO9B_mhaU-EaMplMMepeMSeULh1WFaI-2iSKVE2VM1xIUeyo6kzxTiJ67h2POKJLYsEdgxuoT-aBzPpBr9Q0gye9MPh76ho4kNurI1U_IEm_UH6wzzKDteJ5nHQZ17A48mxH3ni5EjOH3_Q7zia0MNxM_A6GWdwPEN8QS-6ETmOw9qOM-iHXEePZDqeHJ8-4YmO90H4zEay5MF_XMfz4MfTYzweR7gy7EiuXAjzNEKfHT_x4BJf9Pxw9MfxFI2OSi-ekPjxoy9OhDp0hPrgqsYZHP8RniLUIz-exMPxI9RvJMvxfLgeDT-aM3ApIdKTILnBLngS5Qp4JUWfozmL6Dl0fEkXPHGm4PtxnB-airjEFDqP9EJvdNfRfKlwH0dS5OFxPPjx4MzRPDt65PgRZgmPSjKepUdvolmPJ7aMOg_yQEceHU1IfInxDM-FvBG0vEGPn0O-ZA7ybLnwQ59UvMkETX5whsfxKsJ3eD907eiTGTn-o5cCMzlqjPoDKjmHPcGT4zKax-gTvMd5POkHhEpTQUu-IQ-HAz0NP8Gl4_xghiIxGlmJJD9uPCHCnMBf6JLRrYqhVjlyHT5CK5HR6xBzhFNE67iSFDeaB_1xH8dz1IdjKcKPRi6ehPjh3EnwhBQuIs9y6D7CZ4WP7sGp48lx4f-C5kJv5J9w_tAjHmE4pkSP-6jOoVEjU