{"lowlevel":{"average_loudness":0.882327079773,"barkbands":{"dmean":[0.0000919894810067,0.00130279466975,0.000575866259169,0.00168186146766,0.0038980441168,0.00165795686189,0.000709943880793,0.000727030739654,0.000703907513525,0.000328350870404,0.000265528768068,0.000407675106544,0.000328388210619,0.000374383525923,0.00022640368843,0.000177551017259,0.000216572720092,0.000114778551506,0.0000700904492987,0.0000671786547173,0.0000433615532529,0.0000521717374795,0.0000395215174649,0.0000437656417489,0.0000105664221337,0.00000167049302036,1.99536543732e-7],"dmean2":[0.000119998527225,0.00204323325306,0.000978203490376,0.00289810169488,0.00637620082125,0.00262730778195,0.00111622060649,0.00114575901534,0.00109792326111,0.000524704752024,0.00042250106344,0.000652325048577,0.000521434936672,0.00058703625109,0.000359579193173,0.000268332340056,0.0003279527009,0.000183252457646,0.000110942077299,0.000105935818283,0.000065155516495,0.0000781590715633,0.0000619413767708,0.0000690243177814,0.0000162204796652,0.00000236880146076,2.97637171798e-7],"dvar":[2.45334597082e-8,0.00000466605615657,0.00000142222017985,0.00000975136481429,0.0000838365740492,0.0000119997339425,0.00000379578114007,0.00000475084289064,0.00000370402767658,0.00000120355116451,6.73829049447e-7,0.00000312309657602,0.0000020098971163,0.00000165275605468,6.73063823342e-7,3.2290171248e-7,4.06204947012e-7,1.05473006329e-7,3.26207718615e-8,4.13996801285e-8,3.93817707334e-8,5.25836654219e-8,8.11707892012e-8,1.50877156102e-7,5.68302027659e-9,5.57164869797e-11,1.80002054928e-11],"dvar2":[4.55684343592e-8,0.0000115581406135,0.00000380713254344,0.0000272225497611,0.000218021508772,0.0000285267033178,0.00000894971617527,0.0000120374324979,0.00000906615969143,0.00000288793830805,0.00000165067660873,0.00000818132684799,0.00000548186289961,0.00000412265808336,0.00000171586634679,6.80835512412e-7,8.3432428255e-7,2.81944551261e-7,8.12697393826e-8,1.02832544258e-7,9.56588763756e-8,1.27362028479e-7,2.33325692989e-7,4.1006921947e-7,1.42583669316e-8,1.32076502513e-10,4.51100788668e-11],"max":[0.00253092474304,0.0261387974024,0.0260019265115,0.0613489151001,0.128768488765,0.0875963121653,0.0445270575583,0.0710435062647,0.0420187301934,0.0323492661119,0.018590759486,0.0586314983666,0.0475611872971,0.0342848040164,0.0241509377956,0.017816087231,0.021578008309,0.00991613138467,0.0048320395872,0.00691081909463,0.010395183228,0.00693004205823,0.0129416221753,0.0155492061749,0.00254002842121,0.000385051971534,0.000294463621685],"mean":[0.000152055246872,0.00232319766656,0.000791145197581,0.00232144538313,0.00585122499615,0.00347742252052,0.00114141928498,0.00115723616909,0.00124045170378,0.000561747408938,0.000469290884212,0.000722833443433,0.000572998949792,0.00074357126141,0.000362919352483,0.000387686741306,0.000409528147429,0.000207771241548,0.000125297534396,0.000107620864583,0.000065715466917,0.0000716190697858,0.0000556136983505,0.0000565882728552,0.0000135362342917,0.0000021991693302,1.89940195128e-7],"median":[0.0000366107378795,0.00088377710199,0.000337658275384,0.00101691996679,0.00270803412423,0.00158510031179,0.00022819582955,0.000136098387884,0.000279930973193,0.0000794813749962,0.000068140856456,0.0000696086499374,0.0000641828301013,0.0000471165767522,0.0000606782268733,0.0000700695236446,0.000102148158476,0.0000387371401303,0.0000432328670286,0.0000206542754313,0.0000171516476257,0.0000127165349113,0.00000907418962015,0.00000449192248198,0.00000148153947066,4.13591578763e-7,2.77250613578e-8],"min":[7.13929164876e-26,2.09536484227e-24,1.48062624643e-24,8.58512787202e-25,6.05779620869e-24,3.07379651719e-24,7.50483374385e-24,6.47132301166e-24,1.86631426639e-23,1.55692238827e-23,1.38671744382e-23,1.88787178389e-23,1.60056690671e-23,3.44509756806e-23,5.00937466433e-23,4.91255050791e-23,6.9911743807e-23,8.26033861232e-23,1.24290753281e-22,1.45849993655e-22,2.49843583037e-22,2.70888322017e-22,3.59272752222e-22,5.83145519646e-22,8.3406149913e-22,1.30901614664e-21,1.89232428523e-21],"var":[6.13967046093e-8,0.0000105329281723,0.00000189577451692,0.0000128787578433,0.0000957991578616,0.0000337519013556,0.00000860031468619,0.0000121179919006,0.00000814932354842,0.000002835375426,0.00000174662648078,0.00000784357780503,0.00000410021584685,0.00000577160426474,0.00000146709294313,0.00000129530485538,0.00000135038328608,2.93644916383e-7,5.99674976343e-8,6.75691822494e-8,4.9922366685e-8,7.52346309696e-8,9.41460740478e-8,2.04630111966e-7,8.12963918406e-9,5.74495694072e-11,9.08239629338e-12]},"barkbands_crest":{"dmean":2.50342297554,"dmean2":4.01932430267,"dvar":5.32688856125,"dvar2":13.217924118,"max":26.0006580353,"mean":10.7594480515,"median":10.030462265,"min":2.91219592094,"var":17.3713092804},"barkbands_flatness_db":{"dmean":0.0216878131032,"dmean2":0.0322028286755,"dvar":0.000465868099127,"dvar2":0.00100543629378,"max":0.377190411091,"mean":0.178735107183,"median":0.173720270395,"min":0.0259387679398,"var":0.00306452973746},"barkbands_kurtosis":{"dmean":4.18415212631,"dmean2":6.64603853226,"dvar":49.4262390137,"dvar2":118.712852478,"max":146.136856079,"mean":8.36909866333,"median":4.42908573151,"min":-1.92179167271,"var":142.714889526},"barkbands_skewness":{"dmean":0.584963262081,"dmean2":0.903916537762,"dvar":0.41408854723,"dvar2":0.987789869308,"max":11.3265619278,"mean":1.84610140324,"median":1.78392958641,"min":-2.21199417114,"var":2.31275844574},"barkbands_spread":{"dmean":3.97119832039,"dmean2":6.10528326035,"dvar":38.4288635254,"dvar2":81.4509658813,"max":108.788330078,"mean":14.5882329941,"median":11.8227462769,"min":0.649014115334,"var":163.876312256},"dissonance":{"dmean":0.021313406527,"dmean2":0.0354844853282,"dvar":0.00043642782839,"dvar2":0.0011713092681,"max":0.500000119209,"mean":0.44943356514,"median":0.457613587379,"min":0.254901558161,"var":0.00121625780594},"dynamic_complexity":4.51499509811,"erbbands":{"dmean":[0.0512482747436,0.278911203146,0.59069019556,3.05025792122,12.7130689621,11.0988616943,11.3472881317,13.1772909164,10.6195802689,12.5877666473,14.6420373917,13.8013477325,12.61079216,8.55478000641,11.3502178192,14.4362134933,15.5777082443,14.7607545853,16.0017242432,10.8119010925,8.64326572418,12.9930734634,6.95500040054,3.36461758614,3.68804740906,3.02371883392,1.91791212559,1.76551353931,1.91887390614,1.49638831615,1.04263699055,1.07870972157,0.592774033546,0.173205196857,0.0481159649789,0.0112558193505,0.00259021529928,0.0003623025259,0.0000337915771524,0.0000105600947791],"dmean2":[0.0651163458824,0.468061000109,1.01354956627,5.20830774307,21.3084640503,18.2365131378,18.5301876068,20.3995342255,16.4807071686,19.7446403503,23.0830841064,21.5000534058,19.9414577484,13.5616540909,17.8523273468,23.0067653656,24.5493812561,22.9518108368,25.4393692017,16.4278335571,13.0216608047,19.4281082153,10.8280830383,5.29318571091,5.78045940399,4.75311851501,2.93147397041,2.67332458496,2.90831422806,2.295327425,1.63408017159,1.73962628841,0.937665104866,0.269542694092,0.0723138153553,0.0161359328777,0.00369347492233,0.000531943805981,0.0000494599626109,0.0000167157068063],"dvar":[0.00665232725441,0.257467329502,1.37500762939,30.5790481567,962.092712402,655.420043945,488.11416626,1140.57189941,1029.30944824,1479.01245117,1842.19921875,1329.68371582,1929.94909668,605.429992676,1739.47631836,2635.4309082,4082.09716797,2841.66992188,3844.79052734,1126.62683105,927.817749023,1608.56750488,369.886138916,69.6439666748,112.180381775,84.4413452148,57.8599700928,67.2614212036,63.1725845337,78.0880050659,64.6820144653,123.495193481,23.2430610657,1.57052099705,0.0980860516429,0.0018806210719,0.000226057760301,0.0000154144090629,1.46353386299e-7,6.39443387129e-9],"dvar2":[0.0121751837432,0.695387780666,3.67488765717,84.5096511841,2580.60009766,1695.2701416,1229.1875,2608.55444336,2291.8359375,3769.62475586,4834.60351562,3336.42041016,4714.74365234,1568.86315918,4338.69628906,6850.68408203,11262.2558594,6710.49560547,10566.7109375,2468.39990234,1852.49658203,3155.69750977,971.172790527,169.644729614,287.553405762,206.773361206,139.100753784,166.165649414,157.132125854,196.816192627,186.998291016,367.513000488,59.0778274536,3.8627808094,0.242356449366,0.0042516044341,0.000551510776859,0.0000387937325286,3.67867784234e-7,1.60045647846e-8],"max":[1.30907452106,5.67710971832,19.9483680725,79.3829879761,415.893432617,470.797973633,485.815246582,898.778930664,807.229736328,1068.10388184,1238.06665039,814.122070312,1052.7487793,843.562927246,1470.83813477,1523.83557129,2181.91943359,1792.32141113,2006.69177246,1186.58666992,1168.5,1515.1027832,695.219604492,247.818099976,330.973144531,326.809814453,371.241638184,386.8855896,224.682128906,384.862579346,416.704864502,534.114562988,193.836242676,39.7511253357,12.9629507065,1.24994122982,0.922731280327,0.260297060013,0.0258862711489,0.00551516795531],"mean":[0.0959567055106,0.403609454632,0.839735031128,4.6202340126,16.8891601562,17.0040130615,22.5594940186,27.9489440918,18.4991035461,21.0408115387,25.5538387299,25.4617824554,22.796251297,16.6860084534,21.761964798,27.2306938171,30.0742835999,28.4410076141,30.7957019806,22.1580486298,19.6927490234,26.2704257965,14.0966835022,6.40290403366,6.39953374863,4.96991014481,3.07869267464,2.58479785919,2.6521821022,2.13660478592,1.45321702957,1.3782453537,0.75625193119,0.222562596202,0.0633631274104,0.0151536324993,0.00329581741244,0.00042730072164,0.0000457839487353,0.0000289924828394],"median":[0.026248626411,0.172334298491,0.467175424099,2.24375915527,7.23933887482,7.17823886871,12.3069572449,11.3359212875,4.04940891266,4.45097970963,4.87640810013,6.53015422821,4.10385036469,3.08325147629,3.02248716354,3.30979132652,3.95196485519,2.53236198425,2.91855597496,4.37152862549,4.3519487381,6.3741979599,2.75298070908,2.29558849335,1.87051522732,1.0382515192,0.655652463436,0.682001709938,0.488334596157,0.339678108692,0.223952829838,0.124523878098,0.0557668656111,0.020470906049,0.0089582465589,0.00269255903549,0.000608440604992,0.0000829903583508,0.0000197050612769,0.0000240198787651],"min":[5.33962402478e-23,3.26955960834e-22,3.04970041374e-21,5.7638288395e-21,8.41236139839e-21,2.09546853456e-20,3.76213471752e-20,2.12512182861e-20,1.25899745589e-19,1.43755059496e-19,1.8456022808e-19,5.19071550809e-19,4.0969180405e-19,7.12500550923e-19,9.14658167655e-19,6.86917508938e-19,1.29071225851e-18,2.34609142594e-18,2.49482656509e-18,2.60465174861e-18,3.3654684878e-18,3.89042563546e-18,4.93173559805e-18,5.19243687094e-18,6.77390652688e-18,7.57208163766e-18,8.76997151354e-18,1.0518532894e-17,9.28599076789e-18,9.85371873669e-18,1.02389235131e-17,9.0457477395e-18,9.43883471993e-18,8.30162598661e-18,6.04172719409e-18,4.03774071229e-18,2.29814783085e-18,9.24185427156e-19,2.36536509611e-19,2.60072983976e-20],"var":[0.0216128211468,0.350160688162,1.52413070202,43.7716140747,987.317687988,920.426208496,919.338012695,3284.27563477,2721.67724609,3048.83520508,4519.05371094,2970.82568359,4204.50927734,1634.13244629,4475.37451172,7056.19921875,9347.51660156,8587.203125,9587.40527344,3779.02807617,3933.27148438,5998.09423828,1278.29309082,141.060470581,201.536026001,139.461761475,81.0083236694,83.1181335449,85.0015869141,114.410079956,74.1423797607,136.150405884,33.7172317505,2.36857414246,0.141485884786,0.00300832721405,0.000171036066604,0.00000837415518617,7.69671970602e-8,3.61593288645e-9]},"erbbands_crest":{"dmean":2.59248924255,"dmean2":4.17466688156,"dvar":6.56515550613,"dvar2":16.6683425903,"max":31.9356746674,"mean":10.4439201355,"median":9.51584529877,"min":2.64038252831,"var":21.359380722},"erbbands_flatness_db":{"dmean":0.0196119155735,"dmean2":0.0264796447009,"dvar":0.00036116928095,"dvar2":0.000645511492621,"max":0.370295107365,"mean":0.191864594817,"median":0.191727280617,"min":0.0511589646339,"var":0.00256649358198},"erbbands_kurtosis":{"dmean":1.34152114391,"dmean2":2.10311985016,"dvar":5.2009601593,"dvar2":11.4420518875,"max":99.611114502,"mean":1.42099452019,"median":0.243718028069,"min":-1.86433887482,"var":15.8125267029},"erbbands_skewness":{"dmean":0.411689400673,"dmean2":0.628948926926,"dvar":0.193387523293,"dvar2":0.42217540741,"max":8.33219718933,"mean":0.656480550766,"median":0.627254724503,"min":-4.05073261261,"var":1.19848501682},"erbbands_spread":{"dmean":7.91521692276,"dmean2":11.5964775085,"dvar":102.491264343,"dvar2":210.809051514,"max":154.644180298,"mean":34.8565940857,"median":29.8789176941,"min":2.13242220879,"var":438.800415039},"gfcc":{"cov":[[27779.5488281,2078.34790039,-3208.31884766,580.526428223,-1346.19604492,262.172332764,-810.98223877,2.48384308815,-297.720489502,-171.426986694,-31.5670986176,-42.5001335144,-127.442352295],[2078.34790039,1427.90002441,-350.2449646,-249.130157471,260.458099365,-186.62512207,54.8966369629,-51.5926589966,105.003341675,-82.4468002319,35.9400024414,-33.6521224976,80.8103942871],[-3208.31884766,-350.2449646,1317.09521484,217.651138306,-65.4086456299,50.6801757812,-8.35605144501,-8.29434871674,5.14743757248,28.6621360779,-74.6450805664,53.9835586548,2.71999454498],[580.526428223,-249.130157471,217.651138306,512.319030762,-111.774215698,2.3831911087,-54.9763908386,-49.0057373047,-48.8898010254,28.3004512787,-55.5049171448,-9.74833202362,35.2159309387],[-1346.19604492,260.458099365,-65.4086456299,-111.774215698,487.30456543,-34.2217941284,99.7618560791,-5.60158872604,49.6803283691,34.6919670105,9.84502410889,-5.43565702438,75.0887451172],[262.172332764,-186.62512207,50.6801757812,2.3831911087,-34.2217941284,214.600006104,34.4004554749,54.4537620544,-15.1661462784,13.9442195892,13.0040016174,23.9547386169,-33.2314033508],[-810.98223877,54.8966369629,-8.35605144501,-54.9763908386,99.7618560791,34.4004554749,228.565155029,68.8966827393,-5.98944568634,0.810208976269,46.8609580994,10.1291093826,11.078294754],[2.48384308815,-51.5926589966,-8.29434871674,-49.0057373047,-5.60158872604,54.4537620544,68.8966827393,147.993469238,33.8511810303,15.0612792969,24.6735877991,28.6920413971,-12.896361351],[-297.720489502,105.003341675,5.14743757248,-48.8898010254,49.6803283691,-15.1661462784,-5.98944568634,33.8511810303,141.78326416,34.816822052,14.9967927933,-5.83852767944,19.1406097412],[-171.426986694,-82.4468002319,28.6621360779,28.3004512787,34.6919670105,13.9442195892,0.810208976269,15.0612792969,34.816822052,119.248268127,20.6698551178,6.23486614227,13.7431125641],[-31.5670986176,35.9400024414,-74.6450805664,-55.5049171448,9.84502410889,13.0040016174,46.8609580994,24.6735877991,14.9967927933,20.6698551178,119.762870789,45.9626541138,-1.44018983841],[-42.5001335144,-33.6521224976,53.9835586548,-9.74833202362,-5.43565702438,23.9547386169,10.1291093826,28.6920413971,-5.83852767944,6.23486614227,45.9626541138,98.7224502563,21.6994152069],[-127.442352295,80.8103942871,2.71999454498,35.2159309387,75.0887451172,-33.2314033508,11.078294754,-12.896361351,19.1406097412,13.7431125641,-1.44018983841,21.6994152069,103.955848694]],"icov":[[0.000226098607527,-0.000635238538962,0.000561897817533,-0.000522976566572,0.000634023803286,-0.000752330524847,0.0008236564463,-0.000547306146473,0.000655026640743,-0.000389327178709,0.000264174013864,-0.000260754924966,0.0000682673926349],[-0.000635238538962,0.00288680847734,-0.00140994414687,0.00175873527769,-0.00209402665496,0.00271391635761,-0.00253365538083,0.00194794579875,-0.0026269920636,0.00204022903927,-0.00101096834987,0.000911202165298,-0.000680204306263],[0.000561897817533,-0.00140994414687,0.00236537866294,-0.00161621405277,0.0016027984675,-0.001895617228,0.00162820564583,-0.000907285488211,0.00103027606383,-0.0010563012911,0.00168258580379,-0.00182919378858,0.000575804500841],[-0.000522976566572,0.00175873527769,-0.00161621405277,0.0039500282146,-0.000813673133962,0.00172861746978,-0.00179487315472,0.00176330341492,-0.00072101841215,0.000112730718683,-0.0000552824421902,0.00124864431564,-0.00189732352737],[0.000634023803286,-0.00209402665496,0.0016027984675,-0.000813673133962,0.00482487492263,-0.0021719399374,0.000891293864697,-0.00070644763764,0.00140444852877,-0.0022534399759,0.00148615078069,-0.00062050827546,-0.00153380015399],[-0.000752330524847,0.00271391635761,-0.001895617228,0.00172861746978,-0.0021719399374,0.00856992136687,-0.0034033881966,0.000401952245738,-0.00185425335076,0.000955573807005,-0.000688617641572,-0.000320929015288,0.00142548209988],[0.0008236564463,-0.00253365538083,0.00162820564583,-0.00179487315472,0.000891293864697,-0.0034033881966,0.00999670941383,-0.00579065224156,0.00468348292634,-0.000642656465061,-0.00237443600781,0.00162478315178,-0.00112014508341],[-0.000547306146473,0.00194794579875,-0.000907285488211,0.00176330341492,-0.00070644763764,0.000401952245738,-0.00579065224156,0.0122842071578,-0.00540884584188,0.00036282200017,0.00115910801105,-0.00326250260696,0.00166598672513],[0.000655026640743,-0.0026269920636,0.00103027606383,-0.00072101841215,0.00140444852877,-0.00185425335076,0.00468348292634,-0.00540884584188,0.0122989732772,-0.00377359450795,-0.00116375728976,0.00231326720677,-0.00197952543385],[-0.000389327178709,0.00204022903927,-0.0010563012911,0.000112730718683,-0.0022534399759,0.000955573807005,-0.000642656465061,0.00036282200017,-0.00377359450795,0.0116872759536,-0.0032079576049,0.00152604747564,-0.00124041759409],[0.000264174013864,-0.00101096834987,0.00168258580379,-0.0000552824421902,0.00148615078069,-0.000688617641572,-0.00237443600781,0.00115910801105,-0.00116375728976,-0.0032079576049,0.0142236566171,-0.00808497797698,0.0027107312344],[-0.000260754924966,0.000911202165298,-0.00182919378858,0.00124864431564,-0.00062050827546,-0.000320929015288,0.00162478315178,-0.00326250260696,0.00231326720677,0.00152604747564,-0.00808497797698,0.0174015257508,-0.00600740965456],[0.0000682673926349,-0.000680204306263,0.000575804500841,-0.00189732352737,-0.00153380015399,0.00142548209988,-0.00112014508341,0.00166598672513,-0.00197952543385,-0.00124041759409,0.0027107312344,-0.00600740965456,0.0145691819489]],"mean":[-77.0172805786,126.221038818,-115.39415741,35.1486778259,-54.0846748352,0.733905375004,-39.9151611328,-3.70029354095,-18.4408855438,-7.46161222458,-13.2398700714,-0.6461597085,-5.47203063965]},"hfc":{"dmean":4.29606533051,"dmean2":6.51672744751,"dvar":70.1336212158,"dvar2":173.404724121,"max":249.097091675,"mean":14.5916547775,"median":8.7337474823,"min":1.07305786588e-16,"var":275.147766113},"melbands":{"dmean":[0.000390548579162,0.000308030634187,0.000781502109021,0.000946147425566,0.000381572725018,0.000302335334709,0.000155649642693,0.000147595623275,0.000123389807413,0.0000868659481057,0.0000649067151244,0.0000368067449017,0.0000392769106838,0.0000391004759877,0.0000474308217235,0.0000292257573165,0.000029182749131,0.0000320018880302,0.0000161153802765,0.0000123297422761,0.0000106664128907,0.0000144354344229,0.0000109759375846,0.00000403525746151,0.00000282511155092,0.0000029667137369,0.00000273527120953,0.00000199304054149,0.00000134033587074,0.00000106918412257,0.00000108730637294,0.0000011603170833,9.72163775259e-7,8.10049982647e-7,6.11970904174e-7,5.91124944549e-7,7.34409070446e-7,5.06937453792e-7,2.21887674456e-7,1.1984374737e-7],"dmean2":[0.00056467455579,0.000521767535247,0.00133265799377,0.00156209652778,0.000620228471234,0.0004706751497,0.000242193360464,0.000230581557844,0.000194572014152,0.00013476019376,0.000102677557152,0.000058275367337,0.0000618358899374,0.0000620280261501,0.0000754980283091,0.0000462318057544,0.0000452807580587,0.0000507706026838,0.0000249263739533,0.0000185594417417,0.0000161483367265,0.000021759304218,0.0000173018324858,0.0000063866950768,0.00000452100130133,0.00000473812906421,0.00000430906175097,0.00000316822092827,0.00000208031610782,0.00000167367102222,0.00000167146208696,0.0000017866127564,0.00000147656351146,0.0000012755260741,9.63122374742e-7,9.41698601764e-7,0.00000119517494568,8.0956885995e-7,3.52604331511e-7,1.86854180129e-7],"dvar":[3.88855454503e-7,3.39471000643e-7,0.00000230094451581,0.00000535579056304,5.43595035651e-7,5.20244782365e-7,1.98215829528e-7,1.92820294842e-7,1.25039719023e-7,5.42438876039e-8,5.0602022128e-8,1.11218714238e-8,1.50627474937e-8,4.26598880665e-8,3.41175123708e-8,1.87230675408e-8,1.32226505301e-8,1.65743454517e-8,3.54037021921e-9,1.48049961179e-9,1.50154544354e-9,2.1007535711e-9,1.01161590216e-9,1.22149124149e-10,5.21764957628e-11,6.28069679598e-11,7.63081403621e-11,3.9625684678e-11,2.1142384718e-11,3.7486645732e-11,2.22762294722e-11,2.24468464649e-11,2.27179646622e-11,2.78987700997e-11,1.8539577859e-11,3.84469331371e-11,5.75491390653e-11,1.76477617242e-11,2.69252220346e-12,7.79744649924e-13],"dvar2":[8.55951782341e-7,8.96812650808e-7,0.00000635191008769,0.0000141417840496,0.00000136861604005,0.00000119858532344,4.53440918591e-7,4.88777004648e-7,3.32177307882e-7,1.31740122811e-7,1.2327194554e-7,2.8307646005e-8,3.62809444709e-8,1.11898501132e-7,8.74949392937e-8,5.28446228998e-8,3.0833273712e-8,4.46755201722e-8,8.04043942537e-9,3.19100124102e-9,2.97658786508e-9,4.10861389355e-9,2.50855447526e-9,3.17251280801e-10,1.27621233026e-10,1.61564234213e-10,1.92068180804e-10,9.88036943927e-11,5.0742708646e-11,9.65744428871e-11,5.59087949548e-11,5.76884442993e-11,5.56712800859e-11,7.35925209661e-11,5.24349591524e-11,1.1825200541e-10,1.68786359889e-10,4.4963369833e-11,6.69795295616e-12,1.94615287427e-12],"max":[0.00904915388674,0.00755682680756,0.0219245292246,0.032962847501,0.0145935444161,0.0197881292552,0.0103946719319,0.0113251339644,0.0081054745242,0.00645450968295,0.00549742532894,0.00316483853385,0.00293301534839,0.00761903077364,0.00598359573632,0.00625793123618,0.00412037363276,0.00404403498396,0.00247762911022,0.0013355773408,0.00153397768736,0.00188646989409,0.000876047939528,0.000385961786378,0.000219056659262,0.000237255095271,0.000283544650301,0.000231949234148,0.000161426331033,0.000371115020243,0.000167068064911,0.000138224553666,0.000202791299671,0.000232931328355,0.000203094285098,0.000337761157425,0.000328014517436,0.000176709290827,0.0000488792793476,0.0000342961830029],"mean":[0.000724533747416,0.000459712027805,0.00114909920376,0.0013272613287,0.000770085665863,0.000644204905257,0.000263050023932,0.000244124123128,0.0002134587412,0.000156597583555,0.000113361944386,0.0000675225091982,0.000072848131822,0.0000694385307725,0.0000853152305353,0.0000507526892761,0.0000540176552022,0.00005767096809,0.0000280656422547,0.0000260651049757,0.0000211260048673,0.0000270212913165,0.000020251274691,0.00000731683712729,0.00000481602728541,0.00000494215100844,0.00000419645766669,0.00000306884362544,0.00000205475680559,0.00000153160374339,0.00000148659046317,0.00000154425208621,0.00000132190086788,0.00000112949237518,8.27204246434e-7,7.84713108715e-7,8.94546303698e-7,6.30990257378e-7,2.7238999678e-7,1.52612855686e-7],"median":[0.000240625697188,0.000259202846792,0.000572783406824,0.00058202247601,0.00042263668729,0.000272723205853,0.0000511866455781,0.0000411955479649,0.0000415755275753,0.0000362240971299,0.0000168740898516,0.0000116542323667,0.0000103225047496,0.00000615123690295,0.00000990221360553,0.00000553695781491,0.00000390782133763,0.00000437814378529,0.00000450487368653,0.00000497833298141,0.00000448736909675,0.0000065848844315,0.00000308827384288,0.00000161706202562,0.00000165614324033,0.00000157239412601,9.1298636562e-7,5.57297084924e-7,3.7184940993e-7,3.38995960192e-7,3.73292380118e-7,2.83075053176e-7,1.92418184497e-7,1.79003933454e-7,1.28406767885e-7,9.84645254221e-8,5.87137662933e-8,3.75737059244e-8,2.3343893929e-8,1.38878073486e-8],"min":[8.84923455878e-25,1.04739073982e-24,1.41612602059e-24,8.41155382097e-25,1.79255802e-24,3.20091454954e-25,1.72018910385e-24,1.36253258563e-24,1.34945268017e-24,3.01128796792e-24,1.52949184077e-24,2.44686055404e-24,2.40327855282e-24,2.17635107774e-24,1.77994137311e-24,2.23092230579e-24,3.70407508122e-24,3.52547381684e-24,4.28503879462e-24,4.08265495166e-24,3.29642174212e-24,3.62821663885e-24,3.29203705599e-24,2.54496566279e-24,3.04245389014e-24,3.55626187467e-24,4.06148941915e-24,4.53207965899e-24,4.08862781201e-24,5.13031903178e-24,4.69877385687e-24,4.22370407038e-24,4.98426459062e-24,4.07603877525e-24,5.21764553956e-24,5.27154406648e-24,5.17502180713e-24,5.52946253387e-24,6.82264261023e-24,6.23041869627e-24],"var":[0.00000109430345674,4.07919571899e-7,0.00000281925144918,0.00000566175458516,0.00000107170046704,0.0000015246272369,5.04777744936e-7,4.40648392441e-7,2.90837817829e-7,1.21905770811e-7,1.11347041809e-7,2.94240756205e-8,4.03411632988e-8,1.12575378353e-7,7.73749349037e-8,3.39010135519e-8,3.88033214449e-8,4.16520968827e-8,9.93131443749e-9,5.42420730554e-9,5.89375126481e-9,7.45589545659e-9,2.75885536638e-9,3.59849344767e-10,9.33893795629e-11,1.0542149792e-10,1.31187408159e-10,6.11611386536e-11,3.26206457679e-11,4.19570905796e-11,2.67646581981e-11,2.78187715919e-11,3.28292566742e-11,3.79953846164e-11,2.18906212601e-11,3.80775931619e-11,6.48765069444e-11,2.53006192386e-11,3.70329504909e-12,1.16001652728e-12]},"melbands_crest":{"dmean":3.07420015335,"dmean2":4.98042488098,"dvar":7.56559181213,"dvar2":19.3406028748,"max":32.628036499,"mean":13.6328287125,"median":13.0095405579,"min":1.47132253647,"var":24.9648914337},"melbands_flatness_db":{"dmean":0.0254307221621,"dmean2":0.0378174111247,"dvar":0.000704643432982,"dvar2":0.0015030161012,"max":0.506824076176,"mean":0.249602243304,"median":0.243004590273,"min":0.00223798584193,"var":0.00586498668417},"melbands_kurtosis":{"dmean":8.12536716461,"dmean2":12.9011526108,"dvar":183.067932129,"dvar2":458.347747803,"max":286.563079834,"mean":17.9728527069,"median":11.0108375549,"min":-1.82843744755,"var":520.962890625},"melbands_skewness":{"dmean":0.729317128658,"dmean2":1.12006080151,"dvar":0.654906988144,"dvar2":1.52620351315,"max":13.0514688492,"mean":2.71997308731,"median":2.48224020004,"min":-1.89843606949,"var":3.45809841156},"melbands_spread":{"dmean":5.10470056534,"dmean2":7.98990392685,"dvar":94.8579101562,"dvar2":218.574935913,"max":225.934814453,"mean":18.3840408325,"median":11.9283561707,"min":0.796736717224,"var":466.500061035},"mfcc":{"cov":[[12080.5966797,586.041015625,-897.836181641,-36.837562561,-278.109710693,31.9737911224,-183.48387146,161.264038086,-308.103057861,19.8799667358,6.93856906891,66.5425033569,-187.756851196],[586.041015625,1874.59472656,-401.586303711,21.2153339386,143.083602905,-41.8551521301,-14.0262975693,44.9678726196,67.488067627,-19.5274009705,-18.6726436615,39.9999084473,39.2293510437],[-897.836181641,-401.586303711,1149.99755859,142.72769165,-15.2888422012,53.9021072388,-67.294593811,5.5248465538,-4.94561958313,-57.8179702759,3.34545493126,-58.6948509216,-7.23954582214],[-36.837562561,21.2153339386,142.72769165,437.543304443,58.3233375549,59.4697151184,1.41632890701,-81.8249053955,49.6382293701,-11.2257766724,-60.952495575,-51.6412658691,26.1190052032],[-278.109710693,143.083602905,-15.2888422012,58.3233375549,232.691131592,53.3353538513,-33.2857131958,-43.4672889709,55.1801605225,-2.46665048599,-3.71457862854,-19.3362903595,2.82942652702],[31.9737911224,-41.8551521301,53.9021072388,59.4697151184,53.3353538513,145.261871338,33.6261329651,-22.8558444977,18.8748321533,-1.05971884727,-0.00339862052351,-15.7374544144,-16.5911064148],[-183.48387146,-14.0262975693,-67.294593811,1.41632890701,-33.2857131958,33.6261329651,201.323135376,63.3407325745,13.4616346359,2.32164883614,1.447940588,30.5285987854,16.1879253387],[161.264038086,44.9678726196,5.5248465538,-81.8249053955,-43.4672889709,-22.8558444977,63.3407325745,171.167709351,-4.76129245758,-12.2259902954,21.9019737244,28.0348052979,10.5283470154],[-308.103057861,67.488067627,-4.94561958313,49.6382293701,55.1801605225,18.8748321533,13.4616346359,-4.76129245758,135.035919189,38.4893455505,-8.34014701843,-6.62197160721,5.99770545959],[19.8799667358,-19.5274009705,-57.8179702759,-11.2257766724,-2.46665048599,-1.05971884727,2.32164883614,-12.2259902954,38.4893455505,106.153541565,32.3227920532,10.6842575073,-9.98510837555],[6.93856906891,-18.6726436615,3.34545493126,-60.952495575,-3.71457862854,-0.00339862052351,1.447940588,21.9019737244,-8.34014701843,32.3227920532,100.956474304,32.3652877808,-9.87125968933],[66.5425033569,39.9999084473,-58.6948509216,-51.6412658691,-19.3362903595,-15.7374544144,30.5285987854,28.0348052979,-6.62197160721,10.6842575073,32.3652877808,105.984382629,39.8824157715],[-187.756851196,39.2293510437,-7.23954582214,26.1190052032,2.82942652702,-16.5911064148,16.1879253387,10.5283470154,5.99770545959,-9.98510837555,-9.87125968933,39.8824157715,106.667510986]],"icov":[[0.000115540002298,-0.0000307132468151,0.000111822642793,-0.000118694188131,0.0001527335844,-0.000211190985283,0.000268251227681,-0.000250024837442,0.00027450840571,-0.000102266967588,0.0000998225732474,-0.000166678626556,0.00024494092213],[-0.0000307132468151,0.000656511983834,0.000211825026781,-0.000102806843643,-0.00042866813601,0.000264906208031,0.000111759014544,-0.000267592578894,-0.000330253620632,0.000316377379932,0.0000217670967686,-0.000193931569811,-0.000071222675615],[0.000111822642793,0.000211825026781,0.00122996920254,-0.000528076663613,0.000365001527825,-0.000609810755122,0.000868608243763,-0.000701239274349,0.00000471027260573,0.000656207790598,-0.00044361045002,0.000215465872316,0.000104122329503],[-0.000118694188131,-0.000102806843643,-0.000528076663613,0.00337085896172,-0.000267924362561,-0.000544252397958,-0.000809384451713,0.00164632976521,-0.000969216052908,0.0000338146383001,0.00102916092146,0.00131280475762,-0.00148751633242],[0.0001527335844,-0.00042866813601,0.000365001527825,-0.000267924362561,0.00625779805705,-0.00247538904659,0.00158217607532,0.000587991497014,-0.00201414269395,0.00113928294741,-0.000904276734218,0.00047663928126,-0.000374288414605],[-0.000211190985283,0.000264906208031,-0.000609810755122,-0.000544252397958,-0.00247538904659,0.00962894596159,-0.00305400928482,0.0016506294487,-0.000663845741656,0.0005874891649,-0.000945608539041,0.000556019309442,0.0012835431844],[0.000268251227681,0.000111759014544,0.000868608243763,-0.000809384451713,0.00158217607532,-0.00305400928482,0.00762656051666,-0.00334334257059,-0.000217031032662,-0.000153157918248,0.000809040036984,-0.00189320021309,0.000124406084069],[-0.000250024837442,-0.000267592578894,-0.000701239274349,0.00164632976521,0.000587991497014,0.0016506294487,-0.00334334257059,0.00890219863504,-0.0014861432137,0.00188596080989,-0.00176719110459,0.000232660531765,-0.000912963994779],[0.00027450840571,-0.000330253620632,0.00000471027260573,-0.000969216052908,-0.00201414269395,-0.000663845741656,-0.000217031032662,-0.0014861432137,0.0110088242218,-0.00506286974996,0.00212718243711,-0.00000900797294889,0.0000793739018263],[-0.000102266967588,0.000316377379932,0.000656207790598,0.0000338146383001,0.00113928294741,0.0005874891649,-0.000153157918248,0.00188596080989,-0.00506286974996,0.0135441608727,-0.00485242949799,-0.000365341606084,0.000878227176145],[0.0000998225732474,0.0000217670967686,-0.00044361045002,0.00102916092146,-0.000904276734218,-0.000945608539041,0.000809040036984,-0.00176719110459,0.00212718243711,-0.00485242949799,0.0142512936145,-0.00445296708494,0.00222409004346],[-0.000166678626556,-0.000193931569811,0.000215465872316,0.00131280475762,0.00047663928126,0.000556019309442,-0.00189320021309,0.000232660531765,-0.00000900797294889,-0.000365341606084,-0.00445296708494,0.0147341983393,-0.00614553084597],[0.00024494092213,-0.000071222675615,0.000104122329503,-0.00148751633242,-0.000374288414605,0.0012835431844,0.000124406084069,-0.000912963994779,0.0000793739018263,0.000878227176145,0.00222409004346,-0.00614553084597,0.013065725565]],"mean":[-707.116760254,148.154830933,-0.221408993006,31.8004894257,4.64917564392,5.22502851486,-10.3590145111,2.39385676384,-6.08975839615,-4.33099126816,-6.0514831543,-3.08710384369,-4.30403184891]},"pitch_salience":{"dmean":0.0696362257004,"dmean2":0.114426545799,"dvar":0.00383352930658,"dvar2":0.0102498969063,"max":0.993766725063,"mean":0.566017568111,"median":0.569675028324,"min":0.155012950301,"var":0.0108888968825},"silence_rate_20dB":{"dmean":0,"dmean2":0,"dvar":0,"dvar2":0,"max":1,"mean":1,"median":1,"min":1,"var":0},"silence_rate_30dB":{"dmean":0.000610562739894,"dmean2":0.00122124969494,"dvar":0.000610260118265,"dvar2":0.00142357312143,"max":1,"mean":0.999491274357,"median":1,"min":0,"var":0.000508635479491},"silence_rate_60dB":{"dmean":0.0229978635907,"dmean2":0.046000406146,"dvar":0.0224695727229,"dvar2":0.0503964237869,"max":1,"mean":0.126068383455,"median":0,"min":0,"var":0.110165625811},"spectral_centroid":{"dmean":193.852478027,"dmean2":301.506591797,"dvar":92999.4609375,"dvar2":202270.421875,"max":11797.3291016,"mean":1057.15332031,"median":778.697509766,"min":193.217910767,"var":1784393.75},"spectral_complexity":{"dmean":2.40846657753,"dmean2":3.72420120239,"dvar":8.63361930847,"dvar2":17.9763641357,"max":42,"mean":12.3900079727,"median":11.5,"min":0,"var":56.4901504517},"spectral_contrast_coeffs":{"dmean":[0.0549405701458,0.0462921485305,0.037876021117,0.0312838628888,0.0231769159436,0.0173312593251],"dmean2":[0.0892088785768,0.0753156468272,0.0603305511177,0.0499182678759,0.0353630408645,0.0268312525004],"dvar":[0.00234627397731,0.00153850426432,0.00105156423524,0.00078999606194,0.000450313964393,0.000313068565447],"dvar2":[0.00580298341811,0.00405281502753,0.00259445188567,0.00179472658783,0.00098176044412,0.000709187414031],"max":[-0.268597245216,-0.380844295025,-0.355085968971,-0.494299948215,-0.537119209766,-0.587559759617],"mean":[-0.613447248936,-0.683154582977,-0.754007101059,-0.766345918179,-0.780217528343,-0.759594559669],"median":[-0.616843223572,-0.683183252811,-0.759138822556,-0.776517689228,-0.785117983818,-0.757919788361],"min":[-0.978608191013,-0.991955280304,-0.98179936409,-0.991308450699,-0.969336390495,-0.965007185936],"var":[0.0110630998388,0.00831677671522,0.00697538116947,0.00638131797314,0.0040747099556,0.00241871690378]},"spectral_contrast_valleys":{"dmean":[0.3933160007,0.364009559155,0.369143873453,0.339172720909,0.311766058207,0.35602581501],"dmean2":[0.644945025444,0.582970321178,0.571555018425,0.519788980484,0.431110858917,0.416467189789],"dvar":[0.146648466587,0.135746270418,0.155781626701,0.157423168421,0.166371300817,0.18926525116],"dvar2":[0.304029524326,0.275802344084,0.303675055504,0.302940160036,0.283256471157,0.260602712631],"max":[-5.35029220581,-4.78060770035,-5.36700487137,-5.63973665237,-5.57341527939,-7.21693229675],"mean":[-7.75631570816,-7.43318748474,-8.30526733398,-8.62801456451,-8.60945034027,-11.4438123703],"median":[-7.28831338882,-7.00666809082,-7.91462898254,-8.20808410645,-8.19405269623,-11.0783596039],"min":[-28.2722606659,-28.1081867218,-27.7850418091,-27.6060695648,-27.5305938721,-27.382232666],"var":[6.76507902145,6.94631004333,6.56554031372,6.38075113297,6.28877210617,5.05251264572]},"spectral_decrease":{"dmean":1.99994265593e-9,"dmean2":3.23259419233e-9,"dvar":1.10125681692e-17,"dvar2":2.8987088729e-17,"max":7.74179841984e-17,"mean":-5.84723469643e-9,"median":-4.99770536067e-9,"min":-4.36648370794e-8,"var":2.35327275987e-17},"spectral_energy":{"dmean":0.00784046575427,"dmean2":0.0126435132697,"dvar":0.000164930548635,"dvar2":0.000432917295257,"max":0.168570131063,"mean":0.0233922824264,"median":0.019925583154,"min":9.99361730568e-21,"var":0.000371180445654},"spectral_energyband_high":{"dmean":0.000199119967874,"dmean2":0.000294941302855,"dvar":8.47337048526e-7,"dvar2":0.00000209830636777,"max":0.0324779264629,"mean":0.000317403668305,"median":0.0000741879412089,"min":7.12820631046e-21,"var":0.00000134837966925},"spectral_energyband_low":{"dmean":0.00201357086189,"dmean2":0.00322901923209,"dvar":0.00000964894661593,"dvar2":0.0000249798504228,"max":0.0402067042887,"mean":0.00418859627098,"median":0.00251669180579,"min":1.10154643539e-23,"var":0.0000224774594244},"spectral_energyband_middle_high":{"dmean":0.00144119618926,"dmean2":0.00219928123988,"dvar":0.00000957196971285,"dvar2":0.0000236843261519,"max":0.0650323852897,"mean":0.004551097285,"median":0.00123144430108,"min":1.11490082815e-21,"var":0.0000580496671319},"spectral_energyband_middle_low":{"dmean":0.00665523856878,"dmean2":0.010928045027,"dvar":0.000152941138367,"dvar2":0.000405532016885,"max":0.164776697755,"mean":0.0153313316405,"median":0.010827915743,"min":1.66325313901e-22,"var":0.000257859821431},"spectral_entropy":{"dmean":0.20403522253,"dmean2":0.292082339525,"dvar":0.0488028042018,"dvar2":0.0935360714793,"max":9.82885551453,"mean":7.11103582382,"median":7.1144733429,"min":5.003262043,"var":0.399662226439},"spectral_flux":{"dmean":0.022817960009,"dmean2":0.0360525622964,"dvar":0.000878761755303,"dvar2":0.00197416404262,"max":0.32469907403,"mean":0.0688677504659,"median":0.0608758479357,"min":6.33536348382e-11,"var":0.00224086642265},"spectral_kurtosis":{"dmean":3.12460660934,"dmean2":5.18159151077,"dvar":14.7311906815,"dvar2":38.2663917542,"max":59.3716659546,"mean":7.27376079559,"median":5.73110961914,"min":-1.26829922199,"var":39.6453819275},"spectral_rms":{"dmean":0.000726787198801,"dmean2":0.00113382691052,"dvar":9.3012903335e-7,"dvar2":0.00000226349015975,"max":0.0128241432831,"mean":0.00429424038157,"median":0.00440903520212,"min":3.12247818747e-12,"var":0.00000438124470747},"spectral_rolloff":{"dmean":283.561553955,"dmean2":487.218292236,"dvar":543723.8125,"dvar2":1196781.25,"max":19659.8144531,"mean":1274.59680176,"median":624.462890625,"min":86.1328125,"var":6181951},"spectral_skewness":{"dmean":0.336183965206,"dmean2":0.529051780701,"dvar":0.121646650136,"dvar2":0.287432283163,"max":6.25493049622,"mean":1.83065187931,"median":1.76835954189,"min":-0.489811778069,"var":0.615791380405},"spectral_spread":{"dmean":506954.28125,"dmean2":702376.25,"dvar":685571178496,"dvar2":1291601969150,"max":43543304,"mean":4202588,"median":3436447.5,"min":1172771.125,"var":21179465203700},"spectral_strongpeak":{"dmean":0.556999146938,"dmean2":0.932433903217,"dvar":1.0406062603,"dvar2":2.55909872055,"max":14.5481786728,"mean":1.14516723156,"median":0.572483003139,"min":0,"var":2.66146087646},"zerocrossingrate":{"dmean":0.00715264724568,"dmean2":0.0086668683216,"dvar":0.000138452349347,"dvar2":0.000194701424334,"max":0.5322265625,"mean":0.0488229095936,"median":0.0361328125,"min":0.00390625,"var":0.00404600333422}},"metadata":{"audio_properties":{"analysis_sample_rate":44100,"bit_rate":320037,"codec":"mp3","downmix":"mix","equal_loudness":0,"length":228.179595947,"lossless":false,"md5_encoded":"964f4ddc9314d351871e7a0b09b0845e","replay_gain":-10.8416156769,"sample_rate":44100},"tags":{"album":["Jailbreak"],"albumartist":["Thin Lizzy"],"albumartistsort":["Thin Lizzy"],"artist":["Thin Lizzy"],"artistsort":["Thin Lizzy"],"catalognumber":["9102 008"],"date":["1976"],"file_name":"07 - Fight or Fall.mp3","label":["Vertigo"],"media":["Vinyl"],"musicbrainz album release country":["GB"],"musicbrainz album status":["official"],"musicbrainz album type":["album"],"musicbrainz_albumartistid":["6a726ac6-019e-455c-8bbb-571a77bed52e"],"musicbrainz_albumid":["62f4961d-e315-44fa-9d6a-3cbcdf3039e7"],"musicbrainz_artistid":["6a726ac6-019e-455c-8bbb-571a77bed52e"],"musicbrainz_recordingid":["4bebaa32-1a04-475c-9230-887a297747af"],"musicbrainz_releasegroupid":["d55dae0d-835d-3756-8805-196e41bacc2f"],"originaldate":["1976"],"script":["Latn"],"title":["Fight or Fall"],"tracknumber":["7/9"]},"version":{"essentia":"2.1-beta2","essentia_build_sha":"70f2e5ece6736b2c40cc944ad0e695b16b925413","essentia_git_sha":"v2.1_beta2","extractor":"music 1.0"}},"rhythm":{"beats_count":468,"beats_loudness":{"dmean":0.0129433171824,"dmean2":0.0216651763767,"dvar":0.000150311752805,"dvar2":0.000426169368438,"max":0.1343164891,"mean":0.0308317672461,"median":0.0301330070943,"min":0,"var":0.000311514217174},"beats_loudness_band_ratio":{"dmean":[0.192701354623,0.301294654608,0.117599330842,0.0646635517478,0.0526197701693,0.0357485152781],"dmean2":[0.333426088095,0.573980867863,0.213407278061,0.113366276026,0.0921401083469,0.0667183995247],"dvar":[0.019043168053,0.038070961833,0.0150485374033,0.00987341161817,0.00724402116612,0.00230704317801],"dvar2":[0.0548459328711,