{"lowlevel":{"average_loudness":0.0189510900527,"barkbands":{"dmean":[0.00000988316787698,0.000275803991826,0.000696492963471,0.000598509446718,0.000528598029632,0.0004623522982,0.000757908739615,0.000809717224911,0.00029317397275,0.000405557395425,0.000304252200294,0.000466553930892,0.000153693836182,0.000201417147764,0.000171758263605,0.000187460143934,0.000180058166734,0.0000533323145646,0.0000748276361264,0.0000211460210267,0.0000123789386635,0.00000442799273515,0.00000176803052909,9.50451862991e-7,4.93779168664e-7,2.68812243576e-7,1.10185922608e-7],"dmean2":[0.0000170822095242,0.000315057463013,0.00103906798176,0.00101448176429,0.000796069158241,0.000630080408882,0.00101537571754,0.00105336878914,0.000416156894062,0.000595751684159,0.000486747827381,0.00071078952169,0.000244462426053,0.000317160622217,0.00027888288605,0.000295078876661,0.000280717620626,0.0000783198338468,0.00011926911975,0.000033697582694,0.0000177027395694,0.00000636636241325,0.0000025782881039,0.00000120889001209,6.2966915948e-7,3.45029008031e-7,1.43148767506e-7],"dvar":[3.12484649267e-10,0.00000161242678587,0.0000226087104238,0.0000373264010705,0.00000602540467298,0.00000305373714582,0.0000135643522299,0.0000161379721249,0.00000129276043026,0.00000262628327619,0.0000052455243349,0.0000104650825961,6.38008941678e-7,6.56823829104e-7,7.17056991562e-7,0.00000141176985835,0.00000153706457695,5.19174605529e-8,1.34781643624e-7,1.06520738896e-8,3.31580851665e-9,4.51075315988e-10,8.01929009309e-11,2.58127234865e-11,5.26639365797e-12,2.42996313175e-12,2.91474364176e-13],"dvar2":[8.77129813226e-10,0.00000164234415934,0.000067616616434,0.000100467768789,0.0000146892571138,0.00000567072265767,0.0000235180086747,0.0000193492287508,0.00000268394205705,0.00000589653154748,0.0000118501893667,0.0000256646726484,0.00000161679201938,0.00000157255419708,0.00000180118161097,0.00000378277013624,0.0000033697026538,1.11706363271e-7,3.40758930406e-7,2.50794283119e-8,6.63446542148e-9,9.90649118293e-10,1.67816704977e-10,5.11190256791e-11,9.43254068603e-12,4.33448806361e-12,5.33898229446e-13],"max":[0.00044209783664,0.0957191213965,0.142680048943,0.193688541651,0.0919558629394,0.0800293982029,0.157678559422,0.219301864505,0.0339609831572,0.0366518907249,0.0770820975304,0.105393946171,0.0349537543952,0.0240540318191,0.0182363502681,0.046726025641,0.0503219105303,0.00588074279949,0.0109565649182,0.00264494377188,0.00161346734967,0.000644757878035,0.000301509251585,0.000190210266737,0.000094169008662,0.0000621974904789,0.0000185210756172],"mean":[0.0000108527437988,0.000913713127375,0.00148273666855,0.000829676282592,0.00112627597991,0.00108534144238,0.0013115350157,0.00146254978608,0.000515329360496,0.000596196565311,0.000453258311609,0.000635405478533,0.000214369298192,0.000292779615847,0.000234432431171,0.00024922171724,0.000249599892413,0.0000866550180945,0.000104834194644,0.0000326204753947,0.0000208286746783,0.00000769364578446,0.00000327109023601,0.00000189424872588,0.00000105518211058,5.30769909801e-7,2.21466336825e-7],"median":[0.00000481284723719,0.0000841667933855,0.0000871197044034,0.0000206151980819,0.0000967509695329,0.0000854139216244,0.0000835034297779,0.000145420795889,0.0000307616464852,0.000028279817343,0.00000998594077828,0.0000222739618039,0.0000164042321558,0.0000158208513312,0.0000110019082058,0.00000544108843314,0.0000043895752242,0.00000168349026808,9.57639258559e-7,2.6787475349e-7,1.20915743196e-7,3.82593192683e-8,1.46102676624e-8,8.76898820223e-9,6.84836054532e-9,4.32179136922e-9,1.36138156304e-9],"min":[2.63567768039e-17,3.9502814172e-17,2.62754285537e-17,2.61983055421e-17,6.51116476486e-17,6.42934733785e-17,6.31314302017e-17,6.17315957598e-17,8.34938177035e-17,7.95000441223e-17,7.49225721963e-17,8.87235844083e-17,8.76947768671e-17,8.23046297677e-17,7.79390087227e-17,6.48604692925e-17,4.50116583806e-17,2.45031659672e-17,7.17444516386e-18,1.86375372537e-17,1.0116901965e-16,2.32089912754e-16,2.53523949135e-16,1.00381662821e-16,2.41198852129e-16,2.92297385221e-16,3.30378477753e-16],"var":[3.45826367543e-10,0.0000182534531632,0.0000631387447356,0.0000623351588729,0.0000184624950634,0.0000174881115527,0.0000379447337764,0.0000571225682506,0.00000358424927072,0.00000493731658935,0.0000086517948148,0.0000151732665472,9.26498216813e-7,0.00000113658131795,0.0000012257672779,0.0000019617164071,0.00000254168480751,1.27142783413e-7,2.18763119619e-7,2.04416465976e-8,9.51454826037e-9,1.24183596739e-9,2.53770171543e-10,8.4030810088e-11,2.46305840307e-11,7.20370291196e-12,1.14401435374e-12]},"barkbands_crest":{"dmean":2.48684811592,"dmean2":3.90803289413,"dvar":4.88229703903,"dvar2":12.2672929764,"max":26.4078483582,"mean":10.9536590576,"median":9.87520980835,"min":3.30153346062,"var":19.9070529938},"barkbands_flatness_db":{"dmean":0.0224049109966,"dmean2":0.0316590517759,"dvar":0.000449190993095,"dvar2":0.000979505595751,"max":0.538260161877,"mean":0.239932999015,"median":0.23921315372,"min":0.0261163432151,"var":0.00456985039636},"barkbands_kurtosis":{"dmean":6.07446670532,"dmean2":10.5210075378,"dvar":1520.57861328,"dvar2":4550.29785156,"max":1101.16601563,"mean":9.43624687195,"median":1.35208153725,"min":-1.69013655186,"var":2485.26928711},"barkbands_skewness":{"dmean":0.56165355444,"dmean2":0.872157812119,"dvar":0.857471168041,"dvar2":2.39937853813,"max":27.1864814758,"mean":1.24000895023,"median":0.93436729908,"min":-3.05759763718,"var":3.49079036713},"barkbands_spread":{"dmean":2.49466252327,"dmean2":3.80054211617,"dvar":7.58542108536,"dvar2":15.7665100098,"max":59.0080604553,"mean":10.2325468063,"median":9.0767621994,"min":0.155368238688,"var":38.7601242065},"dissonance":{"dmean":0.0363000407815,"dmean2":0.0608171187341,"dvar":0.000977654592134,"dvar2":0.00266871997155,"max":0.499745219946,"mean":0.411213815212,"median":0.419686049223,"min":0.200384780765,"var":0.0027011570055},"dynamic_complexity":10.5013647079,"erbbands":{"dmean":[0.00258983927779,0.086414501071,0.640113592148,1.59032428265,1.53483724594,1.9212667942,3.17958855629,4.20249938965,11.6695652008,8.23731327057,17.7699165344,6.47968673706,11.6035108566,11.4609107971,13.9086122513,18.8294029236,7.887758255,8.12081432343,10.4451255798,8.06197071075,12.0572433472,7.97699451447,3.19324040413,2.88742876053,3.54040646553,1.06486725807,0.644043445587,0.300795525312,0.173032090068,0.0727017000318,0.053083948791,0.0269625913352,0.0111119495705,0.00575259840116,0.0033710419666,0.00141382322181,0.000481096532894,0.000121011202282,0.0000199594123842,0.00000489430794914],"dmean2":[0.00358332647011,0.097280010581,0.848149895668,2.72446584702,2.38736963272,2.92875909805,4.06332159042,5.9222407341,15.9998836517,10.8219995499,23.2032527924,8.92607879639,16.6771736145,17.3535842896,20.9250774384,29.1908569336,12.1801528931,12.7686128616,16.7697944641,12.330368042,18.5967235565,12.3153305054,4.735435009,4.28782176971,5.7574095726,1.70005214214,0.931299388409,0.446759164333,0.245073869824,0.101442448795,0.0783601030707,0.0369385555387,0.0138236628845,0.00715748406947,0.00454958062619,0.00187965552323,0.000663138576783,0.000159434974194,0.0000253549624176,0.00000603100261287],"dvar":[0.0000730544707039,0.161644786596,13.4508066177,304.511138916,71.3977279663,118.777824402,260.071258545,225.05279541,3057.05224609,938.494018555,7068.41064453,594.409545898,2186.6706543,2436.02099609,8147.66162109,16221.5087891,1639.24572754,858.666625977,2256.75366211,2200.64331055,5639.39599609,2422.30737305,199.524032593,146.054901123,477.656707764,21.6586284637,10.2673549652,1.9525847435,0.722336292267,0.132853925228,0.104033641517,0.0253316480666,0.00263596419245,0.000685268896632,0.000266829621978,0.0000554712933081,0.00000838140931592,4.57004517784e-7,9.03020058729e-9,3.12397524516e-10],"dvar2":[0.000149557250552,0.160781174898,31.3428382874,865.38671875,193.394226074,284.497283936,346.849639893,477.885894775,5614.20605469,1297.70080566,9113.34863281,1117.06982422,4627.25146484,5992.53613281,18136.3398438,43672.6484375,4124.69726563,2112.14331055,5627.85449219,4689.20849609,14805.6679688,5538.078125,459.714294434,330.785247803,1247.66064453,51.4002151489,20.4485797882,4.34465265274,1.49739992619,0.276483535767,0.224169760942,0.0537537448108,0.00404720241204,0.00112187163904,0.000518348359037,0.000102109093859,0.0000169548293343,8.2286152292e-7,1.61387809783e-8,5.72151603873e-10],"max":[0.403309166431,30.8599128723,182.252410889,550.643676758,245.71206665,428.232055664,939.483825684,598.927490234,2188.57788086,1335.00939941,4379.27978516,921.725036621,1440.5982666,1251.21508789,2932.66137695,3285.25317383,1809.63867188,681.647460938,1053.61547852,1731.30444336,2773.63964844,1888.82714844,400.777893066,375.475372314,723.485229492,124.832794189,107.247718811,40.9358596802,26.9701213837,12.7433443069,12.2307128906,4.9849486351,2.02393651009,1.02760362625,0.592984735966,0.29811617732,0.0954898148775,0.0297727379948,0.00382045074366,0.000774528947659],"mean":[0.00808669533581,0.283447772264,1.66941165924,2.46889710426,2.55274248123,3.67972683907,7.64431476593,9.14490890503,20.5672225952,15.5421714783,32.4735488892,12.6025676727,18.2329692841,17.8472251892,20.7568187714,25.6799068451,11.6345300674,12.4906482697,15.1202363968,12.0997619629,16.7213172913,11.5752868652,5.48655653,4.58069467545,4.91079711914,1.77999007702,1.05471885204,0.523531973362,0.29871982336,0.141682893038,0.099818341434,0.0507838129997,0.0244523677975,0.0124456640333,0.00677338102832,0.002708400134,0.000917657685932,0.000253050558968,0.0000439220675617,0.0000157392423716],"median":[0.000864769157488,0.0253617651761,0.10631865263,0.105614088476,0.181361615658,0.279201388359,0.61700117588,0.622451364994,1.2927274704,1.42547655106,3.58823513985,1.2225061655,0.973743081093,1.00741946697,0.956072986126,1.27627134323,1.05161106586,1.03836870193,0.798099219799,0.478104621172,0.365069210529,0.239135220647,0.114224664867,0.0730459168553,0.0410477146506,0.0171620585024,0.00691350083798,0.00313115352765,0.00152560323477,0.000751882500481,0.000402193923946,0.000222722926992,0.000128694722662,0.0000817404288682,0.00005031085675,0.0000228542867262,0.00000826216273708,0.00000225739381676,0.00000138348616474,0.00000212807913158],"min":[1.43986887182e-15,8.02641221038e-15,2.70518758896e-14,6.55133770584e-14,1.31897219383e-13,2.33623585972e-13,3.77700854533e-13,5.70040271496e-13,8.1479132252e-13,1.11433865607e-12,1.46838422498e-12,1.87212940463e-12,2.31595320178e-12,2.78398571557e-12,3.24999337338e-12,3.67832413833e-12,4.02134445535e-12,4.22051499652e-12,4.21191337016e-12,3.93715398825e-12,3.36468353179e-12,2.52214742147e-12,1.53697692594e-12,6.70052663528e-13,3.13241186461e-13,8.96918823934e-13,2.66421064897e-12,5.33552976106e-12,7.86517292267e-12,8.70479556492e-12,6.8945331215e-12,3.43275776728e-12,1.07674123524e-12,1.40993586164e-12,2.44711586064e-12,1.73579531824e-12,4.31291206091e-13,9.36474273236e-14,5.19597657001e-14,5.20652729711e-15],"var":[0.000641689519398,1.87029409409,77.249786377,493.080780029,124.252006531,279.637664795,1625.50036621,957.593139648,8424.90722656,3328.14550781,23672.8085938,2099.8503418,4229.92431641,4398.22998047,13180.7558594,21713.5058594,2458.86206055,1719.76782227,3656.14038086,4868.01123047,8672.24609375,3722.38720703,482.053649902,299.158325195,711.738342285,52.8113594055,24.813911438,5.19989395142,1.91878700256,0.393646091223,0.311020970345,0.0676205605268,0.0118489274755,0.00330859445967,0.00101413193624,0.000175846915226,0.0000214705396502,0.00000159885155426,3.91313399462e-8,2.18424545118e-9]},"erbbands_crest":{"dmean":3.3355987072,"dmean2":5.28081035614,"dvar":8.26679801941,"dvar2":20.2533416748,"max":33.4801445007,"mean":12.507601738,"median":11.3954563141,"min":2.45369529724,"var":28.3413200378},"erbbands_flatness_db":{"dmean":0.0190905220807,"dmean2":0.0264321174473,"dvar":0.000280322419712,"dvar2":0.000537154497579,"max":0.446332126856,"mean":0.265520215034,"median":0.266246199608,"min":0.0323075056076,"var":0.0030622696504},"erbbands_kurtosis":{"dmean":1.21018517017,"dmean2":1.92049908638,"dvar":2.68607878685,"dvar2":5.94578456879,"max":25.3803462982,"mean":0.94781512022,"median":0.224928826094,"min":-1.90112709999,"var":6.27816677094},"erbbands_skewness":{"dmean":0.410169661045,"dmean2":0.633415997028,"dvar":0.126330137253,"dvar2":0.292130827904,"max":4.65419960022,"mean":0.479653477669,"median":0.454600960016,"min":-3.07998394966,"var":0.54993134737},"erbbands_spread":{"dmean":4.08090543747,"dmean2":6.27201414108,"dvar":14.89868927,"dvar2":36.2530860901,"max":97.3568954468,"mean":18.3718032837,"median":17.0664081573,"min":1.38583517075,"var":84.6136398315},"gfcc":{"cov":[[21731.4335938,-1753.0111084,-4248.3046875,709.33190918,-1027.22814941,-736.41796875,-202.461639404,-220.503570557,-428.501586914,-420.013671875,-235.19190979,-256.128387451,-309.698181152],[-1753.0111084,2043.93432617,609.536743164,-328.183746338,418.413757324,-167.942977905,88.9404373169,-180.2943573,70.03565979,-148.867416382,13.2669830322,-206.117431641,54.1287345886],[-4248.3046875,609.536743164,1608.1439209,68.1693344116,281.620819092,207.682037354,32.2656784058,21.2523231506,22.3293781281,6.71481561661,-37.6293029785,10.4154243469,53.8367614746],[709.33190918,-328.183746338,68.1693344116,450.196777344,33.3835678101,45.2124443054,59.7208366394,11.2240591049,-44.236907959,-24.8003978729,-47.9642791748,-6.33894920349,-49.6433906555],[-1027.22814941,418.413757324,281.620819092,33.3835678101,274.40032959,88.6565475464,83.2675323486,-4.87711763382,36.7864494324,-8.5817565918,2.79127931595,-45.163520813,-10.1808004379],[-736.41796875,-167.942977905,207.682037354,45.2124443054,88.6565475464,244.724533081,79.4624176025,80.4963302612,25.7403316498,57.539604187,6.2598528862,34.4921150208,-21.4322986603],[-202.461639404,88.9404373169,32.2656784058,59.7208366394,83.2675323486,79.4624176025,155.963043213,54.1539115906,40.0048446655,13.0286712646,19.9824771881,-14.2875728607,-18.2116107941],[-220.503570557,-180.2943573,21.2523231506,11.2240591049,-4.87711763382,80.4963302612,54.1539115906,134.530975342,56.1496391296,52.9035606384,12.8416557312,28.0838527679,-5.21436452866],[-428.501586914,70.03565979,22.3293781281,-44.236907959,36.7864494324,25.7403316498,40.0048446655,56.1496391296,120.60736084,71.0622558594,36.3047065735,-3.46060395241,-1.35214102268],[-420.013671875,-148.867416382,6.71481561661,-24.8003978729,-8.5817565918,57.539604187,13.0286712646,52.9035606384,71.0622558594,128.074234009,67.2986907959,36.4373703003,-3.9755449295],[-235.19190979,13.2669830322,-37.6293029785,-47.9642791748,2.79127931595,6.2598528862,19.9824771881,12.8416557312,36.3047065735,67.2986907959,107.259376526,54.9958763123,18.6584453583],[-256.128387451,-206.117431641,10.4154243469,-6.33894920349,-45.163520813,34.4921150208,-14.2875728607,28.0838527679,-3.46060395241,36.4373703003,54.9958763123,125.481987,59.5597801208],[-309.698181152,54.1287345886,53.8367614746,-49.6433906555,-10.1808004379,-21.4322986603,-18.2116107941,-5.21436452866,-1.35214102268,-3.9755449295,18.6584453583,59.5597801208,102.036102295]],"icov":[[0.000163259741385,-0.000210310521652,0.000464980315883,-0.000486206961796,0.000516353873536,-0.000273333425866,0.000309346418362,-0.000196101798792,0.000204251642572,0.00022750943026,-0.0000170572584466,0.000175267749,0.0000768843310652],[-0.000210310521652,0.0030092052184,-0.00153506349307,0.00256430311128,-0.00340133602731,0.00251654325984,-0.00219326699153,0.00217857281677,-0.00186024780851,0.00281810271554,-0.00260528014041,0.00311263510957,-0.00152337248437],[0.000464980315883,-0.00153506349307,0.00253330916166,-0.00217804824933,0.00152932305355,-0.00215978850611,0.00204645632766,-0.00123753165826,0.00109568960033,-0.000545845134184,0.00125012244098,-0.000560934015084,-0.0000776604574639],[-0.000486206961796,0.00256430311128,-0.00217804824933,0.00584543542936,-0.00397889316082,0.00325772282667,-0.00417871959507,0.00211195694283,-0.000166740705026,0.000244886876317,0.000899205100723,-0.000495572108775,0.000938651675824],[0.000516353873536,-0.00340133602731,0.00152932305355,-0.00397889316082,0.0116265667602,-0.00609559100121,0.00110799318645,-0.000195458676899,-0.000681811594404,0.000809010467492,-0.00071339099668,0.00114101881627,0.000183219468454],[-0.000273333425866,0.00251654325984,-0.00215978850611,0.00325772282667,-0.00609559100121,0.0119980443269,-0.00585626531392,-0.000702425953932,0.00184350495692,-0.00395444920287,0.00377777521499,-0.00388573715463,0.00283843674697],[0.000309346418362,-0.00219326699153,0.00204645632766,-0.00417871959507,0.00110799318645,-0.00585626531392,0.0145845049992,-0.00584019673988,-0.00131565262564,0.00383906532079,-0.0053484076634,0.00305308005773,-0.000497280387208],[-0.000196101798792,0.00217857281677,-0.00123753165826,0.00211195694283,-0.000195458676899,-0.000702425953932,-0.00584019673988,0.0160034094006,-0.00693862838671,-0.00025865729549,0.00256482302211,-0.00205587176606,0.000166986879776],[0.000204251642572,-0.00186024780851,0.00109568960033,-0.000166740705026,-0.000681811594404,0.00184350495692,-0.00131565262564,-0.00693862838671,0.0197059065104,-0.0119705181569,0.00229194154963,0.00124861684162,-0.000675876799505],[0.00022750943026,0.00281810271554,-0.000545845134184,0.000244886876317,0.000809010467492,-0.00395444920287,0.00383906532079,-0.00025865729549,-0.0119705181569,0.0269534103572,-0.0163768976927,0.00612221518531,-0.000162578973686],[-0.0000170572584466,-0.00260528014041,0.00125012244098,0.000899205100723,-0.00071339099668,0.00377777521499,-0.0053484076634,0.00256482302211,0.00229194154963,-0.0163768976927,0.0281540863216,-0.0167610421777,0.00503462739289],[0.000175267749,0.00311263510957,-0.000560934015084,-0.000495572108775,0.00114101881627,-0.00388573715463,0.00305308005773,-0.00205587176606,0.00124861684162,0.00612221518531,-0.0167610421777,0.0282242670655,-0.0144817065448],[0.0000768843310652,-0.00152337248437,-0.0000776604574639,0.000938651675824,0.000183219468454,0.00283843674697,-0.000497280387208,0.000166986879776,-0.000675876799505,-0.000162578973686,0.00503462739289,-0.0144817065448,0.0193910840899]],"mean":[-219.377105713,173.390563965,-129.897705078,-8.68606281281,-33.7322654724,-8.90261173248,-26.6868133545,1.28662538528,-11.7869949341,0.261335283518,-7.46756267548,-6.64365005493,-8.62115192413]},"hfc":{"dmean":2.68328166008,"dmean2":3.37856245041,"dvar":77.9503631592,"dvar2":114.502906799,"max":298.635406494,"mean":7.73782157898,"median":0.924564242363,"min":1.91939120847e-11,"var":481.79083252},"melbands":{"dmean":[0.0000475163142255,0.000263055379037,0.00025563951931,0.000123470876133,0.0000964700375334,0.0000942024926189,0.000173099630047,0.000112008165161,0.000126549028209,0.0000414135756728,0.0000604160450166,0.000047988294682,0.0000462826210423,0.0000593951481278,0.0000262881385424,0.0000158614911925,0.0000153684613906,0.0000181599734788,0.0000113584837891,0.00000927077144297,0.0000171601150214,0.0000100026936707,0.00000426025872002,0.00000275552656603,0.00000237528320213,0.00000318321144732,0.00000140534200455,6.29800126717e-7,4.34582631215e-7,3.38932380828e-7,1.37260840916e-7,1.02823065617e-7,8.07241846701e-8,3.68735122436e-8,3.94863981512e-8,1.87481710157e-8,1.68928782074e-8,8.02345834217e-9,8.18415735182e-9,4.32783675564e-9],"dmean2":[0.0000578937397222,0.000345222797478,0.000432915316196,0.000187507757801,0.000128728497657,0.000132725166623,0.000235252533457,0.000144007761264,0.000166025667568,0.0000573480101593,0.0000870813746587,0.000072908384027,0.0000725766367395,0.0000896048659342,0.0000415399008489,0.0000256829953287,0.0000241690486291,0.0000288779356197,0.0000179377530003,0.000014432331227,0.0000265501184913,0.000015486841221,0.00000670688632454,0.00000406173649026,0.00000355881388714,0.00000516050249644,0.00000225323606173,0.00000102717331174,6.46850139674e-7,5.05410355345e-7,2.04718332952e-7,1.49162644902e-7,1.17168731606e-7,5.59025892244e-8,6.05116454722e-8,2.56931897979e-8,2.39627322429e-8,1.068477129e-8,1.13148148628e-8,5.56049117861e-9],"dvar":[3.7528558039e-8,0.00000209281597563,0.000006465451861,4.05397059922e-7,2.29110881378e-7,1.07859690957e-7,7.03307193817e-7,2.49792236673e-7,3.3102588759e-7,2.54194318927e-8,5.78680996455e-8,4.15466203663e-8,1.24789991673e-7,1.87188661016e-7,1.81998256465e-8,4.89663687375e-9,3.22108473227e-9,7.27403159928e-9,3.16865245154e-9,2.45832443291e-9,1.3533378862e-8,5.54810020148e-9,8.25522206149e-10,1.58111468362e-10,1.30291166744e-10,3.67102126475e-10,5.69820718388e-11,8.81099880556e-12,5.65927556553e-12,3.42310619954e-12,5.34724608342e-13,2.98831218017e-13,1.93485621947e-13,3.8407855184e-14,6.05678633875e-14,9.69199323391e-15,1.07812530401e-14,1.57287527915e-15,1.51076510599e-15,3.82117579511e-16],"dvar2":[4.5725759179e-8,0.00000467229256174,0.0000185342487384,0.00000100481065601,3.40278972999e-7,2.26499210498e-7,0.00000125308724819,2.94193057471e-7,4.55100860108e-7,4.72105377014e-8,1.23211805203e-7,1.02480363751e-7,2.77848243968e-7,4.39206331748e-7,5.04070989393e-8,1.26483703511e-8,7.71527908228e-9,1.78622823199e-8,7.66007612896e-9,5.16482501212e-9,3.51708564494e-8,1.24521690736e-8,2.2050308246e-9,3.29411609101e-10,2.98210622862e-10,9.39208821826e-10,1.42811831805e-10,2.19758100606e-11,1.24564195764e-11,7.54169296457e-12,1.33125910469e-12,6.49589594354e-13,4.21592638187e-13,8.92443738809e-14,1.39701645434e-13,1.92548173315e-14,2.4047790533e-14,2.68801840053e-15,3.07288709011e-15,6.31540830391e-16],"max":[0.0135076176375,0.0772399604321,0.0802273601294,0.022927954793,0.0255193952471,0.0126356156543,0.0350051522255,0.0271392334253,0.0286059621722,0.00625339895487,0.00708088930696,0.00503791309893,0.0125054400414,0.0152582945302,0.00337783526629,0.00242140586488,0.00128485180903,0.00241149729118,0.00132517097518,0.00179597234819,0.00440053362399,0.00299831223674,0.000963812402915,0.00036719351192,0.000384132930776,0.000629539426882,0.000179849230335,0.0000804600131232,0.0000658554490656,0.0000584094996157,0.0000184118034667,0.0000194476451725,0.0000162273718161,0.00000656166866975,0.00000896315759746,0.0000032384032238,0.00000384672239306,0.00000117907529784,0.00000139334383675,8.12842415598e-7],"mean":[0.000156869413331,0.000707929953933,0.00041701484588,0.000220527901547,0.000242119596805,0.000208040873986,0.000303040957078,0.000207749879337,0.000231789337704,0.0000751628031139,0.0000923528859857,0.0000722265103832,0.0000687968349666,0.0000801897185738,0.0000372442700609,0.0000218143013626,0.0000228396111197,0.0000257523552136,0.0000155945435836,0.0000136907774504,0.0000227777891268,0.0000138343666549,0.00000605504465057,0.00000453713437309,0.00000343307578987,0.00000446413196187,0.00000189334866718,9.81107518783e-7,6.32377123111e-7,5.69146095586e-7,2.14241055119e-7,1.62235352263e-7,1.44311002259e-7,5.86710839912e-8,6.70446098638e-8,3.30849125874e-8,2.87682642153e-8,1.6345392595e-8,1.54322687962e-8,8.75864891725e-9],"median":[0.0000161626303452,0.0000515871033713,0.0000232825805142,0.0000162412306963,0.0000191353919945,0.0000144184114106,0.00001966041782,0.000017678596123,0.0000258255768131,0.00000471176099381,0.00000425628240919,0.00000361461889042,0.00000203544209398,0.00000270072814601,0.00000253140842688,0.00000183390613984,0.0000015294624518,9.99464305096e-7,6.69525718422e-7,4.40526093826e-7,3.50737451527e-7,2.31342312418e-7,8.99745558058e-8,8.4813983392e-8,4.5483602662e-8,3.26835056796e-8,1.63018309962e-8,7.25760163078e-9,3.84575615797e-9,2.71669908791e-9,1.23264543017e-9,8.35165714363e-10,5.57682289237e-10,3.12351866594e-10,2.39867709029e-10,1.50724308035e-10,1.19022597334e-10,8.53346351914e-11,7.45470768448e-11,5.97989435747e-11],"min":[1.31668550226e-17,1.31495140083e-17,1.31046510406e-17,1.30454836385e-17,1.29501601719e-17,1.28313100343e-17,1.26726675462e-17,1.24692133756e-17,1.22248758031e-17,1.19163200639e-17,1.15484703639e-17,1.11153329526e-17,1.06026579895e-17,1.00076909631e-17,9.33375713954e-18,8.56911799874e-18,7.72350366624e-18,6.79731449744e-18,5.80762267303e-18,4.78019859138e-18,3.74168574002e-18,2.74014310577e-18,1.82075687713e-18,1.05025478354e-18,4.93141454858e-19,2.1063500309e-19,2.54541000372e-19,6.46433738796e-19,1.36278936496e-18,2.31963653559e-18,3.36590730711e-18,4.2914609944e-18,4.85604154097e-18,4.85704863337e-18,4.21208887872e-18,3.04576194028e-18,1.71671720161e-18,7.45572420885e-19,5.89509909075e-19,1.34519916244e-18],"var":[4.03769519153e-7,0.0000130166927192,0.0000104191522041,8.1325526935e-7,0.00000143237775774,4.89556782668e-7,0.00000194686344912,9.31089118694e-7,0.00000107706478047,8.87415154693e-8,1.10268352671e-7,7.43233954381e-8,2.01052927196e-7,2.79329952946e-7,2.50052050177e-8,7.60759899521e-9,6.36044772406e-9,1.1491231966e-8,5.719098084e-9,5.85418824528e-9,2.08211314856e-8,8.19653500628e-9,1.32240152162e-9,4.28708069045e-10,2.33409874761e-10,5.60423096818e-10,8.98820323725e-11,1.96373247524e-11,1.04253923203e-11,1.01436584826e-11,1.05711088754e-12,6.22874907034e-13,5.9150178245e-13,6.96194200922e-14,1.5657929868e-13,2.50380957151e-14,2.48215636006e-14,5.50720069998e-15,5.48150299091e-15,1.71847939575e-15]},"melbands_crest":{"dmean":3.15949392319,"dmean2":4.88174676895,"dvar":7.83886480331,"dvar2":19.4270172119,"max":39.5058937073,"mean":15.4569606781,"median":14.3593254089,"min":2.04547905922,"var":38.0631866455},"melbands_flatness_db":{"dmean":0.0248568095267,"dmean2":0.0338241793215,"dvar":0.000544177019037,"dvar2":0.00103008549195,"max":0.636499345303,"mean":0.330213844776,"median":0.334159493446,"min":0.0350862033665,"var":0.00781678874046},"melbands_kurtosis":{"dmean":10.6332483292,"dmean2":17.8810501099,"dvar":5608.06347656,"dvar2":16501.5488281,"max":2442.95458984,"mean":15.9657564163,"median":2.96401381493,"min":-1.74481964111,"var":9248.62304688},"melbands_skewness":{"dmean":0.627518892288,"dmean2":0.974239766598,"dvar":1.24897861481,"dvar2":3.44498372078,"max":32.4039726257,"mean":1.77244305611,"median":1.38699603081,"min":-2.46100974083,"var":5.47392892838},"melbands_spread":{"dmean":3.67389750481,"dmean2":5.50257110596,"dvar":19.0825901031,"dvar2":39.0154304504,"max":95.5295715332,"mean":14.0932025909,"median":11.7403354645,"min":0.071622595191,"var":96.6735916138},"mfcc":{"cov":[[15495.6035156,1451.45141602,-3824.33642578,565.321777344,-902.012023926,-629.545959473,-284.145202637,-120.321601868,-348.484985352,-200.285202026,-270.734893799,-148.877807617,-126.377922058],[1451.45141602,2036.59301758,-195.496826172,-225.79133606,118.402427673,-124.428207397,-51.3645706177,-67.1312255859,-51.0434455872,-14.2977285385,-8.48550510406,-81.940284729,-109.971290588],[-3824.33642578,-195.496826172,1618.41003418,-20.7800960541,274.229980469,233.028503418,60.1638793945,48.3753356934,93.8374023438,31.6849193573,7.69717741013,-33.3449821472,-24.8527679443],[565.321777344,-225.79133606,-20.7800960541,380.664520264,21.913143158,33.7303352356,65.3232727051,40.2956428528,10.379734993,2.25964999199,-20.9523067474,-22.2232894897,-23.6753425598],[-902.012023926,118.402427673,274.229980469,21.913143158,240.624237061,104.983276367,53.9855041504,32.0185394287,34.9518623352,29.9766597748,31.8084621429,-1.14814960957,-12.7220230103],[-629.545959473,-124.428207397,233.028503418,33.7303352356,104.983276367,170.874984741,82.7054748535,42.0275306702,41.002746582,19.1809196472,33.2453308105,19.5644836426,7.10948228836],[-284.145202637,-51.3645706177,60.1638793945,65.3232727051,53.9855041504,82.7054748535,139.066223145,72.174949646,32.5621070862,21.1738834381,30.7790565491,25.0763568878,9.60886859894],[-120.321601868,-67.1312255859,48.3753356934,40.2956428528,32.0185394287,42.0275306702,72.174949646,103.969238281,57.1250953674,13.8475675583,13.4874534607,11.6630907059,4.68364095688],[-348.484985352,-51.0434455872,93.8374023438,10.379734993,34.9518623352,41.002746582,32.5621070862,57.1250953674,102.161254883,50.9139060974,20.8282489777,12.7957601547,2.37589859962],[-200.285202026,-14.2977285385,31.6849193573,2.25964999199,29.9766597748,19.1809196472,21.1738834381,13.8475675583,50.9139060974,100.461395264,71.1715087891,20.5959949493,3.08554244041],[-270.734893799,-8.48550510406,7.69717741013,-20.9523067474,31.8084621429,33.2453308105,30.7790565491,13.4874534607,20.8282489777,71.1715087891,132.957824707,74.3625640869,10.2858762741],[-148.877807617,-81.940284729,-33.3449821472,-22.2232894897,-1.14814960957,19.5644836426,25.0763568878,11.6630907059,12.7957601547,20.5959949493,74.3625640869,114.409309387,62.1877593994],[-126.377922058,-109.971290588,-24.8527679443,-23.6753425598,-12.7220230103,7.10948228836,9.60886859894,4.68364095688,2.37589859962,3.08554244041,10.2858762741,62.1877593994,105.707778931]],"icov":[[0.000343904888723,-0.000345458043739,0.000677386007737,-0.000705143494997,0.000876860751305,-0.000856811006088,0.0010855171131,-0.00107420946006,0.00101145019289,-0.000790856138337,0.000869574316312,-0.000429962587077,0.000333851116011],[-0.000345458043739,0.00104659062345,-0.000550888653379,0.00118610647041,-0.00169299403206,0.00171796337236,-0.00162542844191,0.00156871555373,-0.00117280264385,0.00110875058454,-0.00108600279782,0.000776811619289,0.000213548933971],[0.000677386007737,-0.000550888653379,0.0022460075561,-0.00115956855007,0.00093787611695,-0.00252406043001,0.00239793630317,-0.00193774467334,0.0014697026927,-0.00139180757105,0.00179663684685,-0.000467136647785,0.000763184390962],[-0.000705143494997,0.00118610647041,-0.00115956855007,0.00484059751034,-0.00239208270796,0.0020000829827,-0.00386661314406,0.00184406712651,-0.00141860975418,0.000735961017199,-0.000394095230149,0.000753973610699,0.00065499311313],[0.000876860751305,-0.00169299403206,0.00093787611695,-0.00239208270796,0.0095801372081,-0.00592075148597,0.00309040909633,-0.00369726563804,0.00302330893464,-0.00317533570342,0.00161717366427,-0.000618583639152,0.000637161312625],[-0.000856811006088,0.00171796337236,-0.00252406043001,0.0020000829827,-0.00592075148597,0.0155587904155,-0.0095557551831,0.00609131902456,-0.00679488666356,0.00629127351567,-0.00581707619131,0.00284357508644,-0.00168058485724],[0.0010855171131,-0.00162542844191,0.00239793630317,-0.00386661314406,0.00309040909633,-0.0095557551831,0.0203858949244,-0.0145166320726,0.00840286817402,-0.00659691821784,0.00433133263141,-0.00438565714285,0.00127160246484],[-0.00107420946006,0.00156871555373,-0.00193774467334,0.00184406712651,-0.00369726563804,0.00609131902456,-0.0145166320726,0.0270563606173,-0.0176739655435,0.0114270010963,-0.00786365102977,0.00540583441034,-0.00278009730391],[0.00101145019289,-0.00117280264385,0.0014697026927,-0.00141860975418,0.00302330893464,-0.00679488666356,0.00840286817402,-0.0176739655435,0.0284540001303,-0.0196396149695,0.0133082931861,-0.00917560886592,0.00489382911474],[-0.000790856138337,0.00110875058454,-0.00139180757105,0.000735961017199,-0.00317533570342,0.00629127351567,-0.00659691821784,0.0114270010963,-0.0196396149695,0.0323865972459,-0.0234412848949,0.0142221599817,-0.00725619448349],[0.000869574316312,-0.00108600279782,0.00179663684685,-0.000394095230149,0.00161717366427,-0.00581707619131,0.00433133263141,-0.00786365102977,0.0133082931861,-0.0234412848949,0.0322293490171,-0.0227624494582,0.0114246746525],[-0.000429962587077,0.000776811619289,-0.000467136647785,0.000753973610699,-0.000618583639152,0.00284357508644,-0.00438565714285,0.00540583441034,-0.00917560886592,0.0142221599817,-0.0227624494582,0.0304337255657,-0.0156515426934],[0.000333851116011,0.000213548933971,0.000763184390962,0.00065499311313,0.000637161312625,-0.00168058485724,0.00127160246484,-0.00278009730391,0.00489382911474,-0.00725619448349,0.0114246746525,-0.0156515426934,0.0188026856631]],"mean":[-838.887451172,181.827453613,-9.72417163849,3.60395741463,5.80324554443,-3.05238723755,-3.64376139641,-1.67421913147,-1.19015443325,3.30338454247,3.62424969673,3.07252764702,3.04981374741]},"pitch_salience":{"dmean":0.0664725676179,"dmean2":0.105559945107,"dvar":0.00327766593546,"dvar2":0.00838219467551,"max":0.989378273487,"mean":0.503217577934,"median":0.508466422558,"min":0.0466797314584,"var":0.0135427191854},"silence_rate_20dB":{"dmean":0.00111049413681,"dmean2":0.002221605042,"dvar":0.00110922951717,"dvar2":0.0022165782284,"max":1,"mean":0.998057186604,"median":1,"min":0,"var":0.0019390815869},"silence_rate_30dB":{"dmean":0.00721821188927,"dmean2":0.0144404331222,"dvar":0.00716571137309,"dvar2":0.015899002552,"max":1,"mean":0.977241158485,"median":1,"min":0,"var":0.0222416203469},"silence_rate_60dB":{"dmean":0.0477512478828,"dmean2":0.0955290198326,"dvar":0.0454688556492,"dvar2":0.094733260572,"max":1,"mean":0.621426582336,"median":1,"min":0,"var":0.235250622034},"spectral_centroid":{"dmean":123.66368866,"dmean2":177.526657104,"dvar":22432.4960938,"dvar2":40901.2070313,"max":2886.08740234,"mean":759.170349121,"median":643.946411133,"min":122.148513794,"var":180268.84375},"spectral_complexity":{"dmean":1.37867856026,"dmean2":2.05220770836,"dvar":2.57566332817,"dvar2":4.86545944214,"max":40,"mean":7.28337478638,"median":5,"min":0,"var":47.4098625183},"spectral_contrast_coeffs":{"dmean":[0.0398295819759,0.0397388003767,0.037595462054,0.0313644446433,0.0224530436099,0.014814754948],"dmean2":[0.0640764907002,0.0617509745061,0.0578269772232,0.0488898344338,0.034030534327,0.0224733389914],"dvar":[0.00102268229239,0.00106563628651,0.000937198346946,0.000656911870465,0.00038068255526,0.000171465522726],"dvar2":[0.00271498830989,0.00234819715843,0.00223660166375,0.00153332343325,0.000790919701103,0.000354409974534],"max":[-0.25926399231,-0.34315097332,-0.390382707119,-0.502536118031,-0.470666706562,-0.61317884922],"mean":[-0.668374240398,-0.709536552429,-0.739071786404,-0.754202902317,-0.772626638412,-0.798800528049],"median":[-0.675950348377,-0.716436862946,-0.747298300266,-0.754885733128,-0.781742274761,-0.806898653507],"min":[-0.995692789555,-0.981848537922,-0.985608041286,-0.981168448925,-0.963146209717,-0.924853086472],"var":[0.0103969397023,0.00856539141387,0.0070788199082,0.00546150002629,0.00566260749474,0.00339791853912]},"spectral_contrast_valleys":{"dmean":[0.376365959644,0.320153802633,0.284768432379,0.260765880346,0.239896357059,0.25031465292],"dmean2":[0.622896015644,0.502957940102,0.435841232538,0.379554718733,0.311734080315,0.299112945795],"dvar":[0.101294137537,0.0788967013359,0.0653932467103,0.0549642629921,0.0641689673066,0.0715481415391],"dvar2":[0.25568151474,0.160048082471,0.128649890423,0.0952949374914,0.0767649263144,0.0850525051355],"max":[-5.3948059082,-4.49761724472,-5.35984754562,-6.10859394073,-6.39766407013,-9.29469871521],"mean":[-8.93627929688,-8.00709724426,-8.93658447266,-9.64349651337,-10.3785114288,-13.6944065094],"median":[-8.99022388458,-7.80599737167,-8.81871891022,-9.54842472076,-10.4154729843,-13.9627456665],"min":[-20.0104656219,-20.5007858276,-20.640329361,-20.7514190674,-21.4367713928,-22.5870018005],"var":[1.31030642986,2.00687432289,2.01972317696,2.01491498947,2.220058918,1.68114244938]},"spectral_decrease":{"dmean":9.60890811363e-10,"dmean2":1.22838061944e-9,"dvar":1.36021067076e-17,"dvar2":2.84036286122e-17,"max":-2.55667547463e-22,"mean":-2.97307178876e-9,"median":-4.58092119793e-10,"min":-1.41982667401e-7,"var":7.73791133271e-17},"spectral_energy":{"dmean":0.00384276965633,"dmean2":0.00489084515721,"dvar":0.000208652942092,"dvar2":0.00042548176134,"max":0.562034130096,"mean":0.0119228744879,"median":0.00184197828639,"min":2.70589206627e-15,"var":0.00122574099805},"spectral_energyband_high":{"dmean":0.0000222326962103,"dmean2":0.0000296756898024,"dvar":8.47198844411e-9,"dvar2":1.50682151201e-8,"max":0.00307284086011,"mean":0.0000475712186017,"median":3.49696847479e-7,"min":1.54313499946e-15,"var":3.52871971643e-8},"spectral_energyband_low":{"dmean":0.00125376821961,"dmean2":0.00183349673171,"dvar":0.0000839051790535,"dvar2":0.000236059815506,"max":0.274635374546,"mean":0.00297049852088,"median":0.000259079242824,"min":9.20484600416e-17,"var":0.000228127988521},"spectral_energyband_middle_high":{"dmean":0.00141422112938,"dmean2":0.0019563366659,"dvar":0.0000260317865468,"dvar2":0.0000505878051626,"max":0.144292294979,"mean":0.00304747908376,"median":0.00024883178412,"min":6.25606094046e-16,"var":0.000087866683316},"spectral_energyband_middle_low":{"dmean":0.00248224311508,"dmean2":0.00334064406343,"dvar":0.00010446930537,"dvar2":0.00021339081286,"max":0.365652620792,"mean":0.0065227644518,"median":0.000896427547559,"min":3.87108297637e-16,"var":0.000429169856943},"spectral_entropy":{"dmean":0.16286431253,"dmean2":0.229156777263,"dvar":0.0221978202462,"dvar2":0.0414101742208,"max":8.97114372253,"mean":6.47069883347,"median":6.48291063309,"min":4.62979078293,"var":0.25063726306},"spectral_flux":{"dmean":0.00939575955272,"dmean2":0.015272452496,"dvar":0.000329239323037,"dvar2":0.000842959561851,"max":0.525973141193,"mean":0.0329534709454,"median":0.0192100834101,"min":0.000103836740891,"var":0.00166557205375},"spectral_kurtosis":{"dmean":9.95616436005,"dmean2":17.0307407379,"dvar":101.782279968,"dvar2":292.94354248,"max":130.498565674,"mean":26.2022361755,"median":20.4253482819,"min":2.4202144146,"var":400.671630859},"spectral_rms":{"dmean":0.000377878081053,"dmean2":0.000472393003292,"dvar":4.57542341792e-7,"dvar2":7.81141068273e-7,"max":0.0234163627028,"mean":0.0022285070736,"median":0.00134054163937,"min":1.62477520327e-9,"var":0.00000666581081532},"spectral_rolloff":{"dmean":192.072921753,"dmean2":321.194091797,"dvar":126584.992188,"dvar2":211201.078125,"max":14319.5800781,"mean":878.866088867,"median":710.595703125,"min":21.533203125,"var":360505.3125},"spectral_skewness":{"dmean":0.667223393917,"dmean2":1.13765668869,"dvar":0.366976410151,"dvar2":1.05812036991,"max":9.20509719849,"mean":3.33233571053,"median":3.11869478226,"min":0.894742548466,"var":2.01913428307},"spectral_spread":{"dmean":260317.65625,"dmean2":410340,"dvar":66274426880,"dvar2":135722205184,"max":14430596,"mean":1992471.5,"median":1793364.875,"min":627023.875,"var":891360378880},"spectral_strongpeak":{"dmean":0.330402910709,"dmean2":0.51254171133,"dvar":0.552840352058,"dvar2":1.16594052315,"max":13.9940662384,"mean":0.686434328556,"median":0.287539601326,"min":0,"var":1.35689735413},"zerocrossingrate":{"dmean":0.0044208294712,"dmean2":0.00515075027943,"dvar":0.0000804785086075,"dvar2":0.0000868871429702,"max":0.48974609375,"mean":0.0311573036015,"median":0.02783203125,"min":0.00048828125,"var":0.000332658382831}},"metadata":{"audio_properties":{"analysis_sample_rate":44100,"bit_rate":224000,"codec":"vorbis","downmix":"mix","equal_loudness":0,"length":83.6165084839,"lossless":false,"md5_encoded":"e65c19ff6a6e1be2d1ec133ba1dbd577","replay_gain":-1.74191474915,"sample_rate":44100},"tags":{"album":["Peter and the Wolf / Classical Symphony / Overture on Hebrew Themes / March"],"albumartist":["Sergej Prokofjev; Chamber Orchestra of Europe, Claudio Abbado, Sting"],"albumartistsort":["Prokofjev, Sergej; Chamber Orchestra of Europe, Abbado, Claudio, Sting"],"artist":["Sergej Prokofjev"],"artistsort":["Prokofjev, Sergej"],"asin":["B000001GCF"],"barcode":["028942939622"],"catalognumber":["429 396-2"],"composer":["Sergei Sergeyevich Prokofiev"],"composersort":["Prokofiev, Sergei Sergeyevich"],"conductor":["Claudio Abbado"],"date":["1991-01-14"],"discnumber":["1"],"disctotal":["1"],"file_name":"15 Sergej Prokofjev - Classical Symphony, op. 25_ III. Gavotta. Non troppo allegro.ogg","isrc":["DEF058604023"],"label":["Deutsche Grammophon"],"media":["CD"],"musicbrainz_albumartistid":["0e43fe9d-c472-4b62-be9e-55f971a023e1","3f221c60-2568-40f5-b1c3-625fed319258","39e84597-3e0f-4ccc-89d2-6ee1dd6fb050","7944ed53-2a58-4035-9b93-140a71e41c34"],"musicbrainz_albumid":["31d45f68-fca8-4c62-bee3-1c54ac3aa117"],"musicbrainz_artistid":["0e43fe9d-c472-4b62-be9e-55f971a023e1"],"musicbrainz_recordingid":["4c1e8ecd-ae95-4264-90c3-07be052524f8"],"musicbrainz_releasegroupid":["544cb813-317b-38cc-93db-9b5211b0672d"],"musicbrainz_releasetrackid":["88aec09b-41ea-34c4-a1f3-8a950d5a80ad"],"musicbrainz_workid":["93d9ec4c-407e-32ea-bf0d-6f0a1539f940"],"originaldate":["1991-01-14"],"originalyear":["1991"],"performer":["Chamber Orches