{"lowlevel":{"average_loudness":0.0400549545884,"barkbands":{"dmean":[0.00000537254163646,0.00259940116666,0.00130471622106,0.000826903968118,0.00127321213949,0.000405051367125,0.000377265212592,0.00032750252285,0.000241540270508,0.000301398162264,0.000119936325063,0.000315708603011,0.000110661821964,0.000223763679969,0.000180983755854,0.000121415003377,0.000049033533287,0.0000253199505096,0.0000311935909849,0.0000206904660445,0.0000172324944288,0.0000247394291364,0.00000619802631263,2.28686531045e-7,1.34061730606e-8,9.78764713722e-9,2.08999182405e-8],"dmean2":[0.00000902179999684,0.00399313215166,0.00176724861376,0.00102900504135,0.00181505153887,0.000561333086807,0.000500878028106,0.000461885385448,0.000345091888448,0.00039920330164,0.000184217555216,0.000521922367625,0.00017389524146,0.000359659519745,0.000301654159557,0.000205202362849,0.0000817807595013,0.0000421617187385,0.0000535688595846,0.0000339342223015,0.0000279384148598,0.0000424627723987,0.0000102577814687,3.16477809292e-7,2.16370956707e-8,1.65584737033e-8,3.89759122754e-8],"dvar":[9.32243379714e-11,0.0000215426534851,0.00000882120275492,0.00000460277851744,0.00000630144677416,0.00000115006901069,6.59135253045e-7,0.00000110074847726,5.60648629744e-7,9.28341307826e-7,7.82866777627e-7,0.00000134370918659,1.14329608891e-7,6.60021839849e-7,3.21047991747e-7,1.66713647332e-7,3.11565884203e-8,1.40508866764e-8,2.9578810512e-8,2.72268891877e-8,4.9345995734e-8,6.23610617367e-7,5.68181519611e-8,4.28121045559e-11,4.27620551545e-14,7.99357054073e-14,1.06397779042e-12],"dvar2":[2.87221496587e-10,0.0000524436327396,0.0000159249648277,0.00000651679692965,0.00000974525846686,0.00000227330838243,0.00000122928054225,0.0000029381526474,0.00000110358087113,0.00000141065072512,0.00000171133626736,0.00000355342376679,2.80379168771e-7,0.00000166586460182,9.25067979551e-7,4.70729020208e-7,7.95416497112e-8,3.75962727617e-8,7.71336488015e-8,5.83627759454e-8,9.18990963328e-8,0.00000176005244157,1.11991624863e-7,6.71021779808e-11,1.08736072446e-13,2.12321710235e-13,3.05437814797e-12],"max":[0.000133813926368,0.0650749802589,0.148211121559,0.191213607788,0.115707419813,0.0505396611989,0.0285545103252,0.044307731092,0.0294342469424,0.0393038019538,0.0418936908245,0.0336957424879,0.0113255986944,0.0171085447073,0.0114361457527,0.0116038993001,0.00419229408726,0.00472530536354,0.00808729510754,0.0082669435069,0.0127417175099,0.0484702289104,0.0157295763493,0.000504161638673,0.0000133332650876,0.0000178936006705,0.0000611918294453],"mean":[0.0000128067513288,0.00473941769451,0.00352829624899,0.00384211423807,0.003839018289,0.00106703932397,0.00100480194669,0.000764852797147,0.000488548714202,0.000638154393528,0.000187225348782,0.000451919157058,0.000190861421288,0.000365912594134,0.000285463029286,0.000187679732335,0.0000834493839648,0.0000441838783445,0.0000486688040837,0.0000359120458597,0.0000286004433292,0.0000222328053496,0.00000679497998135,3.39586904374e-7,3.62495811146e-8,1.78533134942e-8,1.74287837496e-8],"median":[0.00000204233265322,0.00191187940072,0.00107014039531,0.000557358725928,0.00149047537707,0.000498511595652,0.000311759766191,0.000287082162686,0.000180344344699,0.000112690526294,0.0000560898770345,0.000097371848824,0.0000572827921133,0.00005041145414,0.0000276528026006,0.0000197125300474,0.00000942129190662,0.00000385367366107,0.00000335105187332,0.00000128943293021,9.04877595076e-7,4.06422117294e-7,1.13162798243e-7,3.85788965218e-8,1.67941252016e-8,9.88609016872e-9,4.99356200834e-9],"min":[9.00378882562e-10,1.06463438065e-9,2.41553860247e-10,2.49089082693e-10,1.19696630385e-9,7.36747440833e-10,1.06138808853e-9,7.23279547366e-10,8.87128537297e-10,1.2309505637e-9,6.76448785875e-10,7.40232486418e-10,1.00318597873e-9,3.54769158495e-10,2.87425777623e-10,3.16146192558e-10,7.10586936514e-11,1.34133676388e-10,9.79285263991e-11,1.70567296398e-10,1.20956425431e-10,2.05910871687e-10,2.62003252427e-10,2.09103123705e-10,4.13756612305e-10,3.89835302927e-10,3.65341340514e-10],"var":[4.48256182173e-10,0.000046943405323,0.0000715724017937,0.000167603313457,0.0000741915137041,0.00000425198504672,0.00000405674745707,0.00000220926040129,0.00000126211375573,0.0000039140068111,0.00000115386433208,0.00000189107765891,1.92071084371e-7,0.00000122843221106,5.93679089889e-7,2.91963402788e-7,5.29807770988e-8,2.05848920132e-8,4.57624622641e-8,5.04321207018e-8,1.20242333423e-7,4.26627451589e-7,6.80128948716e-8,6.50608455999e-11,4.10550533728e-14,5.77652278766e-14,6.0633860129e-13]},"barkbands_crest":{"dmean":2.3932890892,"dmean2":3.86607098579,"dvar":5.26467370987,"dvar2":13.5667819977,"max":26.0637359619,"mean":11.4022388458,"median":10.3204059601,"min":3.58594632149,"var":20.5438632965},"barkbands_flatness_db":{"dmean":0.0176410041749,"dmean2":0.0274013970047,"dvar":0.000293066172162,"dvar2":0.000719741219655,"max":0.445694237947,"mean":0.267372101545,"median":0.262304276228,"min":0.0361127406359,"var":0.00297284172848},"barkbands_kurtosis":{"dmean":3.15082740784,"dmean2":4.95824956894,"dvar":30.8477210999,"dvar2":75.522567749,"max":152.987609863,"mean":5.98236322403,"median":3.14733934402,"min":-1.89048624039,"var":90.1493453979},"barkbands_skewness":{"dmean":0.520262420177,"dmean2":0.817901074886,"dvar":0.272394061089,"dvar2":0.680317938328,"max":11.9189748764,"mean":1.80646669865,"median":1.67142093182,"min":-2.09580039978,"var":1.6551207304},"barkbands_spread":{"dmean":2.36574959755,"dmean2":3.84531855583,"dvar":11.8095798492,"dvar2":30.3630084991,"max":75.1998214722,"mean":10.0436191559,"median":8.21776485443,"min":0.551430284977,"var":54.5685043335},"dissonance":{"dmean":0.0245214924216,"dmean2":0.0411317721009,"dvar":0.00054025411373,"dvar2":0.00146012124605,"max":0.500000059605,"mean":0.445025295019,"median":0.453230023384,"min":0.240434557199,"var":0.00135072716512},"dynamic_complexity":4.24648714066,"erbbands":{"dmean":[0.051761996001,0.661653280258,1.26034200191,2.3298842907,4.01428794861,4.10655498505,2.89277148247,3.61111354828,5.72603178024,4.24610233307,7.46951055527,5.62446880341,5.10010623932,10.1151294708,5.51573514938,14.5552415848,6.01004266739,12.1389799118,11.2631235123,4.05298185349,5.97695541382,2.13547277451,1.18649208546,1.50449323654,1.53101551533,0.996358036995,0.932659506798,0.60151553154,0.710384905338,0.754850804806,0.12540461123,0.0145786684006,0.00131834018975,0.000241764748353,0.0000889528091648,0.0000515816791449,0.0000166338959389,0.00000717276179785,0.00000568605992157,0.00000585095631322],"dmean2":[0.0777611136436,1.01901578903,1.78595244884,2.93836688995,5.65952253342,5.78679800034,3.90140748024,5.03491353989,7.62942361832,5.93159866333,10.4655857086,7.85161924362,7.38638782501,13.3364448547,8.2144536972,24.0669078827,9.44788646698,19.4166793823,18.5697593689,6.82250881195,10.0365638733,3.52069854736,1.89991354942,2.51921248436,2.62544870377,1.6064261198,1.49657583237,0.934102296829,1.1981215477,1.27026617527,0.198995769024,0.0239981282502,0.00204430706799,0.000377285294235,0.000146333564771,0.0000883339962456,0.0000272090346698,0.0000123976278701,0.00000968781205302,0.00000858238308865],"dvar":[0.00882504880428,1.40067279339,6.63840389252,40.5016822815,74.4496383667,46.6925621033,36.7448883057,137.666305542,143.974685669,121.793319702,708.943664551,327.424163818,355.708770752,1141.29467773,1337.50231934,3130.66918945,220.207885742,1824.61450195,1077.23266602,102.141700745,339.92098999,73.1604919434,18.174041748,40.1630249023,134.291519165,53.0965881348,110.149368286,83.1271972656,333.5206604,940.171813965,22.2432594299,0.294631958008,0.00101285381243,0.0000228980206884,0.00000280604240288,0.00000207155699172,1.7813397335e-7,7.48790540683e-8,3.09943537502e-8,4.28454161039e-10],"dvar2":[0.0198417808861,3.46595716476,14.1401109695,59.8958473206,120.117080688,72.5355987549,68.5552825928,293.708282471,280.713195801,211.874038696,1834.14379883,609.438354492,683.686523438,1908.80712891,2600.59472656,8372.79492188,516.513671875,4682.37207031,3016.94799805,275.954589844,922.903747559,174.247940063,45.0419921875,105.241256714,350.911987305,117.672653198,246.641555786,152.667831421,908.313537598,2515.46875,43.5443267822,0.512803375721,0.00197025481611,0.0000564723886782,0.00000723936727809,0.0000056424446484,4.5019277195e-7,2.04467411891e-7,8.94848355415e-8,1.16046627863e-9],"max":[1.34445428848,16.3579597473,97.3994979858,616.112670898,305.193084717,369.65133667,208.198226929,517.916625977,367.259552002,704.089538574,1213.40893555,796.999206543,1212.9161377,1369.66552734,1991.60327148,1728.81530762,461.760467529,954.629455566,622.168640137,252.635757446,662.773681641,253.297348022,142.917388916,251.177261353,618.572387695,298.739959717,492.128997803,571.438354492,1121.31774902,1979.70629883,316.443084717,35.3633918762,2.18315386772,0.319251447916,0.108182907104,0.0895032286644,0.0273411478847,0.0171070247889,0.0104174595326,0.00120664958376],"mean":[0.107915394008,1.20280373096,3.52159047127,11.0723724365,11.4660568237,13.1218566895,8.05750751495,8.79818058014,16.142747879,10.966345787,18.4644203186,12.3102617264,10.8140954971,21.8242073059,10.2354869843,21.0862236023,10.5903911591,20.9180870056,17.8273200989,7.82762622833,9.53661155701,3.81234574318,2.43779945374,2.70859885216,2.44872879982,1.71610820293,1.39653599262,0.954493939877,0.741424322128,0.619606435299,0.143287479877,0.0202442351729,0.00259081134573,0.000599628081545,0.000223824841669,0.000100290722912,0.0000375082345272,0.0000109749034891,0.000013154055523,0.0000246671861532],"median":[0.0386953577399,0.506821751595,1.38793754578,1.82643949986,3.59543848038,4.83263731003,3.61273741722,3.95124101639,5.4126996994,5.48152351379,5.73381519318,4.56251525879,3.79070281982,3.20176148415,3.56616640091,4.04212188721,3.60613203049,3.16671562195,2.10946702957,1.64288008213,1.36587285995,0.623186707497,0.299988389015,0.201583236456,0.140858143568,0.0794667303562,0.0672185197473,0.0305185951293,0.0152165004984,0.00766025576741,0.00303658191115,0.00122116401326,0.000498319743201,0.000228793680435,0.000114921342174,0.0000544139293197,0.0000224168870773,0.00000565140271647,0.00000698195526638,0.0000147344717334],"min":[4.2647783971e-8,1.09228565748e-7,3.75688983922e-7,8.07002265901e-7,0.00000184713326234,0.00000440662233814,0.00000190309697246,0.00000440003350377,0.00000722875938663,0.0000240581248363,0.0000142108765431,0.0000220036472456,0.0000354373114533,0.0000414257738157,0.000018428238036,0.0000472334468213,0.0000555335536774,0.000027047803087,0.0000170642342709,0.0000124905545817,0.0000160893268912,0.0000075204152381,0.00000759908380132,0.00000732924672775,0.0000069289867497,0.00000689819808031,0.00000597066764385,0.00000549665537619,0.00000602989575782,0.00000799051940703,0.00000635006472294,0.00000422665470978,0.00000376479079023,0.00000501943577547,0.00000280278891296,0.00000193860091713,6.02717364018e-7,1.77454936079e-7,6.06155836635e-8,5.04297315018e-9],"var":[0.0265252906829,2.94194579124,48.838432312,1402.48742676,596.882324219,1001.36553955,187.393157959,382.539764404,984.433349609,405.633422852,1629.68969727,815.67388916,768.352844238,4767.2578125,2291.88134766,4378.55224609,428.685974121,3486.95776367,1994.52319336,221.785644531,608.76348877,119.887306213,43.6930122375,64.3931045532,197.451782227,100.928749084,188.744140625,204.15512085,275.983947754,692.456420898,27.5798912048,0.407993495464,0.00135172146838,0.0000222053713514,0.0000023489758405,0.00000140564031881,1.46446126337e-7,4.97547958389e-8,1.77100574206e-8,1.31093458311e-9]},"erbbands_crest":{"dmean":2.90845990181,"dmean2":4.75659561157,"dvar":9.01598453522,"dvar2":24.2797412872,"max":33.4467277527,"mean":10.3842954636,"median":8.88764762878,"min":2.85489463806,"var":26.0481300354},"erbbands_flatness_db":{"dmean":0.0137743121013,"dmean2":0.0220311209559,"dvar":0.000191772909602,"dvar2":0.000509078265168,"max":0.42291623354,"mean":0.261313557625,"median":0.258155941963,"min":0.0800097882748,"var":0.00120844191406},"erbbands_kurtosis":{"dmean":0.835033178329,"dmean2":1.37840414047,"dvar":1.99449598789,"dvar2":5.05161762238,"max":35.9421882629,"mean":-0.00766135985032,"median":-0.416067481041,"min":-1.80534803867,"var":3.37674021721},"erbbands_skewness":{"dmean":0.395266801119,"dmean2":0.633205652237,"dvar":0.145851388574,"dvar2":0.376911878586,"max":2.29640603065,"mean":0.144249260426,"median":0.251085698605,"min":-4.72402667999,"var":0.584314227104},"erbbands_spread":{"dmean":4.30797576904,"dmean2":6.96959733963,"dvar":20.1250133514,"dvar2":51.4815673828,"max":128.365997314,"mean":24.3763561249,"median":23.367641449,"min":2.24367761612,"var":87.2991714478},"gfcc":{"cov":[[5971.65136719,-58.2585487366,-1203.46691895,1224.2767334,-211.729751587,-289.319335938,449.268859863,-257.659606934,-194.553329468,-337.616912842,-2.10307645798,-292.621643066,-193.035675049],[-58.2585487366,714.255065918,524.344665527,-127.846290588,361.410766602,125.503967285,160.257705688,56.9770355225,-47.6859474182,-84.9185333252,60.9659500122,2.39079904556,11.9479122162],[-1203.46691895,524.344665527,1037.34423828,-70.2234268188,355.503723145,315.667480469,188.379806519,91.2157287598,-22.3477077484,-37.3277587891,61.5475120544,78.7713775635,23.2522144318],[1224.2767334,-127.846290588,-70.2234268188,633.602844238,10.3971185684,27.4379711151,252.89704895,-32.309211731,-22.4587688446,-64.0641555786,5.2575545311,-27.392074585,-58.1270561218],[-211.729751587,361.410766602,355.503723145,10.3971185684,379.178283691,132.0990448,136.903152466,87.6779708862,-17.7456798553,-36.8435173035,8.65964317322,-2.68278193474,17.1064491272],[-289.319335938,125.503967285,315.667480469,27.4379711151,132.0990448,220.726577759,120.495567322,27.5041122437,-11.8463153839,-18.806892395,22.646364212,21.2800579071,-7.30814027786],[449.268859863,160.257705688,188.379806519,252.89704895,136.903152466,120.495567322,312.615142822,59.7882995605,-42.013381958,-52.3589897156,18.3206481934,3.7701818943,-22.5714359283],[-257.659606934,56.9770355225,91.2157287598,-32.309211731,87.6779708862,27.5041122437,59.7882995605,134.107727051,54.4493484497,29.2877063751,-8.92476463318,8.01509952545,41.5492477417],[-194.553329468,-47.6859474182,-22.3477077484,-22.4587688446,-17.7456798553,-11.8463153839,-42.013381958,54.4493484497,121.359054565,73.2590179443,2.93281245232,10.29758358,38.2682723999],[-337.616912842,-84.9185333252,-37.3277587891,-64.0641555786,-36.8435173035,-18.806892395,-52.3589897156,29.2877063751,73.2590179443,113.414108276,20.914270401,11.6489896774,21.9722747803],[-2.10307645798,60.9659500122,61.5475120544,5.2575545311,8.65964317322,22.646364212,18.3206481934,-8.92476463318,2.93281245232,20.914270401,76.4201583862,29.716501236,-12.0932474136],[-292.621643066,2.39079904556,78.7713775635,-27.392074585,-2.68278193474,21.2800579071,3.7701818943,8.01509952545,10.29758358,11.6489896774,29.716501236,80.9829330444,30.1163005829],[-193.035675049,11.9479122162,23.2522144318,-58.1270561218,17.1064491272,-7.30814027786,-22.5714359283,41.5492477417,38.2682723999,21.9722747803,-12.0932474136,30.1163005829,100.088912964]],"icov":[[0.00139164959546,-0.00172969314735,0.0020959333051,-0.00216439180076,0.00102510652505,-0.000139147392474,-0.00080016173888,0.000804268172942,-0.000353100709617,0.00255050626583,-0.00202628481202,0.00319944275543,-0.00118553161155],[-0.00172969314735,0.0101444348693,-0.00507377274334,0.00713283428922,-0.0065405741334,0.00493906578049,-0.00479892501608,0.00358702125959,-0.00449552945793,0.00420385273173,-0.00524155702442,0.00123917590827,-0.000528773409314],[0.0020959333051,-0.00507377274334,0.00622880971059,-0.00421492103487,0.00192944670562,-0.00395503686741,0.000446479622042,-0.000404511956731,0.000965828890912,0.00203824136406,-0.00131356343627,0.00184671208262,-0.00112795270979],[-0.00216439180076,0.00713283428922,-0.00421492103487,0.00927240867168,-0.00451836921275,0.00358716375194,-0.00599020253867,0.00419070012867,-0.00509070046246,0.0014065450523,-0.000923664716538,-0.00173393799923,0.00132976367604],[0.00102510652505,-0.0065405741334,0.00192944670562,-0.00451836921275,0.00926976185292,-0.00393845140934,0.00280879391357,-0.0050674979575,0.00394382048398,-0.00184173753951,0.00263511366211,0.00122574984562,-0.000603316468187],[-0.000139147392474,0.00493906578049,-0.00395503686741,0.00358716375194,-0.00393845140934,0.0123609658331,-0.00655272603035,0.0047623780556,-0.00463784020394,0.00400639185682,-0.00391949526966,0.00232376996428,-0.0000139532548928],[-0.00080016173888,-0.00479892501608,0.000446479622042,-0.00599020253867,0.00280879391357,-0.00655272603035,0.0148656722158,-0.0107519328594,0.00888262037188,-0.00626907637343,0.00479467352852,-0.00600310182199,0.00267000799067],[0.000804268172942,0.00358702125959,-0.000404511956731,0.00419070012867,-0.0050674979575,0.0047623780556,-0.0107519328594,0.0205033272505,-0.0113433692604,0.00423497427255,-0.00196038768627,0.00483572529629,-0.00435614632443],[-0.000353100709617,-0.00449552945793,0.000965828890912,-0.00509070046246,0.00394382048398,-0.00463784020394,0.00888262037188,-0.0113433692604,0.0227676276118,-0.014385019429,0.00496798148379,-0.00387132912874,-0.00140782608651],[0.00255050626583,0.00420385273173,0.00203824136406,0.0014065450523,-0.00184173753951,0.00400639185682,-0.00626907637343,0.00423497427255,-0.014385019429,0.0290702432394,-0.0165971573442,0.011641414836,-0.00419387593865],[-0.00202628481202,-0.00524155702442,-0.00131356343627,-0.000923664716538,0.00263511366211,-0.00391949526966,0.00479467352852,-0.00196038768627,0.00496798148379,-0.0165971573442,0.0303304754198,-0.0175917968154,0.00834700278938],[0.00319944275543,0.00123917590827,0.00184671208262,-0.00173393799923,0.00122574984562,0.00232376996428,-0.00600310182199,0.00483572529629,-0.00387132912874,0.011641414836,-0.0175917968154,0.0301125645638,-0.0110760843381],[-0.00118553161155,-0.000528773409314,-0.00112795270979,0.00132976367604,-0.000603316468187,-0.0000139532548928,0.00267000799067,-0.00435614632443,-0.00140782608651,-0.00419387593865,0.00834700278938,-0.0110760843381,0.0171148497611]],"mean":[-135.422668457,202.307571411,-127.690544128,7.93465185165,-28.6064758301,-6.84459733963,-18.1312274933,-15.6655769348,-6.83664608002,-6.61515045166,-7.96289014816,-11.0531578064,-4.27810001373]},"hfc":{"dmean":1.97087943554,"dmean2":3.02129769325,"dvar":59.0942230225,"dvar2":143.389175415,"max":467.251342773,"mean":7.74633741379,"median":4.133934021,"min":0.0000376846583094,"var":146.385543823},"melbands":{"dmean":[0.00063389405841,0.000703579105902,0.000401947647333,0.000325899745803,0.0000983587960945,0.0000788015240687,0.0000857621489558,0.0000480458111269,0.0000593980657868,0.0000332287891069,0.000026706376957,0.000044073411118,0.0000163523072843,0.0000347177847289,0.0000245703995461,0.0000141243044709,0.0000232638285524,0.0000174107608473,0.00000848055151437,0.00000898016696738,0.0000060708221099,0.00000248009746429,0.00000169039344655,0.00000135197058171,0.00000131019123728,0.0000013929685565,6.77409900618e-7,7.16152214864e-7,7.60283967338e-7,4.07201582675e-7,3.45707576344e-7,3.74469607323e-7,5.51027540041e-7,3.2737739275e-7,7.44297139477e-8,1.99650997956e-8,4.38358638277e-9,7.47851003347e-10,3.50178663844e-10,1.44304040939e-10],"dmean2":[0.000969699991401,0.00102809956297,0.000519708439242,0.000457933172584,0.000137036840897,0.00010965274123,0.000114030764962,0.0000678582873661,0.0000835282189655,0.0000470735394629,0.0000384788509109,0.0000579128100071,0.0000246711606451,0.0000571098389628,0.0000401024881285,0.0000227404780162,0.0000371221394744,0.0000285044534394,0.0000143165889313,0.0000153273576871,0.0000101778514363,0.00000414525129599,0.00000268406893156,0.00000226724137065,0.00000218179025069,0.00000241255270339,0.00000112822283427,0.00000116315982268,0.0000012256195987,6.45405350497e-7,5.45897648863e-7,6.16323177383e-7,9.77336185315e-7,5.13183806561e-7,1.21486891658e-7,3.27185993854e-8,5.64328805908e-9,1.19878140747e-9,5.99489180519e-10,2.34484098804e-10],"dvar":[0.00000130083674321,0.00000169327574895,9.17673446565e-7,4.3209291789e-7,3.03269196422e-8,5.59640334075e-8,3.03489393616e-8,1.42053115937e-8,4.44296972546e-8,1.03829913556e-8,9.63920765429e-9,2.17759943411e-8,1.34089299664e-8,1.59201185568e-8,6.95801860573e-9,1.95858573804e-9,6.37933617043e-9,2.40915931649e-9,7.67785945932e-10,9.57610546415e-10,3.03554459347e-10,1.2297117491e-10,3.94242728741e-11,3.18976407787e-11,2.99533696457e-11,8.91238680079e-11,3.18613087302e-11,2.84036925924e-11,6.66040764208e-11,2.29143301556e-11,3.02540457964e-11,5.64418616011e-11,4.93529217493e-10,1.67910699234e-10,8.01893100533e-12,5.56785845728e-13,1.44928455359e-14,1.24138422362e-16,5.75262293779e-17,2.31030655867e-18],"dvar2":[0.00000307047275783,0.00000388156922781,0.00000137238623665,6.54003201817e-7,5.73887817268e-8,1.16558055652e-7,5.66668525437e-8,2.7244677625e-8,1.09960701877e-7,2.02230410196e-8,1.82692598827e-8,3.49587274684e-8,2.50880294317e-8,4.08909137661e-8,1.84213888588e-8,5.33543609293e-9,1.59713362535e-8,6.50861586848e-9,2.24919105563e-9,2.75397238347e-9,8.05767341738e-10,2.96285440626e-10,9.91176446474e-11,8.74959479868e-11,7.90089105251e-11,2.39809477831e-10,7.41674152649e-11,6.3854435628e-11,1.61161931023e-10,4.20671067425e-11,5.51420992201e-11,1.47852605159e-10,1.41288680755e-9,4.09622419317e-10,1.49652339132e-11,1.03807381528e-12,2.29097306176e-14,2.92732866035e-16,1.60974323521e-16,5.68760869231e-18],"max":[0.0159646030515,0.0363723933697,0.0842975601554,0.03170498088,0.0059152119793,0.0104151405394,0.00548567716032,0.00639760354534,0.00948486570269,0.00434347148985,0.00617782678455,0.00619796011597,0.00632191216573,0.00335730588995,0.00233269180171,0.000941708975006,0.00168689189013,0.00115934608039,0.000610611692537,0.000672946858685,0.000627275789157,0.00035150613985,0.000213612831431,0.000173023290699,0.000215452993871,0.000435312598711,0.000338780489983,0.0002510008635,0.000358748948202,0.000295682431897,0.000325360975694,0.000420292577473,0.00136187346652,0.000867166032549,0.000185781595064,0.0000486038916279,0.00000957666816248,7.63047239616e-7,4.62015350422e-7,9.59643458032e-8],"mean":[0.00120712595526,0.00177961762529,0.00176900683437,0.00100455491338,0.000293150893413,0.000193890198716,0.000242778274696,0.000122425873997,0.000145775309647,0.0000690089800628,0.0000553519057576,0.000093783797638,0.0000284893339995,0.0000506688484165,0.0000363669241779,0.0000237635504163,0.0000389941087633,0.0000267746254394,0.0000141435766636,0.0000142396247611,0.0000094441775218,0.00000408956020692,0.00000272631382359,0.00000233098216995,0.0000021088592348,0.00000200234308068,0.00000121737923564,0.00000112125530904,9.75581656348e-7,6.59738532249e-7,5.19694481227e-7,4.09843380567e-7,4.3663740712e-7,2.85485867835e-7,8.77737775795e-8,2.43473543549e-8,6.03641714392e-9,1.61342150751e-9,6.91742940706e-10,3.69802855005e-10],"median":[0.000468938262202,0.000802649359684,0.000392058165744,0.000337774225045,0.00014430959709,0.0000889139191713,0.0000804604933364,0.0000629924106761,0.000044867687393,0.000025497036404,0.0000174570232048,0.0000121049097288,0.00000930736678129,0.0000122279470816,0.00000835525224829,0.00000572077260586,0.00000519149671163,0.00000328404848915,0.00000180224651558,0.00000152955567501,0.00000154953204401,4.7495200306e-7,2.68435371709e-7,1.690531235e-7,1.28073793348e-7,1.00226763777e-7,5.54073906756e-8,3.88776726368e-8,3.97628951987e-8,2.10312691706e-8,9.56565493482e-9,7.59621876512e-9,5.64388624724e-9,2.81635292865e-9,1.52331924852e-9,8.77523720355e-10,5.56980184196e-10,3.36942501677e-10,2.1693953578e-10,1.59920438003e-10],"min":[6.09104211513e-10,1.18026907692e-10,1.58648316706e-10,2.27676849596e-10,8.20489093334e-11,1.05845478215e-10,1.50788770359e-10,2.58241539264e-10,1.06698129498e-10,1.40255140835e-10,1.31666635927e-10,1.83169521217e-10,7.11735462233e-11,8.38807634462e-11,1.25277593854e-10,7.52209336485e-11,3.63587146501e-11,2.54867724148e-11,1.53442675233e-11,1.8262015164e-11,1.8672459412e-11,4.6383708506e-12,8.09281634762e-12,5.0589103219e-12,4.54534023267e-12,3.721613729e-12,4.63179494758e-12,4.17714560857e-12,4.18035528069e-12,2.60563922869e-12,3.85547583442e-12,3.17735789936e-12,4.31186943789e-12,5.05192805991e-12,4.19264232707e-12,2.97900809923e-12,2.34561979215e-12,2.75682558379e-12,2.28062534136e-12,3.75251652668e-12],"var":[0.00000312111433232,0.00000851137428981,0.0000278485658782,0.00000578471099288,2.07389746265e-7,1.69513867831e-7,2.20408253426e-7,4.36384155478e-8,1.04749581453e-7,2.46232936263e-8,2.13387512105e-8,9.37815869406e-8,2.30821317615e-8,2.40294912857e-8,9.40001054772e-9,3.26257731942e-9,1.25060362066e-8,4.43245440351e-9,1.3679404276e-9,1.68573521808e-9,5.3567578151e-10,1.73235495393e-10,7.68006838681e-11,4.95001158118e-11,4.22867851846e-11,1.2506100322e-10,5.38649437554e-11,4.80167815231e-11,9.06414734936e-11,5.69629760028e-11,7.62705662516e-11,5.75884236131e-11,3.10865000408e-10,1.47143311424e-10,1.03934829493e-11,7.16119763315e-13,2.18440462794e-14,1.47292901774e-16,3.90898128183e-17,2.92418975808e-18]},"melbands_crest":{"dmean":2.35165739059,"dmean2":3.65829753876,"dvar":4.12545490265,"dvar2":10.8149547577,"max":30.990196228,"mean":14.7976913452,"median":14.2469940186,"min":4.5504527092,"var":27.3138637543},"melbands_flatness_db":{"dmean":0.0195756517351,"dmean2":0.0296629015356,"dvar":0.000376814685296,"dvar2":0.000903905136511,"max":0.591749727726,"mean":0.359821468592,"median":0.352847963572,"min":0.0949236005545,"var":0.0063773393631},"melbands_kurtosis":{"dmean":5.37536621094,"dmean2":8.37544727325,"dvar":78.4166030884,"dvar2":178.657608032,"max":453.231994629,"mean":12.8662166595,"median":7.71412944794,"min":-1.91754698753,"var":288.841033936},"melbands_skewness":{"dmean":0.56634837389,"dmean2":0.887628018856,"dvar":0.297698557377,"dvar2":0.735282242298,"max":17.3186569214,"mean":2.62942838669,"median":2.43305587769,"min":-1.47082328796,"var":2.19000601768},"melbands_spread":{"dmean":3.58579444885,"dmean2":5.80428791046,"dvar":35.6690673828,"dvar2":84.7192993164,"max":191.960647583,"mean":12.3875055313,"median":8.96351242065,"min":0.581686377525,"var":143.058227539},"mfcc":{"cov":[[5505.66113281,-22.7068958282,-1481.38098145,1275.15563965,-656.67401123,135.343780518,21.2096920013,132.98046875,-138.283752441,-6.71231555939,49.2516860962,-226.778656006,-299.077362061],[-22.7068958282,909.841552734,241.987808228,-146.120727539,327.868499756,30.583688736,268.794006348,123.366897583,42.2212982178,-42.1088600159,31.2563648224,24.5996227264,-47.2145233154],[-1481.38098145,241.987808228,787.645019531,-243.707138062,266.926422119,112.979759216,161.347793579,114.259231567,57.0414237976,-26.6869659424,29.6967449188,90.0356140137,41.7704048157],[1275.15563965,-146.120727539,-243.707138062,604.53314209,-118.311309814,102.975631714,114.908836365,125.611442566,20.3378162384,3.69421195984,68.6743011475,-48.5434265137,-87.4717483521],[-656.67401123,327.868499756,266.926422119,-118.311309814,341.131439209,46.6402397156,128.872207642,71.6624984741,55.3285522461,14.0758018494,19.4138565063,22.7582168579,3.92107629776],[135.343780518,30.583688736,112.979759216,102.975631714,46.6402397156,180.885238647,118.589805603,94.4192352295,6.75947284698,-11.2581119537,50.6168937683,-7.01075029373,-41.432762146],[21.2096920013,268.794006348,161.347793579,114.908836365,128.872207642,118.589805603,307.855712891,178.4737854,60.0023345947,-18.4840240479,50.9324951172,19.7413311005,-48.2255821228],[132.98046875,123.366897583,114.259231567,125.611442566,71.6624984741,94.4192352295,178.4737854,190.364944458,60.4791755676,-17.7371940613,37.617275238,14.2606868744,-34.1483840942],[-138.283752441,42.2212982178,57.0414237976,20.3378162384,55.3285522461,6.75947284698,60.0023345947,60.4791755676,139.611053467,53.3910217285,-29.3179168701,21.1842155457,44.107635498],[-6.71231555939,-42.1088600159,-26.6869659424,3.69421195984,14.0758018494,-11.2581119537,-18.4840240479,-17.7371940613,53.3910217285,126.577003479,20.7114429474,-30.2819652557,18.3414707184],[49.2516860962,31.2563648224,29.6967449188,68.6743011475,19.4138565063,50.6168937683,50.9324951172,37.617275238,-29.3179168701,20.7114429474,155.26902771,-5.78804111481,-71.8598251343],[-226.778656006,24.5996227264,90.0356140137,-48.5434265137,22.7582168579,-7.01075029373,19.7413311005,14.2606868744,21.1842155457,-30.2819652557,-5.78804111481,92.2596740723,51.4489059448],[-299.077362061,-47.2145233154,41.7704048157,-87.4717483521,3.92107629776,-41.432762146,-48.2255821228,-34.1483840942,44.107635498,18.3414707184,-71.8598251343,51.4489059448,135.771865845]],"icov":[[0.00463464902714,-0.00631729280576,0.00618984224275,-0.00688492553309,0.00689231418073,-0.00656810030341,0.00592563766986,-0.00582930305973,0.0058577125892,-0.00687124487013,0.00620062788948,-0.00470486469567,0.00419750623405],[-0.00631729280576,0.0109798423946,-0.00814530719072,0.0100569222122,-0.0110941110179,0.00995272397995,-0.0101542519405,0.00808657519519,-0.00806476082653,0.0102913044393,-0.00866171531379,0.00682461727411,-0.00526833720505],[0.00618984224275,-0.00814530719072,0.0108491117135,-0.00793270301074,0.00798094365746,-0.0100784376264,0.00750599661842,-0.00867373216897,0.00765807274729,-0.00877744145691,0.00775478500873,-0.0073914299719,0.00513561163098],[-0.00688492553309,0.0100569222122,-0.00793270301074,0.0136032830924,-0.00971665140241,0.00876919459552,-0.00983887538314,0.0069766305387,-0.00947230774909,0.0106438212097,-0.0100779794157,0.00768515747041,-0.00585443386808],[0.00689231418073,-0.0110941110179,0.00798094365746,-0.00971665140241,0.0163239650428,-0.0103786876425,0.00861076265574,-0.00877968687564,0.00775858387351,-0.0112888291478,0.00901355315,-0.00662959273905,0.0061079855077],[-0.00656810030341,0.00995272397995,-0.0100784376264,0.00876919459552,-0.0103786876425,0.019157120958,-0.0108347926289,0.00642208242789,-0.00710501754656,0.0103808352724,-0.0100328475237,0.00879267323762,-0.00608040997759],[0.00592563766986,-0.0101542519405,0.00750599661842,-0.00983887538314,0.00861076265574,-0.0108347926289,0.0179346501827,-0.0130742928013,0.00673634745181,-0.00939614977688,0.00821004342288,-0.00791552104056,0.00682645151392],[-0.00582930305973,0.00808657519519,-0.00867373216897,0.0069766305387,-0.00877968687564,0.00642208242789,-0.0130742928013,0.0230627730489,-0.0133150490001,0.0125922262669,-0.00947430916131,0.00657362071797,-0.00437635881826],[0.0058577125892,-0.00806476082653,0.00765807274729,-0.00947230774909,0.00775858387351,-0.00710501754656,0.00673634745181,-0.0133150490001,0.02389854379,-0.0182484891266,0.0132806170732,-0.0106529919431,0.0040589645505],[-0.00687124487013,0.0102913044393,-0.00877744145691,0.0106438212097,-0.0112888291478,0.0103808352724,-0.00939614977688,0.0125922262669,-0.0182484891266,0.0275739412755,-0.0168081466109,0.0169268269092,-0.0117827774957],[0.00620062788948,-0.00866171531379,0.00775478500873,-0.0100779794157,0.00901355315,-0.0100328475237,0.00821004342288,-0.00947430916131,0.0132806170732,-0.0168081466109,0.0213114619255,-0.0131967207417,0.0132157299668],[-0.00470486469567,0.00682461727411,-0.0073914299719,0.00768515747041,-0.00662959273905,0.00879267323762,-0.00791552104056,0.00657362071797,-0.0106529919431,0.0169268269092,-0.0131967207417,0.0273574255407,-0.0152261350304],[0.00419750623405,-0.00526833720505,0.00513561163098,-0.00585443386808,0.0061079855077,-0.00608040997759,0.00682645151392,-0.00437635881826,0.0040589645505,-0.0117827774957,0.0132157299668,-0.0152261350304,0.0217573717237]],"mean":[-772.218261719,222.529510498,-15.9700574875,17.668132782,6.74575710297,10.8586788177,-0.960752904415,-3.83864688873,0.780330061913,1.99609315395,-0.626887321472,-0.273856639862,0.722593128681]},"pitch_salience":{"dmean":0.0726687312126,"dmean2":0.115669906139,"dvar":0.0040501980111,"dvar2":0.0104358075187,"max":0.809656381607,"mean":0.517993450165,"median":0.529878973961,"min":0.100607588887,"var":0.0158739872277},"silence_rate_20dB":{"dmean":0.000319233833579,"dmean2":0.000638569588773,"dvar":0.000319132581353,"dvar2":0.000957449257839,"max":1,"mean":0.999840378761,"median":1,"min":0,"var":0.000159564995556},"silence_rate_30dB":{"dmean":0.00478850770742,"dmean2":0.00957854371518,"dvar":0.00476554501802,"dvar2":0.0114023443311,"max":1,"mean":0.974146187305,"median":1,"min":0,"var":0.0251849777997},"silence_rate_60dB":{"dmean":0.0226656030864,"dmean2":0.0453384406865,"dvar":0.0221519693732,"dvar2":0.0541368275881,"max":1,"mean":0.10070220381,"median":0,"min":0,"var":0.0905532389879},"spectral_centroid":{"dmean":109.154350281,"dmean2":175.569885254,"dvar":29999.0761719,"dvar2":67496.203125,"max":4566.32226562,"mean":644.234619141,"median":536.467529297,"min":166.005783081,"var":174082.375},"spectral_complexity":{"dmean":1.62777328491,"dmean2":2.70593881607,"dvar":2.58037638664,"dvar2":6.48118162155,"max":41,"mean":11.4036064148,"median":10,"min":0,"var":43.2615356445},"spectral_contrast_coeffs":{"dmean":[0.041880030185,0.0354486815631,0.0315562970936,0.0281414184719,0.0185913480818,0.0142116071656],"dmean2":[0.0682055875659,0.0561651699245,0.0513968840241,0.047218400985,0.0315830670297,0.0231537576765],"dvar":[0.00118116836529,0.000795920321252,0.000633043586276,0.000523326802067,0.000268314674031,0.00023035313643],"dvar2":[0.00317177618854,0.0020509401802,0.00167144171428,0.00146069109906,0.000738166214433,0.000517235719599],"max":[-0.301563680172,-0.466749608517,-0.538891732693,-0.486115664244,-0.615833282471,-0.379065126181],"mean":[-0.642575800419,-0.748269021511,-0.787247955799,-0.77051448822,-0.78841573,-0.74959307909],"median":[-0.652676939964,-0.753784120083,-0.794203162193,-0.783658206463,-0.788609147072,-0.754244744778],"min":[-0.873007059097,-0.923763215542,-0.937390625477,-0.917051792145,-0.93341499567,-0.900797128677],"var":[0.00800041947514,0.004783061333,0.00368857849389,0.00598880369216,0.00252008717507,0.00455540465191]},"spectral_contrast_valleys":{"dmean":[0.327178806067,0.265074759722,0.240071177483,0.194983303547,0.164805352688,0.110349409282],"dmean2":[0.534015774727,0.430294930935,0.400822967291,0.329401314259,0.266363888979,0.185850664973],"dvar":[0.0710352733731,0.0435535758734,0.0343399718404,0.0245080478489,0.032269064337,0.0132900094613],"dvar2":[0.194943189621,0.119020648301,0.0942447781563,0.0674074590206,0.0765989273787,0.0323147960007],"max":[-5.29120159149,-5.12452793121,-5.69746828079,-6.37052202225,-6.18690299988,-9.52160263062],"mean":[-7.30940055847,-6.88069677353,-7.60691690445,-8.36706352234,-9.48664188385,-13.2996711731],"median":[-7.06160259247,-6.81727409363,-7.56984424591,-8.36233711243,-9.50586700439,-13.2969684601],"min":[-14.2378959656,-12.8499565125,-12.9543571472,-13.6616268158,-13.7971973419,-15.6007843018],"var":[1.24770534039,0.459832757711,0.584206402302,0.66265553236,1.23062324524,0.349487215281]},"spectral_decrease":{"dmean":1.27035504338e-9,"dmean2":1.8237202859e-9,"dvar":3.30495733086e-18,"dvar2":6.59574050833e-18,"max":-5.53419309891e-15,"mean":-5.6068962806e-9,"median":-3.35751515479e-9,"min":-9.68685895941e-8,"var":5.89875465004e-17},"spectral_energy":{"dmean":0.00494360597804,"dmean2":0.00711309909821,"dvar":0.0000495647764183,"dvar2":0.0000992123314063,"max":0.371715575457,"mean":0.0218643341213,"median":0.0131750144064,"min":2.43054305571e-8,"var":0.000883414642885},"spectral_energyband_high":{"dmean":0.0000561056840525,"dmean2":0.0000876757985679,"dvar":0.0000012676807728,"dvar2":0.00000306121569338,"max":0.0722966119647,"mean":0.0000766452794778,"median":0.0000032597235986,"min":2.01587679882e-9,"var":0.00000145796263951},"spectral_energyband_low":{"dmean":0.00350253959186,"dmean2":0.00506018241867,"dvar":0.0000396576069761,"dvar2":0.0000850274373079,"max":0.321837842464,"mean":0.0111466096714,"median":0.00458985939622,"min":4.07274614034e-9,"var":0.000447796395747},"spectral_energyband_middle_high":{"dmean":0.000943104270846,"dmean2":0.00144178501796,"dvar":0.00000396200766772,"dvar2":0.00000867710696184,"max":0.0561936236918,"mean":0.00246006599627,"median":0.00084404530935,"min":7.47328154915e-9,"var":0.0000164025168488},"spectral_energyband_middle_low":{"dmean":0.00218035583384,"dmean2":0.00295485369861,"dvar":0.0000137147053465,"dvar2":0.000021929239665,"max":0.213869333267,"mean":0.0110945533961,"median":0.00492400350049,"min":5.11486186738e-9,"var":0.000365144223906},"spectral_entropy":{"dmean":0.117934204638,"dmean2":0.185552760959,"dvar":0.0116531290114,"dvar2":0.0283209141344,"max":8.31652450562,"mean":6.55742502213,"median":6.53446102142,"min":5.29777145386,"var":0.141269057989},"spectral_flux":{"dmean":0.0132832024246,"dmean2":0.0224259477109,"dvar":0.000221527603571,"dvar2":0.000614713353571,"max":0.246388852596,"mean":0.0483476445079,"median":0.0433879718184,"min":0.00013780874724,"var":0.000748748192564},"spectral_kurtosis":{"dmean":10.5166597366,"dmean2":18.4751987457,"dvar":95.4681396484,"dvar2":289.206665039,"max":108.239654541,"mean":23.8044910431,"median":19.5604152679,"min":-1.1253041029,"var":306.78515625},"spectral_rms":{"dmean":0.000510796147864,"dmean2":0.000756283814553,"dvar":2.89206013804e-7,"dvar2":6.72489136377e-7,"max":0.0190433543175,"mean":0.00401017908007,"median":0.00358520168811,"min":0.00000486956014356,"var":0.00000524956021764},"spectral_rolloff":{"dmean":191.905731201,"dmean2":340.824401855,"dvar":127685.421875,"dvar2":338104.1875,"max":6546.09375,"mean":739.568054199,"median":538.330078125,"min":86.1328125,"var":417029.71875},"spectral_skewness":{"dmean":0.706288814545,"dmean2":1.22993755341,"dvar":0.35985943675,"dvar2":1.09619474411,"max":7.99745464325,"mean":3.09121656418,"median":2.95368051529,"min":-0.915968775749,"var":1.7139441967},"spectral_spread":{"dmean":198474.265625,"dmean2":337858.71875,"dvar":50410393600,"dvar2":103030145024,"max":13048726,"mean":1757833.875,"median":1672900.875,"min":773773.8125,"var":386550104064},"spectral_strongpeak":{"dmean":0.41528481245,"dmean2":0.721472680569,"dvar":0.662229239941,"dvar2":1.75488078594,"max":7.85633611679,"mean":0.74026030302,"median":0.339402854443,"min":0,"var":1.04150378704},"zerocrossingrate":{"dmean":0.00371327553876,"dmean2":0.00491430424154,"dvar":0.000021881183784,"dvar2":0.0000327807902067,"max":0.212890625,"mean":0.0267632827163,"median":0.0224609375,"min":0.00244140625,"var":0.000331388117047}},"metadata":{"audio_properties":{"analysis_sample_rate":44100,"bit_rate":0,"codec":"flac","downmix":"mix","equal_loudness":0,"length":145.466659546,"lossless":true,"md5_encoded":"7f9dd0f299bad73459ad867560ec26df","replay_gain":-5.31261444092},"tags":{"album":["Flash Gordon"],"albumartist":["Queen"],"albumartistsort":["Queen"],"arranger":["Howard Blake","Queen"],"artist":["Queen"],"artistsort":["Queen"],"asin":["B000024ZSC"],"barcode":["077778949923"],"catalognumber":["7 89499 2"],"composer":["Roger Taylor"],"conductor":["Howard Blake"],"date":["1994-04-05"],"engineer":["Alan Douglas"],"file_name":"06 In the Death Cell (Love Theme Reprise).flac","format":["CD"],"label":["Parlophone"],"language":["eng"],"mixer":["Alan Douglas"],"musicbrainz_albumartistid":["0383dadf-2a4e-4d10-a46a-e9e041da8eb3"],"musicbrainz_albumid":["be20e9fb-7cfb-4526-b4e9-8e7764cef907"],"musicbrainz_artistid":["0383dadf-2a4e-4d10-a46a-e9e041da8eb3"],"musicbrainz_recordingid":["4c25401f-9982-4c39-bea1-dffb4b53079c"],"performer":["Freddie Mercury (synthesizer)","Roger Taylor (drums and synthesizer)","Brian May (vocal)","Roger Taylor (vocal)","Freddie Mercury (lead vocal)","John Deacon (bass guitar, guitar and synthesizer)","Brian May (guitar and synthesizer)"],"producer":["Queen"],"releasecountry":["GB"],"releasestatus":["official"],"releasetype":["soundtrack"],"replaygain_album_gain":["-3.53 dB"],"replaygain_album_peak":["0.97732544"],"replaygain_reference_loudness":["89.0 dB"],"replaygain_track_gain":["-1.82 dB"],"replaygain_track_peak":["0.97329712"],"script":["Latn"],"title":["In the Death Cell (Love Theme Reprise)"],"totaltracks":["18"],"tracknumber":["6"],"tracktotal":["18"]},"version":{"essentia":"2.1-beta1","essentia_build_sha":"d95b123ab7c93145a6f110a2dd6bea92b4529a00","essentia_git_sha":"v2.1_beta1-6-g5