{"lowlevel":{"average_loudness":0.634426414967,"barkbands":{"dmean":[0.000239179309574,0.00348422839306,0.00180541409645,0.00214527617209,0.00136572250631,0.000578273786232,0.000633318151813,0.000782244722359,0.000491261715069,0.000267871277174,0.000297287886497,0.000395473500248,0.000338933808962,0.000179078415385,0.000180818024091,0.000117928400869,0.000179849739652,0.00012665973918,0.000170323924976,0.000157928632689,0.000151233936776,0.000123253863421,0.000132633547764,0.000141832686495,0.000133629437187,0.0000914837728487,0.0000130152884594],"dmean2":[0.000373937364202,0.00578920170665,0.00320004974492,0.00360853900202,0.00228340900503,0.000891859875992,0.000957493321039,0.00113445683382,0.000722768250853,0.000385995430406,0.00043989153346,0.000597384932917,0.000523583614267,0.000283840112388,0.000275716767646,0.000181881914614,0.000277433864539,0.000200632057386,0.000269290525466,0.00025411057868,0.000251214078162,0.000192872306798,0.000208726240089,0.0002164250036,0.000197780755116,0.000138115952723,0.0000200232389034],"dvar":[5.37404218903e-7,0.000135155758471,0.0000241182187892,0.0000375598756364,0.0000162707001437,0.00000139183748615,0.00000248186483987,0.00000465607763545,0.00000163115862506,5.22454342899e-7,0.00000136265919082,0.00000180826725682,0.00000179872608896,5.92797846366e-7,2.19006224711e-7,8.27161272809e-8,1.50448883574e-7,1.00984252072e-7,2.35671848259e-7,2.72036402293e-7,4.3674265271e-7,1.81305168212e-7,2.31435890896e-7,2.52166557857e-7,2.33573075548e-7,1.09286077077e-7,2.14424944467e-9],"dvar2":[0.00000118853017739,0.000349968177034,0.0000693588226568,0.0000995233494905,0.0000435767360614,0.00000337242590831,0.00000565888603887,0.00000918594196264,0.00000358590068572,0.00000106961124402,0.00000287152511191,0.00000415993508796,0.00000422784569309,0.00000151450285557,5.10535812737e-7,1.96495122395e-7,3.48934094063e-7,2.47945479259e-7,6.02530178639e-7,6.94631978604e-7,0.00000120264405723,4.54358115576e-7,5.82437223784e-7,6.1139422769e-7,5.49354467694e-7,2.53282763651e-7,5.06145791945e-9],"max":[0.0074622281827,0.167022228241,0.0815128535032,0.11356652528,0.0805149823427,0.0283442661166,0.0425810515881,0.0930776074529,0.0356023795903,0.0258827041835,0.043366573751,0.0511093884706,0.0805458575487,0.0477448664606,0.016175320372,0.00910523626953,0.00710395583883,0.00944609381258,0.011153055355,0.0139342499897,0.0138146439567,0.0105203231797,0.0102695738897,0.0135886594653,0.00977615825832,0.00765604106709,0.00104755582288],"mean":[0.000223919778364,0.00335292471573,0.00229731062427,0.00286694872193,0.0021857493557,0.0012856728863,0.00126573711168,0.00151970377192,0.00105036853347,0.000534390041139,0.000523231574334,0.000695028924383,0.000530365447048,0.000259339256445,0.000324523542076,0.000218872111873,0.000351973692887,0.000236151972786,0.000303091161186,0.000276277947705,0.000222693823162,0.000200767419301,0.000216847707634,0.000248371536145,0.000202039285796,0.000114423317427,0.0000146269985635],"median":[0.00000272942133961,0.000637214921881,0.00065756868571,0.00109435420018,0.00106586352922,0.00053139065858,0.000408973486628,0.000303241366055,0.000197974470211,0.000110554559797,0.0000658935750835,0.000087295906269,0.0000649778085062,0.0000485092205054,0.0000689476873958,0.0000317052545142,0.0000596820027567,0.0000497275323141,0.0000598840706516,0.0000414124333474,0.0000356664022547,0.0000297956939903,0.0000272600427706,0.000030654220609,0.0000196904929908,0.00000541302779311,4.68041662316e-7],"min":[2.43866660199e-9,1.12158471399e-9,2.59931243196e-10,3.0645271043e-11,7.04162908538e-11,2.54793217774e-11,1.42112207419e-11,9.06351556307e-12,1.5098110262e-11,4.79956959593e-12,6.60064147437e-12,7.78512063843e-12,9.15983261462e-12,5.50983867906e-12,8.64359538805e-12,8.16183058638e-12,8.62030932747e-12,7.19012696604e-12,6.67526971199e-12,6.2251852978e-12,6.3736945409e-12,4.62402989163e-12,5.77713051009e-12,4.36665373998e-12,9.67607070856e-12,6.80205284459e-12,6.25885844888e-12],"var":[5.88647139921e-7,0.000104827289761,0.0000223370279855,0.0000384670856874,0.0000165877572726,0.00000440855637862,0.00000667446829539,0.0000139711200973,0.00000528325699634,0.0000014660342913,0.00000260659271589,0.00000374020646632,0.00000246932063419,6.53399183648e-7,4.909652489e-7,1.91578024555e-7,4.05389613434e-7,1.90201888017e-7,3.72642972479e-7,3.8933774249e-7,4.23878759648e-7,2.72320448857e-7,3.56829445991e-7,4.4893781137e-7,3.4927654724e-7,1.5227639949e-7,2.78129963505e-9]},"barkbands_crest":{"dmean":2.28289604187,"dmean2":3.65694069862,"dvar":5.12900543213,"dvar2":12.8345375061,"max":26.8192596436,"mean":9.75884723663,"median":8.85118675232,"min":2.28973579407,"var":18.4312171936},"barkbands_flatness_db":{"dmean":0.0202597826719,"dmean2":0.029376020655,"dvar":0.000424824771471,"dvar2":0.000899523613043,"max":0.603872179985,"mean":0.152895078063,"median":0.136129975319,"min":0.0204245429486,"var":0.00698921363801},"barkbands_kurtosis":{"dmean":4.15514230728,"dmean2":6.44081354141,"dvar":133.778915405,"dvar2":306.269012451,"max":716.029418945,"mean":9.44375610352,"median":3.16304016113,"min":-1.92716872692,"var":977.121520996},"barkbands_skewness":{"dmean":0.558393418789,"dmean2":0.844902932644,"dvar":0.438870370388,"dvar2":0.985289990902,"max":25.9830570221,"mean":1.87178421021,"median":1.53130602837,"min":-2.93043899536,"var":3.58982801437},"barkbands_spread":{"dmean":5.5004734993,"dmean2":8.4521818161,"dvar":67.2669372559,"dvar2":153.358230591,"max":103.945152283,"mean":20.8127155304,"median":17.2451820374,"min":0.222830846906,"var":273.832946777},"dissonance":{"dmean":0.021638346836,"dmean2":0.0355683639646,"dvar":0.00051071960479,"dvar2":0.00132322171703,"max":0.500000119209,"mean":0.442815124989,"median":0.458734452724,"min":0.165519326925,"var":0.00248778867535},"dynamic_complexity":4.9731965065,"erbbands":{"dmean":[0.120863802731,0.735064446926,1.8587116003,4.70241546631,7.31343507767,3.23730158806,2.91382980347,4.96696281433,8.60828781128,11.0542316437,17.2974967957,12.6271333694,8.91102409363,7.54625082016,12.7725019455,16.7012825012,15.3435344696,10.1376190186,9.87634372711,5.94968318939,7.10142326355,9.28423023224,6.78457641602,8.72540283203,8.27772903442,7.39986276627,6.11154747009,5.70676851273,4.27712869644,4.64304161072,3.61871886253,3.28312516212,2.17950725555,1.38919770718,1.07056963444,0.45974612236,0.166174054146,0.0276843998581,0.00217734719627,0.0000960278266575],"dmean2":[0.19973833859,1.28635239601,3.33497714996,7.98164367676,12.3601303101,5.32733058929,4.57045316696,7.67512321472,12.8213529587,16.3824501038,24.9430274963,18.3972320557,12.7284107208,10.8265199661,19.026676178,25.1974582672,23.4578952789,15.7674827576,15.1133975983,9.08396816254,11.0085811615,14.172700882,10.5729446411,13.7811574936,13.172252655,11.9614477158,10.0033302307,9.51881313324,6.69700717926,7.3890004158,5.65834856033,5.04987621307,3.36552286148,2.06746721268,1.62935817242,0.705473899841,0.252527981997,0.0421916209161,0.003325215308,0.000144749428728],"dvar":[0.156887203455,6.58288955688,28.7337341309,157.346481323,570.019592285,71.4369277954,39.8688163757,121.649665833,402.287536621,918.358398438,2649.39892578,1107.1862793,558.1875,449.070953369,3870.5925293,3593.01367188,2978.33398438,1785.1595459,809.653259277,181.309814453,271.776794434,442.570587158,277.696990967,529.879943848,668.321899414,650.961791992,635.248291016,667.451171875,217.414703369,298.651611328,161.718048096,125.073066711,64.9752578735,24.4811420441,17.2370891571,3.57707667351,0.315136641264,0.0091220876202,0.000058329111198,1.12882204917e-7],"dvar2":[0.382076412439,18.255569458,82.9281616211,430.472869873,1490.06164551,194.985366821,100.900360107,294.444793701,901.787658691,1990.40942383,5199.89746094,2396.67456055,1187.79101562,849.654541016,8411.96582031,8334.32421875,6914.21630859,4503.11767578,1877.68359375,437.344818115,658.974731445,1003.48699951,675.43560791,1309.84692383,1743.50354004,1672.59863281,1708.36547852,1842.70751953,542.825866699,771.386901855,397.589996338,300.639709473,161.899963379,57.2042160034,42.1249046326,8.73398303986,0.721910178661,0.0215163007379,0.000137123774039,2.63702645498e-7],"max":[4.72276210785,38.6837348938,86.8792648315,214.827865601,523.191894531,257.711517334,187.365646362,256.345306396,670.41394043,1068.67871094,2538.62695312,990.289855957,646.64251709,853.534973145,2642.97265625,2578.99072266,2629.640625,2474.72973633,983.235717773,374.767150879,584.944274902,450.213989258,370.564117432,448.940856934,689.014953613,715.457824707,615.818725586,611.636535645,350.717498779,446.480834961,257.745574951,261.480773926,216.748199463,142.154937744,89.2689819336,42.2127113342,15.0835037231,2.00253820419,0.183497309685,0.00777796050534],"mean":[0.103202871978,0.724189460278,2.36427283287,6.81213092804,9.93742465973,5.72719955444,6.20272111893,10.6038923264,18.4343967438,21.619354248,35.4418678284,26.6654090881,18.6896114349,16.5575180054,22.6497764587,30.7151145935,26.1992073059,16.3025608063,17.70520401,11.9025001526,14.6691455841,19.0177307129,13.6916780472,15.574593544,14.9986772537,13.0537414551,9.93326377869,7.96713542938,6.91186952591,7.31855106354,5.99559211731,5.62846183777,3.71866321564,2.31959414482,1.41913998127,0.585720181465,0.200569525361,0.0321664102376,0.00244834180921,0.000126364975586],"median":[0.00821919366717,0.181480467319,0.764230728149,2.78511810303,3.84540653229,2.77233314514,2.75091218948,3.9419002533,6.65460109711,6.31837272644,8.48005104065,6.59522151947,4.83769702911,3.872382164,2.82297110558,4.26703166962,3.76201725006,3.75512480736,4.18130683899,3.21697854996,2.7327542305,3.25492095947,2.96914243698,3.00092506409,2.80048894882,2.02661371231,1.53773486614,1.2828783989,1.02600216866,0.963493227959,0.771103620529,0.69799053669,0.445373117924,0.251548856497,0.115019097924,0.0340839400887,0.00850289687514,0.00113141117617,0.0000940953323152,0.0000239982800849],"min":[8.77149304301e-8,1.39451415748e-7,2.5304382234e-7,1.78454044431e-7,1.44505861499e-7,1.67157395481e-7,1.43323774182e-7,2.08182697747e-7,2.40529715256e-7,3.88777635862e-7,2.26875741305e-7,2.76296930224e-7,2.58944936604e-7,3.40874322546e-7,3.33816046805e-7,4.39949872089e-7,3.6779422885e-7,2.98582079949e-7,4.39253653894e-7,4.80281471482e-7,5.96407232933e-7,4.8264803354e-7,4.00023253633e-7,3.83997019071e-7,3.07160803459e-7,2.67976730584e-7,2.77454262232e-7,2.31474402312e-7,1.82890417477e-7,1.89601266243e-7,1.59850557679e-7,1.14070424218e-7,5.63474067405e-8,1.01212492609e-7,7.30727194309e-8,3.91765659913e-8,8.94227181192e-9,3.61574836738e-9,7.69435237746e-10,9.68480642904e-11],"var":[0.132827788591,4.46733236313,23.8534851074,166.875473022,542.13092041,96.4023590088,109.688674927,352.470245361,1205.00854492,2322.8581543,7889.97949219,3128.65869141,1513.96276855,1617.93066406,6186.15380859,7601.34521484,4647.85595703,2012.65637207,1679.2911377,438.041534424,695.20690918,1218.12390137,586.710083008,986.890014648,957.938415527,902.922180176,697.98651123,622.99029541,324.21472168,410.990600586,264.052124023,222.814239502,107.709632874,41.6092453003,21.0778579712,4.4199924469,0.446660757065,0.0118437334895,0.0000769163161749,1.48706249092e-7]},"erbbands_crest":{"dmean":2.55041503906,"dmean2":3.91925311089,"dvar":6.57046079636,"dvar2":14.9600658417,"max":32.8863372803,"mean":10.6212768555,"median":9.32606887817,"min":1.8194630146,"var":30.6357784271},"erbbands_flatness_db":{"dmean":0.0194407384843,"dmean2":0.0263568647206,"dvar":0.00044954099576,"dvar2":0.00080148584675,"max":0.475724637508,"mean":0.159294620156,"median":0.150093108416,"min":0.0220374558121,"var":0.00412330683321},"erbbands_kurtosis":{"dmean":1.52987706661,"dmean2":2.27718067169,"dvar":8.84502696991,"dvar2":18.9566936493,"max":101.494804382,"mean":2.24959778786,"median":0.362374603748,"min":-1.87444877625,"var":30.3126335144},"erbbands_skewness":{"dmean":0.386359781027,"dmean2":0.569520533085,"dvar":0.173540964723,"dvar2":0.378147423267,"max":8.35107135773,"mean":0.819038450718,"median":0.660724282265,"min":-3.63080334663,"var":1.08313715458},"erbbands_spread":{"dmean":9.22312736511,"dmean2":13.8060712814,"dvar":163.817092896,"dvar2":348.57522583,"max":173.12902832,"mean":38.5737762451,"median":32.6536331177,"min":0.972348570824,"var":622.556335449},"gfcc":{"cov":[[17226.6132812,-3402.11035156,-1932.4543457,545.229736328,-390.887359619,792.85546875,37.8847160339,648.475646973,-628.445678711,76.1200561523,-392.409332275,48.1475601196,-229.322036743],[-3402.11035156,2368.99804688,43.2083244324,-298.108123779,198.822769165,-345.444519043,22.1785888672,-225.837982178,309.590209961,-139.179367065,163.02885437,-166.456512451,118.918983459],[-1932.4543457,43.2083244324,1277.77929688,14.4255180359,36.3569107056,-60.4500923157,-48.8227615356,-84.6707000732,48.3839378357,74.5871429443,3.66864013672,116.925460815,-23.0079078674],[545.229736328,-298.108123779,14.4255180359,369.901092529,39.1542129517,103.10484314,25.5138244629,25.5109939575,-53.7131538391,-20.3328037262,-13.3109560013,-0.267065703869,13.1179704666],[-390.887359619,198.822769165,36.3569107056,39.1542129517,341.112457275,22.8252258301,96.4779129028,15.7769622803,10.6199817657,2.90294671059,-8.39774513245,7.21612787247,30.8980236053],[792.85546875,-345.444519043,-60.4500923157,103.10484314,22.8252258301,282.953094482,85.3271560669,71.0638046265,-85.1160888672,-8.88659286499,-23.0025482178,4.16434431076,-7.29423332214],[37.8847160339,22.1785888672,-48.8227615356,25.5138244629,96.4779129028,85.3271560669,175.526199341,61.1044120789,-14.7629413605,-5.2978720665,-6.25194358826,-9.50992965698,2.23707962036],[648.475646973,-225.837982178,-84.6707000732,25.5109939575,15.7769622803,71.0638046265,61.1044120789,164.555023193,1.73478138447,9.84445095062,-36.2351493835,10.7853851318,-2.74777054787],[-628.445678711,309.590209961,48.3839378357,-53.7131538391,10.6199817657,-85.1160888672,-14.7629413605,1.73478138447,172.512191772,37.6956787109,23.7262744904,-30.1159591675,17.8467216492],[76.1200561523,-139.179367065,74.5871429443,-20.3328037262,2.90294671059,-8.88659286499,-5.2978720665,9.84445095062,37.6956787109,128.581634521,24.5052337646,16.5874404907,-12.28789711],[-392.409332275,163.02885437,3.66864013672,-13.3109560013,-8.39774513245,-23.0025482178,-6.25194358826,-36.2351493835,23.7262744904,24.5052337646,121.943199158,19.8174591064,-0.28076672554],[48.1475601196,-166.456512451,116.925460815,-0.267065703869,7.21612787247,4.16434431076,-9.50992965698,10.7853851318,-30.1159591675,16.5874404907,19.8174591064,119.913887024,19.13854599],[-229.322036743,118.918983459,-23.0079078674,13.1179704666,30.8980236053,-7.29423332214,2.23707962036,-2.74777054787,17.8467216492,-12.28789711,-0.28076672554,19.13854599,95.1022262573]],"icov":[[0.000125881560962,0.0000109248612716,0.000198198991711,-0.000124793077703,0.0000877696220414,-0.000143077384564,0.000169791048393,-0.000269832176855,0.000239221815718,-0.000262298650341,0.00031604320975,-0.000189504760783,0.000264050118858],[0.0000109248612716,0.00167842465453,-0.000241043540882,0.00101474719122,-0.000853610050399,0.000867330818437,-0.000820996181574,0.00120463292114,-0.00190807855688,0.00260071875528,-0.00218136468902,0.00219165184535,-0.001626120531],[0.000198198991711,-0.000241043540882,0.00138427596539,-0.000556797313038,0.000166249257745,-0.000398290838348,0.000346798799001,0.000268191448413,-0.0000359740988642,-0.00117849442177,0.00147452426609,-0.00206811632961,0.00138108280953],[-0.000124793077703,0.00101474719122,-0.000556797313038,0.00392251834273,-0.000971790461335,-0.000317560421536,-0.000257379841059,0.000589277013205,-0.000637818593532,0.00214619725011,-0.00194537104107,0.00218690210022,-0.00197994103655],[0.0000877696220414,-0.000853610050399,0.000166249257745,-0.000971790461335,0.00423919316381,-0.000250793236773,-0.00183895730879,-0.000288337585516,0.000811414502095,-0.00176883477252,0.00183694856241,-0.00161236524582,0.0000407793850172],[-0.000143077384564,0.000867330818437,-0.000398290838348,-0.000317560421536,-0.000250793236773,0.00621562078595,-0.00258009857498,-0.00069283292396,0.00125840492547,0.00114383536857,-0.00162038113922,0.00195008481387,-0.00136879493948],[0.000169791048393,-0.000820996181574,0.000346798799001,-0.000257379841059,-0.00183895730879,-0.00258009857498,0.00957172643393,-0.00372383813374,0.001733114128,-0.00115297851153,0.00025373272365,0.000121101242257,0.00112442229874],[-0.000269832176855,0.00120463292114,0.000268191448413,0.000589277013205,-0.000288337585516,-0.00069283292396,-0.00372383813374,0.0108357528225,-0.00445008883253,0.00156019697897,0.00119661202189,-0.0011663994519,-0.000457208225271],[0.000239221815718,-0.00190807855688,-0.0000359740988642,-0.000637818593532,0.000811414502095,0.00125840492547,0.001733114128,-0.00445008883253,0.0121504049748,-0.0057917246595,0.000859171501361,0.00154557300266,-0.000631362199783],[-0.000262298650341,0.00260071875528,-0.00117849442177,0.00214619725011,-0.00176883477252,0.00114383536857,-0.00115297851153,0.00156019697897,-0.0057917246595,0.0140531472862,-0.00565185397863,0.00245354045182,-0.00133885396644],[0.00031604320975,-0.00218136468902,0.00147452426609,-0.00194537104107,0.00183694856241,-0.00162038113922,0.00025373272365,0.00119661202189,0.000859171501361,-0.00565185397863,0.0141335325316,-0.00670285662636,0.00392143940553],[-0.000189504760783,0.00219165184535,-0.00206811632961,0.00218690210022,-0.00161236524582,0.00195008481387,0.000121101242257,-0.0011663994519,0.00154557300266,0.00245354045182,-0.00670285662636,0.0158232450485,-0.00653970427811],[0.000264050118858,-0.001626120531,0.00138108280953,-0.00197994103655,0.0000407793850172,-0.00136879493948,0.00112442229874,-0.000457208225271,-0.000631362199783,-0.00133885396644,0.00392143940553,-0.00653970427811,0.0149075286463]],"mean":[-41.8461875916,89.4566955566,-93.9122314453,26.0008296967,-61.2437019348,10.5818119049,-40.8522529602,8.14897632599,-23.5676631927,-0.539862394333,-16.8663654327,-6.07177734375,-18.0474758148]},"hfc":{"dmean":8.51366901398,"dmean2":12.0603837967,"dvar":659.742614746,"dvar2":1500.33972168,"max":446.572967529,"mean":21.4881515503,"median":9.04275035858,"min":0.00000111726001251,"var":1350.98486328},"melbands":{"dmean":[0.000995842157863,0.000967529194895,0.000909235328436,0.000369289977243,0.0000966621446423,0.000116955743579,0.000131697102915,0.000128471350763,0.000136433314765,0.0000776005617809,0.0000442804703198,0.0000302012758766,0.000037383124436,0.0000428794592153,0.0000431788757851,0.0000343332030752,0.0000187746936717,0.0000164387693076,0.0000119352853289,0.00000822600941319,0.0000093582266345,0.000010961796761,0.0000074979893725,0.00000591144953432,0.00000775449552748,0.00000653629058434,0.00000623683990852,0.00000494340883961,0.00000383403767046,0.00000411282962887,0.00000310288737637,0.00000245787691711,0.00000263523338617,0.00000273134833151,0.00000220111087401,0.00000198976044885,0.00000214487272387,0.00000168774647591,0.00000123711788547,0.00000118632135582],"dmean2":[0.00163573829923,0.00172293803189,0.00153681554366,0.000614316377323,0.000152339154738,0.000179086011485,0.000197010798729,0.000189382000826,0.000197728877538,0.000113051726657,0.0000634965035715,0.0000435240654042,0.0000558539104532,0.0000643140665488,0.0000655594049022,0.000053286585171,0.0000295697627735,0.0000253160123975,0.0000182241619768,0.0000126213053591,0.000014703301531,0.0000168523492903,0.0000116360588436,0.00000936402739171,0.000012330001482,0.0000104492510218,0.0000100900906546,0.00000803443890618,0.00000629351188763,0.00000695119979355,0.00000517548505741,0.00000388039461541,0.00000420309152105,0.00000440657549916,0.00000348829121322,0.00000310583800456,0.00000333170009981,0.00000266156939688,0.0000019186627469,0.00000179499511432],"dvar":[0.0000108123904283,0.0000089095419753,0.00000642180111754,0.00000125496410419,4.17793195595e-8,6.33967118802e-8,9.38995370348e-8,1.16408415352e-7,1.52801106879e-7,4.62072016205e-8,1.43706024858e-8,7.55856532919e-9,2.62400021711e-8,2.39533299862e-8,2.01519316789e-8,2.52695926406e-8,7.78241826538e-9,2.41644637633e-9,8.53854931204e-10,3.9265263263e-10,5.34332300628e-10,6.14559292345e-10,3.08453984577e-10,2.3614091238e-10,4.16400802727e-10,4.22074541984e-10,3.30616756195e-10,3.01457747653e-10,2.49938209018e-10,3.5732430903e-10,1.74348369075e-10,6.9260562563e-11,8.66902799546e-11,1.10047616853e-10,5.97742549902e-11,5.01694519262e-11,5.1830244957e-11,4.06710568002e-11,1.89958014596e-11,1.81757178752e-11],"dvar2":[0.0000269692081929,0.0000254193491855,0.0000169997219928,0.00000331622300109,1.06040715764e-7,1.50247529973e-7,2.10097837794e-7,2.45458608106e-7,3.05506972609e-7,9.94549722577e-8,3.05084704166e-8,1.43392586693e-8,5.67109239569e-8,5.42232108103e-8,4.64162646097e-8,5.90793192146e-8,1.99314644789e-8,5.63977842205e-9,2.04129890768e-9,9.26755228114e-10,1.32690591848e-9,1.39595257576e-9,7.23312409967e-10,5.8482918508e-10,1.0347555035e-9,1.10784204033e-9,8.42882930119e-10,7.84189990721e-10,6.72678912572e-10,9.96990934254e-10,4.75818384693e-10,1.7329887525e-10,2.20766058212e-10,2.90401952485e-10,1.4930261194e-10,1.22549775883e-10,1.26634744357e-10,1.04150715829e-10,4.62600791007e-11,4.24605559046e-11],"max":[0.0438102334738,0.0425820983946,0.0463881976902,0.0229745488614,0.00531955622137,0.00598685862496,0.00858903955668,0.0118300486356,0.0185737013817,0.006696106866,0.00316628091969,0.00312732160091,0.00665116123855,0.00532455882058,0.00650181528181,0.0103435646743,0.00568745099008,0.00146470160689,0.000773386156652,0.000502966810018,0.000876001664437,0.000532527163159,0.000405877945013,0.000491077895276,0.000408503605286,0.00052277155919,0.000507256540004,0.0004529824364,0.000500612019096,0.00044253320084,0.000310598319629,0.000206273791264,0.000217163673369,0.000310390634695,0.000174238943146,0.000180424962309,0.0001555824565,0.000167861158843,0.000113143454655,0.000128517276607],"mean":[0.00091607007198,0.00116416765377,0.00131508801132,0.00056468625553,0.000209619043744,0.00025524594821,0.000283933040919,0.000251138757449,0.000278519844869,0.000159816656378,0.0000881444066181,0.0000632775991107,0.0000657737036818,0.0000762939380365,0.0000739889510442,0.0000516595791851,0.0000273427795037,0.0000272794077318,0.0000211982642213,0.0000145488302223,0.0000176134835783,0.0000209722875297,0.0000143873166962,0.0000110188138933,0.0000127373077703,0.0000106627076093,0.0000106648285509,0.0000080456957221,0.00000614037980995,0.00000553437348572,0.00000425448206443,0.00000380925780519,0.00000401575698561,0.00000408779851568,0.00000346300521414,0.00000326202962242,0.00000353955829269,0.00000273426121566,0.00000211224914892,0.00000188195986084],"median":[0.000130513653858,0.000376361422241,0.000548231764697,0.00026197603438,0.0000959717726801,0.0000968217209447,0.0000995400478132,0.0000666138876113,0.0000605322493357,0.0000323478379869,0.0000203441031772,0.0000123250574688,0.00000838123742142,0.00000955025916483,0.00000961705791269,0.00000601916053711,0.00000514555904374,0.00000529611406819,0.00000456715724795,0.00000257769534073,0.00000303516458189,0.00000318321053783,0.00000269431961897,0.00000215643058254,0.00000220014680963,0.00000181558721124,0.00000182622511602,0.00000106045376924,9.10503331397e-7,7.81477297096e-7,6.31294255982e-7,5.48633465769e-7,5.36990569344e-7,5.02295847582e-7,4.45094826773e-7,3.85281794024e-7,4.22758716923e-7,3.23231233779e-7,2.36284520838e-7,1.93224806821e-7],"min":[7.46971262622e-10,1.48725323723e-10,4.10302104792e-11,1.23579931011e-11,5.19889903697e-12,4.37232628575e-12,3.46139891923e-12,4.22011557644e-12,1.62411100194e-12,1.4870923503e-12,1.29454075497e-12,1.15959488105e-12,8.46153984553e-13,8.26513282728e-13,8.05225298332e-13,7.75744486009e-13,5.36138841656e-13,6.14742089698e-13,6.8002987139e-13,4.71412297219e-13,6.65994061115e-13,4.92462245028e-13,3.49654387475e-13,3.4608367604e-13,3.07294418861e-13,2.57228971196e-13,1.94381159389e-13,1.78288563383e-13,1.85045975396e-13,1.33861482012e-13,1.35869668381e-13,1.07251501517e-13,8.30704455961e-14,1.14968784818e-13,1.01906743948e-13,6.5259775394e-14,6.9795006634e-14,2.18926185367e-14,6.80249381672e-14,9.47230846277e-14],"var":[0.00000889325565367,0.0000066533007157,0.00000674584725857,0.00000127170778796,1.09792679837e-7,1.9826575226e-7,2.84750541368e-7,3.17086715995e-7,4.63766383518e-7,1.31493052891e-7,3.74631348166e-8,2.64969042263e-8,4.45414904959e-8,4.57596911474e-8,4.11690059821e-8,3.22088133942e-8,8.1244726502e-9,4.55838611302e-9,1.85339699144e-9,8.59679660792e-10,1.16832876706e-9,1.58029522801e-9,7.32905125478e-10,4.29095009524e-10,7.4134931527e-10,5.50247347686e-10,5.15062215101e-10,3.87266191337e-10,2.69766070593e-10,3.15860504418e-10,1.72569875057e-10,1.00827499128e-10,1.20887438948e-10,1.40159828188e-10,9.13092795818e-11,8.16136880299e-11,8.99848043301e-11,6.15596046361e-11,3.38027973668e-11,2.89758651101e-11]},"melbands_crest":{"dmean":3.10530090332,"dmean2":4.94968128204,"dvar":9.21502017975,"dvar2":23.5258350372,"max":39.3222541809,"mean":14.1055698395,"median":13.1237506866,"min":2.66409993172,"var":29.4936275482},"melbands_flatness_db":{"dmean":0.0251213945448,"dmean2":0.0370954684913,"dvar":0.000705188664142,"dvar2":0.00156582926866,"max":0.752722322941,"mean":0.2258040905,"median":0.209552034736,"min":0.0229376927018,"var":0.0101765030995},"melbands_kurtosis":{"dmean":9.66031360626,"dmean2":15.1969366074,"dvar":625.046386719,"dvar2":1490.77490234,"max":1064.66748047,"mean":19.0546607971,"median":8.60993385315,"min":-1.87476789951,"var":1821.30310059},"melbands_skewness":{"dmean":0.798073887825,"dmean2":1.21067738533,"dvar":1.15173327923,"dvar2":2.60577535629,"max":30.1413040161,"mean":2.7029132843,"median":2.22738218307,"min":-2.15074062347,"var":4.87187051773},"melbands_spread":{"dmean":5.84127283096,"dmean2":9.17046737671,"dvar":97.843788147,"dvar2":218.268920898,"max":229.354171753,"mean":20.5005130768,"median":14.8891029358,"min":0.368639111519,"var":365.341003418},"mfcc":{"cov":[[15018.5351562,-2852.03808594,-1593.73974609,-311.962371826,-358.743591309,39.721786499,611.88092041,372.753143311,144.366119385,205.985809326,-116.158912659,42.3592224121,-62.333026886],[-2852.03808594,2091.82128906,98.4368896484,-0.92145973444,98.8310317993,-114.391746521,-223.209899902,-84.5353164673,-2.88195586205,-6.9643535614,61.03332901,-0.439122080803,-9.84531211853],[-1593.73974609,98.4368896484,945.513183594,107.776245117,78.3119430542,61.57289505,-99.585723877,-49.1238670349,-62.1673164368,-43.5985145569,27.3042259216,-37.0353317261,10.9248762131],[-311.962371826,-0.92145973444,107.776245117,273.810791016,95.5563354492,42.4710617065,10.2949304581,-14.8586626053,21.1750774384,-19.6443195343,-8.5718164444,5.05477714539,6.47707080841],[-358.743591309,98.8310317993,78.3119430542,95.5563354492,190.340087891,54.6587028503,12.9393720627,5.03612375259,27.8313484192,-18.2074928284,-2.9591023922,6.0279750824,13.2154531479],[39.721786499,-114.391746521,61.57289505,42.4710617065,54.6587028503,166.163162231,96.9594497681,19.8615989685,13.8740091324,-6.77990198135,-3.54430675507,-4.63590478897,4.67558097839],[611.88092041,-223.209899902,-99.585723877,10.2949304581,12.9393720627,96.9594497681,251.054946899,102.902130127,32.000995636,4.67404747009,-12.9755992889,5.28356313705,5.49963998795],[372.753143311,-84.5353164673,-49.1238670349,-14.8586626053,5.03612375259,19.8615989685,102.902130127,155.348342896,50.05128479,2.84125304222,-8.78866577148,-0.435235530138,-3.20544719696],[144.366119385,-2.88195586205,-62.1673164368,21.1750774384,27.8313484192,13.8740091324,32.000995636,50.05128479,158.247070312,43.4760856628,-0.416820466518,0.157044991851,-5.56150388718],[205.985809326,-6.9643535614,-43.5985145569,-19.6443195343,-18.2074928284,-6.77990198135,4.67404747009,2.84125304222,43.4760856628,127.25328064,45.2102622986,-9.46735858917,-13.7770576477],[-116.158912659,61.03332901,27.3042259216,-8.5718164444,-2.9591023922,-3.54430675507,-12.9755992889,-8.78866577148,-0.416820466518,45.2102622986,99.846206665,26.757648468,-0.604623436928],[42.3592224121,-0.439122080803,-37.0353317261,5.05477714539,6.0279750824,-4.63590478897,5.28356313705,-0.435235530138,0.157044991851,-9.46735858917,26.757648468,105.386077881,45.9912910461],[-62.333026886,-9.84531211853,10.9248762131,6.47707080841,13.2154531479,4.67558097839,5.49963998795,-3.20544719696,-5.56150388718,-13.7770576477,-0.604623436928,45.9912910461,89.0959777832]],"icov":[[0.000120416545542,0.000141380471177,0.000153188389959,0.0000406381150242,0.0000475875749544,0.0000302505995933,-0.0000712799956091,-0.000119618038298,0.0000337738238159,-0.000152482170961,0.0000852413504617,-0.0000656715928926,0.0000825881870696],[0.000141380471177,0.000735377601814,0.000187397701666,0.000148339022417,-0.000387436215533,0.000325721921399,0.000294723315164,-0.0000884123292053,-0.0000478230213048,-0.00000743562668504,-0.000300175102893,0.000041887495172,0.00013761750597],[0.000153188389959,0.000187397701666,0.00156439142302,-0.000374175084289,-0.000146306934766,-0.000774986692704,0.000807417731266,-0.000454191002063,0.000518904591445,0.000244197930442,-0.000689883891027,0.00080582551891,-0.000391047535231],[0.0000406381150242,0.000148339022417,-0.000374175084289,0.00474291015416,-0.00205653253943,-0.0000942679107538,-0.000450265215477,0.00095641205553,-0.000743537326343,0.000365487590898,0.000384027109249,-0.000458666210761,0.000367569737136],[0.0000475875749544,-0.000387436215533,-0.000146306934766,-0.00205653253943,0.00755639886484,-0.00218457286246,0.000341798702721,-0.00042087995098,-0.00115780136548,0.000815526524093,-0.0000446063168056,-0.0000926186039578,-0.000783158873674],[0.0000302505995933,0.000325721921399,-0.000774986692704,-0.0000942679107538,-0.00218457286246,0.00970561243594,-0.004417240154,0.00175434618723,-0.000560523418244,0.000424413592555,-0.000472186657134,0.000663173792418,-0.00000537397954758],[-0.0000712799956091,0.000294723315164,0.000807417731266,-0.000450265215477,0.000341798702721,-0.004417240154,0.0082783754915,-0.00458536436781,0.000652710848954,-0.000430356973084,0.000250446377322,-0.000197344445041,-0.000500668247696],[-0.000119618038298,-0.0000884123292053,-0.000454191002063,0.00095641205553,-0.00042087995098,0.00175434618723,-0.00458536436781,0.0103862499818,-0.00297343730927,0.00128038821276,-0.000149258732563,0.000183040145203,0.000436667207396],[0.0000337738238159,-0.0000478230213048,0.000518904591445,-0.000743537326343,-0.00115780136548,-0.000560523418244,0.000652710848954,-0.00297343730927,0.00867633614689,-0.003658026224,0.00151595624629,-0.000706024002284,0.000413333094912],[-0.000152482170961,-0.00000743562668504,0.000244197930442,0.000365487590898,0.000815526524093,0.000424413592555,-0.000430356973084,0.00128038821276,-0.003658026224,0.0120884031057,-0.00637832935899,0.00289713148959,-0.000132494271384],[0.0000852413504617,-0.000300175102893,-0.000689883891027,0.000384027109249,-0.0000446063168056,-0.000472186657134,0.000250446377322,-0.000149258732563,0.00151595624629,-0.00637832935899,0.0149491308257,-0.00567253585905,0.0022316519171],[-0.0000656715928926,0.000041887495172,0.00080582551891,-0.000458666210761,-0.0000926186039578,0.000663173792418,-0.000197344445041,0.000183040145203,-0.000706024002284,0.00289713148959,-0.00567253585905,0.0147865153849,-0.00737644731998],[0.0000825881870696,0.00013761750597,-0.000391047535231,0.000367569737136,-0.000783158873674,-0.00000537397954758,-0.000500668247696,0.000436667207396,0.000413333094912,-0.000132494271384,0.0022316519171,-0.00737644731998,0.0153093039989]],"mean":[-690.46875,121.271896362,21.1744689941,19.027973175,5.48365116119,0.065071426332,-2.82358050346,1.73260211945,-3.98377156258,1.56931734085,0.494781970978,0.695770561695,-2.68186664581]},"pitch_salience":{"dmean":0.0625513866544,"dmean2":0.0992318019271,"dvar":0.00346057233401,"dvar2":0.0088026765734,"max":0.856040477753,"mean":0.539730489254,"median":0.551082372665,"min":0.0306618046016,"var":0.0151369059458},"silence_rate_20dB":{"dmean":0,"dmean2":0,"dvar":0,"dvar2":0,"max":1,"mean":1,"median":1,"min":1,"var":0},"silence_rate_30dB":{"dmean":0.0230198763311,"dmean2":0.0460424833,"dvar":0.0224899612367,"dvar2":0.0555518604815,"max":1,"mean":0.98160892725,"median":1,"min":0,"var":0.0180528461933},"silence_rate_60dB":{"dmean":0.0336991995573,"dmean2":0.0674024000764,"dvar":0.0325635634363,"dvar2":0.0721152797341,"max":1,"mean":0.146594688296,"median":0,"min":0,"var":0.125104680657},"spectral_centroid":{"dmean":203.296676636,"dmean2":318.366088867,"dvar":81895.6015625,"dvar2":185074.703125,"max":10989.4150391,"mean":1138.18395996,"median":973.789428711,"min":148.261642456,"var":502155.875},"spectral_complexity":{"dmean":2.75633335114,"dmean2":4.05719709396,"dvar":16.2779159546,"dvar2":28.7627182007,"max":63,"mean":15.6073799133,"median":11,"min":0,"var":153.065948486},"spectral_contrast_coeffs":{"dmean":[0.0486595369875,0.042047187686,0.0368581563234,0.0295987967402,0.0214005988091,0.0154672479257],"dmean2":[0.0809180140495,0.0667675733566,0.0565680228174,0.0462181977928,0.033466912806,0.02468056418],"dvar":[0.00179594231304,0.00127113610506,0.000987587263808,0.000651985756122,0.000369561341358,0.000217609573156],"dvar2":[0.00487018935382,0.00311461579986,0.00218352559023,0.00148535706103,0.000819182780106,0.000514458282851],"max":[-0.289756774902,-0.293622344732,-0.441347271204,-0.513177335262,-0.556943058968,-0.638549506664],"mean":[-0.619510173798,-0.702800273895,-0.748640179634,-0.767192184925,-0.792053818703,-0.797078430653],"median":[-0.622326493263,-0.710807323456,-0.75492143631,-0.774059295654,-0.794260382652,-0.796452641487],"min":[-0.960016012192,-0.956488609314,-0.954838573933,-0.961501955986,-0.957807719707,-0.956474661827],"var":[0.00594136398286,0.00785786472261,0.00551951443776,0.00438808090985,0.00251094368286,0.00140702223871]},"spectral_contrast_valleys":{"dmean":[0.414590835571,0.325149208307,0.305942952633,0.286814242601,0.271830290556,0.321735620499],"dmean2":[0.667949616909,0.522988975048,0.476852595806,0.431969374418,0.387274324894,0.416201919317],"dvar":[0.162939965725,0.0901748389006,0.0902639776468,0.0941933989525,0.124135434628,0.1933388412],"dvar2":[0.349685549736,0.201150417328,0.183432474732,0.175294563174,0.228829160333,0.35615876317],"max":[-4.73306035995,-4.70737457275,-5.52497768402,-5.58984136581,-4.97046136856,-6.93747901917],"mean":[-7.67480897903,-7.15742349625,-8.09439086914,-8.55725288391,-8.31056785583,-10.3482990265],"median":[-7.57548379898,-6.9651594162,-7.90512943268,-8.37446212769,-8.10296821594,-10.0763492584],"min":[-27.4363670349,-27.641456604,-27.4777812958,-27.1902751923,-27.2322425842,-27.3424396515],"var":[1.21873807907,1.48167431355,1.85132324696,2.0332672596,2.41587495804,2.6374604702]},"spectral_decrease":{"dmean":2.36383668195e-9,"dmean2":3.73195252479e-9,"dvar":3.43189030517e-17,"dvar2":8.68253438689e-17,"max":-1.46747113447e-15,"mean":-5.18578380237e-9,"median":-3.26557159092e-9,"min":-9.65579829426e-8,"var":4.46963305137e-17},"spectral_energy":{"dmean":0.00953989103436,"dmean2":0.0149243753403,"dvar":0.000562484725378,"dvar2":0.00140485388692,"max":0.390716433525,"mean":0.0215213913471,"median":0.0133882202208,"min":5.63991564562e-9,"var":0.000774967076723},"spectral_energyband_high":{"dmean":0.000750467472244,"dmean2":0.00109575118404,"dvar":0.00000696560255165,"dvar2":0.0000166409663507,"max":0.0468501597643,"mean":0.00134312629234,"median":0.000236242325627,"min":4.68936348086e-11,"var":0.0000115427446872},"spectral_energyband_low":{"dmean":0.00575951300561,"dmean2":0.00951039977372,"dvar":0.000285445945337,"dvar2":0.000746182864532,"max":0.233385577798,"mean":0.0073199509643,"median":0.00239696586505,"min":3.37568129005e-9,"var":0.000250945828157},"spectral_energyband_middle_high":{"dmean":0.00134049169719,"dmean2":0.00194603600539,"dvar":0.0000106049456008,"dvar2":0.0000231082376558,"max":0.0882140174508,"mean":0.00400898605585,"median":0.00134971179068,"min":1.29166483065e-10,"var":0.0000361311103916},"spectral_energyband_middle_low":{"dmean":0.00419966550544,"dmean2":0.00665141968057,"dvar":0.0000984365542536,"dvar2":0.00024767688592,"max":0.197314977646,"mean":0.0104378778487,"median":0.0067750364542,"min":3.84424408972e-10,"var":0.000161754651344},"spectral_entropy":{"dmean":0.193163529038,"dmean2":0.264495491982,"dvar":0.0545387528837,"dvar2":0.100670337677,"max":9.7913980484,"mean":7.3169260025,"median":7.50332164764,"min":3.69105362892,"var":0.614755392075},"spectral_flux":{"dmean":0.023645946756,"dmean2":0.0357525199652,"dvar":0.00162572378758,"dvar2":0.00347635522485,"max":0.568088650703,"mean":0.066601254046,"median":0.0506388619542,"min":0.0000339618745784,"var":0.00377046805806},"spectral_kurtosis":{"dmean":2.29144215584,"dmean2":3.61980175972,"dvar":20.6746311188,"dvar2":52.7248306274,"max":145.791366577,"mean":6.93213748932,"median":3.65949416161,"min":-1.24138462543,"var":130.246200562},"spectral_rms":{"dmean":0.000769694452174,"dmean2":0.00114461581688,"dvar":0.00000176814489805,"dvar2":0.00000405320315622,"max":0.0195240043104,"mean":0.00395876169205,"median":0.00361409434117,"min":0.00000234571029978,"var":0.00000532468675374},"spectral_rolloff":{"dmean":523.566650391,"dmean2":895.799926758,"dvar":1299441.5,"dvar2":3218263.25,"max":14427.2460938,"mean":1427.4510498,"median":710.595703125,"min":21.533203125,"var":2689624},"spectral_skewness":{"dmean":0.264582186937,"dmean2":0.398761510849,"dvar":0.132440060377,"dvar2":0.300111472607,"max":10.7181577682,"mean":1.89939236641,"median":1.5795314312,"min":-0.235108032823,"var":1.13544166088},"spectral_spread":{"dmean":745110.125,"dmean2":1025328.375,"dvar":1036115509250,"dvar2":1933860405250,"max":41157132,"mean":5321471.5,"median":5190980,"min":628280.125,"var":4486805323780},"spectral_strongpeak":{"dmean":0.450989663601,"dmean2":0.761669039726,"dvar":0.593887150288,"dvar2":1.47239303589,"max":10.6011781693,"mean":0.857267737389,"median":0.435272246599,"min":0,"var":1.0553239584},"zerocrossingrate":{"dmean":0.0107735907659,"dmean2":0.0127459252253,"dvar":0.000189082420547,"dvar2":0.000228517994401,"max":0.30712890625,"mean":0.0618808418512,"median":0.05322265625,"min":0,"var":0.00184880639426}},"metadata":{"audio_properties":{"analysis_sample_rate":44100,"bit_rate":0,"codec":"flac","downmix":"mix","equal_loudness":0,"length":391.359985352,"lossless":true,"md5_encoded":"275275cdb675d63f184abe41e82b3925","replay_gain":-5.31023788452},"tags":{"acoustid_id":["7216193f-bc3c-48cf-8349-8fef29db1ace"],"album":["Crest of a Knave"],"albumartist":["Jethro Tull"],"albumartistsort":["Jethro Tull"],"artist":["Jethro Tull"],"artists":["Jethro Tull"],"artistsort":["Jethro Tull"],"asin":["B0007TFCK2"],"barcode":["4007192585618"],"catalognumber":["258 561-222"],"composer":["Ian Anderson"],"composersort":["Anderson, Ian"],"date":["1987"],"discnumber":["1"],"disctotal":["1"],"file_name":"02 Farm on the Freeway.flac","genre":["Progressive Rock"],"grouping":["Rock"],"label":["Chrysalis"],"language":["eng"],"lyricist":["Ian Anderson"],"media":["CD"],"musicbrainz_albumartistid":["ece57992-dc2e-4f67-a269-fa43626c1a3d"],"musicbrainz_albumid":["499af132-022e-3fc1-851a-5bde17759a2b"],"musicbrainz_artistid":["ece57992-dc2e-4f67-a269-fa43626c1a3d"],"musicbrainz_recordingid":["4c291a21-55c2-4c8b-98c6-cb81cc00ea64"],"musicbrainz_releasegroupid":["5c6d0e6c-c645-3530-908d-74c1a8e7c624"],"musicbrainz_releasetrackid":["025fd649-ca42-3a69-8ada-27b9ff39ea8d"],"musicbrainz_workid":["f7f74b87-613b-4bc1-be37-bb9d7e0ced1d"],"originaldate":["1987-09-11"],"originalyear":["1987"],"releasecountry":["DE"],"releasestatus":["official"],"releasetype":["album"],"replaygain_album_gain":["+0.31 dB"],"replaygain_album_peak":["1.000000"],"replaygain_track_gain":["+0.88 dB"],"replaygain_track_peak":["1.000000"],"script":["Latn"],"title":["Farm on the Freeway"],"totaldiscs":["1"],"totaltracks":["9"],"tracknumber":["2"],"tracktotal":["9"],"work":["Farm on the Freeway"]},"version":{"essentia":"2.1-beta1","essentia_build_sha":"ed039d7e5a6e3dec64cf0be7c36ef885fb432306","essentia_git_sha":"v2.1_beta1-7-ge0e8