{"lowlevel":{"average_loudness":0.876158475876,"barkbands":{"dmean":[0.00133882008959,0.00486205564812,0.00354171381332,0.0018905736506,0.00237998785451,0.00199068966322,0.00081329717068,0.000498319335748,0.000463768432382,0.000432840606663,0.000426145386882,0.000335726188496,0.000311806681566,0.000155933477799,0.000148666877067,0.000116387440357,0.000182393181603,0.000157246293384,0.000210783313378,0.000130510205054,0.0000993407156784,0.0000708866209607,0.000028253549317,0.0000820432833279,0.0000201007587748,0.0000604700762779,0.000117589021102],"dmean2":[0.00226099533029,0.00836955290288,0.00610238173977,0.00308400951326,0.00389712559991,0.0032112095505,0.0013144724071,0.000826349365525,0.000749030674342,0.000711416534614,0.000697111594491,0.000555437931325,0.000514291168656,0.000255743507296,0.000244089314947,0.00018826284213,0.000294009281788,0.000242980691837,0.000305206078338,0.000189966056496,0.000135194321047,0.0000926607535803,0.0000379132616217,0.000117590214359,0.0000299476942018,0.0000846524562803,0.000155888177687],"dvar":[0.00000983450900094,0.0000849053103593,0.0000230488949455,0.00000959519911703,0.0000137693159559,0.0000160340587172,0.00000281489337794,0.00000107398693672,0.00000116420210361,0.00000118175898933,0.00000162555545558,6.62813647523e-7,3.98597734375e-7,9.98945424158e-8,9.21508416241e-8,6.30805558899e-8,1.95137403125e-7,2.35759642919e-7,4.54220725032e-7,2.09353416381e-7,6.2252595967e-8,2.73080349444e-8,3.33384098106e-9,4.63712197529e-8,2.88502843837e-9,2.2696561075e-8,4.95106498022e-8],"dvar2":[0.0000250477642112,0.000233465238125,0.0000638809142401,0.0000233269693126,0.0000342837520293,0.0000413488705817,0.00000696940560374,0.00000265941343969,0.0000028237850529,0.00000298441682389,0.0000041680900722,0.00000169948941675,0.00000100451211438,2.32833329505e-7,2.29286186482e-7,1.50312175151e-7,4.79905565953e-7,5.58145984542e-7,8.91881086318e-7,4.45018883966e-7,1.11878563303e-7,4.6511839713e-8,6.0024882842e-9,9.08932875632e-8,6.129601271e-9,4.34697291496e-8,8.3137940976e-8],"max":[0.0454770252109,0.142607346177,0.0689270347357,0.0547475516796,0.0705796405673,0.102451831102,0.0455921627581,0.0346104055643,0.0277545116842,0.0243657883257,0.0396619364619,0.0342265814543,0.0158726535738,0.00877885241061,0.0072455261834,0.00616480177268,0.0119578912854,0.0239440184087,0.0181426610798,0.0155346775427,0.00792244728655,0.00561759341508,0.00129073369317,0.00438344478607,0.000919577316381,0.00316323665902,0.00744514586404],"mean":[0.00155390519649,0.0066090170294,0.00448756339028,0.00269066821784,0.00371809047647,0.00279379007407,0.00126068224199,0.000725335790776,0.000665792264044,0.000627938832622,0.000624153006356,0.000546794559341,0.000502994109411,0.000259238498984,0.000251878256677,0.000200397364097,0.000263802998234,0.000270465563517,0.000367226224625,0.000234390885453,0.000176080939127,0.000123226185679,0.0000453296815977,0.0000799267654656,0.0000187818441191,0.0000641361184535,0.000320427556289],"median":[0.000546525116079,0.0038234742824,0.00264270417392,0.00132864923216,0.00215368485078,0.00118902593385,0.000605082139373,0.000358660472557,0.000285793212242,0.000257279636571,0.000219467474381,0.000236942461925,0.000241969100898,0.000136145303259,0.000125067686895,0.0000878528371686,0.0000903988984646,0.0000875761179486,0.0000925967469811,0.000060797061451,0.0000546251540072,0.0000332408453687,0.0000110181854325,0.00000233786909121,0.00000106957133994,0.00000526989606442,0.000170684521436],"min":[1.69189648422e-25,2.12971539596e-24,1.16827322113e-24,9.42194954812e-25,8.10460469009e-24,9.56162841545e-24,4.70910596258e-24,7.96404466513e-24,1.3517313049e-23,1.82183765746e-23,1.4031197553e-23,2.74394284937e-23,2.06009510786e-23,3.1152016173e-23,4.83925365467e-23,6.64222396809e-23,6.52140266294e-23,7.34578376591e-23,1.06190636423e-22,1.59834667347e-22,2.74811649154e-22,3.15702058539e-22,4.3814394905e-22,5.27878808151e-22,7.99730827893e-22,1.26240625588e-21,1.95349808816e-21],"var":[0.0000094875222203,0.0000876324120327,0.000030799787055,0.0000165654437296,0.0000248681990342,0.000022698628527,0.00000490048523716,0.00000171895874246,0.00000173110993273,0.00000170685791545,0.00000236755408878,0.00000127021223761,6.9998611707e-7,1.75139334146e-7,1.61887044214e-7,1.16437441022e-7,2.98843815472e-7,4.28139571795e-7,0.00000112127202101,4.56735364196e-7,1.59515181508e-7,7.43029957562e-8,7.53487316985e-9,5.86334358843e-8,3.27461480154e-9,3.04579792498e-8,2.34334805782e-7]},"barkbands_crest":{"dmean":2.68481183052,"dmean2":4.51389408112,"dvar":5.34226703644,"dvar2":14.5167293549,"max":26.2836380005,"mean":9.19700813293,"median":8.55666542053,"min":1.83941972256,"var":11.7706050873},"barkbands_flatness_db":{"dmean":0.0269030090421,"dmean2":0.0405750609934,"dvar":0.000563505629543,"dvar2":0.00119009031914,"max":0.357957571745,"mean":0.130047515035,"median":0.125246554613,"min":0.0144948102534,"var":0.00246711284854},"barkbands_kurtosis":{"dmean":4.83974027634,"dmean2":7.74603462219,"dvar":49.5854377747,"dvar2":118.052787781,"max":148.34866333,"mean":8.85999011993,"median":6.2291059494,"min":-1.82166457176,"var":105.119735718},"barkbands_skewness":{"dmean":0.641821920872,"dmean2":1.02487313747,"dvar":0.374957978725,"dvar2":0.896074652672,"max":10.369228363,"mean":2.28984189034,"median":2.2138864994,"min":-2.13826942444,"var":1.39578557014},"barkbands_spread":{"dmean":6.56869935989,"dmean2":9.77123737335,"dvar":57.0591583252,"dvar2":109.98361969,"max":114.093284607,"mean":21.648935318,"median":17.7267227173,"min":1.0422154665,"var":231.246688843},"dissonance":{"dmean":0.0176979172975,"dmean2":0.0301336217672,"dvar":0.000298646336887,"dvar2":0.000837912433781,"max":0.500000119209,"mean":0.470145702362,"median":0.475659817457,"min":0.271351933479,"var":0.000527814321686},"dynamic_complexity":4.61568498611,"erbbands":{"dmean":[0.172193482518,1.06579506397,3.69555282593,5.29497337341,7.67973232269,7.44219589233,14.6250085831,15.6955728531,10.9210453033,14.06681633,9.9352016449,10.1015453339,10.963341713,14.2030124664,15.8665876389,14.2548427582,14.3954563141,8.27790546417,6.87566661835,7.60721969604,6.91913700104,9.40481185913,7.65480422974,10.8232288361,9.24734687805,6.0037894249,4.60977745056,3.56845617294,2.72267198563,1.55583095551,0.773998022079,1.11913907528,1.63114309311,0.438103109598,0.0520735308528,0.295581012964,0.0966480150819,0.0279853846878,0.0125306863338,0.00328559684567],"dmean2":[0.292335838079,1.86080360413,6.38293933868,8.70703315735,12.7598247528,12.2554597855,23.9562110901,25.3004207611,17.5191402435,23.177444458,16.2659473419,16.3974437714,17.7007007599,23.2928562164,26.0112609863,23.5064067841,23.6442699432,13.5242710114,11.2769784927,12.4495639801,10.9796447754,15.0169448853,11.7108364105,15.9308166504,13.2740240097,8.72801113129,6.3152794838,4.91698408127,3.60570430756,2.05187225342,1.04219961166,1.59906744957,2.35419893265,0.630417644978,0.0766926854849,0.42286491394,0.135787516832,0.0347966589034,0.0156044661999,0.00459675397724],"dvar":[0.158224314451,3.32559704781,25.0773792267,67.485244751,165.408477783,152.289489746,1139.8782959,1122.15112305,588.141906738,790.127563477,594.085510254,614.595031738,672.750427246,1146.94580078,2321.24023438,1318.21569824,915.10949707,289.646820068,202.659561157,234.85244751,197.193313599,532.039550781,646.866699219,1090.9387207,926.721862793,432.996002197,187.799789429,63.7458839417,40.2495193481,12.6048851013,2.349827528,8.32649707794,18.9450683594,1.34468495846,0.014155020006,0.606547355652,0.0585315451026,0.00377755914815,0.00103244406637,0.0000269769516308],"dvar2":[0.430303424597,9.33308792114,70.4036712646,164.724304199,423.414642334,374.022613525,2989.32836914,2811.14404297,1334.22399902,2018.79187012,1419.98840332,1500.5246582,1635.72631836,3007.32006836,5913.60986328,3410.00024414,2276.27954102,653.896179199,493.888458252,574.758789062,461.620239258,1286.73962402,1581.97644043,2178.23803711,1802.7454834,895.544494629,344.62588501,117.642303467,70.0524597168,22.020816803,4.24838590622,16.541595459,37.6576538086,2.71724963188,0.0286357589066,1.20436489582,0.112792916596,0.00611488102004,0.00159880879801,0.0000519795830769],"max":[7.10951328278,26.4796333313,78.9093322754,141.781890869,315.704742432,343.451629639,1169.24157715,628.800292969,714.413391113,824.471191406,965.701416016,794.156433105,732.027160645,837.05682373,1533.71887207,1509.63537598,837.315673828,523.098754883,364.155975342,384.584686279,326.224182129,782.601257324,1494.5916748,980.604492188,832.245727539,784.874572754,477.86932373,221.699401855,223.936508179,124.035949707,38.6941299438,49.9623260498,89.7629241943,22.1143856049,2.23196005821,15.6193599701,4.87027215958,1.83813333511,1.39450216293,0.116041064262],"mean":[0.217302307487,1.38984775543,4.8165473938,7.92223262787,11.0903930664,10.9024505615,19.5946083069,21.8694705963,17.2818965912,20.7237281799,15.1399888992,14.855837822,16.5731048584,22.3408927917,25.5798339844,24.4952850342,24.224319458,14.8838043213,12.3790788651,13.2985391617,12.0060796738,14.3941717148,13.6520805359,19.0622081757,16.4537353516,10.9268341064,8.20390510559,6.21082258224,4.70786762238,2.62162303925,1.19101154804,1.17354738712,1.5472394228,0.411598324776,0.0524648614228,0.279320806265,0.105264738202,0.0531242080033,0.0298194624484,0.0104362769052],"median":[0.102599322796,0.791204988956,2.97222304344,4.33305597305,6.14743041992,5.83704280853,8.23590373993,9.20959281921,7.91082715988,9.92983150482,7.38937473297,6.48502731323,7.22258901596,9.48592662811,10.1167402267,10.6780147552,11.5090694427,8.12086009979,6.75026416779,6.42461252213,5.25871658325,5.0120882988,4.67404937744,5.13836479187,4.19851732254,2.85165166855,2.3469517231,1.94337749481,1.30653238297,0.647477507591,0.275094658136,0.0847848057747,0.026271821931,0.013125599362,0.00743063166738,0.00640649953857,0.00994227081537,0.0159650929272,0.0115932384506,0.00737076532096],"min":[7.57727594518e-23,6.79416842342e-22,1.93072255049e-21,3.71962926626e-21,1.41476981471e-20,3.07095519925e-20,4.22370537673e-20,7.00426557413e-20,1.68247373371e-19,1.35203562926e-19,2.0478103297e-19,2.800859145e-19,5.8949946592e-19,6.48413440495e-19,8.99058575278e-19,1.36943431362e-18,1.21074777811e-18,1.87917113121e-18,2.5091789759e-18,3.36307111159e-18,4.1968708234e-18,4.61515744761e-18,4.7687760543e-18,5.78868685444e-18,6.16495022199e-18,7.6550395813e-18,1.03410000822e-17,1.09918199979e-17,1.09609595436e-17,1.17683672308e-17,1.34116442357e-17,1.10776821726e-17,1.05870300661e-17,8.92919964555e-18,6.31841166436e-18,3.72150790975e-18,2.40453380417e-18,9.19341560886e-19,2.51562736576e-19,2.77201018717e-20],"var":[0.141607791185,3.63998436928,33.1345214844,123.992225647,251.128067017,264.683807373,1500.08056641,1562.859375,1188.09814453,1260.46765137,963.213256836,889.849487305,1029.98852539,1776.46850586,3531.45800781,2578.76171875,1679.44885254,546.474975586,353.879180908,447.663726807,391.169342041,908.154541016,1067.36804199,2586.04248047,2326.28881836,981.536987305,450.912353516,166.712997437,107.796104431,31.955532074,5.04857540131,10.8061656952,23.3324584961,1.62955749035,0.0179134272039,0.750488996506,0.0790716409683,0.0106385089457,0.00369231100194,0.00013181201939]},"erbbands_crest":{"dmean":2.60004901886,"dmean2":4.28519248962,"dvar":6.62511968613,"dvar2":16.713300705,"max":31.7346973419,"mean":7.56462049484,"median":6.49489545822,"min":2.25121307373,"var":15.0078306198},"erbbands_flatness_db":{"dmean":0.0221424456686,"dmean2":0.031192580238,"dvar":0.000370058929548,"dvar2":0.000744849035982,"max":0.29060921073,"mean":0.127124086022,"median":0.127839893103,"min":0.027054451406,"var":0.00150402158033},"erbbands_kurtosis":{"dmean":0.979727387428,"dmean2":1.54110753536,"dvar":2.67096543312,"dvar2":6.1021270752,"max":53.485294342,"mean":0.371538311243,"median":-0.225463867188,"min":-1.69499266148,"var":4.9440908432},"erbbands_skewness":{"dmean":0.384618967772,"dmean2":0.576983809471,"dvar":0.142526909709,"dvar2":0.300161987543,"max":6.85885953903,"mean":0.330033928156,"median":0.306478977203,"min":-3.75928902626,"var":0.660205364227},"erbbands_spread":{"dmean":9.27481269836,"dmean2":13.660654068,"dvar":79.2167205811,"dvar2":157.772598267,"max":130.457458496,"mean":40.0326728821,"median":37.1200790405,"min":3.82164359093,"var":283.960662842},"gfcc":{"cov":[[25691.6640625,-515.983886719,-1427.66455078,152.675582886,-382.386566162,-69.307800293,29.4468727112,-151.454956055,53.3000526428,-150.976303101,-33.143611908,154.858978271,-254.908218384],[-515.983886719,1260.46618652,-194.633239746,-273.243164062,227.558746338,-189.478927612,137.109222412,-178.014846802,88.7702026367,-63.4957847595,18.0054264069,-56.409488678,61.88256073],[-1427.66455078,-194.633239746,484.867858887,72.7837219238,-122.615196228,200.945053101,-152.155593872,140.438934326,-62.3329811096,74.5349884033,-11.2113008499,-23.6305866241,19.0672836304],[152.675582886,-273.243164062,72.7837219238,274.146697998,6.31427812576,-34.3428230286,58.1237220764,-14.2271957397,4.68666172028,8.53377819061,-11.3775367737,28.9490356445,-48.3921928406],[-382.386566162,227.558746338,-122.615196228,6.31427812576,222.426864624,-41.2902030945,114.696556091,-64.8564758301,35.6455802917,-35.4387588501,14.9025630951,-2.93887019157,12.5666475296],[-69.307800293,-189.478927612,200.945053101,-34.3428230286,-41.2902030945,307.110778809,-109.666633606,136.174453735,-74.012260437,49.1014328003,-1.1473249197,-11.9021081924,20.7406349182],[29.4468727112,137.109222412,-152.155593872,58.1237220764,114.696556091,-109.666633606,243.508300781,-112.074447632,77.4839172363,-28.9143505096,12.1525163651,28.0973014832,-35.2363357544],[-151.454956055,-178.014846802,140.438934326,-14.2271957397,-64.8564758301,136.174453735,-112.074447632,178.290740967,-39.5335464478,42.3675346375,1.53631436825,-25.1513137817,28.7247447968],[53.3000526428,88.7702026367,-62.3329811096,4.68666172028,35.6455802917,-74.012260437,77.4839172363,-39.5335464478,121.389976501,11.2026576996,-0.957154095173,17.4485874176,-21.3835945129],[-150.976303101,-63.4957847595,74.5349884033,8.53377819061,-35.4387588501,49.1014328003,-28.9143505096,42.3675346375,11.2026576996,69.3200836182,23.180929184,-0.114296399057,4.96778726578],[-33.143611908,18.0054264069,-11.2113008499,-11.3775367737,14.9025630951,-1.1473249197,12.1525163651,1.53631436825,-0.957154095173,23.180929184,57.6621665955,22.6227989197,6.41403341293],[154.858978271,-56.409488678,-23.6305866241,28.9490356445,-2.93887019157,-11.9021081924,28.0973014832,-25.1513137817,17.4485874176,-0.114296399057,22.6227989197,61.6036682129,5.4407377243],[-254.908218384,61.88256073,19.0672836304,-48.3921928406,12.5666475296,20.7406349182,-35.2363357544,28.7247447968,-21.3835945129,4.96778726578,6.41403341293,5.4407377243,69.848739624]],"icov":[[0.0000717322036508,-0.00009008555935,0.000472385960165,-0.000368714594515,0.000431193504483,-0.000367978587747,0.000152565757162,0.0000218866225623,-0.000191862447537,0.000243648464675,-0.000207188189961,0.000112156980322,-0.00000893296692084],[-0.00009008555935,0.00216063787229,-0.00143839267548,0.00241679907776,-0.00175009365194,0.00119562388863,-0.000656435207929,0.00175126886461,-0.00083472620463,0.000520306697581,-0.000945535080973,0.00241067702882,-0.001660940703],[0.000472385960165,-0.00143839267548,0.00787364132702,-0.0058353333734,0.005326368846,-0.00539142824709,0.00232430570759,-0.0000527406846231,-0.00211413996294,0.000712311186362,-0.00211909180507,0.00295156100765,-0.00209020660259],[-0.000368714594515,0.00241679907776,-0.0058353333734,0.0121405692771,-0.00751385744661,0.00714160501957,-0.00320766749792,-0.00187900033779,0.00619592983276,-0.00736995181069,0.00879028532654,-0.00871864985675,0.00719604827464],[0.000431193504483,-0.00175009365194,0.005326368846,-0.00751385744661,0.0143431732431,-0.00750597799197,-0.0011619218858,0.00300893257372,-0.00698009040207,0.0102128209546,-0.0107804574072,0.0105776106939,-0.00840808730572],[-0.000367978587747,0.00119562388863,-0.00539142824709,0.00714160501957,-0.00750597799197,0.0117591796443,-0.00150949507952,-0.00538174202666,0.00819768570364,-0.00915250368416,0.00915202032775,-0.00926152057946,0.0063693751581],[0.000152565757162,-0.000656435207929,0.00232430570759,-0.00320766749792,-0.0011619218858,-0.00150949507952,0.00963339302689,0.0025092237629,-0.00404855189845,0.00200625276193,-0.0026447493583,-0.000326356297592,0.00165279745124],[0.0000218866225623,0.00175126886461,-0.0000527406846231,-0.00187900033779,0.00300893257372,-0.00538174202666,0.0025092237629,0.0151833789423,-0.00568644981831,0.00323241762817,-0.00778178684413,0.0118263363838,-0.00885796360672],[-0.000191862447537,-0.00083472620463,-0.00211413996294,0.00619592983276,-0.00698009040207,0.00819768570364,-0.00404855189845,-0.00568644981831,0.0214775688946,-0.0170245114714,0.0162541922182,-0.0163366757333,0.0115927709267],[0.000243648464675,0.000520306697581,0.000712311186362,-0.00736995181069,0.0102128209546,-0.00915250368416,0.00200625276193,0.00323241762817,-0.0170245114714,0.0385481715202,-0.026373796165,0.018297912553,-0.0112661384046],[-0.000207188189961,-0.000945535080973,-0.00211909180507,0.00879028532654,-0.0107804574072,0.00915202032775,-0.0026447493583,-0.00778178684413,0.0162541922182,-0.026373796165,0.0428074449301,-0.0275180693716,0.0129024712369],[0.000112156980322,0.00241067702882,0.00295156100765,-0.00871864985675,0.0105776106939,-0.00926152057946,-0.000326356297592,0.0118263363838,-0.0163366757333,0.018297912553,-0.0275180693716,0.0436065606773,-0.0199260916561],[-0.00000893296692084,-0.001660940703,-0.00209020660259,0.00719604827464,-0.00840808730572,0.0063693751581,0.00165279745124,-0.00885796360672,0.0115927709267,-0.0112661384046,0.0129024712369,-0.0199260916561,0.0301272403449]],"mean":[-26.4309024811,96.7561187744,-83.0081481934,11.6074457169,-21.1187000275,-17.0928344727,-2.43030071259,-19.2706813812,-7.77127552032,-7.6295838356,-6.15201330185,-1.29794728756,-10.1059150696]},"hfc":{"dmean":47.9959869385,"dmean2":73.9449920654,"dvar":7461.44482422,"dvar2":18075.9375,"max":1556.92858887,"mean":127.345275879,"median":98.1360702515,"min":1.11074990559e-16,"var":18999.4902344},"melbands":{"dmean":[0.00141624512617,0.00169058295432,0.000915031123441,0.000535786733963,0.000452893815236,0.000350150949089,0.000162448486662,0.000142862743814,0.000082309525169,0.0000637092598481,0.0000572618046135,0.000060114191001,0.0000605676032137,0.0000396873037971,0.0000359670266334,0.0000268049916485,0.0000151764979819,0.0000116368000818,0.0000119937831187,0.00000903104591998,0.0000090955863925,0.0000118512225527,0.00000664828257868,0.00000813792667032,0.00000948895012698,0.00000811770314613,0.00000569766143599,0.00000392053016185,0.00000316877139994,0.00000249689537668,0.0000020875932023,0.00000168850499449,0.00000125864994516,7.51570723878e-7,4.65823376317e-7,4.09902838783e-7,8.07694846117e-7,0.00000119535309295,0.00000100200600173,1.49554395534e-7],"dmean2":[0.00241017830558,0.00291784596629,0.00149614049587,0.000879702507518,0.000739321811125,0.000562737812288,0.000260737433564,0.000235728992266,0.00013444830256,0.000103271086118,0.0000926425491343,0.0000989685868262,0.000099328943179,0.0000656808770145,0.0000595512392465,0.0000438932183897,0.000025009521778,0.0000192822371901,0.0000197200079128,0.0000148468452608,0.0000146048396346,0.0000192378884094,0.0000105740427898,0.0000126923869175,0.0000142351209433,0.0000119631895359,0.00000843753423396,0.00000584389681535,0.00000451422874903,0.00000350626669388,0.00000298020495393,0.00000230872092288,0.00000170720750248,0.00000102173612504,6.48563059258e-7,5.73085060296e-7,0.00000117544686873,0.00000173736736997,0.00000144603700392,2.25160050604e-7],"dvar":[0.00000899889801076,0.00000545903094462,0.00000181667792276,7.23788161849e-7,9.40394841109e-7,5.12741848979e-7,1.2338766453e-7,7.80462343641e-8,4.49983090789e-8,2.30108661015e-8,1.86100503896e-8,2.17652509349e-8,3.57521905414e-8,1.07551487716e-8,5.12033526689e-9,3.0794464756e-9,9.68379709754e-10,6.17894124755e-10,6.45302922209e-10,3.62108176777e-10,3.4897226775e-10,8.66010319012e-10,3.83852394314e-10,7.68998642542e-10,8.63228544201e-10,7.5044487291e-10,3.86280479825e-10,1.82308987351e-10,1.05910058501e-10,4.05116114266e-11,2.13404398319e-11,1.62216715754e-11,9.451329476e-12,2.92667214248e-12,8.38801575941e-13,9.46702460349e-13,4.70041453676e-12,1.04833806566e-11,7.23022683391e-12,1.73031836255e-13],"dvar2":[0.000024302444217,0.0000153824094014,0.00000449444814876,0.00000182995586329,0.00000243207500716,0.00000128088424844,2.86055865217e-7,1.99860309635e-7,1.07911489522e-7,5.59188144678e-8,4.51399984058e-8,5.67857263434e-8,9.22549858728e-8,2.71640896443e-8,1.33865336593e-8,7.54701101613e-9,2.22004503669e-9,1.53100587763e-9,1.6193916208e-9,8.93900953258e-10,8.36535563042e-10,2.15696860373e-9,9.14292641596e-10,1.92314009162e-9,1.78817527452e-9,1.53867019126e-9,8.36361313539e-10,3.8784639389e-10,2.07377934269e-10,7.9073338155e-11,4.26509556839e-11,3.05906966425e-11,1.73824808714e-11,5.50325843923e-12,1.61158825e-12,1.88647448357e-12,9.59888765695e-12,2.11818149826e-11,1.47052769267e-11,3.76158278787e-13],"max":[0.0488976463675,0.040434550494,0.0201723817736,0.0180393140763,0.0320864617825,0.0124140204862,0.00937704648823,0.00822146516293,0.00827495567501,0.00451513845474,0.00381555315107,0.00365935103036,0.00605389662087,0.00479918625206,0.00144342612475,0.00149492756464,0.00085242203204,0.000763912918046,0.00059844518546,0.000459561648313,0.000431814114563,0.000790755206253,0.000843428599183,0.00149452744517,0.000863225606736,0.000808093056548,0.000731123844162,0.000481226103147,0.000364805891877,0.000204592652153,0.000129990308778,0.00013209633471,0.000105130267912,0.0000585767484154,0.0000250372395385,0.000030163617339,0.0000351483104168,0.0000646407934255,0.0000515937099408,0.00000832698606246],"mean":[0.00193192414008,0.00234101782553,0.00147178466432,0.000803392729722,0.000634292780887,0.000501232512761,0.000259716849541,0.000210307829548,0.000120650947792,0.0000910379167181,0.0000832261503092,0.0000901968378457,0.0000905028718989,0.0000645811742288,0.0000600958228461,0.0000447815291409,0.0000252664485743,0.0000191308954527,0.0000197028275579,0.0000150566766024,0.0000142108201544,0.0000162741835084,0.0000109811790026,0.0000135343334478,0.0000157885024237,0.0000134637966767,0.00000961081968853,0.00000666141340844,0.00000531771956958,0.00000419476464231,0.00000339121311299,0.00000280356175608,0.00000205367132367,0.00000120416382288,7.0495525506e-7,5.11634823397e-7,7.93991887349e-7,0.000001124642381,9.28939243749e-7,1.39410616384e-7],"median":[0.00108090857975,0.00152363907546,0.000901053484995,0.000453177344752,0.000290642812615,0.000214293235331,0.000123088655528,0.000103489612229,0.0000550128934265,0.0000389747183362,0.0000345381813531,0.0000371109163098,0.0000325369437633,0.0000272418365057,0.0000275253132713,0.000022046828235,0.000013216458683,0.0000100969427876,0.00000942591850617,0.00000693002948537,0.00000578451545152,0.00000542182851859,0.00000345787634615,0.00000429557758252,0.00000401585157306,0.00000319368041346,0.00000234131766774,0.00000168673807366,0.00000140163342621,0.00000124901430354,0.00000102525325474,7.54723032514e-7,4.97556243317e-7,2.84739172685e-7,1.64876766462e-7,8.53816786162e-8,3.22925863827e-8,1.64207971665e-8,1.25904087156e-8,9.39163680158e-9],"min":[1.64423294134e-24,1.66113162383e-24,7.19305954524e-25,1.25270796205e-24,1.74763633575e-24,1.8206022224e-24,2.06601606115e-24,1.44523676293e-24,1.49639626618e-24,1.64680383903e-24,1.60412360443e-24,2.47565969632e-24,2.56716874462e-24,3.11980327962e-24,2.09364473107e-24,2.33145907829e-24,2.54505322635e-24,3.31893701564e-24,3.69489510687e-24,4.22413123856e-24,3.04005831678e-24,4.02193396121e-24,4.65112705263e-24,4.24044961524e-24,3.71312607682e-24,3.45742273085e-24,5.4208296819e-24,4.62378276707e-24,5.21416981841e-24,5.65189374636e-24,6.11334621591e-24,5.20812438286e-24,6.17039584771e-24,5.69508545864e-24,6.0929502172e-24,6.04632853771e-24,5.65980207694e-24,5.85349582816e-24,6.44031604492e-24,6.71611325587e-24],"var":[0.00000867620110512,0.00000720281741451,0.00000337202709488,0.00000119020614875,0.00000134518575123,7.58079011121e-7,2.40794122419e-7,1.25353210478e-7,7.08276246542e-8,3.33290444132e-8,2.80789311802e-8,3.20685877853e-8,5.11829192362e-8,2.02753440703e-8,9.86545600767e-9,5.61010793376e-9,1.70075320494e-9,9.41609124006e-10,1.10356035421e-9,6.24511609093e-10,5.99757243869e-10,1.21572751866e-9,6.84434897646e-10,1.1723402249e-9,1.87968995924e-9,1.71001490745e-9,8.12883371726e-10,3.84959342181e-10,2.2649185305e-10,9.26449472693e-11,5.01677067943e-11,3.91232775343e-11,2.31553196756e-11,6.55888971607e-12,1.73448093995e-12,1.42220501868e-12,5.73779088478e-12,1.26387728408e-11,8.66873847011e-12,1.89807167921e-13]},"melbands_crest":{"dmean":3.90692543983,"dmean2":6.59520483017,"dvar":10.3564119339,"dvar2":28.3915481567,"max":38.5277671814,"mean":14.4722242355,"median":13.8501777649,"min":1.6413911581,"var":23.9202613831},"melbands_flatness_db":{"dmean":0.0349839963019,"dmean2":0.052623540163,"dvar":0.000916743476409,"dvar2":0.00190945737995,"max":0.502696335316,"mean":0.239695951343,"median":0.237926647067,"min":0.00351831852458,"var":0.00454999273643},"melbands_kurtosis":{"dmean":9.1981754303,"dmean2":14.9756860733,"dvar":164.712677002,"dvar2":420.904083252,"max":216.083206177,"mean":17.2090301514,"median":11.8053607941,"min":-1.87134099007,"var":340.741241455},"melbands_skewness":{"dmean":0.866872489452,"dmean2":1.39338839054,"dvar":0.667848706245,"dvar2":1.685546875,"max":11.7487955093,"mean":3.11931014061,"median":2.8906621933,"min":-0.579579174519,"var":2.1708445549},"melbands_spread":{"dmean":5.87217473984,"dmean2":9.16749000549,"dvar":72.8196334839,"dvar2":148.808578491,"max":162.632553101,"mean":17.0793685913,"median":12.327123642,"min":0.739001095295,"var":321.847900391},"mfcc":{"cov":[[14423.9667969,506.578826904,-1093.63464355,442.242248535,-452.823059082,147.475540161,-118.724906921,223.595062256,-188.643417358,70.7110443115,-18.66746521,-33.3353919983,-35.4841194153],[506.578826904,1647.07629395,-416.8621521,44.0510063171,-68.312461853,88.6019668579,-49.3375205994,-14.9357442856,13.850315094,-35.3330459595,14.733581543,-49.4675445557,44.5370063782],[-1093.63464355,-416.8621521,707.091552734,-195.061340332,173.914581299,-88.8226318359,59.4759025574,-67.7409744263,42.263053894,6.08729839325,7.54835748672,54.1534042358,-44.8791923523],[442.242248535,44.0510063171,-195.061340332,421.454620361,-137.82232666,88.4926986694,-57.9682617188,49.0735473633,-44.249622345,13.0766458511,8.80393028259,-18.2654018402,32.2619628906],[-452.823059082,-68.312461853,173.914581299,-137.82232666,211.854522705,-43.2818870544,65.4914474487,-28.5596523285,46.07995224,-16.3847560883,-3.24926710129,24.7353801727,-17.8663959503],[147.475540161,88.6019668579,-88.8226318359,88.4926986694,-43.2818870544,168.101272583,11.5728216171,47.5001792908,-10.229382515,6.34264850616,5.9234251976,7.54106903076,24.4057178497],[-118.724906921,-49.3375205994,59.4759025574,-57.9682617188,65.4914474487,11.5728216171,136.736968994,7.48158884048,17.4668636322,-15.1016769409,1.68736588955,5.53769350052,1.36143410206],[223.595062256,-14.9357442856,-67.7409744263,49.0735473633,-28.5596523285,47.5001792908,7.48158884048,79.2638702393,2.28926944733,11.9027042389,-2.40131187439,-0.52331161499,7.82922887802],[-188.643417358,13.850315094,42.263053894,-44.249622345,46.07995224,-10.229382515,17.4668636322,2.28926944733,80.0090179443,10.6880836487,4.63876533508,8.27389907837,-4.64938116074],[70.7110443115,-35.3330459595,6.08729839325,13.0766458511,-16.3847560883,6.34264850616,-15.1016769409,11.9027042389,10.6880836487,66.5602645874,21.4291934967,4.00299978256,-1.82894074917],[-18.66746521,14.733581543,7.54835748672,8.80393028259,-3.24926710129,5.9234251976,1.68736588955,-2.40131187439,4.63876533508,21.4291934967,57.9471740723,16.7105083466,6.53801441193],[-33.3353919983,-49.4675445557,54.1534042358,-18.2654018402,24.7353801727,7.54106903076,5.53769350052,-0.52331161499,8.27389907837,4.00299978256,16.7105083466,58.2492599487,14.9853916168],[-35.4841194153,44.5370063782,-44.8791923523,32.2619628906,-17.8663959503,24.4057178497,1.36143410206,7.82922887802,-4.64938116074,-1.82894074917,6.53801441193,14.9853916168,52.3289604187]],"icov":[[0.000086477433797,-0.0000165433611983,0.000121869285067,-0.000021190933694,0.0000855433972902,0.0000544373651792,-0.0000566705821257,-0.000141930533573,0.000155310030095,-0.000107073457912,0.0000768836689531,-0.000233634695178,0.000284187903162],[-0.0000165433611983,0.000819526612759,0.000453716318589,0.000187532830751,-0.000114596892672,-0.000515107007232,0.000340096798027,0.000679397315253,-0.000560418935493,0.000560661603231,-0.000556065642741,0.000746780366171,-0.000519167806488],[0.000121869285067,0.000453716318589,0.00260941847228,0.000302187952911,-0.00086857174756,0.000155317000463,-0.000409731845139,0.0013366334606,-0.0000616468751105,-0.000619032827672,0.000131214677822,-0.00189746217802,0.00168966385536],[-0.000021190933694,0.000187532830751,0.000302187952911,0.00355148781091,0.00108167051803,-0.00116456882097,0.000973157293629,-0.000792772916611,0.000603204302024,0.000199446687475,-0.000791092636064,0.00101566128433,-0.00123008573428],[0.0000855433972902,-0.000114596892672,-0.00086857174756,0.00108167051803,0.00863472931087,0.000703607161995,-0.00277879252099,0.000988292624243,-0.00286878575571,0.00136391096748,0.000865933427121,-0.00277583813295,0.00176763709169],[0.0000544373651792,-0.000515107007232,0.000155317000463,-0.00116456882097,0.000703607161995,0.00861844979227,-0.00162400503177,-0.00398934260011,0.00085846852744,-0.000531283090822,0.000198454625206,-0.00204689032398,-0.00119462923612],[-0.0000566705821257,0.000340096798027,-0.000409731845139,0.000973157293629,-0.00277879252099,-0.00162400503177,0.00989498570561,-0.00193977926392,-0.000745275756344,0.00271187559702,-0.0019658182282,0.00232897652313,-0.00183057109825],[-0.000141930533573,0.000679397315253,0.0013366334606,-0.000792772916611,0.000988292624243,-0.00398934260011,-0.00193977926392,0.0182785671204,-0.00245362054557,-0.00289868097752,0.00247690058313,-0.000726735568605,0.000053693082009],[0.000155310030095,-0.000560418935493,-0.0000616468751105,0.000603204302024,-0.00286878575571,0.00085846852744,-0.000745275756344,-0.00245362054557,0.0159720182419,-0.00359336403199,0.0000979875039775,-0.00124056288041,0.00080068531679],[-0.000107073457912,0.000560661603231,-0.000619032827672,0.000199446687475,0.00136391096748,-0.000531283090822,0.00271187559702,-0.00289868097752,-0.00359336403199,0.0200000815094,-0.00780644547194,0.00142303446773,0.000820521789137],[0.0000768836689531,-0.000556065642741,0.000131214677822,-0.000791092636064,0.000865933427121,0.000198454625206,-0.0019658182282,0.00247690058313,0.0000979875039775,-0.00780644547194,0.0225995685905,-0.00691833486781,-0.0000972281413851],[-0.000233634695178,0.000746780366171,-0.00189746217802,0.00101566128433,-0.00277583813295,-0.00204689032398,0.00232897652313,-0.000726735568605,-0.00124056288041,0.00142303446773,-0.00691833486781,0.0254689585418,-0.00948209501803],[0.000284187903162,-0.000519167806488,0.00168966385536,-0.00123008573428,0.00176763709169,-0.00119462923612,-0.00183057109825,0.000053693082009,0.00080068531679,0.000820521789137,-0.0000972281413851,-0.00948209501803,0.025979552418]],"mean":[-682.345581055,149.832000732,-3.20038795471,38.8498649597,-3.25154352188,17.2091312408,1.75862944126,4.96109867096,-3.13955807686,-1.37041413784,0.560120999813,1.06812894344,0.920690178871]},"pitch_salience":{"dmean":0.0787309706211,"dmean2":0.130249395967,"dvar":0.00421982584521,"dvar2":0.0112960496917,"max":0.833601236343,"mean":0.597775697708,"median":0.611654877663,"min":0.0526346229017,"var":0.0108930114657},"silence_rate_20dB":{"dmean":0,"dmean2":0,"dvar":0,"dvar2":0,"max":1,"mean":1,"median":1,"min":1,"var":0},"silence_rate_30dB":{"dmean":0.011919897981,"dmean2":0.0238416902721,"dvar":0.0117774726823,"dvar2":0.0305879041553,"max":1,"mean":0.991577267647,"median":1,"min":0,"var":0.00835121516138},"silence_rate_60dB":{"dmean":0.00985378213227,"dmean2":0.0197091307491,"dvar":0.00975856743753,"dvar2":0.0234597828239,"max":1,"mean":0.0989272966981,"median":0,"min":0,"var":0.0891224145889},"spectral_centroid":{"dmean":253.241317749,"dmean2":370.895324707,"dvar":92813.546875,"dvar2":166054.09375,"max":11657.0800781,"mean":1113.08117676,"median":887.22253418,"min":177.428207397,"var":1080393.875},"spectral_complexity":{"dmean":3.70804190636,"dmean2":5.49471521378,"dvar":18.277425766,"dvar2":32.6844139099,"max":61,"mean":18.5978546143,"median":17,"min":0,"var":147.422851562},"spectral_contrast_coeffs":{"dmean":[0.054731965065,0.0500000827014,0.0350818634033,0.0270319115371,0.0210779290646,0.0473097786307],"dmean2":[0.0918046087027,0.0836592763662,0.0586156733334,0.0451187156141,0.0337259098887,0.0701974257827],"dvar":[0.00183284038212,0.00162137392908,0.000800842652097,0.000464297219878,0.000316859630402,0.00159914162941],"dvar2":[0.00514727132395,0.00443459488451,0.00218643294647,0.00124743056949,0.000777209235821,0.00362585904077],"max":[-0.348794937134,-0.488017588854,-0.58227545023,-0.629025876522,-0.615253090858,-0.385286360979],"mean":[-0.668386161327,-0.767668366432,-0.819077551365,-0.822588801384,-0.821315824986,-0.719054102898],"median":[-0.668245434761,-0.772391915321,-0.824189066887,-0.824530482292,-0.821917414665,-0.721724569798],"min":[-0.983068823814,-0.977977156639,-0.975091636181,-0.972917854786,-0.967727899551,-0.965341210365],"var":[0.00587543146685,0.00434369547293,0.00250555225648,0.00162835768424,0.00158677343279,0.00641227001324]},"spectral_contrast_valleys":{"dmean":[0.405600577593,0.371470659971,0.322246193886,0.29637080431,0.328909933567,0.675230741501],"dmean2":[0.67174911499,0.604670405388,0.514899909496,0.456089735031,0.433401465416,0.97881090641],"dvar":[0.122366294265,0.112160652876,0.0956744998693,0.101893208921,0.13704021275,0.312473684549],"dvar2":[0.295916080475,0.250105410814,0.199161380529,0.194312289357,0.221737891436,0.683231472969],"max":[-4.97813987732,-4.51769590378,-5.24335098267,-5.58331680298,-5.05631685257,-8.29189300537],"mean":[-7.04868507385,-6.74665880203,-7.35443496704,-7.84304714203,-7.89066410065,-11.2962999344],"median":[-6.6509270668,-6.34894752502,-6.91105413437,-7.37970924377,-7.46353626251,-11.0775032043],"min":[-27.8913383484,-28.09516716,-27.9310626984,-27.8062496185,-27.6512107849,-27.3861083984],"var":[4.16266489029,4.41083526611,4.389295578,4.30263662338,4.39658164978,3.67537379265]},"spectral_decrease":{"dmean":2.94324897787e-9,"dmean2":4.82339368446e-9,"dvar":1.57596286645e-17,"dvar2":4.04532678569e-17,"max":1.16181775311e-8,"mean":-6.03591354675e-9,"median":-4.9807842295e-9,"min":-4.90399081343e-8,"var":3.04953533144e-17},"spectral_energy":{"dmean":0.0122789246961,"dmean2":0.0196364689618,"dvar":0.000275695259916,"dvar2":0.000666720967274,"max":0.228337466717,"mean":0.0343315973878,"median":0.0304419118911,"min":1.01051840986e-20,"var":0.000681208795868},"spectral_energyband_high":{"dmean":0.000446053716587,"dmean2":0.000552376906853,"dvar":7.77832269705e-7,"dvar2":0.00000120545792015,"max":0.0258337333798,"mean":0.000871050055139,"median":0.000299069768516,"min":7.06953626369e-21,"var":0.00000244322677645},"spectral_energyband_low":{"dmean":0.008246592246,"dmean2":0.0139183709398,"dvar":0.000162246040418,"dvar2":0.000432417757111,"max":0.172386214137,"mean":0.0137650296092,"median":0.00973148178309,"min":1.7058467054e-23,"var":0.000220917892875},"spectral_energyband_middle_high":{"dmean":0.00148075295147,"dmean2":0.0022313951049,"dvar":0.00000664006529405,"dvar2":0.0000152176717165,"max":0.0541027784348,"mean":0.00397370057181,"median":0.00217494834214,"min":1.16473714739e-21,"var":0.0000258387681242},"spectral_energyband_middle_low":{"dmean":0.00528911035508,"dmean2":0.00828091893345,"dvar":0.0000563046996831,"dvar2":0.000135383408633,"max":0.158327564597,"mean":0.0119870770723,"median":0.00868129078299,"min":1.78189516858e-22,"var":0.000140085074236},"spectral_entropy":{"dmean":0.195344746113,"dmean2":0.273811161518,"dvar":0.0350823998451,"dvar2":0.0695904120803,"max":9.82500743866,"mean":7.54718589783,"median":7.57139348984,"min":5.35406064987,"var":0.186573326588},"spectral_flux":{"dmean":0.0236375611275,"dmean2":0.0373513363302,"dvar":0.000758926325943,"dvar2":0.00164154055528,"max":0.370807290077,"mean":0.100035481155,"median":0.0986145585775,"min":6.3603879108e-11,"var":0.00279312441126},"spectral_kurtosis":{"dmean":3.34515595436,"dmean2":4.61473417282,"dvar":17.0332794189,"dvar2":35.937713623,"max":70.0915603638,"mean":11.8164491653,"median":11.0254745483,"min":-1.26517534256,"var":42.6312294006},"spectral_rms":{"dmean":0.000946067331824,"dmean2":0.00148484203964,"dvar":0.00000108601909687,"dvar2":0.0000024816226869,"max":0.0149254230782,"mean":0.00525216478854,"median":0.00544971786439,"min":3.13985924934e-12,"var":0.00000590876106799},"spectral_rolloff":{"dmean":5755.75439453,"dmean2":10960.1347656,"dvar":66462328,"dvar2":156290544,"max":22050,"mean":9812.22363281,"median":3617.578125,"min":21.533203125,"var":93177144},"spectral_skewness":{"dmean":0.32350936532,"dmean2":0.430987179279,"dvar":0.127061739564,"dvar2":0.240069180727,"max":6.08159589767,"mean":2.20152115822,"median":2.13602089882,"min":-0.0630287900567,"var":0.45981875062},"spectral_spread":{"dmean":667778.0625,"dmean2":896663.5,"dvar":628080574464,"dvar2":1135511994370,"max":52571868,"mean":4516559,"median":3943032,"min":1358677.5,"var":10974767611900},"spectral_strongpeak":{"dmean":4.16495752335,"dmean2":7.44778680801,"dvar":285.108581543,"dvar2":753.463745117,"max":221.120956421,"mean":4.46996164322,"median":0.275256276131,"min":0,"var":393.511566162},"zerocrossingrate":{"dmean":0.0405134931207,"dmean2":0.051482103765,"dvar":0.00133807375096,"dvar2":0.00189897604287,"max":0.88037109375,"mean":0.252071112394,"median":0.23583984375,"min":0,"var":0.00970451440662}},"metadata":{"audio_properties":{"analysis_sample_rate":44100,"bit_rate":146130,"codec":"mp3","downmix":"mix","equal_loudness":0,"length":292.179595947,"lossless":false,"md5_encoded":"7492b72ef01b900d4af725ad866a3382","replay_gain":-1.71792793274},"tags":{"album":["...Calling All Stations..."],"albumartist":["Genesis"],"albumartistsort":["Genesis"],"artist":["Genesis"],"artistsort":["Genesis"],"date":["1997-08-25"],"discnumber":["1/1"],"file_name":"02 - Congo.mp3","mp3gain_album_minmax":["000,192"],"mp3gain_minmax":["000,191"],"mp3gain_undo":["+004,+004,N"],"musicbrainz album release country":["GB"],"musicbrainz album type":["album"],"musicbrainz_albumartistid":["8e3fcd7d-bda1-4ca0-b987-b8528d2ee74e"],"musicbrainz_albumid":["f6dc7b15-0d14-48d9-9334-4ee2fe9a39a0"],"musicbrainz_artistid":["8e3fcd7d-bda1-4ca0-b987-b8528d2ee74e"],"musicbrainz_recordingid":["4c4e95f7-7fd5-465e-a2aa-deca447266d7"],"musicbrainz_releasegroupid":["ecb68a84-e8dd-301b-979a-d185e3cc87e4"],"title":["Congo"],"tracknumber":["2/11"]},"version":{"essentia":"2.1-beta1","essentia_build_sha":"0a826ad6289770054bb7564d59068f1232327ff9","essentia_git_sha":"v2.1_beta1-5-gf9dded9","extractor":"music 1.0"}},"rhythm":{"beats_count":464,"beats_loudness":{"dmean":0.0177851617336,"dmean2":0.0304449480027,"dvar":0.00027487630723,"dvar2":0.000842752633616,"max":0.128196284175,"mean":0.0468966625631,"median":0.0485183298588,"min":0,"var":0.000690089305863},"beats_loudness_band_ratio":{"dmean":[0.195279434323,0.116754896939,0.0658306255937,0.0491349287331,0.0287230145186,0.10355091095],"dmean2":[0.35034301877,0.201963201165,0.118584670126,0.0889064595103,0.0530509464443,0.172538906336],"dvar":[0.0193236023188,0.0109687261283,0.00384125160053,0.00244450801983,0.000694691727404,0.01059612073],"dvar2":[0.0602179057896,0.0300377272069,0.0106479860842,0.00716456724331,0.0020523830317,0.0256357826293],"max":[0.908744633198,0.683350920677,0.484533309937,0.364088714123,0.230574250221,0.691908121109],"mean":[0.461177378