{"lowlevel":{"average_loudness":0.849189698696,"barkbands":{"dmean":[0.00279060611501,0.00783560890704,0.000878143764567,0.000428449246101,0.00044687645277,0.000303861655993,0.000134917892865,0.000110098008008,0.000193739717361,0.000244062335696,0.000263891735813,0.000495980668347,0.000592002237681,0.000418197538238,0.000494225299917,0.00043052303954,0.00038264610339,0.000422246637754,0.000278282270301,0.000138069910463,0.0000829525088193,0.0000529333810846,0.0000362043501809,0.0000217466604227,0.00000148204162542,0.0000555336700927,0.000758581736591],"dmean2":[0.0047001070343,0.0130477678031,0.0015016971156,0.000715600850526,0.00070355751086,0.00045916257659,0.000216826912947,0.000178138390766,0.000309211347485,0.00039780404768,0.000431976921391,0.00081923865946,0.000996051123366,0.000704960373696,0.000829362019431,0.000714788853657,0.000626380206086,0.000651372596622,0.000428185681812,0.000211769351154,0.000124754224089,0.0000766985540395,0.0000519968234585,0.0000303822544083,0.00000244857847065,0.0000747643498471,0.00117226806469],"dvar":[0.0000360603771696,0.000201269504032,0.00000216976036427,6.07786887485e-7,5.97125904278e-7,7.71516909026e-7,1.54106189143e-7,9.42765154832e-8,2.55631789514e-7,3.77064765189e-7,4.59972170574e-7,0.0000010730343547,0.00000162100343459,7.6937732274e-7,0.00000103576996935,7.0365308602e-7,4.46145406841e-7,7.46865964629e-7,3.32458682806e-7,7.43846584328e-8,2.41863453709e-8,9.99654226064e-9,5.97825877691e-9,2.50609044627e-9,7.69070224171e-12,1.53413015624e-8,9.44491375776e-7],"dvar2":[0.0000927037981455,0.000513154722285,0.00000594256198383,0.00000178429638709,0.00000140945928706,0.00000160020749718,3.70637792457e-7,2.343239629e-7,6.14552504885e-7,9.52264258558e-7,0.00000116975627407,0.00000276842069979,0.00000484784777655,0.00000197208692043,0.00000282221935777,0.00000177133392754,0.00000113825035442,0.00000166971506133,7.53300810175e-7,1.71425824647e-7,5.28488577345e-8,2.10875086282e-8,1.21783010343e-8,4.85030238195e-9,1.9170906182e-11,2.74052034399e-8,0.00000213494740819],"max":[0.103407174349,0.147596955299,0.0269249845296,0.0174702741206,0.0209666565061,0.026624077931,0.0189515016973,0.0103278812021,0.015818791464,0.0157751813531,0.0162316095084,0.0266407523304,0.0307784043252,0.0217862725258,0.0491868406534,0.0345015190542,0.0180497039109,0.0154213998467,0.0116060171276,0.00633633509278,0.00455265119672,0.00184142880607,0.00161280331668,0.00108265550807,0.0000666924024699,0.00310432678089,0.020132958889],"mean":[0.0030521992594,0.00926973763853,0.0011416815687,0.000623727508355,0.000763672345784,0.000455370958662,0.000204034789931,0.000158694412676,0.000298462051433,0.000362049351679,0.00038305867929,0.000798156310339,0.000979973585345,0.000743958516978,0.000987149425782,0.000848285329994,0.000771740160417,0.000858539831825,0.000609849113971,0.000340335740475,0.000224187140702,0.000133175213705,0.0000850489886943,0.000049258756917,0.00000156104420057,0.000138963834615,0.00322180939838],"median":[0.00127491343301,0.00373970996588,0.00056476687314,0.00025625678245,0.000380709156161,0.000122805693536,0.0000690736269462,0.0000508567536599,0.000104677979834,0.000124654499814,0.000155158995767,0.000394896487705,0.000550506869331,0.000433311011875,0.000661457888782,0.000559148669709,0.000512552040163,0.000369494024199,0.000240716180997,0.000145134079503,0.0000849579155329,0.000040501159674,0.000017040021703,0.0000046149134505,5.88694092585e-7,0.0000210524412978,0.00264903367497],"min":[6.08327523263e-24,1.41955273375e-24,2.45262042194e-24,8.94664113121e-25,1.87565643054e-23,1.8957583419e-23,1.72976970121e-23,1.028294705e-23,3.15488447627e-23,2.8957556596e-23,2.56041435977e-23,1.79835863257e-23,2.49353757213e-23,3.4351973637e-23,6.47170947462e-23,3.7086197089e-23,9.78403039273e-23,1.2890375942e-22,1.67639896957e-22,2.13623962274e-22,2.37455765765e-22,4.85167278656e-22,4.7873295046e-22,5.29870221242e-22,9.73070756073e-22,1.41090425996e-21,2.00095979724e-21],"var":[0.0000347442437487,0.000218209417653,0.00000306522542814,0.00000115232001008,0.00000129304487473,0.00000153399253122,2.78055978242e-7,1.66030531545e-7,4.97854159676e-7,6.49443109069e-7,7.60222690133e-7,0.00000184031250683,0.00000259966668636,0.0000015246773728,0.00000192521133613,0.00000146922241129,8.52497578308e-7,0.00000178243328719,0.00000100381737411,2.91778633255e-7,1.22699617577e-7,4.60030804561e-8,2.55854413211e-8,1.19004406329e-8,8.39184971513e-12,7.99637049909e-8,0.00000755268320063]},"barkbands_crest":{"dmean":2.94038033485,"dmean2":4.92873573303,"dvar":7.66748476028,"dvar2":20.3416404724,"max":26.5186595917,"mean":9.58550357819,"median":8.42384719849,"min":2.83837270737,"var":17.8668670654},"barkbands_flatness_db":{"dmean":0.0234779454768,"dmean2":0.0386531092227,"dvar":0.000560711720027,"dvar2":0.00156012573279,"max":0.440866500139,"mean":0.117209240794,"median":0.107944846153,"min":0.0296933222562,"var":0.00213899021037},"barkbands_kurtosis":{"dmean":3.32156324387,"dmean2":5.84433794022,"dvar":427.936401367,"dvar2":1532.65112305,"max":1062.31518555,"mean":2.82628512383,"median":-0.400013208389,"min":-1.7941801548,"var":381.776489258},"barkbands_skewness":{"dmean":0.603268921375,"dmean2":0.990340590477,"dvar":0.699548244476,"dvar2":2.11345672607,"max":29.2697238922,"mean":1.15983855724,"median":0.801724612713,"min":-2.31949925423,"var":2.21927189827},"barkbands_spread":{"dmean":13.0622835159,"dmean2":21.4902706146,"dvar":139.64994812,"dvar2":365.903503418,"max":129.286071777,"mean":65.6114501953,"median":68.6929168701,"min":0.330278158188,"var":536.317443848},"dissonance":{"dmean":0.0088422447443,"dmean2":0.0151160126552,"dvar":0.000129413529066,"dvar2":0.000349163048668,"max":0.500000059605,"mean":0.486116409302,"median":0.491644829512,"min":0.175616323948,"var":0.000264194357442},"dynamic_complexity":3.69505405426,"erbbands":{"dmean":[0.362838745117,1.3273242712,1.27422094345,1.08839440346,1.7363897562,1.29261529446,1.64823925495,2.69475412369,2.10592722893,2.11467838287,2.48637223244,3.89100217819,8.41851043701,6.2201962471,12.291144371,20.7042579651,27.8185539246,19.4580593109,21.0633964539,28.2791461945,19.7509765625,19.7937736511,21.6427707672,18.7394638062,10.762960434,6.67778587341,4.18585968018,2.82129597664,1.97620975971,1.50758600235,0.973975598812,0.58936804533,0.294859111309,0.0290249697864,0.011682680808,0.0617992021143,0.122687801719,0.119045555592,0.0639770776033,0.0158145893365],"dmean2":[0.611089408398,2.2099070549,2.15406012535,1.80715584755,2.82629203796,2.02416491508,2.5330119133,4.09313726425,3.3304643631,3.41296982765,3.97546029091,6.19203615189,13.6130504608,10.0221452713,20.0972747803,34.2814064026,46.8472557068,32.9205169678,35.04870224,47.4647827148,32.6143226624,32.1203727722,33.6524543762,28.5094394684,16.4167366028,10.2041130066,6.40015554428,4.20310211182,2.90433430672,2.17598319054,1.43174099922,0.828814685345,0.424075514078,0.0448138080537,0.0187380816787,0.0885177627206,0.165861174464,0.162293255329,0.089800991118,0.02498434484],"dvar":[0.524423897266,6.27287435532,4.9748544693,3.41755914688,7.91515111923,8.27659130096,27.9222431183,66.2378082275,48.1288833618,31.3078536987,58.0708961487,111.739273071,445.599456787,284.445068359,837.12109375,1945.84936523,4208.76074219,1384.47229004,1290.02905273,4343.43408203,1045.74401855,1144.63537598,1948.67822266,1528.04162598,470.690063477,175.45539856,64.0425872803,27.4717445374,13.8594121933,9.66849136353,4.55224514008,1.70047879219,0.52017480135,0.00300745130517,0.000427592400229,0.0227082148194,0.0767169296741,0.0643038451672,0.0132058151066,0.000391247478547],"dvar2":[1.3701018095,15.4910879135,13.5003890991,9.71384620667,19.6594543457,19.5848026276,53.3169517517,143.234054565,112.202583313,76.0774230957,141.007797241,251.999694824,1100.22595215,696.096801758,2192.57958984,5073.80078125,12734.5703125,3640.59692383,3225.19213867,11958.6484375,2694.14404297,2824.26391602,4383.97119141,3319.01879883,1054.35900879,399.38458252,147.752487183,60.502368927,29.8856925964,20.0882110596,9.71432590485,3.33618092537,1.07909286022,0.0068705175072,0.00103408400901,0.0466431304812,0.139127328992,0.120121091604,0.0258860122412,0.000946772808675],"max":[8.49100875854,39.6108551025,39.0956268311,42.591796875,75.4228134155,99.1418609619,338.393310547,250.715103149,333.272705078,232.214569092,292.480407715,457.574157715,468.402618408,521.168273926,1041.23071289,1134.57336426,1680.58947754,1141.88623047,800.744812012,2580.74487305,720.180114746,588.305114746,849.428894043,885.014526367,624.658569336,336.272064209,241.146987915,157.059020996,71.3034133911,56.9990386963,52.402557373,32.0996894836,15.2080793381,1.45792078972,0.49512270093,3.76916575432,6.55278682709,5.79329633713,2.51053738594,0.451398402452],"mean":[0.404314994812,1.52780401707,1.70885360241,1.68411672115,2.84530878067,2.08394932747,2.43299365044,3.98838424683,3.20159554482,3.25213837624,3.81089901924,6.3619017601,12.6803750992,10.2887449265,19.8331241608,35.9801292419,47.6661491394,36.5769538879,44.4020729065,57.7564430237,43.5999565125,42.7693023682,44.6983070374,40.4489860535,25.2640380859,16.7061004639,10.9365739822,7.38246822357,4.96263170242,3.51261615753,2.26905751228,1.36201572418,0.618843913078,0.0500099398196,0.0163297951221,0.130445167422,0.307912498713,0.314837276936,0.22307318449,0.0717400759459],"median":[0.149077564478,0.60146009922,0.83472430706,0.889141917229,1.28108668327,0.999110579491,0.888935565948,1.03672349453,0.964544773102,1.16867387295,1.2313387394,2.30332183838,4.28367567062,4.48786497116,9.20081043243,19.0045852661,26.5617046356,23.4499874115,29.6686897278,36.3114089966,31.5588474274,28.6922912598,21.4067802429,16.0704174042,10.2986135483,6.94822359085,4.19207334518,2.78434658051,1.58867228031,0.813548386097,0.436445266008,0.18002384901,0.0407530777156,0.0121278781444,0.00656174309552,0.0109576825052,0.0441522672772,0.0837301015854,0.109122045338,0.0632074773312],"min":[9.93341792899e-23,2.81609610673e-22,1.56779190705e-21,1.0370111308e-20,2.52688232122e-20,4.76067807242e-20,2.53189015666e-20,1.30103929826e-19,1.87926439583e-19,3.88463531947e-19,2.16556724472e-19,6.67947155564e-19,1.21125639079e-18,1.07353836682e-18,1.08410508216e-18,9.43231364157e-19,1.52349556533e-18,2.2747303477e-18,2.46979070308e-18,3.56896670581e-18,3.53412048174e-18,6.2514418812e-18,7.00159502152e-18,6.15321873295e-18,9.13027649911e-18,1.06167192327e-17,1.05251362768e-17,1.07538550249e-17,1.61270027355e-17,1.56884729338e-17,1.41661777109e-17,9.95367276036e-18,1.06660382224e-17,8.75906844588e-18,7.29407036969e-18,4.72189352513e-18,2.64259452331e-18,1.07311650471e-18,2.44861281145e-19,2.84274414618e-20],"var":[0.500879943371,7.16903305054,6.41377544403,6.0967373848,22.2766799927,14.2437572479,56.0308494568,123.888648987,87.3649368286,62.1940879822,102.712562561,251.648086548,800.386657715,453.936584473,1438.63549805,3447.8059082,6585.73388672,2765.78735352,3313.75292969,8960.10742188,2311.85058594,2428.61791992,4315.4453125,4391.89404297,1654.32348633,723.722045898,297.466918945,129.107833862,61.182926178,39.5393066406,18.7275104523,7.97749757767,2.16498160362,0.00956541858613,0.000708282517735,0.0966450050473,0.399808883667,0.288926720619,0.0931617841125,0.00310438452289]},"erbbands_crest":{"dmean":2.16991209984,"dmean2":3.69090294838,"dvar":4.4683971405,"dvar2":12.4174118042,"max":29.5271167755,"mean":7.79459190369,"median":6.97342300415,"min":2.14950251579,"var":10.0648937225},"erbbands_flatness_db":{"dmean":0.0160995237529,"dmean2":0.025308907032,"dvar":0.000192882900592,"dvar2":0.000480152782984,"max":0.286356776953,"mean":0.141650736332,"median":0.137621387839,"min":0.0208782348782,"var":0.000932804949116},"erbbands_kurtosis":{"dmean":1.15123188496,"dmean2":1.89669656754,"dvar":1.62466263771,"dvar2":4.35667562485,"max":29.7078361511,"mean":2.05403256416,"median":1.82683944702,"min":-1.76381218433,"var":5.13961744308},"erbbands_skewness":{"dmean":0.344440639019,"dmean2":0.55636960268,"dvar":0.0843327790499,"dvar2":0.21758171916,"max":2.1894056797,"mean":-0.63487714529,"median":-0.692377746105,"min":-3.18171977997,"var":0.375147998333},"erbbands_spread":{"dmean":4.94739246368,"dmean2":8.01466464996,"dvar":23.6326141357,"dvar2":62.3308982849,"max":118.809036255,"mean":24.1138896942,"median":22.2386627197,"min":2.55136346817,"var":118.008216858},"gfcc":{"cov":[[12670.7607422,-2584.0378418,-1147.51599121,823.287597656,-75.9479370117,-133.835906982,667.984619141,102.17729187,194.355514526,135.937454224,-69.145149231,479.858978271,-365.778381348],[-2584.0378418,1496.73828125,173.403518677,-398.950866699,164.385177612,-104.631027222,-138.424087524,-142.33190918,-16.6207942963,-85.2295150757,11.3800516129,-180.431915283,161.961456299],[-1147.51599121,173.403518677,340.410064697,45.4556350708,-59.7445259094,73.4360656738,-134.610046387,63.1334075928,-50.8458595276,9.1758890152,14.0782928467,-40.5409545898,26.4758834839],[823.287597656,-398.950866699,45.4556350708,311.079650879,39.7152404785,28.7885837555,79.5902557373,60.0423927307,8.03286838531,26.5657787323,10.2256393433,64.8699951172,-67.0520477295],[-75.9479370117,164.385177612,-59.7445259094,39.7152404785,234.726165771,52.5426673889,75.5531234741,-37.0950393677,19.3888645172,-16.0293827057,7.6511721611,-22.136762619,14.0772418976],[-133.835906982,-104.631027222,73.4360656738,28.7885837555,52.5426673889,206.605422974,4.96750879288,53.6957855225,-24.2960720062,15.0288734436,-1.77353155613,-2.96628189087,5.78207874298],[667.984619141,-138.424087524,-134.610046387,79.5902557373,75.5531234741,4.96750879288,185.428131104,6.23509597778,61.8244667053,8.84064388275,0.599333763123,47.9444885254,-34.9509735107],[102.17729187,-142.33190918,63.1334075928,60.0423927307,-37.0950393677,53.6957855225,6.23509597778,147.261108398,33.3190231323,40.5211753845,13.3209114075,7.18858528137,-3.62990450859],[194.355514526,-16.6207942963,-50.8458595276,8.03286838531,19.3888645172,-24.2960720062,61.8244667053,33.3190231323,113.576019287,47.3046112061,9.33884239197,12.9220619202,-13.2390928268],[135.937454224,-85.2295150757,9.1758890152,26.5657787323,-16.0293827057,15.0288734436,8.84064388275,40.5211753845,47.3046112061,73.4164123535,34.998008728,19.8404750824,-0.0234029088169],[-69.145149231,11.3800516129,14.0782928467,10.2256393433,7.6511721611,-1.77353155613,0.599333763123,13.3209114075,9.33884239197,34.998008728,65.833404541,34.5446548462,13.4477243423],[479.858978271,-180.431915283,-40.5409545898,64.8699951172,-22.136762619,-2.96628189087,47.9444885254,7.18858528137,12.9220619202,19.8404750824,34.5446548462,93.5836639404,-1.85841882229],[-365.778381348,161.961456299,26.4758834839,-67.0520477295,14.0772418976,5.78207874298,-34.9509735107,-3.62990450859,-13.2390928268,-0.0234029088169,13.4477243423,-1.85841882229,79.6771774292]],"icov":[[0.00022836055723,-0.000108352025563,0.00110128254164,-0.000786240212619,0.000377148768166,-0.00018550385721,0.000208819285035,-0.000202128649107,0.000213057850488,-0.000473040359793,0.000582243897952,-0.000506058160681,0.000195403204998],[-0.000108352025563,0.00384319480509,-0.00541104702279,0.00563152926043,-0.00448931613937,0.00376399443485,-0.00210353615694,0.00103609845974,-0.000816937768832,0.0020133247599,-0.0016979270149,0.00204752245918,-0.00192866579164],[0.00110128254164,-0.00541104702279,0.0192845202982,-0.0157317984849,0.011618707329,-0.00952896848321,0.00777141330764,-0.0016049745027,-0.00118946225848,0.000461772287963,-0.00208251667209,0.00257485709153,-0.00140358204953],[-0.000786240212619,0.00563152926043,-0.0157317984849,0.0212107729167,-0.0150303402916,0.0105729838833,-0.00580841768533,-0.00321880029514,0.00594197493047,-0.00500522460788,0.00578662706539,-0.00838165264577,0.00702801486477],[0.000377148768166,-0.00448931613937,0.011618707329,-0.0150303402916,0.0194619372487,-0.0115328561515,0.0000200268841581,0.00518897967413,-0.00711896829307,0.00835246499628,-0.0107318535447,0.0117243761197,-0.00710464455187],[-0.00018550385721,0.00376399443485,-0.00952896848321,0.0105729838833,-0.0115328561515,0.0140279429033,-0.00382077693939,-0.00433704769239,0.00755318487063,-0.00735474796966,0.00730541953817,-0.00537014752626,0.00260192318819],[0.000208819285035,-0.00210353615694,0.00777141330764,-0.00580841768533,0.0000200268841581,-0.00382077693939,0.0152040012181,-0.00160173373297,-0.00550628965721,0.00241260742769,0.00181393628009,-0.00587182538584,0.00327691296116],[-0.000202128649107,0.00103609845974,-0.0016049745027,-0.00321880029514,0.00518897967413,-0.00433704769239,-0.00160173373297,0.0136999161914,-0.00743375672027,0.00347818410955,-0.006923396606,0.00815837830305,-0.0057653603144],[0.000213057850488,-0.000816937768832,-0.00118946225848,0.00594197493047,-0.00711896829307,0.00755318487063,-0.00550628965721,-0.00743375672027,0.0253717582673,-0.0220538675785,0.0135787287727,-0.00904147140682,0.00769660109654],[-0.000473040359793,0.0020133247599,0.000461772287963,-0.00500522460788,0.00835246499628,-0.00735474796966,0.00241260742769,0.00347818410955,-0.0220538675785,0.0431848056614,-0.0274101067334,0.0140441078693,-0.00905290618539],[0.000582243897952,-0.0016979270149,-0.00208251667209,0.00578662706539,-0.0107318535447,0.00730541953817,0.00181393628009,-0.006923396606,0.0135787287727,-0.0274101067334,0.0429465919733,-0.0256361421198,0.00793409813195],[-0.000506058160681,0.00204752245918,0.00257485709153,-0.00838165264577,0.0117243761197,-0.00537014752626,-0.00587182538584,0.00815837830305,-0.00904147140682,0.0140441078693,-0.0256361421198,0.0365824475884,-0.0145982895046],[0.000195403204998,-0.00192866579164,-0.00140358204953,0.00702801486477,-0.00710464455187,0.00260192318819,0.00327691296116,-0.0057653603144,0.00769660109654,-0.00905290618539,0.00793409813195,-0.0145982895046,0.0255867410451]],"mean":[-7.5040397644,55.8476219177,-104.509780884,8.68598747253,19.0579948425,-12.4529771805,8.07466220856,-21.8778800964,4.27021503448,-11.5374698639,-1.61745893955,0.224240109324,-9.61625766754]},"hfc":{"dmean":23.7109394073,"dmean2":35.4691925049,"dvar":800.776489258,"dvar2":1696.12280273,"max":576.888244629,"mean":125.072494507,"median":114.77243042,"min":1.09391221409e-16,"var":7475.12841797},"melbands":{"dmean":[0.00271234312095,0.00100157235283,0.00020061651594,0.000107694453618,0.0000561316555832,0.0000597075268161,0.0000309964198095,0.0000226995707635,0.0000206347303902,0.000027382728149,0.0000428706953244,0.0000254216229223,0.0000394781964133,0.0000531320438313,0.0000681450837874,0.0000508014891238,0.000039045149606,0.0000356327691406,0.0000394824965042,0.0000352504430339,0.000024944283723,0.00002356893674,0.0000212779996218,0.0000210491962207,0.0000161744737852,0.000010266650861,0.00000624089670964,0.00000453975962955,0.0000029950156204,0.00000231489457292,0.00000169364102476,0.00000127033263198,0.00000102307035377,8.55051382587e-7,6.30278805147e-7,4.5550174832e-7,3.60886218687e-7,2.60406181951e-7,7.29281239842e-8,1.34599122958e-8],"dmean2":[0.0045361998491,0.0016637906665,0.000331362738507,0.000170901563251,0.0000858550047269,0.0000901978419279,0.0000489455414936,0.0000368531291315,0.00003312149056,0.0000435844922322,0.0000693479378242,0.0000412603985751,0.0000645290638204,0.0000878622813616,0.000114687325549,0.0000861685475684,0.0000660631776555,0.0000595766250626,0.0000665211773594,0.0000585254747421,0.000041513623728,0.0000388365187973,0.0000342541607097,0.0000330860602844,0.0000250745415542,0.0000159873834491,0.00000982797064353,0.00000709210917194,0.00000471805469715,0.00000362341438631,0.00000260312731371,0.00000192258266907,0.00000153289090576,0.00000126991108118,9.55195218921e-7,6.70113365686e-7,5.20460787357e-7,3.79753743118e-7,1.1335660588e-7,2.22896190394e-8],"dvar":[0.0000264432674157,0.00000336563471137,1.01503175642e-7,3.1434286285e-8,2.52692426983e-8,3.09013294952e-8,9.46362632703e-9,3.33839844657e-9,3.94328836251e-9,5.23965404398e-9,1.1475187911e-8,4.83175854882e-9,8.69132943393e-9,1.38846960596e-8,1.9333787904e-8,1.07844044805e-8,6.64765842373e-9,4.3453174392e-9,8.56010107242e-9,6.03759975348e-9,1.79356063335e-9,1.70618441597e-9,1.54622070703e-9,1.97034033533e-9,1.14014298003e-9,4.42389763711e-10,1.66566496707e-10,8.90862938974e-11,3.37538920425e-11,2.00695970259e-11,1.06300012195e-11,5.6281064878e-12,4.44604552827e-12,3.41807354989e-12,2.02133839181e-12,9.95250865228e-13,6.72582432457e-13,4.13265884187e-13,3.41126019305e-14,6.39185779196e-16],"dvar2":[0.0000683275284246,0.00000850477135828,2.84365484049e-7,7.58331850648e-8,5.01154815424e-8,6.6185741332e-8,2.21339622186e-8,8.23737256184e-9,9.367649767e-9,1.20851444407e-8,2.84621801683e-8,1.18800773663e-8,2.2255303378e-8,3.50658773129e-8,5.525250657e-8,3.22763504812e-8,1.71521801207e-8,1.06428048596e-8,2.35414479022e-8,1.55362656074e-8,4.70834748967e-9,4.41434133691e-9,3.69046015969e-9,4.54442394826e-9,2.5673019266e-9,1.03737207713e-9,4.01661204297e-10,2.13417075678e-10,8.27343263343e-11,4.81491790882e-11,2.48931934094e-11,1.28372503599e-11,1.03148002292e-11,7.46853186934e-12,4.6439497213e-12,2.12648583638e-12,1.3989972375e-12,8.74453504399e-13,8.35925905861e-14,1.59645117069e-15],"max":[0.0579390153289,0.0354706421494,0.00639568408951,0.00461268890649,0.00908492598683,0.00522203091532,0.00440959725529,0.00211507035419,0.00322772702202,0.0029880986549,0.00226580165327,0.00192502036225,0.00256788101979,0.00289878831245,0.00310732075013,0.00252575962804,0.00259484956041,0.0017502498813,0.00487388111651,0.0032285482157,0.000926650012843,0.000958636694122,0.000853091478348,0.000804047158454,0.000767172605265,0.000548771116883,0.000326197128743,0.000276587205008,0.000151428495883,0.000116743714898,0.00011565942259,0.0000403015619668,0.0000453357897641,0.0000405687678722,0.0000335321892635,0.0000259925582213,0.0000185154622159,0.0000135999571285,0.00000552646815777,6.09459902989e-7],"mean":[0.00320564140566,0.00130130955949,0.000339859718224,0.000183596872375,0.0000850484939292,0.0000896528727026,0.0000478790389025,0.000034925989894,0.0000311479961965,0.0000430797808804,0.0000634470998193,0.0000391421417589,0.0000597397411184,0.0000837366314954,0.000113273301395,0.0000859085193952,0.0000664388644509,0.0000682289100951,0.0000776530796429,0.0000672512396704,0.0000489767735417,0.0000456654561276,0.0000398656884499,0.0000402478108299,0.0000323154781654,0.0000217321048694,0.0000137457300298,0.000010330420082,0.00000699457086739,0.00000539590882909,0.00000392180163544,0.00000292992513096,0.00000223237543651,0.00000182234919066,0.00000136321568789,0.00000100758188637,7.66056984958e-7,5.26576059201e-7,1.23110780237e-7,1.39717499792e-8],"median":[0.00133572681807,0.00061979185557,0.000186611563549,0.0000914122138056,0.0000329072026943,0.0000238555585383,0.0000145815729411,0.000012482699276,0.00000981340690487,0.000015268835341,0.0000205933465622,0.0000156562291522,0.0000259549415205,0.0000377187570848,0.000061562670453,0.0000511779398948,0.000038527236029,0.0000429192587035,0.0000497118307976,0.0000411367036577,0.0000343579085893,0.0000299453422485,0.0000212172126339,0.0000167734942806,0.0000122495948744,0.00000815796101961,0.00000586386659052,0.00000409643143939,0.00000268026951744,0.00000202166211238,0.00000143500346894,9.56577309807e-7,5.63089201933e-7,3.90271907236e-7,2.62812989149e-7,1.79634753295e-7,7.63667031833e-8,2.7650635559e-8,1.29986794661e-8,5.15612219587e-9],"min":[1.44661717091e-24,7.3059238471e-25,2.5904541436e-24,2.56447084032e-24,5.83742032203e-25,3.18287389228e-24,3.05582902679e-24,4.23091189247e-24,1.68843449419e-24,4.16360312459e-24,5.96209357582e-24,3.517090592e-24,3.30966237798e-24,2.83006236052e-24,4.02561005302e-24,2.05725398586e-24,4.14904469659e-24,3.81420558562e-24,3.74041395882e-24,4.11204869785e-24,4.53650516867e-24,5.41486668232e-24,6.22247131708e-24,5.72783462469e-24,4.44209232338e-24,5.62095225507e-24,7.04969965572e-24,6.63565496556e-24,6.59593818557e-24,6.55214102254e-24,5.53601402369e-24,8.01959151691e-24,8.8507748097e-24,7.46812725707e-24,7.42475726222e-24,6.94759265559e-24,5.17540282695e-24,6.75613769161e-24,7.67225763807e-24,6.52381894389e-24],"var":[0.0000268000603683,0.000004179325515,2.17227608346e-7,7.32003542225e-8,5.0134087104e-8,5.99715193061e-8,1.80587758081e-8,6.7018675054e-9,6.99226809786e-9,1.12639186867e-8,2.05231227568e-8,7.47664152811e-9,1.51919543612e-8,2.43427926705e-8,3.20986330848e-8,1.73377205925e-8,1.24380488131e-8,9.85405979037e-9,1.46232421727e-8,1.30695640976e-8,3.32205951636e-9,3.15728820866e-9,3.01697333782e-9,4.18965973026e-9,3.0002769158e-9,1.34494426707e-9,4.92564988797e-10,3.0175531518e-10,1.25500998482e-10,7.52429507589e-11,3.88110897587e-11,2.11969226893e-11,1.53763165395e-11,1.15111115084e-11,6.92559117693e-12,4.01376328008e-12,2.74919865519e-12,1.61161849924e-12,9.33736188412e-14,6.90495064673e-16]},"melbands_crest":{"dmean":4.98741197586,"dmean2":8.21247577667,"dvar":19.1240081787,"dvar2":47.7973251343,"max":39.0175628662,"mean":17.6293182373,"median":17.1398735046,"min":1.94891405106,"var":49.8156509399},"melbands_flatness_db":{"dmean":0.0347971096635,"dmean2":0.0566530190408,"dvar":0.000996246817522,"dvar2":0.00265757623129,"max":0.51665276289,"mean":0.2048317343,"median":0.196746379137,"min":0.00453082611784,"var":0.00531051354483},"melbands_kurtosis":{"dmean":7.3624382019,"dmean2":12.5516834259,"dvar":295.245941162,"dvar2":875.18737793,"max":613.08972168,"mean":9.33924388885,"median":2.76481103897,"min":-1.85401642323,"var":489.825408936},"melbands_skewness":{"dmean":0.957486867905,"dmean2":1.56878173351,"dvar":1.09975361824,"dvar2":2.92014980316,"max":19.2801647186,"mean":2.32820558548,"median":1.9399805069,"min":-1.33994102478,"var":3.52632951736},"melbands_spread":{"dmean":11.6559362411,"dmean2":19.0307292938,"dvar":135.722747803,"dvar2":351.516662598,"max":159.464874268,"mean":39.0576438904,"median":37.1554946899,"min":0.50395655632,"var":594.969177246},"mfcc":{"cov":[[10495.7509766,-2052.12451172,-1243.92321777,886.673950195,-772.086303711,343.520690918,-169.623931885,623.662780762,-202.064529419,419.618499756,-107.522689819,384.728393555,-125.706054688],[-2052.12451172,1434.61608887,21.207025528,-239.872924805,188.846618652,-88.3175506592,9.01070785522,-223.819488525,94.402633667,-179.9793396,38.5340652466,-155.960449219,73.1034545898],[-1243.92321777,21.207025528,502.393676758,-105.435119629,115.880126953,-104.797912598,12.2878437042,-71.9254150391,-3.16032624245,-31.0715503693,9.68611621857,-28.2527694702,-16.410112381],[886.673950195,-239.872924805,-105.435119629,315.670349121,-58.4186592102,40.616230011,-9.42752170563,85.7916488647,-36.8481063843,51.196182251,11.7986288071,42.6196212769,-12.1045970917],[-772.086303711,188.846618652,115.880126953,-58.4186592102,215.524414062,13.3423662186,69.8490905762,-43.6653022766,36.4813461304,-36.2382926941,21.1010246277,-28.7185192108,18.6757240295],[343.520690918,-88.3175506592,-104.797912598,40.616230011,13.3423662186,172.203536987,48.349193573,57.1984786987,1.82788360119,19.0406360626,-18.5324440002,24.7962150574,11.0966844559],[-169.623931885,9.01070785522,12.2878437042,-9.42752170563,69.8490905762,48.349193573,114.376289368,28.8106632233,17.8473949432,-18.9162044525,6.19582653046,-6.34272241592,14.6530609131],[623.662780762,-223.819488525,-71.9254150391,85.7916488647,-43.6653022766,57.1984786987,28.8106632233,129.584976196,5.57025718689,52.1535491943,-5.5001373291,41.6296653748,-14.0699424744],[-202.064529419,94.402633667,-3.16032624245,-36.8481063843,36.4813461304,1.82788360119,17.8473949432,5.57025718689,90.2095718384,22.6603755951,26.2713260651,-9.37304210663,14.3727788925],[419.618499756,-179.9793396,-31.0715503693,51.196182251,-36.2382926941,19.0406360626,-18.9162044525,52.1535491943,22.6603755951,102.239257812,29.2080554962,40.4018974304,-11.5659046173],[-107.522689819,38.5340652466,9.68611621857,11.7986288071,21.1010246277,-18.5324440002,6.19582653046,-5.5001373291,26.2713260651,29.2080554962,69.8159103394,20.9312992096,16.0812149048],[384.728393555,-155.960449219,-28.2527694702,42.6196212769,-28.7185192108,24.7962150574,-6.34272241592,41.6296653748,-9.37304210663,40.4018974304,20.9312992096,76.194732666,16.2513866425],[-125.706054688,73.1034545898,-16.410112381,-12.1045970917,18.6757240295,11.0966844559,14.6530609131,-14.0699424744,14.3727788925,-11.5659046173,16.0812149048,16.2513866425,61.8560218811]],"icov":[[0.000281807617284,0.000151586413267,0.000509065110236,-0.000265687413048,0.000243882241193,0.0000803054426797,0.0000575724625378,-0.00026524529676,0.000131089895149,-0.000277853920124,0.000421315577114,-0.000570169009734,0.000272452394711],[0.000151586413267,0.00170611625072,0.000728451355826,0.000217914523091,-0.000480736693135,-0.0000845058966661,0.00104282959364,0.000555574311875,-0.00111143325921,0.00211892300285,-0.00160366191994,0.0018665184034,-0.000851766264532],[0.000509065110236,0.000728451355826,0.00401764921844,0.00018863157311,-0.0014862625394,0.0020907279104,-0.000284586334601,0.000351636146661,0.000734784174711,-0.000597589765675,0.000901965075172,-0.00127249152865,0.00131483701989],[-0.000265687413048,0.000217914523091,0.00018863157311,0.00500272307545,-0.000662688224111,-0.000333255302394,0.0011636512354,-0.00278041069396,0.00264422292821,-0.0000850355863804,-0.00295708933845,0.00188135053031,-0.000772500003222],[0.000243882241193,-0.000480736693135,-0.0014862625394,-0.000662688224111,0.00910878833383,-0.00191341317259,-0.00456746388227,0.00265491730534,-0.00220775930211,0.000578095263336,-0.00111481605563,-0.000633752264548,0.000896204437595],[0.0000803054426797,-0.0000845058966661,0.0020907279104,-0.000333255302394,-0.00191341317259,0.00997311249375,-0.00381183694117,-0.0011121740099,0.000657545519061,-0.00312298559584,0.0056105046533,-0.00282868021168,-0.0012610607082],[0.0000575724625378,0.00104282959364,-0.000284586334601,0.0011636512354,-0.00456746388227,-0.00381183694117,0.0175729114562,-0.00818718411028,-0.000430851301644,0.00678740767762,-0.0059502767399,0.00524758873507,-0.00338803557679],[-0.00026524529676,0.000555574311875,0.000351636146661,-0.00278041069396,0.00265491730534,-0.0011121740099,-0.00818718411028,0.0202068369836,-0.00516203604639,-0.00408084318042,0.00557038746774,-0.00730645330623,0.00519509846345],[0.000131089895149,-0.00111143325921,0.000734784174711,0.00264422292821,-0.00220775930211,0.000657545519061,-0.000430851301644,-0.00516203604639,0.0196930896491,-0.00836757104844,-0.00398898916319,0.00663300603628,-0.00507724983618],[-0.000277853920124,0.00211892300285,-0.000597589765675,-0.0000850355863804,0.000578095263336,-0.00312298559584,0.00678740767762,-0.00408084318042,-0.00836757104844,0.0253836289048,-0.0111768683419,-0.0028812403325,0.00495880935341],[0.000421315577114,-0.00160366191994,0.000901965075172,-0.00295708933845,-0.00111481605563,0.0056105046533,-0.0059502767399,0.00557038746774,-0.00398898916319,-0.0111768683419,0.0289235431701,-0.0114479660988,-0.00125596858561],[-0.000570169009734,0.0018665184034,-0.00127249152865,0.00188135053031,-0.000633752264548,-0.00282868021168,0.00524758873507,-0.00730645330623,0.00663300603628,-0.0028812403325,-0.0114479660988,0.0316634066403,-0.0129629606381],[0.000272452394711,-0.000851766264532,0.00131483701989,-0.000772500003222,0.000896204437595,-0.0012610607082,-0.00338803557679,0.00519509846345,-0.00507724983618,0.00495880935341,-0.00125596858561,-0.0129629606381,0.0257037039846]],"mean":[-670.260803223,124.587654114,-45.8595199585,40.5261688232,16.1919937134,31.3242549896,5.55076742172,16.6165180206,-1.55114638805,8.29515838623,-0.628861129284,6.89318418503,-0.704369008541]},"pitch_salience":{"dmean":0.0861373916268,"dmean2":0.141864582896,"dvar":0.00653091259301,"dvar2":0.0166171398014,"max":0.969575107098,"mean":0.537729024887,"median":0.556396782398,"min":0.0396996028721,"var":0.0159489624202},"silence_rate_20dB":{"dmean":0,"dmean2":0,"dvar":0,"dvar2":0,"max":1,"mean":1,"median":1,"min":1,"var":0},"silence_rate_30dB":{"dmean":0.0125243980438,"dmean2":0.0250508338213,"dvar":0.0123676843941,"dvar2":0.0343498066068,"max":1,"mean":0.992355883121,"median":1,"min":0,"var":0.00758616812527},"silence_rate_60dB":{"dmean":0.0102472351864,"dmean2":0.0204961374402,"dvar":0.0101437913254,"dvar2":0.0231726206839,"max":1,"mean":0.108319103718,"median":0,"min":0,"var":0.096573099494},"spectral_centroid":{"dmean":196.514572144,"dmean2":299.568572998,"dvar":39842.25,"dvar2":83168.9296875,"max":11604.609375,"mean":1977.8815918,"median":2004.63598633,"min":205.74017334,"var":583802.8125},"spectral_complexity":{"dmean":3.7826936245,"dmean2":5.67970705032,"dvar":14.9565143585,"dvar2":28.0907077789,"max":61,"mean":25.5615997314,"median":26,"min":0,"var":208.452728271},"spectral_contrast_coeffs":{"dmean":[0.0504113063216,0.0442047603428,0.0371327660978,0.0269982423633,0.0201665554196,0.0336457639933],"dmean2":[0.0845577046275,0.0723836645484,0.0625024959445,0.0457124784589,0.033651355654,0.0527856685221],"dvar":[0.001537298318,0.00122569140512,0.000846810231451,0.000453152752016,0.00025800766889,0.000923535553738],"dvar2":[0.00434436602518,0.00327854696661,0.00233234418556,0.00130141153932,0.000711619912181,0.00232591084205],"max":[-0.400833785534,-0.487569153309,-0.569546043873,-0.586841344833,-0.658381819725,-0.487621128559],"mean":[-0.728077948093,-0.802074968815,-0.808140039444,-0.802859842777,-0.79394441843,-0.704961717129],"median":[-0.734207928181,-0.811408758163,-0.813888609409,-0.80725312233,-0.792200386524,-0.683132529259],"min":[-0.981726646423,-0.978000283241,-0.969785273075,-0.968568444252,-0.96642524004,-0.966561436653],"var":[0.00475198449567,0.003790916875,0.0025689851027,0.0016282540746,0.0010774442926,0.0057939728722]},"spectral_contrast_valleys":{"dmean":[0.388369888067,0.37570849061,0.29515838623,0.230402112007,0.218001708388,0.51599240303],"dmean2":[0.640144169331,0.617527842522,0.483316242695,0.370409876108,0.320432782173,0.782265007496],"dvar":[0.0978347659111,0.0932282805443,0.0586153678596,0.0438346005976,0.063911639154,0.217684105039],"dvar2":[0.25113594532,0.242787927389,0.143000885844,0.100404970348,0.119102865458,0.542585372925],"max":[-5.44526720047,-5.20344877243,-5.4763250351,-5.52417039871,-5.18729543686,-8.76985263824],"mean":[-7.24754142761,-7.45663833618,-7.38740634918,-7.04628229141,-7.28283596039,-11.1791553497],"median":[-7.10130834579,-7.31621646881,-7.13989591599,-6.71010017395,-6.92874574661,-11.0406360626],"min":[-27.7546024323,-28.0232524872,-27.5603561401,-27.4642753601,-27.4754180908,-27.3663711548],"var":[1.15864348412,1.18561184406,1.37378013134,1.61155450344,2.2028093338,1.61990368366]},"spectral_decrease":{"dmean":2.90163271188e-9,"dmean2":4.70349892367e-9,"dvar":2.36937085264e-17,"dvar2":5.89335613849e-17,"max":1.30294508516e-9,"mean":-4.79798512032e-9,"median":-3.1965521341e-9,"min":-5.15855340666e-8,"var":3.0885514557e-17},"spectral_energy":{"dmean":0.0116579309106,"dmean2":0.018577363342,"dvar":0.000365651125321,"dvar2":0.000884757435415,"max":0.209119006991,"mean":0.0294532682747,"median":0.0241200625896,"min":1.00955325811e-20,"var":0.000635713979136},"spectral_energyband_high":{"dmean":0.000744944729377,"dmean2":0.0010302196024,"dvar":0.00000144945602187,"dvar2":0.00000253105031334,"max":0.0283655244857,"mean":0.00301026180387,"median":0.00189252081327,"min":7.31803214413e-21,"var":0.0000124411826619},"spectral_energyband_low":{"dmean":0.0098108490929,"dmean2":0.0162921790034,"dvar":0.000310771312797,"dvar2":0.000794589053839,"max":0.188160553575,"mean":0.0129882758483,"median":0.00653224438429,"min":1.13949269597e-23,"var":0.000342138984706},"spectral_energyband_middle_high":{"dmean":0.00210126885213,"dmean2":0.00320615270175,"dvar":0.00000947279750108,"dvar2":0.0000221471927944,"max":0.0577280260623,"mean":0.0074534942396,"median":0.00569049967453,"min":1.12884829285e-21,"var":0.0000459283000964},"spectral_energyband_middle_low":{"dmean":0.00113678304479,"dmean2":0.00178126757964,"dvar":0.00000269304655376,"dvar2":0.00000638082383375,"max":0.0387507677078,"mean":0.00266512157395,"median":0.00176019256469,"min":1.61571915765e-22,"var":0.0000084677049017},"spectral_entropy":{"dmean":0.0966008231044,"dmean2":0.149365857244,"dvar":0.0119824036956,"dvar2":0.0289888083935,"max":9.81451320648,"mean":7.75273942947,"median":7.81580305099,"min":5.93316555023,"var":0.0990923270583},"spectral_flux":{"dmean":0.0220323465765,"dmean2":0.0359720140696,"dvar":0.000937494449317,"dvar2":0.00222525093704,"max":0.363821566105,"mean":0.0961884558201,"median":0.0917969122529,"min":6.34758565154e-11,"var":0.00264128996059},"spectral_kurtosis":{"dmean":3.40699911118,"dmean2":5.18671894073,"dvar":16.0448360443,"dvar2":39.1528892517,"max":71.1954116821,"mean":21.8130054474,"median":20.5105609894,"min":-1.27038085461,"var":58.7879829407},"spectral_rms":{"dmean":0.000900845741853,"dmean2":0.00140248518437,"dvar":0.00000136064545586,"dvar2":0.00000309648066832,"max":0.0142835061997,"mean":0.00486669084057,"median":0.00485095521435,"min":3.13835936405e-12,"var":0.00000505006983076},"spectral_rolloff":{"dmean":4306.28564453,"dmean2":8078.53076172,"dvar":45284028,"dvar2":106748968,"max":22050,"mean":15161.8994141,"median":19530.6152344,"min":21.533203125,"var":61056352},"spectral_skewness":{"dmean":0.265322953463,"dmean2":0.40273347497,"dvar":0.0851646959782,"dvar2":0.20224827528,"max":6.79368686676,"mean":3.20750546455,"median":3.07962656021,"min":-0.0344233848155,"var":0.46258983016},"spectral_spread":{"dmean":328044.46875,"dmean2":521650.65625,"dvar":185824559104,"dvar2":404748271616,"max":42502576,"mean":4078135,"median":3996443,"min":1917001.75,"var":2044384378880},"spectral_strongpeak":{"dmean":1.04618000984,"dmean2":1.92535221577,"dvar":14.7704744339,"dvar2":40.7485427856,"max":59.3793525696,"mean":0.985293924809,"median":0.158300697803,"min":0,"var":13.0803546906},"zerocrossingrate":{"dmean":0.0375700183213,"dmean2":0.0468900501728,"dvar":0.00118480960373,"dvar2":0.00177986605559,"max":0.92138671875,"mean":0.299004912376,"median":0.29248046875,"min":0.0009765625,"var":0.00911032408476}},"metadata":{"audio_properties":{"analysis_sample_rate":44100,"bit_rate":320000,"codec":"mp3","downmix":"mix","equal_loudness":0,"length":285.49331665,"lossless":false,"md5_encoded":"5ba8d4a64b416fc0372660fec4601719","replay_gain":-3.6563911438,"sample_rate":44100},"tags":{"album":["Metal Magic"],"albumartist":["Pantera"],"albumartistsort":["Pantera"],"artist":["Pantera"],"artistsort":["Pantera"],"catalognumber":["MMR 1283"],"date":["1983"],"discnumber":["1/1"],"file_name":"05. Pantera - Biggest Part of Me.mp3","genre":["Thrash Metal"],"label":["Metal Magic Records"],"musicbrainz album release country":["US"],"musicbrainz album status":["official"],"musicbrainz album type":["album"],"musicbrainz_albumartistid":["541f16f5-ad7a-428e-af89-9fa1b16d3c9c"],"musicbrainz_albumid":["0003766f-36fc-4faf-ba51-358515dbebb9"],"musicbrainz_artistid":["541f16f5-ad7a-428e-af89-9fa1b16d3c9c"],"musicbrainz_recordingid":["4c982b40-1507-4322-bfa8-dea4f1f8e3e3"],"musicip_puid":["31569d7e-a00f-ef55-6798-ccef40b280dd"],"replaygain_album_gain":["-3.59 dB"],"replaygain_album_peak":["0.99996948"],"replaygain_track_gain":["-2.68 dB"],"replaygain_track_peak":["0.85736084"],"title":["Biggest Part of Me"],"tracknumber":["5/10"]},"version":{"essentia":"2.1-beta1","essentia_build_sha":"ca57ba49d9b1854bd80e60cf9ccf267278fb7d6b","essentia_git_sha":"v2.1_beta1-28-g21ef5f4-dirty","extractor":"music 1.0"}},"rhythm":{"beats_count":576,"beats_loudness":{"dmean":0.0258130263537,"dmean2":0.0477476790547,"dvar":0.000524051836692,"dvar2":0.00161023519468,"max":0.1348644346,"mean":0.040069360286,"median":0.0353569537401,"min":0.00000132323100388,"var":0.000805236166343},"beats_loudness_band_ratio":{"dmean":[0.216911494732,0.0461804941297,0.0318753011525,0.0627549663186,0.0683417767286,0.121335171163],"dmean2":[0.372295111418,0.0805141925812,0.0583926402032,0.108438506722,0.119699150324,0.207612782717],"dvar":[0.0268326550722,0.00469320639968,0.00316607323475,0.00494044553488,0.00293025979772,0.0114313643426],"dvar2":[0.0747285708785,0.0129106296226,0.00908718630672,0.0140287904069,0.0084115