{"lowlevel":{"average_loudness":0.0146408351138,"barkbands":{"dmean":[0.000464365293738,0.00177635124419,0.00287806778215,0.000939387013204,0.00110991788097,0.000235662824707,0.000241144647589,0.000100608711364,0.0000711530810804,0.0000442504206148,0.000031384464819,0.0000442949167336,0.0000472952815471,0.0000143171055242,0.0000101366240415,0.00000571085365664,0.00000731633053874,0.00000470704299005,0.00000446247486252,0.0000039384262891,0.00000304309946841,0.00000196434143618,0.00000159049648119,0.00000137760162033,0.00000135715845317,0.00000196608039005,0.0000234777307924],"dmean2":[0.000783269933891,0.00315669667907,0.00497162295505,0.00137723446824,0.00189467915334,0.000395725335693,0.000381694640964,0.000171418112586,0.00011971895583,0.000074026916991,0.0000534493956366,0.0000752065825509,0.0000779197871452,0.0000245902883762,0.0000170429902937,0.00000960429406405,0.0000119710666695,0.00000807640753919,0.00000765036838857,0.00000694566006132,0.00000543918667972,0.00000352520760316,0.00000288377145807,0.00000248485093834,0.00000242773535319,0.00000347473701368,0.0000365567211702],"dvar":[0.00000145738601987,0.00000676816580381,0.0000198469460884,0.00000316706473313,0.00000672363967169,2.6529733077e-7,2.43389735033e-7,3.41478134658e-8,1.29152963879e-8,8.04517519271e-9,4.62885862973e-9,1.23358718795e-8,1.17072609385e-8,6.87993773063e-10,4.69039307394e-10,1.67206498647e-10,6.44237940772e-10,1.74369491068e-10,1.71584663144e-10,1.3915708863e-10,7.57585869038e-11,2.18157540643e-11,1.25389629235e-11,9.10410895977e-12,8.34431135299e-12,1.64381928208e-11,4.20611856455e-9],"dvar2":[0.00000345367402588,0.0000204805637622,0.000055493619584,0.00000601129386268,0.0000186876532098,7.26106009097e-7,5.61688636935e-7,9.41844930935e-8,3.49873587879e-8,1.91217708334e-8,1.14510010363e-8,3.35433902876e-8,2.93184836408e-8,1.94699101286e-9,1.18198273391e-9,4.48636933159e-10,1.54361035065e-9,4.62991478489e-10,4.51409437607e-10,3.94253740765e-10,2.21751131346e-10,6.83003029134e-11,4.15447017066e-11,3.10148538796e-11,2.81453402251e-11,5.02986576001e-11,9.26813381597e-9],"max":[0.0476021692157,0.0470807850361,0.252227306366,0.0581962764263,0.0566571466625,0.0142453499138,0.0128033570945,0.00541781354696,0.00196530390531,0.00260870158672,0.00187163916416,0.00267204851843,0.00179075845517,0.000452731328551,0.000538168125786,0.000327375164488,0.000683858408593,0.000314988457831,0.000353896408342,0.000257454026723,0.000231836544117,0.000105587190774,0.0000505109601363,0.0000379107550543,0.0000366666390619,0.0000687955325702,0.00158361694776],"mean":[0.000533791666385,0.00269228382967,0.0164198130369,0.00257049431093,0.00179469271097,0.00039134779945,0.000481408962514,0.000163932243595,0.000117594740004,0.0000726485668565,0.0000533551319677,0.0000775603475631,0.0000828456250019,0.0000242312362388,0.0000151202293637,0.00000681490018906,0.00000814637587609,0.00000493950210512,0.00000454355040347,0.00000418139916292,0.00000320956360156,0.00000199854571292,0.00000152397706188,0.00000136897824632,0.00000143087709148,0.00000224040854846,0.0000383604856324],"median":[0.000202313123737,0.00174678466283,0.00242828251794,0.000474714383017,0.000564666406717,0.000158927912707,0.000116620678455,0.0000706764694769,0.0000544693903066,0.0000262801950157,0.0000164503344422,0.0000222445560212,0.0000162740034284,0.00000760700822866,0.00000592066226091,0.00000233049604503,0.00000186409033631,0.00000144270336477,0.00000121990706248,0.0000010349256172,8.76756530488e-7,6.47718934488e-7,4.59624914129e-7,4.11726176708e-7,4.45395073712e-7,8.42956069391e-7,0.0000174104025064],"min":[7.83957944005e-19,1.17267658362e-18,7.8083544059e-19,7.81039909298e-19,1.9522668072e-18,1.95428037161e-18,1.95316491855e-18,1.95206373436e-18,2.73606903445e-18,2.73465724394e-18,2.73549145559e-18,3.51281603147e-18,3.90759211471e-18,4.29924228242e-18,5.07629533626e-18,5.85985912871e-18,6.63922291159e-18,8.20484833649e-18,1.0157845751e-17,1.24996767832e-17,1.64066576114e-17,1.99241918811e-17,2.38322811313e-17,3.24184886815e-17,4.53134932774e-17,6.36805259272e-17,9.0624147671e-17],"var":[0.0000018643219164,0.00000936791548156,0.00150918832514,0.0000356715790986,0.0000122147985167,4.97782423281e-7,9.09449966002e-7,6.17847391027e-8,2.70890971876e-8,1.98998115764e-8,1.47358463209e-8,2.67286157651e-8,2.8680176456e-8,1.72691738687e-9,8.35095215201e-10,1.9710191812e-10,7.56375462263e-10,1.68867378414e-10,1.57327248451e-10,1.1053789134e-10,5.91624388369e-11,1.8762500234e-11,1.02346768213e-11,8.11206570667e-12,8.20350645053e-12,1.61962197126e-11,6.64380461757e-9]},"barkbands_crest":{"dmean":2.44929170609,"dmean2":4.03781938553,"dvar":5.0613079071,"dvar2":14.9245157242,"max":24.4767379761,"mean":14.0844173431,"median":12.9712915421,"min":3.57590246201,"var":27.6514434814},"barkbands_flatness_db":{"dmean":0.0481572337449,"dmean2":0.0828316360712,"dvar":0.00176811567508,"dvar2":0.00582505343482,"max":0.555683195591,"mean":0.253689229488,"median":0.241877868772,"min":0.0374714657664,"var":0.00602084491402},"barkbands_kurtosis":{"dmean":39.9952697754,"dmean2":67.2987976074,"dvar":5275.55224609,"dvar2":14754.6357422,"max":871.660217285,"mean":92.9022827148,"median":27.1349067688,"min":-1.91611993313,"var":21553.3339844},"barkbands_skewness":{"dmean":1.36537241936,"dmean2":2.35100317001,"dvar":2.22359704971,"dvar2":6.61079359055,"max":22.7887687683,"mean":5.67359113693,"median":3.93336105347,"min":-1.84693443775,"var":18.8602275848},"barkbands_spread":{"dmean":2.46564006805,"dmean2":4.08722925186,"dvar":13.4812889099,"dvar2":33.3103523254,"max":139.271347046,"mean":6.93979549408,"median":5.0390586853,"min":0.174327939749,"var":149.770278931},"dissonance":{"dmean":0.028335461393,"dmean2":0.0476207062602,"dvar":0.000713510555215,"dvar2":0.0019918421749,"max":0.500000119209,"mean":0.44361448288,"median":0.452618598938,"min":0.20559284091,"var":0.00144326791633},"dynamic_complexity":5.87271547318,"erbbands":{"dmean":[0.0370925851166,0.489532023668,3.00977945328,3.15172815323,2.83556628227,4.83824396133,2.62518191338,2.02728843689,2.39180541039,4.76357889175,1.76204967499,1.78217029572,1.01863658428,1.48371255398,1.34505975246,1.87289690971,2.17460370064,0.767881631851,0.62441265583,0.401973903179,0.316429138184,0.419614881277,0.252909451723,0.259982407093,0.193815082312,0.197224020958,0.140790447593,0.109303943813,0.0728215575218,0.0573966018856,0.043296162039,0.0310272276402,0.0218889284879,0.0150167839602,0.00977037474513,0.00593100022525,0.00381952780299,0.00238086702302,0.00146954518277,0.00144608016126],"dmean2":[0.0649783983827,0.842237770557,5.07763957977,5.13024520874,4.79908800125,8.26870632172,4.5733127594,3.39029312134,3.77897644043,7.69755220413,2.95806407928,2.99272418022,1.73163580894,2.48926377296,2.26925706863,3.1737382412,3.51567339897,1.3096139431,1.0479824543,0.68070179224,0.524019122124,0.687373161316,0.432030379772,0.441582620144,0.337695658207,0.34779420495,0.249765843153,0.19643124938,0.13070833683,0.103877604008,0.0783827155828,0.0560944005847,0.0393964387476,0.0269401613623,0.0174301043153,0.0104919569567,0.00673842197284,0.00417157215998,0.00246096332557,0.00237018195912],"dvar":[0.00612195441499,0.488970041275,19.8774452209,32.0613136292,27.9224700928,178.032180786,30.3643436432,21.4676055908,18.5996189117,132.441497803,7.84973335266,8.66117477417,3.77851390839,8.84187507629,9.45812034607,23.5091953278,24.0357818604,2.02487373352,1.35433256626,0.938858389854,0.55273103714,2.32847476006,0.438826411963,0.571643352509,0.322517186403,0.38174328208,0.150839984417,0.10145623982,0.029616009444,0.0182721540332,0.00877232756466,0.00460926163942,0.0022977727931,0.00105922401417,0.000417899194872,0.000135248687002,0.0000622547013336,0.000057336732425,0.0000208966503124,0.0000048728325055],"dvar2":[0.0170331262052,1.5109577179,52.4395599365,75.7224731445,78.3658981323,496.449310303,88.6483612061,58.6897544861,42.9311485291,313.49987793,21.0071201324,23.6813526154,10.4424314499,21.2489547729,22.3741645813,64.789604187,57.808265686,5.58627223969,3.61648631096,2.46931529045,1.43465566635,5.54754924774,1.14909160137,1.49195492268,0.879751205444,1.07495296001,0.432241916656,0.30103456974,0.0924920514226,0.0587901175022,0.0293863359839,0.0156482439488,0.00783834792674,0.00359347439371,0.00140155304689,0.000443815923063,0.000189083468285,0.000162114112754,0.0000553751306143,0.0000115071215987],"max":[2.69584059715,7.67992401123,194.445373535,350.832702637,105.888153076,324.266387939,131.64100647,137.218475342,116.480178833,284.892700195,55.2678565979,47.8290748596,71.4613037109,86.602104187,90.4748001099,112.172134399,89.1113052368,31.0003070831,23.2782115936,22.9836177826,19.6575775146,46.5574760437,20.8543548584,15.8517045975,14.5653038025,13.1992731094,8.66884994507,8.24878025055,3.99033403397,2.52006173134,1.09962999821,0.837636232376,0.60817450285,0.413900971413,0.258827030659,0.143796622753,0.146610200405,0.21301664412,0.112288884819,0.0450337007642],"mean":[0.0533657595515,0.944859623909,13.1619758606,18.4073219299,5.27897977829,7.01404762268,3.9834291935,3.33547711372,4.56977176666,8.65680027008,3.31347465515,2.93803620338,1.76468777657,2.46967434883,2.56603169441,3.52495145798,4.05681991577,1.49401044846,1.04690217972,0.570492327213,0.383637934923,0.468797713518,0.275428116322,0.269392937422,0.197130680084,0.205580636859,0.154798164964,0.110519357026,0.0749378725886,0.0553211979568,0.0416349954903,0.0304210614413,0.0219869688153,0.0155037324876,0.0105145219713,0.00674677174538,0.00440560793504,0.00284035154618,0.0024483052548,0.00586378667504],"median":[0.0294448249042,0.524476587772,2.69165325165,2.52831315994,1.88279092312,1.81437587738,1.45271456242,1.32986724377,1.57715320587,1.61111593246,1.81205630302,1.37549197674,0.717504739761,0.977915644646,0.83713889122,0.899539709091,0.82433950901,0.466111063957,0.418668925762,0.221606910229,0.126262322068,0.108633257449,0.0841318964958,0.0730495899916,0.0537088215351,0.0492583736777,0.0401902124286,0.0316602811217,0.0240198746324,0.0171788819134,0.0125107346103,0.00908449292183,0.00667700078338,0.00471918657422,0.00335264857858,0.00235457532108,0.00169393001124,0.00121672044042,0.00130378105678,0.00428716046736],"min":[4.27097040714e-17,2.38361688802e-16,8.04349845311e-16,1.95071645401e-15,3.94140651038e-15,7.01775182426e-15,1.1424071426e-14,1.73646802503e-14,2.50924549016e-14,3.48279144782e-14,4.67683820816e-14,6.11978661648e-14,7.82563304522e-14,9.82337177097e-14,1.21323104015e-13,1.47712679761e-13,1.77649805673e-13,2.1130238401e-13,2.48720423597e-13,2.8991167648e-13,3.34809166069e-13,3.83053452239e-13,4.34018408236e-13,4.86694452101e-13,5.39585466152e-13,5.90501931207e-13,6.36489504765e-13,6.73804870406e-13,6.97739392305e-13,7.03223883205e-13,6.85140095699e-13,6.39400912859e-13,5.64538867043e-13,4.6362729194e-13,3.45657394851e-13,2.25679595996e-13,1.21960831733e-13,4.95277104919e-14,1.25477326283e-14,1.33437663571e-15],"var":[0.00669836904854,1.34694945812,804.019287109,2139.38061523,62.4612121582,283.574523926,52.4840621948,37.0369110107,59.5255088806,414.597381592,18.3723812103,17.4583511353,8.30832862854,20.7185325623,36.222946167,55.629196167,66.1191253662,6.05069875717,2.78576421738,1.40712547302,0.687385559082,2.76779556274,0.464454233646,0.543717622757,0.275283396244,0.294302105904,0.130615085363,0.074050180614,0.0259568765759,0.0145497163758,0.00739599391818,0.00401401054114,0.00208519864827,0.00100594118703,0.000424577854574,0.000151130414451,0.0000617777695879,0.0000435972688138,0.0000202366190933,0.0000381897225452]},"erbbands_crest":{"dmean":2.88717389107,"dmean2":4.97730398178,"dvar":6.93611478806,"dvar2":18.7551670074,"max":31.5136680603,"mean":12.4650373459,"median":10.6019735336,"min":2.17820215225,"var":35.8719596863},"erbbands_flatness_db":{"dmean":0.0398680195212,"dmean2":0.0678625628352,"dvar":0.00133150664624,"dvar2":0.00442442251369,"max":0.402209341526,"mean":0.176747262478,"median":0.172426775098,"min":0.0377354770899,"var":0.0023582149297},"erbbands_kurtosis":{"dmean":11.4247093201,"dmean2":21.2463245392,"dvar":935.76763916,"dvar2":3300.79492188,"max":305.809906006,"mean":10.6592321396,"median":2.05784106255,"min":-1.64180219173,"var":691.06060791},"erbbands_skewness":{"dmean":0.958169639111,"dmean2":1.71110379696,"dvar":2.22907519341,"dvar2":8.05279541016,"max":14.1874227524,"mean":1.77483439445,"median":1.05496907234,"min":-2.07294511795,"var":4.62670135498},"erbbands_spread":{"dmean":7.35814571381,"dmean2":12.7301959991,"dvar":51.3415679932,"dvar2":162.928924561,"max":113.318984985,"mean":21.8639907837,"median":21.6096725464,"min":0.984415590763,"var":126.421707153},"gfcc":{"cov":[[17440.5546875,1117.04370117,-978.949645996,-541.922607422,28.3202133179,-185.055938721,168.87197876,-209.988189697,54.2134094238,46.0296134949,111.949195862,-53.8261299133,-43.9325904846],[1117.04370117,929.847229004,-43.3150482178,-349.770996094,60.4978752136,-103.650382996,95.8314819336,-130.543807983,73.8907470703,25.5544109344,111.811569214,-29.5272350311,38.3664627075],[-978.949645996,-43.3150482178,605.439575195,225.438064575,46.6049804688,55.8562011719,-52.3097724915,71.7410964966,13.8171033859,-50.1096000671,-57.5785217285,-44.3059806824,-30.2114238739],[-541.922607422,-349.770996094,225.438064575,491.389038086,93.9107284546,71.040222168,-40.3519630432,31.6522750854,-70.2635726929,-74.1110610962,-108.065063477,-50.1596450806,-46.2099266052],[28.3202133179,60.4978752136,46.6049804688,93.9107284546,185.560684204,26.1684398651,54.3216209412,-52.7497177124,-28.3485660553,-51.0519142151,-23.2225093842,-43.0265960693,-2.51289772987],[-185.055938721,-103.650382996,55.8562011719,71.040222168,26.1684398651,124.575935364,12.6305074692,29.4549751282,-42.4848136902,-20.1305160522,-32.8975219727,-20.161403656,-10.6136522293],[168.87197876,95.8314819336,-52.3097724915,-40.3519630432,54.3216209412,12.6305074692,125.46937561,-26.2430725098,2.38417029381,1.14721333981,16.179693222,-15.2660799026,-0.206451147795],[-209.988189697,-130.543807983,71.7410964966,31.6522750854,-52.7497177124,29.4549751282,-26.2430725098,171.150054932,84.1684417725,3.5062661171,-17.9538269043,17.0863609314,-16.6742591858],[54.2134094238,73.8907470703,13.8171033859,-70.2635726929,-28.3485660553,-42.4848136902,2.38417029381,84.1684417725,123.110015869,38.3501777649,31.2701263428,16.5255184174,-3.6354868412],[46.0296134949,25.5544109344,-50.1096000671,-74.1110610962,-51.0519142151,-20.1305160522,1.14721333981,3.5062661171,38.3501777649,81.056098938,47.6801338196,22.3460845947,0.822247982025],[111.949195862,111.811569214,-57.5785217285,-108.065063477,-23.2225093842,-32.8975219727,16.179693222,-17.9538269043,31.2701263428,47.6801338196,66.115234375,28.1335411072,15.7601709366],[-53.8261299133,-29.5272350311,-44.3059806824,-50.1596450806,-43.0265960693,-20.161403656,-15.2660799026,17.0863609314,16.5255184174,22.3460845947,28.1335411072,50.8917503357,18.3267269135],[-43.9325904846,38.3664627075,-30.2114238739,-46.2099266052,-2.51289772987,-10.6136522293,-0.206451147795,-16.6742591858,-3.6354868412,0.822247982025,15.7601709366,18.3267269135,36.2109413147]],"icov":[[0.0000714584821253,-0.00011454478954,0.000138492672704,-0.0000190539649338,0.00000209272434404,0.0000109286047518,0.0000224143204832,-0.0000217758915824,0.0000143183897308,0.0000154313183884,0.0000853197852848,-0.000024438912078,0.000269062118605],[-0.00011454478954,0.00297724409029,-0.000753872503992,0.00150930171367,-0.00010018744797,0.00031084290822,-0.000383243837859,0.00216753780842,-0.00248421961442,0.0025340069551,-0.00433988403529,0.00426381919533,-0.00149232510012],[0.000138492672704,-0.000753872503992,0.00271130958572,-0.00128768465947,0.0000839913991513,-0.000936934142374,0.00120536331087,-0.000608400558122,-0.000835784536321,0.000816576532088,-0.000342625164194,0.000948580214754,0.00061011989601],[-0.0000190539649338,0.00150930171367,-0.00128768465947,0.00523029174656,-0.00268552172929,0.00110076204874,0.000606615503784,-0.000660647579934,0.00188795104623,-0.000713647867087,0.00295127811842,0.000663911108859,0.00239870883524],[0.00000209272434404,-0.00010018744797,0.0000839913991513,-0.00268552172929,0.0114776780829,-0.00328259682283,-0.0032449180726,0.00592208886519,-0.00610896851867,0.00737952301279,-0.00294930650853,0.00398522661999,-0.00221970281564],[0.0000109286047518,0.00031084290822,-0.000936934142374,0.00110076204874,-0.00328259682283,0.0164158158004,-0.00248176627792,-0.0111881913617,0.013963134028,-0.00553453713655,0.000507480581291,0.00543591426685,-0.00171983882319],[0.0000224143204832,-0.000383243837859,0.00120536331087,0.000606615503784,-0.0032449180726,-0.00248176627792,0.0115135153756,0.000344215135556,-0.0011513546342,0.000671061920002,-0.00394407333806,0.00270751002245,0.00170002621599],[-0.0000217758915824,0.00216753780842,-0.000608400558122,-0.000660647579934,0.00592208886519,-0.0111881913617,0.000344215135556,0.0253351032734,-0.0243485718966,0.00837755855173,0.00615494372323,-0.0084152976051,0.00407161936164],[0.0000143183897308,-0.00248421961442,-0.000835784536321,0.00188795104623,-0.00610896851867,0.013963134028,-0.0011513546342,-0.0243485718966,0.0353770069778,-0.012525819242,-0.00464035477489,0.00430479086936,0.000488807272632],[0.0000154313183884,0.0025340069551,0.000816576532088,-0.000713647867087,0.00737952301279,-0.00553453713655,0.000671061920002,0.00837755855173,-0.012525819242,0.0332775972784,-0.0238164961338,0.00317307119258,0.00660242373124],[0.0000853197852848,-0.00433988403529,-0.000342625164194,0.00295127811842,-0.00294930650853,0.000507480581291,-0.00394407333806,0.00615494372323,-0.00464035477489,-0.0238164961338,0.059392221272,-0.0255394075066,-0.00191084353719],[-0.000024438912078,0.00426381919533,0.000948580214754,0.000663911108859,0.00398522661999,0.00543591426685,0.00270751002245,-0.0084152976051,0.00430479086936,0.00317307119258,-0.0255394075066,0.0509901568294,-0.0192292965949],[0.000269062118605,-0.00149232510012,0.00061011989601,0.00239870883524,-0.00221970281564,-0.00171983882319,0.00170002621599,0.00407161936164,0.000488807272632,0.00660242373124,-0.00191084353719,-0.0192292965949,0.0447830557823]],"mean":[-151.224060059,121.561668396,-33.7809028625,-2.98761081696,-15.8559293747,-3.91010308266,-7.76141119003,-15.8966007233,-11.084145546,-9.41885280609,-6.10418176651,-14.8443727493,-10.4486579895]},"hfc":{"dmean":45.5643157959,"dmean2":77.3286056519,"dvar":3307.01635742,"dvar2":9442.20605469,"max":1457.12536621,"mean":190.039916992,"median":127.201370239,"min":4.41448353566e-12,"var":54176.7734375},"melbands":{"dmean":[0.00039528607158,0.0012179305777,0.000496489694342,0.000272241712082,0.00011653223919,0.000045512784709,0.0000379072807846,0.0000454979963251,0.0000135533209686,0.0000106912502815,0.00000512052974955,0.00000630948579783,0.00000443210956291,0.00000416089233113,0.00000674184730087,0.00000344411637343,0.0000014130745285,0.00000110743326331,6.96831875757e-7,4.29137259061e-7,3.78144562774e-7,4.79800462472e-7,2.55959889728e-7,2.28873616948e-7,2.12876344108e-7,1.61426982004e-7,1.20511373325e-7,1.36034756792e-7,9.13712554507e-8,7.64256284924e-8,5.92878244277e-8,4.21682742058e-8,3.51799371856e-8,3.09977217228e-8,2.56784247199e-8,2.10789963262e-8,1.8291522963e-8,1.55995270035e-8,1.37021496371e-8,1.23101084881e-8],"dmean2":[0.000698527379427,0.00205544009805,0.000826335512102,0.000465743389213,0.000202349227038,0.0000751437619328,0.0000600934945396,0.0000738996241125,0.0000228244152822,0.0000179966555152,0.00000867630933499,0.0000105655080915,0.00000755267001296,0.00000702306124367,0.0000112394136522,0.00000557627254238,0.00000244717648457,0.00000187801958873,0.0000011754497109,7.27707117676e-7,6.25574273272e-7,7.81405105954e-7,4.35854616399e-7,3.92866951415e-7,3.63154640581e-7,2.79583616702e-7,2.13595868104e-7,2.40273323016e-7,1.62031369655e-7,1.37035243597e-7,1.06684069578e-7,7.57230651516e-8,6.32931573818e-8,5.63927677888e-8,4.65231018154e-8,3.82024367696e-8,3.30816511962e-8,2.80874168368e-8,2.46393323522e-8,2.20705906884e-8],"dvar":[4.27927147939e-7,0.00000298906252283,7.27387941879e-7,4.41353421365e-7,6.29543563946e-8,9.78091918569e-9,4.54906556868e-9,1.13761808862e-8,4.69804695147e-10,3.13660181162e-10,9.86905765443e-11,1.70478173245e-10,9.62329035903e-11,7.82716391701e-11,3.30824229122e-10,5.98919941419e-11,7.14057285522e-12,4.06229867453e-12,2.40460472714e-12,9.94812088609e-13,9.45799428359e-13,3.17655493923e-12,4.9506845021e-13,5.18064269869e-13,3.85789436421e-13,2.64006075031e-13,1.0575785717e-13,1.97295874299e-13,5.95832180795e-14,5.24731489813e-14,3.00004975289e-14,9.81082263904e-15,7.30110467391e-15,5.71884204624e-15,3.09016148004e-15,2.09111449436e-15,1.63065023181e-15,1.16523961449e-15,8.99954824645e-16,7.06298105431e-16],"dvar2":[0.00000120704964957,0.00000817272302811,0.00000186969225524,0.00000121871914871,1.82687642791e-7,2.62866581835e-8,1.07779509761e-8,2.73665730077e-8,1.26329069428e-9,8.60714721718e-10,2.6875357495e-10,4.0285549896e-10,2.40237940652e-10,2.07953265718e-10,8.9636648104e-10,1.36198316514e-10,2.03000671828e-11,1.1053742123e-11,5.77451107764e-12,2.73656900092e-12,2.40404549566e-12,7.50900123331e-12,1.28462117246e-12,1.36476962544e-12,1.01039315803e-12,6.95390414088e-13,3.03601653366e-13,5.54897436594e-13,1.70149227281e-13,1.54389156082e-13,8.93791469872e-14,3.07199266567e-14,2.27364717223e-14,1.83902762132e-14,1.03179912395e-14,7.08813475647e-15,5.51461393233e-15,3.97611156782e-15,3.0635261055e-15,2.39289623984e-15],"max":[0.0190916880965,0.0736968368292,0.0518831461668,0.0148108201101,0.00449207099155,0.00282971002162,0.00149724888615,0.00254134368151,0.000417200411903,0.000277146580629,0.00036739159259,0.000397322932258,0.000255296617979,0.000183410040336,0.00040131926653,0.000161056319484,0.0000525121577084,0.0000401258403144,0.0000451032719866,0.0000235133120441,0.000024417968234,0.0000527019874426,0.0000155518009706,0.0000151059221025,0.0000126975492094,0.0000154705103341,0.00000684230826664,0.000010418918464,0.00000461792069473,0.00000792606715549,0.00000519061950399,0.00000219891785491,0.00000195263032765,0.00000162241735779,6.43468979433e-7,5.62373088542e-7,4.91763273658e-7,4.32495284031e-7,3.81403907568e-7,3.37831437491e-7],"mean":[0.000616020639427,0.0051893577911,0.00285116769373,0.000422134937253,0.000177596069989,0.0000771202176111,0.0000755618020776,0.0000816320170998,0.0000239521923504,0.0000171652773133,0.00000846953025757,0.0000101306932265,0.00000780900791142,0.000007753376849,0.0000117011149996,0.00000636203139948,0.00000239758469434,0.00000178322056854,0.00000102126284673,5.29135149918e-7,4.36169187878e-7,5.30386557784e-7,2.80845597445e-7,2.36663339592e-7,2.18017405018e-7,1.5963524902e-7,1.25214668856e-7,1.39622599704e-7,1.00889458565e-7,7.80759989993e-8,5.89978732535e-8,4.36780602797e-8,3.45064528062e-8,2.93265767226e-8,2.45314044633e-8,2.04926546843e-8,1.7867026969e-8,1.55770063515e-8,1.3895879114e-8,1.27529364846e-8],"median":[0.000409007596318,0.00127755245194,0.000479610695038,0.000125649006804,0.0000594179218751,0.000030286013498,0.0000236814521486,0.0000167742655321,0.0000137048255056,0.00000745638544686,0.00000314163321491,0.00000380190977012,0.00000246591798714,0.00000250200628216,0.00000225173562285,0.00000137513518439,7.37752714031e-7,6.92357616572e-7,3.84517193197e-7,1.94676175624e-7,1.25527662931e-7,1.10172933887e-7,8.59819948573e-8,6.48214637522e-8,5.74386689323e-8,4.12107894476e-8,3.39274066619e-8,3.2001636896e-8,2.56522589837e-8,2.08085531028e-8,1.7087218751e-8,1.38140174855e-8,1.07545217176e-8,8.80959039051e-9,7.30817095729e-9,6.10984152161e-9,5.2552309171e-9,4.68941774301e-9,4.14305700858e-9,3.88280785302e-9],"min":[3.90188591266e-19,3.90701753438e-19,3.9063681976e-19,3.90464998837e-19,3.90657033986e-19,3.90634751808e-19,3.90733780837e-19,3.9071191225e-19,3.90421184114e-19,3.90741613204e-19,3.90660963094e-19,3.90643747398e-19,3.90764412369e-19,3.9053313784e-19,3.90692447656e-19,3.90613400209e-19,3.90618156497e-19,3.90688518548e-19,3.90656336053e-19,3.90623972611e-19,3.90617355166e-19,3.90620948232e-19,3.90654552444e-19,3.90616062696e-19,3.90616166094e-19,3.90615623257e-19,3.90648917276e-19,3.90632037622e-19,3.90645246662e-19,3.90665512587e-19,3.90664840503e-19,3.90654035456e-19,3.9065046824e-19,3.90635475591e-19,3.90649899553e-19,3.90646564982e-19,3.90656801342e-19,3.90639637344e-19,3.9063170158e-19,3.90654862637e-19],"var":[5.79552533964e-7,0.000117152529128,0.0000473926484119,7.58169562687e-7,1.13211832797e-7,1.86813498004e-8,1.59063180405e-8,3.42698740496e-8,9.81553727186e-10,6.28617213838e-10,2.1688721652e-10,3.97164356958e-10,3.10114489643e-10,2.25710880541e-10,7.1532124668e-10,1.73825870364e-10,1.73735921483e-11,8.35257991244e-12,4.49179408946e-12,1.19769190225e-12,1.11712993456e-12,3.78031373566e-12,5.33956288472e-13,4.8610518822e-13,3.61960217658e-13,2.28466686758e-13,8.73340841919e-14,1.48956422284e-13,5.39727022298e-14,3.89227834533e-14,2.15396785423e-14,8.65395096891e-15,6.17387407474e-15,4.31753191413e-15,2.58309177067e-15,1.80670730045e-15,1.4116067705e-15,1.05102823299e-15,8.32613375998e-16,6.76004819105e-16]},"melbands_crest":{"dmean":3.30627202988,"dmean2":5.49420309067,"dvar":9.55061244965,"dvar2":28.8033370972,"max":32.9108772278,"mean":19.7198905945,"median":20.4986534119,"min":1.00034379959,"var":32.5843887329},"melbands_flatness_db":{"dmean":0.0584744401276,"dmean2":0.100911408663,"dvar":0.00258344458416,"dvar2":0.00860421732068,"max":0.740704536438,"mean":0.394545406103,"median":0.386840522289,"min":-1.2080109002e-7,"var":0.00806922186166},"melbands_kurtosis":{"dmean":26.2348670959,"dmean2":46.9742851257,"dvar":1816.39086914,"dvar2":6343.88232422,"max":588.297790527,"mean":56.5850906372,"median":21.4621582031,"min":-1.68544149399,"var":5601.78857422},"melbands_skewness":{"dmean":1.48245894909,"dmean2":2.64367938042,"dvar":3.1961414814,"dvar2":11.6583995819,"max":16.9912185669,"mean":4.06574773788,"median":3.52303028107,"min":-1.16808354855,"var":5.4606461525},"melbands_spread":{"dmean":1.59896636009,"dmean2":2.71258449554,"dvar":5.90034484863,"dvar2":16.0115089417,"max":212.133010864,"mean":5.24714994431,"median":3.54213285446,"min":0.26483848691,"var":203.223464966},"mfcc":{"cov":[[10630.7373047,1805.64233398,-1282.5300293,-179.161437988,-441.33605957,52.1411361694,-15.6678724289,-115.70539856,-123.532325745,-30.3103866577,24.2884979248,89.8307189941,-25.3098220825],[1805.64233398,1443.36877441,-222.93586731,-264.883392334,-161.368392944,-5.61078166962,-12.2924118042,-102.616142273,-55.5762786865,2.04767394066,69.4297561646,82.5689926147,48.5604782104],[-1282.5300293,-222.93586731,586.167724609,162.474975586,169.944091797,-2.84210085869,-7.87272310257,61.1684608459,55.3440589905,24.5619544983,1.22073805332,-16.7204723358,17.3351268768],[-179.161437988,-264.883392334,162.474975586,293.404571533,125.891265869,62.3448486328,31.0429840088,40.1080131531,27.1924438477,5.7515411377,-21.4786338806,-36.3956489563,-32.0106620789],[-441.33605957,-161.368392944,169.944091797,125.891265869,179.941268921,34.615070343,15.4645528793,54.2617950439,40.886932373,3.87664175034,-16.8909702301,-30.4883232117,-13.5185337067],[52.1411361694,-5.61078166962,-2.84210085869,62.3448486328,34.615070343,142.701705933,104.100532532,-13.6337966919,-20.8687477112,-9.54388618469,-12.3709211349,-35.7868118286,-54.9605484009],[-15.6678724289,-12.2924118042,-7.87272310257,31.0429840088,15.4645528793,104.100532532,122.831039429,18.6284122467,-4.54461860657,-4.55758857727,-13.4963693619,-29.0362892151,-46.284740448],[-115.70539856,-102.616142273,61.1684608459,40.1080131531,54.2617950439,-13.6337966919,18.6284122467,100.033699036,60.6954421997,19.5616588593,-8.8500957489,-2.58578062057,8.55595302582],[-123.532325745,-55.5762786865,55.3440589905,27.1924438477,40.886932373,-20.8687477112,-4.54461860657,60.6954421997,66.8092803955,33.2118339539,4.79026985168,3.34647130966,14.6240139008],[-30.3103866577,2.04767394066,24.5619544983,5.7515411377,3.87664175034,-9.54388618469,-4.55758857727,19.5616588593,33.2118339539,44.7721977234,24.9399795532,13.6035242081,15.3217420578],[24.2884979248,69.4297561646,1.22073805332,-21.4786338806,-16.8909702301,-12.3709211349,-13.4963693619,-8.8500957489,4.79026985168,24.9399795532,45.5282554626,33.0590553284,22.0477161407],[89.8307189941,82.5689926147,-16.7204723358,-36.3956489563,-30.4883232117,-35.7868118286,-29.0362892151,-2.58578062057,3.34647130966,13.6035242081,33.0590553284,52.8338546753,42.2805671692],[-25.3098220825,48.5604782104,17.3351268768,-32.0106620789,-13.5185337067,-54.9605484009,-46.284740448,8.55595302582,14.6240139008,15.3217420578,22.0477161407,42.2805671692,60.3934936523]],"icov":[[0.000182956180652,-0.00023841750226,0.000355710275471,-0.000326025648974,0.000247003161348,-0.000278414052445,0.000465430261102,-0.000502744456753,0.00026336722658,-0.000199174086447,0.000259689957602,-0.000194392632693,0.000251359073445],[-0.00023841750226,0.00126190716401,-0.000373947143089,0.00108358624857,-0.000228067568969,-0.000183528929483,-0.000702388002537,0.00138338143006,-0.000854398007505,0.000686710467562,-0.000933009840082,-0.000550152617507,-0.000626818218734],[0.000355710275471,-0.000373947143089,0.00334567693062,-0.00141614791937,-0.00160379672889,0.000515451596584,0.0000365645137208,-0.000621954153758,0.000550142955035,-0.000601675012149,-0.0010173904011,0.00170168699697,-0.00183544587344],[-0.000326025648974,0.00108358624857,-0.00141614791937,0.00676064472646,-0.00272567034699,-0.00300074811094,0.00159255368635,-0.0000641040533083,-0.0000792305654613,-0.00153982418124,0.00163521594368,-0.00189213559497,0.00200815522112],[0.000247003161348,-0.000228067568969,-0.00160379672889,-0.00272567034699,0.0133750662208,-0.00680167740211,0.00576764298603,-0.00513524608687,-0.00536229787394,0.00651125889271,-0.00374039588496,0.00630053505301,-0.00214447267354],[-0.000278414052445,-0.000183528929483,0.000515451596584,-0.00300074811094,-0.00680167740211,0.0316236913204,-0.0251597054303,0.0116329584271,0.00258042570204,-0.00334147457033,-0.00158695189748,0.00101261248346,0.00471202190965],[0.000465430261102,-0.000702388002537,0.0000365645137208,0.00159255368635,0.00576764298603,-0.0251597054303,0.0339297950268,-0.0170820206404,0.00489159394056,-0.00145489524584,0.00124529993627,-0.00208519119769,0.00860126595944],[-0.000502744456753,0.00138338143006,-0.000621954153758,-0.0000641040533083,-0.00513524608687,0.0116329584271,-0.0170820206404,0.0355376601219,-0.0282065421343,0.00541163887829,0.00698507763445,-0.00611240323633,-0.00268119992688],[0.00026336722658,-0.000854398007505,0.000550142955035,-0.0000792305654613,-0.00536229787394,0.00258042570204,0.00489159394056,-0.0282065421343,0.0627184361219,-0.0383058600128,0.00948261655867,0.00108540127985,-0.000200191265321],[-0.000199174086447,0.000686710467562,-0.000601675012149,-0.00153982418124,0.00651125889271,-0.00334147457033,-0.00145489524584,0.00541163887829,-0.0383058600128,0.0680122300982,-0.0403482578695,0.0171210579574,-0.00997951813042],[0.000259689957602,-0.000933009840082,-0.0010173904011,0.00163521594368,-0.00374039588496,-0.00158695189748,0.00124529993627,0.00698507763445,0.00948261655867,-0.0403482578695,0.0726348683238,-0.0476214066148,0.0144636407495],[-0.000194392632693,-0.000550152617507,0.00170168699697,-0.00189213559497,0.00630053505301,0.00101261248346,-0.00208519119769,-0.00611240323633,0.00108540127985,0.0171210579574,-0.0476214066148,0.0840198323131,-0.0455731116235],[0.000251359073445,-0.000626818218734,-0.00183544587344,0.00200815522112,-0.00214447267354,0.00471202190965,0.00860126595944,-0.00268119992688,-0.000200191265321,-0.00997951813042,0.0144636407495,-0.0455731116235,0.0587435998023]],"mean":[-824.509399414,181.00958252,38.8052024841,24.2891616821,13.1082172394,17.8503551483,11.3210201263,2.02076268196,-0.181927293539,1.99591946602,2.82443213463,2.12279391289,-1.69834852219]},"pitch_salience":{"dmean":0.0743510201573,"dmean2":0.123322226107,"dvar":0.00412595458329,"dvar2":0.0122445821762,"max":0.996078789234,"mean":0.452575445175,"median":0.488796293736,"min":0.0729633122683,"var":0.0303700603545},"silence_rate_20dB":{"dmean":0,"dmean2":0,"dvar":0,"dvar2":0,"max":1,"mean":1,"median":1,"min":1,"var":0},"silence_rate_30dB":{"dmean":0.000697289302479,"dmean2":0.00139470014255,"dvar":0.0006967940717,"dvar2":0.00139271898661,"max":1,"mean":0.914415180683,"median":1,"min":0,"var":0.0782603099942},"silence_rate_60dB":{"dmean":0.0115052731708,"dmean2":0.0230125524104,"dvar":0.0113726360723,"dvar2":0.0254466384649,"max":1,"mean":0.195485442877,"median":0,"min":0,"var":0.157262042165},"spectral_centroid":{"dmean":70.3527374268,"dmean2":118.080345154,"dvar":9201.44335938,"dvar2":23223.7929688,"max":4299.18359375,"mean":345.032409668,"median":305.334655762,"min":107.798912048,"var":118026.226562},"spectral_complexity":{"dmean":1.26401114464,"dmean2":2.16195964813,"dvar":1.87996613979,"dvar2":4.87234354019,"max":22,"mean":5.78926277161,"median":5,"min":0,"var":15.6237649918},"spectral_contrast_coeffs":{"dmean":[0.0456584766507,0.0421826727688,0.0301360618323,0.032138671726,0.0259866882116,0.025406608358],"dmean2":[0.0780169516802,0.0722284540534,0.0513280108571,0.0536503754556,0.0428225360811,0.0422550104558],"dvar":[0.00138599728234,0.00113760249224,0.000623390078545,0.000702723977156,0.000539313245099,0.000710654130671],"dvar2":[0.00401975633577,0.00326729053631,0.00177575554699,0.00188752950635,0.00132741825655,0.00185006903484],"max":[-0.386554419994,-0.575825452805,-0.667206168175,-0.648779451847,-0.730439901352,-0.605822682381],"mean":[-0.643977105618,-0.810201227665,-0.856077313423,-0.85489487648,-0.902774572372,-0.856195092201],"median":[-0.652798175812,-0.814481735229,-0.851564049721,-0.845758140087,-0.90168094635,-0.862974405289],"min":[-0.978265762329,-0.996392130852,-0.996973216534,-0.989934682846,-0.988466918468,-0.944894611835],"var":[0.00761310383677,0.00435760989785,0.003119263798,0.0054064290598,0.00217690505087,0.00164073356427]},"spectral_contrast_valleys":{"dmean":[0.371806830168,0.432032734156,0.461414813995,0.532912433147,0.653062641621,0.652138531208],"dmean2":[0.630036354065,0.750782191753,0.802472770214,0.91642254591,1.10962963104,1.07629621029],"dvar":[0.0849163085222,0.148535549641,0.216340661049,0.296445012093,0.330361485481,0.270953208208],"dvar2":[0.239415064454,0.486694604158,0.737639546394,0.99180752039,1.03741943836,0.792841732502],"max":[-5.64911317825,-5.37720727921,-6.17934322357,-6.65049552917,-6.76633071899,-9.22793483734],"mean":[-7.47604703903,-7.4938788414,-8.37056064606,-9.12596416473,-9.43855857849,-11.7765436172],"median":[-7.15710544586,-7.12119197845,-8.05725097656,-8.82386207581,-9.22712802887,-11.5954818726],"min":[-21.3428688049,-21.4901695251,-21.5921325684,-21.5980758667,-21.160484314,-24.0798568726],"var":[1.86821246147,1.92814767361,1.86814045906,1.75791883469,1.65609169006,1.46164357662]},"spectral_decrease":{"dmean":1.39664746435e-9,"dmean2":2.39794006873e-9,"dvar":3.30707139771e-18,"dvar2":9.65443272915e-18,"max":6.14713657754e-9,"mean":-4.44831504964e-9,"median":-9.38811028917e-10,"min":-7.72424684214e-8,"var":1.02700051555e-16},"spectral_energy":{"dmean":0.00526401307434,"dmean2":0.00903769116849,"dvar":0.0000458803842776,"dvar2":0.000132651082822,"max":0.316243618727,"mean":0.0340260900557,"median":0.0177295841277,"min":4.00411188301e-16,"var":0.00291388412006},"spectral_energyband_high":{"dmean":0.000025838644433,"dmean2":0.0000425755497417,"dvar":4.93341989483e-9,"dvar2":1.25054517852e-8,"max":0.00158360262867,"mean":0.0000342004750564,"median":0.0000145414987855,"min":2.90639794683e-16,"var":5.47411094232e-9},"spectral_energyband_low":{"dmean":0.0040899803862,"dmean2":0.00708532193676,"dvar":0.0000325540459016,"dvar2":0.0000958624514169,"max":0.290454953909,"mean":0.0215844158083,"median":0.00621887855232,"min":2.73108775281e-18,"var":0.0020355572924},"spectral_energyband_middle_high":{"dmean":0.000141705473652,"dmean2":0.00023003979004,"dvar":6.19074427277e-8,"dvar2":1.47174361587e-7,"max":0.00401464104652,"mean":0.000343659019563,"median":0.000141050986713,"min":5.85974613584e-17,"var":2.55901341006e-7},"spectral_energyband_middle_low":{"dmean":0.0019896554295,"dmean2":0.0031640951056,"dvar":0.0000116826231533,"dvar2":0.0000300111005345,"max":0.0657544732094,"mean":0.00553519465029,"median":0.00285674305633,"min":1.21118407453e-17,"var":0.0000567748684261},"spectral_entropy":{"dmean":0.505140006542,"dmean2":0.87327671051,"dvar":0.237477526069,"dvar2":0.815219283104,"max":9.07055568695,"mean":6.54990720749,"median":6.60744953156,"min":3.81824922562,"var":0.431135654449},"spectral_flux":{"dmean":0.0125490222126,"dmean2":0.0203641355038,"dvar":0.000182833129657,"dvar2":0.000473246880574,"max":0.253494530916,"mean":0.0573019906878,"median":0.0573070645332,"min":0.00000807129799796,"var":0.00134197063744},"spectral_kurtosis":{"dmean":12.1310138702,"dmean2":20.4362621307,"dvar":232.157592773,"dvar2":661.494262695,"max":376.641937256,"mean":24.8603477478,"median":20.425743103,"min":0.687030553818,"var":288.436920166},"spectral_rms":{"dmean":0.000506429700181,"dmean2":0.000858493265696,"dvar":3.16042843451e-7,"dvar2":9.03942748209e-7,"max":0.0175650324672,"mean":0.00462060468271,"median":0.00415898486972,"min":6.25016038924e-10,"var":0.0000118462048704},"spectral_rolloff":{"dmean":2383.16333008,"dmean2":4730.47412109,"dvar":43374468,"dvar2":124156360,"max":22050,"mean":18251.0644531,"median":21920.8007812,"min":64.599609375,"var":64729056},"spectral_skewness":{"dmean":0.962456941605,"dmean2":1.61983084679,"dvar":0.8913834095,"dvar2":2.66318917274,"max":15.8820409775,"mean":3.83741307259,"median":3.63651371002,"min":0.942091047764,"var":1.42681837082},"spectral_spread":{"dmean":926124.9375,"dmean2":1548477.75,"dvar":672885571584,"dvar2":2036556759040,"max":21940316,"mean":4096773.25,"median":3976900,"min":462697.8125,"var":1819637710850},"spectral_strongpeak":{"dmean":9.12230968475,"dmean2":17.0664100647,"dvar":355.348480225,"dvar2":1000.93060303,"max":174.405761719,"mean":10.3232545853,"median":0.429624527693,"min":0,"var":543.928222656},"zerocrossingrate":{"dmean":0.0447407439351,"dmean2":0.0611555241048,"dvar":0.0017151539214,"dvar2":0.00329762464389,"max":0.97607421875,"mean":0.35930198431,"median":0.35400390625,"min":0.00537109375,"var":0.0215077251196}},"metadata":{"audio_properties":{"analysis_sample_rate":44100,"bit_rate":233656,"codec":"mp3","downmix":"mix","equal_loudness":0,"length":266.397796631,"lossless":false,"md5_encoded":"77e1c6eb4208f7ef4ae15ae625015327","replay_gain":-2.58797836304},"tags":{"album":["This Is War"],"albumartist":["30 Seconds to Mars"],"albumartistsort":["30 Seconds to Mars"],"artist":["30 Seconds to Mars"],"artistsort":["30 Seconds to Mars"],"asin":["B0029LHW68"],"barcode":["5099996511121"],"catalognumber":["509999 65111 2 1"],"composer":["Shannon Leto"],"conductor":[""],"copyright":["(C) 2010 Virgin Records America, Inc."],"date":["2009"],"discnumber":["1/1"],"file_name":"12. L490.mp3","genre":["Alternative & Punk"],"isrc":["USVI20900438"],"label":["EMI Records"],"media":["CD"],"musicbrainz album release country":["GB"],"musicbrainz album status":["official"],"musicbrainz album type":["album"],"musicbrainz_albumartistid":["d8354b38-e942-4c89-ba93-29323432abc3"],"musicbrainz_albumid":["6221bd54-033d-4876-b722-736b4e95686b"],"musicbrainz_artistid":["d8354b38-e942-4c89-ba93-29323432abc3"],"musicbrainz_recordingid":["4c99eb57-3f8d-44d6-ab28-9fcf0b3cb02d"],"originaldate":["2009"],"script":["Latn"],"title":["L490"],"tracknumber":["12/12"]},"version":{"essentia":"2.1-beta1","essentia_build_sha":"12879b851c9f4b0d899e1af4e221aa110f283a84","essentia_git_sha":"v2.1_beta1-7-ge0e83e8-dirty","extractor":"music 1.0"}},"rhythm":{"beats_count":636,"beats_loudness":{"dmean":0.0103993769735,"dmean2":0.0149352615699,"dvar":0.00015127066581,"dvar2":0.000319308310281,"max":0.269183963537,"mean":0.0362393632531,"median":0.0200646743178,"min":1.09902320578e-9,"var":0.00283934967592},"beats_loudness_band_ratio":{"dmean":[0.151635855436,0.059845987707