{"lowlevel":{"average_loudness":0.894413590431,"barkbands":{"dmean":[0.000208092460525,0.00318028661422,0.00199351063929,0.00167985889129,0.00273019028828,0.000687094288878,0.00103023368865,0.000726518628653,0.000584506429732,0.000809088058304,0.000643574690912,0.000667626503855,0.000691108230967,0.000547835137695,0.000489574391395,0.000335201970302,0.000325781438733,0.000295567937428,0.000132171873702,0.000102283687738,0.0000488636615046,0.0000463252363261,0.0000500231217302,0.0000676589697832,0.0000475876186101,0.0000196737455553,0.00000687770670993],"dmean2":[0.00035773133277,0.00564610725269,0.00352836004458,0.00295037543401,0.00479967240244,0.00113665591925,0.00175098166801,0.00121294066776,0.000981186050922,0.00129232241306,0.00103355152532,0.00106378807686,0.00105588301085,0.000859853462316,0.000789291691035,0.000527587428223,0.000509191362653,0.00047273459495,0.000210311118281,0.00016363413306,0.0000738702874514,0.0000698285875842,0.000077316100942,0.0000978587195277,0.0000647998240311,0.0000282828059426,0.0000104443006421],"dvar":[1.5404961573e-7,0.0000512334081577,0.0000167113666976,0.00000712642622602,0.0000116362543849,0.00000139807764299,0.00000428972089139,0.00000168993585703,9.04745547814e-7,0.00000170656176124,0.00000120099423384,0.00000114242527616,0.0000010768796983,8.77450531789e-7,6.90870308517e-7,2.74475638662e-7,2.35172166185e-7,2.48607790354e-7,3.23303197547e-8,2.78990039959e-8,6.27115914753e-9,1.19113554575e-8,2.1489553248e-8,3.08031076202e-8,1.45235290461e-8,1.87916793237e-9,1.02889197162e-9],"dvar2":[4.13839501334e-7,0.000140109186759,0.0000474177431897,0.000020112564016,0.0000348845242115,0.00000346711908605,0.0000110845585368,0.00000448159789812,0.0000023610621156,0.00000426584483648,0.0000029783222999,0.00000291544574793,0.00000259837565864,0.00000209864697354,0.00000175401271463,6.67504139074e-7,5.42643419976e-7,6.31021578101e-7,8.05055009323e-8,7.17460508781e-8,1.604162847e-8,2.62364849846e-8,5.69008342666e-8,6.49485798476e-8,2.67911559604e-8,3.94630905731e-9,2.526274967e-9],"max":[0.00272658071481,0.0525150448084,0.0612646453083,0.028175028041,0.0274495892227,0.0179758518934,0.0207585804164,0.0201957784593,0.0146103156731,0.0216166134924,0.0218086801469,0.0162659976631,0.0132203949615,0.0146827949211,0.0106373280287,0.00745455548167,0.00912507530302,0.00734260259196,0.00233562267385,0.00403847312555,0.00139248347841,0.00269911251962,0.00293859094381,0.00262070656754,0.00215892493725,0.00102805695496,0.000857289065607],"mean":[0.000179170107003,0.00297015812248,0.00280727655627,0.00220695161261,0.00397576391697,0.000903401116375,0.00114466843661,0.000982277095318,0.000891585776117,0.00148378580343,0.00103236292489,0.00122419721447,0.00127893022727,0.000922544393688,0.000887426256668,0.000622868188657,0.000624244567007,0.000615927157924,0.000296811980661,0.00020716356812,0.000098448501376,0.0000869550858624,0.0000884029723238,0.000122694909805,0.000094091767096,0.0000396768955397,0.000010288361409],"median":[0.0000361536840501,0.0004287151678,0.000373003829736,0.000942081096582,0.0028955671005,0.000475189270219,0.000442138873041,0.000511319492944,0.000558078638278,0.000593333621509,0.000470843631774,0.000684554863255,0.000696949660778,0.000470749480883,0.000428019498941,0.000353867362719,0.00038257043343,0.000337222358212,0.000182278599823,0.000132051645778,0.0000639482823317,0.0000499451707583,0.0000392142610508,0.0000452507229056,0.0000323092390317,0.0000116895143947,0.00000168721874161],"min":[3.03449557149e-11,6.97779001246e-10,1.17214471462e-9,3.64144936427e-10,2.98666802401e-9,2.69552336007e-9,6.47783826579e-10,5.4364490687e-9,2.02495131774e-9,1.33587729767e-9,8.69885496968e-10,1.29516120051e-9,4.80998518793e-10,2.41861597416e-9,4.6571829726e-10,1.08014353017e-9,5.58359969371e-10,4.89688067873e-10,1.5989025659e-9,5.45572864663e-10,4.35067259996e-10,2.88664758763e-10,2.74716610571e-10,4.05259520386e-10,3.06103281611e-10,3.42100181516e-10,3.30796001702e-10],"var":[1.32741888592e-7,0.000040296195948,0.0000266622300842,0.0000107263495011,0.0000148831813931,0.00000181993937076,0.00000451513278676,0.00000198037855625,0.00000130163300582,0.00000481103734273,0.0000022746733066,0.00000239592782236,0.00000273989235211,0.00000169170596109,0.00000163502045325,6.3936403194e-7,6.0264591184e-7,6.47198078241e-7,1.04509233267e-7,6.71293349797e-8,1.33693038862e-8,1.83723507519e-8,2.55570036245e-8,6.44014193085e-8,3.59125635896e-8,7.05148162083e-9,1.18389664738e-9]},"barkbands_crest":{"dmean":2.55316019058,"dmean2":4.36315774918,"dvar":5.59933328629,"dvar2":15.8871049881,"max":23.423866272,"mean":7.84393501282,"median":7.03225374222,"min":2.33582401276,"var":10.8268785477},"barkbands_flatness_db":{"dmean":0.0178641490638,"dmean2":0.0288924928755,"dvar":0.000258139451034,"dvar2":0.000664655235596,"max":0.245659083128,"mean":0.0981510281563,"median":0.093418173492,"min":0.0239393673837,"var":0.00103822920937},"barkbands_kurtosis":{"dmean":1.43957316875,"dmean2":2.40515017509,"dvar":5.42616415024,"dvar2":13.6596279144,"max":53.8645744324,"mean":1.15823400021,"median":-0.0389668941498,"min":-1.8930388689,"var":15.508564949},"barkbands_skewness":{"dmean":0.482324391603,"dmean2":0.775766789913,"dvar":0.190138667822,"dvar2":0.472425788641,"max":6.4155049324,"mean":0.865621864796,"median":0.742101371288,"min":-1.50756418705,"var":0.965094923973},"barkbands_spread":{"dmean":5.46242523193,"dmean2":8.69201755524,"dvar":41.4159889221,"dvar2":88.5557479858,"max":94.4706039429,"mean":25.6853942871,"median":24.022195816,"min":2.65986132622,"var":132.153442383},"dissonance":{"dmean":0.0129120266065,"dmean2":0.0223588589579,"dvar":0.000149586747284,"dvar2":0.000435248250142,"max":0.49996060133,"mean":0.478440016508,"median":0.48217228055,"min":0.371230065823,"var":0.000266214396106},"dynamic_complexity":4.38100004196,"erbbands":{"dmean":[0.101993218064,0.709682106972,2.12587118149,3.83053016663,6.06378984451,9.57378292084,12.6173439026,5.96458673477,16.7255249023,11.9499444962,16.0439071655,11.902718544,21.6672210693,23.3395004272,26.5817642212,26.8650226593,31.8407707214,25.136713028,29.0274410248,19.1982727051,17.1927757263,16.8473796844,17.3397083282,8.72245693207,5.80452251434,4.5415968895,2.5460960865,1.74749064445,1.67382979393,1.60218155384,1.35289275646,1.46938073635,1.06976509094,0.62727868557,0.300902366638,0.119973957539,0.0294966120273,0.00709013873711,0.00114890339319,0.000075743344496],"dmean2":[0.18141835928,1.29130530357,3.8476934433,6.52840900421,10.5989933014,16.7383785248,22.4454689026,9.89878463745,28.4834823608,20.2956485748,26.5400753021,19.7452945709,36.2819595337,37.2816238403,42.6000175476,42.3261566162,48.4763069153,38.2644271851,46.5998344421,30.3691310883,26.7957229614,25.8680210114,27.6283416748,13.8207063675,9.22663402557,7.31250524521,3.90488743782,2.65992546082,2.55175948143,2.50302195549,2.06439709663,2.23713517189,1.52147042751,0.882378757,0.418230265379,0.172319814563,0.0420694835484,0.0103820944205,0.00174550549127,0.000112140762212],"dvar":[0.0500050410628,2.68873214722,18.7185783386,47.8395881653,91.6067886353,131.123825073,310.545806885,113.646789551,1204.99133301,816.627075195,754.497741699,382.983459473,1415.51477051,1667.05749512,1881.36791992,1942.03869629,2443.48120117,1762.26953125,2599.98193359,1136.95336914,757.519958496,568.437744141,818.906738281,161.765914917,65.4937362671,50.5395622253,19.743768692,8.5828037262,16.3134975433,18.5976009369,12.9838562012,15.7485589981,7.65272283554,2.78598189354,0.518791735172,0.0606289319694,0.00513254618272,0.000785941607319,0.0000344150830642,6.08952532843e-8],"dvar2":[0.134231507778,7.55073308945,53.944934845,133.819976807,245.504867554,389.958953857,926.674499512,277.05368042,3097.70043945,2223.72436523,2052.04174805,970.597412109,3628.62890625,4144.52929688,4805.27685547,4957.45898438,5959.49414062,4001.83007812,6714.77539062,2905.04345703,1763.72045898,1340.05603027,2057.63110352,405.088562012,162.729064941,131.775985718,51.9947090149,21.9722480774,35.6789627075,47.1101112366,33.1964111328,36.4107170105,14.5548439026,5.2005443573,1.0242254734,0.131478235126,0.0107201421633,0.00177732401062,0.000085627027147,1.41661644193e-7],"max":[1.40871596336,12.8121194839,44.3644943237,93.3480834961,113.485984802,101.450401306,191.804000854,177.341033936,364.309539795,496.166168213,370.618652344,267.372741699,489.049926758,824.987121582,713.752624512,756.544311523,685.867980957,655.870117188,585.372619629,609.976867676,428.738006592,392.5859375,468.810852051,208.667633057,161.906158447,121.577186584,76.5429611206,58.6418914795,105.734695435,76.1607437134,70.5068206787,61.7238426208,47.5175552368,27.5053157806,15.1816368103,4.75315999985,1.86284387112,0.709339618683,0.165298685431,0.00596497673541],"mean":[0.0808532387018,0.697391808033,2.90851306915,5.71532773972,7.72136116028,14.0964403152,15.5386924744,7.72000360489,17.7094249725,14.9478607178,22.9469470978,19.8481502533,40.1737174988,41.1708068848,49.3325767517,51.531955719,60.7608642578,47.8145828247,51.7698669434,38.8530578613,34.328704834,35.1362991333,37.8117523193,20.7428665161,13.4838476181,9.23433113098,4.8560333252,3.50189208984,3.10697603226,2.8497235775,2.46954369545,2.55819272995,2.00361084938,1.19541990757,0.603151917458,0.264821231365,0.0541358888149,0.0100104045123,0.001670470112,0.000144470657688],"median":[0.0110300788656,0.11136084795,0.423982352018,2.11090803146,3.8193590641,10.050286293,9.00000190735,4.02071332932,6.34064149857,7.19049739838,12.6779270172,13.3556547165,18.1777477264,21.688627243,26.3373241425,33.5206184387,35.3775634766,28.4741573334,26.060218811,20.3125286102,20.6786766052,23.3199501038,21.7341022491,11.8653764725,8.2359457016,6.05813884735,3.17269277573,2.43470191956,1.72482919693,1.38988983631,1.08806872368,0.9461337924,0.722833573818,0.400912970304,0.192312121391,0.0723993033171,0.0177540574223,0.00283178756945,0.000296847952995,0.0000499519919686],"min":[4.99850365543e-8,6.97450559528e-7,0.00000274206263384,0.00000473892760056,0.00000291533910968,0.00000882055064721,0.000029758841265,0.0000137536317197,0.0000080754616647,0.0000343997417076,0.000202072493266,0.0000494086307299,0.0000275717939076,0.0000558719875698,0.0000328316236846,0.0000640234939056,0.0000241037487285,0.000118156218377,0.0000464312106487,0.0000348644134647,0.0000575355079491,0.0000465225966764,0.0000352914285031,0.0000660734876874,0.0000286098693323,0.0000294683995889,0.0000247538937401,0.0000117946374303,0.00000903169166122,0.0000102123158285,0.0000083432523752,0.00000876106332726,0.00000577465880269,0.00000318485740536,0.00000252026097769,9.93969706542e-7,6.65169295644e-7,2.53462275168e-7,4.51438992854e-8,5.34250066409e-9],"var":[0.0377762317657,2.0920753479,25.1911182404,92.2257766724,114.891876221,194.677703857,365.407897949,147.311050415,1195.35595703,840.116638184,953.807434082,573.764343262,3809.2890625,3817.93383789,4204.75537109,3876.14697266,6073.8984375,3700.56713867,4930.92871094,3312.73217773,1944.9498291,1538.68054199,2334.54492188,609.619384766,224.473052979,109.641807556,31.4085712433,17.3721427917,24.8461608887,23.3913936615,18.2215328217,27.192117691,17.8211307526,6.5402302742,1.32761108875,0.349996864796,0.0117815285921,0.000993801979348,0.0000380623714591,9.82073586897e-8]},"erbbands_crest":{"dmean":2.22711229324,"dmean2":3.75334811211,"dvar":4.27175474167,"dvar2":11.4327573776,"max":24.3114185333,"mean":7.58735704422,"median":6.92367744446,"min":2.48776459694,"var":8.74075222015},"erbbands_flatness_db":{"dmean":0.0165787264705,"dmean2":0.0240897927433,"dvar":0.000230035118875,"dvar2":0.000461558171082,"max":0.282735943794,"mean":0.150874271989,"median":0.149583682418,"min":0.0497222878039,"var":0.00129084649961},"erbbands_kurtosis":{"dmean":0.727103114128,"dmean2":1.18127727509,"dvar":0.564381837845,"dvar2":1.43248653412,"max":9.82504653931,"mean":0.326559573412,"median":0.150090694427,"min":-1.73412978649,"var":1.36887001991},"erbbands_skewness":{"dmean":0.309326142073,"dmean2":0.496466189623,"dvar":0.0727909579873,"dvar2":0.176730677485,"max":2.93193078041,"mean":-0.0657075345516,"median":-0.0521326698363,"min":-2.01722860336,"var":0.369468748569},"erbbands_spread":{"dmean":7.65343570709,"dmean2":11.5687475204,"dvar":65.1229248047,"dvar2":133.840560913,"max":130.705307007,"mean":35.0531196594,"median":29.8251457214,"min":6.65900850296,"var":404.196228027},"gfcc":{"cov":[[11104.2197266,1813.44165039,595.159057617,109.385162354,1149.60717773,1084.58886719,209.68536377,99.7281265259,-161.251068115,-214.419067383,-319.418304443,-268.971832275,-161.933151245],[1813.44165039,1736.33972168,-14.092505455,57.0331344604,619.089233398,370.943756104,281.42489624,96.293006897,-0.543402731419,-52.8964996338,-62.435218811,-88.6122283936,2.05172872543],[595.159057617,-14.092505455,733.312988281,153.039657593,99.9921569824,162.853088379,11.5406742096,16.9025974274,-24.4288787842,-6.74265146255,-112.620895386,-19.184343338,-11.2817993164],[109.385162354,57.0331344604,153.039657593,304.21295166,58.9965438843,32.0311775208,29.5672664642,5.93023681641,24.0451526642,33.2511329651,12.7005395889,-0.879344820976,9.79825115204],[1149.60717773,619.089233398,99.9921569824,58.9965438843,420.822174072,266.91809082,151.085845947,67.0883636475,-2.90200686455,-47.2062644958,-42.5024452209,-58.8994140625,-21.9944725037],[1084.58886719,370.943756104,162.853088379,32.0311775208,266.91809082,292.076690674,135.376403809,52.4942359924,-21.2037239075,-46.0453300476,-47.9820175171,-42.91198349,-21.9756031036],[209.68536377,281.42489624,11.5406742096,29.5672664642,151.085845947,135.376403809,181.19190979,57.4851951599,-5.41769933701,-15.9471740723,15.8919811249,-12.3112850189,-6.32120800018],[99.7281265259,96.293006897,16.9025974274,5.93023681641,67.0883636475,52.4942359924,57.4851951599,77.7833633423,22.4871292114,9.62829113007,2.18108868599,0.138918608427,-3.46491408348],[-161.251068115,-0.543402731419,-24.4288787842,24.0451526642,-2.90200686455,-21.2037239075,-5.41769933701,22.4871292114,125.038589478,55.8023147583,38.2698669434,11.0065221786,21.3923816681],[-214.419067383,-52.8964996338,-6.74265146255,33.2511329651,-47.2062644958,-46.0453300476,-15.9471740723,9.62829113007,55.8023147583,109.571342468,43.952999115,35.0954284668,20.2158412933],[-319.418304443,-62.435218811,-112.620895386,12.7005395889,-42.5024452209,-47.9820175171,15.8919811249,2.18108868599,38.2698669434,43.952999115,101.182701111,38.6398124695,20.8452701569],[-268.971832275,-88.6122283936,-19.184343338,-0.879344820976,-58.8994140625,-42.91198349,-12.3112850189,0.138918608427,11.0065221786,35.0954284668,38.6398124695,69.1620178223,34.2868423462],[-161.933151245,2.05172872543,-11.2817993164,9.79825115204,-21.9944725037,-21.9756031036,-6.32120800018,-3.46491408348,21.3923816681,20.2158412933,20.8452701569,34.2868423462,57.6489181519]],"icov":[[0.000175794353709,-0.0000858856292325,0.0000284464531433,-0.0000307266018353,-0.0000957047086558,-0.00069808162516,0.000544163747691,0.00000717215380064,0.000133970577735,-0.0000692203975632,-0.0000137625438583,0.0000901220482774,0.000191058352357],[-0.0000858856292325,0.00148667476606,0.000374983617803,0.0000773891879362,-0.00201163324527,0.000651911017485,-0.00136818701867,0.000471955601824,0.0000150573887367,-0.000638691766653,0.00107719458174,0.000511786493007,-0.00135007104836],[0.0000284464531433,0.000374983617803,0.00240322295576,-0.00117769441567,0.0000403356643801,-0.00174250022974,0.00027354148915,0.0000238858883677,-0.0000197353729163,-0.000812072190456,0.00305217294954,-0.000996110611595,-0.0000994874717435],[-0.0000307266018353,0.0000773891879362,-0.00117769441567,0.00424955133349,-0.000984171056189,0.00103264534846,-0.000851633842103,0.000843529298436,-0.000140115167596,-0.00115354638547,-0.0014248045627,0.00114426377695,-0.000775183434598],[-0.0000957047086558,-0.00201163324527,0.0000403356643801,-0.000984171056189,0.0096019981429,-0.00520591577515,0.000280414969893,-0.00217961729504,-0.000842226319946,0.00146721827332,-0.00087524659466,0.00156084762421,0.000742776901461],[-0.00069808162516,0.000651911017485,-0.00174250022974,0.00103264534846,-0.00520591577515,0.014186386019,-0.00666202325374,0.000125768681755,-0.000268494215561,0.000927317189053,0.00160840479657,-0.000272063422017,-0.000447227561381],[0.000544163747691,-0.00136818701867,0.00027354148915,-0.000851633842103,0.000280414969893,-0.00666202325374,0.014720746316,-0.00634885858744,0.00263127917424,0.00130617292598,-0.00606868555769,0.00115395965986,0.000649086839985],[0.00000717215380064,0.000471955601824,0.0000238858883677,0.000843529298436,-0.00217961729504,0.000125768681755,-0.00634885858744,0.020253457129,-0.00440986361355,-0.00199670530856,0.00336331059225,-0.00400102650747,0.00310225784779],[0.000133970577735,0.0000150573887367,-0.0000197353729163,-0.000140115167596,-0.000842226319946,-0.000268494215561,0.00263127917424,-0.00440986361355,0.012920813635,-0.00517462054268,-0.00406634435058,0.00527329137549,-0.00465049687773],[-0.0000692203975632,-0.000638691766653,-0.000812072190456,-0.00115354638547,0.00146721827332,0.000927317189053,0.00130617292598,-0.00199670530856,-0.00517462054268,0.0158842988312,-0.0037679404486,-0.00519216014072,0.00160244386643],[-0.0000137625438583,0.00107719458174,0.00305217294954,-0.0014248045627,-0.00087524659466,0.00160840479657,-0.00606868555769,0.00336331059225,-0.00406634435058,-0.0037679404486,0.0216592792422,-0.00854875426739,0.00066124839941],[0.0000901220482774,0.000511786493007,-0.000996110611595,0.00114426377695,0.00156084762421,-0.000272063422017,0.00115395965986,-0.00400102650747,0.00527329137549,-0.00519216014072,-0.00854875426739,0.030593348667,-0.0150170410052],[0.000191058352357,-0.00135007104836,-0.0000994874717435,-0.000775183434598,0.000742776901461,-0.000447227561381,0.000649086839985,0.00310225784779,-0.00465049687773,0.00160244386643,0.00066124839941,-0.0150170410052,0.028270021081]],"mean":[1.15743207932,70.9477005005,-129.488037109,16.8336296082,-54.3980903625,8.97290897369,-45.1922416687,6.17383813858,-30.9487228394,-4.2466711998,-15.4578924179,-0.903903186321,-11.4605770111]},"hfc":{"dmean":6.01740550995,"dmean2":8.3257856369,"dvar":50.505531311,"dvar2":104.982566833,"max":90.39868927,"mean":23.247341156,"median":20.4744586945,"min":0.000123037039884,"var":308.799072266},"melbands":{"dmean":[0.000873998331372,0.00103759428021,0.000727540289517,0.000437219074229,0.000519680732395,0.000148334584082,0.000231227633776,0.000130748536321,0.000132596149342,0.00007592736074,0.00010995658522,0.0000971247281996,0.0000921013706829,0.0000772837593104,0.0000696253919159,0.0000697753130225,0.000049292917538,0.000051399689255,0.0000331043447659,0.0000244293605647,0.0000211622427742,0.0000179377511813,0.0000205777159863,0.0000146453876368,0.00000729497241991,0.00000485926057081,0.0000045363094614,0.0000030171513572,0.00000182296025741,0.00000126595807615,9.73897499534e-7,9.9796034192e-7,9.64574610407e-7,9.61909677244e-7,8.44105784381e-7,8.68428116974e-7,9.5013012924e-7,8.35403227484e-7,6.40512610062e-7,5.20409685123e-7],"dmean2":[0.00154733250383,0.00188517314382,0.00123569637071,0.000753161904868,0.000931880262215,0.000245791772613,0.00039205190842,0.000223113209358,0.000220101734158,0.000127086954308,0.000183859068784,0.000154533452587,0.000147638478666,0.000122877550893,0.000110339555249,0.000107049658254,0.0000766279335949,0.0000834008533275,0.0000535926228622,0.0000387008294638,0.0000333529678755,0.0000278548268398,0.0000323394342558,0.0000235769621213,0.0000116994297059,0.00000788995930634,0.00000735965750209,0.00000493330435347,0.00000287473790195,0.00000195345637621,0.00000153772987233,0.00000156115936534,0.00000146408797264,0.00000155331838414,0.00000132676893827,0.00000133323999307,0.00000146366619447,0.00000122338678921,9.20666195725e-7,7.3982835147e-7],"dvar":[0.00000379015750696,0.00000483642452309,0.00000129606610244,3.11765035121e-7,4.84028987557e-7,7.02800662111e-8,2.20360178105e-7,9.38833366604e-8,5.55621433307e-8,1.52007455512e-8,3.61324126175e-8,2.98331883641e-8,2.57715218055e-8,1.46754821628e-8,1.19825278588e-8,1.14639906457e-8,7.30919413883e-9,8.80677841764e-9,3.50705842145e-9,1.61444091429e-9,1.22785959178e-9,7.4683470519e-10,1.27461663446e-9,6.78576916879e-10,1.17374499009e-10,4.11309562798e-11,6.22459236932e-11,2.26472608028e-11,1.21534561928e-11,4.94346664298e-12,2.60968937432e-12,5.01682506301e-12,6.8092228904e-12,8.52508341698e-12,5.48833417949e-12,5.58681529858e-12,6.64626123234e-12,4.7955125114e-12,2.67643784739e-12,1.96542044792e-12],"dvar2":[0.0000101886871562,0.0000139460289574,0.00000355936822416,8.60274326442e-7,0.00000148596029703,1.73646625967e-7,5.66922665257e-7,2.54679292766e-7,1.51427840933e-7,3.82352212114e-8,9.27399597117e-8,7.27487474705e-8,6.45055209247e-8,3.70143347084e-8,3.02566292021e-8,2.7079098075e-8,1.68348428531e-8,2.31423431529e-8,9.09411923544e-9,3.88635035264e-9,2.87135271115e-9,1.82763426615e-9,3.04639069526e-9,1.8574185523e-9,2.91744045589e-10,1.07168017516e-10,1.56743826252e-10,6.03907965302e-11,3.27065249883e-11,1.32536247602e-11,6.63745274021e-12,1.14205762902e-11,1.49787144493e-11,2.30980946175e-11,1.46720309513e-11,1.39341125444e-11,1.50872855875e-11,9.55947820902e-12,4.99568528906e-12,3.77080398156e-12],"max":[0.0125962039456,0.019307570532,0.0132552105933,0.00560084404424,0.00670986948535,0.00412014313042,0.00502063985914,0.00571944518015,0.00355552160181,0.00158714782447,0.00244135246612,0.00359485577792,0.00315992371179,0.00199734070338,0.00125973531976,0.00132827274501,0.00134040415287,0.00109449122101,0.00110280548688,0.000670076988172,0.000544652284589,0.000536277424544,0.000696372124366,0.00053203367861,0.00018352427287,0.0000869583527674,0.000243057656917,0.0000558378342248,0.0000677336356603,0.0000493623811053,0.000027544774639,0.0000485501477669,0.0000747796220821,0.0000503638621012,0.000041408908146,0.0000510602476425,0.000043829822971,0.000038239202695,0.0000296601083392,0.0000240708468482],"mean":[0.000765143486205,0.00133809889667,0.00109146919567,0.000689149543177,0.000655325653497,0.000184115226148,0.000250561337452,0.000164490513271,0.000188782883924,0.00012334472558,0.000201649789233,0.000164537064848,0.000155335510499,0.00014598609414,0.000128505766043,0.000125971695525,0.0000837595143821,0.0000847733172122,0.00006070591553,0.0000445735677204,0.000038543726987,0.0000339672296832,0.0000403979101975,0.0000284109282802,0.0000156375353981,0.0000099942799352,0.00000921287664823,0.00000534545779374,0.00000314780936606,0.00000235873062593,0.00000184820498816,0.0000017459940409,0.00000168560734437,0.00000153875907927,0.00000139415487865,0.00000152129894104,0.00000154630549787,0.00000149244874592,0.00000116512990189,9.4209042345e-7],"median":[0.000112532346975,0.000199181042262,0.000469423976028,0.000506713986397,0.000415295740822,0.0000892304669833,0.0000920609381865,0.0000812639991636,0.000102866601082,0.0000812682119431,0.0000867366179591,0.0000785327356425,0.0000777508394094,0.0000818288463051,0.0000749310638639,0.0000666450287099,0.0000455778535979,0.0000402631449106,0.0000297196620522,0.0000236185787799,0.0000219228022615,0.0000209725603781,0.0000232418915402,0.0000146751617649,0.00000871252177603,0.00000613753627476,0.00000513684972248,0.0000035149746509,0.00000200993872568,0.00000146627564845,0.00000126484133034,9.58153350439e-7,8.66507662067e-7,7.08805714567e-7,5.56373436211e-7,5.53710947315e-7,5.1461199746e-7,5.22395453117e-7,4.12154832929e-7,3.01479445852e-7],"min":[1.55452872797e-10,2.56178456226e-9,6.3618765811e-10,2.28504923316e-10,9.11891451238e-10,3.53785251095e-10,1.28101487751e-10,4.95779972631e-10,1.48866430294e-9,2.38777331241e-10,1.35076450025e-10,2.29831223497e-10,1.05126886363e-10,1.17556464563e-10,4.70276872999e-11,5.18830534091e-11,2.59750748688e-10,8.50730111357e-11,4.03316130493e-11,7.33206897974e-11,5.66086691411e-11,4.07444945838e-11,3.12227917132e-11,1.96711483907e-11,4.95615042062e-11,3.00835849287e-11,1.22284196657e-11,1.89355909425e-11,1.44589305806e-11,1.07133737645e-11,6.3730574637e-12,4.60536426702e-12,6.01077564458e-12,5.55235891986e-12,4.78014416244e-12,4.73024137221e-12,5.12037591147e-12,4.15059913522e-12,3.42370728122e-12,2.39275331319e-12],"var":[0.00000293273501484,0.00000538703625352,0.00000244028228735,4.47251750302e-7,5.63383366625e-7,8.7772022539e-8,2.2573226488e-7,9.65413988752e-8,6.81799363633e-8,2.39936408519e-8,9.70959845858e-8,6.95125805805e-8,4.98484062916e-8,3.4484493483e-8,2.59713548445e-8,2.82227414772e-8,1.37105446996e-8,1.49102010738e-8,8.51203019181e-9,3.9539731489e-9,2.85306001047e-9,1.62158464434e-9,3.43678441261e-9,1.53043155926e-9,3.84739989867e-10,1.18012447037e-10,1.67132627182e-10,3.75540015751e-11,1.47114508076e-11,9.71969033037e-12,4.82303433302e-12,7.42957691896e-12,9.6324909854e-12,8.48189747604e-12,6.45146089329e-12,8.60590158164e-12,1.12161191793e-11,1.01475616104e-11,6.60037736272e-12,4.23765449814e-12]},"melbands_crest":{"dmean":3.43830037117,"dmean2":5.89608287811,"dvar":8.19907474518,"dvar2":22.6433448792,"max":29.1342430115,"mean":11.8096036911,"median":11.1142759323,"min":3.24254155159,"var":22.3187427521},"melbands_flatness_db":{"dmean":0.0240340679884,"dmean2":0.0394114777446,"dvar":0.000489454483613,"dvar2":0.00127773615532,"max":0.337965160608,"mean":0.154857695103,"median":0.150959089398,"min":0.0338347889483,"var":0.00261958385818},"melbands_kurtosis":{"dmean":4.00335979462,"dmean2":6.5860824585,"dvar":38.0010681152,"dvar2":98.8368682861,"max":112.166000366,"mean":6.934653759,"median":2.33395528793,"min":-1.65536558628,"var":218.813186646},"melbands_skewness":{"dmean":0.650029659271,"dmean2":1.04791271687,"dvar":0.374019384384,"dvar2":0.935044169426,"max":9.57922935486,"mean":1.88187563419,"median":1.56492114067,"min":-0.596471011639,"var":2.32260131836},"melbands_spread":{"dmean":8.48083019257,"dmean2":13.7710857391,"dvar":92.1539382935,"dvar2":237.789123535,"max":179.064407349,"mean":33.791343689,"median":29.1825199127,"min":2.32561302185,"var":454.949615479},"mfcc":{"cov":[[10080.4824219,2015.95666504,-138.229354858,-157.784790039,917.183410645,762.989562988,614.115356445,448.045318604,304.453582764,156.974807739,183.081832886,-107.233810425,-298.477081299],[2015.95666504,1547.83911133,-202.659057617,20.3553314209,328.67276001,329.836791992,335.786224365,238.524627686,200.118270874,73.9810562134,83.4571990967,-13.6956691742,-87.7856369019],[-138.229354858,-202.659057617,547.628662109,87.70652771,61.1687507629,54.0657958984,-19.0088596344,-11.621471405,40.1776885986,6.64793920517,-23.5296401978,-8.31043815613,-17.0768070221],[-157.784790039,20.3553314209,87.70652771,266.067932129,34.0464363098,46.2916946411,4.67767763138,-11.5722827911,5.57707262039,43.1012153625,10.870177269,-5.45461416245,31.9588375092],[917.183410645,328.67276001,61.1687507629,34.0464363098,258.82244873,153.507598877,101.7162323,97.4235458374,75.8713378906,57.0614814758,33.6438713074,-30.0890274048,-49.1928901672],[762.989562988,329.836791992,54.0657958984,46.2916946411,153.507598877,218.28213501,149.472335815,100.611839294,73.8623657227,57.4292106628,35.1721229553,-13.3438529968,-29.4411296844],[614.115356445,335.786224365,-19.0088596344,4.67767763138,101.7162323,149.472335815,245.165634155,143.813995361,50.4986190796,33.7592811584,34.1290626526,-23.3415470123,-30.7663211823],[448.045318604,238.524627686,-11.621471405,-11.5722827911,97.4235458374,100.611839294,143.813995361,151.83354187,57.6154251099,29.2418289185,26.112651825,-15.8542766571,-25.7311687469],[304.453582764,200.118270874,40.1776885986,5.57707262039,75.8713378906,73.8623657227,50.4986190796,57.6154251099,104.850242615,37.4609642029,20.2300662994,8.75650882721,-7.65628528595],[156.974807739,73.9810562134,6.64793920517,43.1012153625,57.0614814758,57.4292106628,33.7592811584,29.2418289185,37.4609642029,84.7664794922,40.4401893616,1.30133974552,3.35555076599],[183.081832886,83.4571990967,-23.5296401978,10.870177269,33.6438713074,35.1721229553,34.1290626526,26.112651825,20.2300662994,40.4401893616,61.8112411499,20.556596756,5.33219718933],[-107.233810425,-13.6956691742,-8.31043815613,-5.45461416245,-30.0890274048,-13.3438529968,-23.3415470123,-15.8542766571,8.75650882721,1.30133974552,20.556596756,68.9339599609,36.5047111511],[-298.477081299,-87.7856369019,-17.0768070221,31.9588375092,-49.1928901672,-29.4411296844,-30.7663211823,-25.7311687469,-7.65628528595,3.35555076599,5.33219718933,36.5047111511,69.8351364136]],"icov":[[0.000182795571163,-0.000079224439105,0.0000623051528237,0.000154151348397,-0.0004132699396,-0.00030146422796,-0.0000449579492852,0.000138981034979,0.0000454185974377,0.00017598841805,-0.000223004142754,-0.0000142576336657,0.000260575558059],[-0.000079224439105,0.00166798185091,0.000968000036664,-0.000541975256056,-0.000761835020967,-0.000685297709424,-0.00110701518133,0.000392527668737,-0.00217861053534,0.0012066293275,-0.000222723610932,-0.00078553945059,0.00120501744095],[0.0000623051528237,0.000968000036664,0.00281705637462,-0.00100145151373,-0.0009704575059,-0.00116192770656,-0.000269068987109,0.000722669181414,-0.00215626275167,0.0010551008163,0.000984574784525,-0.000997366732918,0.00176362134516],[0.000154151348397,-0.000541975256056,-0.00100145151373,0.00542674027383,-0.000579736253712,-0.0011906902073,0.000197928806301,0.00111308414489,0.00157659186516,-0.00229219929315,-0.0000786496893852,0.00230801734142,-0.00408127345145],[-0.0004132699396,-0.000761835020967,-0.0009704575059,-0.000579736253712,0.0100462734699,-0.00308933458291,0.00266984384507,-0.0031754495576,-0.00067196553573,-0.00202756864019,-0.00131119380239,0.00251562567428,0.0018934418913],[-0.00030146422796,-0.000685297709424,-0.00116192770656,-0.0011906902073,-0.00308933458291,0.0140585387126,-0.00549131119624,0.000568174291402,-0.0014671186218,-0.00360077433288,0.00137762608938,-0.00154586555436,0.000366655207472],[-0.0000449579492852,-0.00110701518133,-0.000269068987109,0.000197928806301,0.00266984384507,-0.00549131119624,0.0132878609002,-0.00947686377913,0.00299561745487,0.000748549820855,-0.00254310318269,0.00293432036415,-0.000859414110892],[0.000138981034979,0.000392527668737,0.000722669181414,0.00111308414489,-0.0031754495576,0.000568174291402,-0.00947686377913,0.0186097156256,-0.00538198696449,0.000849516829476,-0.00129166757688,0.00115734431893,0.000302009721054],[0.0000454185974377,-0.00217861053534,-0.00215626275167,0.00157659186516,-0.00067196553573,-0.0014671186218,0.00299561745487,-0.00538198696449,0.019322136417,-0.00646665878594,0.00279671791941,-0.00373291503638,-0.0013815589482],[0.00017598841805,0.0012066293275,0.0010551008163,-0.00229219929315,-0.00202756864019,-0.00360077433288,0.000748549820855,0.000849516829476,-0.00646665878594,0.0244227834046,-0.0143429338932,0.00512562785298,-0.0021941580344],[-0.000223004142754,-0.000222723610932,0.000984574784525,-0.0000786496893852,-0.00131119380239,0.00137762608938,-0.00254310318269,-0.00129166757688,0.00279671791941,-0.0143429338932,0.0318388082087,-0.0124839367345,0.00219496130012],[-0.0000142576336657,-0.00078553945059,-0.000997366732918,0.00230801734142,0.00251562567428,-0.00154586555436,0.00293432036415,0.00115734431893,-0.00373291503638,0.00512562785298,-0.0124839367345,0.027837889269,-0.0137629564852],[0.000260575558059,0.00120501744095,0.00176362134516,-0.00408127345145,0.0018934418913,0.000366655207472,-0.000859414110892,0.000302009721054,-0.0013815589482,-0.0021941580344,0.00219496130012,-0.0137629564852,0.027448521927]],"mean":[-639.790588379,109.160514832,-17.6611442566,8.62178611755,5.70795106888,-3.08759140968,-0.217995405197,1.08489644527,-7.53985738754,-4.33605861664,-5.46447038651,-3.29827094078,-5.16487884521]},"pitch_salience":{"dmean":0.0720317363739,"dmean2":0.123472929001,"dvar":0.00396120501682,"dvar2":0.0113979224116,"max":0.853387415409,"mean":0.623199164867,"median":0.64122992754,"min":0.134381636977,"var":0.0125429807231},"silence_rate_20dB":{"dmean":0,"dmean2":0,"dvar":0,"dvar2":0,"max":1,"mean":1,"median":1,"min":1,"var":0},"silence_rate_30dB":{"dmean":0,"dmean2":0,"dvar":0,"dvar2":0,"max":1,"mean":1,"median":1,"min":1,"var":0},"silence_rate_60dB":{"dmean":0.00960219465196,"dmean2":0.0192109774798,"dvar":0.00950972456485,"dvar2":0.021586606279,"max":1,"mean":0.133013367653,"median":0,"min":0,"var":0.115323804319},"spectral_centroid":{"dmean":244.312545776,"dmean2":400.593811035,"dvar":53191.6640625,"dvar2":135395.265625,"max":3701.859375,"mean":1561.24584961,"median":1444.72692871,"min":319.940460205,"var":434096.4375},"spectral_complexity":{"dmean":4.04458141327,"dmean2":5.92384243011,"dvar":17.2738132477,"dvar2":32.4592704773,"max":54,"mean":24.1669521332,"median":27,"min":0,"var":179.336791992},"spectral_contrast_coeffs":{"dmean":[0.0664722844958,0.0500282309949,0.03701300174,0.0305513553321,0.0220035612583,0.0164183266461],"dmean2":[0.112643629313,0.0853880345821,0.0617050267756,0.0502262189984,0.0351428426802,0.0270112808794],"dvar":[0.00304802693427,0.00159032351803,0.000849887728691,0.000615935423411,0.000339261867339,0.000242036330746],"dvar2":[0.00840735435486,0.00450698519126,0.0023093232885,0.0015368006425,0.00079088046914,0.000608810514677],"max":[-0.303593695164,-0.518933176994,-0.59863448143,-0.62408810854,-0.633075833321,-0.562860488892],"mean":[-0.600548744202,-0.776046395302,-0.800314486027,-0.794942140579,-0.787206888199,-0.786039352417],"median":[-0.611505925655,-0.780301630497,-0.807118237019,-0.798593044281,-0.788957238197,-0.79137468338],"min":[-0.92221146822,-0.923975050449,-0.938513159752,-0.918448150158,-0.922219514847,-0.896888792515],"var":[0.0097719496116,0.00324672809802,0.00267595564947,0.00206799735315,0.0016063725343,0.00149073987268]},"spectral_contrast_valleys":{"dmean":[0.566845357418,0.397294819355,0.323019057512,0.289306104183,0.233221843839,0.279687166214],"dmean2":[0.93761241436,0.646915376186,0.512865066528,0.433183938265,0.338352292776,0.353370785713],"dvar":[0.237683370709,0.10072285682,0.0727123394608,0.0676455944777,0.0524642318487,0.0881743058562],"dvar2":[0.564084947109,0.242918044329,0.167369782925,0.135724321008,0.101374618709,0.155565276742],"max":[-5.12974882126,-4.76407909393,-5.34854030609,-5.45989370346,-5.84612369537,-7.94929122925],"mean":[-7.89186286926,-6.705555439,-6.9277844429,-7.22886705399,-7.30474185944,-9.99164962769],"median":[-7.47396230698,-6.46186590195,-6.53767442703,-6.86854696274,-7.05870246887,-9.79886627197],"min":[-13.7557382584,-12.2540302277,-12.8178777695,-13.2057170868,-13.2668838501,-15.4982118607],"var":[2.99695086479,0.997316658497,1.44735014439,1.35981297493,0.831939041615,1.0495390892]},"spectral_decrease":{"dmean":2.45693443368e-9,"dmean2":3.92499543977e-9,"dvar":1.16565266217e-17,"dvar2":2.86988394466e-17,"max":-2.46580269495e-14,"mean":-6.27685858845e-9,"median":-5.38235589431e-9,"min":-2.86005583661e-8,"var":2.56592253195e-17},"spectral_energy":{"dmean":0.00965736433864,"dmean2":0.0152778923512,"dvar":0.000174850269104,"dvar2":0.000426632264862,"max":0.11248973757,"mean":0.0257989354432,"median":0.0221418831497,"min":1.19880283478e-7,"var":0.000413356872741},"spectral_energyband_high":{"dmean":0.000275041384157,"dmean2":0.000374252180336,"dvar":2.86789315851e-7,"dvar2":6.36474737803e-7,"max":0.00852850824594,"mean":0.000618302205112,"median":0.000357546989108,"min":2.73826672448e-9,"var":6.68418181249e-7},"spectral_energyband_low":{"dmean":0.00526463333517,"dmean2":0.00920031033456,"dvar":0.000111987690616,"dvar2":0.000308765826048,"max":0.0859258919954,"mean":0.00705178780481,"median":0.00159501517192,"min":2.59336161434e-8,"var":0.000127116727526},"spectral_energyband_middle_high":{"dmean":0.00248879543506,"dmean2":0.00356123805977,"dvar":0.00000848806575959,"dvar2":0.0000179072794708,"max":0.0416353009641,"mean":0.00885756034404,"median":0.00740701239556,"min":1.52503485396e-8,"var":0.0000607713700447},"spectral_energyband_middle_low":{"dmean":0.00533610954881,"dmean2":0.00905608292669,"dvar":0.0000421437543991,"dvar2":0.000109626293124,"max":0.0598691701889,"mean":0.0106894150376,"median":0.00926928967237,"min":5.87777044814e-8,"var":0.0000726507787476},"spectral_entropy":{"dmean":0.120315685868,"dmean2":0.182080164552,"dvar":0.0132366800681,"dvar2":0.0276113860309,"max":8.77535533905,"mean":7.76158475876,"median":7.78377199173,"min":6.39636564255,"var":0.0774566456676},"spectral_flux":{"dmean":0.0227241441607,"dmean2":0.0334196425974,"dvar":0.000743062584661,"dvar2":0.0014721264597,"max":0.275150328875,"mean":0.0914814472198,"median":0.0895437076688,"min":0.000326350767864,"var":0.00272678863257},"spectral_kurtosis":{"dmean":1.22313821316,"dmean2":1.92082035542,"dvar":1.76240777969,"dvar2":4.6839389801,"max":17.7229862213,"mean":5.22286462784,"median":5.03186702728,"min":-0.585594654083,"var":5.58709287643},"spectral_rms":{"dmean":0.000850165029988,"dmean2":0.00130694871768,"dvar":9.8755936051e-7,"dvar2":0.00000227412942877,"max":0.0104759763926,"mean":0.00450385408476,"median":0.00464777788147,"min":0.0000108146368802,"var":0.00000488491377837},"spectral_rolloff":{"dmean":510.520477295,"dmean2":849.90814209,"dvar":967284.3125,"dvar2":2020015.25,"max":10960.4003906,"mean":2074.96289062,"median":1658.05664062,"min":129.19921875,"var":2634997.5},"spectral_skewness":{"dmean":0.167487978935,"dmean2":0.264253437519,"dvar":0.0260778833181,"dvar2":0.0603483915329,"max":2.89879059792,"mean":1.67037415504,"median":1.72446298599,"min":0.615873396397,"var":0.134016320109},"spectral_spread":{"dmean":534132.875,"dmean2":742355.625,"dvar":420520165376,"dvar2":700164866048,"max":15676353,"mean":4360721.5,"median":4094057.75,"min":1730429.125,"var":2408647753730},"spectral_strongpeak":{"dmean":0.458407312632,"dmean2":0.795382261276,"dvar":0.503241419792,"dvar2":1.37739264965,"max":7.88109397888,"mean":0.751039981842,"median":0.490081220865,"min":0.000257442618022,"var":0.762919723988},"zerocrossingrate":{"dmean":0.00991833861917,"dmean2":0.0123309856281,"dvar":0.000178741189302,"dvar2":0.000224905466894,"max":0.2744140625,"mean":0.077102907002,"median":0.0654296875,"min":0.01123046875,"var":0.00166178517975}},"metadata":{"audio_properties":{"analysis_sample_rate":44100,"bit_rate":0,"codec":"flac","downmix":"mix","equal_loudness":0,"length":67.7066650391,"lossless":true,"md5_encoded":"cf681845d75a4d0e97d1e83c6178afe3","replay_gain":-13.877620697,"sample_rate":44100},"tags":{"acoustid_id":["7ec711ec-7639-4d40-95c5-29ce253694d4"],"album":["Tres cabrones"],"album artist":["Los Melvins"],"albumartist":["Los Melvins"],"albumartistsort":["Melvins"],"artist":["Los Melvins"],"artistsort":["Melvins"],"asin":["B00EEPFNLS"],"barcode":["689230015024"],"catalognumber":["IPC-150"],"date":["2013-11-05"],"disc":["1"],"discnumber":["1"],"disctotal":["1"],"ensemble":["Los Melvins"],"file_name":"10. Los Melvins - In the Army Now.flac","genre":["Grunge"],"label":["Ipecac Recordings"],"media":["CD"],"musicbrainz_albumartistid":["9ccfbc94-a4f4-42f7-b6f5-d903ab77cccb"],"musicbrainz_albumid":["4cb3a239-609e-48ba-8329-262ad6e863f8"],"musicbrainz_artistid":["9ccfbc94-a4f4-42f7-b6f5-d903ab77cccb"],"musicbrainz_recordingid":["4ca53c98-e2b0-49ec-a06a-acf4c3650b8d"],"originaldate":["2013-11-05"],"releasecountry":["US"],"releasestatus":["official"],"releasetype":["album"],"replaygain_album_gain":["-9.060000 dB"],"replaygain_track_gain":["-8.270000 dB"],"replaygain_track_peak":["0.988617"],"script":["Latn"],"title":["In the Army Now"],"totaldiscs":["1"],"totaltracks":["12"],"tracknumber":["10"],"tracktotal":["12"],"year":["2013"]},"version":{"essentia":"2.1-beta1","essentia_build_sha":"ca57ba49d9b1854bd80e60cf9ccf267278fb7d6b","essentia_git_sha":"v2.1_beta1-28-g21ef5f4-dirty","extractor":"music 1.0"}},"rhythm":{"beats_count":175,"beats_loudness":{"dmean":0.0154269738123,"dmean2":0.0283291134983,"dvar":0.000139663738082,"dvar2":0.00045820538071,"max":0.0798070207238,"mean":0.0389032959938,"median":0.0402019433677,"min":0.00000129921886582,"var":0.000389245396946},"beats_loudness_band_ratio":{"dmean":[0.137637764215,0.0869586542249,0.0976950004697,0.106380924582,0.084952697157