{"lowlevel":{"average_loudness":0.0511749945581,"barkbands":{"dmean":[0.000824374903459,0.00331818428822,0.0013441790361,0.00122733600438,0.00168633938301,0.000923713960219,0.000755523215048,0.000652044371236,0.000651069160085,0.000396844086936,0.000406994222431,0.000238469365286,0.000241938338149,0.000162720592925,0.00017306029622,0.0000804114242783,0.000074604555266,0.0000857049381011,0.0000821475696284,0.0000943132254179,0.0000724587880541,0.0000502042967128,0.0000237713447859,0.0000137441629704,0.0000023233601496,0.0000139878575283,0.000159874558449],"dmean2":[0.00134459522087,0.0054480121471,0.00218062731437,0.00196514837444,0.00273789977655,0.00144684116822,0.001199443941,0.00107223738451,0.0010463243816,0.000621384766418,0.000653664057609,0.000387497479096,0.000386730418541,0.000262922374532,0.000282912340481,0.000128497791593,0.000119991287647,0.000136255373945,0.000124701429741,0.000143031866173,0.000111632936751,0.0000705037309672,0.0000339904800057,0.0000195530792553,0.00000375932995667,0.0000195330540009,0.000248447468039],"dvar":[0.00000786944292486,0.000242454101681,0.0000135638447318,0.0000087897406047,0.0000113638434414,0.00000639583049633,0.00000369914209841,0.00000439505583927,0.0000051954502851,0.00000216465741687,0.00000252626909969,8.03079274192e-7,5.18504236879e-7,2.3075227773e-7,2.18624919057e-7,4.94299960963e-8,3.53904745509e-8,4.59912001816e-8,6.87318646442e-8,1.03000559193e-7,4.79805457587e-8,2.65547122069e-8,7.97559884802e-9,2.88475177079e-9,2.77691671741e-11,2.21894969066e-9,1.20574512152e-7],"dvar2":[0.0000216337357415,0.000653971510474,0.0000364211264241,0.0000224402519962,0.0000295409736282,0.0000161682655744,0.00000928619283513,0.0000114618760563,0.0000126619606817,0.00000484880047225,0.00000623350388196,0.00000207192283597,0.00000128126964682,5.69667690797e-7,5.52132235043e-7,1.14528148742e-7,8.15305227775e-8,1.17472424677e-7,1.36844391818e-7,2.30204790341e-7,1.09971175277e-7,5.13106321876e-8,1.69000458072e-8,5.66002533731e-9,6.73813366214e-11,4.3021275431e-9,2.88879647314e-7],"max":[0.108520910144,0.489102959633,0.157071441412,0.0825621262193,0.063658863306,0.0969535261393,0.0474095568061,0.0674414262176,0.0596622079611,0.0665875449777,0.0588562041521,0.0428836755455,0.0259260330349,0.0216395258904,0.0170700512826,0.00600665807724,0.0131707210094,0.00928793568164,0.0168181881309,0.0138454306871,0.00617044605315,0.00531349610537,0.00386032625102,0.00186578871217,0.000177523412276,0.0020081885159,0.012500054203],"mean":[0.00107696338091,0.00470624864101,0.00208755675703,0.00192425947171,0.00324454950169,0.0015793198254,0.00126634479966,0.00107258057687,0.00108163862024,0.000663524551783,0.000670329667628,0.000406575709349,0.000450541439932,0.000298467901303,0.00033259409247,0.00016504827363,0.00016555460752,0.000181719165994,0.000192123625311,0.000241794783506,0.000201362723601,0.000163233271451,0.0000695257258485,0.0000364940024156,0.0000030231551591,0.0000429107276432,0.000608543341514],"median":[0.00025235384237,0.00103472871706,0.000633788644336,0.000480761285871,0.00153591239359,0.000359984405804,0.000205619551707,0.000138542964123,0.000166392375831,0.000103335660242,0.0000764988508308,0.0000622209481662,0.0000822000656626,0.0000666999694658,0.0000732668850105,0.0000302805292449,0.0000389382767025,0.0000415226386394,0.0000300278516079,0.0000244538332481,0.0000165233795997,0.00000710821859684,0.00000318551201417,0.00000161804882737,9.33148612603e-7,0.00000324280767927,0.000243993126787],"min":[4.0197760322e-24,1.42878897361e-23,2.7757087003e-23,4.6594511129e-23,7.05880247948e-23,3.34984545366e-23,5.85265750568e-23,1.01827162766e-22,5.13286105716e-23,9.26446135701e-23,7.69623806295e-23,3.12097481695e-23,8.09295621219e-23,4.88712299658e-23,1.22240876131e-22,1.06068142101e-22,1.07260394919e-22,2.4023510575e-22,2.14069081773e-22,3.19263292209e-22,4.67929872706e-22,5.16678295961e-22,4.6352472195e-22,7.5013826036e-22,1.42217247535e-21,1.99313773018e-21,2.41454909377e-21],"var":[0.00000980247659754,0.000285494548734,0.0000203052641154,0.0000173667249328,0.0000249368276855,0.0000140747069963,0.00000816248666524,0.0000110310038508,0.0000106329080154,0.00000489031435791,0.00000564825313631,0.00000176992455181,0.00000170002522282,5.69321628063e-7,5.56181817046e-7,1.61091946893e-7,2.35557664041e-7,1.26536278344e-7,2.90412771164e-7,5.63842377233e-7,2.67321439651e-7,2.27566502531e-7,4.90662337427e-8,1.4921099023e-8,4.34704355845e-11,1.67205449486e-8,6.63372702547e-7]},"barkbands_crest":{"dmean":2.53687238693,"dmean2":4.13174819946,"dvar":5.20662593842,"dvar2":13.3578672409,"max":25.0082778931,"mean":10.0823345184,"median":9.23284244537,"min":2.34738206863,"var":18.2852458954},"barkbands_flatness_db":{"dmean":0.0230348948389,"dmean2":0.0363741032779,"dvar":0.000502048700582,"dvar2":0.00127667433117,"max":0.442961484194,"mean":0.151586338878,"median":0.145889416337,"min":0.0214489810169,"var":0.00384687515907},"barkbands_kurtosis":{"dmean":6.91294431686,"dmean2":11.3195047379,"dvar":375.340087891,"dvar2":1172.01538086,"max":593.221252441,"mean":16.2127246857,"median":8.32482528687,"min":-1.89794802666,"var":883.346374512},"barkbands_skewness":{"dmean":0.607282936573,"dmean2":0.958107769489,"dvar":0.519026219845,"dvar2":1.37464690208,"max":19.9147663116,"mean":2.64320993423,"median":2.50367617607,"min":-2.03314042091,"var":4.18479156494},"barkbands_spread":{"dmean":5.25497865677,"dmean2":8.27719020844,"dvar":37.8791770935,"dvar2":87.9380340576,"max":130.194503784,"mean":25.384393692,"median":18.9514274597,"min":0.424332350492,"var":422.134857178},"dissonance":{"dmean":0.0220021232963,"dmean2":0.0372400023043,"dvar":0.000444847886683,"dvar2":0.00123462837655,"max":0.500000059605,"mean":0.459254205227,"median":0.466229736805,"min":0.0588627010584,"var":0.000925275147893},"dynamic_complexity":4.73515701294,"erbbands":{"dmean":[0.120251052082,0.694348990917,1.33045089245,3.09161233902,5.03580236435,5.53941059113,7.03438520432,7.94369220734,8.74329948425,16.2856998444,11.5807504654,16.4324264526,11.5860233307,10.4262056351,16.7362995148,11.1570100784,11.3378515244,8.04089832306,8.1000919342,7.3407497406,3.42200756073,3.71789216995,4.03925561905,4.35186100006,4.3146033287,4.82290172577,2.64528441429,3.04155015945,2.14563274384,1.17851674557,0.524751842022,0.383161336184,0.158874720335,0.0332475490868,0.0148205682635,0.0247187018394,0.0327355228364,0.0236037187278,0.0139475911856,0.00455531058833],"dmean2":[0.198729470372,1.14550685883,2.18982362747,4.90101194382,8.47592258453,8.86047554016,11.118938446,12.5203275681,13.7533330917,26.7761516571,18.4165973663,26.397649765,18.3219585419,16.4827861786,26.6364402771,17.9848480225,18.1515007019,12.8918304443,13.1366529465,11.8580474854,5.37088775635,5.93896770477,6.45244169235,6.66793203354,6.40173721313,7.39564561844,4.04298353195,4.58129405975,3.07209706306,1.64422416687,0.726242482662,0.54250651598,0.231489375234,0.0519508235157,0.0239617619663,0.0367998294532,0.0465644970536,0.0325354859233,0.0216513182968,0.00701619219035],"dvar":[0.273954540491,11.6952638626,18.1566104889,55.3943595886,117.471405029,135.103485107,423.708190918,472.639465332,558.299499512,2029.7355957,1483.14208984,3645.81201172,2464.38598633,1115.94238281,4584.03271484,1818.99645996,1173.09399414,652.354187012,555.946350098,408.042449951,87.7756118774,83.5508728027,88.4801254272,153.367706299,239.261642456,283.126861572,68.3862609863,95.8546142578,49.5215415955,21.8076324463,3.00789427757,2.25559282303,0.399586111307,0.00594980083406,0.00120933982544,0.00529443658888,0.0139324693009,0.00541120255366,0.00125123886392,0.000120139411592],"dvar2":[0.726903736591,31.8482456207,47.7507362366,135.80178833,326.641784668,339.534393311,1113.52368164,1156.11865234,1336.00292969,5301.12255859,3490.6796875,8857.4296875,5540.76708984,2906.3815918,11412.7451172,4680.57519531,2989.5246582,1582.10961914,1401.47521973,1023.11047363,198.221817017,196.034729004,222.964248657,348.616607666,468.533416748,658.517333984,162.068344116,207.248260498,99.1876449585,43.2304191589,5.76583957672,4.59519720078,0.810140967369,0.0137258889154,0.00298725417815,0.0110193537548,0.0272052567452,0.0100894514471,0.00320978765376,0.000254181126365],"max":[21.7475261688,110.592796326,148.453094482,210.132171631,279.332214355,261.151092529,823.053100586,636.856811523,588.786865234,1325.01269531,1347.72033691,1837.50598145,2374.55761719,1004.32904053,2854.1953125,2217.18017578,998.306640625,1272.00854492,955.51940918,850.318237305,339.337310791,642.334838867,339.107788086,531.649536133,1139.40002441,718.732299805,263.358062744,269.598388672,249.530548096,278.415679932,61.9982833862,52.645450592,39.8192329407,2.75574994087,1.30180191994,2.93825984001,4.57058811188,4.12336063385,1.15053665638,0.512195408344],"mean":[0.173123389482,0.931606411934,2.11865592003,5.39094686508,7.93762207031,10.5957651138,12.6039934158,13.325345993,14.9034090042,26.4635467529,21.609128952,27.4246482849,19.8380680084,18.8006401062,29.1352386475,20.5410900116,21.774143219,15.9052400589,16.3198375702,14.8551549911,8.169962883,8.78506755829,9.59183311462,9.88470554352,10.8269014359,12.2531967163,7.53086996078,8.34827804565,6.60273933411,3.63108038902,1.6569314003,1.00712072849,0.395923942327,0.0598928406835,0.0198812168092,0.0583206154406,0.0953604280949,0.0863948240876,0.0524743981659,0.0199388097972],"median":[0.0418094545603,0.192001610994,0.703449726105,1.63116466999,3.33267450333,4.82301092148,4.26939964294,2.99054718018,2.42301511765,3.98467946053,3.37982940674,4.20984840393,3.78187561035,3.04678440094,3.90105104446,3.54708099365,4.63333320618,3.7416844368,4.4142074585,3.31593537331,2.00591826439,2.38457632065,2.53845405579,1.86997652054,1.38105845451,1.19324243069,0.843737006187,0.546821832657,0.273155242205,0.148709014058,0.0841527730227,0.0441437214613,0.0214439965785,0.0124360509217,0.00702011212707,0.00667258957401,0.0066556641832,0.00758685357869,0.0112490374595,0.0108443479985],"min":[2.47553059134e-22,4.01833072858e-21,2.68223087922e-20,9.77877475147e-20,3.10559377514e-19,1.42561644667e-19,1.72286560925e-19,2.4244531922e-19,6.45856883716e-19,1.84093160547e-18,1.48766251479e-18,1.14135973243e-18,1.52917891653e-18,4.72720195671e-18,1.86688294963e-18,1.49046551969e-18,3.24938485577e-18,2.38322604518e-18,6.4303308556e-18,4.88740698903e-18,6.59766742557e-18,7.04301857223e-18,1.16596351664e-17,9.60908420643e-18,1.32185273412e-17,1.46813722662e-17,1.58613404469e-17,2.0071997476e-17,2.22182251088e-17,1.13635938427e-17,1.45716252513e-17,1.24746090747e-17,1.49423312059e-17,1.61160376293e-17,9.28216423037e-18,5.55650470112e-18,3.86769512582e-18,1.69455930774e-18,3.60196728314e-19,3.24866849151e-20],"var":[0.355723232031,12.4930372238,25.5281467438,126.995384216,186.499420166,287.396697998,921.442382812,1071.55493164,1229.01647949,4438.6796875,3951.7824707,7389.14746094,5517.71533203,2395.12915039,10633.2304688,4216.03320312,3488.10131836,1677.5020752,1317.74450684,1086.62585449,344.408416748,558.494445801,307.125732422,521.556030273,1125.28088379,1370.44885254,391.452148438,520.355895996,361.481231689,153.439727783,26.1620731354,10.7078351974,1.83843815327,0.0203821081668,0.00167167326435,0.0296781975776,0.0819147527218,0.0524749755859,0.00930346176028,0.000690182729159]},"erbbands_crest":{"dmean":2.46317958832,"dmean2":4.06297874451,"dvar":5.44142246246,"dvar2":14.3575372696,"max":29.267829895,"mean":8.94351673126,"median":8.09163856506,"min":1.76098954678,"var":14.9959335327},"erbbands_flatness_db":{"dmean":0.0191454328597,"dmean2":0.0300339981914,"dvar":0.000287096947432,"dvar2":0.000713454268407,"max":0.28885397315,"mean":0.145348072052,"median":0.143595695496,"min":0.0251610539854,"var":0.0012727114372},"erbbands_kurtosis":{"dmean":1.12775242329,"dmean2":1.80839955807,"dvar":2.74369764328,"dvar2":6.9265871048,"max":36.717414856,"mean":1.18280005455,"median":0.283393383026,"min":-1.73288035393,"var":8.21514415741},"erbbands_skewness":{"dmean":0.333505898714,"dmean2":0.519679129124,"dvar":0.0942541062832,"dvar2":0.220550268888,"max":4.78166437149,"mean":0.455638736486,"median":0.41057407856,"min":-5.20714712143,"var":1.01471078396},"erbbands_spread":{"dmean":5.75026750565,"dmean2":9.06817436218,"dvar":30.2076187134,"dvar2":72.5945739746,"max":152.376342773,"mean":31.3443565369,"median":29.5338134766,"min":3.63277602196,"var":181.704467773},"gfcc":{"cov":[[11795.6064453,-1216.25512695,-1793.02294922,-9.16654491425,-434.223297119,-552.714416504,349.951171875,-467.60244751,-65.2833023071,-206.307662964,-261.429962158,-50.7157363892,-251.280151367],[-1216.25512695,2201.91162109,567.676513672,-412.658966064,440.325592041,-148.416351318,-117.162780762,156.717514038,178.816680908,83.4141693115,191.020812988,-175.237472534,208.235671997],[-1793.02294922,567.676513672,776.161254883,15.7509145737,34.3031463623,131.116821289,-158.810241699,157.986724854,20.7887363434,83.7308654785,50.2508583069,-13.6133308411,54.4097137451],[-9.16654491425,-412.658966064,15.7509145737,341.351776123,14.8873558044,-2.29876852036,68.5895767212,-23.9434337616,-24.323595047,-6.68448162079,-29.9340820312,41.2669448853,-44.9967079163],[-434.223297119,440.325592041,34.3031463623,14.8873558044,331.596008301,24.1689243317,48.3564529419,26.3332061768,19.5501098633,2.68981170654,72.1068267822,-27.5870437622,79.4047012329],[-552.714416504,-148.416351318,131.116821289,-2.29876852036,24.1689243317,413.473297119,2.80261325836,71.4236297607,-97.0793533325,-8.70778942108,18.2573680878,65.4225616455,39.437210083],[349.951171875,-117.162780762,-158.810241699,68.5895767212,48.3564529419,2.80261325836,199.247634888,-31.6837806702,-14.6388540268,-43.9311027527,-6.48183345795,18.0008678436,2.40089464188],[-467.60244751,156.717514038,157.986724854,-23.9434337616,26.3332061768,71.4236297607,-31.6837806702,178.697250366,31.0853157043,40.2920227051,29.3287658691,-17.0791015625,41.2903747559],[-65.2833023071,178.816680908,20.7887363434,-24.323595047,19.5501098633,-97.0793533325,-14.6388540268,31.0853157043,142.530441284,52.6577072144,1.21883666515,-16.3370437622,-6.44540452957],[-206.307662964,83.4141693115,83.7308654785,-6.68448162079,2.68981170654,-8.70778942108,-43.9311027527,40.2920227051,52.6577072144,95.4797821045,34.3837585449,-9.24306869507,11.1614694595],[-261.429962158,191.020812988,50.2508583069,-29.9340820312,72.1068267822,18.2573680878,-6.48183345795,29.3287658691,1.21883666515,34.3837585449,94.0972137451,15.5665931702,34.4015426636],[-50.7157363892,-175.237472534,-13.6133308411,41.2669448853,-27.5870437622,65.4225616455,18.0008678436,-17.0791015625,-16.3370437622,-9.24306869507,15.5665931702,88.1537094116,10.3702259064],[-251.280151367,208.235671997,54.4097137451,-44.9967079163,79.4047012329,39.437210083,2.40089464188,41.2903747559,-6.44540452957,11.1614694595,34.4015426636,10.3702259064,106.049575806]],"icov":[[0.00015480001457,-0.000180099872523,0.000453936430858,-0.000167804566445,0.000283775036223,0.000023190095817,-0.0000412948356825,-0.00000744474164094,0.000249742093729,-0.000216831162106,0.000315992569085,-0.0000908431757125,0.000143445897265],[-0.000180099872523,0.00290855322964,-0.00266469549388,0.00265866750851,-0.00222786422819,0.000778918911237,-0.000365250132745,0.00102919735946,-0.00296178925782,0.00269110663794,-0.00363711640239,0.00366676109843,-0.00229861703701],[0.000453936430858,-0.00266469549388,0.00508902268484,-0.00324531644583,0.0025029333774,-0.00121949915774,0.00180014641955,-0.00174951204099,0.00242168898694,-0.00269012292847,0.00275445263833,-0.00222087814473,0.00129375432152],[-0.000167804566445,0.00265866750851,-0.00324531644583,0.00755906663835,-0.00446042837575,0.00232620700262,-0.0023258891888,-0.00023914637859,0.000623291591182,-0.00112940440886,0.00121832126752,-0.00197813543491,0.00182968936861],[0.000283775036223,-0.00222786422819,0.0025029333774,-0.00446042837575,0.00856307148933,-0.00246231839992,-0.000215561580262,0.00125654297881,-0.00184501346666,0.00226040394045,-0.00411908747628,0.00404014158994,-0.00351894833148],[0.000023190095817,0.000778918911237,-0.00121949915774,0.00232620700262,-0.00246231839992,0.00514446059242,-0.000869898765814,-0.00246989796869,0.00412870617583,-0.00197054701857,0.00248169573024,-0.00462051806971,0.00115519412793],[-0.0000412948356825,-0.000365250132745,0.00180014641955,-0.0023258891888,-0.000215561580262,-0.000869898765814,0.00775046413764,-0.0000347904606315,-0.00116250244901,0.00309394486248,-0.000922214996535,0.00000289112017526,-0.0010655389633],[-0.00000744474164094,0.00102919735946,-0.00174951204099,-0.00023914637859,0.00125654297881,-0.00246989796869,-0.0000347904606315,0.00999463815242,-0.00524785323068,0.00196201982908,-0.00487264012918,0.00670620705932,-0.00475595612079],[0.000249742093729,-0.00296178925782,0.00242168898694,0.000623291591182,-0.00184501346666,0.00412870617583,-0.00116250244901,-0.00524785323068,0.0185003727674,-0.0130834877491,0.0114984530956,-0.0109012117609,0.00718248868361],[-0.000216831162106,0.00269110663794,-0.00269012292847,-0.00112940440886,0.00226040394045,-0.00197054701857,0.00309394486248,0.00196201982908,-0.0130834877491,0.0247202701867,-0.0151074947789,0.0108259506524,-0.00624542217702],[0.000315992569085,-0.00363711640239,0.00275445263833,0.00121832126752,-0.00411908747628,0.00248169573024,-0.000922214996535,-0.00487264012918,0.0114984530956,-0.0151074947789,0.0278133396059,-0.01614051871,0.00591832306236],[-0.0000908431757125,0.00366676109843,-0.00222087814473,-0.00197813543491,0.00404014158994,-0.00462051806971,0.00000289112017526,0.00670620705932,-0.0109012117609,0.0108259506524,-0.01614051871,0.028340710327,-0.0103704473004],[0.000143445897265,-0.00229861703701,0.00129375432152,0.00182968936861,-0.00351894833148,0.00115519412793,-0.0010655389633,-0.00475595612079,0.00718248868361,-0.00624542217702,0.00591832306236,-0.0103704473004,0.0186646655202]],"mean":[-44.5632019043,90.3278884888,-77.5817565918,-0.856814801693,-16.8595294952,-21.070728302,-5.15624046326,-20.4210453033,-6.89952087402,-10.6116142273,-5.9646692276,-7.40661764145,-6.67447805405]},"hfc":{"dmean":72.3997421265,"dmean2":113.727333069,"dvar":56949.8320312,"dvar2":126521.914062,"max":13082.2958984,"mean":231.10508728,"median":132.722564697,"min":1.19886105209e-16,"var":148686.53125},"melbands":{"dmean":[0.00099460920319,0.000732281478122,0.000543872825801,0.000366262160242,0.000248790369369,0.000177024150616,0.000135256341309,0.000171971943928,0.000100447250588,0.0000982761994237,0.0000577116588829,0.0000429811261711,0.0000599443410465,0.0000288144165097,0.000029606571843,0.0000207140328712,0.0000160151430464,0.000013456178749,0.0000123710988191,0.00000808034837974,0.00000392515858039,0.00000387471527574,0.0000047971893764,0.00000396087762056,0.00000388340868085,0.00000316102614306,0.00000371850296688,0.00000352473853127,0.00000202463070309,0.00000176201263002,0.0000021129817469,0.00000146623915498,9.10374922114e-7,7.34752575227e-7,3.55868763791e-7,2.6658952379e-7,2.48303337003e-7,1.50190231807e-7,5.15436724413e-8,2.19855795791e-8],"dmean2":[0.00162946782075,0.00120603223331,0.000884704175405,0.000595776073169,0.000394211761886,0.000278308871202,0.000213167790207,0.000284564739559,0.000159149436513,0.000158107548486,0.0000913955154829,0.0000683408215991,0.0000959869357757,0.000045792756282,0.000046759032557,0.0000332822310156,0.0000258653453784,0.0000219117555389,0.0000201180118893,0.0000129323179863,0.00000618529884377,0.00000621260915068,0.00000780155278335,0.00000630093200016,0.00000600137855145,0.0000048115584832,0.00000563629237149,0.00000548479647478,0.0000031644963201,0.00000271494604931,0.00000318989987136,0.00000214407577914,0.00000128937574573,0.00000106190907445,4.98314079778e-7,3.89317193594e-7,3.59559010121e-7,2.20163130393e-7,8.0062967811e-8,3.55395144425e-8],"dvar":[0.0000202493956749,0.00000801655551186,0.0000014956352743,5.75433546146e-7,4.19244315708e-7,2.26328637609e-7,1.26644593479e-7,2.42826644126e-7,1.13017350145e-7,1.26153238966e-7,6.36976338342e-8,1.95472207309e-8,5.51459535814e-8,1.03096944315e-8,9.97629978627e-9,3.26887028557e-9,2.93068369572e-9,1.50234535923e-9,1.02922614875e-9,5.26676535717e-10,1.27658147941e-10,8.53523640654e-11,1.65759891924e-10,9.83223016893e-11,1.29138727489e-10,1.01592213808e-10,1.87884624525e-10,1.67861183287e-10,5.02069878727e-11,3.56335030927e-11,5.63990000535e-11,2.3745215863e-11,1.23926433351e-11,9.14607972691e-12,1.53452261748e-12,9.50142200161e-13,9.44813888584e-13,4.40415255263e-13,2.19212634969e-14,2.59492164457e-15],"dvar2":[0.000054252344853,0.000021403973733,0.00000382802090826,0.00000147420746544,0.00000110768758077,5.58766373615e-7,3.05762569042e-7,6.38410824649e-7,2.61898748022e-7,3.06501391378e-7,1.42170577533e-7,5.0843286914e-8,1.3645586705e-7,2.58695145305e-8,2.50714382588e-8,8.47752001931e-9,7.11724545965e-9,3.82140008526e-9,2.63919175403e-9,1.24678978253e-9,2.90166557448e-10,2.01916747211e-10,4.2302741865e-10,2.44954001527e-10,2.97778413039e-10,2.10802583722e-10,4.0029385362e-10,4.09281331049e-10,1.20935803039e-10,8.05910407853e-11,1.21221810367e-10,5.03046909683e-11,2.64158937779e-11,1.92474387123e-11,2.87108422974e-12,2.00969883096e-12,1.9371639709e-12,9.10010782007e-13,4.98330624812e-14,6.21329837623e-15],"max":[0.164362043142,0.0990913212299,0.0369150191545,0.0157783329487,0.0229589864612,0.0137392999604,0.00819261930883,0.013019727543,0.0129803819582,0.0103541593999,0.0121638532728,0.00412727985531,0.00826386921108,0.00410367175937,0.00338457943872,0.0014273946872,0.00275670085102,0.00143132184166,0.000814680184703,0.000854955113027,0.000354543997673,0.000508302706294,0.00077480240725,0.00042381734238,0.000546911149286,0.00055100111058,0.000734341272619,0.000458547874587,0.000242572117713,0.000225653027883,0.00024098996073,0.000121740646136,0.000127088875161,0.000178860747837,0.0000553636855329,0.0000342943894793,0.0000328782844008,0.0000441643533122,0.00000512885344506,0.00000158454076882],"mean":[0.0014954690123,0.00116073491517,0.000975433271378,0.000677391770296,0.000467630830826,0.000301726569887,0.000233834522078,0.000282663531834,0.000181101830094,0.000161087795277,0.0000949758759816,0.0000726925718482,0.0000992517161649,0.0000520666544617,0.0000567398019484,0.0000375367344532,0.0000290933621727,0.0000253770940617,0.0000234524723055,0.0000158788352564,0.00000833247668197,0.00000832871774037,0.0000102877993413,0.00000814332361188,0.00000793424351286,0.00000697132009009,0.00000877638831298,0.00000804914361652,0.00000483190569867,0.00000419612888436,0.00000509139499627,0.0000039221172301,0.00000256893804362,0.00000189219008462,0.0000010238716186,6.4679238676e-7,5.95216135935e-7,3.37825639463e-7,9.84844774621e-8,2.87602315296e-8],"median":[0.000377445190679,0.000380645797122,0.000347748951754,0.000326875771862,0.000177394933417,0.000065951157012,0.0000390900786442,0.0000414927999373,0.0000258187810687,0.0000244414768531,0.0000166571735463,0.0000107607847895,0.0000121951688925,0.00000761824685469,0.00000967363212112,0.00000795726555225,0.00000576448019274,0.00000639714789941,0.00000498226245327,0.00000277275762528,0.00000179664641564,0.00000218585137191,0.00000241004818236,0.00000183331621884,0.00000136669632411,0.00000102717410755,8.50336164149e-7,7.14266207069e-7,5.24609504282e-7,3.78488095976e-7,2.63038998582e-7,1.55811619607e-7,1.02377086364e-7,6.79528184833e-8,4.82868784957e-8,3.64633123695e-8,2.11494679547e-8,1.40385267855e-8,1.18563461271e-8,8.07974842587e-9],"min":[3.20418871672e-24,1.12356614649e-23,2.42039375791e-23,1.81810192776e-23,5.20904380025e-24,6.31389201296e-24,1.04185885272e-23,2.28613168288e-23,1.05827631033e-23,7.01956753572e-24,7.74419386401e-24,1.94858977667e-23,8.13552409327e-24,3.69391139732e-24,3.58706294872e-24,9.51330910728e-24,3.36390445382e-24,1.04773334211e-23,7.50917800085e-24,7.05532265625e-24,7.7927387864e-24,6.58764883517e-24,9.19753518667e-24,1.10486817089e-23,7.01672526988e-24,9.4481413079e-24,1.01297944384e-23,9.35878151114e-24,1.03351380875e-23,1.00083919005e-23,1.2351065031e-23,1.33418183188e-23,8.12761102953e-24,5.57915840432e-24,8.92930196851e-24,7.55013881449e-24,7.75593921403e-24,8.43151574896e-24,1.57662150725e-23,1.23179368173e-23],"var":[0.0000258490163105,0.0000101217201518,0.0000031900212889,0.00000111670522074,9.54399865805e-7,5.14203179591e-7,2.87546072286e-7,5.67760935155e-7,2.94335052331e-7,2.54849510384e-7,1.411809194e-7,3.8989963258e-8,1.22059020669e-7,2.60102464011e-8,3.09007539556e-8,8.21462187162e-9,7.11397829534e-9,3.37971406417e-9,2.65137978239e-9,1.5076577764e-9,4.59443733059e-10,4.29852209383e-10,8.33889624019e-10,2.58501997585e-10,3.90705745534e-10,3.93607230142e-10,9.54709755696e-10,6.68004318527e-10,1.99998462236e-10,1.56016741193e-10,2.44000958327e-10,1.35987152095e-10,7.8435473394e-11,4.8921363488e-11,1.25633331863e-11,4.08032548721e-12,4.20315301661e-12,1.66721508561e-12,8.6150840151e-14,4.48362152256e-15]},"melbands_crest":{"dmean":3.21842360497,"dmean2":5.22892379761,"dvar":7.87706327438,"dvar2":20.6038608551,"max":39.4311218262,"mean":14.7784442902,"median":13.4945812225,"min":2.47693061829,"var":38.5147743225},"melbands_flatness_db":{"dmean":0.0289808809757,"dmean2":0.0454350486398,"dvar":0.000743926211726,"dvar2":0.00184964307118,"max":0.579174816608,"mean":0.256612449884,"median":0.26381623745,"min":0.00765373790637,"var":0.00899548456073},"melbands_kurtosis":{"dmean":10.3147830963,"dmean2":17.7391815186,"dvar":4755.23242188,"dvar2":15391.5898438,"max":3657.01269531,"mean":18.9662418365,"median":8.56158351898,"min":-1.89616477489,"var":5290.45800781},"melbands_skewness":{"dmean":0.702435791492,"dmean2":1.13844668865,"dvar":1.27774345875,"dvar2":3.91222548485,"max":50.6643218994,"mean":2.67560744286,"median":2.30018424988,"min":-1.28956222534,"var":4.70856761932},"melbands_spread":{"dmean":4.87887001038,"dmean2":7.45665931702,"dvar":58.0010032654,"dvar2":122.869026184,"max":195.190475464,"mean":22.0707912445,"median":10.803565979,"min":0.160422772169,"var":730.284545898},"mfcc":{"cov":[[10627.5888672,-1330.55432129,-1571.68774414,286.948516846,-1079.88769531,131.229049683,-321.439575195,58.7452468872,-244.054550171,40.0198326111,-253.451858521,-47.7883262634,-283.931793213],[-1330.55432129,2426.15673828,239.121139526,-105.059387207,468.247741699,-257.480041504,48.8921279907,-193.99798584,168.265518188,14.5465192795,172.080383301,16.8594512939,164.186035156],[-1571.68774414,239.121139526,726.639404297,-86.5338439941,182.615249634,-35.8840332031,12.4168643951,-19.5499477386,42.9475669861,-26.3161582947,67.7161254883,30.158536911,33.9890289307],[286.948516846,-105.059387207,-86.5338439941,414.646270752,-41.4323387146,-19.9977226257,-51.2125473022,-28.5253353119,1.90177512169,12.4341182709,18.8692970276,4.06628036499,-5.79407835007],[-1079.88769531,468.247741699,182.615249634,-41.4323387146,344.488769531,-14.267165184,87.5332565308,-20.7826213837,62.8868179321,1.52570056915,49.9354438782,13.2221031189,75.7648162842],[131.229049683,-257.480041504,-35.8840332031,-19.9977226257,-14.267165184,215.517410278,79.3812713623,75.7566757202,-29.0163707733,-12.6155748367,-54.5719604492,-14.2598199844,-10.3734111786],[-321.439575195,48.8921279907,12.4168643951,-51.2125473022,87.5332565308,79.3812713623,245.55770874,72.5947570801,10.5927362442,4.11180877686,-47.9907798767,-25.8731479645,45.2357025146],[58.7452468872,-193.99798584,-19.5499477386,-28.5253353119,-20.7826213837,75.7566757202,72.5947570801,149.597640991,0.471338272095,8.9837436676,-42.6982460022,-11.5994195938,-6.49025154114],[-244.054550171,168.265518188,42.9475669861,1.90177512169,62.8868179321,-29.0163707733,10.5927362442,0.471338272095,119.527374268,27.5242576599,21.6098175049,6.83285045624,25.6789569855],[40.0198326111,14.5465192795,-26.3161582947,12.4341182709,1.52570056915,-12.6155748367,4.11180877686,8.9837436676,27.5242576599,78.9530105591,19.6698684692,-0.433422416449,7.26982212067],[-253.451858521,172.080383301,67.7161254883,18.8692970276,49.9354438782,-54.5719604492,-47.9907798767,-42.6982460022,21.6098175049,19.6698684692,115.147567749,33.0396728516,8.97696685791],[-47.7883262634,16.8594512939,30.158536911,4.06628036499,13.2221031189,-14.2598199844,-25.8731479645,-11.5994195938,6.83285045624,-0.433422416449,33.0396728516,68.0263977051,17.3974189758],[-283.931793213,164.186035156,33.9890289307,-5.79407835007,75.7648162842,-10.3734111786,45.2357025146,-6.49025154114,25.6789569855,7.26982212067,8.97696685791,17.3974189758,93.2174301147]],"icov":[[0.000184415039257,-0.0000390738605347,0.000280989072053,-0.0000334218020726,0.000380946614314,-0.0000838123669382,0.000105841842014,0.00000390820559915,0.000065510845161,-0.0000991635606624,0.000186984412721,-0.000172957050381,0.000159920207807],[-0.0000390738605347,0.000766249024309,0.0000272068991762,0.000202329887543,-0.000769076519646,0.000588568451349,-0.00018313540204,0.000563618203159,-0.000471243431093,0.00028261076659,-0.000607669702731,0.000551400880795,-0.000583891291171],[0.000280989072053,0.0000272068991762,0.00216291914694,0.000270064512733,-0.000260748289293,0.0000568721552554,0.000216744461795,-0.000128842482809,-0.000219746303628,0.000729655555915,-0.000532628968358,-0.000447152007837,0.000278571940726],[-0.0000334218020726,0.000202329887543,0.000270064512733,0.002634950215,-0.0000426444021286,0.0000810740457382,0.00029916499625,0.0004663321306,-0.000280374457361,-0.000120029311802,-0.000589226430748,0.000275942031294,-0.000370044959709],[0.000380946614314,-0.000769076519646,-0.000260748289293,-0.0000426444021286,0.00628607347608,-0.000905856082682,-0.00132107490208,0.000359381869202,-0.00100214604754,0.000398040399887,-0.00111630233005,-0.000237362095504,-0.00153970043175],[-0.0000838123669382,0.000588568451349,0.0000568721552554,0.0000810740457382,-0.000905856082682,0.0070013012737,-0.00157347542699,-0.00185202003922,0.000850067066494,0.000782746414188,0.000979858567007,-0.000186354140169,0.000487551034894],[0.000105841842014,-0.00018313540204,0.000216744461795,0.00029916499625,-0.00132107490208,-0.00157347542699,0.00705352891237,-0.00238594599068,0.000364514446119,-0.00066134694498,0.0019140036311,0.00192840350792,-0.0026989064645],[0.00000390820559915,0.000563618203159,-0.000128842482809,0.0004663321306,0.000359381869202,-0.00185202003922,-0.00238594599068,0.0101549504325,-0.00128563994076,-0.00157090311404,0.00151103723329,-0.000587285961956,0.000902591855265],[0.000065510845161,-0.000471243431093,-0.000219746303628,-0.000280374457361,-0.00100214604754,0.000850067066494,0.000364514446119,-0.00128563994076,0.0109354387969,-0.00349056185223,0.000282109976979,-0.000445497367764,-0.000949263689108],[-0.0000991635606624,0.00028261076659,0.000729655555915,-0.000120029311802,0.000398040399887,0.000782746414188,-0.00066134694498,-0.00157090311404,-0.00349056185223,0.0156459193677,-0.00417786277831,0.00192681059707,-0.00131407834124],[0.000186984412721,-0.000607669702731,-0.000532628968358,-0.000589226430748,-0.00111630233005,0.000979858567007,0.0019140036311,0.00151103723329,0.000282109976979,-0.00417786277831,0.0149023896083,-0.00581450248137,0.00188832660206],[-0.000172957050381,0.000551400880795,-0.000447152007837,0.000275942031294,-0.000237362095504,-0.000186354140169,0.00192840350792,-0.000587285961956,-0.000445497367764,0.00192681059707,-0.00581450248137,0.0194816868752,-0.00522583723068],[0.000159920207807,-0.000583891291171,0.000278571940726,-0.000370044959709,-0.00153970043175,0.000487551034894,-0.0026989064645,0.000902591855265,-0.000949263689108,-0.00131407834124,0.00188832660206,-0.00522583723068,0.0159542299807]],"mean":[-713.784301758,155.362518311,-3.95860552788,32.9412918091,0.702394425869,12.4611597061,1.15266776085,1.66265928745,-3.47144627571,1.75985908508,-1.13729918003,-0.593176722527,-5.42600917816]},"pitch_salience":{"dmean":0.0603136904538,"dmean2":0.0984510704875,"dvar":0.00275555159897,"dvar2":0.00722388364375,"max":0.825177192688,"mean":0.554121255875,"median":0.566660940647,"min":0.0462794974446,"var":0.0123336715624},"silence_rate_20dB":{"dmean":0.00297083891928,"dmean2":0.00594214210287,"dvar":0.00296221254393,"dvar2":0.00653226906434,"max":1,"mean":0.995856761932,"median":1,"min":0,"var":0.00412639090791},"silence_rate_30dB":{"dmean":0.0151669140905,"dmean2":0.0303361993283,"dvar":0.014936006628,"dvar2":0.0347291082144,"max":1,"mean":0.956769883633,"median":1,"min":0,"var":0.0413608141243},"silence_rate_60dB":{"dmean":0.0118833556771,"dmean2":0.0237685684115,"dvar":0.0117438416928,"dvar2":0.0268047954887,"max":1,"mean":0.0653533488512,"median":0,"min":0,"var":0.0610828362405},"spectral_centroid":{"dmean":146.385681152,"dmean2":222.048278809,"dvar":39210.4257812,"dvar2":69246.5625,"max":10674.0205078,"mean":1111.59509277,"median":718.275756836,"min":161.917877197,"var":910862.625},"spectral_complexity":{"dmean":2.18184661865,"dmean2":3.4816262722,"dvar":5.31863212585,"dvar2":11.4785833359,"max":54,"mean":13.271654129,"median":11,"min":0,"var":84.4195022583},"spectral_contrast_coeffs":{"dmean":[0.0491920746863,0.0454357005656,0.0357994996011,0.0281300917268,0.0225012972951,0.0313642136753],"dmean2":[0.0818382352591,0.0755004659295,0.059042993933,0.0462184213102,0.0362577922642,0.0497417673469],"dvar":[0.00147346791346,0.00126465805806,0.00083593087038,0.000487258977955,0.000367099157302,0.000874892633874],"dvar2":[0.00408948538825,0.00345329148695,0.00222095311619,0.00129311007913,0.000900600338355,0.00215994473547],"max":[-0.32007625699,-0.460229486227,-0.483825266361,-0.578079044819,-0.564305841923,-0.481316387653],"mean":[-0.646770596504,-0.770698308945,-0.796801686287,-0.803588569164,-0.809907615185,-0.758378982544],"median":[-0.645854592323,-0.775382399559,-0.805720329285,-0.80842602253,-0.810416579247,-0.775150299072],"min":[-0.977050840855,-0.991099536419,-0.971982657909,-0.978113353252,-0.970524847507,-0.961229026318],"var":[0.008504698053,0.00425957515836,0.00428011314943,0.00312125636265,0.00367328198627,0.00917422492057]},"spectral_contrast_valleys":{"dmean":[0.366130769253,0.347379058599,0.314716309309,0.269682407379,0.271524101496,0.545010924339],"dmean2":[0.611574470997,0.567341148853,0.507652938366,0.421864420176,0.418577492237,0.861435115337],"dvar":[0.0983996018767,0.0960578247905,0.0858382210135,0.0755436420441,0.103137739003,0.250697284937],"dvar2":[0.246388316154,0.223937436938,0.192650735378,0.155487909913,0.21669369936,0.603490948677],"max":[-4.21802663803,-4.24672174454,-4.50343322754,-5.40917110443,-5.70624113083,-8.50708866119],"mean":[-7.33708763123,-6.95688772202,-7.62930583954,-8.07265377045,-8.2481136322,-11.2945661545],"median":[-7.25243616104,-6.92708921432,-7.53887367249,-7.94999027252,-8.05078601837,-11.1829414368],"min":[-26.6158103943,-27.2491092682,-26.822473526,-27.3010673523,-27.0756130219,-27.2391796112],"var":[1.00058376789,1.29186594486,1.17416632175,1.18563222885,1.37209248543,0.967709004879]},"spectral_decrease":{"dmean":2.00144012474e-9,"dmean2":3.19817750061e-9,"dvar":2.86356990961e-17,"dvar2":7.54048184934e-17,"max":7.02465570157e-8,"mean":-3.02846214773e-9,"median":-1.37126798805e-9,"min":-1.41588628821e-7,"var":3.97641436886e-17},"spectral_energy":{"dmean":0.00811204500496,"dmean2":0.0126234414056,"dvar":0.0005589510547,"dvar2":0.00132651743479,"max":0.950681686401,"mean":0.0323920920491,"median":0.0195902213454,"min":1.05559603739e-20,"var":0.00212137331255},"spectral_energyband_high":{"dmean":0.000221223308472,"dmean2":0.000318883685395,"dvar":2.6645318485e-7,"dvar2":5.53673771719e-7,"max":0.0148264169693,"mean":0.00104840099812,"median":0.00018993919366,"min":7.90122517214e-21,"var":0.00000377717287847},"spectral_energyband_low":{"dmean":0.00467656878754,"dmean2":0.00755086168647,"dvar":0.000303633220028,"dvar2":0.000795817642938,"max":0.544967293739,"mean":0.00873897783458,"median":0.00321606686339,"min":6.1905928957e-23,"var":0.00047565146815},"spectral_energyband_middle_high":{"dmean":0.00106861419044,"dmean2":0.00161277910229,"dvar":0.00000701959379512,"dvar2":0.0000161793323059,"max":0.0794704630971,"mean":0.00354920816608,"median":0.00119036424439,"min":1.2840800641e-21,"var":0.0000400483440899},"spectral_energyband_middle_low":{"dmean":0.00358178489842,"dmean2":0.00562300812453,"dvar":0.0000473333384434,"dvar2":0.000120108736155,"max":0.200319975615,"mean":0.0104242777452,"median":0.00457834452391,"min":3.70191394944e-22,"var":0.000210704165511},"spectral_entropy":{"dmean":0.183025836945,"dmean2":0.282907038927,"dvar":0.033571947366,"dvar2":0.0817531719804,"max":9.80374145508,"mean":7.27788925171,"median":7.31473445892,"min":5.57401800156,"var":0.191739290953},"spectral_flux":{"dmean":0.0147321587428,"dmean2":0.0244155339897,"dvar":0.000430200103438,"dvar2":0.00112500507385,"max":0.66903758049,"mean":0.0788783803582,"median":0.0654869750142,"min":1.02742203634e-10,"var":0.00312173902057},"spectral_kurtosis":{"dmean":4.54224586487,"dmean2":7.21626567841,"dvar":42.4709091187,"dvar2":109.360229492,"max":110.005661011,"mean":18.6504802704,"median":17.2826976776,"min":-1.18462824821,"var":109.874435425},"spectral_rms":{"dmean":0.00056859588949,"dmean2":0.000862688291818,"dvar":6.4823024104e-7,"dvar2":0.00000148020274082,"max":0.0304547920823,"mean":0.00489101093262,"median":0.00437177438289,"min":3.20912719141e-12,"var":0.00000768010340835},"spectral_rolloff":{"dmean":1607.04931641,"dmean2":3072.15478516,"dvar":23740140,"dvar2":63077108,"max":22050,"mean":19007.84375,"median":21813.1347656,"min":43.06640625,"var":45682624},"spectral_skewness":{"dmean":0.342805802822,"dmean2":0.540669798851,"dvar":0.193738803267,"dvar2":0.481233775616,"max":8.46640300751,"mean":2.9585943222,"median":2.92295026779,"min":-0.00286349863745,"var":1.00520288944},"spectral_spread":{"dmean":498926.09375,"dmean2":777892.5,"dvar":311699308544,"dvar2":664256774144,"max":40338740,"mean":4279189.5,"median":4121265,"min":1201839.5,"var":1330763530240},"spectral_strongpeak":{"dmean":11.0913190842,"dmean2":20.2947731018,"dvar":623.233886719,"dvar2":1573.77868652,"max":522.217163086,"mean":10.9851131439,"median":0.59172976017,"min":0,"var":666.011474609},"zerocrossingrate":{"dmean":0.0423344932497,"dmean2":0.0543568506837,"dvar":0.00140626437496,"dvar2":0.00235898257233,"max":0.81103515625,"mean":0.375017672777,"median":0.3818359375,"min":0.0029296875,"var":0.0148309227079}},"metadata":{"audio_properties":{"analysis_sample_rate":44100,"bit_rate":160000,"codec":"mp3","downmix":"mix","equal_loudness":0,"length":296.986114502,"lossless":false,"md5_encoded":"7764cf92ce55a97f5d93972a8719afdc","replay_gain":1.27972221375,"sample_rate":44100},"tags":{"album":["Life"],"album artist credit":["Neil Young & Crazy Horse"],"albumartist":["Neil Young & Crazy Horse"],"albumartistsort":["Young, Neil & Crazy Horse"],"artist":["Neil Young & Crazy Horse"],"artist credit":["Neil Young & Crazy Horse"],"artistsort":["Young, Neil & Crazy Horse"],"asin":["B00000E9NS"],"bpm":["0"],"catalognumber":["24154-2"],"composer":["Neil Young"],"date":["1987-06-30"],"discnumber":["1/1"],"encodedby":["iTunes v4.8.0.32"],"file_name":"02 - Neil Young & Crazy Horse - Long Walk Home.mp3","genre":["Rock - Roots Rock"],"label":["Geffen Records"],"language":["eng"],"media":["CD"],"musicbrainz album release country":["US"],"musicbrainz album status":["Official"],"musicbrainz album type":["album"],"musicbrainz_albumartistid":["0f3515b0-75c9-46c9-b26c-4cd05d26eae7"],"musicbrainz_albumid":["c9644530-34b9-41d9-ab18-d7685e7cf64c"],"musicbrainz_artistid":["0f3515b0-75c9-46c9-b26c-4cd05d26eae7"],"musicbrainz_recordingid":["4ca88fbf-d9de-40e4-a624-f64404d180f4"],"musicbrainz_releasegroupid":["cd3d642b-df7e-3a5f-93c2-16b6f4a4b984"],"originaldate":["1987-06-30"],"replaygain_album_gain":["0.00 dB"],"replaygain_album_peak":["0.000000"],"replaygain_track_gain":["3.49 dB"],"replaygain_track_peak":["0.873291"],"script":["Latn"],"title":["Long Walk Home"],"tracknumber":["2/9"]},"version":{"essentia":"2.1-beta1","essentia_build_sha":"ca57ba49d9b1854bd80e60cf9ccf267278fb7d6b","essentia_git_sha":"v2.1_beta1-28-g21ef5f4-dirty","extractor":"music 1.0"}},"rhythm":{"beats_count":576