{"lowlevel":{"average_loudness":0.939782977104,"barkbands":{"dmean":[0.0000340662372764,0.00329709309153,0.00157139147632,0.0018036524998,0.00430182227865,0.000977474846877,0.000573330733459,0.000306588393869,0.000545885122847,0.000468027865281,0.000391608075006,0.000242958180024,0.000105877552414,0.000201817587367,0.000434296031017,0.0005096749519,0.000665440515149,0.000153310495079,0.000133881301736,0.0000744389617466,0.0000562728928344,0.000085461884737,0.000062498387706,0.0000589265036979,0.0000384782251786,0.00000460965020466,5.26438519444e-8],"dmean2":[0.0000516146683367,0.00529683474451,0.00264440570027,0.0029860206414,0.00694476207718,0.00160035153385,0.000965581159107,0.000491334591061,0.000853353412822,0.000770912738517,0.000630359281786,0.000380963465432,0.000167455189512,0.000326861045323,0.00068320176797,0.000810723518953,0.00105375645217,0.000245065049967,0.000211579244933,0.000119273390737,0.0000856912520248,0.000133660490974,0.0000973743080976,0.0000906670902623,0.0000599361701461,0.00000715599344403,8.21088903535e-8],"dvar":[7.70400809813e-9,0.0000442634773208,0.0000115406555778,0.00000909625032364,0.000066092266934,0.00000215343402488,0.00000139271503485,2.94093666753e-7,7.26314738131e-7,5.33900902155e-7,8.18015109871e-7,1.71720657249e-7,3.810634297e-8,1.19110246999e-7,6.53706422327e-7,0.0000011580239061,0.0000019716458155,5.29133181715e-8,4.18410408543e-8,1.71080536404e-8,7.8520177027e-9,1.68127982647e-8,6.64811627971e-9,5.00505992207e-9,2.95966073871e-9,4.79239911644e-11,1.05255642865e-14],"dvar2":[1.67119527106e-8,0.000107517524157,0.0000320321923937,0.0000232612674154,0.000164837518241,0.00000553263953407,0.0000038860271161,7.03961575255e-7,0.00000176080231995,0.0000013510965573,0.00000204995603781,4.03990839004e-7,9.0706038236e-8,2.96298736657e-7,0.00000149983168285,0.00000260628848991,0.00000426910719398,1.3424205747e-7,1.03102969717e-7,4.4073008354e-8,1.7385691109e-8,4.31172324511e-8,1.65893485615e-8,1.19042953273e-8,7.1564660864e-9,1.10683830157e-10,2.38064318828e-14],"max":[0.00134476798121,0.0670138597488,0.0480238050222,0.0336482413113,0.0823283940554,0.0220404081047,0.0173332244158,0.0119329188019,0.0131784500554,0.0174180101603,0.0146081103012,0.00685727782547,0.00459955306724,0.00808861851692,0.0311712566763,0.0248299818486,0.0432303920388,0.00453224498779,0.00527676008642,0.00397510034963,0.00219052983448,0.0029739565216,0.00186502572615,0.00141784374136,0.000932704366278,0.000114452886919,0.00000170919417997],"mean":[0.0000418268427893,0.00515513215214,0.00245239865035,0.00291131366976,0.00625400338322,0.00164208526257,0.00093943439424,0.000508971861564,0.000986274913885,0.000827077659778,0.000510555284563,0.000421407312388,0.000173372973222,0.000311310082907,0.000761775358114,0.000901207909919,0.00124003959354,0.000330465583829,0.000319854472764,0.000180461080163,0.00015805134899,0.000240109555307,0.000184554301086,0.000178537258762,0.000100388788269,0.0000110911178126,8.57732800341e-8],"median":[0.00000337037477038,0.00210766866803,0.0013053403236,0.00105922948569,0.00299558835104,0.000815585954115,0.000448718143161,0.000220576359425,0.000541185145266,0.000476420944324,0.000146654085256,0.000170464161783,0.0000716362701496,0.000159088871442,0.000334137963364,0.000428945873864,0.000594561104663,0.000218291403144,0.000211467093322,0.000103204147308,0.0000790881094872,0.000129686188302,0.000118094903883,0.00013014547585,0.000075929419836,0.0000076623955465,3.80411471212e-8],"min":[8.75610151705e-26,3.61913566654e-24,1.07747838778e-24,4.81785655203e-25,8.18978036861e-24,7.6845433578e-24,9.02808313106e-24,8.07131633761e-24,1.89223355361e-23,9.94327695481e-24,9.69390303431e-24,2.10959171204e-23,4.19407555918e-23,3.09454135019e-23,4.66645335784e-23,5.65127961815e-23,7.272784471e-23,6.77476143541e-23,1.28305613527e-22,1.78792143481e-22,2.64790136919e-22,3.02280315988e-22,3.7054566291e-22,5.55326270404e-22,9.31125772186e-22,1.30973932383e-21,2.01011250225e-21],"var":[1.12108997641e-8,0.0000639505014988,0.0000114325966933,0.0000170171169884,0.0000817790278234,0.00000502709644934,0.00000204674961424,7.37102709536e-7,0.00000156685371167,0.00000118437333185,0.00000111235499389,4.39445926759e-7,7.88903733451e-8,2.19007233682e-7,0.00000181294819868,0.0000030367632462,0.00000475701835967,1.37331667815e-7,1.43936404129e-7,5.7033595624e-8,4.1967297193e-8,9.01285304167e-8,3.86965659516e-8,2.7175756756e-8,8.54160031594e-9,1.35277969382e-10,1.72574831487e-14]},"barkbands_crest":{"dmean":2.70583534241,"dmean2":4.36633729935,"dvar":6.89537286758,"dvar2":16.7747592926,"max":24.2705249786,"mean":9.6095457077,"median":9.01933574677,"min":2.27934288979,"var":15.6901073456},"barkbands_flatness_db":{"dmean":0.01930578053,"dmean2":0.0298951100558,"dvar":0.000361560261808,"dvar2":0.00081329519162,"max":0.310737669468,"mean":0.127184778452,"median":0.120170406997,"min":0.0134499082342,"var":0.00207507400773},"barkbands_kurtosis":{"dmean":2.9051117897,"dmean2":4.52922201157,"dvar":25.0372219086,"dvar2":55.7644538879,"max":109.50491333,"mean":4.16041135788,"median":1.13375854492,"min":-1.81416511536,"var":75.1441116333},"barkbands_skewness":{"dmean":0.595300793648,"dmean2":0.894654810429,"dvar":0.382376372814,"dvar2":0.822465479374,"max":9.59127616882,"mean":1.53221213818,"median":1.36336398125,"min":-3.02521681786,"var":2.11621189117},"barkbands_spread":{"dmean":6.41207265854,"dmean2":9.94357872009,"dvar":44.9440841675,"dvar2":101.128791809,"max":84.1073150635,"mean":27.6915302277,"median":26.7938098907,"min":2.00682091713,"var":159.648300171},"dissonance":{"dmean":0.0115518141538,"dmean2":0.0193698070943,"dvar":0.000107621941424,"dvar2":0.000292613171041,"max":0.500000178814,"mean":0.473788917065,"median":0.477922379971,"min":0.363978207111,"var":0.000349749287125},"dynamic_complexity":2.82615613937,"erbbands":{"dmean":[0.0725907236338,0.858356654644,1.91911554337,3.7084133625,13.875746727,12.5200920105,7.24225759506,7.53378868103,8.14720726013,7.09117889404,7.91305685043,12.2291994095,12.8409175873,16.7525024414,10.799079895,8.87923526764,4.96215867996,7.24756669998,23.2306137085,14.3853292465,32.5981140137,35.1553993225,10.8529481888,5.41258716583,7.44971418381,2.8385682106,2.33036971092,2.52360916138,3.15139961243,2.40262079239,1.63025033474,1.29599952698,0.976316988468,0.593933463097,0.203883782029,0.0407047718763,0.00456947088242,0.000322696461808,0.000015801151676,0.0000105878780232],"dmean2":[0.105771332979,1.41677415371,3.2160577774,6.1506819725,22.5850391388,20.1967201233,11.9491634369,12.5004329681,13.9115896225,11.4663610458,12.6614379883,18.8556175232,21.0464820862,27.357749939,16.8926773071,13.9085254669,7.82727003098,11.5618028641,37.1178512573,22.4086742401,51.4946632385,55.4059371948,17.1145133972,8.54744052887,11.8544712067,4.38882303238,3.6299469471,3.83171153069,4.97813415527,3.77078008652,2.5468108654,2.04787874222,1.49694788456,0.926785469055,0.316451430321,0.0619284883142,0.0069232727401,0.00048361235531,0.0000232473776123,0.0000157093672897],"dvar":[0.025785651058,3.03900790215,17.0412025452,41.6352157593,710.392211914,462.6925354,146.658874512,136.254364014,292.585449219,171.594314575,180.66519165,337.184875488,448.077270508,866.322265625,464.816223145,232.127807617,82.4150848389,134.974502563,1694.4395752,919.659667969,4011.22998047,5636.26025391,294.123016357,57.465461731,187.2709198,17.6553974152,13.8325624466,16.005903244,25.4654693604,11.0469694138,4.35374689102,2.50752425194,1.56219613552,0.650382101536,0.094079144299,0.00376673298888,0.0000557561179448,3.05684665136e-7,5.41868272474e-10,1.7112843087e-10],"dvar2":[0.0484552793205,8.01242637634,47.3713607788,110.530151367,1807.95654297,1139.67773438,366.130004883,356.223327637,828.70123291,434.736053467,439.366943359,773.61932373,1145.2598877,2191.90795898,1082.32531738,546.946777344,195.113189697,324.775421143,4171.74755859,2012.00585938,9060.14160156,12562.5273438,705.219177246,135.129943848,479.415679932,41.6231002808,33.3290596008,36.2072753906,65.772895813,26.7840385437,10.905921936,6.20037889481,3.73180317879,1.58895850182,0.225385323167,0.00863282009959,0.000126844228362,6.93207823588e-7,1.17058407412e-9,3.90647098003e-10],"max":[2.11835002899,16.5486793518,55.2546043396,72.1408157349,286.141235352,265.351776123,252.41796875,186.950637817,264.740661621,201.844696045,280.365722656,316.057647705,314.216918945,592.745117188,344.406280518,289.609893799,253.679748535,165.509246826,761.132202148,1892.90966797,1530.61608887,1965.54772949,413.856170654,164.87097168,434.138153076,131.201705933,77.3716888428,119.359428406,102.533737183,84.910194397,38.8316879272,30.0195465088,24.7815952301,12.0624065399,5.4751663208,0.948948442936,0.136713132262,0.00872782059014,0.000357796292519,0.000143958619446],"mean":[0.109457746148,1.28740942478,3.12106704712,6.29080820084,19.3528003693,19.6795520782,12.3240451813,12.2344884872,13.2950668335,12.0165281296,13.8336858749,23.1948623657,22.3444747925,27.3075370789,18.2461013794,15.7608594894,9.12027740479,12.7362222672,39.5737609863,28.7680854797,66.2126159668,66.6757888794,24.8907108307,13.6785449982,17.5965023041,8.17562580109,6.18713665009,6.94955301285,8.32826423645,7.17242574692,4.85572290421,3.70454120636,2.86885523796,1.55795955658,0.510391175747,0.104344561696,0.010504106991,0.000676807598211,0.0000468369107693,0.0000368107284885],"median":[0.0370420850813,0.572051823139,2.04003834724,3.44450616837,10.4725656509,9.10095596313,6.19286680222,6.43496608734,6.30955410004,6.06974077225,8.14976024628,12.7559986115,12.8931522369,14.0979881287,7.58111906052,7.36986446381,4.53018140793,7.34608888626,18.5964660645,16.0889949799,33.7195510864,32.9705085754,16.6496009827,9.97560214996,10.2951860428,5.09288644791,3.33282780647,3.5308535099,4.23410081863,4.20033025742,3.21906065941,2.60960245132,2.07709670067,1.18425619602,0.37833365798,0.0750372931361,0.00694124447182,0.000421273085522,0.0000359912191925,0.000034061333281],"min":[6.8592515938e-23,1.02997950994e-21,2.10335712342e-21,4.06731815776e-21,1.03216840836e-20,1.88674016986e-20,5.47935811489e-20,7.48755877171e-20,1.54482803634e-19,1.42123846403e-19,3.22525785845e-19,5.00402601371e-19,3.61605158404e-19,9.63555191808e-19,8.71103696284e-19,9.45911015752e-19,2.02104335962e-18,1.72966743788e-18,3.36960211612e-18,2.8477491705e-18,3.61280851905e-18,5.17478814539e-18,4.44619794928e-18,5.206616401e-18,7.4361981969e-18,6.98994418259e-18,1.01984727267e-17,9.13650765067e-18,1.02384900704e-17,1.02343409325e-17,1.12540436967e-17,1.125439773e-17,9.63707517117e-18,8.60819070215e-18,6.2203725638e-18,4.22200057041e-18,2.44114688604e-18,8.80571708973e-19,2.16895235213e-19,2.66983302512e-20],"var":[0.0447387471795,3.7128238678,15.5332794189,58.6448822021,772.731994629,753.788513184,330.021087646,273.524353027,443.872253418,292.445617676,321.141723633,883.520629883,861.20324707,1512.68310547,890.229248047,594.413879395,185.720993042,254.78112793,3770.19311523,2988.36450195,14046.8798828,13367.4550781,899.173217773,185.263504028,615.882080078,91.6511001587,62.5792388916,80.2597503662,118.306259155,65.2797851563,25.1235294342,12.410449028,7.50918006897,2.00561785698,0.242468133569,0.0111256558448,0.000132735673105,6.32977446458e-7,1.49984502595e-9,4.92626217596e-10]},"erbbands_crest":{"dmean":2.30707144737,"dmean2":3.70632743835,"dvar":5.28530597687,"dvar2":12.5137376785,"max":31.9919834137,"mean":8.1273059845,"median":6.90061569214,"min":2.41146254539,"var":17.8575763702},"erbbands_flatness_db":{"dmean":0.0136579517275,"dmean2":0.0203776042908,"dvar":0.000187259705854,"dvar2":0.000387103995308,"max":0.320236593485,"mean":0.139835640788,"median":0.134745970368,"min":0.0669281035662,"var":0.00108411919791},"erbbands_kurtosis":{"dmean":0.733978450298,"dmean2":1.1592566967,"dvar":1.55824685097,"dvar2":3.60768890381,"max":43.3467788696,"mean":0.0409051291645,"median":-0.435220330954,"min":-1.87820971012,"var":3.75075984001},"erbbands_skewness":{"dmean":0.345021218061,"dmean2":0.523941874504,"dvar":0.110206216574,"dvar2":0.241103872657,"max":3.71572542191,"mean":-0.0902070477605,"median":-0.0987311825156,"min":-3.88890504837,"var":0.557047367096},"erbbands_spread":{"dmean":9.83274269104,"dmean2":14.9820280075,"dvar":109.189399719,"dvar2":233.413482666,"max":158.37562561,"mean":50.6921958923,"median":45.9129867554,"min":1.91630327702,"var":574.372009277},"gfcc":{"cov":[[20565.8359375,2018.29833984,-1952.94604492,608.708679199,-489.648925781,431.892852783,-827.133361816,214.643768311,-210.048294067,-179.697280884,-311.000732422,28.874212265,85.3439407349],[2018.29833984,1134.98840332,-52.6526489258,61.0391578674,279.740234375,-10.4960813522,-41.2978858948,-40.9373168945,109.002319336,-97.0849380493,17.8777523041,-41.1384124756,90.4830245972],[-1952.94604492,-52.6526489258,1085.07446289,306.110076904,11.9048957825,16.9921131134,115.047119141,3.43134236336,-17.0346488953,44.3078308105,38.4377326965,10.4918861389,-34.2480735779],[608.708679199,61.0391578674,306.110076904,363.150390625,-18.6412010193,49.6447296143,30.2619438171,21.961151123,-10.9484481812,6.49804544449,4.49248361588,-4.16303110123,-5.18194961548],[-489.648925781,279.740234375,11.9048957825,-18.6412010193,389.473358154,70.7926025391,40.6388168335,13.4258871078,109.09286499,-17.9386386871,15.2439718246,-1.28556442261,51.2322540283],[431.892852783,-10.4960813522,16.9921131134,49.6447296143,70.7926025391,169.172286987,29.6220664978,35.8499488831,9.42431640625,14.9390439987,-13.5872411728,10.9363164902,6.99129724503],[-827.133361816,-41.2978858948,115.047119141,30.2619438171,40.6388168335,29.6220664978,145.882965088,24.2734241486,26.4568138123,13.0669269562,22.1002388,-5.44204568863,6.17428684235],[214.643768311,-40.9373168945,3.43134236336,21.961151123,13.4258871078,35.8499488831,24.2734241486,115.25214386,44.3487319946,21.1487121582,-6.61982917786,8.04810810089,-0.903971970081],[-210.048294067,109.002319336,-17.0346488953,-10.9484481812,109.09286499,9.42431640625,26.4568138123,44.3487319946,112.68888855,26.4789810181,18.7165317535,0.67527115345,19.2055492401],[-179.697280884,-97.0849380493,44.3078308105,6.49804544449,-17.9386386871,14.9390439987,13.0669269562,21.1487121582,26.4789810181,77.4741134644,34.5404281616,13.4461708069,-14.9543867111],[-311.000732422,17.8777523041,38.4377326965,4.49248361588,15.2439718246,-13.5872411728,22.1002388,-6.61982917786,18.7165317535,34.5404281616,72.820640564,25.9752979279,5.39226198196],[28.874212265,-41.1384124756,10.4918861389,-4.16303110123,-1.28556442261,10.9363164902,-5.44204568863,8.04810810089,0.67527115345,13.4461708069,25.9752979279,61.3071212769,23.392036438],[85.3439407349,90.4830245972,-34.2480735779,-5.18194961548,51.2322540283,6.99129724503,6.17428684235,-0.903971970081,19.2055492401,-14.9543867111,5.39226198196,23.392036438,60.6489448547]],"icov":[[0.000416805793066,-0.00121501216199,0.000933049188461,-0.00109463487752,0.000803542730864,-0.000986216356978,0.00123837240972,-0.00119968259241,0.00144625885878,-0.00133127439767,0.00152227852959,-0.00136647094041,0.00055594422156],[-0.00121501216199,0.00526740401983,-0.00279005826451,0.00277284905314,-0.00274198339321,0.00256882817484,-0.00230010016821,0.0039311745204,-0.00595228746533,0.0065484251827,-0.0066433059983,0.00632517412305,-0.0035238864366],[0.000933049188461,-0.00279005826451,0.00355201936327,-0.00367199233733,0.00131571979728,-0.00153865234461,0.00158930674661,-0.00238591176458,0.0039223623462,-0.00397001160309,0.00394927803427,-0.00419546011835,0.00245625735261],[-0.00109463487752,0.00277284905314,-0.00367199233733,0.00702628400177,-0.00126121228095,0.0010960099753,-0.00295601622202,0.00219858880155,-0.00342113431543,0.00390899600461,-0.00479182507843,0.00474048312753,-0.00215209904127],[0.000803542730864,-0.00274198339321,0.00131571979728,-0.00126121228095,0.00675834855065,-0.00467464141548,0.00237764790654,-0.00112279923633,-0.00231218524277,0.000554564758204,0.00134624750353,-0.00169778219424,-0.000429568637628],[-0.000986216356978,0.00256882817484,-0.00153865234461,0.0010960099753,-0.00467464141548,0.0113822109997,-0.00516192428768,0.0010474025039,0.000188368037925,-0.00183130253572,0.00162259303033,-0.000257905339822,-0.000598037964664],[0.00123837240972,-0.00230010016821,0.00158930674661,-0.00295601622202,0.00237764790654,-0.00516192428768,0.0139154735953,-0.00514798983932,0.00217809271999,-0.00079613761045,-0.0016717298422,0.00192444201093,-0.00205262796953],[-0.00119968259241,0.0039311745204,-0.00238591176458,0.00219858880155,-0.00112279923633,0.0010474025039,-0.00514798983932,0.0165987126529,-0.0113455615938,0.00325073837303,-0.000197656510863,0.000178739224793,0.000605900480878],[0.00144625885878,-0.00595228746533,0.0039223623462,-0.00342113431543,-0.00231218524277,0.000188368037925,0.00217809271999,-0.0113455615938,0.0266180280596,-0.0155543116853,0.00631963508204,-0.00302147888578,-0.00135243195109],[-0.00133127439767,0.0065484251827,-0.00397001160309,0.00390899600461,0.000554564758204,-0.00183130253572,-0.00079613761045,0.00325073837303,-0.0155543116853,0.0331254005432,-0.0193830672652,0.00593509059399,0.00259551848285],[0.00152227852959,-0.0066433059983,0.00394927803427,-0.00479182507843,0.00134624750353,0.00162259303033,-0.0016717298422,-0.000197656510863,0.00631963508204,-0.0193830672652,0.0346088595688,-0.0193447899073,0.00603639706969],[-0.00136647094041,0.00632517412305,-0.00419546011835,0.00474048312753,-0.00169778219424,-0.000257905339822,0.00192444201093,0.000178739224793,-0.00302147888578,0.00593509059399,-0.0193447899073,0.0362044759095,-0.0180309470743],[0.00055594422156,-0.0035238864366,0.00245625735261,-0.00215209904127,-0.000429568637628,-0.000598037964664,-0.00205262796953,0.000605900480878,-0.00135243195109,0.00259551848285,0.00603639706969,-0.0180309470743,0.0303023383021]],"mean":[0.0353963673115,80.5716552734,-114.857460022,52.5913734436,-66.8660354614,22.2281494141,-51.4428939819,16.177520752,-22.6189746857,-10.2491378784,-21.7391643524,-3.63150334358,-4.35043096542]},"hfc":{"dmean":4.71434736252,"dmean2":6.84294939041,"dvar":30.1180038452,"dvar2":60.4322052002,"max":120.877426147,"mean":22.1804847717,"median":19.8966655731,"min":1.06186545045e-16,"var":228.933532715},"melbands":{"dmean":[0.000785003707279,0.00102480896749,0.000854951387737,0.0011288174428,0.000245273753535,0.000171463689185,0.000121579018014,0.0000728495797375,0.0000753695276217,0.0000732960179448,0.0000653365204926,0.0000695229828125,0.000046285258577,0.0000289908457489,0.0000165889850905,0.00000949317563936,0.0000150034584294,0.0000376313219022,0.0000264994978352,0.0000246797790169,0.000041108327423,0.0000437191738456,0.0000183735737664,0.00000800308407634,0.00000460394085167,0.0000053407861742,0.00000499525594932,0.00000171866713572,0.00000175007050984,0.00000154427834786,0.00000156017574682,0.00000194520703189,0.00000187798582374,0.00000145157764564,0.00000108248480046,8.65442075337e-7,9.45723115819e-7,7.57013140174e-7,6.44980957532e-7,5.25342500168e-7],"dmean2":[0.00121567002498,0.00169412337709,0.00140735437162,0.0018189267721,0.000406515988288,0.000283400149783,0.00020637785201,0.000117372903333,0.00011955312948,0.000113796791993,0.000107466381451,0.00011410627485,0.0000737738373573,0.0000453607171949,0.0000264904701908,0.0000150788728206,0.0000241883753915,0.0000605661371083,0.0000415087779402,0.0000394398812205,0.0000653217794024,0.0000691295208526,0.0000293200046144,0.0000130530779643,0.00000738256858313,0.00000848597119329,0.00000803954389994,0.00000271011981567,0.00000280614312942,0.00000238459529101,0.00000243721638071,0.00000307792674903,0.00000302869557345,0.00000231695503317,0.00000173242801793,0.00000140106715207,0.00000151519316205,0.00000116682826956,0.00000102068554497,8.33644492104e-7],"dvar":[0.00000263388665189,0.00000427872328146,0.00000183754207228,0.00000457151963928,1.43509254258e-7,6.78939002796e-8,6.48948201842e-8,1.69343579159e-8,1.52788324215e-8,1.19077334659e-8,1.14338059021e-8,1.42488714161e-8,9.93696858131e-9,2.75890621459e-9,9.2978896804e-10,3.4953956396e-10,6.10097250497e-10,4.46524595077e-9,3.54458529195e-9,2.25789009711e-9,6.49189280111e-9,9.27708221354e-9,1.6525796287e-9,1.6122712887e-10,4.44069225836e-11,6.26616467048e-11,1.13720768913e-10,6.13145081582e-12,8.29489862214e-12,6.77364631399e-12,6.04060768419e-12,9.95874476634e-12,8.77465114457e-12,4.42219828464e-12,2.0151181071e-12,1.4428442165e-12,1.44012037538e-12,9.38849909274e-13,7.51502375954e-13,5.18604636231e-13],"dvar2":[0.00000569246049054,0.0000117005265565,0.00000482344375996,0.0000113644910016,3.68901027059e-7,1.77292633907e-7,1.82771316304e-7,4.20912478205e-8,3.78176494564e-8,2.80028693567e-8,2.91748278869e-8,3.61237191271e-8,2.40330990664e-8,6.43026609737e-9,2.24572094254e-9,8.12436007358e-10,1.48888001927e-9,1.10817426346e-8,7.46520534278e-9,5.43407585596e-9,1.48563330526e-8,2.03542214194e-8,3.83183351715e-9,4.22536117206e-10,1.05249593763e-10,1.55119181389e-10,2.94008789536e-10,1.44996540816e-11,2.16500237876e-11,1.54501602484e-11,1.4364790607e-11,2.57280776544e-11,2.35041569541e-11,1.12018866405e-11,5.13361705576e-12,3.85082851023e-12,3.68068119386e-12,2.25638171342e-12,1.908687184e-12,1.28470617391e-12],"max":[0.0182756185532,0.0236193817109,0.0130185382441,0.0225888341665,0.00758944498375,0.00413801101968,0.00399038847536,0.00214622495696,0.00189105479512,0.00171728106216,0.00159058079589,0.00269985501654,0.00166743027512,0.0010304559255,0.000688158383127,0.000418967334554,0.000395491195377,0.00104523077607,0.00270925438963,0.00154159683734,0.00244594016112,0.00255160895176,0.00115978810936,0.000203102710657,0.000150464416947,0.000185962751857,0.000376027892344,0.0000579834340897,0.0000597849139012,0.0000603299959039,0.0000607152105658,0.0000729705425329,0.0000682718891767,0.0000518096858286,0.0000256157036347,0.0000226027423196,0.0000233403879975,0.0000199454116228,0.0000169352497323,0.000012439792954],"mean":[0.00123374990653,0.00169881852344,0.00142747873906,0.00166059168987,0.00044485804392,0.00028312910581,0.000199811445782,0.000125470600324,0.000131462336867,0.000137643670314,0.000110458051495,0.000112095614895,0.0000680967568769,0.0000488692203362,0.0000283324334305,0.0000154695790116,0.0000232314705499,0.0000612915318925,0.0000462757707282,0.0000435726324213,0.0000820867426228,0.0000767777310102,0.000034427303035,0.0000159347946465,0.0000100175830084,0.0000123699710457,0.0000109754710138,0.00000424369727625,0.00000386809915653,0.00000383954238714,0.00000395918505092,0.00000469533642899,0.00000472147303299,0.00000377108744942,0.00000287899752038,0.00000223921733777,0.00000234448862102,0.00000208065739571,0.00000164017137649,0.00000123961842746],"median":[0.000495072512422,0.00113472505473,0.000827306124847,0.000800550566055,0.000262540503172,0.000146538266563,0.0000954715214903,0.0000617067562416,0.0000786096497905,0.0000767439778429,0.0000614680320723,0.0000573104989599,0.000024243056032,0.0000187422156159,0.0000133482099045,0.0000068451649895,0.000011878974874,0.0000277052440651,0.0000205373071367,0.0000228505941777,0.000039715810999,0.00003530844333,0.0000181306058948,0.0000100832767203,0.00000698421445122,0.00000810028541309,0.00000533550337423,0.00000275212414635,0.00000211608266909,0.00000178773245807,0.00000205834885492,0.00000231981994148,0.00000248852279583,0.00000220062179324,0.00000185930298358,0.00000146828381276,0.0000016539418084,0.00000149282891471,0.00000119243225072,9.24948380998e-7],"min":[7.72271949245e-25,1.37825576676e-24,1.0331702401e-24,1.19824037059e-24,2.10073225187e-24,1.89167050413e-24,2.31164782273e-24,1.55379546197e-24,2.43082932272e-24,2.99359795934e-24,1.55695327218e-24,2.69798061815e-24,1.9352181899e-24,2.66285185318e-24,3.46997074684e-24,3.60867418765e-24,3.0303896431e-24,4.20196227497e-24,3.7989139114e-24,2.86489609151e-24,3.80612607222e-24,4.86997008394e-24,3.43426453568e-24,3.48666067701e-24,2.60628677918e-24,4.88022212026e-24,4.98938232575e-24,3.17773702728e-24,5.05596849703e-24,5.39583067982e-24,3.73894115551e-24,4.872439613e-24,5.20424003177e-24,5.10662362234e-24,5.82484124464e-24,5.81757741342e-24,5.94191096399e-24,5.70822788132e-24,6.90155709974e-24,6.09975611466e-24],"var":[0.00000427063605457,0.00000438013876192,0.00000263852962235,0.00000574033310841,3.0743882462e-7,1.44246214973e-7,9.80791199368e-8,3.43217330112e-8,2.62391530725e-8,2.96018427548e-8,2.20005276219e-8,2.61820698455e-8,1.57320094729e-8,6.44638120662e-9,1.92760962747e-9,6.51475595692e-10,1.03501707205e-9,9.28411925116e-9,9.6395735838e-9,5.04436847848e-9,2.52743195261e-8,2.05562074029e-8,4.29084412445e-9,3.65470931296e-10,1.1348415957e-10,2.12368830854e-10,3.41849687446e-10,2.21151014168e-11,2.58797740182e-11,2.84840553921e-11,2.60307886357e-11,4.08660882911e-11,3.46703846188e-11,1.91239715036e-11,9.24730778062e-12,5.79449552576e-12,5.19434712257e-12,4.07416635151e-12,2.52285995914e-12,1.36408213284e-12]},"melbands_crest":{"dmean":3.32350945473,"dmean2":5.4231595993,"dvar":10.0021810532,"dvar2":24.8319225311,"max":30.6578521729,"mean":13.5167970657,"median":13.2853050232,"min":1.60233592987,"var":24.6818790436},"melbands_flatness_db":{"dmean":0.0259145945311,"dmean2":0.0388804525137,"dvar":0.000683216960169,"dvar2":0.00143717112951,"max":0.410165995359,"mean":0.170628130436,"median":0.165643975139,"min":0.00348811061122,"var":0.00439358269796},"melbands_kurtosis":{"dmean":9.5614900589,"dmean2":14.7082548141,"dvar":301.396087646,"dvar2":621.593200684,"max":423.756774902,"mean":20.6369857788,"median":8.56819248199,"min":-1.80157005787,"var":1128.49609375},"melbands_skewness":{"dmean":0.862239122391,"dmean2":1.30749893188,"dvar":0.910353124142,"dvar2":1.92370474339,"max":15.9565563202,"mean":3.21253395081,"median":2.68751358986,"min":-1.59722971916,"var":4.93341970444},"melbands_spread":{"dmean":9.27240180969,"dmean2":14.062078476,"dvar":117.558143616,"dvar2":247.301834106,"max":166.958282471,"mean":31.0785980225,"median":24.2776031494,"min":1.11475622654,"var":643.080566406},"mfcc":{"cov":[[8293.68457031,1462.40148926,-632.077453613,-15.5195055008,357.546142578,72.1370391846,-141.308181763,147.359069824,127.742034912,-39.1107292175,-225.459091187,-58.0064468384,94.6720275879],[1462.40148926,1089.67675781,-154.59552002,85.4569702148,270.984863281,38.9326171875,-51.8969955444,58.8589668274,69.0866165161,19.608247757,-80.2497940063,-9.50682353973,47.611038208],[-632.077453613,-154.59552002,926.80480957,319.08605957,-22.473192215,58.8961601257,93.8957672119,5.97829961777,-39.9488258362,-2.40591573715,65.9125595093,1.97835862637,-38.8884887695],[-15.5195055008,85.4569702148,319.08605957,302.086242676,62.5047454834,39.5923614502,37.7198066711,25.4436016083,4.5739736557,15.5517139435,21.0380687714,6.03216838837,-8.13122940063],[357.546142578,270.984863281,-22.473192215,62.5047454834,269.041503906,75.3710327148,4.01117277145,53.8658103943,62.2828598022,27.601234436,-15.7718353271,9.3223323822,29.3973789215],[72.1370391846,38.9326171875,58.8961601257,39.5923614502,75.3710327148,137.75112915,54.2417793274,25.8423557281,18.5511131287,12.0735425949,-0.905699729919,-1.23850142956,5.61555767059],[-141.308181763,-51.8969955444,93.8957672119,37.7198066711,4.01117277145,54.2417793274,96.4508361816,34.1616439819,6.54762077332,14.9772462845,13.460269928,-5.46481847763,-6.5894742012],[147.359069824,58.8589668274,5.97829961777,25.4436016083,53.8658103943,25.8423557281,34.1616439819,84.0524673462,55.6901931763,23.216632843,-4.57827281952,0.20496198535,8.18958759308],[127.742034912,69.0866165161,-39.9488258362,4.5739736557,62.2828598022,18.5511131287,6.54762077332,55.6901931763,97.3113174438,46.6525382996,-4.51476716995,0.940538048744,10.6140232086],[-39.1107292175,19.608247757,-2.40591573715,15.5517139435,27.601234436,12.0735425949,14.9772462845,23.216632843,46.6525382996,80.5428543091,32.8592414856,2.70861196518,4.76843881607],[-225.459091187,-80.2497940063,65.9125595093,21.0380687714,-15.7718353271,-0.905699729919,13.460269928,-4.57827281952,-4.51476716995,32.8592414856,76.6755905151,30.0288696289,0.527636945248],[-58.0064468384,-9.50682353973,1.97835862637,6.03216838837,9.3223323822,-1.23850142956,-5.46481847763,0.20496198535,0.940538048744,2.70861196518,30.0288696289,65.1859817505,31.4607028961],[94.6720275879,47.611038208,-38.8884887695,-8.13122940063,29.3973789215,5.61555767059,-6.5894742012,8.18958759308,10.6140232086,4.76843881607,0.527636945248,31.4607028961,62.0742416382]],"icov":[[0.000173252978129,-0.000194211781491,0.0000767471938161,-0.0000365047744708,0.0000689614389557,-0.000142474687891,0.0002390951704,-0.000305828056298,0.0000458733338746,0.000115837239719,0.000102578589576,0.000137227150844,-0.000113180220069],[-0.000194211781491,0.00166263524443,0.000139873111038,-0.000517364940606,-0.00124346546363,0.000248994241701,0.000535618688446,-0.000133728521178,0.000409279688029,-0.000777227687649,0.00120863702614,-0.0000339698017342,-0.000321657775203],[0.0000767471938161,0.000139873111038,0.002114682924,-0.00215559150092,0.000270884047495,-0.000317991973134,-0.000832083518617,0.000107073763502,0.0000723029152141,0.00101139268372,-0.00128853425849,0.000530104443897,0.000268366769888],[-0.0000365047744708,-0.000517364940606,-0.00215559150092,0.00610429467633,-0.00100144848693,0.0000696305723977,-0.000211410006159,-0.000890563009307,0.000841099536046,-0.00109511730261,0.000199792615604,-0.000967826636042,0.000893814198207],[0.0000689614389557,-0.00124346546363,0.000270884047495,-0.00100144848693,0.00699867121875,-0.00345431314781,0.00190291390754,-0.00185026519466,-0.00181059259921,0.00000456157022199,-0.0000925746862777,-0.000281121261651,-0.00121625838801],[-0.000142474687891,0.000248994241701,-0.000317991973134,0.0000696305723977,-0.00345431314781,0.0118267890066,-0.00723227253184,0.00228994595818,-0.00100338889752,0.000210927508306,0.000844432564918,-0.000151772590471,-0.000442532706074],[0.0002390951704,0.000535618688446,-0.000832083518617,-0.000211410006159,0.00190291390754,-0.00723227253184,0.0199527069926,-0.0103960670531,0.00499198678881,-0.00281020556577,-0.0010907970136,0.00206021638587,0.000245679228101],[-0.000305828056298,-0.000133728521178,0.000107073763502,-0.000890563009307,-0.00185026519466,0.00228994595818,-0.0103960670531,0.0262603200972,-0.0143224187195,0.00300492439419,0.000183582407772,-0.00039705785457,-0.000961828336585],[0.0000458733338746,0.000409279688029,0.0000723029152141,0.000841099536046,-0.00181059259921,-0.00100338889752,0.00499198678881,-0.0143224187195,0.0261436719447,-0.0141679132357,0.006828839425,-0.00273411953822,0.00108508393168],[0.000115837239719,-0.000777227687649,0.00101139268372,-0.00109511730261,0.00000456157022199,0.000210927508306,-0.00281020556577,0.00300492439419,-0.0141679132357,0.027131581679,-0.0158508885652,0.00777861010283,-0.00327566219494],[0.000102578589576,0.00120863702614,-0.00128853425849,0.000199792615604,-0.0000925746862777,0.000844432564918,-0.0010907970136,0.000183582407772,0.006828839425,-0.0158508885652,0.0289634764194,-0.0151961473748,0.00546844676137],[0.000137227150844,-0.0000339698017342,0.000530104443897,-0.000967826636042,-0.000281121261651,-0.000151772590471,0.00206021638587,-0.00039705785457,-0.00273411953822,0.00777861010283,-0.0151961473748,0.0294512603432,-0.014487426728],[-0.000113180220069,-0.000321657775203,0.000268366769888,0.000893814198207,-0.00121625838801,-0.000442532706074,0.000245679228101,-0.000961828336585,0.00108508393168,-0.00327566219494,0.00546844676137,-0.014487426728,0.0249454732984]],"mean":[-626.876953125,94.8715362549,14.0735368729,24.4217758179,14.3407754898,-0.483361750841,-7.16709852219,11.2696685791,5.21490859985,-1.36266684532,-6.24378681183,-7.5991230011,-3.35819578171]},"pitch_salience":{"dmean":0.0692464932799,"dmean2":0.113261424005,"dvar":0.00410582032055,"dvar2":0.010952048935,"max":0.987333595753,"mean":0.583595335484,"median":0.587574839592,"min":0.17118011415,"var":0.00988842733204},"silence_rate_20dB":{"dmean":0,"dmean2":0,"dvar":0,"dvar2":0,"max":1,"mean":1,"median":1,"min":1,"var":0},"silence_rate_30dB":{"dmean":0,"dmean2":0,"dvar":0,"dvar2":0,"max":1,"mean":1,"median":1,"min":1,"var":0},"silence_rate_60dB":{"dmean":0.0111461114138,"dmean2":0.0222949236631,"dvar":0.0110214482993,"dvar2":0.0254343375564,"max":1,"mean":0.0628709867597,"median":0,"min":0,"var":0.0589214377105},"spectral_centroid":{"dmean":282.787994385,"dmean2":430.803527832,"dvar":99817.4453125,"dvar2":214444.9375,"max":11576.328125,"mean":1591.77612305,"median":1399.55310059,"min":205.771759033,"var":1490229.625},"spectral_complexity":{"dmean":3.45214438438,"dmean2":5.2179813385,"dvar":11.2391366959,"dvar2":22.6100616455,"max":51,"mean":21.059720993,"median":22,"min":0,"var":121.326324463},"spectral_contrast_coeffs":{"dmean":[0.0581337027252,0.0459101945162,0.0368285030127,0.031466152519,0.0229460000992,0.0162073280662],"dmean2":[0.0932671129704,0.0772333741188,0.0605545528233,0.051007155329,0.0373266749084,0.0274654887617],"dvar":[0.00265950011089,0.00133213051595,0.00083451543469,0.000671785965096,0.000348825793481,0.000167526450241],"dvar2":[0.00647880230099,0.00376273016445,0.00227536214516,0.00167197594419,0.000877627695445,0.000451268977486],"max":[-0.271505534649,-0.480229765177,-0.546551287174,-0.549554586411,-0.568759381771,-0.674370229244],"mean":[-0.610715329647,-0.761575162411,-0.777157127857,-0.77774232626,-0.768780767918,-0.781706571579],"median":[-0.618380308151,-0.764618515968,-0.779380619526,-0.78243470192,-0.768964588642,-0.781260669231],"min":[-0.982727646828,-0.983112514019,-0.996586501598,-0.985885500908,-0.988516628742,-0.964259088039],"var":[0.00941633153707,0.00450032483786,0.00293573294766,0.00314988964237,0.00183832121547,0.00117471360136]},"spectral_contrast_valleys":{"dmean":[0.402078181505,0.393611162901,0.347410142422,0.298611760139,0.205648422241,0.241059541702],"dmean2":[0.643135905266,0.646832585335,0.540639936924,0.460062175989,0.31825786829,0.381914764643],"dvar":[0.141675323248,0.162437215447,0.134790971875,0.114607237279,0.0802625492215,0.0999667644501],"dvar2":[0.320493340492,0.378333598375,0.28301140666,0.237090557814,0.158996865153,0.206089183688],"max":[-5.24265575409,-4.46823596954,-5.09367990494,-5.89390802383,-5.86477899551,-8.16370296478],"mean":[-7.45647287369,-6.90886068344,-7.50808477402,-7.95180273056,-7.62461614609,-9.66308879852],"median":[-6.99019384384,-6.54962682724,-7.09283065796,-7.47644042969,-7.2235827446,-9.36128425598],"min":[-28.3235206604,-28.0668468475,-27.6459960938,-27.6640777588,-27.5280742645,-27.4070777893],"var":[5.80433940887,5.53394508362,5.41760635376,5.28744077682,5.07341623306,4.04710531235]},"spectral_decrease":{"dmean":2.33095920343e-9,"dmean2":3.51519569008e-9,"dvar":9.12912175498e-18,"dvar2":2.15440133525e-17,"max":1.93172241944e-28,"mean":-6.81727030383e-9,"median":-6.06475092368e-9,"min":-3.16290424962e-8,"var":2.10548700235e-17},"spectral_energy":{"dmean":0.00904673151672,"dmean2":0.0135996406898,"dvar":0.000134543355671,"dvar2":0.000315827230224,"max":0.122652120888,"mean":0.0277417618781,"median":0.0250757597387,"min":9.93357724103e-21,"var":0.000326857960317},"spectral_energyband_high":{"dmean":0.00023746136867,"dmean2":0.000342679530149,"dvar":9.05344990088e-8,"dvar2":1.88636349208e-7,"max":0.00764275109395,"mean":0.000943635415751,"median":0.00062712142244,"min":7.07521182129e-21,"var":8.7818210659e-7},"spectral_energyband_low":{"dmean":0.00449535250664,"dmean2":0.00697971740738,"dvar":0.0000650701695122,"dvar2":0.000155850371812,"max":0.0860670506954,"mean":0.0088669359684,"median":0.00553495017812,"min":1.50856616141e-23,"var":0.000109404281829},"spectral_energyband_middle_high":{"dmean":0.00175741931889,"dmean2":0.00263310363516,"dvar":0.00000536486368219,"dvar2":0.0000117789450087,"max":0.0446566008031,"mean":0.00575702963397,"median":0.00480736466125,"min":1.22586773336e-21,"var":0.0000277973285847},"spectral_energyband_middle_low":{"dmean":0.00619300780818,"dmean2":0.00972037017345,"dvar":0.0000958904638537,"dvar2":0.000233474027482,"max":0.0983025953174,"mean":0.013512307778,"median":0.0106891207397,"min":2.0033833294e-22,"var":0.000150195424794},"spectral_entropy":{"dmean":0.132698774338,"dmean2":0.209586754441,"dvar":0.0188761409372,"dvar2":0.0430546849966,"max":9.82332134247,"mean":7.78292512894,"median":7.80428504944,"min":6.26038360596,"var":0.142761722207},"spectral_flux":{"dmean":0.0255407076329,"dmean2":0.0396964587271,"dvar":0.000797095592134,"dvar2":0.00176381471101,"max":0.292194575071,"mean":0.0839340463281,"median":0.0770662203431,"min":6.31754579206e-11,"var":0.00224980618805},"spectral_kurtosis":{"dmean":0.893993079662,"dmean2":1.46201467514,"dvar":1.24395275116,"dvar2":3.24163269997,"max":21.6349849701,"mean":2.7804479599,"median":2.4076333046,"min":-1.28532993793,"var":4.19680547714},"spectral_rms":{"dmean":0.00079143140465,"dmean2":0.00115906831343,"dvar":7.58409555601e-7,"dvar2":0.00000165200435731,"max":0.0109389489517,"mean":0.00486429641023,"median":0.00494612520561,"min":3.11308444301e-12,"var":0.00000340380665875},"spectral_rolloff":{"dmean":570.726501465,"dmean2":929.606506348,"dvar":762404.5625,"dvar2":1637920.625,"max":19509.0820313,"mean":2028.00183105,"median":1722.65625,"min":86.1328125,"var":6144945.5},"spectral_skewness":{"dmean":0.142532140017,"dmean2":0.224875658751,"dvar":0.0195527728647,"dvar2":0.047579921782,"max":2.99442529678,"mean":1.33492588997,"median":1.35336363316,"min":-0.0813962295651,"var":0.128458485007},"spectral_spread":{"dmean":550823.25,"dmean2":834380.125,"dvar":627723993088,"dvar2":1258690838530,"max":42784500,"mean":5830239.5,"median":5277736,"min":1590706.5,"var":16152317132800},"spectral_strongpeak":{"dmean":0.52293163538,"dmean2":0.909678578377,"dvar":1.38389968872,"dvar2":3.4835319519,"max":19.5498714447,"mean":0.873403251171,"median":0.460267335176,"min":0,"var":2.100918293},"zerocrossingrate":{"dmean":0.01174471993,"dmean2":0.0139071112499,"dvar":0.000157082395162,"dvar2":0.000225214171223,"max":0.53564453125,"mean":0.081901833415,"median":0.06884765625,"min":0.01025390625,"var":0.00379552412778}},"metadata":{"audio_properties":{"analysis_sample_rate":44100,"bit_rate":0,"codec":"flac","downmix":"mix","equal_loudness":0,"length":191.63999939,"lossless":true,"md5_encoded":"bb9c0fb2af946b218436c145200c6cb6","replay_gain":-14.3672294617,"sample_rate":44100},"tags":{"acoustid_id":["319a79b5-121d-4124-a570-4b82d2c9497f"],"album":["Having a Rave Up"],"albumartist":["The Yardbirds"],"albumartistsort":["Yardbirds, The"],"artist":["The Yardbirds"],"artistsort":["Yardbirds, The"],"asin":["B00000I15F"],"barcode":["4009910475829"],"catalognumber":["REP 4758-WY"],"date":["1999-03-30"],"discnumber":["1"],"disctotal":["1"],"file_name":"18 - What Do You Want.flac","genre":["Classic Rock"],"grouping":["Classic Rock"],"label":["Repertoire"],"media":["CD"],"musicbrainz_albumartistid":["191de76f-a224-445d-b041-54df16d65bf7"],"musicbrainz_albumid":["1986abce-8d75-4a6b-a95a-fb70da677758"],"musicbrainz_artistid":["191de76f-a224-445d-b041-54df16d65bf7"],"musicbrainz_recordingid":["4cbc8ea7-7171-4976-b47f-601e12cf5b8f"],"musicbrainz_releasegroupid":["22e6125d-461f-3b14-8bfa-ffa179a36785"],"musicbrainz_releasetrackid":["f7b82c83-37ab-3db4-bcf9-ebbafc2f6a58"],"originaldate":["1965-11"],"originalyear":["1965"],"releasecountry":["DE"],"releasestatus":["official"],"releasetype":["album"],"script":["Latn"],"title":["What Do You Want"],"totaldiscs":["1"],"totaltracks":["21"],"tracknumber":["18"],"tracktotal":["21"]},"version":{"essentia":"2.1-beta2","essentia_build_sha":"2d9f1f26377add8aeb1075a9c2973f962c4f09fd","essentia_git_sha":"v2.1_beta2-1-ge3940c0","extractor":"music 1.0"}},"rhythm":{"beats_count":415,"beats_loudness":{"dmean":0.0144794266671,"dmean2":0.0241686012596,"dvar":0.000152643842739,"dvar2":0.000436824688222,"max":0.0913838967681,"mean":0.0343146845698,"median":0.0318958498538,"min":0,"var":0.000364566629287},"beats_loudness_band_ratio":{"dmean":[0.166046604514,0.165026143193,0.0694412738085,0.0592553280294,0.0793429017067,0.0475785434246],"dmean2":[0.303098469973,0.28697681427,0.120851233602,