{"lowlevel":{"average_loudness":0.952805995941,"barkbands":{"dmean":[0.0096914479509,0.0104302456602,0.00454274145886,0.00198049587198,0.00164553185459,0.000995843787678,0.000630899390671,0.000443313503638,0.000432358763646,0.000411564484239,0.00028433825355,0.000440031726612,0.000311055890052,0.00018753594486,0.000212058308534,0.000375723466277,0.000364732928574,0.000342645653291,0.000256553932559,0.000143261873745,0.0000817079780973,0.000016663063434,0.00000484563815917,0.00000270003283731,0.00000251000847129,0.0000025303872917,0.0000774725340307],"dmean2":[0.015395982191,0.0172208547592,0.00795892626047,0.00340615469031,0.00279324222356,0.00167735700961,0.00103939021938,0.000765774224419,0.000715843401849,0.000669107364956,0.000472756568342,0.000749472703319,0.000522008864209,0.000317551894113,0.000361144862836,0.000632086303085,0.000596196507104,0.000529768178239,0.000396196992369,0.000210920086829,0.000120411539683,0.0000240683493757,0.00000735965295462,0.00000450078005088,0.00000420822561864,0.00000418856780016,0.000106696817966],"dvar":[0.000386309344321,0.000192282735952,0.0000616208271822,0.00000853425444802,0.0000106111347122,0.0000026886834803,8.08951369891e-7,5.53248526103e-7,6.20676303242e-7,5.32026547262e-7,2.06845783168e-7,3.53767546812e-7,1.40993421383e-7,5.50059979787e-8,1.31440941686e-7,4.11995983995e-7,3.69241206499e-7,3.75304466615e-7,2.18728118284e-7,1.12054465262e-7,4.71078109854e-8,1.40306177787e-9,7.36124772249e-11,2.5635630771e-11,2.33118004067e-11,2.22248851267e-11,1.22004708558e-8],"dvar2":[0.000844380876515,0.000491899903864,0.000178776390385,0.0000234071922023,0.0000287962739094,0.00000719971058061,0.00000205628884942,0.000001564308036,0.00000162669914516,0.00000131660272018,5.31338798737e-7,9.08957758838e-7,3.64788178331e-7,1.46471307971e-7,3.55920917627e-7,0.00000108675578758,9.07618584733e-7,8.17277737042e-7,4.90890442961e-7,2.32627456853e-7,9.92743380834e-8,2.91327850732e-9,1.62770436019e-10,6.48715525742e-11,5.9049543033e-11,5.62235466517e-11,2.27706671296e-8],"max":[0.253409475088,0.179665341973,0.10562223196,0.0361341387033,0.0483215749264,0.0265169665217,0.0227879360318,0.0145021462813,0.0136707993224,0.016764305532,0.00890350341797,0.0188425667584,0.0121773863211,0.00328658823855,0.00608165608719,0.0073462696746,0.00968671403825,0.00976397749037,0.00893546082079,0.00891252793372,0.00427502207458,0.00117885752115,0.00022947639809,0.0000762800045777,0.0000732392800273,0.0000708617881173,0.00247292057611],"mean":[0.0096847768873,0.0149714127183,0.00546713639051,0.00246518640779,0.00239267502911,0.00141622684896,0.000997270923108,0.000655722862575,0.000685381761286,0.000679760356434,0.000421744829509,0.000730141298845,0.000541580375284,0.000334158161422,0.000301904859953,0.000523377733771,0.000618199701421,0.000657010474242,0.000493240600917,0.00028578878846,0.000155379166245,0.0000311709918606,0.00000765914137446,0.0000027637599942,0.00000233104788094,0.00000273477098744,0.000236653082538],"median":[0.00242906599306,0.0104926694185,0.00309651880525,0.00155917159282,0.00141958019231,0.000804638722911,0.000636954267975,0.000403976184316,0.000356872478733,0.000271927710855,0.000245677714702,0.000581154832616,0.000428135041147,0.000266519724391,0.000183233103598,0.000254143873462,0.000350169779267,0.000322306179442,0.000242920854362,0.000139972777106,0.0000706396967871,0.0000128993833641,0.00000326753274749,0.00000110823168598,7.15921203209e-7,0.00000119536377952,0.000142357035656],"min":[3.48185626758e-25,3.03929785487e-24,6.86665454064e-25,1.29064526906e-24,1.03326926186e-23,7.51101999107e-24,6.21241689041e-24,6.11021838242e-24,1.19311409605e-23,1.47326447813e-23,2.16486703789e-23,2.87425825329e-23,2.23980850835e-23,2.20380820985e-23,5.10393510549e-23,5.08121969795e-23,7.32059638384e-23,7.90585102724e-23,1.19010181491e-22,1.5546315362e-22,2.47447869266e-22,2.64027327356e-22,3.49729756701e-22,6.09437887586e-22,9.04647712701e-22,1.41154292175e-21,1.99724394683e-21],"var":[0.000425595819252,0.000252019352047,0.0000580820233154,0.0000091986012194,0.0000112475318019,0.00000353447217094,0.00000159575643011,9.01066755432e-7,0.00000112947429898,0.00000129767306589,3.2127150007e-7,4.78574861518e-7,3.28786427417e-7,8.23152248586e-8,1.42514252843e-7,5.00200258102e-7,6.11329085132e-7,9.05985416466e-7,4.83475901092e-7,2.38237575445e-7,8.7024332629e-8,2.83922330091e-9,1.37835076686e-10,2.53143530443e-11,2.22712698977e-11,2.2497741517e-11,6.93095856263e-8]},"barkbands_crest":{"dmean":3.05296969414,"dmean2":4.96760940552,"dvar":6.43725061417,"dvar2":16.17527771,"max":25.6154079437,"mean":10.5924596786,"median":10.206486702,"min":2.63099527359,"var":16.0025749207},"barkbands_flatness_db":{"dmean":0.0298405010253,"dmean2":0.0475099757314,"dvar":0.000695213326253,"dvar2":0.00169196131174,"max":0.380403071642,"mean":0.148819953203,"median":0.138459175825,"min":0.0214698519558,"var":0.00263744406402},"barkbands_kurtosis":{"dmean":5.48922538757,"dmean2":8.8595495224,"dvar":88.1045532227,"dvar2":212.145019531,"max":244.433502197,"mean":7.70113134384,"median":3.44108772278,"min":-1.81200563908,"var":177.04750061},"barkbands_skewness":{"dmean":0.789006233215,"dmean2":1.24335861206,"dvar":0.656395971775,"dvar2":1.52761030197,"max":13.5521936417,"mean":2.15825986862,"median":1.91336989403,"min":-5.16977500916,"var":2.26369071007},"barkbands_spread":{"dmean":6.79539775848,"dmean2":10.804728508,"dvar":48.6058273315,"dvar2":104.963890076,"max":124.83404541,"mean":23.445772171,"median":21.3616352081,"min":0.773265659809,"var":193.897155762},"dissonance":{"dmean":0.011151669547,"dmean2":0.0191035363823,"dvar":0.00017544811999,"dvar2":0.000498059380334,"max":0.500000119209,"mean":0.483144551516,"median":0.487001389265,"min":0.223085716367,"var":0.000272335542832},"dynamic_complexity":2.63687610626,"erbbands":{"dmean":[0.518808305264,1.85938811302,4.82354211807,5.90793609619,6.49301671982,5.33991003036,7.27780914307,7.97963809967,6.9113483429,12.4314012527,8.15469646454,10.0698137283,11.7712345123,11.7536687851,11.8744277954,17.5637454987,13.864689827,9.42737007141,9.46721172333,14.1380081177,21.9806652069,19.1944694519,18.1307640076,17.1432647705,9.09304332733,6.74478578568,4.85601997375,2.17452311516,0.673567950726,0.277237594128,0.122035607696,0.0642123967409,0.0420873872936,0.0284123215824,0.0176763925701,0.00979315303266,0.00472887884825,0.00247261114419,0.00418242113665,0.00211819913238],"dmean2":[0.856527745724,3.13397121429,8.43239021301,10.1278572083,11.1237945557,9.06516551971,12.1866445541,13.6141090393,11.5048561096,20.9320373535,13.74979496,16.8308944702,19.1145801544,19.4114589691,19.9709606171,29.7751579285,23.1944484711,15.9116039276,15.9992017746,23.9051799774,36.9337310791,30.8289718628,28.0866794586,26.4208278656,13.6262407303,9.91118240356,7.07007837296,3.20230674744,0.969770133495,0.405341148376,0.186711400747,0.105188325047,0.0704969167709,0.0476254709065,0.0296227484941,0.0163946580142,0.00781899318099,0.00368352723308,0.00536521803588,0.00292903184891],"dvar":[0.700910866261,5.69541454315,66.3848800659,74.8558731079,191.685089111,83.948890686,154.797393799,186.820877075,113.232597351,340.206695557,175.752182007,383.727294922,501.095092773,365.159942627,265.121459961,647.280151367,273.620574951,159.187484741,224.120178223,651.52142334,1362.52905273,1068.03820801,1059.07702637,967.251525879,259.463317871,255.999221802,166.806274414,29.4357070923,2.49843358994,0.288216948509,0.0426404438913,0.0129635296762,0.00652835331857,0.00298723974265,0.00115472136531,0.000352863949956,0.0000763253192417,0.0000140973825182,0.0000386123683711,0.00000926751545194],"dvar2":[1.71205747128,15.3479356766,191.995330811,208.092147827,515.467834473,231.018173218,409.919647217,505.519561768,269.192779541,905.448669434,482.369415283,1029.67858887,1242.72851562,925.537780762,693.995178223,1591.51843262,710.81640625,422.132019043,603.401733398,1749.69775391,3578.52050781,2583.43139648,2327.78417969,2125.28564453,546.411071777,542.159545898,345.551422119,63.3266181946,5.13804340363,0.58328551054,0.0968042835593,0.0325028449297,0.0165375061333,0.00756505178288,0.00292501691729,0.000894264900126,0.000192806095583,0.000032432442822,0.0000630033755442,0.0000172113686858],"max":[9.98343753815,35.2527961731,106.454238892,135.348419189,208.165466309,122.513511658,172.302932739,188.748840332,403.851470947,334.279815674,255.894378662,385.951629639,547.66796875,387.793701172,296.734710693,962.55291748,486.081329346,192.053985596,321.082611084,242.182250977,459.809753418,539.650085449,555.560668945,514.624328613,363.658233643,436.923614502,274.898590088,118.119941711,59.6402244568,12.958489418,4.57911777496,1.70073187351,1.22268092632,0.828476428986,0.516064107418,0.28564119339,0.132095813751,0.0514621920884,0.132690802217,0.0708030313253],"mean":[0.652658343315,2.56255984306,6.15277147293,8.0798406601,8.28253078461,7.44215345383,10.2493114471,11.1000738144,11.0005989075,18.9563465118,13.245265007,15.9065322876,20.0539722443,19.4351730347,20.0224094391,30.597448349,25.7557601929,17.7076015472,15.5278835297,19.5247631073,33.351436615,34.2614250183,35.2997245789,32.9185714722,18.9430675507,13.5817956924,9.27882766724,4.10268592834,1.31076967716,0.487889438868,0.191564157605,0.0769650638103,0.039952211082,0.0264563970268,0.0164842791855,0.00925236009061,0.00529930600896,0.00549346487969,0.0147079592571,0.00639750249684],"median":[0.376817047596,1.7087829113,3.71994590759,5.453997612,4.84077167511,4.18731403351,5.67368030548,6.27899265289,7.04937934875,11.5933208466,8.28818035126,8.13945293427,8.80143070221,9.40530014038,14.4474601746,24.3121910095,20.9258956909,14.1547250748,10.9244003296,10.6510601044,17.3351898193,19.8952198029,17.4493808746,16.1181182861,9.87936019897,6.72109746933,4.106508255,1.93216812611,0.567154586315,0.199357941747,0.0839671716094,0.0346393585205,0.0131654962897,0.00817274209112,0.00510058226064,0.00299977790564,0.00241658627056,0.00357362022623,0.00899271853268,0.0038215755485],"min":[5.18295214692e-23,5.58202823296e-22,2.44676773824e-21,6.58445380336e-21,9.46193565785e-21,3.21262732749e-20,4.41332037629e-20,4.35451526644e-20,1.2580327565e-19,2.58363686326e-19,2.0906681082e-19,3.02554621479e-19,4.75897944411e-19,6.57948351416e-19,1.24466259682e-18,1.2065029974e-18,1.38351613297e-18,1.17909240325e-18,2.64642561032e-18,3.06549061148e-18,3.16079443255e-18,5.07871814828e-18,4.35902262529e-18,4.81378171066e-18,7.85726869745e-18,9.08970825315e-18,9.64385060757e-18,1.02045409237e-17,8.65043150731e-18,1.18682683149e-17,1.02301239657e-17,1.06395758874e-17,9.49941825518e-18,8.51295822541e-18,6.00152621632e-18,3.86958109762e-18,2.50035378594e-18,1.03205308775e-18,2.43029076088e-19,2.70354176599e-20],"var":[0.792361199856,7.58099985123,64.9488983154,83.4960098267,174.004211426,101.264381409,202.64453125,227.117919922,235.491943359,598.260742188,301.059875488,681.592285156,1152.17858887,735.223632812,405.823394775,954.940979004,594.050231934,223.738052368,268.428375244,680.488037109,1790.14196777,1859.92297363,2573.59985352,2148.29711914,692.313354492,539.569335938,320.847229004,53.3225135803,5.00690793991,0.632601976395,0.0786696448922,0.0145693663508,0.00625437218696,0.00285448087379,0.00110476766713,0.000339003949193,0.000078686971392,0.0000359465993824,0.000264757894911,0.0000517868502357]},"erbbands_crest":{"dmean":1.80855309963,"dmean2":3.01582670212,"dvar":3.14810085297,"dvar2":7.67029523849,"max":34.0221176147,"mean":6.35235357285,"median":5.67629146576,"min":2.30505537987,"var":8.51624393463},"erbbands_flatness_db":{"dmean":0.0214783735573,"dmean2":0.0344202704728,"dvar":0.000362509657862,"dvar2":0.000891646137461,"max":0.425559461117,"mean":0.152443110943,"median":0.149247139692,"min":0.0509425252676,"var":0.00127043016255},"erbbands_kurtosis":{"dmean":0.754348874092,"dmean2":1.21310782433,"dvar":3.72470402718,"dvar2":7.43745422363,"max":74.793548584,"mean":0.0579135417938,"median":-0.490668565035,"min":-1.72171485424,"var":9.47833919525},"erbbands_skewness":{"dmean":0.319945693016,"dmean2":0.501371145248,"dvar":0.0948736742139,"dvar2":0.222766563296,"max":3.78169965744,"mean":-0.396223723888,"median":-0.357624143362,"min":-4.87177085876,"var":0.35234695673},"erbbands_spread":{"dmean":6.94875717163,"dmean2":11.3293571472,"dvar":37.4691734314,"dvar2":96.4908447266,"max":91.1812591553,"mean":36.2675514221,"median":36.4128684998,"min":0.581158876419,"var":110.137626648},"gfcc":{"cov":[[28186.4160156,2450.76416016,-2395.36938477,659.89666748,-48.276222229,-1022.15454102,366.368530273,-315.925964355,-134.788192749,-184.754653931,115.599105835,-94.2899856567,-18.1834259033],[2450.76416016,1191.65478516,-222.873687744,-234.076751709,139.569076538,-34.7277069092,48.4816246033,-110.002182007,24.3739719391,-51.9851074219,17.3868274689,-52.5833320618,-8.81193065643],[-2395.36938477,-222.873687744,501.609954834,-59.5610466003,-48.7270469666,266.562683105,-166.08883667,115.872787476,-47.401386261,48.1063919067,-18.8456039429,-8.85388565063,-8.54654884338],[659.89666748,-234.076751709,-59.5610466003,315.019958496,39.9421463013,-134.959579468,107.839179993,-54.0227050781,27.3265323639,-2.05638694763,8.1990480423,22.8718986511,-16.3423137665],[-48.276222229,139.569076538,-48.7270469666,39.9421463013,193.884536743,-53.2686882019,53.5669288635,-33.2203292847,40.7495002747,-17.283039093,28.2956848145,-8.39322471619,17.2654819489],[-1022.15454102,-34.7277069092,266.562683105,-134.959579468,-53.2686882019,362.840545654,-167.809173584,125.178283691,-44.1949157715,41.5252494812,-30.3932819366,8.03178024292,-9.52163696289],[366.368530273,48.4816246033,-166.08883667,107.839179993,53.5669288635,-167.809173584,247.727172852,-75.1940155029,69.3756408691,-23.9481258392,17.3678836823,4.92054605484,-2.33980917931],[-315.925964355,-110.002182007,115.872787476,-54.0227050781,-33.2203292847,125.178283691,-75.1940155029,161.725112915,-22.1891326904,35.888584137,-0.39314687252,-11.6563749313,21.7981262207],[-134.788192749,24.3739719391,-47.401386261,27.3265323639,40.7495002747,-44.1949157715,69.3756408691,-22.1891326904,96.3871154785,8.83202838898,12.1916351318,17.959197998,-9.47580051422],[-184.754653931,-51.9851074219,48.1063919067,-2.05638694763,-17.283039093,41.5252494812,-23.9481258392,35.888584137,8.83202838898,58.1341094971,20.752494812,5.33430194855,6.88238668442],[115.599105835,17.3868274689,-18.8456039429,8.1990480423,28.2956848145,-30.3932819366,17.3678836823,-0.39314687252,12.1916351318,20.752494812,49.9302330017,15.2924585342,10.85750103],[-94.2899856567,-52.5833320618,-8.85388565063,22.8718986511,-8.39322471619,8.03178024292,4.92054605484,-11.6563749313,17.959197998,5.33430194855,15.2924585342,49.7663917542,12.4369468689],[-18.1834259033,-8.81193065643,-8.54654884338,-16.3423137665,17.2654819489,-9.52163696289,-2.33980917931,21.7981262207,-9.47580051422,6.88238668442,10.85750103,12.4369468689,54.2275238037]],"icov":[[0.000156347901793,-0.000440232513938,0.000813699793071,-0.000970831373706,0.000713353045285,-0.000272997422144,0.000447158934548,-0.000325275876094,0.0000733958804631,0.000444181263447,-0.00082029926125,0.000732884509489,-0.000355847849278],[-0.000440232513938,0.00279010809027,-0.00153594557196,0.00395278958604,-0.00275577045977,-0.0000771100530983,-0.00140142755117,0.00223428639583,-0.000511012389325,-0.000611487485003,0.0010314831743,-0.0000729942184989,0.00095873628743],[0.000813699793071,-0.00153594557196,0.00828568078578,-0.00546364998445,0.00378077151254,-0.00446018530056,0.0033707965631,-0.00116066785995,-0.000179544353159,0.00236013066024,-0.00588123966008,0.00688099907711,-0.00242384150624],[-0.000970831373706,0.00395278958604,-0.00546364998445,0.013042261824,-0.00836459733546,0.00518358219415,-0.00520130526274,0.001175581594,0.00362937524915,-0.0078622251749,0.0105646410957,-0.0119279026985,0.00851498730481],[0.000713353045285,-0.00275577045977,0.00378077151254,-0.00836459733546,0.014527480118,-0.0051839784719,0.00348594132811,0.00162301876117,-0.0078256893903,0.0115319462493,-0.0156310945749,0.0155274486169,-0.0114337587729],[-0.000272997422144,-0.0000771100530983,-0.00446018530056,0.00518358219415,-0.0051839784719,0.0113956928253,-0.000534359889571,-0.00542006688192,0.0054328343831,-0.008839298971,0.0130513543263,-0.015098056756,0.0094830095768],[0.000447158934548,-0.00140142755117,0.0033707965631,-0.00520130526274,0.00348594132811,-0.000534359889571,0.00951678678393,0.000398317235522,-0.00569861195982,0.00513472221792,-0.00588806439191,0.00650503393263,-0.00402769213542],[-0.000325275876094,0.00223428639583,-0.00116066785995,0.001175581594,0.00162301876117,-0.00542006688192,0.000398317235522,0.0143386730924,-0.00434795906767,0.000261345732724,-0.0053242854774,0.0108953323215,-0.00901541952044],[0.0000733958804631,-0.000511012389325,-0.000179544353159,0.00362937524915,-0.0078256893903,0.0054328343831,-0.00569861195982,-0.00434795906767,0.0229301061481,-0.0133947199211,0.0117453373969,-0.0185928195715,0.0135738924146],[0.000444181263447,-0.000611487485003,0.00236013066024,-0.0078622251749,0.0115319462493,-0.008839298971,0.00513472221792,0.000261345732724,-0.0133947199211,0.039559584111,-0.0287167318165,0.0198765285313,-0.013225402683],[-0.00082029926125,0.0010314831743,-0.00588123966008,0.0105646410957,-0.0156310945749,0.0130513543263,-0.00588806439191,-0.0053242854774,0.0117453373969,-0.0287167318165,0.0524162091315,-0.0325311459601,0.0139671918005],[0.000732884509489,-0.0000729942184989,0.00688099907711,-0.0119279026985,0.0155274486169,-0.015098056756,0.00650503393263,0.0108953323215,-0.0185928195715,0.0198765285313,-0.0325311459601,0.0561765879393,-0.0261122025549],[-0.000355847849278,0.00095873628743,-0.00242384150624,0.00851498730481,-0.0114337587729,0.0094830095768,-0.00402769213542,-0.00901541952044,0.0135738924146,-0.013225402683,0.0139671918005,-0.0261122025549,0.0366597659886]],"mean":[-24.1413002014,117.977836609,-109.258529663,17.5422935486,-0.135056361556,-21.221912384,5.47155809402,-9.95987319946,-5.08164310455,-7.00695943832,-0.998467504978,-3.88956809044,-5.24723386765]},"hfc":{"dmean":8.59769821167,"dmean2":12.6104288101,"dvar":140.786315918,"dvar2":270.462799072,"max":232.833328247,"mean":31.6873989105,"median":24.0408630371,"min":1.08690480316e-16,"var":703.035461426},"melbands":{"dmean":[0.00405190465972,0.00234665372409,0.00100715446752,0.000397034047637,0.000236149717239,0.000177969355718,0.000108641150291,0.000128225510707,0.0000671266607242,0.0000633978706901,0.0000606144458288,0.000049990703701,0.0000390047789551,0.0000509278470417,0.0000424777099397,0.0000262368139374,0.0000184040090971,0.0000161323150678,0.0000165180608747,0.0000214031842916,0.0000291770647891,0.0000221718255489,0.0000173145654117,0.0000176114681381,0.0000149693005369,0.00000872235978022,0.00000524619599673,0.00000470244003736,0.00000375575564249,0.00000208039500649,0.00000104377136267,4.39962832388e-7,2.22598075084e-7,1.3143933586e-7,7.52920144009e-8,5.01647328122e-8,3.56474778584e-8,2.99484099742e-8,2.62456687494e-8,2.31696724029e-8],"dmean2":[0.0065370737575,0.00403409777209,0.00171783240512,0.000676918309182,0.000393874681322,0.000301297870465,0.000180925548193,0.000217045875615,0.000112078203529,0.000105911960418,0.0000982262572506,0.0000825653842185,0.0000649605353829,0.000087116699433,0.0000714719062671,0.0000445630939794,0.0000312656884489,0.0000274302874459,0.0000280263684544,0.0000359760124411,0.0000492665421916,0.0000363255167031,0.0000278331299342,0.0000271147346211,0.0000234886938415,0.0000135348991535,0.00000801011810836,0.000007032274425,0.00000559933369004,0.00000322677806253,0.00000155748978159,6.57474231502e-7,3.31261077235e-7,1.9751074376e-7,1.1684366541e-7,8.04615254424e-8,5.93393210124e-8,5.01723853574e-8,4.39973462107e-8,3.88395378081e-8],"dvar":[0.0000380125020456,0.0000126604227262,0.00000244830130214,6.5023505158e-7,1.44623939491e-7,8.80637429646e-8,2.55459973175e-8,3.66059538237e-8,1.17421290469e-8,1.52084194127e-8,1.32323449975e-8,6.82643541694e-9,3.55513707362e-9,4.63254945515e-9,2.73621414415e-9,1.24441801308e-9,5.64797986158e-10,5.63102175999e-10,7.66720797962e-10,1.5412933152e-9,2.33530794702e-9,1.39561584511e-9,9.97181337503e-10,1.0699541253e-9,7.49373230136e-10,2.47544457155e-10,1.10631247219e-10,1.29748323197e-10,9.97660218327e-11,3.13215564596e-11,6.20792306449e-12,1.152689489e-12,1.89398952251e-13,6.52496855375e-14,1.72253704356e-14,6.78805427666e-15,4.35910937338e-15,3.3080446121e-15,2.5504308155e-15,1.9865580179e-15],"dvar2":[0.0000889256843948,0.0000358798388334,0.00000675258797855,0.00000176745049885,3.82175699087e-7,2.37852958662e-7,6.1772574611e-8,9.91827135977e-8,3.15174411014e-8,4.09531999424e-8,3.27891847007e-8,1.71636784785e-8,9.0175733547e-9,1.24021113379e-8,6.75311229159e-9,3.29054938852e-9,1.51052914621e-9,1.51720125352e-9,2.06816874737e-9,4.09040179505e-9,6.16893958139e-9,3.43341333142e-9,2.43381004239e-9,2.34738095628e-9,1.73408964965e-9,5.62928925696e-10,2.32068850248e-10,2.83142342905e-10,2.11455103427e-10,7.26765939096e-11,1.3230339567e-11,2.47360161867e-12,4.02506776824e-13,1.37228119493e-13,3.92839786308e-14,1.65449082115e-14,1.10185620258e-14,8.38453943455e-15,6.4585461782e-15,5.03126432186e-15],"max":[0.0713817924261,0.0441465489566,0.0195100530982,0.0126038743183,0.00543825654313,0.00432943087071,0.00537712685764,0.00344425463118,0.0018483470194,0.00237184925936,0.00286062154919,0.00170372356661,0.0012002956355,0.00166861515027,0.00176460400689,0.000515647523571,0.000355840980774,0.000460096925963,0.00045882089762,0.000405529339332,0.000601134262979,0.000483540090499,0.000659866142087,0.000519911234733,0.000457050424302,0.000263209512923,0.00026745753712,0.000297415943351,0.000224955991143,0.000125145306811,0.0000548279931536,0.0000445784498879,0.0000111723584268,0.00000700251575836,0.0000030553542274,0.00000115757961794,9.92618879536e-7,8.69945949944e-7,7.64747142057e-7,6.75676574247e-7],"mean":[0.00550440326333,0.00337084452622,0.0014409882715,0.000553425285034,0.000351904775016,0.000254483573372,0.000176792615093,0.000197689427296,0.000104971732071,0.0000987908570096,0.000100352939626,0.000079694269516,0.0000614235468674,0.0000800995185273,0.000076026750321,0.0000445322475571,0.0000320201397699,0.0000252829158853,0.000023285532734,0.0000279797041003,0.0000427665981988,0.0000366122148989,0.0000310647592414,0.0000319805294566,0.0000267561408691,0.0000160869894898,0.0000102402582343,0.00000874438046594,0.00000661071226205,0.00000366745143765,0.0000018599142777,7.8830152006e-7,3.86324188639e-7,2.1325280386e-7,1.14911642868e-7,6.87039971581e-8,3.72234119084e-8,2.78913709906e-8,2.43418227797e-8,2.14982183167e-8],"median":[0.00337040051818,0.00228551123291,0.00101992208511,0.000327430519974,0.000208725148696,0.000146483347635,0.000114067363029,0.000122175973956,0.0000626365581411,0.0000494551968586,0.0000428760540672,0.0000362455575669,0.0000395572242269,0.000061461389123,0.0000608690206718,0.000034644977859,0.0000254847600445,0.0000180484839802,0.0000139196135933,0.0000134510146381,0.0000216634016397,0.000021038680643,0.0000159070059453,0.000014715825273,0.0000127969042296,0.00000772146722738,0.00000524102870259,0.00000415058229919,0.00000277336062027,0.00000164423659044,8.06751415894e-7,3.18392068266e-7,1.50932791598e-7,8.57174455859e-8,4.95884577845e-8,3.0713039223e-8,1.53134624981e-8,8.63006199836e-9,7.42996508762e-9,6.55802612215e-9],"min":[7.85509478969e-25,1.26644459421e-24,1.41571620735e-24,1.84659735859e-24,1.71947419865e-24,1.25493422613e-24,1.57280010725e-24,2.19586631324e-24,1.42864553898e-24,2.08453614862e-24,2.19701943067e-24,2.19454753502e-24,3.13541858402e-24,3.26981149163e-24,2.42579382635e-24,3.09442799088e-24,1.96065205156e-24,3.08317627057e-24,2.93839761471e-24,3.78533761522e-24,3.38847273786e-24,4.11444762386e-24,3.90496482162e-24,3.36567781314e-24,3.33709186052e-24,4.50112475707e-24,5.08394978777e-24,4.65684353318e-24,5.28875503928e-24,5.52861214181e-24,5.49031176157e-24,4.40411379839e-24,4.58579438132e-24,5.62175925978e-24,6.10961529826e-24,4.77508826084e-24,6.21890882123e-24,5.76067372089e-24,5.8637040827e-24,6.64696880866e-24],"var":[0.0000479431291751,0.0000143450843098,0.00000263456354332,6.53823633456e-7,2.00719867394e-7,1.11052877116e-7,5.33025534821e-8,6.5948299266e-8,2.00877430245e-8,2.71717048861e-8,3.04278202634e-8,1.37652280685e-8,5.64302027328e-9,5.76717962275e-9,7.08126801641e-9,1.69268254968e-9,7.8720363561e-10,6.84152734465e-10,8.61482996051e-10,1.6730448138e-9,3.08334069388e-9,2.20843188181e-9,1.91626070567e-9,2.42633646508e-9,1.48559475832e-9,5.41820865951e-10,2.59383320378e-10,2.48947057413e-10,1.80726600352e-10,4.84448384186e-11,1.13012064984e-11,2.0546314216e-12,4.04177180006e-13,1.28773578714e-13,3.03518942293e-14,9.77142374854e-15,4.37730364108e-15,3.16112992377e-15,2.43497111919e-15,1.89761786437e-15]},"melbands_crest":{"dmean":4.86466312408,"dmean2":7.95044136047,"dvar":17.8472137451,"dvar2":44.3797416687,"max":38.5748596191,"mean":17.6457920074,"median":16.980588913,"min":1.57644081116,"var":42.8192062378},"melbands_flatness_db":{"dmean":0.0368185788393,"dmean2":0.0586115308106,"dvar":0.000982463127002,"dvar2":0.00243495334871,"max":0.547868609428,"mean":0.256597548723,"median":0.250517785549,"min":0.00339591130614,"var":0.00508602289483},"melbands_kurtosis":{"dmean":10.2681512833,"dmean2":16.8136177063,"dvar":248.399780273,"dvar2":643.397277832,"max":432.497161865,"mean":16.9249000549,"median":10.5284481049,"min":-1.86731231213,"var":472.310974121},"melbands_skewness":{"dmean":1.01854014397,"dmean2":1.63816154003,"dvar":0.995050668716,"dvar2":2.5192258358,"max":18.823720932,"mean":3.34356880188,"median":3.07568073273,"min":-3.78844475746,"var":2.97699522972},"melbands_spread":{"dmean":7.37824058533,"dmean2":11.8991594315,"dvar":66.6890640259,"dvar2":155.771347046,"max":160.727981567,"mean":20.7634277344,"median":16.477935791,"min":0.661321043968,"var":381.998291016},"mfcc":{"cov":[[10270.5449219,1570.39379883,-1053.38793945,1300.11584473,-493.585998535,-22.1836509705,58.2119369507,49.450958252,-94.0408172607,-51.3646888733,-7.20678186417,40.7589645386,31.6157951355],[1570.39379883,1592.58532715,-226.282714844,-57.5828781128,88.0306930542,47.6131248474,71.499130249,-15.4423675537,26.8612957001,-27.9780044556,11.2350969315,49.4206542969,5.51785850525],[-1053.38793945,-226.282714844,494.031707764,-324.560668945,153.876205444,9.54629516602,13.6763687134,2.34506702423,5.45532846451,22.6023826599,2.20207309723,1.03376591206,-13.9601297379],[1300.11584473,-57.5828781128,-324.560668945,607.539001465,-180.019439697,33.238571167,-6.13377332687,12.3271818161,-25.6308727264,-3.82567954063,11.2307596207,-5.61370229721,12.3024768829],[-493.585998535,88.0306930542,153.876205444,-180.019439697,276.860015869,-0.818033635616,30.2397670746,-6.90333080292,21.5121078491,-3.59308385849,1.42558658123,23.1598510742,3.93948221207],[-22.1836509705,47.6131248474,9.54629516602,33.238571167,-0.818033635616,133.188308716,-11.8922615051,26.797700882,-7.34777450562,-1.75421869755,0.876437485218,8.10555839539,19.3540649414],[58.2119369507,71.499130249,13.6763687134,-6.13377332687,30.2397670746,-11.8922615051,95.2132415771,5.32465600967,19.6457576752,8.00545597076,3.59574246407,0.144038379192,-5.7355260849],[49.450958252,-15.4423675537,2.34506702423,12.3271818161,-6.90333080292,26.797700882,5.32465600967,71.2225570679,18.7082633972,15.5207662582,6.89117383957,-3.90615487099,4.73405265808],[-94.0408172607,26.8612957001,5.45532846451,-25.6308727264,21.5121078491,-7.34777450562,19.6457576752,18.7082633972,59.1999740601,22.732219696,7.05619382858,3.06374692917,-0.915007829666],[-51.3646888733,-27.9780044556,22.6023826599,-3.82567954063,-3.59308385849,-1.75421869755,8.00545597076,15.5207662582,22.732219696,50.50598526,20.9547348022,3.24983429909,5.29680871964],[-7.20678186417,11.2350969315,2.20207309723,11.2307596207,1.42558658123,0.876437485218,3.59574246407,6.89117383957,7.05619382858,20.9547348022,42.3094520569,20.3481254578,6.37251901627],[40.7589645386,49.4206542969,1.03376591206,-5.61370229721,23.1598510742,8.10555839539,0.144038379192,-3.90615487099,3.06374692917,3.24983429909,20.3481254578,47.2765693665,19.8409557343],[31.6157951355,5.51785850525,-13.9601297379,12.3024768829,3.93948221207,19.3540649414,-5.7355260849,4.73405265808,-0.915007829666,5.29680871964,6.37251901627,19.8409557343,42.7872848511]],"icov":[[0.000198952315259,-0.000232535501709,-0.00000269019801635,-0.000409979460528,0.000155242334586,0.000323139276588,-0.0000438721144747,-0.000345477863448,0.00037208237336,-0.000139600233524,0.000418497482315,-0.000325592060108,-0.0000142428843901],[-0.000232535501709,0.00112539716065,0.000799982517492,0.000902271363884,-0.000471404782729,-0.00099813088309,-0.000629298971035,0.000662925536744,-0.000569986179471,0.000416630849941,-0.000652864051517,-0.000379553064704,0.000574930687435],[-0.00000269019801635,0.000799982517492,0.00438691303134,0.00209443620406,-0.00139099138323,-0.00140296295285,-0.00086580630159,0.0000331074479618,0.00168490642682,-0.00229154387489,-0.0000530620782229,-0.000491057231557,0.00192620255984],[-0.000409979460528,0.000902271363884,0.00209443620406,0.00398107478395,0.000427325634519,-0.00178012670949,-0.00085264100926,0.000604405940976,0.00043231935706,-0.000146398379002,-0.00182368303649,0.000617096200585,0.000322783977026],[0.000155242334586,-0.000471404782729,-0.00139099138323,0.000427325634519,0.00555932614952,0.000261841312749,-0.00115086522419,0.000172033629497,-0.00152082624845,0.00175157829653,0.000578857609071,-0.00228302320465,-0.00071112497244],[0.000323139276588,-0.00099813088309,-0.00140296295285,-0.00178012670949,0.000261841312749,0.0102558163926,0.00131878675893,-0.00467043276876,0.00205253320746,0.000739365932532,0.00162466196343,-0.00094927684404,-0.00387499248609],[-0.0000438721144747,-0.000629298971035,-0.00086580630159,-0.00085264100926,-0.00115086522419,0.00131878675893,0.0124100400135,-0.000490014150273,-0.0032631449867,-0.000483454670757,-0.000299883948173,0.000850409909617,0.00094381038798],[-0.000345477863448,0.000662925536744,0.0000331074479618,0.000604405940976,0.000172033629497,-0.00467043276876,-0.000490014150273,0.018826501444,-0.00621304754168,-0.00172654248308,-0.00341659621336,0.00460977246985,-0.0015930122463],[0.00037208237336,-0.000569986179471,0.00168490642682,0.00043231935706,-0.00152082624845,0.00205253320746,-0.0032631449867,-0.00621304754168,0.0258440133184,-0.0116558196023,0.00409514829516,-0.00360881094821,0.00274473475292],[-0.000139600233524,0.000416630849941,-0.00229154387489,-0.000146398379002,0.00175157829653,0.000739365932532,-0.000483454670757,-0.00172654248308,-0.0116558196023,0.0342262052,-0.0171592030674,0.0069783218205,-0.00619221199304],[0.000418497482315,-0.000652864051517,-0.0000530620782229,-0.00182368303649,0.000578857609071,0.00162466196343,-0.000299883948173,-0.00341659621336,0.00409514829516,-0.0171592030674,0.0414682589471,-0.0197877604514,0.00504316668957],[-0.000325592060108,-0.000379553064704,-0.000491057231557,0.000617096200585,-0.00228302320465,-0.00094927684404,0.000850409909617,0.00460977246985,-0.00360881094821,0.0069783218205,-0.0197877604514,0.0383914373815,-0.0156010789797],[-0.0000142428843901,0.000574930687435,0.00192620255984,0.000322783977026,-0.00071112497244,-0.00387499248609,0.00094381038798,-0.0015930122463,0.00274473475292,-0.00619221199304,0.00504316668957,-0.0156010789797,0.033273037523]],"mean":[-668.875549316,169.019882202,-37.5349731445,50.7490692139,4.84919786453,12.8669013977,11.350982666,8.18907737732,3.58080053329,-0.0809813737869,3.77555990219,8.62086868286,3.25517702103]},"pitch_salience":{"dmean":0.100399397314,"dmean2":0.16380032897,"dvar":0.0076328641735,"dvar2":0.0190300531685,"max":0.95057362318,"mean":0.550286650658,"median":0.568740785122,"min":0.0715295225382,"var":0.0177088752389},"silence_rate_20dB":{"dmean":0,"dmean2":0,"dvar":0,"dvar2":0,"max":1,"mean":1,"median":1,"min":1,"var":0},"silence_rate_30dB":{"dmean":0.0740242227912,"dmean2":0.148073360324,"dvar":0.0685446411371,"dvar2":0.157108440995,"max":1,"mean":0.937931060791,"median":1,"min":0,"var":0.0582164078951},"silence_rate_60dB":{"dmean":0.00302826380357,"dmean2":0.00605754647404,"dvar":0.00301909330301,"dvar2":0.00635738298297,"max":1,"mean":0.0469301939011,"median":0,"min":0,"var":0.0447277501225},"spectral_centroid":{"dmean":267.338043213,"dmean2":401.939666748,"dvar":80223.7734375,"dvar2":155285.703125,"max":11739.4697266,"mean":1589.44006348,"median":1437.01660156,"min":157.802444458,"var":1711118.25},"spectral_complexity":{"dmean":4.48687744141,"dmean2":6.40585565567,"dvar":19.0809173584,"dvar2":32.7654495239,"max":61,"mean":26.6354923248,"median":27,"min":0,"var":155.459564209},"spectral_contrast_coeffs":{"dmean":[0.0536307618022,0.0464474707842,0.0334861986339,0.0254567079246,0.0226374063641,0.0517272911966],"dmean2":[0.0896868407726,0.0787738338113,0.0567263998091,0.0435042530298,0.0376132167876,0.0832228288054],"dvar":[0.00184032588731,0.0013142687967,0.000717656454071,0.000396751827793,0.000420878932346,0.00209177285433],"dvar2":[0.0051983743906,0.00381339690648,0.00204051425681,0.00116521457676,0.00110596686136,0.00525245303288],"max":[-0.441926598549,-0.550506353378,-0.560758173466,-0.60274630785,-0.656006932259,-0.402677148581],"mean":[-0.705940365791,-0.791557371616,-0.825602769852,-0.823245704174,-0.797743797302,-0.723622977734],"median":[-0.705041229725,-0.792231202126,-0.82830786705,-0.822918593884,-0.79560559988,-0.724812328815],"min":[-0.979167938232,-0.982208609581,-0.975352704525,-0.973184525967,-0.966078102589,-0.965609610081],"var":[0.00547636207193,0.00335021573119,0.00201868172735,0.00111542374361,0.00152486609295,0.00805317889899]},"spectral_contrast_valleys":{"dmean":[0.392942637205,0.360713750124,0.315796673298,0.280840218067,0.268559813499,0.768963456154],"dmean2":[0.638672351837,0.594928026199,0.508918762207,0.444173008204,0.388371527195,1.25357139111],"dvar":[0.133814543486,0.121055655181,0.111454643309,0.10900452733,0.140153810382,0.461068183184],"dvar2":[0.29351529479,0.254718929529,0.219671428204,0.200101256371,0.237514212728,1.14423763752],"max":[-4.81398296356,-4.89358615875,-5.33650398254,-5.60791492462,-5.25883102417,-8.87825298309],"mean":[-6.84785747528,-6.76174163818,-7.1378493309,-7.4551653862,-7.51471757889,-11.6002578735],"median":[-6.3861079216,-6.29905366898,-6.69618034363,-7.02511692047,-6.97703933716,-11.2704458237],"min":[-28.0758724213,-27.8818531036,-27.7193431854,-27.6660270691,-27.551897049,-27.4184303284],"var":[7.30772066116,7.3421292305,7.00785255432,6.77206707001,7.11618423462,4.77257013321]},"spectral_decrease":{"dmean":5.76379965977e-9,"dmean2":8.97389362819e-9,"dvar":6.66504087287e-17,"dvar2":1.48183623092e-16,"max":4.82396744728e-17,"mean":-1.12280478248e-8,"median":-8.30869861801e-9,"min":-8.41130116669e-8,"var":9.97771790816e-17},"spectral_energy":{"dmean":0.0220864750445,"dmean2":0.034301366657,"dvar":0.000970369146671,"dvar2":0.00215007737279,"max":0.321272432804,"mean":0.0452513992786,"median":0.0343565940857,"min":1.00713189689e-20,"var":0.00149678403977},"spectral_energyband_high":{"dmean":0.000208520519664,"dmean2":0.000278680206975,"dvar":1.80160256491e-7,"dvar2":3.45854402894e-7,"max":0.00915360543877,"mean":0.000562126981094,"median":0.000335146469297,"min":6.88284224567e-21,"var":5.34886737569e-7},"spectral_energyband_low":{"dmean":0.0179320275784,"dmean2":0.0289085954428,"dvar":0.000614493852481,"dvar2":0.0014507326996,"max":0.257236391306,"mean":0.0283022616059,"median":0.0195406079292,"min":1.87000566211e-23,"var":0.000846806389745},"spectral_energyband_middle_high":{"dmean":0.00196395488456,"dmean2":0.00301100709476,"dvar":0.00000771061968408,"dvar2":0.0000179778926395,"max":0.0411845035851,"mean":0.00534375244752,"median":0.00405629724264,"min":1.16588936394e-21,"var":0.0000190387927432},"spectral_energyband_middle_low":{"dmean":0.00392721174285,"dmean2":0.00647609727457,"dvar":0.0000397931471525,"dvar2":0.000103842547105,"max":0.0825324058533,"mean":0.00883417390287,"median":0.00702493824065,"min":1.74307197867e-22,"var":0.0000588943112234},"spectral_entropy":{"dmean":0.113097593188,"dmean2":0.173267200589,"dvar":0.0140386577696,"dvar2":0.0312066208571,"max":9.8266248703,"mean":7.60253429413,"median":7.63071537018,"min":5.41120672226,"var":0.152575448155},"spectral_flux":{"dmean":0.0382240861654,"dmean2":0.0631694793701,"dvar":0.0019433129346,"dvar2":0.00499983038753,"max":0.411184698343,"mean":0.119178041816,"median":0.106215633452,"min":6.4993864457e-11,"var":0.00412814226002},"spectral_kurtosis":{"dmean":3.26732683182,"dmean2":5.25851202011,"dvar":25.0145168304,"dvar2":64.0990447998,"max":102.296905518,"mean":13.3439836502,"median":11.7251520157,"min":-1.26220548153,"var":58.7954673767},"spectral_rms":{"dmean":0.00143205630593,"dmean2":0.00218136189505,"dvar":0.00000257160786532,"dvar2":0.00000536850302524,"max":0.0177041385323,"mean":0.0061078700237,"median":0.00578952766955,"min":3.13459349623e-12,"var":0.00000684163069309},"spectral_rolloff":{"dmean":572.401367188,"dmean2":968.860107422,"dvar":1188787.625,"dvar2":3013109.75,"max":21683.9355469,"mean":1433.14428711,"median":796.728515625,"min":21.533203125,"var":7641961},"spectral_skewness":{"dmean":0.270183891058,"dmean2":0.415769040585,"dvar":0.0949468761683,"dvar2":0.21776945889,"max":7.60754442215,"mean":1.99826288223,"median":1.88687300682,"min":-0.0906366407871,"var":0.553009569645},"spectral_spread":{"dmean":420373.15625,"dmean2":679491.3125,"dvar":484713857024,"dvar2":878501363712,"max":42600740,"mean":3568710,"median":2967518.5,"min":828745.25,"var":20837763645400},"spectral_strongpeak":{"dmean":0.208992853761,"dmean2":0.365230679512,"dvar":0.105696581304,"dvar2":0.266533762217,"max":5.98985147476,"mean":0.262633442879,"median":0.173675119877,"min":0,"var":0.148965790868},"zerocrossingrate":{"dmean":0.0166207030416,"dmean2":0.0204618852586,"dvar":0.000222883259994,"dvar2":0.000301545311231,"max":0.52490234375,"mean":0.087836496532,"median":0.07177734375,"min":0.00830078125,"var":0.00477017415687}},"metadata":{"audio_properties":{"analysis_sample_rate":44100,"bit_rate":320000,"codec":"mp3","downmix":"mix","equal_loudness":0,"length":138.004898071,"lossless":false,"md5_encoded":"42e060e2f0760040115682a0b788c6d4","replay_gain":1.24854850769,"sample_rate":44100},"tags":{"acoustid_id":["101adc8c-7923-4bc5-8df5-d2eafc3376d2"],"album":["Bleach"],"albumartist":["Nirvana"],"artist":["Nirvana"],"date":["1989"],"discnumber":["1/1"],"file_name":"02 - Nirvana - Floyd the Barber.mp3","musicbrainz_albumartistid":["5b11f4ce-a62d-471e-81fc-a69a8278c7da"],"musicbrainz_albumid":["7d166a44-cfb5-4b08-aacb-6863bbe677d6"],"musicbrainz_artistid":["5b11f4ce-a62d-471e-81fc-a69a8278c7da"],"musicbrainz_recordingid":["4cce1ee1-38e6-4ea0-8584-b6ebeb854d7d"],"musicbrainz_releasegroupid":["f1afec0b-26dd-3db5-9aa1-c91229a74a24"],"replaygain_album_gain":["+0.57 dB"],"replaygain_album_peak":["0.529754"],"replaygain_track_gain":["+2.22 dB"],"replaygain_track_peak":["0.508209"],"title":["Floyd the Barber"],"tracknumber":["2/13"]},"version":{"essentia":"2.1-beta1","essentia_build_sha":"e76a03f03bb3900de42a1fa0d9be1e72f12def64","essentia_git_sha":"v2.1_beta1-28-g21ef5f4-dirty","extractor":"music 1.0"}},"rhythm":{"beats_count":314,"beats_loudness":{"dmean":0.0466747991741,"dmean2":0.0831186249852,"dvar":0.00171173212584,"dvar2":0.00519184349105,"max":0.263416439295,"mean":0.0801772251725,"median":0.0698070526123,"min":0,"var":0.00237194751389},"beats_loudness_band_ratio":{"dmean":[0.209970414639,0.0710367634892,0.0479743219912,0.0405702665448,0.0813826695085,0.0446257777512],"dmean2":[0.379804998636,0.129375696182,0.0846837386489,0.0721250921488,0.157659158111,0.0824457779527],"dvar":[0.0250456575304,0.00391682190821,0.00293212896213,0.00325301708654,0.00409786915407,0.0035884375684],"dvar2":[0.0707666352391,0.0113680893555,0.00839557219297,0.00952385738492,0.0111151337624,0.00952217169106],"max":[0.974328041077,0.379293233156,0.405583918095,0.625539660454,0.3