{"lowlevel":{"average_loudness":0.928411364555,"barkbands":{"dmean":[0.0000278557708953,0.000496330321766,0.00105413352139,0.00108956091572,0.00205770204775,0.00100839801598,0.000981611781754,0.001839653356,0.000992188230157,0.000762038340326,0.00043796657701,0.000451233296189,0.000512038939632,0.000374334224034,0.000394297181629,0.000209941426874,0.000273236772045,0.000137817667564,0.0000925169733819,0.000100727178506,0.0000638488636469,0.0000854664904182,0.0000558040665055,0.0000390937857446,0.0000375879717467,0.0000141430336953,0.00000293737457469],"dmean2":[0.0000464999611722,0.000769000500441,0.00181689683814,0.00177352293395,0.00318663776852,0.00157122581732,0.00148003804497,0.00266155553982,0.00150701147504,0.0011561755091,0.000670784153044,0.000692021450959,0.000770303420722,0.000550056050997,0.000589069328271,0.000314628588967,0.000412355351727,0.000208385608857,0.00013792036043,0.000148282357259,0.0000947403168539,0.000121331082482,0.0000774177897256,0.0000548244242964,0.0000517246735399,0.0000199236201297,0.00000443937688033],"dvar":[8.26492385642e-9,7.81414144058e-7,0.00000243298177338,0.00000237726771957,0.00000929875295697,0.0000017717246692,0.00000525409177499,0.0000143469442264,0.000003783711918,0.00000262417097474,0.00000120089543998,9.71336817202e-7,0.00000148731464833,7.55474729885e-7,0.00000114804674922,3.12498968924e-7,3.15529433692e-7,7.90845646748e-8,4.97847025827e-8,2.7890770582e-8,1.61308939539e-8,3.40959864786e-8,1.8280969627e-8,6.61396892809e-9,5.92929705334e-9,1.19678200683e-9,6.73726976985e-11],"dvar2":[2.06299226591e-8,0.00000172562056378,0.0000070369187597,0.00000604560864303,0.0000209498030017,0.00000417436149291,0.0000105003218778,0.000029275275665,0.00000846864168125,0.00000549266587768,0.00000277683784589,0.00000212448208003,0.0000034529327877,0.00000154310475864,0.00000238060511037,6.6068508886e-7,6.80453638324e-7,1.78824521413e-7,9.78570042776e-8,6.16870039494e-8,3.47440867188e-8,6.65500223818e-8,3.48226727453e-8,1.23875301128e-8,1.13324123419e-8,2.67561128808e-9,1.66838973192e-10],"max":[0.00183307647239,0.0140432305634,0.0203662738204,0.033503357321,0.0532866045833,0.0291464980692,0.0602718368173,0.0720368996263,0.0381662771106,0.0427479818463,0.0358628109097,0.0245134346187,0.038455311209,0.0264287162572,0.0322874188423,0.0157387331128,0.0165880192071,0.00870475172997,0.0124685056508,0.00436562439427,0.00409735878929,0.00460876803845,0.00506403390318,0.00272849039175,0.00175554258749,0.000727500708308,0.000142459539347],"mean":[0.0000243318154389,0.000824434042443,0.00150298618246,0.00177557638381,0.0039032001514,0.00235047540627,0.00178962515201,0.00379450782202,0.00198262627237,0.00144625199027,0.000721219577827,0.00083071354311,0.000938958022743,0.000710588064976,0.000683359336108,0.000394709204556,0.000657636905089,0.000274515274214,0.000198386129341,0.000233131810091,0.000135770256747,0.000199932401301,0.00011525019363,0.0000850993819768,0.0000826435862109,0.0000240475001192,0.00000363496451428],"median":[0.00000338863105753,0.000399899668992,0.000890900264494,0.0010320765432,0.00236744200811,0.00152582908049,0.000781528069638,0.0012416341342,0.000750456238165,0.000480646442156,0.000283834640868,0.000319444981869,0.00028852984542,0.000168334052432,0.00020745000802,0.000126788247144,0.000164808370755,0.000103430524177,0.0000908282527234,0.0000979821052169,0.000065584834374,0.0000821462963358,0.0000459496477561,0.0000354182411684,0.0000337832534569,0.00000879543767951,9.76287765297e-7],"min":[6.50990883629e-26,1.88574872253e-24,1.09161704317e-24,9.42731084405e-25,3.7948429947e-24,3.47600158846e-24,5.95582370934e-24,1.06245253996e-23,1.09654213846e-23,8.07025137539e-24,1.16646235148e-23,1.55253695273e-23,3.2266597746e-23,4.1019142018e-23,3.08128880253e-23,3.83267376604e-23,6.21300853609e-23,7.01317224036e-23,1.12106260175e-22,1.43439525029e-22,2.60528016111e-22,3.01953714952e-22,3.41002607439e-22,6.05673519077e-22,8.45105501316e-22,1.3506125676e-21,1.91188056359e-21],"var":[7.38244354537e-9,0.0000014539282347,0.00000345349735653,0.00000475980459669,0.0000235317602346,0.00000650373931421,0.0000140796655614,0.0000467936333735,0.0000121286493595,0.00000934321633395,0.00000278642050944,0.00000304237801174,0.00000429038345828,0.00000260255251305,0.00000274309900306,8.87185706233e-7,0.00000191833510144,2.083860835e-7,1.82268394155e-7,1.29608721977e-7,4.24676436239e-8,1.1170485692e-7,4.38175007389e-8,1.82703452367e-8,1.73935585934e-8,1.78716230703e-9,6.911196615e-11]},"barkbands_crest":{"dmean":2.25007867813,"dmean2":3.58237433434,"dvar":4.31976985931,"dvar2":10.127612114,"max":25.6504077911,"mean":8.8198223114,"median":7.94294834137,"min":2.71697354317,"var":13.4016752243},"barkbands_flatness_db":{"dmean":0.0174552109092,"dmean2":0.0248146429658,"dvar":0.000266558374278,"dvar2":0.000481996423332,"max":0.273732870817,"mean":0.118504814804,"median":0.114896558225,"min":0.00851833447814,"var":0.00154847092927},"barkbands_kurtosis":{"dmean":1.78737962246,"dmean2":2.68611478806,"dvar":6.28706598282,"dvar2":12.6472425461,"max":79.5455169678,"mean":3.1700026989,"median":2.07200336456,"min":-1.82417404652,"var":20.1160545349},"barkbands_skewness":{"dmean":0.398106992245,"dmean2":0.595564007759,"dvar":0.138301059604,"dvar2":0.297416508198,"max":8.26009178162,"mean":1.32654857635,"median":1.32403612137,"min":-2.11295771599,"var":0.849835991859},"barkbands_spread":{"dmean":3.98007392883,"dmean2":5.72778511047,"dvar":21.1004734039,"dvar2":38.5917472839,"max":107.978111267,"mean":19.2755680084,"median":16.7948455811,"min":1.62944281101,"var":118.230812073},"dissonance":{"dmean":0.0214329529554,"dmean2":0.0356044024229,"dvar":0.000445751851657,"dvar2":0.00120274291839,"max":0.500000119209,"mean":0.454743355513,"median":0.461330354214,"min":0,"var":0.000923840911128},"dynamic_complexity":2.93668818474,"erbbands":{"dmean":[0.0139362765476,0.13194142282,0.949958264828,2.50429701805,4.89961242676,7.71460342407,9.47288227081,7.89722299576,10.330242157,29.9821853638,32.934261322,22.0709629059,22.1852779388,20.5668334961,18.8071613312,18.7380199432,18.6689834595,21.4420604706,22.9851875305,11.1136693954,11.5527143478,12.3044881821,8.14138507843,5.10245227814,4.31014156342,4.66630601883,2.73598098755,2.57857036591,3.33535289764,2.26410889626,1.45728421211,0.995864629745,0.618095993996,0.453287661076,0.2619587183,0.0863529890776,0.0216683801264,0.00547002395615,0.000525941955857,0.0000152381635417],"dmean2":[0.0205593984574,0.218148037791,1.64813578129,4.14747095108,7.72828483582,11.9865436554,14.3293523788,12.6972780228,15.7496318817,43.5219612122,48.209148407,33.1109733582,32.6498794556,30.9686088562,28.1100254059,28.6736221313,27.8543663025,30.8853359222,33.3329620361,16.5280094147,17.2537441254,18.4246902466,12.0742321014,7.57729387283,6.25812864304,6.90457248688,4.00387382507,3.75138258934,4.82634973526,3.23626327515,2.01514363289,1.40265107155,0.879758894444,0.639331877232,0.371022850275,0.121137425303,0.0307113677263,0.00814179237932,0.000790109683294,0.0000208150777325],"dvar":[0.00133607059252,0.0477118939161,1.99935138226,11.8468589783,49.3321418762,165.84727478,245.133758545,118.014549255,363.146148682,4787.03271484,6142.46142578,1950.36181641,2291.72143555,2185.64379883,2121.80249023,1644.95019531,1688.85961914,2579.43554688,4488.33886719,759.468078613,761.223571777,671.187988281,251.29095459,185.248397827,79.2136154175,67.9329833984,27.814163208,29.0671005249,51.035774231,33.6096076965,11.9363822937,4.40705347061,1.77543306351,0.860056102276,0.37470293045,0.0419381037354,0.00296623888426,0.000233482423937,0.00000228724002227,8.9744367493e-10],"dvar2":[0.00282753491774,0.124533057213,5.86426401138,31.6459903717,114.552619934,384.870269775,513.658630371,292.177703857,807.268920898,9606.22070312,12396.6806641,4356.69873047,4629.78466797,4540.97363281,4630.05908203,3594.81005859,3870.39355469,5209.45800781,9045.47460938,1553.84997559,1643.7520752,1437.73974609,545.976074219,342.064147949,164.210662842,150.881317139,62.365196228,61.0370864868,105.942214966,70.4871673584,22.1508197784,8.2492685318,3.48611450195,1.62470781803,0.819397389889,0.0915877223015,0.00666982168332,0.000574243429583,0.00000572137014387,2.04841921203e-9],"max":[0.528186559677,2.96926188469,18.6396198273,66.7490921021,116.246315002,258.806854248,484.663970947,243.126907349,500.135437012,1271.359375,2005.10327148,1076.68859863,1221.46008301,1414.07385254,1676.14782715,1074.45397949,1123.69641113,1523.57104492,2118.31445312,747.192749023,654.749938965,847.00592041,492.507171631,927.454345703,311.949737549,250.306884766,172.565628052,161.09765625,196.209655762,220.468673706,106.327217102,66.9498062134,40.1314468384,30.1270370483,14.9234638214,4.88301324844,1.27626979351,0.3727838099,0.026103457436,0.000690329528879],"mean":[0.0183311086148,0.218839630485,1.38183355331,4.39964675903,8.23902702332,13.4167861938,20.2821483612,17.5826473236,20.8579502106,58.6053314209,70.7744293213,46.8971633911,43.5247993469,40.6511421204,35.0974273682,36.396030426,37.3534698486,46.989982605,42.9531097412,22.5134944916,28.3877811432,29.0734024048,18.6997585297,11.9854602814,9.59943294525,11.1928977966,6.20613622665,5.48186779022,7.45200872421,5.00294065475,3.06761479378,2.08957839012,1.31975913048,1.02615952492,0.503976464272,0.159401297569,0.0350729674101,0.00720509281382,0.00066469918238,0.0000457393471152],"median":[0.00464855646715,0.126390635967,0.857078135014,2.84672999382,4.77175521851,6.6784453392,9.81315517426,11.5052204132,12.6846828461,19.1664829254,25.2861671448,20.5664024353,16.7290153503,16.2481708527,15.9993238449,14.6495723724,14.2964029312,11.4353923798,12.1806907654,9.6106967926,8.04934120178,8.99517917633,7.63996267319,5.25557947159,4.62904214859,4.4825258255,2.90589094162,2.65584969521,2.99406170845,2.05769634247,1.22753071785,0.864103972912,0.541118383408,0.401647269726,0.206230267882,0.0605198293924,0.0125869829208,0.0021325063426,0.000189461075934,0.0000388373628084],"min":[5.66210720739e-23,2.11467986488e-22,2.06324593191e-21,4.74406297044e-21,7.49373693847e-21,1.17088490072e-20,2.1094420708e-20,4.25331101096e-20,1.06164146751e-19,1.88340805371e-19,2.62301583029e-19,3.16785126545e-19,4.26762511297e-19,6.91243094855e-19,1.07027276116e-18,9.20500957912e-19,1.80643651957e-18,2.09868005037e-18,2.12409393392e-18,2.45830819541e-18,3.03300908998e-18,4.72840509091e-18,3.8547596754e-18,6.18484184777e-18,6.67713011752e-18,7.4083842488e-18,1.01720625041e-17,1.04539813733e-17,1.04172123679e-17,9.06904197273e-18,1.05238533197e-17,1.15775407994e-17,7.68848249346e-18,8.37374620986e-18,6.06553758802e-18,4.08789474078e-18,2.39823916651e-18,9.39964207533e-19,2.36869734151e-19,2.9109287087e-20],"var":[0.00194625137374,0.074929125607,2.54597187042,24.0667591095,105.041427612,386.448181152,1013.44628906,367.475463867,846.841308594,12996.0087891,21052.8027344,6283.34423828,7117.79736328,7845.26074219,5398.43164062,5498.73974609,5013.20361328,10107.8720703,11957.3466797,1959.12194824,3675.61035156,3097.02026367,861.08013916,843.366577148,233.616012573,356.988555908,94.3901443481,71.7574539185,160.624267578,80.670539856,31.2961139679,11.6717309952,4.57943964005,3.3068549633,0.673775374889,0.0711147412658,0.00411770585924,0.000246048119152,0.00000228885164688,1.57010382473e-9]},"erbbands_crest":{"dmean":2.49271559715,"dmean2":3.89342069626,"dvar":5.78201723099,"dvar2":13.056098938,"max":31.1022529602,"mean":9.47867870331,"median":8.55373477936,"min":2.21896862984,"var":19.6314563751},"erbbands_flatness_db":{"dmean":0.0159303918481,"dmean2":0.022037204355,"dvar":0.000266172748525,"dvar2":0.000445615092758,"max":0.3290143013,"mean":0.157832950354,"median":0.152537852526,"min":0.0291002877057,"var":0.00191603484564},"erbbands_kurtosis":{"dmean":0.858687579632,"dmean2":1.30516862869,"dvar":1.16073215008,"dvar2":2.57087802887,"max":23.8155155182,"mean":0.92659419775,"median":0.33097422123,"min":-1.78607285023,"var":4.44507789612},"erbbands_skewness":{"dmean":0.322531849146,"dmean2":0.480424821377,"dvar":0.0841167643666,"dvar2":0.185034051538,"max":4.23095369339,"mean":0.569851994514,"median":0.608776211739,"min":-3.11612319946,"var":0.536210536957},"erbbands_spread":{"dmean":6.10442304611,"dmean2":8.8018245697,"dvar":42.2382621765,"dvar2":82.5072555542,"max":115.948768616,"mean":33.7530059814,"median":31.880777359,"min":3.25093245506,"var":260.874694824},"gfcc":{"cov":[[20115.7773438,259.458251953,-1612.4453125,351.356933594,-1084.32336426,166.174697876,-702.59967041,208.607192993,-315.132843018,96.5117111206,-314.963592529,-52.7614593506,-278.564453125],[259.458251953,861.297546387,-172.298843384,-61.8865394592,78.7110748291,-34.1097564697,66.9694824219,-25.9705448151,27.7917728424,-33.3852424622,37.3833770752,-70.6689605713,0.0666279941797],[-1612.4453125,-172.298843384,629.998596191,75.1527328491,29.4257793427,87.6867980957,43.2940559387,-11.940448761,10.1802024841,32.7548522949,2.24974489212,54.3382797241,10.4163637161],[351.356933594,-61.8865394592,75.1527328491,314.697113037,24.0310974121,-51.3759651184,-65.6158218384,17.2574901581,15.7418079376,-24.709186554,-11.9280767441,38.1525497437,43.8389053345],[-1084.32336426,78.7110748291,29.4257793427,24.0310974121,219.836105347,-7.26977348328,52.7648658752,9.39288902283,28.1510601044,-14.1315116882,30.4018516541,7.44383335114,32.6295852661],[166.174697876,-34.1097564697,87.6867980957,-51.3759651184,-7.26977348328,183.805618286,57.7247009277,0.552730381489,-26.0376491547,23.6760845184,-0.459346443415,9.60472011566,-8.92584037781],[-702.59967041,66.9694824219,43.2940559387,-65.6158218384,52.7648658752,57.7247009277,148.937179565,22.4885463715,0.128278717399,3.6331884861,32.1556587219,-5.40255260468,-2.94146156311],[208.607192993,-25.9705448151,-11.940448761,17.2574901581,9.39288902283,0.552730381489,22.4885463715,104.17791748,36.748046875,-2.44817686081,-3.75899815559,9.37058353424,6.66522264481],[-315.132843018,27.7917728424,10.1802024841,15.7418079376,28.1510601044,-26.0376491547,0.128278717399,36.748046875,99.9680404663,27.5571746826,3.63732361794,-15.772069931,7.55262994766],[96.5117111206,-33.3852424622,32.7548522949,-24.709186554,-14.1315116882,23.6760845184,3.6331884861,-2.44817686081,27.5571746826,85.4400482178,23.588142395,-17.6258335114,-23.5109519958],[-314.963592529,37.3833770752,2.24974489212,-11.9280767441,30.4018516541,-0.459346443415,32.1556587219,-3.75899815559,3.63732361794,23.588142395,67.9000549316,12.1073989868,-6.34098625183],[-52.7614593506,-70.6689605713,54.3382797241,38.1525497437,7.44383335114,9.60472011566,-5.40255260468,9.37058353424,-15.772069931,-17.6258335114,12.1073989868,86.8402252197,36.2709312439],[-278.564453125,0.0666279941797,10.4163637161,43.8389053345,32.6295852661,-8.92584037781,-2.94146156311,6.66522264481,7.55262994766,-23.5109519958,-6.34098625183,36.2709312439,80.6142349243]],"icov":[[0.000236095787841,-0.000317809550324,0.000636344309896,-0.000538187101483,0.000677435018588,-0.000607047812082,0.000794838299043,-0.000943184248172,0.00095779862022,-0.00104959646706,0.000904868298676,-0.000587498187087,0.000731779553462],[-0.000317809550324,0.00196843710728,-0.000542418565601,0.000786895456258,-0.00106945296284,0.000756781722885,-0.0015836408129,0.0019596638158,-0.00205060443841,0.00270280637778,-0.00240199989639,0.00217440025881,-0.00134768837597],[0.000636344309896,-0.000542418565601,0.00386658846401,-0.00218157493509,0.00157722365111,-0.0023588668555,0.00100980931893,-0.00141549948603,0.00175654364284,-0.00366903515533,0.00344874639995,-0.00316795776598,0.00260240910575],[-0.000538187101483,0.000786895456258,-0.00218157493509,0.0055552101694,-0.00204590614885,0.00206997152418,0.000396550953155,0.00108258286491,-0.00226113386452,0.00324450340122,-0.00255263736472,0.000993524910882,-0.00310691818595],[0.000677435018588,-0.00106945296284,0.00157722365111,-0.00204590614885,0.00809771753848,-0.00165096716955,0.000453596469015,-0.00218461104669,0.00086748652393,-0.0010746071348,-0.000188741571037,-0.000803166301921,-0.0000608627160545],[-0.000607047812082,0.000756781722885,-0.0023588668555,0.00206997152418,-0.00165096716955,0.00948852114379,-0.00518469652161,0.00201850757003,0.000339478137903,-0.000970121182036,0.000761893868912,-0.000147349812323,-0.00174490979407],[0.000794838299043,-0.0015836408129,0.00100980931893,0.000396550953155,0.000453596469015,-0.00518469652161,0.0146530037746,-0.006930032745,0.00429269485176,-0.00112280726898,-0.00284968828782,0.000960686826147,0.0013657027157],[-0.000943184248172,0.0019596638158,-0.00141549948603,0.00108258286491,-0.00218461104669,0.00201850757003,-0.006930032745,0.0171827189624,-0.0102654453367,0.00570924254134,-0.00140030938201,-0.000841352564748,-0.00133718515281],[0.00095779862022,-0.00205060443841,0.00175654364284,-0.00226113386452,0.00086748652393,0.000339478137903,0.00429269485176,-0.0102654453367,0.020542351529,-0.0114893876016,0.00482676178217,0.000923972926103,-0.000305595574901],[-0.00104959646706,0.00270280637778,-0.00366903515533,0.00324450340122,-0.0010746071348,-0.000970121182036,-0.00112280726898,0.00570924254134,-0.0114893876016,0.0253916848451,-0.0139656532556,0.00739848567173,-0.00105040043127],[0.000904868298676,-0.00240199989639,0.00344874639995,-0.00255263736472,-0.000188741571037,0.000761893868912,-0.00284968828782,-0.00140030938201,0.00482676178217,-0.0139656532556,0.0283328276128,-0.0113993808627,0.00707616377622],[-0.000587498187087,0.00217440025881,-0.00316795776598,0.000993524910882,-0.000803166301921,-0.000147349812323,0.000960686826147,-0.000841352564748,0.000923972926103,0.00739848567173,-0.0113993808627,0.0224220063537,-0.0106633203104],[0.000731779553462,-0.00134768837597,0.00260240910575,-0.00310691818595,-0.0000608627160545,-0.00174490979407,0.0013657027157,-0.00133718515281,-0.000305595574901,-0.00105040043127,0.00707616377622,-0.0106633203104,0.021356344223]],"mean":[-0.131126761436,87.9732131958,-117.640708923,15.2293100357,-69.4418563843,8.38006496429,-43.5841560364,2.71445512772,-26.8183422089,-0.337665557861,-21.8640766144,-3.52977705002,-15.4065723419]},"hfc":{"dmean":5.07214975357,"dmean2":6.5291223526,"dvar":37.7103691101,"dvar2":63.9705123901,"max":93.7840576172,"mean":22.5476875305,"median":19.7060241699,"min":1.05082477302e-16,"var":266.382843018},"melbands":{"dmean":[0.000123947698739,0.000376428215532,0.00045457307715,0.000467024277896,0.00032144470606,0.00017875690537,0.0001673555671,0.000354909163434,0.000251539750025,0.000141200216603,0.00011401525262,0.0000894944969332,0.0000602574109507,0.0000552564852114,0.0000413583547925,0.0000519146378792,0.0000406852377637,0.0000400128701585,0.0000198668858502,0.0000164347729879,0.0000156233636517,0.0000148297576743,0.0000106309980765,0.00000659067700326,0.00000442019154434,0.00000320320600622,0.00000374233673028,0.00000327340421791,0.00000191617641576,0.00000181100210739,0.00000158641375947,0.00000206153390536,0.00000162335572895,0.00000124219047848,8.7880744104e-7,8.55418534229e-7,5.70811778289e-7,4.48185005553e-7,4.56069983557e-7,3.74827919813e-7],"dmean2":[0.000186337900232,0.000648176588584,0.000743776210584,0.000723809178453,0.000490643433295,0.000284890847979,0.000253459671512,0.000512981670909,0.000368436711142,0.000213703766349,0.000168075377587,0.000134881207487,0.0000905252964003,0.0000834913153085,0.0000627730551059,0.0000766954835854,0.0000592016731389,0.0000580411979172,0.0000295690024359,0.0000247040352406,0.0000236538307945,0.0000224754385272,0.0000160564741236,0.000010057829968,0.00000669214568916,0.00000478193896924,0.00000564683477933,0.0000049066147767,0.00000287520856546,0.0000027838054848,0.00000237706171902,0.00000305081175611,0.00000236690493693,0.00000182651240266,0.00000125853159716,0.00000124376197164,8.23584855425e-7,6.57631630929e-7,6.65413324441e-7,5.4251495385e-7],"dvar":[6.87785473019e-8,3.14440626425e-7,3.57871783763e-7,6.16359727701e-7,2.42950875418e-7,5.76583154555e-8,1.02709307725e-7,5.86366581956e-7,3.45035914506e-7,7.42875769788e-8,5.85063197889e-8,4.26566799661e-8,2.1662081906e-8,1.33195214858e-8,1.20713572471e-8,1.55674531044e-8,9.86355086496e-9,1.4282656835e-8,2.15412976345e-9,2.36479524851e-9,1.50744994265e-9,1.04388775402e-9,4.83597772938e-10,1.7036271005e-10,1.61343993721e-10,6.06186212337e-11,4.74785731563e-11,3.87290095827e-11,1.52213797122e-11,1.52557168287e-11,1.1450849817e-11,2.07788525969e-11,1.4498528246e-11,1.11270411288e-11,4.61134819565e-12,3.70246715231e-12,1.42235008493e-12,1.00150953069e-12,8.67964174926e-13,6.31314878846e-13],"dvar2":[1.42830757e-7,9.05608601443e-7,9.26671361867e-7,0.00000136389132877,5.28973487235e-7,1.43580905387e-7,2.17624872789e-7,0.00000118461446164,6.82751931436e-7,1.66830147919e-7,1.18539830396e-7,8.85934241524e-8,4.82686530745e-8,2.78879817017e-8,3.08571372898e-8,3.28962848073e-8,1.98404883633e-8,2.8317312939e-8,4.29479385389e-9,5.19500265028e-9,3.37645600368e-9,2.255709175e-9,1.00333197306e-9,3.72329805876e-10,2.9964986048e-10,1.3036546842e-10,1.03845196331e-10,8.91098445033e-11,3.62585482472e-11,3.53650858598e-11,2.48187824459e-11,4.59126660302e-11,2.90535095981e-11,2.45698947299e-11,9.007887318e-12,7.25318503175e-12,2.83285005696e-12,2.07545460852e-12,1.74434858918e-12,1.24709270688e-12],"max":[0.00416765129194,0.00761684123427,0.0112759321928,0.0152067774907,0.0142177306116,0.00489749386907,0.00829860474914,0.0125562772155,0.0161341615021,0.00606051040813,0.00590862054378,0.00645776838064,0.00541010638699,0.00292357127182,0.00363148679025,0.00381441484205,0.00344368186779,0.00385426729918,0.00111598428339,0.00164505199064,0.000865534937475,0.000940641737543,0.000787927303463,0.000477895868244,0.000880382547621,0.000415888993302,0.000148539751535,0.000228690289077,0.000159579853062,0.000143128811033,0.0000927964938455,0.000114058406325,0.000105991843157,0.000129417589051,0.0000590343079239,0.0000556370541744,0.0000421725708293,0.0000301544496324,0.0000211670958379,0.0000234578346863],"mean":[0.000191442435607,0.000583870627452,0.00085271790158,0.000793416867964,0.000690128596034,0.000403091922635,0.00032922058017,0.000701676530298,0.000535192259122,0.000284893234493,0.000216187123442,0.00016881537158,0.000105809354864,0.000104875158286,0.000073586437793,0.0000995868467726,0.0000815903695184,0.0000700675300322,0.0000365616251656,0.000028609918445,0.0000366632448277,0.0000332395284204,0.0000222397375182,0.0000134361662276,0.00000930309943215,0.00000635424567008,0.00000768411973695,0.00000749012133383,0.00000397106896344,0.00000335057279699,0.00000308373273583,0.00000430767931903,0.00000368861651623,0.00000245140859079,0.00000173325588548,0.00000163611684911,0.00000114052227218,8.87703777153e-7,9.5595669336e-7,8.14277825611e-7],"median":[0.0000785914016888,0.000377260381356,0.000592242344283,0.000414756650571,0.000376976560801,0.000270485936198,0.000182336822036,0.000227034339332,0.000180099072168,0.000114042428322,0.0000753115018597,0.0000598001061007,0.0000441236188635,0.0000439329378423,0.0000282154287561,0.0000294834717351,0.0000178337177204,0.000017188671336,0.0000134253259603,0.000010048983313,0.00000864847879711,0.00000883046322997,0.00000778032426751,0.00000476826244267,0.00000369872032024,0.00000302988428302,0.00000330099851453,0.00000261182640315,0.00000168670112544,0.00000153391056301,0.00000140671727422,0.00000171868816778,0.00000140230690704,9.68624135567e-7,6.55003816519e-7,6.46835360385e-7,4.62133783685e-7,3.54663143298e-7,3.71429280221e-7,3.14748035635e-7],"min":[9.9091165166e-25,1.06732259248e-24,9.98069972729e-25,3.96052252024e-25,9.69458382127e-25,6.2831193379e-25,1.48551343695e-24,1.87075247673e-24,1.94170972629e-24,1.63188016842e-24,1.9918572196e-24,2.34987503612e-24,2.0767282006e-24,1.86517128582e-24,3.04282682413e-24,2.43328189128e-24,3.42938976972e-24,3.13951908301e-24,2.32689334858e-24,2.32117844576e-24,3.56295969819e-24,3.99681308011e-24,4.45356709411e-24,3.02888055219e-24,3.8011818865e-24,3.9854175899e-24,3.84109745944e-24,4.20559340172e-24,4.17496824365e-24,5.4456176637e-24,4.54431055289e-24,5.41266142166e-24,4.73459839716e-24,3.75838933784e-24,6.04000581755e-24,5.10353325974e-24,5.94925013142e-24,4.96691951147e-24,5.59970665318e-24,7.00807777664e-24],"var":[1.1759169638e-7,4.26337237514e-7,7.49643049858e-7,0.00000138538428018,9.16061992484e-7,1.73851816498e-7,2.61821156755e-7,0.00000166268330304,0.0000012396941429,2.33853526765e-7,1.81737149774e-7,1.54539961272e-7,5.51610348509e-8,4.42195187134e-8,2.93913053895e-8,4.94261875872e-8,3.65377452738e-8,3.74807633818e-8,5.381557866e-9,5.00318808605e-9,7.26643545335e-9,4.8677262221e-9,1.68163138969e-9,5.41003242205e-10,7.09678371624e-10,1.35361319376e-10,1.5813977905e-10,2.12491635398e-10,5.39333473715e-11,2.93726987177e-11,2.67065501658e-11,5.47142296747e-11,4.75852135473e-11,2.12094283109e-11,1.11228986091e-11,8.51603162988e-12,3.49586917574e-12,2.26606363882e-12,2.49558034827e-12,2.30351523446e-12]},"melbands_crest":{"dmean":3.10127162933,"dmean2":4.94558095932,"dvar":7.68212795258,"dvar2":18.7734622955,"max":33.2555160522,"mean":12.2329034805,"median":11.3153486252,"min":1.0918161869,"var":22.7958240509},"melbands_flatness_db":{"dmean":0.0200744196773,"dmean2":0.0291156936437,"dvar":0.000378721801098,"dvar2":0.00072682404425,"max":0.36596429348,"mean":0.177262812853,"median":0.17522034049,"min":0.000722804048564,"var":0.00248111411929},"melbands_kurtosis":{"dmean":3.50922298431,"dmean2":5.35751914978,"dvar":26.2365913391,"dvar2":55.1783409119,"max":206.661941528,"mean":7.73079395294,"median":5.81297063828,"min":-1.75944387913,"var":74.2236938477},"melbands_skewness":{"dmean":0.49615123868,"dmean2":0.74652826786,"dvar":0.230600178242,"dvar2":0.51127743721,"max":12.1929950714,"mean":1.9580193758,"median":1.92530012131,"min":-1.32639300823,"var":1.23051774502},"melbands_spread":{"dmean":5.23253679276,"dmean2":7.89346933365,"dvar":36.5197372437,"dvar2":80.6505508423,"max":160.627716064,"mean":22.8339538574,"median":19.314365387,"min":1.68905115128,"var":271.658416748},"mfcc":{"cov":[[8118.22216797,39.5650939941,-216.334503174,41.6819648743,-84.8172836304,-133.875213623,-159.431427002,-21.0903320312,-24.2945308685,29.9846401215,54.6733283997,-3.76917457581,-56.9950904846],[39.5650939941,965.469604492,-114.560569763,-36.3754310608,-24.8728256226,27.6880588531,57.0184135437,0.573163807392,-6.5171456337,24.167131424,51.2995567322,5.43077516556,-21.5188541412],[-216.334503174,-114.560569763,477.233764648,21.9185676575,6.14612579346,79.6944046021,2.51604390144,3.31562685966,13.811088562,-10.3202991486,-34.4467353821,6.29518461227,43.8692131042],[41.6819648743,-36.3754310608,21.9185676575,288.099090576,94.3447799683,-45.3993759155,-55.1091575623,11.6500682831,10.9498386383,-21.684173584,-47.4618721008,2.7581653595,50.6383666992],[-84.8172836304,-24.8728256226,6.14612579346,94.3447799683,143.213058472,6.31301307678,-26.5417613983,12.6155281067,24.8434391022,-8.38861846924,-29.8275794983,-2.44704842567,28.4305400848],[-133.875213623,27.6880588531,79.6944046021,-45.3993759155,6.31301307678,131.092468262,55.1742477417,-10.5200548172,-10.1637468338,5.60637187958,11.9792318344,-8.46344089508,-7.4419260025],[-159.431427002,57.0184135437,2.51604390144,-55.1091575623,-26.5417613983,55.1742477417,141.37651062,37.972946167,-8.5020647049,0.289305001497,11.7496643066,14.9651823044,-18.3381977081],[-21.0903320312,0.573163807392,3.31562685966,11.6500682831,12.6155281067,-10.5200548172,37.972946167,103.687850952,34.133190155,-23.8145503998,-14.8467531204,11.6516580582,12.787820816],[-24.2945308685,-6.5171456337,13.811088562,10.9498386383,24.8434391022,-10.1637468338,-8.5020647049,34.133190155,91.8823013306,16.1218719482,-15.4551124573,1.75473177433,9.15005397797],[29.9846401215,24.167131424,-10.3202991486,-21.684173584,-8.38861846924,5.60637187958,0.289305001497,-23.8145503998,16.1218719482,99.0926361084,48.0202865601,-3.12038707733,-15.43663311],[54.6733283997,51.2995567322,-34.4467353821,-47.4618721008,-29.8275794983,11.9792318344,11.7496643066,-14.8467531204,-15.4551124573,48.0202865601,99.3824005127,18.634677887,-22.8798217773],[-3.76917457581,5.43077516556,6.29518461227,2.7581653595,-2.44704842567,-8.46344089508,14.9651823044,11.6516580582,1.75473177433,-3.12038707733,18.634677887,73.5625228882,25.4170055389],[-56.9950904846,-21.5188541412,43.8692131042,50.6383666992,28.4305400848,-7.4419260025,-18.3381977081,12.787820816,9.15005397797,-15.43663311,-22.8798217773,25.4170055389,84.0106277466]],"icov":[[0.000130692133098,-0.00000585154703003,0.0000440265066572,-0.000042523843149,0.000110131535621,0.00000647535216558,0.00019953060837,-0.0000919781887205,0.0000510461795784,-0.0000419899442932,-0.000015551904653,-0.0000534975297342,0.000109341002826],[-0.00000585154703003,0.00112157384865,0.000293660123134,-0.0000904964181245,0.000123859426822,-0.000253792823059,-0.000399282987928,0.0000946439686231,-0.000163991513546,0.0000289289928332,-0.000473967782455,0.000102410122054,-0.000118333264254],[0.0000440265066572,0.000293660123134,0.00276686018333,-0.000361496029655,0.000912715913728,-0.00240359269083,0.000752025807742,-0.0003194801684,-0.000317924743285,-0.000359808735084,0.00101755687501,-0.000499341869727,-0.00103413010947],[-0.000042523843149,-0.0000904964181245,-0.000361496029655,0.00533057423308,-0.00312168640085,0.00181207677815,0.000614888034761,-0.000289247749606,0.000983991310932,-0.000205557531444,0.00109753571451,0.0000875278274179,-0.001553644659],[0.000110131535621,0.000123859426822,0.000912715913728,-0.00312168640085,0.0105700204149,-0.00338206905872,0.00209574913606,-0.00116385868751,-0.00185860018246,-0.000507788266987,0.00160603492986,-0.000244568102062,-0.00111005047802],[0.00000647535216558,-0.000253792823059,-0.00240359269083,0.00181207677815,-0.00338206905872,0.013135288842,-0.00610126182437,0.00352182495408,-0.0000161717962328,0.00128326320555,-0.00264522642829,0.0032868066337,-0.000934783311095],[0.00019953060837,-0.000399282987928,0.000752025807742,0.000614888034761,0.00209574913606,-0.00610126182437,0.0130809890106,-0.0067303488031,0.00287402188405,-0.00218762853183,0.00245616305619,-0.00413094554096,0.00310363178141],[-0.0000919781887205,0.0000946439686231,-0.0003194801684,-0.000289247749606,-0.00116385868751,0.00352182495408,-0.0067303488031,0.0159737113863,-0.00689296796918,0.00532428827137,-0.00209909118712,0.000841236498673,-0.00198885379359],[0.0000510461795784,-0.000163991513546,-0.000317924743285,0.000983991310932,-0.00185860018246,-0.0000161717962328,0.00287402188405,-0.00689296796918,0.0159711837769,-0.00632950896397,0.00447790510952,-0.00156323472038,0.000659605197143],[-0.0000419899442932,0.0000289289928332,-0.000359808735084,-0.000205557531444,-0.000507788266987,0.00128326320555,-0.00218762853183,0.00532428827137,-0.00632950896397,0.0167067516595,-0.00919424649328,0.00309071177617,-0.000391636742279],[-0.000015551904653,-0.000473967782455,0.00101755687501,0.00109753571451,0.00160603492986,-0.00264522642829,0.00245616305619,-0.00209909118712,0.00447790510952,-0.00919424649328,0.0187332555652,-0.00707352906466,0.0038178039249],[-0.0000534975297342,0.000102410122054,-0.000499341869727,0.0000875278274179,-0.000244568102062,0.0032868066337,-0.00413094554096,0.000841236498673,-0.00156323472038,0.00309071177617,-0.00707352906466,0.0192404873669,-0.00746730482206],[0.000109341002826,-0.000118333264254,-0.00103413010947,-0.001553644659,-0.00111005047802,-0.000934783311095,0.00310363178141,-0.00198885379359,0.000659605197143,-0.000391636742279,0.0038178039249,-0.00746730482206,0.0178518258035]],"mean":[-635.692993164,122.294876099,1.27238190174,7.96971797943,-5.8501458168,0.0342631936073,-8.65581703186,-2.65568447113,-3.42153739929,-3.81674981117,-1.64262568951,-3.66340303421,-3.32777142525]},"pitch_salience":{"dmean":0.0640588179231,"dmean2":0.100758969784,"dvar":0.00296362722293,"dvar2":0.00727924471721,"max":0.996080875397,"mean":0.599677145481,"median":0.60738492012,"min":0.138431921601,"var":0.0101438425481},"silence_rate_20dB":{"dmean":0,"dmean2":0,"dvar":0,"dvar2":0,"max":1,"mean":1,"median":1,"min":1,"var":0},"silence_rate_30dB":{"dmean":0,"dmean2":0,"dvar":0,"dvar2":0,"max":1,"mean":1,"median":1,"min":1,"var":0},"silence_rate_60dB":{"dmean":0.00569576723501,"dmean2":0.0113926539198,"dvar":0.00566503638402,"dvar2":0.0128344353288,"max":1,"mean":0.0491948164999,"median":0,"min":0,"var":0.0467731021345},"spectral_centroid":{"dmean":184.351928711,"dmean2":271.37802124,"dvar":62008.1171875,"dvar2":122350.039062,"max":11574.3476562,"mean":1221.23950195,"median":1063.29418945,"min":248.934143066,"var":1120100.5},"spectral_complexity":{"dmean":3.22125101089,"dmean2":4.61422109604,"dvar":11.1223497391,"dvar2":19.2943592072,"max":51,"mean":18.9330329895,"median":18,"min":0,"var":65.8098907471},"spectral_contrast_coeffs":{"dmean":[0.0515437237918,0.0457270480692,0.0377426669002,0.0294066425413,0.0208383258432,0.015473915264],"dmean2":[0.0836807191372,0.0723339468241,0.0599838122725,0.0464727208018,0.0328903794289,0.0250054206699],"dvar":[0.0016823571641,0.00135674257763,0.000938885088544,0.000573399302084,0.000308365823003,0.000210300990148],"dvar2":[0.00444074580446,0.00335049699061,0.0023099235259,0.00135089154355,0.000693996902555,0.000516633095685],"max":[-0.325778186321,-0.394947737455,-0.453105300665,-0.545304358006,-0.588545680046,-0.612664997578],"mean":[-0.592202663422,-0.708943724632,-0.755982339382,-0.766800403595,-0.783573031425,-0.770239531994],"median":[-0.591140151024,-0.71180087328,-0.764428853989,-0.776514410973,-0.793763995171,-0.772369325161],"min":[-0.97955930233,-0.998660326004,-0.998755216599,-0.987980604172,-0.988819360733,-0.964709401131],"var":[0.00670073833317,0.0062828916125,0.00475489208475,0.00396931869909,0.00270697427914,0.00130802579224]},"spectral_contrast_valleys":{"dmean":[0.419952899218,0.328793853521,0.320812165737,0.269410014153,0.256550788879,0.250352025032],"dmean2":[0.694376289845,0.524004757404,0.494354397058,0.403600424528,0.351628065109,0.331109702587],"dvar":[0.146137818694,0.097731910646,0.100364238024,0.0813956707716,0.0958889424801,0.131475493312],"dvar2":[0.352177143097,0.216459318995,0.20340359211,0.15343888104,0.15791785717,0.213908523321],"max":[-5.81810808182,-4.770652771,-5.31088495255,-6.12411117554,-5.9577832222,-7.76737785339],"mean":[-7.76229810715,-6.62676382065,-7.22751283646,-7.80550765991,-7.89762067795,-10.1632986069],"median":[-7.46250391006,-6.33663511276,-6.95678520203,-7.50499820709,-7.58341312408,-9.86262321472],"min":[-28.3269271851,-28.2058506012,-27.8778934479,-27.6188430786,-27.5146713257,-27.4223461151],"var":[4.44970369339,4.780148983,4.53402900696,4.33882761002,4.4458861351,3.8921186924]},"spectral_decrease":{"dmean":1.38987565901e-9,"dmean2":2.01989713844e-9,"dvar":2.30844209357e-18,"dvar2":4.68938946296e-18,"max":2.08326397637e-28,"mean":-6.26312424146e-9,"median":-6.0048503947e-9,"min":-2.26732410624e-8,"var":1.33404504547e-17},"spectral_energy":{"dmean":0.00556709617376,"dmean2":0.00801301468164,"dvar":0.0000371906717191,"dvar2":0.0000738365342841,"max":0.0917429104447,"mean":0.0256836377084,"median":0.0246952790767,"min":1.01744217008e-20,"var":0.000224658258958},"spectral_energyband_high":{"dmean":0.00027992518153,"dmean2":0.000357129756594,"dvar":2.74894119912e-7,"dvar2":4.71457354934e-7,"max":0.0125125115737,"mean":0.000761941540986,"median":0.000369845161913,"min":7.13419933093e-21,"var":0.00000110140206289},"spectral_energyband_low":{"dmean":0.00170203379821,"dmean2":0.00282463617623,"dvar":0.00000581356016482,"dvar2":0.0000151959911818,"max":0.0315114334226,"mean":0.00326666561887,"median":0.00224806973711,"min":1.39028877491e-23,"var":0.0000112620064101},"spectral_energyband_middle_high":{"dmean":0.00194869423285,"dmean2":0.00274123623967,"dvar":0.00000697646464687,"dvar2":0.0000137392935358,"max":0.0514264553785,"mean":0.00673421937972,"median":0.00446366332471,"min":1.18844255643e-21,"var":0.0000486921744596},"spectral_energyband_middle_low":{"dmean":0.00456352392212,"dmean2":0.00672869384289,"dvar":0.0000284056168312,"dvar2":0.0000616336037638,"max":0.0814086422324,"mean":0.0160304047167,"median":0.0138480141759,"min":1.58726046407e-22,"var":0.000124062469695},"spectral_entropy":{"dmean":0.143560051918,"dmean2":0.195638731122,"dvar":0.0216288100928,"dvar2":0.0354172103107,"max":9.82509326935,"mean":7.54056739807,"median":7.53345680237,"min":6.10040712357,"var":0.191177472472},"spectral_flux":{"dmean":0.0183019675314,"dmean2":0.0274314302951,"dvar":0.000324706721585,"dvar2":0.000694850459695,"max":0.233465000987,"mean":0.0772953704,"median":0.0740625336766,"min":6.25784632446e-11,"var":0.00143581535667},"spectral_kurtosis":{"dmean":1.25476300716,"dmean2":2.05698442459,"dvar":2.41551089287,"dvar2":6.28005123138,"max":34.6708717346,"mean":4.68670415878,"median":4.17079544067,"min":-1.28360283375,"var":7.96683359146},"spectral_rms":{"dmean":0.000537671090569,"dmean2":0.000763459654991,"dvar":2.94823308877e-7,"dvar2":5.44375723166e-7,"max":0.00946072302759,"mean":0.0047221230343,"median":0.00490845739841,"min":3.15059762133e-12,"var":0.00000275869115285},"spectral_rolloff":{"dmean":330.253814697,"dmean2":540.241577148,"dvar":353675.0625,"dvar2":727468.4375,"max":19595.2148438,"mean":1566.37524414,"median":1184.32617188,"min":21.533203125,"var":3925213.5},"spectral_skewness":{"dmean":0.176299855113,"dmean2":0.271952271461,"dvar":0.0328691601753,"dvar2":0.0740419104695,"max":4.58710861206,"mean":1.70192563534,"median":1.68037033081,"min":-0.0864287093282,"var":0.207809358835},"spectral_spread":{"dmean":481139.21875,"dmean2":701369.75,"dvar":678632095744,"dvar2":1282504916990,"max":43296084,"mean":5113057,"median":4674381,"min":1685300.75,"var":13609329492000},"spectral_strongpeak":{"dmean":0.642654180527,"dmean2":1.05277824402,"dvar":0.983541786671,"dvar2":2.30727577209,"max":14.4333181381,"mean":1.46713340282,"median":0.876409053802,"min":0,"var":2.58237552643},"zerocrossingrate":{"dmean":0.00842554867268,"dmean2":0.00967052951455,"dvar":0.0000891592862899,"dvar2":0.0000974387003225,"max":0.52880859375,"mean":0.0632500648499,"median":0.05419921875,"min":0.009765625,"var":0.00264340545982}},"metadata":{"audio_properties":{"analysis_sample_rate":44100,"bit_rate":320000,"codec":"vorbis","downmix":"mix","equal_loudness":0,"length":236.432830811,"lossless":false,"md5_encoded":"645914eb71fb416b52f17d4cf36e0b2e","replay_gain":-12.9528198242,"sample_rate":44100},"tags":{"album":["Picture Book"],"albumartist":["The Kinks"],"albumartistsort":["Kinks, The"],"artist":["The Kinks"],"artistsort":["Kinks, The"],"asin":["B001GJ5WHU"],"barcode":["600753130490"],"catalognumber":["5313049","531 3049"],"compilation":["1"],"date":["2008-12-08"],"discnumber":["2"],"discsubtitle":["Volume Two"],"disctotal":["6"],"file_name":"2-03 The Kinks - Mr. Reporter.ogg","isrc":["GBAJE0704732"],"label":["Sanctuary Records","Universal UMC"],"media":["CD"],"musicbrainz_albumartistid":["17b53d9f-5c63-4a09-a593-dde4608e0db9"],"musicbrainz_albumid":["3fd31369-76de-448a-a3c7-bdc3bf9e72ff"],"musicbrainz_artistid":["17b53d9f-5c63-4a09-a593-dde4608e0db9"],"musicbrainz_recordingid":["4ce4993f-94a8-4d88-83bc-60df3f49a4f8"],"musicbrainz_releasegroupid":["fd13f3ca-36c3-3e06-9193-96041156faba"],"originaldate":["2008-12-08"],"releasecountry":["GB"],"releasestatus":["official"],"releasetype":["album","compilation"],"script":["Latn"],"title":["Mr. Reporter"],"totaldiscs":["6"],"totaltracks":["28"],"tracknumber":["3"],"tracktotal":["28"]},"version":{"essentia":"2.1-beta2","essentia_build_sha":"cead25079874084f62182a551b7393616cd33d87","essentia_git_sha":"v2.1_beta2-1-ge3940c0","extractor":"music 1.0"}},"rhythm":{"beats_count":326,"beats_loudness":{"dmean":0.0106845013797,"dmean2":0.0179434977472,"dvar":0.0000766645825934,"dvar2":0.000195709682885,"max":0.079593077302,"mean":0.0352328754961,"median":0.0346937552094,"min":0,"var":0.000180397546501},"beats_loudness_band_ratio":{"dmean":[0.124933339655,0.143632635474,0.155086100101,0.126214236021,0.0637817010283,0.041220780462],"dmean2":[0.216492176056,0.244081288576,0.266254514456,0.229427948594,0.11