{"lowlevel":{"average_loudness":0.779549777508,"barkbands":{"dmean":[0.0000207359880733,0.00298558943905,0.0020563127473,0.0014334745938,0.00235207681544,0.00045044979197,0.000350427464582,0.000309170980472,0.000348550704075,0.000284169334918,0.000225261639571,0.00039470277261,0.000391183828469,0.000416297029005,0.000323900923831,0.000224160961807,0.000260869215708,0.000265587383183,0.000287863542326,0.000236911393586,0.000240407200181,0.000315587269142,0.000215144071262,0.000115774972073,0.0000609601192991,0.0000588869843341,0.0000175985096575],"dmean2":[0.0000328367532347,0.00513163022697,0.00356621202081,0.00240889028646,0.00390416150913,0.000717094400898,0.000567467533983,0.000492883089464,0.000557299354114,0.000451195024652,0.000369310495444,0.000631582282949,0.000635336211417,0.00068359868601,0.000528509612195,0.000371429603547,0.000439117837232,0.000452716223663,0.000484952703118,0.000400147779146,0.000393166876165,0.000491852755658,0.000334366515744,0.000168183993082,0.0000866932314239,0.0000890547089512,0.0000267077684839],"dvar":[3.15634207659e-9,0.0000961124387686,0.000025958972401,0.0000079583041952,0.0000401986580982,6.66456401177e-7,6.31109401183e-7,5.23285905274e-7,7.88157535681e-7,5.06908349962e-7,2.70641777433e-7,0.00000119229605389,0.00000146092145314,9.77321519713e-7,3.87472198327e-7,2.22074717726e-7,2.65782801989e-7,2.47062502012e-7,3.18796793408e-7,2.9200899121e-7,3.89094736875e-7,7.96415463356e-7,2.86513568426e-7,6.19914430899e-8,1.59470125993e-8,1.21100836026e-8,1.47910295123e-9],"dvar2":[7.90215004542e-9,0.000252091267612,0.0000733523702365,0.0000213537805394,0.000105749364593,0.00000170378109488,0.00000162080493737,0.00000129461523102,0.00000184581278972,0.00000121463256164,6.66172013553e-7,0.00000299500584333,0.00000343698025063,0.00000245902424467,9.53529365688e-7,5.89456988109e-7,6.91469608682e-7,6.70963174798e-7,8.15495639017e-7,7.80464006311e-7,0.000001006315415,0.0000018999007807,6.90689716976e-7,1.29770128865e-7,3.16494848107e-8,2.47426807931e-8,3.29172911151e-9],"max":[0.000856157334056,0.0982526987791,0.100249044597,0.0458230637014,0.0723781511188,0.0304517466575,0.0144689623266,0.0259702578187,0.0341410860419,0.0234182402492,0.0132514918223,0.0342089831829,0.0527681000531,0.022318219766,0.0118801854551,0.0114045171067,0.0160581190139,0.010247355327,0.0105521287769,0.00883925333619,0.0118538234383,0.0125628625974,0.0157687067986,0.00841283798218,0.0029122531414,0.00123162951786,0.000444578239694],"mean":[0.0000195303109649,0.00297749298625,0.00219266838394,0.00165325251874,0.00262327794917,0.000695829570759,0.000467606907478,0.000437533279182,0.00050885399105,0.000430111569585,0.000331113405991,0.000613430631347,0.000620672130026,0.000655517738778,0.000536086794455,0.000357929995516,0.000427996186772,0.000424570403993,0.000481016759295,0.00035590105108,0.000344491971191,0.000443470868049,0.000314921548124,0.000191026250832,0.0000870271614986,0.0000611362484051,0.0000164471894095],"median":[5.11373968948e-7,0.000220152956899,0.000642750528641,0.000610662042163,0.00100818276405,0.000340223079547,0.000182336807484,0.000155923422426,0.000159148155944,0.00013741949806,0.000101891957456,0.000178602669621,0.000180289178388,0.000197281013243,0.000223596522119,0.000145376485307,0.000193722560653,0.000195941058337,0.000212384766201,0.000152331893332,0.000100800491055,0.000113313770271,0.0000956247822614,0.0000749170867493,0.0000223284296226,0.00000983277277555,0.00000155265422563],"min":[3.49770196867e-24,1.26060390751e-23,3.90689989742e-24,2.12730266488e-24,2.92457748163e-23,1.92177339683e-23,1.90001424649e-23,1.06361681977e-23,1.55071515735e-23,3.40795042358e-23,3.21927414326e-23,3.22528084573e-23,3.2981816908e-23,1.02872018501e-22,9.72093792862e-23,1.07890802068e-22,1.34127394386e-22,1.35078217901e-22,2.01642048648e-22,1.9049375274e-22,3.53800809087e-22,3.46995047311e-22,4.61293293195e-22,7.05775600815e-22,9.2751463202e-22,1.2491067426e-21,2.27947328663e-21],"var":[2.96598634542e-9,0.0000869914729265,0.0000217809465539,0.00000778288267611,0.0000334846736223,0.00000121219227367,7.98508438038e-7,7.95214020854e-7,0.0000014731617739,9.8817088201e-7,5.05935815909e-7,0.00000228960220738,0.0000026134835025,0.00000199379041987,7.57560314923e-7,3.50858755382e-7,4.70810590514e-7,3.79405690865e-7,5.43591397673e-7,3.52396455128e-7,4.64487982299e-7,0.0000010177926697,4.39597101831e-7,1.54552779463e-7,3.0971921916e-8,1.52642432028e-8,1.60955748729e-9]},"barkbands_crest":{"dmean":2.9534971714,"dmean2":4.93584299088,"dvar":7.15004396439,"dvar2":19.7210159302,"max":24.9997272491,"mean":8.63248252869,"median":7.70407581329,"min":1.99532198906,"var":16.5963726044},"barkbands_flatness_db":{"dmean":0.023923587054,"dmean2":0.0371014177799,"dvar":0.000586195499636,"dvar2":0.00130626477767,"max":0.446816027164,"mean":0.10486587882,"median":0.093757301569,"min":0.0198971983045,"var":0.00229163118638},"barkbands_kurtosis":{"dmean":3.41252541542,"dmean2":5.36083602905,"dvar":111.72833252,"dvar2":257.988494873,"max":346.586578369,"mean":3.55975174904,"median":-0.301784157753,"min":-1.96720981598,"var":199.846633911},"barkbands_skewness":{"dmean":0.653759777546,"dmean2":1.01692926884,"dvar":0.645408213139,"dvar2":1.4611427784,"max":16.3891963959,"mean":1.16946995258,"median":0.76583969593,"min":-4.48274612427,"var":2.46630811691},"barkbands_spread":{"dmean":8.41496658325,"dmean2":13.4673109055,"dvar":93.6188583374,"dvar2":225.484680176,"max":118.454833984,"mean":32.9343299866,"median":32.1759414673,"min":0.732363462448,"var":243.609008789},"dissonance":{"dmean":0.012562232092,"dmean2":0.0212274771184,"dvar":0.000193347877939,"dvar2":0.000515576510224,"max":0.500000178814,"mean":0.478690385818,"median":0.484270215034,"min":0.313292235136,"var":0.000365598738426},"dynamic_complexity":4.44423103333,"erbbands":{"dmean":[0.0607870221138,0.77892690897,2.19633483887,3.71384835243,8.70643806458,5.80013990402,3.91246891022,3.71097540855,4.98866128922,5.12862682343,7.30333566666,8.30391979218,9.44488048553,7.03518438339,10.5414991379,17.2684001923,17.0961818695,22.1548881531,16.4016857147,12.7565412521,11.6913957596,12.5693492889,14.2155036926,13.2991266251,14.7358980179,11.306055069,10.5326194763,9.02298259735,10.8649501801,10.1978082657,5.44140052795,3.19622063637,1.65216100216,0.807423233986,0.383476793766,0.26147967577,0.11408406496,0.0172572676092,0.00304512004368,0.000202835552045],"dmean2":[0.103429161012,1.35061764717,3.83280777931,6.21971940994,14.9602355957,9.25847244263,6.17524194717,5.89494180679,7.95910263062,8.31449127197,11.6693029404,13.2399291992,14.9873714447,11.3337125778,17.1612377167,27.5254688263,27.4968166351,36.4005126953,26.7916584015,20.9140834808,19.4246044159,21.1494789124,24.1613674164,22.4405899048,24.8569278717,19.0600967407,17.5918922424,14.5050725937,17.0768318176,16.0126190186,8.38261222839,4.89454174042,2.34742879868,1.14880383015,0.557556092739,0.394734442234,0.173854202032,0.0259250253439,0.00461427494884,0.000308053917252],"dvar":[0.0380336865783,6.53317260742,37.7423553467,55.5807189941,578.47076416,184.282897949,41.3909797668,57.4791641235,112.987251282,169.682861328,340.219329834,504.291687012,592.744445801,349.359924316,599.075378418,2338.22680664,2753.78222656,2658.41699219,1076.52319336,695.143188477,532.642089844,598.085021973,722.424865723,668.102416992,965.935058594,698.421203613,738.644226074,550.115783691,986.428588867,769.530334473,169.916488647,53.9833984375,12.878944397,2.99629926682,0.61889231205,0.241215333343,0.0464126542211,0.00132445781492,0.0000554171274416,1.5577643353e-7],"dvar2":[0.0974081233144,17.4112472534,105.842475891,150.270401001,1551.43164063,467.404571533,99.4980392456,145.925918579,286.585693359,444.038787842,831.296447754,1204.79150391,1387.17211914,869.965087891,1456.95117188,5828.10986328,6474.32275391,6770.08691406,2652.74926758,1814.72485352,1391.69995117,1550.98974609,1937.33654785,1780.39172363,2450.49389648,1874.16918945,1948.61022949,1382.17285156,2389.40844727,1870.83679199,399.417663574,125.8670578,25.4650497437,5.90889978409,1.2444152832,0.498089313507,0.0984985753894,0.00269331783056,0.000125417122035,3.57392224259e-7],"max":[2.21099185944,25.3272266388,108.873970032,128.46534729,279.609436035,219.816085815,113.051773071,358.137054443,176.66645813,453.090637207,743.493347168,1055.14916992,666.968811035,888.103088379,907.958496094,1654.7388916,2431.63061523,1315.06030273,674.735351563,903.16229248,556.896972656,531.409790039,628.505004883,483.823059082,668.86151123,463.787658691,544.879760742,347.060241699,552.082885742,460.832092285,420.332977295,222.662414551,104.191169739,46.9086608887,15.7008914948,5.56942749023,2.16614627838,0.452136367559,0.097304366529,0.00464427703992],"mean":[0.063538223505,0.75995516777,2.31039905548,4.61986684799,8.67723178864,7.13880205154,5.84473848343,5.58065843582,7.05956363678,7.10211420059,10.5395183563,12.3493318558,14.5005435944,11.229095459,16.8998737335,28.4721431732,29.3254795074,37.2472724915,29.0642623901,22.8298816681,20.6238822937,21.8936443329,24.1494922638,22.5579891205,23.7919254303,17.0851345062,14.9848508835,12.9682426453,15.0913486481,14.2427883148,8.19968605042,4.8803319931,2.74564981461,1.20782423019,0.519745647907,0.285926222801,0.114032194018,0.0172439720482,0.0028321610298,0.000204757117899],"median":[0.00320340972394,0.0816216766834,0.64966917038,1.85305154324,2.57775640488,2.9109120369,2.8881752491,2.38042020798,2.84072208405,2.82436323166,3.76688623428,4.14740371704,4.68889379501,4.59532642365,6.18412017822,8.91217708588,9.94172763824,12.7796230316,12.7509937286,10.2997055054,9.48159694672,10.7492485046,11.8514461517,10.2509937286,10.5400543213,7.51440143585,4.70763111115,3.72032546997,3.85541152954,3.95376634598,2.47147607803,1.79434812069,0.978430867195,0.321383595467,0.128242760897,0.0595926046371,0.016407713294,0.00152503233403,0.000183955562534,0.0000427906816185],"min":[2.55484935629e-22,9.59347353112e-22,4.17853315657e-21,1.7194138104e-20,4.0839506273e-20,1.13367791287e-19,5.80798921743e-20,1.69462656787e-19,2.6280373336e-19,1.42661888618e-19,3.3791214657e-19,4.85690832285e-19,9.79196039818e-19,1.68083762215e-18,2.00439924492e-18,1.36729212263e-18,1.6366169602e-18,3.65359183197e-18,4.46502085771e-18,6.82898393438e-18,5.88481185907e-18,8.36649597179e-18,7.52571733715e-18,8.19058526118e-18,1.08876093028e-17,9.13314929738e-18,1.15875529935e-17,1.57063929746e-17,1.18134394752e-17,1.58287611113e-17,1.37722354257e-17,1.3246436415e-17,1.25219990792e-17,8.4682234707e-18,6.51517311667e-18,4.71944796565e-18,2.40897948637e-18,1.1527656225e-18,3.21656160528e-19,3.41493761074e-20],"var":[0.0367780923843,5.67253351212,29.9581184387,56.9152336121,443.495452881,183.631546021,72.256111145,110.803947449,155.614578247,216.629302979,523.043212891,950.994567871,1132.30712891,566.435180664,1232.3182373,4846.34277344,5208.00976563,6060.18066406,2240.72558594,1319.31286621,1002.05053711,1073.95373535,1185.39978027,1106.22412109,1481.87927246,819.191162109,860.762207031,664.255126953,1211.11450195,977.779602051,296.396179199,99.4171218872,36.0893096924,6.72435665131,1.03728473186,0.312725394964,0.0551829822361,0.00162874441594,0.0000584283152421,1.68707487092e-7]},"erbbands_crest":{"dmean":2.54854154587,"dmean2":4.15605831146,"dvar":6.52537870407,"dvar2":15.8503341675,"max":30.0425815582,"mean":7.72892141342,"median":6.52902317047,"min":2.23636698723,"var":16.2963581085},"erbbands_flatness_db":{"dmean":0.0200585648417,"dmean2":0.0281019620597,"dvar":0.00035233591916,"dvar2":0.000647789624054,"max":0.33133032918,"mean":0.135715514421,"median":0.133255466819,"min":0.038710590452,"var":0.00128728768323},"erbbands_kurtosis":{"dmean":0.941885650158,"dmean2":1.48255836964,"dvar":2.06326365471,"dvar2":4.41782808304,"max":45.8500518799,"mean":0.421932011843,"median":-0.09144859761,"min":-1.86946189404,"var":4.44195508957},"erbbands_skewness":{"dmean":0.387134641409,"dmean2":0.592436552048,"dvar":0.160746231675,"dvar2":0.34483641386,"max":6.33506822586,"mean":-0.145773991942,"median":-0.202604174614,"min":-4.5814871788,"var":0.601059734821},"erbbands_spread":{"dmean":10.7808856964,"dmean2":16.4830322266,"dvar":124.481246948,"dvar2":296.257141113,"max":191.826934814,"mean":44.9475631714,"median":40.9784202576,"min":3.64321327209,"var":446.53805542},"gfcc":{"cov":[[11577.9707031,-483.008209229,-869.881164551,-33.9720344543,-209.489273071,29.064201355,-206.245895386,107.465324402,-110.606193542,74.2248916626,-205.188766479,-14.2121200562,-116.914093018],[-483.008209229,1211.24902344,-173.112930298,260.957794189,171.818618774,110.880386353,126.959671021,65.5799789429,91.6455841064,-34.3428611755,130.460906982,-83.5804367065,58.3754081726],[-869.881164551,-173.112930298,1266.70483398,103.265350342,226.268463135,11.4536924362,93.6127471924,58.8009109497,20.8512248993,42.0355033875,-46.9189872742,69.7766189575,-45.1521568298],[-33.9720344543,260.957794189,103.265350342,524.175109863,142.9375,78.2441329956,115.978065491,47.9918670654,86.0185546875,7.19853115082,-10.7198476791,-34.6767654419,40.3484611511],[-209.489273071,171.818618774,226.268463135,142.9375,446.811859131,95.594619751,135.25050354,100.912513733,52.2752037048,34.9848327637,16.8372592926,5.02073526382,-4.28274011612],[29.064201355,110.880386353,11.4536924362,78.2441329956,95.594619751,238.426239014,81.8707427979,61.3197593689,22.1452045441,18.8776702881,54.6087303162,-16.8666973114,15.6841430664],[-206.245895386,126.959671021,93.6127471924,115.978065491,135.25050354,81.8707427979,211.977523804,77.7513275146,45.9693260193,34.1628684998,21.5137805939,4.96034431458,12.286986351],[107.465324402,65.5799789429,58.8009109497,47.9918670654,100.912513733,61.3197593689,77.7513275146,156.49836731,59.7589378357,38.791431427,36.0294303894,7.70645618439,7.68544530869],[-110.606193542,91.6455841064,20.8512248993,86.0185546875,52.2752037048,22.1452045441,45.9693260193,59.7589378357,120.158065796,39.7253646851,30.4038085938,1.08566331863,21.35597229],[74.2248916626,-34.3428611755,42.0355033875,7.19853115082,34.9848327637,18.8776702881,34.1628684998,38.791431427,39.7253646851,102.266746521,29.7261238098,16.1933841705,9.42913150787],[-205.188766479,130.460906982,-46.9189872742,-10.7198476791,16.8372592926,54.6087303162,21.5137805939,36.0294303894,30.4038085938,29.7261238098,124.930435181,19.5731906891,19.1661624908],[-14.2121200562,-83.5804367065,69.7766189575,-34.6767654419,5.02073526382,-16.8666973114,4.96034431458,7.70645618439,1.08566331863,16.1933841705,19.5731906891,76.8884963989,16.394449234],[-116.914093018,58.3754081726,-45.1521568298,40.3484611511,-4.28274011612,15.6841430664,12.286986351,7.68544530869,21.35597229,9.42913150787,19.1661624908,16.394449234,77.0333938599]],"icov":[[0.000111113906314,-0.00000259486182586,0.000112020105007,-0.0000705597049091,0.0000382656944566,-0.000105869337858,0.000164321972989,-0.000234852792346,0.000141858297866,-0.000217014778173,0.000314797856845,-0.000218176050112,0.000249471137067],[-0.00000259486182586,0.001419281587,0.0000974982685875,-0.000369497312931,-0.000426901475294,0.000320597988321,-0.000499905494507,0.000111968991405,-0.000354015297489,0.00113994895946,-0.00185493961908,0.00181752780918,-0.000815907260403],[0.000112020105007,0.0000974982685875,0.00113441282883,-0.000294129073154,-0.000368004897609,-0.000129392719828,0.000032917738281,-0.000293993885862,0.00011879675003,-0.000400972843636,0.00078521866817,-0.00135433371179,0.00105409044772],[-0.0000705597049091,-0.000369497312931,-0.000294129073154,0.00291910185479,-0.000350246555172,-0.000390099390643,-0.000896346115042,0.000567707757,-0.00168451992795,0.00045012528426,0.000971058907453,0.00109692616388,-0.00144531775732],[0.0000382656944566,-0.000426901475294,-0.000368004897609,-0.000350246555172,0.00342299672775,-0.000697707873769,-0.000880263978615,-0.00117460696492,0.0000456884845335,-0.000501391827129,0.00075613160152,-0.000776342872996,0.000965081562754],[-0.000105869337858,0.000320597988321,-0.000129392719828,-0.000390099390643,-0.000697707873769,0.00615668855608,-0.00158442184329,-0.000917365716305,0.00108939455822,0.000440617382992,-0.00325933448039,0.0028765834868,-0.00138041749597],[0.000164321972989,-0.000499905494507,0.000032917738281,-0.000896346115042,-0.000880263978615,-0.00158442184329,0.00774016510695,-0.00218753144145,0.0000724798301235,-0.00161888310686,0.00137619615998,-0.00164727552328,0.000560562068131],[-0.000234852792346,0.000111968991405,-0.000293993885862,0.000567707757,-0.00117460696492,-0.000917365716305,-0.00218753144145,0.0106039252132,-0.0038379332982,-0.000479508977151,-0.00166029157117,0.000130727072246,0.00000944757266552],[0.000141858297866,-0.000354015297489,0.00011879675003,-0.00168451992795,0.0000456884845335,0.00108939455822,0.0000724798301235,-0.0038379332982,0.0133526707068,-0.00375890173018,-0.00110251572914,0.000594824668951,-0.00150634755846],[-0.000217014778173,0.00113994895946,-0.000400972843636,0.00045012528426,-0.000501391827129,0.000440617382992,-0.00161888310686,-0.000479508977151,-0.00375890173018,0.0138319404796,-0.00360211217776,0.000384543876862,-0.0013121481752],[0.000314797856845,-0.00185493961908,0.00078521866817,0.000971058907453,0.00075613160152,-0.00325933448039,0.00137619615998,-0.00166029157117,-0.00110251572914,-0.00360211217776,0.0143205700442,-0.00599255179986,0.000945745850913],[-0.000218176050112,0.00181752780918,-0.00135433371179,0.00109692616388,-0.000776342872996,0.0028765834868,-0.00164727552328,0.000130727072246,0.000594824668951,0.000384543876862,-0.00599255179986,0.0202595442533,-0.00648864358664],[0.000249471137067,-0.000815907260403,0.00105409044772,-0.00144531775732,0.000965081562754,-0.00138041749597,0.000560562068131,0.00000944757266552,-0.00150634755846,-0.0013121481752,0.000945745850913,-0.00648864358664,0.0173213630915]],"mean":[-14.5087099075,56.1517715454,-118.872695923,38.5577049255,-57.3507804871,13.8958702087,-40.5061683655,-2.22269845009,-27.1605014801,-5.25181865692,-16.9574813843,-4.43598985672,-17.9509658813]},"hfc":{"dmean":10.6209888458,"dmean2":15.6339120865,"dvar":474.468444824,"dvar2":1111.46520996,"max":433.037658691,"mean":22.8354949951,"median":14.0021190643,"min":1.11115462852e-16,"var":839.974243164},"melbands":{"dmean":[0.000705398095306,0.00107981055044,0.000761056144256,0.00057859858498,0.000142222430441,0.0000844238384161,0.0000768868558225,0.0000558396641281,0.0000606966023042,0.0000530124598299,0.0000469057922601,0.0000288267801807,0.000031257095543,0.0000442894306616,0.0000394941453123,0.0000410101565649,0.0000445718687843,0.0000270742675639,0.0000219506473513,0.0000177616439032,0.0000146448073792,0.0000141061991599,0.0000148428962348,0.0000132189843498,0.0000111842737169,0.0000125971246234,0.00000857713257574,0.00000774875934439,0.0000069451220952,0.000006311602192,0.00000530222951056,0.00000608760819887,0.00000682530526319,0.00000532374542672,0.00000331582964463,0.0000026232773962,0.00000174368346961,0.00000127971020447,8.61561659349e-7,6.48031971195e-7],"dmean2":[0.00120648299344,0.00184722559061,0.00129034346901,0.000960037403274,0.000222606235184,0.000134137910209,0.000123303514556,0.0000899100123206,0.0000974804643192,0.0000843325105961,0.0000747116355342,0.0000464518780063,0.0000511028374603,0.0000712957044016,0.0000631189541309,0.0000665200277581,0.0000732746048016,0.0000444131474069,0.0000357513017661,0.0000295327390631,0.0000244383227255,0.000023820772185,0.0000251859019045,0.0000227158252528,0.0000189204929484,0.0000214477604459,0.000014458943042,0.0000131835467982,0.0000117343233796,0.0000105794842966,0.00000856430324347,0.00000979135438683,0.0000107525575004,0.00000850623018778,0.00000521016045241,0.00000415816248278,0.00000267514701591,0.00000185739440894,0.00000124819416669,9.41560301726e-7],"dvar":[0.00000526605390405,0.0000101803152575,0.00000220593756239,0.00000253444977716,5.28798018706e-8,2.80893726057e-8,2.73521116867e-8,1.80254620119e-8,2.3451230291e-8,2.10628847697e-8,1.49763437207e-8,6.33907992764e-9,5.1200510498e-9,1.27012800277e-8,1.17760281526e-8,1.71519261016e-8,1.13635829635e-8,3.24353766068e-9,1.88453941341e-9,1.53146795245e-9,9.31844379437e-10,8.18583090201e-10,7.19320547571e-10,6.51998344203e-10,4.99892682804e-10,7.17350179258e-10,3.31844995927e-10,3.40764583218e-10,3.0267993667e-10,2.9868521545e-10,1.89466289879e-10,3.14188425277e-10,3.78949593927e-10,2.067589433e-10,6.24188062348e-11,4.35687423639e-11,1.54432994171e-11,7.68136856205e-12,3.97008250927e-12,1.88905835419e-12],"dvar2":[0.0000136023663799,0.0000275169168162,0.00000592961714574,0.00000665134575684,1.25783913063e-7,7.15387571404e-8,6.99725433151e-8,4.70311185552e-8,5.73598235576e-8,4.94439724719e-8,3.50438078556e-8,1.57475721352e-8,1.25889991764e-8,3.15068184875e-8,2.79599117192e-8,4.20310470872e-8,2.89304011858e-8,8.09282862946e-9,4.65746641254e-9,4.10217460001e-9,2.44964604157e-9,2.10850847893e-9,1.93235227819e-9,1.77677894619e-9,1.33777078304e-9,1.83347448335e-9,8.84272599588e-10,9.10783060082e-10,8.03499933255e-10,7.94912080604e-10,4.72169858767e-10,7.76594566432e-10,9.04398334001e-10,5.15418430158e-10,1.48025328106e-10,1.06630516916e-10,3.56571161486e-11,1.55806686997e-11,8.13803104766e-12,3.80992546539e-12],"max":[0.0254031997174,0.0484866425395,0.0208751522005,0.0179201737046,0.0037912435364,0.00705406954512,0.00267098471522,0.00439101457596,0.0061343414709,0.00676376745105,0.00336900353432,0.00391536159441,0.00221493677236,0.00390701461583,0.00567067740485,0.00711380410939,0.00244873412885,0.001512367744,0.00116788921878,0.00101994303986,0.000949629116803,0.000806592695881,0.000543540169019,0.000628580804914,0.00046353507787,0.000567206181586,0.000250486220466,0.000334698008373,0.00038765714271,0.000478437257698,0.000220111527597,0.000319540733472,0.000275561149465,0.000258144224063,0.000233599479543,0.0002442979021,0.000148038670886,0.0000794696170487,0.0000552265300939,0.0000353674768121],"mean":[0.000722311320715,0.00117420160677,0.000911622773856,0.000620580278337,0.00021622532222,0.000127478779177,0.000107711792225,0.000078205986938,0.0000861937660375,0.0000777112800279,0.0000707618673914,0.000043393294618,0.000047727025958,0.000070435606176,0.0000656653937767,0.0000649655048619,0.0000700429663993,0.0000448823084298,0.0000361775273632,0.0000281406719296,0.0000237234653468,0.0000224898722081,0.0000236998112086,0.0000202811952477,0.0000175137265614,0.0000191352210095,0.0000133465582621,0.0000108767544589,0.00000949271543504,0.00000839920085127,0.00000728901295588,0.00000812394318928,0.00000932870534598,0.00000720655543773,0.00000490362208438,0.00000366478457181,0.00000266752863354,0.00000210083499042,0.00000130660839659,9.21642424601e-7],"median":[0.0000447312631877,0.000286286318442,0.000391540466808,0.000213259161683,0.000110865104944,0.000055862168665,0.0000431048538303,0.0000306689471472,0.0000295450154226,0.000024339020456,0.0000218988388951,0.000015897963749,0.0000157652921189,0.0000224189534492,0.0000204556272365,0.0000187545265362,0.0000208666497201,0.0000173966946022,0.0000153036344273,0.0000112910802272,0.00000998751147563,0.0000101747773442,0.0000110647579277,0.00000895549692359,0.00000742522388464,0.00000766152879805,0.00000618694866716,0.00000412762983615,0.00000291625337923,0.0000022165622795,0.00000202467049348,0.00000199996952688,0.00000223951201406,0.00000202791670745,0.00000147407604345,0.00000104278547042,0.00000105203480416,7.68641996274e-7,3.32390072799e-7,2.21562316938e-7],"min":[3.43491850137e-24,1.34131656601e-24,3.52602956934e-24,5.22716866841e-24,3.20131509366e-24,4.2188719029e-24,4.32948006258e-24,1.16935938399e-24,2.6759429999e-24,3.01089176254e-24,5.07299724296e-24,6.20601607303e-24,5.3950986169e-24,5.43603182041e-24,2.35779579126e-24,4.5643140933e-24,5.36789435415e-24,5.99832240732e-24,8.44654039376e-24,6.28926062005e-24,5.61086982385e-24,7.76502373622e-24,6.98106560152e-24,6.62289908472e-24,5.64492534355e-24,9.21579889435e-24,5.31137917561e-24,6.26032914635e-24,5.47089158381e-24,7.02342900985e-24,9.18141244749e-24,5.37683096491e-24,7.98809308983e-24,8.51582762479e-24,7.15301124645e-24,8.67828958391e-24,7.36724535792e-24,8.55580157344e-24,8.54478434203e-24,6.58362248911e-24],"var":[0.00000498903909829,0.00000870142412168,0.00000207925791074,0.00000208692063097,9.20334031207e-8,5.20417984262e-8,3.63711230023e-8,2.44820981266e-8,3.69056962768e-8,3.96360420041e-8,2.86084524959e-8,1.00307007145e-8,1.02951718262e-8,2.63205368611e-8,3.20778319463e-8,2.74747833373e-8,2.37652280077e-8,6.17437256878e-9,3.49494411189e-9,2.39850161954e-9,1.59669266697e-9,1.35594646622e-9,1.18609433386e-9,9.47798617368e-10,7.66606500502e-10,1.09439002305e-9,4.32065744294e-10,3.925342551e-10,3.43757772248e-10,3.30105720536e-10,2.2379627318e-10,3.60331375848e-10,4.85228246472e-10,2.518964759e-10,1.08173379976e-10,6.63434931991e-11,2.9255348144e-11,2.07332866153e-11,9.66224236038e-12,3.82403874191e-12]},"melbands_crest":{"dmean":3.6488263607,"dmean2":6.01258993149,"dvar":9.31547737122,"dvar2":24.0342311859,"max":30.5069694519,"mean":13.2125301361,"median":12.7685394287,"min":1.00147616863,"var":25.6505508423},"melbands_flatness_db":{"dmean":0.0314374901354,"dmean2":0.0487855263054,"dvar":0.0010335133411,"dvar2":0.00234281504527,"max":0.560333848,"mean":0.150707438588,"median":0.134642273188,"min":1.20801288972e-7,"var":0.0053288009949},"melbands_kurtosis":{"dmean":10.714427948,"dmean2":17.0040779114,"dvar":744.149414063,"dvar2":1752.34558105,"max":606.669006348,"mean":16.4839992523,"median":3.96757745743,"min":-1.92668437958,"var":1675.69177246},"melbands_skewness":{"dmean":0.961341202259,"dmean2":1.49717390537,"dvar":1.35751318932,"dvar2":3.15580105782,"max":20.9345226288,"mean":2.65653967857,"median":2.00954389572,"min":-1.70171773434,"var":5.26101732254},"melbands_spread":{"dmean":12.6382904053,"dmean2":20.4381904602,"dvar":222.823791504,"dvar2":545.865356445,"max":250.490722656,"mean":39.0746002197,"median":36.7990188599,"min":0.430195957422,"var":688.895446777},"mfcc":{"cov":[[10377.3398438,-278.173126221,-862.435974121,-175.395584106,-234.092605591,-80.5024337769,-152.367111206,-88.3370285034,-16.929189682,-33.5857620239,20.8148784637,-67.6075057983,-10.5312690735],[-278.173126221,855.294372559,-6.68609428406,97.4503860474,133.687820435,32.2386398315,114.337669373,80.8182601929,5.30823707581,71.5249786377,51.9894332886,39.0928955078,20.6034297943],[-862.435974121,-6.68609428406,777.871520996,145.929428101,87.974395752,56.3412208557,33.8155860901,40.3534622192,30.5866374969,9.29817390442,2.22837328911,15.5601615906,18.2427425385],[-175.395584106,97.4503860474,145.929428101,450.36050415,119.848403931,103.200462341,56.2032318115,62.2331733704,130.905792236,36.119972229,12.3527507782,49.7329864502,22.5189971924],[-234.092605591,133.687820435,87.974395752,119.848403931,292.540466309,73.9659729004,92.7808837891,69.7258834839,54.4547424316,57.6416740417,36.8507652283,21.6453495026,24.6387958527],[-80.5024337769,32.2386398315,56.3412208557,103.200462341,73.9659729004,178.988067627,88.8254776001,42.2247924805,59.885509491,26.8490276337,17.403427124,27.6227073669,5.79316282272],[-152.367111206,114.337669373,33.8155860901,56.2032318115,92.7808837891,88.8254776001,202.616546631,81.0797119141,56.6852455139,48.8947219849,48.6739044189,35.8218154907,25.3381481171],[-88.3370285034,80.8182601929,40.3534622192,62.2331733704,69.7258834839,42.2247924805,81.0797119141,136.064346313,42.0098648071,44.3034515381,29.6662483215,23.7513885498,13.0255289078],[-16.929189682,5.30823707581,30.5866374969,130.905792236,54.4547424316,59.885509491,56.6852455139,42.0098648071,161.324050903,41.6159133911,19.7180919647,34.3964996338,18.2029743195],[-33.5857620239,71.5249786377,9.29817390442,36.119972229,57.6416740417,26.8490276337,48.8947219849,44.3034515381,41.6159133911,118.006759644,47.5189323425,23.7701377869,13.8261966705],[20.8148784637,51.9894332886,2.22837328911,12.3527507782,36.8507652283,17.403427124,48.6739044189,29.6662483215,19.7180919647,47.5189323425,94.7196884155,36.7002754211,14.5562667847],[-67.6075057983,39.0928955078,15.5601615906,49.7329864502,21.6453495026,27.6227073669,35.8218154907,23.7513885498,34.3964996338,23.7701377869,36.7002754211,88.5625076294,32.2781333923],[-10.5312690735,20.6034297943,18.2427425385,22.5189971924,24.6387958527,5.79316282272,25.3381481171,13.0255289078,18.2029743195,13.8261966705,14.5562667847,32.2781333923,71.0063171387]],"icov":[[0.0001094944746,0.0000256590410572,0.000119100353913,-0.0000110575156214,0.0000502492584928,-0.0000348162502632,0.0000726756261429,-0.0000135891805257,-0.000034172568121,0.000013432074411,-0.000119001007988,0.000118363408546,-0.000079600205936],[0.0000256590410572,0.00141647364944,0.00014539679978,-0.000332394673023,-0.000370472873328,0.000303026696201,-0.00058428151533,-0.000268868665444,0.000663480546791,-0.000460871611722,-0.0000857743943925,-0.000268307747319,0.0000817091568024],[0.000119100353913,0.00014539679978,0.0015425515594,-0.000432530854596,-0.000219204681343,-0.000209903533687,0.0000912489122129,-0.000237873362494,0.000227563417866,0.000107410996861,-0.0000502842995047,0.000166216530488,-0.000323899876093],[-0.0000110575156214,-0.000332394673023,-0.000432530854596,0.0035433776211,-0.000707304745447,-0.0010566393612,0.000822930538561,-0.000472298939712,-0.00227685342543,0.000316220248351,0.000602368498221,-0.000941701349802,0.0000335124350386],[0.0000502492584928,-0.000370472873328,-0.000219204681343,-0.000707304745447,0.0048989104107,-0.000808289740235,-0.000771200808231,-0.000797463872004,-0.0000427334562119,-0.000965286395513,-0.00060446059797,0.00110798398964,-0.000997720635496],[-0.0000348162502632,0.000303026696201,-0.000209903533687,-0.0010566393612,-0.000808289740235,0.00843579880893,-0.00318842101842,0.000239837361732,-0.000903735286556,-0.0000782619172242,0.00078694568947,-0.00129629776347,0.00165680260397],[0.0000726756261429,-0.00058428151533,0.0000912489122129,0.000822930538561,-0.000771200808231,-0.00318842101842,0.00908394437283,-0.00308086909354,-0.00120155815966,0.0000888840731932,-0.00221535330638,0.0000966049701674,-0.00155181216542],[-0.0000135891805257,-0.000268868665444,-0.000237873362494,-0.000472298939712,-0.000797463872004,0.000239837361732,-0.00308086909354,0.0108027700335,-0.000571176991798,-0.00180316262413,-0.000165859382832,-0.000493220111821,0.000417498638853],[-0.000034172568121,0.000663480546791,0.000227563417866,-0.00227685342543,-0.0000427334562119,-0.000903735286556,-0.00120155815966,-0.000571176991798,0.00973096117377,-0.00211484334432,0.000574343954213,-0.00143011158798,-0.000462302909],[0.000013432074411,-0.000460871611722,0.000107410996861,0.000316220248351,-0.000965286395513,-0.0000782619172242,0.0000888840731932,-0.00180316262413,-0.00211484334432,0.0124169001356,-0.00473738461733,0.000324168038787,-0.000403605517931],[-0.000119001007988,-0.0000857743943925,-0.0000502842995047,0.000602368498221,-0.00060446059797,0.00078694568947,-0.00221535330638,-0.000165859382832,0.000574343954213,-0.00473738461733,0.0160792376846,-0.00542419217527,0.000740337069146],[0.000118363408546,-0.000268307747319,0.000166216530488,-0.000941701349802,0.00110798398964,-0.00129629776347,0.0000966049701674,-0.000493220111821,-0.00143011158798,0.000324168038787,-0.00542419217527,0.017235616222,-0.00629087444395],[-0.000079600205936,0.0000817091568024,-0.000323899876093,0.0000335124350386,-0.000997720635496,0.00165680260397,-0.00155181216542,0.000417498638853,-0.000462302909,-0.000403605517931,0.000740337069146,-0.00629087444395,0.01771357283]],"mean":[-654.042480469,85.4683151245,-2.3140733242,23.095582962,4.75256204605,10.8981313705,-3.01102280617,3.70821881294,-10.5959863663,0.403701424599,-3.36725354195,-4.43358564377,-6.20673084259]},"pitch_salience":{"dmean":0.0838250592351,"dmean2":0.139971107244,"dvar":0.00576516566798,"dvar2":0.0160722415894,"max":0.996056497097,"mean":0.563835084438,"median":0.575431704521,"min":0.115289248526,"var":0.013178137131},"silence_rate_20dB":{"dmean":0,"dmean2":0,"dvar":0,"dvar2":0,"max":1,"mean":1,"median":1,"min":1,"var":0},"silence_rate_30dB":{"dmean":0.00296710012481,"dmean2":0.00593471806496,"dvar":0.00295829190873,"dvar2":0.0081693418324,"max":1,"mean":0.998167514801,"median":1,"min":0,"var":0.00182943057735},"silence_rate_60dB":{"dmean":0.045030105859,"dmean2":0.0900680720806,"dvar":0.0429942570627,"dvar2":0.0959217697382,"max":1,"mean":0.139965102077,"median":0,"min":0,"var":0.120376028121},"spectral_centroid":{"dmean":357.686981201,"dmean2":574.224365234,"dvar":148426.8125,"dvar2":362527.9375,"max":11662.5439453,"mean":1891.59216309,"median":1927.80224609,"min":156.629776001,"var":592847.9375},"spectral_complexity":{"dmean":4.48067045212,"dmean2":6.77692461014,"dvar":34.3945960999,"dvar2":68.702003479,"max":63,"mean":19.8477306366,"median":18,"min":0,"var":191.805541992},"spectral_contrast_coeffs":{"dmean":[0.0586001053452,0.0447411723435,0.0384684689343,0.0315273180604,0.0222904589027,0.0236502438784],"dmean2":[0.095308214426,0.0741030424833,0.0621243864298,0.0511688329279,0.0363220945001,0.0373138971627],"dvar":[0.00242097512819,0.00126806739718,0.000971370609477,0.000681430625264,0.00036861319677,0.000595223798882],"dvar2":[0.00575729692355,0.00334207969718,0.00241095665842,0.00168786302675,0.000904792745132,0.00132652930915],"max":[-0.279847532511,-0.448612183332,-0.490244567394,-0.482906341553,-0.584107220173,-0.581071197987],"mean":[-0.611266076565,-0.769741475582,-0.784881949425,-0.781331717968,-0.790428519249,-0.754304528236],"median":[-0.616037249565,-0.774823665619,-0.794368624687,-0.788337051868,-0.793153882027,-0.751345515251],"min":[-0.999070763588,-0.998965203762,-0.998522698879,-0.998878180981,-0.996707201004,-0.968114435673],"var":[0.00972863752395,0.00400009704754,0.00456587597728,0.00367765850388,0.00201819417998,0.00253046350554]},"spectral_contrast_valleys":{"dmean":[0.502012193203,0.429910749197,0.393540978432,0.332186877728,0.31261613965,0.41462790966],"dmean2":[0.788013398647,0.660145998001,0.600623369217,0.510600686073,0.475499600172,0.536490499973],"dvar":[0.242897167802,0.172436103225,0.154831051826,0.148975178599,0.203683629632,0.232420176268],"dvar2":[0.471723109484,0.340804874897,0.299280285835,0.292272716761,0.424271017313,0.409714341164],"max":[-5.09141492844,-5.00237607956,-5.43524265289,-5.66521167755,-5.15514850616,-7.13664054871],"mean":[-7.94869852066,-7.21858692169,-7.68803262711,-7.77593994141,-7.49945878983,-9.91310310364],"median":[-7.78162384033,-7.01123142242,-7.47086715698,-7.50771141052,-7.27161979675,-9.75929069519],"min":[-27.6637210846,-28.0108146667,-27.4599494934,-27.4282646179,-27.411441803,-27.2995510101],"var":[1.76102340221,1.45191943645,1.49488520622,1.59698283672,1.60017645359,1.51524114609]},"spectral_decrease":{"dmean":2.34672636878e-9,"dmean2":3.75337316783e-9,"dvar":2.08283714281e-17,"dvar2":5.12134317883e-17,"max":1.9460698753e-28,"mean":-4.29163282689e-9,"median":-2.89244761476e-9,"min":-6.03534004995e-8,"var":2.53124860959e-17},"spectral_energy":{"dmean":0.00962845608592,"dmean2":0.0152435991913,"dvar":0.000340502272593,"dvar2":0.000825890223496,"max":0.243861049414,"mean":0.0182689242065,"median":0.0124194175005,"min":1.04083377152e-20,"var":0.000434535875684},"spectral_energyband_high":{"dmean":0.00103246839717,"dmean2":0.00152277736925,"dvar":0.00000624578615316,"dvar2":0.0000148310136865,"max":0.0467747077346,"mean":0.00164114579093,"median":0.000611753261182,"min":7.36916305354e-21,"var":0.00000911283586902},"spectral_energyband_low":{"dmean":0.00497332960367,"dmean2":0.00815027393401,"dvar":0.000187693425687,"dvar2":0.00047420305782,"max":0.195432677865,"mean":0.00610143784434,"median":0.00178779591806,"min":3.69081795816e-23,"var":0.0001906540856},"spectral_energyband_middle_high":{"dmean":0.0017835785402,"dmean2":0.00283534289338,"dvar":0.00000780160735303,"dvar2":0.0000192088227777,"max":0.0588572323322,"mean":0.00495784450322,"median":0.00311453687027,"min":1.31938478292e-21,"var":0.0000305490357277},"spectral_energyband_middle_low":{"dmean":0.0042198873125,"dmean2":0.00677589001134,"dvar":0.0000735047433409,"dvar2":0.000185012147995,"max":0.101714983582,"mean":0.00659656897187,"median":0.00401478307322,"min":1.76828271102e-22,"var":0.0000797541579232},"spectral_entropy":{"dmean":0.162112861872,"dmean2":0.237957373261,"dvar":0.035384953022,"dvar2":0.0666455626488,"max":9.82406330109,"mean":7.86775827408,"median":7.91409015656,"min":5.11675405502,"var":0.131395533681},"spectral_flux":{"dmean":0.0257812980562,"dmean2":0.0407992117107,"dvar":0.00159277871717,"dvar2":0.00356641970575,"max":0.445480018854,"mean":0.0771059170365,"median":0.0657534152269,"min":6.61017490744e-11,"var":0.00291141378693},"spectral_kurtosis":{"dmean":0.889136910439,"dmean2":1.46007764339,"dvar":0.918652653694,"dvar2":2.32989549637,"max":17.3142204285,"mean":2.8774471283,"median":2.70393800735,"min":-1.2332047224,"var":2.47021198273},"spectral_rms":{"dmean":0.000926142092794,"dmean2":0.00140640488826,"dvar":0.00000179691141966,"dvar2":0.00000394067137677,"max":0.0154244359583,"mean":0.00368761247955,"median":0.00348087679595,"min":3.18660874597e-12,"var":0.00000422494940722},"spectral_rolloff":{"dmean":922.296081543,"dmean2":1545.97412109,"dvar":1927412.5,"dvar2":4477612,"max":19229.1503906,"mean":2661.25878906,"median":2368.65234375,"min":86.1328125,"var":4411718.5},"spectral_skewness":{"dmean":0.181881129742,"dmean2":0.285604804754,"dvar":0.0368633568287,"dvar2":0.0825013741851,"max":3.69094562531,"mean":1.22686994076,"median":1.20693945885,"min":-0.173906952143,"var":0.137781724334},"spectral_spread":{"dmean":718356.5,"dmean2":1022466.6875,"dvar":795195277312,"dvar2":1584050470910,"max":41898752,"mean":5204313,"median":4891074,"min":1792971.625,"var":3283722960900},"spectral_strongpeak":{"dmean":0.532933473587,"dmean2":0.915586411953,"dvar":0.943987965584,"dvar2":2.39237213135,"max":13.3232002258,"mean":0.731567263603,"median":0.310513556004,"min":0,"var":1.3426759243},"zerocrossingrate":{"dmean":0.0154113052413,"dmean2":0.0177828893065,"dvar":0.000322011794196,"dvar2":0.000406620441936,"max":0.52392578125,"mean":0.0936461240053,"median":0.08837890625,"min":0.00439453125,"var":0.00222149072215}},"metadata":{"audio_properties":{"analysis_sample_rate":44100,"bit_rate":0,"codec":"flac","downmix":"mix","equal_loudness":0,"length":266.066680908,"lossless":true,"md5_encoded":"1dd71cae16de17eb17862200bc4b01b0","replay_gain":-8.28770828247,"sample_rate":44100},"tags":{"album":["E-S-P"],"albumartist":["Bee Gees"],"albumartistsort":["Bee Gees"],"artist":["Bee Gees"],"artistsort":["Bee Gees"],"asin":["B000006SUJ"],"barcode":["075992554121"],"catalognumber":["925 541-2"],"date":["1987-09-18"],"discnumber":["1"],"disctotal":["1"],"file_name":"04. Giving Up the Ghost.flac","genre":["Pop"],"label":["Warner Bros. Records"],"language":["eng"],"media":["CD"],"musicbrainz_albumartistid":["bf0f7e29-dfe1-416c-b5c6-f9ebc19ea810"],"musicbrainz_albumid":["09046820-4f44-3c27-a333-e3bedd64e9bc"],"musicbrainz_artistid":["bf0f7e29-dfe1-416c-b5c6-f9ebc19ea810"],"musicbrainz_recordingid":["4d0d30b2-c118-4a87-8a17-b3c917696233"],"originaldate":["1987-09-18"],"releasecountry":["DE"],"releasestatus":["official"],"releasetype":["album"],"script":["Latn"],"title":["Giving Up the Ghost"],"totaldiscs":["1"],"totaltracks":["11"],"tracknumber":["4"],"tracktotal":["11"]},"version":{"essentia":"2.1-beta2","essentia_build_sha":"2d9f1f26377add8aeb1075a9c2973f962c4f09fd","essentia_git_sha":"v2.1_beta2-1-ge3940c0","extractor":"music 1.0"}},"rhythm":{"beats_count":500,"beats_loudness":{"dmean":0.0213089305907,"dmean2":0.0388720221817,"dvar":0.000240987035795,"dvar2":0.000753831351176,"max":0.116188906133,"mean":0.0566621012986,"median":0.0589041858912,"min":8.30409874197e-7,"var":0.00053298252169},"beats_loudness_band_ratio":{"dmean":[0.325697511435,0.352681934834,0.040920060128,0.0545163862407,0.0524469166994,0.130977451801],"dmean2":[0.644908368587,0.703587472439,0.0728481337428,0.0982863605022,0.0963388606906,0.258024781942],"dvar":[0.0262948684394,0.0