{"lowlevel":{"average_loudness":0.944989860058,"barkbands":{"dmean":[0.0000316939513141,0.0067653497681,0.00523522030562,0.00467720394954,0.0016306610778,0.00154287181795,0.00166432675906,0.00140623038169,0.00131393829361,0.000660894496832,0.000378381897463,0.000331395247485,0.000197815330466,0.00021101879247,0.000189600003068,0.000200949187274,0.000179425129318,0.000109514243377,0.0000752281048335,0.0000500289424963,0.0000428230814578,0.0000278291536233,0.0000260662309302,0.0000258156123891,0.0000184614782484,0.0000117662193588,0.00000435412903244],"dmean2":[0.0000501175018144,0.0109075112268,0.00875899102539,0.00739875296131,0.00275177764706,0.00249173725024,0.00270371418446,0.00225216825493,0.00202882662416,0.00107487884816,0.000609732291196,0.000552929879632,0.000327181041939,0.000348462868715,0.000312033924274,0.000328512513079,0.000293278339086,0.000175253982889,0.000119808151794,0.0000775095249992,0.0000654068790027,0.0000411790970247,0.0000368470864487,0.0000357627686753,0.0000265607868641,0.0000175076802407,0.00000711754501026],"dvar":[7.80613795826e-9,0.000094613613328,0.0000482694958919,0.0000444089237135,0.00000438454344476,0.00000595369328948,0.00000961941987043,0.00000812676353235,0.00000895468110684,0.00000154021347498,4.71520536394e-7,2.6632366712e-7,1.31831995986e-7,9.54156433863e-8,1.00318466423e-7,6.33828065588e-8,5.03550552367e-8,3.28083302747e-8,1.27763213342e-8,7.18340542605e-9,7.03234404043e-9,4.57176385638e-9,7.29309634906e-9,9.44517974943e-9,3.43557648996e-9,1.88898852116e-9,6.70743571796e-10],"dvar2":[1.8686002079e-8,0.000260854343651,0.000143934623338,0.000104653227027,0.0000118500656754,0.0000143871702676,0.0000249513086601,0.0000208015771932,0.0000213248513319,0.00000391729781768,0.00000115697832825,7.00511463947e-7,3.42865007497e-7,2.49728060453e-7,2.57158262684e-7,1.60174721486e-7,1.26267536871e-7,8.07319437968e-8,3.25375175692e-8,1.65191700319e-8,1.70869594029e-8,9.31920940417e-9,1.25139170137e-8,1.48655576737e-8,6.31274854612e-9,4.25002788518e-9,1.81464521187e-9],"max":[0.00159064261243,0.108911722898,0.0802578628063,0.0795252919197,0.042994659394,0.0509564466774,0.0780960991979,0.0473460629582,0.0822067037225,0.0279037319124,0.0251851044595,0.0161865912378,0.00882503204048,0.00793540198356,0.00927234254777,0.00388577533886,0.0029605217278,0.00619081826881,0.00286834826693,0.00292325182818,0.00222471915185,0.00269143190235,0.00342144304886,0.00452284188941,0.002079004189,0.00176969799213,0.00109939358663],"mean":[0.0000354947369487,0.011833621189,0.00884918496013,0.00798294693232,0.00270255771466,0.00280714291148,0.00284506217577,0.00278936140239,0.00286029232666,0.00131811911706,0.000679675897118,0.000660025747493,0.000364891515346,0.00041911599692,0.000370642723283,0.000390337052522,0.000358669494744,0.000226025906159,0.000155687041115,0.0000981802222668,0.0000812386351754,0.000048690548283,0.0000519524292031,0.0000526417570654,0.0000307487389364,0.0000157549638971,0.00000445252817372],"median":[0.00000997467759589,0.00863961130381,0.00674172164872,0.00354621978477,0.00200190674514,0.00145022664219,0.00107157812454,0.000654632865917,0.000746767618693,0.00054594152607,0.00031680020038,0.000391705078073,0.000180295901373,0.000255230406765,0.000217708846321,0.000303416396491,0.000273612240562,0.000147144775838,0.0000957116717473,0.0000522296977579,0.0000252087484114,0.00000778652884037,0.0000108312524389,0.0000115199181892,0.00000507676168127,0.00000156620842517,3.35121740136e-7],"min":[2.75642520255e-25,6.25782056867e-24,1.26965013049e-24,5.72774992075e-25,9.51317184548e-24,1.41311967168e-23,1.23412871001e-23,8.33028596216e-24,1.32309912503e-23,2.2688990164e-23,2.06858845768e-23,2.96203196632e-23,3.14451505745e-23,3.4848384872e-23,5.64538524946e-23,7.0225394903e-23,7.08524951464e-23,1.2874222595e-22,1.52517610109e-22,1.92230016659e-22,2.11197716431e-22,3.56643434649e-22,3.52908222439e-22,5.60079731649e-22,1.05145914478e-21,1.33111101726e-21,2.0232528802e-21],"var":[8.73588401618e-9,0.000141450916999,0.0000659766446915,0.00010512436711,0.00000633241688774,0.0000158166512847,0.0000244769125857,0.000026699506634,0.0000399542004743,0.00000517013722856,0.00000139752967243,9.05519698335e-7,3.22402883057e-7,2.64576101472e-7,2.71310284461e-7,1.24178200167e-7,1.0279218543e-7,7.70480497181e-8,3.2511710657e-8,1.91055011811e-8,2.1961261254e-8,1.31468800291e-8,2.06519530366e-8,3.30669287507e-8,9.74999991854e-9,3.35508065774e-9,5.97925764456e-10]},"barkbands_crest":{"dmean":2.56833148003,"dmean2":4.21472644806,"dvar":5.37498521805,"dvar2":14.3967599869,"max":26.5023193359,"mean":10.7696046829,"median":10.2978305817,"min":2.64968800545,"var":12.5051355362},"barkbands_flatness_db":{"dmean":0.0266022030264,"dmean2":0.0402323417366,"dvar":0.000648749177344,"dvar2":0.00149116793182,"max":0.378115296364,"mean":0.178071513772,"median":0.176801264286,"min":0.0233867522329,"var":0.00296628335491},"barkbands_kurtosis":{"dmean":3.71258401871,"dmean2":5.96812677383,"dvar":66.0991134644,"dvar2":171.560882568,"max":228.659286499,"mean":6.21973848343,"median":3.60632705688,"min":-1.84770727158,"var":106.601341248},"barkbands_skewness":{"dmean":0.579388797283,"dmean2":0.911826908588,"dvar":0.418617486954,"dvar2":1.04063236713,"max":12.9484567642,"mean":2.00881528854,"median":1.83217763901,"min":-11.0265111923,"var":1.46221339703},"barkbands_spread":{"dmean":3.9581155777,"dmean2":6.12656259537,"dvar":34.4214782715,"dvar2":75.7752532959,"max":100.630760193,"mean":14.6640777588,"median":12.5126590729,"min":1.15191972256,"var":106.604804993},"dissonance":{"dmean":0.0198910329491,"dmean2":0.0338505059481,"dvar":0.000345452834154,"dvar2":0.000954822113272,"max":0.500000059605,"mean":0.462296783924,"median":0.468171477318,"min":0.219993337989,"var":0.000674378068652},"dynamic_complexity":2.3770263195,"erbbands":{"dmean":[0.0863344818354,1.84955406189,5.35734272003,13.1538991928,6.51607751846,6.69008827209,9.02485275269,13.5986614227,23.306219101,18.420217514,36.1785545349,32.8350486755,16.7773857117,22.141582489,15.1505212784,13.2529287338,8.70452594757,9.9864654541,11.5604362488,6.26111125946,12.2044401169,8.09138011932,6.35177898407,3.73232483864,3.46897411346,2.40936422348,1.55648338795,1.77274239063,1.0586322546,0.811643540859,0.781749069691,0.550846755505,0.434957623482,0.242916613817,0.114252053201,0.0543055795133,0.0206947214901,0.00558517547324,0.000751742220018,0.0000469301339763],"dmean2":[0.140018433332,2.98609924316,8.85653495789,20.9589271545,10.6881694794,11.342590332,14.6412992477,21.9567661285,37.6614685059,30.3743801117,57.7435569763,50.5235023499,26.9329681396,36.2532920837,24.7037696838,22.1029930115,14.3732433319,16.5448894501,18.9966392517,10.1705684662,19.9131126404,12.9560480118,10.0682439804,5.94922113419,5.49626970291,3.7625246048,2.39889955521,2.71925568581,1.58096778393,1.1764857769,1.10990095139,0.757408261299,0.614257514477,0.34726858139,0.167684793472,0.0812929943204,0.0305195618421,0.00875554420054,0.00124523229897,0.0000747990270611],"dvar":[0.0318741798401,6.66101121902,45.8038635254,340.018249512,87.9132995605,79.5473709106,209.126281738,591.314208984,1692.47827148,1678.39880371,6246.08203125,6983.92138672,793.01739502,2356.59228516,815.992004395,422.578033447,250.12612915,256.693603516,336.066497803,68.2863311768,238.266647339,104.855781555,108.574943542,30.871471405,38.97838974,15.6392374039,7.88964223862,13.7423219681,6.15498733521,6.35942363739,6.61336517334,4.32972764969,2.76195406914,0.699698805809,0.131761342287,0.0276052486151,0.00700062187389,0.00105548789725,0.0000241910511249,4.08068423496e-8],"dvar2":[0.0825544595718,18.5108242035,126.496864319,900.520935059,208.356384277,219.637680054,502.819366455,1426.99572754,4137.51660156,4540.61669922,16206.5576172,16302.5595703,1941.7565918,6148.36621094,2079.71191406,1124.00976562,652.272216797,699.074768066,855.47253418,162.376754761,599.323364258,255.125701904,261.73526001,76.8277893066,101.518768311,35.9426078796,18.8857536316,33.008518219,12.8676023483,12.5066699982,11.3684949875,6.70047330856,4.82035255432,1.25205945969,0.269564419985,0.0583804287016,0.0152383996174,0.00278385495767,0.0000666229607305,1.09306220963e-7],"max":[2.13019442558,27.973897934,80.4484558105,186.648391724,132.449249268,198.488327026,348.335235596,503.554779053,1119.55041504,1783.06054688,1386.67993164,2598.75854492,826.291931152,1128.0501709,833.885986328,596.128845215,404.127441406,455.683380127,457.88885498,209.95526123,215.928756714,178.958755493,296.652862549,196.833251953,199.535736084,119.783370972,83.7754058838,98.9885864258,80.9298629761,114.662605286,110.239723206,96.8417053223,62.0995330811,33.8808059692,10.7683820724,5.1134185791,3.1939740181,1.4394557476,0.201644152403,0.00821640621871],"mean":[0.149978280067,3.28122901917,9.88567066193,23.6565494537,10.9016246796,10.4305143356,15.5764760971,24.5852890015,40.6372718811,35.5477714539,75.0457687378,75.7545013428,35.6136550903,45.7944564819,31.4379005432,26.4758052826,18.5948162079,21.839138031,23.60105896,14.3160524368,24.7190322876,17.9832401276,13.7785186768,8.20329475403,7.23632001877,4.87582015991,2.98271250725,3.2060675621,1.86149907112,1.51993632317,1.53826534748,1.1294478178,0.845037579536,0.423505008221,0.175711303949,0.0759460255504,0.0272537153214,0.00632614362985,0.000768884259742,0.0000900843224372],"median":[0.0859086588025,2.43122887611,7.37245368958,12.0285205841,7.36696434021,7.42719364166,8.70939922333,10.7659759521,17.4845085144,15.9701099396,16.4318656921,19.2078094482,19.5403251648,16.8713493347,16.3630599976,16.1602802277,10.7561092377,12.6569404602,15.4124698639,10.8776016235,19.7566490173,14.3733196259,9.47651863098,5.55331897736,4.10225963593,2.63643813133,1.17147672176,0.897674560547,0.301886886358,0.32028144598,0.289545953274,0.265001416206,0.153645545244,0.069734454155,0.0284184552729,0.00934668909758,0.00226862332784,0.000463794829557,0.0000757641610107,0.0000627171102678],"min":[1.03201825469e-22,1.31974919879e-21,1.91715081077e-21,4.21190795558e-21,1.39379416227e-20,3.34763742062e-20,3.79390976215e-20,1.26145366532e-19,1.54064224395e-19,3.06527052973e-19,2.73300448538e-19,2.80952075999e-19,4.26755764605e-19,1.16626179797e-18,1.10395286737e-18,1.33785359181e-18,1.2604453063e-18,2.14853815499e-18,1.88139934899e-18,3.76384259991e-18,4.57163037659e-18,4.73318702203e-18,6.44796014241e-18,7.30473024624e-18,7.52835687048e-18,9.52637193544e-18,9.02616092977e-18,1.12669080096e-17,1.20334008621e-17,1.29739581582e-17,1.12569272483e-17,1.025024927e-17,1.06045191458e-17,8.19647726869e-18,7.20740748409e-18,4.11464079871e-18,2.50553876082e-18,9.70024467981e-19,2.4298464098e-19,2.92330345991e-20],"var":[0.0391498655081,10.1610822678,74.8422088623,744.822998047,135.977844238,107.946922302,404.608886719,1800.34130859,4603.88427734,4063.44067383,20438.0351562,31977.6875,2628.38183594,7770.59277344,2866.26245117,1158.95483398,655.323913574,808.950622559,858.613525391,200.028060913,447.366851807,232.055145264,272.698699951,72.3029251099,96.5956954956,44.6420326233,22.0031661987,38.5108985901,17.714641571,15.889251709,18.8347854614,14.930056572,8.62640857697,2.05981659889,0.298815578222,0.0555352531374,0.0132040968165,0.00111536146142,0.000019389526642,3.68930344052e-8]},"erbbands_crest":{"dmean":2.65925240517,"dmean2":4.26853132248,"dvar":5.81396961212,"dvar2":14.5833415985,"max":31.5586128235,"mean":9.70825767517,"median":8.41599082947,"min":2.37248587608,"var":24.1202583313},"erbbands_flatness_db":{"dmean":0.0188489314169,"dmean2":0.0268276762217,"dvar":0.000321770698065,"dvar2":0.000607732334174,"max":0.370826154947,"mean":0.173643216491,"median":0.178585276008,"min":0.0389717034996,"var":0.00230371206999},"erbbands_kurtosis":{"dmean":0.725410819054,"dmean2":1.16102480888,"dvar":1.01029503345,"dvar2":2.53198599815,"max":27.6056632996,"mean":0.174687191844,"median":-0.276930451393,"min":-1.77430343628,"var":2.5118162632},"erbbands_skewness":{"dmean":0.323210597038,"dmean2":0.511749088764,"dvar":0.0842160359025,"dvar2":0.205309554935,"max":5.12009382248,"mean":0.399200558662,"median":0.387922376394,"min":-2.52710986137,"var":0.326395779848},"erbbands_spread":{"dmean":6.96988248825,"dmean2":10.5369033813,"dvar":57.3315124512,"dvar2":123.919197083,"max":150.225769043,"mean":37.026058197,"median":33.3425216675,"min":3.04318857193,"var":393.004730225},"gfcc":{"cov":[[6926.56103516,-485.363983154,-395.770935059,-84.0559158325,-693.563415527,498.740142822,-258.50567627,236.54649353,-22.6271839142,58.7644348145,-59.8850517273,72.9730377197,-86.8743209839],[-485.363983154,2163.75878906,-753.768310547,-274.529144287,607.739318848,-365.108978271,286.064605713,-191.871170044,211.185958862,-172.779388428,166.53817749,-167.170196533,96.2638320923],[-395.770935059,-753.768310547,634.97277832,124.664772034,-125.475341797,121.957862854,-101.797599792,78.1849441528,-78.9602966309,82.6929321289,-49.2364578247,68.7172164917,-37.9226226807],[-84.0559158325,-274.529144287,124.664772034,252.850494385,-29.0486278534,8.19249820709,-4.183385849,-3.05437850952,-33.4385223389,33.1469039917,-26.8368473053,31.3394508362,19.9932670593],[-693.563415527,607.739318848,-125.475341797,-29.0486278534,365.273498535,-149.251251221,139.952911377,-70.6797866821,48.4706420898,-31.6972846985,29.5637931824,-34.7817649841,38.1646308899],[498.740142822,-365.108978271,121.957862854,8.19249820709,-149.251251221,233.568130493,-46.2240028381,107.304176331,2.68597412109,21.0174465179,9.34207057953,19.3971233368,-21.8052043915],[-258.50567627,286.064605713,-101.797599792,-4.183385849,139.952911377,-46.2240028381,147.383407593,-12.7688436508,51.9584770203,-8.21909427643,20.3032245636,-8.94534683228,21.1591053009],[236.54649353,-191.871170044,78.1849441528,-3.05437850952,-70.6797866821,107.304176331,-12.7688436508,135.974502563,23.6909198761,33.5546875,13.6684856415,13.0333662033,-4.27884435654],[-22.6271839142,211.185958862,-78.9602966309,-33.4385223389,48.4706420898,2.68597412109,51.9584770203,23.6909198761,102.959075928,5.21956825256,48.6295280457,-8.70155715942,11.0510635376],[58.7644348145,-172.779388428,82.6929321289,33.1469039917,-31.6972846985,21.0174465179,-8.21909427643,33.5546875,5.21956825256,102.495697021,11.2182722092,52.354434967,2.69239258766],[-59.8850517273,166.53817749,-49.2364578247,-26.8368473053,29.5637931824,9.34207057953,20.3032245636,13.6684856415,48.6295280457,11.2182722092,91.9268951416,4.15986728668,17.1868228912],[72.9730377197,-167.170196533,68.7172164917,31.3394508362,-34.7817649841,19.3971233368,-8.94534683228,13.0333662033,-8.70155715942,52.354434967,4.15986728668,97.3238143921,18.8982467651],[-86.8743209839,96.2638320923,-37.9226226807,19.9932670593,38.1646308899,-21.8052043915,21.1591053009,-4.27884435654,11.0510635376,2.69239258766,17.1868228912,18.8982467651,68.1480026245]],"icov":[[0.000279770378256,-0.000309834140353,0.000348674773704,-0.000162334908964,0.000500727037434,-0.000673998554703,0.000357181794243,-0.00025930441916,0.000218639106606,-0.000375707750209,0.00063399906503,-0.000428653351264,0.000351070688339],[-0.000309834140353,0.00301185552962,0.000852100492921,0.00139609887265,-0.0028067168314,0.00208767619915,-0.000744109682273,0.0011237708386,-0.00208765291609,0.00187259702943,-0.00302798394114,0.00195423467085,-0.00155714910943],[0.000348674773704,0.000852100492921,0.00365580944344,-0.00061877828557,-0.0011885385029,-0.00104095065035,0.00164225907065,-0.000955299299676,0.00059065775713,-0.000882580410689,0.000316106685204,-0.0008599255234,0.00131722807419],[-0.000162334908964,0.00139609887265,-0.00061877828557,0.00570125039667,-0.000662921054754,0.000888168404344,-0.00163092720322,0.00147595303133,-0.000104285449197,-0.000366089720046,-0.000405775703257,0.00117260252591,-0.00313297123648],[0.000500727037434,-0.0028067168314,-0.0011885385029,-0.000662921054754,0.00891626719385,0.000268049945589,-0.00385190569796,-0.000189167825738,0.00167324231006,-0.00144124648068,0.00190541800112,-0.000466240686364,-0.00015302367683],[-0.000673998554703,0.00208767619915,-0.00104095065035,0.000888168404344,0.000268049945589,0.011107141152,-0.00165369000752,-0.00431867130101,-0.00155557040125,0.00361197884195,-0.00437814788893,0.000964553386439,-0.0000556845297979],[0.000357181794243,-0.000744109682273,0.00164225907065,-0.00163092720322,-0.00385190569796,-0.00165369000752,0.0137195857242,-0.00126314873341,-0.0039154868573,-0.000657418160699,0.00265314010903,-0.00205237045884,0.000748710299376],[-0.00025930441916,0.0011237708386,-0.000955299299676,0.00147595303133,-0.000189167825738,-0.00431867130101,-0.00126314873341,0.0142514053732,-0.00403352826834,-0.00261394982226,-0.000797773071099,0.00268826331012,-0.00265840557404],[0.000218639106606,-0.00208765291609,0.00059065775713,-0.000104285449197,0.00167324231006,-0.00155557040125,-0.0039154868573,-0.00403352826834,0.0187704209238,-0.00276961433701,-0.00454423390329,0.0000632284791209,0.00130869355053],[-0.000375707750209,0.00187259702943,-0.000882580410689,-0.000366089720046,-0.00144124648068,0.00361197884195,-0.000657418160699,-0.00261394982226,-0.00276961433701,0.0173767283559,-0.00415377505124,-0.00632973434404,0.00106049200986],[0.00063399906503,-0.00302798394114,0.000316106685204,-0.000405775703257,0.00190541800112,-0.00437814788893,0.00265314010903,-0.000797773071099,-0.00454423390329,-0.00415377505124,0.0194536205381,-0.00262766657397,-0.00123788055498],[-0.000428653351264,0.00195423467085,-0.0008599255234,0.00117260252591,-0.000466240686364,0.000964553386439,-0.00205237045884,0.00268826331012,0.0000632284791209,-0.00632973434404,-0.00262766657397,0.0181341134012,-0.00688001140952],[0.000351070688339,-0.00155714910943,0.00131722807419,-0.00313297123648,-0.00015302367683,-0.0000556845297979,0.000748710299376,-0.00265840557404,0.00130869355053,0.00106049200986,-0.00123788055498,-0.00688001140952,0.0206077042967]],"mean":[-3.22834014893,135.301239014,-113.208351135,27.234457016,-38.705696106,4.97076177597,-29.0858325958,9.945936203,-16.7736339569,-5.46328210831,-13.7591743469,-7.81653118134,-10.4328775406]},"hfc":{"dmean":4.4102807045,"dmean2":6.67068862915,"dvar":22.8332271576,"dvar2":51.7079124451,"max":104.669540405,"mean":19.4443378448,"median":17.9153633118,"min":1.09063697591e-16,"var":142.904785156},"melbands":{"dmean":[0.00135380262509,0.0027052378282,0.00195339741185,0.000409642001614,0.000294444093015,0.000302008993458,0.000364008563338,0.000196576947928,0.000311129871989,0.0001965007541,0.0000820851419121,0.0000926908614929,0.000052173541917,0.000037533332943,0.0000255705945165,0.0000216729695239,0.0000188021967915,0.0000194720323634,0.0000119147089208,0.0000105033504951,0.0000168399692484,0.00000917585020943,0.00000959766293818,0.00000430250793215,0.00000319972946272,0.00000304076024804,0.00000218266040974,0.00000152244183482,9.56521375883e-7,0.00000120953586702,9.89641762317e-7,6.38980111489e-7,5.34127195806e-7,4.58358101696e-7,4.78000345083e-7,3.96638000666e-7,3.51927241127e-7,3.34266502477e-7,2.7502062494e-7,1.91583779952e-7],"dmean2":[0.00218859221786,0.00442639971152,0.00312081142329,0.000683570920955,0.00048309500562,0.00048752350267,0.000589697621763,0.000322023261106,0.00049565260997,0.000302416243358,0.000131721535581,0.000151826010551,0.0000842969311634,0.0000624295062153,0.0000427337035944,0.0000357443714165,0.0000311708899972,0.0000320338622259,0.0000195243828784,0.0000172289619513,0.0000276416521956,0.0000149488887473,0.0000156208643602,0.0000069188249654,0.00000516912723469,0.00000489982085128,0.0000034449371924,0.0000024132332328,0.00000149404888816,0.0000019049415414,0.0000015295954654,9.77793206403e-7,8.07887829524e-7,6.74950626944e-7,6.98987605574e-7,5.6289445638e-7,5.04212948726e-7,4.85166310682e-7,3.94736872522e-7,2.81449018757e-7],"dvar":[0.00000456415591543,0.0000108132690002,0.00000716083650332,2.71879855518e-7,1.86928772905e-7,2.69717190804e-7,4.10372393844e-7,1.6542441017e-7,4.65656228243e-7,2.52380004895e-7,1.98334095813e-8,4.22431192248e-8,9.56619761183e-9,3.67621777464e-9,1.4579895069e-9,1.65828628607e-9,8.70952754362e-10,8.86477891093e-10,3.67232383391e-10,1.96518398776e-10,4.64344174222e-10,1.33470026698e-10,1.91610047273e-10,6.32910043818e-11,2.24337718541e-11,2.25157236605e-11,1.82827034761e-11,5.91729790167e-12,2.81722973942e-12,7.66631723381e-12,4.72838304968e-12,2.32700707661e-12,1.9844640254e-12,2.47837687872e-12,2.57316498838e-12,2.25965838922e-12,1.86096233909e-12,1.79593373593e-12,9.8137275216e-13,4.35571663373e-13],"dvar2":[0.0000124336793306,0.0000296412436001,0.0000186258876056,7.1685462899e-7,4.61781326067e-7,6.52936023471e-7,0.00000102531498669,4.41607994617e-7,0.000001212286179,5.90027298131e-7,4.83104152238e-8,1.10001629139e-7,2.37535910941e-8,9.56547374642e-9,3.90582854948e-9,4.36203428933e-9,2.35125119374e-9,2.19969864546e-9,9.04154029424e-10,4.87641760305e-10,1.17280563039e-9,3.34409278047e-10,4.84218887209e-10,1.56584425981e-10,5.73208008836e-11,5.80675715844e-11,4.45652056924e-11,1.388939571e-11,6.6987613373e-12,2.00885905133e-11,1.117237379e-11,5.09868753121e-12,4.17473564399e-12,5.07920788761e-12,4.76898555368e-12,3.82760316497e-12,3.25122741229e-12,3.35432983473e-12,1.77352663805e-12,8.34685998704e-13],"max":[0.0256233904511,0.0361946076155,0.0282308254391,0.0102874841541,0.00971549749374,0.00967187900096,0.017621634528,0.0161973778158,0.0125862490386,0.0149041069672,0.00418007932603,0.00479752290994,0.00386952632107,0.00215708720498,0.000712426437531,0.00115014810581,0.000778816000093,0.00068030168768,0.000733158667572,0.000292820273899,0.000312000367558,0.000188453443116,0.000314587901812,0.000286043999949,0.000150765888975,0.00012907308701,0.000162293668836,0.0000579073530389,0.0000529355274921,0.0000843555753818,0.0000608664340689,0.0000520861940458,0.0000576084203203,0.0000730778920115,0.0000671942107147,0.0000695486596669,0.0000724886995158,0.0000592077594774,0.000031579460483,0.0000284259931504],"mean":[0.00238518626429,0.00518206460401,0.00354724586941,0.000676820869558,0.000516878208145,0.000545197166502,0.000633818679489,0.000377848977223,0.00064461492002,0.000442228745669,0.000161899457453,0.000185930795851,0.000101160119812,0.0000784930889495,0.0000482445684611,0.0000426096848969,0.0000384496379411,0.0000374031187675,0.0000240507324634,0.0000200480844796,0.0000318889906339,0.0000183062693395,0.0000179615344678,0.00000868097140483,0.00000634213029116,0.00000591353818891,0.000004363473181,0.00000287401826427,0.00000167480641267,0.00000217730803342,0.00000163989659541,0.00000102539343061,9.23366883399e-7,8.18178932604e-7,9.02654392121e-7,7.53598385472e-7,6.87017802647e-7,6.32616433904e-7,4.75389498433e-7,3.15588607691e-7],"median":[0.00165607361123,0.00414407905191,0.00192296504974,0.000503469724208,0.000323113636114,0.000243871414568,0.00026907629217,0.000164813318406,0.000125218037283,0.000107060448499,0.0000834314705571,0.000060760328779,0.0000491668106406,0.0000462115567643,0.0000307890913973,0.0000218524273805,0.0000218552522711,0.0000240017361648,0.000015315517885,0.0000145025705933,0.0000245196697506,0.0000140695210575,0.0000125848437165,0.00000519662808074,0.00000414544774685,0.00000358953866453,0.00000220059155254,0.00000150949142608,7.10339350007e-7,6.1896855641e-7,4.40038121496e-7,1.55967782689e-7,1.21689538446e-7,1.77872863105e-7,1.68416789847e-7,1.29827611772e-7,1.57535879453e-7,1.09098046153e-7,7.21561264072e-8,4.72279566566e-8],"min":[1.32086298046e-24,2.16847213223e-24,1.39777050922e-24,2.34454766121e-24,1.64916351921e-24,2.91534157704e-24,2.45925138949e-24,3.24270544207e-24,1.77875117922e-24,1.7912913066e-24,1.77887858026e-24,4.15211809867e-24,3.48539061095e-24,3.90734915371e-24,1.75888036467e-24,3.80360013961e-24,4.01770408903e-24,1.89176280086e-24,4.45455514239e-24,4.74308890708e-24,4.13131347002e-24,4.91135057158e-24,3.16882980158e-24,4.96051514421e-24,5.21449404024e-24,5.51229534285e-24,5.07574681765e-24,4.97928569502e-24,4.71054129499e-24,5.49790178677e-24,5.88635859018e-24,5.91978302116e-24,6.93505844467e-24,6.7405040462e-24,6.11516927346e-24,5.63403314661e-24,5.89711273647e-24,5.38227647174e-24,7.63240754058e-24,6.57755614875e-24],"var":[0.00000644549527351,0.000017853182726,0.0000153893506649,3.90263323879e-7,3.46208992141e-7,7.97159088961e-7,0.00000109846496343,4.27563406902e-7,0.00000153930409397,0.00000114204431156,6.41376018962e-8,1.40868991139e-7,3.20086925854e-8,1.51223868983e-8,3.26075988433e-9,4.19621670744e-9,2.63538657563e-9,2.11702744224e-9,1.06963715663e-9,4.41367747905e-10,8.24388723952e-10,2.66372091051e-10,3.79520942451e-10,1.42781869661e-10,4.82887757558e-11,5.07398220662e-11,5.08388713072e-11,1.4693581421e-11,6.17772629927e-12,2.00513893683e-11,1.09186340524e-11,5.63217961852e-12,5.50815729833e-12,5.24215349948e-12,6.39082146578e-12,6.57195001544e-12,5.92616147127e-12,5.18268240823e-12,2.82748260569e-12,1.15499396072e-12]},"melbands_crest":{"dmean":3.39976215363,"dmean2":5.55773019791,"dvar":9.09386634827,"dvar2":23.5624904633,"max":32.7965240479,"mean":16.6895713806,"median":16.2493209839,"min":1.58622431755,"var":25.2676277161},"melbands_flatness_db":{"dmean":0.0316983833909,"dmean2":0.0482608191669,"dvar":0.000940605939832,"dvar2":0.00216946285218,"max":0.509180963039,"mean":0.265897065401,"median":0.265676915646,"min":0.00382137694396,"var":0.00467214081436},"melbands_kurtosis":{"dmean":9.34920406342,"dmean2":14.9387969971,"dvar":451.403198242,"dvar2":1086.45300293,"max":660.068054199,"mean":18.4292812347,"median":10.278470993,"min":-1.70072960854,"var":978.668945312},"melbands_skewness":{"dmean":0.833861529827,"dmean2":1.31176161766,"dvar":0.787196159363,"dvar2":1.93225550652,"max":17.4277935028,"mean":3.12705802917,"median":2.76639723778,"min":-1.02129971981,"var":3.51853251457},"melbands_spread":{"dmean":3.94537115097,"dmean2":6.29097509384,"dvar":33.8675346375,"dvar2":81.8107147217,"max":192.035629272,"mean":13.7040100098,"median":11.811504364,"min":0.547854244709,"var":151.46043396},"mfcc":{"cov":[[4503.36230469,-541.136474609,119.05266571,-560.682434082,-205.331054688,19.9860496521,-126.936309814,129.921005249,-35.3519287109,140.559524536,-24.171957016,77.8970947266,0.497623711824],[-541.136474609,2051.63183594,-908.101928711,158.064315796,102.22442627,-14.8905620575,56.6246109009,0.391357749701,39.4304466248,0.557399809361,-11.1293306351,109.455329895,32.0643424988],[119.05266571,-908.101928711,700.580688477,-100.209739685,20.2013893127,-3.44556593895,-13.6741638184,10.5982112885,-34.913318634,30.3909740448,13.5389986038,-38.1456565857,-6.78353309631],[-560.682434082,158.064315796,-100.209739685,329.563690186,15.0621194839,47.6408843994,21.8622112274,-44.897895813,44.6796989441,-73.5733566284,3.23971652985,-31.957233429,29.6489200592],[-205.331054688,102.22442627,20.2013893127,15.0621194839,119.543449402,-4.19145298004,34.3933753967,5.96577215195,7.7040553093,17.4765701294,-2.00275754929,17.8008861542,-1.76020431519],[19.9860496521,-14.8905620575,-3.44556593895,47.6408843994,-4.19145298004,89.1038665771,9.06994247437,9.18842124939,12.0990695953,-17.0109710693,9.66713047028,-4.67906808853,10.891623497],[-126.936309814,56.6246109009,-13.6741638184,21.8622112274,34.3933753967,9.06994247437,85.5348129272,12.815987587,24.0309352875,6.19010782242,13.4064769745,12.818655014,-3.70706915855],[129.921005249,0.391357749701,10.5982112885,-44.897895813,5.96577215195,9.18842124939,12.815987587,94.5787887573,5.96770095825,48.8295669556,4.87271928787,13.3471040726,-1.41068327427],[-35.3519287109,39.4304466248,-34.913318634,44.6796989441,7.7040553093,12.0990695953,24.0309352875,5.96770095825,83.2824478149,-4.55326843262,22.0633525848,0.518411755562,5.49258518219],[140.559524536,0.557399809361,30.3909740448,-73.5733566284,17.4765701294,-17.0109710693,6.19010782242,48.8295669556,-4.55326843262,108.855812073,14.7235622406,31.870136261,-9.14631557465],[-24.171957016,-11.1293306351,13.5389986038,3.23971652985,-2.00275754929,9.66713047028,13.4064769745,4.87271928787,22.0633525848,14.7235622406,78.5908050537,26.0174312592,15.6479911804],[77.8970947266,109.455329895,-38.1456565857,-31.957233429,17.8008861542,-4.67906808853,12.818655014,13.3471040726,0.518411755562,31.870136261,26.0174312592,77.2140350342,20.0256710052],[0.497623711824,32.0643424988,-6.78353309631,29.6489200592,-1.76020431519,10.891623497,-3.70706915855,-1.41068327427,5.49258518219,-9.14631557465,15.6479911804,20.0256710052,67.6053314209]],"icov":[[0.000342357903719,0.0000803201619419,0.0000808857512311,0.000549785909243,0.000444287870778,-0.000377443851903,0.000294539146125,-0.000119824027934,-0.000307946291286,-0.000157264614245,0.000361662037903,-0.000358239311026,-0.000161437870702],[0.0000803201619419,0.00144982361235,0.00185892637819,-0.000116703347885,-0.00125467521138,0.000217264852836,0.00001091294871,-0.000122615194414,0.00024980539456,-0.000224616291234,0.000177800611709,-0.000817329913843,-0.000369880464859],[0.0000808857512311,0.00185892637819,0.00409048888832,0.000453149317764,-0.00232347333804,0.000053046780522,0.0000696953648003,0.0000021844443836,0.00102698232513,-0.000758002570365,-0.00073582836194,0.000831176177599,-0.00099760433659],[0.000549785909243,-0.000116703347885,0.000453149317764,0.00565644958988,-0.000161815987667,-0.00241766404361,-0.000297076563584,0.00138134753797,-0.00207752734423,0.00115387013648,0.000290645490168,0.00191199872643,-0.00229483144358],[0.000444287870778,-0.00125467521138,-0.00232347333804,-0.000161815987667,0.0123143866658,-0.0000770225160522,-0.00341494218446,0.000399370415835,-0.00107113830745,-0.00158045662101,0.00258008670062,-0.0026036882773,0.00063101015985],[-0.000377443851903,0.000217264852836,0.000053046780522,-0.00241766404361,-0.0000770225160522,0.0138423023745,-0.00111751153599,-0.0031386774499,0.000282464694465,0.00254926201887,-0.00186895101797,0.000459716713522,-0.000775155785959],[0.000294539146125,0.00001091294871,0.0000696953648003,-0.000297076563584,-0.00341494218446,-0.00111751153599,0.0155503572896,-0.00207977811806,-0.00331421941519,0.000756984227337,-0.00128136703279,-0.00238592689857,0.00240535777994],[-0.000119824027934,-0.000122615194414,0.0000021844443836,0.00138134753797,0.000399370415835,-0.0031386774499,-0.00207977811806,0.0153711400926,-0.00145998189691,-0.00687737436965,0.00129784585442,0.0010045170784,-0.00123356573749],[-0.000307946291286,0.00024980539456,0.00102698232513,-0.00207752734423,-0.00107113830745,0.000282464694465,-0.00331421941519,-0.00145998189691,0.0156823843718,0.000467146048322,-0.00468106847256,0.0019759235438,-0.000100364370155],[-0.000157264614245,-0.000224616291234,-0.000758002570365,0.00115387013648,-0.00158045662101,0.00254926201887,0.000756984227337,-0.00687737436965,0.000467146048322,0.0159424953163,-0.0022955480963,-0.00440701562911,0.0029273990076],[0.000361662037903,0.000177800611709,-0.00073582836194,0.000290645490168,0.00258008670062,-0.00186895101797,-0.00128136703279,0.00129784585442,-0.00468106847256,-0.0022955480963,0.0175596419722,-0.00594814633951,-0.00219589006156],[-0.000358239311026,-0.000817329913843,0.000831176177599,0.00191199872643,-0.0026036882773,0.000459716713522,-0.00238592689857,0.0010045170784,0.0019759235438,-0.00440701562911,-0.00594814633951,0.0220246631652,-0.00652057724074],[-0.000161437870702,-0.000369880464859,-0.00099760433659,-0.00229483144358,0.00063101015985,-0.000775155785959,0.00240535777994,-0.00123356573749,-0.000100364370155,0.0029273990076,-0.00219589006156,-0.00652057724074,0.0189660899341]],"mean":[-647.618164062,166.349990845,-8.9511423111,29.6905498505,12.1198692322,1.20700442791,3.28315162659,7.62708330154,3.86050486565,4.55868625641,-2.1771042347,4.22430181503,-1.55848276615]},"pitch_salience":{"dmean":0.0797477662563,"dmean2":0.132061824203,"dvar":0.00535590713844,"dvar2":0.0147568900138,"max":0.936157405376,"mean":0.478142142296,"median":0.47861456871,"min":0.0693980976939,"var":0.0102366805077},"silence_rate_20dB":{"dmean":0,"dmean2":0,"dvar":0,"dvar2":0,"max":1,"mean":1,"median":1,"min":1,"var":0},"silence_rate_30dB":{"dmean":0.00484332581982,"dmean2":0.00968736223876,"dvar":0.00481961295009,"dvar2":0.0129682999104,"max":1,"mean":0.99618434906,"median":1,"min":0,"var":0.00380145851523},"silence_rate_60dB":{"dmean":0.0115946279839,"dmean2":0.0231909584254,"dvar":0.0114603061229,"dvar2":0.0242678727955,"max":1,"mean":0.0392574109137,"median":0,"min":0,"var":0.0377168059349},"spectral_centroid":{"dmean":172.501556396,"dmean2":268.150421143,"dvar":56820.5820312,"dvar2":125566.28125,"max":11810.7294922,"mean":881.882202148,"median":768.112976074,"min":171.578292847,"var":450609.0625},"spectral_complexity":{"dmean":3.42276358604,"dmean2":5.29399681091,"dvar":10.4063329697,"dvar2":22.7753162384,"max":48,"mean":20.2510280609,"median":20,"min":0,"var":68.0306091309},"spectral_contrast_coeffs":{"dmean":[0.0534003414214,0.0498888120055,0.0360810384154,0.0269746854901,0.0207878742367,0.0204587634653],"dmean2":[0.0878103300929,0.0828071683645,0.0595949664712,0.0451274029911,0.0341386049986,0.0320029631257],"dvar":[0.00193232146557,0.00153272773605,0.000797778950073,0.000436011119746,0.000270883756457,0.000340063648764],"dvar2":[0.00499155232683,0.00413646595553,0.00215734168887,0.0011988762999,0.000707039609551,0.000814755854663],"max":[-0.237872377038,-0.432149350643,-0.501236915588,-0.607452273369,-0.636246681213,-0.63584113121],"mean":[-0.612518668175,-0.717049777508,-0.773274719715,-0.797963798046,-0.78310072422,-0.757575213909],"median":[-0.620866894722,-0.721221208572,-0.782643795013,-0.80037856102,-0.783644318581,-0.755852818489],"min":[-0.982390105724,-0.986603021622,-0.985979139805,-0.983423173428,-0.968998372555,-0.965384602547],"var":[0.0064655970782,0.00582816870883,0.00396691355854,0.00163494795561,0.000906093337107,0.00156535161659]},"spectral_contrast_valleys":{"dmean":[0.410341918468,0.354395806789,0.298100024462,0.271632581949,0.278500646353,0.399281293154],"dmean2":[0.679871320724,0.590221345425,0.488930583,0.431479036808,0.400404959917,0.524321556091],"dvar":[0.136924445629,0.116707585752,0.091747276485,0.0885969549417,0.0976310521364,0.195413917303],"dvar2":[0.333506941795,0.28835606575,0.205049708486,0.195351243019,0.195825889707,0.329552859068],"max":[-5.23734903336,-4.63635444641,-5.25054740906,-5.97962808609,-5.78491020203,-7.72251176834],"mean":[-6.78951883316,-6.38573884964,-6.95530462265,-7.47605991364,-7.66034603119,-10.9580640793],"median":[-6.59710073471,-6.23624706268,-6.77325344086,-7.29704380035,-7.57689905167,-10.9172201157],"min":[-27.9706077576,-27.9937934875,-27.7863941193,-27.6001472473,-27.5881938934,-27.3796539307],"var":[1.5477104187,1.54841518402,1.57372391224,1.48079383373,1.37452960014,2.03839945793]},"spectral_decrease":{"dmean":3.75519260132e-9,"dmean2":6.01246252785e-9,"dvar":1.39512447549e-17,"dvar2":3.87663818901e-17,"max":8.46146313035e-19,"mean":-1.22591918839e-8,"median":-1.19610712446e-8,"min":-4.1723513533e-8,"var":3.94643072601e-17},"spectral_energy":{"dmean":0.0144273526967,"dmean2":0.0230839960277,"dvar":0.000204158146516,"dvar2":0.000566194416024,"max":0.159874483943,"mean":0.0480325445533,"median":0.0470190346241,"min":1.01534279538e-20,"var":0.000596734986175},"spectral_energyband_high":{"dmean":0.000146912730997,"dmean2":0.0002012358309,"dvar":1.18223923096e-7,"dvar2":1.93921650293e-7,"max":0.00956845842302,"mean":0.000324706372339,"median":0.000104099657619,"min":6.88010624886e-21,"var":4.42924800836e-7},"spectral_energyband_low":{"dmean":0.0123216621578,"dmean2":0.0199448317289,"dvar":0.00018767536676,"dvar2":0.000531958241481,"max":0.136133536696,"mean":0.0268136318773,"median":0.0234501119703,"min":2.59425964805e-23,"var":0.00032073125476},"spectral_energyband_middle_high":{"dmean":0.00135905260686,"dmean2":0.00215342151932,"dvar":0.00000291099718197,"dvar2":0.00000740008044886,"max":0.0321568399668,"mean":0.00485992338508,"median":0.00386020960286,"min":1.06704663237e-21,"var":0.0000165949440998},"spectral_energyband_middle_low":{"dmean":0.00758216762915,"dmean2":0.0119176292792,"dvar":0.0000644562751404,"dvar2":0.000158314258442,"max":0.112269341946,"mean":0.0223009195179,"median":0.0199731998146,"min":1.60651788406e-22,"var":0.00022151847952},"spectral_entropy":{"dmean":0.181194677949,"dmean2":0.265155613422,"dvar":0.033067509532,"dvar2":0.0700529441237,"max":9.82084369659,"mean":7.30445432663,"median":7.27442359924,"min":5.51140165329,"var":0.18444019556},"spectral_flux":{"dmean":0.0296061597764,"dmean2":0.0475329086185,"dvar":0.000788193370681,"dvar2":0.00194696197286,"max":0.315042108297,"mean":0.0981639698148,"median":0.0941191837192,"min":6.46563982909e-11,"var":0.00195013231132},"spectral_kurtosis":{"dmean":3.19665718079,"dmean2":5.41043996811,"dvar":14.4988145828,"dvar2":41.5995826721,"max":55.877368927,"mean":7.69074058533,"median":6.67875957489,"min":-1.25438654423,"var":27.0258750916},"spectral_rms":{"dmean":0.00102318497375,"dmean2":0.00161698460579,"dvar":8.86414341039e-7,"dvar2":0.00000241168550019,"max":0.012488999404,"mean":0.00654175784439,"median":0.0067729037255,"min":3.1473454485e-12,"var":0.00000406650815421},"spectral_rolloff":{"dmean":264.51461792,"dmean2":456.959197998,"dvar":606555.4375,"dvar2":1513973.875,"max":21317.8710938,"mean":773.66027832,"median":581.396484375,"min":86.1328125,"var":1753477.375},"spectral_skewness":{"dmean":0.318121761084,"dmean2":0.519408285618,"dvar":0.108051635325,"dvar2":0.294081836939,"max":5.99065732956,"mean":1.87671661377,"median":1.8632273674,"min":-0.0876317769289,"var":0.30671325326},"spectral_spread":{"dmean":463757.03125,"dmean2":660378.5,"dvar":472209031168,"dvar2":850278678528,"max":42104604,"mean":3630938,"median":3000954,"min":1077077.5,"var":6252170575870},"spectral_strongpeak":{"dmean":0.479689449072,"dmean2":0.840236067772,"dvar":0.591955840588,"dvar2":1.55996131897,"max":9.59606838226,"mean":0.914690256119,"median":0.611359238625,"min":0,"var":0.908347070217},"zerocrossingrate":{"dmean":0.00685808155686,"dmean2":0.0085213072598,"dvar":0.000115469039883,"dvar2":0.000161462972756,"max":0.54345703125,"mean":0.0363442413509,"median":0.02880859375,"min":0.00439453125,"var":0.00127026904374}},"metadata":{"audio_properties":{"analysis_sample_rate":44100,"bit_rate":0,"codec":"flac","downmix":"mix","equal_loudness":0,"length":316.399993896,"lossless":true,"md5_encoded":"7b1088208087a5272a02f65a04df487c","replay_gain":-11.8232326508,"sample_rate":44100},"tags":{"album":["Kid A"],"albumartist":["Radiohead"],"albumartistsort":["Radiohead"],"artist":["Radiohead"],"artistsort":["Radiohead"],"asin":["B00004XONN"],"barcode":["724352775323"],"catalognumber":["7243 5 27753 2 3"],"composer":["Radiohead"],"date":["2000-09-29"],"discid":["970bb50a"],"engineer":["Graeme Stewart","Gerard Navarro","Nigel Godrich"],"file_name":"06 - Radiohead - Optimistic.flac","format":["CD"],"genre":["Alternative Rock","Britpop","Indie Rock","Indie","British","Rock","Alternative","Electronic","Radiohead","Experimental"],"isrc":["GBAYE0000815"],"label":["Parlophone"],"language":["eng"],"mixer":["Nigel Godrich"],"musicbrainz_albumartistid":["a74b1b7f-71a5-4011-9441-d0b5e4122711"],"musicbrainz_albumid":["e1bdf797-8b89-4d4c-8986-bcb0974d9726"],"musicbrainz_artistid":["a74b1b7f-71a5-4011-9441-d0b5e4122711"],"musicbrainz_recordingid":["4d7b8fcb-fafc-4416-9170-752f12e10a2e"],"musicip_puid":["ad908545-87b1-35cb-103e-62eac7dd0291"],"originaldate":["2000"],"producer":["Gerard Navarro","Radiohead","Nigel Godrich"],"releasecountry":["DE"],"releasestatus":["official"],"releasetype":["album"],"replaygain_album_gain":["-7.35 dB"],"replaygain_album_peak":["0.98995972"],"replaygain_reference_loudness":["89.0 dB"],"replaygain_track_gain":["-7.40 dB"],"replaygain_track_peak":["0.98602295"],"script":["Latn"],"title":["Optimistic"],"totaltracks":["10"],"tracknumber":["6"],"tracktotal":["10"]},"version":{"essentia":"2.1-beta1","essentia_build_sha":"81dca3489dfd3c4275b86ac4d56d870715677d3f","essentia_git_sha":"v2.1_beta1-28-g21ef5f4","extractor":"music 1.0"}},"rhythm":{"beats_count":804,"beats_loudness":{"dmean":0.021590732038,"dmean2":0.0388511791825,"dvar":0.00024178691091