{"lowlevel":{"average_loudness":0.909033417702,"barkbands":{"dmean":[0.0000754121429054,0.0042423736304,0.00267695402727,0.00137177226134,0.000951375346631,0.00045234526624,0.0004570678866,0.000503429793753,0.00051750644343,0.000580012914725,0.000385310209822,0.000487798271934,0.000167595862877,0.000466316269012,0.000482948264107,0.000378974131308,0.000574774865527,0.000273021752946,0.000275130063528,0.00010833676788,0.0000635765682091,0.0000549670548935,0.0000595606543357,0.0000425301113864,0.000011643457583,0.00000549922287973,8.63573404786e-7],"dmean2":[0.000123420701129,0.00715793948621,0.0047251554206,0.00237897224724,0.00159996422008,0.000747235375457,0.000740519317333,0.000801586487796,0.00081854237942,0.000906566157937,0.000622793566436,0.000795825966634,0.000268644740572,0.000767037447076,0.000791107595433,0.000631644274108,0.000976349867415,0.000452008593129,0.000461157935206,0.000178787609912,0.000104663427919,0.0000857182312757,0.0000815820385469,0.0000610989809502,0.000016177424186,0.00000743835107642,0.00000117486115414],"dvar":[1.9644890159e-8,0.0000432930210081,0.0000290676489385,0.00000572232011109,0.00000207139783015,5.49880098788e-7,7.38949495371e-7,8.15127975784e-7,0.00000136618109536,9.94941046883e-7,7.38352071039e-7,0.0000010226140148,1.17768330199e-7,5.0764055004e-7,8.16421163563e-7,3.52141825033e-7,6.87549288614e-7,1.92418426082e-7,1.58056039368e-7,3.41312436092e-8,1.51435450846e-8,1.99778913412e-8,5.71795588655e-8,5.25669108242e-8,9.23830345556e-10,1.48073192596e-10,2.20362183362e-12],"dvar2":[5.16640916715e-8,0.000106669875095,0.0000826825198601,0.0000156692622113,0.00000564470519748,0.00000147978278164,0.00000185946043985,0.00000200905469683,0.00000334520314027,0.00000236028768086,0.00000188246815469,0.00000282949395114,2.88964997708e-7,0.00000135368213705,0.00000219831667891,9.54960910349e-7,0.00000190554135315,5.00853673202e-7,4.32227352576e-7,8.19986922806e-8,3.59941694228e-8,4.01632505032e-8,8.68993339509e-8,1.12846862521e-7,1.75148584525e-9,2.54389759258e-10,3.89461640021e-12],"max":[0.00266731763259,0.0705329626799,0.0589561127126,0.0264077931643,0.0213933475316,0.0211792010814,0.0202396176755,0.0198129527271,0.0229278225452,0.0223838500679,0.0198692493141,0.022560974583,0.00926629919559,0.0139082763344,0.021589955315,0.0108283534646,0.0138013744727,0.00950267910957,0.00691458163783,0.00479447189718,0.0045484341681,0.00573965488002,0.0083045931533,0.0116595365107,0.00116506230552,0.000426814018283,0.0000339307189279],"mean":[0.000113127483928,0.00791278947145,0.0038544414565,0.00185715034604,0.00174384959973,0.000919611949939,0.000814638624433,0.00100922991987,0.000948447326664,0.00110852881335,0.000681996811181,0.000846808659844,0.000313823082251,0.000820618879516,0.000968077802099,0.000868814531714,0.00117010297254,0.000664790393785,0.000666798616294,0.000261406530626,0.000163505188539,0.000139018549817,0.00014667538926,0.000100993493106,0.0000305873654725,0.0000122862966236,0.000001563577257],"median":[0.0000165371911862,0.00608059065416,0.00183059601113,0.000991551904008,0.00128634355497,0.000585679488722,0.000395104289055,0.000392618327169,0.000281232845737,0.000563190085813,0.000241943518631,0.000273901998298,0.000143721961649,0.000477389141452,0.000430026382674,0.000523480935954,0.000802848255262,0.000386518950108,0.000488062185468,0.000181623807293,0.000109361833893,0.000072008027928,0.0000514805869898,0.0000326088920701,0.0000179210983333,0.00000619501679466,7.12330461283e-7],"min":[2.14339523013e-24,9.79609049825e-24,3.74370729533e-23,3.80358751783e-23,1.49818418392e-22,3.15418175898e-23,4.35429447121e-23,2.8698560939e-23,1.60947772173e-23,1.20945200493e-22,5.69092334962e-23,1.09030081298e-22,1.22242479096e-22,1.10479225092e-22,9.90550992343e-23,1.33849677482e-22,2.93158155672e-22,1.95231007626e-22,1.30365891019e-22,6.01071721074e-22,5.8278812148e-22,4.11660285497e-22,6.64501539974e-22,1.01014302819e-21,1.3435905191e-21,1.88153054759e-21,2.22635156998e-21],"var":[4.06890166005e-8,0.0000655332041788,0.0000295057016046,0.00000606605362918,0.00000316759337693,0.00000114441729693,0.00000147273647144,0.0000025404031021,0.00000397256599172,0.00000243257227339,0.00000166909319432,0.0000022199999421,2.89801732833e-7,0.00000107306345853,0.00000219093180931,0.00000122399603697,0.00000170402131516,7.22275615317e-7,5.23055916801e-7,1.0836594555e-7,4.26459934033e-8,7.28929805405e-8,2.59143405401e-7,1.52241568685e-7,3.39430128449e-9,4.56482851519e-10,5.87923806861e-12]},"barkbands_crest":{"dmean":2.3317964077,"dmean2":3.84808492661,"dvar":5.29160737991,"dvar2":14.1154642105,"max":25.7788200378,"mean":9.69634342194,"median":8.83901596069,"min":2.31372451782,"var":18.690864563},"barkbands_flatness_db":{"dmean":0.0164101887494,"dmean2":0.026256699115,"dvar":0.000333036005031,"dvar2":0.00080181111116,"max":0.498071193695,"mean":0.132122352719,"median":0.114061236382,"min":0.0329597853124,"var":0.00405477453023},"barkbands_kurtosis":{"dmean":2.86799812317,"dmean2":4.75933837891,"dvar":119.355461121,"dvar2":334.20022583,"max":323.157928467,"mean":4.59335756302,"median":-0.275820851326,"min":-1.92416870594,"var":350.998504639},"barkbands_skewness":{"dmean":0.492516189814,"dmean2":0.798956274986,"dvar":0.403446346521,"dvar2":1.0244089365,"max":15.4631814957,"mean":1.34394872189,"median":0.901912331581,"min":-3.93268966675,"var":2.55012083054},"barkbands_spread":{"dmean":4.69754266739,"dmean2":7.45353317261,"dvar":29.2153511047,"dvar2":61.6633987427,"max":116.564987183,"mean":28.7468528748,"median":29.1713943481,"min":0.38197106123,"var":223.449295044},"dissonance":{"dmean":0.0123632568866,"dmean2":0.0209690090269,"dvar":0.000199750880711,"dvar2":0.000536171486601,"max":0.500000178814,"mean":0.474357873201,"median":0.480507254601,"min":0.233903676271,"var":0.000559979991522},"dynamic_complexity":3.75133085251,"erbbands":{"dmean":[0.110007092357,1.04850506783,2.98368883133,3.76313090324,3.92623090744,3.40365743637,2.6619052887,4.14021778107,6.01990747452,9.52693080902,10.2861385345,9.0105638504,24.3948078156,9.84973621368,14.3069553375,20.8628864288,8.48567867279,24.3207206726,20.9879112244,23.1429100037,25.7344112396,20.8714084625,12.3479003906,19.3287334442,8.36401462555,5.35559225082,2.82199335098,2.40122628212,2.01850056648,1.6488506794,1.82068789005,1.46709144115,0.355946630239,0.136675164104,0.088526584208,0.0314528495073,0.00928834266961,0.00162639492191,0.000155285859364,0.0000127617477119],"dmean2":[0.182316958904,1.7853757143,5.26975107193,6.53066921234,6.70663928986,5.77700424194,4.32982206345,6.9268488884,9.81017398834,15.5954427719,16.015127182,14.188706398,38.2065811157,15.6160135269,23.1096820831,33.8997955322,13.5991134644,39.9947776794,34.4618263245,38.1073455811,43.4964103699,35.1588401794,20.2700481415,32.5717430115,14.0354175568,8.87639808655,4.66570329666,3.91619062424,3.21739077568,2.48966932297,2.50335264206,2.07545733452,0.512120127678,0.196792006493,0.125549092889,0.0431897379458,0.0129017047584,0.00220872671343,0.00020909489831,0.0000190198006749],"dvar":[0.0347857438028,2.67298197746,34.1766281128,45.6246986389,38.4929122925,31.8362998962,15.3321046829,58.873336792,132.26789856,354.078552246,378.782165527,357.70501709,1890.02954102,289.578277588,889.034545898,1973.67456055,273.639465332,1437.11682129,1745.18725586,2206.10864258,1361.44921875,814.854492188,345.956207275,892.282409668,199.088562012,82.4115142822,25.0511779785,26.3155212402,22.4649887085,25.1720256805,61.2748947144,63.9697380066,1.68339931965,0.101635716856,0.0723639428616,0.0061674034223,0.000419326272095,0.0000101213317976,7.22790360896e-8,3.29331811821e-10],"dvar2":[0.0853176936507,6.82340145111,97.6055831909,126.986862183,104.315292358,85.9714050293,39.303237915,160.419921875,326.336914062,918.80065918,900.508056641,855.983215332,4599.09228516,702.896789551,2302.29980469,5353.18261719,705.780639648,3834.10400391,4694.07568359,6138.20166016,3862.21313477,2245.86181641,887.586608887,2465.67578125,535.77935791,204.996002197,60.2982521057,60.850730896,45.9984359741,48.6287345886,95.2901306152,127.59513855,3.09144425392,0.194166645408,0.138745650649,0.0105162542313,0.000781730632298,0.000018103279217,1.22977141359e-7,6.98620217232e-10],"max":[2.07326698303,15.5354795456,66.6381454468,82.0713043213,73.8975372314,100.007843018,66.4968109131,242.888641357,288.635162354,406.793518066,526.877563477,528.958007812,888.15045166,350.084075928,738.174621582,1149.24816895,472.022521973,671.059631348,1328.94750977,1024.47583008,629.637329102,453.566192627,412.513702393,498.63571167,432.261535645,216.554489136,188.561401367,184.173294067,141.243911743,187.113449097,338.622680664,352.592254639,48.6719055176,11.9579219818,10.0979890823,3.25340628624,0.78547000885,0.096203096211,0.00578038627282,0.000380596728064],"mean":[0.179875552654,1.93850576878,4.65092802048,5.60631418228,5.75526380539,5.83649587631,5.79413223267,7.44870567322,10.7047519684,16.9497127533,22.1247386932,18.7079734802,47.0366516113,21.5426750183,27.693365097,37.1436538696,18.4759883881,43.7723884583,41.8242683411,50.8590431213,63.9228363037,51.6474533081,34.4265480042,46.4569091797,22.146314621,13.0552139282,7.30753278732,5.90360689163,4.98914384842,4.0921163559,4.34111499786,3.4291074276,0.946680009365,0.366389542818,0.213261440396,0.0731019377708,0.0196605790406,0.00324279488996,0.000294530414976,0.0000446336707682],"median":[0.0998118966818,1.49561107159,2.69841718674,3.56509542465,3.65262651443,3.75744342804,3.62617874146,4.26758384705,5.58386516571,7.62550258636,8.76024627686,8.40565681458,21.8826007843,11.3938407898,12.7207489014,12.5351734161,9.02554416656,25.363899231,21.9794368744,25.9360256195,43.9057388306,38.4665374756,22.8689289093,30.3145809174,17.1097507477,8.94122886658,4.82375860214,3.82500529289,2.62413811684,2.04224729538,1.32373738289,0.862743854523,0.421610951424,0.212477996945,0.117191776633,0.0384334363043,0.00947734154761,0.00157812109683,0.000143200857565,0.0000406255130656],"min":[3.11110787096e-22,2.60929237079e-21,3.23532761919e-20,9.97244487473e-20,1.63783325174e-19,6.83822664374e-19,4.83676337301e-19,3.07455899253e-19,5.8923709457e-19,5.8714050191e-19,7.01155768821e-19,3.99798491279e-19,1.81922038914e-18,4.47017171138e-18,2.66987493991e-18,4.98774234297e-18,5.53791960712e-18,6.0256670689e-18,6.52068958417e-18,4.11316634927e-18,1.11934403091e-17,1.41912594815e-17,1.01367625715e-17,6.79345735425e-18,1.4055620059e-17,2.80610534158e-17,2.56783894399e-17,2.01752461601e-17,1.75596845196e-17,1.29491998152e-17,2.071248177e-17,2.01250495318e-17,1.77294368705e-17,1.48121511754e-17,9.78001777129e-18,7.86089174854e-18,2.99600144296e-18,1.42427556105e-18,3.51445984614e-19,2.87585851255e-20],"var":[0.0535905063152,3.73068380356,34.9217033386,45.6645393372,44.7078285217,48.0688858032,43.5707893372,98.1972961426,261.588989258,707.471618652,1388.52880859,1054.05981445,4881.79882812,896.002746582,2022.95556641,4262.03710938,789.793579102,3102.61987305,3876.86108398,6429.25878906,5304.98291016,2804.01318359,1542.4276123,2841.29443359,611.175964355,256.398193359,75.6593780518,70.1474761963,80.4762878418,90.4502410889,266.002685547,222.304382324,6.34462404251,0.424333274364,0.233177170157,0.0196377169341,0.00113206764217,0.0000279096839222,1.93479138488e-7,1.14581755195e-9]},"erbbands_crest":{"dmean":2.07362699509,"dmean2":3.4398856163,"dvar":3.67083096504,"dvar2":9.87428855896,"max":29.3564224243,"mean":8.0632724762,"median":7.2998380661,"min":2.21920275688,"var":11.5528821945},"erbbands_flatness_db":{"dmean":0.0142505420372,"dmean2":0.0210529379547,"dvar":0.000203415067517,"dvar2":0.000397631520173,"max":0.336279481649,"mean":0.157773524523,"median":0.15149590373,"min":0.0348186269403,"var":0.0016959477216},"erbbands_kurtosis":{"dmean":0.687637031078,"dmean2":1.11187672615,"dvar":0.761028647423,"dvar2":1.81302475929,"max":29.2296257019,"mean":0.433656096458,"median":0.0129033327103,"min":-1.74507188797,"var":3.82352733612},"erbbands_skewness":{"dmean":0.281918019056,"dmean2":0.448393255472,"dvar":0.0635816454887,"dvar2":0.150378257036,"max":4.678129673,"mean":-0.283556461334,"median":-0.369501113892,"min":-3.58811283112,"var":0.584627211094},"erbbands_spread":{"dmean":6.34779691696,"dmean2":10.1867742538,"dvar":53.672996521,"dvar2":129.195587158,"max":153.802597046,"mean":34.269821167,"median":30.6851005554,"min":4.60479927063,"var":249.051651001},"gfcc":{"cov":[[24068.6074219,-572.448791504,-2038.65454102,589.101501465,-622.785400391,543.592651367,-795.11138916,646.485473633,-139.561828613,278.703063965,-86.2030792236,315.94039917,-50.5212097168],[-572.448791504,1439.59729004,-257.890441895,-227.979232788,246.082824707,-276.541442871,222.277557373,-112.051750183,78.1638336182,-113.142944336,19.7698688507,-109.964553833,32.4023170471],[-2038.65454102,-257.890441895,807.72857666,88.6332855225,60.9680862427,126.174926758,11.6954193115,-25.900352478,-33.6579704285,2.29674315453,-18.7889289856,0.121459834278,-21.7646102905],[589.101501465,-227.979232788,88.6332855225,355.80770874,-33.0558929443,87.21875,-45.5563926697,-12.6415758133,25.829120636,-4.61954307556,24.2862186432,-1.45041251183,32.3060340881],[-622.785400391,246.082824707,60.9680862427,-33.0558929443,258.76940918,-22.4054317474,54.7858848572,8.35611343384,28.5437335968,-11.0723781586,10.2336788177,-14.5445861816,15.7147369385],[543.592651367,-276.541442871,126.174926758,87.21875,-22.4054317474,205.110946655,8.01003170013,41.3216285706,-19.5798969269,19.8804454803,3.88437533379,21.4259319305,1.70614588261],[-795.11138916,222.277557373,11.6954193115,-45.5563926697,54.7858848572,8.01003170013,205.973907471,-1.82138371468,21.4956092834,-29.5476531982,9.10276126862,-15.5145254135,16.6087551117],[646.485473633,-112.051750183,-25.900352478,-12.6415758133,8.35611343384,41.3216285706,-1.82138371468,123.130638123,29.0117874146,29.640920639,-2.67600131035,30.0937919617,9.18499088287],[-139.561828613,78.1638336182,-33.6579704285,25.829120636,28.5437335968,-19.5798969269,21.4956092834,29.0117874146,104.946273804,21.7590827942,23.832075119,-9.90377521515,24.5435562134],[278.703063965,-113.142944336,2.29674315453,-4.61954307556,-11.0723781586,19.8804454803,-29.5476531982,29.640920639,21.7590827942,78.6521682739,19.9426383972,18.7009449005,-9.71563529968],[-86.2030792236,19.7698688507,-18.7889289856,24.2862186432,10.2336788177,3.88437533379,9.10276126862,-2.67600131035,23.832075119,19.9426383972,66.6879806519,16.5916614532,12.4674119949],[315.94039917,-109.964553833,0.121459834278,-1.45041251183,-14.5445861816,21.4259319305,-15.5145254135,30.0937919617,-9.90377521515,18.7009449005,16.5916614532,71.8565292358,18.3559455872],[-50.5212097168,32.4023170471,-21.7646102905,32.3060340881,15.7147369385,1.70614588261,16.6087551117,9.18499088287,24.5435562134,-9.71563529968,12.4674119949,18.3559455872,60.3079986572]],"icov":[[0.000197634202777,-0.000531934842002,0.000528936856426,-0.0006366649759,0.000355598080205,-0.000903284410015,0.000802313385066,-0.000991085427813,0.000569420633838,-0.0006260976661,0.00072186102625,-0.000851678894833,0.000623576401267],[-0.000531934842002,0.00331679149531,-0.00105541315861,0.00246470514685,-0.00211314065382,0.00380408926867,-0.00330342911184,0.00363725773059,-0.00230102892965,0.00313468533568,-0.00279434747063,0.00375565793365,-0.00225402810611],[0.000528936856426,-0.00105541315861,0.00302726915106,-0.00187348062173,0.00011947787425,-0.00313200429082,0.00180289975833,-0.0016547216801,0.00135760975536,-0.00161917146761,0.00257322005928,-0.00252760201693,0.00234324601479],[-0.0006366649759,0.00246470514685,-0.00187348062173,0.00646673887968,-0.0010685242014,0.0013532632729,-0.00148804928176,0.00454964116216,-0.00374706974253,0.0039646984078,-0.0040832515806,0.00436723930761,-0.00436227070168],[0.000355598080205,-0.00211314065382,0.00011947787425,-0.0010685242014,0.00593563029543,-0.00182440283243,0.00142853066791,-0.00325756706297,0.00099843274802,-0.00147336453665,0.000696494593285,-0.0010920726927,0.00020112223865],[-0.000903284410015,0.00380408926867,-0.00313200429082,0.0013532632729,-0.00182440283243,0.0128347696736,-0.00600623385981,0.0018740138039,0.000168636048329,0.00182112946641,-0.0044333608821,0.0050313915126,-0.00356495613232],[0.000802313385066,-0.00330342911184,0.00180289975833,-0.00148804928176,0.00142853066791,-0.00600623385981,0.0103083122522,-0.00444005522877,0.00107397988904,-0.000294180092169,0.0017734579742,-0.00304592051543,0.00160575762857],[-0.000991085427813,0.00363725773059,-0.0016547216801,0.00454964116216,-0.00325756706297,0.0018740138039,-0.00444005522877,0.0183072127402,-0.00849755015224,0.00164887402207,0.000511240854394,-0.000851255084854,-0.00271113729104],[0.000569420633838,-0.00230102892965,0.00135760975536,-0.00374706974253,0.00099843274802,0.000168636048329,0.00107397988904,-0.00849755015224,0.019001821056,-0.00831238832325,-0.0019294108497,0.00435900315642,-0.00505620008335],[-0.0006260976661,0.00313468533568,-0.00161917146761,0.0039646984078,-0.00147336453665,0.00182112946641,-0.000294180092169,0.00164887402207,-0.00831238832325,0.0232726354152,-0.00808936636895,-0.000359742669389,0.00415934529155],[0.00072186102625,-0.00279434747063,0.00257322005928,-0.0040832515806,0.000696494593285,-0.0044333608821,0.0017734579742,0.000511240854394,-0.0019294108497,-0.00808936636895,0.0241339821368,-0.0101996492594,0.0021969997324],[-0.000851678894833,0.00375565793365,-0.00252760201693,0.00436723930761,-0.0010920726927,0.0050313915126,-0.00304592051543,-0.000851255084854,0.00435900315642,-0.000359742669389,-0.0101996492594,0.0278690662235,-0.0130781270564],[0.000623576401267,-0.00225402810611,0.00234324601479,-0.00436227070168,0.00020112223865,-0.00356495613232,0.00160575762857,-0.00271113729104,-0.00505620008335,0.00415934529155,0.0021969997324,-0.0130781270564,0.0277707651258]],"mean":[-14.8958673477,101.344932556,-126.716690063,41.6544380188,-37.8394432068,13.0129861832,-29.4137706757,13.3903131485,-17.0014877319,-2.46209740639,-17.0876312256,-1.24331092834,-12.1094503403]},"hfc":{"dmean":4.07072544098,"dmean2":6.35023117065,"dvar":29.2606601715,"dvar2":60.4891967773,"max":171.178955078,"mean":23.6670436859,"median":21.2053337097,"min":1.19537815849e-16,"var":355.129486084},"melbands":{"dmean":[0.00108671362977,0.00146030576434,0.000653980125207,0.000243868809775,0.000101090758108,0.0000935710559133,0.0000918893856579,0.000103604070318,0.0000787874450907,0.0000676118870615,0.000121863748063,0.0000398864867748,0.0000557661005587,0.0000493144034408,0.0000393895934394,0.000017370630303,0.0000531413388671,0.0000338735990226,0.0000281673128484,0.0000293542016152,0.0000375485142285,0.0000288313331112,0.0000147841037688,0.000016032368876,0.0000177947422344,0.00000775605076342,0.00000512540100317,0.00000336759626407,0.00000199785517907,0.00000173600506059,0.00000149938603045,0.00000128953206513,0.00000112450970846,9.35937748636e-7,9.99349936137e-7,0.00000136972983,7.88909972016e-7,2.85129573285e-7,1.52831162836e-7,1.16153550778e-7],"dmean2":[0.00181792641524,0.00253340066411,0.00113111163955,0.000413052097429,0.000165546793141,0.000155263725901,0.000149681116454,0.00016935064923,0.000122141893371,0.000106325183879,0.00019100465579,0.0000633731542621,0.0000900166414795,0.0000804097871878,0.000063791507273,0.0000278595525742,0.0000875034747878,0.000055909556977,0.0000461339805042,0.0000484670163132,0.0000639374338789,0.0000488258883706,0.0000247168118221,0.0000264726222667,0.000030025938031,0.0000130276357595,0.00000854981499288,0.00000558283363716,0.00000334113019562,0.00000287408329314,0.00000246146828431,0.00000209847257793,0.00000175541754288,0.00000143993293023,0.0000014610963035,0.00000191121876014,0.00000114376086913,4.29391548096e-7,2.29389101492e-7,1.73046686314e-7],"dvar":[0.00000301941508951,0.00000683801954438,0.00000131168053485,1.48455782778e-7,2.13086330803e-8,2.76128435672e-8,3.04117548922e-8,3.99964044107e-8,2.17187743345e-8,2.17800106839e-8,4.69146606008e-8,5.04379515931e-9,1.59133808353e-8,1.04209192386e-8,9.00532004522e-9,1.29293953322e-9,6.95774637904e-9,4.27306856565e-9,2.68333910647e-9,2.5711399676e-9,2.78846967738e-9,1.71384995085e-9,5.86001136504e-10,8.27607038456e-10,7.6660638948e-10,1.56051366274e-10,8.44781813947e-11,3.55223420123e-11,1.22652105486e-11,1.18994883391e-11,9.93555151346e-12,8.01618667279e-12,1.15727427641e-11,8.07537717251e-12,1.76992639295e-11,5.45739668734e-11,1.70689573586e-11,1.09971526243e-12,1.32653409741e-13,8.05938500073e-14],"dvar2":[0.00000729764678908,0.0000190670361917,0.00000361496154255,4.04141133004e-7,5.49777183778e-8,7.4667561023e-8,7.56156666171e-8,1.04099783016e-7,5.17668468092e-8,5.2491323288e-8,1.1383436771e-7,1.21507142126e-8,4.07783140588e-8,2.85480989959e-8,2.5377991264e-8,3.19271586946e-9,1.85468156388e-8,1.14690061892e-8,7.34067473473e-9,7.1098269494e-9,7.86870213432e-9,4.74234695957e-9,1.56232959903e-9,2.11824424667e-9,2.13142303807e-9,4.20539242318e-10,2.17705659056e-10,8.84807435653e-11,3.09000602883e-11,2.82379952754e-11,2.35970912948e-11,1.76088102433e-11,2.54247803366e-11,1.68398264083e-11,3.03612864017e-11,1.02702187033e-10,3.5840445195e-11,2.27726192938e-12,2.61869790175e-13,1.72613700135e-13],"max":[0.0201688092202,0.0273532792926,0.012949006632,0.00560103124008,0.0020814021118,0.00495246611536,0.00459255697206,0.00401765527204,0.00388805288821,0.00379937654361,0.0043997312896,0.0015926186461,0.00315824220888,0.00242326152511,0.00158501719125,0.000837340077851,0.0015389759792,0.00208235299215,0.0011081781704,0.00101407163311,0.000834762933664,0.000609736540355,0.000485307740746,0.000731499749236,0.000445143086836,0.000255750113865,0.000333287403919,0.000136888294946,0.000109902655822,0.000160043855431,0.000115541566629,0.0000795499217929,0.000147740196553,0.0000896571436897,0.000203514791792,0.000277476705378,0.000164023484103,0.000034725318983,0.0000139427202157,0.0000111152130557],"mean":[0.0019493495347,0.00256590801291,0.00100177945569,0.000406954961363,0.000218010332901,0.000175838984433,0.000166745623574,0.000188084188267,0.000165565361385,0.000131615248392,0.000233585131355,0.0000796342574176,0.000099713288364,0.0000873562312336,0.0000717142320354,0.000033516655094,0.0000893231408554,0.0000635514588794,0.0000595502751821,0.0000670306690154,0.0000817039835965,0.0000616730176262,0.0000310116956825,0.0000368530163541,0.0000386721840187,0.000018120614186,0.0000120744352898,0.00000739583219911,0.00000447979846285,0.0000039675219341,0.00000325123369294,0.0000028825904792,0.00000253966163655,0.00000208947085412,0.00000221647792387,0.00000300407646137,0.0000017152866576,6.79661638969e-7,3.82156827072e-7,2.78077834537e-7],"median":[0.00137185724452,0.00189079262782,0.000672409660183,0.000284310604911,0.00014522037236,0.000103397658677,0.0000897409336176,0.0000881424202817,0.0000606747707934,0.0000504815652675,0.000107592604763,0.0000389116103179,0.0000385149178328,0.0000337867859344,0.0000219916000788,0.0000162190754054,0.0000479516456835,0.0000333315038006,0.000028775917599,0.0000340630940627,0.0000547312374692,0.0000432538145105,0.0000188902267837,0.0000190239970834,0.0000241482484853,0.0000124198131743,0.00000877656020748,0.00000469354563393,0.0000027678315746,0.00000267084988081,0.00000196437167688,0.00000149413745021,0.00000118963066598,0.00000104922980881,7.05812112756e-7,6.37487687527e-7,4.76893774248e-7,3.10612819021e-7,2.09677097018e-7,1.54533012164e-7],"min":[2.498671755e-24,1.23068580547e-23,1.75891464067e-23,2.97842670474e-23,2.22043203347e-23,6.32867723847e-24,8.76539481621e-24,5.83396836531e-24,5.58322577114e-24,2.35547160981e-24,9.31345750783e-24,1.86222197156e-23,7.93093065091e-24,1.28097742367e-23,1.50218411892e-23,8.40932509169e-24,1.22042595943e-23,1.05067989536e-23,5.12313566438e-24,7.55703661425e-24,1.54618772684e-23,1.62558626141e-23,8.80927362634e-24,1.07938346714e-23,4.53628034331e-24,5.78633023854e-24,1.71402908626e-23,1.92077801214e-23,1.32686435813e-23,1.80309984438e-23,9.30158436234e-24,1.02952619576e-23,6.518600629e-24,7.88906501381e-24,1.1529904216e-23,1.2430016597e-23,1.24019718029e-23,1.32728797643e-23,1.13390582527e-23,1.22936722447e-23],"var":[0.00000471854082207,0.00000715251417205,0.00000130373905449,1.96551212639e-7,5.56621557735e-8,5.10706179568e-8,5.96650835405e-8,8.13531357835e-8,7.82880249517e-8,6.395294605e-8,1.21909977224e-7,1.42887666144e-8,3.53395357422e-8,2.04607264465e-8,2.18294005094e-8,3.21790860625e-9,1.39775897523e-8,9.24376042377e-9,7.82140574529e-9,9.2661114337e-9,8.64058691263e-9,4.59291316091e-9,1.57655610789e-9,2.82738765733e-9,2.14331241644e-9,4.7707915396e-10,2.36845876245e-10,9.46489275844e-11,3.1243407167e-11,2.77874199345e-11,2.40943601876e-11,2.50483054437e-11,3.4788158465e-11,2.41138185808e-11,6.07551300935e-11,2.03434741275e-10,5.06468686434e-11,3.30337081474e-12,5.08853809783e-13,2.67746897787e-13]},"melbands_crest":{"dmean":2.83474779129,"dmean2":4.6985707283,"dvar":7.4354352951,"dvar2":19.4380550385,"max":35.5331535339,"mean":14.6358127594,"median":14.1658687592,"min":2.60515975952,"var":29.6128177643},"melbands_flatness_db":{"dmean":0.0224058199674,"dmean2":0.0363005921245,"dvar":0.000613612064626,"dvar2":0.00147320807446,"max":0.673892617226,"mean":0.199812069535,"median":0.181502252817,"min":0.00915423594415,"var":0.00671721529216},"melbands_kurtosis":{"dmean":6.93109369278,"dmean2":11.2971506119,"dvar":272.706756592,"dvar2":689.811035156,"max":481.986541748,"mean":14.6682405472,"median":4.18657922745,"min":-1.73886096478,"var":1225.07946777},"melbands_skewness":{"dmean":0.688926994801,"dmean2":1.11616420746,"dvar":0.664547801018,"dvar2":1.64944255352,"max":16.8587646484,"mean":2.63979840279,"median":2.09755754471,"min":-1.47208583355,"var":3.84071969986},"melbands_spread":{"dmean":7.30527496338,"dmean2":11.8989753723,"dvar":87.8670501709,"dvar2":207.496047974,"max":229.435089111,"mean":30.6576347351,"median":29.7821388245,"min":0.477851510048,"var":378.480102539},"mfcc":{"cov":[[13165.2490234,-517.636779785,-732.900756836,112.577301025,68.7797851562,-35.7038803101,-199.540878296,212.011367798,-72.9273529053,208.699432373,21.491853714,28.1346302032,33.2923660278],[-517.636779785,1327.12182617,-296.713043213,15.6801280975,-6.5986495018,-72.9154891968,45.7856216431,6.71416139603,65.9201507568,-47.6531410217,52.32289505,13.8764514923,15.5309066772],[-732.900756836,-296.713043213,569.993103027,47.211971283,62.0783843994,123.071990967,43.6027145386,26.6474437714,8.1399269104,2.85072684288,-12.2560396194,3.38045454025,-15.4519691467],[112.577301025,15.6801280975,47.211971283,203.476135254,67.6629180908,26.3544502258,-11.3959445953,-0.508402466774,5.11313486099,10.454668045,-7.43205404282,-8.81424045563,12.6780185699],[68.7797851562,-6.5986495018,62.0783843994,67.6629180908,205.425827026,38.1632766724,-10.0019626617,6.47871446609,3.01685118675,28.4790344238,-3.53143310547,-3.40002965927,3.44609904289],[-35.7038803101,-72.9154891968,123.071990967,26.3544502258,38.1632766724,129.273223877,56.6977386475,18.325838089,2.66212272644,5.54987716675,3.16308426857,5.1667098999,-9.51601791382],[-199.540878296,45.7856216431,43.6027145386,-11.3959445953,-10.0019626617,56.6977386475,117.459243774,46.6299247742,18.8079128265,-13.8525371552,14.9792804718,2.44970846176,-4.37349128723],[212.011367798,6.71416139603,26.6474437714,-0.508402466774,6.47871446609,18.325838089,46.6299247742,95.1688308716,41.2839622498,8.45286273956,3.25500965118,5.89722204208,-1.11834657192],[-72.9273529053,65.9201507568,8.1399269104,5.11313486099,3.01685118675,2.66212272644,18.8079128265,41.2839622498,84.9880905151,25.015455246,13.5988750458,1.92956268787,-0.0376350618899],[208.699432373,-47.6531410217,2.85072684288,10.454668045,28.4790344238,5.54987716675,-13.8525371552,8.45286273956,25.015455246,84.2732009888,18.0447349548,8.2818365097,-7.83565282822],[21.491853714,52.32289505,-12.2560396194,-7.43205404282,-3.53143310547,3.16308426857,14.9792804718,3.25500965118,13.5988750458,18.0447349548,69.6458206177,17.4471797943,10.8419532776],[28.1346302032,13.8764514923,3.38045454025,-8.81424045563,-3.40002965927,5.1667098999,2.44970846176,5.89722204208,1.92956268787,8.2818365097,17.4471797943,59.3560333252,19.099861145],[33.2923660278,15.5309066772,-15.4519691467,12.6780185699,3.44609904289,-9.51601791382,-4.37349128723,-1.11834657192,-0.0376350618899,-7.83565282822,10.8419532776,19.099861145,65.5605316162]],"icov":[[0.000108089087007,0.0000509307537868,0.000205033866223,-0.0000725519421394,0.0000193822288566,-0.00019375528791,0.000326638342813,-0.000540428096429,0.000306150701363,-0.000201376402401,-0.0000872684686328,0.0000289658146357,-0.0000390697605326],[0.0000509307537868,0.00106816319749,0.000629774178378,-0.00032125072903,-0.000323030370055,0.000414784444729,-0.000533164828084,0.000233510363614,-0.000992779037915,0.000979421543889,-0.000678012904245,-0.000424349185778,0.00032949107117],[0.000205033866223,0.000629774178378,0.0029252609238,-0.000462423515273,-0.000378856202587,-0.00222537270747,0.000555262027774,-0.00106427643914,-0.000190188220586,0.000435155874584,-0.000103773505543,-0.00038485150435,0.000422540993895],[-0.0000725519421394,-0.00032125072903,-0.000462423515273,0.00599800469354,-0.00144538690802,-0.00118429632857,0.000926484586671,0.000306451343931,-0.000431200052844,-0.000362642284017,0.00068840367021,0.001403924427,-0.00175126316026],[0.0000193822288566,-0.000323030370055,-0.000378856202587,-0.00144538690802,0.00622803671286,-0.00190175382886,0.00148412969429,-0.0009986263467,0.000945077918004,-0.00221456238069,0.000453727960121,0.000852627737913,-0.000852107768878],[-0.00019375528791,0.000414784444729,-0.00222537270747,-0.00118429632857,-0.00190175382886,0.0141172297299,-0.00771940778941,0.00232020369731,0.000172443556949,-0.000628010137007,0.000371997739421,-0.00190995726734,0.00179828552064],[0.000326638342813,-0.000533164828084,0.000555262027774,0.000926484586671,0.00148412969429,-0.00771940778941,0.0169580057263,-0.00832397397608,0.00078837556066,0.00279341428541,-0.00363151007332,0.00155220914166,0.000185592944035],[-0.000540428096429,0.000233510363614,-0.00106427643914,0.000306451343931,-0.0009986263467,0.00232020369731,-0.00832397397608,0.0195015072823,-0.00878219585866,0.000629193498753,0.0026141803246,-0.00223336461931,0.000364151637768],[0.000306150701363,-0.000992779037915,-0.000190188220586,-0.000431200052844,0.000945077918004,0.000172443556949,0.00078837556066,-0.00878219585866,0.0189117472619,-0.00614425679669,-0.00157563912217,0.00195163616445,-0.00103508436587],[-0.000201376402401,0.000979421543889,0.000435155874584,-0.000362642284017,-0.00221456238069,-0.000628010137007,0.00279341428541,0.000629193498753,-0.00614425679669,0.0175727102906,-0.00465793721378,-0.00259646261111,0.00388871622272],[-0.0000872684686328,-0.000678012904245,-0.000103773505543,0.00068840367021,0.000453727960121,0.000371997739421,-0.00363151007332,0.0026141803246,-0.00157563912217,-0.00465793721378,0.0184649880975,-0.00367889390327,-0.00265961093828],[0.0000289658146357,-0.000424349185778,-0.00038485150435,0.001403924427,0.000852627737913,-0.00190995726734,0.00155220914166,-0.00223336461931,0.00195163616445,-0.00259646261111,-0.00367889390327,0.0209562983364,-0.00633902056143],[-0.0000390697605326,0.00032949107117,0.000422540993895,-0.00175126316026,-0.000852107768878,0.00179828552064,0.000185592944035,0.000364151637768,-0.00103508436587,0.00388871622272,-0.00265961093828,-0.00633902056143,0.0187082756311]],"mean":[-644.807434082,124.729553223,-17.5100727081,33.1870994568,13.1520576477,7.43165540695,1.44370961189,13.3792610168,4.70226049423,5.8680934906,-0.39378619194,-0.0994804501534,-0.962877750397]},"pitch_salience":{"dmean":0.0652430802584,"dmean2":0.106940411031,"dvar":0.00380071462132,"dvar2":0.0100011378527,"max":0.841733038425,"mean":0.50926721096,"median":0.518645823002,"min":0.0925669893622,"var":0.0135157452896},"silence_rate_20dB":{"dmean":0,"dmean2":0,"dvar":0,"dvar2":0,"max":1,"mean":1,"median":1,"min":1,"var":0},"silence_rate_30dB":{"dmean":0,"dmean2":0,"dvar":0,"dvar2":0,"max":1,"mean":1,"median":1,"min":1,"var":0},"silence_rate_60dB":{"dmean":0.0135736018419,"dmean2":0.0271493215114,"dvar":0.0133882695809,"dvar2":0.0303086265922,"max":1,"mean":0.0918876752257,"median":0,"min":0,"var":0.0834402367473},"spectral_centroid":{"dmean":197.288589478,"dmean2":312.302001953,"dvar":49429.921875,"dvar2":104254.851562,"max":10823.9824219,"mean":1659.60839844,"median":1744.06054688,"min":125.604530334,"var":449776.90625},"spectral_complexity":{"dmean":2.98978090286,"dmean2":4.83445167542,"dvar":8.77791786194,"dvar2":21.7628650665,"max":59,"mean":23.7325267792,"median":26,"min":0,"var":169.992782593},"spectral_contrast_coeffs":{"dmean":[0.0448866076767,0.0415349490941,0.0366714149714,0.0291165746748,0.0212723985314,0.0163547098637],"dmean2":[0.0755607411265,0.0693009346724,0.0601359717548,0.0482264682651,0.0353356301785,0.0261881537735],"dvar":[0.00140724889934,0.00121975177899,0.000873318989761,0.00054203660693,0.000321382598486,0.00023238400172],"dvar2":[0.00393126206473,0.00325365085155,0.00229097064584,0.001473637647,0.000821025867481,0.000539736356586],"max":[-0.376800209284,-0.460426300764,-0.482076197863,-0.54663670063,-0.547688782215,-0.598853290081],"mean":[-0.670294165611,-0.750822663307,-0.763993620872,-0.771331489086,-0.772923648357,-0.748072981834],"median":[-0.674939393997,-0.756118237972,-0.767887830734,-0.771124839783,-0.768014788628,-0.745270967484],"min":[-0.959622621536,-0.968495190144,-0.962430596352,-0.964549660683,-0.96339392662,-0.960829079151],"var":[0.00542986998335,0.00505553977564,0.00480519933626,0.00370691739954,0.00246141059324,0.00166544667445]},"spectral_contrast_valleys":{"dmean":[0.378658771515,0.351937502623,0.284563004971,0.235948845744,0.19600532949,0.240993708372],"dmean2":[0.633286416531,0.58406484127,0.470189094543,0.38662815094,0.309899717569,0.327477425337],"dvar":[0.11771979183,0.123998910189,0.0744129195809,0.0610286854208,0.0792180746794,0.13027331233],"dvar2":[0.287469655275,0.302419126034,0.171831101179,0.131566733122,0.162292093039,0.230257734656],"max":[-5.29314422607,-4.91438436508,-5.51567792892,-5.8919210434,-5.66049957275,-7.79966878891],"mean":[-7.17588281631,-7.04084920883,-7.38137817383,-7.61844968796,-7.44141578674,-10.5761651993],"median":[-6.79682636261,-6.72569847107,-7.04620599747,-7.21045875549,-6.91898679733,-9.93416023254],"min":[-27.4396038055,-26.9057331085,-27.5227718353,-27.1520862579,-27.0459098816,-27.1746883392],"var":[2.47725915909,2.14668416977,2.14103341103,2.29845690727,2.42999696732,2.86006212234]},"spectral_decrease":{"dmean":2.04262740056e-9,"dmean2":3.38715433479e-9,"dvar":9.87225006395e-18,"dvar2":2.53312366261e-17,"max":-9.65424986586e-29,"mean":-6.88696699669e-9,"median":-6.8152710142e-9,"min":-3.05404874723e-8,"var":2.05583019212e-17},"spectral_energy":{"dmean":0.00790877267718,"dmean2":0.0130935916677,"dvar":0.000144227335113,"dvar2":0.000369565474102,"max":0.118447080255,"mean":0.0281396154314,"median":0.028004495427,"min":1.12068085365e-20,"var":0.000332441559294},"spectral_energyband_high":{"dmean":0.000198749898118,"dmean2":0.000279041094473,"dvar":3.0574940979e-7,"dvar2":4.28108677397e-7,"max":0.0170284509659,"mean":0.000682745012455,"median":0.000376413110644,"min":8.34288468928e-21,"var":0.00000184158409411},"spectral_energyband_low":{"dmean":0.00656152376905,"dmean2":0.0110750859603,"dvar":0.000116916329716,"dvar2":0.000302800937789,"max":0.0990970730782,"mean":0.0129397362471,"median":0.0105565804988,"min":6.89112283655e-23,"var":0.000142938864883},"spectral_energyband_middle_high":{"dmean":0.00158102833666,"dmean2":0.00254414323717,"dvar":0.00000388931402995,"dvar2":0.000010261848729,"max":0.0386928878725,"mean":0.00789359863847,"median":0.00672724191099,"min":1.63720167026e-21,"var":0.0000428741150245},"spectral_energyband_middle_low":{"dmean":0.0028951948043,"dmean2":0.00476187001914,"dvar":0.0000162097985594,"dvar2":0.0000424260251748,"max":0.0491032227874,"mean":0.00804132875055,"median":0.00714233797044,"min":3.3608352327e-22,"var":0.0000374320989067},"spectral_entropy":{"dmean":0.101826488972,"dmean2":0.15371081233,"dvar":0.0159927420318,"dvar2":0.0315200537443,"max":9.79966640472,"mean":7.61687707901,"median":7.70376110077,"min":4.90586423874,"var":0.182579576969},"spectral_flux":{"dmean":0.0209519304335,"dmean2":0.0328086465597,"dvar":0.000727487087715,"dvar2":0.00160738558043,"max":0.302227079868,"mean":0.0784187242389,"median":0.0767530053854,"min":1.05862214828e-10,"var":0.00202064798214},"spectral_kurtosis":{"dmean":1.87282824516,"dmean2":3.21030879021,"dvar":14.7340211868,"dvar2":37.5362319946,"max":122.49256897,"mean":5.59105157852,"median":4.67082357407,"min":-1.23936343193,"var":39.5637588501},"spectral_rms":{"dmean":0.000681757228449,"dmean2":0.00111148797441,"dvar":8.39139204345e-7,"dvar2":0.00000207437460631,"max":0.0107497964054,"mean":0.00485528353602,"median":0.00522699346766,"min":3.30658005317e-12,"var":0.00000387960108128},"spectral_rolloff":{"dmean":428.158905029,"dmean2":718.204101562,"dvar":435190.09375,"dvar2":969061.5625,"max":18023.2910156,"mean":1767.32763672,"median":1744.18945312,"min":64.599609375,"var":1940112.25},"spectral_skewness":{"dmean":0.207728594542,"dmean2":0.345803439617,"dvar":0.0828300267458,"dvar2":0.209743350744,"max":8.66094779968,"mean":1.49921011925,"median":1.4487195015,"min":0.0153062650934,"var":0.323742389679},"spectral_spread":{"dmean":338396.40625,"dmean2":492006.0625,"dvar":251461271552,"dvar2":406418685952,"max":41101004,"mean":3739588.5,"median":3573859.25,"min":748669.3125,"var":1738171088900},"spectral_strongpeak":{"dmean":0.371589124203,"dmean2":0.669368684292,"dvar":0.79746723175,"dvar2":2.12433958054,"max":12.501868248,"mean":0.546725153923,"median":0.308140218258,"min":0,"var":0.758185744286},"zerocrossingrate":{"dmean":0.0072898613289,"dmean2":0.00901270844042,"dvar":0.0000853288947837,"dvar2":0.0000936819633353,"max":0.4921875,"mean":0.059402231127,"median":0.0576171875,"min":0.0029296875,"var":0.00112692068797}},"metadata":{"audio_properties":{"analysis_sample_rate":44100,"bit_rate":0,"codec":"flac","downmix":"mix","equal_loudness":0,"length":297.640014648,"lossless":true,"md5_encoded":"1b39291fd33ca60e743d4962ba2fbf97","replay_gain":-16.2889976501,"sample_rate":44100},"tags":{"album":["An End Has a Start"],"albumartist":["Editors"],"artist":["Editors"],"content group":["Rock"],"date":["2007-06-22"],"discnumber":["1"],"file_name":"01 - Smokers Outside The Hospital Doors.flac","genre":["Rock"],"musicbrainz_albumid":["591cf1b1-58fd-3748-9126-a4fe0f44d99d"],"musicbrainz_recordingid":["4d7c9616-fcc7-46f5-a1b1-7ff5326a4697"],"rating":["4"],"title":["Smokers Outside the Hospital Doors"],"tracknumber":["1"]},"version":{"essentia":"2.1-beta1","essentia_build_sha":"ca57ba49d9b1854bd80e60cf9ccf267278fb7d6b","essentia_git_sha":"v2.1_beta1-28-g21ef5f4-dirty","extractor":"music 1.0"}},"rhythm":{"beats_count":609,"beats_loudness":{"dmean":0.010415638797,"dmean2":0.0177408158779,"dvar":0.0000727822334738,"dvar2":0.000207219665754,"max":0.0830548256636,"mean":0.0394677296281,"median":0.0423483587801,"min":1.52605802994e-10,"var":0.000333529460477},"beats_loudness_band_ratio":{"dmean":[0.121393293142,0.0522150956094,0.0704286918044,0.0508502721786,0.0526244826615,0.021211983636],"dmean2":[0.200473979115,0.0882570073009,0.119364716113,0.0835962221026,0.0891674980521,0.0364592783153],"dvar":[0.0122852949426,0.00338676339015,0.00631950935349,0.00342785683461,0.00323686609045,0.00144543650094],"dvar2":[0.030094942078,0.00969741400331,0.0174431651831,0.00902021862566,0.0092416247353,0.00396510679275],"max":[0.995778977871,0.661431789398,0.769980192184,0.555093646049,0.440044820309,0.494200289249],"mean":[0.597548007965,0.0853425860405,0.114851862192,0.0901305451989,0.112025529146,0.0357693620026],"median":[0.623942613602,0.071069791913,0.0845939517021,0.0687139332294,0.0940296649933,0.026848686859],"min":[0.0144689809531,0.00104235380422,0.000630578317214,0.000256677885773,0.0000622739898972,0.000609261915088],"var":[0