{"lowlevel":{"average_loudness":0.931216359138,"barkbands":{"dmean":[0.000521503156051,0.00773920444772,0.00508138351142,0.00198514480144,0.000942855724134,0.000613175972831,0.000278973864624,0.0011752161663,0.000722738273907,0.000472828134662,0.000152997483383,0.000155711386469,0.000123069257825,0.00013799824228,0.000134201036417,0.0000730349711375,0.0000931851318455,0.0000841886358103,0.000109680673631,0.000143300858326,0.000182574527571,0.000129520660266,0.000146463658893,0.000142554665217,0.000119644522783,0.0000537926607649,0.0000321614606946],"dmean2":[0.000760187511332,0.0111366705969,0.00869727227837,0.0033885226585,0.00148913299199,0.00107098871376,0.000435194757301,0.00180655729491,0.00106248422526,0.000715423666406,0.000234016726608,0.000230531513807,0.000185000448255,0.000217498949496,0.000213934428757,0.000113228379632,0.000154352979735,0.000139611671329,0.000183229029062,0.000250381708611,0.000322804611642,0.000222336850129,0.000238657536102,0.000246160954703,0.000206220967812,0.0000883813772816,0.000055613963923],"dvar":[0.00000177052072559,0.000305334368022,0.000240299894358,0.0000381824611395,0.00000656167821944,0.00000370770294467,4.97418341183e-7,0.00000970974087977,0.00000291410128739,0.00000316324371852,1.32956643029e-7,1.55419158432e-7,7.69208128304e-8,1.34163485654e-7,1.3069514182e-7,4.70430023825e-8,8.41397920226e-8,7.73964288214e-8,1.60227699553e-7,3.77703287313e-7,6.49376602269e-7,2.01928415322e-7,2.01192477789e-7,2.51526046213e-7,1.67971194287e-7,4.55445032799e-8,1.5567147571e-8],"dvar2":[0.00000420723972638,0.000750833074562,0.000675028713886,0.000105371917016,0.0000160696636158,0.0000104900136648,0.00000120865115605,0.0000178819846042,0.00000605100922257,0.00000650726360618,2.82252472061e-7,3.78523765221e-7,1.69037747355e-7,3.41329013054e-7,3.32054383989e-7,1.10441881418e-7,2.24170690899e-7,2.0006173429e-7,4.03998370757e-7,0.0000010185760857,0.00000176606840796,5.23447738487e-7,4.93925028877e-7,6.73908289173e-7,4.47125131586e-7,1.17245015474e-7,4.1957221697e-8],"max":[0.02102679573,0.257694900036,0.127313584089,0.051119685173,0.0356466248631,0.0295039191842,0.0221993904561,0.0649743378162,0.0360640883446,0.0424575991929,0.00887335836887,0.0132813444361,0.00569450715557,0.0115378135815,0.00902485568076,0.00503167603165,0.00351497903466,0.00258721830323,0.003867541207,0.0055584362708,0.00747214676812,0.00379674974829,0.00473934225738,0.00482889125124,0.00387323531322,0.00349429086782,0.00165900122374],"mean":[0.000578250910621,0.00994799751788,0.00467789685354,0.00175618636422,0.00106862850953,0.000592734548263,0.000341116217896,0.00201701489277,0.00135812221561,0.00061432790244,0.000189843864064,0.000222199625568,0.000159644376254,0.000179877024493,0.00019148865249,0.000079873490904,0.0000954610368353,0.0000787631433923,0.0000987060484476,0.00011789285054,0.000132733723149,0.000100707919046,0.000134287634864,0.000109899105155,0.000089981527708,0.0000432137676398,0.0000230719742831],"median":[0.0000374480514438,0.00151030253619,0.000291721022222,0.0000777370223659,0.000142964723636,0.0000982198325801,0.0000625164830126,0.000157879447215,0.000172622312675,0.0000701178068994,0.000037696929212,0.0000498662811879,0.0000274926333077,0.0000311184157908,0.0000290887073788,0.00000831958550407,0.00000905671731743,0.00000821997400635,0.00000796548192739,0.00000571601094634,0.00000426940096077,0.00000369736426364,0.00000179689720881,0.00000122732342334,7.66103426031e-7,3.69508597942e-7,5.20298215179e-7],"min":[1.60532356048e-24,5.36601094874e-24,5.56104241084e-25,9.28418287964e-25,1.4143734872e-23,1.26121708909e-23,7.70427276904e-24,7.21926688502e-24,1.16049517094e-23,2.40718617532e-23,1.88998735106e-23,4.55460960533e-23,4.21073882586e-23,2.93438270714e-23,3.86954039158e-23,4.74209880776e-23,7.66330091135e-23,7.71788756163e-23,1.4701889619e-22,1.62056793854e-22,2.23905685012e-22,3.28134001534e-22,4.12379373233e-22,6.19868622993e-22,8.93446645153e-22,1.38582812621e-21,2.02756144914e-21],"var":[0.00000226250881497,0.000453133514384,0.000177825771971,0.0000289247673209,0.00000720250773156,0.00000269347469839,7.97211555437e-7,0.000017942777049,0.00000907084086066,0.00000550324512005,2.01767306862e-7,2.52498551845e-7,1.21156006117e-7,1.91286716245e-7,2.01591575433e-7,5.49803687022e-8,8.06797544328e-8,6.45364366392e-8,1.30469302917e-7,2.6137365694e-7,4.29046849604e-7,1.51196573484e-7,1.78481855073e-7,1.78020385988e-7,1.22805147384e-7,3.53002249653e-8,1.08442552715e-8]},"barkbands_crest":{"dmean":3.44869017601,"dmean2":5.36498689651,"dvar":8.92737770081,"dvar2":21.2764759064,"max":26.612909317,"mean":13.6343278885,"median":13.2716608047,"min":2.29505395889,"var":26.4812889099},"barkbands_flatness_db":{"dmean":0.0358616374433,"dmean2":0.0480407252908,"dvar":0.00123167491984,"dvar2":0.0022764261812,"max":0.642780840397,"mean":0.201990872622,"median":0.191433370113,"min":0.0152405556291,"var":0.00738060241565},"barkbands_kurtosis":{"dmean":12.0670318604,"dmean2":17.8863182068,"dvar":1693.83288574,"dvar2":3834.10253906,"max":1432.03686523,"mean":18.1554965973,"median":5.44598960876,"min":-1.95758116245,"var":3534.03955078},"barkbands_skewness":{"dmean":1.10373866558,"dmean2":1.5572963953,"dvar":1.69904184341,"dvar2":3.57462382317,"max":33.5739822388,"mean":2.41336321831,"median":2.00085735321,"min":-6.41662406921,"var":6.53113126755},"barkbands_spread":{"dmean":6.77032518387,"dmean2":9.9361371994,"dvar":97.4762039185,"dvar2":196.381866455,"max":118.342643738,"mean":14.3838329315,"median":10.5340232849,"min":0.0610369108617,"var":197.600845337},"dissonance":{"dmean":0.0337083376944,"dmean2":0.0564174726605,"dvar":0.00165415497031,"dvar2":0.00425034062937,"max":0.500000357628,"mean":0.447819888592,"median":0.466676563025,"min":0.119027674198,"var":0.0031860365998},"dynamic_complexity":6.30797052383,"erbbands":{"dmean":[0.225464850664,1.79028809071,5.35383653641,7.047706604,4.01159572601,3.05236339569,3.97783398628,5.03350973129,4.24782323837,6.3521156311,30.3773155212,19.1089668274,15.8327207565,9.52112865448,5.42827272415,6.5065946579,5.3338432312,5.90680789948,8.88882064819,4.30429267883,4.15052461624,5.1574549675,4.00334405899,5.70584106445,6.35994243622,6.23156929016,8.73051643372,5.48233127594,4.11648750305,5.35709285736,4.22312021255,3.17214846611,2.22892951965,1.67235267162,0.649881720543,0.271149873734,0.105072692037,0.0238878950477,0.00467984424904,0.00039780541556],"dmean2":[0.31609493494,2.64669394493,8.94703865051,12.1803703308,6.42973899841,4.82447624207,6.83300828934,8.7431640625,6.7644443512,9.83886051178,47.3425712585,28.9020271301,23.7653980255,14.4359846115,7.92343759537,9.47749328613,7.72701883316,8.56837177277,14.0094041824,6.54325389862,6.50406312943,8.63126468658,6.49467563629,9.75605487823,10.7593193054,10.7012958527,15.6388549805,9.436003685,6.94444465637,9.19874382019,6.99337244034,5.41455125809,3.82101798058,2.91386413574,1.10353815556,0.447568118572,0.17619548738,0.0402807928622,0.0079076429829,0.000691891880706],"dvar":[0.338397711515,16.4750003815,242.671798706,502.855926514,121.357940674,74.4813156128,142.984115601,258.362182617,119.088493347,400.300354004,6705.62060547,2376.78100586,4000.57006836,1355.41101074,108.774520874,309.418548584,135.336257935,231.881530762,591.932434082,105.051994324,125.835243225,303.466674805,153.100845337,482.674835205,615.912658691,646.99432373,1664.72119141,480.20526123,212.587341309,324.21887207,163.503936768,123.25415802,57.949836731,33.9357757568,5.19716501236,1.03086435795,0.190845370293,0.0101999640465,0.000380187644623,0.00000205492506211],"dvar2":[0.853752970695,40.7255973816,666.49810791,1412.95031738,304.153778076,186.942489624,393.930053711,732.235534668,305.967041016,863.290466309,12476.9365234,5174.27148438,7665.14013672,3422.99609375,228.236236572,771.407897949,294.186767578,581.469848633,1563.72387695,243.520782471,295.998687744,816.854370117,383.248199463,1273.35827637,1587.7689209,1701.06811523,4633.05566406,1255.65368652,542.326965332,852.964538574,403.788696289,326.340118408,153.769439697,91.7332382202,13.6294155121,2.65069079399,0.502599239349,0.0272329580039,0.00100810022559,0.00000560681337447],"max":[8.6366109848,56.9241676331,130.719299316,179.542556763,122.965934753,132.538070679,294.674926758,222.166610718,244.699920654,784.926696777,1781.02380371,1113.19934082,1676.48376465,1101.38305664,279.718475342,670.322998047,289.60269165,607.337402344,488.014953613,110.671577454,224.430343628,219.899261475,160.287689209,195.028625488,265.352081299,223.622665405,386.750976562,229.958892822,137.461517334,189.904464722,121.809089661,132.484924316,80.3506622314,47.1749305725,24.3577289581,14.9995737076,7.48475790024,1.54044282436,0.322359979153,0.0187162589282],"mean":[0.301230311394,2.15669035912,5.39169120789,6.16276264191,4.29684925079,3.41073274612,4.0047082901,4.86937665939,4.94121551514,9.88362884521,59.3787078857,33.1793022156,20.0160446167,14.278968811,7.76066398621,9.23022842407,7.43825244904,8.59331607819,12.4026479721,5.94599676132,4.84415054321,5.04237508774,3.98051404953,4.97252082825,5.62678766251,5.38586091995,6.37987422943,4.09161424637,3.35904502869,4.20346736908,3.7861866951,2.53986859322,1.7290084362,1.2252471447,0.506830751896,0.219671905041,0.0799215659499,0.017961313948,0.00349425640889,0.000296873709885],"median":[0.0309828519821,0.367008537054,0.622265279293,0.400185883045,0.410137742758,0.451213002205,0.566112935543,0.657777607441,0.908181905746,2.22610616684,4.37980127335,4.26101827621,3.36503076553,2.21818089485,2.05578660965,2.17374372482,1.56022202969,1.98023366928,2.0648829937,1.14175844193,0.691214442253,0.502130568027,0.432388305664,0.477309942245,0.345472425222,0.271768927574,0.203053697944,0.164488241076,0.142969459295,0.0920230299234,0.0493854358792,0.0313272513449,0.0172163173556,0.0097634056583,0.00496908975765,0.00212101242505,0.000610930146649,0.000194723907043,0.0000729589955881,0.0000218814384425],"min":[1.51212834172e-22,9.87454631248e-22,1.26304784592e-21,7.52746231989e-21,2.00979007145e-20,4.40791332927e-20,4.49792479708e-20,9.22129573141e-20,1.71583896844e-19,2.68996834606e-19,2.51970433221e-19,3.05057721712e-19,6.24776134106e-19,8.39967480655e-19,9.89608175778e-19,1.70965463014e-18,1.55710536119e-18,2.10829581819e-18,2.36606618338e-18,2.41262776647e-18,4.39916115093e-18,5.12221337284e-18,5.14389998055e-18,7.50858229076e-18,6.38169925303e-18,7.22734749994e-18,9.67477392759e-18,9.45404905294e-18,1.17925192503e-17,1.27792026188e-17,1.21388531553e-17,1.39100246906e-17,9.78369624347e-18,8.28291598834e-18,7.49124210358e-18,4.60925799548e-18,2.53785236465e-18,8.61740942329e-19,2.63090635786e-19,3.00077280168e-20],"var":[0.519372880459,21.5628910065,197.818557739,360.241485596,125.135116577,76.8968276978,113.19758606,188.143341064,148.747329712,957.03918457,13027.4638672,5472.0390625,5865.93701172,3606.77246094,222.114868164,483.38192749,231.890975952,389.894866943,777.744506836,159.528717041,155.176803589,251.162780762,143.555053711,358.704925537,476.820831299,483.60244751,1047.39550781,347.605010986,166.844284058,235.429733276,141.890701294,89.8234939575,42.5169715881,23.5715560913,4.00598335266,0.810746252537,0.139037191868,0.00724756205454,0.000276716105873,0.00000140427300721]},"erbbands_crest":{"dmean":3.39950561523,"dmean2":5.25199127197,"dvar":12.2313976288,"dvar2":25.3566513062,"max":33.7623214722,"mean":11.895190239,"median":10.3475570679,"min":1.97469007969,"var":56.5407295227},"erbbands_flatness_db":{"dmean":0.0305962860584,"dmean2":0.0389885567129,"dvar":0.00133913254831,"dvar2":0.0022015592549,"max":0.489641994238,"mean":0.194932937622,"median":0.1911893785,"min":0.0358664952219,"var":0.00859739165753},"erbbands_kurtosis":{"dmean":2.85742688179,"dmean2":4.22090435028,"dvar":35.2864608765,"dvar2":67.0269393921,"max":137.739501953,"mean":4.12782430649,"median":0.270134449005,"min":-1.87356591225,"var":118.905036926},"erbbands_skewness":{"dmean":0.550759375095,"dmean2":0.795933842659,"dvar":0.365070700645,"dvar2":0.695544183254,"max":10.8359241486,"mean":0.776464164257,"median":0.484878361225,"min":-5.49566602707,"var":2.08777117729},"erbbands_spread":{"dmean":11.0492458344,"dmean2":16.5215740204,"dvar":230.745651245,"dvar2":507.944854736,"max":189.314743042,"mean":33.3834152222,"median":27.5713481903,"min":0.591006100178,"var":616.778198242},"gfcc":{"cov":[[24868.6914062,-1147.66149902,-31.1247749329,1302.89501953,-1268.33276367,221.531158447,-379.046234131,370.665802002,-120.54914093,45.1617469788,-529.830932617,-249.78237915,-493.765869141],[-1147.66149902,4136.51269531,-24.0522003174,-7.53569221497,1313.3840332,-359.131713867,427.442169189,-58.7155647278,128.103042603,-202.663955688,249.804122925,-128.226150513,252.639404297],[-31.1247749329,-24.0522003174,2484.23535156,692.632507324,44.8305282593,750.410400391,-266.785919189,-23.9943618774,-102.886985779,-63.4705963135,-90.4806213379,201.919555664,-140.895019531],[1302.89501953,-7.53569221497,692.632507324,998.084533691,322.518310547,63.8496894836,87.341583252,85.9365463257,-64.5499267578,-6.60740995407,13.8670778275,47.7503204346,17.2052230835],[-1268.33276367,1313.3840332,44.8305282593,322.518310547,878.275817871,-94.0893554688,217.321014404,-39.3483848572,-0.613872110844,-50.9931640625,174.281768799,8.95715236664,155.144775391],[221.531158447,-359.131713867,750.410400391,63.8496894836,-94.0893554688,581.760620117,-128.518264771,-48.7778739929,-57.0812530518,14.7967309952,-34.776889801,124.660194397,-87.3062362671],[-379.046234131,427.442169189,-266.785919189,87.341583252,217.321014404,-128.518264771,363.680084229,124.350296021,61.597946167,-1.52042114735,66.2515640259,-50.151424408,78.1500854492],[370.665802002,-58.7155647278,-23.9943618774,85.9365463257,-39.3483848572,-48.7778739929,124.350296021,210.973922729,113.722915649,28.5354957581,-35.4241218567,-48.9419937134,-10.7202396393],[-120.54914093,128.103042603,-102.886985779,-64.5499267578,-0.613872110844,-57.0812530518,61.597946167,113.722915649,182.090240479,57.7512359619,-7.45302867889,-57.1453590393,0.308437764645],[45.1617469788,-202.663955688,-63.4705963135,-6.60740995407,-50.9931640625,14.7967309952,-1.52042114735,28.5354957581,57.7512359619,113.046813965,31.6412334442,-7.53030967712,-25.9015235901],[-529.830932617,249.804122925,-90.4806213379,13.8670778275,174.281768799,-34.776889801,66.2515640259,-35.4241218567,-7.45302867889,31.6412334442,140.600372314,41.6277770996,32.1426963806],[-249.78237915,-128.226150513,201.919555664,47.7503204346,8.95715236664,124.660194397,-50.151424408,-48.9419937134,-57.1453590393,-7.53030967712,41.6277770996,132.328994751,20.4455509186],[-493.765869141,252.639404297,-140.895019531,17.2052230835,155.144775391,-87.3062362671,78.1500854492,-10.7202396393,0.308437764645,-25.9015235901,32.1426963806,20.4455509186,136.50328064]],"icov":[[0.0000752341511543,-0.000115938935778,0.000149207859067,-0.000274542224361,0.000263887108304,-0.000169149570866,0.000165667253896,-0.000160051873536,0.000152533466462,-0.0000635068499832,0.00010439990001,0.0000579125880904,0.00011415156041],[-0.000115938935778,0.000937148288358,-0.000534737599082,0.000849230214953,-0.00136139744427,0.000570787291508,-0.000572828808799,0.000663495447952,-0.00103236897849,0.00136582157575,-0.000789861020166,0.000689081673045,-0.000176105779246],[0.000149207859067,-0.000534737599082,0.00147889752407,-0.00141475826968,0.000815370294731,-0.00156519934535,0.00103278353345,-0.00057821610244,0.0000168334136106,0.000441739859525,0.000491685059387,-0.000620945647825,0.000730716914404],[-0.000274542224361,0.000849230214953,-0.00141475826968,0.00329397292808,-0.00250123348087,0.00161188247148,-0.00109993421938,-0.00071695499355,0.00106767716352,-0.000912404968403,0.000510115816724,-0.000474044150906,-0.000217769338633],[0.000263887108304,-0.00136139744427,0.000815370294731,-0.00250123348087,0.00503573799506,-0.00151990109589,0.000553102465346,0.000164646757185,0.000101876372355,0.000614205433521,-0.00279743713327,0.00143715937156,-0.00180843425915],[-0.000169149570866,0.000570787291508,-0.00156519934535,0.00161188247148,-0.00151990109589,0.00472505157813,-0.00156971346587,0.00130918237846,-0.000126268336317,-0.001728576608,0.00231014424935,-0.00359653681517,0.00193108210806],[0.000165667253896,-0.000572828808799,0.00103278353345,-0.00109993421938,0.000553102465346,-0.00156971346587,0.00690899416804,-0.00530446926132,0.00161744502839,0.00116068287753,-0.00374605250545,0.00300449621864,-0.0024919367861],[-0.000160051873536,0.000663495447952,-0.00057821610244,-0.00071695499355,0.000164646757185,0.00130918237846,-0.00530446926132,0.0133288362995,-0.00789577234536,0.000838800391648,0.00327618932351,-0.00155401439406,0.00205879146233],[0.000152533466462,-0.00103236897849,0.0000168334136106,0.00106767716352,0.000101876372355,-0.000126268336317,0.00161744502839,-0.00789577234536,0.0142346322536,-0.00771586876363,0.00163302128203,0.00212233630009,-0.00159606349189],[-0.0000635068499832,0.00136582157575,0.000441739859525,-0.000912404968403,0.000614205433521,-0.001728576608,0.00116068287753,0.000838800391648,-0.00771586876363,0.0189439728856,-0.0098186461255,0.00391475157812,0.000748800521251],[0.00010439990001,-0.000789861020166,0.000491685059387,0.000510115816724,-0.00279743713327,0.00231014424935,-0.00374605250545,0.00327618932351,0.00163302128203,-0.0098186461255,0.020254060626,-0.0105855856091,0.00429116748273],[0.0000579125880904,0.000689081673045,-0.000620945647825,-0.000474044150906,0.00143715937156,-0.00359653681517,0.00300449621864,-0.00155401439406,0.00212233630009,0.00391475157812,-0.0105855856091,0.0188607443124,-0.00701727112755],[0.00011415156041,-0.000176105779246,0.000730716914404,-0.000217769338633,-0.00180843425915,0.00193108210806,-0.0024919367861,0.00205879146233,-0.00159606349189,0.000748800521251,0.00429116748273,-0.00701727112755,0.0139115089551]],"mean":[-129.339050293,103.808311462,-101.81073761,6.32915878296,-43.0561714172,15.1738777161,-16.073764801,9.1899356842,-7.22875165939,3.77885079384,-11.514966011,-7.54970264435,-11.4209527969]},"hfc":{"dmean":10.4822978973,"dmean2":16.8559970856,"dvar":868.9765625,"dvar2":2231.26464844,"max":238.45614624,"mean":12.4610023499,"median":3.13225030899,"min":1.09370409544e-16,"var":768.649658203},"melbands":{"dmean":[0.0020691989921,0.00259705260396,0.00113787280861,0.000233024940826,0.000133795299917,0.000113880232675,0.000061945131165,0.0000900757149793,0.000243070331635,0.000112273955892,0.0000774300206103,0.000038765170757,0.0000189549245988,0.0000183145675692,0.0000150929972733,0.0000122698975247,0.0000115292459668,0.0000156465866894,0.00000802469457994,0.0000055150812841,0.00000481183951706,0.00000556050372325,0.00000415043086832,0.00000399563532483,0.00000481189590573,0.00000422096309194,0.00000507131017002,0.0000039789802031,0.00000545414923181,0.00000413751922679,0.00000302028888655,0.00000242015221374,0.00000244085686063,0.00000291854325951,0.00000246398826675,0.00000201757279683,0.00000193642949853,0.00000149783079451,0.00000163390416219,0.00000132341529024],"dmean2":[0.00295778829604,0.00418104743585,0.00193887436762,0.00036666545202,0.000225825264351,0.000197708563064,0.0000978785974439,0.000139932017191,0.000382633326808,0.000168416139786,0.00011680895841,0.0000595357450948,0.0000282266810245,0.0000270993950835,0.000023109247195,0.0000180845108844,0.0000169489794644,0.000024651952117,0.0000123226136566,0.0000083789736891,0.00000760468992667,0.00000927020482777,0.00000678365404383,0.0000068081635618,0.00000825672123028,0.00000710503536538,0.00000887040823727,0.00000672939040669,0.000009753131053,0.00000733777915229,0.00000514705516252,0.00000409316680816,0.00000421970116804,0.00000494138703289,0.00000405173159379,0.000003360785513,0.0000033549604268,0.0000025556091714,0.00000289412628263,0.00000230353725783],"dvar":[0.0000247337502515,0.0000466575475002,0.0000122055062093,4.06287767873e-7,1.58407758022e-7,1.29356180878e-7,2.57859671393e-8,6.99591780062e-8,4.02510465847e-7,9.23296639144e-8,9.7542638855e-8,2.36994761593e-8,1.38950273509e-9,2.16897055871e-9,1.10422149202e-9,9.26065113482e-10,9.77153358228e-10,1.80828763074e-9,3.98842570082e-10,2.7997121288e-10,1.5550861987e-10,3.30748151089e-10,1.70185907034e-10,1.94107271922e-10,3.55575791033e-10,2.43025266577e-10,4.95671392819e-10,2.40118813721e-10,6.3029870212e-10,3.25684784697e-10,1.46624143382e-10,7.36193259132e-11,7.40645392239e-11,9.35802546564e-11,5.45135846186e-11,4.11784356613e-11,4.92158119814e-11,2.7124929039e-11,3.25636427545e-11,2.15663077674e-11],"dvar2":[0.0000623856685706,0.000123013247503,0.0000339048601745,9.83635572993e-7,4.29860619988e-7,3.659538379e-7,6.50336744457e-8,1.4537394577e-7,7.61256103488e-7,1.97515163336e-7,1.88912750332e-7,6.09628187931e-8,2.92615864872e-9,5.36471889134e-9,2.59811372416e-9,2.09719708266e-9,2.40728148526e-9,4.81127937491e-9,9.97807725334e-10,6.51714238131e-10,3.65029340088e-10,8.83985828981e-10,4.32510777193e-10,5.23762477833e-10,9.39880728801e-10,6.22636497916e-10,1.33836930427e-9,6.14994721815e-10,1.75786407652e-9,8.88204565452e-10,3.78646475285e-10,1.88037946325e-10,1.94842725287e-10,2.4361726525e-10,1.33035499283e-10,1.03666769613e-10,1.32818575582e-10,7.11228922978e-11,8.88480955474e-11,5.81798671739e-11],"max":[0.0762615799904,0.0560374036431,0.0295130498707,0.00843416061252,0.00994914025068,0.00491184508428,0.0044782422483,0.00989304389805,0.0134618496522,0.00625033630058,0.0082637751475,0.0045326766558,0.000765707634855,0.00163301348221,0.00098056322895,0.000629773654509,0.00128703890368,0.000694654881954,0.000537916668691,0.000363719795132,0.000259030988673,0.000234120714595,0.000133985522552,0.000139817435411,0.000170772866113,0.000147952261614,0.000242315014475,0.000139929979923,0.00022047253151,0.000188063408132,0.000136097660288,0.0000784021685831,0.0000856247061165,0.000108087544504,0.000077971155406,0.0000685702616465,0.0000799283516244,0.0000564318652323,0.0000591588795942,0.0000421889963036],"mean":[0.00272427126765,0.00290644587949,0.00103229621891,0.00026193051599,0.000139570533065,0.000110853798105,0.0000733511624276,0.000140897580422,0.000496125780046,0.000181953742867,0.0000946391082834,0.0000581348176638,0.0000250010853051,0.0000254141395999,0.0000194733947865,0.0000158355651365,0.0000156545011123,0.0000206235799851,0.0000114602635222,0.00000624131098448,0.00000563580033486,0.00000551627090317,0.00000402447085435,0.00000354709618478,0.00000407807328884,0.00000372663748749,0.00000417846194978,0.00000343915849044,0.00000410235497839,0.00000290763159683,0.00000226963425121,0.0000019894646357,0.00000184090970379,0.00000240099075199,0.00000227563077715,0.00000174239187345,0.00000148384253862,0.00000118274101624,0.00000119424839795,9.64738774201e-7],"median":[0.000383342267014,0.00052887853235,0.0000849188654684,0.0000350529917341,0.0000202800092666,0.0000165439978446,0.0000132687046062,0.0000206326531043,0.0000360652302334,0.0000248130199907,0.0000130250018628,0.00000788703164289,0.00000565457094126,0.00000553905829292,0.00000424656718678,0.00000260578599409,0.00000296743246508,0.00000285522241938,0.00000186088232113,6.6436268753e-7,6.66436960728e-7,5.44044894468e-7,3.23278726455e-7,4.00706738901e-7,3.65923114032e-7,2.21484498297e-7,1.89245284332e-7,1.40277691685e-7,1.14784519667e-7,1.15098011122e-7,8.48589678526e-8,8.75735324257e-8,5.26026013858e-8,4.47680044147e-8,3.00945579568e-8,2.07445189915e-8,1.74629590788e-8,1.10450297797e-8,1.23059775703e-8,6.61279253578e-9],"min":[1.45051246745e-24,7.71645988117e-25,1.54496199477e-24,1.99324877024e-24,1.57237234743e-24,2.28042865241e-24,2.63688551041e-24,2.88060211492e-24,1.93021128974e-24,1.82054463555e-24,3.15317781515e-24,2.82537376573e-24,2.92701573236e-24,4.05845348795e-24,3.00453295199e-24,3.93344861676e-24,3.4544029713e-24,2.45575752454e-24,2.88970241432e-24,3.66350909246e-24,3.48354862074e-24,4.40580827161e-24,4.53901650736e-24,3.11682039932e-24,5.11328594712e-24,4.95090642395e-24,4.39133385729e-24,4.62224212172e-24,5.79325367627e-24,4.48522053236e-24,4.72767140955e-24,6.21146552416e-24,5.60410770817e-24,6.57271451495e-24,6.04854997002e-24,6.86493580994e-24,7.30017719262e-24,5.84161755508e-24,7.62893103057e-24,5.38506864492e-24],"var":[0.0000365868290828,0.0000454250330222,0.00000923166771827,4.49224017984e-7,1.32752532522e-7,9.53376542157e-8,3.53019480315e-8,1.652817474e-7,8.56071210364e-7,2.07655673989e-7,1.40451916764e-7,6.41577599936e-8,2.50264298174e-9,3.41058981057e-9,1.70260361365e-9,1.4289546213e-9,1.62544921967e-9,2.19393414547e-9,7.00295321732e-10,3.38659295052e-10,2.15952186688e-10,3.03243929967e-10,1.5652627805e-10,1.45114906203e-10,2.63289279268e-10,1.95699761951e-10,3.39173050756e-10,1.91268917371e-10,4.05092681621e-10,2.1191780275e-10,1.09485906452e-10,5.80903485037e-11,5.32426915056e-11,7.07020622603e-11,4.94286035713e-11,3.43083651766e-11,3.39496000756e-11,2.0511451912e-11,2.19568929011e-11,1.50870635429e-11]},"melbands_crest":{"dmean":3.73971438408,"dmean2":5.93705320358,"dvar":11.9999074936,"dvar2":29.0504417419,"max":39.1974029541,"mean":18.2287578583,"median":17.8289871216,"min":1.62229681015,"var":36.7772865295},"melbands_flatness_db":{"dmean":0.0423210822046,"dmean2":0.0536015145481,"dvar":0.00165029859636,"dvar2":0.00275989156216,"max":0.801222383976,"mean":0.292434006929,"median":0.279054313898,"min":0.00262575084344,"var":0.01146251522},"melbands_kurtosis":{"dmean":20.017414093,"dmean2":29.3923530579,"dvar":1720.43078613,"dvar2":3695.93408203,"max":1629.75817871,"mean":32.854511261,"median":12.8196344376,"min":-1.94739639759,"var":4034.74804688},"melbands_skewness":{"dmean":1.36987686157,"dmean2":1.94927823544,"dvar":2.28268504143,"dvar2":4.64804935455,"max":34.7236480713,"mean":3.46274375916,"median":2.9262111187,"min":-5.13765335083,"var":9.79335021973},"melbands_spread":{"dmean":7.08927059174,"dmean2":10.3518390656,"dvar":163.023620605,"dvar2":292.976379395,"max":280.822631836,"mean":15.7078676224,"median":10.5200405121,"min":0.120051391423,"var":478.246734619},"mfcc":{"cov":[[17967.8125,90.3750839233,209.69468689,612.30291748,-336.71572876,-22.3578491211,-343.805389404,48.9121437073,25.6095352173,226.886657715,51.7387962341,7.89388847351,-169.485809326],[90.3750839233,3314.36987305,-557.017333984,264.203369141,387.321075439,32.0685081482,257.060668945,52.6625785828,140.690582275,-14.0438766479,0.530985593796,89.3588562012,64.5192718506],[209.69468689,-557.017333984,2139.38647461,16.9696731567,438.111297607,503.377532959,-40.6182632446,222.831985474,-74.8736953735,-76.633644104,-3.68284511566,-48.6748580933,-9.0616979599],[612.30291748,264.203369141,16.9696731567,987.99609375,343.827728271,29.485326767,239.048721313,73.6840133667,149.029708862,-2.04134488106,-28.5406093597,82.740852356,74.2816085815],[-336.71572876,387.321075439,438.111297607,343.827728271,576.483886719,270.911621094,143.38117981,80.0265579224,-14.2040529251,-88.7033309937,-22.8253593445,38.2791900635,57.084072113],[-22.3578491211,32.0685081482,503.377532959,29.485326767,270.911621094,384.73538208,135.344680786,82.2012329102,-66.6071090698,-79.6676712036,-3.63917064667,15.136844635,8.95786571503],[-343.805389404,257.060668945,-40.6182632446,239.048721313,143.38117981,135.344680786,277.059356689,80.5932846069,29.7486362457,-43.8641204834,-8.29707336426,48.7898330688,36.3928146362],[48.9121437073,52.6625785828,222.831985474,73.6840133667,80.0265579224,82.2012329102,80.5932846069,164.006286621,70.3018493652,10.9318971634,6.54895591736,19.1138877869,12.4514474869],[25.6095352173,140.690582275,-74.8736953735,149.029708862,-14.2040529251,-66.6071090698,29.7486362457,70.3018493652,190.713882446,112.74798584,11.3768844604,3.30036902428,15.9753551483],[226.886657715,-14.0438766479,-76.633644104,-2.04134488106,-88.7033309937,-79.6676712036,-43.8641204834,10.9318971634,112.74798584,176.644424438,80.8735046387,2.36508512497,-8.15828704834],[51.7387962341,0.530985593796,-3.68284511566,-28.5406093597,-22.8253593445,-3.63917064667,-8.29707336426,6.54895591736,11.3768844604,80.8735046387,124.883804321,74.9183273315,4.94302988052],[7.89388847351,89.3588562012,-48.6748580933,82.740852356,38.2791900635,15.136844635,48.7898330688,19.1138877869,3.30036902428,2.36508512497,74.9183273315,136.502243042,60.120136261],[-169.485809326,64.5192718506,-9.0616979599,74.2816085815,57.084072113,8.95786571503,36.3928146362,12.4514474869,15.9753551483,-8.15828704834,4.94302988052,60.120136261,97.6954650879]],"icov":[[0.0000744385033613,-0.0000338551835739,0.0000125591705,-0.000176818692125,0.000172966378159,-0.000181547831744,0.00027041460271,-0.000176611210918,0.00027980300365,-0.000293058430543,0.000244021823164,-0.000171267311089,0.000147283601109],[-0.0000338551835739,0.000427204678999,0.000138240880915,0.000277012994047,-0.000590404204559,0.000236756168306,-0.000407675019233,0.000183830867172,-0.000619197322521,0.000309628841933,-0.000153307089931,-0.0000883240427356,0.000102255908132],[0.0000125591705,0.000138240880915,0.00108666718006,-0.000256537925452,-0.000279437197605,-0.00131088960916,0.00136059464421,-0.00146626331843,0.000254054437391,0.00029895757325,-0.000721741700545,0.000942289712839,-0.000370075576939],[-0.000176818692125,0.000277012994047,-0.000256537925452,0.00270048901439,-0.00207118620165,0.00185717199929,-0.00260138558224,0.00150648073759,-0.00223716814071,0.000168741782545,0.00117083324585,-0.00165740319062,0.000590806128457],[0.000172966378159,-0.000590404204559,-0.000279437197605,-0.00207118620165,0.00502760428935,-0.00306911068037,0.00165843660943,-0.0006546213408,0.000770994811319,0.00103696144652,-0.000969975430053,0.00119669979904,-0.00167857541237],[-0.000181547831744,0.000236756168306,-0.00131088960916,0.00185717199929,-0.00306911068037,0.00814488623291,-0.00486357090995,0.000231123456615,0.00115270295646,-0.0000904498592718,0.000047167242883,-0.000551172182895,0.000964534701779],[0.00027041460271,-0.000407675019233,0.00136059464421,-0.00260138558224,0.00165843660943,-0.00486357090995,0.00967673119158,-0.00397651735693,0.000432562839705,0.00151000288315,-0.000784679083154,0.000247763091465,-0.000835889484733],[-0.000176611210918,0.000183830867172,-0.00146626331843,0.00150648073759,-0.0006546213408,0.000231123456615,-0.00397651735693,0.0128737604246,-0.00793970096856,0.00340540823527,-0.00145201291889,-0.00124169618357,0.000912872899789],[0.00027980300365,-0.000619197322521,0.000254054437391,-0.00223716814071,0.000770994811319,0.00115270295646,0.000432562839705,-0.00793970096856,0.0203142464161,-0.0171472001821,0.0118656428531,-0.00436589308083,0.000246106821578],[-0.000293058430543,0.000309628841933,0.00029895757325,0.000168741782545,0.00103696144652,-0.0000904498592718,0.00151000288315,0.00340540823527,-0.0171472001821,0.0290547832847,-0.0255383048207,0.0145914573222,-0.00486455345526],[0.000244021823164,-0.000153307089931,-0.000721741700545,0.00117083324585,-0.000969975430053,0.000047167242883,-0.000784679083154,-0.00145201291889,0.0118656428531,-0.0255383048207,0.0384207367897,-0.0256240330637,0.0103589324281],[-0.000171267311089,-0.0000883240427356,0.000942289712839,-0.00165740319062,0.00119669979904,-0.000551172182895,0.000247763091465,-0.00124169618357,-0.00436589308083,0.0145914573222,-0.0256240330637,0.0285440534353,-0.0138105750084],[0.000147283601109,0.000102255908132,-0.000370075576939,0.000590806128457,-0.00167857541237,0.000964534701779,-0.000835889484733,0.000912872899789,0.000246106821578,-0.00486455345526,0.0103589324281,-0.0138105750084,0.0185559280217]],"mean":[-773.705078125,139.353881836,5.54668712616,6.5751786232,0.518830299377,8.60580635071,4.91208982468,7.65159511566,6.8711104393,14.3550300598,8.15116596222,2.70101690292,-0.0530590824783]},"pitch_salience":{"dmean":0.101231969893,"dmean2":0.158361747861,"dvar":0.00951246079057,"dvar2":0.0235313475132,"max":0.932483077049,"mean":0.472110897303,"median":0.476598143578,"min":0.0237849298865,"var":0.0224606059492},"silence_rate_20dB":{"dmean":0,"dmean2":0,"dvar":0,"dvar2":0,"max":1,"mean":1,"median":1,"min":1,"var":0},"silence_rate_30dB":{"dmean":0.0645161271095,"dmean2":0.129044011235,"dvar":0.0603473894298,"dvar2":0.149739861488,"max":1,"mean":0.942870140076,"median":1,"min":0,"var":0.0538623146713},"silence_rate_60dB":{"dmean":0.111900858581,"dmean2":0.223822101951,"dvar":0.0993772894144,"dvar2":0.180995896459,"max":1,"mean":0.309703886509,"median":0,"min":0,"var":0.213804319501},"spectral_centroid":{"dmean":256.020263672,"dmean2":344.385528564,"dvar":133942.265625,"dvar2":219414.90625,"max":11823.1396484,"mean":1055.65063477,"median":812.169921875,"min":58.0546684265,"var":868903.875},"spectral_complexity":{"dmean":4.1714053154,"dmean2":5.7676115036,"dvar":52.3092536926,"dvar2":90.4524078369,"max":65,"mean":9.4453754425,"median":6,"min":0,"var":115.759986877},"spectral_contrast_coeffs":{"dmean":[0.0498994775116,0.052306689322,0.0460653156042,0.034205429256,0.0231329407543,0.017407329753],"dmean2":[0.0776882022619,0.0800192281604,0.0702241286635,0.0510056316853,0.0349410288036,0.0265091508627],"dvar":[0.00207731407136,0.00221504527144,0.00181684573181,0.00100052333437,0.000518197834026,0.000424476806074],"dvar2":[0.00490915169939,0.0048918039538,0.00374357076362,0.00192603236064,0.00106892292388,0.000864430097863],"max":[-0.361983209848,-0.299628019333,-0.448283731937,-0.488129019737,-0.561287939548,-0.630228042603],"mean":[-0.737522006035,-0.767446994781,-0.810121536255,-0.808679461479,-0.81263178587,-0.800100386143],"median":[-0.745066285133,-0.791798532009,-0.821337461472,-0.820337235928,-0.823317885399,-0.806502759457],"min":[-0.981645345688,-0.991938114166,-0.9929459095,-0.992450237274,-0.967432200909,-0.963486433029],"var":[0.00590780982748,0.0147835714743,0.0101871211082,0.00776703283191,0.00387101015076,0.00257442542352]},"spectral_contrast_valleys":{"dmean":[0.792441129684,0.671270787716,0.639442741871,0.561572372913,0.478805065155,0.504150927067],"dmean2":[0.936035573483,0.863975524902,0.817039310932,0.718506753445,0.626706182957,0.635108232498],"dvar":[0.75915825367,0.601813554764,0.555565714836,0.53346735239,0.561557948589,0.787745296955],"dvar2":[1.14663076401,0.928268373013,0.846359491348,0.807919979095,0.966866374016,1.35912883282],"max":[-4.79181432724,-4.39988470078,-5.1346578598,-5.75007867813,-5.3885269165,-7.32021427155],"mean":[-8.1472568512,-7.56897068024,-8.03565597534,-8.72810649872,-9.26447868347,-11.6865148544],"median":[-7.7188615799,-7.30673408508,-7.80924654007,-8.54004955292,-8.96893596649,-11.6969442368],"min":[-27.9587287903,-27.8014945984,-27.7473621368,-27.6975440979,-27.5584888458,-27.3658714294],"var":[5.12504005432,3.71912097931,3.40563106537,3.324696064,3.51864790916,4.29383420944]},"spectral_decrease":{"dmean":4.21442480913e-9,"dmean2":6.441504663e-9,"dvar":8.3126020116e-17,"dvar2":2.08502824499e-16,"max":2.41073249297e-28,"mean":-6.32463681427e-9,"median":-2.26704499617e-9,"min":-7.52806812443e-8,"var":1.14214782876e-16},"spectral_energy":{"dmean":0.0165404286236,"dmean2":0.0254856199026,"dvar":0.00128922075965,"dvar2":0.00323173077777,"max":0.286141782999,"mean":0.0250008814037,"median":0.00907051470131,"min":1.00913902156e-20,"var":0.00175264757127},"spectral_energyband_high":{"dmean":0.000861651846208,"dmean2":0.00146607076749,"dvar":0.00000868434653967,"dvar2":0.0000224611831072,"max":0.0246941167861,"mean":0.000691817956977,"median":0.0000287139300781,"min":7.25035923806e-21,"var":0.00000656689690004},"spectral_energyband_low":{"dmean":0.0130225028843,"dmean2":0.0200687348843,"dvar":0.000895072822459,"dvar2":0.00232302909717,"max":0.280624747276,"mean":0.0163050033152,"median":0.00247006490827,"min":2.00869419345e-23,"var":0.0011328792898},"spectral_energyband_middle_high":{"dmean":0.00106929964386,"dmean2":0.00162609340623,"dvar":0.00000558912506676,"dvar2":0.0000129371856019,"max":0.0351829491556,"mean":0.00182391167618,"median":0.000646696891636,"min":1.26239252339e-21,"var":0.0000103352122096},"spectral_energyband_middle_low":{"dmean":0.00496468506753,"dmean2":0.00788059830666,"dvar":0.000123201403767,"dvar2":0.000299650972011,"max":0.0970276817679,"mean":0.00742381857708,"median":0.00164491252508,"min":1.57830026637e-22,"var":0.000154169538291},"spectral_entropy":{"dmean":0.264485418797,"dmean2":0.342697650194,"dvar":0.0863625630736,"dvar2":0.149431720376,"max":9.82269287109,"mean":7.21641635895,"median":7.20534133911,"min":4.72085571289,"var":0.480275481939},"spectral_flux":{"dmean":0.039817173034,"dmean2":0.0624695532024,"dvar":0.00416379282251,"dvar2":0.00966349709779,"max":0.503702282906,"mean":0.0763177871704,"median":0.0521259307861,"min":6.50047030093e-11,"var":0.0061327018775},"spectral_kurtosis":{"dmean":5.70840597153,"dmean2":8.22623157501,"dvar":110.324493408,"dvar2":196.601501465,"max":292.712188721,"mean":12.3337287903,"median":6.48972702026,"min":-1.2406733036,"var":405.555480957},"spectral_rms":{"dmean":0.00132199167274,"dmean2":0.00183386751451,"dvar":0.00000458952990812,"dvar2":0.00000980921049631,"max":0.0167081635445,"mean":0.00371853448451,"median":0.00297477445565,"min":3.1377155648e-12,"var":0.0000105635426735},"spectral_rolloff":{"dmean":480.16116333,"dmean2":797.117370605,"dvar":1268466.75,"dvar2":2764304.25,"max":19832.0800781,"mean":1085.83654785,"median":624.462890625,"min":21.533203125,"var":3315227.5},"spectral_skewness":{"dmean":0.517807364464,"dmean2":0.730974555016,"dvar":0.394024223089,"dvar2":0.772759795189,"max":15.2248706818,"mean":2.26101088524,"median":1.9544955492,"min":-0.0747319236398,"var":1.87175536156},"spectral_spread":{"dmean":954942.125,"dmean2":1311183,"dvar":1893998526460,"dvar2":3658943823870,"max":42592648,"mean":4594267.5,"median":3996414.5,"min":328714.125,"var":11555525623800},"spectral_strongpeak":{"dmean":0.328509837389,"dmean2":0.551700472832,"dvar":0.323650985956,"dvar2":0.76892465353,"max":6.09022760391,"mean":0.618889033794,"median":0.238028362393,"min":0,"var":0.695903360844},"zerocrossingrate":{"dmean":0.0119286747649,"dmean2":0.0127819506451,"dvar":0.000242099165916,"dvar2":0.000267232826445,"max":0.513671875,"mean":0.0453239791095,"median":0.0361328125,"min":0,"var":0.0022283482831}},"metadata":{"audio_properties":{"analysis_sample_rate":44100,"bit_rate":0,"codec":"flac","downmix":"mix","equal_loudness":0,"length":254.813339233,"lossless":true,"md5_encoded":"d0c1c0a2c6ca0cb229e33ff68a70e760","replay_gain":-11.9189472198},"tags":{"album":["The Fall"],"albumartist":["Gorillaz"],"albumartistsort":["Gorillaz"],"artist":["Gorillaz"],"artistsort":["Gorillaz"],"date":["2011-04-19"],"discnumber":["1"],"disctotal":["1"],"file_name":"01 - Phoner to Arizona.flac","musicbrainz_albumartistid":["e21857d5-3256-4547-afb3-4b6ded592596"],"musicbrainz_albumid":["7cf23595-497a-4024-9fa2-af7ccef2a334"],"musicbrainz_artistid":["e21857d5-3256-4547-afb3-4b6ded592596"],"musicbrainz_recordingid":["4d88ec25-a3a0-47c5-93e5-8824092ae834"],"musicbrainz_releasegroupid":["d7dcf004-6ff8-491b-bd17-01eef10ebb72"],"releasecountry":["US"],"releasetype":["album"],"replaygain_album_gain":["-7.85 dB"],"replaygain_album_peak":["1.00000000"],"replaygain_reference_loudness":["89.0 dB"],"replaygain_track_gain":["-5.99 dB"],"replaygain_track_peak":["0.98068237"],"title":["Phoner to Arizona"],"totaldiscs":["1"],"totaltracks":["15"],"tracknumber":["1"],"tracktotal":["15"]},"version":{"essentia":"2.1-beta1","essentia_build_sha":"0a826ad6289770054bb7564d59068f1232327ff9","essentia_git_sha":"v2.1_beta1-5-gf9dded9","extractor":"music 1.0"}},"rhythm":{"beats_count":509,"beats_loudness":{"dmean":0.0330166518688,"dmean2":0.0576546043158,"dvar":0.000982028665021,"dvar2":0.00256752804853,"max":0.201489835978,"mean":0.0844637528062,"median":0.0779025107622,"min":0,"var":0.0016131993616},"beats_loudness_band_ratio":{"dmean":[0.150337874889,0.0350732132792,0.0716386958957,0.0414000600576,0.0274647865444,0.0495449081063],"dmean2":[0.276735901833,0.0611554943025,0.128549575806,0.0767748504877,0.0517210103571,0.0904067382216],"dvar":[0.0263847839087,0.00117612339091,0.00928966235369,0.0102788256481,0.00258456915617,0.00334945111535],"dvar2":[0.07894337177