{"lowlevel":{"average_loudness":0.942797720432,"barkbands":{"dmean":[0.000051183753385,0.00539015373215,0.00522411754355,0.00319260545075,0.00198441836983,0.000751881976612,0.000658195349388,0.000792026228737,0.000667281914502,0.000457791786175,0.000278175488347,0.000298004742945,0.000256446219282,0.000291006203042,0.000413239496993,0.000247896881774,0.000368902488844,0.000331240822561,0.000226568532526,0.000131374516059,0.0000856054321048,0.000092223919637,0.000036297544284,0.0000280703170574,0.0000108654239739,0.00000395003371523,3.41222317957e-7],"dmean2":[0.0000884682667674,0.00962580274791,0.00947342254221,0.005772233475,0.00332529237494,0.00124814605806,0.00108126539271,0.00123437715229,0.000976135837846,0.000709190848283,0.000434983026935,0.000462945637992,0.000414417911088,0.000466043158667,0.000653188908473,0.000394265633076,0.000589234638028,0.00054022326367,0.000375298201106,0.000216126616579,0.000138182062074,0.000144266756251,0.0000547921881662,0.0000405961836805,0.0000161692150868,0.00000601891088081,5.54301948341e-7],"dvar":[1.86713737804e-8,0.000159758375958,0.000136085815029,0.0000685873601469,0.00000949291552388,0.00000177154572611,0.00000169801580796,0.0000039291126086,0.00000306308174913,0.00000103283605313,4.22549760515e-7,3.67874179119e-7,2.60779017935e-7,3.11514838813e-7,3.9577915345e-7,1.79449514803e-7,5.28588941506e-7,3.62157123845e-7,1.0994719446e-7,3.41698545014e-8,1.77439893889e-8,4.7088235533e-8,1.27514638848e-8,1.52226746764e-8,2.1935440131e-9,6.23613327644e-10,2.91792805196e-12],"dvar2":[5.15303106852e-8,0.000454690336483,0.000407473533414,0.000198915106012,0.0000259600328718,0.00000482946688862,0.00000429206511399,0.00000845474914968,0.00000538527592653,0.00000229190550272,9.06299476355e-7,7.50472622713e-7,6.01563840519e-7,6.86014800522e-7,8.66155971835e-7,3.87449830441e-7,0.00000118539924188,8.53222616115e-7,2.75213778878e-7,8.8945583343e-8,4.41472387536e-8,1.11378383849e-7,2.51140725993e-8,3.13336485647e-8,4.78173900476e-9,1.380183412e-9,5.94159053555e-12],"max":[0.00146639253944,0.106682538986,0.102996721864,0.0787810832262,0.0446317717433,0.0186593718827,0.0280567798764,0.0495417714119,0.0647108331323,0.0336198322475,0.0198124088347,0.0175441447645,0.0117127690464,0.0139814773574,0.0203056391329,0.0132887652144,0.020546277985,0.0180306155235,0.0121010532603,0.00386391929351,0.00216465536505,0.00655960524455,0.00578093715012,0.005624496378,0.00207841861993,0.00119492958765,0.0000922406325117],"mean":[0.0000504388699483,0.00823691114783,0.00789288617671,0.00298207113519,0.00360708148219,0.00132282881532,0.00116124330088,0.00151720852591,0.00128533004317,0.000834035512526,0.000480162416352,0.000523952301592,0.000445356534328,0.000536488485523,0.000862759887241,0.000512004597113,0.000766980927438,0.000711250526365,0.000549653253984,0.000344635802321,0.000250015407801,0.000213091843762,0.0000833069934743,0.0000580741034355,0.0000205177475436,0.00000635282594885,4.07135928526e-7],"median":[0.00000906708737602,0.0051007703878,0.00443105399609,0.000906497705728,0.00235431711189,0.000800095614977,0.000646748812869,0.000585158239119,0.000509519712068,0.00043415548862,0.000222989416216,0.000269837095402,0.000273219950031,0.000310935924063,0.000624733045697,0.000376804295229,0.000579317798838,0.000565190857742,0.0004883959773,0.000311273091938,0.000212518963963,0.000133459820063,0.0000476476088807,0.0000271263888862,0.00000970695873548,0.00000189239744941,6.70964936944e-8],"min":[4.1485920482e-23,1.68988789152e-23,8.16943564586e-24,2.12293702974e-23,1.36302883436e-22,8.31394581291e-23,5.90593275359e-23,5.83382392488e-23,8.10060248317e-23,1.07850816286e-22,1.08414050351e-22,2.10308676501e-22,1.25850388089e-22,1.33133480132e-22,1.42984358598e-22,1.70361694272e-22,2.07637959508e-22,1.27221870104e-22,2.11868323931e-22,2.98287291413e-22,4.67705962426e-22,5.69315336474e-22,5.78300474806e-22,1.03325713234e-21,1.17714445268e-21,1.79184425708e-21,2.23344258386e-21],"var":[1.65535372076e-8,0.000128395986394,0.000116187366075,0.0000472386163892,0.0000166828485817,0.00000280056929114,0.00000329883482664,0.0000109578322736,0.0000109926122605,0.00000217065189645,9.55703285399e-7,9.08930701371e-7,4.50549265452e-7,6.56407451061e-7,0.00000103093111647,4.4969297619e-7,0.0000011443872836,8.11489485386e-7,2.819578242e-7,9.75913820866e-8,5.94681921484e-8,9.86614523413e-8,3.42790187347e-8,3.05856602267e-8,3.84474496684e-9,1.07592801335e-9,5.71174574651e-12]},"barkbands_crest":{"dmean":2.1832857132,"dmean2":3.63971066475,"dvar":5.03808307648,"dvar2":13.8464984894,"max":26.730298996,"mean":8.86928749084,"median":8.20565986633,"min":1.96310436726,"var":12.2801418304},"barkbands_flatness_db":{"dmean":0.0199674107134,"dmean2":0.0323220379651,"dvar":0.000543951231521,"dvar2":0.00138693081681,"max":0.630620419979,"mean":0.1512170434,"median":0.123829759657,"min":0.0178972762078,"var":0.00960378069431},"barkbands_kurtosis":{"dmean":3.87858629227,"dmean2":6.27821540833,"dvar":123.22303009,"dvar2":278.88067627,"max":368.734405518,"mean":9.87632274628,"median":0.666587710381,"min":-1.88887560368,"var":1193.96142578},"barkbands_skewness":{"dmean":0.567027032375,"dmean2":0.905420541763,"dvar":0.607431590557,"dvar2":1.44468307495,"max":15.5362291336,"mean":1.67070162296,"median":1.26852369308,"min":-2.5172355175,"var":3.37892508507},"barkbands_spread":{"dmean":5.42703151703,"dmean2":8.70277309418,"dvar":46.6302108765,"dvar2":108.584747314,"max":109.536132813,"mean":25.5523452759,"median":26.4044876099,"min":0.263963133097,"var":196.881591797},"dissonance":{"dmean":0.0127574400976,"dmean2":0.0214141812176,"dvar":0.000208800658584,"dvar2":0.000554298690986,"max":0.500000119209,"mean":0.471135139465,"median":0.479621738195,"min":0.173845276237,"var":0.000754143984523},"dynamic_complexity":3.52177238464,"erbbands":{"dmean":[0.0854493305087,1.46771430969,5.69540548325,8.42336463928,8.84976196289,6.56561470032,6.32717514038,6.30403232574,8.60850334167,13.7574748993,15.5146417618,16.5825538635,16.0283069611,9.26804733276,10.4731941223,12.3770008087,10.5228385925,12.8213758469,19.1883659363,17.0367012024,14.1839475632,17.9047603607,19.5109272003,10.6779508591,11.102388382,5.42121124268,3.88939809799,3.24693489075,3.54392671585,1.95169091225,0.994901120663,0.730805397034,0.390094488859,0.170619115233,0.0552135519683,0.0234099086374,0.00599459931254,0.000850841868669,0.0000623840242042,0.000015842517314],"dmean2":[0.152776405215,2.61890435219,10.2196617126,15.4459848404,15.3019962311,11.0192060471,10.5090675354,10.3997821808,14.0266447067,21.7649269104,23.808347702,24.4326095581,23.9838428497,14.5864620209,16.1015586853,19.3161697388,16.7511043549,20.3652057648,30.1686553955,27.1262950897,22.422164917,28.4362239838,31.4396953583,17.414068222,18.6066074371,8.85237503052,6.38030433655,5.23215913773,5.59135627747,3.01953053474,1.48640394211,1.08766531944,0.566610634327,0.257172077894,0.0818786323071,0.0358872152865,0.00918380357325,0.00129356072284,0.00010161602404,0.0000267964423983],"dvar":[0.0517932735384,11.2089605331,147.838882446,533.019287109,312.534332275,114.703300476,133.360427856,133.809310913,347.740966797,718.452697754,1873.42041016,2154.67797852,1226.89697266,647.926086426,649.673950195,529.266967773,439.056488037,549.51953125,1077.43029785,702.343811035,544.43762207,1588.37060547,1207.27807617,313.016418457,219.800308228,65.0609893799,34.2071495056,30.5292663574,63.8333930969,29.9076290131,11.5232419968,7.76238775253,3.60235786438,0.519993901253,0.0627705007792,0.0232154149562,0.00129545596428,0.0000252286863542,7.64630669892e-8,9.37089961184e-10],"dvar2":[0.145278871059,31.9740409851,436.692474365,1579.10009766,855.54864502,317.489074707,353.101531982,358.768066406,896.059936523,1756.25537109,3690.04907227,4130.14208984,2442.7644043,1551.99072266,1330.51220703,1117.01843262,1020.54187012,1238.45605469,2386.40698242,1641.56811523,1144.58068848,3318.49414063,2884.02685547,737.241577148,588.379516602,166.55632019,87.7951812744,75.5173034668,150.031051636,69.4421081543,22.3259601593,15.6156110764,7.85459804535,1.13943362236,0.134707480669,0.0528469458222,0.00278909271583,0.0000448708779004,1.70208394934e-7,2.49468445901e-9],"max":[2.00629925728,28.3776111603,107.281684875,220.910293579,167.602325439,172.099365234,275.900878906,176.383117676,497.505432129,752.135925293,1036.07910156,1489.55102539,1268.3001709,1225.63684082,770.291809082,751.152282715,554.995727539,563.249389648,1025.56530762,681.333740234,858.33404541,1338.44775391,842.860534668,552.870422363,365.497192383,189.300598145,88.0074081421,91.0770492554,216.831878662,190.688293457,200.582794189,94.0373687744,88.6148757935,29.031414032,10.5026550293,7.44683980942,1.64474391937,0.295801579952,0.0116659915075,0.00045427918667],"mean":[0.100790798664,2.34965085983,9.66795444489,8.99741649628,11.3822278976,11.2885465622,10.8136816025,10.7856378555,15.6191520691,27.1114273071,28.8778038025,31.3586273193,32.8750610352,18.191619873,19.8414783478,22.8967266083,20.3619155884,26.5877761841,39.5791168213,38.1052131653,33.0448532104,41.2771911621,43.1236724854,27.3494205475,28.1159324646,15.1898984909,11.481338501,8.96669101715,8.0876455307,4.26027441025,2.31161427498,1.57567477226,0.768771052361,0.312256991863,0.104649581015,0.0401933863759,0.00903160870075,0.00124718679581,0.0000897452700883,0.0000445537698397],"median":[0.0539961010218,1.45004069805,4.92658996582,4.32961654663,5.35619020462,6.75166654587,5.75884437561,6.38151741028,8.88131141663,13.2137861252,12.5754547119,13.5107860565,16.8447265625,11.794462204,10.5865449905,12.7437353134,13.8676786423,17.1792221069,27.5546531677,28.9063587189,26.7836170197,31.776216507,33.8819351196,22.9733257294,26.0701198578,13.7082023621,10.1197118759,7.10828447342,5.10899591446,2.40638542175,1.32467246056,0.795470178127,0.349038958549,0.139805585146,0.0497660338879,0.0150547828525,0.00232258997858,0.000260754692135,0.0000292990589514,0.000038697009586],"min":[4.76974838249e-22,3.78601454938e-21,9.55411863633e-21,4.90147002879e-20,2.82910607045e-19,4.60002479869e-19,3.67455264039e-19,8.34968466321e-19,6.87023129562e-19,1.12847794535e-18,1.63396202062e-18,1.82971172764e-18,3.5802395232e-18,4.85423580569e-18,3.36632048383e-18,9.58317608246e-18,6.56997217789e-18,5.58861295737e-18,1.07911848588e-17,6.3072356271e-18,8.53008334563e-18,1.192324522e-17,6.83001418783e-18,9.79044851881e-18,1.2504810266e-17,1.30778412897e-17,1.95325797637e-17,1.66382168977e-17,2.11118627677e-17,1.83004231038e-17,1.80220321599e-17,1.7490214583e-17,1.79042466037e-17,1.42375485085e-17,7.92787104428e-18,4.88545608355e-18,3.89491722619e-18,1.39212118948e-18,3.09491926783e-19,3.29835781251e-20],"var":[0.0362247563899,9.70554161072,157.30229187,337.388458252,311.733856201,209.529037476,239.338577271,205.802963257,544.354370117,1997.10961914,4618.39648438,6225.49169922,3666.40673828,939.350341797,1649.53625488,1357.13525391,814.149536133,1291.93066406,2497.18505859,1888.1427002,1545.74194336,3651.58666992,2758.47436523,875.619689941,615.34552002,188.245147705,113.9453125,87.7007141113,136.370651245,58.6657791138,31.3169612885,17.67927742,6.35808229446,0.87161386013,0.113722220063,0.0373915880919,0.00235243304633,0.0000616691395408,1.39062692028e-7,1.16348253254e-9]},"erbbands_crest":{"dmean":1.90314304829,"dmean2":3.11879253387,"dvar":4.43607950211,"dvar2":10.5942831039,"max":30.9772720337,"mean":8.17863941193,"median":6.23124885559,"min":2.45945072174,"var":31.5175800323},"erbbands_flatness_db":{"dmean":0.0118923708797,"dmean2":0.0177215710282,"dvar":0.000173506268766,"dvar2":0.000354168383637,"max":0.39703270793,"mean":0.162485405803,"median":0.152049094439,"min":0.0335807390511,"var":0.00245464616455},"erbbands_kurtosis":{"dmean":1.59821414948,"dmean2":2.54936432838,"dvar":67.4998703003,"dvar2":160.720336914,"max":350.663879395,"mean":7.0297665596,"median":-0.408952564001,"min":-1.94513356686,"var":1798.46472168},"erbbands_skewness":{"dmean":0.303020238876,"dmean2":0.473142653704,"dvar":0.181617334485,"dvar2":0.397749483585,"max":16.1527290344,"mean":0.266395062208,"median":-0.278215318918,"min":-3.47590374947,"var":5.59014034271},"erbbands_spread":{"dmean":7.23999071121,"dmean2":11.3881816864,"dvar":77.7757263184,"dvar2":181.447509766,"max":178.752578735,"mean":40.76014328,"median":39.0211715698,"min":0.95477360487,"var":401.592315674},"gfcc":{"cov":[[18706.3730469,1986.66821289,-3849.60546875,367.702484131,-1510.03491211,-234.362533569,-503.533782959,175.031387329,-265.257537842,-63.2415428162,-137.07572937,5.41942071915,117.987838745],[1986.66821289,1231.91394043,-335.627929688,-146.068008423,82.8223419189,-137.745300293,82.85181427,2.08404111862,33.6123199463,-90.5702362061,35.958316803,-83.727142334,74.1863632202],[-3849.60546875,-335.627929688,1746.06408691,182.24559021,389.528106689,156.159362793,146.284957886,-28.3543605804,95.6296539307,-4.81504964828,16.9662265778,0.31978353858,-77.5277175903],[367.702484131,-146.068008423,182.24559021,433.409759521,53.9684104919,67.3256912231,2.18100667,-18.8350143433,-5.01432466507,20.9439506531,0.113793693483,-27.8940238953,8.69871330261],[-1510.03491211,82.8223419189,389.528106689,53.9684104919,431.917236328,60.1975822449,127.446746826,-24.2313899994,35.4103622437,0.411135792732,14.4295167923,-44.1313896179,13.6723222733],[-234.362533569,-137.745300293,156.159362793,67.3256912231,60.1975822449,140.039749146,46.6294021606,5.18849372864,-4.95103216171,7.5984992981,-7.61297035217,2.93965005875,-14.0422916412],[-503.533782959,82.85181427,146.284957886,2.18100667,127.446746826,46.6294021606,143.803863525,21.2853927612,10.1603384018,-13.5511379242,6.12036657333,-16.4068927765,7.14885807037],[175.031387329,2.08404111862,-28.3543605804,-18.8350143433,-24.2313899994,5.18849372864,21.2853927612,81.8889160156,31.132818222,1.98752903938,-3.16220903397,10.3162612915,-5.28939199448],[-265.257537842,33.6123199463,95.6296539307,-5.01432466507,35.4103622437,-4.95103216171,10.1603384018,31.132818222,89.0692367554,21.9011154175,9.86264514923,-3.13101673126,-6.92374181747],[-63.2415428162,-90.5702362061,-4.81504964828,20.9439506531,0.411135792732,7.5984992981,-13.5511379242,1.98752903938,21.9011154175,78.3909606934,22.8240623474,-3.10457968712,-7.05557155609],[-137.07572937,35.958316803,16.9662265778,0.113793693483,14.4295167923,-7.61297035217,6.12036657333,-3.16220903397,9.86264514923,22.8240623474,59.1805381775,8.31180858612,3.02076292038],[5.41942071915,-83.727142334,0.31978353858,-27.8940238953,-44.1313896179,2.93965005875,-16.4068927765,10.3162612915,-3.13101673126,-3.10457968712,8.31180858612,74.1420059204,9.71771621704],[117.987838745,74.1863632202,-77.5277175903,8.69871330261,13.6723222733,-14.0422916412,7.14885807037,-5.28939199448,-6.92374181747,-7.05557155609,3.02076292038,9.71771621704,61.2938156128]],"icov":[[0.000400419608923,-0.00106717925519,0.00058154045837,-0.000985539401881,0.000795914442278,-0.000837889499962,0.000743911310565,-0.000818752334453,0.000882928376086,-0.000972616253421,0.0013217239175,-0.00110048183706,0.000966485473327],[-0.00106717925519,0.00440286565572,-0.00123764632735,0.00293581257574,-0.00221463735215,0.00313604669645,-0.00278920959681,0.0024631191045,-0.00358824641444,0.00489565078169,-0.00521560618654,0.00490264361724,-0.00386847183108],[0.00058154045837,-0.00123764632735,0.00188197847456,-0.00172636657953,0.000486922013806,-0.00144546141382,0.000462286378024,-0.000299180508591,-0.000071951537393,-0.00042913845391,0.00153673358727,-0.00215290091,0.00269252900034],[-0.000985539401881,0.00293581257574,-0.00172636657953,0.00532346079126,-0.00189406611025,0.000789785874076,-0.00108800921589,0.00201218039729,-0.00196173996665,0.00221559917554,-0.00377130554989,0.00470373546705,-0.00421777972952],[0.000795914442278,-0.00221463735215,0.000486922013806,-0.00189406611025,0.00590472714975,-0.00231175706722,-0.00132317107636,0.000364934734534,0.000409346044762,-0.00221518031321,0.00230349320918,-0.000358781660907,0.00010673802899],[-0.000837889499962,0.00313604669645,-0.00144546141382,0.000789785874076,-0.00231175706722,0.0126093598083,-0.00524965627119,0.00125135085545,-0.000388379354263,0.000945691775996,-0.00105475843884,0.000837627623696,-0.0000142842263813],[0.000743911310565,-0.00278920959681,0.000462286378024,-0.00108800921589,-0.00132317107636,-0.00524965627119,0.0142677091062,-0.00675216270611,0.0036892730277,-0.000378325552447,0.000637738034129,-0.0000129733516587,-0.000127452251036],[-0.000818752334453,0.0024631191045,-0.000299180508591,0.00201218039729,0.000364934734534,0.00125135085545,-0.00675216270611,0.0197337456048,-0.00975112151355,0.00277969241142,-0.000838473439217,-0.000673148431815,-0.00000686415796736],[0.000882928376086,-0.00358824641444,-0.000071951537393,-0.00196173996665,0.000409346044762,-0.000388379354263,0.0036892730277,-0.00975112151355,0.0197934657335,-0.00834128446877,0.00334500987083,-0.00269284006208,0.00291651906446],[-0.000972616253421,0.00489565078169,-0.00042913845391,0.00221559917554,-0.00221518031321,0.000945691775996,-0.000378325552447,0.00277969241142,-0.00834128446877,0.0227948185056,-0.0125001780689,0.0069690127857,-0.00272275484167],[0.0013217239175,-0.00521560618654,0.00153673358727,-0.00377130554989,0.00230349320918,-0.00105475843884,0.000637738034129,-0.000838473439217,0.00334500987083,-0.0125001780689,0.0272932518274,-0.00977144762874,0.00448819855228],[-0.00110048183706,0.00490264361724,-0.00215290091,0.00470373546705,-0.000358781660907,0.000837627623696,-0.0000129733516587,-0.000673148431815,-0.00269284006208,0.0069690127857,-0.00977144762874,0.0232725292444,-0.00970089249313],[0.000966485473327,-0.00386847183108,0.00269252900034,-0.00421777972952,0.00010673802899,-0.0000142842263813,-0.000127452251036,-0.00000686415796736,0.00291651906446,-0.00272275484167,0.00448819855228,-0.00970089249313,0.0244608614594]],"mean":[-14.3188991547,104.78276825,-124.825035095,52.5481300354,-48.2833900452,11.6298904419,-31.7832450867,8.53579998016,-15.8908824921,-2.76823091507,-15.9346961975,-6.98445796967,-11.678524971]},"hfc":{"dmean":4.11754560471,"dmean2":6.46507120132,"dvar":37.7354164124,"dvar2":86.4211502075,"max":116.375335693,"mean":22.5047035217,"median":22.4245262146,"min":1.14646227048e-16,"var":200.921340942},"melbands":{"dmean":[0.00113098253496,0.00258143362589,0.00147212727461,0.000487833662191,0.000238193722907,0.000143894532812,0.000129381558509,0.000156646434334,0.000124053331092,0.000104807499156,0.0000820934656076,0.0000405567188864,0.0000383478218282,0.0000346126071236,0.0000251114961429,0.0000278725583485,0.0000254293645412,0.000031470983231,0.0000301779000438,0.000018946830096,0.0000189237034647,0.000020487295842,0.0000227381551667,0.0000146111397044,0.00000942860697251,0.0000108532640297,0.00000656622796669,0.00000351139760824,0.0000030395954127,0.00000258446993939,0.00000198777502192,0.00000224785549108,0.0000018768089376,9.16331998724e-7,6.04229853707e-7,5.62149978123e-7,4.57142192545e-7,3.2307397646e-7,2.1286307117e-7,1.27749089529e-7],"dmean2":[0.00202168314718,0.00457925256342,0.00266878725961,0.000827964977361,0.000393932568841,0.000237150787143,0.000209987221751,0.000245665345574,0.000189712227439,0.000153190718265,0.000123187026475,0.0000640172220301,0.0000593578370172,0.0000531096993655,0.0000397952571802,0.0000441948541265,0.0000403721605835,0.000049471778766,0.000048087174946,0.0000302658954752,0.0000300301217067,0.0000327450834448,0.0000365551968571,0.0000240472400037,0.0000155165635078,0.0000183048705367,0.0000109053007691,0.00000577450919081,0.00000504143918079,0.00000421645881943,0.00000323823906001,0.00000360214289685,0.00000296923394671,0.00000144038028793,9.31040688101e-7,8.51309607697e-7,6.89812964083e-7,4.76819934647e-7,3.23912644262e-7,1.96067105662e-7],"dvar":[0.00000785356041888,0.0000299877101497,0.0000143262604979,6.50794902413e-7,1.64737159025e-7,6.72966322668e-8,7.12813772452e-8,1.0413683782e-7,1.20243555557e-7,8.49418100302e-8,3.27900551156e-8,1.25230403825e-8,8.12203015954e-9,5.80925929583e-9,2.07700767696e-9,3.16056625316e-9,2.20683693541e-9,3.39328676269e-9,2.23771090546e-9,1.04441544302e-9,9.90546644708e-10,2.15196616082e-9,2.04309524854e-9,6.14445050395e-10,2.7462082608e-10,2.35152397554e-10,8.37921329544e-11,2.82861841588e-11,1.93748298655e-11,1.50441239327e-11,1.33994300031e-11,2.29908939109e-11,2.71924462114e-11,6.69438072684e-12,5.57923238859e-12,3.15100398031e-12,3.63032585764e-12,2.32220622939e-12,1.02693092745e-12,2.71227755966e-13],"dvar2":[0.0000221844948101,0.0000866739210323,0.0000420029609813,0.00000177797744527,4.33420183299e-7,1.81439730795e-7,1.8309829386e-7,2.50061418683e-7,2.40787755956e-7,1.52586665081e-7,6.53095568737e-8,3.00402902553e-8,1.74836216615e-8,1.17981251435e-8,4.47868186981e-9,6.95437218923e-9,5.02502128796e-9,7.60326823723e-9,4.87591345077e-9,2.37385555657e-9,2.12435957714e-9,4.5036521179e-9,4.79077488791e-9,1.45173228994e-9,6.56989684877e-10,6.26993013064e-10,2.24595536613e-10,7.22825688193e-11,5.11582026741e-11,3.93928917264e-11,3.40643346863e-11,5.51691262118e-11,6.76121936216e-11,1.57947648016e-11,1.2297427833e-11,6.19968573007e-12,7.75152424887e-12,5.08773448718e-12,2.37408682123e-12,5.9204588931e-13],"max":[0.0238336510956,0.0479388423264,0.0363624244928,0.0109567176551,0.010443571955,0.00402316777036,0.00658992771059,0.00979691650718,0.00846174731851,0.00928517989814,0.00651692831889,0.00540736224502,0.00300428364426,0.0025951967109,0.00150554894935,0.00155774643645,0.00129619822837,0.00178596389014,0.00195259705652,0.00131828000303,0.00114933156874,0.00182879646309,0.00126230216119,0.00070628564572,0.000486005854327,0.000472118146718,0.000170877043274,0.000106581210275,0.000062115068431,0.0000599405684625,0.000065569394792,0.000130101208924,0.000217666311073,0.000104838894913,0.000143765195389,0.0000776894376031,0.0000794998049969,0.0000641728984192,0.000046273235057,0.0000225347412197],"mean":[0.00157011230476,0.00450884643942,0.00170168559998,0.000797642685939,0.000421720731538,0.000251480552834,0.000239991451963,0.000311651325319,0.000221662499825,0.000198896654183,0.000161864139955,0.0000721336473362,0.0000676430281601,0.0000601829378866,0.0000455683293694,0.0000496096945426,0.0000484000265715,0.0000597257821937,0.0000628981433692,0.0000395089264202,0.0000390990026062,0.0000426584010711,0.0000445479163318,0.0000315842189593,0.0000201802631636,0.0000228242261073,0.0000157960112119,0.00000849419757287,0.00000756667941459,0.00000636522509012,0.00000469933866043,0.00000471503790322,0.00000381303311769,0.00000177750393959,0.00000127589078147,0.0000011984932371,8.93601736607e-7,5.91573495967e-7,3.70183897758e-7,2.18540947117e-7],"median":[0.00102169089951,0.00253233825788,0.000895038596354,0.000493247236591,0.000233901082538,0.000152291802806,0.000138479241286,0.000142761040479,0.000091711350251,0.0000800380876171,0.0000795405212557,0.0000433963723481,0.0000321131410601,0.0000305930625473,0.0000282158343907,0.0000297354199574,0.0000287720158667,0.0000383559745387,0.0000459959337604,0.0000281593256659,0.0000300614574371,0.000031861163734,0.0000311893381877,0.0000252936733887,0.0000150603918883,0.0000194714411919,0.0000141747550515,0.00000708147717887,0.00000645921545583,0.00000505402658746,0.00000340975407198,0.00000290074171971,0.00000218571130972,9.15768453069e-7,6.96851998327e-7,6.51856908007e-7,4.21577226462e-7,2.63602800032e-7,1.55976792371e-7,9.49617557922e-8],"min":[6.46467961955e-24,5.68974605361e-24,1.3541070384e-23,2.94757467028e-23,1.51698788267e-23,1.75483055e-23,1.17421361985e-23,1.20366171856e-23,1.20239386131e-23,1.29700116081e-23,1.70587857538e-23,1.80137302786e-23,1.20430819007e-23,2.04773570851e-23,1.89337945296e-23,1.23069235302e-23,9.99310929819e-24,1.856696632e-23,8.30986945307e-24,1.10102610274e-23,9.5961663236e-24,1.30582157237e-23,7.32280330111e-24,6.7449027346e-24,7.87817400016e-24,8.34255353809e-24,1.14258534626e-23,7.12049676652e-24,1.39827409831e-23,8.00434599106e-24,1.01158355447e-23,1.23273542388e-23,9.9577730628e-24,1.00946995944e-23,1.06392794652e-23,9.96029662884e-24,1.09470283038e-23,1.1489954722e-23,1.53907914346e-23,1.06129622765e-23],"var":[0.00000570577776671,0.0000320151993947,0.00000956647090788,9.49027139541e-7,3.18750579709e-7,1.05237617731e-7,1.24256089862e-7,3.07631864871e-7,2.85176497528e-7,2.83735886342e-7,9.41559505918e-8,1.71675864635e-8,1.89360420677e-8,1.41697711342e-8,4.36370406476e-9,5.72149572164e-9,5.04673902668e-9,6.98505653318e-9,5.69809843753e-9,2.47799847308e-9,2.45176456914e-9,4.6797090647e-9,4.04728872638e-9,1.419818485e-9,6.48254894209e-10,5.07916986248e-10,2.11493891844e-10,6.95950172491e-11,5.36066711854e-11,4.23246090953e-11,3.04498370962e-11,4.72976866006e-11,4.44219452889e-11,1.23495640797e-11,1.1705417885e-11,8.30002559737e-12,6.9100137938e-12,3.97488292281e-12,1.56166225784e-12,4.31992684896e-13]},"melbands_crest":{"dmean":3.15776610374,"dmean2":5.26113080978,"dvar":9.54826164246,"dvar2":25.9265193939,"max":39.7951660156,"mean":16.2213249207,"median":15.2557449341,"min":1.79273402691,"var":48.9470481873},"melbands_flatness_db":{"dmean":0.026226349175,"dmean2":0.041780769825,"dvar":0.0009272727184,"dvar2":0.00229878118262,"max":0.752877891064,"mean":0.212603107095,"median":0.179733663797,"min":0.00236344547011,"var":0.0139892604202},"melbands_kurtosis":{"dmean":10.5865678787,"dmean2":17.2168235779,"dvar":854.65032959,"dvar2":1908.74902344,"max":1058.76293945,"mean":28.069316864,"median":7.58520460129,"min":-1.78158450127,"var":8448.74902344},"melbands_skewness":{"dmean":0.827276706696,"dmean2":1.32767474651,"dvar":1.37081611156,"dvar2":3.29435563087,"max":25.0347957611,"mean":3.09844017029,"median":2.52738404274,"min":-1.24673569202,"var":7.85376930237},"melbands_spread":{"dmean":7.12678956985,"dmean2":11.2884140015,"dvar":74.0079421997,"dvar2":175.206436157,"max":160.071472168,"mean":25.2446651459,"median":23.6515541077,"min":0.212957933545,"var":279.029754639},"mfcc":{"cov":[[17958.2070313,392.400115967,-2316.66381836,62.5027961731,-1089.96142578,-434.781219482,-612.951721191,-167.203765869,-247.889633179,-199.230194092,-262.252685547,-59.9202728271,-199.873657227],[392.400115967,1204.10986328,-152.692504883,-4.87922143936,48.8614196777,-52.1176757813,51.0934715271,38.0341415405,42.7503242493,23.9066848755,-0.360970377922,-20.4792957306,-6.67263936996],[-2316.66381836,-152.692504883,1042.28857422,158.632736206,231.043121338,140.225219727,79.6873092651,85.6800918579,37.25730896,19.5994567871,84.371925354,24.4959068298,44.3558692932],[62.5027961731,-4.87922143936,158.632736206,308.736694336,126.138153076,95.8200759888,60.8505744934,7.13118219376,36.1528167725,33.2350692749,-2.96368908882,15.9819278717,13.8195075989],[-1089.96142578,48.8614196777,231.043121338,126.138153076,252.83493042,116.084892273,80.7860107422,25.0026454926,46.9340629578,38.7558746338,28.8015670776,11.5850439072,19.5386543274],[-434.781219482,-52.1176757813,140.225219727,95.8200759888,116.084892273,166.409408569,99.3664245605,17.3960666656,34.2815208435,23.922203064,8.40228176117,12.5415554047,12.0220193863],[-612.951721191,51.0934715271,79.6873092651,60.8505744934,80.7860107422,99.3664245605,168.79460144,36.3671379089,38.454410553,28.1031360626,-4.82666540146,12.649066925,15.8303794861],[-167.203765869,38.0341415405,85.6800918579,7.13118219376,25.0026454926,17.3960666656,36.3671379089,111.608863831,35.8625068665,-2.40677285194,14.852678299,0.274354994297,-0.530907452106],[-247.889633179,42.7503242493,37.25730896,36.1528167725,46.9340629578,34.2815208435,38.454410553,35.8625068665,82.3868408203,34.4715270996,6.32517051697,1.99455595016,3.2644162178],[-199.230194092,23.9066848755,19.5994567871,33.2350692749,38.7558746338,23.922203064,28.1031360626,-2.40677285194,34.4715270996,84.4880447388,22.016752243,11.0861845016,7.55529165268],[-262.252685547,-0.360970377922,84.371925354,-2.96368908882,28.8015670776,8.40228176117,-4.82666540146,14.852678299,6.32517051697,22.016752243,77.4843521118,24.3386478424,4.50989818573],[-59.9202728271,-20.4792957306,24.4959068298,15.9819278717,11.5850439072,12.5415554047,12.649066925,0.274354994297,1.99455595016,11.0861845016,24.3386478424,60.7501373291,22.83294487],[-199.873657227,-6.67263936996,44.3558692932,13.8195075989,19.5386543274,12.0220193863,15.8303794861,-0.530907452106,3.2644162178,7.55529165268,4.50989818573,22.83294487,58.0376014709]],"icov":[[0.00013117447088,-0.0000716433351045,0.000229157332797,-0.000365985906683,0.000521430105437,-0.000329218397383,0.000467354315333,-0.000224546092795,0.000193602361833,0.00000905319211597,0.000106349252746,-0.000124653364765,0.000147351791384],[-0.0000716433351045,0.00100805342663,0.0000976759911282,0.000161392905284,-0.000801060406957,0.00110613915604,-0.000860485539306,-0.0000822368601803,-0.000398780539399,-0.0000125198685055,-0.000302619446302,0.000467640900752,-0.000105807295768],[0.000229157332797,0.0000976759911282,0.00187385210302,-0.000998314120807,-0.0000277118433587,-0.000846336013637,0.000825085386168,-0.00124964269344,0.000673217466101,0.00044897859334,-0.00117364118341,0.000370260095224,-0.000596605415922],[-0.000365985906683,0.000161392905284,-0.000998314120807,0.00560034858063,-0.00285327783786,-0.000476556713693,-0.000966981577221,0.00092971464619,-0.00101642834488,-0.000959901488386,0.00159387441818,-0.000949272187427,-0.0000491144783155],[0.000521430105437,-0.000801060406957,-0.0000277118433587,-0.00285327783786,0.00987521093339,-0.0047065038234,0.00149382452946,-0.000357239623554,-0.000620149134193,-0.000579300860409,-0.00125306425616,0.000550355878659,-0.000364986539353],[-0.000329218397383,0.00110613915604,-0.000846336013637,-0.000476556713693,-0.0047065038234,0.0141606833786,-0.00720447581261,0.00175411382224,-0.00188865757082,0.000850451993756,-0.000920254329685,0.00010127544374,0.00041321356548],[0.000467354315333,-0.000860485539306,0.000825085386168,-0.000966981577221,0.00149382452946,-0.00720447581261,0.0127499308437,-0.0036087455228,0.000399451470003,-0.00223756302148,0.00368583598174,-0.00221549766138,-0.000556985964067],[-0.000224546092795,-0.0000822368601803,-0.00124964269344,0.00092971464619,-0.000357239623554,0.00175411382224,-0.0036087455228,0.0131090162322,-0.00647718179971,0.00393180456012,-0.003071710933,0.000932471593842,0.000536393665243],[0.000193602361833,-0.000398780539399,0.000673217466101,-0.00101642834488,-0.000620149134193,-0.00188865757082,0.000399451470003,-0.00647718179971,0.0197293944657,-0.00730955833569,0.00194086227566,0.000279507657979,0.0003612555156],[0.00000905319211597,-0.0000125198685055,0.00044897859334,-0.000959901488386,-0.000579300860409,0.000850451993756,-0.00223756302148,0.00393180456012,-0.00730955833569,0.0175317991525,-0.00562563212588,0.0000874961115187,-0.000888099952135],[0.000106349252746,-0.000302619446302,-0.00117364118341,0.00159387441818,-0.00125306425616,-0.000920254329685,0.00368583598174,-0.003071710933,0.00194086227566,-0.00562563212588,0.0198765210807,-0.00831172987819,0.00277653941885],[-0.000124653364765,0.000467640900752,0.000370260095224,-0.000949272187427,0.000550355878659,0.00010127544374,-0.00221549766138,0.000932471593842,0.000279507657979,0.0000874961115187,-0.00831172987819,0.0234812963754,-0.0086450567469],[0.000147351791384,-0.000105807295768,-0.000596605415922,-0.0000491144783155,-0.000364986539353,0.00041321356548,-0.000556985964067,0.000536393665243,0.0003612555156,-0.000888099952135,0.00277653941885,-0.0086450567469,0.0216679163277]],"mean":[-646.487426758,122.391654968,-8.29617118835,39.925113678,8.95201015472,9.45920276642,-1.10152220726,8.3769569397,3.1513504982,5.65239906311,2.4728615284,-0.0237827263772,-3.89366412163]},"pitch_salience":{"dmean":0.071580208838,"dmean2":0.118600107729,"dvar":0.0046421168372,"dvar2":0.0126343835145,"max":0.937961161137,"mean":0.512360572815,"median":0.540647983551,"min":0.0131075941026,"var":0.0266676619649},"silence_rate_20dB":{"dmean":0,"dmean2":0,"dvar":0,"dvar2":0,"max":1,"mean":1,"median":1,"min":1,"var":0},"silence_rate_30dB":{"dmean":0.0329074710608,"dmean2":0.0658213123679,"dvar":0.031821385026,"dvar2":0.0849140137434,"max":1,"mean":0.978805780411,"median":1,"min":0,"var":0.0207430683076},"silence_rate_60dB":{"dmean":0.00193573359866,"dmean2":0.00387184205465,"dvar":0.00193205173127,"dvar2":0.00385710969567,"max":1,"mean":0.071808770299,"median":0,"min":0,"var":0.0666502267122},"spectral_centroid":{"dmean":246.240905762,"dmean2":394.267974854,"dvar":83380.84375,"dvar2":192512,"max":11399.2275391,"mean":1546.21276855,"median":1656.53356934,"min":98.7876968384,"var":442135.90625},"spectral_complexity":{"dmean":3.39469599724,"dmean2":5.36676025391,"dvar":11.7827892303,"dvar2":26.2231235504,"max":59,"mean":26.8693504333,"median":30,"min":0,"var":192.209106445},"spectral_contrast_coeffs":{"dmean":[0.0504510253668,0.0437047630548,0.0370094738901,0.028990490362,0.0208454243839,0.016581710428],"dmean2":[0.0857449546456,0.0717253983021,0.0600072182715,0.0474244095385,0.0335173346102,0.0267161764205],"dvar":[0.00193996098824,0.00130180630367,0.000982214696705,0.000597429170739,0.000348962203134,0.000235704297666],"dvar2":[0.00567390630022,0.00346665736288,0.00241032079794,0.00149535934906,0.000816863088403,0.000552759156562],"max":[-0.353287488222,-0.401392459869,-0.447175860405,-0.503761410713,-0.511046886444,-0.601678907871],"mean":[-0.627194881439,-0.743994534016,-0.773412942886,-0.794714331627,-0.786059260368,-0.728553950787],"median":[-0.63078892231,-0.75157302618,-0.778691768646,-0.798201799393,-0.785727977753,-0.707953631878],"min":[-0.96484452486,-0.981200158596,-0.964888811111,-0.959131896496,-0.963902175426,-0.960195541382],"var":[0.00626212311909,0.00568854203448,0.00510633224621,0.00289683835581,0.00245462171733,0.00320821348578]},"spectral_contrast_valleys":{"dmean":[0.39314943552,0.345253348351,0.31338518858,0.257025718689,0.18928937614,0.206165090203],"dmean2":[0.655531167984,0.563436985016,0.508917927742,0.413047283888,0.299735814333,0.297358900309],"dvar":[0.121101863682,0.100140295923,0.0846954286098,0.0668941885233,0.0515653565526,0.0729344710708],"dvar2":[0.297055006027,0.233960002661,0.188711062074,0.139441281557,0.0947137624025,0.131282895803],"max":[-5.1168718338,-4.52361106873,-5.43364429474,-5.71932935715,-5.6794719696,-7.80494737625],"mean":[-7.18777751923,-6.94782209396,-7.49612140656,-7.55520677567,-7.37024593353,-10.4905805588],"median":[-6.74646520615,-6.51668691635,-7.00098705292,-7.01704883575,-6.73638725281,-10.1805076599],"min":[-27.5185050964,-27.0960674286,-27.3655910492,-27.4006996155,-27.3519573212,-27.2874393463],"var":[2.19444966316,2.46104693413,2.51101970673,2.41795539856,2.35107946396,1.38887786865]},"spectral_decrease":{"dmean":3.37158323482e-9,"dmean2":5.78670888984e-9,"dvar":4.68923957783e-17,"dvar2":1.28630502779e-16,"max":-1.21159374096e-28,"mean":-8.8001783638e-9,"median":-7.52828555051e-9,"min":-5.89992588118e-8,"var":4.96598476316e-17},"spectral_energy":{"dmean":0.0129538374022,"dmean2":0.0221948120743,"dvar":0.000681315665133,"dvar2":0.00186811899766,"max":0.22583116591,"mean":0.0352550707757,"median":0.0306313764304,"min":1.08560411438e-20,"var":0.000741587253287},"spectral_energyband_high":{"dmean":0.000232386300922,"dmean2":0.00034838024294,"dvar":2.30325909456e-7,"dvar2":4.74194820299e-7,"max":0.0126555459574,"mean":0.00077302189311,"median":0.000616421981249,"min":7.79777266561e-21,"var":7.56053509576e-7},"spectral_energyband_low":{"dmean":0.0105716856197,"dmean2":0.0185491833836,"dvar":0.000564650923479,"dvar2":0.00157118670177,"max":0.193521052599,"mean":0.017815599218,"median":0.0114337624982,"min":5.11282430571e-23,"var":0.000514511135407},"spectral_energyband_middle_high":{"dmean":0.00134840188548,"dmean2":0.00207054638304,"dvar":0.00000347166837855,"dvar2":0.00000736466699891,"max":0.0526115708053,"mean":0.0062430081889,"median":0.0061620301567,"min":1.68613618896e-21,"var":0.0000209108766285},"spectral_energyband_middle_low":{"dmean":0.00552924582735,"dmean2":0.00944085419178,"dvar":0.000102445235825,"dvar2":0.000286942988168,"max":0.0987773239613,"mean":0.0122958952561,"median":0.00941641442478,"min":5.02114333307e-22,"var":0.000136554110213},"spectral_entropy":{"dmean":0.113938942552,"dmean2":0.176332682371,"dvar":0.0230831280351,"dvar2":0.0507144443691,"max":9.80020999908,"mean":7.54541254044,"median":7.74510478973,"min":3.72539234161,"var":0.528666555882},"spectral_flux":{"dmean":0.0273442491889,"dmean2":0.0426791459322,"dvar":0.00174756499473,"dvar2":0.00316526088864,"max":0.413733690977,"mean":0.0917602851987,"median":0.0814851224422,"min":1.04192328376e-10,"var":0.00425211247057},"spectral_kurtosis":{"dmean":1.71129822731,"dmean2":3.00183701515,"dvar":5.93100118637,"dvar2":17.7539596558,"max":58.9526672363,"mean":4.72103309631,"median":3.12639689445,"min":-1.17831969261,"var":33.5222091675},"spectral_rms":{"dmean":0.000885611749254,"dmean2":0.00147060386371,"dvar":0.0000020770971787,"dvar2":0.00000550662480236,"max":0.0148432841524,"mean":0.00542674027383,"median":0.00546665070578,"min":3.25442168873e-12,"var":0.00000494555433761},"spectral_rolloff":{"dmean":499.127044678,"dmean2":825.377868652,"dvar":604011.3125,"dvar2":1292528,"max":18712.3535156,"mean":1560.96594238,"median":1485.79101563,"min":21.533203125,"var":1829704.125},"spectral_skewness":{"dmean":0.197903752327,"dmean2":0.333012074232,"dvar":0.0525499396026,"dvar2":0.138701811433,"max":6.57703351974,"mean":1.34517610073,"median":1.11559391022,"min":-0.229445144534,"var":0.566031754017},"spectral_spread":{"dmean":336141.15625,"dmean2":506405.8125,"dvar":305149083648,"dvar2":499016663040,"max":39981628,"mean":3903634.75,"median":3593066.75,"min":1488653.625,"var":2180330815490},"spectral_strongpeak":{"dmean":0.348806172609,"dmean2":0.592930972576,"dvar":0.505767464638,"dvar2":1.31554365158,"max":13.1698217392,"mean":0.749701917171,"median":0.496659487486,"min":0,"var":0.914051413536},"zerocrossingrate":{"dmean":0.00801746267825,"dmean2":0.00990391895175,"dvar":0.000112720445031,"dvar2":0.000136293136165,"max":0.505859375,"mean":0.0563659332693,"median":0.05517578125,"min":0,"var":0.00107965990901}},"metadata":{"audio_properties":{"analysis_sample_rate":44100,"bit_rate":256000,"codec":"mp3","downmix":"mix","equal_loudness":0,"length":239.908569336,"lossless":false,"md5_encoded":"e17f4c65e646de13a6b1137d75a5deb7","replay_gain":-11.2739429474,"sample_rate":44100},"tags":{"acoustid_id":["443ff7a4-6396-4057-9709-dcf79812bb92"],"album":["iTunes Session"],"albumartist":["Gary Clark Jr."],"albumartistsort":["Clark, Gary Jr."],"artist":["Gary Clark Jr."],"artistsort":["Clark, Gary Jr."],"contentgroup":["Blues"],"date":["2013"],"discnumber":["1/1"],"file_name":"01. Gary Clark Jr. ~ Next Door Neighbor Blues.mp3","genre":["Blues; Blues Rock; Soul"],"label":["Warner Bros. Records"],"media":["Digital Media"],"mood":["Unknown"],"musicbrainz album release country":["FR"],"musicbrainz album status":["official"],"musicbrainz album type":["album"],"musicbrainz_albumartistid":["c733c4e6-22a2-499d-ace7-17b832356aff"],"musicbrainz_albumid":["53f0de3e-0f53-42e7-8558-4fdae8ee76a4"],"musicbrainz_artistid":["c733c4e6-22a2-499d-ace7-17b832356aff"],"musicbrainz_recordingid":["4db1f0cd-0e18-454b-b057-1f5a66f7844b"],"musicbrainz_releasegroupid":["c8b042c8-b1d9-4b60-b38e-77dd0c4f4448"],"originaldate":["2013-04-05"],"originalyear":["2013"],"script":["Latn"],"title":["Next Door Neighbor Blues"],"tracknumber":["1/9"]},"version":{"essentia":"2.1-beta2","essentia_build_sha":"2d9f1f26377add8aeb1075a9c2973f962c4f09fd","essentia_git_sha":"v2.1_beta2-1-ge3940c0","extractor":"music 1.0"}},"rhythm":{"beats_count":381,"beats_loudness":{"dmean":0.0178478248417,"dmean2":0.0317957513034,"dvar":0.000330326147377,"dvar2":0.0010367447976,"max":0.131216064095,"mean":0.0447399243712,"median":0.0440847463906,"min":4.41512355565e-7,"var":0.000579962041229},"beats_loudness_band_ratio":{"dmean":[0.173337832093,0.0774790123105,0.0817106217146,0.0386996269226,0.0481771938503,0.0417510196567],"dmean2":[0.313948899508,0.138174504042,0.146137312055,0.0684856697917,0.0864178836346,0