{"lowlevel":{"average_loudness":0.169022351503,"barkbands":{"dmean":[0.0016709275078,0.00101530656684,0.000963104655966,0.000642184400931,0.00323082506657,0.000755432469305,0.000322903273627,0.000483122188598,0.000151279687998,0.000136008136906,0.0000617545447312,0.0000718127121218,0.00014111812925,0.0000540433829883,0.000014565885067,0.0000117251393021,0.0000088815950221,0.0000272159959422,0.0000250318662438,0.00000317753665513,0.00000184175030427,0.00000135378979849,9.47355090375e-7,9.07812875539e-7,9.0643789008e-7,0.00000105209551293,0.000023899046937],"dmean2":[0.00303625757806,0.00156603241339,0.0015497362474,0.00106524676085,0.0047633969225,0.00117550429422,0.000487064477056,0.000662480364554,0.000238337932387,0.000220225585508,0.0000976131195785,0.000119975811685,0.00022663307027,0.0000894019103725,0.0000237696785916,0.0000197233021026,0.0000138971436172,0.0000432752822235,0.0000385895291402,0.00000522073560205,0.00000301812315229,0.00000226144402404,0.00000159262663146,0.00000151938718318,0.00000150604228111,0.0000017416175524,0.0000385310522688],"dvar":[0.00000628599309493,0.00000302021976495,0.00000510221707373,0.00000212584427572,0.0000640787475277,0.00000488606883664,7.23742459741e-7,0.00000326788995153,3.63404438986e-7,1.52274765242e-7,3.7333563796e-8,5.69359102087e-8,3.26966329567e-7,3.67178394356e-8,1.82225345924e-9,1.22408250203e-9,7.71890329432e-10,9.5747019202e-9,8.34027158447e-9,1.53599286068e-10,2.24165512541e-11,1.2604365468e-11,8.13760777513e-12,7.07433504138e-12,6.71824922083e-12,8.11359660013e-12,6.38325969859e-9],"dvar2":[0.0000212106897379,0.00000749513401388,0.0000142700264405,0.00000560461103305,0.000141572119901,0.0000117036615848,0.00000157490069341,0.00000508907487529,9.42633676004e-7,3.96111147438e-7,8.07581415074e-8,1.57319490768e-7,7.9119649854e-7,9.28906302988e-8,5.02222263776e-9,3.25192828221e-9,1.73744318932e-9,2.607706584e-8,1.80292918373e-8,3.96368854405e-10,5.71381032766e-11,3.42494643757e-11,2.20230986225e-11,1.89725839206e-11,1.78995516326e-11,2.1324806504e-11,1.76916632455e-8],"max":[0.0178071111441,0.0242864042521,0.0446624718606,0.0240531582385,0.148524016142,0.0622803941369,0.0227336026728,0.0917838737369,0.0252256412059,0.00658028852195,0.00531748309731,0.00432708580047,0.0119551690295,0.00664443476126,0.000991190318018,0.000685530190822,0.000736133952159,0.001902383985,0.00310288392939,0.000403121346608,0.0000945800056797,0.0000813240694697,0.0000642890736344,0.0000578711405979,0.0000560936314287,0.0000556556587981,0.0024288140703],"mean":[0.0027556035202,0.0019242282724,0.00174535694532,0.000867983617354,0.00625007832423,0.00129307887983,0.000602454238106,0.000913106021471,0.000242238194915,0.000229740777286,0.000106505889562,0.000119130250823,0.000238752531004,0.0000964694045251,0.0000280085259874,0.0000203962408705,0.0000169014183484,0.000049548172683,0.0000537810847163,0.00000441568136011,0.00000254881160799,0.00000179069445494,9.91686988527e-7,9.47102137161e-7,9.74018576017e-7,0.00000120446179608,0.0000561933775316],"median":[0.00201590848155,0.000559565029107,0.000367105240002,0.000152570137288,0.00060984864831,0.000113159287139,0.0000526846743014,0.0000448661739938,0.0000318559323205,0.0000296229572996,0.0000133166267915,0.0000174737215275,0.000013818638763,0.00000968344829744,0.00000680245648255,0.00000383677615901,0.0000025992535484,0.00000172518173258,0.0000015169348444,5.99328870976e-7,4.92684648634e-7,2.70653004009e-7,1.41775444717e-7,1.35532289391e-7,1.43061612334e-7,1.74248867779e-7,0.00000599736813456],"min":[5.87473393588e-24,8.31234884289e-24,7.63983703258e-24,6.45455222324e-24,9.32396119078e-24,2.70233958741e-23,2.92303699405e-23,2.36014182414e-23,4.64508879571e-23,4.6139710729e-23,2.50886229962e-23,6.69170889713e-23,6.66381477552e-23,4.140062253e-23,7.4809478245e-23,1.18728110075e-22,9.20371023206e-23,1.71926062245e-22,1.39275437544e-22,2.1151039565e-22,2.48321624226e-22,4.32617530336e-22,4.39269407437e-22,7.27502470976e-22,9.46922276362e-22,1.39508533951e-21,2.07957608471e-21],"var":[0.00000807848937256,0.0000088359684014,0.0000133571966217,0.00000351662993126,0.000188670863281,0.0000114677304737,0.00000266850247499,0.0000195871380129,6.36601669157e-7,3.67697481352e-7,9.56223900062e-8,1.10637053297e-7,6.99452812114e-7,8.82802808633e-8,4.7607966458e-9,2.51259391071e-9,2.10251238641e-9,2.54302943148e-8,2.4794864828e-8,2.58843224632e-10,3.32693178562e-11,1.76495051213e-11,7.72565431767e-12,6.81801967314e-12,6.87562290089e-12,9.42950058314e-12,1.92671443244e-8]},"barkbands_crest":{"dmean":2.4616317749,"dmean2":4.01024007797,"dvar":4.57343912125,"dvar2":12.0370702744,"max":26.3607521057,"mean":13.8780117035,"median":13.0710144043,"min":4.02093172073,"var":24.3117599487},"barkbands_flatness_db":{"dmean":0.0305389221758,"dmean2":0.0495423227549,"dvar":0.000648846267723,"dvar2":0.00174840691034,"max":0.442937254906,"mean":0.235892429948,"median":0.234798014164,"min":0.0542617104948,"var":0.00222887494601},"barkbands_kurtosis":{"dmean":7.9755821228,"dmean2":12.7452964783,"dvar":474.20199585,"dvar2":983.275817871,"max":1129.80981445,"mean":17.7511978149,"median":11.3388309479,"min":-1.74487674236,"var":1032.68933105},"barkbands_skewness":{"dmean":0.697937905788,"dmean2":1.09787642956,"dvar":0.617511749268,"dvar2":1.50050902367,"max":29.3765411377,"mean":2.77597737312,"median":2.57305955887,"min":-1.98067140579,"var":3.57245016098},"barkbands_spread":{"dmean":2.63801431656,"dmean2":4.23839950562,"dvar":17.1851615906,"dvar2":42.1388969421,"max":81.3409347534,"mean":9.60727024078,"median":7.97778224945,"min":0.301531910896,"var":54.9765052795},"dissonance":{"dmean":0.0339145734906,"dmean2":0.0573815070093,"dvar":0.00103409565054,"dvar2":0.00270140264183,"max":0.500000178814,"mean":0.436909049749,"median":0.447468340397,"min":0.209731251001,"var":0.00205937842838},"dynamic_complexity":12.4781894684,"erbbands":{"dmean":[0.0317811630666,0.248016551137,1.00790071487,1.52809643745,6.7431306839,12.6565303802,9.67275714874,6.25729036331,4.03963375092,11.0114526749,4.78313779831,3.9529736042,2.91443490982,4.12643289566,2.89558601379,2.99728035927,6.1487288475,3.73714160919,1.04730916023,0.601444423199,0.573034763336,0.444437682629,1.07049775124,1.62099719048,0.867124080658,0.134728267789,0.0697873458266,0.0755997151136,0.0503340996802,0.0357731431723,0.0261675734073,0.020016271621,0.0145584233105,0.0100683020428,0.00649628043175,0.00381661835127,0.00200071977451,0.000925831904169,0.000606681976933,0.00110289733857],"dmean2":[0.0494430474937,0.387392789125,1.60845565796,2.52805876732,10.5913686752,18.6086483002,14.1988973618,9.67123603821,6.14748907089,15.7756767273,6.91910266876,6.24175691605,4.80428171158,6.63143205643,4.50031042099,5.01490163803,9.79932594299,5.96836709976,1.70013606548,0.965414941311,0.964526295662,0.67456382513,1.70848691463,2.48572969437,1.36741089821,0.21645142138,0.116075068712,0.122775934637,0.0840512812138,0.0598075017333,0.0440456867218,0.0335897542536,0.0243427790701,0.0167794078588,0.0107623385265,0.006314819213,0.00331016699784,0.00151474948507,0.000922657607589,0.0016190741444],"dvar":[0.00318251107819,0.183555871248,4.88962221146,9.71958827972,423.207092285,1125.81176758,918.144897461,271.619750977,113.032531738,1381.10131836,253.135437012,309.982879639,78.7480773926,184.068237305,104.880653381,97.9645843506,712.310668945,151.312683105,7.20652627945,3.97488880157,3.39820408821,1.9588919878,14.4939432144,36.9737510681,8.12802028656,0.191880658269,0.0378161631525,0.0373480990529,0.0171740818769,0.0108786998317,0.00608205189928,0.00346470111981,0.00181994959712,0.000847404357046,0.000338526762789,0.000111194363853,0.0000290888110612,0.00000619198590357,0.00000249563777288,0.00000720354455552],"dvar2":[0.00759535143152,0.466031551361,13.3334321976,26.1393547058,923.91607666,2467.92895508,2269.07299805,641.539916992,253.663955688,2375.81176758,457.436157227,794.687805176,219.365066528,466.609100342,232.689529419,268.419769287,1740.08398438,376.856750488,18.2592792511,10.3478479385,9.20751953125,4.20968580246,37.9692382812,82.5145568848,17.4525508881,0.417822897434,0.0961872339249,0.0957489535213,0.0466582663357,0.0299690831453,0.0163967330009,0.00930503290147,0.00487627461553,0.00226223608479,0.000900224491488,0.000293875898933,0.0000764277647249,0.00001628471,0.00000577135870117,0.0000150492669491],"max":[0.962571799755,5.77643156052,38.2194786072,58.5574607849,598.499755859,571.705627441,794.251525879,341.582183838,240.602355957,1702.44250488,736.286376953,757.129394531,194.822692871,269.417327881,255.419784546,194.684326172,587.946960449,435.905212402,80.9804153442,46.6858406067,35.5093193054,39.1292648315,78.7081756592,201.503433228,75.9192047119,13.6666316986,3.92118167877,3.69658613205,3.09969806671,2.28712916374,1.71110963821,1.28053498268,0.928404986858,0.631869792938,0.396444559097,0.220209509134,0.103545933962,0.0486167632043,0.0478480570018,0.0645848959684],"mean":[0.0598323643208,0.447599321604,1.89015948772,2.59020423889,10.7208461761,23.5104465485,16.4357414246,11.4519033432,7.41387653351,22.1687717438,9.66012001038,6.25437307358,4.91309976578,7.74215888977,5.14932489395,5.5786523819,10.453748703,7.30581331253,2.30596661568,1.19976806641,1.05834007263,0.922943294048,2.07207632065,3.36010098457,1.90413403511,0.241992413998,0.0898557603359,0.109789922833,0.0695228800178,0.0416861996055,0.0269087124616,0.0208102520555,0.0151568697765,0.0106984013692,0.00706620095298,0.00427215686068,0.00233672140166,0.00130286940839,0.00175424106419,0.0038856191095],"median":[0.0190188977867,0.131739407778,0.47263982892,0.675418138504,1.14149558544,1.82135653496,1.20363688469,1.02960944176,0.853689014912,1.12521767616,0.790218472481,0.840720057487,0.868006467819,0.928527057171,0.755076766014,0.82628428936,0.81655216217,0.679367482662,0.527507305145,0.333877682686,0.218493908644,0.145821094513,0.111735343933,0.0907144099474,0.0639093741775,0.0329440012574,0.0191185120493,0.019822370261,0.0109295155853,0.00582963880152,0.00386757752858,0.00307950796559,0.00215475028381,0.00156364473514,0.00105041242205,0.000634848256595,0.000345558859408,0.000222102622502,0.000211988648516,0.000426100450568],"min":[2.9441826315e-22,1.77978107185e-21,8.01574606612e-21,1.94401499558e-20,2.67919599879e-20,4.00662442655e-20,3.33341056032e-20,2.49856211274e-19,4.38834307608e-19,3.28917927426e-19,6.79992818138e-19,1.06037006506e-18,1.01483739126e-18,1.42790988247e-18,1.53202876053e-18,3.07493432573e-18,2.79872093482e-18,2.08570675644e-18,3.33809935608e-18,5.13534279711e-18,6.48969057713e-18,5.78082160759e-18,8.41376603508e-18,7.16783102768e-18,7.76277820172e-18,1.13234201618e-17,9.57028447261e-18,1.1814345238e-17,1.25274328286e-17,1.40302090706e-17,1.20050368389e-17,1.28904716461e-17,1.34057207953e-17,8.42985138927e-18,7.58334701042e-18,5.01974141137e-18,2.41382779874e-18,1.04885126484e-18,2.80953782059e-19,3.08927918852e-20],"var":[0.00965410284698,0.483770787716,13.2098999023,21.6142883301,870.192443848,3211.33081055,1908.73742676,764.08795166,302.32144165,9534.61816406,1440.2791748,458.183959961,147.539215088,518.209716797,241.814147949,225.766571045,1414.92529297,456.019897461,22.0670528412,10.070807457,7.00387763977,6.33593893051,41.475769043,107.307388306,27.5454673767,0.485580801964,0.0480112992227,0.0603448078036,0.0267943777144,0.0115231806412,0.00574568798766,0.00329913408495,0.00177382992115,0.000849869684316,0.000353353476385,0.00012263917597,0.0000344213804055,0.00000907927187654,0.0000129364034365,0.0000634420430288]},"erbbands_crest":{"dmean":2.92576289177,"dmean2":4.59968423843,"dvar":6.53649568558,"dvar2":15.3597154617,"max":28.4748592377,"mean":12.0991411209,"median":10.9720907211,"min":2.76504802704,"var":27.511510849},"erbbands_flatness_db":{"dmean":0.0287777166814,"dmean2":0.0449644215405,"dvar":0.000578040780965,"dvar2":0.00147417234257,"max":0.373166173697,"mean":0.18593776226,"median":0.187137931585,"min":0.0271111559123,"var":0.00286322948523},"erbbands_kurtosis":{"dmean":1.89044487476,"dmean2":2.80325913429,"dvar":11.0119600296,"dvar2":19.3769550323,"max":101.179138184,"mean":2.78090977669,"median":0.763190031052,"min":-1.79611563683,"var":41.4236869812},"erbbands_skewness":{"dmean":0.438655883074,"dmean2":0.651336073875,"dvar":0.147326797247,"dvar2":0.30240508914,"max":6.62811136246,"mean":0.913097321987,"median":0.85975420475,"min":-2.95655298233,"var":1.09363377094},"erbbands_spread":{"dmean":5.41682720184,"dmean2":8.34903335571,"dvar":30.1882228851,"dvar2":72.1593933105,"max":107.807403564,"mean":26.9085140228,"median":23.7518043518,"min":1.37077581882,"var":298.031799316},"gfcc":{"cov":[[27281.6289062,3274.63427734,-1678.82958984,312.216430664,1108.56555176,-1656.46972656,278.554626465,-1412.74353027,-1231.73742676,-204.378509521,406.428436279,-316.923187256,391.068450928],[3274.63427734,1656.05041504,-102.564125061,-274.846862793,198.498199463,-207.214172363,128.665435791,-293.009216309,-86.3846130371,6.81509876251,42.130821228,-91.0141677856,141.793258667],[-1678.82958984,-102.564125061,471.315765381,65.6951675415,-128.92817688,236.929946899,-62.8440742493,125.173980713,50.3267784119,-8.16127109528,-48.3808860779,12.9811496735,-61.0744819641],[312.216430664,-274.846862793,65.6951675415,348.589141846,200.527999878,12.208987236,40.5763702393,7.55072402954,-95.6147613525,-74.0021591187,-2.94584369659,-9.68955612183,-27.4935359955],[1108.56555176,198.498199463,-128.92817688,200.527999878,513.829650879,-120.293258667,137.230453491,-136.533081055,-168.707107544,-151.921981812,70.6064910889,-36.5152740479,38.0640945435],[-1656.46972656,-207.214172363,236.929946899,12.208987236,-120.293258667,385.334777832,12.4011096954,130.323059082,60.4764328003,10.3371391296,-72.6139373779,58.9485931396,-7.15462446213],[278.554626465,128.665435791,-62.8440742493,40.5763702393,137.230453491,12.4011096954,160.286361694,-1.93659222126,-30.5809421539,-29.1645851135,8.00953960419,6.42722940445,42.8620681763],[-1412.74353027,-293.009216309,125.173980713,7.55072402954,-136.533081055,130.323059082,-1.93659222126,205.305877686,119.48740387,39.0886650085,-33.6188087463,23.7112007141,-29.7650661469],[-1231.73742676,-86.3846130371,50.3267784119,-95.6147613525,-168.707107544,60.4764328003,-30.5809421539,119.48740387,196.249389648,111.76210022,-41.9598274231,3.01947379112,-9.50622177124],[-204.378509521,6.81509876251,-8.16127109528,-74.0021591187,-151.921981812,10.3371391296,-29.1645851135,39.0886650085,111.76210022,141.428695679,-14.2733459473,2.08032035828,8.38973712921],[406.428436279,42.130821228,-48.3808860779,-2.94584369659,70.6064910889,-72.6139373779,8.00953960419,-33.6188087463,-41.9598274231,-14.2733459473,85.604675293,18.1442928314,0.717968761921],[-316.923187256,-91.0141677856,12.9811496735,-9.68955612183,-36.5152740479,58.9485931396,6.42722940445,23.7112007141,3.01947379112,2.08032035828,18.1442928314,71.3149337769,27.2670230865],[391.068450928,141.793258667,-61.0744819641,-27.4935359955,38.0640945435,-7.15462446213,42.8620681763,-29.7650661469,-9.50622177124,8.38973712921,0.717968761921,27.2670230865,95.7789535522]],"icov":[[0.000129081148771,-0.000286445691017,0.000410869630286,-0.000473359774332,0.00030947724008,0.0000882361418917,0.000153547545779,-0.000072479226219,0.000736803282052,-0.000243753645918,-0.000211630642298,0.000256206723861,-0.000161375486641],[-0.000286445691017,0.00240831077099,-0.0023189294152,0.00284051476046,-0.00100277329329,0.000252347788773,-0.00213657575659,0.00235930224881,-0.00154712086078,-0.0000792389328126,-0.0000553755926376,0.00201611057855,-0.00167251855601],[0.000410869630286,-0.0023189294152,0.00651176832616,-0.00418277084827,0.00229985453188,-0.00269269803539,0.00327069312334,-0.00239353673533,0.00135877984576,0.0015397000825,-0.00199796911329,0.00099652830977,0.00111565075349],[-0.000473359774332,0.00284051476046,-0.00418277084827,0.0100319050252,-0.00605080649257,0.00158477644436,-0.00152460800018,-0.00146402732935,0.00301283178851,-0.00419584242627,0.00601077172905,-0.00243966863491,0.00200649234466],[0.00030947724008,-0.00100277329329,0.00229985453188,-0.00605080649257,0.00959593895823,-0.00133467942942,-0.00322841806337,0.00396850518882,-0.00282447878271,0.00759712653235,-0.00876908376813,0.00763018801808,-0.00433697504923],[0.0000882361418917,0.000252347788773,-0.00269269803539,0.00158477644436,-0.00133467942942,0.00686659058556,-0.00164060329553,-0.00170674733818,0.00261201011017,-0.00240044784732,0.0066524236463,-0.00654386170208,0.00153376802336],[0.000153547545779,-0.00213657575659,0.00327069312334,-0.00152460800018,-0.00322841806337,-0.00164060329553,0.0128170475364,-0.00600334024057,0.00290875812061,-0.00136867712718,0.00153153249994,-0.00231693149544,-0.00120018282905],[-0.000072479226219,0.00235930224881,-0.00239353673533,-0.00146402732935,0.00396850518882,-0.00170674733818,-0.00600334024057,0.0170222315937,-0.0114198634401,0.00587628455833,-0.00501908222213,0.00339249917306,-0.00144780648407],[0.000736803282052,-0.00154712086078,0.00135877984576,0.00301283178851,-0.00282447878271,0.00261201011017,0.00290875812061,-0.0114198634401,0.0252051614225,-0.0158638749272,0.00803519971669,-0.00197356659919,0.0018731218297],[-0.000243753645918,-0.0000792389328126,0.0015397000825,-0.00419584242627,0.00759712653235,-0.00240044784732,-0.00136867712718,0.00587628455833,-0.0158638749272,0.0228667538613,-0.00920734740794,0.00633780192584,-0.00518272491172],[-0.000211630642298,-0.0000553755926376,-0.00199796911329,0.00601077172905,-0.00876908376813,0.0066524236463,0.00153153249994,-0.00501908222213,0.00803519971669,-0.00920734740794,0.0290272310376,-0.019608637318,0.0101029649377],[0.000256206723861,0.00201611057855,0.00099652830977,-0.00243966863491,0.00763018801808,-0.00654386170208,-0.00231693149544,0.00339249917306,-0.00197356659919,0.00633780192584,-0.019608637318,0.0368615351617,-0.0166237577796],[-0.000161375486641,-0.00167251855601,0.00111565075349,0.00200649234466,-0.00433697504923,0.00153376802336,-0.00120018282905,-0.00144780648407,0.0018731218297,-0.00518272491172,0.0101029649377,-0.0166237577796,0.0220850575715]],"mean":[-188.379608154,127.572761536,-64.5442352295,-10.7486085892,-21.342792511,-8.73713874817,-17.5191631317,-8.74861621857,-11.3868713379,-9.51252651215,-0.99169254303,-7.54199028015,-7.79395723343]},"hfc":{"dmean":26.6094055176,"dmean2":39.2916221619,"dvar":5175.56542969,"dvar2":10286.5507812,"max":1657.63208008,"mean":73.2420120239,"median":7.85370922089,"min":1.06630793973e-16,"var":27121.1347656},"melbands":{"dmean":[0.000300999410683,0.000435024063336,0.000382105412427,0.000662240025122,0.000427729508374,0.00013778435823,0.0000601535211899,0.000125438848045,0.0000321103070746,0.0000242431742663,0.0000147070140883,0.0000177778802026,0.00000868076131155,0.00000889893908607,0.00000859387091623,0.0000150372106873,0.00000674672355672,0.00000192444508684,9.63925913311e-7,9.24734536056e-7,6.55362896396e-7,4.49145119319e-7,6.11773828041e-7,0.00000153277096615,0.00000140192901199,9.29646830627e-7,2.72905879228e-7,6.16324413727e-8,4.34938591809e-8,4.60846685257e-8,4.34699387597e-8,3.02102165506e-8,2.3797815274e-8,1.84779693768e-8,1.52880552662e-8,1.3410740074e-8,1.17425607016e-8,1.03354178549e-8,9.18865961097e-9,8.25122192794e-9],"dmean2":[0.000480985996546,0.000692401954439,0.000626326655038,0.000981457182206,0.000613505544607,0.000210261263419,0.0000923886618693,0.000177749272552,0.0000475889501104,0.0000381065583497,0.0000243420054176,0.0000285998085019,0.0000137168344736,0.0000146057300299,0.0000140021093102,0.0000240934678004,0.0000109356651592,0.00000312219458465,0.00000158587090482,0.00000152016662014,0.00000110535302156,7.05745776486e-7,9.60718125498e-7,0.00000244614852818,0.00000216259422814,0.00000148142225953,4.32175852438e-7,9.94091493567e-8,7.23538207126e-8,7.59733609357e-8,7.14651591238e-8,5.03818036179e-8,3.97632646809e-8,3.09392831355e-8,2.57459209507e-8,2.25414371613e-8,1.96955785015e-8,1.72909455642e-8,1.53434545069e-8,1.37392817123e-8],"dvar":[2.4998971071e-7,7.70347583057e-7,8.60612942688e-7,0.00000290618390864,0.00000154934741659,1.34717808464e-7,2.3719127995e-8,1.93687029082e-7,1.03996926626e-8,1.25747146029e-8,1.97909288957e-9,3.47120776567e-9,7.68124508443e-10,9.63672364129e-10,9.10646780206e-10,4.31695879044e-9,4.85068207823e-10,2.82642069471e-11,8.25988322878e-12,7.72782011993e-12,5.3663293427e-12,2.08023182013e-12,4.70511433634e-12,3.43279432657e-11,3.05161174108e-11,9.81862507965e-12,9.29468307875e-13,3.51516843519e-14,1.56500907475e-14,1.44247830504e-14,1.31064338663e-14,6.12983640829e-15,4.63745922292e-15,3.04764000257e-15,2.07670815799e-15,1.5665456137e-15,1.19323055939e-15,9.20328084609e-16,7.16869976585e-16,5.65826637914e-16],"dvar2":[6.37281118543e-7,0.0000021006408133,0.00000211767860492,0.00000626368137091,0.00000362005926036,3.16646833198e-7,5.38421680574e-8,3.20089071693e-7,2.09377564175e-8,3.1990879279e-8,5.47955725239e-9,8.87278694961e-9,1.66655811373e-9,2.61851917926e-9,2.38383401907e-9,1.02209156694e-8,1.21945342713e-9,7.02274766118e-11,2.20852676425e-11,1.96482795312e-11,1.51522509817e-11,4.56326296194e-12,1.0881865721e-11,9.70077282392e-11,6.87048057335e-11,2.18863000639e-11,2.20848773297e-12,7.82516548304e-14,4.03322937114e-14,3.63755622574e-14,3.41238098704e-14,1.66114240148e-14,1.26810894955e-14,8.40500036242e-15,5.58895632004e-15,4.21139572122e-15,3.20293078796e-15,2.46708531459e-15,1.91723324161e-15,1.50974623123e-15],"max":[0.00779190519825,0.0139488913119,0.0219650454819,0.0366392321885,0.0250390395522,0.00775516685098,0.00311512011103,0.0213176459074,0.00412371009588,0.00495838746428,0.00100082915742,0.00115733372513,0.000712562992703,0.000586538342759,0.000572404125705,0.00144763779826,0.000877018086612,0.000184550255653,0.0000652975795674,0.0000700994351064,0.0000431398657383,0.0000338158133673,0.0000544303729839,0.000136728544021,0.000195885964786,0.0000947968874243,0.0000329787399096,0.00000535913432032,0.00000270043733508,0.00000248362289312,0.00000225799158216,0.00000197668123292,0.00000127549537865,0.00000126114503018,9.94059178083e-7,8.61689557041e-7,7.50850574605e-7,6.59930378788e-7,5.82180803121e-7,5.16050761235e-7],"mean":[0.000626216700766,0.000861464824993,0.000643261824735,0.00126576412003,0.000756575260311,0.0002485550649,0.000109221691673,0.000250074255746,0.0000614751552348,0.0000375664167223,0.0000236040159507,0.0000320413710142,0.0000154862445925,0.0000146990159919,0.0000156581136252,0.0000248753967753,0.0000123272939163,0.00000383400220016,0.00000185340013559,0.00000159588080351,0.00000113868884455,8.72128168794e-7,0.00000117150216283,0.00000269137672149,0.00000275526213045,0.00000198330280909,4.79095774608e-7,7.94698635787e-8,4.8340986325e-8,6.36294075207e-8,6.21219200525e-8,4.14891658806e-8,2.87554566825e-8,2.05166195144e-8,1.5435677625e-8,1.38660212201e-8,1.21710934664e-8,1.07101607583e-8,9.65204627335e-9,8.7850615671e-9],"median":[0.00027876032982,0.000255575490883,0.000144126708619,0.000128326850245,0.0000513637205586,0.0000213576986425,0.0000122326737255,0.0000117921536003,0.00000565156460652,0.00000485545479023,0.00000403069725508,0.00000346611204805,0.00000192710194824,0.00000204787329494,0.00000188952060398,0.00000129007025862,0.00000104449873106,8.31110867239e-7,4.98749955113e-7,3.37092387781e-7,1.91985705555e-7,1.4311191876e-7,1.06952825263e-7,7.94996566356e-8,7.12347016929e-8,4.81483759529e-8,3.32321512531e-8,1.36065239076e-8,9.16902465065e-9,1.1741686734e-8,1.0850962795e-8,6.28263441271e-9,3.69540775758e-9,2.79163003825e-9,2.09309281018e-9,2.12082662543e-9,1.70450442649e-9,1.52488910388e-9,1.39148870204e-9,1.28233801355e-9],"min":[2.8055796679e-24,3.54050082822e-24,3.8338967371e-24,2.08088530035e-24,1.00513836366e-24,6.05527816468e-24,6.33585468942e-24,4.76807962613e-24,5.46916713387e-24,6.18892500709e-24,5.05927185207e-24,5.94992934066e-24,3.70378201939e-24,6.90318373093e-24,5.45181377168e-24,6.01558426165e-24,3.14525311571e-24,5.13406651551e-24,5.86311559247e-24,7.78217357229e-24,6.81930493974e-24,5.38240387278e-24,6.87734853628e-24,6.87638060395e-24,4.69011492515e-24,5.94226042937e-24,4.75331964416e-24,6.55354637824e-24,5.85233462491e-24,5.42972921621e-24,6.59635154868e-24,7.12542083629e-24,7.02252339753e-24,7.43174104781e-24,6.10110348909e-24,7.83818742973e-24,7.06151994752e-24,9.40434375044e-24,5.85611879067e-24,7.29619660049e-24],"var":[7.54129985125e-7,0.00000214316014535,0.00000169950931195,0.00000819296928967,0.00000376692696591,3.73314748003e-7,6.4128670374e-8,0.00000130811486088,4.77340833527e-8,1.86327149265e-8,3.52962570283e-9,9.44047506835e-9,1.92183402525e-9,1.85488635562e-9,2.27311147682e-9,8.50595949231e-9,1.39816924705e-9,6.5512435754e-11,2.42780847509e-11,1.53550505644e-11,9.72170607905e-12,5.47768080894e-12,1.40521292519e-11,8.34414898288e-11,7.70506158876e-11,3.27669384681e-11,2.02756951853e-12,6.5466912219e-14,1.70835042754e-14,2.13265345596e-14,2.03403188525e-14,1.01019360046e-14,5.57845861721e-15,3.00347591646e-15,1.95042295709e-15,1.47830066246e-15,1.14066030655e-15,8.93627488529e-16,7.07748490534e-16,5.70193304515e-16]},"melbands_crest":{"dmean":3.34049510956,"dmean2":5.39763879776,"dvar":7.58799362183,"dvar2":20.5941143036,"max":36.9472236633,"mean":16.8537349701,"median":15.903298378,"min":1.00006473064,"var":33.5478286743},"melbands_flatness_db":{"dmean":0.0381698571146,"dmean2":0.0615497045219,"dvar":0.00102406786755,"dvar2":0.0027393642813,"max":0.577790498734,"mean":0.337655752897,"median":0.338523536921,"min":0.00000119076435112,"var":0.00404269760475},"melbands_kurtosis":{"dmean":8.5253534317,"dmean2":13.8143110275,"dvar":173.196395874,"dvar2":511.692626953,"max":246.362518311,"mean":18.8949794769,"median":11.8279380798,"min":-1.75121426582,"var":493.771362305},"melbands_skewness":{"dmean":0.732440769672,"dmean2":1.15075433254,"dvar":0.525161743164,"dvar2":1.44090008736,"max":14.3942947388,"mean":2.82538080215,"median":2.63374423981,"min":-2.10857820511,"var":3.7151324749},"melbands_spread":{"dmean":2.69821333885,"dmean2":4.31581115723,"dvar":30.8649253845,"dvar2":75.7033462524,"max":163.147537231,"mean":9.21032238007,"median":7.03581237793,"min":0.630372822285,"var":119.847389221},"mfcc":{"cov":[[17732.1386719,4798.55078125,-2188.38623047,943.93170166,371.049530029,-125.759315491,214.350326538,-255.240615845,-1225.02893066,-799.033874512,154.279983521,-637.535705566,-544.258911133],[4798.55078125,2688.50146484,-413.842224121,38.1909713745,103.856994629,17.5145187378,41.5646362305,-126.417366028,-272.328369141,-216.083236694,-3.03662919998,-165.107788086,-114.98790741],[-2188.38623047,-413.842224121,787.940917969,-234.889251709,-139.843215942,36.9234199524,-96.8930511475,-9.6289768219,201.757904053,148.25302124,-59.779876709,117.31136322,94.4083709717],[943.93170166,38.1909713745,-234.889251709,365.507293701,170.711257935,-17.7944698334,99.7892227173,46.7153892517,-127.943603516,-75.2175216675,37.4495811462,-78.9925918579,-73.0694122314],[371.049530029,103.856994629,-139.843215942,170.711257935,212.220947266,59.5455513,101.096725464,55.6890029907,-68.3106307983,-49.6849899292,-15.8261556625,-47.4710388184,-30.4732208252],[-125.759315491,17.5145187378,36.9234199524,-17.7944698334,59.5455513,162.26222229,88.4436798096,40.9053878784,34.7189292908,-27.041021347,-53.9079093933,-10.0367088318,16.732049942],[214.350326538,41.5646362305,-96.8930511475,99.7892227173,101.096725464,88.4436798096,193.159500122,114.07598114,-49.7056694031,-64.4218139648,-33.956111908,-54.3996200562,-27.596075058],[-255.240615845,-126.417366028,-9.6289768219,46.7153892517,55.6890029907,40.9053878784,114.07598114,125.779945374,30.0025558472,-11.4857435226,-24.8261890411,-16.4692382812,1.61266887188],[-1225.02893066,-272.328369141,201.757904053,-127.943603516,-68.3106307983,34.7189292908,-49.7056694031,30.0025558472,213.340667725,115.686103821,-27.6323814392,77.7052383423,64.3558731079],[-799.033874512,-216.083236694,148.25302124,-75.2175216675,-49.6849899292,-27.041021347,-64.4218139648,-11.4857435226,115.686103821,123.237419128,23.2295284271,54.8247871399,37.1417274475],[154.279983521,-3.03662919998,-59.779876709,37.4495811462,-15.8261556625,-53.9079093933,-33.956111908,-24.8261890411,-27.6323814392,23.2295284271,81.3214035034,14.9759092331,-12.5870380402],[-637.535705566,-165.107788086,117.31136322,-78.9925918579,-47.4710388184,-10.0367088318,-54.3996200562,-16.4692382812,77.7052383423,54.8247871399,14.9759092331,94.9691772461,55.3791275024],[-544.258911133,-114.98790741,94.4083709717,-73.0694122314,-30.4732208252,16.732049942,-27.596075058,1.61266887188,64.3558731079,37.1417274475,-12.5870380402,55.3791275024,75.9604415894]],"icov":[[0.000323085521813,-0.000519428227562,0.000678342883475,-0.000973405840341,0.0014074544888,-0.00156011129729,0.00194591737818,-0.0019713321235,0.00261587300338,-0.00176202307921,0.00151920656208,-0.00106089154724,0.00107675034087],[-0.000519428227562,0.00140073732473,-0.00114251335617,0.00221329182386,-0.00307917478494,0.00323707633652,-0.00416142307222,0.00494309375063,-0.00532695185393,0.00451965676621,-0.00347022991627,0.00297288806178,-0.00205656723119],[0.000678342883475,-0.00114251335617,0.0041098552756,-0.00261258915998,0.00517477001995,-0.0060044308193,0.00695893075317,-0.00741361314431,0.00927022006363,-0.00921096559614,0.00798486731946,-0.00574720418081,0.00375677249394],[-0.000973405840341,0.00221329182386,-0.00261258915998,0.0108525231481,-0.0111237037927,0.00987383536994,-0.0107831861824,0.0105464160442,-0.0131200337783,0.0123362597078,-0.011995091103,0.00838456489146,-0.00373303005472],[0.0014074544888,-0.00307917478494,0.00517477001995,-0.0111237037927,0.0211961138994,-0.0170727744699,0.0161239299923,-0.0202870517969,0.0246616192162,-0.0213730037212,0.017620479688,-0.0126343565062,0.00853124447167],[-0.00156011129729,0.00323707633652,-0.0060044308193,0.00987383536994,-0.0170727744699,0.03068225272,-0.0297982692719,0.0300853811204,-0.033568456769,0.0276127122343,-0.0164115726948,0.0156915858388,-0.0136100342497],[0.00194591737818,-0.00416142307222,0.00695893075317,-0.0107831861824,0.0161239299923,-0.0297982692719,0.0488266348839,-0.0475474074483,0.0404425002635,-0.0281700510532,0.0228610616177,-0.0168632492423,0.0159938521683],[-0.0019713321235,0.00494309375063,-0.00741361314431,0.0105464160442,-0.0202870517969,0.0300853811204,-0.0475474074483,0.0595737285912,-0.0477750338614,0.0353711731732,-0.0253744814545,0.0226753633469,-0.018141835928],[0.00261587300338,-0.00532695185393,0.00927022006363,-0.0131200337783,0.0246616192162,-0.033568456769,0.0404425002635,-0.0477750338614,0.063663393259,-0.0515209622681,0.0371060632169,-0.029250619933,0.0182594880462],[-0.00176202307921,0.00451965676621,-0.00921096559614,0.0123362597078,-0.0213730037212,0.0276127122343,-0.0281700510532,0.0353711731732,-0.0515209622681,0.0591705702245,-0.0370535179973,0.0234265811741,-0.0166112817824],[0.00151920656208,-0.00347022991627,0.00798486731946,-0.011995091103,0.017620479688,-0.0164115726948,0.0228610616177,-0.0253744814545,0.0371060632169,-0.0370535179973,0.0455759875476,-0.025844078511,0.0167715009302],[-0.00106089154724,0.00297288806178,-0.00574720418081,0.00838456489146,-0.0126343565062,0.0156915858388,-0.0168632492423,0.0226753633469,-0.029250619933,0.0234265811741,-0.025844078511,0.0404267348349,-0.0234537273645],[0.00107675034087,-0.00205656723119,0.00375677249394,-0.00373303005472,0.00853124447167,-0.0136100342497,0.0159938521683,-0.018141835928,0.0182594880462,-0.0166112817824,0.0167715009302,-0.0234537273645,0.0346528925002]],"mean":[-843.362121582,176.294769287,18.5339412689,18.002866745,11.1275024414,6.09541702271,6.71418857574,2.31963348389,-3.7809984684,0.981833994389,5.65441083908,-2.68216991425,-2.95403766632]},"pitch_salience":{"dmean":0.06291256845,"dmean2":0.103636443615,"dvar":0.00292111979797,"dvar2":0.00781303737313,"max":0.996098577976,"mean":0.485844194889,"median":0.505853354931,"min":0.0850321725011,"var":0.0184909943491},"silence_rate_20dB":{"dmean":0,"dmean2":0,"dvar":0,"dvar2":0,"max":1,"mean":1,"median":1,"min":1,"var":0},"silence_rate_30dB":{"dmean":0.0160267110914,"dmean2":0.0320641286671,"dvar":0.0157691705972,"dvar2":0.0383854322135,"max":1,"mean":0.97863817215,"median":1,"min":0,"var":0.0209063310176},"silence_rate_60dB":{"dmean":0.015358931385,"dmean2":0.0307281222194,"dvar":0.01512338873,"dvar2":0.033793091774,"max":1,"mean":0.36315086484,"median":0,"min":0,"var":0.231273412704},"spectral_centroid":{"dmean":102.709648132,"dmean2":158.703475952,"dvar":43269.96875,"dvar2":87182.984375,"max":11572.3369141,"mean":602.148925781,"median":463.122924805,"min":139.075881958,"var":455092.4375},"spectral_complexity":{"dmean":1.23338901997,"dmean2":2.04676008224,"dvar":2.38805794716,"dvar2":5.74799728394,"max":29,"mean":6.38584756851,"median":5,"min":0,"var":37.7722015381},"spectral_contrast_coeffs":{"dmean":[0.0464481599629,0.0428142361343,0.0347629003227,0.0300609972328,0.0327649824321,0.0189467910677],"dmean2":[0.0747826695442,0.0696624144912,0.0570472292602,0.0488089583814,0.0529401451349,0.0313209034503],"dvar":[0.00141791347414,0.00119607837405,0.000768020341638,0.000635655713268,0.00090031302534,0.000554260972422],"dvar2":[0.00360706169158,0.00318383285776,0.00212312699296,0.00167428178247,0.00224290927872,0.00138214800972],"max":[-0.240576192737,-0.497304350138,-0.579066038132,-0.569941759109,-0.503027141094,-0.563453793526],"mean":[-0.669741392136,-0.780030012131,-0.81213581562,-0.820466995239,-0.838710486889,-0.848408818245],"median":[-0.688794255257,-0.787262678146,-0.81895840168,-0.823605835438,-0.866253376007,-0.858610749245],"min":[-0.97586864233,-0.994720220566,-0.997886717319,-0.987090349197,-0.987901926041,-0.962273836136],"var":[0.013136585243,0.00542332604527,0.00310617801733,0.00325830816291,0.0066841384396,0.00135757238604]},"spectral_contrast_valleys":{"dmean":[0.369150578976,0.362717479467,0.323828548193,0.331429541111,0.505393326283,0.633564054966],"dmean2":[0.602457821369,0.581704139709,0.512066841125,0.52707952261,0.815105140209,1.0448871851],"dvar":[0.108894839883,0.106914438307,0.0891787037253,0.105252578855,0.225284203887,0.363000422716],"dvar2":[0.244628176093,0.226166665554,0.187226161361,0.225186601281,0.538280725479,0.895989179611],"max":[-5.6538271904,-4.74825286865,-5.87212610245,-6.55037975311,-6.64718389511,-9.01577186584],"mean":[-8.22138690948,-7.86336135864,-8.68487358093,-9.47372817993,-9.96630764008,-12.4305763245],"median":[-7.54625701904,-7.53806591034,-8.30240154266,-9.02816581726,-9.58333969116,-12.1450328827],"min":[-27.4978027344,-27.5631027222,-27.5886974335,-27.3451385498,-27.4596843719,-27.3108558655],"var":[3.93822813034,3.54422426224,3.38391971588,3.19939994812,3.08452343941,2.65147137642]},"spectral_decrease":{"dmean":1.46913348154e-9,"dmean2":2.26229301958e-9,"dvar":7.14598187898e-18,"dvar2":1.65370096954e-17,"max":9.39979827308e-9,"mean":-3.73005759613e-9,"median":-1.8422480208e-9,"min":-4.47292336503e-8,"var":2.79865972345e-17},"spectral_energy":{"dmean":0.00586409633979,"dmean2":0.00894583109766,"dvar":0.000117351533845,"dvar2":0.000267247174634,"max":0.196554288268,"mean":0.0207213573158,"median":0.00906454212964,"min":9.85662197908e-21,"var":0.000813362654299},"spectral_energyband_high":{"dmean":0.0000134486363095,"dmean2":0.0000210293510463,"dvar":9.74542224697e-10,"dvar2":2.35107777691e-9,"max":0.000700352771673,"mean":0.0000338812715199,"median":0.00000535005256097,"min":7.21139612315e-21,"var":4.44789627352e-9},"spectral_energyband_low":{"dmean":0.00196639425121,"dmean2":0.00320608587936,"dvar":0.0000113370633699,"dvar2":0.0000318726852129,"max":0.0509542524815,"mean":0.00483269523829,"median":0.00250330846757,"min":3.09050206681e-23,"var":0.0000403485355491},"spectral_energyband_middle_high":{"dmean":0.000313938013278,"dmean2":0.00048500567209,"dvar":7.42740610349e-7,"dvar2":0.00000177677281954,"max":0.0232159271836,"mean":0.000936314405408,"median":0.000178877118742,"min":1.37836643606e-21,"var":0.00000411154314861},"spectral_energyband_middle_low":{"dmean":0.00411876756698,"dmean2":0.00603206083179,"dvar":0.0000879232975421,"dvar2":0.000196641150978,"max":0.170179203153,"mean":0.0102216927335,"median":0.00205212924629,"min":2.26103034975e-22,"var":0.000347152759787},"spectral_entropy":{"dmean":0.293227136135,"dmean2":0.461980074644,"dvar":0.0671106874943,"dvar2":0.175564423203,"max":9.80225563049,"mean":6.7878408432,"median":6.72852277756,"min":5.39950323105,"var":0.293281495571},"spectral_flux":{"dmean":0.0115937059745,"dmean2":0.018849985674,"dvar":0.000227111202548,"dvar2":0.000619622471277,"max":0.305923610926,"mean":0.0511472783983,"median":0.0406458899379,"min":6.60155957677e-11,"var":0.00228479830548},"spectral_kurtosis":{"dmean":9.82331466675,"dmean2":16.1562194824,"dvar":129.069747925,"dvar2":348.852783203,"max":130.255996704,"mean":24.468793869,"median":21.977481842,"min":-1.20773518085,"var":215.203674316},"spectral_rms":{"dmean":0.00049885554472,"dmean2":0.000760296534281,"dvar":4.44400001243e-7,"dvar2":0.00000101915486539,"max":0.0138477534056,"mean":0.00345861376263,"median":0.00297379493713,"min":3.10100252768e-12,"var":0.00000825395545689},"spectral_rolloff":{"dmean":2205.89550781,"dmean2":4304.65576172,"dvar":37231700,"dvar2":95544136,"max":22028.4667969,"mean":4359.12744141,"median":452.197265625,"min":21.533203125,"var":67336232},"spectral_skewness":{"dmean":0.672703623772,"dmean2":1.0944327116,"dvar":0.481057405472,"dvar2":1.30505156517,"max":9.34218597412,"mean":3.59086227417,"median":3.45724725723,"min":-0.0543604306877,"var":1.14654350281},"spectral_spread":{"dmean":675926.9375,"dmean2":1108677.125,"dvar":666902921216,"dvar2":1557879455740,"max":40737348,"mean":3593708.25,"median":3152374.5,"min":830844.5,"var":5573638094850},"spectral_strongpeak":{"dmean":2.90254688263,"dmean2":5.20964670181,"dvar":236.725234985,"dvar2":618.595458984,"max":212.508834839,"mean":2.72736692429,"median":0,"min":0,"var":255.235183716},"zerocrossingrate":{"dmean":0.0303516928107,"dmean2":0.0390688590705,"dvar":0.00112402741797,"dvar2":0.00160753517412,"max":0.7548828125,"mean":0.152789011598,"median":0.1103515625,"min":0,"var":0.0136132780463}},"metadata":{"audio_properties":{"analysis_sample_rate":44100,"bit_rate":128000,"codec":"mp3","downmix":"mix","equal_loudness":0,"length":69.5379562378,"lossless":false,"md5_encoded":"4cddc25b947edbd9068a73a0d13cd418","replay_gain":11.6676845551},"tags":{"album":["The Broadsword and the Beast"],"albumartist":["Jethro Tull"],"albumartistsort":["Jethro Tull"],"artist":["Jethro Tull"],"artistsort":["Jethro Tull"],"asin":["B000008H1S"],"catalognumber":["CHR 1380"],"composer":["Ian Anderson"],"date":["1982-04-10"],"discnumber":["1/1"],"file_name":"10 Cheerio.mp3","genre":["Rock"],"label":["Chrysalis"],"language":["eng"],"media":["Vinyl"],"mp3gain_album_minmax":["000,210"],"mp3gain_minmax":["000,181"],"musicbrainz album release country":["GB"],"musicbrainz album status":["official"],"musicbrainz album type":["album"],"musicbrainz_albumartistid":["ece57992-dc2e-4f67-a269-fa43626c1a3d"],"musicbrainz_albumid":["657fae08-8702-44fd-acec-4dcb9e7c1b23"],"musicbrainz_artistid":["ece57992-dc2e-4f67-a269-fa43626c1a3d"],"musicbrainz_recordingid":["4dd77ec6-445d-4b2a-adaf-30dc728caa67"],"originaldate":["1982-04-10"],"replaygain_album_gain":["0.10 dB"],"replaygain_album_peak":["0.960167"],"replaygain_track_gain":["13.12 dB"],"replaygain_track_peak":["0.152302"],"script":["Latn"],"title":["Cheerio"],"tracknumber":["10/10"]},"version":{"essentia":"2.1-beta1","essentia_build_sha":"eef087cf131c10083d474ad51def18efd0e38295","essentia_git_sha":"v2.1_beta1-7-ge0e83e8-dirty","extractor":"music 1.0"}},"rhythm":{"beats_count":107,"beats_loudness":{"dmean":0.0168597958982,"dmean2":0.0301696397364,"dvar":0.000606739427894,"dvar2":0.00188992603216,"max":0.151960328221,"mean":0.0223797187209,"median":0.00947665330023,"min":0.000002256946118,"var":0.000822899979539},"beats_loudness_band_ratio":{"dmean":[0.167561262846,0.1299803406,0.101721704006,0.0280197840184,0.00989728141576,0.0548835210502],"dmean2":[0.2807