{"lowlevel":{"average_loudness":0.839938640594,"barkbands":{"dmean":[0.000023204174795,0.00293450220488,0.00231011863798,0.00213938066736,0.0015788389137,0.00111084594391,0.000761603703722,0.000547502015252,0.000943813007325,0.000703138008248,0.000430359039456,0.000437105860328,0.00046817670227,0.000457384332549,0.000463121803477,0.000311350275297,0.000344028609106,0.00026642892044,0.000267990253633,0.000146766877151,0.000127331310068,0.00011283672211,0.000080554294982,0.0000573997676838,0.0000908438669285,0.000149398518261,0.0000219358389586],"dmean2":[0.0000378120057576,0.00499516259879,0.004167385865,0.0036308967974,0.00277841254137,0.00188783719204,0.00131737301126,0.000908221001737,0.00155898171943,0.00113941240124,0.000705480168108,0.000719044415746,0.000762463547289,0.000739725073799,0.000768367783166,0.000515140825883,0.00057923339773,0.000444357283413,0.000445492594736,0.000241829329752,0.000200685724849,0.000174546483322,0.000120384123875,0.0000835016981,0.000132103916258,0.000221593247261,0.0000329133690684],"dvar":[3.81108611336e-9,0.0000946172876866,0.0000724415585864,0.000038981801481,0.0000162060841831,0.00000749811169953,0.00000348178650711,0.0000023833006253,0.0000054113988881,0.0000030827518458,0.00000124768757814,0.00000111651104362,0.00000119197306958,0.00000135470622808,0.00000118986133657,6.25994744041e-7,6.60630576022e-7,3.60163738833e-7,4.76757691104e-7,1.93724929431e-7,1.19453005709e-7,1.08431073897e-7,4.94421747987e-8,2.09205399671e-8,7.76975142003e-8,2.10548279256e-7,6.16864204162e-9],"dvar2":[9.14316622413e-9,0.000256349507254,0.000208346129511,0.000103496480733,0.0000458540343971,0.0000204277785087,0.00000969233769865,0.0000063399602368,0.0000138264658744,0.00000769153939473,0.00000317912554237,0.00000293613720714,0.00000303644765154,0.00000336771199727,0.00000310897121381,0.00000163034178513,0.00000181396092103,9.60617285273e-7,0.00000130346927563,5.33160687155e-7,3.03257877476e-7,2.79170507156e-7,1.17993998572e-7,4.78078625576e-8,1.65316123457e-7,4.26551565624e-7,1.32568498401e-8],"max":[0.00101291446481,0.143209472299,0.119596883655,0.0968837738037,0.0422858521342,0.0766552388668,0.0326781719923,0.0558548122644,0.0622625201941,0.0472920909524,0.0345967598259,0.0317351035774,0.02592131868,0.033198453486,0.0228292811662,0.0184342116117,0.0143886404112,0.0119977742434,0.0132144158706,0.00906880479306,0.0051935557276,0.00612810719758,0.00347742461599,0.00196269527078,0.00856298487633,0.0108555993065,0.00281005818397],"mean":[0.0000243648082687,0.00318533601239,0.00214349082671,0.00193739414681,0.0017436494818,0.00128639722243,0.000838950683828,0.000641836202703,0.00117786217015,0.000902121770196,0.000566781149246,0.000527135212906,0.000561758643016,0.000563045905437,0.000597141042817,0.00037418861757,0.000403512065532,0.000323090527672,0.000310213625198,0.000167561898706,0.000164108831086,0.000153672852321,0.000114357892016,0.0000875875339261,0.000137156064739,0.000215004751226,0.0000290850548481],"median":[0.00000327481575368,0.000906860688701,0.000443745346274,0.00030551844975,0.000624555279501,0.000469719379907,0.00028079963522,0.000231851052376,0.000350094691385,0.000278047926258,0.000124770027469,0.000158107024617,0.000134459667606,0.000140985008329,0.00011060925317,0.0000799311164883,0.000133796595037,0.000114321745059,0.000104916412965,0.0000442753371317,0.000034177894122,0.000042494830268,0.0000244355032919,0.0000167537455127,0.00002248628698,0.0000289411618724,0.00000305324010696],"min":[9.40894675382e-24,3.71097800857e-24,3.57966524781e-23,8.71316906884e-24,2.44273429874e-23,2.62422153186e-23,4.84796047025e-24,3.02909113861e-23,6.9270292606e-23,3.3238067329e-23,5.14296163219e-23,9.41313891845e-23,5.54002877349e-23,7.7070486128e-23,1.17081460754e-22,8.6311859104e-23,1.44956106964e-22,1.44775640833e-22,1.63685886287e-22,3.11828915577e-22,3.60016452418e-22,4.35080846332e-22,5.43258490846e-22,7.33214177339e-22,1.17111366786e-21,1.69141471602e-21,2.68137885896e-21],"var":[4.15689171973e-9,0.000070300178777,0.0000447202364739,0.000029664248359,0.0000121479379231,0.00000719541276339,0.00000291352603199,0.00000235381480707,0.00000657755663269,0.00000457078749605,0.00000202850310416,0.00000139101166496,0.00000153885082455,0.00000173739113052,0.00000176824562459,7.34976140393e-7,6.00164980824e-7,3.68202705658e-7,4.03154274409e-7,1.60824001227e-7,1.38748049494e-7,1.16812785222e-7,6.75373499348e-8,3.84983955826e-8,1.59586633686e-7,4.74957289498e-7,1.13479989849e-8]},"barkbands_crest":{"dmean":2.71533536911,"dmean2":4.45349216461,"dvar":6.61273097992,"dvar2":17.3355388641,"max":26.9530696869,"mean":9.57075881958,"median":8.39670753479,"min":2.20229458809,"var":23.0163154602},"barkbands_flatness_db":{"dmean":0.0287322103977,"dmean2":0.0431700795889,"dvar":0.0010004179785,"dvar2":0.00220673694275,"max":0.610443472862,"mean":0.132955223322,"median":0.102219678462,"min":0.0171094853431,"var":0.00878655351698},"barkbands_kurtosis":{"dmean":6.81583738327,"dmean2":10.5535755157,"dvar":3127.20166016,"dvar2":6324.78515625,"max":4088.71020508,"mean":8.89007568359,"median":1.11141085625,"min":-1.90912818909,"var":5450.98535156},"barkbands_skewness":{"dmean":0.701417803764,"dmean2":1.07799255848,"dvar":1.07687461376,"dvar2":2.40752840042,"max":44.6390724182,"mean":1.18019080162,"median":1.06025981903,"min":-26.5226383209,"var":4.16917181015},"barkbands_spread":{"dmean":7.55762958527,"dmean2":11.694190979,"dvar":84.5219039917,"dvar2":189.578536987,"max":113.756752014,"mean":24.4129180908,"median":22.0983333588,"min":0.0288176164031,"var":308.393035889},"dissonance":{"dmean":0.025089520961,"dmean2":0.042202565819,"dvar":0.000925614207517,"dvar2":0.00240473868325,"max":0.500000119209,"mean":0.4545558393,"median":0.469957947731,"min":0.0530925057828,"var":0.00279954145662},"dynamic_complexity":5.13470697403,"erbbands":{"dmean":[0.051453653723,0.788628339767,2.5314283371,5.24658203125,6.01800251007,5.31909179688,6.44523763657,9.91989517212,10.7930803299,9.9868221283,14.4282541275,22.6446609497,20.7117500305,20.425611496,15.5841531754,18.044549942,21.3612785339,23.5518321991,21.1004428864,23.3058395386,15.840634346,18.4698734283,15.2781963348,11.9625577927,13.352897644,7.11212873459,5.7326130867,4.66245889664,3.98910355568,3.37242031097,2.17338848114,1.38716328144,0.881343841553,0.696828305721,0.849017500877,0.644510924816,0.290020465851,0.055331941694,0.0029724847991,0.0000651099253446],"dmean2":[0.0860690250993,1.35693132877,4.53527212143,9.00898742676,10.5288105011,9.13497829437,10.9763422012,16.9852638245,18.7005939484,16.9352245331,23.8160400391,37.161026001,33.975112915,32.5809669495,25.2577552795,29.3197345734,34.6226234436,38.1191291809,34.3410263062,38.7865791321,25.9543819427,31.1220760345,25.3874568939,19.651725769,22.5287361145,11.7579298019,9.10357761383,7.37265539169,6.25451135635,5.1357717514,3.24308037758,2.02761793137,1.29884779453,1.01299500465,1.25877213478,0.97043544054,0.429702788591,0.0811242759228,0.00442966027185,0.0000947530206759],"dvar":[0.0259634424001,7.12498235703,86.8937454224,241.413208008,322.79119873,141.023010254,263.030700684,674.122924805,762.861694336,589.456726074,1837.17529297,3450.2590332,2763.04467773,2751.94848633,1704.62988281,1913.34936523,2416.91967773,3749.82421875,2630.69995117,3184.01196289,1481.25244141,2090.2434082,1175.32397461,654.296813965,1597.01818848,448.741638184,280.136688232,159.023269653,142.484527588,89.7325820923,37.7285766602,13.4850025177,4.56394720078,4.02591705322,7.62454032898,4.20701503754,0.811537742615,0.032559197396,0.000109466156573,3.42713555312e-8],"dvar2":[0.0659527033567,19.6538772583,249.370162964,658.880554199,896.978027344,391.914886475,717.559448242,1841.16833496,2138.7097168,1570.48461914,4896.46044922,8691.21777344,7135.58447266,6605.90478516,4360.83251953,5001.01953125,6178.96630859,9357.51953125,6637.28027344,8512.50585938,3867.16381836,5759.16796875,3151.49682617,1728.10461426,4469.54443359,1243.15844727,730.256958008,400.989715576,369.609680176,221.462463379,91.8700637817,31.2856674194,10.2387332916,8.59240722656,16.6509532928,8.77912521362,1.67509579659,0.0658107697964,0.000229805518757,6.93774069305e-8],"max":[2.45667505264,39.5523262024,138.243255615,180.569961548,284.471466064,144.872360229,253.999160767,936.125305176,428.196838379,692.912109375,1622.63049316,1919.24719238,1868.24536133,1585.11828613,1429.09545898,1365.89160156,1135.83178711,1976.99816895,986.845092773,1311.67480469,847.611816406,739.221557617,702.362182617,336.542358398,866.642272949,486.293121338,245.143585205,220.20111084,207.634307861,183.351364136,123.035713196,58.1851654053,31.9868583679,62.6054916382,87.9434127808,49.6239967346,21.3327407837,5.4425983429,0.32412725687,0.00520328991115],"mean":[0.0570816062391,0.839657008648,2.43491888046,4.90483808517,5.58038187027,6.43472385406,7.39042282104,11.225030899,11.8501844406,11.9062137604,18.179889679,28.6379680634,26.7126522064,28.4377193451,21.1870613098,23.2041168213,26.6977424622,30.354675293,27.2876567841,30.6370105743,20.260477066,21.7266216278,19.0453853607,14.8798274994,14.7512636185,8.29719352722,7.05646705627,6.04623985291,5.27337884903,4.76852798462,3.04167604446,2.04384207726,1.36766314507,1.10255610943,1.22273111343,0.923932313919,0.404337733984,0.0776102617383,0.00399225298315,0.0000979822798399],"median":[0.0151378680021,0.243286162615,0.664968013763,1.04794251919,1.3821606636,2.24726581573,2.64365983009,3.9797270298,4.26551532745,4.38403081894,6.95357513428,8.94069194794,9.18342590332,7.7054567337,6.33390665054,8.25443649292,7.55007648468,8.71642494202,6.62296867371,5.71345329285,5.64440155029,7.33766126633,7.11182975769,5.73486709595,4.55696868896,2.29963135719,1.55416631699,1.29025244713,1.42306888103,1.25201952457,0.620010495186,0.374283194542,0.264454811811,0.202337533236,0.176183447242,0.121812582016,0.0527768060565,0.00959285348654,0.000453050772194,0.0000282592027361],"min":[1.58818425175e-22,1.28862471071e-21,2.50478577443e-20,5.05259980412e-20,2.64944560796e-20,7.5898461168e-20,2.12591892699e-19,1.66139587923e-19,1.60739145423e-19,2.91659386192e-19,1.02383659933e-18,1.28130545718e-18,1.13956992038e-18,1.47515347597e-18,2.83949949145e-18,3.81494788611e-18,2.86829757768e-18,2.80118613984e-18,7.40525171582e-18,5.00968124077e-18,6.30789199492e-18,7.68284691195e-18,9.03980527398e-18,6.71983993409e-18,1.00270966203e-17,1.54496079883e-17,1.53289554242e-17,9.70327939868e-18,1.38157227921e-17,1.79094876201e-17,1.48041010537e-17,1.51660554374e-17,1.21602936768e-17,1.27809727853e-17,7.9174849645e-18,6.11954255585e-18,2.94248513208e-18,1.59453269897e-18,3.70543258513e-19,3.63346515765e-20],"var":[0.0224563349038,5.04001998901,53.6072463989,171.805236816,223.321273804,132.885604858,241.141891479,615.701171875,609.999694824,575.442199707,1828.44348145,4263.65771484,3331.00708008,5225.38623047,2493.71264648,2393.37939453,3107.22485352,4809.41064453,3369.50854492,4231.63769531,1745.54614258,1822.28076172,1200.78894043,666.817749023,1205.55810547,370.519470215,283.727630615,187.197341919,146.596908569,107.839759827,49.7561950684,21.8058605194,9.63822746277,8.35952949524,14.6725749969,8.9137506485,1.73867702484,0.0690445378423,0.000207701319596,7.16679409152e-8]},"erbbands_crest":{"dmean":2.90608096123,"dmean2":4.70652627945,"dvar":8.99470615387,"dvar2":21.7124767303,"max":34.1343078613,"mean":9.87657642365,"median":7.76362705231,"min":2.03446507454,"var":41.5745239258},"erbbands_flatness_db":{"dmean":0.0250356011093,"dmean2":0.0359865240753,"dvar":0.000746019883081,"dvar2":0.00152719835751,"max":0.625062644482,"mean":0.158735737205,"median":0.136335656047,"min":0.0351419001818,"var":0.00758124981076},"erbbands_kurtosis":{"dmean":2.72646403313,"dmean2":4.36851596832,"dvar":120.669509888,"dvar2":283.555908203,"max":286.889343262,"mean":3.88213968277,"median":0.145535379648,"min":-1.77136445045,"var":317.4637146},"erbbands_skewness":{"dmean":0.515118896961,"dmean2":0.809384167194,"dvar":0.443815678358,"dvar2":1.06649684906,"max":12.7293548584,"mean":0.403140366077,"median":0.234788477421,"min":-6.3785943985,"var":1.51885902882},"erbbands_spread":{"dmean":8.85597038269,"dmean2":13.6682004929,"dvar":108.011436462,"dvar2":248.112579346,"max":152.924514771,"mean":33.2380485535,"median":31.012260437,"min":0.170749083161,"var":397.540313721},"gfcc":{"cov":[[21261.140625,-3282.60424805,-1557.32421875,1663.8560791,1005.88061523,1072.28405762,-725.270019531,-590.294250488,-568.007263184,644.51776123,198.635223389,1184.31201172,-351.804046631],[-3282.60424805,1957.16186523,359.573516846,-265.045959473,12.2672071457,-226.540039063,101.626808167,-61.1544380188,97.2828598022,-271.906982422,-0.398468196392,-252.784729004,51.1980514526],[-1557.32421875,359.573516846,1053.40612793,85.1444702148,-27.6693496704,-65.6031799316,31.656835556,-6.28379678726,-19.907743454,-50.8549118042,-43.7350387573,-131.083831787,-3.40600037575],[1663.8560791,-265.045959473,85.1444702148,530.206176758,161.592773438,86.7857971191,-112.826873779,-58.6411514282,-53.9272727966,80.5540161133,28.6535549164,83.8321075439,-19.5141143799],[1005.88061523,12.2672071457,-27.6693496704,161.592773438,328.341583252,146.587036133,-20.4699268341,-49.2765197754,-11.5757131577,51.6879043579,38.2819061279,98.0722351074,-17.113079071],[1072.28405762,-226.540039063,-65.6031799316,86.7857971191,146.587036133,284.621643066,56.1251678467,-53.8591461182,-33.6212615967,37.3833999634,7.99742650986,86.0088348389,-17.2983417511],[-725.270019531,101.626808167,31.656835556,-112.826873779,-20.4699268341,56.1251678467,210.634033203,92.1835021973,25.0867099762,-40.6886901855,-21.4627475739,-44.1327934265,16.6271533966],[-590.294250488,-61.1544380188,-6.28379678726,-58.6411514282,-49.2765197754,-53.8591461182,92.1835021973,197.016403198,71.4463348389,8.44905376434,-16.7098484039,-53.8224487305,15.5886182785],[-568.007263184,97.2828598022,-19.907743454,-53.9272727966,-11.5757131577,-33.6212615967,25.0867099762,71.4463348389,160.648452759,25.5389881134,-17.530708313,-31.6871013641,26.2141456604],[644.51776123,-271.906982422,-50.8549118042,80.5540161133,51.6879043579,37.3833999634,-40.6886901855,8.44905376434,25.5389881134,150.000579834,50.1666679382,57.0673446655,-17.8019237518],[198.635223389,-0.398468196392,-43.7350387573,28.6535549164,38.2819061279,7.99742650986,-21.4627475739,-16.7098484039,-17.530708313,50.1666679382,122.447044373,74.3542480469,-13.787276268],[1184.31201172,-252.784729004,-131.083831787,83.8321075439,98.0722351074,86.0088348389,-44.1327934265,-53.8224487305,-31.6871013641,57.0673446655,74.3542480469,208.413543701,8.68470859528],[-351.804046631,51.1980514526,-3.40600037575,-19.5141143799,-17.113079071,-17.2983417511,16.6271533966,15.5886182785,26.2141456604,-17.8019237518,-13.787276268,8.68470859528,89.0428009033]],"icov":[[0.000149296291056,0.0000212424438359,0.00015743302356,-0.000247535179369,-0.0000322440646414,-0.000232228048844,0.000244926282903,-0.0000405900027545,0.000284834066406,-0.00021703512175,0.000444587902166,-0.00054560881108,0.000434290035628],[0.0000212424438359,0.0015415942762,-0.000209330377402,0.000231145808357,-0.00134661013726,0.0012133346172,-0.000886637833901,0.00179960415699,-0.0015237852931,0.00256630848162,-0.00213002040982,0.00177968386561,-0.000474110449431],[0.00015743302356,-0.000209330377402,0.0013187074801,-0.000695951399393,0.000088319342467,-0.0000636051627225,-0.000103719314211,0.000079457044194,0.000665709201712,-0.000564629037399,0.000788314442616,-0.00010106217087,0.000473418767797],[-0.000247535179369,0.000231145808357,-0.000695951399393,0.00333484145813,-0.00113880215213,-0.0000798263718025,0.00115494593047,-0.000311687937938,0.00018542491307,-0.0000876552439877,-0.000784864765592,0.00101858493872,-0.00109514105134],[-0.0000322440646414,-0.00134661013726,0.000088319342467,-0.00113880215213,0.00594972865656,-0.00301256962121,0.000976183626335,-0.00134551571682,0.000385547726182,-0.00202374602668,0.00115878600627,-0.00247248960659,0.000914656731766],[-0.000232228048844,0.0012133346172,-0.0000636051627225,-0.0000798263718025,-0.00301256962121,0.00853683520108,-0.00559473596513,0.00431030988693,-0.00110718631186,0.000496089633089,-0.000209747377085,0.000373282615328,0.0000907382782316],[0.000244926282903,-0.000886637833901,-0.000103719314211,0.00115494593047,0.000976183626335,-0.00559473596513,0.0109102046117,-0.00632555689663,0.00165225402452,0.000766224286053,0.000700898119248,-0.000668500026222,-0.000262024404947],[-0.0000405900027545,0.00179960415699,0.000079457044194,-0.000311687937938,-0.00134551571682,0.00431030988693,-0.00632555689663,0.0114184105769,-0.00429796846583,0.000895739474799,-0.00206734449603,0.00291872792877,-0.000659811485093],[0.000284834066406,-0.0015237852931,0.000665709201712,0.00018542491307,0.000385547726182,-0.00110718631186,0.00165225402452,-0.00429796846583,0.0109604345635,-0.00576719734818,0.00430659530684,-0.00184966053348,-0.00116198847536],[-0.00021703512175,0.00256630848162,-0.000564629037399,-0.0000876552439877,-0.00202374602668,0.000496089633089,0.000766224286053,0.000895739474799,-0.00576719734818,0.0153791140765,-0.00777908507735,0.00284110801294,0.000324579101289],[0.000444587902166,-0.00213002040982,0.000788314442616,-0.000784864765592,0.00115878600627,-0.000209747377085,0.000700898119248,-0.00206734449603,0.00430659530684,-0.00777908507735,0.0168044287711,-0.00851384177804,0.00386169506237],[-0.00054560881108,0.00177968386561,-0.00010106217087,0.00101858493872,-0.00247248960659,0.000373282615328,-0.000668500026222,0.00291872792877,-0.00184966053348,0.00284110801294,-0.00851384177804,0.0134029993787,-0.00526139093563],[0.000434290035628,-0.000474110449431,0.000473418767797,-0.00109514105134,0.000914656731766,0.0000907382782316,-0.000262024404947,-0.000659811485093,-0.00116198847536,0.000324579101289,0.00386169506237,-0.00526139093563,0.0148730650544]],"mean":[-44.5080032349,76.8620986938,-99.8204803467,10.3301792145,-50.7579040527,7.12689590454,-33.9144897461,15.1637220383,-26.1931915283,5.1233458519,-24.7441234589,2.69560670853,-19.0592308044]},"hfc":{"dmean":11.6700162888,"dmean2":17.1772823334,"dvar":554.055541992,"dvar2":1334.00048828,"max":284.118713379,"mean":20.4292850494,"median":10.4577026367,"min":1.23250771538e-16,"var":910.250305176},"melbands":{"dmean":[0.000656531716231,0.00123529671691,0.000940652622376,0.000387933629099,0.000221931622946,0.000220040237764,0.000162103533512,0.000104585553345,0.00012984854402,0.000139293973916,0.000103818463685,0.0000852549055708,0.0000568030773138,0.0000502660877828,0.0000434200337622,0.0000488372170366,0.0000453493048553,0.0000346227752743,0.000034708493331,0.0000261976656475,0.0000189368947758,0.0000209308946069,0.0000167283815244,0.0000121252205645,0.00000965224262472,0.0000107203804873,0.00000712469318387,0.00000435317497249,0.00000382267944588,0.00000323056542584,0.00000265363951257,0.00000234786011788,0.00000219167282012,0.00000180731103683,0.00000138647567383,9.89859699985e-7,8.48705099088e-7,6.4978928549e-7,5.69145925056e-7,6.15272085724e-7],"dmean2":[0.00111033488065,0.00217884592712,0.0016157067148,0.000675723247696,0.000377676158678,0.000375708244974,0.000280658336123,0.000176851681317,0.00021362080588,0.000228851451539,0.0001709262433,0.00013614166528,0.0000929097732296,0.0000826666509965,0.000070887937909,0.0000790512276581,0.0000736991205486,0.0000565070040466,0.0000575008889427,0.0000435164183727,0.0000313235832436,0.0000355109841621,0.0000278714451269,0.0000203256277018,0.000015956498828,0.0000180052229553,0.000012181090824,0.00000719753461453,0.00000618274907538,0.00000519279365108,0.00000421249615101,0.00000373944453713,0.00000345945272784,0.00000276016817224,0.00000213087537304,0.00000146797412981,0.00000127262057958,9.73845203589e-7,8.52011851293e-7,9.11175391138e-7],"dvar":[0.00000452284757557,0.0000197909266717,0.00000762935451348,0.00000101060197721,2.77480268096e-7,3.13939011676e-7,1.6728374419e-7,6.18853945866e-8,1.41774449958e-7,1.32962583166e-7,7.06400058448e-8,5.1390621536e-8,2.36599468906e-8,1.65574221e-8,8.92746676584e-9,1.46572842752e-8,1.5276754084e-8,7.65622054644e-9,7.23658644119e-9,4.70007321951e-9,2.12233475239e-9,2.93451729583e-9,1.30458244207e-9,7.84237785822e-10,4.20203982721e-10,8.95578944338e-10,5.12138331743e-10,1.70265856969e-10,1.35935721013e-10,8.23198800792e-11,5.02064119445e-11,5.14844208932e-11,4.51904798304e-11,2.55398879129e-11,1.75755347775e-11,6.72286445264e-12,5.65975478289e-12,2.72375893541e-12,2.04348972639e-12,3.54528689392e-12],"dvar2":[0.0000119766318676,0.0000561410051887,0.0000208419023693,0.00000282539463115,7.64298249578e-7,8.58178225371e-7,4.68415009891e-7,1.63443758083e-7,3.77094750093e-7,3.3247056308e-7,1.82562686746e-7,1.23673146391e-7,6.06031491657e-8,4.37767688766e-8,2.30729160222e-8,3.65671830593e-8,3.81540807837e-8,1.92282492151e-8,1.86449078399e-8,1.23187948731e-8,5.58600987688e-9,8.13073164352e-9,3.40676953314e-9,2.11147455076e-9,1.11029030414e-9,2.47115305996e-9,1.44956513459e-9,4.68855732016e-10,3.57800539197e-10,2.14829570799e-10,1.25453480937e-10,1.34855071554e-10,1.19014062494e-10,6.22866550004e-11,4.48463939595e-11,1.57037698817e-11,1.38447187742e-11,6.47348147309e-12,4.5727826907e-12,7.73451875463e-12],"max":[0.0315813831985,0.067822791636,0.0365682393312,0.0126173440367,0.00794143229723,0.0183934550732,0.00683895638213,0.00706755975261,0.0134252915159,0.0123998206109,0.00909697264433,0.00726164365187,0.00570425204933,0.0044837621972,0.00195019564126,0.00308996601962,0.00397414900362,0.00188171863556,0.0020951537881,0.00170567410532,0.000967433385085,0.000870782590937,0.000720797339454,0.000566941744182,0.000279193540337,0.000613115727901,0.000507871911395,0.000262733985437,0.000180907241884,0.000147565326188,0.000123338759295,0.000118103933346,0.000152273176354,0.00010039126937,0.0000982269630185,0.0000362918144674,0.0000474610060337,0.0000249195836659,0.0000302050266328,0.0000625261745881],"mean":[0.000722312077414,0.00126415479463,0.000885503541213,0.0004226458841,0.000269589829259,0.000252849858953,0.000179730297532,0.000125515449326,0.000163531745784,0.000173013409949,0.000128941886942,0.000114375761768,0.0000757849484216,0.0000615417666268,0.0000536525549251,0.0000590947274759,0.0000558195388294,0.0000413820816902,0.000045814387704,0.0000316481819027,0.0000230585319514,0.0000231517315115,0.0000205255146284,0.0000144291407196,0.0000115204329632,0.0000119033984447,0.00000760925968279,0.00000493049083161,0.00000440846179117,0.00000398138354285,0.00000335811114383,0.00000295242148241,0.00000293406787932,0.00000249540676123,0.00000182369387858,0.00000140143708904,0.00000118453067444,9.5492600849e-7,8.74511442817e-7,9.32394982556e-7],"median":[0.000210391663131,0.000396551971789,0.000205694173928,0.000145525598782,0.000103009369923,0.000090803092462,0.000064533072873,0.0000473602194688,0.0000605141904089,0.0000509597157361,0.000040923441702,0.0000280330841633,0.0000188315898413,0.0000184008604265,0.000018242850274,0.0000140408301377,0.0000143124125316,0.00000912023006094,0.00000784446092439,0.0000059817230067,0.00000641867291051,0.00000687871715854,0.00000734379682399,0.00000481567258248,0.00000411396831623,0.00000364863035429,0.00000211961310015,0.00000122022743199,8.89608202215e-7,8.0103950495e-7,6.77410639582e-7,7.39400320526e-7,7.94629954726e-7,6.02384488957e-7,3.50407333372e-7,2.53305927345e-7,2.01099851438e-7,1.75317026674e-7,1.72110787844e-7,1.61150410349e-7],"min":[1.69604069103e-24,9.88411633122e-24,8.16412030108e-24,3.66462927495e-24,7.21118106074e-24,4.25931364607e-24,2.02938550223e-24,3.7491927974e-24,9.25025554982e-24,8.1750341917e-24,5.72560057061e-24,5.42352798063e-24,8.43644928506e-24,9.94668167848e-24,9.99273222268e-24,4.83043710854e-24,4.66356817796e-24,1.14503389162e-23,8.78583420226e-24,4.45870139531e-24,7.91803435284e-24,7.64958025362e-24,8.50597554094e-24,7.62770119642e-24,4.77278320928e-24,7.37660598142e-24,7.76973639126e-24,9.4543117779e-24,9.09529092474e-24,1.02426646567e-23,3.83378077455e-24,5.43622114703e-24,7.64797492168e-24,9.42910846084e-24,8.78247759911e-24,7.10570168024e-24,1.00344826861e-23,8.13603448627e-24,8.12920610628e-24,1.12681570122e-23],"var":[0.00000355315796696,0.0000126787972476,0.00000543323767488,7.64676144627e-7,2.5998119213e-7,2.92359345622e-7,1.35404590651e-7,6.13268724692e-8,1.42787058621e-7,1.60575339692e-7,8.44032754799e-8,9.36544708452e-8,3.64076271353e-8,2.05650891871e-8,1.08444311309e-8,1.86431865501e-8,1.89626891967e-8,9.15738418428e-9,1.21143335363e-8,5.48370371334e-9,2.4228350437e-9,2.4338981941e-9,1.44579703765e-9,7.71454122805e-10,4.21903650905e-10,7.19890813627e-10,3.69412472834e-10,1.4325532427e-10,1.27542643114e-10,8.86922618681e-11,5.92795187937e-11,5.07002460848e-11,4.4817125705e-11,3.13557305121e-11,1.98871856483e-11,1.07630432344e-11,7.90176864912e-12,4.92525031176e-12,4.29089706475e-12,6.66276886094e-12]},"melbands_crest":{"dmean":3.39746785164,"dmean2":5.57824707031,"dvar":9.57140636444,"dvar2":24.7497997284,"max":34.8346214294,"mean":13.2677354813,"median":12.1786165237,"min":2.18123269081,"var":31.3184661865},"melbands_flatness_db":{"dmean":0.0364641658962,"dmean2":0.0546041242778,"dvar":0.0014570398489,"dvar2":0.00326316314749,"max":0.695554435253,"mean":0.206877723336,"median":0.176148980856,"min":0.00538182025775,"var":0.0117052067071},"melbands_kurtosis":{"dmean":7.16411495209,"dmean2":11.3462429047,"dvar":250.722991943,"dvar2":574.41229248,"max":511.417663574,"mean":11.1210870743,"median":4.62120914459,"min":-1.88748967648,"var":570.97253418},"melbands_skewness":{"dmean":0.81173157692,"dmean2":1.25852251053,"dvar":0.858500123024,"dvar2":2.03703331947,"max":15.9116802216,"mean":2.01247882843,"median":1.8373875618,"min":-8.4490814209,"var":3.27602958679},"melbands_spread":{"dmean":8.81395053864,"dmean2":13.738530159,"dvar":141.51260376,"dvar2":323.89239502,"max":259.137939453,"mean":25.0346565247,"median":22.3942718506,"min":0.208554819226,"var":367.298339844},"mfcc":{"cov":[[19175.3847656,-1699.09362793,-2360.19140625,386.18649292,870.95880127,1317.16992188,237.967590332,143.726043701,-679.008850098,-626.589050293,-90.0657196045,41.378616333,533.848876953],[-1699.09362793,1353.29553223,187.45211792,-10.3197669983,42.3480224609,-62.4808425903,0.498416513205,8.90964984894,-30.7045936584,-13.9692764282,17.9008731842,-28.5177116394,-66.8500595093],[-2360.19140625,187.45211792,1056.38317871,157.90562439,-46.0025253296,-118.174858093,-7.36718893051,-60.1644096375,90.1641540527,67.2987747192,-32.5931129456,10.7293806076,-110.717124939],[386.18649292,-10.3197669983,157.90562439,311.614196777,140.591583252,25.3941345215,12.296169281,-20.7755622864,-16.4602737427,-4.45364427567,-28.9405536652,12.3964042664,31.3773097992],[870.95880127,42.3480224609,-46.0025253296,140.591583252,274.984313965,164.823196411,19.010969162,-5.3047914505,-46.0265846252,-29.5029945374,-17.0696048737,20.746088028,58.9580116272],[1317.16992188,-62.4808425903,-118.174858093,25.3941345215,164.823196411,342.455688477,81.5699157715,34.9281578064,-56.4873466492,-67.9276504517,-8.33631515503,-2.98977708817,52.429107666],[237.967590332,0.498416513205,-7.36718893051,12.296169281,19.010969162,81.5699157715,194.071472168,51.5886535645,-7.33550071716,-12.8528394699,5.63676071167,12.3776264191,3.70610189438],[143.726043701,8.90964984894,-60.1644096375,-20.7755622864,-5.3047914505,34.9281578064,51.5886535645,143.081726074,43.0039596558,1.04597997665,6.07156848907,-12.9714231491,5.6267490387],[-679.008850098,-30.7045936584,90.1641540527,-16.4602737427,-46.0265846252,-56.4873466492,-7.33550071716,43.0039596558,204.109619141,105.183235168,-3.19871115685,-12.420501709,-33.716999054],[-626.589050293,-13.9692764282,67.2987747192,-4.45364427567,-29.5029945374,-67.9276504517,-12.8528394699,1.04597997665,105.183235168,143.954055786,36.3105010986,-3.14259767532,-27.4577770233],[-90.0657196045,17.9008731842,-32.5931129456,-28.9405536652,-17.0696048737,-8.33631515503,5.63676071167,6.07156848907,-3.19871115685,36.3105010986,107.682601929,33.030330658,9.98350906372],[41.378616333,-28.5177116394,10.7293806076,12.3964042664,20.746088028,-2.98977708817,12.3776264191,-12.9714231491,-12.420501709,-3.14259767532,33.030330658,107.8227005,38.7160377502],[533.848876953,-66.8500595093,-110.717124939,31.3773097992,58.9580116272,52.429107666,3.70610189438,5.6267490387,-33.716999054,-27.4577770233,9.98350906372,38.7160377502,114.958724976]],"icov":[[0.000133138193632,0.000126893108245,0.000246377720032,-0.000226105825277,-0.0000704956182744,-0.00028890039539,0.0000233733026107,-0.0000565180671401,0.000140382326208,0.000222202346777,0.00000140195686527,-0.0000050430844567,0.0000202692153835],[0.000126893108245,0.00097268196987,0.0000407184670621,0.0000793764484115,-0.000726436439436,0.000169977400219,-0.0000602085819992,-0.000272702833172,0.000309937051497,0.00052937300643,-0.00041819002945,0.000333183881594,0.000445688405307],[0.000246377720032,0.0000407184670621,0.00183114537504,-0.00141560065094,0.000421220174758,-0.000626838358585,-0.0000108456397356,0.00041699866415,-0.000223971335799,0.000260464119492,0.00038427603431,-0.000751364335883,0.00129549216945],[-0.000226105825277,0.0000793764484115,-0.00141560065094,0.0057494957,-0.00327545427717,0.00184430088848,-0.000709219719283,0.000185956523637,0.000156514855917,-0.00052809913177,0.000671968969982,0.000651421258226,-0.00134198786691],[-0.0000704956182744,-0.000726436439436,0.000421220174758,-0.00327545427717,0.00831209681928,-0.00378462253138,0.000982007361017,0.000357032229658,0.000634349766187,-0.00177607359365,0.0014837931376,-0.00160383339971,-0.0012082925532],[-0.00028890039539,0.000169977400219,-0.000626838358585,0.00184430088848,-0.00378462253138,0.00640014652163,-0.00198654131964,-0.000343074090779,-0.000494878389873,0.00166858010925,-0.000960870005656,0.00166772736702,-0.000788556644693],[0.0000233733026107,-0.0000602085819992,-0.0000108456397356,-0.000709219719283,0.000982007361017,-0.00198654131964,0.00661806389689,-0.00240710377693,0.000762865529396,-0.00051199446898,0.000215759937419,-0.00157307449263,0.00095890648663],[-0.0000565180671401,-0.000272702833172,0.00041699866415,0.000185956523637,0.000357032229658,-0.000343074090779,-0.00240710377693,0.00956105720252,-0.00364731159061,0.00203837035224,-0.00142352492549,0.00166281999554,-0.000981542398222],[0.000140382326208,0.000309937051497,-0.000223971335799,0.000156514855917,0.000634349766187,-0.000494878389873,0.000762865529396,-0.00364731159061,0.0103027671576,-0.00754183484241,0.00333701306954,-0.000883304339368,0.000552271900233],[0.000222202346777,0.00052937300643,0.000260464119492,-0.00052809913177,-0.00177607359365,0.00166858010925,-0.00051199446898,0.00203837035224,-0.00754183484241,0.0155696794391,-0.00637076562271,0.00190278189257,0.00115684291814],[0.00000140195686527,-0.00041819002945,0.00038427603431,0.000671968969982,0.0014837931376,-0.000960870005656,0.000215759937419,-0.00142352492549,0.00333701306954,-0.00637076562271,0.0135607719421,-0.00450073508546,-0.000527870375663],[-0.0000050430844567,0.000333183881594,-0.000751364335883,0.000651421258226,-0.00160383339971,0.00166772736702,-0.00157307449263,0.00166281999554,-0.000883304339368,0.00190278189257,-0.00450073508546,0.0130322761834,-0.00445576617494],[0.0000202692153835,0.000445688405307,0.00129549216945,-0.00134198786691,-0.0012082925532,-0.000788556644693,0.00095890648663,-0.000981542398222,0.000552271900233,0.00115684291814,-0.000527870375663,-0.00445576617494,0.0134590091184]],"mean":[-696.927062988,121.40827179,3.47838830948,15.029718399,1.31582391262,-1.54309821129,-1.16252923012,5.0630106926,2.02191925049,2.67365598679,3.66094279289,-3.48427867889,-3.6671705246]},"pitch_salience":{"dmean":0.0796070769429,"dmean2":0.129484191537,"dvar":0.00555799016729,"dvar2":0.0144014116377,"max":0.896748185158,"mean":0.563764572144,"median":0.575997889042,"min":0.0285497643054,"var":0.0158694069833},"silence_rate_20dB":{"dmean":0,"dmean2":0,"dvar":0,"dvar2":0,"max":1,"mean":1,"median":1,"min":1,"var":0},"silence_rate_30dB":{"dmean":0.0212070159614,"dmean2":0.0424182340503,"dvar":0.0207559522241,"dvar2":0.0572679154575,"max":1,"mean":0.98711848259,"median":1,"min":0,"var":0.0127156730741},"silence_rate_60dB":{"dmean":0.0543058179319,"dmean2":0.108622401953,"dvar":0.0513627007604,"dvar2":0.114263221622,"max":1,"mean":0.24445104599,"median":0,"min":0,"var":0.184733852744},"spectral_centroid":{"dmean":314.126708984,"dmean2":486.314758301,"dvar":133832.359375,"dvar2":302803,"max":10907.9658203,"mean":1343.19030762,"median":1325.2623291,"min":143.53918457,"var":444092.0625},"spectral_complexity":{"dmean":5.33326721191,"dmean2":7.41446971893,"dvar":41.7365455627,"dvar2":76.7139968872,"max":64,"mean":16.7527751923,"median":15,"min":0,"var":154.19519043},"spectral_contrast_coeffs":{"dmean":[0.0518212616444,0.0511431470513,0.0461804568768,0.0385316088796,0.0306626167148,0.0229303725064],"dmean2":[0.0842659547925,0.0835130438209,0.0727407112718,0.0600591339171,0.0473087839782,0.0351285375655],"dvar":[0.00200891774148,0.00187461310998,0.00154819409363,0.00111833587289,0.000720325915609,0.000450636114692],"dvar2":[0.00521627999842,0.00494693871588,0.00366764003411,0.00245334836654,0.00156471366063,0.00104235089384],"max":[-0.276528954506,-0.398833543062,-0.405652284622,-0.458681076765,-0.541903913021,-0.582673966885],"mean":[-0.659303188324,-0.746012747288,-0.747638404369,-0.781800329685,-0.784108400345,-0.782339513302],"median":[-0.661659598351,-0.754935860634,-0.760954499245,-0.789067089558,-0.786076426506,-0.780157923698],"min":[-0.951227962971,-0.966720819473,-0.95889878273,-0.966606378555,-0.958784341812,-0.956893503666],"var":[0.00719783781096,0.00519422674552,0.00696290889755,0.00450963992625,0.00288570183329,0.00193993235007]},"spectral_contrast_valleys":{"dmean":[0.520473837852,0.490776896477,0.53823274374,0.540660142899,0.549415171146,0.534297525883],"dmean2":[0.809846460819,0.7594820261,0.808652997017,0.797394454479,0.766970515251,0.692259550095],"dvar":[0.257267802954,0.228784397244,0.268591672182,0.299294739962,0.343750536442,0.338360995054],"dvar2":[0.551998734474,0.511758029461,0.583574414253,0.637252271175,0.729994177818,0.674899697304],"max":[-4.84157848358,-4.52580070496,-5.18595218658,-4.98923397064,-5.08813381195,-7.72574520111],"mean":[-7.90085124969,-7.13806009293,-7.79003000259,-8.26077079773,-8.29948806763,-10.688949585],"median":[-7.45196437836,-6.842441082,-7.39595127106,-7.81527614594,-7.8229265213,-10.2355651855],"min":[-27.6068534851,-27.7109203339,-27.4367542267,-27.0675525665,-27.2429256439,-27.3851242065],"var":[2.23280572891,1.66975796223,2.2270925045,2.67854356766,2.92687273026,2.95383143425]},"spectral_decrease":{"dmean":3.11498693506e-9,"dmean2":5.05167196962e-9,"dvar":5.13287870878e-17,"dvar2":1.3782225286e-16,"max":2.19321796835e-10,"mean":-4.5900283574e-9,"median":-2.88883450494e-9,"min":-7.82580613645e-8,"var":4.5949922732e-17},"spectral_energy":{"dmean":0.012641149573,"dmean2":0.020318005234,"dvar":0.00081104808487,"dvar2":0.00216526002623,"max":0.304822385311,"mean":0.019176799804,"median":0.012294145301,"min":1.07602869099e-20,"var":0.00075795839075},"spectral_energyband_high":{"dmean":0.000636892335024,"dmean2":0.000911268871278,"dvar":0.00000241219913732,"dvar2":0.00000539368147656,"max":0.0230333153158,"mean":0.000980605371296,"median":0.00023997023527,"min":7.59070690162e-21,"var":0.00000456047291664},"spectral_energyband_low":{"dmean":0.00591941457242,"dmean2":0.010091596283,"dvar":0.000373862712877,"dvar2":0.00103187374771,"max":0.272972404957,"mean":0.0064042606391,"median":0.0022278027609,"min":4.87733638819e-23,"var":0.00026046318817},"spectral_energyband_middle_high":{"dmean":0.00294895144179,"dmean2":0.0045695733279,"dvar":0.0000282332857751,"dvar2":0.0000713424233254,"max":0.0632886961102,"mean":0.00505716353655,"median":0.00248485454358,"min":1.25669212614e-21,"var":0.0000476006971439},"spectral_energyband_middle_low":{"dmean":0.00584345636889,"dmean2":0.00960922427475,"dvar":0.000162075986736,"dvar2":0.000430041487562,"max":0.155173763633,"mean":0.00794457551092,"median":0.00437769293785,"min":2.34917956057e-22,"var":0.000150792635395},"spectral_entropy":{"dmean":0.252483159304,"dmean2":0.370281875134,"dvar":0.0959579646587,"dvar2":0.209343865514,"max":9.80480575562,"mean":7.41250944138,"median":7.67518138885,"min":2.94554829597,"var":0.765426576138},"spectral_flux":{"dmean":0.0298182088882,"dmean2":0.0447380617261,"dvar":0.00228124228306,"dvar2":0.00443408824503,"max":0.484521627426,"mean":0.0785106942058,"median":0.0666468366981,"min":6.7963766559e-11,"var":0.00462820427492},"spectral_kurtosis":{"dmean":3.3282995224,"dmean2":5.17895555496,"dvar":51.2926712036,"dvar2":120.965187073,"max":176.74899292,"mean":9.88977146149,"median":5.55076408386,"min":-1.27833390236,"var":268.80480957},"spectral_rms":{"dmean":0.001088295714,"dmean2":0.00160670641344,"dvar":0.00000287088687401,"dvar2":0.00000702528677721,"max":0.0172449313104,"mean":0.0035969375167,"median":0.00346327689476,"min":3.24003714483e-12,"var":0.000005771130418},"spectral_rolloff":{"dmean":724.833740234,"dmean2":1198.5123291,"dvar":2245449.75,"dvar2":4897532.5,"max":19595.2148438,"mean":1862.70690918,"median":1335.05859375,"min":21.533203125,"var":5052698},"spectral_skewness":{"dmean":0.354718059301,"dmean2":0.543253898621,"dvar":0.252703607082,"dvar2":0.59313338995,"max":11.5473089218,"mean":2.20399212837,"median":1.85354065895,"min":0.0135733745992,"var":1.71918702126},"spectral_spread":{"dmean":837623.75,"dmean2":1221745.625,"dvar":1074272600060,"dvar2":2141979410430,"max":42480364,"mean":4904273.5,"median":4605691,"min":529426.125,"var":4339757481980},"spectral_strongpeak":{"dmean":0.457018047571,"dmean2":0.780970811844,"dvar":0.685679495335,"dvar2":1.77249205112,"max":10.1118707657,"mean":0.676173090935,"median":0.327770113945,"min":0,"var":0.935210704803},"zerocrossingrate":{"dmean":0.0149790225551,"dmean2":0.017155174166,"dvar":0.000429237406934,"dvar2":0.000512564380188,"max":0.54833984375,"mean":0.0735765621066,"median":0.0634765625,"min":0,"var":0.00289515592158}},"metadata":{"audio_properties":{"analysis_sample_rate":44100,"bit_rate":128144,"codec":"aac","downmix":"mix","equal_loudness":0,"length":234.312561035,"lossless":false,"md5_encoded":"dcbf312e6868706646cde824805b62dc","replay_gain":-6.03040122986,"sample_rate":44100},"tags":{"album":["All 'n All"],"albumartistsort":["Earth, Wind & Fire"],"artist":["Earth, Wind & Fire"],"artistsort":["Earth, Wind & Fire"],"bpm":["0"],"catalognumber":["JC 34905"],"composer":["Larry Dunn/Maurice White/Philip Bailey/Verdine White"],"date":["1977"],"discnumber":["1/1"],"encodedby":["iTunes v4.9.0.17, QuickTime 6.5.2"],"file_name":"03. In The Marketplace (Interlude) - Jupiter_3-54.m4a","genre":["Jazz-funk"],"label":["Columbia"],"language":["English"],"media":["12\" Vinyl"],"musicbrainz_albumartistid":["535afeda-2538-435d-9dd1-5e10be586774"],"musicbrainz_albumid":["ca352593-d68d-4d45-8960-41f5712b2c9d"],"musicbrainz_artistid":["535afeda-2538-435d-9dd1-5e10be586774"],"musicbrainz_recordingid":["4e5fae24-1ad5-43f8-8985-6574cd397b66"],"musicbrainz_releasegroupid":["013e40ab-ac8c-33a5-adac-97abfbf8cfbc"],"script":["Latin"],"title":["In the Marketplace (interlude) / Jupiter"],"tracknumber":["3/8"]},"version":{"essentia":"2.1-beta2","essentia_build_sha":"2d9f1f26377add8aeb1075a9c2973f962c4f09fd","essentia_git_sha":"v2.1_beta2-1-ge3940c0","extractor":"music 1.0"}},"rhythm":{"beats_count":446,"beats_loudness":{"dmean":0.0156944282353,"dmean2":0.0271867774427,"dvar":0.000245318951784,"dvar2":0.000710962107405,"max":0.115898609161,"mean":0.0387814491987,"median":0.0409843847156,"min":0.00000374955789084,"var":0.000635244185105},"beats_loudness_band_ratio":{"dmean":[0.197362005711,0.0825565904379,0.110501296818,0.0980548337102,0.0637824162841,0.0817643553019],"dmean2":[0.345682710409,0.142082691193,0.188019797206,0.175241291523,0.117847375572,0.14772477746],"dvar":[0.0205415450037,0.0104634258896,0.016990929842,0.0136461285874,0.00418406352401