{"lowlevel":{"average_loudness":0.817229032516,"barkbands":{"dmean":[0.00000145333160617,0.000337564008078,0.000996440183371,0.0024379924871,0.00151111348532,0.000988773652352,0.000580280320719,0.000907148234546,0.00102659757249,0.000704376026988,0.000628533482086,0.00027309320285,0.000357946264558,0.000519464316312,0.000290676514851,0.000150140884216,0.000163202086696,0.000168634302099,0.000125055928947,0.000114067428512,0.000103680686152,0.0000863003951963,0.000149746832903,0.000150673513417,0.000092156798928,0.0000522811133123,0.00000609786138739],"dmean2":[0.00000245623914452,0.000498136796523,0.00153311097529,0.00412477552891,0.00246599433012,0.00160693144426,0.000921910803299,0.00138401659206,0.00159176986199,0.00110241759103,0.00100154359825,0.000436168251326,0.000588972645346,0.000842022767756,0.000471165956696,0.000243608476012,0.000266241288045,0.00027820590185,0.000203937335755,0.000178043948836,0.000159914619871,0.000130161890411,0.000211714635952,0.000209495818126,0.000131742126541,0.0000749206301407,0.00000977804666036],"dvar":[1.76566913868e-10,9.24858341023e-7,0.000004768591225,0.0000194564327103,0.00000813986116555,0.00000586076430409,0.00000113385999612,0.00000309642450702,0.00000351139283339,0.00000129454815578,0.00000104539537915,2.52254380939e-7,8.11803261058e-7,0.00000103334139112,6.10780091392e-7,1.69587607957e-7,1.06674775679e-7,2.56725456893e-7,1.34114159778e-7,1.20195849718e-7,7.9425127808e-8,6.62008190488e-8,6.23483458639e-7,5.66040228023e-7,1.68658488064e-7,2.94864452854e-8,1.01558772503e-9],"dvar2":[3.51749296357e-10,0.00000188679109669,0.0000115078673844,0.0000542540983588,0.0000223355873459,0.0000147914097397,0.00000266194524556,0.00000737840446163,0.00000842606550577,0.00000310098880618,0.0000024377804948,6.1414175434e-7,0.00000213374119085,0.00000267383438768,0.00000135989978389,3.70869088329e-7,2.68160960104e-7,6.86779571879e-7,3.21010986681e-7,2.91371861749e-7,1.70963403434e-7,1.39715282899e-7,0.0000013426094938,0.00000103024638065,3.2367501035e-7,5.7808037468e-8,2.45734343984e-9],"max":[0.000711057684384,0.0356279090047,0.0333661027253,0.0529626607895,0.066030792892,0.0559238567948,0.0212416481227,0.0460261851549,0.037736993283,0.0332877226174,0.0273902472109,0.0117900874466,0.0296491589397,0.0260672792792,0.031208043918,0.0162350125611,0.00921813305467,0.0135327838361,0.0119677893817,0.0104154823348,0.00912704505026,0.00670096464455,0.0297563504428,0.0276331994683,0.0218757931143,0.00658855913207,0.00161419657525],"mean":[0.00000159585943038,0.000659622717649,0.00189371791203,0.00369765143842,0.00318429572508,0.00176383880898,0.00112030107994,0.00185022421647,0.00228303507902,0.00146874343045,0.00124087894801,0.000525052833837,0.000687041378114,0.00101111608092,0.00055885972688,0.000308066693833,0.000331791583449,0.000340164842783,0.000254831713391,0.000228696211707,0.000227471726248,0.000178864982445,0.000289161049295,0.000280161184492,0.000166178375366,0.0000875284458743,0.00000769337111706],"median":[5.9625904214e-7,0.000160614988999,0.000812571379356,0.0013982038945,0.00218484178185,0.000944675761275,0.000651151698548,0.000872815551702,0.00114224967547,0.000869658484589,0.000592043797951,0.000301349762594,0.000307632435579,0.000500426860526,0.000270616030321,0.000168840750121,0.000209029225516,0.000191269995412,0.000157438887982,0.000126345694298,0.0000783151408541,0.0000489016601932,0.0000386958417948,0.0000263223555521,0.000017855571059,0.0000115454658953,5.73296688344e-7],"min":[3.55924613548e-24,4.55329962291e-24,1.40706792525e-24,1.73277399909e-24,1.29736048695e-23,9.69763592412e-24,2.08378049876e-23,1.80554073779e-23,1.81823918956e-23,3.35770787253e-23,1.13983127507e-23,3.87594341778e-23,3.6358580189e-23,4.40499298387e-23,8.72212074684e-23,6.04567536088e-23,7.90946148583e-23,1.21406273915e-22,1.14139072686e-22,2.48764825215e-22,3.31694654603e-22,4.2790880066e-22,4.31985633819e-22,6.34273450314e-22,9.05158137261e-22,1.43576875179e-21,2.1432156775e-21],"var":[1.93324287134e-10,0.00000334782066602,0.0000112899288069,0.0000343307365256,0.0000165446272149,0.00000966784045886,0.00000245916498898,0.00000889449620445,0.0000120551767395,0.00000465833727503,0.00000433933610111,6.76404454225e-7,0.0000022991653168,0.0000028210677101,0.00000158960824592,5.13184033935e-7,2.43942707812e-7,3.62147346777e-7,2.12401801036e-7,1.984316782e-7,1.98721608058e-7,1.39422226653e-7,0.00000163572849488,0.00000184561440619,4.73875473972e-7,7.95598893433e-8,1.23452070788e-9]},"barkbands_crest":{"dmean":2.34082865715,"dmean2":3.75803828239,"dvar":4.71819114685,"dvar2":11.9844646454,"max":25.8306484222,"mean":9.55337142944,"median":8.07126045227,"min":2.56758022308,"var":24.114648819},"barkbands_flatness_db":{"dmean":0.0185948386788,"dmean2":0.0283696036786,"dvar":0.000384725281037,"dvar2":0.000851079530548,"max":0.492567569017,"mean":0.148046135902,"median":0.117118664086,"min":0.0327856726944,"var":0.00688594114035},"barkbands_kurtosis":{"dmean":2.54890012741,"dmean2":4.00837516785,"dvar":37.6775627136,"dvar2":86.7850952148,"max":171.893692017,"mean":4.51629781723,"median":1.24450826645,"min":-1.81117427349,"var":174.487258911},"barkbands_skewness":{"dmean":0.446994483471,"dmean2":0.692557871342,"dvar":0.26960965991,"dvar2":0.598599791527,"max":11.0594625473,"mean":1.10266029835,"median":1.06069004536,"min":-5.27416992188,"var":1.54411351681},"barkbands_spread":{"dmean":3.76107645035,"dmean2":5.65414905548,"dvar":28.4141559601,"dvar2":57.3783988953,"max":116.714073181,"mean":18.4315109253,"median":16.9473133087,"min":0.216348081827,"var":154.447799683},"dissonance":{"dmean":0.0260127857327,"dmean2":0.0444617606699,"dvar":0.00123300438281,"dvar2":0.00364572624676,"max":0.500000119209,"mean":0.451571136713,"median":0.469778835773,"min":0.0838275700808,"var":0.00304527324624},"dynamic_complexity":7.5085811615,"erbbands":{"dmean":[0.0024627300445,0.107152685523,0.911793887615,4.80820560455,7.48066616058,3.80981826782,7.78369092941,7.64384746552,6.90374708176,15.0219316483,18.647146225,24.7588806152,24.0107917786,16.9300498962,23.8387641907,12.9337501526,16.0068511963,23.8997497559,17.0870113373,11.6474475861,7.29008769989,8.13957977295,9.64641094208,5.77079629898,6.66909694672,4.8695230484,5.13258981705,3.76487779617,2.92241621017,3.3424680233,4.85268211365,3.99605989456,2.07829737663,1.23502123356,0.556374788284,0.275037199259,0.0923567339778,0.0129397623241,0.00107278651558,0.0000462379612145],"dmean2":[0.00382653484121,0.157142743468,1.39354991913,8.12100410461,12.5907125473,6.1478266716,12.2777833939,12.7620668411,10.7350406647,23.7275238037,28.3951683044,38.5229911804,37.7008895874,26.7925415039,37.5895767212,20.6897678375,26.281255722,39.0262336731,27.9248809814,18.8998279572,11.8149900436,13.3112192154,15.8866863251,9.57567405701,10.8375940323,7.46122789383,8.03580951691,5.66120862961,4.42852783203,4.84076833725,6.95619153976,5.61611270905,2.85041499138,1.78989577293,0.821166694164,0.401836872101,0.133236825466,0.0191664993763,0.00172729266342,0.000074367999332],"dvar":[0.00015383666323,0.0817706882954,3.8198800087,71.2104187012,214.014282227,67.883605957,283.152099609,490.729370117,189.096740723,913.332458496,1583.49206543,1973.47302246,2202.07519531,693.793334961,1665.03137207,615.875305176,1657.94299316,1974.6373291,1320.98669434,1445.03308105,378.139770508,277.94821167,780.395935059,238.437576294,479.198181152,201.71673584,207.415008545,114.014312744,62.8287887573,154.922119141,806.010314941,430.839813232,86.5910949707,44.921787262,3.77637553215,0.76097625494,0.108435861766,0.00206493306905,0.0000490695965709,6.79116283209e-8],"dvar2":[0.000373098126147,0.166981652379,8.9588508606,200.468551636,588.596374512,178.470214844,676.408447266,1276.05810547,409.089874268,2131.33544922,3889.29394531,4798.03955078,5112.50878906,1794.47033691,3581.37841797,1549.4498291,4376.29248047,4954.24755859,3402.52124023,3364.11816406,872.633117676,672.672241211,2019.43481445,634.620849609,1119.54833984,447.383300781,472.253204346,234.63117981,133.793991089,328.188873291,1849.84533691,856.005554199,143.57699585,91.9892807007,6.91263628006,1.48444187641,0.223007693887,0.00449813203886,0.000126628976432,1.67452796518e-7],"max":[0.649132668972,10.5858039856,37.9671211243,89.1158828735,283.268676758,212.938247681,455.106842041,626.53314209,473.130462646,789.805419922,1272.98168945,918.541992188,1265.27856445,389.875427246,1385.96813965,717.458251953,1505.015625,875.315551758,755.804748535,1584.81420898,855.66809082,410.442474365,778.212158203,499.529846191,855.695922852,440.32711792,411.741546631,365.774627686,187.946258545,412.274658203,1099.60803223,585.466064453,406.718933105,348.534393311,90.3678894043,38.5950737,11.5479917526,1.71286821365,0.388182014227,0.0119201680645],"mean":[0.00440507708117,0.217839092016,1.82807290554,7.82215213776,13.0308218002,8.2870721817,14.3218240738,12.5367336273,14.3134059906,26.6627883911,44.8255577087,57.4172973633,49.6291389465,37.6287574768,51.657875061,27.3785247803,32.8509178162,48.8743438721,37.0027122498,24.6249065399,16.2880401611,18.3820743561,20.3099975586,12.6370925903,12.8986520767,10.2161111832,10.7295608521,8.33250999451,6.34364843369,6.4352183342,8.86165809631,6.9920372963,3.99761629105,2.16196107864,1.01837253571,0.487246245146,0.14233161509,0.0191385000944,0.00135169585701,0.000082711885625],"median":[0.00196081562899,0.0642952620983,0.837261378765,3.75931501389,5.83012151718,5.62001180649,7.88213157654,6.32254171371,8.31643295288,14.6482648849,21.8601913452,31.339717865,26.2217407227,24.216135025,25.0468139648,15.9534444809,16.0407466888,25.8899822235,19.2477302551,12.8276100159,10.4288730621,11.5742788315,11.1921825409,8.82131004333,7.29095554352,5.79749059677,4.44732046127,2.48346829414,1.78855681419,1.30452561378,1.08935880661,0.699520766735,0.382790565491,0.181791305542,0.126072689891,0.0614097677171,0.0173260886222,0.00273844809271,0.0000946719810599,0.0000360623453162],"min":[1.8067321702e-22,1.45739904014e-21,5.23571521585e-21,7.14234108229e-21,2.37804393313e-20,2.07607405726e-20,1.16321136267e-19,9.29834566676e-20,2.34317726865e-19,2.76249192326e-19,4.47346823292e-19,4.93156550904e-19,7.66626649016e-19,1.02213084951e-18,9.70505059917e-19,1.64600287521e-18,1.70771768334e-18,2.49220522973e-18,3.71536733448e-18,4.18311274187e-18,3.64926236864e-18,5.13585813063e-18,6.61289292551e-18,7.71982767559e-18,8.42747903527e-18,1.0923727317e-17,1.35920572904e-17,1.11709393421e-17,1.41043988997e-17,1.41965534374e-17,1.295928811e-17,1.37980790296e-17,1.02008756864e-17,8.22801022082e-18,7.00395744935e-18,4.83012804033e-18,2.68920470326e-18,1.11755037247e-18,2.83482240547e-19,3.02219807202e-20],"var":[0.000186577977729,0.314475417137,10.7926483154,122.856842041,416.869628906,122.954666138,559.781982422,684.731506348,503.617370605,1746.48303223,5373.34375,6474.60009766,7694.38476562,1942.89477539,9374.97265625,1812.01574707,4974.50244141,5855.12744141,3896.734375,3580.9909668,947.643493652,736.532531738,1250.16760254,355.385375977,701.61315918,388.96862793,428.808441162,304.860656738,153.618759155,349.922912598,1815.24157715,1178.79907227,360.995910645,107.438766479,12.5113277435,2.45805764198,0.244071155787,0.00365176191553,0.0000512694932695,8.40130169877e-8]},"erbbands_crest":{"dmean":2.60172748566,"dmean2":4.1581697464,"dvar":6.92563915253,"dvar2":16.3568229675,"max":33.8745002747,"mean":11.6660022736,"median":8.48505687714,"min":2.33379268646,"var":61.7929916382},"erbbands_flatness_db":{"dmean":0.0173514802009,"dmean2":0.025371145457,"dvar":0.000379113422241,"dvar2":0.000804577895906,"max":0.528291881084,"mean":0.194904595613,"median":0.157462373376,"min":0.0439013168216,"var":0.00818780623376},"erbbands_kurtosis":{"dmean":4.02086591721,"dmean2":6.4379529953,"dvar":270.289672852,"dvar2":673.316955566,"max":378.255493164,"mean":8.22303199768,"median":0.268866539001,"min":-1.77969563007,"var":1416.19604492},"erbbands_skewness":{"dmean":0.413591831923,"dmean2":0.651001930237,"dvar":0.325906455517,"dvar2":0.818450689316,"max":9.49383068085,"mean":0.80764234066,"median":0.460803985596,"min":-3.62569832802,"var":2.22613430023},"erbbands_spread":{"dmean":5.17591381073,"dmean2":7.86862707138,"dvar":34.0693778992,"dvar2":72.3796920776,"max":109.255073547,"mean":27.7549858093,"median":27.1409320831,"min":0.211048156023,"var":267.884918213},"gfcc":{"cov":[[51306.6757812,-4622.09082031,-2485.79858398,3463.04052734,-1963.56115723,2769.95043945,-2137.38598633,-201.731521606,-3140.26953125,-1550.27709961,-2698.8125,-104.982200623,-261.053192139],[-4622.09082031,1787.64733887,-645.36126709,-611.948547363,301.84854126,-579.208496094,296.57598877,-66.1098480225,312.487426758,111.076896667,362.034179688,5.90183067322,103.284133911],[-2485.79858398,-645.36126709,1419.67504883,184.473983765,4.59177350998,170.454650879,-24.3255004883,141.540176392,156.16645813,77.4010696411,-29.6805381775,-40.6376609802,-54.3296508789],[3463.04052734,-611.948547363,184.473983765,592.273864746,-124.864280701,319.051239014,-163.404541016,18.6390151978,-251.176574707,-147.903137207,-238.794448853,-26.3431282043,-34.3362388611],[-1963.56115723,301.84854126,4.59177350998,-124.864280701,289.873687744,-73.1299514771,113.274475098,-1.3585395813,68.0293884277,37.7354545593,106.328193665,27.4904766083,0.2096657902],[2769.95043945,-579.208496094,170.454650879,319.051239014,-73.1299514771,377.914398193,-126.741249084,16.2157497406,-207.772842407,-96.9519424438,-173.120407104,-0.155428081751,-42.4840583801],[-2137.38598633,296.57598877,-24.3255004883,-163.404541016,113.274475098,-126.741249084,189.249465942,5.75879764557,122.75566864,67.1808624268,131.585968018,15.0884017944,10.5438899994],[-201.731521606,-66.1098480225,141.540176392,18.6390151978,-1.3585395813,16.2157497406,5.75879764557,107.711952209,44.4055252075,22.23087883,-1.88867282867,-7.85070991516,-9.70432853699],[-3140.26953125,312.487426758,156.16645813,-251.176574707,68.0293884277,-207.772842407,122.75566864,44.4055252075,313.209716797,144.21270752,164.411331177,-12.1133174896,27.6371479034],[-1550.27709961,111.076896667,77.4010696411,-147.903137207,37.7354545593,-96.9519424438,67.1808624268,22.23087883,144.21270752,139.496826172,103.558563232,2.92383670807,-0.521512985229],[-2698.8125,362.034179688,-29.6805381775,-238.794448853,106.328193665,-173.120407104,131.585968018,-1.88867282867,164.411331177,103.558563232,239.305969238,30.7568054199,17.6655979156],[-104.982200623,5.90183067322,-40.6376609802,-26.3431282043,27.4904766083,-0.155428081751,15.0884017944,-7.85070991516,-12.1133174896,2.92383670807,30.7568054199,60.2900047302,14.6854467392],[-261.053192139,103.284133911,-54.3296508789,-34.3362388611,0.2096657902,-42.4840583801,10.5438899994,-9.70432853699,27.6371479034,-0.521512985229,17.6655979156,14.6854467392,81.3375091553]],"icov":[[0.000216776039451,-0.0000931102404138,0.000440169707872,-0.000240118577494,0.000566418399103,-0.000573268916924,0.000677754345816,-0.000346606655512,0.000725994119421,-0.000354650110239,0.00104076927528,-0.000302036962239,0.000156059104484],[-0.0000931102404138,0.00192300789058,0.000396064977394,0.000455877016066,-0.00135574047454,0.00174705439713,-0.000777088105679,0.000172242303961,-0.000647083041258,0.00131957570557,-0.0014354015002,0.00174229918048,-0.00102090695873],[0.000440169707872,0.000396064977394,0.00218332954682,-0.000851100834552,0.000611284165643,-0.00145537650678,0.00148841773625,-0.00131207378581,0.0000141921191243,-0.000612180214375,0.00185622053687,-0.0000325284236169,0.000491610786412],[-0.000240118577494,0.000455877016066,-0.000851100834552,0.0045826123096,-0.000459266884718,-0.000752044492401,-0.000778139976319,-0.000252895901212,0.00055091152899,0.00183810270391,-0.000172871674295,0.0016240918776,-0.000735524925403],[0.000566418399103,-0.00135574047454,0.000611284165643,-0.000459266884718,0.00695655494928,-0.00254094810225,-0.000311110721668,-0.00081511301687,0.00233296584338,-0.000902355066501,0.0023414362222,-0.00294233579189,0.00157608150039],[-0.000573268916924,0.00174705439713,-0.00145537650678,-0.000752044492401,-0.00254094810225,0.00945994071662,-0.0015202841023,0.000123705685837,0.000693182228133,0.00117563665845,-0.00225827051327,0.00033161137253,0.0000141362133945],[0.000677754345816,-0.000777088105679,0.00148841773625,-0.000778139976319,-0.000311110721668,-0.0015202841023,0.012589382939,-0.00149079691619,0.000746787525713,-0.0014595015673,0.000576727266889,-0.00163642514963,0.00113170337863],[-0.000346606655512,0.000172242303961,-0.00131207378581,-0.000252895901212,-0.00081511301687,0.000123705685837,-0.00149079691619,0.0121912145987,-0.00376889156178,-0.0000436728478235,-0.000682990590576,0.000113696733024,0.000808316865005],[0.000725994119421,-0.000647083041258,0.0000141921191243,0.00055091152899,0.00233296584338,0.000693182228133,0.000746787525713,-0.00376889156178,0.0144131081179,-0.00696723069996,0.00168201001361,0.00285169575363,-0.00261881155893],[-0.000354650110239,0.00131957570557,-0.000612180214375,0.00183810270391,-0.000902355066501,0.00117563665845,-0.0014595015673,-0.0000436728478235,-0.00696723069996,0.0171443559229,-0.00498987035826,0.000278015475487,0.00186435377691],[0.00104076927528,-0.0014354015002,0.00185622053687,-0.000172871674295,0.0023414362222,-0.00225827051327,0.000576727266889,-0.000682990590576,0.00168201001361,-0.00498987035826,0.0168681032956,-0.00667267804965,0.00192580197472],[-0.000302036962239,0.00174229918048,-0.0000325284236169,0.0016240918776,-0.00294233579189,0.00033161137253,-0.00163642514963,0.000113696733024,0.00285169575363,0.000278015475487,-0.00667267804965,0.0237493980676,-0.00591732282192],[0.000156059104484,-0.00102090695873,0.000491610786412,-0.000735524925403,0.00157608150039,0.0000141362133945,0.00113170337863,0.000808316865005,-0.00261881155893,0.00186435377691,0.00192580197472,-0.00591732282192,0.0156145142391]],"mean":[-71.4345245361,97.361076355,-126.722389221,0.773079872131,-61.1465568542,-0.189980387688,-36.1102676392,3.67876124382,-26.7708377838,0.0277182012796,-21.6220607758,-7.12511396408,-20.212272644]},"hfc":{"dmean":6.68425607681,"dmean2":9.46874141693,"dvar":260.759979248,"dvar2":460.928741455,"max":410.215087891,"mean":25.8018608093,"median":18.2427825928,"min":1.10402062587e-16,"var":1233.7434082},"melbands":{"dmean":[0.0000536597581231,0.000355080992449,0.000917111989111,0.000362629914889,0.000245363946306,0.000174110507942,0.000107397245301,0.000167544174474,0.00016032505664,0.000147650454892,0.00011987133621,0.0000704552294337,0.000088444307039,0.0000363640610885,0.0000371421010641,0.0000326266090269,0.0000512360202265,0.0000315549732477,0.0000199259302462,0.0000139107978612,0.00000880073639564,0.00000919003105082,0.000011313091818,0.00000736131914891,0.00000489052354169,0.00000560651324122,0.00000373271882381,0.00000356943996849,0.00000386214196624,0.0000026413742944,0.00000228366684496,0.00000180927304427,0.00000186469219443,0.00000199385249289,0.00000304919899463,0.00000269862698588,0.0000026235209134,0.00000154970280164,0.00000138575001074,9.83340441962e-7],"dmean2":[0.0000804753872217,0.000533924729098,0.00154044292867,0.000599892518949,0.000387142295949,0.000286834634608,0.000168520375155,0.000262780609773,0.00024408333411,0.000229835422942,0.000188519523363,0.000111506429676,0.000140572301461,0.0000576470156375,0.0000602549152973,0.0000531273799425,0.0000836887338664,0.000051524315495,0.0000315770412271,0.0000226732881856,0.000014411137272,0.0000150652122102,0.0000188474041352,0.0000123152331071,0.00000824479957373,0.00000927486144064,0.00000590521722188,0.0000055213208725,0.00000609489643466,0.00000421263848693,0.00000351275343746,0.00000280007861875,0.00000288752494271,0.00000293507332572,0.00000440360645371,0.0000037413597056,0.00000378771301257,0.00000212856912185,0.00000202098271984,0.00000144161026583],"dvar":[2.86181833786e-8,6.12274050127e-7,0.00000254605174632,4.86355475005e-7,2.57464165543e-7,2.18486647441e-7,4.24226485052e-8,1.1397569466e-7,1.09386348868e-7,6.74062263784e-8,5.42866551712e-8,1.25091661474e-8,2.12192343696e-8,3.64517571683e-9,9.07797126359e-9,5.42386890956e-9,9.03573749156e-9,5.11598319264e-9,4.7442103579e-9,1.4696893702e-9,4.5700515594e-10,3.07630143581e-10,1.04163166981e-9,5.52188128555e-10,1.46233095077e-10,3.79283632279e-10,1.4674661486e-10,1.12229087135e-10,1.23859311696e-10,5.32172986234e-11,4.4990608461e-11,2.27693159466e-11,5.31270166748e-11,6.69056685054e-11,3.49233697516e-10,1.95763627531e-10,2.0932153233e-10,4.78487492683e-11,5.72974584445e-11,2.73158162756e-11],"dvar2":[6.246114026e-8,0.00000139999042403,0.0000070239998422,0.00000134838398935,6.24010965566e-7,5.6049793784e-7,9.37307618187e-8,2.6458039315e-7,2.78764673567e-7,1.64081868093e-7,1.25924557892e-7,3.23390167978e-8,5.00375989532e-8,8.0670217173e-9,2.45426416967e-8,1.43145735265e-8,2.29264998097e-8,1.32070914205e-8,9.73743663479e-9,3.34586003348e-9,1.0927490024e-9,7.47859774108e-10,2.73758904434e-9,1.51087431455e-9,3.91983417947e-10,9.42011357807e-10,3.39544753425e-10,2.61303173543e-10,3.03914032829e-10,1.15088889807e-10,9.54512788254e-11,5.06893936547e-11,1.2704644281e-10,1.40883971156e-10,8.42755976116e-10,3.7924222096e-10,4.51483711528e-10,8.01908262016e-11,1.21257767716e-10,5.48101321274e-11],"max":[0.0057077743113,0.0186881795526,0.02064839378,0.0170773416758,0.0123468218371,0.0125954840332,0.00616933358833,0.00948525592685,0.0101721864194,0.0050667161122,0.0062970216386,0.00155326747335,0.00364936795086,0.00179537397344,0.00304899807088,0.00248861173168,0.00164765445516,0.00186198938172,0.00325631303713,0.00127435231116,0.000859526277054,0.000464423646918,0.00105108460411,0.000732134678401,0.000391616253182,0.000712467473932,0.000565275433473,0.000349878217094,0.000303114124108,0.000246798299486,0.000200951792067,0.000134287780384,0.000203095783945,0.000259353924775,0.000717103132047,0.00056863942882,0.000421027914854,0.000343259045621,0.000298150407616,0.000290779222269],"mean":[0.000101898243884,0.000724971061572,0.00158717704471,0.000733504013624,0.000471358391223,0.000294860103168,0.000221603128011,0.00030336243799,0.000395680690417,0.000333856936777,0.000238668653765,0.000145530240843,0.000174377535586,0.0000794973311713,0.0000736241345294,0.0000654648611089,0.0000979354153969,0.0000635193355265,0.0000379856974178,0.0000276689443126,0.0000172558920895,0.0000185356693692,0.0000215592208406,0.0000147385053424,0.00000939805704547,0.00000993872708932,0.00000725626932763,0.00000683002599544,0.00000732466696718,0.00000536225888936,0.00000467577501695,0.000003696316071,0.00000318127058563,0.00000368890937352,0.00000525671703144,0.00000471703788207,0.00000417797309638,0.0000028162619401,0.00000241242469201,0.00000160922695613],"median":[0.000028234157071,0.000302214932162,0.000786422286183,0.00045000819955,0.000275655271253,0.0001536928321,0.000131500884891,0.000168756057974,0.0001922052179,0.000180448245374,0.000119485455798,0.0000813576843939,0.0000853358214954,0.0000426868136856,0.0000368036817235,0.000029070317396,0.0000497961773362,0.0000310198302031,0.0000173135031218,0.0000146139354911,0.000010881891285,0.0000113020723802,0.0000107836594907,0.00000868796905706,0.00000618614058112,0.00000525900486537,0.00000409816584579,0.00000359416821993,0.00000305787193611,0.00000159106002684,0.00000124320831674,9.63656248132e-7,7.67924632328e-7,5.95741255438e-7,6.23277514933e-7,4.9357674925e-7,3.48174154396e-7,2.64363450242e-7,1.77279773084e-7,1.3179348457e-7],"min":[1.64690609512e-24,2.87755494246e-24,1.77379910489e-24,2.03321404142e-24,3.49150073309e-24,1.87357521826e-24,3.99920608966e-24,2.8740350451e-24,3.63151052756e-24,3.03427359977e-24,3.71759379055e-24,4.40047754405e-24,1.68565336506e-24,4.14833274962e-24,3.40289666508e-24,3.36163923973e-24,2.59978873469e-24,3.90711131215e-24,5.89581821572e-24,4.21536028858e-24,4.17871651624e-24,3.65123875551e-24,6.11129359983e-24,5.13941893675e-24,5.98292620903e-24,5.36710036565e-24,6.33138263695e-24,6.96535228115e-24,7.65640784476e-24,6.61502349188e-24,5.51022971057e-24,7.67569707161e-24,8.83034804542e-24,7.44883724135e-24,5.51355673144e-24,6.25046049643e-24,8.05370975106e-24,6.6483927026e-24,7.20322539851e-24,6.72971164015e-24],"var":[8.00388306743e-8,0.00000190837590708,0.00000484558768221,9.71961412688e-7,5.17464002314e-7,3.2956492646e-7,1.09878627086e-7,2.28407770919e-7,3.76822271164e-7,2.25989069236e-7,1.88470934859e-7,3.3965250168e-8,8.14679239625e-8,1.94099119e-8,2.62135628759e-8,1.69819163176e-8,2.43319870918e-8,1.32328059621e-8,1.07903597169e-8,4.49570158878e-9,9.41672184673e-10,7.46047390532e-10,1.67015390407e-9,6.8270306075e-10,2.07483086268e-10,4.86471196659e-10,2.20039569898e-10,1.97634880683e-10,2.11168055264e-10,1.2450719622e-10,1.12557616005e-10,5.61834884172e-11,6.89808418719e-11,1.59357915752e-10,6.70575373007e-10,5.2514381732e-10,4.96103269576e-10,1.85972445776e-10,1.53400431246e-10,6.08647438005e-11]},"melbands_crest":{"dmean":3.22493290901,"dmean2":5.28654098511,"dvar":8.68762207031,"dvar2":22.7057800293,"max":31.8283367157,"mean":13.5666446686,"median":12.1979379654,"min":1.53618359566,"var":35.2041320801},"melbands_flatness_db":{"dmean":0.0223984606564,"dmean2":0.0340496860445,"dvar":0.000528274162207,"dvar2":0.00113312283065,"max":0.622619450092,"mean":0.21013854444,"median":0.17827680707,"min":0.00080668029841,"var":0.0102473339066},"melbands_kurtosis":{"dmean":3.55154800415,"dmean2":5.65971422195,"dvar":38.0389556885,"dvar2":91.5285186768,"max":173.008377075,"mean":7.3227891922,"median":3.91416788101,"min":-1.63246262074,"var":185.296264648},"melbands_skewness":{"dmean":0.538948774338,"dmean2":0.844835340977,"dvar":0.342760652304,"dvar2":0.857681691647,"max":7.10095262527,"mean":1.57122576237,"median":1.58662557602,"min":-4.77863311768,"var":1.59145390987},"melbands_spread":{"dmean":5.26464223862,"dmean2":7.93848276138,"dvar":62.9040184021,"dvar2":107.289764404,"max":184.630691528,"mean":22.8166542053,"median":20.2467384338,"min":0.338614732027,"var":352.782897949},"mfcc":{"cov":[[31484.0917969,846.078735352,-497.413848877,1015.44073486,152.112121582,1027.75244141,247.804229736,393.085876465,-20.142282486,-185.668502808,-1310.20202637,-1844.0369873,-2082.12353516],[846.078735352,1844.07678223,-761.805236816,-106.143379211,-93.8610305786,-190.337234497,-21.7006092072,-81.614440918,-72.036239624,-97.4692230225,-89.6576004028,-87.066696167,-53.8292579651],[-497.413848877,-761.805236816,642.964904785,29.0702781677,62.2200469971,83.8141021729,-1.76191949844,47.9256668091,32.5508918762,70.8749542236,59.1563072205,52.5127906799,31.3427371979],[1015.44073486,-106.143379211,29.0702781677,248.623855591,59.7348937988,83.8799057007,43.9393386841,50.6808738708,17.1094818115,14.7111177444,-71.1501312256,-77.9818954468,-64.8521270752],[152.112121582,-93.8610305786,62.2200469971,59.7348937988,152.706375122,46.2598609924,32.2841911316,35.4341163635,18.9024124146,3.01686835289,-5.61512517929,-7.04603862762,-9.65731048584],[1027.75244141,-190.337234497,83.8141021729,83.8799057007,46.2598609924,181.216690063,55.690826416,49.1756095886,12.1658096313,-4.95452547073,-37.2975273132,-62.5546646118,-76.9928283691],[247.804229736,-21.7006092072,-1.76191949844,43.9393386841,32.2841911316,55.690826416,107.820030212,43.9992218018,-7.76889753342,-10.0571165085,-26.8979320526,-11.6408882141,-5.53788280487],[393.085876465,-81.614440918,47.9256668091,50.6808738708,35.4341163635,49.1756095886,43.9992218018,98.3519973755,18.7188854218,1.08439362049,-27.3001308441,-22.3972930908,-20.2179679871],[-20.142282486,-72.036239624,32.5508918762,17.1094818115,18.9024124146,12.1658096313,-7.76889753342,18.7188854218,81.0470962524,30.9787349701,11.6299209595,-9.64435577393,-11.7938127518],[-185.668502808,-97.4692230225,70.8749542236,14.7111177444,3.01686835289,-4.95452547073,-10.0571165085,1.08439362049,30.9787349701,86.6531066895,33.8017616272,4.22361516953,0.351376771927],[-1310.20202637,-89.6576004028,59.1563072205,-71.1501312256,-5.61512517929,-37.2975273132,-26.8979320526,-27.3001308441,11.6299209595,33.8017616272,140.462402344,103.235168457,88.6259613037],[-1844.0369873,-87.066696167,52.5127906799,-77.9818954468,-7.04603862762,-62.5546646118,-11.6408882141,-22.3972930908,-9.64435577393,4.22361516953,103.235168457,190.201248169,166.189865112],[-2082.12353516,-53.8292579651,31.3427371979,-64.8521270752,-9.65731048584,-76.9928283691,-5.53788280487,-20.2179679871,-11.7938127518,0.351376771927,88.6259613037,166.189865112,215.378997803]],"icov":[[0.000117671224871,-0.000028368560379,0.00000221070649786,-0.0000715122441761,0.0000215554082388,-0.000214753701584,0.0000675564297126,-0.00012522986799,0.000151464962983,0.0000233877326536,0.000352537521394,0.000181605413673,0.000745852768887],[-0.000028368560379,0.00119931914378,0.0012152378913,0.000332084367983,-0.000134067318868,0.00087697932031,-0.000151476211613,0.0000457647984149,0.000366374733858,0.000101913428807,0.0000619745333097,0.000360981561244,-0.0000276116716122],[0.00000221070649786,0.0012152378913,0.00335003971122,0.000430473708548,-0.000664798950311,-0.000539117609151,0.000840902212076,-0.000927012239117,0.000739068898838,-0.00158560322598,-0.00000368886162505,-0.000351002207026,-0.00000531290379513],[-0.0000715122441761,0.000332084367983,0.000430473708548,0.00633207615465,-0.00159332121257,-0.00133883627132,-0.000404588354286,-0.000778249290306,-0.0000568320028833,-0.00223797978833,0.00240686326288,0.00122598570306,-0.00133369141258],[0.0000215554082388,-0.000134067318868,-0.000664798950311,-0.00159332121257,0.00820273999125,-0.000626899127383,-0.00137412187178,-0.00103594653774,-0.00153452227823,0.00110805185977,-0.000762524723541,-0.000448278122349,0.000376812065952],[-0.000214753701584,0.00087697932031,-0.000539117609151,-0.00133883627132,-0.000626899127383,0.0108173992485,-0.00406808545813,-0.000774116371758,-0.000758602633141,0.00240804255009,-0.00203384878114,0.000432515953435,0.00193770951591],[0.0000675564297126,-0.000151476211613,0.000840902212076,-0.000404588354286,-0.00137412187178,-0.00406808545813,0.0142262168229,-0.00485465768725,0.00282421894372,-0.000821854977403,0.00184885622002,-0.000420394469984,-0.0015151607804],[-0.00012522986799,0.0000457647984149,-0.000927012239117,-0.000778249290306,-0.00103594653774,-0.000774116371758,-0.00485465768725,0.0153970438987,-0.00377157540061,0.000627864326816,0.00166190008167,-0.000302069267491,-0.000959604105446],[0.000151464962983,0.000366374733858,0.000739068898838,-0.0000568320028833,-0.00153452227823,-0.000758602633141,0.00282421894372,-0.00377157540061,0.0164118781686,-0.00503007136285,-0.000981035875157,0.00139639386907,0.00104283797555],[0.0000233877326536,0.000101913428807,-0.00158560322598,-0.00223797978833,0.00110805185977,0.00240804255009,-0.000821854977403,0.000627864326816,-0.00503007136285,0.0171893313527,-0.00540753500536,0.00186701444909,0.00123778334819],[0.000352537521394,0.0000619745333097,-0.00000368886162505,0.00240686326288,-0.000762524723541,-0.00203384878114,0.00184885622002,0.00166190008167,-0.000981035875157,-0.00540753500536,0.0168842542917,-0.00637224083766,0.001515469281],[0.000181605413673,0.000360981561244,-0.000351002207026,0.00122598570306,-0.000448278122349,0.000432515953435,-0.000420394469984,-0.000302069267491,0.00139639386907,0.00186701444909,-0.00637224083766,0.0212308112532,-0.011325083673],[0.000745852768887,-0.0000276116716122,-0.00000531290379513,-0.00133369141258,0.000376812065952,0.00193770951591,-0.0015151607804,-0.000959604105446,0.00104283797555,0.00123778334819,0.001515469281,-0.011325083673,0.0201962590218]],"mean":[-692.328796387,122.381164551,-10.9128360748,2.61396884918,-8.35230255127,-5.05542993546,-4.96824407578,-2.32567834854,-4.57356548309,0.590146124363,-1.71977865696,-0.501618683338,-5.48976039886]},"pitch_salience":{"dmean":0.0637511387467,"dmean2":0.102129459381,"dvar":0.00307677662931,"dvar2":0.00775556126609,"max":0.987885951996,"mean":0.551655828953,"median":0.577912926674,"min":0.0661662891507,"var":0.0185531117022},"silence_rate_20dB":{"dmean":0,"dmean2":0,"dvar":0,"dvar2":0,"max":1,"mean":1,"median":1,"min":1,"var":0},"silence_rate_30dB":{"dmean":0,"dmean2":0,"dvar":0,"dvar2":0,"max":1,"mean":1,"median":1,"min":1,"var":0},"silence_rate_60dB":{"dmean":0.0111524164677,"dmean2":0.0223089791834,"dvar":0.011029289104,"dvar2":0.0262722447515,"max":1,"mean":0.244564205408,"median":0,"min":0,"var":0.184753805399},"spectral_centroid":{"dmean":178.585983276,"dmean2":273.36920166,"dvar":53289.8320312,"dvar2":104225.054688,"max":11483.8583984,"mean":1182.43774414,"median":1101.51013184,"min":209.813827515,"var":522702.90625},"spectral_complexity":{"dmean":2.66914486885,"dmean2":4.30228662491,"dvar":9.38460445404,"dvar2":20.7524929047,"max":56,"mean":21.0009288788,"median":24,"min":0,"var":172.118652344},"spectral_contrast_coeffs":{"dmean":[0.0488753430545,0.0444836094975,0.0349405296147,0.0275397803634,0.0191489476711,0.0161576848477],"dmean2":[0.0816457122564,0.0739028826356,0.0574854388833,0.0457586161792,0.0316899977624,0.0250405948609],"dvar":[0.00160998327192,0.00118697853759,0.000757085159421,0.000470473809401,0.000243739967118,0.000229361932725],"dvar2":[0.00451059453189,0.00319807510823,0.00206981878728,0.00126993085723,0.000650122005027,0.000486980745336],"max":[-0.295595437288,-0.489408582449,-0.52558273077,-0.522310853004,-0.645617365837,-0.627436816692],"mean":[-0.600790917873,-0.73414516449,-0.762457847595,-0.78824275732,-0.796027183533,-0.770568788052],"median":[-0.581719458103,-0.736453831196,-0.760208129883,-0.787449121475,-0.791932284832,-0.759685754776],"min":[-0.975496053696,-0.984773874283,-0.992280960083,-0.976557433605,-0.978974461555,-0.961992621422],"var":[0.0143999494612,0.00378404464573,0.00388291664422,0.00267880992033,0.00210124743171,0.00268255313858]},"spectral_contrast_valleys":{"dmean":[0.43042242527,0.303096354008,0.25941991806,0.221728429198,0.184761956334,0.214281886816],"dmean2":[0.717864692211,0.510888278484,0.434152305126,0.366213679314,0.282925158739,0.281676292419],"dvar":[0.136481404305,0.0698911845684,0.0545021817088,0.0459141395986,0.0432707555592,0.0832951292396],"dvar2":[0.346136689186,0.169386908412,0.130094647408,0.104241214693,0.0765854120255,0.117968596518],"max":[-5.68833351135,-4.62536478043,-5.24810600281,-5.57945871353,-5.16922950745,-7.03417825699],"mean":[-8.50673007965,-7.02294015884,-7.5470366478,-8.08254146576,-8.36659526825,-11.1954097748],"median":[-7.75978088379,-6.29433393478,-6.69115400314,-7.18816995621,-7.30220413208,-10.1684808731],"min":[-27.6730861664,-27.6990203857,-27.9763832092,-27.7382621765,-27.4342899323,-27.3509349823],"var":[4.1541800499,4.26426792145,5.21721982956,5.46934843063,6.07351160049,6.93341827393]},"spectral_decrease":{"dmean":1.47094458836e-9,"dmean2":2.34103203489e-9,"dvar":4.43792531597e-18,"dvar2":1.15773654371e-17,"max":4.01580580823e-20,"mean":-5.91014659435e-9,"median":-5.90863624694e-9,"min":-2.8312125977e-8,"var":2.20040250348e-17},"spectral_energy":{"dmean":0.0059578474611,"dmean2":0.00942472741008,"dvar":0.0000706328792148,"dvar2":0.000182788397069,"max":0.116037651896,"mean":0.0246465690434,"median":0.0244653429836,"min":1.02041008442e-20,"var":0.000380315730581},"spectral_energyband_high":{"dmean":0.000570799165871,"dmean2":0.000774924410507,"dvar":0.00000344954651155,"dvar2":0.00000584737881582,"max":0.0453220754862,"mean":0.00137446133886,"median":0.000345456501236,"min":7.33520421978e-21,"var":0.0000132414606924},"spectral_energyband_low":{"dmean":0.00218873936683,"dmean2":0.00353361060843,"dvar":0.0000149507977767,"dvar2":0.0000384706581826,"max":0.0669383779168,"mean":0.00427620764822,"median":0.00225344486535,"min":3.21059604221e-23,"var":0.0000364836269},"spectral_energyband_middle_high":{"dmean":0.00157435250003,"dmean2":0.00245154812001,"dvar":0.00000514059092893,"dvar2":0.0000120064560178,"max":0.0489582233131,"mean":0.00645160814747,"median":0.00537877297029,"min":1.27602777588e-21,"var":0.0000400425815315},"spectral_energyband_middle_low":{"dmean":0.00473140040413,"dmean2":0.00762990815565,"dvar":0.0000501336326124,"dvar2":0.000134273766889,"max":0.0927249714732,"mean":0.0146082499996,"median":0.0130489114672,"min":1.25970408543e-22,"var":0.000167886260897},"spectral_entropy":{"dmean":0.152502045035,"dmean2":0.225913777947,"dvar":0.0351989790797,"dvar2":0.07747374475,"max":9.81134796143,"mean":7.34003448486,"median":7.57485294342,"min":3.572920084,"var":0.621559858322},"spectral_flux":{"dmean":0.0135829923674,"dmean2":0.0217088032514,"dvar":0.000283056375338,"dvar2":0.000670213717967,"max":0.257889717817,"mean":0.0672803744674,"median":0.0668008178473,"min":6.42254791017e-11,"var":0.00198543770239},"spectral_kurtosis":{"dmean":3.27319836617,"dmean2":5.45524168015,"dvar":32.5984916687,"dvar2":87.7584152222,"max":95.5638275146,"mean":10.0230102539,"median":5.21015357971,"min":-1.24145674706,"var":148.232391357},"spectral_rms":{"dmean":0.000518320652191,"dmean2":0.000811070844065,"dvar":3.78819350999e-7,"dvar2":9.48775323195e-7,"max":0.0106398994103,"mean":0.00424151076004,"median":0.00488555291668,"min":3.15518943438e-12,"var":0.00000605511240792},"spectral_rolloff":{"dmean":365.316101074,"dmean2":593.06817627,"dvar":664526.25,"dvar2":1203044.125,"max":19293.75,"mean":1535.0090332,"median":1205.859375,"min":64.599609375,"var":2819570.5},"spectral_skewness":{"dmean":0.297478616238,"dmean2":0.480470061302,"dvar":0.163244023919,"dvar2":0.416897922754,"max":8.30561828613,"mean":2.11192846298,"median":1.74779927731,"min":-0.060274861753,"var":1.21407687664},"spectral_spread":{"dmean":420906.6875,"dmean2":606183.0625,"dvar":468272971776,"dvar2":879344418816,"max":41656820,"mean":4163836.75,"median":4018619,"min":884004.0625,"var":7141961760770},"spectral_strongpeak":{"dmean":0.459114015102,"dmean2":0.77271258831,"dvar":0.651510000229,"dvar2":1.67747116089,"max":18.3390789032,"mean":0.953661799431,"median":0.582892537117,"min":0,"var":1.3518550396},"zerocrossingrate":{"dmean":0.00873034168035,"dmean2":0.0100579224527,"dvar":0.000220018642722,"dvar2":0.000241006186116,"max":0.51806640625,"mean":0.0619812309742,"median":0.052734375,"min":0,"var":0.00205733114854}},"metadata":{"audio_properties":{"analysis_sample_rate":44100,"bit_rate":192000,"codec":"mp3","downmix":"mix","equal_loudness":0,"length":124.917549133,"lossless":false,"md5_encoded":"75814e3f6691bd3935c452876526b934","replay_gain":-9.44323730469,"sample_rate":44100},"tags":{"album":["Generation Swine"],"albumartist":["M?tley Cr¨¹e / Motley Crue"],"artist":["M?tley Cr¨¹e / Motley Crue"],"date":["2003"],"file_name":"26207.mp3","genre":["Rock"],"label":["Motley/Beyond"],"musicbrainz_recordingid":["4e7cde90-5a9c-46ea-b8ae-d16c32ce5a90"],"title":["10. Rocketship"],"tracknumber":["10"]},"version":{"essentia":"2.1-beta2","essentia_build_sha":"70f2e5ece6736b2c40cc944ad0e695b16b925413","essentia_git_sha":"v2.1_beta2","extractor":"music 1.0"}},"rhythm":{"beats_count":239,"beats_loudness":{"dmean":0.0092815971002,"dmean2":0.0159408338368,"dvar":0.000111791268864,"dvar2":0.000314928620355,"max":0.088643617928,"mean":0.0256493967026,"median":0.0266284067184,"min":3.79200656653e-7,"var":0.000440911244368},"beats_loudness_band_ratio":{"dmean":[0.161864116788,0.0899582877755,0.138924568892,0.104692928493,0.044146001339,0.0499291494489],"dmean2":[0.285297751427,0.146561041474,0.239317417145,0.179604828358,0.0777800306678,0.0901061967015],"dvar":[0.0242958497256,0.0119242481887,0.0139016974717,0.0112554719672,0.00401358865201,0.00872156582773],"dvar2":[0.0712323486805,0.0347649417818,0.0328767858446,0.0299728978425,0.0121642844751,0.0247367992997],"max":[0.974885523319,0.652267217636,0.992923498154,0.960876703262,0.447349250317,0.642878770828],"mean":[0.257599294186,0.151874408126,0.343868553638,0.186624720693,0.0634802356362,0.0511023662984],"median":[0.206459090114,0.123892776668,0.253748476505,0.145737737417,0.0502821989357,0.0296303778887],"min":[0.00113244296517,0.000923290674109,0.0120505997911,0.0000482424293295,0.0000258739873971,0.0000335867953254],"var":[0.0497063957155,0.0191380381584,0.068566