{"lowlevel":{"average_loudness":0.909918546677,"barkbands":{"dmean":[0.000418431503931,0.00650417944416,0.00200106832199,0.00160540780053,0.00310232653283,0.000496474734973,0.000786707096267,0.000985790626146,0.000392816320527,0.000288070441457,0.000190483144252,0.000234574705246,0.000231829966651,0.000309652474243,0.000234137260122,0.000380537385354,0.000506560259964,0.000253184873145,0.000201075425139,0.000124996615341,0.0000740267059882,0.0000932958355406,0.0000707314320607,0.000086177715275,0.0000995425070869,0.0000503169867443,0.0000149076904563],"dmean2":[0.000661674072035,0.0108459601179,0.0035598911345,0.00281513296068,0.00537953618914,0.000806917902082,0.0012405392481,0.00150741799735,0.000590121373534,0.000450749095762,0.000306887814077,0.000379841192625,0.000373765506083,0.000496038992424,0.000376772572054,0.000627033528872,0.000851136865094,0.000419029995101,0.000334261072567,0.000203525662073,0.000113910027721,0.000136037167977,0.0000996670569293,0.000116844246804,0.000129874402774,0.0000675083938404,0.0000206822933251],"dvar":[9.6707560715e-7,0.000223173949053,0.0000159747996804,0.00000938193625188,0.0000474409680464,6.71754548875e-7,0.00000240790677708,0.0000048956540013,0.00000148329661442,9.83966174317e-7,1.14078318347e-7,5.95002859427e-7,2.77204890153e-7,3.75845502276e-7,2.92640379485e-7,3.21386465885e-7,5.6163185036e-7,1.25064190115e-7,8.30531803331e-8,4.00250499411e-8,3.29084741679e-8,9.07969024411e-8,6.36232968532e-8,5.86676947023e-8,1.45955780795e-7,2.7052779572e-8,1.71427361195e-9],"dvar2":[0.00000230771320275,0.000574184581637,0.0000454200453532,0.0000266948864009,0.000131768305437,0.00000166702034221,0.00000540098108104,0.0000106408397187,0.00000295800782624,0.00000189971194686,2.79381538348e-7,0.00000148113679188,6.92973003424e-7,8.72361908932e-7,6.82873860569e-7,8.64141554757e-7,0.00000149952711581,3.33346804382e-7,2.2484756812e-7,9.70997646732e-8,5.99540825874e-8,1.74922234919e-7,1.12695992982e-7,9.67619158132e-8,2.30857111205e-7,4.43169554387e-8,2.86678769612e-9],"max":[0.0146498959512,0.135911047459,0.0628150850534,0.0424691438675,0.0681724771857,0.0168006177992,0.0428006649017,0.0422596037388,0.0526050850749,0.0435004346073,0.00923619326204,0.0472718700767,0.0142975486815,0.0209310967475,0.0277310032398,0.0121336560696,0.0207303166389,0.00972969271243,0.00713147781789,0.00540257897228,0.00760026229545,0.00974514149129,0.00777170760557,0.00859307218343,0.0189637616277,0.00531809451059,0.00218523759395],"mean":[0.000445228768513,0.00906570628285,0.00287958118133,0.00214374205098,0.00408016517758,0.00102824356873,0.00156277988572,0.00212830794044,0.000788304081652,0.000618877180386,0.00035671054502,0.000409332831623,0.000438375398517,0.000616765464656,0.000477437220979,0.000847222632729,0.00115206779446,0.000625242188107,0.000528744421899,0.000315950572258,0.000150005143951,0.000158605602337,0.000131964567117,0.000169890699908,0.000180384522537,0.0000928407971514,0.0000249162130785],"median":[0.0000587346003158,0.00554796680808,0.00179044657853,0.00124323030468,0.00216756132431,0.000596023804974,0.000629483954981,0.000535414088517,0.000253101723501,0.000186737670447,0.000189170619706,0.000226415533689,0.000243753020186,0.000369800196495,0.000298782717437,0.000639628036879,0.000913445022888,0.000514966901392,0.000435980764451,0.000239622910158,0.0000847360061016,0.0000547354466107,0.0000466518977191,0.0000603963453614,0.0000526945004822,0.0000285646492557,0.00000849363095767],"min":[1.13910015878e-24,3.67230489155e-24,7.8137175561e-25,1.56690790794e-24,8.11669398346e-24,1.10284245497e-23,9.75668137401e-24,8.66385895137e-24,1.92824978709e-23,1.50747500901e-23,1.59225389049e-23,2.47187482058e-23,3.22447052781e-23,4.19363411262e-23,5.55065756979e-23,5.62455427285e-23,4.15416519272e-23,9.32277079968e-23,1.11137917636e-22,1.49091328451e-22,2.51633047736e-22,2.90752092046e-22,3.93624299874e-22,6.60172523761e-22,8.87642345452e-22,1.34687308924e-21,1.98358415761e-21],"var":[0.00000113443059035,0.000217917680857,0.0000145162330227,0.00000920631919143,0.0000417912742705,0.00000201725970328,0.00000778894809628,0.0000191309500224,0.00000470038730782,0.00000602956333751,2.76556278322e-7,8.12609243894e-7,5.42328677966e-7,9.04751743747e-7,5.97614814524e-7,7.63218338307e-7,0.00000139428823331,3.49078163708e-7,2.55900374668e-7,1.13260654189e-7,8.66981864078e-8,2.00666676164e-7,1.56754111913e-7,1.78584969035e-7,3.96153609472e-7,8.13447442738e-8,4.07756939325e-9]},"barkbands_crest":{"dmean":2.64158368111,"dmean2":4.34056282043,"dvar":7.5227560997,"dvar2":18.9846916199,"max":25.83244133,"mean":9.38055324554,"median":8.53529834747,"min":2.31306529045,"var":16.2215824127},"barkbands_flatness_db":{"dmean":0.0181811209768,"dmean2":0.0280867405236,"dvar":0.000395297451178,"dvar2":0.000902198662516,"max":0.487307369709,"mean":0.10435012728,"median":0.0934438556433,"min":0.0241315886378,"var":0.00226468290202},"barkbands_kurtosis":{"dmean":2.47397637367,"dmean2":4.02821588516,"dvar":46.2729492188,"dvar2":113.21673584,"max":221.763412476,"mean":3.0259013176,"median":0.397677898407,"min":-1.9529286623,"var":121.402885437},"barkbands_skewness":{"dmean":0.511144220829,"dmean2":0.80888158083,"dvar":0.41596660018,"dvar2":1.00108039379,"max":13.8609647751,"mean":1.33512747288,"median":1.13136708736,"min":-2.18453240395,"var":1.47423195839},"barkbands_spread":{"dmean":5.98154878616,"dmean2":9.52829170227,"dvar":54.6006851196,"dvar2":122.930099487,"max":126.783828735,"mean":29.9604988098,"median":29.2730693817,"min":0.477178990841,"var":192.099395752},"dissonance":{"dmean":0.0109920576215,"dmean2":0.0185412913561,"dvar":0.000205898162676,"dvar2":0.000541580375284,"max":0.500000119209,"mean":0.476926803589,"median":0.483478754759,"min":0,"var":0.00053150189342},"dynamic_complexity":3.27958273888,"erbbands":{"dmean":[0.204005494714,1.47971963882,2.39750218391,3.78635764122,9.8321647644,10.6822433472,4.25190162659,4.25760364532,8.42686748505,18.4160633087,18.0123291016,8.7708530426,10.8799419403,6.53894853592,7.41750335693,9.95991325378,10.7598848343,14.7888860703,11.0161142349,14.2703561783,23.1516780853,24.2999973297,13.4349384308,11.694396019,8.16593360901,6.12583112717,3.11521863937,2.97490978241,3.53780150414,2.56513738632,1.92962300777,1.76902651787,1.51124727726,1.17002511024,0.708655118942,0.295224368572,0.0796041786671,0.0171852055937,0.0025225088466,0.000144706398714],"dmean2":[0.328552365303,2.57729411125,4.30859231949,6.60144901276,16.8799495697,18.8108043671,7.09267234802,6.96127653122,13.4864368439,28.5486316681,27.433713913,13.1065969467,17.0934009552,10.2943305969,11.8558578491,16.1099891663,17.2749176025,23.7126197815,17.7035312653,23.0307044983,38.2531471252,40.7337875366,22.1026763916,19.6131458282,13.390417099,9.99374771118,4.98824977875,4.43117666245,5.17738628387,3.69969058037,2.70649576187,2.47264289856,2.08472585678,1.5584487915,0.95826792717,0.401642501354,0.107933603227,0.0234307684004,0.00351439113729,0.000205743170227],"dvar":[0.215249150991,12.7363967896,29.2075691223,39.8530540466,580.162536621,428.460662842,47.7633247375,56.9701957703,267.662353516,1658.64318848,1781.76977539,795.416870117,1289.09204102,174.991394043,208.392120361,1221.47595215,668.208679199,975.768127441,360.148773193,893.146362305,986.089111328,1140.19995117,370.919677734,298.464111328,161.505737305,112.252128601,42.1480140686,67.2722702026,132.161300659,71.042755127,50.7563514709,28.1610546112,17.9535331726,18.5955886841,8.2782793045,1.04725396633,0.0691629499197,0.00291887670755,0.0000548164025531,1.23810536934e-7],"dvar2":[0.491124838591,35.3450698853,83.8861465454,110.557312012,1572.99816895,1230.34082031,122.214256287,142.084197998,610.484619141,3546.17993164,3861.16308594,1627.37988281,2745.86328125,361.497070312,499.966461182,3041.73120117,1699.9987793,2233.75488281,856.453857422,2142.11108398,2627.0559082,3126.28271484,959.140014648,826.006774902,406.337524414,278.359191895,88.7878723145,111.68170166,259.914978027,125.675788879,92.254447937,47.1826019287,33.6233940125,31.8876018524,13.7776660919,1.74029743671,0.117324344814,0.0049453638494,0.0000916566059459,2.30995951256e-7],"max":[4.90373134613,31.8698654175,63.3171463013,96.8602294922,293.81918335,261.474304199,148.510986328,166.867446899,454.956878662,964.247680664,1087.30639648,1335.19018555,1629.12744141,382.015258789,532.490112305,2298.1953125,728.241882324,1156.73400879,613.13861084,1392.17834473,644.562805176,789.495361328,498.619781494,380.459564209,493.817382812,331.281616211,205.934570312,370.801879883,411.306549072,265.037322998,224.545181274,194.878601074,139.328186035,216.460113525,120.139663696,40.0261573792,8.64205551147,1.98200190067,0.396421611309,0.0168496426195],"mean":[0.272503644228,1.95459699631,3.39078068733,5.89784765244,11.7023820877,13.8992433548,7.64952993393,8.76226139069,17.2747783661,38.7625541687,40.0403022766,19.417509079,24.6004981995,13.3281059265,14.7843942642,18.3506832123,21.6275444031,30.8824958801,24.9646129608,32.6166305542,55.8459129333,59.465763092,36.6218643188,31.7244796753,22.4921836853,15.5582962036,7.0972776413,5.59725856781,5.83746671677,4.77958583832,3.51269388199,3.32504343987,2.88519954681,2.05974960327,1.26363778114,0.530759572983,0.144700914621,0.0315708853304,0.00423044105992,0.000245687755523],"median":[0.114992178977,1.2531952858,2.30110907555,4.09670829773,5.52429294586,6.63453722,4.71156549454,4.99291324615,8.20356273651,10.338555336,11.6015491486,6.90767526627,6.39881658554,7.18286991119,8.23293781281,10.273522377,12.6504392624,18.8940162659,17.0475845337,22.8797721863,44.4302215576,49.7718811035,30.8019428253,26.9177818298,18.6005325317,11.8413410187,4.73464250565,2.61780166626,1.88975000381,1.82340979576,1.19899702072,1.16417729855,1.00570142269,0.581734240055,0.364559680223,0.148303329945,0.0473092757165,0.011488256976,0.00147756643128,0.00010774324619],"min":[4.9084370716e-23,6.73299270198e-22,1.9016328944e-21,5.93291618893e-21,9.78293747328e-21,3.02535363681e-20,5.29487518942e-20,1.03436092166e-19,2.12184945687e-19,2.02983491951e-19,2.78144625e-19,5.37926047197e-19,5.29559218699e-19,6.96555352146e-19,1.09727648585e-18,1.16543223922e-18,1.62661386505e-18,1.92165864299e-18,2.73410675525e-18,3.7096320777e-18,3.44017427085e-18,4.10613738201e-18,5.4646806221e-18,5.76898796175e-18,6.80948811452e-18,6.78461355273e-18,8.70526034704e-18,9.07857522929e-18,9.93369800293e-18,1.12702200407e-17,1.06301203858e-17,1.04354020696e-17,1.07992151282e-17,8.68563052392e-18,6.78602017336e-18,4.54237630705e-18,2.35971964013e-18,9.8567048587e-19,2.46076538712e-19,2.55982688938e-20],"var":[0.255383551121,10.124786377,22.0629234314,44.6350860596,475.819488525,445.598571777,121.098846436,152.827178955,901.654968262,6033.14794922,8208.01953125,2622.40600586,8532.95507812,555.955810547,486.379180908,1521.51098633,1253.2364502,2430.34570312,1035.81494141,1977.50427246,2809.1887207,3085.05883789,1133.85217285,917.298278809,484.114593506,302.929382324,101.995903015,180.337738037,282.693969727,172.077987671,119.923820496,79.5596618652,50.3637084961,47.514465332,21.6879901886,2.98809909821,0.197543039918,0.00768014648929,0.000128545492771,2.50917167932e-7]},"erbbands_crest":{"dmean":2.04611730576,"dmean2":3.30175423622,"dvar":3.97200918198,"dvar2":9.63541889191,"max":31.4284877777,"mean":7.93362474442,"median":6.79994058609,"min":2.38322901726,"var":15.3187990189},"erbbands_flatness_db":{"dmean":0.0157765038311,"dmean2":0.0215221755207,"dvar":0.000293573830277,"dvar2":0.000490275153425,"max":0.323735922575,"mean":0.130687281489,"median":0.125038355589,"min":0.0320035032928,"var":0.00161478249356},"erbbands_kurtosis":{"dmean":0.748059093952,"dmean2":1.16985332966,"dvar":1.77767086029,"dvar2":3.66264009476,"max":42.8505744934,"mean":0.279510378838,"median":-0.245568990707,"min":-1.82964086533,"var":5.41927433014},"erbbands_skewness":{"dmean":0.298853069544,"dmean2":0.459794610739,"dvar":0.100715793669,"dvar2":0.216203436255,"max":5.43131685257,"mean":-0.220490038395,"median":-0.325024932623,"min":-5.65218687057,"var":0.681722819805},"erbbands_spread":{"dmean":7.50014400482,"dmean2":11.6625728607,"dvar":78.0950622559,"dvar2":176.773422241,"max":176.547286987,"mean":39.9715766907,"median":37.7130508423,"min":2.7285349369,"var":234.645217896},"gfcc":{"cov":[[20749.3027344,203.258789062,-900.677185059,578.296813965,-497.316101074,393.576507568,-430.163909912,446.620666504,-21.4927864075,19.0475902557,-344.559906006,-65.5279083252,-205.026000977],[203.258789062,1186.83984375,-455.456176758,86.414390564,134.462295532,-156.362869263,81.3738021851,14.0459470749,-2.73338961601,-8.39034938812,79.3322143555,-110.74369812,29.7058773041],[-900.677185059,-455.456176758,929.256713867,43.6047973633,-42.2477531433,170.102111816,5.452917099,-1.8016166687,44.6587104797,12.1704826355,-50.75415802,53.2331771851,-13.4216337204],[578.296813965,86.414390564,43.6047973633,306.624176025,49.9336738586,79.2705993652,5.98084449768,23.668838501,35.787940979,18.0400257111,-6.44616699219,-5.67801856995,6.4434094429],[-497.316101074,134.462295532,-42.2477531433,49.9336738586,254.788589478,-17.7011432648,66.9236907959,11.5301837921,-4.47041559219,20.8853263855,54.866481781,13.3207960129,25.5810852051],[393.576507568,-156.362869263,170.102111816,79.2705993652,-17.7011432648,202.417205811,35.594367981,67.4323501587,41.9828948975,21.8591766357,-18.0168323517,13.1207485199,-17.1317043304],[-430.163909912,81.3738021851,5.452917099,5.98084449768,66.9236907959,35.594367981,126.296081543,41.5838775635,22.6596164703,5.48582363129,16.921579361,-7.16532945633,11.5029764175],[446.620666504,14.0459470749,-1.8016166687,23.668838501,11.5301837921,67.4323501587,41.5838775635,146.942733765,69.0128936768,34.4491577148,5.59352970123,-5.68352651596,-8.88414382935],[-21.4927864075,-2.73338961601,44.6587104797,35.787940979,-4.47041559219,41.9828948975,22.6596164703,69.0128936768,110.170288086,44.2707481384,9.49566936493,-11.4026670456,-8.74544620514],[19.0475902557,-8.39034938812,12.1704826355,18.0400257111,20.8853263855,21.8591766357,5.48582363129,34.4491577148,44.2707481384,81.6672210693,39.5826873779,7.17427349091,-8.96996974945],[-344.559906006,79.3322143555,-50.75415802,-6.44616699219,54.866481781,-18.0168323517,16.921579361,5.59352970123,9.49566936493,39.5826873779,84.5597229004,25.93359375,7.20630836487],[-65.5279083252,-110.74369812,53.2331771851,-5.67801856995,13.3207960129,13.1207485199,-7.16532945633,-5.68352651596,-11.4026670456,7.17427349091,25.93359375,69.9601593018,16.0715255737],[-205.026000977,29.7058773041,-13.4216337204,6.4434094429,25.5810852051,-17.1317043304,11.5029764175,-8.88414382935,-8.74544620514,-8.96996974945,7.20630836487,16.0715255737,52.5225563049]],"icov":[[0.0000868440183694,-0.0000739397946745,0.000122595156427,-0.000129303662106,0.0000798394685262,-0.000159490969963,0.000319800543366,-0.000343429768691,0.000242647904088,-0.000189395752386,0.000492422201205,-0.000298822618788,0.000240906418185],[-0.0000739397946745,0.00175318063702,0.000241571164224,-0.000670041423291,-0.000124668542412,0.00108461035416,-0.000953299342655,-0.000181277850061,0.000113684531243,0.00108619011007,-0.00280146603473,0.00334617751651,-0.00097875460051],[0.000122595156427,0.000241571164224,0.00173969299067,-0.000187822181033,-0.0000131313736347,-0.00118667434435,0.000179715440026,0.000412715307903,-0.000529547978658,-0.000411190791056,0.00160977046471,-0.00131657964084,0.000482912641019],[-0.000129303662106,-0.000670041423291,-0.000187822181033,0.00470835668966,-0.00143663736526,-0.00233802665025,0.00106274336576,0.00139357999433,-0.00180631934199,-0.000342331157299,0.000963172875345,-0.0000426971128036,-0.0012896413682],[0.0000798394685262,-0.000124668542412,-0.0000131313736347,-0.00143663736526,0.00596220511943,0.00105642562266,-0.00268934248015,-0.000824897724669,0.00185471202713,-0.000966326508205,-0.00226375926286,-0.000442784454208,-0.000964905135334],[-0.000159490969963,0.00108461035416,-0.00118667434435,-0.00233802665025,0.00105642562266,0.00990561116487,-0.0038093039766,-0.00272100535221,0.000307019392494,-0.000618199876044,0.000134672111017,-0.000786688353401,0.00200582877733],[0.000319800543366,-0.000953299342655,0.000179715440026,0.00106274336576,-0.00268934248015,-0.0038093039766,0.0133568868041,-0.00307072116993,-0.000552489829715,0.0017173999222,-0.000130620013806,0.00129241822287,-0.00185052771121],[-0.000343429768691,-0.000181277850061,0.000412715307903,0.00139357999433,-0.000824897724669,-0.00272100535221,-0.00307072116993,0.0133715886623,-0.0070911119692,-0.00105164200068,0.000257746723946,-0.000490750535391,-0.000100559962448],[0.000242647904088,0.000113684531243,-0.000529547978658,-0.00180631934199,0.00185471202713,0.000307019392494,-0.000552489829715,-0.0070911119692,0.0175563860685,-0.00702216289937,0.000230792516959,0.00315912184305,-0.000186790246516],[-0.000189395752386,0.00108619011007,-0.000411190791056,-0.000342331157299,-0.000966326508205,-0.000618199876044,0.0017173999222,-0.00105164200068,-0.00702216289937,0.0233889278024,-0.013116250746,0.00308166863397,0.00198008283041],[0.000492422201205,-0.00280146603473,0.00160977046471,0.000963172875345,-0.00226375926286,0.000134672111017,-0.000130620013806,0.000257746723946,0.000230792516959,-0.013116250746,0.0294371377677,-0.0150106074288,0.0033712037839],[-0.000298822618788,0.00334617751651,-0.00131657964084,-0.0000426971128036,-0.000442784454208,-0.000786688353401,0.00129241822287,-0.000490750535391,0.00315912184305,0.00308166863397,-0.0150106074288,0.0285618305206,-0.00942510832101],[0.000240906418185,-0.00097875460051,0.000482912641019,-0.0012896413682,-0.000964905135334,0.00200582877733,-0.00185052771121,-0.000100559962448,-0.000186790246516,0.00198008283041,0.0033712037839,-0.00942510832101,0.0250560436398]],"mean":[12.9899749756,74.2921066284,-106.603721619,32.2333755493,-33.8183860779,4.40123605728,-40.2215576172,16.335231781,-21.5536518097,2.37208986282,-14.1897954941,-1.97154283524,-14.5589790344]},"hfc":{"dmean":6.17873573303,"dmean2":8.83399772644,"dvar":128.696365356,"dvar2":205.250991821,"max":331.513092041,"mean":25.935552597,"median":21.6543464661,"min":1.01706581169e-16,"var":566.729736328},"melbands":{"dmean":[0.00179124518763,0.00147540122271,0.000777006032877,0.000780955771916,0.000201410468435,0.0000989049003692,0.000134964036988,0.000205982651096,0.000137773662573,0.0000535321341886,0.0000543933565496,0.000027228566978,0.0000259085700236,0.0000247019306698,0.0000256469083979,0.0000243225131271,0.0000305584471789,0.0000194892909349,0.00001806327964,0.0000235006136791,0.0000314475219056,0.0000315421093546,0.0000177714191523,0.0000127301227622,0.0000107071846287,0.00000746885370972,0.00000572062390347,0.00000408485493608,0.00000214399938159,0.00000176619664671,0.0000019679387151,0.00000206009008252,0.00000188251783584,0.00000146323225181,0.00000117795605092,0.00000107900666535,0.0000011429793858,0.00000114669057893,0.00000101713294498,0.0000010436493767],"dmean2":[0.00292902602814,0.00261557125486,0.00134219252504,0.00136626884341,0.000342048617313,0.000160748939379,0.000215288309846,0.000319318205584,0.000208124620258,0.0000794092993601,0.0000856916667544,0.0000424246791226,0.0000417726805608,0.0000395250717702,0.0000419742973463,0.000039076905523,0.0000492195540573,0.0000313978853228,0.0000290151037916,0.0000386403335142,0.0000517899243277,0.0000532004232809,0.0000296580037684,0.000021300453227,0.0000180206207006,0.0000123411773529,0.00000932679267862,0.00000672254964229,0.00000348332309841,0.00000277774620372,0.00000299393263958,0.00000306222068502,0.00000283623012365,0.0000021350449515,0.00000169630709479,0.00000156844964749,0.00000161925959219,0.0000016479759779,0.00000142369049172,0.00000142841918205],"dvar":[0.0000163103140949,0.0000120888189485,0.0000021464047677,0.00000320575099977,1.05977235876e-7,2.85891061935e-8,6.99174904639e-8,2.11258537774e-7,1.10002190468e-7,2.89820505373e-8,3.25323981087e-8,3.84607989901e-9,2.16235385153e-9,9.63191126857e-9,3.08401171267e-9,2.79836642747e-9,4.09123224188e-9,1.07652042836e-9,2.41654052324e-9,1.6462032848e-9,1.76967329679e-9,2.14520268216e-9,7.15231651682e-10,3.47933043487e-10,2.71952321773e-10,1.17279116973e-10,8.35247079833e-11,5.08416503342e-11,1.71235976787e-11,2.22710894865e-11,2.91785762219e-11,4.15284612254e-11,4.64366496644e-11,2.1360645891e-11,1.93856111719e-11,1.49466185956e-11,1.11621874938e-11,9.88121737211e-12,9.77040323646e-12,1.80681268558e-11],"dvar2":[0.0000396711220674,0.0000343254105246,0.00000587962676946,0.00000894905042514,2.90554396543e-7,7.02147602283e-8,1.60566159479e-7,4.54963497987e-7,2.31632697023e-7,5.79792249766e-8,6.83704399762e-8,7.35287697395e-9,5.29417576445e-9,2.34581367664e-8,7.80877318363e-9,6.71461908297e-9,9.55833723282e-9,2.57561394434e-9,5.65138469355e-9,4.41243264149e-9,4.63607374712e-9,5.8048112983e-9,1.95595539765e-9,9.43624178795e-10,7.57706120069e-10,3.14309800409e-10,1.98687288844e-10,1.26976845705e-10,3.83611059585e-11,4.47873335641e-11,5.17109480236e-11,8.11279932122e-11,9.80527881111e-11,3.81412505746e-11,3.67989388961e-11,2.80265637087e-11,2.001524467e-11,1.99824757435e-11,1.77774097526e-11,3.39167686991e-11],"max":[0.0393865182996,0.0357463806868,0.0171738527715,0.0176363401115,0.00481702340767,0.00383635004982,0.00751441670582,0.00972620677203,0.00865988433361,0.00737760588527,0.00823046453297,0.00222991826013,0.00142750539817,0.00589778926224,0.00213144021109,0.0017112022033,0.00199411530048,0.00106523267459,0.00291431508958,0.001112346421,0.000859996478539,0.00122468802147,0.000690457934979,0.000400851044105,0.000365089799743,0.000317442143569,0.000294758065138,0.000209268357139,0.000123076504678,0.000156349837198,0.000245551258558,0.000214943662286,0.000219337351155,0.000169459599419,0.00012593815336,0.000154207868036,0.000125197402667,0.0000968192980508,0.000114378832222,0.000240237175603],"mean":[0.00251279678196,0.00213335058652,0.00118328048848,0.000984198297374,0.000335935881594,0.000207909091841,0.000274506310234,0.000432597182225,0.000303097214783,0.000110093431431,0.000120194199553,0.0000513357044838,0.0000492460967507,0.0000449945873697,0.0000465534212708,0.0000477202884213,0.0000595272576902,0.0000402805562771,0.0000364758634532,0.0000513366176165,0.0000698874355294,0.0000679648801452,0.0000402335717808,0.0000293696375593,0.0000256960083789,0.0000180466086022,0.0000138025197884,0.00000927482778934,0.00000443218596047,0.00000339411553796,0.00000328182545672,0.0000032954001199,0.00000300978558698,0.00000262095090875,0.0000020404049792,0.00000187994862699,0.00000206214531318,0.0000020765046429,0.00000182168855645,0.00000172029683654],"median":[0.0014059857931,0.0015552144032,0.000816785148345,0.000490761420224,0.000201143324375,0.000116593466373,0.000125808597659,0.000109788496047,0.0000816127649159,0.0000359126315743,0.0000300052615785,0.0000260667038674,0.0000271963126579,0.0000236162250076,0.0000257300816884,0.0000281905231532,0.0000346306806023,0.0000267653940682,0.0000232209386013,0.000036799654481,0.0000532035192009,0.0000532830417797,0.0000319652099279,0.0000232707170653,0.0000209598201764,0.0000144896412166,0.0000104549044408,0.00000662941556584,0.00000295142422146,0.00000188615524621,0.00000128819669953,0.00000102813817193,9.74310751189e-7,0.0000010026290056,6.54302425573e-7,6.28150132798e-7,6.87119779741e-7,7.19544800631e-7,5.38999699984e-7,4.5704618401e-7],"min":[9.75498098433e-25,1.33706440852e-24,1.6766390515e-24,1.26886166402e-24,2.74088538228e-24,2.35829652071e-24,2.89547608729e-24,2.01382817911e-24,2.23056830446e-24,2.94007256363e-24,2.20192082069e-24,2.65934793025e-24,3.65256916943e-24,3.27664223821e-24,2.73438161854e-24,3.82868749411e-24,2.52550545034e-24,2.71497642914e-24,3.49933451631e-24,4.48650992551e-24,3.0371403203e-24,2.52528042776e-24,4.17046305902e-24,5.05675065262e-24,4.15355737539e-24,4.11585889602e-24,4.72831630334e-24,3.8521710944e-24,4.65737404214e-24,5.27063608758e-24,3.78383562406e-24,5.1211879668e-24,5.55311968356e-24,6.37973902158e-24,5.93663545668e-24,5.15894600517e-24,5.62755935959e-24,7.33727416555e-24,6.51933821395e-24,6.61329864751e-24],"var":[0.0000178471109393,0.00000910016751732,0.00000210449638871,0.00000271327553492,1.99194317929e-7,8.84333033468e-8,2.30373004229e-7,7.61184878684e-7,5.29531178017e-7,9.2456716061e-8,2.17079644926e-7,1.08502353768e-8,4.96196816968e-9,1.3286956424e-8,5.48392531385e-9,5.67804736562e-9,9.56326751123e-9,2.86320056553e-9,4.09633926779e-9,3.56154394865e-9,4.9064632357e-9,4.95005547663e-9,1.5802608111e-9,8.7783547098e-10,6.91191825997e-10,3.21644100243e-10,2.262690868e-10,1.23873009072e-10,3.64031964295e-11,5.29402563454e-11,6.88139129013e-11,8.91143964177e-11,8.57994994496e-11,5.12879842762e-11,4.31114449695e-11,3.42005382348e-11,3.00164823552e-11,2.46295882994e-11,2.70631295152e-11,3.93660173903e-11]},"melbands_crest":{"dmean":3.12379860878,"dmean2":5.00289201736,"dvar":9.08948230743,"dvar2":21.5164470673,"max":32.892780304,"mean":13.1898822784,"median":12.371632576,"min":1.68638145924,"var":23.4075088501},"melbands_flatness_db":{"dmean":0.0235591605306,"dmean2":0.0368489585817,"dvar":0.000656016287394,"dvar2":0.00149641709868,"max":0.625353455544,"mean":0.180214598775,"median":0.169447228312,"min":0.00319307367317,"var":0.00404229620472},"melbands_kurtosis":{"dmean":7.43686056137,"dmean2":12.2346811295,"dvar":385.286376953,"dvar2":1011.55377197,"max":635.879516602,"mean":12.0342741013,"median":5.9273815155,"min":-1.64780628681,"var":569.456237793},"melbands_skewness":{"dmean":0.743088960648,"dmean2":1.1797516346,"dvar":0.964629173279,"dvar2":2.34982228279,"max":18.1733856201,"mean":2.62504339218,"median":2.34137153625,"min":-1.86233448982,"var":2.45831823349},"melbands_spread":{"dmean":7.86126089096,"dmean2":12.4276533127,"dvar":89.2711105347,"dvar2":200.482498169,"max":178.947052002,"mean":29.9335460663,"median":27.047082901,"min":0.527067542076,"var":359.0753479},"mfcc":{"cov":[[10443.375,310.709991455,-134.658370972,178.05696106,233.730438232,-13.4590730667,-105.198104858,214.887039185,181.052230835,176.558578491,178.087768555,50.1263504028,-2.15132522583],[310.709991455,1094.1138916,-373.814300537,185.591278076,27.481054306,-99.0322494507,94.8541488647,-41.6617584229,-33.3810806274,55.5010643005,-31.6563873291,43.1459159851,-2.36070561409],[-134.658370972,-373.814300537,813.529846191,-61.9565505981,38.6599998474,119.67237854,-49.5206871033,59.7061691284,49.0683517456,4.39882183075,52.1064949036,-49.1459617615,-19.5456924438],[178.05696106,185.591278076,-61.9565505981,243.212234497,85.4068145752,28.3305797577,33.2098999023,-7.63330078125,13.4203233719,3.84962821007,-12.0186481476,16.666677475,24.4762172699],[233.730438232,27.481054306,38.6599998474,85.4068145752,152.312362671,38.1110305786,28.1737480164,16.1769733429,16.606508255,10.0182142258,16.4771556854,20.4434356689,25.7773666382],[-13.4590730667,-99.0322494507,119.67237854,28.3305797577,38.1110305786,124.868988037,29.483455658,20.9904994965,21.1504478455,-9.55940723419,18.2658939362,3.44848537445,1.07968151569],[-105.198104858,94.8541488647,-49.5206871033,33.2098999023,28.1737480164,29.483455658,114.780303955,29.8444766998,14.2502527237,0.440359264612,-0.0049979169853,22.7044067383,8.46354961395],[214.887039185,-41.6617584229,59.7061691284,-7.63330078125,16.1769733429,20.9904994965,29.8444766998,98.6493377686,48.040599823,29.0255031586,24.402425766,9.22229003906,3.37849497795],[181.052230835,-33.3810806274,49.0683517456,13.4203233719,16.606508255,21.1504478455,14.2502527237,48.040599823,90.1940841675,49.4450721741,27.1713409424,7.77545404434,-4.07331943512],[176.558578491,55.5010643005,4.39882183075,3.84962821007,10.0182142258,-9.55940723419,0.440359264612,29.0255031586,49.4450721741,112.993667603,50.2957038879,20.2044582367,1.04335188866],[178.087768555,-31.6563873291,52.1064949036,-12.0186481476,16.4771556854,18.2658939362,-0.0049979169853,24.402425766,27.1713409424,50.2957038879,86.4871902466,39.4365234375,10.9282894135],[50.1263504028,43.1459159851,-49.1459617615,16.666677475,20.4434356689,3.44848537445,22.7044067383,9.22229003906,7.77545404434,20.2044582367,39.4365234375,81.5796890259,39.3262519836],[-2.15132522583,-2.36070561409,-19.5456924438,24.4762172699,25.7773666382,1.07968151569,8.46354961395,3.37849497795,-4.07331943512,1.04335188866,10.9282894135,39.3262519836,69.2422637939]],"icov":[[0.000116622017231,-0.0000549953547306,0.0000689009539201,-0.0000320570434269,-0.00018152933626,0.00000162240644386,0.00030863675056,-0.000301809370285,-0.000117320611025,0.0000791499260231,-0.000238304273807,0.0000750727849663,0.0000639634381514],[-0.0000549953547306,0.00159645022359,0.000212128637941,-0.00115146511234,0.000144282283145,0.00116919586435,-0.00146129739005,0.000491624174174,0.00107168778777,-0.00133574497886,0.000654173840303,-0.000757629051805,0.0010125329718],[0.0000689009539201,0.000212128637941,0.0019328489434,0.000338586192811,-0.000606236804742,-0.00146204209886,0.00111286051106,-0.000882659398485,-0.00032574692159,0.000282229128061,-0.00127683451865,0.00158659555018,-0.000132187691634],[-0.0000320570434269,-0.00115146511234,0.000338586192811,0.00672021787614,-0.00300022144802,-0.00201615435071,0.000381909456337,0.00122479326092,-0.00196750601754,0.000274810823612,0.00158775190357,0.00027369541931,-0.0018041919684],[-0.00018152933626,0.000144282283145,-0.000606236804742,-0.00300022144802,0.00972748640925,-0.00116741005331,-0.00160051253624,-0.0000200920330826,0.000265416631009,-0.000345242617186,-0.000765121774748,-0.000113008696644,-0.0023120676633],[0.00000162240644386,0.00116919586435,-0.00146204209886,-0.00201615435071,-0.00116741005331,0.0128311980516,-0.00407673278823,0.000474910688354,-0.00131267542019,0.00242552533746,-0.00272902543657,-0.0000995213340502,0.00142301642336],[0.00030863675056,-0.00146129739005,0.00111286051106,0.000381909456337,-0.00160051253624,-0.00407673278823,0.0139847882092,-0.00507652806118,-0.00109953735955,0.00155568635091,0.0014831336448,-0.00288007850759,0.000650174391922],[-0.000301809370285,0.000491624174174,-0.000882659398485,0.00122479326092,-0.0000200920330826,0.000474910688354,-0.00507652806118,0.0166903063655,-0.00648945290595,-0.000882468011696,-0.00083811552031,0.000591075513512,-0.00144038058352],[-0.000117320611025,0.00107168778777,-0.00032574692159,-0.00196750601754,0.000265416631009,-0.00131267542019,-0.00109953735955,-0.00648945290595,0.0203311182559,-0.00787829887122,0.000927516550291,-0.00102590932511,0.00276013184339],[0.0000791499260231,-0.00133574497886,0.000282229128061,0.000274810823612,-0.000345242617186,0.00242552533746,0.00155568635091,-0.000882468011696,-0.00787829887122,0.0170345976949,-0.00903637800366,0.00143042311538,-0.000223310024012],[-0.000238304273807,0.000654173840303,-0.00127683451865,0.00158775190357,-0.000765121774748,-0.00272902543657,0.0014831336448,-0.00083811552031,0.000927516550291,-0.00903637800366,0.0244447942823,-0.0121954632923,0.00253933668137],[0.0000750727849663,-0.000757629051805,0.00158659555018,0.00027369541931,-0.000113008696644,-0.0000995213340502,-0.00288007850759,0.000591075513512,-0.00102590932511,0.00143042311538,-0.0121954632923,0.0257437769324,-0.0120839159936],[0.0000639634381514,0.0010125329718,-0.000132187691634,-0.0018041919684,-0.0023120676633,0.00142301642336,0.000650174391922,-0.00144038058352,0.00276013184339,-0.000223310024012,0.00253933668137,-0.0120839159936,0.0225363876671]],"mean":[-630.383728027,113.05922699,-9.19941139221,31.7199497223,22.3654327393,-3.31185865402,2.17711019516,4.0698390007,-0.0462820716202,3.39945435524,1.23891329765,3.37177753448,1.57609832287]},"pitch_salience":{"dmean":0.069179020822,"dmean2":0.113303661346,"dvar":0.00477428035811,"dvar2":0.0120143163949,"max":0.973679482937,"mean":0.56645745039,"median":0.578527152538,"min":0.104571916163,"var":0.0127243669704},"silence_rate_20dB":{"dmean":0,"dmean2":0,"dvar":0,"dvar2":0,"max":1,"mean":1,"median":1,"min":1,"var":0},"silence_rate_30dB":{"dmean":0.00597014930099,"dmean2":0.0119415717199,"dvar":0.00593435345218,"dvar2":0.0177694540471,"max":1,"mean":0.997015237808,"median":1,"min":0,"var":0.0029759039171},"silence_rate_60dB":{"dmean":0.00575692951679,"dmean2":0.0115150865167,"dvar":0.0057239360176,"dvar2":0.0126599455252,"max":1,"mean":0.070781365037,"median":0,"min":0,"var":0.065766453743},"spectral_centroid":{"dmean":237.837600708,"dmean2":382.40423584,"dvar":87990.546875,"dvar2":203554.890625,"max":11693.0351562,"mean":1710.8918457,"median":1687.78015137,"min":142.086395264,"var":830571.25},"spectral_complexity":{"dmean":3.36929631233,"dmean2":5.42381906509,"dvar":10.0353183746,"dvar2":23.9000034332,"max":57,"mean":26.8222999573,"median":30,"min":0,"var":151.541213989},"spectral_contrast_coeffs":{"dmean":[0.0529033094645,0.0450348630548,0.0348360352218,0.0275011789054,0.0205048546195,0.0161805041134],"dmean2":[0.0875987708569,0.0739675909281,0.0569346286356,0.045389983803,0.0338591784239,0.0254635848105],"dvar":[0.00210770079866,0.00137685996015,0.000762799580116,0.000479125417769,0.000310619274387,0.0002327025868],"dvar2":[0.00571572501212,0.00357432058081,0.00197741156444,0.00128674693406,0.000799684552476,0.00053315970581],"max":[-0.297424793243,-0.390761613846,-0.477411419153,-0.537694394588,-0.549199402332,-0.646906971931],"mean":[-0.662953734398,-0.740221381187,-0.79244107008,-0.78974789381,-0.78169375658,-0.78893584013],"median":[-0.668759942055,-0.752128243446,-0.804360926151,-0.791997969151,-0.779368162155,-0.788046598434],"min":[-0.984334290028,-0.978373587132,-0.977473318577,-0.97097080946,-0.971968352795,-0.963521897793],"var":[0.00758040882647,0.00678051216528,0.00429235864431,0.00246157497168,0.00184194650501,0.00126006803475]},"spectral_contrast_valleys":{"dmean":[0.378769904375,0.343008339405,0.300327271223,0.238930568099,0.196972936392,0.301955372095],"dmean2":[0.625678360462,0.573468029499,0.488086163998,0.384394794703,0.31034296751,0.378311216831],"dvar":[0.118678256869,0.109813764691,0.0867598280311,0.0712706595659,0.0774646699429,0.160217404366],"dvar2":[0.284909129143,0.264718919992,0.20095255971,0.143803730607,0.155863881111,0.268569469452],"max":[-5.14333677292,-4.65739917755,-5.61015558243,-5.71271896362,-5.44307661057,-6.97253799438],"mean":[-7.10106182098,-6.85903835297,-7.50786924362,-7.46834945679,-7.20482301712,-10.036231041],"median":[-6.62601566315,-6.52448749542,-7.16047286987,-7.04088973999,-6.7663064003,-9.71496677399],"min":[-27.8526496887,-27.8651237488,-27.7807159424,-27.7268657684,-27.6071376801,-27.4378681183],"var":[3.93163585663,3.71743583679,3.51755714417,3.62675046921,3.68348956108,3.34897851944]},"spectral_decrease":{"dmean":2.99542879389e-9,"dmean2":4.97892083118e-9,"dvar":2.46245050912e-17,"dvar2":6.30422733665e-17,"max":1.62455476927e-28,"mean":-7.70089414459e-9,"median":-6.64195365374e-9,"min":-4.53416220125e-8,"var":3.57329087518e-17},"spectral_energy":{"dmean":0.0116187222302,"dmean2":0.019231075421,"dvar":0.000361802958651,"dvar2":0.00092447118368,"max":0.175012409687,"mean":0.0314173847437,"median":0.0275126509368,"min":9.79079730469e-21,"var":0.000554127094802},"spectral_energyband_high":{"dmean":0.000448455743026,"dmean2":0.000577453523874,"dvar":0.00000151548272243,"dvar2":0.00000214628448703,"max":0.0358997732401,"mean":0.00103522988502,"median":0.000495915592182,"min":6.95059027654e-21,"var":0.00000518482511325},"spectral_energyband_low":{"dmean":0.00813597068191,"dmean2":0.0134782921523,"dvar":0.000291531556286,"dvar2":0.000740093470085,"max":0.162579327822,"mean":0.013447268866,"median":0.00943685788661,"min":6.9466097349e-24,"var":0.000314173434163},"spectral_energyband_middle_high":{"dmean":0.00129944237415,"dmean2":0.00204090797342,"dvar":0.00000315788747685,"dvar2":0.00000737303707865,"max":0.0515990294516,"mean":0.00611124979332,"median":0.00554005103186,"min":1.2127504785e-21,"var":0.0000228158369282},"spectral_energyband_middle_low":{"dmean":0.00522945495322,"dmean2":0.00878742709756,"dvar":0.000102054313174,"dvar2":0.000281192536931,"max":0.108726851642,"mean":0.0120801283047,"median":0.00909503921866,"min":1.87504651485e-22,"var":0.000132615852635},"spectral_entropy":{"dmean":0.120997995138,"dmean2":0.16686783731,"dvar":0.0236940160394,"dvar2":0.0402527526021,"max":9.81751537323,"mean":7.74955701828,"median":7.79832601547,"min":4.75687408447,"var":0.170375674963},"spectral_flux":{"dmean":0.0265761148185,"dmean2":0.0420624949038,"dvar":0.00137269473635,"dvar2":0.00287339230999,"max":0.386725574732,"mean":0.0886886268854,"median":0.0769447311759,"min":6.3235007508e-11,"var":0.00297510204837},"spectral_kurtosis":{"dmean":1.24106013775,"dmean2":1.97892999649,"dvar":2.55583405495,"dvar2":6.49784183502,"max":51.0383911133,"mean":5.34673500061,"median":5.15913486481,"min":-1.28155195713,"var":6.96527767181},"spectral_rms":{"dmean":0.000872654898558,"dmean2":0.00141093949787,"dvar":0.00000142293720273,"dvar2":0.00000348018534169,"max":0.0130668981001,"mean":0.0051161153242,"median":0.00518088927492,"min":3.09063061601e-12,"var":0.00000447647744295},"spectral_rolloff":{"dmean":532.288024902,"dmean2":896.760559082,"dvar":852777.5625,"dvar2":1842552.125,"max":19379.8828125,"mean":1904.86682129,"median":1808.7890625,"min":64.599609375,"var":3774333.75},"spectral_skewness":{"dmean":0.167518809438,"dmean2":0.25791695714,"dvar":0.0367151685059,"dvar2":0.081247381866,"max":5.75876140594,"mean":1.61364901066,"median":1.6438344717,"min":-0.0884546339512,"var":0.146554648876},"spectral_spread":{"dmean":561963.375,"dmean2":744702.4375,"dvar":716555878400,"dvar2":1346576056320,"max":50821652,"mean":4796080.5,"median":4336758.5,"min":1473644,"var":10414628798500},"spectral_strongpeak":{"dmean":0.421227008104,"dmean2":0.736378192902,"dvar":0.628807246685,"dvar2":1.50049436092,"max":14.0381250381,"mean":0.73747164011,"median":0.344167470932,"min":0,"var":1.09244632721},"zerocrossingrate":{"dmean":0.0104848770425,"dmean2":0.0124981570989,"dvar":0.000195010463358,"dvar2":0.000239389584749,"max":0.52587890625,"mean":0.0729595050216,"median":0.0654296875,"min":0.00341796875,"var":0.00242506130598}},"metadata":{"audio_properties":{"analysis_sample_rate":44100,"bit_rate":0,"codec":"flac","downmix":"mix","equal_loudness":0,"length":217.800003052,"lossless":true,"md5_encoded":"ab57f363146c8199ed00f82d4e50c7fb","replay_gain":-9.63777351379},"tags":{"album":["Pablo Honey"],"albumartist":["Radiohead"],"albumartistsort":["Radiohead"],"artist":["Radiohead"],"artistsort":["Radiohead"],"asin":["B000002UR7"],"barcode":["077778140924"],"catalognumber":["0777 7 81409 2 4","CDPCS 7360"],"composer":["Radiohead"],"date":["1993-02-22"],"discnumber":["1"],"disctotal":["1"],"engineer":["Paul Q. Kolderie","Sean Slade"],"file_name":"06 Anyone Can Play Guitar.flac","genre":["Rock"],"isrc":["GBAYE9300107"],"label":["Parlophone"],"language":["eng"],"lyricist":["Thom Yorke"],"media":["CD"],"mixer":["Paul Q. Kolderie","Sean Slade"],"musicbrainz_albumartistid":["a74b1b7f-71a5-4011-9441-d0b5e4122711"],"musicbrainz_albumid":["07aab296-9a40-42a9-8d1f-6b06aa032e8a"],"musicbrainz_artistid":["a74b1b7f-71a5-4011-9441-d0b5e4122711"],"musicbrainz_recordingid":["4e934b0e-4e35-418a-a620-109ba80c4476"],"musicbrainz_releasegroupid":["cd76f76b-ff15-3784-a71d-4da3078a6851"],"musicbrainz_releasetrackid":["ed96944d-819b-3b3c-af8b-bf5ed43e50c1"],"musicbrainz_workid":["8db6f6eb-8c7f-39be-8203-c57d9522f814"],"originaldate":["1993-02-22"],"performer":["Colin Greenwood (bass)","Phil Selway (drums)","Ed O'Brien (guitar)","Thom Yorke (guitar)","Ed O'Brien (vocals)","Thom Yorke (vocals)","Jonny Greenwood (guitar, organ and piano)"],"producer":["Paul Q. Kolderie","Sean Slade"],"releasecountry":["GB"],"releasestatus":["official"],"releasetype":["album"],"script":["Latn"],"title":["Anyone Can Play Guitar"],"totaldiscs":["1"],"totaltracks":["12"],"tracknumber":["6"],"tracktotal":["12"]},"version":{"essentia":"2.1-beta1","essentia_build_sha":"7598a69e7b456135ce4c070efb04a3d0ebb71fdd","essentia_git_sha":"v2.1_beta1-6-g5578087","extractor":"music 1.0"}},"rhythm":{"beats_count":541,"beat