{"lowlevel":{"average_loudness":0.885156333447,"barkbands":{"dmean":[0.00000236937285081,0.000439299183199,0.000749603786971,0.000373495422537,0.00084722408792,0.00105218263343,0.00154237123206,0.000949856068473,0.000584431341849,0.000157262591529,0.00010492320871,0.000215969936107,0.000235216517467,0.000180540897418,0.000107260217192,0.0000688026411808,0.0000838661871967,0.0000421436889155,0.000170473897015,0.0000176195317181,0.00000961954719969,0.00000695210792401,0.00000826660016173,0.0000456932139059,0.0000229390061577,0.00000151738765908,3.13532559915e-8],"dmean2":[0.00000356041232408,0.000692589848768,0.00120748649351,0.000594549579546,0.0012932845857,0.00157655146904,0.0021487576887,0.00131883309223,0.000770190090407,0.000214699524804,0.000155231929966,0.000292004842777,0.000317089870805,0.000242269714363,0.000154798748554,0.0000945044448599,0.000111222929263,0.0000592873402638,0.000222867631237,0.0000270655255008,0.0000156263140525,0.0000114632275654,0.000014129693227,0.0000821392750368,0.0000412668996432,0.0000026408897611,5.38998747857e-8],"dvar":[1.66536062718e-9,0.00000128381839204,0.00000203222430173,3.84503550777e-7,0.00000128645001496,0.00000360633839591,0.0000123835534396,0.00000545205966773,0.00000362004539056,1.94674584009e-7,8.32928961358e-8,4.22792737709e-7,4.37974449596e-7,2.93983134725e-7,1.59473401595e-7,7.72604309418e-8,3.28787272963e-8,2.77439564655e-8,1.64544445624e-7,2.27242491491e-9,4.97839214297e-10,2.60573618238e-10,4.79607575876e-10,1.91350846279e-8,4.79716799617e-9,1.75451684431e-11,1.77165038553e-14],"dvar2":[2.86314483233e-9,0.00000326436088471,0.00000552100027562,9.73629994405e-7,0.00000305398134515,0.0000071132121775,0.0000204046082217,0.00000983879544947,0.00000556558688913,3.36704999881e-7,1.69738896716e-7,7.11084567229e-7,7.39467623134e-7,4.93641834964e-7,3.17444118991e-7,1.46385133348e-7,5.24193914941e-8,7.37103036386e-8,2.74618116691e-7,5.06154407276e-9,1.236373115e-9,6.78457290348e-10,1.23536414431e-9,5.22295025007e-8,1.31055406527e-8,4.66399939503e-11,4.9631756631e-14],"max":[0.00175238633528,0.0171197913587,0.0195747837424,0.0110972374678,0.0183258596808,0.0376835092902,0.08550144732,0.0489138923585,0.0620397105813,0.022479608655,0.00725482450798,0.0152692804113,0.0140581913292,0.0114555479959,0.00833699759096,0.0122147155926,0.00432333303615,0.00765925459564,0.00671561760828,0.0013997858623,0.000293298246106,0.000261465087533,0.0003531461698,0.00161754840519,0.000966684659943,0.0000682059835526,0.00000632383535049],"mean":[0.0000026066988994,0.000715347065125,0.00135516433511,0.000684795784764,0.00183979514986,0.00225579389371,0.00292925024405,0.00177036819514,0.00131889188197,0.000318564707413,0.00017913224292,0.000348735455191,0.000406180362916,0.000328402005835,0.000168796177604,0.000115600276331,0.000190010978258,0.0000852592711453,0.000390827626688,0.0000282214932668,0.0000122806159197,0.00000837719289848,0.00000738670587452,0.0000300253050227,0.0000150940086314,0.00000119464834825,3.62227439155e-8],"median":[2.26338187304e-7,0.000117654395581,0.000551554665435,0.000275371014141,0.00124917761423,0.000989616848528,0.000587070244364,0.000255917897448,0.000138649833389,0.0000601838110015,0.0000325521250488,0.000041021296056,0.0000280988060695,0.0000230635650951,0.0000141651726153,0.000013968679923,0.0000266274782916,0.0000161789466802,0.0000314498829539,0.00000450974039268,0.00000201687316803,0.00000173536682269,7.67864207774e-7,8.02339854999e-7,5.36107563676e-7,1.36539114237e-7,1.66091140841e-8],"min":[1.98098987177e-23,3.20101327548e-23,1.0263034623e-23,9.14303436445e-24,3.68667359851e-23,1.04084150614e-22,3.71682575558e-23,5.24780881956e-23,1.45790507232e-22,2.8345681368e-23,3.43352276977e-23,4.44445180635e-23,1.38079208868e-22,1.32016920096e-22,1.7628418427e-22,2.25616389838e-22,1.50105816197e-22,3.47925120629e-22,2.00086957679e-22,2.49419466171e-22,4.04503284981e-22,4.77308507479e-22,6.62254207783e-22,8.48676201318e-22,1.27484193492e-21,1.69061914033e-21,2.23609093506e-21],"var":[2.3956878703e-9,0.00000227618511417,0.00000375916738449,0.00000108004689992,0.0000036053106669,0.0000119445712699,0.0000425232792622,0.0000166767331393,0.0000196179898921,8.78432331319e-7,2.13923527781e-7,0.00000125757321712,0.00000151967424245,0.00000111847657536,3.69807196421e-7,1.69124888316e-7,1.51282691263e-7,4.27256843238e-8,7.13946405995e-7,4.73453587446e-9,6.54603149464e-10,2.83967849235e-10,4.27648139123e-10,1.23057724011e-8,3.07794945087e-9,1.28398368326e-11,1.30097713134e-14]},"barkbands_crest":{"dmean":2.47451925278,"dmean2":3.9138674736,"dvar":4.4729552269,"dvar2":10.7774534225,"max":26.721124649,"mean":10.7799930573,"median":10.0825548172,"min":2.72052288055,"var":15.3281736374},"barkbands_flatness_db":{"dmean":0.0269150659442,"dmean2":0.0388804487884,"dvar":0.000798590597697,"dvar2":0.00158498378005,"max":0.436656326056,"mean":0.21202801168,"median":0.209674745798,"min":0.0426197424531,"var":0.00377697939985},"barkbands_kurtosis":{"dmean":4.29127550125,"dmean2":6.73367881775,"dvar":58.0585861206,"dvar2":142.038864136,"max":224.673690796,"mean":8.63467407227,"median":4.96436214447,"min":-1.8533270359,"var":190.779327393},"barkbands_skewness":{"dmean":0.564288914204,"dmean2":0.876660227776,"dvar":0.41737934947,"dvar2":1.0555768013,"max":12.0266714096,"mean":1.87384653091,"median":1.70133638382,"min":-2.1021900177,"var":1.38335645199},"barkbands_spread":{"dmean":4.77216148376,"dmean2":7.56029176712,"dvar":77.1706237793,"dvar2":194.203994751,"max":92.6995773315,"mean":11.7118282318,"median":8.74424552917,"min":0.385947108269,"var":110.044418335},"dissonance":{"dmean":0.0268301088363,"dmean2":0.0439748428762,"dvar":0.000597648730036,"dvar2":0.00158492359333,"max":0.5,"mean":0.427284687757,"median":0.435302883387,"min":0.217548966408,"var":0.00186602491885},"dynamic_complexity":5.27412796021,"erbbands":{"dmean":[0.00374994170852,0.13263502717,0.780860483646,1.01102912426,1.73319387436,2.92036914825,5.57540416718,10.3126068115,19.8291931152,21.6790714264,17.3612556458,14.6546144485,4.80515670776,4.71118974686,4.07813501358,8.6968460083,10.4172706604,9.31653594971,6.48173093796,4.21121644974,3.77641224861,4.39047288895,1.83868849277,7.59518623352,5.51420021057,0.868525385857,0.470602273941,0.313451737165,0.237192317843,0.253419995308,0.236830368638,0.419561386108,1.05181920528,0.432357013226,0.0779874920845,0.0114177344367,0.00263470993377,0.000221365276957,0.00000996032395051,0.00000537035157322],"dmean2":[0.0057944022119,0.21060064435,1.27053678036,1.55511629581,2.91214537621,4.40041065216,8.27209281921,15.3398628235,27.9952068329,29.267244339,23.1114902496,19.2997665405,6.39513063431,6.60890674591,5.65197372437,11.4092884064,13.411233902,11.6609039307,8.26895809174,5.577647686,4.84687566757,5.69915914536,2.36541295052,10.0525531769,7.23701667786,1.26634442806,0.761435627937,0.505614995956,0.388191372156,0.434585392475,0.403156608343,0.745542228222,1.8958684206,0.77897888422,0.139766007662,0.020078420639,0.00459698261693,0.000380950717954,0.000016684005459,0.00000730297506379],"dvar":[0.000108431318949,0.11472286284,2.74674463272,2.05667376518,10.8411445618,19.1691455841,64.746131897,417.39163208,2078.87866211,3117.36450195,1865.50488281,2292.29248047,167.330200195,170.844863892,129.698150635,692.066467285,818.543762207,706.198669434,424.543151855,299.918548584,122.391921997,90.4953384399,18.9514102936,448.004730225,191.102462769,5.77438116074,1.34643411636,0.510072827339,0.276321023703,0.480696558952,0.388626217842,1.35133063793,10.6667613983,1.69096040726,0.0545798316598,0.00104623404332,0.0000563289759157,3.52103256773e-7,9.66284607884e-10,5.3227883906e-11],"dvar2":[0.000260532047832,0.293617963791,7.48878622055,4.9260225296,30.9297599792,44.1137924194,143.529418945,819.225219727,3605.97021484,5360.62988281,3126.13037109,3516.37719727,252.50088501,326.012817383,232.573059082,1179.4732666,1368.33239746,1113.99536133,715.618652344,515.948669434,219.910308838,140.631652832,39.3856925964,945.222290039,313.899139404,12.9195861816,3.21896934509,1.29991602898,0.706221163273,1.27807784081,0.990693926811,3.66729903221,29.1544685364,4.61176395416,0.148806110024,0.00281177181751,0.000150411389768,9.35141201808e-7,2.70372613187e-9,8.60556487181e-11],"max":[0.340923368931,5.05431318283,23.1501216888,25.4501571655,49.5884399414,84.3825683594,125.241600037,462.406402588,1051.78967285,1078.20703125,958.512512207,1696.49279785,612.552490234,366.825286865,261.971160889,644.823242188,639.742126465,606.203186035,466.964477539,635.825683594,398.399475098,238.87512207,145.949630737,696.363708496,305.16317749,92.6275177002,21.6930732727,12.1262617111,6.69430160522,14.7657394409,12.0295276642,14.4532899857,42.1747512817,14.8411931992,3.89881825447,0.599248170853,0.127941861749,0.00790283549577,0.00131726590917,0.000123372505186],"mean":[0.00665484694764,0.222177952528,1.36371982098,2.18473720551,2.78625845909,6.27025747299,12.8393821716,21.826833725,40.4807624817,39.7127952576,37.5116844177,33.6111412048,11.2300977707,9.39563274384,7.8042883873,15.0496263504,19.2535552979,18.1419715881,11.462182045,7.80735349655,7.29567146301,10.3159685135,4.56059837341,17.2812080383,12.5599727631,1.55542421341,0.598994493484,0.425968319178,0.304761260748,0.236724004149,0.211258113384,0.302605122328,0.675783872604,0.280259907246,0.0532029084861,0.00861362740397,0.00202691461891,0.000200410038815,0.0000159272331075,0.00001849534965],"median":[0.0013269437477,0.0521482042968,0.549266397953,1.12825965881,1.6652520895,3.65379452705,7.37207317352,8.49633026123,9.05870628357,7.35329198837,5.15827465057,3.72146749496,2.29477000237,1.65426635742,1.48830795288,1.82104444504,1.4827299118,1.33461344242,1.05189955235,0.701819002628,1.10106658936,1.49538850784,0.88870382309,1.65501213074,1.06250071526,0.259620964527,0.0983527898788,0.0797375738621,0.0634814798832,0.0333553515375,0.0218682512641,0.0171981863678,0.0116456802934,0.00702012982219,0.0029275380075,0.000763479445595,0.000231057580095,0.0000451156447525,0.00000827614076115,0.0000111243380161],"min":[1.61114719753e-21,5.0908144175e-21,1.06735484601e-20,2.18234027034e-20,5.61767693047e-20,1.34576740967e-19,5.94445954285e-19,7.66791413054e-19,5.59532159894e-19,7.02372499804e-19,1.59478747059e-18,2.87806285841e-18,2.10375893933e-18,9.38898488711e-19,1.34719607984e-18,2.86913840678e-18,5.17353910267e-18,6.8031146879e-18,7.28831319262e-18,1.17782454217e-17,1.10104117093e-17,9.47364909755e-18,1.40497206069e-17,1.37475473932e-17,1.3101996618e-17,1.17428611166e-17,1.62955738726e-17,1.60948138292e-17,1.76439394824e-17,1.53804722327e-17,1.92765094615e-17,1.99484150381e-17,1.37967017739e-17,1.21646951049e-17,1.01674733061e-17,6.28369944355e-18,2.82500894148e-18,1.25008424874e-18,2.99308661358e-19,3.45536606318e-20],"var":[0.000192926789168,0.200797230005,4.54351663589,6.86674690247,13.3973035812,55.9075889587,228.11138916,1326.57556152,7695.0390625,9109.68945313,7881.56103516,12425.7646484,901.59375,597.037963867,405.354644775,2170.3449707,2956.75268555,2904.671875,1265.17480469,876.191955566,352.967834473,449.748443604,71.4348068237,1366.66650391,831.422424316,11.7757463455,1.76647412777,0.706109046936,0.347093403339,0.384071499109,0.35978782177,0.914716780186,6.80503559113,1.08600533009,0.0354600287974,0.000736407295335,0.0000397065632569,2.6225967531e-7,7.63969165707e-10,3.61575186458e-10]},"erbbands_crest":{"dmean":2.72869277,"dmean2":4.33543682098,"dvar":6.13338327408,"dvar2":14.7004709244,"max":29.4514980316,"mean":11.3108301163,"median":10.3446083069,"min":2.24189352989,"var":21.6309814453},"erbbands_flatness_db":{"dmean":0.0245023909956,"dmean2":0.0347143895924,"dvar":0.000688391970471,"dvar2":0.00123992783483,"max":0.39408159256,"mean":0.223366349936,"median":0.228901401162,"min":0.0295010264963,"var":0.00288821035065},"erbbands_kurtosis":{"dmean":1.99636626244,"dmean2":3.0572886467,"dvar":14.8474493027,"dvar2":33.5217857361,"max":108.374023438,"mean":3.37539863586,"median":0.845973849297,"min":-1.86842858791,"var":81.892250061},"erbbands_skewness":{"dmean":0.433025747538,"dmean2":0.663233757019,"dvar":0.194146469235,"dvar2":0.46569314599,"max":7.81587219238,"mean":1.18990695477,"median":1.07805597782,"min":-3.58424425125,"var":1.20973479748},"erbbands_spread":{"dmean":8.42090988159,"dmean2":13.2838945389,"dvar":186.905441284,"dvar2":441.266571045,"max":132.72984314,"mean":27.9582862854,"median":24.618024826,"min":1.06372058392,"var":327.157409668},"gfcc":{"cov":[[12386.5341797,-338.568817139,-2437.37353516,298.862060547,-440.542449951,-17.7147121429,-248.228393555,655.231079102,95.6617660522,165.295410156,184.099868774,-500.009124756,-451.260192871],[-338.568817139,1401.71362305,78.9236450195,-279.56918335,450.649383545,-330.304351807,270.561645508,-82.9677352905,149.68951416,-132.955307007,146.069961548,99.0254135132,-47.5194015503],[-2437.37353516,78.9236450195,1210.80090332,70.0815887451,-23.2138195038,183.535690308,-37.3094100952,-106.257064819,-74.782119751,-77.5996246338,-6.09816074371,197.110061646,228.478042603],[298.862060547,-279.56918335,70.0815887451,354.992370605,3.13160085678,39.3907661438,-84.5584716797,7.23861694336,1.96938955784,51.6065101624,-28.3471393585,-14.9520025253,60.0449638367],[-440.542449951,450.649383545,-23.2138195038,3.13160085678,440.500488281,-106.657608032,33.6226463318,-43.8285942078,106.145240784,33.8314628601,31.0410041809,16.4116535187,-34.2143135071],[-17.7147121429,-330.304351807,183.535690308,39.3907661438,-106.657608032,367.140960693,-5.60765790939,41.5659675598,-37.6736030579,39.8819122314,-39.8746643066,-17.9247398376,55.0980110168],[-248.228393555,270.561645508,-37.3094100952,-84.5584716797,33.6226463318,-5.60765790939,336.181335449,90.5820159912,29.3851985931,-40.8354072571,19.793302536,39.0737037659,-39.4317932129],[655.231079102,-82.9677352905,-106.257064819,7.23861694336,-43.8285942078,41.5659675598,90.5820159912,273.929351807,43.0662231445,-8.16177749634,34.6647834778,-9.23375415802,-35.2326965332],[95.6617660522,149.68951416,-74.782119751,1.96938955784,106.145240784,-37.6736030579,29.3851985931,43.0662231445,138.4921875,43.8704490662,21.5925369263,-12.3417644501,-13.9497966766],[165.295410156,-132.955307007,-77.5996246338,51.6065101624,33.8314628601,39.8819122314,-40.8354072571,-8.16177749634,43.8704490662,150.108322144,-1.69645416737,-49.8124542236,-16.7433948517],[184.099868774,146.069961548,-6.09816074371,-28.3471393585,31.0410041809,-39.8746643066,19.793302536,34.6647834778,21.5925369263,-1.69645416737,134.952789307,26.8590202332,-43.9050140381],[-500.009124756,99.0254135132,197.110061646,-14.9520025253,16.4116535187,-17.9247398376,39.0737037659,-9.23375415802,-12.3417644501,-49.8124542236,26.8590202332,124.770980835,50.5687294006],[-451.260192871,-47.5194015503,228.478042603,60.0449638367,-34.2143135071,55.0980110168,-39.4317932129,-35.2326965332,-13.9497966766,-16.7433948517,-43.9050140381,50.5687294006,155.884048462]],"icov":[[0.000371377565898,-0.00104362261482,0.000921210797969,-0.000969079381321,0.00105976790655,-0.000796174572315,0.00108389172237,-0.000967998988926,0.000583042332437,-0.000527086260263,0.000199883899768,-0.00032026952249,0.00050517404452],[-0.00104362261482,0.00634380336851,-0.00315354927443,0.00452742632478,-0.00549081712961,0.00398218072951,-0.00523397745565,0.00416283775121,-0.00364393903874,0.00418261624873,-0.00336413597688,0.00276893028058,-0.00292743602768],[0.000921210797969,-0.00315354927443,0.00396523578092,-0.00283719832078,0.00287138577551,-0.00308604422025,0.00316909980029,-0.00217596162111,0.00203226483427,-0.00140717579052,0.000550412863959,-0.00292500737123,0.000151942571392],[-0.000969079381321,0.00452742632478,-0.00283719832078,0.00694399653003,-0.00438319146633,0.00315964128822,-0.00333350128494,0.00254500284791,-0.0020981177222,0.00157542049419,-0.00173656386323,0.00233582453802,-0.00355373951606],[0.00105976790655,-0.00549081712961,0.00287138577551,-0.00438319146633,0.00812732800841,-0.00303213275038,0.0044319787994,-0.00285292277113,0.000576431979425,-0.00375786121003,0.00265234196559,-0.00302647706121,0.00358246290125],[-0.000796174572315,0.00398218072951,-0.00308604422025,0.00315964128822,-0.00303213275038,0.00656560342759,-0.00381348282099,0.00172384548932,-0.00112330086995,0.000770745624322,-0.00127681600861,0.00315081444569,-0.00274540763348],[0.00108389172237,-0.00523397745565,0.00316909980029,-0.00333350128494,0.0044319787994,-0.00381348282099,0.00851095374674,-0.00487464806065,0.00227671233006,-0.00252776569687,0.00306979008019,-0.00398655142635,0.00364315579645],[-0.000967998988926,0.00416283775121,-0.00217596162111,0.00254500284791,-0.00285292277113,0.00172384548932,-0.00487464806065,0.00831411033869,-0.00466381199658,0.00374951027334,-0.00290518300608,0.00148271559738,-0.00122750655282],[0.000583042332437,-0.00364393903874,0.00203226483427,-0.0020981177222,0.000576431979425,-0.00112330086995,0.00227671233006,-0.00466381199658,0.0137040931731,-0.00576280523092,0.000833358499222,-0.00042270537233,-0.000568921677768],[-0.000527086260263,0.00418261624873,-0.00140717579052,0.00157542049419,-0.00375786121003,0.000770745624322,-0.00252776569687,0.00374951027334,-0.00576280523092,0.0127979591489,-0.00318964105099,0.00433849729598,-0.00113119534217],[0.000199883899768,-0.00336413597688,0.000550412863959,-0.00173656386323,0.00265234196559,-0.00127681600861,0.00306979008019,-0.00290518300608,0.000833358499222,-0.00318964105099,0.0124764470384,-0.00545530719683,0.00558432284743],[-0.00032026952249,0.00276893028058,-0.00292500737123,0.00233582453802,-0.00302647706121,0.00315081444569,-0.00398655142635,0.00148271559738,-0.00042270537233,0.00433849729598,-0.00545530719683,0.0168232098222,-0.00571264326572],[0.00050517404452,-0.00292743602768,0.000151942571392,-0.00355373951606,0.00358246290125,-0.00274540763348,0.00364315579645,-0.00122750655282,-0.000568921677768,-0.00113119534217,0.00558432284743,-0.00571264326572,0.013785591349]],"mean":[-111.078117371,140.932373047,-113.388832092,14.2665891647,-58.5204391479,-14.3839063644,-46.1631622314,3.79607987404,-25.8840732574,-7.46807289124,-5.10708045959,-8.1349029541,-15.5809011459]},"hfc":{"dmean":3.1714682579,"dmean2":4.09347867966,"dvar":23.871843338,"dvar2":36.0403060913,"max":87.865196228,"mean":9.95160579681,"median":4.05120658875,"min":1.11533208913e-16,"var":165.606903076},"melbands":{"dmean":[0.0000755754881538,0.000326945155393,0.000185568118468,0.000150819076225,0.000190059974557,0.000232411461184,0.000299081031699,0.00023528910242,0.000136855174787,0.0000856847182149,0.0000235522420553,0.0000198427351279,0.0000132806499096,0.0000199497353606,0.0000279681662505,0.0000221877235163,0.0000181126179086,0.0000118136604215,0.00000728268241801,0.00000471916973765,0.00000488991372549,0.00000552904657525,0.00000194961398847,0.00000196191035684,0.00000693507899996,0.00000675685532769,0.00000132572461098,4.25010597382e-7,3.13171369726e-7,2.27072590064e-7,1.75330214347e-7,1.40624663914e-7,1.28441982383e-7,1.48193407767e-7,1.30901923967e-7,1.54437444166e-7,2.84617470925e-7,6.99501811141e-7,7.48739296341e-7,2.44644525083e-7],"dmean2":[0.000118700547318,0.000526974967215,0.000294793222565,0.00024030606437,0.000280068052234,0.000342486251611,0.000419766904088,0.000319592945743,0.000181734838407,0.000114564878459,0.0000325755572703,0.0000277838698821,0.0000188705580513,0.0000268401417998,0.000036944184103,0.0000290831212624,0.0000238744851231,0.0000158440489031,0.0000101718915175,0.0000065798808464,0.00000654097766528,0.00000729297426005,0.00000257498390965,0.00000270555710813,0.00000925643689698,0.00000884734254214,0.00000182060864518,6.69348935389e-7,5.12514759521e-7,3.72991195263e-7,2.84236392645e-7,2.28785836498e-7,2.18544741415e-7,2.55825739259e-7,2.2213912132e-7,2.69301779099e-7,5.08159700985e-7,0.00000125927397221,0.00000135664004119,4.38887582277e-7],"dvar":[3.66832431098e-8,5.06231401687e-7,7.11720744562e-8,4.75213752793e-8,7.13634946692e-8,1.91503971791e-7,4.47210851462e-7,3.40316717029e-7,1.36884793278e-7,7.43385797364e-8,4.41217418157e-9,3.0748159574e-9,1.3309372493e-9,3.83993192798e-9,7.29477234174e-9,3.98197030904e-9,3.02662317431e-9,1.51873003063e-9,8.08143885145e-10,5.27257459915e-10,1.6459583696e-10,1.49077430955e-10,1.9014104527e-11,6.04668259907e-11,3.8138964209e-10,2.97035229746e-10,1.18707925434e-11,3.03328933152e-12,7.1499414462e-13,2.79512876603e-13,1.60554417526e-13,9.40780046639e-14,1.18156637361e-13,1.73741744732e-13,1.26163958295e-13,1.72771519313e-13,6.58838652037e-13,4.67193167833e-12,5.69179642654e-12,5.20470114489e-13],"dvar2":[9.31484862576e-8,0.0000013498925,1.84015718219e-7,1.23853496348e-7,1.57383013288e-7,3.71588498638e-7,7.56990175432e-7,5.93627476064e-7,2.2380442033e-7,1.16045477228e-7,7.01554458971e-9,5.80841019726e-9,2.53629850455e-9,6.60050680779e-9,1.23631522797e-8,6.56053167347e-9,5.10398212583e-9,2.49339593417e-9,1.47867185163e-9,9.91639659276e-10,2.8377836192e-10,2.35819475058e-10,3.32234621758e-11,1.59228338847e-10,8.06797129105e-10,4.89161822159e-10,2.1431653327e-11,7.12913105286e-12,1.71687718296e-12,7.02923288153e-13,4.10089415767e-13,2.35662455262e-13,3.18132672983e-13,4.602485385e-13,3.18609721939e-13,4.59367353184e-13,1.79785656848e-12,1.27751056261e-11,1.56169435023e-11,1.42039234107e-12],"max":[0.00266534765251,0.0103088263422,0.00385934347287,0.00284775323234,0.00394248636439,0.00910335499793,0.0134898526594,0.0103202583268,0.0103138545528,0.0094742635265,0.00311821023934,0.00161278748419,0.000752319872845,0.00222289236262,0.00222926703282,0.00126791698858,0.0011301204795,0.000834935868625,0.000756619439926,0.00101980008185,0.000418596668169,0.000304275017697,0.000102262267319,0.000353315175744,0.000636892160401,0.000366894062608,0.0000765526201576,0.00008212429384,0.0000183402316907,0.00000814399481897,0.0000061454779825,0.000005389056696,0.00000682829613652,0.00000798317887529,0.00000683146890879,0.00000701976296114,0.0000109488191811,0.000028055457733,0.0000288398787234,0.00000830967019283],"mean":[0.000126243350678,0.000586979615036,0.000391218374716,0.000298828847008,0.000446695456048,0.000505518750288,0.000603865482844,0.000429547042586,0.000303042470478,0.000190674240002,0.0000495091917401,0.0000387724830944,0.0000239357104874,0.0000336098164553,0.0000455815170426,0.0000401609177061,0.0000327726593241,0.0000193561827473,0.0000120875774883,0.00000834376805869,0.00000887291935214,0.0000122955188999,0.00000476145669381,0.00000414110354541,0.0000153120727191,0.0000150487321662,0.00000263288393398,5.56464897272e-7,3.71333953808e-7,2.77900454648e-7,2.4065730031e-7,1.87041379718e-7,1.29537639282e-7,1.31132622982e-7,1.17943955047e-7,1.26512802012e-7,1.99319728722e-7,4.50924858342e-7,4.75639524211e-7,1.6062269026e-7],"median":[0.000020797833713,0.000251820776612,0.000239871602389,0.000197013170691,0.000269026029855,0.000193852916709,0.00013150164159,0.0000756237204769,0.0000348874164047,0.0000213120292756,0.0000105285234895,0.00000685076429363,0.00000449216440757,0.00000476427885587,0.00000400224280384,0.00000254438873526,0.00000221861682803,0.00000162236779033,0.00000100021077287,7.81943924721e-7,0.00000131703768602,0.00000172311933966,6.88982026986e-7,8.04100750429e-7,0.00000132827824473,9.95313712338e-7,3.01805442859e-7,9.52975511836e-8,5.26171746174e-8,4.13299332536e-8,4.35609557314e-8,3.45520874134e-8,2.16859135094e-8,1.44206895314e-8,1.17504548314e-8,1.03722719302e-8,9.79776881849e-9,7.99941890506e-9,5.72524871956e-9,5.10738162873e-9],"min":[1.29995954698e-23,5.52243733308e-24,4.74813051713e-24,6.06421319772e-24,1.73030139346e-23,1.84781216494e-23,8.1054519267e-24,8.5112427652e-24,1.39548673718e-23,1.98441668355e-23,1.01850525671e-23,3.68608076954e-24,4.96565693959e-24,3.49605206608e-24,1.40285690685e-23,9.95732183437e-24,1.36899741907e-23,1.06809407873e-23,1.50606720784e-23,1.58068808522e-23,1.22375526799e-23,1.0652159986e-23,5.75888616207e-24,1.96348946591e-23,9.8269097161e-24,9.36317231094e-24,8.66410823142e-24,7.5538172729e-24,1.04716189127e-23,8.44961852901e-24,1.01444151864e-23,1.05665291348e-23,7.81991504458e-24,8.38977711846e-24,8.95237536113e-24,1.55367070362e-23,1.08575162569e-23,1.0076508462e-23,9.46728775093e-24,9.93112297484e-24],"var":[6.57104735069e-8,8.6952923084e-7,1.8822022696e-7,9.98375355721e-8,2.4743889071e-7,6.62812169594e-7,0.00000165803032814,9.99989651973e-7,6.44227611701e-7,3.89696509728e-7,1.98120169159e-8,1.10125082387e-8,3.73222475147e-9,1.20361764999e-8,2.12610906658e-8,1.39084876949e-8,1.08072244487e-8,4.30355706627e-9,2.04491068523e-9,1.28168475833e-9,4.84447648663e-10,6.66913524405e-10,1.12013336107e-10,9.51818276973e-11,1.12964826382e-9,1.28720734072e-9,4.38062815189e-11,3.54290685331e-12,8.69956233787e-13,3.62920305787e-13,2.29068744225e-13,1.36590839008e-13,9.75266349341e-14,1.37689488175e-13,1.19437730648e-13,1.39582342538e-13,4.33303729269e-13,2.98033494585e-12,3.58908866169e-12,3.35712848579e-13]},"melbands_crest":{"dmean":3.14349365234,"dmean2":5.05927991867,"dvar":7.38988780975,"dvar2":18.344959259,"max":39.7795448303,"mean":13.8724298477,"median":13.1049032211,"min":1.88344812393,"var":21.6385726929},"melbands_flatness_db":{"dmean":0.0334586650133,"dmean2":0.047373495996,"dvar":0.00132169283461,"dvar2":0.00257309293374,"max":0.554853439331,"mean":0.284908592701,"median":0.27976500988,"min":0.00574361206964,"var":0.00637004664168},"melbands_kurtosis":{"dmean":6.8498544693,"dmean2":11.0091695786,"dvar":168.305374146,"dvar2":425.903869629,"max":284.474578857,"mean":13.7739839554,"median":9.09505844116,"min":-1.40463888645,"var":290.631164551},"melbands_skewness":{"dmean":0.664007365704,"dmean2":1.03671324253,"dvar":0.673191606998,"dvar2":1.62241888046,"max":16.4089393616,"mean":2.33345961571,"median":2.15824127197,"min":-1.08031260967,"var":1.86303818226},"melbands_spread":{"dmean":4.45470285416,"dmean2":6.96063995361,"dvar":65.9751586914,"dvar2":160.48487854,"max":144.464614868,"mean":12.705748558,"median":9.75818347931,"min":0.66286867857,"var":126.91002655},"mfcc":{"cov":[[9417.97949219,-349.976196289,-1550.03186035,-31.0189971924,-300.357299805,-576.317626953,-158.172668457,20.8954410553,-156.319610596,396.021697998,560.890441895,157.194122314,-10.2132768631],[-349.976196289,2004.6217041,-325.815734863,170.042221069,50.575378418,-86.6852340698,-15.3579835892,239.7578125,-131.183959961,-41.1394233704,179.693847656,-2.34786272049,82.7571029663],[-1550.03186035,-325.815734863,1135.0501709,-71.5893249512,76.4035873413,125.962715149,134.235794067,-1.95303630829,108.47694397,-125.801467896,-273.398162842,-5.65315151215,31.3292808533],[-31.0189971924,170.042221069,-71.5893249512,376.482879639,80.1973495483,-9.58135700226,-52.0690193176,8.25270652771,-7.73015117645,-8.1952381134,11.8476085663,-29.8920536041,27.0550098419],[-300.357299805,50.575378418,76.4035873413,80.1973495483,389.826904297,83.532371521,-64.636932373,-75.8337097168,4.66212558746,19.4572563171,-12.4407014847,-27.147403717,4.03358983994],[-576.317626953,-86.6852340698,125.962715149,-9.58135700226,83.532371521,275.392730713,30.0828475952,-88.8896408081,53.5643081665,2.71618247032,-48.2241783142,-4.74353408813,-7.99496889114],[-158.172668457,-15.3579835892,134.235794067,-52.0690193176,-64.636932373,30.0828475952,184.416992188,96.1036529541,40.5365066528,6.58481121063,5.49749612808,37.690574646,19.7468299866],[20.8954410553,239.7578125,-1.95303630829,8.25270652771,-75.8337097168,-88.8896408081,96.1036529541,280.731567383,16.7330818176,8.46298789978,58.6559524536,19.8024578094,47.6602249146],[-156.319610596,-131.183959961,108.47694397,-7.73015117645,4.66212558746,53.5643081665,40.5365066528,16.7330818176,203.679977417,37.0356330872,-49.5076904297,7.37130451202,-12.3728151321],[396.021697998,-41.1394233704,-125.801467896,-8.1952381134,19.4572563171,2.71618247032,6.58481121063,8.46298789978,37.0356330872,184.191879272,93.5481414795,12.1547603607,-0.294667333364],[560.890441895,179.693847656,-273.398162842,11.8476085663,-12.4407014847,-48.2241783142,5.49749612808,58.6559524536,-49.5076904297,93.5481414795,220.704467773,40.7483978271,5.59024190903],[157.194122314,-2.34786272049,-5.65315151215,-29.8920536041,-27.147403717,-4.74353408813,37.690574646,19.8024578094,7.37130451202,12.1547603607,40.7483978271,104.757583618,31.4944553375],[-10.2132768631,82.7571029663,31.3292808533,27.0550098419,4.03358983994,-7.99496889114,19.7468299866,47.6602249146,-12.3728151321,-0.294667333364,5.59024190903,31.4944553375,99.7331848145]],"icov":[[0.00017441129603,0.0000707515137037,0.00017064595886,0.0000056822445913,0.0000379035482183,0.000299105478916,-0.0000020959403173,0.0000894998374861,5.3535480049e-8,-0.000171910825884,-0.000144342426211,-0.00014744004875,-0.0000617558835074],[0.0000707515137037,0.000708578503691,0.000196054941625,-0.000149497253005,-0.000152794251335,-0.0000186893466889,0.000148509963765,-0.00057566142641,0.000214970787056,0.00036883566645,-0.000492323073559,0.000127239327412,-0.000336208264343],[0.00017064595886,0.000196054941625,0.00176061596721,0.000176618574187,-0.000487011944642,0.000138668401632,-0.00112188339699,-0.000105739534774,-0.000143548211781,0.000230161065701,0.00157318485435,-0.000294279947411,-0.000455090659671],[0.0000056822445913,-0.000149497253005,0.000176618574187,0.00313189346343,-0.000529539596755,0.0000737866430427,0.000609639158938,-0.0000905163033167,-0.000437817390775,0.000410872744396,-0.000274099118542,0.00100104697049,-0.00118442426901],[0.0000379035482183,-0.000152794251335,-0.000487011944642,-0.000529539596755,0.00335853011347,-0.00083930749679,0.00127075030468,0.00050813582493,-0.0000252111585723,-0.000648947665468,-0.00050806987565,0.000431243242929,-0.000382988451747],[0.000299105478916,-0.0000186893466889,0.000138668401632,0.0000737866430427,-0.00083930749679,0.00563290761784,-0.00202304124832,0.00241358135827,-0.00112534232903,-0.00030197884189,-0.000133721812745,0.000199239002541,-0.000480702758068],[-0.0000020959403173,0.000148509963765,-0.00112188339699,0.000609639158938,0.00127075030468,-0.00202304124832,0.00950022879988,-0.00338858738542,-0.000437227456132,-0.000350393529516,-0.000811397272628,-0.00210614223033,0.000243636677624],[0.0000894998374861,-0.00057566142641,-0.000105739534774,-0.0000905163033167,0.00050813582493,0.00241358135827,-0.00338858738542,0.00687586097047,-0.00150646874681,0.000437325274106,-0.00180547416676,0.00147504138295,-0.00244754529558],[5.3535480049e-8,0.000214970787056,-0.000143548211781,-0.000437817390775,-0.0000252111585723,-0.00112534232903,-0.000437227456132,-0.00150646874681,0.00694037415087,-0.00265537132509,0.00275800772943,-0.00156643881928,0.00189601327293],[-0.000171910825884,0.00036883566645,0.000230161065701,0.000410872744396,-0.000648947665468,-0.00030197884189,-0.000350393529516,0.000437325274106,-0.00265537132509,0.00877540092915,-0.00436871452257,0.00147721427493,-0.00117009761743],[-0.000144342426211,-0.000492323073559,0.00157318485435,-0.000274099118542,-0.00050806987565,-0.000133721812745,-0.000811397272628,-0.00180547416676,0.00275800772943,-0.00436871452257,0.0108213368803,-0.00376562960446,0.0019190168241],[-0.00014744004875,0.000127239327412,-0.000294279947411,0.00100104697049,0.000431243242929,0.000199239002541,-0.00210614223033,0.00147504138295,-0.00156643881928,0.00147721427493,-0.00376562960446,0.0134949600324,-0.00482957484201],[-0.0000617558835074,-0.000336208264343,-0.000455090659671,-0.00118442426901,-0.000382988451747,-0.000480702758068,0.000243636677624,-0.00244754529558,0.00189601327293,-0.00117009761743,0.0019190168241,-0.00482957484201,0.013511326164]],"mean":[-753.01574707,172.166503906,-0.863035202026,22.2302875519,3.92774820328,-18.2071743011,-6.12028932571,-3.95876860619,-16.3295974731,-5.43516969681,1.87349140644,-4.41749572754,-3.41386842728]},"pitch_salience":{"dmean":0.0722680017352,"dmean2":0.115963183343,"dvar":0.00384111679159,"dvar2":0.00991837121546,"max":0.908318161964,"mean":0.618626952171,"median":0.629991829395,"min":0.0134574640542,"var":0.0102257467806},"silence_rate_20dB":{"dmean":0,"dmean2":0,"dvar":0,"dvar2":0,"max":1,"mean":1,"median":1,"min":1,"var":0},"silence_rate_30dB":{"dmean":0.000354170362698,"dmean2":0.000708466162905,"dvar":0.000354039395461,"dvar2":0.00106217525899,"max":1,"mean":0.999822974205,"median":1,"min":0,"var":0.00017704750644},"silence_rate_60dB":{"dmean":0.0626881495118,"dmean2":0.125398516655,"dvar":0.0587619617581,"dvar2":0.12207621336,"max":1,"mean":0.216182723641,"median":0,"min":0,"var":0.169452369213},"spectral_centroid":{"dmean":182.197509766,"dmean2":268.734558105,"dvar":79618.96875,"dvar2":154465.9375,"max":11296.8378906,"mean":818.850769043,"median":670.666259766,"min":217.031906128,"var":267200.84375},"spectral_complexity":{"dmean":2.15866827965,"dmean2":3.09635138512,"dvar":5.93228244781,"dvar2":9.24205493927,"max":41,"mean":10.711933136,"median":9,"min":0,"var":47.0159721375},"spectral_contrast_coeffs":{"dmean":[0.0488238073885,0.0458521731198,0.0370799452066,0.0295845009387,0.0284453462809,0.0205187946558],"dmean2":[0.0785941705108,0.0716468393803,0.0590583458543,0.0458361655474,0.0423124097288,0.0310336183757],"dvar":[0.00163052824792,0.00148845859803,0.000969491258729,0.000698083778843,0.000795018277131,0.000433150038589],"dvar2":[0.00413939263672,0.00337894307449,0.00228763720952,0.00142236147076,0.00151490350254,0.000814405269921],"max":[-0.281864523888,-0.395348131657,-0.455911874771,-0.536088168621,-0.553913593292,-0.626604616642],"mean":[-0.580919981003,-0.680273890495,-0.775181829929,-0.793309211731,-0.758801341057,-0.803562164307],"median":[-0.58455145359,-0.683692574501,-0.788250565529,-0.810300886631,-0.769547462463,-0.811461746693],"min":[-0.966112852097,-0.96192163229,-0.968975901604,-0.969090878963,-0.963520526886,-0.964969217777],"var":[0.00787365902215,0.00884990207851,0.00550760142505,0.00472910655662,0.00615271553397,0.00238345656544]},"spectral_contrast_valleys":{"dmean":[0.438163071871,0.346290022135,0.338951021433,0.315390646458,0.371562242508,0.55668848753],"dmean2":[0.705252408981,0.549035787582,0.530921816826,0.472859054804,0.529443383217,0.718133568764],"dvar":[0.176272302866,0.107526443899,0.121804878116,0.112164370716,0.17254306376,0.461475640535],"dvar2":[0.38289552927,0.203637108207,0.234444364905,0.194742709398,0.294021815062,0.76644796133],"max":[-5.990213871,-4.92266702652,-5.31895256042,-6.04006481171,-6.67717313766,-8.4468870163],"mean":[-8.29221534729,-7.11069536209,-8.10775279999,-8.69964027405,-8.96248435974,-11.8098678589],"median":[-8.14385604858,-6.97324323654,-8.01554870605,-8.57629394531,-8.85830307007,-11.8921833038],"min":[-27.2180366516,-27.2577514648,-27.0026798248,-27.1051712036,-27.0834350586,-27.1812648773],"var":[1.22676825523,1.16140985489,1.15533149242,1.47442090511,1.48924291134,1.619181633]},"spectral_decrease":{"dmean":1.10090081495e-9,"dmean2":1.4783172464e-9,"dvar":2.29138107984e-18,"dvar2":3.64342578224e-18,"max":-7.05082531343e-29,"mean":-3.86925691487e-9,"median":-2.30141061763e-9,"min":-2.78385741126e-8,"var":1.5826267989e-17},"spectral_energy":{"dmean":0.00438004918396,"dmean2":0.00583698460832,"dvar":0.0000366076892533,"dvar2":0.000056922355725,"max":0.109657049179,"mean":0.0155061166734,"median":0.00915082730353,"min":1.03825004379e-20,"var":0.000258796586422},"spectral_energyband_high":{"dmean":0.000097921678389,"dmean2":0.000170873565366,"dvar":6.91427786137e-8,"dvar2":1.86233521049e-7,"max":0.00317257852294,"mean":0.0000820416753413,"median":0.0000102511703517,"min":7.54087653986e-21,"var":4.93851821659e-8},"spectral_energyband_low":{"dmean":0.00122338463552,"dmean2":0.00193882966414,"dvar":0.00000540607152288,"dvar2":0.0000142112558024,"max":0.0328089036047,"mean":0.0024819446262,"median":0.00141462427564,"min":5.96935275275e-23,"var":0.0000104692071545},"spectral_energyband_middle_high":{"dmean":0.000825999071822,"dmean2":0.00100954866502,"dvar":0.00000210483494811,"dvar2":0.00000279706000583,"max":0.0390075445175,"mean":0.0025105830282,"median":0.000548076117411,"min":1.57362740777e-21,"var":0.000016833004338},"spectral_energyband_middle_low":{"dmean":0.00340462336317,"dmean2":0.00465620821342,"dvar":0.0000242201531364,"dvar2":0.0000395338902308,"max":0.0971663668752,"mean":0.0108926314861,"median":0.0061552785337,"min":3.9378729747e-22,"var":0.00014192276285},"spectral_entropy":{"dmean":0.257723033428,"dmean2":0.379064679146,"dvar":0.0915543586016,"dvar2":0.179074019194,"max":9.81613636017,"mean":6.83382940292,"median":6.85646724701,"min":4.36766529083,"var":0.374780803919},"spectral_flux":{"dmean":0.0173687692732,"dmean2":0.0271096527576,"dvar":0.000361889891792,"dvar2":0.000835637503769,"max":0.220303729177,"mean":0.0533378496766,"median":0.0442261993885,"min":1.01894555293e-10,"var":0.0013064116938},"spectral_kurtosis":{"dmean":5.33258008957,"dmean2":8.74782085419,"dvar":29.6745681763,"dvar2":73.8765411377,"max":78.7458343506,"mean":12.0213193893,"median":9.03850078583,"min":-1.21671533585,"var":103.790061951},"spectral_rms":{"dmean":0.000538283609785,"dmean2":0.000706347869709,"dvar":3.83121886216e-7,"dvar2":5.55658289159e-7,"max":0.0103432340547,"mean":0.00337550230324,"median":0.00298791471869,"min":3.1826511912e-12,"var":0.00000373393118025},"spectral_rolloff":{"dmean":377.694915771,"dmean2":665.455871582,"dvar":1225055.75,"dvar2":3352702.25,"max":18583.1542969,"mean":900.238342285,"median":559.86328125,"min":21.533203125,"var":1108659},"spectral_skewness":{"dmean":0.499295026064,"dmean2":0.808581471443,"dvar":0.229582637548,"dvar2":0.532347142696,"max":7.53962421417,"mean":2.33456492424,"median":2.09751224518,"min":0.0012792441994,"var":1.13927698135},"spectral_spread":{"dmean":866265.625,"dmean2":1308728.5,"dvar":2008931368960,"dvar2":3808614416380,"max":41059076,"mean":3212436.75,"median":2539970,"min":1090996.5,"var":3222362390530},"spectral_strongpeak":{"dmean":0.346333831549,"dmean2":0.530195355415,"dvar":0.216519653797,"dvar2":0.443029612303,"max":6.16959428787,"mean":0.928522825241,"median":0.527430891991,"min":0,"var":0.976998388767},"zerocrossingrate":{"dmean":0.00884500704706,"dmean2":0.0114774629474,"dvar":0.000220368543523,"dvar2":0.000341918814229,"max":0.49365234375,"mean":0.0349868051708,"median":0.02978515625,"min":0,"var":0.000585102941841}},"metadata":{"audio_properties":{"analysis_sample_rate":44100,"bit_rate":192000,"codec":"mp3","downmix":"mix","equal_loudness":0,"length":131.108566284,"lossless":false,"md5_encoded":"a1c2b5d3d7ce02ffae1f604edc46c05e","replay_gain":-5.71012306213,"sample_rate":44100},"tags":{"acoustid_fingerprint":["AQADtCSVSGKkIMyLZMyOazr6Z3AXNQh1JE1yvMf0J_CZI7sSkTGSHT_YLDp-KkTTY3rQT0iW-sizB5-u5GiqE08ZfMd_lEgeGiEnNL1wOfiFH6GUSYWi7OCD-hCvHOH5gHOEEs7CY_7h60Ly8EFINcdzoY3yw7F09OlwHccp9OLRFO9wGT9-oT-SMRHyG1_RE_bxw8fhH_1qvHGQ59CPdrj6QLtO5MpxBTn5HOahZ8-Qa8QZo5uwpccj7TjKvvjxqMeXY3qOJpkp4xYuFUeOSz0ePkGVPEOTLVKF-cgLO8ki_Hge4RSDMwXXkAiT7DykPEWe4yEmHn1EPEStBP4SPJPQHO_xLOVxOhSSPUeYf8Hb4cmFG6N1MEmMHs25I9mXHOFhRuiTZRtONQrivARn41qUWsiTJMF4Bt0HR5mHkmFxC0mz5AliSod_3C-ORztmqdOgHs8J5knRfMeOe8MTZWmC5g_yKxCP_PBlTFKVHAeHa-gnYgvX4mWIMPmR7NEVNNNFPDt-fC2aBNX3BH2J5pIW9PCFPkgmIk2iJCf6RzibonzGosGTC8-LdBeDM3iS5cL1KQP249OQJ3iE92ico4rOBFetGTfO6LCOP8gTaNZ8hGkiH49XPDvKP3C3NCuaJgqx4_DxJ7hIqQjDJFKgyXPwHM-R4xEuKeiO5utxYjxugs1zNJF4dI8k5JoKfTzyymiW2ChL45TQaGHAMIwiOHYx6jqeBck2EWEi5Xg29HnwU0fdHHt04yeY3AmS8Yj4HB9JvMkVNI6lo9TxEWeIXvjSHJGO5Az4Fg4dJliD8xqaHKWERwh_JIx_HE6uD8_gSbvQKsnhHvlyqJJ6ItxZONWFXx6e5-j5oKJyohHGH_6OHU-JnHmg70LI_3CO68LFo34W4cRfXDuexDVy_IIKPzZy_AjfI-GNclrk4E9EEY_q4BkfwRWDB7-Lh0Ey9kVoJ0yHlzJOND-JR3kQptKR1Dme48qDH2ce5NEhTlKO6H1wgw9O8cKTCZdvNLvQcvJwK8dT4jneBtw1JA4i50b9jbCPvsXTOniDPkW39_iO__gRMiehZdqCQ1OOMPnx7bimHWUiCc3IhBqeZ0D3HTmzIFnzBU-eo82JZn-QH8kcRWgeHM8ePMe_43mgUUJD_cKPv3hy_HiuEzG1BAm3Hd9Z_Gh21MqMZwmN6kOYW8KVC3qIPMcV7LoEOwyuRMZXg1MOT1JxJkduJIunCFd0ONbBXoG5HBNpHPWNR0d65IF_9HiPZ0cZJXAo8sEZJ4FPTEf4B1oOtsWVcMaLRg2polJWXOmDW3iUg_ng-Qg7XMpF4sEeHrUuNM-KOzseL8d51DzsrEPC7shF-At1lNmF6wme09iD_2CeJQ3C39BxXvgPKWGNfD38DP0V_ESv5fCY8QiPpCKe42zM4DI-JUXP48rRDWcuXCF1MDnByEeO5Bf244xeXElSo8qUc_Bn9HmLUw_eFCfxLDzCOMdPONaH8NlxUcSzHM2J3sHx8EFy6Ui18HhC_BHxtcIv7MOVH