{"lowlevel":{"average_loudness":0.829839468002,"barkbands":{"dmean":[0.000703373807482,0.00199767295271,0.00119015399832,0.00148441072088,0.0044283461757,0.00238951924257,0.000807543518022,0.00083508330863,0.000700744509231,0.000323256885167,0.00014642298629,0.000249321805313,0.000153099099407,0.000357221753802,0.000221280162805,0.00003580900011,0.0000211668666452,0.0000182806343219,0.0000164359698829,0.0000194274507521,0.0000228114276979,0.000005246708497,0.00000235888046518,0.00000181169798452,0.00000160895251611,0.00000173504099621,0.0000124423004308],"dmean2":[0.0011105122976,0.00343290530145,0.00199641636573,0.00248063215986,0.00695540010929,0.00368356099352,0.00128415238578,0.00128186529037,0.00108679453842,0.00051842792891,0.000237383443164,0.000412707624491,0.000258481741184,0.000575095822569,0.000365343614249,0.0000586078967899,0.0000334995747835,0.0000289602321573,0.0000251206292887,0.0000296658690786,0.0000360971353075,0.00000758970099923,0.00000372556837647,0.0000029501784411,0.00000265417679657,0.00000280316226053,0.000018932923922],"dvar":[0.00000282777500615,0.0000111615499918,0.00000291646847472,0.00000592014612266,0.0000416122420575,0.0000278551724477,0.00000420440255766,0.0000040233026084,0.00000305320463667,6.98933376952e-7,2.09184847222e-7,3.02957147369e-7,8.23159922447e-8,7.7265406162e-7,3.51119098241e-7,1.30066730719e-8,1.94705140899e-9,1.22591148344e-9,1.96373273198e-9,3.03520608647e-9,5.9194498192e-9,2.63907340425e-10,1.84984354223e-11,1.0038220255e-11,8.50327794288e-12,8.91746832626e-12,6.00144378637e-10],"dvar2":[0.00000655547910355,0.0000314894896292,0.00000803108468972,0.0000155255220307,0.0000932570983423,0.0000637606353848,0.0000107161622509,0.00000930187616177,0.00000697176164977,0.00000165440644651,5.24634515386e-7,8.2010569713e-7,2.33542778005e-7,0.00000194118229047,9.02360113741e-7,3.44347341752e-8,4.19946610819e-9,2.96796298649e-9,3.79593245725e-9,6.1657123851e-9,1.3646634045e-8,4.2163172953e-10,3.97575618261e-11,2.35557684469e-11,2.00795005623e-11,2.06584801349e-11,1.22279697479e-9],"max":[0.0386916548014,0.052705951035,0.0238276682794,0.0484627336264,0.113995298743,0.0955770537257,0.0518574975431,0.0376585051417,0.0623445883393,0.0253520738333,0.0125424209982,0.0135585283861,0.00437685241923,0.030535409227,0.0190996415913,0.00507246237248,0.00144898879807,0.00114515062887,0.00249237404205,0.00227657565847,0.00327381375246,0.000910952687263,0.000183563257451,0.0000629398564342,0.0000432401102444,0.0000549959659111,0.000917181954719],"mean":[0.000992525136098,0.00286272168159,0.00165153830312,0.00207886449061,0.00802273862064,0.00397103698924,0.00132946728263,0.00139358895831,0.00114974891767,0.000530596880708,0.00024083025346,0.000400564487791,0.000261337409029,0.000639857316855,0.000351107475581,0.0000530851830263,0.0000342531529895,0.0000307722002617,0.0000279119049083,0.0000264292175416,0.0000273117784673,0.00000874586021382,0.00000334278138325,0.00000200040449272,0.00000152979851009,0.00000208635333365,0.0000253206308116],"median":[0.000213544408325,0.00155388750136,0.000940224446822,0.000904702406842,0.00429255096242,0.000851309509017,0.000332276482368,0.000327318091877,0.000235295388848,0.000104060047306,0.0000494092091685,0.000090121087851,0.0000924481500988,0.000153858156409,0.0000662728270981,0.0000189615566342,0.000013825676433,0.0000110044293251,0.0000100314664451,0.00000851181903272,0.00000561390834264,0.00000312043357553,0.00000158819591434,7.73798262799e-7,4.52608958312e-7,9.14864017432e-7,0.00000949990408117],"min":[1.32790912551e-23,9.7713272078e-23,7.18638274487e-23,2.63022570999e-23,6.22116157132e-23,5.25299195125e-23,1.46303910531e-22,3.58138875111e-23,5.37704758612e-23,9.01110195344e-23,4.35934538981e-23,8.8563577361e-23,6.52893407577e-23,9.47341483358e-23,2.46798857622e-22,1.81653436648e-22,1.81483370858e-22,1.84490849417e-22,2.59587618182e-22,3.14146702513e-22,4.12845167198e-22,5.80982399935e-22,6.04476318523e-22,7.51442594536e-22,1.20011729393e-21,1.58648566382e-21,2.69666675611e-21],"var":[0.00000643567091174,0.0000161139341799,0.00000488020668854,0.0000109092852654,0.000123274046928,0.0000686312632752,0.00000987818293652,0.0000094864235507,0.00000686569319441,0.00000187276043562,5.55471899588e-7,6.75574028719e-7,1.6673540415e-7,0.00000137820552482,6.31646059901e-7,1.56918922301e-8,3.89909660115e-9,2.77411738026e-9,6.03071192984e-9,6.72407951541e-9,1.07507398539e-8,1.16041010134e-9,3.82165514512e-11,1.2543069014e-11,9.09878856287e-12,1.2257843178e-11,1.96250438123e-9]},"barkbands_crest":{"dmean":3.02520680428,"dmean2":4.94377851486,"dvar":6.27673196793,"dvar2":16.2292613983,"max":26.3565216064,"mean":11.5217399597,"median":10.6589231491,"min":3.26644539833,"var":19.3010730743},"barkbands_flatness_db":{"dmean":0.032330840826,"dmean2":0.0507986135781,"dvar":0.000750538718421,"dvar2":0.0018291589804,"max":0.414393126965,"mean":0.19629342854,"median":0.193073004484,"min":0.0379275530577,"var":0.00298049068078},"barkbands_kurtosis":{"dmean":6.23981380463,"dmean2":10.1344490051,"dvar":334.75869751,"dvar2":927.197143555,"max":1067.36157227,"mean":11.3659524918,"median":6.35044145584,"min":-1.88670158386,"var":402.439056396},"barkbands_skewness":{"dmean":0.683484852314,"dmean2":1.08938348293,"dvar":0.533540844917,"dvar2":1.37353038788,"max":28.368598938,"mean":1.99912905693,"median":1.86098647118,"min":-2.69628095627,"var":2.0654501915},"barkbands_spread":{"dmean":3.26467013359,"dmean2":5.19678354263,"dvar":27.3759059906,"dvar2":71.242980957,"max":135.773223877,"mean":9.91876029968,"median":7.62852954865,"min":0.276187062263,"var":89.0000457764},"dissonance":{"dmean":0.0255061108619,"dmean2":0.0429193489254,"dvar":0.000590987619944,"dvar2":0.00161543046124,"max":0.5,"mean":0.454004436731,"median":0.461993396282,"min":0.228784814477,"var":0.00123512279242},"dynamic_complexity":3.92432665825,"erbbands":{"dmean":[0.0822529867291,0.399851799011,1.19894611835,2.99386501312,10.6346960068,16.5483283997,17.488079071,21.48279953,10.6311120987,16.9441795349,15.7159900665,16.5441970825,11.2482423782,8.19900798798,5.47410106659,10.6928577423,6.95344257355,13.1059074402,17.9760189056,4.44981384277,1.51749396324,1.15235483646,1.04533612728,0.782086014748,0.83634018898,0.895105838776,1.18501508236,0.584758758545,0.211989834905,0.105792596936,0.0636508911848,0.0426672399044,0.0279337987304,0.0181927140802,0.0113371871412,0.0063434522599,0.00333658559248,0.00198515178636,0.00154291035142,0.000182894160389],"dmean2":[0.144358202815,0.673457086086,2.01478886604,4.9394288063,17.474943161,25.8196125031,26.4748439789,33.8090820312,17.0370883942,25.4321975708,24.9370594025,25.5107154846,17.4676494598,13.2782487869,8.82144832611,17.6318531036,11.6167192459,21.0715637207,28.9992103577,7.21815776825,2.44495296478,1.81023895741,1.65394449234,1.20725345612,1.26843047142,1.36599230766,1.87557470798,0.91224104166,0.306252628565,0.162349760532,0.101033851504,0.068820759654,0.0457711666822,0.0299947448075,0.0186973344535,0.0104405563325,0.00536396168172,0.00296121044084,0.00233723525889,0.00027312480961],"dvar":[0.0212112814188,0.4776879251,2.95162701607,21.5125980377,301.88949585,752.178588867,1299.76306152,2882.48046875,681.612548828,1795.45922852,1571.19128418,2017.83691406,779.614013672,499.275146484,310.880310059,523.996887207,164.238357544,827.034973145,2500.26538086,125.168609619,13.0990152359,5.69889593124,4.15980434418,2.9176003933,6.23757362366,6.48173952103,13.2351970673,5.5933303833,0.470964044333,0.0597159266472,0.0129574760795,0.00536374701187,0.00247933506034,0.00108538591303,0.000422021723352,0.00012933697144,0.000032745894714,0.0000207893208426,0.0000191648014152,1.06506533371e-7],"dvar2":[0.0652901753783,1.24880743027,7.88879060745,54.8807449341,761.108947754,1710.01916504,2702.17944336,6847.39550781,1680.69311523,3896.69238281,4153.72265625,4546.0078125,1712.01025391,1208.58605957,830.814941406,1414.42370605,463.09085083,2028.84020996,6240.81933594,324.851806641,32.3258132935,12.3550767899,9.87503528595,6.02517795563,10.9234771729,13.4708509445,30.4840602875,13.596159935,0.763863027096,0.117613561451,0.0281754136086,0.0124406823888,0.00583920022473,0.00256298086606,0.000996517715976,0.000305264780764,0.0000752338237362,0.0000344616892107,0.0000380830861104,2.18233310534e-7],"max":[1.85805702209,12.6605005264,26.4178352356,84.4530944824,456.773803711,617.330993652,949.898376465,1140.83581543,612.147094727,867.878479004,1024.06176758,1737.74865723,755.635131836,682.027526855,531.47644043,513.221252441,198.428985596,950.233947754,2179.56274414,248.889038086,106.970329285,72.1356811523,71.8165588379,86.5033798218,112.037452698,107.398757935,157.511917114,118.299339294,38.3137397766,12.1195173264,3.57131791115,1.54114842415,0.831448197365,0.488802433014,0.304575383663,0.168316453695,0.128607079387,0.249013006687,0.20291608572,0.0104410052299],"mean":[0.105491712689,0.560487866402,1.78223192692,4.76847743988,16.9223403931,28.5091590881,30.3094158173,34.433807373,17.8106365204,30.0657482147,25.9015903473,27.2716140747,19.7234096527,13.620552063,10.1774902344,17.8059577942,13.2686357498,25.0247535706,31.425945282,8.19960784912,2.58532762527,1.97152912617,1.82034623623,1.36430644989,1.40394186974,1.2355632782,1.35931062698,0.762530982494,0.35544526577,0.159551620483,0.0898997113109,0.0525790415704,0.0284938700497,0.0174364820123,0.0108115691692,0.00624940451235,0.00418875552714,0.00318188965321,0.00220492249355,0.000465465564048],"median":[0.0431377366185,0.318920195103,1.0888620615,2.54966020584,8.40815353394,12.7903423309,8.5588350296,7.58557701111,5.08530187607,7.43283081055,6.60480213165,5.91334295273,4.18369579315,3.11288666725,2.40916538239,4.29993915558,4.62068605423,7.4479265213,6.36025047302,2.15598869324,1.07474970818,0.817271947861,0.660229802132,0.527473390102,0.496093153954,0.403463065624,0.278397887945,0.181099414825,0.120339483023,0.0687598064542,0.0427008867264,0.0218500196934,0.0102320956066,0.00528125185519,0.00322065572254,0.00209922436625,0.00180047401227,0.00134501571301,0.000678344687913,0.000213050036109],"min":[2.14860042942e-21,2.49054308138e-20,8.15739993823e-20,7.7845683104e-20,1.00365933775e-19,2.17880226376e-19,3.70638772024e-19,5.80712739863e-19,1.61059220376e-18,1.86655931521e-18,9.5894717541e-19,1.27027221198e-18,2.67847348238e-18,2.47124736814e-18,2.0330287931e-18,3.20907903285e-18,3.23050259713e-18,3.08996337028e-18,8.11334644431e-18,1.68891173211e-17,7.70788153319e-18,1.02101822955e-17,1.08395542451e-17,1.00332442266e-17,1.73443942215e-17,1.27861658252e-17,1.44380885219e-17,1.75637244697e-17,2.1984698787e-17,1.90916941516e-17,1.59058229116e-17,1.5848059235e-17,1.22029125035e-17,9.47598753714e-18,1.01432873722e-17,5.00520329852e-18,3.52528991511e-18,1.25063060154e-18,3.31055853268e-19,4.44898284668e-20],"var":[0.028874097392,0.670603394508,5.16623020172,45.6132469177,679.152770996,2246.85083008,3440.50146484,6524.22363281,1537.44384766,4870.09716797,2887.77856445,4286.92431641,2185.56958008,1135.23193359,843.360290527,1219.03308105,398.687103271,1821.94213867,4177.93261719,273.78213501,23.4412631989,12.0141448975,9.69874382019,8.67167568207,19.9737491608,14.2095346451,22.1405181885,10.325917244,2.11001849174,0.180930733681,0.0257082954049,0.007882270962,0.00282667810097,0.00116338103544,0.000451880099718,0.000140656135045,0.0000496311149618,0.0000836515973788,0.000049905574997,4.14661741388e-7]},"erbbands_crest":{"dmean":3.14263916016,"dmean2":5.08809661865,"dvar":7.97340583801,"dvar2":19.7921237946,"max":33.3147888184,"mean":10.9969081879,"median":9.80360412598,"min":2.11872267723,"var":25.1368408203},"erbbands_flatness_db":{"dmean":0.0292960293591,"dmean2":0.0463057309389,"dvar":0.00062259787228,"dvar2":0.00150578457396,"max":0.365172058344,"mean":0.195049211383,"median":0.196409747005,"min":0.0327901616693,"var":0.00232267938554},"erbbands_kurtosis":{"dmean":2.03898453712,"dmean2":3.26333236694,"dvar":14.7946834564,"dvar2":35.6226463318,"max":86.3993453979,"mean":2.36107349396,"median":0.421634912491,"min":-1.7991181612,"var":32.2514228821},"erbbands_skewness":{"dmean":0.493204593658,"dmean2":0.770364105701,"dvar":0.21965123713,"dvar2":0.508296191692,"max":7.35437774658,"mean":0.830234825611,"median":0.730367779732,"min":-5.60106611252,"var":1.3661557436},"erbbands_spread":{"dmean":6.31926584244,"dmean2":9.89669895172,"dvar":49.1584701538,"dvar2":108.406692505,"max":100.221206665,"mean":24.796169281,"median":22.821395874,"min":1.37201595306,"var":162.670639038},"gfcc":{"cov":[[23013.8164062,4573.00488281,-1059.91467285,-807.296691895,197.264602661,-665.821777344,-54.2297134399,-955.38269043,-112.463996887,-160.743988037,-109.266731262,-508.556182861,-8.72506427765],[4573.00488281,1985.31555176,-75.9487304688,-187.515396118,145.637893677,-238.076263428,101.787513733,-303.411865234,35.866519928,-111.333518982,2.88807153702,-160.043533325,-51.256149292],[-1059.91467285,-75.9487304688,511.914276123,268.191772461,-94.3717498779,101.350585938,-102.890380859,196.119110107,-89.5102157593,10.1122541428,-42.6728477478,1.96605563164,-14.6492824554],[-807.296691895,-187.515396118,268.191772461,372.995880127,74.762588501,-19.5998897552,52.2037467957,72.3470001221,-24.6178264618,-11.6236400604,-46.200176239,14.9674263,-9.91390323639],[197.264602661,145.637893677,-94.3717498779,74.762588501,239.451141357,58.6216316223,109.857345581,-103.823524475,13.0158061981,-37.4273796082,1.94550728798,-20.9249382019,-19.9296398163],[-665.821777344,-238.076263428,101.350585938,-19.5998897552,58.6216316223,347.93850708,-24.1929130554,77.8967895508,-84.9462432861,-9.44978427887,-11.488199234,22.3121433258,-15.0601301193],[-54.2297134399,101.787513733,-102.890380859,52.2037467957,109.857345581,-24.1929130554,234.738098145,-45.3801765442,48.6698608398,-44.158996582,-19.3464164734,3.42124271393,-3.09414577484],[-955.38269043,-303.411865234,196.119110107,72.3470001221,-103.823524475,77.8967895508,-45.3801765442,242.304046631,-0.12551496923,39.7834320068,-10.1232509613,15.7824020386,11.4811792374],[-112.463996887,35.866519928,-89.5102157593,-24.6178264618,13.0158061981,-84.9462432861,48.6698608398,-0.12551496923,149.579772949,57.2782592773,30.6335887909,0.981989443302,-27.307723999],[-160.743988037,-111.333518982,10.1122541428,-11.6236400604,-37.4273796082,-9.44978427887,-44.158996582,39.7834320068,57.2782592773,105.541061401,53.9474601746,0.791215419769,-7.87530231476],[-109.266731262,2.88807153702,-42.6728477478,-46.200176239,1.94550728798,-11.488199234,-19.3464164734,-10.1232509613,30.6335887909,53.9474601746,80.6677246094,34.513053894,3.14217853546],[-508.556182861,-160.043533325,1.96605563164,14.9674263,-20.9249382019,22.3121433258,3.42124271393,15.7824020386,0.981989443302,0.791215419769,34.513053894,95.9164886475,40.5150489807],[-8.72506427765,-51.256149292,-14.6492824554,-9.91390323639,-19.9296398163,-15.0601301193,-3.09414577484,11.4811792374,-27.307723999,-7.87530231476,3.14217853546,40.5150489807,83.3473510742]],"icov":[[0.000257307168795,-0.00115845119581,0.00266887270845,-0.00222132122144,0.00162265310064,-0.00109007908031,0.000901082064956,-0.000453708344139,0.000941323931329,-0.00134384166449,0.00102321687154,0.0000352634269802,-0.0000679068107274],[-0.00115845119581,0.00698664272204,-0.01621514,0.0145412757993,-0.0106328744441,0.00761460699141,-0.0053284871392,0.00352484500036,-0.00455471687019,0.00711643602699,-0.00493451487273,0.000780355883762,0.000191807979718],[0.00266887270845,-0.01621514,0.0495154745877,-0.0494229532778,0.0393244698644,-0.0276701506227,0.0157305132598,-0.00682241702452,0.00394192803651,-0.00255883391947,-0.0054363659583,0.0140602244064,-0.00652107782662],[-0.00222132122144,0.0145412757993,-0.0494229532778,0.0623702555895,-0.0544002242386,0.0387505441904,-0.0160643868148,-0.00206487369724,0.012191824615,-0.0192067921162,0.0315129496157,-0.0357410982251,0.0194893795997],[0.00162265310064,-0.0106328744441,0.0393244698644,-0.0544002242386,0.0579916499555,-0.0384733900428,0.00980978738517,0.00854119285941,-0.0186350438744,0.0281813722104,-0.0401946492493,0.0422213152051,-0.0222766641527],[-0.00109007908031,0.00761460699141,-0.0276701506227,0.0387505441904,-0.0384733900428,0.0306597054005,-0.00858689378947,-0.00619620317593,0.0163995008916,-0.020579520613,0.0282195322216,-0.0307132396847,0.0184840355068],[0.000901082064956,-0.0053284871392,0.0157305132598,-0.0160643868148,0.00980978738517,-0.00858689378947,0.0121302874759,-0.00231902627274,-0.00235746125691,0.00237752660178,-0.00042652169941,0.00360277970321,-0.00304762739688],[-0.000453708344139,0.00352484500036,-0.00682241702452,-0.00206487369724,0.00854119285941,-0.00619620317593,-0.00231902627274,0.0148034393787,-0.0130446655676,0.0133382771164,-0.0151482019573,0.0146199986339,-0.0100763961673],[0.000941323931329,-0.00455471687019,0.00394192803651,0.012191824615,-0.0186350438744,0.0163995008916,-0.00235746125691,-0.0130446655676,0.0368690490723,-0.0411455444992,0.0380902215838,-0.0335920862854,0.0227422770113],[-0.00134384166449,0.00711643602699,-0.00255883391947,-0.0192067921162,0.0281813722104,-0.020579520613,0.00237752660178,0.0133382771164,-0.0411455444992,0.0733614638448,-0.0709338933229,0.0531790666282,-0.0269528031349],[0.00102321687154,-0.00493451487273,-0.0054363659583,0.0315129496157,-0.0401946492493,0.0282195322216,-0.00042652169941,-0.0151482019573,0.0380902215838,-0.0709338933229,0.0926001444459,-0.0672506764531,0.0324009694159],[0.0000352634269802,0.000780355883762,0.0140602244064,-0.0357410982251,0.0422213152051,-0.0307132396847,0.00360277970321,0.0146199986339,-0.0335920862854,0.0531790666282,-0.0672506764531,0.0704767033458,-0.0363350324333],[-0.0000679068107274,0.000191807979718,-0.00652107782662,0.0194893795997,-0.0222766641527,0.0184840355068,-0.00304762739688,-0.0100763961673,0.0227422770113,-0.0269528031349,0.0324009694159,-0.0363350324333,0.033914398402]],"mean":[-85.0578384399,132.931686401,-85.2622070312,2.92575526237,-29.7804260254,-12.0989055634,-19.5955944061,-19.6398658752,-12.5668821335,-0.951187551022,-11.4739751816,-8.68131256104,-9.6915397644]},"hfc":{"dmean":3.30513477325,"dmean2":4.86442232132,"dvar":16.8808479309,"dvar2":37.5063743591,"max":78.6467895508,"mean":10.939207077,"median":7.88328742981,"min":1.20986758349e-16,"var":105.288009644},"melbands":{"dmean":[0.000629628659226,0.00056607631268,0.000674328708556,0.000999195268378,0.000626305351034,0.000457202782854,0.000161421878147,0.000187059878954,0.000127081875689,0.000101672689198,0.0000567136012251,0.0000358088873327,0.0000189241545741,0.0000228549379244,0.0000281121265289,0.0000128856136143,0.000029029455618,0.0000344456020684,0.0000116293176688,0.0000033422290926,0.00000162054539032,0.0000012509908629,0.00000114108843263,8.37296227019e-7,6.46434898499e-7,6.75699709518e-7,5.98710755639e-7,6.15662486325e-7,8.03954037565e-7,6.08205255048e-7,2.60530924834e-7,1.28450835746e-7,8.33058351191e-8,5.11423117189e-8,3.8079118525e-8,3.15621129232e-8,2.47527189856e-8,2.02394812021e-8,1.68207705542e-8,1.48426373414e-8],"dmean2":[0.00108896859456,0.000947444757912,0.00111823342741,0.00158287782688,0.000952920760028,0.000714470923413,0.000259183405433,0.000279806554317,0.000201935545192,0.000157252608915,0.0000885502522578,0.0000580783344049,0.0000307288646582,0.0000373655457224,0.0000471772982564,0.0000217304295802,0.0000468121143058,0.0000556874583708,0.0000191040253412,0.00000547979516341,0.0000026316245112,0.00000199336545847,0.00000182499843504,0.00000133140849812,0.00000101089040072,0.00000104127343548,9.18707257824e-7,9.48230535869e-7,0.00000127349687773,9.67999312707e-7,4.02050062576e-7,1.87250378758e-7,1.28728331106e-7,7.98534003366e-8,6.08700005955e-8,5.09042266117e-8,4.02217033013e-8,3.31550218391e-8,2.7723508822e-8,2.44800411053e-8],"dvar":[0.0000011448096302,6.89652210895e-7,0.00000108407357402,0.00000237152403315,0.00000134943013563,0.00000118408138405,1.58289211072e-7,2.10014547974e-7,1.03760640968e-7,7.11976682055e-8,2.01330809801e-8,1.00577199902e-8,3.89091381336e-9,2.85883450246e-9,3.25614646357e-9,5.83923354114e-10,4.49307391293e-9,9.92118920351e-9,9.1799989832e-10,1.20367299461e-10,1.21662853403e-11,6.56675538599e-12,5.33042490355e-12,2.89648882136e-12,2.05754033603e-12,3.86093977969e-12,4.00971486916e-12,3.07351171423e-12,6.81303104211e-12,3.82469576843e-12,1.28638126626e-12,2.08552034149e-13,6.17444870189e-14,1.19799410328e-14,4.8684853417e-15,3.17321708393e-15,1.95629437773e-15,1.32722799527e-15,9.20893267343e-16,7.23503091595e-16],"dvar2":[0.00000339237635671,0.00000178993093414,0.00000285100168185,0.00000536756488145,0.00000283902681986,0.00000279553478322,3.93692772604e-7,4.40071943331e-7,2.71668199048e-7,1.63342008364e-7,4.40215082165e-8,2.40623894143e-8,1.02105532918e-8,7.52221041012e-9,9.11495945388e-9,1.64961877491e-9,1.12230811311e-8,2.49500260452e-8,2.41719666505e-9,3.16825982116e-10,2.96758312368e-11,1.46436439363e-11,1.23794230075e-11,7.05290079811e-12,4.42179496143e-12,7.67918974937e-12,7.17947619758e-12,6.78682370719e-12,1.69971640929e-11,8.76765327007e-12,3.0322515332e-12,3.60899407147e-13,1.24281322538e-13,2.55949012933e-14,1.052100132e-14,7.76410304728e-15,4.58245967959e-15,3.11499860364e-15,2.17340332167e-15,1.70839663318e-15],"max":[0.0151229407638,0.0156532153487,0.0236422177404,0.0324339680374,0.0262454170734,0.0222574155778,0.00916177593172,0.00955190975219,0.00767618371174,0.00936421286315,0.00372094404884,0.00300403358415,0.0019042576896,0.00149937090464,0.000943244085647,0.000683568126988,0.00233766948804,0.00439769728109,0.000598662882112,0.000498489767779,0.000112896152132,0.000071257010859,0.0000617672703811,0.0000607084002695,0.0000728698287276,0.000102754660475,0.000080107980466,0.0000754086213419,0.00012524885824,0.0000763365460443,0.000056557229982,0.0000259482822003,0.0000143975967148,0.00000557711337024,0.00000230191653827,0.00000106824188606,0.00000112419763809,8.02141130407e-7,4.50433390142e-7,3.99061605094e-7],"mean":[0.000911216833629,0.000878773280419,0.00112529180478,0.00173448561691,0.00113612599671,0.000743257813156,0.000267696537776,0.000331181508955,0.000204286305234,0.000166195342899,0.0000955615832936,0.00005613254325,0.0000327778652718,0.0000388664630009,0.0000457703245047,0.0000231931444432,0.0000513081322424,0.0000581084714213,0.000019569439246,0.00000494462437928,0.00000251843903243,0.00000198001930585,0.00000192636684915,0.00000135941559165,0.00000105834101305,0.00000109702921236,9.03149668829e-7,7.8978359852e-7,8.82346398612e-7,6.93318554568e-7,3.53866056457e-7,2.14627263517e-7,1.2682102124e-7,7.23311188722e-8,5.2598206679e-8,4.1744520729e-8,2.81807448488e-8,2.05698782452e-8,1.61760471684e-8,1.41167006973e-8],"median":[0.00043422690942,0.000546371447854,0.000604907632805,0.000923610525206,0.000366893858882,0.000163710967172,0.000073914474342,0.000079372410255,0.0000487213401357,0.0000339893013006,0.0000185431599675,0.0000117758536362,0.0000071447038863,0.00000866797745402,0.0000111329245556,0.00000892356365512,0.0000138793220685,0.0000108550557343,0.00000387932323065,0.00000146923025568,0.00000106565914848,8.10341759916e-7,6.9350380727e-7,4.75682099932e-7,4.0330576212e-7,3.63658671176e-7,3.23829908666e-7,2.42026942487e-7,1.758741206e-7,1.26059404693e-7,9.04341561636e-8,6.85253596089e-8,4.71462335838e-8,3.21663335967e-8,2.49292959609e-8,1.80366015456e-8,1.0717581489e-8,7.19985226993e-9,4.98958829809e-9,4.17425427557e-9],"min":[2.42333936453e-23,4.02347586873e-23,1.55607246953e-23,9.69565115008e-24,1.36596551107e-23,1.25989148722e-23,2.5669040029e-23,1.66255954095e-23,7.42132256184e-24,8.12867204744e-24,1.37594649479e-23,1.04083719896e-23,6.06108851967e-24,1.01800291008e-23,6.45127845049e-24,6.51589523053e-24,5.66229053866e-24,1.11692243884e-23,2.36209299271e-23,1.72920251022e-23,7.31517028299e-24,9.77030736843e-24,1.16325018876e-23,8.4841335602e-24,7.2837404868e-24,1.27750217584e-23,1.10664239795e-23,8.10449661614e-24,8.32584151982e-24,9.27314434899e-24,1.10878983511e-23,1.29531875716e-23,1.04607633977e-23,1.12144813385e-23,9.38707321864e-24,9.45957979103e-24,9.8436816878e-24,9.24023938291e-24,7.6656485614e-24,7.75684561521e-24],"var":[0.00000177927790901,0.00000122047731566,0.00000231877993428,0.0000069340758273,0.00000376997923013,0.00000277155982076,3.61793013326e-7,5.9008215203e-7,1.90876974671e-7,1.54575857891e-7,5.53791394964e-8,2.22407319228e-8,1.04663095968e-8,7.28381355231e-9,6.8443237744e-9,1.25598587086e-9,8.64145999202e-9,1.51636232459e-8,1.88811144497e-9,1.50901457996e-10,2.20398005402e-11,1.26636097442e-11,1.17008963282e-11,6.06862520305e-12,5.56991648984e-12,1.12309423914e-11,1.03676112834e-11,5.55482613032e-12,9.6047440834e-12,6.76713242734e-12,2.53134622638e-12,8.64040013582e-13,1.89479860838e-13,2.74977387865e-14,9.48508002555e-15,4.72366430706e-15,2.63137921317e-15,1.54488624008e-15,9.90624937088e-16,7.74392195791e-16]},"melbands_crest":{"dmean":3.69225358963,"dmean2":6.11225605011,"dvar":9.51311588287,"dvar2":24.6704711914,"max":39.2419242859,"mean":14.9488792419,"median":14.370267868,"min":1.80977785587,"var":29.4493045807},"melbands_flatness_db":{"dmean":0.0377886332572,"dmean2":0.0589546300471,"dvar":0.00100182287861,"dvar2":0.00242481939495,"max":0.509146928787,"mean":0.306414812803,"median":0.308687925339,"min":0.00512446695939,"var":0.00601908518001},"melbands_kurtosis":{"dmean":8.2213640213,"dmean2":13.3194704056,"dvar":240.925460815,"dvar2":674.500976562,"max":702.464172363,"mean":15.7360630035,"median":9.30344104767,"min":-1.82802522182,"var":451.007598877},"melbands_skewness":{"dmean":0.75077944994,"dmean2":1.19551789761,"dvar":0.564556777477,"dvar2":1.41875982285,"max":21.6747741699,"mean":2.54018878937,"median":2.33366942406,"min":-1.56721675396,"var":2.21438884735},"melbands_spread":{"dmean":3.69100785255,"dmean2":5.83059310913,"dvar":32.3358345032,"dvar2":76.058013916,"max":198.480926514,"mean":12.6816034317,"median":7.856092453,"min":0.486950784922,"var":419.257110596},"mfcc":{"cov":[[9895.06933594,2522.48876953,-949.325134277,-55.2411994934,-320.402099609,259.560394287,-251.534835815,-326.816741943,-246.992919922,88.7912139893,56.8380393982,-97.707824707,-308.668029785],[2522.48876953,1804.65710449,-116.692131042,32.2241401672,-43.4050483704,98.5499954224,-38.7306404114,-93.6815948486,-107.444778442,59.3515434265,51.0269355774,-54.9901390076,-81.2656555176],[-949.325134277,-116.692131042,596.155944824,93.8828659058,123.134895325,-123.028823853,52.8090667725,41.8441429138,55.1678886414,-9.48217010498,-13.3712940216,18.1238098145,64.5243301392],[-55.2411994934,32.2241401672,93.8828659058,441.761108398,11.1195077896,-24.3262119293,3.99965667725,-7.96273231506,77.961479187,3.42950177193,-42.425907135,46.3075904846,50.5563392639],[-320.402099609,-43.4050483704,123.134895325,11.1195077896,185.395706177,54.7727279663,53.1109237671,20.1421756744,-4.50920772552,-11.9261789322,12.6119718552,7.31589365005,25.7343578339],[259.560394287,98.5499954224,-123.028823853,-24.3262119293,54.7727279663,231.913635254,88.5639724731,39.7416381836,-17.2293949127,-16.1957187653,6.95805120468,-18.2449264526,-25.1521110535],[-251.534835815,-38.7306404114,52.8090667725,3.99965667725,53.1109237671,88.5639724731,168.050537109,80.7308883667,38.5596618652,-32.5036392212,-31.879737854,-2.56374621391,10.7932958603],[-326.816741943,-93.6815948486,41.8441429138,-7.96273231506,20.1421756744,39.7416381836,80.7308883667,133.900741577,59.6850776672,-12.7931060791,-19.3126716614,-8.3900718689,7.45802879333],[-246.992919922,-107.444778442,55.1678886414,77.961479187,-4.50920772552,-17.2293949127,38.5596618652,59.6850776672,110.194419861,16.0801258087,-15.2241201401,16.7254524231,15.7977113724],[88.7912139893,59.3515434265,-9.48217010498,3.42950177193,-11.9261789322,-16.1957187653,-32.5036392212,-12.7931060791,16.0801258087,90.9556274414,53.8307571411,7.81538105011,-8.84275722504],[56.8380393982,51.0269355774,-13.3712940216,-42.425907135,12.6119718552,6.95805120468,-31.879737854,-19.3126716614,-15.2241201401,53.8307571411,112.822280884,37.2150802612,-5.2847533226],[-97.707824707,-54.9901390076,18.1238098145,46.3075904846,7.31589365005,-18.2449264526,-2.56374621391,-8.3900718689,16.7254524231,7.81538105011,37.2150802612,91.1267089844,46.2377738953],[-308.668029785,-81.2656555176,64.5243301392,50.5563392639,25.7343578339,-25.1521110535,10.7932958603,7.45802879333,15.7977113724,-8.84275722504,-5.2847533226,46.2377738953,80.3545227051]],"icov":[[0.000210501195397,-0.00025604525581,0.000175571200089,0.00000964716764429,0.0000814211962279,-0.000132534580189,0.000158372917213,0.000224212213652,-0.0000582693137403,0.00000144169484884,0.000236178137129,-0.000317647238262,0.000502887472976],[-0.00025604525581,0.000987124396488,-0.000288462411845,-0.000276422448223,0.000176822912181,-0.000149756975588,-0.000356875825673,-0.0000442709388153,0.000806137511972,-0.000504662049934,-0.000461765826913,0.000679965363815,-0.000266806979198],[0.000175571200089,-0.000288462411845,0.00312466756441,-0.000419197167503,-0.00208721216768,0.00255566369742,-0.0012350914767,-0.000236528023379,-0.000458428665297,0.000371855247067,-0.000597470614593,0.000823255977593,-0.00058836012613],[0.00000964716764429,-0.000276422448223,-0.000419197167503,0.00334190973081,-0.00018970372912,-0.000807468313724,0.000827521202154,0.00142211630009,-0.00286049745046,-0.000402283738367,0.00220278068446,-0.00169501127675,-0.000805318297353],[0.0000814211962279,0.000176822912181,-0.00208721216768,-0.00018970372912,0.00854207761586,-0.00301633495837,-0.00094126840122,0.000546440423932,0.00126034324057,0.000522363232449,-0.00193038815632,0.00110331980977,-0.00226928968914],[-0.000132534580189,-0.000149756975588,0.00255566369742,-0.000807468313724,-0.00301633495837,0.0091642215848,-0.0048501258716,-0.00175208353903,0.0020156968385,0.000745389144868,-0.00221546995454,0.00128948723432,0.0012419517152],[0.000158372917213,-0.000356875825673,-0.0012350914767,0.000827521202154,-0.00094126840122,-0.0048501258716,0.0126541797072,-0.00384187418967,-0.00263867923059,0.00175317912363,0.00313495052978,-0.00224768230692,0.000369957357179],[0.000224212213652,-0.0000442709388153,-0.000236528023379,0.00142211630009,0.000546440423932,-0.00175208353903,-0.00384187418967,0.0147208785638,-0.00795320607722,0.00184103555512,-0.00105569697917,0.00283112656325,-0.001394329709],[-0.0000582693137403,0.000806137511972,-0.000458428665297,-0.00286049745046,0.00126034324057,0.0020156968385,-0.00263867923059,-0.00795320607722,0.0193699989468,-0.00687894178554,0.00344522483647,-0.00392064312473,0.00199665431865],[0.00000144169484884,-0.000504662049934,0.000371855247067,-0.000402283738367,0.000522363232449,0.000745389144868,0.00175317912363,0.00184103555512,-0.00687894178554,0.0197787769139,-0.011106078513,0.00464301835746,-0.000763806689065],[0.000236178137129,-0.000461765826913,-0.000597470614593,0.00220278068446,-0.00193038815632,-0.00221546995454,0.00313495052978,-0.00105569697917,0.00344522483647,-0.011106078513,0.0209246072918,-0.0124919610098,0.00580053403974],[-0.000317647238262,0.000679965363815,0.000823255977593,-0.00169501127675,0.00110331980977,0.00128948723432,-0.00224768230692,0.00283112656325,-0.00392064312473,0.00464301835746,-0.0124919610098,0.0244575887918,-0.0136509798467],[0.000502887472976,-0.000266806979198,-0.00058836012613,-0.000805318297353,-0.00226928968914,0.0012419517152,0.000369957357179,-0.001394329709,0.00199665431865,-0.000763806689065,0.00580053403974,-0.0136509798467,0.0240411031991]],"mean":[-736.699890137,184.05140686,1.72985601425,26.5664691925,1.83234429359,14.1445827484,-2.24674201012,-8.74168777466,-5.482006073,4.44098520279,-0.20723412931,-3.99912858009,-7.37897920609]},"pitch_salience":{"dmean":0.0838423445821,"dmean2":0.137983351946,"dvar":0.00499427458271,"dvar2":0.013180940412,"max":0.902650535107,"mean":0.59284055233,"median":0.605191588402,"min":0.0335828065872,"var":0.0136473663151},"silence_rate_20dB":{"dmean":0,"dmean2":0,"dvar":0,"dvar2":0,"max":1,"mean":1,"median":1,"min":1,"var":0},"silence_rate_30dB":{"dmean":0.00239127175882,"dmean2":0.00478325877339,"dvar":0.00238555669785,"dvar2":0.0062551535666,"max":1,"mean":0.996712505817,"median":1,"min":0,"var":0.0032768631354},"silence_rate_60dB":{"dmean":0.00926617812365,"dmean2":0.0185351278633,"dvar":0.00918124336749,"dvar2":0.0238735228777,"max":1,"mean":0.0606694556773,"median":0,"min":0,"var":0.0569867007434},"spectral_centroid":{"dmean":130.105194092,"dmean2":200.649902344,"dvar":39831.8554688,"dvar2":75414.9140625,"max":11202.1044922,"mean":644.315551758,"median":483.488220215,"min":185.600646973,"var":420879.59375},"spectral_complexity":{"dmean":2.3243162632,"dmean2":3.71210765839,"dvar":6.13678693771,"dvar2":14.2986192703,"max":50,"mean":11.8783626556,"median":11,"min":0,"var":44.8217544556},"spectral_contrast_coeffs":{"dmean":[0.0582399405539,0.0501090884209,0.0393706597388,0.0304349642247,0.0213182121515,0.044919513166],"dmean2":[0.0958468466997,0.0821857973933,0.0659573078156,0.0499032624066,0.0347323827446,0.0717413723469],"dvar":[0.0020414586179,0.00155392743181,0.00103194429539,0.000650090514682,0.000314483680995,0.00196217023768],"dvar2":[0.00562224490568,0.00423365039751,0.00276516377926,0.00167412054725,0.000822540256195,0.00467400159687],"max":[-0.278497874737,-0.381766080856,-0.549685060978,-0.584116339684,-0.703790664673,-0.464038044214],"mean":[-0.615499913692,-0.754710912704,-0.802503705025,-0.806338489056,-0.850809693336,-0.78447675705],"median":[-0.612842381001,-0.761096477509,-0.809282779694,-0.810495495796,-0.849666833878,-0.801851630211],"min":[-0.952194571495,-0.983134686947,-0.970322132111,-0.976741433144,-0.960775732994,-0.957192420959],"var":[0.00975956395268,0.00636120792478,0.0043432675302,0.00419924641028,0.00115774048027,0.00475286552683]},"spectral_contrast_valleys":{"dmean":[0.393113046885,0.378343611956,0.365055501461,0.327022194862,0.3825327456,0.797517597675],"dmean2":[0.657026946545,0.60974162817,0.584610164165,0.508209347725,0.573672056198,1.28774595261],"dvar":[0.111815035343,0.11470977962,0.114915058017,0.116135835648,0.144808873534,0.494211196899],"dvar2":[0.281228899956,0.256769090891,0.252370476723,0.243561550975,0.274551302195,1.31140649319],"max":[-5.47793769836,-4.36833429337,-5.57440900803,-5.99472761154,-5.944231987,-9.14531898499],"mean":[-7.32620811462,-6.8189997673,-7.71122932434,-8.10927200317,-8.60462665558,-11.6890983582],"median":[-6.96956634521,-6.54683685303,-7.43645906448,-7.83015441895,-8.42624092102,-11.4996232986],"min":[-27.4011554718,-27.0062522888,-27.4148330688,-27.4049930573,-27.093164444,-27.3703517914],"var":[3.50868749619,3.09800004959,2.68218445778,2.47185277939,1.82422029972,1.62344539165]},"spectral_decrease":{"dmean":2.25941243492e-9,"dmean2":3.49120909959e-9,"dvar":6.10958495564e-18,"dvar2":1.41176586049e-17,"max":1.15495407356e-17,"mean":-6.66322730325e-9,"median":-5.61229951401e-9,"min":-3.67598538276e-8,"var":2.62484426134e-17},"spectral_energy":{"dmean":0.00876966677606,"dmean2":0.0135278515518,"dvar":0.0000919195808819,"dvar2":0.00021196086891,"max":0.141932442784,"mean":0.0261407587677,"median":0.0219727084041,"min":1.08911349275e-20,"var":0.000403335725423},"spectral_energyband_high":{"dmean":0.0000506048636453,"dmean2":0.0000770146434661,"dvar":1.57668775813e-8,"dvar2":3.06220613311e-8,"max":0.0057547390461,"mean":0.0000719857198419,"median":0.0000250087905442,"min":7.6896583824e-21,"var":4.3288565621e-8},"spectral_energyband_low":{"dmean":0.00322964438237,"dmean2":0.00541222980246,"dvar":0.0000206405820791,"dvar2":0.0000568429350096,"max":0.0734113007784,"mean":0.0061182458885,"median":0.00401066429913,"min":1.84409262267e-22,"var":0.0000450823317806},"spectral_energyband_middle_high":{"dmean":0.00091790582519,"dmean2":0.00141355558299,"dvar":0.00000254531551036,"dvar2":0.00000591466459809,"max":0.0378595888615,"mean":0.00246756267734,"median":0.000997681519948,"min":1.58115341849e-21,"var":0.0000119482510854},"spectral_energyband_middle_low":{"dmean":0.00730276899412,"dmean2":0.0112356925383,"dvar":0.0000784294388723,"dvar2":0.000177859401447,"max":0.129769995809,"mean":0.0181395597756,"median":0.0131465420127,"min":4.05838138606e-22,"var":0.000304534711177},"spectral_entropy":{"dmean":0.284051328897,"dmean2":0.440062701702,"dvar":0.0672320798039,"dvar2":0.154506951571,"max":9.79585456848,"mean":6.91906070709,"median":6.89852905273,"min":4.9656701088,"var":0.325079739094},"spectral_flux":{"dmean":0.0204104725271,"dmean2":0.0338090397418,"dvar":0.000377076416044,"dvar2":0.0010047359392,"max":0.248657882214,"mean":0.0805040150881,"median":0.0794142782688,"min":1.04360603492e-10,"var":0.00140379008371},"spectral_kurtosis":{"dmean":5.05793809891,"dmean2":8.20740890503,"dvar":26.9570064545,"dvar2":69.4154205322,"max":56.8099784851,"mean":15.1962804794,"median":14.0959186554,"min":-1.19279062748,"var":61.7950248718},"spectral_rms":{"dmean":0.000816856278107,"dmean2":0.00124334311113,"dvar":5.41673557564e-7,"dvar2":0.0000012156081084,"max":0.0117673557252,"mean":0.00462357746437,"median":0.00462998775765,"min":3.25967746719e-12,"var":0.00000412565304941},"spectral_rolloff":{"dmean":215.254089355,"dmean2":365.811431885,"dvar":320956.15625,"dvar2":844507.0625,"max":19121.484375,"mean":993.355102539,"median":495.263671875,"min":21.533203125,"var":6709933.5},"spectral_skewness":{"dmean":0.435880333185,"dmean2":0.673558294773,"dvar":0.163618773222,"dvar2":0.36982613802,"max":5.62284135818,"mean":2.76750254631,"median":2.81898283958,"min":-0.00719080353156,"var":0.584002017975},"spectral_spread":{"dmean":624992.625,"dmean2":1009458.375,"dvar":436652736512,"dvar2":888256004096,"max":40660140,"mean":3190434.25,"median":2896906,"min":1082835.625,"var":2294518120450},"spectral_strongpeak":{"dmean":0.400674730539,"dmean2":0.66077619791,"dvar":0.283569514751,"dvar2":0.728976070881,"max":11.7291545868,"mean":0.722628355026,"median":0.467277109623,"min":0,"var":0.57405424118},"zerocrossingrate":{"dmean":0.00433885073289,"dmean2":0.00563442986459,"dvar":0.0000662686288706,"dvar2":0.000103472390037,"max":0.52392578125,"mean":0.0338407643139,"median":0.02099609375,"min":0,"var":0.00510720489547}},"metadata":{"audio_properties":{"analysis_sample_rate":44100,"bit_rate":140573,"codec":"mp3","downmix":"mix","equal_loudness":0,"length":155.351272583,"lossless":false,"md5_encoded":"ae5b0c55c5048b5f3cebf2e873dba527","replay_gain":-1.98251342773,"sample_rate":44100},"tags":{"album":["The Complete Columbia Album Collection"],"albumartist":["Johnny Cash"],"albumartistsort":["Cash, Johnny"],"artist":["Johnny Cash"],"artists":["Johnny Cash"],"artistsort":["Cash, Johnny"],"asin":["B008DDC874"],"barcode":["886979104723"],"catalognumber":["88697910472"],"date":["2012-12-04"],"discnumber":["2/63"],"file_name":"02 - I Saw a Man.mp3","label":["Columbia","Legacy"],"media":["CD"],"musicbrainz album release country":["US"],"musicbrainz album status":["official"],"musicbrainz album type":["album","compilation"],"musicbrainz release track id":["b0d50c75-8c19-3d71-9b3a-96c614c6eb79"],"musicbrainz_albumartistid":["d43d12a1-2dc9-4257-a2fd-0a3bb1081b86"],"musicbrainz_albumid":["de36c451-000c-4488-9375-b6d40b6636e5"],"musicbrainz_artistid":["d43d12a1-2dc9-4257-a2fd-0a3bb1081b86"],"musicbrainz_recordingid":["4ea96c99-7e60-43c1-bd12-179a759e3881"],"musicbrainz_releasegroupid":["30578604-ce5e-4d3d-a09c-6c06fc4c526b"],"originaldate":["2012"],"script":["Latn"],"title":["I Saw a Man"],"tracknumber":["2/12"]},"version":{"essentia":"2.1-beta1","essentia_build_sha":"ca57ba49d9b1854bd80e60cf9ccf267278fb7d6b","essentia_git_sha":"v2.1_beta1-28-g21ef5f4-dirty","extractor":"music 1.0"}},"rhythm":{"beats_count":289,"beats_loudness":{"dmean":0.0188718158752,"dmean2":0.0332094356418,"dvar":0.000258114829194,"dvar2":0.000876657431945,"max":0.127518549562,"mean":0.0351628549397,"median":0.0333588793874,"min":7.6343409372e-10,"var":0.000346959684975},"beats_loudness_band_ratio":{"dmean":[0.231190994382,0.216207101941,0.119072251022,0.0519980639219,0.0280920043588,0.0133140888065],"dmean2":[0.398635208607,0.373605310917,0.207456961274,0.09