{"lowlevel":{"average_loudness":0.932140648365,"barkbands":{"dmean":[0.00184402626473,0.0119313113391,0.00517904385924,0.00211038673297,0.00284338905476,0.00163630372845,0.000822485482786,0.000715630070772,0.00101661554072,0.000473510619486,0.00031007808866,0.00024322399986,0.000105327482743,0.000106528023025,0.000161234318512,0.000102268037153,0.0000604603519605,0.0000888908252819,0.0000826892064651,0.0000366909116565,0.0000465611810796,0.0000289268136839,0.0000131970764414,0.0000141528325912,0.00000369814870282,0.0000464880686195,0.000435178983025],"dmean2":[0.00308731966652,0.0200523305684,0.00869647972286,0.00353381060995,0.00446493411437,0.00259494083002,0.00133451353759,0.00115849601571,0.00155941490084,0.000761532166507,0.000502487935591,0.00038348720409,0.000161161355209,0.000158010836458,0.000237591506448,0.000152361491928,0.0000858110797708,0.000124920581584,0.000111335517431,0.0000497137189086,0.0000621715735178,0.0000389598608308,0.0000171198589669,0.0000181062368938,0.00000588760030951,0.0000561529050174,0.000491503044032],"dvar":[0.0000112157476906,0.00031887559453,0.0000612766380073,0.0000194047188415,0.0000478920737805,0.0000345602020388,0.00000467225481771,0.00000685999430061,0.0000197390600079,0.00000489272906634,9.91644014903e-7,4.05648904689e-7,8.0832819549e-8,8.26114998631e-8,2.14157068967e-7,4.82887152486e-8,1.28668036226e-8,3.19269339855e-8,2.18922178163e-8,3.93683752264e-9,7.30571070306e-9,2.7443489703e-9,4.74271566464e-10,5.27796251149e-10,3.51633132334e-11,5.86232706823e-9,4.32756507962e-7],"dvar2":[0.0000278080387943,0.000861995329615,0.000166918136529,0.0000507031327288,0.00010626311996,0.0000754103457439,0.0000114283348012,0.0000174537835846,0.0000443773606094,0.0000114117774501,0.0000027503012916,9.56740109359e-7,1.63348715887e-7,1.6335825137e-7,4.08969611954e-7,1.09994516606e-7,2.66208441957e-8,6.53619238733e-8,4.46311894109e-8,7.70887087498e-9,1.4595894271e-8,5.65742475089e-9,8.91726970043e-10,9.62847468422e-10,8.29879706621e-11,1.00984856033e-8,6.54951747947e-7],"max":[0.0356181338429,0.305137515068,0.0911644846201,0.0808491110802,0.176057934761,0.220954090357,0.0588174909353,0.0586214587092,0.142014339566,0.075975432992,0.0304097626358,0.0213658902794,0.0107393050566,0.0120004657656,0.0149343665689,0.00485872011632,0.00229446869344,0.00330758118071,0.00229732599109,0.000855052028783,0.00200138078071,0.000601202889811,0.000268366216915,0.000236898937146,0.000115007533168,0.000881828193087,0.0088555617258],"mean":[0.00215101824142,0.0199905335903,0.00732278265059,0.00243450235575,0.00352874468081,0.00202796235681,0.00113149965182,0.000830043398309,0.00144421809819,0.000578158535063,0.000417527277023,0.000389936671127,0.000152795153554,0.000164114695508,0.000259057269432,0.000147859609569,0.0000875342666404,0.000129226318677,0.000117634277558,0.0000537661071576,0.0000646719709039,0.0000390573004552,0.0000184159525816,0.000019101484213,0.00000423695883001,0.0000652409507893,0.000757699308451],"median":[0.000988634885289,0.0131751541048,0.00433848053217,0.000820286222734,0.00089811370708,0.000361811980838,0.000303782930132,0.000177867768798,0.000259404914686,0.000102820915345,0.00013734807726,0.000153997534653,0.0000470588311146,0.0000467676545668,0.0000580397900194,0.0000511119069415,0.0000264205427811,0.0000340651895385,0.0000268281364697,0.000014265642676,0.0000125784918055,0.00000866553000378,0.00000411361634178,0.0000030741377941,0.00000163349807281,0.00000877356251294,0.000248972908594],"min":[5.26738302242e-25,2.42969947669e-24,1.1535706288e-24,7.71647910965e-25,7.00103955964e-24,8.73339704017e-24,8.22132612734e-24,7.86909578886e-24,2.68345867496e-23,3.12393904068e-23,1.16218980193e-23,2.51693487103e-23,3.66756612521e-23,3.89422826693e-23,5.19559569397e-23,6.60475181291e-23,8.4713349231e-23,1.12245680296e-22,1.1432019515e-22,2.24727160583e-22,2.74084458239e-22,3.3911946393e-22,4.14482388053e-22,5.86741311735e-22,9.06932253882e-22,1.2324873997e-21,2.16796364511e-21],"var":[0.0000118817542898,0.000488894816954,0.0000796700405772,0.0000242059431912,0.0000697340728948,0.0000510601130372,0.00000695778999216,0.00000716394424671,0.0000334459800797,0.00000646164016871,0.00000129929026116,7.89971522863e-7,1.47798644434e-7,1.83596384318e-7,6.05007812737e-7,7.25533624291e-8,2.39117667888e-8,5.76054688395e-8,4.30992308509e-8,8.04909028318e-9,1.3336079796e-8,4.60574645089e-9,9.51386636139e-10,1.05108199921e-9,4.49976896022e-11,1.27814479001e-8,0.00000127310408971]},"barkbands_crest":{"dmean":3.01473927498,"dmean2":4.98372173309,"dvar":6.78088855743,"dvar2":18.2325935364,"max":25.1936836243,"mean":13.8998947144,"median":13.8468618393,"min":2.84024238586,"var":21.5333271027},"barkbands_flatness_db":{"dmean":0.0368132926524,"dmean2":0.0552532114089,"dvar":0.000981501536444,"dvar2":0.00226614740677,"max":0.540980160236,"mean":0.18924947083,"median":0.179333299398,"min":0.040637973696,"var":0.0060091111809},"barkbands_kurtosis":{"dmean":19.3415489197,"dmean2":30.1401290894,"dvar":1294.8494873,"dvar2":3125.38842773,"max":985.23059082,"mean":44.7883872986,"median":17.6475696564,"min":-1.87901687622,"var":7522.984375},"barkbands_skewness":{"dmean":1.16616415977,"dmean2":1.79062759876,"dvar":1.29021823406,"dvar2":3.05780267715,"max":23.5094509125,"mean":4.49609327316,"median":3.74805045128,"min":-2.10656738281,"var":9.61068058014},"barkbands_spread":{"dmean":7.22277593613,"dmean2":10.5922956467,"dvar":75.7005996704,"dvar2":161.451919556,"max":138.174575806,"mean":17.7712955475,"median":12.538310051,"min":0.202669367194,"var":279.607208252},"dissonance":{"dmean":0.0211717803031,"dmean2":0.0354033857584,"dvar":0.000502324197441,"dvar2":0.00134950899519,"max":0.500000059605,"mean":0.465539634228,"median":0.475059747696,"min":0.207660764456,"var":0.00105549674481},"dynamic_complexity":3.64843153954,"erbbands":{"dmean":[0.321317344904,2.91279292107,6.96013593674,5.51933145523,8.33561515808,9.87333011627,14.1849994659,11.3423490524,8.63800048828,16.2811965942,19.7859230042,22.8328113556,14.3286542892,11.2048206329,11.3143529892,9.19595909119,4.92894697189,3.94672465324,8.76538085938,6.22047233582,4.9437623024,3.62019443512,4.64259624481,5.12854909897,2.937759161,1.59839594364,1.58433997631,1.94331920147,1.14241063595,0.638570547104,0.337148606777,0.331314057112,0.194143369794,0.0548089146614,0.0229303017259,0.0546262711287,0.105821408331,0.10982798785,0.0500588454306,0.00973787810653],"dmean2":[0.533020198345,4.9424366951,11.6034507751,9.06757831573,13.3445425034,15.7893943787,22.7410678864,17.592382431,14.0222063065,25.7686405182,31.7655105591,35.1024932861,23.1319770813,17.5588436127,18.2141685486,14.381731987,7.44565534592,5.67231559753,12.4743328094,9.17195701599,7.1765165329,4.96982526779,6.4941740036,6.83839797974,3.82831931114,2.11321520805,2.12547206879,2.66415596008,1.54017758369,0.846687793732,0.43662288785,0.422963112593,0.25595510006,0.0821922719479,0.0369918383658,0.0715442821383,0.127433016896,0.132366612554,0.0594244711101,0.0117026949301],"dvar":[0.290984690189,18.7945098877,103.956672668,97.7289428711,408.735565186,674.056945801,2548.0090332,1285.79650879,306.450683594,3088.53979492,6205.68652344,11161.3867188,4176.89550781,1207.87145996,1291.62438965,508.70916748,151.179962158,64.8971176147,659.161865234,236.756958008,120.266372681,45.7847099304,91.452255249,79.6839141846,28.4283828735,7.40567541122,9.61782360077,12.7278013229,4.22305059433,1.26363551617,0.295362055302,0.294848203659,0.10269741714,0.00764160789549,0.00142547383439,0.00818399898708,0.0307916086167,0.0324286594987,0.00673783244565,0.000189939310076],"dvar2":[0.753679394722,51.6775398254,280.501861572,252.515777588,944.042419434,1506.45251465,5498.47509766,2856.17285156,772.815490723,7127.19238281,15844.0976562,24856.0742188,9693.63085938,2945.16625977,3542.66601562,1184.69250488,309.313995361,122.893058777,1260.40466309,542.995178223,262.490905762,92.0213775635,184.995727539,155.802047729,57.4636917114,14.440123558,19.9578723907,26.1972255707,8.55378913879,2.5435898304,0.537457823753,0.53931671381,0.194133877754,0.0162263847888,0.00351361604407,0.0149630168453,0.0535576567054,0.0546373352408,0.0112727722153,0.000293103337754],"max":[8.61202144623,67.4587936401,123.777160645,146.598922729,590.502807617,908.873962402,1929.21679688,957.300231934,410.077026367,2151.80224609,2259.66894531,3568.16918945,2546.68847656,1117.31054688,1191.14538574,692.212585449,457.198669434,242.783355713,881.074523926,384.802459717,270.465789795,135.771514893,185.06729126,132.341903687,98.6555099487,39.8369598389,108.543403625,48.4684867859,21.9047260284,13.412733078,6.42903900146,5.93748474121,3.37986516953,1.36144089699,0.785260617733,1.01653504372,1.93923306465,2.02617239952,1.54571831226,0.21285264194],"mean":[0.477853536606,4.59988021851,10.4359083176,7.72631454468,9.98528671265,11.59897995,16.8728275299,14.5165052414,11.9671964645,21.3862419128,24.9790630341,32.300113678,18.6944694519,15.9541769028,17.3556041718,15.2254676819,7.82906293869,6.54667234421,14.2339897156,9.87085533142,7.36444377899,5.42474985123,6.88580226898,7.41003036499,4.27434301376,2.3953037262,2.24159693718,2.61364412308,1.56006860733,0.868507087231,0.476162880659,0.460941255093,0.251338839531,0.0669025629759,0.0262892954051,0.0710438117385,0.148127794266,0.160399034619,0.0779470279813,0.0217937119305],"median":[0.266098499298,2.83166837692,6.31702327728,4.09488677979,2.67504644394,2.7520236969,3.37508487701,2.82601618767,3.51102638245,4.71834182739,4.76876497269,5.70809173584,4.19453144073,4.42473316193,5.97143268585,6.14109420776,2.53824901581,2.25436973572,3.31571388245,3.11036252975,2.59308385849,1.68663132191,1.94656586647,1.71584141254,0.994912981987,0.670211076736,0.467344343662,0.495620787144,0.345407932997,0.187248021364,0.110946521163,0.0774354189634,0.0434632450342,0.0210218653083,0.0116220097989,0.0131077533588,0.017949603498,0.0257371831685,0.0162472520024,0.0127314869314],"min":[1.22035545104e-22,4.17531303898e-22,1.52657232178e-21,4.89264771135e-21,1.53693195116e-20,3.47058877139e-20,5.02643860166e-20,6.15069402262e-20,1.56265494177e-19,2.13465964113e-19,3.76171628045e-19,5.97652106339e-19,7.39061992476e-19,1.00689862872e-18,1.13045728516e-18,1.73831592138e-18,1.90375390504e-18,2.5351197735e-18,2.76799344981e-18,3.01098478578e-18,3.35479289481e-18,5.43014707229e-18,6.58991757041e-18,7.36834705279e-18,7.1910830747e-18,9.50197755199e-18,9.96856614729e-18,1.0023985594e-17,1.21518953121e-17,9.50529454625e-18,1.16451049118e-17,1.19370392838e-17,1.00570868805e-17,8.10384792933e-18,6.42812683286e-18,4.07143136505e-18,2.26636258863e-18,9.6666456373e-19,2.48464454044e-19,2.95681655318e-20],"var":[0.37606960535,28.8568191528,150.962203979,124.849655151,568.374450684,964.098144531,3639.03710938,2009.14038086,492.071228027,4600.81787109,7487.70019531,17916.6699219,5693.12402344,1833.31201172,1927.99841309,1064.77355957,315.469543457,163.924133301,1681.53833008,463.053161621,183.468475342,88.1232452393,165.928939819,160.1353302,58.7207527161,15.6893177032,16.8554763794,21.9801063538,7.29643201828,2.23966670036,0.614609837532,0.602745354176,0.188730716705,0.0116271795705,0.0016921935603,0.0151972062886,0.0666512325406,0.0743395462632,0.0169769227505,0.000599168182816]},"erbbands_crest":{"dmean":2.45629429817,"dmean2":3.9958615303,"dvar":6.20947408676,"dvar2":15.0887498856,"max":28.9898548126,"mean":7.99320411682,"median":6.87579488754,"min":2.3439719677,"var":17.4213008881},"erbbands_flatness_db":{"dmean":0.0239023268223,"dmean2":0.0349115133286,"dvar":0.000519854365848,"dvar2":0.00115548574831,"max":0.310060799122,"mean":0.115871891379,"median":0.107103921473,"min":0.0383465029299,"var":0.00210667052306},"erbbands_kurtosis":{"dmean":1.30773413181,"dmean2":2.09241318703,"dvar":9.94626522064,"dvar2":26.5788955688,"max":59.4098739624,"mean":0.9279910326,"median":-0.0976538658142,"min":-1.72201359272,"var":14.4889345169},"erbbands_skewness":{"dmean":0.391748279333,"dmean2":0.602623701096,"dvar":0.168459296227,"dvar2":0.429352521896,"max":6.8230175972,"mean":0.524226844311,"median":0.421923458576,"min":-3.63566756248,"var":0.676289319992},"erbbands_spread":{"dmean":8.99804782867,"dmean2":13.4716472626,"dvar":68.2184829712,"dvar2":148.607849121,"max":142.376464844,"mean":40.7572593689,"median":39.897064209,"min":2.59440779686,"var":322.126098633},"gfcc":{"cov":[[26047.4609375,998.651000977,-1140.71606445,-488.778167725,-474.088684082,-645.157409668,-396.053070068,-230.175201416,-248.996078491,-303.984863281,-213.04776001,-2.65351390839,-302.381896973],[998.651000977,1110.15161133,57.7629699707,-301.461425781,87.6829833984,16.0167350769,-17.9997520447,-14.6665935516,24.5553150177,-55.0513076782,46.7844352722,-115.987266541,46.405544281],[-1140.71606445,57.7629699707,362.401794434,150.839202881,20.5551757812,125.504798889,-20.4358520508,64.6308059692,-2.48586893082,23.5391139984,20.4774570465,-21.2442951202,18.5410614014],[-488.778167725,-301.461425781,150.839202881,305.408660889,57.9685440063,62.7227630615,44.4203948975,19.2315940857,10.1868600845,25.4623584747,-7.77775335312,34.4986305237,-21.2400188446],[-474.088684082,87.6829833984,20.5551757812,57.9685440063,199.210067749,72.8252105713,76.0642471313,-9.93006038666,30.2095813751,-9.11549854279,13.5702447891,-11.3555603027,11.1437072754],[-645.157409668,16.0167350769,125.504798889,62.7227630615,72.8252105713,207.051895142,22.9729824066,55.0553283691,-16.9408855438,4.46095705032,9.68431949615,-24.86003685,30.4691543579],[-396.053070068,-17.9997520447,-20.4358520508,44.4203948975,76.0642471313,22.9729824066,148.396957397,36.0355873108,58.9602203369,-3.66977095604,5.84801149368,19.4434833527,-16.9011192322],[-230.175201416,-14.6665935516,64.6308059692,19.2315940857,-9.93006038666,55.0553283691,36.0355873108,120.650985718,40.7649345398,14.5566215515,11.9017658234,-11.3711605072,0.68442428112],[-248.996078491,24.5553150177,-2.48586893082,10.1868600845,30.2095813751,-16.9408855438,58.9602203369,40.7649345398,85.049079895,25.2600841522,14.0278654099,6.03956222534,-9.86528205872],[-303.984863281,-55.0513076782,23.5391139984,25.4623584747,-9.11549854279,4.46095705032,-3.66977095604,14.5566215515,25.2600841522,51.4876556396,19.6245117188,6.08386850357,2.77771043777],[-213.04776001,46.7844352722,20.4774570465,-7.77775335312,13.5702447891,9.68431949615,5.84801149368,11.9017658234,14.0278654099,19.6245117188,44.985118866,12.9706325531,10.7735023499],[-2.65351390839,-115.987266541,-21.2442951202,34.4986305237,-11.3555603027,-24.86003685,19.4434833527,-11.3711605072,6.03956222534,6.08386850357,12.9706325531,59.5290641785,5.65071868896],[-302.381896973,46.405544281,18.5410614014,-21.2400188446,11.1437072754,30.4691543579,-16.9011192322,0.68442428112,-9.86528205872,2.77771043777,10.7735023499,5.65071868896,54.0335044861]],"icov":[[0.0000783437571954,-0.000284775916953,0.000421350734541,-0.000296876649372,0.0000549321848666,-0.0000240993376792,0.000409526342992,-0.00036114451359,0.000265796086751,0.0000120398890431,0.000399763463065,-0.000602385087404,0.000587848131545],[-0.000284775916953,0.00365884439088,-0.00309644010849,0.003392374143,-0.000538916036021,0.000462702533696,-0.00196090317331,0.00325850956142,-0.00348537135869,0.00394268753007,-0.0054531772621,0.00688064377755,-0.00361566850916],[0.000421350734541,-0.00309644010849,0.00869413744658,-0.0065321335569,0.0019092526054,-0.00230055116117,0.00416698958725,-0.00394498370588,0.00148075353354,-0.00033389069722,0.000358839257387,-0.00223782914691,0.00217311573215],[-0.000296876649372,0.003392374143,-0.0065321335569,0.011083024554,-0.00420831143856,0.0000280182448478,-0.00244755367748,0.00192269356921,-0.00031761592254,-0.00272340141237,0.0024935726542,-0.00219498644583,0.00189977651462],[0.0000549321848666,-0.000538916036021,0.0019092526054,-0.00420831143856,0.0120592778549,-0.00412596203387,-0.00391990318894,0.00643865438178,-0.00634866394103,0.00636262819171,-0.00658634165302,0.0069600683637,-0.00390811823308],[-0.0000240993376792,0.000462702533696,-0.00230055116117,0.0000280182448478,-0.00412596203387,0.0112436236814,-0.00310173700564,-0.0052979583852,0.00825669616461,-0.00327987666242,-0.0000310811119562,0.00393773941323,-0.00485369935632],[0.000409526342992,-0.00196090317331,0.00416698958725,-0.00244755367748,-0.00391990318894,-0.00310173700564,0.0179882161319,-0.00518355611712,-0.00733180996031,0.00494322739542,0.00383653584868,-0.0112237902358,0.00864963792264],[-0.00036114451359,0.00325850956142,-0.00394498370588,0.00192269356921,0.00643865438178,-0.0052979583852,-0.00518355611712,0.0201169028878,-0.0136712472886,0.00689839012921,-0.00926768872887,0.0115512041375,-0.00513748638332],[0.000265796086751,-0.00348537135869,0.00148075353354,-0.00031761592254,-0.00634866394103,0.00825669616461,-0.00733180996031,-0.0136712472886,0.0351668000221,-0.0208361055702,0.00799046177417,-0.00770849268883,0.00508584687486],[0.0000120398890431,0.00394268753007,-0.00033389069722,-0.00272340141237,0.00636262819171,-0.00327987666242,0.00494322739542,0.00689839012921,-0.0208361055702,0.0426354184747,-0.022334722802,0.0117916502059,-0.00505447341129],[0.000399763463065,-0.0054531772621,0.000358839257387,0.0024935726542,-0.00658634165302,-0.0000310811119562,0.00383653584868,-0.00926768872887,0.00799046177417,-0.022334722802,0.0471229553223,-0.0256164167076,0.00636117672548],[-0.000602385087404,0.00688064377755,-0.00223782914691,-0.00219498644583,0.0069600683637,0.00393773941323,-0.0112237902358,0.0115512041375,-0.00770849268883,0.0117916502059,-0.0256164167076,0.046405531466,-0.0184472128749],[0.000587848131545,-0.00361566850916,0.00217311573215,0.00189977651462,-0.00390811823308,-0.00485369935632,0.00864963792264,-0.00513748638332,0.00508584687486,-0.00505447341129,0.00636117672548,-0.0184472128749,0.033065892756]],"mean":[-41.8285140991,93.8926086426,-55.1192741394,3.13550543785,-6.24999570847,-8.57762336731,4.21862983704,-6.51404094696,0.181878358126,-8.05659389496,-6.97730731964,-1.99524104595,-9.6435213089]},"hfc":{"dmean":138.30670166,"dmean2":219.458816528,"dvar":33015.2226562,"dvar2":79100.921875,"max":3513.77563477,"mean":319.710235596,"median":243.289428711,"min":1.08616503899e-16,"var":81447.1328125},"melbands":{"dmean":[0.00301358103752,0.00371659640223,0.00099031755235,0.000676547992043,0.00045575061813,0.00026325249928,0.000137274590088,0.000166306606843,0.000187462093891,0.000130635249661,0.0000727890292183,0.0000483613621327,0.0000440576477558,0.0000302810694848,0.000017292535631,0.0000082000024122,0.00000773935971665,0.0000146728407344,0.0000116094361147,0.00000763840125728,0.0000053573180594,0.00000345888679476,0.00000483990379507,0.00000408513415096,0.00000444348688688,0.0000026508157589,0.00000173391572389,9.14476913749e-7,0.00000101617615655,9.50017181367e-7,0.0000012749741245,6.49859146051e-7,5.15770466336e-7,3.15474778745e-7,1.95512143364e-7,1.84974993545e-7,2.199422795e-7,1.51058827669e-7,9.34636048555e-8,3.2009118911e-8],"dmean2":[0.00503790006042,0.00621401937678,0.00159811554477,0.00107959483285,0.000725084624719,0.000409143423894,0.00022280018311,0.000263651716523,0.000298914208543,0.000200932350708,0.000117952935398,0.0000761090705055,0.0000717964503565,0.0000482903014927,0.0000267979503406,0.0000124480911836,0.0000115465654744,0.0000213404837268,0.0000173864718818,0.0000115802158689,0.00000783958603279,0.00000496783422932,0.0000070046885412,0.00000577091259402,0.00000608679010838,0.00000363302274309,0.00000242053056354,0.00000126949862533,0.00000141285386235,0.0000013262547327,0.00000180929055205,9.00441364138e-7,7.238019748e-7,4.24915498343e-7,2.6118112828e-7,2.43439615133e-7,2.86973630637e-7,2.02280418193e-7,1.31628922873e-7,5.14655020822e-8],"dvar":[0.0000219680896407,0.0000287876282528,0.00000315703687193,0.00000265849757852,0.00000219057619688,7.20220498351e-7,8.45900984814e-8,3.04255735273e-7,5.79781499255e-7,3.30386427549e-7,1.16312854459e-7,2.8063981361e-8,2.29169039301e-8,7.43150430083e-9,1.82491988188e-9,3.32321448138e-10,2.74586742233e-10,1.8129393542e-9,1.2103569258e-9,2.72020378445e-10,1.53401555347e-10,4.7856486135e-11,8.77888525763e-11,7.75095196359e-11,6.20794735062e-11,2.78324360087e-11,9.74997600017e-12,2.67267761742e-12,4.05172076445e-12,3.28770691227e-12,5.91386358287e-12,1.44117768934e-12,9.6495370288e-13,3.21381620318e-13,1.07570087549e-13,9.52378231616e-14,1.37199401688e-13,6.56923381795e-14,2.59855461123e-14,2.76861527953e-15],"dvar2":[0.0000580832056585,0.0000764863798395,0.00000785989959695,0.00000586923988521,0.00000474189801025,0.00000158741045198,2.12829888824e-7,6.96827953561e-7,0.00000143303418554,7.3397518463e-7,2.70223637244e-7,6.84323708811e-8,6.47221227723e-8,1.81985129188e-8,4.13283407497e-9,6.97564450647e-10,5.431328165e-10,3.60658236609e-9,2.4767217166e-9,6.67136179633e-10,3.37469857614e-10,1.04005103141e-10,1.82043047303e-10,1.66840402605e-10,1.25820465158e-10,6.32461444328e-11,1.97523976342e-11,5.71388335951e-12,8.61449193229e-12,6.81953235201e-12,1.28412324177e-11,3.03808627561e-12,2.13925513588e-12,6.5522657829e-13,2.1118874607e-13,1.78322932592e-13,2.64626292884e-13,1.29413515494e-13,5.22202723771e-14,6.69082802333e-15],"max":[0.0842929631472,0.0771697834134,0.0268313307315,0.0494134835899,0.050206374377,0.024196818471,0.00633717561141,0.0213129017502,0.0235188435763,0.0191803295165,0.0131682893261,0.00601261202246,0.00495467847213,0.00309282401577,0.00119683099911,0.000507953052875,0.000500722788274,0.00135389505886,0.00102069298737,0.000400665187044,0.000328140158672,0.000169917853782,0.000146792954183,0.000184629621799,0.000114838294394,0.00012614793377,0.0000398451338697,0.0000309823881253,0.0000670857989462,0.0000432953784184,0.0000363209110219,0.0000130231910589,0.0000152602333401,0.00000740932136978,0.00000459413058707,0.00000500273972648,0.00000471122666568,0.00000290928369395,0.00000208473875318,0.00000110541168397],"mean":[0.00489589618519,0.00605833018199,0.00144290854223,0.00080430007074,0.000564576825127,0.000338226935128,0.000192275285372,0.000216710643144,0.000238818116486,0.000184745716979,0.0000906487184693,0.0000657035780023,0.0000610670176684,0.0000484181437059,0.0000265563030553,0.0000124723037516,0.0000120068007163,0.0000228090812016,0.0000181198138307,0.0000109532966235,0.00000763719253882,0.00000497786368214,0.00000675213732393,0.00000579291827307,0.00000622230254521,0.00000367320490113,0.00000240869735535,0.00000131769195377,0.0000014002592934,0.00000128481769934,0.00000163721983881,8.63014918195e-7,6.67844119562e-7,4.22826730073e-7,2.68344194865e-7,2.5626601996e-7,2.97753814493e-7,1.93247103653e-7,1.12584061185e-7,3.55709062205e-8],"median":[0.00322117004544,0.00382459070534,0.000743066077121,0.000194383843336,0.000126651662868,0.0000646110420348,0.0000558599203941,0.0000485032360302,0.0000394160742871,0.0000351152048097,0.0000196984437935,0.0000166386435012,0.0000203527924896,0.000019125180188,0.00000846464263304,0.0000042207639126,0.00000390918648918,0.00000521179981661,0.00000403027570428,0.00000384287613997,0.00000252262952927,0.00000153549081006,0.00000183192275927,0.00000149980201058,0.00000139235294228,8.18078319753e-7,5.94845687374e-7,3.7569276401e-7,2.90770628908e-7,2.58216118709e-7,2.87540217414e-7,1.90389727095e-7,1.4338442611e-7,8.84262050249e-8,6.42698410047e-8,5.12509714667e-8,4.42800853762e-8,3.13700567744e-8,2.18348006342e-8,1.35684299352e-8],"min":[9.8404422305e-25,5.28359657921e-25,1.08295525183e-24,1.73996722725e-24,1.71778288087e-24,1.5110468923e-24,1.90966106872e-24,2.06508638857e-24,3.09947689789e-24,3.83720916404e-24,3.4264804507e-24,3.4016159494e-24,2.67402922334e-24,3.2398032228e-24,4.16747090961e-24,4.43919562613e-24,4.14601389299e-24,3.73655919001e-24,3.14076094729e-24,3.23261847489e-24,3.27470420418e-24,4.39700379505e-24,5.3384907472e-24,5.19884698419e-24,5.78512762009e-24,4.94264310597e-24,5.19841153297e-24,5.77550075603e-24,5.50666090384e-24,5.50791519267e-24,5.38883072257e-24,5.88908804891e-24,5.29659513338e-24,4.85780900423e-24,5.87131264613e-24,5.21502691578e-24,6.41807647828e-24,5.23306106494e-24,6.53623403681e-24,6.48047064272e-24],"var":[0.0000308137023239,0.0000467606514576,0.000004569423254,0.0000039707401811,0.00000318769775731,0.00000112673717467,1.32596355229e-7,4.53804943845e-7,8.14783390979e-7,5.33045351858e-7,1.52801987952e-7,3.92657071302e-8,2.93709785382e-8,1.34347732939e-8,3.56636986609e-9,6.65572597036e-10,6.41149744407e-10,4.18113721423e-9,3.02229397064e-9,3.98918204025e-10,2.20450283028e-10,8.22236029263e-11,1.4972091622e-10,1.27660715332e-10,1.1623055296e-10,5.00967843597e-11,1.75337886571e-11,5.1529731003e-12,6.81346949347e-12,5.61238035213e-12,9.23761327848e-12,2.31899330468e-12,1.42587569356e-12,5.5542468411e-13,2.02201970445e-13,1.90488006228e-13,2.60627836587e-13,1.14793198276e-13,4.11354367995e-14,3.34756611062e-15]},"melbands_crest":{"dmean":3.70682191849,"dmean2":6.23770952225,"dvar":10.7959823608,"dvar2":29.8671188354,"max":37.8205223083,"mean":19.3981456757,"median":19.4429073334,"min":1.70986926556,"var":35.5763435364},"melbands_flatness_db":{"dmean":0.0447619967163,"dmean2":0.0669721215963,"dvar":0.00138719880488,"dvar2":0.00322988093831,"max":0.700061261654,"mean":0.319383203983,"median":0.312519878149,"min":0.00358629762195,"var":0.00914893206209},"melbands_kurtosis":{"dmean":26.347618103,"dmean2":43.060131073,"dvar":4660.31689453,"dvar2":10864.0429688,"max":2421.54663086,"mean":65.4985961914,"median":29.0830745697,"min":-1.863458395,"var":28711.9257812},"melbands_skewness":{"dmean":1.26511526108,"dmean2":2.03389191628,"dvar":1.55749380589,"dvar2":3.96360826492,"max":36.9039421082,"mean":5.04630851746,"median":4.48031616211,"min":-0.95292955637,"var":12.3514118195},"melbands_spread":{"dmean":3.25197672844,"dmean2":5.15791702271,"dvar":28.8125247955,"dvar2":69.5593109131,"max":213.448272705,"mean":9.42688751221,"median":5.44848203659,"min":0.0896983742714,"var":362.685424805},"mfcc":{"cov":[[12846.4023438,736.879394531,-692.839782715,352.690979004,-547.001220703,-184.623764038,-413.273620605,-63.4834632874,-327.572235107,-71.3555755615,-258.913146973,-99.3811264038,-357.053375244],[736.879394531,1514.12548828,-44.6867294312,-109.113822937,17.8493366241,-11.2859840393,14.3077468872,-21.8942222595,21.2042922974,-9.67239189148,40.1268043518,-53.1021080017,47.7889595032],[-692.839782715,-44.6867294312,389.20223999,34.3726844788,105.022895813,19.3806209564,53.9295578003,5.2533493042,32.2782859802,14.0867586136,19.056230545,27.9799308777,17.1868743896],[352.690979004,-109.113822937,34.3726844788,227.056747437,19.7735710144,46.0264968872,-7.21184492111,38.446849823,6.00601911545,12.361330986,9.07101535797,31.694776535,-4.35830926895],[-547.001220703,17.8493366241,105.022895813,19.7735710144,161.833206177,76.3518447876,71.1501159668,9.2524805069,30.0712471008,16.3673667908,9.02409744263,1.87015211582,17.5466213226],[-184.623764038,-11.2859840393,19.3806209564,46.0264968872,76.3518447876,135.565032959,66.8571929932,29.8536262512,16.134267807,7.31924915314,-3.4803788662,-7.20930242538,9.09397315979],[-413.273620605,14.3077468872,53.9295578003,-7.21184492111,71.1501159668,66.8571929932,105.462341309,48.3197441101,36.7916145325,11.2204885483,11.2674446106,5.76332426071,20.2436294556],[-63.4834632874,-21.8942222595,5.2533493042,38.446849823,9.2524805069,29.8536262512,48.3197441101,103.101097107,52.0711593628,16.5435810089,21.2123680115,30.7112464905,15.3349237442],[-327.572235107,21.2042922974,32.2782859802,6.00601911545,30.0712471008,16.134267807,36.7916145325,52.0711593628,78.3517379761,30.808139801,28.8847236633,20.4516220093,24.1358356476],[-71.3555755615,-9.67239189148,14.0867586136,12.361330986,16.3673667908,7.31924915314,11.2204885483,16.5435810089,30.808139801,56.0368003845,25.0808849335,14.2630262375,0.9783821702],[-258.913146973,40.1268043518,19.056230545,9.07101535797,9.02409744263,-3.4803788662,11.2674446106,21.2123680115,28.8847236633,25.0808849335,69.4419021606,29.5085697174,20.6886024475],[-99.3811264038,-53.1021080017,27.9799308777,31.694776535,1.87015211582,-7.20930242538,5.76332426071,30.7112464905,20.4516220093,14.2630262375,29.5085697174,67.2933197021,24.1863670349],[-357.053375244,47.7889595032,17.1868743896,-4.35830926895,17.5466213226,9.09397315979,20.2436294556,15.3349237442,24.1358356476,0.9783821702,20.6886024475,24.1863670349,57.813533783]],"icov":[[0.000152613967657,-0.000150090651005,0.00012511103705,-0.000273126352113,0.000273399607977,-0.00000368970290765,0.000177411362529,-0.000224142509978,0.000364387669833,-0.000213976032683,0.000490603211801,-0.000274691032246,0.00071460561594],[-0.000150090651005,0.000911821553018,-0.0000365216328646,0.00046846276382,-0.000408962077927,0.000124956655782,-0.000101553312561,0.000215584019315,-0.000467543606646,0.000413330562878,-0.00121081620455,0.00135026255157,-0.00149505259469],[0.00012511103705,-0.0000365216328646,0.00360004371032,-0.000937899865676,-0.00186827173457,0.00144845794421,-0.00157877162565,0.00127496710047,-0.000765722594224,0.000399732554797,0.000303899229039,-0.00150054623373,0.00104766874574],[-0.000273126352113,0.00046846276382,-0.000937899865676,0.00697301561013,-0.00135327200405,-0.00346627086401,0.00433156872168,-0.00313042802736,0.000893184973393,-0.000159588453243,-0.00115291622933,-0.00187365128659,-0.000173744134372],[0.000273399607977,-0.000408962077927,-0.00186827173457,-0.00135327200405,0.0132200215012,-0.00438457867131,-0.00552025809884,0.00469782482833,-0.00244596786797,-0.00150069140363,0.00109486794099,-0.000719199480955,0.00079976010602],[-0.00000368970290765,0.000124956655782,0.00144845794421,-0.00346627086401,-0.00438457867131,0.0150006171316,-0.00768430484459,-0.00105619383976,0.0019957611803,-0.00100764189847,0.00136419443879,0.00360878929496,-0.00169002974872],[0.000177411362529,-0.000101553312561,-0.00157877162565,0.00433156872168,-0.00552025809884,-0.00768430484459,0.0249577201903,-0.010816202499,0.000508546130732,-0.000127768013044,-0.0000831368161016,0.00148781365715,-0.0018132351106],[-0.000224142509978,0.000215584019315,0.00127496710047,-0.00313042802736,0.00469782482833,-0.00105619383976,-0.010816202499,0.0238149315119,-0.0139280660078,0.00359124713577,-0.00058101961622,-0.00667842617258,0.00278901658021],[0.000364387669833,-0.000467543606646,-0.000765722594224,0.000893184973393,-0.00244596786797,0.0019957611803,0.000508546130732,-0.0139280660078,0.030679507181,-0.0119985565543,-0.0013961592922,0.00279200775549,-0.00639673415571],[-0.000213976032683,0.000413330562878,0.000399732554797,-0.000159588453243,-0.00150069140363,-0.00100764189847,-0.000127768013044,0.00359124713577,-0.0119985565543,0.0278360489756,-0.00780118629336,-0.00293259648606,0.00646867090836],[0.000490603211801,-0.00121081620455,0.000303899229039,-0.00115291622933,0.00109486794099,0.00136419443879,-0.0000831368161016,-0.00058101961622,-0.0013961592922,-0.00780118629336,0.0240557566285,-0.00743181630969,-0.00129447726067],[-0.000274691032246,0.00135026255157,-0.00150054623373,-0.00187365128659,-0.000719199480955,0.00360878929496,0.00148781365715,-0.00667842617258,0.00279200775549,-0.00293259648606,-0.00743181630969,0.0275508798659,-0.0115891136229],[0.00071460561594,-0.00149505259469,0.00104766874574,-0.000173744134372,0.00079976010602,-0.00169002974872,-0.0018132351106,0.00278901658021,-0.00639673415571,0.00646867090836,-0.00129447726067,-0.0115891136229,0.030412433669]],"mean":[-709.830078125,160.180603027,11.1142416,32.9903564453,9.65901184082,15.5166158676,7.84493207932,15.1310338974,7.20763492584,6.41625213623,4.03470134735,3.61231088638,1.17016768456]},"pitch_salience":{"dmean":0.0858416482806,"dmean2":0.139206752181,"dvar":0.00544288707897,"dvar2":0.0142899723724,"max":0.817746937275,"mean":0.430479258299,"median":0.431230068207,"min":0.0344303287566,"var":0.0189001150429},"silence_rate_20dB":{"dmean":0,"dmean2":0,"dvar":0,"dvar2":0,"max":1,"mean":1,"median":1,"min":1,"var":0},"silence_rate_30dB":{"dmean":0.115186959505,"dmean2":0.230414748192,"dvar":0.101919703186,"dvar2":0.211716264486,"max":1,"mean":0.850992202759,"median":1,"min":0,"var":0.12681055069},"silence_rate_60dB":{"dmean":0.0035442141816,"dmean2":0.00708968471736,"dvar":0.00353170488961,"dvar2":0.0077477353625,"max":1,"mean":0.0446491837502,"median":0,"min":0,"var":0.0426533930004},"spectral_centroid":{"dmean":195.610443115,"dmean2":281.695709229,"dvar":57160.5117188,"dvar2":112904.929688,"max":11547.8857422,"mean":804.630432129,"median":610.248168945,"min":90.9048080444,"var":1059979.125},"spectral_complexity":{"dmean":3.89969873428,"dmean2":4.99787330627,"dvar":20.0129356384,"dvar2":27.2174625397,"max":55,"mean":13.1851520538,"median":11,"min":0,"var":90.8013153076},"spectral_contrast_coeffs":{"dmean":[0.0532423481345,0.0454567447305,0.0348589420319,0.0282396972179,0.0244822930545,0.0346681065857],"dmean2":[0.0889066234231,0.0761688277125,0.0584224835038,0.046658411622,0.0389951877296,0.0519002601504],"dvar":[0.00182304752525,0.00143755460158,0.00079365161946,0.000508751079906,0.000440213276306,0.0011271511903],"dvar2":[0.00497624510899,0.00383893842809,0.00219575013034,0.00133896130137,0.00109633232933,0.00233803875744],"max":[-0.344880670309,-0.443548113108,-0.536542475224,-0.651224792004,-0.661048948765,-0.541840553284],"mean":[-0.683790266514,-0.796793580055,-0.820953667164,-0.833620488644,-0.83751219511,-0.783421397209],"median":[-0.684221982956,-0.807031035423,-0.823610782623,-0.83444583416,-0.830978989601,-0.782483518124],"min":[-0.982835233212,-0.975617825985,-0.975461661816,-0.982560396194,-0.968734741211,-0.965622901917],"var":[0.0060141668655,0.00509520573542,0.00280430796556,0.00214120862074,0.00174512830563,0.0038743687328]},"spectral_contrast_valleys":{"dmean":[0.419744521379,0.443316966295,0.379909217358,0.391967654228,0.482017695904,0.599786520004],"dmean2":[0.669319033623,0.699307560921,0.579413950443,0.561286866665,0.624947667122,0.912288844585],"dvar":[0.145297199488,0.172342553735,0.144311666489,0.15248683095,0.20368745923,0.290023714304],"dvar2":[0.325804829597,0.368041872978,0.301904767752,0.31745198369,0.422053962946,0.691155970097],"max":[-4.81452083588,-4.53553247452,-5.15149259567,-5.96113061905,-5.92128658295,-8.76767349243],"mean":[-6.8809466362,-6.93243789673,-7.49342918396,-8.16742038727,-8.33655357361,-11.1465339661],"median":[-6.57238006592,-6.64092636108,-7.17517280579,-7.86076831818,-8.0668592453,-10.8481531143],"min":[-27.8018856049,-28.0931415558,-27.7623119354,-27.6555328369,-27.4870223999,-27.412229538],"var":[4.60662603378,4.88185358047,4.57743310928,4.24743270874,4.22681760788,3.35221576691]},"spectral_decrease":{"dmean":5.29833332763e-9,"dmean2":8.5926856741e-9,"dvar":4.91968084683e-17,"dvar2":1.25062627952e-16,"max":1.63294551214e-8,"mean":-7.61558016649e-9,"median":-4.77486139516e-9,"min":-8.80262831515e-8,"var":9.12941441148e-17},"spectral_energy":{"dmean":0.022896071896,"dmean2":0.0345694683492,"dvar":0.000863196153659,"dvar2":0.00191740493756,"max":0.398673564196,"mean":0.0577415972948,"median":0.0457167476416,"min":9.77624813475e-21,"var":0.00212134467438},"spectral_energyband_high":{"dmean":0.000527203024831,"dmean2":0.000601066567469,"dvar":6.69188750635e-7,"dvar2":0.00000105233198155,"max":0.0105077093467,"mean":0.000848707510158,"median":0.000215299078263,"min":6.83476560374e-21,"var":0.00000177979939053},"spectral_energyband_low":{"dmean":0.016453800723,"dmean2":0.027083016932,"dvar":0.000552494544536,"dvar2":0.00142218335532,"max":0.35529717803,"mean":0.0303031150252,"median":0.0209479890764,"min":9.2906909821e-24,"var":0.000923166284338},"spectral_energyband_middle_high":{"dmean":0.00122456578538,"dmean2":0.00162852485664,"dvar":0.00000831242050481,"dvar2":0.0000178521167982,"max":0.0776579976082,"mean":0.00240217708051,"median":0.000934501120355,"min":1.28929487645e-21,"var":0.0000195027914742},"spectral_energyband_middle_low":{"dmean":0.00679708272219,"dmean2":0.0104033900425,"dvar":0.000167407983099,"dvar2":0.000374256982468,"max":0.263538300991,"mean":0.0115736182779,"median":0.0042006871663,"min":1.44889060098e-22,"var":0.000337330071488},"spectral_entropy":{"dmean":0.264390647411,"dmean2":0.386358469725,"dvar":0.0666567981243,"dvar2":0.159955784678,"max":9.81989192963,"mean":7.37432527542,"median":7.43620109558,"min":4.69962930679,"var":0.283916682005},"spectral_flux":{"dmean":0.0348485819995,"dmean2":0.0524926036596,"dvar":0.00150055391714,"dvar2":0.00308057223447,"max":0.515683531761,"mean":0.115453533828,"median":0.104924984276,"min":6.37716615626e-11,"var":0.00485478667542},"spectral_kurtosis":{"dmean":5.28660535812,"dmean2":8.07951259613,"dvar":43.3182678223,"dvar2":109.872322083,"max":83.8468704224,"mean":16.8170013428,"median":13.8217926025,"min":-1.26361215115,"var":88.8544464111},"spectral_rms":{"dmean":0.00137196818832,"dmean2":0.00202547409572,"dvar":0.0000021191410724,"dvar2":0.00000443927456217,"max":0.0197218116373,"mean":0.00688292784616,"median":0.00667845085263,"min":3.08833340845e-12,"var":0.00000895862922334},"spectral_rolloff":{"dmean":4575.07421875,"dmean2":8915.59472656,"dvar":68098992,"dvar2":172799664,"max":22050,"mean":16274.3115234,"median":21942.3339844,"min":64.599609375,"var":84428520},"spectral_skewness":{"dmean":0.457363605499,"dmean2":0.679244935513,"dvar":0.241832599044,"dvar2":0.598207175732,"max":7.27313041687,"mean":2.98898744583,"median":2.79691696167,"min":-0.0563207231462,"var":0.698549628258},"spectral_spread":{"dmean":664195.625,"dmean2":996529.875,"dvar":673716699136,"dvar2":1428694368260,"max":42584780,"mean":5088393,"median":4982500.5,"min":1482677.875,"var":10738471010300},"spectral_strongpeak":{"dmean":16.7530727386,"dmean2":30.903711319,"dvar":1263.34521484,"dvar2":3369.34960938,"max":455.88168335,"mean":18.4456272125,"median":0.477279365063,"min":0,"var":1707.14526367},"zerocrossingrate":{"dmean":0.0562005415559,"dmean2":0.07094591856,"dvar":0.00234323809855,"dvar2":0.00374976359308,"max":0.87451171875,"mean":0.336160540581,"median":0.318359375,"min":0.0126953125,"var":0.0220953971148}},"metadata":{"audio_properties":{"analysis_sample_rate":44100,"bit_rate":320000,"codec":"mp3","downmix":"mix","equal_loudness":0,"length":131.030197144,"lossless":false,"md5_encoded":"aa54c7aa1bff8fbf195746e51f1b2812","replay_gain":-5.02262115479,"sample_rate":44100},"tags":{"album":["Willy and the Poor Boys"],"albumartist":["Creedence Clearwater Revival"],"albumartistsort":["Creedence Clearwater Revival"],"artist":["Creedence Clearwater Revival"],"artistsort":["Creedence Clearwater Revival"],"asin":["B000000XCF"],"catalognumber":["8397"],"composer":["J.C. Fogerty"],"date":["1969"],"discnumber":["1/1"],"encodedby":["smb"],"file_name":"07. Creedence Clearwater Revival - Don't Look Now.mp3","genre":["Classic Rock"],"label":["Fantasy"],"length":["131053"],"musicbrainz album release country":["US"],"musicbrainz album status":["official"],"musicbrainz album type":["album"],"musicbrainz_albumartistid":["109958eb-a335-4c5e-907e-597ff4c6af46"],"musicbrainz_albumid":["8283a0d4-cdbc-4e6c-9f50-03c74235afb2"],"musicbrainz_artistid":["109958eb-a335-4c5e-907e-597ff4c6af46"],"musicbrainz_recordingid":["4ea95b86-1cf9-490b-bb1f-e7f110153a1e"],"musicip_puid":["ccc24b3d-4b9a-cccc-f8d7-c147daa1ea5b"],"title":["Don't Look Now"],"tracknumber":["7/10"]},"version":{"essentia":"2.1-beta1","essentia_build_sha":"ca57ba49d9b1854bd80e60cf9ccf267278fb7d6b","essentia_git_sha":"v2.1_beta1-28-g21ef5f4-dirty","extractor":"music 1.0"}},"rhythm":{"beats_count":215,"beats_loudness":{"dmean":0.0364204123616,"dmean2":0.0620112344623,"dvar":0.000850559619721,"dvar2":0.00236500101164,"max":0.234115377069,"mean":0.0946948006749,"median":0.0972363352776,"min":2.48077602905e-9,"var":0.0018768615555},"beats_loudness_band_ratio":{"dmean":[0.179683193564,0.066652327776,0.033963136375,0.0229230988771,0.0136911589652,0.138034075499],"dmean2":[0.313201159239,0.117000550032,0.0590522885323,0.0392664335668,0.0230543538928,0.242184519768],"dvar":[0.0198286119848,0.0045459731482,0.00104402587749,0.00164510926697,0.000213402774534,0.0141571369022],"dvar2":[0.0520313121378,0.01323974