{"lowlevel":{"average_loudness":0.795260906219,"barkbands":{"dmean":[0.00587115390226,0.0115959206596,0.00338305695914,0.00193460925948,0.00188836676534,0.00124269083608,0.000766960554756,0.000505657168105,0.000896655197721,0.000626118155196,0.000310431263642,0.000264812522801,0.000243437854806,0.000120638862427,0.000178359012352,0.000135332520586,0.000115745591756,0.000172704691067,0.000156085487106,0.000124898913782,0.000156869195052,0.000196267588763,0.000066909371526,0.0000136234020829,0.00000231947842622,0.0000432359956903,0.00033721368527],"dmean2":[0.0100100301206,0.0191827826202,0.00543887354434,0.00305613246746,0.00286269164644,0.00184172624722,0.00114845763892,0.000754045846406,0.00135348807089,0.00098588783294,0.000473631167552,0.00042190469685,0.000381287565688,0.000196301931283,0.000282167631667,0.000224387375056,0.000184532938874,0.000271759316092,0.0002364290267,0.000179001188371,0.000220052315854,0.000276208855212,0.0000913324474823,0.0000195238644665,0.00000387587351725,0.0000582331122132,0.000434938789112],"dvar":[0.000130179250846,0.000734812289011,0.0000382092184736,0.0000312172123813,0.0000183975316759,0.0000154185872816,0.00000468752159577,0.00000185205999514,0.0000116266783152,0.00000583257042308,0.00000193063715415,7.80710706749e-7,6.79352922361e-7,6.71892408377e-8,1.49893253365e-7,9.54312540102e-8,5.58693500352e-8,1.1736648986e-7,1.13577421246e-7,3.99946564755e-8,9.96214524207e-8,3.84204383863e-7,1.24603110052e-8,8.75010452983e-10,2.4347109398e-11,5.01429786581e-9,2.76886396477e-7],"dvar2":[0.000328566820826,0.00190963468049,0.0000938591911108,0.0000710955355316,0.0000368167384295,0.0000315618963214,0.0000107316491267,0.00000376996717932,0.0000261264904111,0.0000129785357785,0.00000403863032261,0.00000211858537114,0.00000156064118073,1.83639997431e-7,3.59500518243e-7,2.57668745007e-7,1.4234343837e-7,2.92523139933e-7,2.60750852021e-7,8.41054443868e-8,2.11099390413e-7,7.88477848346e-7,2.39029205318e-8,1.80615467027e-9,5.95909641077e-11,9.22830967198e-9,4.88864259296e-7],"max":[0.210010394454,0.414482653141,0.110185086727,0.19552436471,0.116238385439,0.110225714743,0.0607038587332,0.0622345395386,0.139425545931,0.104981414974,0.0559992268682,0.0319575890899,0.0363748036325,0.00528880394995,0.00778301153332,0.00520187197253,0.00514611182734,0.00587181514129,0.00575801311061,0.00303388037719,0.0143014108762,0.0113811735064,0.00172738020774,0.000488280085847,0.000111316388939,0.00095357891405,0.00823596864939],"mean":[0.00585866253823,0.0138774216175,0.00489033339545,0.00289493636228,0.00335873663425,0.00183271837886,0.0011676287977,0.000761087809224,0.00116566743236,0.000820657471195,0.000422377372161,0.00036576227285,0.000338067417033,0.000170144994627,0.000263860129053,0.000169932609424,0.000153335771756,0.000240730354562,0.000205209362321,0.000181467505172,0.000207286473596,0.000249292847002,0.0000763006901252,0.0000152311995407,0.00000219022285819,0.0000500735404785,0.00052675686311],"median":[0.00190456607379,0.00448091560975,0.00227891979739,0.00094213266857,0.00106797763146,0.00035498192301,0.000255517486949,0.000177486595931,0.000204712021514,0.000113179179607,0.0000755350629333,0.0000727112710592,0.0000597891958023,0.0000509591409354,0.0000603168591624,0.0000415565955336,0.0000445402547484,0.0000764695432736,0.0000580380146857,0.0000632949959254,0.0000578566650802,0.0000346160340996,0.0000111845038191,0.00000311135681841,6.28157181382e-7,0.00000771209488448,0.000195862958208],"min":[1.58339940015e-23,4.27547117402e-23,1.45592957528e-23,1.34049023421e-24,8.80748559421e-23,6.19180837258e-23,4.12824700991e-23,3.61813483871e-23,4.23606441636e-23,1.97446709649e-22,3.5770825172e-23,3.93351322447e-23,5.23305522737e-23,1.1212791914e-22,1.25690672155e-22,8.19512632119e-23,2.40318535679e-22,1.47610743817e-22,3.66099945771e-22,2.47371785209e-22,4.10939733635e-22,5.8008898025e-22,5.67945722481e-22,8.26711284491e-22,1.37470692925e-21,1.79752344975e-21,2.59823650413e-21],"var":[0.000122531069792,0.000720898678992,0.000066610678914,0.0000712484397809,0.000052272076573,0.0000255385475612,0.00000867241851665,0.00000380391384169,0.000018414160877,0.00000916158569453,0.00000359148270945,0.00000128788497022,0.00000139312987812,9.7404324606e-8,2.902703784e-7,1.14192189926e-7,8.12426250718e-8,1.77007123625e-7,1.73592738406e-7,8.23628880653e-8,1.64175915529e-7,5.84593522035e-7,1.94872793458e-8,1.14842946264e-9,2.37149605509e-11,8.16427458972e-9,6.53487859381e-7]},"barkbands_crest":{"dmean":3.05954766273,"dmean2":4.94245862961,"dvar":6.98627996445,"dvar2":18.2143192291,"max":26.8259162903,"mean":11.4874229431,"median":10.7499446869,"min":2.71255111694,"var":20.273809433},"barkbands_flatness_db":{"dmean":0.0389457792044,"dmean2":0.0570188388228,"dvar":0.00136225577444,"dvar2":0.00285327644087,"max":0.570687115192,"mean":0.171789303422,"median":0.153230667114,"min":0.0294529180974,"var":0.00654508499429},"barkbands_kurtosis":{"dmean":13.9615268707,"dmean2":21.5230617523,"dvar":878.889526367,"dvar2":2000.55200195,"max":1667.25158691,"mean":24.980381012,"median":8.80083465576,"min":-1.81914198399,"var":4673.43896484},"barkbands_skewness":{"dmean":1.09802412987,"dmean2":1.6891721487,"dvar":1.42431747913,"dvar2":3.27831482887,"max":38.4889411926,"mean":3.12444829941,"median":2.59600639343,"min":-3.09644818306,"var":6.9663476944},"barkbands_spread":{"dmean":9.92628669739,"dmean2":14.6663999557,"dvar":157.734924316,"dvar2":315.60067749,"max":121.05305481,"mean":22.6017436981,"median":16.7247505188,"min":0.285803079605,"var":431.861968994},"dissonance":{"dmean":0.0215128678828,"dmean2":0.0350793041289,"dvar":0.000517290609423,"dvar2":0.00128359755035,"max":0.500000119209,"mean":0.46165111661,"median":0.470096766949,"min":0.214555650949,"var":0.00104999775067},"dynamic_complexity":3.77800154686,"erbbands":{"dmean":[0.576443552971,1.83179712296,3.60806751251,5.63913011551,6.78070306778,5.74124908447,6.80240249634,11.1027183533,8.07838153839,15.0477619171,9.2773475647,19.7328548431,21.951177597,15.3688802719,11.9094219208,9.62860679626,11.3285341263,6.27695798874,7.8533539772,8.32162666321,6.82411241531,6.48328971863,9.12021923065,8.68705558777,6.94456291199,5.85900402069,5.82571077347,7.515604496,7.38065338135,3.50410318375,1.63407218456,0.498888581991,0.148730948567,0.0301018841565,0.0167218986899,0.0278368871659,0.0864034295082,0.143327459693,0.0534250661731,0.00505228387192],"dmean2":[0.966791450977,3.06805443764,5.8759264946,8.7852640152,10.4815969467,8.76000595093,10.4313774109,16.4714183807,12.3686847687,22.0050640106,14.0707445145,30.4330749512,32.9281768799,24.3965587616,18.2451839447,15.0833616257,17.7594451904,10.2061347961,12.2923069,13.40538311,11.1879291534,10.2780303955,14.4164638519,13.1856565475,10.3446083069,8.40875339508,8.13310813904,10.61165905,10.4435596466,4.7906036377,2.22184753418,0.689251899719,0.222409680486,0.0491648688912,0.0276943445206,0.0412971936166,0.115126863122,0.190294504166,0.0701738893986,0.0066754585132],"dvar":[2.13424897194,17.2149181366,52.4548454285,190.683807373,274.631896973,203.637817383,404.105834961,1557.98364258,727.94342041,1854.3026123,529.771484375,4391.70605469,9401.87109375,4936.91064453,2192.10986328,616.79119873,1582.23901367,163.0390625,287.999389648,307.481933594,247.574493408,176.474502563,332.301513672,342.283782959,179.50567627,90.0644760132,90.2529525757,427.905426025,580.523986816,39.4388656616,7.46042633057,0.791042745113,0.205160051584,0.00374627090059,0.00123010610696,0.00543078873307,0.0202492866665,0.0618922896683,0.00729362806305,0.0000610710048932],"dvar2":[5.59076595306,45.7080726624,132.590881348,411.142333984,578.846435547,436.631622314,817.571350098,3289.50390625,1731.88378906,3901.09936523,1084.9206543,10104.1074219,20897.1660156,11422.3417969,4745.37695312,1559.67004395,3796.53442383,436.147918701,693.504394531,770.17956543,670.578613281,444.074707031,846.436889648,801.390686035,415.514190674,192.67288208,186.928787231,912.823181152,1208.93603516,76.2749633789,14.3415756226,1.53650093079,0.451303333044,0.00883697811514,0.00298883812502,0.0117032779381,0.0366740971804,0.113375633955,0.0132075091824,0.000113586720545],"max":[23.1240196228,54.6541595459,118.300605774,442.209899902,388.858825684,652.593261719,537.224853516,1289.78735352,867.729614258,1572.59143066,1041.31542969,2352.140625,3058.76025391,3918.10253906,1603.58666992,760.917602539,1692.95251465,277.37121582,330.468811035,294.950958252,258.172607422,286.842926025,311.204284668,334.834533691,215.950790405,136.862518311,175.569595337,760.623535156,456.188873291,99.3979797363,41.8099212646,15.3584089279,9.67841339111,1.27068126202,0.77894538641,1.28853452206,1.81160032749,3.78573536873,1.27580332756,0.221642270684],"mean":[0.636313676834,2.235060215,5.22679185867,9.16276264191,11.7331848145,9.3129863739,9.85082912445,16.3154754639,12.9600343704,24.2455978394,14.3942499161,26.0062007904,29.4588336945,21.6914997101,17.7899703979,14.850484848,16.51795578,9.55812740326,12.0775375366,11.9643917084,8.78051948547,9.05751228333,12.9738016129,11.7534170151,9.37732410431,8.51033496857,8.05417919159,9.74683952332,9.4166431427,4.15596437454,1.86012017727,0.573601841927,0.159257367253,0.0308142211288,0.0164833962917,0.0307063665241,0.101230382919,0.177648812532,0.0750681832433,0.00937952380627],"median":[0.140772625804,0.850931942463,2.46103096008,3.89742493629,3.65175437927,3.05133605003,2.92656946182,2.81821775436,3.42805862427,4.51307868958,4.64454650879,5.04921340942,4.48283576965,3.89232206345,3.66164565086,3.29893136024,3.07452297211,2.74894738197,2.95929336548,3.16384673119,2.45585012436,2.8081073761,4.04627799988,3.55853414536,2.82439756393,2.99004459381,2.72188186646,2.04984712601,1.31578695774,0.651080429554,0.282376497984,0.104549363256,0.0337589457631,0.0105941183865,0.00528139993548,0.00802390556782,0.0154697448015,0.0289062540978,0.0183426477015,0.0046241749078],"min":[1.17249176369e-21,1.0266895485e-20,1.62487611368e-20,1.23777982081e-20,7.86757394617e-20,4.72121606421e-19,1.43338961799e-19,6.97717023919e-19,6.09776299372e-19,7.73167838204e-19,7.9192302122e-19,1.01208598174e-18,5.44624069829e-18,4.05677207024e-18,1.13475086953e-18,1.8472835254e-18,2.07315429064e-18,6.23899901683e-18,5.17520835314e-18,5.83205262524e-18,7.02763218566e-18,1.26056667438e-17,9.44941105124e-18,1.42295033499e-17,1.60638640394e-17,1.20015370378e-17,1.36425235795e-17,1.82807097354e-17,2.18757938419e-17,1.69227289781e-17,1.68325447847e-17,1.74407309844e-17,1.5315063753e-17,1.392384357e-17,9.41867467404e-18,5.59298626127e-18,3.75778184756e-18,1.47193615698e-18,3.89366399586e-19,3.90483597476e-20],"var":[1.92191898823,17.0871582031,77.988319397,485.029937744,707.550048828,448.689575195,692.02911377,2428.10839844,1272.60559082,4288.60107422,1030.82214355,6445.078125,15044.7158203,8372.05273438,4458.64648438,1407.52600098,3115.1027832,285.019317627,581.608642578,511.973815918,278.699523926,266.47164917,494.716491699,521.654541016,293.602844238,183.064590454,162.461395264,650.519714355,876.588256836,63.3057556152,11.4937982559,1.18169498444,0.23096165061,0.00403669010848,0.00123001844622,0.00644410261884,0.0336563549936,0.109488882124,0.0153508754447,0.000160400435561]},"erbbands_crest":{"dmean":2.91490125656,"dmean2":4.5989985466,"dvar":7.81068468094,"dvar2":17.3694667816,"max":31.8551635742,"mean":8.89964103699,"median":7.88323688507,"min":2.24867677689,"var":20.4745426178},"erbbands_flatness_db":{"dmean":0.0263590626419,"dmean2":0.0377271994948,"dvar":0.00059581088135,"dvar2":0.00120526156388,"max":0.347297787666,"mean":0.130097746849,"median":0.122577920556,"min":0.0313243344426,"var":0.00208527268842},"erbbands_kurtosis":{"dmean":1.77517902851,"dmean2":2.78991436958,"dvar":11.4497880936,"dvar2":26.312997818,"max":63.9812889099,"mean":1.22977268696,"median":0.00414579175413,"min":-1.87586867809,"var":18.4470272064},"erbbands_skewness":{"dmean":0.567031145096,"dmean2":0.803415298462,"dvar":0.340682119131,"dvar2":0.687089085579,"max":7.32435512543,"mean":0.436648964882,"median":0.400054693222,"min":-4.66470718384,"var":1.28261780739},"erbbands_spread":{"dmean":13.3625240326,"dmean2":19.7688121796,"dvar":192.86831665,"dvar2":414.731079102,"max":150.661880493,"mean":44.402469635,"median":39.910484314,"min":2.42712473869,"var":558.03918457},"gfcc":{"cov":[[18105.5742188,711.821655273,-1475.6652832,-233.963150024,-94.2860946655,-835.640380859,643.367553711,-445.886108398,267.392150879,-121.32963562,-158.869888306,155.791976929,-274.135559082],[711.821655273,1771.64575195,121.655273438,-416.364074707,150.414077759,-25.8461875916,-113.44241333,-11.7894563675,-103.801925659,-14.5427360535,49.7816467285,-200.495941162,192.976272583],[-1475.6652832,121.655273438,836.742797852,345.266998291,26.709941864,246.165390015,-126.353286743,83.3521728516,-66.3412704468,17.6045742035,-7.45511770248,-40.0858383179,25.399559021],[-233.963150024,-416.364074707,345.266998291,474.666107178,95.9211959839,44.2652549744,64.4148101807,-6.28970813751,43.57579422,2.56835842133,-22.6917514801,56.4762687683,-73.4505233765],[-94.2860946655,150.414077759,26.709941864,95.9211959839,258.001464844,49.4003868103,40.836730957,-14.8513393402,35.7973556519,8.93247890472,19.7823791504,-27.2481498718,33.2260932922],[-835.640380859,-25.8461875916,246.165390015,44.2652549744,49.4003868103,301.309020996,-63.9814224243,71.1066741943,-57.7291183472,25.4616718292,7.18284273148,-10.3103256226,40.1554298401],[643.367553711,-113.44241333,-126.353286743,64.4148101807,40.836730957,-63.9814224243,224.693359375,-32.7424163818,73.5787353516,-28.2462100983,-9.22431373596,53.394744873,-58.3146286011],[-445.886108398,-11.7894563675,83.3521728516,-6.28970813751,-14.8513393402,71.1066741943,-32.7424163818,174.410812378,21.2590408325,40.4333000183,29.2315635681,-19.8918952942,39.9355278015],[267.392150879,-103.801925659,-66.3412704468,43.57579422,35.7973556519,-57.7291183472,73.5787353516,21.2590408325,156.870330811,56.670124054,7.02657461166,24.6234416962,-27.7143096924],[-121.32963562,-14.5427360535,17.6045742035,2.56835842133,8.93247890472,25.4616718292,-28.2462100983,40.4333000183,56.670124054,95.9749069214,43.7441902161,0.558243870735,16.6671714783],[-158.869888306,49.7816467285,-7.45511770248,-22.6917514801,19.7823791504,7.18284273148,-9.22431373596,29.2315635681,7.02657461166,43.7441902161,83.2885360718,29.8602733612,23.5973777771],[155.791976929,-200.495941162,-40.0858383179,56.4762687683,-27.2481498718,-10.3103256226,53.394744873,-19.8918952942,24.6234416962,0.558243870735,29.8602733612,105.208030701,-10.2312574387],[-274.135559082,192.976272583,25.399559021,-73.4505233765,33.2260932922,40.1554298401,-58.3146286011,39.9355278015,-27.7143096924,16.6671714783,23.5973777771,-10.2312574387,106.940788269]],"icov":[[0.0000929772359086,-0.000216586340684,0.000317261670716,-0.000325524859363,0.000187108831597,-0.0000352326533175,-0.0000503431110701,-0.0000115620387078,0.0000182515832421,-0.000179186055902,0.000336314144079,-0.000266228715191,0.000195176820853],[-0.000216586340684,0.00242398143746,-0.00280735897832,0.0038478563074,-0.00227394141257,0.00173600262497,-0.000987782259472,0.000773854495492,0.000533581536729,0.000325661094394,-0.00155566167086,0.00217814650387,-0.00175349065103],[0.000317261670716,-0.00280735897832,0.0076737892814,-0.00967396702617,0.00664191646501,-0.00551750836894,0.00197760644369,0.000852415745612,-0.00326834782027,0.0037241994869,-0.00342057808302,0.00414628116414,-0.00209556426853],[-0.000325524859363,0.0038478563074,-0.00967396702617,0.0163665749133,-0.0119549874216,0.00760949542746,-0.00197780388407,-0.00298292585649,0.00639436999336,-0.00760370632634,0.00880834460258,-0.0098811686039,0.00660652667284],[0.000187108831597,-0.00227394141257,0.00664191646501,-0.0119549874216,0.0158606749028,-0.00824994128197,-0.000726054247934,0.00615297164768,-0.00995136518031,0.0104075586423,-0.0132518531755,0.0142661919817,-0.00964133255184],[-0.0000352326533175,0.00173600262497,-0.00551750836894,0.00760949542746,-0.00824994128197,0.010275750421,-0.00103342300281,-0.0044133993797,0.00835093297064,-0.00897809304297,0.00886190030724,-0.00830739364028,0.00391654903069],[-0.0000503431110701,-0.000987782259472,0.00197760644369,-0.00197780388407,-0.000726054247934,-0.00103342300281,0.00928721949458,-0.0010055891471,-0.00407712860033,0.00478564435616,-0.0000564397632843,-0.00387915479951,0.00371759780683],[-0.0000115620387078,0.000773854495492,0.000852415745612,-0.00298292585649,0.00615297164768,-0.0044133993797,-0.0010055891471,0.0118844145909,-0.0073477155529,0.00594944041222,-0.0107836276293,0.0112787866965,-0.00829110667109],[0.0000182515832421,0.000533581536729,-0.00326834782027,0.00639436999336,-0.00995136518031,0.00835093297064,-0.00407712860033,-0.0073477155529,0.022376595065,-0.0210617296398,0.0165213067085,-0.0137206083164,0.0088521912694],[-0.000179186055902,0.000325661094394,0.0037241994869,-0.00760370632634,0.0104075586423,-0.00897809304297,0.00478564435616,0.00594944041222,-0.0210617296398,0.0362021103501,-0.0263876561075,0.0181359108537,-0.0101712830365],[0.000336314144079,-0.00155566167086,-0.00342057808302,0.00880834460258,-0.0132518531755,0.00886190030724,-0.0000564397632843,-0.0107836276293,0.0165213067085,-0.0263876561075,0.0410544574261,-0.0282852873206,0.0119466595352],[-0.000266228715191,0.00217814650387,0.00414628116414,-0.0098811686039,0.0142661919817,-0.00830739364028,-0.00387915479951,0.0112787866965,-0.0137206083164,0.0181359108537,-0.0282852873206,0.0374464504421,-0.0165831148624],[0.000195176820853,-0.00175349065103,-0.00209556426853,0.00660652667284,-0.00964133255184,0.00391654903069,0.00371759780683,-0.00829110667109,0.0088521912694,-0.0101712830365,0.0119466595352,-0.0165831148624,0.0243557430804]],"mean":[-34.2646903992,85.3381652832,-71.0244522095,20.1961708069,-18.2940292358,-17.4033203125,7.51770591736,-17.4798698425,-0.077502258122,-8.10476493835,-11.8579492569,-0.456493794918,-14.5195474625]},"hfc":{"dmean":41.5392303467,"dmean2":59.8565216064,"dvar":6453.09130859,"dvar2":13717.5097656,"max":1882.56164551,"mean":80.367401123,"median":49.6545944214,"min":1.30486457846e-16,"var":10743.1035156},"melbands":{"dmean":[0.00421691173688,0.00195004115812,0.000937113829423,0.00046733696945,0.00022776737751,0.00024246412795,0.000130095038912,0.000153677508933,0.000078357901657,0.000133305336931,0.000110661625513,0.0000657764321659,0.0000418647978222,0.0000303412125504,0.0000277366980299,0.000021221834686,0.0000118275765999,0.0000120986805996,0.0000135297323141,0.000010337384083,0.00000772547355155,0.00000646332591714,0.00000853895835462,0.00000836016442918,0.00000732266971681,0.00000584546933169,0.00000454575183539,0.0000039324690988,0.00000366170843336,0.00000355728639079,0.00000514926068718,0.00000528770851815,0.00000235015181715,0.00000175469483565,0.00000105697768049,5.17408466294e-7,2.27638267347e-7,1.21779834217e-7,3.89077285945e-8,2.12112940545e-8],"dmean2":[0.00698035908863,0.00318763474934,0.00145560537931,0.000705625861883,0.000348614819814,0.000358381716069,0.000196590088308,0.000224418850848,0.000121130331536,0.00020356180903,0.000166913931025,0.00010496127652,0.0000644936080789,0.0000478177353216,0.0000427098202636,0.0000339423422702,0.0000193617361219,0.0000191297749552,0.0000216510161408,0.000016983207388,0.0000127237826746,0.0000103394058897,0.0000136728385769,0.0000132363620651,0.000011242461369,0.00000895728862815,0.00000676939998812,0.00000575586318519,0.00000522174332218,0.00000505648995386,0.00000745910165278,0.00000762245281294,0.00000327577117787,0.00000244865759669,0.00000146590150507,7.17503155556e-7,3.28049736709e-7,1.8547237346e-7,6.27748661941e-8,3.54764786437e-8],"dvar":[0.000103329170088,0.0000151521744556,0.00000465005314254,0.00000116389662708,3.62634722251e-7,6.58801070585e-7,1.50200392568e-7,1.80182041731e-7,3.3782900033e-8,2.46746509447e-7,2.34785773046e-7,9.13415050263e-8,2.95745170575e-8,1.22068355424e-8,7.92427545804e-9,4.14190814979e-9,6.27603413683e-10,7.0975963995e-10,9.64559210281e-10,5.07708208808e-10,3.31906557793e-10,1.87054829959e-10,3.07639164143e-10,2.77263323412e-10,2.67053212877e-10,1.5924400687e-10,6.74344538543e-11,4.23547585893e-11,3.46641014504e-11,4.21281516616e-11,2.96505708874e-10,3.9522946027e-10,2.22034439445e-11,9.54687977978e-12,3.30064209471e-12,8.00200671783e-13,2.28395400466e-13,1.62051768489e-13,9.01401620446e-15,2.05944139136e-15],"dvar2":[0.000267674564384,0.000038922575186,0.0000102394933492,0.00000234949357036,7.42049394375e-7,0.00000138049722409,3.55459462753e-7,3.76328529228e-7,7.34295042548e-8,5.56272027552e-7,5.2304875453e-7,2.11208941892e-7,6.08725088114e-8,3.16475023965e-8,1.77590635531e-8,1.04046389282e-8,1.70522362897e-9,1.75471648323e-9,2.39996600371e-9,1.33861599583e-9,9.04387953415e-10,4.69211114407e-10,8.08417277565e-10,6.80281664334e-10,6.36957375733e-10,3.69044184101e-10,1.5818293897e-10,9.50318088111e-11,7.33462665603e-11,9.05498107051e-11,6.58844589996e-10,8.47013625904e-10,4.56167915941e-11,1.92428347562e-11,6.59672186668e-12,1.57789048754e-12,4.88560147199e-13,3.65097139804e-13,2.02716532796e-14,5.04970295857e-15],"max":[0.167847588658,0.062336049974,0.0657739713788,0.0310255326331,0.0139770880342,0.0255609396845,0.0114855924621,0.0143392737955,0.00750677241012,0.0198268741369,0.0148468567058,0.0173428431153,0.00589552335441,0.00431939540431,0.0037413535174,0.00213512009941,0.00054752122378,0.000439693540102,0.000654631061479,0.000454778055428,0.000340355705703,0.000285956164589,0.000309778377414,0.00035655638203,0.000319735932862,0.00028727715835,0.000142721837619,0.000102824291389,0.0000913494513952,0.000210391372093,0.000546788913198,0.00038317227154,0.0000975440925686,0.0000524645583937,0.0000266372899205,0.0000157080485224,0.0000104252485471,0.00000940190511756,0.00000163005370268,0.00000103240927274],"mean":[0.00495488988236,0.00282457075082,0.0016207236331,0.000827997922897,0.000334515294526,0.000361278100172,0.000205761913094,0.000247474614298,0.000113223206426,0.000172241096152,0.000145829981193,0.0000890856754268,0.0000600179773755,0.0000428187631769,0.0000405382743338,0.0000289122799586,0.0000164892735484,0.0000180557181011,0.0000190945665963,0.0000136368753374,0.00000929711768549,0.0000085061401478,0.000011717435882,0.0000112993429866,0.00000941998041526,0.00000745009810998,0.0000060584206949,0.00000554148800802,0.00000498632289236,0.00000454833343611,0.00000642445183985,0.00000658898034089,0.00000282766200144,0.00000198852876565,0.00000117211789075,5.87279203046e-7,2.5092211331e-7,1.25498772263e-7,3.91777845721e-8,1.98626413095e-8],"median":[0.00147326220758,0.00139349862002,0.000735787092708,0.00025379579165,0.000107545318315,0.000065005835495,0.0000527267075086,0.0000469612386951,0.0000353838986484,0.0000298761624435,0.0000201333168661,0.000014482203369,0.0000115978527901,0.00000865536276251,0.00000757159614295,0.00000553696418137,0.00000455393183074,0.00000436745813204,0.00000468367670692,0.00000321386096402,0.00000244453508458,0.00000241297084358,0.00000333607158609,0.00000352656434188,0.00000262990988631,0.00000200391195904,0.00000184181794793,0.00000192664560927,0.00000170584644366,0.00000121978314382,0.00000107638084046,7.70687961449e-7,4.88433727241e-7,2.78453569535e-7,1.64784779599e-7,1.01898976368e-7,4.60956783854e-8,2.33376784564e-8,1.07961231066e-8,5.56553203523e-9],"min":[1.31494072554e-23,1.04784891023e-23,2.3613129276e-24,2.10695123681e-23,8.2437005892e-24,1.45676482121e-23,1.02027632833e-23,8.48999164128e-24,6.11231201926e-24,6.86668077026e-24,2.73390065005e-23,1.70633027714e-23,4.08859862415e-24,3.77411488555e-24,4.41863120563e-24,5.8784502596e-24,1.26397029253e-23,7.29493915621e-24,9.6328057572e-24,5.59037048436e-24,9.60013034965e-24,1.38320243739e-23,1.16920293315e-23,5.80110481443e-24,1.22846453094e-23,1.27919751681e-23,8.03203185339e-24,8.37432885536e-24,7.94973236173e-24,1.10093317492e-23,8.95355707476e-24,1.17327874079e-23,1.25356924038e-23,7.83815193099e-24,8.16246763748e-24,1.23087852419e-23,9.51255101195e-24,9.41637703469e-24,1.37804044717e-23,1.08166966493e-23],"var":[0.0000980096010608,0.0000196867495106,0.0000116341188914,0.00000332242689183,6.37287541849e-7,0.00000106242225684,2.7120020718e-7,4.27262989433e-7,6.17455810925e-8,3.74452753249e-7,3.769133059e-7,1.53110008227e-7,6.0519241174e-8,2.08628261333e-8,1.82902866186e-8,7.03941394065e-9,9.45579059497e-10,1.34120825557e-9,1.61870206128e-9,7.08486158629e-10,3.47078393803e-10,2.67175614965e-10,4.59065729874e-10,4.19545509445e-10,3.79257569794e-10,2.40060638035e-10,1.1334664457e-10,7.91934712252e-11,6.03780914155e-11,6.7701767803e-11,4.13394818377e-10,5.67358715564e-10,3.41797215531e-11,1.41882755544e-11,4.7764591761e-12,1.17984257347e-12,2.88038581701e-13,1.73192162651e-13,1.00257369206e-14,1.99495740836e-15]},"melbands_crest":{"dmean":4.52624702454,"dmean2":7.39026832581,"dvar":16.5679397583,"dvar2":42.9960098267,"max":38.9354400635,"mean":18.5143184662,"median":17.830947876,"min":2.07774615288,"var":45.7574424744},"melbands_flatness_db":{"dmean":0.0471821315587,"dmean2":0.0680808871984,"dvar":0.00190761080012,"dvar2":0.00391218438745,"max":0.726753890514,"mean":0.280605405569,"median":0.26540350914,"min":0.00724679045379,"var":0.00975942332298},"melbands_kurtosis":{"dmean":23.7116508484,"dmean2":37.9173660278,"dvar":1877.4107666,"dvar2":4514.62451172,"max":1530.52258301,"mean":41.4859733582,"median":20.0018692017,"min":-1.76913630962,"var":5308.73486328},"melbands_skewness":{"dmean":1.39046323299,"dmean2":2.15812158585,"dvar":2.35633897781,"dvar2":5.55593061447,"max":35.42918396,"mean":4.2352142334,"median":3.63190865517,"min":-1.68863034248,"var":8.61267089844},"melbands_spread":{"dmean":6.66194057465,"dmean2":10.3379364014,"dvar":109.023399353,"dvar2":243.539016724,"max":174.630249023,"mean":14.7802085876,"median":10.0442943573,"min":0.24963657558,"var":294.643127441},"mfcc":{"cov":[[11820.1650391,24.7696609497,-1512.54077148,437.552459717,-1106.90612793,143.072036743,-581.949829102,296.669616699,-274.133544922,157.456893921,-64.9520568848,134.122558594,-108.291862488],[24.7696609497,1711.19641113,-34.8251724243,-284.809783936,124.609992981,-155.127563477,107.250534058,-215.690750122,77.2681884766,-88.8338012695,24.3010730743,-78.5876235962,42.5340194702],[-1512.54077148,-34.8251724243,845.242736816,63.1182250977,261.826629639,56.8036956787,108.780609131,7.00765037537,29.7077465057,6.3593993187,-5.94417142868,-17.4794311523,0.0336901135743],[437.552459717,-284.809783936,63.1182250977,455.788879395,-22.7812347412,105.993179321,-52.9430389404,97.6664962769,-21.8785171509,49.2774124146,15.3797883987,33.8383560181,-19.8730545044],[-1106.90612793,124.609992981,261.826629639,-22.7812347412,370.729034424,41.0949630737,116.127075195,-61.0489425659,74.8910446167,-1.21378159523,26.2882156372,-12.9347581863,28.0135822296],[143.072036743,-155.127563477,56.8036956787,105.993179321,41.0949630737,227.172973633,18.8880214691,66.4739074707,-14.5771884918,27.5036449432,-17.0597934723,2.7338643074,-6.62701416016],[-581.949829102,107.250534058,108.780609131,-52.9430389404,116.127075195,18.8880214691,165.458404541,11.0623245239,31.242893219,-36.4889221191,1.09031033516,-13.1573791504,19.6521835327],[296.669616699,-215.690750122,7.00765037537,97.6664962769,-61.0489425659,66.4739074707,11.0623245239,153.860656738,0.0502197928727,26.3511238098,-20.4655704498,28.3174591064,-2.57033705711],[-274.133544922,77.2681884766,29.7077465057,-21.8785171509,74.8910446167,-14.5771884918,31.242893219,0.0502197928727,108.828430176,27.4908084869,27.0500411987,-4.70208358765,10.7500801086],[157.456893921,-88.8338012695,6.3593993187,49.2774124146,-1.21378159523,27.5036449432,-36.4889221191,26.3511238098,27.4908084869,111.494613647,26.6460056305,22.9306354523,-1.12245881557],[-64.9520568848,24.3010730743,-5.94417142868,15.3797883987,26.2882156372,-17.0597934723,1.09031033516,-20.4655704498,27.0500411987,26.6460056305,86.3185577393,28.1035709381,12.7973327637],[134.122558594,-78.5876235962,-17.4794311523,33.8383560181,-12.9347581863,2.7338643074,-13.1573791504,28.3174591064,-4.70208358765,22.9306354523,28.1035709381,82.7053070068,30.961605072],[-108.291862488,42.5340194702,0.0336901135743,-19.8730545044,28.0135822296,-6.62701416016,19.6521835327,-2.57033705711,10.7500801086,-1.12245881557,12.7973327637,30.961605072,69.5894088745]],"icov":[[0.000164867698913,-0.000117406845675,0.000196002001758,-0.0000887126807356,0.000217766442802,-0.000146557707922,0.000288585637463,-0.000248291471507,0.000176234490937,-0.000127100996906,0.0000415123831772,-0.000153359374963,0.000141927259392],[-0.000117406845675,0.000911489245482,-0.000089451605163,0.000178982285433,-0.00000898361849977,0.000250556040555,-0.000692546658684,0.00116701400839,-0.000633139337879,0.000300246028928,-0.0000348036337527,0.000545767892618,-0.000556276296265],[0.000196002001758,-0.000089451605163,0.00186746276449,-0.000353153562173,-0.000983648817055,0.0000306507281493,-0.000157441638294,-0.00062244234141,0.000685482227709,-0.000482355040731,0.000375806150259,0.0000348519497493,0.000480001734104],[-0.0000887126807356,0.000178982285433,-0.000353153562173,0.00321237300523,-0.000530528370291,-0.000797770393547,0.00126377434935,-0.00173846771941,0.000547607254703,0.000107076164568,-0.00140524911694,-0.0000801882997621,0.000597824051511],[0.000217766442802,-0.00000898361849977,-0.000983648817055,-0.000530528370291,0.00626212079078,-0.00175240507815,-0.00269464286976,0.0036383937113,-0.00297008315101,-0.000442862074124,0.00029582172283,-0.000823518552352,-0.000835364160594],[-0.000146557707922,0.000250556040555,0.0000306507281493,-0.000797770393547,-0.00175240507815,0.00638308096677,-0.000893071584869,-0.00211015320383,0.00185687851626,-0.0015243103262,0.000781484006438,0.00120961200446,-0.00011480806279],[0.000288585637463,-0.000692546658684,-0.000157441638294,0.00126377434935,-0.00269464286976,-0.000893071584869,0.011588842608,-0.00508342031389,-0.000357361132046,0.00387454917654,-0.00192669813987,0.00163031113334,-0.00148075830657],[-0.000248291471507,0.00116701400839,-0.00062244234141,-0.00173846771941,0.0036383937113,-0.00211015320383,-0.00508342031389,0.0142262112349,-0.00399532122537,-0.00161485001445,0.00482544023544,-0.00452454341576,0.000416390306782],[0.000176234490937,-0.000633139337879,0.000685482227709,0.000547607254703,-0.00297008315101,0.00185687851626,-0.000357361132046,-0.00399532122537,0.014611588791,-0.00413782335818,-0.00367681449279,0.0034322233405,-0.00103173637763],[-0.000127100996906,0.000300246028928,-0.000482355040731,0.000107076164568,-0.000442862074124,-0.0015243103262,0.00387454917654,-0.00161485001445,-0.00413782335818,0.0135402893648,-0.00328446389176,-0.00164815655444,0.000723706034478],[0.0000415123831772,-0.0000348036337527,0.000375806150259,-0.00140524911694,0.00029582172283,0.000781484006438,-0.00192669813987,0.00482544023544,-0.00367681449279,-0.00328446389176,0.0174327678978,-0.00688063213602,0.00073254131712],[-0.000153359374963,0.000545767892618,0.0000348519497493,-0.0000801882997621,-0.000823518552352,0.00120961200446,0.00163031113334,-0.00452454341576,0.0034322233405,-0.00164815655444,-0.00688063213602,0.0210617855191,-0.00943819712847],[0.000141927259392,-0.000556276296265,0.000480001734104,0.000597824051511,-0.000835364160594,-0.00011480806279,-0.00148075830657,0.000416390306782,-0.00103173637763,0.000723706034478,0.00073254131712,-0.00943819712847,0.0200958233327]],"mean":[-698.200317383,142.963562012,4.24250268936,50.6233863831,-6.02910995483,22.9656448364,-0.374626129866,13.0812063217,2.01277756691,6.71763134003,1.93135690689,2.14855122566,-2.4917576313]},"pitch_salience":{"dmean":0.0872003436089,"dmean2":0.14272929728,"dvar":0.00602823961526,"dvar2":0.0155988959596,"max":0.842885971069,"mean":0.511949777603,"median":0.52437466383,"min":0.0433199889958,"var":0.0155076570809},"silence_rate_20dB":{"dmean":0.00138488167431,"dmean2":0.0027700830251,"dvar":0.0013829638483,"dvar2":0.00368577078916,"max":1,"mean":0.999076843262,"median":1,"min":0,"var":0.000922295730561},"silence_rate_30dB":{"dmean":0.0703981518745,"dmean2":0.140812560916,"dvar":0.0654422566295,"dvar2":0.143375888467,"max":1,"mean":0.919339954853,"median":1,"min":0,"var":0.0741540044546},"silence_rate_60dB":{"dmean":0.0184650886804,"dmean2":0.0369344428182,"dvar":0.0181241296232,"dvar2":0.0406487733126,"max":1,"mean":0.0578121393919,"median":0,"min":0,"var":0.0544698946178},"spectral_centroid":{"dmean":370.253173828,"dmean2":512.60357666,"dvar":198900.203125,"dvar2":332826.1875,"max":11303.4257812,"mean":1182.40270996,"median":949.034179688,"min":113.874336243,"var":785192.3125},"spectral_complexity":{"dmean":5.25493383408,"dmean2":7.45106172562,"dvar":50.6367988586,"dvar2":89.9011154175,"max":59,"mean":14.1975536346,"median":11,"min":0,"var":133.5887146},"spectral_contrast_coeffs":{"dmean":[0.0547805055976,0.0504078231752,0.0428898669779,0.0327047966421,0.024546995759,0.0526529885828],"dmean2":[0.0891294181347,0.0815175324678,0.0689703598619,0.051974453032,0.0382830277085,0.0750494301319],"dvar":[0.00194173923228,0.00166513654403,0.00124049489386,0.000716548587661,0.000429888546932,0.00217048777267],"dvar2":[0.00501528149471,0.00416285265237,0.00304120895453,0.00174825661816,0.000997237395495,0.00408322550356],"max":[-0.358490198851,-0.406656056643,-0.417110651731,-0.591004729271,-0.637991666794,-0.430061727762],"mean":[-0.67627710104,-0.770936906338,-0.802044987679,-0.823140203953,-0.830135583878,-0.70281368494],"median":[-0.682426095009,-0.780226111412,-0.8099848032,-0.827592015266,-0.826614141464,-0.692234635353],"min":[-0.970791041851,-0.965754628181,-0.967262685299,-0.985311388969,-0.969080686569,-0.960204362869],"var":[0.00749135157093,0.00631881365553,0.00536841573194,0.00344376079738,0.00207202625461,0.00909978430718]},"spectral_contrast_valleys":{"dmean":[0.440801918507,0.46462520957,0.47725301981,0.475581586361,0.511133730412,0.66084498167],"dmean2":[0.697729408741,0.718290448189,0.714699149132,0.683064043522,0.646555423737,0.99905025959],"dvar":[0.1456335783,0.180488854647,0.197990134358,0.218580782413,0.263388425112,0.304400205612],"dvar2":[0.317314296961,0.383509278297,0.405834317207,0.446888148785,0.465697675943,0.726759493351],"max":[-4.64372444153,-4.50868797302,-5.38378000259,-5.53519058228,-5.51518678665,-8.7198009491],"mean":[-6.9919667244,-7.01359844208,-7.65291786194,-8.11662864685,-7.88190841675,-11.2855978012],"median":[-6.7793507576,-6.78906440735,-7.42534828186,-7.91738176346,-7.63964080811,-11.1172552109],"min":[-27.1153755188,-27.3046398163,-27.0871772766,-27.6730422974,-27.1670074463,-27.2726097107],"var":[2.28532910347,1.91693854332,1.9077630043,1.77765309811,1.89503908157,1.23714160919]},"spectral_decrease":{"dmean":5.32937294295e-9,"dmean2":8.35712565816e-9,"dvar":9.20085833186e-17,"dvar2":2.26331650429e-16,"max":5.68152103142e-9,"mean":-9.42020061956e-9,"median":-6.32579100213e-9,"min":-1.61246745733e-7,"var":1.27201915539e-16},"spectral_energy":{"dmean":0.0223999898881,"dmean2":0.0342647358775,"dvar":0.00164158176631,"dvar2":0.00388181465678,"max":0.703930497169,"mean":0.0428435839713,"median":0.0292625389993,"min":1.12624566276e-20,"var":0.00242372462526},"spectral_energyband_high":{"dmean":0.000814467086457,"dmean2":0.00105843041092,"dvar":0.00000214702572521,"dvar2":0.00000384815984944,"max":0.0242679994553,"mean":0.00116972939577,"median":0.000344684696756,"min":8.1005716608e-21,"var":0.00000428846624345},"spectral_energyband_low":{"dmean":0.0171406343579,"dmean2":0.0276624094695,"dvar":0.00126579776406,"dvar2":0.0031701431144,"max":0.591481506824,"mean":0.0247870404273,"median":0.011795155704,"min":6.57679332026e-23,"var":0.00150469713844},"spectral_energyband_middle_high":{"dmean":0.00151876267046,"dmean2":0.00225393311121,"dvar":0.00000892718981049,"dvar2":0.0000199994556169,"max":0.116530694067,"mean":0.00306433090009,"median":0.00113930518273,"min":1.44621180605e-21,"var":0.0000289227464236},"spectral_energyband_middle_low":{"dmean":0.00513210007921,"dmean2":0.00741038331762,"dvar":0.0000911462775548,"dvar2":0.000189568090718,"max":0.215357720852,"mean":0.0114735309035,"median":0.00608413619921,"min":3.58020394514e-22,"var":0.000258481624769},"spectral_entropy":{"dmean":0.293339699507,"dmean2":0.396391481161,"dvar":0.0975276827812,"dvar2":0.188329085708,"max":9.80132293701,"mean":7.44659328461,"median":7.54368591309,"min":4.73515033722,"var":0.343994736671},"spectral_flux":{"dmean":0.0387733615935,"dmean2":0.0610423795879,"dvar":0.00280526163988,"dvar2":0.00599110638723,"max":0.590630829334,"mean":0.107421509922,"median":0.0875344052911,"min":1.06124720123e-10,"var":0.00570041267201},"spectral_kurtosis":{"dmean":3.40726828575,"dmean2":5.05329799652,"dvar":21.9447402954,"dvar2":53.1906242371,"max":78.756652832,"mean":11.2409925461,"median":9.38555335999,"min":-1.21738684177,"var":42.7307395935},"spectral_rms":{"dmean":0.00144973059651,"dmean2":0.00211748434231,"dvar":0.00000345192916029,"dvar2":0.00000744468525227,"max":0.0262061338872,"mean":0.00569893745705,"median":0.00534310936928,"min":3.31477944052e-12,"var":0.00000932073180593},"spectral_rolloff":{"dmean":3433.11328125,"dmean2":6367.20947266,"dvar":40809372,"dvar2":103632832,"max":22028.4667969,"mean":4290.70556641,"median":796.728515625,"min":21.533203125,"var":50809616},"spectral_skewness":{"dmean":0.370899260044,"dmean2":0.511296629906,"dvar":0.188278093934,"dvar2":0.396805554628,"max":7.46743488312,"mean":2.17730784416,"median":2.03157162666,"min":-0.0371938869357,"var":0.569232404232},"spectral_spread":{"dmean":642270.4375,"dmean2":924850.0625,"dvar":431662235648,"dvar2":793765937152,"max":40878532,"mean":4582920,"median":4569918,"min":1397683.625,"var":1501476683780},"spectral_strongpeak":{"dmean":0.808345377445,"dmean2":1.46988296509,"dvar":22.0876903534,"dvar2":60.857093811,"max":94.7082138062,"mean":0.832720160484,"median":0.253419876099,"min":0,"var":16.0367107391},"zerocrossingrate":{"dmean":0.0357479341328,"dmean2":0.0454365313053,"dvar":0.000994364498183,"dvar2":0.00156193296425,"max":0.63427734375,"mean":0.176374390721,"median":0.16455078125,"min":0,"var":0.00680138729513}},"metadata":{"audio_properties":{"analysis_sample_rate":44100,"bit_rate":320000,"codec":"mp3","downmix":"mix","equal_loudness":0,"length":201.196166992,"lossless":false,"md5_encoded":"a5a7df5fdb362aaec64d0f3735ccabf7","replay_gain":-2.04151153564,"sample_rate":44100},"tags":{"acoustid_id":["2ce651c3-07c6-4a3e-a5fc-d626998a2f77"],"album":["Talking Heads: 77"],"albumartist":["Talking Heads"],"artist":["Talking Heads"],"date":["1987"],"discnumber":["1/1"],"file_name":"09 - Talking Heads - First Week_Last Week…Carefree.mp3","musicbrainz_albumartistid":["a94a7155-c79d-4409-9fcf-220cb0e4dc3a"],"musicbrainz_albumid":["6387ab90-9504-3791-bf8d-0bcc4f5177eb"],"musicbrainz_artistid":["a94a7155-c79d-4409-9fcf-220cb0e4dc3a"],"musicbrainz_recordingid":["4eabad68-fa78-43d2-898e-416e36837016"],"musicbrainz_releasegroupid":["d99084ee-de04-3ba1-8203-5f1a7e5355ee"],"replaygain_album_gain":["-0.09 dB"],"replaygain_album_peak":["0.892379"],"replaygain_track_gain":["-0.55 dB"],"replaygain_track_peak":["0.892379"],"title":["First Week/Last Week…Carefree"],"tracknumber":["9/11"]},"version":{"essentia":"2.1-beta1","essentia_build_sha":"e76a03f03bb3900de42a1fa0d9be1e72f12def64","essentia_git_sha":"v2.1_beta1-28-g21ef5f4-dirty","extractor":"music 1.0"}},"rhythm":{"beats_count":425,"beats_loudness":{"dmean":0.0404649786651,"dmean2":0.0685902386904,"dvar":0.00163502211217,"dvar2":0.0042464369908,"max":0.299121975899,"mean":0.0715841650963,"median":0.0607886724174,"min":1.72186798153e-9,"var":0.00234150560573},"beats_loudness_band_ratio":{"dmean":[0.171417027712,0.106813646853,0.0629670917988,0.0301949549466,0.0182635970414,0.103678353131],"dmean2":[0.30734962225,0.19665658474,0.110521093011,0.0539181046188,0.0325921736658,0.186185866594],"dvar":[0.0221588965505,0.0142771853134,0.0070908209309,0.00196003285237,0.00033848991734,0.00887278933078],"dvar2":[0.0596070699394,0.0402621626854,0.018527852371