{"lowlevel":{"average_loudness":0.893090903759,"barkbands":{"dmean":[0.00275653018616,0.0109729552642,0.0024593824055,0.00150665943511,0.00136585149448,0.00168027437758,0.00116784521379,0.000400356802857,0.000660487625282,0.00146778288763,0.000721199321561,0.00144658458885,0.000897444435395,0.000806009687949,0.000793768966105,0.000488399527967,0.000165796882357,0.0000936788346735,0.0000682222380419,0.0000439454197476,0.0000299242074107,0.0000145027433973,0.00000826453651825,0.00000593931963522,0.00000269494375971,0.0000095789828265,0.000344132771716],"dmean2":[0.00445199944079,0.0187913496047,0.00418777298182,0.00255227833986,0.00224655074999,0.00265377876349,0.00189713994041,0.000667733896989,0.00109240971506,0.00243457895704,0.00120302848518,0.00239424174652,0.00151334004477,0.00133307208307,0.00128271768335,0.000804246345069,0.000262367655523,0.000143032972119,0.000101729739981,0.0000632334122201,0.0000431044136349,0.0000221615246119,0.0000123780964714,0.00000868228380568,0.00000448211130788,0.0000134664242069,0.000548266107216],"dvar":[0.0000394279122702,0.000268473668257,0.0000138788454933,0.00000441156043962,0.00000361993920706,0.00000993299454422,0.00000424011113864,7.24749497749e-7,0.00000188150136182,0.0000057839697547,0.00000125811766338,0.00000468467214887,0.0000014720147874,0.0000013785796682,0.00000176517357886,6.69572614242e-7,7.88778820038e-8,2.99765119394e-8,3.43593953289e-8,2.35616148814e-8,7.25783388944e-9,1.47537981832e-9,3.10456715891e-10,1.8383071454e-10,2.30718048833e-11,5.65518631923e-10,1.86627787002e-7],"dvar2":[0.0000918502846616,0.000743913638871,0.0000378943550459,0.000012124265595,0.00000925417498365,0.0000225723288168,0.00000993923822534,0.00000194390122488,0.00000441115389549,0.0000148280423673,0.00000326302415488,0.0000119819787869,0.00000404136289944,0.00000358298188985,0.00000402046771342,0.00000172259797182,1.88637727661e-7,6.59669581182e-8,7.49726183358e-8,4.5674998006e-8,1.51197294684e-8,3.5551976918e-9,6.69182875779e-10,3.50939194371e-10,5.7255668956e-11,1.07513242753e-9,4.72393821838e-7],"max":[0.0777897983789,0.186760216951,0.0711744576693,0.0294087808579,0.0275872200727,0.0605382323265,0.0675443783402,0.0334964580834,0.0676004886627,0.0560922510922,0.0223473981023,0.0646464377642,0.0190759655088,0.0376747660339,0.040608625859,0.0207121502608,0.00631692353636,0.00393603462726,0.0080146137625,0.00700816651806,0.0038750898093,0.000870317395311,0.000339769903803,0.000458011374576,0.0000885092085809,0.000826835341286,0.00892471987754],"mean":[0.00271260435693,0.0139720356092,0.00310588930734,0.00205926946364,0.00222269375809,0.00277015287429,0.00193765270524,0.000606027664617,0.00106159993447,0.00225098547526,0.00115297117736,0.0026803703513,0.00170437991619,0.00159284181427,0.00155577401165,0.000984482350759,0.000323392363498,0.000177557318239,0.000127415260067,0.0000762518975534,0.0000504744348291,0.0000202222854568,0.0000113084342956,0.00000812600046629,0.0000026478289783,0.000013958800082,0.00115305709187],"median":[0.000675325689372,0.0088921720162,0.00179341714829,0.0011323656654,0.00149021984544,0.00131185015198,0.00086812407244,0.000352294067852,0.000678774085827,0.0015018186532,0.000756856403314,0.00180304481182,0.00124214135576,0.00114448810928,0.00105436390731,0.00065770978108,0.000191080005607,0.0000964843202382,0.000055325228459,0.0000296540765703,0.0000177571255335,0.0000062562844505,0.00000307019581669,0.00000160349668477,9.29443672248e-7,0.00000287679063149,0.000964378879871],"min":[2.25915760974e-25,3.05569314549e-24,9.27925249898e-25,2.21758385118e-24,4.86682410665e-24,4.59376463747e-24,5.47219241544e-24,5.78443736679e-24,1.37761698664e-23,6.12140679664e-24,1.28689293383e-23,2.66260340144e-23,2.47624100792e-23,3.27529084059e-23,4.10093506765e-23,6.74601976164e-23,6.73738331245e-23,9.88392605797e-23,1.37187644583e-22,1.41054931042e-22,2.51963511036e-22,3.13190199199e-22,4.18546877116e-22,5.50744970163e-22,8.45923240842e-22,1.2782636475e-21,1.9580073938e-21],"var":[0.000040915037971,0.000282265827991,0.0000182912153832,0.00000720657180864,0.00000624235690339,0.0000247345051321,0.0000101790010376,0.00000113327723739,0.00000342639691553,0.00000844384339871,0.00000205397600439,0.0000118563202705,0.00000315335250889,0.0000030397759474,0.0000038685175241,0.00000138471523314,1.64710499462e-7,5.98044138655e-8,7.1076236452e-8,4.36784866054e-8,1.46259342415e-8,1.80943693362e-9,5.56459267553e-10,3.98707872273e-10,2.37984059542e-11,1.23665200302e-9,8.7315328301e-7]},"barkbands_crest":{"dmean":3.22729754448,"dmean2":5.33394908905,"dvar":7.75126981735,"dvar2":20.4796028137,"max":25.2458457947,"mean":9.33404159546,"median":8.49992179871,"min":2.533462286,"var":17.6145515442},"barkbands_flatness_db":{"dmean":0.0265258252621,"dmean2":0.0420364998281,"dvar":0.000545794784557,"dvar2":0.00138812547084,"max":0.507850527763,"mean":0.144283786416,"median":0.138038188219,"min":0.0274790357798,"var":0.00244446564466},"barkbands_kurtosis":{"dmean":3.27511715889,"dmean2":5.31243085861,"dvar":82.9348602295,"dvar2":198.24861145,"max":419.957641602,"mean":5.74367666245,"median":1.96548211575,"min":-1.74535608292,"var":269.683532715},"barkbands_skewness":{"dmean":0.537526726723,"dmean2":0.86751139164,"dvar":0.349068433046,"dvar2":0.858100831509,"max":15.1538181305,"mean":1.64438939095,"median":1.32660067081,"min":-2.25368452072,"var":1.69805169106},"barkbands_spread":{"dmean":6.1949839592,"dmean2":9.96201992035,"dvar":32.2418823242,"dvar2":81.6276702881,"max":119.924285889,"mean":29.9605560303,"median":30.1398868561,"min":0.471133053303,"var":136.207351685},"dissonance":{"dmean":0.0148737812415,"dmean2":0.025560144335,"dvar":0.000223969676881,"dvar2":0.000631949689705,"max":0.500000178814,"mean":0.476793497801,"median":0.4814889431,"min":0.245765283704,"var":0.000373079528799},"dynamic_complexity":3.50799584389,"erbbands":{"dmean":[0.367467552423,2.34111857414,3.22042703629,3.66424560547,4.8025188446,5.05398082733,6.67015028,17.441400528,18.5787410736,11.0255231857,9.43525600433,13.4322223663,39.0196990967,33.3157501221,36.1661453247,52.557888031,39.5442276001,36.6509857178,41.8339614868,33.2240028381,19.405582428,9.03222084045,5.46040678024,3.61221957207,3.31803393364,2.03484082222,1.36118066311,1.01754379272,0.546709537506,0.342134773731,0.222423300147,0.156707450747,0.0801753625274,0.031197944656,0.0191225837916,0.0174002014101,0.0230956915766,0.0138953635469,0.00859154108912,0.00718674389645],"dmean2":[0.633844614029,4.00393867493,5.47564792633,6.20574092865,8.07581615448,8.3524055481,10.9322662354,27.307964325,30.1984119415,18.0522632599,15.5844726562,22.1462860107,64.8342132568,55.14087677,59.8706626892,87.3384170532,66.2090682983,60.3983345032,68.3070068359,53.5323371887,31.3380355835,14.0255537033,8.25286197662,5.37296628952,4.8854804039,2.89578843117,1.94226145744,1.47392976284,0.827258586884,0.52574044466,0.332677811384,0.227700740099,0.120963953435,0.0514635406435,0.0317050032318,0.0265665277839,0.0322186686099,0.019852206111,0.0114506771788,0.0111497715116],"dvar":[0.474215686321,10.1607809067,22.2493419647,25.4652767181,51.2241897583,52.4188537598,90.5375823975,1327.73327637,1236.26184082,406.553009033,397.319458008,951.19708252,3826.12133789,3162.2487793,2842.95141602,6207.3671875,2943.14208984,3044.06152344,3703.06933594,3838.88232422,892.751220703,235.828277588,100.247451782,60.5883560181,104.809791565,53.0136985779,15.644030571,7.06361150742,2.08774065971,0.651626527309,0.233027383685,0.139978930354,0.0293193086982,0.00298075377941,0.00114635925274,0.00127738236915,0.00411963742226,0.00134052603971,0.000365549902199,0.0000741180847399],"dvar2":[1.33020281792,27.9896564484,61.0466423035,70.0507583618,135.280609131,134.824447632,230.023193359,2913.89672852,2894.24755859,1027.7322998,990.535583496,2211.1484375,9672.74023438,8108.69189453,7192.03173828,16066.6435547,7952.06445312,8117.42285156,9245.41894531,8470.36914062,2201.85644531,538.245910645,216.787445068,129.224121094,227.433837891,105.647903442,30.6731643677,15.0197458267,5.0179977417,1.53066587448,0.507441818714,0.2736299932,0.0584135241807,0.0073837027885,0.00284325517714,0.00261367578059,0.00805126130581,0.00302484608255,0.000734129396733,0.000179559981916],"max":[7.81593465805,35.3576965332,85.3039703369,76.8696212769,120.095016479,124.449401855,172.288803101,725.91003418,1188.76159668,504.254699707,548.799316406,1873.52563477,2169.67407227,1914.63574219,1594.07165527,2689.74560547,973.586486816,2186.04272461,1477.24865723,1827.55859375,689.785095215,351.867797852,185.249008179,251.797409058,563.671264648,345.102081299,160.895812988,107.082214355,37.9609451294,14.0934448242,10.7540197372,13.4473419189,4.31843709946,1.00219345093,0.622879862785,0.934947907925,2.42877864838,0.8229778409,0.618449091911,0.178958624601],"mean":[0.419705092907,3.02542924881,4.33478975296,5.45331478119,6.94312429428,7.6773223877,11.3387136459,27.9860630035,30.6938877106,18.2505531311,15.3788175583,22.574420929,61.2437782288,56.6837692261,66.0681381226,102.931304932,82.3441390991,78.9553451538,87.7819290161,71.7997589111,42.9853858948,19.1956672668,10.795706749,7.09973096848,6.00096940994,3.57981228828,2.36445426941,1.65289759636,0.783761739731,0.460357964039,0.30289965868,0.219382956624,0.10311640054,0.0322094522417,0.0193099435419,0.022177182138,0.0337976068258,0.0218499004841,0.0229166001081,0.0302741900086],"median":[0.232187956572,1.89495182037,2.64768505096,3.38385081291,4.28909778595,4.75789737701,6.94548034668,11.5021848679,13.6694297791,9.61748695374,9.37773704529,14.9312381744,41.4649047852,38.3748817444,49.1422042847,70.953338623,62.0005264282,58.9722480774,65.314704895,48.3453063965,29.6411781311,11.6388158798,6.06594276428,3.41304302216,2.55787301064,1.37502002716,0.882083177567,0.564884781837,0.247942790389,0.137642368674,0.0806506425142,0.0435937009752,0.0218875147402,0.0119717381895,0.00726576661691,0.00591397611424,0.00570121314377,0.00708424672484,0.0146653074771,0.02691052109],"min":[6.59494406305e-23,8.65640270121e-22,2.18804902826e-21,4.21280622203e-21,1.23548043642e-20,1.82840971951e-20,2.82436587318e-20,5.60521106015e-20,1.28550781904e-19,1.24399485527e-19,2.79880902956e-19,3.93330197383e-19,3.69873862602e-19,3.91316658826e-19,8.52426319945e-19,1.2599205636e-18,1.19403511082e-18,1.3227290079e-18,2.21849571453e-18,3.06417787584e-18,4.20007738905e-18,5.06765998426e-18,4.71796152209e-18,6.65046470971e-18,7.3480248795e-18,7.0226897815e-18,9.76219781935e-18,9.01908026373e-18,1.05061045053e-17,1.00784620548e-17,9.49913866813e-18,1.10118104717e-17,8.84575697408e-18,8.38758659587e-18,5.18974522523e-18,4.11621699137e-18,2.36044921343e-18,9.33721165257e-19,2.62527765228e-19,2.81965514421e-20],"var":[0.395041584969,12.3625173569,28.5503826141,40.8640136719,74.5378265381,91.6769790649,195.861953735,3365.88330078,2873.34619141,873.072875977,714.13482666,1699.8918457,6026.1953125,4956.21728516,5209.06591797,17197.9296875,6894.625,6982.50244141,8435.47558594,8497.81542969,2292.72119141,536.280029297,205.900848389,136.805358887,195.158401489,97.7538452148,34.8029441833,12.9178876877,2.69577407837,0.896202206612,0.409178376198,0.295500516891,0.0592990256846,0.003192107426,0.00119502469897,0.00241410988383,0.00858844723552,0.0020305281505,0.000842123932671,0.000511656573508]},"erbbands_crest":{"dmean":2.1440179348,"dmean2":3.58918952942,"dvar":4.11597633362,"dvar2":10.536444664,"max":28.8407230377,"mean":8.03109741211,"median":7.21996450424,"min":2.35733604431,"var":10.0002584457},"erbbands_flatness_db":{"dmean":0.0245445799083,"dmean2":0.0381095483899,"dvar":0.00043769821059,"dvar2":0.00108654890209,"max":0.375786632299,"mean":0.179416209459,"median":0.17951002717,"min":0.032615032047,"var":0.0017541985726},"erbbands_kurtosis":{"dmean":0.934904515743,"dmean2":1.51494300365,"dvar":1.17689824104,"dvar2":2.90822911263,"max":35.6745796204,"mean":0.901228606701,"median":0.652697443962,"min":-1.87432348728,"var":2.88647580147},"erbbands_skewness":{"dmean":0.322198420763,"dmean2":0.513008773327,"dvar":0.0806000903249,"dvar2":0.191946804523,"max":5.55045080185,"mean":-0.462663054466,"median":-0.525715589523,"min":-3.0963742733,"var":0.391573369503},"erbbands_spread":{"dmean":4.44808197021,"dmean2":7.17404556274,"dvar":17.1462173462,"dvar2":42.6448059082,"max":86.8973770142,"mean":21.3445510864,"median":19.5364284515,"min":3.26313400269,"var":80.9415817261},"gfcc":{"cov":[[21843.09375,560.274902344,-2293.01245117,-483.737823486,-118.760688782,-413.824523926,585.221801758,-166.929077148,25.7847824097,42.3869171143,182.539230347,95.511177063,17.8609237671],[560.274902344,955.384155273,-146.662094116,-283.11505127,266.258056641,-98.8756027222,28.9140014648,-88.8509292603,35.5317573547,-34.8761978149,75.525428772,-81.3988342285,108.018241882],[-2293.01245117,-146.662094116,523.165100098,183.478134155,-71.1069259644,201.171722412,-157.447158813,81.3682632446,-33.8851165771,0.552678227425,-56.6981048584,3.27351117134,-33.2155990601],[-483.737823486,-283.11505127,183.478134155,317.527404785,-26.8871994019,30.1522140503,13.1097173691,19.0113983154,-15.635720253,-4.03974342346,-62.1368789673,21.9744052887,-59.3406982422],[-118.760688782,266.258056641,-71.1069259644,-26.8871994019,241.704711914,-58.2794418335,43.2006759644,-52.055896759,30.7699451447,-22.8624515533,26.8857650757,-32.5614776611,42.6930351257],[-413.824523926,-98.8756027222,201.171722412,30.1522140503,-58.2794418335,231.053756714,-80.4857177734,80.2220458984,-21.0677642822,3.59653687477,-26.4909534454,11.0367841721,-4.79323148727],[585.221801758,28.9140014648,-157.447158813,13.1097173691,43.2006759644,-80.4857177734,223.670440674,-13.2164373398,26.1607055664,-0.954476714134,8.13231086731,10.3221178055,-13.5641527176],[-166.929077148,-88.8509292603,81.3682632446,19.0113983154,-52.055896759,80.2220458984,-13.2164373398,108.468605042,2.49587011337,19.8691711426,-3.70378303528,-2.51153182983,0.90947842598],[25.7847824097,35.5317573547,-33.8851165771,-15.635720253,30.7699451447,-21.0677642822,26.1607055664,2.49587011337,82.4325256348,21.5037975311,8.64730644226,13.3635835648,-6.48578929901],[42.3869171143,-34.8761978149,0.552678227425,-4.03974342346,-22.8624515533,3.59653687477,-0.954476714134,19.8691711426,21.5037975311,65.0270385742,38.5251121521,11.9926376343,8.03822135925],[182.539230347,75.525428772,-56.6981048584,-62.1368789673,26.8857650757,-26.4909534454,8.13231086731,-3.70378303528,8.64730644226,38.5251121521,79.8308181763,15.7914028168,30.5885810852],[95.511177063,-81.3988342285,3.27351117134,21.9744052887,-32.5614776611,11.0367841721,10.3221178055,-2.51153182983,13.3635835648,11.9926376343,15.7914028168,66.0053482056,5.05026388168],[17.8609237671,108.018241882,-33.2155990601,-59.3406982422,42.6930351257,-4.79323148727,-13.5641527176,0.90947842598,-6.48578929901,8.03822135925,30.5885810852,5.05026388168,77.7085113525]],"icov":[[0.000145093305036,-0.000337934150593,0.00111178914085,-0.00051667081425,0.000311738200253,-0.00047271605581,0.000235817526118,-0.000244227325311,0.000301088613924,-0.000226781106903,0.0000778166358941,-0.000392463552998,0.000404126156354],[-0.000337934150593,0.00350738153793,-0.00364111899398,0.00307753123343,-0.00198569800705,0.00122782692779,-0.00138192006852,0.0021689182613,-0.00216822139919,0.0024182186462,-0.00194261351135,0.00377925601788,-0.00301596499048],[0.00111178914085,-0.00364111899398,0.0136000402272,-0.00712473550811,0.00265797576867,-0.00628308625892,0.00460894405842,-0.00343643454835,0.00295123481192,-0.00245522707701,0.00131838640664,-0.00369453127496,0.00439658900723],[-0.00051667081425,0.00307753123343,-0.00712473550811,0.0101531567052,-0.00499380053952,0.00416150083765,-0.00245885062031,0.000173259133589,0.002333388431,-0.00322722131386,0.00564384832978,-0.00261049927212,0.00159443123266],[0.000311738200253,-0.00198569800705,0.00265797576867,-0.00499380053952,0.0113053964451,-0.00280324625783,-0.000951214751694,0.00390335940756,-0.00654656905681,0.0072248862125,-0.00741012021899,0.00717481179163,-0.00542773166671],[-0.00047271605581,0.00122782692779,-0.00628308625892,0.00416150083765,-0.00280324625783,0.010879734531,0.000347781635355,-0.00484731048346,0.00218849047087,-0.0012913797982,0.00399315916002,-0.00349520961754,0.00019432271074],[0.000235817526118,-0.00138192006852,0.00460894405842,-0.00245885062031,-0.000951214751694,0.000347781635355,0.00775006320328,-0.00344261038117,0.00115603522863,-0.00122831505723,0.00139984348789,-0.0039643459022,0.00382640049793],[-0.000244227325311,0.0021689182613,-0.00343643454835,0.000173259133589,0.00390335940756,-0.00484731048346,-0.00344261038117,0.0182264987379,-0.00639502890408,0.0013689477928,-0.00475825555623,0.00982844829559,-0.0069941431284],[0.000301088613924,-0.00216822139919,0.00295123481192,0.002333388431,-0.00654656905681,0.00218849047087,0.00115603522863,-0.00639502890408,0.0230860263109,-0.0147464023903,0.0112926065922,-0.0135048097,0.00988109689206],[-0.000226781106903,0.0024182186462,-0.00245522707701,-0.00322722131386,0.0072248862125,-0.0012913797982,-0.00122831505723,0.0013689477928,-0.0147464023903,0.03696359694,-0.02435554564,0.0111855911091,-0.00729674473405],[0.0000778166358941,-0.00194261351135,0.00131838640664,0.00564384832978,-0.00741012021899,0.00399315916002,0.00139984348789,-0.00475825555623,0.0112926065922,-0.02435554564,0.0356078930199,-0.0157580971718,0.00264281174168],[-0.000392463552998,0.00377925601788,-0.00369453127496,-0.00261049927212,0.00717481179163,-0.00349520961754,-0.0039643459022,0.00982844829559,-0.0135048097,0.0111855911091,-0.0157580971718,0.0319280512631,-0.0118565158918],[0.000404126156354,-0.00301596499048,0.00439658900723,0.00159443123266,-0.00542773166671,0.00019432271074,0.00382640049793,-0.0069941431284,0.00988109689206,-0.00729674473405,0.00264281174168,-0.0118565158918,0.0251183565706]],"mean":[-12.843547821,120.579238892,-103.223266602,-18.545583725,6.91643095016,-5.87176084518,-3.78510689735,-19.2790279388,0.775608062744,-7.65542173386,-1.61622059345,-4.85033845901,1.68853986263]},"hfc":{"dmean":18.375585556,"dmean2":27.5829524994,"dvar":393.786865234,"dvar2":881.125244141,"max":382.459777832,"mean":95.9933700562,"median":94.6993560791,"min":1.09614791785e-16,"var":3403.53466797},"melbands":{"dmean":[0.00323074380867,0.00210067629814,0.000643710896838,0.000332426687237,0.000218719185796,0.00037306456943,0.000263303139945,0.000108445725346,0.0000805054660304,0.0000927095898078,0.000206599230296,0.000151531785377,0.000107106054202,0.000167241698364,0.000123849124066,0.000086889755039,0.0000733220149414,0.0000745642391848,0.0000599663690082,0.0000433690001955,0.000020092824343,0.0000109216116471,0.00000651467917123,0.00000417227647631,0.00000303283263747,0.00000277196045317,0.00000205823084798,0.00000128008559841,8.60269778968e-7,8.43478176193e-7,5.31394675818e-7,3.42284607768e-7,2.36292763134e-7,1.75748041897e-7,1.3369903229e-7,1.10354910987e-7,9.4479254642e-8,6.63265353751e-8,3.18162491908e-8,2.47973073186e-8],"dmean2":[0.00551691977307,0.00356972590089,0.00108303991146,0.000549730844796,0.000357684388291,0.00058397941757,0.00042824036791,0.000178178714123,0.00013268982002,0.000153141489136,0.000343045045156,0.000251576682786,0.000177595735295,0.000277939572698,0.000206343916943,0.000146841091919,0.00012119582243,0.000122869911138,0.0000970317487372,0.0000717644870747,0.0000326894369209,0.0000173780408659,0.0000100501110865,0.00000642314535071,0.00000462598654849,0.00000419759726356,0.00000303736646856,0.00000186542877145,0.00000125044698507,0.00000125396832118,7.90017907093e-7,5.26382791577e-7,3.72203174948e-7,2.73186628874e-7,2.04130131465e-7,1.64197317076e-7,1.38754217005e-7,9.98348923531e-8,5.20171070661e-8,4.12620018153e-8],"dvar":[0.0000287251295958,0.00000810201890999,7.2825918096e-7,2.30739431117e-7,8.73611867291e-8,5.43690646282e-7,2.29178098721e-7,4.18703756111e-8,3.38768870733e-8,3.91034440383e-8,1.08400868726e-7,6.69038158208e-8,2.50922163048e-8,6.89672177145e-8,3.68628541025e-8,1.56086397141e-8,1.2714956199e-8,1.1822813839e-8,1.23678063346e-8,5.92824767054e-9,9.25279186603e-10,3.46624839942e-10,1.51594389819e-10,5.67670528639e-11,4.49197658237e-11,7.06896138847e-11,5.47235590176e-11,1.99556430408e-11,6.30098750953e-12,6.08674222136e-12,1.76693989301e-12,8.94533958625e-13,3.69094078218e-13,1.60437540532e-13,9.01404195426e-14,6.10945349215e-14,6.00536262971e-14,2.46810171178e-14,3.01393020885e-15,1.96204107276e-15],"dvar2":[0.0000795410524006,0.0000222030284931,0.00000199196938411,5.90751653817e-7,2.23058449933e-7,0.00000120971412798,5.43737257885e-7,1.08695715539e-7,8.1907352012e-8,9.14268980523e-8,2.74804676792e-7,1.7151366194e-7,6.43660484911e-8,1.76920138983e-7,9.51553857931e-8,4.26729940273e-8,3.37316521382e-8,2.98975706414e-8,2.74177498483e-8,1.49145709116e-8,2.32834240776e-9,8.3880075108e-10,3.38465699912e-10,1.24362020681e-10,9.98103336092e-11,1.60947769001e-10,1.13342953079e-10,4.25456059272e-11,1.26880580695e-11,1.30252267305e-11,3.90496749519e-12,2.18875178398e-12,9.11168601507e-13,3.72153235962e-13,2.06972432899e-13,1.27564286716e-13,1.1979951536e-13,4.99362480348e-14,7.35756789017e-15,4.87119796472e-15],"max":[0.059429038316,0.0405722558498,0.0127227064222,0.00691132992506,0.00459144683555,0.0143318893388,0.0154805863276,0.00659939367324,0.00573129812256,0.0102380476892,0.010785266757,0.00762153649703,0.00378115009516,0.00806884095073,0.00715724565089,0.00256362510845,0.00452414853498,0.00305531686172,0.00443740794435,0.00192760268692,0.000655435258523,0.000404941820307,0.000233816070249,0.000154085253598,0.000209827718209,0.000407776969951,0.000448135891929,0.00021617927996,0.0000884798791958,0.000103664613562,0.0000456255365862,0.000024394283173,0.0000134703250296,0.0000071381714406,0.00000641173437543,0.00000576554839427,0.00000935614571063,0.00000430850332123,9.25749247926e-7,8.17273985376e-7],"mean":[0.00404871441424,0.00297783571295,0.00101366720628,0.000516890431754,0.000388291315176,0.000616506440565,0.00044271099614,0.000173990454641,0.000125969570945,0.000149968313053,0.000318595964927,0.000240825553192,0.000184486067155,0.000289935240289,0.000234098537476,0.000162618787726,0.000143415600178,0.000143044511788,0.000113875830721,0.0000841146174935,0.000041082239477,0.0000207373032026,0.0000118777134048,0.00000768207792134,0.00000548740490558,0.00000480581911688,0.00000346403044205,0.00000209545987673,0.00000144737180108,0.00000132839147682,8.2165661297e-7,4.66707888336e-7,3.10337895826e-7,2.29158430898e-7,1.752669192e-7,1.51438698026e-7,1.28718568249e-7,8.53539958712e-8,3.34638095012e-8,2.42131577011e-8],"median":[0.00249768584035,0.00195059704129,0.000670452776831,0.000336031691404,0.000253784062807,0.000271496508503,0.000205021628062,0.0000920398451854,0.0000748383245082,0.000097755168099,0.000211992184632,0.000156562920893,0.000132678585942,0.000197382294573,0.000154560882947,0.000115176117106,0.000100886943983,0.000103879450762,0.0000734469940653,0.0000545561597391,0.0000277104736597,0.0000119932856251,0.00000654621135254,0.00000411423343394,0.00000247876505455,0.0000020078318812,0.00000137567542424,7.70845815623e-7,5.43646024198e-7,4.20564589376e-7,2.83309447013e-7,1.40603916066e-7,9.03711452338e-8,6.66296031682e-8,4.72438124177e-8,3.48689290774e-8,2.18387885553e-8,1.53658188395e-8,1.10347686544e-8,8.36459701503e-9],"min":[1.21024772104e-24,1.33785524157e-24,1.17592260812e-24,9.68411760921e-25,1.09280408162e-24,1.12435309441e-24,1.71996368685e-24,1.03649213337e-24,2.42974503341e-24,2.18940731736e-24,1.52937607544e-24,1.40702187549e-24,2.33953938054e-24,2.42582893066e-24,3.25868618629e-24,1.79027643705e-24,2.42065597527e-24,2.98071546633e-24,3.48364722835e-24,4.44329928056e-24,4.48080015028e-24,4.24400461691e-24,4.63428763331e-24,3.90489185199e-24,4.48054889808e-24,4.77005808928e-24,4.55868320416e-24,4.00710534834e-24,5.34299711512e-24,5.71024342094e-24,5.27788256385e-24,5.05270774048e-24,4.49167183684e-24,5.79220883e-24,4.11557608939e-24,4.97655623629e-24,6.83050282029e-24,5.43546778486e-24,6.52543137558e-24,6.14930170711e-24],"var":[0.0000273893147096,0.0000109066377263,0.00000121222933558,3.76015577785e-7,1.99222384367e-7,0.00000137615234053,5.32738170023e-7,8.13571574554e-8,5.93067284171e-8,6.9642972278e-8,1.67965822584e-7,9.93595890009e-8,4.27832951289e-8,1.40692804962e-7,1.0057646449e-7,3.27515259357e-8,2.68549005256e-8,2.42418138896e-8,2.47887914639e-8,1.13924949474e-8,2.2195014715e-9,7.00979441159e-10,2.74804456968e-10,1.14504947191e-10,9.25459639478e-11,1.28484112238e-10,9.02629498922e-11,3.47797103617e-11,1.33232201313e-11,1.18128354321e-11,2.85482943709e-12,1.06108058538e-12,4.43624222643e-13,2.2746702525e-13,1.38200459106e-13,1.19929646726e-13,1.19065537594e-13,4.82546369128e-14,3.5864975879e-15,2.01856379309e-15]},"melbands_crest":{"dmean":4.15410852432,"dmean2":6.8272356987,"dvar":13.146572113,"dvar2":34.988445282,"max":33.1614723206,"mean":14.0400838852,"median":13.5895061493,"min":1.00015723705,"var":28.6920757294},"melbands_flatness_db":{"dmean":0.0361647084355,"dmean2":0.0571794994175,"dvar":0.000941543316003,"dvar2":0.00240016821772,"max":0.685897409916,"mean":0.258520275354,"median":0.252590686083,"min":7.76579511808e-8,"var":0.00475479150191},"melbands_kurtosis":{"dmean":4.58760070801,"dmean2":7.58807706833,"dvar":83.421661377,"dvar2":212.082901001,"max":253.139343262,"mean":6.69693994522,"median":1.72746765614,"min":-1.82061183453,"var":281.92956543},"melbands_skewness":{"dmean":0.727245569229,"dmean2":1.17872750759,"dvar":0.501190245152,"dvar2":1.29965960979,"max":11.6470775604,"mean":1.9162735939,"median":1.57598423958,"min":-1.060131073,"var":2.00027513504},"melbands_spread":{"dmean":6.37942457199,"dmean2":10.3165721893,"dvar":33.1020736694,"dvar2":83.4940414429,"max":163.29888916,"mean":24.8522777557,"median":24.6013336182,"min":0.370327681303,"var":214.128448486},"mfcc":{"cov":[[11838.4072266,1069.4630127,-1852.56848145,263.209381104,-822.987121582,-18.4069252014,77.8774337769,171.185333252,-156.134811401,180.219421387,72.5971755981,63.9630355835,-68.8820953369],[1069.4630127,1374.3458252,-471.947570801,-115.751350403,56.9261207581,-18.674156189,79.5822906494,-91.2632904053,32.4042701721,-45.1654205322,35.9542007446,-12.3564319611,57.7620277405],[-1852.56848145,-471.947570801,764.374023438,-85.8743057251,194.706039429,47.595615387,-33.8491706848,37.2253990173,18.4617042542,-0.95438426733,-28.6878623962,-0.974691689014,-4.70011997223],[263.209381104,-115.751350403,-85.8743057251,316.271942139,-62.251789093,36.9812088013,13.9488391876,22.1041755676,-1.79220318794,16.0371265411,0.928648233414,-4.64597511292,-15.7259283066],[-822.987121582,56.9261207581,194.706039429,-62.251789093,259.722320557,30.0566501617,-2.82034182549,-30.6311531067,25.1386623383,-27.1655254364,-13.5905590057,-3.59549355507,21.8668861389],[-18.4069252014,-18.674156189,47.595615387,36.9812088013,30.0566501617,106.420158386,2.89968276024,33.7786102295,6.1634221077,7.73086261749,-15.585729599,5.97449588776,-4.9428563118],[77.8774337769,79.5822906494,-33.8491706848,13.9488391876,-2.82034182549,2.89968276024,108.167602539,9.22036170959,17.0013790131,-3.764980793,14.8498382568,-8.75867652893,-0.948521018028],[171.185333252,-91.2632904053,37.2253990173,22.1041755676,-30.6311531067,33.7786102295,9.22036170959,102.708831787,18.392408371,30.6143665314,-8.30270004272,6.63195896149,-22.5705852509],[-156.134811401,32.4042701721,18.4617042542,-1.79220318794,25.1386623383,6.1634221077,17.0013790131,18.392408371,67.3931121826,15.3774147034,6.85741043091,-3.8734228611,1.86656320095],[180.219421387,-45.1654205322,-0.95438426733,16.0371265411,-27.1655254364,7.73086261749,-3.764980793,30.6143665314,15.3774147034,62.2516937256,17.6526737213,10.3409786224,-8.97353744507],[72.5971755981,35.9542007446,-28.6878623962,0.928648233414,-13.5905590057,-15.585729599,14.8498382568,-8.30270004272,6.85741043091,17.6526737213,56.5396575928,15.9603471756,11.3187255859],[63.9630355835,-12.3564319611,-0.974691689014,-4.64597511292,-3.59549355507,5.97449588776,-8.75867652893,6.63195896149,-3.8734228611,10.3409786224,15.9603471756,53.5092887878,16.2500991821],[-68.8820953369,57.7620277405,-4.70011997223,-15.7259283066,21.8668861389,-4.9428563118,-0.948521018028,-22.5705852509,1.86656320095,-8.97353744507,11.3187255859,16.2500991821,50.5269699097]],"icov":[[0.000176273839315,-0.0000787980025052,0.000339169200743,0.0000139175526783,0.000201920061954,-0.0000662528764224,-0.0000330508300976,-0.000344547966961,0.000469660153612,-0.000420625088736,0.0000741114126868,-0.0000807703254395,0.0000351958515239],[-0.0000787980025052,0.00130925339181,0.000846646493301,0.000606395711657,-0.000729575287551,-0.000464195531094,-0.000531791709363,0.000564147834666,-0.000771080609411,0.000599292805418,-0.000480505143059,0.000508455676027,-0.000745271507185],[0.000339169200743,0.000846646493301,0.00322713633068,0.000806510564871,-0.00154337997083,-0.000663798709866,0.0000306697838823,-0.00139879516792,0.000710113847163,-0.000677145493682,-0.0000408258347306,0.000328499969328,-0.000218554239837],[0.0000139175526783,0.000606395711657,0.000806510564871,0.00393879460171,0.000452541717095,-0.00187644769903,-0.000534208724275,0.000236914274865,-0.000164661498275,-0.000253004196566,-0.000429728417657,0.000716720358469,0.000169969251147],[0.000201920061954,-0.000729575287551,-0.00154337997083,0.000452541717095,0.006835908629,-0.00200304551981,0.0000957170777838,0.00209587067366,-0.00205149641261,0.0010989602888,0.000975284841843,-0.000321931700455,-0.000953723152634],[-0.0000662528764224,-0.000464195531094,-0.000663798709866,-0.00187644769903,-0.00200304551981,0.0127069512382,-0.000458684982732,-0.00378949660808,0.000719437433872,-0.00114478892647,0.0035528736189,-0.00210384628735,-0.000146036269143],[-0.0000330508300976,-0.000531791709363,0.0000306697838823,-0.000534208724275,0.0000957170777838,-0.000458684982732,0.0111986035481,-0.00209059705958,-0.0022224385757,0.00311090843752,-0.00442534917966,0.00244859722443,0.000427957216743],[-0.000344547966961,0.000564147834666,-0.00139879516792,0.000236914274865,0.00209587067366,-0.00378949660808,-0.00209059705958,0.0171462669969,-0.00498338649049,-0.00445413775742,0.00391459232196,-0.00349487341009,0.0048113935627],[0.000469660153612,-0.000771080609411,0.000710113847163,-0.000164661498275,-0.00205149641261,0.000719437433872,-0.0022224385757,-0.00498338649049,0.0204632487148,-0.00609420891851,-0.00115522637498,0.00300244474784,-0.00231813709252],[-0.000420625088736,0.000599292805418,-0.000677145493682,-0.000253004196566,0.0010989602888,-0.00114478892647,0.00311090843752,-0.00445413775742,-0.00609420891851,0.0256945826113,-0.00916265137494,-0.00187441008165,0.00352471205406],[0.0000741114126868,-0.000480505143059,-0.0000408258347306,-0.000429728417657,0.000975284841843,0.0035528736189,-0.00442534917966,0.00391459232196,-0.00115522637498,-0.00916265137494,0.026448007673,-0.00702440878376,-0.00314630684443],[-0.0000807703254395,0.000508455676027,0.000328499969328,0.000716720358469,-0.000321931700455,-0.00210384628735,0.00244859722443,-0.00349487341009,0.00300244474784,-0.00187441008165,-0.00702440878376,0.025448217988,-0.00907414779067],[0.0000351958515239,-0.000745271507185,-0.000218554239837,0.000169969251147,-0.000953723152634,-0.000146036269143,0.000427957216743,0.0048113935627,-0.00231813709252,0.00352471205406,-0.00314630684443,-0.00907414779067,0.0276145096868]],"mean":[-670.608398438,187.423599243,-36.5151023865,12.1692619324,14.9989519119,23.2361431122,4.87614393234,3.96124362946,4.06468486786,4.04926490784,-3.65533661842,2.00815057755,3.17969799042]},"pitch_salience":{"dmean":0.0853732302785,"dmean2":0.141038194299,"dvar":0.00556706357747,"dvar2":0.0149931339547,"max":0.996095955372,"mean":0.579954922199,"median":0.593405723572,"min":0.150377318263,"var":0.0122471321374},"silence_rate_20dB":{"dmean":0,"dmean2":0,"dvar":0,"dvar2":0,"max":1,"mean":1,"median":1,"min":1,"var":0},"silence_rate_30dB":{"dmean":0.0373607799411,"dmean2":0.0747268274426,"dvar":0.0359649509192,"dvar2":0.0883179083467,"max":1,"mean":0.96877425909,"median":1,"min":0,"var":0.0302507206798},"silence_rate_60dB":{"dmean":0.00324263353832,"dmean2":0.00648572435603,"dvar":0.00323211890645,"dvar2":0.00728962384164,"max":1,"mean":0.105448648334,"median":0,"min":0,"var":0.0943292304873},"spectral_centroid":{"dmean":154.377655029,"dmean2":235.936508179,"dvar":52929.78125,"dvar2":110083.125,"max":11788.1728516,"mean":1129.16442871,"median":1051.65673828,"min":115.916503906,"var":841035.375},"spectral_complexity":{"dmean":3.01903295517,"dmean2":4.67310523987,"dvar":8.00894260406,"dvar2":16.693069458,"max":55,"mean":24.954957962,"median":27,"min":0,"var":98.3511810303},"spectral_contrast_coeffs":{"dmean":[0.0516437068582,0.0507225394249,0.0376798287034,0.0269029531628,0.0243405736983,0.0381220951676],"dmean2":[0.0867957547307,0.0843309909105,0.0637484937906,0.0454060807824,0.0404525436461,0.0595965944231],"dvar":[0.00162031420041,0.00158266932704,0.000884596141987,0.000459956092527,0.000452430074802,0.0014330734266],"dvar2":[0.00449959933758,0.00430221809074,0.00252655544318,0.00127317884471,0.00117466400843,0.00322091463022],"max":[-0.425300329924,-0.465635955334,-0.567022144794,-0.63286626339,-0.59266859293,-0.464192956686],"mean":[-0.704800844193,-0.760657668114,-0.80421602726,-0.806408047676,-0.799490749836,-0.777515769005],"median":[-0.705792725086,-0.765867948532,-0.804355800152,-0.806565701962,-0.795507133007,-0.787451207638],"min":[-0.979786336422,-0.996614277363,-0.998991847038,-0.987953603268,-0.988680064678,-0.970983088017],"var":[0.00406847521663,0.00520845968276,0.00253356294706,0.00153569190297,0.00186006596778,0.00535446265712]},"spectral_contrast_valleys":{"dmean":[0.403631180525,0.362866193056,0.303007245064,0.229220092297,0.306532382965,0.67622679472],"dmean2":[0.672726929188,0.596169233322,0.495256721973,0.367858380079,0.453551799059,1.0863597393],"dvar":[0.121024183929,0.121943980455,0.0987415090203,0.075384542346,0.142581537366,0.354439854622],"dvar2":[0.29565730691,0.27628710866,0.203717455268,0.139631345868,0.292108505964,0.879576385021],"max":[-5.147128582,-4.520362854,-4.82340621948,-5.0338344574,-5.54394769669,-8.78178310394],"mean":[-6.84071016312,-6.65348482132,-6.62131929398,-6.79743719101,-8.0606918335,-11.3749332428],"median":[-6.47847747803,-6.240254879,-6.1291437149,-6.3137960434,-7.66421413422,-11.0942115784],"min":[-28.5412979126,-28.1979579926,-27.8242053986,-27.764175415,-27.4815216064,-27.4272460938],"var":[4.04491710663,4.371571064,4.62891530991,4.52656984329,4.16166687012,3.057762146]},"spectral_decrease":{"dmean":4.12777678704e-9,"dmean2":6.77217748546e-9,"dvar":3.11311772727e-17,"dvar2":8.20903039623e-17,"max":5.22873531398e-20,"mean":-1.00537294045e-8,"median":-8.94418938913e-9,"min":-6.47325464342e-8,"var":5.30535645441e-17},"spectral_energy":{"dmean":0.0161047354341,"dmean2":0.0262567456812,"dvar":0.000458145019365,"dvar2":0.00119580642786,"max":0.271503329277,"mean":0.0466519929469,"median":0.0435209274292,"min":1.00857671646e-20,"var":0.000937088218052},"spectral_energyband_high":{"dmean":0.000221847949433,"dmean2":0.000326720444718,"dvar":1.16853648535e-7,"dvar2":2.44715835152e-7,"max":0.00782117526978,"mean":0.000620671431534,"median":0.000453192013083,"min":7.10664872353e-21,"var":3.77415148023e-7},"spectral_energyband_low":{"dmean":0.0134181380272,"dmean2":0.022715838626,"dvar":0.000388021813706,"dvar2":0.00105907628313,"max":0.230931401253,"mean":0.0198538415134,"median":0.0139383096248,"min":1.40004461772e-23,"var":0.000443709257524},"spectral_energyband_middle_high":{"dmean":0.00355268991552,"dmean2":0.00550857000053,"dvar":0.0000185797016456,"dvar2":0.0000439305258624,"max":0.0893411189318,"mean":0.0122779272497,"median":0.0111375898123,"min":1.1121978499e-21,"var":0.0000841871733428},"spectral_energyband_middle_low":{"dmean":0.00417325366288,"dmean2":0.00666679861024,"dvar":0.0000263765632553,"dvar2":0.0000647341439617,"max":0.0989651158452,"mean":0.0113086365163,"median":0.00962558481842,"min":1.4077673451e-22,"var":0.0000832274745335},"spectral_entropy":{"dmean":0.154561966658,"dmean2":0.237600654364,"dvar":0.0275200959295,"dvar2":0.0676559060812,"max":9.82006645203,"mean":7.38644886017,"median":7.40763235092,"min":4.59065294266,"var":0.170388177037},"spectral_flux":{"dmean":0.0265231281519,"dmean2":0.0422861762345,"dvar":0.000956459727604,"dvar2":0.00207674852572,"max":0.403005033731,"mean":0.120324447751,"median":0.120917744935,"min":6.37857822117e-11,"var":0.00324634835124},"spectral_kurtosis":{"dmean":8.92604923248,"dmean2":14.0976867676,"dvar":97.9761276245,"dvar2":254.32611084,"max":146.734680176,"mean":31.255525589,"median":28.6013298035,"min":-1.26335561275,"var":247.2293396},"spectral_rms":{"dmean":0.0010573300533,"dmean2":0.001687682583,"dvar":0.00000136103699333,"dvar2":0.00000347104582943,"max":0.0162751749158,"mean":0.0062460815534,"median":0.00651609105989,"min":3.13684126417e-12,"var":0.00000650060246699},"spectral_rolloff":{"dmean":2046.51501465,"dmean2":3872.03735352,"dvar":25556704,"dvar2":70471688,"max":22028.4667969,"mean":3019.35375977,"median":1679.58984375,"min":64.599609375,"var":24653920},"spectral_skewness":{"dmean":0.521701097488,"dmean2":0.809208154678,"dvar":0.29292306304,"dvar2":0.739966094494,"max":9.42870140076,"mean":3.81016492844,"median":3.75279259682,"min":-0.0819314867258,"var":1.10452997684},"spectral_spread":{"dmean":496364.28125,"dmean2":785881.375,"dvar":695316578304,"dvar2":1433179783170,"max":43223624,"mean":3265784.25,"median":2858394.25,"min":1055681.875,"var":10941002416100},"spectral_strongpeak":{"dmean":0.471718400717,"dmean2":0.832107365131,"dvar":1.1317589283,"dvar2":3.08716821671,"max":29.5133953094,"mean":0.571992516518,"median":0.275712072849,"min":0,"var":1.15754294395},"zerocrossingrate":{"dmean":0.024811130017,"dmean2":0.0327215902507,"dvar":0.000425072415965,"dvar2":0.0007173755439,"max":0.52099609375,"mean":0.181353747845,"median":0.17919921875,"min":0.021484375,"var":0.00327990320511}},"metadata":{"audio_properties":{"analysis_sample_rate":44100,"bit_rate":192000,"codec":"mp3","downmix":"mix","equal_loudness":0,"length":329.377960205,"lossless":false,"md5_encoded":"5e0d632b8c9c0b56c7bee8d8af0fa226","replay_gain":-0.506992340088,"sample_rate":44100},"tags":{"acoustid_id":["3fe97a25-a1da-44bd-acff-efcd345ec148"],"album":["The Essential"],"albumartist":["Motörhead"],"artist":["Motörhead"],"date":["2007"],"discnumber":["2/2"],"file_name":"2-04 - Motörhead - Another Perfect Day.mp3","musicbrainz_albumartistid":["57961a97-3796-4bf7-9f02-a985a8979ae9"],"musicbrainz_albumid":["b4f619f1-6c35-48a8-8bd7-d821eacd29a3"],"musicbrainz_artistid":["57961a97-3796-4bf7-9f02-a985a8979ae9"],"musicbrainz_recordingid":["4ede05b5-194f-4f66-bda2-098bec70be1c"],"musicbrainz_releasegroupid":["1257ccfc-0b75-3bfd-8671-4eaf00a9f25f"],"replaygain_album_gain":["-0.20 dB"],"replaygain_album_peak":["0.477078"],"replaygain_track_gain":["-1.35 dB"],"replaygain_track_peak":["0.437615"],"title":["Another Perfect Day"],"tracknumber":["4/19"]},"version":{"essentia":"2.1-beta1","essentia_build_sha":"e76a03f03bb3900de42a1fa0d9be1e72f12def64","essentia_git_sha":"v2.1_beta1-28-g21ef5f4-dirty","extractor":"music 1.0"}},"rhythm":{"beats_count":763,"beats_loudness":{"dmean":0.0185285545886,"dmean2":0.0321621485054,"dvar":0.000297787948512,"dvar2":0.0008590281941,"max":0.141058459878,"mean":0.0505888909101,"median":0.0497407130897,"min":0,"var":0.000651564216241},"beats_loudness_band_ratio":{"dmean":[0.19883646071,0.078316539526,0.0663159936666,0.0901189818978,0.0623605325818,0.0532990507782],"dmean2":[0.340257167816,0.138197794557,0.113646999002,0.157451942563,0.110199332237,0.0986480042338],"dvar":[0.0207233224064,0.00680734915659,0.0053756586276,0.00579063221812,0.00423663295805,0.00253264489584],"dvar2":[0.0600669644773,0.019894214347,0.0146598517895,0.0166189447045,0.0116989444941,0.00762685202062],"max":[0.967857539654,0.719152569771,0.639090836048,0.589245975018,0.539635777473,0.742723286152],"mean":[0.408102