{"lowlevel":{"average_loudness":0.752501666546,"barkbands":{"dmean":[0.0000800580528448,0.00196557748131,0.00218569533899,0.00100889627356,0.000961346726399,0.000842044188175,0.000824617454782,0.000863617577124,0.000414965295931,0.00022288915352,0.000137766357511,0.000250379263889,0.000203060422791,0.00023469554435,0.000311967800371,0.000310786243062,0.000272043078439,0.000182001051144,0.000149334227899,0.000137437717058,0.0000710374879418,0.0000898857178981,0.0000375643721782,0.0000466418678116,0.0000194538170035,0.00000257634451373,2.35865272202e-7],"dmean2":[0.0000905243869056,0.00321315671317,0.00378044811077,0.00174546416383,0.00151828653179,0.0013911514543,0.00127236207481,0.00137255678419,0.000646310043521,0.00036266099778,0.000214990708628,0.000394875416532,0.000318043923471,0.000356852426194,0.000491661077831,0.000491623068228,0.000430546497228,0.000285730988253,0.000234525228734,0.00023096507357,0.000109137814434,0.000147068742081,0.0000568678478885,0.0000692259709467,0.0000295326753985,0.00000400268527301,3.7120912566e-7],"dvar":[3.21365583034e-8,0.0000113337491712,0.0000204611860681,0.00000483430903842,0.000002563230737,0.00000212344980355,0.0000023077188871,0.00000468259622721,0.00000121464643144,7.0231914151e-7,1.56385070227e-7,0.00000112676082153,2.78437795487e-7,9.06332672912e-7,0.00000177900119525,0.00000112326813451,6.29303485766e-7,2.31026859865e-7,2.20115552452e-7,0.00000111363306132,6.65570638603e-8,3.7425274968e-7,2.00514715942e-8,4.7983011342e-8,1.0314455956e-8,1.0741309231e-10,8.9300442041e-13],"dvar2":[3.81678333383e-8,0.0000301001837215,0.000057913177443,0.0000137791766974,0.0000063761549427,0.00000550869526705,0.00000520704907103,0.0000120739214253,0.00000308892981593,0.00000168815677171,3.64061378377e-7,0.00000263348101726,6.47643048524e-7,0.00000205860965252,0.00000427093573308,0.00000302659691442,0.0000016220147927,5.77307503136e-7,5.71479631617e-7,0.00000321301854456,1.49969750396e-7,0.00000102456806417,4.46406360766e-8,1.14055019651e-7,2.61570374249e-8,2.69814365295e-10,2.22221156407e-12],"max":[0.00438043894246,0.0467026717961,0.084141805768,0.0283170230687,0.0285499785095,0.0320553593338,0.0268284697086,0.0533127784729,0.0240031089634,0.0228221546859,0.0112462723628,0.0522312112153,0.0132851935923,0.0297539271414,0.0480887703598,0.0241603795439,0.0179303530604,0.0113609349355,0.0173067245632,0.0482561774552,0.0115687930956,0.0223908629268,0.00748913921416,0.00841808784753,0.00541280023754,0.000406444189139,0.0000254848964687],"mean":[0.000131853827043,0.00334183475934,0.00292829121463,0.00120723072905,0.00173209991772,0.00143812899478,0.00152294908185,0.00161235209089,0.000645424297545,0.000344395753928,0.000203537143534,0.000393455993617,0.000326948589645,0.000367695552995,0.000493606727105,0.000542876368854,0.000505403848365,0.000373970658984,0.000313522032229,0.000208072917303,0.000119739757793,0.000159268485731,0.0000741627591196,0.0000848830095492,0.0000278788775177,0.00000343326405527,2.93385284067e-7],"median":[0.000012242455341,0.0015144799836,0.00108103523962,0.000518304703292,0.0010007165838,0.000787518685684,0.000597725505941,0.000291054748232,0.000116823262942,0.0000873999961186,0.0000489587800985,0.000070284382673,0.0000924354317249,0.0000613586598774,0.000064030115027,0.0000878887367435,0.000118296738947,0.0000942494079936,0.0000702190372976,0.0000610403949395,0.0000362251739716,0.000027296033295,0.0000148565231939,0.0000121679149743,0.00000295467884825,3.71346970951e-7,5.66348816733e-8],"min":[1.68988889722e-12,3.75777881034e-12,2.01716529764e-12,7.94744641191e-13,3.98084180637e-13,4.57091667034e-13,2.33365193489e-13,8.86687777238e-14,1.35405941559e-13,2.53281580822e-13,4.26265095541e-14,7.66136286356e-14,6.08320834569e-14,1.48045638249e-13,1.28334165126e-13,6.10118712822e-14,5.85760620239e-14,3.0553221086e-13,1.10488393879e-13,4.63567118719e-13,1.98687542655e-13,3.39372003806e-13,1.92774846108e-13,6.4096368187e-13,6.20783481044e-13,3.6896318791e-13,1.85130851621e-11],"var":[1.04045412286e-7,0.0000212192280742,0.0000248305441346,0.00000456393945569,0.00000502405237057,0.0000039981041482,0.00000579891366215,0.0000103942284113,0.00000231594117395,0.00000129961188122,3.22895658655e-7,0.00000200056524591,5.80981804887e-7,0.00000167896666881,0.00000333038974532,0.00000255984537034,0.00000143196120916,7.10471169896e-7,7.11367817985e-7,0.00000113391638479,1.49899477719e-7,7.37719972221e-7,6.98882516303e-8,1.47143580875e-7,1.5547648502e-8,2.47794312846e-10,1.05684102962e-12]},"barkbands_crest":{"dmean":2.3948738575,"dmean2":3.93842315674,"dvar":4.41238498688,"dvar2":11.7306003571,"max":23.4102478027,"mean":9.5173330307,"median":8.78133201599,"min":2.29817891121,"var":13.7549123764},"barkbands_flatness_db":{"dmean":0.0201261471957,"dmean2":0.0316196382046,"dvar":0.000366202497389,"dvar2":0.00086947606178,"max":0.399331927299,"mean":0.149735167623,"median":0.144945323467,"min":0.0370776206255,"var":0.00224452791736},"barkbands_kurtosis":{"dmean":2.85999894142,"dmean2":4.6213054657,"dvar":33.3106193542,"dvar2":86.5820465088,"max":227.491744995,"mean":4.30405950546,"median":2.02345585823,"min":-1.93079388142,"var":73.2870635986},"barkbands_skewness":{"dmean":0.51999861002,"dmean2":0.807709872723,"dvar":0.31405800581,"dvar2":0.742034494877,"max":12.5176792145,"mean":1.47309041023,"median":1.43215298653,"min":-3.65856456757,"var":1.64193117619},"barkbands_spread":{"dmean":5.71949100494,"dmean2":9.00029468536,"dvar":50.6604385376,"dvar2":112.020309448,"max":148.422088623,"mean":23.2849273682,"median":18.3561401367,"min":0.734168291092,"var":372.961364746},"dissonance":{"dmean":0.0181083157659,"dmean2":0.0302531756461,"dvar":0.000325450062519,"dvar2":0.000857949082274,"max":0.5,"mean":0.460388213396,"median":0.469518095255,"min":0.230177134275,"var":0.00110191339627},"dynamic_complexity":4.98855161667,"erbbands":{"dmean":[0.0484768301249,0.505866467953,2.29863667488,2.82322883606,3.95651769638,2.45010900497,3.55435156822,8.97831249237,13.0788841248,12.4695081711,16.9976558685,9.15108108521,7.1476111412,5.78172588348,7.39695739746,7.93301439285,8.83072853088,9.89920902252,11.8322172165,16.2683181763,17.295167923,15.4518203735,9.60471820831,6.8430891037,9.13998031616,4.79146194458,2.72093510628,3.26524806023,3.37774181366,1.75184071064,0.976084113121,0.792992651463,0.9075974226,0.330582678318,0.0961361601949,0.0188739914447,0.00445104716346,0.000500570575241,0.0000441477059212,0.00000790304511611],"dmean2":[0.0733479186893,0.832976222038,3.93989920616,4.93658542633,6.47639417648,3.85226964951,5.64161491394,14.9780864716,20.4220180511,19.3771762848,26.7775535583,14.0112609863,11.6176042557,8.82110214233,11.5802755356,12.328204155,13.8003149033,15.0057039261,17.7054710388,25.6190719604,27.2648715973,24.2026729584,15.0557546616,10.4648723602,14.9749403,7.87422370911,4.3373093605,5.0365357399,5.52577877045,2.79380583763,1.46175503731,1.18615031242,1.36605906487,0.500475883484,0.149205341935,0.0288836546242,0.00694708433002,0.000781689304858,0.0000685710256221,0.0000121598695841],"dvar":[0.0098736518994,0.713808953762,19.4302997589,40.9549255371,56.9757995605,15.2241592407,56.2145843506,247.067062378,586.88482666,640.647216797,1969.77197266,570.745788574,586.861083984,477.379882812,933.929626465,692.065917969,512.504333496,1410.58166504,2773.08056641,4225.76269531,3755.48071289,2325.81738281,578.373046875,462.474731445,2583.2487793,561.829589844,72.5236282349,234.651763916,604.479431152,56.3136367798,15.8100919724,9.14509773254,23.5204582214,4.70627784729,0.158475607634,0.00522777717561,0.000349909736542,0.00000365374216926,2.74937139721e-8,1.70201755467e-10],"dvar2":[0.0237582046539,1.90363442898,54.4896202087,116.132286072,151.598251343,36.8519859314,135.193817139,650.857543945,1430.24279785,1568.32617188,5074.63134766,1420.44909668,1523.84350586,909.76776123,2164.98901367,1654.27758789,1187.90185547,3169.94042969,5408.52832031,11178.1884766,10330.4111328,6251.40625,1408.53210449,1117.54711914,7369.35205078,1678.45117188,190.657745361,538.74987793,1648.62207031,124.688674927,39.444190979,21.463098526,58.5855484009,11.8464040756,0.408801406622,0.0133433425799,0.000894079334103,0.00000949636978476,6.60024639387e-8,4.08131001217e-10],"max":[1.49937188625,10.6095104218,80.7316818237,76.6858825684,132.860397339,54.2135925293,322.638061523,337.619293213,383.840454102,412.307800293,1521.9486084,481.317474365,721.584411621,899.819641113,1454.02868652,868.20513916,555.806518555,1289.36743164,3077.31689453,1778.7076416,1421.25158691,1169.02514648,610.989929199,625.503051758,2085.98071289,947.611633301,357.148132324,648.196533203,726.159118652,608.484069824,170.038269043,127.881202698,185.498809814,131.968399048,10.7739582062,2.99173378944,0.561171889305,0.0423687249422,0.00512572424486,0.000359937053872],"mean":[0.0770435333252,0.825276076794,3.27546167374,3.74873805046,5.55543327332,4.52292823792,6.63052511215,15.1133184433,24.3361682892,22.7613372803,31.5332183838,15.4764604568,11.1634254456,9.59375095367,12.5236854553,13.0320272446,15.178442955,17.2679691315,20.8883075714,28.902009964,32.3132629395,30.6020584106,21.1908073425,15.8186674118,16.4226455688,8.54185009003,4.66309928894,5.48770189285,5.6941242218,3.82627725601,1.85340940952,1.500633955,1.51045906544,0.495935350657,0.134104624391,0.0268578138202,0.00533233070746,0.000598564743996,0.0000651743030176,0.0000256276234722],"median":[0.0208022817969,0.405532062054,1.31849312782,1.64754939079,2.70731854439,2.49302339554,3.28867101669,8.04354763031,11.3361005783,8.42770767212,6.78422260284,3.70304918289,3.21002197266,2.35406684875,2.83657360077,2.90902900696,4.78918457031,3.98084831238,3.54119277,4.63358879089,5.53465223312,7.15451335907,5.59072828293,3.45223999023,4.0084066391,2.92503929138,1.72596120834,1.34315657616,1.09994733334,0.634416759014,0.407148033381,0.307681560516,0.160934984684,0.0500002130866,0.0149238649756,0.00302381534129,0.000552989426069,0.0000860347281559,0.0000195302709471,0.0000200405866053],"min":[1.24683638414e-10,7.92193366461e-10,2.23949658817e-9,2.78653411456e-9,1.62253777081e-9,1.22545484871e-9,2.59720911444e-9,3.96323818208e-9,4.05901445788e-9,2.05601380365e-9,2.26990515273e-9,2.96974711489e-9,6.17022521965e-9,6.14503958829e-9,1.86767024069e-9,3.28069083011e-9,2.86076184963e-9,4.73121097855e-9,8.15045364533e-9,7.70690800067e-9,2.27193086566e-9,4.40091829645e-9,1.83447639301e-8,5.71466207688e-9,1.13642384392e-8,2.19335749563e-8,1.19718936986e-8,5.01101027339e-9,1.56470658652e-8,6.14333872662e-9,6.41141451041e-9,5.17688425461e-9,1.67140310481e-8,6.09484551717e-9,4.11502432129e-9,1.47891654478e-9,7.82430009671e-10,1.17337495276e-9,1.62490809696e-9,4.86044537951e-10],"var":[0.0198181997985,1.2602250576,25.9886131287,39.2837677002,75.4064025879,34.3096160889,108.646278381,470.968841553,1306.02905273,1344.40893555,4023.89013672,1225.6126709,946.481201172,1039.18334961,1828.16784668,1260.13439941,1093.13134766,2868.96582031,6212.00830078,8250.453125,8702.59667969,5392.59863281,2042.10412598,1709.8729248,3359.14111328,685.142333984,149.353103638,494.384765625,960.874389648,378.126251221,34.5220375061,31.0140724182,57.9340782166,7.31847524643,0.253626286983,0.0130809992552,0.000509975769091,0.00000444081342721,3.8404920133e-8,5.77490111286e-10]},"erbbands_crest":{"dmean":2.72153997421,"dmean2":4.45728158951,"dvar":6.65558576584,"dvar2":17.5964546204,"max":28.4406108856,"mean":9.54276657104,"median":8.59376144409,"min":2.3014922142,"var":19.4826583862},"erbbands_flatness_db":{"dmean":0.0167438872159,"dmean2":0.0237307660282,"dvar":0.000257926323684,"dvar2":0.000498346867971,"max":0.336914509535,"mean":0.171594634652,"median":0.171219915152,"min":0.0233052633703,"var":0.00242338655517},"erbbands_kurtosis":{"dmean":1.01754140854,"dmean2":1.61561441422,"dvar":2.93115377426,"dvar2":6.89996576309,"max":44.2935447693,"mean":0.489406168461,"median":-0.27519762516,"min":-1.8761882782,"var":7.07583379745},"erbbands_skewness":{"dmean":0.402431875467,"dmean2":0.622270941734,"dvar":0.14767383039,"dvar2":0.33946159482,"max":5.01497411728,"mean":0.245709702373,"median":0.327523857355,"min":-4.48286437988,"var":0.906034171581},"erbbands_spread":{"dmean":7.93207406998,"dmean2":12.0303649902,"dvar":72.7084197998,"dvar2":163.586074829,"max":123.693382263,"mean":40.3622970581,"median":37.6226425171,"min":3.01672124863,"var":378.709533691},"gfcc":{"cov":[[20610.1328125,1748.23693848,-2092.10961914,1175.12731934,-1144.65380859,353.88772583,-692.635742188,351.320983887,-159.309844971,186.613891602,-293.591766357,-106.974273682,-93.3427047729],[1748.23693848,1500.1550293,-332.093200684,-200.564407349,94.9927902222,-215.313903809,51.3601493835,-12.0728645325,64.4374008179,-57.5251312256,76.6828842163,-40.0093421936,-37.0905838013],[-2092.10961914,-332.093200684,887.315551758,72.2338485718,75.9069137573,124.504432678,76.7654724121,-20.984292984,-48.1106414795,66.9053878784,-2.22494363785,74.194152832,33.0982131958],[1175.12731934,-200.564407349,72.2338485718,502.89163208,-21.3652267456,40.2884101868,-140.149169922,-7.12847137451,39.0562210083,36.5596809387,-31.3981494904,26.6735782623,69.4292373657],[-1144.65380859,94.9927902222,75.9069137573,-21.3652267456,423.302825928,-88.0907516479,12.9172496796,37.4780540466,54.8617668152,10.2773342133,6.15020370483,-17.7257633209,45.1200752258],[353.88772583,-215.313903809,124.504432678,40.2884101868,-88.0907516479,323.637542725,119.799293518,7.72946405411,-17.8701305389,28.8236789703,-16.3781070709,4.20827245712,3.16445159912],[-692.635742188,51.3601493835,76.7654724121,-140.149169922,12.9172496796,119.799293518,297.0909729,37.7328491211,-9.02324199677,-21.8941383362,31.2867355347,8.8468837738,-23.6862945557],[351.320983887,-12.0728645325,-20.984292984,-7.12847137451,37.4780540466,7.72946405411,37.7328491211,158.582748413,14.4935045242,10.1251468658,-4.82610559464,-20.5809288025,-8.06662845612],[-159.309844971,64.4374008179,-48.1106414795,39.0562210083,54.8617668152,-17.8701305389,-9.02324199677,14.4935045242,157.113418579,14.4720096588,3.8153553009,-16.6250534058,17.8384857178],[186.613891602,-57.5251312256,66.9053878784,36.5596809387,10.2773342133,28.8236789703,-21.8941383362,10.1251468658,14.4720096588,114.174064636,1.74962568283,-0.843433558941,2.70480155945],[-293.591766357,76.6828842163,-2.22494363785,-31.3981494904,6.15020370483,-16.3781070709,31.2867355347,-4.82610559464,3.8153553009,1.74962568283,92.9258270264,18.2699146271,-5.07450532913],[-106.974273682,-40.0093421936,74.194152832,26.6735782623,-17.7257633209,4.20827245712,8.8468837738,-20.5809288025,-16.6250534058,-0.843433558941,18.2699146271,93.1878662109,26.8594703674],[-93.3427047729,-37.0905838013,33.0982131958,69.4292373657,45.1200752258,3.16445159912,-23.6862945557,-8.06662845612,17.8384857178,2.70480155945,-5.07450532913,26.8594703674,89.5608596802]],"icov":[[0.000395202660002,-0.000772881845478,0.000871878350154,-0.00100220751483,0.000716910872143,-0.0010269008344,0.000788400764577,-0.00122636463493,0.000970951805357,-0.000925331434701,0.0011331399437,-0.000622501655016,0.000405137019698],[-0.000772881845478,0.00239057070576,-0.00145921495277,0.00210197921842,-0.00150244345423,0.00251990160905,-0.00186922831926,0.00261422991753,-0.00215008133091,0.00189954321831,-0.00269566429779,0.00141963677015,-0.000704336562194],[0.000871878350154,-0.00145921495277,0.00344836385921,-0.00238157762215,0.00108111219015,-0.00252995942719,0.00128602318,-0.0023661670275,0.00259172450751,-0.00283010979183,0.00263063958846,-0.00237529398873,0.000978639232926],[-0.00100220751483,0.00210197921842,-0.00238157762215,0.00541103538126,-0.0016018532915,0.00191752007231,-0.000480458082166,0.00278951530345,-0.00319949211553,0.00219418434426,-0.00263563147746,0.00106246769428,-0.00252215354703],[0.000716910872143,-0.00150244345423,0.00108111219015,-0.0016018532915,0.00447084661573,-0.000704318517819,0.000908883579541,-0.00283206580207,0.00104104052298,-0.00197890237905,0.0020171625074,0.000104597122117,-0.001339649898],[-0.0010269008344,0.00251990160905,-0.00252995942719,0.00191752007231,-0.000704318517819,0.00779486494139,-0.00483660819009,0.0034855932463,-0.00233761593699,0.00106934492942,-0.00206211581826,0.0026699770242,-0.00194825092331],[0.000788400764577,-0.00186922831926,0.00128602318,-0.000480458082166,0.000908883579541,-0.00483660819009,0.00752944406122,-0.00383235374466,0.00155186804477,-0.000173802531208,0.00074714893708,-0.00232653925195,0.00174013944343],[-0.00122636463493,0.00261422991753,-0.0023661670275,0.00278951530345,-0.00283206580207,0.0034855932463,-0.00383235374466,0.0108916442841,-0.00327046052553,0.00199054507539,-0.00304347462952,0.00311417016201,-0.000727576087229],[0.000970951805357,-0.00215008133091,0.00259172450751,-0.00319949211553,0.00104104052298,-0.00233761593699,0.00155186804477,-0.00327046052553,0.00986208021641,-0.00335822231136,0.00231518340297,-0.000139953306643,-0.000371719972463],[-0.000925331434701,0.00189954321831,-0.00283010979183,0.00219418434426,-0.00197890237905,0.00106934492942,-0.000173802531208,0.00199054507539,-0.00335822231136,0.0123825091869,-0.00377767672762,0.00171349628363,-0.0001733150566],[0.0011331399437,-0.00269566429779,0.00263063958846,-0.00263563147746,0.0020171625074,-0.00206211581826,0.00074714893708,-0.00304347462952,0.00231518340297,-0.00377767672762,0.0158670749515,-0.00480245379731,0.00210797390901],[-0.000622501655016,0.00141963677015,-0.00237529398873,0.00106246769428,0.000104597122117,0.0026699770242,-0.00232653925195,0.00311417016201,-0.000139953306643,0.00171349628363,-0.00480245379731,0.0155207645148,-0.00543922372162],[0.000405137019698,-0.000704336562194,0.000978639232926,-0.00252215354703,-0.001339649898,-0.00194825092331,0.00174013944343,-0.000727576087229,-0.000371719972463,-0.0001733150566,0.00210797390901,-0.00543922372162,0.0158580690622]],"mean":[-60.0241508484,109.759506226,-120.906654358,45.9823112488,-56.6769294739,3.91550898552,-39.747592926,5.86264657974,-11.7259092331,-0.239092573524,-6.22006034851,-6.42858886719,-10.5069313049]},"hfc":{"dmean":4.27305936813,"dmean2":6.15211343765,"dvar":87.8385314941,"dvar2":211.942001343,"max":258.381439209,"mean":15.0468597412,"median":9.02668476105,"min":0.00000100996601304,"var":441.760528564},"melbands":{"dmean":[0.000466813100502,0.000987658277154,0.000505649019033,0.000226270683925,0.000118809482956,0.00019860973407,0.000184469099622,0.000154584602569,0.000133456574986,0.0000548104908376,0.0000366097192455,0.0000248045998887,0.0000216135940718,0.0000268804069492,0.0000186434190255,0.0000224785508181,0.0000202202681976,0.0000204318075703,0.0000263163474301,0.0000211871083593,0.0000206019540201,0.0000191959352378,0.0000129400723381,0.00000712009023118,0.0000060050592765,0.00000620615992375,0.00000775150238042,0.00000242962823904,0.00000185219084869,0.00000163744027759,0.00000214613919525,0.00000239827204496,0.00000132403704356,9.25620042835e-7,5.84187489494e-7,5.41159295153e-7,5.02202112784e-7,6.80660662056e-7,5.28907094122e-7,2.22547882345e-7],"dmean2":[0.000745925586671,0.00166278786492,0.000863955705427,0.000361384503776,0.000187162004295,0.000328450929374,0.000286730384687,0.000242574358708,0.00021146175277,0.0000841503060656,0.0000599023151153,0.0000384656414099,0.0000336686753144,0.0000424610698246,0.0000294395103992,0.0000351466260327,0.0000310045106744,0.0000307221453113,0.0000414895112044,0.0000329875801981,0.0000330511356879,0.0000305855937768,0.0000205719516089,0.0000110318751467,0.00000937639106269,0.00000993895901047,0.0000131330161821,0.00000393953405364,0.0000029665409329,0.00000262170328824,0.00000334758897225,0.00000402124396714,0.00000214264537135,0.00000149813320149,9.02666499769e-7,8.17051329705e-7,7.66077391745e-7,0.00000104727848793,8.05247509561e-7,3.45925087686e-7],"dvar":[7.36265121759e-7,0.00000310378413815,0.00000111836527594,1.55532617896e-7,5.34606741098e-8,1.130115308e-7,1.1235878361e-7,1.15823851843e-7,1.29317754727e-7,2.09625898862e-8,1.58205040179e-8,9.21327281134e-9,5.69548674889e-9,1.58099098257e-8,3.00103830675e-9,3.72528785597e-9,6.74229960751e-9,8.34898727931e-9,1.33091253574e-8,4.5798831394e-9,5.09933562043e-9,4.24904911256e-9,1.252387416e-9,3.72573388807e-10,4.05754707611e-10,4.18599793717e-10,4.64913751941e-9,4.61709698252e-11,3.64659587249e-11,3.62215049621e-11,1.10910627904e-10,4.37422625899e-10,6.10518441357e-11,1.78007886209e-11,7.91275985706e-12,3.96919866766e-12,4.33282576484e-12,1.23202611307e-11,1.14920078662e-11,2.41243179946e-12],"dvar2":[0.00000193913797375,0.00000851567256177,0.00000310367204293,3.88024716358e-7,1.2554444595e-7,2.96211595696e-7,2.67336417892e-7,2.94303220016e-7,3.37031536901e-7,5.23930552276e-8,4.10826359598e-8,1.80908674707e-8,1.32820341392e-8,3.70753987511e-8,7.47782280541e-9,8.43917291604e-9,1.55400954327e-8,1.6892393262e-8,3.40909096508e-8,1.18734293508e-8,1.37951330359e-8,1.15688223445e-8,3.32123772928e-9,9.18828568786e-10,1.00492703048e-9,1.12085662973e-9,1.338160871e-8,1.29051477837e-10,9.5187344118e-11,8.75625336128e-11,2.69993305491e-10,1.22877041875e-9,1.41530093201e-10,3.97552823994e-11,2.07528265406e-11,9.34865119345e-12,1.05922987395e-11,3.18007634115e-11,2.6475471121e-11,6.37534166084e-12],"max":[0.0129746906459,0.0299298483878,0.01514278166,0.00670046452433,0.00843109935522,0.0068620890379,0.00549414427951,0.00759261334315,0.013952633366,0.00257547246292,0.00348926847801,0.00367349549197,0.00291786855087,0.00636909343302,0.00198423070833,0.00173173821531,0.00270196562633,0.00478820409626,0.00328892003745,0.00173311389517,0.00156666315161,0.00166425586212,0.000910695700441,0.000508353288751,0.000612668984104,0.000695696682669,0.00304365810007,0.000173470645677,0.000222605813178,0.000248133699642,0.000396585412091,0.000658387492876,0.000739380135201,0.000311434472678,0.00013617053628,0.000079180317698,0.000081626145402,0.000115342940262,0.000157084345119,0.0000968864333117],"mean":[0.00079344084952,0.00153849052731,0.000732372631319,0.000366067833966,0.000228707824135,0.000341535371263,0.000348694011336,0.000285288493615,0.000239562548813,0.0000880531879375,0.0000544105532754,0.000039390353777,0.0000350656882802,0.0000436517511844,0.0000283742847387,0.0000361532656825,0.0000321824263665,0.0000324656139128,0.0000408836785937,0.0000366416061297,0.0000360027152055,0.0000335548902513,0.0000245572355198,0.000014335261767,0.0000125122924146,0.0000121774864965,0.0000110361625048,0.00000436964592154,0.000002949058171,0.00000256535690824,0.00000341179952557,0.00000353969153366,0.00000266621054834,0.00000184772261491,0.00000102968920146,9.40360621371e-7,8.83715415512e-7,0.00000113466785479,7.61025546581e-7,3.13926761919e-7],"median":[0.000314490287565,0.000713708810508,0.000371928617824,0.000201982154977,0.000115690287203,0.000184737378731,0.00015587543021,0.0000846018592711,0.0000486568169435,0.0000169468348759,0.0000143240758916,0.00000916893986869,0.00000819262459117,0.00000731312320568,0.00000771352915763,0.00000994927904685,0.0000062230765252,0.00000485416694573,0.00000522721165908,0.00000601021338298,0.00000606459570918,0.00000694776008459,0.00000641795259071,0.00000339280450135,0.00000248293963523,0.00000281913344224,0.00000254254473475,0.0000016655633317,0.00000104590230876,7.38402320621e-7,7.41398821447e-7,6.08287223258e-7,4.35421895872e-7,2.88388378067e-7,2.10057578443e-7,2.13672961991e-7,1.60691513429e-7,1.19259340181e-7,6.50189093676e-8,3.08615852873e-8],"min":[1.16080354964e-12,1.16151424416e-12,4.5830223297e-13,8.91944531472e-14,8.45197325214e-14,8.95424278344e-14,5.84864933719e-14,2.04485052887e-14,1.89511356911e-14,1.90507721767e-14,3.20796720351e-14,2.73372091023e-14,5.38992136513e-15,8.30850128687e-15,6.51579501752e-15,6.41505823614e-15,9.53376324419e-15,1.55411216529e-14,8.93321264943e-15,7.71754334023e-15,1.81738499778e-15,2.66728811618e-15,1.41071575537e-14,1.47048528004e-14,3.18931600388e-15,4.69563344574e-15,1.70109897848e-14,1.29092183381e-14,7.49267642153e-15,4.34140638478e-15,2.35845630372e-15,8.50504427085e-15,7.26627637319e-15,2.4229860265e-15,3.65268177778e-15,2.55863538839e-15,3.15255498573e-15,1.34140770797e-14,7.8554572447e-15,4.14486170673e-15],"var":[0.00000139118856168,0.00000471841940453,0.00000122986409679,2.53684390827e-7,1.22670513747e-7,2.21966701019e-7,2.68630174105e-7,2.53223134905e-7,2.4902055884e-7,4.3376935821e-8,2.53212579793e-8,1.91614830669e-8,1.11728910568e-8,2.90671131609e-8,4.91357576848e-9,7.78760966824e-9,1.22828840432e-8,1.75006373837e-8,2.32156480706e-8,1.01728456769e-8,1.09770308399e-8,7.84810083587e-9,2.93282131913e-9,1.09722420039e-9,1.24599297546e-9,1.13445453032e-9,4.47743886411e-9,8.18919237977e-11,6.61967286542e-11,7.00910718354e-11,2.16766535277e-10,4.92381579953e-10,2.97374014302e-10,7.57694532116e-11,1.11442678002e-11,1.00937236e-11,1.20558736605e-11,3.04998734602e-11,2.20969544745e-11,2.85597370406e-12]},"melbands_crest":{"dmean":3.2752020359,"dmean2":5.45908594131,"dvar":8.12253665924,"dvar2":21.5560970306,"max":32.7829208374,"mean":13.8710889816,"median":12.8174543381,"min":3.2647960186,"var":28.6048755646},"melbands_flatness_db":{"dmean":0.0254016779363,"dmean2":0.0398094058037,"dvar":0.000611603085417,"dvar2":0.00140967697371,"max":0.523940265179,"mean":0.213280886412,"median":0.207063004375,"min":0.0217815432698,"var":0.00433624070138},"melbands_kurtosis":{"dmean":6.88751745224,"dmean2":11.0451335907,"dvar":191.204238892,"dvar2":498.116699219,"max":369.845031738,"mean":13.6707401276,"median":8.41136932373,"min":-1.89029347897,"var":393.786468506},"melbands_skewness":{"dmean":0.698889732361,"dmean2":1.09684836864,"dvar":0.599699616432,"dvar2":1.43198812008,"max":15.2778940201,"mean":2.63858103752,"median":2.46361780167,"min":-1.51861810684,"var":2.56343317032},"melbands_spread":{"dmean":7.35841083527,"dmean2":11.5536575317,"dvar":148.988067627,"dvar2":315.804626465,"max":264.409545898,"mean":24.0130844116,"median":17.5072383881,"min":0.590387940407,"var":493.030578613},"mfcc":{"cov":[[12314.2304688,624.733398438,-515.542236328,449.93460083,-3.29930686951,61.6564025879,-115.159736633,178.895050049,102.312286377,227.765594482,24.3378219604,35.478805542,-51.7606239319],[624.733398438,1757.65649414,-318.484985352,70.9544677734,-0.975993394852,-103.633140564,38.9917526245,57.56483078,-50.0908164978,15.6667127609,56.4875106812,71.5665283203,39.456653595],[-515.542236328,-318.484985352,738.65637207,8.27773952484,-46.6672134399,162.220199585,65.3958206177,-6.11362075806,21.3500995636,-56.3163604736,-26.597026825,44.2314414978,18.2508449554],[449.93460083,70.9544677734,8.27773952484,398.058349609,192.045562744,-29.8807659149,-78.1366424561,-36.4365196228,19.3611392975,-16.8382148743,-41.6189117432,11.4014539719,27.5504283905],[-3.29930686951,-0.975993394852,-46.6672134399,192.045562744,342.735717773,-15.7960739136,-68.9419784546,-70.4592590332,46.7783508301,25.1930580139,-31.2175674438,-18.6178035736,9.96047306061],[61.6564025879,-103.633140564,162.220199585,-29.8807659149,-15.7960739136,234.237014771,43.448299408,2.72492551804,40.2291107178,-9.95422744751,11.9093942642,17.2941608429,-20.7772979736],[-115.159736633,38.9917526245,65.3958206177,-78.1366424561,-68.9419784546,43.448299408,225.569061279,55.1120452881,21.7979755402,-2.10802412033,23.0844116211,25.8217735291,-10.417593956],[178.895050049,57.56483078,-6.11362075806,-36.4365196228,-70.4592590332,2.72492551804,55.1120452881,154.612640381,15.7781791687,17.3890037537,18.2703895569,-9.69868087769,6.69160556793],[102.312286377,-50.0908164978,21.3500995636,19.3611392975,46.7783508301,40.2291107178,21.7979755402,15.7781791687,132.709655762,40.463684082,1.22683525085,-1.77639842033,-5.06927108765],[227.765594482,15.6667127609,-56.3163604736,-16.8382148743,25.1930580139,-9.95422744751,-2.10802412033,17.3890037537,40.463684082,134.329147339,45.9322929382,-15.522187233,-10.1649780273],[24.3378219604,56.4875106812,-26.597026825,-41.6189117432,-31.2175674438,11.9093942642,23.0844116211,18.2703895569,1.22683525085,45.9322929382,114.034378052,13.0000600815,-15.9547023773],[35.478805542,71.5665283203,44.2314414978,11.4014539719,-18.6178035736,17.2941608429,25.8217735291,-9.69868087769,-1.77639842033,-15.522187233,13.0000600815,93.4617919922,20.2751331329],[-51.7606239319,39.456653595,18.2508449554,27.5504283905,9.96047306061,-20.7772979736,-10.417593956,6.69160556793,-5.06927108765,-10.1649780273,-15.9547023773,20.2751331329,85.7724685669]],"icov":[[0.0000987103994703,-0.00001758624785,0.0000797239044914,-0.000171507432242,0.000107861924334,-0.000108936976176,0.000056833090639,-0.000112294386781,-0.00000894302957022,-0.000199972346309,0.0000962676131167,-0.0000946835643845,0.0000985933656921],[-0.00001758624785,0.000697926327121,0.000302286440274,-0.000148721403093,-0.0000426011283707,0.00010984747496,-0.00018929761427,-0.000243349437369,0.000271203927696,0.0000234140079556,-0.000249697244726,-0.000564015877899,-0.000214990461245],[0.0000797239044914,0.000302286440274,0.00194296985865,-0.000429655221524,0.000379164441256,-0.00120344909374,-0.000364960171282,0.0000132843388201,0.00000391647699871,0.000187334779184,0.000356852833647,-0.000636668992229,-0.000507973600179],[-0.000171507432242,-0.000148721403093,-0.000429655221524,0.00417455704883,-0.00230092322454,0.000597429170739,0.000830744567793,-0.000291363074211,-0.000278049410554,0.0010291634826,0.000337273027981,-0.000749303319026,-0.000403603015002],[0.000107861924334,-0.0000426011283707,0.000379164441256,-0.00230092322454,0.00509707955644,-0.000275407248409,0.000222062197281,0.00190278294031,-0.00143361114897,-0.00122593098786,0.000654136645608,0.00105935765896,-0.000395775015932],[-0.000108936976176,0.00010984747496,-0.00120344909374,0.000597429170739,-0.000275407248409,0.00584142189473,-0.000374287308659,0.000144134959555,-0.00166101090144,0.00103276711889,-0.000869428913575,-0.000593515171204,0.00134099228308],[0.000056833090639,-0.00018929761427,-0.000364960171282,0.000830744567793,0.000222062197281,-0.000374287308659,0.00584240769967,-0.00184013007674,-0.000998860690743,0.000440930598415,-0.000334616430337,-0.00160869501997,0.000980143318884],[-0.000112294386781,-0.000243349437369,0.0000132843388201,-0.000291363074211,0.00190278294031,0.000144134959555,-0.00184013007674,0.00864862371236,-0.00127693312243,-0.000517393636983,-0.000769333273638,0.00240317522548,-0.00179729389492],[-0.00000894302957022,0.000271203927696,0.00000391647699871,-0.000278049410554,-0.00143361114897,-0.00166101090144,-0.000998860690743,-0.00127693312243,0.00998848490417,-0.00324083212763,0.00125949631911,-0.000591541291215,0.00028111768188],[-0.000199972346309,0.0000234140079556,0.000187334779184,0.0010291634826,-0.00122593098786,0.00103276711889,0.000440930598415,-0.000517393636983,-0.00324083212763,0.0111232753843,-0.00466099614277,0.00170128769241,-0.000157886344823],[0.0000962676131167,-0.000249697244726,0.000356852833647,0.000337273027981,0.000654136645608,-0.000869428913575,-0.000334616430337,-0.000769333273638,0.00125949631911,-0.00466099614277,0.0119959060103,-0.00262487307191,0.0020954166539],[-0.0000946835643845,-0.000564015877899,-0.000636668992229,-0.000749303319026,0.00105935765896,-0.000593515171204,-0.00160869501997,0.00240317522548,-0.000591541291215,0.00170128769241,-0.00262487307191,0.0140151008964,-0.00370571995154],[0.0000985933656921,-0.000214990461245,-0.000507973600179,-0.000403603015002,-0.000395775015932,0.00134099228308,0.000980143318884,-0.00179729389492,0.00028111768188,-0.000157886344823,0.0020954166539,-0.00370571995154,0.0139485802501]],"mean":[-688.26171875,126.021987915,-0.755031347275,35.2408409119,7.98743247986,1.23222506046,-8.33807086945,0.757113039494,-4.05443382263,2.18517923355,1.78429293633,6.79557561874,1.56111490726]},"pitch_salience":{"dmean":0.0692599564791,"dmean2":0.113750062883,"dvar":0.00360001833178,"dvar2":0.00944877881557,"max":0.859724462032,"mean":0.551632225513,"median":0.555149972439,"min":0.11583391577,"var":0.0137653741986},"silence_rate_20dB":{"dmean":0,"dmean2":0,"dvar":0,"dvar2":0,"max":1,"mean":1,"median":1,"min":1,"var":0},"silence_rate_30dB":{"dmean":0,"dmean2":0,"dvar":0,"dvar2":0,"max":1,"mean":1,"median":1,"min":1,"var":0},"silence_rate_60dB":{"dmean":0.0222124792635,"dmean2":0.0444314517081,"dvar":0.0217199604958,"dvar2":0.0497633889318,"max":1,"mean":0.112945646048,"median":0,"min":0,"var":0.100188583136},"spectral_centroid":{"dmean":250.128677368,"dmean2":388.139556885,"dvar":98828.78125,"dvar2":204818.390625,"max":11192.4970703,"mean":1328.80786133,"median":1172.96777344,"min":149.973983765,"var":519969.21875},"spectral_complexity":{"dmean":2.7110915184,"dmean2":4.07366275787,"dvar":9.84339332581,"dvar2":18.9038963318,"max":58,"mean":14.3278779984,"median":12,"min":0,"var":89.56640625},"spectral_contrast_coeffs":{"dmean":[0.0488853119314,0.048204112798,0.0366437882185,0.0293181613088,0.0218107160181,0.0169741734862],"dmean2":[0.0814173817635,0.0788419321179,0.0592381022871,0.0466973595321,0.0341988876462,0.0265348758548],"dvar":[0.00157879758626,0.00156419503037,0.000908211106434,0.000638110213913,0.000403962709242,0.000261289154878],"dvar2":[0.00434311851859,0.00407087709755,0.00221108319238,0.00146854668856,0.00092991872225,0.000584424065892],"max":[-0.341023385525,-0.400901019573,-0.44030880928,-0.496678829193,-0.570717334747,-0.532493412495],"mean":[-0.660782873631,-0.703756272793,-0.785173714161,-0.780173718929,-0.780941307545,-0.759293973446],"median":[-0.661550402641,-0.704142570496,-0.798726081848,-0.788266599178,-0.785963892937,-0.758718371391],"min":[-0.973808050156,-0.968508481979,-0.967256963253,-0.967761874199,-0.953779459,-0.95651525259],"var":[0.0060420059599,0.0078512551263,0.00558681739494,0.00453987810761,0.00341112562455,0.00264052441344]},"spectral_contrast_valleys":{"dmean":[0.40257397294,0.357283204794,0.336658000946,0.260283619165,0.245692804456,0.293947428465],"dmean2":[0.658041417599,0.582483232021,0.53265619278,0.397151142359,0.343653082848,0.364538133144],"dvar":[0.134330615401,0.118629522622,0.118169248104,0.0821103006601,0.0851675346494,0.122588269413],"dvar2":[0.297172904015,0.256656765938,0.235684469342,0.146084785461,0.137065812945,0.193726599216],"max":[-5.55042266846,-4.66993045807,-5.3795170784,-5.33010149002,-5.33454704285,-7.55507993698],"mean":[-7.5751543045,-7.1151843071,-8.11234664917,-8.17660140991,-8.03705501556,-10.8514862061],"median":[-7.27270126343,-6.87500095367,-7.87347221375,-7.91219043732,-7.75106716156,-10.6461849213],"min":[-27.0653400421,-27.207983017,-27.2334403992,-27.0294342041,-27.5082302094,-27.2992725372],"var":[2.23482346535,2.2833468914,2.19714164734,2.12729668617,2.14477682114,1.98144996166]},"spectral_decrease":{"dmean":1.51045886909e-9,"dmean2":2.39430653082e-9,"dvar":4.39466004762e-18,"dvar2":1.08772132968e-17,"max":1.75924084464e-15,"mean":-4.69990224516e-9,"median":-4.00055366612e-9,"min":-2.84108310211e-8,"var":1.43290843151e-17},"spectral_energy":{"dmean":0.00596066890284,"dmean2":0.00939720403403,"dvar":0.0000666278065182,"dvar2":0.000163308883202,"max":0.109483093023,"mean":0.0191032588482,"median":0.016040802002,"min":6.19271439684e-11,"var":0.000237830827245},"spectral_energyband_high":{"dmean":0.000250219920417,"dmean2":0.000371942936908,"dvar":8.45591102916e-7,"dvar2":0.00000197929671231,"max":0.0366914644837,"mean":0.000537028769031,"median":0.000160409428645,"min":1.90415825468e-11,"var":0.00000325052883454},"spectral_energyband_low":{"dmean":0.00392604712397,"dmean2":0.00657080486417,"dvar":0.0000453277898487,"dvar2":0.000123810677906,"max":0.0994184762239,"mean":0.0070093749091,"median":0.00359729072079,"min":7.1923153197e-12,"var":0.0000769119069446},"spectral_energyband_middle_high":{"dmean":0.00136429246049,"dmean2":0.00199459749274,"dvar":0.00000913585245144,"dvar2":0.0000207767025131,"max":0.0742593631148,"mean":0.00397087400779,"median":0.00163762574084,"min":1.5553221688e-12,"var":0.0000429676329077},"spectral_energyband_middle_low":{"dmean":0.00305519811809,"dmean2":0.00483751716092,"dvar":0.0000187427885976,"dvar2":0.0000474626867799,"max":0.080929800868,"mean":0.00825427472591,"median":0.00669697392732,"min":2.16878121365e-12,"var":0.0000532782905793},"spectral_entropy":{"dmean":0.151814579964,"dmean2":0.224236264825,"dvar":0.0254045706242,"dvar2":0.052336525172,"max":9.78918075562,"mean":7.4588136673,"median":7.45339345932,"min":5.64365005493,"var":0.238169893622},"spectral_flux":{"dmean":0.0179487746209,"dmean2":0.0282360464334,"dvar":0.00043936635484,"dvar2":0.000943336461205,"max":0.252079904079,"mean":0.0681384652853,"median":0.0598060563207,"min":0.0000499063608004,"var":0.00172454875428},"spectral_kurtosis":{"dmean":1.85713779926,"dmean2":3.09866499901,"dvar":5.40379047394,"dvar2":15.0789604187,"max":38.7615737915,"mean":4.81171417236,"median":3.95983624458,"min":-1.19588375092,"var":16.4607620239},"spectral_rms":{"dmean":0.000625643355306,"dmean2":0.000959398865234,"dvar":5.16796262673e-7,"dvar2":0.00000116207093015,"max":0.0103350263089,"mean":0.00391318509355,"median":0.00395595282316,"min":2.45798133847e-7,"var":0.00000332436798089},"spectral_rolloff":{"dmean":468.646392822,"dmean2":789.38659668,"dvar":935005.4375,"dvar2":2002673.875,"max":21791.6015625,"mean":1851.79748535,"median":861.328125,"min":64.599609375,"var":10756387},"spectral_skewness":{"dmean":0.230353355408,"dmean2":0.366408646107,"dvar":0.0537444725633,"dvar2":0.13173468411,"max":4.88921880722,"mean":1.46275174618,"median":1.39168441296,"min":-0.0688223019242,"var":0.309579491615},"spectral_spread":{"dmean":425631.375,"dmean2":591989.75,"dvar":365063700480,"dvar2":547825582080,"max":41140580,"mean":4149745,"median":3786519,"min":1583610.5,"var":3231526682620},"spectral_strongpeak":{"dmean":0.518985509872,"dmean2":0.886621832848,"dvar":1.22708296776,"dvar2":3.40348362923,"max":20.6047401428,"mean":0.817659914494,"median":0.381829619408,"min":0,"var":1.7130446434},"zerocrossingrate":{"dmean":0.00958495493978,"dmean2":0.0113438684493,"dvar":0.000201973482035,"dvar2":0.000221650509047,"max":0.732421875,"mean":0.0685962364078,"median":0.04736328125,"min":0.00439453125,"var":0.00868240464479}},"metadata":{"audio_properties":{"analysis_sample_rate":44100,"bit_rate":0,"codec":"flac","downmix":"mix","equal_loudness":0,"length":158.880004883,"lossless":true,"md5_encoded":"816feaaa6b51cf7a2661454896bf02e3","replay_gain":-11.9604568481,"sample_rate":44100},"tags":{"acoustid_id":["49aa8f54-a440-4f25-8708-0c5e933c41bb"],"album":["Revolver"],"album artist":["The Beatles"],"albumartist":["The Beatles"],"albumartistsort":["Beatles, The"],"artist":["The Beatles"],"artistsort":["Beatles, The"],"catalognumber":["PMC 7009"],"date":["1966-08-05"],"disc":["1"],"discnumber":["1"],"disctotal":["1"],"encoder":["reference libFLAC 1.2.0 20070715"],"engineer":["Geoff Emerick"],"ensemble":["The Beatles"],"file_name":"06. The Beatles - Yellow Submarine.flac","genre":["Classic Rock"],"label":["Parlophone"],"language":["eng"],"media":["12\" Vinyl"],"musicbrainz_albumartistid":["b10bbbfc-cf9e-42e0-be17-e2c3e1d2600d"],"musicbrainz_albumid":["5f3ba07b-4a24-4cd5-b8ad-95ba0fcebec1"],"musicbrainz_artistid":["b10bbbfc-cf9e-42e0-be17-e2c3e1d2600d"],"musicbrainz_recordingid":["4ef368ec-1715-488b-9724-1913e01edbae"],"musicbrainz_workid":["b85845e2-38fc-3092-a992-d373e7d517e9"],"originaldate":["1966-08-05"],"performer":["Ringo Starr (lead vocals vocal)"],"producer":["George Martin"],"releasecountry":["GB"],"releasestatus":["official"],"releasetype":["album"],"replaygain_album_gain":["-7.28000020980835 dB"],"replaygain_track_gain":["-7.1399998664856 dB"],"replaygain_track_peak":["0.963897705078125"],"script":["Latn"],"title":["Yellow Submarine"],"totaldiscs":["1"],"totaltracks":["14"],"tracknumber":["6"],"tracktotal":["14"],"writer":["John Lennon","Paul McCartney"]},"version":{"essentia":"2.1-beta1","essentia_build_sha":"ca57ba49d9b1854bd80e60cf9ccf267278fb7d6b","essentia_git_sha":"v2.1_beta1-28-g21ef5f4-dirty","extractor":"music 1.0"}},"rhythm":{"beats_count":292,"beats_loudness":{"dmean":0.0117361713201,"dmean2":0.0198949053884,"dvar":0.00011131442