{"lowlevel":{"average_loudness":0.346454620361,"barkbands":{"dmean":[0.0000509311103087,0.00200999691151,0.00207386817783,0.00156663311645,0.0020967987366,0.000482027098769,0.000499143090565,0.000653054739814,0.000353234063368,0.0000743070777389,0.0000395901915908,0.00010715056851,0.000225435665925,0.000074335563113,0.0000647692650091,0.0000815212915768,0.0000805769159342,0.0000499079324072,0.00000865247238835,0.0000293353987217,0.0000125846854644,0.0000378606418963,0.0000424428508268,0.0000261458881141,0.0000212825179915,0.00000743197142583,3.73141091359e-7],"dmean2":[0.0000835587270558,0.00363169657066,0.00330433342606,0.00215614936315,0.00317594199441,0.000673972070217,0.000665806117468,0.000910675094929,0.000532171165105,0.000106347390101,0.0000576390812057,0.000156338312081,0.000305839494104,0.000111351102532,0.0000986087907222,0.000121362543723,0.000122898825794,0.0000768245663494,0.0000133909043143,0.0000449647450296,0.0000192023453565,0.0000564371221117,0.0000611411524005,0.000037679405068,0.000026657109629,0.00000990044463833,5.68485916119e-7],"dvar":[5.44726219687e-9,0.00000971195549937,0.0000283891768049,0.000013766119082,0.0000172304098669,0.00000176986725364,0.00000218085756387,0.00000589306728216,0.00000358678857992,1.73480827925e-7,1.83097110806e-8,4.74035260822e-7,0.00000305288972413,1.10178845603e-7,9.4525908878e-8,5.4358562096e-8,4.87600111398e-8,2.76835727675e-8,8.71657801493e-10,9.22427023653e-9,8.58677928761e-9,7.98062345098e-8,3.45989228379e-8,1.39813165489e-8,2.72329412354e-8,3.20966386802e-9,6.06926531602e-12],"dvar2":[1.58562887265e-8,0.0000299850980809,0.0000791622078395,0.0000394609924115,0.0000520796274941,0.00000360579360859,0.00000382423468182,0.0000106974139271,0.00000748894399294,4.07492223076e-7,3.36932082234e-8,8.55437804148e-7,0.00000486499220642,2.19405436042e-7,1.87581534306e-7,1.16611715839e-7,1.06013395396e-7,5.87250426065e-8,2.10145034707e-9,2.10015240754e-8,1.99877749907e-8,2.02046990694e-7,6.89819827926e-8,2.39575044247e-8,4.10865510503e-8,5.63876234594e-9,1.24980937058e-11],"max":[0.00111189321615,0.0654850900173,0.164149910212,0.144088983536,0.0894133970141,0.0469131022692,0.0445088371634,0.0752941817045,0.0876792296767,0.0170366708189,0.00494366046041,0.036420725286,0.115706950426,0.0176760926843,0.0138279693201,0.00937531143427,0.00756497913972,0.00721818534657,0.00156462099403,0.00349707528949,0.00512985093519,0.0157387368381,0.00690122460946,0.00467125372961,0.0076866960153,0.0027143235784,0.000155395129696],"mean":[0.000180870716576,0.00357322068885,0.00408968189731,0.00411349348724,0.00604068953544,0.00150021968875,0.00158891291358,0.00148339942098,0.000954751449171,0.000198671215912,0.0001075389373,0.000256772851571,0.000568795658182,0.000187592828297,0.000155673187692,0.000211768303416,0.000212839891901,0.000115531387564,0.000025552129955,0.000080501769844,0.0000229915040109,0.0000780783011578,0.00010872790881,0.0000656521806377,0.0000398798147216,0.0000160796043929,9.49856712396e-7],"median":[0.000112197907583,0.00256669870578,0.00166627275757,0.00219511706382,0.00255086738616,0.000229537399719,0.0000878126738826,0.000115973452921,0.0000135731925184,0.0000100573006421,8.60875275066e-7,0.00000367073857888,0.00000462907564724,0.00000475764045405,0.0000239758355747,0.0000186890083569,0.0000259906719293,0.0000179800208571,0.00000499236239193,0.0000114257309178,0.00000424222389483,0.00000419855450673,0.00000796103995526,0.00000557674275115,0.00000126825977986,9.18667240057e-7,2.13239630398e-7],"min":[1.51395840309e-11,1.32528146443e-11,2.8512960222e-12,1.53287972593e-12,1.90607772621e-12,9.6981971065e-13,4.99913803929e-13,3.80197636611e-13,3.85858120629e-13,1.72389066997e-13,1.70993807221e-13,1.68216189676e-13,1.47438661215e-13,1.05241973448e-13,7.36748037794e-14,2.63096378586e-14,5.59005695466e-14,5.99446639787e-14,6.3167854736e-14,7.67586339e-14,6.88051978131e-14,1.33994744011e-13,1.11595127128e-13,4.76762116656e-14,6.76317996832e-14,1.11437809393e-13,6.89847281404e-14],"var":[3.63632430833e-8,0.0000184690197784,0.000058928031649,0.0000354525800503,0.0000749897881178,0.0000163228669408,0.0000197250337806,0.0000256153598457,0.0000224500890909,0.00000106460981897,1.47558978369e-7,0.00000157567023962,0.0000181456362043,7.11295285782e-7,4.46136709797e-7,3.0183920785e-7,2.6224637395e-7,9.64140483006e-8,4.40924141643e-9,3.44394130991e-8,1.09228146528e-8,1.66267511759e-7,1.01593670365e-7,4.68170782142e-8,7.80605162731e-8,7.586033135e-9,2.10053745231e-11]},"barkbands_crest":{"dmean":2.11084055901,"dmean2":3.44292855263,"dvar":3.4355609417,"dvar2":9.57502746582,"max":26.7605323792,"mean":11.8921012878,"median":11.2644519806,"min":3.38852095604,"var":14.4218950272},"barkbands_flatness_db":{"dmean":0.0162856746465,"dmean2":0.0252355672419,"dvar":0.000230800142162,"dvar2":0.000566780683585,"max":0.505536615849,"mean":0.242652699351,"median":0.228786379099,"min":0.0695032551885,"var":0.00608404213563},"barkbands_kurtosis":{"dmean":5.99074411392,"dmean2":9.29120922089,"dvar":79.4128417969,"dvar2":178.417251587,"max":350.712768555,"mean":22.2685070038,"median":15.0716228485,"min":-1.9585943222,"var":732.077392578},"barkbands_skewness":{"dmean":0.523997068405,"dmean2":0.808516442776,"dvar":0.297763466835,"dvar2":0.71457952261,"max":18.4001140594,"mean":3.14684677124,"median":2.99771404266,"min":-1.88890981674,"var":3.76035690308},"barkbands_spread":{"dmean":2.2847225666,"dmean2":3.33813738823,"dvar":26.3522815704,"dvar2":42.1780891418,"max":113.121894836,"mean":9.81159210205,"median":5.79915523529,"min":0.333210796118,"var":154.32901001},"dissonance":{"dmean":0.0225071404129,"dmean2":0.0366349369287,"dvar":0.000531750323717,"dvar2":0.00142599875107,"max":0.499709039927,"mean":0.421791732311,"median":0.434756100178,"min":0.147751107812,"var":0.00253421394154},"dynamic_complexity":8.46362113953,"erbbands":{"dmean":[0.0563774108887,0.476944983006,1.83706998825,4.63854885101,6.68314981461,6.5878162384,3.95062232018,3.24469804764,6.88616037369,6.71954011917,17.5384197235,8.17066383362,1.36668169498,2.70912408829,1.41317117214,5.11302709579,9.39801025391,4.32258653641,2.90765285492,3.09120798111,4.5802359581,3.69368028641,2.85691595078,0.443799346685,0.620873808861,1.47138059139,0.664898991585,0.583830118179,1.25841248035,1.18685281277,1.35854268074,0.869215071201,0.279514461756,0.241414159536,0.15257884562,0.0529417619109,0.00889062136412,0.00108260475099,0.0000608407171967,0.00000802243357612],"dmean2":[0.103884570301,0.850150644779,3.03282880783,6.47742652893,9.95619487762,9.96642494202,5.49081850052,4.39707183838,8.94049835205,9.27536773682,24.7522296906,11.6100540161,1.95796871185,3.87143445015,1.96120798588,7.27639436722,12.1519756317,6.49698925018,4.39127874374,4.619597435,6.85643911362,5.62736797333,4.46179533005,0.685741961002,0.946817278862,2.26317119598,1.00655293465,0.885002970695,1.92012453079,1.71256113052,1.99950814247,1.2496805191,0.387017071247,0.319151192904,0.19182986021,0.0696290582418,0.012315094471,0.00153659586795,0.0000863257373567,0.0000123093332149],"dvar":[0.00589034846053,0.662831306458,21.4352436066,119.377365112,179.905197144,223.805450439,90.3564529419,108.113067627,444.999969482,540.730957031,4374.90966797,1358.76330566,25.5703983307,253.334960938,18.2027645111,628.379943848,6341.03955078,372.789306641,206.3618927,144.210113525,193.275360107,95.495475769,74.6207199097,1.36941492558,3.76047134399,22.8308372498,7.40563678741,38.6166419983,104.060813904,42.5023612976,36.3487701416,13.3379592896,2.78584313393,3.64208650589,1.47316646576,0.16046538949,0.00485578645021,0.0000624343010713,1.82675250926e-7,3.54656887191e-10],"dvar2":[0.0192401204258,2.02762198448,62.7415122986,341.417877197,496.122497559,630.947387695,193.85874939,185.911437988,723.337158203,1048.23059082,8541.38476562,2658.35498047,58.9827423096,575.870788574,32.899520874,1178.16223145,9801.19042969,757.413269043,415.910827637,297.271514893,415.179962158,212.099899292,162.015762329,3.02638196945,9.32489299774,52.6907691956,15.2129735947,77.1045761108,259.978271484,85.8456497192,79.6766662598,24.1183166504,4.08296108246,5.72282171249,2.33876013756,0.267226040363,0.00849561952055,0.000108775486297,3.38823667789e-7,7.09820202616e-10],"max":[1.27431547642,18.4619121552,130.274093628,413.736083984,300.562194824,402.417816162,379.27633667,358.989868164,732.986022949,805.42956543,2048.71679688,2218.84155273,196.023086548,732.956481934,154.794555664,1629.84802246,5902.70751953,678.55847168,582.762390137,437.465423584,555.528625488,361.453918457,375.720611572,36.7226982117,84.3732299805,176.620361328,91.5656967163,374.113555908,615.525634766,272.730224609,245.940216064,145.754333496,74.2837982178,83.2720413208,60.6573181152,19.1745014191,3.13207364082,0.368083506823,0.027734471485,0.00115728809033],"mean":[0.126656860113,0.73268610239,3.4879732132,12.6333780289,17.4958992004,19.6579990387,13.7194404602,9.71297359467,21.8307876587,19.3907241821,43.6445121765,25.0650119781,4.05105829239,7.86654281616,4.28443288803,15.6927032471,26.1187667847,11.9441900253,7.24254131317,8.94612026215,13.058631897,11.6507492065,8.14235401154,1.56615054607,1.93255877495,4.00097513199,1.57620477676,1.08378303051,2.51379179955,2.69918727875,3.45548129082,2.28353476524,0.642727196217,0.44483885169,0.284584254026,0.108123749495,0.0204238928854,0.0027318331413,0.000178027636139,0.0000357339558832],"median":[0.0840302780271,0.463077634573,1.60053443909,6.489798069,8.97975826263,4.71658849716,3.44156885147,1.55357193947,2.04311966896,1.04458260536,3.06238675117,0.631282866001,0.562857985497,0.193263232708,0.0786148756742,0.239789262414,0.26061680913,0.222021892667,0.852337658405,1.61766636372,0.886755526066,1.64375436306,1.37268340588,0.346359699965,0.352195352316,0.55684274435,0.235759630799,0.198783710599,0.157194048166,0.144546583295,0.257299751043,0.204813286662,0.042418602854,0.0106807742268,0.0106143439189,0.00522058876231,0.00143570441287,0.000365290849004,0.000038641392166,0.0000275421516562],"min":[6.22468576683e-10,2.16026729838e-9,3.5575702384e-9,4.46329462278e-9,5.77516079403e-9,6.11029182807e-9,7.99954413822e-9,7.40780103925e-9,6.99837121587e-9,7.42396188969e-9,8.61621174408e-9,9.04184371819e-9,7.13868564262e-9,5.41550182476e-9,6.99848401453e-9,6.60435262034e-9,6.89870116588e-9,6.70903643751e-9,3.01831559746e-9,3.86137344321e-9,1.5835881495e-9,3.2158424812e-9,4.17969037159e-9,2.512899e-9,3.60131502397e-9,3.49275741662e-9,2.48987297446e-9,3.98710042759e-9,5.86796300439e-9,2.72888844854e-9,2.67858757397e-9,1.11660347635e-9,1.05477426793e-9,7.12596537333e-10,5.22870469144e-10,4.51705478577e-10,2.21370949349e-10,6.04431019124e-11,1.00078513185e-11,7.66983427724e-13],"var":[0.0184692256153,1.12991809845,36.3143577576,335.746826172,722.139404297,1237.046875,1028.38183594,800.913757324,4217.77197266,2920.31005859,21712.9316406,12376.0498047,157.282974243,1689.60534668,150.525146484,4933.578125,38800.5234375,2120.87353516,1010.70513916,927.256896973,1202.60058594,635.131347656,345.972045898,8.46326541901,20.067150116,81.1575469971,19.5544261932,56.5817909241,225.381286621,103.896018982,97.6083221436,42.2446327209,9.14917373657,11.0264759064,3.56466436386,0.374946057796,0.0126911345869,0.000184108474059,6.74155558045e-7,1.87119630901e-9]},"erbbands_crest":{"dmean":2.27579545975,"dmean2":3.35717630386,"dvar":4.13228940964,"dvar2":9.54099845886,"max":29.7562770844,"mean":12.6958932877,"median":12.136015892,"min":2.23169326782,"var":21.7742881775},"erbbands_flatness_db":{"dmean":0.0112897250801,"dmean2":0.0159870032221,"dvar":0.000112236659334,"dvar2":0.000234748527873,"max":0.389994949102,"mean":0.187140077353,"median":0.182632595301,"min":0.0311607420444,"var":0.00239338772371},"erbbands_kurtosis":{"dmean":2.14573335648,"dmean2":3.20231533051,"dvar":20.4065227509,"dvar2":45.3022460938,"max":125.702301025,"mean":4.31242799759,"median":0.996006727219,"min":-1.9384740591,"var":79.8315734863},"erbbands_skewness":{"dmean":0.390594273806,"dmean2":0.564370274544,"dvar":0.178938537836,"dvar2":0.342976570129,"max":8.3484992981,"mean":1.33641242981,"median":1.17417490482,"min":-4.62156105042,"var":1.82981240749},"erbbands_spread":{"dmean":6.06752634048,"dmean2":8.89973926544,"dvar":78.4179992676,"dvar2":166.951202393,"max":190.0756073,"mean":41.1759338379,"median":38.9083099365,"min":1.32657110691,"var":626.238769531},"gfcc":{"cov":[[28814.4472656,-295.611083984,-4144.21875,-195.538970947,-1560.51379395,880.166320801,-1169.23474121,369.168121338,-152.6199646,-541.96862793,122.763839722,436.849487305,-234.674087524],[-295.611083984,1368.11315918,-18.7038860321,-121.227607727,381.147064209,-250.814605713,221.108016968,-174.718841553,17.8490390778,-57.4372367859,144.355575562,-198.183044434,-37.8488922119],[-4144.21875,-18.7038860321,1741.01733398,250.724319458,-215.895187378,-194.68699646,96.1813049316,-19.8721027374,44.6265563965,132.761154175,-87.6866989136,-16.1346912384,59.0178070068],[-195.538970947,-121.227607727,250.724319458,524.064575195,54.6786994934,-148.883117676,-129.051849365,-41.0609588623,153.610046387,-34.195892334,-115.084503174,55.6830749512,88.2792663574],[-1560.51379395,381.147064209,-215.895187378,54.6786994934,567.375793457,-92.965675354,95.9252548218,-102.615829468,30.1618709564,-14.2492103577,46.5162467957,-94.3184814453,8.59108543396],[880.166320801,-250.814605713,-194.68699646,-148.883117676,-92.965675354,257.979125977,27.9360466003,32.8564872742,-75.5117416382,29.8076171875,34.9141426086,7.10949373245,-37.3053779602],[-1169.23474121,221.108016968,96.1813049316,-129.051849365,95.9252548218,27.9360466003,292.208190918,-22.9630718231,-51.9023590088,68.0097427368,21.2500724792,-103.861869812,-40.8591690063],[369.168121338,-174.718841553,-19.8721027374,-41.0609588623,-102.615829468,32.8564872742,-22.9630718231,153.088760376,29.7213630676,-7.12251091003,-26.9923610687,38.8934822083,11.5573883057],[-152.6199646,17.8490390778,44.6265563965,153.610046387,30.1618709564,-75.5117416382,-51.9023590088,29.7213630676,195.195510864,-17.6110115051,-84.6587219238,24.3051643372,56.9699516296],[-541.96862793,-57.4372367859,132.761154175,-34.195892334,-14.2492103577,29.8076171875,68.0097427368,-7.12251091003,-17.6110115051,148.777313232,14.8248920441,-52.6277770996,-10.1170167923],[122.763839722,144.355575562,-87.6866989136,-115.084503174,46.5162467957,34.9141426086,21.2500724792,-26.9923610687,-84.6587219238,14.8248920441,180.094818115,6.50288915634,-32.8689880371],[436.849487305,-198.183044434,-16.1346912384,55.6830749512,-94.3184814453,7.10949373245,-103.861869812,38.8934822083,24.3051643372,-52.6277770996,6.50288915634,171.556442261,52.6300697327],[-234.674087524,-37.8488922119,59.0178070068,88.2792663574,8.59108543396,-37.3053779602,-40.8591690063,11.5573883057,56.9699516296,-10.1170167923,-32.8689880371,52.6300697327,91.7538223267]],"icov":[[0.000233682396356,-0.000729075691197,0.000625110871624,-0.000720757932868,0.00091566942865,-0.00091051630443,0.000795898318756,-0.00057314633159,0.000507591234054,-0.000343437975971,0.000410396285588,-0.000355236610631,0.000556743005291],[-0.000729075691197,0.00461339950562,-0.0019204588607,0.00316582643427,-0.00286525697447,0.00500678736717,-0.00382323935628,0.00348080741242,-0.00322223221883,0.0032514098566,-0.0037518076133,0.00348250730895,-0.00259176222607],[0.000625110871624,-0.0019204588607,0.00257576676086,-0.00238494644873,0.00306029128842,-0.00162381003611,0.00150003586896,-0.00142224295996,0.00158765004016,-0.0016146171838,0.00108922703657,-0.000910614326131,0.00109356618486],[-0.000720757932868,0.00316582643427,-0.00238494644873,0.00632611243054,-0.00340088456869,0.004230722785,-0.00164945656434,0.00385328265838,-0.00365358265117,0.0018459376879,-0.00076087139314,0.00126938358881,-0.00280000059865],[0.00091566942865,-0.00286525697447,0.00306029128842,-0.00340088456869,0.00667582871392,-0.00268691522069,0.00189620500896,-0.0010329533834,0.00132177048363,-0.000743526848964,0.000216498912778,0.000261521840002,0.000745563651435],[-0.00091051630443,0.00500678736717,-0.00162381003611,0.004230722785,-0.00268691522069,0.0114918388426,-0.00491118524224,0.00320493732579,-0.00214336439967,0.0017413032474,-0.00359849841334,0.00257159373723,-0.00219761277549],[0.000795898318756,-0.00382323935628,0.00150003586896,-0.00164945656434,0.00189620500896,-0.00491118524224,0.00909732189029,-0.00300209526904,0.00307337683626,-0.00350618129596,0.00339622260071,-0.000806854397524,0.00272020930424],[-0.00057314633159,0.00348080741242,-0.00142224295996,0.00385328265838,-0.0010329533834,0.00320493732579,-0.00300209526904,0.0114850066602,-0.00461355876178,0.00247799349017,-0.00175779045094,0.00118381576613,-0.00237730052322],[0.000507591234054,-0.00322223221883,0.00158765004016,-0.00365358265117,0.00132177048363,-0.00214336439967,0.00307337683626,-0.00461355876178,0.0113150542602,-0.00279966718517,0.0052100084722,-0.00241253781132,-0.000666393956635],[-0.000343437975971,0.0032514098566,-0.0016146171838,0.0018459376879,-0.000743526848964,0.0017413032474,-0.00350618129596,0.00247799349017,-0.00279966718517,0.0118814045563,-0.00445534801111,0.00594567367807,-0.00332862883806],[0.000410396285588,-0.0037518076133,0.00108922703657,-0.00076087139314,0.000216498912778,-0.00359849841334,0.00339622260071,-0.00175779045094,0.0052100084722,-0.00445534801111,0.0120362304151,-0.00604520831257,0.0038370245602],[-0.000355236610631,0.00348250730895,-0.000910614326131,0.00126938358881,0.000261521840002,0.00257159373723,-0.000806854397524,0.00118381576613,-0.00241253781132,0.00594567367807,-0.00604520831257,0.0143363280222,-0.0078303264454],[0.000556743005291,-0.00259176222607,0.00109356618486,-0.00280000059865,0.000745563651435,-0.00219761277549,0.00272020930424,-0.00237730052322,-0.000666393956635,-0.00332862883806,0.0038370245602,-0.0078303264454,0.0197043698281]],"mean":[-129.155014038,112.516456604,-58.039932251,53.1526679993,-43.1267929077,-0.025911429897,-42.9351158142,2.85122323036,-8.98338603973,-4.39279985428,-20.4315605164,-6.71133899689,-18.1671485901]},"hfc":{"dmean":2.20894050598,"dmean2":3.08306479454,"dvar":28.4652881622,"dvar2":44.8112258911,"max":197.673980713,"mean":11.612862587,"median":5.39768409729,"min":1.0850918386e-8,"var":277.772674561},"melbands":{"dmean":[0.000526575255208,0.000806500087492,0.000743329990655,0.000530147110112,0.000151713204104,0.0000816012252471,0.000104461898445,0.0000755472647143,0.000148059145431,0.0000407267980336,0.00000590428453506,0.0000113613805297,0.00000569186704524,0.00000859926421981,0.0000228657354455,0.0000162950655067,0.00000785293286754,0.00000488611340188,0.00000448015634902,0.00000468181178803,0.00000592216201767,0.00000388777152693,0.00000534273522135,0.0000013017040601,3.07746148565e-7,4.07481536513e-7,7.05283810021e-7,0.00000113426767712,5.60864123145e-7,2.41107187549e-7,4.44300638947e-7,7.53103904572e-7,8.73564260928e-7,6.28638304079e-7,8.35104629004e-7,8.6671570898e-7,4.38650403112e-7,1.97850724248e-7,1.94721877733e-7,2.24745136279e-7],"dmean2":[0.000959030934609,0.00135804980528,0.00105656485539,0.000814449449535,0.000211738966755,0.000112503221317,0.000136480171932,0.000102828998934,0.00021315565391,0.000057951445342,0.000008547303878,0.0000162524975167,0.00000795970390755,0.0000117226036309,0.0000309613933496,0.0000214062965824,0.0000118280040624,0.00000730105057301,0.00000657232340018,0.00000697788073012,0.00000881844061951,0.00000589769615544,0.00000834988441056,0.0000019715309918,4.83927749428e-7,6.37519406155e-7,0.0000010928267784,0.00000174730985236,8.62081606101e-7,3.62358889561e-7,6.7784088742e-7,0.00000119088997508,0.000001299638825,9.02383419543e-7,0.00000128206499994,0.00000127112207338,6.45545640054e-7,2.84855332211e-7,2.46359718403e-7,3.11952788934e-7],"dvar":[5.5745147165e-7,0.0000034623647025,0.00000264510254055,0.00000119869207538,1.00821438309e-7,5.92236588659e-8,9.9483258964e-8,6.85843701831e-8,3.1539272527e-7,3.93661458986e-8,6.25983154201e-10,4.80753969967e-9,3.42687267452e-10,1.79757175811e-9,2.88600041642e-8,1.29442083718e-8,1.25442178867e-9,5.68069813411e-10,5.66548974401e-10,1.97116281631e-10,3.6509451018e-10,1.09376535606e-10,2.52754844832e-10,1.37841084033e-11,7.70526220953e-13,3.10093118717e-12,4.10888510716e-12,1.47536531603e-11,5.48042774356e-12,2.45496591805e-12,3.22846679945e-11,4.91905613464e-11,4.38589442542e-11,1.06636487834e-11,1.82347834748e-11,1.34185822176e-11,3.28066762124e-12,1.08240109584e-12,2.42762624239e-12,3.29041481562e-12],"dvar2":[0.00000174649721885,0.0000101946234281,0.00000745509350963,0.00000373133548237,2.11347057189e-7,1.07839959185e-7,1.65236627936e-7,1.22795370316e-7,6.55596750221e-7,7.47776880416e-8,1.47706968878e-9,1.10579332357e-8,6.19510109878e-10,2.93074342572e-9,5.09809083837e-8,1.95932567948e-8,2.5555044747e-9,1.11281972526e-9,1.03353148262e-9,4.06813194243e-10,7.49236950259e-10,2.44727960119e-10,5.48644296661e-10,3.21244419954e-11,1.61564023878e-12,7.82008312272e-12,9.95592237124e-12,3.39379288561e-11,1.17332090224e-11,5.50703276384e-12,6.99264604553e-11,1.27544877437e-10,1.01384581286e-10,2.08841190869e-11,4.49159112681e-11,2.65169951968e-11,6.38272551132e-12,1.87195051127e-12,3.60430045185e-12,5.81942046635e-12],"max":[0.0154379187152,0.0502530634403,0.0598436817527,0.0254119671881,0.0105414157733,0.00835161656141,0.0105003146455,0.00957626197487,0.016217334196,0.0118686296046,0.000950345187448,0.00310880341567,0.000713833607733,0.00207532010972,0.0102800866589,0.00769735127687,0.00128649757244,0.00114403828047,0.00115792464931,0.000434166635387,0.000894861761481,0.000311082665576,0.000693222798873,0.000151013256982,0.0000268603289442,0.000107684150862,0.0000544548638572,0.000139711148222,0.000103064216091,0.0000571808268433,0.000362761493307,0.000369065470295,0.000424643367296,0.000117737101391,0.000160470459377,0.000142423363286,0.0000623820596957,0.0000414278765675,0.0000839980857563,0.0000830024873721],"mean":[0.00102396903094,0.00156748737209,0.00217306916602,0.00142922799569,0.000535036087967,0.000243472430157,0.000335548626026,0.000199017726118,0.000376600452,0.000122079552966,0.0000150660844156,0.0000321353363688,0.0000155757243192,0.0000222830785788,0.0000686269704602,0.0000403060439567,0.0000202100054594,0.0000110751707325,0.0000106436946226,0.0000123088157125,0.0000159071641974,0.0000108755093606,0.0000135569089252,0.00000349516608367,8.51440574934e-7,0.00000111414487947,0.00000194454719349,0.00000289493345917,0.00000123016263842,4.44264998123e-7,6.70856422857e-7,0.00000132245759232,0.00000174347894699,0.00000132796719754,0.0000018981793346,0.0000021382770683,0.00000108176948288,4.32826396946e-7,3.37188708954e-7,3.8984052253e-7],"median":[0.000721624528524,0.000784867093898,0.00122360978276,0.000536456645932,0.000106176259578,0.0000345489061147,0.0000258431500697,0.0000105164444903,0.0000205808864848,0.00000207689663512,0.00000202976707442,6.45827924473e-7,1.65120155771e-7,2.73006293128e-7,8.21891603664e-7,3.95600153524e-7,3.1163648373e-7,0.00000106795141619,0.00000182849726116,0.00000182197322829,6.53675272133e-7,0.00000148486526541,0.00000173513387836,6.13399606664e-7,2.05680038334e-7,1.93197067233e-7,3.03167951188e-7,3.45489155507e-7,1.38850296594e-7,7.16925399047e-8,1.01324147295e-7,8.73444605531e-8,7.61726397513e-8,6.63665247203e-8,1.29056758169e-7,1.76027768362e-7,8.59191473523e-8,2.39079387399e-8,8.40896063892e-9,5.91897908464e-9],"min":[5.34633448623e-12,2.22381791801e-12,8.26985615404e-13,4.29694799707e-13,2.78855931402e-13,1.69386179345e-13,1.06215241409e-13,8.15910178504e-14,6.84885362399e-14,5.64957355529e-14,3.47067582735e-14,2.11855628662e-14,2.39681558834e-14,1.87801875017e-14,1.58002391959e-14,1.53131054657e-14,1.19413747757e-14,4.38865430609e-15,6.04015594797e-15,2.92242735714e-15,1.76214754407e-15,3.15058648116e-15,3.91685568392e-15,2.82809075671e-15,1.89467251906e-15,2.65132514501e-15,2.8092408855e-15,2.29554589618e-15,1.40657666534e-15,1.6669263236e-15,2.57941797702e-15,4.15703526425e-15,1.24072094389e-15,1.72087152267e-15,1.38287117776e-15,1.44399349875e-15,4.79537115176e-16,8.64721906869e-16,5.68585635981e-16,5.86590856523e-16],"var":[0.00000133384992296,0.00000651379787087,0.00000838216419652,0.00000476786863146,0.00000106394918475,4.74489695534e-7,9.63442857937e-7,2.98745646887e-7,0.0000016391892359,3.46612637259e-7,3.27495297547e-9,3.12830401583e-8,2.78525646991e-9,9.66778479494e-9,2.23948802613e-7,6.17147506432e-8,7.02247948681e-9,2.93370594484e-9,2.27243623918e-9,1.14526454986e-9,2.16152606924e-9,6.35647534608e-10,1.10268061349e-9,6.40831762655e-11,2.79489040418e-12,1.3128655281e-11,1.73965286621e-11,4.94455414113e-11,1.55426903986e-11,3.9327595e-12,3.77570544274e-11,8.37354421912e-11,7.43754433041e-11,2.45821626943e-11,3.35843679256e-11,3.91100381247e-11,9.60654646109e-12,3.21652491968e-12,7.21387489674e-12,8.78451304753e-12]},"melbands_crest":{"dmean":2.69762825966,"dmean2":4.4437661171,"dvar":5.09176015854,"dvar2":14.5458669662,"max":39.3671989441,"mean":16.895532608,"median":16.1969356537,"min":5.97670125961,"var":24.8415718079},"melbands_flatness_db":{"dmean":0.0189062952995,"dmean2":0.0293737594038,"dvar":0.000303829030599,"dvar2":0.000743174517993,"max":0.654136240482,"mean":0.348761856556,"median":0.333812773228,"min":0.133644238114,"var":0.0094786779955},"melbands_kurtosis":{"dmean":13.5704488754,"dmean2":21.1230773926,"dvar":366.518951416,"dvar2":897.673339844,"max":379.923980713,"mean":45.8929710388,"median":33.5877151489,"min":-1.60066759586,"var":2069.94262695},"melbands_skewness":{"dmean":0.742198824883,"dmean2":1.15157043934,"dvar":0.632911920547,"dvar2":1.56370770931,"max":18.3937225342,"mean":4.32290506363,"median":4.16501235962,"min":-0.811756670475,"var":5.75085878372},"melbands_spread":{"dmean":2.06584882736,"dmean2":3.07169556618,"dvar":25.2743453979,"dvar2":45.6068496704,"max":234.861175537,"mean":8.15664482117,"median":4.44096279144,"min":0.277053534985,"var":123.051071167},"mfcc":{"cov":[[22192.6640625,930.032653809,-2294.55908203,-1007.23718262,-571.870788574,-338.28326416,-1117.24353027,852.329711914,-893.427856445,303.013763428,-825.127807617,392.409484863,269.692810059],[930.032653809,1706.6385498,-336.484985352,128.326919556,26.5491580963,-26.3972034454,148.096664429,-85.710395813,-193.452133179,136.012786865,54.0893173218,10.4718122482,-60.1604652405],[-2294.55908203,-336.484985352,1478.07861328,283.584655762,-120.962898254,-42.2613563538,-106.132675171,-124.778442383,185.484512329,-128.494430542,40.4173927307,18.8044643402,24.8200035095],[-1007.23718262,128.326919556,283.584655762,661.795227051,195.394805908,11.5816850662,-194.496170044,-65.1533660889,153.496780396,-58.0090408325,-5.2948102951,-44.7848358154,-23.3981876373],[-571.870788574,26.5491580963,-120.962898254,195.394805908,316.076049805,16.6414718628,-76.6793899536,-8.53692340851,20.3439807892,-19.0776424408,-18.6336345673,-42.5817832947,2.7377371788],[-338.28326416,-26.3972034454,-42.2613563538,11.5816850662,16.6414718628,184.769317627,85.9468765259,-57.6246452332,14.9801225662,1.51101708412,68.4677734375,-21.0425567627,-50.8317527771],[-1117.24353027,148.096664429,-106.132675171,-194.496170044,-76.6793899536,85.9468765259,431.171508789,-89.4510803223,-100.804145813,53.5181121826,132.400665283,-5.06246471405,-53.1064224243],[852.329711914,-85.710395813,-124.778442383,-65.1533660889,-8.53692340851,-57.6246452332,-89.4510803223,221.158828735,-28.2956905365,-31.3781204224,-115.572166443,14.2577075958,77.9853286743],[-893.427856445,-193.452133179,185.484512329,153.496780396,20.3439807892,14.9801225662,-100.804145813,-28.2956905365,291.185119629,-4.78260850906,38.8165664673,-20.8664989471,-49.8680381775],[303.013763428,136.012786865,-128.494430542,-58.0090408325,-19.0776424408,1.51101708412,53.5181121826,-31.3781204224,-4.78260850906,144.57649231,31.6850662231,2.87359213829,-39.3363380432],[-825.127807617,54.0893173218,40.4173927307,-5.2948102951,-18.6336345673,68.4677734375,132.400665283,-115.572166443,38.8165664673,31.6850662231,201.604171753,-6.30857563019,-74.3317871094],[392.409484863,10.4718122482,18.8044643402,-44.7848358154,-42.5817832947,-21.0425567627,-5.06246471405,14.2577075958,-20.8664989471,2.87359213829,-6.30857563019,82.4778747559,27.1255989075],[269.692810059,-60.1604652405,24.8200035095,-23.3981876373,2.7377371788,-50.8317527771,-53.1064224243,77.9853286743,-49.8680381775,-39.3363380432,-74.3317871094,27.1255989075,131.965087891]],"icov":[[0.000146410166053,-0.0000512148617418,0.000175949651748,0.0000881443120306,0.000351656723069,-0.000173058186192,0.000639258301817,-0.000168626123923,0.000424949132139,-0.000250146491453,0.000178637405043,-0.00041749200318,0.000215380059672],[-0.0000512148617418,0.000847559014801,0.000117761082947,-0.000583912769798,0.0000341916856996,0.000422686920501,-0.000433643814176,0.000196757508093,0.000527761294506,-0.000504601805005,-0.000167224221514,-0.0000725729260012,0.000206441531191],[0.000175949651748,0.000117761082947,0.00130442739464,-0.000434605637565,0.00120402034372,0.000201689501409,0.000749421189539,0.00066494429484,0.000141913464176,0.000444579549367,0.000129219071823,-0.0006615818711,-0.000272023346042],[0.0000881443120306,-0.000583912769798,-0.000434605637565,0.00306138861924,-0.00133707898203,-0.000514805607963,0.00135956588201,0.000475471722893,-0.000778340385295,0.000612020376138,0.000271703524049,0.000316031539114,0.000250183307799],[0.000351656723069,0.0000341916856996,0.00120402034372,-0.00133707898203,0.00560086360201,-0.000615926983301,0.0019292141078,0.000206510085263,0.00128890865017,-0.000321111554513,0.000418048206484,0.000629609625321,-0.000368317327229],[-0.000173058186192,0.000422686920501,0.000201689501409,-0.000514805607963,-0.000615926983301,0.00742191122845,-0.0018986222567,0.000848997326102,-0.000536662468221,0.00125113804825,-0.0013277430553,0.00107271061279,0.0012247802224],[0.000639258301817,-0.000433643814176,0.000749421189539,0.00135956588201,0.0019292141078,-0.0018986222567,0.0070205363445,-0.000148857390741,0.00310074049048,-0.00140411336906,-0.00130652682856,-0.00103563407902,0.000968000909779],[-0.000168626123923,0.000196757508093,0.00066494429484,0.000475471722893,0.000206510085263,0.000848997326102,-0.000148857390741,0.00839550979435,-0.00115101004485,0.00140949571505,0.00272571668029,0.00056906446116,-0.00290143932216],[0.000424949132139,0.000527761294506,0.000141913464176,-0.000778340385295,0.00128890865017,-0.000536662468221,0.00310074049048,-0.00115101004485,0.0067989770323,-0.0016360952286,-0.000963406811934,-0.000777928216849,0.00260081817396],[-0.000250146491453,-0.000504601805005,0.000444579549367,0.000612020376138,-0.000321111554513,0.00125113804825,-0.00140411336906,0.00140949571505,-0.0016360952286,0.00975140742958,-0.000358541961759,0.0000427512059105,0.00147437222768],[0.000178637405043,-0.000167224221514,0.000129219071823,0.000271703524049,0.000418048206484,-0.0013277430553,-0.00130652682856,0.00272571668029,-0.000963406811934,-0.000358541961759,0.00963480770588,-0.0016067661345,0.00221221987158],[-0.00041749200318,-0.0000725729260012,-0.0006615818711,0.000316031539114,0.000629609625321,0.00107271061279,-0.00103563407902,0.00056906446116,-0.000777928216849,0.0000427512059105,-0.0016067661345,0.0158035308123,-0.00378703139722],[0.000215380059672,0.000206441531191,-0.000272023346042,0.000250183307799,-0.000368317327229,0.0012247802224,0.000968000909779,-0.00290143932216,0.00260081817396,0.00147437222768,0.00221221987158,-0.00378703139722,0.0133576188236]],"mean":[-781.665893555,133.578216553,42.8695831299,52.8387641907,26.5140895844,9.20109176636,-15.9383745193,6.23590993881,-3.49198818207,9.70690441132,-4.27433013916,6.08304166794,-2.36008214951]},"pitch_salience":{"dmean":0.0558257885277,"dmean2":0.0903076976538,"dvar":0.00245739868842,"dvar2":0.0066442633979,"max":0.765856683254,"mean":0.497887730598,"median":0.503271341324,"min":0.0253160893917,"var":0.00998194329441},"silence_rate_20dB":{"dmean":0,"dmean2":0,"dvar":0,"dvar2":0,"max":1,"mean":1,"median":1,"min":1,"var":0},"silence_rate_30dB":{"dmean":0.00694234855473,"dmean2":0.0138867925853,"dvar":0.00689449254423,"dvar2":0.0176181942225,"max":1,"mean":0.989286243916,"median":1,"min":0,"var":0.0105987731367},"silence_rate_60dB":{"dmean":0.0093570780009,"dmean2":0.0187169816345,"dvar":0.00926968362182,"dvar2":0.0216879546642,"max":1,"mean":0.198883354664,"median":0,"min":0,"var":0.15932559967},"spectral_centroid":{"dmean":94.8226242065,"dmean2":135.597824097,"dvar":29302.0566406,"dvar2":51175.40625,"max":5112.13720703,"mean":600.76953125,"median":443.983612061,"min":144.496673584,"var":267281.28125},"spectral_complexity":{"dmean":1.08904314041,"dmean2":1.79713213444,"dvar":1.65695655346,"dvar2":3.81248736382,"max":37,"mean":7.15602827072,"median":6,"min":0,"var":27.5580978394},"spectral_contrast_coeffs":{"dmean":[0.0397389940917,0.0344099290669,0.0294520370662,0.0238142572343,0.0166146717966,0.0114746792242],"dmean2":[0.066465370357,0.0540713593364,0.0453611053526,0.0385006256402,0.0270279962569,0.0184900965542],"dvar":[0.0010413096752,0.000845448463224,0.000601827574428,0.000413193862187,0.000218454690184,0.0000990560292848],"dvar2":[0.00296372547746,0.00204677390866,0.0013885096414,0.00101611891296,0.000526017916854,0.000236560590565],"max":[-0.29976785183,-0.345200657845,-0.440780520439,-0.466870188713,-0.566378593445,-0.63898640871],"mean":[-0.611245810986,-0.648971676826,-0.747993409634,-0.779738783836,-0.794395267963,-0.782121956348],"median":[-0.605469405651,-0.660740733147,-0.74419015646,-0.790832877159,-0.805648446083,-0.77515655756],"min":[-0.929945588112,-0.975686907768,-0.960731267929,-0.955422520638,-0.939763128757,-0.918798208237],"var":[0.00779627077281,0.00992857571691,0.0109450500458,0.00871990807354,0.00596791319549,0.00274589331821]},"spectral_contrast_valleys":{"dmean":[0.318286091089,0.27856913209,0.269464880228,0.209440469742,0.152126118541,0.131539165974],"dmean2":[0.551802575588,0.45266866684,0.449603319168,0.349100321531,0.249373048544,0.194384008646],"dvar":[0.0623429045081,0.0526104196906,0.0479571223259,0.0330292508006,0.0206842459738,0.0341296605766],"dvar2":[0.185055568814,0.133784398437,0.131047606468,0.0860860943794,0.0488895066082,0.0483116060495],"max":[-5.35961580276,-5.3194026947,-6.16861629486,-6.2249121666,-5.91432189941,-7.40519618988],"mean":[-7.50266742706,-8.40511894226,-10.0904502869,-9.58964824677,-9.25702190399,-11.6607189178],"median":[-7.04833745956,-8.06439685822,-9.83522987366,-9.10830020905,-8.75778961182,-11.4276123047],"min":[-19.0083446503,-18.6154136658,-19.130941391,-18.7427539825,-18.5107803345,-19.7005119324],"var":[2.02896738052,2.1950917244,2.11284446716,2.45992493629,2.31228899956,2.45185041428]},"spectral_decrease":{"dmean":1.54463142277e-9,"dmean2":2.4541721988e-9,"dvar":6.206139267e-18,"dvar2":1.72431886736e-17,"max":-9.98242638564e-18,"mean":-6.60411902942e-9,"median":-5.14910114546e-9,"min":-6.87050203396e-8,"var":3.97629360049e-17},"spectral_energy":{"dmean":0.00596289988607,"dmean2":0.00946433003992,"dvar":0.0000920129823498,"dvar2":0.000254305516137,"max":0.263688802719,"mean":0.0259788185358,"median":0.0203426424414,"min":3.86602104496e-11,"var":0.000615523837041},"spectral_energyband_high":{"dmean":0.000115760587505,"dmean2":0.000150515465066,"dvar":2.93438773724e-7,"dvar2":4.03761276857e-7,"max":0.0189681425691,"mean":0.000378550612368,"median":0.000038973896153,"min":6.47566852571e-13,"var":0.00000134210449687},"spectral_energyband_low":{"dmean":0.00405212165788,"dmean2":0.00664123008028,"dvar":0.0000639852369204,"dvar2":0.000185001845239,"max":0.208610340953,"mean":0.0108866821975,"median":0.00747448159382,"min":2.42653015736e-11,"var":0.000176790257683},"spectral_energyband_middle_high":{"dmean":0.000458408438135,"dmean2":0.000648429675493,"dvar":0.00000333306070388,"dvar2":0.00000588037755733,"max":0.122803471982,"mean":0.00205802265555,"median":0.000257419829722,"min":1.04829578178e-12,"var":0.0000353403338522},"spectral_energyband_middle_low":{"dmean":0.00380233279429,"dmean2":0.00564555544406,"dvar":0.0000396574105253,"dvar2":0.000107887768536,"max":0.168432950974,"mean":0.0157220307738,"median":0.0104227392003,"min":5.74157041355e-12,"var":0.00027215416776},"spectral_entropy":{"dmean":0.141894027591,"dmean2":0.197517424822,"dvar":0.0208311397582,"dvar2":0.0386515557766,"max":8.96895599365,"mean":6.64969301224,"median":6.75185585022,"min":3.95098495483,"var":0.515119612217},"spectral_flux":{"dmean":0.01281396579,"dmean2":0.0205391105264,"dvar":0.000240820416366,"dvar2":0.000603569904342,"max":0.297055184841,"mean":0.0501884743571,"median":0.045995529741,"min":0.0000602785803494,"var":0.00141336605884},"spectral_kurtosis":{"dmean":1.93724286556,"dmean2":3.17583990097,"dvar":6.5120306015,"dvar2":16.623664856,"max":62.3072662354,"mean":7.77388143539,"median":5.34443473816,"min":-1.1499260664,"var":67.0457000732},"spectral_rms":{"dmean":0.000503624323756,"dmean2":0.000788989535067,"dvar":3.59735253141e-7,"dvar2":9.73144551608e-7,"max":0.0160392448306,"mean":0.00431822473183,"median":0.00445493869483,"min":1.94209363258e-7,"var":0.00000669803830533},"spectral_rolloff":{"dmean":141.555435181,"dmean2":241.540145874,"dvar":376352.84375,"dvar2":708304.0625,"max":11520.2636719,"mean":536.375,"median":215.33203125,"min":21.533203125,"var":1151556.25},"spectral_skewness":{"dmean":0.21008567512,"dmean2":0.327803999186,"dvar":0.0491959936917,"dvar2":0.111371323466,"max":6.79938554764,"mean":2.08639407158,"median":1.85536706448,"min":-0.285188019276,"var":0.997030735016},"spectral_spread":{"dmean":326466.09375,"dmean2":477841.375,"dvar":224747864064,"dvar2":347419017216,"max":17016964,"mean":4672662,"median":4343662,"min":1423849.375,"var":3655828504580},"spectral_strongpeak":{"dmean":0.276607602835,"dmean2":0.453681707382,"dvar":0.268840044737,"dvar2":0.623647093773,"max":16.9282283783,"mean":0.814438343048,"median":0.444719940424,"min":0,"var":1.48818218708},"zerocrossingrate":{"dmean":0.00516925193369,"dmean2":0.00621528597549,"dvar":0.000105138104118,"dvar2":0.0000901836028788,"max":0.40478515625,"mean":0.0292042586952,"median":0.0224609375,"min":0,"var":0.0008418133948}},"metadata":{"audio_properties":{"analysis_sample_rate":44100,"bit_rate":0,"codec":"flac","downmix":"mix","equal_loudness":0,"length":153.839996338,"lossless":true,"md5_encoded":"1d2907907b9daa43c162058deab49dea","replay_gain":-4.01519966125,"sample_rate":44100},"tags":{"album":["The Unforgettable Fire"],"albumartist":["U2"],"albumartistsort":["U2"],"artist":["U2"],"artistsort":["U2"],"barcode":["075679023124"],"catalognumber":["90231-2"],"date":["1984-10"],"discnumber":["1"],"disctotal":["1"],"file_name":"01-10 MLK.flac","isrc":["GBAAN8490010"],"label":["Island Records"],"media":["CD"],"musicbrainz_albumartistid":["a3cb23fc-acd3-4ce0-8f36-1e5aa6a18432"],"musicbrainz_albumid":["b8416a9b-f13a-4435-aac3-8b25e48273ca"],"musicbrainz_artistid":["a3cb23fc-acd3-4ce0-8f36-1e5aa6a18432"],"musicbrainz_recordingid":["4efa3dec-15ed-4942-9543-0630ecf9e242"],"musicbrainz_releasegroupid":["c84d00f4-afd3-3184-be62-6ae5f135aa38"],"originaldate":["1984-10"],"performer":["Daniel Lanois (additional vocal)","Brian Eno (additional vocal)"],"releasecountry":["US"],"releasestatus":["official"],"releasetype":["album"],"replaygain_album_gain":["-3.42 dB"],"replaygain_album_peak":["1.00000000"],"replaygain_track_gain":["+1.72 dB"],"replaygain_track_peak":["0.65017700"],"script":["Latn"],"title":["MLK"],"totaldiscs":["1"],"totaltracks":["10"],"tracknumber":["10"],"tracktotal":["10"]},"version":{"essentia":"2.1-beta1","essentia_build_sha":"ca57ba49d9b1854bd80e60cf9ccf267278fb7d6b","essentia_git_sha":"v2.1_beta1-28-g21ef5f4-dirty","extractor":"music 1.0"}},"rhythm":{"beats_count":322,"beats_loudness":{"dmean":0.0129215884954,"dmean2":0.0213559567928,"dvar":0.000282016408164,"dvar2":0.000751693034545,"max":0.125722974539,"mean":0.0279257167131,"median":0.0236600171775,"min":0.00000387930413126,"var":0.000576233665925},"beats_loudness_band_ratio":{"dmean":[0.146659895778,0.15499612689,0.0786497369409,0.0254388023168,0.02