{"lowlevel":{"average_loudness":0.951678097248,"barkbands":{"dmean":[0.000113979083835,0.00356582272798,0.00323587469757,0.00112107628956,0.00153329223394,0.000628174690064,0.00121133972425,0.00131493748631,0.0013229137985,0.000531912373845,0.000467663106974,0.000555003236514,0.000423495570431,0.000498645356856,0.000438888178905,0.00044859474292,0.000396723276936,0.000249305099715,0.00020497906371,0.0000621343206149,0.0000352631104761,0.0000454387882201,0.0000679711811244,0.0000664525650791,0.0000385045350413,0.000030802537367,0.00000873855788086],"dmean2":[0.000178877715371,0.00587554182857,0.00537678971887,0.00182433973532,0.00256012752652,0.000996550894342,0.00186203757767,0.00200891913846,0.00190559355542,0.000789976969827,0.00071948277764,0.000837000086904,0.000648769608233,0.000800565176178,0.00070827169111,0.00074825208867,0.000661784491967,0.000413994974224,0.000333617615979,0.000096837800811,0.0000520236317243,0.0000664365288685,0.0000998104151222,0.0000941626785789,0.0000512926817464,0.0000415094800701,0.0000123254230857],"dvar":[5.23936414254e-8,0.0000641846709186,0.0000464956574433,0.00000257576721197,0.00000566255630474,0.00000302690273202,0.0000104744794953,0.0000171212577698,0.0000117634936032,0.00000193830646822,0.00000214221881834,0.00000248883566201,0.00000161588957326,6.62475372337e-7,7.37899711112e-7,2.67801794962e-7,1.81090086926e-7,5.78771093274e-8,5.63031470335e-8,1.09027462614e-8,4.80911532819e-9,8.14518319459e-9,2.66733657384e-8,5.01538437447e-8,7.02459024282e-9,3.64641383754e-9,3.75746156411e-10],"dvar2":[1.21205829373e-7,0.000160846204381,0.000126941929921,0.00000671897259963,0.0000154311564984,0.00000623453433946,0.0000224898067245,0.0000332483032253,0.0000229128891078,0.00000379602897738,0.00000433968898506,0.00000526132862433,0.00000373980265067,0.00000156009275543,0.00000164242680967,6.92490061738e-7,4.81369056615e-7,1.50428135726e-7,1.36528271355e-7,2.60267896124e-8,9.78039160771e-9,1.75045045125e-8,5.63159296973e-8,9.55383754331e-8,1.28561756796e-8,7.48914885662e-9,8.21619439151e-10],"max":[0.00587431062013,0.0764472782612,0.0899729281664,0.0193768255413,0.0324877873063,0.055147446692,0.0650863423944,0.0862325206399,0.0814326405525,0.034021012485,0.044219262898,0.0300469957292,0.0278330072761,0.0208869129419,0.0237899217755,0.013427968137,0.0136669212952,0.00575182680041,0.00634420244023,0.00293995230459,0.000803152739536,0.00269599980675,0.00398579286411,0.00595083553344,0.00214262120426,0.000966080639046,0.000320897699567],"mean":[0.000134290152346,0.00413891859353,0.00432966742665,0.00185654079542,0.0024534650147,0.00112319504842,0.00160361919552,0.00185162876733,0.00212771142833,0.000895228120498,0.000668839027639,0.000867939786986,0.00065364362672,0.000903001870029,0.000832298537716,0.000990307424217,0.000952306843828,0.000639069476165,0.000494352367241,0.000125277641928,0.0000638174460619,0.0000791037018644,0.000114643349661,0.000107207713882,0.0000639083446003,0.0000444475954282,0.0000113537680591],"median":[0.0000468218822789,0.00211616815068,0.00290820468217,0.00136247021146,0.00163652654737,0.000605018460192,0.000425772857852,0.000217366789002,0.000236596330069,0.000303874345263,0.00021813166677,0.000320968683809,0.000198385474505,0.000601250270847,0.000576532213017,0.000851721502841,0.000847725546919,0.000583506887779,0.000429335108493,0.0000784374278737,0.000028912734706,0.0000295661047858,0.0000397619587602,0.0000309358074446,0.0000194053809537,0.00000933289993554,0.00000128856299852],"min":[1.72025734032e-24,2.46335543835e-24,2.41386861604e-24,1.58844538837e-24,1.25086747067e-23,1.86782351507e-23,1.58433088711e-23,5.8798709981e-24,3.93171683041e-23,2.0499651872e-23,3.24745067707e-23,2.34562678349e-23,3.45159115549e-23,4.64766237553e-23,2.4965447099e-23,6.61146470367e-23,9.60492867499e-23,6.98952471478e-23,1.02624644343e-22,1.97109001451e-22,2.63665183403e-22,3.57968645239e-22,4.98392777857e-22,6.41437367563e-22,9.70078991623e-22,1.30370924583e-21,2.05731652518e-21],"var":[6.64558328367e-8,0.000056724089518,0.0000376751704607,0.00000364240281669,0.00000739206461731,0.00000600883458901,0.0000164319299074,0.0000400484386773,0.0000283833924186,0.00000449941489933,0.00000409747826779,0.00000439130553787,0.00000285414375867,0.00000131260821945,0.0000011810242313,4.82900134102e-7,3.26086905034e-7,1.13800716406e-7,1.09526723691e-7,1.95801650449e-8,8.5422398044e-9,1.62822839656e-8,5.10680031596e-8,9.50085308205e-8,1.49385392945e-8,6.14258288678e-9,5.50737067062e-10]},"barkbands_crest":{"dmean":2.29201793671,"dmean2":3.68496823311,"dvar":5.33549547195,"dvar2":12.5270786285,"max":26.7063674927,"mean":7.86344099045,"median":7.02445220947,"min":2.05281019211,"var":12.7314844131},"barkbands_flatness_db":{"dmean":0.0190143957734,"dmean2":0.0269044525921,"dvar":0.000379859207897,"dvar2":0.00074788776692,"max":0.448260039091,"mean":0.1102501899,"median":0.105325445533,"min":0.0201037768275,"var":0.00198948057368},"barkbands_kurtosis":{"dmean":1.84634208679,"dmean2":3.08392095566,"dvar":49.3659858704,"dvar2":148.372451782,"max":298.314331055,"mean":1.33679807186,"median":-0.271750211716,"min":-1.80821192265,"var":128.575180054},"barkbands_skewness":{"dmean":0.493651926517,"dmean2":0.7505813241,"dvar":0.372293889523,"dvar2":0.871015906334,"max":17.1022624969,"mean":0.930637121201,"median":0.829828679562,"min":-2.06310653687,"var":1.23214232922},"barkbands_spread":{"dmean":5.71305370331,"dmean2":8.48110103607,"dvar":35.5913391113,"dvar2":75.4622955322,"max":118.053039551,"mean":28.9822597504,"median":28.5962753296,"min":1.25358438492,"var":131.581787109},"dissonance":{"dmean":0.0118156410754,"dmean2":0.0191278811544,"dvar":0.000165001620189,"dvar2":0.000405091588618,"max":0.500000238419,"mean":0.476887881756,"median":0.483825862408,"min":0.346438676119,"var":0.000423014862463},"dynamic_complexity":2.82032322884,"erbbands":{"dmean":[0.0961580276489,0.896484434605,3.37528634071,3.86778616905,3.58176589012,6.50800848007,4.91454696655,5.46455860138,12.6499137878,24.9298267365,27.9172477722,33.4462013245,18.2787151337,16.2860736847,19.2334747314,20.9158706665,19.7424583435,19.3351459503,27.8154201508,14.9062919617,27.5533561707,18.9326858521,11.1572608948,15.3668327332,6.14145851135,2.72889304161,1.53143203259,1.43955278397,1.49280452728,2.04188537598,1.91735780239,1.65078341961,0.973940432072,0.500867843628,0.260006099939,0.142449826002,0.0547584332526,0.0124230543151,0.00141360389534,0.0000766722369008],"dmean2":[0.158151000738,1.5007519722,5.68525791168,6.27192735672,5.92497253418,10.8767223358,8.00322914124,8.41829967499,19.3295783997,38.1138763428,40.7625961304,47.8220787048,25.9102363586,24.1467247009,29.3421096802,31.4993515015,30.0325717926,30.0304298401,44.175907135,23.7475032806,46.098400116,31.5087623596,18.3321075439,25.5149612427,9.59789943695,4.18950605392,2.31770586967,2.11066961288,2.18995261192,3.04612207413,2.84149360657,2.40372109413,1.35215640068,0.676660656929,0.348034858704,0.194398388267,0.0748565346003,0.0173817109317,0.00197421154007,0.000107559506432],"dvar":[0.0446253083646,4.31126785278,55.4894371033,40.3810272217,22.5038337708,132.348205566,119.525100708,280.80645752,1173.28295898,5474.23193359,6784.45605469,8567.265625,2650.05639648,1936.95776367,3631.32788086,3536.29589844,3763.28491211,1437.17529297,2470.13598633,579.909179688,843.426452637,509.000915527,127.693534851,231.661270142,95.3951644897,20.441608429,7.94118881226,8.74188709259,9.40619850159,19.0566692352,23.2594928741,30.2473773956,11.5295085907,1.80923950672,0.224942430854,0.0743708387017,0.0122045567259,0.000670678273309,0.00000954802635533,2.63616559693e-8],"dvar2":[0.110666900873,11.3273830414,153.897247314,105.205192566,61.5204467773,362.679656982,288.113433838,558.475463867,2455.70800781,11853.8378906,13207.1162109,17057.6132812,4740.05957031,3795.26831055,7717.40039062,7317.52978516,8796.89746094,3132.81005859,5336.66162109,1241.1295166,2307.46435547,1315.22094727,322.590759277,605.499511719,202.845733643,47.2214851379,17.0622425079,18.4115314484,20.7972564697,41.4763450623,49.1559028625,65.0950088501,21.4768695831,3.3049864769,0.420770436525,0.15260104835,0.0253385528922,0.00142997747753,0.0000208966648643,5.90849289495e-8],"max":[2.73552751541,20.563117981,91.1787490845,72.0725402832,66.5193405151,139.653900146,357.297973633,661.40637207,789.500854492,1480.15710449,2087.16113281,2289.7265625,1332.16906738,1287.70593262,1472.28979492,1531.32653809,1529.96179199,1180.41210938,1703.44702148,718.671508789,639.497497559,926.468139648,306.617004395,229.543792725,332.545898438,104.520446777,34.1138000488,36.2599639893,98.4323425293,106.980224609,120.721954346,194.245101929,107.38898468,44.6315956116,8.83949279785,3.89118361473,1.87323689461,0.402249991894,0.0522805824876,0.00282646575943],"mean":[0.109248116612,1.01696932316,4.4862704277,6.06614398956,6.01920843124,9.59826469421,8.58935928345,9.34665775299,18.5001926422,33.9975891113,40.7156944275,51.4413032532,30.2146472931,29.315946579,31.867641449,34.7167053223,32.2359085083,37.4112930298,55.2082214355,36.0972137451,62.731918335,50.2788658142,33.5096549988,39.3535881042,15.0109138489,5.86032295227,2.95567393303,2.47552132607,2.58838129044,3.5139799118,3.19654321671,2.59548711777,1.52982926369,0.807260274887,0.424049019814,0.213579490781,0.0760044008493,0.0165788177401,0.00185694778338,0.000121678014693],"median":[0.051195371896,0.546041607857,3.06870532036,4.38677692413,4.58323526382,5.67142724991,5.26605319977,4.63983297348,6.61018705368,4.59202480316,7.62271976471,5.74494886398,7.34014987946,10.7891635895,11.5221729279,13.2452259064,10.4444627762,22.696937561,40.356716156,28.4696998596,55.0198059082,44.7953033447,30.8886070251,35.6495780945,11.6913585663,3.72213196754,1.6338455677,0.951361060143,0.952758669853,1.35615706444,1.05870866776,0.742088794708,0.42158767581,0.229598283768,0.12993247807,0.0517418570817,0.0133634954691,0.00249010045081,0.00023204680474,0.0000477669600514],"min":[1.60236380564e-22,5.36975321021e-22,6.8702689388e-21,1.01079637163e-20,1.4115231308e-20,4.46602341353e-20,7.14806187633e-20,1.62930010824e-19,1.47434539806e-19,1.30571920182e-19,4.05618534069e-19,8.10834696468e-19,7.63027534472e-19,1.21319809388e-18,1.90936156921e-18,1.38833766536e-18,1.47780521022e-18,2.48364970066e-18,2.37532605674e-18,3.84221754936e-18,4.65723695255e-18,5.39453487897e-18,4.86084332443e-18,6.15161400256e-18,6.78963784777e-18,8.09740171082e-18,7.8860446566e-18,1.32679108509e-17,1.42237395554e-17,1.42706506223e-17,1.33786868785e-17,1.08695734567e-17,1.20834841667e-17,9.35808286699e-18,7.58752840842e-18,4.29703040146e-18,2.54675179407e-18,9.85843573413e-19,2.52791229033e-19,2.80072692535e-20],"var":[0.041737601161,3.44360566139,42.4568595886,45.34923172,30.8587837219,152.464385986,191.680541992,547.226196289,1953.21276855,10833.1015625,14249.8242188,18883.09375,6183.20898438,4593.14794922,6288.48291016,6093.39892578,6593.13818359,3123.59887695,4090.34277344,1282.68713379,1466.77856445,891.244506836,280.219116211,448.367095947,192.948898315,40.1458206177,13.4203634262,15.2107658386,17.730884552,36.8707351685,43.8389205933,51.4095420837,21.5362796783,3.70037674904,0.478745043278,0.129921287298,0.0196289010346,0.00102796358988,0.000014057948647,3.81194915633e-8]},"erbbands_crest":{"dmean":2.30742359161,"dmean2":3.73696374893,"dvar":5.10746717453,"dvar2":12.2979707718,"max":27.8059749603,"mean":8.0506029129,"median":7.10318565369,"min":2.18188714981,"var":12.037399292},"erbbands_flatness_db":{"dmean":0.0182753205299,"dmean2":0.0248651187867,"dvar":0.000391111738281,"dvar2":0.00063269585371,"max":0.312456250191,"mean":0.160287424922,"median":0.161068499088,"min":0.0193028561771,"var":0.00201854482293},"erbbands_kurtosis":{"dmean":0.829237103462,"dmean2":1.30165839195,"dvar":0.707357108593,"dvar2":1.70537936687,"max":12.055773735,"mean":0.627627015114,"median":0.381632685661,"min":-1.68678450584,"var":1.9431501627},"erbbands_skewness":{"dmean":0.332768529654,"dmean2":0.480556637049,"dvar":0.104122303426,"dvar2":0.184508755803,"max":3.54305100441,"mean":-0.453676104546,"median":-0.585578322411,"min":-2.89613509178,"var":0.645866632462},"erbbands_spread":{"dmean":6.75709199905,"dmean2":10.2760982513,"dvar":53.0890464783,"dvar2":123.560325623,"max":155.810760498,"mean":32.3953819275,"median":30.4969291687,"min":7.9238038063,"var":195.078781128},"gfcc":{"cov":[[14162.2666016,-674.619934082,-827.375915527,-71.614654541,-901.327331543,352.427856445,-409.007537842,311.591094971,-51.6920585632,58.7866630554,-264.43737793,60.9461174011,-407.843597412],[-674.619934082,1632.08300781,-718.825500488,203.150650024,391.313873291,-257.723999023,125.527488708,-87.0855178833,18.8842926025,-179.582427979,158.084182739,-171.77381897,138.84753418],[-827.375915527,-718.825500488,849.502868652,-31.4724063873,-6.90112304688,143.105377197,1.81953382492,36.5936546326,14.8883085251,106.105033875,-86.1683502197,83.7311172485,-73.6200790405],[-71.614654541,203.150650024,-31.4724063873,364.857330322,144.608535767,31.1923542023,-49.7127418518,-39.9170951843,-9.17662620544,-22.2819442749,38.599822998,-33.5205230713,71.7404785156],[-901.327331543,391.313873291,-6.90112304688,144.608535767,404.51272583,-63.6089477539,73.6647415161,-29.5337429047,-41.7506942749,-12.2803268433,35.0694503784,-25.0384902954,82.441368103],[352.427856445,-257.723999023,143.105377197,31.1923542023,-63.6089477539,190.108398438,12.7399778366,42.9583129883,-16.1466751099,1.26914274693,-23.9282417297,21.4211120605,-29.2596225739],[-409.007537842,125.527488708,1.81953382492,-49.7127418518,73.6647415161,12.7399778366,171.25680542,18.8956413269,15.8382921219,-21.4676532745,1.73748922348,-22.5476360321,6.40608310699],[311.591094971,-87.0855178833,36.5936546326,-39.9170951843,-29.5337429047,42.9583129883,18.8956413269,94.2896194458,20.7120227814,16.8325157166,-20.1869697571,-2.54099369049,-29.104352951],[-51.6920585632,18.8842926025,14.8883085251,-9.17662620544,-41.7506942749,-16.1466751099,15.8382921219,20.7120227814,102.393234253,14.6277065277,10.3108520508,-23.658870697,-28.6220397949],[58.7866630554,-179.582427979,106.105033875,-22.2819442749,-12.2803268433,1.26914274693,-21.4676532745,16.8325157166,14.6277065277,82.6204223633,-5.9398059845,25.6305389404,-16.7276821136],[-264.43737793,158.084182739,-86.1683502197,38.599822998,35.0694503784,-23.9282417297,1.73748922348,-20.1869697571,10.3108520508,-5.9398059845,72.1180419922,-5.34324169159,28.0792236328],[60.9461174011,-171.77381897,83.7311172485,-33.5205230713,-25.0384902954,21.4211120605,-22.5476360321,-2.54099369049,-23.658870697,25.6305389404,-5.34324169159,72.4502182007,2.6205906868],[-407.843597412,138.84753418,-73.6200790405,71.7404785156,82.441368103,-29.2596225739,6.40608310699,-29.104352951,-28.6220397949,-16.7276821136,28.0792236328,2.6205906868,91.9894943237]],"icov":[[0.00014894742344,-0.0000834746970213,0.000319612241583,-0.000220793561311,0.000201660441235,-0.000221483496716,0.00016682757996,-0.000306871457724,0.000186353092431,-0.000341512524756,0.000620193197392,-0.000415334070567,0.000672864902299],[-0.0000834746970213,0.00277353869751,0.00098051445093,-0.000349357171217,-0.00185125053395,0.001993204467,-0.00088521791622,-0.00000513947998115,-0.000697236857377,0.00345749175176,-0.00293943611905,0.00217519025318,0.000100908269815],[0.000319612241583,0.00098051445093,0.0033159465529,-0.000698565039784,-0.00108191138133,-0.00120670441538,-0.000102792168036,0.000211129736272,-0.00101867865305,-0.00128247309476,0.00244873994961,-0.00193200574722,0.00255279242992],[-0.000220793561311,-0.000349357171217,-0.000698565039784,0.00612517353147,-0.00230355025269,-0.00355468620546,0.00343657238409,0.0023071593605,-0.00232056109235,0.000319328828482,-0.00116819818504,0.00361979589798,-0.0047736116685],[0.000201660441235,-0.00185125053395,-0.00108191138133,-0.00230355025269,0.00633152294904,0.00137887010351,-0.00236426922493,-0.001317237271,0.00380345806479,-0.00326879206114,0.00116486661136,-0.000869332288858,-0.000610699004028],[-0.000221483496716,0.001993204467,-0.00120670441538,-0.00355468620546,0.00137887010351,0.0117875579745,-0.00385307520628,-0.00432610139251,0.0034586652182,0.00476453825831,-0.00364061444998,-0.000605322304182,0.00230025220662],[0.00016682757996,-0.00088521791622,-0.000102792168036,0.00343657238409,-0.00236426922493,-0.00385307520628,0.00994534231722,-0.000661251659039,-0.00282657146454,0.00114153383765,0.00137559184805,0.00170474906918,-0.00183543772437],[-0.000306871457724,-0.00000513947998115,0.000211129736272,0.0023071593605,-0.001317237271,-0.00432610139251,-0.000661251659039,0.0159290786833,-0.00375248119235,-0.00297486991622,0.00225838529877,0.00225979904644,-0.000555074540898],[0.000186353092431,-0.000697236857377,-0.00101867865305,-0.00232056109235,0.00380345806479,0.0034586652182,-0.00282657146454,-0.00375248119235,0.0164338424802,-0.00376486917958,-0.00379195506684,0.00381038011983,0.00505175534636],[-0.000341512524756,0.00345749175176,-0.00128247309476,0.000319328828482,-0.00326879206114,0.00476453825831,0.00114153383765,-0.00297486991622,-0.00376486917958,0.0228314157575,-0.00606724573299,-0.001937723835,0.000303571112454],[0.000620193197392,-0.00293943611905,0.00244873994961,-0.00116819818504,0.00116486661136,-0.00364061444998,0.00137559184805,0.00225838529877,-0.00379195506684,-0.00606724573299,0.0250512007624,-0.00607304787263,-0.00128284667153],[-0.000415334070567,0.00217519025318,-0.00193200574722,0.00361979589798,-0.000869332288858,-0.000605322304182,0.00170474906918,0.00225979904644,0.00381038011983,-0.001937723835,-0.00607304787263,0.0254166312516,-0.00634809071198],[0.000672864902299,0.000100908269815,0.00255279242992,-0.0047736116685,-0.000610699004028,0.00230025220662,-0.00183543772437,-0.000555074540898,0.00505175534636,0.000303571112454,-0.00128284667153,-0.00634809071198,0.022898176685]],"mean":[9.21023464203,93.7501449585,-127.319541931,29.5255126953,-29.0691108704,9.00417900085,-44.13331604,14.233997345,-19.6093444824,-6.83569955826,-13.6741924286,-0.893058657646,-14.8840007782]},"hfc":{"dmean":6.32932281494,"dmean2":8.63185310364,"dvar":58.7810974121,"dvar2":105.076873779,"max":117.33392334,"mean":24.007276535,"median":19.1323204041,"min":1.06083008502e-16,"var":226.858917236},"melbands":{"dmean":[0.000906257831957,0.00154854473658,0.000631892122328,0.000381485151593,0.000182377334568,0.000123052930576,0.000209748337511,0.000280417007161,0.000239662913373,0.000205006304896,0.0000910948510864,0.0000670883164275,0.0000644594838377,0.0000664906983729,0.000050755115808,0.0000379774864996,0.0000412961962866,0.0000502252296428,0.0000278155275737,0.0000229636516451,0.0000366338572348,0.0000218792283704,0.0000183403008123,0.0000110728178697,0.0000141115460792,0.00000616623538008,0.00000333752905135,0.00000169624615864,0.00000109421557681,8.60842874317e-7,8.52094672155e-7,8.01476232937e-7,0.00000108405663468,0.00000125095914427,0.00000117954868983,0.00000113481644348,9.95827463157e-7,7.42236125006e-7,5.38051608601e-7,4.01005792128e-7],"dmean2":[0.00147778750397,0.00259210425429,0.00102031405549,0.000634596042801,0.000297844497254,0.000191241400898,0.000320554274367,0.000428338884376,0.000347128108842,0.000291752832709,0.000130968430312,0.00010044350347,0.0000983797799563,0.000101214980532,0.0000787583121564,0.0000578505641897,0.0000650784568279,0.0000809685370768,0.0000450289771834,0.0000374367955374,0.0000616391698713,0.000036693563743,0.0000307177942886,0.0000184893378901,0.0000235567240452,0.0000099107328424,0.00000524557208337,0.00000264422351393,0.00000171839417362,0.00000128562612645,0.00000127434520891,0.00000119968638046,0.00000164563061844,0.000001889464329,0.00000178778100235,0.00000168967028458,0.00000148165111113,0.00000105523940874,7.50166861962e-7,5.61060801374e-7],"dvar":[0.00000401800161853,0.0000120526929095,0.00000101138357422,3.49957929302e-7,1.25779550331e-7,1.28522870568e-7,3.21860369468e-7,6.94366406151e-7,4.27464328823e-7,3.1918156651e-7,6.7591621189e-8,3.28176916753e-8,4.22164987413e-8,3.98544450775e-8,2.5102158574e-8,1.28886785689e-8,6.64212551627e-9,7.47801554013e-9,2.69970445999e-9,1.04359543229e-9,1.49220191759e-9,6.69505006989e-10,3.60347696127e-10,1.24298862869e-10,1.96687846565e-10,9.33449151308e-11,2.91210215664e-11,8.42923734284e-12,3.72525144413e-12,3.12247038121e-12,3.17474171951e-12,2.77921327445e-12,5.23749403222e-12,7.72462649401e-12,8.21275339402e-12,1.30589072542e-11,1.14006477869e-11,6.5307204089e-12,3.92447446068e-12,9.82870902722e-13],"dvar2":[0.00000983668633125,0.0000328663154505,0.00000263152264779,9.5677819445e-7,3.11064354719e-7,2.54838425917e-7,6.74700061154e-7,0.00000144556861414,8.24282267331e-7,6.25738948656e-7,1.22255187307e-7,6.57907364143e-8,8.62039755134e-8,8.54070378864e-8,5.50622551998e-8,2.81348828679e-8,1.49757433121e-8,1.66658953304e-8,6.35681285388e-9,2.3875144084e-9,4.13401979316e-9,1.75132008895e-9,9.74375247154e-10,3.23007287584e-10,5.18773357605e-10,2.2446758341e-10,6.378961942e-11,1.99887190133e-11,8.59239936146e-12,6.55949947137e-12,6.95357747077e-12,6.40392123011e-12,1.17541670841e-11,1.71845194324e-11,1.80711036413e-11,2.92314852879e-11,2.43978379166e-11,1.24229767098e-11,7.72030703255e-12,1.86963704067e-12],"max":[0.0230002216995,0.037265881896,0.0118345525116,0.00841865316033,0.0100524714217,0.0129576483741,0.0134069602937,0.0173152517527,0.0172093976289,0.0126880323514,0.00658496376127,0.00519446050748,0.00608635134995,0.00434434786439,0.00374297657982,0.00304786721244,0.00267958524637,0.00299154920503,0.00131437531672,0.00106368248817,0.000929091940634,0.000924253545236,0.00045861012768,0.000255479011685,0.00020555552328,0.000362141989172,0.000173005784745,0.0000472743377031,0.0000231978301599,0.0000227049513342,0.0000232231486734,0.0000448345199402,0.0000707487561158,0.0000633511444903,0.0000613953234279,0.000118127718451,0.000111022840429,0.0000757709058234,0.0000675037663314,0.0000293558568956],"mean":[0.00106928206515,0.00201086956076,0.00104007136542,0.000601539155468,0.000317196565447,0.000209994381294,0.0002982293081,0.000388223823393,0.000344195635989,0.000310621690005,0.000141009411891,0.000115932482004,0.000100883247796,0.000104804123112,0.0000779377514846,0.0000595711680944,0.0000728737941245,0.0000936950964388,0.0000543573114555,0.0000513095656061,0.000077759490523,0.0000515958490723,0.0000415073336626,0.0000276781775028,0.0000337343954016,0.0000136711496452,0.00000649656203677,0.00000321882430399,0.00000197096528609,0.00000143098600347,0.00000138740517741,0.0000013139388102,0.00000177513766175,0.00000204680804927,0.00000188658646039,0.0000017100437617,0.00000152225345573,0.00000112331872515,8.13354290585e-7,6.31174657428e-7],"median":[0.000544287962839,0.00136589771137,0.000799993693363,0.000400217366405,0.000198870780878,0.000103825455881,0.0000988750543911,0.0000439153882326,0.0000565039154026,0.0000323997664964,0.0000335227668984,0.0000415246686316,0.0000352161187038,0.0000379261946364,0.0000258201362158,0.0000202740739041,0.0000441871525254,0.0000677621428622,0.0000386282699765,0.0000419394564233,0.0000682120735291,0.0000453890643257,0.000036456513044,0.0000249876611633,0.0000303374108626,0.0000110012942969,0.00000416080683863,0.00000189844422493,0.00000112136842745,5.88750140196e-7,4.84622489694e-7,4.41905257276e-7,6.38842152512e-7,7.58247551857e-7,6.10502638665e-7,4.69756315624e-7,4.03397450555e-7,2.95051790999e-7,2.02387781201e-7,1.81034707225e-7],"min":[1.56020663316e-24,3.39720503365e-24,2.70605559559e-24,2.22067815808e-24,2.39706075117e-24,3.63790858393e-24,2.7993314951e-24,1.14155253012e-24,4.16514100893e-24,5.23282558996e-24,3.31426104263e-24,4.52606893332e-24,4.3623325694e-24,3.0918093671e-24,4.36687956366e-24,3.91692316408e-24,4.17860686458e-24,2.81325725666e-24,3.03115779641e-24,4.73417122898e-24,4.40308236275e-24,5.02678301012e-24,5.11919254314e-24,4.04578793169e-24,4.01657286249e-24,3.79774679169e-24,5.62196594134e-24,4.5719857656e-24,4.46748023389e-24,6.4867625973e-24,6.99589303109e-24,6.68578392064e-24,6.92263072997e-24,6.66358064161e-24,5.87724488014e-24,6.53423230227e-24,6.70660511538e-24,7.91644479811e-24,7.17376854345e-24,6.90594789954e-24],"var":[0.00000377118021788,0.00000931304748519,0.00000114353338176,4.52469208767e-7,2.05426985644e-7,2.57675793591e-7,5.27451675225e-7,0.00000153972109729,8.91071067599e-7,7.06800051375e-7,1.52587688262e-7,7.64625127658e-8,7.68067849322e-8,6.97032831454e-8,3.92636572144e-8,2.42121753757e-8,1.29644925906e-8,1.18310854447e-8,4.42927872157e-9,2.25935448128e-9,2.38673125708e-9,1.10389097863e-9,6.38435859734e-10,2.28748145426e-10,3.6020006422e-10,1.53651660839e-10,5.70942668143e-11,1.49773596303e-11,5.81556460974e-12,5.04143601865e-12,5.31705192028e-12,4.86064747479e-12,9.53770829676e-12,1.38850224721e-11,1.43299868499e-11,2.13186811954e-11,1.90255363547e-11,1.19037887186e-11,6.57521996919e-12,1.97089284996e-12]},"melbands_crest":{"dmean":3.21136426926,"dmean2":5.09578990936,"dvar":8.52822399139,"dvar2":20.4339141846,"max":39.5396385193,"mean":12.6115531921,"median":12.1068744659,"min":1.64863145351,"var":21.2279911041},"melbands_flatness_db":{"dmean":0.0255116261542,"dmean2":0.0364572778344,"dvar":0.000709839107003,"dvar2":0.0013865607325,"max":0.498812377453,"mean":0.179807960987,"median":0.175060495734,"min":0.00365620595403,"var":0.00349286571145},"melbands_kurtosis":{"dmean":5.4444937706,"dmean2":8.90867042542,"dvar":676.771057129,"dvar2":1990.76257324,"max":1793.26184082,"mean":8.65366077423,"median":3.42721486092,"min":-1.68537735939,"var":1592.39880371},"melbands_skewness":{"dmean":0.695081710815,"dmean2":1.04550111294,"dvar":0.889357686043,"dvar2":2.03072786331,"max":39.8099403381,"mean":2.09167075157,"median":1.86668252945,"min":-0.688930273056,"var":2.77918839455},"melbands_spread":{"dmean":8.70566654205,"dmean2":13.1082544327,"dvar":83.9267196655,"dvar2":167.891372681,"max":160.869293213,"mean":33.2783660889,"median":30.8116455078,"min":0.491122186184,"var":274.840789795},"mfcc":{"cov":[[6502.11523438,32.8256454468,241.929077148,-304.214202881,-172.707260132,-50.1797904968,-212.898147583,148.954498291,-81.30884552,117.572090149,74.9001312256,-22.9102706909,-1.96423792839],[32.8256454468,1205.16320801,-591.309814453,273.604949951,101.699432373,-72.2459869385,106.801612854,30.0173473358,-21.0506210327,16.6897659302,-39.0954627991,-7.13745498657,-26.2231502533],[241.929077148,-591.309814453,593.796936035,-141.689880371,-20.9034137726,64.3397827148,-74.1611862183,26.2669391632,12.702460289,25.4448127747,37.2923202515,10.0623369217,28.4372348785],[-304.214202881,273.604949951,-141.689880371,328.151611328,179.320297241,52.4890594482,56.3638534546,-41.0090408325,27.1539592743,-26.4103794098,-20.5901088715,-6.87835884094,-8.78532600403],[-172.707260132,101.699432373,-20.9034137726,179.320297241,235.133987427,52.2874107361,51.4794235229,-20.938211441,10.9938669205,-19.867855072,-16.6839466095,-6.34821939468,-6.24062490463],[-50.1797904968,-72.2459869385,64.3397827148,52.4890594482,52.2874107361,113.111633301,49.9929008484,15.3752326965,15.9990272522,-18.5282821655,3.59010410309,-2.62346172333,-3.64221072197],[-212.898147583,106.801612854,-74.1611862183,56.3638534546,51.4794235229,49.9929008484,155.861282349,28.148235321,43.4302444458,-29.0036907196,-8.92854785919,4.87883710861,-13.5375328064],[148.954498291,30.0173473358,26.2669391632,-41.0090408325,-20.938211441,15.3752326965,28.148235321,101.388877869,13.5695619583,33.8322601318,5.52215337753,-3.3480489254,3.24950003624],[-81.30884552,-21.0506210327,12.702460289,27.1539592743,10.9938669205,15.9990272522,43.4302444458,13.5695619583,85.7644958496,6.02895021439,17.4319229126,-1.94968545437,-7.99386739731],[117.572090149,16.6897659302,25.4448127747,-26.4103794098,-19.867855072,-18.5282821655,-29.0036907196,33.8322601318,6.02895021439,100.912269592,24.4014759064,14.5770711899,2.92027139664],[74.9001312256,-39.0954627991,37.2923202515,-20.5901088715,-16.6839466095,3.59010410309,-8.92854785919,5.52215337753,17.4319229126,24.4014759064,64.660446167,16.1058769226,10.5354986191],[-22.9102706909,-7.13745498657,10.0623369217,-6.87835884094,-6.34821939468,-2.62346172333,4.87883710861,-3.3480489254,-1.94968545437,14.5770711899,16.1058769226,52.3324050903,14.8804159164],[-1.96423792839,-26.2231502533,28.4372348785,-8.78532600403,-6.24062490463,-3.64221072197,-13.5375328064,3.24950003624,-7.99386739731,2.92027139664,10.5354986191,14.8804159164,47.8547134399]],"icov":[[0.000181259994861,-0.000111065688543,-0.0000903271065908,0.000159556788276,-0.0000195924985746,-0.0000915866112337,0.000289508112473,-0.000230905934586,0.0000674223410897,0.0000398166375817,-0.000186998280697,0.0000604760243732,0.000148795501445],[-0.000111065688543,0.00234382925555,0.00171450024936,-0.00178607215639,-0.00000854103473102,0.00171016470995,-0.00104688527063,-0.00163295166567,0.00137447472662,-0.000622459687293,-0.000292321317829,0.0000434867579315,0.0001952751918],[-0.0000903271065908,0.00171450024936,0.00405193772167,0.000615393277258,-0.00108693446964,-0.00154022651259,0.00149030366447,-0.00131312059239,-0.000594935612753,-0.000472220970551,-0.000262610788923,-0.000468707352411,-0.000974277907517],[0.000159556788276,-0.00178607215639,0.000615393277258,0.00850249361247,-0.00451900158077,-0.00412239180878,0.0018333310727,0.00322563759983,-0.00354269472882,-0.0000879787330632,0.00133367395028,-0.0000586445494264,-0.00124221935403],[-0.0000195924985746,-0.00000854103473102,-0.00108693446964,-0.00451900158077,0.00820276048034,-0.000591274292674,-0.00209880876355,0.000851254910231,0.001506892615,-0.000625698943622,0.000598848972004,0.000844343740027,0.0000794856969151],[-0.0000915866112337,0.00171016470995,-0.00154022651259,-0.00412239180878,-0.000591274292674,0.0158384032547,-0.00521983997896,-0.00361905107275,0.00278907734901,0.00195427285507,-0.00269858702086,0.000840414490085,0.00166872201953],[0.000289508112473,-0.00104688527063,0.00149030366447,0.0018333310727,-0.00209880876355,-0.00521983997896,0.0137560376897,-0.00419564312324,-0.00639249477535,0.00454655988142,0.00159694545437,-0.0047425320372,0.00217235716991],[-0.000230905934586,-0.00163295166567,-0.00131312059239,0.00322563759983,0.000851254910231,-0.00361905107275,-0.00419564312324,0.0167096387595,-0.00158243172336,-0.00642177229747,0.00193878193386,0.00386869930662,-0.00352004659362],[0.0000674223410897,0.00137447472662,-0.000594935612753,-0.00354269472882,0.001506892615,0.00278907734901,-0.00639249477535,-0.00158243172336,0.0176510829479,-0.00172412395477,-0.00579108344391,0.00286229909398,0.00260561634786],[0.0000398166375817,-0.000622459687293,-0.000472220970551,-0.0000879787330632,-0.000625698943622,0.00195427285507,0.00454655988142,-0.00642177229747,-0.00172412395477,0.0154087496921,-0.00389623967931,-0.00476114777848,0.00282433000393],[-0.000186998280697,-0.000292321317829,-0.000262610788923,0.00133367395028,0.000598848972004,-0.00269858702086,0.00159694545437,0.00193878193386,-0.00579108344391,-0.00389623967931,0.0212020520121,-0.00463527161628,-0.0035301791504],[0.0000604760243732,0.0000434867579315,-0.000468707352411,-0.0000586445494264,0.000844343740027,0.000840414490085,-0.0047425320372,0.00386869930662,0.00286229909398,-0.00476114777848,-0.00463527161628,0.0249361339957,-0.00710089085624],[0.000148795501445,0.0001952751918,-0.000974277907517,-0.00124221935403,0.0000794856969151,0.00166872201953,0.00217235716991,-0.00352004659362,0.00260561634786,0.00282433000393,-0.0035301791504,-0.00710089085624,0.0255996435881]],"mean":[-628.04083252,127.185791016,-27.4455528259,24.4311656952,27.8024234772,-1.48160851002,-2.10877466202,12.6373615265,-4.4638133049,3.62009215355,-0.405851602554,-3.42403006554,-1.36477208138]},"pitch_salience":{"dmean":0.0698573365808,"dmean2":0.109685719013,"dvar":0.00414920272306,"dvar2":0.010035360232,"max":0.843580126762,"mean":0.609607458115,"median":0.623855948448,"min":0.0298147071153,"var":0.0112061453983},"silence_rate_20dB":{"dmean":0,"dmean2":0,"dvar":0,"dvar2":0,"max":1,"mean":1,"median":1,"min":1,"var":0},"silence_rate_30dB":{"dmean":0.000255395221757,"dmean2":0.000510855694301,"dvar":0.00025536850444,"dvar2":0.000766176672187,"max":1,"mean":0.999872326851,"median":1,"min":0,"var":0.000127653373056},"silence_rate_60dB":{"dmean":0.000510790443514,"dmean2":0.0010217113886,"dvar":0.00051050708862,"dvar2":0.00102057750337,"max":1,"mean":0.0268130749464,"median":0,"min":0,"var":0.0260942932218},"spectral_centroid":{"dmean":222.669418335,"dmean2":341.841552734,"dvar":66082.8125,"dvar2":131788.671875,"max":11456.7275391,"mean":1672.22106934,"median":1649.9050293,"min":136.879348755,"var":427116.6875},"spectral_complexity":{"dmean":3.42408370972,"dmean2":5.44623231888,"dvar":8.48011398315,"dvar2":19.6330509186,"max":49,"mean":29.3428249359,"median":30,"min":0,"var":45.6512413025},"spectral_contrast_coeffs":{"dmean":[0.0475881025195,0.0497882664204,0.0375361852348,0.0284618604928,0.0224106945097,0.0158723648638],"dmean2":[0.0794476494193,0.0789944380522,0.0583193786442,0.0468320176005,0.0365033522248,0.0249557737261],"dvar":[0.00153373496141,0.00182426150423,0.00115845887922,0.000515686406288,0.000329754577251,0.000198528767214],"dvar2":[0.00428655557334,0.00426113978028,0.00237840670161,0.00133991194889,0.000828370044474,0.000450713181635],"max":[-0.420920908451,-0.41876193881,-0.4241309762,-0.605449259281,-0.588249862194,-0.66877412796],"mean":[-0.660872876644,-0.724421858788,-0.780481159687,-0.78391033411,-0.743843257427,-0.791549682617],"median":[-0.661446273327,-0.736211776733,-0.797647476196,-0.785618185997,-0.739288449287,-0.790825068951],"min":[-0.981512486935,-0.975230097771,-0.978491663933,-0.969042122364,-0.969231665134,-0.964603066444],"var":[0.00377979292534,0.00649517122656,0.00524207716808,0.00167896493804,0.0014526816085,0.00104802032001]},"spectral_contrast_valleys":{"dmean":[0.41275075078,0.369414657354,0.287726938725,0.217805176973,0.189486607909,0.315132766962],"dmean2":[0.641074776649,0.594397366047,0.454084157944,0.350712358952,0.290625303984,0.394694834948],"dvar":[0.167102068663,0.126669228077,0.0826980099082,0.0610161609948,0.0607644021511,0.180585503578],"dvar2":[0.321650028229,0.274676650763,0.16155718267,0.113946571946,0.0987725406885,0.270533919334],"max":[-5.17006397247,-4.79164505005,-5.37476634979,-5.68017959595,-5.91843700409,-7.56531000137],"mean":[-7.05222463608,-6.91338920593,-7.17623233795,-7.07387495041,-7.26800012589,-10.2748317719],"median":[-6.80158233643,-6.7804813385,-7.03988456726,-6.90897655487,-7.11417865753,-10.0573692322],"min":[-27.5545291901,-27.7655353546,-27.6365528107,-27.6770401001,-27.401927948,-27.3287944794],"var":[2.10294914246,2.14947199821,2.11094689369,2.13793587685,2.15398859978,2.457903862]},"spectral_decrease":{"dmean":2.65306510094e-9,"dmean2":4.00656174904e-9,"dvar":1.48456155943e-17,"dvar2":3.54969836062e-17,"max":1.91187944285e-28,"mean":-6.87515377962e-9,"median":-5.52220047467e-9,"min":-3.7626023186e-8,"var":2.49588630753e-17},"spectral_energy":{"dmean":0.0104340780526,"dmean2":0.015668829903,"dvar":0.000220629648538,"dvar2":0.000524142873473,"max":0.143998473883,"mean":0.0281259696931,"median":0.0227260328829,"min":9.87949384613e-21,"var":0.000390904373489},"spectral_energyband_high":{"dmean":0.000268382194918,"dmean2":0.000354328512913,"dvar":2.72221654996e-7,"dvar2":4.95135338952e-7,"max":0.0117432922125,"mean":0.000533825426828,"median":0.000238323846133,"min":6.91307634329e-21,"var":6.56590032122e-7},"spectral_energyband_low":{"dmean":0.00661200284958,"dmean2":0.0105397785082,"dvar":0.000185668919585,"dvar2":0.000464799522888,"max":0.136244818568,"mean":0.00971763767302,"median":0.00691218581051,"min":1.8873000175e-23,"var":0.000177309892024},"spectral_energyband_middle_high":{"dmean":0.00207285420038,"dmean2":0.00299090938643,"dvar":0.0000098305154097,"dvar2":0.0000170654639078,"max":0.0661804676056,"mean":0.00779289985076,"median":0.00584658514708,"min":1.24595271261e-21,"var":0.0000390728710045},"spectral_energyband_middle_low":{"dmean":0.00474722869694,"dmean2":0.00711692636833,"dvar":0.0000440665644419,"dvar2":0.0000922382896533,"max":0.0945411399007,"mean":0.0113163571805,"median":0.00753048155457,"min":2.18254916576e-22,"var":0.000124929283629},"spectral_entropy":{"dmean":0.109084948897,"dmean2":0.147511854768,"dvar":0.012727599591,"dvar2":0.0200714003295,"max":9.8202381134,"mean":7.66646337509,"median":7.62356185913,"min":6.09011983871,"var":0.0915196463466},"spectral_flux":{"dmean":0.0288070049137,"dmean2":0.0440682768822,"dvar":0.00109363463707,"dvar2":0.00227230088785,"max":0.31953895092,"mean":0.094852052629,"median":0.081431016326,"min":6.51409690078e-11,"var":0.00258207111619},"spectral_kurtosis":{"dmean":1.93368530273,"dmean2":3.1887242794,"dvar":4.90038061142,"dvar2":14.4599399567,"max":31.7833595276,"mean":6.6577000618,"median":6.29149770737,"min":-1.27394139767,"var":9.80570888519},"spectral_rms":{"dmean":0.000891549221706,"dmean2":0.00129096698947,"dvar":0.0000011656092056,"dvar2":0.00000255762779489,"max":0.0118526918814,"mean":0.00491525931284,"median":0.00470868777484,"min":3.1045983926e-12,"var":0.0000032801638099},"spectral_rolloff":{"dmean":482.368255615,"dmean2":776.260131836,"dvar":654378.0625,"dvar2":1529125.5,"max":19595.2148438,"mean":2013.90466309,"median":2002.58789062,"min":21.533203125,"var":2235829},"spectral_skewness":{"dmean":0.210732251406,"dmean2":0.333365529776,"dvar":0.0425599142909,"dvar2":0.113883621991,"max":4.15514755249,"mean":1.69116401672,"median":1.71212553978,"min":-0.061285443604,"var":0.16149404645},"spectral_spread":{"dmean":523229.3125,"dmean2":674035.5,"dvar":676743938048,"dvar2":1170055888900,"max":51258480,"mean":3847057.75,"median":3437239.75,"min":1291341.25,"var":6477448216580},"spectral_strongpeak":{"dmean":0.546942293644,"dmean2":0.878322124481,"dvar":0.676690518856,"dvar2":1.49238359928,"max":8.78590774536,"mean":0.916525006294,"median":0.36577296257,"min":0,"var":1.52682900429},"zerocrossingrate":{"dmean":0.0103150112554,"dmean2":0.0115861715749,"dvar":0.000116955234262,"dvar2":0.000133284338517,"max":0.517578125,"mean":0.0707830786705,"median":0.06396484375,"min":0,"var":0.00134293199517}},"metadata":{"audio_properties":{"analysis_sample_rate":44100,"bit_rate":0,"codec":"flac","downmix":"mix","equal_loudness":0,"length":181.826660156,"lossless":true,"md5_encoded":"15da75dd89f4c7592648d15b4a9abbd4","replay_gain":-12.8382968903,"sample_rate":44100},"tags":{"album":["Ecstasy"],"albumartist":["Lou Reed"],"albumartistsort":["Reed, Lou"],"artist":["Lou Reed"],"artistsort":["Reed, Lou"],"asin":["B00004S4P9"],"date":["2000-04-03"],"discnumber":["01"],"disctotal":["01"],"file_name":"07_future_farmers_of_america.flac","genre":["Rock"],"label":["WEA International"],"language":["English"],"media":["CD"],"musicbrainz_albumartistid":["9d1ebcfe-4c15-4d18-95d3-d919898638a1"],"musicbrainz_albumid":["1d0ae2fd-9a8c-4843-b134-0c7903e73e00"],"musicbrainz_artistid":["9d1ebcfe-4c15-4d18-95d3-d919898638a1"],"musicbrainz_discid":["O4ZM5KDiGQCsFGzS5xXzFh6qSjo-","f_fMHhbIwOcr5SBP95cuAml2egI-","oJE8Eg4ojZgVIfXPGM7mV9jT68Q-"],"musicbrainz_recordingid":["4efee67e-1fb2-4678-adda-24298b1e0a79"],"musicbrainz_releasegroupid":["001c2db4-68d0-34ba-80e0-992628859eba"],"musicip_puid":["8a2e642d-34fa-8876-f523-592c279a0f33"],"releasecountry":["United Kingdom"],"script":["Latin"],"title":["Future Farmers of America"],"tracknumber":["07"],"tracktotal":["14"]},"version":{"essentia":"2.1-beta2","essentia_build_sha":"70f2e5ece6736b2c40cc944ad0e695b16b925413","essentia_git_sha":"v2.1_beta2","extractor":"music 1.0"}},"rhythm":{"beats_count":494,"beats_loudness":{"dmean":0.0165861900896,"dmean2":0.0293444208801,"dvar":0.000177082503797,"dvar2":0.000513477134518,"max":0.102901592851,"mean":0.0366979911923,"median":0.0346119701862,"min":2.3008860095e-10,"var":0.000293745426461},"beats_loudness_band_ratio":{"dmean":[0.330780953169,0.0986611247063,0.156794339418,0.112446516752,0.100535452366,0.0631157457829],"dmean2":[0.6350004673,0.184058532119,0.270565807819,0.199707135558,0.189005449414,