{"lowlevel":{"average_loudness":0.965662181377,"barkbands":{"dmean":[0.000476171262562,0.00658335909247,0.00371897616424,0.00147247186396,0.00215589627624,0.00103467470035,0.000428962550359,0.000465801451355,0.000609634851571,0.000579644693062,0.000666489417199,0.000794179388322,0.000707953353412,0.000515895953868,0.000338734418619,0.000554816331714,0.000491859507747,0.000325029453961,0.000423343968578,0.00026147934841,0.000180190065294,0.00013448484242,0.0000893439209904,0.0000908526708372,0.0000517701519129,0.0000183313259186,0.00000130566229473],"dmean2":[0.00075625104364,0.011082129553,0.00628991844133,0.00256031611934,0.00370608386584,0.00175549276173,0.000709576182999,0.000760523078497,0.00095015950501,0.000909452093765,0.00102850201074,0.00126760534476,0.00113129569218,0.000818909960799,0.000538453343324,0.000918778823689,0.00081573810894,0.000552365148906,0.000723278324585,0.000435288937297,0.000304777815472,0.000224334406084,0.000144560166518,0.000146126098116,0.0000765020522522,0.0000282712153421,0.00000217305318984],"dvar":[4.83571739096e-7,0.0000902049505385,0.0000335435215675,0.00000651879372526,0.0000225551575568,0.00000559822865398,7.68210895785e-7,0.00000145255353345,0.00000160788215453,0.00000183669214948,0.00000195678831005,0.0000024973944619,0.00000182843245966,0.00000124046039218,6.53463303024e-7,5.87997305956e-7,3.24802385876e-7,1.39056965054e-7,2.19553896841e-7,8.10255471606e-8,4.81844999456e-8,4.74609187506e-8,3.29378835318e-8,3.80744857864e-8,1.67180473909e-8,1.61700697277e-9,1.73983657342e-11],"dvar2":[0.00000116910200632,0.000234549646848,0.0000907203866518,0.0000182027179108,0.00006267347635,0.0000151866015585,0.0000018916331328,0.00000344148065778,0.00000367454208572,0.00000424817881139,0.00000436438904217,0.00000611293808106,0.00000439982932221,0.00000290237790068,0.00000141259158681,0.00000146941306411,8.11067593531e-7,3.78387994715e-7,6.12202597949e-7,2.1338946965e-7,1.30514820285e-7,1.19392382203e-7,6.91871804293e-8,8.38357152588e-8,3.07558636337e-8,3.55201157376e-9,4.42756803443e-11],"max":[0.00758869573474,0.119335100055,0.0685642659664,0.0360172465444,0.0526776053011,0.0296809710562,0.018592081964,0.0189563315362,0.02736700885,0.0239809639752,0.0299887824804,0.0282672848552,0.0284053497016,0.0187119357288,0.0227249842137,0.0219815317541,0.0133362514898,0.00820267852396,0.00742548331618,0.00711725326255,0.00572972930968,0.00495535507798,0.00621038815007,0.00464658485726,0.00342169334181,0.000948412751313,0.000120994591271],"mean":[0.00071063125506,0.00946542713791,0.00453432835639,0.00165783939883,0.00264680245891,0.00131247576792,0.000579399231356,0.000698088493664,0.00132294371724,0.0009416352259,0.00122983928304,0.00142430583946,0.00126495643053,0.000831338693388,0.000576891703531,0.00115938403178,0.00112766039092,0.000751201470848,0.00103254662827,0.00071704830043,0.000471352657769,0.000289947871352,0.000192200153833,0.000199273650651,0.000120102500659,0.0000382949147024,0.00000126805639411],"median":[0.000373609247617,0.00592206418514,0.00280861184001,0.000904239714146,0.00132890825626,0.000627168046776,0.000305860885419,0.000229951168876,0.00038212761865,0.000288021634333,0.000375254952814,0.000537840649486,0.00052744790446,0.0003571905836,0.000313729979098,0.000938737008255,0.000961123791058,0.000660706835333,0.000926684355363,0.000664056977257,0.000424887082772,0.000219779016334,0.000132443208713,0.000128338913782,0.0000716001959518,0.000022796300982,1.25135372286e-7],"min":[1.05019514033e-24,1.47519444606e-24,1.73147395631e-24,4.43096465145e-25,8.05846894891e-24,7.06502722311e-24,4.91380747887e-24,9.92375264741e-24,2.1679828807e-23,1.12774087729e-23,1.05298084485e-23,4.05840221199e-23,3.62628093196e-23,2.906011798e-23,6.40368883866e-23,5.61324200747e-23,7.12677010398e-23,9.96024172412e-23,1.23802631397e-22,1.87082402641e-22,2.44398271846e-22,3.10659583902e-22,3.91609132604e-22,4.97610278326e-22,8.75066413253e-22,1.38457180526e-21,1.87274215748e-21],"var":[8.66960647272e-7,0.000120037606393,0.0000327938541886,0.0000056898825278,0.00001940052789,0.00000513982786288,9.68705876403e-7,0.00000242598889599,0.00000685492568664,0.00000395339930037,0.00000573976240048,0.00000637997800368,0.00000428048633694,0.00000231480157709,0.00000116532305583,0.00000126778650156,7.2395692996e-7,2.8650813988e-7,4.84144777602e-7,2.1672273931e-7,9.87966899402e-8,7.85681919524e-8,7.93892240836e-8,8.72871481761e-8,4.9764075527e-8,3.48953088647e-9,1.67681025315e-11]},"barkbands_crest":{"dmean":2.86462855339,"dmean2":4.81184053421,"dvar":6.36424875259,"dvar2":16.7775173187,"max":26.8135242462,"mean":8.96764945984,"median":8.21720790863,"min":2.35428404808,"var":14.7623806},"barkbands_flatness_db":{"dmean":0.0204398017377,"dmean2":0.0335478484631,"dvar":0.000374405935872,"dvar2":0.000957337440923,"max":0.536862075329,"mean":0.106151230633,"median":0.0935177952051,"min":0.0240330602974,"var":0.00301705556922},"barkbands_kurtosis":{"dmean":1.62636721134,"dmean2":2.74713850021,"dvar":57.4618835449,"dvar2":158.05355835,"max":468.648956299,"mean":0.897378087044,"median":-0.460165500641,"min":-1.8149960041,"var":175.133956909},"barkbands_skewness":{"dmean":0.51574665308,"dmean2":0.84255874157,"dvar":0.288796335459,"dvar2":0.732507526875,"max":18.6903362274,"mean":0.837635993958,"median":0.722098469734,"min":-2.18911504745,"var":1.07787132263},"barkbands_spread":{"dmean":6.86837863922,"dmean2":11.3409500122,"dvar":45.0958023071,"dvar2":116.654022217,"max":89.2173080444,"mean":35.5496330261,"median":35.8894920349,"min":0.130221515894,"var":139.382507324},"dissonance":{"dmean":0.0118345003575,"dmean2":0.019960263744,"dvar":0.000394907838199,"dvar2":0.00105361139867,"max":0.500000119209,"mean":0.479747265577,"median":0.48782992363,"min":0.092884041369,"var":0.00109114218503},"dynamic_complexity":1.71900570393,"erbbands":{"dmean":[0.231309995055,1.4752061367,4.07840967178,4.15522956848,7.59846687317,6.77552652359,6.89873218536,8.83939838409,6.52751159668,6.86201620102,10.7042541504,14.3437633514,14.7292537689,20.0763511658,25.770450592,28.4551563263,30.2735481262,25.3521175385,20.1695194244,16.9008407593,32.1044769287,25.6682949066,16.8941898346,21.5448474884,17.6673316956,12.5442008972,9.52157020569,5.71581888199,4.93644046783,3.57754802704,2.59594345093,1.80800640583,1.60953831673,0.742548286915,0.320739120245,0.115295663476,0.0269155725837,0.00475445017219,0.000123958845506,0.0000149587986016],"dmean2":[0.397237569094,2.45239424706,6.8778796196,7.06079483032,13.197259903,11.7442970276,11.3799514771,15.3633956909,11.0094032288,11.3616199493,17.0732517242,22.2475013733,23.3119068146,31.0677986145,40.0899543762,44.8294563293,47.3908729553,40.4651260376,31.5484714508,27.241809845,53.2396202087,42.5751113892,28.6172065735,36.5169487,30.3946170807,21.0808410645,15.9446697235,9.75832748413,8.31242179871,5.75672483444,4.25801992416,2.95974850655,2.55132818222,1.10696160793,0.486205756664,0.17714831233,0.0419318377972,0.00761185679585,0.000201099508558,0.0000241054021899],"dvar":[0.10911346972,5.04689645767,43.0564613342,34.9690742493,326.750183105,196.038543701,177.731124878,446.819152832,199.725250244,222.165466309,813.835693359,916.836730957,1189.06945801,1770.06884766,3161.26367188,3109.6328125,3298.76416016,2512.43261719,2085.4140625,1098.79699707,1745.77746582,892.963867188,376.960693359,595.044494629,496.204833984,185.634353638,125.401824951,60.3264160156,60.7940216064,43.2553100586,28.9355697632,13.2178792953,12.6273908615,3.54269719124,0.595794677734,0.0688704103231,0.00340169947594,0.000166545141838,1.49681739003e-7,3.61668223148e-10],"dvar2":[0.311367213726,12.8199615479,117.304016113,96.6726074219,905.735107422,552.989196777,448.208129883,1248.67053223,515.161437988,557.542114258,1892.37744141,2114.74804688,2741.17480469,3980.76269531,7498.28564453,7206.85205078,7700.12939453,6031.36669922,4751.54296875,2468.41748047,4470.60205078,2228.88671875,1025.94580078,1660.57580566,1388.6628418,496.921356201,338.186157227,164.742462158,155.154129028,97.413269043,62.8728256226,29.3512458801,27.1305923462,6.70871257782,1.15244209766,0.144380867481,0.00769784953445,0.000400244636694,3.74638290168e-7,8.88647821995e-10],"max":[3.80792236328,28.6445102692,76.3019180298,74.5679702759,194.078201294,146.713256836,166.982589722,281.448669434,241.757675171,377.624633789,546.349243164,544.093566895,623.752868652,970.952880859,1180.93823242,1035.35107422,1321.30053711,960.557800293,920.899475098,975.413879395,1312.05957031,648.555480957,390.885284424,616.620178223,327.729492188,301.793365479,309.405090332,166.039306641,154.088775635,242.993011475,151.430358887,127.492637634,94.5228881836,48.6923599243,21.0342845917,6.1572728157,1.29724884033,0.393022596836,0.0126534355804,0.00034161855001],"mean":[0.310761719942,1.97182011604,5.14291000366,5.50689029694,7.94594335556,8.64181804657,9.25003910065,10.8605575562,8.67915725708,9.77080059052,18.4874095917,32.6401405334,26.6021194458,39.2060546875,53.6873588562,54.8642120361,60.1187324524,46.6678886414,36.7203903198,35.2860336304,71.9392242432,63.2372360229,42.1508140564,55.1392250061,42.3406295776,34.1572265625,26.2812271118,13.8209571838,10.5756826401,7.90916633606,5.31491136551,3.91751098633,3.40789031982,1.68855512142,0.692916810513,0.243163734674,0.0544787831604,0.00680411886424,0.000192676452571,0.000051479870308],"median":[0.166500762105,1.21698760986,3.32045912743,3.69683027267,3.43552350998,4.14667797089,4.93627595901,4.89084434509,4.57949304581,4.91862869263,5.81641244888,9.34946537018,10.4719085693,12.8678379059,18.5622177124,25.1895961761,27.4299354553,23.522441864,17.7415904999,25.4291973114,60.4906616211,54.6024398804,37.0801849365,49.1134223938,37.8789596558,31.8367862701,24.1943645477,12.0649595261,8.16956043243,5.52552270889,3.63150405884,2.63841366768,2.09553766251,1.00218296051,0.404214739799,0.143679052591,0.031191047281,0.00263954652473,0.0000879229264683,0.0000480192829855],"min":[1.22543710366e-22,3.66763043315e-22,2.43435922126e-21,1.11286908597e-20,5.40768032987e-21,4.25067954264e-20,6.13309381639e-20,7.67190566474e-20,5.63362019054e-20,1.71393464358e-19,2.41173270534e-19,3.93590707577e-19,6.57296326298e-19,7.07330103407e-19,9.61664670518e-19,1.74482934832e-18,1.93018997704e-18,1.43439446148e-18,3.5384143763e-18,4.07153641699e-18,4.46729353644e-18,4.79199790922e-18,5.01508231657e-18,6.90914683472e-18,7.4140289293e-18,8.99529220367e-18,1.05026071856e-17,1.06059973176e-17,9.95748854453e-18,1.17326322011e-17,1.03945898054e-17,1.07818972749e-17,9.16137518142e-18,7.72282372377e-18,6.3722458194e-18,3.86076211151e-18,2.53298275239e-18,9.76593419418e-19,2.59662540833e-19,2.47940813173e-20],"var":[0.14605897665,6.02124261856,41.2751159668,35.9539871216,246.568481445,190.611068726,203.523086548,395.80255127,224.372436523,294.999328613,1778.11242676,4631.17675781,2302.13183594,5964.65722656,10015.4316406,7969.13769531,8414.93164062,4848.01904297,3941.08300781,2127.37670898,3656.17333984,2086.49194336,821.129089355,1634.54992676,818.92388916,455.902709961,290.877410889,94.8496780396,92.9563598633,101.14315033,64.6292953491,29.2212543488,30.3755302429,10.0975046158,1.66164529324,0.169780477881,0.00650087604299,0.000202458715648,1.59426662094e-7,6.66025623541e-10]},"erbbands_crest":{"dmean":2.32994151115,"dmean2":3.8138654232,"dvar":5.40230846405,"dvar2":13.6099834442,"max":31.7913570404,"mean":8.44097232819,"median":7.04151153564,"min":2.36216473579,"var":18.9806499481},"erbbands_flatness_db":{"dmean":0.0134820565581,"dmean2":0.0205267332494,"dvar":0.000164524637512,"dvar2":0.00036050286144,"max":0.489905536175,"mean":0.148291006684,"median":0.140732809901,"min":0.0262426994741,"var":0.00228842906654},"erbbands_kurtosis":{"dmean":0.936885118484,"dmean2":1.51139891148,"dvar":6.19499349594,"dvar2":16.5895576477,"max":119.446243286,"mean":0.70332300663,"median":0.338664531708,"min":-1.66763710976,"var":6.86807584763},"erbbands_skewness":{"dmean":0.298297911882,"dmean2":0.46799248457,"dvar":0.0952078476548,"dvar2":0.221002981067,"max":8.19440937042,"mean":-0.309559315443,"median":-0.396722853184,"min":-3.88312864304,"var":0.52734875679},"erbbands_spread":{"dmean":7.23170900345,"dmean2":11.3871431351,"dvar":57.3556060791,"dvar2":135.050842285,"max":165.23626709,"mean":34.4224472046,"median":32.3445053101,"min":0.601894259453,"var":202.357437134},"gfcc":{"cov":[[17295.9257812,-1393.94592285,-1250.82629395,1347.6940918,-898.972229004,684.033691406,-666.212158203,280.737823486,-618.296875,118.987533569,-483.641174316,112.83140564,-150.286224365],[-1393.94592285,1214.43945312,-195.136016846,-236.672058105,212.839935303,-257.349884033,165.918319702,-129.35597229,132.605743408,-83.3956604004,155.371658325,-74.8315124512,62.3805580139],[-1250.82629395,-195.136016846,492.22833252,13.0480012894,20.8461856842,-3.42851090431,-36.0497703552,22.3138141632,49.2837257385,26.2188968658,-2.13011693954,22.0954189301,-20.6955757141],[1347.6940918,-236.672058105,13.0480012894,434.045837402,-9.93718910217,42.1888313293,-96.0125808716,-5.59825515747,-30.6081924438,6.00571155548,-20.9554214478,12.9934186935,8.46880531311],[-898.972229004,212.839935303,20.8461856842,-9.93718910217,251.902648926,-22.3005523682,101.852600098,-38.8340148926,48.2615966797,-8.17304992676,40.2623519897,-11.0859708786,15.6632604599],[684.033691406,-257.349884033,-3.42851090431,42.1888313293,-22.3005523682,225.018829346,31.6907405853,49.851726532,-61.7846908569,14.7977600098,-23.2791690826,24.4754447937,-11.9481143951],[-666.212158203,165.918319702,-36.0497703552,-96.0125808716,101.852600098,31.6907405853,196.512176514,46.7162361145,27.7910079956,-26.3563289642,25.5050373077,-4.43658351898,12.5084953308],[280.737823486,-129.35597229,22.3138141632,-5.59825515747,-38.8340148926,49.851726532,46.7162361145,140.049179077,27.1493721008,17.5737304688,-40.169834137,-5.73839139938,-11.8156614304],[-618.296875,132.605743408,49.2837257385,-30.6081924438,48.2615966797,-61.7846908569,27.7910079956,27.1493721008,122.050056458,29.1461486816,21.4131793976,-30.1994037628,-1.3656899929],[118.987533569,-83.3956604004,26.2188968658,6.00571155548,-8.17304992676,14.7977600098,-26.3563289642,17.5737304688,29.1461486816,79.7812271118,17.0075550079,5.30390501022,-17.6716346741],[-483.641174316,155.371658325,-2.13011693954,-20.9554214478,40.2623519897,-23.2791690826,25.5050373077,-40.169834137,21.4131793976,17.0075550079,109.487289429,29.6787834167,19.7463817596],[112.83140564,-74.8315124512,22.0954189301,12.9934186935,-11.0859708786,24.4754447937,-4.43658351898,-5.73839139938,-30.1994037628,5.30390501022,29.6787834167,73.7082519531,24.4330215454],[-150.286224365,62.3805580139,-20.6955757141,8.46880531311,15.6632604599,-11.9481143951,12.5084953308,-11.8156614304,-1.3656899929,-17.6716346741,19.7463817596,24.4330215454,63.0306358337]],"icov":[[0.000382295285817,-0.000741956697311,0.000885013549123,-0.00112097419333,0.00059433846036,-0.000864781497512,0.000963432190474,-0.000993444002233,0.00100276293233,-0.0011668788502,0.00177529419307,-0.00166010006797,0.00117990118451],[-0.000741956697311,0.00419402541593,-0.00088428100571,0.00294690718874,-0.0017872058088,0.00326913129538,-0.00276780570857,0.00301392073743,-0.00344172725454,0.00471909157932,-0.00662610679865,0.0058946092613,-0.00338868191466],[0.000885013549123,-0.00088428100571,0.00475333724171,-0.00225748028606,0.000550014898181,-0.00180581572931,0.00308885192499,-0.00241508730687,0.000125352205941,-0.00129542546347,0.00351091451012,-0.00514013879001,0.00383678195067],[-0.00112097419333,0.00294690718874,-0.00225748028606,0.0064028124325,-0.00297962035984,0.00216392125003,-0.000619631027803,0.00227560778148,-0.00315671041608,0.00472999410704,-0.00624685827643,0.00558227906004,-0.00443975161761],[0.00059433846036,-0.0017872058088,0.000550014898181,-0.00297962035984,0.00829375721514,-0.00165930669755,-0.00364609854296,0.00280560832471,-0.000421251024818,-0.00365722482093,0.00419831229374,-0.00259650312364,0.00129751872737],[-0.000864781497512,0.00326913129538,-0.00180581572931,0.00216392125003,-0.00165930669755,0.0100674070418,-0.00518885580823,0.000874759396538,0.00191386183724,0.000680706521962,-0.00505375675857,0.00461043231189,-0.00263818260282],[0.000963432190474,-0.00276780570857,0.00308885192499,-0.000619631027803,-0.00364609854296,-0.00518885580823,0.0156313441694,-0.00972205866128,0.00195349589922,0.00274542649277,0.000993394642137,-0.00468300236389,0.00344791915268],[-0.000993444002233,0.00301392073743,-0.00241508730687,0.00227560778148,0.00280560832471,0.000874759396538,-0.00972205866128,0.0179848317057,-0.00884705968201,0.000257568550296,0.00126761081629,0.00278210057877,-0.00327591621317],[0.00100276293233,-0.00344172725454,0.000125352205941,-0.00315671041608,-0.000421251024818,0.00191386183724,0.00195349589922,-0.00884705968201,0.0219316054136,-0.0113701615483,0.00219119898975,0.00311574432999,0.000076935531979],[-0.0011668788502,0.00471909157932,-0.00129542546347,0.00472999410704,-0.00365722482093,0.000680706521962,0.00274542649277,0.000257568550296,-0.0113701615483,0.0268404148519,-0.013330691494,0.00363071449101,0.00207544350997],[0.00177529419307,-0.00662610679865,0.00351091451012,-0.00624685827643,0.00419831229374,-0.00505375675857,0.000993394642137,0.00126761081629,0.00219119898975,-0.013330691494,0.0285165514797,-0.0183083880693,0.00529526453465],[-0.00166010006797,0.0058946092613,-0.00514013879001,0.00558227906004,-0.00259650312364,0.00461043231189,-0.00468300236389,0.00278210057877,0.00311574432999,0.00363071449101,-0.0183083880693,0.0342606604099,-0.0157193150371],[0.00117990118451,-0.00338868191466,0.00383678195067,-0.00443975161761,0.00129751872737,-0.00263818260282,0.00344791915268,-0.00327591621317,0.000076935531979,0.00207544350997,0.00529526453465,-0.0157193150371,0.0267857704312]],"mean":[35.0324478149,77.67603302,-129.879394531,52.9398803711,-44.5109977722,23.5983390808,-32.3315811157,16.7992343903,-27.8324394226,3.42538332939,-13.4556798935,2.44213581085,-9.11423492432]},"hfc":{"dmean":6.71850728989,"dmean2":10.8517255783,"dvar":69.5438156128,"dvar2":174.4324646,"max":137.371765137,"mean":34.4576072693,"median":33.9328575134,"min":1.08824774743e-16,"var":221.429748535},"melbands":{"dmean":[0.00188164610881,0.00194502691738,0.000804781389888,0.000540444918443,0.000231336220168,0.000194416745217,0.0000969225511653,0.0000807723045,0.0000885928384378,0.000093580725661,0.0000782565257396,0.0000847310002428,0.0000836089675431,0.0000825893657748,0.0000812544385553,0.0000741737021599,0.000049834325182,0.0000379471093765,0.0000253989055636,0.0000309519637085,0.00004315708793,0.0000304125314869,0.000022094380256,0.0000144888026625,0.0000200207650778,0.0000168007354659,0.0000110114633571,0.000009192917787,0.0000074187591963,0.00000470841268907,0.00000335318350153,0.00000317013996209,0.00000262278172158,0.00000193419054995,0.00000173785986135,0.00000113668670565,0.0000012421531892,0.00000129434215523,9.01264456843e-7,6.06139792581e-7],"dmean2":[0.00320420903154,0.00324738258496,0.00136314448901,0.000942254206166,0.000384224753361,0.000335325166816,0.000162699492648,0.000132664266857,0.000141042037285,0.000145283789607,0.000123791163787,0.000131911991048,0.000128476007376,0.000130725326017,0.000123534351587,0.000117114963359,0.0000798081746325,0.0000598863261985,0.0000402204459533,0.0000511121361342,0.0000721995747881,0.0000506116921315,0.0000374890660169,0.0000244855928031,0.0000339885227731,0.0000287641159957,0.0000187077730516,0.0000154734170792,0.0000124548314488,0.00000797695702204,0.000005772417353,0.00000541621056982,0.00000425433427154,0.00000312880024467,0.00000288852311314,0.00000184525015356,0.00000206450113183,0.00000208954747904,0.00000139605242566,9.12647465157e-7],"dvar":[0.0000072355037446,0.00000980245840765,0.0000016004266854,0.00000158876707701,1.96081217041e-7,2.15089158928e-7,4.19895300752e-8,3.23686712989e-8,5.5437499924e-8,3.88735656998e-8,3.439166818e-8,3.1484987062e-8,3.26201679002e-8,2.99427611594e-8,2.80176504219e-8,2.34266099852e-8,1.15706653148e-8,7.90104159876e-9,4.06809075315e-9,2.91471979885e-9,2.98703395352e-9,1.28863630877e-9,6.56291576639e-10,2.98090968576e-10,5.16172771192e-10,3.51381729269e-10,1.94988331037e-10,1.0479773993e-10,7.92258758597e-11,3.19936820092e-11,2.21035672404e-11,2.39912395505e-11,1.87921813527e-11,1.39804582841e-11,1.29593965767e-11,5.30501684248e-12,6.60024335533e-12,7.11378005114e-12,5.95784229243e-12,2.21425221908e-12],"dvar2":[0.0000196553573915,0.0000261845161731,0.00000441559905084,0.00000453340726381,5.05306502419e-7,5.97301266225e-7,1.07671738192e-7,8.08943809716e-8,1.26218040464e-7,8.91417286653e-8,7.91362779751e-8,7.17068573408e-8,7.4523676119e-8,7.48350643676e-8,5.87146580244e-8,5.68322313654e-8,2.75376148551e-8,1.79113328613e-8,8.50462722468e-9,6.98130353527e-9,7.73253994168e-9,3.24801074925e-9,1.73562020311e-9,8.06571864853e-10,1.44062317631e-9,9.66442925687e-10,5.26233223663e-10,2.80739098635e-10,2.12040454639e-10,8.58675630599e-11,6.08497141563e-11,6.35245051006e-11,4.43344111423e-11,3.1450106408e-11,2.91603963198e-11,1.16182020601e-11,1.5816863444e-11,1.58234987613e-11,1.28172333858e-11,4.31252299496e-12],"max":[0.0340223610401,0.0386374592781,0.014472162351,0.014042692259,0.00608552154154,0.00600647367537,0.00316893868148,0.0033747900743,0.00452971551567,0.00368727138266,0.00325492676347,0.00358314835466,0.00460173701867,0.00289876479656,0.00379440700635,0.00379254668951,0.00198682234623,0.00167992943898,0.00242101843469,0.00177300698124,0.00143888569437,0.000753278611228,0.000570427218918,0.000458443042589,0.00057033234043,0.000308097834932,0.000317780504702,0.000267804047326,0.000206896700547,0.000144856210682,0.0000877167476574,0.0000886948546395,0.00014183872554,0.000149778381456,0.000104225917312,0.0000614442978986,0.000094393195468,0.0000777248278609,0.0000702889810782,0.0000426370534115],"mean":[0.00269046216272,0.00271420856006,0.00105872540735,0.000619973056018,0.000328031164827,0.000243225935264,0.000129110107082,0.000115107330203,0.000153078915901,0.000210349651752,0.000131348861032,0.000156776222866,0.000161825984833,0.000157159520313,0.000138329909532,0.000134477231768,0.0000805335512268,0.0000615845856373,0.0000428864987043,0.0000592372853134,0.0000894135519047,0.0000678320284351,0.000046643337555,0.0000336064986186,0.0000465741723019,0.0000363633880625,0.0000238194115809,0.0000224372342927,0.000018281132725,0.0000111528352136,0.00000680125185681,0.00000605125978836,0.00000534402306585,0.00000397098074245,0.00000318223601425,0.0000024156111067,0.00000238758138948,0.00000257491456068,0.00000186533929991,0.00000126990153149],"median":[0.00162145216018,0.00185234146193,0.000689686217811,0.000291260308586,0.000186512581422,0.000112873371108,0.00006839731941,0.0000517617881997,0.0000433295099356,0.0000581253261771,0.0000466191813757,0.0000455760236946,0.0000541875342606,0.0000578506624151,0.0000578102335567,0.0000506948163093,0.0000364486950275,0.0000268940475507,0.0000243172380578,0.000044091088057,0.0000748477250454,0.0000572731914872,0.0000398667798436,0.0000292285640171,0.0000404179336329,0.0000321808620356,0.0000203167965083,0.0000205675532925,0.0000164839566423,0.00000988507690636,0.00000561378192288,0.00000458437534689,0.00000376004436475,0.00000267377663477,0.00000206774871003,0.00000167856103417,0.00000153464736741,0.00000153970290739,0.00000104181424376,7.25936786239e-7],"min":[1.84627668663e-24,1.48169258916e-24,2.38884890636e-24,1.45452895275e-24,2.26394698151e-24,1.92694698331e-24,8.52714067903e-25,1.63392824855e-24,1.93412542033e-24,2.7350286817e-24,2.99415469792e-24,2.57479052147e-24,3.07868469379e-24,3.24441056491e-24,3.54457253378e-24,3.59146282042e-24,2.11456512506e-24,4.22176820572e-24,5.20873417234e-24,4.50969730853e-24,4.86045405484e-24,4.39005629706e-24,2.94261644283e-24,4.47425931008e-24,4.91277485995e-24,4.43523002236e-24,5.30139456313e-24,6.20693351826e-24,5.8553291409e-24,4.23575707615e-24,6.27745965534e-24,5.2915775836e-24,4.41149753646e-24,5.42300614914e-24,5.09405470154e-24,5.58613311801e-24,5.47132230186e-24,6.23679229795e-24,6.58420664061e-24,6.01413236315e-24],"var":[0.00000976600949798,0.0000100992565422,0.00000150798121012,0.00000124240591504,2.25543516308e-7,1.90102326769e-7,4.79791850694e-8,4.57746907045e-8,1.40789751413e-7,2.04045136343e-7,6.57179342056e-8,9.82059731314e-8,8.97422296475e-8,8.24037442726e-8,6.74707365533e-8,5.99633978027e-8,2.089126383e-8,1.42078642185e-8,7.60679874645e-9,6.01486593865e-9,5.65370728012e-9,2.72681965896e-9,1.29657384829e-9,6.23407159228e-10,1.33500488442e-9,6.35110131153e-10,3.57192053713e-10,2.31518262894e-10,1.67245425842e-10,6.26647553292e-11,2.90374738143e-11,3.18438435343e-11,3.79692700891e-11,3.18761649021e-11,2.63394583921e-11,1.22686374948e-11,1.19555060296e-11,1.61068623716e-11,1.39991768178e-11,5.95059028094e-12]},"melbands_crest":{"dmean":3.85866904259,"dmean2":6.51051330566,"dvar":10.3069953918,"dvar2":28.0690822601,"max":32.4971618652,"mean":14.1112966537,"median":13.5124778748,"min":1.64015293121,"var":25.1059055328},"melbands_flatness_db":{"dmean":0.0280342288315,"dmean2":0.0461250431836,"dvar":0.000695948838256,"dvar2":0.00178480648901,"max":0.68156260252,"mean":0.15860119462,"median":0.144729524851,"min":0.00329935457557,"var":0.00497797317803},"melbands_kurtosis":{"dmean":5.37802267075,"dmean2":8.90047359467,"dvar":168.994918823,"dvar2":304.15737915,"max":1191.22607422,"mean":8.27788257599,"median":3.3820271492,"min":-1.86530828476,"var":1886.56665039},"melbands_skewness":{"dmean":0.786628723145,"dmean2":1.27645540237,"dvar":0.668850421906,"dvar2":1.67062675953,"max":26.3494529724,"mean":2.16890048981,"median":1.91992223263,"min":-2.05652952194,"var":2.59109926224},"melbands_spread":{"dmean":10.9362878799,"dmean2":18.0292263031,"dvar":109.435707092,"dvar2":280.679260254,"max":166.12663269,"mean":38.8364295959,"median":38.0059394836,"min":0.355078160763,"var":344.632629395},"mfcc":{"cov":[[7777.47949219,-673.644470215,-327.128479004,400.013031006,18.2776889801,154.78956604,85.8402938843,56.5895996094,14.6666736603,8.94918346405,-113.22858429,-97.4834365845,-188.553497314],[-673.644470215,747.914733887,-134.167861938,15.5139331818,11.8409194946,-19.0599403381,23.9669723511,-4.3154296875,1.16859579086,-18.2509346008,16.4123744965,17.4913978577,20.0720748901],[-327.128479004,-134.167861938,377.294036865,-13.4229154587,23.0591888428,-19.0923042297,-66.6594696045,-8.63369750977,-24.136384964,8.568318367,12.7912025452,9.15437316895,17.7093505859],[400.013031006,15.5139331818,-13.4229154587,290.212249756,86.5498962402,6.9171962738,-31.5154247284,-19.3297691345,-13.1320543289,7.79419898987,-30.4543857574,18.3788871765,-6.88430643082],[18.2776889801,11.8409194946,23.0591888428,86.5498962402,146.711334229,42.9769248962,-11.5167484283,-16.1101589203,-10.8493700027,10.8709497452,-2.85702490807,2.57962155342,5.82326030731],[154.78956604,-19.0599403381,-19.0923042297,6.9171962738,42.9769248962,118.361091614,55.2490921021,13.8240776062,-18.293970108,-12.8587093353,1.69719398022,-0.146824866533,6.16577911377],[85.8402938843,23.9669723511,-66.6594696045,-31.5154247284,-11.5167484283,55.2490921021,137.737686157,73.9433135986,19.892698288,-13.6180830002,1.71732211113,9.86078548431,8.3036813736],[56.5895996094,-4.3154296875,-8.63369750977,-19.3297691345,-16.1101589203,13.8240776062,73.9433135986,104.376937866,49.5018424988,7.1763625145,-1.37603485584,0.571100831032,3.18914532661],[14.6666736603,1.16859579086,-24.136384964,-13.1320543289,-10.8493700027,-18.293970108,19.892698288,49.5018424988,102.532485962,50.7979621887,16.4556369781,-7.56738471985,-10.6827354431],[8.94918346405,-18.2509346008,8.568318367,7.79419898987,10.8709497452,-12.8587093353,-13.6180830002,7.1763625145,50.7979621887,86.7139129639,39.0636711121,11.588757515,-13.7176961899],[-113.22858429,16.4123744965,12.7912025452,-30.4543857574,-2.85702490807,1.69719398022,1.71732211113,-1.37603485584,16.4556369781,39.0636711121,72.4639053345,26.230463028,6.41335439682],[-97.4834365845,17.4913978577,9.15437316895,18.3788871765,2.57962155342,-0.146824866533,9.86078548431,0.571100831032,-7.56738471985,11.588757515,26.230463028,66.2626647949,29.9858703613],[-188.553497314,20.0720748901,17.7093505859,-6.88430643082,5.82326030731,6.16577911377,8.3036813736,3.18914532661,-10.6827354431,-13.7176961899,6.41335439682,29.9858703613,61.1751976013]],"icov":[[0.000181908399099,0.000178679300006,0.000168627913808,-0.000290828407742,0.000144565521623,-0.000211432954529,-0.0000132547811518,-0.000109484441055,0.0000553184727323,-0.00000695937660566,0.0000227130894928,0.0000944387720665,0.00039498982369],[0.000178679300006,0.00170325220097,0.000752398744226,-0.000367921835277,-0.000306300615193,0.000510483980179,-0.000272466772003,0.00000494684900332,-0.0000444165889348,0.000753439147957,-0.000831431301776,0.0000761582268751,-0.0000418828203692],[0.000168627913808,0.000752398744226,0.00369229284115,0.000223585317144,-0.000737541005947,0.0000939145975281,0.00260270363651,-0.00244308868423,0.0016509705456,-0.000226036543609,-0.000785304233432,-0.000054298525356,-0.000589449889958],[-0.000290828407742,-0.000367921835277,0.000223585317144,0.00559239275753,-0.00313724088483,0.000332117633661,0.00149070157204,-0.000357671116944,0.000110483721073,-0.000776960107032,0.00341234938242,-0.00375269423239,0.00119717407506],[0.000144565521623,-0.000306300615193,-0.000737541005947,-0.00313724088483,0.0105839874595,-0.00465873023495,0.00071170256706,0.00118650926743,0.000108418855234,-0.00253000389785,0.000487302138936,0.00178812583908,-0.00176580727566],[-0.000211432954529,0.000510483980179,0.0000939145975281,0.000332117633661,-0.00465873023495,0.014316120185,-0.00703179556876,0.000922970473766,0.00345460837707,0.0000787919198046,-0.00230488437228,0.00258509838022,-0.00130662869196],[-0.0000132547811518,-0.000272466772003,0.00260270363651,0.00149070157204,0.00071170256706,-0.00703179556876,0.0188880320638,-0.012117757462,0.0000195687662199,0.00343717355281,-0.000672460708302,-0.00431497907266,0.0011314622825],[-0.000109484441055,0.00000494684900332,-0.00244308868423,-0.000357671116944,0.00118650926743,0.000922970473766,-0.012117757462,0.0227517783642,-0.0099533861503,0.000880889827386,0.00273778522387,0.0000348698085872,-0.00126401369926],[0.0000553184727323,-0.0000444165889348,0.0016509705456,0.000110483721073,0.000108418855234,0.00345460837707,0.0000195687662199,-0.0099533861503,0.0221660584211,-0.0126638971269,-0.000523775350302,0.00570345949382,-0.00183237309102],[-0.00000695937660566,0.000753439147957,-0.000226036543609,-0.000776960107032,-0.00253000389785,0.0000787919198046,0.00343717355281,0.000880889827386,-0.0126638971269,0.0266932006925,-0.0108223734424,-0.00536718824878,0.00696928054094],[0.0000227130894928,-0.000831431301776,-0.000785304233432,0.00341234938242,0.000487302138936,-0.00230488437228,-0.000672460708302,0.00273778522387,-0.000523775350302,-0.0108223734424,0.0247854869813,-0.00859491527081,0.000184895427083],[0.0000944387720665,0.0000761582268751,-0.000054298525356,-0.00375269423239,0.00178812583908,0.00258509838022,-0.00431497907266,0.0000348698085872,0.00570345949382,-0.00536718824878,-0.00859491527081,0.027640465647,-0.0128422304988],[0.00039498982369,-0.0000418828203692,-0.000589449889958,0.00119717407506,-0.00176580727566,-0.00130662869196,0.0011314622825,-0.00126401369926,-0.00183237309102,0.00696928054094,0.000184895427083,-0.0128422304988,0.0256133247167]],"mean":[-592.78314209,94.6724319458,-13.2355356216,33.4174919128,12.7604255676,10.1995763779,12.1486358643,9.81144714355,2.76003360748,0.417612850666,-1.60180306435,4.83907461166,2.18208122253]},"pitch_salience":{"dmean":0.0775469616055,"dmean2":0.127982616425,"dvar":0.0047899489291,"dvar2":0.0126386173069,"max":0.919925808907,"mean":0.555157124996,"median":0.553649067879,"min":0.0392641797662,"var":0.0123070776463},"silence_rate_20dB":{"dmean":0,"dmean2":0,"dvar":0,"dvar2":0,"max":1,"mean":1,"median":1,"min":1,"var":0},"silence_rate_30dB":{"dmean":0.000562957429793,"dmean2":0.00112602044828,"dvar":0.000562758184969,"dvar2":0.00149980408605,"max":1,"mean":0.999624729156,"median":1,"min":0,"var":0.000375217437977},"silence_rate_60dB":{"dmean":0.00225182971917,"dmean2":0.00450408179313,"dvar":0.00224738824181,"dvar2":0.00598398270085,"max":1,"mean":0.0386527813971,"median":0,"min":0,"var":0.0371601507068},"spectral_centroid":{"dmean":251.926574707,"dmean2":411.886138916,"dvar":70988.2421875,"dvar2":171758.78125,"max":11650.4882812,"mean":2157.10668945,"median":2172.83447266,"min":128.216201782,"var":778896.5},"spectral_complexity":{"dmean":4.38844060898,"dmean2":7.01961135864,"dvar":14.9123048782,"dvar2":34.5863647461,"max":59,"mean":37.3151321411,"median":40,"min":0,"var":111.341796875},"spectral_contrast_coeffs":{"dmean":[0.0552368834615,0.0495869070292,0.0394256711006,0.0317826867104,0.0198468584567,0.0193986650556],"dmean2":[0.0926841944456,0.0819306448102,0.0637478530407,0.0519884079695,0.033315654844,0.0316320806742],"dvar":[0.00204221787862,0.0016159680672,0.00106217549182,0.000660650781356,0.000253150181379,0.000256501749391],"dvar2":[0.00565816415474,0.00427700392902,0.00256562139839,0.00163541710936,0.000672352325637,0.000654959701933],"max":[-0.377984523773,-0.472567349672,-0.495420753956,-0.583525717258,-0.582486748695,-0.550928354263],"mean":[-0.689702808857,-0.760218977928,-0.76280605793,-0.777008771896,-0.79707545042,-0.735820353031],"median":[-0.694860816002,-0.767460584641,-0.774980425835,-0.783204138279,-0.798826932907,-0.733805060387],"min":[-0.975823223591,-0.984586834908,-0.977213382721,-0.969085872173,-0.968483924866,-0.96469938755],"var":[0.00513971084729,0.0044249817729,0.00565514480695,0.00245609856211,0.000882998632733,0.00172732793726]},"spectral_contrast_valleys":{"dmean":[0.383282870054,0.360399633646,0.301129490137,0.256704121828,0.188232779503,0.255572557449],"dmean2":[0.639533698559,0.591034531593,0.487168461084,0.40471380949,0.30209082365,0.389073103666],"dvar":[0.106426402926,0.103954836726,0.0815925300121,0.0737581029534,0.0472678653896,0.0894173756242],"dvar2":[0.260901451111,0.242043912411,0.173327088356,0.138540178537,0.0960291400552,0.180576890707],"max":[-5.10266637802,-4.83253145218,-5.49721431732,-5.52346038818,-5.48289775848,-7.46346616745],"mean":[-6.85486650467,-6.87166213989,-7.13716697693,-7.16539478302,-6.64948701859,-9.78647899628],"median":[-6.58340549469,-6.65364599228,-6.88409900665,-6.88009738922,-6.26379442215,-9.39104366302],"min":[-28.0814208984,-28.0775604248,-27.7306098938,-27.8381595612,-27.4671516418,-27.4690628052],"var":[3.50899839401,3.43342471123,3.45394802094,3.62004971504,4.19865131378,3.77035570145]},"spectral_decrease":{"dmean":3.04745229052e-9,"dmean2":5.03835773102e-9,"dvar":1.52062861937e-17,"dvar2":3.98721867115e-17,"max":4.21897211033e-21,"mean":-8.52405523943e-9,"median":-7.73290764755e-9,"min":-4.31408366808e-8,"var":2.13920619284e-17},"spectral_energy":{"dmean":0.0117480810732,"dmean2":0.019377976656,"dvar":0.000222910181037,"dvar2":0.000582135398872,"max":0.168586716056,"mean":0.0352971144021,"median":0.0325805619359,"min":1.00206993928e-20,"var":0.000325434608385},"spectral_energyband_high":{"dmean":0.000512135506142,"dmean2":0.000833477883134,"dvar":5.75292176563e-7,"dvar2":0.00000133743799324,"max":0.0200848504901,"mean":0.00170465302654,"median":0.00152127596084,"min":6.96940782768e-21,"var":0.00000146757315633},"spectral_energyband_low":{"dmean":0.00933730881661,"dmean2":0.0155474189669,"dvar":0.000173411084688,"dvar2":0.000456186535303,"max":0.147472605109,"mean":0.0155036486685,"median":0.0113558322191,"min":2.09921645564e-23,"var":0.00022677546076},"spectral_energyband_middle_high":{"dmean":0.00248986459337,"dmean2":0.00396177638322,"dvar":0.00000731570935386,"dvar2":0.0000181114719453,"max":0.0374145805836,"mean":0.0106175290421,"median":0.00901059620082,"min":1.26387512751e-21,"var":0.000037480458559},"spectral_energyband_middle_low":{"dmean":0.00431707967073,"dmean2":0.00718135479838,"dvar":0.000069672409154,"dvar2":0.000187642654055,"max":0.0892489552498,"mean":0.0083759073168,"median":0.00593912228942,"min":1.87562131046e-22,"var":0.0000719145027688},"spectral_entropy":{"dmean":0.0960091874003,"dmean2":0.149832129478,"dvar":0.0160075947642,"dvar2":0.0333416312933,"max":9.8236207962,"mean":7.87459850311,"median":7.93935680389,"min":3.82185530663,"var":0.221265956759},"spectral_flux":{"dmean":0.0260811764747,"dmean2":0.0418136678636,"dvar":0.000764096796047,"dvar2":0.00171120639425,"max":0.351268947124,"mean":0.1103355214,"median":0.105817817152,"min":6.27390292496e-11,"var":0.00180301326327},"spectral_kurtosis":{"dmean":1.49371409416,"dmean2":2.50563764572,"dvar":16.0253753662,"dvar2":42.6016540527,"max":134.721572876,"mean":4.85149383545,"median":3.32185029984,"min":-1.24887442589,"var":87.8092193604},"spectral_rms":{"dmean":0.000898913829587,"dmean2":0.00146022741683,"dvar":9.35253240186e-7,"dvar2":0.00000241496286435,"max":0.0128247747198,"mean":0.00564676756039,"median":0.0056378999725,"min":3.1267063591e-12,"var":0.00000255039344665},"spectral_rolloff":{"dmean":634.024414062,"dmean2":1078.98706055,"dvar":581647.0625,"dvar2":1379476.875,"max":19724.4140625,"mean":2258.80712891,"median":2260.98632812,"min":64.599609375,"var":3060690.25},"spectral_skewness":{"dmean":0.167288631201,"dmean2":0.278376549482,"dvar":0.0589591376483,"dvar2":0.165456607938,"max":9.3349981308,"mean":1.30905044079,"median":1.20959162712,"min":-0.0716006159782,"var":0.549663603306},"spectral_spread":{"dmean":362616.625,"dmean2":543625.8125,"dvar":337128914944,"dvar2":679175782400,"max":42849860,"mean":4315385,"median":4052659.5,"min":658886.1875,"var":10045677895700},"spectral_strongpeak":{"dmean":0.704119980335,"dmean2":1.2471306324,"dvar":1.42425918579,"dvar2":3.67143702507,"max":11.5593271255,"mean":0.946521759033,"median":0.304662376642,"min":0,"var":1.95805191994},"zerocrossingrate":{"dmean":0.00930524431169,"dmean2":0.0119845857844,"dvar":0.00011168049241,"dvar2":0.000165911071235,"max":0.52197265625,"mean":0.0795157700777,"median":0.07666015625,"min":0.00439453125,"var":0.00180863565765}},"metadata":{"audio_properties":{"analysis_sample_rate":44100,"bit_rate":256027,"codec":"mp3","downmix":"mix","equal_loudness":0,"length":247.457962036,"lossless":false,"md5_encoded":"a66ddbb95307f19d8b3289018d7a741a","replay_gain":-14.5651893616,"sample_rate":44100},"tags":{"album":["Fortress"],"artist":["Alter Bridge"],"date":["2013"],"file_name":"1975494.mp3","genre":["Rock"],"label":["Roadrunner Records (Warner)"],"musicbrainz_recordingid":["4f237edb-b7e0-4f74-af89-5dc0c892ca51"],"title":["Cry A River"],"tracknumber":["10"]},"version":{"essentia":"2.1-beta2","essentia_build_sha":"70f2e5ece6736b2c40cc944ad0e695b16b925413","essentia_git_sha":"v2.1_beta2","extractor":"music 1.0"}},"rhythm":{"beats_count":327,"beats_loudness":{"dmean":0.0191411599517,"dmean2":0.0361414700747,"dvar":0.0002443465346,"dvar2":0.000801851216238,"max":0.111417628825,"mean":0.0452328324318,"median":0.0447653196752,"min":0,"var":0.000319868617225},"beats_loudness_band_ratio":{"dmean":[0.286251395941,0.188797712326,0.0645425915718,0.0844473987818,0.0507169738412,0.0486914739013],"dmean2":[0.549487709999,0.363862335682,0.110824711621,0.144993707538,0.0920118242502,0.0927080214024],"dvar":[0.0316316820681,0.0188183542341,0.00534619530663,0.00883306656033,0.00196962314658,0.0018086299533],"dvar2":[0.11013840884,0.0639734566212,0.0124540738761,0.0251415483654,0.00547744333744,0.00592183694243],"max":[0.991774380207,0.683089315891,0.989044547081,0.574700951576,0.383114814758,0.25135320425],"mean":[0.527605235577,0.147328421474,0.0844351872802,0.114856287837,0.0903440862894,0.0744336396456],"median":[0.532419800758,0.0841171815991,0.049022257328,0.0777904763818,0.0776582658291,0.0678891912103],"min":[0,0,0,0,0,0],"var":[0.0489409975708,0.0210736934096,0.0138931097463,0.0109248179942,0.00303112715483,0.00197672727518]},"beats_position":[0.754648506641,1.53251695633,2.31038546562,3.09986400604,3.88934230804,4.66721057892