{"lowlevel":{"average_loudness":0.806519448757,"barkbands":{"dmean":[0.00071239011595,0.00556381000206,0.00519435154274,0.00167777400929,0.00239448109642,0.000772093015257,0.00048145299661,0.000421992182964,0.000504836207256,0.000422847893788,0.000271170341875,0.000312209012918,0.00030285428511,0.00036174186971,0.000249970355071,0.000321962201269,0.000490662932862,0.000504106807057,0.000322668231092,0.000215483130887,0.000218541856157,0.000186055636732,0.000186832272448,0.000236801075516,0.000311440177029,0.000146828824654,0.0000142405724546],"dmean2":[0.00117301684804,0.00903136562556,0.00920789595693,0.00286197033711,0.00397554319352,0.0012583915377,0.000782251940109,0.000694104877766,0.000810211757198,0.000690131448209,0.000433196953963,0.000497342727613,0.000488528225105,0.000593295495491,0.000412798428442,0.00051527301548,0.000773310719524,0.000810792495031,0.000520241737831,0.000345958862454,0.000341737322742,0.000291841715807,0.000286469876301,0.000376885873266,0.000502485025208,0.000239020097069,0.0000238221946347],"dvar":[0.00000418254103352,0.000128686384414,0.000194894746528,0.00000776461638452,0.0000195003794943,0.00000222203175326,9.38515825055e-7,6.46713033348e-7,9.4737845302e-7,6.50931724522e-7,2.71551840569e-7,4.54633067193e-7,3.1122780797e-7,5.84912527302e-7,1.74277843712e-7,3.88883535152e-7,7.05018919689e-7,5.65306606859e-7,1.89414137708e-7,1.25294135955e-7,9.73001306193e-8,6.91014960807e-8,8.0492810639e-8,1.74375657025e-7,4.10677216678e-7,8.87233184699e-8,1.05701947195e-9],"dvar2":[0.00000985373844742,0.000339468359016,0.000554603291675,0.0000212746017496,0.0000501881877426,0.00000534221499038,0.0000023576408239,0.0000016347548808,0.00000229967872656,0.00000161294838108,6.43285829938e-7,0.0000011151439594,7.3763897035e-7,0.00000145272781538,4.7181143259e-7,9.5339072459e-7,0.00000175685261183,0.0000013964105392,4.70617266046e-7,3.07080739503e-7,2.31593872968e-7,1.6362825761e-7,1.81927092058e-7,4.41360697323e-7,0.00000104529181044,2.26218176635e-7,2.76073253147e-9],"max":[0.0227167159319,0.122983172536,0.111328035593,0.0364242121577,0.0878783091903,0.0284220464528,0.0189448539168,0.01666816324,0.023073785007,0.0167951826006,0.0112123955041,0.0202840305865,0.0293150655925,0.022308466956,0.0173934269696,0.0172521285713,0.0174175724387,0.00993516389281,0.00696947425604,0.00879765953869,0.00470101227984,0.00556229427457,0.00534204440191,0.00659432541579,0.00907522719353,0.00352297583595,0.000624544161838],"mean":[0.000737329595722,0.00847170967609,0.00547467730939,0.00229215528816,0.00317017477937,0.0010331699159,0.000627233181149,0.000544379989151,0.00076158309821,0.000620994367637,0.000406765320804,0.000502146955114,0.000497779459693,0.000579667685088,0.000430245796451,0.000549452379346,0.000896357756574,0.00093592889607,0.000618462916464,0.000421766104409,0.000499597401358,0.00042505984311,0.000441772834165,0.000426818005508,0.000362292979844,0.00016689558106,0.0000144271443787],"median":[0.0000339261241606,0.00160619942471,0.00193887355272,0.00116395787336,0.00144985795487,0.000415814225562,0.000269530399237,0.000217987137148,0.000333424512064,0.000237695407122,0.000173478503712,0.000215275707887,0.000247209274676,0.000313167576678,0.000251014804235,0.000308560905978,0.000462558760773,0.000581116590183,0.000448403297924,0.000281960557913,0.000306548521621,0.00028065344668,0.000248199474299,0.000234359962633,0.000148249411723,0.0000573982906644,0.00000259562511928],"min":[3.88406316308e-24,1.56650562832e-23,3.43748072159e-24,1.33244633789e-23,5.32155974113e-23,3.72061323455e-23,4.72769736308e-23,1.43602424806e-23,5.25287646202e-23,6.97584712886e-23,8.24509718855e-23,1.82241939505e-22,5.42489294665e-23,6.64083620399e-23,1.40096559705e-22,1.89667897413e-22,1.40104246366e-22,2.54005764634e-22,3.91664542194e-22,2.56680217673e-22,2.88784761301e-22,8.252974438e-22,6.88727571969e-22,9.74954328722e-22,1.0865908948e-21,1.68603289236e-21,2.14245958272e-21],"var":[0.00000453955681223,0.000233989965636,0.000139843425131,0.00000993153935269,0.0000252213922067,0.00000321535640069,0.00000124176960981,9.08672291189e-7,0.00000167565838183,0.00000123831262044,5.40446421837e-7,9.66899619925e-7,6.10685958691e-7,8.14563520635e-7,3.41934452308e-7,5.96312986545e-7,0.00000150010032485,0.0000011921430314,3.83824300343e-7,2.6368073236e-7,3.14421384928e-7,2.12759886153e-7,2.75525025017e-7,2.95756251489e-7,3.9951959252e-7,8.39495513105e-8,9.89568760268e-10]},"barkbands_crest":{"dmean":2.6935031414,"dmean2":4.41900205612,"dvar":7.14641237259,"dvar2":17.9088363647,"max":25.0972957611,"mean":9.00560760498,"median":7.91864490509,"min":2.05939602852,"var":20.4340991974},"barkbands_flatness_db":{"dmean":0.0222885813564,"dmean2":0.0341105759144,"dvar":0.000535666011274,"dvar2":0.00113500200678,"max":0.477206707001,"mean":0.102325603366,"median":0.0905836597085,"min":0.0142146330327,"var":0.00263934349641},"barkbands_kurtosis":{"dmean":2.41458749771,"dmean2":3.81850600243,"dvar":26.2450294495,"dvar2":56.7105827332,"max":167.694732666,"mean":2.18292856216,"median":-0.208494663239,"min":-1.9880079031,"var":55.3443756104},"barkbands_skewness":{"dmean":0.595554590225,"dmean2":0.911519289017,"dvar":0.472831010818,"dvar2":0.953109323978,"max":11.6703615189,"mean":1.16914391518,"median":0.895477771759,"min":-3.49193453789,"var":1.74641060829},"barkbands_spread":{"dmean":9.12402915955,"dmean2":14.2191400528,"dvar":100.789703369,"dvar2":221.310119629,"max":166.336181641,"mean":38.60912323,"median":35.2051391602,"min":0.456671595573,"var":516.228637695},"dissonance":{"dmean":0.00912831537426,"dmean2":0.0155757982284,"dvar":0.0000908105575945,"dvar2":0.000240431283601,"max":0.500000119209,"mean":0.484865576029,"median":0.488014996052,"min":0.312030225992,"var":0.000168380298419},"dynamic_complexity":3.04233241081,"erbbands":{"dmean":[0.206806153059,1.20342898369,5.28230476379,5.49496412277,7.70117235184,7.5102481842,8.56306743622,5.52083873749,6.21625471115,7.78784418106,9.4363527298,11.44947052,12.3915672302,11.9099693298,9.86027050018,13.0167093277,14.0192060471,16.9751682281,13.3048295975,14.1503982544,18.5954685211,26.6804180145,27.0653572083,19.9272422791,13.343038559,10.5990915298,8.1102848053,9.54209041595,6.60134267807,7.48418855667,5.01273393631,5.24636363983,3.58113908768,3.00005674362,2.40467262268,0.949153602123,0.234078034759,0.04427754879,0.00219178688712,0.0000723792545614],"dmean2":[0.356905162334,2.01818609238,9.26480579376,9.51406002045,13.1175527573,12.5367460251,13.9069013596,9.16170501709,10.1428871155,12.8620176315,15.2206964493,18.238609314,19.8180427551,19.06782341,15.7100563049,20.5933933258,22.2815608978,27.354133606,21.7486171722,22.9998760223,29.3525753021,41.3576698303,42.6219367981,32.0917892456,21.4591026306,17.0469322205,13.098654747,14.8927621841,10.3463335037,11.7453174591,7.68698740005,8.29321193695,5.70950937271,4.7467250824,3.97762584686,1.56320285797,0.385027140379,0.0729529559612,0.00365472491831,0.000115655333502],"dvar":[0.258929908276,5.82266521454,190.792984009,125.109336853,224.604446411,204.902420044,294.594726563,128.364456177,175.481491089,263.598571777,297.023620605,476.45123291,622.686706543,596.164001465,282.038635254,783.132873535,684.404296875,1713.9197998,425.870666504,581.76751709,1499.23596191,2086.78442383,1706.73144531,823.937133789,400.282897949,344.641387939,140.272842407,219.281082153,89.0217819214,142.836685181,56.1349182129,70.2124023438,43.2450637817,36.6264877319,26.6519432068,3.81327772141,0.240396007895,0.00926808826625,0.0000253002344834,2.27223093674e-8],"dvar2":[0.70696824789,15.6184539795,534.917358398,349.136230469,591.332824707,529.885498047,707.462768555,333.141540527,439.920440674,684.831970215,730.945861816,1172.67358398,1478.8046875,1384.23132324,669.771484375,2005.69812012,1624.34338379,4205.67333984,1070.68933105,1494.76379395,3700.52124023,5058.14599609,4102.40820313,2035.00671387,1007.95776367,821.544128418,356.800415039,519.874572754,207.558135986,346.593994141,125.476013184,173.564880371,109.408988953,88.3870010376,70.6459197998,9.901263237,0.619403123856,0.0241108760238,0.000065804735641,5.92996727278e-8],"max":[5.67614889145,30.8577079773,107.52481842,105.465522766,276.972595215,255.512557983,283.409179688,239.60118103,258.258148193,425.67678833,321.555664063,441.814544678,657.927185059,659.011047363,280.382568359,1003.57904053,1399.5847168,1316.24743652,465.886383057,737.363037109,1177.18273926,876.252075195,637.708007813,519.829711914,403.375427246,604.563781738,250.721130371,243.652175903,181.413406372,183.333938599,108.538009644,140.561233521,95.5480270386,105.49105072,75.1220703125,24.8786640167,5.81093454361,1.22457528114,0.0842637196183,0.00319548719563],"mean":[0.240121155977,1.91637837887,6.04867506027,7.32422065735,9.76504039764,9.53773784637,11.0222797394,7.29226589203,8.35465335846,9.81426429749,13.866191864,17.5000724792,19.3216152191,18.613286972,16.5677547455,22.1085128784,24.5209960938,27.6981544495,24.9974632263,25.6975078583,33.8677597046,51.0185050964,52.6737060547,40.09009552,25.4359645844,21.1126785278,17.2264461517,21.3914661407,15.4910936356,15.603729248,11.849442482,10.2289104462,6.00241327286,3.97768115997,2.54059290886,1.0383245945,0.259060144424,0.0456220805645,0.00230709626339,0.000109789216367],"median":[0.0212251804769,0.47559005022,2.49339652061,3.91885232925,5.13847017288,3.90710663795,3.36201786995,3.1537129879,3.55837416649,4.48524951935,6.33960199356,7.82390260696,7.81136703491,7.29900979996,8.38024711609,10.5236873627,12.7249908447,14.9086036682,15.1353874207,15.238193512,19.4581336975,26.6225013733,31.09283638,29.0462284088,18.4055194855,13.9725656509,12.219622612,11.6486005783,10.0036220551,9.27480697632,6.68647146225,5.78131580353,3.26433324814,1.88606333733,0.915660619736,0.366502135992,0.0800222083926,0.0111033627763,0.000470756494906,0.0000638697456452],"min":[1.01488921929e-21,1.28124622329e-21,2.96607318083e-21,3.39824310265e-20,1.31662570745e-19,1.44177037931e-19,1.58673946852e-19,4.9736700362e-19,8.42284620346e-19,3.07671173008e-19,4.96317466519e-19,1.05620293593e-18,2.22865287207e-18,2.83231811617e-18,4.90460407396e-18,4.9095216627e-18,2.83839313738e-18,4.21565899025e-18,2.91325960026e-18,1.0396122571e-17,1.18011343364e-17,7.81497247119e-18,1.58266633813e-17,2.4196900691e-17,1.3694630995e-17,9.31809033874e-18,1.2396285824e-17,1.19030917915e-17,2.44552722097e-17,2.59639834725e-17,2.14798274457e-17,1.86225867913e-17,1.63101405232e-17,1.00825094495e-17,8.94728925837e-18,7.25411175584e-18,2.98771309322e-18,1.0778700015e-18,3.07342368714e-19,3.27422061762e-20],"var":[0.296103715897,11.445807457,149.181594849,120.53818512,235.041564941,269.547576904,422.591339111,160.474868774,242.260864258,286.358551025,506.058197021,819.448913574,1255.55773926,1271.36230469,603.723022461,1678.85461426,1395.18701172,2166.89868164,977.503540039,1185.35522461,2248.59887695,4784.3984375,3952.75708008,1660.04296875,711.772094727,742.636962891,315.27432251,693.051086426,290.379180908,357.016235352,194.439056396,158.274993896,62.3941307068,41.6088066101,22.7454013824,3.47445607185,0.219694197178,0.00826142076403,0.0000247854059126,2.39703794591e-8]},"erbbands_crest":{"dmean":2.04042291641,"dmean2":3.3521437645,"dvar":4.40805768967,"dvar2":11.0322446823,"max":31.6409702301,"mean":6.74133253098,"median":5.94388246536,"min":2.22800779343,"var":10.2869119644},"erbbands_flatness_db":{"dmean":0.0158879105002,"dmean2":0.0233469065279,"dvar":0.000235402723774,"dvar2":0.000472080602776,"max":0.373344033957,"mean":0.128498196602,"median":0.113491639495,"min":0.0325320214033,"var":0.0024298268836},"erbbands_kurtosis":{"dmean":0.742718756199,"dmean2":1.18021082878,"dvar":1.08949565887,"dvar2":2.53471779823,"max":27.7551364899,"mean":0.0909039527178,"median":-0.230403333902,"min":-1.83496105671,"var":2.41129183769},"erbbands_skewness":{"dmean":0.311276733875,"dmean2":0.478637933731,"dvar":0.0813050419092,"dvar2":0.191915810108,"max":3.9766368866,"mean":-0.399419009686,"median":-0.411990910769,"min":-2.90729761124,"var":0.385115593672},"erbbands_spread":{"dmean":10.4789552689,"dmean2":16.0865631104,"dvar":121.313232422,"dvar2":269.878753662,"max":160.508102417,"mean":49.7686576843,"median":44.4405860901,"min":2.64642882347,"var":605.424743652},"gfcc":{"cov":[[23095.6132813,-1204.04052734,263.961914063,1345.65820313,-1019.37481689,747.600158691,-920.836669922,602.609375,-524.857299805,602.796936035,-356.022949219,622.70123291,-280.04876709],[-1204.04052734,1819.29846191,-634.665161133,-147.209320068,305.604125977,-161.282028198,199.742950439,-18.4785232544,107.562553406,-166.605529785,66.2936019897,-145.656036377,59.9485015869],[263.961914063,-634.665161133,1605.58166504,647.11920166,286.328460693,250.228134155,165.185668945,71.8720932007,-24.1340408325,241.237915039,-12.4665222168,107.129226685,-26.9415912628],[1345.65820313,-147.209320068,647.11920166,655.734924316,124.297294617,189.02532959,82.2801818848,34.6300048828,3.15321469307,126.564689636,5.93718671799,32.9630699158,-22.3135414124],[-1019.37481689,305.604125977,286.328460693,124.297294617,468.318572998,72.4159317017,196.136199951,82.2711791992,59.2082519531,32.1998062134,46.3282394409,9.2136220932,27.9934196472],[747.600158691,-161.282028198,250.228134155,189.02532959,72.4159317017,227.553115845,57.3150596619,71.8823623657,-7.69548177719,54.4734191895,4.85132551193,47.5817527771,-2.01331782341],[-920.836669922,199.742950439,165.185668945,82.2801818848,196.136199951,57.3150596619,238.448486328,57.2257804871,69.9248046875,15.4491386414,34.6231269836,-16.2633857727,21.6704025269],[602.609375,-18.4785232544,71.8720932007,34.6300048828,82.2711791992,71.8823623657,57.2257804871,163.893051147,41.4490699768,50.5680999756,8.13788890839,46.9059677124,4.67743396759],[-524.857299805,107.562553406,-24.1340408325,3.15321469307,59.2082519531,-7.69548177719,69.9248046875,41.4490699768,109.613571167,10.8791465759,23.557302475,-16.8454418182,10.2112960815],[602.796936035,-166.605529785,241.237915039,126.564689636,32.1998062134,54.4734191895,15.4491386414,50.5680999756,10.8791465759,135.099700928,21.4128456116,46.6142158508,-3.82741189003],[-356.022949219,66.2936019897,-12.4665222168,5.93718671799,46.3282394409,4.85132551193,34.6231269836,8.13788890839,23.557302475,21.4128456116,87.808303833,25.3653964996,25.1082611084],[622.70123291,-145.656036377,107.129226685,32.9630699158,9.2136220932,47.5817527771,-16.2633857727,46.9059677124,-16.8454418182,46.6142158508,25.3653964996,105.967376709,27.112449646],[-280.04876709,59.9485015869,-26.9415912628,-22.3135414124,27.9934196472,-2.01331782341,21.6704025269,4.67743396759,10.2112960815,-3.82741189003,25.1082611084,27.112449646,70.7230606079]],"icov":[[0.000223841649131,-0.00022826064378,0.000283286179183,-0.000594523444306,0.000435785128502,-0.00030257407343,0.000536408449989,-0.000805786461569,0.00071767217014,-0.000766545417719,0.000943515158724,-0.00113812298514,0.000664256862365],[-0.00022826064378,0.00133699353319,0.000281831162283,0.000169121136423,-0.00124857248738,0.000970069493633,-0.00110148172826,0.000690386281349,-0.000591878895648,0.00131649686955,-0.00132535898592,0.00199061818421,-0.00119866780005],[0.000283286179183,0.000281831162283,0.00217239046469,-0.00187873188406,-0.000422588258516,-0.000178158967174,-0.000419210002292,-0.000261144741671,0.00147688167635,-0.00238285236992,0.00231259781867,-0.0022827219218,0.00113747699652],[-0.000594523444306,0.000169121136423,-0.00187873188406,0.00477364752442,-0.000880266190507,-0.00114894867875,-0.00107563007623,0.00286011048593,-0.00242295837961,0.00083983753575,-0.00264751818031,0.00350300176069,-0.00125868094619],[0.000435785128502,-0.00124857248738,-0.000422588258516,-0.000880266190507,0.00510711641982,-0.000941638136283,-0.000701673561707,-0.00271164881997,0.00137236830778,-0.00108173175249,0.000860597239807,-0.00227254047059,0.0010002941126],[-0.00030257407343,0.000970069493633,-0.000178158967174,-0.00114894867875,-0.000941638136283,0.00821184553206,-0.00244055478834,-0.00150268024299,0.00101360061672,0.0017294093268,-0.00133051432204,0.000222541726544,-0.00066280021565],[0.000536408449989,-0.00110148172826,-0.000419210002292,-0.00107563007623,-0.000701673561707,-0.00244055478834,0.0103062232956,-0.00340024568141,-0.00136136263609,-0.000874212710187,0.000297234277241,0.000514788494911,-0.000319760729326],[-0.000805786461569,0.000690386281349,-0.000261144741671,0.00286011048593,-0.00271164881997,-0.00150268024299,-0.00340024568141,0.0141271995381,-0.00668097753078,-0.000297201739158,-0.0000633342569927,-0.00166472746059,-0.000225754003623],[0.00071767217014,-0.000591878895648,0.00147688167635,-0.00242295837961,0.00137236830778,0.00101360061672,-0.00136136263609,-0.00668097753078,0.0166267622262,-0.00394472340122,0.000284159439616,0.000572895340156,0.000551708624698],[-0.000766545417719,0.00131649686955,-0.00238285236992,0.00083983753575,-0.00108173175249,0.0017294093268,-0.000874212710187,-0.000297201739158,-0.00394472340122,0.0164649635553,-0.00688643474132,0.00175941677298,-0.0007981704548],[0.000943515158724,-0.00132535898592,0.00231259781867,-0.00264751818031,0.000860597239807,-0.00133051432204,0.000297234277241,-0.0000633342569927,0.000284159439616,-0.00688643474132,0.020624672994,-0.0103152254596,0.00065835454734],[-0.00113812298514,0.00199061818421,-0.0022827219218,0.00350300176069,-0.00227254047059,0.000222541726544,0.000514788494911,-0.00166472746059,0.000572895340156,0.00175941677298,-0.0103152254596,0.0256606470793,-0.0112628992647],[0.000664256862365,-0.00119866780005,0.00113747699652,-0.00125868094619,0.0010002941126,-0.00066280021565,-0.000319760729326,-0.000225754003623,0.000551708624698,-0.0007981704548,0.00065835454734,-0.0112628992647,0.0214815046638]],"mean":[15.5643796921,49.7417144775,-113.992172241,43.6096343994,-53.6827964783,17.1736087799,-41.7739143372,10.7647123337,-28.3290576935,-2.39395093918,-21.3187847137,-1.03349685669,-18.1967067719]},"hfc":{"dmean":12.8938503265,"dmean2":18.8306846619,"dvar":295.387634277,"dvar2":676.344360352,"max":210.558441162,"mean":35.5588531494,"median":30.0804214478,"min":1.11383945826e-16,"var":709.475219727},"melbands":{"dmean":[0.00165604974609,0.00229610479437,0.000991902314126,0.00054661592003,0.000298791041132,0.00012606693781,0.0000959422759479,0.0000853502642713,0.0000787811441114,0.0000728650775272,0.0000635166434222,0.0000508321572852,0.0000358480137947,0.0000341654886142,0.0000354449803126,0.0000289242889266,0.0000345206535712,0.0000242853420787,0.0000174554588739,0.0000196960445464,0.0000247700900218,0.000027019321351,0.0000343422325386,0.0000219014746108,0.0000172555046447,0.0000123858917505,0.00000807210017228,0.00000711843586032,0.00000553697464056,0.00000538783115189,0.000005763619356,0.00000385250496038,0.00000407749439546,0.00000438923370893,0.00000307937830257,0.00000291701007882,0.00000372167482965,0.00000284367820313,0.00000205973651646,0.00000278638572127],"dmean2":[0.00273451115936,0.00393436523154,0.00170152855571,0.000920869410038,0.000485212454805,0.000207483448321,0.000155909161549,0.000141082302434,0.000126442275359,0.000116270792205,0.000101696467027,0.0000818342596176,0.000057662549807,0.0000541610570508,0.0000570043775951,0.0000461871823063,0.0000562983404961,0.0000398554293497,0.0000285571768472,0.0000319545579259,0.0000396606264985,0.0000426377482654,0.0000538489257451,0.0000356896416633,0.000028009284506,0.000020304480131,0.0000131848591991,0.0000115451412057,0.00000909356640477,0.00000868287224876,0.00000900910072232,0.00000608561731497,0.0000065399876803,0.00000693653282724,0.00000481872075397,0.00000459246530227,0.00000599951363256,0.00000461517720396,0.0000032752457173,0.00000443450062448],"dvar":[0.0000131778651848,0.0000295304180327,0.00000336702714776,0.00000115918533083,3.23653495116e-7,6.17824227334e-8,3.98468564811e-8,3.0230424386e-8,1.98024387998e-8,2.06526760138e-8,1.61323558956e-8,1.08529709664e-8,4.14587741915e-9,6.22998586053e-9,4.76118566795e-9,2.38162267685e-9,7.11193948177e-9,1.49776668845e-9,1.16263176864e-9,1.0345931889e-9,2.73275824192e-9,2.13859774334e-9,3.86226828297e-9,1.08582187686e-9,6.50418219283e-10,2.95301644249e-10,2.14519069175e-10,1.58362753466e-10,6.8489144911e-11,5.84057732733e-11,8.17605219638e-11,2.98129194942e-11,3.91147149392e-11,5.06495817509e-11,2.23259240956e-11,1.86930766005e-11,4.3923736176e-11,3.16739343087e-11,1.23294629714e-11,3.72630884482e-11],"dvar2":[0.000035411441786,0.0000808167023933,0.00000922673189052,0.00000303884189634,7.93829599388e-7,1.56555913122e-7,9.96510891582e-8,7.81965709962e-8,4.81384034856e-8,5.05909483195e-8,3.84792180341e-8,2.55290935058e-8,9.95953985949e-9,1.40042528685e-8,1.25496093517e-8,5.53744694543e-9,1.77326793249e-8,3.74852726637e-9,3.21446891327e-9,2.53066323452e-9,6.82828549259e-9,5.29608090716e-9,9.34441946043e-9,2.81327316998e-9,1.62009494709e-9,7.56294638027e-10,5.36350519553e-10,3.83273857096e-10,1.79139328371e-10,1.47414538909e-10,1.92859755943e-10,7.16347953178e-11,9.67183416689e-11,1.24181123717e-10,5.12556178056e-11,4.47035949924e-11,1.13226483744e-10,8.19570591948e-11,3.07980169145e-11,8.9484482324e-11],"max":[0.038331899792,0.0436124056578,0.0170820336789,0.0228057652712,0.00890369899571,0.00516299018636,0.00365845393389,0.00410470971838,0.00256377179176,0.00301809143275,0.00322023849003,0.00282163126394,0.00128121336456,0.00252301222645,0.00278892368078,0.00194299942814,0.00260200584307,0.00110024260357,0.00176067149732,0.000842007400934,0.00161763990764,0.000959767377935,0.00135587260593,0.000564985326491,0.000468632119009,0.000364732084563,0.000371596339392,0.000459622242488,0.00017367885448,0.000106495492219,0.000166879413882,0.0000991345004877,0.000164779557963,0.000135156820761,0.0000750020117266,0.0000818046319182,0.000113475340186,0.0000888961803867,0.0000648959467071,0.000118323805509],"mean":[0.00226418930106,0.00303291529417,0.00138611102011,0.00070630578557,0.000395332230255,0.000169209160958,0.000128877101815,0.000107345636934,0.000117405441415,0.00010887895769,0.0000955992290983,0.0000754232532927,0.0000562419991184,0.0000548807256564,0.0000586819151067,0.0000483542899019,0.0000526448420715,0.0000423000419687,0.0000304458153551,0.0000342280400218,0.0000412703921029,0.0000490606944368,0.0000594614248257,0.0000402701698476,0.0000319666105497,0.0000217780598177,0.0000143931429193,0.0000134395222631,0.0000106309453258,0.0000109110151243,0.0000125116839627,0.00000842756617203,0.00000837043080537,0.00000864405501488,0.00000677202979205,0.00000617378282186,0.00000647955903332,0.00000450815059594,0.00000316695718539,0.00000342378825735],"median":[0.000320712424582,0.00128896313254,0.000812405778561,0.000343310617609,0.000130821266794,0.0000731796826585,0.0000555360675207,0.0000486451244797,0.0000528300952283,0.0000469444494229,0.0000365957821487,0.0000277585240838,0.0000264003920165,0.0000235274874285,0.0000284522557195,0.0000252230056503,0.0000271043481916,0.0000247962507274,0.0000175691875484,0.0000201686507353,0.0000224629693548,0.0000246266044996,0.0000287126422336,0.000025545261451,0.0000218913191929,0.0000150973901327,0.00000940468726185,0.00000857106351759,0.00000726684402252,0.00000683322923578,0.00000652805192658,0.00000542955785932,0.00000528610735273,0.00000491656419399,0.00000374112460122,0.00000348806815964,0.00000332598619934,0.00000233533523897,0.00000181229449936,0.00000144127238855],"min":[6.260614714e-24,1.33199775214e-24,8.08251816246e-24,1.02522516833e-23,6.53004068985e-24,1.03771630745e-23,1.11899682747e-23,2.79590961371e-24,5.30295729658e-24,6.76330291522e-24,1.14033078179e-23,1.09803450552e-23,1.38722184148e-23,2.26305450373e-23,5.85658974063e-24,6.15490261954e-24,8.14441061136e-24,3.24745438472e-24,1.09646277906e-23,1.3452596478e-23,1.34181563886e-23,7.79136537956e-24,9.61993312495e-24,1.45275251688e-23,2.16792450499e-23,9.2436275405e-24,1.06331602711e-23,4.90736840173e-24,7.58206085988e-24,7.49264189856e-24,6.44970427855e-24,1.34205513703e-23,1.8276228478e-23,1.16638109881e-23,1.23886818633e-23,1.18232942084e-23,1.19200890192e-23,1.24064754098e-23,9.44411811728e-24,7.74069211045e-24],"var":[0.0000194401291083,0.0000286165377474,0.00000353461018676,0.00000133487503717,4.85481564283e-7,8.29752622167e-8,5.53496484201e-8,3.37115544369e-8,3.5319548175e-8,3.47541693202e-8,3.20340909354e-8,2.20302762699e-8,8.37630231842e-9,1.30234125706e-8,9.64828039685e-9,4.74934580552e-9,8.69102745327e-9,3.15045700638e-9,1.99591987382e-9,2.011875333e-9,3.84647780294e-9,4.6588137792e-9,7.66139862662e-9,2.15945972215e-9,1.20628151912e-9,5.35224864429e-10,3.35743877145e-10,3.25983767757e-10,1.32842056799e-10,1.4727388753e-10,2.55878707112e-10,8.86272027989e-11,9.39480576667e-11,1.1904557895e-10,6.7558930672e-11,5.44244163625e-11,7.57490389858e-11,4.00295768754e-11,1.76375424682e-11,3.94605112475e-11]},"melbands_crest":{"dmean":3.58904743195,"dmean2":5.85437345505,"dvar":11.5000419617,"dvar2":28.0633602142,"max":38.0177497864,"mean":14.6742124557,"median":13.9656257629,"min":2.27429842949,"var":40.3145065308},"melbands_flatness_db":{"dmean":0.0297474749386,"dmean2":0.0448453091085,"dvar":0.000981595250778,"dvar2":0.00194780854508,"max":0.583445906639,"mean":0.155473381281,"median":0.144179180264,"min":0.00852727424353,"var":0.0049953549169},"melbands_kurtosis":{"dmean":10.2673368454,"dmean2":15.9335212708,"dvar":440.903503418,"dvar2":916.802185059,"max":538.66619873,"mean":17.0206871033,"median":6.44030618668,"min":-1.79475784302,"var":976.13293457},"melbands_skewness":{"dmean":0.950729608536,"dmean2":1.45096313953,"dvar":1.43521332741,"dvar2":2.89690470695,"max":19.7419090271,"mean":3.06729340553,"median":2.5188498497,"min":-1.84264016151,"var":5.42541122437},"melbands_spread":{"dmean":12.0902328491,"dmean2":18.8689060211,"dvar":214.485946655,"dvar2":456.964904785,"max":232.214675903,"mean":38.0517044067,"median":33.0071334839,"min":0.406261712313,"var":739.983398438},"mfcc":{"cov":[[10592.7753906,-141.28767395,396.018981934,474.96383667,211.245239258,95.9520111084,62.5965042114,93.5491333008,31.0474128723,-116.707733154,46.9824676514,156.594543457,46.2104911804],[-141.28767395,1102.4197998,-438.40737915,-42.83203125,12.3427371979,-68.0123825073,22.9816970825,89.6132049561,54.952331543,8.59120464325,42.6300239563,-6.73190402985,-18.4611053467],[396.018981934,-438.40737915,1014.49499512,472.335632324,199.102142334,279.305328369,178.086639404,-9.35326099396,66.2945175171,65.2401123047,41.5274581909,44.0038871765,56.8427696228],[474.96383667,-42.83203125,472.335632324,503.578460693,191.42918396,210.548355103,145.957183838,28.2065811157,73.9337387085,67.3231277466,50.0073204041,49.1961135864,61.5666847229],[211.245239258,12.3427371979,199.102142334,191.42918396,252.368270874,118.629096985,114.479042053,59.1582145691,58.0596656799,28.5142230988,38.3434410095,43.3678512573,39.5650596619],[95.9520111084,-68.0123825073,279.305328369,210.548355103,118.629096985,220.383590698,127.022270203,33.4201850891,46.8529930115,37.6015853882,27.7724819183,22.9837360382,22.602016449],[62.5965042114,22.9816970825,178.086639404,145.957183838,114.479042053,127.022270203,190.844863892,73.3993606567,64.2527008057,33.9979019165,38.8521881104,41.967338562,40.660533905],[93.5491333008,89.6132049561,-9.35326099396,28.2065811157,59.1582145691,33.4201850891,73.3993606567,133.369308472,66.8527526855,20.9857616425,31.2391052246,24.9041595459,12.2695055008],[31.0474128723,54.952331543,66.2945175171,73.9337387085,58.0596656799,46.8529930115,64.2527008057,66.8527526855,122.939323425,44.5266876221,39.1800384521,33.5144462585,19.906288147],[-116.707733154,8.59120464325,65.2401123047,67.3231277466,28.5142230988,37.6015853882,33.9979019165,20.9857616425,44.5266876221,91.8817062378,36.7942886353,5.98096895218,11.9783325195],[46.9824676514,42.6300239563,41.5274581909,50.0073204041,38.3434410095,27.7724819183,38.8521881104,31.2391052246,39.1800384521,36.7942886353,79.0315628052,41.6996574402,18.6442451477],[156.594543457,-6.73190402985,44.0038871765,49.1961135864,43.3678512573,22.9837360382,41.967338562,24.9041595459,33.5144462585,5.98096895218,41.6996574402,94.7127761841,47.8427276611],[46.2104911804,-18.4611053467,56.8427696228,61.5666847229,39.5650596619,22.602016449,40.660533905,12.2695055008,19.906288147,11.9783325195,18.6442451477,47.8427276611,81.4587860107]],"icov":[[0.000106857864012,0.0000186808010767,-0.00000112153406917,-0.000161761214258,-0.0000176263674803,0.0000683010002831,0.0000695384005667,-0.000124195648823,0.0000306425936287,0.000229075769312,-0.0000328340720444,-0.000158749200637,0.0000998419127427],[0.0000186808010767,0.00136190850753,0.000914355448913,-0.000705075508449,-0.000116044735478,0.000358644814696,-0.000501208996866,-0.000257253705058,-0.000443904747954,0.000370407040464,-0.000850939424708,0.000603198888712,0.000333185133059],[-0.00000112153406917,0.000914355448913,0.00263220001943,-0.00174028577749,-0.000168327867868,-0.000923519022763,-0.000779272231739,0.000908840738703,-0.000514740357175,0.000203754243557,-0.000453394808574,0.000403479964007,0.000239107059315],[-0.000161761214258,-0.000705075508449,-0.00174028577749,0.00550472689793,-0.00141667108983,-0.00223827105947,0.000272822100669,0.000857730046846,-0.000317576457746,-0.00158628472127,0.000210348909604,-0.00000778499179432,-0.00170306942891],[-0.0000176263674803,-0.000116044735478,-0.000168327867868,-0.00141667108983,0.00684888102114,-0.00108189578168,-0.0012829778716,-0.00140236271545,-0.000238810476731,0.000675689138006,-0.000463507545646,-0.000542703841347,-0.000619011581875],[0.0000683010002831,0.000358644814696,-0.000923519022763,-0.00223827105947,-0.00108189578168,0.0110046043992,-0.00469986023381,0.000207417731872,0.0000574053738092,-0.000485697179101,0.000119591357361,0.000292662414722,0.00202359585091],[0.0000695384005667,-0.000501208996866,-0.000779272231739,0.000272822100669,-0.0012829778716,-0.00469986023381,0.0122761717066,-0.00406194711104,-0.000577081926167,0.00000502005423186,-0.000309000577545,-0.000882834661752,-0.0026746224612],[-0.000124195648823,-0.000257253705058,0.000908840738703,0.000857730046846,-0.00140236271545,0.000207417731872,-0.00406194711104,0.0132059697062,-0.00524989562109,0.000386290863389,-0.00132218096405,0.000268682168098,0.000762636656873],[0.0000306425936287,-0.000443904747954,-0.000514740357175,-0.000317576457746,-0.000238810476731,0.0000574053738092,-0.000577081926167,-0.00524989562109,0.0145646743476,-0.00457590678707,-0.00057547056349,-0.00285091344267,0.000579893181566],[0.000229075769312,0.000370407040464,0.000203754243557,-0.00158628472127,0.000675689138006,-0.000485697179101,0.00000502005423186,0.000386290863389,-0.00457590678707,0.0172635093331,-0.0076814009808,0.00489063840359,-0.00177799351513],[-0.0000328340720444,-0.000850939424708,-0.000453394808574,0.000210348909604,-0.000463507545646,0.000119591357361,-0.000309000577545,-0.00132218096405,-0.00057547056349,-0.0076814009808,0.0224828328937,-0.00960607267916,0.00229469616897],[-0.000158749200637,0.000603198888712,0.000403479964007,-0.00000778499179432,-0.000542703841347,0.000292662414722,-0.000882834661752,0.000268682168098,-0.00285091344267,0.00489063840359,-0.00960607267916,0.0209557302296,-0.00959796644747],[0.0000998419127427,0.000333185133059,0.000239107059315,-0.00170306942891,-0.000619011581875,0.00202359585091,-0.0026746224612,0.000762636656873,0.000579893181566,-0.00177799351513,0.00229469616897,-0.00959796644747,0.019606359303]],"mean":[-616.931335449,77.0582809448,1.27796459198,25.430803299,10.8709831238,6.15873146057,0.443774282932,8.12664794922,-2.89153242111,-0.173483833671,0.568938791752,-2.00574684143,-7.72279691696]},"pitch_salience":{"dmean":0.0788264349103,"dmean2":0.129415825009,"dvar":0.00562802655622,"dvar2":0.0144069455564,"max":0.888265550137,"mean":0.575321376324,"median":0.596466481686,"min":0.0734497830272,"var":0.016450855881},"silence_rate_20dB":{"dmean":0,"dmean2":0,"dvar":0,"dvar2":0,"max":1,"mean":1,"median":1,"min":1,"var":0},"silence_rate_30dB":{"dmean":0.0242208372802,"dmean2":0.0484459884465,"dvar":0.0236332248896,"dvar2":0.0671134889126,"max":1,"mean":0.984952390194,"median":1,"min":0,"var":0.0148217091337},"silence_rate_60dB":{"dmean":0.0112199466676,"dmean2":0.0224418919533,"dvar":0.0110976276919,"dvar2":0.0251557603478,"max":1,"mean":0.0690944716334,"median":0,"min":0,"var":0.0643081441522},"spectral_centroid":{"dmean":310.503570557,"dmean2":478.042663574,"dvar":95329.8515625,"dvar2":205985.28125,"max":11309.0478516,"mean":2036.23095703,"median":2026.42883301,"min":145.945510864,"var":472656.8125},"spectral_complexity":{"dmean":4.93802309036,"dmean2":7.33974552155,"dvar":23.1473350525,"dvar2":47.0729179382,"max":62,"mean":26.6263904572,"median":28,"min":0,"var":172.774276733},"spectral_contrast_coeffs":{"dmean":[0.0576904192567,0.0484080426395,0.0370058007538,0.0279272366315,0.0243554804474,0.0198350381106],"dmean2":[0.0968635827303,0.0810232684016,0.0609355568886,0.0464045591652,0.0391133278608,0.0313792489469],"dvar":[0.00226915278472,0.00157274655066,0.000892154523171,0.000527620082721,0.00040619779611,0.000287254631985],"dvar2":[0.0062463786453,0.00428313063458,0.00237580994144,0.00138701184187,0.00102455483284,0.000676068186294],"max":[-0.303814470768,-0.486822783947,-0.534305810928,-0.555533647537,-0.583691954613,-0.572981595993],"mean":[-0.618331849575,-0.768038868904,-0.800527691841,-0.801624000072,-0.77447617054,-0.766881644726],"median":[-0.619606375694,-0.772442579269,-0.804821610451,-0.803797483444,-0.777268648148,-0.764960289001],"min":[-0.969386577606,-0.969357311726,-0.962764322758,-0.953859329224,-0.96064209938,-0.962285161018],"var":[0.00738491630182,0.00413034437224,0.00285260565579,0.00173732254189,0.00176564708818,0.00143615924753]},"spectral_contrast_valleys":{"dmean":[0.434760451317,0.387421399355,0.318950772285,0.276160210371,0.251141101122,0.333439677954],"dmean2":[0.702750504017,0.628394365311,0.50892996788,0.427259325981,0.368141829967,0.447512954473],"dvar":[0.144834756851,0.112704180181,0.0776510983706,0.0642330422997,0.0702158883214,0.13930606842],"dvar2":[0.32343390584,0.269503474236,0.17582552135,0.133131787181,0.127922296524,0.259443491697],"max":[-5.05569553375,-4.83024835587,-5.1787815094,-5.58831644058,-5.36077547073,-7.38513851166],"mean":[-7.61102867126,-7.00367069244,-7.34081602097,-7.44249391556,-7.13746404648,-9.42101764679],"median":[-7.04125928879,-6.76283359528,-7.07908153534,-7.16423034668,-6.78263139725,-8.93395900726],"min":[-26.9692878723,-26.9333686829,-27.8547763824,-27.4668273926,-27.1848907471,-27.2278289795],"var":[3.44093322754,2.04311513901,1.97297728062,1.99783658981,2.27588200569,3.14900326729]},"spectral_decrease":{"dmean":3.00359070948e-9,"dmean2":4.6901917905e-9,"dvar":2.44609450143e-17,"dvar2":5.45618787603e-17,"max":1.01265098333e-16,"mean":-7.59983898035e-9,"median":-5.68567193326e-9,"min":-4.30063842316e-8,"var":4.92445003937e-17},"spectral_energy":{"dmean":0.0118872830644,"dmean2":0.018334088847,"dvar":0.000354442221578,"dvar2":0.000783434719779,"max":0.167589023709,"mean":0.0319088697433,"median":0.0252264831215,"min":1.03962151571e-20,"var":0.000749828584958},"spectral_energyband_high":{"dmean":0.001109077828,"dmean2":0.00167342298664,"dvar":0.0000027353319183,"dvar2":0.00000633571926301,"max":0.0187927819788,"mean":0.00254533323459,"median":0.00167610053904,"min":7.61618471073e-21,"var":0.00000694905838827},"spectral_energyband_low":{"dmean":0.00923559442163,"dmean2":0.0149181224406,"dvar":0.000348214118276,"dvar2":0.000798446882982,"max":0.149513557553,"mean":0.0157826747745,"median":0.00686934078112,"min":3.18515843346e-23,"var":0.000563218956813},"spectral_energyband_middle_high":{"dmean":0.00201245723292,"dmean2":0.00294596329331,"dvar":0.00000623196547167,"dvar2":0.0000133746116262,"max":0.0643430277705,"mean":0.00616169627756,"median":0.00484228413552,"min":1.7126637258e-21,"var":0.0000278919651464},"spectral_energyband_middle_low":{"dmean":0.00428730482236,"dmean2":0.00692072091624,"dvar":0.0000384530503652,"dvar2":0.0000953664202825,"max":0.100781299174,"mean":0.00863920431584,"median":0.00638691661879,"min":2.47191142373e-22,"var":0.0000678671422065},"spectral_entropy":{"dmean":0.135599851608,"dmean2":0.203929081559,"dvar":0.0200547985733,"dvar2":0.0428007133305,"max":9.79670333862,"mean":7.98633241653,"median":8.04037380219,"min":5.59313821793,"var":0.125013753772},"spectral_flux":{"dmean":0.0269655846059,"dmean2":0.0417905300856,"dvar":0.00133171095513,"dvar2":0.0026193188969,"max":0.37221583724,"mean":0.100658595562,"median":0.0926120877266,"min":1.01961834809e-10,"var":0.00351538439281},"spectral_kurtosis":{"dmean":1.07608234882,"dmean2":1.74989998341,"dvar":3.34927654266,"dvar2":9.7746629715,"max":40.6584358215,"mean":3.28001737595,"median":2.41925907135,"min":-1.19880652428,"var":11.2808609009},"spectral_rms":{"dmean":0.000910114322323,"dmean2":0.00137235422153,"dvar":0.00000138591940413,"dvar2":0.00000285509986497,"max":0.0127867702395,"mean":0.00505564454943,"median":0.00496096815914,"min":3.18475259185e-12,"var":0.00000557095336262},"spectral_rolloff":{"dmean":1000.99780273,"dmean2":1639.11706543,"dvar":2110618.75,"dvar2":4764738.5,"max":19853.6132813,"mean":3073.47412109,"median":2540.91796875,"min":43.06640625,"var":8477976},"spectral_skewness":{"dmean":0.153350457549,"dmean2":0.245326265693,"dvar":0.0289916750044,"dvar2":0.0779972523451,"max":4.56861257553,"mean":1.27974104881,"median":1.23032522202,"min":-0.00199931603856,"var":0.169651225209},"spectral_spread":{"dmean":770684,"dmean2":1151194.5,"dvar":775024803840,"dvar2":1694253318140,"max":40927748,"mean":5542411.5,"median":5538180.5,"min":1314356.75,"var":3641893191680},"spectral_strongpeak":{"dmean":0.412054806948,"dmean2":0.712788939476,"dvar":0.56375682354,"dvar2":1.46929395199,"max":12.7201375961,"mean":0.621461987495,"median":0.385106980801,"min":0,"var":0.687768697739},"zerocrossingrate":{"dmean":0.0173526369035,"dmean2":0.0208048522472,"dvar":0.000332924944814,"dvar2":0.000427512946771,"max":0.58740234375,"mean":0.10475230217,"median":0.08935546875,"min":0.00146484375,"var":0.00435270229355}},"metadata":{"audio_properties":{"analysis_sample_rate":44100,"bit_rate":320000,"codec":"mp3","downmix":"mix","equal_loudness":0,"length":260.754272461,"lossless":false,"md5_encoded":"aac71132cb5fa05d201a2a73a6a29793","replay_gain":-15.5347919464,"sample_rate":44100},"tags":{"album":["Моя Цыганиада"],"albumartist":["Gogol Bordello"],"artist":["Gogol Bordello"],"bpm":["126"],"composer":["Gogol Bordello"],"date":["2011"],"discnumber":["1/1"],"encodedby":["Encoded with FreeRIP"],"file_name":"H:\\iTunes\\iTunes Music\\Music\\Gogol Bordello\\Моя Цыганиада\\11 Трансконтинентальный Hustle (Реми.mp3","genre":["Gypsy"],"initialkey":["Em"],"language":["rus"],"length":["260706"],"musicbrainz_recordingid":["4f5ec3f7-6823-4d89-b9b5-c689f16aa2d4"],"title":["Трансконтинентальный Hustle (Ремикс - Гудзь-Рея)"],"tracknumber":["11/11"]},"version":{"essentia":"2.1-beta2","essentia_build_sha":"2d9f1f26377add8aeb1075a9c2973f962c4f09fd","essentia_git_sha":"v2.1_beta2-1-ge3940c0","extractor":"music 1.0"}},"rhythm":{"beats_count":559,"beats_loudness":{"dmean":0.0149382483214,"dmean2":0.025940772146,"dvar":0.000337988836691,"dvar2":0.000919827783946,"max":0.137555077672,"mean":0.0444736666977,"median":0.0356769040227,"min":1.02253672196e-9,"var":0.00108841713518},"beats_loudness_band_ratio":{"dmean":[0.135139912367,0.0998057350516,0.059369854629,0.0604916773736,0.0636154636741,0.0644483715296],"dmean2":[0.223148986697,0.180147334933,0.100705131888,0.105619221926,0.107511125505,0.110605120659],"dvar":[0.0167243611068,0.00962398853153,0.00679376395419,0.00782268494368,0.0057484949939,0.0060320822522],"dvar2":[0.0389087460935,0.0319085046649,0.0199431888759,0.0237552933395,0.0153571562842,0.0173690896481],"max":[0.96545779705,0.620210051537,0.686478674412,0.69565975666,0.656228601933,0.734088003635],"mean":[0.505147218704,0.109703853726,0.0838014706969,0.0880715101957,0.114202126861,0.133175119758],"median":[0.521411597729,0.0733327269554,0.04