{"lowlevel":{"average_loudness":0.878986537457,"barkbands":{"dmean":[0.00587724288926,0.0112763307989,0.00232541747391,0.00125992414542,0.00179973081686,0.00175264803693,0.00127072934993,0.000932120077778,0.00132500717882,0.000935856078286,0.00070012017386,0.000746196659748,0.000580637715757,0.000440485280706,0.000354891555617,0.000332650146447,0.000191898841877,0.00015708184219,0.000115479342639,0.0000900833620108,0.0000903775217012,0.0000615303215454,0.0000313698328682,0.00000858328348841,0.00000379344010071,0.000026581756174,0.000445673591457],"dmean2":[0.0096824131906,0.0192290600389,0.00398546038195,0.00214796396904,0.00293597043492,0.0028116197791,0.00209816754796,0.00158573244698,0.00221930956468,0.0015624621883,0.00117609463632,0.00125786487479,0.000999627285637,0.000750735809561,0.000597125675995,0.000551145349164,0.000318754551699,0.000257378531387,0.000185253826203,0.000140342788654,0.000131258784677,0.0000874587858561,0.0000457692258351,0.000013312426745,0.00000625188522463,0.0000395089955418,0.000713928369805],"dvar":[0.0000842256704345,0.000342430430464,0.0000132900649987,0.00000364296124644,0.0000123726658785,0.000011221333807,0.00000427153599958,0.00000234014328271,0.0000036651681512,0.00000213797443394,0.00000103198487977,8.2158328496e-7,4.64871646955e-7,2.72313940286e-7,1.99730777695e-7,2.2453981785e-7,6.5708462671e-8,5.45477192304e-8,4.42570637915e-8,4.97261893884e-8,6.30958325587e-8,2.8414723019e-8,5.21867882242e-9,2.16197060254e-10,2.64448307002e-11,2.33964780882e-9,2.3845279884e-7],"dvar2":[0.00020972515631,0.000941023230553,0.0000367545253539,0.00000968608401308,0.0000316626828862,0.0000273899640888,0.0000107520090751,0.00000626334713161,0.00000993800676952,0.00000558877218282,0.00000277491358247,0.000002244522193,0.0000013016685898,7.47472370222e-7,5.45476495972e-7,5.65775224004e-7,1.69955640672e-7,1.32362927729e-7,1.03827225928e-7,1.090039774e-7,1.21012305954e-7,5.11283211324e-8,9.865845918e-9,4.51686299474e-10,6.5149066697e-11,4.71869032737e-9,6.07305139511e-7],"max":[0.202998101711,0.237346917391,0.0635128989816,0.0431859530509,0.100845456123,0.0953680723906,0.0432466156781,0.0502796024084,0.034449249506,0.0373271554708,0.0231121405959,0.0148877529427,0.0158335659653,0.00868281256407,0.00898067932576,0.0134381325915,0.00725530320778,0.00621034763753,0.00813656672835,0.00912775471807,0.00918697193265,0.00520414952189,0.00207439251244,0.00039605848724,0.0000752819614718,0.00123651581816,0.0105415442958],"mean":[0.00833490304649,0.0149870887399,0.00290425820276,0.00169946416281,0.00310456217267,0.00290275295265,0.00208149268292,0.0015098915901,0.00234832824208,0.00158054358326,0.00116893148515,0.00137785810512,0.00113620632328,0.000894429686014,0.000741481897421,0.000710521475412,0.000400968361646,0.00032985265716,0.000262456422206,0.000202952302061,0.000197751112864,0.000123948018881,0.0000585778689128,0.0000134032834467,0.0000049588593356,0.0000521179572388,0.00207960698754],"median":[0.00578971533105,0.00902064889669,0.00169771793298,0.000933323986828,0.00143404095434,0.00151639035903,0.00114783155732,0.000855178979691,0.00151262222789,0.00100339693017,0.000781747163273,0.00107836979441,0.000962904770859,0.000751836691052,0.000613067415543,0.00055240758229,0.000327911227942,0.00024197458697,0.000181188370334,0.000131470820634,0.000105516817712,0.0000629415008007,0.0000292761869787,0.00000718764658814,0.00000282459905065,0.0000293790981232,0.00199453858659],"min":[6.51758899378e-23,2.01029510777e-23,1.84730930556e-24,1.77062149428e-23,5.29650993641e-23,2.72614299191e-23,4.27592934443e-23,2.86000006575e-23,2.45906498166e-23,9.20894385085e-23,5.47918298524e-23,1.36285364413e-22,7.80358120622e-23,2.69596710591e-22,2.00849527428e-22,2.76033234976e-22,2.05131035281e-22,2.79584118791e-22,1.49720801588e-22,2.34582040151e-22,4.41636444537e-22,5.57175865237e-22,5.29370802869e-22,7.8932750698e-22,1.21900865721e-21,1.80525544782e-21,2.38010901699e-21],"var":[0.0000997730094241,0.000338370504323,0.0000145650974446,0.00000586328815189,0.0000306760957756,0.0000256247367361,0.00000870784515428,0.00000451963978776,0.00000759278600526,0.000004009080385,0.00000190449964066,0.00000160648551173,9.14574286526e-7,5.93165793816e-7,4.42332805051e-7,5.50513902908e-7,1.2264096938e-7,1.11484048659e-7,9.76103464723e-8,1.08996047743e-7,1.60679277883e-7,6.57278178551e-8,1.12461409074e-8,3.7540207054e-10,3.8002927194e-11,4.98741314914e-9,0.00000196360656446]},"barkbands_crest":{"dmean":2.81411504745,"dmean2":4.61475324631,"dvar":6.21835279465,"dvar2":16.3796977997,"max":24.709028244,"mean":9.31209564209,"median":8.60904312134,"min":2.56689810753,"var":15.5859279633},"barkbands_flatness_db":{"dmean":0.0222578439862,"dmean2":0.0358461886644,"dvar":0.000502123730257,"dvar2":0.00129009736702,"max":0.42423927784,"mean":0.114740304649,"median":0.102984026074,"min":0.0300232544541,"var":0.00223243166693},"barkbands_kurtosis":{"dmean":4.18635511398,"dmean2":7.0042347908,"dvar":115.667053223,"dvar2":307.837677002,"max":411.44543457,"mean":6.67929410934,"median":2.63860416412,"min":-1.88836681843,"var":216.834991455},"barkbands_skewness":{"dmean":0.579572618008,"dmean2":0.949772536755,"dvar":0.538254320621,"dvar2":1.40951037407,"max":14.8743181229,"mean":1.96573340893,"median":1.65572690964,"min":-4.56633853912,"var":1.79557955265},"barkbands_spread":{"dmean":8.21329593658,"dmean2":13.2153244019,"dvar":63.1003189087,"dvar2":157.321640015,"max":156.139526367,"mean":38.1449203491,"median":38.6279754639,"min":0.563534379005,"var":290.217956543},"dissonance":{"dmean":0.0152343856171,"dmean2":0.0261354614049,"dvar":0.000230585908866,"dvar2":0.000642850645818,"max":0.500000178814,"mean":0.47668749094,"median":0.481941074133,"min":0.199370637536,"var":0.000443430733867},"dynamic_complexity":2.34496951103,"erbbands":{"dmean":[0.563896238804,1.7957341671,2.57956528664,3.46491956711,5.12080669403,5.95318746567,11.7428197861,14.2776708603,16.1667003632,19.7320461273,23.8835735321,28.8423080444,29.9944515228,29.8051204681,24.8501434326,26.1797504425,24.5031414032,22.794670105,18.1451530457,16.7009468079,16.4456481934,10.0048398972,8.46157836914,6.47386312485,5.62640333176,4.09194326401,3.57091784477,3.67097425461,2.29947376251,1.41052174568,0.836258351803,0.311514616013,0.086406737566,0.0422781445086,0.026768758893,0.0234947074205,0.0553747564554,0.055487755686,0.0232996027917,0.0102113578469],"dmean2":[0.974958598614,3.02998971939,4.41201305389,5.84079504013,8.51646137238,9.73169803619,18.9931030273,23.3431816101,26.4758262634,32.9765815735,40.6450996399,48.3668670654,50.3089828491,50.0614051819,41.6254272461,44.2791023254,42.0427398682,38.8011054993,30.705997467,27.9376659393,27.1765518188,16.4399414062,13.8794794083,10.5157661438,8.92356204987,6.33885192871,5.32559490204,5.28791332245,3.2783946991,1.99437475204,1.23206293583,0.469480425119,0.137622326612,0.0696350038052,0.0441870503128,0.0376576893032,0.0816127955914,0.0765689536929,0.0327400006354,0.0165426321328],"dvar":[0.878980219364,8.49712181091,15.2545127869,23.8158664703,111.418479919,165.200408936,577.248535156,929.773925781,959.962890625,1173.08825684,1558.07092285,1853.59411621,2611.29760742,2053.91601562,1044.89746094,991.17590332,884.797546387,719.175720215,490.974945068,511.223205566,587.44342041,185.006317139,154.539535522,126.515869141,104.763389587,121.849693298,94.024597168,110.012496948,39.7223396301,13.2435245514,3.41699671745,0.354034870863,0.0159325487912,0.00326800835319,0.00139386102092,0.000927202519961,0.0106201032177,0.0101628573611,0.00168842729181,0.000118065159768],"dvar2":[2.43716001511,23.2283802032,42.0797920227,62.7388839722,284.895080566,406.977081299,1375.2130127,2477.95678711,2280.8581543,2980.07128906,4129.44433594,5084.16162109,6966.83935547,5400.91943359,2858.69873047,2737.39599609,2447.96142578,1996.60839844,1348.67651367,1355.68896484,1453.5690918,471.02722168,375.918762207,299.828826904,242.679611206,266.930908203,196.870742798,203.327941895,71.2932739258,23.4509086609,6.62465238571,0.691116571426,0.0360939800739,0.00800169352442,0.00347777386196,0.00222376408055,0.021463830024,0.0169256236404,0.00296244816855,0.000302838045172],"max":[12.2530603409,36.2800750732,65.9602890015,91.665802002,306.253356934,428.579528809,704.296691895,1103.99182129,1020.88903809,859.573852539,1341.95629883,957.49987793,1590.84375,1270.89208984,577.845153809,507.53125,819.75982666,478.667938232,451.690460205,575.882141113,779.320983887,409.81628418,329.066619873,390.15057373,378.219787598,481.98526001,307.996154785,418.139251709,198.801422119,102.836517334,61.1524353027,18.8925361633,2.48111867905,0.836333990097,0.705148041248,0.434571474791,2.70143246651,2.85819029808,1.84177041054,0.267920672894],"mean":[0.709167122841,2.33788299561,3.47138094902,5.06689739227,8.18512916565,9.40216350555,18.8682479858,22.4588165283,27.073474884,31.6219043732,41.0501022339,51.568157196,52.127696991,53.9182815552,49.065826416,52.9315223694,51.8349266052,49.2560157776,40.7794303894,39.0124549866,36.4795913696,22.9375171661,18.5532855988,14.3456497192,13.0971260071,9.37306594849,7.953810215,7.65448284149,4.69722795486,2.7375729084,1.53086471558,0.537097096443,0.119910940528,0.0568120665848,0.0346822477877,0.0371434502304,0.107335492969,0.145265832543,0.0961653143167,0.0611053556204],"median":[0.423303484917,1.32534694672,2.21071481705,3.06082630157,3.66532707214,4.30514526367,8.27940750122,12.4147472382,14.8004627228,17.9363021851,24.8098373413,33.2864608765,33.0685958862,36.8316345215,38.1184844971,43.3781738281,44.8171577454,42.7233200073,35.4545288086,32.5646133423,28.5657863617,19.1057052612,14.0693492889,10.2412891388,8.96896934509,6.09155750275,4.56957530975,3.91728305817,2.44168949127,1.3510774374,0.760439634323,0.270364999771,0.0689030438662,0.0339378193021,0.0198206789792,0.0239086933434,0.0582987032831,0.0957268178463,0.0755487158895,0.059630010277],"min":[1.09919621049e-21,2.89096857394e-21,4.88823594679e-21,2.32656050261e-20,1.71966635899e-19,1.73489901921e-19,6.08638008376e-20,3.42986666984e-19,5.50647826524e-19,4.76117250671e-19,6.83359805123e-19,6.78735917198e-19,2.14319250029e-18,2.3856957997e-18,3.23245329581e-18,6.12076264726e-18,3.83385847568e-18,9.50538057303e-18,1.31021314484e-17,9.86667734816e-18,1.66122566614e-17,1.26008136751e-17,1.67271900988e-17,8.13181490584e-18,1.05317793643e-17,9.56778638716e-18,1.38398458603e-17,2.06146626994e-17,2.00278343031e-17,1.45452216461e-17,1.71444663219e-17,1.60617100611e-17,1.31895421053e-17,1.24641675738e-17,9.31247378238e-18,8.32377043879e-18,3.31910894357e-18,1.05975743442e-18,3.09851000717e-19,3.60317419136e-20],"var":[0.850205123425,8.50096797943,16.631111145,39.7169494629,320.844055176,326.816711426,1436.0369873,1576.13916016,2221.26806641,2095.39233398,3104.52807617,3633.34814453,4672.64746094,4095.69262695,2187.4230957,2091.61181641,1841.15026855,1666.9276123,1107.13317871,1349.79711914,1380.81896973,374.944000244,325.159393311,254.338867188,253.290557861,253.710281372,225.523605347,270.706726074,92.0326919556,31.4025363922,7.14722776413,0.704502761364,0.0238254647702,0.00463245203719,0.00190396583639,0.00164804095402,0.0225899573416,0.0338827520609,0.00987733807415,0.00150746677537]},"erbbands_crest":{"dmean":2.00025439262,"dmean2":3.34809923172,"dvar":3.56809902191,"dvar2":9.16366958618,"max":29.2140789032,"mean":6.94421195984,"median":6.03088617325,"min":1.76954936981,"var":10.9024553299},"erbbands_flatness_db":{"dmean":0.0158081036061,"dmean2":0.0250268764794,"dvar":0.000205592179555,"dvar2":0.000501856382471,"max":0.322212994099,"mean":0.127187013626,"median":0.125482559204,"min":0.0202985368669,"var":0.000808888638858},"erbbands_kurtosis":{"dmean":0.760273039341,"dmean2":1.2499973774,"dvar":2.04723453522,"dvar2":5.34341287613,"max":41.7793502808,"mean":0.72691577673,"median":0.214506030083,"min":-1.58271455765,"var":6.79842805862},"erbbands_skewness":{"dmean":0.2885889709,"dmean2":0.462785422802,"dvar":0.0695273056626,"dvar2":0.167812094092,"max":4.94936609268,"mean":0.175998732448,"median":0.142418086529,"min":-3.66090869904,"var":0.387196213007},"erbbands_spread":{"dmean":5.45868396759,"dmean2":8.75897216797,"dvar":30.9020519257,"dvar2":77.9946060181,"max":108.028121948,"mean":28.4338760376,"median":26.7615699768,"min":2.8474111557,"var":109.342910767},"gfcc":{"cov":[[7941.62255859,486.321868896,-797.193664551,-157.366912842,172.995391846,-314.872833252,241.432739258,-313.748565674,110.307434082,-75.0175628662,-2.84247660637,68.8438034058,-81.0743103027],[486.321868896,604.970458984,51.6318702698,-141.504714966,97.9432525635,-83.8640899658,-0.344462960958,-15.1548223495,1.7477837801,-31.7047805786,26.6002063751,-71.6330871582,55.5398902893],[-797.193664551,51.6318702698,424.621002197,72.1395187378,-94.633934021,120.726242065,-106.845924377,85.5140991211,-55.6317520142,11.0267314911,-10.6084318161,-34.6285934448,-1.85581493378],[-157.366912842,-141.504714966,72.1395187378,246.106521606,31.0822315216,49.8485069275,52.665096283,-17.7083415985,-2.19725036621,3.71682977676,-16.9690608978,47.9814071655,-33.6790390015],[172.995391846,97.9432525635,-94.633934021,31.0822315216,148.539627075,-9.91835308075,46.867931366,-29.6868019104,11.6732873917,-16.117225647,11.5709381104,2.38845038414,15.0811510086],[-314.872833252,-83.8640899658,120.726242065,49.8485069275,-9.91835308075,163.559768677,-28.0778636932,69.6668319702,-27.7368888855,11.7856197357,-5.71355628967,6.9306344986,-0.518427491188],[241.432739258,-0.344462960958,-106.845924377,52.665096283,46.867931366,-28.0778636932,152.364898682,-26.1849975586,58.1757011414,-2.15297436714,-1.93021655083,31.0781555176,-29.7521247864],[-313.748565674,-15.1548223495,85.5140991211,-17.7083415985,-29.6868019104,69.6668319702,-26.1849975586,131.349136353,1.96868765354,25.1564712524,6.63303089142,-23.7681503296,18.8216323853],[110.307434082,1.7477837801,-55.6317520142,-2.19725036621,11.6732873917,-27.7368888855,58.1757011414,1.96868765354,93.5101623535,19.8253688812,10.8301143646,21.6305465698,-27.176820755],[-75.0175628662,-31.7047805786,11.0267314911,3.71682977676,-16.117225647,11.7856197357,-2.15297436714,25.1564712524,19.8253688812,51.8367843628,22.1244297028,5.4580655098,5.33800888062],[-2.84247660637,26.6002063751,-10.6084318161,-16.9690608978,11.5709381104,-5.71355628967,-1.93021655083,6.63303089142,10.8301143646,22.1244297028,52.2090873718,22.4579582214,11.6149253845],[68.8438034058,-71.6330871582,-34.6285934448,47.9814071655,2.38845038414,6.9306344986,31.0781555176,-23.7681503296,21.6305465698,5.4580655098,22.4579582214,78.6041107178,2.91756272316],[-81.0743103027,55.5398902893,-1.85581493378,-33.6790390015,15.0811510086,-0.518427491188,-29.7521247864,18.8216323853,-27.176820755,5.33800888062,11.6149253845,2.91756272316,77.6742019653]],"icov":[[0.000199019923457,-0.000438658433268,0.000605257751886,-0.000178555681487,0.000334236159688,-0.000145796002471,0.00015607655223,0.0000736394140404,0.000177981797606,-0.000197514717001,0.000307795678964,-0.000376131443772,0.000478448811918],[-0.000438658433268,0.00536744110286,-0.00470239156857,0.00340438983403,-0.00452807126567,0.00237539061345,-0.00262676528655,0.00115460460074,-0.00158032041509,0.00274898135103,-0.00320465490222,0.00373963359743,-0.00372601905838],[0.000605257751886,-0.00470239156857,0.00980962533504,-0.00644069071859,0.00797149073333,-0.00502015743405,0.00467569055036,-0.00101307337172,-0.000231787897064,0.000899944687262,-0.00118765246589,0.00175464595668,0.00185981125105],[-0.000178555681487,0.00340438983403,-0.00644069071859,0.0119817545637,-0.00883766077459,0.00308452197351,-0.00450549460948,-0.000147927756188,0.00479853805155,-0.00560689996928,0.00707907835022,-0.00825335737318,0.00378295895644],[0.000334236159688,-0.00452807126567,0.00797149073333,-0.00883766077459,0.0187316779047,-0.00735794939101,0.00058020837605,0.00364360259846,-0.00511590531096,0.00795762613416,-0.00931375380605,0.00916664581746,-0.00569001445547],[-0.000145796002471,0.00237539061345,-0.00502015743405,0.00308452197351,-0.00735794939101,0.01443514321,-0.000598081154749,-0.00749154714867,0.00637923600152,-0.0044722026214,0.00602350058034,-0.00821016915143,0.00442499667406],[0.00015607655223,-0.00262676528655,0.00467569055036,-0.00450549460948,0.00058020837605,-0.000598081154749,0.0138685125858,-0.00162095134147,-0.00481223454699,0.000211167891393,0.00284356763586,-0.00330218742602,0.00378819485195],[0.0000736394140404,0.00115460460074,-0.00101307337172,-0.000147927756188,0.00364360259846,-0.00749154714867,-0.00162095134147,0.0163997989148,-0.00707069225609,0.000981967896223,-0.00637719687074,0.0107846334577,-0.00818218383938],[0.000177981797606,-0.00158032041509,-0.000231787897064,0.00479853805155,-0.00511590531096,0.00637923600152,-0.00481223454699,-0.00707069225609,0.0253155045211,-0.0141127863899,0.00877248402685,-0.014257946983,0.0133478688076],[-0.000197514717001,0.00274898135103,0.000899944687262,-0.00560689996928,0.00795762613416,-0.0044722026214,0.000211167891393,0.000981967896223,-0.0141127863899,0.0386335812509,-0.0228612329811,0.0150060122833,-0.0110513027757],[0.000307795678964,-0.00320465490222,-0.00118765246589,0.00707907835022,-0.00931375380605,0.00602350058034,0.00284356763586,-0.00637719687074,0.00877248402685,-0.0228612329811,0.0429641902447,-0.0247816164047,0.00928348209709],[-0.000376131443772,0.00373963359743,0.00175464595668,-0.00825335737318,0.00916664581746,-0.00821016915143,-0.00330218742602,0.0107846334577,-0.014257946983,0.0150060122833,-0.0247816164047,0.0378401055932,-0.0160514805466],[0.000478448811918,-0.00372601905838,0.00185981125105,0.00378295895644,-0.00569001445547,0.00442499667406,0.00378819485195,-0.00818218383938,0.0133478688076,-0.0110513027757,0.00928348209709,-0.0160514805466,0.0269349943846]],"mean":[43.44373703,85.3901519775,-93.7771072388,-6.35699462891,-10.0267124176,-15.6050615311,8.67131519318,-17.0480308533,6.33654785156,-5.37526988983,-4.84054136276,1.82793927193,-7.56665706635]},"hfc":{"dmean":54.0768737793,"dmean2":87.97706604,"dvar":3589.65332031,"dvar2":9440.09375,"max":1502.14379883,"mean":288.953887939,"median":271.196838379,"min":1.18725246555e-16,"var":33487.859375},"melbands":{"dmean":[0.00410741893575,0.00157061079517,0.000617328798398,0.000374988390831,0.000373185961507,0.000325911416439,0.000249666773016,0.000200223032152,0.000208217505133,0.000187899364391,0.0001528866851,0.000124646219774,0.000088856984803,0.0000880154257175,0.0000666056512273,0.0000550537733943,0.0000447543425253,0.000032328935049,0.0000266683509835,0.0000242224741669,0.0000197544086404,0.0000116356759463,0.00000984445705399,0.00000745502848076,0.00000558672400075,0.00000466965911983,0.00000400237422582,0.00000275386423709,0.00000234168010138,0.00000247686216426,0.0000022017475203,0.00000146882882746,0.00000107186235709,7.36382276045e-7,5.49869355382e-7,3.23373569699e-7,1.49639390656e-7,6.34487804518e-8,4.57710420676e-8,3.49948336975e-8],"dmean2":[0.0070412796922,0.00265633244999,0.00103887158912,0.000614419928752,0.000603497726843,0.000527606462128,0.000408774270909,0.000335725373589,0.000353915209416,0.00031476924778,0.000256202067249,0.000209105215617,0.000149088722537,0.000148515144247,0.00011341694335,0.0000945846913964,0.0000763570060371,0.0000550047006982,0.0000450049155916,0.0000404888487537,0.0000328773094225,0.0000193060859601,0.0000164949196915,0.0000122471219584,0.00000918559908314,0.00000756024155635,0.00000650411902825,0.00000433605509897,0.00000359296950592,0.00000375575950784,0.00000321853372043,0.00000216710986933,0.00000157005308665,0.00000108012250166,8.25157542295e-7,4.95374365528e-7,2.30410392987e-7,1.01897903448e-7,7.55286251319e-8,5.7880203741e-8],"dvar":[0.0000460373921669,0.00000485864711663,7.82517474818e-7,5.26414339674e-7,5.75229023525e-7,4.47467101594e-7,2.01049942916e-7,1.08578156244e-7,1.06148263512e-7,8.11525566746e-8,6.57529568571e-8,3.59749279255e-8,1.55741908259e-8,1.24189023509e-8,6.28944052394e-9,4.47770842626e-9,2.87028334434e-9,1.56291413145e-9,1.17814358269e-9,1.19723064795e-9,8.30559565568e-10,2.41102637855e-10,2.09829265074e-10,1.31736857534e-10,9.39674935085e-11,7.59976526155e-11,6.91192797442e-11,5.79699829806e-11,3.78659395506e-11,5.48054067406e-11,3.93653235009e-11,1.69534958988e-11,9.52237420859e-12,3.71683803527e-12,1.52918584913e-12,4.19569489828e-13,8.30404945111e-14,9.97884178853e-15,3.59781140698e-15,2.26216813937e-15],"dvar2":[0.000126323400764,0.0000132250588649,0.00000208254914469,0.00000130715989144,0.00000143339377701,0.00000115117745736,4.85310863496e-7,2.80355692439e-7,2.81763277599e-7,2.20509662086e-7,1.74822474719e-7,9.41561211221e-8,4.20610000162e-8,3.37231078618e-8,1.77894960984e-8,1.23858452383e-8,7.95652965735e-9,4.33019575752e-9,3.1801430378e-9,3.09612468996e-9,2.05677253007e-9,6.20631213089e-10,5.45539335928e-10,3.21724064056e-10,2.2790479226e-10,1.78457124078e-10,1.69779329484e-10,1.26644528198e-10,8.26535367926e-11,1.19110860064e-10,7.2475456192e-11,3.29064900328e-11,1.89416381885e-11,7.05806637094e-12,3.0670698186e-12,8.55104778218e-13,1.73597843999e-13,2.3025714839e-14,8.94895306269e-15,5.56344622877e-15],"max":[0.0877715796232,0.0277779772878,0.0155617427081,0.0191670935601,0.0227600354701,0.021982062608,0.0138033889234,0.0078986948356,0.00996297877282,0.00621716165915,0.00773228751495,0.00565873412415,0.00212281104177,0.00204297807068,0.00102488766424,0.0019309904892,0.00107334752101,0.000794632127509,0.000611395400483,0.000983288395219,0.000840936379973,0.00046565925004,0.000481955677969,0.000372716633137,0.000345115142409,0.00039672703133,0.000314793986036,0.000316546764225,0.000179081995157,0.000277730869129,0.000230981822824,0.000157490663696,0.000110663306259,0.0000562504210393,0.0000352526039933,0.0000253118778346,0.00000821069806989,0.00000226348697652,8.19727233647e-7,7.77112575179e-7],"mean":[0.00566045707092,0.00226764660329,0.000973564980086,0.000626571942121,0.000607059628237,0.000530259101652,0.000422778190114,0.000328351394273,0.000348967441823,0.000327952351654,0.000257207197137,0.000216716565774,0.000163233475178,0.000156319394591,0.000125974227558,0.000108103471575,0.0000889221191755,0.0000655654876027,0.000055068598158,0.000051131391956,0.0000399689561164,0.0000237995591306,0.0000193156010937,0.000014689904674,0.0000111777999336,0.00000991560409602,0.00000830151384434,0.00000569877784073,0.0000048219258133,0.00000487588476972,0.00000428936300523,0.0000028054894301,0.00000195773168343,0.00000133566118166,9.50051230575e-7,5.75305080019e-7,2.22850246701e-7,7.71671579969e-8,6.09529422491e-8,4.38664571334e-8],"median":[0.00370445125736,0.00148391351104,0.000597507576458,0.000276721955743,0.000283197732642,0.000291389471386,0.000235484418226,0.000194785083295,0.000212333063246,0.000206872166018,0.000157475849846,0.000143839235534,0.000118597956316,0.000119268588605,0.000102721227449,0.0000909872760531,0.0000741491821827,0.0000553504723939,0.0000452172316727,0.0000396459363401,0.0000303114647977,0.0000191471117432,0.0000148158887896,0.000010518995623,0.0000077218601291,0.00000671842644806,0.00000546383762412,0.00000349644233211,0.00000271023463938,0.00000252483619079,0.00000210142252399,0.00000143891952575,9.37288064051e-7,6.44989199827e-7,4.63987930743e-7,2.90662114821e-7,1.02965401538e-7,3.77193103418e-8,3.63892596056e-8,2.40543354124e-8],"min":[1.10835462055e-23,3.20141587064e-24,8.76546423596e-24,1.42160181968e-23,2.72760116185e-24,6.62269634747e-24,9.11839034977e-24,5.60094477037e-24,4.8788664628e-24,4.15377588986e-24,1.09076893882e-23,1.00112712428e-23,8.72432119545e-24,1.77774411939e-23,9.803555489e-24,8.23268887982e-24,2.03148690936e-23,2.36402380866e-23,1.44226476891e-23,1.55413723596e-23,1.89117490227e-23,1.06654459814e-23,1.79526266906e-23,1.19190832216e-23,5.87074584957e-24,5.42468957831e-24,8.88774635374e-24,5.96428897572e-24,8.27413010976e-24,1.03087080917e-23,1.25521448869e-23,1.26804184032e-23,8.82570402127e-24,7.20188827928e-24,1.03946489653e-23,8.94352907494e-24,1.01192513124e-23,8.47828257886e-24,9.63791678701e-24,1.08772196357e-23],"var":[0.0000444500510639,0.0000056295025388,0.00000146318734551,0.00000147196226408,0.00000126873419504,8.62370143295e-7,4.58551681959e-7,1.99336071205e-7,2.08298416737e-7,1.59635135333e-7,1.18302935448e-7,7.04220894931e-8,3.01912663758e-8,2.27941860942e-8,1.20783036905e-8,8.67420624218e-9,6.14730844006e-9,3.15628456704e-9,2.55675036698e-9,3.04402081319e-9,1.76838454991e-9,4.44609599137e-10,3.67176317129e-10,2.46292319872e-10,1.72064973381e-10,1.57559729153e-10,1.31111066448e-10,1.16214045331e-10,8.47675887816e-11,1.09340141108e-10,9.39965466573e-11,3.4920927261e-11,1.89548758633e-11,7.7516482816e-12,2.95058096879e-12,8.58626375295e-13,1.36833646085e-13,1.34049960395e-14,5.38170768664e-15,3.14792658594e-15]},"melbands_crest":{"dmean":5.07720422745,"dmean2":8.64171409607,"dvar":18.1325302124,"dvar2":51.2478637695,"max":37.990196228,"mean":16.6248378754,"median":15.4875831604,"min":2.28609633446,"var":47.5891914368},"melbands_flatness_db":{"dmean":0.0301746018231,"dmean2":0.0490268133581,"dvar":0.000775822147261,"dvar2":0.00202027428895,"max":0.582242429256,"mean":0.218752250075,"median":0.207784205675,"min":0.0074018696323,"var":0.00368462107144},"melbands_kurtosis":{"dmean":7.36281347275,"dmean2":12.5653533936,"dvar":381.688537598,"dvar2":1101.0369873,"max":552.467590332,"mean":10.1309099197,"median":3.87439274788,"min":-1.76243722439,"var":529.049682617},"melbands_skewness":{"dmean":0.813434004784,"dmean2":1.35425806046,"dvar":0.994269490242,"dvar2":2.77940034866,"max":19.7494792938,"mean":2.30324816704,"median":1.90103232861,"min":-1.90540730953,"var":2.80022740364},"melbands_spread":{"dmean":6.09449529648,"dmean2":9.97761821747,"dvar":49.2029953003,"dvar2":128.043045044,"max":259.593597412,"mean":22.5756320953,"median":21.8542671204,"min":0.331490218639,"var":167.19229126},"mfcc":{"cov":[[4936.98242188,78.494430542,-748.775268555,100.238479614,-272.128417969,167.181762695,-144.826965332,69.2729034424,-97.6577224731,31.8004722595,-10.4912958145,-2.86803627014,-12.3557071686],[78.494430542,656.488037109,-29.3894824982,-70.4023132324,53.032333374,-88.8423538208,21.3273048401,-67.6999893188,32.61769104,-28.3766784668,30.558675766,-28.1140613556,7.94821071625],[-748.775268555,-29.3894824982,514.79510498,-51.513923645,93.623336792,-41.6343193054,35.5123786926,-7.32409000397,6.22756052017,8.84889411926,1.53041231632,7.46337842941,-18.7713623047],[100.238479614,-70.4023132324,-51.513923645,219.670379639,-40.217414856,91.2780685425,-10.3460817337,38.8490715027,-14.9235525131,11.104136467,-16.3409500122,12.8234901428,-3.1264898777],[-272.128417969,53.032333374,93.623336792,-40.217414856,157.714004517,-20.9006538391,50.8097915649,-20.5341148376,18.8091526031,-27.195066452,3.78233861923,-7.90637540817,1.24370920658],[167.181762695,-88.8423538208,-41.6343193054,91.2780685425,-20.9006538391,147.795822144,-3.17996191978,56.4857749939,-24.6316242218,15.0245075226,-26.4996452332,19.0672187805,-1.06331145763],[-144.826965332,21.3273048401,35.5123786926,-10.3460817337,50.8097915649,-3.17996191978,94.7564086914,0.106436312199,29.6329612732,-18.2201824188,5.08183956146,-9.50448513031,2.76119160652],[69.2729034424,-67.6999893188,-7.32409000397,38.8490715027,-20.5341148376,56.4857749939,0.106436312199,101.116821289,0.111829951406,34.3423233032,-2.63825345039,15.4518623352,-3.30410790443],[-97.6577224731,32.61769104,6.22756052017,-14.9235525131,18.8091526031,-24.6316242218,29.6329612732,0.111829951406,73.9172973633,9.50893592834,16.2040252686,-6.75785970688,2.42672896385],[31.8004722595,-28.3766784668,8.84889411926,11.104136467,-27.195066452,15.0245075226,-18.2201824188,34.3423233032,9.50893592834,68.5268478394,18.9560661316,17.0098400116,-1.1625033617],[-10.4912958145,30.558675766,1.53041231632,-16.3409500122,3.78233861923,-26.4996452332,5.08183956146,-2.63825345039,16.2040252686,18.9560661316,62.7223892212,15.0330181122,5.45273780823],[-2.86803627014,-28.1140613556,7.46337842941,12.8234901428,-7.90637540817,19.0672187805,-9.50448513031,15.4518623352,-6.75785970688,17.0098400116,15.0330181122,48.2070922852,15.4047546387],[-12.3557071686,7.94821071625,-18.7713623047,-3.1264898777,1.24370920658,-1.06331145763,2.76119160652,-3.30410790443,2.42672896385,-1.1625033617,5.45273780823,15.4047546387,45.0045814514]],"icov":[[0.000286863039946,-0.0000781495400588,0.000353893148713,0.000101723722764,0.000221137641347,-0.000265243666945,0.00013893529831,-0.0000736579677323,0.000239949236857,-0.0000282448891085,-0.000131071297801,0.000106662984763,0.000186625984497],[-0.0000781495400588,0.00182288722135,0.000126474144054,0.0000791533602751,-0.00051423633704,0.000553108577151,-0.00000334262563229,0.000641831080429,-0.000380971410777,0.000172552347067,-0.000687649066094,0.000719868461601,-0.00034862771281],[0.000353893148713,0.000126474144054,0.00289982417598,0.000288115959847,-0.00121509667952,0.000704330625013,-0.000599215214606,0.0000098256750789,0.000854878220707,-0.00133594637737,0.00074885529466,-0.00119278556667,0.00162900344003],[0.000101723722764,0.0000791533602751,0.000288115959847,0.00638776831329,0.00113907177001,-0.00375944329426,0.000145560887177,-0.000224448711378,-0.000325603556121,0.000492373190355,-0.0000870346775628,-0.000292553799227,0.000573131372221],[0.000221137641347,-0.00051423633704,-0.00121509667952,0.00113907177001,0.00948622915894,-0.00109489553142,-0.00324055505916,0.000534432707354,-0.000838829146232,0.00288045662455,-0.000759891292546,-0.0000936193609959,-0.0000823702721391],[-0.000265243666945,0.000553108577151,0.000704330625013,-0.00375944329426,-0.00109489553142,0.0135002844036,-0.00210062088445,-0.00435806298628,0.00290439534001,-0.00168744986877,0.005143890623,-0.00413604080677,0.000612557458226],[0.00013893529831,-0.00000334262563229,-0.000599215214606,0.000145560887177,-0.00324055505916,-0.00210062088445,0.0159564875066,-0.00200621830299,-0.00580197572708,0.00522286584601,-0.0026088822633,0.00277718482539,-0.00147419760469],[-0.0000736579677323,0.000641831080429,0.0000098256750789,-0.000224448711378,0.000534432707354,-0.00435806298628,-0.00200621830299,0.0155607992783,-0.000817630148958,-0.00656145950779,0.00104446185287,-0.00169409567025,0.00133064354304],[0.000239949236857,-0.000380971410777,0.000854878220707,-0.000325603556121,-0.000838829146232,0.00290439534001,-0.00580197572708,-0.000817630148958,0.0188335124403,-0.00524584576488,-0.00208738492802,0.00306987692602,-0.00109407759737],[-0.0000282448891085,0.000172552347067,-0.00133594637737,0.000492373190355,0.00288045662455,-0.00168744986877,0.00522286584601,-0.00656145950779,-0.00524584576488,0.0244073327631,-0.00688943685964,-0.00318459956907,0.0013552326709],[-0.000131071297801,-0.000687649066094,0.00074885529466,-0.0000870346775628,-0.000759891292546,0.005143890623,-0.0026088822633,0.00104446185287,-0.00208738492802,-0.00688943685964,0.0233774725348,-0.00896241515875,0.000941002101172],[0.000106662984763,0.000719868461601,-0.00119278556667,-0.000292553799227,-0.0000936193609959,-0.00413604080677,0.00277718482539,-0.00169409567025,0.00306987692602,-0.00318459956907,-0.00896241515875,0.0320518985391,-0.0111386375502],[0.000186625984497,-0.00034862771281,0.00162900344003,0.000573131372221,-0.0000823702721391,0.000612557458226,-0.00147419760469,0.00133064354304,-0.00109407759737,0.0013552326709,0.000941002101172,-0.0111386375502,0.0270495954901]],"mean":[-621.224365234,155.468490601,-24.2253189087,28.660451889,-6.11895227432,21.436422348,-1.97022938728,11.9198884964,3.0442378521,7.41853904724,3.2522418499,4.60288143158,3.72860908508]},"pitch_salience":{"dmean":0.0810538679361,"dmean2":0.135190740228,"dvar":0.00539661105722,"dvar2":0.0144576365128,"max":0.937809586525,"mean":0.565344572067,"median":0.589937210083,"min":0.0747864842415,"var":0.0151863126084},"silence_rate_20dB":{"dmean":0,"dmean2":0,"dvar":0,"dvar2":0,"max":1,"mean":1,"median":1,"min":1,"var":0},"silence_rate_30dB":{"dmean":0.0680727958679,"dmean2":0.136155948043,"dvar":0.0634415373206,"dvar2":0.14518982172,"max":1,"mean":0.918075203896,"median":1,"min":0,"var":0.075213432312},"silence_rate_60dB":{"dmean":0.000761440664064,"dmean2":0.00152299727779,"dvar":0.000761227100156,"dvar2":0.00167257292196,"max":1,"mean":0.0165220033377,"median":0,"min":0,"var":0.0162506625056},"spectral_centroid":{"dmean":195.385025024,"dmean2":291.841888428,"dvar":46833.9570312,"dvar2":83261.0390625,"max":10868.2070312,"mean":1293.65686035,"median":1226.18945312,"min":155.843154907,"var":316533.28125},"spectral_complexity":{"dmean":3.63770651817,"dmean2":5.6602191925,"dvar":10.9885377884,"dvar2":23.5903072357,"max":62,"mean":28.2152423859,"median":30,"min":0,"var":113.57131958},"spectral_contrast_coeffs":{"dmean":[0.0525523610413,0.0484054200351,0.0378280393779,0.0265912227333,0.019384784624,0.0428253486753],"dmean2":[0.0888405442238,0.0819298923016,0.0642717406154,0.0454946756363,0.0326621867716,0.065533220768],"dvar":[0.00167165242601,0.00143351219594,0.000878051621839,0.000426574377343,0.000251932739047,0.00122121919412],"dvar2":[0.00469670956954,0.00409366888925,0.00250257295556,0.00121763674542,0.000684560043737,0.00291381380521],"max":[-0.379764378071,-0.487466692924,-0.594306945801,-0.672766327858,-0.655783653259,-0.401426255703],"mean":[-0.716116309166,-0.774833798409,-0.799787163734,-0.817395746708,-0.813336193562,-0.694242537022],"median":[-0.721832156181,-0.78120470047,-0.802597045898,-0.817145764828,-0.809911370277,-0.691362500191],"min":[-0.957926273346,-0.967644512653,-0.977133512497,-0.979400277138,-0.96750330925,-0.958488404751],"var":[0.00474947923794,0.00365295447409,0.0021341717802,0.00110948458314,0.00105433992576,0.00592448376119]},"spectral_contrast_valleys":{"dmean":[0.38090133667,0.332843929529,0.281938999891,0.235265940428,0.216072514653,0.558325350285],"dmean2":[0.640111267567,0.561213552952,0.468663811684,0.38638395071,0.331999152899,0.889048218727],"dvar":[0.101577103138,0.0836712121964,0.0679110884666,0.0590908378363,0.0721380338073,0.229090481997],"dvar2":[0.255454927683,0.206783875823,0.154078066349,0.125286459923,0.145035013556,0.550026834011],"max":[-5.0795545578,-4.54638338089,-5.0308804512,-5.48838996887,-5.45533466339,-8.98080825806],"mean":[-6.54830694199,-6.07485532761,-6.39877939224,-6.75558900833,-7.17422437668,-10.859005928],"median":[-6.45629882812,-5.91736555099,-6.18894767761,-6.49083614349,-6.99973201752,-10.783613205],"min":[-27.521150589,-27.0697803497,-27.4962902069,-27.0902233124,-27.2703609467,-27.2584819794],"var":[1.03080129623,0.934906899929,0.955806076527,1.00395870209,0.853604197502,0.66847383976]},"spectral_decrease":{"dmean":4.73682737478e-9,"dmean2":7.91980703241e-9,"dvar":4.30011198012e-17,"dvar2":1.14066194768e-16,"max":1.17867351435e-8,"mean":-9.39910815845e-9,"median":-7.88165444021e-9,"min":-8.20486718567e-8,"var":5.65048730796e-17},"spectral_energy":{"dmean":0.0183859802783,"dmean2":0.0306167025119,"dvar":0.000617175537627,"dvar2":0.00164463848341,"max":0.3416005373,"mean":0.0616833679378,"median":0.0567990168929,"min":1.08093143249e-20,"var":0.00110639992636},"spectral_energyband_high":{"dmean":0.000412828783737,"dmean2":0.000588292255998,"dvar":4.41761272896e-7,"dvar2":7.13387635187e-7,"max":0.0205465164036,"mean":0.00171960704029,"median":0.00148095516488,"min":7.6035185076e-21,"var":0.00000224902169066},"spectral_energyband_low":{"dmean":0.0151453111321,"dmean2":0.0257751103491,"dvar":0.000543980335351,"dvar2":0.00147304066923,"max":0.294129341841,"mean":0.0245350059122,"median":0.0180436503142,"min":5.39896845295e-23,"var":0.000559731794056},"spectral_energyband_middle_high":{"dmean":0.00210188119672,"dmean2":0.00341723207384,"dvar":0.00000508876883032,"dvar2":0.0000130250955408,"max":0.0448159612715,"mean":0.00845510791987,"median":0.00835069641471,"min":1.8583618164e-21,"var":0.0000275959882856},"spectral_energyband_middle_low":{"dmean":0.0048608132638,"dmean2":0.00783681869507,"dvar":0.0000385153107345,"dvar2":0.0000994390356936,"max":0.119598962367,"mean":0.014147146605,"median":0.0114812664688,"min":2.15356300822e-22,"var":0.000148637365783},"spectral_entropy":{"dmean":0.113598234951,"dmean2":0.172718897462,"dvar":0.0174380447716,"dvar2":0.0420439913869,"max":9.7848033905,"mean":7.71637439728,"median":7.75884914398,"min":5.00624513626,"var":0.106256432831},"spectral_flux":{"dmean":0.0267856754363,"dmean2":0.0438565351069,"dvar":0.00102949189022,"dvar2":0.00226136832498,"max":0.472952753305,"mean":0.137664362788,"median":0.134867727757,"min":1.03967855158e-10,"var":0.00250299205072},"spectral_kurtosis":{"dmean":3.20640277863,"dmean2":5.00076150894,"dvar":21.5453605652,"dvar2":55.1988792419,"max":135.780548096,"mean":18.2233886719,"median":17.7628898621,"min":-1.19282364845,"var":53.1268386841},"spectral_rms":{"dmean":0.00110455742106,"dmean2":0.00181770848576,"dvar":0.00000147712989929,"dvar2":0.0000038790990402,"max":0.0182556509972,"mean":0.00746532250196,"median":0.00744403619319,"min":3.24741015328e-12,"var":0.00000444785882792},"spectral_rolloff":{"dmean":3798.20117188,"dmean2":7207.73144531,"dvar":45813112,"dvar2":115611184,"max":22050,"mean":15151.3398438,"median":20650.3417969,"min":43.06640625,"var":78345152},"spectral_skewness":{"dmean":0.270312994719,"dmean2":0.411535710096,"dvar":0.117177069187,"dvar2":0.28423500061,"max":9.82387161255,"mean":2.92334294319,"median":2.92273688316,"min":-0.0019787712954,"var":0.495201826096},"spectral_spread":{"dmean":390452.96875,"dmean2":606645.3125,"dvar":227782377472,"dvar2":437528231936,"max":40008324,"mean":4287804.5,"median":4148043.75,"min":1600159.125,"var":822986342400},"spectral_strongpeak":{"dmean":2.449655056,"dmean2":4.54174947739,"dvar":126.024406433,"dvar2":350.648071289,"max":213.187225342,"mean":2.77192306519,"median":0.180509492755,"min":0,"var":170.480300903},"zerocrossingrate":{"dmean":0.0329930223525,"dmean2":0.0431794263422,"dvar":0.000774873537011,"dvar2":0.00126879196614,"max":0.8662109375,"mean":0.292661786079,"median":0.291259765625,"min":0.01220703125,"var":0.0111844623461}},"metadata":{"audio_properties":{"analysis_sample_rate":44100,"bit_rate":192000,"codec":"mp3","downmix":"mix","equal_loudness":0,"length":304.927337646,"lossless":false,"md5_encoded":"8396d9efcfc7b48bece4d434f3a11a3d","replay_gain":-9.05884361267,"sample_rate":44100},"tags":{"album":["Celebrity Skin"],"album artist credit":["Hole"],"albumartist":["Hole"],"albumartistsort":["Hole"],"artist":["Hole"],"artist credit":["Hole"],"artistsort":["Hole"],"asin":["B00000AFWW"],"bpm":["0"],"catalognumber":["425 164-2"],"composer":["Love, Erlandson, Auf Der Maur, Schemel"],"date":["1998-09-07"],"discnumber":["1/1"],"encodedby":["iTunes v4.8.0.32"],"file_name":"07 - Hole - Use Once & Destroy.mp3","genre":["Alternative Pop / Rock"],"label":["Geffen Records"],"language":["eng"],"media":["CD"],"musicbrainz album release country":["XE"],"musicbrainz album status":["Official"],"musicbrainz album type":["album"],"musicbrainz_albumartistid":["1dcc8968-f2cd-441c-beda-6270f70f2863"],"musicbrainz_albumid":["1194c9bb-abd6-4d4f-aa1e-07f1ae59d4a2"],"musicbrainz_artistid":["1dcc8968-f2cd-441c-beda-6270f70f2863"],"musicbrainz_recordingid":["4f808321-c2f5-4c4a-93ee-7fc73f2a01fd"],"musicbrainz_releasegroupid":["bdf37fad-7332-3efb-8e7e-073d1c756c7e"],"originaldate":["1998-09-02"],"replaygain_album_gain":["0.00 dB"],"replaygain_album_peak":["0.000000"],"replaygain_track_gain":["-9.41 dB"],"replaygain_track_peak":["1.093781"],"script":["Latn"],"title":["Use Once & Destroy"],"tracknumber":["7/12"]},"version":{"essentia":"2.1-beta1","essentia_build_sha":"ca57ba49d9b1854bd80e60cf9ccf267278fb7d6b","essentia_git_sha":"v2.1_beta1-28-g21ef5f4-dirty","extractor":"music 1.0"}},"rhythm":{"beats_count":730,"beats_loudness":{"dmean":0.0215987954289,"dmean2":0.0384507589042,"dvar":0.000492854509503,"dvar2":0.00142795254942,"max":0.209324285388,"mean":0.0637478083372,"median":0.0591890700161,"min":6.29303609223e-10,"var":0.000992872053757},"beats_loudness_band_ratio":{"dmean":[0.166290193796,0.0670090168715,0.0603389553726,0.