{"lowlevel":{"average_loudness":0.598460257053,"barkbands":{"dmean":[0.0000058088003243,0.000955941563006,0.000984170474112,0.000688250991516,0.00102553342003,0.00206642760895,0.000498058507219,0.000554548285436,0.000371828326024,0.000148078717757,0.000147269718582,0.0000951133988565,0.000151652740897,0.0000946474683587,0.000119838266983,0.000205228643608,0.0000769655089243,0.000130686079501,0.0000569942130824,0.0000464172735519,0.0000609243033978,0.0000545775983483,0.000030684605008,0.0000312288429996,0.0000159757619258,0.00000636623553874,6.51761367099e-10],"dmean2":[0.0000102353114926,0.00145384273492,0.00148349360097,0.0010843873024,0.00152617343701,0.00270745926537,0.000715062720701,0.000743957643863,0.000544997339603,0.000221812530071,0.0002296854218,0.000141385142342,0.000228402161156,0.000146081205457,0.000195495100343,0.000338527257554,0.000126914441353,0.000210882149986,0.0000901755338418,0.0000740087998565,0.0000937911172514,0.0000810817800811,0.0000456203451904,0.0000419216412411,0.0000215598611248,0.00000890778846951,1.20862986286e-9],"dvar":[4.77259287646e-10,0.00000325566247739,0.00000325986570715,0.00000189522552319,0.00000540401651961,0.0000298895138258,0.0000038578400563,0.00000418232639277,0.0000017760027049,3.28590971321e-7,1.52241867113e-7,6.17165341055e-8,1.60510197134e-7,6.53566161191e-8,1.5725417768e-7,5.23635549143e-7,4.56712534458e-8,1.84257501701e-7,3.35308065758e-8,2.27683010223e-8,1.80411543482e-8,1.31046125063e-8,1.22617915821e-8,1.78395769268e-8,4.45646719527e-9,1.09271880433e-9,1.30626439139e-18],"dvar2":[1.40003364457e-9,0.00000680576295053,0.00000691075365467,0.00000463126843897,0.0000103828824649,0.0000533101956535,0.00000807441028883,0.00000740676841815,0.00000345085186382,6.32225862773e-7,3.63126702041e-7,1.04084335817e-7,3.36896420094e-7,1.41403674547e-7,4.11343393125e-7,0.00000145636192883,1.24767097986e-7,4.7618900112e-7,8.04948285804e-8,5.18610718814e-8,4.42622649643e-8,2.83429297809e-8,2.83921668398e-8,2.60700723231e-8,8.26159940459e-9,2.66975219709e-9,4.12695545008e-18],"max":[0.000290754745947,0.0236710831523,0.0289450027049,0.0211155377328,0.0476289056242,0.0876205563545,0.0573395453393,0.0496013052762,0.0409287661314,0.030061647296,0.0133514227346,0.0143900671974,0.010998330079,0.00493099633604,0.0126716531813,0.0203559342772,0.00930728949606,0.0138437235728,0.00626122578979,0.00516695622355,0.00299798045307,0.00187312706839,0.00368904485367,0.00848403666168,0.00296964147128,0.00179516791832,1.31807240678e-8],"mean":[0.00000549291053176,0.00166644295678,0.00158201274462,0.00108390743844,0.00264054327272,0.00500668259338,0.00102561095264,0.00114343792666,0.000699112657458,0.000314499950036,0.000256826577242,0.000178761401912,0.000311253214022,0.000162312353496,0.000181530544069,0.000382631784305,0.000140665884828,0.000286376627628,0.000105442493805,0.0000928173249122,0.000136755726999,0.000127301347675,0.0000666211271891,0.0000703897676431,0.0000314854551107,0.0000115549655675,5.47222045455e-10],"median":[4.95689221225e-7,0.000356920354534,0.000594005570747,0.000367959990399,0.000551503384486,0.000382112542866,0.000146544800373,0.0000786915406934,0.000122960773297,0.00010040163761,0.0000954370043473,0.0000831816141726,0.0000775357621023,0.0000494285377499,0.0000498613007949,0.0000412984845752,0.0000418291820097,0.0000430945656262,0.0000448290193162,0.0000383775986847,0.0000614488017163,0.0000578930776101,0.0000206288732443,0.000012811691704,0.00000345872103935,5.49805065475e-7,1.57082874486e-10],"min":[2.56762736863e-25,1.23198251531e-24,1.15481840953e-24,9.56853666761e-25,1.38763662454e-23,9.29651987533e-24,5.93018375777e-24,4.92319965681e-24,1.66850928767e-23,1.07126332741e-23,1.74849820574e-23,3.01061696284e-23,2.45161687254e-23,3.62710229394e-23,3.70821896756e-23,4.9459414123e-23,5.08894075295e-23,9.35435994577e-23,1.45863764011e-22,1.44969612263e-22,2.14178764993e-22,3.26453664697e-22,3.34607381501e-22,6.35605299958e-22,7.58782055423e-22,1.33052476108e-21,1.96302722497e-21],"var":[4.26412932741e-10,0.00000728723534849,0.00000640147254671,0.00000376647972189,0.0000322991472785,0.000129763910081,0.0000124314965433,0.0000174229298864,0.00000538360336577,0.00000165295966781,3.01479929021e-7,1.91463996657e-7,4.44445390713e-7,1.40322413245e-7,2.1502900438e-7,0.00000142788678659,7.47525206179e-8,8.22098115805e-7,5.34299502419e-8,4.02316224779e-8,4.2719900506e-8,3.73133985931e-8,3.07852694448e-8,9.15493103548e-8,1.26809700518e-8,2.13007300687e-9,1.08371227477e-18]},"barkbands_crest":{"dmean":2.76963591576,"dmean2":4.0947728157,"dvar":6.87032699585,"dvar2":14.0027837753,"max":26.5546302795,"mean":12.0496482849,"median":11.2812900543,"min":2.23779082298,"var":25.533870697},"barkbands_flatness_db":{"dmean":0.0243684407324,"dmean2":0.0340933948755,"dvar":0.000633733638097,"dvar2":0.00109335081652,"max":0.41386076808,"mean":0.172173187137,"median":0.166603475809,"min":0.0351775698364,"var":0.0034779352136},"barkbands_kurtosis":{"dmean":4.11676979065,"dmean2":5.96149587631,"dvar":106.091316223,"dvar2":217.397155762,"max":510.654785156,"mean":8.10220241547,"median":4.11702251434,"min":-1.95307636261,"var":290.703125},"barkbands_skewness":{"dmean":0.637994408607,"dmean2":0.904360771179,"dvar":0.512708425522,"dvar2":0.972288310528,"max":19.1031589508,"mean":2.06612014771,"median":1.92370069027,"min":-2.3557240963,"var":2.40943336487},"barkbands_spread":{"dmean":5.28539228439,"dmean2":7.71671962738,"dvar":45.5859870911,"dvar2":89.3562850952,"max":111.187515259,"mean":19.8077583313,"median":16.5544013977,"min":0.307282060385,"var":207.631072998},"dissonance":{"dmean":0.0151342144236,"dmean2":0.024684285745,"dvar":0.000287735863822,"dvar2":0.000737406953704,"max":0.499935269356,"mean":0.455166846514,"median":0.462779045105,"min":0.269471138716,"var":0.0010480399942},"dynamic_complexity":6.40052986145,"erbbands":{"dmean":[0.0111421141773,0.273031353951,1.08383584023,1.61877548695,2.36686229706,4.11086082458,9.54587173462,20.5755062103,6.41146993637,9.29578590393,12.2139377594,8.74992275238,5.35599708557,4.12211084366,5.33323955536,4.04250717163,6.21845245361,4.97013807297,6.69422101974,8.79670238495,6.31074666977,4.10191869736,7.30286598206,3.49141311646,2.35979580879,2.04471492767,2.60629034042,2.0524122715,1.91855406761,1.56318795681,0.863641619682,0.750841975212,0.497541189194,0.213230118155,0.113580979407,0.0424989536405,0.00876009557396,0.00077764649177,0.000016502717699,0.00000601516649112],"dmean2":[0.0179913975298,0.412650287151,1.61595892906,2.51811432838,3.65064573288,5.9376039505,13.2083463669,26.1988220215,8.75778198242,12.8237504959,16.369184494,12.7654056549,7.85226154327,6.1169462204,8.33682441711,5.89600324631,9.33648300171,7.53609132767,10.4432268143,14.3853607178,10.3431863785,6.64602470398,11.8010654449,5.5400853157,3.71216583252,3.22847318649,3.97118020058,3.19561505318,2.93332052231,2.26159691811,1.27602124214,1.04487001896,0.681107759476,0.288411855698,0.153793692589,0.0611902549863,0.0118986926973,0.00112371775322,0.0000227884247579,0.00000823058780952],"dvar":[0.000618432590272,0.252324700356,3.4685549736,10.5521059036,23.4789905548,119.176399231,676.665588379,3463.35327148,563.557250977,1068.95129395,2311.55810547,846.998291016,544.911254883,139.584106445,187.21887207,103.853385925,211.854690552,146.337402344,319.881408691,897.952514648,317.972320557,153.813720703,643.832092285,64.2660827637,84.1837158203,47.9265098572,36.6506195068,20.8252410889,14.7478466034,15.4651241302,9.26864242554,11.6019773483,5.87606859207,0.812986850739,0.281450748444,0.0615281276405,0.00094862683909,0.00000727123961042,2.66478861199e-9,7.35646960015e-11],"dvar2":[0.00166560523212,0.510964632034,6.74853181839,26.1751842499,50.6193351746,220.187637329,1378.53625488,5750.17480469,1072.51184082,2210.49389648,4184.22802734,1778.12561035,1017.16925049,312.350128174,444.153900146,166.900466919,441.746887207,326.445831299,768.997314453,2358.73461914,876.097290039,406.938171387,1651.45300293,152.646270752,192.086700439,108.948547363,86.3661880493,51.9239959717,34.8858222961,31.2438545227,20.5126819611,21.8059825897,10.4427318573,1.46013736725,0.560810685158,0.148756742477,0.00190679950174,0.0000154373647092,5.26099785958e-9,1.39360425977e-10],"max":[0.360312461853,6.4764084816,27.5002422333,66.1235122681,113.740585327,292.646820068,604.99798584,1020.27252197,998.802856445,763.570800781,1321.04675293,1162.10876465,1428.26928711,533.119812012,286.34866333,683.899475098,327.487487793,294.153045654,528.178527832,812.863769531,423.340209961,572.516052246,837.02130127,205.453353882,319.445007324,243.395950317,172.71635437,126.189811707,69.8990325928,73.4566650391,110.95652771,169.495437622,132.25,42.9862365723,25.2078876495,14.4937725067,1.02125644684,0.0844884961843,0.00160574063193,0.000154749650392],"mean":[0.0171191487461,0.482514828444,1.86824595928,2.72879648209,4.50559806824,10.5045957565,23.4597568512,50.0938186646,13.2006978989,20.4095630646,26.8919906616,18.1391601562,12.4580726624,8.80308532715,9.37147140503,8.12229537964,13.4100160599,9.83595371246,12.2577953339,16.3756275177,12.6610403061,9.08118915558,15.9702606201,7.10407018661,4.71566104889,4.19067668915,5.65160369873,4.77836513519,4.51722335815,3.32659006119,1.88683652878,1.60151982307,1.02815425396,0.420010268688,0.212933033705,0.0751070082188,0.0165613275021,0.00134833320044,0.0000377129690605,0.000022818781872],"median":[0.00342220347375,0.144354358315,0.792568087578,1.41548538208,1.79064273834,1.84635984898,2.52734708786,3.60443735123,2.90830516815,2.55427908897,2.53167152405,3.33983802795,4.09780788422,3.14289546013,3.70802569389,4.12746715546,4.36185455322,3.97752046585,3.31877565384,2.66481566429,2.83636498451,2.25446105003,2.4614739418,3.35515737534,1.54109334946,1.6799864769,2.22840309143,2.37422013283,1.94702458382,1.25488781929,0.611605286598,0.359880685806,0.137783274055,0.0480752810836,0.0225928090513,0.00486504519358,0.000760227034334,0.0000465763368993,0.000010507837942,0.0000141059827001],"min":[1.05288431983e-22,1.8801233712e-22,2.07260119115e-21,6.33693818041e-21,1.19384958326e-20,2.72178836864e-20,5.26457549896e-20,6.31803395301e-20,8.07789883408e-20,1.39358297272e-19,1.99916952474e-19,2.94080285351e-19,2.74150893605e-19,5.10797831828e-19,1.06081395086e-18,1.48599864099e-18,1.713253176e-18,2.18513965633e-18,1.98030471445e-18,2.98495485947e-18,3.59381727936e-18,3.33636227679e-18,5.55074132021e-18,6.58994486737e-18,5.56071091454e-18,7.19609248049e-18,9.23653115752e-18,9.86448614672e-18,1.23980477187e-17,1.14231293401e-17,1.12803935351e-17,1.13361926577e-17,9.66154482806e-18,8.00915229281e-18,6.25574280679e-18,4.09328299529e-18,2.40407058303e-18,1.02437581769e-18,2.58591962325e-19,2.68466056072e-20],"var":[0.000884279666934,0.572155117989,7.49664258957,18.7527542114,76.0974655151,705.887268066,2445.13427734,16256.515625,1410.50317383,4236.32763672,10640.8623047,2697.75708008,3366.4609375,549.519836426,361.783569336,339.718841553,659.964355469,296.883392334,689.131530762,2378.87133789,885.320617676,383.323272705,2841.36206055,133.475570679,150.038574219,87.3072357178,83.8037338257,49.5021247864,45.3093490601,37.2516365051,26.1567077637,42.5771408081,24.1225986481,2.60890102386,0.651518762112,0.117501296103,0.00274812965654,0.0000201487582672,8.80208173015e-9,5.25508359051e-10]},"erbbands_crest":{"dmean":2.19289922714,"dmean2":3.23567533493,"dvar":5.7660946846,"dvar2":11.6134748459,"max":30.0301952362,"mean":10.1234827042,"median":8.27784156799,"min":2.14217782021,"var":34.4392852783},"erbbands_flatness_db":{"dmean":0.0140936924145,"dmean2":0.0199033431709,"dvar":0.000250486336881,"dvar2":0.000453634740552,"max":0.349346190691,"mean":0.163349404931,"median":0.158801704645,"min":0.0401859134436,"var":0.00202497397549},"erbbands_kurtosis":{"dmean":0.893827140331,"dmean2":1.33232235909,"dvar":3.77604675293,"dvar2":7.29310846329,"max":82.4638061523,"mean":0.849395692348,"median":-0.207170367241,"min":-1.78933298588,"var":12.9141607285},"erbbands_skewness":{"dmean":0.317548364401,"dmean2":0.460269242525,"dvar":0.130482375622,"dvar2":0.248107254505,"max":7.94536304474,"mean":0.576461195946,"median":0.386993736029,"min":-3.31200242043,"var":0.877777457237},"erbbands_spread":{"dmean":7.26452255249,"dmean2":10.7734012604,"dvar":60.0260162354,"dvar2":126.907531738,"max":180.921875,"mean":42.2610244751,"median":40.8875961304,"min":3.2050640583,"var":319.76373291},"gfcc":{"cov":[[32634.7734375,662.954101562,-3580.26489258,1277.33630371,-2021.37756348,104.38104248,-1301.67810059,-340.793273926,-526.40045166,-267.445831299,-437.974365234,-148.027526855,104.846702576],[662.954101562,1391.60595703,-157.980392456,37.3801651001,93.1568374634,-120.436843872,233.808074951,-129.648513794,126.509483337,-147.536605835,63.3364448547,-119.716293335,0.258810251951],[-3580.26489258,-157.980392456,978.26739502,-100.133033752,317.160675049,88.9298782349,146.790283203,167.863769531,23.1265697479,99.9553375244,41.2052230835,76.395401001,-46.8793411255],[1277.33630371,37.3801651001,-100.133033752,372.352996826,58.7421035767,120.952781677,55.2910842896,4.30595111847,18.658946991,-33.4803161621,8.14975166321,1.64335870743,13.4089040756],[-2021.37756348,93.1568374634,317.160675049,58.7421035767,430.312713623,86.9642562866,162.232009888,82.8023452759,83.4577178955,28.2072162628,32.7725296021,65.2849807739,2.81285381317],[104.38104248,-120.436843872,88.9298782349,120.952781677,86.9642562866,274.754486084,111.837257385,93.2800750732,-12.3446741104,43.2718772888,-9.95377635956,-0.214970171452,-60.992099762],[-1301.67810059,233.808074951,146.790283203,55.2910842896,162.232009888,111.837257385,295.030944824,46.4031791687,64.1782836914,-26.488779068,25.9988193512,-51.3556251526,-41.7512130737],[-340.793273926,-129.648513794,167.863769531,4.30595111847,82.8023452759,93.2800750732,46.4031791687,179.48008728,25.7646541595,73.3164291382,-9.64066123962,44.421043396,-30.8793697357],[-526.40045166,126.509483337,23.1265697479,18.658946991,83.4577178955,-12.3446741104,64.1782836914,25.7646541595,122.604171753,8.92992401123,31.9434337616,7.31083250046,19.5575313568],[-267.445831299,-147.536605835,99.9553375244,-33.4803161621,28.2072162628,43.2718772888,-26.488779068,73.3164291382,8.92992401123,114.81463623,11.1230096817,42.9317741394,-8.69505691528],[-437.974365234,63.3364448547,41.2052230835,8.14975166321,32.7725296021,-9.95377635956,25.9988193512,-9.64066123962,31.9434337616,11.1230096817,77.9999923706,17.1236248016,24.5467987061],[-148.027526855,-119.716293335,76.395401001,1.64335870743,65.2849807739,-0.214970171452,-51.3556251526,44.421043396,7.31083250046,42.9317741394,17.1236248016,138.292495728,40.008972168],[104.846702576,0.258810251951,-46.8793411255,13.4089040756,2.81285381317,-60.992099762,-41.7512130737,-30.8793697357,19.5575313568,-8.69505691528,24.5467987061,40.008972168,105.581123352]],"icov":[[0.00013781186135,-0.000261950597633,0.000263952591922,-0.000445881101768,0.00042096155812,-0.000300590094412,0.00056967191631,-0.000339721882483,0.000259386346443,-0.0000446001213277,0.000411066022934,-0.000112614128739,-0.000125948514324],[-0.000261950597633,0.00169306725729,-0.000265435519395,0.000811647041701,-0.00104363914579,0.00128291477449,-0.00195656646974,0.00104263087269,-0.00114087725524,0.00076648639515,-0.00139727059286,0.000539605389349,0.000730022613425],[0.000263952591922,-0.000265435519395,0.00232907081954,-0.000317925965646,-0.000379152857931,-0.000135836307891,0.000431755033787,-0.00158750941046,0.00143591652159,-0.000515738327522,-0.000237917105551,-0.000364647712559,0.000336148892529],[-0.000445881101768,0.000811647041701,-0.000317925965646,0.00535466428846,-0.00187253125478,-0.00151660095435,-0.00139803776983,0.00100014847703,-0.00141831533983,0.00206578755751,-0.00192538672127,0.000247425690759,-0.000680243363604],[0.00042096155812,-0.00104363914579,-0.000379152857931,-0.00187253125478,0.00594097469002,-0.00147380004637,0.0000634101452306,-0.000653271912597,-0.00110130431131,-0.000224607036216,0.00215254467912,-0.00269765406847,-0.000814354745671],[-0.000300590094412,0.00128291477449,-0.000135836307891,-0.00151660095435,-0.00147380004637,0.00881857890636,-0.00451934477314,-0.000984152080491,0.0020183196757,-0.00266963429749,-0.000802915834356,0.000179526061402,0.0030111761298],[0.00056967191631,-0.00195656646974,0.000431755033787,-0.00139803776983,0.0000634101452306,-0.00451934477314,0.0107160005718,-0.00295607349835,-0.00119408231694,0.00323002762161,-0.000437512644567,0.00265701767057,0.000150973210111],[-0.000339721882483,0.00104263087269,-0.00158750941046,0.00100014847703,-0.000653271912597,-0.000984152080491,-0.00295607349835,0.0122581580654,-0.00360504747368,-0.00460272748023,0.0027014745865,-0.00262469262816,0.00202324753627],[0.000259386346443,-0.00114087725524,0.00143591652159,-0.00141831533983,-0.00110130431131,0.0020183196757,-0.00119408231694,-0.00360504747368,0.013815049082,-0.00224742945284,-0.00233736517839,0.000648818444461,-0.00221495819278],[-0.0000446001213277,0.00076648639515,-0.000515738327522,0.00206578755751,-0.000224607036216,-0.00266963429749,0.00323002762161,-0.00460272748023,-0.00224742945284,0.016490355134,-0.00424664793536,-0.00114943902008,0.00114321603905],[0.000411066022934,-0.00139727059286,-0.000237917105551,-0.00192538672127,0.00215254467912,-0.000802915834356,-0.000437512644567,0.0027014745865,-0.00233736517839,-0.00424664793536,0.0193247906864,-0.00257075205445,-0.00360544444993],[-0.000112614128739,0.000539605389349,-0.000364647712559,0.000247425690759,-0.00269765406847,0.000179526061402,0.00265701767057,-0.00262469262816,0.000648818444461,-0.00114943902008,-0.00257075205445,0.012692546472,-0.0040510809049],[-0.000125948514324,0.000730022613425,0.000336148892529,-0.000680243363604,-0.000814354745671,0.0030111761298,0.000150973210111,0.00202324753627,-0.00221495819278,0.00114321603905,-0.00360544444993,-0.0040510809049,0.0151207502931]],"mean":[-85.4128189087,101.585990906,-119.883636475,41.5592308044,-68.2007827759,13.9577875137,-38.0073509216,-2.1367688179,-21.6081867218,-1.55091369152,-15.6767339706,-2.00935506821,-10.778676033]},"hfc":{"dmean":2.91532230377,"dmean2":3.9393992424,"dvar":23.108423233,"dvar2":45.9193458557,"max":119.830383301,"mean":11.8008794785,"median":6.40515232086,"min":1.07794048142e-16,"var":183.23274231},"melbands":{"dmean":[0.000183706579264,0.000501652772073,0.000299913343042,0.000211767764995,0.000309601076879,0.000424010038842,0.0000965970102698,0.000103320548078,0.0000952252448769,0.0000532406702405,0.0000261224267888,0.0000164269549714,0.0000178942627826,0.0000109209486254,0.0000113082060125,0.0000176709127118,0.00000871509746503,0.0000110946066343,0.00000816442752694,0.0000195463580894,0.00000516439877174,0.00000482849918626,0.00000793663184595,0.00000451990308648,0.00000298969371215,0.00000198386942429,0.00000168784163179,0.0000014302904674,0.00000164038658568,0.00000180444010311,0.00000114622457659,0.00000117858564863,0.0000011540092828,7.84971348367e-7,5.20141270499e-7,5.63741139104e-7,4.46774066631e-7,3.8447817019e-7,2.83933729861e-7,1.6701173422e-7],"dmean2":[0.000286008318653,0.00074595073238,0.000460907787783,0.00031610680162,0.000427977356594,0.000545057235286,0.000133843626827,0.000140935808304,0.000130042535602,0.0000785320880823,0.0000383299338864,0.0000244975835813,0.000028219397791,0.0000165594665305,0.0000165040019056,0.000026619167329,0.0000134754327519,0.0000172829768417,0.0000130901025841,0.0000322572632285,0.00000847465980769,0.0000080088575487,0.0000129526706587,0.00000725550762581,0.00000479249865748,0.00000312233123623,0.00000271779936156,0.00000226784823099,0.00000251902429227,0.0000028424692573,0.00000184480836651,0.00000184753628218,0.00000171345448052,0.00000117766217045,8.0057031937e-7,8.36139690819e-7,6.36277889043e-7,5.47892398117e-7,4.05078850463e-7,2.38705126776e-7],"dvar":[1.27882685774e-7,6.88770626311e-7,3.02902975591e-7,2.34207263361e-7,5.74660305119e-7,0.00000138988400522,1.25784097804e-7,1.15935101519e-7,1.3640232055e-7,3.0804734763e-8,1.32728938951e-8,2.50003617808e-9,2.3628572432e-9,6.17327078345e-10,9.4677987672e-10,2.45824827161e-9,5.26438781456e-10,8.54806447848e-10,9.24567755689e-10,5.43057687707e-9,1.62893920574e-10,2.10817113766e-10,8.316807798e-10,1.82266313153e-10,4.57562772394e-11,7.3353871588e-11,4.24583146419e-11,1.93275950799e-11,1.58874493422e-11,1.52726286479e-11,6.28093627456e-12,5.06593812039e-12,8.83341837177e-12,4.13631628948e-12,3.13782268398e-12,8.00181362143e-12,4.32018049806e-12,3.71993278195e-12,1.56384616628e-12,5.80066105826e-13],"dvar2":[3.02177852518e-7,0.00000131672027237,7.35728463042e-7,4.49490414667e-7,0.00000115681189072,0.00000234764070228,2.48486941246e-7,2.30056500072e-7,2.51345909419e-7,6.39868105168e-8,2.50800695767e-8,5.42060174524e-9,5.72030245394e-9,1.34040567534e-9,1.62437518991e-9,5.08180342251e-9,1.19056586811e-9,1.96400296026e-9,2.40525221962e-9,1.50657353259e-8,4.25958601724e-10,5.84472026333e-10,2.12865902682e-9,4.54263349159e-10,1.07353674561e-10,1.84374654433e-10,9.76885447534e-11,4.41238712234e-11,3.69524202903e-11,3.8087071691e-11,1.6424792082e-11,1.2654567498e-11,1.9373860155e-11,9.17962494212e-12,7.4517961246e-12,1.85060630015e-11,8.65373744885e-12,6.72180800604e-12,3.24970063879e-12,1.15773861852e-12],"max":[0.00452935742214,0.012259202078,0.00967995170504,0.0113135371357,0.0160228032619,0.0207159202546,0.0133303627372,0.00948939658701,0.0113760940731,0.00658596819267,0.00691119395196,0.00236600125208,0.00147872406524,0.00107144459616,0.00168295984622,0.00134021241684,0.000637444667518,0.000890146999154,0.00122221151832,0.00217358674854,0.0003700122179,0.000643392966595,0.0011049589375,0.000349330483004,0.000146228732774,0.000343492312822,0.000254188140389,0.000149530853378,0.000119113836263,0.0000687966748956,0.0000733786728233,0.0000413357156503,0.0000746049045119,0.0000486480894324,0.0000556680897716,0.000100308301626,0.000110641260108,0.0000998607865768,0.0000644659376121,0.0000390859422623],"mean":[0.00030759270885,0.000896830810234,0.000534872175194,0.000500126741827,0.000800166744739,0.00102951109875,0.000201032395125,0.000222560454858,0.000207932243939,0.000106431012682,0.0000582386564929,0.0000335798722517,0.0000308623057208,0.0000203814124689,0.0000207490229513,0.0000372536014766,0.0000150003270392,0.0000201798138733,0.0000123058753161,0.0000357673598046,0.00000977472427621,0.00000849851585372,0.0000166305690072,0.00000944344355958,0.00000551071707378,0.00000345993885276,0.00000312453789775,0.00000267968130174,0.00000335472304869,0.0000036016579088,0.00000244914690484,0.00000260860997514,0.00000233996661336,0.00000156189275913,0.0000010343970871,0.00000112162501864,8.79324659309e-7,7.75158639499e-7,5.14678220043e-7,3.01667085978e-7],"median":[0.0000612111398368,0.000391755747842,0.000293525110465,0.000133340916364,0.0000966381194303,0.0000742319170968,0.0000412481676904,0.0000234621420532,0.0000191311955859,0.000019711744244,0.0000172665550053,0.00000996286144073,0.0000118475891213,0.00000983784866548,0.00000971498775471,0.0000075320713222,0.00000569761232327,0.00000476065815747,0.00000349845095116,0.00000273005093732,0.00000304874265566,0.00000239498399424,0.00000181574591807,0.00000229738498092,0.00000270660279966,9.22704316508e-7,0.00000101617115433,9.75761508926e-7,0.00000121903940453,0.00000155171835559,0.00000112974078093,0.00000114645172289,8.04867966053e-7,5.80235678171e-7,3.11393534957e-7,2.90666889669e-7,1.67013752161e-7,9.35882980002e-8,4.99773307183e-8,2.80118257479e-8],"min":[1.04281988251e-24,8.84125720288e-25,1.40104753603e-24,1.76175280444e-24,2.57131539196e-24,1.2969820901e-24,1.11848110966e-24,1.2565503063e-24,1.80479384429e-24,1.87031130626e-24,1.09627428074e-24,1.92217555812e-24,2.49282156253e-24,2.9239271447e-24,2.60266117446e-24,3.43238270799e-24,2.93616789936e-24,2.33539490256e-24,3.49900753346e-24,3.14077593564e-24,4.10221396895e-24,3.02359755071e-24,3.85577145557e-24,4.72374288224e-24,4.71479049426e-24,3.67721594512e-24,3.85003407021e-24,3.55469164704e-24,5.31517714644e-24,4.80346674305e-24,5.42418865164e-24,5.59509221131e-24,5.67000480945e-24,5.94464397259e-24,5.98216338054e-24,4.70808359884e-24,6.20209109559e-24,6.55220768128e-24,6.09970483871e-24,5.43525163697e-24],"var":[2.44878464173e-7,0.00000154772158112,6.12768303654e-7,0.00000123069708025,0.00000237923381974,0.0000064439259404,3.71555387346e-7,4.72872670798e-7,6.35347817024e-7,1.02393237e-7,8.13598219906e-8,1.06000772604e-8,4.21356105562e-9,1.51877577181e-9,2.79736589448e-9,7.25375226551e-9,9.00401309067e-10,2.05956296462e-9,1.11654130386e-9,1.43825982235e-8,3.34789335144e-10,3.0240868143e-10,3.7256140395e-9,5.71040770225e-10,8.94153848185e-11,9.98278543163e-11,6.98737942506e-11,3.54884524545e-11,3.39158527651e-11,3.08909911539e-11,1.51302685658e-11,1.49396016391e-11,1.98218524927e-11,9.18650919224e-12,7.45619711806e-12,1.71454569292e-11,1.51877226073e-11,1.43876733444e-11,5.04326962136e-12,1.34327878681e-12]},"melbands_crest":{"dmean":3.64683055878,"dmean2":5.58344984055,"dvar":11.9647274017,"dvar2":25.9523124695,"max":33.7618179321,"mean":16.6354312897,"median":16.2070045471,"min":1.00049889088,"var":37.3966064453},"melbands_flatness_db":{"dmean":0.0302536841482,"dmean2":0.0414975471795,"dvar":0.00102386134677,"dvar2":0.00175717135426,"max":0.495885938406,"mean":0.215208426118,"median":0.214277818799,"min":1.81202011618e-7,"var":0.00639689853415},"melbands_kurtosis":{"dmean":9.39967632294,"dmean2":13.6497831345,"dvar":198.675231934,"dvar2":396.685516357,"max":304.344207764,"mean":20.5259075165,"median":12.7068881989,"min":-1.78281497955,"var":588.580993652},"melbands_skewness":{"dmean":0.86849796772,"dmean2":1.25211310387,"dvar":0.841645240784,"dvar2":1.61289858818,"max":12.6494617462,"mean":3.25645208359,"median":2.94163370132,"min":-0.636095881462,"var":3.34026217461},"melbands_spread":{"dmean":7.22064781189,"dmean2":10.5423564911,"dvar":125.288169861,"dvar2":251.331558228,"max":264.903808594,"mean":21.1856689453,"median":13.3232154846,"min":0.482576429844,"var":543.90411377},"mfcc":{"cov":[[15040.3759766,28.8096523285,-656.542480469,268.710418701,-305.921539307,-8.0751953125,-622.370727539,-259.561126709,-282.216491699,-240.876220703,-359.236328125,-270.023132324,-327.670898438],[28.8096523285,1385.01757812,13.0361566544,169.607818604,-54.891494751,83.9900131226,16.7035865784,86.0449829102,14.5585546494,-0.647452950478,48.7375030518,9.02386665344,-44.6607894897],[-656.542480469,13.0361566544,425.698120117,7.31550931931,87.5954589844,20.5024204254,123.219703674,49.2973403931,36.074432373,50.7424316406,48.8497390747,45.4295387268,56.3868980408],[268.710418701,169.607818604,7.31550931931,240.046722412,76.0378952026,71.0508499146,17.4776363373,66.4467926025,36.3449707031,-21.5852565765,5.96904802322,17.7922286987,24.9616584778],[-305.921539307,-54.891494751,87.5954589844,76.0378952026,260.472320557,42.6113166809,52.5115737915,49.768901825,70.5025558472,-22.1629009247,24.7073059082,46.0758323669,61.0299949646],[-8.0751953125,83.9900131226,20.5024204254,71.0508499146,42.6113166809,191.209594727,100.497322083,91.528427124,41.4300193787,28.1847667694,34.3005485535,30.2445640564,1.47043609619],[-622.370727539,16.7035865784,123.219703674,17.4776363373,52.5115737915,100.497322083,213.146453857,96.5124130249,61.8642044067,71.2030334473,42.112361908,52.3275413513,39.8269004822],[-259.561126709,86.0449829102,49.2973403931,66.4467926025,49.768901825,91.528427124,96.5124130249,164.436538696,69.3238296509,26.8513240814,55.09815979,36.5799369812,29.2999286652],[-282.216491699,14.5585546494,36.074432373,36.3449707031,70.5025558472,41.4300193787,61.8642044067,69.3238296509,118.290412903,32.9524116516,31.8649959564,44.2654342651,37.2328186035],[-240.876220703,-0.647452950478,50.7424316406,-21.5852565765,-22.1629009247,28.1847667694,71.2030334473,26.8513240814,32.9524116516,135.930114746,49.927154541,6.01271247864,-1.44061875343],[-359.236328125,48.7375030518,48.8497390747,5.96904802322,24.7073059082,34.3005485535,42.112361908,55.09815979,31.8649959564,49.927154541,111.501846313,23.179101944,13.3616275787],[-270.023132324,9.02386665344,45.4295387268,17.7922286987,46.0758323669,30.2445640564,52.3275413513,36.5799369812,44.2654342651,6.01271247864,23.179101944,115.75566864,33.9221038818],[-327.670898438,-44.6607894897,56.3868980408,24.9616584778,61.0299949646,1.47043609619,39.8269004822,29.2999286652,37.2328186035,-1.44061875343,13.3616275787,33.9221038818,107.181381226]],"icov":[[0.0000891691161087,0.000018304634068,0.00002541583126,-0.000133554654894,0.0000383551850973,-0.000132621615194,0.000244318274781,-0.0000198844591068,0.0000543872556591,-0.0000533493293915,0.000210440921364,0.0000321669649566,0.000136570059112],[0.000018304634068,0.000875237456057,-0.000112044690468,-0.000710468098987,0.000454913330032,-0.000099434175354,0.0000675407936797,-0.000191171828192,-0.0000729933599359,0.000222583897994,-0.000365482177585,-0.0000564128422411,0.000506326032337],[0.00002541583126,-0.000112044690468,0.00320388004184,0.0000315103825415,-0.000888847338501,0.000817075546365,-0.00170788005926,0.0000594063458266,0.000813396763988,-0.000567132607102,-0.000553397985641,-0.000270954536973,-0.000683998980094],[-0.000133554654894,-0.000710468098987,0.0000315103825415,0.006330834236,-0.00148054293822,-0.00159889901988,0.000999209703878,-0.00169054104481,-0.000251714576734,0.000390989385778,0.000828837626614,0.000137047682074,-0.00129350158386],[0.0000383551850973,0.000454913330032,-0.000888847338501,-0.00148054293822,0.00614780699834,-0.000628151290584,-0.000368154578609,0.000863173510879,-0.00291470740922,0.00244159228168,-0.00113824987784,-0.000183776719496,-0.00122653285507],[-0.000132621615194,-0.000099434175354,0.000817075546365,-0.00159889901988,-0.000628151290584,0.00939994864166,-0.00406441837549,-0.00254517421126,0.000408019754104,0.0000623524465482,-0.000898852886166,-0.000526211166289,0.00206809095107],[0.000244318274781,0.0000675407936797,-0.00170788005926,0.000999209703878,-0.000368154578609,-0.00406441837549,0.0114340316504,-0.00342773622833,0.0000234491617448,-0.00418323744088,0.00254804547876,-0.0016701167915,-0.00145887129474],[-0.0000198844591068,-0.000191171828192,0.0000594063458266,-0.00169054104481,0.000863173510879,-0.00254517421126,-0.00342773622833,0.0128466198221,-0.00440363446251,0.00215403782204,-0.00413606083021,0.000587897724472,-0.00058448332129],[0.0000543872556591,-0.0000729933599359,0.000813396763988,-0.000251714576734,-0.00291470740922,0.000408019754104,0.0000234491617448,-0.00440363446251,0.0151044651866,-0.0037794734817,0.000752953405026,-0.00289928470738,-0.00185835512821],[-0.0000533493293915,0.000222583897994,-0.000567132607102,0.000390989385778,0.00244159228168,0.0000623524465482,-0.00418323744088,0.00215403782204,-0.0037794734817,0.012403588742,-0.00506400922313,0.00167964643333,0.00129075197037],[0.000210440921364,-0.000365482177585,-0.000553397985641,0.000828837626614,-0.00113824987784,-0.000898852886166,0.00254804547876,-0.00413606083021,0.000752953405026,-0.00506400922313,0.0139646120369,-0.00130307557993,-0.000224612434977],[0.0000321669649566,-0.0000564128422411,-0.000270954536973,0.000137047682074,-0.000183776719496,-0.000526211166289,-0.0016701167915,0.000587897724472,-0.00289928470738,0.00167964643333,-0.00130307557993,0.0113469529897,-0.00164184393361],[0.000136570059112,0.000506326032337,-0.000683998980094,-0.00129350158386,-0.00122653285507,0.00206809095107,-0.00145887129474,-0.00058448332129,-0.00185835512821,0.00129075197037,-0.000224612434977,-0.00164184393361,0.0132020004094]],"mean":[-708.241821289,117.094169617,5.85079240799,25.8221817017,-4.51420688629,12.8811759949,-7.74443674088,2.24856710434,-4.59300327301,-4.54603242874,-2.1177842617,0.903071582317,-6.35739040375]},"pitch_salience":{"dmean":0.074786812067,"dmean2":0.115446403623,"dvar":0.00551760569215,"dvar2":0.011954728514,"max":0.99609375,"mean":0.489933669567,"median":0.491400301456,"min":0.0889849588275,"var":0.0184110403061},"silence_rate_20dB":{"dmean":0,"dmean2":0,"dvar":0,"dvar2":0,"max":1,"mean":1,"median":1,"min":1,"var":0},"silence_rate_30dB":{"dmean":0,"dmean2":0,"dvar":0,"dvar2":0,"max":1,"mean":1,"median":1,"min":1,"var":0},"silence_rate_60dB":{"dmean":0.0705416575074,"dmean2":0.141108706594,"dvar":0.06556391716,"dvar2":0.143866091967,"max":1,"mean":0.207628637552,"median":0,"min":0,"var":0.164518550038},"spectral_centroid":{"dmean":244.713088989,"dmean2":351.409484863,"dvar":108801.039062,"dvar2":206309.140625,"max":11714.7685547,"mean":1302.5670166,"median":983.005249023,"min":163.514007568,"var":1931730},"spectral_complexity":{"dmean":2.37250304222,"dmean2":3.70734333992,"dvar":10.996386528,"dvar2":23.1803455353,"max":55,"mean":11.6979131699,"median":11,"min":0,"var":58.9054222107},"spectral_contrast_coeffs":{"dmean":[0.0478817075491,0.0423783250153,0.0321757160127,0.0283512249589,0.0210524573922,0.0198365971446],"dmean2":[0.0755850076675,0.0659729987383,0.0522257760167,0.0459055379033,0.033913038671,0.0293121263385],"dvar":[0.00160832691472,0.00164867355488,0.000821567256935,0.000659648969304,0.000371083267964,0.000369348475942],"dvar2":[0.00397321488708,0.00375881744549,0.00202693836764,0.0015534798149,0.000883101136424,0.000715439382475],"max":[-0.234272941947,-0.363176226616,-0.480632692575,-0.555564880371,-0.567375481129,-0.542012810707],"mean":[-0.611372470856,-0.698300480843,-0.766029298306,-0.766684770584,-0.778456807137,-0.714676678181],"median":[-0.617009758949,-0.732942342758,-0.769302904606,-0.774805426598,-0.780542492867,-0.701557040215],"min":[-0.980968177319,-0.996582627296,-0.99893695116,-0.988206028938,-0.988890886307,-0.963461995125],"var":[0.0122248856351,0.0141579490155,0.00487873191014,0.00471670599654,0.00315699307248,0.00568141648546]},"spectral_contrast_valleys":{"dmean":[0.454350173473,0.333172738552,0.299625277519,0.295977950096,0.256033033133,0.294014662504],"dmean2":[0.739872217178,0.541419565678,0.480758458376,0.469316065311,0.382020801306,0.404997080564],"dvar":[0.16753795743,0.123074419796,0.10017965734,0.121973887086,0.117392934859,0.160179838538],"dvar2":[0.379958093166,0.267402231693,0.194963663816,0.246186614037,0.211768224835,0.270388782024],"max":[-5.61408519745,-4.79906511307,-5.94056892395,-6.0011138916,-5.75445842743,-7.51651763916],"mean":[-8.46832942963,-7.78480005264,-8.39775466919,-8.80142021179,-8.84769821167,-11.5689945221],"median":[-8.04806518555,-7.30073738098,-7.87221431732,-8.29671096802,-8.35976028442,-11.3632478714],"min":[-28.0192909241,-27.9032936096,-27.7310295105,-27.7858276367,-27.5158863068,-27.43019104],"var":[6.8410449028,7.26875543594,6.93953275681,6.93037080765,7.21774196625,6.02708768845]},"spectral_decrease":{"dmean":1.24222510056e-9,"dmean2":1.71862246656e-9,"dvar":3.13583032846e-18,"dvar2":5.95627778245e-18,"max":4.95899027608e-24,"mean":-4.40887415465e-9,"median":-2.67958677469e-9,"min":-2.65112021225e-8,"var":2.00600662229e-17},"spectral_energy":{"dmean":0.00487382849678,"dmean2":0.00674271490425,"dvar":0.0000479135596834,"dvar2":0.0000912935429369,"max":0.105393052101,"mean":0.0177104994655,"median":0.0108589362353,"min":1.00779873048e-20,"var":0.000318640464684},"spectral_energyband_high":{"dmean":0.000172299391124,"dmean2":0.000231005702517,"dvar":1.63392712693e-7,"dvar2":2.85007075718e-7,"max":0.0139487450942,"mean":0.000494140957016,"median":0.000212229715544,"min":6.91964370499e-21,"var":7.48043532894e-7},"spectral_energyband_low":{"dmean":0.00201907777227,"dmean2":0.00301116099581,"dvar":0.00000986435497907,"dvar2":0.000020476489226,"max":0.042893961072,"mean":0.00376440747641,"median":0.0020766579546,"min":1.24127326545e-23,"var":0.0000213126968447},"spectral_energyband_middle_high":{"dmean":0.000733384629712,"dmean2":0.00109215232078,"dvar":0.00000190856599147,"dvar2":0.00000446911599283,"max":0.0312534421682,"mean":0.0022607720457,"median":0.00112570729107,"min":1.207297569e-21,"var":0.0000101920359157},"spectral_energyband_middle_low":{"dmean":0.00365660502575,"dmean2":0.00503381434828,"dvar":0.0000404697893828,"dvar2":0.0000768226527725,"max":0.0938095226884,"mean":0.0117693915963,"median":0.00406130449846,"min":1.3787601092e-22,"var":0.000227405311307},"spectral_entropy":{"dmean":0.157550796866,"dmean2":0.221905812621,"dvar":0.0333446450531,"dvar2":0.0614132545888,"max":9.82335472107,"mean":7.37199878693,"median":7.31952762604,"min":4.92268896103,"var":0.327326178551},"spectral_flux":{"dmean":0.0189075507224,"dmean2":0.0312333405018,"dvar":0.00041946786223,"dvar2":0.00108188623562,"max":0.26491138339,"mean":0.0505194626749,"median":0.0436193011701,"min":6.28164326111e-11,"var":0.00135044683702},"spectral_kurtosis":{"dmean":1.44658565521,"dmean2":2.4433362484,"dvar":4.30164289474,"dvar2":11.5812330246,"max":53.3403892517,"mean":3.7782664299,"median":2.76365351677,"min":-1.30108976364,"var":13.6579370499},"spectral_rms":{"dmean":0.000565428636037,"dmean2":0.000774717482273,"dvar":4.22700793479e-7,"dvar2":7.43172961393e-7,"max":0.0101401424035,"mean":0.003566585714,"median":0.0032548555173,"min":3.13563107771e-12,"var":0.00000455792996945},"spectral_rolloff":{"dmean":482.175994873,"dmean2":756.079101562,"dvar":826969.1875,"dvar2":1720424.5,"max":19509.0820312,"mean":1501.93969727,"median":689.0625,"min":107.666015625,"var":6844557.5},"spectral_skewness":{"dmean":0.18837992847,"dmean2":0.30242305994,"dvar":0.0468016639352,"dvar2":0.110916949809,"max":5.71500205994,"mean":1.42960572243,"median":1.3249309063,"min":-0.157232925296,"var":0.318356901407},"spectral_spread":{"dmean":401356.59375,"dmean2":596452.625,"dvar":610543665152,"dvar2":1195699208190,"max":43124832,"mean":5101360.5,"median":4268139,"min":1372928,"var":22117412241400},"spectral_strongpeak":{"dmean":0.356651395559,"dmean2":0.579850792885,"dvar":0.460275113583,"dvar2":1.0992795229,"max":12.5103540421,"mean":0.899749994278,"median":0.357543885708,"min":0,"var":1.272580266},"zerocrossingrate":{"dmean":0.0115110306069,"dmean2":0.012629751116,"dvar":0.000211761973333,"dvar2":0.000272178062005,"max":0.5244140625,"mean":0.0602951794863,"median":0.044921875,"min":0.00390625,"var":0.00447459891438}},"metadata":{"audio_properties":{"analysis_sample_rate":44100,"bit_rate":128000,"codec":"mp3","downmix":"mix","equal_loudness":0,"length":129.018768311,"lossless":false,"md5_encoded":"5219988d078b14c4f8953b953136728b","replay_gain":-9.0282459259,"sample_rate":44100},"tags":{"acoustid_id":["f9cdec08-942e-4e7b-a44d-8f0384f83eb5"],"album":["Small Faces"],"albumartist":["Small Faces"],"albumartistsort":["Small Faces"],"artist":["Small Faces"],"artistsort":["Small Faces"],"asin":["B000024C5X"],"catalognumber":["IM 008"],"date":["1967-06"],"discnumber":["1/1"],"encodedby":["AltoMP3 Maker"],"file_name":"Show Me the Way - Small Faces.mp3","genre":["Classic Rock"],"label":["Immediate"],"media":["Vinyl"],"musicbrainz album release country":["GB"],"musicbrainz album status":["official"],"musicbrainz album type":["album"],"musicbrainz_albumartistid":["7771a68c-ef6a-400f-978d-64050d45a54c"],"musicbrainz_albumid":["e9363b0f-8639-4185-a111-3172b30ab51e"],"musicbrainz_artistid":["7771a68c-ef6a-400f-978d-64050d45a54c"],"musicbrainz_recordingid":["4f986219-7acc-4fa1-a413-f8924a28170a"],"originaldate":["1967-06"],"script":["Latn"],"title":["Show Me the Way"],"tracknumber":["12/14"]},"version":{"essentia":"2.1-beta2","essentia_build_sha":"70f2e5ece6736b2c40cc944ad0e695b16b925413","essentia_git_sha":"v2.1_beta2","extractor":"music 1.0"}},"rhythm":{"beats_count":227,"beats_loudness":{"dmean":0.0134557243437,"dmean2":0.024285716936,"dvar":0.000193955580471,"dvar2":0.000535620201845,"max":0.0876337811351,"mean":0.0232728905976,"median":0.0178507212549,"min":0,"var":0.000378487515263},"beats_loudness_band_ratio":{"dmean":[0.216800585389,0.165586739779,0.136219203472,0.0732431188226,0.0621220245957,0.0719236880541],"dmean2":[0.375968128443,0.2835919559,0.239525124431,0.132550269365,0.107195660472,0.127968609333],"dvar":[0.0318811833858,0.0286744106561,0.0308390073478,0.00809234194458,0.005262218415