{"lowlevel":{"average_loudness":0.161278873682,"barkbands":{"dmean":[0.000120585529658,0.0055497023277,0.00245575117879,0.00180020998232,0.00186556344852,0.000594102486502,0.000610139686614,0.000549833639525,0.00023968234018,0.000226424454013,0.000239062093897,0.000259298103629,0.000193430198124,0.000132476518047,0.000144298232044,0.000102446843812,0.000172216052306,0.000110543747724,0.000139912837767,0.000138243587571,0.0000950506437221,0.000154676919919,0.00018542225007,0.000271868426353,0.00012396305101,0.0000782697461545,0.0000226889369515],"dmean2":[0.000167322112247,0.0102580375969,0.00446333643049,0.00296198250726,0.00312862265855,0.000933713570703,0.000916086370125,0.00075390690472,0.000335560645908,0.000322832725942,0.000337917415891,0.000380722893169,0.000288406561594,0.000203987234272,0.000226176882279,0.000160474024597,0.000272710662102,0.000174564338522,0.000219300331082,0.000218807981582,0.000140747812111,0.000227327589528,0.000247060961556,0.00036072221701,0.000170651488588,0.000127132327179,0.0000352288952854],"dvar":[2.68754604349e-7,0.000929096364416,0.00012267875718,0.000032330142858,0.0000506808755745,0.00000201834109248,0.00000282682503894,0.0000023996631171,5.03080286762e-7,8.05240688351e-7,0.00000144161890603,0.00000250015864367,0.00000115555826596,2.0033556325e-7,1.77471278562e-7,1.37888193308e-7,2.21999187033e-7,1.1904757713e-7,1.76113900352e-7,2.75091394997e-7,6.23666167598e-8,3.51386887587e-7,5.08180789893e-7,0.00000135518939715,2.47308150847e-7,3.93143807287e-7,1.35842270765e-8],"dvar2":[5.08260484366e-7,0.00266385637224,0.000359253492206,0.0000806379248388,0.000137344686664,0.00000488758041683,0.00000598795122642,0.00000426784026786,9.24446055706e-7,0.00000140843553709,0.0000023900161068,0.00000484512884213,0.00000204666434911,4.48523707064e-7,4.24284223755e-7,3.18328517324e-7,5.04510239807e-7,2.93689964792e-7,4.14824398831e-7,7.25975326077e-7,1.36848328225e-7,8.38728340113e-7,8.89121281489e-7,0.00000248626861321,5.13793281698e-7,0.00000108949348032,3.40224239892e-8],"max":[0.011496453546,0.56411755085,0.210419759154,0.161543786526,0.212373733521,0.0439953543246,0.0724859088659,0.0518240220845,0.0343709103763,0.0357732139528,0.0923605635762,0.0809795856476,0.075215190649,0.0251773055643,0.0288605634123,0.0155827384442,0.021135263145,0.0153804691508,0.0147589398548,0.0290233511478,0.00954128429294,0.0155839342624,0.0197565108538,0.028948161751,0.012008276768,0.0181314572692,0.00237062270753],"mean":[0.000127336927108,0.00406994624063,0.00268378318287,0.00277503090911,0.00293912435882,0.00116232607979,0.00118042866234,0.00125729059801,0.00051925535081,0.000402737292461,0.000441968761152,0.00042766018305,0.000311050534947,0.000213947772863,0.000247860967647,0.000188747100765,0.000303672946757,0.000191550658201,0.000253753387369,0.000233844344621,0.000176762783667,0.000257994397543,0.000324173364788,0.000419034768129,0.000190377686522,0.0000778085159254,0.0000237903586822],"median":[0.00000116625051305,0.000391199922888,0.000677474716213,0.000898754806258,0.00113719399087,0.000423494435381,0.000360496429494,0.000172023632331,0.0000779135152698,0.0000919339072425,0.0000567196038901,0.0000626774562988,0.0000547843083041,0.0000341344275512,0.0000576605889364,0.0000376437310479,0.0000819657216198,0.0000435074980487,0.0000700873351889,0.0000433609820902,0.0000461024210381,0.000039307953557,0.0000283064819087,0.0000274844023807,0.0000146113789015,0.00000340627639162,5.25501945958e-7],"min":[5.31852438187e-25,1.11489583545e-24,8.4711917054e-25,1.42522227708e-24,8.07064501698e-24,7.53432609765e-24,4.93476080781e-24,7.58536855366e-24,1.12305086255e-23,1.64675013732e-23,1.36806750984e-23,2.02771094775e-23,3.58331609608e-23,2.75609446276e-23,4.75881256153e-23,4.37856519691e-23,4.65559137426e-23,6.46468040841e-23,1.05684130924e-22,1.35591255168e-22,2.11220940496e-22,3.3637031523e-22,3.75994508198e-22,5.91655675361e-22,8.83689710555e-22,1.12980663894e-21,1.8914235954e-21],"var":[3.81464843713e-7,0.000550061289687,0.0000777764435043,0.0000397037802031,0.0000464299337182,0.00000471687644676,0.00000674571947457,0.0000106814495666,0.0000020376789962,0.00000170230885033,0.00000568617269892,0.00000527335441802,0.00000248497713073,3.77246976768e-7,3.9419515474e-7,2.95684685625e-7,4.83458222789e-7,2.45199345272e-7,3.6979304241e-7,4.73698577252e-7,1.39558494539e-7,5.33262607405e-7,0.00000111991744234,0.00000246089530265,4.04995489589e-7,2.69449117241e-7,1.37248248322e-8]},"barkbands_crest":{"dmean":2.35914421082,"dmean2":3.80740618706,"dvar":6.28519487381,"dvar2":16.4089241028,"max":25.7374820709,"mean":9.80061149597,"median":8.93414497375,"min":2.26193737984,"var":16.1270599365},"barkbands_flatness_db":{"dmean":0.0205465685576,"dmean2":0.0317442268133,"dvar":0.000514978019055,"dvar2":0.00131997815333,"max":0.3471339643,"mean":0.136570572853,"median":0.128545865417,"min":0.0119433002546,"var":0.00287634390406},"barkbands_kurtosis":{"dmean":3.55801010132,"dmean2":5.85495519638,"dvar":91.2013778687,"dvar2":255.943862915,"max":252.672897339,"mean":5.39759731293,"median":2.51222991943,"min":-1.96100831032,"var":102.933296204},"barkbands_skewness":{"dmean":0.562677264214,"dmean2":0.882537066936,"dvar":0.635118663311,"dvar2":1.62076854706,"max":14.4618654251,"mean":1.77507221699,"median":1.613519907,"min":-2.84488534927,"var":1.67923617363},"barkbands_spread":{"dmean":6.63769483566,"dmean2":10.0768785477,"dvar":80.1190032959,"dvar2":173.81072998,"max":132.288619995,"mean":25.0262870789,"median":20.8255195618,"min":0.640689492226,"var":313.2293396},"dissonance":{"dmean":0.0183332506567,"dmean2":0.0301870703697,"dvar":0.000345432083122,"dvar2":0.000898150203284,"max":0.500000178814,"mean":0.455407768488,"median":0.463239043951,"min":0,"var":0.00108204572462},"dynamic_complexity":5.09765720367,"erbbands":{"dmean":[0.132823318243,1.33676505089,2.93582820892,4.10225343704,8.11580181122,5.02890491486,2.96782755852,5.50290822983,9.28125095367,8.75586128235,11.3668346405,5.82366085052,5.17712402344,9.57510757446,7.62415266037,10.8110342026,9.46063232422,6.74568367004,8.54741668701,4.54486322403,6.41321897507,7.78383827209,6.91673803329,5.79203796387,8.35722255707,5.47314548492,3.99273633957,3.90730619431,5.61485099792,5.09636116028,5.60007095337,6.32720470428,3.97100806236,1.66121649742,0.777844667435,0.197177261114,0.204024195671,0.0381764918566,0.00392427202314,0.000242483307375],"dmean2":[0.239957109094,2.49775481224,5.41759204865,6.96157932281,13.5028781891,8.30132579803,4.70079612732,8.71203613281,14.0195512772,12.5263500214,15.5311136246,8.23664951324,7.33285474777,13.3297071457,10.9517402649,15.815372467,13.9999475479,10.2245111465,13.3637123108,7.02290487289,10.0860052109,12.1456327438,10.9300889969,9.07329368591,13.2535362244,8.52381801605,6.01947498322,5.70637130737,8.32131671906,7.27108383179,7.42587041855,8.5437335968,5.26591396332,2.18352627754,1.14833772182,0.284898340702,0.343694150448,0.0631550103426,0.00611835811287,0.000370216352167],"dvar":[0.498612076044,55.4887161255,213.564178467,143.948776245,1105.74829102,266.447631836,48.6345443726,196.64680481,629.017883301,647.879638672,1197.77148438,277.661376953,467.485168457,1791.35205078,1160.68286133,3900.83398438,2678.22827148,516.476745605,702.715820312,122.856613159,413.839477539,519.714355469,445.386627197,378.022094727,679.626953125,336.906402588,118.086853027,113.790328979,453.953887939,351.943267822,477.748382568,718.424316406,306.454833984,43.7349319458,14.118432045,0.762544631958,3.74598288536,0.0903817638755,0.000419263786171,0.00000146323520767],"dvar2":[1.39197742939,161.093505859,626.865600586,391.187805176,2890.24658203,708.434387207,121.237518311,480.618225098,1365.14501953,1260.58776855,2198.40795898,537.468505859,814.483703613,2919.02758789,2203.82641602,7263.08447266,4783.703125,1082.66210938,1676.5949707,272.179473877,984.04083252,1162.76721191,1066.28833008,925.061218262,1730.16455078,875.365539551,270.667388916,241.819534302,1076.85375977,773.658447266,838.351623535,1370.66064453,558.342102051,78.3730545044,34.6584434509,1.86763823032,10.5196657181,0.252284228802,0.00105715973768,0.00000348169601239],"max":[11.28170681,142.76335144,271.438873291,241.135803223,883.216491699,630.328491211,253.730178833,525.57824707,799.672668457,855.492675781,1398.20007324,844.566467285,1136.27563477,3062.59228516,1670.51843262,2973.37255859,3415.56640625,1107.22839355,1717.70935059,329.38482666,830.472717285,1294.43041992,1044.73498535,672.320068359,1022.95562744,1508.14379883,519.025756836,289.364624023,576.460510254,483.261810303,620.377746582,612.090515137,409.949310303,169.7396698,143.346206665,38.6308784485,60.8603858948,8.09854316711,0.450827598572,0.0300595387816],"mean":[0.0960261672735,0.990825235844,2.86368441582,6.74008369446,11.1932115555,8.67605495453,6.27109670639,10.3721399307,18.6109046936,19.8837451935,25.0882358551,13.2950782776,10.1310195923,18.9340591431,13.7451143265,18.2340164185,16.1457614899,11.7459888458,15.2101221085,9.06732940674,12.3043756485,14.4781513214,12.9031801224,10.8573894501,14.3366270065,10.2194271088,7.62975120544,7.20511198044,9.28372192383,8.7240114212,9.62800693512,9.70925045013,6.09514951706,2.64991998672,1.07896363735,0.271877169609,0.179640680552,0.0359045788646,0.00409643352032,0.00026809683186],"median":[0.00565766869113,0.120566532016,0.698051929474,2.3182015419,3.75040245056,3.19253754616,2.54056406021,3.4825334549,6.02669429779,4.37590503693,4.2172794342,2.79270887375,2.77399110794,3.27014923096,2.88028931618,3.25969219208,3.08347225189,2.71559858322,3.37128186226,2.83957529068,3.54818201065,4.07794570923,3.41191935539,2.80135393143,3.66455125809,2.26014947891,2.09187030792,1.69608652592,1.3923201561,1.08170151711,0.803301692009,0.62240087986,0.402298629284,0.195982694626,0.0807496905327,0.0205821208656,0.0052886493504,0.000975218368694,0.000101122910564,0.0000225602234423],"min":[4.54183005866e-23,3.50821565438e-22,1.81269603437e-21,7.95842422682e-21,8.76463855734e-21,2.54233961268e-20,2.76570164253e-20,6.79438012592e-20,8.05001573885e-20,1.65684444715e-19,2.82244338911e-19,2.92681574634e-19,7.14374166709e-19,7.49729417053e-19,7.48905803657e-19,9.8758189347e-19,1.7962593029e-18,1.32540442019e-18,2.22660291171e-18,2.76188554817e-18,2.44978223804e-18,3.57798132013e-18,4.46924154678e-18,5.39732289123e-18,7.47257180997e-18,7.19154795021e-18,7.02356576577e-18,9.42298180349e-18,1.05634554187e-17,1.1500194449e-17,1.04603572815e-17,1.03072916451e-17,1.01106898386e-17,7.38562768297e-18,5.52639822196e-18,3.72312628862e-18,2.12429783394e-18,8.91916594472e-19,2.4919294167e-19,2.52913541904e-20],"var":[0.320608466864,31.6098766327,125.200035095,167.060012817,1021.71850586,320.536102295,123.601829529,432.506652832,1517.4197998,2652.82250977,4318.08496094,1079.88256836,1039.28198242,7282.40136719,2437.64355469,7953.9765625,6050.48242188,1032.97875977,1531.54138184,313.345001221,834.912658691,1130.23510742,1012.89648438,697.595092773,1323.24169922,766.121032715,262.74597168,249.605987549,708.838806152,646.260070801,1017.91662598,1263.75024414,556.250976562,85.1546554565,15.8216991425,0.892703294754,2.40796804428,0.0606774426997,0.000415935355704,0.00000163283914389]},"erbbands_crest":{"dmean":2.50692915916,"dmean2":3.89049983025,"dvar":6.95713806152,"dvar2":15.5133943558,"max":32.8554916382,"mean":9.71913528442,"median":8.33913230896,"min":2.21660447121,"var":26.2845916748},"erbbands_flatness_db":{"dmean":0.0161086022854,"dmean2":0.023164479062,"dvar":0.000301364139887,"dvar2":0.000600699859206,"max":0.359628856182,"mean":0.147093638778,"median":0.141805499792,"min":0.0354643426836,"var":0.00212168437429},"erbbands_kurtosis":{"dmean":0.900365650654,"dmean2":1.38238227367,"dvar":2.34561395645,"dvar2":5.25100278854,"max":44.8678627014,"mean":0.324560284615,"median":-0.476411342621,"min":-1.85111260414,"var":6.92234897614},"erbbands_skewness":{"dmean":0.360861033201,"dmean2":0.53038328886,"dvar":0.132250770926,"dvar2":0.27551612258,"max":5.44164848328,"mean":0.404330849648,"median":0.347816586494,"min":-4.24810838699,"var":0.767929852009},"erbbands_spread":{"dmean":9.68113231659,"dmean2":14.6263809204,"dvar":138.994125366,"dvar2":313.387969971,"max":164.611297607,"mean":48.8614959717,"median":44.3160476685,"min":2.31420111656,"var":582.024536133},"gfcc":{"cov":[[18853.1582031,-1680.78308105,-531.69317627,609.848327637,-953.228515625,519.907043457,-508.221069336,190.553955078,-304.050872803,-33.8498764038,-249.432357788,-86.9084396362,-317.511932373],[-1680.78308105,1925.29980469,-376.63949585,10.0704574585,328.609100342,-228.210662842,119.734321594,-71.360748291,94.6744995117,-57.883605957,110.573143005,-81.0571899414,83.093421936],[-531.69317627,-376.63949585,904.364013672,70.6762161255,3.33097147942,200.899307251,-14.0195150375,-8.79921531677,6.8535528183,14.0122728348,-17.4956989288,30.8849544525,-15.8632164001],[609.848327637,10.0704574585,70.6762161255,448.411376953,9.09144306183,82.1105804443,-19.4389514923,-10.8636293411,19.204875946,-19.0945301056,24.3237247467,-21.0038719177,15.4858779907],[-953.228515625,328.609100342,3.33097147942,9.09144306183,396.33416748,-24.8106956482,115.196517944,-7.90988636017,32.2042007446,0.44478264451,24.8067264557,25.733171463,48.2292289734],[519.907043457,-228.210662842,200.899307251,82.1105804443,-24.8106956482,279.57723999,9.73532867432,19.8689956665,-13.0287561417,-7.52533483505,-6.339864254,9.83280086517,2.68243074417],[-508.221069336,119.734321594,-14.0195150375,-19.4389514923,115.196517944,9.73532867432,182.793487549,39.9441490173,20.506023407,3.77547502518,16.78647995,16.7490749359,18.9252109528],[190.553955078,-71.360748291,-8.79921531677,-10.8636293411,-7.90988636017,19.8689956665,39.9441490173,132.878479004,48.6300125122,14.9296655655,-13.3578510284,-3.81990528107,-10.5705375671],[-304.050872803,94.6744995117,6.8535528183,19.204875946,32.2042007446,-13.0287561417,20.506023407,48.6300125122,142.934066772,41.048625946,9.55963993073,-23.0051040649,-5.98956489563],[-33.8498764038,-57.883605957,14.0122728348,-19.0945301056,0.44478264451,-7.52533483505,3.77547502518,14.9296655655,41.048625946,113.744392395,32.6399688721,4.00520801544,-6.79329681396],[-249.432357788,110.573143005,-17.4956989288,24.3237247467,24.8067264557,-6.339864254,16.78647995,-13.3578510284,9.55963993073,32.6399688721,108.011901855,25.5495548248,4.32713985443],[-86.9084396362,-81.0571899414,30.8849544525,-21.0038719177,25.733171463,9.83280086517,16.7490749359,-3.81990528107,-23.0051040649,4.00520801544,25.5495548248,117.400657654,36.4702339172],[-317.511932373,83.093421936,-15.8632164001,15.4858779907,48.2292289734,2.68243074417,18.9252109528,-10.5705375671,-5.98956489563,-6.79329681396,4.32713985443,36.4702339172,106.997932434]],"icov":[[0.0000857932027429,0.00000811930203781,0.000113500056614,-0.000139012205182,0.0000902659230633,-0.000167678255821,0.000162050098879,-0.000167533304193,0.000203707168112,-0.000114007554657,0.000191347615328,-0.0000893365213415,0.000230408681091],[0.00000811930203781,0.00093677447876,0.000217895998503,0.0000613834781689,-0.000519265362527,0.000442392687546,-0.000241103029111,0.000486654433189,-0.000647640845273,0.000915877870284,-0.00111016840674,0.00101768982131,-0.000646371860057],[0.000113500056614,0.000217895998503,0.00158259971067,-0.000249115226325,-0.000130335494759,-0.00113281945232,0.000308484362904,0.000278991443338,-0.000170182946022,-0.000234597318922,0.00047069118591,-0.000455248606158,0.000610139861237],[-0.000139012205182,0.0000613834781689,-0.000249115226325,0.00281584262848,-0.000300541199977,-0.000480953400256,0.000192788880668,0.000480244809296,-0.000957584183197,0.00104944151826,-0.00141716678627,0.00100349227432,-0.00101548654493],[0.0000902659230633,-0.000519265362527,-0.000130335494759,-0.000300541199977,0.00382084888406,-0.0000137808547152,-0.00185878842603,0.000496425956953,-0.000285708141746,-0.000359089928679,0.000626510300208,-0.000922468781937,-0.00039849881432],[-0.000167678255821,0.000442392687546,-0.00113281945232,-0.000480953400256,-0.0000137808547152,0.00526373833418,-0.000972014619038,-0.000413255853346,0.000112758149044,0.000788643141277,-0.000847944116686,0.000584278197493,-0.00104260339867],[0.000162050098879,-0.000241103029111,0.000308484362904,0.000192788880668,-0.00185878842603,-0.000972014619038,0.00802570953965,-0.00298027857207,0.000606790126767,-0.0000570466654608,-0.000505790871102,-0.00064828566974,0.000105960047222],[-0.000167533304193,0.000486654433189,0.000278991443338,0.000480244809296,0.000496425956953,-0.000413255853346,-0.00298027857207,0.0107445819303,-0.00428052060306,0.000163263524882,0.00108113058377,-0.000241994217504,0.000281498942059],[0.000203707168112,-0.000647640845273,-0.000170182946022,-0.000957584183197,-0.000285708141746,0.000112758149044,0.000606790126767,-0.00428052060306,0.0107610784471,-0.00393918529153,0.00067670311546,0.00128130032681,0.00070474378299],[-0.000114007554657,0.000915877870284,-0.000234597318922,0.00104944151826,-0.000359089928679,0.000788643141277,-0.0000570466654608,0.000163263524882,-0.00393918529153,0.0122056808323,-0.0048407218419,0.000880651758052,-0.00061790831387],[0.000191347615328,-0.00111016840674,0.00047069118591,-0.00141716678627,0.000626510300208,-0.000847944116686,-0.000505790871102,0.00108113058377,0.00067670311546,-0.0048407218419,0.0135867297649,-0.00433426722884,0.00229839119129],[-0.0000893365213415,0.00101768982131,-0.000455248606158,0.00100349227432,-0.000922468781937,0.000584278197493,-0.00064828566974,-0.000241994217504,0.00128130032681,0.000880651758052,-0.00433426722884,0.0123058408499,-0.00466777011752],[0.000230408681091,-0.000646371860057,0.000610139861237,-0.00101548654493,-0.00039849881432,-0.00104260339867,0.000105960047222,0.000281498942059,0.00070474378299,-0.00061790831387,0.00229839119129,-0.00466777011752,0.0124822054058]],"mean":[-44.9007492065,80.4780197144,-102.441055298,33.9920196533,-61.4292755127,7.33170223236,-41.0530014038,1.99951100349,-24.3249320984,-3.31131649017,-15.6126003265,-5.36357784271,-15.3180866241]},"hfc":{"dmean":9.45256233215,"dmean2":12.4935369492,"dvar":934.347412109,"dvar2":1824.63537598,"max":649.919067383,"mean":21.3710689545,"median":7.74697303772,"min":1.03244270223e-16,"var":1951.49353027},"melbands":{"dmean":[0.00138309481554,0.00166036840528,0.000846606388222,0.00048904371215,0.000111670276965,0.000126173879835,0.000138571427669,0.0000983184800134,0.0000892420648597,0.0000337567107636,0.0000262203593593,0.0000390259010601,0.0000260091146629,0.0000252257468674,0.0000286503436655,0.0000196255314222,0.0000128018937176,0.0000141501368489,0.00000854030440678,0.00000752854930397,0.00000840062239149,0.00000877207367012,0.00000874073703017,0.00000487930810777,0.00000507572622155,0.00000604613524047,0.00000611357472735,0.00000348256094185,0.00000267880295723,0.00000242313444687,0.0000024609034881,0.0000031653833048,0.00000343828764926,0.00000283746817331,0.0000032219802506,0.00000362628202311,0.0000042386336645,0.00000315383113048,0.00000197973508875,0.00000122537960578],"dmean2":[0.00253692921251,0.00307293143123,0.0014151626965,0.000813621969428,0.000177447524038,0.000198406021809,0.000208409270272,0.000138443792821,0.000122527373605,0.0000477273097204,0.000037272413465,0.0000545004477317,0.0000370951711375,0.0000364667648682,0.0000422810262535,0.0000289806521323,0.0000195983629965,0.0000221109803533,0.0000132140148708,0.0000117578902064,0.0000132908589876,0.0000138103532663,0.0000139404746733,0.00000770202495914,0.00000801920486992,0.00000958266446105,0.00000978405842034,0.00000545323882761,0.00000409934546042,0.00000370746261069,0.0000036711762732,0.00000475081697004,0.00000523768267158,0.00000410456095778,0.00000440623944087,0.00000490745651405,0.00000589902265347,0.0000043046884457,0.00000268389089797,0.00000165813355579],"dvar":[0.0000564919282624,0.0000745233337511,0.00000716685872248,0.00000357096882908,6.97217004131e-8,1.01002910924e-7,1.38054630838e-7,7.99098316406e-8,7.41919166103e-8,9.98924498674e-9,1.27477424172e-8,2.79600325115e-8,1.31132251724e-8,1.5780560858e-8,3.99672224205e-8,1.80952053341e-8,1.9478270108e-9,1.98913352456e-9,5.51865442233e-10,6.85269396783e-10,7.17906400993e-10,6.94663715439e-10,6.05322569847e-10,2.63959742952e-10,3.22337490033e-10,3.26755289493e-10,7.31059601744e-10,1.71579334074e-10,6.18741030634e-11,4.53362000719e-11,4.73007119584e-11,1.20740209497e-10,2.37614039555e-10,1.0374984899e-10,1.4979802121e-10,2.39819109016e-10,3.38786609877e-10,1.98222618875e-10,7.44988445933e-11,2.21949195134e-11],"dvar2":[0.000160025214427,0.000217580891331,0.000018443679437,0.00000952317350311,1.75052647933e-7,2.39972166582e-7,2.95330949029e-7,1.49675116745e-7,1.3757198758e-7,1.90964062341e-8,2.21159677238e-8,4.60451445861e-8,2.34952945988e-8,2.83187127081e-8,8.12766103309e-8,3.05111349519e-8,4.31610169827e-9,4.70200633984e-9,1.24457966155e-9,1.46739509432e-9,1.71549785488e-9,1.57029911296e-9,1.3941492405e-9,6.53633203118e-10,7.90494336655e-10,7.83599962695e-10,1.94310234569e-9,4.43707320885e-10,1.42084122245e-10,1.05293197772e-10,1.02957364856e-10,2.79429090977e-10,6.0501126331e-10,2.20344159585e-10,2.79866130271e-10,4.47728520925e-10,6.80563938538e-10,3.72006286886e-10,1.3909466634e-10,4.10738214274e-11],"max":[0.129824221134,0.150009050965,0.0706984698772,0.056247331202,0.0075142714195,0.010571796447,0.0142104392871,0.0112496698275,0.0108829801902,0.0046212063171,0.00566253764555,0.0112331155688,0.00677461409941,0.00617001578212,0.0125520983711,0.0103024821728,0.00259914738126,0.00246439385228,0.00123007898219,0.00128074979875,0.00110325706191,0.0011617357377,0.00094610627275,0.000798644381575,0.000639439735096,0.000749195751268,0.00131295982283,0.00130340550095,0.0003907061473,0.000273124460364,0.000152616485138,0.000282686756691,0.000479130831081,0.00027455604868,0.000371319823898,0.000409786473028,0.000499955262057,0.000356061122147,0.000215053616557,0.000122052719234],"mean":[0.00101754674688,0.00148266227916,0.00133535265923,0.000751143845264,0.000237565865973,0.000239240296651,0.000278296298347,0.000226509742788,0.000193616491742,0.0000744904100429,0.000048656736908,0.0000750826729927,0.0000472126921522,0.0000429013634857,0.0000465265802632,0.0000311081348627,0.000020576906536,0.0000241270026891,0.0000148834342326,0.0000137559127324,0.0000146291977217,0.0000151333151734,0.0000151341646415,0.0000085882793428,0.00000852750417835,0.0000103038419184,0.00000930155420065,0.00000629122905593,0.00000484910196974,0.0000041388648242,0.00000422109314968,0.0000051643369261,0.00000516844602316,0.0000047649273256,0.00000547771924175,0.00000562239347346,0.00000620927266937,0.00000467204517918,0.00000306794663629,0.00000191218873624],"median":[0.0000848003692226,0.00032347231172,0.000498413457535,0.000278074701782,0.0000979224860203,0.0000797724060249,0.0000886946072569,0.0000425639082096,0.0000293605189654,0.0000134527872433,0.0000120153863463,0.0000115164948511,0.00000778730645834,0.0000082548303908,0.00000685991108185,0.00000515527563039,0.00000369138570022,0.00000465522407467,0.00000360383864972,0.00000284655334326,0.00000385999055652,0.00000374250885216,0.00000364170250577,0.00000197085114451,0.00000166087920661,0.00000250615721598,0.00000179094638497,0.00000124052394312,0.00000119753690342,0.00000106818515633,8.34632942315e-7,7.49648052079e-7,6.63643049847e-7,5.19987565895e-7,4.631219781e-7,3.70645835801e-7,3.56581296046e-7,2.91157164156e-7,1.99733619866e-7,1.3937312815e-7],"min":[6.00341736408e-25,1.41454119903e-24,1.62841174424e-24,1.15080803791e-24,1.26431950153e-24,1.41616043465e-24,1.61576876912e-24,1.23763322458e-24,1.95474032794e-24,1.79503366274e-24,3.29942789381e-24,2.68515512034e-24,2.0753565687e-24,2.64289525e-24,2.14221963017e-24,3.01707426266e-24,1.93534756309e-24,2.84705659379e-24,3.77734487653e-24,2.6384979421e-24,2.46451940262e-24,3.42420024825e-24,3.52074104583e-24,2.87199012042e-24,3.89679971682e-24,3.74647359386e-24,4.55420996839e-24,3.93710577591e-24,2.33200201181e-24,5.31812275306e-24,4.78977487875e-24,4.03735816405e-24,4.8766205758e-24,5.19043457149e-24,5.33481149994e-24,5.66600094593e-24,6.25710191639e-24,6.07633167894e-24,6.23130300934e-24,5.40995405103e-24],"var":[0.0000347202403645,0.0000429658357461,0.00000806590742286,0.00000334216724696,1.67145344676e-7,2.32236303077e-7,3.4114572145e-7,3.74454856455e-7,2.69114764251e-7,4.04313311719e-8,2.8114333972e-8,1.06695267732e-7,3.95262134134e-8,3.51504745311e-8,7.92085259604e-8,3.90541607942e-8,3.56438811799e-9,4.1735082057e-9,1.24515120437e-9,1.74140812881e-9,1.33463451402e-9,1.41465816839e-9,1.3770258267e-9,5.48313838777e-10,5.52464407555e-10,7.37412908514e-10,1.03117270278e-9,3.78984371663e-10,1.30892907624e-10,8.51857404061e-11,9.79681544222e-11,2.11588607746e-10,2.76559691814e-10,2.08110084721e-10,3.16480397444e-10,4.34855568221e-10,5.4958354534e-10,3.42510159124e-10,1.3498627216e-10,4.21866465372e-11]},"melbands_crest":{"dmean":2.92288589478,"dmean2":4.7164812088,"dvar":7.98529911041,"dvar2":19.9545230865,"max":32.4877815247,"mean":14.2606430054,"median":13.5188274384,"min":1.52694833279,"var":24.5823917389},"melbands_flatness_db":{"dmean":0.0254613608122,"dmean2":0.0392078720033,"dvar":0.000847517803777,"dvar2":0.0021246294491,"max":0.486882984638,"mean":0.201149463654,"median":0.192492991686,"min":0.00197395356372,"var":0.00516546238214},"melbands_kurtosis":{"dmean":10.2382974625,"dmean2":17.040643692,"dvar":755.180419922,"dvar2":2062.13671875,"max":703.338134766,"mean":18.3071422577,"median":10.6954421997,"min":-1.89038693905,"var":768.625732422},"melbands_skewness":{"dmean":0.817065775394,"dmean2":1.28722298145,"dvar":1.47014760971,"dvar2":3.69472360611,"max":20.0921401978,"mean":3.09501314163,"median":2.79115915298,"min":-1.39851105213,"var":3.35722637177},"melbands_spread":{"dmean":7.5852432251,"dmean2":11.7020463943,"dvar":136.648529053,"dvar2":301.198730469,"max":247.086975098,"mean":24.5222415924,"median":18.2114601135,"min":0.673066973686,"var":525.784118652},"mfcc":{"cov":[[11321.8125,-1773.02661133,354.468017578,-50.2893218994,-48.7660827637,22.3388538361,-35.801651001,131.187286377,-124.287010193,136.596252441,-25.2581729889,-45.3664550781,-101.056564331],[-1773.02661133,1715.48571777,-394.696563721,164.623428345,75.4269561768,-23.7881965637,34.8450050354,-18.0517787933,34.8098297119,-7.64601993561,18.8456935883,29.7011737823,39.6416053772],[354.468017578,-394.696563721,814.153808594,-61.9559288025,82.8908615112,113.536079407,5.33266305923,28.4382419586,-20.9010372162,35.0325775146,-8.05498409271,7.94931840897,-21.2599411011],[-50.2893218994,164.623428345,-61.9559288025,327.975067139,74.9981536865,26.8415431976,16.5898704529,4.92444610596,15.4760284424,16.6343479156,-11.1938819885,10.6851682663,24.2112922668],[-48.7660827637,75.4269561768,82.8908615112,74.9981536865,217.283126831,86.8199768066,28.8041744232,24.1190319061,17.795255661,15.2669353485,-9.36227035522,10.1125669479,2.52618408203],[22.3388538361,-23.7881965637,113.536079407,26.8415431976,86.8199768066,181.463623047,69.801071167,25.8411197662,14.488067627,-7.13393783569,-10.3377685547,7.81871461868,4.82001638412],[-35.801651001,34.8450050354,5.33266305923,16.5898704529,28.8041744232,69.801071167,157.103424072,50.6662139893,9.92060089111,-8.69972038269,-10.4464607239,0.782717764378,11.810333252],[131.187286377,-18.0517787933,28.4382419586,4.92444610596,24.1190319061,25.8411197662,50.6662139893,137.332061768,43.6522941589,-6.91984701157,8.50055885315,-0.0452896058559,-3.36039853096],[-124.287010193,34.8098297119,-20.9010372162,15.4760284424,17.795255661,14.488067627,9.92060089111,43.6522941589,133.540206909,32.8278274536,10.9765424728,0.00846684537828,-0.855470836163],[136.596252441,-7.64601993561,35.0325775146,16.6343479156,15.2669353485,-7.13393783569,-8.69972038269,-6.91984701157,32.8278274536,130.769592285,48.5634994507,2.36902809143,-4.96256494522],[-25.2581729889,18.8456935883,-8.05498409271,-11.1938819885,-9.36227035522,-10.3377685547,-10.4464607239,8.50055885315,10.9765424728,48.5634994507,117.139335632,39.7993011475,-6.82234477997],[-45.3664550781,29.7011737823,7.94931840897,10.6851682663,10.1125669479,7.81871461868,0.782717764378,-0.0452896058559,0.00846684537828,2.36902809143,39.7993011475,111.707450867,42.0837249756],[-101.056564331,39.6416053772,-21.2599411011,24.2112922668,2.52618408203,4.82001638412,11.810333252,-3.36039853096,-0.855470836163,-4.96256494522,-6.82234477997,42.0837249756,108.663513184]],"icov":[[0.00011329978588,0.000116270202852,0.0000308451744786,-0.0000353359500878,0.0000179377057066,-0.0000312006523018,0.0000523857961525,-0.000189388767467,0.000186001590919,-0.000210510377656,0.000114034031867,-0.0000519535460626,0.0000854070458445],[0.000116270202852,0.000830608187243,0.000355556840077,-0.000253133097431,-0.000334798271069,0.000120678210806,-0.000149202620378,0.0000111263179861,0.0000415910544689,-0.0000833840094856,-0.0000668700231472,-0.000122364028357,-0.0000102174153653],[0.0000308451744786,0.000355556840077,0.00167709134985,0.000328303489368,-0.000433694396634,-0.000993020366877,0.000447693077149,-0.000505757983774,0.000621899031103,-0.000820109969936,0.000482666044263,-0.000392544519855,0.0002935512166],[-0.0000353359500878,-0.000253133097431,0.000328303489368,0.00360752991401,-0.0011211570818,-0.000194563210243,0.0000101102004919,-0.0000336789526045,-0.0000499676061736,-0.000631454342511,0.000592976692133,-0.000184281452675,-0.000568155257497],[0.0000179377057066,-0.000334798271069,-0.000433694396634,-0.0011211570818,0.00655857520178,-0.00278541259468,0.000495684682392,-0.000850204261951,0.00001532839633,-0.00105375575367,0.000998983043246,-0.000679833057802,0.000472692656331],[-0.0000312006523018,0.000120678210806,-0.000993020366877,-0.000194563210243,-0.00278541259468,0.0088982321322,-0.00356150651351,0.000821531226393,-0.0010957751656,0.00134125736076,-0.00031211800524,-0.000207440316444,-0.0000280553122138],[0.0000523857961525,-0.000149202620378,0.000447693077149,0.0000101102004919,0.000495684682392,-0.00356150651351,0.00897194817662,-0.00330237136222,0.000964093662333,-0.000625144341029,0.000907022447791,0.00014570831263,-0.000762762385421],[-0.000189388767467,0.0000111263179861,-0.000505757983774,-0.0000336789526045,-0.000850204261951,0.000821531226393,-0.00330237136222,0.0102352853864,-0.00377720431425,0.00248669134453,-0.00199714372866,0.000626391731203,0.000102984748082],[0.000186001590919,0.0000415910544689,0.000621899031103,-0.0000499676061736,0.00001532839633,-0.0010957751656,0.000964093662333,-0.00377720431425,0.00977874640375,-0.00332102039829,0.000882692460436,-0.000222098227823,0.000184021497262],[-0.000210510377656,-0.0000833840094856,-0.000820109969936,-0.000631454342511,-0.00105375575367,0.00134125736076,-0.000625144341029,0.00248669134453,-0.00332102039829,0.0112335663289,-0.00542703969404,0.00202694581822,-0.000714121095371],[0.000114034031867,-0.0000668700231472,0.000482666044263,0.000592976692133,0.000998983043246,-0.00031211800524,0.000907022447791,-0.00199714372866,0.000882692460436,-0.00542703969404,0.0132102845237,-0.00572182284668,0.00272750807926],[-0.0000519535460626,-0.000122364028357,-0.000392544519855,-0.000184281452675,-0.000679833057802,-0.000207440316444,0.00014570831263,0.000626391731203,-0.000222098227823,0.00202694581822,-0.00572182284668,0.0130957830697,-0.00535109452903],[0.0000854070458445,-0.0000102174153653,0.0002935512166,-0.000568155257497,0.000472692656331,-0.0000280553122138,-0.000762762385421,0.000102984748082,0.000184021497262,-0.000714121095371,0.00272750807926,-0.00535109452903,0.0117587205023]],"mean":[-688.362792969,109.765441895,15.4601039886,24.6900653839,4.1933465004,2.85099983215,-4.42576122284,-0.155967220664,-5.38318347931,-2.21370077133,-3.66677689552,0.755667865276,-2.04307198524]},"pitch_salience":{"dmean":0.0651728212833,"dmean2":0.105333544314,"dvar":0.00438224337995,"dvar2":0.0116279898211,"max":0.981284201145,"mean":0.523848056793,"median":0.526777625084,"min":0.102226398885,"var":0.0122901257128},"silence_rate_20dB":{"dmean":0.000767489138525,"dmean2":0.0015350371832,"dvar":0.000766900135204,"dvar2":0.00214669574052,"max":1,"mean":0.999539494514,"median":1,"min":0,"var":0.000460263778223},"silence_rate_30dB":{"dmean":0.0287040937692,"dmean2":0.0574103929102,"dvar":0.0278801694512,"dvar2":0.0600243322551,"max":1,"mean":0.969685316086,"median":1,"min":0,"var":0.0293956808746},"silence_rate_60dB":{"dmean":0.0426723957062,"dmean2":0.0853480696678,"dvar":0.0408514626324,"dvar2":0.0892695486546,"max":1,"mean":0.198081344366,"median":0,"min":0,"var":0.158845126629},"spectral_centroid":{"dmean":262.29776001,"dmean2":407.332244873,"dvar":98351.6171875,"dvar2":217973.21875,"max":11755.4921875,"mean":1345.14807129,"median":1180.35168457,"min":185.595565796,"var":1060172.125},"spectral_complexity":{"dmean":2.46617293358,"dmean2":3.72522830963,"dvar":11.6026296616,"dvar2":22.3395748138,"max":58,"mean":12.8821182251,"median":11,"min":0,"var":81.5046768188},"spectral_contrast_coeffs":{"dmean":[0.0447025708854,0.0423205718398,0.0364269651473,0.0319541282952,0.026667540893,0.0171832051128],"dmean2":[0.0742675513029,0.066850207746,0.0557309873402,0.0496515631676,0.0413951948285,0.0265166722238],"dvar":[0.00164765585214,0.00133482203819,0.00101052294485,0.000779100286309,0.000600678031333,0.000278869469184],"dvar2":[0.00437594624236,0.00319714378566,0.00225188746117,0.00172955286689,0.00128741806839,0.000602010346483],"max":[-0.237987816334,-0.374244809151,-0.396624565125,-0.45619609952,-0.474288314581,-0.551855742931],"mean":[-0.614623904228,-0.703287959099,-0.744193792343,-0.749694645405,-0.758578836918,-0.77838498354],"median":[-0.613074064255,-0.707897543907,-0.754110753536,-0.753957033157,-0.76367354393,-0.783079326153],"min":[-0.98003834486,-0.989817202091,-0.98768979311,-0.993533611298,-0.980231165886,-0.965355098248],"var":[0.0073289074935,0.00653629237786,0.00606640987098,0.00418673409149,0.00386888650246,0.00222400249913]},"spectral_contrast_valleys":{"dmean":[0.391708016396,0.33332452178,0.31435751915,0.308727562428,0.311772823334,0.303052693605],"dmean2":[0.635776817799,0.536892771721,0.490637809038,0.471037477255,0.454657942057,0.395103186369],"dvar":[0.160089969635,0.0975192338228,0.0929758772254,0.107410639524,0.131040230393,0.150451481342],"dvar2":[0.357339471579,0.226498439908,0.198332980275,0.221802607179,0.264339268208,0.260637253523],"max":[-4.63240337372,-4.51098537445,-5.31131124496,-5.96348428726,-5.50467538834,-6.70940494537],"mean":[-7.89557886124,-7.42946147919,-8.38024711609,-8.8165102005,-8.54644870758,-10.4558334351],"median":[-7.64792919159,-7.22256183624,-8.18725776672,-8.62485122681,-8.28629302979,-10.2197856903],"min":[-28.5381584167,-28.1754798889,-27.7668209076,-27.7558326721,-27.6120967865,-27.4561710358],"var":[3.62910223007,3.46367549896,3.33347272873,3.37800717354,3.76262593269,4.17319154739]},"spectral_decrease":{"dmean":3.05288794245e-9,"dmean2":5.18714626807e-9,"dvar":1.32813932331e-16,"dvar2":3.69664448181e-16,"max":1.39086327241e-28,"mean":-5.15677989199e-9,"median":-2.46547693372e-9,"min":-2.01949561074e-7,"var":1.07786411611e-16},"spectral_energy":{"dmean":0.012100379914,"dmean2":0.0201695095748,"dvar":0.00198328658007,"dvar2":0.00544988224283,"max":0.785437822342,"mean":0.0214013047516,"median":0.0102190086618,"min":9.96577993157e-21,"var":0.00173402635846},"spectral_energyband_high":{"dmean":0.000875313417055,"dmean2":0.00114792026579,"dvar":0.000010270520761,"dvar2":0.0000196843320737,"max":0.0664327666163,"mean":0.0015779780224,"median":0.000251225632383,"min":7.01285823586e-21,"var":0.0000200192462216},"spectral_energyband_low":{"dmean":0.00829912163317,"dmean2":0.0150129189715,"dvar":0.0016494031297,"dvar2":0.00469703506678,"max":0.696192502975,"mean":0.00820878986269,"median":0.00196038396098,"min":1.35425281989e-23,"var":0.00103756575845},"spectral_energyband_middle_high":{"dmean":0.00110764941201,"dmean2":0.001550283283,"dvar":0.00000853626443131,"dvar2":0.0000150534588101,"max":0.119267866015,"mean":0.00306104356423,"median":0.00120210205205,"min":1.15241011659e-21,"var":0.000033977725252},"spectral_energyband_middle_low":{"dmean":0.00411533890292,"dmean2":0.00649236142635,"dvar":0.000147875587572,"dvar2":0.000368427485228,"max":0.315715551376,"mean":0.00994845107198,"median":0.0054372753948,"min":1.30840949367e-22,"var":0.00022221999825},"spectral_entropy":{"dmean":0.18494977057,"dmean2":0.267298460007,"dvar":0.0394485518336,"dvar2":0.0807058960199,"max":9.82429885864,"mean":7.42094659805,"median":7.45162773132,"min":5.04878568649,"var":0.38283470273},"spectral_flux":{"dmean":0.0255439933389,"dmean2":0.0411306507885,"dvar":0.0033097662963,"dvar2":0.00656794663519,"max":0.806512653828,"mean":0.0635171681643,"median":0.0429894924164,"min":6.20428500242e-11,"var":0.00587445916608},"spectral_kurtosis":{"dmean":1.40933966637,"dmean2":2.28137850761,"dvar":4.61965036392,"dvar2":12.2503957748,"max":53.1952362061,"mean":4.01379966736,"median":2.94730901718,"min":-1.3051327467,"var":20.3193702698},"spectral_rms":{"dmean":0.000823392765597,"dmean2":0.00127069535665,"dvar":0.00000344071986547,"dvar2":0.00000869781251822,"max":0.0276817772537,"mean":0.00372013892047,"median":0.0031574931927,"min":3.11812641679e-12,"var":0.00000703988689565},"spectral_rolloff":{"dmean":695.450805664,"dmean2":1165.0612793,"dvar":1789342.75,"dvar2":3937146.75,"max":19638.28125,"mean":1883.10253906,"median":968.994140625,"min":86.1328125,"var":5962940},"spectral_skewness":{"dmean":0.205787628889,"dmean2":0.313441038132,"dvar":0.0538557991385,"dvar2":0.125904604793,"max":6.04893493652,"mean":1.4714165926,"median":1.38526654243,"min":-0.106514930725,"var":0.406631231308},"spectral_spread":{"dmean":601571.5,"dmean2":855721.5,"dvar":645041160192,"dvar2":1249154039810,"max":49115196,"mean":5748617,"median":5250693.5,"min":1551340.875,"var":12052784480300},"spectral_strongpeak":{"dmean":0.43225094676,"dmean2":0.713407993317,"dvar":0.855463504791,"dvar2":2.07370328903,"max":20.3302898407,"mean":0.839277565479,"median":0.439914941788,"min":0,"var":1.55311214924},"zerocrossingrate":{"dmean":0.0125846108422,"dmean2":0.0145687628537,"dvar":0.00024658194161,"dvar2":0.000298939441564,"max":0.52392578125,"mean":0.074331112206,"median":0.06005859375,"min":0.00439453125,"var":0.00345981051214}},"metadata":{"audio_properties":{"analysis_sample_rate":44100,"bit_rate":0,"codec":"flac","downmix":"mix","equal_loudness":0,"length":605.066650391,"lossless":true,"md5_encoded":"6e7b35adfc4e092c250ce066af473b20","replay_gain":-2.69438934326},"tags":{"acoustid_id":["a34695bb-0cc1-4b68-8ce5-605310a137cf"],"album":["Crest of a Knave"],"albumartist":["Jethro Tull"],"albumartistsort":["Jethro Tull"],"artist":["Jethro Tull"],"artists":["Jethro Tull"],"artistsort":["Jethro Tull"],"asin":["B0007TFCK2"],"barcode":["4007192585618"],"catalognumber":["258 561-222"],"composer":["Ian Anderson"],"composersort":["Anderson, Ian"],"date":["1987"],"discnumber":["1"],"disctotal":["1"],"file_name":"06 Budapest.flac","genre":["Progressive Rock"],"grouping":["Classic Rock"],"label":["Chrysalis"],"language":["eng"],"media":["CD"],"musicbrainz_albumartistid":["ece57992-dc2e-4f67-a269-fa43626c1a3d"],"musicbrainz_albumid":["499af132-022e-3fc1-851a-5bde17759a2b"],"musicbrainz_artistid":["ece57992-dc2e-4f67-a269-fa43626c1a3d"],"musicbrainz_recordingid":["4f990176-a781-4194-a9aa-2d7ad9876e69"],"musicbrainz_releasegroupid":["5c6d0e6c-c645-3530-908d-74c1a8e7c624"],"musicbrainz_releasetrackid":["c9a3682b-2bd8-37f3-a81f-1f779567df37"],"musicbrainz_workid":["07d3e8c1-88e0-4c2a-9fbf-6555ca59f518"],"originaldate":["1987-09-11"],"originalyear":["1987"],"releasecountry":["DE"],"releasestatus":["official"],"releasetype":["album"],"replaygain_album_gain":["+0.31 dB"],"replaygain_album_peak":["1.000000"],"replaygain_track_gain":["+3.46 dB"],"replaygain_track_peak":["0.966187"],"script":["Latn"],"title":["Budapest"],"totaldiscs":["1"],"totaltracks":["9"],"tracknumber":["6"],"tracktotal":["9"],"work":["Budapest"]},"version":{"essentia":"