{"lowlevel":{"average_loudness":0.731927931309,"barkbands":{"dmean":[0.000345338776242,0.00202952441759,0.00185815582518,0.0012090690434,0.000695851573255,0.000652371323667,0.000651169742923,0.00148342293687,0.00104173633736,0.00065470993286,0.000719216710422,0.000719048955943,0.000362544553354,0.00035040351213,0.000265144364676,0.000153308472363,0.000113498368592,0.0000739055612939,0.00002735867929,0.000036740606447,0.0000104272194221,0.00000807697779237,0.0000054998045016,0.00000372957015315,0.00000405041055274,0.00000327124371324,0.00000104772504983],"dmean2":[0.000610169721767,0.00329211261123,0.00309315067716,0.00188717036508,0.00112629390787,0.000977111980319,0.000999439507723,0.00218548695557,0.00154574785847,0.000966979598161,0.00103252823465,0.00106848508585,0.000535968516488,0.000522686925251,0.000388318730984,0.000227515614824,0.000163028380484,0.000112768168037,0.000041428476834,0.0000520606845384,0.0000154699882842,0.0000116536639325,0.0000076005376286,0.00000504780609845,0.00000515885585628,0.00000401153965868,0.0000013223472024],"dvar":[1.47185176047e-7,0.0000175086534,0.0000165842084243,0.00000636854929326,0.0000015090611214,0.00000191296339835,0.00000194607923731,0.0000119898295452,0.00000588826833336,0.0000049749014579,0.00000484713655169,0.00000481839242639,9.98105633698e-7,9.75477291831e-7,9.39310268677e-7,1.91369011304e-7,9.15616098496e-8,3.89004064516e-8,4.04101330176e-9,1.0027288333e-8,4.07930106361e-10,2.28692509374e-10,2.01753599938e-10,6.63345697816e-11,4.13788586728e-11,2.65460153859e-11,3.4637412296e-12],"dvar2":[4.00254805299e-7,0.0000447418678959,0.0000441125375801,0.0000146994607348,0.00000388260332329,0.00000447042430096,0.00000430695899922,0.0000220903730224,0.0000110559740278,0.00000961705336522,0.00000894131062523,0.0000103781676444,0.00000172779675722,0.00000203111062547,0.00000168780047716,3.6651815094e-7,1.79239066256e-7,9.57882377861e-8,8.5418774276e-9,1.85659043694e-8,8.96764495995e-10,4.8197146274e-10,3.53983675705e-10,1.28849111936e-10,7.22497964234e-11,4.38637043354e-11,6.05271908982e-12],"max":[0.00446478324011,0.0700283497572,0.0614167153835,0.0534920319915,0.0240059420466,0.0409410297871,0.03614602983,0.0954726859927,0.0960665568709,0.113988757133,0.0660522058606,0.0525223612785,0.0686088651419,0.0226688105613,0.0496441274881,0.0210473015904,0.013559027575,0.00514923641458,0.00223350897431,0.00330712762661,0.0004277661792,0.000324859807733,0.000503519317135,0.000388568761991,0.0000839009007905,0.0000849225980346,0.0000346042397723],"mean":[0.000329324393533,0.00350240967236,0.00347801018506,0.00223822100088,0.00121344008949,0.00123774353415,0.00120078364853,0.00299182208255,0.00237305508927,0.00141777482349,0.00148027099203,0.00125162885524,0.000842032663058,0.000679885095451,0.000558795465622,0.000313708500471,0.000241225716309,0.000144273915794,0.0000557277926418,0.000086491505499,0.0000199294408958,0.0000154238277901,0.00000970815290202,0.00000705152979208,0.00000771279155742,0.00000616944953435,0.00000186189879514],"median":[0.000209253543289,0.00203664787114,0.00126941991039,0.000747708254494,0.000675851828419,0.000583330402151,0.000548264128156,0.000927007815335,0.000577696599066,0.000235809915466,0.000287772039883,0.000254411657806,0.000251095014391,0.000139908195706,0.0000642133090878,0.0000944368221099,0.0000619191559963,0.0000311330149998,0.0000197395293071,0.0000156259884534,0.00000746198475099,0.00000606512185186,0.00000392901574742,0.00000278957895716,0.00000311089524985,0.00000231006515605,6.03542048339e-7],"min":[2.25594244721e-15,1.02645400724e-15,2.82229683959e-15,2.87468498035e-15,5.33515687344e-15,1.84319409169e-15,4.70918639641e-15,5.89449762126e-15,5.69781275926e-15,2.47799590363e-14,1.94153097462e-14,2.54325318536e-14,2.16025165285e-14,2.568181365e-14,4.4178544964e-14,2.76696559816e-14,9.42809605343e-14,1.03143229092e-13,1.65439669885e-13,2.62400696874e-13,2.62995354661e-13,4.25669943087e-13,1.33771390232e-12,1.347175301e-12,2.50590802449e-12,5.7940366914e-12,8.0707211747e-12],"var":[1.44696471693e-7,0.0000233632763411,0.0000231862250075,0.0000137685728987,0.0000023267468805,0.00000425883627031,0.00000470716759082,0.0000368686523871,0.0000282672972389,0.0000218608147406,0.0000158177117555,0.0000104640330392,0.00000853304482007,0.00000274269905276,0.0000028168415156,7.20346065464e-7,2.6078856763e-7,1.01352298998e-7,9.68177271687e-9,4.03182092157e-8,1.03635511284e-9,5.53986800877e-10,4.06611078141e-10,1.60696608797e-10,1.06102363007e-10,6.97741309175e-11,8.26323384717e-12]},"barkbands_crest":{"dmean":2.23856973648,"dmean2":3.66100788116,"dvar":5.29883098602,"dvar2":13.8090734482,"max":26.5285930634,"mean":9.62236404419,"median":8.6720867157,"min":2.52724146843,"var":16.7144298553},"barkbands_flatness_db":{"dmean":0.0229946058244,"dmean2":0.0334289558232,"dvar":0.000701169541571,"dvar2":0.00168568268418,"max":0.663019835949,"mean":0.16671949625,"median":0.157500073314,"min":0.0318678542972,"var":0.0037931855768},"barkbands_kurtosis":{"dmean":18.9046955109,"dmean2":33.546169281,"dvar":39225.9921875,"dvar2":118254.96875,"max":6140.99462891,"mean":17.6171684265,"median":0.809825062752,"min":-1.96050190926,"var":35612.4375},"barkbands_skewness":{"dmean":0.68983912468,"dmean2":1.10757672787,"dvar":4.48064804077,"dvar2":13.1183576584,"max":62.0376777649,"mean":1.15478134155,"median":0.739010751247,"min":-4.79738950729,"var":10.3899612427},"barkbands_spread":{"dmean":3.43654799461,"dmean2":5.33916139603,"dvar":29.4702568054,"dvar2":72.8894729614,"max":152.198471069,"mean":14.6291828156,"median":13.5859642029,"min":0.0278851110488,"var":82.5225143433},"dissonance":{"dmean":0.0272982288152,"dmean2":0.0459924153984,"dvar":0.000735402165446,"dvar2":0.00198986311443,"max":0.500000059605,"mean":0.449786692858,"median":0.459269106388,"min":0.243601575494,"var":0.00147737096995},"dynamic_complexity":4.47729587555,"erbbands":{"dmean":[0.0426550768316,0.543629109859,1.93930625916,3.31828045845,3.08522081375,2.32775473595,2.54798102379,6.52618789673,8.17969036102,18.9954223633,31.1928977966,22.9182891846,19.3427886963,22.9324893951,26.3073139191,29.3874797821,16.9005661011,16.2450466156,14.3297643661,10.261551857,6.91870594025,5.34711074829,4.17956161499,1.52276980877,1.60809195042,1.77162313461,0.578123867512,0.377960979939,0.29158321023,0.205298572779,0.151660263538,0.0908269882202,0.0571707226336,0.0415654554963,0.0319633111358,0.0170231033117,0.00554630486295,0.00120779359713,0.000175742825377,0.000018278888092],"dmean2":[0.0678570717573,0.900162696838,3.25868940353,5.27308893204,4.84034824371,3.78350925446,3.85780096054,9.76576519012,12.3951911926,28.7641429901,45.7836608887,33.6781196594,29.2860145569,31.6506500244,37.9166793823,43.6825141907,24.3421115875,24.6528663635,20.7727546692,14.8497085571,9.87245464325,7.56835651398,6.2141494751,2.22025799751,2.3014934063,2.50083613396,0.851991057396,0.557507157326,0.423232525587,0.290631562471,0.208545789123,0.122580066323,0.0788912698627,0.0547870509326,0.0415246002376,0.0214985180646,0.00693572219461,0.00152833224274,0.000222009781282,0.0000230861624004],"dvar":[0.00840938091278,1.30822229385,18.2534599304,43.2748336792,38.9319000244,16.6895256042,23.4511680603,220.808380127,267.593719482,1607.45996094,6584.68310547,2646.1809082,3545.84228516,5631.06005859,6594.05859375,9356.56152344,2510.69067383,2132.26806641,2260.40014648,777.194641113,355.205505371,242.430877686,119.958221436,9.8838300705,17.2481765747,23.1796360016,1.29899168015,0.507911384106,0.277251422405,0.26661247015,0.140366569161,0.0454290024936,0.0172311514616,0.00467104278505,0.00253927148879,0.000715152418707,0.0000795880332589,0.00000404092861572,9.71215996515e-8,7.19201032062e-10],"dvar2":[0.0203140042722,3.48659539223,50.0681610107,105.25717926,94.9185409546,42.6872673035,53.5546798706,503.206604004,590.709960938,3357.30688477,11702.6826172,5221.00439453,8002.10644531,8771.88085938,12588.2373047,21029.0195312,3904.2409668,4610.58935547,4150.45458984,1556.0802002,651.160583496,466.835510254,289.500823975,20.3866176605,35.2885055542,41.6476478577,2.88265562057,1.12955486774,0.586174547672,0.483856707811,0.263751298189,0.0871361643076,0.0368598401546,0.00864776037633,0.00449108984321,0.0012249747524,0.00013587634021,0.00000700729196979,1.71860108367e-7,1.28591470805e-9],"max":[1.71860575676,19.2337665558,58.4862976074,95.5010375977,122.895339966,73.1663970947,168.22013855,501.943572998,625.806518555,764.889587402,3100.66943359,1865.1862793,2532.6796875,3667.9609375,2688.80566406,2395.63110352,3663.09960938,1334.15808105,2463.87133789,991.630126953,736.835144043,791.489990234,256.235931396,120.727668762,114.187026978,145.095596313,27.5706596375,13.1672945023,11.5979785919,16.7681274414,13.6102600098,10.905875206,8.15220928192,1.16892254353,0.611774802208,0.376151531935,0.1651609689,0.0362341068685,0.00740633998066,0.0004400681064],"mean":[0.0640535056591,0.924367725849,3.55186486244,6.60449361801,5.36681509018,3.85483384132,4.99468660355,12.0684080124,15.5905761719,37.7389068604,66.8559646606,55.2443580627,42.8764190674,52.8958854675,56.2801704407,53.7913131714,41.9903907776,35.175151825,32.253780365,22.6715755463,15.8661022186,12.1535711288,9.28512573242,3.64857077599,3.47911787033,4.20446252823,1.2380849123,0.720684289932,0.55560863018,0.383848756552,0.262059867382,0.166411444545,0.107181914151,0.0778973177075,0.0589149408042,0.0313727930188,0.0103445490822,0.00221257400699,0.000319613027386,0.0000479826558148],"median":[0.0359959974885,0.549100399017,1.93218004704,2.89097261429,1.9639441967,2.00561189651,2.76134634018,5.1957025528,7.95630693436,13.0141801834,22.797000885,15.022069931,12.1359539032,10.7420063019,14.2519254684,12.1126947403,13.7302646637,8.28455924988,6.21049356461,4.69905233383,5.40934562683,3.38990783691,1.83609652519,1.17766928673,0.93442595005,0.747077703476,0.404610693455,0.296511262655,0.222168937325,0.147769331932,0.104729548097,0.0652481690049,0.0434167683125,0.0319077074528,0.022664334625,0.0117188561708,0.00387033307925,0.000785492593423,0.00011286206427,0.0000326576446241],"min":[5.06502121061e-14,2.16322578882e-13,2.67212315642e-12,7.886537777e-12,1.12632351362e-11,2.03654350328e-11,1.9041017027e-11,1.49794777277e-11,6.34306565606e-11,6.48763889832e-11,1.60834456864e-10,1.19010912236e-10,5.52101309115e-10,7.22606086079e-10,1.007154804e-9,1.02822805825e-9,1.02742092611e-9,8.30086610559e-10,2.57162113826e-9,1.48902234987e-9,2.18529905283e-9,5.76499870064e-9,4.88302109858e-9,6.28257268431e-9,1.02807016233e-8,1.34157813747e-8,1.17667946498e-8,1.10391447095e-8,1.94026998912e-8,3.00667402087e-8,3.24920712558e-8,3.42765638095e-8,1.95114271406e-8,1.77958128234e-8,2.14549729094e-8,1.60481938849e-8,1.15089591191e-8,4.77089612261e-9,1.13834341953e-9,1.16519460747e-10],"var":[0.00978339556605,1.63621163368,21.381986618,80.0163726807,72.0982208252,27.8555469513,57.549987793,479.298522949,667.359375,4729.51025391,22137.078125,14002.8691406,12252.1035156,23566.0292969,19608.265625,19929.2285156,21068.7578125,6898.37792969,6778.66699219,2806.50732422,1313.33032227,680.877319336,366.352172852,44.8229370117,49.4576225281,94.5921401978,4.49774265289,1.15651059151,0.680887639523,0.575889825821,0.276471138,0.106446780264,0.0345712788403,0.0114792762324,0.00630242051557,0.0018138041487,0.000201364877285,0.0000100139877759,2.30237731103e-7,2.37058461749e-9]},"erbbands_crest":{"dmean":2.62214994431,"dmean2":4.10520029068,"dvar":6.93672609329,"dvar2":15.4095125198,"max":30.8397693634,"mean":11.1336460114,"median":9.74817943573,"min":2.2533993721,"var":27.920545578},"erbbands_flatness_db":{"dmean":0.021999925375,"dmean2":0.02992400527,"dvar":0.000550463562831,"dvar2":0.000966157473158,"max":0.398603379726,"mean":0.200401753187,"median":0.196107178926,"min":0.0192245468497,"var":0.00300791068003},"erbbands_kurtosis":{"dmean":1.02917182446,"dmean2":1.60628914833,"dvar":2.24131417274,"dvar2":5.08612394333,"max":31.1781654358,"mean":1.45530581474,"median":0.795073390007,"min":-1.76995360851,"var":7.36746072769},"erbbands_skewness":{"dmean":0.339211881161,"dmean2":0.524681389332,"dvar":0.105012692511,"dvar2":0.238563224673,"max":4.81386995316,"mean":0.275309056044,"median":0.236126646399,"min":-2.24299860001,"var":0.504560112953},"erbbands_spread":{"dmean":4.66262769699,"dmean2":7.04152488708,"dvar":38.928478241,"dvar2":88.1149139404,"max":211.328231812,"mean":21.5807094574,"median":18.7736263275,"min":2.09171080589,"var":239.789093018},"gfcc":{"cov":[[22925.6914062,1942.62719727,-1729.27502441,-387.101837158,-662.70324707,-328.772094727,-674.374694824,-104.942573547,-412.900115967,-88.6702804565,-411.304016113,-213.389755249,-384.781951904],[1942.62719727,1611.55688477,-328.513031006,-278.307495117,88.2664489746,-88.9396591187,33.2156639099,-70.3366317749,-22.4614849091,-126.779083252,10.0734415054,-97.0302734375,7.08360385895],[-1729.27502441,-328.513031006,952.092895508,179.910339355,59.344619751,149.045532227,21.5577545166,71.6692276001,17.3870792389,51.9929962158,-47.0587043762,39.7716712952,-91.3333129883],[-387.101837158,-278.307495117,179.910339355,403.133422852,28.6776638031,-41.3147125244,-34.0762252808,-3.15703487396,14.8141994476,3.51653599739,3.27975153923,-14.6707010269,-6.05383872986],[-662.70324707,88.2664489746,59.344619751,28.6776638031,194.244598389,29.3625164032,15.7445697784,21.0267028809,26.9311180115,-9.7971572876,11.4962968826,-8.19316291809,8.3137216568],[-328.772094727,-88.9396591187,149.045532227,-41.3147125244,29.3625164032,159.297027588,73.8114929199,12.9735612869,-15.8928899765,16.5154724121,-7.38706493378,17.514667511,-16.6615848541],[-674.374694824,33.2156639099,21.5577545166,-34.0762252808,15.7445697784,73.8114929199,159.869232178,22.7344493866,-6.06454229355,-13.4021282196,28.9715270996,-9.48278141022,6.99802160263],[-104.942573547,-70.3366317749,71.6692276001,-3.15703487396,21.0267028809,12.9735612869,22.7344493866,91.0973815918,41.9288825989,18.4214076996,-17.1026573181,1.50925254822,-9.30852222443],[-412.900115967,-22.4614849091,17.3870792389,14.8141994476,26.9311180115,-15.8928899765,-6.06454229355,41.9288825989,107.103843689,37.7233200073,-6.6470618248,-13.3381690979,10.1963386536],[-88.6702804565,-126.779083252,51.9929962158,3.51653599739,-9.7971572876,16.5154724121,-13.4021282196,18.4214076996,37.7233200073,87.0016555786,17.4389610291,9.33637237549,-15.8137283325],[-411.304016113,10.0734415054,-47.0587043762,3.27975153923,11.4962968826,-7.38706493378,28.9715270996,-17.1026573181,-6.6470618248,17.4389610291,89.3119812012,28.4602928162,14.5911407471],[-213.389755249,-97.0302734375,39.7716712952,-14.6707010269,-8.19316291809,17.514667511,-9.48278141022,1.50925254822,-13.3381690979,9.33637237549,28.4602928162,82.9937667847,29.7196159363],[-384.781951904,7.08360385895,-91.3333129883,-6.05383872986,8.3137216568,-16.6615848541,6.99802160263,-9.30852222443,10.1963386536,-15.8137283325,14.5911407471,29.7196159363,86.7362365723]],"icov":[[0.000142792909173,-0.000262805551756,0.000400287564844,-0.000269533891696,0.000401425582822,-0.000347285327734,0.000572641496547,-0.000567859620787,0.000643167295493,-0.000393774244003,0.000643993960693,-0.000313682074193,0.000697027950082],[-0.000262805551756,0.00151322048623,-0.00078478717478,0.00137883122079,-0.00131679803599,0.00131256796885,-0.00118830706924,0.0017715326976,-0.00149821944069,0.00200896430761,-0.00169113569427,0.00164209259674,-0.00109100842383],[0.000400287564844,-0.00078478717478,0.00302307703532,-0.00181445642374,0.000751870800741,-0.00226360466331,0.00129999488126,-0.00203964952379,0.00143023568671,-0.0014974125661,0.00320620648563,-0.00310749444179,0.00415010703728],[-0.000269533891696,0.00137883122079,-0.00181445642374,0.00443929852918,-0.00152965204325,0.00249186321162,-0.000675909221172,0.00201439927332,-0.00139721471351,0.00188828236423,-0.00258926139213,0.00298216124065,-0.00209080940112],[0.000401425582822,-0.00131679803599,0.000751870800741,-0.00152965204325,0.00812553986907,-0.00431405426934,0.00382167729549,-0.00402786256745,-0.0000517286425747,0.00156909739599,-0.00177148601506,0.00138503464404,0.000340751750628],[-0.000347285327734,0.00131256796885,-0.00226360466331,0.00249186321162,-0.00431405426934,0.0150891859084,-0.00960725732148,0.00514017790556,0.000903885404114,-0.00397779559717,0.00487757334486,-0.00387855409645,0.000458292022813],[0.000572641496547,-0.00118830706924,0.00129999488126,-0.000675909221172,0.00382167729549,-0.00960725732148,0.0160114038736,-0.00843096897006,0.00276298960671,0.0039232946001,-0.00708221644163,0.00655863713473,-0.00111470045522],[-0.000567859620787,0.0017715326976,-0.00203964952379,0.00201439927332,-0.00402786256745,0.00514017790556,-0.00843096897006,0.0208238773048,-0.00891017355025,-0.000282395951217,0.00421540345997,-0.00420756265521,0.00134604179766],[0.000643167295493,-0.00149821944069,0.00143023568671,-0.00139721471351,-0.0000517286425747,0.000903885404114,0.00276298960671,-0.00891017355025,0.0198589544743,-0.0104951616377,0.00439871335402,0.003066156758,-0.00265503441915],[-0.000393774244003,0.00200896430761,-0.0014974125661,0.00188828236423,0.00156909739599,-0.00397779559717,0.0039232946001,-0.000282395951217,-0.0104951616377,0.0232764817774,-0.0112512987107,0.00273873773403,0.00181457726285],[0.000643993960693,-0.00169113569427,0.00320620648563,-0.00258926139213,-0.00177148601506,0.00487757334486,-0.00708221644163,0.00421540345997,0.00439871335402,-0.0112512987107,0.0256831385195,-0.0133968060836,0.00602236669511],[-0.000313682074193,0.00164209259674,-0.00310749444179,0.00298216124065,0.00138503464404,-0.00387855409645,0.00655863713473,-0.00420756265521,0.003066156758,0.00273873773403,-0.0133968060836,0.0264343414456,-0.0131132556126],[0.000697027950082,-0.00109100842383,0.00415010703728,-0.00209080940112,0.000340751750628,0.000458292022813,-0.00111470045522,0.00134604179766,-0.00265503441915,0.00181457726285,0.00602236669511,-0.0131132556126,0.0233473982662]],"mean":[-62.1188545227,127.612068176,-114.485900879,0.805651962757,-39.4240989685,11.174741745,-25.0607242584,10.7132320404,-16.7007675171,4.64145755768,-15.7472667694,-3.24274706841,-14.0269184113]},"hfc":{"dmean":4.44667434692,"dmean2":5.86516475677,"dvar":47.1492004395,"dvar2":81.1006011963,"max":149.686721802,"mean":15.6188955307,"median":9.90224647522,"min":3.26569022491e-7,"var":286.692687988},"melbands":{"dmean":[0.000460693496279,0.000921525759622,0.000567387265619,0.00017874178593,0.000092263915576,0.000144466888742,0.000124864978716,0.000229810189921,0.000262237037532,0.000137399605592,0.0000973898131633,0.0000921265527722,0.0000880998341017,0.0000796963722678,0.0000589995506743,0.0000340951191902,0.000033296073525,0.0000251097226283,0.0000209358804568,0.0000122136088976,0.00000801958412922,0.00000616340548731,0.00000550155709789,0.00000292851837003,0.00000120828212857,0.00000108177789571,0.00000158316277066,0.00000114157171538,4.34325244214e-7,2.39164620552e-7,2.36342799553e-7,1.92188224446e-7,1.29295784745e-7,1.15945049117e-7,9.89201893731e-8,6.93324295753e-8,5.29887600464e-8,4.35353797457e-8,3.52048701302e-8,3.68521213545e-8],"dmean2":[0.000739223090932,0.00153242703527,0.00089172355365,0.000287240778562,0.000140864518471,0.000215068721445,0.00018976937281,0.000347946450347,0.00038604286965,0.000202916184207,0.000147734288475,0.000127136197989,0.000127170351334,0.00011781892681,0.0000866098198458,0.0000509569690621,0.000050730737712,0.000036820256355,0.0000300230494759,0.0000182110397873,0.0000116496858027,0.00000897855261428,0.00000792347236711,0.00000447055617769,0.0000018029554667,0.00000163247011642,0.00000224521090786,0.00000166112249644,6.61370563648e-7,3.62245828001e-7,3.53190444002e-7,2.86039806952e-7,1.87641177263e-7,1.67117065075e-7,1.40135867355e-7,9.76802851937e-8,7.45267811908e-8,6.23223570528e-8,4.86807536504e-8,4.97995777948e-8],"dvar":[8.90289754807e-7,0.00000384594341085,0.00000124878272345,1.04297704695e-7,2.7754571974e-8,9.77211698228e-8,6.51553051512e-8,2.416068412e-7,4.72018285791e-7,9.89320270151e-8,9.57547214853e-8,9.70663478483e-8,6.04711303254e-8,5.77512224709e-8,3.63826409e-8,7.87600651364e-9,9.95588322894e-9,6.07793015917e-9,5.79024739267e-9,1.37508171516e-9,4.14749679045e-10,4.03680283645e-10,2.2705996805e-10,5.901003991e-11,6.88049487177e-12,7.58294382147e-12,2.18147912928e-11,9.82031036351e-12,7.90011556607e-13,2.39537664877e-13,1.90201844617e-13,1.12908427996e-13,8.39189218875e-14,9.90529747526e-14,6.07350405862e-14,2.6688698655e-14,1.68053284911e-14,1.37861507014e-14,3.76957783022e-15,3.69754784245e-15],"dvar2":[0.0000021929038212,0.0000104331156763,0.00000299545422422,2.66033111984e-7,6.5442939956e-8,2.26284726068e-7,1.4385710756e-7,4.9703305649e-7,8.35227410789e-7,1.95697111849e-7,2.14058459846e-7,1.49526755422e-7,1.14074723001e-7,1.24671018398e-7,7.46627932813e-8,1.40136870996e-8,2.13645936498e-8,1.15334861661e-8,1.10218243421e-8,2.72207190122e-9,7.78739184248e-10,7.76953834603e-10,4.94082719182e-10,1.45058687284e-10,1.47346024271e-11,1.64926544644e-11,4.22247480036e-11,1.92234179963e-11,1.89109231746e-12,5.4426564167e-13,4.34356489578e-13,2.48922491777e-13,1.78282979742e-13,1.76923742583e-13,1.1451092624e-13,5.4346074353e-14,3.50127540079e-14,3.14644923343e-14,7.55485033392e-15,7.02024421871e-15],"max":[0.0151126775891,0.0270112976432,0.0179471485317,0.00407461263239,0.00604066485539,0.00979199633002,0.00932897254825,0.0104447687045,0.0286937765777,0.00998960249126,0.0138298729435,0.0169194918126,0.00676330411807,0.00453794933856,0.00995907839388,0.0050721205771,0.00260752928443,0.00336007145233,0.00408532144502,0.00182088965084,0.000571502896491,0.0011697341688,0.000418339739554,0.000157837217557,0.000114011520054,0.0000923493571463,0.000173734311829,0.000100164943433,0.0000215968266275,0.0000104389882836,0.00000947966691456,0.00000709585901859,0.00000803479906608,0.0000113320529636,0.00000922861909203,0.00000687093825036,0.00000685163831804,0.00000799250028649,0.00000182529686299,9.03064517388e-7],"mean":[0.000785135664046,0.00172524678055,0.00114229519386,0.000304843590129,0.00017996756651,0.000270829827059,0.000237900560023,0.000461265939521,0.000579317566007,0.000317907368299,0.00020720664179,0.000206556840567,0.000189176251297,0.000144289107993,0.00012667212286,0.0000724832789274,0.0000663758619339,0.000051079900004,0.0000427231680078,0.0000248492797255,0.0000168479000422,0.0000128354658955,0.0000113516744022,0.00000633671425021,0.00000245442606683,0.00000210799339584,0.00000332856734531,0.00000257997226072,8.48814238452e-7,4.20280542812e-7,4.17956954379e-7,3.44036351407e-7,2.35974155771e-7,2.0299179937e-7,1.61199864124e-7,1.17350730022e-7,9.52647738472e-8,7.75737731828e-8,6.48251798907e-8,6.59058940755e-8],"median":[0.000492439896334,0.0011106710881,0.000520719739143,0.00014371117868,0.000102568272268,0.000123084479128,0.000115652772365,0.000148080114741,0.000174589600647,0.0000816004539956,0.0000453100947198,0.000035129407479,0.0000425748512498,0.0000277259114227,0.0000294741421385,0.0000218457644223,0.0000131796496134,0.0000101120676845,0.00000562537707083,0.00000630353815723,0.00000606053436059,0.00000361418369721,0.0000020031893655,0.00000112199029445,8.46175566949e-7,7.02267470842e-7,5.3101064168e-7,4.555293458e-7,2.58624083926e-7,1.55921213718e-7,1.69604703615e-7,1.36521776994e-7,8.0006287817e-8,7.95604933046e-8,6.32161203384e-8,4.34662901228e-8,3.6490803268e-8,3.029541773e-8,2.60557779796e-8,2.60597730062e-8],"min":[4.66073897056e-16,1.0222848052e-15,1.43269450275e-15,1.13582988941e-15,7.48848646717e-16,3.75816607296e-16,9.66852745665e-16,7.85351213942e-16,1.34889372163e-15,7.20014639341e-16,2.88145912634e-15,2.97127130029e-15,3.14557924589e-15,2.93330135436e-15,2.79159041295e-15,1.73946664872e-15,1.40406171864e-15,4.26904901878e-15,2.91993051577e-15,1.50927559855e-15,2.32892958221e-15,5.92531225637e-15,4.83029389666e-15,4.80885591628e-15,4.76478860368e-15,7.54276825596e-15,5.46643088664e-15,1.03567565494e-14,8.44458983534e-15,4.42198717015e-15,6.39450201706e-15,1.13030312649e-14,8.33315756893e-15,2.08930247913e-14,1.27069341648e-14,3.31762273361e-14,1.45500592233e-14,1.08070578989e-14,1.70017791485e-14,1.36436780656e-14],"var":[0.00000116170440378,0.00000468149437438,0.00000238241091211,1.7023643295e-7,6.31885441749e-8,2.16195445546e-7,1.67125250528e-7,7.70948304307e-7,0.00000177857180006,4.74343437418e-7,3.35454757305e-7,4.24207314609e-7,2.00152356911e-7,1.31103661261e-7,1.53431585659e-7,4.21027657183e-8,2.86483761158e-8,1.7130288299e-8,1.71181344655e-8,5.05421793306e-9,1.23792398554e-9,9.29978871689e-10,6.96512347798e-10,2.45676645694e-10,2.2074951242e-11,1.54255757473e-11,7.25613180652e-11,3.59152950435e-11,2.45691141043e-12,4.83698693078e-13,3.93324126524e-13,2.61926087373e-13,1.7683818548e-13,1.95309873417e-13,1.12005816134e-13,5.43756324147e-14,3.57159946421e-14,2.32009236042e-14,8.85181617133e-15,8.470418411e-15]},"melbands_crest":{"dmean":2.91024065018,"dmean2":4.7651386261,"dvar":8.52008724213,"dvar2":21.6302986145,"max":39.7583427429,"mean":13.5863857269,"median":12.6229190826,"min":2.81851053238,"var":30.8242378235},"melbands_flatness_db":{"dmean":0.0257809460163,"dmean2":0.0367834344506,"dvar":0.000694700691383,"dvar2":0.0015835397644,"max":0.687976539135,"mean":0.255662381649,"median":0.250724762678,"min":0.0163526982069,"var":0.00486554950476},"melbands_kurtosis":{"dmean":25.4315662384,"dmean2":42.5391159058,"dvar":83513.265625,"dvar2":230545.375,"max":13286.2363281,"mean":34.2862129211,"median":2.00970339775,"min":-1.68469429016,"var":154366.65625},"melbands_skewness":{"dmean":0.741254687309,"dmean2":1.164711833,"dvar":4.28717660904,"dvar2":11.3593797684,"max":99.0476608276,"mean":1.83954405785,"median":1.29233217239,"min":-1.97065901756,"var":17.6945495605},"melbands_spread":{"dmean":4.41167020798,"dmean2":6.8752579689,"dvar":45.0616722107,"dvar2":121.526679993,"max":239.985076904,"mean":18.9234790802,"median":17.1747226715,"min":0.0293576829135,"var":202.046386719},"mfcc":{"cov":[[10983.3496094,1118.62512207,-598.768005371,101.438293457,-94.8212814331,-84.0681304932,-165.877944946,-115.492500305,-115.916656494,9.03584766388,-56.7909507751,-98.2896728516,-72.1888046265],[1118.62512207,1719.45666504,-202.644165039,-156.541854858,28.3032264709,-31.0131874084,50.8101730347,26.9756317139,9.31268024445,-51.010848999,6.161693573,-9.17089271545,-7.2816195488],[-598.768005371,-202.644165039,645.907592773,98.6884307861,57.2290077209,72.1967163086,12.1948318481,38.2097244263,31.5339488983,-9.40940093994,35.2163391113,51.9075241089,26.8684158325],[101.438293457,-156.541854858,98.6884307861,296.619659424,81.3909378052,-16.7147426605,-28.958782196,-6.04882049561,-10.2946014404,14.5373573303,-23.0077953339,2.59276175499,18.6201095581],[-94.8212814331,28.3032264709,57.2290077209,81.3909378052,177.833251953,9.1922492981,-31.316411972,2.60203242302,21.4116249084,4.77458333969,3.98938560486,6.51491689682,13.0934963226],[-84.0681304932,-31.0131874084,72.1967163086,-16.7147426605,9.1922492981,111.936302185,51.3299598694,9.7389421463,0.605029702187,-1.80901765823,12.0580863953,9.16750049591,-12.7174243927],[-165.877944946,50.8101730347,12.1948318481,-28.958782196,-31.316411972,51.3299598694,138.923492432,49.0712928772,-17.4906749725,-8.63539600372,12.2143964767,-4.44630908966,-11.769733429],[-115.492500305,26.9756317139,38.2097244263,-6.04882049561,2.60203242302,9.7389421463,49.0712928772,83.5196533203,28.5712661743,-5.65481281281,1.14775931835,-2.87413740158,-0.996373951435],[-115.916656494,9.31268024445,31.5339488983,-10.2946014404,21.4116249084,0.605029702187,-17.4906749725,28.5712661743,97.7449569702,39.2753601074,-0.620307922363,3.63304018974,2.42356514931],[9.03584766388,-51.010848999,-9.40940093994,14.5373573303,4.77458333969,-1.80901765823,-8.63539600372,-5.65481281281,39.2753601074,86.5505218506,30.203622818,-4.01560974121,-3.07275605202],[-56.7909507751,6.161693573,35.2163391113,-23.0077953339,3.98938560486,12.0580863953,12.2143964767,1.14775931835,-0.620307922363,30.203622818,79.4273300171,28.2258014679,-6.00780105591],[-98.2896728516,-9.17089271545,51.9075241089,2.59276175499,6.51491689682,9.16750049591,-4.44630908966,-2.87413740158,3.63304018974,-4.01560974121,28.2258014679,76.4796447754,41.0133056641],[-72.1888046265,-7.2816195488,26.8684158325,18.6201095581,13.0934963226,-12.7174243927,-11.769733429,-0.996373951435,2.42356514931,-3.07275605202,-6.00780105591,41.0133056641,95.4021224976]],"icov":[[0.000111808971269,-0.0000896209021448,0.0000794663646957,-0.000122954239487,0.000134072848596,-0.000139112671604,0.000259792548604,-0.0000692018074915,0.00018093084509,-0.000107697742351,0.0000162557698786,0.0000583639703109,0.0000416310795117],[-0.0000896209021448,0.000752221036237,0.000136889109854,0.000403590413043,-0.000482264469611,0.000476885732496,-0.000663744693156,0.000195532513317,-0.00055619480554,0.00074995245086,-0.000329903472448,0.000053283834859,-0.0000832063597045],[0.0000794663646957,0.000136889109854,0.00218784017488,-0.000944477913436,0.000083433202235,-0.00147561682388,0.000520051631611,-0.00070036604302,-0.00098609062843,0.00139531784225,-0.00153290957678,-0.000241355795879,-0.000435345544247],[-0.000122954239487,0.000403590413043,-0.000944477913436,0.00521789910272,-0.00261103198864,0.00148359383456,-0.000179358758032,-0.000717947608791,0.00273657706566,-0.0031358867418,0.00350462179631,-0.00142797827721,0.000375918461941],[0.000134072848596,-0.000482264469611,0.000083433202235,-0.00261103198864,0.00778516381979,-0.00223423517309,0.00259500741959,-0.000585125177167,-0.00183431175537,0.00158674758859,-0.0023799163755,0.00159279420041,-0.00123843015172],[-0.000139112671604,0.000476885732496,-0.00147561682388,0.00148359383456,-0.00223423517309,0.0134744681418,-0.00662323273718,0.0031760672573,-0.00124132330529,-0.0000123964937302,0.00110235693865,-0.00260090315714,0.0025947324466],[0.000259792548604,-0.000663744693156,0.000520051631611,-0.000179358758032,0.00259500741959,-0.00662323273718,0.0149319199845,-0.00995875708759,0.00610518874601,-0.00224152766168,-0.000759910442866,0.000920492399018,-0.000137316004839],[-0.0000692018074915,0.000195532513317,-0.00070036604302,-0.000717947608791,-0.000585125177167,0.0031760672573,-0.00995875708759,0.0218713991344,-0.0108286170289,0.00675005465746,-0.00298042129725,0.00293325074017,-0.00115276116412],[0.00018093084509,-0.00055619480554,-0.00098609062843,0.00273657706566,-0.00183431175537,-0.00124132330529,0.00610518874601,-0.0108286170289,0.0214528441429,-0.013686905615,0.00820694398135,-0.00496764807031,0.00223103212193],[-0.000107697742351,0.00074995245086,0.00139531784225,-0.0031358867418,0.00158674758859,-0.0000123964937302,-0.00224152766168,0.00675005465746,-0.013686905615,0.0241069160402,-0.0138481445611,0.00794809870422,-0.0033954421524],[0.0000162557698786,-0.000329903472448,-0.00153290957678,0.00350462179631,-0.0023799163755,0.00110235693865,-0.000759910442866,-0.00298042129725,0.00820694398135,-0.0138481445611,0.024891005829,-0.0130225783214,0.00659488281235],[0.0000583639703109,0.000053283834859,-0.000241355795879,-0.00142797827721,0.00159279420041,-0.00260090315714,0.000920492399018,0.00293325074017,-0.00496764807031,0.00794809870422,-0.0130225783214,0.0252347663045,-0.0113124996424],[0.0000416310795117,-0.0000832063597045,-0.000435345544247,0.000375918461941,-0.00123843015172,0.0025947324466,-0.000137316004839,-0.00115276116412,0.00223103212193,-0.0033954421524,0.00659488281235,-0.0113124996424,0.0161557104439]],"mean":[-703.878601074,170.811904907,-14.1052970886,7.42922973633,3.41264224052,4.79383325577,2.45540904999,4.44236135483,4.86360311508,5.40555381775,3.65301632881,4.63364887238,3.5866920948]},"pitch_salience":{"dmean":0.0665269941092,"dmean2":0.107904724777,"dvar":0.00409066351131,"dvar2":0.0107334870845,"max":0.863683819771,"mean":0.54818469286,"median":0.551042973995,"min":0.0342313013971,"var":0.0142153771594},"silence_rate_20dB":{"dmean":0,"dmean2":0,"dvar":0,"dvar2":0,"max":1,"mean":1,"median":1,"min":1,"var":0},"silence_rate_30dB":{"dmean":0.00562156643718,"dmean2":0.0112445689738,"dvar":0.00559012871236,"dvar2":0.0129074361175,"max":1,"mean":0.992207467556,"median":1,"min":0,"var":0.00773205514997},"silence_rate_60dB":{"dmean":0.0388399139047,"dmean2":0.0776897519827,"dvar":0.0373281091452,"dvar2":0.0793260633945,"max":1,"mean":0.117271333933,"median":0,"min":0,"var":0.103524617851},"spectral_centroid":{"dmean":134.669464111,"dmean2":201.206726074,"dvar":30421.9277344,"dvar2":62924.3203125,"max":5023.57568359,"mean":939.389953613,"median":824.500976562,"min":155.177734375,"var":284403.4375},"spectral_complexity":{"dmean":2.42877221107,"dmean2":3.53462815285,"dvar":6.07559633255,"dvar2":10.7927389145,"max":44,"mean":14.6511240005,"median":14,"min":0,"var":46.8193664551},"spectral_contrast_coeffs":{"dmean":[0.0445622913539,0.0466823875904,0.0407195538282,0.0312170870602,0.0215411484241,0.0153986103833],"dmean2":[0.0728423595428,0.0743955075741,0.0632987990975,0.049187656492,0.0339665412903,0.0242878664285],"dvar":[0.00148301536683,0.00164214440156,0.00129219854716,0.000726914149709,0.000361318554496,0.000191111059394],"dvar2":[0.00385435041972,0.00391155621037,0.00278528034687,0.00165209954139,0.000812795537058,0.000459252420114],"max":[-0.356930077076,-0.362886279821,-0.440069288015,-0.462709128857,-0.610710978508,-0.669651865959],"mean":[-0.67264342308,-0.727911949158,-0.730790495872,-0.751191318035,-0.792887866497,-0.800002098083],"median":[-0.667190492153,-0.734524011612,-0.737975239754,-0.755312085152,-0.795546889305,-0.799770116806],"min":[-0.968136191368,-0.971211850643,-0.967794001102,-0.976393401623,-0.959534823895,-0.930280864239],"var":[0.00522456271574,0.00705745071173,0.00726288137957,0.00433539785445,0.00251050712541,0.00107425882015]},"spectral_contrast_valleys":{"dmean":[0.439617305994,0.387611091137,0.336881369352,0.299527049065,0.310747951269,0.359007388353],"dmean2":[0.66959220171,0.589792966843,0.524978220463,0.450532227755,0.431997597218,0.439475655556],"dvar":[0.158010944724,0.131999582052,0.0983461663127,0.0796306431293,0.0965750813484,0.164130881429],"dvar2":[0.326499819756,0.276215851307,0.220930486917,0.162589758635,0.192047700286,0.28398758173],"max":[-5.17452049255,-4.6003575325,-5.23467111588,-5.92270803452,-6.11725282669,-9.15015220642],"mean":[-7.50263690948,-6.82909870148,-7.58783483505,-8.12567710876,-8.55479240417,-11.3347911835],"median":[-7.15793037415,-6.49323654175,-7.30033540726,-7.88989782333,-8.33984184265,-11.0287008286],"min":[-19.8153762817,-18.8375473022,-18.2031955719,-18.2389297485,-17.0972118378,-18.254032135],"var":[2.40344333649,2.63709378242,2.37818694115,2.17878365517,1.95578336716,1.7732809782]},"spectral_decrease":{"dmean":2.08753569986e-9,"dmean2":2.99600610987e-9,"dvar":9.74549456124e-18,"dvar2":2.04454480159e-17,"max":5.09081425853e-17,"mean":-6.43518394128e-9,"median":-5.18765386204e-9,"min":-5.22596721453e-8,"var":3.27241286092e-17},"spectral_energy":{"dmean":0.00824133306742,"dmean2":0.0117652155459,"dvar":0.000149690400576,"dvar2":0.000310314178932,"max":0.206708267331,"mean":0.0257044844329,"median":0.0205585323274,"min":2.27712883272e-11,"var":0.000525578740053},"spectral_energyband_high":{"dmean":0.0000438764545834,"dmean2":0.0000584561712458,"dvar":6.3096008418e-9,"dvar2":1.23563399512e-8,"max":0.00213752384298,"mean":0.0000995437294478,"median":0.0000438965507783,"min":1.93290349004e-11,"var":2.16258744246e-8},"spectral_energyband_low":{"dmean":0.00404549762607,"dmean2":0.00650198757648,"dvar":0.0000630370268482,"dvar2":0.000158653405379,"max":0.11885843426,"mean":0.00842374563217,"median":0.00599550269544,"min":6.81395654419e-15,"var":0.0000960693723755},"spectral_energyband_middle_high":{"dmean":0.00219348096289,"dmean2":0.00298048253171,"dvar":0.0000187838813872,"dvar2":0.0000339030084433,"max":0.114973112941,"mean":0.00678421091288,"median":0.00291958474554,"min":6.18289273946e-13,"var":0.000102931866422},"spectral_energyband_middle_low":{"dmean":0.00420683668926,"dmean2":0.0061678760685,"dvar":0.0000395207680413,"dvar2":0.0000805341260275,"max":0.14021101594,"mean":0.0118329627439,"median":0.00862117856741,"min":3.30869941092e-14,"var":0.000140752308653},"spectral_entropy":{"dmean":0.171094745398,"dmean2":0.237491071224,"dvar":0.0318573527038,"dvar2":0.062973536551,"max":9.09995937347,"mean":7.10734462738,"median":7.13716411591,"min":5.53452825546,"var":0.201202139258},"spectral_flux":{"dmean":0.025958687067,"dmean2":0.0398897007108,"dvar":0.000944060622714,"dvar2":0.00206693680957,"max":0.348732441664,"mean":0.0703082606196,"median":0.0590546689928,"min":0.0000123174695545,"var":0.00214132270776},"spectral_kurtosis":{"dmean":4.02297353745,"dmean2":6.57784843445,"dvar":26.8029785156,"dvar2":72.6502990723,"max":86.4523086548,"mean":12.003493309,"median":9.84658336639,"min":0.312348604202,"var":63.3284912109},"spectral_rms":{"dmean":0.000788493605796,"dmean2":0.00108823541086,"dvar":9.50236994868e-7,"dvar2":0.000001769623168,"max":0.0142009360716,"mean":0.00447801407427,"median":0.00447851605713,"min":1.49049952824e-7,"var":0.0000050249323067},"spectral_rolloff":{"dmean":223.946090698,"dmean2":380.144836426,"dvar":452035.5,"dvar2":1337277.625,"max":21167.1386719,"mean":1161.86584473,"median":947.4609375,"min":21.533203125,"var":3420949.75},"spectral_skewness":{"dmean":0.362289845943,"dmean2":0.572549343109,"dvar":0.145506218076,"dvar2":0.379260152578,"max":7.21416950226,"mean":2.49623441696,"median":2.42168045044,"min":0.565167725086,"var":0.580671668053},"spectral_spread":{"dmean":435675.40625,"dmean2":591668.0625,"dvar":253922000896,"dvar2":483553181696,"max":15557704,"mean":3308547,"median":3068587,"min":884268.375,"var":2670236008450},"spectral_strongpeak":{"dmean":0.60570281744,"dmean2":1.00215673447,"dvar":0.996215641499,"dvar2":2.22854161263,"max":14.0077505112,"mean":1.2825807333,"median":0.549332380295,"min":0,"var":2.76438617706},"zerocrossingrate":{"dmean":0.00547053432092,"dmean2":0.00668164156377,"dvar":0.0000626796245342,"dvar2":0.000123334742966,"max":0.654296875,"mean":0.0425790846348,"median":0.03662109375,"min":0,"var":0.00284779141657}},"metadata":{"audio_properties":{"analysis_sample_rate":44100,"bit_rate":862514,"codec":"alac","downmix":"mix","equal_loudness":0,"length":181.733337402,"lossless":true,"md5_encoded":"15dad0c4d398ab8f6c36b6823eaa2a3d","replay_gain":-10.2505817413,"sample_rate":44100},"tags":{"album":["Squeeze"],"artist":["The Velvet Underground"],"bpm":["89"],"date":["1973"],"discnumber":["1/1"],"encodedby":["X Lossless Decoder 20141129, QuickTime 7.7.3"],"file_name":"06 Wordless.m4a","genre":["Rock"],"musicbrainz_recordingid":["4f9e45ff-2de8-4641-aef4-388b6ff45ae2"],"title":["Wordless"],"tracknumber":["6/11"]},"version":{"essentia":"2.1-beta2","essentia_build_sha":"cead25079874084f62182a551b7393616cd33d87","essentia_git_sha":"v2.1_beta2-1-ge3940c0","extractor":"music 1.0"}},"rhythm":{"beats_count":271,"beats_loudness":{"dmean":0.0215777307749,"dmean2":0.0359700135887,"dvar":0.000434078101534,"dvar2":0.00123203184921,"max":0.176108717918,"mean":0.0455810315907,"median":0.0420234166086,"min":4.07568062633e-10,"var":0.000692456262186},"beats_loudness_band_ratio":{"dmean":[0.187907606363,0.0697723478079,0.129472792149,0.142328470945,0.0415779352188,0.00961126666516],"dmean2":[0.321954190731,0.121122382581,0.229660466313,0.254637718201,0.074488632381,0.0160903558135],"dvar":[0.0198405832052,0.00498181534931,0.0145586058497,0.0221436601132,0.00210227491334,0.00237983465195],"dvar2":[0.0574814677238,0.0142474230379,0.0462144352496,0.0622146911919,0.00602041603997,0.00358603172936],"max":[0.998816788197,0.501163125038,0.79141920805,0.826919972897,0.282127171755,0.967979490757],"mean":[0.471502840519,0.104220204055,0.250240474939,0.151917874813,0.0475595928729,0.0147987203673],"median":[0.462337315083,0.0861896425486,0.2072660923,0.105906069279,0.0290724411607,0.00640212418512],"min":[0.00230059213936,0.0000545355214854,0.0000166052905115,0.0000148702665683,0.0000181764571607,0.000120970107673],"var":[0.0436756573617