{"lowlevel":{"average_loudness":0.781248748302,"barkbands":{"dmean":[0.00350980856456,0.00671133678406,0.00205412134528,0.000817130319774,0.00169098889455,0.00188020057976,0.00134455238003,0.000864559027832,0.000922338047531,0.000590563577134,0.000491713522933,0.0005902700359,0.000410978100263,0.000314784527291,0.00026628721389,0.000149354629684,0.000126516868477,0.000144314864883,0.000119001873827,0.000122941462905,0.0000686484418111,0.0000464284821646,0.000024707562261,0.00000980689219432,0.00000193364598999,0.0000142387116284,0.000272063305601],"dmean2":[0.00588547345251,0.0116225536913,0.00359407509677,0.00138591683935,0.00277202576399,0.00301845069043,0.00217193365097,0.00142498628702,0.00148857338354,0.000970024382696,0.000815585081,0.000972289883066,0.000691739609465,0.000537946878467,0.000443190685473,0.00024415992084,0.000203471776331,0.00021857667889,0.000177202484338,0.000180977804121,0.000099085009424,0.0000652964736219,0.0000352642891812,0.0000145626208905,0.00000322061373481,0.0000204194093385,0.000417455128627],"dvar":[0.000069504691055,0.000170271363459,0.000021000048946,0.00000342375301443,0.0000112024454211,0.0000186370689335,0.0000126270797409,0.00000515480633112,0.00000368369455828,0.00000165728295087,0.00000120099105061,9.98990117296e-7,3.93777526142e-7,2.67117599151e-7,2.09413869356e-7,6.09727166534e-8,4.50090453796e-8,1.21842418821e-7,8.98967371654e-8,2.75004424566e-7,4.15955092592e-8,3.40573755864e-8,6.63585764116e-9,6.2922922428e-10,1.34502591356e-11,1.46522327604e-9,1.8756730924e-7],"dvar2":[0.000172425337951,0.000473686144687,0.0000574749828957,0.00000887361511559,0.0000273738332908,0.00004521495066,0.000031391155062,0.0000133383600769,0.00000907065805222,0.00000418636864197,0.00000309832807943,0.00000250149037129,0.00000105781100501,7.54904988298e-7,5.66691369386e-7,1.55187322548e-7,1.13657740997e-7,2.65781920916e-7,1.76637627192e-7,5.72805845422e-7,8.72077663416e-8,5.9446247036e-8,1.37332332173e-8,1.357762347e-9,3.43642926615e-11,3.1761302477e-9,3.99550287966e-7],"max":[0.13951985538,0.227580741048,0.0518294535577,0.0691001862288,0.070116519928,0.0967791602015,0.10621316731,0.0883350744843,0.051337134093,0.0269923247397,0.0307823941112,0.0315159261227,0.0124746318907,0.0085241375491,0.00907280668616,0.00707494281232,0.00417441176251,0.0133584728464,0.0101361647248,0.0188009627163,0.00797323510051,0.0140328370035,0.00299229752272,0.000422461976996,0.0000568044561078,0.000747027108446,0.0137982424349],"mean":[0.00402245344594,0.00862492620945,0.00221288902685,0.000969381653704,0.00243439315818,0.00279511953704,0.00206271139905,0.00118476559874,0.00144443288445,0.00091548828641,0.000747466867324,0.0010092331795,0.000702855177224,0.000528288655914,0.000496733759064,0.000301125168335,0.000251017539995,0.000294769881293,0.000234873994486,0.000220704299863,0.000144018951687,0.0000866097034304,0.0000394353373849,0.0000154646786541,0.0000020228478661,0.0000236052164837,0.00086449238006],"median":[0.00135236117058,0.00352979567833,0.000800023437478,0.000364975770935,0.00119789945893,0.00115870486479,0.000612453150097,0.000358884193702,0.00066589389462,0.000436602567788,0.00035280949669,0.000646453234367,0.000505880627315,0.000371865462512,0.000352630013367,0.000200708120246,0.00014616282715,0.000143642449984,0.0000845784670673,0.0000687247738824,0.0000568814721191,0.0000276993741863,0.00000987636394711,0.00000378402864953,6.21476033302e-7,0.00000703269324731,0.000825383409392],"min":[2.94968996136e-24,1.01861014365e-22,3.29354981511e-23,1.41944207629e-23,2.88003997264e-23,1.80003117546e-23,4.36207926617e-23,2.89861386043e-23,2.4068261392e-23,1.10467524707e-22,8.29083029512e-23,9.08238468702e-23,9.7237822455e-23,6.96146714119e-23,9.49466548419e-23,1.0766420335e-22,1.68794675726e-22,1.54393773777e-22,1.50088133091e-22,2.38807961709e-22,4.76121959704e-22,4.78159164592e-22,5.19108593394e-22,7.07668160168e-22,1.20914539679e-21,1.61359289352e-21,2.24387261244e-21],"var":[0.0000672626920277,0.000181160270586,0.0000187891382666,0.00000372699901163,0.0000171163319465,0.0000274337598967,0.0000235994157265,0.00000752179585106,0.00000653176130072,0.00000287618036054,0.00000203323838832,0.00000205872333936,6.96318977589e-7,4.2086492158e-7,4.07747307918e-7,1.53819939896e-7,1.1102616071e-7,2.9117833833e-7,2.24941601346e-7,4.64235085929e-7,8.68029204071e-8,6.95466297884e-8,1.1462205407e-8,1.0966269004e-9,1.41297711378e-11,2.49912202044e-9,7.8776315604e-7]},"barkbands_crest":{"dmean":3.03507256508,"dmean2":5.06084012985,"dvar":6.79486513138,"dvar2":18.1648578644,"max":25.8311538696,"mean":9.7868642807,"median":9.19792079926,"min":2.29624247551,"var":15.8181352615},"barkbands_flatness_db":{"dmean":0.0301336310804,"dmean2":0.0481226071715,"dvar":0.000995379989035,"dvar2":0.00259666913189,"max":0.516110122204,"mean":0.147903934121,"median":0.126292183995,"min":0.0262593049556,"var":0.00561622204259},"barkbands_kurtosis":{"dmean":7.69357442856,"dmean2":12.3656902313,"dvar":214.25289917,"dvar2":528.973571777,"max":367.835540771,"mean":13.323923111,"median":5.0458984375,"min":-1.75430178642,"var":487.505981445},"barkbands_skewness":{"dmean":0.759939849377,"dmean2":1.20747065544,"dvar":0.732093155384,"dvar2":1.76247131824,"max":16.0254669189,"mean":2.45131087303,"median":1.97950363159,"min":-1.88936924934,"var":2.62385821342},"barkbands_spread":{"dmean":6.8878660202,"dmean2":10.8383769989,"dvar":54.023021698,"dvar2":125.863761902,"max":102.202346802,"mean":25.4309959412,"median":24.0792388916,"min":0.299160480499,"var":299.069000244},"dissonance":{"dmean":0.0199579950422,"dmean2":0.034063052386,"dvar":0.000434423505794,"dvar2":0.00121007766575,"max":0.500000238419,"mean":0.469608217478,"median":0.476655036211,"min":0.226511538029,"var":0.000679750926793},"dynamic_complexity":7.69322347641,"erbbands":{"dmean":[0.339760601521,1.09020972252,2.27356171608,2.53184914589,3.19649672508,6.5496096611,11.4058923721,17.4004764557,17.5804386139,19.8877468109,17.2100200653,22.064125061,17.0835227966,19.0810623169,19.5264892578,23.2451858521,18.5041027069,14.5678462982,14.3095607758,11.3151950836,6.9297208786,6.60713768005,7.56480741501,7.44033193588,5.4183177948,5.73414754868,3.43426060677,2.41034507751,1.77095198631,1.17043054104,0.593185007572,0.293209463358,0.113611578941,0.02599767223,0.0138416653499,0.0186337530613,0.0302212275565,0.028917118907,0.0142478533089,0.00599784264341],"dmean2":[0.58720856905,1.90003871918,3.97609806061,4.28361177444,5.28844976425,10.8897924423,18.3934936523,27.9421100616,28.1501502991,32.6587562561,28.1342048645,35.7487373352,27.9290523529,31.1124134064,32.1672744751,38.5598564148,31.1322002411,24.5781173706,24.0493774414,18.5651473999,11.1965723038,10.3923816681,11.5959434509,11.0110139847,8.00700283051,8.57446575165,4.99267292023,3.43747806549,2.51728081703,1.62972187996,0.849012374878,0.429974287748,0.169677078724,0.042234595865,0.0229552127421,0.0284565649927,0.043178897351,0.0389674194157,0.0188301540911,0.00891468580812],"dvar":[0.514822363853,4.36680555344,26.4156532288,25.5654850006,38.3463935852,205.564804077,1116.10827637,1415.94909668,2009.3503418,3097.99584961,1663.61572266,2348.94165039,1240.18347168,2139.51708984,1776.49768066,1382.5826416,824.528442383,562.305664062,524.10748291,399.281036377,129.91506958,122.750801086,261.82723999,404.549987793,254.75982666,688.49005127,147.496658325,41.7550468445,49.9067382812,18.8239955902,3.20443892479,0.601287603378,0.0770346745849,0.00233464455232,0.000672185211442,0.00181773048826,0.00619989819825,0.00800330843776,0.00326437572949,0.000070306516136],"dvar2":[1.42237627506,12.2582120895,72.1910247803,66.5372543335,96.0693359375,502.953552246,2729.27539062,3374.44433594,5010.63085938,7998.81347656,4089.67163086,5830.25976562,3124.41259766,5476.80859375,4484.76464844,3609.51000977,2205.48266602,1573.61853027,1438.20336914,1048.89941406,323.215911865,300.425628662,583.973693848,784.743896484,495.172912598,1473.44885254,304.477294922,80.643409729,87.9652099609,34.7888298035,6.77699041367,1.29276680946,0.168381020427,0.0057385917753,0.00171264843084,0.00413211714476,0.0129875149578,0.0148749044165,0.00584110338241,0.000153558488819],"max":[11.7024765015,32.1873283386,63.7275543213,144.158325195,147.999176025,326.198242188,1079.04467773,789.289733887,1151.65588379,1710.55383301,1313.93603516,1082.69372559,989.423828125,1158.27587891,1721.42932129,703.735839844,694.964172363,315.276672363,500.537139893,454.296691895,442.461547852,238.965911865,531.946594238,739.531555176,568.015991211,1031.15258789,520.680297852,253.131881714,530.157653809,240.122924805,53.8012504578,17.6671047211,6.00060033798,0.927816569805,0.39904537797,0.787288427353,1.58435964584,3.64587664604,2.24575304985,0.309827804565],"mean":[0.41057959199,1.32915043831,2.56072759628,3.21290946007,4.4763507843,8.88513660431,15.6395320892,26.0906906128,27.6291122437,29.5282402039,26.316783905,34.3833427429,27.8479061127,31.2245674133,33.6532592773,40.5087394714,33.8663978577,27.0152492523,28.3561210632,22.8996353149,15.4239873886,14.154132843,16.1819725037,14.7119102478,10.5517673492,10.3063678741,6.94993686676,5.03567123413,3.38784623146,1.96880233288,0.949971497059,0.466687560081,0.176012933254,0.0330585241318,0.0153407994658,0.0280088670552,0.0505299307406,0.0558870099485,0.0372061319649,0.0273236185312],"median":[0.139017418027,0.56522578001,1.06481134892,1.44523394108,1.98293912411,3.93478178978,5.63250398636,10.7926607132,9.59598445892,8.40303707123,9.88686180115,15.4102897644,14.7361345291,14.8744506836,19.4950942993,27.6723060608,25.9239311218,20.4350357056,22.53332901,15.2913331985,10.8235759735,8.52447032928,8.57507228851,5.55758523941,3.86589217186,3.27467346191,2.63244771957,1.88792538643,1.10815620422,0.53105789423,0.247636169195,0.111223787069,0.0475042164326,0.0120924627408,0.00547055946663,0.00976940244436,0.0145417209715,0.019402410835,0.0207970961928,0.029064161703],"min":[1.20556333719e-21,2.77617872509e-20,4.57091573132e-20,4.10617755197e-20,5.53389452041e-20,7.87642607119e-20,8.55561050123e-20,2.09494321025e-19,6.59895586277e-19,4.75308836719e-19,6.54282959026e-19,6.28782945295e-19,2.5241546673e-18,3.58091657053e-18,4.60049649843e-18,4.62687528817e-18,3.67825877143e-18,4.41911729679e-18,4.16759276562e-18,7.00716277422e-18,7.28369173454e-18,6.89366366801e-18,9.49683662448e-18,7.01988067614e-18,8.88154907918e-18,1.06805221549e-17,1.79030604267e-17,1.39855843309e-17,1.7780042126e-17,1.20719971095e-17,1.40970005963e-17,1.52171751993e-17,1.14558492964e-17,1.15145327978e-17,9.62412648587e-18,4.90512230262e-18,3.36004197619e-18,1.57194291343e-18,2.99669854942e-19,2.86067328596e-20],"var":[0.509913802147,4.49981594086,22.9700031281,29.4703559875,55.3512229919,319.641479492,1292.60217285,2395.27905273,3749.30273438,4813.26269531,2778.24267578,4020.40844727,2048.8137207,3800.35253906,3282.05395508,2683.95874023,1528.87207031,973.825744629,1092.26501465,915.124389648,367.79864502,335.114868164,676.665588379,984.171142578,550.063720703,1081.93725586,272.046936035,102.610267639,101.198188782,37.4343910217,5.53164482117,1.0662047863,0.129825741053,0.00299314199947,0.00073109177174,0.00275139510632,0.0111840963364,0.0169933121651,0.00712557835504,0.000590091047343]},"erbbands_crest":{"dmean":2.56191444397,"dmean2":4.19998121262,"dvar":6.08593320847,"dvar2":14.8459949493,"max":28.5098171234,"mean":7.69814777374,"median":6.68152761459,"min":2.40558505058,"var":12.6365222931},"erbbands_flatness_db":{"dmean":0.023533590138,"dmean2":0.0370613411069,"dvar":0.000605177890975,"dvar2":0.00153991731349,"max":0.340830802917,"mean":0.143425554037,"median":0.139044851065,"min":0.0384260192513,"var":0.0014303131029},"erbbands_kurtosis":{"dmean":1.5909409523,"dmean2":2.65977144241,"dvar":28.172000885,"dvar2":75.0120925903,"max":117.761810303,"mean":1.01328086853,"median":0.0664431676269,"min":-1.64700341225,"var":25.7517585754},"erbbands_skewness":{"dmean":0.419370263815,"dmean2":0.652231991291,"dvar":0.275889098644,"dvar2":0.627119898796,"max":7.483294487,"mean":0.386539131403,"median":0.24236048758,"min":-3.3132455349,"var":0.773287117481},"erbbands_spread":{"dmean":6.50872993469,"dmean2":10.4577627182,"dvar":41.99269104,"dvar2":105.318778992,"max":92.9538269043,"mean":28.5034675598,"median":27.5273933411,"min":1.75669503212,"var":99.4226837158},"gfcc":{"cov":[[32209.0527344,-3049.69506836,-4237.68164062,295.534515381,-151.543838501,-1647.26257324,1068.21936035,-517.208312988,740.006469727,298.742889404,377.224029541,825.359313965,-93.778503418],[-3049.69506836,1052.60168457,423.910369873,-280.306396484,157.933822632,102.525009155,-90.8488006592,11.8391771317,-43.4269256592,-51.1888275146,5.46278095245,-126.711547852,83.1103744507],[-4237.68164062,423.910369873,840.15826416,123.546852112,9.80801773071,323.300109863,-162.588043213,129.781005859,-128.778106689,-30.1840248108,-67.693862915,-106.931190491,-1.51687467098],[295.534515381,-280.306396484,123.546852112,384.314361572,49.5304450989,59.086151123,70.6036376953,48.9387168884,-17.2539730072,-1.26981091499,-31.3119354248,33.3135604858,-42.2614212036],[-151.543838501,157.933822632,9.80801773071,49.5304450989,246.574035645,46.4420089722,42.0854263306,8.21319484711,15.0381469727,-26.7841472626,21.262670517,-11.6693019867,27.8440933228],[-1647.26257324,102.525009155,323.300109863,59.086151123,46.4420089722,250.578338623,-52.6187973022,80.9272537231,-60.2143173218,-15.9810419083,-29.5838546753,-30.2220802307,1.68477547169],[1068.21936035,-90.8488006592,-162.588043213,70.6036376953,42.0854263306,-52.6187973022,157.85848999,-14.723074913,52.1235809326,4.68097686768,12.3034038544,37.8388214111,-5.44985389709],[-517.208312988,11.8391771317,129.781005859,48.9387168884,8.21319484711,80.9272537231,-14.723074913,121.729103088,6.22139692307,20.7022285461,2.10098862648,-13.0898065567,1.02697443962],[740.006469727,-43.4269256592,-128.778106689,-17.2539730072,15.0381469727,-60.2143173218,52.1235809326,6.22139692307,101.304626465,41.5199127197,32.5392036438,23.9478797913,-10.738237381],[298.742889404,-51.1888275146,-30.1840248108,-1.26981091499,-26.7841472626,-15.9810419083,4.68097686768,20.7022285461,41.5199127197,72.3367919922,36.7824172974,15.5249795914,2.17514252663],[377.224029541,5.46278095245,-67.693862915,-31.3119354248,21.262670517,-29.5838546753,12.3034038544,2.10098862648,32.5392036438,36.7824172974,65.7080154419,31.3419189453,14.2790336609],[825.359313965,-126.711547852,-106.931190491,33.3135604858,-11.6693019867,-30.2220802307,37.8388214111,-13.0898065567,23.9478797913,15.5249795914,31.3419189453,75.8989562988,16.8321876526],[-93.778503418,83.1103744507,-1.51687467098,-42.2614212036,27.8440933228,1.68477547169,-5.44985389709,1.02697443962,-10.738237381,2.17514252663,14.2790336609,16.8321876526,67.9332733154]],"icov":[[0.000131256310851,-0.0000846015682328,0.000700094678905,-0.000322618579958,0.0000839696949697,0.0000385153653042,0.0000185320168384,-0.0000990370172076,0.000038957419747,-0.000229971978115,0.000115992792416,-0.000491365732159,0.00017812672013],[-0.0000846015682328,0.00401571346447,-0.00427795760334,0.00418923795223,-0.00277250213549,0.00233657774515,-0.002257874934,0.000562822271604,-0.000401495577535,0.00130215915851,-0.00105392793193,0.00223952275701,-0.00206879270263],[0.000700094678905,-0.00427795760334,0.0114445071667,-0.00792939402163,0.00486687431112,-0.00621494464576,0.00451962929219,-0.00102363561746,-0.000206413897104,-0.000457945570815,-0.00109585444443,0.00131598999724,-0.0000535099388799],[-0.000322618579958,0.00418923795223,-0.00792939402163,0.0120118763298,-0.00745488749817,0.00549422297627,-0.00558011000976,-0.00244380324148,0.00544953811914,-0.00473044579849,0.00742979673669,-0.0075939274393,0.00556640606374],[0.0000839696949697,-0.00277250213549,0.00486687431112,-0.00745488749817,0.0117317698896,-0.00651359884068,0.00126081483904,0.00219985167496,-0.00665359850973,0.00921688880771,-0.0108245275915,0.00980698969215,-0.0071018692106],[0.0000385153653042,0.00233657774515,-0.00621494464576,0.00549422297627,-0.00651359884068,0.0133063914254,-0.00245615863241,-0.00492662377656,0.00610028626397,-0.00424518110231,0.00663876207545,-0.0077697802335,0.00432089716196],[0.0000185320168384,-0.002257874934,0.00451962929219,-0.00558011000976,0.00126081483904,-0.00245615863241,0.0128823062405,0.000624641717877,-0.00548978056759,0.00231678970158,0.000142319782753,-0.000883369008079,-0.000767414458096],[-0.0000990370172076,0.000562822271604,-0.00102363561746,-0.00244380324148,0.00219985167496,-0.00492662377656,0.000624641717877,0.014117654413,-0.00608719140291,0.000526850984897,-0.00473601324484,0.0070326551795,-0.00503734126687],[0.000038957419747,-0.000401495577535,-0.000206413897104,0.00544953811914,-0.00665359850973,0.00610028626397,-0.00548978056759,-0.00608719140291,0.0261178426445,-0.0159895252436,0.00707336794585,-0.0112582352012,0.012101162225],[-0.000229971978115,0.00130215915851,-0.000457945570815,-0.00473044579849,0.00921688880771,-0.00424518110231,0.00231678970158,0.000526850984897,-0.0159895252436,0.0360447540879,-0.0237752366811,0.0146237444133,-0.0106657892466],[0.000115992792416,-0.00105392793193,-0.00109585444443,0.00742979673669,-0.0108245275915,0.00663876207545,0.000142319782753,-0.00473601324484,0.00707336794585,-0.0237752366811,0.0434142947197,-0.0251103751361,0.00937793217599],[-0.000491365732159,0.00223952275701,0.00131598999724,-0.0075939274393,0.00980698969215,-0.0077697802335,-0.000883369008079,0.0070326551795,-0.0112582352012,0.0146237444133,-0.0251103751361,0.0428096950054,-0.0196941103786],[0.00017812672013,-0.00206879270263,-0.0000535099388799,0.00556640606374,-0.0071018692106,0.00432089716196,-0.000767414458096,-0.00503734126687,0.012101162225,-0.0106657892466,0.00937793217599,-0.0196941103786,0.0289400722831]],"mean":[-60.4077224731,103.571632385,-85.9203338623,-4.78238105774,-15.1880569458,-13.2121267319,0.555729627609,-18.080909729,-0.0468135476112,-6.0542216301,-1.43701386452,-2.46267724037,-5.19927453995]},"hfc":{"dmean":43.3855552673,"dmean2":67.3592071533,"dvar":4105.66552734,"dvar2":9996.10546875,"max":1687.83642578,"mean":179.129196167,"median":178.385894775,"min":1.16247225198e-16,"var":26030.7324219},"melbands":{"dmean":[0.00244548590854,0.00120035989676,0.000424353725975,0.000339808670105,0.000375539733795,0.000377193791792,0.000268205127213,0.000212596831261,0.000144027522765,0.000140710690175,0.0000866570044309,0.0000800801353762,0.0000648805580568,0.0000679502118146,0.0000494505329698,0.0000422969387728,0.0000294965684589,0.0000258991567534,0.0000199999394681,0.0000125512424347,0.00000841356722958,0.00000735277944841,0.00000749639548303,0.00000720422121958,0.00000660775322103,0.00000390985906051,0.00000482178711536,0.00000384736995329,0.00000254622932516,0.00000170148325651,0.00000141114207963,0.000001133804858,8.12353562196e-7,6.46804323878e-7,3.81516258585e-7,2.46646038704e-7,1.57123693612e-7,9.05020698383e-8,4.15852348112e-8,1.73376211166e-8],"dmean2":[0.00418331380934,0.0020844838582,0.000714950787369,0.000563374662306,0.000605753972195,0.000603939581197,0.000430375977885,0.000349925714545,0.000235509651247,0.000228085307754,0.00014192823437,0.000131042528665,0.000107196246972,0.000112059380626,0.0000831764336908,0.0000714103589416,0.0000502347029396,0.0000437987910118,0.0000333452844643,0.0000205889900826,0.0000138390250868,0.0000118847819977,0.0000118582320283,0.0000110529108497,0.0000100346851468,0.00000590135596212,0.000007264874057,0.0000058633027038,0.00000382516464015,0.00000253731627708,0.00000207462971957,0.00000167111113569,0.00000115645320875,9.29953216655e-7,5.5878041394e-7,3.67401725043e-7,2.36412688537e-7,1.36651479465e-7,6.5457122389e-8,2.89465589276e-8],"dvar":[0.0000253841408266,0.00000599701979809,6.98646601904e-7,4.4890123263e-7,9.76402930064e-7,6.36739002857e-7,4.61602752466e-7,3.36273501489e-7,1.09729533904e-7,9.27021588382e-8,3.23017879111e-8,3.72997313036e-8,1.96509013506e-8,1.54341268654e-8,5.9576930056e-9,4.52812631835e-9,2.48720422036e-9,1.78671688555e-9,1.51209011978e-9,4.4730635862e-10,2.02346195355e-10,1.53988807816e-10,1.84193285624e-10,3.66977032096e-10,3.24210686076e-10,9.1120645751e-11,3.82735121374e-10,2.95313246079e-10,8.69561367356e-11,2.32888656276e-11,1.59331350197e-11,2.01464851746e-11,1.01977428238e-11,5.8944559303e-12,1.42581996557e-12,4.64241709311e-13,1.71291461375e-13,4.9943244527e-14,9.16148887574e-15,1.11571169224e-15],"dvar2":[0.0000691018722137,0.0000164090233739,0.00000181481561867,0.00000109620759758,0.0000023736008643,0.00000152679217535,0.00000115251600619,8.76781371062e-7,2.70152355597e-7,2.30188987871e-7,8.12774203496e-8,9.52869214643e-8,4.96951635398e-8,3.85602518804e-8,1.58828346031e-8,1.21773204853e-8,6.99865232434e-9,4.98968732998e-9,4.10513845139e-9,1.15835041559e-9,5.19905729579e-10,3.96188387652e-10,4.44061926119e-10,8.23030199548e-10,6.5464250687e-10,1.89030027742e-10,8.12739098244e-10,6.4109251241e-10,1.83727269509e-10,5.21419678268e-11,3.12848635886e-11,3.73799879938e-11,1.81381298869e-11,1.19305858595e-11,3.1401808237e-12,1.03795411936e-12,3.78216148721e-13,1.10673440085e-13,2.16515580421e-14,2.84982138697e-15],"max":[0.0873394235969,0.0304625183344,0.0242778789252,0.0141201801598,0.0286643914878,0.015471923165,0.0169289615005,0.0164207965136,0.0100769447163,0.00662999460474,0.00488128699362,0.00468893861398,0.00463825743645,0.00423268880695,0.00171098171268,0.00107522099279,0.000634571537375,0.000967992004007,0.000947124150116,0.000529138138518,0.000572704651859,0.000269754702458,0.000294378813123,0.000904371205252,0.000625229615252,0.000275250640698,0.000783797528129,0.000672670255881,0.000396264891606,0.00015739214723,0.000164411190781,0.000320677587297,0.000222187067266,0.0000999170952127,0.0000418997733505,0.000018628730686,0.00000728057557353,0.00000491971513839,0.00000193512278202,5.26574467585e-7],"mean":[0.00318431784399,0.00148311071098,0.00057973980438,0.000471752282465,0.000533843820449,0.000574597506784,0.000422282959335,0.000308887421852,0.000215605003177,0.0002155371767,0.000135833455715,0.000125963051687,0.000105804203486,0.000114714908705,0.0000860260624904,0.0000684851474944,0.0000486684439238,0.0000470124323328,0.0000363852523151,0.000024383638447,0.0000168093920365,0.0000142800245158,0.0000148238732436,0.0000140817255669,0.000012004375094,0.00000736222591513,0.00000790693957242,0.00000655765870761,0.00000474128910355,0.0000032800619465,0.00000274675721812,0.00000205844617085,0.00000134868855639,0.00000100666352409,5.81589290505e-7,3.77246720973e-7,2.42622093083e-7,1.37794216926e-7,5.69363507452e-8,1.76945036401e-8],"median":[0.00133798469324,0.000718868162949,0.000285207672277,0.000221421083552,0.000211383245187,0.000241878718953,0.000142572404002,0.0000868905044626,0.0000807013420854,0.0000942679544096,0.0000685710838297,0.0000563439862162,0.0000553593126824,0.0000714718262316,0.0000619606580585,0.0000470641862194,0.0000339261314366,0.0000351140406565,0.0000236946725636,0.0000158658785949,0.0000110834089355,0.00000833524336485,0.00000792185346654,0.00000651418531561,0.00000405199625675,0.00000260249476014,0.00000244374655267,0.00000196705013877,0.00000162808089499,0.00000131083584165,9.36705021104e-7,6.41975020699e-7,3.8850592432e-7,2.40393887907e-7,1.44936350921e-7,8.91796787528e-8,5.51310073149e-8,3.55508795735e-8,1.73935283954e-8,5.05264718953e-9],"min":[2.07545596517e-23,3.04407066056e-23,8.80401271296e-24,5.86564231395e-24,2.8043518059e-24,4.63386598716e-24,1.00403423449e-23,4.96613696145e-24,5.63952282964e-24,3.16540456753e-24,1.30350910551e-23,1.54676327976e-23,1.28864239066e-23,1.0361728222e-23,8.25065755352e-24,1.00730855945e-23,7.76986182015e-24,6.41402094436e-24,8.46043460088e-24,9.46146280201e-24,8.91116763402e-24,7.53239102185e-24,7.83272299024e-24,7.83898812355e-24,5.47971262645e-24,5.61711563006e-24,6.56547908272e-24,6.72160688321e-24,9.19480415021e-24,1.02630795881e-23,7.46435650194e-24,9.08973418853e-24,8.01787022242e-24,6.45619187064e-24,7.11695872536e-24,9.70373381891e-24,8.83963530486e-24,7.44320319677e-24,8.18795494447e-24,1.07111715149e-23],"var":[0.0000262846442638,0.00000572630688112,8.36973242713e-7,7.08005359229e-7,0.00000121608331938,0.00000107325786303,8.72012890341e-7,5.17167563885e-7,1.84333231346e-7,1.58957632834e-7,5.24437204774e-8,6.48280149562e-8,3.53986528978e-8,3.04137515172e-8,1.11566054173e-8,7.31051441605e-9,3.72668695903e-9,3.27338822714e-9,2.67526822917e-9,1.06700337454e-9,5.01855390578e-10,3.6148270488e-10,4.43003356221e-10,7.8288703298e-10,7.22108206563e-10,2.15731835174e-10,6.18326168045e-10,4.4770126495e-10,1.45628092918e-10,4.44727830951e-11,3.60177825065e-11,3.83850243257e-11,2.02387811371e-11,1.01602771335e-11,2.23420197273e-12,7.53064494444e-13,2.88673598914e-13,8.21815692212e-14,1.25071936315e-14,1.15155876185e-15]},"melbands_crest":{"dmean":4.64369535446,"dmean2":7.6824092865,"dvar":17.2158260345,"dvar2":44.9490394592,"max":38.1633453369,"mean":16.4539241791,"median":14.9985437393,"min":2.73924875259,"var":53.0765686035},"melbands_flatness_db":{"dmean":0.0383321009576,"dmean2":0.061129078269,"dvar":0.00144393055234,"dvar2":0.00381492986344,"max":0.685473740101,"mean":0.259013354778,"median":0.234891608357,"min":0.00844986457378,"var":0.00928070954978},"melbands_kurtosis":{"dmean":9.09699821472,"dmean2":14.6379890442,"dvar":235.713638306,"dvar2":571.783081055,"max":298.120941162,"mean":14.3828735352,"median":6.02127313614,"min":-1.70504689217,"var":482.781036377},"melbands_skewness":{"dmean":0.874177575111,"dmean2":1.41897249222,"dvar":0.842107057571,"dvar2":2.14122104645,"max":13.9708881378,"mean":2.58656549454,"median":2.1639611721,"min":-1.47170603275,"var":2.52726960182},"melbands_spread":{"dmean":5.64953613281,"dmean2":8.92237854004,"dvar":51.6595344543,"dvar2":112.407844543,"max":158.960586548,"mean":17.4635257721,"median":15.5697374344,"min":0.374853223562,"var":187.237686157},"mfcc":{"cov":[[27426.8828125,402.494720459,-5058.95703125,1138.63989258,-1793.51953125,45.5239982605,-960.738586426,173.896118164,-485.966125488,218.580963135,-155.84375,418.578033447,-14.3306303024],[402.494720459,1082.50610352,-187.897140503,-173.903366089,50.51171875,-48.3467521667,3.28157877922,-90.7441558838,35.0937461853,-64.9566879272,39.2003097534,-7.54808807373,27.5467510223],[-5058.95703125,-187.897140503,1253.30981445,-178.577926636,332.287811279,12.747133255,189.881347656,-2.71115970612,85.1298904419,-14.8109855652,30.0769805908,-68.646697998,-5.61994171143],[1138.63989258,-173.903366089,-178.577926636,326.33480835,-41.5063705444,50.9845085144,-0.231943517923,66.9102401733,-2.58282661438,34.8622665405,-10.6107702255,20.6998538971,-9.8764295578],[-1793.51953125,50.51171875,332.287811279,-41.5063705444,313.528717041,36.4720306396,118.158416748,24.9926242828,55.3262023926,-12.9830684662,28.6586875916,-26.0625705719,12.5175666809],[45.5239982605,-48.3467521667,12.747133255,50.9845085144,36.4720306396,117.024459839,41.2820320129,43.8623046875,8.11148738861,6.16157341003,-15.1750621796,1.91848659515,-2.96668696404],[-960.738586426,3.28157877922,189.881347656,-0.231943517923,118.158416748,41.2820320129,130.245407104,37.4992332458,44.9260215759,-12.0713043213,0.394006073475,-18.2712421417,7.68997097015],[173.896118164,-90.7441558838,-2.71115970612,66.9102401733,24.9926242828,43.8623046875,37.4992332458,101.303596497,21.0678596497,23.9146137238,-7.40153980255,8.11264896393,-5.0559129715],[-485.966125488,35.0937461853,85.1298904419,-2.58282661438,55.3262023926,8.11148738861,44.9260215759,21.0678596497,74.500289917,8.60042381287,14.7745046616,-8.57922458649,4.31348752975],[218.580963135,-64.9566879272,-14.8109855652,34.8622665405,-12.9830684662,6.16157341003,-12.0713043213,23.9146137238,8.60042381287,66.7045440674,26.7494239807,22.9188728333,-4.3897562027],[-155.84375,39.2003097534,30.0769805908,-10.6107702255,28.6586875916,-15.1750621796,0.394006073475,-7.40153980255,14.7745046616,26.7494239807,73.6744537354,26.8939552307,9.93916797638],[418.578033447,-7.54808807373,-68.646697998,20.6998538971,-26.0625705719,1.91848659515,-18.2712421417,8.11264896393,-8.57922458649,22.9188728333,26.8939552307,57.6874046326,16.1894855499],[-14.3306303024,27.5467510223,-5.61994171143,-9.8764295578,12.5175666809,-2.96668696404,7.68997097015,-5.0559129715,4.31348752975,-4.3897562027,9.93916797638,16.1894855499,42.8303604126]],"icov":[[0.000218134431634,-0.000107273859612,0.000628691632301,-0.00026529529714,0.000379102741135,-0.00015098269796,0.000325504370267,-0.000412769528339,0.000367367727449,-0.000241953122895,0.000137522947625,-0.0003186246322,-0.0000383971528208],[-0.000107273859612,0.00138757447712,0.000220532747335,0.000751831859816,-0.000552683195565,0.0000913981857593,-0.000447910366347,0.00107958808076,-0.00117031007539,0.00123044021893,-0.000870132353157,0.000136581074912,0.0000439667128376],[0.000628691632301,0.000220532747335,0.00337532395497,0.0000295942390949,0.0000478029724036,-0.000186548131751,-0.000529636221472,-0.000388677697629,0.000609639042523,-0.001007133862,0.0000217994474951,-0.00026368489489,0.000470541621326],[-0.00026529529714,0.000751831859816,0.0000295942390949,0.00472355913371,-0.00044198698015,-0.000748611812014,-0.000982880359516,-0.000899370992556,-0.00065499561606,-0.000546482508071,-0.000119215117593,-0.0000210969046748,0.00071401608875],[0.000379102741135,-0.000552683195565,0.0000478029724036,-0.00044198698015,0.00693394709378,-0.00134500931017,-0.0023853010498,-0.00169357610866,0.000328459020238,0.000538909516763,-0.00276269577444,0.00157883064821,-0.00143818359356],[-0.00015098269796,0.0000913981857593,-0.000186548131751,-0.000748611812014,-0.00134500931017,0.0119139784947,-0.00344372051768,-0.00225046998821,0.000777819775976,-0.000845179311,0.00307009927928,-0.0019156918861,0.00111127714626],[0.000325504370267,-0.000447910366347,-0.000529636221472,-0.000982880359516,-0.0023853010498,-0.00344372051768,0.0177658442408,-0.00502883829176,-0.00434121629223,0.00362840201706,0.0000663424580125,0.00138372951187,-0.00295329885557],[-0.000412769528339,0.00107958808076,-0.000388677697629,-0.000899370992556,-0.00169357610866,-0.00225046998821,-0.00502883829176,0.0179435685277,-0.0040874266997,-0.00444394908845,0.00385111314245,-0.00315628666431,0.0025248315651],[0.000367367727449,-0.00117031007539,0.000609639042523,-0.00065499561606,0.000328459020238,0.000777819775976,-0.00434121629223,-0.0040874266997,0.0208845641464,-0.00428015599027,-0.00323311681859,0.00445602461696,-0.00241665588692],[-0.000241953122895,0.00123044021893,-0.001007133862,-0.000546482508071,0.000538909516763,-0.000845179311,0.00362840201706,-0.00444394908845,-0.00428015599027,0.0255980398506,-0.00891779083759,-0.00494352448732,0.00447012437508],[0.000137522947625,-0.000870132353157,0.0000217994474951,-0.000119215117593,-0.00276269577444,0.00307009927928,0.0000663424580125,0.00385111314245,-0.00323311681859,-0.00891779083759,0.0243730992079,-0.0112264864147,0.0000429131323472],[-0.0003186246322,0.000136581074912,-0.00026368489489,-0.0000210969046748,0.00157883064821,-0.0019156918861,0.00138372951187,-0.00315628666431,0.00445602461696,-0.00494352448732,-0.0112264864147,0.0322419852018,-0.0119864717126],[-0.0000383971528208,0.0000439667128376,0.000470541621326,0.00071401608875,-0.00143818359356,0.00111127714626,-0.00295329885557,0.0025248315651,-0.00241665588692,0.00447012437508,0.0000429131323472,-0.0119864717126,0.0300811305642]],"mean":[-717.023925781,156.864456177,-6.56169986725,25.1361255646,-1.25749504566,18.0959186554,1.75285279751,5.78163909912,-0.774619519711,4.41708087921,1.46441423893,5.17699098587,-0.716704130173]},"pitch_salience":{"dmean":0.0820680856705,"dmean2":0.134627118707,"dvar":0.00546465162188,"dvar2":0.0140250157565,"max":0.907976508141,"mean":0.560103714466,"median":0.582637190819,"min":0.0979820117354,"var":0.0155867831782},"silence_rate_20dB":{"dmean":0,"dmean2":0,"dvar":0,"dvar2":0,"max":1,"mean":1,"median":1,"min":1,"var":0},"silence_rate_30dB":{"dmean":0.0288293529302,"dmean2":0.0576629042625,"dvar":0.0279982220381,"dvar2":0.0706465914845,"max":1,"mean":0.977505981922,"median":1,"min":0,"var":0.0219880137593},"silence_rate_60dB":{"dmean":0.0113570177928,"dmean2":0.0227156896144,"dvar":0.0112280361354,"dvar2":0.0238014347851,"max":1,"mean":0.25711581111,"median":0,"min":0,"var":0.191007271409},"spectral_centroid":{"dmean":199.411941528,"dmean2":292.296539307,"dvar":63280.34375,"dvar2":106795.664062,"max":10682.8232422,"mean":1017.54669189,"median":936.508911133,"min":111.104598999,"var":373828.59375},"spectral_complexity":{"dmean":3.17778110504,"dmean2":4.66996717453,"dvar":13.6479225159,"dvar2":23.993516922,"max":62,"mean":20.6439552307,"median":24,"min":0,"var":215.244338989},"spectral_contrast_coeffs":{"dmean":[0.0535102933645,0.0475824587047,0.0358155779541,0.0283932611346,0.0219487007707,0.0298215355724],"dmean2":[0.0880262106657,0.0791293308139,0.059760492295,0.0478822737932,0.0363010056317,0.0457929335535],"dvar":[0.00178048375528,0.00146646157373,0.00081679050345,0.000525897950865,0.000392334768549,0.000839127984364],"dvar2":[0.00471391156316,0.00396863371134,0.00226246379316,0.00143872818444,0.00100008444861,0.00190073892009],"max":[-0.385991424322,-0.488191753626,-0.581956207752,-0.648993194103,-0.683009624481,-0.501280128956],"mean":[-0.713072121143,-0.78323829174,-0.819587469101,-0.829837203026,-0.833742260933,-0.751129567623],"median":[-0.719456672668,-0.785272121429,-0.819160401821,-0.822910487652,-0.818953454494,-0.726935088634],"min":[-0.946810662746,-0.970165491104,-0.976559519768,-0.990702152252,-0.977596402168,-0.961408495903],"var":[0.00560683803633,0.00543878460303,0.00336910132319,0.00223408266902,0.00293696671724,0.00806023646146]},"spectral_contrast_valleys":{"dmean":[0.412827670574,0.420639336109,0.375593036413,0.335609465837,0.365539312363,0.542672455311],"dmean2":[0.672938704491,0.661121726036,0.589627683163,0.531718671322,0.542916893959,0.842652261257],"dvar":[0.134731635451,0.176017031074,0.161175996065,0.167881965637,0.212748348713,0.251205921173],"dvar2":[0.290507853031,0.353129774332,0.316420972347,0.352449834347,0.462309032679,0.615508317947],"max":[-5.03384780884,-4.4201169014,-5.07611513138,-5.58957195282,-5.19227170944,-9.06057739258],"mean":[-7.26306629181,-6.85423183441,-7.31471347809,-7.79701280594,-8.24753761292,-11.5438528061],"median":[-6.79751777649,-6.25743436813,-6.52471256256,-6.84601020813,-7.3389840126,-11.0551719666],"min":[-27.7936229706,-27.4330196381,-27.3496322632,-27.267786026,-27.3288669586,-27.3198394775],"var":[1.78588497639,2.41089701653,2.75010156631,3.28336262703,3.81208586693,2.22193956375]},"spectral_decrease":{"dmean":3.46057493772e-9,"dmean2":5.6552309502e-9,"dvar":3.07672211119e-17,"dvar2":7.76734771286e-17,"max":8.5291187446e-9,"mean":-6.13419581796e-9,"median":-4.64956340096e-9,"min":-8.51488053399e-8,"var":4.796828644e-17},"spectral_energy":{"dmean":0.0129874860868,"dmean2":0.0211522113532,"dvar":0.000425760197686,"dvar2":0.00107006565668,"max":0.347835302353,"mean":0.0393994227052,"median":0.0394099839032,"min":1.0612011554e-20,"var":0.00113749562297},"spectral_energyband_high":{"dmean":0.000289664196316,"dmean2":0.000378333672415,"dvar":6.13293082097e-7,"dvar2":9.76472733782e-7,"max":0.02850134857,"mean":0.000838676060084,"median":0.000548613723367,"min":7.58717522815e-21,"var":0.00000189122488337},"spectral_energyband_low":{"dmean":0.00973870139569,"dmean2":0.0165370777249,"dvar":0.000331182440277,"dvar2":0.000878100807313,"max":0.313258141279,"mean":0.0143464878201,"median":0.00816190429032,"min":1.46234806315e-22,"var":0.000384721468436},"spectral_energyband_middle_high":{"dmean":0.00175206549466,"dmean2":0.00269892229699,"dvar":0.00000673260092299,"dvar2":0.000015657640688,"max":0.0508736595511,"mean":0.00546584976837,"median":0.00482775410637,"min":1.50567359149e-21,"var":0.0000304363002215},"spectral_energyband_middle_low":{"dmean":0.00463412608951,"dmean2":0.00734783196822,"dvar":0.0000595314450038,"dvar2":0.000143376964843,"max":0.147124931216,"mean":0.0111496876925,"median":0.00746937375516,"min":1.71405628618e-22,"var":0.000169114224263},"spectral_entropy":{"dmean":0.219601765275,"dmean2":0.341064125299,"dvar":0.086143411696,"dvar2":0.229260876775,"max":9.79751491547,"mean":7.4278011322,"median":7.56352567673,"min":4.34230709076,"var":0.264587700367},"spectral_flux":{"dmean":0.0233967341483,"dmean2":0.0374940782785,"dvar":0.00106111774221,"dvar2":0.00233527598903,"max":0.520662069321,"mean":0.101522378623,"median":0.110924147069,"min":1.04481374941e-10,"var":0.0048605883494},"spectral_kurtosis":{"dmean":6.69955968857,"dmean2":10.6469364166,"dvar":129.839675903,"dvar2":337.990386963,"max":178.074645996,"mean":20.6664237976,"median":17.0880012512,"min":-1.21521759033,"var":187.175262451},"spectral_rms":{"dmean":0.000866266549565,"dmean2":0.00137421966065,"dvar":0.0000013035153188,"dvar2":0.00000308505286739,"max":0.0184214953333,"mean":0.00528145488352,"median":0.0062007070519,"min":3.2176362269e-12,"var":0.0000105446961243},"spectral_rolloff":{"dmean":4941.59570312,"dmean2":9504.57128906,"dvar":64949156,"dvar2":153594368,"max":22028.4667969,"mean":13696.4541016,"median":20865.6738281,"min":43.06640625,"var":95070552},"spectral_skewness":{"dmean":0.506695508957,"dmean2":0.781903147697,"dvar":0.496452927589,"dvar2":1.2549302578,"max":10.1928262711,"mean":3.09291005135,"median":2.81012988091,"min":0.006789048668,"var":1.1972848177},"spectral_spread":{"dmean":543820.375,"dmean2":857872.9375,"dvar":518085312512,"dvar2":1049534595070,"max":40408328,"mean":3886838.5,"median":3819892.75,"min":810948.6875,"var":943621668864},"spectral_strongpeak":{"dmean":3.99708938599,"dmean2":7.44870471954,"dvar":217.050201416,"dvar2":568.474853516,"max":178.221359253,"mean":3.25645041466,"median":0.182289049029,"min":0,"var":196.178314209},"zerocrossingrate":{"dmean":0.0430411957204,"dmean2":0.0549433529377,"dvar":0.00128040532582,"dvar2":0.00209861202165,"max":0.75927734375,"mean":0.278553158045,"median":0.27783203125,"min":0.0068359375,"var":0.0118501838297}},"metadata":{"audio_properties":{"analysis_sample_rate":44100,"bit_rate":253861,"codec":"mp3","downmix":"mix","equal_loudness":0,"length":318.930053711,"lossless":false,"md5_encoded":"41dbbcd7e36f949488c9727c95270c2b","replay_gain":-0.624319076538,"sample_rate":44100},"tags":{"acoustid_id":["7c23b63b-b97d-4a7f-a718-7211b9146aa8"],"album":["Puzzle"],"albumartist":["Biffy Clyro"],"artist":["Biffy Clyro"],"date":["2007"],"discnumber":["1/1"],"file_name":"01 - Biffy Clyro - Living Is a Problem Because Everything Dies.mp3","musicbrainz_albumartistid":["892500b7-09a6-4049-ba92-2d192dd70563"],"musicbrainz_albumid":["f550ed7d-fc35-435f-90b2-734a62a8e8ca"],"musicbrainz_artistid":["892500b7-09a6-4049-ba92-2d192dd70563"],"musicbrainz_recordingid":["4fb4bc2d-4bce-4f16-8ca6-f9a571ecec8c"],"musicbrainz_releasegroupid":["04b8a17a-016e-37b7-a8fa-d6c7da2021f9"],"replaygain_album_gain":["+0.39 dB"],"replaygain_album_peak":["0.363303"],"replaygain_track_gain":["-0.78 dB"],"replaygain_track_peak":["0.363303"],"title":["Living Is a Problem Because Everything Dies"],"tracknumber":["1/13"]},"version":{"essentia":"2.1-beta1","essentia_build_sha":"e76a03f03bb3900de42a1fa0d9be1e72f12def64","essentia_git_sha":"v2.1_beta1-28-g21ef5f4-dirty","extractor":"music 1.0"}},"rhythm":{"beats_count":849,"beats_loudness":{"dmean":0.0199000798166,"dmean2":0.0347831957042,"dvar":0.000518749060575,"dvar2":0.00136509235017,"max":0.170101433992,"mean":0.0441712327302,"median":0.0469941534102,"min":1.36740254675e-7,"var":0.00108070066199},"beats_loudness_band_ratio":{"dmean":[0.186973288655,0.0959961488843,0.0745863318443,0.0502455234528,0.0311519578099,0.0885039716959],"dmean2":[0.327504634857,0.167518481612,0.130351364613,0.0891733691096,0.0570951551199,0.149071440101],"dvar":[0.0225329007953,0.0106748081744,0.00779288634658,0.00257072667591,0.00135038502049,0.00541138835251],"dvar2":[0.0597999989986,0.0291330441833,0.0226078424603,0.00678830873221,0.00395978568122,0.0157917309552],"max":[0.941321909428,0.856996