{"lowlevel":{"average_loudness":0.968548715115,"barkbands":{"dmean":[0.0000356566379196,0.00153059558943,0.0031651922036,0.00267881341279,0.00294130831026,0.00172934948932,0.000928536755964,0.000732893764507,0.000646270986181,0.000495319603942,0.00029283828917,0.000334037875291,0.000379568053177,0.000376974232495,0.000461801537313,0.000229870158364,0.000501458882354,0.000267559051281,0.000265990907792,0.00023296829022,0.000236698499066,0.000214259809582,0.000114594949991,0.000197295550606,0.000181790688657,0.0000672548194416,0.0000106475172288],"dmean2":[0.0000596988356847,0.00236110831611,0.0053153950721,0.00450058979914,0.0046759317629,0.00273517356254,0.00148160825484,0.00114695494995,0.000984565820545,0.000744089949876,0.000453719985671,0.000517116917763,0.000582450185902,0.000590107345488,0.000718276016414,0.000360492849723,0.000794333464,0.000410053675296,0.000405433936976,0.00036834468483,0.000355360331014,0.000326291832607,0.000173558815732,0.000285698042717,0.00026492177858,0.000100143050076,0.0000162750566233],"dvar":[6.71441968692e-9,0.00000956234362093,0.000026855899705,0.0000177979582077,0.0000175008790393,0.00000712789369572,0.00000360221042683,0.0000024599248718,0.00000311021949528,0.00000135758477882,3.89220957686e-7,0.00000121305595258,0.00000209109612115,0.00000259947341874,0.00000249961658483,5.39066206784e-7,0.0000013212580825,3.54017601012e-7,3.4525444903e-7,3.04737596935e-7,3.48673694361e-7,5.53317761387e-7,1.92880861505e-7,7.91339516582e-7,6.81773428823e-7,9.72754676809e-8,2.56131094112e-9],"dvar2":[1.75883947406e-8,0.0000230450987146,0.0000746666264604,0.0000488180739922,0.0000431831249443,0.0000159424580488,0.00000793884282757,0.000005669721304,0.00000637335870124,0.00000286107524516,8.45170177399e-7,0.00000283633926301,0.00000450885136161,0.00000611295035924,0.0000053293365454,0.00000124708606108,0.00000321227162203,8.23720483822e-7,7.616187645e-7,7.39352969958e-7,7.66690050114e-7,0.0000011419601833,4.17202159042e-7,0.00000162553533301,0.00000127266071104,1.89407160178e-7,4.95744600926e-9],"max":[0.00129703979474,0.0568684525788,0.0683049634099,0.0628541782498,0.0732872188091,0.0551625527442,0.0441516079009,0.0408728830516,0.036619823426,0.0278413183987,0.0160455256701,0.023524466902,0.0336717180908,0.0302493683994,0.0369838215411,0.0211226567626,0.0245640333742,0.0115002123639,0.0177835542709,0.0130629157647,0.012784615159,0.0250365547836,0.0156898275018,0.0302814822644,0.0288238488138,0.00934336613864,0.00279849325307],"mean":[0.0000441341035184,0.00235301116481,0.00547210266814,0.00526744592935,0.00655940454453,0.0037916530855,0.00169780198485,0.00150707794819,0.00122666219249,0.000987098901533,0.000478702655528,0.000510879850481,0.000587301619817,0.000554968370125,0.000824915186968,0.000345836248016,0.000752278720029,0.00045022420818,0.000463618227514,0.000416018883698,0.00041812993004,0.000367204513168,0.000179661656148,0.00031658183434,0.000268030824373,0.0000899695951375,0.0000116649498523],"median":[0.0000133337434818,0.00117777299602,0.00330646103248,0.00319520011544,0.0044779535383,0.00243543554097,0.000924215419218,0.000792992301285,0.00031812893576,0.000472647661809,0.000234570325119,0.000202675320907,0.000093024034868,0.0000999288167804,0.000289354968118,0.000133422479848,0.000308261282044,0.000192218372831,0.000204014926567,0.000199226138648,0.000124247730128,0.000125012200442,0.00005632925604,0.0000910482776817,0.0000600082858,0.0000202808914764,9.64079049481e-7],"min":[1.5263357069e-24,4.90462395465e-24,6.89123199518e-25,1.68780715255e-24,1.61730905948e-23,9.46946895133e-24,9.11189723566e-24,9.60251192072e-24,1.14789303909e-23,1.30935779915e-23,1.45664223223e-23,2.71875136523e-23,4.33679722079e-23,3.29517171313e-23,4.99727543131e-23,7.60386055768e-23,7.01112246419e-23,8.90862576641e-23,1.10969278108e-22,1.74756608769e-22,1.99899486463e-22,3.29881965839e-22,3.53564655686e-22,5.89658203818e-22,9.5857409272e-22,1.28126409573e-21,1.96539224259e-21],"var":[7.16292047898e-9,0.0000132090126499,0.0000431381886301,0.000036508688936,0.0000471072235086,0.0000226195406867,0.00000694695199854,0.00000472847068522,0.00000970225846686,0.00000396372979594,7.60748321227e-7,0.00000188275271285,0.00000513963277626,0.00000481987717649,0.00000539849997949,8.02721615401e-7,0.00000173313594587,5.99241786858e-7,6.1523826389e-7,4.83529163375e-7,7.27815688606e-7,9.86898612609e-7,3.38622868412e-7,0.00000152862537561,0.0000013966619008,1.60764230372e-7,4.10250633465e-9]},"barkbands_crest":{"dmean":2.30563020706,"dmean2":3.74042510986,"dvar":4.68481397629,"dvar2":11.7658348083,"max":25.8685531616,"mean":9.45506000519,"median":8.73643684387,"min":2.26084446907,"var":14.3368701935},"barkbands_flatness_db":{"dmean":0.0190128199756,"dmean2":0.0281692221761,"dvar":0.000334309705067,"dvar2":0.000702141434886,"max":0.481568694115,"mean":0.127024680376,"median":0.120683044195,"min":0.0273630842566,"var":0.00261034350842},"barkbands_kurtosis":{"dmean":3.58041834831,"dmean2":5.44675731659,"dvar":35.249206543,"dvar2":74.9850921631,"max":167.437179565,"mean":7.13786888123,"median":3.45013856888,"min":-1.91746413708,"var":135.655685425},"barkbands_skewness":{"dmean":0.578602612019,"dmean2":0.842709124088,"dvar":0.370528906584,"dvar2":0.726633965969,"max":11.1359128952,"mean":1.9092925787,"median":1.83342421055,"min":-3.48822283745,"var":2.35349345207},"barkbands_spread":{"dmean":6.38280153275,"dmean2":9.37736701965,"dvar":67.9309234619,"dvar2":141.645767212,"max":108.194862366,"mean":22.6883201599,"median":18.9406585693,"min":0.526329994202,"var":238.902252197},"dissonance":{"dmean":0.01779268682,"dmean2":0.0293783657253,"dvar":0.000321396772051,"dvar2":0.000847396906465,"max":0.500000119209,"mean":0.459856182337,"median":0.46542724967,"min":0.18467220664,"var":0.00075307051884},"dynamic_complexity":1.42722737789,"erbbands":{"dmean":[0.0434135198593,0.373924553394,2.66647481918,7.07491922379,9.65163326263,9.35427188873,13.038025856,14.6573963165,15.9203243256,10.4105224609,18.3323383331,14.1284971237,16.5991744995,11.9557714462,9.82949733734,13.9228477478,16.0039291382,19.2767333984,20.2954654694,19.31183815,13.9051017761,28.3151931763,16.3457965851,12.0442380905,12.0895671844,11.3397016525,9.5436706543,9.31713008881,8.0344991684,4.65135908127,3.24672150612,3.75692200661,3.45347881317,2.18216276169,1.23294115067,0.435915082693,0.0908041894436,0.0245294924825,0.00126064091455,0.0000308551898343],"dmean2":[0.0655778199434,0.594908893108,4.50626039505,11.8269176483,15.379907608,15.0274553299,20.8305969238,23.0830574036,24.9030075073,16.5227794647,28.3784255981,21.5966873169,25.1006946564,18.0272350311,15.425157547,21.4016666412,24.2761688232,29.3751430511,31.6053581238,29.2418994904,21.5295162201,44.5503730774,24.7551689148,18.145658493,18.4893913269,17.7387008667,14.4580888748,14.0365781784,12.2439012527,7.15383625031,4.87822580338,5.53309583664,4.9853887558,3.20721626282,1.79242777824,0.648506164551,0.134335294366,0.0365749076009,0.00190665002447,0.0000455045301351],"dvar":[0.00958777219057,0.510337889194,17.7020015717,136.494659424,211.156494141,224.631530762,470.03213501,671.120483398,1004.92767334,418.822784424,1506.81530762,1679.60546875,1647.60668945,846.228515625,548.654663086,1803.09863281,3992.18212891,6044.90380859,5018.38623047,5085.77783203,1285.75,4519.58300781,1297.25256348,801.918823242,710.203125,716.351928711,718.198547363,550.779724121,768.081665039,387.420623779,145.084533691,388.524353027,239.228744507,80.0917510986,46.7184181213,5.8526673317,0.121475845575,0.0127625521272,0.0000324089924106,1.00985868556e-8],"dvar2":[0.0223127901554,1.28179371357,49.8990631104,376.453704834,524.472961426,541.832214355,1100.39196777,1492.34155273,2244.34130859,1026.30371094,3426.05566406,3509.41943359,3559.24267578,1743.41101074,1232.2668457,4131.95361328,8722.88964844,13958.1064453,10803.140625,11366.6914063,2871.90478516,10967.8115234,2950.18554688,1918.53039551,1558.71862793,1764.66259766,1651.28820801,1199.81762695,1563.44067383,822.713928223,308.651977539,905.807250977,454.926116943,149.614379883,95.5217971802,11.3840265274,0.238886326551,0.0223904307932,0.0000623176383669,1.77864833972e-8],"max":[1.50881576538,14.9296102524,52.9284934998,156.21295166,260.31350708,263.404907227,467.531768799,526.785400391,706.798461914,590.707702637,944.970336914,943.578125,1024.4005127,1121.11279297,722.951477051,1169.59814453,1716.02941895,1797.61938477,2106.38183594,2152.70288086,1039.73364258,1600.30761719,649.677856445,1093.43884277,849.579772949,701.332824707,693.454956055,549.027709961,934.268859863,784.27166748,445.80456543,836.700805664,797.754638672,297.584228516,308.417388916,84.0564651489,12.199587822,5.7694067955,0.313509970903,0.00495893135667],"mean":[0.0583675801754,0.619470596313,4.59733533859,15.0616550446,20.2484989166,18.9771823883,26.9428024292,29.6307353973,30.4397220612,20.3757324219,40.4237785339,28.6515140533,33.6273803711,25.4337692261,17.3370914459,23.4810295105,27.2516384125,31.7137393951,35.1902084351,33.6282844543,24.2850074768,42.7573928833,27.9882583618,22.7145271301,21.6145133972,21.1749019623,16.6813850403,16.3191585541,14.2474060059,7.73803329468,5.11715698242,5.90528678894,5.34170103073,3.27646875381,1.71589672565,0.587890088558,0.117953300476,0.0296480897814,0.00143951282371,0.0000742045886],"median":[0.0190666597337,0.348459303379,3.00011229515,9.50708198547,12.0586662292,12.4360399246,14.8266963959,16.8115215302,16.0762424469,12.9563646317,20.2911968231,10.0563011169,16.3556041718,12.5296258926,9.88903236389,10.1649913788,5.49676513672,6.1746764183,13.1731519699,11.1318559647,11.1306915283,17.1374797821,11.8389434814,10.2000570297,10.4104280472,10.6033420563,5.30754804611,4.80558156967,4.85808992386,2.67086720467,1.64529597759,1.78631854057,1.37589931488,0.78358823061,0.362840563059,0.126991838217,0.0254801381379,0.00369789986871,0.00016706554743,0.0000502090115333],"min":[1.43817597662e-22,9.51599603063e-22,1.8260220029e-21,7.8701396601e-21,9.87980403886e-21,5.60668706055e-20,3.27894297881e-20,7.43594657889e-20,1.96487306558e-19,1.80560641797e-19,2.97305488408e-19,3.27777167814e-19,3.90700848709e-19,8.08035775769e-19,1.09215137817e-18,1.20166295684e-18,1.9998222478e-18,2.15211922666e-18,2.92445073357e-18,2.99587488433e-18,4.97257598644e-18,5.83373800573e-18,5.36757251331e-18,5.41762976167e-18,5.39482191064e-18,8.84726244279e-18,8.4569597523e-18,9.23557493673e-18,1.0882242555e-17,1.23406968053e-17,1.06362754367e-17,1.17650022601e-17,1.03653448348e-17,7.32488946495e-18,7.12437840292e-18,3.97825980881e-18,2.57449998131e-18,9.36244479716e-19,2.32579329259e-19,2.72373385867e-20],"var":[0.0125303640962,0.723808825016,25.5415058136,278.530548096,570.046447754,546.125671387,1520.69702148,1741.15002441,2315.84423828,723.002685547,3529.0769043,5109.70361328,4353.52099609,3556.90600586,939.643981934,3116.17773438,9926.13183594,12940.5673828,8820.6484375,11209.6132813,2385.81665039,5848.87548828,2290.69921875,1353.89355469,1248.96008301,1187.88024902,1433.34606934,1080.6138916,1464.56616211,600.466430664,269.018127441,572.221862793,491.483001709,177.619628906,78.9724121094,9.41813564301,0.203203245997,0.0228729005903,0.0000522853333678,1.97269134361e-8]},"erbbands_crest":{"dmean":2.42794537544,"dmean2":3.83812475204,"dvar":6.97572660446,"dvar2":16.1353816986,"max":32.2224960327,"mean":8.86431694031,"median":7.46915960312,"min":2.27004933357,"var":22.6031455994},"erbbands_flatness_db":{"dmean":0.0160729084164,"dmean2":0.0233206991106,"dvar":0.000299746374367,"dvar2":0.000586561916862,"max":0.377589702606,"mean":0.138967737556,"median":0.135595276952,"min":0.0286448914558,"var":0.00160093395971},"erbbands_kurtosis":{"dmean":1.14820420742,"dmean2":1.76116299629,"dvar":5.22800731659,"dvar2":10.3846216202,"max":156.033660889,"mean":1.08373653889,"median":-0.219819754362,"min":-1.7706682682,"var":42.7144508362},"erbbands_skewness":{"dmean":0.384956926107,"dmean2":0.549786806107,"dvar":0.163765922189,"dvar2":0.307182520628,"max":9.31427288055,"mean":0.449935972691,"median":0.460672497749,"min":-3.8697385788,"var":1.08123898506},"erbbands_spread":{"dmean":9.30557823181,"dmean2":14.17715168,"dvar":112.300796509,"dvar2":251.956817627,"max":149.832702637,"mean":46.4876060486,"median":45.9218521118,"min":1.85555779934,"var":423.640594482},"gfcc":{"cov":[[15474.4970703,274.814758301,-1709.19628906,375.008850098,-778.894287109,87.9422607422,-552.915405273,148.041122437,-303.593353271,59.1502990723,-234.00843811,-37.8159484863,-147.718276978],[274.814758301,1077.43725586,-94.8556060791,-4.73308563232,-36.7921295166,-113.665603638,26.1664333344,-36.7108078003,-25.4324131012,-102.930541992,41.6005516052,-66.7112350464,51.6851921082],[-1709.19628906,-94.8556060791,1018.18426514,14.127828598,59.7055244446,44.4142379761,-29.7685203552,51.0226097107,-15.3716239929,-11.4710226059,13.3613586426,26.6113796234,-2.71786236763],[375.008850098,-4.73308563232,14.127828598,264.041870117,17.6262874603,-33.2549362183,-17.049779892,26.4116306305,9.93542385101,-2.3074760437,-5.99911117554,-2.53977656364,18.0067081451],[-778.894287109,-36.7921295166,59.7055244446,17.6262874603,242.458709717,36.724445343,1.66233730316,-3.64604282379,39.7955207825,7.84260654449,3.40189409256,16.8214168549,5.56832885742],[87.9422607422,-113.665603638,44.4142379761,-33.2549362183,36.724445343,162.653793335,17.7312450409,19.1649608612,-1.28698706627,20.6167430878,-7.398914814,-1.57935869694,-15.5726270676],[-552.915405273,26.1664333344,-29.7685203552,-17.049779892,1.66233730316,17.7312450409,183.558441162,12.8069248199,19.8700447083,9.38389587402,7.1802277565,-9.13351917267,-9.82747459412],[148.041122437,-36.7108078003,51.0226097107,26.4116306305,-3.64604282379,19.1649608612,12.8069248199,130.909042358,32.1770019531,10.0670862198,0.404114335775,12.6742925644,-2.31640434265],[-303.593353271,-25.4324131012,-15.3716239929,9.93542385101,39.7955207825,-1.28698706627,19.8700447083,32.1770019531,94.9224243164,34.7699279785,3.5111207962,5.09221887589,4.09411287308],[59.1502990723,-102.930541992,-11.4710226059,-2.3074760437,7.84260654449,20.6167430878,9.38389587402,10.0670862198,34.7699279785,89.6179122925,22.3338871002,8.46347141266,-7.79860115051],[-234.00843811,41.6005516052,13.3613586426,-5.99911117554,3.40189409256,-7.398914814,7.1802277565,0.404114335775,3.5111207962,22.3338871002,69.1492614746,24.7029056549,6.25666952133],[-37.8159484863,-66.7112350464,26.6113796234,-2.53977656364,16.8214168549,-1.57935869694,-9.13351917267,12.6742925644,5.09221887589,8.46347141266,24.7029056549,83.5566864014,20.3452033997],[-147.718276978,51.6851921082,-2.71786236763,18.0067081451,5.56832885742,-15.5726270676,-9.82747459412,-2.31640434265,4.09411287308,-7.79860115051,6.25666952133,20.3452033997,66.3157806396]],"icov":[[0.000225117706577,-0.000262532907072,0.000395482726162,-0.000417775037931,0.000586933689192,-0.000436129310401,0.000731373846065,-0.000438700051745,0.000767454330344,-0.00082168757217,0.00106198212598,-0.000684692582581,0.000742927193642],[-0.000262532907072,0.00171358126681,-0.000371198169887,0.000651134469081,-0.000691179709975,0.00111995276529,-0.0010542118689,0.000494018662721,-0.00109067058656,0.00274353311397,-0.00309010129422,0.00255448115058,-0.00203246576712],[0.000395482726162,-0.000371198169887,0.00175488681998,-0.000755863205995,0.000746839155909,-0.000945527863223,0.00145567243453,-0.00125222140923,0.00169228180312,-0.0011315792799,0.00148839189205,-0.00127515557688,0.00134787452407],[-0.000417775037931,0.000651134469081,-0.000755863205995,0.00496633443981,-0.00161648611538,0.00192912563216,-0.0010707458714,-0.000330742506776,-0.00119969714433,0.00136720272712,-0.00172308029141,0.00210625096224,-0.00264782016166],[0.000586933689192,-0.000691179709975,0.000746839155909,-0.00161648611538,0.00651540188119,-0.00262165814638,0.00204267492518,0.000143001016113,-0.000854906160384,-0.00119076517876,0.0025513607543,-0.00279929093085,0.00199144869111],[-0.000436129310401,0.00111995276529,-0.000945527863223,0.00192912563216,-0.00262165814638,0.00860597193241,-0.00215456751175,-0.000671794929076,0.000468734506285,-0.000138661533128,-0.00119459186681,0.00222572963685,-0.00112401146907],[0.000731373846065,-0.0010542118689,0.00145567243453,-0.0010707458714,0.00204267492518,-0.00215456751175,0.00823892094195,-0.00179778644815,0.00119919236749,-0.00256857206114,0.00262960791588,-0.0016458875034,0.00316260475665],[-0.000438700051745,0.000494018662721,-0.00125222140923,-0.000330742506776,0.000143001016113,-0.000671794929076,-0.00179778644815,0.0102898487821,-0.00538957631215,0.00240995083004,-0.00181172415614,-0.000480754300952,-0.000465940451249],[0.000767454330344,-0.00109067058656,0.00169228180312,-0.00119969714433,-0.000854906160384,0.000468734506285,0.00119919236749,-0.00538957631215,0.0183182433248,-0.00933678168803,0.00553835276514,-0.0020193841774,0.000994081725366],[-0.00082168757217,0.00274353311397,-0.0011315792799,0.00136720272712,-0.00119076517876,-0.000138661533128,-0.00256857206114,0.00240995083004,-0.00933678168803,0.0207844339311,-0.0113245677203,0.0040539978072,-0.00176988786552],[0.00106198212598,-0.00309010129422,0.00148839189205,-0.00172308029141,0.0025513607543,-0.00119459186681,0.00262960791588,-0.00181172415614,0.00553835276514,-0.0113245677203,0.0256292521954,-0.0102759283036,0.00419532880187],[-0.000684692582581,0.00255448115058,-0.00127515557688,0.00210625096224,-0.00279929093085,0.00222572963685,-0.0016458875034,-0.000480754300952,-0.0020193841774,0.0040539978072,-0.0102759283036,0.0193681400269,-0.00801432318985],[0.000742927193642,-0.00203246576712,0.00134787452407,-0.00264782016166,0.00199144869111,-0.00112401146907,0.00316260475665,-0.000465940451249,0.000994081725366,-0.00176988786552,0.00419532880187,-0.00801432318985,0.0209071524441]],"mean":[26.8926429749,80.1804351807,-101.078285217,37.4277915955,-64.3368148804,6.84585142136,-45.7788619995,8.90873527527,-30.1469116211,-1.47737038136,-23.2860221863,-2.87648057938,-11.8280296326]},"hfc":{"dmean":10.0823440552,"dmean2":14.5533924103,"dvar":530.81262207,"dvar2":999.163757324,"max":538.110534668,"mean":31.4738273621,"median":21.5439682007,"min":1.08576031606e-16,"var":1260.46899414},"melbands":{"dmean":[0.00040373034426,0.00103060505353,0.00120912131388,0.000659113749862,0.000434174959082,0.000327861635014,0.000227983851801,0.000112688619993,0.000147533719428,0.0000905913984752,0.0000835090395412,0.0000501712638652,0.0000384856211895,0.00003723275222,0.0000362610371667,0.0000386026476917,0.0000381761019526,0.0000336502416758,0.0000340561309713,0.0000195034190256,0.000017679962184,0.0000309378192469,0.0000230713885685,0.0000113050828077,0.0000102111298474,0.0000115489201562,0.00000777944569563,0.00000772451585362,0.00000691980812917,0.00000490385309604,0.0000061566961449,0.00000536217294211,0.00000334339665642,0.00000244532702709,0.00000191076833289,0.00000190857645066,0.00000261978630078,0.00000251285587183,0.00000250468565355,0.00000168366432263],"dmean2":[0.000618511694483,0.00172858545557,0.00200497498736,0.00105409685057,0.000693034438882,0.00051642942708,0.00035826957901,0.000178984220838,0.000228244971368,0.000137286260724,0.000126421480672,0.000076274976891,0.0000599367995164,0.0000570819465793,0.0000557742678211,0.0000591741409153,0.0000587181566516,0.0000529657118022,0.0000520687099197,0.0000301253076032,0.0000278533552773,0.0000490382117277,0.0000357986573363,0.0000174249144038,0.0000156802252604,0.0000178696336661,0.0000122081801237,0.0000121795301311,0.0000106881743704,0.0000073719984357,0.00000942454789765,0.00000827421354188,0.00000519379045727,0.00000380742085326,0.00000295823292618,0.00000285497480945,0.00000390957075069,0.00000362896344086,0.00000382303960578,0.0000024899395612],"dvar":[7.50866149701e-7,0.0000025295071282,0.00000342740099768,9.73977535068e-7,4.97511848607e-7,2.98243492125e-7,1.93221538325e-7,5.10225923733e-8,1.01394434182e-7,6.66083863621e-8,4.15141840904e-8,1.58739776879e-8,6.21661966349e-9,1.53598929131e-8,1.88672899526e-8,2.33295409657e-8,2.76329412685e-8,1.5808870657e-8,1.64615112652e-8,4.84216577945e-9,2.2890236373e-9,5.33351185439e-9,3.24673954388e-9,5.83413928279e-10,6.61231014387e-10,6.79403644455e-10,3.72123415415e-10,3.90276339024e-10,4.11273903822e-10,1.73867420461e-10,2.46022840988e-10,2.91508844841e-10,2.60704957622e-10,9.68500973864e-11,4.7941803305e-11,7.3683698032e-11,1.99501207221e-10,1.37170372283e-10,1.19568729917e-10,4.92562102217e-11],"dvar2":[0.00000177473134499,0.00000698479516359,0.00000941123471421,0.00000245288606493,0.00000117985189263,6.6888441097e-7,4.30533305007e-7,1.25883389046e-7,2.29021026144e-7,1.37501316999e-7,8.92653204687e-8,3.30297140749e-8,1.37978375392e-8,3.47509221399e-8,4.31187991978e-8,5.03064576662e-8,6.40035011656e-8,3.44984947276e-8,3.48072894951e-8,1.14023475106e-8,5.55673462799e-9,1.30830297707e-8,7.79174058607e-9,1.34036359789e-9,1.64021995985e-9,1.47167289466e-9,8.92720675161e-10,9.67901980786e-10,9.4044727561e-10,3.93005628041e-10,5.50956558154e-10,6.17247919443e-10,5.51351131417e-10,2.14964185341e-10,1.04848220384e-10,1.6274991077e-10,4.69477567933e-10,2.51808296436e-10,2.65134358912e-10,9.12386000085e-11],"max":[0.0149549236521,0.0207449775189,0.0231508351862,0.0181147549301,0.0156049076468,0.010919496417,0.0100193275139,0.00608436251059,0.00863826833665,0.00582128204405,0.00506966235116,0.00464547146112,0.00193712476175,0.00346956891008,0.00334522267804,0.0045851515606,0.00368807138875,0.003711364232,0.00359453517012,0.00208177161403,0.00125631166156,0.00141756935045,0.0013197491644,0.000560372951441,0.00101634662133,0.000840365188196,0.000466677622171,0.000531390367541,0.000499940651935,0.000294102239423,0.000366418011254,0.00048516006791,0.000676228839438,0.000309288967401,0.000288031296805,0.000360344129149,0.00051390012959,0.000649270601571,0.000342260638718,0.000257947685895],"mean":[0.000574304373004,0.00191252923105,0.00272585684434,0.00139894406311,0.000916683056857,0.000688627013005,0.000445928395493,0.000222298767767,0.000324089633068,0.000171394873178,0.000164743760251,0.000101968391391,0.0000642210798105,0.0000570005468035,0.0000573854340473,0.0000595301389694,0.0000582850843784,0.0000512219412485,0.0000580701125728,0.0000301355867123,0.0000279976757156,0.0000449155959359,0.0000353786963387,0.0000191236522369,0.000017716869479,0.0000189192087419,0.0000133001794893,0.0000134827178044,0.0000117001418403,0.00000751284096623,0.0000103642551039,0.00000920690126804,0.00000526128042111,0.00000377609944735,0.00000287532247967,0.00000286517479253,0.00000399271584683,0.00000375780177819,0.00000367757752429,0.00000240604185819],"median":[0.000252753554378,0.00130209780764,0.00193840055726,0.000888901588041,0.000546244496945,0.00040202139644,0.000244952156208,0.00014417913917,0.000153087370563,0.0000524061833858,0.0000773246356403,0.0000453394350188,0.0000323828717228,0.0000226356114581,0.0000174836823135,0.00000936664036999,0.00000959715544013,0.0000178002101165,0.0000172531144926,0.000011409997569,0.0000121904795378,0.0000179422131623,0.0000124542802951,0.00000877123329701,0.00000692153253112,0.00000802016529633,0.00000668779239277,0.00000616614806859,0.00000337353458235,0.00000187476871361,0.00000287799048238,0.00000293997754852,0.00000161965840562,0.00000127499595237,9.02819749626e-7,8.48609090554e-7,0.00000117811237033,9.33474893827e-7,9.60775423664e-7,5.38509311809e-7],"min":[1.96266206915e-24,1.20185956582e-24,1.35136182217e-24,1.58638754609e-24,1.60939260363e-24,1.95440269547e-24,2.9087380224e-24,1.73314377763e-24,2.67201250044e-24,1.51323647435e-24,1.64989193365e-24,2.35451491875e-24,2.51544017683e-24,3.32799905529e-24,2.49240681891e-24,4.27971871667e-24,3.48491966099e-24,4.31974512457e-24,2.92610518966e-24,3.74298248993e-24,4.23590656529e-24,5.09139347927e-24,4.50365502842e-24,4.01176199426e-24,3.45808537401e-24,3.33231412444e-24,4.28637039183e-24,5.00975465862e-24,5.21125063863e-24,4.94710766427e-24,4.1690833413e-24,5.3070128305e-24,6.3985344215e-24,5.07760852939e-24,5.33893842576e-24,5.63829378435e-24,7.16495381169e-24,6.54114942911e-24,6.38448362549e-24,6.08247729983e-24],"var":[9.81898438113e-7,0.00000406955223298,0.00000682164363752,0.00000243150020651,0.0000015797766082,8.72122882356e-7,4.502288391e-7,8.39834513044e-8,2.74778187759e-7,1.81316551107e-7,1.09184263408e-7,6.41144168867e-8,1.1793273913e-8,2.47366092054e-8,3.29606173466e-8,6.07642363093e-8,5.56967698628e-8,2.48022153926e-8,3.78030762249e-8,7.23389215196e-9,3.7819947174e-9,6.67871713489e-9,4.74256456329e-9,1.00212582677e-9,1.02936981161e-9,1.14159237619e-9,5.28638188779e-10,6.42820463526e-10,9.3052815453e-10,2.9195820761e-10,4.65363858559e-10,5.86644288703e-10,3.80777298581e-10,1.44078513009e-10,8.7004965732e-11,1.12563840193e-10,2.88582990837e-10,2.79174044993e-10,2.20971657638e-10,1.04276295931e-10]},"melbands_crest":{"dmean":2.90314674377,"dmean2":4.68692731857,"dvar":6.92767000198,"dvar2":17.4277458191,"max":33.4640617371,"mean":13.7474079132,"median":13.1693172455,"min":1.51205813885,"var":23.0768146515},"melbands_flatness_db":{"dmean":0.023898653686,"dmean2":0.0343250595033,"dvar":0.000527871539816,"dvar2":0.0010433960706,"max":0.620845794678,"mean":0.192186966538,"median":0.188392415643,"min":0.00286611472256,"var":0.00494218338281},"melbands_kurtosis":{"dmean":8.39945030212,"dmean2":13.0053462982,"dvar":174.668609619,"dvar2":393.000915527,"max":317.734710693,"mean":20.3535423279,"median":12.3328647614,"min":-1.89362132549,"var":678.803894043},"melbands_skewness":{"dmean":0.747988164425,"dmean2":1.13353013992,"dvar":0.645151674747,"dvar2":1.42939090729,"max":13.7614526749,"mean":3.14486789703,"median":2.98367404938,"min":-2.07365369797,"var":3.52081537247},"melbands_spread":{"dmean":8.14141368866,"dmean2":11.7812242508,"dvar":189.204742432,"dvar2":344.051269531,"max":264.790588379,"mean":24.9525909424,"median":16.224445343,"min":0.503605723381,"var":721.143432617},"mfcc":{"cov":[[6494.17089844,3.04278278351,-558.315612793,34.2310638428,-152.723739624,-115.050163269,-105.114807129,-68.0382919312,7.82028436661,-5.24402618408,13.30402565,-5.34014177322,-42.276966095],[3.04278278351,1015.07476807,69.714805603,45.1590995789,-16.388086319,-54.9894180298,16.3656826019,12.7828187943,-35.4848823547,-29.9889278412,-39.6821594238,-46.1622123718,19.6728286743],[-558.315612793,69.714805603,701.264770508,37.9404067993,91.3329849243,-32.142250061,38.7937507629,13.9604768753,-9.58059597015,4.65482521057,-31.7366771698,-18.9787006378,38.963886261],[34.2310638428,45.1590995789,37.9404067993,264.954864502,37.8358421326,-26.0914363861,-12.1143074036,7.20186471939,17.1969795227,-11.5723552704,-7.65806007385,-11.167678833,13.495511055],[-152.723739624,-16.388086319,91.3329849243,37.8358421326,250.761520386,16.1223392487,-18.6674404144,10.4788885117,9.79981327057,0.569197237492,-22.7699966431,2.28914117813,5.65526294708],[-115.050163269,-54.9894180298,-32.142250061,-26.0914363861,16.1223392487,134.32472229,29.9499168396,-9.28317832947,6.12901592255,7.3693318367,14.7004566193,8.33583068848,-21.7588005066],[-105.114807129,16.3656826019,38.7937507629,-12.1143074036,-18.6674404144,29.9499168396,101.162361145,28.5201931,0.15323856473,8.93588638306,6.95968723297,10.8807258606,1.86734855175],[-68.0382919312,12.7828187943,13.9604768753,7.20186471939,10.4788885117,-9.28317832947,28.5201931,93.1784057617,29.5309829712,-3.55435776711,10.1259183884,6.18527793884,12.7638788223],[7.82028436661,-35.4848823547,-9.58059597015,17.1969795227,9.79981327057,6.12901592255,0.15323856473,29.5309829712,89.686126709,29.9849491119,11.1938896179,9.89867687225,-6.29404497147],[-5.24402618408,-29.9889278412,4.65482521057,-11.5723552704,0.569197237492,7.3693318367,8.93588638306,-3.55435776711,29.9849491119,94.1983261108,30.7648220062,-4.41807126999,3.49059581757],[13.30402565,-39.6821594238,-31.7366771698,-7.65806007385,-22.7699966431,14.7004566193,6.95968723297,10.1259183884,11.1938896179,30.7648220062,92.2682113647,30.76770401,-5.7421169281],[-5.34014177322,-46.1622123718,-18.9787006378,-11.167678833,2.28914117813,8.33583068848,10.8807258606,6.18527793884,9.89867687225,-4.41807126999,30.76770401,76.548210144,10.0809755325],[-42.276966095,19.6728286743,38.963886261,13.495511055,5.65526294708,-21.7588005066,1.86734855175,12.7638788223,-6.29404497147,3.49059581757,-5.7421169281,10.0809755325,82.5079040527]],"icov":[[0.000172115906025,-0.00000297428027807,0.00013185221178,-0.0000309538045258,0.0000490589482069,0.000173509441083,0.0000499669295095,0.00011355431343,-0.0000466716883238,-4.02618127282e-7,-0.00000747951889934,0.00000407219886256,0.0000508336925122],[-0.00000297428027807,0.00107177556492,-0.0000403653903049,-0.000134425674332,0.0000573860888835,0.000360028614523,-0.000328549736878,-0.000116233299195,0.000288504554192,0.000227518306929,0.000116993447591,0.000580224674195,-0.000149962099385],[0.00013185221178,-0.0000403653903049,0.00175948278047,-0.000103936516098,-0.0006576445885,0.000684647238813,-0.00100556644611,0.000324174878187,0.00000568817222302,-0.0000536876614206,0.000149658269947,0.00048070793855,-0.000584094028454],[-0.0000309538045258,-0.000134425674332,-0.000103936516098,0.00418777344748,-0.000701448123436,0.000736975925975,-0.000124573576613,0.000523731228895,-0.00151534867473,0.00125354074407,-0.000726129859686,0.00108453538269,-0.00080714788055],[0.0000490589482069,0.0000573860888835,-0.0006576445885,-0.000701448123436,0.00483158230782,-0.0014006315032,0.00201321975328,-0.00143551744986,0.000382630212698,-0.0010082537774,0.0018927132478,-0.0012940535089,0.000274404825177],[0.000173509441083,0.000360028614523,0.000684647238813,0.000736975925975,-0.0014006315032,0.00970260147005,-0.00397051172331,0.0026393448934,-0.00133262376767,0.000833845697343,-0.00164537434466,0.000516488740686,0.00158095639199],[0.0000499669295095,-0.000328549736878,-0.00100556644611,-0.000124573576613,0.00201321975328,-0.00397051172331,0.0139942727983,-0.00582586415112,0.0029022959061,-0.00305064627901,0.00194555276539,-0.00305472034961,0.000857728649862],[0.00011355431343,-0.000116233299195,0.000324174878187,0.000523731228895,-0.00143551744986,0.0026393448934,-0.00582586415112,0.0159788317978,-0.00695772236213,0.00462044496089,-0.00369241950102,0.00242988113314,-0.00297857192345],[-0.0000466716883238,0.000288504554192,0.00000568817222302,-0.00151534867473,0.000382630212698,-0.00133262376767,0.0029022959061,-0.00695772236213,0.016505016014,-0.0069190650247,0.00259293615818,-0.00373309571296,0.00297383451834],[-4.02618127282e-7,0.000227518306929,-0.0000536876614206,0.00125354074407,-0.0010082537774,0.000833845697343,-0.00305064627901,0.00462044496089,-0.0069190650247,0.0160793233663,-0.00694961147383,0.00530847953632,-0.00293119135313],[-0.00000747951889934,0.000116993447591,0.000149658269947,-0.000726129859686,0.0018927132478,-0.00164537434466,0.00194555276539,-0.00369241950102,0.00259293615818,-0.00694961147383,0.0165578965098,-0.00758195994422,0.00255043571815],[0.00000407219886256,0.000580224674195,0.00048070793855,0.00108453538269,-0.0012940535089,0.000516488740686,-0.00305472034961,0.00242988113314,-0.00373309571296,0.00530847953632,-0.00758195994422,0.0182605609298,-0.00389065756463],[0.0000508336925122,-0.000149962099385,-0.000584094028454,-0.00080714788055,0.000274404825177,0.00158095639199,0.000857728649862,-0.00297857192345,0.00297383451834,-0.00293119135313,0.00255043571815,-0.00389065756463,0.0144329275936]],"mean":[-614.475769043,109.084373474,15.4554157257,27.6807727814,5.05183362961,-3.27128744125,-4.18845891953,-0.749526977539,0.103720344603,-4.09941005707,-5.69856309891,-5.17071962357,-4.78700828552]},"pitch_salience":{"dmean":0.0671982616186,"dmean2":0.109393432736,"dvar":0.00374034722336,"dvar2":0.00960039254278,"max":0.933057248592,"mean":0.571991086006,"median":0.578538835049,"min":0.128456220031,"var":0.0108592407778},"silence_rate_20dB":{"dmean":0,"dmean2":0,"dvar":0,"dvar2":0,"max":1,"mean":1,"median":1,"min":1,"var":0},"silence_rate_30dB":{"dmean":0,"dmean2":0,"dvar":0,"dvar2":0,"max":1,"mean":1,"median":1,"min":1,"var":0},"silence_rate_60dB":{"dmean":0.000717531715054,"dmean2":0.00143523502629,"dvar":0.000716979324352,"dvar2":0.00167222938035,"max":1,"mean":0.0203276332468,"median":0,"min":0,"var":0.0199150908738},"spectral_centroid":{"dmean":280.045349121,"dmean2":395.988494873,"dvar":135278.515625,"dvar2":237894.828125,"max":11897.7089844,"mean":1371.83239746,"median":1126.32067871,"min":151.115066528,"var":1267705},"spectral_complexity":{"dmean":3.70365929604,"dmean2":5.46083021164,"dvar":17.7860851288,"dvar2":31.4742412567,"max":59,"mean":20.5322246552,"median":19,"min":0,"var":81.1996765137},"spectral_contrast_coeffs":{"dmean":[0.0512172803283,0.0460524745286,0.0376293845475,0.031191971153,0.0240089893341,0.019176511094],"dmean2":[0.0826172232628,0.0753650069237,0.0595304816961,0.0493987463415,0.0381857044995,0.0301869064569],"dvar":[0.00187816587277,0.00140729302075,0.000949614914134,0.000711054250132,0.000452047184808,0.000391758250771],"dvar2":[0.00480416044593,0.00367207732052,0.00227024033666,0.0016298230039,0.00102958502248,0.000889301125426],"max":[-0.275622218847,-0.400934606791,-0.463868796825,-0.470778137445,-0.566595435143,-0.596182882786],"mean":[-0.574219286442,-0.705375373363,-0.748964071274,-0.769802749157,-0.766448616982,-0.769843041897],"median":[-0.575300037861,-0.706206321716,-0.751484274864,-0.778515636921,-0.767984628677,-0.776474297047],"min":[-0.980127632618,-0.983117640018,-0.975311219692,-0.97027772665,-0.965965151787,-0.965809881687],"var":[0.00889291241765,0.00536889256909,0.00431797839701,0.00425538560376,0.00249891565181,0.0022476578597]},"spectral_contrast_valleys":{"dmean":[0.404091089964,0.346314042807,0.304466813803,0.28345489502,0.254652172327,0.291140317917],"dmean2":[0.648893177509,0.569876432419,0.490110903978,0.441897392273,0.372819244862,0.409541487694],"dvar":[0.134331136942,0.110849447548,0.0910319834948,0.0848430991173,0.0782180353999,0.133042663336],"dvar2":[0.300065696239,0.255121260881,0.194320306182,0.165255889297,0.132293298841,0.252360969782],"max":[-5.38275146484,-4.71790361404,-5.32792711258,-5.55192136765,-5.42727994919,-6.67285203934],"mean":[-7.24728488922,-6.60406446457,-7.47505283356,-7.89994621277,-7.54531383514,-9.71685600281],"median":[-6.97522687912,-6.35968828201,-7.26076316833,-7.7035484314,-7.37688875198,-9.61349010468],"min":[-28.6322574615,-27.9893856049,-27.8091163635,-27.6598854065,-27.4832077026,-27.3959140778],"var":[3.69711041451,3.79807591438,3.5479683876,3.50155162811,3.59650850296,3.06215929985]},"spectral_decrease":{"dmean":1.97275284997e-9,"dmean2":3.24252869e-9,"dvar":5.92660805465e-18,"dvar2":1.55402636747e-17,"max":2.16063339706e-28,"mean":-8.76670469552e-9,"median":-8.52654569172e-9,"min":-3.22133857367e-8,"var":1.16006547072e-17},"spectral_energy":{"dmean":0.00781391840428,"dmean2":0.0128371762112,"dvar":0.0000912518953555,"dvar2":0.000238722001086,"max":0.124136708677,"mean":0.0359423793852,"median":0.0352457240224,"min":1.02477184657e-20,"var":0.000168995102285},"spectral_energyband_high":{"dmean":0.000939687946811,"dmean2":0.00134974962566,"dvar":0.00000739120514481,"dvar2":0.0000140387455758,"max":0.0665650963783,"mean":0.00183713645674,"median":0.000683609861881,"min":7.22033839794e-21,"var":0.0000169114919117},"spectral_energyband_low":{"dmean":0.00486229127273,"dmean2":0.00794113986194,"dvar":0.000053167110309,"dvar2":0.000141844386235,"max":0.09522459656,"mean":0.0111371921375,"median":0.00803792942315,"min":1.72550338367e-23,"var":0.000111608977022},"spectral_energyband_middle_high":{"dmean":0.00198142742738,"dmean2":0.00295825465582,"dvar":0.0000115017037388,"dvar2":0.0000244195780397,"max":0.046337466687,"mean":0.00590956956148,"median":0.0036823770497,"min":1.24726719469e-21,"var":0.0000407729130529},"spectral_energyband_middle_low":{"dmean":0.00583037920296,"dmean2":0.00933387968689,"dvar":0.0000487337420054,"dvar2":0.000125092163216,"max":0.118557527661,"mean":0.0205280985683,"median":0.0190558750182,"min":1.47684606441e-22,"var":0.000131692897412},"spectral_entropy":{"dmean":0.165203914046,"dmean2":0.233519271016,"dvar":0.0302725117654,"dvar2":0.0575478039682,"max":9.82099437714,"mean":7.53486585617,"median":7.52190446854,"min":4.41182565689,"var":0.251433879137},"spectral_flux":{"dmean":0.0255675446242,"dmean2":0.039830096066,"dvar":0.000727276667021,"dvar2":0.00157896510791,"max":0.32964643836,"mean":0.0918322652578,"median":0.0838995277882,"min":6.35165808838e-11,"var":0.00188431038987},"spectral_kurtosis":{"dmean":1.09994375706,"dmean2":1.79215157032,"dvar":3.01264214516,"dvar2":6.9017868042,"max":93.2321090698,"mean":3.72351908684,"median":3.30416512489,"min":-1.31680750847,"var":17.0378799438},"spectral_rms":{"dmean":0.000631296599749,"dmean2":0.00102547777351,"dvar":5.32406772891e-7,"dvar2":0.00000133596768137,"max":0.0110049527138,"mean":0.00578047567979,"median":0.00586396409199,"min":3.16192558247e-12,"var":0.00000165171104527},"spectral_rolloff":{"dmean":556.60357666,"dmean2":871.741088867,"dvar":1195585.625,"dvar2":2238158.75,"max":19466.015625,"mean":1651.56652832,"median":796.728515625,"min":64.599609375,"var":5428191},"spectral_skewness":{"dmean":0.182428330183,"dmean2":0.279922634363,"dvar":0.0400026552379,"dvar2":0.0849333703518,"max":8.33689403534,"mean":1.50448930264,"median":1.49337875843,"min":-0.149501547217,"var":0.300417870283},"spectral_spread":{"dmean":669147.5,"dmean2":1017297.3125,"dvar":1077012660220,"dvar2":2251052023810,"max":44526368,"mean":5664830.5,"median":5056568,"min":1199957.25,"var":11998562615300},"spectral_strongpeak":{"dmean":0.636586606503,"dmean2":1.07237911224,"dvar":1.80211091042,"dvar2":4.53171873093,"max":25.5212116241,"mean":1.22772026062,"median":0.700477480888,"min":0,"var":2.92318749428},"zerocrossingrate":{"dmean":0.0126349925995,"dmean2":0.0138242403045,"dvar":0.000329104223056,"dvar2":0.000340890634106,"max":0.52734375,"mean":0.0695079416037,"median":0.056640625,"min":0.0048828125,"var":0.00341665209271}},"metadata":{"audio_properties":{"analysis_sample_rate":44100,"bit_rate":256012,"codec":"aac","downmix":"mix","equal_loudness":0,"length":194.165267944,"lossless":false,"md5_encoded":"36c3e32a54213762a928dedccec8c834","replay_gain":-5.85272789001,"sample_rate":44100},"tags":{"album":["Animalization"],"artist":["The Animals"],"asin":["B000IZKTPS"],"date":["1965"],"discnumber":["1/1"],"encodedby":["Lavf56.25.101"],"file_name":"D:\\My Music\\iTunes\\iTunes Media\\Music\\A\\Animals\\(1965) Animalization\\Animals~1965~Animalization~10~What Am I Living For.m4a","genre":["Blues Rock"],"isrc":["B000IZKTPS"],"label":["ABKCO"],"language":["English"],"media":["Digital Media"],"musicbrainz_albumartistid":["4d8afa16-4018-4ca8-8b5e-ede8f9314562"],"musicbrainz_albumid":["029dd166-1bfb-44ff-b62e-12154a4bc95e"],"musicbrainz_artistid":["4d8afa16-4018-4ca8-8b5e-ede8f9314562"],"musicbrainz_recordingid":["4fc7e78e-930e-4292-ae27-8a2b29835bda"],"musicbrainz_releasegroupid":["76013fef-e9a1-350c-bd6c-dbbe1acb0086"],"script":["Latin"],"title":["What Am I Living For"],"tracknumber":["10/15"]},"version":{"essentia":"2.1-beta2","essentia_build_sha":"2d9f1f26377add8aeb1075a9c2973f962c4f09fd","essentia_git_sha":"v2.1_beta2-1-ge3940c0","extractor":"music 1.0"}},"rhythm":{"beats_count":329,"beats_loudness":{"dmean":0.00905734486878,"dmean2":0.0155420023948,"dvar":0.0000708389852662,"dvar2":0.000211373655475,"max":0.0788479223847,"mean":0.0381984859705,"median":0.0382874272764,"min":0,"var":0.000112654939585},"beats_loudness_band_ratio":{"dmean":[0.238083958626,0.153758049011,0.103378333151,0.0885869041085,0.098171107471,0.161280140281],"dmean2":[0.411384224892,0.259600371122,0.183239191771,0.158656045794,0.175267145038,0.294794797897],"dvar":[0.0341739617288,0.0160039179027,0.0122322654352,0.0181616842747,0.0110809942707,0.032962564379],"dvar2":[0.0819598212838,0.0470296777785,0.0340809300542,0.0499024987221,0.0303105544299,0.0847864151001],"max":[0.974899947643,0.875580132008,0.679070532322,0.724289059639,0.751156508923,0.976658523