{"lowlevel":{"average_loudness":0.923247933388,"barkbands":{"dmean":[0.00513607216999,0.0149513147771,0.00305077130906,0.000822601665277,0.00170469947625,0.000853973149788,0.000668269582093,0.000581991975196,0.000784817559179,0.00160397752188,0.00188723031897,0.00111898896284,0.000671020126902,0.00040500619798,0.000565067050047,0.000201992501388,0.000138808056363,0.00015141282347,0.000186090910574,0.000214663901716,0.000153318047523,0.0000505622301716,0.0000154440676852,0.00000640145117359,0.00000321171614814,0.00000835683658806,0.000421781587647],"dmean2":[0.00828551780432,0.0253341384232,0.00543292192742,0.00140806357376,0.00292247883044,0.00140673748683,0.00106680102181,0.00098005507607,0.00132440845482,0.00260463566519,0.0031705298461,0.00191631808411,0.0011470541358,0.000692947069183,0.000967199390288,0.000344379921444,0.000238623295445,0.000254832557403,0.000301052437862,0.000333951000357,0.000231476369663,0.000073166724178,0.0000224738359975,0.00000937711956794,0.00000525488303538,0.0000119742226161,0.000685104983859],"dvar":[0.0000976162336883,0.000715604634024,0.0000360314843419,0.00000261501600107,0.000009086404134,0.00000269659290097,0.00000147797481986,0.00000154231361194,0.00000138390919346,0.00000777146397013,0.00000577481296204,0.00000217704382521,6.56594806969e-7,2.29130336038e-7,4.80155790683e-7,9.9753471261e-8,1.02982198769e-7,1.50877738747e-7,1.64512641732e-7,4.05970354223e-7,2.31073343571e-7,1.63163687006e-8,1.16830545238e-9,1.75518211076e-10,2.77631043155e-11,3.13610831748e-10,2.26904717238e-7],"dvar2":[0.000227772179642,0.00197275099345,0.000101772740891,0.00000699795327819,0.0000255221129919,0.0000063540710471,0.00000311785947815,0.00000376137359126,0.00000356041437044,0.0000188862377399,0.0000151299682329,0.00000604284832662,0.00000189803677131,6.62771014959e-7,0.00000134281776809,2.67299412826e-7,2.85323437765e-7,4.07709990213e-7,3.90428255059e-7,8.01739588496e-7,4.36531678361e-7,3.17557677931e-8,2.09972439436e-9,2.91003249275e-10,6.9048398943e-11,5.22767051869e-10,5.79264394673e-7],"max":[0.129941180348,0.411664545536,0.0681245997548,0.0266959220171,0.0557891689241,0.0682730078697,0.0364601649344,0.0431123487651,0.0308356657624,0.070520311594,0.0558399856091,0.030904321,0.0147366579622,0.00517690042034,0.00834189914167,0.00844874139875,0.00604625884444,0.0100169032812,0.0114997476339,0.025891110301,0.0130432778969,0.00392098585144,0.000963542610407,0.000395879149437,0.000084094448539,0.000652809860185,0.0103269498795],"mean":[0.00582024920732,0.0188030675054,0.00313213700429,0.0009240633226,0.00259809521958,0.0013941823272,0.00118806108367,0.000830128381494,0.00137015443761,0.00298484042287,0.00325273792259,0.00205367943272,0.00127214647364,0.00083527440438,0.00111793563701,0.000359533936717,0.000213508421439,0.000228536970099,0.000366842665244,0.000453336833743,0.000317745201755,0.0000989693289739,0.0000296249218081,0.0000107302485048,0.00000350169534613,0.0000166845493368,0.00159891950898],"median":[0.00207041576505,0.0107150683179,0.00149048189633,0.00039461592678,0.00139911158476,0.000756227935199,0.000506464624777,0.000426203361712,0.000968170585111,0.00141749344766,0.00254645990208,0.00167734292336,0.00111156457569,0.000776479602791,0.000988798914477,0.00028746254975,0.000129278138047,0.000115842900414,0.000181013470865,0.000209198857192,0.000134654212161,0.0000442620439571,0.0000141038717629,0.00000469373344458,0.00000153434564254,0.00000870444637258,0.00164736807346],"min":[1.20529300402e-23,7.6586710867e-24,1.77651436413e-24,4.80555840774e-24,2.24909466338e-23,1.93247808155e-23,2.12138597143e-23,2.36814860456e-23,4.03921332825e-23,3.57038887465e-23,2.90001677066e-23,5.68844758856e-23,4.54282875657e-23,6.386812264e-23,6.03345180338e-23,8.39665440783e-23,2.10955656039e-22,1.4358477641e-22,2.43521361442e-22,2.94938027823e-22,2.9562099204e-22,3.84914013303e-22,4.79311381141e-22,6.50359750432e-22,1.04925427224e-21,1.57449154494e-21,2.13711198931e-21],"var":[0.000120291661005,0.000706726510543,0.0000294598485198,0.00000284389943772,0.0000138588766276,0.00000431408216173,0.00000475220258522,0.00000241473912865,0.00000283813665192,0.0000214876508835,0.0000114813310574,0.00000418995432483,0.0000012042802382,4.88753869377e-7,9.88568103821e-7,1.48580767245e-7,1.03168893872e-7,1.61341333182e-7,3.32506488121e-7,9.13807923553e-7,6.69435166856e-7,4.27865423092e-8,3.42287798105e-9,5.59588431148e-10,3.15370021764e-11,1.02942354641e-9,0.00000137118183829]},"barkbands_crest":{"dmean":3.28255438805,"dmean2":5.39671802521,"dvar":8.3135881424,"dvar2":21.3717651367,"max":26.6496620178,"mean":10.6147928238,"median":9.54256629944,"min":2.55910181999,"var":26.4437847137},"barkbands_flatness_db":{"dmean":0.0272204484791,"dmean2":0.0429785400629,"dvar":0.000788461533375,"dvar2":0.00189253210556,"max":0.549044370651,"mean":0.14129255712,"median":0.121239155531,"min":0.0349973812699,"var":0.0049900887534},"barkbands_kurtosis":{"dmean":12.3261270523,"dmean2":19.3535652161,"dvar":3007.51635742,"dvar2":6752.10253906,"max":1813.48461914,"mean":16.8308544159,"median":2.09229969978,"min":-1.89513099194,"var":4833.80175781},"barkbands_skewness":{"dmean":0.830508708954,"dmean2":1.31762886047,"dvar":2.13893699646,"dvar2":4.89535188675,"max":30.7771263123,"mean":2.16231369972,"median":1.38996446133,"min":-2.06746196747,"var":6.63771057129},"barkbands_spread":{"dmean":7.55464553833,"dmean2":12.0843334198,"dvar":61.4315872192,"dvar2":138.780731201,"max":132.826705933,"mean":33.6107788086,"median":34.3047523499,"min":0.112908318639,"var":375.406219482},"dissonance":{"dmean":0.0157976485789,"dmean2":0.0271433461457,"dvar":0.000310116272885,"dvar2":0.000864456233103,"max":0.500000178814,"mean":0.477324545383,"median":0.484013795853,"min":0.26630577445,"var":0.00049418117851},"dynamic_complexity":3.12023186684,"erbbands":{"dmean":[0.682288169861,2.63686800003,3.74969601631,2.86121487617,3.22570848465,7.60376739502,6.9050617218,7.60270595551,9.08148956299,8.28455638885,15.2283058167,16.3046073914,38.4404754639,53.0065917969,74.1645812988,37.2994041443,29.4807071686,17.7563838959,20.3601036072,24.7342243195,8.6960735321,7.6933350563,8.12019920349,8.63356781006,9.32385444641,10.093621254,8.54255008698,4.2493519783,1.9797424078,0.950190961361,0.365657299757,0.173688724637,0.0878872051835,0.0365009196103,0.0230716038495,0.0167903210968,0.0167218856514,0.0251357406378,0.0260433480144,0.00992112886161],"dmean2":[1.16066420078,4.50956773758,6.62735462189,4.9187002182,5.58699560165,13.0904226303,11.4474229813,12.493683815,14.3554477692,13.8590888977,25.6200447083,27.3735637665,62.3224334717,87.3947601318,124.646179199,62.9748954773,50.2369499207,30.3416843414,34.702293396,42.1489143372,14.8002462387,13.190943718,13.7488794327,14.3080158234,14.7026805878,15.7199926376,13.0222206116,6.29564571381,2.85522961617,1.38914775848,0.527960240841,0.255079895258,0.131713911891,0.0594850294292,0.0376625806093,0.0262174233794,0.0237495005131,0.0340499617159,0.0368581004441,0.0161208007485],"dvar":[1.81633865833,19.1823616028,46.4070663452,29.4038181305,45.1568641663,182.452148438,241.213775635,158.669174194,345.594421387,242.798324585,935.620117188,598.129455566,6652.28417969,5711.44824219,8624.9375,2185.46557617,1265.26171875,429.576568604,568.32434082,942.122009277,253.656173706,331.708435059,442.788726807,362.324890137,485.168273926,1029.53552246,833.069946289,179.762741089,25.6198215485,4.30475711823,0.689599871635,0.132234409451,0.0353027582169,0.00354518531822,0.00139298173599,0.000731171865482,0.00120171380695,0.00300980242901,0.00390092842281,0.000111703717266],"dvar2":[4.94783735275,54.2798690796,130.110366821,79.8013763428,127.408676147,519.462646484,557.100036621,398.912536621,681.555480957,630.333374023,2289.94580078,1539.9230957,15780.0322266,14772.1220703,23038.2148438,5945.10595703,3660.85791016,1234.63354492,1632.82373047,2627.4284668,688.417541504,918.182861328,1200.4486084,947.20513916,1068.97912598,2038.52612305,1740.84399414,328.960998535,48.9436569214,7.89364719391,1.25578010082,0.221026137471,0.0653231665492,0.00877469591796,0.00346705317497,0.00157318625133,0.00193149317056,0.00482722511515,0.00687162671238,0.000286633352516],"max":[22.7023735046,60.2792892456,81.4431915283,77.8994674683,144.900405884,252.312332153,623.174743652,267.22076416,645.132995605,356.736328125,1119.69934082,742.727600098,2535.49414062,1369.01623535,1448.8815918,780.919128418,573.850097656,272.761871338,341.308990479,428.575744629,340.593200684,364.1434021,460.922851562,375.247619629,765.852844238,1386.01025391,961.083984375,593.483398438,157.307510376,58.8804740906,24.7200679779,10.827132225,7.13190031052,0.954946219921,0.591944277287,0.719945013523,1.36545217037,1.42786502838,2.45950579643,0.381758153439],"mean":[0.786075413227,3.26835799217,4.22725629807,3.46115469933,4.13242053986,11.1864852905,10.5715322495,12.7447004318,16.5852146149,14.018239975,23.381319046,30.091135025,70.2505493164,107.357963562,137.154937744,79.7513809204,58.8809967041,40.7834205627,47.4072494507,51.1954956055,16.7032489777,12.3385543823,12.4776773453,15.8575677872,19.5338401794,21.2340602875,17.2440719604,9.00499248505,3.93582773209,1.83804190159,0.705569863319,0.314372301102,0.132891595364,0.0423526465893,0.0258646439761,0.023893257603,0.034089628607,0.0642235279083,0.0831736624241,0.0515978038311],"median":[0.374195992947,1.86658704281,2.38618946075,1.73549520969,2.12286782265,5.18147373199,5.87309837341,6.34738111496,6.92636919022,7.1650595665,13.7758932114,21.6135845184,35.4736442566,71.8956222534,113.722335815,69.4679870605,52.7317428589,39.1265525818,45.5451469421,45.3321685791,13.5642786026,7.62427759171,6.53317213058,8.31454086304,9.71776294708,9.59804439545,6.88821744919,4.06350898743,1.74318611622,0.874960422516,0.33842793107,0.143400549889,0.0538502112031,0.0196789503098,0.0119587108493,0.0118876202032,0.017760137096,0.0362715497613,0.0556876175106,0.0564280673862],"min":[5.86065794365e-22,4.37544263301e-22,2.25693968313e-21,9.4597578464e-21,3.85742915526e-20,9.23642925921e-20,9.41940096447e-20,1.63212480078e-19,3.58338492918e-19,5.89883949809e-19,6.5368588972e-19,6.15262884978e-19,1.17013600177e-18,1.52179746693e-18,1.32147975838e-18,2.87019761155e-18,2.26913757279e-18,3.25047073711e-18,3.6119743074e-18,3.40821449352e-18,4.698279173e-18,1.22916143893e-17,5.60430540077e-18,8.14088659562e-18,9.51674355311e-18,1.14373229322e-17,1.06035513445e-17,1.08236409445e-17,1.40858369668e-17,1.17554971276e-17,1.58327646655e-17,1.60542770161e-17,1.08220204976e-17,9.19621602882e-18,7.89230641384e-18,5.595199383e-18,2.84506393543e-18,1.20868520325e-18,3.21048648067e-19,3.11158269202e-20],"var":[1.67171466351,19.3461780548,39.4353523254,30.5099582672,44.2875404358,328.51272583,366.390197754,314.742797852,1106.69116211,541.366455078,1496.72509766,1263.7277832,15622.7851562,16662.0078125,16954.7539062,5299.08642578,2413.00195312,1047.64257812,1434.50634766,2035.43444824,319.989501953,334.450073242,460.567230225,556.634155273,1083.03662109,2169.86132812,1962.81335449,543.30682373,70.9406585693,11.7793731689,1.99072396755,0.419687151909,0.0967618823051,0.00423386413604,0.00160825985949,0.00156099605374,0.00415757577866,0.0107301771641,0.0136703168973,0.00108783552423]},"erbbands_crest":{"dmean":2.80632662773,"dmean2":4.67437791824,"dvar":6.3493885994,"dvar2":16.4566001892,"max":28.5537528992,"mean":9.01330375671,"median":8.19670581818,"min":2.11866903305,"var":13.8969326019},"erbbands_flatness_db":{"dmean":0.020481608808,"dmean2":0.0319654643536,"dvar":0.000342592975358,"dvar2":0.000803436152637,"max":0.355846136808,"mean":0.151309609413,"median":0.149766027927,"min":0.0407305285335,"var":0.00129601114895},"erbbands_kurtosis":{"dmean":1.51360726357,"dmean2":2.37424206734,"dvar":10.5865039825,"dvar2":22.8333816528,"max":94.4110488892,"mean":2.25532126427,"median":1.25330591202,"min":-1.71961569786,"var":25.7661571503},"erbbands_skewness":{"dmean":0.388318121433,"dmean2":0.601770877838,"dvar":0.188505172729,"dvar2":0.388372689486,"max":7.90667867661,"mean":0.217560499907,"median":0.187498003244,"min":-5.11716032028,"var":0.85031324625},"erbbands_spread":{"dmean":5.97987413406,"dmean2":9.6134853363,"dvar":48.9940032959,"dvar2":118.289550781,"max":139.431304932,"mean":24.1488246918,"median":21.3982963562,"min":1.13709878922,"var":167.259231567},"gfcc":{"cov":[[14644.5693359,373.808013916,-2869.5949707,-625.753356934,138.229217529,-625.701599121,514.99432373,-537.517028809,42.8692054749,30.820766449,-6.49250507355,-65.8470001221,99.2491149902],[373.808013916,900.050415039,3.59427189827,-330.093719482,64.1775131226,-25.9620704651,23.7019119263,-48.5700721741,40.5368652344,18.471912384,57.1427307129,-64.6879272461,81.4482650757],[-2869.5949707,3.59427189827,916.352355957,266.286346436,-57.53332901,204.724807739,-171.39616394,194.499038696,-27.6604862213,18.2519111633,12.0910148621,18.5656833649,-15.7043533325],[-625.753356934,-330.093719482,266.286346436,453.454925537,41.8239822388,-16.7872524261,12.7033510208,63.3591575623,-20.189037323,-11.0081214905,-4.43650770187,46.4523391724,-58.0159988403],[138.229217529,64.1775131226,-57.53332901,41.8239822388,215.585876465,31.6719093323,39.7939338684,-29.5880031586,24.3451366425,-27.4513988495,0.203567668796,-16.0295162201,-1.46953308582],[-625.701599121,-25.9620704651,204.724807739,-16.7872524261,31.6719093323,216.482696533,-61.4749107361,73.7536087036,-6.85185813904,13.7827291489,-7.26527023315,1.60632574558,7.91887617111],[514.99432373,23.7019119263,-171.39616394,12.7033510208,39.7939338684,-61.4749107361,182.377120972,-40.9343299866,37.3428077698,2.41339206696,22.7924098969,13.9882602692,4.30572938919],[-537.517028809,-48.5700721741,194.499038696,63.3591575623,-29.5880031586,73.7536087036,-40.9343299866,189.748458862,7.16886425018,42.713180542,28.7131137848,-2.16055393219,10.6038398743],[42.8692054749,40.5368652344,-27.6604862213,-20.189037323,24.3451366425,-6.85185813904,37.3428077698,7.16886425018,107.37966156,25.309595108,2.6722278595,6.41125440598,-17.1209583282],[30.820766449,18.471912384,18.2519111633,-11.0081214905,-27.4513988495,13.7827291489,2.41339206696,42.713180542,25.309595108,77.6495895386,36.2147254944,2.39343976974,18.7827224731],[-6.49250507355,57.1427307129,12.0910148621,-4.43650770187,0.203567668796,-7.26527023315,22.7924098969,28.7131137848,2.6722278595,36.2147254944,63.3355674744,14.9863958359,23.6212711334],[-65.8470001221,-64.6879272461,18.5656833649,46.4523391724,-16.0295162201,1.60632574558,13.9882602692,-2.16055393219,6.41125440598,2.39343976974,14.9863958359,55.6771965027,6.68401575089],[99.2491149902,81.4482650757,-15.7043533325,-58.0159988403,-1.46953308582,7.91887617111,4.30572938919,10.6038398743,-17.1209583282,18.7827224731,23.6212711334,6.68401575089,69.6408004761]],"icov":[[0.00023850837897,-0.000394469068851,0.00112064275891,-0.000704438949469,0.000403332116548,-0.000438102928456,0.00021410487534,-0.0000331871342496,0.0000208462006412,-0.000164693468832,0.000136134913191,0.0000997842871584,-0.000168766011484],[-0.000394469068851,0.00336468406022,-0.00347546837293,0.00378789776005,-0.00220205821097,0.00249128928408,-0.00106820301153,0.000814796250779,-0.000674770853948,0.000490480742883,-0.0020859176293,0.00179175450467,-0.00115151540376],[0.00112064275891,-0.00347546837293,0.00907623767853,-0.00737006822601,0.00480313552544,-0.00595051795244,0.00346491788514,-0.000766905781347,-0.00151095713954,0.00170329294633,-0.00135844829492,0.00170805375092,-0.0014789365232],[-0.000704438949469,0.00378789776005,-0.00737006822601,0.0111444350332,-0.00699818134308,0.00732662295923,-0.003627368249,-0.00207781535573,0.0046413410455,-0.00407684221864,0.00347563158721,-0.00661735702306,0.00545268459246],[0.000403332116548,-0.00220205821097,0.00480313552544,-0.00699818134308,0.0109598049894,-0.00703387521207,0.00127918447834,0.00249905954115,-0.00569899287075,0.00743344565853,-0.00607209885493,0.00777287455276,-0.00426718266681],[-0.000438102928456,0.00249128928408,-0.00595051795244,0.00732662295923,-0.00703387521207,0.0121990246698,-0.00136229838245,-0.00314709031954,0.00402307044715,-0.00545521313325,0.00617243535817,-0.00609352672473,0.00245188665576],[0.00021410487534,-0.00106820301153,0.00346491788514,-0.003627368249,0.00127918447834,-0.00136229838245,0.00943225063384,0.00116660841741,-0.00408594077453,0.00263219280168,-0.00478485086933,0.000857471022755,-0.00204901653342],[-0.0000331871342496,0.000814796250779,-0.000766905781347,-0.00207781535573,0.00249905954115,-0.00314709031954,0.00116660841741,0.0100048417225,-0.00357480533421,0.00036113281385,-0.0063333013095,0.00631453935057,-0.00342862540856],[0.0000208462006412,-0.000674770853948,-0.00151095713954,0.0046413410455,-0.00569899287075,0.00402307044715,-0.00408594077453,-0.00357480533421,0.0180033948272,-0.0118808615953,0.00959014333785,-0.0103257950395,0.00987318623811],[-0.000164693468832,0.000490480742883,0.00170329294633,-0.00407684221864,0.00743344565853,-0.00545521313325,0.00263219280168,0.00036113281385,-0.0118808615953,0.0294091086835,-0.0186166763306,0.0109799681231,-0.00838375929743],[0.000136134913191,-0.0020859176293,-0.00135844829492,0.00347563158721,-0.00607209885493,0.00617243535817,-0.00478485086933,-0.0063333013095,0.00959014333785,-0.0186166763306,0.03694530949,-0.0161268878728,0.00166010472458],[0.0000997842871584,0.00179175450467,0.00170805375092,-0.00661735702306,0.00777287455276,-0.00609352672473,0.000857471022755,0.00631453935057,-0.0103257950395,0.0109799681231,-0.0161268878728,0.0339103043079,-0.0108074881136],[-0.000168766011484,-0.00115151540376,-0.0014789365232,0.00545268459246,-0.00426718266681,0.00245188665576,-0.00204901653342,-0.00342862540856,0.00987318623811,-0.00838375929743,0.00166010472458,-0.0108074881136,0.0255982130766]],"mean":[12.3990831375,91.4673080444,-95.6857147217,-3.68466806412,-8.19449996948,-7.52394008636,20.7512016296,-20.0786170959,-3.09939193726,-5.608314991,-1.11703181267,-2.30625987053,2.43006515503]},"hfc":{"dmean":105.923118591,"dmean2":174.774765015,"dvar":20001,"dvar2":54867.4609375,"max":2615.88085938,"mean":337.781555176,"median":321.591949463,"min":1.10164112503e-16,"var":49589.3984375},"melbands":{"dmean":[0.00509350001812,0.00234536011703,0.000479896552861,0.000383208534913,0.000256389030255,0.000166081823409,0.000136124217534,0.0000887487694854,0.000130590429762,0.000110692577437,0.000200945534743,0.000219029680011,0.000269419542747,0.00015454844106,0.0000827472686069,0.000051806364354,0.0000349268739228,0.0000355223492079,0.0000548444477317,0.0000183061310963,0.00000997102688416,0.00000821367302706,0.00000820387504064,0.00000755597784519,0.00000740331142879,0.00000775329499447,0.00000735198818802,0.00000720731031834,0.00000631843658994,0.00000383590031561,0.00000230209639085,0.0000012893932535,7.84357268913e-7,4.64047332116e-7,2.37590640495e-7,1.37208232331e-7,9.98072593461e-8,7.13868075763e-8,3.73056643355e-8,2.92059834095e-8],"dmean2":[0.0085760820657,0.00406855391338,0.000825731083751,0.000661793339532,0.000428360159276,0.000271667144261,0.000215674255742,0.000147774568177,0.000220438480028,0.000187021447346,0.000325971806888,0.000361416838132,0.000453873159131,0.000264049653197,0.000141681055538,0.000088438471721,0.000059844860516,0.0000609449270996,0.0000939982710406,0.0000311233998218,0.0000171176488948,0.0000141631762745,0.0000141312757478,0.0000128128731376,0.000012368969692,0.0000126079457914,0.0000116366109069,0.0000112901916509,0.00000980799723038,0.00000591043180975,0.00000345938087776,0.00000192476886696,0.00000116734452149,6.91394120622e-7,3.5170018009e-7,2.04844937457e-7,1.47834526842e-7,1.06484876028e-7,6.01506684461e-8,4.78488573208e-8],"dvar":[0.0000911980096134,0.0000135449699883,8.42950157676e-7,5.20004164173e-7,2.40240382254e-7,7.64614966897e-8,6.68025137429e-8,3.07931529164e-8,5.87138622166e-8,2.69677489229e-8,1.75369848421e-7,1.04554544578e-7,1.20791639802e-7,4.15117717978e-8,1.02011723513e-8,3.60431440249e-9,1.68458580418e-9,1.8157449988e-9,4.78824624395e-9,6.36366515039e-10,3.6096672873e-10,3.58954532764e-10,4.36211566868e-10,4.15900452966e-10,2.61143190405e-10,2.98489288841e-10,2.85779955256e-10,6.73483824265e-10,4.70435579381e-10,1.42636305545e-10,5.10600693671e-11,1.24489715411e-11,3.01802159652e-12,1.04284278695e-12,3.14975259416e-13,9.21816808541e-14,4.48437605951e-14,2.84716742099e-14,3.90002048058e-15,2.34410989493e-15],"dvar2":[0.000247540330747,0.0000381478166673,0.00000227401142183,0.00000146615218455,5.80306448228e-7,1.87693615317e-7,1.35455252348e-7,7.86217668747e-8,1.47616376012e-7,6.94680508673e-8,4.15290315914e-7,2.68529049663e-7,3.19777427649e-7,1.14119202976e-7,2.86326660159e-8,1.02595087981e-8,4.85072249035e-9,5.26550270052e-9,1.34221709303e-8,1.69086589175e-9,9.9077146487e-10,9.98416682663e-10,1.21859744517e-9,1.12494880078e-9,6.96214641493e-10,7.15071224455e-10,6.36402541776e-10,1.3896291895e-9,1.02460440132e-9,2.80962253463e-10,9.84909584445e-11,2.64196962918e-11,5.93769217822e-12,1.99822276781e-12,6.15010429736e-13,1.77574995723e-13,7.70567352873e-14,5.37918132617e-14,9.15028940612e-15,5.82777853007e-15],"max":[0.156033635139,0.0407478734851,0.012504901737,0.0138589357957,0.0167300198227,0.00779693806544,0.00848619733006,0.00426026619971,0.00941367167979,0.00411370722577,0.0128709580749,0.00603113975376,0.00642626360059,0.00437503121793,0.00180026562884,0.000759549438953,0.00046380085405,0.000494148058351,0.000818996981252,0.000670577865094,0.000306582980556,0.000327547430061,0.000364623119822,0.000700049859006,0.000323114421917,0.000589290109929,0.000496447493788,0.00120040378533,0.000836102699395,0.00033098453423,0.000352955656126,0.000118717965961,0.000051958624681,0.0000245993105636,0.0000179571634362,0.0000115864149848,0.00000649017783871,0.00000651216669212,0.00000138613097533,7.74921147695e-7],"mean":[0.00638853525743,0.00296549429186,0.000601583102252,0.000555222854018,0.000408263906138,0.000281805405393,0.00024998842855,0.000146864404087,0.000199937348953,0.000192651204998,0.000359979167115,0.000428443658166,0.000469953636639,0.000286454654997,0.000156289417646,0.000104396924144,0.0000718361625331,0.0000702636898495,0.000097918928077,0.0000369681329175,0.0000158884486154,0.0000124582784338,0.0000116604678624,0.0000109892389446,0.0000127748562591,0.00001464552588,0.0000145880758282,0.0000138625164254,0.0000118705283967,0.0000074092495197,0.00000447612774224,0.00000236627352024,0.00000140585825648,8.50509991324e-7,4.31208150076e-7,2.45712527658e-7,1.67621877267e-7,1.06139687261e-7,4.57356925665e-8,3.15350057178e-8],"median":[0.00344996456988,0.0018636379391,0.000314374454319,0.000262387213297,0.000239540589973,0.000144402685692,0.000108418113086,0.0000739252718631,0.000120466924272,0.000134691756102,0.000172961692442,0.000265358248726,0.000376991665689,0.000231712168898,0.000133605237352,0.0000940319660003,0.0000659332945361,0.0000635369578958,0.0000820535569801,0.0000315598117595,0.0000113524520202,0.00000739611550671,0.0000064977425609,0.00000504217268826,0.0000064627492975,0.00000682505742589,0.00000710105041435,0.00000587928252571,0.00000452818903796,0.00000314462772621,0.00000189926947769,9.92568743641e-7,6.40598841528e-7,3.95485614035e-7,1.9694660125e-7,1.20884095622e-7,7.16583699045e-8,3.98462312035e-8,2.01762979657e-8,1.35771962562e-8],"min":[4.30812638673e-24,8.64509510588e-25,2.73561519978e-24,4.3457937061e-24,3.78526858989e-24,4.09245457626e-24,5.49123630656e-24,8.00589136957e-24,5.28252619357e-24,4.78500937002e-24,6.19076857502e-24,5.6207207244e-24,4.05950898384e-24,6.04192669385e-24,6.9942585113e-24,5.66065838545e-24,5.68264117786e-24,5.44699817028e-24,4.46227532964e-24,5.57291299253e-24,5.51766354131e-24,1.21284902932e-23,6.11016316216e-24,4.88973972709e-24,5.46474990723e-24,7.25470961663e-24,7.25203616702e-24,7.00593444156e-24,6.52735422403e-24,8.08581481218e-24,5.71041894249e-24,7.05280697882e-24,7.74908559049e-24,5.99719473065e-24,8.5964492093e-24,8.85948304523e-24,7.55626826373e-24,7.17388687258e-24,7.13899397702e-24,7.88832664001e-24],"var":[0.0000898307043826,0.0000132201303131,8.87636417701e-7,8.08115999007e-7,3.84933940722e-7,1.49574432839e-7,2.17537376557e-7,6.4849260184e-8,9.55331103114e-8,5.48354712748e-8,4.1593884248e-7,3.06934282435e-7,2.27424578725e-7,8.37099207729e-8,1.89673983186e-8,7.42709138635e-9,3.61638474722e-9,3.59377172465e-9,8.66184723947e-9,1.27340238354e-9,3.87915005673e-10,3.58879675977e-10,3.9431255483e-10,4.3186351717e-10,3.76465691954e-10,5.86875714692e-10,6.65373867115e-10,1.21831211786e-9,9.8431107709e-10,3.90621812674e-10,1.39505851315e-10,2.89043042973e-11,7.14359561088e-12,2.70587632162e-12,8.07660958512e-13,2.42438691735e-13,1.35938854032e-13,7.54612911329e-14,5.99804358742e-15,2.63655818437e-15]},"melbands_crest":{"dmean":4.90744590759,"dmean2":8.08135032654,"dvar":17.3788223267,"dvar2":44.3680000305,"max":37.7900772095,"mean":17.4663105011,"median":16.6936855316,"min":1.99279642105,"var":52.8438034058},"melbands_flatness_db":{"dmean":0.0355808325112,"dmean2":0.0563496053219,"dvar":0.00112109200563,"dvar2":0.00274294381961,"max":0.697643101215,"mean":0.245737358928,"median":0.225712478161,"min":0.00637616356835,"var":0.0078549310565},"melbands_kurtosis":{"dmean":12.813586235,"dmean2":20.4458446503,"dvar":1710.04467773,"dvar2":3854.58203125,"max":1731.81420898,"mean":18.4052429199,"median":2.53550577164,"min":-1.89357972145,"var":3853.46850586},"melbands_skewness":{"dmean":0.997840702534,"dmean2":1.60903286934,"dvar":1.40102624893,"dvar2":3.40732383728,"max":22.7204189301,"mean":2.38437652588,"median":1.71691131592,"min":-3.10382390022,"var":5.29563331604},"melbands_spread":{"dmean":7.11953449249,"dmean2":11.5088825226,"dvar":86.1037368774,"dvar2":197.919494629,"max":185.407348633,"mean":24.9166812897,"median":24.6187896729,"min":0.098529279232,"var":295.510162354},"mfcc":{"cov":[[12879.2509766,736.672241211,-2655.14575195,18.5178318024,-1086.01135254,282.126434326,-178.574523926,-105.203361511,-170.399658203,89.6926956177,-293.534210205,-137.27116394,-55.2347602844],[736.672241211,1127.95715332,-179.231750488,-274.602203369,-74.1237487793,9.74970340729,17.4834098816,-93.4173126221,25.0875720978,8.78865432739,5.55076980591,-64.113861084,61.2366104126],[-2655.14575195,-179.231750488,956.699157715,43.1422691345,277.075500488,-93.0986862183,55.9709510803,35.0659484863,46.9078216553,-24.4721488953,70.3203659058,64.3268661499,13.2498159409],[18.5178318024,-274.602203369,43.1422691345,428.009552002,3.12878704071,13.4053821564,22.5683574677,57.6643562317,-24.7210502625,8.49002933502,-14.3874855042,42.9882278442,-18.6470355988],[-1086.01135254,-74.1237487793,277.075500488,3.12878704071,314.40032959,5.71709489822,40.9650192261,35.4550247192,43.3474349976,-28.9434051514,59.9922485352,11.9031639099,0.331033885479],[282.126434326,9.74970340729,-93.0986862183,13.4053821564,5.71709489822,161.087509155,-1.28660094738,24.3768844604,-3.57660841942,-9.68399810791,-10.3556518555,-7.34374856949,-9.78977108002],[-178.574523926,17.4834098816,55.9709510803,22.5683574677,40.9650192261,-1.28660094738,127.528060913,12.2920360565,12.3282909393,7.48006439209,-1.48426532745,-2.68083238602,21.7378787994],[-105.203361511,-93.4173126221,35.0659484863,57.6643562317,35.4550247192,24.3768844604,12.2920360565,95.424079895,17.9541873932,7.35703992844,15.4201602936,15.0743618011,-10.2368602753],[-170.399658203,25.0875720978,46.9078216553,-24.7210502625,43.3474349976,-3.57660841942,12.3282909393,17.9541873932,66.9525222778,20.4107666016,26.3818149567,11.0102806091,12.2606906891],[89.6926956177,8.78865432739,-24.4721488953,8.49002933502,-28.9434051514,-9.68399810791,7.48006439209,7.35703992844,20.4107666016,71.6529312134,18.3025569916,17.5554962158,15.6127643585],[-293.534210205,5.55076980591,70.3203659058,-14.3874855042,59.9922485352,-10.3556518555,-1.48426532745,15.4201602936,26.3818149567,18.3025569916,76.3960189819,24.9440860748,12.7368135452],[-137.27116394,-64.113861084,64.3268661499,42.9882278442,11.9031639099,-7.34374856949,-2.68083238602,15.0743618011,11.0102806091,17.5554962158,24.9440860748,65.0581588745,13.8896875381],[-55.2347602844,61.2366104126,13.2498159409,-18.6470355988,0.331033885479,-9.78977108002,21.7378787994,-10.2368602753,12.2606906891,15.6127643585,12.7368135452,13.8896875381,60.4125366211]],"icov":[[0.000206917728065,-0.0000827662515803,0.000485243159346,-0.0000716789654689,0.000247259595199,-0.0000625518878223,0.00000167042742305,-0.0000411550026911,-0.0000323577842209,0.00000166444192473,0.000207364311791,-0.000224348084885,0.000139462281368],[-0.0000827662515803,0.00126990652643,-0.0000928215304157,0.000537207291927,0.000191508763237,-0.0002142120793,-0.000248090247624,0.00077974278247,-0.000507112883497,0.000106351311842,-0.000591834657826,0.00106889579911,-0.00103663885966],[0.000485243159346,-0.0000928215304157,0.00280536990613,-0.00015811889898,-0.000683025922626,0.000826468283776,-0.000375697389245,-0.000130990316393,-0.000278160121525,0.000618479272816,0.000422690121923,-0.00186260172632,0.000360053614713],[-0.0000716789654689,0.000537207291927,-0.00015811889898,0.00327211129479,-0.000142396369483,-0.0000625572574791,-0.000744931923691,-0.00134547764901,0.0015449502971,-0.000602347194217,0.000950371730141,-0.00190732150804,0.000545554445125],[0.000247259595199,0.000191508763237,-0.000683025922626,-0.000142396369483,0.00628753751516,-0.00102522596717,-0.00142303807661,-0.000354377523763,-0.00257532508112,0.00335323740728,-0.00387679948471,0.00112574407831,0.000603789812885],[-0.0000625518878223,-0.0002142120793,0.000826468283776,-0.0000625572574791,-0.00102522596717,0.00731684127823,0.0000800705965958,-0.00224194023758,0.000299515580991,0.000858652347233,0.000993613153696,-0.000314792792778,0.000322165229591],[0.00000167042742305,-0.000248090247624,-0.000375697389245,-0.000744931923691,-0.00142303807661,0.0000800705965958,0.00965494289994,-0.00131976488046,-0.000465403660201,-0.00153600086924,0.00234504276887,0.00205385801382,-0.00404667807743],[-0.0000411550026911,0.00077974278247,-0.000130990316393,-0.00134547764901,-0.000354377523763,-0.00224194023758,-0.00131976488046,0.0144711462781,-0.00372319994494,-0.000532133853994,-0.00208229152486,-0.000942565267906,0.0028999352362],[-0.0000323577842209,-0.000507112883497,-0.000278160121525,0.0015449502971,-0.00257532508112,0.000299515580991,-0.000465403660201,-0.00372319994494,0.0216733850539,-0.00577401462942,-0.00228949310258,-0.000854584446643,-0.00160567567218],[0.00000166444192473,0.000106351311842,0.000618479272816,-0.000602347194217,0.00335323740728,0.000858652347233,-0.00153600086924,-0.000532133853994,-0.00577401462942,0.0198828522116,-0.00464333966374,-0.00269727152772,-0.002212068066],[0.000207364311791,-0.000591834657826,0.000422690121923,0.000950371730141,-0.00387679948471,0.000993613153696,0.00234504276887,-0.00208229152486,-0.00228949310258,-0.00464333966374,0.0215001516044,-0.00607466837391,-0.00149583350867],[-0.000224348084885,0.00106889579911,-0.00186260172632,-0.00190732150804,0.00112574407831,-0.000314792792778,0.00205385801382,-0.000942565267906,-0.000854584446643,-0.00269727152772,-0.00607466837391,0.0235292743891,-0.0056832022965],[0.000139462281368,-0.00103663885966,0.000360053614713,0.000545554445125,0.000603789812885,0.000322165229591,-0.00404667807743,0.0028999352362,-0.00160567567218,-0.002212068066,-0.00149583350867,-0.0056832022965,0.0223365146667]],"mean":[-650.163146973,156.511474609,-24.0651321411,27.5680522919,-11.7270851135,28.4327087402,16.3509559631,8.99298858643,5.44075012207,8.35912322998,-3.50572943687,0.0920184254646,4.95303201675]},"pitch_salience":{"dmean":0.0864308997989,"dmean2":0.141649410129,"dvar":0.00576621387154,"dvar2":0.0147175071761,"max":0.878796517849,"mean":0.508447289467,"median":0.527158677578,"min":0.0601350329816,"var":0.020233636722},"silence_rate_20dB":{"dmean":0.000557931954972,"dmean2":0.001115967636,"dvar":0.000557620660402,"dvar2":0.00148671143688,"max":1,"mean":0.999628067017,"median":1,"min":0,"var":0.000371781701688},"silence_rate_30dB":{"dmean":0.0924307256937,"dmean2":0.184878632426,"dvar":0.0838872864842,"dvar2":0.178225725889,"max":1,"mean":0.880520701408,"median":1,"min":0,"var":0.10520400852},"silence_rate_60dB":{"dmean":0.00111586390994,"dmean2":0.00223193527199,"dvar":0.00111461873166,"dvar2":0.00278493762016,"max":1,"mean":0.0629474669695,"median":0,"min":0,"var":0.0589850842953},"spectral_centroid":{"dmean":194.024124146,"dmean2":293.76953125,"dvar":68197.4453125,"dvar2":114724.914062,"max":11092.1074219,"mean":1362.9152832,"median":1284.9798584,"min":82.7590866089,"var":492313.4375},"spectral_complexity":{"dmean":3.74986052513,"dmean2":5.86348009109,"dvar":15.2409448624,"dvar2":32.4606704712,"max":61,"mean":26.098279953,"median":27,"min":0,"var":161.427902222},"spectral_contrast_coeffs":{"dmean":[0.0513498559594,0.0457992181182,0.0391310192645,0.0285224486142,0.0215710140765,0.0402321070433],"dmean2":[0.0867169722915,0.0773834139109,0.0657141506672,0.0482064597309,0.035288322717,0.0622061602771],"dvar":[0.00167520227842,0.00130175461527,0.000945415580645,0.000522823771462,0.00036975266994,0.00122600758914],"dvar2":[0.00472270464525,0.0035975354258,0.00264076446183,0.00141667574644,0.000907858659048,0.00301277195103],"max":[-0.418397277594,-0.514700353146,-0.531062602997,-0.597301781178,-0.62480789423,-0.500253915787],"mean":[-0.72152775526,-0.78732663393,-0.795132160187,-0.810623347759,-0.821231663227,-0.709136366844],"median":[-0.727304935455,-0.789951205254,-0.793249249458,-0.804825544357,-0.819118738174,-0.698632359505],"min":[-0.978909313679,-0.963359832764,-0.972058773041,-0.989048719406,-0.975054681301,-0.963927447796],"var":[0.0051780748181,0.0038990706671,0.00322163873352,0.00210658134893,0.00214972137474,0.00665864814073]},"spectral_contrast_valleys":{"dmean":[0.398859888315,0.382247835398,0.318126350641,0.268458276987,0.282761693001,0.541398584843],"dmean2":[0.6506716609,0.625475585461,0.510836899281,0.429435104132,0.428146421909,0.841325461864],"dvar":[0.120847381651,0.131294518709,0.1120480299,0.106049217284,0.130876302719,0.232092142105],"dvar2":[0.277627140284,0.287166535854,0.225525766611,0.213534265757,0.266244679689,0.573161900043],"max":[-4.97045469284,-4.70529842377,-4.76224422455,-5.53209733963,-5.17333507538,-8.85228729248],"mean":[-6.69480752945,-6.58923053741,-6.39219617844,-7.07532453537,-7.4297914505,-10.9935379028],"median":[-6.53308296204,-6.30057573318,-5.92518568039,-6.5191526413,-7.04621267319,-10.8164625168],"min":[-27.630273819,-27.4616775513,-27.4817886353,-27.4161052704,-27.2963600159,-27.313993454],"var":[1.13464844227,1.60110485554,2.0652422905,2.15459942818,1.8823839426,1.10209572315]},"spectral_decrease":{"dmean":6.11539574535e-9,"dmean2":1.00453938501e-8,"dvar":8.87929550832e-17,"dvar2":2.31753799492e-16,"max":1.47876688672e-8,"mean":-8.91094131816e-9,"median":-6.37761310429e-9,"min":-1.38163017027e-7,"var":1.01333932994e-16},"spectral_energy":{"dmean":0.0230234004557,"dmean2":0.0382059924304,"dvar":0.00115730671678,"dvar2":0.0030579129234,"max":0.554079592228,"mean":0.0642697438598,"median":0.057124402374,"min":1.03957676395e-20,"var":0.00187663862016},"spectral_energyband_high":{"dmean":0.000439002847997,"dmean2":0.000625429791398,"dvar":0.00000131146714466,"dvar2":0.00000221085406338,"max":0.0397450365126,"mean":0.00137969828211,"median":0.000956518633757,"min":7.50414131961e-21,"var":0.00000449706067229},"spectral_energyband_low":{"dmean":0.0192811917514,"dmean2":0.032388702035,"dvar":0.00105399475433,"dvar2":0.00282554863952,"max":0.512900471687,"mean":0.0267313271761,"median":0.0166424289346,"min":1.96977526737e-23,"var":0.00112674233969},"spectral_energyband_middle_high":{"dmean":0.00369112147018,"dmean2":0.00602957466617,"dvar":0.000016981661247,"dvar2":0.0000432976157754,"max":0.072734259069,"mean":0.0126225976273,"median":0.0125380177051,"min":1.34404611467e-21,"var":0.0000750500257709},"spectral_energyband_middle_low":{"dmean":0.00357704493217,"dmean2":0.00583293382078,"dvar":0.0000272133565886,"dvar2":0.0000691479508532,"max":0.0937304496765,"mean":0.0090386364609,"median":0.00712457485497,"min":2.33177236651e-22,"var":0.0000653575916658},"spectral_entropy":{"dmean":0.135797008872,"dmean2":0.208236113191,"dvar":0.0278574638069,"dvar2":0.0651235207915,"max":9.81026554108,"mean":7.60507917404,"median":7.68696594238,"min":5.11939287186,"var":0.136886939406},"spectral_flux":{"dmean":0.0326957479119,"dmean2":0.0543296337128,"dvar":0.00160468998365,"dvar2":0.003718795022,"max":0.602665901184,"mean":0.142823547125,"median":0.139500901103,"min":6.56239992902e-11,"var":0.00436094403267},"spectral_kurtosis":{"dmean":3.827429533,"dmean2":5.94462871552,"dvar":31.5685253143,"dvar2":78.0078201294,"max":127.331764221,"mean":18.2578926086,"median":17.0284347534,"min":-1.20757031441,"var":78.4534835815},"spectral_rms":{"dmean":0.00126998464111,"dmean2":0.00206195865758,"dvar":0.00000214543729271,"dvar2":0.00000545953389519,"max":0.0232500638813,"mean":0.00743101071566,"median":0.00746532808989,"min":3.18468407028e-12,"var":0.00000748227103031},"spectral_rolloff":{"dmean":4043.80102539,"dmean2":7775.76123047,"dvar":55317356,"dvar2":128628456,"max":22050,"mean":17355.2929688,"median":21124.0722656,"min":43.06640625,"var":63837972},"spectral_skewness":{"dmean":0.33821028471,"dmean2":0.517958283424,"dvar":0.17224021256,"dvar2":0.408951163292,"max":9.53577518463,"mean":2.8252696991,"median":2.70864033699,"min":-0.0278144553304,"var":0.66885560751},"spectral_spread":{"dmean":404100.3125,"dmean2":627134.6875,"dvar":368489988096,"dvar2":701435150336,"max":41342776,"mean":4056270,"median":3855383.5,"min":1574881.25,"var":1538375286780},"spectral_strongpeak":{"dmean":10.7919063568,"dmean2":20.3919353485,"dvar":656.330688477,"dvar2":1809.44494629,"max":263.082885742,"mean":7.81938171387,"median":0.334614962339,"min":0,"var":502.898864746},"zerocrossingrate":{"dmean":0.0506251938641,"dmean2":0.0654669702053,"dvar":0.00200451025739,"dvar2":0.00350093632005,"max":0.95361328125,"mean":0.33992382884,"median":0.333984375,"min":0.0224609375,"var":0.0144598055631}},"metadata":{"audio_properties":{"analysis_sample_rate":44100,"bit_rate":210890,"codec":"mp3","downmix":"mix","equal_loudness":0,"length":249.705551147,"lossless":false,"md5_encoded":"6a8c3d842c63832471f70dd340673bf9","replay_gain":1.49698066711,"sample_rate":44100},"tags":{"acoustid_id":["744f93ba-c1f2-42c9-b686-b029e68d0071"],"album":["In Utero"],"albumartist":["Nirvana"],"artist":["Nirvana"],"date":["1993"],"discnumber":["1/1"],"file_name":"05 - Nirvana - Frances Farmer Will Have Her Revenge on Seattle.mp3","musicbrainz_albumartistid":["5b11f4ce-a62d-471e-81fc-a69a8278c7da"],"musicbrainz_albumid":["6ddad044-c72c-3eb9-8ae7-45f783a92e0f"],"musicbrainz_artistid":["5b11f4ce-a62d-471e-81fc-a69a8278c7da"],"musicbrainz_recordingid":["4fd82e6a-1984-44bf-9029-e0ddb11305c1"],"musicbrainz_releasegroupid":["2a0981fb-9593-3019-864b-ce934d97a16e"],"replaygain_album_gain":["+0.63 dB"],"replaygain_album_peak":["0.452049"],"replaygain_track_gain":["-0.23 dB"],"replaygain_track_peak":["0.438211"],"title":["Frances Farmer Will Have Her Revenge on Seattle"],"tracknumber":["5/12"]},"version":{"essentia":"2.1-beta1","essentia_build_sha":"e76a03f03bb3900de42a1fa0d9be1e72f12def64","essentia_git_sha":"v2.1_beta1-28-g21ef5f4-dirty","extractor":"music 1.0"}},"rhythm":{"beats_count":490,"beats_loudness":{"dmean":0.0387912765145,"dmean2":0.071183539927,"dvar":0.001404890907,"dvar2":0.00449522677809,"max":0.294395416975,"mean":0.0784552916884,"median":0.0727640986443,"min":1.17693900847e-7,"var":0.00176609901246},"beats_loudness_band_ratio":{"dmean":[0.205050364137,0.0578788630664,0.0489767678082,0.0864563509822,0.0284941196442,0.0899120792747],"dmean2":[0.360753029585,0.103021174669,0.0867179557681,0.152250662446,0.0534347072244,0.162655770779],"dvar":[0.0214541722089,0.00467453431338,0.00401245057583,0.00541163934395,0.000451923435321,0.0058385678567],"dvar2":[0.0672338455915,0.0132284667343,0.0113191874698,0.0167105961591,0.0015091947279