{"lowlevel":{"average_loudness":0.873262703419,"barkbands":{"dmean":[0.00528081692755,0.0295537021011,0.0029482380487,0.000885182118509,0.000723706325516,0.000834202510305,0.000576471094973,0.000487470300868,0.000523046706803,0.000628692738246,0.000435741385445,0.000764831202105,0.000679067452438,0.000499390182085,0.000561991706491,0.000434612302342,0.000322334293742,0.000227739161346,0.00017709498934,0.000158994356752,0.0000625434695394,0.0000171944011527,0.0000105308417915,0.00000625420307188,0.00000323549284076,0.00000502701868754,0.000286667520413],"dmean2":[0.00883418973535,0.0474032275379,0.00507933925837,0.00153953966219,0.00120118795894,0.00135930173565,0.000965678249486,0.000831683399156,0.000863743829541,0.000994992093183,0.000707010738552,0.00125528441276,0.00114025676157,0.000829483324196,0.000940955476835,0.000734386325348,0.000528232892975,0.000359088240657,0.000281950662611,0.000274561840342,0.00010434541764,0.0000261457516899,0.0000158092989295,0.00000933833962335,0.00000533529782842,0.00000758288661018,0.000458663096651],"dvar":[0.00013437808957,0.00414959201589,0.0000453384454886,0.00000243483214035,0.00000245565593104,0.00000541656527275,0.00000213022553908,0.00000184739917586,0.00000155989209816,0.00000360312901648,0.00000131369290557,0.00000222353901336,0.00000120949493976,0.0000010140008726,0.00000124628456888,0.00000112024190457,4.8800541208e-7,2.61485524788e-7,1.60753131695e-7,2.8395965046e-7,3.39833370333e-8,1.45778444871e-9,3.90235038727e-10,1.53158152827e-10,4.71594707729e-11,9.06251115818e-11,7.18229557606e-7],"dvar2":[0.000342330546118,0.0103121967986,0.000121856028272,0.00000663868331685,0.00000626226710665,0.0000138289560709,0.00000503398769069,0.0000044344469643,0.00000417539968112,0.00000874890611158,0.00000329851013703,0.00000564033416595,0.00000338833524438,0.00000268294024863,0.0000033236976833,0.00000300448232338,0.00000122814469705,6.31354851066e-7,3.98476743158e-7,7.94915763436e-7,9.25206364855e-8,3.25693250147e-9,8.31854030103e-10,3.09570508117e-10,1.17281698242e-10,1.83492290806e-10,0.00000189064394363],"max":[0.11944077909,0.657509207726,0.0968941748142,0.0287080723792,0.0352292656898,0.0706033483148,0.0669541731477,0.0799254402518,0.0247541181743,0.0515641383827,0.0316087044775,0.0303566642106,0.0183610077947,0.0192870981991,0.0158920865506,0.019084520638,0.00988845527172,0.0068243900314,0.00531512312591,0.00665075657889,0.00271892477758,0.00149275665171,0.000584143679589,0.000317790982081,0.000131145046907,0.000251796125667,0.0149098681286],"mean":[0.00479391543195,0.0294566843659,0.00297457282431,0.00100200751331,0.00100932200439,0.00124189991038,0.000852773606312,0.000651775975712,0.000806599506177,0.000938185898121,0.000691160152201,0.00135107908864,0.00108078669291,0.000750986102503,0.000793871062342,0.000536245119292,0.000415774149587,0.000293387565762,0.000224144678214,0.000157681133715,0.0000767098536016,0.000028654550988,0.0000189007732843,0.0000105864883153,0.00000346875003743,0.0000081794541984,0.000518715882208],"median":[0.000914881762583,0.00588207319379,0.00109967123717,0.00046096672304,0.000443189783255,0.000440315867309,0.000322322041029,0.000230459088925,0.000220857808017,0.00018851889763,0.000202117691515,0.00050187431043,0.000544652808458,0.000284525536699,0.000192659019376,0.000111706285679,0.000110563356429,0.0000692277972121,0.0000566803282709,0.0000333570969815,0.0000191091003217,0.00000817106229078,0.00000552082155991,0.00000275506567959,0.00000128328724713,0.00000319211267197,0.000259176129475],"min":[1.20998986213e-24,7.36198949326e-23,1.96444240988e-23,6.53210040567e-24,1.75906641751e-22,5.56765342022e-23,1.12879356484e-22,3.72580204604e-23,3.14278745207e-23,8.34723700529e-23,8.41064248941e-23,1.18393380615e-22,9.52744865015e-23,1.10934391523e-22,1.19365724256e-22,9.85200054159e-23,2.15961641126e-22,2.20582901905e-22,4.27927177964e-22,3.58434817858e-22,3.1228388006e-22,7.80431326914e-22,6.29021883362e-22,8.18939704531e-22,1.6950273708e-21,1.40941186134e-21,2.47115139096e-21],"var":[0.0001191597039,0.00415950408205,0.0000394102826249,0.00000250471816798,0.00000342350290339,0.00000763969910622,0.00000373724628844,0.00000239319706452,0.00000308970561491,0.00000644113924864,0.00000267880864158,0.00000528464215677,0.00000214913757191,0.00000162331514275,0.00000197813164959,0.0000012339528439,6.39214135845e-7,3.47139803125e-7,1.96865059365e-7,2.04403519888e-7,3.24617239755e-8,3.76924536027e-9,1.5141461418e-9,5.43875944281e-10,4.89943259574e-11,2.45328979354e-10,7.20282173461e-7]},"barkbands_crest":{"dmean":4.13506698608,"dmean2":6.72059059143,"dvar":12.8853464127,"dvar2":30.8392028809,"max":25.773557663,"mean":12.1867523193,"median":11.4192409515,"min":2.24025034904,"var":30.9126434326},"barkbands_flatness_db":{"dmean":0.0379310660064,"dmean2":0.0594569034874,"dvar":0.00118739902973,"dvar2":0.00290771131404,"max":0.413424015045,"mean":0.148288458586,"median":0.142031356692,"min":0.0231267344207,"var":0.00358141330071},"barkbands_kurtosis":{"dmean":9.6056060791,"dmean2":15.7267665863,"dvar":353.642791748,"dvar2":859.948547363,"max":333.307067871,"mean":11.2779426575,"median":4.23803186417,"min":-1.77223289013,"var":455.386199951},"barkbands_skewness":{"dmean":1.11412537098,"dmean2":1.75503647327,"dvar":1.63621079922,"dvar2":3.91587710381,"max":14.9532022476,"mean":2.37018632889,"median":1.83301830292,"min":-2.97171640396,"var":3.62503862381},"barkbands_spread":{"dmean":9.54539108276,"dmean2":15.4866123199,"dvar":105.057746887,"dvar2":264.06427002,"max":120.597457886,"mean":24.8624744415,"median":21.6933174133,"min":0.696516990662,"var":267.72958374},"dissonance":{"dmean":0.0164850093424,"dmean2":0.0283220857382,"dvar":0.000294275436318,"dvar2":0.000800137931947,"max":0.500000178814,"mean":0.475777000189,"median":0.482202678919,"min":0.312459766865,"var":0.000486058852402},"dynamic_complexity":4.21599054337,"erbbands":{"dmean":[1.21421849728,5.47507381439,4.90388250351,2.74983096123,2.53024196625,2.34680390358,4.11753463745,8.22142314911,6.55673694611,13.1022377014,8.521692276,10.3774900436,16.8253993988,16.7526817322,21.5534152985,29.4434604645,31.1739177704,23.1534004211,27.5373382568,28.6668434143,20.1848278046,17.9361286163,12.2658920288,10.1270742416,8.97334861755,7.34308052063,4.06818008423,1.50155031681,0.658838450909,0.420996487141,0.296019583941,0.167756557465,0.0849036425352,0.039472065866,0.021752346307,0.016293944791,0.0100319487974,0.00617255968973,0.0116727761924,0.00993271917105],"dmean2":[1.94358110428,8.90638160706,8.25804519653,4.66583395004,4.30301237106,3.88876247406,6.76529407501,13.4000892639,10.748884201,22.2963199615,14.3819227219,17.1573753357,26.946313858,26.2673549652,34.9308586121,48.3982162476,52.0902633667,38.6895675659,45.7261123657,48.3000221252,33.6106643677,29.1651477814,19.1915340424,16.0037460327,14.5248174667,12.7105197906,6.97133159637,2.40654444695,1.01642942429,0.636113941669,0.445930451155,0.248671069741,0.12957316637,0.0639479383826,0.0359447486699,0.0254071578383,0.0151423122734,0.00947482790798,0.0191598199308,0.0155079299584],"dvar":[6.31607484818,186.468017578,156.414733887,21.8370075226,29.7659225464,32.8516921997,82.8358612061,639.807556152,424.80090332,815.762268066,448.639373779,596.796325684,2163.85107422,3362.72583008,3195.17358398,2735.07788086,2618.07275391,2161.09863281,2806.34594727,3920.98120117,2549.51416016,1473.36901855,761.002990723,581.70501709,494.801422119,641.96270752,163.780212402,15.1961736679,2.27810430527,0.686236143112,0.312223702669,0.110757730901,0.0289106555283,0.00649618590251,0.00228555267677,0.000942761951592,0.000346838671248,0.000192299135961,0.00207701534964,0.000495375192259],"dvar2":[16.0096206665,465.942840576,409.600616455,56.2978134155,80.05809021,83.6829376221,202.459823608,1632.53637695,861.751953125,2101.19384766,1162.44958496,1570.25646973,5621.05322266,7890.08496094,7882.72021484,6916.28320312,7295.19824219,5788.11279297,7417.99951172,10573.3144531,6779.67480469,3694.36767578,1820.36279297,1440.65991211,1279.71020508,1804.36584473,455.5184021,37.8633346558,5.11643505096,1.57783257961,0.651398479939,0.220903858542,0.0611839219928,0.015871360898,0.00568869430572,0.00215649651363,0.000704675272573,0.000456259847851,0.00569197768345,0.00128973135725],"max":[22.4701557159,160.561416626,158.084243774,90.3499526978,175.659729004,136.797775269,238.438674927,797.977172852,1170.20996094,1074.53820801,812.617248535,656.937744141,1376.46679688,2208.83520508,1545.15490723,1141.47229004,935.687072754,945.187255859,738.16418457,790.17779541,879.26739502,625.739929199,402.773284912,455.313323975,337.611114502,302.3387146,167.455886841,129.278015137,59.9635276794,15.7995090485,17.180311203,8.73845005035,3.98126173019,1.48048186302,0.925437510014,0.568274736404,0.460076600313,0.283834278584,0.682953774929,0.380717724562],"mean":[1.15665745735,5.29030847549,4.95427846909,3.3495965004,3.07957816124,3.0741546154,6.18087625504,11.4450969696,10.3171653748,18.3230991364,13.1906194687,16.8768291473,25.9619941711,27.7326831818,37.6107215881,54.5146408081,53.3089981079,37.6784324646,43.1280174255,38.270160675,26.411781311,23.4022865295,16.1764678955,13.2631521225,10.8241186142,7.265417099,4.504986763,2.05968618393,1.0856192112,0.739231705666,0.521177828312,0.302156090736,0.127627432346,0.0464491546154,0.022413495928,0.0225875396281,0.0167803093791,0.010408074595,0.017296994105,0.0244651474059],"median":[0.194808676839,1.05512988567,1.5753929615,1.72447752953,1.41037559509,1.25997149944,2.42210745811,3.71395015717,4.38234376907,5.94419527054,4.78341150284,5.0054936409,6.48032140732,6.7850394249,12.0151395798,22.9579582214,26.2547245026,17.841091156,12.2791900635,9.06801986694,6.48722362518,6.36680173874,3.81790733337,3.219622612,2.81461834908,1.53463184834,1.02106595039,0.540935099125,0.303568869829,0.212298795581,0.148613721132,0.0797650441527,0.0355187430978,0.0171378273517,0.00805773306638,0.00880549475551,0.00653284415603,0.00450969627127,0.00752702727914,0.014290840365],"min":[1.46889131726e-21,1.84619781853e-20,3.21970876901e-20,1.7903540799e-20,1.84237033105e-19,7.81675287406e-19,4.75017617444e-19,5.70001784907e-19,1.32990355894e-18,1.47852351319e-18,8.00881180459e-19,6.97073012113e-19,9.79844549418e-19,4.10937827565e-18,3.75791833237e-18,5.04805539015e-18,4.73289544087e-18,5.31368004205e-18,5.11699220881e-18,6.03828529556e-18,6.34785102236e-18,1.15832268389e-17,1.25816958768e-17,1.87239958257e-17,2.13566834136e-17,1.6346591064e-17,1.30292742073e-17,1.43963456795e-17,3.11687081115e-17,2.11756929868e-17,1.72936036776e-17,1.54051701914e-17,1.49880081193e-17,1.51983204444e-17,1.46288562235e-17,5.24515681369e-18,2.69309203855e-18,1.23455765506e-18,3.47422397169e-19,3.52811272065e-20],"var":[6.09857940674,175.266723633,135.63772583,24.7473125458,30.3272209167,42.3998756409,144.467895508,835.651855469,770.60559082,1298.68225098,807.249572754,1315.75476074,3888.6105957,7107.20410156,7167.76464844,6795.09277344,5181.6328125,3227.49462891,5080.48486328,4959.328125,2859.33422852,1957.79321289,1027.11999512,718.986633301,511.973937988,452.799499512,131.238555908,21.9955387115,5.75220155716,2.13586306572,1.17464327812,0.447059929371,0.0779525414109,0.0081378435716,0.00224293535575,0.00172096048482,0.00101228023414,0.000344269355992,0.00157091394067,0.000804742157925]},"erbbands_crest":{"dmean":2.51613759995,"dmean2":4.21182346344,"dvar":5.24531650543,"dvar2":13.9857912064,"max":32.157913208,"mean":8.58126354218,"median":7.50665473938,"min":2.23463273048,"var":15.871594429},"erbbands_flatness_db":{"dmean":0.0231318101287,"dmean2":0.0363317094743,"dvar":0.000404487451306,"dvar2":0.000968293170445,"max":0.347237169743,"mean":0.152855068445,"median":0.146487161517,"min":0.0313224047422,"var":0.0021675080061},"erbbands_kurtosis":{"dmean":1.36062729359,"dmean2":2.25374722481,"dvar":3.16143584251,"dvar2":7.80420923233,"max":34.0497283936,"mean":1.46243453026,"median":0.496711969376,"min":-1.72517085075,"var":9.55444526672},"erbbands_skewness":{"dmean":0.434770286083,"dmean2":0.693447172642,"dvar":0.145368412137,"dvar2":0.350399434566,"max":3.54064679146,"mean":-0.327535063028,"median":-0.335262060165,"min":-4.45454549789,"var":0.50242048502},"erbbands_spread":{"dmean":7.29828214645,"dmean2":11.9962377548,"dvar":57.733631134,"dvar2":150.760391235,"max":86.5000457764,"mean":26.8777751923,"median":25.6786212921,"min":1.51721644402,"var":174.593170166},"gfcc":{"cov":[[9283.328125,683.019287109,-712.076049805,110.502944946,86.0882568359,-178.724105835,65.6890487671,-159.015579224,162.465301514,-49.6366386414,-21.7635593414,-69.3978347778,80.5314483643],[683.019287109,1025.98278809,87.0929794312,-246.422454834,188.087966919,-101.586105347,113.841453552,-120.857200623,21.3781223297,36.4032363892,46.5364532471,-71.0377655029,145.304244995],[-712.076049805,87.0929794312,465.001708984,119.76700592,-21.4237537384,97.4605865479,-91.5652999878,95.9003295898,-41.1925888062,64.2163314819,15.4265146255,20.3642101288,5.31130743027],[110.502944946,-246.422454834,119.76700592,606.992614746,190.802734375,3.65970253944,11.8979892731,141.144851685,73.4814910889,60.2941093445,-23.3092021942,52.1816177368,-28.6182060242],[86.0882568359,188.087966919,-21.4237537384,190.802734375,373.958496094,-7.27565002441,137.337722778,26.3372898102,33.943977356,20.7134189606,24.2204589844,9.27498340607,62.5190734863],[-178.724105835,-101.586105347,97.4605865479,3.65970253944,-7.27565002441,187.443862915,-0.0216372627765,56.1439247131,-44.4918518066,-4.86187076569,9.88280773163,21.9905662537,2.57616996765],[65.6890487671,113.841453552,-91.5652999878,11.8979892731,137.337722778,-0.0216372627765,186.122131348,-16.6769237518,14.0593299866,-28.2088394165,22.368429184,12.7801046371,31.2309646606],[-159.015579224,-120.857200623,95.9003295898,141.144851685,26.3372898102,56.1439247131,-16.6769237518,159.95111084,47.188911438,47.4345397949,-7.79046964645,14.3033704758,-13.044090271],[162.465301514,21.3781223297,-41.1925888062,73.4814910889,33.943977356,-44.4918518066,14.0593299866,47.188911438,127.803939819,57.0518684387,4.24041032791,-5.33514451981,-19.2117328644],[-49.6366386414,36.4032363892,64.2163314819,60.2941093445,20.7134189606,-4.86187076569,-28.2088394165,47.4345397949,57.0518684387,102.03553772,21.1020469666,-3.4892551899,4.85333442688],[-21.7635593414,46.5364532471,15.4265146255,-23.3092021942,24.2204589844,9.88280773163,22.368429184,-7.79046964645,4.24041032791,21.1020469666,74.0279464722,28.6623191833,3.95172929764],[-69.3978347778,-71.0377655029,20.3642101288,52.1816177368,9.27498340607,21.9905662537,12.7801046371,14.3033704758,-5.33514451981,-3.4892551899,28.6623191833,59.8420753479,11.9175310135],[80.5314483643,145.304244995,5.31130743027,-28.6182060242,62.5190734863,2.57616996765,31.2309646606,-13.044090271,-19.2117328644,4.85333442688,3.95172929764,11.9175310135,92.9317245483]],"icov":[[0.000172349740751,-0.000374265800929,0.000562958070077,-0.000388125918107,0.000265100592515,-0.000274996447843,0.000315437209792,-0.0000851659933687,-1.99738096285e-7,0.000186702149222,-0.000162954776897,0.00000595450137553,-0.00000817135605757],[-0.000374265800929,0.00400592619553,-0.00354058248922,0.00206557265483,-0.00171054387465,0.00190707051661,-0.00189709104598,0.00216748309322,-0.00256489566527,0.000435651745647,-0.00166984263342,0.00459595443681,-0.00413243565708],[0.000562958070077,-0.00354058248922,0.00708698062226,-0.00282979873009,0.00192479859106,-0.00271926750429,0.00311201112345,-0.00313388532959,0.00430553033948,-0.00202854792587,-0.000218668210437,-0.00282325455919,0.00243374449201],[-0.000388125918107,0.00206557265483,-0.00282979873009,0.00527241546661,-0.00365214282647,0.00203557033092,-0.000940975092817,-0.000389646418625,-0.00100721349008,-0.00201140530407,0.00410808762535,-0.00405286299065,0.00179598771501],[0.000265100592515,-0.00171054387465,0.00192479859106,-0.00365214282647,0.00687628425658,-0.00101668364368,-0.00233626901172,-0.00100392417517,0.000649214198347,0.000588158553001,-0.0031319570262,0.00302190310322,-0.0028942830395],[-0.000274996447843,0.00190707051661,-0.00271926750429,0.00203557033092,-0.00101668364368,0.00908337067813,-0.00212804717012,-0.00303930533119,0.00281716207974,-0.000280781969195,-0.000570804055315,-0.000279750791378,-0.000583327549975],[0.000315437209792,-0.00189709104598,0.00311201112345,-0.000940975092817,-0.00233626901172,-0.00212804717012,0.0109303109348,-0.000715888454579,-0.00163588032592,0.0045279036276,-0.00247776811011,-0.00180794531479,-0.000155271118274],[-0.0000851659933687,0.00216748309322,-0.00313388532959,-0.000389646418625,-0.00100392417517,-0.00303930533119,-0.000715888454579,0.0134849743918,-0.00617817556486,-0.00192306167446,0.00223916536197,0.000690489192493,-0.00172361312434],[-1.99738096285e-7,-0.00256489566527,0.00430553033948,-0.00100721349008,0.000649214198347,0.00281716207974,-0.00163588032592,-0.00617817556486,0.0190579071641,-0.0105902636424,0.00304629327729,-0.00483374483883,0.00760527234524],[0.000186702149222,0.000435651745647,-0.00202854792587,-0.00201140530407,0.000588158553001,-0.000280781969195,0.0045279036276,-0.00192306167446,-0.0105902636424,0.023284515366,-0.0117468126118,0.0102654593065,-0.00774819077924],[-0.000162954776897,-0.00166984263342,-0.000218668210437,0.00410808762535,-0.0031319570262,-0.000570804055315,-0.00247776811011,0.00223916536197,0.00304629327729,-0.0117468126118,0.0287749096751,-0.0211840402335,0.0100357634947],[0.00000595450137553,0.00459595443681,-0.00282325455919,-0.00405286299065,0.00302190310322,-0.000279750791378,-0.00180794531479,0.000690489192493,-0.00483374483883,0.0102654593065,-0.0211840402335,0.0398945100605,-0.0153492661193],[-0.00000817135605757,-0.00413243565708,0.00243374449201,0.00179598771501,-0.0028942830395,-0.000583327549975,-0.000155271118274,-0.00172361312434,0.00760527234524,-0.00774819077924,0.0100357634947,-0.0153492661193,0.0229349974543]],"mean":[-22.0207557678,94.8605041504,-100.143585205,-0.272987157106,-1.30560469627,-4.40102529526,1.39353108406,-11.3156099319,1.04917609692,-2.95014572144,5.64385557175,-5.21592569351,-5.32842636108]},"hfc":{"dmean":53.8239517212,"dmean2":81.3691635132,"dvar":5514.45361328,"dvar2":12237.4804688,"max":1151.85900879,"mean":160.863937378,"median":122.479652405,"min":1.20199613278e-16,"var":18941.0605469},"melbands":{"dmean":[0.00943792145699,0.00411421433091,0.000464955577627,0.000158533948706,0.000136409784318,0.000175641223905,0.000103300539195,0.000139052877785,0.0000734226050554,0.0000674073380651,0.0000873128010426,0.0000726805010345,0.0000667158747092,0.000082858321548,0.0000830480130389,0.0000639468053123,0.0000443754579464,0.0000463115648017,0.0000439097857452,0.0000351842500095,0.0000225757976295,0.0000204346906685,0.0000131204333229,0.0000112974330477,0.00000813062160887,0.00000711804523235,0.00000630519616607,0.00000464687309432,0.00000300122951558,0.00000139921564823,7.28883890133e-7,4.00244687171e-7,2.9635381793e-7,2.22235996716e-7,1.87115219319e-7,1.34719655875e-7,9.81161321079e-8,6.45606235139e-8,4.55674431521e-8,2.97495947876e-8],"dmean2":[0.0150553863496,0.00669924262911,0.000785748241469,0.000265603215666,0.000223910232307,0.000285346759483,0.000170432802406,0.000237318541622,0.000123254139908,0.000111231580377,0.000140018280945,0.0001143393456,0.000108102678496,0.000135993861477,0.000136799571919,0.000108338797872,0.0000745607903809,0.000077074917499,0.0000739668757888,0.0000597870966885,0.0000378177028324,0.0000337193996529,0.0000211857350223,0.0000179223679879,0.0000130775397338,0.0000114580743684,0.0000106894049168,0.00000819116667117,0.00000518066008226,0.00000234249819187,0.00000116087267088,6.31196371614e-7,4.6164271339e-7,3.41696278383e-7,2.89753813831e-7,2.02998094778e-7,1.48257683463e-7,9.94641453644e-8,7.19179524822e-8,4.91374159139e-8],"dvar":[0.000387013540603,0.000111809305963,6.38615517801e-7,1.18333836951e-7,9.15986149153e-8,2.71114174666e-7,8.84940476453e-8,1.02639674537e-7,3.54273197445e-8,2.42470736822e-8,5.831904204e-8,6.55891270185e-8,2.88019297301e-8,3.1267422429e-8,2.03167065393e-8,1.19324781167e-8,8.76951755657e-9,8.38187297347e-9,8.12362266345e-9,6.80978162748e-9,3.29245630759e-9,1.97695193549e-9,8.8363860673e-10,6.52285503389e-10,3.95311922086e-10,2.49505166527e-10,3.88548249131e-10,2.81395712287e-10,9.16538650531e-11,1.79158927277e-11,3.31465215518e-12,9.84714263255e-13,3.80708756621e-13,2.06567361415e-13,1.37527169557e-13,6.88261161388e-14,4.43055355316e-14,1.87086318524e-14,7.56006297468e-15,4.10880097307e-15],"dvar2":[0.00095839361893,0.000281976856058,0.00000165434005339,3.08027324536e-7,2.22460613486e-7,6.88596628606e-7,1.86353190657e-7,2.55441420904e-7,9.63586614944e-8,6.30760226272e-8,1.50910523189e-7,1.53792129254e-7,7.14435159921e-8,8.16697038886e-8,5.28914547715e-8,3.36718528615e-8,2.35781278946e-8,2.22505818215e-8,2.2120643095e-8,1.83144006627e-8,8.79814709975e-9,5.05521047245e-9,2.19101581322e-9,1.58640278691e-9,9.98105931238e-10,6.24444662645e-10,1.06593400773e-9,7.97069021896e-10,2.56073995342e-10,4.90036830558e-11,7.91124110666e-12,2.25482002861e-12,9.17230159013e-13,5.00119748132e-13,3.0735892889e-13,1.43750381607e-13,9.38114806648e-14,4.05799153232e-14,1.72195885887e-14,1.02154180907e-14],"max":[0.180603772402,0.134911626577,0.0141706028953,0.00922643858939,0.00871400348842,0.0160002652556,0.0160062499344,0.0153991580009,0.00512229651213,0.00352394022048,0.00675861816853,0.00948997307569,0.00372732081451,0.00341876549646,0.0032004667446,0.00218095467426,0.00216293171979,0.00130124355201,0.00153454800602,0.00113146193326,0.0010018175235,0.000694605754688,0.000436095782788,0.000343419204,0.000396660965635,0.00018717040075,0.000341321487213,0.000232935810345,0.000145030702697,0.0000918576624827,0.0000784091171226,0.000046989407565,0.000011728604477,0.00000825808456284,0.0000110991259135,0.00000720007756172,0.00000588582497585,0.00000338117433785,0.00000166752522546,0.00000120822994631],"mean":[0.00938206911087,0.00419265823439,0.000587987189647,0.000205376301892,0.000205062126042,0.000251630001003,0.000165002187714,0.000193141284399,0.000110584005597,0.000106972067442,0.000131357213832,0.000112549045298,0.00011043647828,0.000141123819049,0.000145111349411,0.000097615949926,0.0000662761231069,0.0000699617739883,0.0000593168915657,0.0000430648324254,0.0000283192312054,0.0000261156455963,0.0000158129823831,0.0000143524212035,0.0000102071890069,0.00000865762285684,0.00000661322974338,0.0000043505128815,0.00000320585377267,0.00000167600762779,0.00000102071510355,6.23564801572e-7,4.81724896417e-7,3.77239132376e-7,3.17102603731e-7,2.27792511964e-7,1.68106737419e-7,9.44347249288e-8,5.88328745721e-8,3.14112007516e-8],"median":[0.00177128077485,0.00114495248999,0.000315932149533,0.0000906899949769,0.0000817479740363,0.0000856518599903,0.0000685049744789,0.000062318147684,0.0000355282390956,0.0000308340531774,0.0000307094160235,0.0000245231058216,0.0000327662928612,0.0000489640369778,0.0000664364561089,0.0000483069561596,0.0000271012268058,0.0000193403975572,0.0000139301528179,0.00000892089246918,0.00000676459012539,0.00000701882117937,0.00000359034197572,0.00000329785984832,0.0000023426973712,0.00000232931438404,0.0000014839187088,8.42210283736e-7,6.89561034051e-7,4.26491538974e-7,2.62518398131e-7,1.68617745544e-7,1.34718632694e-7,1.0651567095e-7,8.79094770312e-8,6.47056381808e-8,3.86695688803e-8,2.4339380289e-8,1.92832825263e-8,1.14846576693e-8],"min":[1.73770564192e-23,2.02950891952e-23,5.31664797759e-24,3.63268080272e-23,2.32148653538e-23,1.3551131516e-23,2.02606349063e-23,1.43461518471e-23,5.57250830689e-24,4.57628545197e-24,4.8897748314e-24,1.65403826545e-23,1.15059630764e-23,1.23927176757e-23,1.15394675768e-23,1.12920871078e-23,9.9427444737e-24,7.46896266076e-24,1.14263015356e-23,5.7483848457e-24,8.0412631037e-24,1.11740561614e-23,1.26983673554e-23,1.14036927821e-23,1.54742387188e-23,1.50351066742e-23,1.3389440274e-23,1.07909450739e-23,9.55510059146e-24,6.58689744516e-24,7.97987079261e-24,1.74141139491e-23,1.61619424125e-23,1.06223363106e-23,1.04501256084e-23,1.01566346418e-23,8.51673165938e-24,9.18576538196e-24,1.28303666618e-23,1.21666443397e-23],"var":[0.0003930873645,0.000103425940324,7.28974896447e-7,1.36612996471e-7,1.62590055197e-7,3.68598222167e-7,1.66091666642e-7,1.54309091727e-7,6.5437419039e-8,5.09509234803e-8,1.02721287476e-7,1.31608373977e-7,6.26556087013e-8,6.84035583731e-8,4.35125144804e-8,1.85591577662e-8,1.23193562018e-8,1.44549137104e-8,1.16369625047e-8,7.67218910624e-9,3.55350504577e-9,2.55758414447e-9,1.04947894819e-9,8.69609106946e-10,4.55439325142e-10,2.94529289846e-10,3.06363823199e-10,1.89935567274e-10,7.17744891299e-11,1.62800016523e-11,5.8235109443e-12,2.22373855441e-12,9.44630766837e-13,5.94975783051e-13,4.54310525831e-13,2.33601983243e-13,1.55766485864e-13,4.86389527016e-14,1.33086858523e-14,4.28535101488e-15]},"melbands_crest":{"dmean":5.29102468491,"dmean2":8.35101127625,"dvar":20.2663154602,"dvar2":43.0691223145,"max":38.8653106689,"mean":18.4597473145,"median":17.987493515,"min":2.94610786438,"var":62.4816474915},"melbands_flatness_db":{"dmean":0.0480162464082,"dmean2":0.0750540494919,"dvar":0.00177794636693,"dvar2":0.00441882759333,"max":0.581588983536,"mean":0.256890445948,"median":0.250654548407,"min":0.00684619601816,"var":0.00628602923825},"melbands_kurtosis":{"dmean":17.4479465485,"dmean2":28.3113231659,"dvar":1302.5489502,"dvar2":3077.88134766,"max":694.678833008,"mean":20.125453949,"median":6.28717803955,"min":-1.74839138985,"var":1712.08105469},"melbands_skewness":{"dmean":1.47330164909,"dmean2":2.2839987278,"dvar":2.95759963989,"dvar2":6.78778362274,"max":23.1587505341,"mean":3.0663497448,"median":2.45405244827,"min":-2.80288934708,"var":7.70081138611},"melbands_spread":{"dmean":9.02718067169,"dmean2":14.8868923187,"dvar":115.89465332,"dvar2":293.190368652,"max":200.018096924,"mean":19.7134170532,"median":16.8924236298,"min":0.359191536903,"var":222.583969116},"mfcc":{"cov":[[8736.43066406,547.10333252,-794.603088379,314.773712158,-128.417663574,129.459991455,-247.258224487,39.0831222534,-49.6010398865,163.556869507,-77.3262252808,-83.708984375,-91.950881958],[547.10333252,1330.57470703,-123.340415955,-146.751754761,-56.3425598145,41.1496887207,81.1543121338,-148.028411865,17.6418952942,-17.7104873657,-23.2802810669,-80.7482528687,21.6632823944],[-794.603088379,-123.340415955,541.683654785,-57.6878471375,66.2226028442,-52.6981430054,-12.8436021805,-23.3361797333,-19.801574707,-14.0791482925,25.9939022064,40.3886108398,-6.53973436356],[314.773712158,-146.751754761,-57.6878471375,538.113586426,188.359954834,53.6645050049,18.7016162872,44.6754608154,102.17893219,51.3387832642,52.0209312439,39.2001113892,26.1020355225],[-128.417663574,-56.3425598145,66.2226028442,188.359954834,237.546203613,31.9212627411,54.9198074341,20.9764938354,71.6310577393,18.6753387451,50.0212135315,29.9552230835,22.7540416718],[129.459991455,41.1496887207,-52.6981430054,53.6645050049,31.9212627411,115.797615051,70.0447616577,30.5926933289,11.3114557266,-3.55017828941,-9.92348098755,-9.88451194763,8.61600589752],[-247.258224487,81.1543121338,-12.8436021805,18.7016162872,54.9198074341,70.0447616577,176.059005737,56.9156990051,29.8343410492,-40.5925216675,-9.01017284393,-7.76580286026,20.9170589447],[39.0831222534,-148.028411865,-23.3361797333,44.6754608154,20.9764938354,30.5926933289,56.9156990051,130.053314209,22.9665813446,-8.6037530899,3.24882888794,17.9331226349,4.40858459473],[-49.6010398865,17.6418952942,-19.801574707,102.17893219,71.6310577393,11.3114557266,29.8343410492,22.9665813446,114.030021667,45.7505989075,22.0016345978,-5.21285438538,11.9885015488],[163.556869507,-17.7104873657,-14.0791482925,51.3387832642,18.6753387451,-3.55017828941,-40.5925216675,-8.6037530899,45.7505989075,91.4091491699,36.4338874817,10.792090416,-1.27477228642],[-77.3262252808,-23.2802810669,25.9939022064,52.0209312439,50.0212135315,-9.92348098755,-9.01017284393,3.24882888794,22.0016345978,36.4338874817,79.83253479,51.9617004395,16.2112960815],[-83.708984375,-80.7482528687,40.3886108398,39.2001113892,29.9552230835,-9.88451194763,-7.76580286026,17.9331226349,-5.21285438538,10.792090416,51.9617004395,89.354888916,30.7597637177],[-91.950881958,21.6632823944,-6.53973436356,26.1020355225,22.7540416718,8.61600589752,20.9170589447,4.40858459473,11.9885015488,-1.27477228642,16.2112960815,30.7597637177,51.5316352844]],"icov":[[0.000171430496266,-0.000137379422085,0.000195191780222,-0.000122143144836,-0.0000824106246,-0.000152217442519,0.000360560748959,-0.000325159606291,0.00033108817297,-0.000371835369151,0.000321650441037,-0.000106485451397,0.000269739277428],[-0.000137379422085,0.00121920963284,0.0000533720485691,0.000344308384228,0.00039998308057,-0.000217030159547,-0.00108637823723,0.00188783695921,-0.000788296340033,0.000555852253456,-0.000940782250836,0.00088274339214,-0.00081998371752],[0.000195191780222,0.0000533720485691,0.00254158047028,0.000412978231907,-0.00127906585112,0.000707247585524,0.0000863130117068,0.000349877343979,0.000525420648046,-0.000107795662188,0.000520206347574,-0.0013802399626,0.00135610171128],[-0.000122143144836,0.000344308384228,0.000412978231907,0.00327067100443,-0.00202496140264,-0.00112950010225,0.000790617603343,0.000122125900816,-0.00195547752082,0.000359650934115,-0.0000965287690633,-0.000855650403537,-0.000210399011848],[-0.0000824106246,0.00039998308057,-0.00127906585112,-0.00202496140264,0.00840366072953,-0.00110718503129,-0.0019580128137,0.00149391801096,-0.00339202885516,0.00192659848835,-0.00403215317056,0.000410147564253,-0.000449976854725],[-0.000152217442519,-0.000217030159547,0.000707247585524,-0.00112950010225,-0.00110718503129,0.0138379987329,-0.00584349688143,-0.00125046342146,0.00346022401936,-0.00380246713758,0.00235141487792,0.00119456811808,-0.00121625442989],[0.000360560748959,-0.00108637823723,0.0000863130117068,0.000790617603343,-0.0019580128137,-0.00584349688143,0.0132769132033,-0.00489727547392,-0.00299830501899,0.00586781976745,-0.00058228650596,0.00132302986458,-0.00218193395995],[-0.000325159606291,0.00188783695921,0.000349877343979,0.000122125900816,0.00149391801096,-0.00125046342146,-0.00489727547392,0.0134611828253,-0.00401613488793,0.00215883366764,0.0000305395333271,-0.00387659738772,0.00228647235781],[0.00033108817297,-0.000788296340033,0.000525420648046,-0.00195547752082,-0.00339202885516,0.00346022401936,-0.00299830501899,-0.00401613488793,0.0193068254739,-0.010926052928,0.000127385166707,0.0060079372488,-0.00392897892743],[-0.000371835369151,0.000555852253456,-0.000107795662188,0.000359650934115,0.00192659848835,-0.00380246713758,0.00586781976745,0.00215883366764,-0.010926052928,0.0231193061918,-0.0099034467712,0.000722210563254,0.00192378961947],[0.000321650441037,-0.000940782250836,0.000520206347574,-0.0000965287690633,-0.00403215317056,0.00235141487792,-0.00058228650596,0.0000305395333271,0.000127385166707,-0.0099034467712,0.0296676978469,-0.0161849521101,0.00275855348445],[-0.000106485451397,0.00088274339214,-0.0013802399626,-0.000855650403537,0.000410147564253,0.00119456811808,0.00132302986458,-0.00387659738772,0.0060079372488,0.000722210563254,-0.0161849521101,0.0282934289426,-0.0140659408644],[0.000269739277428,-0.00081998371752,0.00135610171128,-0.000210399011848,-0.000449976854725,-0.00121625442989,-0.00218193395995,0.00228647235781,-0.00392897892743,0.00192378961947,0.00275855348445,-0.0140659408644,0.0300922822207]],"mean":[-683.910705566,157.198684692,-27.8281135559,24.5912265778,10.4068050385,20.0621623993,10.3525104523,7.76118326187,-0.59072291851,8.31051921844,5.42477416992,10.001206398,6.21116018295]},"pitch_salience":{"dmean":0.109538026154,"dmean2":0.173856973648,"dvar":0.00973929744214,"dvar2":0.022742535919,"max":0.821774363518,"mean":0.481262207031,"median":0.501216769218,"min":0.035704575479,"var":0.0237329602242},"silence_rate_20dB":{"dmean":0.0201550386846,"dmean2":0.0403152853251,"dvar":0.0197487846017,"dvar2":0.051092568785,"max":1,"mean":0.986048340797,"median":1,"min":0,"var":0.0137588977814},"silence_rate_30dB":{"dmean":0.121705427766,"dmean2":0.243442311883,"dvar":0.106897868216,"dvar2":0.200962662697,"max":1,"mean":0.844593703747,"median":1,"min":0,"var":0.13126064837},"silence_rate_60dB":{"dmean":0.0165374670178,"dmean2":0.0330792106688,"dvar":0.0162648726255,"dvar2":0.0363799147308,"max":1,"mean":0.0669164210558,"median":0,"min":0,"var":0.0624379627407},"spectral_centroid":{"dmean":296.0574646,"dmean2":479.768890381,"dvar":124418.3125,"dvar2":291525.4375,"max":11303.7226562,"mean":1315.11242676,"median":1207.28625488,"min":227.792678833,"var":344037.625},"spectral_complexity":{"dmean":4.9899225235,"dmean2":7.13063716888,"dvar":38.6952400208,"dvar2":70.3699493408,"max":62,"mean":19.1298274994,"median":17,"min":0,"var":151.257202148},"spectral_contrast_coeffs":{"dmean":[0.0558798052371,0.0497885756195,0.0376238450408,0.0303232222795,0.0220433268696,0.0389006137848],"dmean2":[0.0939811766148,0.0839216262102,0.0629602074623,0.0507595725358,0.0360256955028,0.0630639865994],"dvar":[0.00185544649139,0.00152299040928,0.000863673456479,0.000586548645515,0.000363836908946,0.00158778880723],"dvar2":[0.00525912502781,0.00426495587453,0.00241690478288,0.001623011427,0.000919061654713,0.00401923200116],"max":[-0.428260684013,-0.439999610186,-0.553556859493,-0.61784940958,-0.640863001347,-0.497703313828],"mean":[-0.725232720375,-0.779582083225,-0.806299269199,-0.797921657562,-0.817387223244,-0.769461989403],"median":[-0.728936553001,-0.782056152821,-0.815059542656,-0.801971018314,-0.817466497421,-0.773093819618],"min":[-0.955419003963,-0.96159106493,-0.959376871586,-0.95468300581,-0.956958830357,-0.960201442242],"var":[0.00460823811591,0.00388591294177,0.00342259509489,0.00224851910025,0.00120675156359,0.00367708667181]},"spectral_contrast_valleys":{"dmean":[0.459280699492,0.3978548944,0.34117642045,0.367906659842,0.403936833143,0.574681818485],"dmean2":[0.716879427433,0.653224170208,0.53300255537,0.553753256798,0.581124782562,0.894355297089],"dvar":[0.172472074628,0.138895407319,0.113048776984,0.17711353302,0.239972710609,0.29342225194],"dvar2":[0.338498413563,0.293482661247,0.215075403452,0.336348623037,0.471802145243,0.691523313522],"max":[-4.50660037994,-4.6596493721,-5.16321659088,-5.05483102798,-5.20817279816,-8.59074497223],"mean":[-7.04282808304,-6.84254598618,-7.10806322098,-7.24618387222,-7.70877218246,-11.0806236267],"median":[-6.8604798317,-6.72240018845,-6.94494724274,-7.18132162094,-7.66917896271,-10.9839382172],"min":[-27.4749908447,-27.2253742218,-27.2828769684,-27.347448349,-27.3250141144,-27.4155387878],"var":[1.25073671341,1.15179491043,1.12060010433,1.15935719013,1.07254993916,0.886464595795]},"spectral_decrease":{"dmean":9.6235757141e-9,"dmean2":1.50075685212e-8,"dvar":3.55230795002e-16,"dvar2":8.40058319148e-16,"max":6.29381080586e-9,"mean":-1.12129123764e-8,"median":-4.09324307782e-9,"min":-1.93409803728e-7,"var":4.16773535502e-16},"spectral_energy":{"dmean":0.0380285233259,"dmean2":0.0581526309252,"dvar":0.00527440477163,"dvar2":0.0122195333242,"max":0.76033115387,"mean":0.056911021471,"median":0.029613526538,"min":1.12811053499e-20,"var":0.00669671967626},"spectral_energyband_high":{"dmean":0.000331198825734,"dmean2":0.000531955854967,"dvar":9.48780382259e-7,"dvar2":0.0000025134659154,"max":0.0160718727857,"mean":0.000513665785547,"median":0.000190846549231,"min":8.15626256489e-21,"var":9.25809956698e-7},"spectral_energyband_low":{"dmean":0.0343928784132,"dmean2":0.0543411113322,"dvar":0.0050753839314,"dvar2":0.0122945597395,"max":0.720553457737,"mean":0.036878798157,"median":0.00947547983378,"min":9.55719691043e-23,"var":0.00546667864546},"spectral_energyband_middle_high":{"dmean":0.00316363270395,"dmean2":0.00496296584606,"dvar":0.0000266469087364,"dvar2":0.000064129846578,"max":0.0668972879648,"mean":0.00702256057411,"median":0.00398439867422,"min":1.71927208302e-21,"var":0.0000709488303983},"spectral_energyband_middle_low":{"dmean":0.00265595922247,"dmean2":0.00434240698814,"dvar":0.0000183145511983,"dvar2":0.0000454539185739,"max":0.0840267539024,"mean":0.00584579072893,"median":0.00324146845378,"min":4.23580491267e-22,"var":0.0000501962022099},"spectral_entropy":{"dmean":0.161520138383,"dmean2":0.250068157911,"dvar":0.0246731862426,"dvar2":0.0569248944521,"max":9.7758731842,"mean":7.57301950455,"median":7.62885284424,"min":5.5287270546,"var":0.107359044254},"spectral_flux":{"dmean":0.0518948249519,"dmean2":0.0835591629148,"dvar":0.00524479011074,"dvar2":0.0120941624045,"max":0.768231630325,"mean":0.133440479636,"median":0.104452729225,"min":1.06212545703e-10,"var":0.0100464951247},"spectral_kurtosis":{"dmean":5.54397392273,"dmean2":8.63318920135,"dvar":34.7780838013,"dvar2":87.3174972534,"max":73.3614044189,"mean":20.5323162079,"median":18.8353233337,"min":-1.22511851788,"var":97.6138305664},"spectral_rms":{"dmean":0.00196961686015,"dmean2":0.00280295987613,"dvar":0.00000695158269082,"dvar2":0.0000137250472108,"max":0.0272357575595,"mean":0.00626931805164,"median":0.00537505745888,"min":3.31752268885e-12,"var":0.0000162185806403},"spectral_rolloff":{"dmean":5293.44042969,"dmean2":10056.2890625,"dvar":65145032,"dvar2":144669760,"max":22050,"mean":12010.3359375,"median":20090.4785156,"min":43.06640625,"var":98410432},"spectral_skewness":{"dmean":0.464161545038,"dmean2":0.704737067223,"dvar":0.227207228541,"dvar2":0.551851391792,"max":7.06890392303,"mean":3.01452469826,"median":2.88368463516,"min":-0.0608510859311,"var":0.80153220892},"spectral_spread":{"dmean":493190.09375,"dmean2":790438.4375,"dvar":336648306688,"dvar2":656948461568,"max":41132996,"mean":3712370,"median":3595098,"min":1595705.25,"var":1028126539780},"spectral_strongpeak":{"dmean":5.86319446564,"dmean2":10.7267847061,"dvar":279.323486328,"dvar2":727.793579102,"max":171.235137939,"mean":5.65198516846,"median":0.325406193733,"min":0,"var":311.82043457},"zerocrossingrate":{"dmean":0.0517992600799,"dmean2":0.0614252649248,"dvar":0.00178428937215,"dvar2":0.00245825131424,"max":0.71337890625,"mean":0.269898802042,"median":0.259765625,"min":0.01220703125,"var":0.0146019104868}},"metadata":{"audio_properties":{"analysis_sample_rate":44100,"bit_rate":320000,"codec":"mp3","downmix":"mix","equal_loudness":0,"length":179.722442627,"lossless":false,"md5_encoded":"8d1bc35dc99a781692c8d0bcc87dc0b1","replay_gain":0.5901927948,"sample_rate":44100},"tags":{"album":["Underneath the Colours"],"artist":["INXS"],"date":["1981-10-19"],"file_name":"08 - INXS - Barbarian.mp3","musicbrainz_albumid":["942c7ab6-b295-4a83-a179-5149368e5cb9"],"musicbrainz_artistid":["481bf5f9-2e7c-4c44-b08a-05b32bc7c00d"],"musicbrainz_recordingid":["4fdea0bb-ca58-4f7c-bc09-c7df892f0b32"],"title":["Barbarian"],"tracknumber":["08/10"]},"version":{"essentia":"2.1-beta1","essentia_build_sha":"ca57ba49d9b1854bd80e60cf9ccf267278fb7d6b","essentia_git_sha":"v2.1_beta1-28-g21ef5f4-dirty","extractor":"music 1.0"}},"rhythm":{"beats_count":490,"beats_loudness":{"dmean":0.0730494186282,"dmean2":0.132949322462,"dvar":0.00702865794301,"dvar2":0.0206381548196,"max":0.544022262096,"mean":0.114345818758,"median":0.101794250309,"min":4.45803777893e-7,"var":0.00720319803804},"beats_loudness_band_ratio":{"dmean":[0.156375646591,0.0242327079177,0.028901387006,0.0507027469575,0.0292746890336,0.0803340151906],"dmean2":[0.265434712172,0.0443288311362,0.0512256845832,0.0865327864885,0.0530575364828,0.137331411242],"dvar":[0.0226280540228,0.0012847246835,0.00161608832423,0.00625760387629,0.00103299308103,0.00696361949667],"dvar2":[0.0526132136583,0.00373274111189,0.00466639269143,0.0163005944341,0.00294726411812,0.0173728186637],"max":[0.988184988499,0.26054495573,0.25011280179,0.61970692873,0.310926884413,0.693468987942],"mean":[0.728234291077,0.0245912261307,0.0319024473429,0.0680230855942,0.0316664911807,0.11516019702],"median":[0.802315473557,0.013447817415,0.0150300320238,0.027560416609,0.0208992809057,0.0729775130749],"min":[0.0043211998418,0.00044793591951,0.000347947090631,0.000895405653864,0.00112938031089,0.00364368967712],"