{"lowlevel":{"average_loudness":0.82366335392,"barkbands":{"dmean":[0.0012032414088,0.00973055139184,0.00225613755174,0.00192563829478,0.00202817982063,0.00186001625843,0.000872833887115,0.000529425218701,0.000449310231488,0.000608370930422,0.00051168265054,0.000230258432566,0.000381589808967,0.000292873184662,0.000210244412301,0.000203823699849,0.0000828258271213,0.0000622048391961,0.0000542747038708,0.000020483865228,0.0000138835703183,0.00000647495926387,0.00000255781674241,0.00000208430424209,0.00000213738758248,0.00000283916278931,0.000347407505615],"dmean2":[0.00193593127187,0.0160516276956,0.00388075551018,0.00322821876034,0.00322762550786,0.00290298904292,0.00138021097519,0.000850097509101,0.000733228283934,0.000961011275649,0.000828779651783,0.000376649346435,0.000603657972533,0.000456316571217,0.00033043359872,0.000320817896863,0.000125868828036,0.0000943888881011,0.0000821636858745,0.0000292862441711,0.0000201883103728,0.00000929578527575,0.00000401053512178,0.00000337129313266,0.0000034292172586,0.00000440883923147,0.000483725249069],"dvar":[0.00000248479682341,0.000138422648888,0.0000134198608066,0.00000728650229576,0.0000136755988933,0.0000242451424128,0.0000070080795922,0.00000145648152738,0.00000122149106119,0.00000276698438029,0.00000328099781655,2.17438056893e-7,0.00000179364394626,0.00000102512478861,3.0341522006e-7,3.0419167274e-7,2.07902406402e-8,1.72603709103e-8,2.12064037441e-8,1.57656643296e-9,7.00532021281e-10,1.05149125518e-10,1.82255946446e-11,1.50058750148e-11,1.47004249051e-11,2.06347820775e-11,4.51501875887e-7],"dvar2":[0.00000590084209762,0.000351376977051,0.0000372204995074,0.0000198366997211,0.000032526684663,0.0000524705319549,0.0000158285274665,0.00000387607769881,0.00000336752532348,0.00000693233050697,0.00000869728137332,5.7236320572e-7,0.00000448029368272,0.00000244237389779,7.40726534332e-7,7.27940175693e-7,4.81657451701e-8,3.99095121395e-8,5.57490231756e-8,3.52187345953e-9,1.46268619439e-9,2.08931053014e-10,4.44318019877e-11,3.67535481216e-11,3.5713040164e-11,4.8477218767e-11,9.23194932057e-7],"max":[0.0189445130527,0.14928483963,0.0645823851228,0.0361477099359,0.127013787627,0.168579652905,0.0688184723258,0.0292734615505,0.0358591377735,0.0510094128549,0.0429957434535,0.0133170858026,0.0396276600659,0.0386296510696,0.0145193235949,0.021652225405,0.00633771019056,0.00440589245409,0.00479703303427,0.000944693922065,0.00090895028552,0.000325567845721,0.0000947382795857,0.0000890565861482,0.0000853030505823,0.0000868590432219,0.0342655926943],"mean":[0.00134741980582,0.0118221091107,0.00261704740115,0.00242528133094,0.00340905273333,0.00320109864697,0.00149522302672,0.000882975407876,0.00073800253449,0.000907590205316,0.000702679564711,0.000350898684701,0.000579520012252,0.00046963308705,0.000352828326868,0.000371798756532,0.000149331594002,0.000108595872007,0.0000897240533959,0.0000348172616214,0.0000209898207686,0.00000950464527705,0.0000033733026612,0.00000223267011279,0.0000023248189791,0.00000367006850865,0.000793686194811],"median":[0.000653410796076,0.00731703918427,0.00153550622053,0.00136998505332,0.0014977613464,0.00135223963298,0.000327833404299,0.000325077620801,0.000249087868724,0.00028095964808,0.000135447422508,0.000143190438394,0.00012927595526,0.000103987258626,0.0000977516610874,0.000116053415695,0.0000630958529655,0.0000338544159604,0.0000230630103033,0.0000124772359413,0.00000812191865407,0.00000420633477916,0.00000172624550032,8.76028479979e-7,9.48151011926e-7,0.00000192378956854,0.000351049820893],"min":[4.60871769315e-25,9.31808181046e-24,1.07924099886e-24,1.36433463976e-24,7.64630884745e-24,1.15422987986e-23,1.07821153538e-23,1.30051908602e-23,1.23441830085e-23,2.41633901285e-23,2.10319199906e-23,3.22931318714e-23,3.55489848637e-23,3.35608124134e-23,4.47887264754e-23,6.17185271603e-23,7.20245341923e-23,5.91526908018e-23,1.40705774894e-22,1.76846850354e-22,2.06829143577e-22,3.68858888968e-22,4.31460063129e-22,5.74535197529e-22,9.47263165247e-22,1.33938928573e-21,2.0089379704e-21],"var":[0.00000334183914674,0.000182732779649,0.0000129265117721,0.00000936729247769,0.0000371204550902,0.0000693593319738,0.000026330104447,0.00000291476590064,0.00000334824972015,0.00000500084888699,0.00000477068260807,3.83108243796e-7,0.00000293752941616,0.00000217052956941,6.49851358503e-7,6.6850748226e-7,6.06604970699e-8,5.07757391688e-8,4.39059881785e-8,4.31774882514e-9,1.47177703358e-9,2.14874507076e-10,2.41697026976e-11,1.655237232e-11,1.67858782429e-11,2.73975182818e-11,0.00000182157225481]},"barkbands_crest":{"dmean":3.98068451881,"dmean2":6.64542007446,"dvar":10.8657341003,"dvar2":27.7010231018,"max":26.2761268616,"mean":11.5606527328,"median":10.4615859985,"min":2.85709476471,"var":24.7500610352},"barkbands_flatness_db":{"dmean":0.0330522321165,"dmean2":0.0519712269306,"dvar":0.000896870624274,"dvar2":0.00210876204073,"max":0.451825171709,"mean":0.172795146704,"median":0.163533613086,"min":0.0374293476343,"var":0.00296859559603},"barkbands_kurtosis":{"dmean":13.5053730011,"dmean2":21.6700592041,"dvar":1331.45788574,"dvar2":3371.59716797,"max":895.396972656,"mean":20.0342998505,"median":9.88018321991,"min":-1.84615683556,"var":1616.67004395},"barkbands_skewness":{"dmean":0.995807349682,"dmean2":1.56748223305,"dvar":1.61312460899,"dvar2":3.88613724709,"max":23.2974967957,"mean":3.12576436996,"median":2.74939990044,"min":-2.34709596634,"var":4.39084386826},"barkbands_spread":{"dmean":7.68611097336,"dmean2":12.0677309036,"dvar":74.0028686523,"dvar2":168.022674561,"max":129.830535889,"mean":22.1032371521,"median":18.2298851013,"min":0.254275858402,"var":320.944549561},"dissonance":{"dmean":0.0201913323253,"dmean2":0.0340649671853,"dvar":0.00035737932194,"dvar2":0.000968404579908,"max":0.500000119209,"mean":0.463816463947,"median":0.468678891659,"min":0.259537279606,"var":0.000623206025921},"dynamic_complexity":3.49083471298,"erbbands":{"dmean":[0.260111391544,2.28462672234,2.50975441933,5.55697774887,4.9764418602,7.32512235641,15.4954061508,14.0621814728,13.637014389,11.1027011871,11.9042196274,9.71611499786,17.1108970642,16.504650116,18.7149887085,9.2317609787,15.1552028656,16.8342456818,10.6541776657,10.5279006958,9.14105701447,4.63386678696,3.08454871178,3.53940701485,1.79702758789,0.977114856243,0.70090585947,0.434040427208,0.260784476995,0.122436016798,0.0671590715647,0.0462469421327,0.0336066782475,0.0235380232334,0.0154409548268,0.00932409800589,0.00547593086958,0.00783654209226,0.0115761887282,0.00993380509317],"dmean2":[0.431327462196,3.78478956223,4.27044677734,9.28245735168,8.20670604706,11.5745286942,25.0648040771,21.4949264526,21.2534160614,18.0774459839,19.2929153442,15.7700557709,27.3778438568,26.2746982574,30.2627124786,14.8884401321,23.7201709747,25.5672473907,16.8865909576,16.1300811768,14.1153011322,6.90890312195,4.58317041397,5.3624215126,2.58370089531,1.38770329952,1.02902662754,0.613038957119,0.375410676003,0.182697892189,0.106195054948,0.0746963843703,0.0543079823256,0.0378561578691,0.0247162040323,0.0148683888838,0.00845267809927,0.0105987405404,0.0150083862245,0.0131708374247],"dvar":[0.106449157,7.57788085938,12.4756765366,60.7757911682,62.3277359009,291.111663818,775.166992188,2590.22827148,1604.39770508,873.11907959,923.388122559,755.194213867,1818.62023926,2462.79492188,4908.42089844,340.178894043,2298.7512207,3729.796875,1042.69165039,738.529724121,476.585998535,67.6216659546,45.7234115601,99.8762435913,12.8634977341,3.60184907913,1.76961362362,0.699108719826,0.175086170435,0.0334871411324,0.0131402844563,0.00733994832262,0.00387163413689,0.00183123431634,0.000749789352994,0.000258069427218,0.0000753829299356,0.000155273082783,0.000399229407776,0.000248621508945],"dvar2":[0.271635949612,19.1450958252,33.8668937683,166.674957275,157.52545166,646.437683105,2006.9230957,5026.43652344,3501.63110352,2252.49780273,2510.81445312,2030.34277344,4807.24707031,6185.734375,13127.1484375,895.325012207,5633.55273438,8938.53710938,2413.0793457,1714.09423828,1141.73193359,153.397994995,101.850761414,259.716217041,29.533208847,7.9698548317,3.95189476013,1.34022986889,0.353775590658,0.0769186764956,0.0319710448384,0.0180144682527,0.00947257503867,0.0044638463296,0.0018155897269,0.000617939338554,0.00017685079365,0.000287106173346,0.000733016931918,0.000448961567599],"max":[3.55669641495,36.5938987732,58.2090148926,112.417366028,160.443435669,751.971740723,638.17199707,1943.94702148,1237.71960449,797.872741699,872.74395752,911.740234375,1045.36132812,1706.92565918,1926.28405762,618.466247559,1623.3770752,2104.22900391,1103.83496094,903.753295898,871.775268555,406.224212646,284.084869385,362.563110352,101.672431946,47.4224662781,33.6361694336,42.6031188965,12.4778318405,3.54146742821,2.59181499481,1.98943018913,1.42257452011,0.964350819588,0.601047635078,0.333686202765,0.162419080734,0.395840644836,0.532542109489,0.73228931427],"mean":[0.297484606504,2.77133178711,3.41945123672,7.15776205063,7.48387527466,11.6021375656,24.6534881592,23.0302524567,22.5538787842,18.7952423096,20.347328186,17.0479774475,26.4840126038,27.5993804932,25.9086112976,15.6651182175,25.4966144562,28.1740093231,19.3583183289,19.9942741394,17.2108669281,8.90052032471,5.72379970551,6.23197889328,3.10433125496,1.68913412094,1.08204865456,0.655485510826,0.382807075977,0.177270099521,0.0865306928754,0.0513649396598,0.0356701165438,0.0253493562341,0.0169830061495,0.0105469608679,0.0072223204188,0.0122494958341,0.0220407955348,0.0282662548125],"median":[0.16989928484,1.70049917698,2.37644958496,4.21208572388,4.00760650635,4.44820261002,10.7266197205,7.75816059113,5.04466485977,6.28872108459,6.19325256348,5.48021793365,9.13270378113,7.40970897675,6.28099346161,6.50603532791,6.55880737305,5.76080226898,5.02732849121,6.08459854126,6.07161808014,3.89889025688,2.0976433754,1.53137588501,0.913559556007,0.614524722099,0.412970244884,0.26229184866,0.161526158452,0.0891866013408,0.0442157238722,0.0218831188977,0.013737950474,0.0101466923952,0.00706944335252,0.00457473564893,0.00388585799374,0.00531720742583,0.0103742647916,0.0155006181449],"min":[1.49201100024e-22,1.24274425754e-21,2.3701446814e-21,6.58314436998e-21,7.41968327101e-21,2.49362626786e-20,7.14755005833e-20,9.06321634647e-20,1.50696591176e-19,2.33084917559e-19,2.63633809105e-19,3.1303414681e-19,5.65846443099e-19,6.57306097369e-19,1.05359163013e-18,1.58515267761e-18,2.0392154837e-18,2.24253999378e-18,2.92785375461e-18,3.25039959958e-18,4.00960457735e-18,5.0109468271e-18,3.40425312557e-18,5.95397284367e-18,8.38253913977e-18,8.44948782983e-18,1.04062604966e-17,9.37458181149e-18,1.15580913016e-17,1.24366398302e-17,1.18053430313e-17,1.1298565866e-17,9.9162064417e-18,9.23250361512e-18,6.39610501699e-18,4.49912055128e-18,2.44557643822e-18,9.51046463187e-19,2.44841041069e-19,2.92406989444e-20],"var":[0.125113129616,10.2814474106,14.4276819229,75.9883117676,125.603660583,850.59588623,1550.3449707,7322.75244141,4897.24853516,2490.46289062,1858.7791748,2319.63989258,3041.98242188,5925.50585938,6049.71582031,720.966552734,4574.75927734,7861.80419922,2444.69946289,1941.50695801,1073.69274902,206.286407471,126.072364807,233.119354248,35.8863830566,10.385933876,3.65958189964,1.55771422386,0.356270760298,0.0579111687839,0.0165937170386,0.00812783185393,0.00428524799645,0.00206365762278,0.000866929010954,0.000308392220177,0.000101995065052,0.000357348326361,0.00128351291642,0.00140341476072]},"erbbands_crest":{"dmean":2.54687809944,"dmean2":4.17762136459,"dvar":5.50296258926,"dvar2":13.9537858963,"max":30.1412029266,"mean":7.99497270584,"median":7.21713447571,"min":2.30038547516,"var":12.5287256241},"erbbands_flatness_db":{"dmean":0.0234992075711,"dmean2":0.0351873002946,"dvar":0.000372864044039,"dvar2":0.000878752558492,"max":0.316863328218,"mean":0.148586109281,"median":0.145475268364,"min":0.0438389889896,"var":0.00161861686502},"erbbands_kurtosis":{"dmean":0.900545179844,"dmean2":1.43576860428,"dvar":1.72350180149,"dvar2":4.22166585922,"max":33.9227561951,"mean":0.30277556181,"median":-0.152096748352,"min":-1.68481779099,"var":3.18770933151},"erbbands_skewness":{"dmean":0.378151267767,"dmean2":0.582418680191,"dvar":0.120995640755,"dvar2":0.276562094688,"max":5.54800510406,"mean":0.363468885422,"median":0.34497064352,"min":-3.02486920357,"var":0.543415307999},"erbbands_spread":{"dmean":7.1722369194,"dmean2":10.9403476715,"dvar":46.9186248779,"dvar2":107.358612061,"max":104.196502686,"mean":32.0453414917,"median":30.2386894226,"min":5.41414499283,"var":168.758712769},"gfcc":{"cov":[[20861.7402344,2252.14404297,-1574.59558105,-707.064147949,237.863510132,-674.474975586,-8.03421878815,-337.773468018,44.671295166,-176.657669067,97.751914978,-145.185531616,175.30821228],[2252.14404297,917.797546387,-100.30091095,-219.360214233,80.3694381714,-128.518997192,19.9536304474,-115.141639709,47.6844558716,-73.6276245117,14.1613168716,-39.7888908386,43.0216255188],[-1574.59558105,-100.30091095,647.537719727,295.115753174,-115.784133911,209.241470337,-58.2099685669,131.83454895,-47.749874115,39.4652366638,-42.3440628052,28.4225692749,-11.5032243729],[-707.064147949,-219.360214233,295.115753174,436.906219482,17.6909046173,69.3453521729,70.1778030396,41.6447257996,-35.6552314758,42.7306594849,-13.7706031799,47.8767547607,-42.2418212891],[237.863510132,80.3694381714,-115.784133911,17.6909046173,228.556228638,-56.586139679,90.2663345337,-59.3233032227,50.3098945618,-28.0265312195,12.4668464661,-0.704013645649,12.5279388428],[-674.474975586,-128.518997192,209.241470337,69.3453521729,-56.586139679,259.164093018,-61.968547821,100.643409729,-48.9034500122,31.8962306976,-8.44626140594,1.91747784615,-0.494441747665],[-8.03421878815,19.9536304474,-58.2099685669,70.1778030396,90.2663345337,-61.968547821,189.475189209,-23.6409606934,46.9086723328,0.373071610928,10.7371997833,15.122836113,-25.2762050629],[-337.773468018,-115.141639709,131.83454895,41.6447257996,-59.3233032227,100.643409729,-23.6409606934,141.696884155,11.0745916367,31.0450077057,2.41299343109,-1.38345086575,-2.0482211113],[44.671295166,47.6844558716,-47.749874115,-35.6552314758,50.3098945618,-48.9034500122,46.9086723328,11.0745916367,104.561988831,16.0839767456,4.28030252457,-3.01451539993,4.33753061295],[-176.657669067,-73.6276245117,39.4652366638,42.7306594849,-28.0265312195,31.8962306976,0.373071610928,31.0450077057,16.0839767456,71.5128707886,28.0236663818,10.8208198547,-7.27812862396],[97.751914978,14.1613168716,-42.3440628052,-13.7706031799,12.4668464661,-8.44626140594,10.7371997833,2.41299343109,4.28030252457,28.0236663818,59.6261901855,20.8029670715,6.3577914238],[-145.185531616,-39.7888908386,28.4225692749,47.8767547607,-0.704013645649,1.91747784615,15.122836113,-1.38345086575,-3.01451539993,10.8208198547,20.8029670715,56.8707618713,16.9397087097],[175.30821228,43.0216255188,-11.5032243729,-42.2418212891,12.5279388428,-0.494441747665,-25.2762050629,-2.0482211113,4.33753061295,-7.27812862396,6.3577914238,16.9397087097,55.0706367493]],"icov":[[0.000100192402897,-0.000316530873533,0.000408747844631,-0.000261155684711,0.0000541779845662,0.0000784935837146,0.00011740073387,-0.000317765254294,0.000222613758524,-0.000190058985027,0.000213805542444,0.0000498674235132,-0.000238837383222],[-0.000316530873533,0.00277450028807,-0.0021939072758,0.00151731597725,0.0000286210652121,-0.0000597202088102,-0.00088529632194,0.00265794200823,-0.00171859632246,0.0024631137494,-0.00296359858476,0.00194712344091,-0.000564679794479],[0.000408747844631,-0.0021939072758,0.0058452184312,-0.00396570144221,0.00156404811423,-0.00152390776202,0.00153241667431,-0.00301471049897,0.000330040871631,-0.000849411182571,0.00329555245116,-0.00110390118789,-0.00136563240085],[-0.000261155684711,0.00151731597725,-0.00396570144221,0.00727741373703,-0.00333705591038,0.00136728049256,-0.00205250061117,0.00000400617409468,0.00340187177062,-0.00388233154081,0.00296742306091,-0.0048247766681,0.00458977231756],[0.0000541779845662,0.0000286210652121,0.00156404811423,-0.00333705591038,0.00951803568751,-0.00250335154124,-0.00243109138682,0.004115764983,-0.00598045950755,0.00667311903089,-0.00580273056403,0.00520676979795,-0.00515699805692],[0.0000784935837146,-0.0000597202088102,-0.00152390776202,0.00136728049256,-0.00250335154124,0.00822505168617,0.00088279240299,-0.00509072793648,0.00549150677398,-0.00446932064369,0.00283715105616,-0.000885868154,0.000308169052005],[0.00011740073387,-0.00088529632194,0.00153241667431,-0.00205250061117,-0.00243109138682,0.00088279240299,0.00959258992225,-0.0011709673563,-0.00267385528423,0.000489375961479,0.000356715288945,-0.00398346455768,0.00544321537018],[-0.000317765254294,0.00265794200823,-0.00301471049897,0.00000400617409468,0.004115764983,-0.00509072793648,-0.0011709673563,0.016305077821,-0.00807202700526,0.00401094788685,-0.0073129683733,0.00566211063415,-0.00233604433015],[0.000222613758524,-0.00171859632246,0.000330040871631,0.00340187177062,-0.00598045950755,0.00549150677398,-0.00267385528423,-0.00807202700526,0.020514279604,-0.0125586306676,0.00952070020139,-0.00337042752653,-0.000143321056385],[-0.000190058985027,0.0024631137494,-0.000849411182571,-0.00388233154081,0.00667311903089,-0.00446932064369,0.000489375961479,0.00401094788685,-0.0125586306676,0.0314785949886,-0.0199610963464,0.00577244814485,0.0000192890092876],[0.000213805542444,-0.00296359858476,0.00329555245116,0.00296742306091,-0.00580273056403,0.00283715105616,0.000356715288945,-0.0073129683733,0.00952070020139,-0.0199610963464,0.0358996465802,-0.0158931985497,0.00319263827987],[0.0000498674235132,0.00194712344091,-0.00110390118789,-0.0048247766681,0.00520676979795,-0.000885868154,-0.00398346455768,0.00566211063415,-0.00337042752653,0.00577244814485,-0.0158931985497,0.0343143083155,-0.0161133222282],[-0.000238837383222,-0.000564679794479,-0.00136563240085,0.00458977231756,-0.00515699805692,0.000308169052005,0.00544321537018,-0.00233604433015,-0.000143321056385,0.0000192890092876,0.00319263827987,-0.0161133222282,0.0307843126357]],"mean":[-47.925403595,117.38697052,-76.3347625732,-4.71495580673,-2.37683534622,-18.4390239716,-4.27726888657,-14.9967565536,-1.29404175282,-10.1367616653,-4.26482534409,-4.72105169296,0.396980345249]},"hfc":{"dmean":85.9232254028,"dmean2":125.878822327,"dvar":11364.6269531,"dvar2":24584.9140625,"max":1587.66259766,"mean":234.184249878,"median":184.860748291,"min":1.11093850277e-16,"var":42878.6640625},"melbands":{"dmean":[0.00264800153673,0.00183880096301,0.000847210059874,0.000435330701293,0.00047185481526,0.000320940278471,0.000202923605684,0.000113860260171,0.000099186807347,0.0000626334513072,0.0000876146150404,0.0000689730804879,0.0000724864730728,0.000026764229915,0.0000251575820585,0.0000427412305726,0.0000308822163788,0.0000184192685992,0.0000153602213686,0.0000157523227244,0.000010702677173,0.00000524572533322,0.00000348339244738,0.0000028854278753,0.00000313859709422,0.00000161713580837,9.24455321183e-7,6.30770045973e-7,4.79983441437e-7,3.46942584883e-7,2.29745225511e-7,1.62235309631e-7,9.96722135937e-8,5.8709787254e-8,3.98307626881e-8,3.19055502018e-8,2.69220947757e-8,2.38162147781e-8,2.13343493982e-8,1.93283238303e-8],"dmean2":[0.00436261156574,0.0030493629165,0.00141165801324,0.000696038478054,0.000761391187552,0.000493356317747,0.000315976125421,0.00018446908507,0.000161371659487,0.000102214253275,0.000140186137287,0.00010978111095,0.000117821589811,0.0000435874644609,0.0000407022525906,0.0000672294117976,0.0000473670879728,0.0000297187380056,0.0000240409808612,0.0000247397947533,0.0000165733308677,0.00000791574348113,0.00000544279509995,0.0000043720310714,0.00000485015152663,0.00000238645316131,0.00000135948448587,9.24045536976e-7,7.22136576314e-7,5.17814555678e-7,3.30328418841e-7,2.36424469335e-7,1.48310036252e-7,8.97513672271e-8,6.3184621979e-8,5.132497094e-8,4.36379679059e-8,3.85241314405e-8,3.43995836261e-8,3.10636742995e-8],"dvar":[0.0000103743550426,0.00000475734759675,0.00000135682375912,8.31806971746e-7,6.90559886607e-7,0.00000109845643692,3.51318306002e-7,8.19512280259e-8,6.67834143542e-8,3.13506980376e-8,4.92110565631e-8,4.50282335862e-8,7.36841840876e-8,3.86441056932e-9,2.74834865976e-9,2.49831320076e-8,1.22878320852e-8,3.83927378778e-9,1.41030298551e-9,2.48509701706e-9,7.22002735376e-10,8.39637526173e-11,5.13787380696e-11,4.19571564991e-11,9.43133349196e-11,1.11455046581e-11,3.86131057684e-12,1.60141496418e-12,9.03422193825e-13,4.56556559052e-13,2.20101999235e-13,7.58838995872e-14,2.29372100604e-14,8.56234859083e-15,4.58835333484e-15,3.33560261728e-15,2.53012129477e-15,1.95362092999e-15,1.53559312398e-15,1.22648062598e-15],"dvar2":[0.0000263348083536,0.0000122742403619,0.00000367917846233,0.0000019751257696,0.00000178101242909,0.00000219408934754,7.57122961659e-7,2.11000980244e-7,1.79732353445e-7,8.57702815438e-8,1.29307622387e-7,1.12017310983e-7,1.97916406819e-7,1.03672705976e-8,6.87054146908e-9,6.25751042094e-8,2.88911135016e-8,9.14584497025e-9,3.46698225684e-9,6.02094418767e-9,1.77859971195e-9,1.94989926983e-10,1.20779317103e-10,9.75261954528e-11,2.51684839636e-10,2.685498178e-11,8.47603584542e-12,3.76328785842e-12,2.06588066966e-12,9.63727470223e-13,4.38440652057e-13,1.55544617442e-13,5.26916496004e-14,2.05552856501e-14,1.11717132059e-14,8.17673345346e-15,6.20950578621e-15,4.78152555121e-15,3.75133062295e-15,2.987370432e-15],"max":[0.0373435541987,0.0269852057099,0.0171046741307,0.0332642458379,0.0170756988227,0.0386978685856,0.0166371278465,0.0073782610707,0.00784487929195,0.00650625256822,0.00535621959716,0.00780648831278,0.00661795819178,0.00180751679,0.000988949206658,0.00467935437337,0.00366852898151,0.00234085624106,0.000944490835536,0.00226594228297,0.00124320876785,0.000407397281379,0.000213688908843,0.000253951409832,0.000367052649381,0.000086085179646,0.0000561006636417,0.0000328601709043,0.0000270153304882,0.0000254423939623,0.0000231291305681,0.00000837719926494,0.00000289312606583,0.00000186511385891,0.00000149545962813,0.0000013380870314,0.00000116536295991,0.00000101139198705,8.90155433808e-7,7.86624809734e-7],"mean":[0.00320419389755,0.00257675396279,0.00117268844042,0.000676807772834,0.000777630542871,0.000533979560714,0.000343090534443,0.000190198872588,0.000165113349794,0.000104106264189,0.000131912107463,0.000110313114419,0.0000976639494183,0.0000409466738347,0.0000414488749811,0.0000652238668408,0.0000498645604239,0.0000303695651382,0.0000269242955255,0.000027101883461,0.0000185895150935,0.00000949695640884,0.0000055831969803,0.00000510983818458,0.00000523502876604,0.00000264280470219,0.00000151737981469,0.00000102117439837,7.13024633114e-7,5.08956247813e-7,3.32617275944e-7,2.32365763964e-7,1.40328339171e-7,8.16854850427e-8,5.10823561228e-8,3.71782888919e-8,2.87798886944e-8,2.51116016869e-8,2.27347456416e-8,2.0849423521e-8],"median":[0.00196903850883,0.00180493458174,0.000725835736375,0.000288141600322,0.000335167220328,0.00019450878608,0.0000759011527407,0.000066663036705,0.0000458130598417,0.0000332898343913,0.0000443149583589,0.0000284776706394,0.0000202215524041,0.0000157054637384,0.0000157650065375,0.0000126515851662,0.00000967370033322,0.00000743670807424,0.00000757495354264,0.00000785869087849,0.0000064120999923,0.00000390810873796,0.00000218527748075,0.00000151896279021,0.00000115707143777,7.42092652217e-7,4.86356270812e-7,3.6381368318e-7,2.57355338817e-7,1.95313020868e-7,1.29204209998e-7,9.49589349375e-8,6.52733049833e-8,4.06914750783e-8,2.56835690493e-8,1.75001417801e-8,1.12953575382e-8,9.59106216669e-9,8.91350104837e-9,8.38155234106e-9],"min":[2.52098705229e-24,1.81039219292e-24,1.0880554348e-24,1.02680048411e-24,2.09008105193e-24,2.04615254356e-24,2.47060842273e-24,2.53339958142e-24,2.0817964347e-24,1.8898567157e-24,2.61943373782e-24,2.67473032347e-24,2.92004949892e-24,3.68442771152e-24,2.92678972371e-24,3.10812320784e-24,3.11499714455e-24,3.50660268626e-24,3.81772035538e-24,4.08677951091e-24,4.30804040089e-24,4.52262121674e-24,3.00670330556e-24,3.12801571607e-24,4.3973477384e-24,5.92691708476e-24,5.13050599182e-24,5.02889281861e-24,5.61873634479e-24,4.57486865778e-24,3.87720875067e-24,5.71812887455e-24,4.91311998659e-24,6.23030588916e-24,5.65094474669e-24,5.6891540135e-24,5.69688051163e-24,6.25283378446e-24,6.53298708533e-24,7.75024206057e-24],"var":[0.0000132433306135,0.00000697841142028,0.0000018090819367,0.00000204393745662,0.00000149855020481,0.00000315084184876,0.00000121845130252,2.2388024945e-7,1.34536563223e-7,8.98447751752e-8,8.02954431833e-8,1.02302479377e-7,9.42178388641e-8,6.09492589732e-9,5.91359983204e-9,4.1744012691e-8,2.63931418942e-8,7.34711802508e-9,3.44048078915e-9,4.80271156178e-9,1.32811872611e-9,2.43967734903e-10,1.08334972937e-10,1.21851168045e-10,1.94054688984e-10,2.72058261336e-11,9.58924172706e-12,4.08853896919e-12,1.73672610581e-12,9.17437892149e-13,4.41227295585e-13,1.48527959138e-13,3.8165959515e-14,1.33933739004e-14,5.83792302016e-15,3.7663252237e-15,2.77289046657e-15,2.15595867812e-15,1.71237842919e-15,1.38637810592e-15]},"melbands_crest":{"dmean":3.94990515709,"dmean2":6.53689622879,"dvar":9.6656293869,"dvar2":25.4496669769,"max":36.0711669922,"mean":15.2169218063,"median":14.7980995178,"min":1.69353497028,"var":26.0029773712},"melbands_flatness_db":{"dmean":0.0410509780049,"dmean2":0.064649745822,"dvar":0.00129389180802,"dvar2":0.00311126117595,"max":0.609531581402,"mean":0.296839624643,"median":0.293739914894,"min":0.00279902340844,"var":0.0053862859495},"melbands_kurtosis":{"dmean":13.4838027954,"dmean2":21.6536865234,"dvar":538.832214355,"dvar2":1306.42480469,"max":309.959259033,"mean":22.5755748749,"median":11.691652298,"min":-1.66649138927,"var":1120.3260498},"melbands_skewness":{"dmean":1.00117075443,"dmean2":1.590315938,"dvar":1.06758081913,"dvar2":2.63055467606,"max":13.308555603,"mean":3.2154610157,"median":2.84255456924,"min":-0.769855976105,"var":3.67112922668},"melbands_spread":{"dmean":4.22692298889,"dmean2":6.77352619171,"dvar":31.379201889,"dvar2":79.2738952637,"max":189.062347412,"mean":13.0227069855,"median":8.91851615906,"min":0.315658688545,"var":304.321258545},"mfcc":{"cov":[[8520.87890625,1665.42871094,-1117.63916016,78.9356079102,-158.977737427,-88.0943908691,-115.109436035,-107.582420349,-53.7319564819,-53.3006858826,7.25950574875,-47.7966079712,43.5890846252],[1665.42871094,1289.13427734,-215.797134399,-44.5877151489,10.4440765381,-6.64923429489,-71.2751235962,-22.8778400421,7.21878194809,-16.8639392853,-33.7332420349,-24.0704917908,6.53563499451],[-1117.63916016,-215.797134399,776.765686035,55.0944442749,97.5925292969,34.0063667297,64.9163208008,56.796333313,33.9924812317,20.5343284607,3.86067247391,37.8438873291,-26.5030574799],[78.9356079102,-44.5877151489,55.0944442749,413.295410156,-8.75303554535,80.8303375244,48.9739685059,41.4868965149,14.486114502,-13.2485466003,38.776134491,6.69255399704,8.19420528412],[-158.977737427,10.4440765381,97.5925292969,-8.75303554535,159.827346802,35.1665611267,17.3307571411,17.5615901947,21.871049881,4.06344556808,-20.4316444397,16.116815567,8.86211490631],[-88.0943908691,-6.64923429489,34.0063667297,80.8303375244,35.1665611267,124.67993927,54.8691444397,18.6067867279,10.0748434067,-4.94514942169,0.279397517443,4.94491958618,12.3518657684],[-115.109436035,-71.2751235962,64.9163208008,48.9739685059,17.3307571411,54.8691444397,105.15385437,39.2763290405,-5.56081485748,3.91026234627,11.8853778839,8.49000453949,0.618817269802],[-107.582420349,-22.8778400421,56.796333313,41.4868965149,17.5615901947,18.6067867279,39.2763290405,77.3620529175,37.106464386,4.68229818344,12.4910287857,13.8926067352,6.02151727676],[-53.7319564819,7.21878194809,33.9924812317,14.486114502,21.871049881,10.0748434067,-5.56081485748,37.106464386,74.8898544312,27.3531246185,4.51966905594,14.0103406906,8.40331745148],[-53.3006858826,-16.8639392853,20.5343284607,-13.2485466003,4.06344556808,-4.94514942169,3.91026234627,4.68229818344,27.3531246185,67.4512405396,36.800819397,2.97552776337,2.84404730797],[7.25950574875,-33.7332420349,3.86067247391,38.776134491,-20.4316444397,0.279397517443,11.8853778839,12.4910287857,4.51966905594,36.800819397,64.7807617188,20.7557544708,4.34299325943],[-47.7966079712,-24.0704917908,37.8438873291,6.69255399704,16.116815567,4.94491958618,8.49000453949,13.8926067352,14.0103406906,2.97552776337,20.7557544708,47.3326225281,22.5598602295],[43.5890846252,6.53563499451,-26.5030574799,8.19420528412,8.86211490631,12.3518657684,0.618817269802,6.02151727676,8.40331745148,2.84404730797,4.34299325943,22.5598602295,44.0742607117]],"icov":[[0.000193881423911,-0.000226880903938,0.000210280180909,-0.0000989710679278,0.0000148585868374,0.000218829649384,-0.000231460522627,0.000255779159488,-0.000146783990203,0.000194133754121,-0.000198293972062,0.000024323901016,-0.0000867180351634],[-0.000226880903938,0.00111916917376,-0.0000242776022787,0.000141770942719,-0.000185349621461,-0.000490910373628,0.00089159765048,-0.000518354412634,0.000179205671884,-0.000250948767643,0.000481013063109,0.000144872101373,0.000111089080747],[0.000210280180909,-0.0000242776022787,0.00202191527933,-0.000472233252367,-0.000585351139307,0.000064953121182,-0.000320606690366,-0.000845640606713,0.000660919409711,-0.00170206360053,0.0018777330406,-0.00303726573475,0.00267223990522],[-0.0000989710679278,0.000141770942719,-0.000472233252367,0.00358816375956,0.0000283130102616,-0.00166809104849,-0.000541194807738,0.000156968249939,-0.00225082039833,0.00443969108164,-0.00534198712558,0.00353414053097,-0.00156620389316],[0.0000148585868374,-0.000185349621461,-0.000585351139307,0.0000283130102616,0.00873051118106,-0.00256737577729,0.00076633336721,-0.00199574884027,0.0014030089369,-0.00484342034906,0.00734785431996,-0.00575056765229,0.00114596844651],[0.000218829649384,-0.000490910373628,0.000064953121182,-0.00166809104849,-0.00256737577729,0.0139997741207,-0.00869054533541,0.0052285362035,-0.00595529051498,0.00530786532909,-0.00342540023848,0.00501522608101,-0.00523059908301],[-0.000231460522627,0.00089159765048,-0.000320606690366,-0.000541194807738,0.00076633336721,-0.00869054533541,0.0209634359926,-0.0143770407885,0.0135931586847,-0.00989351514727,0.00662145391107,-0.00699638575315,0.00493127526715],[0.000255779159488,-0.000518354412634,-0.000845640606713,0.000156968249939,-0.00199574884027,0.0052285362035,-0.0143770407885,0.0309021342546,-0.021959008649,0.0161778740585,-0.0144201116636,0.00884214695543,-0.00576004153118],[-0.000146783990203,0.000179205671884,0.000660919409711,-0.00225082039833,0.0014030089369,-0.00595529051498,0.0135931586847,-0.021959008649,0.0366499759257,-0.0265790503472,0.0214792490005,-0.0180356521159,0.00697312830016],[0.000194133754121,-0.000250948767643,-0.00170206360053,0.00443969108164,-0.00484342034906,0.00530786532909,-0.00989351514727,0.0161778740585,-0.0265790503472,0.047497458756,-0.0383606553078,0.0265282019973,-0.0123847583309],[-0.000198293972062,0.000481013063109,0.0018777330406,-0.00534198712558,0.00734785431996,-0.00342540023848,0.00662145391107,-0.0144201116636,0.0214792490005,-0.0383606553078,0.052801348269,-0.0335542298853,0.0139589449391],[0.000024323901016,0.000144872101373,-0.00303726573475,0.00353414053097,-0.00575056765229,0.00501522608101,-0.00699638575315,0.00884214695543,-0.0180356521159,0.0265282019973,-0.0335542298853,0.0543448217213,-0.0266717150807],[-0.0000867180351634,0.000111089080747,0.00267223990522,-0.00156620389316,0.00114596844651,-0.00523059908301,0.00493127526715,-0.00576004153118,0.00697312830016,-0.0123847583309,0.0139589449391,-0.0266717150807,0.0383558757603]],"mean":[-711.513366699,183.014968872,-10.6573867798,31.6416320801,11.9278707504,12.4200239182,2.59853792191,4.65342283249,5.02724504471,0.216743290424,0.34343084693,-0.795740425587,1.76638424397]},"pitch_salience":{"dmean":0.0904474705458,"dmean2":0.149380192161,"dvar":0.00582891702652,"dvar2":0.0154677331448,"max":0.937099635601,"mean":0.553846418858,"median":0.56766462326,"min":0.0981541574001,"var":0.0127369677648},"silence_rate_20dB":{"dmean":0,"dmean2":0,"dvar":0,"dvar2":0,"max":1,"mean":1,"median":1,"min":1,"var":0},"silence_rate_30dB":{"dmean":0.030357433483,"dmean2":0.0607247799635,"dvar":0.0294352397323,"dvar2":0.0717310607433,"max":1,"mean":0.959856390953,"median":1,"min":0,"var":0.0385327972472},"silence_rate_60dB":{"dmean":0.0189325939864,"dmean2":0.0378713682294,"dvar":0.0185742937028,"dvar2":0.0406813584268,"max":1,"mean":0.0559725835919,"median":0,"min":0,"var":0.0528377145529},"spectral_centroid":{"dmean":174.714477539,"dmean2":269.963867188,"dvar":51294.6015625,"dvar2":109202.804688,"max":11782.6601562,"mean":834.249206543,"median":651.061035156,"min":111.687309265,"var":1076631},"spectral_complexity":{"dmean":3.19438552856,"dmean2":4.49298095703,"dvar":11.169760704,"dvar2":17.7698364258,"max":53,"mean":14.6954965591,"median":14,"min":0,"var":79.8420791626},"spectral_contrast_coeffs":{"dmean":[0.0562197081745,0.0504997968674,0.0376757606864,0.0281062535942,0.0239018555731,0.0394506976008],"dmean2":[0.0943034216762,0.0838950350881,0.0613093860447,0.04555991292,0.0380193144083,0.0616533905268],"dvar":[0.00191303470638,0.001589005813,0.00092823576415,0.000500457885209,0.000402053585276,0.00132612930611],"dvar2":[0.00533892167732,0.00433287536725,0.00246102013625,0.00128465483431,0.000954058778007,0.00302551174536],"max":[-0.309561192989,-0.360008269548,-0.563226461411,-0.602529168129,-0.648730993271,-0.479289621115],"mean":[-0.686672985554,-0.752848029137,-0.806558966637,-0.820962071419,-0.821401834488,-0.793715298176],"median":[-0.690183639526,-0.754513382912,-0.810149431229,-0.824200868607,-0.822694540024,-0.805549025536],"min":[-0.979345083237,-0.977333664894,-0.971839308739,-0.970207035542,-0.968892753124,-0.965731024742],"var":[0.00557353673503,0.00510788848624,0.00335582485422,0.00246312166564,0.00236469763331,0.00365310092457]},"spectral_contrast_valleys":{"dmean":[0.44700089097,0.411661982536,0.371305346489,0.334856629372,0.384739816189,0.644821107388],"dmean2":[0.710033655167,0.646053195,0.556760430336,0.478557795286,0.519062519073,1.01884794235],"dvar":[0.142805889249,0.143074214458,0.1338442415,0.121984869242,0.148046910763,0.32733130455],"dvar2":[0.311194181442,0.294830918312,0.254831492901,0.214546427131,0.267058908939,0.749575853348],"max":[-5.10006332397,-4.57257556915,-5.18133926392,-5.13088989258,-5.88296508789,-8.80354499817],"mean":[-6.9295592308,-6.86975240707,-7.45443677902,-7.82955026627,-8.33385276794,-11.4395999908],"median":[-6.57633304596,-6.54320430756,-7.13220977783,-7.5415391922,-8.06659126282,-11.199262619],"min":[-28.1560974121,-27.9930686951,-27.8217830658,-27.6816082001,-27.5260562897,-27.4293022156],"var":[4.72028017044,4.82953023911,4.54071378708,4.41995620728,3.9812476635,3.08308553696]},"spectral_decrease":{"dmean":3.41135097948e-9,"dmean2":5.48749889973e-9,"dvar":1.43933363964e-17,"dvar2":3.66790478626e-17,"max":6.05278982491e-9,"mean":-5.61552715439e-9,"median":-4.03524813564e-9,"min":-4.59081057613e-8,"var":3.32878455792e-17},"spectral_energy":{"dmean":0.0153623241931,"dmean2":0.0227587409317,"dvar":0.00025389745133,"dvar2":0.000553052232135,"max":0.202119886875,"mean":0.0424354597926,"median":0.0360636562109,"min":1.00008963335e-20,"var":0.000995221431367},"spectral_energyband_high":{"dmean":0.000251253717579,"dmean2":0.000344719475834,"dvar":1.58609083201e-7,"dvar2":3.13571916877e-7,"max":0.0149455387145,"mean":0.000539542466868,"median":0.000267573312158,"min":7.23072258424e-21,"var":7.01750479948e-7},"spectral_energyband_low":{"dmean":0.0111739514396,"dmean2":0.0180541314185,"dvar":0.000163124364917,"dvar2":0.000414183712564,"max":0.157660678029,"mean":0.0169259570539,"median":0.0126456711441,"min":3.34356832966e-23,"var":0.000254267390119},"spectral_energyband_middle_high":{"dmean":0.00153669901192,"dmean2":0.00218853517435,"dvar":0.000010942901099,"dvar2":0.0000243674567173,"max":0.0876705721021,"mean":0.00397838838398,"median":0.00153224985115,"min":1.1050525119e-21,"var":0.0000527648189745},"spectral_energyband_middle_low":{"dmean":0.0050550638698,"dmean2":0.00775460153818,"dvar":0.0000548430834897,"dvar2":0.00012616100139,"max":0.17136760056,"mean":0.0124553479254,"median":0.00812509842217,"min":1.57567127696e-22,"var":0.000218604196562},"spectral_entropy":{"dmean":0.226373285055,"dmean2":0.342506766319,"dvar":0.0442523770034,"dvar2":0.103335268795,"max":9.8257188797,"mean":7.26619100571,"median":7.27611064911,"min":5.23797035217,"var":0.203968569636},"spectral_flux":{"dmean":0.0297500994056,"dmean2":0.0472785048187,"dvar":0.000719720264897,"dvar2":0.00171249941923,"max":0.35919803381,"mean":0.112793058157,"median":0.110729515553,"min":6.30157315218e-11,"var":0.00260899518616},"spectral_kurtosis":{"dmean":6.47990322113,"dmean2":9.97033023834,"dvar":42.404548645,"dvar2":102.922821045,"max":89.1048278809,"mean":24.2835273743,"median":22.4491729736,"min":-1.2779712677,"var":130.251876831},"spectral_rms":{"dmean":0.00116863951553,"dmean2":0.00167538423557,"dvar":0.00000107807204586,"dvar2":0.00000218153081732,"max":0.0140424408019,"mean":0.00591863598675,"median":0.00593161489815,"min":3.12361508187e-12,"var":0.00000637016501059},"spectral_rolloff":{"dmean":4137.21386719,"dmean2":8066.94677734,"dvar":62230928,"dvar2":150971536,"max":22028.4667969,"mean":15939.3613281,"median":21662.4023438,"min":43.06640625,"var":85014696},"spectral_skewness":{"dmean":0.47352796793,"dmean2":0.712329506874,"dvar":0.195604652166,"dvar2":0.458184361458,"max":7.27526473999,"mean":3.47746491432,"median":3.428586483,"min":-0.0740871429443,"var":0.860766232014},"spectral_spread":{"dmean":555301.8125,"dmean2":856054.5625,"dvar":509973430272,"dvar2":1078710894590,"max":42237648,"mean":4110271.75,"median":3732899.25,"min":1252908.25,"var":11723831509000},"spectral_strongpeak":{"dmean":8.09069919586,"dmean2":15.4606466293,"dvar":467.583892822,"dvar2":1305.21960449,"max":177.512268066,"mean":5.4266667366,"median":0.347454607487,"min":0,"var":323.102966309},"zerocrossingrate":{"dmean":0.0502125583589,"dmean2":0.0663553997874,"dvar":0.00173697655555,"dvar2":0.00300277629867,"max":0.60888671875,"mean":0.304299682379,"median":0.31103515625,"min":0.01171875,"var":0.0133010214195}},"metadata":{"audio_properties":{"analysis_sample_rate":44100,"bit_rate":160000,"codec":"mp3","downmix":"mix","equal_loudness":0,"length":142.262863159,"lossless":false,"md5_encoded":"72e7baf0ad408978073897ae9686ea5a","replay_gain":-4.06924057007,"sample_rate":44100},"tags":{"album":["Anthology"],"album artist credit":["Sly & The Family Stone"],"albumartist":["Sly & The Family Stone"],"albumartistsort":["Sly & The Family Stone"],"artist":["Sly & The Family Stone"],"artist credit":["Sly & The Family Stone"],"artistsort":["Sly & The Family Stone"],"bpm":["0"],"catalognumber":["EGK 37071"],"composer":["S.Stewart"],"date":["1981"],"discnumber":["1/1"],"encodedby":["iTunes v4.8.0.32"],"file_name":"06 - Sly & The Family Stone - Everyday People.mp3","genre":["R&B - Funk"],"label":["Epic"],"language":["eng"],"media":["CD"],"musicbrainz album release country":["US"],"musicbrainz album status":["Official"],"musicbrainz album type":["compilation"],"musicbrainz_albumartistid":["b7ec4c54-1f93-4bf2-957f-7b9921ab84ea"],"musicbrainz_albumid":["e244a36e-a9c3-4591-84ea-9b54e48fb1a3"],"musicbrainz_artistid":["b7ec4c54-1f93-4bf2-957f-7b9921ab84ea"],"musicbrainz_recordingid":["4fe59a92-33bf-4571-8c8f-16358dc7e8b6"],"musicbrainz_releasegroupid":["4dab32e9-49b0-3870-885c-677a3f2645a1"],"originaldate":["1981"],"replaygain_album_gain":["0.00 dB"],"replaygain_album_peak":["0.000000"],"replaygain_track_gain":["-1.73 dB"],"replaygain_track_peak":["0.853455"],"script":["Latn"],"title":["Everyday People"],"tracknumber":["6/20"]},"version":{"essentia":"2.1-beta1","essentia_build_sha":"5a811adb4c06fd6d02ca903f7349a26d851abfa8","essentia_git_sha":"v2.1_beta1-34-gf95df8b","extractor":"music 1.0"}},"rhythm":{"beats_count":267,"beats_loudness":{"dmean":0.0281256046146,"dmean2":0.0481334924698,"dvar":0.000538427208085,"dvar2":0.00157973181922,"max":0.196631744504,"mean":0.0649718716741,"median":0.0635507106781,"min":0,"var":0.000861705397256},"be