{"lowlevel":{"average_loudness":0.956119477749,"barkbands":{"dmean":[0.00371797080152,0.0102780107409,0.0028237355873,0.000973364396486,0.0014195528347,0.00155161262956,0.00186243129428,0.000876473961398,0.00117000809405,0.000704370730091,0.000476474757306,0.000564700399991,0.000320618855767,0.000213820443605,0.000185004610103,0.000150724052219,0.000124524187413,0.000158037946676,0.000175704772118,0.000159082221217,0.000120749769849,0.000127640727442,0.000126845872728,0.0000803144648671,0.00000315671286444,0.0000349157380697,0.000166894300492],"dmean2":[0.0063322680071,0.0177512764931,0.00486205285415,0.00162765465211,0.00231145205908,0.00245758704841,0.00288271647878,0.00146510126069,0.00192702619825,0.00116259290371,0.000798249500804,0.00096423557261,0.000550850701984,0.000367016764358,0.000311932788463,0.000251929915976,0.000208895944525,0.000245248578722,0.000257067382336,0.000233448081417,0.000182106770808,0.000195347776753,0.000202348397579,0.000133513764013,0.00000516333921041,0.0000535436374776,0.000254556944128],"dvar":[0.0000474479238619,0.000243504939135,0.0000230130444834,0.00000255902750723,0.0000120124022942,0.0000136202734211,0.000028879774618,0.00000640219241177,0.0000061031387304,0.00000127781515857,0.00000105986975996,7.2434716003e-7,1.23473640201e-7,5.61735440385e-8,7.67931496171e-8,4.1038820342e-8,3.43500516919e-8,1.37029601888e-7,3.53663551778e-7,2.62418552666e-7,5.88634065934e-8,6.19712068328e-8,1.40592391062e-7,9.4469861267e-8,4.14408299343e-11,9.12627751148e-9,4.49270061154e-8],"dvar2":[0.000121969365864,0.000683531688992,0.0000613103620708,0.00000611681161899,0.0000271991702903,0.0000319038372254,0.0000662090824335,0.0000167728376255,0.0000146754491652,0.00000318894376505,0.00000285350415652,0.00000195911434275,3.46523307826e-7,1.56460160383e-7,2.03117394904e-7,1.05589400334e-7,8.61701039412e-8,3.03407944102e-7,7.00819668964e-7,5.01547276599e-7,1.21270275599e-7,1.44314824979e-7,3.59447284382e-7,2.42562322228e-7,1.08491680917e-10,2.162872903e-8,8.81512463025e-8],"max":[0.0951542109251,0.206012606621,0.050327911973,0.0389858186245,0.120127111673,0.156676337123,0.109534978867,0.0753481909633,0.0476757138968,0.0213377457112,0.0378454625607,0.0175606496632,0.00622498895973,0.00308329588734,0.00676465127617,0.00285124988295,0.00444900244474,0.0120507972315,0.0234461668879,0.0216427948326,0.0118684284389,0.00409865099937,0.00857749488205,0.00713159423321,0.000151042098878,0.00125021999702,0.00619380874559],"mean":[0.00411692028865,0.012544571422,0.00303036719561,0.00126827927306,0.00179268908687,0.00231724441983,0.0028179930523,0.00114430941176,0.00181408762001,0.00114692107309,0.000738759583328,0.00100201403257,0.000593360513449,0.000398859381676,0.000354718067683,0.00027044210583,0.000212287908653,0.000298660394037,0.00032048029243,0.000310158153297,0.000247434480116,0.000190692793694,0.000134264468215,0.000065075342718,0.00000337664710059,0.0000375429553969,0.000621332495939],"median":[0.00182384590153,0.00745633803308,0.00155539810658,0.00065033196006,0.000816765474156,0.00130433239974,0.000887314323336,0.000486906501465,0.000927367073018,0.000697803799994,0.000462237920146,0.000744023360312,0.000504372059368,0.000336170545779,0.000265787675744,0.000190616730833,0.000127781619085,0.000144366829772,0.00012406980386,0.000140428732266,0.000143115292303,0.0000712000473868,0.0000300512438116,0.00000827384883451,0.00000148761000673,0.0000111132349048,0.000564064481296],"min":[3.23782066401e-18,4.74959084076e-18,3.03661063436e-18,2.89164475047e-18,6.89880459552e-18,7.70298958704e-18,1.12142844334e-17,1.77601120364e-17,3.93254798836e-17,5.40571662377e-17,5.87438723268e-17,6.21900324901e-17,3.68471706678e-17,1.20748831427e-17,3.01443640368e-18,3.27565817997e-18,3.10108919768e-17,3.16750882302e-17,1.26272495403e-16,3.33027705644e-16,4.99693322947e-17,1.29582991329e-16,6.49400520083e-16,4.57311012992e-15,3.47603813883e-15,3.17631256583e-14,8.66747639102e-16],"var":[0.0000453587454103,0.000239342698478,0.0000220598012675,0.00000452779113402,0.0000163119020726,0.0000179108028533,0.0000496006214235,0.00000761376759328,0.0000100458019006,0.00000217543174585,0.000001327062364,0.00000125052679323,2.1542804518e-7,9.44694633631e-8,1.41810758691e-7,6.90987178587e-8,7.25052302641e-8,3.58842839887e-7,8.47471881116e-7,6.94631808074e-7,1.64124031699e-7,9.94903146534e-8,1.15895325337e-7,7.06927067995e-8,3.71828366708e-11,8.43554204266e-9,2.66877179911e-7]},"barkbands_crest":{"dmean":3.39967751503,"dmean2":5.65818691254,"dvar":8.04250049591,"dvar2":21.8655376434,"max":24.3662319183,"mean":10.3170566559,"median":9.40074157715,"min":2.05770397186,"var":20.2587051392},"barkbands_flatness_db":{"dmean":0.0266635846347,"dmean2":0.0425325371325,"dvar":0.000556953076739,"dvar2":0.00145323656034,"max":0.375506699085,"mean":0.11883778125,"median":0.109105147421,"min":0.0233191773295,"var":0.00249495753087},"barkbands_kurtosis":{"dmean":4.29578018188,"dmean2":7.24603700638,"dvar":71.3957977295,"dvar2":203.339706421,"max":202.541381836,"mean":6.38278007507,"median":3.52669978142,"min":-1.91553783417,"var":118.127426147},"barkbands_skewness":{"dmean":0.641894876957,"dmean2":1.05989682674,"dvar":0.479323685169,"dvar2":1.31791031361,"max":12.1543016434,"mean":1.9107350111,"median":1.74439930916,"min":-7.48709201813,"var":1.65348637104},"barkbands_spread":{"dmean":7.555727005,"dmean2":12.0363855362,"dvar":53.6924476624,"dvar2":130.558013916,"max":121.993408203,"mean":28.6528263092,"median":26.7803497314,"min":1.05385577679,"var":243.203323364},"dissonance":{"dmean":0.0179188512266,"dmean2":0.0306703429669,"dvar":0.000353199691745,"dvar2":0.000969625834841,"max":0.500000178814,"mean":0.473077863455,"median":0.480410963297,"min":0.232169941068,"var":0.000643815146759},"dynamic_complexity":3.18333077431,"erbbands":{"dmean":[0.453089445829,1.86539947987,3.35319638252,3.0151257515,2.47747683525,5.9508934021,10.7287511826,13.6584939957,22.5659751892,23.0185375214,23.1171169281,25.6138896942,20.6979808807,17.6558704376,20.2132263184,20.4354400635,14.6448640823,9.22957038879,9.86221027374,9.23114109039,7.63986730576,6.68681287766,8.1477394104,8.82203197479,8.2505865097,7.27803373337,5.97476243973,4.57843923569,4.44420576096,3.96839857101,3.63910055161,2.62649989128,0.785815596581,0.0697994306684,0.0195810962468,0.059229593724,0.0894300118089,0.0332052521408,0.0117421494797,0.00440378580242],"dmean2":[0.79684650898,3.17859959602,5.7262301445,5.09062290192,4.1108341217,9.83547306061,17.2740039825,21.6769180298,35.920715332,35.1434326172,38.2599639893,41.9327507019,34.2606544495,29.22108078,34.0968170166,34.9412117004,25.1787872314,15.7798423767,16.7204837799,15.3098287582,12.8778619766,11.0140752792,12.790643692,13.0615625381,11.8944168091,10.7956619263,9.03793144226,6.82883691788,6.76021671295,6.27444076538,5.84242916107,4.33227157593,1.32015693188,0.115980245173,0.031359333545,0.0943756476045,0.137929826975,0.0482631288469,0.0154701406136,0.00687807612121],"dvar":[0.574421644211,6.96201705933,29.2412796021,18.8717937469,21.0076999664,227.470397949,848.80279541,940.153808594,4291.16455078,4677.98876953,2744.61621094,3436.06005859,1242.48193359,1235.34350586,1755.03967285,837.232543945,271.056060791,94.7898712158,149.88885498,198.951126099,112.085723877,105.647613525,347.121002197,554.579589844,1014.63946533,522.665283203,197.497955322,70.8582305908,74.2678451538,79.0699920654,142.797103882,91.2039642334,9.87184524536,0.0403332486749,0.000882620632183,0.0321310125291,0.0653679743409,0.00415996322408,0.000777815235779,0.0000238908505708],"dvar2":[1.62651062012,19.3286952972,76.4824829102,48.1341056824,50.7301483154,525.124572754,1974.70898438,2191.6328125,10317.390625,10653.3466797,7137.75097656,8013.86572266,3149.35009766,3217.92333984,4711.58398438,2303.63037109,757.032287598,258.581085205,418.55569458,500.395599365,294.427703857,252.140594482,774.87286377,1071.84399414,1887.21533203,1030.61889648,405.651306152,140.116531372,172.060470581,195.749099731,369.395294189,232.475234985,25.7966423035,0.106333747506,0.0020893800538,0.078968629241,0.154723837972,0.00926616042852,0.00106423476245,0.0000539624707017],"max":[7.1680521965,41.6383094788,53.9043579102,69.575050354,133.357757568,531.705932617,718.950012207,1624.984375,1918.14343262,1419.03210449,1182.62365723,1147.88989258,946.46685791,959.425415039,1755.57885742,637.144592285,263.823730469,114.070930481,234.912536621,363.763244629,134.951583862,286.985687256,641.900390625,807.832336426,1517.24609375,845.667419434,574.08404541,411.628631592,177.530792236,122.322853088,328.627746582,188.082427979,64.253288269,4.08550024033,0.545219361782,3.40496182442,3.32336950302,0.888521254063,1.18330001831,0.114334128797],"mean":[0.480385273695,2.37052631378,3.88149881363,3.99005556107,3.39663648605,7.13407230377,13.638048172,21.3741722107,33.7131538391,35.3380622864,33.328250885,39.9522285461,34.6860733032,31.1529636383,35.7403564453,38.6170082092,29.1173458099,19.8748340607,20.2487659454,18.1720790863,14.1079139709,12.3102169037,15.5604324341,17.1365356445,15.0874042511,14.3013143539,12.3009757996,8.80328178406,6.80986404419,5.07320690155,3.67021346092,2.23022413254,0.616025030613,0.0672674924135,0.0227640271187,0.0578078180552,0.0920238271356,0.0521598085761,0.0316792465746,0.0237896963954],"median":[0.220924705267,1.50404477119,2.27540159225,2.40559959412,1.96884417534,2.87597298622,5.54150104523,12.5891332626,13.6608009338,9.63604545593,15.2430438995,20.2315635681,22.1473655701,19.2386131287,24.7828216553,29.9195594788,24.8263378143,17.7413406372,16.7595329285,12.9158821106,9.9814453125,7.45866203308,7.92468500137,7.55705404282,5.66623306274,6.4979352951,6.64125204086,4.71447896957,2.75045156479,1.3973762989,0.774188756943,0.308183610439,0.0761605501175,0.0227507762611,0.0109982118011,0.0161033030599,0.0234671197832,0.023179391399,0.0194605700672,0.0227227136493],"min":[1.7480932293e-16,9.57127113365e-16,3.14266524079e-15,7.31969789414e-15,1.420411318e-14,2.4654645594e-14,4.11765890482e-14,7.07832636905e-14,1.29704827065e-13,2.49141690351e-13,4.76461209896e-13,8.63562043055e-13,1.42376052354e-12,2.06244526665e-12,2.52236903239e-12,2.46784797459e-12,1.7839735765e-12,8.65304355946e-13,2.94611313427e-13,1.10275490454e-13,3.96805960486e-13,1.83382085558e-12,2.09660023717e-12,1.91132830049e-12,1.202096582e-11,1.5750723642e-11,4.713267103e-12,1.35315055601e-12,2.26353571303e-12,8.61996758694e-12,2.10312166987e-11,2.62328648387e-11,1.17763104823e-10,5.25529550433e-11,3.88540762064e-11,2.10580844429e-10,3.24868569546e-11,1.11616152518e-12,1.40317431611e-13,1.43787061522e-14],"var":[0.509529471397,7.43168067932,29.1331787109,27.2039260864,28.6227664948,313.831848145,1008.97332764,1383.83862305,6265.52539062,8917.58300781,3916.87011719,5592.66064453,1907.59265137,1923.87597656,2370.40625,1519.74365234,500.070648193,185.219497681,282.801330566,393.942840576,183.211532593,250.238800049,902.018371582,1541.58752441,2504.41479492,1382.46508789,541.990478516,183.701049805,123.545166016,93.0335693359,110.724220276,69.537399292,7.11264181137,0.0306480806321,0.00108421186451,0.0274940710515,0.0596510209143,0.00670918636024,0.00349593977444,0.000227525626542]},"erbbands_crest":{"dmean":2.23901247978,"dmean2":3.63825702667,"dvar":5.28104019165,"dvar2":12.9627399445,"max":30.0062885284,"mean":7.21295261383,"median":6.11998319626,"min":2.23086833954,"var":13.6248407364},"erbbands_flatness_db":{"dmean":0.020831624046,"dmean2":0.0302483513951,"dvar":0.000348347297404,"dvar2":0.000740528630558,"max":0.391263544559,"mean":0.133457019925,"median":0.124941579998,"min":0.0500254482031,"var":0.00207499112003},"erbbands_kurtosis":{"dmean":0.941663742065,"dmean2":1.4989720583,"dvar":1.69849157333,"dvar2":4.04900217056,"max":31.1590576172,"mean":0.668280124664,"median":0.156821131706,"min":-1.60762298107,"var":4.57683515549},"erbbands_skewness":{"dmean":0.344456523657,"dmean2":0.533077716827,"dvar":0.0957840755582,"dvar2":0.224374681711,"max":4.65747499466,"mean":0.268813967705,"median":0.220598235726,"min":-4.50116443634,"var":0.530421972275},"erbbands_spread":{"dmean":8.06812953949,"dmean2":12.3528175354,"dvar":70.5381851196,"dvar2":156.205581665,"max":106.863586426,"mean":32.366317749,"median":31.2614459991,"min":2.37610507011,"var":193.373153687},"gfcc":{"cov":[[12966.0097656,-195.65145874,-335.810028076,1061.23864746,-186.450317383,-825.470397949,779.971008301,-583.22265625,350.808868408,-87.4081192017,26.5507926941,79.176109314,-293.904602051],[-195.65145874,1157.24108887,-59.4505615234,-445.204528809,231.706848145,-34.8273162842,-47.8216362,16.5284309387,43.1152229309,-19.1872558594,27.5393657684,-84.8079223633,127.885719299],[-335.810028076,-59.4505615234,351.381103516,18.4437866211,-36.2321548462,197.705795288,-100.845016479,70.7554855347,-21.1514816284,38.0630569458,-14.5551834106,1.41189563274,-1.54944527149],[1061.23864746,-445.204528809,18.4437866211,418.396789551,-15.4585466385,-74.7116546631,135.056625366,-72.8620758057,23.5810451508,-4.7584104538,-5.36608695984,52.7242469788,-86.7617111206],[-186.450317383,231.706848145,-36.2321548462,-15.4585466385,243.463821411,29.6746006012,40.7359848022,7.5419549942,17.3416614532,-17.4556007385,16.1244621277,-11.0136451721,48.1052818298],[-825.470397949,-34.8273162842,197.705795288,-74.7116546631,29.6746006012,309.18637085,-116.604621887,89.2672424316,-28.5737304688,6.48156881332,-29.0131607056,9.32408428192,25.8164978027],[779.971008301,-47.8216362,-100.845016479,135.056625366,40.7359848022,-116.604621887,227.418197632,-65.5631408691,67.513092041,1.84313035011,15.7360811234,17.9943675995,-23.0044765472],[-583.22265625,16.5284309387,70.7554855347,-72.8620758057,7.5419549942,89.2672424316,-65.5631408691,142.360595703,-8.73485279083,30.563747406,4.16269540787,-17.2213287354,23.4777832031],[350.808868408,43.1152229309,-21.1514816284,23.5810451508,17.3416614532,-28.5737304688,67.513092041,-8.73485279083,112.74420166,21.3916091919,13.5292215347,15.7336616516,-29.8145999908],[-87.4081192017,-19.1872558594,38.0630569458,-4.7584104538,-17.4556007385,6.48156881332,1.84313035011,30.563747406,21.3916091919,68.4821548462,25.6351566315,3.77041697502,9.9545917511],[26.5507926941,27.5393657684,-14.5551834106,-5.36608695984,16.1244621277,-29.0131607056,15.7360811234,4.16269540787,13.5292215347,25.6351566315,56.3580703735,16.0417881012,15.2015657425],[79.176109314,-84.8079223633,1.41189563274,52.7242469788,-11.0136451721,9.32408428192,17.9943675995,-17.2213287354,15.7336616516,3.77041697502,16.0417881012,58.3588600159,0.333144307137],[-293.904602051,127.885719299,-1.54944527149,-86.7617111206,48.1052818298,25.8164978027,-23.0044765472,23.4777832031,-29.8145999908,9.9545917511,15.2015657425,0.333144307137,86.068031311]],"icov":[[0.000153921966557,-0.000222996808589,0.0000216481512325,-0.000576874415856,0.000417829287471,0.0000192715942831,-0.000149504412548,0.000242822643486,-0.00034211439197,0.000264395785052,-0.000172522180947,0.000304949178826,-0.000189490281628],[-0.000222996808589,0.00325800455175,-0.00148160615936,0.00409316504374,-0.00311291799881,0.00185275997501,0.000300224433886,0.000662997830659,-0.0014810108114,0.000963786034845,0.000188160862308,0.00088604085613,-0.00108061300125],[0.0000216481512325,-0.00148160615936,0.00648572156206,-0.0034430467058,0.0023584519513,-0.00468167662621,0.00141228840221,-0.000371662026737,0.000466268480523,-0.00308759044856,-0.00059797585709,0.00165674905293,0.000104152415588],[-0.000576874415856,0.00409316504374,-0.0034430467058,0.0113201076165,-0.00599586963654,0.00372601649724,-0.00227983901277,0.000344610132743,0.00259230239317,-0.00119059358258,0.00281018670648,-0.00576035678387,0.00538942217827],[0.000417829287471,-0.00311291799881,0.0023584519513,-0.00599586963654,0.0100700873882,-0.00401916587725,-0.00130581238773,-0.000203703981242,-0.00248702056706,0.00390527350828,-0.00434158509597,0.00479589682072,-0.00523077230901],[0.0000192715942831,0.00185275997501,-0.00468167662621,0.00372601649724,-0.00401916587725,0.00937057938427,0.00110816047527,-0.00204992340878,-0.000242953174165,0.000772114784922,0.00517768925056,-0.00519778113812,0.000207799472264],[-0.000149504412548,0.000300224433886,0.00141228840221,-0.00227983901277,-0.00130581238773,0.00110816047527,0.00918319728225,0.0014801772777,-0.00441178353503,-0.00076924340101,0.0000440447038272,0.00108619162347,-0.00223250570707],[0.000242822643486,0.000662997830659,-0.000371662026737,0.000344610132743,-0.000203703981242,-0.00204992340878,0.0014801772777,0.0117962565273,-0.00200310884975,-0.00314679741859,-0.00173247267958,0.00487608416006,-0.001951494487],[-0.00034211439197,-0.0014810108114,0.000466268480523,0.00259230239317,-0.00248702056706,-0.000242953174165,-0.00441178353503,-0.00200310884975,0.0184459388256,-0.0081942724064,0.00189592922106,-0.00873325672001,0.0115205636248],[0.000264395785052,0.000963786034845,-0.00308759044856,-0.00119059358258,0.00390527350828,0.000772114784922,-0.00076924340101,-0.00314679741859,-0.0081942724064,0.0268902089447,-0.0116965826601,0.00584406033158,-0.00745193846524],[-0.000172522180947,0.000188160862308,-0.00059797585709,0.00281018670648,-0.00434158509597,0.00517768925056,0.0000440447038272,-0.00173247267958,0.00189592922106,-0.0116965826601,0.0302125290036,-0.0122488355264,0.000032033858588],[0.000304949178826,0.00088604085613,0.00165674905293,-0.00576035678387,0.00479589682072,-0.00519778113812,0.00108619162347,0.00487608416006,-0.00873325672001,0.00584406033158,-0.0122488355264,0.0314131565392,-0.00987273268402],[-0.000189490281628,-0.00108061300125,0.000104152415588,0.00538942217827,-0.00523077230901,0.000207799472264,-0.00223250570707,-0.001951494487,0.0115205636248,-0.00745193846524,0.000032033858588,-0.00987273268402,0.0256941635162]],"mean":[14.7172775269,90.3446121216,-95.3418273926,-0.00860195513815,-23.8041324615,-7.34597063065,6.73208475113,-16.1260490417,4.92481374741,-4.31634998322,-1.82967829704,1.20921576023,-7.00560331345]},"hfc":{"dmean":54.4550895691,"dmean2":90.7984237671,"dvar":3458.76049805,"dvar2":9446.7578125,"max":959.469848633,"mean":216.281356812,"median":210.254684448,"min":5.20789411596e-10,"var":14224.9052734},"melbands":{"dmean":[0.00345172337256,0.00188223959412,0.000491147860885,0.000265269074589,0.000358971912647,0.000306502828607,0.00035480610677,0.000230840902077,0.000210702681215,0.000156865135068,0.000106821578811,0.000077408796642,0.0000643139937893,0.0000668304273859,0.0000477641187899,0.0000288782739517,0.0000186619381566,0.0000182862950169,0.000014414303223,0.0000114559234135,0.00000942536644288,0.00000745812167224,0.00000779875335866,0.00000757540374252,0.00000768504560256,0.00000704397598383,0.00000585068255532,0.00000508952280143,0.00000450346624348,0.00000276518699138,0.00000289700778922,0.00000270708551398,0.00000231850026466,0.00000213778753277,0.00000202743513,0.0000021340749754,0.00000145815386077,6.83218672748e-7,1.51003263227e-7,2.3423591955e-8],"dmean2":[0.0060064829886,0.00319700408727,0.000821835827082,0.000433901965152,0.000578877690714,0.00048542310833,0.000560585933272,0.000358983088518,0.00034878909355,0.000257042702287,0.000176968809683,0.000127904990222,0.000107897467387,0.000114049136755,0.0000820998102427,0.0000496536849823,0.000032040039514,0.0000311647600029,0.0000241758807533,0.0000190971495613,0.0000161066873261,0.0000125645956359,0.0000126555014504,0.000011909695786,0.0000116238215924,0.0000105876888483,0.00000853985147842,0.00000775900025474,0.00000695078870194,0.00000424069185101,0.00000440065559815,0.00000416529746872,0.00000365425239579,0.00000340194765158,0.00000326941790263,0.00000349511606146,0.00000244127568294,0.00000115378156806,2.57957736949e-7,3.78981042104e-8],"dvar":[0.0000308383787342,0.00000689088255967,4.95029439662e-7,3.939756823e-7,8.69250868618e-7,4.66807620114e-7,0.00000102384319689,4.72971379395e-7,2.25440288659e-7,1.29447286668e-7,3.23303339655e-8,2.1301463704e-8,1.76022894038e-8,1.05406918749e-8,4.63075577883e-9,1.10367637252e-9,4.03511224434e-10,4.99279451116e-10,5.53305345985e-10,2.49418846687e-10,1.80961245988e-10,1.21067503245e-10,3.07725928073e-10,3.60970420221e-10,4.42942293954e-10,7.73507535801e-10,5.65668956121e-10,2.22791673998e-10,1.2274734007e-10,3.05966120495e-11,2.84867962552e-11,2.61919791411e-11,2.51011780805e-11,2.31772934178e-11,4.32785612903e-11,5.49598179467e-11,3.35961918008e-11,8.24808624178e-12,3.12690493073e-13,1.36610130184e-15],"dvar2":[0.0000864722169354,0.0000182026360562,0.00000123574670852,8.63805610152e-7,0.00000202430692298,0.00000107714220121,0.00000243107092501,0.00000111718054541,5.84775023071e-7,2.97845730302e-7,8.19435754806e-8,5.48096075192e-8,4.76741490729e-8,2.75402616268e-8,1.32163346933e-8,3.04411518215e-9,1.11627584953e-9,1.40820310968e-9,1.46004808244e-9,6.320394208e-10,4.85106566028e-10,3.09835879175e-10,7.11524228425e-10,8.55714832326e-10,9.05179708965e-10,1.67465397105e-9,1.11299081063e-9,4.72677008645e-10,2.60780674832e-10,6.32359026254e-11,6.07342093284e-11,6.0781844835e-11,6.12358497243e-11,5.78107908766e-11,1.1279917278e-10,1.39916953024e-10,8.65664762095e-11,2.15577781321e-11,8.41335627468e-13,3.28395499508e-15],"max":[0.0595522224903,0.0315080061555,0.0128264958039,0.0229927822948,0.0241414103657,0.0335948355496,0.0245272722095,0.0143484557047,0.0114961108193,0.00746380304918,0.00462761567906,0.00359908724204,0.00572668248788,0.00220163795166,0.00164616690017,0.000757777190302,0.00024197838502,0.00043331287452,0.000658647681121,0.000246766692726,0.000166470912518,0.000214957486605,0.000793722865637,0.00071233935887,0.000717341725249,0.00133462110534,0.000981883495115,0.000530311430339,0.000421775097493,0.000248505413765,0.000228840435739,0.000102852362033,0.0000888300928636,0.0000591413190705,0.000188537480426,0.000131751774461,0.000129533960717,0.0000638080091449,0.0000104586752059,7.10553365479e-7],"mean":[0.00412503862754,0.00244076433592,0.000683715799823,0.000344595842762,0.000460857118014,0.000482726143673,0.000537017185707,0.000346563931089,0.000297090096865,0.000242114212597,0.000173358814209,0.000130561267724,0.000107536288851,0.000116682924272,0.000085178828158,0.0000524807219335,0.0000354698386218,0.0000340830447385,0.0000265600028797,0.0000207444318221,0.0000157290178322,0.0000124481230159,0.0000134944366437,0.0000139347876029,0.0000139799849421,0.0000118449524962,0.000010065292372,0.00000933196861297,0.00000863846798893,0.0000054056990848,0.00000503158753418,0.00000407622201237,0.00000308662629322,0.00000261990885519,0.00000206254162549,0.00000193916230273,0.00000115397608624,5.18025274232e-7,1.26083378404e-7,2.59509729261e-8],"median":[0.00229683984071,0.00165532983374,0.000425440142862,0.000169801991433,0.000194977183128,0.000283815636067,0.000201392875169,0.0000981668199529,0.000133537643705,0.000124305821373,0.000109757325845,0.0000785210941103,0.000071677910455,0.0000862420129124,0.0000670468143653,0.0000433895293099,0.0000303442757286,0.0000275236125162,0.0000193628111447,0.0000143331835716,0.000010782060599,0.00000744416593079,0.00000675680530549,0.00000649026878818,0.00000584299050388,0.00000424253312303,0.00000357699218512,0.00000418131503466,0.00000430503678217,0.00000311920143758,0.00000244154966822,0.00000163011679888,0.00000100547708826,6.60000637254e-7,4.57035753243e-7,3.07778122988e-7,1.24580452621e-7,4.86613487283e-8,2.62682746666e-8,1.17047083137e-8],"min":[1.59367987575e-18,1.54096293153e-18,1.45276262737e-18,1.38458288577e-18,1.39965825243e-18,1.59027457997e-18,2.07527290698e-18,2.93695956559e-18,4.16410909447e-18,5.68295993727e-18,7.16883108904e-18,8.19023536378e-18,8.31408663536e-18,7.30293112841e-18,5.3709651946e-18,3.14209663519e-18,1.40349337194e-18,5.06883975061e-19,1.9134516413e-19,1.0811550459e-19,5.27112108254e-19,1.71523851287e-18,2.43813222629e-18,1.2897142651e-18,1.04765102577e-18,6.19536648029e-18,1.22225497713e-17,1.01297166471e-17,3.67450585299e-18,8.57126463583e-19,7.25016207181e-19,5.13615932777e-19,3.97194800714e-18,4.15202977599e-18,8.5461868978e-18,1.91786308339e-17,1.12754196981e-17,6.17050531883e-17,1.16296207525e-16,2.0368465625e-17],"var":[0.0000287089533231,0.0000074147669693,7.52033656681e-7,5.93238382862e-7,0.0000010487410691,6.8725859137e-7,0.00000157688987201,8.30918111205e-7,3.2834537933e-7,2.11441886222e-7,4.88937033083e-8,3.41692043548e-8,2.3308908581e-8,1.76352354941e-8,7.33950145104e-9,1.82434645168e-9,6.88848755814e-10,8.46187730996e-10,9.31562382789e-10,4.55091686558e-10,2.60113541817e-10,2.37982439311e-10,6.55131671135e-10,8.38163205508e-10,1.08711384339e-9,1.50928836096e-9,1.28444399561e-9,5.21254983621e-10,3.00524244379e-10,8.22554593882e-11,6.18682743925e-11,4.33905446295e-11,3.35248322159e-11,2.61312638195e-11,3.33559291299e-11,4.24232975138e-11,2.49200902969e-11,5.92355635029e-12,2.15875399696e-13,1.59749439764e-15]},"melbands_crest":{"dmean":4.94220685959,"dmean2":8.30261707306,"dvar":17.2830448151,"dvar2":47.4468307495,"max":38.075630188,"mean":15.994383812,"median":14.9229049683,"min":3.83447051048,"var":40.7084274292},"melbands_flatness_db":{"dmean":0.0351689010859,"dmean2":0.0559927783906,"dvar":0.000889501301572,"dvar2":0.00231018732302,"max":0.529389619827,"mean":0.220926254988,"median":0.212201297283,"min":0.0633546411991,"var":0.00440674135461},"melbands_kurtosis":{"dmean":7.63406181335,"dmean2":13.0302772522,"dvar":167.520889282,"dvar2":465.993255615,"max":235.796676636,"mean":10.6971874237,"median":6.01022958755,"min":-1.95110237598,"var":243.558990479},"melbands_skewness":{"dmean":0.913489282131,"dmean2":1.49818050861,"dvar":0.888167083263,"dvar2":2.41234898567,"max":13.1683893204,"mean":2.44859313965,"median":2.15429258347,"min":-4.81319141388,"var":2.38480973244},"melbands_spread":{"dmean":7.00478363037,"dmean2":11.1450185776,"dvar":68.9964065552,"dvar2":161.737960815,"max":325.818664551,"mean":21.8512763977,"median":18.6005210876,"min":0.74464058876,"var":337.493133545},"mfcc":{"cov":[[8854.03027344,-279.970672607,-163.71131897,1309.35766602,-728.918029785,330.38848877,-209.01600647,203.189254761,-267.74621582,197.659912109,-51.8727416992,178.165222168,-83.2601470947],[-279.970672607,1474.16259766,-100.724029541,-336.8565979,203.469116211,-92.1015701294,49.2922554016,-93.5709762573,132.582489014,-48.4718818665,53.462726593,-25.6395778656,39.7632331848],[-163.71131897,-100.724029541,374.632324219,-154.708770752,87.6729431152,23.3231983185,-8.31006813049,6.50012874603,-5.18797302246,27.811662674,-19.7621192932,27.5127162933,-23.679681778],[1309.35766602,-336.8565979,-154.708770752,529.312744141,-203.695785522,83.9585494995,-24.5232830048,49.5762557983,-72.7203140259,39.0029716492,12.9896745682,20.8819675446,3.69749236107],[-728.918029785,203.469116211,87.6729431152,-203.695785522,298.533447266,-4.13385295868,60.5851478577,0.890956997871,54.1619491577,-18.3985214233,-2.56424808502,-22.6766624451,8.6253900528],[330.38848877,-92.1015701294,23.3231983185,83.9585494995,-4.13385295868,178.446975708,-1.97463726997,69.0410995483,-12.9358711243,31.3359146118,-31.7955799103,12.5792961121,3.87408971786],[-209.01600647,49.2922554016,-8.31006813049,-24.5232830048,60.5851478577,-1.97463726997,114.998275757,-9.85294342041,39.4993057251,-18.6356143951,-1.51347315311,-19.4466266632,10.2953481674],[203.189254761,-93.5709762573,6.50012874603,49.5762557983,0.890956997871,69.0410995483,-9.85294342041,104.293640137,-4.30091381073,36.3934516907,-12.8390779495,11.9017286301,-9.37844848633],[-267.74621582,132.582489014,-5.18797302246,-72.7203140259,54.1619491577,-12.9358711243,39.4993057251,-4.30091381073,88.1467971802,3.03582310677,21.9599170685,-6.99230337143,16.2016677856],[197.659912109,-48.4718818665,27.811662674,39.0029716492,-18.3985214233,31.3359146118,-18.6356143951,36.3934516907,3.03582310677,71.9822998047,12.7596616745,29.69880867,-0.0914983451366],[-51.8727416992,53.462726593,-19.7621192932,12.9896745682,-2.56424808502,-31.7955799103,-1.51347315311,-12.8390779495,21.9599170685,12.7596616745,73.0092010498,13.2795114517,19.6256809235],[178.165222168,-25.6395778656,27.5127162933,20.8819675446,-22.6766624451,12.5792961121,-19.4466266632,11.9017286301,-6.99230337143,29.69880867,13.2795114517,61.4111442566,10.271071434],[-83.2601470947,39.7632331848,-23.679681778,3.69749236107,8.6253900528,3.87408971786,10.2953481674,-9.37844848633,16.2016677856,-0.0914983451366,19.6256809235,10.271071434,53.0714492798]],"icov":[[0.000245992501732,-0.000207981312997,-0.000188958234503,-0.000620489823632,0.000290997384582,-0.0000810767523944,0.0000628301349934,-0.000149978441186,0.000149297222379,-0.000102556521597,0.000286894501187,-0.00038467955892,0.000343201478245],[-0.000207981312997,0.00117962085642,0.000736768764909,0.00104807631578,-0.000666691572405,-0.000141826705658,0.000191071711015,0.00084075256018,-0.000956454488914,0.000145912956214,-0.000626639812253,0.0000820422574179,-0.000216087762965],[-0.000188958234503,0.000736768764909,0.00427957810462,0.00197627511807,-0.00125839060638,-0.000916661578231,-0.0000624435197096,0.00136102060787,0.000579838233534,-0.00164807739202,-0.0000897396384971,-0.00168352748733,0.00162654230371],[-0.000620489823632,0.00104807631578,0.00197627511807,0.00554188713431,0.000883456843439,-0.00141795712989,-0.00136835069861,0.0000874100005603,0.00203163223341,-0.000960424367804,-0.00266103935428,0.00104992673732,-0.000863229099195],[0.000290997384582,-0.000666691572405,-0.00125839060638,0.000883456843439,0.00606691744179,-0.00053540058434,-0.00206813029945,-0.00179728108924,-0.000190208258573,0.00053261249559,-0.00025351747172,0.00105709419586,-0.000582179462072],[-0.0000810767523944,-0.000141826705658,-0.000916661578231,-0.00141795712989,-0.00053540058434,0.00939538888633,-0.000246170064202,-0.00472733704373,-0.000107540909084,-0.00147576117888,0.00446378719062,0.0000819631386548,-0.00335387419909],[0.0000628301349934,0.000191071711015,-0.0000624435197096,-0.00136835069861,-0.00206813029945,-0.000246170064202,0.0122693665326,0.000941551174037,-0.00565012544394,0.00236430135556,0.00167104019783,0.00139888352714,-0.000996507587843],[-0.000149978441186,0.00084075256018,0.00136102060787,0.0000874100005603,-0.00179728108924,-0.00472733704373,0.000941551174037,0.0162049308419,-0.00148084945977,-0.00586934061721,0.00108021823689,-0.000488564663101,0.00319117377512],[0.000149297222379,-0.000956454488914,0.000579838233534,0.00203163223341,-0.000190208258573,-0.000107540909084,-0.00565012544394,-0.00148084945977,0.0194972995669,-0.00404612999409,-0.0046708015725,0.00231118756346,-0.00273800385185],[-0.000102556521597,0.000145912956214,-0.00164807739202,-0.000960424367804,0.00053261249559,-0.00147576117888,0.00236430135556,-0.00586934061721,-0.00404612999409,0.0238245595247,-0.00412752525881,-0.00759218493477,0.00185863254592],[0.000286894501187,-0.000626639812253,-0.0000897396384971,-0.00266103935428,-0.00025351747172,0.00446378719062,0.00167104019783,0.00108021823689,-0.0046708015725,-0.00412752525881,0.021027546376,-0.00306392833591,-0.00511714490131],[-0.00038467955892,0.0000820422574179,-0.00168352748733,0.00104992673732,0.00105709419586,0.0000819631386548,0.00139888352714,-0.000488564663101,0.00231118756346,-0.00759218493477,-0.00306392833591,0.0243988223374,-0.00633236393332],[0.000343201478245,-0.000216087762965,0.00162654230371,-0.000863229099195,-0.000582179462072,-0.00335387419909,-0.000996507587843,0.00319117377512,-0.00273800385185,0.00185863254592,-0.00511714490131,-0.00633236393332,0.0253822989762]],"mean":[-643.491210938,149.810836792,-13.8403129578,24.8598384857,-11.7709274292,23.5136451721,-1.83953738213,12.2582206726,-0.0196050293744,8.97236442566,0.578588604927,8.17910385132,2.0872797966]},"pitch_salience":{"dmean":0.0842017233372,"dmean2":0.139188751578,"dvar":0.00520864734426,"dvar2":0.0144349969923,"max":0.993413925171,"mean":0.553988099098,"median":0.577723026276,"min":0.0912296622992,"var":0.0143246985972},"silence_rate_20dB":{"dmean":0,"dmean2":0,"dvar":0,"dvar2":0,"max":1,"mean":1,"median":1,"min":1,"var":0},"silence_rate_30dB":{"dmean":0.0160396266729,"dmean2":0.0320830382407,"dvar":0.0157830733806,"dvar2":0.0423773489892,"max":1,"mean":0.989504694939,"median":1,"min":0,"var":0.0103846956044},"silence_rate_60dB":{"dmean":0.00636867573485,"dmean2":0.012738853693,"dvar":0.00632949033752,"dvar2":0.0142259011045,"max":1,"mean":0.0433962270617,"median":0,"min":0,"var":0.0415070019662},"spectral_centroid":{"dmean":250.688232422,"dmean2":369.482757568,"dvar":77277.53125,"dvar2":142572.453125,"max":11538.9189453,"mean":1312.01049805,"median":1169.29931641,"min":273.130004883,"var":472738.0625},"spectral_complexity":{"dmean":4.05354404449,"dmean2":6.21231412888,"dvar":14.8944606781,"dvar2":30.7367668152,"max":64,"mean":24.7466983795,"median":24,"min":0,"var":113.017204285},"spectral_contrast_coeffs":{"dmean":[0.0539920702577,0.0495162457228,0.0360570400953,0.025288272649,0.0217348113656,0.0409214831889],"dmean2":[0.0905253067613,0.0826781392097,0.0610243268311,0.0432842224836,0.0352489687502,0.061436470598],"dvar":[0.00180463213474,0.00156186358072,0.000799606437795,0.000369422952645,0.000403914047638,0.00130892801099],"dvar2":[0.00492438627407,0.00415586074814,0.00224623270333,0.00108782143798,0.00101947435178,0.00285761523992],"max":[-0.376715153456,-0.477266043425,-0.59202671051,-0.67055106163,-0.640417098999,-0.416832447052],"mean":[-0.718060851097,-0.764219522476,-0.812303960323,-0.82262980938,-0.819590747356,-0.699874222279],"median":[-0.72261595726,-0.769928574562,-0.816528916359,-0.823262691498,-0.821407139301,-0.689842700958],"min":[-0.998955726624,-0.998252391815,-0.99372190237,-0.992094218731,-0.95914208889,-0.958953380585],"var":[0.0045656519942,0.00417463481426,0.00178442220204,0.000752086460125,0.00132453930564,0.00788165815175]},"spectral_contrast_valleys":{"dmean":[0.408095628023,0.34514066577,0.27366861701,0.242364525795,0.317370295525,0.565816581249],"dmean2":[0.677841365337,0.573492348194,0.459332227707,0.39794665575,0.468557834625,0.866214454174],"dvar":[0.124298743904,0.0972185954452,0.0707949325442,0.0678198337555,0.142040640116,0.247442185879],"dvar2":[0.297469735146,0.214901849627,0.15115724504,0.130969241261,0.275555193424,0.566255569458],"max":[-4.97125673294,-4.45063829422,-5.03869056702,-5.93560886383,-5.44826126099,-8.27997875214],"mean":[-6.83404350281,-6.29234075546,-6.5698800087,-7.1139960289,-7.50133609772,-10.9369306564],"median":[-6.63091754913,-6.1118721962,-6.37996387482,-6.90408277512,-7.15791606903,-10.8038043976],"min":[-27.1906547546,-27.5078487396,-27.459815979,-27.5120735168,-27.3012199402,-27.2748775482],"var":[1.42686998844,1.35160911083,1.1556198597,1.13092839718,1.70765411854,1.11804592609]},"spectral_decrease":{"dmean":4.58596760566e-9,"dmean2":7.71784325337e-9,"dvar":3.43691559282e-17,"dvar2":9.34504650054e-17,"max":4.64333638206e-9,"mean":-7.08155578621e-9,"median":-5.50429923862e-9,"min":-6.22186817623e-8,"var":3.86358064673e-17},"spectral_energy":{"dmean":0.0174364764243,"dmean2":0.0287876427174,"dvar":0.000478287198348,"dvar2":0.00125868571922,"max":0.245088741183,"mean":0.0463447086513,"median":0.0423688217998,"min":4.29403725305e-14,"var":0.000743432377931},"spectral_energyband_high":{"dmean":0.000576271384489,"dmean2":0.000840145745315,"dvar":0.0000013504098888,"dvar2":0.0000030311964565,"max":0.0259734075516,"mean":0.00115402310621,"median":0.00066230626544,"min":4.16453133643e-14,"var":0.00000270982241091},"spectral_energyband_low":{"dmean":0.0138232819736,"dmean2":0.0237087886781,"dvar":0.000389791530324,"dvar2":0.00107201898936,"max":0.231506034732,"mean":0.0190953984857,"median":0.0130717642605,"min":1.08609194931e-17,"var":0.000394640199374},"spectral_energyband_middle_high":{"dmean":0.00164197292179,"dmean2":0.0026081954129,"dvar":0.00000424754034611,"dvar2":0.0000103672991827,"max":0.0511935278773,"mean":0.00533981667832,"median":0.00458222255111,"min":6.07597908889e-16,"var":0.0000165811234183},"spectral_energyband_middle_low":{"dmean":0.0050312760286,"dmean2":0.00788510031998,"dvar":0.0000733620836399,"dvar2":0.00017135872622,"max":0.160551711917,"mean":0.0114596877247,"median":0.00714747328311,"min":1.00032182321e-16,"var":0.000169009334059},"spectral_entropy":{"dmean":0.163426578045,"dmean2":0.231892734766,"dvar":0.0255089737475,"dvar2":0.0515174493194,"max":9.78916358948,"mean":7.69019937515,"median":7.76213169098,"min":5.83517980576,"var":0.137612074614},"spectral_flux":{"dmean":0.0299844294786,"dmean2":0.0479893349111,"dvar":0.00114024884533,"dvar2":0.0023417819757,"max":0.381936788559,"mean":0.125070869923,"median":0.119811624289,"min":0.0000476864479424,"var":0.00275152572431},"spectral_kurtosis":{"dmean":4.71054315567,"dmean2":6.94569969177,"dvar":61.2421913147,"dvar2":160.226974487,"max":157.675064087,"mean":15.3270721436,"median":12.5542564392,"min":-1.17870295048,"var":145.073516846},"spectral_rms":{"dmean":0.00116478372365,"dmean2":0.00188472645823,"dvar":0.0000015493144474,"dvar2":0.00000401023362429,"max":0.0154632134363,"mean":0.00637294957414,"median":0.00642926385626,"min":6.47248388219e-9,"var":0.00000459976308775},"spectral_rolloff":{"dmean":5310.22216797,"dmean2":10221.7275391,"dvar":65330372,"dvar2":159689312,"max":22028.4667969,"mean":15505.9726562,"median":21210.2050781,"min":43.06640625,"var":79306192},"spectral_skewness":{"dmean":0.406889528036,"dmean2":0.572403788567,"dvar":0.228875786066,"dvar2":0.516089498997,"max":9.82506561279,"mean":2.49452114105,"median":2.29491949081,"min":-0.0656285211444,"var":0.959896147251},"spectral_spread":{"dmean":536988.75,"dmean2":798919.625,"dvar":400550428672,"dvar2":729822527488,"max":39496536,"mean":4283883,"median":4164239.5,"min":719928.3125,"var":1884818374660},"spectral_strongpeak":{"dmean":3.32214379311,"dmean2":6.3603181839,"dvar":151.191848755,"dvar2":414.788604736,"max":140.22076416,"mean":2.37283849716,"median":0.260569661856,"min":0,"var":104.625152588},"zerocrossingrate":{"dmean":0.0407885015011,"dmean2":0.0549856647849,"dvar":0.00120818894356,"dvar2":0.00214791670442,"max":0.6318359375,"mean":0.290118694305,"median":0.296875,"min":0.01220703125,"var":0.00866297446191}},"metadata":{"audio_properties":{"analysis_sample_rate":44100,"bit_rate":256000,"codec":"mp3","downmix":"mix","equal_loudness":0,"length":196.859848022,"lossless":false,"md5_encoded":"76d45e6a2fa072078293c09661bafdf8","replay_gain":-4.25204467773},"tags":{"album":["Only Revolutions"],"albumartist":["Biffy Clyro"],"albumartistsort":["Biffy Clyro"],"artist":["Biffy Clyro"],"artistsort":["Biffy Clyro"],"asin":["B002NX0LO2"],"barcode":["5051865614524"],"catalognumber":["5186561452"],"composer":["Biffy Clyro"],"conductor":[""],"copyright":["2009 14th Floor Records"],"date":["2009"],"discnumber":["1/1"],"file_name":"09. Booooom, Blast & Ruin.mp3","genre":["Rock"],"isrc":["GBFTG0900063"],"label":["14th Floor Records"],"media":["CD"],"musicbrainz album release country":["GB"],"musicbrainz album status":["official"],"musicbrainz album type":["album"],"musicbrainz_albumartistid":["892500b7-09a6-4049-ba92-2d192dd70563"],"musicbrainz_albumid":["e62635aa-4684-4950-936f-d614806a821f"],"musicbrainz_artistid":["892500b7-09a6-4049-ba92-2d192dd70563"],"musicbrainz_recordingid":["4fee55ed-401b-49b1-93c7-8d2afe63e0b2"],"originaldate":["2009"],"script":["Latn"],"title":["Booooom, Blast & Ruin"],"tracknumber":["9/12"]},"version":{"essentia":"2.1-beta1","essentia_build_sha":"12879b851c9f4b0d899e1af4e221aa110f283a84","essentia_git_sha":"v2.1_beta1-7-ge0e83e8-dirty","extractor":"music 1.0"}},"rhythm":{"beats_count":314,"beats_loudness":{"dmean":0.0192529801279,"dmean2":0.0333252549171,"dvar":0.000286920898361,"dvar2":0.000761043338571,"max":0.130630493164,"mean":0.0506095811725,"median":0.0506057813764,"min":1.3872840654e-8,"var":0.00059998605866},"beats_loudness_band_ratio":{"dmean":[0.149549365044,0.0628332644701,0.0790302380919,0.0518528148532,0.0261910203844,0.0835958272219],"dmean2":[0.254879355431,0.109229408205,0.136789649725,0.0909757837653,0.0446647591889,0.139576822519],"dvar":[0.0121766338125,0.00545748462901,0.00921174325049,0.00364300468937,