{"lowlevel":{"average_loudness":0.623794436455,"barkbands":{"dmean":[0.0000615360040683,0.00299822515808,0.00227627111599,0.000864268979058,0.0014929730678,0.000748943537474,0.000750548671931,0.000613666081335,0.000527178286575,0.000865041685756,0.000473917112686,0.000703543773852,0.000306983274641,0.000321475585224,0.000301449064864,0.000217025532038,0.000249344186159,0.000231146084843,0.000221399284783,0.00018371551414,0.000197761881282,0.000205583201023,0.000105107552372,0.0000531487021362,0.0000419604766648,0.0000193479245354,0.00000482127825308],"dmean2":[0.000090432477009,0.00558313447982,0.00420969957486,0.00152998405974,0.00256195198745,0.00117030215915,0.00116701121442,0.000911582086701,0.000786702963524,0.00123171205632,0.000717886025086,0.00113631994464,0.00049044721527,0.000509332981892,0.0004831898259,0.00035145750735,0.000417066534283,0.000386458472349,0.000379591045203,0.000314050732413,0.0003410235513,0.000339116668329,0.000168407990714,0.0000830234057503,0.0000641962469672,0.0000301084019156,0.00000768258541939],"dvar":[4.94940692874e-8,0.00024934776593,0.000152660824824,0.00000968306085269,0.000022021427867,0.00000336702396453,0.00000437956350652,0.00000419518846684,0.00000210708481063,0.00000735065987101,0.00000195151142179,0.00000440315852757,0.00000107109178771,6.95820745023e-7,6.41102019472e-7,3.79245761906e-7,4.4860627213e-7,4.0776546939e-7,4.54934195204e-7,4.59667120367e-7,0.00000124333178064,0.00000111324118279,1.83757379091e-7,4.29329958251e-8,2.54113334819e-8,6.27883744997e-9,4.59461052538e-10],"dvar2":[1.02215274467e-7,0.00072328344686,0.000441635784227,0.0000282271394099,0.0000619683341938,0.00000800021371106,0.0000109315988084,0.00000886072029971,0.00000444004399469,0.0000149519037222,0.00000401887018597,0.0000115379134513,0.00000240553890762,0.00000168058090821,0.00000157635452069,9.92069658423e-7,0.00000125828580622,0.00000113264911761,0.00000130018884192,0.00000130342232296,0.00000357642466042,0.00000312098268296,4.92060166835e-7,1.08599479631e-7,5.71912615044e-8,1.39741995753e-8,1.107267944e-9],"max":[0.00682495906949,0.30371928215,0.184413999319,0.064769141376,0.0925406217575,0.0517095811665,0.0501122884452,0.0700874701142,0.0398286916316,0.0886298269033,0.0573058463633,0.0578032582998,0.075132869184,0.0343257971108,0.0306937266141,0.0180406775326,0.0176257696003,0.0148084731773,0.0145918959752,0.0175422765315,0.0326954722404,0.0321688130498,0.00936203356832,0.0073291612789,0.00645606173202,0.00389556656592,0.000621295301244],"mean":[0.0000807750911918,0.00255876244046,0.00193080271129,0.0013315284159,0.00236424454488,0.0014921722468,0.00136471213773,0.00116847269237,0.00104263029061,0.0018494753167,0.000845292641316,0.00117312080692,0.000483158044517,0.000492302526254,0.00050192209892,0.000327513291268,0.000381579739042,0.00036941820872,0.000357081589755,0.000293684424832,0.000280379113974,0.000289733754471,0.000168083657627,0.0000904745247681,0.0000611128925811,0.0000229167890211,0.00000507766753799],"median":[0.00000782665210863,0.00057296542218,0.000349359412212,0.00047185641597,0.00110069056973,0.000565541442484,0.000308641698211,0.000271399505436,0.000257660809439,0.000320714287227,0.000110230095743,0.00016296353715,0.0000876992198755,0.0000987545499811,0.0000881646556081,0.0000603409753239,0.000077496340964,0.000057194094552,0.0000480142771266,0.0000663280952722,0.0000613725351286,0.000038749534724,0.0000201197854039,0.0000100915467556,0.0000053352850955,0.00000113908924959,1.7085460513e-7],"min":[1.59591060099e-25,9.18819034038e-25,5.14243435756e-25,3.37952424487e-25,4.46753545415e-24,2.86231888294e-24,4.08050136139e-24,3.00922233564e-24,1.19913704906e-23,1.09360852253e-23,1.38328842323e-23,1.77729793966e-23,1.98196947925e-23,3.28787317203e-23,4.18153708841e-23,4.62679006261e-23,5.41612081339e-23,7.28493292895e-23,5.00604472467e-23,3.74412192062e-23,2.84415058799e-23,1.96492724379e-23,1.47889757608e-23,1.22900135078e-23,3.90855966077e-23,2.20924361926e-23,3.07471317357e-23],"var":[7.30218658873e-8,0.000142695731483,0.0000866617410793,0.00000775764601713,0.0000217045217141,0.00000893934884516,0.0000100973102235,0.000013511720681,0.00000714139559932,0.0000340614242305,0.00000636300865153,0.0000107485038825,0.00000273330806522,0.00000137939457545,0.00000143960448895,5.81630217766e-7,7.02692489085e-7,6.41498331788e-7,5.87056547374e-7,4.44390735765e-7,8.79633944351e-7,9.3287656e-7,2.21298719794e-7,6.89924775088e-8,3.92446821706e-8,8.39548075504e-9,4.75416928047e-10]},"barkbands_crest":{"dmean":2.3466668129,"dmean2":3.74422693253,"dvar":4.93821239471,"dvar2":12.6471939087,"max":26.9169902802,"mean":9.60431289673,"median":8.6863899231,"min":2.22908496857,"var":16.8830413818},"barkbands_flatness_db":{"dmean":0.019494138658,"dmean2":0.0297505557537,"dvar":0.000535128056072,"dvar2":0.00123908068053,"max":1,"mean":0.132684499025,"median":0.127044305205,"min":0.0206773765385,"var":0.0029549957253},"barkbands_kurtosis":{"dmean":3.46555566788,"dmean2":6.0543050766,"dvar":7519.95361328,"dvar2":22231.1542969,"max":7459.20849609,"mean":3.54860234261,"median":0.815818190575,"min":-1.93235373497,"var":4239.00537109},"barkbands_skewness":{"dmean":0.483068317175,"dmean2":0.765876054764,"dvar":1.06193578243,"dvar2":2.89394426346,"max":83.6971969604,"mean":1.10495305061,"median":0.902949094772,"min":-2.22146201134,"var":1.95470201969},"barkbands_spread":{"dmean":5.19321632385,"dmean2":8.07781028748,"dvar":44.9941177368,"dvar2":100.902023315,"max":104.492156982,"mean":22.7452964783,"median":20.4784145355,"min":0.00306499213912,"var":191.241363525},"dissonance":{"dmean":0.0217535477132,"dmean2":0.0366616509855,"dvar":0.000528878998011,"dvar2":0.00146491406485,"max":0.500000059605,"mean":0.457933247089,"median":0.467324346304,"min":0.231264084578,"var":0.00117148086429},"dynamic_complexity":6.57636117935,"erbbands":{"dmean":[0.0524621754885,0.797935009003,2.66965556145,2.66948056221,4.43043136597,5.05192375183,4.9656586647,6.21895980835,9.98348808289,10.2142343521,14.3555898666,12.5602626801,17.7601852417,29.2297172546,18.9429225922,31.8367786407,14.9967374802,16.5820350647,15.9725522995,11.7566184998,12.176820755,10.775800705,12.4046297073,12.5968122482,8.86521816254,8.55317115784,7.29762029648,8.69235420227,7.87829303741,4.78154993057,2.85460233688,1.29820942879,0.865696072578,0.471123248339,0.298800766468,0.121593572199,0.0295521672815,0.00558409048244,0.000870628748089,0.0000496418433613],"dmean2":[0.0943560525775,1.49849832058,4.95475482941,4.85652971268,7.69792175293,8.73367118835,7.61176252365,9.87405586243,15.729300499,15.6579742432,21.022436142,18.6089572906,26.4534168243,40.6795806885,28.7110424042,51.1794548035,24.0182971954,26.2459640503,25.3088760376,19.3384151459,19.8624382019,18.0844192505,20.8426418304,21.2229537964,15.2014093399,14.7483291626,12.5031118393,14.8584108353,13.121336937,7.74327325821,4.55581474304,2.02071499825,1.36294233799,0.731301248074,0.460481137037,0.190382048488,0.0458279177547,0.00866287294775,0.0013912008144,0.0000806251337053],"dvar":[0.0657746940851,18.3166103363,211.475021362,139.188690186,198.130981445,244.900405884,173.530151367,273.966186523,757.440612793,851.334106445,2755.63671875,1357.52062988,3475.20703125,9303.80566406,2178.97607422,9209.07519531,2415.64160156,1765.89794922,2098.62158203,1031.87939453,1158.61853027,794.153930664,1110.07312012,1510.44628906,808.382507324,1161.56335449,1346.37854004,2547.72729492,1819.0369873,439.087249756,133.307281494,29.1197757721,10.6617975235,3.40831184387,1.31019926071,0.250552803278,0.0140984589234,0.000493656436447,0.0000157027461682,3.88588929923e-8],"dvar2":[0.187030792236,53.3567848206,610.339660645,407.079833984,554.790771484,691.887084961,390.055358887,678.986633301,1889.61132812,1910.79663086,5845.48974609,2764.87084961,7874.38378906,17531.4199219,4818.71826172,24326.734375,5564.96191406,4191.59130859,4997.62597656,2769.53759766,3069.01293945,2252.83447266,3125.07080078,4259.39697266,2302.06469727,3313.44921875,3860.43066406,7304.32519531,5142.64013672,1193.4576416,353.027069092,74.0123443604,27.4951705933,8.00956058502,2.9162838459,0.568750858307,0.0323818139732,0.00111041811761,0.0000376184543711,9.64466337905e-8],"max":[5.29729509354,78.5063705444,206.229400635,208.921691895,259.699584961,275.851226807,382.40524292,490.987335205,586.731506348,878.948852539,1905.0267334,1220.18408203,2112.83203125,3204.67480469,1267.66625977,2450.12182617,3669.65551758,1614.78930664,1599.15783691,930.059143066,825.977661133,883.58001709,725.67779541,1044.28771973,648.237792969,983.133483887,1052.24707031,1612.20812988,1387.39587402,470.524749756,258.451019287,157.475036621,101.303977966,77.1657714844,43.1879920959,23.4970016479,4.92755079269,0.670773863792,0.120035745203,0.00537348445505],"mean":[0.0520350895822,0.65359377861,2.21104240417,3.53571128845,6.45602560043,7.82964515686,9.59812545776,11.8263368607,18.4182071686,20.135017395,28.8043193817,25.8972587585,35.0861473083,64.790473938,36.6076202393,53.5207138062,25.8118839264,27.4517917633,27.9638195038,19.6052684784,20.2709579468,18.1994724274,20.9427471161,20.6194210052,15.2567939758,13.6979150772,11.1637935638,12.0580329895,10.9074258804,7.09524679184,4.64594650269,2.11578798294,1.4574034214,0.758975684643,0.396725207567,0.140502691269,0.0356707051396,0.0069298571907,0.000918193079997,0.0000673369941069],"median":[0.0118442364037,0.133000731468,0.436093866825,1.31193578243,2.70994734764,3.46620845795,3.31297802925,4.55588626862,5.42160749435,4.6156539917,7.22792100906,7.2014336586,10.5755491257,9.55714893341,9.0194940567,9.70905208588,7.11867618561,7.31772184372,5.49656391144,5.34671783447,4.6884522438,4.69708824158,3.84412503242,2.88896203041,3.09567785263,3.37619519234,2.06603622437,2.63860249519,1.47712230682,0.928273797035,0.537773668766,0.251334398985,0.13889811933,0.0733065083623,0.0281871631742,0.00720233330503,0.00175511837006,0.000333325384418,0.0000385574458051,0.0000270142900263],"min":[2.06475475145e-23,2.25132672953e-22,1.40305795909e-21,5.8619099227e-21,9.66863629915e-21,1.26881056445e-20,2.537768632e-20,4.47699518888e-20,9.48036223691e-20,1.46138683829e-19,1.50011595155e-19,2.54243499695e-19,3.21381665811e-19,6.31661947417e-19,7.42081770398e-19,8.79926818288e-19,1.59903039015e-18,1.76653994426e-18,1.63097569182e-18,2.61559576171e-18,3.31253885476e-18,3.99714434219e-18,5.39851403131e-18,6.49778164429e-18,5.58887724158e-18,7.6759457441e-18,9.04458885946e-18,8.90291019132e-18,1.01904457661e-17,1.01643837865e-17,1.03422706316e-17,1.03153136426e-17,8.833276473e-18,8.02013228826e-18,5.32755434246e-18,3.8544395565e-18,2.35524790173e-18,9.67030177561e-19,2.46670402693e-19,2.66426086509e-20],"var":[0.0420327670872,10.2437953949,120.117431641,87.37109375,178.795349121,264.412200928,478.08895874,631.526428223,1630.95861816,2711.75439453,9354.6953125,4611.98486328,8009.50097656,47861.4296875,6704.43994141,21257.4882812,5957.41210938,3704.06860352,4795.53759766,1583.61450195,1971.9317627,1233.51379395,1838.93237305,2239.50805664,910.500732422,1040.04663086,1054.55822754,1794.69360352,1446.45239258,443.550872803,172.984405518,41.0465888977,18.1834907532,5.35093307495,1.93553173542,0.326847136021,0.0181297287345,0.000642565893941,0.0000162816613738,3.8330991714e-8]},"erbbands_crest":{"dmean":2.81987166405,"dmean2":4.51418304443,"dvar":7.38841724396,"dvar2":17.7470779419,"max":35.7643661499,"mean":10.7720451355,"median":9.23832416534,"min":2.16712474823,"var":33.0332946777},"erbbands_flatness_db":{"dmean":0.0177556853741,"dmean2":0.0254625622183,"dvar":0.000344063824741,"dvar2":0.000651199487038,"max":0.370472490788,"mean":0.173566326499,"median":0.172395423055,"min":0.0414732582867,"var":0.00243436265737},"erbbands_kurtosis":{"dmean":1.0850828886,"dmean2":1.69055986404,"dvar":17.6979084015,"dvar2":28.678440094,"max":319.429718018,"mean":1.04388320446,"median":-0.0705491378903,"min":-1.84562408924,"var":31.9790019989},"erbbands_skewness":{"dmean":0.359114527702,"dmean2":0.54968047142,"dvar":0.15416161716,"dvar2":0.320319920778,"max":16.6244316101,"mean":0.42103689909,"median":0.334046989679,"min":-3.45610833168,"var":0.703622758389},"erbbands_spread":{"dmean":7.15415477753,"dmean2":10.9824590683,"dvar":73.8641357422,"dvar2":166.889755249,"max":165.388839722,"mean":34.0013999939,"median":32.0346832275,"min":1.75146341324,"var":296.117889404},"gfcc":{"cov":[[51594.5625,2124.96606445,-3557.43554688,1605.0098877,-1653.8248291,1808.88366699,-954.303161621,248.962188721,-545.877929688,-120.287437439,-415.093597412,17.3432846069,-344.743652344],[2124.96606445,1856.72033691,-485.002227783,4.32366418839,87.8332519531,-219.317993164,140.173370361,-100.737937927,47.9842262268,-119.688804626,77.9990463257,-110.650009155,75.2867660522],[-3557.43554688,-485.002227783,1337.97937012,-188.450820923,96.140296936,225.638916016,94.3850708008,73.4559402466,26.3555297852,56.8910827637,-16.9041595459,58.6846618652,-24.228181839],[1605.0098877,4.32366418839,-188.450820923,396.343292236,3.99126458168,60.2764282227,-33.1035385132,50.9209671021,16.4690933228,-19.3549156189,28.0031757355,-26.9576339722,-14.9144687653],[-1653.8248291,87.8332519531,96.140296936,3.99126458168,356.3543396,-22.038974762,76.9081115723,26.5740566254,70.5495681763,1.13878905773,37.2037734985,-12.6993341446,28.9341716766],[1808.88366699,-219.317993164,225.638916016,60.2764282227,-22.038974762,520.875488281,49.8129997253,106.853630066,8.45836257935,-4.57847499847,-10.9857406616,31.9711475372,-5.36123418808],[-954.303161621,140.173370361,94.3850708008,-33.1035385132,76.9081115723,49.8129997253,219.566085815,20.5431575775,17.7770729065,-29.7075157166,21.4995956421,-5.8928399086,27.457326889],[248.962188721,-100.737937927,73.4559402466,50.9209671021,26.5740566254,106.853630066,20.5431575775,160.231872559,58.9263343811,9.97134399414,-9.7868347168,-12.6072015762,-10.5045022964],[-545.877929688,47.9842262268,26.3555297852,16.4690933228,70.5495681763,8.45836257935,17.7770729065,58.9263343811,160.175506592,34.9602432251,8.20846939087,-32.1303253174,8.99661540985],[-120.287437439,-119.688804626,56.8910827637,-19.3549156189,1.13878905773,-4.57847499847,-29.7075157166,9.97134399414,34.9602432251,116.393470764,24.3074684143,13.9716281891,-28.1247806549],[-415.093597412,77.9990463257,-16.9041595459,28.0031757355,37.2037734985,-10.9857406616,21.4995956421,-9.7868347168,8.20846939087,24.3074684143,138.00428772,26.6203174591,2.69122171402],[17.3432846069,-110.650009155,58.6846618652,-26.9576339722,-12.6993341446,31.9711475372,-5.8928399086,-12.6072015762,-32.1303253174,13.9716281891,26.6203174591,110.861618042,31.1936798096],[-344.743652344,75.2867660522,-24.228181839,-14.9144687653,28.9341716766,-5.36123418808,27.457326889,-10.5045022964,8.99661540985,-28.1247806549,2.69122171402,31.1936798096,108.289863586]],"icov":[[0.000069797199103,-0.00016178113583,0.000159172705025,-0.000168335594935,0.000162094424013,-0.000335026707035,0.000238440625253,-0.000114412199764,0.000208443234442,-0.000192178820726,0.00030090555083,-0.000228537988733,0.000206776545383],[-0.00016178113583,0.00117489416152,-0.000143948578625,0.00050314841792,-0.000388443353586,0.00090640358394,-0.000975011556875,0.000685502542183,-0.000823028327432,0.00108785449993,-0.00126565631945,0.00127499026712,-0.000817296793684],[0.000159172705025,-0.000143948578625,0.00140787183773,0.000130682776216,0.0000724252531654,-0.00110740831587,0.000147621132783,-0.000379415490897,0.000369524670532,-0.000598858809099,0.00077504228102,-0.000824949587695,0.000823522219434],[-0.000168335594935,0.00050314841792,0.000130682776216,0.00360565655865,-0.000566399714444,0.000328169466229,0.0000857410923345,-0.000657163094729,-0.000584307417739,0.00133222260047,-0.00182742218021,0.00126486283261,-0.0002021662076],[0.000162094424013,-0.000388443353586,0.0000724252531654,-0.000566399714444,0.00389386480674,-0.000387676875107,-0.000338734680554,-0.000440100790001,-0.000744854041841,-0.000254000740824,-0.0000972433335846,-0.000192809864529,-0.00023824958771],[-0.000335026707035,0.00090640358394,-0.00110740831587,0.000328169466229,-0.000387676875107,0.00421091821045,-0.00175818789285,-0.000886386667844,-0.000894408847671,0.00126509321854,-0.00128322246019,0.000307477603201,-0.000881231448147],[0.000238440625253,-0.000975011556875,0.000147621132783,0.0000857410923345,-0.000338734680554,-0.00175818789285,0.0068399948068,-0.00108672457282,0.000782160961535,0.000709455402102,-0.0000603545813647,-0.000154506109538,-0.000189198341104],[-0.000114412199764,0.000685502542183,-0.000379415490897,-0.000657163094729,-0.000440100790001,-0.000886386667844,-0.00108672457282,0.00942679308355,-0.00362682668492,0.000644770741928,0.000211418926483,0.000630481459666,0.000529369921423],[0.000208443234442,-0.000823028327432,0.000369524670532,-0.000584307417739,-0.000744854041841,-0.000894408847671,0.000782160961535,-0.00362682668492,0.0103811752051,-0.00446871621534,0.00072143250145,0.00255275564268,-0.00193374545779],[-0.000192178820726,0.00108785449993,-0.000598858809099,0.00133222260047,-0.000254000740824,0.00126509321854,0.000709455402102,0.000644770741928,-0.00446871621534,0.0131334606558,-0.0032405811362,-0.00154290616047,0.00300176511519],[0.00030090555083,-0.00126565631945,0.00077504228102,-0.00182742218021,-0.0000972433335846,-0.00128322246019,-0.0000603545813647,0.000211418926483,0.00072143250145,-0.0032405811362,0.0105871520936,-0.0042187445797,0.00180840597022],[-0.000228537988733,0.00127499026712,-0.000824949587695,0.00126486283261,-0.000192809864529,0.000307477603201,-0.000154506109538,0.000630481459666,0.00255275564268,-0.00154290616047,-0.0042187445797,0.0147188128904,-0.00620507868007],[0.000206776545383,-0.000817296793684,0.000823522219434,-0.0002021662076,-0.00023824958771,-0.000881231448147,-0.000189198341104,0.000529369921423,-0.00193374545779,0.00300176511519,0.00180840597022,-0.00620507868007,0.0134194651619]],"mean":[-82.44480896,92.5789337158,-122.295600891,25.964849472,-63.1736488342,5.66322088242,-28.1943206787,-0.460934042931,-24.4782962799,-2.31006979942,-15.5221281052,-1.42481815815,-9.54543781281]},"hfc":{"dmean":7.74896240234,"dmean2":12.5454435349,"dvar":648.539123535,"dvar2":1809.47436523,"max":690.807678223,"mean":20.9506816864,"median":13.5414657593,"min":1.07870936235e-16,"var":823.092224121},"melbands":{"dmean":[0.000652681279462,0.00131663505454,0.000501858186908,0.00036546352203,0.000170443905517,0.000142864621012,0.000155831497977,0.000109532949864,0.000115850256407,0.0000778526227805,0.0000896193814697,0.000122907120385,0.0000677481657476,0.0000820021377876,0.0000517391563335,0.0000310924988298,0.0000324627690134,0.0000260702618107,0.000018225162421,0.0000149921625052,0.0000159635583259,0.0000115259636004,0.0000149019751916,0.0000113074547698,0.0000110106593638,0.00000762873378335,0.00000586093574384,0.00000597864800511,0.00000493011157232,0.00000508092580276,0.00000528516966369,0.00000483892608827,0.00000368815017282,0.00000240473104896,0.00000182485655387,0.00000118959871998,6.87288547851e-7,6.40309849587e-7,5.05422462993e-7,4.01391616833e-7],"dmean2":[0.00120311276987,0.00245678564534,0.000904365675524,0.000635311531369,0.000268969335593,0.000225761119509,0.000245207425905,0.00016730891366,0.000170057421201,0.000115503738925,0.000133698456921,0.000171044477611,0.000101210804132,0.000131874112412,0.0000823172813398,0.0000494820706081,0.0000513914383191,0.0000415461945522,0.0000295321551675,0.0000244169314101,0.0000260867218458,0.0000192740480998,0.0000250536759268,0.0000189106558537,0.0000185097851499,0.0000130715607156,0.0000100117549664,0.0000103210959423,0.00000840526899992,0.00000886267025635,0.00000898860434972,0.00000816471219878,0.00000602679529038,0.00000393438085666,0.00000295185873256,0.00000191019103113,0.00000107520600068,0.00000102248600342,8.05762397249e-7,6.25303528068e-7],"dvar":[0.0000112475681817,0.0000510563259013,0.00000399508235205,0.00000140972974805,1.85532101682e-7,1.33372964228e-7,1.82311424624e-7,8.71218688303e-8,1.65309415934e-7,5.05880457524e-8,9.10887791861e-8,1.71048014863e-7,3.43562263083e-8,6.48048299468e-8,2.06710435435e-8,9.2014458275e-9,7.42774908247e-9,5.44166844918e-9,2.2399522237e-9,1.92604820981e-9,2.10286388302e-9,1.0155581931e-9,1.84579507234e-9,1.31497812639e-9,1.27605026545e-9,5.69728597632e-10,4.18694773296e-10,5.73781688828e-10,4.69827621252e-10,8.35726987614e-10,9.11574649098e-10,7.6221123857e-10,2.82590201239e-10,1.04001439405e-10,5.33568536576e-11,2.63304621162e-11,8.46983334163e-12,6.65253529347e-12,3.40566984336e-12,2.77409562335e-12],"dvar2":[0.0000324609718518,0.000147783357534,0.0000116216915558,0.00000399118880523,4.5575430363e-7,3.26888283553e-7,4.60719547846e-7,1.93290432549e-7,3.57436221066e-7,1.02851082318e-7,2.05344065307e-7,3.22135264241e-7,7.25680777691e-8,1.68504769249e-7,4.81979967049e-8,2.14878177474e-8,1.77459185124e-8,1.29762547374e-8,5.73743319521e-9,5.04976283011e-9,5.55122436907e-9,2.81830114801e-9,5.19926945941e-9,3.77536979457e-9,3.58778895482e-9,1.62161484241e-9,1.1870084915e-9,1.63821578525e-9,1.33302513472e-9,2.41280884161e-9,2.60765542492e-9,2.17309703565e-9,7.75187303237e-10,2.82265349982e-10,1.41293698963e-10,7.0214382919e-11,2.07809915109e-11,1.73241056917e-11,8.81686737508e-12,6.39787615248e-12],"max":[0.0676636174321,0.0978580638766,0.0353125743568,0.0243763178587,0.0100813079625,0.0112400129437,0.0100879790261,0.00793345831335,0.0151257896796,0.00684852898121,0.0103941615671,0.0141071993858,0.00701317563653,0.00823715142906,0.00936099886894,0.00630493042991,0.00372756132856,0.00212937081233,0.00175418122672,0.00137656030711,0.00133276893757,0.000979040865786,0.000941953680012,0.00119944720063,0.000999683979899,0.000588733179029,0.000533501501195,0.000673199770972,0.000692692177836,0.000943014223594,0.000983850914054,0.000985605525784,0.000389341003029,0.000252863857895,0.00017403664242,0.000143821744132,0.000131208405946,0.0000960063844104,0.0000390614113712,0.0000742309493944],"mean":[0.000593844859395,0.00108738325071,0.000697783892974,0.000539095315617,0.000328734371578,0.000276771053905,0.000287463772111,0.00021416292293,0.000233409460634,0.000153471773956,0.00017259849119,0.000268825038802,0.000124339596368,0.000138664225233,0.0000843291927595,0.0000490291276947,0.0000507546392328,0.0000431458975072,0.0000300353367493,0.0000227599321079,0.0000251434230449,0.0000176823541551,0.0000225785661314,0.0000176186458702,0.0000167009511642,0.0000120156664707,0.00000930783244257,0.00000895803350431,0.00000733208571546,0.00000666704909236,0.00000702556917531,0.00000630745307717,0.00000522570235262,0.00000344534555552,0.00000288146020466,0.00000184874261322,0.00000105694005015,0.00000104522757738,8.15243879515e-7,6.01743749939e-7],"median":[0.000144073594129,0.000235230079852,0.000300942483591,0.000240977082285,0.00012754178897,0.000103787744592,0.0000798040418886,0.000049632115406,0.0000557997991564,0.0000400751159759,0.0000459542534372,0.000032211690268,0.0000200583472179,0.0000212856703001,0.0000183900974662,0.00000940303561947,0.0000100680881587,0.00000697413497619,0.00000619778711552,0.0000046784962251,0.00000405130640502,0.00000377660012418,0.00000325341306961,0.00000231554463426,0.00000172878344529,0.00000180544327577,0.00000254071551353,0.00000185132887509,0.00000103386798855,0.00000136600635869,0.00000137488655128,7.52253470182e-7,6.21394576683e-7,4.30864645296e-7,3.18800118748e-7,2.04231412226e-7,1.19779826946e-7,9.1583181927e-8,7.7655094799e-8,5.2820052332e-8],"min":[3.06688634218e-25,4.74459947711e-25,1.26519188309e-24,9.83528801056e-25,6.29960505171e-25,8.09970182095e-25,9.89611608888e-25,1.86981471832e-24,1.10731586823e-24,1.60920524917e-24,1.27978393629e-24,1.89503854577e-24,2.13560483426e-24,2.41749362912e-24,2.06201614193e-24,2.67321314674e-24,2.40727255558e-24,1.894937966e-24,3.23914807382e-24,3.36467162105e-24,3.02875354558e-24,3.00678120557e-24,3.95832021781e-24,3.38716086217e-24,2.28540281484e-24,1.96060215611e-24,1.29567790581e-24,1.20162921843e-24,6.50943613604e-25,7.69244991344e-25,6.21257446538e-25,3.45122356603e-25,3.94562340293e-25,2.51263242366e-25,2.78191773574e-25,1.92249630404e-25,1.77405610098e-25,1.50664211487e-25,1.34582000036e-25,8.3884467292e-26],"var":[0.00000666217920298,0.0000287891762127,0.00000261983723249,0.00000124661903556,4.48630459005e-7,3.32397604552e-7,3.87888007936e-7,2.70693277571e-7,5.81644201247e-7,1.61005644372e-7,2.10015898006e-7,8.99097074125e-7,1.14243356109e-7,1.57252372901e-7,5.0653838457e-8,1.81649593145e-8,1.5501651518e-8,1.16625713531e-8,4.16009537929e-9,2.87347678984e-9,3.60529606169e-9,1.52466750336e-9,3.1402536127e-9,2.00853444987e-9,1.86592075124e-9,6.77660261239e-10,4.20090795483e-10,5.02209607234e-10,4.22556434287e-10,5.75355596499e-10,6.43497588548e-10,5.68509683774e-10,2.72228573017e-10,1.04485461949e-10,6.81769363187e-11,3.22844737055e-11,1.20096241979e-11,1.04016439559e-11,5.29591865153e-12,4.1215741757e-12]},"melbands_crest":{"dmean":2.83906173706,"dmean2":4.5511713028,"dvar":7.55095148087,"dvar2":18.9623451233,"max":40,"mean":12.646030426,"median":11.8117752075,"min":1.49600315094,"var":24.4739627838},"melbands_flatness_db":{"dmean":0.0226486902684,"dmean2":0.0346696972847,"dvar":0.000862156390212,"dvar2":0.00203420547768,"max":1,"mean":0.186153441668,"median":0.180353716016,"min":0.00310023152269,"var":0.0055214385502},"melbands_kurtosis":{"dmean":303027.34375,"dmean2":454574.3125,"dvar":615298826764000,"dvar2":922943643189000,"max":2030854528,"mean":454507.9375,"median":3.57336187363,"min":-1.75965309143,"var":922815465259000},"melbands_skewness":{"dmean":5.57457923889,"dmean2":8.4024887085,"dvar":164864.640625,"dvar2":246701.96875,"max":33296.9804688,"mean":9.33040428162,"median":1.65062344074,"min":-2.58509707451,"var":248040.53125},"melbands_spread":{"dmean":7.2513923645,"dmean2":11.2952919006,"dvar":89.36668396,"dvar2":205.880355835,"max":219.726470947,"mean":29.8138179779,"median":24.7654857635,"min":8.61488391735e-9,"var":544.509277344},"mfcc":{"cov":[[23167.9609375,1931.27368164,-656.872802734,529.59375,-86.2290115356,761.948669434,48.1942024231,397.95489502,114.457519531,79.149887085,76.9715576172,-0.247014373541,14.0721073151],[1931.27368164,2180.07910156,-153.972640991,207.057846069,-65.9740524292,11.2095623016,75.6370697021,30.2985687256,51.845539093,8.83945465088,-33.5011100769,8.9652338028,-30.8373298645],[-656.872802734,-153.972640991,766.702331543,-148.168655396,-14.8263435364,79.4685592651,55.6702690125,64.2178421021,16.2203140259,4.13518190384,-11.5909070969,11.6054229736,22.1497116089],[529.59375,207.057846069,-148.168655396,326.159393311,45.3375205994,-39.3791313171,-2.18033313751,-12.9681625366,-12.7493143082,13.2827386856,6.39485454559,11.4850578308,2.00870752335],[-86.2290115356,-65.9740524292,-14.8263435364,45.3375205994,203.067260742,35.0669212341,-5.13298559189,20.766368866,21.6201400757,38.5539970398,28.0814094543,20.6115684509,15.2605113983],[761.948669434,11.2095623016,79.4685592651,-39.3791313171,35.0669212341,210.660140991,71.4329147339,78.7347106934,43.202293396,12.1015090942,16.5866565704,9.97261714935,19.2955951691],[48.1942024231,75.6370697021,55.6702690125,-2.18033313751,-5.13298559189,71.4329147339,179.894104004,78.4822921753,15.1208715439,-3.90873265266,-2.26301050186,17.7490119934,24.5927352905],[397.95489502,30.2985687256,64.2178421021,-12.9681625366,20.766368866,78.7347106934,78.4822921753,160.452362061,66.7086029053,24.7036991119,3.87041735649,5.65612268448,13.1670570374],[114.457519531,51.845539093,16.2203140259,-12.7493143082,21.6201400757,43.202293396,15.1208715439,66.7086029053,141.93788147,63.1782722473,4.76749563217,-22.7205123901,-17.8716850281],[79.149887085,8.83945465088,4.13518190384,13.2827386856,38.5539970398,12.1015090942,-3.90873265266,24.7036991119,63.1782722473,130.202972412,47.4241104126,2.31417036057,-16.1963653564],[76.9715576172,-33.5011100769,-11.5909070969,6.39485454559,28.0814094543,16.5866565704,-2.26301050186,3.87041735649,4.76749563217,47.4241104126,125.374908447,58.8247070312,-6.76296377182],[-0.247014373541,8.9652338028,11.6054229736,11.4850578308,20.6115684509,9.97261714935,17.7490119934,5.65612268448,-22.7205123901,2.31417036057,58.8247070312,126.46837616,45.0013885498],[14.0721073151,-30.8373298645,22.1497116089,2.00870752335,15.2605113983,19.2955951691,24.5927352905,13.1670570374,-17.8716850281,-16.1963653564,-6.76296377182,45.0013885498,97.9723205566]],"icov":[[0.0000630903668934,-0.0000439622599515,0.0000584328336117,-0.0000990860280581,0.000108540982183,-0.000295986275887,0.000164041135577,-0.000165614925209,0.000105916966277,-0.0000415120048274,-0.0000213047642319,0.0000320716462738,-0.0000153536002472],[-0.0000439622599515,0.000559220381547,0.0000285717906081,-0.00028802032466,0.00018776737852,0.000113204565423,-0.00032382979407,0.000162969576195,-0.000328273104969,0.00000103656054762,0.000307500798954,-0.000326775276335,0.000301232066704],[0.0000584328336117,0.0000285717906081,0.00157656241208,0.000509295554366,0.000199729154701,-0.000589325849432,-0.0000343229185091,-0.000527188938577,0.000293542165309,-0.00032166269375,0.000356368778739,-0.000232764083194,-0.0000699629890732],[-0.0000990860280581,-0.00028802032466,0.000509295554366,0.00399025250226,-0.00118557584938,0.00119898514822,-0.00054924871074,0.000149493120261,0.000430794083513,-0.000415291258832,0.000124559388496,-0.0001502129453,-0.000119543306937],[0.000108540982183,0.00018776737852,0.000199729154701,-0.00118557584938,0.00611334340647,-0.00160184828565,0.00104265217669,-0.0006551212864,-0.0000730008614482,-0.00139779387973,-0.000376754469471,-0.000414299371187,-0.0008678692393],[-0.000295986275887,0.000113204565423,-0.000589325849432,0.00119898514822,-0.00160184828565,0.0081242788583,-0.00241426401772,-0.000969745509792,-0.00157110532746,0.000997422379442,-0.00124808866531,0.000532288860995,-0.000879767350852],[0.000164041135577,-0.00032382979407,-0.0000343229185091,-0.00054924871074,0.00104265217669,-0.00241426401772,0.00840862374753,-0.00386422965676,0.0011914857896,0.0000858491403051,0.00031736883102,-0.000529670214746,-0.000888022768777],[-0.000165614925209,0.000162969576195,-0.000527188938577,0.000149493120261,-0.0006551212864,-0.000969745509792,-0.00386422965676,0.0112156243995,-0.00456226803362,0.000190874779946,0.000231929210713,-0.000461432413431,-0.000625818676781],[0.000105916966277,-0.000328273104969,0.000293542165309,0.000430794083513,-0.0000730008614482,-0.00157110532746,0.0011914857896,-0.00456226803362,0.0122931869701,-0.00528382603079,0.00114573724568,0.00147040572483,0.00121379073244],[-0.0000415120048274,0.00000103656054762,-0.00032166269375,-0.000415291258832,-0.00139779387973,0.000997422379442,0.0000858491403051,0.000190874779946,-0.00528382603079,0.0123779932037,-0.00481721386313,0.00116164830979,0.000277924613329],[-0.0000213047642319,0.000307500798954,0.000356368778739,0.000124559388496,-0.000376754469471,-0.00124808866531,0.00031736883102,0.000231929210713,0.00114573724568,-0.00481721386313,0.0138991307467,-0.00757770286873,0.00406312011182],[0.0000320716462738,-0.000326775276335,-0.000232764083194,-0.0001502129453,-0.000414299371187,0.000532288860995,-0.000529670214746,-0.000461432413431,0.00147040572483,0.00116164830979,-0.00757770286873,0.0141522362828,-0.00646042032167],[-0.0000153536002472,0.000301232066704,-0.0000699629890732,-0.000119543306937,-0.0008678692393,-0.000879767350852,-0.000888022768777,-0.000625818676781,0.00121379073244,0.000277924613329,0.00406312011182,-0.00646042032167,0.0144530041143]],"mean":[-701.30267334,115.74407959,-1.91886150837,19.4554977417,-10.690202713,4.94680118561,-1.42350208759,1.16267371178,-2.66928911209,-2.93740868568,-2.99900698662,-2.64755392075,-2.48255801201]},"pitch_salience":{"dmean":0.0619882643223,"dmean2":0.0997950360179,"dvar":0.00359764834866,"dvar2":0.00935281720012,"max":0.895600318909,"mean":0.540869653225,"median":0.540354311466,"min":0.0000164726516232,"var":0.0128873810172},"silence_rate_20dB":{"dmean":0,"dmean2":0,"dvar":0,"dvar2":0,"max":1,"mean":1,"median":1,"min":1,"var":0},"silence_rate_30dB":{"dmean":0.0211877059191,"dmean2":0.0423785708845,"dvar":0.0207387860864,"dvar2":0.046999104321,"max":1,"mean":0.981797814369,"median":1,"min":0,"var":0.0178708452731},"silence_rate_60dB":{"dmean":0.0153685463592,"dmean2":0.0307393874973,"dvar":0.0151323545724,"dvar2":0.0348679684103,"max":1,"mean":0.183961212635,"median":0,"min":0,"var":0.150119483471},"spectral_centroid":{"dmean":236.316955566,"dmean2":372.176208496,"dvar":97750.4140625,"dvar2":226735.296875,"max":11814.6455078,"mean":1610.78051758,"median":1376.39123535,"min":124.574630737,"var":2306808.75},"spectral_complexity":{"dmean":2.67203831673,"dmean2":4.1110200882,"dvar":15.2183141708,"dvar2":31.248884201,"max":66,"mean":15.6020145416,"median":14,"min":0,"var":124.86026001},"spectral_contrast_coeffs":{"dmean":[0.0439191609621,0.0412344522774,0.0376158505678,0.0308807175606,0.0219793058932,0.0164942722768],"dmean2":[0.0723349303007,0.0666968822479,0.0595121644437,0.0492106340826,0.0352855063975,0.0261149313301],"dvar":[0.001567242085,0.00117009424139,0.00101898028515,0.000697266776115,0.000400794728193,0.000287632050458],"dvar2":[0.00423457846045,0.00306076789275,0.00248639285564,0.00168827315792,0.000939372752327,0.0006626516697],"max":[-0.280123263597,-0.426035434008,-0.410312533379,-0.465138673782,-0.565552651882,-0.55367565155],"mean":[-0.636113584042,-0.736005663872,-0.73086386919,-0.761859118938,-0.782947957516,-0.740751385689],"median":[-0.632901668549,-0.737101197243,-0.737932682037,-0.76334810257,-0.783757209778,-0.730591714382],"min":[-0.98469889164,-0.98089402914,-0.98348814249,-0.994545757771,-0.987239003181,-0.979934811592],"var":[0.00993982888758,0.00674494868144,0.00896763429046,0.00592978810892,0.0041487631388,0.00360184232704]},"spectral_contrast_valleys":{"dmean":[0.382078617811,0.319744855165,0.295878142118,0.282702445984,0.242715939879,0.29413741827],"dmean2":[0.618612885475,0.526351571083,0.478024035692,0.444379985332,0.373745679855,0.38500520587],"dvar":[0.167237877846,0.0945395976305,0.089377656579,0.102753683925,0.116457544267,0.184189379215],"dvar2":[0.398741185665,0.235481023788,0.206372126937,0.222706317902,0.250777155161,0.356299251318],"max":[-4.73791885376,-4.33000659943,-4.84372186661,-5.48502540588,-4.68578767776,-7.33685350418],"mean":[-8.52183151245,-7.61026239395,-8.28012084961,-8.92691421509,-8.64857292175,-11.2816762924],"median":[-7.57469701767,-6.82811975479,-7.53659057617,-8.25611972809,-8.05070304871,-10.660859108],"min":[-28.1965274811,-28.0941982269,-27.8470478058,-27.7916870117,-27.590675354,-27.4594326019],"var":[10.8905076981,10.3901433945,10.0358505249,9.56278324127,9.70832633972,8.50391483307]},"spectral_decrease":{"dmean":2.51933718332e-9,"dmean2":4.37523306474e-9,"dvar":6.8483454201e-17,"dvar2":1.95788979075e-16,"max":2.32929526749e-28,"mean":-5.14705922328e-9,"median":-3.84928311448e-9,"min":-1.18833973772e-7,"var":5.48918311805e-17},"spectral_energy":{"dmean":0.0100939366966,"dmean2":0.01747315377,"dvar":0.00103609939106,"dvar2":0.00295698991977,"max":0.453547805548,"mean":0.0213264841586,"median":0.016120556742,"min":9.93495856803e-21,"var":0.000871406751685},"spectral_energyband_high":{"dmean":0.00063674984267,"dmean2":0.0010340741137,"dvar":0.00000932542570808,"dvar2":0.0000261478326138,"max":0.0815974920988,"mean":0.00107190164272,"median":0.000243353657424,"min":1.86415177776e-22,"var":0.00000836476829136},"spectral_energyband_low":{"dmean":0.0055529139936,"dmean2":0.0102650802583,"dvar":0.000831014767755,"dvar2":0.00239692442119,"max":0.424154013395,"mean":0.00525001622736,"median":0.00184799148701,"min":5.82525421332e-24,"var":0.0004816998553},"spectral_energyband_middle_high":{"dmean":0.00236556120217,"dmean2":0.00360850896686,"dvar":0.0000197774425033,"dvar2":0.0000479876616737,"max":0.0965851917863,"mean":0.00672886986285,"median":0.00345433806069,"min":1.20945710413e-21,"var":0.0000826881660032},"spectral_energyband_middle_low":{"dmean":0.00372210796922,"dmean2":0.00609906110913,"dvar":0.0000741369731259,"dvar2":0.000203259274713,"max":0.140243917704,"mean":0.0091851465404,"median":0.00605123862624,"min":1.58784068705e-22,"var":0.000118955424114},"spectral_entropy":{"dmean":0.151721268892,"dmean2":0.221036761999,"dvar":0.0295205786824,"dvar2":0.0584135651588,"max":9.82394790649,"mean":7.47917222977,"median":7.47067975998,"min":5.79971504211,"var":0.349719077349},"spectral_flux":{"dmean":0.0236643645912,"dmean2":0.0385049208999,"dvar":0.00249121896923,"dvar2":0.00484510371462,"max":0.62223726511,"mean":0.0661939904094,"median":0.0543317422271,"min":0,"var":0.00453216116875},"spectral_kurtosis":{"dmean":1.55804312229,"dmean2":2.64447307587,"dvar":3.98545837402,"dvar2":11.3483667374,"max":43.4885444641,"mean":4.18560600281,"median":3.40680336952,"min":-1.27939546108,"var":11.5871839523},"spectral_rms":{"dmean":0.000738563423511,"dmean2":0.00120949326083,"dvar":0.0000025727006232,"dvar2":0.00000704411559127,"max":0.0210353434086,"mean":0.00383874005638,"median":0.0039657750167,"min":3.11330084976e-12,"var":0.00000607040146861},"spectral_rolloff":{"dmean":509.659301758,"dmean2":853.732116699,"dvar":812797.125,"dvar2":1791360.25,"max":19638.28125,"mean":2106.70703125,"median":1335.05859375,"min":21.533203125,"var":7853369.5},"spectral_skewness":{"dmean":0.207638442516,"dmean2":0.335118591785,"dvar":0.0500620603561,"dvar2":0.125862956047,"max":5.19679355621,"mean":1.4248752594,"median":1.32075726986,"min":-0.175690412521,"var":0.361004382372},"spectral_spread":{"dmean":493433.96875,"dmean2":710527.25,"dvar":734920114176,"dvar2":1482038968320,"max":43299200,"mean":5151022.5,"median":4138818.25,"min":1626434.25,"var":28828625797100},"spectral_strongpeak":{"dmean":0.637476325035,"dmean2":1.05073308945,"dvar":1.06008839607,"dvar2":2.69127106667,"max":14.1075363159,"mean":1.33984029293,"median":0.576052308083,"min":0,"var":2.80710077286},"zerocrossingrate":{"dmean":0.00947580393404,"dmean2":0.0114046437666,"dvar":0.000219607027248,"dvar2":0.000342600775184,"max":0.5341796875,"mean":0.0745164528489,"median":0.05859375,"min":0,"var":0.0054363370873}},"metadata":{"audio_properties":{"analysis_sample_rate":44100,"bit_rate":0,"codec":"flac","downmix":"mix","equal_loudness":0,"length":311.226654053,"lossless":true,"md5_encoded":"df629b4099d5f04adf2f9cf4047987e4","replay_gain":0.219760894775},"tags":{"acoustid_id":["aa8f3c8b-784e-4d93-a1eb-0d7895f006c5"],"album":["...Nothing Like the Sun"],"albumartist":["Sting"],"albumartistsort":["Sting"],"artist":["Sting"],"artists":["Sting"],"artistsort":["Sting"],"asin":["B000002GKZ"],"barcode":["08283939122"],"catalognumber":["39 3912-2"],"composer":["Jimi Hendrix"],"composersort":["Hendrix, Jimi"],"date":["1987"],"discnumber":["1"],"disctotal":["1"],"file_name":"11 Little Wing.flac","genre":["Alternative"],"grouping":["Rock"],"isrc":["USAM18700048"],"label":["A&M Records"],"language":["eng"],"lyricist":["Jimi Hendrix"],"media":["CD"],"mood":["Mellow; Smooth; Sad"],"musicbrainz_albumartistid":["7944ed53-2a58-4035-9b93-140a71e41c34"],"musicbrainz_albumid":["20979597-8503-33d4-8fca-764ca3ae339f"],"musicbrainz_artistid":["7944ed53-2a58-4035-9b93-140a71e41c34"],"musicbrainz_recordingid":["4ffdbbbb-206f-4ac4-85f6-50679a083320"],"musicbrainz_releasegroupid":["ec048bb5-1fc3-32a7-b560-c07ddd0df544"],"musicbrainz_releasetrackid":["e276d542-45cf-381f-868f-f0526731edf0"],"musicbrainz_workid":["7beb0f9d-1a5a-3bba-83a2-f527c3aaa5f4"],"originaldate":["1987-10-01"],"originalyear":["1987"],"performer":["The Gil Evans Orchestra (orchestra)","Manu Katché (drums)","Mino Cinelu (percussion)","Branford Marsalis (soprano saxophone and tenor saxophone)","Hiram Bullock (acoustic guitar and electric guitar)","Kenny Kirkland (electric piano, piano and synthesizer)"],"producer":["Neil Dorfsman"],"releasecountry":["DE"],"releasestatus":["official"],"releasetype":["album"],"replaygain_album_gain":["+2.38 dB"],"replaygain_album_peak":["0.812805"],"replaygain_track_gain":["+5.56 dB"],"replaygain_track_peak":["0.8