{"lowlevel":{"average_loudness":0.953446984291,"barkbands":{"dmean":[0.000097149706562,0.00306700216606,0.00284063653089,0.00410870090127,0.00297607667744,0.00100547680631,0.000507736462168,0.000392743822886,0.000734727771487,0.0007329066284,0.000470096536446,0.000431555497926,0.000321289582644,0.000322924752254,0.000334036099957,0.000425322272349,0.000608288508374,0.000372416485334,0.000253177655395,0.000238339591306,0.000172682179254,0.000130685628392,0.000118794509035,0.000121523684356,0.0000778664689278,0.0000386398787668,0.0000219575977098],"dmean2":[0.000160591152962,0.00530458753929,0.00474383914843,0.0069722328335,0.0051512895152,0.0016379278386,0.000859344552737,0.000648986897431,0.00120441289619,0.00116472714581,0.000749912520405,0.000678714190144,0.000508232973516,0.000515460094903,0.000535299594048,0.000678612326737,0.000982949277386,0.000615819066297,0.000416378374211,0.000401199940825,0.000292292010272,0.000213444625842,0.000186683813808,0.000184498552699,0.000109529617475,0.000057605557231,0.0000338926438417],"dvar":[2.06145820414e-8,0.0000245421997533,0.0000116836117741,0.0000398956726713,0.0000195310058189,0.0000022144945433,0.00000105644767245,0.00000138748771406,0.00000354655367119,0.00000276932792076,0.00000116782325676,6.97704990671e-7,3.94956543914e-7,4.47131384362e-7,3.60519436526e-7,5.19390198406e-7,8.06976572676e-7,2.86114840264e-7,1.07041088881e-7,1.06942550815e-7,6.33279171325e-8,5.73303609031e-8,1.07427013063e-7,2.18374580641e-7,7.2540309759e-8,6.61128884971e-9,2.17121187696e-9],"dvar2":[5.12202547043e-8,0.0000687850697432,0.0000312023730658,0.00010544295219,0.0000544043978152,0.00000538738595424,0.00000276073524219,0.00000349328820448,0.00000905982233235,0.00000687931469656,0.00000273969681075,0.00000160750914802,9.13043948003e-7,0.00000101650505258,8.58503142354e-7,0.00000122839799133,0.00000190513640064,7.32163528028e-7,2.68814119408e-7,2.71652055517e-7,1.68895553543e-7,1.40111765745e-7,2.33628426827e-7,4.3453732701e-7,1.21511277484e-7,1.56173030064e-8,5.37877342666e-9],"max":[0.00159865419846,0.0565572492778,0.0476293116808,0.0628438442945,0.0453742705286,0.0298266969621,0.027529463172,0.0230132229626,0.0459730625153,0.0468032024801,0.0225230120122,0.017846589908,0.0127297407016,0.0179733838886,0.0141148241237,0.0240843426436,0.0204736720771,0.00887941010296,0.00648668268695,0.00605246378109,0.00328897242434,0.00604812428355,0.00885477941483,0.0138293216005,0.0110218012705,0.0034515846055,0.000577129481826],"mean":[0.000113243550004,0.00433939369395,0.00451021222398,0.00502452673391,0.00431522587314,0.00159924547188,0.000738607195672,0.000493551022373,0.00116286927368,0.00128044362646,0.000748954713345,0.000773871026468,0.00055945670465,0.000546552881133,0.000594281067606,0.000847261748277,0.00128193083219,0.00072546111187,0.00061542232288,0.000485944881802,0.00038082365063,0.000274968449958,0.000241988542257,0.000226451302296,0.000141144613735,0.0000603599110036,0.0000261247096205],"median":[0.0000543499772903,0.00321271782741,0.0034516020678,0.00309801055118,0.00293635739945,0.000921613711398,0.000366990978364,0.000169139049831,0.000419818155933,0.000459602422779,0.000277755578281,0.000326697248966,0.000247980759013,0.000259201158769,0.000269531738013,0.000479782756884,0.000837527564727,0.000488770427182,0.000479748647194,0.000380604178645,0.000305001594825,0.000188177611562,0.000125298334751,0.0000895276898518,0.0000597431353526,0.0000264920854534,0.00000775668559072],"min":[1.44949468897e-25,2.29482319456e-24,2.38638312438e-24,1.59846214693e-24,1.5178882885e-23,1.11729430787e-23,6.00038764517e-24,8.4752288983e-24,1.81472276319e-23,1.45814864101e-23,2.20712126788e-23,2.52551136679e-23,1.75373939759e-23,2.3312797702e-23,5.91725953401e-23,5.84366890898e-23,7.12889813516e-23,1.26889059155e-22,1.14862691639e-22,1.60424924631e-22,2.6134456919e-22,3.48328790221e-22,4.27314466543e-22,6.95955658319e-22,8.637593228e-22,1.41905550289e-21,1.73980437796e-21],"var":[2.50592044893e-8,0.0000226042247959,0.0000176768298843,0.0000404833226639,0.0000204561110877,0.00000426850874646,0.0000018856500219,0.00000159451474246,0.00000743185455576,0.000007601543075,0.00000251493497672,0.0000018034702407,9.23845107081e-7,0.00000100106581158,7.55717564971e-7,0.00000116514775073,0.0000021431519599,5.75756473609e-7,3.10065445319e-7,1.72380779873e-7,9.0411035103e-8,9.39940818512e-8,2.53800948258e-7,5.43606120118e-7,2.12683474388e-7,1.14254588013e-8,2.27483898385e-9]},"barkbands_crest":{"dmean":2.26597118378,"dmean2":3.81197309494,"dvar":3.92787504196,"dvar2":10.7929201126,"max":23.7433280945,"mean":7.84125518799,"median":7.35660028458,"min":2.61367988586,"var":7.70516014099},"barkbands_flatness_db":{"dmean":0.017088226974,"dmean2":0.0272067859769,"dvar":0.000215910273255,"dvar2":0.000557751569431,"max":0.218039423227,"mean":0.0892264395952,"median":0.0873289033771,"min":0.0238738451153,"var":0.000619847327471},"barkbands_kurtosis":{"dmean":1.58161067963,"dmean2":2.60060572624,"dvar":4.54613018036,"dvar2":11.6045265198,"max":41.1533546448,"mean":1.02581107616,"median":0.0650262832642,"min":-1.90672969818,"var":8.39412212372},"barkbands_skewness":{"dmean":0.500261127949,"dmean2":0.791259288788,"dvar":0.204696789384,"dvar2":0.510132551193,"max":5.98044300079,"mean":1.16667222977,"median":1.09190964699,"min":-2.10246419907,"var":0.712173998356},"barkbands_spread":{"dmean":6.90759420395,"dmean2":10.949010849,"dvar":49.6375694275,"dvar2":114.446357727,"max":121.113883972,"mean":33.8107299805,"median":32.4521369934,"min":4.05006504059,"var":170.938049316},"dissonance":{"dmean":0.0102447587997,"dmean2":0.017440058291,"dvar":0.000109851607704,"dvar2":0.000293433695333,"max":0.500000178814,"mean":0.481743901968,"median":0.484632313251,"min":0.247075662017,"var":0.000172895233845},"dynamic_complexity":1.99030673504,"erbbands":{"dmean":[0.0705311521888,0.77804517746,2.77652192116,9.02034568787,11.7466869354,9.62562084198,10.0221500397,6.75089120865,7.82131385803,6.8353729248,8.4000005722,15.767747879,24.3572597504,17.7117176056,18.2614326477,17.947927475,13.8653697968,15.6380224228,15.4713897705,16.4968299866,25.4867668152,30.7472839355,21.2658615112,14.4497699738,11.5832672119,11.022646904,7.94569969177,6.49557304382,4.89079523087,3.98866963387,3.19169735909,2.76689076424,1.9556415081,1.13934004307,0.436866551638,0.151555478573,0.0771630629897,0.0239234659821,0.00367097649723,0.000206422293559],"dmean2":[0.119555436075,1.3525506258,4.65735292435,15.1852998734,20.3385543823,16.585609436,16.5923099518,11.079706192,13.1785230637,11.3769664764,13.8420772552,25.5637111664,39.2474975586,28.1778316498,28.7169837952,27.89103508,21.6397132874,24.7191944122,24.5584697723,26.0553874969,40.6062736511,49.7316055298,34.9526596069,23.6976699829,19.0617046356,18.5556583405,13.5357370377,10.9406270981,8.03902721405,6.36541748047,4.9750494957,4.2807393074,2.92537784576,1.63632369041,0.623820126057,0.221838697791,0.116555735469,0.0370571129024,0.0056747989729,0.000312134099659],"dvar":[0.0133934775367,1.54199910164,12.1351966858,153.401931763,321.467163086,219.824981689,249.196060181,135.873519897,203.325515747,279.46496582,623.342590332,1615.37451172,3817.17602539,1467.82775879,1806.49560547,1127.56323242,762.787353516,980.188049316,898.282104492,965.830383301,1531.20983887,2001.95458984,943.422729492,401.605712891,224.787185669,246.392807007,133.904632568,96.6995162964,85.0607528687,64.3283538818,95.7222366333,115.280387878,54.7952346802,17.3609447479,2.04875040054,0.14540694654,0.0235971286893,0.00253546400927,0.0000592940523347,1.77151392222e-7],"dvar2":[0.0359414629638,4.37938594818,32.9675941467,401.024688721,888.59185791,599.25378418,619.969238281,337.850952148,527.56640625,717.321289062,1582.90100098,3956.33642578,9805.89453125,3531.30444336,4421.26855469,2578.49536133,1748.38208008,2307.21264648,2084.41455078,2331.46362305,3577.38647461,4840.37255859,2424.96240234,1029.55981445,559.21862793,629.777404785,357.810424805,252.460006714,215.507125854,155.106643677,204.568969727,237.368453979,106.862449646,30.1420860291,3.57412242889,0.338478535414,0.0554940626025,0.00627368921414,0.000146581558511,4.3245952952e-7],"max":[1.13862287998,14.2571611404,50.2675666809,143.998199463,202.980133057,170.055343628,393.517211914,336.636505127,337.723266602,342.662780762,546.296508789,974.82232666,1472.21240234,1266.99462891,997.858764648,921.59362793,637.570983887,1023.00482178,796.908569336,1067.80200195,964.833862305,1122.4230957,495.98916626,499.636138916,362.188934326,289.538146973,202.844619751,162.904220581,253.027359009,190.439254761,282.315673828,304.426239014,210.403701782,187.019439697,68.9793701172,21.6696281433,4.99720001221,0.806921899319,0.0875078514218,0.0061138975434],"mean":[0.0894992575049,1.11976635456,4.67299413681,12.7323656082,15.6246452332,13.0008354187,14.8377723694,11.1299448013,12.0608644485,9.88356399536,11.4206590652,25.2483539581,44.497341156,31.2962799072,32.6420516968,34.0192680359,26.6493625641,29.2131690979,29.0097312927,34.1709709167,57.524723053,68.0604248047,44.5266685486,35.3356933594,27.8136329651,22.6290092468,16.5040130615,14.0597581863,10.0570793152,8.40924835205,6.45079517365,5.13373184204,3.52100324631,1.99474012852,0.776550769806,0.267065763474,0.111546091735,0.0296589564532,0.00441940687597,0.00028193028993],"median":[0.0579667501152,0.830172717571,3.64579248428,8.89989471436,10.5637607574,8.1195640564,8.14931297302,6.1831445694,6.32517671585,4.55519962311,4.48414134979,9.87552928925,13.5941781998,15.3484010696,12.8742723465,15.1500082016,12.5708246231,15.0914888382,15.2958745956,17.2256965637,36.5973472595,46.8067398071,30.4148807526,26.3456344604,22.3244972229,17.6744880676,12.917137146,11.2375507355,6.94608163834,5.05653619766,3.22543334961,2.0425350666,1.40647482872,0.79171526432,0.346250474453,0.129577532411,0.046636287123,0.0102322706953,0.00134226994123,0.00010833300621],"min":[3.84438456395e-23,9.07964916983e-22,2.43584717701e-21,8.31782450945e-21,2.39177157701e-20,4.63485291526e-20,9.35942778512e-20,9.00715935033e-20,1.87051799483e-19,3.09418514503e-19,3.18679525244e-19,4.14292246574e-19,8.51210416143e-19,5.51557621801e-19,1.05619363015e-18,1.33589410433e-18,1.1013789915e-18,2.05621838798e-18,2.99552519372e-18,3.99814398996e-18,4.72086947553e-18,4.32085320311e-18,5.7920464485e-18,5.91939669407e-18,8.27142396809e-18,8.30689347275e-18,6.09338131462e-18,1.26049537141e-17,1.28060454569e-17,1.2111051615e-17,1.23644981003e-17,1.11045159117e-17,1.17726148032e-17,9.79327003188e-18,6.167808131e-18,4.54438511517e-18,2.24279993529e-18,8.9286557743e-19,2.36881418077e-19,2.84572199638e-20],"var":[0.0125013263896,1.41959929466,17.2910919189,181.416107178,299.508178711,238.868255615,385.057281494,293.534912109,373.801208496,422.350280762,735.565795898,3070.61450195,11819.0019531,3258.99072266,4709.89355469,3290.85253906,1845.91931152,2476.5534668,1876.1328125,2275.62255859,4154.72460938,5043.203125,2000.12109375,1421.80273438,475.198486328,380.600280762,193.165512085,137.266830444,123.969841003,124.027565002,232.991531372,274.950500488,134.20161438,47.2914352417,5.7730922699,0.308354049921,0.0359440892935,0.00281895627268,0.0000633855743217,1.9750625313e-7]},"erbbands_crest":{"dmean":2.06697130203,"dmean2":3.4147028923,"dvar":3.9710252285,"dvar2":10.1474637985,"max":28.361328125,"mean":7.23422431946,"median":6.27636480331,"min":2.0618891716,"var":12.7924985886},"erbbands_flatness_db":{"dmean":0.0147610167041,"dmean2":0.0211019665003,"dvar":0.000198635549168,"dvar2":0.000381378922611,"max":0.298154681921,"mean":0.122390083969,"median":0.119755588472,"min":0.0363778956234,"var":0.001173777855},"erbbands_kurtosis":{"dmean":0.602470874786,"dmean2":0.967428267002,"dvar":0.458834737539,"dvar2":1.11585235596,"max":9.61194896698,"mean":-0.130211174488,"median":-0.357388973236,"min":-1.72854971886,"var":1.13273191452},"erbbands_skewness":{"dmean":0.296447664499,"dmean2":0.468105107546,"dvar":0.0684458166361,"dvar2":0.164683118463,"max":2.63645339012,"mean":-0.352056980133,"median":-0.379211217165,"min":-2.19837164879,"var":0.26208615303},"erbbands_spread":{"dmean":9.26026153564,"dmean2":14.342921257,"dvar":82.5127258301,"dvar2":186.445343018,"max":128.068374634,"mean":46.6800956726,"median":43.3048057556,"min":7.91505146027,"var":368.599212646},"gfcc":{"cov":[[13817.0957031,520.310302734,-855.108459473,297.784637451,-320.213226318,149.470306396,-326.059539795,104.528373718,-170.405960083,-75.2679901123,-182.249099731,-33.8776473999,-92.0436706543],[520.310302734,698.018737793,-426.073699951,174.1353302,-23.4549884796,18.40284729,48.4178848267,13.2308034897,23.9954967499,-31.9466056824,38.6944656372,-39.6208305359,42.7249565125],[-855.108459473,-426.073699951,746.266113281,-21.1622276306,53.4299583435,-9.35562324524,-29.7131290436,-29.0001773834,-10.8994541168,34.6467971802,-16.091917038,39.8381690979,-50.5587348938],[297.784637451,174.1353302,-21.1622276306,267.855560303,-52.448009491,50.3060264587,-23.5307769775,5.00276756287,7.03883838654,-23.8664951324,24.5933876038,-4.95554018021,6.82467269897],[-320.213226318,-23.4549884796,53.4299583435,-52.448009491,209.028900146,17.0209407806,57.7462310791,13.1165723801,-3.72372484207,18.086730957,3.99079942703,17.9508533478,-8.35809135437],[149.470306396,18.40284729,-9.35562324524,50.3060264587,17.0209407806,139.293670654,32.7744789124,2.93783783913,-16.7363643646,-7.33836746216,13.5710229874,-6.35526704788,-1.43489277363],[-326.059539795,48.4178848267,-29.7131290436,-23.5307769775,57.7462310791,32.7744789124,116.20173645,33.6484298706,-4.62811470032,-6.27781057358,1.42105221748,0.573891639709,7.65933609009],[104.528373718,13.2308034897,-29.0001773834,5.00276756287,13.1165723801,2.93783783913,33.6484298706,98.0474472046,45.3893470764,2.99546790123,-12.2681674957,-7.55702781677,8.64222717285],[-170.405960083,23.9954967499,-10.8994541168,7.03883838654,-3.72372484207,-16.7363643646,-4.62811470032,45.3893470764,87.7339706421,27.688331604,-7.07308578491,-17.7003192902,6.83581924438],[-75.2679901123,-31.9466056824,34.6467971802,-23.8664951324,18.086730957,-7.33836746216,-6.27781057358,2.99546790123,27.688331604,63.2668647766,22.6632575989,-0.640077471733,-13.0910482407],[-182.249099731,38.6944656372,-16.091917038,24.5933876038,3.99079942703,13.5710229874,1.42105221748,-12.2681674957,-7.07308578491,22.6632575989,78.5017929077,24.5846347809,-3.18763613701],[-33.8776473999,-39.6208305359,39.8381690979,-4.95554018021,17.9508533478,-6.35526704788,0.573891639709,-7.55702781677,-17.7003192902,-0.640077471733,24.5846347809,56.4751358032,8.74143409729],[-92.0436706543,42.7249565125,-50.5587348938,6.82467269897,-8.35809135437,-1.43489277363,7.65933609009,8.64222717285,6.83581924438,-13.0910482407,-3.18763613701,8.74143409729,55.4766769409]],"icov":[[0.000129021020257,-0.000148221253767,0.000150911931996,-0.0000420456926804,0.000116348208394,-0.000267365307081,0.000603178108577,-0.000564128626138,0.00067311123712,-0.000467889301945,0.000711735337973,-0.000452268723166,0.00040494807763],[-0.000148221253767,0.00354831805453,0.00146700814366,-0.00220699282363,-0.000690052227583,0.00139814184513,-0.00246728630736,0.00193489517551,-0.00180008832831,0.00137757963967,-0.00236907717772,0.00252997176722,-0.00138663942926],[0.000150911931996,0.00146700814366,0.00264854473062,-0.00133603636641,-0.000393967551645,0.0000676896233927,0.000109870874439,0.000379395554774,0.000229603276239,-0.00128457124811,0.0016003154451,-0.00156622228678,0.00157413899433],[-0.0000420456926804,-0.00220699282363,-0.00133603636641,0.00649500405416,0.00108120508958,-0.00256945937872,0.00242953072302,-0.00119332352187,-0.00104958063457,0.00293861306272,-0.00197504810058,-0.000364866282325,0.000327008136082],[0.000116348208394,-0.000690052227583,-0.000393967551645,0.00108120508958,0.0065167285502,-0.00104482867755,-0.00220896466635,-0.000726171594579,0.000791297992691,-0.00245558633469,0.00177731295116,-0.00309368153103,0.00151794613339],[-0.000267365307081,0.00139814184513,0.0000676896233927,-0.00256945937872,-0.00104482867755,0.00997504871339,-0.00429775146767,0.00124571332708,0.000603076710831,0.00111594097689,-0.00350853358395,0.00414374517277,-0.00130819238257],[0.000603178108577,-0.00246728630736,0.000109870874439,0.00242953072302,-0.00220896466635,-0.00429775146767,0.0167053136975,-0.00836803391576,0.00606761220843,-0.000892707204912,0.00245233648457,-0.00158691382967,0.000688043946866],[-0.000564128626138,0.00193489517551,0.000379395554774,-0.00119332352187,-0.000726171594579,0.00124571332708,-0.00836803391576,0.0195464156568,-0.0130272302777,0.00413591833785,-0.00137086422183,0.000507712189574,-0.00147796457168],[0.00067311123712,-0.00180008832831,0.000229603276239,-0.00104958063457,0.000791297992691,0.000603076710831,0.00606761220843,-0.0130272302777,0.0259618796408,-0.0134630128741,0.00582121592015,0.00270453491248,-0.00229963194579],[-0.000467889301945,0.00137757963967,-0.00128457124811,0.00293861306272,-0.00245558633469,0.00111594097689,-0.000892707204912,0.00413591833785,-0.0134630128741,0.0296986941248,-0.0135559318587,0.00488986959681,0.0028860506136],[0.000711735337973,-0.00236907717772,0.0016003154451,-0.00197504810058,0.00177731295116,-0.00350853358395,0.00245233648457,-0.00137086422183,0.00582121592015,-0.0135559318587,0.0257515516132,-0.0139442253858,0.00451952125877],[-0.000452268723166,0.00252997176722,-0.00156622228678,-0.000364866282325,-0.00309368153103,0.00414374517277,-0.00158691382967,0.000507712189574,0.00270453491248,0.00488986959681,-0.0139442253858,0.0301891919225,-0.00903771072626],[0.00040494807763,-0.00138663942926,0.00157413899433,0.000327008136082,0.00151794613339,-0.00130819238257,0.000688043946866,-0.00147796457168,-0.00229963194579,0.0028860506136,0.00451952125877,-0.00903771072626,0.0241379849613]],"mean":[42.6546783447,66.6554336548,-111.734428406,44.956867218,-43.621181488,10.9372577667,-33.0469360352,5.46066951752,-27.5337371826,-8.26993083954,-20.6231002808,0.823654174805,-10.3044271469]},"hfc":{"dmean":8.05692481995,"dmean2":12.2629499435,"dvar":113.703781128,"dvar2":232.480804443,"max":310.073913574,"mean":30.9180641174,"median":28.6499404907,"min":1.09036215342e-16,"var":387.110046387},"melbands":{"dmean":[0.000728935061488,0.00126174592879,0.00158687215298,0.000728456070647,0.000355492462404,0.000160962663358,0.000115313072456,0.0000777430468588,0.0000718418377801,0.000108536463813,0.000123307618196,0.0000741971380194,0.000060747621319,0.000050475649914,0.0000400705139327,0.0000309164133796,0.0000315967772622,0.000026657635317,0.0000248970682151,0.0000256906187133,0.0000351104499714,0.0000376678399334,0.0000262414232566,0.0000168176447914,0.0000128149522425,0.00000949586137722,0.00000928785357246,0.00000755185328671,0.00000538564472663,0.0000048953447731,0.00000382964663004,0.00000306278411699,0.000002511581215,0.00000234014919442,0.00000194945960175,0.00000191070307665,0.0000017122264353,0.00000152544851062,0.00000117352192319,9.53292897066e-7],"dmean2":[0.00125361746177,0.00212757592089,0.00268287584186,0.00125963718165,0.000591047806665,0.000263367051957,0.000193804968148,0.000128369851154,0.000118255644338,0.000175844383193,0.000198551715584,0.000117904593935,0.0000963646671153,0.0000792023784015,0.0000627261979389,0.0000486681419716,0.0000503851151734,0.0000422673438152,0.0000397934236389,0.0000404933707614,0.0000564356050745,0.0000608606897003,0.0000428798230132,0.0000276609116554,0.0000211103797483,0.0000157631802722,0.0000154686040332,0.0000128116407723,0.0000091883002824,0.00000837014249555,0.0000064218343141,0.00000511794178237,0.00000410351412938,0.00000376388379664,0.00000310250470648,0.00000298958229905,0.00000268738222076,0.00000235235415857,0.00000173087369149,0.00000139712017244],"dvar":[0.00000144842988448,0.00000274309559245,0.00000518865635968,0.00000112440773137,3.09469783133e-7,6.53347100865e-8,4.60257751911e-8,4.03973956509e-8,4.28557314081e-8,7.68138335161e-8,9.65486179894e-8,2.6117293217e-8,1.92862383841e-8,1.01356594229e-8,6.36322949887e-9,3.60112872855e-9,4.46425207912e-9,2.90986235107e-9,2.22860618848e-9,2.481452821e-9,3.08881276112e-9,3.33842020694e-9,1.30146460275e-9,6.59506282918e-10,3.55110135741e-10,1.50649867581e-10,1.55416068903e-10,1.23341559188e-10,6.27648419349e-11,4.83777913562e-11,3.51205835247e-11,3.19078860556e-11,2.29505112831e-11,2.37595360053e-11,3.05217032204e-11,5.27028663766e-11,4.68170953394e-11,3.7216271731e-11,1.80747136008e-11,1.34963698203e-11],"dvar2":[0.0000039995015868,0.00000765052118368,0.0000138194627652,0.00000310543850901,7.99668555374e-7,1.62468211329e-7,1.19470840332e-7,1.02002523761e-7,1.06915670983e-7,1.91170215658e-7,2.47810447718e-7,6.23838332103e-8,4.68939020948e-8,2.46787230651e-8,1.44120724244e-8,8.05441313645e-9,1.04331983053e-8,6.7635821388e-9,5.37745492579e-9,5.77694203585e-9,7.14565517868e-9,7.96379850954e-9,3.18944359812e-9,1.73230274569e-9,9.15083453457e-10,3.81224385393e-10,3.8018391213e-10,3.21284054916e-10,1.67410654783e-10,1.31426022842e-10,9.01244287532e-11,8.13781125819e-11,5.821521043e-11,5.81259068655e-11,6.92883042608e-11,1.11542712566e-10,9.89860970968e-11,7.83344222821e-11,3.35570390919e-11,2.49288749365e-11],"max":[0.0134527627379,0.0228233747184,0.023565294221,0.0106746740639,0.011926934123,0.00671396451071,0.00568896299228,0.00416973885149,0.00481293583289,0.00667379936203,0.00758912879974,0.00503225577995,0.00291981385089,0.00211639422923,0.00183521572035,0.0016537590418,0.00233319331892,0.0011568343034,0.000803339178674,0.00192377949134,0.00136065587867,0.00154999259394,0.000830001896247,0.000517066335306,0.000465709134005,0.000270544172963,0.000298576604109,0.000196706998395,0.000148370716488,0.0000909949303605,0.000125544451294,0.000141568452818,0.000121225086332,0.000117752308142,0.000156250462169,0.000157053218572,0.00021694242605,0.000186424134881,0.000165107951034,0.000180740607902],"mean":[0.00100249785464,0.00215835077688,0.00229863147251,0.00101450993679,0.000527914380655,0.000265390612185,0.000177996553248,0.000107730251329,0.0000951495458139,0.000174815984792,0.000220766320126,0.000123112622532,0.000101841273136,0.0000928284789552,0.0000722182667232,0.0000553153804503,0.0000541606350453,0.0000447039019491,0.0000443549688498,0.0000501343602082,0.0000726667931303,0.0000759016911616,0.0000512653750775,0.0000318586062349,0.0000286242684524,0.0000203921335924,0.0000192931511265,0.0000137585211633,0.0000100652760011,0.00000976188493951,0.00000758650321586,0.00000574741625314,0.00000498627650813,0.00000457459373138,0.00000372087561118,0.00000347031664205,0.00000300144142784,0.00000262631374426,0.0000019457295366,0.00000160767297075],"median":[0.000711073109414,0.00174487952609,0.00166902132332,0.000710761232767,0.000301687890897,0.000152525084559,0.0000917995130294,0.0000461160925624,0.0000350633490598,0.0000631555230939,0.0000652219678159,0.0000558919782634,0.0000384594895877,0.0000389545166399,0.0000315563847835,0.0000257114552369,0.0000258451491391,0.0000217971955863,0.0000197200151888,0.0000248941159953,0.0000440653966507,0.0000500514106534,0.0000329937465722,0.0000214335686906,0.0000202682040253,0.0000160303825396,0.0000149648230945,0.0000102701878859,0.00000749668379285,0.00000759040904086,0.00000583922974329,0.00000391485218643,0.00000324060738421,0.00000261078230324,0.00000195493930732,0.00000137404026646,0.00000116104172321,0.00000102937326574,7.49019193336e-7,6.21969832082e-7],"min":[4.49219307668e-25,1.17367681973e-24,1.71707842808e-24,2.12370269814e-24,2.89139964856e-24,1.87785222487e-24,2.34897100152e-24,3.24960225575e-24,2.77455534622e-24,2.52186544891e-24,3.8707097201e-24,1.26968986936e-24,3.08583808448e-24,3.22152432955e-24,3.20817108379e-24,2.26584202262e-24,2.92240819302e-24,4.38025470031e-24,4.88876863931e-24,4.98026782685e-24,5.08743458082e-24,4.41820206529e-24,3.53499024037e-24,4.77611693546e-24,4.28727363756e-24,3.5200748528e-24,5.9078842377e-24,4.55191004442e-24,2.90706682057e-24,4.41400216983e-24,6.13280110355e-24,6.59543883661e-24,4.59317456952e-24,6.60871181577e-24,6.83179497445e-24,5.34305943513e-24,4.532232698e-24,7.33094592337e-24,7.52644458834e-24,7.5073549433e-24],"var":[0.00000131176932427,0.00000345504395227,0.00000554025882593,0.00000112031989374,4.47243621693e-7,1.40388735304e-7,8.83873383373e-8,5.67870976909e-8,5.27722043842e-8,1.6459557628e-7,2.95541639161e-7,5.65760878146e-8,4.5264648918e-8,2.60204551239e-8,1.51439767393e-8,9.29837806751e-9,1.07760564916e-8,5.42509548396e-9,4.3951460249e-9,5.59243984455e-9,8.28665580599e-9,7.82151943213e-9,3.284080341e-9,1.18326093368e-9,1.20488918842e-9,2.95178770315e-10,2.93296831266e-10,1.71120603798e-10,9.03227145854e-11,6.69736557879e-11,5.05882800927e-11,4.36377635415e-11,3.57930837747e-11,4.3218803536e-11,6.69521868502e-11,1.2116721515e-10,1.05638137127e-10,8.00125868339e-11,4.48566808697e-11,3.34043626093e-11]},"melbands_crest":{"dmean":3.44294214249,"dmean2":5.81475496292,"dvar":8.71977710724,"dvar2":23.9869194031,"max":30.2985229492,"mean":13.2396421432,"median":12.8129491806,"min":1.61371386051,"var":17.8604545593},"melbands_flatness_db":{"dmean":0.0234067104757,"dmean2":0.0378356687725,"dvar":0.00040684180567,"dvar2":0.00107775302604,"max":0.312277644873,"mean":0.15520465374,"median":0.154176875949,"min":0.00323049817234,"var":0.00127815676387},"melbands_kurtosis":{"dmean":6.06536483765,"dmean2":9.86616516113,"dvar":63.3428688049,"dvar2":160.711471558,"max":137.940032959,"mean":10.3015375137,"median":6.58950614929,"min":-1.58914113045,"var":137.266860962},"melbands_skewness":{"dmean":0.77384775877,"dmean2":1.22624003887,"dvar":0.514416575432,"dvar2":1.28673434258,"max":10.206038475,"mean":2.71531200409,"median":2.55583024025,"min":-0.453034460545,"var":1.91036617756},"melbands_spread":{"dmean":9.54351615906,"dmean2":15.255355835,"dvar":90.659576416,"dvar2":215.093292236,"max":188.916915894,"mean":32.4088973999,"median":29.7060146332,"min":2.58068490028,"var":305.661621094},"mfcc":{"cov":[[5851.86621094,631.338989258,-126.781997681,182.39465332,29.0856781006,34.172039032,-30.9398326874,49.7022628784,8.55031013489,-33.5966644287,-54.8271789551,-15.378575325,-23.7742271423],[631.338989258,471.508972168,-220.987808228,78.161819458,-14.0630865097,11.3445301056,33.519153595,21.8995265961,20.0716648102,11.6270580292,-0.747651219368,5.50614070892,-2.48627066612],[-126.781997681,-220.987808228,507.597412109,43.6349105835,50.8305664062,21.0602588654,-32.2540397644,-16.8728408813,-33.1063537598,-17.8653392792,8.65732574463,-5.38284492493,9.85901737213],[182.39465332,78.161819458,43.6349105835,167.47328186,27.2056999207,-0.576174855232,-7.74326229095,20.4059810638,2.0571835041,-10.3233261108,3.27676773071,14.2483139038,5.31947040558],[29.0856781006,-14.0630865097,50.8305664062,27.2056999207,119.189559937,30.1163864136,8.89126110077,4.10297203064,3.38526344299,2.30057787895,8.98954486847,11.7490816116,12.4122686386],[34.172039032,11.3445301056,21.0602588654,-0.576174855232,30.1163864136,112.768447876,54.3166885376,9.48345470428,-20.4644508362,-8.36838340759,0.295236974955,-3.92462253571,3.37651467323],[-30.9398326874,33.519153595,-32.2540397644,-7.74326229095,8.89126110077,54.3166885376,122.624916077,43.9289474487,-6.83552074432,-8.41000461578,-1.83498573303,7.78511476517,10.3873157501],[49.7022628784,21.8995265961,-16.8728408813,20.4059810638,4.10297203064,9.48345470428,43.9289474487,85.3140945435,32.7960319519,2.75936222076,-5.97147941589,1.46549248695,4.49666404724],[8.55031013489,20.0716648102,-33.1063537598,2.0571835041,3.38526344299,-20.4644508362,-6.83552074432,32.7960319519,93.3886413574,48.4871444702,-3.55920386314,-12.0843315125,-9.61499118805],[-33.5966644287,11.6270580292,-17.8653392792,-10.3233261108,2.30057787895,-8.36838340759,-8.41000461578,2.75936222076,48.4871444702,83.244720459,20.3571052551,-2.38599681854,-9.07874107361],[-54.8271789551,-0.747651219368,8.65732574463,3.27676773071,8.98954486847,0.295236974955,-1.83498573303,-5.97147941589,-3.55920386314,20.3571052551,59.7881164551,28.5835533142,6.87003135681],[-15.378575325,5.50614070892,-5.38284492493,14.2483139038,11.7490816116,-3.92462253571,7.78511476517,1.46549248695,-12.0843315125,-2.38599681854,28.5835533142,67.8980255127,26.7390060425],[-23.7742271423,-2.48627066612,9.85901737213,5.31947040558,12.4122686386,3.37651467323,10.3873157501,4.49666404724,-9.61499118805,-9.07874107361,6.87003135681,26.7390060425,53.4435958862]],"icov":[[0.000210666970816,-0.000320760387694,-0.0000650468937238,-0.0000193529431272,-0.0000704880658304,-0.0000873190292623,0.000234852981521,-0.000176978443051,0.0000726930738892,0.0000552931487618,0.000199626520043,-0.0000551069897483,0.000108231222839],[-0.000320760387694,0.00373802240938,0.00163443246856,-0.00206931168213,0.000481175346067,-0.000380765239242,-0.000968038802966,0.000677710864693,-0.000311777810566,-0.000466201337986,-0.000421393517172,0.000404541089665,-0.000304425338982],[-0.0000650468937238,0.00163443246856,0.0029931042809,-0.00142280140426,-0.000639611622319,-0.000624617328867,0.000551263161469,0.0000495204294566,0.000760373368394,-0.000109274726128,-0.000612009491306,0.00102543423418,-0.00060287368251],[-0.0000193529431272,-0.00206931168213,-0.00142280140426,0.00819252710789,-0.00156391016208,0.000353335781256,0.00176970800385,-0.00267712492496,0.000164121782291,0.00124673836399,0.0000765245131333,-0.00174532085657,0.000669042929076],[-0.0000704880658304,0.000481175346067,-0.000639611622319,-0.00156391016208,0.0102371787652,-0.00306465732865,-0.0000101322757473,0.000852438563015,-0.00203272630461,0.000103517551906,-0.000743922311813,-0.00112776784226,-0.00167727586813],[-0.0000873190292623,-0.000380765239242,-0.000624617328867,0.000353335781256,-0.00306465732865,0.0132681615651,-0.0059455265291,0.00044010867714,0.00304066878743,-0.000815593462903,-0.000517226464581,0.00249093561433,0.000244254420977],[0.000234852981521,-0.000968038802966,0.000551263161469,0.00176970800385,-0.0000101322757473,-0.0059455265291,0.0145409554243,-0.00795553438365,0.00276428903453,-0.000239806438913,0.000791528145783,-0.0015396468807,-0.00087208050536],[-0.000176978443051,0.000677710864693,0.0000495204294566,-0.00267712492496,0.000852438563015,0.00044010867714,-0.00795553438365,0.0199272241443,-0.00950526725501,0.003430982586,0.00017562697758,-0.000378699187422,-0.00110641110223],[0.0000726930738892,-0.000311777810566,0.000760373368394,0.000164121782291,-0.00203272630461,0.00304066878743,0.00276428903453,-0.00950526725501,0.0223703775555,-0.0126376152039,0.00392663385719,0.00207715574652,0.000737524940632],[0.0000552931487618,-0.000466201337986,-0.000109274726128,0.00124673836399,0.000103517551906,-0.000815593462903,-0.000239806438913,0.003430982586,-0.0126376152039,0.0216685570776,-0.0085452478379,0.00114015117288,0.00161974551156],[0.000199626520043,-0.000421393517172,-0.000612009491306,0.0000765245131333,-0.000743922311813,-0.000517226464581,0.000791528145783,0.00017562697758,0.00392663385719,-0.0085452478379,0.025302015245,-0.0108881182969,0.00166118855122],[-0.0000551069897483,0.000404541089665,0.00102543423418,-0.00174532085657,-0.00112776784226,0.00249093561433,-0.0015396468807,-0.000378699187422,0.00207715574652,0.00114015117288,-0.0108881182969,0.0245459452271,-0.00989933870733],[0.000108231222839,-0.000304425338982,-0.00060287368251,0.000669042929076,-0.00167727586813,0.000244254420977,-0.00087208050536,-0.00110641110223,0.000737524940632,0.00161974551156,0.00166118855122,-0.00989933870733,0.0245737843215]],"mean":[-595.834960938,95.7208633423,-4.29492807388,35.0846672058,11.0237350464,8.69426822662,4.20771121979,10.0182743073,1.65765440464,-4.93483400345,-6.89019632339,-2.73353767395,-4.26346969604]},"pitch_salience":{"dmean":0.0698818266392,"dmean2":0.11820332706,"dvar":0.00352628016844,"dvar2":0.00981290545315,"max":0.933093070984,"mean":0.603751182556,"median":0.609902620316,"min":0.213566169143,"var":0.00793045200408},"silence_rate_20dB":{"dmean":0,"dmean2":0,"dvar":0,"dvar2":0,"max":1,"mean":1,"median":1,"min":1,"var":0},"silence_rate_30dB":{"dmean":0,"dmean2":0,"dvar":0,"dvar2":0,"max":1,"mean":1,"median":1,"min":1,"var":0},"silence_rate_60dB":{"dmean":0.00318109523505,"dmean2":0.00636291317642,"dvar":0.00317040062509,"dvar2":0.0079108485952,"max":1,"mean":0.0227195266634,"median":0,"min":0,"var":0.0222022049129},"spectral_centroid":{"dmean":299.482299805,"dmean2":480.994842529,"dvar":78750.2734375,"dvar2":189060.890625,"max":11750.7636719,"mean":1834.86279297,"median":1804.82080078,"min":457.096466064,"var":597202},"spectral_complexity":{"dmean":5.07589197159,"dmean2":7.96909427643,"dvar":20.3723220825,"dvar2":46.036819458,"max":59,"mean":30.2696800232,"median":31,"min":0,"var":92.6872177124},"spectral_contrast_coeffs":{"dmean":[0.057195559144,0.0497609190643,0.0394173301756,0.0293830502778,0.0211862772703,0.0190193559974],"dmean2":[0.0954614207149,0.082772180438,0.0652711614966,0.0476103276014,0.0352817885578,0.0307180844247],"dvar":[0.00224326993339,0.00153006415349,0.00101531681139,0.000551957753487,0.000294613972073,0.000294319092063],"dvar2":[0.00602658791468,0.00417052395642,0.00270846905187,0.00140193500556,0.000784732983448,0.000743104435969],"max":[-0.275607049465,-0.456682264805,-0.474160373211,-0.598452210426,-0.652768194675,-0.623369395733],"mean":[-0.624029576778,-0.74336129427,-0.773701488972,-0.792093038559,-0.791116774082,-0.743124902248],"median":[-0.625003576279,-0.746080756187,-0.783779978752,-0.796796143055,-0.793001055717,-0.740864038467],"min":[-0.975206434727,-0.987666428089,-0.973858892918,-0.968083739281,-0.966343164444,-0.966333925724],"var":[0.00553961470723,0.00428191758692,0.00450342381373,0.00243479688652,0.00129609438591,0.00133797060698]},"spectral_contrast_valleys":{"dmean":[0.40840831399,0.371163576841,0.312182784081,0.254771828651,0.206913292408,0.230933740735],"dmean2":[0.684056758881,0.61084985733,0.506291568279,0.406458079815,0.332164436579,0.322405874729],"dvar":[0.145306318998,0.130178660154,0.0984806865454,0.0763860046864,0.0703885480762,0.100948296487],"dvar2":[0.353316634893,0.297204464674,0.215605840087,0.153871074319,0.142649292946,0.183699265122],"max":[-5.31301927567,-4.90128517151,-5.1952791214,-5.69082260132,-5.56812238693,-7.01922655106],"mean":[-6.94105243683,-6.91351556778,-7.0571475029,-7.27702379227,-6.78421258926,-9.54649734497],"median":[-6.68729066849,-6.73835802078,-6.88311195374,-7.09894990921,-6.58687829971,-9.39148902893],"min":[-28.0661754608,-28.2525062561,-27.8101043701,-27.6467990875,-27.5283126831,-27.3640213013],"var":[2.84185862541,2.734603405,2.66762065887,2.63052725792,2.64971137047,2.2571208477]},"spectral_decrease":{"dmean":2.77190870257e-9,"dmean2":4.59786164697e-9,"dvar":1.02742912745e-17,"dvar2":2.72261320471e-17,"max":2.18186845989e-28,"mean":-7.76421504867e-9,"median":-7.13281833598e-9,"min":-3.06074596779e-8,"var":1.55993690382e-17},"spectral_energy":{"dmean":0.010897741653,"dmean2":0.0180309358984,"dvar":0.000156678870553,"dvar2":0.000413358007791,"max":0.119992434978,"mean":0.0321083851159,"median":0.0297631695867,"min":1.02247407777e-20,"var":0.000247976975515},"spectral_energyband_high":{"dmean":0.000625703309197,"dmean2":0.000960313074756,"dvar":0.00000141535872444,"dvar2":0.00000277163576357,"max":0.0326836705208,"mean":0.00156351097394,"median":0.00109204498585,"min":7.13233252e-21,"var":0.00000417849378209},"spectral_energyband_low":{"dmean":0.00646562268957,"dmean2":0.0107949534431,"dvar":0.0000618216872681,"dvar2":0.000170894927578,"max":0.08640974015,"mean":0.0118928318843,"median":0.0101945875213,"min":1.98289970403e-23,"var":0.0000811010904727},"spectral_energyband_middle_high":{"dmean":0.00210048607551,"dmean2":0.0032363445498,"dvar":0.0000061964874476,"dvar2":0.000014004717741,"max":0.0505250282586,"mean":0.00794230308384,"median":0.00656742975116,"min":1.24722973327e-21,"var":0.0000307405316562},"spectral_energyband_middle_low":{"dmean":0.00713874166831,"dmean2":0.0118674561381,"dvar":0.0000997957831714,"dvar2":0.000262470333837,"max":0.103009998798,"mean":0.0139575395733,"median":0.0111672142521,"min":1.95400076295e-22,"var":0.000120201570098},"spectral_entropy":{"dmean":0.099565833807,"dmean2":0.153867840767,"dvar":0.00849639251828,"dvar2":0.0185902807862,"max":9.82348918915,"mean":7.9178147316,"median":7.90210580826,"min":7.12808036804,"var":0.0592559278011},"spectral_flux":{"dmean":0.025700584054,"dmean2":0.0397644974291,"dvar":0.000652071670629,"dvar2":0.00144037452992,"max":0.265959441662,"mean":0.101337701082,"median":0.0970248878002,"min":6.51289785991e-11,"var":0.00150998996105},"spectral_kurtosis":{"dmean":0.89053684473,"dmean2":1.46850597858,"dvar":0.838494122028,"dvar2":2.38006448746,"max":12.832195282,"mean":3.40542674065,"median":3.2211060524,"min":-1.2798320055,"var":2.63176250458},"spectral_rms":{"dmean":0.000904777785763,"dmean2":0.00146844307892,"dvar":8.66597019922e-7,"dvar2":0.00000224041718866,"max":0.0108196949586,"mean":0.00539900828153,"median":0.00538862124085,"min":3.15837872349e-12,"var":0.00000217580873141},"spectral_rolloff":{"dmean":686.991577148,"dmean2":1144.3515625,"dvar":915197.25,"dvar2":2051160.125,"max":19853.6132812,"mean":2160.03857422,"median":2131.78710938,"min":107.666015625,"var":3671814.75},"spectral_skewness":{"dmean":0.158509507775,"dmean2":0.253197878599,"dvar":0.0218933448195,"dvar2":0.0563272051513,"max":2.27089095116,"mean":1.2543772459,"median":1.24361658096,"min":-0.0508700422943,"var":0.0850579217076},"spectral_spread":{"dmean":533463.375,"dmean2":749624.4375,"dvar":440486395904,"dvar2":790282371072,"max":42270200,"mean":4916002,"median":4532024.5,"min":1922930.75,"var":7697836015620},"spectral_strongpeak":{"dmean":0.514210224152,"dmean2":0.903358697891,"dvar":0.895929336548,"dvar2":2.3589990139,"max":13.0826587677,"mean":0.756954193115,"median":0.387130767107,"min":0,"var":1.29201745987},"zerocrossingrate":{"dmean":0.0109154880047,"dmean2":0.0133063159883,"dvar":0.000158802300575,"dvar2":0.00021512497915,"max":0.5390625,"mean":0.081528544426,"median":0.07421875,"min":0.01171875,"var":0.00183853972703}},"metadata":{"audio_properties":{"analysis_sample_rate":44100,"bit_rate":0,"codec":"flac","downmix":"mix","equal_loudness":0,"length":204.36000061,"lossless":true,"md5_encoded":"847ef9a44262391064e4f8d591dce06d","replay_gain":-13.2035732269,"sample_rate":44100},"tags":{"acoustid_id":["b42ce54e-bd4e-4304-b785-57f6c1ec0904"],"album":["Fear of the Dark"],"album artist":["Iron Maiden"],"albumartist":["Iron Maiden"],"albumartistsort":["Iron Maiden"],"artist":["Iron Maiden"],"artistsort":["Iron Maiden"],"asin":["B0000251W7"],"barcode":["0077779916122"],"catalognumber":["CDP 7991612"],"composer":["Bruce Dickinson","Janick Gers"],"date":["1992-05-11"],"disc":["1"],"discnumber":["1"],"disctotal":["1"],"engineer":["Mick McKenna","Martin Birch"],"ensemble":["Iron Maiden"],"file_name":"01. Iron Maiden - Be Quick or Be Dead.flac","genre":["Heavy Metal"],"isrc":["GBCHB9810011"],"label":["EMI"],"media":["CD"],"mixer":["Martin Birch","Steve Harris"],"musicbrainz_albumartistid":["ca891d65-d9b0-4258-89f7-e6ba29d83767"],"musicbrainz_albumid":["ecc2e9db-637c-4f21-955c-6ab3e1123ffc"],"musicbrainz_artistid":["ca891d65-d9b0-4258-89f7-e6ba29d83767"],"musicbrainz_recordingid":["500566c6-fc94-48eb-bf5f-6109b5ce8ed0"],"musicbrainz_workid":["1a4fa32a-5667-3033-ae36-e8d4d5f815bf"],"originaldate":["1992-05-11"],"performer":["Steve Harris (bass guitar)","Nicko McBrain (drums)","Dave Murray (guitar)","Janick Gers (guitar)","Michael Kenney (guest keyboard)","Bruce Dickinson (lead vocals vocal)"],"producer":["Martin Birch","Steve Harris"],"releasecountry":["GB"],"releasestatus":["official"],"releasetype":["album"],"replaygain_album_gain":["-7.26999998092651 dB"],"replaygain_track_gain":["-7.67999982833862 dB"],"replaygain_track_peak":["0.982666015625"],"script":["Latn"],"title":["Be Quick or Be Dead"],"totaldiscs":["1"],"totaltracks":["12"],"tracknumber":["1"],"tracktotal":["12"]},"version":{"essentia":"2.1-beta1","essentia_build_sha":"ca57ba49d9b1854bd80e60cf9ccf267278fb7d6b","essentia_git_sha":"v2.1