{"lowlevel":{"average_loudness":0.946568191051,"barkbands":{"dmean":[0.0000529867866135,0.00271654548123,0.00321480981074,0.00378022738732,0.00162796594668,0.00098398711998,0.000325770990457,0.000339640071616,0.000457753310911,0.000360482081305,0.000261551322183,0.000210814512684,0.000202608978725,0.00014068991004,0.000312847230816,0.000355637981556,0.000354560412234,0.000295963021927,0.000216259199078,0.000203005474759,0.0000925408312469,0.0000586811402172,0.0000409762797062,0.000030563747714,0.0000401465294999,0.0000449341605417,0.00000894816002983],"dmean2":[0.00008663553308,0.00494911894202,0.00589058035985,0.00658941594884,0.00273234560154,0.00159443099983,0.000519030028954,0.000539265340194,0.000730595493224,0.000525497423951,0.000425984471804,0.000337958568707,0.000333509087795,0.000233326441958,0.000454800407169,0.000516947591677,0.000517507141922,0.000434248126112,0.000304133252939,0.000317264551995,0.000145978716318,0.0000863353488967,0.0000591745047132,0.000044143962441,0.000053173800552,0.000058919267758,0.0000120938757391],"dvar":[6.63382504484e-9,0.000042667346861,0.0000642844388494,0.000115348877443,0.0000178947029781,0.00000425476491728,4.93476136398e-7,0.00000161340403793,9.39287474466e-7,5.88127136325e-7,0.00000139963412948,4.61977805344e-7,7.4320666954e-7,4.22768124508e-7,6.84973372245e-7,4.39881290504e-7,5.12958251875e-7,2.27436999012e-7,2.24912113822e-7,9.82239498626e-8,4.18319174855e-8,1.83539867749e-8,8.64649596366e-9,7.88635290405e-9,7.93764165508e-9,1.06454338678e-8,6.1927729611e-10],"dvar2":[1.53757806487e-8,0.000123269375763,0.000186297838809,0.000309413124342,0.000047718101996,0.0000104313012343,0.00000114596139156,0.00000363289768757,0.00000228915951084,0.00000127215855628,0.00000377619448955,0.00000123250481465,0.00000192441984836,0.00000117514014164,0.00000161746970662,8.56674887473e-7,0.0000010266070376,4.51448670447e-7,3.37351252711e-7,2.33054564092e-7,1.00095178368e-7,3.74154645044e-8,1.60475241984e-8,1.40618681144e-8,1.32127890851e-8,1.72414047483e-8,1.14015297203e-9],"max":[0.00111109099817,0.0873769298196,0.078306235373,0.116848118603,0.055493734777,0.0417269393802,0.0143123725429,0.0479534380138,0.0184447858483,0.0218851901591,0.0476318411529,0.0232161171734,0.024584364146,0.0246404185891,0.0377826727927,0.0177282150835,0.024014685303,0.0184139236808,0.020894754678,0.00490352138877,0.00502256071195,0.00444954261184,0.00329285440966,0.00497898925096,0.00327004282735,0.00126370752696,0.000384246872272],"mean":[0.000104212609585,0.00258098286577,0.00281329965219,0.00320476270281,0.00192784389947,0.00126362894662,0.000511360762175,0.00044767773943,0.000710118853021,0.00067840970587,0.000360464066034,0.000288559967885,0.000264726637397,0.00017735491565,0.000590224459302,0.000720002455637,0.000770006387029,0.000595491263084,0.000416908500483,0.000384345650673,0.000171046951436,0.000119768948935,0.0000854999670992,0.0000581466047151,0.0000742434131098,0.000069258530857,0.0000133434814416],"median":[0.000080482022895,0.000917248020414,0.00102283700835,0.000775347580202,0.000859522202518,0.000492383609526,0.00024309346918,0.0001755458361,0.000321837200318,0.000260169268586,0.000127515828353,0.0000958544624154,0.0000849927819218,0.0000531092373421,0.000155746238306,0.000276096427115,0.000224070943659,0.00028428027872,0.000175485154614,0.000213157953112,0.0000622574880254,0.0000423366000177,0.0000328491260007,0.0000252467980317,0.000024663964723,0.0000090178946266,8.75012347024e-7],"min":[3.1577843191e-25,2.66809600326e-24,8.32499014168e-25,1.19379790041e-24,1.72756451944e-23,1.17746664557e-23,3.95774829365e-24,1.02964917917e-23,1.88135090187e-23,1.93307856247e-23,2.65726186647e-23,1.85839599616e-23,3.02517996624e-23,3.1550845314e-23,5.1686898573e-23,5.20113980841e-23,6.91733447562e-23,8.73870828287e-23,1.24460503526e-22,1.75167359176e-22,2.86581150937e-22,3.42316912816e-22,3.79905440753e-22,6.2737842735e-22,9.02877736021e-22,1.28149583151e-21,1.96107741325e-21],"var":[8.52081782909e-9,0.0000297898441204,0.0000412024346588,0.000084387291281,0.0000147527834997,0.00000588453485761,7.11444158696e-7,0.0000020164743546,0.00000141026987421,0.00000130542139232,0.00000120876393339,5.08022992562e-7,7.47115791455e-7,3.71916996755e-7,0.00000197458757611,0.00000153746657361,0.00000242030569098,9.88891201814e-7,8.69394455094e-7,2.29564975029e-7,1.11853807994e-7,6.23841671654e-8,3.29320322123e-8,2.44074520594e-8,2.35031247797e-8,2.69146447351e-8,1.33889754839e-9]},"barkbands_crest":{"dmean":2.45245862007,"dmean2":4.02056360245,"dvar":5.9793548584,"dvar2":16.3594894409,"max":24.4553527832,"mean":8.01687049866,"median":7.0863366127,"min":2.36121201515,"var":13.37221241},"barkbands_flatness_db":{"dmean":0.0218458734453,"dmean2":0.0341098196805,"dvar":0.000456519221189,"dvar2":0.00123586086556,"max":0.294854074717,"mean":0.100303344429,"median":0.095792517066,"min":0.0205574333668,"var":0.00131113594398},"barkbands_kurtosis":{"dmean":3.07692861557,"dmean2":5.05626535416,"dvar":43.196472168,"dvar2":114.666389465,"max":132.32208252,"mean":2.69025087357,"median":0.181823164225,"min":-1.93919599056,"var":60.8415756226},"barkbands_skewness":{"dmean":0.674098014832,"dmean2":1.0330709219,"dvar":0.573590576649,"dvar2":1.44233846664,"max":10.5900382996,"mean":1.05610704422,"median":0.869182705879,"min":-4.09486818314,"var":2.14147567749},"barkbands_spread":{"dmean":7.6454911232,"dmean2":11.7972412109,"dvar":77.1356048584,"dvar2":172.387512207,"max":132.445480347,"mean":31.1219749451,"median":29.38539505,"min":1.43515193462,"var":224.619613647},"dissonance":{"dmean":0.013133267872,"dmean2":0.0218284241855,"dvar":0.0001967473072,"dvar2":0.000515122257639,"max":0.500000119209,"mean":0.477506041527,"median":0.482967227697,"min":0.279310911894,"var":0.000393745634938},"dynamic_complexity":3.15949892998,"erbbands":{"dmean":[0.0413901545107,0.758043706417,3.28779506683,8.4405632019,9.8544883728,4.44731426239,6.86879634857,7.29496431351,4.66946268082,6.17655515671,7.71520328522,10.4664077759,11.0139131546,10.7486896515,9.49233436584,8.56980705261,9.6559343338,7.02833414078,8.62653064728,23.613445282,19.1936569214,16.0310306549,17.4301223755,12.5487451553,7.4156665802,10.6284885406,4.6315331459,3.17939853668,2.20587253571,1.67084896564,1.15324652195,0.692669510841,0.50854486227,0.406431555748,0.323082506657,0.217339351773,0.0799069032073,0.0154910758138,0.00145510653965,0.0000593197000853],"dmean2":[0.0738769844174,1.38808047771,6.01376867294,14.7682685852,17.1188755035,7.32334136963,11.3059368134,11.8223485947,7.50637865067,9.76607704163,11.986907959,16.7227611542,16.6969661713,16.165014267,15.449213028,13.6528348923,15.6644115448,11.5219287872,13.1586103439,33.4498939514,27.619052887,23.3577461243,25.5586509705,17.0838508606,10.9921665192,16.5036201477,7.31535339355,4.96593666077,3.30400538445,2.41967630386,1.67425024509,1.01324939728,0.743144273758,0.562486112118,0.428018271923,0.287665605545,0.106581754982,0.0207778643817,0.00193698820658,0.0000792884529801],"dvar":[0.00895190332085,3.40410280228,68.1560897827,479.217926025,891.789794922,100.780036926,218.246124268,291.56072998,102.22542572,340.863555908,872.811218262,534.459594727,618.694824219,675.983032227,1954.48596191,722.613342285,1596.80078125,1276.72021484,1460.51733398,2655.9453125,1325.07495117,994.429199219,755.361633301,783.076416016,147.324081421,292.722991943,86.8628158569,56.8236045837,22.5850257874,19.3298530579,7.00240564346,4.69741201401,2.21704435349,0.877453744411,0.525485277176,0.221997380257,0.0377481691539,0.00170830718707,0.000016248155589,2.06284678228e-8],"dvar2":[0.0253474097699,9.84779834747,196.844833374,1298.71191406,2416.31933594,258.371795654,534.291442871,710.495361328,251.01524353,813.082397461,1762.18664551,1337.00439453,1310.56225586,1679.92431641,5317.33007812,1922.34594727,4134.05419922,3526.20776367,3690.99511719,4798.83886719,2553.90112305,2092.88891602,1591.41357422,1094.86621094,300.775817871,690.641418457,215.057571411,136.994537354,46.6506004333,39.7598304749,13.1944799423,9.02559757233,4.44518232346,1.51907348633,0.892411470413,0.380688458681,0.0629616007209,0.00298028416,0.0000295068875857,3.83345017951e-8],"max":[1.12965226173,24.7958698273,84.7752075195,228.025054932,371.053375244,222.308242798,392.593414307,489.987091064,235.845214844,483.057006836,1423.36279297,523.280639648,724.125732422,824.216186523,2019.83911133,1019.60821533,1285.63085938,1678.58239746,2316.45825195,1171.10888672,930.915466309,1043.11437988,1050.7454834,1214.75439453,307.205596924,284.113708496,203.624237061,189.690658569,145.284118652,163.125762939,95.5529556274,105.200889587,99.7407073975,34.916343689,30.0589103699,7.51009702682,2.76081466675,0.600164830685,0.0669803842902,0.00227453350089],"mean":[0.0422633551061,0.708021879196,2.96014666557,7.4662437439,8.93354320526,5.88697862625,8.47867965698,9.73148727417,7.07387685776,9.32998943329,11.153295517,16.1884174347,19.4815654755,19.6072254181,13.7821435928,12.5076494217,13.6409673691,8.91823482513,14.3278627396,47.7167472839,41.2399749756,36.3383369446,38.4913749695,26.5449447632,15.7576122284,19.8296947479,8.63422203064,5.78038454056,4.30882692337,3.57918763161,2.35865235329,1.29052007198,0.94378310442,0.760385334492,0.566178381443,0.332581877708,0.122309327126,0.0238415356725,0.0021887475159,0.0000984389625955],"median":[0.0178965516388,0.244387984276,1.09158062935,2.13244652748,2.67370223999,2.71195578575,3.21092987061,3.82140159607,3.29488801956,3.84840011597,4.57607364655,7.83334779739,8.49582099915,8.56366539001,6.27654457092,4.98833036423,5.00239372253,3.15866661072,5.9076499939,13.165058136,17.4537792206,13.9920253754,18.5026950836,11.2246189117,8.90558052063,10.4909973145,4.03758621216,1.97637462616,1.66305541992,1.10255980492,0.953497290611,0.560190796852,0.395110368729,0.296859681606,0.161686837673,0.0566504485905,0.0135513273999,0.00192802294623,0.00015914789401,0.000025489485779],"min":[1.45588218052e-22,1.77964243427e-22,2.52874687033e-21,7.35638618269e-21,1.80117108199e-20,3.51852421101e-20,4.53788311366e-20,1.15641465222e-19,7.66204024346e-20,2.3423045931e-19,4.45839700216e-19,4.43728631895e-19,6.71297598937e-19,1.27675544682e-18,1.09047799179e-18,8.6148787676e-19,1.72120269188e-18,2.18185450853e-18,2.16917920641e-18,2.58604163239e-18,3.5824795283e-18,5.01890347741e-18,5.26771733772e-18,6.49423882973e-18,7.95515807832e-18,7.99819214969e-18,9.64881286407e-18,1.05539229893e-17,1.08055356152e-17,1.06889329273e-17,1.08413384737e-17,1.20234523609e-17,9.92723441363e-18,7.73149836686e-18,7.1139435195e-18,4.43851220062e-18,2.30628894243e-18,1.02608983932e-18,2.79766622784e-19,2.72365760295e-20],"var":[0.00676471134648,2.33401489258,44.1769142151,352.475982666,633.370300293,100.133636475,275.043182373,458.798370361,146.194671631,437.088317871,1288.85864258,740.536010742,1233.40600586,1181.55444336,1607.11608887,822.510375977,1622.10217285,1142.67199707,1540.3848877,12589.1494141,4820.54980469,4225.68994141,3577.15698242,3362.62402344,466.344390869,690.235473633,194.45690918,138.862014771,65.5976333618,74.5859603882,25.4866275787,11.7613811493,6.78436136246,2.49184393883,1.50271081924,0.543275475502,0.0921249166131,0.00395877938718,0.0000355002048309,4.47953247829e-8]},"erbbands_crest":{"dmean":2.48846626282,"dmean2":3.88993477821,"dvar":6.68275165558,"dvar2":16.0416164398,"max":31.8876018524,"mean":8.66445732117,"median":7.38779449463,"min":2.41777443886,"var":22.2780723572},"erbbands_flatness_db":{"dmean":0.0206228196621,"dmean2":0.0286218710244,"dvar":0.000373969116481,"dvar2":0.000752504565753,"max":0.340735763311,"mean":0.139938861132,"median":0.134907245636,"min":0.0302569698542,"var":0.00223130779341},"erbbands_kurtosis":{"dmean":1.14782941341,"dmean2":1.68350028992,"dvar":3.50048661232,"dvar2":6.85129261017,"max":38.2661209106,"mean":0.892636835575,"median":-0.239877343178,"min":-1.8817679882,"var":11.0750083923},"erbbands_skewness":{"dmean":0.388142943382,"dmean2":0.566072702408,"dvar":0.1330794245,"dvar2":0.281330913305,"max":3.82794928551,"mean":-0.334939569235,"median":-0.244595348835,"min":-5.42377471924,"var":0.842297077179},"erbbands_spread":{"dmean":10.1888113022,"dmean2":15.4198722839,"dvar":129.217697144,"dvar2":292.194824219,"max":167.317779541,"mean":42.208316803,"median":36.5723266602,"min":2.97768735886,"var":602.766174316},"gfcc":{"cov":[[17352.3652344,1005.96069336,-1075.21789551,78.8302383423,-526.881652832,-139.721008301,-386.001800537,108.556388855,-364.362854004,-51.0799331665,-374.968566895,64.1541213989,-157.146881104],[1005.96069336,1011.0088501,-542.783874512,-68.8469696045,-13.5913486481,-69.0556869507,-56.758441925,59.344127655,-0.632815182209,-125.136886597,29.9848861694,-94.4390335083,50.1561012268],[-1075.21789551,-542.783874512,1214.49597168,72.4708251953,-138.412643433,58.8378448486,100.584327698,-125.463264465,-14.3990716934,128.73034668,-44.4358482361,116.232284546,-94.2390518188],[78.8302383423,-68.8469696045,72.4708251953,372.239746094,34.1294136047,38.3087844849,-29.2543811798,-9.06398010254,9.22888660431,-2.91464066505,7.17230606079,-30.1849937439,23.9795513153],[-526.881652832,-13.5913486481,-138.412643433,34.1294136047,291.5128479,6.58359956741,-11.4203681946,24.0319061279,24.6010475159,-15.0354938507,8.49740028381,-23.6027698517,15.3669223785],[-139.721008301,-69.0556869507,58.8378448486,38.3087844849,6.58359956741,165.807617188,40.7494659424,-0.204665094614,-4.88718986511,15.1559467316,25.7561511993,-6.77406930923,-10.1716632843],[-386.001800537,-56.758441925,100.584327698,-29.2543811798,-11.4203681946,40.7494659424,131.24887085,16.7825450897,-9.22872924805,4.74970674515,7.61693429947,6.06316423416,-19.0047855377],[108.556388855,59.344127655,-125.463264465,-9.06398010254,24.0319061279,-0.204665094614,16.7825450897,118.677154541,29.6332263947,-30.6643218994,-0.049601841718,-11.6346502304,15.9769258499],[-364.362854004,-0.632815182209,-14.3990716934,9.22888660431,24.6010475159,-4.88718986511,-9.22872924805,29.6332263947,87.3962478638,17.6783046722,-6.7251124382,-15.039601326,20.2627372742],[-51.0799331665,-125.136886597,128.73034668,-2.91464066505,-15.0354938507,15.1559467316,4.74970674515,-30.6643218994,17.6783046722,93.3286743164,14.8512325287,11.020409584,-24.7388858795],[-374.968566895,29.9848861694,-44.4358482361,7.17230606079,8.49740028381,25.7561511993,7.61693429947,-0.049601841718,-6.7251124382,14.8512325287,95.5946807861,5.62502098083,-9.91363811493],[64.1541213989,-94.4390335083,116.232284546,-30.1849937439,-23.6027698517,-6.77406930923,6.06316423416,-11.6346502304,-15.039601326,11.020409584,5.62502098083,80.1506652832,-1.47485899925],[-157.146881104,50.1561012268,-94.2390518188,23.9795513153,15.3669223785,-10.1716632843,-19.0047855377,15.9769258499,20.2627372742,-24.7388858795,-9.91363811493,-1.47485899925,78.7691497803]],"icov":[[0.000143560042488,-0.000194921172806,0.000242303081905,-0.000233943545027,0.000234206541791,-0.000150411928189,0.000348372734152,-0.000387929670978,0.000722218421288,-0.000672064954415,0.000999969197437,-0.000641937775072,0.000586229201872],[-0.000194921172806,0.00190015509725,0.0000229210381804,0.000664055056404,0.000141561438795,0.00062530481955,-0.000184366959729,0.000634051684756,-0.00116169149987,0.00260314322077,-0.00229787663557,0.0023788404651,-0.00102174887434],[0.000242303081905,0.0000229210381804,0.00214654649608,-0.00102488440461,0.000916202669032,-0.000439556984929,-0.000585554109421,0.000628603855148,0.000414522393839,-0.00189187878277,0.00286193192005,-0.0031155180186,0.0024456968531],[-0.000233943545027,0.000664055056404,-0.00102488440461,0.00375168398023,-0.000668527267408,-0.000385469465982,0.000715122150723,0.000492841470987,-0.000866401416715,0.00187461310998,-0.00259291939437,0.00337145128287,-0.00255620502867],[0.000234206541791,0.000141561438795,0.000916202669032,-0.000668527267408,0.00430056080222,-0.000341548671713,0.000582904496696,-0.000607462308835,0.0000488455407321,-0.000298757862765,0.00120655831415,-0.000510111800395,0.00109343475197],[-0.000150411928189,0.00062530481955,-0.000439556984929,-0.000385469465982,-0.000341548671713,0.00748500879854,-0.00237762485631,0.000197546498384,-0.000156952621182,0.000278003659332,-0.00303646083921,0.00221885950305,-0.000900233630091],[0.000348372734152,-0.000184366959729,-0.000585554109421,0.000715122150723,0.000582904496696,-0.00237762485631,0.0109024997801,-0.00374142988585,0.00320160388947,-0.000825027294923,0.00137954379898,-0.000121465905977,0.00195140414871],[-0.000387929670978,0.000634051684756,0.000628603855148,0.000492841470987,-0.000607462308835,0.000197546498384,-0.00374142988585,0.0133166173473,-0.00748268328607,0.00586545700207,-0.00267999316566,0.000352006405592,-0.000599052698817],[0.000722218421288,-0.00116169149987,0.000414522393839,-0.000866401416715,0.0000488455407321,-0.000156952621182,0.00320160388947,-0.00748268328607,0.0205820649862,-0.00990742910653,0.00593414669856,0.000561236287467,-0.00244818697684],[-0.000672064954415,0.00260314322077,-0.00189187878277,0.00187461310998,-0.000298757862765,0.000278003659332,-0.000825027294923,0.00586545700207,-0.00990742910653,0.0214934963733,-0.00858658645302,0.00371368182823,0.00116085144691],[0.000999969197437,-0.00229787663557,0.00286193192005,-0.00259291939437,0.00120655831415,-0.00303646083921,0.00137954379898,-0.00267999316566,0.00593414669856,-0.00858658645302,0.0200824439526,-0.00803292635828,0.00607426138595],[-0.000641937775072,0.0023788404651,-0.0031155180186,0.00337145128287,-0.000510111800395,0.00221885950305,-0.000121465905977,0.000352006405592,0.000561236287467,0.00371368182823,-0.00803292635828,0.0217110421509,-0.00684633478522],[0.000586229201872,-0.00102174887434,0.0024456968531,-0.00255620502867,0.00109343475197,-0.000900233630091,0.00195140414871,-0.000599052698817,-0.00244818697684,0.00116085144691,0.00607426138595,-0.00684633478522,0.0201130900532]],"mean":[-15.2237644196,70.2822570801,-110.429351807,41.2710647583,-47.86302948,6.4777765274,-36.4651679993,17.6263751984,-28.0400257111,-2.954454422,-22.480550766,1.07603728771,-9.56759643555]},"hfc":{"dmean":6.38802480698,"dmean2":8.88609218597,"dvar":76.5516586304,"dvar2":162.53843689,"max":111.872291565,"mean":18.5926036835,"median":14.3867397308,"min":1.09961420166e-16,"var":250.96182251},"melbands":{"dmean":[0.000567372655496,0.00148193631321,0.00157633621711,0.000462981231976,0.00021276017651,0.000166789861396,0.0000705508427927,0.0000671513844281,0.0000658110002405,0.0000665363841108,0.0000555875849386,0.0000447141683253,0.0000369987501472,0.0000209386162169,0.0000263892652583,0.0000184946802619,0.0000131602973852,0.0000135414775286,0.0000236282885453,0.0000290262942144,0.000026102128686,0.0000174984015757,0.0000210575763049,0.0000146587490235,0.000010821372598,0.00000710321000952,0.00000692016601533,0.00000705699767423,0.00000316154068969,0.00000250975563176,0.00000161713967373,0.00000131920171498,0.00000119401931897,9.1758789722e-7,7.61798958138e-7,4.98405427152e-7,4.26061887993e-7,3.79821813112e-7,3.40531158827e-7,3.63480353371e-7],"dmean2":[0.00102467346005,0.00272157019936,0.00274908612482,0.000779368099757,0.00034416737617,0.000269921612926,0.000112557325338,0.000107123261841,0.000101759040263,0.000106683073682,0.0000842788722366,0.0000670777299092,0.0000604367814958,0.0000347279601556,0.0000415672620875,0.0000304135955957,0.0000219001030928,0.0000210172329389,0.000034131368011,0.0000418771051045,0.000037552901631,0.0000259179669229,0.0000313754135277,0.000021281737645,0.0000149841216626,0.0000102756412161,0.000010756480151,0.0000111368417492,0.00000507964250573,0.0000040060167521,0.0000025286840355,0.00000203502372642,0.00000177835192972,0.00000135161383241,0.00000113166868232,7.43704276829e-7,6.36301706436e-7,5.76093952986e-7,4.89144497351e-7,5.12267376962e-7],"dvar":[0.00000178018137831,0.0000135985628731,0.0000178221271199,0.00000162157471095,1.81273463795e-7,1.38419636642e-7,2.24111911251e-8,4.5333116816e-8,6.0982834782e-8,2.09353476777e-8,1.62241207136e-8,1.09285691607e-8,3.16121777644e-8,6.2735270312e-9,6.1574398913e-9,7.26750126745e-9,4.82060125151e-9,3.71125952192e-9,3.0180689059e-9,3.30014793271e-9,2.90676038794e-9,1.2908009106e-9,1.60923108172e-9,6.77492728585e-10,6.36415586897e-10,2.01421379575e-10,1.15611416274e-10,1.36182606858e-10,3.87290234605e-11,3.84964213285e-11,1.43168567279e-11,8.32191000139e-12,1.01888983361e-11,5.47152774477e-12,3.08929834839e-12,2.05097766028e-12,1.83795817107e-12,1.52769138485e-12,8.34305769002e-13,7.13155229315e-13],"dvar2":[0.00000510394511366,0.0000393958616769,0.0000480709386466,0.00000428912517236,4.35233289409e-7,3.38109146014e-7,5.42241735957e-8,1.11065389774e-7,1.21486991134e-7,5.2867004996e-8,3.45205997121e-8,2.64599080424e-8,8.5725460508e-8,1.74997687452e-8,1.52498742523e-8,1.88924094147e-8,1.33817517067e-8,9.22742771081e-9,6.70881350473e-9,6.13062445254e-9,5.45149614339e-9,2.82295076204e-9,3.26709215237e-9,1.20655041513e-9,9.22101339729e-10,3.35568683951e-10,2.72740274809e-10,3.30458160835e-10,9.68784774624e-11,9.57614265662e-11,3.3652098469e-11,1.80775099751e-11,2.13950090283e-11,1.15513865834e-11,6.33910415479e-12,4.03955081191e-12,3.58844594664e-12,3.54132782127e-12,1.64174446607e-12,1.29198355573e-12],"max":[0.0173028614372,0.0421204604208,0.0477942936122,0.016268113628,0.0108992243186,0.00975721329451,0.00340638705529,0.00708416476846,0.0123019237071,0.0032029307913,0.00376323377714,0.00339396367781,0.00766831589863,0.00226665218361,0.0021692244336,0.0023321530316,0.00289284274913,0.00350243411958,0.00146674050484,0.00137359811924,0.00153221399523,0.000780926842708,0.00151994870976,0.000801798480097,0.00111878861208,0.000560961721931,0.000178396163392,0.00023898773361,0.000116493320093,0.00017472221225,0.0000925634521991,0.0000782274510129,0.000115993658255,0.0000799085828476,0.000059266021708,0.0000757337766117,0.0000645671316306,0.0000853318779264,0.0000496920547448,0.0000250619996223],"mean":[0.000557801511604,0.00137409335002,0.00140626518987,0.000506441108882,0.000282425724436,0.0002214628621,0.000108777931018,0.0000980808617896,0.000096114257758,0.000101282770629,0.0000962123885984,0.000080591715232,0.0000520124849572,0.0000272794059129,0.0000390161076211,0.0000227006094065,0.0000156740952661,0.0000198236139113,0.0000446621306764,0.0000564446600038,0.0000521491456311,0.0000352319184458,0.00004477550101,0.0000289968666038,0.000021048288545,0.0000133953835757,0.0000129426598505,0.0000124918533402,0.00000532404237674,0.00000436389882452,0.00000282772316496,0.00000236673622567,0.00000235054721998,0.00000184927182545,0.00000148878336859,8.81764322003e-7,7.57625628012e-7,6.69400833431e-7,6.09589847045e-7,6.49652747597e-7],"median":[0.000217698456254,0.000521511945408,0.000418799172621,0.000199841771973,0.000119762291433,0.0000873851968208,0.0000510427635163,0.0000403316880693,0.0000383426668122,0.0000486876633659,0.0000394061171392,0.0000326737645082,0.0000202209266718,0.0000096880376077,0.0000140926676977,0.00000728956956664,0.00000455497229268,0.00000628706493444,0.0000129216896312,0.000018991962861,0.0000173879234353,0.000010845574252,0.0000166231839103,0.0000127225594042,0.00000783157520345,0.00000607914171269,0.00000694006121194,0.0000063955189944,0.00000248429432759,0.00000133956098125,9.93282355921e-7,9.37136974244e-7,7.2657576311e-7,5.48943887679e-7,6.05785885455e-7,3.38619599916e-7,3.39004316174e-7,2.77260085113e-7,2.45734952387e-7,2.41718908001e-7],"min":[1.52165046477e-24,9.19566972784e-25,1.63877116425e-24,1.68788623586e-24,2.08005127716e-24,2.68575702121e-24,1.01020235763e-24,2.24285303812e-24,3.55685273149e-24,2.77343713589e-24,2.82505565757e-24,4.79154587148e-24,2.95108821731e-24,2.66407675695e-24,2.73234990728e-24,2.7956828162e-24,3.62610801365e-24,2.96593497398e-24,3.24064789561e-24,3.06786152217e-24,4.14794029132e-24,3.58670993346e-24,4.86662215826e-24,4.58952332682e-24,4.78791119486e-24,3.70277898275e-24,5.49151398559e-24,4.62510765896e-24,4.53503315422e-24,5.4134001899e-24,5.90765665133e-24,5.60769623642e-24,4.79489734703e-24,5.49108366197e-24,5.24742346101e-24,6.83167033443e-24,6.98656553975e-24,6.14768848656e-24,6.24114404914e-24,5.88293651157e-24],"var":[0.0000012861939922,0.00000891284162208,0.0000130752896439,0.00000129067063881,2.41539765966e-7,2.11306797837e-7,3.29806475463e-8,5.38377911141e-8,9.26034502413e-8,2.79927387936e-8,3.18007415956e-8,2.08566461879e-8,2.60911861005e-8,5.68239677534e-9,7.94839660756e-9,6.82455514323e-9,4.21132506645e-9,3.84048792768e-9,1.00647454815e-8,1.33777593447e-8,1.07165583074e-8,4.05328970388e-9,8.98518148773e-9,2.53093079827e-9,2.57354804134e-9,7.07027436597e-10,2.74485156826e-10,2.89662155373e-10,6.97103139102e-11,9.55535858771e-11,3.1720480409e-11,1.84461734082e-11,3.5628180961e-11,1.9089070602e-11,1.03073608676e-11,5.08642000047e-12,4.42269961973e-12,3.93959691258e-12,2.19426018154e-12,1.81550521144e-12]},"melbands_crest":{"dmean":3.31848692894,"dmean2":5.44170570374,"dvar":9.66611289978,"dvar2":26.1940631866,"max":37.0817985535,"mean":12.0653114319,"median":11.1287288666,"min":1.64835941792,"var":23.7088108063},"melbands_flatness_db":{"dmean":0.0281795635819,"dmean2":0.0447806343436,"dvar":0.000828726217151,"dvar2":0.00221948232502,"max":0.408981651068,"mean":0.165100008249,"median":0.157753303647,"min":0.00296000484377,"var":0.00273187202401},"melbands_kurtosis":{"dmean":10.2222356796,"dmean2":16.8548622131,"dvar":434.41986084,"dvar2":1178.47094727,"max":418.168518066,"mean":13.9194374084,"median":3.8268225193,"min":-1.87734603882,"var":781.601257324},"melbands_skewness":{"dmean":0.984862864017,"dmean2":1.55262410641,"dvar":1.42951822281,"dvar2":3.69318461418,"max":15.1183853149,"mean":2.50495457649,"median":1.89559412003,"min":-1.5316567421,"var":4.87096643448},"melbands_spread":{"dmean":10.8957414627,"dmean2":16.6224575043,"dvar":191.104614258,"dvar2":426.428924561,"max":274.978210449,"mean":38.5155944824,"median":31.6210250854,"min":0.923166513443,"var":811.972961426},"mfcc":{"cov":[[8134.44042969,1032.98168945,-530.953186035,113.133758545,-128.517089844,-179.298202515,-100.422409058,-3.92297673225,11.8136453629,-85.3479614258,-118.091445923,-89.9353713989,-58.5813674927],[1032.98168945,892.765991211,-300.738769531,-71.2426376343,-24.6132526398,-152.851821899,-14.7563533783,30.8254127502,0.627154946327,-9.40214061737,-41.5550003052,-18.351770401,-5.2801733017],[-530.953186035,-300.738769531,975.130737305,86.8468017578,-140.005310059,182.060470581,0.592011213303,-37.8553733826,-20.8994407654,-54.7451019287,49.4851417542,33.0514450073,-0.541592299938],[113.133758545,-71.2426376343,86.8468017578,274.229125977,84.1589736938,22.40873909,-8.67335128784,-2.87864303589,18.9454708099,0.858526885509,-14.4949188232,-11.8383455276,3.33719491959],[-128.517089844,-24.6132526398,-140.005310059,84.1589736938,233.146606445,22.8050689697,1.73289585114,10.7014951706,14.9917392731,31.1301078796,-12.0076780319,3.71710729599,1.75602734089],[-179.298202515,-152.851821899,182.060470581,22.40873909,22.8050689697,177.405700684,43.7165374756,-30.262424469,-13.1525754929,-5.13468742371,27.5900382996,16.2070770264,-4.42983961105],[-100.422409058,-14.7563533783,0.592011213303,-8.67335128784,1.73289585114,43.7165374756,126.817024231,38.8757133484,-23.3666858673,5.32620334625,23.5317840576,17.3141765594,-6.10144042969],[-3.92297673225,30.8254127502,-37.8553733826,-2.87864303589,10.7014951706,-30.262424469,38.8757133484,104.381706238,31.32721138,-2.0083656311,-3.97823143005,-0.639175772667,-1.94379687309],[11.8136453629,0.627154946327,-20.8994407654,18.9454708099,14.9917392731,-13.1525754929,-23.3666858673,31.32721138,103.981384277,33.1656990051,-29.8805427551,-19.9794712067,6.29897356033],[-85.3479614258,-9.40214061737,-54.7451019287,0.858526885509,31.1301078796,-5.13468742371,5.32620334625,-2.0083656311,33.1656990051,86.5441360474,16.5478782654,-8.21249866486,-1.65253901482],[-118.091445923,-41.5550003052,49.4851417542,-14.4949188232,-12.0076780319,27.5900382996,23.5317840576,-3.97823143005,-29.8805427551,16.5478782654,88.9191741943,31.7461090088,-13.2807407379],[-89.9353713989,-18.351770401,33.0514450073,-11.8383455276,3.71710729599,16.2070770264,17.3141765594,-0.639175772667,-19.9794712067,-8.21249866486,31.7461090088,70.7139053345,17.0406970978],[-58.5813674927,-5.2801733017,-0.541592299938,3.33719491959,1.75602734089,-4.42983961105,-6.10144042969,-1.94379687309,6.29897356033,-1.65253901482,-13.2807407379,17.0406970978,61.2616882324]],"icov":[[0.00015995222202,-0.000174007742316,0.000107447245682,-0.000191127037397,0.00020574608061,-0.000141481170431,0.00013253535144,-0.0000144158811963,0.00000764260585129,0.000102151105239,0.0000838730775286,0.00000153290363869,0.000165658071637],[-0.000174007742316,0.0015877377009,0.000150963925989,0.000369279907318,-0.0000789090918261,0.00106233381666,-0.00033245285158,0.0000273916593869,0.0000527778429387,0.000125744714751,0.00027400063118,-0.0000885708795977,0.0000805111849331],[0.000107447245682,0.000150963925989,0.0018726203125,-0.000976268725935,0.00168956012931,-0.00199110200629,0.000981840421446,-0.000526338932104,0.0000719602248864,0.000485081458464,-0.000249258213444,-0.000598246522713,0.000192234845599],[-0.000191127037397,0.000369279907318,-0.000976268725935,0.0049634128809,-0.00263844616711,0.000991977052763,-0.00069212767994,0.000784273142926,-0.000991860404611,0.000780405534897,-0.00019660955877,0.00127108639572,-0.000599791295826],[0.00020574608061,-0.0000789090918261,0.00168956012931,-0.00263844616711,0.00717779668048,-0.00313241151161,0.00198429310694,-0.00224119238555,0.00153188209515,-0.00284832343459,0.00216120178811,-0.00224089436233,0.000900382350665],[-0.000141481170431,0.00106233381666,-0.00199110200629,0.000991977052763,-0.00313241151161,0.0112799610943,-0.00583626376465,0.0056523932144,-0.00310728047043,0.0027009958867,-0.00234061619267,0.000720996875316,0.0000725353384041],[0.00013253535144,-0.00033245285158,0.000981840421446,-0.00069212767994,0.00198429310694,-0.00583626376465,0.0139472819865,-0.00853464566171,0.00616902159527,-0.00417107809335,0.00114623527043,-0.00222527165897,0.000904522661585],[-0.0000144158811963,0.0000273916593869,-0.000526338932104,0.000784273142926,-0.00224119238555,0.0056523932144,-0.00853464566171,0.0170983243734,-0.00879022944719,0.00571794388816,-0.00288954284042,0.000836712599266,0.000305570021737],[0.00000764260585129,0.0000527778429387,0.0000719602248864,-0.000991860404611,0.00153188209515,-0.00310728047043,0.00616902159527,-0.00879022944719,0.0182748418301,-0.00957268197089,0.00683336751536,-0.0000265673570539,-0.000515052000992],[0.000102151105239,0.000125744714751,0.000485081458464,0.000780405534897,-0.00284832343459,0.0027009958867,-0.00417107809335,0.00571794388816,-0.00957268197089,0.0191808529198,-0.00832465663552,0.00426170602441,-0.0013751948718],[0.0000838730775286,0.00027400063118,-0.000249258213444,-0.00019660955877,0.00216120178811,-0.00234061619267,0.00114623527043,-0.00288954284042,0.00683336751536,-0.00832465663552,0.0201614871621,-0.00912840478122,0.00588636146858],[0.00000153290363869,-0.0000885708795977,-0.000598246522713,0.00127108639572,-0.00224089436233,0.000720996875316,-0.00222527165897,0.000836712599266,-0.0000265673570539,0.00426170602441,-0.00912840478122,0.0216409116983,-0.00804032571614],[0.000165658071637,0.0000805111849331,0.000192234845599,-0.000599791295826,0.000900382350665,0.0000725353384041,0.000904522661585,0.000305570021737,-0.000515052000992,-0.0013751948718,0.00588636146858,-0.00804032571614,0.020130822435]],"mean":[-655.098144531,102.199363708,-2.42365312576,36.0278358459,9.34124565125,-3.7325668335,2.85950827599,9.49328422546,4.99281358719,0.0677712485194,-6.77133178711,-4.00691890717,1.57503974438]},"pitch_salience":{"dmean":0.0756284072995,"dmean2":0.123517222703,"dvar":0.00491681089625,"dvar2":0.0134510407224,"max":0.940885126591,"mean":0.5856513381,"median":0.593300700188,"min":0.0806194990873,"var":0.0123052559793},"silence_rate_20dB":{"dmean":0,"dmean2":0,"dvar":0,"dvar2":0,"max":1,"mean":1,"median":1,"min":1,"var":0},"silence_rate_30dB":{"dmean":0.00906915217638,"dmean2":0.0181405898184,"dvar":0.0089869024232,"dvar2":0.0258739925921,"max":1,"mean":0.994962215424,"median":1,"min":0,"var":0.00501240417361},"silence_rate_60dB":{"dmean":0.0153671745211,"dmean2":0.0307382214814,"dvar":0.0151310246438,"dvar2":0.0350843891501,"max":1,"mean":0.0744332522154,"median":0,"min":0,"var":0.0688929408789},"spectral_centroid":{"dmean":315.589508057,"dmean2":475.2315979,"dvar":117969.023438,"dvar2":248400.921875,"max":11464.5839844,"mean":1883.53271484,"median":1798.10510254,"min":200.100708008,"var":995594.875},"spectral_complexity":{"dmean":4.33177995682,"dmean2":6.39002275467,"dvar":26.4260101318,"dvar2":55.5810661316,"max":59,"mean":17.725692749,"median":18,"min":0,"var":90.8285369873},"spectral_contrast_coeffs":{"dmean":[0.0508488789201,0.0449977815151,0.0406743325293,0.0364624783397,0.0261114612222,0.0176121927798],"dmean2":[0.083792321384,0.0721617713571,0.064060471952,0.0549117475748,0.0384593717754,0.0277510117739],"dvar":[0.00199288316071,0.00134656904265,0.00116596824955,0.000980925280601,0.000515345775057,0.000273712241324],"dvar2":[0.00519638694823,0.00345900212415,0.00274666538462,0.00207319343463,0.000986176892184,0.000632418843452],"max":[-0.348804205656,-0.45548504591,-0.506437659264,-0.490322738886,-0.498324602842,-0.647790849209],"mean":[-0.666994154453,-0.771244347095,-0.769099116325,-0.759422421455,-0.765739917755,-0.780834078789],"median":[-0.669697701931,-0.776434481144,-0.771361231804,-0.763539791107,-0.771404862404,-0.780677676201],"min":[-0.9829646945,-0.974314808846,-0.974628388882,-0.968777060509,-0.966777145863,-0.964827120304],"var":[0.00547435833141,0.00462575489655,0.00489733507857,0.00552992848679,0.00392603082582,0.00144557619933]},"spectral_contrast_valleys":{"dmean":[0.434182286263,0.400824010372,0.404442369938,0.398308217525,0.304352611303,0.317033261061],"dmean2":[0.713846623898,0.625426530838,0.62080180645,0.573095560074,0.435781747103,0.444208234549],"dvar":[0.184871956706,0.1594389081,0.169618949294,0.171198680997,0.124234192073,0.106273859739],"dvar2":[0.432461887598,0.340598016977,0.352642089128,0.336229503155,0.251375973225,0.220165342093],"max":[-5.06826066971,-4.85587215424,-5.51270484924,-5.69938516617,-5.69805622101,-7.55700683594],"mean":[-7.43909502029,-7.09787607193,-7.73219633102,-8.21884822845,-7.61146688461,-10.1100606918],"median":[-7.21814441681,-6.81939792633,-7.46645259857,-7.99358320236,-7.38916683197,-9.97130012512],"min":[-28.0953197479,-28.0402584076,-27.6773052216,-27.6949615479,-27.5067844391,-27.3914337158],"var":[3.39598655701,3.55709958076,3.3990418911,3.21928405762,3.20566511154,2.57225608826]},"spectral_decrease":{"dmean":3.12943271297e-9,"dmean2":5.26098231646e-9,"dvar":4.5403765152e-17,"dvar2":1.22561035256e-16,"max":1.55797380627e-28,"mean":-4.6937520537e-9,"median":-3.04686897934e-9,"min":-6.61682761915e-8,"var":3.7768031139e-17},"spectral_energy":{"dmean":0.01228736341,"dmean2":0.0205044019967,"dvar":0.000675307237543,"dvar2":0.00181852979586,"max":0.256192922592,"mean":0.0194017142057,"median":0.0130993314087,"min":9.98321373233e-21,"var":0.000578166393097},"spectral_energyband_high":{"dmean":0.000331305054715,"dmean2":0.000453173241112,"dvar":3.46127308148e-7,"dvar2":6.42488487301e-7,"max":0.0138547746465,"mean":0.000736798509024,"median":0.000314734468702,"min":7.0970464814e-21,"var":0.00000127521911963},"spectral_energyband_low":{"dmean":0.00713405199349,"dmean2":0.0127704292536,"dvar":0.000290148309432,"dvar2":0.000823449983727,"max":0.180490076542,"mean":0.00701711326838,"median":0.00264800246805,"min":2.04491395305e-23,"var":0.000204124153242},"spectral_energyband_middle_high":{"dmean":0.00169113650918,"dmean2":0.00241650966927,"dvar":0.00000657804957882,"dvar2":0.0000146652000694,"max":0.0532813258469,"mean":0.0050160815008,"median":0.00369903352112,"min":1.16847581797e-21,"var":0.0000243208360189},"spectral_energyband_middle_low":{"dmean":0.00647179456428,"dmean2":0.0107460059226,"dvar":0.000252366648056,"dvar2":0.000657340453472,"max":0.18096524477,"mean":0.00828376226127,"median":0.0044239172712,"min":1.66299035367e-22,"var":0.000214295141632},"spectral_entropy":{"dmean":0.154023706913,"dmean2":0.208335638046,"dvar":0.0192195232958,"dvar2":0.0348095744848,"max":9.81692695618,"mean":7.69404363632,"median":7.70286560059,"min":5.97399520874,"var":0.151484638453},"spectral_flux":{"dmean":0.0299872811884,"dmean2":0.0463158488274,"dvar":0.00215060124174,"dvar2":0.00406008865684,"max":0.431685477495,"mean":0.0762114077806,"median":0.0578384324908,"min":6.29873930791e-11,"var":0.00382665055804},"spectral_kurtosis":{"dmean":1.15420746803,"dmean2":1.89702546597,"dvar":1.68086099625,"dvar2":4.73208236694,"max":27.2992649078,"mean":4.25316667557,"median":4.02305316925,"min":-1.24706721306,"var":5.10331058502},"spectral_rms":{"dmean":0.00105070415884,"dmean2":0.0016462005442,"dvar":0.00000276657760878,"dvar2":0.00000707655544829,"max":0.0158096272498,"mean":0.00386287854053,"median":0.0035748896189,"min":3.12085253473e-12,"var":0.0000040066697693},"spectral_rolloff":{"dmean":654.301269531,"dmean2":1082.38928223,"dvar":1136006.25,"dvar2":2412397,"max":19681.3476562,"mean":2190.14916992,"median":2110.25390625,"min":43.06640625,"var":4325729},"spectral_skewness":{"dmean":0.175615474582,"dmean2":0.283134430647,"dvar":0.0268938913941,"dvar2":0.0701933577657,"max":3.01054024696,"mean":1.42724382877,"median":1.45085859299,"min":-0.0637975931168,"var":0.11445620656},"spectral_spread":{"dmean":667237.75,"dmean2":934192.125,"dvar":654400749568,"dvar2":1266134679550,"max":42570908,"mean":5072104.5,"median":4540555,"min":1619615.625,"var":10050085060600},"spectral_strongpeak":{"dmean":0.75844424963,"dmean2":1.23222315311,"dvar":1.75867319107,"dvar2":3.65575361252,"max":18.5337657928,"mean":1.37074840069,"median":0.375560700893,"min":0,"var":5.29529809952},"zerocrossingrate":{"dmean":0.0132310129702,"dmean2":0.0150444507599,"dvar":0.000257832201896,"dvar2":0.000350762449671,"max":0.53173828125,"mean":0.0870012640953,"median":0.078125,"min":0.0078125,"var":0.00265183765441}},"metadata":{"audio_properties":{"analysis_sample_rate":44100,"bit_rate":0,"codec":"flac","downmix":"mix","equal_loudness":0,"length":184.333328247,"lossless":true,"md5_encoded":"ea2de5af25487bd33d59634dbfee066a","replay_gain":-8.8219871521},"tags":{"acoustid_id":["83a0f633-1268-49b5-816b-3ba5cde564a7"],"album":["Greatest Hits"],"albumartist":["ZZ Top"],"albumartistsort":["ZZ Top"],"artist":["ZZ Top"],"artists":["ZZ Top"],"artistsort":["ZZ Top"],"asin":["B000002LSV"],"barcode":["075992684620"],"catalognumber":["7599-26846-2"],"date":["1992-04"],"discnumber":["1"],"disctotal":["1"],"engineer":["Terry Manning"],"file_name":"17 Tube Snake Boogie.flac","isrc":["USWB10301929","USWB19900571"],"label":["Warner Music Europe"],"language":["eng"],"media":["CD"],"musicbrainz_albumartistid":["a81259a0-a2f5-464b-866e-71220f2739f1"],"musicbrainz_albumid":["7b38394d-d5bf-32f5-8aa8-12c16c9dc4ff"],"musicbrainz_artistid":["a81259a0-a2f5-464b-866e-71220f2739f1"],"musicbrainz_recordingid":["5034124b-9971-4c6b-8dcf-64ec5c703f02"],"musicbrainz_releasegroupid":["035e7ea1-96ac-3c21-bee5-3f0a4471298a"],"musicbrainz_releasetrackid":["5999132c-23e9-3bb7-8b6c-2d3a8753398f"],"musicbrainz_workid":["6edf553e-ac41-3038-85a9-248c70a1e2a8"],"originaldate":["1992-04-14"],"producer":["Bill Ham"],"releasecountry":["XE"],"releasestatus":["official"],"releasetype":["album","compilation"],"replaygain_album_gain":["-4.62 dB"],"replaygain_album_peak":["0.999969"],"replaygain_track_gain":["-2.35 dB"],"replaygain_track_peak":["0.999969"],"script":["Latn"],"title":["Tube Snake Boogie"],"totaldiscs":["1"],"totaltracks":["18"],"tracknumber":["17"],"tracktotal":["18"],"work":["Tube Snake Boogie"],"writer":["Dusty Hill","Frank Beard","Billy Gibbons"]},"version":{"essentia":"2.1-beta1","essentia_build_sha":"50a0fbec89d6a9cedea3d45b6611406f7e8c7b1a","essentia_git_sha":"v2.1_beta1-7-ge0e83e8-dirty","extractor":