{"lowlevel":{"average_loudness":0.799978494644,"barkbands":{"dmean":[0.000799782923423,0.00529310759157,0.0032094460912,0.00180550245568,0.00200575729832,0.000769065925851,0.000598725338932,0.0004414304276,0.000489072757773,0.000234725273913,0.000186478850082,0.000184082324267,0.000148671213537,0.0000971688932623,0.000208476049011,0.000142762844916,0.000110057946586,0.000103960155684,0.000118703086628,0.000165483725141,0.000144851117511,0.0000766950033722,0.00000998977066047,0.00000202142337002,0.00000179654034582,0.0000030004182463,0.0000576422644372],"dmean2":[0.00137949059717,0.00856735836715,0.00492409151047,0.00285676843487,0.00317049655132,0.0011930980254,0.000914995151106,0.0006991053815,0.000787261291407,0.000376454234356,0.000292935816105,0.000293963268632,0.000250579440035,0.000161762131029,0.000328939961037,0.000223793627811,0.000178063259227,0.000166637735674,0.000168560713064,0.000221598951612,0.000191531056771,0.000109646505734,0.000014739774997,0.00000337532605954,0.00000305222738461,0.00000469550968774,0.0000728737213649],"dvar":[0.00000204106549972,0.0000455317713204,0.0000300712381431,0.00000791889397078,0.0000136364878927,0.00000562797777093,0.00000302894932247,9.76245132733e-7,0.00000145587216593,5.29982571607e-7,2.57734399156e-7,1.41968087064e-7,1.16677213668e-7,1.67847602484e-7,2.6811633802e-7,1.93320985886e-7,1.2880022382e-7,1.54575744205e-7,3.7930817598e-7,4.31451582017e-7,6.82215159031e-7,1.37640682851e-7,9.08636832442e-10,1.28966828536e-11,9.82113002035e-12,3.91198184957e-11,4.45419914286e-8],"dvar2":[0.00000573471606913,0.000107536376163,0.0000683869729983,0.0000206064814847,0.0000338239115081,0.0000124673069877,0.00000677621437717,0.00000225031180889,0.00000330335137733,0.00000137665756483,6.70050610552e-7,3.52004065007e-7,3.17772105518e-7,4.45278260486e-7,6.57969678741e-7,4.41168367615e-7,3.29976785451e-7,3.59349286327e-7,8.77484524153e-7,7.91198772276e-7,0.00000110675557607,2.62405677631e-7,1.7748504888e-9,3.15238737891e-11,2.52019689839e-11,8.08632327765e-11,6.06319829899e-8],"max":[0.0296495277435,0.125674515963,0.151562824845,0.0663427188993,0.0836786478758,0.0627638325095,0.0591926239431,0.0404682978988,0.0500208735466,0.0216711871326,0.0120873739943,0.00861462391913,0.010028234683,0.017027342692,0.0135478274897,0.0112705416977,0.0102156633511,0.0155393574387,0.0243602637202,0.0217072237283,0.0399573110044,0.016570828855,0.000983114936389,0.000065659165557,0.0000434479698015,0.000161268355441,0.00823836680502],"mean":[0.00140665611252,0.0103898877278,0.00762028479949,0.00321702705696,0.00361344241537,0.00139486696571,0.00125046691392,0.000855103484355,0.000937025644816,0.000347641995177,0.00028235357604,0.000340977159794,0.000247497402597,0.000150931577082,0.000347272522049,0.000226034564548,0.000170544648427,0.000165362333064,0.000193330168258,0.00029051254387,0.000258795014815,0.000120327502373,0.0000142703938764,0.00000213408202399,0.00000168959547864,0.00000406093295169,0.000119344353152],"median":[0.00048146295012,0.00596926221624,0.00257087848149,0.00176480575465,0.00162694812752,0.000271283410257,0.000147753060446,0.0002600280568,0.000307209294988,0.0000860357758938,0.0000784284929978,0.00014068854216,0.0000984597354545,0.0000421053155151,0.0000749961327529,0.0000337441961165,0.0000331907867803,0.000028474471037,0.0000193516789295,0.0000279746273009,0.0000163006534422,0.0000108809108497,0.00000284674365503,6.71426960253e-7,5.23007543052e-7,0.00000127900591451,0.0000176307985384],"min":[2.04065324628e-25,1.35025751551e-24,7.32040141686e-25,2.16747816749e-25,6.02989814277e-24,5.35915890292e-24,8.31456080887e-24,4.80480898988e-24,1.44168306288e-23,1.83915914967e-23,2.10232472538e-23,2.15781288591e-23,2.31370442255e-23,2.6685716075e-23,4.7455723201e-23,5.70503512458e-23,6.01650454678e-23,9.49530730142e-23,1.30826484814e-22,1.59952592586e-22,2.23152897138e-22,2.66893252714e-22,3.1920013285e-22,5.78948426221e-22,8.94711851827e-22,1.11380172403e-21,1.90723231746e-21],"var":[0.00000603398029853,0.000171841020347,0.00019156599592,0.0000182702206075,0.000034004689951,0.0000171195624716,0.0000140816428029,0.00000393975733459,0.00000604799151915,0.0000010604101135,4.85438306441e-7,3.73902338424e-7,2.10564877534e-7,2.49459844781e-7,5.71427563045e-7,4.87369561597e-7,2.3532554394e-7,3.82042259162e-7,8.63274806306e-7,0.00000150472487803,0.00000267891027761,4.45380038627e-7,2.11328687882e-9,1.77745752145e-11,9.89218429392e-12,9.54821222088e-11,2.30949694924e-7]},"barkbands_crest":{"dmean":2.65766525269,"dmean2":4.36048555374,"dvar":5.31876420975,"dvar2":14.491648674,"max":25.7347660065,"mean":12.5740566254,"median":11.8067378998,"min":2.77158975601,"var":24.5252590179},"barkbands_flatness_db":{"dmean":0.031883765012,"dmean2":0.0493827611208,"dvar":0.000764623109717,"dvar2":0.00181594991591,"max":0.461167156696,"mean":0.195162698627,"median":0.192059576511,"min":0.0353949330747,"var":0.00443268427625},"barkbands_kurtosis":{"dmean":9.03294944763,"dmean2":13.8371305466,"dvar":238.080169678,"dvar2":543.85546875,"max":480.439453125,"mean":21.4474906921,"median":9.85004615784,"min":-1.98831892014,"var":1163.2578125},"barkbands_skewness":{"dmean":0.79403346777,"dmean2":1.21472239494,"dvar":0.659631550312,"dvar2":1.49232888222,"max":17.389497757,"mean":2.98518180847,"median":2.60622048378,"min":-12.6763448715,"var":5.39309501648},"barkbands_spread":{"dmean":4.29374361038,"dmean2":6.46601390839,"dvar":44.8583450317,"dvar2":86.9007644653,"max":135.57182312,"mean":12.7873592377,"median":8.24986457825,"min":0.331292301416,"var":179.215011597},"dissonance":{"dmean":0.018006792292,"dmean2":0.0306396167725,"dvar":0.000340110389516,"dvar2":0.000966257997788,"max":0.500000119209,"mean":0.469413608313,"median":0.476452797651,"min":0.30554831028,"var":0.000678699288983},"dynamic_complexity":3.84230351448,"erbbands":{"dmean":[0.179646164179,1.17538189888,3.21193408966,4.90924358368,7.76870203018,5.65415763855,5.4587597847,6.85965442657,9.50419139862,6.71401786804,11.388053894,11.5818662643,7.02775669098,6.56049776077,6.72357130051,7.22557449341,6.69968032837,3.95271110535,8.97061538696,9.62229919434,6.88760662079,5.89257621765,5.35819721222,5.91042804718,6.49433279037,7.93727588654,6.05842447281,5.15235471725,3.54717969894,1.03884959221,0.208909288049,0.0580353178084,0.0305604357272,0.0203252956271,0.0126575529575,0.00707963993773,0.00574542675167,0.0195449255407,0.0108322668821,0.000686702784151],"dmean2":[0.279548704624,1.92529261112,5.03514766693,7.47624349594,12.6243925095,8.87810134888,8.24131584167,10.8609275818,14.2262868881,10.8378772736,18.0123901367,18.5871868134,11.3287172318,10.2489147186,10.4040613174,11.7319765091,11.209736824,6.4713435173,14.3563270569,15.0551137924,10.8686513901,9.36114501953,8.55850791931,8.67643928528,9.2175283432,10.6669836044,8.39581775665,6.88102197647,5.11892080307,1.51343393326,0.306093275547,0.0918918475509,0.0516987852752,0.0345115326345,0.0215011443943,0.0120027903467,0.0087852217257,0.0270598195493,0.0134702697396,0.000897726917174],"dvar":[0.0789653211832,2.00781989098,22.5953521729,63.7016639709,195.108612061,155.301712036,215.941101074,465.888275146,950.733703613,306.387878418,686.57043457,894.943969727,286.248168945,286.16229248,242.630508423,223.412567139,202.623657227,226.205825806,529.547729492,731.043884277,451.270599365,401.458190918,328.852416992,649.94934082,1138.44372559,1016.04956055,891.743225098,1215.97387695,333.891601562,16.355463028,0.360252290964,0.0143348490819,0.00282264710404,0.0012557200389,0.000487726909341,0.00015230444842,0.000160242823767,0.0063268141821,0.0023546658922,0.00000471237990496],"dvar2":[0.168246880174,5.21278715134,54.023727417,153.338195801,504.221588135,423.199737549,402.711486816,1055.08398438,2086.328125,862.124389648,1564.84851074,2061.96166992,721.549926758,700.613525391,553.607421875,577.807067871,559.442077637,577.919189453,1359.19299316,1641.35107422,1053.68469238,1026.46777344,789.197387695,1363.01586914,2653.55737305,1893.4588623,1471.48376465,2208.12719727,662.086425781,34.9009819031,0.689477801323,0.0303514711559,0.00720335403457,0.0032212221995,0.00125155108981,0.000390740780858,0.000312783289701,0.0115586146712,0.00316512584686,0.00000722762752048],"max":[4.22946357727,29.0788536072,113.283950806,170.045806885,284.925415039,406.206817627,610.107971191,615.641479492,1028.66625977,426.646270752,1062.26611328,1254.40002441,391.78314209,405.832794189,345.216125488,352.586853027,339.303436279,538.197143555,587.655700684,801.706176758,481.024108887,500.093322754,445.987365723,832.546691895,1265.7911377,1149.65856934,1226.7689209,1516.31774902,857.588012695,133.09034729,15.6405105591,3.2255756855,0.729877054691,0.49200335145,0.306045264006,0.170277312398,0.328758329153,2.91066765785,2.20347166061,0.0588171966374],"mean":[0.313274860382,2.33846902847,7.2835021019,11.4574956894,12.8468914032,9.92915725708,10.0751361847,12.1144218445,18.7763195038,15.0822887421,23.8403682709,22.9095745087,11.6379508972,11.0384664536,12.1503734589,13.9018983841,11.9192752838,6.91122150421,15.4604825974,16.2266349792,11.5525484085,9.42255210876,8.55210971832,10.1108283997,10.7282400131,13.690782547,11.1328992844,9.13651752472,5.46191978455,1.50674581528,0.312023639679,0.0750841349363,0.0301764514297,0.019275765866,0.0119697237387,0.00689124315977,0.00820911303163,0.0319635272026,0.0215150248259,0.00152823969256],"median":[0.14880785346,1.38067877293,3.48054409027,5.32472896576,6.36606121063,4.12810325623,2.34422254562,2.22767591476,1.99793410301,3.38447618484,7.29171466827,7.33283376694,3.97343730927,3.1314997673,4.07760715485,6.19038915634,4.99963760376,2.37410616875,4.0643453598,3.00276660919,2.05078005791,1.76344203949,1.54936385155,1.36542272568,1.11143648624,1.27770328522,0.833188176155,0.48677778244,0.453861355782,0.188573211432,0.0674914419651,0.0244186408818,0.0100825987756,0.00609102100134,0.00376607803628,0.00228062691167,0.00244097132236,0.00363450753503,0.00191617500968,0.00033880234696],"min":[4.91073202575e-23,1.96067111833e-22,1.06264435938e-21,2.29687295811e-21,1.33754773854e-20,1.36012403393e-20,2.81877884975e-20,4.94524791648e-20,1.07701849661e-19,1.39209650331e-19,2.66269232386e-19,3.57088338669e-19,4.9247066308e-19,6.46500275136e-19,1.00159164471e-18,9.9341258621e-19,1.56396806514e-18,1.30073975548e-18,2.97140977694e-18,2.98183576818e-18,3.96490166909e-18,4.47715642447e-18,5.545331559e-18,6.68048971158e-18,7.29130841362e-18,7.14086163099e-18,7.91059951309e-18,9.08542593912e-18,1.02894807921e-17,1.09761622961e-17,8.68854054532e-18,1.0546497389e-17,9.67011111048e-18,7.8801013639e-18,6.2985192114e-18,3.81073381448e-18,2.03959764114e-18,9.11794468375e-19,2.51123219328e-19,2.64273268186e-20],"var":[0.208397343755,7.96267080307,117.154922485,278.316162109,377.791290283,351.323822021,837.1171875,1327.08630371,3858.52954102,1217.56420898,2895.11816406,3669.55200195,614.14855957,738.696716309,653.081970215,549.076904297,415.815551758,363.764556885,1121.92785645,1730.97631836,1139.06359863,739.013671875,785.00958252,1902.16149902,2471.59204102,3390.46777344,3710.09326172,4000.7019043,990.716491699,35.2866592407,0.956799924374,0.0329226963222,0.00301625276916,0.00127207441255,0.000492305494845,0.000157845715876,0.000455580011476,0.0209351647645,0.0118738375604,0.0000229992147069]},"erbbands_crest":{"dmean":2.36749625206,"dmean2":3.81480312347,"dvar":4.5387263298,"dvar2":11.361541748,"max":28.0979194641,"mean":9.15940093994,"median":8.25853443146,"min":2.61039590836,"var":17.6055927277},"erbbands_flatness_db":{"dmean":0.0247839894146,"dmean2":0.0390879362822,"dvar":0.000445187499281,"dvar2":0.00113385764416,"max":0.346471369267,"mean":0.159119322896,"median":0.15593573451,"min":0.0563624612987,"var":0.00148973881733},"erbbands_kurtosis":{"dmean":1.38738536835,"dmean2":2.18566894531,"dvar":13.8026847839,"dvar2":34.0271034241,"max":109.596969604,"mean":1.43313515186,"median":0.157216191292,"min":-1.73234724998,"var":25.0908660889},"erbbands_skewness":{"dmean":0.397618234158,"dmean2":0.600524663925,"dvar":0.208163902164,"dvar2":0.441222846508,"max":9.46271705627,"mean":0.494302332401,"median":0.477055668831,"min":-7.05912542343,"var":1.22004818916},"erbbands_spread":{"dmean":7.9664144516,"dmean2":12.344078064,"dvar":72.0707092285,"dvar2":164.836776733,"max":200.820098877,"mean":35.3866462708,"median":34.0184898376,"min":2.28187918663,"var":268.051696777},"gfcc":{"cov":[[36242.1640625,2742.4362793,-3398.49829102,416.208557129,-507.986968994,-1081.61975098,423.044311523,-835.018066406,103.53981781,-175.811630249,-427.579620361,-54.9193305969,-431.724121094],[2742.4362793,1388.56213379,-101.040596008,-207.002609253,-75.2584533691,27.4247436523,-75.4239273071,-58.2135391235,-67.1480255127,-22.4101009369,8.56301212311,-64.5997390747,-25.2283821106],[-3398.49829102,-101.040596008,801.158081055,46.8842811584,-119.150115967,304.563079834,-281.90234375,209.701141357,-199.168731689,34.2570953369,38.8090362549,-28.4931182861,25.8838615417],[416.208557129,-207.002609253,46.8842811584,287.364624023,93.6101226807,-37.0958442688,86.4336395264,-29.7552204132,-3.79588031769,-35.2243881226,-44.4755859375,-0.600041329861,-42.1140136719],[-507.986968994,-75.2584533691,-119.150115967,93.6101226807,270.001251221,16.9644107819,115.519035339,-29.8695068359,69.7953414917,-21.7529163361,4.28191184998,-15.2381916046,29.642490387],[-1081.61975098,27.4247436523,304.563079834,-37.0958442688,16.9644107819,394.804962158,-139.748764038,184.475753784,-116.301086426,43.1620025635,9.59607505798,-30.7157211304,42.3734016418],[423.044311523,-75.4239273071,-281.90234375,86.4336395264,115.519035339,-139.748764038,385.935180664,-105.761528015,153.974533081,-35.2236824036,-37.2542724609,33.7149162292,-60.5812683105],[-835.018066406,-58.2135391235,209.701141357,-29.7552204132,-29.8695068359,184.475753784,-105.761528015,248.194534302,-8.03004741669,62.9533424377,37.1661834717,-27.3671398163,32.2304992676],[103.53981781,-67.1480255127,-199.168731689,-3.79588031769,69.7953414917,-116.301086426,153.974533081,-8.03004741669,207.810073853,44.3943138123,14.0636997223,39.060256958,-12.3092031479],[-175.811630249,-22.4101009369,34.2570953369,-35.2243881226,-21.7529163361,43.1620025635,-35.2236824036,62.9533424377,44.3943138123,86.3307800293,45.8013381958,6.28896284103,21.2818431854],[-427.579620361,8.56301212311,38.8090362549,-44.4755859375,4.28191184998,9.59607505798,-37.2542724609,37.1661834717,14.0636997223,45.8013381958,79.588722229,29.5121269226,25.7933101654],[-54.9193305969,-64.5997390747,-28.4931182861,-0.600041329861,-15.2381916046,-30.7157211304,33.7149162292,-27.3671398163,39.060256958,6.28896284103,29.5121269226,84.9217758179,19.5293254852],[-431.724121094,-25.2283821106,25.8838615417,-42.1140136719,29.642490387,42.3734016418,-60.5812683105,32.2304992676,-12.3092031479,21.2818431854,25.7933101654,19.5293254852,99.6673431396]],"icov":[[0.000265197537374,-0.000502660463098,0.00201511289924,-0.00212691933848,0.00197333749384,-0.000921070459299,0.00059900386259,0.000119896598335,-0.000203079849598,0.000427118007792,-0.000830233562738,0.000693065754604,-0.000307754351525],[-0.000502660463098,0.00192624644842,-0.00350498314947,0.00398783385754,-0.00242791487835,0.00055712426547,-0.00101430353243,0.00092322594719,-0.00092107738601,0.00133721542079,-0.000838532461785,0.0010545355035,0.0000867687776918],[0.00201511289924,-0.00350498314947,0.0185291897506,-0.0189084876329,0.0186455398798,-0.0103558702394,0.0055283033289,0.00155789544806,-0.00351580302231,0.00765301706269,-0.0120593672618,0.00876849237829,-0.00391198555008],[-0.00212691933848,0.00398783385754,-0.0189084876329,0.0297626852989,-0.0308608878404,0.0183073207736,-0.00599458767101,-0.00901837460697,0.0176317505538,-0.0226371884346,0.0289705991745,-0.023662334308,0.0141011867672],[0.00197333749384,-0.00242791487835,0.0186455398798,-0.0308608878404,0.0442970395088,-0.0268457680941,0.00409652292728,0.016572797671,-0.031227035448,0.040618956089,-0.0456162616611,0.0399474352598,-0.0231318771839],[-0.000921070459299,0.00055712426547,-0.0103558702394,0.0183073207736,-0.0268457680941,0.0229943729937,-0.00331121636555,-0.014970889315,0.0252203978598,-0.0310496333987,0.0334981940687,-0.0277166366577,0.0141199026257],[0.00059900386259,-0.00101430353243,0.0055283033289,-0.00599458767101,0.00409652292728,-0.00331121636555,0.00738425040618,0.00150176219177,-0.00489416671917,0.00412223301828,-0.00207706866786,0.000852920580655,0.00144713197369],[0.000119896598335,0.00092322594719,0.00155789544806,-0.00901837460697,0.016572797671,-0.014970889315,0.00150176219177,0.0180560480803,-0.0205536447465,0.0203368030488,-0.0249357223511,0.0233846604824,-0.0119623364881],[-0.000203079849598,-0.00092107738601,-0.00351580302231,0.0176317505538,-0.031227035448,0.0252203978598,-0.00489416671917,-0.0205536447465,0.0454783700407,-0.0491684041917,0.0448347404599,-0.0409725680947,0.0220282189548],[0.000427118007792,0.00133721542079,0.00765301706269,-0.0226371884346,0.040618956089,-0.0310496333987,0.00412223301828,0.0203368030488,-0.0491684041917,0.0761409327388,-0.0651808306575,0.0506766699255,-0.0277071520686],[-0.000830233562738,-0.000838532461785,-0.0120593672618,0.0289705991745,-0.0456162616611,0.0334981940687,-0.00207706866786,-0.0249357223511,0.0448347404599,-0.0651808306575,0.0818540528417,-0.0588610246778,0.0274965520948],[0.000693065754604,0.0010545355035,0.00876849237829,-0.023662334308,0.0399474352598,-0.0277166366577,0.000852920580655,0.0233846604824,-0.0409725680947,0.0506766699255,-0.0588610246778,0.0623620189726,-0.0290153473616],[-0.000307754351525,0.0000867687776918,-0.00391198555008,0.0141011867672,-0.0231318771839,0.0141199026257,0.00144713197369,-0.0119623364881,0.0220282189548,-0.0277071520686,0.0274965520948,-0.0290153473616,0.0285276025534]],"mean":[-74.2817459106,119.47933197,-84.0605773926,20.8960781097,-16.4195289612,-7.83678197861,3.83374142647,-11.7825908661,-5.78120231628,-3.44641590118,-16.4440612793,-5.50895690918,-13.6566476822]},"hfc":{"dmean":4.99872922897,"dmean2":6.62441682816,"dvar":165.258361816,"dvar2":229.999984741,"max":478.929260254,"mean":15.1835536957,"median":7.73454332352,"min":1.06348262163e-16,"var":920.195068359},"melbands":{"dmean":[0.00147810636554,0.00155886670109,0.000899744685739,0.000466746714665,0.00020450867305,0.000153788074385,0.000139603216667,0.0000710713866283,0.000100372286397,0.0000670211084071,0.0000362200262316,0.00002802815834,0.0000244624097832,0.0000197180652322,0.0000215952168219,0.0000107904334072,0.00000788940815255,0.000014137506696,0.0000165938890859,0.0000112515699584,0.00000814225859358,0.00000669760675009,0.00000517901116837,0.00000511218422616,0.00000506607193529,0.00000479358322991,0.00000560213447898,0.00000548875914319,0.00000391698540625,0.00000399928239858,0.00000284279121843,0.00000226515999202,0.00000113738781238,3.84516653185e-7,1.23363534499e-7,5.95651350466e-8,2.7229285493e-8,2.17274767067e-8,1.87948820951e-8,1.65736100399e-8],"dmean2":[0.00235496438108,0.00246606743895,0.00138622953091,0.000753036758397,0.000310047500534,0.000241928297328,0.000208685931284,0.000114949267299,0.000159347502631,0.00010776691488,0.0000586809183005,0.0000443010176241,0.0000380774108635,0.0000313112723234,0.0000358686884283,0.0000180283423106,0.0000130992511913,0.0000229600900639,0.0000262244611804,0.0000178819627763,0.0000130488178911,0.000010887811186,0.00000848984200275,0.0000081399721239,0.0000077116283137,0.00000713223289495,0.00000784114490671,0.00000748645379645,0.00000555575161343,0.00000550211916561,0.00000404847196478,0.00000331163141709,0.00000169463714883,5.77517823785e-7,1.84362008326e-7,9.12837947453e-8,4.52856241395e-8,3.68538266571e-8,3.1925612376e-8,2.81439440641e-8],"dvar":[0.00000421977620135,0.00000403012882089,0.00000178158711606,7.28230929781e-7,2.72610236607e-7,2.37694365524e-7,1.88960413539e-7,2.79210805587e-8,4.9285358017e-8,2.82262160312e-8,8.44894376684e-9,6.06911099155e-9,3.84213683091e-9,1.59356150498e-9,2.11468020872e-9,7.68370145288e-10,1.11387610247e-9,1.63090352334e-9,1.91857107978e-9,1.16125653538e-9,6.77864819831e-10,5.10150921507e-10,3.57281731977e-10,3.43722605933e-10,5.0675408314e-10,8.33197399963e-10,5.7471671866e-10,5.59568391623e-10,3.18495507745e-10,6.28955554305e-10,4.35957853151e-10,1.62792002101e-10,2.35239258628e-11,1.92264303436e-12,1.26739357941e-13,3.08229360275e-14,2.54386334554e-15,1.45587144177e-15,1.07451560958e-15,8.34038561871e-16],"dvar2":[0.00000937152617553,0.00000998575342237,0.00000449703020422,0.00000186721263162,5.42704469808e-7,5.39682730505e-7,4.12481597323e-7,7.78658275635e-8,1.14645217764e-7,6.56847660707e-8,2.13659170356e-8,1.49123273729e-8,9.5853120996e-9,3.82160258994e-9,5.71650993209e-9,2.02194772037e-9,2.88165580287e-9,4.36210401134e-9,4.72142946961e-9,2.64834398855e-9,1.66576519245e-9,1.34792832451e-9,9.176344129e-10,7.88716369993e-10,1.11280507031e-9,2.14872297732e-9,1.20768395284e-9,1.04693653746e-9,5.54743528891e-10,1.15207821061e-9,8.93543350422e-10,3.31677546539e-10,5.39081834727e-11,3.96824673815e-12,2.52218222436e-13,6.68311705889e-14,6.04983118181e-15,3.7080794266e-15,2.75848370669e-15,2.13964037663e-15],"max":[0.0346462279558,0.0430853590369,0.0255843121558,0.0185397099704,0.0182429477572,0.0133426347747,0.0143133038655,0.00451008370146,0.00771670881659,0.00673209689558,0.00235200300813,0.00212628743611,0.00141698552761,0.000964451930486,0.00100646237843,0.00112066860311,0.00131026294548,0.00109075719956,0.00125527288765,0.00096164358547,0.000572970660869,0.000503407092765,0.000635541335214,0.000729615276214,0.000695177703165,0.0011974911904,0.000860800268129,0.000976017443463,0.000607078662142,0.00124280026648,0.000969481479842,0.000628823589068,0.00013890840637,0.000052316529036,0.0000109107477329,0.0000071492781899,0.0000010868541267,5.20138712545e-7,4.54872008504e-7,4.00975807224e-7],"mean":[0.00298383249901,0.00369912711903,0.00209458102472,0.000818970263936,0.000377076736186,0.000275029568002,0.000286581460387,0.000156980953761,0.000208332494367,0.000128380052047,0.0000561187916901,0.0000451968262496,0.0000403102421842,0.000036278150219,0.0000379612502002,0.0000180383849511,0.0000119076230476,0.000023306474759,0.0000264849859377,0.0000176329194801,0.0000127757512018,0.0000101904206531,0.00000757753832659,0.00000796843869466,0.00000817738691694,0.00000730515148462,0.00000894858567335,0.00000911798997549,0.00000701880162524,0.00000660715295453,0.00000464049935545,0.00000342378507412,0.00000156875694302,5.31351702193e-7,1.76508990535e-7,8.0479075848e-8,2.9596243678e-8,2.06966994654e-8,1.76868031332e-8,1.55820050196e-8],"median":[0.00158497306984,0.00227933120914,0.00112087838352,0.000406157632824,0.0000918257792364,0.0000485749187646,0.0000304343993776,0.0000407623738283,0.0000640414800728,0.0000422252851422,0.0000176070971065,0.0000117209492601,0.0000122210203699,0.0000147763985296,0.0000164619541465,0.00000680545235809,0.00000350886648448,0.00000618781541561,0.00000507966979058,0.00000281633515442,0.00000216406783693,0.00000189451873212,0.0000013997860151,0.00000128075600969,0.00000105956655716,6.22996026323e-7,9.7467204796e-7,7.36613742447e-7,5.4580266351e-7,3.36135258294e-7,2.33457200238e-7,2.67430237955e-7,1.59521789556e-7,7.77219355541e-8,3.77251794248e-8,2.17366853406e-8,9.18086406898e-9,6.42934461226e-9,5.50376189068e-9,4.81415041165e-9],"min":[8.11853538203e-25,6.58482214933e-25,4.86731763775e-25,6.58202908869e-25,1.07578371734e-24,1.24544797653e-24,1.74496091399e-24,1.62942898037e-24,2.02632353863e-24,2.34237987145e-24,1.68425333417e-24,2.10465801816e-24,2.94492267769e-24,2.02987479321e-24,1.49236508834e-24,2.27296819761e-24,1.8386434713e-24,3.35693013456e-24,3.54613250622e-24,3.00961006078e-24,3.60471726135e-24,3.94178017121e-24,3.46453233975e-24,4.27855435798e-24,4.66177154725e-24,4.44204104742e-24,4.52722382569e-24,3.39687095105e-24,4.78809815489e-24,4.25530544381e-24,4.59167494494e-24,5.27666614034e-24,5.32725973449e-24,5.37230763648e-24,3.93253393254e-24,5.84643157875e-24,5.50900776503e-24,5.37050390602e-24,5.7299471942e-24,6.31050188322e-24],"var":[0.0000158791171998,0.0000189165675692,0.00000720433354218,0.00000151964150064,0.0000010068129086,6.78334117765e-7,8.1835992205e-7,1.13343716635e-7,2.06707795769e-7,1.11492823862e-7,1.74959069454e-8,1.50934198473e-8,8.62730065165e-9,4.25416368799e-9,4.13024947576e-9,1.47416634455e-9,1.58215829327e-9,3.09896885931e-9,3.82580056524e-9,2.82174483779e-9,1.52789425556e-9,8.56841930741e-10,6.17870865582e-10,9.18922993254e-10,1.33088762233e-9,1.47290668551e-9,1.3365285545e-9,1.75826653237e-9,1.26711929838e-9,2.17112905432e-9,1.14120579653e-9,4.87500484425e-10,4.41825846742e-11,3.88342830115e-12,3.17988230148e-13,5.95296720447e-14,3.97697130626e-15,1.5043858891e-15,1.08329807069e-15,8.40990320088e-16]},"melbands_crest":{"dmean":3.22916245461,"dmean2":5.22520303726,"dvar":7.88812923431,"dvar2":20.8243961334,"max":38.0644569397,"mean":17.2380924225,"median":17.1857681274,"min":1.46302855015,"var":37.6253929138},"melbands_flatness_db":{"dmean":0.0386647470295,"dmean2":0.0594228282571,"dvar":0.00112525233999,"dvar2":0.00264729536138,"max":0.613128960133,"mean":0.309823483229,"median":0.31568300724,"min":0.00259578297846,"var":0.00857999920845},"melbands_kurtosis":{"dmean":15.6006975174,"dmean2":24.7237663269,"dvar":765.03314209,"dvar2":1930.18811035,"max":1292.91882324,"mean":39.1185264587,"median":19.7142505646,"min":-1.85718250275,"var":4249.38037109},"melbands_skewness":{"dmean":0.976363122463,"dmean2":1.53242969513,"dvar":0.945849716663,"dvar2":2.25884199142,"max":26.3621044159,"mean":4.06982374191,"median":3.65832471848,"min":-6.23706007004,"var":7.50353527069},"melbands_spread":{"dmean":4.83550691605,"dmean2":7.28267717361,"dvar":93.8764266968,"dvar2":190.141342163,"max":253.966003418,"mean":15.0982646942,"median":6.98104286194,"min":0.268404364586,"var":700.160705566},"mfcc":{"cov":[[11421.0302734,1654.70446777,-1400.54370117,914.780090332,-761.811218262,248.754043579,-408.138885498,-30.1660804749,-68.1312484741,6.50775194168,-27.9981803894,-109.818763733,198.847427368],[1654.70446777,1720.4909668,87.0744094849,-85.3113632202,28.3280467987,23.3530731201,48.378364563,-53.8777542114,-14.1495103836,-14.0382890701,49.3610038757,-29.5819854736,1.17541050911],[-1400.54370117,87.0744094849,850.735900879,-225.716766357,240.345825195,-111.345222473,134.749343872,-37.8334312439,-61.5955581665,-42.5541343689,-8.88872718811,16.5328159332,-83.1050033569],[914.780090332,-85.3113632202,-225.716766357,484.736755371,-137.64743042,104.303634644,-54.5186920166,56.9932289124,12.587553978,0.0315047949553,-0.940050303936,-15.5479803085,14.3912496567],[-761.811218262,28.3280467987,240.345825195,-137.64743042,358.953857422,-27.2120285034,105.791152954,-24.0666923523,14.5122013092,16.5249137878,-20.3390712738,20.3836174011,-49.4889335632],[248.754043579,23.3530731201,-111.345222473,104.303634644,-27.2120285034,194.100143433,45.9536094666,53.958946228,30.3456935883,4.12778568268,-5.62185811996,-19.5911178589,9.97618579865],[-408.138885498,48.378364563,134.749343872,-54.5186920166,105.791152954,45.9536094666,172.811264038,39.52110672,29.1101493835,3.33619213104,-5.58396434784,6.77624797821,-29.0582332611],[-30.1660804749,-53.8777542114,-37.8334312439,56.9932289124,-24.0666923523,53.958946228,39.52110672,119.774429321,51.4881439209,22.9508209229,25.6447544098,9.62712001801,13.0888414383],[-68.1312484741,-14.1495103836,-61.5955581665,12.587553978,14.5122013092,30.3456935883,29.1101493835,51.4881439209,114.322143555,56.6187934875,27.1326446533,27.5282325745,6.09049367905],[6.50775194168,-14.0382890701,-42.5541343689,0.0315047949553,16.5249137878,4.12778568268,3.33619213104,22.9508209229,56.6187934875,96.2605667114,37.3330955505,29.0656089783,21.6608371735],[-27.9981803894,49.3610038757,-8.88872718811,-0.940050303936,-20.3390712738,-5.62185811996,-5.58396434784,25.6447544098,27.1326446533,37.3330955505,93.5348434448,43.4643859863,16.7616558075],[-109.818763733,-29.5819854736,16.5328159332,-15.5479803085,20.3836174011,-19.5911178589,6.77624797821,9.62712001801,27.5282325745,29.0656089783,43.4643859863,77.3118362427,26.2290802002],[198.847427368,1.17541050911,-83.1050033569,14.3912496567,-49.4889335632,9.97618579865,-29.0582332611,13.0888414383,6.09049367905,21.6608371735,16.7616558075,26.2290802002,81.9328613281]],"icov":[[0.000176058136276,-0.000206785392947,0.000193112064153,-0.000225894604228,0.00015220005298,-0.0000137365177579,0.000138637595228,0.00000765071581554,0.000204862793908,-0.000175842200406,0.000295394420391,-0.000134023503051,-0.0000334822652803],[-0.000206785392947,0.000901313382201,-0.000280308304355,0.000307087611873,-0.000212945742533,-0.000114640657557,-0.000484588177642,0.000622232211754,-0.000447544560302,0.000472720857942,-0.00126225117128,0.000986672821455,-0.000384598912206],[0.000193112064153,-0.000280308304355,0.00220607919618,0.000101145691588,-0.000528401171323,0.000882539316081,-0.00102746649645,-0.000363166356692,0.00156474730466,0.000147648344864,0.0000558237952646,-0.000808176933788,0.00111416471191],[-0.000225894604228,0.000307087611873,0.000101145691588,0.00317783956416,0.000377600867068,-0.00135446572676,0.000880545005202,-0.00123280228581,0.000248646043474,0.0000677031057421,0.000150705556734,-0.000520881265402,0.00109001470264],[0.00015220005298,-0.000212945742533,-0.000528401171323,0.000377600867068,0.00476343091577,-0.0000921078026295,-0.00166272046044,0.00103293790016,-0.0000723861230654,-0.00186998792924,0.00214351224713,-0.00205386825837,0.0018838319229],[-0.0000137365177579,-0.000114640657557,0.000882539316081,-0.00135446572676,-0.0000921078026295,0.00804007146508,-0.00311203370802,-0.00147888937499,-0.000920847873203,0.000662168022245,-0.000155214118422,0.00273135490716,-0.00168324017432],[0.000138637595228,-0.000484588177642,-0.00102746649645,0.000880545005202,-0.00166272046044,-0.00311203370802,0.0107146026567,-0.00358144962229,-0.000893835327588,0.000200277252588,0.0020246701315,-0.00218501221389,0.00251921243034],[0.00000765071581554,0.000622232211754,-0.000363166356692,-0.00123280228581,0.00103293790016,-0.00147888937499,-0.00358144962229,0.0141518246382,-0.00522742653266,0.00100632966496,-0.00393574591726,0.00263652717695,-0.00282262079418],[0.000204862793908,-0.000447544560302,0.00156474730466,0.000248646043474,-0.0000723861230654,-0.000920847873203,-0.000893835327588,-0.00522742653266,0.017060616985,-0.00809742230922,0.00163179938681,-0.00486495438963,0.00373528432101],[-0.000175842200406,0.000472720857942,0.000147648344864,0.0000677031057421,-0.00186998792924,0.000662168022245,0.000200277252588,0.00100632966496,-0.00809742230922,0.0181089788675,-0.00552941672504,0.00101281015668,-0.00412065116689],[0.000295394420391,-0.00126225117128,0.0000558237952646,0.000150705556734,0.00214351224713,-0.000155214118422,0.0020246701315,-0.00393574591726,0.00163179938681,-0.00552941672504,0.0192802101374,-0.0106246294454,0.00278924987651],[-0.000134023503051,0.000986672821455,-0.000808176933788,-0.000520881265402,-0.00205386825837,0.00273135490716,-0.00218501221389,0.00263652717695,-0.00486495438963,0.00101281015668,-0.0106246294454,0.0245942138135,-0.00879227742553],[-0.0000334822652803,-0.000384598912206,0.00111416471191,0.00109001470264,0.0018838319229,-0.00168324017432,0.00251921243034,-0.00282262079418,0.00373528432101,-0.00412065116689,0.00278924987651,-0.00879227742553,0.0189735069871]],"mean":[-719.36138916,166.472198486,-4.83215999603,44.541217804,-1.66713988781,23.3476772308,5.87148284912,8.3663854599,8.74912071228,5.36596155167,5.22101640701,-0.598246634007,2.56815814972]},"pitch_salience":{"dmean":0.0781822949648,"dmean2":0.127391755581,"dvar":0.00445796269923,"dvar2":0.0118310358375,"max":0.865127086639,"mean":0.516460835934,"median":0.535287499428,"min":0.0542778819799,"var":0.0223898403347},"silence_rate_20dB":{"dmean":0,"dmean2":0,"dvar":0,"dvar2":0,"max":1,"mean":1,"median":1,"min":1,"var":0},"silence_rate_30dB":{"dmean":0.00967351906002,"dmean2":0.0193503797054,"dvar":0.0095800338313,"dvar2":0.0224316269159,"max":1,"mean":0.985664963722,"median":1,"min":0,"var":0.0141296638176},"silence_rate_60dB":{"dmean":0.00898255314678,"dmean2":0.0179682094604,"dvar":0.0089014461264,"dvar2":0.019717508927,"max":1,"mean":0.06856649369,"median":0,"min":0,"var":0.0638632848859},"spectral_centroid":{"dmean":213.192932129,"dmean2":308.354492188,"dvar":101866.9375,"dvar2":187416.421875,"max":11755.5244141,"mean":1083.96557617,"median":591.040161133,"min":145.037780762,"var":2989612.5},"spectral_complexity":{"dmean":3.09828996658,"dmean2":4.70974445343,"dvar":16.4103431702,"dvar2":29.4814491272,"max":59,"mean":13.6402416229,"median":11,"min":0,"var":105.72379303},"spectral_contrast_coeffs":{"dmean":[0.0510596297681,0.0454580895603,0.0345048382878,0.0295963548124,0.0219827573746,0.0562852732837],"dmean2":[0.0843811258674,0.0757033973932,0.0576213113964,0.0488469153643,0.0353843569756,0.0877315923572],"dvar":[0.00163257599343,0.00136289850343,0.000753297761548,0.000601208361331,0.000352414412191,0.00278781400993],"dvar2":[0.0044772378169,0.00372710358351,0.00207182369195,0.00154080055654,0.000853593403008,0.0065828030929],"max":[-0.347534865141,-0.506440758705,-0.620482206345,-0.560748875141,-0.65576839447,-0.335061579943],"mean":[-0.665284454823,-0.785581111908,-0.817871153355,-0.816618442535,-0.83151614666,-0.739956259727],"median":[-0.66277462244,-0.791774094105,-0.818910062313,-0.814816474915,-0.828095734119,-0.758744060993],"min":[-0.980807125568,-0.978939294815,-0.980584144592,-0.983353793621,-0.969325304031,-0.96557289362],"var":[0.00891508162022,0.00556711247191,0.00314164441079,0.00294994818978,0.00207143649459,0.0109755881131]},"spectral_contrast_valleys":{"dmean":[0.377738684416,0.393160581589,0.325613260269,0.321588844061,0.36221203208,0.803564429283],"dmean2":[0.624475598335,0.641648232937,0.52016723156,0.494130343199,0.519634127617,1.32566785812],"dvar":[0.0984971448779,0.119627021253,0.0884468331933,0.110420718789,0.153275936842,0.519002795219],"dvar2":[0.249813437462,0.29241541028,0.197944030166,0.235279619694,0.301710605621,1.40732812881],"max":[-5.27208185196,-4.75656461716,-5.41474676132,-5.85284948349,-5.02857685089,-9.16681575775],"mean":[-7.25183486938,-7.30919265747,-7.86549186707,-8.37644290924,-8.52370166779,-11.8943910599],"median":[-6.64049577713,-6.75292062759,-7.30337715149,-7.83827590942,-8.04124259949,-11.4285373688],"min":[-28.212890625,-28.1261386871,-27.8838710785,-27.8282680511,-27.6135044098,-27.4413375854],"var":[10.5939674377,10.8126535416,10.0781488419,9.68907260895,9.78674983978,6.85417127609]},"spectral_decrease":{"dmean":2.41877939899e-9,"dmean2":3.70039177078e-9,"dvar":7.18893736819e-18,"dvar2":1.72656648252e-17,"max":5.56740900955e-18,"mean":-8.64023608216e-9,"median":-7.74175745732e-9,"min":-4.77316390857e-8,"var":4.16819420865e-17},"spectral_energy":{"dmean":0.00941764842719,"dmean2":0.0143082719296,"dvar":0.000106138737465,"dvar2":0.000253790058196,"max":0.182617142797,"mean":0.0339874066412,"median":0.0303806886077,"min":1.00197542743e-20,"var":0.000631630246062},"spectral_energyband_high":{"dmean":0.00034369941568,"dmean2":0.000431602820754,"dvar":0.00000222034486796,"dvar2":0.00000301992417917,"max":0.0649168640375,"mean":0.000667915912345,"median":0.0000657014606986,"min":7.11253592305e-21,"var":0.000011102130884},"spectral_energyband_low":{"dmean":0.00770274084061,"dmean2":0.011947594583,"dvar":0.000084220264398,"dvar2":0.000199194357265,"max":0.175894081593,"mean":0.0209095776081,"median":0.0147153688595,"min":1.02473907224e-23,"var":0.000429397128755},"spectral_energyband_middle_high":{"dmean":0.00101516686846,"dmean2":0.00144990719855,"dvar":0.00000394257358494,"dvar2":0.00000766521770856,"max":0.0400430485606,"mean":0.00256961025298,"median":0.000979723175988,"min":1.1960032013e-21,"var":0.0000170256680576},"spectral_energyband_middle_low":{"dmean":0.00403738720343,"dmean2":0.00621226755902,"dvar":0.0000334598953486,"dvar2":0.0000819267952465,"max":0.113157093525,"mean":0.0113673107699,"median":0.00723195727915,"min":1.20793347924e-22,"var":0.000165811812622},"spectral_entropy":{"dmean":0.228067815304,"dmean2":0.347802907228,"dvar":0.0539558380842,"dvar2":0.123217053711,"max":9.82139968872,"mean":7.25720787048,"median":7.25659418106,"min":4.76918458939,"var":0.373400270939},"spectral_flux":{"dmean":0.0195179693401,"dmean2":0.0320136062801,"dvar":0.000339454592904,"dvar2":0.000921389786527,"max":0.253876537085,"mean":0.0772734135389,"median":0.0758068710566,"min":6.34918922993e-11,"var":0.0014280063333},"spectral_kurtosis":{"dmean":2.68402910233,"dmean2":4.22564888,"dvar":11.3002147675,"dvar2":29.2284259796,"max":55.9257774353,"mean":9.85591506958,"median":8.90286254883,"min":-1.46387159824,"var":26.3481006622},"spectral_rms":{"dmean":0.000781377370004,"dmean2":0.0011874823831,"dvar":5.07663855842e-7,"dvar2":0.000001236189064,"max":0.0133477738127,"mean":0.00528099527583,"median":0.0054442351684,"min":3.12655890761e-12,"var":0.00000526959138369},"spectral_rolloff":{"dmean":250.949905396,"dmean2":414.405883789,"dvar":371391.3125,"dvar2":705774,"max":21899.2675781,"mean":1093.12878418,"median":279.931640625,"min":43.06640625,"var":8770802},"spectral_skewness":{"dmean":0.301461696625,"dmean2":0.449120342731,"dvar":0.102588266134,"dvar2":0.227685540915,"max":6.43073701859,"mean":2.07461595535,"median":2.11039829254,"min":-1.01680493355,"var":0.504424154758},"spectral_spread":{"dmean":575249.1875,"dmean2":928582.4375,"dvar":433050288128,"dvar2":1063740964860,"max":42571212,"mean":4411799.5,"median":3471959,"min":1571509,"var":33127084851200},"spectral_strongpeak":{"dmean":0.283483028412,"dmean2":0.481102883816,"dvar":0.389411002398,"dvar2":1.00054526329,"max":17.6748657227,"mean":0.546537101269,"median":0.351360619068,"min":0,"var":0.577259123325},"zerocrossingrate":{"dmean":0.00599770294502,"dmean2":0.00705080479383,"dvar":0.0000769364924054,"dvar2":0.0000925288404687,"max":0.533203125,"mean":0.0381907634437,"median":0.02001953125,"min":0.0009765625,"var":0.00609905319288}},"metadata":{"audio_properties":{"analysis_sample_rate":44100,"bit_rate":160000,"codec":"mp3","downmix":"mix","equal_loudness":0,"length":134.399993896,"lossless":false,"md5_encoded":"e7a2453fb93e0ea20b92ff469ef6f753","replay_gain":-11.1966400146,"sample_rate":44100},"tags":{"album":["The Piper at the Gates of Dawn"],"album artist credit":["Pink Floyd"],"albumartist":["Pink Floyd"],"albumartistsort":["Pink Floyd"],"artist":["Pink Floyd"],"artist credit":["Pink Floyd"],"artistsort":["Pink Floyd"],"bpm":["0"],"catalognumber":["Scfp 40253 B-3-1-1 7"],"composer":["Syd Barrett"],"date":["1967-07-07"],"discnumber":["1/1"],"encodedby":["iTunes v4.8.0.32"],"file_name":"08 - Pink Floyd - The Gnome.mp3","genre":["Rock - Classic Rock"],"language":["eng"],"media":["12\" Vinyl"],"musicbrainz album release country":["GB"],"musicbrainz album status":["Official"],"musicbrainz album type":["album"],"musicbrainz_albumartistid":["83d91898-7763-47d7-b03b-b92132375c47"],"musicbrainz_albumid":["6c7cdad8-4daf-3248-b6c1-ea896c2e568e"],"musicbrainz_artistid":["83d91898-7763-47d7-b03b-b92132375c47"],"musicbrainz_recordingid":["50871af0-161b-4fb4-9d88-bc0511337c55"],"musicbrainz_releasegroupid":["6792b6d1-4e65-3c3c-9d20-d08aa1dcfc60"],"originaldate":["1967-07-07"],"replaygain_album_gain":["0.00 dB"],"replaygain_album_peak":["0.000000"],"replaygain_track_gain":["-8.48 dB"],"replaygain_track_peak":["1.021851"],"script":["Latn"],"title":["The Gnome"],"tracknumber":["8/11"]},"version":{"essentia":"2.1-beta1","essentia_build_sha":"5a811adb4c06fd6d02ca903f7349a26d851abfa8","essentia_git_sha":"v2.1_beta1-34-gf95df8b","extractor":"music 1.0"}},"rhythm":{"beats_count":256,"beats_loudness":{"dmean":0.0192483048886,"dmean2":0.0324150472879,"dvar":0.000256593426457,"dvar2":0.000705265556462,"max":0.131648868322,"mean":0.0410245172679,"median":0.0360184945166,"min":0,"var":0.000717484159395},"beats_loudness_band_ratio":{"dmean":[0.190565183759,0.119675114751,0.0793076828122,0.0455948