{"lowlevel":{"average_loudness":0.90337574482,"barkbands":{"dmean":[0.000413100555306,0.000687688647304,0.000325055239955,0.000357405282557,0.00103689578827,0.0043836585246,0.00240789493546,0.00157633679919,0.00153759354725,0.00180802401155,0.000938554003369,0.00047659710981,0.000214107349166,0.000132076893351,0.0000863149034558,0.0000261265995505,0.0000063490838329,0.00000363795311387,0.0000029084255857,0.0000025024273782,0.00000227388682106,0.00000191699905372,0.00000159975149927,0.00000152991901814,0.00000146923071043,0.00000147432911035,0.00000499351199323],"dmean2":[0.000664853025228,0.00119033141527,0.000572803779505,0.000626635155641,0.00173518434167,0.0075888899155,0.00404446339235,0.0026636349503,0.00256413407624,0.00285846437328,0.00150136137381,0.000765162578318,0.000343524705386,0.000215809879592,0.00014288170496,0.0000418994823121,0.000010334021681,0.00000603632406637,0.00000481518145534,0.00000413973157265,0.00000377495734938,0.00000317839953823,0.0000026523773613,0.00000253182474808,0.00000243602062255,0.00000243893691732,0.00000783861833042],"dvar":[2.8748129921e-7,0.00000245368823926,2.44733399768e-7,2.97676905348e-7,0.00000325096812048,0.0000471779385407,0.0000208702531381,0.00000783297764428,0.00000844702481118,0.0000262119265244,0.00000645797217658,0.00000157313365889,1.54298192001e-7,6.3537036965e-8,4.46351684502e-8,3.54278628656e-9,1.57335353079e-10,6.16262180175e-11,3.94415507199e-11,2.92644623812e-11,2.42518158333e-11,1.7462819385e-11,1.20615418694e-11,1.07909393227e-11,1.00725330854e-11,9.98463464685e-12,9.45783590334e-11],"dvar2":[6.72771250265e-7,0.0000054210727285,7.24464428004e-7,8.38917230794e-7,0.00000766261109675,0.000137117225677,0.0000528054770257,0.0000199844107556,0.0000211563965422,0.0000589722149016,0.000015946547137,0.00000363057415598,3.64335733138e-7,1.58632033731e-7,1.25887510194e-7,8.284515296e-9,3.85287801663e-10,1.46831907744e-10,9.5302973846e-11,7.03760313914e-11,5.83790515929e-11,4.22133890343e-11,2.91832356891e-11,2.60690722481e-11,2.43635424335e-11,2.41484558045e-11,2.30410579505e-10],"max":[0.00689607160166,0.0598954334855,0.00993088446558,0.00848737638444,0.0360522381961,0.0789835304022,0.0720100998878,0.0413372665644,0.0565980821848,0.116629682481,0.0661717578769,0.038065765053,0.0103555563837,0.00483860261738,0.00490149809048,0.00143903202843,0.000266157236183,0.000187437268323,0.000145699261338,0.00012567207159,0.000114353606477,0.0000981691846391,0.0000814189770608,0.0000771842169343,0.0000744570570532,0.0000739967945265,0.000180459319381],"mean":[0.00052813347429,0.000943634426221,0.000370124325855,0.00041127752047,0.00149529927876,0.00632652034983,0.00367735978216,0.00228137243539,0.00218809372745,0.002419606084,0.00132816180121,0.000705750135239,0.000372055510525,0.000223951094085,0.000146720893099,0.0000436131267634,0.0000100120423667,0.00000423848314313,0.00000296583630188,0.00000244112266046,0.00000215808472603,0.00000180733104571,0.00000151937035753,0.00000146485217556,0.00000136770029258,0.00000145160277043,0.0000114241256597],"median":[0.000291145843221,0.000518226064742,0.000205258111237,0.000231326936046,0.000887635396793,0.00329272029921,0.00172335864045,0.00105777103454,0.00117022520863,0.000822182861157,0.000521491048858,0.000309434253722,0.000197674409719,0.000109357410111,0.0000755983492127,0.0000213583280129,0.00000580231790082,0.00000174702290678,0.00000100579097762,7.67065159835e-7,6.33752051726e-7,5.2148686791e-7,4.55095914731e-7,4.49890592336e-7,3.77241747174e-7,4.288968114e-7,0.00000426963106293],"min":[1.18720805223e-24,4.18701336081e-24,5.0822521591e-25,5.89029185065e-24,8.88299346679e-24,8.29788034503e-24,1.22111936816e-23,1.99906583056e-23,3.50577485563e-23,1.94769284183e-23,3.98656317371e-23,3.61685877731e-23,2.01260015933e-23,5.61559786168e-23,6.27642474872e-23,1.0001011949e-22,9.7541729541e-23,1.25623839859e-22,1.35379083139e-22,2.25552372198e-22,2.98513296907e-22,3.13430366324e-22,4.34707948626e-22,7.26585423329e-22,1.01476300155e-21,1.27031586757e-21,1.95210201893e-21],"var":[4.32376708659e-7,0.00000404349657401,2.66049482889e-7,3.2633374758e-7,0.00000507428467245,0.0000706121791154,0.0000398350020987,0.0000126227878354,0.0000114561025839,0.0000407556472055,0.00000926007396629,0.00000247433672484,3.04947718632e-7,1.31418289584e-7,5.80497037106e-8,6.29509244732e-9,2.08564387982e-10,6.93259130657e-11,4.17929545138e-11,3.06906514091e-11,2.50554160752e-11,1.79049830518e-11,1.23720218098e-11,1.11551826804e-11,1.03895616069e-11,1.04672347179e-11,3.47077699914e-10]},"barkbands_crest":{"dmean":3.15379428864,"dmean2":5.33062982559,"dvar":7.25630378723,"dvar2":19.5091304779,"max":24.9428806305,"mean":9.70180130005,"median":8.84963226318,"min":3.23651885986,"var":14.903421402},"barkbands_flatness_db":{"dmean":0.0359030179679,"dmean2":0.0584111623466,"dvar":0.000794580031652,"dvar2":0.0021298979409,"max":0.360110789537,"mean":0.212691158056,"median":0.212882429361,"min":0.0687573254108,"var":0.00183439499233},"barkbands_kurtosis":{"dmean":2.72171425819,"dmean2":4.49217844009,"dvar":28.7064380646,"dvar2":76.652381897,"max":173.564102173,"mean":3.70261621475,"median":2.24328422546,"min":-1.50470042229,"var":34.6131095886},"barkbands_skewness":{"dmean":0.547694861889,"dmean2":0.900987029076,"dvar":0.306265205145,"dvar2":0.827100455761,"max":10.6635198593,"mean":0.54882222414,"median":0.509370028973,"min":-3.57017827034,"var":0.790517091751},"barkbands_spread":{"dmean":2.13277316093,"dmean2":3.43845653534,"dvar":3.36790990829,"dvar2":8.29488372803,"max":28.8055934906,"mean":7.7893037796,"median":7.18894767761,"min":0.8769749403,"var":13.6853742599},"dissonance":{"dmean":0.0424963347614,"dmean2":0.0739799812436,"dvar":0.00126661197282,"dvar2":0.00373864662834,"max":0.5,"mean":0.438205748796,"median":0.447525888681,"min":0.166982829571,"var":0.00194508500863},"dynamic_complexity":3.25423789024,"erbbands":{"dmean":[0.0249021872878,0.150743484497,0.320494562387,0.795044541359,1.46621704102,3.65732288361,19.0891876221,42.4751853943,34.473526001,38.1145515442,29.854221344,31.9920425415,52.2968978882,48.5746307373,31.0408363342,14.7628746033,9.4588394165,6.67761898041,5.56224775314,2.9181432724,0.943188071251,0.336373031139,0.206427112222,0.164319232106,0.138067826629,0.118207164109,0.100241035223,0.0841550827026,0.0698234140873,0.0564929097891,0.044367659837,0.0340572856367,0.0243795681745,0.01657859236,0.0103714345023,0.00578705919906,0.00273962598294,0.0010382233886,0.000309125927743,0.000509719189722],"dmean2":[0.0426073111594,0.261190026999,0.563982307911,1.39211559296,2.52079081535,6.11510181427,32.7801170349,73.5701828003,58.1643028259,64.1014022827,50.1683731079,53.0518875122,84.4710922241,76.324180603,48.4074401855,23.6537799835,14.9980201721,10.7831478119,9.15336513519,4.6623044014,1.47665822506,0.538314521313,0.342849463224,0.269604027271,0.228262931108,0.195405766368,0.166168138385,0.139680922031,0.115836374462,0.0935560837388,0.073554687202,0.0562841817737,0.0404375903308,0.0274906232953,0.0171889141202,0.00958297029138,0.00453225197271,0.00171610969119,0.000501410395373,0.000778628222179],"dvar":[0.0014371231664,0.158753812313,0.341964662075,1.18548309803,6.25746917725,50.8016624451,828.614379883,5081.55517578,4162.37255859,6553.56201172,2594.39697266,3058.04272461,16782.6542969,23211.6445312,5751.89501953,1232.67016602,273.197692871,152.420196533,179.07913208,32.7271156311,4.67420434952,0.430463373661,0.197745889425,0.127158418298,0.0889913737774,0.0647794157267,0.0465887784958,0.0335588268936,0.0231444127858,0.015114475973,0.00926101673394,0.00528316386044,0.00278056086972,0.00128467020113,0.000500849622767,0.000154957830091,0.0000344888067048,0.0000048588080972,4.07284829862e-7,0.00000192044308278],"dvar2":[0.00380868231878,0.347694098949,0.923922240734,3.39745354652,16.7600765228,117.897018433,2280.11279297,14898.5966797,11495.1445312,14552.6884766,6934.68164062,7730.00830078,40742.5546875,52277.9101562,13057.2294922,2677.80224609,662.278991699,378.061004639,512.649475098,75.0118789673,10.4871673584,1.04106473923,0.465917438269,0.307164937258,0.213379278779,0.155861839652,0.111973114312,0.0810002461076,0.0559665448964,0.0365278571844,0.0224345102906,0.0127805517986,0.00672131311148,0.00310660107061,0.00121146801393,0.000374921393814,0.0000833877347759,0.0000117731151477,9.95313371277e-7,0.00000498883309774],"max":[0.936490297318,15.5558681488,14.3005313873,13.046505928,45.3654022217,155.831100464,335.639312744,850.291381836,1151.03894043,1848.37963867,758.327575684,854.447937012,2462.99780273,3023.86669922,1690.28881836,932.925292969,437.08026123,285.441009521,305.020965576,113.386238098,64.6806640625,14.3324985504,10.7559576035,8.35548019409,6.83646774292,5.87196683884,5.0174202919,4.27286148071,3.58431863785,2.88440513611,2.25309920311,1.70606696606,1.23577725887,0.840805828571,0.525027871132,0.292450368404,0.137716814876,0.0507773309946,0.0143607370555,0.0328551642597],"mean":[0.0333092883229,0.195299237967,0.407788574696,0.997623682022,1.90597641468,5.2121348381,25.2721805573,58.9644851685,53.984828949,55.8114128113,46.7187042236,47.8686523438,72.502204895,68.4246063232,48.9031982422,25.6246871948,17.6069488525,12.8359766006,9.70694828033,5.36079549789,1.81300640106,0.58004540205,0.265100538731,0.174807026982,0.138296365738,0.115354150534,0.0957998260856,0.0795397385955,0.0657523497939,0.0534274876118,0.0423641577363,0.0334833040833,0.0226175095886,0.0153968064114,0.00970615819097,0.00548172742128,0.0027460991405,0.00110680540092,0.000516504631378,0.00156738329679],"median":[0.0196636226028,0.0967151299119,0.233706519008,0.61782515049,1.17173910141,3.09257936478,14.0876779556,28.0509166718,26.1812438965,25.8616676331,24.9489974976,26.6125221252,28.674074173,25.7382774353,20.3888034821,12.7465763092,9.96346378326,6.51892757416,5.00980806351,2.72851467133,1.00585329533,0.346812516451,0.120326943696,0.0627725869417,0.0459861606359,0.0362982936203,0.0284888632596,0.0231167878956,0.0190923959017,0.0155650097877,0.0127295702696,0.011200254783,0.00623647915199,0.0042210649699,0.00267873331904,0.00151163351256,0.000843298621476,0.00036963931052,0.000162191659911,0.000268892938038],"min":[1.95767748586e-22,8.36209523199e-22,9.59621901951e-22,1.5181324946e-20,2.99243637207e-20,4.40287754417e-20,1.75758609541e-20,1.12233907613e-19,1.86237711588e-19,3.10900744613e-19,5.05068830604e-19,7.10479179999e-19,8.52368675796e-19,8.2152838403e-19,1.44082827229e-18,1.6707025917e-18,1.34992319092e-18,3.10475790913e-18,3.59053130438e-18,5.74504728687e-18,5.66186931319e-18,6.83301974858e-18,6.26141892016e-18,5.00329416567e-18,9.54600093137e-18,1.09049172299e-17,1.06306721153e-17,1.21783468937e-17,8.99807649362e-18,1.07589885078e-17,1.34885356367e-17,1.26296285118e-17,1.18834263996e-17,8.87748348647e-18,6.18646146741e-18,4.16138312076e-18,2.51176701724e-18,9.67367770648e-19,2.65951233139e-19,3.10601699434e-20],"var":[0.00243825046346,0.240642055869,0.439418762922,1.41688489914,7.15391874313,70.7360916138,1085.78198242,7033.74316406,7040.49023438,11804.6044922,4235.03613281,4457.44824219,24543.1074219,32404.6113281,10140.2958984,2379.32006836,596.058776855,364.934173584,231.748565674,68.383392334,9.24477577209,0.630787491798,0.23161137104,0.137022450566,0.0946127995849,0.0681042671204,0.0484903752804,0.0344764329493,0.023697918281,0.0155266011134,0.0094849485904,0.00547034386545,0.00286135054193,0.00132361950818,0.000517733453307,0.000161098636454,0.000036298930354,0.00000528874443262,8.65857600729e-7,0.0000117365661936]},"erbbands_crest":{"dmean":3.35073685646,"dmean2":5.58132505417,"dvar":8.62668514252,"dvar2":22.8798313141,"max":30.6364765167,"mean":10.7047348022,"median":9.6590385437,"min":2.62177920341,"var":18.5039024353},"erbbands_flatness_db":{"dmean":0.039946064353,"dmean2":0.0644775852561,"dvar":0.000989918597043,"dvar2":0.00265709031373,"max":0.46817356348,"mean":0.268781751394,"median":0.269568026066,"min":0.0545786619186,"var":0.00259397621267},"erbbands_kurtosis":{"dmean":1.76921617985,"dmean2":2.85790538788,"dvar":6.44175958633,"dvar2":14.1552305222,"max":49.9006996155,"mean":1.84782528877,"median":0.909730195999,"min":-1.44458043575,"var":12.7134313583},"erbbands_skewness":{"dmean":0.470137804747,"dmean2":0.762797534466,"dvar":0.16545638442,"dvar2":0.40616312623,"max":4.62871456146,"mean":0.513362824917,"median":0.499969124794,"min":-2.86971402168,"var":0.581264197826},"erbbands_spread":{"dmean":2.49826836586,"dmean2":4.11032867432,"dvar":5.24151563644,"dvar2":14.2309617996,"max":75.0860824585,"mean":10.5084886551,"median":10.1913166046,"min":1.01924109459,"var":20.3534832001},"gfcc":{"cov":[[10016.0009766,139.277587891,-755.687072754,-328.909576416,-555.131469727,-138.663543701,-255.318344116,59.937412262,-175.934539795,137.258865356,19.2584552765,-45.7651290894,53.2842712402],[139.277587891,1160.96948242,-80.8419265747,-362.070220947,219.199401855,-30.9346237183,2.60603785515,-204.764160156,201.341705322,-94.0041732788,26.8373031616,-27.768163681,32.096824646],[-755.687072754,-80.8419265747,254.269882202,144.991378784,17.1494235992,-25.5281276703,-10.6792821884,-0.435461133718,-10.8000555038,17.9717350006,3.04980945587,-8.29139995575,-23.2655010223],[-328.909576416,-362.070220947,144.991378784,297.143920898,-66.859703064,52.9755592346,-18.2960624695,77.2449035645,-97.5662002563,43.8817176819,-28.9649181366,21.0338497162,-38.6379547119],[-555.131469727,219.199401855,17.1494235992,-66.859703064,226.292419434,46.4138870239,68.4783782959,-55.6382713318,72.7272415161,-62.8774490356,10.5316362381,-10.2204656601,27.4950351715],[-138.663543701,-30.9346237183,-25.5281276703,52.9755592346,46.4138870239,135.416503906,66.3027038574,34.9333190918,-36.4322814941,-18.975063324,-20.9171028137,18.4923591614,8.95507335663],[-255.318344116,2.60603785515,-10.6792821884,-18.2960624695,68.4783782959,66.3027038574,109.812988281,30.2294235229,7.76196336746,-46.2793769836,-3.99445557594,9.23576927185,17.1359558105],[59.937412262,-204.764160156,-0.435461133718,77.2449035645,-55.6382713318,34.9333190918,30.2294235229,95.2072753906,-24.4386482239,23.5140895844,-18.999004364,7.30677986145,-5.11193084717],[-175.934539795,201.341705322,-10.8000555038,-97.5662002563,72.7272415161,-36.4322814941,7.76196336746,-24.4386482239,115.705734253,8.70802593231,19.6444969177,-21.540594101,2.80145525932],[137.258865356,-94.0041732788,17.9717350006,43.8817176819,-62.8774490356,-18.975063324,-46.2793769836,23.5140895844,8.70802593231,87.4743652344,26.2357749939,-1.99487948418,-23.0940761566],[19.2584552765,26.8373031616,3.04980945587,-28.9649181366,10.5316362381,-20.9171028137,-3.99445557594,-18.999004364,19.6444969177,26.2357749939,50.1582832336,15.6155967712,5.74451732635],[-45.7651290894,-27.768163681,-8.29139995575,21.0338497162,-10.2204656601,18.4923591614,9.23576927185,7.30677986145,-21.540594101,-1.99487948418,15.6155967712,46.8918800354,19.8768081665],[53.2842712402,32.096824646,-23.2655010223,-38.6379547119,27.4950351715,8.95507335663,17.1359558105,-5.11193084717,2.80145525932,-23.0940761566,5.74451732635,19.8768081665,51.2314109802]],"icov":[[0.00020527470042,-0.000314120348776,0.000741366238799,-0.000289464485832,0.000214027561015,0.00038700341247,0.000152031512698,-0.000639417965431,0.00092033931287,-0.000191101993551,-0.000795594765805,0.001222528168,-0.000717082992196],[-0.000314120348776,0.00345357554033,-0.00235187006183,0.00293962541036,0.000948982487898,-0.00435802526772,0.00190152728464,0.00512873660773,-0.00661191204563,0.00320726167411,0.00202454463579,-0.0038917963393,0.00253044185229],[0.000741366238799,-0.00235187006183,0.0118454201147,-0.00979290343821,-0.000509562669322,0.00788461975753,-0.00512255914509,0.000974410562776,0.0041277022101,-0.00318346149288,-0.00414075097069,0.00880266819149,-0.0052097835578],[-0.000289464485832,0.00293962541036,-0.00979290343821,0.0189514234662,-0.00481314770877,-0.00586860161275,0.0075215739198,-0.00603436212987,0.00448173191398,-0.00398519635201,0.0104828523472,-0.0143818845972,0.0111589888111],[0.000214027561015,0.000948982487898,-0.000509562669322,-0.00481314770877,0.0184588972479,-0.0112060327083,-0.000781120266765,0.00971041247249,-0.015350535512,0.0148120280355,-0.0125076221302,0.0104326456785,-0.00652501080185],[0.00038700341247,-0.00435802526772,0.00788461975753,-0.00586860161275,-0.0112060327083,0.0299801658839,-0.0197365134954,-0.00148754613474,0.0193464234471,-0.0237623751163,0.017819615081,-0.0050704581663,-0.00309120700695],[0.000152031512698,0.00190152728464,-0.00512255914509,0.0075215739198,-0.000781120266765,-0.0197365134954,0.0414256639779,-0.0239857323468,-0.00825678743422,0.0331017188728,-0.0262818709016,0.00381727609783,0.00645558303222],[-0.000639417965431,0.00512873660773,0.000974410562776,-0.00603436212987,0.00971041247249,-0.00148754613474,-0.0239857323468,0.0461575724185,-0.0141683127731,-0.0164857655764,0.0239557921886,-0.00733962515369,-0.00547481607646],[0.00092033931287,-0.00661191204563,0.0041277022101,0.00448173191398,-0.015350535512,0.0193464234471,-0.00825678743422,-0.0141683127731,0.040613938123,-0.0255102813244,0.00701539078727,0.00447381520644,-0.00159832672216],[-0.000191101993551,0.00320726167411,-0.00318346149288,-0.00398519635201,0.0148120280355,-0.0237623751163,0.0331017188728,-0.0164857655764,-0.0255102813244,0.0652517154813,-0.0504419729114,0.0163222923875,0.00735782412812],[-0.000795594765805,0.00202454463579,-0.00414075097069,0.0104828523472,-0.0125076221302,0.017819615081,-0.0262818709016,0.0239557921886,0.00701539078727,-0.0504419729114,0.0781201943755,-0.0399477370083,0.00398123078048],[0.001222528168,-0.0038917963393,0.00880266819149,-0.0143818845972,0.0104326456785,-0.0050704581663,0.00381727609783,-0.00733962515369,0.00447381520644,0.0163222923875,-0.0399477370083,0.0589844174683,-0.0236966684461],[-0.000717082992196,0.00253044185229,-0.0052097835578,0.0111589888111,-0.00652501080185,-0.00309120700695,0.00645558303222,-0.00547481607646,-0.00159832672216,0.00735782412812,0.00398123078048,-0.0236966684461,0.038218036294]],"mean":[-89.5586166382,162.577087402,-92.6111907959,-54.8021583557,-46.0166015625,0.993505477905,-23.4853439331,-13.5634641647,-2.42827677727,-0.0362003594637,-4.07791614532,-0.780784130096,2.66221523285]},"hfc":{"dmean":14.3236322403,"dmean2":22.7628726959,"dvar":1047.66174316,"dvar2":2806.32202148,"max":726.683532715,"mean":41.1194496155,"median":13.3637905121,"min":1.0914603184e-16,"var":5599.19091797},"melbands":{"dmean":[0.000209359379369,0.000165318793734,0.00014662904141,0.000147451690282,0.000553477962967,0.00089917058358,0.000509963778313,0.000404621154303,0.000236121020862,0.00021591798577,0.000269545213087,0.000209859048482,0.000117836127174,0.0000626442488283,0.0000278608622466,0.0000195065058506,0.0000126991108118,0.0000103094071164,0.00000583549490329,0.000002638439355,9.31521014991e-7,3.86889723814e-7,2.28569746241e-7,1.66488717923e-7,1.30291795131e-7,1.07181961084e-7,8.915926486e-8,7.58538973855e-8,6.42242099502e-8,5.45908491745e-8,4.6783814156e-8,4.0361534559e-8,3.46740556267e-8,3.00208178317e-8,2.60017767317e-8,2.276344091e-8,1.99582554927e-8,1.73381771162e-8,1.52795376351e-8,1.35328637185e-8],"dmean2":[0.000357973127393,0.000289320218144,0.000255354592809,0.000247485557338,0.000944354163948,0.00155771104619,0.000853578094393,0.000683084479533,0.000397426803829,0.000357761484338,0.000434638466686,0.000329994567437,0.000187285244465,0.00010033712897,0.0000452993554063,0.0000317370650009,0.0000207475623029,0.000017097008822,0.0000095998902907,0.00000418942181568,0.00000150023151946,6.27430154054e-7,3.77046518452e-7,2.74395546285e-7,2.13909913782e-7,1.77644253085e-7,1.47494574776e-7,1.25392574546e-7,1.06406240263e-7,9.06255692712e-8,7.76317321538e-8,6.69629969252e-8,5.74983403112e-8,4.96745293788e-8,4.3104986247e-8,3.76967896898e-8,3.30051364017e-8,2.87637398344e-8,2.53447343113e-8,2.24389768988e-8],"dvar":[1.46693011516e-7,1.44360186027e-7,4.43071357381e-8,7.98517376666e-8,6.67978611091e-7,0.00000218879426939,8.88999522886e-7,6.77727882703e-7,1.6316288054e-7,1.57317003868e-7,4.44952803491e-7,4.57233426232e-7,9.20115184044e-8,2.96231075225e-8,3.79747611134e-9,9.52086298689e-10,6.28283203241e-10,5.76440284394e-10,1.51577556062e-10,3.4885577066e-11,4.30875127244e-12,5.62056803009e-13,2.15122719443e-13,1.34363752221e-13,7.95089769847e-14,5.28288553853e-14,3.77382553104e-14,2.64327456272e-14,1.91034101922e-14,1.40031461429e-14,1.03785854355e-14,7.71397394339e-15,5.73814508008e-15,4.24858385574e-15,3.17868277578e-15,2.40586558481e-15,1.81638253429e-15,1.40782815652e-15,1.09213251845e-15,8.55886929712e-16],"dvar2":[3.45047226347e-7,3.34833231364e-7,1.2502702873e-7,1.95888745225e-7,0.00000181735890692,0.00000639730069452,0.00000242016221819,0.00000152963013988,4.3702780772e-7,3.96524569624e-7,0.00000107586151898,0.00000102130366031,2.21614314455e-7,6.62801156182e-8,9.02203112219e-9,2.42775688442e-9,1.55017620962e-9,1.62918423197e-9,3.9671435581e-10,7.95037993773e-11,9.98182005801e-12,1.39636934827e-12,5.08471465887e-13,3.21855497983e-13,1.92844709385e-13,1.26938824035e-13,9.0393607855e-14,6.37083498478e-14,4.59378357836e-14,3.37887947873e-14,2.50350514787e-14,1.86310537988e-14,1.39164413093e-14,1.02509138534e-14,7.69975564834e-15,5.83385217982e-15,4.38964448761e-15,3.403261068e-15,2.64009539396e-15,2.07003120903e-15],"max":[0.013583842665,0.0133957527578,0.00349846575409,0.00742463348433,0.010120918043,0.0179093834013,0.015561777167,0.0183641389012,0.00543899973854,0.00597849301994,0.0119150010869,0.014769744128,0.00842027459294,0.00528562394902,0.00136936374474,0.000473423162475,0.000570726406295,0.000481128750835,0.000314233097015,0.00010464344814,0.0000612573421677,0.00001567171239,0.0000112254847409,0.00000843935686135,0.00000660100477035,0.00000520391040482,0.00000450741617897,0.0000037335792058,0.00000324644906868,0.00000273058367384,0.00000238447387346,0.00000206564300242,0.00000178534753559,0.00000153132180003,0.00000131634715217,0.00000115679029022,9.9790065633e-7,8.79108768004e-7,7.74966053996e-7,6.86326814048e-7],"mean":[0.000319666141877,0.000232415477512,0.00019757359405,0.000211362697883,0.000762746843975,0.00129831302911,0.000816983520053,0.000590749958064,0.000363345607184,0.000308043236146,0.000365349726053,0.000283417641185,0.000176129164174,0.0000933550909394,0.0000463393735117,0.0000342485218425,0.0000223684692173,0.0000163684599102,0.00000988981537375,0.00000444858505944,0.00000161002560617,6.16109446128e-7,3.09161748646e-7,1.84769476164e-7,1.35975341209e-7,1.07759426271e-7,8.78210286714e-8,7.36408765079e-8,6.13783726067e-8,5.17087848095e-8,4.4122863585e-8,3.79420797003e-8,3.26960432062e-8,2.8409207431e-8,2.46817180027e-8,2.23604672556e-8,1.93845846042e-8,1.59997011195e-8,1.41340619209e-8,1.25648318416e-8],"median":[0.00019117895863,0.000132034430862,0.000124535697978,0.000129311301862,0.000447441707365,0.000641214137431,0.000392581277993,0.000274217396509,0.000192571460502,0.000163042990607,0.000134983187309,0.000101266930869,0.0000700926611898,0.0000413343223045,0.0000240975386987,0.0000190401478903,0.0000109112679638,0.00000797393386165,0.00000528010423295,0.00000212037866731,8.76827130014e-7,3.60392590437e-7,1.55129299628e-7,6.91408814646e-8,4.75991299709e-8,3.61186849318e-8,2.77116924963e-8,2.30464198836e-8,1.81847319425e-8,1.51014969418e-8,1.28751853623e-8,1.09024291817e-8,9.5070440409e-9,8.30165269861e-9,7.30880778121e-9,7.36103533683e-9,6.27500629236e-9,4.2942831513e-9,3.84081388916e-9,3.4398039972e-9],"min":[2.44422713912e-24,4.84912847743e-25,2.38406781763e-24,3.16046787599e-24,8.4677917149e-25,2.17920359877e-24,2.62225785986e-24,3.10320939326e-24,3.63827106552e-24,4.82745166444e-24,3.8582366459e-24,2.8491135486e-24,4.96742083258e-24,3.00645935032e-24,2.53563402993e-24,3.21128018183e-24,5.58876239141e-24,6.06853102788e-24,5.91482029721e-24,4.82919899134e-24,6.26701750354e-24,5.62950824045e-24,7.71831212657e-24,4.01360082903e-24,2.88513431804e-24,6.20671105949e-24,6.99035759412e-24,5.29902955814e-24,5.89927934295e-24,6.8479768782e-24,6.77628125483e-24,4.72386752227e-24,5.99363381253e-24,4.96438095708e-24,6.66639056415e-24,7.09184928275e-24,7.10820394703e-24,6.65954877352e-24,5.54910122611e-24,6.92064595593e-24],"var":[2.70995798246e-7,2.12849883496e-7,5.55484973574e-8,9.93109665615e-8,9.42469227994e-7,0.00000321567995343,0.00000160584943387,0.00000120728066122,2.5732745712e-7,2.16453742041e-7,6.65267691602e-7,6.44714475584e-7,1.49073898115e-7,4.55174706815e-8,7.18541759426e-9,2.03016337075e-9,1.34618582948e-9,7.13134717945e-10,2.39106068278e-10,6.23745499695e-11,7.55099975602e-12,7.53757028581e-13,2.64390478911e-13,1.4736275351e-13,8.49606639924e-14,5.62624457385e-14,3.9813584287e-14,2.77338559968e-14,1.98764615877e-14,1.44184082805e-14,1.06703992972e-14,7.91404312553e-15,5.85041972075e-15,4.38010435552e-15,3.25418686918e-15,2.46938966772e-15,1.88229186198e-15,1.44776427768e-15,1.12420955029e-15,8.81816566992e-16]},"melbands_crest":{"dmean":3.59174108505,"dmean2":6.04626512527,"dvar":9.41149425507,"dvar2":25.2217712402,"max":32.8012046814,"mean":11.4200763702,"median":10.4897651672,"min":1.7527089119,"var":18.5106620789},"melbands_flatness_db":{"dmean":0.0442002415657,"dmean2":0.0715830698609,"dvar":0.0012382902205,"dvar2":0.0033170003444,"max":0.491651594639,"mean":0.325542390347,"median":0.328520089388,"min":0.00388795253821,"var":0.00316797802225},"melbands_kurtosis":{"dmean":2.32765030861,"dmean2":3.92531371117,"dvar":63.5793190002,"dvar2":177.228363037,"max":294.149749756,"mean":2.53897380829,"median":1.36913847923,"min":-1.67696750164,"var":49.2150497437},"melbands_skewness":{"dmean":0.504020929337,"dmean2":0.831789553165,"dvar":0.255693584681,"dvar2":0.686025440693,"max":12.097070694,"mean":0.70589697361,"median":0.705558776855,"min":-3.06712651253,"var":0.649251997471},"melbands_spread":{"dmean":3.02893853188,"dmean2":4.90855789185,"dvar":13.9986724854,"dvar2":32.1769294739,"max":139.541778564,"mean":11.5455827713,"median":10.2687625885,"min":0.85942363739,"var":103.962387085},"mfcc":{"cov":[[4018.29882812,-175.192474365,-224.413864136,45.4760093689,-282.72177124,-178.072311401,-49.4901313782,-99.5350189209,-94.2397232056,1.80033314228,51.5406074524,-28.3296985626,15.844827652],[-175.192474365,1401.61083984,-119.423225403,-299.292022705,153.476760864,80.8971939087,-122.845596313,-48.9993057251,32.1475296021,7.97752285004,-42.9871482849,25.5860042572,29.0499420166],[-224.413864136,-119.423225403,218.52180481,121.908279419,-2.41253638268,-11.4291353226,-3.27308106422,-26.3748912811,-25.0541172028,-6.92189645767,14.2472457886,8.60667896271,-7.34603023529],[45.4760093689,-299.292022705,121.908279419,174.769760132,-5.03286647797,-21.2989349365,11.5069923401,-13.4493589401,-26.3040409088,-5.23719120026,17.8739719391,0.462077587843,-6.1514248848],[-282.72177124,153.476760864,-2.41253638268,-5.03286647797,113.578422546,60.7594184875,-5.30000352859,0.163338884711,15.5082941055,2.29482650757,-11.6577348709,6.32333755493,3.69899606705],[-178.072311401,80.8971939087,-11.4291353226,-21.2989349365,60.7594184875,87.0984725952,52.0306358337,29.8556022644,14.7437295914,-1.11436021328,-16.9550247192,-5.23291444778,2.00013518333],[-49.4901313782,-122.845596313,-3.27308106422,11.5069923401,-5.30000352859,52.0306358337,108.74394989,81.1498641968,21.2696094513,-13.376914978,-18.9688491821,-16.4782047272,-4.55634212494],[-99.5350189209,-48.9993057251,-26.3748912811,-13.4493589401,0.163338884711,29.8556022644,81.1498641968,101.51260376,52.376750946,-5.7080039978,-29.2168769836,-15.8322029114,-5.74911212921],[-94.2397232056,32.1475296021,-25.0541172028,-26.3040409088,15.5082941055,14.7437295914,21.2696094513,52.376750946,61.531917572,24.1346282959,-8.6646270752,-10.5292396545,-4.2598361969],[1.80033314228,7.97752285004,-6.92189645767,-5.23719120026,2.29482650757,-1.11436021328,-13.376914978,-5.7080039978,24.1346282959,47.7354812622,29.3331222534,4.66674280167,-6.09526586533],[51.5406074524,-42.9871482849,14.2472457886,17.8739719391,-11.6577348709,-16.9550247192,-18.9688491821,-29.2168769836,-8.6646270752,29.3331222534,54.194694519,26.7323207855,3.89090704918],[-28.3296985626,25.5860042572,8.60667896271,0.462077587843,6.32333755493,-5.23291444778,-16.4782047272,-15.8322029114,-10.5292396545,4.66674280167,26.7323207855,39.6666374207,22.3554801941],[15.844827652,29.0499420166,-7.34603023529,-6.1514248848,3.69899606705,2.00013518333,-4.55634212494,-5.74911212921,-4.2598361969,-6.09526586533,3.89090704918,22.3554801941,34.8450927734]],"icov":[[0.000420102354838,-0.000282388820779,0.00102718186099,-0.00116691179574,0.00128532806411,0.00022885663202,-0.0008035764331,0.00121486664284,-0.000437906099251,0.000098428063211,-0.0000120274635265,0.000233163867961,-0.000183837066288],[-0.000282388820779,0.00205759657547,-0.00189671118278,0.00433764234185,-0.00241741235368,-0.00195766240358,0.00478828605264,-0.00367967551574,0.00235406355932,-0.000434355082689,-0.000301122403471,0.00108047714457,-0.0012808694737],[0.00102718186099,-0.00189671118278,0.0120959542692,-0.0119375502691,0.00693724444136,-0.000603855994996,-0.00727302022278,0.0133723169565,-0.0101988520473,0.00405482109636,0.00484801735729,-0.0100729223341,0.00749394670129],[-0.00116691179574,0.00433764234185,-0.0119375502691,0.0236284341663,-0.0149673363194,0.0077820122242,0.00269463052973,-0.0119517827407,0.0151386577636,-0.00563316745684,-0.00611174060032,0.0116671295837,-0.00784588977695],[0.00128532806411,-0.00241741235368,0.00693724444136,-0.0149673363194,0.0349939800799,-0.0314640253782,0.0170946978033,0.00410944409668,-0.017216578126,0.0126811461523,0.00144758075476,-0.0118405744433,0.00880410335958],[0.00022885663202,-0.00195766240358,-0.000603855994996,0.0077820122242,-0.0314640253782,0.0676424503326,-0.0648236423731,0.0385814197361,-0.00442461716011,-0.0212328117341,0.0250601097941,-0.0121896257624,0.000888228125405],[-0.0008035764331,0.00478828605264,-0.00727302022278,0.00269463052973,0.0170946978033,-0.0648236423731,0.1141307652,-0.106222987175,0.0522566139698,0.0114654358476,-0.0498530454934,0.0515423826873,-0.0244871433824],[0.00121486664284,-0.00367967551574,0.0133723169565,-0.0119517827407,0.00410944409668,0.0385814197361,-0.106222987175,0.146457090974,-0.103147134185,0.0193069484085,0.0566592030227,-0.071954883635,0.0414526164532],[-0.000437906099251,0.00235406355932,-0.0101988520473,0.0151386577636,-0.017216578126,-0.00442461716011,0.0522566139698,-0.103147134185,0.118427470326,-0.0571593604982,-0.0157599337399,0.0523743852973,-0.0367072932422],[0.000098428063211,-0.000434355082689,0.00405482109636,-0.00563316745684,0.0126811461523,-0.0212328117341,0.0114654358476,0.0193069484085,-0.0571593604982,0.0855735391378,-0.0493606701493,0.00772969797254,0.0132688162848],[-0.0000120274635265,-0.000301122403471,0.00484801735729,-0.00611174060032,0.00144758075476,0.0250601097941,-0.0498530454934,0.0566592030227,-0.0157599337399,-0.0493606701493,0.101764924824,-0.0802395567298,0.0309915989637],[0.000233163867961,0.00108047714457,-0.0100729223341,0.0116671295837,-0.0118405744433,-0.0121896257624,0.0515423826873,-0.071954883635,0.0523743852973,0.00772969797254,-0.0802395567298,0.124905250967,-0.0676667168736],[-0.000183837066288,-0.0012808694737,0.00749394670129,-0.00784588977695,0.00880410335958,0.000888228125405,-0.0244871433824,0.0414526164532,-0.0367072932422,0.0132688162848,0.0309915989637,-0.0676667168736,0.0704821422696]],"mean":[-750.216186523,229.775115967,1.14089548588,-31.595205307,-8.70511627197,4.63643693924,-10.358297348,-7.25161123276,-0.199296012521,2.22492218018,-4.04997587204,-0.0557359196246,3.61025238037]},"pitch_salience":{"dmean":0.0781849175692,"dmean2":0.133255794644,"dvar":0.00441881595179,"dvar2":0.0121161872521,"max":0.971289277077,"mean":0.67318302393,"median":0.6872407794,"min":0.15199290216,"var":0.00834586843848},"silence_rate_20dB":{"dmean":0,"dmean2":0,"dvar":0,"dvar2":0,"max":1,"mean":1,"median":1,"min":1,"var":0},"silence_rate_30dB":{"dmean":0.00402738619596,"dmean2":0.00805801805109,"dvar":0.00401115976274,"dvar2":0.0104104122147,"max":1,"mean":0.997181952,"median":1,"min":0,"var":0.00281024654396},"silence_rate_60dB":{"dmean":0.0185259766877,"dmean2":0.0366639792919,"dvar":0.0181828700006,"dvar2":0.0417649149895,"max":1,"mean":0.0499194860458,"median":0,"min":0,"var":0.0474292933941},"spectral_centroid":{"dmean":72.1071472168,"dmean2":114.618682861,"dvar":28418.8554688,"dvar2":41014,"max":11513.7080078,"mean":642.72052002,"median":561.763427734,"min":298.356292725,"var":632509.5},"spectral_complexity":{"dmean":2.1631090641,"dmean2":3.62852549553,"dvar":3.23435425758,"dvar2":8.04007720947,"max":27,"mean":14.8965377808,"median":15,"min":0,"var":17.8048915863},"spectral_contrast_coeffs":{"dmean":[0.0571497343481,0.0575685054064,0.0423704273999,0.028013324365,0.0407088659704,0.0136250844225],"dmean2":[0.0959630683064,0.0986233502626,0.0707801952958,0.0474354438484,0.0675281956792,0.0234088730067],"dvar":[0.00195641652681,0.00198147608899,0.00110312772449,0.000475180364447,0.00110678875353,0.00023752731795],"dvar2":[0.00545410998166,0.00564407883212,0.00306143728085,0.00129653746262,0.00295420829207,0.000683138438035],"max":[-0.383279263973,-0.484735518694,-0.524604260921,-0.660361349583,-0.681976675987,-0.733166158199],"mean":[-0.678745806217,-0.749199151993,-0.783401787281,-0.813175022602,-0.8770211339,-0.852769136429],"median":[-0.682548046112,-0.753706693649,-0.788502693176,-0.815620303154,-0.881473660469,-0.855603575706],"min":[-0.972349226475,-0.972541153431,-0.975013494492,-0.967476546764,-0.965130090714,-0.963744997978],"var":[0.00510437181219,0.00441124243662,0.00301120523363,0.00134273420554,0.00222026370466,0.000331201998051]},"spectral_contrast_valleys":{"dmean":[0.402601569891,0.355354815722,0.289313733578,0.24742077291,0.706428468227,0.821938812733],"dmean2":[0.68362224102,0.589287102222,0.465429276228,0.384138762951,1.1203006506,1.31575381756],"dvar":[0.132473915815,0.109401643276,0.0830544382334,0.073818475008,0.328135848045,0.448946684599],"dvar2":[0.291482925415,0.214870214462,0.142075315118,0.109713986516,0.82391834259,1.20303499699],"max":[-5.91478395462,-4.22650146484,-4.76728916168,-6.11750745773,-6.3956990242,-8.87331485748],"mean":[-7.64355945587,-5.98682498932,-6.63701343536,-7.80531740189,-9.29419803619,-11.7634658813],"median":[-7.52810382843,-5.8073720932,-6.50178480148,-7.66402959824,-9.19038009644,-11.6126079559],"min":[-28.0195274353,-27.4385643005,-27.8129005432,-27.6709423065,-27.4689941406,-27.35105896],"var":[2.53919196129,3.10082626343,2.83314800262,2.5465734005,2.65598297119,2.39224839211]},"spectral_decrease":{"dmean":2.09708206356e-9,"dmean2":3.34977712235e-9,"dvar":7.00164630672e-18,"dvar2":1.76262841394e-17,"max":8.37724041611e-13,"mean":-5.58449908539e-9,"median":-4.3678758388e-9,"min":-3.32367484646e-8,"var":2.04618874034e-17},"spectral_energy":{"dmean":0.00866369064897,"dmean2":0.0136818373576,"dvar":0.00012037120905,"dvar2":0.000302185595501,"max":0.14604139328,"mean":0.0248068440706,"median":0.0184755697846,"min":1.03416882835e-20,"var":0.000431167776696},"spectral_energyband_high":{"dmean":0.0000134778283609,"dmean2":0.000022214197088,"dvar":8.17184098167e-10,"dvar2":1.96547400577e-9,"max":0.000685099628754,"mean":0.0000152745578816,"median":0.00000543008172826,"min":7.05345067039e-21,"var":9.25748255831e-10},"spectral_energyband_low":{"dmean":0.00100340216886,"dmean2":0.00171713263262,"dvar":0.00000328204646394,"dvar2":0.0000076531950981,"max":0.0663224235177,"mean":0.00182411656715,"median":0.00122881820425,"min":1.7296041982e-23,"var":0.0000063462180151},"spectral_energyband_middle_high":{"dmean":0.00230897101574,"dmean2":0.00345439277589,"dvar":0.00003178769839,"dvar2":0.0000696365459589,"max":0.119740277529,"mean":0.00483924197033,"median":0.00240689702332,"min":1.2620046815e-21,"var":0.0000685045743012},"spectral_energyband_middle_low":{"dmean":0.00721123255789,"dmean2":0.0116473715752,"dvar":0.0000903238687897,"dvar2":0.000240195004153,"max":0.120957925916,"mean":0.0171723924577,"median":0.0121658686548,"min":1.96907456956e-22,"var":0.00026062343386},"spectral_entropy":{"dmean":0.284160941839,"dmean2":0.459738492966,"dvar":0.0531273558736,"dvar2":0.142473459244,"max":9.81495666504,"mean":6.58128976822,"median":6.54258918762,"min":5.48910522461,"var":0.178351074457},"spectral_flux":{"dmean":0.0193096064031,"dmean2":0.0312249418348,"dvar":0.000425375910709,"dvar2":0.00111188332085,"max":0.280844956636,"mean":0.0928347781301,"median":0.0869481116533,"min":6.45919290276e-11,"var":0.00173169944901},"spectral_kurtosis":{"dmean":27.5716400146,"dmean2":44.9633140564,"dvar":604.289672852,"dvar2":1597.10107422,"max":165.335327148,"mean":52.7482833862,"median":45.3545455933,"min":-1.24652004242,"var":1100.87524414},"spectral_rms":{"dmean":0.000795626139734,"dmean2":0.00122740573715,"dvar":6.07578783729e-7,"dvar2":0.00000144806847402,"max":0.0119364736602,"mean":0.00451913382858,"median":0.00424557924271,"min":3.17638970682e-12,"var":0.00000377919559469},"spectral_rolloff":{"dmean":1122.24914551,"dmean2":2189.60229492,"dvar":18902532,"dvar2":53121040,"max":22028.4667969,"mean":2493.31835938,"median":861.328125,"min":107.666015625,"var":31158190},"spectral_skewness":{"dmean":1.32856595516,"dmean2":2.13687777519,"dvar":1.15212082863,"dvar2":3.12463498116,"max":10.3042230606,"mean":5.29744911194,"median":5.20668363571,"min":-0.0436097085476,"var":2.56564378738},"spectral_spread":{"dmean":725254.8125,"dmean2":1171473.375,"dvar":771664052224,"dvar2":1656120279040,"max":41613584,"mean":2119171.5,"median":1724373.5,"min":586039.8125,"var":9079704518660},"spectral_strongpeak":{"dmean":1.08648478985,"dmean2":1.96003496647,"dvar":26.1654701233,"dvar2":82.4485931396,"max":63.1094856262,"mean":1.24884343147,"median":0.720103740692,"min":0,"var":14.245757103},"zerocrossingrate":{"dmean":0.0109563386068,"dmean2":0.0144753158092,"dvar":0.000314486213028,"dvar2":0.000609696318861,"max":0.5205078125,"mean":0.0811000987887,"median":0.0390625,"min":0.00927734375,"var":0.00777949625626}},"metadata":{"audio_properties":{"analysis_sample_rate":44100,"bit_rate":190757,"codec":"mp3","downmix":"mix","equal_loudness":0,"length":57.6533088684,"lossless":false,"md5_encoded":"6463b9c1767c34939552d23b1b8433c6","replay_gain":2.07474708557,"sample_rate":44100},"tags":{"album":["The Chicago Transit Authority"],"albumartist":["Chicago Transit Authority"],"albumartistsort":["Chicago Transit Authority"],"artist":["Chicago Transit Authority"],"date":["2002"],"file_name":"10 - Chicago Transit Authority - Prologue, August 29, 1968.mp3","genre":["Jazz Fusion","Blues Rock","Jazz","Rock","Fusion","rock","Blues","Hard Rock","Progressive Rock","Classic Rock"],"musicbrainz_albumid":["c0438de8-91c5-43fe-9019-e860870e3a6a"],"musicbrainz_artistid":["f1478a31-c0ac-41be-97a7-f8700b4c4a0e"],"musicbrainz_recordingid":["50874860-c66a-43da-bf18-8ef92b50e7c8"],"title":["Prologue, August 29, 1968"],"tracknumber":["10/12"]},"version":{"essentia":"2.1-beta1","essentia_build_sha":"ca57ba49d9b1854bd80e60cf9ccf267278fb7d6b","essentia_git_sha":"v2.1_beta1-28-g21ef5f4-dirty","extractor":"music 1.0"}},"rhythm":{"beats_count":111,"beats_loudness":{"dmean":0.0188649259508,"dmean2":0.031953509897,"dvar":0.000307243346469,"dvar2":0.000829396012705,"max":0.112581007183,"mean":0.0278142374009,"median":0.0232074484229,"min":0.000184986085515,"var":0.000453804357676},"beats_loudness_band_ratio":{"dmean":[0.117867320776,0.163225725293,0.178002789617,0.134154379368,0.0108801349998,0.0146986199543],"dmean2":[0.212898597121,0.276269257069,0.316932201385,0.239797592163,0.0194496102631,0.0216012373567],"dvar":[0.0181250311434,0.0168619100004,0.0179477371275,0.0194000266492,0.000150449995999,0.000769654056057],"dvar2":[0.0459886454046,0.0417271517217,0.0517969690263,0.0555353090167,0.000468562706374,0.00188524147961],"max":[0.693509399891,0.854435443878,0.829195797443,0.701246321201,0.0718155428767,0.311616152525],"mean":[0.140427067876,0.316142052412,0.378477394581,0.174242392182,0.0135943312198,0.0361