{"lowlevel":{"average_loudness":0.388288468122,"barkbands":{"dmean":[0.000380625540856,0.00437885103747,0.00684885075316,0.00171905220486,0.00310173002072,0.000488066929393,0.000498240813613,0.000315849873004,0.000103076243249,0.0000921182872844,0.000138589151902,0.0000875912955962,0.000137063907459,0.0000996521121124,0.0000366318854503,0.0000359024925274,0.0000519687382621,0.000040720718971,0.000056855235016,0.000059697067627,0.0000611823270447,0.0000648072309559,0.0000234888084378,0.0000118218449643,0.00000369586791749,0.0000375473646272,0.000486942444695],"dmean2":[0.000645644322503,0.00700784474611,0.0108654526994,0.00289945490658,0.00440956931561,0.000776427565143,0.000751538027544,0.000514742219821,0.000170243380126,0.000143704994116,0.000211174425203,0.000124762140331,0.000210099693504,0.000155831599841,0.0000606147114013,0.0000595688470639,0.000081407095422,0.0000662267484586,0.0000951847905526,0.000102516758488,0.000109200300358,0.000113025140308,0.0000411028559029,0.000021056692276,0.00000650678248348,0.0000655451658531,0.000780990114436],"dvar":[9.35272794322e-7,0.0000749766841182,0.000197396584554,0.0000154961307999,0.000112000634545,0.00000164553227933,0.00000448010177934,0.00000374430692318,1.97708828864e-7,1.57637302323e-7,9.24729590679e-7,1.12015072773e-7,4.48963191957e-7,2.48842496831e-7,2.59532928482e-8,4.48920651763e-8,1.0925528926e-7,4.51034445348e-8,9.9120669006e-8,1.30760582806e-7,1.46646883081e-7,2.34136038557e-7,1.6282768911e-8,5.82792969439e-9,2.25209823013e-10,4.87958899953e-8,0.0000057952656789],"dvar2":[0.00000228879139286,0.000160376046551,0.000435825466411,0.0000402533150918,0.000180245595402,0.00000395055712943,0.00000847836236062,0.00000943010036281,4.79824848298e-7,3.6868789266e-7,0.00000155139935032,2.16499216776e-7,0.00000109484051336,5.87097247262e-7,6.35424441953e-8,1.19302015378e-7,2.37142216974e-7,1.08010574706e-7,2.46724141562e-7,3.43767169397e-7,3.76127331947e-7,6.21310846327e-7,4.41022862674e-8,1.64923843471e-8,6.29440333189e-10,1.30920781771e-7,0.0000129690070025],"max":[0.0323220603168,0.146354079247,0.15662714839,0.0798462927341,0.251580506563,0.0239749401808,0.0655077621341,0.0577139779925,0.0160707887262,0.0125294364989,0.0478311628103,0.00958437565714,0.0155435297638,0.0126773705706,0.00302052381448,0.00678412802517,0.0121004451066,0.0068157510832,0.00588325690478,0.00879513751715,0.00774482591078,0.0147067476064,0.00240620225668,0.00238299043849,0.000419110787334,0.00542970793322,0.0708886310458],"mean":[0.000368834240362,0.00704756146297,0.00978346634656,0.00257900170982,0.00516634713858,0.000733619730454,0.000679099815898,0.000352205475792,0.00012166959641,0.000112149384222,0.000182147865416,0.000111706285679,0.000143470766488,0.0000976343944785,0.0000359057703463,0.00003480615851,0.0000489538251713,0.0000371743990399,0.0000504221752635,0.0000486719545734,0.0000487603865622,0.0000475417655252,0.0000179872513399,0.00000884372002474,0.00000319317314279,0.0000282995897578,0.000473439198686],"median":[0.0000966355582932,0.00219385232776,0.00222571706399,0.000826086383313,0.000977872521617,0.00020113014034,0.000105454528239,0.0000422271114076,0.0000191882681975,0.0000149673605847,0.000013967473933,0.00000958985947364,0.000010506641047,0.00000738859807825,0.00000400641420129,0.00000270989812634,0.00000229728038903,0.00000228249678003,0.00000204972184292,0.00000172104489593,0.00000161004913934,0.00000139252745157,9.49404409312e-7,6.9253167112e-7,5.15673946211e-7,0.00000119762762552,0.0000160407143994],"min":[1.71811933005e-24,2.23229208387e-23,3.22522191782e-24,3.28086556284e-23,1.41886952105e-23,2.86813606158e-23,3.50147682587e-23,4.33918115844e-23,2.46756246511e-22,1.19916349168e-22,3.37116331522e-23,1.02123036093e-22,7.61812884265e-23,1.61257469498e-22,5.94431178327e-23,9.7451288216e-23,2.52391212486e-22,1.49084487449e-22,2.45364998797e-22,4.55141238363e-22,5.34619340596e-22,6.75751580006e-22,5.27824433546e-22,7.3923925712e-22,9.01978055936e-22,1.74322013306e-21,2.75180371577e-21],"var":[0.00000117093361496,0.000141900891322,0.000384801765904,0.0000300363499264,0.000272844132269,0.00000295168410958,0.00000794672087068,0.00000401300758313,2.44282631456e-7,2.16090640492e-7,0.00000210431562664,2.29063317647e-7,5.20309129115e-7,2.76855502079e-7,2.56600767301e-8,4.17406731401e-8,1.28922380327e-7,4.87291345053e-8,9.44536893144e-8,1.03298567922e-7,1.16190470578e-7,1.66939798873e-7,1.20988037366e-8,3.79535469719e-9,1.64443014761e-10,3.63363419353e-8,0.00000688779982738]},"barkbands_crest":{"dmean":3.09490394592,"dmean2":5.06327104568,"dvar":8.09593772888,"dvar2":20.0133571625,"max":26.3187198639,"mean":14.4521512985,"median":13.7224807739,"min":4.02646446228,"var":24.0604286194},"barkbands_flatness_db":{"dmean":0.0544043332338,"dmean2":0.0862157568336,"dvar":0.00208118162118,"dvar2":0.00517820520326,"max":0.518333792686,"mean":0.243600532413,"median":0.24002251029,"min":0.0405743122101,"var":0.00736223673448},"barkbands_kurtosis":{"dmean":35.0479431152,"dmean2":56.3352088928,"dvar":2424.44042969,"dvar2":5969.93017578,"max":605.546386719,"mean":63.7454719543,"median":43.3498077393,"min":-1.87883687019,"var":4991.81689453},"barkbands_skewness":{"dmean":1.69128155708,"dmean2":2.68642163277,"dvar":2.62078976631,"dvar2":6.62634372711,"max":21.0511169434,"mean":5.20741939545,"median":4.87094306946,"min":-5.30469894409,"var":10.4338274002},"barkbands_spread":{"dmean":5.90473890305,"dmean2":9.47068881989,"dvar":113.120880127,"dvar2":271.319824219,"max":136.021896362,"mean":12.0287313461,"median":3.98417258263,"min":0.252805829048,"var":455.987762451},"dissonance":{"dmean":0.0282617211342,"dmean2":0.046419609338,"dvar":0.000689179694746,"dvar2":0.00177255971357,"max":0.5,"mean":0.446381419897,"median":0.454220563173,"min":0.252324342728,"var":0.00150708016008},"dynamic_complexity":8.89769458771,"erbbands":{"dmean":[0.0671292543411,1.25894618034,7.09860610962,6.80837345123,5.68117856979,12.185303688,9.68053627014,4.11342525482,6.78338336945,6.37339735031,6.5348815918,2.72556471825,2.64733123779,3.76079893112,4.75046825409,4.15179824829,6.78882169724,4.93485069275,3.08667445183,1.9900302887,2.0920085907,2.60404038429,2.40904688835,2.48215484619,2.84951710701,2.83366847038,2.80419158936,2.21229338646,2.4776968956,1.35882484913,0.598066091537,0.309256136417,0.160840153694,0.0610463991761,0.0212709475309,0.0417424850166,0.0724399909377,0.0935409963131,0.0379237420857,0.012498726137],"dmean2":[0.11015817523,1.99052596092,11.1198663712,11.0598640442,8.95590019226,17.2773189545,13.5908250809,6.49160146713,10.4118833542,9.58070373535,11.0729122162,4.48346090317,4.21366786957,5.69984769821,7.09451770782,5.99425363541,10.35846138,7.48982048035,4.89656162262,3.24167990685,3.42297887802,4.12644720078,3.92065954208,4.12402105331,4.69381189346,4.81739425659,4.89302110672,3.91892886162,4.3363366127,2.40856695175,1.04335546494,0.547299027443,0.289399474859,0.109967470169,0.0368998683989,0.0738659128547,0.12873570621,0.15939219296,0.0640150532126,0.019059734419],"dvar":[0.0181058999151,5.96572780609,209.923294067,173.863098145,244.797195435,2055.9284668,1589.08898926,155.724563599,928.723754883,653.032775879,2066.88989258,156.510574341,109.204071045,252.461990356,1545.80236816,289.399230957,1256.87719727,643.218383789,165.153137207,101.082710266,142.922164917,185.346359253,152.564102173,196.730041504,228.115875244,375.145965576,313.100952148,207.518218994,345.63873291,79.5720596313,11.0123100281,2.82965278625,1.41108548641,0.132464975119,0.0049695908092,0.0634026303887,0.199353829026,0.31344473362,0.0453862398863,0.00348503538407],"dvar2":[0.0418923906982,12.7257146835,453.401519775,441.606323242,551.264160156,3471.96362305,2141.48193359,355.019561768,1798.36413574,1402.02270508,5571.13720703,388.39541626,279.233276367,515.360900879,2429.90478516,577.078063965,3079.63769531,1503.34326172,380.156066895,250.611068726,332.589019775,403.909942627,364.046264648,496.449279785,543.276062012,1012.86541748,810.54486084,523.01751709,937.125,219.13293457,29.5610198975,7.77275753021,4.07490825653,0.380608677864,0.0138072595,0.181259274483,0.548694849014,0.796712458134,0.106956839561,0.00769214238971],"max":[3.13490772247,38.617351532,176.295532227,199.877532959,387.553649902,1031.78552246,1113.79321289,287.794799805,1152.53149414,602.012573242,1275.20239258,444.090667725,219.218292236,520.03302002,2047.28137207,482.645263672,851.926391602,718.149658203,247.026779175,253.169937134,399.467437744,447.764160156,346.078063965,382.042205811,293.229095459,576.172485352,296.850097656,312.18762207,515.256958008,237.000808716,77.4624862671,41.7087783813,39.41381073,11.831656456,1.67627489567,7.28509140015,11.6380386353,14.572353363,5.39017534256,1.6871111393],"mean":[0.108472801745,2.01559877396,10.2825698853,11.0021572113,9.18619537354,19.5544700623,14.8511962891,6.41288995743,9.44385814667,8.97568798065,6.42818546295,3.21235871315,3.20776295662,4.89479875565,6.81476545334,5.29551267624,7.12409687042,5.11820888519,3.07772946358,1.99258947372,2.14699578285,2.50392770767,2.20637202263,2.19026207924,2.50458478928,2.28555107117,2.21552419662,1.76655852795,1.79275786877,1.02304244041,0.457463800907,0.23200455308,0.120680704713,0.0487793050706,0.019107086584,0.0323477312922,0.0536857061088,0.0726609900594,0.0333230644464,0.0139746749774],"median":[0.0373485647142,0.655978798866,2.60488605499,3.7378320694,3.14817810059,2.92436003685,2.21998882294,1.70583415031,1.53087115288,1.44259774685,0.815113425255,0.494521558285,0.475179284811,0.572666823864,0.564711093903,0.396552860737,0.501801073551,0.423790514469,0.297964632511,0.196024656296,0.142710074782,0.133527576923,0.129455834627,0.11471888423,0.100657559931,0.0802507027984,0.0700604766607,0.0593355745077,0.0504532046616,0.0397089496255,0.0250567980111,0.0164979174733,0.0105143459514,0.0061892690137,0.00346645200625,0.00297573348507,0.0023372862488,0.0016018130118,0.00087158032693,0.00128021812998],"min":[5.62647051066e-22,5.06052135095e-21,6.13442433317e-21,5.5001209945e-20,1.05488534061e-19,2.51942105516e-20,5.43548393821e-20,2.90359394311e-19,3.44600470509e-19,8.4009951936e-19,1.14006498797e-18,2.98674922102e-18,7.98696400006e-18,2.24324289051e-18,2.59635616104e-18,3.97185453573e-18,3.30849414836e-18,7.04466548883e-18,5.91305594108e-18,3.23146998485e-18,7.55392667758e-18,1.34976329691e-17,9.82028244197e-18,7.6766753174e-18,1.44739153686e-17,2.72837269788e-17,1.75752537131e-17,2.56514663653e-17,2.16358072395e-17,2.36221160444e-17,1.25290582385e-17,1.33534065847e-17,1.33055409513e-17,9.2186466855e-18,6.73936470527e-18,5.99351745363e-18,3.28945369143e-18,1.53761212627e-18,3.77825627379e-19,3.75607174212e-20],"var":[0.0325990132987,11.3857002258,407.263763428,375.11907959,473.252868652,5062.95410156,3815.89575195,277.849121094,1696.59313965,1369.34863281,1658.80151367,183.859481812,129.040344238,471.34942627,3826.46313477,583.731933594,1419.60717773,750.768554688,191.729415894,101.262870789,189.119659424,236.028839111,162.275543213,187.103302002,230.219100952,273.387023926,245.138946533,167.476486206,235.517410278,54.97133255,8.14382171631,1.98861336708,0.869254946709,0.083624586463,0.00409710872918,0.0442971773446,0.137730240822,0.255046784878,0.0458341315389,0.00446883635595]},"erbbands_crest":{"dmean":3.4115293026,"dmean2":5.54578447342,"dvar":9.8477678299,"dvar2":23.8021335602,"max":28.322971344,"mean":11.3679580688,"median":10.6929168701,"min":2.45851922035,"var":24.4261989594},"erbbands_flatness_db":{"dmean":0.0419322326779,"dmean2":0.0672441720963,"dvar":0.00133147276938,"dvar2":0.00335118360817,"max":0.36642152071,"mean":0.151939079165,"median":0.147349715233,"min":0.0258533786982,"var":0.00357526657172},"erbbands_kurtosis":{"dmean":5.02926540375,"dmean2":8.1319770813,"dvar":56.5718231201,"dvar2":137.065795898,"max":110.76512146,"mean":6.52805519104,"median":3.1839120388,"min":-1.74351537228,"var":102.28742218},"erbbands_skewness":{"dmean":0.734237492085,"dmean2":1.15315937996,"dvar":0.541642069817,"dvar2":1.2509752512,"max":8.64435005188,"mean":1.68955671787,"median":1.58245432377,"min":-2.80907392502,"var":2.20523881912},"erbbands_spread":{"dmean":13.0281553268,"dmean2":21.0133190155,"dvar":161.534942627,"dvar2":402.246002197,"max":131.947998047,"mean":31.3154010773,"median":26.3710174561,"min":1.88084888458,"var":440.113464355},"gfcc":{"cov":[[33937.1132812,5281.86914062,-418.167694092,-260.664276123,150.012969971,-1577.9901123,622.115478516,-1820.47875977,219.451522827,-766.183959961,-64.190788269,-329.398956299,-506.144500732],[5281.86914062,2495.79077148,620.128112793,23.0853729248,207.260482788,-187.435806274,110.60471344,-357.746948242,31.2901325226,-203.40032959,49.7326812744,-153.961517334,-16.138048172],[-418.167694092,620.128112793,503.794433594,206.470870972,94.2342376709,102.12424469,10.7494878769,33.1792793274,-0.976866066456,-15.6942720413,3.56397986412,-21.5643405914,12.8317871094],[-260.664276123,23.0853729248,206.470870972,336.471618652,131.109802246,118.927627563,60.4545860291,92.4084777832,26.2707023621,13.612402916,-30.1450538635,11.9733247757,-22.2855758667],[150.012969971,207.260482788,94.2342376709,131.109802246,210.445709229,76.5169677734,111.688537598,1.72453391552,43.8589019775,-9.03625965118,15.2456560135,-13.0644702911,-9.69512557983],[-1577.9901123,-187.435806274,102.12424469,118.927627563,76.5169677734,261.689239502,20.5973339081,188.309616089,-3.95506215096,57.8912353516,1.46395564079,11.2201700211,32.6784973145],[622.115478516,110.60471344,10.7494878769,60.4545860291,111.688537598,20.5973339081,166.944915771,-6.44454193115,61.2591133118,-8.83848953247,7.84586906433,11.6227912903,-20.0376358032],[-1820.47875977,-357.746948242,33.1792793274,92.4084777832,1.72453391552,188.309616089,-6.44454193115,268.816101074,37.9489746094,90.1609954834,11.1917829514,22.627155304,36.7133140564],[219.451522827,31.2901325226,-0.976866066456,26.2707023621,43.8589019775,-3.95506215096,61.2591133118,37.9489746094,93.6914825439,38.6904754639,21.2103481293,7.09990167618,-16.1586208344],[-766.183959961,-203.40032959,-15.6942720413,13.612402916,-9.03625965118,57.8912353516,-8.83848953247,90.1609954834,38.6904754639,87.4822235107,32.9002571106,14.4746551514,9.64116287231],[-64.190788269,49.7326812744,3.56397986412,-30.1450538635,15.2456560135,1.46395564079,7.84586906433,11.1917829514,21.2103481293,32.9002571106,59.1027565002,17.4297847748,16.2369785309],[-329.398956299,-153.961517334,-21.5643405914,11.9733247757,-13.0644702911,11.2201700211,11.6227912903,22.627155304,7.09990167618,14.4746551514,17.4297847748,64.010345459,26.5641899109],[-506.144500732,-16.138048172,12.8317871094,-22.2855758667,-9.69512557983,32.6784973145,-20.0376358032,36.7133140564,-16.1586208344,9.64116287231,16.2369785309,26.5641899109,72.5441741943]],"icov":[[0.000127545063151,-0.000406739680329,0.000711127358954,-0.000546685128938,0.000568823947106,-0.0000619499041932,-0.000266520364676,0.000405866507208,-0.000252517056651,0.000161152507644,-0.0000914293632377,-0.0000533560414624,0.000292924931273],[-0.000406739680329,0.00343828974292,-0.00436574174091,0.00112628587522,-0.000133347130031,-0.000858769053593,0.000302601431031,0.00144748901948,-0.00352121167816,0.00552832055837,-0.0053559015505,0.00624535279348,-0.00384188303724],[0.000711127358954,-0.00436574174091,0.0098777487874,-0.00612754840404,0.00389775098301,-0.00212568603456,-0.000106799358036,0.00158912572078,-0.0000158152761287,-0.000911614100914,0.000165202538483,-0.00239312462509,0.00196249200962],[-0.000546685128938,0.00112628587522,-0.00612754840404,0.0123539185151,-0.0109340697527,0.0039867227897,0.00162078603171,-0.0069943331182,0.00666444888338,-0.00823177397251,0.0125491749495,-0.00976355932653,0.00539041310549],[0.000568823947106,-0.000133347130031,0.00389775098301,-0.0109340697527,0.0223907008767,-0.0107509503141,-0.00665244366974,0.0113993640989,-0.0138599351048,0.0151892537251,-0.0180707275867,0.0153431836516,-0.00656012492254],[-0.0000619499041932,-0.000858769053593,-0.00212568603456,0.0039867227897,-0.0107509503141,0.017575122416,-0.00216963258572,-0.0129850246012,0.0158800315112,-0.0134103717282,0.0109213190153,-0.0071167210117,0.00307686370797],[-0.000266520364676,0.000302601431031,-0.000106799358036,0.00162078603171,-0.00665244366974,-0.00216963258572,0.0144735341892,-0.000193208135897,-0.00736136175692,0.0038214426022,0.00178118422627,-0.00613535847515,0.00260883918963],[0.000405866507208,0.00144748901948,0.00158912572078,-0.0069943331182,0.0113993640989,-0.0129850246012,-0.000193208135897,0.0200894847512,-0.0165561717004,0.00751097267494,-0.010051141493,0.0114586027339,-0.00875575095415],[-0.000252517056651,-0.00352121167816,-0.0000158152761287,0.00666444888338,-0.0138599351048,0.0158800315112,-0.00736136175692,-0.0165561717004,0.0413652136922,-0.0303079858422,0.0169849991798,-0.0169943552464,0.0125078530982],[0.000161152507644,0.00552832055837,-0.000911614100914,-0.00823177397251,0.0151892537251,-0.0134103717282,0.0038214426022,0.00751097267494,-0.0303079858422,0.0548603385687,-0.0380634404719,0.022250097245,-0.00835808180273],[-0.0000914293632377,-0.0053559015505,0.000165202538483,0.0125491749495,-0.0180707275867,0.0109213190153,0.00178118422627,-0.010051141493,0.0169849991798,-0.0380634404719,0.0555211566389,-0.0295087452978,0.00746106402948],[-0.0000533560414624,0.00624535279348,-0.00239312462509,-0.00976355932653,0.0153431836516,-0.0071167210117,-0.00613535847515,0.0114586027339,-0.0169943552464,0.022250097245,-0.0295087452978,0.0464054532349,-0.0209267325699],[0.000292924931273,-0.00384188303724,0.00196249200962,0.00539041310549,-0.00656012492254,0.00307686370797,0.00260883918963,-0.00875575095415,0.0125078530982,-0.00835808180273,0.00746106402948,-0.0209267325699,0.0290613956749]],"mean":[-151.426391602,98.701461792,-35.5615196228,14.6118946075,-20.5676612854,-4.44283533096,-13.1145982742,-15.124797821,-13.0665836334,-7.34290552139,-8.17855644226,-6.00182008743,-10.8381671906]},"hfc":{"dmean":37.4416542053,"dmean2":56.7618026733,"dvar":16154.9345703,"dvar2":35730.3320312,"max":2533.80712891,"mean":64.6479110718,"median":21.4944458008,"min":1.21453751436e-16,"var":26701.4277344},"melbands":{"dmean":[0.000891343224794,0.0029242860619,0.00110313447658,0.000602428975981,0.000437180628069,0.0000926181746763,0.000102042940853,0.0000687865685904,0.0000478531255794,0.0000153949713422,0.0000130372764033,0.0000142466178659,0.0000183035172086,0.0000098458622233,0.0000127751845866,0.0000131692768264,0.00000935199841479,0.00000576063621338,0.0000027448511446,0.00000269186944024,0.00000263114907284,0.00000289970307676,0.00000256741191151,0.00000190797550204,0.00000201675788958,0.00000224142399929,0.00000188638205145,0.00000194105950868,0.00000173752437149,0.00000154789347562,0.00000124163432247,0.00000148691924551,0.00000116719115795,6.1146971575e-7,3.65285501402e-7,2.45474325311e-7,1.60383848424e-7,1.12338781832e-7,8.76017907103e-8,4.0792333067e-8],"dmean2":[0.00144558597822,0.00453678937629,0.00178171182051,0.000892156735063,0.00060244317865,0.000146863618284,0.000155163361342,0.000104451333755,0.0000810667334008,0.0000252805475611,0.0000208749443118,0.0000215135041799,0.0000277008930425,0.0000146358461279,0.0000191419276234,0.000020043898985,0.0000144105661093,0.00000922323670238,0.00000453137818113,0.00000449297249361,0.00000416355260313,0.00000457947771793,0.00000418624586018,0.00000316516116072,0.00000338683571499,0.00000381458903576,0.00000317370700031,0.00000334706305694,0.00000304763489112,0.00000274776834885,0.00000219883872887,0.00000260485376202,0.00000207287484955,0.00000107817595563,6.34917682873e-7,4.4037702196e-7,2.80240726624e-7,2.00080208401e-7,1.59267543154e-7,7.3058771477e-8],"dvar":[0.00000303719275507,0.0000327342895616,0.00000421848517362,0.00000333871616931,0.00000363567846762,7.74378037249e-8,1.86768602362e-7,7.85702454209e-8,1.07205906374e-7,5.04800823364e-9,2.79377387891e-9,3.7286884691e-9,2.31260983696e-8,1.66850588901e-9,3.15164050413e-9,4.1869827605e-9,2.69865929603e-9,6.07058014968e-10,1.57876892115e-10,2.47008941079e-10,2.99970936979e-10,3.19529458448e-10,1.65829641685e-10,1.20044085783e-10,1.39523753662e-10,1.75617964615e-10,1.18781040559e-10,2.24499904777e-10,1.19047577352e-10,1.03018475694e-10,7.11330092051e-11,1.43762279858e-10,6.9972132255e-11,1.40109703353e-11,4.27563930441e-12,1.86246526014e-12,7.53491127999e-13,5.32604667834e-13,7.03139640696e-13,3.17447382671e-14],"dvar2":[0.00000663535911372,0.0000703424811945,0.0000107020150608,0.0000064008731897,0.00000502263719682,1.76776822514e-7,3.64095598115e-7,1.74358589788e-7,2.88909518531e-7,1.21730119318e-8,7.18975323721e-9,7.70598962418e-9,3.84456662061e-8,3.34461569551e-9,7.30142746264e-9,9.73877067878e-9,6.45454223402e-9,1.39302358537e-9,4.03961503137e-10,6.56317999947e-10,6.71905753258e-10,6.92180368578e-10,4.02122363186e-10,2.88633172918e-10,3.57287477382e-10,4.38840769279e-10,2.90377666357e-10,6.19802653645e-10,3.0792179917e-10,2.62430077669e-10,1.79005824053e-10,3.88504228788e-10,1.92701049562e-10,3.86723188195e-11,1.14971634643e-11,5.10809363558e-12,2.03580620244e-12,1.52026817784e-12,2.05949320098e-12,8.95753875805e-14],"max":[0.0371201448143,0.0696622058749,0.0294018257409,0.0379952006042,0.0527791306376,0.00571518391371,0.0152955651283,0.00606273766607,0.00876859761775,0.00263272644952,0.0011472402839,0.00222030072473,0.0079168882221,0.00112109270412,0.00148332747631,0.00140682875644,0.00158313463908,0.000479598151287,0.000263973459369,0.000452702195616,0.000676567549817,0.0006655176403,0.000276577658951,0.000377265299903,0.000304737390252,0.000257903011516,0.000244693190325,0.00047835931764,0.000196020962903,0.00020444560505,0.000192073348444,0.000353233364876,0.000210998594412,0.0000847902629175,0.0000469625847472,0.0000329931463057,0.0000199923506443,0.0000226765514526,0.0000293369612336,0.00000465117364001],"mean":[0.00148524309043,0.00456019351259,0.00183726369869,0.00101320282556,0.000675209739711,0.000141734883073,0.000140062373248,0.0000939552555792,0.0000454057553725,0.0000183512311196,0.0000153561559273,0.0000181465275091,0.0000246789622906,0.0000131720225909,0.0000145094336403,0.000014051674043,0.00000929761881707,0.00000560454009246,0.00000261178911387,0.00000262437492893,0.00000260379101746,0.00000274788499155,0.00000228235990107,0.00000170854571024,0.00000174727188096,0.00000197614372155,0.00000158452667165,0.00000153181372298,0.00000138134907957,0.00000122766027744,9.77880517894e-7,0.00000105837159481,8.51500317367e-7,4.59571964484e-7,2.78886830074e-7,1.82303537599e-7,1.2137635963e-7,8.53176587157e-8,6.39643573663e-8,3.39205818989e-8],"median":[0.000497254775837,0.00144784082659,0.000712574692443,0.000231882353546,0.0000897971040104,0.0000381959980587,0.0000224694304052,0.0000140951378853,0.00000554509733774,0.00000276131186183,0.00000221680647883,0.00000222425978791,0.00000194935046238,0.00000112474435809,9.77808667812e-7,0.00000107531468529,7.29881321604e-7,4.8000310926e-7,2.94924973332e-7,2.16199026681e-7,1.47899356762e-7,1.34331372692e-7,1.23576228361e-7,1.02002033486e-7,8.9180929308e-8,7.67790098166e-8,6.06558572258e-8,5.05059851719e-8,4.47554953098e-8,3.76675650671e-8,3.26292877162e-8,2.89746715509e-8,2.50731559959e-8,2.03050198877e-8,1.44390650547e-8,1.14824754149e-8,9.14642406258e-9,7.48812034601e-9,6.0422005177e-9,4.91995377772e-9],"min":[5.84512640839e-24,4.51495703861e-24,1.23462419354e-23,4.19368278534e-24,1.60969690673e-24,6.17517831695e-24,6.28863702551e-24,8.99589602841e-24,9.48674106085e-24,2.73572481201e-23,4.036185049e-23,8.82036264408e-24,6.20604447202e-24,1.25508267003e-23,7.26371998589e-24,7.57474259727e-24,1.44205067206e-23,1.0733533355e-23,4.56905041417e-24,4.07611963349e-24,1.05813226433e-23,1.3098667722e-23,1.37277637835e-23,5.80056483914e-24,5.4728743857e-24,1.09372456397e-23,9.02474151627e-24,2.15099397224e-23,1.0524945121e-23,1.10413279475e-23,1.58196446216e-23,1.1609837125e-23,1.41975241417e-23,1.27910309016e-23,6.48773999596e-24,6.72152957484e-24,8.98415304497e-24,9.50273206026e-24,8.16625732527e-24,7.82785414073e-24],"var":[0.00000592129845245,0.0000660054720356,0.00000923074640014,0.00000788163106336,0.00000867614562594,1.37265544708e-7,3.33724159418e-7,1.59829355084e-7,8.46045509206e-8,6.26994811626e-9,3.14099413146e-9,6.60578436396e-9,5.13650171285e-8,3.6735587905e-9,4.60194859997e-9,5.16821119234e-9,2.91272450603e-9,6.92887636156e-10,1.42332229336e-10,2.18250820194e-10,3.84857978819e-10,3.83315351682e-10,1.62599197995e-10,1.28033597613e-10,1.25125881878e-10,1.6574140671e-10,1.07398853699e-10,1.53113813295e-10,9.37149802205e-11,8.29985941087e-11,5.67498444071e-11,9.74816199983e-11,4.70259664542e-11,9.8195965248e-12,3.13466180096e-12,1.29556781969e-12,5.48770935378e-13,3.47337230592e-13,3.98160101894e-13,2.23134228108e-14]},"melbands_crest":{"dmean":3.69793462753,"dmean2":6.06117200851,"dvar":11.1879405975,"dvar2":27.7860355377,"max":38.6322479248,"mean":19.8335914612,"median":19.8741645813,"min":1.98884141445,"var":31.7934360504},"melbands_flatness_db":{"dmean":0.0625785514712,"dmean2":0.0994737818837,"dvar":0.00274863280356,"dvar2":0.00698000006378,"max":0.687021374702,"mean":0.368542015553,"median":0.375471323729,"min":0.00649605598301,"var":0.0132656935602},"melbands_kurtosis":{"dmean":31.9183807373,"dmean2":52.4405899048,"dvar":1704.10290527,"dvar2":4388.30029297,"max":669.768859863,"mean":62.501789093,"median":43.0902328491,"min":-1.87251567841,"var":4737.21484375},"melbands_skewness":{"dmean":1.52672243118,"dmean2":2.47418570518,"dvar":2.07527089119,"dvar2":5.25064516068,"max":19.7672901154,"mean":4.63866853714,"median":4.33561229706,"min":-1.34474635124,"var":7.59838867188},"melbands_spread":{"dmean":2.77995181084,"dmean2":4.43572998047,"dvar":57.5410766602,"dvar2":146.019638062,"max":310.731140137,"mean":13.0030164719,"median":2.21201515198,"min":0.252158433199,"var":2248.13183594},"mfcc":{"cov":[[17552.7207031,2679.52929688,-729.334228516,348.427703857,-648.44519043,115.315887451,-386.975341797,-250.039291382,-470.054443359,-178.757049561,-107.168586731,-74.9484176636,-136.007415771],[2679.52929688,2291.72485352,511.701721191,187.293563843,142.561813354,111.873268127,54.4642066956,-77.192527771,-98.019744873,-58.4547462463,-34.7160186768,-35.1029853821,-24.7874488831],[-729.334228516,511.701721191,533.66204834,153.824539185,189.306854248,61.3747253418,86.7274169922,46.2385025024,47.5133323669,19.6197929382,-1.36389434338,-1.94528615475,11.3164138794],[348.427703857,187.293563843,153.824539185,231.677886963,92.6514282227,74.9914627075,35.2846183777,43.6302146912,21.6903514862,27.940782547,15.1044244766,4.36039209366,3.68923211098],[-648.44519043,142.561813354,189.306854248,92.6514282227,200.477523804,70.0283432007,92.817527771,55.630657196,61.727230072,42.2054405212,21.3355484009,18.1977939606,15.9193544388],[115.315887451,111.873268127,61.3747253418,74.9914627075,70.0283432007,123.605323792,70.7080993652,41.9554176331,21.6417484283,16.8160610199,9.17426395416,7.02127504349,4.88181781769],[-386.975341797,54.4642066956,86.7274169922,35.2846183777,92.817527771,70.7080993652,122.910972595,67.3926467896,55.8384017944,30.5010318756,11.9195871353,15.2996273041,13.8078336716],[-250.039291382,-77.192527771,46.2385025024,43.6302146912,55.630657196,41.9554176331,67.3926467896,105.951499939,69.2745361328,37.0608291626,22.7433834076,17.0157318115,21.8564529419],[-470.054443359,-98.019744873,47.5133323669,21.6903514862,61.727230072,21.6417484283,55.8384017944,69.2745361328,98.6046447754,57.1159210205,27.4171123505,20.4067573547,19.3893547058],[-178.757049561,-58.4547462463,19.6197929382,27.940782547,42.2054405212,16.8160610199,30.5010318756,37.0608291626,57.1159210205,80.4831008911,49.1522827148,26.424243927,17.0609207153],[-107.168586731,-34.7160186768,-1.36389434338,15.1044244766,21.3355484009,9.17426395416,11.9195871353,22.7433834076,27.4171123505,49.1522827148,66.94556427,38.0195732117,16.5276584625],[-74.9484176636,-35.1029853821,-1.94528615475,4.36039209366,18.1977939606,7.02127504349,15.2996273041,17.0157318115,20.4067573547,26.424243927,38.0195732117,52.5261955261,27.771024704],[-136.007415771,-24.7874488831,11.3164138794,3.68923211098,15.9193544388,4.88181781769,13.8078336716,21.8564529419,19.3893547058,17.0609207153,16.5276584625,27.771024704,46.6015396118]],"icov":[[0.000146821505041,-0.000257556617726,0.000375425122911,-0.000358453864465,0.000443461729446,-0.000213145976886,0.000346104759956,-0.000389758148231,0.000332316703862,-0.000430439802585,0.000517833977938,-0.00045877759112,0.000288868555799],[-0.000257556617726,0.0011286950903,-0.00131501711439,0.000461683375761,-0.000685349281412,-0.0000242081368924,-0.000990720815025,0.00139613077044,0.000136432427098,0.000939784629736,-0.00123362836894,0.0010524695972,-0.000583639019169],[0.000375425122911,-0.00131501711439,0.00481801526621,-0.00226805103011,-0.00150615442544,0.000821996247396,0.000297744380077,-0.000982594443485,-0.00032038349309,-0.000232786289416,0.00163672689814,-0.000283250643406,0.0000136660992212],[-0.000358453864465,0.000461683375761,-0.00226805103011,0.00827790144831,-0.00285756331868,-0.00324694742449,0.00292561436072,-0.00248478353024,0.00145701412112,-0.00163049227558,-0.000545403221622,0.000845483213197,0.000389983673813],[0.000443461729446,-0.000685349281412,-0.00150615442544,-0.00285756331868,0.0131314424798,-0.00206576078199,-0.00415870267898,0.00110318546649,-0.00220074225217,-0.00187478028238,0.000778260990046,-0.00212367996573,0.000558660074603],[-0.000213145976886,-0.0000242081368924,0.000821996247396,-0.00324694742449,-0.00206576078199,0.015797117725,-0.00857564993203,-0.000937901844736,0.00236420077272,0.000691600434948,-0.00136822985951,0.00107739388477,0.0000604726665188],[0.000346104759956,-0.000990720815025,0.000297744380077,0.00292561436072,-0.00415870267898,-0.00857564993203,0.0229490045458,-0.00920587964356,-0.00159353588242,-0.00294258259237,0.00603725621477,-0.00523021211848,0.00273211114109],[-0.000389758148231,0.00139613077044,-0.000982594443485,-0.00248478353024,0.00110318546649,-0.000937901844736,-0.00920587964356,0.0259363744408,-0.0147709427401,0.00699641741812,-0.00745119899511,0.00584672484547,-0.00693215895444],[0.000332316703862,0.000136432427098,-0.00032038349309,0.00145701412112,-0.00220074225217,0.00236420077272,-0.00159353588242,-0.0147709427401,0.0331146791577,-0.0191082768142,0.00825694017112,-0.00390836689621,0.00152720580809],[-0.000430439802585,0.000939784629736,-0.000232786289416,-0.00163049227558,-0.00187478028238,0.000691600434948,-0.00294258259237,0.00699641741812,-0.0191082768142,0.0388340801001,-0.025170776993,0.00768533302471,-0.00433203065768],[0.000517833977938,-0.00123362836894,0.00163672689814,-0.000545403221622,0.000778260990046,-0.00136822985951,0.00603725621477,-0.00745119899511,0.00825694017112,-0.025170776993,0.0449790619314,-0.0266257300973,0.00777853094041],[-0.00045877759112,0.0010524695972,-0.000283250643406,0.000845483213197,-0.00212367996573,0.00107739388477,-0.00523021211848,0.00584672484547,-0.00390836689621,0.00768533302471,-0.0266257300973,0.0474567301571,-0.0213822312653],[0.000288868555799,-0.000583639019169,0.0000136660992212,0.000389983673813,0.000558660074603,0.0000604726665188,0.00273211114109,-0.00693215895444,0.00152720580809,-0.00433203065768,0.00777853094041,-0.0213822312653,0.0351355262101]],"mean":[-813.875854492,156.237869263,39.3706626892,36.4064559937,13.7135515213,19.4042186737,7.02313089371,3.55104207993,-2.47004580498,-0.430059611797,0.375883430243,-0.54008358717,-1.60845983028]},"pitch_salience":{"dmean":0.096177905798,"dmean2":0.156679138541,"dvar":0.00705932220444,"dvar2":0.0180556047708,"max":0.916580021381,"mean":0.466681927443,"median":0.482139080763,"min":0.06727899611,"var":0.0224381517619},"silence_rate_20dB":{"dmean":0.0014886490535,"dmean2":0.00297840661369,"dvar":0.00148639152758,"dvar2":0.00371396471746,"max":1,"mean":0.998883903027,"median":1,"min":0,"var":0.00111479312181},"silence_rate_30dB":{"dmean":0.0349832512438,"dmean2":0.069992557168,"dvar":0.0337580814958,"dvar2":0.0755174905062,"max":1,"mean":0.942336320877,"median":1,"min":0,"var":0.0543393567204},"silence_rate_60dB":{"dmean":0.0320059545338,"dmean2":0.064035743475,"dvar":0.0309812910855,"dvar2":0.0770621374249,"max":1,"mean":0.208705350757,"median":0,"min":0,"var":0.16514994204},"spectral_centroid":{"dmean":151.37727356,"dmean2":241.663467407,"dvar":64104.9023438,"dvar2":131913.328125,"max":10834.2451172,"mean":615.26739502,"median":289.413787842,"min":112.441841125,"var":1169274.375},"spectral_complexity":{"dmean":2.19724607468,"dmean2":3.5309009552,"dvar":16.5023193359,"dvar2":37.2492027283,"max":55,"mean":5.80729150772,"median":5,"min":0,"var":39.3771820068},"spectral_contrast_coeffs":{"dmean":[0.0577922984958,0.0506065152586,0.0355581268668,0.0378001220524,0.0337321311235,0.0308319870383],"dmean2":[0.0937533825636,0.0842782258987,0.0588424690068,0.0607560202479,0.0544982403517,0.0498503111303],"dvar":[0.00219540367834,0.00170317257289,0.000815877807327,0.00100962806027,0.000821601133794,0.00101433764212],"dvar2":[0.00554103963077,0.00463161431253,0.00218622479588,0.00255126389675,0.00209749350324,0.00237760762684],"max":[-0.24799951911,-0.50307071209,-0.613326072693,-0.543950855732,-0.683175325394,-0.578674912453],"mean":[-0.642265439034,-0.788389503956,-0.857114911079,-0.868977427483,-0.888604402542,-0.821739315987],"median":[-0.64631909132,-0.78971862793,-0.862797796726,-0.876327037811,-0.893172740936,-0.840368747711],"min":[-0.965279817581,-0.972072482109,-0.966840803623,-0.984235942364,-0.973411560059,-0.959021687508],"var":[0.0129429074004,0.00620903307572,0.00307375541888,0.00360496062785,0.00241859117523,0.00290719326586]},"spectral_contrast_valleys":{"dmean":[0.478125602007,0.535141646862,0.556357979774,0.627897143364,0.698176085949,0.659372091293],"dmean2":[0.780505657196,0.870837450027,0.896843612194,1.01436626911,1.12157487869,1.07774114609],"dvar":[0.204142585397,0.22678385675,0.263505399227,0.318160384893,0.389963716269,0.35518720746],"dvar2":[0.463361144066,0.502802729607,0.599891960621,0.758924782276,0.952181875706,0.866856217384],"max":[-4.72446918488,-4.68521499634,-5.52188587189,-5.56435966492,-5.13120079041,-8.01650428772],"mean":[-7.6810593605,-7.91036319733,-8.71598339081,-9.237449646,-9.28421497345,-11.7037668228],"median":[-7.09899520874,-7.41891670227,-8.3281955719,-8.90884971619,-9.02610969543,-11.5192775726],"min":[-26.9968109131,-26.6985912323,-27.5146617889,-26.9087753296,-27.1873645782,-27.242685318],"var":[4.99230289459,4.00303268433,3.44025421143,3.09850740433,2.83612179756,1.9760696888]},"spectral_decrease":{"dmean":3.20452286928e-9,"dmean2":4.95278573709e-9,"dvar":3.14640115902e-17,"dvar2":6.69943901321e-17,"max":1.8465027285e-9,"mean":-6.56263310361e-9,"median":-3.49611273265e-9,"min":-7.72396830939e-8,"var":8.32183268549e-17},"spectral_energy":{"dmean":0.0143321529031,"dmean2":0.021868955344,"dvar":0.000755821063649,"dvar2":0.0016091237776,"max":0.483609855175,"mean":0.0306326635182,"median":0.016182936728,"min":1.08516087805e-20,"var":0.00194410269614},"spectral_energyband_high":{"dmean":0.000577283266466,"dmean2":0.000965754501522,"dvar":0.00000960394299909,"dvar2":0.0000222587987082,"max":0.0788134336472,"mean":0.000528259668499,"median":0.0000192131628864,"min":7.96192035738e-21,"var":0.0000101809246189},"spectral_energyband_low":{"dmean":0.0104678655043,"dmean2":0.0163861159235,"dvar":0.000365930085536,"dvar2":0.000790811143816,"max":0.245113089681,"mean":0.0189036671072,"median":0.00824892148376,"min":3.94347969314e-23,"var":0.000825347728096},"spectral_energyband_middle_high":{"dmean":0.000654876814224,"dmean2":0.000978991622105,"dvar":0.00000750791696191,"dvar2":0.0000138894856718,"max":0.0964107364416,"mean":0.000858616258483,"median":0.0000915791169973,"min":1.36996255568e-21,"var":0.0000151664826262},"spectral_energyband_middle_low":{"dmean":0.00481993658468,"dmean2":0.00701824855059,"dvar":0.000146043297718,"dvar2":0.000258033396676,"max":0.264955192804,"mean":0.00967246666551,"median":0.00350017100573,"min":4.61965882314e-22,"var":0.000424039317295},"spectral_entropy":{"dmean":0.538507759571,"dmean2":0.868527293205,"dvar":0.220760405064,"dvar2":0.568970799446,"max":9.800365448,"mean":6.82997512817,"median":6.84318161011,"min":4.30487728119,"var":0.782536447048},"spectral_flux":{"dmean":0.0344939976931,"dmean2":0.0583361238241,"dvar":0.00213814643212,"dvar2":0.00567072303966,"max":0.586465299129,"mean":0.0740514397621,"median":0.0583093762398,"min":1.04171053728e-10,"var":0.00446312269196},"spectral_kurtosis":{"dmean":8.83952140808,"dmean2":14.9375753403,"dvar":126.136642456,"dvar2":338.997589111,"max":115.937408447,"mean":16.7960147858,"median":12.8116588593,"min":-1.19664669037,"var":172.663024902},"spectral_rms":{"dmean":0.00107772822957,"dmean2":0.00162790785544,"dvar":0.00000220322999667,"dvar2":0.00000449551362181,"max":0.0217212922871,"mean":0.00441237352788,"median":0.00397344026715,"min":3.2537570728e-12,"var":0.0000104164973891},"spectral_rolloff":{"dmean":2993.66967773,"dmean2":5755.68408203,"dvar":47043500,"dvar2":115800176,"max":22050,"mean":4466.18994141,"median":247.631835938,"min":21.533203125,"var":65059168},"spectral_skewness":{"dmean":0.819984376431,"dmean2":1.35663342476,"dvar":0.723016619682,"dvar2":1.9466496706,"max":9.07618427277,"mean":3.05895853043,"median":2.8339111805,"min":0.0196102578193,"var":1.49150979519},"spectral_spread":{"dmean":934334.625,"dmean2":1512539.625,"dvar":870356156416,"dvar2":1862690013180,"max":40663264,"mean":5045654.5,"median":4808943,"min":1330797.875,"var":5270924165120},"spectral_strongpeak":{"dmean":0.711939573288,"dmean2":1.21710133553,"dvar":27.95885849,"dvar2":72.6400985718,"max":131.511016846,"mean":0.837949872017,"median":0.334458947182,"min":0,"var":22.3560218811},"zerocrossingrate":{"dmean":0.0374824441969,"dmean2":0.0466374047101,"dvar":0.00145533145405,"dvar2":0.00216543790884,"max":0.705078125,"mean":0.167368754745,"median":0.1376953125,"min":0.01025390625,"var":0.0132889887318}},"metadata":{"audio_properties":{"analysis_sample_rate":44100,"bit_rate":320000,"codec":"mp3","downmix":"mix","equal_loudness":0,"length":62.3814735413,"lossless":false,"md5_encoded":"d8a2d9f371d61809d6cf251578a041b3","replay_gain":-3.41027450562,"sample_rate":44100},"tags":{"album":["Van Halen II"],"albumartist":["Van Halen"],"albumartistsort":["Van Halen"],"artist":["Van Halen"],"artistsort":["Van Halen"],"asin":["B00004Y6O8"],"catalognumber":["WB 56 616"],"composer":["Alex Van Halen/David Lee Roth/Eddie Van Halen/Michael Anthony"],"date":["1979"],"discnumber":["1/1"],"file_name":"07. Van Halen - Spanish Fly.mp3","genre":["Classic Rock"],"label":["Warner Bros. Records"],"length":["62360"],"musicbrainz album release country":["US"],"musicbrainz album status":["official"],"musicbrainz album type":["album"],"musicbrainz_albumartistid":["b665b768-0d83-4363-950c-31ed39317c15"],"musicbrainz_albumid":["a9e62245-3166-47c0-aa3d-b1f5d9dc7922"],"musicbrainz_artistid":["b665b768-0d83-4363-950c-31ed39317c15"],"musicbrainz_recordingid":["50d92bd2-7ea7-4901-842c-a0f7367d1c04"],"musicip_puid":["5d517aa1-6b51-aa33-179f-4adddbb8a44f"],"title":["Spanish Fly"],"tracknumber":["7/10"]},"version":{"essentia":"2.1-beta1","essentia_build_sha":"ca57ba49d9b1854bd80e60cf9ccf267278fb7d6b","essentia_git_sha":"v2.1_beta1-28-g21ef5f4-dirty","extractor":"music 1.0"}},"rhythm":{"beats_count":131,"beats_loudness":{"dmean":0.03805552423,"dmean2":0.0697691068053,"dvar":0.00318127730861,"dvar2":0.00994067825377,"max":0.378570973873,"mean":0.0463351532817,"median":0.0293464623392,"min":4.01028055208e-9,"var":0.00339796487242},"beats_loudness_band_ratio":{"dmean":[0.199064746499,0.159587085247,0.0338443592191,0.0199099499732,0.00959340389818,0.0755102857947],"dmean2":[0.34877589345,0.275067955256,0.0596202164888,0.0369182452559,0.0180931370705,0.135943576694],"dvar":[0.0361470729113,0.0327623300254,0.00274409120902,0.00135446584318,0.000783200375736,0.00720230350271],"dvar2":[0.095408603549,0.0930743068