{"lowlevel":{"average_loudness":0.787960231304,"barkbands":{"dmean":[0.0000997849419946,0.000876865873579,0.00148144306149,0.00121981021948,0.00107107695658,0.000682317768224,0.000950444955379,0.00062974303728,0.000551304488908,0.000375606730813,0.000403772573918,0.000451086758403,0.000364442559658,0.000469606922707,0.000558482191991,0.00112803361844,0.000520805770066,0.0001900504285,0.000128213156131,0.0000748091115383,0.0000359031037078,0.0000209151276067,0.0000100232564364,0.00000658345106785,0.00000343930605595,0.00000101564728539,8.75359305041e-8],"dmean2":[0.000136068309075,0.00142680958379,0.0025894693099,0.00205833767541,0.00175762583967,0.00107965816278,0.00152806716505,0.000982219353318,0.000870067276992,0.000598108337726,0.000629206886515,0.000707360799424,0.000581543659791,0.000752903986722,0.000902898202185,0.00177318765782,0.000820139073767,0.000300515326671,0.000200243783183,0.00011221395107,0.0000521904439665,0.000029014172469,0.0000145425201481,0.00000932024704525,0.00000482339373775,0.00000146466129536,1.35418972036e-7],"dvar":[2.56704169033e-8,0.00000145318074374,0.00000598312544753,0.00000428328712587,0.00000327120983457,0.00000168063900219,0.00000429237798016,0.00000274502349384,0.00000209402764995,0.0000010821675005,0.00000167177290678,0.00000158598459166,5.92821209011e-7,5.38639540082e-7,0.00000115512898446,0.00000404684578825,8.33319745652e-7,7.81652289561e-8,3.30604343901e-8,1.54104284888e-8,3.43739503528e-9,1.46313483551e-9,3.49504258867e-10,2.11739403788e-10,5.67540806018e-11,7.28291732477e-12,5.56510946267e-14],"dvar2":[4.69598084862e-8,0.00000385192561225,0.0000169566410477,0.0000112994057417,0.00000844681653689,0.00000401804027206,0.000010681475942,0.00000634903517494,0.00000529504268343,0.00000248092646871,0.000004281720976,0.00000382863299819,0.00000145049466482,0.00000132592629143,0.00000302989587908,0.00000962475678534,0.00000187723742329,1.88011171076e-7,7.73797239617e-8,3.3524177212e-8,7.05773439691e-9,2.77382472547e-9,7.20451642788e-10,4.21605889089e-10,1.04746232521e-10,1.32370928455e-11,1.24043882262e-13],"max":[0.00199443497695,0.015656022355,0.0286800041795,0.0377529934049,0.0350830480456,0.0309691820294,0.0461533814669,0.0336386151612,0.0408844202757,0.0348125994205,0.0368442311883,0.0322653129697,0.0191285740584,0.0145655516535,0.0255260597914,0.0345712713897,0.0197057221085,0.00687597878277,0.00393925234675,0.00302162836306,0.00161671696696,0.00107145612128,0.000422432553023,0.000328019435983,0.000207931399927,0.00011716177687,0.0000036743435885],"mean":[0.000117167255667,0.00172352639493,0.00203913892619,0.00167998892721,0.00173508073203,0.0011502871057,0.00142451573629,0.00104984897189,0.000948149187025,0.000643982901238,0.000651490641758,0.000776052416768,0.000631510454696,0.000845677626785,0.00102413492277,0.00220616231672,0.00108707917389,0.00044354898273,0.000312562799081,0.000145722646266,0.0000731531981728,0.0000405175378546,0.0000212575141632,0.0000137344131872,0.00000674718194205,0.00000201666898647,1.7900403293e-7],"median":[0.0000234330582316,0.00119940226432,0.00117413292173,0.000986070022918,0.000936429831199,0.000552742567379,0.000581718399189,0.000338492391165,0.00027780936216,0.000186172415852,0.000186906734598,0.000295650708722,0.00030014742515,0.00050208135508,0.000561594730243,0.00101217580959,0.000583383138292,0.000254356360529,0.000188510064618,0.0000838981795823,0.0000429619758506,0.0000203184154088,0.0000106482293631,0.00000510494965056,0.00000312593692797,9.03632155769e-7,1.10306515921e-7],"min":[1.02661983497e-24,2.44516864461e-24,1.95804190804e-24,2.30214224604e-24,1.81504808942e-23,1.18890433983e-23,9.09391751791e-24,1.46018405992e-23,2.86074096391e-23,2.92196224996e-23,2.75671860951e-23,3.13628629157e-23,2.91212452338e-23,3.35190059409e-23,5.36164965234e-23,7.28551289948e-23,1.03953054553e-22,1.27549708075e-22,1.19628711549e-22,2.18398905779e-22,2.88349133376e-22,3.33074618451e-22,4.66746303669e-22,6.38266727326e-22,9.33092850496e-22,1.39925951179e-21,2.03451695565e-21],"var":[4.16929317737e-8,0.00000304471723211,0.00000735893672754,0.00000517279841006,0.00000716477688911,0.00000344827367371,0.00000713804820407,0.0000066169427555,0.00000500629130329,0.00000252966992775,0.00000339603025168,0.00000291787773676,0.00000157969907377,0.00000110971529921,0.00000203504964702,0.00000975222519628,0.0000021637554255,2.73167842124e-7,1.40407721005e-7,4.0268101742e-8,1.02980655114e-8,3.71402530952e-9,9.88357728993e-10,6.69324984326e-10,1.50048973246e-10,1.82765382689e-11,6.69190045174e-14]},"barkbands_crest":{"dmean":2.14375019073,"dmean2":3.548173666,"dvar":3.84845852852,"dvar2":10.1205644608,"max":21.6048908234,"mean":7.85305213928,"median":7.19040679932,"min":2.46666693687,"var":9.81921195984},"barkbands_flatness_db":{"dmean":0.0166769120842,"dmean2":0.0248572845012,"dvar":0.000243940739892,"dvar2":0.000536977953743,"max":0.334003180265,"mean":0.131168320775,"median":0.127879500389,"min":0.0395754687488,"var":0.00130591355264},"barkbands_kurtosis":{"dmean":1.55549275875,"dmean2":2.53886556625,"dvar":17.299041748,"dvar2":48.6214179993,"max":96.4827041626,"mean":1.12746155262,"median":-0.746615886688,"min":-1.88459324837,"var":47.5395240784},"barkbands_skewness":{"dmean":0.463731974363,"dmean2":0.712788939476,"dvar":0.224123984575,"dvar2":0.536638021469,"max":7.51352214813,"mean":0.621011257172,"median":0.473596453667,"min":-3.65069746971,"var":1.28508651257},"barkbands_spread":{"dmean":4.47955274582,"dmean2":6.90477514267,"dvar":19.000535965,"dvar2":43.4462127686,"max":127.037696838,"mean":25.6260051727,"median":26.0373649597,"min":0.988896667957,"var":121.791534424},"dissonance":{"dmean":0.0135897705331,"dmean2":0.0229192487895,"dvar":0.000192105842871,"dvar2":0.00051721528871,"max":0.5,"mean":0.476077586412,"median":0.481267005205,"min":0.29479944706,"var":0.000427897582995},"dynamic_complexity":3.77268481255,"erbbands":{"dmean":[0.024990266189,0.219690948725,1.22696590424,3.4522819519,2.99410605431,4.10215473175,5.19134712219,5.80677747726,8.80187797546,16.8031902313,13.9394598007,11.622051239,11.466588974,14.6042842865,13.0551967621,17.6973686218,15.111574173,23.1431865692,24.4442119598,41.3785400391,57.3885231018,25.3601341248,10.9797086716,7.45943641663,5.83893060684,3.23554849625,1.89019656181,1.1789804697,0.801410853863,0.524590909481,0.237925097346,0.175564184785,0.0892307907343,0.0472555421293,0.0197906047106,0.007294584997,0.00126597145572,0.000155988251208,0.0000171307110577,0.00000719715535524],"dmean2":[0.0401352643967,0.361823678017,2.1279194355,5.85700798035,4.98611354828,6.83374214172,8.35008811951,9.18814086914,14.2162828445,26.7552661896,21.5770950317,18.5149536133,17.8851318359,23.0142421722,20.4050121307,27.6425533295,23.8131351471,36.9936904907,38.9069633484,64.6284561157,90.2889633179,39.8579368591,17.0904808044,11.6970329285,9.0028553009,4.79382419586,2.73385286331,1.73219382763,1.12063920498,0.739993989468,0.341296285391,0.250176995993,0.127151340246,0.0669211298227,0.0280969683081,0.0104527231306,0.00183696800377,0.000233571103308,0.0000260349588643,0.0000109394295578],"dvar":[0.00132630148437,0.0970503538847,3.95595002174,31.7814693451,27.3256149292,55.4987831116,146.002166748,150.603317261,288.020843506,1635.58850098,1576.32983398,1233.56787109,1156.7142334,1353.11462402,1435.4810791,2644.92895508,1006.24761963,1622.78857422,1732.29956055,5824.44384766,11596.4707031,1682.24719238,267.689941406,116.816184998,75.1724853516,27.1417140961,8.98466968536,5.63273763657,2.23671674728,0.954773902893,0.207509055734,0.140968456864,0.0437322445214,0.0104432683438,0.00224973540753,0.000392026617192,0.00000796517815616,1.5093547745e-7,1.78669445905e-9,7.57737761425e-11],"dvar2":[0.00354166841134,0.254235982895,11.1915369034,84.75365448,69.2552261353,149.21043396,351.717559814,349.540740967,739.618652344,3876.47045898,3646.00952148,3178.984375,2657.35717773,3385.87426758,3582.79711914,6402.73339844,2457.62841797,3953.21582031,4218.89160156,14339.1542969,28154.8984375,3989.6027832,639.278625488,284.09487915,176.817672729,56.9467582703,18.0216388702,11.9137573242,4.3604092598,1.89631295204,0.429573178291,0.286377280951,0.08956836164,0.0187907330692,0.00432356167585,0.000726241560187,0.0000159557657753,3.29277838773e-7,4.00305300019e-9,1.6871107289e-10],"max":[0.351063668728,4.33098983765,25.3203926086,89.8793640137,125.872322083,147.027862549,330.682830811,325.614593506,357.599609375,1099.0657959,901.799560547,1178.06555176,907.829406738,1683.00097656,1633.88244629,1393.7019043,865.839538574,870.110839844,653.999816895,1298.28466797,2070.68530273,888.41217041,456.833465576,236.643325806,190.924438477,144.895187378,75.3278121948,70.7091522217,43.3943367004,24.0411472321,11.054432869,10.9935865402,5.44221258163,2.41740989685,1.67495346069,0.893190920353,0.0744564682245,0.00641354871914,0.000623689673375,0.000134893649374],"mean":[0.0418389253318,0.432926744223,1.863697052,5.11518859863,4.04877233505,6.56974315643,8.80321311951,9.71386909485,13.9828748703,25.7552566528,24.5957584381,20.3691883087,21.3355922699,26.3442306519,24.582611084,32.0493011475,30.3402385712,43.0122947693,46.800239563,86.5579833984,111.094726562,58.5241889954,28.7796287537,19.2981891632,13.6866893768,6.78232431412,3.71865415573,2.39120936394,1.55313003063,1.0248323679,0.523658216,0.368961006403,0.177909329534,0.0907611846924,0.0385309234262,0.0146577237174,0.00247772247531,0.0002836753265,0.0000411253895436,0.0000273529039987],"median":[0.0273170117289,0.308649122715,1.1666918993,3.38011002541,2.35476613045,3.30329942703,3.63247871399,4.69282674789,6.97022104263,9.58514022827,7.97994756699,6.3095459938,6.71767473221,9.12870979309,9.77816867828,12.8317222595,16.0821380615,24.7723255157,28.8907585144,44.5595588684,53.0687332153,35.584236145,17.3119258881,11.4822998047,8.4143743515,4.09924173355,2.21601319313,1.29925560951,0.778512239456,0.51341688633,0.25223082304,0.140081122518,0.0683122575283,0.0394516959786,0.0176884513348,0.00663480069488,0.00112473289482,0.00013583303371,0.0000291072810796,0.0000238562879531],"min":[9.7586227607e-23,6.11983649012e-22,3.6263517275e-21,6.51576550077e-21,2.12673224587e-20,6.54752745915e-20,9.42702653574e-20,9.76151704971e-20,1.32857110022e-19,3.14337137221e-19,2.15241468524e-19,7.3860316573e-19,6.63606732095e-19,9.05690392442e-19,8.51347262835e-19,1.81785285279e-18,1.98159780454e-18,1.90776841935e-18,2.8379702413e-18,4.3350525855e-18,5.45687203711e-18,6.55403695698e-18,7.48177584865e-18,7.12251724655e-18,6.28783369225e-18,1.06953394412e-17,1.05921370792e-17,1.25628055531e-17,1.29700513841e-17,1.40210273658e-17,1.29307495517e-17,1.0193522878e-17,9.20010543206e-18,9.35478737943e-18,6.38825465938e-18,4.57359658491e-18,2.53133790374e-18,1.11546101764e-18,2.77207998053e-19,2.6925756452e-20],"var":[0.00209587346762,0.194531992078,5.25939750671,39.9582099915,29.8601455688,136.163421631,362.321228027,310.315582275,441.220397949,2938.3762207,4154.56591797,2630.33837891,2835.98364258,3268.0456543,3180.1965332,4987.53955078,3075.5769043,3347.19604492,3526.53149414,14455.4951172,24186.1523438,5036.06787109,1077.48181152,535.335388184,276.507446289,78.7822570801,25.1477851868,15.1418638229,5.60314178467,2.33432030678,0.637078523636,0.464724451303,0.115372546017,0.0278158877045,0.0055105984211,0.000990468426608,0.0000178409209184,2.22419515694e-7,2.38773534278e-9,3.27464305672e-10]},"erbbands_crest":{"dmean":2.85494470596,"dmean2":4.64244699478,"dvar":7.62297821045,"dvar2":18.8709392548,"max":32.2568778992,"mean":10.0923242569,"median":8.99880218506,"min":2.09903311729,"var":21.5066776276},"erbbands_flatness_db":{"dmean":0.0169870331883,"dmean2":0.0246413759887,"dvar":0.000265263020992,"dvar2":0.000514610670507,"max":0.420477181673,"mean":0.194803014398,"median":0.199247807264,"min":0.0217813961208,"var":0.0018545628991},"erbbands_kurtosis":{"dmean":1.38109540939,"dmean2":2.14584827423,"dvar":4.98613643646,"dvar2":11.8104400635,"max":43.0829353333,"mean":1.37805199623,"median":0.28006362915,"min":-1.74878513813,"var":11.7188262939},"erbbands_skewness":{"dmean":0.392757505178,"dmean2":0.598646759987,"dvar":0.145622014999,"dvar2":0.330938398838,"max":3.67720651627,"mean":-0.637894034386,"median":-0.638008415699,"min":-5.1429400444,"var":0.844264924526},"erbbands_spread":{"dmean":5.876745224,"dmean2":9.01692390442,"dvar":41.0917778015,"dvar2":91.0989761353,"max":117.327285767,"mean":26.5406570435,"median":24.3705215454,"min":1.032371521,"var":174.155944824},"gfcc":{"cov":[[16626.4335938,1315.98461914,-2554.96606445,465.905273438,-825.512634277,208.559692383,-453.256103516,57.5615997314,-192.071670532,-94.1847915649,-64.938331604,-44.4027328491,11.8043260574],[1315.98461914,862.250854492,-193.169845581,-77.2546615601,84.5400695801,-114.99079895,73.5833435059,-72.1218643188,28.5044364929,-64.8818435669,46.1736907959,-58.7024307251,-21.6975517273],[-2554.96606445,-193.169845581,947.731445312,42.1083335876,5.31679344177,70.6250991821,39.7461624146,-6.99511909485,-41.8167610168,81.721321106,-4.64008903503,11.3288078308,-47.0923538208],[465.905273438,-77.2546615601,42.1083335876,269.660522461,1.26962697506,32.63230896,-47.487071991,-21.3189086914,11.3877706528,8.66001796722,-12.6214761734,-2.21920275688,20.9938106537],[-825.512634277,84.5400695801,5.31679344177,1.26962697506,270.366546631,-8.8185377121,37.9165344238,-22.228061676,63.0665550232,2.9539732933,-7.19764900208,-6.88672542572,24.6485710144],[208.559692383,-114.99079895,70.6250991821,32.63230896,-8.8185377121,180.479278564,24.8768444061,17.3719654083,-21.422914505,47.8780517578,-3.07142615318,12.000128746,-4.60195064545],[-453.256103516,73.5833435059,39.7461624146,-47.487071991,37.9165344238,24.8768444061,156.086929321,19.1843318939,-4.11533069611,-9.41787624359,15.0539445877,-7.61665725708,-20.6371383667],[57.5615997314,-72.1218643188,-6.99511909485,-21.3189086914,-22.228061676,17.3719654083,19.1843318939,86.0684127808,13.2477588654,-1.07560181618,-13.7121372223,12.1817369461,3.05905556679],[-192.071670532,28.5044364929,-41.8167610168,11.3877706528,63.0665550232,-21.422914505,-4.11533069611,13.2477588654,99.2034759521,10.9011001587,-4.28991651535,-6.83582925797,25.3145809174],[-94.1847915649,-64.8818435669,81.721321106,8.66001796722,2.9539732933,47.8780517578,-9.41787624359,-1.07560181618,10.9011001587,97.982749939,19.1693668365,8.17768096924,-11.9643707275],[-64.938331604,46.1736907959,-4.64008903503,-12.6214761734,-7.19764900208,-3.07142615318,15.0539445877,-13.7121372223,-4.28991651535,19.1693668365,81.9782104492,16.3478565216,-13.9288835526],[-44.4027328491,-58.7024307251,11.3288078308,-2.21920275688,-6.88672542572,12.000128746,-7.61665725708,12.1817369461,-6.83582925797,8.17768096924,16.3478565216,60.0453834534,26.7060108185],[11.8043260574,-21.6975517273,-47.0923538208,20.9938106537,24.6485710144,-4.60195064545,-20.6371383667,3.05905556679,25.3145809174,-11.9643707275,-13.9288835526,26.7060108185,75.7313919067]],"icov":[[0.000925281143282,-0.0023540770635,0.00246315286495,-0.00216947635636,0.00239612162113,-0.00230049202219,0.00239378283732,-0.0022521847859,0.00207697390579,-0.00169279496185,0.00208440958522,-0.00120546959806,0.000984792597592],[-0.0023540770635,0.00770819140598,-0.00602762494236,0.00582431908697,-0.00631623668596,0.00643988186494,-0.00687391124666,0.00699839415029,-0.00568432826549,0.00501047866419,-0.00628743227571,0.00433365860954,-0.00248912163079],[0.00246315286495,-0.00602762494236,0.00784643180668,-0.0060189650394,0.00622725160792,-0.0060100494884,0.00580902397633,-0.00563428970054,0.00597536284477,-0.00551997963339,0.00610584160313,-0.00373269990087,0.00342526426539],[-0.00216947635636,0.00582431908697,-0.0060189650394,0.00947726052254,-0.00549924140796,0.00424740323797,-0.00444737169892,0.00663891481236,-0.00574725912884,0.00457270536572,-0.00497724534944,0.00377450045198,-0.00339824403636],[0.00239612162113,-0.00631623668596,0.00622725160792,-0.00549924140796,0.0112917628139,-0.00615516491234,0.00453909626231,-0.00347668933682,0.00195916532539,-0.00450052833185,0.00646583922207,-0.00363125372678,0.00164567225147],[-0.00230049202219,0.00643988186494,-0.0060100494884,0.00424740323797,-0.00615516491234,0.0136398058385,-0.00806157384068,0.00440248055384,-0.002571281977,-0.0000311611620418,-0.004165221937,0.00278286053799,-0.0031463643536],[0.00239378283732,-0.00687391124666,0.00580902397633,-0.00444737169892,0.00453909626231,-0.00806157384068,0.0151947876438,-0.00888854078948,0.00598301365972,-0.00216322951019,0.00312072900124,-0.00198662560433,0.00396789330989],[-0.0022521847859,0.00699839415029,-0.00563428970054,0.00663891481236,-0.00347668933682,0.00440248055384,-0.00888854078948,0.0221203099936,-0.0104387383908,0.005488099996,-0.00128766731359,-0.00195111590438,-0.0000968650419964],[0.00207697390579,-0.00568432826549,0.00597536284477,-0.00574725912884,0.00195916532539,-0.002571281977,0.00598301365972,-0.0104387383908,0.021028611809,-0.00829778891057,0.00335223041475,0.00266650947742,-0.00404915865511],[-0.00169279496185,0.00501047866419,-0.00551997963339,0.00457270536572,-0.00450052833185,-0.0000311611620418,-0.00216322951019,0.005488099996,-0.00829778891057,0.0186381265521,-0.00750201614574,0.000751914281864,0.00172425422352],[0.00208440958522,-0.00628743227571,0.00610584160313,-0.00497724534944,0.00646583922207,-0.004165221937,0.00312072900124,-0.00128766731359,0.00335223041475,-0.00750201614574,0.0221138969064,-0.0116473464295,0.00746403587982],[-0.00120546959806,0.00433365860954,-0.00373269990087,0.00377450045198,-0.00363125372678,0.00278286053799,-0.00198662560433,-0.00195111590438,0.00266650947742,0.000751914281864,-0.0116473464295,0.0298280399293,-0.0144828846678],[0.000984792597592,-0.00248912163079,0.00342526426539,-0.00339824403636,0.00164567225147,-0.0031463643536,0.00396789330989,-0.0000968650419964,-0.00404915865511,0.00172425422352,0.00746403587982,-0.0144828846678,0.0238742567599]],"mean":[-36.2945175171,118.184516907,-146.367233276,34.3450279236,-35.9222984314,3.92826890945,-39.1354370117,4.78686094284,-14.2670516968,-1.44293916225,-15.2847652435,-5.04166650772,-9.31230926514]},"hfc":{"dmean":5.35957670212,"dmean2":7.81696414948,"dvar":47.237651825,"dvar2":100.477142334,"max":128.88899231,"mean":20.8591556549,"median":17.7197971344,"min":1.0357461969e-16,"var":276.720031738},"melbands":{"dmean":[0.00022619010997,0.000507891702,0.00054292101413,0.000238560765865,0.000176975358045,0.00012620491907,0.000154590539751,0.000169412916875,0.000108568950964,0.0000764213109505,0.0000583365326747,0.0000604794113315,0.0000530426732439,0.000044095035264,0.0000451879241155,0.0000401945217163,0.0000441570591647,0.0000419104580942,0.0000398101656174,0.0000777749737608,0.0000718277005944,0.0000290572952508,0.0000191870349227,0.00000887809255801,0.00000651049913358,0.0000048295646593,0.00000386208648706,0.00000200521526494,0.00000140049235142,8.64946684942e-7,6.64020319618e-7,4.82194934648e-7,3.98727650008e-7,2.78676566268e-7,1.49731150145e-7,1.19029920143e-7,1.09043227781e-7,6.82063401314e-8,5.15543590041e-8,3.88230567694e-8],"dmean2":[0.00036309697316,0.000871757394634,0.000912634131964,0.000396295246901,0.000285793590592,0.000199879228603,0.000249047618126,0.000269954907708,0.000169157996424,0.000121159944683,0.0000911347524379,0.0000957909214776,0.0000829694618005,0.0000695276539773,0.0000706322316546,0.0000641381047899,0.0000712599576218,0.0000670562076266,0.0000641517399345,0.000120553064335,0.0001136418432,0.0000459465882159,0.000030436387533,0.000014264793208,0.0000103743350337,0.00000753818130761,0.00000601752390139,0.00000301691261484,0.00000207229504667,0.00000130026637635,0.0000010027343933,6.97538894201e-7,5.70205031636e-7,4.09072896446e-7,2.23583583647e-7,1.73943078607e-7,1.59166006597e-7,9.9829037481e-8,7.42535277709e-8,5.60233139879e-8],"dvar":[9.67722684209e-8,6.19545517111e-7,7.60683803946e-7,1.53303687966e-7,1.44645454725e-7,6.50494484944e-8,9.04461145979e-8,1.49929945792e-7,8.96288270269e-8,5.08877029404e-8,2.96624715901e-8,2.29536958329e-8,2.84132859463e-8,1.5576038237e-8,1.37866962291e-8,7.58130092038e-9,5.66799807089e-9,4.89463225506e-9,8.33758928565e-9,2.41942199608e-8,1.86782393996e-8,2.34213759498e-9,1.04099939779e-9,1.9427014164e-10,9.48977840753e-11,4.83719314603e-11,4.24019951095e-11,1.10211865675e-11,5.36517835367e-12,1.94246333428e-12,2.33871082223e-12,7.52390662793e-13,6.3482032131e-13,2.63887463313e-13,8.97512722779e-14,5.12628032742e-14,6.30069726861e-14,2.63423130016e-14,1.34251206953e-14,7.27657629382e-15],"dvar2":[2.57605762499e-7,0.00000173791886482,0.00000201278226086,4.02427531299e-7,3.53565098976e-7,1.52077305415e-7,2.3136396976e-7,3.53990145641e-7,2.11100626757e-7,1.30359723016e-7,6.82143195263e-8,5.70118672272e-8,7.26080884306e-8,3.83407297022e-8,3.23437241434e-8,1.84356316879e-8,1.36322579891e-8,1.17697434021e-8,2.25630394368e-8,5.58158745889e-8,4.46709371715e-8,5.54723555979e-9,2.56233501084e-9,4.84595363837e-10,2.37139502479e-10,1.17947471234e-10,9.84586231989e-11,2.35979256968e-11,1.08422429021e-11,4.31395717759e-12,5.11900547992e-12,1.52493653555e-12,1.27307875613e-12,5.70605411879e-13,2.01108539002e-13,1.061128995e-13,1.33035238641e-13,5.67607077876e-14,2.68054553706e-14,1.36914320891e-14],"max":[0.00358871975914,0.00942984595895,0.0147200450301,0.00658785738051,0.0110712563619,0.00665128743276,0.00543175917119,0.00997581332922,0.00648876372725,0.00762456422672,0.00472244992852,0.00696633383632,0.00576143525541,0.00426888745278,0.00368744530715,0.00220717163756,0.00148193386849,0.00114980712533,0.00277094054036,0.00360120064579,0.00231367978267,0.000843762594741,0.000875193625689,0.000280668842606,0.000202560098842,0.000168584883795,0.000159192612045,0.000102447920654,0.0000772344719735,0.0000408710729971,0.0000513578816026,0.0000204855186894,0.0000250376251643,0.0000113116102511,0.00000781919152359,0.00000480413109472,0.00000714253201295,0.00000362356036021,0.0000030385692753,0.00000210273401535],"mean":[0.000444552890258,0.000863270077389,0.000825981900562,0.000357239943696,0.000315042765578,0.000211803038837,0.000242043097387,0.000267565745162,0.000187185942195,0.000130306492792,0.000105107887066,0.00010536370246,0.0000912285540835,0.0000750041363062,0.0000801782807685,0.0000705450802343,0.0000780486298027,0.0000733511042199,0.000075310083048,0.00015019129205,0.000125004531583,0.0000597669459239,0.0000405841674365,0.0000196304827114,0.0000151057429321,0.0000106338511614,0.00000768768404669,0.00000372738236365,0.00000247520597441,0.00000169942131834,0.00000124361190501,8.90213811999e-7,7.10445362984e-7,5.18751619438e-7,3.0971264664e-7,2.43343947659e-7,2.15118589608e-7,1.26992119931e-7,9.69808695572e-8,6.9555916582e-8],"median":[0.000306286441628,0.000651316600852,0.000557861232664,0.000202224880923,0.000143343349919,0.000103801154182,0.000115055598144,0.000101689540315,0.0000569803814869,0.0000360558769898,0.0000307090376737,0.000033187407098,0.0000297859332932,0.0000276685677818,0.0000342940656992,0.0000343185274687,0.0000438792267232,0.0000411215805798,0.0000428439198004,0.0000668042339385,0.0000537633604836,0.0000333261486958,0.0000204032385227,0.0000108050762719,0.00000825771076052,0.00000648080640531,0.00000432421302321,0.00000204964840123,0.00000136769995152,9.84670464277e-7,6.00178850618e-7,4.35332680127e-7,3.30508186153e-7,2.60584300804e-7,1.5067395509e-7,9.81425003488e-8,7.60998872806e-8,4.73389611955e-8,3.77694178155e-8,3.09445837843e-8],"min":[1.3299274853e-24,2.02433777852e-24,1.73975522088e-24,3.34974242842e-24,3.43948285057e-24,2.44658721373e-24,1.7986791862e-24,3.2973735028e-24,1.48925431397e-24,3.89738623491e-24,3.14990739505e-24,3.11806009423e-24,3.02924283656e-24,2.87168995885e-24,4.60070582458e-24,3.35742751136e-24,3.30645072802e-24,4.05747963916e-24,3.98474390269e-24,4.51456063601e-24,6.52737631214e-24,5.00751074378e-24,5.10680900465e-24,5.47396616919e-24,5.24483441952e-24,3.93235288896e-24,5.83961779268e-24,6.38553754366e-24,5.50917973671e-24,5.83972152789e-24,7.31189019934e-24,6.9310786414e-24,4.94556662449e-24,7.99836800312e-24,7.19910202256e-24,5.57456447283e-24,6.17240823188e-24,6.20755750724e-24,6.68458564093e-24,7.52606830169e-24],"var":[2.00346789825e-7,8.34336390199e-7,9.63048478297e-7,2.48868985864e-7,3.99121546479e-7,1.33303004191e-7,1.41527863207e-7,2.79245881529e-7,2.363789946e-7,1.11767477051e-7,7.22754052163e-8,5.52759509276e-8,5.84938675274e-8,2.9758139064e-8,2.77793432701e-8,1.83877606474e-8,1.13099654087e-8,1.00641139866e-8,1.23577557076e-8,5.85008379517e-8,3.61483145639e-8,5.92749138661e-9,3.11296610711e-9,5.84304882256e-10,3.83492432254e-10,1.65251201611e-10,1.11873094122e-10,2.94223499731e-11,1.34267059276e-11,5.63760323147e-12,5.29690267342e-12,1.76531792656e-12,1.42402300889e-12,5.83483456863e-13,2.39816955357e-13,1.62302436031e-13,1.87272099954e-13,6.13527715502e-14,3.52838147154e-14,1.71011090082e-14]},"melbands_crest":{"dmean":2.93684005737,"dmean2":4.87387228012,"dvar":7.02428674698,"dvar2":19.0638847351,"max":32.640171051,"mean":11.3995103836,"median":10.6434087753,"min":1.69189274311,"var":20.6883907318},"melbands_flatness_db":{"dmean":0.0213784873486,"dmean2":0.0323184765875,"dvar":0.000419518270064,"dvar2":0.00093650771305,"max":0.458172351122,"mean":0.190734103322,"median":0.184570297599,"min":0.00436642672867,"var":0.0028211302124},"melbands_kurtosis":{"dmean":3.63339686394,"dmean2":5.85436105728,"dvar":77.297744751,"dvar2":211.789505005,"max":184.60357666,"mean":5.16440534592,"median":1.13137435913,"min":-1.92655324936,"var":188.161056519},"melbands_skewness":{"dmean":0.563595294952,"dmean2":0.875831186771,"dvar":0.390982121229,"dvar2":0.95347648859,"max":11.1449775696,"mean":1.6198682785,"median":1.34637320042,"min":-4.09316587448,"var":1.94536292553},"melbands_spread":{"dmean":8.1700296402,"dmean2":12.5506858826,"dvar":69.0373535156,"dvar2":151.560379028,"max":165.399932861,"mean":35.7571487427,"median":34.531791687,"min":0.727203011513,"var":342.074310303},"mfcc":{"cov":[[10311.8847656,693.296020508,-1235.48156738,93.8325271606,-165.948196411,-27.021528244,-218.132522583,87.8819961548,-74.2001495361,-1.58771705627,-39.3215446472,-74.9852905273,-52.6474685669],[693.296020508,1071.01037598,-203.007247925,63.9288635254,12.1908445358,-7.86863183975,20.0235652924,13.0255222321,-18.6819801331,4.6374745369,17.8014469147,18.5329494476,17.1647033691],[-1235.48156738,-203.007247925,756.208312988,15.4161634445,-6.9363451004,47.8868408203,63.9524459839,-42.0463981628,-27.7403926849,-12.6587696075,17.5041255951,20.3841724396,-2.48545718193],[93.8325271606,63.9288635254,15.4161634445,213.734725952,65.842918396,18.4970836639,-29.4710979462,-11.0044679642,11.3131847382,1.05255031586,-26.3759384155,-2.21360421181,8.59516716003],[-165.948196411,12.1908445358,-6.9363451004,65.842918396,182.465270996,51.5697898865,-38.0739631653,-26.0288448334,31.3420143127,15.0642871857,-25.5245933533,0.716900885105,19.0553264618],[-27.021528244,-7.86863183975,47.8868408203,18.4970836639,51.5697898865,152.674697876,46.2273330688,-19.9394397736,12.5482549667,20.0202922821,14.1962738037,7.96441602707,14.7100296021],[-218.132522583,20.0235652924,63.9524459839,-29.4710979462,-38.0739631653,46.2273330688,128.599914551,28.79114151,-16.179473877,-2.62731528282,34.8132705688,9.26137733459,-7.49113607407],[87.8819961548,13.0255222321,-42.0463981628,-11.0044679642,-26.0288448334,-19.9394397736,28.79114151,92.2628250122,24.633108139,-4.63318920135,-9.65581512451,0.396957367659,6.3742814064],[-74.2001495361,-18.6819801331,-27.7403926849,11.3131847382,31.3420143127,12.5482549667,-16.179473877,24.633108139,108.24899292,27.0587368011,-27.3421230316,-8.83637619019,13.3449583054],[-1.58771705627,4.6374745369,-12.6587696075,1.05255031586,15.0642871857,20.0202922821,-2.62731528282,-4.63318920135,27.0587368011,66.4426422119,19.6633968353,-2.87865185738,6.52623224258],[-39.3215446472,17.8014469147,17.5041255951,-26.3759384155,-25.5245933533,14.1962738037,34.8132705688,-9.65581512451,-27.3421230316,19.6633968353,83.8939056396,25.7115764618,-14.3668336868],[-74.9852905273,18.5329494476,20.3841724396,-2.21360421181,0.716900885105,7.96441602707,9.26137733459,0.396957367659,-8.83637619019,-2.87865185738,25.7115764618,57.40782547,18.9220695496],[-52.6474685669,17.1647033691,-2.48545718193,8.59516716003,19.0553264618,14.7100296021,-7.49113607407,6.3742814064,13.3449583054,6.52623224258,-14.3668336868,18.9220695496,67.5933380127]],"icov":[[0.000142093296745,-0.0000591447023908,0.000199081696337,-0.0000831093784655,0.000258025131188,-0.000299605802866,0.000387661682907,-0.000226838616072,0.00022224120039,-0.0000340060687449,0.0000356177515641,0.0000766243319958,0.00014592523803],[-0.0000591447023908,0.00107295473572,0.000251591030974,-0.000382208672818,-0.000192068866454,0.000356853706762,-0.000639744044747,0.000166161247762,0.000122940909932,-0.000070246263931,-0.000188638005056,-0.000255233841017,-0.000356899690814],[0.000199081696337,0.000251591030974,0.00186850933824,-0.000436023721704,0.000449357001344,-0.000424272497185,-0.000604314322118,0.000733678461984,0.000355563097401,0.000124052545289,0.00032497473876,-0.00049667089479,0.000170749539393],[-0.0000831093784655,-0.000382208672818,-0.000436023721704,0.00567014748231,-0.00171209452674,-0.000403484533308,0.000796474923845,-0.000141113530844,0.000180470742634,-0.000150396677782,0.0013848968083,-0.000375868374249,0.000345790642314],[0.000258025131188,-0.000192068866454,0.000449357001344,-0.00171209452674,0.00854907184839,-0.00347896758467,0.00287642213516,0.000918909092434,-0.000813983380795,-0.000817641615868,0.00181627576239,-0.000879377359524,-0.0000649933645036],[-0.000299605802866,0.000356853706762,-0.000424272497185,-0.000403484533308,-0.00347896758467,0.0110086929053,-0.00653608096763,0.00395871838555,-0.00188293191604,-0.00141873990651,-0.00067284447141,-0.000093813490821,-0.0024089962244],[0.000387661682907,-0.000639744044747,-0.000604314322118,0.000796474923845,0.00287642213516,-0.00653608096763,0.0151926893741,-0.00682613113895,0.00208857702091,0.00169681303669,-0.00427568657324,0.00127259502187,0.00143868592568],[-0.000226838616072,0.000166161247762,0.000733678461984,-0.000141113530844,0.000918909092434,0.00395871838555,-0.00682613113895,0.0163455419242,-0.00499457772821,0.00112968194298,0.00213970453478,-0.00122688547708,-0.00191722810268],[0.00022224120039,0.000122940909932,0.000355563097401,0.000180470742634,-0.000813983380795,-0.00188293191604,0.00208857702091,-0.00499457772821,0.0143276341259,-0.00693290634081,0.00527262082323,-0.000602479849476,0.000603746331763],[-0.0000340060687449,-0.000070246263931,0.000124052545289,-0.000150396677782,-0.000817641615868,-0.00141873990651,0.00169681303669,0.00112968194298,-0.00693290634081,0.0225326828659,-0.0107917031273,0.00612779706717,-0.00418015569448],[0.0000356177515641,-0.000188638005056,0.00032497473876,0.0013848968083,0.00181627576239,-0.00067284447141,-0.00427568657324,0.00213970453478,0.00527262082323,-0.0107917031273,0.0243321191519,-0.0123041532934,0.00748739764094],[0.0000766243319958,-0.000255233841017,-0.00049667089479,-0.000375868374249,-0.000879377359524,-0.000093813490821,0.00127259502187,-0.00122688547708,-0.000602479849476,0.00612779706717,-0.0123041532934,0.0265607628971,-0.00984425283968],[0.00014592523803,-0.000356899690814,0.000170749539393,0.000345790642314,-0.0000649933645036,-0.0024089962244,0.00143868592568,-0.00191722810268,0.000603746331763,-0.00418015569448,0.00748739764094,-0.00984425283968,0.0204754155129]],"mean":[-663.888183594,142.039291382,-36.7457466125,30.4226226807,14.2427244186,5.75392770767,-7.43916606903,2.58772540092,1.15153348446,2.35457634926,-1.95149862766,0.981181979179,2.57159996033]},"pitch_salience":{"dmean":0.0682277232409,"dmean2":0.11166331172,"dvar":0.00384233007208,"dvar2":0.0101488204673,"max":0.982330262661,"mean":0.573130726814,"median":0.574970304966,"min":0.128339245915,"var":0.00946800783277},"silence_rate_20dB":{"dmean":0,"dmean2":0,"dvar":0,"dvar2":0,"max":1,"mean":1,"median":1,"min":1,"var":0},"silence_rate_30dB":{"dmean":0,"dmean2":0,"dvar":0,"dvar2":0,"max":1,"mean":1,"median":1,"min":1,"var":0},"silence_rate_60dB":{"dmean":0.00663780653849,"dmean2":0.0132775288075,"dvar":0.00659458665177,"dvar2":0.0148322787136,"max":1,"mean":0.0721396654844,"median":0,"min":0,"var":0.0669350624084},"spectral_centroid":{"dmean":213.481277466,"dmean2":323.74420166,"dvar":61169.3789062,"dvar2":128541.851562,"max":11465.0751953,"mean":1582.22595215,"median":1613.61413574,"min":177.878799438,"var":543173.4375},"spectral_complexity":{"dmean":3.55209231377,"dmean2":5.26309728622,"dvar":13.6004562378,"dvar2":25.0903759003,"max":54,"mean":21.5873603821,"median":22,"min":0,"var":115.513092041},"spectral_contrast_coeffs":{"dmean":[0.0501023344696,0.0464620403945,0.0393810681999,0.0351134762168,0.0250710565597,0.0158351361752],"dmean2":[0.0834489762783,0.0768133476377,0.0632200092077,0.0556623786688,0.0387128256261,0.0248534828424],"dvar":[0.00158436084166,0.00148118450306,0.00101160840131,0.000894456577953,0.00044040280045,0.000188800186152],"dvar2":[0.00441825715825,0.0038211082574,0.00259305420332,0.00208682147786,0.000986556522548,0.000437496724771],"max":[-0.364028871059,-0.43692484498,-0.513915836811,-0.500701844692,-0.589584708214,-0.658433437347],"mean":[-0.652000725269,-0.74970805645,-0.777280390263,-0.751476585865,-0.762694776058,-0.749268889427],"median":[-0.655114293098,-0.756008505821,-0.784524083138,-0.753195881844,-0.758469104767,-0.741670787334],"min":[-0.976354002953,-0.987965881824,-0.984211862087,-0.971402525902,-0.965420126915,-0.962694764137],"var":[0.00591638870537,0.00557208433747,0.00486014876515,0.00455065397546,0.00309605360962,0.00164032983594]},"spectral_contrast_valleys":{"dmean":[0.404544174671,0.359956979752,0.340102851391,0.315180748701,0.28378662467,0.277671545744],"dmean2":[0.66306167841,0.5823777318,0.533902645111,0.480467408895,0.401661008596,0.372693747282],"dvar":[0.147762462497,0.125879898667,0.116746142507,0.111120142043,0.102699391544,0.109406486154],"dvar2":[0.340968042612,0.267741829157,0.229939952493,0.210992589593,0.174676761031,0.182307004929],"max":[-5.59185361862,-4.96826457977,-5.12457227707,-5.5118765831,-5.48154878616,-8.85889816284],"mean":[-7.51746177673,-6.88747406006,-7.52166891098,-7.48129606247,-7.67664146423,-11.0907258987],"median":[-7.18840169907,-6.6062130928,-7.26087999344,-7.19058799744,-7.37527608871,-10.8431930542],"min":[-27.8911075592,-28.3313159943,-27.6403675079,-27.6628017426,-27.5162963867,-27.3604068756],"var":[2.52617621422,2.70926141739,2.76618552208,2.85499787331,2.68661832809,2.01435232162]},"spectral_decrease":{"dmean":1.4022201178e-9,"dmean2":2.17042916972e-9,"dvar":2.84260286632e-18,"dvar2":6.75502447504e-18,"max":1.33247906726e-28,"mean":-5.00796959457e-9,"median":-4.3239487546e-9,"min":-2.59718877516e-8,"var":1.12923454678e-17},"spectral_energy":{"dmean":0.00567720131949,"dmean2":0.00874044559896,"dvar":0.0000457825117337,"dvar2":0.00010748198838,"max":0.103809595108,"mean":0.020793184638,"median":0.0180440936238,"min":9.89156389761e-21,"var":0.000195098036784},"spectral_energyband_high":{"dmean":0.0000928094304982,"dmean2":0.000125438775285,"dvar":2.29847376687e-8,"dvar2":3.93715353653e-8,"max":0.00383169599809,"mean":0.000214571511606,"median":0.000124956815853,"min":6.89791163466e-21,"var":8.12061529132e-8},"spectral_energyband_low":{"dmean":0.00250079575926,"dmean2":0.00421738997102,"dvar":0.0000135873660838,"dvar2":0.0000370878879039,"max":0.0485638603568,"mean":0.00504506053403,"median":0.00414552306756,"min":2.59673446248e-23,"var":0.0000209054196603},"spectral_energyband_middle_high":{"dmean":0.00245122611523,"dmean2":0.0036463777069,"dvar":0.0000117356721603,"dvar2":0.0000260246797552,"max":0.0811696723104,"mean":0.00862726476043,"median":0.00695135444403,"min":1.23894853654e-21,"var":0.0000625369066256},"spectral_energyband_middle_low":{"dmean":0.00334842200391,"dmean2":0.00523728318512,"dvar":0.0000207511202461,"dvar2":0.0000496791035403,"max":0.0792744532228,"mean":0.00813259184361,"median":0.00585780804977,"min":2.16719957337e-22,"var":0.0000560066073376},"spectral_entropy":{"dmean":0.137709468603,"dmean2":0.199050799012,"dvar":0.0179541222751,"dvar2":0.0370094627142,"max":9.82092857361,"mean":7.45404815674,"median":7.47175645828,"min":5.75753211975,"var":0.124567225575},"spectral_flux":{"dmean":0.0182689074427,"dmean2":0.0284399464726,"dvar":0.000330088369083,"dvar2":0.000716396141797,"max":0.226772159338,"mean":0.075018838048,"median":0.0735451057553,"min":6.62361068771e-11,"var":0.00134912191425},"spectral_kurtosis":{"dmean":2.60592579842,"dmean2":4.48753356934,"dvar":7.22074079514,"dvar2":20.8846092224,"max":30.5497703552,"mean":6.90793895721,"median":6.1300907135,"min":-1.22472071648,"var":14.1702728271},"spectral_rms":{"dmean":0.000583795132115,"dmean2":0.000891860399861,"dvar":3.62901658946e-7,"dvar2":8.17259433461e-7,"max":0.0100636798888,"mean":0.00419560121372,"median":0.00419571157545,"min":3.10649422852e-12,"var":0.00000268298504125},"spectral_rolloff":{"dmean":296.571990967,"dmean2":496.199127197,"dvar":340491.59375,"dvar2":810781.375,"max":19272.2167969,"mean":1923.57788086,"median":2024.12109375,"min":64.599609375,"var":2295655.75},"spectral_skewness":{"dmean":0.266487985849,"dmean2":0.444959580898,"dvar":0.0616159141064,"dvar2":0.170161828399,"max":4.21628665924,"mean":1.60685050488,"median":1.53549420834,"min":-0.0514980480075,"var":0.195156142116},"spectral_spread":{"dmean":314966.84375,"dmean2":467175.34375,"dvar":376188207104,"dvar2":719138717696,"max":41987276,"mean":3136854.5,"median":2793014.75,"min":1303603.625,"var":5967448637440},"spectral_strongpeak":{"dmean":0.985190331936,"dmean2":1.6893055439,"dvar":2.69234776497,"dvar2":6.60990476608,"max":13.6512260437,"mean":1.43893444538,"median":0.425414025784,"min":0,"var":4.29409503937},"zerocrossingrate":{"dmean":0.0067460318096,"dmean2":0.00828196574003,"dvar":0.0000745341894799,"dvar2":0.000134467452881,"max":0.52197265625,"mean":0.0621519125998,"median":0.0595703125,"min":0.005859375,"var":0.00133682740852}},"metadata":{"audio_properties":{"analysis_sample_rate":44100,"bit_rate":0,"codec":"flac","downmix":"mix","equal_loudness":0,"length":160.906661987,"lossless":true,"md5_encoded":"1b38b522124816d9c9dfdf3f3804868c","replay_gain":-9.07404708862},"tags":{"acoustid_id":["f4c79d87-a63d-4b6b-a2d6-ca29f08a6859"],"album":["After Bathing at Baxter's"],"albumartist":["Jefferson Airplane"],"albumartistsort":["Jefferson Airplane"],"artist":["Jefferson Airplane"],"artists":["Jefferson Airplane"],"artistsort":["Jefferson Airplane"],"asin":["B0000A0DRX"],"barcode":["828765322522"],"catalognumber":["82876 53225 2"],"date":["2003-08-19"],"file_name":"06 - The Last Wall of the Castle.flac","label":["BMG Heritage"],"media":["CD"],"musicbrainz_albumartistid":["39c2a93d-9afa-4a22-9bba-c087ab056e1c"],"musicbrainz_albumid":["7a6e129f-4114-315c-af87-3a11ae686daf"],"musicbrainz_artistid":["39c2a93d-9afa-4a22-9bba-c087ab056e1c"],"musicbrainz_recordingid":["5116052a-a0cc-4441-a759-6a3db2748d82"],"musicbrainz_releasegroupid":["bb178c25-91e9-3fbf-bfc9-0ce399784293"],"musicbrainz_releasetrackid":["6a276e8f-a9cf-3f61-a3f9-d9ca383bd795"],"originaldate":["1967"],"releasecountry":["US"],"releasestatus":["official"],"releasetype":["album"],"script":["Latn"],"title":["The Last Wall of the Castle"],"totaltracks":["15"],"tracknumber":["6"],"tracktotal":["15"]},"version":{"essentia":"2.1-beta1","essentia_build_sha":"5b9e781ab008b0f974ccb13a0d9a9891710afc4b","essentia_git_sha":"v2.1_beta1-9-geaa627a","extractor":"music 1.0"}},"rhythm":{"beats_count":364,"beats_loudness":{"dmean":0.0107756974176,"dmean2":0.018438750878,"dvar":0.00008181703015,"dvar2":0.000224521005293,"max":0.0773939341307,"mean":0.0264484193176,"median":0.0255119204521,"min":5.68207481066e-10,"var":0.000198619891307},"beats_loudness_band_ratio":{"dmean":[0.156261608005,0.0933264642954,0.0921819731593,0.092521853745,0.140132039785,0.0286493357271],"dmean2":[0.262500226498,0.162702158093,0.1525