{"lowlevel":{"average_loudness":0.792754232883,"barkbands":{"dmean":[0.0000638145647827,0.00331778265536,0.00100212323014,0.000521444715559,0.000648094166536,0.000566345523112,0.000318826525472,0.000213307124795,0.00046077001025,0.000565281428862,0.000403742567869,0.000384207523894,0.000488263583975,0.000542466819752,0.000421643810114,0.00033987587085,0.000305773690343,0.000232351900195,0.00027579307789,0.000104918573925,0.0000368395631085,0.0000248988417297,0.0000190418777493,0.0000226187366934,0.0000146629681694,0.0000312441370625,0.0000421563599957],"dmean2":[0.000110702814709,0.00520464172587,0.00164697470609,0.000880881620105,0.0010544853285,0.000891715637408,0.000495549233165,0.000326222856529,0.000716139096767,0.000856738828588,0.000628331501503,0.000570552714635,0.000769792299252,0.000806548632681,0.000644587969873,0.000507745775394,0.000460117007606,0.000360109115718,0.00041388894897,0.000160306633916,0.0000545784459973,0.0000372072136088,0.0000275323145615,0.0000319045357173,0.0000203550880542,0.0000488536825287,0.0000676747658872],"dvar":[9.63492219341e-9,0.0000373567308998,0.0000026617592539,8.46095588258e-7,9.29884265588e-7,8.67126971116e-7,5.2979856946e-7,4.19308719302e-7,0.00000152262578013,0.00000221040613724,0.00000149735126342,0.00000182876681265,0.00000315657871397,0.0000049658028729,0.00000195913776224,7.03809462266e-7,6.98406097399e-7,3.44225753679e-7,3.88469288737e-7,5.43973222022e-8,7.9353936755e-9,2.70152678006e-9,1.29549326822e-9,5.16526910133e-9,4.68931959929e-9,4.71776084865e-9,9.2999012935e-9],"dvar2":[2.64385544568e-8,0.0000843724701554,0.00000663121500111,0.00000227302143685,0.00000234126241594,0.00000218278091779,0.00000128246063014,0.00000111778069822,0.0000036558078591,0.00000503711817146,0.00000346782007909,0.00000349760375684,0.00000722507684259,0.00000929276484385,0.00000455582903669,0.00000137602478389,0.00000139901862894,7.73986869262e-7,8.59734029746e-7,1.24623440456e-7,1.72579728286e-8,5.59285640023e-9,2.60896770854e-9,9.37001765067e-9,1.00531902802e-8,1.17818803602e-8,2.36264785514e-8],"max":[0.00179193424992,0.0503331273794,0.0189449507743,0.0114007219672,0.0185689460486,0.0183251388371,0.0178561098874,0.0235684663057,0.0285842064768,0.033862259239,0.0282917506993,0.0475341379642,0.0584266483784,0.0601035393775,0.0516408011317,0.0255994033068,0.0216711834073,0.0186353940517,0.0233767852187,0.00716806296259,0.00303068454377,0.00161590857897,0.000976932467893,0.00321761914529,0.00456673745066,0.00216834782623,0.00171457673423],"mean":[0.0000719997988199,0.00362831517123,0.00129795318935,0.000684352358803,0.0011690328829,0.000999250332825,0.000523602939211,0.000382029305911,0.000810713216197,0.00109436083585,0.000716427457519,0.000649394060019,0.000940198078752,0.000825580093078,0.000750449427869,0.000627096160315,0.000555508129764,0.000436086091213,0.000591592863202,0.000213676219573,0.0000794773295638,0.0000506128853885,0.0000398669690185,0.0000445406840299,0.0000257979900198,0.0000386697720387,0.0000484972370032],"median":[0.0000368678011,0.00106826447882,0.000612815492786,0.000372175127268,0.000786499702372,0.000512920552865,0.000200941925868,0.0000765988515923,0.000133736801217,0.000151599757373,0.000108883541543,0.0000957529628067,0.00014005920093,0.000118397801998,0.000180946677574,0.000179417431355,0.000167393343872,0.000170618426637,0.000191036146134,0.0000839278509375,0.0000273616642517,0.000024268627385,0.0000217477681872,0.0000228290355153,0.0000110848941404,0.0000144188543345,0.0000154202007252],"min":[3.50654588828e-25,3.26806238979e-24,9.68901051898e-25,1.69397624204e-24,1.39190341541e-23,2.3298829342e-24,6.37031686692e-24,8.23488506858e-24,2.27638293981e-23,1.5068778413e-23,1.96542138626e-23,1.36139737534e-23,3.87834723473e-23,2.15960644006e-23,4.69189285985e-23,6.82722068561e-23,6.92326229201e-23,1.0000883838e-22,1.22041578312e-22,1.97824214302e-22,2.00435129328e-22,3.69398394097e-22,4.28023961731e-22,5.76804895504e-22,7.31174397609e-22,1.26470351981e-21,1.97980469346e-21],"var":[1.04107380494e-8,0.0000438673305325,0.00000326452345689,9.2790941153e-7,0.00000167173789123,0.00000202589558285,0.00000119064770843,9.38873768064e-7,0.00000450797779195,0.00000645661202725,0.00000455300914837,0.00000510399559062,0.0000128176052385,0.0000112651814561,0.00000539354823559,0.00000208088863474,0.00000168707424564,8.65070205691e-7,0.00000155445650307,1.57372170406e-7,2.55252849968e-8,6.41955466563e-9,3.36986660798e-9,1.24869714568e-8,6.45438102964e-9,5.24895549248e-9,9.24722343143e-9]},"barkbands_crest":{"dmean":3.06015205383,"dmean2":4.91573572159,"dvar":8.64709472656,"dvar2":20.765329361,"max":25.6002655029,"mean":9.73900413513,"median":8.63908672333,"min":2.62990641594,"var":19.8533000946},"barkbands_flatness_db":{"dmean":0.0216550026089,"dmean2":0.0321147963405,"dvar":0.000470132566988,"dvar2":0.00104835943785,"max":0.408276677132,"mean":0.113622553647,"median":0.104508586228,"min":0.0182258486748,"var":0.00219557085074},"barkbands_kurtosis":{"dmean":3.61747598648,"dmean2":5.67785692215,"dvar":86.7493896484,"dvar2":215.177780151,"max":367.17855835,"mean":3.97893190384,"median":0.565579175949,"min":-1.90455043316,"var":123.628250122},"barkbands_skewness":{"dmean":0.655636608601,"dmean2":0.949277818203,"dvar":0.648767709732,"dvar2":1.35032725334,"max":14.6970930099,"mean":1.1226350069,"median":0.84625774622,"min":-3.91149306297,"var":2.41669297218},"barkbands_spread":{"dmean":6.56641817093,"dmean2":10.0216674805,"dvar":54.7138023376,"dvar2":126.912757874,"max":132.483779907,"mean":25.0752506256,"median":23.9016151428,"min":0.407729238272,"var":157.800537109},"dissonance":{"dmean":0.0177719853818,"dmean2":0.029933148995,"dvar":0.000339763559168,"dvar2":0.000940207100939,"max":0.500000119209,"mean":0.467599213123,"median":0.474325537682,"min":0.245313152671,"var":0.000649908499327},"dynamic_complexity":3.7167289257,"erbbands":{"dmean":[0.0490107946098,0.88707780838,1.49616897106,1.2484190464,2.00527310371,2.27736163139,3.19937491417,5.69511556625,4.80247449875,4.1789355278,4.44290399551,10.91340065,14.3408708572,16.512840271,16.4440078735,15.6253042221,19.5088043213,28.2679443359,23.183971405,17.5066280365,16.2433261871,15.013756752,11.3184642792,14.2523479462,10.744134903,4.62980699539,2.18197727203,1.20896744728,0.909804284573,0.695304334164,0.562316477299,0.512705087662,0.347698807716,0.17751596868,0.10836545378,0.135645598173,0.0546142868698,0.0186613742262,0.00785252451897,0.000572414661292],"dmean2":[0.0787879526615,1.39113330841,2.37413668633,2.09529781342,3.31837701797,3.68541002274,5.03699445724,9.10420799255,7.47679758072,6.55808496475,6.80652952194,17.0733890533,21.4745502472,24.7528953552,25.1489295959,22.8845539093,29.2933425903,40.5430412292,34.6024284363,25.8735198975,23.344247818,22.069852829,17.0901851654,21.4377212524,15.6730365753,6.85843706131,3.24237895012,1.79846704006,1.35976111889,1.04066038132,0.813459455967,0.724774539471,0.497010827065,0.252799540758,0.153832152486,0.214368715882,0.0852586105466,0.0289288219064,0.0124977342784,0.00095348758623],"dvar":[0.00701370928437,2.74067592621,6.72057199478,4.20225667953,10.6918258667,13.2601556778,31.3028411865,97.4192581177,104.519081116,126.348167419,245.846801758,924.438476562,1513.21826172,1796.39465332,2375.2644043,3325.67675781,4464.234375,13507.1503906,5818.03369141,2620.85205078,1545.50146484,1750.85217285,844.348693848,962.16394043,802.240783691,84.0363616943,25.2387237549,8.61642360687,3.80594325066,1.5191937685,1.29664099216,1.87554645538,1.56028831005,0.495034754276,0.281405478716,0.101481810212,0.0147746680304,0.00210152124055,0.000318922975566,0.00000198098700821],"dvar2":[0.0166476964951,6.16769123077,15.2310123444,11.1907405853,28.3301296234,33.4704856873,72.401725769,251.236419678,246.403244019,311.822113037,681.551452637,2348.23852539,3527.27709961,3872.61938477,5524.19873047,6236.58300781,8996.35253906,25749.2832031,12612.5976562,5476.12939453,2690.28613281,3578.42260742,1752.66662598,1989.19018555,1763.58666992,192.923416138,54.7546234131,19.0018177032,7.92718076706,3.36315059662,2.61598348618,2.96314096451,3.16917300224,0.998969495296,0.629336476326,0.253424435854,0.0374577455223,0.00489371316507,0.000805777846836,0.00000527682141183],"max":[0.823311090469,12.9097099304,24.1399173737,30.4604759216,43.8376312256,86.731010437,176.406509399,162.835998535,261.994873047,358.806762695,664.872497559,631.552124023,887.044799805,1104.70739746,1290.22290039,2417.41967773,2919.77514648,3177.84350586,2428.87475586,1720.91687012,1764.62219238,1344.43225098,931.861999512,989.735412598,1470.02929688,242.049224854,176.7240448,97.0023040771,61.4882621765,32.4624290466,33.5573768616,93.7176208496,59.7867050171,40.3968009949,36.6481437683,12.2585363388,4.09358215332,1.29562246799,0.355337172747,0.0167083796114],"mean":[0.0560019128025,0.957559347153,1.87712395191,1.84576809406,2.99934244156,3.962931633,5.48505496979,9.52713012695,8.44293498993,7.30053091049,8.6707277298,19.7152080536,26.6794948578,34.7505760193,30.7144985199,29.1381454468,39.8224868774,49.5045928955,42.735004425,35.0089912415,32.70835495,29.618303299,24.3801689148,29.7409706116,24.4688568115,10.5612401962,4.77541637421,2.61784100533,1.89428877831,1.40243899822,1.17220890522,1.02172064781,0.638647437096,0.324691057205,0.178713530302,0.160235181451,0.0690550208092,0.025647515431,0.00919788144529,0.000577760511078],"median":[0.0214611440897,0.266944587231,0.755265057087,1.16409885883,1.72007477283,2.48459219933,3.02870750427,4.54853916168,3.88657283783,2.45079183578,2.10616278648,4.10902643204,5.78902196884,6.15808296204,6.31860589981,5.56658220291,7.83692455292,8.55074214935,10.61054039,11.1753845215,11.1168699265,9.3248462677,10.290810585,10.8896102905,7.5945854187,4.24845695496,1.87277281284,0.939935266972,0.876876175404,0.728114783764,0.629424750805,0.505749344826,0.322575002909,0.152610614896,0.0674194470048,0.0569041483104,0.0264081228524,0.00926059018821,0.00294358027168,0.00017377579934],"min":[6.76166255785e-23,8.30734954735e-22,2.95803159587e-21,3.00733487233e-21,1.54162393932e-20,2.78504926781e-20,4.66550028007e-20,4.49777454748e-20,1.06136248793e-19,1.42316579486e-19,3.02367782058e-19,4.98820721847e-19,5.88242409883e-19,5.9903954672e-19,8.34702631152e-19,8.56092074227e-19,1.91507821443e-18,1.37190499871e-18,3.30400338482e-18,3.73194816985e-18,4.2124569741e-18,4.99257390493e-18,5.61801840097e-18,7.28767295483e-18,5.84244366809e-18,9.80381906623e-18,9.06549998535e-18,1.11492688644e-17,1.20229941028e-17,1.21483698683e-17,1.0844541317e-17,1.11667008686e-17,8.94194153571e-18,8.30693814051e-18,5.49024050302e-18,4.04615727503e-18,2.48202884024e-18,9.87978629971e-19,2.66506633221e-19,2.40973997555e-20],"var":[0.00817737076432,3.19533658028,8.30249404907,4.97977542877,14.4226207733,24.1638641357,63.2029647827,210.258010864,257.247039795,276.947845459,560.772827148,2565.72680664,3803.55395508,6602.11523438,6514.02832031,10139.1054688,18903.0371094,35594.6523438,15835.9960938,7512.52392578,4999.52294922,4458.23193359,2696.11401367,2932.57519531,3763.12280273,313.327880859,80.9455871582,25.9109420776,9.27489566803,3.73486948013,3.24421787262,6.27319002151,2.72819828987,0.797017455101,0.356447160244,0.110187113285,0.0160034578294,0.00281903380528,0.000327003683196,0.00000157950319135]},"erbbands_crest":{"dmean":2.7615480423,"dmean2":4.38931751251,"dvar":7.37839460373,"dvar2":17.1526565552,"max":32.6089286804,"mean":9.90811157227,"median":8.64915847778,"min":2.49605202675,"var":25.1554985046},"erbbands_flatness_db":{"dmean":0.0205784142017,"dmean2":0.0278665591031,"dvar":0.000401960220188,"dvar2":0.000726475787815,"max":0.362569540739,"mean":0.14492598176,"median":0.141782715917,"min":0.0310883037746,"var":0.00213302392513},"erbbands_kurtosis":{"dmean":1.01303648949,"dmean2":1.56776511669,"dvar":3.0735142231,"dvar2":6.81639719009,"max":45.6947669983,"mean":0.780227899551,"median":-0.0375349521637,"min":-1.77723872662,"var":9.42007160187},"erbbands_skewness":{"dmean":0.367670118809,"dmean2":0.552207529545,"dvar":0.121267959476,"dvar2":0.268675982952,"max":4.98346185684,"mean":-0.033924203366,"median":-0.0703615397215,"min":-4.92281150818,"var":0.580274522305},"erbbands_spread":{"dmean":7.90756130219,"dmean2":11.544713974,"dvar":97.1778640747,"dvar2":194.169235229,"max":159.93598938,"mean":33.8950386047,"median":30.6799030304,"min":1.50376439095,"var":359.209747314},"gfcc":{"cov":[[18960.2011719,196.243209839,-2021.35241699,106.101959229,-601.652160645,-25.7617759705,-339.050933838,68.743309021,-200.359329224,-25.4796104431,-139.172973633,-39.8327980042,-181.584411621],[196.243209839,827.316772461,12.9675102234,-19.5532608032,52.216796875,-55.2546958923,-13.0491847992,-5.79767179489,-31.3185768127,-18.4681625366,0.187836706638,14.0713071823,-2.65896224976],[-2021.35241699,12.9675102234,1163.6875,204.448898315,149.98449707,36.8043899536,35.1966743469,-22.4962215424,42.172492981,0.758858442307,-18.7971172333,20.1223945618,31.4802131653],[106.101959229,-19.5532608032,204.448898315,351.038604736,83.7103500366,-3.22270345688,-28.1431655884,1.65620696545,9.86945343018,19.7653255463,-6.42928266525,-22.7306804657,-3.85635924339],[-601.652160645,52.216796875,149.98449707,83.7103500366,288.967681885,55.8938865662,41.9140205383,-1.56921648979,15.9648189545,21.6186122894,-0.795545399189,1.39534556866,-4.64166355133],[-25.7617759705,-55.2546958923,36.8043899536,-3.22270345688,55.8938865662,197.316558838,71.5742416382,-11.314163208,-9.0819196701,9.83495330811,-7.18532800674,-4.45234680176,-0.896943569183],[-339.050933838,-13.0491847992,35.1966743469,-28.1431655884,41.9140205383,71.5742416382,159.839447021,33.9302024841,-8.16168308258,-2.01499700546,4.00432538986,1.75998234749,-4.52102136612],[68.743309021,-5.79767179489,-22.4962215424,1.65620696545,-1.56921648979,-11.314163208,33.9302024841,157.535949707,58.9893569946,-26.9176540375,4.2708773613,1.45447719097,7.59905719757],[-200.359329224,-31.3185768127,42.172492981,9.86945343018,15.9648189545,-9.0819196701,-8.16168308258,58.9893569946,112.098304749,29.302318573,-8.56995582581,-9.4700088501,1.64446878433],[-25.4796104431,-18.4681625366,0.758858442307,19.7653255463,21.6186122894,9.83495330811,-2.01499700546,-26.9176540375,29.302318573,105.662956238,31.9370384216,-10.0909786224,-18.42877388],[-139.172973633,0.187836706638,-18.7971172333,-6.42928266525,-0.795545399189,-7.18532800674,4.00432538986,4.2708773613,-8.56995582581,31.9370384216,94.5893554688,31.2952079773,-4.54786014557],[-39.8327980042,14.0713071823,20.1223945618,-22.7306804657,1.39534556866,-4.45234680176,1.75998234749,1.45447719097,-9.4700088501,-10.0909786224,31.2952079773,88.4909973145,26.7974529266],[-181.584411621,-2.65896224976,31.4802131653,-3.85635924339,-4.64166355133,-0.896943569183,-4.52102136612,7.59905719757,1.64446878433,-18.42877388,-4.54786014557,26.7974529266,74.7144012451]],"icov":[[0.0000825626775622,-0.0000312469819619,0.00013605139975,-0.000127633291413,0.000142976277857,-0.000120168559079,0.000187562851352,-0.000190001621377,0.000224225848797,-0.000151492538862,0.000276165053947,-0.000186608507647,0.000215187348658],[-0.0000312469819619,0.0013057742035,-0.0000847178525873,0.000227592594456,-0.000455959816463,0.000509905512445,0.0000346004308085,-0.0000896037745406,0.000454842112958,0.0000656664269627,0.0000351409507857,-0.0000799228510004,0.0000439628129243],[0.00013605139975,-0.0000847178525873,0.00130540132523,-0.000839619140606,-0.0000578542203584,-0.000201420087251,-0.000150891966769,0.000359132012818,-0.000479936832562,0.000213481282117,0.000476054643514,-0.000647428561933,0.00000702431361788],[-0.000127633291413,0.000227592594456,-0.000839619140606,0.0038472507149,-0.00118325813673,0.000314264092594,0.000926877080929,-0.00065529771382,0.000700004748069,-0.000703258847352,-0.000236859690631,0.0013019569451,-0.000367014756193],[0.000142976277857,-0.000455959816463,-0.0000578542203584,-0.00118325813673,0.00462379306555,-0.00117369962391,-0.000635447446257,0.0000152681004693,-0.000406370294513,-0.000692800385877,0.000596256228164,-0.000817401043605,0.000695251335856],[-0.000120168559079,0.000509905512445,-0.000201420087251,0.000314264092594,-0.00117369962391,0.00680996850133,-0.00313350697979,0.00114210287575,0.0000294644760288,-0.000345032283803,0.000326696987031,0.000456051813671,-0.00069919321686],[0.000187562851352,0.0000346004308085,-0.000150891966769,0.000926877080929,-0.000635447446257,-0.00313350697979,0.00943584926426,-0.00397562328726,0.00335580972023,-0.00155331508722,0.000867843395099,-0.000409841304645,0.00120955053717],[-0.000190001621377,-0.0000896037745406,0.000359132012818,-0.00065529771382,0.0000152681004693,0.00114210287575,-0.00397562328726,0.0119950054213,-0.00885389652103,0.00652049900964,-0.00394771574065,0.00108984974213,-0.000923993706238],[0.000224225848797,0.000454842112958,-0.000479936832562,0.000700004748069,-0.000406370294513,0.0000294644760288,0.00335580972023,-0.00885389652103,0.0170887913555,-0.00845070555806,0.00510318670422,-0.000508343160618,-0.0000894176773727],[-0.000151492538862,0.0000656664269627,0.000213481282117,-0.000703258847352,-0.000692800385877,-0.000345032283803,-0.00155331508722,0.00652049900964,-0.00845070555806,0.0165906660259,-0.00774101726711,0.00288805854507,0.00147469446529],[0.000276165053947,0.0000351409507857,0.000476054643514,-0.000236859690631,0.000596256228164,0.000326696987031,0.000867843395099,-0.00394771574065,0.00510318670422,-0.00774101726711,0.0167374443263,-0.00699693523347,0.00246129510924],[-0.000186608507647,-0.0000799228510004,-0.000647428561933,0.0013019569451,-0.000817401043605,0.000456051813671,-0.000409841304645,0.00108984974213,-0.000508343160618,0.00288805854507,-0.00699693523347,0.0162514913827,-0.00582853937522],[0.000215187348658,0.0000439628129243,0.00000702431361788,-0.000367014756193,0.000695251335856,-0.00069919321686,0.00120955053717,-0.000923993706238,-0.0000894176773727,0.00147469446529,0.00246129510924,-0.00582853937522,0.0166949406266]],"mean":[-22.4613685608,66.3534317017,-104.092880249,17.2499370575,-25.5484371185,0.951715528965,-28.1201076508,5.13820075989,-21.6601982117,-2.91071557999,-10.5607614517,1.94954502583,-10.531083107]},"hfc":{"dmean":5.01820135117,"dmean2":6.98227310181,"dvar":47.4769134521,"dvar2":91.0106430054,"max":142.650695801,"mean":18.3747119904,"median":12.0756473541,"min":1.03515850162e-16,"var":364.154510498},"melbands":{"dmean":[0.000701444980223,0.000958772143349,0.000235773288296,0.000147885322804,0.000108383625047,0.000119987991638,0.0000712053952157,0.0000447811944468,0.0000370758680219,0.0000750117687858,0.0000752919440856,0.0000716498325346,0.0000542387169844,0.0000434082394349,0.0000386208994314,0.0000526120238646,0.0000564584443055,0.0000405239807151,0.0000301280124404,0.0000260052784142,0.0000202878163691,0.0000183720258065,0.0000129502159325,0.0000107925734483,0.0000131897249958,0.0000107788573587,0.00000499499765283,0.00000333988691636,0.00000176210141944,9.02911153844e-7,7.7504176943e-7,5.64056335861e-7,4.7745743359e-7,3.82610465977e-7,3.52435108653e-7,3.14977825155e-7,3.46852544908e-7,2.70722978257e-7,2.00836552722e-7,1.45960967757e-7],"dmean2":[0.00110684498213,0.00148753263056,0.000391215231502,0.000242205191171,0.000170597661054,0.000190910272067,0.000110816712549,0.0000696850256645,0.0000568104114791,0.000116926814371,0.00011255582649,0.000107201114588,0.0000833217782201,0.0000642594604869,0.0000564167312405,0.0000812856596895,0.0000809996490716,0.0000603959961154,0.0000443334029114,0.000039312071749,0.0000297196311294,0.0000277704439213,0.0000196220025828,0.000016596966816,0.0000200661670533,0.0000160385352501,0.0000074223385127,0.00000513512395628,0.00000268679559667,0.00000137084089147,0.00000119278388411,8.55944165323e-7,7.33731326363e-7,5.77355251608e-7,5.23323535617e-7,4.5944554472e-7,5.02337854869e-7,3.97667605512e-7,2.93766504456e-7,2.13454200093e-7],"dvar":[0.00000159699470714,0.00000292767640531,1.40847532748e-7,5.01041093059e-8,3.18314334891e-8,4.04271744969e-8,2.19684004321e-8,1.38938585081e-8,1.739468658e-8,4.27547703907e-8,4.18275902803e-8,3.4117448422e-8,2.8814872266e-8,2.10162500736e-8,2.26630305633e-8,3.50326949672e-8,5.50441896507e-8,1.85408630671e-8,1.26914221354e-8,4.18964374305e-9,3.02722513723e-9,2.61471133634e-9,1.91863991361e-9,8.98160879004e-10,9.49961109775e-10,9.99276883462e-10,1.45079906422e-10,5.96546215204e-11,1.93513503832e-11,3.85392325691e-12,4.70120210122e-12,1.74355614582e-12,7.51285427099e-13,4.50663974454e-13,4.88985317081e-13,5.50603453889e-13,1.00527995216e-12,7.73471618785e-13,8.82074415679e-13,2.61967693631e-13],"dvar2":[0.00000364447600987,0.00000638529081698,3.72715732055e-7,1.30692214384e-7,7.47634132381e-8,1.0343421053e-7,5.21151051203e-8,3.36211165575e-8,4.73181529514e-8,1.07175203823e-7,9.72016849232e-8,7.37417309438e-8,6.68776962698e-8,4.34351967726e-8,4.26290540645e-8,7.76323076934e-8,1.04152071856e-7,3.72083555078e-8,2.88379755631e-8,8.68584137947e-9,5.26814680768e-9,5.43504308226e-9,4.02411881595e-9,1.84978421469e-9,1.95262406244e-9,2.33589236842e-9,2.80679202103e-10,1.47160686415e-10,4.43602203581e-11,8.59595901403e-12,1.12207838507e-11,3.63825029132e-12,1.76760960469e-12,1.01553509525e-12,1.04314506252e-12,9.95064057194e-13,1.67223602587e-12,1.6428472081e-12,1.75735988261e-12,5.44238536616e-13],"max":[0.0113085964695,0.0133994016796,0.0052876546979,0.00368883716874,0.00465932814404,0.00320948078297,0.00353643274866,0.00330164167099,0.00526495696977,0.00452314363793,0.00441559776664,0.00460090721026,0.00446224864572,0.00599304353818,0.00633470714092,0.0075647411868,0.00665517430753,0.00514280097559,0.00425591412932,0.00248489738442,0.00225777830929,0.00135549041443,0.00202728342265,0.0013974456815,0.00100369565189,0.00160690990742,0.000451380736195,0.000233428771026,0.000166768979398,0.000058837220422,0.0000669263099553,0.0000472945466754,0.0000221659411181,0.0000189687634702,0.0000209501395148,0.0000404799684475,0.0000659735233057,0.0000368531509594,0.000050704813475,0.0000280760068563],"mean":[0.00078214216046,0.00116158055607,0.000364419160178,0.00024840986589,0.000196248904103,0.000206195210922,0.000124142708955,0.0000789154873928,0.0000688619838911,0.000131180480821,0.000135897455039,0.000144704245031,0.0000993193534669,0.0000762192794355,0.0000675900446367,0.000105914186861,0.0000883197135408,0.0000669731234666,0.0000522420923517,0.000047958430514,0.0000360673111572,0.0000322595733451,0.0000242619498749,0.0000203251092898,0.0000244712846325,0.0000216787320824,0.0000101228943095,0.00000663750915919,0.00000336191988026,0.0000018030781348,0.00000148771584918,0.00000109554741812,8.88343322458e-7,7.15080147984e-7,6.92462549523e-7,6.00657358518e-7,6.41234635168e-7,4.66436091529e-7,3.50585253273e-7,2.48702065164e-7],"median":[0.000256436585914,0.00041545717977,0.000233483704505,0.000165846169693,0.000115486778668,0.000102352270915,0.0000559336403967,0.0000225128042075,0.000014301876945,0.000022384669137,0.0000259635780822,0.0000201913080673,0.0000162302567333,0.0000146559395944,0.0000103770516944,0.000014976672901,0.0000119357428048,0.0000144324658322,0.00001238648656,0.0000143929892147,0.0000105906137833,0.00000897499285202,0.000008097211321,0.00000794648713054,0.00000783514860814,0.00000589574028709,0.00000327654720422,0.00000243082331508,0.00000125067140289,6.142967095e-7,4.63475430479e-7,4.82865061713e-7,4.45956089834e-7,3.61134908644e-7,3.60956676104e-7,2.82257417439e-7,2.99771528489e-7,2.34079877259e-7,1.5262422437e-7,1.09120634306e-7],"min":[8.89766371583e-25,1.82125816024e-24,9.21419908443e-25,2.13668971522e-24,1.02243739305e-24,6.91844325907e-25,1.72728234389e-24,2.03647696734e-24,2.26069233863e-24,2.68643445551e-24,2.55466391876e-24,1.90997247157e-24,2.75243746137e-24,2.21009598346e-24,2.48911529678e-24,2.88081313521e-24,2.17008377506e-24,4.28501355107e-24,4.39489398656e-24,3.93651018593e-24,4.70787810058e-24,4.11513393285e-24,3.2065509607e-24,4.20270025435e-24,5.30064908958e-24,4.00277607969e-24,5.09425388892e-24,6.12686295309e-24,5.07497373396e-24,4.64527567686e-24,5.38906067553e-24,6.00775521159e-24,5.41059105621e-24,5.57019891659e-24,4.55106083566e-24,5.64485513493e-24,5.7825464672e-24,5.15814057819e-24,5.69440309396e-24,6.01093747648e-24],"var":[0.00000187825548892,0.00000366816811948,1.78667150408e-7,7.64932295283e-8,6.77818263739e-8,9.07944581741e-8,5.39681970224e-8,3.22603348479e-8,4.04879578753e-8,1.19326173831e-7,1.05357180757e-7,1.2189094889e-7,8.50320773793e-8,5.37289395197e-8,6.54325376104e-8,1.66249591871e-7,1.32332431235e-7,4.90260809727e-8,3.30795977277e-8,1.33744544328e-8,8.73427818959e-9,6.10512307375e-9,5.4724322851e-9,2.07008676867e-9,2.49106513195e-9,4.22593648963e-9,5.37807298695e-10,1.60723837017e-10,4.95242180598e-11,1.16745909814e-11,1.17274905065e-11,3.79937661193e-12,1.5952087741e-12,1.01143887103e-12,1.09034493673e-12,1.60852537887e-12,3.0905243642e-12,1.3131008867e-12,1.36622820262e-12,4.11350722365e-13]},"melbands_crest":{"dmean":3.41428232193,"dmean2":5.48165845871,"dvar":9.56404781342,"dvar2":22.1092472076,"max":33.4320106506,"mean":12.6527500153,"median":11.8490858078,"min":1.62779152393,"var":25.1111278534},"melbands_flatness_db":{"dmean":0.028123293072,"dmean2":0.0409131161869,"dvar":0.000845859642141,"dvar2":0.00173935072962,"max":0.548766493797,"mean":0.188999980688,"median":0.176000148058,"min":0.00316707999445,"var":0.00476504024118},"melbands_kurtosis":{"dmean":9.42887687683,"dmean2":14.6315326691,"dvar":621.755859375,"dvar2":1422.9005127,"max":525.460510254,"mean":12.5364561081,"median":2.95168781281,"min":-1.93367922306,"var":936.532836914},"melbands_skewness":{"dmean":0.902987241745,"dmean2":1.30836856365,"dvar":1.43079912663,"dvar2":2.83588576317,"max":18.6281337738,"mean":2.1608850956,"median":1.64511442184,"min":-3.04323911667,"var":4.67475938797},"melbands_spread":{"dmean":8.92978000641,"dmean2":13.5631790161,"dvar":129.295028687,"dvar2":265.513061523,"max":303.548095703,"mean":31.1164264679,"median":28.5795555115,"min":0.404351919889,"var":482.429748535},"mfcc":{"cov":[[8657.72167969,66.9768447876,-904.644958496,-139.115844727,-296.386932373,-197.248352051,-135.351776123,9.14196872711,-82.1908187866,100.246032715,-51.5425415039,46.2299041748,28.2736473083],[66.9768447876,938.262023926,18.7845058441,51.0773773193,56.3301353455,-9.11734485626,27.8998947144,23.0191726685,-13.341966629,-30.949634552,14.5362625122,-47.5178527832,8.65083312988],[-904.644958496,18.7845058441,744.677734375,172.764801025,120.037818909,74.5931777954,17.1239948273,16.3092041016,36.9573554993,-17.8667850494,0.998234391212,1.12866413593,-9.39814090729],[-139.115844727,51.0773773193,172.764801025,331.753356934,137.843017578,20.175901413,11.202173233,-11.554901123,15.8452262878,-0.237372636795,1.23994171619,18.2211532593,24.7300872803],[-296.386932373,56.3301353455,120.037818909,137.843017578,241.983520508,57.1709709167,10.432050705,13.9922208786,28.185131073,23.7130146027,-3.80353188515,7.98792266846,6.59929323196],[-197.248352051,-9.11734485626,74.5931777954,20.175901413,57.1709709167,231.957550049,72.6456451416,-25.7095451355,18.1115531921,-19.4908981323,31.2549819946,3.3091442585,-13.4299478531],[-135.351776123,27.8998947144,17.1239948273,11.202173233,10.432050705,72.6456451416,156.226028442,45.3349647522,-3.63310050964,9.42303848267,-2.89207720757,1.05548238754,10.6837301254],[9.14196872711,23.0191726685,16.3092041016,-11.554901123,13.9922208786,-25.7095451355,45.3349647522,140.25944519,42.2765312195,5.80526018143,-11.7542190552,-7.93126535416,8.88191509247],[-82.1908187866,-13.341966629,36.9573554993,15.8452262878,28.185131073,18.1115531921,-3.63310050964,42.2765312195,118.600975037,35.9427185059,7.80006694794,3.28042006493,-10.8393745422],[100.246032715,-30.949634552,-17.8667850494,-0.237372636795,23.7130146027,-19.4908981323,9.42303848267,5.80526018143,35.9427185059,116.235466003,16.1079502106,-0.167874783278,-1.16441547871],[-51.5425415039,14.5362625122,0.998234391212,1.23994171619,-3.80353188515,31.2549819946,-2.89207720757,-11.7542190552,7.80006694794,16.1079502106,110.304000854,38.1674613953,-13.5290403366],[46.2299041748,-47.5178527832,1.12866413593,18.2211532593,7.98792266846,3.3091442585,1.05548238754,-7.93126535416,3.28042006493,-0.167874783278,38.1674613953,110.67099762,28.5097866058],[28.2736473083,8.65083312988,-9.39814090729,24.7300872803,6.59929323196,-13.4299478531,10.6837301254,8.88191509247,-10.8393745422,-1.16441547871,-13.5290403366,28.5097866058,103.658851624]],"icov":[[0.00014745433873,-0.0000440674593847,0.000170231855009,-0.000125397578813,0.000224240735406,-0.000139391951961,0.000258256826783,-0.000207641875022,0.000193118365132,-0.000280441832729,0.000204936499358,-0.00018376026128,0.0000619787897449],[-0.0000440674593847,0.00120016746223,-0.0000186432589544,-0.0000106838497231,-0.000500419177115,0.000452735897852,-0.000504686438944,0.000114850379759,-0.000112863788672,0.000708964187652,-0.00077942351345,0.000925587431993,-0.000314724893542],[0.000170231855009,-0.0000186432589544,0.00182288046926,-0.000867877330165,-0.0000516965228599,-0.000550591561478,0.000404222286306,-0.00051621068269,-0.0000299542825815,0.000011179196008,0.000282407301711,-0.000159465300385,0.000339681631885],[-0.000125397578813,-0.0000106838497231,-0.000867877330165,0.00468806549907,-0.00269694300368,0.0012064636685,-0.00124694302212,0.00166997255292,-0.00102548336145,0.0011487667216,-0.000652606773656,0.000104395039671,-0.00105681375135],[0.000224240735406,-0.000500419177115,-0.0000516965228599,-0.00269694300368,0.00698757963255,-0.002688288223,0.00207194173709,-0.00208342634141,0.000828972726595,-0.00279302336276,0.00186823145486,-0.00124132505152,0.000431698921602],[-0.000139391951961,0.000452735897852,-0.000550591561478,0.0012064636685,-0.002688288223,0.00806365348399,-0.00539874238893,0.0042611095123,-0.00328783574514,0.00372483814135,-0.00304834521376,0.00153742835391,-0.0000529867102159],[0.000258256826783,-0.000504686438944,0.000404222286306,-0.00124694302212,0.00207194173709,-0.00539874238893,0.0111999176443,-0.00582193396986,0.00394217064604,-0.00377735914662,0.00225467211567,-0.00150948914234,-0.000101815734524],[-0.000207641875022,0.000114850379759,-0.00051621068269,0.00166997255292,-0.00208342634141,0.0042611095123,-0.00582193396986,0.0119008822367,-0.00579878082499,0.00308186141774,-0.00107179407496,0.00168061652221,-0.00130698666908],[0.000193118365132,-0.000112863788672,-0.0000299542825815,-0.00102548336145,0.000828972726595,-0.00328783574514,0.00394217064604,-0.00579878082499,0.0128518445417,-0.00507307657972,0.00115361367352,-0.00159571110271,0.00168683647644],[-0.000280441832729,0.000708964187652,0.000011179196008,0.0011487667216,-0.00279302336276,0.00372483814135,-0.00377735914662,0.00308186141774,-0.00507307657972,0.0124303568155,-0.0034856533166,0.00218706158921,-0.000917368044611],[0.000204936499358,-0.00077942351345,0.000282407301711,-0.000652606773656,0.00186823145486,-0.00304834521376,0.00225467211567,-0.00107179407496,0.00115361367352,-0.0034856533166,0.0128852017224,-0.00567792262882,0.0028608373832],[-0.00018376026128,0.000925587431993,-0.000159465300385,0.000104395039671,-0.00124132505152,0.00153742835391,-0.00150948914234,0.00168061652221,-0.00159571110271,0.00218706158921,-0.00567792262882,0.012755414471,-0.00416822498664],[0.0000619787897449,-0.000314724893542,0.000339681631885,-0.00105681375135,0.000431698921602,-0.0000529867102159,-0.000101815734524,-0.00130698666908,0.00168683647644,-0.000917368044611,0.0028608373832,-0.00416822498664,0.0117133185267]],"mean":[-674.014343262,116.155044556,-14.0226821899,26.9015388489,16.3452320099,3.25470757484,5.83883428574,6.66843700409,-3.81833839417,3.27948093414,-3.76839923859,-4.86636304855,-0.471360087395]},"pitch_salience":{"dmean":0.0811130255461,"dmean2":0.126836434007,"dvar":0.00588754238561,"dvar2":0.0134268905967,"max":0.957059204578,"mean":0.533399641514,"median":0.542555510998,"min":0.0851454883814,"var":0.0154099529609},"silence_rate_20dB":{"dmean":0,"dmean2":0,"dvar":0,"dvar2":0,"max":1,"mean":1,"median":1,"min":1,"var":0},"silence_rate_30dB":{"dmean":0,"dmean2":0,"dvar":0,"dvar2":0,"max":1,"mean":1,"median":1,"min":1,"var":0},"silence_rate_60dB":{"dmean":0.0421848334372,"dmean2":0.0843799561262,"dvar":0.0404021218419,"dvar2":0.0899497717619,"max":1,"mean":0.0981348305941,"median":0,"min":0,"var":0.0885097980499},"spectral_centroid":{"dmean":252.844146729,"dmean2":374.019195557,"dvar":81841.3671875,"dvar2":162455.3125,"max":11701.2978516,"mean":1703.91601562,"median":1641.62915039,"min":166.793411255,"var":1199196.875},"spectral_complexity":{"dmean":3.07315278053,"dmean2":4.52188777924,"dvar":11.6666164398,"dvar2":22.7831535339,"max":49,"mean":15.7995853424,"median":15,"min":0,"var":87.1550827026},"spectral_contrast_coeffs":{"dmean":[0.0477396175265,0.0470051392913,0.0415698997676,0.0340087078512,0.0245807617903,0.0164631530643],"dmean2":[0.0789984837174,0.0755321010947,0.0643768832088,0.052668441087,0.0369903966784,0.025155223906],"dvar":[0.0015684455866,0.00148175400682,0.0011667329818,0.000874089368153,0.000449506798759,0.000207823119126],"dvar2":[0.00421620346606,0.0038143794518,0.00256773363799,0.00183511176147,0.000915341370273,0.000441820098786],"max":[-0.407602310181,-0.401666909456,-0.428369909525,-0.489344477654,-0.537628829479,-0.63885986805],"mean":[-0.684762001038,-0.720800757408,-0.736806511879,-0.751926660538,-0.764606058598,-0.789860069752],"median":[-0.687960863113,-0.727835536003,-0.742828369141,-0.757913827896,-0.7691218853,-0.793222844601],"min":[-0.981413662434,-0.978792130947,-0.973699390888,-0.968922317028,-0.968860208988,-0.965054273605],"var":[0.00502590695396,0.00683431560174,0.00704356376082,0.00497769983485,0.0036637566518,0.00184662733227]},"spectral_contrast_valleys":{"dmean":[0.45536544919,0.397550374269,0.324941009283,0.299611866474,0.257467806339,0.284678190947],"dmean2":[0.713167130947,0.620847642422,0.504770219326,0.446527957916,0.359740316868,0.347830057144],"dvar":[0.178400665522,0.133690774441,0.0895773097873,0.0892113819718,0.0832044184208,0.105425752699],"dvar2":[0.380085885525,0.277047842741,0.181454569101,0.169136121869,0.143351525068,0.16226349771],"max":[-5.58394908905,-5.35100412369,-5.63603687286,-5.70903921127,-5.83498907089,-8.17936038971],"mean":[-7.63434696198,-7.63660669327,-7.96160984039,-8.08553981781,-7.94450187683,-10.6048355103],"median":[-7.33197832108,-7.31438446045,-7.6849770546,-7.76109695435,-7.64902830124,-10.3012895584],"min":[-28.1906280518,-27.8419494629,-27.8723621368,-27.6295490265,-27.5678482056,-27.3766460419],"var":[4.38947534561,4.56224918365,4.34371232986,4.32826805115,4.29153347015,3.42646074295]},"spectral_decrease":{"dmean":1.48230261399e-9,"dmean2":2.20139551033e-9,"dvar":3.46778597328e-18,"dvar2":7.21814925152e-18,"max":2.92377353114e-19,"mean":-4.14082146349e-9,"median":-3.34859096007e-9,"min":-2.02261603022e-8,"var":1.03601989442e-17},"spectral_energy":{"dmean":0.005903609097,"dmean2":0.00871336460114,"dvar":0.0000529050921614,"dvar2":0.000108750748041,"max":0.088724181056,"mean":0.0172950737178,"median":0.0138875767589,"min":9.81250594901e-21,"var":0.000181238021469},"spectral_energyband_high":{"dmean":0.000191636907402,"dmean2":0.00027355417842,"dvar":1.09183474706e-7,"dvar2":2.28238221212e-7,"max":0.00925734452903,"mean":0.000438115297584,"median":0.00024365108402,"min":7.18868339143e-21,"var":3.38065319738e-7},"spectral_energyband_low":{"dmean":0.00410768808797,"dmean2":0.00628739828244,"dvar":0.0000482945361,"dvar2":0.000103589489299,"max":0.0547309331596,"mean":0.00529742101207,"median":0.00222837040201,"min":1.75090880689e-23,"var":0.000063927116571},"spectral_energyband_middle_high":{"dmean":0.00215703411959,"dmean2":0.00305199017748,"dvar":0.0000129334166559,"dvar2":0.0000246659255936,"max":0.0842590108514,"mean":0.00719460006803,"median":0.00336911110207,"min":1.21867089853e-21,"var":0.0000924101041164},"spectral_energyband_middle_low":{"dmean":0.00182747840881,"dmean2":0.00285733002238,"dvar":0.00000531080149813,"dvar2":0.0000126433897094,"max":0.0330316200852,"mean":0.00480890646577,"median":0.0037307261955,"min":1.55576837943e-22,"var":0.0000176505363925},"spectral_entropy":{"dmean":0.155389115214,"dmean2":0.209079295397,"dvar":0.0239941123873,"dvar2":0.042935539037,"max":9.82622623444,"mean":7.52133274078,"median":7.53389883041,"min":5.46484279633,"var":0.181547924876},"spectral_flux":{"dmean":0.0246092323214,"dmean2":0.0399258211255,"dvar":0.00065741391154,"dvar2":0.00166116561741,"max":0.268232733011,"mean":0.0737215429544,"median":0.067291893065,"min":6.33416721851e-11,"var":0.00177847314626},"spectral_kurtosis":{"dmean":1.33544671535,"dmean2":2.074010849,"dvar":2.03558802605,"dvar2":4.78319597244,"max":44.5580635071,"mean":6.90776157379,"median":6.65738773346,"min":-1.26372981071,"var":9.22340011597},"spectral_rms":{"dmean":0.000692630244885,"dmean2":0.000991562847048,"dvar":6.02067586897e-7,"dvar2":0.00000113579585559,"max":0.0093037718907,"mean":0.00375306489877,"median":0.00368087692186,"min":3.09405496016e-12,"var":0.00000278779020846},"spectral_rolloff":{"dmean":510.774139404,"dmean2":825.541748047,"dvar":922933.125,"dvar2":1975016.75,"max":19595.2148438,"mean":1917.31811523,"median":1722.65625,"min":86.1328125,"var":4543887.5},"spectral_skewness":{"dmean":0.179907098413,"dmean2":0.274084240198,"dvar":0.0306971184909,"dvar2":0.0668407231569,"max":5.69734811783,"mean":1.83812499046,"median":1.83474671841,"min":-0.0747680664062,"var":0.188773810863},"spectral_spread":{"dmean":586082.25,"dmean2":814789.625,"dvar":791681695744,"dvar2":1550140178430,"max":42871140,"mean":4716031.5,"median":4013820,"min":1507709.625,"var":13984995475500},"spectral_strongpeak":{"dmean":0.771059632301,"dmean2":1.26314902306,"dvar":1.73751974106,"dvar2":4.20780515671,"max":21.5832805634,"mean":1.38278746605,"median":0.456977456808,"min":0,"var":4.41399049759},"zerocrossingrate":{"dmean":0.0117294061929,"dmean2":0.0140474485233,"dvar":0.000222987990128,"dvar2":0.000280105363345,"max":0.5234375,"mean":0.0748673304915,"median":0.06787109375,"min":0.00390625,"var":0.0027721519582}},"metadata":{"audio_properties":{"analysis_sample_rate":44100,"bit_rate":192000,"codec":"mp3","downmix":"mix","equal_loudness":0,"length":190.432647705,"lossless":false,"md5_encoded":"4d0591e1ca39dc7d43fa9c90fb53d399","replay_gain":-15.1354541779,"sample_rate":44100},"tags":{"album":["Together"],"artist":["Diana Ross & The Supremes And The Temptations"],"bpm":["103"],"composer":["Marvin Gaye"],"date":["1970"],"encoding":["Audiograbber 1.83.01, LAME dll 3.91, 192 Kbit/s, Joint Stereo, Normal quality"],"file_name":"01 Stubborn Kind of Fellow 8.mp3","genre":["Motown"],"initialkey":["F"],"language":["eng"],"musicbrainz_albumid":["14de5d2d-9e5e-4930-8e47-bf82dc3908fb"],"musicbrainz_artistid":["d0c2866e-e7e6-4d88-9a3c-fcb313eacc55"],"musicbrainz_recordingid":["51221e44-2ecb-4cdf-b5d1-ed83deebf363"],"title":["Stubborn Kind of Fellow"],"tracknumber":["1/20"]},"version":{"essentia":"2.1-beta2","essentia_build_sha":"cead25079874084f62182a551b7393616cd33d87","essentia_git_sha":"v2.1_beta2-1-ge3940c0","extractor":"music 1.0"}},"rhythm":{"beats_count":326,"beats_loudness":{"dmean":0.010547246784,"dmean2":0.0184843298048,"dvar":0.000074775016401,"dvar2":0.000187637313502,"max":0.0708213821054,"mean":0.0238492041826,"median":0.0218803919852,"min":0,"var":0.000150519379531},"beats_loudness_band_ratio":{"dmean":[0.264181852341,0.11095765233,0.101757377386,0.134073317051,0.105083033442,0.054228503257],"dmean2":[0.473334878683,0.203788757324,0.169664844871,0.235081210732,0.180616348982,0.0999134704471],"dvar":[0.0419480614364,0.0101590165868,0.00976290367544,0.0196764599532,0.00944689381868,0.00255461526103],"dvar2":[0.12072725594,0.0296637415886,0.0260054301471,0.0490998588502,0.0250813812017,0.00706479232758],"max":[0.976315796375,0.537014186382,0.725032567978,0.813365697861,0.661769032478,0.32083851099],"mean":[0.416961848736,0.131076440215,0.113711819053,0.167177423835,0.136820778251,0.0664830952883],"med