{"lowlevel":{"average_loudness":0.520599126816,"barkbands":{"dmean":[0.00000681611390974,0.000305448862491,0.00147904257756,0.000689246109687,0.00103978998959,0.000546372670215,0.000680189346895,0.000694267218933,0.000544730224647,0.000153573855641,0.000177957408596,0.000173040592927,0.000133310662932,0.0000805600211606,0.0000559661821171,0.0000559105137654,0.0000668161301292,0.000101611854916,0.000105366241769,0.0000143618517541,0.0000104920973172,0.00000793021717982,0.00000560796434002,0.00000590305808146,0.00000214062583836,1.29261195525e-7,1.12301556499e-7],"dmean2":[0.0000108639014798,0.000457117770566,0.00207497132942,0.00112341879867,0.00157904392108,0.000843079469632,0.00101650715806,0.000964343023952,0.000728126848117,0.000209405479836,0.000258627231233,0.000244038834353,0.000185414115549,0.000125962804304,0.0000857323029777,0.0000905614288058,0.0000976695228019,0.000153586399392,0.00015527002688,0.0000214405699808,0.0000152255051944,0.0000117470917758,0.00000868528059073,0.00000946652380662,0.00000333406410391,1.94596609049e-7,1.86005024716e-7],"dvar":[6.06314928819e-11,7.62363981721e-7,0.0000190943901544,0.0000016716189748,0.00000555226870347,0.00000113916314604,0.00000391429148294,0.0000043144036681,0.00000445905288871,4.16228175482e-7,0.00000148396952682,7.03442651684e-7,3.26693566421e-7,1.12797302165e-7,4.30763371639e-8,3.5296977785e-8,3.28080922429e-8,6.62366801407e-8,9.81249783649e-8,4.47652492852e-9,9.22920018187e-10,4.5035356e-10,3.54174273243e-10,4.58564741734e-10,6.67417857092e-11,2.26425608406e-13,1.83543853944e-13],"dvar2":[1.42938119674e-10,0.00000151931237724,0.0000314296776196,0.0000043918744268,0.0000120355744002,0.00000259790999735,0.00000840219126985,0.00000810047913546,0.00000772923431214,7.61942089866e-7,0.00000304273112306,0.0000015334036334,5.62854609143e-7,2.30281528957e-7,8.70300240763e-8,8.83864714751e-8,6.43668229827e-8,1.44439169958e-7,1.9465647938e-7,9.97708582418e-9,1.83432369294e-9,9.27312615584e-10,8.21348711266e-10,1.13816878144e-9,1.54445761735e-10,5.45207217047e-13,5.13662625889e-13],"max":[0.000100033415947,0.0272581297904,0.0883337110281,0.0254986342043,0.0530222430825,0.0187433771789,0.0609353855252,0.0653094276786,0.0926468074322,0.0326224938035,0.0628846287727,0.0327159017324,0.0269488114864,0.0158561337739,0.00641255127266,0.00798701494932,0.00539080053568,0.011352641508,0.00944154616445,0.00392944738269,0.0011736608576,0.000518120417837,0.000395275215851,0.000539512489922,0.000217936118133,0.000013778986613,0.0000184057680599],"mean":[0.0000247550142376,0.000780606816988,0.00321910344064,0.00110802915879,0.0019241651753,0.00118390668649,0.00137964705937,0.00147868611384,0.00149891420733,0.00031386554474,0.000464035460027,0.00034634055919,0.000260941305896,0.000127972496557,0.000102316655102,0.0000901617022464,0.000155161498697,0.000256228056969,0.000279188185232,0.0000289614963549,0.0000282111250272,0.0000170628973137,0.00000838036976347,0.00000745809347791,0.00000291625110549,3.27630715447e-7,5.08699542934e-7],"median":[0.0000247165025939,0.00010433649004,0.000704537960701,0.000459610135294,0.000725067511667,0.000402807374485,0.000162863405421,0.00012556189904,0.0000700632372173,0.0000222389753617,0.0000131125852931,0.0000146419060911,0.0000139126432259,0.00000787556200521,0.00000714772249921,0.00000786626605986,0.0000123257350424,0.0000213347120734,0.0000102316171251,0.0000022899812393,0.00000273718933386,0.00000314118892675,0.00000162444803209,0.00000120396327929,4.73521765798e-7,2.15928537273e-7,4.90622539928e-7],"min":[6.05335805258e-26,9.64853801024e-25,1.87257415377e-24,9.42938160393e-25,4.43774136106e-24,1.06298707211e-23,1.18052403378e-23,6.74914207311e-24,2.05193008194e-23,1.40331981043e-23,1.38059651428e-23,1.24110760466e-23,2.97972927187e-23,2.42149816317e-23,2.71647629038e-23,6.41937265563e-23,6.43466456651e-23,8.60289104745e-23,1.08143767672e-22,1.95610695846e-22,2.34841972975e-22,3.61561155667e-22,4.14161239624e-22,6.06071811792e-22,8.73555839283e-22,1.21016452935e-21,1.96317121418e-21],"var":[9.84343717647e-11,0.00000304456557387,0.000071860391472,0.00000308398898596,0.000012472229173,0.00000372240606339,0.0000130881744553,0.0000168572914845,0.0000388111584471,0.00000208063602258,0.00000996721973934,0.000002250507805,0.00000138560255891,3.34871003815e-7,1.48826487134e-7,1.26083762098e-7,1.50598680193e-7,4.17557288301e-7,6.04802949056e-7,2.64301238673e-8,8.11377809384e-9,1.91800042515e-9,5.45083922443e-10,5.87259352258e-10,1.20984791629e-10,2.62080342237e-13,1.35812869739e-13]},"barkbands_crest":{"dmean":2.3104763031,"dmean2":3.63779330254,"dvar":4.929271698,"dvar2":12.0091686249,"max":26.8609600067,"mean":11.7325639725,"median":10.8202171326,"min":3.33785152435,"var":19.3571529388},"barkbands_flatness_db":{"dmean":0.0217310935259,"dmean2":0.031581223011,"dvar":0.000544767244719,"dvar2":0.00100812665187,"max":0.436689078808,"mean":0.196986123919,"median":0.185904040933,"min":0.0508425571024,"var":0.00427971500903},"barkbands_kurtosis":{"dmean":6.33013486862,"dmean2":9.54268264771,"dvar":152.27923584,"dvar2":296.08795166,"max":762.928527832,"mean":14.1801128387,"median":6.92518758774,"min":-1.80494511127,"var":767.658569336},"barkbands_skewness":{"dmean":0.610634744167,"dmean2":0.931200265884,"dvar":0.522624254227,"dvar2":1.1109970808,"max":26.3195800781,"mean":2.37243413925,"median":2.16339874268,"min":-2.48713922501,"var":3.16396689415},"barkbands_spread":{"dmean":3.38732790947,"dmean2":5.20911026001,"dvar":30.6563777924,"dvar2":64.9446105957,"max":116.816581726,"mean":11.7125110626,"median":9.10591316223,"min":0.368809014559,"var":110.611175537},"dissonance":{"dmean":0.0281289499253,"dmean2":0.0453871488571,"dvar":0.000728863640688,"dvar2":0.00177389848977,"max":0.499908030033,"mean":0.417364478111,"median":0.427915811539,"min":0.0943213924766,"var":0.00335798901506},"dynamic_complexity":5.60184717178,"erbbands":{"dmean":[0.00237747444771,0.112434968352,1.34697425365,1.89886939526,3.46693611145,3.49809408188,2.91114330292,5.64795684814,8.2105474472,12.5200910568,13.0532207489,14.3539905548,5.65061998367,7.14104509354,5.17226696014,6.55140686035,5.71306562424,4.26045274734,2.97045063972,2.65914154053,3.01373505592,3.75283622742,4.97962999344,6.39641189575,3.15208888054,0.600681185722,0.347549825907,0.463285028934,0.276731312275,0.175263121724,0.152611449361,0.141977444291,0.0886109396815,0.0403411127627,0.00617293640971,0.000851300836075,0.000222827293328,0.000109367312689,0.0000160202016559,0.00000558952342544],"dmean2":[0.00355777633376,0.16164650023,1.84767150879,2.97692060471,5.38011455536,5.36488008499,4.38837337494,8.76009941101,12.4883384705,17.9043464661,18.3063755035,19.0645866394,7.73800706863,9.97940635681,7.35805177689,9.1296787262,7.72794675827,6.20447540283,4.46940040588,4.06455755234,4.69065713882,5.44971609116,7.42188453674,9.21812152863,4.54397821426,0.875932455063,0.507028520107,0.684082746506,0.402393877506,0.261385530233,0.238929957151,0.227392926812,0.143992036581,0.0621529631317,0.00962023064494,0.00135134614538,0.000329715578118,0.000168835147633,0.0000263986057689,0.00000800397447165],"dvar":[0.0000418714407715,0.0980016961694,16.7002086639,13.417755127,70.7943115234,65.4153366089,41.9294433594,142.586578369,774.978271484,1039.21374512,1285.90698242,3550.50830078,498.669403076,1615.00366211,617.785217285,1254.9230957,601.429138184,289.300109863,117.564033508,86.9941329956,91.7906570435,102.223922729,210.984222412,242.458847046,120.192840576,5.39604663849,1.21052932739,1.82607769966,0.485115557909,0.354246675968,0.267823129892,0.247605592012,0.125410735607,0.0231539923698,0.000540363718756,0.0000098027758213,7.3911689924e-7,2.35463517129e-7,6.06351502341e-9,7.62213347993e-11],"dvar2":[0.0000880071893334,0.176235377789,25.7707462311,31.7405147552,162.639190674,149.640762329,82.1337890625,332.567352295,1740.16223145,2060.43823242,2361.98461914,6353.68554688,894.879333496,3488.84326172,1234.06945801,2846.67578125,940.962768555,538.177734375,240.434158325,185.339920044,222.635559082,205.577880859,445.03314209,505.57598877,215.091674805,11.282450676,2.37551498413,3.77911949158,0.985192239285,0.721105158329,0.638817071915,0.627793967724,0.313029885292,0.0527488663793,0.00128205644432,0.000023985910957,0.0000017818579181,5.98751284997e-7,1.74955872012e-8,1.45536971363e-10],"max":[0.125182211399,9.27158164978,81.5460128784,61.4124183655,190.503189087,192.071456909,187.028076172,237.550262451,1007.69708252,876.475097656,889.44140625,2466.58251953,1215.42358398,2013.69592285,1294.09509277,1489.47802734,1101.0916748,933.11920166,327.410675049,332.676208496,390.270568848,315.15512085,791.377929688,380.153106689,358.770721436,117.046775818,48.2928237915,47.4288215637,19.1539955139,16.4965000153,11.6402606964,12.9121055603,11.0829753876,4.675822258,0.578883469105,0.0668533667922,0.0279404111207,0.0137440245599,0.00385438348167,0.000193048239453],"mean":[0.00646249577403,0.289252400398,3.07230973244,3.77093482018,5.66123056412,6.4217467308,6.37861633301,11.9930667877,16.9579143524,27.3854217529,28.5358505249,38.9069252014,15.0649185181,18.5482292175,12.6521482468,14.2453012466,11.9880418777,8.26453781128,5.56412029266,5.07911920547,5.67761993408,9.06512641907,13.3030395508,17.2235355377,8.61005592346,1.35600292683,0.89696264267,1.2787630558,0.664336979389,0.319439232349,0.221646741033,0.182974025607,0.109400890768,0.0542304590344,0.00872236117721,0.00158276851289,0.000583995541092,0.000262753950665,0.0000736675792723,0.0000256650728261],"median":[0.00104345020372,0.0604749619961,0.718048453331,1.63746786118,1.97764396667,1.91926312447,2.25199651718,3.62645673752,3.22909212112,4.08921194077,3.37588810921,1.83414554596,1.05068039894,0.826471865177,0.701164245605,0.4731746912,0.552362084389,0.598896801472,0.457581758499,0.363836079836,0.552658498287,0.864152908325,1.11737418175,0.97857093811,0.316712081432,0.140243202448,0.103298574686,0.139294564724,0.118212074041,0.0619459524751,0.0411387830973,0.0289637017995,0.0162980910391,0.00820835120976,0.00190182949882,0.000771608611103,0.000416432594648,0.000193377054529,0.000068537745392,0.0000169867416844],"min":[4.23524526319e-23,3.79650051768e-22,3.38783795411e-21,4.55329363388e-21,1.53973257146e-20,1.40592059774e-20,3.33922732024e-20,7.27165235337e-20,6.27550846848e-20,1.65139707508e-19,2.12112360589e-19,5.17817648398e-19,5.72697152933e-19,7.95529218498e-19,9.2231393102e-19,7.85594520847e-19,1.96321082029e-18,2.45199742772e-18,1.59536835818e-18,3.17480894007e-18,4.58360877905e-18,4.38983923901e-18,6.24200126887e-18,5.71560710169e-18,6.47882101029e-18,9.6741419616e-18,9.18271065096e-18,1.10524159408e-17,9.86997779881e-18,1.22885529939e-17,1.09928506649e-17,1.17381437056e-17,9.80443448861e-18,8.6031498635e-18,5.93170514158e-18,4.30066503308e-18,2.12874682486e-18,9.3951204993e-19,2.32155166551e-19,2.8786092112e-20],"var":[0.000148367820657,0.38592427969,64.4307403564,38.6945915222,133.775680542,139.415786743,182.359008789,444.874176025,1846.15490723,4326.25732422,4938.98144531,28107.6738281,3531.74023438,10019.1484375,3036.61181641,4327.38818359,2735.1574707,1114.33728027,394.176300049,315.308105469,390.126281738,452.912200928,1453.15466309,1552.9017334,835.28503418,31.5778045654,8.5200252533,15.7274961472,2.85740327835,0.838506162167,0.36796015501,0.291629880667,0.166948214173,0.0431441105902,0.00085445161676,0.0000124559364849,7.9349160842e-7,2.07769048188e-7,4.11081435558e-9,5.43433409383e-10]},"erbbands_crest":{"dmean":2.39160943031,"dmean2":3.75414824486,"dvar":5.38407993317,"dvar2":13.189863205,"max":26.4463844299,"mean":9.99388408661,"median":9.44842147827,"min":2.36029219627,"var":15.1008300781},"erbbands_flatness_db":{"dmean":0.0168026480824,"dmean2":0.0237486045808,"dvar":0.000315946206683,"dvar2":0.000588375434745,"max":0.398331135511,"mean":0.195356458426,"median":0.196547195315,"min":0.0341812632978,"var":0.00283737108111},"erbbands_kurtosis":{"dmean":1.42640030384,"dmean2":2.228982687,"dvar":5.98321294785,"dvar2":13.1656560898,"max":41.2795906067,"mean":1.86089837551,"median":0.42969429493,"min":-1.8371617794,"var":17.2619533539},"erbbands_skewness":{"dmean":0.394429206848,"dmean2":0.592465102673,"dvar":0.190611213446,"dvar2":0.402304947376,"max":5.49885129929,"mean":0.917472839355,"median":0.895718574524,"min":-2.28764796257,"var":0.946252644062},"erbbands_spread":{"dmean":6.90294694901,"dmean2":10.4692058563,"dvar":90.9253387451,"dvar2":212.576904297,"max":133.992279053,"mean":32.1122779846,"median":30.0229415894,"min":2.30418920517,"var":277.09262085},"gfcc":{"cov":[[26376.7207031,2731.43261719,-4133.8515625,815.423828125,-1673.81640625,-465.084136963,-512.668395996,296.439544678,-227.054840088,-721.935302734,25.352186203,-414.410797119,-602.661987305],[2731.43261719,1156.0168457,21.376996994,-295.549255371,17.4567680359,-166.257247925,46.8780632019,14.5165424347,3.76047706604,-69.5636672974,-15.1137056351,48.5190734863,-68.684135437],[-4133.8515625,21.376996994,1770.32434082,-81.7111129761,298.248199463,198.035354614,135.958023071,-98.3724899292,8.9642534256,130.038162231,-126.992141724,116.927322388,165.932617188],[815.423828125,-295.549255371,-81.7111129761,571.854309082,-5.89161729813,50.8805084229,-47.6181907654,16.4329509735,19.067905426,-30.6431007385,-27.1389694214,-30.8356552124,29.1593284607],[-1673.81640625,17.4567680359,298.248199463,-5.89161729813,479.507843018,36.2500038147,-44.9449958801,-78.1873092651,38.8127975464,121.77885437,-23.2270050049,29.8594379425,60.4868774414],[-465.084136963,-166.257247925,198.035354614,50.8805084229,36.2500038147,279.636413574,80.9074630737,-24.9357872009,-1.76331698895,31.2934894562,-15.35679245,-50.3185691833,15.4116106033],[-512.668395996,46.8780632019,135.958023071,-47.6181907654,-44.9449958801,80.9074630737,351.34777832,128.052566528,-19.0654602051,-72.4438781738,-15.6992845535,24.225774765,-24.9204082489],[296.439544678,14.5165424347,-98.3724899292,16.4329509735,-78.1873092651,-24.9357872009,128.052566528,216.67137146,10.8829069138,-95.2917709351,44.2408447266,18.5587310791,-30.3649330139],[-227.054840088,3.76047706604,8.9642534256,19.067905426,38.8127975464,-1.76331698895,-19.0654602051,10.8829069138,105.571495056,45.5950546265,-7.22299909592,-11.3308019638,5.21115732193],[-721.935302734,-69.5636672974,130.038162231,-30.6431007385,121.77885437,31.2934894562,-72.4438781738,-95.2917709351,45.5950546265,179.217056274,-7.17823696136,-30.7090988159,44.0014877319],[25.352186203,-15.1137056351,-126.992141724,-27.1389694214,-23.2270050049,-15.35679245,-15.6992845535,44.2408447266,-7.22299909592,-7.17823696136,111.868797302,32.8679847717,-19.6382102966],[-414.410797119,48.5190734863,116.927322388,-30.8356552124,29.8594379425,-50.3185691833,24.225774765,18.5587310791,-11.3308019638,-30.7090988159,32.8679847717,124.153594971,25.8705844879],[-602.661987305,-68.684135437,165.932617188,29.1593284607,60.4868774414,15.4116106033,-24.9204082489,-30.3649330139,5.21115732193,44.0014877319,-19.6382102966,25.8705844879,101.543449402]],"icov":[[0.000782035116572,-0.00275458721444,0.00161645549815,-0.00202833255753,0.00208323192783,-0.00199263333343,0.00201169354841,-0.00173201982398,0.00243273004889,-0.00149391440209,0.00236338982359,-0.000747804821003,0.00092655478511],[-0.00275458721444,0.0108979260549,-0.00578865362331,0.00769487209618,-0.00754974130541,0.00770067144185,-0.00725859217346,0.00642363959923,-0.00900470279157,0.00598637992516,-0.00811981782317,0.00266098370776,-0.0026398464106],[0.00161645549815,-0.00578865362331,0.00434690807015,-0.00406287563965,0.00410872092471,-0.00493520824239,0.00401364639401,-0.00378109328449,0.00525797437876,-0.00381942396052,0.00624147662893,-0.00303180655465,0.00126227363944],[-0.00202833255753,0.00769487209618,-0.00406287563965,0.00756029225886,-0.00558469677344,0.00482565909624,-0.00470279809088,0.00421119015664,-0.00696510868147,0.00504233548418,-0.00542078679428,0.0022071574349,-0.0031040427275],[0.00208323192783,-0.00754974130541,0.00410872092471,-0.00558469677344,0.008425924927,-0.00569632882252,0.00561557756737,-0.00466719456017,0.00624642986804,-0.00586798787117,0.0068149776198,-0.00326016894542,0.00234572589397],[-0.00199263333343,0.00770067144185,-0.00493520824239,0.00482565909624,-0.00569632882252,0.0111198816448,-0.00740981847048,0.00651572132483,-0.00665313005447,0.00492174783722,-0.00866318307817,0.00608860142529,-0.00312121096067],[0.00201169354841,-0.00725859217346,0.00401364639401,-0.00470279809088,0.00561557756737,-0.00740981847048,0.0105145080015,-0.00837665330619,0.00754770776257,-0.00441910186782,0.00905699282885,-0.0041901008226,0.00402323063463],[-0.00173201982398,0.00642363959923,-0.00378109328449,0.00421119015664,-0.00466719456017,0.00651572132483,-0.00837665330619,0.014212416485,-0.00942929740995,0.00879924651235,-0.0108819492161,0.00452862866223,-0.0035671046935],[0.00243273004889,-0.00900470279157,0.00525797437876,-0.00696510868147,0.00624642986804,-0.00665313005447,0.00754770776257,-0.00942929740995,0.0202515535057,-0.0101583600044,0.0101374285296,-0.00354977394454,0.00430463114753],[-0.00149391440209,0.00598637992516,-0.00381942396052,0.00504233548418,-0.00586798787117,0.00492174783722,-0.00441910186782,0.00879924651235,-0.0101583600044,0.0165029037744,-0.0094432644546,0.0073959431611,-0.00606907671317],[0.00236338982359,-0.00811981782317,0.00624147662893,-0.00542078679428,0.0068149776198,-0.00866318307817,0.00905699282885,-0.0108819492161,0.0101374285296,-0.0094432644546,0.0231871474534,-0.0104252342135,0.00682807806879],[-0.000747804821003,0.00266098370776,-0.00303180655465,0.0022071574349,-0.00326016894542,0.00608860142529,-0.0041901008226,0.00452862866223,-0.00354977394454,0.0073959431611,-0.0104252342135,0.0168962646276,-0.00631767278537],[0.00092655478511,-0.0026398464106,0.00126227363944,-0.0031040427275,0.00234572589397,-0.00312121096067,0.00402323063463,-0.0035671046935,0.00430463114753,-0.00606907671317,0.00682807806879,-0.00631767278537,0.01672639139]],"mean":[-130.915039062,122.254394531,-93.5102081299,20.0032100677,-51.9529151917,-14.1944942474,-34.7331047058,-0.471763640642,-16.9182701111,-14.5847063065,-11.9045267105,-8.18479919434,-19.4363079071]},"hfc":{"dmean":2.17219281197,"dmean2":2.93332910538,"dvar":17.8623886108,"dvar2":31.0680503845,"max":126.311035156,"mean":8.59069156647,"median":2.83310055733,"min":1.08419270954e-16,"var":223.334411621},"melbands":{"dmean":[0.0000495765343658,0.000510872865561,0.000379922916181,0.000248087366344,0.000111554050818,0.000120152988529,0.000128765168483,0.000145283716847,0.000101908735815,0.0000906384157133,0.0000280002386717,0.0000287480270345,0.0000197112967726,0.0000178436421265,0.0000168654296431,0.0000130615007947,0.00000812280723039,0.00000531961904926,0.00000404945967603,0.00000369957274415,0.00000356041095984,0.00000407096831623,0.00000425922644354,0.00000494434652865,0.00000571778491576,0.0000036652199924,9.62667286331e-7,2.83722982886e-7,2.2444388037e-7,2.27204466796e-7,3.14592455197e-7,1.80840558528e-7,1.137332859e-7,9.6495739399e-8,8.27823569693e-8,1.14535218643e-7,7.75084600946e-8,6.36212362792e-8,5.73676928184e-8,2.70602029673e-8],"dmean2":[0.0000749324026401,0.000707188737579,0.000590247509535,0.000380242971005,0.000168053418747,0.000185864118976,0.000194706575712,0.000203750285436,0.000142594770296,0.000120970456919,0.0000382860416721,0.0000399701348215,0.0000281486809399,0.0000251744568232,0.0000230971290875,0.0000176408866537,0.000012367680938,0.00000802666090749,0.00000614139298705,0.00000595476331,0.00000550792719878,0.00000589759838476,0.00000643329121885,0.0000073903752309,0.00000835407627164,0.00000532369449502,0.00000137508811804,4.40002111191e-7,3.35492671866e-7,3.40011183653e-7,4.65819908868e-7,2.64861625965e-7,1.72998753101e-7,1.45231553006e-7,1.29475210997e-7,1.87922324812e-7,1.24935795043e-7,1.04633514297e-7,9.08528150489e-8,4.20928536471e-8],"dvar":[1.97859755247e-8,0.00000227248506235,4.84783072352e-7,3.40830638379e-7,5.37928102062e-8,5.89867816814e-8,1.61902619311e-7,1.53555831162e-7,7.97705865807e-8,1.50462142301e-7,1.29615118638e-8,2.35939623394e-8,1.42258889113e-8,8.98426755214e-9,6.47919673469e-9,3.55301099653e-9,1.22229593114e-9,4.32266084038e-10,2.34247898856e-10,1.72756017824e-10,1.19000420629e-10,1.44012399228e-10,1.30586985669e-10,1.7037149469e-10,2.0577396731e-10,1.63047936264e-10,2.18998326418e-11,1.45993189326e-12,6.32306598573e-13,4.98387789372e-13,9.32156804002e-13,2.1855363656e-13,1.28449090557e-13,1.25476940036e-13,8.33345775741e-14,1.73238620714e-13,7.86440614779e-14,7.14629839137e-14,5.12125809967e-14,1.10877739349e-14],"dvar2":[4.11977048032e-8,0.00000357919498128,0.00000112578049993,7.67369726873e-7,1.06855360116e-7,1.36310745802e-7,3.58167369541e-7,2.97788432135e-7,1.43692062693e-7,2.71514892347e-7,2.24837322094e-8,5.01509944684e-8,2.84733268074e-8,1.88473467944e-8,1.33628903498e-8,5.59634383279e-9,2.42097852876e-9,8.8616669558e-10,4.69757954757e-10,4.11855743954e-10,2.80171358336e-10,2.86205087408e-10,3.02206787373e-10,3.45890094344e-10,4.43405090422e-10,3.125764092e-10,4.2930086569e-11,3.59386262069e-12,1.35377668277e-12,1.09084648866e-12,1.94098621724e-12,4.53813012559e-13,2.71600911249e-13,2.62357084842e-13,1.91036327924e-13,4.64248268734e-13,1.96929874751e-13,1.86356938453e-13,1.21314240663e-13,2.5908796457e-14],"max":[0.00384155265056,0.0295778028667,0.0100233023986,0.0132109718397,0.00582749024034,0.00460059614852,0.0143793625757,0.0125947566703,0.0075518861413,0.0158956889063,0.006148442626,0.007411273662,0.00716779287905,0.00489849271253,0.00279023451731,0.00334598124027,0.00179282878526,0.000807758187875,0.000629336806014,0.000587716291193,0.000381719495635,0.000380187382689,0.000343241699738,0.000679463439155,0.000353730923962,0.000400487217121,0.000271122669801,0.0000386715910281,0.0000384815357393,0.0000335129843734,0.0000341968188877,0.0000145221447383,0.00000956033090915,0.00000935655225476,0.0000078635302998,0.00000926891061681,0.00000752203459342,0.00000761748106015,0.00000798207202024,0.00000304207969748],"mean":[0.000131450928166,0.00119222060312,0.000754414882977,0.000435841357103,0.000238539956626,0.000259240681771,0.000269588053925,0.000320473744068,0.000218686574954,0.000247363204835,0.0000672957248753,0.0000716499853297,0.0000497470937262,0.0000370534471585,0.000030384539059,0.0000264233694907,0.0000140647389344,0.00000908986294235,0.00000763010120863,0.00000639565405436,0.00000645228101348,0.00000901748899196,0.0000105557646748,0.0000125357564684,0.000014572321561,0.0000095299392342,0.00000226407905757,5.00586338603e-7,5.07947675032e-7,5.83510257002e-7,8.39697406718e-7,4.21432730491e-7,2.08627241705e-7,1.59447068881e-7,1.17415858369e-7,1.43749161907e-7,9.59241290843e-8,7.31478664306e-8,7.33972100875e-8,3.61827225959e-8],"median":[0.0000163950753631,0.000330585695338,0.000353241048288,0.00015849871852,0.0000857178529259,0.0000802007707534,0.0000465369594167,0.0000410714455938,0.0000233478876908,0.000010430241673,0.000004509041446,0.00000322199480252,0.00000207924085771,0.00000166461813933,6.92657295076e-7,0.00000147260823269,9.95664322545e-7,7.06670391537e-7,5.29500766788e-7,5.29446538167e-7,5.19298282597e-7,6.99151087247e-7,8.70413430221e-7,0.00000102965827864,7.49402715883e-7,2.51829391118e-7,8.63106066618e-8,6.14270305732e-8,5.44837917005e-8,6.17815345549e-8,8.4982758608e-8,7.28421838403e-8,3.49600171035e-8,2.83983894178e-8,1.92757561024e-8,2.1628704161e-8,1.3263843357e-8,9.43681488508e-9,9.55175938344e-9,5.44732081664e-9],"min":[9.49070074817e-25,1.39390597826e-24,1.41820506351e-24,8.99667167589e-25,9.69234148415e-25,1.59534220205e-24,9.98699680947e-25,1.53040425702e-24,1.64379877202e-24,3.03985459346e-24,2.79076347959e-24,3.36589553875e-24,2.11483057675e-24,1.36181058068e-24,3.21154800011e-24,3.1740692185e-24,3.08549098568e-24,2.10743875285e-24,2.53619885434e-24,2.32207971934e-24,4.53868952451e-24,3.28643515749e-24,4.27545886779e-24,4.04164956738e-24,3.51886276802e-24,3.06300391393e-24,4.94918591832e-24,5.38163039466e-24,4.9814057587e-24,5.01213070767e-24,5.6281332559e-24,4.80942540389e-24,6.25443714425e-24,6.00665751164e-24,5.12513779336e-24,5.61299264854e-24,6.26307319901e-24,5.85664969406e-24,5.44865162274e-24,6.59846254046e-24],"var":[7.62704956969e-8,0.00000873233966558,0.00000131170372697,6.63082687424e-7,2.10965950487e-7,1.91914907077e-7,4.44889536766e-7,6.3969588382e-7,3.28568603436e-7,0.00000123672782593,8.37384916963e-8,1.42259608538e-7,8.23819092943e-8,2.83812191526e-8,1.65472684444e-8,1.71655951675e-8,3.78384479305e-9,1.3092250617e-9,9.28519539034e-10,6.07087602411e-10,4.66139460364e-10,5.3942095235e-10,7.90087661962e-10,1.06418640566e-9,1.18631271473e-9,9.87139814335e-10,1.47344136892e-10,3.89368398634e-12,3.45715665297e-12,3.99675908688e-12,7.03178097347e-12,1.32956980928e-12,3.07445177173e-13,2.61267217713e-13,1.19716451921e-13,1.70115318858e-13,9.49793425875e-14,8.30048445884e-14,8.0699478404e-14,2.0499520389e-14]},"melbands_crest":{"dmean":2.91516017914,"dmean2":4.61291694641,"dvar":7.56983137131,"dvar2":18.8042697906,"max":39.6682472229,"mean":15.6703453064,"median":14.871846199,"min":1.52295970917,"var":33.2084197998},"melbands_flatness_db":{"dmean":0.0275473855436,"dmean2":0.0393430925906,"dvar":0.00092403171584,"dvar2":0.00168012420181,"max":0.580469489098,"mean":0.289626002312,"median":0.278072834015,"min":0.0029396887403,"var":0.00856348872185},"melbands_kurtosis":{"dmean":9.95436573029,"dmean2":15.4218015671,"dvar":321.655303955,"dvar2":690.859191895,"max":849.992797852,"mean":21.6370925903,"median":12.7172870636,"min":-1.60460233688,"var":1141.62475586},"melbands_skewness":{"dmean":0.732565104961,"dmean2":1.12134087086,"dvar":0.746773898602,"dvar2":1.68438231945,"max":27.9859199524,"mean":3.00851869583,"median":2.71113848686,"min":-0.669169604778,"var":3.58327555656},"melbands_spread":{"dmean":3.89777421951,"dmean2":5.96283531189,"dvar":49.1084060669,"dvar2":102.659507751,"max":149.734344482,"mean":13.8470039368,"median":8.65264892578,"min":0.413248747587,"var":359.374389648},"mfcc":{"cov":[[11392.6416016,436.196166992,-1811.98400879,243.997543335,-568.377746582,-678.129699707,-208.044342041,403.31942749,-322.57711792,-110.21521759,372.392822266,71.4060974121,-316.9765625],[436.196166992,1880.35803223,195.575561523,-42.6510772705,-3.77625250816,-56.2304878235,-8.06114768982,78.0504302979,-0.397090375423,-58.246963501,64.1548995972,-19.1192588806,-45.0878448486],[-1811.98400879,195.575561523,1087.51391602,70.1252059937,57.1916885376,194.311187744,103.918991089,9.31359481812,117.90813446,28.5492038727,-93.974899292,-39.5671386719,42.7973175049],[243.997543335,-42.6510772705,70.1252059937,393.429870605,114.458518982,14.9594984055,-29.6624107361,21.9997158051,57.3963279724,-39.8074684143,-9.41201210022,-28.5549373627,-3.43244481087],[-568.377746582,-3.77625250816,57.1916885376,114.458518982,420.789031982,155.8074646,-67.8587188721,-155.746276855,12.7875938416,28.1962471008,-64.6168212891,6.76234388351,47.5933418274],[-678.129699707,-56.2304878235,194.311187744,14.9594984055,155.8074646,348.593078613,41.6884498596,-132.759429932,81.1690063477,52.2205123901,-52.1340789795,1.61171531677,32.5813980103],[-208.044342041,-8.06114768982,103.918991089,-29.6624107361,-67.8587188721,41.6884498596,220.758041382,116.437438965,35.5265655518,16.0865917206,16.42304039,-3.83371400833,-7.16980314255],[403.31942749,78.0504302979,9.31359481812,21.9997158051,-155.746276855,-132.759429932,116.437438965,340.62210083,2.15070462227,-38.4746131897,75.3740081787,-22.7243480682,-52.3991241455],[-322.57711792,-0.397090375423,117.90813446,57.3963279724,12.7875938416,81.1690063477,35.5265655518,2.15070462227,159.633453369,37.6833305359,-17.7588291168,-9.55362510681,0.183932006359],[-110.21521759,-58.246963501,28.5492038727,-39.8074684143,28.1962471008,52.2205123901,16.0865917206,-38.4746131897,37.6833305359,171.052444458,4.21158266068,-21.9177722931,0.0529882051051],[372.392822266,64.1548995972,-93.974899292,-9.41201210022,-64.6168212891,-52.1340789795,16.42304039,75.3740081787,-17.7588291168,4.21158266068,127.549293518,25.5892486572,-41.5196723938],[71.4060974121,-19.1192588806,-39.5671386719,-28.5549373627,6.76234388351,1.61171531677,-3.83371400833,-22.7243480682,-9.55362510681,-21.9177722931,25.5892486572,104.493797302,17.8737277985],[-316.9765625,-45.0878448486,42.7973175049,-3.43244481087,47.5933418274,32.5813980103,-7.16980314255,-52.3991241455,0.183932006359,0.0529882051051,-41.5196723938,17.8737277985,112.075119019]],"icov":[[0.000164162687724,-0.0000682608297211,0.000250802724622,-0.000270751857897,0.000231890080613,-0.0000295462396025,0.000110143490019,-0.000117410330859,0.000249451462878,-0.000170490398887,0.0000406307954108,-0.000204085139558,0.000242307141889],[-0.0000682608297211,0.000621655490249,-0.000281429034658,0.000330275855958,-0.000283188535832,0.00015472668747,0.0000639986101305,0.0000191615381482,-0.000248062307946,0.000401129480451,-0.000507610733621,0.00034897273872,0.000019458027964],[0.000250802724622,-0.000281429034658,0.00160449335817,-0.000611625495367,0.000477728026453,-0.000613063166384,-0.000158228198416,-0.000449984509032,0.0000341518752975,-0.000381338904845,0.000917780795135,-0.000225568044698,0.0000956351941568],[-0.000270751857897,0.000330275855958,-0.000611625495367,0.00395957939327,-0.00173442228697,0.000430108251749,0.00042229340761,-0.000311775278533,-0.00209109601565,0.00169351929799,-0.000894054188393,0.00159516104031,-0.000368293985957],[0.000231890080613,-0.000283188535832,0.000477728026453,-0.00173442228697,0.00422190967947,-0.00156338314991,0.000874211429618,0.000423905701609,0.00132374081295,-0.00108407554217,0.0011866617715,-0.000994129572064,-0.000181380397407],[-0.0000295462396025,0.00015472668747,-0.000613063166384,0.000430108251749,-0.00156338314991,0.00528390612453,-0.00191726884805,0.00209986115806,-0.00194815278519,0.00000105187530153,-0.000339300633641,0.000236065417994,0.0000527314659848],[0.000110143490019,0.0000639986101305,-0.000158228198416,0.00042229340761,0.000874211429618,-0.00191726884805,0.00713345082477,-0.00316374143586,-0.000291483564069,-0.000748406630009,0.000206920041819,-0.000653894850984,-0.000244295224547],[-0.000117410330859,0.0000191615381482,-0.000449984509032,-0.000311775278533,0.000423905701609,0.00209986115806,-0.00316374143586,0.00609000120312,-0.000760842463933,0.00133645732421,-0.00246676057577,0.00170472811442,0.000507263466716],[0.000249451462878,-0.000248062307946,0.0000341518752975,-0.00209109601565,0.00132374081295,-0.00194815278519,-0.000291483564069,-0.000760842463933,0.00911120325327,-0.00238085584715,0.00150627293624,-0.0011941321427,0.000893109012395],[-0.000170490398887,0.000401129480451,-0.000381338904845,0.00169351929799,-0.00108407554217,0.00000105187530153,-0.000748406630009,0.00133645732421,-0.00238085584715,0.00784153025597,-0.00243126088753,0.00294209970161,-0.000456010806374],[0.0000406307954108,-0.000507610733621,0.000917780795135,-0.000894054188393,0.0011866617715,-0.000339300633641,0.000206920041819,-0.00246676057577,0.00150627293624,-0.00243126088753,0.01286330726,-0.00474013201892,0.0035075196065],[-0.000204085139558,0.00034897273872,-0.000225568044698,0.00159516104031,-0.000994129572064,0.000236065417994,-0.000653894850984,0.00170472811442,-0.0011941321427,0.00294209970161,-0.00474013201892,0.0127088632435,-0.002975378884],[0.000242307141889,0.000019458027964,0.0000956351941568,-0.000368293985957,-0.000181380397407,0.0000527314659848,-0.000244295224547,0.000507263466716,0.000893109012395,-0.000456010806374,0.0035075196065,-0.002975378884,0.01162382029]],"mean":[-771.302124023,158.070068359,11.8720359802,30.3960380554,3.56041836739,-9.41108703613,-9.48830699921,4.98979759216,-7.60599279404,-7.30856704712,5.63658428192,-2.37883877754,-11.6076879501]},"pitch_salience":{"dmean":0.0713265314698,"dmean2":0.112034648657,"dvar":0.00459108641371,"dvar2":0.0111322607845,"max":0.98650854826,"mean":0.565049350262,"median":0.583469629288,"min":0.0174117647111,"var":0.0212523415685},"silence_rate_20dB":{"dmean":0,"dmean2":0,"dvar":0,"dvar2":0,"max":1,"mean":1,"median":1,"min":1,"var":0},"silence_rate_30dB":{"dmean":0.00350597617216,"dmean2":0.00701306993142,"dvar":0.00349363451824,"dvar2":0.00855800416321,"max":1,"mean":0.99585723877,"median":1,"min":0,"var":0.00412560673431},"silence_rate_60dB":{"dmean":0.07362549752,"dmean2":0.147274464369,"dvar":0.0682095959783,"dvar2":0.144064113498,"max":1,"mean":0.280114710331,"median":0,"min":0,"var":0.201660707593},"spectral_centroid":{"dmean":178.467651367,"dmean2":268.301086426,"dvar":79107.7890625,"dvar2":154048.859375,"max":11868.765625,"mean":969.157348633,"median":638.561279297,"min":131.446228027,"var":1820293.25},"spectral_complexity":{"dmean":1.88812744617,"dmean2":2.94293904305,"dvar":6.84013319016,"dvar2":15.4025688171,"max":41,"mean":8.73868751526,"median":7,"min":0,"var":38.5181732178},"spectral_contrast_coeffs":{"dmean":[0.0466849543154,0.0440368466079,0.0340573377907,0.0293849911541,0.0260002855211,0.0186415538192],"dmean2":[0.0771273672581,0.0694451630116,0.0525597333908,0.04526501894,0.0380597934127,0.0269572045654],"dvar":[0.00151697581168,0.00157881737687,0.000946151325479,0.000706575345248,0.000658362114336,0.000315659766784],"dvar2":[0.00402620853856,0.00367244053632,0.00198490452021,0.00155368377455,0.00123242405243,0.000637384131551],"max":[-0.317770689726,-0.384467065334,-0.375806599855,-0.458851933479,-0.513747990131,-0.559536516666],"mean":[-0.583121955395,-0.691575706005,-0.749007940292,-0.78632837534,-0.757569074631,-0.786701798439],"median":[-0.579939723015,-0.698706686497,-0.766502559185,-0.799432218075,-0.777977347374,-0.791480720043],"min":[-0.98415440321,-0.981315732002,-0.989022552967,-0.982750415802,-0.967073976994,-0.964317858219],"var":[0.00859175529331,0.0100839184597,0.00894991774112,0.00560962595046,0.00827446579933,0.00372294848785]},"spectral_contrast_valleys":{"dmean":[0.448976248503,0.4010810256,0.384677797556,0.417720645666,0.35850045085,0.329384297132],"dmean2":[0.74259275198,0.629343211651,0.577657818794,0.624868690968,0.510330200195,0.443180441856],"dvar":[0.163044169545,0.165251985192,0.149845018983,0.215438634157,0.152738645673,0.158048480749],"dvar2":[0.379871785641,0.347913533449,0.302779078484,0.426165908575,0.271931529045,0.273122429848],"max":[-5.6541967392,-4.85439682007,-5.49035835266,-6.28471755981,-6.3015627861,-8.59243965149],"mean":[-8.57949256897,-7.83813858032,-8.9917678833,-9.49318695068,-9.52728748322,-11.9877386093],"median":[-8.27094841003,-7.46513366699,-8.72825241089,-9.21703720093,-9.22243213654,-11.7926883698],"min":[-28.0376834869,-28.1990375519,-27.8174362183,-27.7537250519,-27.4884529114,-27.4007205963],"var":[6.47095155716,6.86699771881,6.26678514481,6.12437963486,6.02979421616,4.43829107285]},"spectral_decrease":{"dmean":1.10514408735e-9,"dmean2":1.53652102153e-9,"dvar":3.50157630131e-18,"dvar2":6.2357237952e-18,"max":3.28065931396e-19,"mean":-3.79114251103e-9,"median":-1.85413917553e-9,"min":-3.42870229986e-8,"var":2.36337908716e-17},"spectral_energy":{"dmean":0.00433999300003,"dmean2":0.00602688733488,"dvar":0.000053311643569,"dvar2":0.0000948896049522,"max":0.131565630436,"mean":0.0150878122076,"median":0.00729344040155,"min":9.97641614947e-21,"var":0.000378360709874},"spectral_energyband_high":{"dmean":0.0000303880096908,"dmean2":0.0000441978045274,"dvar":7.65327978769e-9,"dvar2":1.6121381563e-8,"max":0.00219759345055,"mean":0.0000723866323824,"median":0.0000143221932376,"min":7.004025821e-21,"var":3.17166026775e-8},"spectral_energyband_low":{"dmean":0.00189926521853,"dmean2":0.00270869745873,"dvar":0.0000251548681263,"dvar2":0.0000426585793321,"max":0.0982958897948,"mean":0.00448006438091,"median":0.00156726909336,"min":1.02727202572e-23,"var":0.0000950254470808},"spectral_energyband_middle_high":{"dmean":0.000722176162526,"dmean2":0.00100586120971,"dvar":0.00000389466413253,"dvar2":0.00000730192414267,"max":0.0709212347865,"mean":0.0023760907352,"median":0.000301984662656,"min":1.17296603948e-21,"var":0.0000349774381903},"spectral_energyband_middle_low":{"dmean":0.00290127750486,"dmean2":0.00420564832166,"dvar":0.0000240431691054,"dvar2":0.0000497949913552,"max":0.109586127102,"mean":0.00866102613509,"median":0.00408669887111,"min":1.68185952787e-22,"var":0.000137488619657},"spectral_entropy":{"dmean":0.219162881374,"dmean2":0.315450370312,"dvar":0.0604289881885,"dvar2":0.113346792758,"max":9.82360363007,"mean":6.81135368347,"median":6.8407998085,"min":4.80137491226,"var":0.501082003117},"spectral_flux":{"dmean":0.0166726522148,"dmean2":0.0265526454896,"dvar":0.000470910395961,"dvar2":0.00111150939483,"max":0.27788901329,"mean":0.0448633246124,"median":0.035477951169,"min":6.44336944911e-11,"var":0.00135792663787},"spectral_kurtosis":{"dmean":3.58566880226,"dmean2":5.75232982635,"dvar":26.9191036224,"dvar2":62.5340385437,"max":133.678924561,"mean":11.0089883804,"median":7.74754333496,"min":-1.27301001549,"var":156.657394409},"spectral_rms":{"dmean":0.000519681838341,"dmean2":0.000717520306353,"dvar":4.5953083827e-7,"dvar2":7.7842042856e-7,"max":0.0113294618204,"mean":0.00319071183912,"median":0.00266749900766,"min":3.11978979976e-12,"var":0.00000453923075838},"spectral_rolloff":{"dmean":258.719573975,"dmean2":438.888000488,"dvar":404087.625,"dvar2":872651.375,"max":19595.2148438,"mean":1044.2713623,"median":495.263671875,"min":21.533203125,"var":5502150.5},"spectral_skewness":{"dmean":0.375097125769,"dmean2":0.579165518284,"dvar":0.175828307867,"dvar2":0.377050638199,"max":9.67410755157,"mean":2.26626086235,"median":2.01306152344,"min":-0.0922599583864,"var":1.41756725311},"spectral_spread":{"dmean":503473.71875,"dmean2":774598.375,"dvar":703546458112,"dvar2":1470646321150,"max":42441804,"mean":4017563.25,"median":3208351.25,"min":753690.75,"var":21145713639400},"spectral_strongpeak":{"dmean":0.277440309525,"dmean2":0.437078297138,"dvar":0.257577568293,"dvar2":0.586581110954,"max":10.5931797028,"mean":0.780648589134,"median":0.371272116899,"min":0,"var":1.31781101227},"zerocrossingrate":{"dmean":0.00619615288451,"dmean2":0.00767591502517,"dvar":0.000103136895632,"dvar2":0.000141028256621,"max":0.52587890625,"mean":0.0395376309752,"median":0.02880859375,"min":0,"var":0.00380943203345}},"metadata":{"audio_properties":{"analysis_sample_rate":44100,"bit_rate":320057,"codec":"mp3","downmix":"mix","equal_loudness":0,"length":145.684890747,"lossless":false,"md5_encoded":"8cc3608ca4f818f9fe5784ba2b5a67ed","replay_gain":-9.89429283142,"sample_rate":44100},"tags":{"album":["Johnny Cash With His Hot and Blue Guitar"],"albumartist":["Johnny Cash"],"albumartistsort":["Cash, Johnny"],"artist":["Johnny Cash"],"artistsort":["Cash, Johnny"],"date":["1957"],"discnumber":["1/1"],"file_name":"02- I Heard That Lonesome Whistle- With His Hot And Blue Guitar- Johnny Cash.mp3","genre":["Country"],"language":["eng"],"musicbrainz album release country":["US"],"musicbrainz album status":["official"],"musicbrainz album type":["album"],"musicbrainz_albumartistid":["d43d12a1-2dc9-4257-a2fd-0a3bb1081b86"],"musicbrainz_albumid":["9ebc8268-c4a5-4149-a51c-f96e8c3e8e8f"],"musicbrainz_artistid":["d43d12a1-2dc9-4257-a2fd-0a3bb1081b86"],"musicbrainz_recordingid":["5128df2f-74a7-4291-b5f0-d8e03f3cf146"],"originaldate":["1956"],"script":["Latn"],"title":["(I Heard That) Lonesome Whistle"],"tracknumber":["2/12"]},"version":{"essentia":"2.1-beta2","essentia_build_sha":"70f2e5ece6736b2c40cc944ad0e695b16b925413","essentia_git_sha":"v2.1_beta2","extractor":"music 1.0"}},"rhythm":{"beats_count":228,"beats_loudness":{"dmean":0.0284008625895,"dmean2":0.050262413919,"dvar":0.00056636944646,"dvar2":0.00154980481602,"max":0.11890462786,"mean":0.0284607186913,"median":0.0199613571167,"min":0,"var":0.000719305768143},"beats_loudness_band_ratio":{"dmean":[0.275058656931,0.191648051143,0.174007147551,0.0598732642829,0.0406545326114,0.0207633264363],"dmean2":[0.449533760548,0.323306232691,0.291801929474,0.109582394361,0.0679112151265,0.0373241379857],"dvar":[0.0397874265909,0.0231678914279,0.027201