{"lowlevel":{"average_loudness":0.25684607029,"barkbands":{"dmean":[0.00000300035208056,0.0000194303338503,0.0000262801786448,0.0000922907638596,0.0006366930902,0.000469592749141,0.000849383883178,0.000309939088766,0.000315931858495,0.000316703575663,0.000364409206668,0.000241955291131,0.0000782953502494,0.000190965089132,0.000138138158945,0.000211299702642,0.000390323519241,0.000448275619419,0.000354417221388,0.000162750962772,0.000064286570705,0.0000200316990231,0.00000740136010791,0.00000629740270597,0.00000667937956678,0.00000139752705763,6.47157349931e-8],"dmean2":[0.00000472596502732,0.0000328586684191,0.0000424790960096,0.00014520282275,0.00100633257534,0.000737665395718,0.00133179919794,0.000430690764915,0.00045292507275,0.00046289950842,0.000537472427823,0.00036923791049,0.000119743745017,0.000292579410598,0.000213884384721,0.000337895879056,0.000636227952782,0.000733994529583,0.000561129592825,0.000254588667303,0.0000995077643893,0.0000307994014292,0.00001102195165,0.00000918646765058,0.00000944480780163,0.00000208631672649,1.02884058606e-7],"dvar":[2.37154809679e-11,5.52903056672e-10,1.16125176142e-9,1.84737967146e-8,6.84576662024e-7,5.33204740805e-7,0.00000335071467816,0.00000374009755433,0.00000201360035135,0.00000189413833596,0.00000468627104055,9.22132585401e-7,1.14791106398e-7,2.54386606002e-7,1.80665125527e-7,1.54044812462e-7,3.10794121106e-7,4.40011348246e-7,2.81037841887e-7,6.42790851657e-8,1.11335820563e-8,5.71927838422e-9,2.09451034294e-9,8.3541917828e-10,1.26477761597e-9,1.1273907502e-10,5.73425110021e-14],"dvar2":[5.03813865627e-11,1.56320878464e-9,2.8754911785e-9,4.12806286931e-8,0.00000158608304446,0.00000131901310851,0.00000720196885595,0.00000668719712849,0.00000395775896322,0.00000381710697184,0.00000884652126842,0.00000215041836782,2.35311944152e-7,5.22236405232e-7,3.89624403851e-7,3.46826794839e-7,8.20428397219e-7,0.00000115429827474,6.90676415616e-7,1.44836590721e-7,2.419491274e-8,1.0599039868e-8,4.264020248e-9,1.55248169875e-9,2.25417284838e-9,2.58738003245e-10,1.2641093955e-13],"max":[0.0000974001231953,0.000331159040798,0.000675133429468,0.00454041082412,0.0182685796171,0.0152333946899,0.0785536319017,0.0960879921913,0.0497762002051,0.0599822551012,0.0892747938633,0.0260703824461,0.0205867569894,0.0187315326184,0.0218711774796,0.0101050920784,0.0143651580438,0.0112646399066,0.0150660583749,0.00836022291332,0.00272173667327,0.00425082677975,0.00247437506914,0.00162528199144,0.00109586096369,0.000457494723378,0.0000072159773481],"mean":[0.00000360986155101,0.0000338935242326,0.0000476347231597,0.00020153450896,0.00140209798701,0.000918977078982,0.00298324716277,0.000483489129692,0.000449120998383,0.000510156794917,0.000631527742371,0.000392735673813,0.000132658620714,0.000366651802324,0.000247187534114,0.000416093418607,0.000941706239246,0.00108209333848,0.000940058729611,0.000406512437621,0.000175338631379,0.0000479506052216,0.0000166598147189,0.000015149092178,0.000012287008758,0.00000230491241382,1.12591976631e-7],"median":[0.00000153594282892,0.0000244419479714,0.0000263020865532,0.00012559312745,0.000982244964689,0.00062807026552,0.000601645093411,0.000115562172141,0.0000591173229623,0.000114103851956,0.0000421081640525,0.000086644111434,0.0000480595663248,0.0001570093591,0.000102315461845,0.000231199577684,0.000695300637744,0.000707883387804,0.000629873597063,0.000281458429527,0.000114393376862,0.000028061971534,0.00000691102013661,0.00000529663793714,0.00000302291209664,5.73088641431e-7,4.73931223155e-8],"min":[8.25865502538e-24,6.37360483918e-23,9.33248641059e-24,3.53456425548e-24,4.17938349814e-23,3.21108324271e-23,6.56214575097e-23,2.53875113491e-23,2.68617172538e-23,5.75738014772e-23,3.28694452497e-23,5.18228003743e-23,4.94258686019e-23,8.94148403192e-23,9.60243145691e-23,9.82623697552e-23,9.31963365763e-23,1.75327983878e-22,2.3891729152e-22,2.90151371311e-22,5.13720963713e-22,3.80559602081e-22,5.64681580138e-22,5.7294944827e-22,1.07530682647e-21,1.71855516623e-21,2.50816287661e-21],"var":[3.74832422045e-11,1.05010700135e-9,3.69477271001e-9,7.9969410649e-8,0.00000232371644415,0.0000010612634469,0.0000618727353867,0.00000615296039541,0.00000390410104956,0.00000411548353441,0.0000164264711202,0.00000167773839621,2.04630637768e-7,6.51773746085e-7,3.22003245401e-7,4.11037007098e-7,0.00000113332794172,0.0000015433063254,0.00000131654576307,2.42743169565e-7,4.60703617478e-8,1.5513618834e-8,4.07915790035e-9,2.11684914042e-9,2.84139645146e-9,1.43033695998e-10,8.38003304986e-14]},"barkbands_crest":{"dmean":2.25430202484,"dmean2":3.54876112938,"dvar":4.74134922028,"dvar2":11.7185258865,"max":25.5171146393,"mean":10.5007600784,"median":9.07294845581,"min":3.11362481117,"var":25.3671016693},"barkbands_flatness_db":{"dmean":0.01899911277,"dmean2":0.0262795798481,"dvar":0.000467024423415,"dvar2":0.000808435317595,"max":0.404518961906,"mean":0.167624875903,"median":0.14704015851,"min":0.0231742933393,"var":0.00367774371989},"barkbands_kurtosis":{"dmean":4.33676433563,"dmean2":6.4086356163,"dvar":106.137275696,"dvar2":236.517944336,"max":185.763275146,"mean":6.78267765045,"median":-0.163881421089,"min":-1.9499117136,"var":283.200500488},"barkbands_skewness":{"dmean":0.586942315102,"dmean2":0.856710672379,"dvar":0.500684976578,"dvar2":1.07680082321,"max":11.0282926559,"mean":1.07562732697,"median":0.60885310173,"min":-2.59785294533,"var":3.4638736248},"barkbands_spread":{"dmean":4.42161035538,"dmean2":6.53716230392,"dvar":33.780872345,"dvar2":69.2626113892,"max":100.029533386,"mean":20.9246768951,"median":21.9637508392,"min":0.432180434465,"var":153.757858276},"dissonance":{"dmean":0.0148075884208,"dmean2":0.0234704706818,"dvar":0.000378771248506,"dvar2":0.000920100195799,"max":0.5,"mean":0.466761261225,"median":0.479625105858,"min":0.240141823888,"var":0.00124796759337},"dynamic_complexity":3.97612953186,"erbbands":{"dmean":[0.000494282285217,0.00503154471517,0.0244955979288,0.150479242206,1.42766952515,2.42784929276,2.40111279488,4.61880588531,8.79627799988,12.705540657,5.43043804169,6.39915275574,9.07868766785,11.1937990189,15.4562034607,8.85969161987,3.95014095306,8.85881328583,6.06293725967,7.56578731537,12.2830066681,20.8209781647,25.6016464233,17.4090995789,15.1921405792,6.98010492325,3.3988494873,2.009806633,0.771608769894,0.344107121229,0.187261864543,0.127786710858,0.114045254886,0.0928191393614,0.0381152182817,0.0099505726248,0.00203109392896,0.000231217170949,0.00000902437204786,0.00000309921006192],"dmean2":[0.000842890876811,0.00848514586687,0.0399944894016,0.234942659736,2.20285129547,3.89420080185,3.75084328651,7.31894159317,13.9468107224,19.0947799683,7.82431316376,9.13675022125,12.7567195892,16.9634590149,23.0471000671,13.0065937042,5.93251514435,13.2722454071,9.36186408997,11.4430150986,19.7870330811,33.5282211304,41.9798965454,28.0134525299,23.8639583588,10.8993291855,5.17409563065,3.15211415291,1.18777680397,0.522464871407,0.282625466585,0.186534270644,0.166817158461,0.132847577333,0.0535371676087,0.0148700969294,0.00298999692313,0.000337041507009,0.0000136279813887,0.00000455376857644],"dvar":[4.99923430652e-7,0.0000385322564398,0.000971332367044,0.0415929630399,7.22000598907,8.98792552948,10.462679863,66.2911911011,241.511306763,1311.33093262,1188.8515625,1023.17315674,1478.71582031,2846.94165039,8892.9765625,964.685974121,291.784637451,565.181640625,240.065475464,561.557983398,377.871826172,891.140808105,1583.16540527,620.803283691,633.631591797,111.776771545,35.2301902771,11.1501550674,8.92505264282,5.18419361115,1.02578544617,0.347870826721,0.262458056211,0.220071554184,0.0519075393677,0.00507500581443,0.000263561611064,0.00000137456038374,1.27012611539e-9,1.75455275309e-11],"dvar2":[0.00000131520368996,0.000108724809252,0.0024990697857,0.0932917967439,14.2148590088,24.2927074432,25.8732452393,158.939346313,559.723388672,2491.42016602,2641.14160156,2024.6418457,2842.11572266,6370.62890625,17628.8652344,1961.97753906,632.156188965,1203.55700684,482.507171631,1171.24414062,932.780944824,2311.04272461,4173.74511719,1617.76025391,1483.02185059,258.115844727,72.0613555908,26.0663585663,17.6434001923,10.2581987381,2.02337241173,0.622688472271,0.512314140797,0.399787098169,0.0986375063658,0.0114232907072,0.000626178923994,0.00000271697081189,2.77220779665e-9,3.56780299748e-11],"max":[0.0171612277627,0.0843269377947,0.593705713749,6.42740678787,77.8719024658,45.1293373108,67.3228912354,171.722488403,696.609863281,1507.96972656,1856.23413086,1285.73364258,1089.39404297,2012.81750488,3323.25878906,1005.45904541,968.636047363,678.584228516,823.180297852,907.534973145,505.64932251,512.280212402,810.170898438,442.01940918,756.734313965,332.823272705,180.215820312,95.9678878784,170.973205566,120.057327271,53.0124359131,37.5351791382,19.6114673615,14.8942365646,7.11233186722,2.76979732513,0.714209914207,0.0402420684695,0.00111798301805,0.000117837691505],"mean":[0.000688891566824,0.00910640507936,0.0506695583463,0.376321345568,2.94782567024,4.99149417877,5.15444040298,8.72354888916,25.7795619965,43.5144958496,10.230219841,9.49133014679,16.5341129303,17.3563976288,25.2049942017,15.6859054565,7.85240507126,17.5147247314,12.9042329788,16.2284259796,29.161699295,54.6455764771,63.850315094,48.1906890869,41.6771965027,18.6066436768,9.51217079163,5.33040428162,1.98391830921,0.77153223753,0.445052921772,0.315460920334,0.2534032166,0.176136001945,0.0638612881303,0.0156052429229,0.00338513194583,0.000496362568811,0.000023238149879,0.000017367199689],"median":[0.000472207990242,0.00629421044141,0.0317873507738,0.268081188202,1.38416361809,3.4638838768,3.68571090698,5.4696559906,8.63083171844,5.43221235275,3.090685606,1.73777461052,2.7360033989,4.16972780228,2.20973157883,3.567258358,3.29464197159,6.8288526535,7.34339141846,7.53772354126,21.2216491699,41.4579467773,42.1458892822,36.2234725952,26.4350547791,13.4333648682,6.2389087677,3.46805238724,1.20652520657,0.375392317772,0.185233771801,0.115455880761,0.0860960781574,0.0464110299945,0.014039600268,0.00342256878503,0.000917809258681,0.000185278055142,0.0000136298522193,0.0000148460749188],"min":[1.70026207506e-21,1.24046694611e-20,1.23318379853e-20,1.53587196444e-20,1.20371718558e-20,1.59193584298e-19,1.67744680203e-19,2.69515554398e-19,1.0200238137e-18,3.27177384321e-19,1.14957673784e-18,4.74599942934e-19,1.59496283288e-18,1.55430339026e-18,1.56940346894e-18,1.9486615405e-18,1.95862865329e-18,5.03190386151e-18,3.97802364874e-18,7.57590652081e-18,4.67970565953e-18,6.13109826901e-18,8.40304411998e-18,1.10858886315e-17,1.32435032326e-17,1.46767086219e-17,2.09804204596e-17,1.65163831197e-17,1.52814140456e-17,1.09858924216e-17,1.68156305955e-17,1.35036159664e-17,1.10543432717e-17,1.05183658035e-17,7.27025666703e-18,5.57011761247e-18,3.70268748287e-18,1.53126868495e-18,3.35794693449e-19,3.74684770894e-20],"var":[6.06619551036e-7,0.0000814506056486,0.00312974932604,0.19652980566,29.6861209869,25.1474704742,28.2986774445,119.917961121,3662.84570312,14913.2089844,1476.83007812,1857.26220703,4181.45166016,5092.91455078,23663.4550781,2457.60522461,529.083862305,1493.51000977,686.818481445,1386.67407227,1257.07177734,3693.11206055,5496.29589844,2590.78857422,2980.66455078,450.52130127,156.61882019,41.7465744019,21.485874176,11.0798339844,2.32286000252,0.986173629761,0.587589144707,0.49868234992,0.102547585964,0.00708421226591,0.000294307916192,0.0000023034260721,2.06268246927e-9,2.27717261714e-10]},"erbbands_crest":{"dmean":2.66711783409,"dmean2":4.22081375122,"dvar":6.99728250504,"dvar2":16.9184684753,"max":31.9691066742,"mean":11.0173311234,"median":9.7055311203,"min":2.40266275406,"var":22.2871398926},"erbbands_flatness_db":{"dmean":0.0146126532927,"dmean2":0.0213044025004,"dvar":0.000244930124609,"dvar2":0.000481401570141,"max":0.359033197165,"mean":0.224711090326,"median":0.22514885664,"min":0.0359046533704,"var":0.00123619835358},"erbbands_kurtosis":{"dmean":2.07759141922,"dmean2":3.08682703972,"dvar":19.1590499878,"dvar2":38.846408844,"max":91.6759109497,"mean":2.61571502686,"median":0.429963707924,"min":-1.94143235683,"var":47.1995162964},"erbbands_skewness":{"dmean":0.491476476192,"dmean2":0.691967785358,"dvar":0.346645534039,"dvar2":0.653757274151,"max":7.8768825531,"mean":-0.0396316759288,"median":-0.307479590178,"min":-4.58842515945,"var":2.66703677177},"erbbands_spread":{"dmean":7.17981052399,"dmean2":10.6596708298,"dvar":94.9510955811,"dvar2":196.514648438,"max":172.15435791,"mean":30.5818748474,"median":28.2755756378,"min":1.61779630184,"var":293.423400879},"gfcc":{"cov":[[9164.94335938,-1971.15112305,-3584.32055664,348.793426514,-931.759033203,263.168395996,-33.644329071,206.246520996,197.08883667,79.6282043457,257.336578369,-64.5403518677,86.6487426758],[-1971.15112305,1349.7088623,863.465454102,-227.213165283,328.236236572,-254.098815918,67.7538528442,-135.823364258,-89.4691772461,-98.0459671021,-74.2499160767,-37.9179725647,-6.16659545898],[-3584.32055664,863.465454102,2123.6015625,-135.485321045,194.449142456,12.8465623856,-108.391616821,-45.3164100647,-148.651397705,-63.8008651733,-134.258529663,1.78021228313,-30.846912384],[348.793426514,-227.213165283,-135.485321045,323.782867432,-4.85881280899,-50.0643157959,-37.3684577942,-11.0971155167,57.9643249512,-5.36016559601,-5.49686050415,-2.75253391266,-28.9317035675],[-931.759033203,328.236236572,194.449142456,-4.85881280899,301.988983154,-59.1401939392,46.9955978394,-56.227104187,-29.1118831635,-3.8604927063,-30.4152355194,8.25475311279,-25.0926532745],[263.168395996,-254.098815918,12.8465623856,-50.0643157959,-59.1401939392,251.263305664,13.3835048676,28.8807468414,-53.4664421082,17.1875095367,6.0163974762,-0.0762353166938,28.7486228943],[-33.644329071,67.7538528442,-108.391616821,-37.3684577942,46.9955978394,13.3835048676,125.041557312,-8.36620521545,-8.27047729492,-9.48239040375,-0.648188531399,2.47004508972,4.74183225632],[206.246520996,-135.823364258,-45.3164100647,-11.0971155167,-56.227104187,28.8807468414,-8.36620521545,120.783866882,33.6707611084,27.0382080078,10.8821325302,-15.3218612671,16.2368736267],[197.08883667,-89.4691772461,-148.651397705,57.9643249512,-29.1118831635,-53.4664421082,-8.27047729492,33.6707611084,128.961517334,31.7390480042,17.7082691193,1.70951962471,-30.6306056976],[79.6282043457,-98.0459671021,-63.8008651733,-5.36016559601,-3.8604927063,17.1875095367,-9.48239040375,27.0382080078,31.7390480042,89.0922088623,34.8046989441,2.42168569565,-7.37599277496],[257.336578369,-74.2499160767,-134.258529663,-5.49686050415,-30.4152355194,6.0163974762,-0.648188531399,10.8821325302,17.7082691193,34.8046989441,87.2827835083,17.5515899658,-7.5144238472],[-64.5403518677,-37.9179725647,1.78021228313,-2.75253391266,8.25475311279,-0.0762353166938,2.47004508972,-15.3218612671,1.70951962471,2.42168569565,17.5515899658,70.629989624,0.873870253563],[86.6487426758,-6.16659545898,-30.846912384,-28.9317035675,-25.0926532745,28.7486228943,4.74183225632,16.2368736267,-30.6306056976,-7.37599277496,-7.5144238472,0.873870253563,79.539100647]],"icov":[[0.000857055594679,-0.000825810013339,0.00167233124375,-0.000957782089245,0.00200118636712,-0.00141920568421,0.00120514258742,-0.000897220917977,0.000860489031766,-0.0000712203836883,0.000188271485968,-0.000288205803372,0.000903808453586],[-0.000825810013339,0.00419583823532,-0.00282405340113,0.00314915901981,-0.00391315994784,0.00465864362195,-0.00273317121901,0.00308503047563,-0.0013808835065,0.00206238729879,-0.00167072808836,0.00332965399139,-0.00264492444694],[0.00167233124375,-0.00282405340113,0.00437938515097,-0.00234307581559,0.00419734977186,-0.0039966320619,0.00378672382794,-0.00278859469108,0.00251481216401,-0.000697054609191,0.00178698159289,-0.00194018043112,0.00301154865883],[-0.000957782089245,0.00314915901981,-0.00234307581559,0.00630460586399,-0.00381683558226,0.00379585917108,-0.00090218661353,0.00298339617439,-0.00283928052522,0.00217527267523,-0.000572516466491,0.00240323413163,-0.00143141008448],[0.00200118636712,-0.00391315994784,0.00419734977186,-0.00381683558226,0.0106391124427,-0.00390105461702,0.00134031579364,-0.00211448874325,0.00368738546968,-0.0032797830645,0.0027682732325,-0.00299762026407,0.00428448291495],[-0.00141920568421,0.00465864362195,-0.0039966320619,0.00379585917108,-0.00390105461702,0.0108400322497,-0.00463046040386,0.00240682554431,0.00111289857887,0.0000420422220486,-0.00132604676764,0.00294711743481,-0.00335118221119],[0.00120514258742,-0.00273317121901,0.00378672382794,-0.00090218661353,0.00134031579364,-0.00463046040386,0.0127652762458,-0.00227807718329,0.000925567059312,0.00107074785046,0.000999452546239,-0.00193100294564,0.00198750360869],[-0.000897220917977,0.00308503047563,-0.00278859469108,0.00298339617439,-0.00211448874325,0.00240682554431,-0.00227807718329,0.0138985477388,-0.00522613758221,-0.000727641803678,-0.00159188103862,0.00497996201739,-0.00530325481668],[0.000860489031766,-0.0013808835065,0.00251481216401,-0.00283928052522,0.00368738546968,0.00111289857887,0.000925567059312,-0.00522613758221,0.0147002842277,-0.00431716861203,0.00159285229165,-0.00240408885293,0.00610841671005],[-0.0000712203836883,0.00206238729879,-0.000697054609191,0.00217527267523,-0.0032797830645,0.0000420422220486,0.00107074785046,-0.000727641803678,-0.00431716861203,0.0173656623811,-0.00664926553145,0.00250527216122,-0.000914663891308],[0.000188271485968,-0.00167072808836,0.00178698159289,-0.000572516466491,0.0027682732325,-0.00132604676764,0.000999452546239,-0.00159188103862,0.00159285229165,-0.00664926553145,0.0172126162797,-0.0056281350553,0.00345292221755],[-0.000288205803372,0.00332965399139,-0.00194018043112,0.00240323413163,-0.00299762026407,0.00294711743481,-0.00193100294564,0.00497996201739,-0.00240408885293,0.00250527216122,-0.0056281350553,0.0187424328178,-0.00364965712652],[0.000903808453586,-0.00264492444694,0.00301154865883,-0.00143141008448,0.00428448291495,-0.00335118221119,0.00198750360869,-0.00530325481668,0.00610841671005,-0.000914663891308,0.00345292221755,-0.00364965712652,0.0181909091771]],"mean":[-74.7311401367,92.8581695557,-153.082199097,32.4664039612,-61.3658103943,-33.1315994263,-50.3042945862,2.07718229294,-34.2196464539,-3.35192203522,-11.5062150955,-1.49766647816,-7.73562288284]},"hfc":{"dmean":3.26388096809,"dmean2":4.71537733078,"dvar":17.0410823822,"dvar2":33.5892562866,"max":102.480186462,"mean":18.0659656525,"median":15.8209428787,"min":1.19827580526e-16,"var":244.349395752},"melbands":{"dmean":[0.00000470394024887,0.0000101807054307,0.0000558550782443,0.000146164544276,0.0000864554749569,0.000100107055914,0.000146621692693,0.000120706237794,0.0000416371003666,0.0000445742552984,0.0000458561989944,0.0000454621986137,0.0000553271274839,0.0000304741988657,0.0000161737407325,0.00000990507123788,0.0000178669451998,0.000011234390513,0.0000104955315692,0.0000126597233248,0.0000149683455675,0.0000231407393585,0.00002605269583,0.0000224416635319,0.0000155272082338,0.0000170529201569,0.0000083160948634,0.00000427637178291,0.00000266645020019,0.00000167730547673,0.00000110858854896,5.4344553746e-7,2.70579562311e-7,1.85780038464e-7,1.27343696477e-7,8.77947101685e-8,8.10638240978e-8,8.35604581084e-8,8.79674715293e-8,8.13909508679e-8],"dmean2":[0.0000079450010162,0.0000166814843396,0.0000851945733302,0.000230854711845,0.000137499140692,0.000158218113938,0.000230986770475,0.000178520582267,0.0000613046067883,0.0000632424053038,0.0000649721696391,0.0000687899300829,0.0000807033429737,0.0000454677028756,0.0000248771902989,0.0000154289391503,0.0000269110587396,0.0000175311106432,0.0000161464595294,0.0000197665158339,0.0000241118395934,0.0000373965667677,0.0000430110303569,0.0000369168410543,0.000025334986276,0.0000271041426458,0.0000132384584504,0.00000679317327013,0.00000408003006669,0.00000263939432443,0.00000177674849056,8.52170899179e-7,4.22358255037e-7,2.88024381234e-7,1.9655271899e-7,1.31853013841e-7,1.21288493915e-7,1.25932402284e-7,1.28414583855e-7,1.19952488831e-7],"dvar":[3.43207268161e-11,1.61348059913e-10,1.04927009303e-8,3.93636980789e-8,1.11602398434e-8,2.81111560696e-8,7.45604111785e-8,1.40698972473e-7,6.36051780134e-8,4.96730230282e-8,3.8534174962e-8,5.03592296752e-8,1.241135692e-7,1.66948765923e-8,3.52714213392e-9,1.13853737549e-9,2.41739672724e-9,9.08976838243e-10,1.46439338433e-9,8.29525059753e-10,5.54530588115e-10,1.2007608241e-9,1.5409762355e-9,1.24504428989e-9,5.27565491293e-10,8.64557314628e-10,1.95750443632e-10,4.67355563971e-11,2.64616106804e-11,7.57162388343e-12,4.0964501756e-12,3.65803004207e-12,2.22422709591e-12,1.68897675793e-12,4.52201156294e-13,1.79058983894e-13,1.14294289094e-13,1.30468268025e-13,1.63072016285e-13,1.85316483838e-13],"dvar2":[9.4694863062e-11,4.25223717349e-10,1.98607477131e-8,9.38521864668e-8,2.79301310968e-8,6.84824428276e-8,1.63555583299e-7,2.58827270727e-7,1.43585040746e-7,9.65165511957e-8,7.3822207014e-8,1.12181631096e-7,2.38309738165e-7,3.80957239088e-8,8.02289434887e-9,2.34413777278e-9,5.20169329832e-9,1.73293224215e-9,3.1158637892e-9,1.73470560139e-9,1.35911659704e-9,3.2191185273e-9,4.1891681235e-9,3.23947935144e-9,1.40201084076e-9,2.01276928458e-9,4.5779879887e-10,1.12504193461e-10,5.68057233197e-11,1.73219234095e-11,9.70128404693e-12,7.68962497844e-12,4.0676446586e-12,3.55793975011e-12,9.5254219009e-13,3.43001018213e-13,2.1170035397e-13,2.62960036775e-13,3.1414614291e-13,3.44013283572e-13],"max":[0.000110837288958,0.000230179430218,0.00351042347029,0.00457604043186,0.00178761652205,0.00359582458623,0.0136999161914,0.0175950080156,0.0131443878636,0.00897519756109,0.00622890377417,0.00752433994785,0.0144046274945,0.00363077968359,0.00197298661806,0.00132470938843,0.00133531040046,0.00188414461445,0.00246456312016,0.000879324623384,0.000866118643899,0.000723113131244,0.000611137773376,0.000614928838331,0.000404883146985,0.00103591883089,0.000307321170112,0.000312694639433,0.000188976890058,0.0000706740029273,0.0000703343539499,0.000116718103527,0.000100496836239,0.0000724426063243,0.0000368317414541,0.000024802500775,0.0000198613397515,0.000015356552467,0.000013527252122,0.0000146705624502],"mean":[0.00000792138689576,0.0000205279065995,0.000129901512992,0.000304448331008,0.00019260784029,0.000189152997336,0.000481450289954,0.00040106580127,0.0000678992873873,0.0000617823316134,0.0000813604856376,0.0000647557390039,0.0000933616101975,0.0000477407011203,0.0000253767775575,0.0000177570109372,0.0000341557679349,0.0000207215161936,0.0000190131049749,0.0000253558882832,0.0000339062535204,0.0000546814226254,0.0000613701486145,0.0000503022238263,0.0000364247825928,0.0000399464552174,0.0000195034353965,0.0000100873457995,0.00000641324777462,0.00000418725949203,0.00000262264325102,0.00000123560027987,5.64594245134e-7,3.67278488511e-7,2.6899138561e-7,1.98551262542e-7,1.86976478744e-7,1.75821526227e-7,1.73056491803e-7,1.41776183682e-7],"median":[0.00000600041266807,0.0000131913093355,0.0000718938463251,0.00020647776546,0.000146029808093,0.00012135522411,0.00013585187844,0.0000510478166689,0.0000163908734976,0.00000827841358841,0.0000127829789562,0.0000158008588187,0.00000660825662635,0.00000821186040412,0.0000078384673543,0.00000680289122101,0.0000126347877085,0.00001129789689,0.00000733816159482,0.000012041962691,0.0000240481622313,0.0000393579721276,0.0000390578934457,0.0000320578619721,0.00002556981417,0.0000232328093261,0.0000120630147649,0.00000692186222295,0.00000366652193406,0.00000266791585091,0.00000153876271725,7.06533683115e-7,2.86290031681e-7,1.50728965309e-7,1.07278751216e-7,7.36857401762e-8,6.44362359026e-8,5.85231347827e-8,4.97532823829e-8,3.2613655776e-8],"min":[1.70168625299e-23,9.6888164592e-24,2.79310126888e-24,5.11964416601e-24,6.34722454165e-24,7.21551664027e-24,1.43753049908e-23,2.72133247866e-24,9.7069626266e-24,3.26304819266e-24,8.05375866044e-24,6.22970398829e-24,5.07324731187e-24,4.10652036063e-24,5.19352887839e-24,5.11476703347e-24,8.38008832882e-24,6.96974544753e-24,8.06866497611e-24,9.56883308209e-24,4.46921691117e-24,6.6954056571e-24,6.82360896484e-24,6.75680980111e-24,8.03950788819e-24,9.87498921055e-24,1.00197309872e-23,8.8354172656e-24,1.23830257306e-23,1.08095779685e-23,9.05202900384e-24,1.00971458521e-23,5.32966221038e-24,5.86374313132e-24,8.21840339769e-24,8.66728891859e-24,7.15146271249e-24,6.91323776317e-24,9.49453185115e-24,8.03188354754e-24],"var":[5.49487851054e-11,4.85077422674e-10,5.08866619953e-8,1.22461756291e-7,2.98882518734e-8,5.2432508113e-8,0.00000148346418882,0.00000129756131173,8.03439590413e-8,8.70369589734e-8,1.07693267637e-7,7.90058933831e-8,3.85889052268e-7,2.82003913554e-8,5.89632032089e-9,2.24378982061e-9,6.23480600481e-9,2.48070208819e-9,2.54413334844e-9,2.37334862874e-9,1.79260195576e-9,4.09204314877e-9,5.19068787952e-9,3.65434105198e-9,1.61528945775e-9,3.55920892758e-9,6.61459886864e-10,1.5465249914e-10,9.49282943918e-11,2.61686939479e-11,1.2493663222e-11,8.12229797309e-12,5.29852333883e-12,3.05814575052e-12,9.18284111945e-13,4.33080329411e-13,3.24543153853e-13,2.73528839552e-13,3.65866652296e-13,3.95386387476e-13]},"melbands_crest":{"dmean":2.78482246399,"dmean2":4.39773654938,"dvar":6.85884237289,"dvar2":17.4690494537,"max":33.3962402344,"mean":12.6321611404,"median":11.849946022,"min":2.03851985931,"var":30.3279342651},"melbands_flatness_db":{"dmean":0.0235341247171,"dmean2":0.0313853062689,"dvar":0.000781839189585,"dvar2":0.00128463818692,"max":0.539295375347,"mean":0.201486900449,"median":0.170664548874,"min":0.00603208737448,"var":0.00937475729734},"melbands_kurtosis":{"dmean":6.29143953323,"dmean2":9.4357585907,"dvar":204.639099121,"dvar2":459.756011963,"max":246.309799194,"mean":11.5911989212,"median":2.07356214523,"min":-1.85928928852,"var":534.576721191},"melbands_skewness":{"dmean":0.634475529194,"dmean2":0.946832716465,"dvar":0.639535427094,"dvar2":1.44664418697,"max":14.0872945786,"mean":1.9902228117,"median":1.52789056301,"min":-1.5110309124,"var":3.41435813904},"melbands_spread":{"dmean":7.44762992859,"dmean2":11.1935920715,"dvar":81.354637146,"dvar2":171.152511597,"max":186.923034668,"mean":36.4954071045,"median":33.3525238037,"min":0.514110922813,"var":717.348693848},"mfcc":{"cov":[[11063.5986328,-2699.015625,-3195.80273438,-333.013916016,-1042.25305176,-197.972061157,-233.277877808,-45.92578125,-33.1943588257,100.865631104,71.493270874,340.393951416,130.84147644],[-2699.015625,1588.90258789,694.543212891,115.262145996,220.242889404,-23.6077537537,95.3560714722,-34.0192489624,-13.0751085281,-63.6566162109,-52.1780433655,-132.783615112,-89.3809738159],[-3195.80273438,694.543212891,1631.78820801,-7.0593380928,342.125183105,28.6138019562,51.5263061523,19.7409114838,-3.08611559868,-29.3024330139,-52.2504005432,-138.188446045,-16.2006969452],[-333.013916016,115.262145996,-7.0593380928,334.013519287,64.6311340332,-9.9519739151,-63.0270843506,-7.544485569,-4.59744024277,-29.0421962738,14.5463104248,19.8794689178,-38.5006484985],[-1042.25305176,220.242889404,342.125183105,64.6311340332,230.472167969,23.7782497406,17.5128974915,-3.36991143227,-1.50227475166,7.81744241714,-11.5823898315,-22.3170948029,-14.8169927597],[-197.972061157,-23.6077537537,28.6138019562,-9.9519739151,23.7782497406,163.213012695,38.8208312988,25.6320743561,-20.135799408,-1.46534347534,-2.35935139656,-29.3783454895,-1.1102591753],[-233.277877808,95.3560714722,51.5263061523,-63.0270843506,17.5128974915,38.8208312988,155.491958618,1.58970093727,11.2687129974,2.94212079048,-20.4363212585,-36.1099853516,-5.8297586441],[-45.92578125,-34.0192489624,19.7409114838,-7.544485569,-3.36991143227,25.6320743561,1.58970093727,88.5680389404,2.45366358757,3.02919816971,-6.08958959579,-3.38513493538,-5.61277866364],[-33.1943588257,-13.0751085281,-3.08611559868,-4.59744024277,-1.50227475166,-20.135799408,11.2687129974,2.45366358757,91.4061050415,22.1744308472,-4.20767498016,-16.6167087555,-9.97157287598],[100.865631104,-63.6566162109,-29.3024330139,-29.0421962738,7.81744241714,-1.46534347534,2.94212079048,3.02919816971,22.1744308472,97.2105407715,1.41838407516,10.359618187,-1.61581492424],[71.493270874,-52.1780433655,-52.2504005432,14.5463104248,-11.5823898315,-2.35935139656,-20.4363212585,-6.08958959579,-4.20767498016,1.41838407516,94.3312454224,37.9129981995,7.37178325653],[340.393951416,-132.783615112,-138.188446045,19.8794689178,-22.3170948029,-29.3783454895,-36.1099853516,-3.38513493538,-16.6167087555,10.359618187,37.9129981995,113.307250977,29.0881080627],[130.84147644,-89.3809738159,-16.2006969452,-38.5006484985,-14.8169927597,-1.1102591753,-5.8297586441,-5.61277866364,-9.97157287598,-1.61581492424,7.37178325653,29.0881080627,77.2228851318]],"icov":[[0.00039412084152,0.000375329691451,0.000471344130347,0.000185397046153,0.000656806339975,0.00034663232509,0.000136330956593,0.000203050512937,0.000338722165907,-0.000102845224319,0.000280302367173,-9.72231418928e-7,0.000129217587528],[0.000375329691451,0.00132713769563,0.00017984661099,-0.000097635864222,0.00026446938864,0.000794106803369,-0.000437936774688,0.000508197641466,0.000682186393533,0.000285900925519,0.000289513060125,0.0005673939595,0.000807949516457],[0.000471344130347,0.00017984661099,0.00167895364575,0.000580435094889,-0.000714376161341,0.000609680777416,0.000408893829444,-0.000210831130971,0.000466682977276,0.000151365151396,0.000251696561463,0.000949884124566,-0.000379996054107],[0.000185397046153,-0.000097635864222,0.000580435094889,0.00426243711263,-0.00126982282382,-0.000153522414621,0.00186482584104,0.000306278379867,-0.000329740752932,0.00145704357419,-0.0000187368041225,-0.00112514419015,0.00215044408105],[0.000656806339975,0.00026446938864,-0.000714376161341,-0.00126982282382,0.00861936248839,-0.000559021951631,-0.000404775084462,0.00108860223554,0.000582871900406,-0.00185702345334,0.000903054431546,-0.00101451214869,0.000436994916527],[0.00034663232509,0.000794106803369,0.000609680777416,-0.000153522414621,-0.000559021951631,0.00825967080891,-0.0018658596091,-0.00209171604365,0.00287003396079,-0.000372989830794,-0.000859609164763,0.00291862594895,-0.000552740180865],[0.000136330956593,-0.000437936774688,0.000408893829444,0.00186482584104,-0.000404775084462,-0.0018658596091,0.00843754131347,0.000486203149194,-0.00119363423437,0.000163972741575,0.000954804883804,0.000801766640507,0.000301608844893],[0.000203050512937,0.000508197641466,-0.000210831130971,0.000306278379867,0.00108860223554,-0.00209171604365,0.000486203149194,0.0124727953225,-0.000606366549619,-0.000113248446723,0.00121730205137,-0.00104016833939,0.00166964042],[0.000338722165907,0.000682186393533,0.000466682977276,-0.000329740752932,0.000582871900406,0.00287003396079,-0.00119363423437,-0.000606366549619,0.0133491521701,-0.00316481804475,-0.000365257990779,0.00305650569499,0.000709177693352],[-0.000102845224319,0.000285900925519,0.000151365151396,0.00145704357419,-0.00185702345334,-0.000372989830794,0.000163972741575,-0.000113248446723,-0.00316481804475,0.0121436808258,0.000192749255802,-0.00184619531501,0.00142827711534],[0.000280302367173,0.000289513060125,0.000251696561463,-0.0000187368041225,0.000903054431546,-0.000859609164763,0.000954804883804,0.00121730205137,-0.000365257990779,0.000192749255802,0.0127660771832,-0.00439889915287,0.000620270904619],[-9.72231418928e-7,0.0005673939595,0.000949884124566,-0.00112514419015,-0.00101451214869,0.00291862594895,0.000801766640507,-0.00104016833939,0.00305650569499,-0.00184619531501,-0.00439889915287,0.0149311032146,-0.00471931369975],[0.000129217587528,0.000807949516457,-0.000379996054107,0.00215044408105,0.000436994916527,-0.000552740180865,0.000301608844893,0.00166964042,0.000709177693352,0.00142827711534,0.000620270904619,-0.00471931369975,0.0167180933058]],"mean":[-705.302490234,118.3960495,-36.3647918701,44.9236335754,-4.01714229584,-25.7117996216,-9.82819461823,-13.7885580063,-14.027141571,-14.7213401794,-7.50114583969,-3.50832486153,-6.37572860718]},"pitch_salience":{"dmean":0.0595233403146,"dmean2":0.0943071916699,"dvar":0.00305357133038,"dvar2":0.00746345985681,"max":0.873026609421,"mean":0.601458370686,"median":0.627732932568,"min":0.126958236098,"var":0.015230034478},"silence_rate_20dB":{"dmean":0,"dmean2":0,"dvar":0,"dvar2":0,"max":1,"mean":1,"median":1,"min":1,"var":0},"silence_rate_30dB":{"dmean":0,"dmean2":0,"dvar":0,"dvar2":0,"max":1,"mean":1,"median":1,"min":1,"var":0},"silence_rate_60dB":{"dmean":0.0418687164783,"dmean2":0.0837473422289,"dvar":0.0401100181043,"dvar2":0.0871478393674,"max":1,"mean":0.188978239894,"median":0,"min":0,"var":0.153285905719},"spectral_centroid":{"dmean":227.485290527,"dmean2":327.130462646,"dvar":85278.2265625,"dvar2":155865.3125,"max":11150.6015625,"mean":1821.49084473,"median":2029.87243652,"min":198.059265137,"var":842575.3125},"spectral_complexity":{"dmean":2.93270254135,"dmean2":4.51644182205,"dvar":9.47680282593,"dvar2":20.066450119,"max":53,"mean":20.6192054749,"median":23,"min":0,"var":181.968093872},"spectral_contrast_coeffs":{"dmean":[0.0498033165932,0.0434515140951,0.0363654606044,0.0295492522418,0.0217040032148,0.0206088591367],"dmean2":[0.0819069892168,0.0706433877349,0.0569701418281,0.0474618524313,0.034559186548,0.0302382241935],"dvar":[0.00165965477936,0.00128145806957,0.000948935863562,0.000575128942728,0.000324412132613,0.000475855224067],"dvar2":[0.0045060403645,0.00331182824448,0.00213312683627,0.00140887370799,0.000780810019933,0.000824362796266],"max":[-0.342732548714,-0.406674444675,-0.419541686773,-0.521969914436,-0.591614067554,-0.588395595551],"mean":[-0.563980996609,-0.707385241985,-0.779557645321,-0.785883963108,-0.769402205944,-0.731217443943],"median":[-0.56028676033,-0.718269109726,-0.797599434853,-0.790083408356,-0.763783216476,-0.715027391911],"min":[-0.957364976406,-0.979662239552,-0.984639525414,-0.983611524105,-0.977429628372,-0.967726290226],"var":[0.00505343684927,0.00630351668224,0.0060636154376,0.00302850548178,0.00218224432319,0.00342433014885]},"spectral_contrast_valleys":{"dmean":[0.384540349245,0.343218833208,0.338781028986,0.317209094763,0.304118663073,0.209409743547],"dmean2":[0.638254642487,0.512226939201,0.498421549797,0.443955391645,0.394461899996,0.279034733772],"dvar":[0.124223008752,0.127360120416,0.128488749266,0.143050074577,0.185069918633,0.0953069105744],"dvar2":[0.280845016241,0.213908419013,0.19859033823,0.197389364243,0.252347260714,0.131709501147],"max":[-7.40620183945,-5.28158807755,-5.3631105423,-5.68452978134,-5.73484230042,-8.13426494598],"mean":[-8.85910606384,-7.13432979584,-8.12857818604,-8.24443149567,-7.46745729446,-11.2621603012],"median":[-8.77815246582,-6.96117734909,-7.76965475082,-7.69298410416,-6.83131217957,-10.9084415436],"min":[-27.2247848511,-27.6844596863,-27.1689300537,-27.557849884,-27.280172348,-27.1723442078],"var":[0.434023559093,0.836632907391,1.27233612537,1.70556795597,2.04103374481,1.46286737919]},"spectral_decrease":{"dmean":5.80291481533e-10,"dmean2":8.56665183235e-10,"dvar":6.98439772979e-19,"dvar2":1.41793129255e-18,"max":1.44877995807e-28,"mean":-2.9733622231e-9,"median":-2.36622277328e-9,"min":-2.54865710758e-8,"var":8.14622025621e-18},"spectral_energy":{"dmean":0.00241031008773,"dmean2":0.00354534969665,"dvar":0.0000115158172775,"dvar2":0.0000233068822126,"max":0.102068096399,"mean":0.0128607964143,"median":0.0106141557917,"min":1.05039869358e-20,"var":0.000141066033393},"spectral_energyband_high":{"dmean":0.000130048952997,"dmean2":0.000192913299543,"dvar":5.59371358122e-8,"dvar2":1.08487668626e-7,"max":0.0085719153285,"mean":0.000424495490734,"median":0.000312640477205,"min":7.44401078207e-21,"var":2.55625309364e-7},"spectral_energyband_low":{"dmean":0.00005342168879,"dmean2":0.0000868719580467,"dvar":3.60336693817e-9,"dvar2":9.63786828123e-9,"max":0.00128522398882,"mean":0.000139525043778,"median":0.000112676374556,"min":1.00048779985e-22,"var":1.40353515476e-8},"spectral_energyband_middle_high":{"dmean":0.00140396645293,"dmean2":0.00200985791162,"dvar":0.00000726434018361,"dvar2":0.0000139230432978,"max":0.0916065573692,"mean":0.00582881318405,"median":0.00462018465623,"min":1.23887351271e-21,"var":0.0000480086819152},"spectral_energyband_middle_low":{"dmean":0.00176221481524,"dmean2":0.00264665414579,"dvar":0.00000713053304935,"dvar2":0.0000150340410983,"max":0.0977114066482,"mean":0.00663903355598,"median":0.00393266091123,"min":2.63560851815e-22,"var":0.0000795360174379},"spectral_entropy":{"dmean":0.158979952335,"dmean2":0.212339103222,"dvar":0.0527630597353,"dvar2":0.0865417644382,"max":9.80294895172,"mean":7.24674224854,"median":7.46706199646,"min":4.79476213455,"var":0.32430267334},"spectral_flux":{"dmean":0.0111511247233,"dmean2":0.0171057507396,"dvar":0.000181228024303,"dvar2":0.000424415746238,"max":0.322087287903,"mean":0.0527520254254,"median":0.0533033236861,"min":1.02488961762e-10,"var":0.000948252039962},"spectral_kurtosis":{"dmean":3.01132106781,"dmean2":4.9796538353,"dvar":14.7507362366,"dvar2":32.5889778137,"max":60.9917221069,"mean":7.36800956726,"median":5.54648733139,"min":-1.47512471676,"var":43.6544876099},"spectral_rms":{"dmean":0.00033566672937,"dmean2":0.000485034834128,"dvar":1.21887495652e-7,"dvar2":2.34058802562e-7,"max":0.00997890904546,"mean":0.00320396176539,"median":0.0032179611735,"min":3.20121728604e-12,"var":0.00000228173234973},"spectral_rolloff":{"dmean":351.821594238,"dmean2":583.994812012,"dvar":514016.34375,"dvar2":1113843.875,"max":19078.4179688,"mean":2229.94458008,"median":2734.71679688,"min":193.798828125,"var":2145232.5},"spectral_skewness":{"dmean":0.34856697917,"dmean2":0.536744892597,"dvar":0.184720382094,"dvar2":0.341102927923,"max":6.41691541672,"mean":1.40911149979,"median":1.1559510231,"min":-0.0616791658103,"var":0.810126364231},"spectral_spread":{"dmean":319415.46875,"dmean2":461815.90625,"dvar":571722366976,"dvar2":736414334976,"max":39982892,"mean":2944449.25,"median":2599752.5,"min":1522617.75,"var":1912845107200},"spectral_strongpeak":{"dmean":0.731824755669,"dmean2":1.21340060234,"dvar":1.39552426338,"dvar2":3.4138481617,"max":16.5608482361,"mean":1.54986917973,"median":0.667440891266,"min":0,"var":3.41679310799},"zerocrossingrate":{"dmean":0.00802184548229,"dmean2":0.00887408107519,"dvar":0.00011557911057,"dvar2":0.000137647075462,"max":0.52294921875,"mean":0.07402536273,"median":0.076171875,"min":0.00830078125,"var":0.00160837289877}},"metadata":{"audio_properties":{"analysis_sample_rate":44100,"bit_rate":189684,"codec":"mp3","downmix":"mix","equal_loudness":0,"length":196.310211182,"lossless":false,"md5_encoded":"81690acce47560198f7bbb57fb474302","replay_gain":-5.07186508179,"sample_rate":44100},"tags":{"acoustid_id":["c631dde5-245c-46fc-83cf-ee8921917bd5"],"album":["4-Track Demos"],"albumartist":["PJ Harvey"],"albumartistsort":["Harvey, PJ"],"artist":["PJ Harvey"],"artists":["PJ Harvey"],"artistsort":["Harvey, PJ"],"asin":["B000001E26"],"barcode":["731451845024"],"catalognumber":["518 450-2","IMCD 170"],"date":["1993-10-19"],"file_name":"11 - Easy.mp3","label":["Island Records","Island Masters"],"media":["CD"],"musicbrainz album release country":["GB"],"musicbrainz album status":["official"],"musicbrainz album type":["album"],"musicbrainz release track id":["20625caf-57ed-31be-9d33-7dc7b8758997"],"musicbrainz_albumartistid":["e795e03d-b5d5-4a5f-834d-162cfb308a2c"],"musicbrainz_albumid":["0efea1e8-9daa-48a6-b43c-6d48aede3557"],"musicbrainz_artistid":["e795e03d-b5d5-4a5f-834d-162cfb308a2c"],"musicbrainz_recordingid":["513ea1fe-6139-4124-9b6f-c5cab37459bf"],"musicbrainz_releasegroupid":["850778ff-f726-33a5-9d67-2f36692887a5"],"originaldate":["1993"],"script":["Latn"],"title":["Easy"],"tracknumber":["11/14"]},"version":{"essentia":"2.1-beta1","essentia_build_sha":"65e368e5454dd45657e4cc002e00185f437e13e1","essentia_git_sha":"v2.1_beta1-28-g21ef5f4","extractor":"music 1.0"}},"rhythm":{"beats_count":417,"beats_loudness":{"dmean":0.00636130990461,"dmean2":0.0104146385565,"dvar":0.0000803395741968,"dvar2":0.000193311891053,"max":0.0876497104764,"mean":0.0157813634723,"median":0.013185935095,"min":0.000924086547457,"var":0.000175217763172},"beats_loudness_band_ratio":{"dmean":[0.0870886296034,0.12546466291,0.144939720631,0.112261168659,0.0953622385