{"lowlevel":{"average_loudness":0.0385477542877,"barkbands":{"dmean":[0.00122484739404,0.00362240872346,0.0022658619564,0.00144312693737,0.00186277623288,0.00129202671815,0.00130677723791,0.00049028993817,0.000490904727485,0.000256729894318,0.000168271464645,0.000175637818757,0.000105330087536,0.000095297844382,0.0000468279249617,0.0000259096432274,0.0000134688871185,0.0000105817416625,0.0000080971776697,0.00000488412888444,0.00000358631723429,0.00000239357154896,0.00000193532628145,0.00000177143419933,0.00000185643273198,0.00000252649783761,0.0000688522559358],"dmean2":[0.00203343830071,0.00591368693858,0.00381450355053,0.002427397063,0.00296892598271,0.0020535660442,0.00204788451083,0.000809115474112,0.000785968091805,0.000414703448769,0.000270742399152,0.00028297258541,0.000170891187736,0.000154042907525,0.0000765345830587,0.0000422593257099,0.0000221013924602,0.000017078989913,0.0000132701607072,0.00000800550697022,0.00000588954344494,0.00000396559107685,0.00000322983146361,0.00000296547955259,0.00000309008191834,0.00000414606529375,0.000107111467514],"dvar":[0.0000201431412279,0.000094836424978,0.0000359046098311,0.0000165776145877,0.0000215084583033,0.0000108632711999,0.0000322448613588,0.00000243989279625,0.00000373382340513,5.66838309624e-7,3.00620172311e-7,3.48016584439e-7,9.51386951442e-8,2.21560185309e-7,1.81940773558e-8,7.67338903529e-9,2.32807084721e-9,1.89776305781e-9,9.09812003513e-10,2.34123748166e-10,1.05499449454e-10,3.44995074175e-11,2.34362650814e-11,1.82864019066e-11,1.87315388894e-11,3.50870547894e-11,6.27664249464e-8],"dvar2":[0.0000518391134392,0.00024208072864,0.00010464717343,0.0000507083714183,0.00005061263073,0.0000264048430836,0.0000852601588122,0.00000682381460138,0.00000728375789549,0.0000014211141206,7.46678892938e-7,8.6120820697e-7,2.30603077966e-7,5.20380694979e-7,4.63851215216e-8,1.92517415343e-8,5.9610596459e-9,4.62054083883e-9,2.37990116503e-9,5.69876756895e-10,2.77849104835e-10,8.79703532242e-11,6.04185937392e-11,4.78200916365e-11,4.87399738625e-11,8.92076551517e-11,1.3688149636e-7],"max":[0.14113406837,0.470151662827,0.185856193304,0.132236629725,0.308688491583,0.176818519831,0.354548841715,0.171450972557,0.359978169203,0.041118837893,0.0288863983005,0.0302583277225,0.015264691785,0.0572475902736,0.00558157078922,0.00514265475795,0.00337659451179,0.00287138111889,0.00306030642241,0.00120728334878,0.00109244231135,0.000218270753976,0.000160887633683,0.000118123694847,0.000117366689665,0.000192726307432,0.0214630141854],"mean":[0.00182052061427,0.00808974169195,0.00374880852178,0.00229551130906,0.00382674345747,0.00241983984597,0.0024609726388,0.000806678493973,0.000868527567945,0.00044009037083,0.000279560481431,0.000302041560644,0.000189690006664,0.000169481616467,0.0000924271444092,0.0000498353765579,0.0000250189696089,0.0000191782510228,0.0000154421832121,0.00000889381226443,0.00000607568290434,0.00000321147422255,0.00000219325147555,0.00000177738149887,0.00000193753521671,0.00000296234657071,0.000195848115254],"median":[0.00031410966767,0.00247545703314,0.000854153186083,0.000501427566633,0.000927944784053,0.000475293403724,0.000322484440403,0.00013971257431,0.000156452413648,0.000073066126788,0.0000344223990396,0.0000364505867765,0.0000262129942712,0.0000217938522837,0.00000964457103692,0.00000478980155094,0.00000240149370256,0.00000167226323811,0.00000125855001443,9.0405148967e-7,7.25431675619e-7,5.20979824614e-7,3.81567105023e-7,3.69849317394e-7,4.30142193864e-7,6.33671618289e-7,0.0000220536567213],"min":[5.22212607229e-26,1.08905580903e-24,3.06263709361e-25,4.88862822207e-25,6.65037984322e-24,3.93819953156e-24,5.70215838552e-24,4.7312662487e-24,1.38697792569e-23,9.7744646654e-24,1.08924651615e-23,1.08181544643e-23,1.7744665601e-23,2.19531596443e-23,2.4449350629e-23,4.09261384727e-23,6.4183950992e-23,8.57493129262e-23,1.02560588838e-22,1.36139166399e-22,2.17897089269e-22,2.61261341209e-22,3.26223191095e-22,5.5864549417e-22,7.18775927559e-22,1.16840341947e-21,1.83675980083e-21],"var":[0.0000283827394014,0.000234697785345,0.0000838129781187,0.0000336746961693,0.000100934244983,0.0000312427218887,0.0000853207311593,0.00000520999583387,0.0000166522986547,0.00000142016779137,6.71659734053e-7,7.56987731165e-7,2.34942888255e-7,3.70568784547e-7,5.08838411406e-8,2.05156656108e-8,5.15707299087e-9,4.42721770355e-9,2.56223864348e-9,7.42631289796e-10,3.27718102655e-10,6.3764438174e-11,3.05975245141e-11,1.99165874765e-11,2.14567443674e-11,4.80095962985e-11,2.56968377244e-7]},"barkbands_crest":{"dmean":2.46460103989,"dmean2":4.02577161789,"dvar":5.16601514816,"dvar2":13.940955162,"max":26.8866920471,"mean":12.658290863,"median":11.8595972061,"min":3.17873358727,"var":24.1492977142},"barkbands_flatness_db":{"dmean":0.0409935079515,"dmean2":0.0664794147015,"dvar":0.00137580628507,"dvar2":0.0038454644382,"max":0.662874758244,"mean":0.240404874086,"median":0.227730661631,"min":0.0562725402415,"var":0.00604935223237},"barkbands_kurtosis":{"dmean":15.5686264038,"dmean2":25.5581569672,"dvar":1558.26147461,"dvar2":4169.78955078,"max":1455.39575195,"mean":33.3090667725,"median":13.9383583069,"min":-1.73363947868,"var":5554.15332031},"barkbands_skewness":{"dmean":0.963189482689,"dmean2":1.56119525433,"dvar":1.57604312897,"dvar2":4.11371803284,"max":31.0842590332,"mean":3.31675577164,"median":2.75753712654,"min":-4.00864601135,"var":6.72167491913},"barkbands_spread":{"dmean":2.85095953941,"dmean2":4.59862422943,"dvar":17.5107345581,"dvar2":43.7509689331,"max":135.326538086,"mean":9.76113891602,"median":7.01074028015,"min":0.122456304729,"var":101.019050598},"dissonance":{"dmean":0.0390910021961,"dmean2":0.0661047920585,"dvar":0.00133188336622,"dvar2":0.00372975599021,"max":0.500000178814,"mean":0.428731590509,"median":0.438844352961,"min":0.103479214013,"var":0.0024594347924},"dynamic_complexity":6.11113834381,"erbbands":{"dmean":[0.15363830328,0.705382943153,2.22417593002,3.95627307892,5.80935573578,6.39560651779,8.16467952728,11.4529857635,17.0714168549,17.9417076111,9.94339752197,11.6065721512,8.37835216522,6.65328359604,6.54131793976,7.21780633926,4.76240301132,4.63648986816,3.19513988495,1.78257656097,1.1814365387,0.726240158081,0.588393032551,0.462486624718,0.354735672474,0.229891061783,0.175006762147,0.118593074381,0.0881338715553,0.068854495883,0.0535784848034,0.0388530418277,0.0287249572575,0.0203106403351,0.013489054516,0.00828349217772,0.00478754006326,0.00290572014637,0.00220781844109,0.00292256125249],"dmean2":[0.249232143164,1.16546022892,3.74032711983,6.58874845505,9.63208389282,10.1101226807,13.1892585754,18.1055049896,26.8520870209,28.5837345123,16.2782878876,18.5597515106,13.4945850372,10.678314209,10.4767770767,11.5125074387,7.7286400795,7.40743112564,5.17280483246,2.89557409286,1.92800033092,1.18097603321,0.951109647751,0.746982812881,0.583344638348,0.376380056143,0.287323355675,0.195125088096,0.145950824022,0.114446565509,0.0894183591008,0.0651292949915,0.048041742295,0.0338618569076,0.0224180798978,0.0137210041285,0.00787012837827,0.00459416676313,0.00338214123622,0.00441551115364],"dvar":[0.245540693402,3.20840954781,34.7817726135,109.864128113,234.966140747,305.942871094,436.201629639,995.095153809,6886.68164062,3934.23852539,1117.30529785,2355.76928711,723.82611084,367.147857666,544.434204102,623.397338867,182.400405884,470.360412598,121.493972778,26.8211116791,14.9124288559,6.38517618179,5.72026252747,3.20942616463,1.68372964859,0.503354072571,0.296617269516,0.0942883044481,0.0472703427076,0.0287164449692,0.0184609424323,0.00891804695129,0.00475099449977,0.00229310896248,0.000971778237727,0.000354429561412,0.000124173049699,0.0000605262612225,0.0000610525094089,0.0000446202939202],"dvar2":[0.629347503185,8.37181186676,99.8694458008,325.561340332,633.858581543,704.697570801,1090.30505371,2354.13378906,18127.5859375,10198.4628906,3191.79272461,4717.9921875,1624.48632812,934.245300293,1278.09680176,1511.35119629,456.773590088,1131.61499023,290.692596436,69.8778076172,37.706325531,16.2883834839,14.1186771393,7.88495111465,4.41398048401,1.2420334816,0.772837638855,0.236388087273,0.119942218065,0.0738696604967,0.0475606173277,0.0233386866748,0.0124148791656,0.00597745506093,0.00252431002446,0.000916967750527,0.000318667385727,0.00013605816639,0.000127140912809,0.0000976658848231],"max":[15.7064704895,116.41783905,190.833175659,437.995239258,1051.14733887,1416.51123047,1094.22253418,2092.71557617,5019.37695312,2950.26000977,3582.14868164,7791.27050781,4144.66357422,859.245788574,1444.64440918,1554.61315918,493.751556396,2719.62988281,911.52130127,223.384613037,261.09942627,161.020126343,168.301208496,93.7716064453,142.890228271,53.3463020325,62.5390663147,21.5843639374,8.77904891968,5.32209253311,4.83991527557,2.60129475594,1.90069258213,1.31042671204,0.836848258972,0.481239855289,0.36114153266,0.608455479145,0.811198055744,0.365361064672],"mean":[0.34835472703,1.36712896824,3.92683148384,6.73008728027,10.5758666992,12.4717140198,14.71007061,21.4437885284,31.9867095947,32.0931777954,17.7444458008,20.7312145233,14.77775383,12.696472168,11.6467351913,13.09187603,9.26665878296,8.8856010437,6.42816781998,3.73971700668,2.3907854557,1.43209445477,1.10846138,0.862218081951,0.68528175354,0.429850637913,0.30993488431,0.191301941872,0.12094501406,0.0848674103618,0.0590434521437,0.0392457582057,0.0290665440261,0.0209594834596,0.0142364092171,0.00895588472486,0.00566002866253,0.00532926572487,0.00678954087198,0.0121739972383],"median":[0.0738395676017,0.437421709299,1.04516160488,1.6923378706,2.54924273491,2.63306188583,2.91603469849,4.05992603302,4.41748857498,4.68529748917,3.6191637516,3.74793863297,2.97270417213,2.20827031136,1.62252998352,1.69548916817,1.47735989094,1.33015620708,0.806481182575,0.420105099678,0.233746752143,0.140283301473,0.0998657047749,0.0749209299684,0.0577315092087,0.0429894030094,0.0337849445641,0.0252008903772,0.0191096011549,0.0143430577591,0.0105551769957,0.00806760787964,0.0061458311975,0.00458654388785,0.00319988490082,0.00207562139258,0.0012633134611,0.000852740136907,0.0010314641986,0.0040110857226],"min":[3.96555107464e-23,3.25027606129e-22,1.22798172913e-21,3.6863360544e-21,7.70488044438e-21,1.22327435251e-20,3.31169577677e-20,2.56350945869e-20,5.85119712598e-20,8.75795955857e-20,1.48522540806e-19,2.59618260821e-19,4.16091390256e-19,5.71625023461e-19,5.86453838604e-19,8.01670724353e-19,1.23578725904e-18,1.06013928167e-18,2.14271625105e-18,1.94077912965e-18,3.23920557115e-18,4.15347072461e-18,5.12517757456e-18,5.84942714041e-18,6.01964850277e-18,6.80535055709e-18,6.5980371753e-18,8.74314935499e-18,8.17292330074e-18,9.04898946032e-18,9.54362030557e-18,9.74137685615e-18,9.11363693391e-18,6.3059175148e-18,5.71305773104e-18,3.85582797916e-18,2.27266260297e-18,8.88268934766e-19,2.36502129917e-19,2.61058572907e-20],"var":[0.572504580021,7.10030078888,88.9149856567,229.645355225,738.698242188,1391.00720215,1328.05651855,2862.89501953,17822.1757812,10962.6503906,2377.80981445,9972.96386719,2360.07275391,990.11151123,1116.99328613,1479.00427246,483.473693848,786.88067627,288.169952393,82.937286377,41.5491523743,15.8707275391,13.5978622437,8.23827171326,5.16519069672,1.72946870327,0.926541864872,0.281390041113,0.0923758298159,0.0446149334311,0.0226919353008,0.0097360657528,0.00522138597444,0.00258403457701,0.0011299031321,0.000426407554187,0.000167588805198,0.000211266771657,0.00038089643931,0.000432054104749]},"erbbands_crest":{"dmean":3.23909044266,"dmean2":5.30929088593,"dvar":8.48822498322,"dvar2":21.9670982361,"max":34.7884140015,"mean":11.8280754089,"median":10.6606655121,"min":2.50055384636,"var":28.3292503357},"erbbands_flatness_db":{"dmean":0.0383237041533,"dmean2":0.0615959949791,"dvar":0.00110562785994,"dvar2":0.00301260687411,"max":0.466328829527,"mean":0.194482803345,"median":0.193210020661,"min":0.0332695692778,"var":0.00334292254411},"erbbands_kurtosis":{"dmean":2.64055681229,"dmean2":4.358730793,"dvar":30.7896347046,"dvar2":83.1399230957,"max":185.089981079,"mean":3.54756975174,"median":1.59657144547,"min":-1.80980789661,"var":51.3608779907},"erbbands_skewness":{"dmean":0.539063453674,"dmean2":0.86609005928,"dvar":0.315065592527,"dvar2":0.830637454987,"max":10.5571670532,"mean":0.781434059143,"median":0.707608401775,"min":-8.93470287323,"var":1.36517691612},"erbbands_spread":{"dmean":5.40687227249,"dmean2":8.77978134155,"dvar":36.5183982849,"dvar2":96.2976150513,"max":163.085830688,"mean":19.4513530731,"median":17.187795639,"min":0.487530589104,"var":123.832435608},"gfcc":{"cov":[[20012.6660156,750.764953613,-1876.01794434,-402.256591797,-369.828796387,-486.847473145,-396.914642334,-359.645812988,-153.336212158,63.6425018311,-83.3458251953,-51.4808883667,-223.25428772],[750.764953613,960.484313965,36.2252845764,-312.152557373,48.9128303528,-104.383354187,37.5965385437,-97.6191482544,55.5466003418,-31.5841808319,24.0722026825,-92.6417541504,29.9401397705],[-1876.01794434,36.2252845764,857.197692871,425.489013672,-56.0676727295,125.106056213,81.6625976562,168.112365723,22.1302204132,23.4946098328,-19.5452003479,13.0467758179,-1.326384902],[-402.256591797,-312.152557373,425.489013672,756.948303223,41.3075141907,57.9158477783,77.3856277466,174.213195801,-10.2336740494,49.6555252075,-21.6868076324,56.4130630493,-38.4963874817],[-369.828796387,48.9128303528,-56.0676727295,41.3075141907,314.904571533,10.4700641632,83.5309371948,-42.2453956604,39.6970748901,-2.20880699158,44.1188011169,0.532371819019,21.552728653],[-486.847473145,-104.383354187,125.106056213,57.9158477783,10.4700641632,250.155609131,54.0593032837,79.4657363892,7.91856765747,40.2583427429,11.7084589005,17.5497722626,-1.88901877403],[-396.914642334,37.5965385437,81.6625976562,77.3856277466,83.5309371948,54.0593032837,206.182723999,97.928565979,66.7121047974,24.817489624,29.0342731476,10.2032136917,14.1744842529],[-359.645812988,-97.6191482544,168.112365723,174.213195801,-42.2453956604,79.4657363892,97.928565979,204.770492554,89.4138946533,61.2921142578,-6.50343751907,14.921081543,-5.98097753525],[-153.336212158,55.5466003418,22.1302204132,-10.2336740494,39.6970748901,7.91856765747,66.7121047974,89.4138946533,157.19354248,86.1399307251,28.2806034088,-18.3824977875,3.77892708778],[63.6425018311,-31.5841808319,23.4946098328,49.6555252075,-2.20880699158,40.2583427429,24.817489624,61.2921142578,86.1399307251,129.806228638,58.7401123047,11.0051298141,-19.0716781616],[-83.3458251953,24.0722026825,-19.5452003479,-21.6868076324,44.1188011169,11.7084589005,29.0342731476,-6.50343751907,28.2806034088,58.7401123047,95.2044906616,43.1077880859,15.9502487183],[-51.4808883667,-92.6417541504,13.0467758179,56.4130630493,0.532371819019,17.5497722626,10.2032136917,14.921081543,-18.3824977875,11.0051298141,43.1077880859,85.0246963501,36.0898933411],[-223.25428772,29.9401397705,-1.326384902,-38.4963874817,21.552728653,-1.88901877403,14.1744842529,-5.98097753525,3.77892708778,-19.0716781616,15.9502487183,36.0898933411,69.8305282593]],"icov":[[0.0000919003141462,-0.000202513081604,0.00030411942862,-0.00016725914611,0.000149264771608,-0.0000131799988594,0.0000337968776876,0.0000828677002573,6.77463731336e-7,-0.000190893057152,0.000326277688146,-0.000396580726374,0.000326285196934],[-0.000202513081604,0.00220811879262,-0.00128912285436,0.00100978591945,-0.000283887726255,0.000705902639311,-0.000680480326992,0.000393253518268,-0.000220836082008,0.000751619227231,-0.00211490713991,0.00338497408666,-0.00183260021731],[0.00030411942862,-0.00128912285436,0.00324325822294,-0.00216857274063,0.00140631082468,-0.00117782002781,0.000268303294433,-0.000180260656634,-0.000536059145816,0.000575468526222,0.000102980513475,-0.000378911645385,0.000213793609873],[-0.00016725914611,0.00100978591945,-0.00216857274063,0.00404232926667,-0.00244825263508,0.00167992489878,-0.000308961025439,-0.00277403369546,0.00317401415668,-0.00282455724664,0.00231962394901,-0.00184504233766,0.00132631824818],[0.000149264771608,-0.000283887726255,0.00140631082468,-0.00244825263508,0.00636254018173,-0.00167759205215,-0.00223380303942,0.00485799787566,-0.00476178340614,0.00369875691831,-0.00312218489125,0.00119967828505,-0.000502662034705],[-0.0000131799988594,0.000705902639311,-0.00117782002781,0.00167992489878,-0.00167759205215,0.00616070441902,-0.00078508455772,-0.00322447274812,0.00439997669309,-0.00408935919404,0.00112693931442,0.000437699723989,-0.000712025386747],[0.0000337968776876,-0.000680480326992,0.000268303294433,-0.000308961025439,-0.00223380303942,-0.00078508455772,0.00924673397094,-0.00562149006873,-0.000870124960784,0.00332446582615,-0.00411729747429,0.000996783608571,-0.0000752940686652],[0.0000828677002573,0.000393253518268,-0.000180260656634,-0.00277403369546,0.00485799787566,-0.00322447274812,-0.00562149006873,0.0180796626955,-0.0110943401232,0.000298900326015,0.00576771330088,-0.00572174042463,0.00198830640875],[6.77463731336e-7,-0.000220836082008,-0.000536059145816,0.00317401415668,-0.00476178340614,0.00439997669309,-0.000870124960784,-0.0110943401232,0.0238361973315,-0.0157829746604,0.00200488558039,0.00837147608399,-0.00773339904845],[-0.000190893057152,0.000751619227231,0.000575468526222,-0.00282455724664,0.00369875691831,-0.00408935919404,0.00332446582615,0.000298900326015,-0.0157829746604,0.0294473078102,-0.0186865329742,0.00176808482502,0.00787085294724],[0.000326277688146,-0.00211490713991,0.000102980513475,0.00231962394901,-0.00312218489125,0.00112693931442,-0.00411729747429,0.00576771330088,0.00200488558039,-0.0186865329742,0.0344423055649,-0.0202517788857,0.00294192438014],[-0.000396580726374,0.00338497408666,-0.000378911645385,-0.00184504233766,0.00119967828505,0.000437699723989,0.000996783608571,-0.00572174042463,0.00837147608399,0.00176808482502,-0.0202517788857,0.0373878702521,-0.0194615907967],[0.000326285196934,-0.00183260021731,0.000213793609873,0.00132631824818,-0.000502662034705,-0.000712025386747,-0.0000752940686652,0.00198830640875,-0.00773339904845,0.00787085294724,0.00294192438014,-0.0194615907967,0.0291603058577]],"mean":[-122.325592041,133.987258911,-48.418800354,-19.844209671,-18.8457775116,-9.45984172821,-9.75095844269,-12.7399902344,-4.14269924164,-6.56308937073,-2.06765842438,-11.034280777,-1.64968180656]},"hfc":{"dmean":65.8174057007,"dmean2":103.861991882,"dvar":22722.4746094,"dvar2":56396.078125,"max":6773.4296875,"mean":218.013549805,"median":88.7688217163,"min":1.0357037129e-16,"var":118147.023438},"melbands":{"dmean":[0.00115882873069,0.00102223909926,0.000685911451001,0.000432547007222,0.000275107595371,0.000261171488091,0.000254021200817,0.000174728105776,0.0000835525788716,0.0000703652112861,0.0000421383738285,0.000028116221074,0.0000233564169321,0.0000199150508706,0.0000155281340994,0.00000952459322434,0.00000930419810174,0.00000603070657235,0.00000324401685248,0.00000211958308682,0.00000131378965307,8.29231794341e-7,6.48735976938e-7,5.26918029209e-7,3.89030248016e-7,3.15438796861e-7,2.08622694231e-7,1.51580323404e-7,1.18518450165e-7,9.05138719531e-8,6.62313013322e-8,5.25826777675e-8,4.27445030482e-8,3.70707908814e-8,3.1847502413e-8,2.65305608593e-8,2.27852723356e-8,2.03354950656e-8,1.83244370788e-8,1.67067568668e-8],"dmean2":[0.00187590916175,0.00171074748505,0.00114651129115,0.000692027795594,0.000438649643911,0.000412148830947,0.000399837008445,0.000280220527202,0.000137288981932,0.000112314250146,0.0000680131997797,0.0000451773230452,0.0000374926639779,0.0000320691178786,0.0000250863813562,0.000015356214135,0.0000149527413669,0.00000984661528491,0.00000531872183274,0.00000345017292602,0.00000216095941141,0.00000136406583806,0.00000106677703116,8.55292739743e-7,6.34110733699e-7,5.20725507158e-7,3.44130910435e-7,2.49856981327e-7,1.95050787966e-7,1.48982849169e-7,1.09672221527e-7,8.73537899793e-8,7.11003380616e-8,6.17572268879e-8,5.30808073052e-8,4.45141949967e-8,3.81927165449e-8,3.40266765875e-8,3.06000025319e-8,2.7840089345e-8],"dvar":[0.0000119369651657,0.00000657702639728,0.00000302815283248,0.00000123562153931,4.7422210514e-7,4.97295161495e-7,0.00000143799456964,3.49276888301e-7,7.34816509862e-8,9.49852392296e-8,1.8864021456e-8,6.93357860015e-9,6.08168493343e-9,4.75882444562e-9,2.31449903687e-9,8.53270898382e-10,2.30267094281e-9,5.49843059972e-10,9.4526712846e-11,5.18930523552e-11,2.01306419451e-11,8.96099860981e-12,5.65735566033e-12,4.88401159793e-12,2.3190733188e-12,1.59948280749e-12,5.26054623039e-13,2.21606953166e-13,1.29643650958e-13,7.35013788657e-14,3.05201420777e-14,1.73797015326e-14,1.11036066748e-14,8.41645140083e-15,6.68923560139e-15,4.30294600678e-15,3.05821965584e-15,2.3924132193e-15,1.90133760956e-15,1.54227293168e-15],"dvar2":[0.0000302674870909,0.0000184321124834,0.00000907075082068,0.00000299844532492,0.00000111770793865,0.00000118355922041,0.00000384046370527,9.18708053632e-7,2.05947614518e-7,1.7729051649e-7,4.22062989003e-8,1.74823568955e-8,1.45715661759e-8,1.15895151254e-8,5.93570170793e-9,2.02246641656e-9,5.53624701638e-9,1.31126898228e-9,2.49999437818e-10,1.3130452281e-10,5.25464151357e-11,2.33502384095e-11,1.45059016882e-11,1.21157129468e-11,5.86656938306e-12,4.3296009139e-12,1.33555428002e-12,5.6442751948e-13,3.33679427405e-13,1.95078179413e-13,7.8149556867e-14,4.44871766649e-14,2.85653255607e-14,2.17136387809e-14,1.71015579356e-14,1.12665266859e-14,8.00458501836e-15,6.25347526651e-15,4.96333736169e-15,4.01830143188e-15],"max":[0.10920561105,0.119627252221,0.0640682205558,0.0787911340594,0.0511786714196,0.0412439964712,0.0747563764453,0.0262240096927,0.0245045423508,0.0569770485163,0.0212129298598,0.00376713532023,0.00430848449469,0.00318236555904,0.00201835669577,0.00155833060853,0.00622052093968,0.00210776436143,0.000497598957736,0.000519522640388,0.000372666778276,0.000210023747059,0.000119023679872,0.000148241495481,0.0000812736761873,0.000154324487085,0.0000842842127895,0.0000364784900739,0.0000323093445331,0.0000312426927849,0.0000113346959552,0.0000057742536228,0.00000310743075715,0.00000343588317264,0.0000028065760489,0.00000203201943805,0.0000015286600501,0.00000134959520892,0.00000119851927138,0.00000107226378532],"mean":[0.00264261639677,0.00199171807617,0.00127816118766,0.000864273693878,0.000523516908288,0.000500191992614,0.000481672264868,0.000306729809381,0.000141723561683,0.00012489144865,0.0000713746267138,0.0000516187210451,0.0000397945841542,0.000034011380194,0.0000281801640085,0.0000174646811502,0.0000165792262123,0.0000110702121674,0.00000626732435194,0.00000401395891458,0.00000246060017162,0.00000149634195168,0.00000113157545911,9.03668819774e-7,6.69515486607e-7,5.66836320104e-7,3.75043583745e-7,2.64877115796e-7,2.01419837254e-7,1.49924602511e-7,9.85876411619e-8,7.17279746709e-8,5.30543005084e-8,4.45275354366e-8,3.51403528498e-8,2.72285713976e-8,2.26960992222e-8,2.04889580857e-8,1.8695146764e-8,1.72813621191e-8],"median":[0.000716915586963,0.000627706933301,0.000353630748577,0.000197887638933,0.000109160508146,0.0000942745318753,0.0000680988232489,0.0000453312677564,0.0000270754226221,0.0000218701661652,0.0000130109547172,0.00000805343097454,0.00000497443352288,0.0000042270121412,0.00000367306347471,0.0000024568732897,0.00000222050493903,0.00000133327750973,6.49170829092e-7,4.03087170753e-7,2.24234071311e-7,1.42576837447e-7,1.04077670926e-7,7.50679021166e-8,5.77703431759e-8,4.5301984386e-8,3.45914443756e-8,2.66108219904e-8,2.16214885995e-8,1.71856981979e-8,1.34972557575e-8,1.10127329478e-8,9.08683261969e-9,7.37393301975e-9,6.08976247207e-9,5.34395105944e-9,4.65730032317e-9,4.29889279729e-9,4.00594712957e-9,3.78968767478e-9],"min":[7.46088373902e-25,5.10702682887e-25,9.78294215911e-25,1.20137707877e-24,1.37996562277e-24,5.51715216223e-25,1.05762857664e-24,8.39910658196e-25,1.11866698501e-24,1.86101142505e-24,1.83442345989e-24,1.90588991917e-24,1.90864245208e-24,9.97886562569e-25,1.77591384376e-24,2.07075750962e-24,1.48673114237e-24,2.7572599653e-24,2.12388176956e-24,2.36816517064e-24,2.96970513746e-24,3.06575526356e-24,3.27453558516e-24,3.10137292507e-24,3.63424156402e-24,3.77232062142e-24,3.48856222622e-24,4.29711546622e-24,2.7082900441e-24,4.47884732511e-24,4.48771057181e-24,3.76921369275e-24,4.43828251964e-24,3.9924648788e-24,3.96684543761e-24,4.91607860942e-24,5.59201959808e-24,4.97044493086e-24,5.35856449622e-24,4.51855818864e-24],"var":[0.0000281184893538,0.0000173088119482,0.00000730470173949,0.00000522230038769,0.00000191913159142,0.0000015048253772,0.00000363234244105,9.40205268307e-7,1.5417414545e-7,4.51118609135e-7,5.86551145432e-8,1.84751431931e-8,1.42564680061e-8,9.95349758171e-9,5.70141178713e-9,1.96629512672e-9,3.57168472576e-9,1.11823195148e-9,2.42316638976e-10,1.37252487153e-10,4.713690549e-11,1.8676154373e-11,1.24444699337e-11,1.07668466157e-11,5.18344395184e-12,3.79411389459e-12,1.55247819808e-12,6.59210045491e-13,3.74539320998e-13,2.26558856853e-13,7.34558762558e-14,3.36175653829e-14,1.73982888236e-14,1.26600568204e-14,8.33312707575e-15,4.74620173621e-15,3.30416689526e-15,2.61815999348e-15,2.11250821727e-15,1.74490798838e-15]},"melbands_crest":{"dmean":3.28372192383,"dmean2":5.41535663605,"dvar":9.38617515564,"dvar2":25.5864753723,"max":39.9528045654,"mean":18.2510547638,"median":17.0956020355,"min":1.47028505802,"var":55.1173324585},"melbands_flatness_db":{"dmean":0.049872033298,"dmean2":0.08094278723,"dvar":0.0019445476355,"dvar2":0.00548153696582,"max":0.846096098423,"mean":0.373824417591,"median":0.362513631582,"min":0.00256773666479,"var":0.00858456548303},"melbands_kurtosis":{"dmean":13.6811685562,"dmean2":22.3298301697,"dvar":1623.73791504,"dvar2":4173.8125,"max":1972.58349609,"mean":28.8581886292,"median":8.82311344147,"min":-1.9344727993,"var":7035.57666016},"melbands_skewness":{"dmean":0.839112997055,"dmean2":1.35042238235,"dvar":1.00923502445,"dvar2":2.61763381958,"max":42.7607002258,"mean":2.89455366135,"median":2.35199189186,"min":-4.31608104706,"var":6.18444252014},"melbands_spread":{"dmean":2.173797369,"dmean2":3.50857114792,"dvar":8.85250759125,"dvar2":22.3379249573,"max":164.439788818,"mean":8.1674451828,"median":5.73862361908,"min":0.0715925246477,"var":151.995285034},"mfcc":{"cov":[[12041.1220703,1220.03833008,-1936.82495117,-8.77823066711,-324.976623535,-202.844802856,-320.072113037,-369.07244873,-284.280822754,-165.831939697,-49.3262481689,-1.82852590084,38.8374671936],[1220.03833008,1416.78356934,-150.914825439,-283.077606201,-56.4049568176,-41.0155601501,-81.620765686,-131.765060425,-50.4769515991,-10.7099103928,-20.6826057434,-35.2619132996,-22.9956951141],[-1936.82495117,-150.914825439,969.465332031,254.28074646,62.8659744263,21.6325111389,80.910736084,125.516372681,96.7076950073,84.8017044067,44.1437950134,24.3906078339,-3.71093344688],[-8.77823066711,-283.077606201,254.28074646,583.011962891,110.981964111,15.1892271042,71.9105377197,84.8697128296,54.7395401001,31.8882598877,39.4678001404,27.751329422,20.8140926361],[-324.976623535,-56.4049568176,62.8659744263,110.981964111,172.131362915,80.6702575684,32.8641815186,18.4409942627,9.72328281403,3.13019037247,2.71074080467,9.35419464111,5.50811243057],[-202.844802856,-41.0155601501,21.6325111389,15.1892271042,80.6702575684,136.321151733,79.6123275757,22.4318161011,0.908612728119,7.73794603348,15.3902082443,16.3710727692,15.3004713058],[-320.072113037,-81.620765686,80.910736084,71.9105377197,32.8641815186,79.6123275757,135.558425903,83.221282959,22.1866645813,4.55595207214,13.1036558151,17.7335853577,13.8099956512],[-369.07244873,-131.765060425,125.516372681,84.8697128296,18.4409942627,22.4318161011,83.221282959,128.697402954,79.3854675293,25.1244316101,7.59171915054,9.84704208374,10.3058567047],[-284.280822754,-50.4769515991,96.7076950073,54.7395401001,9.72328281403,0.908612728119,22.1866645813,79.3854675293,116.961715698,87.8945770264,40.187789917,15.722612381,6.90787029266],[-165.831939697,-10.7099103928,84.8017044067,31.8882598877,3.13019037247,7.73794603348,4.55595207214,25.1244316101,87.8945770264,128.871734619,93.5290603638,40.0448493958,9.13181877136],[-49.3262481689,-20.6826057434,44.1437950134,39.4678001404,2.71074080467,15.3902082443,13.1036558151,7.59171915054,40.187789917,93.5290603638,112.001220703,72.458770752,23.7745857239],[-1.82852590084,-35.2619132996,24.3906078339,27.751329422,9.35419464111,16.3710727692,17.7335853577,9.84704208374,15.722612381,40.0448493958,72.458770752,83.8221130371,51.47864151],[38.8374671936,-22.9956951141,-3.71093344688,20.8140926361,5.50811243057,15.3004713058,13.8099956512,10.3058567047,6.90787029266,9.13181877136,23.7745857239,51.47864151,68.5393753052]],"icov":[[0.000191479790374,-0.000195956541575,0.000443458295194,-0.000442978780484,0.000533076818101,-0.000391058740206,0.000697920273524,-0.000753621105105,0.0011488449527,-0.00117948616389,0.00120316422544,-0.00104859448038,0.000413031753851],[-0.000195956541575,0.0010770088993,-0.000534390099347,0.000889398274012,-0.000770950515289,0.000951916445047,-0.00157690409105,0.00263422261924,-0.0025942879729,0.00230455840938,-0.00231722393073,0.00221133348532,-0.000958229531534],[0.000443458295194,-0.000534390099347,0.00245898566209,-0.00159166543745,0.00122592679691,-0.00101038906723,0.00204931409098,-0.00402004178613,0.00514192506671,-0.00655657611787,0.00614304933697,-0.00494922557846,0.00244623259641],[-0.000442978780484,0.000889398274012,-0.00159166543745,0.00397258158773,-0.00375071819872,0.00357188866474,-0.00395598402247,0.00335193611681,-0.0055693751201,0.00713627133518,-0.00877117365599,0.00713845947757,-0.00365457334556],[0.000533076818101,-0.000770950515289,0.00122592679691,-0.00375071819872,0.0125224785879,-0.0101668667048,0.00680289510638,-0.00424546329305,0.00454773753881,-0.00643635541201,0.0106589309871,-0.0101507082582,0.00550145842135],[-0.000391058740206,0.000951916445047,-0.00101038906723,0.00357188866474,-0.0101668667048,0.0213606916368,-0.016836931929,0.0102640110999,-0.0063189258799,0.00565040670335,-0.00966079905629,0.00989572517574,-0.00689811492339],[0.000697920273524,-0.00157690409105,0.00204931409098,-0.00395598402247,0.00680289510638,-0.016836931929,0.03143414855,-0.0288852751255,0.0230153016746,-0.0151650290936,0.011390414089,-0.0110612474382,0.00566703081131],[-0.000753621105105,0.00263422261924,-0.00402004178613,0.00335193611681,-0.00424546329305,0.0102640110999,-0.0288852751255,0.0536275282502,-0.0543805807829,0.0426294319332,-0.0263031926006,0.0168025456369,-0.00781343318522],[0.0011488449527,-0.0025942879729,0.00514192506671,-0.0055693751201,0.00454773753881,-0.0063189258799,0.0230153016746,-0.0543805807829,0.0870630964637,-0.0838420465589,0.0599306821823,-0.0340623706579,0.0122239924967],[-0.00117948616389,0.00230455840938,-0.00655657611787,0.00713627133518,-0.00643635541201,0.00565040670335,-0.0151650290936,0.0426294319332,-0.0838420465589,0.11633592844,-0.105162002146,0.0639760941267,-0.0238020308316],[0.00120316422544,-0.00231722393073,0.00614304933697,-0.00877117365599,0.0106589309871,-0.00966079905629,0.011390414089,-0.0263031926006,0.0599306821823,-0.105162002146,0.133950650692,-0.100921563804,0.0418042391539],[-0.00104859448038,0.00221133348532,-0.00494922557846,0.00713845947757,-0.0101507082582,0.00989572517574,-0.0110612474382,0.0168025456369,-0.0340623706579,0.0639760941267,-0.100921563804,0.107451103628,-0.0535789243877],[0.000413031753851,-0.000958229531534,0.00244623259641,-0.00365457334556,0.00550145842135,-0.00689811492339,0.00566703081131,-0.00781343318522,0.0122239924967,-0.0238020308316,0.0418042391539,-0.0535789243877,0.0440882071853]],"mean":[-793.95904541,197.862533569,26.2484073639,12.9573574066,8.48297786713,9.6099691391,3.88825798035,-0.568035066128,1.49496364594,4.15589380264,2.59435749054,0.116181567311,-0.0966521129012]},"pitch_salience":{"dmean":0.0713654011488,"dmean2":0.117325261235,"dvar":0.00416432926431,"dvar2":0.0113435257226,"max":0.859963297844,"mean":0.495829224586,"median":0.513987064362,"min":0.0056426236406,"var":0.0228683128953},"silence_rate_20dB":{"dmean":0.00104271888267,"dmean2":0.00208547175862,"dvar":0.00104157335591,"dvar2":0.0026355816517,"max":1,"mean":0.999152779579,"median":1,"min":0,"var":0.000845955277327},"silence_rate_30dB":{"dmean":0.0289028640836,"dmean2":0.0578066706657,"dvar":0.0280811805278,"dvar2":0.063500739634,"max":1,"mean":0.899004518986,"median":1,"min":0,"var":0.0908327549696},"silence_rate_60dB":{"dmean":0.0226465500891,"dmean2":0.045293841511,"dvar":0.022122098133,"dvar2":0.0502891167998,"max":1,"mean":0.134313032031,"median":0,"min":0,"var":0.116303749382},"spectral_centroid":{"dmean":76.2208786011,"dmean2":124.13381958,"dvar":9952.61621094,"dvar2":24392.6816406,"max":11982.0302734,"mean":524.871398926,"median":417.567321777,"min":65.7066802979,"var":840668},"spectral_complexity":{"dmean":1.58890807629,"dmean2":2.63355970383,"dvar":2.93331050873,"dvar2":6.89007520676,"max":50,"mean":9.01852416992,"median":7,"min":0,"var":43.9362030029},"spectral_contrast_coeffs":{"dmean":[0.049974732101,0.0480665974319,0.0403543114662,0.0315771475434,0.0279074516147,0.0201700516045],"dmean2":[0.0836072415113,0.0797133818269,0.0666337013245,0.0523582696915,0.0465834029019,0.0333873480558],"dvar":[0.00162894371897,0.0014700810425,0.00105530465953,0.000662852078676,0.000602021289524,0.000487231533043],"dvar2":[0.0045269979164,0.00404898123816,0.00286873313598,0.00179199292324,0.00157744856551,0.00128523970488],"max":[-0.253438830376,-0.373502731323,-0.475419193506,-0.571032941341,-0.605628311634,-0.558002769947],"mean":[-0.673160254955,-0.758539199829,-0.796867191792,-0.840061545372,-0.887128293514,-0.858405649662],"median":[-0.680537343025,-0.764774978161,-0.798409819603,-0.834436953068,-0.890208601952,-0.865975141525],"min":[-0.982299625874,-0.983126878738,-0.984776854515,-0.989794790745,-0.981536030769,-0.980371892452],"var":[0.0104165701196,0.00611515482888,0.00452004233375,0.00402763485909,0.00306827994063,0.00167148944456]},"spectral_contrast_valleys":{"dmean":[0.385764688253,0.38117069006,0.394980251789,0.428617089987,0.624598622322,0.722549200058],"dmean2":[0.638708353043,0.623365223408,0.641123175621,0.695811033249,1.01517009735,1.16250693798],"dvar":[0.10511276871,0.112602323294,0.134118422866,0.196309119463,0.331986159086,0.342331677675],"dvar2":[0.273698031902,0.291394859552,0.349286943674,0.526980400085,0.91462379694,0.947636008263],"max":[-4.62858772278,-3.99045205116,-5.02229976654,-5.77222633362,-6.04509115219,-8.65462303162],"mean":[-7.39515924454,-7.13403701782,-8.0594367981,-8.77031135559,-9.34117412567,-11.765039444],"median":[-7.14375114441,-6.84897661209,-7.82696962357,-8.52317523956,-9.14419555664,-11.5758390427],"min":[-28.2511940002,-28.1602115631,-28.1946144104,-27.7889957428,-27.5625667572,-27.4284076691],"var":[4.06189584732,4.36018562317,4.09972286224,3.99877047539,3.74587249756,2.99242782593]},"spectral_decrease":{"dmean":2.05020200816e-9,"dmean2":3.31317728808e-9,"dvar":1.76431685501e-17,"dvar2":4.65331049162e-17,"max":6.43434603376e-8,"mean":-4.7343862164e-9,"median":-1.76573788924e-9,"min":-1.5058915892e-7,"var":6.72957750426e-17},"spectral_energy":{"dmean":0.00987264327705,"dmean2":0.01554455515,"dvar":0.000402292731451,"dvar2":0.000991345150396,"max":0.622384190559,"mean":0.0376431569457,"median":0.0178087688982,"min":9.8715992796e-21,"var":0.00239745387807},"spectral_energyband_high":{"dmean":0.0000395684292016,"dmean2":0.0000614217860857,"dvar":1.37849145432e-8,"dvar2":2.83688681435e-8,"max":0.0115158259869,"mean":0.000102243306173,"median":0.0000128236561068,"min":6.87268343377e-21,"var":7.55519593554e-8},"spectral_energyband_low":{"dmean":0.00587409501895,"dmean2":0.00959045719355,"dvar":0.000202399111004,"dvar2":0.000523595721461,"max":0.530763864517,"mean":0.0145188141614,"median":0.00548577681184,"min":6.32239869453e-24,"var":0.000599407358095},"spectral_energyband_middle_high":{"dmean":0.000530531688128,"dmean2":0.00082066009054,"dvar":0.00000168004237366,"dvar2":0.00000395612914872,"max":0.076746083796,"mean":0.0015081736492,"median":0.000339929858455,"min":1.07381321616e-21,"var":0.00000773136616772},"spectral_energyband_middle_low":{"dmean":0.00441156094894,"dmean2":0.00697475997731,"dvar":0.0000940657264437,"dvar2":0.000246169016464,"max":0.394037812948,"mean":0.0128258820623,"median":0.00454065622762,"min":1.48324808087e-22,"var":0.000480376009364},"spectral_entropy":{"dmean":0.386279404163,"dmean2":0.629878759384,"dvar":0.132559865713,"dvar2":0.364694714546,"max":9.82423782349,"mean":6.67049217224,"median":6.68320798874,"min":3.9450917244,"var":0.384112358093},"spectral_flux":{"dmean":0.0176456272602,"dmean2":0.0283164195716,"dvar":0.000549459364265,"dvar2":0.00130970077589,"max":0.528636336327,"mean":0.0746516138315,"median":0.0584627129138,"min":6.32285959701e-11,"var":0.00347148324363},"spectral_kurtosis":{"dmean":17.9096794128,"dmean2":29.4534816742,"dvar":458.610839844,"dvar2":1250.26367188,"max":503.511566162,"mean":35.5086746216,"median":28.1565494537,"min":-1.27212071419,"var":680.043945312},"spectral_rms":{"dmean":0.000675554329064,"dmean2":0.00104789924808,"dvar":8.00736700057e-7,"dvar2":0.0000019126080133,"max":0.0246415119618,"mean":0.00503554660827,"median":0.00416826223955,"min":3.10335763164e-12,"var":0.0000113679288916},"spectral_rolloff":{"dmean":1799.37878418,"dmean2":3536.95654297,"dvar":31543262,"dvar2":84182856,"max":22050,"mean":15946.0556641,"median":21727.0019531,"min":21.533203125,"var":89531720},"spectral_skewness":{"dmean":1.1536604166,"dmean2":1.87882530689,"dvar":1.36450266838,"dvar2":3.76098608971,"max":19.4616622925,"mean":4.48339509964,"median":4.18438911438,"min":-0.0825345441699,"var":2.72189807892},"spectral_spread":{"dmean":875991.25,"dmean2":1424322.375,"dvar":592150200320,"dvar2":1599202000900,"max":43689888,"mean":3754213.25,"median":3373913,"min":567803.375,"var":11247235891200},"spectral_strongpeak":{"dmean":6.80420446396,"dmean2":12.5953769684,"dvar":473.060302734,"dvar2":1296.65637207,"max":506.298858643,"mean":7.09795331955,"median":0.31365314126,"min":0,"var":598.333312988},"zerocrossingrate":{"dmean":0.0383543968201,"dmean2":0.0499831363559,"dvar":0.00119993404951,"dvar2":0.0019810332451,"max":0.84033203125,"mean":0.304325371981,"median":0.3115234375,"min":0,"var":0.0186990834773}},"metadata":{"audio_properties":{"analysis_sample_rate":44100,"bit_rate":112478,"codec":"mp3","downmix":"mix","equal_loudness":0,"length":1425.18969727,"lossless":false,"md5_encoded":"c1daf2c1997f0279e5cd9c09ed2263be","replay_gain":-2.27837181091,"sample_rate":44100},"tags":{"album":["Atom Heart Mother"],"artist":["Pink Floyd"],"date":["1970"],"encodedby":["Lame 3.97 --vbr-new -q5"],"file_name":"01-Atom Heart Mother Father's Shout - Breast Milky - Mother Fore - Funky Dung - Mind Your Throats Please - Remergence.mp3","genre":["Unknown"],"length":["1425000"],"musicbrainz album artist":["Pink Floyd"],"musicbrainz album artist sortname":["Pink Floyd"],"musicbrainz album status":["official"],"musicbrainz album type":["album"],"musicbrainz non-album":["0"],"musicbrainz_albumartistid":["83d91898-7763-47d7-b03b-b92132375c47"],"musicbrainz_albumid":["6571020d-6b25-4edd-9e82-44aba29827d0"],"musicbrainz_artistid":["83d91898-7763-47d7-b03b-b92132375c47"],"musicbrainz_recordingid":["5188780a-b68d-4886-89a5-f6c4d34a5f14"],"musicip_puid":["148274c9-1804-aeee-b6a1-ba879ccf34b2"],"originaldate":["1970"],"title":["Atom Heart Mother: Father's Shout - Breast Milky - Mother Fore - Funky Dung - Mind Your Throats Please - Remergence"],"tracknumber":["1/5"]},"version":{"essentia":"2.1-beta1","essentia_build_sha":"ca57ba49d9b1854bd80e60cf9ccf267278fb7d6b","essentia_git_sha":"v2.1_beta1-28-g21ef5f4-dirty","extractor":"music 1.0"}},"rhythm":{"beats_count":2841,"beats_loudness":{"dmean":0.0243291594088,"dmean2":0.042403113097,"dvar":0.00130855769385,"dvar2":0.00377248041332,"max":0.457759082317,"mean":0.0486733727157,"median":0.0258506145328,"min":0,"var":0.00328660570085},"beats_loudness_band_ratio":{"dmean":[0.138837769628,0.0927017852664,0.0676574781537,0.0310784038156,0.00622488092631,0.0855542644858],"dmean2":[0.235973969102,0.160326331854,0.116830006242,0.0535193309188,0.0109643181786,0.144543677568],"dvar":[0.0148149924353,0.010450350120