{"lowlevel":{"average_loudness":0.847950398922,"barkbands":{"dmean":[0.00000198249495043,0.000258309941273,0.000786719028838,0.00158466724679,0.00187661277596,0.00108600442763,0.00111859932076,0.000583391869441,0.00123804970644,0.00120649067685,0.000985855935141,0.000441648327978,0.000808077398688,0.000308763497742,0.000511709600687,0.000371916976292,0.000333551230142,0.000146935955854,0.0000910934541025,0.0000725972640794,0.0000847762930789,0.0000479517184431,0.0000255426530202,0.0000161525513249,0.00000435952324551,6.32129513178e-7,2.26555414429e-8],"dmean2":[0.00000339177927344,0.000385058840038,0.00133219687268,0.00278559350409,0.00304690282792,0.00173618481494,0.00180321198422,0.000966198160313,0.00186633178964,0.00178912084084,0.00141147209797,0.000667627027724,0.00112724560313,0.000495377171319,0.000738521397579,0.000543638889212,0.000504030263983,0.000223386479774,0.000138108240208,0.000110115994175,0.000126530547277,0.0000690216693329,0.0000374391092919,0.0000229798642977,0.00000627806230113,8.98147220596e-7,3.47255415534e-8],"dvar":[1.63900889388e-11,1.44956601389e-7,0.00000103890181435,0.00000608083746556,0.00000692717412676,0.00000611548148299,0.00000801366149972,0.00000319120249515,0.0000198236120923,0.0000153665969265,0.0000102080502984,0.00000298126178677,0.00000602211002843,0.00000101917737538,0.00000178863933797,5.95925655489e-7,4.23993753884e-7,7.52350715061e-8,2.66309125863e-8,2.16847197976e-8,2.75315770182e-8,1.06671116384e-8,1.14064482304e-8,1.08201199112e-8,7.97325594437e-10,8.78791830972e-12,1.55114585591e-14],"dvar2":[4.25088991785e-11,3.21307624063e-7,0.00000279904884337,0.0000168254591699,0.0000167547696037,0.0000134753408929,0.0000187885161722,0.00000734863806429,0.0000383141778002,0.0000309106944769,0.0000184758700925,0.00000635936521576,0.0000111350000225,0.00000243030876845,0.00000321194306707,0.00000128787257836,9.7007500699e-7,1.74958685761e-7,6.28013623327e-8,5.2460290334e-8,6.18725124468e-8,2.26052634389e-8,2.47796183572e-8,2.10508144249e-8,1.6732085717e-9,1.97943744729e-11,3.89018007532e-14],"max":[0.000141223834362,0.00512720644474,0.015373297967,0.0245863590389,0.0415238924325,0.0517481267452,0.0679000094533,0.0543484911323,0.0949708819389,0.0698601454496,0.0720553025603,0.0409071184695,0.0421256683767,0.020492490381,0.0209197532386,0.0171589981765,0.0118969930336,0.00607277918607,0.00359721109271,0.00435447599739,0.00778030604124,0.00329257943667,0.00381251936778,0.00275950762443,0.00112839939538,0.000109570421046,0.00000407792458645],"mean":[0.00000226487009058,0.000486076751258,0.00135632290039,0.00213412940502,0.00326605816372,0.00172292813659,0.00149417994544,0.000692660163622,0.00188458862249,0.00163938710466,0.00179064681288,0.000627072411589,0.00134805263951,0.00041270480142,0.00106422579847,0.000698838266544,0.000583723245654,0.000268776726443,0.000158889495651,0.000129254447529,0.000154111650772,0.0000876305639395,0.000043181466026,0.0000262897046923,0.00000680493712935,0.0000010292146726,3.13613703895e-8],"median":[0.00000123371205518,0.00027325109113,0.000790570571553,0.0010362137109,0.00209342199378,0.000724287761841,0.000596217461862,0.000211940146983,0.00018980599998,0.000174626926309,0.000140720396303,0.0000606254252489,0.0000857141567394,0.0000833159720059,0.000183845375432,0.000232855963986,0.000196578723262,0.000128077561385,0.0000775899607106,0.0000582383509027,0.0000624844542472,0.0000348080648109,0.0000122236988318,0.00000319975106322,8.17352940885e-7,2.27251106821e-7,7.75190134306e-9],"min":[2.77393544946e-25,1.35491642941e-24,3.04573821391e-25,2.10116928081e-24,8.81855615261e-24,5.94083022455e-24,6.81515632024e-24,7.60942328924e-24,1.18473142341e-23,1.39611656373e-23,1.40677091912e-23,1.92715958132e-23,2.19102077457e-23,2.267334863e-23,4.54764175472e-23,5.91781615427e-23,7.65249793457e-23,7.01363609058e-23,1.26783048871e-22,1.90424206762e-22,2.463581305e-22,3.25470579926e-22,3.87442255706e-22,5.9217342055e-22,8.88479118613e-22,1.27910708496e-21,1.95188027959e-21],"var":[1.60755991852e-11,3.33615730597e-7,0.0000024846958695,0.00000850696596899,0.0000135539385155,0.0000114548411148,0.00000960810939432,0.0000040913569137,0.0000504966665176,0.0000298092381854,0.000037237736251,0.00000749876471673,0.0000182468538696,0.00000157073952778,0.00000729520297682,0.00000176592266143,9.60597503763e-7,1.59114392773e-7,5.22570182682e-8,4.9934886448e-8,8.69874483556e-8,2.2027917268e-8,2.03189554071e-8,2.72876246044e-8,1.65334967939e-9,1.62929773839e-11,2.15205034105e-14]},"barkbands_crest":{"dmean":2.89452886581,"dmean2":4.69636535645,"dvar":6.39395093918,"dvar2":15.6250276566,"max":25.42146492,"mean":10.532075882,"median":9.84331226349,"min":1.91928255558,"var":16.8896789551},"barkbands_flatness_db":{"dmean":0.0232423003763,"dmean2":0.0345177389681,"dvar":0.000478703877889,"dvar2":0.00107011734508,"max":0.417373389006,"mean":0.170461550355,"median":0.168645679951,"min":0.0174171812832,"var":0.00230588344857},"barkbands_kurtosis":{"dmean":3.01798272133,"dmean2":4.87476110458,"dvar":20.9912910461,"dvar2":54.0679244995,"max":65.2664489746,"mean":3.96102929115,"median":1.82294929028,"min":-1.89200747013,"var":42.5611572266},"barkbands_skewness":{"dmean":0.588078677654,"dmean2":0.906171560287,"dvar":0.339258462191,"dvar2":0.806789696217,"max":6.57655382156,"mean":1.30359351635,"median":1.2540217638,"min":-2.39344859123,"var":1.97207796574},"barkbands_spread":{"dmean":5.02988481522,"dmean2":7.71799659729,"dvar":29.8083877563,"dvar2":68.7649917603,"max":81.623840332,"mean":18.0712680817,"median":16.3529472351,"min":0.888919472694,"var":109.792823792},"dissonance":{"dmean":0.019807362929,"dmean2":0.0332060717046,"dvar":0.000453803833807,"dvar2":0.0012244633399,"max":0.499988019466,"mean":0.463510662317,"median":0.472874403,"min":0.257755160332,"var":0.00100623560138},"dynamic_complexity":3.64306688309,"erbbands":{"dmean":[0.00511514162645,0.0696852132678,0.59100407362,3.52351164818,6.44369840622,5.75056123734,6.07974720001,9.94410610199,13.1751022339,16.4063892365,13.4458341599,27.4809360504,31.8600101471,43.3932304382,24.7363758087,18.3895359039,36.1554336548,20.1554756165,20.0476932526,21.853729248,19.5917758942,16.0060558319,8.53550338745,4.37054395676,4.87402391434,3.24757409096,2.9967675209,3.35207748413,1.88973164558,0.92095220089,0.770105004311,0.449760824442,0.214344114065,0.0773125812411,0.0173214990646,0.00465447362512,0.000827378011309,0.0000955018767854,0.00000541879171578,0.00000690640581524],"dmean2":[0.0074969753623,0.105874560773,1.00933516026,6.19555234909,10.6047105789,9.31656646729,9.96998977661,15.9921312332,21.0145454407,26.8559932709,21.3192062378,41.2137756348,47.7234764099,60.0967826843,34.8364448547,27.309129715,49.9740905762,29.5012111664,29.2865848541,29.7446880341,28.8957481384,23.823720932,12.7572746277,6.52332258224,7.37630081177,4.86351299286,4.47354078293,4.90589237213,2.74017858505,1.37015104294,1.12967646122,0.629261732101,0.3120457232,0.112440034747,0.0244722384959,0.00680156936869,0.00114559789654,0.000132378117996,0.0000075399598245,0.0000101367359093],"dvar":[0.0000666805863148,0.00981229450554,0.565924465656,27.4963283539,77.3135681152,78.1396789551,316.431243896,634.045288086,1299.39404297,1413.64562988,2298.20068359,11492.7421875,12595.8554688,19182.7480469,7097.203125,4674.234375,13162.4736328,3652.82202148,2725.09692383,2857.67749023,1515.62341309,925.097961426,235.441040039,51.5790061951,92.9087905884,40.6008605957,36.9816932678,48.0544815063,15.0586261749,6.37496852875,12.6880941391,7.07543516159,2.0578892231,0.243460550904,0.0125949718058,0.000587665243074,0.0000120539816635,1.50580959257e-7,3.15641290882e-10,6.31083379998e-11],"dvar2":[0.000144126024679,0.0222386792302,1.58689057827,78.3597488403,189.35798645,185.834213257,790.636169434,1435.81311035,3056.38378906,3372.57275391,5271.62207031,21985.5664063,25977.3085938,34227.1601563,13775.3886719,9984.87402344,24773.921875,7449.87011719,5581.921875,4490.50488281,3459.11694336,2030.93078613,525.511291504,111.635047913,220.585418701,96.568397522,87.3598022461,105.660598755,32.7582626343,13.5582866669,28.4823684692,13.001244545,4.34832620621,0.506151616573,0.0237830169499,0.00130997353699,0.0000250458433584,3.04325908473e-7,7.73052732939e-10,1.18757809142e-10],"max":[0.112594775856,1.33085179329,10.8732662201,51.8706817627,124.854393005,249.541137695,609.436584473,523.203491211,829.239379883,771.714599609,1280.58898926,2702.57592773,2637.03100586,2961.76098633,1911.04528809,1845.37512207,2333.08886719,1568.73327637,1013.33325195,1321.09997559,1008.49493408,571.915588379,435.130249023,170.909042358,249.17300415,174.31413269,173.43560791,402.64855957,103.024353027,73.8664016724,142.162460327,89.7973327637,41.3732872009,16.6208019257,5.45876216888,0.814993321896,0.142458215356,0.0109573835507,0.000695178110618,0.000127319101011],"mean":[0.0110278986394,0.136362150311,1.05988729,5.21198272705,10.96849823,9.69960021973,9.50556755066,15.002366066,17.9981975555,22.2074279785,19.3188934326,40.91065979,45.0360069275,83.2341918945,42.8256225586,28.6137466431,60.6532707214,31.6748046875,37.2179222107,49.9366760254,40.8657035828,30.4236087799,16.9875564575,8.38712978363,8.49082660675,5.99595212936,5.56325340271,6.05908489227,3.47308588028,1.67297935486,1.26723587513,0.733581960201,0.342439949512,0.121581301093,0.0275818146765,0.00742939533666,0.00140846834984,0.000168038532138,0.000017182668671,0.0000267999694188],"median":[0.00595601927489,0.0849940553308,0.713997542858,2.9467022419,6.33280897141,5.73776578903,4.49361228943,6.3352189064,7.62318754196,9.09945583344,5.21613407135,4.78757476807,6.04219532013,6.6237039566,5.04481267929,3.3174302578,4.15914535522,5.54059171677,7.71033191681,12.6357030869,14.7836742401,12.4343214035,8.18961906433,4.5606675148,4.13198661804,2.94983553886,2.49597716331,2.4177904129,1.39806973934,0.568143785,0.34246084094,0.115391433239,0.0397043712437,0.0137593848631,0.00398230273277,0.00147744570859,0.000339648424415,0.000045685985242,0.0000132360946736,0.0000214480587601],"min":[9.43285980999e-23,4.19861636877e-22,2.67256401361e-21,7.83552489796e-21,1.22366807109e-20,2.7895751736e-20,2.31416604124e-20,4.83617575166e-20,7.05209987799e-20,1.62026251381e-19,2.97205658048e-19,2.40340971742e-19,6.59940615922e-19,7.45730722574e-19,8.77795070452e-19,9.58390896448e-19,1.16823369316e-18,2.00697363778e-18,2.58715232916e-18,3.30885728065e-18,4.30020098475e-18,4.58757924599e-18,4.73034358868e-18,7.42140738036e-18,6.5673305766e-18,1.01261837587e-17,1.04484971659e-17,8.95837761448e-18,1.06665345307e-17,1.01756160721e-17,1.17056197911e-17,1.05535788822e-17,1.03207465649e-17,8.42830207998e-18,7.29281140079e-18,4.10294322408e-18,2.24578895243e-18,9.07512981524e-19,2.42087615304e-19,2.74444988625e-20],"var":[0.000166230165632,0.0219468697906,1.12388956547,36.3116836548,175.759216309,146.720993042,432.35357666,1042.53857422,1588.77685547,1908.34802246,3983.65405273,26090.109375,25066.1152344,69856.5390625,19164.2324219,12004.7216797,36331.2851563,8856.40429688,7487.06103516,13480.6796875,4431.22705078,2244.91137695,611.690124512,119.233428955,163.882980347,93.7044067383,91.7531051636,168.668960571,33.4630508423,12.6791687012,20.8998451233,17.6278705597,4.76017713547,0.521185100079,0.0288684889674,0.00113987713121,0.0000247099287662,3.30591547026e-7,5.66497404542e-10,4.14845241492e-10]},"erbbands_crest":{"dmean":2.99981403351,"dmean2":4.70288181305,"dvar":8.89747333527,"dvar2":20.6578006744,"max":33.2125358582,"mean":10.417427063,"median":8.81666755676,"min":2.65538907051,"var":32.5667915344},"erbbands_flatness_db":{"dmean":0.017827225849,"dmean2":0.0246680937707,"dvar":0.000327580084559,"dvar2":0.000579653773457,"max":0.426049590111,"mean":0.203658342361,"median":0.195738658309,"min":0.0798560902476,"var":0.00298700365238},"erbbands_kurtosis":{"dmean":1.19686365128,"dmean2":1.82001698017,"dvar":3.41793990135,"dvar2":7.00092840195,"max":35.6811943054,"mean":0.776684105396,"median":-0.359148144722,"min":-1.81943023205,"var":10.1944561005},"erbbands_skewness":{"dmean":0.433886229992,"dmean2":0.658431172371,"dvar":0.169018760324,"dvar2":0.377284318209,"max":4.99616193771,"mean":0.099817276001,"median":0.141483828425,"min":-2.99605870247,"var":0.831272900105},"erbbands_spread":{"dmean":7.59621191025,"dmean2":11.4285697937,"dvar":63.9858551025,"dvar2":137.756286621,"max":133.884277344,"mean":36.8567695618,"median":37.5320739746,"min":2.11383271217,"var":405.453948975},"gfcc":{"cov":[[24948.2050781,1432.56506348,-3083.84765625,748.954345703,-1616.40734863,207.860183716,-777.678588867,-207.143508911,-379.992370605,-123.576034546,-358.36706543,-62.1404571533,-183.745513916],[1432.56506348,1099.80419922,-318.137145996,-27.7775344849,180.097305298,-199.906936646,91.6690368652,-100.772949219,25.1683444977,-140.236099243,-9.62197780609,-75.7692565918,18.0369586945],[-3083.84765625,-318.137145996,1140.91259766,316.569366455,48.0896682739,37.0766029358,23.2305278778,76.3376693726,22.3835334778,90.2816772461,-31.2287578583,27.7584400177,2.77380633354],[748.954345703,-27.7775344849,316.569366455,502.745300293,-35.1813430786,-14.8655014038,-138.220062256,30.7885150909,18.5246105194,73.1281585693,-81.2481460571,-1.03776931763,-25.370595932],[-1616.40734863,180.097305298,48.0896682739,-35.1813430786,389.0887146,-32.7548294067,55.5963554382,-10.0713272095,76.5324935913,-16.3791007996,40.8254814148,-21.6813850403,24.0485954285],[207.860183716,-199.906936646,37.0766029358,-14.8655014038,-32.7548294067,211.093261719,42.4426727295,13.1706237793,-39.1692352295,30.8378601074,9.82260799408,19.8198852539,-20.5688495636],[-777.678588867,91.6690368652,23.2305278778,-138.220062256,55.5963554382,42.4426727295,221.629348755,2.2834982872,-29.1643714905,-43.6709022522,33.0833206177,-3.48236179352,-1.93527972698],[-207.143508911,-100.772949219,76.3376693726,30.7885150909,-10.0713272095,13.1706237793,2.2834982872,105.636856079,37.6409912109,18.1742763519,-12.5302648544,12.5274848938,9.25400066376],[-379.992370605,25.1683444977,22.3835334778,18.5246105194,76.5324935913,-39.1692352295,-29.1643714905,37.6409912109,114.198753357,26.4742565155,-12.0869445801,-7.06408548355,22.6201477051],[-123.576034546,-140.236099243,90.2816772461,73.1281585693,-16.3791007996,30.8378601074,-43.6709022522,18.1742763519,26.4742565155,101.941360474,24.5385799408,12.9683227539,-17.3608283997],[-358.36706543,-9.62197780609,-31.2287578583,-81.2481460571,40.8254814148,9.82260799408,33.0833206177,-12.5302648544,-12.0869445801,24.5385799408,111.834129333,23.5767593384,-15.8018722534],[-62.1404571533,-75.7692565918,27.7584400177,-1.03776931763,-21.6813850403,19.8198852539,-3.48236179352,12.5274848938,-7.06408548355,12.9683227539,23.5767593384,66.6774749756,26.632894516],[-183.745513916,18.0369586945,2.77380633354,-25.370595932,24.0485954285,-20.5688495636,-1.93527972698,9.25400066376,22.6201477051,-17.3608283997,-15.8018722534,26.632894516,78.4511032104]],"icov":[[0.00034885542118,-0.000709414714947,0.000966261082795,-0.000888452108484,0.0012983958004,-0.00115208572242,0.000809807213955,-0.000292790384265,0.000298676401144,0.0000929765446926,0.0000483878429804,-0.000025071487471,-0.0000341496379406],[-0.000709414714947,0.00329703465104,-0.0014253432164,0.000803941860795,-0.00295028439723,0.00353431631811,-0.00291315536015,0.00194501527585,-0.0014436324127,0.00157906964887,-0.000738950504456,0.001099209534,-0.000335786986398],[0.000966261082795,-0.0014253432164,0.00409099645913,-0.00358005566522,0.00323244393803,-0.00276802969165,0.00108388275839,-0.000964846578427,0.000972766545601,-0.000245449744398,0.000250270153629,-0.0000873043754837,-0.000542386551388],[-0.000888452108484,0.000803941860795,-0.00358005566522,0.00671933684498,-0.00375235918909,0.00296814739704,0.000399293756345,-0.000361615879228,0.000792432692833,-0.00331485830247,0.0035929272417,-0.00183296354953,0.00239871907979],[0.0012983958004,-0.00295028439723,0.00323244393803,-0.00375235918909,0.00891258660704,-0.0049563604407,0.00231891009025,0.0000219638914132,-0.00247207283974,0.00205448549241,-0.00276779243723,0.00190714921337,-0.00162289012223],[-0.00115208572242,0.00353431631811,-0.00276802969165,0.00296814739704,-0.0049563604407,0.0110080474988,-0.00487810187042,0.000736548972782,0.00148992834147,-0.00288059539162,0.00173339585308,-0.0016669803299,0.0015930699883],[0.000809807213955,-0.00291315536015,0.00108388275839,0.000399293756345,0.00231891009025,-0.00487810187042,0.00995142199099,-0.00295357848518,0.00268017593771,0.00196298072115,-0.000843621965032,0.000205571559491,0.000683249731082],[-0.000292790384265,0.00194501527585,-0.000964846578427,-0.000361615879228,0.0000219638914132,0.000736548972782,-0.00295357848518,0.0139310676605,-0.00669017946348,0.00136789027601,0.00046113182907,-0.00187388353515,0.000215200328967],[0.000298676401144,-0.0014436324127,0.000972766545601,0.000792432692833,-0.00247207283974,0.00148992834147,0.00268017593771,-0.00669017946348,0.0178676377982,-0.00794347561896,0.00366167770699,0.0019701635465,-0.00358394556679],[0.0000929765446926,0.00157906964887,-0.000245449744398,-0.00331485830247,0.00205448549241,-0.00288059539162,0.00196298072115,0.00136789027601,-0.00794347561896,0.020892187953,-0.00811852421612,0.000277510407614,0.00247766124085],[0.0000483878429804,-0.000738950504456,0.000250270153629,0.0035929272417,-0.00276779243723,0.00173339585308,-0.000843621965032,0.00046113182907,0.00366167770699,-0.00811852421612,0.0179744027555,-0.00942667946219,0.00663231592625],[-0.000025071487471,0.001099209534,-0.0000873043754837,-0.00183296354953,0.00190714921337,-0.0016669803299,0.000205571559491,-0.00187388353515,0.0019701635465,0.000277510407614,-0.00942667946219,0.0264183599502,-0.0130707137287],[-0.0000341496379406,-0.000335786986398,-0.000542386551388,0.00239871907979,-0.00162289012223,0.0015930699883,0.000683249731082,0.000215200328967,-0.00358394556679,0.00247766124085,0.00663231592625,-0.0130707137287,0.0218004249036]],"mean":[-59.3278541565,126.085670471,-146.858078003,41.5530929565,-57.9614753723,-4.59034967422,-35.6748580933,-9.56144809723,-14.9265174866,-11.4949026108,-20.841129303,-6.90914392471,-6.15876865387]},"hfc":{"dmean":4.88303518295,"dmean2":6.47994327545,"dvar":40.3190574646,"dvar2":67.0031280518,"max":88.8505172729,"mean":19.1719264984,"median":11.3131895065,"min":1.03952409619e-16,"var":324.605407715},"melbands":{"dmean":[0.0000607024485362,0.000223992028623,0.000635762989987,0.000468763697427,0.000201889735763,0.000216829619603,0.000212739047129,0.000165567733347,0.000124984959257,0.00018211902352,0.000162633106811,0.000177528927452,0.000107469313662,0.0000479153204651,0.0000656405827613,0.0000846359980642,0.0000349763940903,0.000030316399716,0.0000439461400674,0.0000252609297604,0.0000260852521023,0.0000202522332984,0.0000116868095574,0.00000618429885435,0.00000354278859049,0.000003712903208,0.00000335555751008,0.00000220200945478,0.0000018090353251,0.00000265381231657,0.00000182241137736,0.00000125497103909,7.16217527952e-7,4.62397707679e-7,4.80610538034e-7,3.76869564889e-7,2.67303107648e-7,1.67507678839e-7,1.09230747114e-7,5.6255878178e-8],"dmean2":[0.0000885205008672,0.000376041745767,0.00109498412348,0.000767659395933,0.00032541618566,0.000346054614056,0.000339440943208,0.000271632918157,0.000196553621208,0.000271951634204,0.000246564013651,0.00024797214428,0.000150105770444,0.0000734817440389,0.0000947090302361,0.000117808944196,0.0000537129162694,0.0000456647176179,0.0000617668629275,0.0000347109271388,0.0000391050853068,0.000030449420592,0.0000181531286216,0.00000951322090259,0.0000054332263062,0.00000576515049033,0.00000507754020873,0.00000339704706676,0.0000027833459626,0.00000416654802393,0.0000026289071684,0.00000186188469797,0.00000108783319774,6.99669783444e-7,7.27133055989e-7,5.46637124899e-7,3.85308879913e-7,2.45562546297e-7,1.67824524056e-7,8.31841404647e-8],"dvar":[8.47411296689e-9,8.03799622418e-8,8.12725431842e-7,4.02144678446e-7,2.7875890396e-7,2.73873098422e-7,3.12953744697e-7,1.40258435977e-7,2.28736865893e-7,4.86876047034e-7,3.31789095753e-7,3.22086748383e-7,1.18385109715e-7,3.8374668776e-8,5.05351955837e-8,7.34935738933e-8,1.29313990627e-8,6.98780144859e-9,1.43229463845e-8,3.34668714963e-9,3.12139047942e-9,1.69150105034e-9,5.60656687743e-10,1.30845681512e-10,3.62317849334e-11,5.11648050316e-11,4.80096865041e-11,2.03896066697e-11,1.51168244589e-11,2.37937499564e-11,1.70470356581e-11,6.44301062155e-12,3.03065298551e-12,1.8345266712e-12,5.15113082397e-12,3.48750954331e-12,3.33793431263e-12,1.31766526943e-12,5.89533792877e-13,1.40753497724e-13],"dvar2":[1.84032291628e-8,2.16641581119e-7,0.00000224079235522,9.91239403447e-7,6.85503891873e-7,6.13428539964e-7,7.31420186639e-7,3.31161089662e-7,5.15072088092e-7,9.21827904676e-7,6.83474070229e-7,5.80736127631e-7,2.13035349361e-7,8.34796622939e-8,9.8577501717e-8,1.31939017933e-7,2.78916338914e-8,1.50708494573e-8,2.49662637231e-8,6.07518657603e-9,7.21095938516e-9,3.70741592981e-9,1.30022304035e-9,3.06784347925e-10,7.92272081274e-11,1.21993332103e-10,1.15562927283e-10,5.16505969939e-11,3.69586861115e-11,5.78010174446e-11,3.61648558322e-11,1.42498512989e-11,6.97166933558e-12,3.97838663055e-12,1.24481683642e-11,6.69891746241e-12,6.60165238447e-12,2.74975203197e-12,1.40073337044e-12,3.14234857753e-13],"max":[0.00129803677555,0.00427018431947,0.00911308731884,0.0113997142762,0.0177239887416,0.011452164501,0.0134584885091,0.00717437686399,0.0125615308061,0.0179452598095,0.0127503657714,0.0124722262844,0.00702625466511,0.00440685916692,0.00622207811102,0.00549286743626,0.00257138931192,0.00167398073245,0.00227480940521,0.00145817699376,0.00157738639973,0.000852396537084,0.000563483394217,0.000297252292512,0.000139185038279,0.000192090650671,0.000158631664817,0.000127995590447,0.000121318276797,0.000102699268609,0.000285913643893,0.0000639043209958,0.0000567583338125,0.0000363671279047,0.0000852493103594,0.000071456306614,0.0000596792779106,0.0000357718454325,0.0000254950919043,0.000015248402633],"mean":[0.00012082298781,0.000436796603026,0.00106119783595,0.000806036463473,0.000333074858645,0.000335487071425,0.000291503849439,0.000221782058361,0.000178916481673,0.000266509392532,0.000215902808122,0.000326954206685,0.000188228645129,0.0000694434929756,0.0000934583731578,0.000139525596751,0.0000473264444736,0.0000463386750198,0.0000936987489695,0.0000478925867355,0.0000490898964927,0.0000348521971318,0.000020347919417,0.0000109331504063,0.00000617808336756,0.00000616595889369,0.00000543138503417,0.00000368573182641,0.00000316345449392,0.00000418770605393,0.00000324315124089,0.00000213960811379,0.00000125959218167,7.69698942804e-7,7.47627609599e-7,5.94151174482e-7,4.01830021701e-7,2.56355207284e-7,1.64480368881e-7,8.14409091277e-8],"median":[0.0000653625174891,0.000305866007693,0.000669206783641,0.000530677323695,0.000186404009582,0.00014260293392,0.000123058693134,0.0000889559814823,0.0000357012722816,0.0000267645100394,0.000024921118893,0.0000243657432293,0.0000181079412869,0.00000726190137357,0.0000074706608757,0.00000900606846699,0.00000823107347969,0.00000961581645242,0.0000151949607243,0.0000149763509398,0.0000163469521794,0.0000116028159027,0.00000854961945151,0.0000054735651247,0.00000309960910272,0.00000294377764476,0.00000234713411373,0.00000164983134709,0.00000135208915708,0.00000169878308043,0.00000120232539302,8.66183313519e-7,4.4805710786e-7,2.3793937487e-7,2.02757831858e-7,1.26761548813e-7,4.55613182737e-8,2.79981904328e-8,1.80006711759e-8,9.21536713605e-9],"min":[1.13730066845e-24,1.24601220929e-24,2.27535174084e-24,1.92174247349e-24,9.01812573428e-25,1.10152099462e-24,1.1854254238e-24,1.11166969017e-24,2.55196739497e-24,1.56190505068e-24,2.76065265884e-24,2.91312132802e-24,2.22201685503e-24,1.5020515114e-24,3.50168453295e-24,2.48425887183e-24,2.77278987551e-24,2.81211084455e-24,3.14778812023e-24,3.75396146158e-24,4.28497844676e-24,4.18618584572e-24,4.4230578986e-24,3.46315025545e-24,5.04185104227e-24,3.6950509069e-24,3.83737600812e-24,5.77678620488e-24,5.68670775583e-24,4.0265215818e-24,6.35904088914e-24,4.9612105251e-24,4.80419683381e-24,5.56024743627e-24,6.02232073935e-24,6.15695957435e-24,5.40195855133e-24,6.42301750856e-24,7.00064828463e-24,6.2728598074e-24],"var":[2.08028634319e-8,1.83942873377e-7,0.00000128256954213,7.89263822298e-7,3.96754273879e-7,4.74165801734e-7,3.8525877244e-7,2.00891079771e-7,4.71692032988e-7,0.00000114023248443,6.38392918972e-7,0.0000011116198948,3.90665007899e-7,8.65166214226e-8,1.18327292853e-7,2.18397602225e-7,2.43562521263e-8,1.46577407989e-8,6.45308091407e-8,1.19555654265e-8,7.64735030856e-9,3.7192426916e-9,1.19857079817e-9,2.51866971723e-10,7.69638242026e-11,8.99113769548e-11,8.33688049151e-11,4.10240973137e-11,3.56786405975e-11,4.64128804833e-11,6.95882101942e-11,1.21427798372e-11,5.61384142297e-12,3.5217898476e-12,7.31505307716e-12,7.2857570671e-12,7.40381887743e-12,2.9468040421e-12,1.09893669685e-12,2.49693874518e-13]},"melbands_crest":{"dmean":3.71841788292,"dmean2":6.15920209885,"dvar":11.0588731766,"dvar2":28.8985118866,"max":33.5970726013,"mean":13.7597904205,"median":13.1518821716,"min":1.48925983906,"var":26.2172679901},"melbands_flatness_db":{"dmean":0.0273888111115,"dmean2":0.0405337996781,"dvar":0.000718124036212,"dvar2":0.00157985487022,"max":0.470826327801,"mean":0.212087288499,"median":0.210248380899,"min":0.00307197985239,"var":0.00393030326813},"melbands_kurtosis":{"dmean":6.40433835983,"dmean2":10.3770904541,"dvar":95.5897140503,"dvar2":249.791061401,"max":125.81716156,"mean":11.8684883118,"median":6.42476892471,"min":-1.78220057487,"var":233.668563843},"melbands_skewness":{"dmean":0.737445950508,"dmean2":1.13311958313,"dvar":0.541782140732,"dvar2":1.29009401798,"max":9.24205780029,"mean":2.34683656693,"median":2.32691526413,"min":-2.02147340775,"var":3.38747429848},"melbands_spread":{"dmean":6.95960712433,"dmean2":10.7719087601,"dvar":76.7432479858,"dvar2":175.70552063,"max":208.409576416,"mean":24.4349098206,"median":18.9346542358,"min":0.915895938873,"var":453.580047607},"mfcc":{"cov":[[8151.67529297,427.864013672,-520.744689941,-54.6687660217,-372.055877686,126.021965027,-237.261581421,25.494052887,-159.601531982,-34.0797653198,-138.193313599,19.7315673828,-50.8101348877],[427.864013672,1310.71276855,-339.457641602,158.816009521,15.1402893066,5.10783672333,29.7723445892,47.3844108582,19.5309123993,-51.0512771606,-12.7807178497,-47.2278671265,-27.4266891479],[-520.744689941,-339.457641602,809.196105957,229.269546509,35.9088630676,48.2071800232,-2.36766648293,-22.524887085,54.6968002319,16.1552753448,6.95432662964,32.1029052734,-6.8073091507],[-54.6687660217,158.816009521,229.269546509,426.613800049,145.207595825,13.3656597137,-63.3583374023,-25.0533294678,56.3112106323,15.8269987106,3.6880645752,-13.2823619843,8.54613113403],[-372.055877686,15.1402893066,35.9088630676,145.207595825,269.216247559,13.0247793198,-51.1198005676,-23.9217300415,39.2771186829,35.4033699036,3.07940125465,3.17288661003,24.6831283569],[126.021965027,5.10783672333,48.2071800232,13.3656597137,13.0247793198,142.372970581,52.5379905701,9.01276302338,-2.75618124008,-0.0387586504221,11.9632673264,13.8874416351,-8.98977184296],[-237.261581421,29.7723445892,-2.36766648293,-63.3583374023,-51.1198005676,52.5379905701,170.001800537,47.7338981628,-35.2247695923,-13.5636405945,36.4337005615,4.44788742065,-11.6242904663],[25.494052887,47.3844108582,-22.524887085,-25.0533294678,-23.9217300415,9.01276302338,47.7338981628,90.2474212646,28.9070034027,-2.60563993454,-6.54252815247,0.492952823639,2.81434011459],[-159.601531982,19.5309123993,54.6968002319,56.3112106323,39.2771186829,-2.75618124008,-35.2247695923,28.9070034027,129.345611572,25.5494918823,-36.5842819214,-8.08967876434,11.9472980499],[-34.0797653198,-51.0512771606,16.1552753448,15.8269987106,35.4033699036,-0.0387586504221,-13.5636405945,-2.60563993454,25.5494918823,82.8814697266,34.1632919312,-9.82503223419,-6.51593828201],[-138.193313599,-12.7807178497,6.95432662964,3.6880645752,3.07940125465,11.9632673264,36.4337005615,-6.54252815247,-36.5842819214,34.1632919312,110.439926147,20.2908306122,-21.6423931122],[19.7315673828,-47.2278671265,32.1029052734,-13.2823619843,3.17288661003,13.8874416351,4.44788742065,0.492952823639,-8.08967876434,-9.82503223419,20.2908306122,70.8666152954,26.1412773132],[-50.8101348877,-27.4266891479,-6.8073091507,8.54613113403,24.6831283569,-8.98977184296,-11.6242904663,2.81434011459,11.9472980499,-6.51593828201,-21.6423931122,26.1412773132,77.8645248413]],"icov":[[0.000192170147784,-0.0000372257454728,0.000137633775012,-0.000167886144482,0.000389772874769,-0.00040000595618,0.00055299984524,-0.000348861067323,0.00053213222418,-0.000408030493418,0.000467525678687,-0.000346437067492,0.00019863487978],[-0.0000372257454728,0.00114176271018,0.000700474716723,-0.000880014733411,0.0000633205199847,0.000022558202545,-0.000442823627964,-0.000261996814515,-0.000474102620501,0.000908381713089,-0.000199167450774,0.000268779549515,0.000464763405034],[0.000137633775012,0.000700474716723,0.0022130953148,-0.0017267903313,0.000773497740738,-0.000528905424289,-0.000407055485994,0.00031197766657,-0.000467084610136,-0.000279200350633,0.00079604779603,-0.00154146936256,0.00112832093146],[-0.000167886144482,-0.000880014733411,-0.0017267903313,0.00471329316497,-0.00212533050217,-0.0000534952996532,0.00101767492015,0.000586256734096,-0.00118385220412,0.00130798888858,-0.00208118208684,0.00230380822904,-0.00135032413527],[0.000389772874769,0.0000633205199847,0.000773497740738,-0.00212533050217,0.00607944279909,-0.00160879129544,0.00163150148001,0.000282735039946,0.000359366385965,-0.00256928871386,0.000934965792112,-0.00111300090794,-0.000938652665354],[-0.00040000595618,0.000022558202545,-0.000528905424289,-0.0000534952996532,-0.00160879129544,0.00955474004149,-0.00460963416845,0.00142419443,-0.00131630559918,0.0000919969243114,0.000354876741767,-0.00197657500394,0.0015519320732],[0.00055299984524,-0.000442823627964,-0.000407055485994,0.00101767492015,0.00163150148001,-0.00460963416845,0.0123502491042,-0.00680016726255,0.00391428405419,0.00108671479393,-0.0029129430186,0.00175967952237,-0.000812334765214],[-0.000348861067323,-0.000261996814515,0.00031197766657,0.000586256734096,0.000282735039946,0.00142419443,-0.00680016726255,0.0172564946115,-0.00660079577938,0.000669790781103,0.000194032720174,-0.000588494818658,-0.00060074753128],[0.00053213222418,-0.000474102620501,-0.000467084610136,-0.00118385220412,0.000359366385965,-0.00131630559918,0.00391428405419,-0.00660079577938,0.014610494487,-0.00681859022006,0.00646726693958,-0.00170293869451,0.000383296282962],[-0.000408030493418,0.000908381713089,-0.000279200350633,0.00130798888858,-0.00256928871386,0.0000919969243114,0.00108671479393,0.000669790781103,-0.00681859022006,0.0209207944572,-0.0110727036372,0.00707371439785,-0.00180670258123],[0.000467525678687,-0.000199167450774,0.00079604779603,-0.00208118208684,0.000934965792112,0.000354876741767,-0.0029129430186,0.000194032720174,0.00646726693958,-0.0110727036372,0.0191426184028,-0.00960513018072,0.00646212045103],[-0.000346437067492,0.000268779549515,-0.00154146936256,0.00230380822904,-0.00111300090794,-0.00197657500394,0.00175967952237,-0.000588494818658,-0.00170293869451,0.00707371439785,-0.00960513018072,0.0229351725429,-0.00962689239532],[0.00019863487978,0.000464763405034,0.00112832093146,-0.00135032413527,-0.000938652665354,0.0015519320732,-0.000812334765214,-0.00060074753128,0.000383296282962,-0.00180670258123,0.00646212045103,-0.00962689239532,0.0185783207417]],"mean":[-676.217712402,138.456619263,-23.9749698639,37.458065033,-5.38981723785,7.29179859161,-17.1514759064,0.667589962482,0.290808320045,-5.5036854744,-10.0134391785,-4.3557472229,-6.11103391647]},"pitch_salience":{"dmean":0.077208943665,"dmean2":0.127138480544,"dvar":0.0044611049816,"dvar2":0.0118245538324,"max":0.95074826479,"mean":0.578774333,"median":0.583515584469,"min":0.126664623618,"var":0.0119649786502},"silence_rate_20dB":{"dmean":0,"dmean2":0,"dvar":0,"dvar2":0,"max":1,"mean":1,"median":1,"min":1,"var":0},"silence_rate_30dB":{"dmean":0.000335683114827,"dmean2":0.000671478919685,"dvar":0.000335574615747,"dvar2":0.00100678415038,"max":1,"mean":0.999832212925,"median":1,"min":0,"var":0.000167767124367},"silence_rate_60dB":{"dmean":0.025847600773,"dmean2":0.0517038777471,"dvar":0.0251811817288,"dvar2":0.0611192248762,"max":1,"mean":0.059070315212,"median":0,"min":0,"var":0.0555821023881},"spectral_centroid":{"dmean":253.385971069,"dmean2":388.267883301,"dvar":97024.375,"dvar2":213858.890625,"max":11696.3994141,"mean":1364.80712891,"median":1168.8807373,"min":209.99659729,"var":1768107.375},"spectral_complexity":{"dmean":3.68244385719,"dmean2":5.21369838715,"dvar":16.1260356903,"dvar2":26.6450843811,"max":54,"mean":16.5291156769,"median":15,"min":0,"var":86.0647888184},"spectral_contrast_coeffs":{"dmean":[0.0526109747589,0.051331538707,0.0408180691302,0.0334129370749,0.0230396594852,0.0172702465206],"dmean2":[0.0871045961976,0.084351606667,0.0657283291221,0.0515902228653,0.0361790843308,0.0277023408562],"dvar":[0.0020016238559,0.00181146303657,0.00126945541706,0.000800566223916,0.000386063533369,0.000268976204097],"dvar2":[0.00519697507843,0.00473060552031,0.00285514141433,0.00184541777708,0.000877903366927,0.0005868471344],"max":[-0.259029626846,-0.380521923304,-0.395995795727,-0.52310603857,-0.587838888168,-0.590355575085],"mean":[-0.580226421356,-0.745090007782,-0.771737098694,-0.763847231865,-0.78780913353,-0.696280479431],"median":[-0.57509458065,-0.753235638142,-0.79678106308,-0.77643018961,-0.790986478329,-0.690765142441],"min":[-0.97693157196,-0.979831278324,-0.984240055084,-0.974039494991,-0.970697700977,-0.964859902859],"var":[0.00863278377801,0.00648222863674,0.00804808456451,0.00526041118428,0.00216958718374,0.00230223871768]},"spectral_contrast_valleys":{"dmean":[0.384317696095,0.385515540838,0.354695051908,0.297184795141,0.27186229825,0.325847387314],"dmean2":[0.627594053745,0.632546544075,0.558155119419,0.455308586359,0.367507487535,0.39425894618],"dvar":[0.153187811375,0.168786257505,0.151826262474,0.144280791283,0.13919198513,0.172210812569],"dvar2":[0.338911175728,0.356129646301,0.300967127085,0.27083081007,0.226937174797,0.247608199716],"max":[-6.04942321777,-4.85245418549,-5.17850637436,-5.71440649033,-5.79671573639,-7.86872434616],"mean":[-8.09991931915,-7.00793457031,-7.73090457916,-8.01519203186,-7.97693824768,-11.4953994751],"median":[-7.68514108658,-6.63780021667,-7.41029596329,-7.6615447998,-7.59628582001,-11.1809682846],"min":[-28.0885753632,-28.1554203033,-27.8313045502,-27.6980419159,-27.4691085815,-27.4274959564],"var":[6.74766588211,7.30793952942,6.83240032196,6.71861743927,6.74570894241,5.12445402145]},"spectral_decrease":{"dmean":1.48899992336e-9,"dmean2":2.24903007329e-9,"dvar":2.93213586184e-18,"dvar2":5.79753355109e-18,"max":1.7691699599e-28,"mean":-5.38941824502e-9,"median":-4.35116920272e-9,"min":-2.7518662904e-8,"var":1.69746196723e-17},"spectral_energy":{"dmean":0.00593612156808,"dmean2":0.00888346228749,"dvar":0.0000470905251859,"dvar2":0.0000912191171665,"max":0.110605224967,"mean":0.0220798142254,"median":0.0175689551979,"min":9.88262081503e-21,"var":0.000287559087155},"spectral_energyband_high":{"dmean":0.000181859097211,"dmean2":0.000250520533882,"dvar":1.51799014247e-7,"dvar2":2.93230641546e-7,"max":0.0114025939256,"mean":0.000382570840884,"median":0.000162937154528,"min":7.10500163245e-21,"var":4.90587467539e-7},"spectral_energyband_low":{"dmean":0.00161809404381,"dmean2":0.00279725249857,"dvar":0.00000484875408802,"dvar2":0.0000135191803565,"max":0.0228859297931,"mean":0.00294071715325,"median":0.00204950454645,"min":1.1672516857e-23,"var":0.00000819757406134},"spectral_energyband_middle_high":{"dmean":0.00274731474929,"dmean2":0.00367820286192,"dvar":0.0000231514295592,"dvar2":0.0000401173019782,"max":0.075549595058,"mean":0.0084123974666,"median":0.00249811611138,"min":1.10358303443e-21,"var":0.000142856122693},"spectral_energyband_middle_low":{"dmean":0.00490310182795,"dmean2":0.00767756951973,"dvar":0.000038704918552,"dvar2":0.0000820980567369,"max":0.103017300367,"mean":0.0116563281044,"median":0.00854662526399,"min":1.40540328674e-22,"var":0.000122131241369},"spectral_entropy":{"dmean":0.163654282689,"dmean2":0.235487759113,"dvar":0.0268327947706,"dvar2":0.0533277578652,"max":9.82496452332,"mean":7.40811157227,"median":7.39048290253,"min":5.46827745438,"var":0.228849679232},"spectral_flux":{"dmean":0.0246635861695,"dmean2":0.0387768223882,"dvar":0.000683590944391,"dvar2":0.00157223897986,"max":0.311455845833,"mean":0.0817241147161,"median":0.0718525350094,"min":6.31043689525e-11,"var":0.00234150281176},"spectral_kurtosis":{"dmean":2.43759155273,"dmean2":4.1958231926,"dvar":7.6002202034,"dvar2":21.7353382111,"max":41.1336746216,"mean":4.54979133606,"median":3.59245419502,"min":-1.26968538761,"var":14.0267076492},"spectral_rms":{"dmean":0.00065419083694,"dmean2":0.000979361007921,"dvar":4.9497020882e-7,"dvar2":9.56251597017e-7,"max":0.0103878555819,"mean":0.00426074909046,"median":0.00414010183886,"min":3.10508953619e-12,"var":0.00000338724407811},"spectral_rolloff":{"dmean":394.088928223,"dmean2":663.360961914,"dvar":514331.3125,"dvar2":1161346.25,"max":19530.6152344,"mean":1612.76843262,"median":1162.79296875,"min":150.732421875,"var":5866893.5},"spectral_skewness":{"dmean":0.275181144476,"dmean2":0.45186856389,"dvar":0.0721531584859,"dvar2":0.192681476474,"max":4.34615182877,"mean":1.323174119,"median":1.27865493298,"min":-0.0799140408635,"var":0.228939712048},"spectral_spread":{"dmean":367421.75,"dmean2":545264.375,"dvar":732960260096,"dvar2":1547538792450,"max":47828552,"mean":3923761,"median":3208765.5,"min":1259247.625,"var":22908722217000},"spectral_strongpeak":{"dmean":0.791322112083,"dmean2":1.26433169842,"dvar":1.60453343391,"dvar2":3.6556994915,"max":12.5004043579,"mean":1.66953825951,"median":0.588754832745,"min":0,"var":5.2526268959},"zerocrossingrate":{"dmean":0.0082188276574,"dmean2":0.0095712793991,"dvar":0.000129703490529,"dvar2":0.000187938014278,"max":0.52734375,"mean":0.0590171329677,"median":0.048828125,"min":0.009765625,"var":0.00386023987085}},"metadata":{"audio_properties":{"analysis_sample_rate":44100,"bit_rate":247866,"codec":"aac","downmix":"mix","equal_loudness":0,"length":138.344482422,"lossless":false,"md5_encoded":"8ea5df02a13d111dbab0373ec5f0109c","replay_gain":-10.6171798706,"sample_rate":44100},"tags":{"album":["Animalism"],"artist":["The Animals"],"bpm":["135"],"compilation":["0"],"date":["1966"],"discnumber":["1/1"],"encodedby":["iTunes 12.6.2.20"],"file_name":"C:\\Users\\Doug\\AppData\\Local\\Temp\\copy9042509334929012719.m4a","genre":["Blues Rock"],"musicbrainz_recordingid":["51c442ee-5caa-419a-9105-fecfb11f2996"],"title":["Lucille"],"tracknumber":["5/24"]},"version":{"essentia":"2.1-beta2","essentia_build_sha":"2d9f1f26377add8aeb1075a9c2973f962c4f09fd","essentia_git_sha":"v2.1_beta2-1-ge3940c0","extractor":"music 1.0"}},"rhythm":{"beats_count":313,"beats_loudness":{"dmean":0.0141534563154,"dmean2":0.0253910273314,"dvar":0.000167002814123,"dvar2":0.000479744427139,"max":0.0824698209763,"mean":0.0271694008261,"median":0.0238419175148,"min":0,"var":0.000244697148446},"beats_loudness_band_ratio":{"dmean":[0.217669442296,0.164413422346,0.153482005,0.184266626835,0.117514833808,0.0442296937108],"dmean2":[0.396153479815,0.284989863634,0.266738384962,0.334634542465,0.206003889441,0.0798085853457],"dvar":[0.0312561057508,0.0198696777225,0.019514111802,0.0408486910164,0.013718820177,0.00175056688022],"dvar2":[0.0905421674252,0.0555107332766,0.0593024753034,0.108855634928,0.0371595285833,0.00540643697605],"max":[0.823977351189,0.796177208424,0.872409999371,0.91780680418,0.666550338268,0.310226172209],"mean":[0.253998160362,0.228207722306,0.200203940272,0.179583266377,0.141318410635,0.0524250604212],"median":[0.186951085925,0.20495955646,0.160381361842,0.0799987614155,0.102065645158,0.0407711490989],"min":[0,0,0,0,0,0],"var":[0.0410533100367,0.02453908