{"lowlevel":{"average_loudness":0.667060017586,"barkbands":{"dmean":[0.0000343111460097,0.000260732515017,0.000334971759003,0.000186991703231,0.00149787170812,0.00116286741104,0.000389243126847,0.000268751726253,0.000294743920676,0.000131673194119,0.000104067665234,0.000118791780551,0.000200420574402,0.000245402916335,0.000245059316512,0.0000909790906007,0.000102010009869,0.000102561774838,0.000137921786518,0.0000978823809419,0.0000277920844383,0.00000391825597035,9.72925590759e-7,0.00000117622062135,5.67428173781e-7,0.0000013661989442,0.0000357100216206],"dmean2":[0.0000588371040067,0.000421327655204,0.000484327756567,0.000277525396086,0.00198083883151,0.00164971523918,0.000556390732527,0.000421154196374,0.000448402541224,0.000201122020371,0.00016571112792,0.000195086453459,0.000313905009534,0.000366403430235,0.000361741927918,0.000133127265144,0.000130141430418,0.000150291642058,0.000203069896088,0.000128300351207,0.00004107931818,0.00000523874359715,0.00000147905223002,0.00000179505275355,9.26534937662e-7,0.00000211970018427,0.0000436443515355],"dvar":[1.46092977715e-8,0.00000104890193597,7.06103207904e-7,2.85490671104e-7,0.0000217936740228,0.00000887497662916,0.00000185820522347,0.00000116864293886,0.00000111097426725,1.39792689424e-7,2.39306672256e-7,2.30898891118e-7,3.9986858269e-7,5.92938192767e-7,3.73153199007e-7,8.44923206955e-8,2.05137766329e-7,1.20714190643e-7,5.32651142748e-7,2.9479392083e-7,1.87129955975e-8,2.51329956846e-10,6.70837864425e-12,3.36651366506e-11,3.64265778999e-12,4.59679759535e-11,1.76901036042e-8],"dvar2":[3.97737522917e-8,0.00000269553606813,0.00000156319197231,6.45300303859e-7,0.0000380426972697,0.0000169830818777,0.00000307767959384,0.00000251060737355,0.00000236311097979,3.01870528574e-7,4.32986070109e-7,6.327041433e-7,9.33511046242e-7,0.00000152717291257,7.26661198769e-7,1.79214481477e-7,3.79562948183e-7,2.18622659531e-7,0.00000120681829685,4.75727489402e-7,4.50982398092e-8,4.53564019676e-10,1.28744532396e-11,7.26020008002e-11,8.4380679527e-12,9.48486844621e-11,2.31537953255e-8],"max":[0.00187158468179,0.0155243650079,0.00907892361283,0.0077927694656,0.0901233106852,0.0338256843388,0.0220968686044,0.0150770386681,0.0154694849625,0.00368300499395,0.00909290462732,0.00621651252732,0.00741857755929,0.00901682581753,0.00990129821002,0.00378761300817,0.0105699663982,0.00610582064837,0.0144805489108,0.0128916054964,0.00191700505093,0.000302511762129,0.0000296024936688,0.000112451351015,0.0000259701482719,0.000133579422254,0.0025612320751],"mean":[0.0000290983844025,0.000343135121511,0.00056518544443,0.000244323920924,0.00243495218456,0.00175142195076,0.000575851125177,0.000339402031386,0.000370487483451,0.000156477588462,0.000141241558595,0.000143386452692,0.000255024293438,0.000341418286553,0.000344902771758,0.000130004002131,0.000166667829035,0.000177613503183,0.000195174012333,0.000164803801454,0.0000421817421739,0.0000055067557696,0.00000138624557167,0.00000125151984776,5.48974981029e-7,0.00000164679045156,0.0000683934777044],"median":[0.0000037094430354,0.0000560442276765,0.0000463931864942,0.0000233708615269,0.0000732615080778,0.000020443352696,0.00000671243560646,0.00000404870661441,0.00000446624198958,0.00000331806609211,0.00000306218407786,0.00000695252674632,0.00000868831466505,0.0000119231008284,0.0000185240623978,0.00000579601965001,0.00000226920292334,0.00000403113790526,0.00000382189091397,0.00000152764209815,0.00000101082241599,4.23318937237e-7,2.40958996756e-7,2.26090321576e-7,5.67607081337e-8,2.17115086798e-7,0.00000327034649672],"min":[1.73388566187e-23,3.48401775632e-23,1.8138124177e-23,1.70413803268e-23,6.69689833971e-23,3.72497500427e-23,1.73244078424e-23,6.87437121746e-23,7.62551573617e-23,7.05621249135e-23,4.09876854006e-23,8.99343778005e-23,2.13521195786e-22,1.0839804594e-22,1.29416619982e-22,1.6189985471e-22,1.40031330375e-22,2.96313245884e-22,2.07820015983e-22,4.27516061525e-22,3.98842797778e-22,6.83361752713e-22,8.19978880468e-22,8.9996846749e-22,1.24630894958e-21,1.89237759961e-21,2.05315376298e-21],"var":[1.1091804808e-8,9.60566012509e-7,0.00000163980132584,4.05472150078e-7,0.0000536105399078,0.0000220654419536,0.0000046578538786,0.00000193478763322,0.0000018447894945,2.12214175122e-7,4.48845156598e-7,3.04586308175e-7,6.29713611033e-7,9.68126300904e-7,7.20329694559e-7,1.81227946427e-7,6.8297646294e-7,3.79674503392e-7,9.16004466944e-7,8.78059097431e-7,3.76952193903e-8,4.96666319183e-10,1.32855020388e-11,3.92181356834e-11,4.49552417861e-12,6.15931403103e-11,7.19250010661e-8]},"barkbands_crest":{"dmean":3.25772881508,"dmean2":5.26288032532,"dvar":7.30757522583,"dvar2":18.4982891083,"max":23.825296402,"mean":9.71412467957,"median":9.24924468994,"min":2.21914458275,"var":17.0827865601},"barkbands_flatness_db":{"dmean":0.028779393062,"dmean2":0.042845249176,"dvar":0.000773506762926,"dvar2":0.00162311864551,"max":0.287825673819,"mean":0.134571194649,"median":0.149389341474,"min":0.011651054956,"var":0.00499626016244},"barkbands_kurtosis":{"dmean":3.93693184853,"dmean2":6.35170412064,"dvar":47.7460174561,"dvar2":114.621337891,"max":87.7713699341,"mean":4.52406549454,"median":2.38455200195,"min":-1.68279361725,"var":63.6733436584},"barkbands_skewness":{"dmean":0.721231579781,"dmean2":1.10130751133,"dvar":0.598496079445,"dvar2":1.34894812107,"max":6.59390974045,"mean":1.30830991268,"median":1.35097408295,"min":-1.96473777294,"var":1.82043671608},"barkbands_spread":{"dmean":8.94177913666,"dmean2":14.5155229568,"dvar":124.454933167,"dvar2":278.180236816,"max":89.8319854736,"mean":27.294878006,"median":19.5017681122,"min":1.04611110687,"var":458.918884277},"dissonance":{"dmean":0.0159175395966,"dmean2":0.0247118379921,"dvar":0.000294070952805,"dvar2":0.000607988273259,"max":0.500000059605,"mean":0.468279242516,"median":0.475539803505,"min":0.30417022109,"var":0.000846946961246},"dynamic_complexity":13.20353508,"erbbands":{"dmean":[0.00492738233879,0.06954883039,0.331766873598,0.500626564026,1.54204404354,5.72467708588,12.0218963623,8.02011013031,6.22380208969,4.90953731537,6.30582094193,6.75138616562,4.07122421265,3.86745882034,3.86584830284,5.34243631363,7.50221252441,11.2101335526,13.4845209122,8.89508628845,4.49840211868,6.03256511688,5.52349185944,8.74322509766,4.55027532578,4.49390649796,2.07132148743,0.632007062435,0.164119556546,0.0463934764266,0.0280166342854,0.0317452698946,0.0132297519594,0.00660539930686,0.00396344810724,0.00285543804057,0.0036649776157,0.00169154279865,0.00417222548276,0.000778684450779],"dmean2":[0.00804868992418,0.111948162317,0.48710334301,0.694855153561,2.29679703712,8.0428981781,16.1358203888,11.0986223221,8.76473999023,7.07303571701,9.01215553284,10.2710132599,6.08125400543,5.01047945023,5.39331769943,8.92567157745,11.6396617889,17.0650615692,17.9580345154,13.1044216156,6.34572315216,8.03799724579,8.25494861603,13.0874023438,6.03380584717,5.63177347183,2.98929238319,0.811344325542,0.216569542885,0.0644849017262,0.0429355762899,0.0491118431091,0.0207048933953,0.0107578020543,0.00646766182035,0.0045838560909,0.00559417251498,0.00220309756696,0.00490836473182,0.000968173902947],"dvar":[0.00024741559173,0.0788016393781,0.782831370831,1.43283367157,16.5407314301,322.855529785,1282.7019043,489.011657715,546.938476562,297.063018799,399.17477417,718.783874512,123.439094543,130.569946289,207.008087158,466.146606445,607.001647949,1275.12194824,1049.76281738,595.062133789,234.835296631,853.600952148,386.761932373,2249.84448242,462.162139893,590.97076416,122.195129395,6.53042554855,0.42692220211,0.0159698724747,0.00595269259065,0.0327070243657,0.00196324056014,0.000466452271212,0.000181018040166,0.0000827449839562,0.000531990837771,0.0000408573396271,0.000397916330257,0.0000081381349446],"dvar2":[0.000646346015856,0.202167272568,1.7711596489,2.90720772743,33.6760368347,655.499694824,2096.02636719,816.597900391,950.279724121,642.916381836,945.015136719,1489.76391602,258.274932861,209.827270508,390.612640381,1319.08422852,1421.3503418,3497.54589844,2106.17626953,1002.46228027,442.508758545,1987.33312988,691.242675781,5687.79248047,662.78918457,1004.98199463,296.526702881,8.78799915314,0.701083958149,0.0280482564121,0.011086509563,0.0675524696708,0.00440335879102,0.00107788841706,0.000418646872276,0.000190538936295,0.00110872986261,0.0000536588158866,0.000529205426574,0.0000132094774017],"max":[0.190312236547,4.41815471649,11.8052806854,22.5543403625,51.7164573669,335.417938232,475.217773438,364.546081543,417.101776123,220.386413574,251.078491211,422.368347168,123.204124451,178.585952759,333.761291504,295.300811768,379.044769287,431.85067749,446.972686768,284.086273193,296.410125732,642.527587891,346.321166992,869.904785156,408.577819824,574.55480957,171.886032104,54.9605636597,12.6191253662,1.76043450832,1.05429255962,3.65176653862,0.653334021568,0.293805986643,0.183190867305,0.105638973415,0.469407200813,0.135280355811,0.393351793289,0.0512689650059],"mean":[0.00596517557278,0.0974880680442,0.565621912479,0.786333799362,2.25806069374,8.99915885925,17.9093513489,12.639793396,9.09909343719,7.15438842773,8.00331020355,8.54073524475,5.30212640762,5.29856348038,5.32818031311,6.63234519958,10.734251976,15.9250164032,19.705078125,13.729388237,6.81709527969,9.47091960907,9.64815044403,12.025387764,7.9945602417,7.46462392807,3.06607365608,1.07987105846,0.250766307116,0.0629050061107,0.0398026257753,0.03592511639,0.0137837920338,0.00668547023088,0.00380920548923,0.00303499028087,0.0043035200797,0.00298223271966,0.00792292226106,0.00150066602509],"median":[0.000940089405049,0.0158890467137,0.0625199005008,0.110595107079,0.141104653478,0.228458672762,0.207443520427,0.165862753987,0.112938269973,0.0893221497536,0.102296769619,0.112141594291,0.106805741787,0.126219749451,0.148763075471,0.34819111228,0.425208091736,0.538192451,1.14823067188,0.872714221478,0.341827332973,0.158774077892,0.198584735394,0.254066824913,0.133954331279,0.0769007503986,0.0439952015877,0.0346362255514,0.0175714083016,0.00932040903717,0.00677735591307,0.00524134514853,0.00323111168109,0.00111422815826,0.000203159230296,0.000636795943137,0.000432607106632,0.000222751725232,0.000194310443476,0.000107700419903],"min":[9.98089132583e-22,7.96230809829e-21,1.83724148814e-20,4.31211062781e-20,1.75343678297e-19,1.75294254256e-19,3.37675314421e-19,2.51768161712e-19,3.15475286045e-19,2.71362752104e-19,2.08085161983e-18,1.63813452643e-18,2.68156775825e-18,1.21888713194e-18,3.01520051177e-18,2.85228811731e-18,7.30071263001e-18,8.06391495808e-18,6.2453662396e-18,7.8180313851e-18,8.33115633448e-18,1.03193544199e-17,1.64374982134e-17,8.78749119891e-18,1.43108085867e-17,1.89819008145e-17,1.64494873692e-17,1.81273041277e-17,2.35846497257e-17,2.70591639861e-17,2.14662368683e-17,1.60954821911e-17,1.67560917894e-17,1.25566430576e-17,1.00916464865e-17,6.81151015753e-18,3.78539685872e-18,1.25927505253e-18,3.12517133078e-19,2.83851777024e-20],"var":[0.00024110834056,0.0724956020713,1.53984630108,3.09929919243,28.7871379852,679.842834473,3396.11572266,1376.96118164,1324.91027832,594.027099609,738.763793945,1097.00463867,215.931228638,285.360748291,517.005859375,615.375305176,1073.17883301,1921.93395996,2287.71728516,1230.87854004,683.869873047,2168.6027832,1275.26672363,3005.10351562,1569.92114258,1737.14562988,234.31867981,22.1379299164,0.999138891697,0.0322388000786,0.0119950994849,0.0397248789668,0.00241332338192,0.000579183921218,0.000224712639465,0.000106754829176,0.000668583030347,0.000135603637318,0.00150940241292,0.0000294451183436]},"erbbands_crest":{"dmean":2.8243701458,"dmean2":4.72597265244,"dvar":7.21880054474,"dvar2":16.9490146637,"max":23.5488739014,"mean":8.78861141205,"median":8.30186653137,"min":2.53381586075,"var":15.0122699738},"erbbands_flatness_db":{"dmean":0.027516823262,"dmean2":0.0400901287794,"dvar":0.000778491201345,"dvar2":0.00145188882016,"max":0.345678597689,"mean":0.167031556368,"median":0.171912014484,"min":0.044468101114,"var":0.00575854815543},"erbbands_kurtosis":{"dmean":1.53250133991,"dmean2":2.48150372505,"dvar":5.91148281097,"dvar2":15.2822465897,"max":23.6420574188,"mean":0.787560641766,"median":-0.165431261063,"min":-1.76724970341,"var":8.2123966217},"erbbands_skewness":{"dmean":0.549385130405,"dmean2":0.831986963749,"dvar":0.338154137135,"dvar2":0.781737685204,"max":3.0746486187,"mean":0.00059238873655,"median":0.0476320274174,"min":-3.30988097191,"var":0.93616604805},"erbbands_spread":{"dmean":7.74934196472,"dmean2":11.9880437851,"dvar":72.2885971069,"dvar2":155.495986938,"max":94.5077514648,"mean":33.9146652222,"median":30.4074611664,"min":3.29420852661,"var":324.723602295},"gfcc":{"cov":[[32599.0605469,7544.44140625,-2669.94897461,-800.602050781,1983.26318359,-2231.04931641,-95.5559234619,-1523.90893555,-346.002227783,-912.675720215,-64.9139328003,-984.758300781,-142.34954834],[7544.44140625,3968.61157227,-228.901504517,-849.00970459,331.234924316,-342.515563965,-242.249893188,-609.045166016,-174.36706543,-260.105834961,-44.6879425049,-386.868713379,-28.6127490997],[-2669.94897461,-228.901504517,795.141723633,57.9729309082,-470.996124268,430.04208374,-160.90788269,206.423416138,-17.3008518219,169.192565918,-1.34872508049,89.8648681641,-15.0599441528],[-800.602050781,-849.00970459,57.9729309082,658.198791504,306.055053711,-49.8071327209,242.209747314,125.657173157,76.6466064453,8.99065208435,0.0875257998705,77.9600524902,-16.8536624908],[1983.26318359,331.234924316,-470.996124268,306.055053711,770.974914551,-266.269439697,223.998596191,-177.098602295,13.1249446869,-169.48223877,-10.8957004547,-97.5800933838,10.8911428452],[-2231.04931641,-342.515563965,430.04208374,-49.8071327209,-266.269439697,551.089050293,-55.392616272,150.724960327,-91.8204574585,54.8179626465,-31.5741176605,107.459709167,44.5046653748],[-95.5559234619,-242.249893188,-160.90788269,242.209747314,223.998596191,-55.392616272,373.164764404,41.0263710022,23.2014770508,-87.2930374146,-28.1405296326,46.557308197,37.8362464905],[-1523.90893555,-609.045166016,206.423416138,125.657173157,-177.098602295,150.724960327,41.0263710022,250.439605713,58.2083587646,71.9851608276,8.45170974731,82.0832061768,18.3907985687],[-346.002227783,-174.36706543,-17.3008518219,76.6466064453,13.1249446869,-91.8204574585,23.2014770508,58.2083587646,187.539855957,86.9289703369,23.8731002808,18.1282653809,-26.049993515],[-912.675720215,-260.105834961,169.192565918,8.99065208435,-169.48223877,54.8179626465,-87.2930374146,71.9851608276,86.9289703369,161.866394043,53.4944190979,22.5218391418,-33.9097747803],[-64.9139328003,-44.6879425049,-1.34872508049,0.0875257998705,-10.8957004547,-31.5741176605,-28.1405296326,8.45170974731,23.8731002808,53.4944190979,76.7939376831,27.8241329193,-15.99746418],[-984.758300781,-386.868713379,89.8648681641,77.9600524902,-97.5800933838,107.459709167,46.557308197,82.0832061768,18.1282653809,22.5218391418,27.8241329193,145.104034424,51.8904533386],[-142.34954834,-28.6127490997,-15.0599441528,-16.8536624908,10.8911428452,44.5046653748,37.8362464905,18.3907985687,-26.049993515,-33.9097747803,-15.99746418,51.8904533386,111.97958374]],"icov":[[0.000167161706486,-0.000586955458857,0.00125162710901,-0.00120225164574,0.000764634169172,-0.000244460010435,0.000441551674157,-0.000292065495159,0.00028765166644,-0.000186992197996,-0.0000301747641061,0.000199036978302,-0.000114786766062],[-0.000586955458857,0.00324990367517,-0.00667040515691,0.00667612534016,-0.00424528168514,0.00198278273456,-0.00210895482451,0.00226624705829,-0.00155363685917,0.00236819474958,-0.000676365802065,0.000124963320559,0.000358413381036],[0.00125162710901,-0.00667040515691,0.0190281327814,-0.0181793756783,0.0136324483901,-0.00851387344301,0.00571107119322,-0.00244617718272,0.000497238128446,-0.00190514256246,-0.00330240861513,0.00579144246876,-0.00337723526172],[-0.00120225164574,0.00667612534016,-0.0181793756783,0.0244252085686,-0.0191767513752,0.0112291490659,-0.00638621626422,-0.00279862433672,0.00551111483946,-0.0078758103773,0.0136118019,-0.0152126448229,0.00931960716844],[0.000764634169172,-0.00424528168514,0.0136324483901,-0.0191767513752,0.0190540272743,-0.0104548148811,0.00317574525252,0.00572499027476,-0.00896767526865,0.0129728419706,-0.0174586642534,0.0180164128542,-0.00987744145095],[-0.000244460010435,0.00198278273456,-0.00851387344301,0.0112291490659,-0.0104548148811,0.0111789498478,-0.00199914327823,-0.00480898236856,0.00889389030635,-0.00980115961283,0.0139452368021,-0.0135436626151,0.00614937441424],[0.000441551674157,-0.00210895482451,0.00571107119322,-0.00638621626422,0.00317574525252,-0.00199914327823,0.00664827227592,-0.00194556417409,-0.000494778389111,0.00193459482398,0.000106779429188,-0.00000565174786971,-0.00112322566565],[-0.000292065495159,0.00226624705829,-0.00244617718272,-0.00279862433672,0.00572499027476,-0.00480898236856,-0.00194556417409,0.0147953033447,-0.0103526450694,0.011471234262,-0.0127238305286,0.0111591946334,-0.00688390107825],[0.00028765166644,-0.00155363685917,0.000497238128446,0.00551111483946,-0.00896767526865,0.00889389030635,-0.000494778389111,-0.0103526450694,0.0220284685493,-0.0240482296795,0.0213182661682,-0.0185917448252,0.0095729092136],[-0.000186992197996,0.00236819474958,-0.00190514256246,-0.0078758103773,0.0129728419706,-0.00980115961283,0.00193459482398,0.011471234262,-0.0240482296795,0.0430081449449,-0.0358915403485,0.0264499764889,-0.0109330164269],[-0.0000301747641061,-0.000676365802065,-0.00330240861513,0.0136118019,-0.0174586642534,0.0139452368021,0.000106779429188,-0.0127238305286,0.0213182661682,-0.0358915403485,0.0521657690406,-0.035582408309,0.0176342725754],[0.000199036978302,0.000124963320559,0.00579144246876,-0.0152126448229,0.0180164128542,-0.0135436626151,-0.00000565174786971,0.0111591946334,-0.0185917448252,0.0264499764889,-0.035582408309,0.0411519296467,-0.0198943410069],[-0.000114786766062,0.000358413381036,-0.00337723526172,0.00931960716844,-0.00987744145095,0.00614937441424,-0.00112322566565,-0.00688390107825,0.0095729092136,-0.0109330164269,0.0176342725754,-0.0198943410069,0.020505450666]],"mean":[-207.582092285,74.7715606689,-99.6715087891,6.08850765228,-22.4726753235,-14.3174610138,-21.9567260742,-18.9680900574,-10.1800327301,-3.61839008331,-7.07193994522,-4.20580720901,-7.84279203415]},"hfc":{"dmean":4.64093112946,"dmean2":5.54573059082,"dvar":91.6051864624,"dvar2":132.69128418,"max":148.854751587,"mean":10.4426212311,"median":1.71128058434,"min":1.1801956223e-16,"var":445.53616333},"melbands":{"dmean":[0.0000587736103626,0.000144754361827,0.000103553466033,0.000220942427404,0.000407436687965,0.00018835591618,0.0000887169589987,0.0000536158186151,0.0000550080585526,0.0000411200780945,0.0000208284636756,0.0000162737196661,0.000014255341739,0.0000136994394779,0.000015256217921,0.000020315976144,0.0000211654369195,0.0000227702603297,0.0000185449844139,0.00000806287062005,0.00000559607633477,0.00000638943492959,0.00000625674692856,0.00000481481720271,0.0000080952204371,0.00000408897813031,0.00000384987561119,0.00000296452481052,0.00000164177197348,6.8633698902e-7,2.84745482304e-7,1.09366276035e-7,3.87688352532e-8,1.99382199639e-8,1.67274816221e-8,1.84475705822e-8,1.98851353161e-8,9.91451543086e-9,6.71900224347e-9,5.24389420775e-9],"dmean2":[0.0000957761512836,0.000214173342101,0.000150360487169,0.000332449068082,0.000520484754816,0.000260839849943,0.000127060266095,0.0000798715700512,0.0000786637829151,0.0000635065298411,0.0000317970079777,0.0000216593307414,0.000021984003979,0.0000219022349484,0.0000256506773439,0.0000310682844429,0.0000321754268953,0.0000310242139676,0.0000267361101578,0.0000120970880744,0.000008264236385,0.00000908501078811,0.0000092500977189,0.00000695120979799,0.000012529385458,0.00000565279106013,0.00000488449040859,0.00000392660467696,0.00000248429614658,0.00000102904868982,3.25358172404e-7,1.51793670966e-7,5.72009462019e-8,2.86386789838e-8,2.54172043412e-8,2.83409420376e-8,3.15359685032e-8,1.54827759502e-8,1.09598392584e-8,8.55346193873e-9],"dvar":[4.59278837184e-8,1.82337871024e-7,6.05263821285e-8,3.46523648886e-7,0.00000151630320033,2.43942082534e-7,9.81966863378e-8,4.29005737601e-8,3.19324868769e-8,2.67324562486e-8,3.35355099246e-9,2.07958716913e-9,4.62556037917e-9,3.13100012583e-9,3.76083741926e-9,4.32210400803e-9,4.73763073217e-9,3.55620333181e-9,2.39678854541e-9,5.29746080336e-10,5.40892275414e-10,9.90193038675e-10,7.44649786277e-10,2.38432718014e-10,2.14655937469e-9,3.44784117923e-10,5.41136913057e-10,2.12019540813e-10,7.88143092456e-11,1.08332023907e-11,1.1179243295e-12,2.59275375692e-13,1.54557915538e-14,2.78724640448e-15,1.98573681946e-15,4.88643735799e-15,1.72910476762e-14,1.15000180941e-15,4.41331402923e-16,3.09782712821e-16],"dvar2":[1.19109103025e-7,4.25535148452e-7,1.19966870216e-7,7.41527117043e-7,0.00000243925569521,4.27885709087e-7,1.70103476194e-7,9.29070296252e-8,8.09976867799e-8,5.41585940539e-8,7.24780058192e-9,3.47546658119e-9,9.17944653622e-9,8.60316351492e-9,9.65627133809e-9,1.10633013861e-8,1.28979120717e-8,7.59910978587e-9,4.60943327951e-9,1.04020114744e-9,1.19732557202e-9,2.20945040041e-9,1.69109992676e-9,4.63255933614e-10,5.63120972075e-9,6.54705123448e-10,9.24782417311e-10,3.74099085043e-10,2.02366290392e-10,2.38760452381e-11,1.04813640406e-12,4.90687351862e-13,2.63423655176e-14,5.43537950583e-15,4.02811261451e-15,1.09431312007e-14,3.4677847345e-14,2.62562658891e-15,1.01219547812e-15,7.16957697434e-16],"max":[0.00297656329349,0.00650595361367,0.00321422819979,0.00884473323822,0.0204001609236,0.00742045603693,0.0053600766696,0.00271589006297,0.0023260214366,0.00229027448222,0.000640926416963,0.000655085954349,0.00143557204865,0.000807026925031,0.000858832616359,0.000921186001506,0.000870206509717,0.000888725800905,0.000721622200217,0.00031176727498,0.000457910558907,0.00067200808553,0.000508453580551,0.000228212040383,0.000831402547192,0.000328105757944,0.000577620405238,0.000302967178868,0.000132486529765,0.0000474243315693,0.0000252585341514,0.00000972017096501,0.00000190364744412,5.62142588478e-7,6.07130914432e-7,0.00000138302902997,0.00000257830060946,5.10490110628e-7,2.7114333534e-7,2.39581993355e-7],"mean":[0.0000754794382374,0.000244058421231,0.000164481127285,0.000367884465959,0.00061821367126,0.000292428536341,0.000131789638544,0.0000771817649365,0.0000672911119182,0.0000517002408742,0.0000257964729826,0.0000213222992897,0.0000187816167454,0.0000156458609126,0.0000197861809283,0.0000271004355454,0.0000294291312457,0.0000322384876199,0.000025396269848,0.0000114412796393,0.00000742693600841,0.00000973159603745,0.0000094758997875,0.00000819172055344,0.0000103347729237,0.00000603406442679,0.00000612662688582,0.00000463801416117,0.00000222806966121,0.00000100383272184,4.70874397251e-7,1.51589574671e-7,4.94913052762e-8,2.6187702673e-8,2.2014914336e-8,2.3653582204e-8,2.09930313133e-8,9.87328352409e-9,6.95136659346e-9,5.05969000031e-9],"median":[0.0000122057026601,0.0000323175518133,0.0000237337480939,0.0000127367902678,0.00000628069574304,0.00000363712069884,0.00000178832704023,9.59194835559e-7,8.08921697626e-7,6.44438216568e-7,5.11135169745e-7,4.84135625811e-7,4.00375910203e-7,6.35696494555e-7,9.21302159895e-7,8.27218684663e-7,8.47270371196e-7,0.00000161697789736,0.00000149444622366,5.84233987411e-7,2.07323040513e-7,1.36352028335e-7,1.33022567184e-7,1.720029843e-7,2.04785536084e-7,9.99789975253e-8,6.45584705694e-8,4.01786230952e-8,2.36677415444e-8,2.01777226039e-8,1.83774364615e-8,1.00184704976e-8,6.55541398942e-9,4.72577177391e-9,3.9608543112e-9,3.76744946351e-9,2.91147284059e-9,2.26141216864e-9,1.87195769996e-9,5.25922749794e-10],"min":[1.0424192595e-23,1.04383920913e-23,1.1220404895e-23,1.35731864892e-23,1.07246097604e-23,6.24380093267e-24,4.22651714837e-24,3.8746082707e-24,1.7769240196e-23,1.02249602514e-23,1.35057641253e-23,4.88434391849e-24,8.31061413776e-24,9.82308768501e-24,8.10337801138e-24,2.2778189822e-23,1.40584763631e-23,1.03978367522e-23,9.73276863339e-24,1.08626201869e-23,1.01313256174e-23,9.42257669254e-24,1.67051409877e-23,1.12444548975e-23,6.18263265808e-24,8.49440137374e-24,1.24064896093e-23,1.2935740335e-23,1.0076757742e-23,1.06796967536e-23,1.02828736859e-23,1.24723902605e-23,1.44397470381e-23,1.66471470894e-23,1.3465221408e-23,8.30025087205e-24,1.04472817649e-23,1.13680930671e-23,1.18124749811e-23,1.00582037335e-23],"var":[4.26092157113e-8,2.83071898366e-7,1.15953099566e-7,7.89658656686e-7,0.00000404726642955,6.82874087943e-7,2.46059585152e-7,7.65889325294e-8,5.32429638156e-8,4.05273361537e-8,5.50006395983e-9,4.40689307268e-9,8.39717895218e-9,3.61480445576e-9,5.55130785784e-9,7.08660552462e-9,6.75904399117e-9,6.9948842274e-9,4.43412551121e-9,1.0288196961e-9,1.20382759317e-9,2.47539921894e-9,1.78641701432e-9,7.31099014661e-10,2.49489118254e-9,8.39333880176e-10,1.45912726346e-9,6.12378425746e-10,1.30935373654e-10,2.21330453964e-11,4.21834485745e-12,4.5348132801e-13,2.79942559476e-14,4.99031324347e-15,3.54302785705e-15,7.41568282069e-15,1.9961615504e-14,1.31990465429e-15,5.35873435317e-16,3.83051274517e-16]},"melbands_crest":{"dmean":4.28027534485,"dmean2":6.80664587021,"dvar":13.4936656952,"dvar2":31.9682369232,"max":32.3969802856,"mean":13.5136852264,"median":12.8587093353,"min":1.9715539217,"var":32.249370575},"melbands_flatness_db":{"dmean":0.0364849828184,"dmean2":0.053433958441,"dvar":0.00117640092503,"dvar2":0.00223167636432,"max":0.413515925407,"mean":0.214579612017,"median":0.229610785842,"min":0.00417935941368,"var":0.0093210618943},"melbands_kurtosis":{"dmean":7.44050168991,"dmean2":12.1875553131,"dvar":168.074554443,"dvar2":421.465301514,"max":136.050048828,"mean":10.1194801331,"median":6.0084400177,"min":-1.84958314896,"var":226.606155396},"melbands_skewness":{"dmean":0.906327903271,"dmean2":1.36318123341,"dvar":0.898471474648,"dvar2":1.95604097843,"max":9.6279592514,"mean":2.13203859329,"median":2.11696386337,"min":-2.99483346939,"var":3.00350117683},"melbands_spread":{"dmean":11.9704189301,"dmean2":19.1085834503,"dvar":302.926605225,"dvar2":711.342956543,"max":145.255584717,"mean":30.5427703857,"median":20.5605964661,"min":1.05179989338,"var":814.239318848},"mfcc":{"cov":[[18513.5605469,5914.3125,-3356.90625,1568.36425781,416.484130859,88.1815032959,-82.2569885254,-693.067687988,-716.911621094,-41.4453582764,83.5338287354,-842.861450195,-971.950500488],[5914.3125,3971.00024414,-358.173248291,-270.826812744,138.643630981,115.032447815,-117.474723816,-423.985229492,-389.178283691,-46.0502319336,112.259094238,-576.729492188,-412.890380859],[-3356.90625,-358.173248291,1430.16833496,-605.807800293,-130.831207275,-15.8368415833,-69.2092514038,1.46099960804,47.005115509,18.7659873962,96.2371673584,78.1747589111,117.992485046],[1568.36425781,-270.826812744,-605.807800293,916.618896484,144.922653198,36.3964424133,81.3604202271,97.7843856812,75.3548812866,36.9169616699,-2.48161029816,117.903289795,-21.5685405731],[416.484130859,138.643630981,-130.831207275,144.922653198,268.055908203,94.3122940063,13.2954673767,-4.67836093903,-10.7174758911,-8.29534339905,-11.1294755936,30.2590312958,1.84207653999],[88.1815032959,115.032447815,-15.8368415833,36.3964424133,94.3122940063,208.728713989,113.888435364,39.8889732361,27.5866012573,-31.1393527985,-48.5689468384,-8.33185195923,7.22565460205],[-82.2569885254,-117.474723816,-69.2092514038,81.3604202271,13.2954673767,113.888435364,246.237457275,146.222335815,60.3880233765,-30.6922245026,-89.2818374634,-12.1645021439,4.31002998352],[-693.067687988,-423.985229492,1.46099960804,97.7843856812,-4.67836093903,39.8889732361,146.222335815,212.859909058,136.741210938,-15.300573349,-72.2885284424,58.8308601379,63.2463684082],[-716.911621094,-389.178283691,47.005115509,75.3548812866,-10.7174758911,27.5866012573,60.3880233765,136.741210938,178.923324585,34.4379005432,-51.3584632874,60.7921180725,68.2228927612],[-41.4453582764,-46.0502319336,18.7659873962,36.9169616699,-8.29534339905,-31.1393527985,-30.6922245026,-15.300573349,34.4379005432,110.173866272,44.0645103455,0.480168431997,-3.73920321465],[83.5338287354,112.259094238,96.2371673584,-2.48161029816,-11.1294755936,-48.5689468384,-89.2818374634,-72.2885284424,-51.3584632874,44.0645103455,170.273864746,45.4111175537,-25.185792923],[-842.861450195,-576.729492188,78.1747589111,117.903289795,30.2590312958,-8.33185195923,-12.1645021439,58.8308601379,60.7921180725,0.480168431997,45.4111175537,217.117401123,103.277084351],[-971.950500488,-412.890380859,117.992485046,-21.5685405731,1.84207653999,7.22565460205,4.31002998352,63.2463684082,68.2228927612,-3.73920321465,-25.185792923,103.277084351,132.528900146]],"icov":[[0.000390799861634,-0.000497223285493,0.000534786900971,-0.000475328124594,0.00020183227025,0.000074757495895,-0.0000138387131301,0.000298058555927,0.000223738214117,-0.0000743094569771,0.000289150135359,-0.000366545165889,0.000838151318021],[-0.000497223285493,0.00126024207566,-0.000603028165642,0.000644864980131,-0.000636694312561,-0.000434430869063,0.0000172699310497,0.000173612919752,-0.000368615757907,0.000666603387799,-0.00125173805282,0.00202380376868,-0.000735793495551],[0.000534786900971,-0.000603028165642,0.00196674815379,0.000223597657168,0.000446687074145,-0.000246889423579,0.0000141615073517,0.000344804459019,-0.000152888926095,-0.000131716005853,-0.000602375948802,-0.00065646530129,0.00064302951796],[-0.000475328124594,0.000644864980131,0.000223597657168,0.00277090840973,-0.000873166776728,-0.000131576220156,-0.00019825065101,-0.000934813404456,-0.00074090535054,-0.000713504035957,-0.000487983925268,-0.00129831652157,0.000527106050868],[0.00020183227025,-0.000636694312561,0.000446687074145,-0.000873166776728,0.00579060334712,-0.00311098434031,0.00175175722688,-0.00107735057827,0.00206010579132,-0.00136324926279,0.00167040491942,-0.00229742727242,0.000511934631504],[0.000074757495895,-0.000434430869063,-0.000246889423579,-0.000131576220156,-0.00311098434031,0.00974899530411,-0.00611929455772,0.00464175920933,-0.00397833203897,0.00278616882861,-0.000491375976708,0.000360723119229,-0.00135917216539],[-0.0000138387131301,0.0000172699310497,0.0000141615073517,-0.00019825065101,0.00175175722688,-0.00611929455772,0.0128415571526,-0.010974869132,0.0055319359526,-0.00240657990798,0.00325729651377,-0.000348339264747,0.00301145622507],[0.000298058555927,0.000173612919752,0.000344804459019,-0.000934813404456,-0.00107735057827,0.00464175920933,-0.010974869132,0.0216333158314,-0.012998662889,0.00636534625664,-0.00190255732741,0.00088349764701,-0.00211653695442],[0.000223738214117,-0.000368615757907,-0.000152888926095,-0.00074090535054,0.00206010579132,-0.00397833203897,0.0055319359526,-0.012998662889,0.019155016169,-0.00915990583599,0.005351645872,-0.002526672557,-0.000413327710703],[-0.0000743094569771,0.000666603387799,-0.000131716005853,-0.000713504035957,-0.00136324926279,0.00278616882861,-0.00240657990798,0.00636534625664,-0.00915990583599,0.0159356147051,-0.00665220571682,0.00502379983664,-0.00157365447376],[0.000289150135359,-0.00125173805282,-0.000602375948802,-0.000487983925268,0.00167040491942,-0.000491375976708,0.00325729651377,-0.00190255732741,0.005351645872,-0.00665220571682,0.0142493341118,-0.00855038594455,0.00591180520132],[-0.000366545165889,0.00202380376868,-0.00065646530129,-0.00129831652157,-0.00229742727242,0.000360723119229,-0.000348339264747,0.00088349764701,-0.002526672557,0.00502379983664,-0.00855038594455,0.0165863633156,-0.00951587315649],[0.000838151318021,-0.000735793495551,0.00064302951796,0.000527106050868,0.000511934631504,-0.00135917216539,0.00301145622507,-0.00211653695442,-0.000413327710703,-0.00157365447376,0.00591180520132,-0.00951587315649,0.020599860698]],"mean":[-852.855041504,130.810775757,-14.4345121384,24.5228061676,8.71083259583,10.301990509,-2.53514313698,-6.58552122116,-6.88780879974,1.98257851601,-0.958629131317,-4.89135026932,-6.20941734314]},"pitch_salience":{"dmean":0.0881133377552,"dmean2":0.139550924301,"dvar":0.00610690657049,"dvar2":0.0147504396737,"max":0.88940089941,"mean":0.630464971066,"median":0.640578329563,"min":0.140192702413,"var":0.0144457612187},"silence_rate_20dB":{"dmean":0,"dmean2":0,"dvar":0,"dvar2":0,"max":1,"mean":1,"median":1,"min":1,"var":0},"silence_rate_30dB":{"dmean":0.00380228133872,"dmean2":0.00761904753745,"dvar":0.00378779391758,"dvar2":0.00756089342758,"max":1,"mean":0.994307398796,"median":1,"min":0,"var":0.00566021166742},"silence_rate_60dB":{"dmean":0.0912547558546,"dmean2":0.182857140899,"dvar":0.0829273238778,"dvar2":0.160848796368,"max":1,"mean":0.525616705418,"median":1,"min":0,"var":0.249343723059},"spectral_centroid":{"dmean":326.763122559,"dmean2":476.083984375,"dvar":278760.875,"dvar2":379162.34375,"max":10647.4580078,"mean":1459.22595215,"median":1116.07897949,"min":223.678726196,"var":1125723.625},"spectral_complexity":{"dmean":2.14068436623,"dmean2":2.74095249176,"dvar":9.78250217438,"dvar2":12.8928813934,"max":44,"mean":7.16129016876,"median":4,"min":0,"var":75.6645431519},"spectral_contrast_coeffs":{"dmean":[0.0551339052618,0.0443383045495,0.0365027114749,0.0307619478554,0.0258767306805,0.0359823219478],"dmean2":[0.0811718851328,0.0697948485613,0.0578340552747,0.04781883955,0.0414455868304,0.0547413751483],"dvar":[0.002409666311,0.00133089278825,0.0010111836018,0.000749942206312,0.000674037786666,0.00152842933312],"dvar2":[0.00485714059323,0.00301502016373,0.00224010716192,0.00162953091785,0.00143151276279,0.00323087209836],"max":[-0.287481099367,-0.527670741081,-0.592562019825,-0.626776218414,-0.638617515564,-0.470425724983],"mean":[-0.69504147768,-0.789864122868,-0.840758562088,-0.818312346935,-0.836890816689,-0.7809009552],"median":[-0.728134036064,-0.807484745979,-0.857891142368,-0.828323483467,-0.849051058292,-0.809044539928],"min":[-0.951800405979,-0.969603419304,-0.955652058125,-0.957889556885,-0.957330644131,-0.960938870907],"var":[0.0183235052973,0.00741169275716,0.00426517054439,0.00498670479283,0.0035295849666,0.00612435489893]},"spectral_contrast_valleys":{"dmean":[0.542807638645,0.479726284742,0.489365965128,0.417148172855,0.417489260435,0.563888311386],"dmean2":[0.804543972015,0.626989305019,0.669659793377,0.543533980846,0.551415085793,0.871267855167],"dvar":[0.358502089977,0.353572458029,0.386308193207,0.374880045652,0.411918848753,0.489836901426],"dvar2":[0.501564860344,0.389566123486,0.444195210934,0.393180906773,0.436861366034,1.06243622303],"max":[-6.3714838028,-4.8135433197,-5.79907274246,-6.01971292496,-5.21516799927,-9.41390895844],"mean":[-9.32608032227,-8.61557483673,-9.15447616577,-9.15378284454,-9.42506217957,-12.5567960739],"median":[-8.72794628143,-8.59772777557,-9.00003910065,-8.82076358795,-9.28314685822,-12.6836929321],"min":[-27.2770786285,-27.0153999329,-27.3865242004,-27.1023082733,-27.4000701904,-27.1561565399],"var":[4.72100973129,4.45332574844,4.24778699875,4.10027885437,3.54237413406,1.81641101837]},"spectral_decrease":{"dmean":9.29183896492e-10,"dmean2":1.200486488e-9,"dvar":3.39814687828e-18,"dvar2":5.15663980275e-18,"max":1.16666546211e-18,"mean":-2.16037321366e-9,"median":-4.06158828792e-10,"min":-3.09325187686e-8,"var":1.59817266589e-17},"spectral_energy":{"dmean":0.00388487381861,"dmean2":0.00495394552127,"dvar":0.0000559540712857,"dvar2":0.0000834606034914,"max":0.127701193094,"mean":0.0091009279713,"median":0.00169339531567,"min":1.1064487427e-20,"var":0.000271047465503},"spectral_energyband_high":{"dmean":0.000101974641439,"dmean2":0.000132633154863,"dvar":2.07360130844e-7,"dvar2":3.32543237391e-7,"max":0.00774024939165,"mean":0.000179209397174,"median":0.00000645655700282,"min":8.11613461166e-21,"var":6.72867827234e-7},"spectral_energyband_low":{"dmean":0.000594380719122,"dmean2":0.000864396628458,"dvar":0.00000277848380392,"dvar2":0.00000641209499008,"max":0.0253370050341,"mean":0.00103728077374,"median":0.000191856976016,"min":6.6435498855e-23,"var":0.0000043899785851},"spectral_energyband_middle_high":{"dmean":0.00112084462307,"dmean2":0.0014171564253,"dvar":0.00000474953594676,"dvar2":0.00000794720017439,"max":0.029048293829,"mean":0.00213571358472,"median":0.000192088016775,"min":1.64758888579e-21,"var":0.0000187853183888},"spectral_energyband_middle_low":{"dmean":0.00288744037971,"dmean2":0.00369751243852,"dvar":0.0000423728779424,"dvar2":0.0000630647264188,"max":0.109326332808,"mean":0.00575679633766,"median":0.000188580117538,"min":3.09996309653e-22,"var":0.000178788846824},"spectral_entropy":{"dmean":0.204775303602,"dmean2":0.290128856897,"dvar":0.0497909896076,"dvar2":0.0893835797906,"max":9.80840969086,"mean":7.49607086182,"median":7.39348602295,"min":6.05460929871,"var":0.422877758741},"spectral_flux":{"dmean":0.0133147966117,"dmean2":0.0209461729974,"dvar":0.000343413761584,"dvar2":0.000766024517361,"max":0.175958439708,"mean":0.0417865365744,"median":0.0310194119811,"min":1.05187865362e-10,"var":0.00174880505074},"spectral_kurtosis":{"dmean":4.09065818787,"dmean2":6.27663946152,"dvar":27.4500522614,"dvar2":53.2464408875,"max":60.1154899597,"mean":14.1788892746,"median":12.0829143524,"min":-1.16814148426,"var":118.714706421},"spectral_rms":{"dmean":0.000536145060323,"dmean2":0.000654521049,"dvar":5.67604786283e-7,"dvar2":7.24483300019e-7,"max":0.0111618330702,"mean":0.00203014281578,"median":0.00128533772659,"min":3.28551704072e-12,"var":0.00000475747128803},"spectral_rolloff":{"dmean":1945.35864258,"dmean2":3237.93676758,"dvar":14889303,"dvar2":32803296,"max":21727.0019531,"mean":5897.56640625,"median":1808.7890625,"min":86.1328125,"var":56209144},"spectral_skewness":{"dmean":0.326154917479,"dmean2":0.490539848804,"dvar":0.14510692656,"dvar2":0.286979496479,"max":4.40917015076,"mean":2.31534743309,"median":2.32466888428,"min":0.0249018687755,"var":0.683284938335},"spectral_spread":{"dmean":675389.1875,"dmean2":957908.625,"dvar":2765999046660,"dvar2":2678088531970,"max":39681812,"mean":4257000.5,"median":3358564.5,"min":1188997,"var":7956666515460},"spectral_strongpeak":{"dmean":0.345806032419,"dmean2":0.540109872818,"dvar":0.465108454227,"dvar2":1.11370801926,"max":7.81540489197,"mean":0.492177784443,"median":0.121271848679,"min":0,"var":0.707591116428},"zerocrossingrate":{"dmean":0.0284103564918,"dmean2":0.0337658114731,"dvar":0.000801117916126,"dvar2":0.00121195730753,"max":0.51318359375,"mean":0.16366687417,"median":0.12841796875,"min":0.01953125,"var":0.0117565421388}},"metadata":{"audio_properties":{"analysis_sample_rate":44100,"bit_rate":128000,"codec":"mp3","downmix":"mix","equal_loudness":0,"length":12.1991834641,"lossless":false,"md5_encoded":"db25a5bb81226d45ba598a6b011f2003","replay_gain":-8.48303413391,"sample_rate":44100},"tags":{"acoustid_fingerprint":["AQAAS2SSkMmSRLh0PDsOLz9y2UXC5rhHCTeeKhe84jiPuc_QxjnCJHmFJNeOs-hmx3CYCP_Qo0xWo5myBz9-PKXgSgpx5kcSH2Hu4uEa2HRw6sMdBcyJami-JJiZC2dy-BIxihGi95BTpE-wf2issYMnJ2iP48i1R1KgfQrCMCL448qJN8sp5EczK0cPvWSgpT8mHnnibHgSUTgbBs2DWjmeZE7xMkelBw194aKMKU0Yg3kOohizAgkqTAESCQKUAc4CLgASggEAhDAACuEIMwAwKpQyRRBgCTJAEAYAcsAJBRBBAkhHBAE"],"acoustid_id":["eaf90ffd-7bdc-49a0-9f0f-99f09d9ffc90"],"artist":["The Doors"],"file_name":"09 - Adolph Hitler.mp3","musicbrainz_recordingid":["51c448ca-2573-4291-8b85-2ca358f45d19"],"title":["Adolph Hitler (live)"]},"version":{"essentia":"2.1-beta1","essentia_build_sha":"5a811adb4c06fd6d02ca903f7349a26d851abfa8","essentia_git_sha":"v2.1_beta1-34-gf95df8b","extractor":"music 1.0"}},"rhythm":{"beats_count":24,"beats_loudness":{"dmean":0.0152194919065,"dmean2":0.0252824295312,"dvar":0.000335516786436,"dvar2":0.00109085603617,"max":0.0829664766788,"mean":0.0142321856692,"median":0.0083395652473,"min":0.0000042840893002,"var":0.000354114104994},"beats_loudness_band_ratio":{"dmean":[0.233722835779,0.317111313343,0.142488151789,0.0803032144904,0.202655807137,0.182658866048],"dmean2":[0.426891058683,0.575770914555,0.27452480793,0.121139913797,0.377676188946,0.324062615633],"dvar":[0.0541532933712,0.0550776086748,0.0294703971595,0.0140061648563,0.0511142797768,0.0292561370879],"dvar2":[0.177954673767,0.177976280451,0.0812822654843,0.0162761136889,0.126339897513,0.0703900083899],"max":[0.69776558876,0.901505529881,0.546361982822,0.615054428577,0.78397166729,0.530051589012],"mean":[0.19113494