{"lowlevel":{"average_loudness":0.93460047245,"barkbands":{"dmean":[0.0000227889377129,0.00100580591243,0.00130383938085,0.00281209126115,0.0023886715062,0.000792039616499,0.000461509625893,0.000390057335608,0.00043679313967,0.000396981951781,0.000206372758839,0.000431836466305,0.000321640865877,0.000675884308293,0.000654916453641,0.000572162040044,0.000554594618734,0.000249907519901,0.000272308272542,0.000134849906317,0.0000374074516003,0.0000149977540786,0.00000787881617725,0.00000485142754769,0.0000032781565551,0.00000385696012017,6.24550864359e-7],"dmean2":[0.0000392602123611,0.00177253899164,0.00219674617983,0.00472055003047,0.00402073236182,0.00129832339007,0.000735411071219,0.00060455937637,0.000676128547639,0.000619884987827,0.000330287322868,0.000699404045008,0.000511377409566,0.0010955312755,0.00103601510637,0.000915654236451,0.000880845997017,0.000391599314753,0.00041877941112,0.000203826260986,0.0000559771360713,0.0000228199915,0.0000122796018331,0.00000741913709135,0.00000492651042805,0.00000652027893011,0.00000107619882783],"dvar":[3.83974674278e-9,0.00000619940965407,0.000004265842108,0.0000109752309072,0.0000162189189723,0.00000182812038929,9.70706196313e-7,8.32083571822e-7,8.04849662472e-7,4.94483799685e-7,1.13301915405e-7,3.74579485651e-7,2.434297528e-7,0.00000119482183436,0.00000100498914435,7.03870568941e-7,5.79214884056e-7,1.58644411385e-7,1.86168080063e-7,1.2895733903e-7,2.69809277142e-8,2.63473820539e-9,5.54622570093e-10,2.43019521173e-10,9.82846998232e-11,2.86122736615e-10,6.86504325609e-12],"dvar2":[1.04051709471e-8,0.0000171470801433,0.0000117221579785,0.0000300820538541,0.0000447629972768,0.00000467650261271,0.00000249043500844,0.00000185629983207,0.00000195817960957,0.00000102751550912,2.72174474958e-7,9.57788870437e-7,5.80365281166e-7,0.0000030214000617,0.00000244635725721,0.00000174506646999,0.00000142110502566,3.62634182238e-7,4.36337387555e-7,2.87988029868e-7,5.35770610099e-8,4.76885153589e-9,1.1849565773e-9,5.78741277124e-10,2.30553437452e-10,7.61772089852e-10,1.82837408408e-11],"max":[0.000724444864318,0.0256723240018,0.0307704377919,0.0537041723728,0.053201097995,0.0236626304686,0.0211894381791,0.0199391432106,0.0271823909134,0.0220643598586,0.00867545325309,0.00906683225185,0.0142805743963,0.0240669474006,0.0135377636179,0.0172025002539,0.0142573714256,0.0105449156836,0.00903372373432,0.0149121042341,0.00871118996292,0.00341493892483,0.00118711532559,0.000860761094373,0.00019767320191,0.000310097762849,0.0000459275033791],"mean":[0.000018430118871,0.00111401616596,0.00267325900495,0.00649898918346,0.00433340296149,0.0014149636263,0.000853813253343,0.0006518549053,0.000815323961433,0.000800308131147,0.000356047152309,0.000768261787016,0.000617599114776,0.00120472651906,0.00124605116434,0.00116540689487,0.00116041128058,0.000546911673155,0.000626304827165,0.00025302945869,0.0000597613034188,0.0000251875007962,0.0000138791847348,0.00000970088876784,0.00000576260026719,0.00000306169977193,4.49467165708e-7],"median":[0.00000172959846623,0.00044092873577,0.00175307935569,0.00449037225917,0.00325638754293,0.000834304490127,0.000522056710906,0.000276555307209,0.000367938308045,0.000436710892245,0.000224761213758,0.000429592677392,0.000376992858946,0.000653459632304,0.000737203052267,0.000805555493571,0.000851211429108,0.000382416677894,0.000405607803259,0.0000851608347148,0.0000200431441044,0.00000661504100208,0.00000315659349326,0.00000101965406429,2.75747339629e-7,5.49413883277e-8,8.20950418756e-9],"min":[1.22406030571e-25,2.36704774917e-24,6.67763952344e-25,1.55343192035e-25,4.41032568359e-24,7.56463413363e-24,8.27853037589e-24,6.38573712547e-24,7.64038134661e-24,2.38007697031e-23,1.17862887434e-23,2.15642133527e-23,2.46792073418e-23,2.80716405558e-23,3.96252121767e-23,4.84938325978e-23,5.2845637424e-23,7.82730509354e-23,9.92780060825e-23,1.33867549914e-22,2.57571567387e-22,2.954047558e-22,3.56300728228e-22,5.63945377276e-22,8.12529812091e-22,1.185204213e-21,1.84725061589e-21],"var":[2.94845525772e-9,0.00000466459459858,0.00000840766642796,0.0000409029016737,0.0000185683456948,0.00000301081104226,0.00000174010915543,0.00000185302678801,0.00000200029421649,0.0000014187907027,2.19583029093e-7,8.47901219458e-7,6.60750231418e-7,0.00000257694455286,0.00000230341470342,0.000001615097176,0.00000131893921207,3.79257329541e-7,5.31977150331e-7,2.84357582814e-7,4.97804713007e-8,4.44174741432e-9,9.02637908862e-10,4.08796801965e-10,1.76035283572e-10,2.09773240445e-10,4.82815783881e-12]},"barkbands_crest":{"dmean":2.03529000282,"dmean2":3.36928296089,"dvar":3.6515750885,"dvar2":10.3549041748,"max":25.0420360565,"mean":8.47279071808,"median":7.96126127243,"min":2.41782259941,"var":9.85316753387},"barkbands_flatness_db":{"dmean":0.0198033992201,"dmean2":0.0291394870728,"dvar":0.00040681604878,"dvar2":0.000868739036378,"max":0.356274157763,"mean":0.167575225234,"median":0.169682219625,"min":0.0471679084003,"var":0.00214105076157},"barkbands_kurtosis":{"dmean":1.2543503046,"dmean2":2.0005903244,"dvar":4.8217716217,"dvar2":12.3872890472,"max":58.0067405701,"mean":0.822020351887,"median":-0.467580795288,"min":-1.87554526329,"var":13.989812851},"barkbands_skewness":{"dmean":0.42002004385,"dmean2":0.653947412968,"dvar":0.175032898784,"dvar2":0.409736603498,"max":7.12926912308,"mean":0.937606692314,"median":0.884862720966,"min":-6.07111549377,"var":1.0780094862},"barkbands_spread":{"dmean":3.89912104607,"dmean2":6.12822055817,"dvar":13.773648262,"dvar2":33.1262283325,"max":68.6886367798,"mean":23.7550964355,"median":24.2584648132,"min":2.23438596725,"var":53.2663040161},"dissonance":{"dmean":0.00959144625813,"dmean2":0.0162243526429,"dvar":0.0000787016979302,"dvar2":0.000215311825741,"max":0.500000059605,"mean":0.482210546732,"median":0.484738141298,"min":0.404267907143,"var":0.000135220034281},"dynamic_complexity":2.1808578968,"erbbands":{"dmean":[0.0208302773535,0.264722168446,1.2007266283,6.12605190277,7.38739824295,9.20908641815,6.45271539688,7.79769945145,5.45188379288,8.23001384735,8.47862815857,9.78169727325,12.0845623016,9.75752353668,10.176782608,17.3093643188,14.403591156,24.9301643372,37.4509391785,25.4967594147,32.3123168945,28.7970485687,14.5172996521,13.0537614822,12.3823900223,5.45293569565,2.3625524044,0.99886059761,0.580826282501,0.306107699871,0.229295805097,0.126591280103,0.0737016201019,0.038242302835,0.0238815713674,0.0172893926501,0.00690376665443,0.0013479986228,0.0000956472504186,0.0000113252781375],"dmean2":[0.0354089103639,0.472876816988,2.06919336319,10.1185722351,12.4057197571,15.923822403,10.695394516,12.8333530426,8.85991668701,12.9044027328,13.0682058334,15.1686859131,18.8926830292,15.3892965317,16.2277488708,28.200925827,22.6902313232,39.9808006287,59.4336929321,40.5110282898,51.8798446655,45.5039978027,22.4893226624,20.0362243652,18.7694530487,8.17260742188,3.639980793,1.47531795502,0.8829382658,0.473426550627,0.360875695944,0.194424405694,0.113133758307,0.0590909644961,0.0359368696809,0.0277767181396,0.0121066672727,0.00236888672225,0.000162536336575,0.0000179699472938],"dvar":[0.00250881211832,0.436495542526,4.82268190384,58.5706939697,77.5016555786,353.533660889,110.972129822,216.816635132,110.25869751,334.245635986,414.329589844,446.774108887,510.503814697,234.119140625,248.99571228,666.366271973,450.768157959,1389.60961914,3687.38696289,1284.74694824,2274.79003906,1609.85791016,500.739257812,389.443054199,537.001281738,230.731719971,112.950302124,15.4764051437,3.75734949112,0.935590028763,0.502313494682,0.149704352021,0.0595238655806,0.0112156029791,0.00644785584882,0.00499683758244,0.00103864981793,0.0000387107029383,1.52566670408e-7,4.79726147695e-10],"dvar2":[0.00658180145547,1.23122465611,13.5703411102,151.168029785,213.40625,983.820678711,297.283813477,552.576538086,288.755065918,825.208312988,901.244567871,1112.50610352,1080.87353516,534.902709961,588.147399902,1722.18713379,1075.69921875,3424.546875,9038.61816406,3131.53442383,5710.69873047,3864.19921875,1172.52087402,822.926147461,1210.78234863,520.469238281,235.826690674,31.847946167,6.65782165527,1.94249844551,1.07908082008,0.346601635218,0.143772706389,0.0267032887787,0.015376182273,0.0128356749192,0.00283648539335,0.000105201019323,4.03205859811e-7,1.21810994624e-9],"max":[0.397170484066,7.01242923737,33.9152145386,149.506072998,118.228134155,219.690887451,188.970367432,265.005828857,223.50112915,452.073120117,576.223632812,828.120788574,662.046325684,615.520874023,473.598175049,415.922485352,587.409240723,781.292114258,1054.2088623,719.198486328,995.878112793,834.509399414,528.837097168,447.390258789,557.153503418,495.698577881,473.54675293,188.436340332,119.063713074,63.5311279297,38.1008605957,21.0099277496,13.6342029572,2.75681352615,1.55797100067,1.42390751839,0.574152827263,0.104688152671,0.00633461307734,0.0003369943297],"mean":[0.0202686693519,0.312177240849,2.31459903717,15.9324798584,16.5590305328,13.0264196396,11.7989425659,12.1575813293,10.0076036453,15.807923317,14.9292192459,18.8332290649,24.0938301086,19.8496055603,19.7968826294,32.1139907837,30.4839019775,50.3193321228,71.6139297485,59.183429718,70.6049041748,62.1463890076,34.4610099792,30.5120697021,29.0557174683,11.009724617,3.87770915031,1.66477692127,0.99523794651,0.504831969738,0.401574730873,0.244478285313,0.145992040634,0.0738471671939,0.0360988005996,0.0162266939878,0.00497426418588,0.000944614235777,0.0000837612387841,0.0000359249315807],"median":[0.00640876032412,0.139510139823,1.62836682796,10.3725290298,14.3680534363,8.09842300415,7.37968349457,5.59786701202,6.5153055191,7.93792104721,6.97200965881,8.48096561432,11.9166355133,13.6576271057,13.8654413223,19.3159599304,19.9798355103,31.6041488647,40.2894859314,40.7636642456,51.3049659729,45.6218605042,25.7082939148,22.0890464783,15.3715238571,4.19790077209,1.52788734436,0.535723090172,0.262230753899,0.137516438961,0.0840779095888,0.0329521782696,0.0125609971583,0.00436512101442,0.0014451041352,0.000398275471525,0.000092909882369,0.0000174968190549,0.0000187986479432,0.0000335082258971],"min":[8.32026111777e-23,4.10907295675e-22,1.55894091293e-21,5.99007525783e-21,6.13493930157e-21,1.60012386476e-20,4.32381717219e-20,8.78767472961e-20,1.59931519877e-19,1.64919742089e-19,2.19088685553e-19,2.22239752548e-19,4.48352157929e-19,8.28998083455e-19,9.93273309675e-19,1.06454939511e-18,9.42543977068e-19,1.75707989319e-18,2.61916938875e-18,2.66812855484e-18,3.22412689576e-18,3.74530961829e-18,4.80713986393e-18,5.76847510977e-18,4.57011663607e-18,7.68246640887e-18,8.23040077279e-18,9.43356723379e-18,9.76550571462e-18,1.13539803496e-17,1.1331408245e-17,1.12290851761e-17,8.99571323861e-18,6.9260519249e-18,5.95956996129e-18,4.01707195033e-18,2.26073714008e-18,9.02631064946e-19,2.19353099005e-19,2.55461888269e-20],"var":[0.00205063424073,0.318106651306,6.06365728378,282.809875488,151.985305786,303.89743042,176.349731445,320.783325195,168.563964844,708.83392334,942.966796875,1038.28417969,1523.65246582,542.243713379,507.093261719,1439.51574707,1309.21130371,3607.00634766,8144.99365234,4130.44970703,5337.6171875,3769.17822266,1252.09191895,1094.76062012,1697.0859375,490.408172607,196.868118286,26.9259757996,6.73965835571,1.37339484692,0.806778967381,0.251154065132,0.0983276367188,0.023211510852,0.00924462266266,0.00430001923814,0.000692685018294,0.0000257715983025,1.10612965898e-7,6.83137935109e-10]},"erbbands_crest":{"dmean":2.02250599861,"dmean2":3.33844709396,"dvar":3.88187623024,"dvar2":9.78183555603,"max":32.6185531616,"mean":7.47696399689,"median":6.73594093323,"min":2.54376530647,"var":10.1813716888},"erbbands_flatness_db":{"dmean":0.0173264909536,"dmean2":0.024491481483,"dvar":0.000369189801859,"dvar2":0.00070127955405,"max":0.335172504187,"mean":0.216361418366,"median":0.218748912215,"min":0.08639998734,"var":0.00216281646863},"erbbands_kurtosis":{"dmean":0.713612496853,"dmean2":1.13897836208,"dvar":1.04560256004,"dvar2":2.2282345295,"max":62.8945007324,"mean":0.169324010611,"median":-0.166895389557,"min":-1.8292850256,"var":4.15035676956},"erbbands_skewness":{"dmean":0.282470583916,"dmean2":0.437182337046,"dvar":0.0743479430676,"dvar2":0.170801877975,"max":6.41257190704,"mean":-0.686239600182,"median":-0.707278549671,"min":-3.3366382122,"var":0.326173067093},"erbbands_spread":{"dmean":5.72901964188,"dmean2":9.05281925201,"dvar":28.0229911804,"dvar2":66.9600219727,"max":85.577911377,"mean":33.5715179443,"median":32.2896575928,"min":2.69010639191,"var":131.37197876},"gfcc":{"cov":[[35290.2734375,3024.95996094,-4546.17529297,859.551330566,-1570.46728516,17.6725540161,-1463.91796875,66.9086380005,-939.878417969,-261.224914551,-553.763977051,-413.761932373,-281.567382812],[3024.95996094,2064.08911133,-1050.0447998,127.479667664,423.172515869,-401.915130615,244.977005005,-202.309585571,105.632400513,-257.984588623,97.3468551636,-260.071624756,-41.866607666],[-4546.17529297,-1050.0447998,1148.40405273,-68.343208313,-37.3939361572,191.356414795,61.3246307373,101.896492004,69.9081192017,164.136398315,-3.91944742203,190.609268188,22.7562942505],[859.551330566,127.479667664,-68.343208313,217.829406738,-50.9328536987,-0.960523724556,-5.11050224304,-19.0030441284,-3.50738573074,-2.11084294319,-5.22441530228,-20.2237110138,6.83368301392],[-1570.46728516,423.172515869,-37.3939361572,-50.9328536987,396.68939209,-125.980461121,197.39642334,-64.4031677246,98.3736877441,-72.7675552368,61.0998420715,-40.9046287537,-11.4481983185],[17.6725540161,-401.915130615,191.356414795,-0.960523724556,-125.980461121,243.51159668,-79.3206939697,62.0261955261,-34.5533065796,58.6245155334,-24.2173175812,71.3422470093,24.2905426025],[-1463.91796875,244.977005005,61.3246307373,-5.11050224304,197.39642334,-79.3206939697,231.348480225,-25.9908256531,91.8866271973,-29.0562915802,41.0362930298,-27.3403186798,-4.60620355606],[66.9086380005,-202.309585571,101.896492004,-19.0030441284,-64.4031677246,62.0261955261,-25.9908256531,102.494041443,6.79361057281,39.9116592407,-15.8496780396,32.0338897705,-6.01139879227],[-939.878417969,105.632400513,69.9081192017,-3.50738573074,98.3736877441,-34.5533065796,91.8866271973,6.79361057281,113.845802307,5.23940134048,28.2127513885,-12.7989492416,-6.59987449646],[-261.224914551,-257.984588623,164.136398315,-2.11084294319,-72.7675552368,58.6245155334,-29.0562915802,39.9116592407,5.23940134048,106.453910828,4.70786619186,48.9185066223,5.27823257446],[-553.763977051,97.3468551636,-3.91944742203,-5.22441530228,61.0998420715,-24.2173175812,41.0362930298,-15.8496780396,28.2127513885,4.70786619186,78.5844497681,2.69571900368,14.6452264786],[-413.761932373,-260.071624756,190.609268188,-20.2237110138,-40.9046287537,71.3422470093,-27.3403186798,32.0338897705,-12.7989492416,48.9185066223,2.69571900368,110.280319214,25.0498180389],[-281.567382812,-41.866607666,22.7562942505,6.83368301392,-11.4481983185,24.2905426025,-4.60620355606,-6.01139879227,-6.59987449646,5.27823257446,14.6452264786,25.0498180389,62.4927635193]],"icov":[[0.000406675419072,-0.000838596315589,0.00119183945935,-0.000744172022678,0.000775020685978,-0.000501111266203,0.00110662064981,-0.00113111163955,0.00131111603696,-0.00100700336043,0.00169518054463,-0.00122740119696,0.00154564809054],[-0.000838596315589,0.00378936505876,-0.000926024047658,0.000662280537654,-0.0022928440012,0.00175762630533,-0.00315061258152,0.00305879861116,-0.00389825296588,0.00332537246868,-0.00439874082804,0.00265810475685,-0.0027433312498],[0.00119183945935,-0.000926024047658,0.00629269238561,-0.00252765812911,0.00184106361121,-0.00162180396728,0.00164960301481,-0.0027274612803,0.00207715132274,-0.00343254674226,0.00504205422476,-0.0056488700211,0.00515340035781],[-0.000744172022678,0.000662280537654,-0.00252765812911,0.00692151999101,0.000258853164269,0.000333070842316,-0.00244602747262,0.00321945385076,-0.00266940123402,0.00103473151103,-0.00242433161475,0.00286602554843,-0.00364833930507],[0.000775020685978,-0.0022928440012,0.00184106361121,0.000258853164269,0.00787861552089,-0.000656181189697,-0.000939545047004,-0.00034113106085,0.000576869933866,0.000428022671258,0.0016683494905,-0.00346520543098,0.00387622904964],[-0.000501111266203,0.00175762630533,-0.00162180396728,0.000333070842316,-0.000656181189697,0.00762490415946,-0.000635324278846,-0.000631202594377,-0.00115398177877,0.00117857952137,-0.00169142545201,0.000185008873814,-0.00361684546806],[0.00110662064981,-0.00315061258152,0.00164960301481,-0.00244602747262,-0.000939545047004,-0.000635324278846,0.0130145782605,-0.00359400897287,0.000357680954039,-0.00234002457,0.00409755995497,-0.00201837089844,0.00331462989561],[-0.00113111163955,0.00305879861116,-0.0027274612803,0.00321945385076,-0.00034113106085,-0.000631202594377,-0.00359400897287,0.0181315783411,-0.00768003473058,0.00119489559438,-0.0031652264297,0.00138826202601,-0.00147061119787],[0.00131111603696,-0.00389825296588,0.00207715132274,-0.00266940123402,0.000576869933866,-0.00115398177877,0.000357680954039,-0.00768003473058,0.0207978375256,-0.00643078889698,0.00347425835207,-0.00103055860382,0.00501161301509],[-0.00100700336043,0.00332537246868,-0.00343254674226,0.00103473151103,0.000428022671258,0.00117857952137,-0.00234002457,0.00119489559438,-0.00643078889698,0.0197232365608,-0.00833224784583,-0.000199284113478,-0.00192224886268],[0.00169518054463,-0.00439874082804,0.00504205422476,-0.00242433161475,0.0016683494905,-0.00169142545201,0.00409755995497,-0.0031652264297,0.00347425835207,-0.00833224784583,0.0247235689312,-0.00647272495553,0.00195183174219],[-0.00122740119696,0.00265810475685,-0.0056488700211,0.00286602554843,-0.00346520543098,0.000185008873814,-0.00201837089844,0.00138826202601,-0.00103055860382,-0.000199284113478,-0.00647272495553,0.0210514515638,-0.0097412019968],[0.00154564809054,-0.0027433312498,0.00515340035781,-0.00364833930507,0.00387622904964,-0.00361684546806,0.00331462989561,-0.00147061119787,0.00501161301509,-0.00192224886268,0.00195183174219,-0.0097412019968,0.0260081347078]],"mean":[-55.5555953979,146.077560425,-161.556304932,34.6302986145,-25.856054306,-10.0144720078,-36.6493453979,-6.40440511703,-22.8370132446,-19.0862598419,-12.7869329453,-16.5898456573,-9.73845005035]},"hfc":{"dmean":5.08804607391,"dmean2":7.33852577209,"dvar":33.4282264709,"dvar2":70.3897781372,"max":102.831108093,"mean":22.0148887634,"median":21.464756012,"min":1.07193349581e-16,"var":196.937759399},"melbands":{"dmean":[0.000231536454521,0.00052688451251,0.0010418453021,0.000585553701967,0.000258087995462,0.000161861200468,0.0000858792409417,0.0000872327073012,0.0000694887639838,0.0000622616935289,0.0000613920055912,0.0000427785489592,0.0000312963347824,0.0000445062287326,0.000040584767703,0.0000338088757417,0.0000519035347679,0.0000673805407132,0.0000452051936009,0.0000355407682946,0.0000412859226344,0.0000345133630617,0.0000205507567443,0.0000127643370433,0.0000115617513075,0.0000106326688183,0.00000764032392908,0.00000306722563437,0.00000180319932497,9.13297412808e-7,5.09336871346e-7,3.6356595956e-7,2.43327548333e-7,1.52679547227e-7,1.45081386904e-7,1.14388726047e-7,6.73437128285e-8,5.76069076885e-8,4.10488780744e-8,3.08344567657e-8],"dmean2":[0.000402005651267,0.000916284567211,0.00173702510074,0.000985439517535,0.000435612571891,0.000265850278083,0.000138184230309,0.000136826507514,0.000106892272015,0.0000967408050201,0.0000960797406151,0.0000676654162817,0.000049720008974,0.0000717189759598,0.0000653920942568,0.0000540007822565,0.0000836979234009,0.000107445877802,0.0000723559132894,0.0000569055955566,0.0000668912762194,0.0000549900323676,0.0000320967374137,0.0000202221108339,0.0000179698799911,0.0000164973553183,0.0000114639224194,0.00000468987354907,0.00000283056510852,0.00000136538392326,7.77960906362e-7,5.68431801184e-7,3.75499979555e-7,2.42831788455e-7,2.3212379574e-7,1.80214215106e-7,1.0443329046e-7,9.01398493625e-8,6.42533564132e-8,4.87111080361e-8],"dvar":[3.19244747971e-7,0.00000110724317892,0.00000144917464695,8.62957563186e-7,2.24989520348e-7,8.86393465294e-8,2.78171317092e-8,3.48721087562e-8,2.52059244588e-8,1.758713708e-8,1.31610713439e-8,5.02295627314e-9,2.38361219651e-9,3.72859032538e-9,3.90158083619e-9,2.76913070252e-9,6.18388851237e-9,1.28846737724e-8,4.67375604885e-9,2.81856071815e-9,3.66963615051e-9,2.555650358e-9,9.61804080823e-10,4.11149447821e-10,3.1842101178e-10,3.43941458647e-10,3.24962834419e-10,8.95775259524e-11,6.80725198432e-11,2.03672165938e-11,2.86870917646e-12,1.54219139629e-12,8.43777630231e-13,1.89842811068e-13,1.74474435008e-13,1.73631630449e-13,3.19251800018e-14,3.33936471411e-14,1.89053027383e-14,6.86687026889e-15],"dvar2":[8.63409809426e-7,0.00000314247790811,0.00000388788748751,0.00000236659411712,6.14054670223e-7,2.25722686764e-7,7.25416313685e-8,8.48199803727e-8,5.5279208766e-8,4.39232756833e-8,2.7735048036e-8,1.11416902371e-8,5.55870771635e-9,9.44372580136e-9,9.79650938149e-9,6.69393163122e-9,1.51128194403e-8,3.22292734722e-8,1.17874758843e-8,6.93051349643e-9,9.25431908883e-9,6.21122575595e-9,2.22149187934e-9,9.64819335536e-10,6.88666623727e-10,8.39956548759e-10,6.89645562879e-10,1.97535321433e-10,1.47097320435e-10,4.00782532162e-11,6.31268735202e-12,2.96651440392e-12,1.63261212275e-12,4.29533145163e-13,3.79995324486e-13,4.07871734434e-13,7.21272610323e-14,8.13053238017e-14,4.71007883032e-14,1.624865505e-14],"max":[0.00530260475352,0.0150190256536,0.0207841750234,0.0119095314294,0.00663007143885,0.00549256848171,0.0039658290334,0.00401008501649,0.0047483430244,0.0051008714363,0.0032347869128,0.00296945706941,0.0012411728967,0.00113390153274,0.00131326436531,0.00183647649828,0.00137262349017,0.00233931862749,0.0011414620094,0.001151494449,0.00115225219633,0.00122791796457,0.0008226155187,0.000519602908753,0.000411719636759,0.000382188474759,0.000475855544209,0.000310669420287,0.000414297217503,0.000289974181214,0.0000555905680812,0.0000650472939014,0.0000678741489537,0.0000239515993599,0.0000190649461729,0.0000266204115178,0.00000749987702875,0.0000100236884464,0.00000622416882834,0.00000178036577836],"mean":[0.000241218091105,0.000924885680433,0.00266204099171,0.00107058067806,0.000432298198575,0.000263145106146,0.000161228483194,0.000166634796187,0.000122254816233,0.000117313022201,0.000120677112136,0.000082690778072,0.0000576703023398,0.0000815160165075,0.0000752941414248,0.0000673356480547,0.0000971634581219,0.000119102827739,0.000087547217845,0.0000751861007302,0.0000836018443806,0.0000683162143105,0.0000413546295022,0.0000262635130639,0.000024112770916,0.0000231829362747,0.0000163040003827,0.00000513764462085,0.0000026586385502,0.00000142401324865,7.94265531567e-7,5.93243271396e-7,3.89387963651e-7,2.37194058172e-7,2.42696756914e-7,1.9136695073e-7,1.32789992335e-7,1.13128443502e-7,7.14287651249e-8,5.89593796008e-8],"median":[0.0000896706915228,0.000637896475382,0.00200383737683,0.000834691920318,0.000265523820417,0.000131683278596,0.000107197971374,0.0000816978354123,0.0000536559091415,0.0000538206986676,0.000057717301388,0.0000539442626177,0.0000386272913602,0.0000486397548229,0.0000455879890069,0.0000377167343686,0.0000575329977437,0.0000621557119302,0.0000530597171746,0.0000525918439962,0.0000577390528633,0.0000477085523016,0.0000285206897388,0.0000177089423232,0.0000166449426615,0.0000133010817081,0.00000567831466469,0.00000180058123078,9.20735715226e-7,4.17874019831e-7,2.33536795236e-7,1.56625446834e-7,9.40202369293e-8,6.48613323051e-8,4.9845993999e-8,3.0670044282e-8,1.51685561889e-8,9.10763731099e-9,5.29435117969e-9,2.90239055012e-9],"min":[1.12833161578e-24,1.24112363826e-24,1.03155544183e-24,9.32846164225e-25,1.53472603149e-24,1.69455289937e-24,2.37498684532e-24,1.34842154036e-24,1.38634938104e-24,1.21129907541e-24,2.24726198172e-24,3.29300222731e-24,2.96641026267e-24,2.4339764833e-24,1.87544619911e-24,2.06914566958e-24,2.25311276584e-24,3.03213913937e-24,2.83687634381e-24,2.66978889876e-24,3.41773237769e-24,3.19680517587e-24,3.15634607776e-24,3.43459467397e-24,3.49342713142e-24,3.31995819609e-24,3.5076794814e-24,4.66391527676e-24,4.02134625983e-24,5.34402697303e-24,4.68282663924e-24,4.02384142687e-24,4.2225412894e-24,4.77249843049e-24,5.31034537339e-24,5.45434049316e-24,6.38208548834e-24,5.83176941554e-24,5.16023894819e-24,5.29877751708e-24],"var":[2.47282031296e-7,0.00000113605540264,0.00000568895529796,0.00000101136583908,2.66676238425e-7,1.35722217465e-7,4.5601641574e-8,7.73905668439e-8,6.03252203746e-8,4.00800139744e-8,3.94982464513e-8,1.17000285016e-8,5.0818491637e-9,8.61210303071e-9,8.90926799002e-9,8.62623572573e-9,1.43976928157e-8,2.58676742249e-8,1.0578948384e-8,7.22838855438e-9,8.29335267127e-9,5.32850563673e-9,2.20359153147e-9,9.45461153812e-10,7.93976717706e-10,9.08598030147e-10,1.01073960312e-9,1.69113584247e-10,1.10584548463e-10,3.54729925989e-11,4.53714192952e-12,2.60600829111e-12,1.22288182185e-12,2.65794412304e-13,2.87936314331e-13,2.22912481659e-13,6.55418170366e-14,5.74427929268e-14,2.73116100726e-14,1.49869859226e-14]},"melbands_crest":{"dmean":3.16025781631,"dmean2":5.16083240509,"dvar":8.40919494629,"dvar2":22.5858364105,"max":32.6437339783,"mean":14.8635902405,"median":14.4225664139,"min":1.6152780056,"var":32.3760032654},"melbands_flatness_db":{"dmean":0.024088550359,"dmean2":0.0368689969182,"dvar":0.000628091627732,"dvar2":0.00145132804755,"max":0.424847126007,"mean":0.219375818968,"median":0.223361477256,"min":0.00289280409925,"var":0.00422659283504},"melbands_kurtosis":{"dmean":3.38152742386,"dmean2":5.38088655472,"dvar":30.4292182922,"dvar2":80.5566940308,"max":158.37310791,"mean":5.96754598618,"median":3.08776807785,"min":-1.73612058163,"var":88.4564437866},"melbands_skewness":{"dmean":0.548868775368,"dmean2":0.86072576046,"dvar":0.297766417265,"dvar2":0.725596129894,"max":10.6476068497,"mean":2.13146591187,"median":1.96383559704,"min":-2.82737803459,"var":1.50474882126},"melbands_spread":{"dmean":7.11216926575,"dmean2":11.2103557587,"dvar":53.4014968872,"dvar2":125.613037109,"max":248.433609009,"mean":32.1937294006,"median":29.0080318451,"min":1.68650603294,"var":501.439422607},"mfcc":{"cov":[[10464.0019531,1166.87023926,-675.26184082,173.817840576,-43.6325035095,-140.874984741,-247.101211548,-53.6071395874,-208.24029541,24.4836978912,-189.319152832,-191.594970703,-146.141616821],[1166.87023926,1958.53173828,-855.997741699,419.721893311,175.247497559,-44.4612159729,91.7673721313,72.2454605103,-10.2628984451,38.3984832764,11.3019313812,-18.6531543732,24.2514801025],[-675.26184082,-855.997741699,723.168395996,-153.283584595,-64.4851913452,59.7120933533,-46.8123207092,-12.2958259583,36.8436050415,-35.143409729,20.2715263367,46.6857757568,-7.81799507141],[173.817840576,419.721893311,-153.283584595,299.723327637,9.55687427521,7.8894109726,9.7081155777,16.2358379364,10.7177343369,22.737745285,-1.43335580826,20.1456241608,18.2842712402],[-43.6325035095,175.247497559,-64.4851913452,9.55687427521,130.184188843,17.3320102692,23.2561779022,15.9256486893,-1.49714159966,-8.29409503937,8.59395980835,-7.35671186447,2.67556405067],[-140.874984741,-44.4612159729,59.7120933533,7.8894109726,17.3320102692,111.128288269,20.5898265839,14.8054513931,16.5295562744,-7.06394386292,4.51443910599,12.4115695953,-6.67512559891],[-247.101211548,91.7673721313,-46.8123207092,9.7081155777,23.2561779022,20.5898265839,85.6812057495,17.9309272766,6.0427236557,-1.53392481804,0.666493594646,1.30912947655,9.12679576874],[-53.6071395874,72.2454605103,-12.2958259583,16.2358379364,15.9256486893,14.8054513931,17.9309272766,82.267364502,26.4312572479,2.07499098778,14.8334274292,7.37277889252,0.726561844349],[-208.24029541,-10.2628984451,36.8436050415,10.7177343369,-1.49714159966,16.5295562744,6.0427236557,26.4312572479,73.3074493408,11.8394565582,16.9990768433,15.279302597,-3.47286343575],[24.4836978912,38.3984832764,-35.143409729,22.737745285,-8.29409503937,-7.06394386292,-1.53392481804,2.07499098778,11.8394565582,72.1957778931,19.7817726135,4.13373661041,6.47316169739],[-189.319152832,11.3019313812,20.2715263367,-1.43335580826,8.59395980835,4.51443910599,0.666493594646,14.8334274292,16.9990768433,19.7817726135,63.803768158,26.483669281,3.03652858734],[-191.594970703,-18.6531543732,46.6857757568,20.1456241608,-7.35671186447,12.4115695953,1.30912947655,7.37277889252,15.279302597,4.13373661041,26.483669281,63.6523208618,25.8881702423],[-146.141616821,24.2514801025,-7.81799507141,18.2842712402,2.67556405067,-6.67512559891,9.12679576874,0.726561844349,-3.47286343575,6.47316169739,3.03652858734,25.8881702423,60.7558250427]],"icov":[[0.000136716029374,-0.000122828379972,0.00000255169743468,0.000064607920649,0.000107198437036,-0.0000295607023872,0.000460549694253,-0.00010036288586,0.000312236195896,-0.000158205104526,0.000369973917259,0.0000402588557336,0.000281874643406],[-0.000122828379972,0.00173074915074,0.00147935270797,-0.00153196975589,-0.00129546585958,0.000403324345825,-0.000828732270747,-0.000434220011812,-0.000361350335879,0.000535603961907,-0.000919160374906,-0.000162299023941,-0.0000664764884277],[0.00000255169743468,0.00147935270797,0.00339251686819,-0.000308885122649,-0.000245164032094,-0.000848298950586,0.000708906736691,-0.00013014182332,-0.000995788373984,0.00131051440258,-0.000787785451394,-0.0014123423025,0.000202424707823],[0.000064607920649,-0.00153196975589,-0.000308885122649,0.00552486581728,0.00116640352644,-0.00105052895378,0.00103388726711,-0.0000404024176532,-0.000339280843036,-0.00137065013405,0.00193342356943,-0.00192129344214,-0.000408462103223],[0.000107198437036,-0.00129546585958,-0.000245164032094,0.00116640352644,0.0101143652573,-0.00198421604,-0.000613789481577,-0.000615050841589,0.00064342468977,0.00156728457659,-0.002059743274,0.00251001748256,-0.00126826006453],[-0.0000295607023872,0.000403324345825,-0.000848298950586,-0.00105052895378,-0.00198421604,0.0112244207412,-0.00300347665325,-0.000898832222447,-0.00106665771455,0.000385286344681,0.000869346084073,-0.00248517584987,0.0026708857622],[0.000460549694253,-0.000828732270747,0.000708906736691,0.00103388726711,-0.000613789481577,-0.00300347665325,0.0156648736447,-0.00226142467,0.000255053455476,-0.0000539412212675,0.00170982908458,0.00070365407737,-0.00177538348362],[-0.00010036288586,-0.000434220011812,-0.00013014182332,-0.0000404024176532,-0.000615050841589,-0.000898832222447,-0.00226142467,0.0152988564223,-0.00510202068835,0.00118139048573,-0.00278753181919,0.000572654942516,-0.000509781064466],[0.000312236195896,-0.000361350335879,-0.000995788373984,-0.000339280843036,0.00064342468977,-0.00106665771455,0.000255053455476,-0.00510202068835,0.0184819158167,-0.00322759058326,-0.000409819302149,-0.00290072057396,0.00340323895216],[-0.000158205104526,0.000535603961907,0.00131051440258,-0.00137065013405,0.00156728457659,0.000385286344681,-0.0000539412212675,0.00118139048573,-0.00322759058326,0.0174641050398,-0.00716653605923,0.00296457973309,-0.00299614551477],[0.000369973917259,-0.000919160374906,-0.000787785451394,0.00193342356943,-0.002059743274,0.000869346084073,0.00170982908458,-0.00278753181919,-0.000409819302149,-0.00716653605923,0.0247243866324,-0.0109465420246,0.00470506306738],[0.0000402588557336,-0.000162299023941,-0.0014123423025,-0.00192129344214,0.00251001748256,-0.00248517584987,0.00070365407737,0.000572654942516,-0.00290072057396,0.00296457973309,-0.0109465420246,0.0279766414315,-0.0117935044691],[0.000281874643406,-0.0000664764884277,0.000202424707823,-0.000408462103223,-0.00126826006453,0.0026708857622,-0.00177538348362,-0.000509781064466,0.00340323895216,-0.00299614551477,0.00470506306738,-0.0117935044691,0.023238779977]],"mean":[-665.49230957,164.542221069,-55.8793830872,37.6991500854,17.1029472351,-0.215771406889,-1.04354000092,2.25601315498,-8.02589416504,-0.433846592903,-8.27613639832,-9.10357189178,-6.34245824814]},"pitch_salience":{"dmean":0.064664773643,"dmean2":0.104231655598,"dvar":0.00337124080397,"dvar2":0.00835325848311,"max":0.822657525539,"mean":0.580861389637,"median":0.589953780174,"min":0.130971327424,"var":0.0117042921484},"silence_rate_20dB":{"dmean":0,"dmean2":0,"dvar":0,"dvar2":0,"max":1,"mean":1,"median":1,"min":1,"var":0},"silence_rate_30dB":{"dmean":0,"dmean2":0,"dvar":0,"dvar2":0,"max":1,"mean":1,"median":1,"min":1,"var":0},"silence_rate_60dB":{"dmean":0.0122244050726,"dmean2":0.0244514793158,"dvar":0.0120779778808,"dvar2":0.025597428903,"max":1,"mean":0.0595874711871,"median":0,"min":0,"var":0.0560407303274},"spectral_centroid":{"dmean":228.870956421,"dmean2":354.420654297,"dvar":60373.2851562,"dvar2":138443.546875,"max":11785.203125,"mean":1645.03540039,"median":1418.85180664,"min":239.827774048,"var":2156536.25},"spectral_complexity":{"dmean":4.06657934189,"dmean2":5.83910036087,"dvar":13.6078748703,"dvar2":25.9698963165,"max":59,"mean":27.3374443054,"median":29,"min":0,"var":106.123275757},"spectral_contrast_coeffs":{"dmean":[0.0523586198688,0.0428182221949,0.0343733020127,0.0290460661054,0.0236356221139,0.0171445757151],"dmean2":[0.0873175933957,0.0703050196171,0.0563336499035,0.04737187922,0.037694927305,0.0275826603174],"dvar":[0.00219557085074,0.00122395844664,0.000772490457166,0.00056576723,0.000405154249165,0.000285374873783],"dvar2":[0.00577804865316,0.00327562144957,0.00196427176706,0.00144096068107,0.00100420322269,0.000658441509586],"max":[-0.271139770746,-0.501827418804,-0.555172324181,-0.565834999084,-0.592317819595,-0.472095191479],"mean":[-0.55706679821,-0.754574000835,-0.790375232697,-0.777070641518,-0.741751968861,-0.744069993496],"median":[-0.546100020409,-0.75678986311,-0.791156113148,-0.776533722878,-0.733895897865,-0.74469602108],"min":[-0.984405994415,-0.983406424522,-0.978282034397,-0.974514484406,-0.966669797897,-0.964921176434],"var":[0.0106429085135,0.00473361602053,0.00298531260341,0.00276845949702,0.00314915296622,0.00237926212139]},"spectral_contrast_valleys":{"dmean":[0.43777859211,0.353821069002,0.315391272306,0.28598600626,0.259228259325,0.39865642786],"dmean2":[0.709966897964,0.561618387699,0.480329483747,0.412719488144,0.36319154501,0.51632130146],"dvar":[0.152907043695,0.108675263822,0.0859721377492,0.0771395862103,0.101471826434,0.27546608448],"dvar2":[0.350916206837,0.234295099974,0.163514047861,0.134240806103,0.194010555744,0.537189781666],"max":[-5.46243286133,-4.96907186508,-5.44570922852,-5.61659765244,-5.36081361771,-8.65126419067],"mean":[-7.89729595184,-7.16525268555,-7.45138120651,-7.43537807465,-7.78455305099,-11.9499845505],"median":[-7.41679954529,-6.61430740356,-6.89632368088,-6.86759471893,-7.22678565979,-11.7402448654],"min":[-28.3316822052,-28.0502319336,-28.2070560455,-27.7884883881,-27.5123996735,-27.4571762085],"var":[9.25495433807,9.85319137573,9.55618667603,9.60972595215,9.24211120605,6.77243185043]},"spectral_decrease":{"dmean":1.6878962672e-9,"dmean2":2.71568234567e-9,"dvar":3.89851380749e-18,"dvar2":9.60564727098e-18,"max":3.38294027114e-16,"mean":-6.68747635046e-9,"median":-6.50133191726e-9,"min":-2.31549250884e-8,"var":1.29113397586e-17},"spectral_energy":{"dmean":0.00669218646362,"dmean2":0.010683817789,"dvar":0.0000601309438935,"dvar2":0.000146881051478,"max":0.0917730629444,"mean":0.0272368583828,"median":0.0267304237932,"min":1.00731017693e-20,"var":0.000209737117984},"spectral_energyband_high":{"dmean":0.000103909696918,"dmean2":0.000153418484842,"dvar":1.07140941452e-7,"dvar2":2.13453859033e-7,"max":0.012758564204,"mean":0.000185852652066,"median":0.0000690097876941,"min":7.03646600285e-21,"var":2.13362568502e-7},"spectral_energyband_low":{"dmean":0.00323633267544,"dmean2":0.00544729689136,"dvar":0.0000215979944187,"dvar2":0.0000586597416259,"max":0.0666573941708,"mean":0.00815608445555,"median":0.00573381129652,"min":1.17261554543e-23,"var":0.0000658294302411},"spectral_energyband_middle_high":{"dmean":0.00211021164432,"dmean2":0.00306310364977,"dvar":0.00000521074207427,"dvar2":0.0000112313564387,"max":0.0359378270805,"mean":0.00852686911821,"median":0.0078212087974,"min":1.18805118045e-21,"var":0.0000349553083652},"spectral_energyband_middle_low":{"dmean":0.0049179084599,"dmean2":0.00820220354944,"dvar":0.0000352766401193,"dvar2":0.0000952263944782,"max":0.0722832158208,"mean":0.0148450350389,"median":0.0135492766276,"min":1.68666350145e-22,"var":0.0000847329938551},"spectral_entropy":{"dmean":0.117366157472,"dmean2":0.171496540308,"dvar":0.0151026258245,"dvar2":0.0331119485199,"max":9.8220911026,"mean":7.43314218521,"median":7.37831163406,"min":6.16920471191,"var":0.184087499976},"spectral_flux":{"dmean":0.0196629948914,"dmean2":0.0280426032841,"dvar":0.000417752016801,"dvar2":0.000731316104066,"max":0.224065005779,"mean":0.0783893764019,"median":0.075448192656,"min":6.16357659355e-11,"var":0.00136405741796},"spectral_kurtosis":{"dmean":3.70011997223,"dmean2":6.52983427048,"dvar":14.3350372314,"dvar2":42.7682723999,"max":48.9783744812,"mean":6.82298851013,"median":6.08314323425,"min":-1.26908886433,"var":18.3498573303},"spectral_rms":{"dmean":0.000619225378614,"dmean2":0.000972757698037,"dvar":4.32992976585e-7,"dvar2":0.00000101718251244,"max":0.00946227740496,"mean":0.00488428538665,"median":0.00510670756921,"min":3.13487105198e-12,"var":0.0000027163807772},"spectral_rolloff":{"dmean":359.598968506,"dmean2":593.179199219,"dvar":238039.09375,"dvar2":508561.9375,"max":21770.0683594,"mean":2118.14941406,"median":1787.25585938,"min":129.19921875,"var":8272726.5},"spectral_skewness":{"dmean":0.346682608128,"dmean2":0.59816890955,"dvar":0.10139913857,"dvar2":0.301246225834,"max":4.93478822708,"mean":1.29535865784,"median":1.32267999649,"min":-0.525154352188,"var":0.236614048481},"spectral_spread":{"dmean":278031.6875,"dmean2":424265.15625,"dvar":293502156800,"dvar2":710366396416,"max":50442392,"mean":3311876.75,"median":2347197.75,"min":1214032.25,"var":32514567569400},"spectral_strongpeak":{"dmean":0.380164325237,"dmean2":0.677598178387,"dvar":0.671012759209,"dvar2":1.80565798283,"max":9.80497264862,"mean":0.698568820953,"median":0.532145619392,"min":7.95957466604e-11,"var":0.739993095398},"zerocrossingrate":{"dmean":0.00636140629649,"dmean2":0.00779368495569,"dvar":0.0000754708162276,"dvar2":0.0000813400110928,"max":0.814453125,"mean":0.0653720796108,"median":0.05224609375,"min":0.009765625,"var":0.00653740670532}},"metadata":{"audio_properties":{"analysis_sample_rate":44100,"bit_rate":0,"codec":"flac","downmix":"mix","equal_loudness":0,"length":212.733337402,"lossless":true,"md5_encoded":"b6511fea124bfd100e750fbd2b79ae07","replay_gain":-14.0264911652},"tags":{"acoustid_id":["0164c713-076e-43b0-a5a7-73a55540c042"],"album":["Is This It"],"albumartist":["The Strokes"],"artist":["The Strokes"],"date":["2001"],"discnumber":["1"],"disctotal":["1"],"file_name":"02 - The Strokes - The Modern Age.flac","musicbrainz_albumartistid":["f181961b-20f7-459e-89de-920ef03c7ed0"],"musicbrainz_albumid":["eb88fcad-d3fe-3645-b036-bdab63c54bf5"],"musicbrainz_artistid":["f181961b-20f7-459e-89de-920ef03c7ed0"],"musicbrainz_recordingid":["51e15585-2a4d-4243-b1d6-32ec4fda85ff"],"musicbrainz_releasegroupid":["efea26d1-a016-30f6-b8e2-bc8c02336b0a"],"replaygain_album_gain":["-8.47 dB"],"replaygain_album_peak":["0.999084"],"replaygain_track_gain":["-9.03 dB"],"replaygain_track_peak":["0.999023"],"title":["The Modern Age"],"tracknumber":["2"],"tracktotal":["11"]},"version":{"essentia":"2.1-beta1","essentia_build_sha":"46c2b6830b139c2e69ed9f3e0d9145e1b8fbae31","essentia_git_sha":"v2.1_beta1-6-g5578087","extractor":"music 1.0"}},"rhythm":{"beats_count":511,"beats_loudness":{"dmean":0.0101537043229,"dmean2":0.017196578905,"dvar":0.0000673578033457,"dvar2":0.000191822997294,"max":0.0781961455941,"mean":0.0328935086727,"median":0.0328538231552,"min":0,"var":0.000160907075042},"beats_loudness_band_ratio":{"dmean":[0.142247885466,0.100232034922,0.054443359375,0.045886233449,0.0601703077555,0.0241922233254],"dmean2":[0.250961869955,0.174980670214,0.0953528732061,0.0807031393051,0.101764366031,0.0434849560261],"dvar":[0.013868695125,0.00763273891062,0.00389338517562,0.0021653843578,0.00346269458532,0.00491732591763],"dvar2":[0.039767395705,0.023185223341,0.0113149648532,0.00627940194681,0.00890154018998,0.0146357063204],"max":[0.914462983608,0.644758820534,0.4