{"lowlevel":{"average_loudness":0.950305879116,"barkbands":{"dmean":[0.00118089746684,0.0234740581363,0.00381517829373,0.00303875980899,0.00288889789954,0.00145269278437,0.00106636760756,0.000959569355473,0.00059336720733,0.000305178866256,0.000471638661111,0.000320576626109,0.000294831988867,0.000240872919676,0.000235195853747,0.00016411159595,0.000118988464237,0.0000831622819533,0.0000742772172089,0.0000363213621313,0.0000364160732715,0.0000407518637076,0.0000499877132825,0.0000546764531464,0.0000188136600627,0.00000844546866574,0.00000187582463695],"dmean2":[0.00185103155673,0.0374039337039,0.00654520932585,0.00511826528236,0.00477214623243,0.0023625860922,0.0016898936592,0.00149460067041,0.000920489488635,0.000480630347738,0.000745492754504,0.00051647197688,0.000475939421449,0.000377670774469,0.000376253388822,0.000263994967099,0.0001877805189,0.000130609274493,0.000115442257083,0.0000558511346753,0.0000538525928278,0.0000598952647124,0.0000719777453924,0.0000785251759226,0.0000281743214146,0.0000124709449665,0.00000287474540528],"dvar":[0.00000256938710663,0.000837729196064,0.0000452501953987,0.0000214428928302,0.000016459471226,0.00000735913499739,0.00000492697245136,0.0000071331937761,0.00000334066635332,8.73293060977e-7,9.57282622949e-7,4.28527471286e-7,5.92674723521e-7,4.28236518246e-7,4.25891073519e-7,1.3768755025e-7,1.1554631385e-7,3.19393613779e-8,3.30928529024e-8,1.52043675428e-8,2.62575721166e-8,4.60849172157e-8,8.59337845327e-8,1.2170058028e-7,1.83876647242e-8,2.78428391454e-9,6.18199935687e-11],"dvar2":[0.00000689569151291,0.00205327640288,0.000121224773466,0.0000586065325479,0.0000438777860836,0.0000199869209609,0.0000132967670652,0.0000178078826139,0.00000870497297001,0.00000209196491596,0.0000021348998871,0.00000101666830687,0.00000150371624841,0.00000100958504845,0.00000104610569451,3.28930724436e-7,2.8364175364e-7,7.70246018078e-8,7.73804629262e-8,3.36809158341e-8,5.4569984087e-8,9.40937852079e-8,1.66432499782e-7,2.54983973491e-7,4.47166073059e-8,6.18584072853e-9,1.38856287579e-10],"max":[0.0224963817745,0.3368473351,0.0969919934869,0.0711564868689,0.0550684146583,0.0751481354237,0.0524758957326,0.101158596575,0.0868848785758,0.0316078811884,0.0291073154658,0.0127531643957,0.0308117493987,0.0167096797377,0.0194852929562,0.0125456666574,0.0116452770308,0.00532834930345,0.00507667800412,0.0035694569815,0.00704041309655,0.00909054838121,0.0129183707759,0.0128170056269,0.00631749723107,0.00203037378378,0.000338297599228],"mean":[0.00178665632848,0.0364019460976,0.00480202119797,0.00435827393085,0.00550733832642,0.00290612247773,0.00206184084527,0.0017475434579,0.00115982536227,0.00056532229064,0.00084533134941,0.000596774625592,0.000566877890378,0.000451974250609,0.000452112610219,0.000319330807542,0.00023085763678,0.000175348119228,0.000151422951603,0.0000778970716055,0.0000771898630774,0.0000832187142805,0.0000986329105217,0.0000937712466111,0.000027233551009,0.0000118118186947,0.00000209128211281],"median":[0.00111596100032,0.0272618178278,0.00239746714942,0.00257492205128,0.00382132036611,0.00158067198936,0.000773032021243,0.000587265065406,0.000530770397745,0.0002270755067,0.000397467578296,0.000270611781161,0.000212079350604,0.000136601229315,0.000117050913104,0.000126146114781,0.0000675581250107,0.0000768118261476,0.0000479901573271,0.0000209855788853,0.0000120354252431,0.0000090135508799,0.0000052639597925,0.00000320158619616,0.00000135035986659,4.21429206199e-7,1.12083519355e-7],"min":[6.96186068418e-25,1.51630484745e-24,9.94242419617e-25,6.75033847928e-25,5.65098103429e-24,4.92238713008e-24,4.91658703027e-24,3.08192277059e-24,1.01660063094e-23,1.09866559425e-23,1.29071433383e-23,2.73856786671e-23,3.36674064544e-23,4.17197988077e-23,5.17324505571e-23,5.83175016733e-23,7.38054855046e-23,9.35147965683e-23,1.34150706803e-22,1.83045630995e-22,2.23679603787e-22,3.29088131954e-22,3.63654704157e-22,5.06473894214e-22,9.21904909594e-22,1.22450750997e-21,1.83943157805e-21],"var":[0.00000434437970398,0.00126850581728,0.0000519077475474,0.0000295232202916,0.0000335488257406,0.0000181405848707,0.0000137561328302,0.0000191075632756,0.00000682305608279,0.00000205666719921,0.00000234041340264,0.00000111543397452,0.00000183327028935,0.00000117172305636,0.00000130818921207,3.46049091604e-7,2.39490162812e-7,8.48459507097e-8,9.65924442653e-8,4.39768754745e-8,8.48790975283e-8,1.52673564457e-7,2.61787789668e-7,2.73959670949e-7,2.31266916728e-8,4.89198281883e-9,9.09149353023e-11]},"barkbands_crest":{"dmean":3.57778048515,"dmean2":5.82849407196,"dvar":9.96555614471,"dvar2":24.3424434662,"max":25.3937034607,"mean":14.0620326996,"median":13.8681030273,"min":3.36566352844,"var":26.3927154541},"barkbands_flatness_db":{"dmean":0.0307798907161,"dmean2":0.0482993200421,"dvar":0.000984365236945,"dvar2":0.0024039959535,"max":0.654310464859,"mean":0.223542943597,"median":0.206810489297,"min":0.0297940615565,"var":0.00892024114728},"barkbands_kurtosis":{"dmean":5.83165025711,"dmean2":9.22714233398,"dvar":102.843986511,"dvar2":234.998184204,"max":404.749572754,"mean":10.6149692535,"median":5.49797058105,"min":-1.87593901157,"var":361.451019287},"barkbands_skewness":{"dmean":0.733050882816,"dmean2":1.14428436756,"dvar":0.531001150608,"dvar2":1.25252974033,"max":15.8875665665,"mean":2.37382316589,"median":2.15528082848,"min":-2.18285274506,"var":2.26529335976},"barkbands_spread":{"dmean":3.53755927086,"dmean2":5.49664878845,"dvar":30.4318695068,"dvar2":65.6230773926,"max":107.483161926,"mean":11.7969856262,"median":9.0759563446,"min":0.153332844377,"var":119.495346069},"dissonance":{"dmean":0.0212867371738,"dmean2":0.0357685983181,"dvar":0.000529460259713,"dvar2":0.00147833849769,"max":0.500000178814,"mean":0.452127754688,"median":0.46186709404,"min":0.167696774006,"var":0.0014739088947},"dynamic_complexity":3.23395872116,"erbbands":{"dmean":[0.876891493797,4.73101997375,4.48966598511,7.06544446945,10.2575092316,9.71494293213,11.3319530487,13.6947040558,13.072183609,19.9956703186,14.6322450638,13.4558649063,10.8091182709,12.1485843658,18.3330001831,10.4351549149,12.661151886,11.5264120102,11.4628295898,9.75178718567,7.65296792984,6.38598203659,4.79799127579,4.0518784523,2.76888394356,1.54780113697,1.4231647253,1.47793900967,1.66594433784,1.25724005699,1.45477151871,1.36486911774,0.758504390717,0.301930487156,0.0930784344673,0.0456111803651,0.0138978445902,0.00256385351531,0.000297216174658,0.0000445127843705],"dmean2":[1.36093342304,7.6558508873,7.56073045731,11.8856935501,17.1345558167,16.0508289337,18.3235721588,22.4090614319,21.1851844788,31.0947532654,22.8763332367,20.7639331818,16.8997707367,18.941652298,29.3292331696,16.6386299133,20.1335124969,18.3432922363,18.189950943,15.5972490311,12.361831665,10.0852212906,7.608273983,6.2819070816,4.30509805679,2.3744893074,2.14819979668,2.18412446976,2.50699305534,1.82443964481,2.0965821743,1.9488670826,1.09823763371,0.454732745886,0.138531178236,0.0682500377297,0.0209585558623,0.00379997771233,0.000449904793641,0.0000687238862156],"dvar":[1.1578874588,36.423866272,52.4324684143,127.828201294,208.646911621,213.46194458,452.243041992,737.179748535,849.406738281,2914.61303711,1332.02038574,1373.65429688,1107.5,855.849487305,1311.49804688,458.073120117,944.765930176,1111.22546387,871.913269043,869.234069824,357.353424072,345.460083008,117.605270386,94.9328994751,52.482131958,30.3826713562,37.526599884,45.9683189392,82.1594085693,42.8574638367,80.4258422852,74.7145385742,25.0498485565,4.56953144073,0.444890201092,0.0959490686655,0.00777503242716,0.000182848467375,0.00000151302378981,6.67694211032e-9],"dvar2":[2.77362442017,91.1932983398,140.378189087,348.2762146,553.997314453,572.938110352,1153.00744629,2170.19140625,2415.0246582,7114.328125,3437.46166992,3493.56982422,2705.12915039,1939.38220215,3163.43579102,1074.71484375,2292.43212891,2781.69848633,2096.93920898,2171.03930664,883.631164551,852.274169922,294.461090088,208.291381836,127.005172729,67.1775894165,80.3060531616,91.2366867065,176.51725769,80.4840087891,156.685409546,159.692169189,52.4176139832,10.983048439,1.07435798645,0.213173747063,0.0177375562489,0.000411955174059,0.0000033803585211,1.54802641816e-8],"max":[12.9505186081,68.8961105347,85.7849807739,208.79095459,165.057128906,253.175064087,579.682312012,506.128692627,801.259033203,1828.74206543,1402.29638672,1477.26025391,1253.2611084,958.499816895,1230.54211426,546.035766602,973.527587891,1801.05688477,691.290100098,1208.97790527,753.149719238,603.242919922,342.017028809,375.350860596,147.35824585,166.162124634,308.153930664,215.750991821,411.521118164,295.573242188,408.043731689,390.969055176,157.17376709,91.6329269409,29.7174568176,11.0732059479,3.80814647675,0.56136316061,0.0542425923049,0.00235249311663],"mean":[1.44252181053,6.54372787476,6.35151433945,10.4779720306,16.574213028,17.8526878357,21.7193202972,26.5275230408,27.0419139862,40.1657104492,29.4449615479,26.4775333405,21.7029972076,24.0968952179,33.5716362,22.3174514771,26.2293796539,22.8155994415,24.495349884,20.5883216858,16.1942901611,13.2787313461,10.4556875229,8.93003177643,5.99283981323,3.41367387772,3.10263085365,3.07416200638,3.28011655807,2.66772174835,2.80910611153,2.41206550598,1.2320330143,0.441372483969,0.132680281997,0.0647768601775,0.0187905430794,0.00322992680594,0.000358900811989,0.0000923786064959],"median":[1.10050630569,4.43037843704,3.86644601822,6.37599897385,11.0927181244,10.9460296631,12.0628213882,13.8213281631,11.9999599457,14.8885803223,12.8950462341,11.806593895,9.83008766174,11.0606460571,16.1919841766,11.338098526,10.3018417358,8.65406036377,7.57228899002,6.76313304901,6.5401930809,4.49352264404,4.82304668427,3.05542135239,1.93506157398,0.93828868866,0.598295867443,0.429634302855,0.357621699572,0.209336638451,0.142456263304,0.0862131938338,0.0429870076478,0.0199165288359,0.00693788053468,0.00251421704888,0.000656748074107,0.000129531428684,0.0000533835300303,0.000072730530519],"min":[5.43410431767e-23,3.5433110032e-22,1.42199566953e-21,3.89196960039e-21,2.75172535979e-21,1.68128175352e-20,2.98199030878e-20,5.66409081012e-20,1.22712735011e-19,2.15240124355e-19,1.29903118808e-19,3.63315819609e-19,4.90870792378e-19,5.2049011386e-19,9.99944211122e-19,1.18226608846e-18,1.68622649705e-18,2.56583195567e-18,2.03797533316e-18,3.36098454849e-18,4.03079115438e-18,4.43589913706e-18,5.22257809169e-18,5.19817915875e-18,6.88284497278e-18,8.85577495848e-18,7.92632504371e-18,8.46845342691e-18,1.07254934832e-17,1.2501622312e-17,9.7838401729e-18,1.03532886774e-17,1.01326399033e-17,7.9330880724e-18,5.14392520956e-18,3.84702470949e-18,2.15893167939e-18,9.23143386379e-19,2.52565357027e-19,2.58218920025e-20],"var":[2.04224514961,48.0103797913,61.5858573914,169.7762146,317.466247559,458.462402344,1099.73266602,1564.76525879,2371.0703125,8078.23876953,3524.55419922,3104.57177734,2737.38818359,2231.24047852,3339.38208008,1328.06835938,3380.52148438,2839.67626953,2853.67407227,2557.70556641,840.948852539,745.993530273,272.188751221,349.934967041,134.922698975,86.6241607666,121.776351929,153.734085083,245.277420044,165.064254761,223.078033447,181.705993652,49.3838920593,6.08810901642,0.55384093523,0.159419879317,0.0129927517846,0.000303955603158,0.00000225076337301,1.06497681784e-8]},"erbbands_crest":{"dmean":2.22828793526,"dmean2":3.62924647331,"dvar":4.46972894669,"dvar2":11.7049341202,"max":28.833272934,"mean":8.65023994446,"median":7.76520586014,"min":2.47422552109,"var":14.3415470123},"erbbands_flatness_db":{"dmean":0.0171653777361,"dmean2":0.0260365735739,"dvar":0.000434184330516,"dvar2":0.00102562422398,"max":0.452617019415,"mean":0.1858612746,"median":0.185291185975,"min":0.0260893814266,"var":0.00325036700815},"erbbands_kurtosis":{"dmean":0.972501456738,"dmean2":1.56557023525,"dvar":3.90028643608,"dvar2":9.71221160889,"max":101.566078186,"mean":1.03415119648,"median":-0.0183263905346,"min":-1.8527456522,"var":22.4383163452},"erbbands_skewness":{"dmean":0.330760508776,"dmean2":0.521607995033,"dvar":0.0991561710835,"dvar2":0.233939051628,"max":8.77584934235,"mean":0.389211833477,"median":0.307466447353,"min":-3.01249647141,"var":0.728490531445},"erbbands_spread":{"dmean":5.83537864685,"dmean2":9.02632427216,"dvar":51.8444786072,"dvar2":108.513519287,"max":172.58581543,"mean":32.6381568909,"median":28.7164497375,"min":1.67782521248,"var":443.922851562},"gfcc":{"cov":[[26530.7753906,1059.44970703,-4173.17919922,596.426391602,-910.590820312,494.025268555,-731.336181641,385.484436035,-193.478500366,206.551925659,67.4533843994,207.164398193,-204.199081421],[1059.44970703,2126.13818359,-216.832321167,-356.865966797,265.358276367,-272.734375,215.486221313,-165.715423584,221.636245728,-133.656845093,157.187088013,-97.8845214844,106.091926575],[-4173.17919922,-216.832321167,1757.36987305,29.2786045074,208.653610229,-47.0142860413,117.562820435,-21.6484394073,-12.7546386719,-5.73334217072,-61.0645866394,7.62908887863,27.429353714],[596.426391602,-356.865966797,29.2786045074,390.651580811,-38.5654945374,50.4553947449,-59.6317520142,-11.2033452988,-23.5670948029,9.15218925476,-7.32901859283,11.7376375198,4.7788901329],[-910.590820312,265.358276367,208.653610229,-38.5654945374,386.675476074,-45.073841095,33.3441848755,-16.4280719757,20.9081859589,-31.6059036255,27.2543106079,1.72271084785,20.5019607544],[494.025268555,-272.734375,-47.0142860413,50.4553947449,-45.073841095,198.477249146,22.1228275299,30.2464199066,-28.1153678894,23.287103653,-21.2019748688,9.4493560791,-14.8153448105],[-731.336181641,215.486221313,117.562820435,-59.6317520142,33.3441848755,22.1228275299,216.133209229,-1.27312588692,45.502368927,-24.145362854,29.4909706116,-18.9472942352,16.7218399048],[385.484436035,-165.715423584,-21.6484394073,-11.2033452988,-16.4280719757,30.2464199066,-1.27312588692,133.072692871,8.23407745361,24.9905548096,-7.74119281769,14.2529478073,-21.7093372345],[-193.478500366,221.636245728,-12.7546386719,-23.5670948029,20.9081859589,-28.1153678894,45.502368927,8.23407745361,133.731964111,19.7169151306,27.2836933136,-28.5671405792,30.6485691071],[206.551925659,-133.656845093,-5.73334217072,9.15218925476,-31.6059036255,23.287103653,-24.145362854,24.9905548096,19.7169151306,82.2126083374,8.37697792053,5.61470413208,-4.33533906937],[67.4533843994,157.187088013,-61.0645866394,-7.32901859283,27.2543106079,-21.2019748688,29.4909706116,-7.74119281769,27.2836933136,8.37697792053,90.7064819336,17.4752826691,14.700501442],[207.164398193,-97.8845214844,7.62908887863,11.7376375198,1.72271084785,9.4493560791,-18.9472942352,14.2529478073,-28.5671405792,5.61470413208,17.4752826691,71.5977478027,10.8463153839],[-204.199081421,106.091926575,27.429353714,4.7788901329,20.5019607544,-14.8153448105,16.7218399048,-21.7093372345,30.6485691071,-4.33533906937,14.700501442,10.8463153839,77.7351455688]],"icov":[[0.000220812406042,-0.000748187361751,0.000346039771102,-0.000738086760975,0.000396971707232,-0.000754693348426,0.000620026781689,-0.00098266848363,0.000761443458032,-0.000975371978711,0.000692909292411,-0.000995713402517,0.000521374109667],[-0.000748187361751,0.0038810565602,-0.000948853325099,0.00334941386245,-0.00179442460649,0.00342276855372,-0.00256342440844,0.00435359682888,-0.0038953430485,0.00490676565096,-0.00374316214584,0.00439781043679,-0.0023367148824],[0.000346039771102,-0.000948853325099,0.00129833130632,-0.00120471534319,0.000129726686282,-0.000638290366624,0.000199558620807,-0.00124774000142,0.00122350745369,-0.00184971780982,0.0018523351755,-0.00176419236232,0.000582974113058],[-0.000738086760975,0.00334941386245,-0.00120471534319,0.005899714306,-0.00133608980104,0.00205100304447,-0.00125548383221,0.00425217300653,-0.00335994781926,0.00457797246054,-0.00372046581469,0.00405014585704,-0.00252831727266],[0.000396971707232,-0.00179442460649,0.000129726686282,-0.00133608980104,0.00392797403038,-0.00150653638411,0.0015107775107,-0.00215152581222,0.00139719934668,-0.000920858932659,0.000513079110533,-0.00209182756953,0.000871824740898],[-0.000754693348426,0.00342276855372,-0.000638290366624,0.00205100304447,-0.00150653638411,0.00980787910521,-0.00469083897769,0.0031261453405,-0.00167173717637,0.00169160182122,-0.00106285547372,0.00322071579285,-0.00190091284458],[0.000620026781689,-0.00256342440844,0.000199558620807,-0.00125548383221,0.0015107775107,-0.00469083897769,0.00886821839958,-0.00352450902574,0.000574759033043,0.000100382349046,-0.000839512678795,-0.00121660274453,0.00105707894545],[-0.00098266848363,0.00435359682888,-0.00124774000142,0.00425217300653,-0.00215152581222,0.0031261453405,-0.00352450902574,0.0144471544772,-0.00653894618154,0.00357176782563,-0.00233234697953,0.00165091920644,0.00059994525509],[0.000761443458032,-0.0038953430485,0.00122350745369,-0.00335994781926,0.00139719934668,-0.00167173717637,0.000574759033043,-0.00653894618154,0.0163717065006,-0.00895749032497,0.00119744858239,0.00192878185771,-0.00299554341473],[-0.000975371978711,0.00490676565096,-0.00184971780982,0.00457797246054,-0.000920858932659,0.00169160182122,0.000100382349046,0.00357176782563,-0.00895749032497,0.0225731022656,-0.00775748910382,0.00490943156183,-0.00177384517156],[0.000692909292411,-0.00374316214584,0.0018523351755,-0.00372046581469,0.000513079110533,-0.00106285547372,-0.000839512678795,-0.00233234697953,0.00119744858239,-0.00775748910382,0.0195639114827,-0.0104140490294,0.00254381983541],[-0.000995713402517,0.00439781043679,-0.00176419236232,0.00405014585704,-0.00209182756953,0.00322071579285,-0.00121660274453,0.00165091920644,0.00192878185771,0.00490943156183,-0.0104140490294,0.0255640540272,-0.00844004470855],[0.000521374109667,-0.0023367148824,0.000582974113058,-0.00252831727266,0.000871824740898,-0.00190091284458,0.00105707894545,0.00059994525509,-0.00299554341473,-0.00177384517156,0.00254381983541,-0.00844004470855,0.0184992365539]],"mean":[-47.440071106,150.452560425,-94.6011886597,30.3602313995,-34.0674629211,11.2842359543,-24.0859508514,3.9862203598,-9.95390415192,-2.17581248283,-3.47312736511,-0.178969144821,-4.3495721817]},"hfc":{"dmean":4.67200756073,"dmean2":7.14496231079,"dvar":60.7952651978,"dvar2":124.614395142,"max":265.71673584,"mean":18.167345047,"median":13.5602474213,"min":1.01315774726e-16,"var":281.884094238},"melbands":{"dmean":[0.00716379657388,0.00336138810962,0.00128824997228,0.000660470162984,0.00040493439883,0.000290435738862,0.000205136835575,0.000228459161008,0.000111172659672,0.00008856223576,0.0000544330723642,0.0000480821690871,0.0000576254933549,0.0000423220262746,0.0000274856829492,0.0000312302981911,0.0000223596107389,0.000019529261408,0.0000188160029211,0.0000131671185954,0.00000883708798938,0.00000747122703615,0.00000518029128216,0.00000356064401785,0.00000360658373211,0.00000265097219199,0.00000159649960096,0.00000107083019429,9.54726601776e-7,9.57453153205e-7,8.94920958672e-7,0.00000101513467143,7.9807750808e-7,7.89403998169e-7,8.47967783102e-7,9.38301241149e-7,8.54365737268e-7,5.92199967286e-7,4.13606670691e-7,2.13333393617e-7],"dmean2":[0.0113114947453,0.0054642339237,0.00215257727541,0.00110475975089,0.000656904128846,0.000473754713312,0.000329442642396,0.000355245720129,0.00017388931883,0.000136931412271,0.000085403517005,0.0000751534316805,0.0000917130819289,0.000068135530455,0.0000427112645411,0.0000509880810569,0.0000354178737325,0.0000311684307235,0.0000300356368825,0.0000213171406358,0.0000143282250065,0.0000118777252283,0.00000824698690849,0.0000055483401411,0.00000562410923521,0.00000412579538533,0.00000250862535722,0.0000017008372879,0.00000146517288613,0.000001439520247,0.0000013750253629,0.0000015545227825,0.0000012090497421,0.00000117757440421,0.0000012421462543,0.00000139776420838,0.00000126492500385,8.68960967182e-7,6.26152200311e-7,3.253990144e-7],"dvar":[0.0000772181301727,0.0000198168854695,0.00000350588811671,8.43914449433e-7,5.07870936417e-7,3.08342549715e-7,1.87314938671e-7,3.95477769644e-7,9.34517672135e-8,6.45359818918e-8,2.92298079074e-8,1.39085027939e-8,1.47496255209e-8,6.57411858285e-9,5.18298648444e-9,6.4519709575e-9,4.3701144925e-9,2.92975355087e-9,2.97577029684e-9,9.67899427273e-10,5.42992095731e-10,4.86664319954e-10,1.65596661383e-10,5.61246223107e-11,8.034704152e-11,4.80296566407e-11,2.67587896285e-11,1.64350408283e-11,1.54562092292e-11,2.13150799094e-11,1.75223672377e-11,3.09976974644e-11,1.82115607317e-11,1.72938312976e-11,2.62445794263e-11,3.94629502687e-11,3.05415380486e-11,1.5513968582e-11,9.18239009134e-12,2.20287937197e-12],"dvar2":[0.000187795929378,0.0000501564281876,0.00000943185659708,0.00000226209158427,0.0000013218143522,8.89787429514e-7,5.27124257133e-7,9.77852778306e-7,2.48582324502e-7,1.67322994571e-7,7.17354708968e-8,3.17627453228e-8,3.41152279759e-8,1.6203070885e-8,1.12914460004e-8,1.67158038522e-8,1.07268736116e-8,6.97966351382e-9,7.38628802566e-9,2.34097652374e-9,1.36249156402e-9,1.22433208016e-9,3.98232363752e-10,1.35520497602e-10,1.78747544544e-10,1.16388225446e-10,6.57662674319e-11,3.87708476435e-11,3.487262909e-11,4.75000871969e-11,3.73177912183e-11,6.85334983208e-11,3.98200465657e-11,3.50725490317e-11,5.40738218091e-11,7.96558929927e-11,6.78859538028e-11,3.29903326879e-11,2.16300553857e-11,5.390197403e-12],"max":[0.0991964563727,0.0475351512432,0.0304951444268,0.0113443220034,0.0151663925499,0.00994072575122,0.0113061983138,0.022894801572,0.0144282840192,0.0122568821535,0.00653765071183,0.00359325390309,0.00351842446253,0.00184995005839,0.00267521454953,0.00373007683083,0.00295605883002,0.00141189596616,0.00163064256776,0.000692517147399,0.00088004762074,0.000662642472889,0.00042375663179,0.000188290461665,0.000334346899763,0.000181405746844,0.000178978225449,0.000133183799335,0.00015422370052,0.000230981706409,0.000142544100527,0.000282803724986,0.000150597188622,0.000201156348339,0.000233645681874,0.000287135335384,0.000235187690123,0.000130397631438,0.000113541107567,0.0000687379942974],"mean":[0.0113567449152,0.00511418795213,0.00208146125078,0.00120456458535,0.000795617001131,0.000578497943934,0.000422133220127,0.000451664760476,0.000217512308154,0.000169809092768,0.0001038983537,0.0000907801004359,0.000106438732473,0.0000779051842983,0.000056862609199,0.0000570867414353,0.0000405468599638,0.0000384541672247,0.0000359690893674,0.00002477794078,0.0000170322637132,0.0000143480474435,0.0000104616674435,0.00000761694400353,0.00000734000423108,0.00000536021798325,0.00000307668960886,0.000002102128974,0.00000192135689758,0.00000190563901015,0.00000169522161286,0.00000191685717255,0.00000150110133745,0.00000151494498368,0.00000155297141191,0.00000169773272773,0.00000139762846629,9.2777855798e-7,5.88370312471e-7,2.95835519637e-7],"median":[0.00852550845593,0.00356252980419,0.00138746993616,0.0008610674995,0.000465519930003,0.000303493288811,0.000183800526429,0.00016337732086,0.000088598811999,0.0000743749696994,0.0000442192249466,0.0000400365024689,0.0000519985878782,0.0000390798959415,0.0000200321283046,0.0000210153793887,0.0000131851729748,0.0000110691862574,0.0000088669694378,0.00000856025326357,0.00000624776612312,0.00000409112271882,0.00000422859056926,0.00000344416093867,0.00000214355668504,0.00000162272806392,8.04888088624e-7,5.14662474416e-7,4.08694830867e-7,2.45175783675e-7,2.22150035256e-7,2.17327169594e-7,1.33002416192e-7,1.00433119599e-7,8.0359100707e-8,6.45603321914e-8,4.31778417465e-8,2.94915558641e-8,2.19882387853e-8,1.38742954903e-8],"min":[8.20624093747e-25,4.51209505125e-25,9.00012787273e-25,6.83258511726e-25,8.74639865118e-25,1.38749737087e-24,2.14696502294e-24,2.41777525246e-24,1.20134503129e-24,1.58966802417e-24,2.23813584712e-24,1.53601138172e-24,2.4100457961e-24,2.50825227348e-24,3.41542022638e-24,2.62458480231e-24,4.16536228441e-24,1.99602358847e-24,4.04299773067e-24,3.13840245039e-24,3.12097217426e-24,4.02357439746e-24,2.47672505297e-24,4.29247499194e-24,2.97410777017e-24,4.85494662243e-24,4.49700532542e-24,5.45489585123e-24,4.65031137045e-24,3.78332523105e-24,4.95517652803e-24,4.51091175989e-24,4.49675407322e-24,6.41961081274e-24,4.73707778699e-24,5.51201569166e-24,5.44093459093e-24,6.34164453403e-24,6.75840014469e-24,6.50197735757e-24],"var":[0.000123857011204,0.0000267754476226,0.00000511226562594,0.00000146400975609,0.00000125146459595,7.12581027074e-7,5.27854865595e-7,0.00000109937025172,2.31231126691e-7,1.36633246939e-7,6.98885216366e-8,3.45223405418e-8,3.58645841914e-8,1.68086415897e-8,2.07437018673e-8,1.85946440467e-8,1.05631405845e-8,8.90934082065e-9,8.90551010713e-9,2.61586574624e-9,1.10594833291e-9,9.95863280728e-10,3.42435052536e-10,1.53014906301e-10,2.80468342995e-10,1.26931229416e-10,5.58076813928e-11,4.00408387002e-11,4.61155592879e-11,5.69750913115e-11,5.06569647341e-11,8.44307748715e-11,5.48133864686e-11,5.6926990899e-11,6.87494020046e-11,9.50962711355e-11,6.56711213187e-11,2.95699575936e-11,1.27511196046e-11,2.71572499731e-12]},"melbands_crest":{"dmean":4.13537454605,"dmean2":6.56124353409,"dvar":12.5197458267,"dvar2":30.1138954163,"max":35.9201660156,"mean":18.845123291,"median":18.6421985626,"min":1.55426383018,"var":42.7097587585},"melbands_flatness_db":{"dmean":0.0358344614506,"dmean2":0.0555101335049,"dvar":0.00130118837114,"dvar2":0.0031475930009,"max":0.835939347744,"mean":0.327485591173,"median":0.311050236225,"min":0.00343398377299,"var":0.0140319913626},"melbands_kurtosis":{"dmean":11.3047580719,"dmean2":17.9455165863,"dvar":336.665039062,"dvar2":831.664855957,"max":822.137207031,"mean":24.3390159607,"median":13.056183815,"min":-1.52608978748,"var":2063.27368164},"melbands_skewness":{"dmean":0.914478242397,"dmean2":1.43025398254,"dvar":0.820844709873,"dvar2":1.95694732666,"max":24.0285758972,"mean":3.43099665642,"median":3.05068302155,"min":-0.438876360655,"var":4.59913682938},"melbands_spread":{"dmean":3.651501894,"dmean2":5.75677776337,"dvar":26.9955482483,"dvar2":62.1704063416,"max":155.842468262,"mean":11.3687887192,"median":8.04845619202,"min":0.177707716823,"var":211.425827026},"mfcc":{"cov":[[13627.2460938,286.765319824,-1697.27246094,-244.782180786,-256.825469971,-50.7603416443,-206.522415161,73.5646438599,-209.228485107,82.3888702393,17.3624210358,38.6572227478,58.7630462646],[286.765319824,2538.69873047,-201.980819702,36.093837738,34.1065864563,-56.368976593,-8.83438968658,25.0223083496,23.7083683014,-38.4215431213,61.7954216003,28.4102859497,47.2463874817],[-1697.27246094,-201.980819702,1045.75463867,172.867111206,85.2734680176,52.199962616,61.0219764709,-3.84444069862,68.5458984375,-1.07381772995,-22.829782486,2.51705932617,-2.67490029335],[-244.782180786,36.093837738,172.867111206,309.065002441,115.665527344,17.7813549042,8.6385717392,5.98801469803,-0.44198256731,-7.16539859772,-11.571814537,-1.52981972694,16.9357700348],[-256.825469971,34.1065864563,85.2734680176,115.665527344,305.408752441,20.7882289886,17.1996269226,-6.09804821014,2.19125699997,-19.0711708069,-5.78087091446,-16.0979404449,11.9377336502],[-50.7603416443,-56.368976593,52.199962616,17.7813549042,20.7882289886,160.712203979,43.2524909973,6.82162952423,13.1628131866,7.99228382111,-8.74128437042,8.78784751892,-17.0365390778],[-206.522415161,-8.83438968658,61.0219764709,8.6385717392,17.1996269226,43.2524909973,138.432617188,51.1260871887,4.76207399368,-16.9735469818,14.6642942429,11.872543335,-8.27649116516],[73.5646438599,25.0223083496,-3.84444069862,5.98801469803,-6.09804821014,6.82162952423,51.1260871887,107.69140625,17.3366394043,0.835696220398,11.39798069,10.447019577,3.65089178085],[-209.228485107,23.7083683014,68.5458984375,-0.44198256731,2.19125699997,13.1628131866,4.76207399368,17.3366394043,98.5972976685,35.2785186768,4.92261266708,-2.09441375732,3.65598773956],[82.3888702393,-38.4215431213,-1.07381772995,-7.16539859772,-19.0711708069,7.99228382111,-16.9735469818,0.835696220398,35.2785186768,97.1970672607,26.343837738,3.41416406631,-2.30916309357],[17.3624210358,61.7954216003,-22.829782486,-11.571814537,-5.78087091446,-8.74128437042,14.6642942429,11.39798069,4.92261266708,26.343837738,82.6177597046,20.7118625641,-8.06453037262],[38.6572227478,28.4102859497,2.51705932617,-1.52981972694,-16.0979404449,8.78784751892,11.872543335,10.447019577,-2.09441375732,3.41416406631,20.7118625641,71.6129989624,21.3819999695],[58.7630462646,47.2463874817,-2.67490029335,16.9357700348,11.9377336502,-17.0365390778,-8.27649116516,3.65089178085,3.65598773956,-2.30916309357,-8.06453037262,21.3819999695,75.512588501]],"icov":[[0.0000976986702881,-0.00000278694847111,0.000140735079185,-0.00000846327293402,0.0000336899065587,-0.0000582298453082,0.0001217297322,-0.000141021999298,0.000181507333764,-0.000127211998915,0.0000420312026108,-0.0000222516355279,-0.0000675923656672],[-0.00000278694847111,0.000429542269558,0.0000991318520391,-0.000099840661278,-0.0000246048530244,0.0000748235106585,0.000067802524427,-0.0000263743222604,-0.000296044978313,0.000386416475521,-0.000428178464063,-0.0000338229147019,-0.000221205627895],[0.000140735079185,0.0000991318520391,0.0014014741173,-0.00066633161623,-0.00000323759718412,-0.0000976716764853,-0.000408694846556,0.000277639453998,-0.000750101986341,0.0000133832745632,0.000337374745868,-0.000291186996037,0.000103011538158],[-0.00000846327293402,-0.000099840661278,-0.00066633161623,0.00420074770227,-0.00140149751678,-0.000277704035398,0.000346416374668,-0.000592826283537,0.000762609182857,-0.000305121939164,0.000345100357663,0.0000498711087857,-0.000694661983289],[0.0000336899065587,-0.0000246048530244,-0.00000323759718412,-0.00140149751678,0.00405055005103,-0.000510553945787,-0.000391268229578,0.000503227871377,-0.000209660705877,0.00079894438386,-0.000625876418781,0.00134127668571,-0.000931416056119],[-0.0000582298453082,0.0000748235106585,-0.0000976716764853,-0.000277704035398,-0.000510553945787,0.00767633365467,-0.00272228126414,0.00084333011182,-0.000875506957527,-0.00132077408489,0.00224914471619,-0.0020445662085,0.00235189707018],[0.0001217297322,0.000067802524427,-0.000408694846556,0.000346416374668,-0.000391268229578,-0.00272228126414,0.010939986445,-0.00498257763684,0.000412686844356,0.00256874226034,-0.0023638275452,-0.000521039008163,0.000611977942754],[-0.000141021999298,-0.0000263743222604,0.000277639453998,-0.000592826283537,0.000503227871377,0.00084333011182,-0.00498257763684,0.0123157324269,-0.00258064456284,0.000186031058547,-0.000418600917328,-0.000719056697562,-0.000472273677588],[0.000181507333764,-0.000296044978313,-0.000750101986341,0.000762609182857,-0.000209660705877,-0.000875506957527,0.000412686844356,-0.00258064456284,0.0136142130941,-0.00530328368768,0.000702651683241,0.00125103897881,-0.00124851870351],[-0.000127211998915,0.000386416475521,0.0000133832745632,-0.000305121939164,0.00079894438386,-0.00132077408489,0.00256874226034,0.000186031058547,-0.00530328368768,0.0145940687507,-0.00537472544238,0.00057837908389,-0.000260338914813],[0.0000420312026108,-0.000428178464063,0.000337374745868,0.000345100357663,-0.000625876418781,0.00224914471619,-0.0023638275452,-0.000418600917328,0.000702651683241,-0.00537472544238,0.0166216809303,-0.00544293550774,0.00365525879897],[-0.0000222516355279,-0.0000338229147019,-0.000291186996037,0.0000498711087857,0.00134127668571,-0.0020445662085,-0.000521039008163,-0.000719056697562,0.00125103897881,0.00057837908389,-0.00544293550774,0.0182603914291,-0.00647343508899],[-0.0000675923656672,-0.000221205627895,0.000103011538158,-0.000694661983289,-0.000931416056119,0.00235189707018,0.000611977942754,-0.000472273677588,-0.00124851870351,-0.000260338914813,0.00365525879897,-0.00647343508899,0.0166369080544]],"mean":[-686.320983887,176.331420898,7.34537696838,30.4929771423,14.7035551071,12.383061409,3.66934037209,9.79560470581,0.419966012239,3.02968335152,3.00988698006,3.5587515831,2.88397955894]},"pitch_salience":{"dmean":0.0939493179321,"dmean2":0.151982694864,"dvar":0.00658720778301,"dvar2":0.0167506877333,"max":0.912310898304,"mean":0.47368273139,"median":0.4771476686,"min":0.103521563113,"var":0.0178513601422},"silence_rate_20dB":{"dmean":0,"dmean2":0,"dvar":0,"dvar2":0,"max":1,"mean":1,"median":1,"min":1,"var":0},"silence_rate_30dB":{"dmean":0.138826772571,"dmean2":0.277677416801,"dvar":0.119553893805,"dvar2":0.252357602119,"max":1,"mean":0.846134006977,"median":1,"min":0,"var":0.130191251636},"silence_rate_60dB":{"dmean":0.00137622572947,"dmean2":0.00275268824771,"dvar":0.00137433165219,"dvar2":0.00326123996638,"max":1,"mean":0.051173992455,"median":0,"min":0,"var":0.048555213958},"spectral_centroid":{"dmean":142.31111145,"dmean2":220.661697388,"dvar":51192.5078125,"dvar2":91531.796875,"max":11789.4492188,"mean":848.41015625,"median":639.252868652,"min":101.335067749,"var":1195076.625},"spectral_complexity":{"dmean":2.33597111702,"dmean2":3.78374195099,"dvar":6.25595188141,"dvar2":13.522608757,"max":52,"mean":16.6713676453,"median":17,"min":0,"var":58.5543403625},"spectral_contrast_coeffs":{"dmean":[0.0489758625627,0.0439215824008,0.0370630249381,0.0316935032606,0.0234352611005,0.0161881782115],"dmean2":[0.0819664895535,0.0721211433411,0.060430303216,0.0515389218926,0.0378898493946,0.025144059211],"dvar":[0.00152389588766,0.00129864993505,0.000991861452349,0.000794653082266,0.000558201572858,0.000262264511548],"dvar2":[0.00429015839472,0.00355573557317,0.00259625678882,0.00201688753441,0.00135068199597,0.000582791049965],"max":[-0.409835994244,-0.407906889915,-0.450405538082,-0.459406405687,-0.518380820751,-0.585023701191],"mean":[-0.689204216003,-0.720149517059,-0.761487662792,-0.763138055801,-0.769835948944,-0.771325528622],"median":[-0.689871668816,-0.725797057152,-0.766105234623,-0.763223528862,-0.768736541271,-0.76615190506],"min":[-0.978986382484,-0.976478815079,-0.975497841835,-0.976159393787,-0.967644572258,-0.964915931225],"var":[0.0050121229142,0.00624505802989,0.00535504426807,0.00526791298762,0.00447222078219,0.00282365246676]},"spectral_contrast_valleys":{"dmean":[0.367517411709,0.329181522131,0.340643048286,0.331256061792,0.289204925299,0.30374494195],"dmean2":[0.599300801754,0.538922488689,0.554243922234,0.535323381424,0.459351807833,0.431152671576],"dvar":[0.112163998187,0.103639543056,0.152868106961,0.188359260559,0.1790368855,0.185225322843],"dvar2":[0.25747063756,0.230716899037,0.351288169622,0.432370424271,0.403038978577,0.365051031113],"max":[-4.6821064949,-4.81171178818,-5.06665229797,-5.79289293289,-5.60066509247,-7.19879627228],"mean":[-6.49561977386,-6.84135198593,-7.66830921173,-8.30746936798,-8.72435760498,-11.5223970413],"median":[-6.06735038757,-6.40856552124,-7.16968727112,-7.80062103271,-8.33395767212,-11.3354034424],"min":[-28.2142448425,-27.9201374054,-27.9516067505,-27.8366413116,-27.6193561554,-27.4434928894],"var":[5.25903654099,5.44863939285,5.42715644836,5.37249755859,5.0118522644,4.0416226387]},"spectral_decrease":{"dmean":7.1235488619e-9,"dmean2":1.11966089733e-8,"dvar":6.55894470227e-17,"dvar2":1.57092424464e-16,"max":2.14661046039e-28,"mean":-1.69335621081e-8,"median":-1.52480090776e-8,"min":-9.42679179161e-8,"var":1.28956001659e-16},"spectral_energy":{"dmean":0.0271229092032,"dmean2":0.042646035552,"dvar":0.000946570886299,"dvar2":0.00226522050798,"max":0.35823777318,"mean":0.0655590295792,"median":0.0594132356346,"min":9.8707462496e-21,"var":0.00188708817586},"spectral_energyband_high":{"dmean":0.00018113203987,"dmean2":0.000252425816143,"dvar":7.61819535455e-7,"dvar2":0.00000136143171403,"max":0.029714345932,"mean":0.000432112108683,"median":0.0000515453539265,"min":7.00047960724e-21,"var":0.00000300447595691},"spectral_energyband_low":{"dmean":0.025344543159,"dmean2":0.0399415455759,"dvar":0.000905581808183,"dvar2":0.00219379435293,"max":0.344995856285,"mean":0.0448750481009,"median":0.0362056717277,"min":1.08900899014e-23,"var":0.00152308447286},"spectral_energyband_middle_high":{"dmean":0.00127723976038,"dmean2":0.0019698869437,"dvar":0.00000443438739239,"dvar2":0.00000995234859147,"max":0.0496812239289,"mean":0.00427942723036,"median":0.00271591474302,"min":1.18637379711e-21,"var":0.0000237067415583},"spectral_energyband_middle_low":{"dmean":0.00631924346089,"dmean2":0.0104185789824,"dvar":0.0000616315737716,"dvar2":0.000166267549503,"max":0.117014728487,"mean":0.0179541036487,"median":0.0148752769455,"min":1.85684036246e-22,"var":0.000181178256753},"spectral_entropy":{"dmean":0.172150850296,"dmean2":0.272255927324,"dvar":0.0486613661051,"dvar2":0.118845410645,"max":9.82662296295,"mean":6.96316480637,"median":7.00771713257,"min":4.08315896988,"var":0.523197472095},"spectral_flux":{"dmean":0.042657982558,"dmean2":0.0688699185848,"dvar":0.00194797839504,"dvar2":0.00483233807608,"max":0.490002602339,"mean":0.116549819708,"median":0.110400989652,"min":6.23871579397e-11,"var":0.00412461580709},"spectral_kurtosis":{"dmean":5.69534444809,"dmean2":9.58512115479,"dvar":187.586212158,"dvar2":492.041625977,"max":311.022491455,"mean":14.7073440552,"median":8.75658988953,"min":-1.25164794922,"var":572.319702148},"spectral_rms":{"dmean":0.0015566975344,"dmean2":0.00240520457737,"dvar":0.00000235969400819,"dvar2":0.00000557218709218,"max":0.0186949260533,"mean":0.0074532488361,"median":0.00761341769248,"min":3.10322362425e-12,"var":0.00000840910524857},"spectral_rolloff":{"dmean":251.388015747,"dmean2":425.881378174,"dvar":446801.625,"dvar2":1085472.625,"max":19401.4160156,"mean":732.471496582,"median":366.064453125,"min":64.599609375,"var":3648595.25},"spectral_skewness":{"dmean":0.421940773726,"dmean2":0.697348713875,"dvar":0.49699473381,"dvar2":1.30481302738,"max":15.2936553955,"mean":2.51659607887,"median":2.19831705093,"min":-0.0900205746293,"var":2.52421307564},"spectral_spread":{"dmean":408599.25,"dmean2":610219.1875,"dvar":508383854592,"dvar2":870447185920,"max":42335540,"mean":3536042.5,"median":2793612.5,"min":357944.3125,"var":15887763505200},"spectral_strongpeak":{"dmean":0.304395914078,"dmean2":0.523137271404,"dvar":0.294106066227,"dvar2":0.793804526329,"max":8.34761428833,"mean":0.571764171124,"median":0.446532845497,"min":0,"var":0.397367924452},"zerocrossingrate":{"dmean":0.00589221809059,"dmean2":0.00732350489125,"dvar":0.0000868548959261,"dvar2":0.00011992688087,"max":0.52734375,"mean":0.0308156833053,"median":0.02099609375,"min":0.001953125,"var":0.00263997842558}},"metadata":{"audio_properties":{"analysis_sample_rate":44100,"bit_rate":0,"codec":"flac","downmix":"mix","equal_loudness":0,"length":269.946655273,"lossless":true,"md5_encoded":"c6d92ec5f3dc40313522df7d65ff355b","replay_gain":-12.0782089233},"tags":{"acoustid_id":["6caa52a8-7b91-43a5-b005-286276661cd0"],"album":["Delta Machine"],"albumartist":["Depeche Mode"],"albumartistsort":["Depeche Mode"],"artist":["Depeche Mode"],"artists":["Depeche Mode"],"artistsort":["Depeche Mode"],"asin":["B00B69UQJY"],"barcode":["887654606228"],"catalognumber":["88765 46062 2"],"date":["2013-03-26"],"discnumber":["1"],"disctotal":["1"],"file_name":"11 Alone.flac","isrc":["USQX91300024"],"label":["Columbia"],"language":["eng"],"media":["CD"],"mixer":["Flood"],"musicbrainz_albumartistid":["8538e728-ca0b-4321-b7e5-cff6565dd4c0"],"musicbrainz_albumid":["b15e399e-1e6d-472c-bd2e-e5f4bd7546f2"],"musicbrainz_artistid":["8538e728-ca0b-4321-b7e5-cff6565dd4c0"],"musicbrainz_recordingid":["51ebcaa3-b6c6-4a4a-8b60-277fa1a5d393"],"musicbrainz_releasegroupid":["b5d1452c-fd48-4313-a5b2-a4a287c54140"],"musicbrainz_releasetrackid":["519e299b-3149-3854-9257-6f703844df68"],"musicbrainz_workid":["fb4bfdd4-d939-45e0-ba12-9da105825bae"],"originaldate":["2013-03-22"],"performer":["Dave Gahan (lead vocals)"],"producer":["Ben Hillier"],"releasecountry":["US"],"releasestatus":["official"],"releasetype":["album"],"replaygain_album_gain":["-8.96 dB"],"replaygain_album_peak":["0.999969"],"replaygain_track_gain":["-8.61 dB"],"replaygain_track_peak":["0.988770"],"script":["Latn"],"title":["Alone"],"totaldiscs":["1"],"totaltracks":["13"],"tracknumber":["11"],"tracktotal":["13"],"work":["Alone"],"writer":["Martin L. Gore"]},"version":{"essentia":"2.1-beta1","essentia_build_sha":"ed039d7e5a6e3dec64cf0be7c36ef885fb432306","essentia_git_sha":"v2.1_beta1-7-ge0e83e8","extractor":"music 1.0"}},"rhythm":{"beats_count":555,"beats_loudness":{"dmean":0.0521296970546,"dmean2":0.10045