{"lowlevel":{"average_loudness":0.905265271664,"barkbands":{"dmean":[0.00524756545201,0.00991861708462,0.00325445015915,0.00154053559527,0.00168574939016,0.000882505613845,0.000647089385893,0.000588825030718,0.000618539808784,0.000505672825966,0.000360863748938,0.000504863739479,0.000558772415388,0.000261875276919,0.000260441127466,0.000242191672442,0.000244420138188,0.000226916774409,0.000270179967629,0.000164673983818,0.000150991545524,0.000121775527077,0.0000431092084909,0.00000253648227044,0.00000243221734308,0.00000973672558757,0.000182983494597],"dmean2":[0.00871359184384,0.0167984943837,0.00538578629494,0.00257822312415,0.00277398922481,0.0014339707559,0.00103265861981,0.000941222591791,0.00101439328864,0.000835334532894,0.000598907354288,0.000835577957332,0.00091375032207,0.000415129732573,0.000409718224546,0.000366293650586,0.000359710829798,0.000332830066327,0.000396011775592,0.000234844061197,0.000202610084671,0.00016538251657,0.0000620011487626,0.00000428781913797,0.00000410936036133,0.0000146737975228,0.000232847931329],"dvar":[0.000121353994473,0.00023242853058,0.0000299530802295,0.00000428030080002,0.00000657406553728,0.00000211912424675,0.00000130285548039,9.67828441389e-7,9.20601848975e-7,6.86826297169e-7,3.36663873668e-7,7.55950850362e-7,8.81765629401e-7,1.71722845721e-7,1.52699911382e-7,1.29293738382e-7,1.82821381145e-7,1.33105416467e-7,2.29377675964e-7,8.42892973196e-8,7.84680551646e-8,5.28390451393e-8,6.70789113144e-9,1.88936852275e-11,1.71070536209e-11,3.43032602323e-10,7.19912449654e-8],"dvar2":[0.000304617336951,0.000631831295323,0.0000725776189938,0.0000115968268801,0.0000163057447935,0.00000529311910213,0.00000311743542625,0.00000240418853537,0.00000236196115111,0.00000180118786375,8.72516579875e-7,0.00000208737787943,0.00000236940672949,4.32363464142e-7,3.6913945678e-7,2.97787750014e-7,3.71013271661e-7,2.96484984119e-7,5.49764990865e-7,1.78282007823e-7,1.450766689e-7,1.03675994012e-7,1.48950647372e-8,4.87498687252e-11,4.41618165647e-11,7.83079212585e-10,1.16617478341e-7],"max":[0.161769554019,0.205086231232,0.0813739597797,0.0287690535188,0.0371353290975,0.0307163931429,0.0268797073513,0.0157783348113,0.0125662181526,0.0152748823166,0.0125473942608,0.0230319742113,0.0202507767826,0.010207535699,0.00876627210528,0.00640527484939,0.0069843204692,0.00632794992998,0.0101979831234,0.00881578400731,0.0108298361301,0.00432727159932,0.00205309945159,0.0000707165308995,0.0000671384041198,0.000471732520964,0.00651709828526],"mean":[0.00557955214754,0.0139808189124,0.00399268558249,0.00226706662215,0.00250781769864,0.00131440139376,0.00105805043131,0.000901098828763,0.000956017465796,0.000800917565357,0.000564402900636,0.000911793205887,0.000980278477073,0.00043191248551,0.000466706551379,0.000430046231486,0.000384903745726,0.0003646556288,0.000399146811105,0.000261221808614,0.00026142745628,0.000190204315004,0.0000612403164268,0.00000239173277805,0.00000233651462622,0.000013349753317,0.000445717159892],"median":[0.00177031895146,0.00825585611165,0.00222442555241,0.00143236445729,0.00149473082274,0.000673731905408,0.000447150261607,0.000425079895649,0.000543807109352,0.000403619429562,0.000290749507258,0.000357696146239,0.000425675680162,0.000255158985965,0.000260617292952,0.000258039537584,0.000178087648237,0.000162920507137,0.000134119109134,0.000103069483885,0.0000993500216282,0.0000669957444188,0.000018772934709,8.33213334772e-7,8.45317970288e-7,0.00000539715210834,0.00028377698618],"min":[6.1520254466e-26,3.40861077904e-24,1.6684583667e-24,1.04678765565e-24,3.12037757036e-24,5.95939567152e-24,5.18212116084e-24,4.32186992142e-24,2.14689583984e-23,1.74932682523e-23,1.45743267085e-23,2.98876109814e-23,2.07329306634e-23,3.5245790908e-23,4.1149408197e-23,5.92713354819e-23,6.34104634081e-23,9.82955650221e-23,1.04326539171e-22,1.37238245277e-22,2.36534300497e-22,3.12007513686e-22,3.78114259492e-22,5.95459777216e-22,8.54204841464e-22,1.37311911002e-21,1.86621276208e-21],"var":[0.000134205096401,0.000297912745737,0.0000353061222995,0.00000670050894769,0.0000101342429843,0.00000347423383573,0.0000028103393106,0.00000158223315339,0.00000152662107666,0.00000130995567815,6.36715071778e-7,0.00000175499451416,0.00000206402364711,2.84285931684e-7,3.41878489962e-7,2.6879834536e-7,3.68633806147e-7,2.7867810104e-7,4.32235822245e-7,1.80264962069e-7,2.46554549221e-7,1.06273922995e-7,1.15921698907e-8,1.86161936561e-11,1.70294021939e-11,5.02239527744e-10,2.83008063207e-7]},"barkbands_crest":{"dmean":3.11063218117,"dmean2":5.20092535019,"dvar":7.15234613419,"dvar2":19.6328258514,"max":26.7760543823,"mean":10.8065404892,"median":9.71574211121,"min":2.2524356842,"var":26.7053508759},"barkbands_flatness_db":{"dmean":0.0275314021856,"dmean2":0.0433766841888,"dvar":0.000587910006288,"dvar2":0.00146269449033,"max":0.413617163897,"mean":0.135244578123,"median":0.12461002171,"min":0.0358595922589,"var":0.00304613891058},"barkbands_kurtosis":{"dmean":6.58144140244,"dmean2":10.582818985,"dvar":290.831481934,"dvar2":703.129272461,"max":692.624633789,"mean":10.833984375,"median":4.00737810135,"min":-1.70616900921,"var":826.243347168},"barkbands_skewness":{"dmean":0.766043186188,"dmean2":1.21858608723,"dvar":0.815981984138,"dvar2":2.09825444221,"max":18.6606960297,"mean":2.24492716789,"median":1.90120446682,"min":-3.71079540253,"var":3.10474133492},"barkbands_spread":{"dmean":7.02873039246,"dmean2":10.7120819092,"dvar":49.7140541077,"dvar2":109.306648254,"max":90.6725997925,"mean":24.7252178192,"median":22.9292392731,"min":0.242779657245,"var":205.481704712},"dissonance":{"dmean":0.0149530163035,"dmean2":0.0250992644578,"dvar":0.000512391561642,"dvar2":0.00129959161859,"max":0.500000059605,"mean":0.475812226534,"median":0.484351664782,"min":0,"var":0.00111525412649},"dynamic_complexity":3.70170807838,"erbbands":{"dmean":[0.457670807838,1.77423477173,3.39343333244,4.54453277588,6.43917179108,4.61179542542,5.89648246765,7.89253616333,7.25431966782,14.5128393173,11.0097455978,13.7059669495,15.5793209076,15.236369133,14.36277771,20.1191043854,25.7128047943,14.8251342773,12.5056304932,13.1160888672,12.1874666214,13.5356330872,12.4624319077,11.9121618271,13.5769128799,7.63656568527,6.49262619019,5.91932201385,4.50838708878,2.96027541161,0.62988370657,0.0648587569594,0.0406099297106,0.0274103172123,0.0172245558351,0.00981077179313,0.0103178098798,0.0483186505735,0.0202256478369,0.00410043122247],"dmean2":[0.78711771965,2.99510025978,5.60184812546,7.51797056198,10.8586139679,7.5168466568,9.77879047394,12.8276662827,11.7394247055,22.748003006,17.773607254,22.6238288879,25.4585418701,25.0783748627,23.6428375244,33.1829833984,41.8369483948,23.6388607025,19.3125267029,19.9873466492,17.9160823822,19.6174583435,17.9360408783,16.7546615601,20.3569812775,10.7880907059,8.84257507324,8.08817768097,6.18499946594,4.03714799881,0.913077771664,0.105807103217,0.0685036629438,0.0463158711791,0.029062114656,0.0164596345276,0.0151005238295,0.0629831403494,0.025162961334,0.005617340561],"dvar":[0.682542145252,6.28673791885,28.6190891266,38.0623016357,90.3098831177,65.0309906006,107.399345398,193.536056519,182.721405029,749.600463867,300.810577393,489.384521484,790.430236816,639.950805664,525.341430664,1157.49743652,2005.19958496,565.555114746,335.595977783,376.631744385,353.071014404,595.122131348,413.28237915,327.260498047,676.441101074,205.754592896,178.919754028,108.548088074,79.4349975586,24.4117889404,1.45176160336,0.0103030921891,0.00480847572908,0.00218962691724,0.000849273055792,0.000263819558313,0.000245198461926,0.00755295529962,0.00135996355675,0.0000298623035633],"dvar2":[1.86317813396,17.3557319641,67.8078536987,98.3451080322,233.846252441,154.771392822,275.747070312,483.628448486,438.528076172,1788.82556152,757.628295898,1257.69506836,2065.70458984,1586.37438965,1361.12329102,3209.73291016,5403.06591797,1442.47937012,770.303894043,865.118774414,795.137084961,1195.93103027,877.856628418,662.864074707,1741.26989746,441.223754883,353.122467041,203.629318237,153.062286377,48.6142959595,3.3110229969,0.0257643405348,0.0123953418806,0.00565135246143,0.00219162344001,0.000679312623106,0.000506731972564,0.0140433786437,0.00225944793783,0.000056117776694],"max":[12.4431991577,35.530418396,76.5373382568,85.8262481689,143.662841797,212.680999756,148.255111694,325.589599609,281.253387451,655.204467773,239.01852417,348.884185791,726.851989746,608.026855469,485.658416748,1012.13885498,966.061279297,578.259765625,404.060852051,330.688873291,436.194030762,406.834838867,348.639068604,312.228607178,564.881896973,496.102539062,560.564575195,241.166671753,191.63911438,95.9579315186,31.3093357086,1.59870672226,1.13055598736,0.761038005352,0.472314745188,0.261858999729,0.299222737551,1.56097126007,1.56285536289,0.129010975361],"mean":[0.546831607819,2.60942292213,4.61092853546,6.90155029297,9.16853427887,6.72236394882,7.98455142975,11.5232686996,11.635641098,23.0623245239,17.8422985077,20.8483543396,25.3296813965,25.5425109863,26.3785190582,39.2455558777,47.127872467,26.2995586395,22.8717346191,24.5965156555,22.4570083618,22.2354183197,20.6879653931,18.9755153656,19.3104972839,12.2895174026,11.1039810181,9.84320354462,7.16221904755,4.46082353592,0.906364500523,0.0765321925282,0.039593860507,0.026324890554,0.0167786478996,0.0100784767419,0.0155746154487,0.0759558603168,0.0389602854848,0.0141343250871],"median":[0.259930878878,1.55022513866,2.80867791176,4.50675821304,5.28857326508,3.85623669624,4.36658191681,5.38904714584,5.62096881866,9.07271194458,10.0478086472,12.1729803085,12.6564378738,13.5647468567,12.894329071,16.0616569519,20.0743713379,16.1120452881,13.4217100143,14.7412796021,13.5177946091,10.5407066345,9.11565589905,7.48499488831,6.45111322403,4.88159370422,4.2679271698,3.69307541847,2.55578923225,1.51975107193,0.310166716576,0.0376730561256,0.014889055863,0.00948294717818,0.00624822312966,0.00416407361627,0.0078592877835,0.0283293966204,0.0176046397537,0.00858859624714],"min":[1.23098197541e-22,7.49402259447e-22,3.11514078035e-21,4.23244610702e-21,4.61329250106e-21,7.56600053538e-21,4.5467614112e-20,7.11087235298e-20,9.42477311481e-20,8.97469315752e-20,1.84740462981e-19,5.29181507352e-19,6.39929048952e-19,7.3549581006e-19,9.68811304215e-19,1.11701053372e-18,9.38750216586e-19,1.86531585595e-18,2.70880454108e-18,3.03182870324e-18,4.3707168912e-18,3.84300585249e-18,5.88270213491e-18,5.18659201273e-18,7.10908879648e-18,6.88920309656e-18,8.33072785492e-18,1.06287232777e-17,1.10772115069e-17,9.57935533521e-18,1.11663029948e-17,1.00868629011e-17,8.20509566349e-18,7.63686311452e-18,6.28524627129e-18,4.43541482281e-18,2.5838357485e-18,9.90188029388e-19,2.58839883865e-19,2.64856075088e-20],"var":[0.694705426693,9.83182430267,37.2577209473,58.4289550781,140.132156372,98.7214736938,128.211395264,313.912384033,348.918609619,1555.49975586,508.061401367,725.846435547,1429.85290527,1291.01428223,1236.09423828,3032.13476562,4782.91503906,974.388977051,742.038391113,859.545715332,740.393981934,1221.23535156,918.679748535,779.185058594,1072.12438965,423.79006958,505.311676025,299.185974121,161.795227051,48.787361145,2.40290546417,0.0121519574896,0.0047782077454,0.00217133434489,0.000851807883009,0.000273227604339,0.000455103669083,0.0154791306704,0.00441650860012,0.000200314752874]},"erbbands_crest":{"dmean":2.15134763718,"dmean2":3.48488855362,"dvar":4.76520109177,"dvar2":11.5314397812,"max":32.1510162354,"mean":7.44294214249,"median":5.96387815475,"min":2.15317392349,"var":23.9078655243},"erbbands_flatness_db":{"dmean":0.0186508093029,"dmean2":0.0286326762289,"dvar":0.000261070468696,"dvar2":0.000615097116679,"max":0.464665472507,"mean":0.139715611935,"median":0.132430374622,"min":0.0375586003065,"var":0.00189412140753},"erbbands_kurtosis":{"dmean":1.58853721619,"dmean2":2.34374499321,"dvar":47.1573867798,"dvar2":95.6229324341,"max":233.084732056,"mean":2.54268550873,"median":-0.150115966797,"min":-1.78760278225,"var":258.95980835},"erbbands_skewness":{"dmean":0.34653699398,"dmean2":0.522518277168,"dvar":0.150289192796,"dvar2":0.318675786257,"max":10.9297552109,"mean":0.119411796331,"median":-0.0802517458797,"min":-3.16462922096,"var":1.79365634918},"erbbands_spread":{"dmean":7.11598777771,"dmean2":10.9931688309,"dvar":42.9011459351,"dvar2":102.842315674,"max":111.153968811,"mean":35.3818397522,"median":34.9808731079,"min":0.404487520456,"var":203.570297241},"gfcc":{"cov":[[31529.6503906,2031.19543457,-2073.56152344,1246.15771484,790.59942627,-335.525115967,622.280822754,-1317.12756348,-321.920043945,-464.997894287,-244.449081421,441.763458252,-261.743377686],[2031.19543457,746.240112305,-75.2741546631,-82.3976211548,127.901062012,-33.8331756592,37.2768325806,-117.533622742,-16.9411678314,-39.4681587219,6.89910268784,-30.8529949188,40.421333313],[-2073.56152344,-75.2741546631,452.484832764,6.2924823761,-65.9399719238,178.711532593,-150.165084839,160.15083313,-41.7461738586,59.5359954834,42.0217857361,-29.1065006256,51.4954223633],[1246.15771484,-82.3976211548,6.2924823761,465.302154541,171.070785522,-0.390480816364,111.330924988,-98.0973815918,-11.7664632797,-35.6852684021,-42.6654396057,102.137069702,-49.4599952698],[790.59942627,127.901062012,-65.9399719238,171.070785522,255.589782715,10.6895427704,89.5287017822,-102.865341187,-30.4084606171,-43.7929878235,-10.9309558868,34.5649757385,11.8963308334],[-335.525115967,-33.8331756592,178.711532593,-0.390480816364,10.6895427704,221.429244995,-90.8214111328,82.5855331421,-62.557182312,28.7761878967,25.8747882843,-13.6470279694,49.1010284424],[622.280822754,37.2768325806,-150.165084839,111.330924988,89.5287017822,-90.8214111328,217.504714966,-97.9286117554,65.9732894897,-32.6555709839,-24.3512039185,61.6719970703,-55.4322013855],[-1317.12756348,-117.533622742,160.15083313,-98.0973815918,-102.865341187,82.5855331421,-97.9286117554,244.978042603,9.74339675903,50.355796814,24.0909881592,-73.4901809692,42.821056366],[-321.920043945,-16.9411678314,-41.7461738586,-11.7664632797,-30.4084606171,-62.557182312,65.9732894897,9.74339675903,115.939178467,29.1506748199,-4.27082395554,15.6085891724,-34.4095802307],[-464.997894287,-39.4681587219,59.5359954834,-35.6852684021,-43.7929878235,28.7761878967,-32.6555709839,50.355796814,29.1506748199,68.2521591187,37.0749778748,-3.61209559441,9.17799282074],[-244.449081421,6.89910268784,42.0217857361,-42.6654396057,-10.9309558868,25.8747882843,-24.3512039185,24.0909881592,-4.27082395554,37.0749778748,70.1188201904,15.2647161484,11.336517334],[441.763458252,-30.8529949188,-29.1065006256,102.137069702,34.5649757385,-13.6470279694,61.6719970703,-73.4901809692,15.6085891724,-3.61209559441,15.2647161484,94.6690979004,-13.431429863],[-261.743377686,40.421333313,51.4954223633,-49.4599952698,11.8963308334,49.1010284424,-55.4322013855,42.821056366,-34.4095802307,9.17799282074,11.336517334,-13.431429863,82.0418777466]],"icov":[[0.000120449229144,-0.000431865366409,0.000764119205996,-0.000462721858639,0.000332874304149,-0.0003590011911,0.000221115566092,-0.0000743961281842,0.000471741019282,-0.000167265912751,0.000164054596098,-0.000408917519962,0.000320249935612],[-0.000431865366409,0.00356949772686,-0.00303136883304,0.00186581735034,-0.00173757539596,0.00121716724243,-0.0011960468255,0.0021509823855,-0.00295927375555,0.00220506335609,-0.0025223782286,0.00404647458345,-0.00299307564273],[0.000764119205996,-0.00303136883304,0.00932572968304,-0.00430668378249,0.00309872534126,-0.00461493665352,0.00302825542167,-0.00193871103693,0.00259708124213,-0.0015446631005,-0.0000911523457034,-0.00254413881339,0.00171025691088],[-0.000462721858639,0.00186581735034,-0.00430668378249,0.00817192066461,-0.00610240502283,0.00272179907188,-0.000841048196889,-0.00219144462608,0.00217804941349,-0.00364634371363,0.00714696571231,-0.00695225037634,0.0042613344267],[0.000332874304149,-0.00173757539596,0.00309872534126,-0.00610240502283,0.0113476281986,-0.00385333807208,-0.00299050216563,0.00392198329791,-0.000635221309494,0.00483569363132,-0.00640025222674,0.00617750128731,-0.00602434528992],[-0.0003590011911,0.00121716724243,-0.00461493665352,0.00272179907188,-0.00385333807208,0.0103988507763,0.000136310380185,-0.00267755496316,0.00421900022775,-0.0046548936516,0.00292084668763,-0.00288454769179,0.0000317078229273],[0.000221115566092,-0.0011960468255,0.00302825542167,-0.000841048196889,-0.00299050216563,0.000136310380185,0.0123557467014,-0.00133457058109,-0.00451727770269,0.00268097245134,0.0016934472369,-0.00629831012338,0.00482414709404],[-0.0000743961281842,0.0021509823855,-0.00193871103693,-0.00219144462608,0.00392198329791,-0.00267755496316,-0.00133457058109,0.0127247823402,-0.00700678303838,0.00402302155271,-0.00800908356905,0.01320667658,-0.00803089514375],[0.000471741019282,-0.00295927375555,0.00259708124213,0.00217804941349,-0.000635221309494,0.00421900022775,-0.00451727770269,-0.00700678303838,0.0258646253496,-0.0192676968873,0.0136934965849,-0.0121712833643,0.00993677321821],[-0.000167265912751,0.00220506335609,-0.0015446631005,-0.00364634371363,0.00483569363132,-0.0046548936516,0.00268097245134,0.00402302155271,-0.0192676968873,0.0404536686838,-0.0236982423812,0.0112270228565,-0.00854647066444],[0.000164054596098,-0.0025223782286,-0.0000911523457034,0.00714696571231,-0.00640025222674,0.00292084668763,0.0016934472369,-0.00800908356905,0.0136934965849,-0.0236982423812,0.0371322967112,-0.021567132324,0.0103690242395],[-0.000408917519962,0.00404647458345,-0.00254413881339,-0.00695225037634,0.00617750128731,-0.00288454769179,-0.00629831012338,0.01320667658,-0.0121712833643,0.0112270228565,-0.021567132324,0.0361654870212,-0.013670463115],[0.000320249935612,-0.00299307564273,0.00171025691088,0.0042613344267,-0.00602434528992,0.0000317078229273,0.00482414709404,-0.00803089514375,0.00993677321821,-0.00854647066444,0.0103690242395,-0.013670463115,0.0259393751621]],"mean":[-16.3985328674,97.9966812134,-100.823822021,12.1299610138,-9.17989063263,-19.7551021576,14.7349252701,-21.2225418091,3.33109951019,-5.04872846603,-10.6302118301,-0.00982960220426,-11.658200264]},"hfc":{"dmean":26.7699356079,"dmean2":40.5916061401,"dvar":853.960388184,"dvar2":2059.4387207,"max":622.273864746,"mean":111.054466248,"median":83.3973464966,"min":1.0864488612e-16,"var":7584.81152344},"melbands":{"dmean":[0.00346568715759,0.00183593202382,0.000779580965172,0.000408112275181,0.000191883154912,0.000170920524397,0.000112618195999,0.000153516870341,0.0000882048771018,0.0000893911783351,0.0000787723402027,0.0000651272202958,0.000050809023378,0.0000565034279134,0.0000627999761491,0.0000484927659272,0.0000270588607236,0.0000202294104383,0.0000200093745661,0.0000181008035725,0.000014746126908,0.0000146405300256,0.0000130497137434,0.0000109046595753,0.00000981403809419,0.0000118641319204,0.00000722191816749,0.00000492933531859,0.00000419753769165,0.0000039486485548,0.00000348244770976,0.00000302097805616,0.00000182179121566,0.00000170645967046,4.65174707642e-7,3.90118231053e-8,3.31038343404e-8,2.87598727056e-8,2.524599374e-8,2.23556124723e-8],"dmean2":[0.00588180497289,0.00305092940107,0.00128575216513,0.000675838906318,0.000315937126288,0.000276907056104,0.000181866023922,0.000241790519794,0.000143052413478,0.0001471972937,0.000128892264911,0.000107754880446,0.0000846209004521,0.0000933923074626,0.000103704733192,0.000079077151895,0.0000434517860413,0.0000314533172059,0.0000314685858029,0.0000278381248791,0.0000222162034333,0.0000219820140046,0.0000189714428416,0.0000162707310665,0.0000141519585668,0.0000182094790944,0.0000106360248537,0.00000720204980098,0.00000592214883,0.00000557912471777,0.00000492018352816,0.0000042970582399,0.00000252302947956,0.00000239776682065,7.02319709944e-7,6.57687095895e-8,5.59562387537e-8,4.86506230857e-8,4.27042010642e-8,3.77911817395e-8],"dvar":[0.0000337555247825,0.00000621081062491,0.00000106567324565,3.93174218516e-7,1.07884417844e-7,8.61519353634e-8,4.06029307953e-8,7.92957095541e-8,1.88161664028e-8,2.05868122549e-8,1.96097822425e-8,1.20546479465e-8,6.72714284278e-9,1.05085105062e-8,1.19844276725e-8,5.91604809586e-9,2.02667971294e-9,8.83778883409e-10,9.85196701997e-10,7.01681879267e-10,5.6576970886e-10,6.58154974964e-10,5.26002519319e-10,3.26122434613e-10,2.26557231309e-10,6.43260278377e-10,1.36520197924e-10,1.05295758224e-10,7.84201523163e-11,6.05654901231e-11,4.1895816677e-11,4.96888710733e-11,8.4330060296e-12,9.35869350766e-12,9.30748967481e-13,4.43386384262e-15,3.21910339978e-15,2.43218311024e-15,1.86884119054e-15,1.45550308832e-15],"dvar2":[0.0000916007556953,0.0000155005564011,0.0000027315988973,9.79823312264e-7,2.7476323794e-7,2.12829377233e-7,9.79099397114e-8,1.90904330566e-7,4.78665356241e-8,5.30647064068e-8,5.13631590593e-8,3.0337506729e-8,1.77944183832e-8,2.94400539502e-8,3.27865947725e-8,1.58039039633e-8,5.21965137779e-9,2.06116190782e-9,2.42096498404e-9,1.63756419536e-9,1.33500055455e-9,1.37782485421e-9,1.11591913488e-9,7.49570905345e-10,4.72215710978e-10,1.7428984922e-9,2.93051111155e-10,2.44243514302e-10,1.58752566648e-10,1.23226123749e-10,8.47817857585e-11,1.02540295699e-10,1.74705458433e-11,1.96703018457e-11,2.28304788269e-12,1.14125416135e-14,8.30561544562e-15,6.27759791781e-15,4.82443200515e-15,3.7576202661e-15],"max":[0.0839661359787,0.0299288947135,0.0130924098194,0.0101950205863,0.00420903833583,0.00663311220706,0.00393765838817,0.00619084201753,0.00187157699838,0.00222666049376,0.00350895035081,0.00233395723626,0.00204086350277,0.00187469134107,0.00285895052366,0.00130889751017,0.00113603286445,0.000553825462703,0.000628228357527,0.000413682457292,0.000590367766563,0.000391102948925,0.000369677698473,0.000276759383269,0.000249714183155,0.000627662520856,0.000306927278871,0.000409250875236,0.000397898635129,0.000234979204834,0.000148605831782,0.000153126442456,0.0000498820809298,0.0000693377078278,0.0000244426446443,0.00000105852529941,9.2179919875e-7,8.03799139248e-7,7.03955322479e-7,6.19945581093e-7],"mean":[0.00470763072371,0.00283230468631,0.00127392157447,0.000600360741373,0.000268834002782,0.000255326856859,0.000187861573067,0.000245427567279,0.000137951545184,0.000135136288009,0.000125011385535,0.00010301189468,0.0000844783207867,0.0000983337959042,0.000115263283078,0.0000852409211802,0.0000436159571109,0.0000344147520082,0.0000354094227077,0.0000311284420604,0.0000251287674473,0.000022844016712,0.0000207773955481,0.0000165736910276,0.0000149280149344,0.0000160521431098,0.0000106251236502,0.00000752869573262,0.00000690323167873,0.00000633106401438,0.00000554632561034,0.00000457680334875,0.0000026813236218,0.00000246804597737,6.22482104973e-7,3.70679948958e-8,3.11543537634e-8,2.70888875775e-8,2.38948558717e-8,2.1328588673e-8],"median":[0.00264118751511,0.00188576499932,0.000863641267642,0.000347096589394,0.000150616280735,0.000122106313938,0.0000902648389456,0.000101310601167,0.0000783680807217,0.0000756524605094,0.0000604585147812,0.0000519743953191,0.0000420947617386,0.0000372395988961,0.00004571689351,0.0000412782501371,0.0000256570419879,0.0000199789610633,0.0000194061485672,0.0000187938239833,0.000014335092601,0.0000107708447104,0.00000878249466041,0.00000725686095393,0.00000577728633289,0.0000051137835726,0.00000398133852286,0.00000292888103104,0.00000260221258941,0.00000231216222346,0.00000200195881916,0.00000151210645072,0.0000010071713632,7.55580686018e-7,1.93819971628e-7,1.28553310219e-8,1.07693693963e-8,9.44389988433e-9,8.38986657925e-9,7.60091278806e-9],"min":[1.43446960043e-24,1.83250061143e-24,6.71979181288e-25,3.5117336348e-25,1.17164313631e-24,1.59817894587e-24,1.3768016989e-24,7.53436514626e-25,1.26064745263e-24,3.12434297691e-24,2.55587008709e-24,2.26058189811e-24,2.91592750347e-24,2.93581882841e-24,2.10267817451e-24,1.60529526009e-24,2.88602533643e-24,3.26899048464e-24,3.69920307627e-24,3.19573252225e-24,4.37001410247e-24,3.31826766717e-24,3.7102207021e-24,3.80786669381e-24,3.39714823566e-24,4.41304212611e-24,4.94832487664e-24,3.90236828595e-24,2.93426595572e-24,4.03412856751e-24,5.02407642836e-24,5.60498847137e-24,4.65386834427e-24,4.54057569094e-24,6.16897984239e-24,5.35936834549e-24,5.93779113791e-24,4.75517425615e-24,5.02046226212e-24,5.71707456195e-24],"var":[0.0000386398023693,0.00000961454315984,0.00000176565038146,6.17697992311e-7,1.34780123062e-7,1.46164410353e-7,8.25301640361e-8,1.57922954713e-7,3.03152489778e-8,3.15926946826e-8,3.56340663643e-8,2.31515340232e-8,1.35820608094e-8,2.26776464274e-8,3.0653342975e-8,1.29523476389e-8,3.07381764486e-9,1.76681702602e-9,2.15222351052e-9,1.41498701645e-9,1.04591801886e-9,1.25463162082e-9,1.14196108125e-9,5.99693905645e-10,5.00219365929e-10,8.91709706075e-10,2.67561722778e-10,1.83539142218e-10,2.02719036002e-10,1.55114823763e-10,1.00126976155e-10,8.63392621286e-11,1.58275927087e-11,1.74383823354e-11,1.3262519338e-12,4.39691245381e-15,3.16987829181e-15,2.39395164289e-15,1.84345222498e-15,1.44237757165e-15]},"melbands_crest":{"dmean":4.4579501152,"dmean2":7.49439287186,"dvar":15.7075929642,"dvar2":42.447883606,"max":39.727596283,"mean":16.6511306763,"median":16.0820388794,"min":1.58867549896,"var":40.1412200928},"melbands_flatness_db":{"dmean":0.0352561287582,"dmean2":0.0558125562966,"dvar":0.000873328186572,"dvar2":0.00216325209476,"max":0.527599155903,"mean":0.24266988039,"median":0.238835528493,"min":0.00280366046354,"var":0.00435054255649},"melbands_kurtosis":{"dmean":10.4328174591,"dmean2":17.2430305481,"dvar":334.611328125,"dvar2":918.896118164,"max":360.459899902,"mean":17.8903408051,"median":8.78618049622,"min":-1.5931699276,"var":706.371032715},"melbands_skewness":{"dmean":0.963757038116,"dmean2":1.56801891327,"dvar":1.03014266491,"dvar2":2.72981023788,"max":16.0909004211,"mean":3.06855940819,"median":2.70190119743,"min":-4.52619409561,"var":3.90789604187},"melbands_spread":{"dmean":6.97498655319,"dmean2":10.9988164902,"dvar":64.6316299438,"dvar2":147.023162842,"max":158.103317261,"mean":20.6418247223,"median":16.7449188232,"min":0.410797059536,"var":333.756378174},"mfcc":{"cov":[[12701.1601562,2191.55712891,-1267.00805664,1447.04541016,-318.084136963,1109.05603027,93.4195632935,298.52053833,-109.661903381,-425.381103516,45.4752464294,-332.9737854,212.041442871],[2191.55712891,1347.49365234,-237.609481812,149.30632019,-2.6870405674,194.388458252,61.5315284729,-1.33872389793,19.4608364105,-66.9406356812,-11.4689626694,-55.5152320862,23.1700954437],[-1267.00805664,-237.609481812,563.480163574,-288.085296631,168.138580322,-168.463516235,29.6885795593,-44.3691329956,-5.0777220726,83.7194900513,-30.5738525391,93.6112518311,-32.070438385],[1447.04541016,149.30632019,-288.085296631,595.862915039,-97.3510971069,252.956665039,-16.5665912628,106.124511719,15.1110658646,-80.2256546021,57.6203041077,-94.7094726562,52.1443481445],[-318.084136963,-2.6870405674,168.138580322,-97.3510971069,245.236801147,-26.5811920166,86.3913650513,-23.2998085022,4.85241127014,27.4041996002,-54.8375663757,35.2418556213,-37.7274971008],[1109.05603027,194.388458252,-168.463516235,252.956665039,-26.5811920166,287.331787109,22.3689918518,53.1684455872,-15.0653762817,-79.3448867798,4.84372806549,-56.9745254517,61.62657547],[93.4195632935,61.5315284729,29.6885795593,-16.5665912628,86.3913650513,22.3689918518,114.891311646,16.9375400543,0.0705916881561,-3.70652461052,-25.7586154938,13.0567016602,-17.4874229431],[298.52053833,-1.33872389793,-44.3691329956,106.124511719,-23.2998085022,53.1684455872,16.9375400543,83.8298034668,20.0432338715,-3.91043567657,23.0958366394,-23.2813148499,11.1372623444],[-109.661903381,19.4608364105,-5.0777220726,15.1110658646,4.85241127014,-15.0653762817,0.0705916881561,20.0432338715,76.8281784058,32.1977920532,4.12158584595,1.33374834061,-21.3900527954],[-425.381103516,-66.9406356812,83.7194900513,-80.2256546021,27.4041996002,-79.3448867798,-3.70652461052,-3.91043567657,32.1977920532,86.0657424927,21.7355499268,20.364818573,-15.1883907318],[45.4752464294,-11.4689626694,-30.5738525391,57.6203041077,-54.8375663757,4.84372806549,-25.7586154938,23.0958366394,4.12158584595,21.7355499268,71.904335022,12.6396760941,20.013671875],[-332.9737854,-55.5152320862,93.6112518311,-94.7094726562,35.2418556213,-56.9745254517,13.0567016602,-23.2813148499,1.33374834061,20.364818573,12.6396760941,77.5214920044,9.44172668457],[212.041442871,23.1700954437,-32.070438385,52.1443481445,-37.7274971008,61.62657547,-17.4874229431,11.1372623444,-21.3900527954,-15.1883907318,20.013671875,9.44172668457,69.9954452515]],"icov":[[0.00018868164625,-0.000244454597123,0.000151270854985,-0.000231087207794,0.000111714485683,-0.000335342803737,0.000123211764731,-0.000473342544865,0.000568561081309,-0.000157681963174,0.000392933026887,-0.000357241049642,0.000287727452815],[-0.000244454597123,0.00126018363517,0.0000156169808179,0.000465639022877,-0.000304341869196,0.0000811281279312,-0.00102734647226,0.0017288204981,-0.00176160305273,0.000888783601113,-0.00132723595016,0.00142055144534,-0.000941154488828],[0.000151270854985,0.0000156169808179,0.00357690406963,0.000382312748116,-0.00147554161958,-0.000129681546241,0.00128084828611,-0.00190539308824,0.00213558902033,-0.00245209899731,0.00203734543175,-0.00322668557055,0.000805916381069],[-0.000231087207794,0.000465639022877,0.000382312748116,0.00454293657094,-0.00124245579354,-0.00118372961879,0.0000976506416919,-0.00078665552428,-0.00292610307224,0.0035487471614,-0.00506551750004,0.00398046616465,-0.00135388353374],[0.000111714485683,-0.000304341869196,-0.00147554161958,-0.00124245579354,0.00944426376373,-0.00236821197905,-0.00372396316379,0.000416573049733,0.0024359379895,-0.0055550779216,0.00737531436607,-0.00506522227079,0.00430413754657],[-0.000335342803737,0.0000811281279312,-0.000129681546241,-0.00118372961879,-0.00236821197905,0.0107289608568,-0.00322924298234,0.00128161965404,-0.00385871552862,0.00691045867279,-0.00344335753471,0.00719902291894,-0.00958811491728],[0.000123211764731,-0.00102734647226,0.00128084828611,0.0000976506416919,-0.00372396316379,-0.00322924298234,0.0173460841179,-0.00947477668524,0.00577359227464,-0.00322600197978,0.00707712164149,-0.00939643289894,0.00746641354635],[-0.000473342544865,0.0017288204981,-0.00190539308824,-0.00078665552428,0.000416573049733,0.00128161965404,-0.00947477668524,0.025389097631,-0.0111438902095,0.00489325122908,-0.0118747157976,0.0122540332377,-0.00733742397279],[0.000568561081309,-0.00176160305273,0.00213558902033,-0.00292610307224,0.0024359379895,-0.00385871552862,0.00577359227464,-0.0111438902095,0.0267237760127,-0.0156468860805,0.0122770220041,-0.0131679326296,0.0129822390154],[-0.000157681963174,0.000888783601113,-0.00245209899731,0.0035487471614,-0.0055550779216,0.00691045867279,-0.00322600197978,0.00489325122908,-0.0156468860805,0.0317578688264,-0.0197737384588,0.0130270738155,-0.00824044831097],[0.000392933026887,-0.00132723595016,0.00203734543175,-0.00506551750004,0.00737531436607,-0.00344335753471,0.00707712164149,-0.0118747157976,0.0122770220041,-0.0197737384588,0.0377676039934,-0.0204639695585,0.00604324089363],[-0.000357241049642,0.00142055144534,-0.00322668557055,0.00398046616465,-0.00506522227079,0.00719902291894,-0.00939643289894,0.0122540332377,-0.0131679326296,0.0130270738155,-0.0204639695585,0.0362627357244,-0.0174350719899],[0.000287727452815,-0.000941154488828,0.000805916381069,-0.00135388353374,0.00430413754657,-0.00958811491728,0.00746641354635,-0.00733742397279,0.0129822390154,-0.00824044831097,0.00604324089363,-0.0174350719899,0.0317019969225]],"mean":[-665.680541992,155.319381714,-30.4564762115,48.464969635,-11.3631381989,26.9277267456,1.02464640141,9.02624797821,8.09911155701,-0.712868094444,11.780424118,-3.26261210442,7.56244468689]},"pitch_salience":{"dmean":0.0865286365151,"dmean2":0.143047422171,"dvar":0.00573795707896,"dvar2":0.0156517662108,"max":0.990485966206,"mean":0.547402262688,"median":0.569292545319,"min":0.0131578342989,"var":0.018105013296},"silence_rate_20dB":{"dmean":0,"dmean2":0,"dvar":0,"dvar2":0,"max":1,"mean":1,"median":1,"min":1,"var":0},"silence_rate_30dB":{"dmean":0.0410583950579,"dmean2":0.0821261554956,"dvar":0.0393698997796,"dvar2":0.0945512279868,"max":1,"mean":0.965332448483,"median":1,"min":0,"var":0.0334663726389},"silence_rate_60dB":{"dmean":0.00205291970633,"dmean2":0.00410630786791,"dvar":0.00204877182841,"dvar2":0.0047736489214,"max":1,"mean":0.055650588125,"median":0,"min":0,"var":0.0525394938886},"spectral_centroid":{"dmean":308.314453125,"dmean2":426.476196289,"dvar":120420.054688,"dvar2":204394.875,"max":11920.1171875,"mean":1471.89135742,"median":1263.39318848,"min":209.273925781,"var":1377525.125},"spectral_complexity":{"dmean":6.08895969391,"dmean2":7.94753074646,"dvar":39.9019317627,"dvar2":59.5399398804,"max":62,"mean":24.0679664612,"median":23,"min":0,"var":192.20022583},"spectral_contrast_coeffs":{"dmean":[0.0515964776278,0.0457790270448,0.0358649976552,0.0259486734867,0.0204499363899,0.0598628483713],"dmean2":[0.0863051787019,0.0765830278397,0.0606531202793,0.0435384064913,0.0334121771157,0.0907509475946],"dvar":[0.00169476075098,0.00130726769567,0.000818807573523,0.000415918562794,0.000294538796879,0.00248679262586],"dvar2":[0.00477821100503,0.00357551616617,0.00225462485105,0.00116911483929,0.000761604169384,0.00574260717258],"max":[-0.413768529892,-0.554639995098,-0.576378285885,-0.663167476654,-0.688338875771,-0.384099632502],"mean":[-0.706093192101,-0.784811854362,-0.81130874157,-0.819119274616,-0.822395086288,-0.674580037594],"median":[-0.705154836178,-0.788425087929,-0.812996387482,-0.818811655045,-0.820084452629,-0.669653654099],"min":[-0.996610641479,-0.990160346031,-0.978378891945,-0.979228019714,-0.969866037369,-0.969596207142],"var":[0.00542068202049,0.00348940026015,0.00257878890261,0.00183590909,0.00130205845926,0.0106292273849]},"spectral_contrast_valleys":{"dmean":[0.398528188467,0.389592409134,0.336668938398,0.305660575628,0.355588942766,0.731523096561],"dmean2":[0.648023664951,0.61623609066,0.519796907902,0.431020706892,0.435325205326,1.1680188179],"dvar":[0.149104863405,0.158101275563,0.13661031425,0.127886921167,0.163001164794,0.388898015022],"dvar2":[0.297634482384,0.29496923089,0.235366120934,0.196203395724,0.2362665236,1.02301776409],"max":[-5.08922767639,-4.56396102905,-5.15945196152,-5.55447387695,-5.23510217667,-8.93202495575],"mean":[-6.990483284,-6.79523134232,-7.15824317932,-7.45012807846,-7.57966375351,-11.5183153152],"median":[-6.47549629211,-6.37849760056,-6.74394035339,-6.97229290009,-7.15350246429,-11.1976861954],"min":[-27.8936233521,-28.2624797821,-27.8017520905,-27.598733902,-27.6108322144,-27.4288196564],"var":[6.61637449265,6.03671598434,6.0376663208,6.04111766815,6.06310796738,4.11087608337]},"spectral_decrease":{"dmean":4.4957420009e-9,"dmean2":7.13018621923e-9,"dvar":3.61531131943e-17,"dvar2":8.99989711814e-17,"max":3.79762804537e-10,"mean":-8.84289264036e-9,"median":-6.82186396261e-9,"min":-8.64966622771e-8,"var":5.9845637198e-17},"spectral_energy":{"dmean":0.0177026875317,"dmean2":0.0275631807745,"dvar":0.000539646658581,"dvar2":0.00132537411992,"max":0.337841749191,"mean":0.0434480719268,"median":0.0367483943701,"min":1.00333970999e-20,"var":0.00109695969149},"spectral_energyband_high":{"dmean":0.000507443153765,"dmean2":0.000623324187472,"dvar":5.99927602707e-7,"dvar2":9.84400912785e-7,"max":0.0191070884466,"mean":0.000980033306405,"median":0.000469796184916,"min":7.21421209153e-21,"var":0.00000199371947929},"spectral_energyband_low":{"dmean":0.0141599923372,"dmean2":0.0234590675682,"dvar":0.000416203140048,"dvar2":0.00110059301369,"max":0.285841912031,"mean":0.0229111220688,"median":0.015696361661,"min":2.06267152757e-23,"var":0.000571098993532},"spectral_energyband_middle_high":{"dmean":0.00209756055847,"dmean2":0.0028532135766,"dvar":0.00000692072853781,"dvar2":0.0000126004633785,"max":0.0393914803863,"mean":0.0057211117819,"median":0.00396772893146,"min":1.0724771256e-21,"var":0.0000308711059915},"spectral_energyband_middle_low":{"dmean":0.00378000736237,"dmean2":0.00592881580815,"dvar":0.000024016291718,"dvar2":0.0000559320251341,"max":0.0796746090055,"mean":0.00924773979932,"median":0.00707964552566,"min":1.3660251174e-22,"var":0.0000613163210801},"spectral_entropy":{"dmean":0.143283948302,"dmean2":0.202698633075,"dvar":0.0210743807256,"dvar2":0.040296703577,"max":9.82349491119,"mean":7.67784881592,"median":7.74337863922,"min":4.67533636093,"var":0.178367719054},"spectral_flux":{"dmean":0.0302331075072,"dmean2":0.0473673604429,"dvar":0.00111364806071,"dvar2":0.00251886621118,"max":0.457322478294,"mean":0.113883323967,"median":0.109055072069,"min":6.31739452417e-11,"var":0.0031524177175},"spectral_kurtosis":{"dmean":2.71023154259,"dmean2":4.05293083191,"dvar":12.993768692,"dvar2":28.4810276031,"max":116.524536133,"mean":12.886879921,"median":11.3449878693,"min":-1.26146519184,"var":43.4451828003},"spectral_rms":{"dmean":0.00121854792815,"dmean2":0.00185601494741,"dvar":0.00000161421451139,"dvar2":0.00000374815022042,"max":0.0181549359113,"mean":0.00599661748856,"median":0.00598766142502,"min":3.12868654595e-12,"var":0.00000642888880975},"spectral_rolloff":{"dmean":4147.32470703,"dmean2":7855.27001953,"dvar":49388880,"dvar2":120577712,"max":22050,"mean":7182.39013672,"median":2196.38671875,"min":21.533203125,"var":76782824},"spectral_skewness":{"dmean":0.28360030055,"dmean2":0.390349268913,"dvar":0.0920067131519,"dvar2":0.17409658432,"max":8.88377380371,"mean":2.15170907974,"median":2.01973772049,"min":-0.102193772793,"var":0.557605743408},"spectral_spread":{"dmean":403364.28125,"dmean2":637399.9375,"dvar":648578465792,"dvar2":1357571817470,"max":49082192,"mean":4181612.5,"median":3717386.25,"min":1513720.125,"var":15008469614600},"spectral_strongpeak":{"dmean":0.697619378567,"dmean2":1.31611537933,"dvar":19.1403064728,"dvar2":53.8302764893,"max":102.370979309,"mean":0.598300397396,"median":0.212364345789,"min":0,"var":12.9753904343},"zerocrossingrate":{"dmean":0.032997854054,"dmean2":0.0427788831294,"dvar":0.000849283009302,"dvar2":0.00143775483593,"max":0.65380859375,"mean":0.20604121685,"median":0.2001953125,"min":0,"var":0.00667406711727}},"metadata":{"audio_properties":{"analysis_sample_rate":44100,"bit_rate":128000,"codec":"mp3","downmix":"mix","equal_loudness":0,"length":203.573303223,"lossless":false,"md5_encoded":"1371c9e14ccc57c8f4254133ce81af6d","replay_gain":-8.19210243225,"sample_rate":44100},"tags":{"album":["Adore"],"albumartist":["The Smashing Pumpkins"],"albumartistsort":["Smashing Pumpkins, The"],"artist":["The Smashing Pumpkins"],"artistsort":["Smashing Pumpkins, The"],"asin":["B000006NPY"],"barcode":["724384587925"],"composer":["Billy Corgan"],"date":["1998-06-01"],"file_name":"03 Perfect.mp3","genre":["Unknown"],"label":["EMI Music Australia"],"length":["203533"],"lyricist":["Billy Corgan"],"musicbrainz album artist":["The Smashing Pumpkins"],"musicbrainz album artist sortname":["Smashing Pumpkins, The"],"musicbrainz album release country":["AU"],"musicbrainz album status":["official"],"musicbrainz album type":["album"],"musicbrainz non-album":["0"],"musicbrainz_albumartistid":["ba0d6274-db14-4ef5-b28d-657ebde1a396"],"musicbrainz_albumid":["b691145b-485f-4210-bd1c-249d5f25d1b1"],"musicbrainz_artistid":["ba0d6274-db14-4ef5-b28d-657ebde1a396"],"musicbrainz_recordingid":["52121ccc-40fe-42ec-8972-95874b7f0c1f"],"musicip_puid":["39cb0f8c-8731-4c06-7502-be022d1d5571"],"releasedate":["1998-06-01"],"taggingdate":["2006-12-09T21:34:48"],"title":["Perfect"],"tracknumber":["3/16"]},"version":{"essentia":"2.1-beta1","essentia_build_sha":"ec322331fa6aaecceef5ae0ec8bb6dd0710d66ba","essentia_git_sha":"v2.1_beta1-28-g21ef5f4","extractor":"music 1.0"}},"rhythm":{"beats_count":384,"beats_loudness":{"dmean":0.0277595911175,"dmean2":0.0491991788149,"dvar":0.000648083398119,"dvar2":0.00201362115331,"max":0.191505983472,"mean":0.0653569102287,"median":0.0636511445045,"min":0,"var":0.00115596863907},"beats_loudness_band_ratio":{"dmean":[0.310928374529,0.0529788844287,0.0714072436094,0.0777603983879,0.0885113030672,0.0835256427526],"dmean2":[0.609620213509,0.0962636321783,0.134818032384,0.147946342826,0.176438614726,0.161818817258],"dvar":[0.0329548791051,0.