{"lowlevel":{"average_loudness":0.546105325222,"barkbands":{"dmean":[0.0000226750198635,0.00290548289195,0.00218079052866,0.00164741801564,0.00156468886416,0.00127026776318,0.000997263705358,0.00082462199498,0.00058713753242,0.000685314531438,0.000445495767053,0.000519910943694,0.00035380499321,0.000367542234017,0.00024210033007,0.000134130415972,0.00013253679208,0.0000841244182084,0.0000772516941652,0.0000504328199895,0.0000235816751228,0.0000175507320819,0.00000846853527037,0.00000955310224526,0.00000321907873513,7.40370410313e-7,1.44317041872e-7],"dmean2":[0.0000362371865776,0.00465380726382,0.0037112084683,0.00273573957384,0.00253329239786,0.00210590451024,0.00161403266247,0.00127145461738,0.000908809772227,0.00104621576611,0.000679046090227,0.000863542314619,0.000541491201147,0.000597401754931,0.00038025790127,0.000218109649722,0.000220735018956,0.000136665315949,0.000126890372485,0.0000809939811006,0.0000381754107366,0.0000265921062237,0.0000128947676785,0.0000140518250191,0.00000484160000269,0.0000010908169088,2.121513063e-7],"dvar":[3.29731797422e-9,0.0000696079514455,0.0000262314151769,0.0000121581297208,0.00000727395899958,0.00000544953036297,0.00000465779612568,0.00000438939741798,0.00000230159707826,0.00000252232712228,6.5706285568e-7,9.24640175981e-7,4.3220930479e-7,6.06613866694e-7,3.28953547069e-7,1.48977804315e-7,4.72625600878e-8,2.23052261106e-8,1.92583229364e-8,1.06762687579e-8,1.94240024065e-9,2.00446614862e-9,7.02785496465e-10,2.13496043067e-9,3.78278186552e-10,1.53976744549e-11,1.70419461962e-12],"dvar2":[8.68692318079e-9,0.0001790443348,0.0000771699342295,0.0000313334057864,0.0000194589629245,0.000014017596186,0.000012036381122,0.0000106768466139,0.00000595891651756,0.000006158866654,0.00000153761300226,0.00000260597903434,0.00000100403087799,0.00000150411699451,7.7332975934e-7,3.39828091001e-7,1.28443659264e-7,5.40841540442e-8,5.09202742194e-8,2.57887009525e-8,4.93147478409e-9,4.26777724272e-9,1.6215048193e-9,4.92117813167e-9,8.78096206858e-10,3.3418705303e-11,3.84635422471e-12],"max":[0.00108427461237,0.129508793354,0.0828932002187,0.0578261613846,0.0518023110926,0.0748261809349,0.0555929727852,0.0535966455936,0.0599078796804,0.0693233534694,0.0257054902613,0.0222896505147,0.0134465135634,0.0248581077904,0.0228810794652,0.0183292515576,0.00591447670013,0.00347683369182,0.0036117839627,0.00309526198544,0.00103580171708,0.00155310577247,0.000933914736379,0.00276394141838,0.00113362702541,0.000168052414665,0.0000824379312689],"mean":[0.0000368385044567,0.00577013986185,0.00393962068483,0.00222924677655,0.00307198916562,0.00246614031494,0.00204832758754,0.00167237862479,0.00128605635837,0.00142887758557,0.000997089897282,0.00102136132773,0.000757386209443,0.000705129641574,0.000504191033542,0.000262143788859,0.000253079924732,0.000179470531293,0.000168481637957,0.000113840476843,0.0000570035626879,0.0000444220422651,0.0000218764416786,0.0000217884698941,0.0000070811893238,0.00000158811621986,2.82033056465e-7],"median":[0.00000795508458395,0.00092415814288,0.000944186002016,0.000608379254118,0.00161001901142,0.00128542608581,0.000907381181605,0.000581258675084,0.000483817857457,0.000536922481842,0.000374026509235,0.00049519323511,0.000352977658622,0.000283010595012,0.000218534987653,0.000111615969217,0.000149007682921,0.0000832711011753,0.0000788214965723,0.0000456807320006,0.0000201138318516,0.0000105139142761,0.00000271475028057,0.00000147478499457,5.42429347661e-7,1.2840519048e-7,4.52187514099e-8],"min":[3.12141195595e-14,3.27379657129e-14,1.93066570184e-15,5.83125221219e-16,8.97440301462e-15,2.08000883363e-15,2.3150528532e-15,1.75573921043e-15,1.48380828244e-15,1.36410865683e-15,1.50241431404e-15,1.73865085012e-15,9.67438574827e-16,1.51692197672e-15,2.31120774713e-15,4.0567749389e-15,2.68270390406e-15,2.41023246317e-15,5.65728180922e-15,5.128652782e-15,1.13027915545e-14,1.40642892162e-14,1.37466874364e-14,2.37622150689e-14,6.01599933064e-14,2.89319593673e-13,1.27379166243e-11],"var":[4.68910199558e-9,0.000120880868053,0.0000459846451122,0.0000174956567207,0.0000166113768501,0.0000126264449136,0.0000115749426186,0.0000128741012304,0.0000066109682848,0.00000882443146111,0.00000216884404836,0.00000233527998716,0.00000132261425279,0.00000163257379882,8.75324587923e-7,3.9855791556e-7,1.04392505307e-7,6.73412401397e-8,5.78672896268e-8,3.51776634488e-8,7.49308703973e-9,8.81694450783e-9,2.90655832735e-9,6.10590111805e-9,7.11156189492e-10,3.15661385919e-11,2.80388537909e-12]},"barkbands_crest":{"dmean":2.27943110466,"dmean2":3.72714853287,"dvar":4.82585573196,"dvar2":12.4532527924,"max":26.8102169037,"mean":9.45400810242,"median":8.5494852066,"min":2.66543960571,"var":16.9516410828},"barkbands_flatness_db":{"dmean":0.0164375174791,"dmean2":0.0255460776389,"dvar":0.000274216145044,"dvar2":0.000629710324574,"max":0.551445126534,"mean":0.176127299666,"median":0.166298896074,"min":0.0497742034495,"var":0.00386288017035},"barkbands_kurtosis":{"dmean":2.1391017437,"dmean2":3.38898897171,"dvar":24.0327606201,"dvar2":56.567779541,"max":279.242462158,"mean":4.41489839554,"median":1.24561405182,"min":-1.94053375721,"var":304.702911377},"barkbands_skewness":{"dmean":0.409344226122,"dmean2":0.636027038097,"dvar":0.207107841969,"dvar2":0.466378986835,"max":10.495929718,"mean":1.21459424496,"median":1.18447518349,"min":-16.6864948273,"var":2.46660709381},"barkbands_spread":{"dmean":2.96395587921,"dmean2":4.68795585632,"dvar":19.1147499084,"dvar2":51.953502655,"max":152.715652466,"mean":15.5267763138,"median":14.6133728027,"min":0.668981671333,"var":123.256637573},"dissonance":{"dmean":0.0223832204938,"dmean2":0.0377658680081,"dvar":0.000485803175252,"dvar2":0.00132676737849,"max":0.5,"mean":0.448584288359,"median":0.458499968052,"min":0.188500508666,"var":0.00157622585539},"dynamic_complexity":6.29414367676,"erbbands":{"dmean":[0.0583142228425,0.750533223152,2.16389322281,4.42656135559,4.31075239182,6.39742660522,8.05152130127,10.3783283234,15.471821785,10.4480466843,20.5941066742,13.1423034668,19.9542579651,19.6220684052,12.0245923996,23.8210754395,14.708981514,16.3686828613,14.3589468002,8.59397220612,6.79571819305,6.0441403389,5.37643814087,3.59006404877,3.70733618736,1.75422263145,0.878338038921,0.8499802351,0.674821794033,0.426089048386,0.225955173373,0.246090352535,0.1196969226,0.0507959462702,0.0152015686035,0.00391677347943,0.00140535412356,0.000262173067313,0.0000244609182118,0.00000760665079724],"dmean2":[0.0910221710801,1.20963335037,3.62615633011,7.37739944458,7.20174694061,10.2527656555,13.2855405807,17.2469673157,25.1737270355,16.6178951263,31.834985733,20.5156726837,30.8162708282,29.7470054626,18.666475296,39.6212425232,22.8081703186,26.089427948,23.1479682922,13.284614563,11.079706192,9.96080684662,8.69550991058,5.90161371231,6.09233903885,2.80472135544,1.42860937119,1.36180043221,1.03652989864,0.64997369051,0.339620053768,0.36308786273,0.179484277964,0.0766328945756,0.0227923635393,0.00583514245227,0.00207575038075,0.000385091349017,0.0000351024391421,0.0000120104959933],"dvar":[0.0204062629491,4.83951091766,29.9586734772,83.02784729,67.9083633423,148.825866699,204.998306274,472.9112854,1326.93237305,427.523162842,2843.20166016,991.391418457,2090.77978516,1398.65551758,531.97088623,2065.63037109,697.024414062,1027.95349121,1190.54956055,350.564025879,301.828979492,113.256599426,93.5514068604,34.5530509949,59.5166130066,16.9755573273,2.6090991497,3.39618968964,2.91551876068,1.32205498219,0.595705509186,1.22072386742,0.379716098309,0.10033454746,0.00644366489723,0.000296820828225,0.0000754964057705,0.00000444908391728,4.85337174894e-8,1.68552033442e-10],"dvar2":[0.0514509640634,12.4916496277,84.8620529175,218.462860107,185.682312012,385.218322754,543.91595459,1217.8182373,3393.14233398,1044.4050293,7012.86914062,2620.43286133,5279.85986328,3356.33911133,1284.2689209,5838.47265625,1675.96899414,2500.15283203,2880.55810547,786.16217041,715.457702637,311.698303223,224.725479126,91.9345321655,157.247802734,39.4611167908,6.86511659622,8.15511989594,6.19373941422,2.97380328178,1.35903728008,2.71564745903,0.929688870907,0.240221232176,0.0143760042265,0.00066740141483,0.00016513945593,0.0000108222920971,1.03997571443e-7,4.02005956301e-10],"max":[2.2225496769,35.204284668,82.7275314331,160.494186401,149.740646362,264.048309326,391.813720703,793.46295166,978.328979492,574.01550293,1548.08508301,1090.68188477,1757.28320312,969.967468262,960.497009277,1133.55969238,601.183532715,871.743896484,1084.62316895,725.154602051,889.58416748,253.088226318,234.655166626,114.237106323,258.355499268,158.570800781,43.9639434814,59.7949295044,54.0876579285,41.3085899353,30.2357788086,64.5556869507,31.4500999451,18.2386322021,4.27475214005,0.640336513519,0.421694099903,0.13150344789,0.0176549535245,0.000417048519012],"mean":[0.117435202003,1.4900547266,4.41614484787,6.85893678665,7.57890415192,11.6427469254,15.0449237823,19.6572055817,31.2499465942,23.8594455719,43.094745636,31.3094787598,41.275718689,46.8403892517,30.7377815247,45.4057769775,34.3944015503,36.4873504639,31.6808166504,20.2658042908,15.2530212402,12.8294906616,11.689496994,8.49311256409,8.4587688446,4.51928853989,2.3490550518,2.08011984825,1.6756477356,1.08649408817,0.595687091351,0.569873929024,0.263651371002,0.109174706042,0.0341731570661,0.00882768724114,0.00277632940561,0.00049967051018,0.0000595783239987,0.0000352940951416],"median":[0.0219787955284,0.224374443293,1.05615270138,2.39150667191,3.67966794968,5.28569126129,7.81507110596,9.77306747437,13.7300033569,12.0434846878,16.3808460236,13.5426502228,18.3693218231,18.8464813232,14.824388504,22.8686752319,18.8540496826,19.3251628876,15.1885452271,11.1434717178,8.41572570801,7.67893886566,5.83000659943,4.52540302277,3.6936275959,1.81835961342,0.924136281013,0.710665524006,0.41561871767,0.184629410505,0.081952303648,0.0437538437545,0.0183097757399,0.00760489702225,0.00300633814186,0.00081429554848,0.000231757265283,0.0000389040724258,0.0000203613126359,0.0000262034263869],"min":[1.41658874301e-12,5.75255511628e-12,4.5599088741e-12,6.2925281305e-12,7.39985590165e-12,2.7781959025e-11,2.9615060404e-11,2.27518073825e-11,3.54003146241e-11,3.11667081032e-11,3.80837514302e-11,3.22773301142e-11,3.72949657268e-11,5.53926314539e-11,7.0940080199e-11,6.64361274327e-11,5.25894015835e-11,7.08639397162e-11,8.13642833664e-11,1.83404416654e-10,2.32820124291e-10,1.40030376183e-10,1.25245550042e-10,2.53904453018e-10,2.26919663615e-10,2.47500492323e-10,3.73830383316e-10,5.38797229055e-10,5.77036807226e-10,4.06201350334e-10,4.14699968809e-10,4.44794118204e-10,4.19737272717e-10,4.65866178967e-10,4.87459128617e-10,4.99258245856e-10,5.4234589042e-10,6.74223288311e-10,1.09565279072e-9,3.11813991294e-10],"var":[0.0442925021052,8.18389606476,56.0382232666,122.923530579,123.607643127,326.957275391,449.988250732,978.450866699,3166.01196289,1350.00231934,8343.9765625,3074.03955078,6141.515625,4907.86914062,1941.61083984,4864.44726562,2249.65551758,3247.76635742,3051.01269531,1034.33398438,863.114685059,278.37789917,271.191192627,119.644004822,163.053955078,64.7458648682,11.895772934,12.358335495,12.1860408783,5.65967941284,2.36207175255,3.99191713333,0.881658017635,0.174734398723,0.014833833091,0.000723819248378,0.000129778170958,0.00000684335509504,8.37986817714e-8,1.14284337549e-9]},"erbbands_crest":{"dmean":2.20207977295,"dmean2":3.53955101967,"dvar":4.72180080414,"dvar2":11.7005872726,"max":29.5124530792,"mean":9.11392879486,"median":7.98142147064,"min":1.9911236763,"var":18.2936382294},"erbbands_flatness_db":{"dmean":0.0125052398071,"dmean2":0.0185761097819,"dvar":0.000149231724208,"dvar2":0.000317116646329,"max":0.383399963379,"mean":0.205146089196,"median":0.206641837955,"min":0.0107606630772,"var":0.00254740542732},"erbbands_kurtosis":{"dmean":0.82920819521,"dmean2":1.3149433136,"dvar":4.05888700485,"dvar2":10.2617635727,"max":132.794555664,"mean":0.748691499233,"median":-0.0332018136978,"min":-1.87866461277,"var":13.064874649},"erbbands_skewness":{"dmean":0.290398567915,"dmean2":0.450535148382,"dvar":0.0884172841907,"dvar2":0.20596331358,"max":7.18573999405,"mean":0.350077003241,"median":0.267314612865,"min":-3.98226928711,"var":0.564524412155},"erbbands_spread":{"dmean":4.46778392792,"dmean2":6.84920024872,"dvar":22.9931182861,"dvar2":51.5802764893,"max":178.936599731,"mean":27.0841464996,"median":25.3112697601,"min":1.34655117989,"var":182.927215576},"gfcc":{"cov":[[23297.1269531,1750.94360352,-3107.20825195,1130.48828125,-1389.03210449,1531.78625488,-37.9675369263,378.94543457,-318.412811279,213.031005859,-45.485332489,-148.360946655,-12.0543222427],[1750.94360352,1753.58032227,-442.400726318,-228.91027832,120.951560974,-192.350341797,72.4718475342,-114.891395569,-20.0944252014,-66.1497879028,41.0681800842,-76.7315216064,-4.09305429459],[-3107.20825195,-442.400726318,1004.93902588,-20.9492435455,166.389663696,-53.5938529968,-21.6069736481,26.6358890533,37.7865142822,-10.6881780624,-5.83349084854,52.1743087769,-12.8894376755],[1130.48828125,-228.91027832,-20.9492435455,385.562286377,-47.3694419861,90.1922912598,15.4029130936,63.5375671387,21.8862304688,22.2745189667,-5.95473957062,18.544549942,43.5223770142],[-1389.03210449,120.951560974,166.389663696,-47.3694419861,300.190795898,-51.2784194946,80.8328323364,-23.7055721283,49.1684570312,-2.23619008064,22.8462429047,4.02395296097,26.4298038483],[1531.78625488,-192.350341797,-53.5938529968,90.1922912598,-51.2784194946,400.750701904,78.6702194214,62.7926483154,-4.8340010643,62.8369369507,27.03307724,-13.0000286102,-0.438222885132],[-37.9675369263,72.4718475342,-21.6069736481,15.4029130936,80.8328323364,78.6702194214,201.705276489,19.4423923492,5.36374425888,17.1816234589,39.5972251892,-7.57095813751,15.1065244675],[378.94543457,-114.891395569,26.6358890533,63.5375671387,-23.7055721283,62.7926483154,19.4423923492,125.161003113,24.8519802094,20.3615894318,12.6077508926,15.9294624329,12.710398674],[-318.412811279,-20.0944252014,37.7865142822,21.8862304688,49.1684570312,-4.8340010643,5.36374425888,24.8519802094,114.474136353,23.8130741119,6.63101577759,8.22764873505,22.1234035492],[213.031005859,-66.1497879028,-10.6881780624,22.2745189667,-2.23619008064,62.8369369507,17.1816234589,20.3615894318,23.8130741119,87.1243667603,28.3925266266,1.01821875572,7.44206523895],[-45.485332489,41.0681800842,-5.83349084854,-5.95473957062,22.8462429047,27.03307724,39.5972251892,12.6077508926,6.63101577759,28.3925266266,89.5202713013,19.8604755402,5.14346694946],[-148.360946655,-76.7315216064,52.1743087769,18.544549942,4.02395296097,-13.0000286102,-7.57095813751,15.9294624329,8.22764873505,1.01821875572,19.8604755402,92.7156677246,36.6062507629],[-12.0543222427,-4.09305429459,-12.8894376755,43.5223770142,26.4298038483,-0.438222885132,15.1065244675,12.710398674,22.1234035492,7.44206523895,5.14346694946,36.6062507629,95.0124893188]],"icov":[[0.00056501396466,-0.000977994641289,0.00102591735777,-0.00143005058635,0.00130116322543,-0.00195197993889,0.000776451081038,-0.00112837308552,0.000938713026699,-0.000731210631784,0.00108805950731,-0.000802592549007,0.000569356430788],[-0.000977994641289,0.00255888025276,-0.00135806610342,0.00281482655555,-0.00258404668421,0.00370031083003,-0.00154101930093,0.00220896932296,-0.00165394181386,0.00184679764789,-0.0025010551326,0.0020169550553,-0.00120331905782],[0.00102591735777,-0.00135806610342,0.00328887393698,-0.00244829128496,0.00130537804216,-0.00339097622782,0.00168927118648,-0.00239757588133,0.0016547847772,-0.0010439157486,0.00204716622829,-0.00206891004927,0.00169544515666],[-0.00143005058635,0.00281482655555,-0.00244829128496,0.00689009716734,-0.00291534466669,0.00459576398134,-0.00220778421499,0.00190537900198,-0.0027225301601,0.00190706329886,-0.00237258989364,0.00215297192335,-0.0028366537299],[0.00130116322543,-0.00258404668421,0.00130537804216,-0.00291534466669,0.0084092002362,-0.00396858854219,-0.000469474704005,-0.00126123963855,0.0000947579101194,-0.00140156922862,0.00191162840929,-0.00133388035465,-0.0000497109795106],[-0.00195197993889,0.00370031083003,-0.00339097622782,0.00459576398134,-0.00396858854219,0.010308467783,-0.00405606301501,0.00295810448006,-0.00266821193509,0.000722225871868,-0.0040346882306,0.00352006289177,-0.0018258523196],[0.000776451081038,-0.00154101930093,0.00168927118648,-0.00220778421499,-0.000469474704005,-0.00405606301501,0.00817845202982,-0.00255930866115,0.00214947294444,-0.00073646591045,-0.000772517058067,-0.0000117581057566,0.0000300740448438],[-0.00112837308552,0.00220896932296,-0.00239757588133,0.00190537900198,-0.00126123963855,0.00295810448006,-0.00255930866115,0.0126317963004,-0.00414717616513,0.00125778408255,-0.00298418989405,0.000616576173343,-0.001373345498],[0.000938713026699,-0.00165394181386,0.0016547847772,-0.0027225301601,0.0000947579101194,-0.00266821193509,0.00214947294444,-0.00414717616513,0.0126389162615,-0.00431119836867,0.00227932236157,-0.00105847092345,-0.000627022644039],[-0.000731210631784,0.00184679764789,-0.0010439157486,0.00190706329886,-0.00140156922862,0.000722225871868,-0.00073646591045,0.00125778408255,-0.00431119836867,0.016705436632,-0.00634693261236,0.00267077493481,-0.00167639867868],[0.00108805950731,-0.0025010551326,0.00204716622829,-0.00237258989364,0.00191162840929,-0.0040346882306,-0.000772517058067,-0.00298418989405,0.00227932236157,-0.00634693261236,0.0173896178603,-0.00615350529552,0.00276233605109],[-0.000802592549007,0.0020169550553,-0.00206891004927,0.00215297192335,-0.00133388035465,0.00352006289177,-0.0000117581057566,0.000616576173343,-0.00105847092345,0.00267077493481,-0.00615350529552,0.0164766702801,-0.00695286691189],[0.000569356430788,-0.00120331905782,0.00169544515666,-0.0028366537299,-0.0000497109795106,-0.0018258523196,0.0000300740448438,-0.001373345498,-0.000627022644039,-0.00167639867868,0.00276233605109,-0.00695286691189,0.0150656253099]],"mean":[-71.6663818359,146.439743042,-131.448822021,18.9668560028,-47.0355186462,-1.02185130119,-29.0086593628,-2.71080613136,-16.4239692688,-4.96728420258,-7.91445970535,-5.59856319427,-8.80195617676]},"hfc":{"dmean":2.47442865372,"dmean2":3.89116573334,"dvar":11.7096843719,"dvar2":28.4579277039,"max":92.9488449097,"mean":15.636554718,"median":13.1877145767,"min":7.98745702468e-7,"var":212.851501465},"melbands":{"dmean":[0.000687865132932,0.00102187751327,0.000702268152963,0.000370739842765,0.000259878899669,0.000241256071604,0.000225112962653,0.000117053183203,0.000168447455508,0.0000819639099063,0.000103892867628,0.0000822044385131,0.0000436492700828,0.0000507638469571,0.000053613603086,0.0000367180218745,0.0000337255405611,0.0000260934084508,0.0000196738928935,0.0000107456526166,0.00000841992459755,0.00000810810070107,0.00000433998366134,0.00000447874163001,0.00000333359116667,0.00000281779102806,0.00000309921892949,9.59072849582e-7,4.77764388052e-7,8.84007988589e-7,4.43085099278e-7,4.20445019245e-7,3.67547897895e-7,2.13827831885e-7,1.41638849982e-7,1.41357631378e-7,1.73201499365e-7,1.00573565476e-7,5.91054529764e-8,4.12245029224e-8],"dmean2":[0.00109502393752,0.00165935256518,0.00116967409849,0.000601554871537,0.000426696438808,0.00039896753151,0.000367326196283,0.000184368240298,0.000259542954154,0.000128033847432,0.000160479146871,0.000124770158436,0.0000668220236548,0.0000833184531075,0.000087092492322,0.0000558559549972,0.0000545222756045,0.0000420898359152,0.0000304001368931,0.0000172919990291,0.0000137716870086,0.0000134018273457,0.00000706970604369,0.00000732626540412,0.00000551582343178,0.0000046416666919,0.00000504832360093,0.00000155407337843,7.87364172083e-7,0.00000145474132296,7.09127675691e-7,6.62908462346e-7,5.59160241664e-7,3.37023152497e-7,2.20243279614e-7,2.10187849348e-7,2.6116964591e-7,1.55765746968e-7,9.02480934428e-8,6.2782945065e-8],"dvar":[0.00000352997130904,0.00000688427371642,0.00000202791034098,4.39460649204e-7,1.92485430262e-7,2.24067420618e-7,2.49918628015e-7,6.14783246533e-8,1.8014478087e-7,4.29755893094e-8,5.87982533773e-8,2.62417749752e-8,6.11548500729e-9,9.18082498913e-9,1.19589715908e-8,5.60052137999e-9,4.9258397361e-9,4.17854417734e-9,1.79662562605e-9,1.01360775329e-9,3.83728604447e-10,1.96612059966e-10,5.75182332319e-11,6.97399984984e-11,3.16973461367e-11,3.41725155117e-11,3.89557205938e-11,6.03135380181e-12,9.11658227208e-13,2.87721842879e-12,1.45021733337e-12,1.0391465249e-12,1.13382502172e-12,3.37391491698e-13,2.37570651086e-13,3.27480637009e-13,6.90543705117e-13,2.81786963555e-13,1.12627097861e-13,6.5833697814e-14],"dvar2":[0.00000916475164559,0.0000180475726665,0.00000536904326509,0.00000117012177725,5.12118788265e-7,5.77092464482e-7,6.43121893518e-7,1.47343712342e-7,4.45104205937e-7,1.13878058983e-7,1.47875951484e-7,6.22293256924e-8,1.44788074863e-8,2.56634784535e-8,3.19546025196e-8,1.24939081303e-8,1.22032117744e-8,1.02494537302e-8,4.21541379581e-9,2.21484475205e-9,9.11189290687e-10,5.43736611291e-10,1.41976555512e-10,1.73342576404e-10,8.54554899066e-11,9.07925679083e-11,9.81130940381e-11,1.40702293566e-11,2.45106539232e-12,7.70403706107e-12,3.51214630295e-12,2.34771425391e-12,2.47973950401e-12,8.12701468622e-13,5.9377768544e-13,6.85998512769e-13,1.67531689476e-12,7.18392359489e-13,2.71317283961e-13,1.58646126834e-13],"max":[0.0276506356895,0.0386693291366,0.0244616679847,0.0100537631661,0.0103636356071,0.0162300448865,0.0130395097658,0.0064028291963,0.0132768675685,0.00594900036231,0.00967491324991,0.0055572995916,0.003520288039,0.00249310396612,0.00233612232842,0.00173800822813,0.00196675444022,0.00201029377058,0.00174403574783,0.00177198427264,0.000795910833403,0.000360130507033,0.000199637142941,0.000206304772291,0.000106103332655,0.000197483663214,0.000161283925991,0.0000956930234679,0.0000271705121122,0.0000289426079689,0.0000422912125941,0.0000319499231409,0.0000336069279001,0.000018871125576,0.0000185955523193,0.0000254686437984,0.0000505802599946,0.0000291190099233,0.0000165909477801,0.0000152848133439],"mean":[0.0013743363088,0.00225385907106,0.00118140748236,0.000694108195603,0.000517477863468,0.000472832965897,0.000463634904008,0.000260042899754,0.000352402479621,0.000184727352462,0.000207176592085,0.000190526799997,0.000106627354398,0.000105073799205,0.000102907171822,0.0000754467255319,0.0000682319732732,0.000051855447964,0.0000397561670979,0.0000211580063478,0.000016886215235,0.0000149902680278,0.00000947058833844,0.00000919165813684,0.00000672517717248,0.00000569446092413,0.00000624075437372,0.00000218700847654,0.00000121936375308,0.00000179561823188,9.7625206763e-7,9.50049809489e-7,8.34551599382e-7,5.03973240029e-7,3.35353320224e-7,3.27074246798e-7,3.61950668548e-7,2.04396684467e-7,1.19370980656e-7,8.20162853188e-8],"median":[0.000237866566749,0.000507805147208,0.000487644370878,0.00033356831409,0.00027898629196,0.000243954826146,0.000214641157072,0.000123256017105,0.00012793042697,0.0000719310191926,0.0000861290172907,0.0000737662703614,0.0000463215328637,0.0000524301649421,0.0000451851665275,0.0000325796208926,0.0000318968486681,0.0000202156224987,0.0000172864747583,0.00000959403314482,0.00000863202512846,0.00000813607402961,0.00000525042923982,0.00000432369961345,0.00000321049424201,0.00000188455237549,0.00000244702346208,6.72483167818e-7,4.5139586291e-7,6.30291765447e-7,1.93471905163e-7,2.2977712888e-7,1.34036497457e-7,7.11087864147e-8,4.1004636131e-8,3.45746400399e-8,2.26833520856e-8,1.36456392852e-8,8.16777667723e-9,5.09573450103e-9],"min":[1.23725035344e-14,7.40369688097e-16,9.77905572715e-16,1.56233236594e-15,8.87992601847e-16,3.77533013684e-16,5.23545929561e-16,3.48609114937e-16,2.9148328068e-16,2.09565930258e-16,1.84728846366e-16,2.18035015651e-16,2.19650201602e-16,1.94563613568e-16,1.56157101567e-16,9.46244659052e-17,1.36678030462e-16,1.14139092541e-16,2.07530735078e-16,2.51788431566e-16,2.87809222332e-16,1.55283903242e-16,1.09609967667e-16,1.09746823045e-16,2.2301564879e-16,1.81889512518e-16,1.2246025157e-16,1.76716973477e-16,2.28831879931e-16,2.39900165332e-16,3.38369863033e-16,3.66479657239e-16,1.8897637249e-16,2.39211659895e-16,2.72232339371e-16,1.32439742292e-16,3.56564368968e-16,2.67631706388e-16,3.37626671031e-16,4.0774588482e-16],"var":[0.00000652106655252,0.0000137322322189,0.00000316910768561,9.44409123349e-7,4.65418281692e-7,4.97912026276e-7,6.13366751168e-7,1.93463051801e-7,5.57889222819e-7,1.22516752299e-7,1.74865448344e-7,9.2997673562e-8,2.22895497615e-8,2.47406255482e-8,2.72196558626e-8,1.65374416383e-8,1.39951046307e-8,9.58592316636e-9,4.6032888612e-9,2.60409827035e-9,9.8195218623e-10,4.02226058016e-10,1.66960362202e-10,1.84726650643e-10,8.46557962619e-11,8.55346349304e-11,1.06399056232e-10,1.97071404334e-11,3.70902267233e-12,7.41947735888e-12,4.25363433712e-12,3.89636847092e-12,3.9681639051e-12,1.27086503213e-12,7.32872963705e-13,1.18149327127e-12,1.78480927954e-12,5.93186090525e-13,2.05319295636e-13,1.07965902657e-13]},"melbands_crest":{"dmean":2.8963932991,"dmean2":4.69730138779,"dvar":7.43545198441,"dvar2":18.7956867218,"max":36.2565956116,"mean":13.3408279419,"median":12.3187904358,"min":3.56831669807,"var":30.3358211517},"melbands_flatness_db":{"dmean":0.0201754681766,"dmean2":0.0310068614781,"dvar":0.00042730208952,"dvar2":0.000970020133536,"max":0.588027358055,"mean":0.250591695309,"median":0.23884986341,"min":0.0716745480895,"var":0.00532337231562},"melbands_kurtosis":{"dmean":3.96668314934,"dmean2":6.41261053085,"dvar":79.6736373901,"dvar2":225.38710022,"max":245.649734497,"mean":8.00798988342,"median":4.2751455307,"min":-1.8929618597,"var":244.307327271},"melbands_skewness":{"dmean":0.512971103191,"dmean2":0.802888631821,"dvar":0.342762470245,"dvar2":0.853667676449,"max":14.1065349579,"mean":2.0325729847,"median":1.8320646286,"min":-2.9507689476,"var":1.74780988693},"melbands_spread":{"dmean":3.75475406647,"dmean2":5.90279769897,"dvar":20.7165145874,"dvar2":49.9915924072,"max":134.355606079,"mean":17.8947753906,"median":16.7325839996,"min":0.817270815372,"var":138.422042847},"mfcc":{"cov":[[17046.0996094,499.007995605,-1388.01879883,55.5002174377,-675.335632324,779.862854004,422.461761475,338.737823486,92.8250732422,405.453857422,39.8694572449,186.395797729,39.0114784241],[499.007995605,1617.67504883,-262.679626465,-24.7572746277,-8.96350955963,-31.3278617859,26.761510849,-36.4854316711,-62.9669189453,-53.4743041992,36.6604270935,-37.4792823792,-31.3458843231],[-1388.01879883,-262.679626465,707.726928711,-9.06050777435,129.310043335,-32.847328186,-28.0718688965,7.60574197769,5.73694992065,-25.3307991028,-21.1980304718,-1.39317286015,13.3740339279],[55.5002174377,-24.7572746277,-9.06050777435,330.381195068,30.8937683105,-37.1684875488,-19.4535636902,7.83551740646,39.3952026367,-22.7638816833,-28.3896636963,7.24037694931,24.3767738342],[-675.335632324,-8.96350955963,129.310043335,30.8937683105,191.16645813,-11.4779539108,-34.2954521179,-0.918524801731,23.2259902954,-6.36823225021,-1.35239589214,-8.27369117737,7.51220035553],[779.862854004,-31.3278617859,-32.847328186,-37.1684875488,-11.4779539108,216.820724487,91.623626709,27.1634674072,31.8230724335,54.0460968018,18.1948776245,24.4475917816,12.3576498032],[422.461761475,26.761510849,-28.0718688965,-19.4535636902,-34.2954521179,91.623626709,187.559127808,46.9884414673,7.77834415436,34.005241394,20.4071445465,36.9842987061,16.2054405212],[338.737823486,-36.4854316711,7.60574197769,7.83551740646,-0.918524801731,27.1634674072,46.9884414673,110.265663147,27.4801902771,8.29718017578,9.97629261017,18.2064838409,16.8868656158],[92.8250732422,-62.9669189453,5.73694992065,39.3952026367,23.2259902954,31.8230724335,7.77834415436,27.4801902771,116.280181885,27.9061412811,-14.0631933212,16.6063308716,12.4190587997],[405.453857422,-53.4743041992,-25.3307991028,-22.7638816833,-6.36823225021,54.0460968018,34.005241394,8.29718017578,27.9061412811,120.771751404,38.762348175,3.44361591339,3.00881791115],[39.8694572449,36.6604270935,-21.1980304718,-28.3896636963,-1.35239589214,18.1948776245,20.4071445465,9.97629261017,-14.0631933212,38.762348175,105.292396545,12.7604579926,-6.94854784012],[186.395797729,-37.4792823792,-1.39317286015,7.24037694931,-8.27369117737,24.4475917816,36.9842987061,18.2064838409,16.6063308716,3.44361591339,12.7604579926,81.7197494507,23.5482978821],[39.0114784241,-31.3458843231,13.3740339279,24.3767738342,7.51220035553,12.3576498032,16.2054405212,16.8868656158,12.4190587997,3.00881791115,-6.94854784012,23.5482978821,87.2408065796]],"icov":[[0.000108040694613,-0.0000399727177864,0.00013216091611,-0.0000858725907165,0.000269356271019,-0.000328848662321,0.00012360328401,-0.000326868525008,0.000138408242492,-0.000313427968649,0.000202910188818,-0.000176136527443,0.0000595688725298],[-0.0000399727177864,0.000732463609893,0.000252227473538,0.0000762378112995,-0.000316828285577,0.000225055366172,-0.000376297190087,0.000342599319993,0.0000739870083635,0.000599012942985,-0.000432067085057,0.000435795926023,0.0000368322835129],[0.00013216091611,0.000252227473538,0.00194227346219,0.000133109555463,-0.000915034266654,-0.000151743632159,0.00000233885180023,-0.000512814498506,0.000339819584042,-0.0000577331629756,0.000440921401605,-0.000217598673771,-0.0000568307295907],[-0.0000858725907165,0.0000762378112995,0.000133109555463,0.00350914523005,-0.00069926166907,0.000948194938246,-0.000130535991048,0.000217165739741,-0.00131940748543,0.000807931297459,0.000279563188087,0.0000133152325361,-0.00084839342162],[0.000269356271019,-0.000316828285577,-0.000915034266654,-0.00069926166907,0.00722640519962,-0.00109842349775,0.00142212433275,-0.000742217991501,-0.00108172558248,-0.000492908409797,-0.000311080744723,0.00027723464882,-0.000414408947108],[-0.000328848662321,0.000225055366172,-0.000151743632159,0.000948194938246,-0.00109842349775,0.00757343741134,-0.00310973054729,0.00104610493872,-0.00169230101164,-0.00071631022729,-0.000557377061341,0.000150955980644,-0.000436331960373],[0.00012360328401,-0.000376297190087,0.00000233885180023,-0.000130535991048,0.00142212433275,-0.00310973054729,0.00838457141072,-0.00305474479683,0.00130492588505,-0.00162455812097,0.000355168769602,-0.00268306257203,-0.000179732058314],[-0.000326868525008,0.000342599319993,-0.000512814498506,0.000217165739741,-0.000742217991501,0.00104610493872,-0.00305474479683,0.012206193991,-0.00309343729168,0.00212525343522,-0.00214693532325,0.000462272611912,-0.00152105442248],[0.000138408242492,0.0000739870083635,0.000339819584042,-0.00131940748543,-0.00108172558248,-0.00169230101164,0.00130492588505,-0.00309343729168,0.0119172642007,-0.00380567461252,0.00327671389095,-0.00253794202581,0.00035133070196],[-0.000313427968649,0.000599012942985,-0.0000577331629756,0.000807931297459,-0.000492908409797,-0.00071631022729,-0.00162455812097,0.00212525343522,-0.00380567461252,0.0128617174923,-0.00527369463816,0.00264688627794,-0.000863541557919],[0.000202910188818,-0.000432067085057,0.000440921401605,0.000279563188087,-0.000311080744723,-0.000557377061341,0.000355168769602,-0.00214693532325,0.00327671389095,-0.00527369463816,0.0128316283226,-0.00314841023646,0.00165092223324],[-0.000176136527443,0.000435795926023,-0.000217598673771,0.0000133152325361,0.00027723464882,0.000150955980644,-0.00268306257203,0.000462272611912,-0.00253794202581,0.00264688627794,-0.00314841023646,0.015871508047,-0.00363621022552],[0.0000595688725298,0.0000368322835129,-0.0000568307295907,-0.00084839342162,-0.000414408947108,-0.000436331960373,-0.000179732058314,-0.00152105442248,0.00035133070196,-0.000863541557919,0.00165092223324,-0.00363621022552,0.0132129518315]],"mean":[-702.8671875,170.791549683,-17.2242336273,19.9703369141,0.771015286446,2.97848153114,-3.02667355537,1.49054801464,-5.63153457642,-0.52561968565,0.268175035715,-2.35342001915,-2.71664690971]},"pitch_salience":{"dmean":0.0620891675353,"dmean2":0.101439297199,"dvar":0.00313580944203,"dvar2":0.00841941777617,"max":0.874651491642,"mean":0.550790071487,"median":0.556660115719,"min":0.145356833935,"var":0.0109674669802},"silence_rate_20dB":{"dmean":0,"dmean2":0,"dvar":0,"dvar2":0,"max":1,"mean":1,"median":1,"min":1,"var":0},"silence_rate_30dB":{"dmean":0.0140651520342,"dmean2":0.0281325783581,"dvar":0.0138674965128,"dvar2":0.0331621915102,"max":1,"mean":0.987633347511,"median":1,"min":0,"var":0.0122135682032},"silence_rate_60dB":{"dmean":0.0269986260682,"dmean2":0.0540016181767,"dvar":0.0262729339302,"dvar2":0.0580490604043,"max":1,"mean":0.202554151416,"median":0,"min":0,"var":0.161512449384},"spectral_centroid":{"dmean":139.126037598,"dmean2":216.692825317,"dvar":27710.3828125,"dvar2":57387.2773438,"max":11177.21875,"mean":961.074523926,"median":893.501831055,"min":177.444168091,"var":312734.28125},"spectral_complexity":{"dmean":1.89507722855,"dmean2":3.17849636078,"dvar":3.34395027161,"dvar2":9.07662010193,"max":46,"mean":17.800113678,"median":20,"min":0,"var":108.588119507},"spectral_contrast_coeffs":{"dmean":[0.0472973026335,0.0421718098223,0.0316536314785,0.0265338588506,0.0209577716887,0.0154136847705],"dmean2":[0.0786071643233,0.0702192559838,0.0518002770841,0.0432212539017,0.0333837717772,0.0244208909571],"dvar":[0.00146596482955,0.00120200170204,0.000651990470942,0.000463746400783,0.000306510337396,0.000180215647561],"dvar2":[0.00392007501796,0.00327752856538,0.00171650876291,0.00119236717001,0.000729515159037,0.000420773372753],"max":[-0.311566889286,-0.407075822353,-0.512039482594,-0.537265658379,-0.558935523033,-0.612510442734],"mean":[-0.637608408928,-0.716206550598,-0.747994244099,-0.747260987759,-0.753448426723,-0.74893951416],"median":[-0.641371428967,-0.718415856361,-0.74634039402,-0.746950149536,-0.750530898571,-0.739126324654],"min":[-0.963266074657,-0.974793612957,-0.974497437477,-0.966627657413,-0.968432188034,-0.960713326931],"var":[0.00759291136637,0.00511073321104,0.00349469529465,0.00378726492636,0.00287920725532,0.00273036467843]},"spectral_contrast_valleys":{"dmean":[0.375945419073,0.292183965445,0.244814887643,0.211598142982,0.175367504358,0.174736589193],"dmean2":[0.626612961292,0.486069589853,0.405573010445,0.345269382,0.270655304193,0.241109907627],"dvar":[0.108096629381,0.0658130198717,0.0480508245528,0.0422572568059,0.0440359860659,0.0475414022803],"dvar2":[0.270416259766,0.161800801754,0.114040613174,0.0908934101462,0.0819500759244,0.0687336996198],"max":[-5.09125709534,-4.57049226761,-5.35823965073,-6.08702516556,-6.19088792801,-7.95543575287],"mean":[-7.55843734741,-6.85684967041,-7.65778589249,-8.24660396576,-8.73301124573,-11.8307723999],"median":[-7.22232580185,-6.36217403412,-6.98629379272,-7.59736919403,-8.36890029907,-11.7841300964],"min":[-27.2521858215,-27.1069889069,-27.138874054,-27.0737476349,-27.1988258362,-27.2300186157],"var":[2.75344204903,2.77483868599,3.24665665627,3.06951880455,2.65860748291,2.37577009201]},"spectral_decrease":{"dmean":1.72838277024e-9,"dmean2":2.75575451347e-9,"dvar":8.77234469471e-18,"dvar2":2.1502123272e-17,"max":1.20942777752e-14,"mean":-7.32534566339e-9,"median":-5.36052890965e-9,"min":-4.69679122261e-8,"var":5.11130517666e-17},"spectral_energy":{"dmean":0.00667501287535,"dmean2":0.0106388209388,"dvar":0.000127693041577,"dvar2":0.000312994554406,"max":0.180349826813,"mean":0.0290657710284,"median":0.0215992610902,"min":3.88130812212e-11,"var":0.00079063832527},"spectral_energyband_high":{"dmean":0.0000525408431713,"dmean2":0.0000782374627306,"dvar":1.51791184066e-8,"dvar2":3.09508187968e-8,"max":0.00460006250069,"mean":0.000184924196219,"median":0.0000619382481091,"min":1.15619779376e-11,"var":1.05334343914e-7},"spectral_energyband_low":{"dmean":0.00475595286116,"dmean2":0.00755697814748,"dvar":0.000116293456813,"dvar2":0.000288719020318,"max":0.158637732267,"mean":0.0112046264112,"median":0.00397634785622,"min":6.04784709183e-14,"var":0.000268096890068},"spectral_energyband_middle_high":{"dmean":0.00140031427145,"dmean2":0.00218822807074,"dvar":0.0000051182887546,"dvar2":0.0000128670217237,"max":0.0815683230758,"mean":0.00618299702182,"median":0.00474092597142,"min":2.55655753186e-14,"var":0.0000442401833425},"spectral_energyband_middle_low":{"dmean":0.00400040950626,"dmean2":0.00647549284622,"dvar":0.0000338691461366,"dvar2":0.0000873535027495,"max":0.0881192162633,"mean":0.0132944146171,"median":0.0101839788258,"min":2.31799578447e-14,"var":0.000156973444973},"spectral_entropy":{"dmean":0.115189224482,"dmean2":0.176452189684,"dvar":0.0150188086554,"dvar2":0.0323850624263,"max":9.80871105194,"mean":7.05585956573,"median":7.12880897522,"min":4.90940999985,"var":0.355623066425},"spectral_flux":{"dmean":0.0160133782774,"dmean2":0.026144022122,"dvar":0.000461380754132,"dvar2":0.00109015707858,"max":0.34019818902,"mean":0.0678476467729,"median":0.0625998079777,"min":0.000107846783067,"var":0.00232688128017},"spectral_kurtosis":{"dmean":3.98572611809,"dmean2":6.95490074158,"dvar":24.8107872009,"dvar2":72.7984161377,"max":105.788658142,"mean":10.8774003983,"median":7.53026342392,"min":-1.25235664845,"var":120.942207336},"spectral_rms":{"dmean":0.000537828193046,"dmean2":0.000845343107358,"dvar":4.6351968308e-7,"dvar2":0.00000110113944629,"max":0.0132646542042,"mean":0.00456146756187,"median":0.00459047406912,"min":1.94592956859e-7,"var":0.00000754992242946},"spectral_rolloff":{"dmean":235.1512146,"dmean2":399.569366455,"dvar":300022.15625,"dvar2":841366.1875,"max":21985.4003906,"mean":1324.95629883,"median":947.4609375,"min":64.599609375,"var":6733718.5},"spectral_skewness":{"dmean":0.336581766605,"dmean2":0.573732852936,"dvar":0.126841589808,"dvar2":0.354398012161,"max":8.66404628754,"mean":2.14692020416,"median":1.91134250164,"min":-0.010111797601,"var":0.864295721054},"spectral_spread":{"dmean":260462.109375,"dmean2":390536.0625,"dvar":151957897216,"dvar2":245096169472,"max":41323200,"mean":3132968,"median":2583005.75,"min":726433.875,"var":10104601575400},"spectral_strongpeak":{"dmean":0.357122272253,"dmean2":0.613682508469,"dvar":0.355756223202,"dvar2":0.911643207073,"max":8.67385482788,"mean":0.679511547089,"median":0.432115077972,"min":0,"var":0.644661307335},"zerocrossingrate":{"dmean":0.00538040883839,"dmean2":0.00666521675885,"dvar":0.000108860214823,"dvar2":0.00012980295287,"max":0.90673828125,"mean":0.0475092679262,"median":0.03662109375,"min":0.00341796875,"var":0.00631447276101}},"metadata":{"audio_properties":{"analysis_sample_rate":44100,"bit_rate":0,"codec":"flac","downmix":"mix","equal_loudness":0,"length":287.239990234,"lossless":true,"md5_encoded":"aafd1ce0119d2605a9b38b5630065dfa","replay_gain":-12.9196128845},"tags":{"album":["Neon Bible"],"albumartist":["Arcade Fire"],"albumartistsort":["Arcade Fire"],"arranger":["Arcade Fire"],"artist":["Arcade Fire"],"artistsort":["Arcade Fire"],"asin":["B000MMLOE2"],"barcode":["602517233881"],"catalognumber":["MRG285"],"composer":["Arcade Fire"],"conductor":["István Silló","Peter Drucker"],"date":["2007-03-05"],"discnumber":["1"],"disctotal":["1"],"file_name":"11 My Body Is a Cage.flac","genre":["Alternative And Punk"],"isrc":["GBUM70607728"],"label":["Merge Records"],"lyricist":["Arcade Fire"],"media":["CD"],"mixer":["Nick Launay","Arcade Fire"],"musicbrainz_albumartistid":["52074ba6-e495-4ef3-9bb4-0703888a9f68"],"musicbrainz_albumid":["b326d239-245a-49b5-b5e1-2adb94df7740"],"musicbrainz_artistid":["52074ba6-e495-4ef3-9bb4-0703888a9f68"],"musicbrainz_recordingid":["522ef911-1145-4581-ac17-b6243d936735"],"musicbrainz_releasegroupid":["c091b282-aa91-3bc0-9c95-938db1f1f930"],"musicbrainz_releasetrackid":["029b585a-1dac-3b7b-a0e1-f0350093cd3f"],"musicbrainz_workid":["a87d2c21-0ad9-3611-abbf-e80b21038445"],"originaldate":["2007-03-02"],"performer":["Shauna Callender (guest choir vocals)","Jean Sherwood (guest choir vocals)","Joanne Degand (guest choir vocals)","Chantel Gero (guest choir vocals)","Tasha Gero (guest choir vocals)","Owen Pallett (guest violin)","Mélanie Auclair (guest cello)","Marika Anthony-Shaw (guest viola)","Pietro Amato (guest brass)","Colin Stetson (guest brass)","Geoffrey Shoesmith (guest brass)","Edith Gruber (guest brass)","Andreas Stolzfus (guest brass)","Laurent Ménard (guest brass)","Margaret Gundara (guest brass)","Jake Henry (guest brass)"],"producer":[