{"lowlevel":{"average_loudness":0.922572076321,"barkbands":{"dmean":[0.0000881671949173,0.00173195963725,0.00128731655423,0.001718939282,0.00380847183987,0.00137537985574,0.00117969012354,0.000957256066613,0.0012620142661,0.000364461942809,0.000386933097616,0.000321645493386,0.000339260062901,0.000190275750356,0.000118974938232,0.0000750746039557,0.0000890754163265,0.0000740350078559,0.0000925309141167,0.000147083119373,0.000294433411909,0.000209192905459,0.00014199904399,0.0000941720500123,0.0000268826970569,0.00002296882667,0.00000162591925346],"dmean2":[0.00014076338266,0.00291591719724,0.00219252659008,0.00287399697118,0.00604107929394,0.00207500695251,0.00174120150041,0.00144321075641,0.00188826653175,0.000551191333216,0.000578420585953,0.000491146463901,0.000530508288648,0.000294845143799,0.000191575309145,0.000118331998237,0.000138161922223,0.000115939074021,0.000141690223245,0.00021797507361,0.000453487446066,0.000308810704155,0.000205272852327,0.000135019901791,0.0000382531143259,0.0000341500490322,0.00000256907810581],"dvar":[3.56958906877e-8,0.0000120593467727,0.00000543454007129,0.00000920094680623,0.0000364986335626,0.0000111215485958,0.00000513959093951,0.00000576248976358,0.00000747575586502,9.51325318965e-7,0.00000105677997908,5.91774664827e-7,4.81763720472e-7,1.44636089772e-7,7.82906823815e-8,3.78912119459e-8,4.12460714472e-8,1.7438443578e-8,1.28679317868e-7,3.41504062362e-7,0.00000165360540905,7.38174492199e-7,2.57054836084e-7,1.27892903379e-7,2.9743747465e-9,3.8059564389e-9,2.39190438289e-11],"dvar2":[8.49771808475e-8,0.000032235380786,0.0000152898446686,0.0000238083812292,0.0000866841219249,0.0000228947483265,0.0000105435610749,0.0000126079357869,0.0000171545652847,0.00000215115301216,0.00000231657691074,0.00000132255320295,0.00000118352591016,3.46388674188e-7,2.1125846672e-7,8.43820586738e-8,9.05964014919e-8,4.41270167073e-8,2.93231693149e-7,7.76808633418e-7,0.00000369565509573,0.00000155066118168,5.08335574523e-7,2.36779257534e-7,6.15367046208e-9,9.15718434413e-9,5.91458965138e-11],"max":[0.00216891034506,0.0453249365091,0.0262945704162,0.0378025993705,0.0696892812848,0.0587127320468,0.0427193827927,0.0507265105844,0.0576032437384,0.0380866602063,0.022359052673,0.0152798583731,0.0145679097623,0.0080159585923,0.00601350795478,0.00566407712176,0.00732596358284,0.00251317070797,0.00920862518251,0.0142316389829,0.0249834675342,0.0196205656976,0.0106198722497,0.00863995496184,0.000797750253696,0.00156394368969,0.00009607134416],"mean":[0.0000970495166257,0.00232497579418,0.00181379436981,0.00239028036594,0.0069485809654,0.00254945456982,0.002437438583,0.0016131605953,0.00256625376642,0.000656745804008,0.000767821155023,0.000577029248234,0.000710463966243,0.000357178185368,0.000197139117518,0.000135466412758,0.000170101819094,0.000140852178447,0.000140847769217,0.000195770961,0.000361291167792,0.000279886240605,0.000195703774807,0.000132462606416,0.0000365203886759,0.0000253049947787,0.00000153392454649],"median":[0.0000192040424736,0.0011062535923,0.000995986163616,0.000912903109565,0.00355832278728,0.000865514099132,0.000844131049234,0.000430133368354,0.000585932284594,0.000160271360073,0.000127875682665,0.000163328950293,0.000260592729319,0.000124409823911,0.0000791229686001,0.0000682244426571,0.000086065279902,0.0000644155297778,0.0000627209738013,0.0000521128604305,0.0000524125935044,0.0000384072045563,0.0000288823830488,0.0000186120596481,0.00000741505664337,0.00000381533300242,1.70936260702e-7],"min":[6.17214731614e-25,3.5587917516e-24,1.95565402608e-24,1.07360439048e-24,9.38720811386e-24,7.05383407572e-24,6.39547324676e-24,6.66799589609e-24,2.01356036083e-23,1.00957061809e-23,1.79126393313e-23,2.48928608517e-23,2.44065233704e-23,2.01387385415e-23,3.63593879825e-23,5.3336564498e-23,7.93389597906e-23,7.61088962389e-23,1.28775560056e-22,1.77939908646e-22,2.72218505587e-22,2.8382064264e-22,4.2328582332e-22,5.57808922958e-22,8.66823384774e-22,1.27808552902e-21,1.80136713349e-21],"var":[4.07316029793e-8,0.0000139810090332,0.00000618193098489,0.0000162305495905,0.0000859110077727,0.0000294246692647,0.0000161632870004,0.0000121571065392,0.0000220382171392,0.0000021023060981,0.00000293828452413,0.00000145595265622,0.00000165593371548,3.96773828015e-7,1.47035564169e-7,8.19724519374e-8,9.51397041149e-8,4.17745766867e-8,1.35662887146e-7,3.73837991674e-7,0.00000224014979722,0.00000142364785916,4.89925810143e-7,2.65853856263e-7,5.00625807476e-9,4.07264399982e-9,2.16577675932e-11]},"barkbands_crest":{"dmean":2.43063306808,"dmean2":3.91881585121,"dvar":5.16403055191,"dvar2":12.5037174225,"max":26.8666934967,"mean":10.1265058517,"median":9.13057327271,"min":2.96912026405,"var":18.2578849792},"barkbands_flatness_db":{"dmean":0.0215154755861,"dmean2":0.0315879061818,"dvar":0.000404361198889,"dvar2":0.000816233223304,"max":0.463218361139,"mean":0.144161760807,"median":0.139503777027,"min":0.0344141125679,"var":0.00261077005416},"barkbands_kurtosis":{"dmean":3.47057509422,"dmean2":5.32899713516,"dvar":55.0378227234,"dvar2":106.354225159,"max":570.292114258,"mean":7.88318395615,"median":3.09569001198,"min":-1.91952502728,"var":802.663146973},"barkbands_skewness":{"dmean":0.554271519184,"dmean2":0.845417439938,"dvar":0.391126960516,"dvar2":0.803867638111,"max":23.712677002,"mean":1.72207415104,"median":1.51913642883,"min":-3.23227787018,"var":3.36919283867},"barkbands_spread":{"dmean":5.36788082123,"dmean2":8.15267562866,"dvar":68.1835403442,"dvar2":142.408554077,"max":129.121551514,"mean":17.3761463165,"median":13.6610050201,"min":1.00301218033,"var":186.535339355},"dissonance":{"dmean":0.0230873227119,"dmean2":0.0380736216903,"dvar":0.000435170513811,"dvar2":0.00112006510608,"max":0.5,"mean":0.447468042374,"median":0.453009843826,"min":0.232616186142,"var":0.0011847265996},"dynamic_complexity":3.72236132622,"erbbands":{"dmean":[0.04966179654,0.420773386955,1.33822238445,3.60177874565,9.84576034546,13.7312965393,13.8092956543,10.4052743912,13.5766029358,20.3877792358,21.7905788422,31.3043384552,10.9939613342,12.0564775467,15.0944805145,11.4999856949,16.1576805115,8.61445236206,7.9604434967,4.96680021286,4.01539850235,4.94741249084,4.17746067047,3.17068052292,6.14063072205,6.45820331573,10.41355896,11.8839836121,8.3669052124,4.29031896591,4.31183862686,2.87876749039,1.08140301704,0.355004489422,0.177522212267,0.103572130203,0.0419641546905,0.00710622640327,0.000196844659513,0.0000136819680847],"dmean2":[0.0809348896146,0.723826169968,2.29437327385,6.00449943542,16.1448841095,21.8531570435,21.6952228546,15.7063694,20.5312843323,29.7210597992,33.1809158325,46.4970016479,16.5961456299,17.9065628052,22.5056476593,17.6472415924,25.0969867706,13.3226413727,12.5886859894,8.02896595001,6.26548719406,7.57124757767,6.48296928406,4.83232164383,9.46239566803,9.56144046783,15.9877223969,17.8216991425,12.2588577271,6.2825088501,6.27278852463,4.18380355835,1.54831850529,0.500169456005,0.256529420614,0.152530655265,0.0634273439646,0.0109274191782,0.000308458256768,0.0000203366053029],"dvar":[0.0123294563964,0.638647973537,5.44703292847,41.9565200806,337.216949463,575.239074707,1055.69641113,781.654663086,793.477966309,2147.16625977,2918.34594727,5042.51464844,680.879516602,1053.14904785,1276.81176758,740.341552734,1109.13562012,259.319763184,332.700897217,108.34765625,129.716537476,165.617965698,58.4939231873,42.7620658875,789.709655762,613.749816895,1843.85229492,2934.41113281,1318.89001465,189.626113892,275.083892822,131.903030396,13.9355716705,0.579841732979,0.144566744566,0.0644758418202,0.0139819709584,0.000481713272166,3.62781463537e-7,4.30319252454e-10],"dvar2":[0.0308123938739,1.79212784767,15.3870735168,111.711997986,881.426696777,1320.90319824,2384.55078125,1621.1685791,1689.09570312,4272.40136719,6860.8984375,11366.0742188,1635.74804688,2326.72485352,2825.73950195,1797.64355469,2725.74731445,608.399902344,874.70715332,288.567749023,274.878570557,371.810394287,151.448562622,97.8521957397,1829.06030273,1352.40319824,4384.45214844,6049.15625,2689.78100586,396.703918457,542.884460449,244.934158325,26.5319347382,1.09711313248,0.315642267466,0.149992480874,0.0340928770602,0.00120698381215,9.09370271529e-7,9.59782808785e-10],"max":[1.41183781624,9.93045520782,25.8443412781,80.3862991333,219.27722168,391.498413086,636.582641602,559.456726074,740.945495605,977.406860352,1203.74487305,1566.26367188,549.630432129,1517.08410645,877.06237793,611.40411377,668.400512695,359.167816162,407.719055176,275.841156006,338.738433838,424.272216797,164.899597168,110.727294922,673.54296875,592.934387207,878.280639648,1071.65515137,920.435852051,355.161407471,403.523956299,288.163360596,94.94947052,15.693145752,6.37969589233,5.06167936325,3.06412529945,0.591609895229,0.0147905796766,0.000394104717998],"mean":[0.0596076063812,0.556321680546,1.93947505951,5.59205579758,14.8187551498,25.1392993927,24.2450618744,19.9177265167,26.539434433,42.8855781555,39.5565261841,64.0114212036,23.4561843872,24.0943756104,32.3532218933,24.0258331299,35.7055702209,18.3561439514,13.7811746597,9.23457431793,7.67001867294,9.97586345673,8.53270721436,5.71505022049,8.7219171524,9.01385116577,12.6046180725,15.013838768,11.2268886566,5.89145088196,5.80622053146,4.0134973526,1.50068032742,0.497608482838,0.23052790761,0.121085166931,0.0445461459458,0.00714491540566,0.000204546246096,0.0000391056928493],"median":[0.0217155329883,0.285793840885,1.13203668594,2.65149450302,6.76435518265,12.211561203,9.37092399597,7.49293279648,11.1792154312,12.8410682678,15.1203937531,15.5772819519,7.80074119568,8.66088867188,10.134311676,9.90949630737,14.3788166046,8.13240814209,5.66256046295,4.79322052002,4.01052761078,4.97601985931,4.18165397644,3.13598155975,3.26848649979,2.51335144043,2.53090238571,1.70466256142,1.41013658047,1.04644167423,0.812880396843,0.545859932899,0.219608262181,0.0975517705083,0.0439766049385,0.0198343284428,0.00618322938681,0.000902069499716,0.0000392078291043,0.0000345646039932],"min":[1.18256409119e-22,4.7862056618e-22,2.48614282787e-21,4.21761744051e-21,1.25192210512e-20,2.78258937484e-20,4.89861399386e-20,8.57458007912e-20,1.40295234412e-19,1.69096719839e-19,2.50467213403e-19,4.69925235099e-19,5.97496389588e-19,8.58115409704e-19,6.1180811345e-19,1.66488565083e-18,1.47043833969e-18,1.10277940827e-18,1.97990911532e-18,2.38983108237e-18,3.5273082358e-18,4.41173553701e-18,5.30573207713e-18,7.12924718801e-18,5.62084446353e-18,8.92967692876e-18,8.47026577964e-18,1.10059068837e-17,1.08486317251e-17,1.24039041575e-17,1.17025625315e-17,1.12537401214e-17,9.7546696486e-18,6.96980481622e-18,6.25408885916e-18,4.31900734957e-18,2.31467510628e-18,9.788042664e-19,2.62962319393e-19,2.55346890777e-20],"var":[0.0132446317002,0.714878857136,6.35391426086,68.5604705811,479.255279541,1451.8737793,2272.93115234,1896.96411133,1993.00427246,6639.28613281,5505.94580078,15064.0888672,1984.42370605,2151.84716797,3766.40380859,2063.05908203,3848.48217773,889.874633789,648.812988281,234.722610474,313.585235596,367.063903809,142.260284424,65.8821105957,783.669006348,720.11151123,2009.1484375,4821.65478516,2621.11035156,338.541503906,500.06628418,272.42276001,27.9195461273,1.17116963863,0.207839131355,0.0765416771173,0.0142834633589,0.000435574678704,3.24202346746e-7,1.01245256623e-9]},"erbbands_crest":{"dmean":2.74890089035,"dmean2":4.30509328842,"dvar":7.19331789017,"dvar2":16.4483547211,"max":29.0124187469,"mean":10.3541059494,"median":9.48917865753,"min":2.09633040428,"var":22.7407073975},"erbbands_flatness_db":{"dmean":0.0204674657434,"dmean2":0.0274942144752,"dvar":0.000421488599386,"dvar2":0.000809797493275,"max":0.309664398432,"mean":0.161336362362,"median":0.163662493229,"min":0.0277740303427,"var":0.00218598684296},"erbbands_kurtosis":{"dmean":1.31514680386,"dmean2":2.03212714195,"dvar":4.18274068832,"dvar2":9.81750583649,"max":39.6702156067,"mean":1.34557831287,"median":0.642919182777,"min":-1.8328435421,"var":7.83085632324},"erbbands_skewness":{"dmean":0.414608508348,"dmean2":0.606525123119,"dvar":0.228724449873,"dvar2":0.430404067039,"max":4.79698944092,"mean":0.669435024261,"median":0.703614234924,"min":-4.40139961243,"var":0.826996564865},"erbbands_spread":{"dmean":9.35129261017,"dmean2":13.7219657898,"dvar":124.463218689,"dvar2":277.130615234,"max":134.054550171,"mean":35.181678772,"median":29.3241138458,"min":3.73790478706,"var":403.364471436},"gfcc":{"cov":[[39252.5820312,3131.38012695,-3131.18994141,1028.12866211,-2102.39892578,362.118041992,-997.256103516,-144.493728638,-740.868652344,-231.65411377,-587.559082031,-175.736694336,-423.174072266],[3131.38012695,1468.09655762,-517.692993164,-293.532623291,49.8203620911,-161.395599365,-27.6619243622,-74.6860733032,42.3394470215,-122.051574707,23.9866676331,-63.0445556641,-15.1695661545],[-3131.18994141,-517.692993164,874.416259766,137.207977295,224.222351074,67.9914703369,-11.6184043884,38.8995246887,31.7438545227,73.1863555908,3.74317550659,52.3405036926,36.7628135681],[1028.12866211,-293.532623291,137.207977295,450.706481934,-98.7203979492,70.5135421753,-40.1449012756,-30.6560306549,-19.3454914093,15.7926921844,-17.7072677612,-10.8724975586,33.2292137146],[-2102.39892578,49.8203620911,224.222351074,-98.7203979492,341.947296143,-10.5578489304,32.8783950806,36.7218208313,56.0027008057,12.9121456146,29.4461688995,23.5591030121,16.6366043091],[362.118041992,-161.395599365,67.9914703369,70.5135421753,-10.5578489304,190.989151001,21.6831531525,24.8343200684,-14.2478084564,25.7156906128,-5.53089523315,14.4595403671,-9.92502403259],[-997.256103516,-27.6619243622,-11.6184043884,-40.1449012756,32.8783950806,21.6831531525,160.505187988,19.5767307281,27.793422699,-11.3101329803,30.1817779541,-9.50869846344,5.76811313629],[-144.493728638,-74.6860733032,38.8995246887,-30.6560306549,36.7218208313,24.8343200684,19.5767307281,96.2925262451,9.0725402832,19.4824085236,-11.8664970398,14.8890838623,-16.9015464783],[-740.868652344,42.3394470215,31.7438545227,-19.3454914093,56.0027008057,-14.2478084564,27.793422699,9.0725402832,105.45249939,10.3195781708,25.3384456635,-7.3361530304,24.5947875977],[-231.65411377,-122.051574707,73.1863555908,15.7926921844,12.9121456146,25.7156906128,-11.3101329803,19.4824085236,10.3195781708,84.7184753418,12.4053478241,18.4583377838,-17.2133178711],[-587.559082031,23.9866676331,3.74317550659,-17.7072677612,29.4461688995,-5.53089523315,30.1817779541,-11.8664970398,25.3384456635,12.4053478241,82.0071182251,21.4750995636,19.3233261108],[-175.736694336,-63.0445556641,52.3405036926,-10.8724975586,23.5591030121,14.4595403671,-9.50869846344,14.8890838623,-7.3361530304,18.4583377838,21.4750995636,67.2317123413,17.1244087219],[-423.174072266,-15.1695661545,36.7628135681,33.2292137146,16.6366043091,-9.92502403259,5.76811313629,-16.9015464783,24.5947875977,-17.2133178711,19.3233261108,17.1244087219,79.5621871948]],"icov":[[0.000217143518967,-0.000646308879368,0.000401165045332,-0.000722524244338,0.000798755034339,-0.000639126461465,0.000774193147663,-0.000608185713645,0.000553187855985,-0.000190484744962,0.000781781622209,-0.000616707548033,0.000446683668997],[-0.000646308879368,0.00316058914177,-0.000550539058167,0.00259455945343,-0.00293836812489,0.00213158293627,-0.00163523806259,0.00242208293639,-0.00223393086344,0.00180208263919,-0.00279582082294,0.00230674771592,-0.000887818576302],[0.000401165045332,-0.000550539058167,0.00284728431143,-0.00179892836604,-0.000126093917061,-0.00129688507877,0.00179530808236,-0.000852964178193,0.000751268176828,-0.000894222292118,0.00190328957979,-0.00161111180205,0.000476480578072],[-0.000722524244338,0.00259455945343,-0.00179892836604,0.00573577173054,-0.00170227733906,0.001118326094,-0.00172798743006,0.00277997646481,-0.00162581645418,0.000398568285163,-0.00266231945716,0.00376649573445,-0.00327656767331],[0.000798755034339,-0.00293836812489,-0.000126093917061,-0.00170227733906,0.00776102300733,-0.00223639188334,0.00236114370637,-0.00346411485225,0.000793239159975,-0.000545333081391,0.00215807580389,-0.00278155412525,0.00135985098314],[-0.000639126461465,0.00213158293627,-0.00129688507877,0.001118326094,-0.00223639188334,0.00837052892894,-0.00369949196465,0.000853373494465,-0.000949390174355,-0.000468227546662,-0.00171416380908,0.00046183730592,-0.000390379718738],[0.000774193147663,-0.00163523806259,0.00179530808236,-0.00172798743006,0.00236114370637,-0.00369949196465,0.0112442635,-0.00415007211268,0.000764040916692,0.00192898802925,-0.00135775736999,0.000932803086471,0.00135626562405],[-0.000608185713645,0.00242208293639,-0.000852964178193,0.00277997646481,-0.00346411485225,0.000853373494465,-0.00415007211268,0.0161640495062,-0.00401045707986,-0.00074862287147,0.00233717774972,-0.00286816270091,0.00215296261013],[0.000553187855985,-0.00223393086344,0.000751268176828,-0.00162581645418,0.000793239159975,-0.000949390174355,0.000764040916692,-0.00401045707986,0.0153264431283,-0.00434161303565,-0.000960973848123,0.00376832531765,-0.00459818867967],[-0.000190484744962,0.00180208263919,-0.000894222292118,0.000398568285163,-0.000545333081391,-0.000468227546662,0.00192898802925,-0.00074862287147,-0.00434161303565,0.0183918327093,-0.00458321580663,-0.00301050860435,0.00641618994996],[0.000781781622209,-0.00279582082294,0.00190328957979,-0.00266231945716,0.00215807580389,-0.00171416380908,-0.00135775736999,0.00233717774972,-0.000960973848123,-0.00458321580663,0.0213276911527,-0.00922058150172,-0.000102436446468],[-0.000616707548033,0.00230674771592,-0.00161111180205,0.00376649573445,-0.00278155412525,0.00046183730592,0.000932803086471,-0.00286816270091,0.00376832531765,-0.00301050860435,-0.00922058150172,0.0253392662853,-0.00873729307204],[0.000446683668997,-0.000887818576302,0.000476480578072,-0.00327656767331,0.00135985098314,-0.000390379718738,0.00135626562405,0.00215296261013,-0.00459818867967,0.00641618994996,-0.000102436446468,-0.00873729307204,0.020664608106]],"mean":[-41.4781723022,100.035400391,-105.721595764,24.565788269,-66.0587921143,9.46836471558,-35.5926856995,-0.0186811648309,-25.2443637848,1.97213816643,-17.1695766449,-1.06976747513,-17.0235176086]},"hfc":{"dmean":7.12384653091,"dmean2":10.0768070221,"dvar":247.236679077,"dvar2":461.321044922,"max":246.992050171,"mean":19.8141784668,"median":15.0967130661,"min":1.09898958103e-16,"var":613.132263184},"melbands":{"dmean":[0.000451493659057,0.000620615610387,0.000749318511225,0.000879580213223,0.000492986931931,0.000235118481214,0.000211286387639,0.000220357382204,0.000196669119759,0.000179864742677,0.0000544064096175,0.00005141910151,0.0000590173985984,0.000032389867556,0.0000438539318566,0.0000259142416326,0.0000164141019923,0.0000151062231453,0.00000680132961861,0.00000603203170613,0.0000049409636631,0.0000054654374253,0.00000504370473209,0.00000333077014147,0.0000025565134365,0.00000403814919991,0.00000501889553561,0.00000432885190094,0.00000626324708719,0.00000766247558204,0.00000678133028487,0.00000530254374098,0.00000329783711095,0.00000217564411287,0.0000026153845738,0.00000239312612393,0.00000156009377861,8.4908054987e-7,4.40942187652e-7,2.58252015328e-7],"dmean2":[0.000750287668779,0.00106013799086,0.00124432472512,0.00140414654743,0.000781376846135,0.000353714218363,0.000317480851663,0.000322573556332,0.000299452396575,0.000267370051006,0.0000828594565974,0.0000764204960433,0.0000875891637406,0.0000493998741149,0.0000677571515553,0.0000405364626204,0.0000254987135122,0.0000240100198425,0.0000109230986709,0.00000974748581939,0.00000779418132879,0.00000851140248415,0.00000776602155383,0.00000534012224307,0.00000395814549847,0.00000628534007774,0.00000767788878875,0.0000064906098487,0.00000968721906247,0.0000120315935419,0.000010155934433,0.00000784355779615,0.00000499949919686,0.00000323115432366,0.00000387651880374,0.0000035154635043,0.0000022921915388,0.00000123608333524,6.40017333353e-7,3.74009459847e-7],"dvar":[9.33760929911e-7,0.00000109395557502,0.00000161362129347,0.00000220407127927,0.000001074142574,3.65614283737e-7,1.76428684995e-7,2.37759721244e-7,2.02851524023e-7,1.58333520517e-7,1.82886932265e-8,1.99234690967e-8,2.30363657039e-8,6.35791019832e-9,9.96488758176e-9,2.35683472738e-9,9.95244664459e-10,1.22239696143e-9,2.26337545928e-10,1.51696946671e-10,2.13319709119e-10,2.18827261866e-10,1.09294615025e-10,3.41209872856e-11,2.62380273758e-11,2.97465108101e-10,4.96356233892e-10,2.82204065671e-10,6.5015959283e-10,1.38689104645e-9,1.01719377366e-9,6.24803320193e-10,1.5168089007e-10,4.57937819609e-11,1.07968980978e-10,8.74666936101e-11,3.96341084952e-11,9.05433714116e-12,1.49156446742e-12,2.90571034031e-13],"dvar2":[0.00000243478621087,0.00000308801986648,0.00000422060793426,0.00000527272413819,0.00000241839211412,7.54259360747e-7,3.69301915271e-7,4.74024432151e-7,4.93528602874e-7,3.56977096772e-7,4.40190106588e-8,4.42759855446e-8,5.07671344963e-8,1.27857040511e-8,2.48305358497e-8,5.78367664872e-9,2.34104224894e-9,3.16891446417e-9,5.85258674857e-10,3.77076730951e-10,4.39800196261e-10,4.89175699947e-10,2.76988071368e-10,8.69435079487e-11,6.19066881091e-11,6.82488732195e-10,1.17594611826e-9,6.36351193961e-10,1.586711873e-9,3.33151728427e-9,2.0717545457e-9,1.30959409983e-9,3.43538281156e-10,9.9743310833e-11,2.27811297604e-10,1.64356875332e-10,7.68989733002e-11,1.79830508124e-11,2.90319266023e-12,6.05541658483e-13],"max":[0.0126705337316,0.0116966627538,0.0135569684207,0.0194883402437,0.0187110845,0.0113954525441,0.0102946721017,0.00982350576669,0.0105207413435,0.00845112558454,0.00322272651829,0.00648388266563,0.00360825983807,0.001999682514,0.00208962196484,0.000952211092226,0.00060798128834,0.000692606205121,0.000331088725943,0.000332955474732,0.00051203550538,0.00055424857419,0.000297596823657,0.000114882925118,0.000080334233644,0.000420401716838,0.000571793643758,0.000386803440051,0.000582245585974,0.00106143171433,0.000626595574431,0.000649139808957,0.000315451965434,0.000120421384054,0.000220806934522,0.000235502579017,0.000167789839907,0.0000691623135936,0.0000308639573632,0.00000853477467899],"mean":[0.000590729992837,0.000929366622586,0.00115671288222,0.00157305551693,0.000902801461052,0.000450326566352,0.000423324905569,0.000451745145256,0.000359899626346,0.000365965941455,0.00010688110342,0.0000968058666331,0.00012123183842,0.0000605918139627,0.0000884633918758,0.0000568707837374,0.0000316408440995,0.0000242765763687,0.0000118471025417,0.0000107087980723,0.00000854575228004,0.0000102871117633,0.00000962985177466,0.00000609815333519,0.00000421496179115,0.00000585588304602,0.00000654258519717,0.0000057575862229,0.00000740265613786,0.00000880971219885,0.00000851887398312,0.00000692501998856,0.00000423440769737,0.00000291039532385,0.0000033626563436,0.00000323189215123,0.00000211245105675,0.00000113852365757,5.9179666323e-7,3.5402621279e-7],"median":[0.000262516201474,0.000561073538847,0.000585361558478,0.000766827026382,0.000394499249524,0.000164872355526,0.000168749451404,0.00013188101002,0.000121852783195,0.0000845098111313,0.0000257371575572,0.0000315554061672,0.0000297789556498,0.0000167276175489,0.0000270392920356,0.00002439599848,0.0000109302663986,0.00000852656012285,0.00000557617659069,0.00000518424758411,0.0000040177237679,0.0000047060811994,0.00000434121193393,0.00000279950700133,0.00000214812780541,0.00000239070504904,0.00000196372502614,0.0000014710249161,0.00000161739694704,0.00000120042057006,8.11054064798e-7,7.22043353107e-7,7.09333221494e-7,5.05576508658e-7,4.64597007976e-7,4.22168852765e-7,2.84953614482e-7,1.55810994329e-7,9.59912398457e-8,7.24614892533e-8],"min":[1.15335428369e-24,1.25243294541e-24,1.00755612372e-24,1.45792766135e-24,1.87704107865e-24,1.88050753068e-24,2.0636749192e-24,1.90355922962e-24,1.66380901774e-24,3.15054085036e-24,2.3603363178e-24,3.06000190376e-24,2.51507631474e-24,2.92799944191e-24,1.54348938868e-24,2.5750007529e-24,1.59584362176e-24,3.29605689395e-24,2.92330986104e-24,4.4278904605e-24,3.85801852586e-24,4.20310612328e-24,4.32259409573e-24,2.35440270329e-24,5.02480257482e-24,2.76078577912e-24,4.73961949682e-24,3.9135945655e-24,3.92455933765e-24,5.71499551903e-24,5.04364846185e-24,5.44457557844e-24,5.54509657372e-24,4.97804008365e-24,5.23275853678e-24,5.45934621003e-24,6.6073029102e-24,6.21857394978e-24,5.32012172659e-24,5.04399713837e-24],"var":[0.00000103821139419,0.00000137187055316,0.00000254606675298,0.00000525368523085,0.00000237523136093,9.34758872972e-7,4.81824145027e-7,7.09120627107e-7,4.07703197425e-7,4.7317828944e-7,5.08183184422e-8,3.9658786477e-8,6.4538994593e-8,1.77245418342e-8,2.82317618172e-8,7.54246887169e-9,3.19013282457e-9,2.3721298259e-9,4.40823516579e-10,3.4271299687e-10,5.09595088349e-10,4.8523829399e-10,2.53176396514e-10,7.25354776243e-11,3.86871264191e-11,3.01653285684e-10,4.92496377014e-10,3.17404574846e-10,6.37350949795e-10,1.59633828378e-9,1.76576386846e-9,1.20187682029e-9,2.2994381399e-10,7.68510810545e-11,1.72891756467e-10,1.80676570927e-10,7.65304070116e-11,1.72132898213e-11,2.82123174648e-12,4.98687029171e-13]},"melbands_crest":{"dmean":3.10421466827,"dmean2":5.07721805573,"dvar":8.45272827148,"dvar2":21.1508045197,"max":39.9213027954,"mean":13.0987682343,"median":11.914308548,"min":1.50507318974,"var":32.9891586304},"melbands_flatness_db":{"dmean":0.026025980711,"dmean2":0.037889957428,"dvar":0.000628606183454,"dvar2":0.00127162400167,"max":0.437557250261,"mean":0.209103301167,"median":0.207253694534,"min":0.00207449775189,"var":0.00405554100871},"melbands_kurtosis":{"dmean":7.0751209259,"dmean2":11.2641601562,"dvar":246.093536377,"dvar2":541.013061523,"max":1140.18371582,"mean":16.0074825287,"median":7.05455684662,"min":-1.88304436207,"var":2187.82397461},"melbands_skewness":{"dmean":0.716770112514,"dmean2":1.0989780426,"dvar":0.653954744339,"dvar2":1.460288167,"max":32.4634284973,"mean":2.47499513626,"median":2.08448076248,"min":-0.845145761967,"var":4.94551277161},"melbands_spread":{"dmean":6.99653291702,"dmean2":10.7969913483,"dvar":236.383026123,"dvar2":467.678466797,"max":213.380722046,"mean":21.2117080688,"median":15.1579084396,"min":0.804275512695,"var":663.312255859},"mfcc":{"cov":[[14443.5009766,1357.71875,224.167007446,403.984954834,-287.333465576,241.424514771,-88.8947601318,126.214958191,-123.958404541,-14.5730953217,-145.48890686,-17.4803390503,-238.773635864],[1357.71875,1893.26013184,-361.272613525,-70.0322799683,34.4545021057,-85.405380249,-55.8361206055,31.2531013489,-56.0454139709,-19.2636623383,12.0218296051,29.0391120911,-14.1981296539],[224.167007446,-361.272613525,523.391174316,122.560073853,94.4640197754,99.4484863281,13.782626152,-21.8490962982,22.3157711029,4.93525218964,-34.9944076538,-10.5619010925,18.0420322418],[403.984954834,-70.0322799683,122.560073853,244.722473145,51.3510093689,34.026008606,-11.0336484909,-24.4958190918,-1.11633098125,10.2797832489,-36.1367111206,-10.3397169113,2.47049832344],[-287.333465576,34.4545021057,94.4640197754,51.3510093689,238.388885498,29.0584774017,-8.26062870026,-6.62382936478,19.2614383698,8.99500083923,-7.57068109512,-10.0294733047,28.4064903259],[241.424514771,-85.405380249,99.4484863281,34.026008606,29.0584774017,123.18144989,26.4838466644,3.41033983231,9.90294456482,7.76406860352,3.26057577133,4.79488420486,-3.4616291523],[-88.8947601318,-55.8361206055,13.782626152,-11.0336484909,-8.26062870026,26.4838466644,102.190010071,36.0931129456,1.7588262558,-0.38798853755,16.9957790375,1.5465669632,4.99512910843],[126.214958191,31.2531013489,-21.8490962982,-24.4958190918,-6.62382936478,3.41033983231,36.0931129456,82.637008667,23.0626544952,-2.50723743439,8.50936412811,5.51950407028,-5.95523881912],[-123.958404541,-56.0454139709,22.3157711029,-1.11633098125,19.2614383698,9.90294456482,1.7588262558,23.0626544952,72.0904388428,21.9563541412,6.18230390549,-3.5941631794,-6.54057168961],[-14.5730953217,-19.2636623383,4.93525218964,10.2797832489,8.99500083923,7.76406860352,-0.38798853755,-2.50723743439,21.9563541412,62.2692718506,14.9944162369,4.82988119125,-4.53581142426],[-145.48890686,12.0218296051,-34.9944076538,-36.1367111206,-7.57068109512,3.26057577133,16.9957790375,8.50936412811,6.18230390549,14.9944162369,95.6791152954,22.1062908173,-11.0658073425],[-17.4803390503,29.0391120911,-10.5619010925,-10.3397169113,-10.0294733047,4.79488420486,1.5465669632,5.51950407028,-3.5941631794,4.82988119125,22.1062908173,65.2012405396,18.6201076508],[-238.773635864,-14.1981296539,18.0420322418,2.47049832344,28.4064903259,-3.4616291523,4.99512910843,-5.95523881912,-6.54057168961,-4.53581142426,-11.0658073425,18.6201076508,75.7977600098]],"icov":[[0.00010273965745,-0.0000925686908886,-0.0000872564487508,-0.000163517514011,0.00019189248269,-0.000237507512793,0.000185201963177,-0.000313932192512,0.000242349735345,-0.0000763131829444,0.00011509583419,0.00000820841614768,0.000243904563831],[-0.0000925686908886,0.000751148094423,0.00052401231369,0.000150090214447,-0.000546445138752,0.000302187661873,0.000222206886974,-0.000194046835531,0.000391172099626,0.0000735523499316,-0.0000203431463888,-0.000329744827468,0.000024365790523],[-0.0000872564487508,0.00052401231369,0.00303668831475,-0.000704536680132,-0.000938950513955,-0.00145080953371,-0.000306242582155,0.000780753500294,-0.000718436494935,0.000459746312117,0.000555772159714,-0.000110877917905,-0.000435522553744],[-0.000163517514011,0.000150090214447,-0.000704536680132,0.00539030693471,-0.000993050285615,-0.000247679039603,-0.000159394854563,0.0013852508273,0.000184739241377,-0.00101008475758,0.00153968960512,-0.000110035172838,0.000192522522411],[0.00019189248269,-0.000546445138752,-0.000938950513955,-0.000993050285615,0.00567384436727,-0.00128568382934,0.0010540104704,-0.000543284812011,-0.000955394469202,-0.000387039588531,-0.000533772690687,0.00174492702354,-0.00215141358785],[-0.000237507512793,0.000302187661873,-0.00145080953371,-0.000247679039603,-0.00128568382934,0.0112240463495,-0.00326128047891,0.00118906586431,-0.00108336703852,-0.000294389581541,-0.000361124664778,-0.00178868090734,0.00124017533381],[0.000185201963177,0.000222206886974,-0.000306242582155,-0.000159394854563,0.0010540104704,-0.00326128047891,0.0140127446502,-0.00731081748381,0.00306384847499,-0.000606065499596,-0.00239478889853,0.00215842109174,-0.00199040048756],[-0.000313932192512,-0.000194046835531,0.000780753500294,0.0013852508273,-0.000543284812011,0.00118906586431,-0.00731081748381,0.0188204739243,-0.0077809006907,0.00308816856705,0.000614616612438,-0.00244114059024,0.00116489827633],[0.000242349735345,0.000391172099626,-0.000718436494935,0.000184739241377,-0.000955394469202,-0.00108336703852,0.00306384847499,-0.0077809006907,0.0199360903352,-0.0068229213357,-0.000191251689103,0.0015948463697,0.00138932117261],[-0.0000763131829444,0.0000735523499316,0.000459746312117,-0.00101008475758,-0.000387039588531,-0.000294389581541,-0.000606065499596,0.00308816856705,-0.0068229213357,0.0196386519819,-0.00273429835215,-0.00151946104597,0.000671571760904],[0.00011509583419,-0.0000203431463888,0.000555772159714,0.00153968960512,-0.000533772690687,-0.000361124664778,-0.00239478889853,0.000614616612438,-0.000191251689103,-0.00273429835215,0.013829995878,-0.00522716389969,0.00368895102292],[0.00000820841614768,-0.000329744827468,-0.000110877917905,-0.000110035172838,0.00174492702354,-0.00178868090734,0.00215842109174,-0.00244114059024,0.0015948463697,-0.00151946104597,-0.00522716389969,0.0198857374489,-0.00667705526575],[0.000243904563831,0.000024365790523,-0.000435522553744,0.000192522522411,-0.00215141358785,0.00124017533381,-0.00199040048756,0.00116489827633,0.00138932117261,0.000671571760904,0.00368895102292,-0.00667705526575,0.0174877792597]],"mean":[-670.377502441,128.892745972,10.4362163544,18.967874527,-7.48713827133,6.81522512436,-4.98329591751,-0.565879762173,-7.85644435883,0.485973209143,-2.07133364677,2.83199453354,-5.00296497345]},"pitch_salience":{"dmean":0.066840223968,"dmean2":0.109015166759,"dvar":0.00349010829814,"dvar2":0.00892408378422,"max":0.907848477364,"mean":0.570086061954,"median":0.578639149666,"min":0.00580110307783,"var":0.0134785491973},"silence_rate_20dB":{"dmean":0,"dmean2":0,"dvar":0,"dvar2":0,"max":1,"mean":1,"median":1,"min":1,"var":0},"silence_rate_30dB":{"dmean":0,"dmean2":0,"dvar":0,"dvar2":0,"max":1,"mean":1,"median":1,"min":1,"var":0},"silence_rate_60dB":{"dmean":0.00960614811629,"dmean2":0.0192159879953,"dvar":0.00951319374144,"dvar2":0.0219186879694,"max":1,"mean":0.107376106083,"median":0,"min":0,"var":0.0958506092429},"spectral_centroid":{"dmean":254.550750732,"dmean2":381.440643311,"dvar":188251.484375,"dvar2":338879.84375,"max":11587.6650391,"mean":1203.8137207,"median":857.810913086,"min":221.184494019,"var":2064061.25},"spectral_complexity":{"dmean":3.08933711052,"dmean2":4.54381227493,"dvar":14.9409885406,"dvar2":26.8007545471,"max":49,"mean":15.00096035,"median":14,"min":0,"var":63.2485466003},"spectral_contrast_coeffs":{"dmean":[0.0545294247568,0.0459688194096,0.0389905571938,0.0312767960131,0.0227892752737,0.020702958107],"dmean2":[0.0891118198633,0.0723148733377,0.0598507747054,0.0486264899373,0.0352165326476,0.0308370739222],"dvar":[0.00214469223283,0.00154155795462,0.00104798050597,0.000696443137713,0.00049232726451,0.000487923185574],"dvar2":[0.00551417516544,0.00364874908701,0.0023721146863,0.00158503348939,0.00104449561331,0.000951097521465],"max":[-0.328129351139,-0.412737458944,-0.462470918894,-0.55682861805,-0.591481685638,-0.526442825794],"mean":[-0.610528707504,-0.711987316608,-0.722535014153,-0.762322962284,-0.799168586731,-0.762785077095],"median":[-0.605877161026,-0.711336255074,-0.719777822495,-0.762214303017,-0.802745699883,-0.761151492596],"min":[-0.97937053442,-0.977409601212,-0.978375077248,-0.967305004597,-0.969841241837,-0.965434551239],"var":[0.0100055160001,0.00749237742275,0.00769285159186,0.00472569465637,0.00274535641074,0.00315898191184]},"spectral_contrast_valleys":{"dmean":[0.410605400801,0.343822807074,0.32878318429,0.301318347454,0.294028103352,0.388231664896],"dmean2":[0.668774425983,0.54864782095,0.507889509201,0.457587271929,0.399683356285,0.482212930918],"dvar":[0.140208631754,0.111160464585,0.103242307901,0.100381113589,0.11524297297,0.197661474347],"dvar2":[0.303083151579,0.231494367123,0.205126449466,0.190505608916,0.19280230999,0.337769001722],"max":[-5.30031061172,-4.84153175354,-5.63020133972,-6.43639183044,-5.90482616425,-7.58176898956],"mean":[-7.7500834465,-7.09976863861,-8.13251495361,-8.51090717316,-8.34331893921,-10.7401580811],"median":[-7.09128284454,-6.51268482208,-7.58834457397,-7.95123624802,-7.81667041779,-10.3671875],"min":[-28.0587100983,-28.0134181976,-27.990447998,-27.6184120178,-27.5796813965,-27.3928890228],"var":[8.56516647339,8.71127223969,7.87448740005,7.5612783432,7.67615318298,6.35389757156]},"spectral_decrease":{"dmean":2.01986316561e-9,"dmean2":3.10122061364e-9,"dvar":6.165410548e-18,"dvar2":1.42259927954e-17,"max":1.82608239346e-28,"mean":-6.89569867873e-9,"median":-6.45479314443e-9,"min":-2.82296035437e-8,"var":2.38978517385e-17},"spectral_energy":{"dmean":0.00803695991635,"dmean2":0.0123083172366,"dvar":0.0000949680543272,"dvar2":0.000217583277845,"max":0.111378014088,"mean":0.0278231333941,"median":0.0265161469579,"min":9.97603729429e-21,"var":0.000378068449209},"spectral_energyband_high":{"dmean":0.000789281737525,"dmean2":0.00110924313776,"dvar":0.00000671538873576,"dvar2":0.000012481495105,"max":0.0417811870575,"mean":0.00114318053238,"median":0.000209833000554,"min":7.20527789468e-21,"var":0.0000139379108077},"spectral_energyband_low":{"dmean":0.00305092008784,"dmean2":0.00511076068506,"dvar":0.0000267313153017,"dvar2":0.0000723829143681,"max":0.0640929341316,"mean":0.00541292224079,"median":0.00320275453851,"min":1.0149493084e-23,"var":0.0000435447691416},"spectral_energyband_middle_high":{"dmean":0.00119965185877,"dmean2":0.00174453458749,"dvar":0.00000335744675795,"dvar2":0.00000731975660528,"max":0.0499137043953,"mean":0.00388045306318,"median":0.00273150857538,"min":1.19003905944e-21,"var":0.0000161349144037},"spectral_energyband_middle_low":{"dmean":0.00648034457117,"dmean2":0.00999063067138,"dvar":0.0000724277488189,"dvar2":0.000164709432283,"max":0.0928378179669,"mean":0.018614390865,"median":0.0154577661306,"min":1.66639734925e-22,"var":0.000237293628743},"spectral_entropy":{"dmean":0.206115871668,"dmean2":0.281058251858,"dvar":0.044015109539,"dvar2":0.0808394178748,"max":9.82932186127,"mean":7.41097927094,"median":7.36740207672,"min":5.55397510529,"var":0.34209638834},"spectral_flux":{"dmean":0.0229211878031,"dmean2":0.0359179824591,"dvar":0.000610525603406,"dvar2":0.00142858794425,"max":0.255078852177,"mean":0.0775767713785,"median":0.0724902302027,"min":6.4357241758e-11,"var":0.00214685825631},"spectral_kurtosis":{"dmean":1.88558137417,"dmean2":3.00503468513,"dvar":5.30680179596,"dvar2":13.1603727341,"max":35.8191375732,"mean":4.953769207,"median":4.12475919724,"min":-1.2674728632,"var":15.0751142502},"spectral_rms":{"dmean":0.000714893103577,"dmean2":0.00107829400804,"dvar":6.22418838248e-7,"dvar2":0.0000013307262634,"max":0.0104240812361,"mean":0.00474447198212,"median":0.00508619798347,"min":3.11973060232e-12,"var":0.00000463450533061},"spectral_rolloff":{"dmean":420.400054932,"dmean2":712.205871582,"dvar":883726.0625,"dvar2":1817994.875,"max":19659.8144531,"mean":1442.71105957,"median":839.794921875,"min":21.533203125,"var":6627915},"spectral_skewness":{"dmean":0.277448683977,"dmean2":0.407191127539,"dvar":0.0928217247128,"dvar2":0.179335713387,"max":4.71483612061,"mean":1.65471637249,"median":1.6667406559,"min":-0.560813486576,"var":0.443471699953},"spectral_spread":{"dmean":654394.8125,"dmean2":911762.8125,"dvar":901591400448,"dvar2":1845705703420,"max":42832820,"mean":5258011,"median":4455307,"min":1415979.625,"var":22721236828200},"spectral_strongpeak":{"dmean":0.573417067528,"dmean2":0.964371681213,"dvar":0.692065477371,"dvar2":1.76180660725,"max":15.4815950394,"mean":1.12880015373,"median":0.741202831268,"min":0,"var":1.26795399189},"zerocrossingrate":{"dmean":0.0107760531828,"dmean2":0.0124768810347,"dvar":0.000236730251345,"dvar2":0.000243471047725,"max":0.52197265625,"mean":0.0588182881474,"median":0.04296875,"min":0,"var":0.00447361310944}},"metadata":{"audio_properties":{"analysis_sample_rate":44100,"bit_rate":160000,"codec":"mp3","downmix":"mix","equal_loudness":0,"length":120.842445374,"lossless":false,"md5_encoded":"4af5ada79bcc4ffed360054d1434725d","replay_gain":-7.39407157898,"sample_rate":44100},"tags":{"acoustid_fingerprint":["AQADtEqiZE2VLPjhfbhWWMcPxgv05fjxK4GtKCHu48Mb4Tj0Cd4bfDl-3BLR6Do-pD-S8fiOSw96MFmV5PiIMw9uPD3CUGGMHhFLnMqOiVkrweeR7AhvoadR28MjNNfxKDnC7Eei7HHwzRt--DmuILIaHcnU6GhCZceLdjyaI_gVyMuD59CP9DzWRsezB02oo11QPkdzikHFXWjE4xRzYnaC94igH3mSDJWpw3qC9otQUgqLnIF2_A30ekL-YAp1VGIY_MbzED_upHiP5gh_6Ef84fmK5lHRFw3Dow_OFMfDDs0lo5ePa_ihS-h5PJ2wPwLzbDiP2rmwjRmqHt8hX-nwKB-u48Wjo1kUZugXfPvxcthz3J8GPiqaJb4xcYmHSv_Q6MoRT0ty6OKRo43zwluPXUefEz8VHJcmIdmVI1TL4seHp7gW9CRDNNyHmcdzJO-KPF9wLY9SNAlLCz0-vBf6Ew2XB_uDH22UIUvGLEgwovlxOUpoNEwmIq8u6GGx49oySAmVI9x_3MyKT0GPvMqhkwh5XEmiEYeTIz4lSGcoIYwfCc_h6QgfaC6a5PgjKgre5ngzQrsOH1mu42FJsMuXID-SXYHP41FFlMkXXNuPD7ETBcl5PG9Q66DGB1fyw3vCNKhOCbuO53HQHlYYoaJvnMGP0DackSFR_sdDhGsEP_D1oNuPizeeCx6zGDeR5Edo5UJzxsJ_NPqOStoyXHgR5h80SshVI7QYZ0MT0-Di4zsxxYF-bEsRPooWuI6Da5mGU3xA6kdK6xByrqjcFHuiDT9--IwRPoN65Dz-4-h0nHRxpGJyhMtTHOHkE16jQ-FzGKFzXLlwMsUU_uhxKVKPa9GR7xAz0shv_A78Gk9K4_CLH0_6IHZbaHyH5rhHoTnRLiR-9DVcWqgufMfXIX4QlocDbXSP-Ed7-Dp-NB-eSRVy0kHyYeJxMfATEW-O5_CFXzm8hQ_M5SjP4N8QaQ-0_EeeEe-U4WdRXbMGc1mOJM1y5A_qDQ-yMjlR7biWpNDeXIipPMJ1JEv3IVQtdNPBJE-Oh0MbSUh3aA-lI08WHM2I9kg6RTviPMRzNFRknHCVpSjvCD_qMUIYt1CFR0mEVKmPd3jQ3DV40XiP83iG_0TC60T4C9eOPlIzeNLRHzcsP2Cfoj-aZRfufHhePM-FM7iPNgrxI3lupLvAH0dtDseb5Li4bHiIxLwW5H3w4M5Q7mjI5OATq3g65IeuhA4mUZKJKcp3xBcPfhFmn2j9oZmSxDyu4xmOHiFzPIHKvQjJZERzfCx-nAs19KHRnMHKGXkITUpEpJOOg-cD98fbGD_yHSqDPDl-MFmqbJiPWyXq9EGazJmEyqkU5K_w4-lw4heew29ezJ-RxzkSVZkoYb9QvYKTJZmOS8oRkoHG7PAduNkOzT_yS3gkCpWO5seJPXlQPVtwzkLk50Pyo7IuPHpk_PiDHV2Y8qCW6EH4fIh5YSeeJBEqf7CmfMYXeXj0wPmCfkbFC9aPUG144RmSezBjnGhWGv0U7CfuGF-WC7-OPBWhJZkuVMyJ_zh__DmuY2fm4tHRHs2D6H5wH18XZLGSB8eOmVn4QN3wRKLhRhmToD-uC8-Pz8h9BnWO5gdvcHoUnMs0RPeRLIfH