{"lowlevel":{"average_loudness":0.940816819668,"barkbands":{"dmean":[0.00102662702557,0.0079194009304,0.00323968892917,0.00293540908024,0.00336138880812,0.00120325491298,0.000655160227325,0.000646390835755,0.000581950938795,0.000347741879523,0.000335688295309,0.000233677434153,0.000272585981293,0.00022701965645,0.000280092208413,0.000221557871555,0.000243268717895,0.000235696032178,0.000219716268475,0.000199123285711,0.000220415269723,0.000170173996594,0.000115800183266,0.0000759297035984,0.0000477525718452,0.0000175698260136,0.00000653700772091],"dmean2":[0.00172636110801,0.0131642427295,0.00543597154319,0.00500842370093,0.00564126670361,0.00193774560466,0.00107950065285,0.00106884585693,0.000972590583842,0.000586305803154,0.000550989876501,0.000391088891774,0.000449965416919,0.000380609737476,0.000466945377411,0.000374117225874,0.000406208360801,0.000392705871491,0.000351587368641,0.000309430935886,0.000333039235556,0.000252564030234,0.000168222235516,0.000107065461634,0.0000688365762471,0.0000253030266322,0.0000109258844532],"dvar":[0.00000243563749791,0.000137074006489,0.000033562657336,0.0000208758083318,0.0000217275646719,0.00000625816346655,0.00000164330606367,0.00000250193556894,0.00000139747146477,0.00000109751738364,6.46661476367e-7,1.87602338997e-7,4.10415566421e-7,1.06226977437e-7,1.86050556295e-7,1.0944282991e-7,1.32546418286e-7,1.52480438942e-7,1.78038490617e-7,1.73661277358e-7,1.76605780666e-7,1.35008079383e-7,5.57889485719e-8,2.10822825863e-8,7.05529057399e-9,1.08794862008e-9,3.58703289294e-10],"dvar2":[0.00000641837823423,0.000326537236106,0.0000875178229762,0.0000573044271732,0.0000563154899282,0.0000147969667523,0.00000412507779401,0.0000061371688389,0.00000376376965505,0.00000324308462041,0.00000145518947647,4.71798330182e-7,9.99723170025e-7,2.6638153372e-7,4.83083056224e-7,2.93779862659e-7,3.52588443775e-7,4.3057210064e-7,4.42625832875e-7,4.24273878252e-7,3.91923293819e-7,3.04161630993e-7,1.14095776382e-7,4.10803906448e-8,1.48549679224e-8,2.42488029656e-9,9.70619362661e-10],"max":[0.021466396749,0.106481298804,0.0826861411333,0.0660904049873,0.069039195776,0.0651836544275,0.0307612456381,0.0444677732885,0.033163882792,0.0315640233457,0.0333544164896,0.0174745731056,0.0227241925895,0.00880588404834,0.0130771892145,0.00777988741174,0.0071613220498,0.0183852352202,0.0148646496236,0.016621010378,0.00786460842937,0.00938063766807,0.00381253659725,0.00309005822055,0.00155939580873,0.000662928214297,0.000362427992513],"mean":[0.00137383129913,0.0168964359909,0.00538294203579,0.0050703776069,0.00498491153121,0.00174360815436,0.00105011253618,0.000880761770532,0.000993227702565,0.000545243907254,0.000854544166941,0.000459987088107,0.000578534789383,0.000457537855254,0.000546086754184,0.000437426264398,0.00048548655468,0.000495050335303,0.000458691967651,0.000393496098695,0.000430666288594,0.000335149612511,0.000203883479116,0.000145103491377,0.0000932336770347,0.000031820658478,0.00000596274958298],"median":[0.000695365015417,0.00924245361239,0.00236588623375,0.00189943239093,0.00336882681586,0.000803472532425,0.000631785951555,0.000413920497522,0.000505103496835,0.000270845193882,0.000247080723057,0.000229871147894,0.000238071399508,0.000330657261657,0.000341867911629,0.000280146021396,0.000300615472952,0.000352085975464,0.000294230238069,0.000224181538215,0.000214933825191,0.000132694578497,0.0000780373447924,0.0000618351623416,0.0000406815888709,0.0000150021460286,9.50365915742e-7],"min":[2.00762739998e-17,2.98236065564e-17,1.94717455927e-17,1.89710697115e-17,4.42876768213e-17,3.84602125669e-17,3.14087426904e-17,2.38832569638e-17,2.14625211729e-17,1.01297563517e-17,3.00898590383e-18,5.07079654975e-19,3.79208874988e-18,1.14001850042e-17,1.7270262295e-17,1.20626871917e-17,1.70064022262e-18,1.17080665913e-17,5.03272037149e-17,6.68735555882e-17,4.29287712761e-17,2.08826444025e-17,2.78557504965e-17,2.75171424584e-17,8.55759371844e-17,1.6012781997e-16,1.73563535988e-16],"var":[0.00000372404133486,0.000365375453839,0.0000611350478721,0.0000581742169743,0.0000293402808893,0.00000926723623706,0.00000236188202507,0.00000321874858855,0.00000241461725636,0.00000135093705467,0.00000548141451873,6.88718159836e-7,0.00000218496961679,2.87123867793e-7,5.27963095465e-7,2.40141105223e-7,3.1595237715e-7,2.86904480618e-7,3.78506484822e-7,3.26332070699e-7,3.85251269108e-7,3.79697524977e-7,1.18838791252e-7,5.3821004542e-8,2.03722834158e-8,2.19689955117e-9,2.64170629816e-10]},"barkbands_crest":{"dmean":2.92322611809,"dmean2":4.88208198547,"dvar":6.86305904388,"dvar2":18.5328865051,"max":26.8079147339,"mean":12.2506389618,"median":11.8364725113,"min":2.23958563805,"var":21.5924663544},"barkbands_flatness_db":{"dmean":0.0229596681893,"dmean2":0.0361291691661,"dvar":0.00053223973373,"dvar2":0.00124561146367,"max":0.54835408926,"mean":0.130442276597,"median":0.119515709579,"min":0.0195533055812,"var":0.00438353978097},"barkbands_kurtosis":{"dmean":4.10616922379,"dmean2":6.60722064972,"dvar":55.7156143188,"dvar2":137.062026978,"max":328.353118896,"mean":6.59813833237,"median":2.90126991272,"min":-1.91786932945,"var":131.596786499},"barkbands_skewness":{"dmean":0.644193708897,"dmean2":1.0194375515,"dvar":0.444416552782,"dvar2":1.003049016,"max":8.5086479187,"mean":1.96130406857,"median":1.81300067902,"min":-9.04330062866,"var":2.37097430229},"barkbands_spread":{"dmean":6.40448236465,"dmean2":10.0733308792,"dvar":47.2656059265,"dvar2":104.84009552,"max":121.883460999,"mean":24.0236492157,"median":21.3314533234,"min":0.24585929513,"var":216.291473389},"dissonance":{"dmean":0.0161391217262,"dmean2":0.027841148898,"dvar":0.000784106436186,"dvar2":0.00234739622101,"max":0.500000059605,"mean":0.474719107151,"median":0.482237756252,"min":0.0748134031892,"var":0.000988920452073},"dynamic_complexity":3.4880926609,"erbbands":{"dmean":[0.207803040743,1.96554923058,3.97034645081,6.33102273941,11.5926418304,13.0067920685,7.79087162018,9.94366550446,6.17535066605,18.2084388733,10.4628095627,11.8204936981,14.97240448,9.58996868134,11.2344284058,9.79493618011,12.1988554001,11.2251081467,11.4456930161,15.006278038,13.3940114975,12.117521286,12.1398477554,11.050658226,10.5778856277,9.23500347137,8.98200511932,8.42953014374,6.52916049957,4.39800357819,3.13753652573,1.93315804005,1.12089109421,0.6327034235,0.300210744143,0.0997954756021,0.0282445475459,0.00734549341723,0.00119388010353,0.0000580271043873],"dmean2":[0.348102658987,3.26655697823,6.53884744644,10.7828798294,20.0505161285,21.7272319794,12.6775741577,16.0402088165,10.2998514175,29.8056564331,17.3002281189,19.7626934052,25.2815132141,16.0061645508,18.4666824341,16.2674560547,20.1722927094,18.9439373016,19.1035785675,24.9476699829,22.5639514923,20.0734767914,20.2028064728,17.9925441742,16.8143157959,14.3225421906,13.4789018631,12.8302335739,9.7764749527,6.40635585785,4.56794548035,2.7552793026,1.60910904408,0.924618542194,0.437193572521,0.142450675368,0.0412689857185,0.0116308899596,0.00202710460871,0.0000931797694648],"dvar":[0.0994808524847,8.60068893433,47.0016441345,91.9676971436,202.844985962,430.143768311,184.070236206,505.179626465,102.041015625,1435.2644043,479.517547607,523.683166504,2189.69262695,492.45513916,652.016906738,370.729095459,847.923828125,285.998321533,271.59564209,705.408691406,375.533782959,345.196746826,512.027526855,414.274810791,384.52520752,337.303955078,359.225402832,286.4894104,215.399917603,85.2457504272,39.3718948364,14.7106084824,4.74074316025,1.29415154457,0.271049708128,0.0308262854815,0.00315874745138,0.00035001814831,0.0000128621250042,2.08377706201e-8],"dvar2":[0.25496044755,20.8000659943,121.423530579,250.423049927,562.488464355,1088.53955078,454.74621582,1185.36120605,266.963775635,3523.18798828,1205.94262695,1409.79577637,6331.87353516,1357.77368164,1490.29833984,918.329467773,2084.69042969,745.448425293,732.104980469,1805.0300293,1040.63439941,901.288024902,1466.19018555,1076.20446777,923.932556152,802.772705078,811.465454102,672.76361084,502.750183105,174.660903931,79.633140564,28.5125236511,10.0144357681,2.74864721298,0.587707161903,0.064122647047,0.00727580254897,0.000920937920455,0.0000354011244781,5.31509485313e-8],"max":[3.27584862709,25.9441490173,81.3391494751,121.221122742,162.418289185,327.877380371,327.545013428,464.025115967,205.141265869,839.520324707,576.360961914,580.930725098,1334.88574219,681.429321289,997.262207031,897.418273926,1121.8145752,623.532409668,383.313537598,886.328369141,362.524536133,464.69519043,1170.3939209,679.086853027,598.935241699,544.182128906,689.572814941,413.260620117,454.252166748,267.979553223,138.639587402,66.9555282593,75.7708206177,25.4448661804,8.38056182861,3.12044906616,1.34400713444,0.321173191071,0.0592703185976,0.00442747678608],"mean":[0.375957757235,4.01784420013,7.49610900879,11.8348073959,18.071723938,17.7005004883,11.7785863876,14.0247621536,10.0669670105,26.420091629,16.4845504761,20.3517208099,24.2645664215,20.6483669281,29.5102767944,22.1557636261,28.0789890289,24.0626335144,23.8854103088,29.1355895996,27.4847068787,26.9067344666,27.0335865021,23.3815822601,22.5435771942,18.6951255798,17.5209369659,16.5169734955,12.6095342636,8.31269931793,5.50866651535,3.60631155968,2.11677837372,1.21224653721,0.573148310184,0.190184816718,0.0490094199777,0.0089886309579,0.00107931229286,0.000100080564152],"median":[0.21052801609,2.08580541611,4.24336719513,5.11478710175,11.9142465591,10.5149230957,6.70919752121,6.49465608597,6.96487426758,12.7674388885,9.73002052307,10.5794696808,11.5876283646,9.66744804382,10.7140407562,11.0895643234,12.1763343811,16.9370231628,16.7569408417,16.54139328,18.8725624084,17.6532516479,19.4010162354,15.7045288086,14.849855423,10.7721157074,9.09923744202,7.81058502197,4.93103122711,3.11130619049,2.10410785675,1.48919296265,0.910518884659,0.501358091831,0.269755154848,0.089942574501,0.0230497214943,0.00286956853233,0.00019823834009,0.0000666166306473],"min":[1.09127394468e-15,6.04287704131e-15,2.01159279663e-14,4.77142502212e-14,9.31694635721e-14,1.58207201137e-13,2.40804067225e-13,3.34264950788e-13,4.26038869981e-13,4.9744399138e-13,5.26493833339e-13,4.92710202065e-13,3.88669321337e-13,2.32848001947e-13,8.22766266467e-14,2.84113790166e-14,1.58660194358e-13,4.75636945194e-13,8.1480650135e-13,8.80160853055e-13,5.20683539687e-13,1.12539169064e-13,4.48383355185e-13,1.75065973003e-12,3.00131642629e-12,3.14546240616e-12,2.31065492261e-12,1.2877580946e-12,8.21887696789e-13,4.85606726271e-13,9.10062498451e-13,7.04834465532e-13,4.08098007427e-13,3.24251367943e-13,9.64311529933e-13,4.44563900666e-13,3.70561410333e-13,1.59236108999e-13,3.08348724158e-14,1.42851090115e-15],"var":[0.202457979321,21.7605514526,76.7592697144,222.273406982,354.848907471,544.395874023,264.324768066,719.88092041,138.146499634,2037.26403809,643.790771484,936.093261719,2971.296875,1735.70031738,5166.76953125,1726.13708496,5042.14697266,1034.64624023,638.65411377,1987.1105957,834.148803711,876.792053223,877.512145996,826.801879883,856.556518555,672.734558105,715.588806152,625.62878418,555.005554199,225.745117188,85.8971099854,34.5994148254,11.6155166626,3.70214271545,0.715461671352,0.0767653882504,0.00556903611869,0.000324491411448,0.00000890790124686,1.91437194985e-8]},"erbbands_crest":{"dmean":2.09542131424,"dmean2":3.45707678795,"dvar":5.37543058395,"dvar2":13.4116859436,"max":33.2442588806,"mean":7.48586368561,"median":5.72403621674,"min":2.0425183773,"var":25.9922275543},"erbbands_flatness_db":{"dmean":0.0141670880839,"dmean2":0.0214473940432,"dvar":0.000273136131,"dvar2":0.000566395290662,"max":0.61845266819,"mean":0.131170064211,"median":0.115183949471,"min":0.0458841510117,"var":0.00403202045709},"erbbands_kurtosis":{"dmean":0.991336941719,"dmean2":1.55380523205,"dvar":8.05866622925,"dvar2":17.0326557159,"max":184.356994629,"mean":1.17484939098,"median":-0.661979198456,"min":-1.7519261837,"var":112.574729919},"erbbands_skewness":{"dmean":0.347953677177,"dmean2":0.55242472887,"dvar":0.135543227196,"dvar2":0.312649279833,"max":8.94861221313,"mean":-0.0558051280677,"median":-0.138996452093,"min":-3.23680877686,"var":0.72115278244},"erbbands_spread":{"dmean":8.80062580109,"dmean2":14.1080474854,"dvar":72.7378692627,"dvar2":174.412399292,"max":138.12979126,"mean":49.2196846008,"median":51.2267379761,"min":0.295885890722,"var":383.335754395},"gfcc":{"cov":[[27473.3398438,-803.459960938,302.179931641,3394.64038086,-459.770324707,-469.841674805,-1500.07189941,77.6014938354,-307.966186523,394.821868896,-469.009002686,-227.296737671,-418.066162109],[-803.459960938,1172.80371094,-98.2309188843,-49.5935935974,261.679626465,-112.73084259,73.0626373291,-65.315246582,105.534675598,-90.7233657837,83.0757827759,-76.0096206665,45.5587425232],[302.179931641,-98.2309188843,445.460449219,111.154464722,72.3416671753,1.45170915127,-56.4150352478,26.2681159973,11.5262308121,66.1706771851,-10.6030540466,27.7007770538,-6.59749746323],[3394.64038086,-49.5935935974,111.154464722,782.646118164,19.8669643402,-82.8288803101,-193.576980591,-11.2102003098,7.95513868332,59.5187225342,-21.9622097015,-41.0364952087,-32.3453445435],[-459.770324707,261.679626465,72.3416671753,19.8669643402,253.770690918,14.8068494797,38.2705192566,9.15138816833,38.7139434814,-11.8786811829,19.958070755,-14.229227066,4.51510334015],[-469.841674805,-112.73084259,1.45170915127,-82.8288803101,14.8068494797,181.64225769,112.551689148,40.2692260742,-18.3200702667,-9.11782646179,0.15060095489,21.8908615112,18.2508411407],[-1500.07189941,73.0626373291,-56.4150352478,-193.576980591,38.2705192566,112.551689148,244.427352905,24.8893375397,11.9935426712,-62.6664772034,38.1679039001,14.2547216415,36.8524665833],[77.6014938354,-65.315246582,26.2681159973,-11.2102003098,9.15138816833,40.2692260742,24.8893375397,105.043327332,19.1176357269,19.8770618439,-9.11951637268,10.5315742493,5.36762189865],[-307.966186523,105.534675598,11.5262308121,7.95513868332,38.7139434814,-18.3200702667,11.9935426712,19.1176357269,93.0464172363,27.8314971924,18.3181552887,-7.59185171127,14.6895971298],[394.821868896,-90.7233657837,66.1706771851,59.5187225342,-11.8786811829,-9.11782646179,-62.6664772034,19.8770618439,27.8314971924,97.3362045288,8.62602710724,1.91936194897,-15.9889917374],[-469.009002686,83.0757827759,-10.6030540466,-21.9622097015,19.958070755,0.15060095489,38.1679039001,-9.11951637268,18.3181552887,8.62602710724,73.6734695435,21.3931789398,19.4450416565],[-227.296737671,-76.0096206665,27.7007770538,-41.0364952087,-14.229227066,21.8908615112,14.2547216415,10.5315742493,-7.59185171127,1.91936194897,21.3931789398,65.2271575928,28.6616020203],[-418.066162109,45.5587425232,-6.59749746323,-32.3453445435,4.51510334015,18.2508411407,36.8524665833,5.36762189865,14.6895971298,-15.9889917374,19.4450416565,28.6616020203,67.6867446899]],"icov":[[0.000141254640766,-0.000159820570843,0.0000878027422004,-0.000545337446965,0.000257172388956,-0.000106213446998,0.000326943700202,-0.000321369006997,0.000466012803372,-0.000262603920419,0.000547431583982,-0.000291045958875,0.000389758613892],[-0.000159820570843,0.00212854123674,0.0000680440134602,0.000835321610793,-0.00186645146459,0.00105572480243,-0.0000451599698863,0.000752042164095,-0.00177255866583,0.00216286885552,-0.00274074799381,0.00295758177526,-0.00177862634882],[0.0000878027422004,0.0000680440134602,0.00307781808078,-0.000643388717435,-0.00121410156135,0.000277728540823,-0.0000103353904706,-0.000173605920281,0.000618569203652,-0.00232896674424,0.00173329818062,-0.00219786167145,0.000262890273007],[-0.000545337446965,0.000835321610793,-0.000643388717435,0.00383280799724,-0.00128007843159,0.000274245889159,0.000306299160002,0.00109261181206,-0.00198008026928,0.0013880681945,-0.00298509560525,0.00269948784262,-0.00193152553402],[0.000257172388956,-0.00186645146459,-0.00121410156135,-0.00128007843159,0.00683053256944,-0.00185174297076,0.000514150888193,-0.00121067871805,-0.000490509904921,0.000549848831724,0.000555313774385,-0.000651925685816,0.00232724659145],[-0.000106213446998,0.00105572480243,0.000277728540823,0.000274245889159,-0.00185174297076,0.0107771493495,-0.00618014484644,-0.0013858176535,0.00324048404582,-0.00333919748664,0.00218020938337,-0.000754100561608,-0.00231522857212],[0.000326943700202,-0.0000451599698863,-0.0000103353904706,0.000306299160002,0.000514150888193,-0.00618014484644,0.0120415724814,-0.00246552634053,-0.00231658271514,0.00733403302729,-0.00550709012896,0.00244881934486,0.000246967450948],[-0.000321369006997,0.000752042164095,-0.000173605920281,0.00109261181206,-0.00121067871805,-0.0013858176535,-0.00246552634053,0.013224363327,-0.00397154549137,-0.00233640195802,0.00266774510965,-0.00172226608265,-0.000964913633652],[0.000466012803372,-0.00177255866583,0.000618569203652,-0.00198008026928,-0.000490509904921,0.00324048404582,-0.00231658271514,-0.00397154549137,0.0195506699383,-0.00963535998017,0.00213431729935,0.00156412075739,-0.00387381925248],[-0.000262603920419,0.00216286885552,-0.00232896674424,0.0013880681945,0.000549848831724,-0.00333919748664,0.00733403302729,-0.00233640195802,-0.00963535998017,0.0232376269996,-0.0105581982061,0.00360106024891,0.00350306835026],[0.000547431583982,-0.00274074799381,0.00173329818062,-0.00298509560525,0.000555313774385,0.00218020938337,-0.00550709012896,0.00266774510965,0.00213431729935,-0.0105581982061,0.0266034919769,-0.0122127812356,0.000701854296494],[-0.000291045958875,0.00295758177526,-0.00219786167145,0.00269948784262,-0.000651925685816,-0.000754100561608,0.00244881934486,-0.00172226608265,0.00156412075739,0.00360106024891,-0.0122127812356,0.0296995863318,-0.0122188981622],[0.000389758613892,-0.00177862634882,0.000262890273007,-0.00193152553402,0.00232724659145,-0.00231522857212,0.000246967450948,-0.000964913633652,-0.00387381925248,0.00350306835026,0.000701854296494,-0.0122188981622,0.0245327427983]],"mean":[9.44482707977,88.262260437,-107.313293457,45.8859634399,-48.0358734131,19.0902614594,-30.3728637695,9.9620923996,-21.9757671356,1.94785535336,-16.7611427307,-1.29935121536,-10.2159376144]},"hfc":{"dmean":6.66118526459,"dmean2":9.27038574219,"dvar":83.1395721436,"dvar2":145.945129395,"max":143.41809082,"mean":25.2984046936,"median":21.7529087067,"min":8.13663459526e-12,"var":332.392913818},"melbands":{"dmean":[0.00199501588941,0.00219002878293,0.00120577553753,0.000873514101841,0.000309546740027,0.000222300339374,0.000102651218185,0.000192604231415,0.0000830665594549,0.0000797015018179,0.0000745943107177,0.0000380950586987,0.0000457887217635,0.000024910812499,0.0000314627104672,0.0000240807949012,0.0000215806903725,0.00001973302642,0.0000193749892787,0.0000173857661139,0.0000174170454557,0.0000142020662679,0.0000141471055031,0.0000119980995805,0.0000095594987215,0.00000894765162229,0.00000734241257305,0.00000633448871667,0.00000613548172623,0.00000563969751965,0.0000051540723689,0.00000419203297497,0.00000305956496049,0.0000024352057153,0.00000194313201973,0.000001560197461,0.00000111260510494,8.67173412189e-7,6.56582415104e-7,5.21276433574e-7],"dmean2":[0.00334235350601,0.00355710089207,0.00204761559144,0.0014796879841,0.000501634087414,0.000358018412953,0.000170062077814,0.000315494340612,0.000138197894557,0.000133337147417,0.000125942606246,0.0000637774137431,0.0000750221734052,0.000041812985728,0.0000524134229636,0.0000398250631406,0.0000363950894098,0.0000332582421834,0.000032326024666,0.0000288227420242,0.0000295902609651,0.0000236045252677,0.0000239488581428,0.0000202666524274,0.0000156951864483,0.000014606563127,0.0000117538902487,0.00000993404046312,0.0000093879934866,0.00000868935603648,0.00000803150851425,0.00000645769205221,0.00000456796306025,0.00000365368873645,0.00000288274441118,0.00000229908869187,0.00000159484977758,0.00000127380008053,9.85692395261e-7,7.77659579398e-7],"dvar":[0.00000849735260999,0.0000119164888019,0.00000281176744465,0.00000149425602558,2.44125772042e-7,2.35734987086e-7,2.9253072853e-8,1.67687446151e-7,2.51295482201e-8,2.68720885543e-8,5.29098009849e-8,7.65918084511e-9,1.23086403292e-8,2.36102293272e-9,4.56579574148e-9,2.04364902778e-9,9.56791201823e-10,8.12301059749e-10,8.80157891014e-10,8.17993783819e-10,6.46099618251e-10,5.1490450792e-10,5.51690138018e-10,4.54245030479e-10,3.56749796371e-10,3.1862978922e-10,2.35134495208e-10,1.69943323303e-10,2.11695619368e-10,1.14339072932e-10,1.21236076733e-10,9.84742010157e-11,5.31114145719e-11,2.76105926317e-11,1.49871642874e-11,1.10233541045e-11,4.63293596195e-12,3.0507267719e-12,1.60378730695e-12,9.32384811719e-13],"dvar2":[0.0000209715981327,0.0000290549178317,0.00000766583161749,0.0000039315241338,5.85577652146e-7,5.5352779782e-7,7.62527605502e-8,4.11393102695e-7,6.37616608401e-8,7.29082643147e-8,1.52887295712e-7,2.14316511205e-8,2.75206932798e-8,5.86440407346e-9,1.15503642206e-8,5.0470263524e-9,2.50336085195e-9,2.20987961264e-9,2.31316543697e-9,2.06454475737e-9,1.79353931706e-9,1.37059030791e-9,1.49750134515e-9,1.33725341911e-9,9.4801810846e-10,7.73869746062e-10,6.04810201921e-10,4.1438730225e-10,5.12686337828e-10,2.60547666775e-10,2.99931135483e-10,2.39999742302e-10,1.20886162192e-10,5.98799482221e-11,3.13571148214e-11,2.33488939988e-11,9.11982902391e-12,6.7652970899e-12,3.61609049995e-12,2.06634514187e-12],"max":[0.0281781479716,0.0329622067511,0.0214798785746,0.0187526252121,0.00934222340584,0.01098802872,0.00331978406757,0.00938586797565,0.0041217263788,0.00457445252687,0.00654813833535,0.00265194522217,0.00487681245431,0.00215024151839,0.00216678646393,0.00152572337538,0.00104231550358,0.000588923459873,0.000831359706353,0.000810916069895,0.000593870237935,0.000570541713387,0.000659212237224,0.000942645187024,0.000666717998683,0.000727472594008,0.000634260824881,0.000508726632688,0.000674640119541,0.00021717522759,0.000248754397035,0.000329583068378,0.00030380077078,0.000100511555502,0.0000902610190678,0.0000530238248757,0.0000441434895038,0.0000508761550009,0.0000435058500443,0.0000186473862414],"mean":[0.00411486439407,0.00471839960665,0.00232439581305,0.00131932029035,0.000482396862935,0.000318156206049,0.000170652201632,0.000276111066341,0.000128655723529,0.000134655172587,0.000117948366096,0.0000763068237575,0.000118165866297,0.000052305374993,0.0000668560387567,0.0000519293644174,0.0000428360217484,0.0000375435301976,0.0000368808614439,0.0000335879303748,0.0000323351669067,0.0000276961600321,0.0000271028657153,0.0000231274170801,0.0000180730403372,0.0000177118890861,0.000014045491298,0.0000118534926514,0.000011134649867,0.0000100643346741,0.00000948226170294,0.00000742563815948,0.00000569728263144,0.00000416684633819,0.00000325038740812,0.00000264056347987,0.00000202642763725,0.00000152559675826,0.00000122734502384,9.48653166688e-7],"median":[0.00232632039115,0.00288442987949,0.00121699704323,0.000934586569201,0.000288826355245,0.000146870384924,0.000117275114462,0.000132382730953,0.0000748395686969,0.000066676089773,0.0000553396748728,0.0000360131489288,0.0000366984822904,0.0000242162932409,0.0000290217431029,0.0000254998412856,0.000030274513847,0.0000249588538281,0.0000229956749536,0.0000190965474758,0.0000216736862058,0.0000163554905157,0.0000178125919774,0.0000159040064318,0.0000112617435661,0.0000112658017315,0.00000861356238602,0.00000640648295303,0.00000557146904612,0.00000495074937135,0.00000442369400844,0.00000279521736957,0.00000216013700083,0.00000149771653923,0.00000121365383166,0.00000101229181837,8.46394982545e-7,6.3251411575e-7,5.45681587028e-7,3.68827500097e-7],"min":[9.9693635494e-18,9.81156892139e-18,9.48661184493e-18,9.01590140864e-18,8.34402478327e-18,7.53165566677e-18,6.54161518572e-18,5.41264310335e-18,4.22880289018e-18,3.01462189894e-18,1.8973130632e-18,9.80525939448e-19,3.46315681208e-19,6.51999526945e-20,1.37091305406e-19,4.80450177816e-19,9.287359545e-19,1.27089301103e-18,1.3193797536e-18,1.01983480293e-18,5.11585721361e-19,1.05908069728e-19,1.18258974873e-19,6.44723129289e-19,1.44449929985e-18,2.09195920789e-18,2.28740027315e-18,2.05025110704e-18,1.57064630782e-18,1.0333014067e-18,6.41774178706e-19,4.84958157058e-19,3.42708501653e-19,2.28362905334e-19,4.76391978032e-19,6.33519433181e-19,3.4212112587e-19,2.59640206957e-19,2.78359821207e-19,2.25771426023e-19],"var":[0.0000209366553463,0.0000262530775217,0.00000739250435799,0.00000190912942344,3.81911462455e-7,3.41953636962e-7,4.11848759541e-8,2.33539182659e-7,3.47158461977e-8,4.54759323532e-8,7.15591426115e-8,2.27167280542e-8,1.0621224078e-7,9.87205783787e-9,2.11118251769e-8,1.10299414047e-8,3.07099123908e-9,1.75335712616e-9,2.31422947472e-9,2.17983697759e-9,1.27407417949e-9,1.1304321923e-9,1.01851294065e-9,7.29232785268e-10,6.06534933389e-10,6.28040563999e-10,4.02869598792e-10,3.2312982845e-10,3.57934820672e-10,2.23571425262e-10,2.3365090418e-10,2.16420256716e-10,1.38909633796e-10,5.62932166159e-11,3.12669577729e-11,2.05225697547e-11,1.12056423168e-11,6.54844060921e-12,3.93717827438e-12,2.42649607005e-12]},"melbands_crest":{"dmean":3.27422642708,"dmean2":5.45768404007,"dvar":8.53514480591,"dvar2":23.3777160645,"max":38.3115692139,"mean":16.4404373169,"median":16.547203064,"min":3.96855688095,"var":23.0592880249},"melbands_flatness_db":{"dmean":0.0290095619857,"dmean2":0.0451500490308,"dvar":0.000789676443674,"dvar2":0.0017829395365,"max":0.615960001945,"mean":0.210267156363,"median":0.20141723752,"min":0.0327349714935,"var":0.00622005853802},"melbands_kurtosis":{"dmean":11.6759147644,"dmean2":18.9021015167,"dvar":295.270721436,"dvar2":702.704223633,"max":209.689697266,"mean":24.3002262115,"median":14.5807037354,"min":-1.85199856758,"var":777.067016602},"melbands_skewness":{"dmean":0.949329197407,"dmean2":1.52151024342,"dvar":0.971174836159,"dvar2":2.26516962051,"max":12.807258606,"mean":3.64185643196,"median":3.41058111191,"min":-9.648021698,"var":5.27490711212},"melbands_spread":{"dmean":6.7778301239,"dmean2":10.9119272232,"dvar":74.4786682129,"dvar2":182.838577271,"max":146.727630615,"mean":20.0127868652,"median":16.3513374329,"min":0.499091655016,"var":251.119766235},"mfcc":{"cov":[[14302.9707031,775.203918457,-127.006317139,945.223449707,243.921005249,117.188041687,-254.826919556,-190.267807007,-63.908405304,135.800094604,112.139411926,64.6891555786,-216.858062744],[775.203918457,960.27722168,-71.6342849731,118.279075623,127.843597412,32.6877479553,46.0360221863,36.0751953125,16.6838588715,26.2034378052,27.1660556793,16.4317054749,1.1986079216],[-127.006317139,-71.6342849731,321.249542236,33.4483947754,35.2476577759,21.3180847168,-6.96787071228,-21.6631374359,11.369093895,9.71113491058,22.2243595123,4.07011270523,4.01991033554],[945.223449707,118.279075623,33.4483947754,305.524688721,120.619102478,37.1839141846,-21.4507160187,-15.1430921555,-1.43050765991,27.121887207,35.5594749451,16.9953422546,-11.0859622955],[243.921005249,127.843597412,35.2476577759,120.619102478,194.870605469,31.6398639679,-5.88823461533,-8.98454093933,15.584359169,25.3193836212,27.7392883301,13.6737937927,5.87856578827],[117.188041687,32.6877479553,21.3180847168,37.1839141846,31.6398639679,115.293296814,49.4020729065,25.7795886993,12.4670295715,4.2332701683,10.6851520538,-0.0236205197871,2.72736430168],[-254.826919556,46.0360221863,-6.96787071228,-21.4507160187,-5.88823461533,49.4020729065,117.643661499,64.5568466187,12.199221611,-1.85701572895,-6.34838914871,-5.57025003433,8.11036396027],[-190.267807007,36.0751953125,-21.6631374359,-15.1430921555,-8.98454093933,25.7795886993,64.5568466187,102.705245972,34.3448371887,-4.55139636993,-13.0644073486,-11.346203804,13.6901483536],[-63.908405304,16.6838588715,11.369093895,-1.43050765991,15.584359169,12.4670295715,12.199221611,34.3448371887,70.9296188354,25.7333087921,0.846480071545,-3.85418558121,6.46531391144],[135.800094604,26.2034378052,9.71113491058,27.121887207,25.3193836212,4.2332701683,-1.85701572895,-4.55139636993,25.7333087921,67.8372421265,27.6491832733,4.90189743042,-3.77941846848],[112.139411926,27.1660556793,22.2243595123,35.5594749451,27.7392883301,10.6851520538,-6.34838914871,-13.0644073486,0.846480071545,27.6491832733,66.6360397339,27.3969936371,-5.42574977875],[64.6891555786,16.4317054749,4.07011270523,16.9953422546,13.6737937927,-0.0236205197871,-5.57025003433,-11.346203804,-3.85418558121,4.90189743042,27.3969936371,52.6722564697,13.8172693253],[-216.858062744,1.1986079216,4.01991033554,-11.0859622955,5.87856578827,2.72736430168,8.11036396027,13.6901483536,6.46531391144,-3.77941846848,-5.42574977875,13.8172693253,51.1267738342]],"icov":[[0.000103707592643,-0.0000636450495222,0.0000497366745549,-0.000289110350423,0.000108415195427,-0.000160224110004,0.000233825136092,0.00000593023105466,0.0000655085823382,-0.000155387446284,0.000164261262398,-0.000186192715773,0.000380158715416],[-0.0000636450495222,0.00127343542408,0.000328878319124,-0.0000756201916374,-0.000787867116742,0.000248203665251,-0.000644027779344,-0.000250812066952,-0.0000366281201423,-0.0000100864581327,-0.000280127249425,-0.0000665548577672,-0.000103248014057],[0.0000497366745549,0.000328878319124,0.00351093779318,-0.000370919558918,-0.000382316939067,-0.000512926722877,-0.000281965651084,0.00131735042669,-0.00110679352656,0.000524566334207,-0.00125244259834,0.000699148047715,-0.000533046608325],[-0.000289110350423,-0.0000756201916374,-0.000370919558918,0.00564714334905,-0.00277382670902,-0.000924829044379,0.00099571805913,-0.00100368261337,0.0012168927351,-0.00065980583895,-0.000740860356018,-0.000354919058736,0.000322848878568],[0.000108415195427,-0.000787867116742,-0.000382316939067,-0.00277382670902,0.00795235298574,-0.00127044937108,0.000435029214714,0.00128965929616,-0.00156329816673,-0.000654743867926,-0.000905959284864,0.0000592009018874,-0.00131685938686],[-0.000160224110004,0.000248203665251,-0.000512926722877,-0.000924829044379,-0.00127044937108,0.0123154716566,-0.00597025593743,0.000535424798727,-0.00169612921309,0.00173696246929,-0.00246559479274,0.00150369748008,-0.000877965067048],[0.000233825136092,-0.000644027779344,-0.000281965651084,0.00099571805913,0.000435029214714,-0.00597025593743,0.0168509110808,-0.00989698059857,0.00397141091526,-0.00254966900684,0.00162274518516,-0.00153092539404,0.00138568761759],[0.00000593023105466,-0.000250812066952,0.00131735042669,-0.00100368261337,0.00128965929616,0.000535424798727,-0.00989698059857,0.020454371348,-0.00981547031552,0.00451129162684,-0.000952034199145,0.00369807519019,-0.00389982224442],[0.0000655085823382,-0.0000366281201423,-0.00110679352656,0.0012168927351,-0.00156329816673,-0.00169612921309,0.00397141091526,-0.00981547031552,0.0227219797671,-0.0101915188134,0.00319610233419,-0.000661513826344,-0.000210652942769],[-0.000155387446284,-0.0000100864581327,0.000524566334207,-0.00065980583895,-0.000654743867926,0.00173696246929,-0.00254966900684,0.00451129162684,-0.0101915188134,0.02326188609,-0.0100438324735,0.00374535308219,-0.000733787950594],[0.000164261262398,-0.000280127249425,-0.00125244259834,-0.000740860356018,-0.000905959284864,-0.00246559479274,0.00162274518516,-0.000952034199145,0.00319610233419,-0.0100438324735,0.0268083121628,-0.0140224127099,0.00636231107637],[-0.000186192715773,-0.0000665548577672,0.000699148047715,-0.000354919058736,0.0000592009018874,0.00150369748008,-0.00153092539404,0.00369807519019,-0.000661513826344,0.00374535308219,-0.0140224127099,0.0296715404838,-0.0109009882435],[0.000380158715416,-0.000103248014057,-0.000533046608325,0.000322848878568,-0.00131685938686,-0.000877965067048,0.00138568761759,-0.00389982224442,-0.000210652942769,-0.000733787950594,0.00636231107637,-0.0109009882435,0.0259023476392]],"mean":[-622.031494141,108.223236084,6.94130945206,34.0590324402,9.48224925995,12.5983133316,4.91279840469,7.21691226959,3.66530847549,2.89359235764,0.98736011982,0.525236725807,-2.7692232132]},"pitch_salience":{"dmean":0.0828563868999,"dmean2":0.137459754944,"dvar":0.00530530838296,"dvar2":0.0138359200209,"max":0.975838661194,"mean":0.52702331543,"median":0.536551594734,"min":0.0662851557136,"var":0.0157868806273},"silence_rate_20dB":{"dmean":0,"dmean2":0,"dvar":0,"dvar2":0,"max":1,"mean":1,"median":1,"min":1,"var":0},"silence_rate_30dB":{"dmean":0.0147539451718,"dmean2":0.0295106470585,"dvar":0.0145370811224,"dvar2":0.0415346994996,"max":1,"mean":0.991503238678,"median":1,"min":0,"var":0.00842369068414},"silence_rate_60dB":{"dmean":0.0042954524979,"dmean2":0.00859170686454,"dvar":0.00427759857848,"dvar2":0.00982429645956,"max":1,"mean":0.0621848739684,"median":0,"min":0,"var":0.058326151222},"spectral_centroid":{"dmean":287.300018311,"dmean2":457.533447266,"dvar":81278.15625,"dvar2":190936.984375,"max":4168.58105469,"mean":1448.53356934,"median":1353.29638672,"min":140.079879761,"var":385270.59375},"spectral_complexity":{"dmean":4.44616699219,"dmean2":6.80108308792,"dvar":21.0453605652,"dvar2":40.2920608521,"max":63,"mean":25.5680675507,"median":25,"min":0,"var":158.973739624},"spectral_contrast_coeffs":{"dmean":[0.0540114231408,0.0471094362438,0.0357031822205,0.0281832385808,0.0199117790908,0.0168394930661],"dmean2":[0.091941088438,0.0786227732897,0.0600336790085,0.0474614612758,0.033171530813,0.0273914560676],"dvar":[0.00194407871459,0.00142505380791,0.00083702406846,0.000503972754814,0.000256065657595,0.000230204255786],"dvar2":[0.00538373971358,0.00386400753632,0.00228786771186,0.00140152382664,0.000703053432517,0.000561168359127],"max":[-0.316156387329,-0.453504472971,-0.43126553297,-0.610301375389,-0.639299273491,-0.586995840073],"mean":[-0.646394789219,-0.771296918392,-0.787913799286,-0.794729232788,-0.801631510258,-0.750299870968],"median":[-0.646341502666,-0.776070713997,-0.797149121761,-0.797624468803,-0.802339315414,-0.74606603384],"min":[-0.998779118061,-0.994229376316,-0.978183150291,-0.978132247925,-0.948216617107,-0.93853187561],"var":[0.00670968554914,0.00381293427199,0.00368386250921,0.00198528240435,0.00140161358286,0.00207180436701]},"spectral_contrast_valleys":{"dmean":[0.379768311977,0.35086736083,0.294045060873,0.249510735273,0.224589765072,0.249655544758],"dmean2":[0.638568222523,0.583998441696,0.481949955225,0.405075728893,0.346898555756,0.34425252676],"dvar":[0.100873246789,0.0924747511744,0.0622367821634,0.0543578453362,0.051647271961,0.091054469347],"dvar2":[0.2663603127,0.230606034398,0.150455698371,0.124827995896,0.114813908935,0.175107255578],"max":[-5.00586366653,-4.8638510704,-5.46111965179,-5.69383144379,-5.42344808578,-7.80941390991],"mean":[-6.85525941849,-6.71212482452,-7.24364423752,-7.54370260239,-7.28097438812,-9.91747760773],"median":[-6.48414707184,-6.3756518364,-6.98431253433,-7.21315670013,-6.88914775848,-9.59418869019],"min":[-21.2204799652,-21.3781585693,-22.0044136047,-23.1577854156,-21.9321231842,-23.0860271454],"var":[3.18286681175,2.49414920807,1.65335404873,2.31089925766,3.01602816582,3.09890460968]},"spectral_decrease":{"dmean":3.12789527612e-9,"dmean2":5.07971664732e-9,"dvar":1.46276568116e-17,"dvar2":3.33845330666e-17,"max":-6.95885064734e-23,"mean":-1.14035572096e-8,"median":-1.07197859478e-8,"min":-3.85819980409e-8,"var":4.61118416825e-17},"spectral_energy":{"dmean":0.0120327426121,"dmean2":0.0194148756564,"dvar":0.00021033185476,"dvar2":0.00047863740474,"max":0.147316560149,"mean":0.0453342832625,"median":0.0429548993707,"min":1.00065952466e-15,"var":0.00068148894934},"spectral_energyband_high":{"dmean":0.000645976804662,"dmean2":0.000901502615307,"dvar":0.00000134706908739,"dvar2":0.00000255215445577,"max":0.0257273185998,"mean":0.00145002559293,"median":0.000708634848706,"min":5.63058057786e-16,"var":0.00000399140662921},"spectral_energyband_low":{"dmean":0.0101784486324,"dmean2":0.0166165027767,"dvar":0.000213584557059,"dvar2":0.000491964980029,"max":0.130500137806,"mean":0.0255577620119,"median":0.0180482473224,"min":6.88548649135e-17,"var":0.000558975501917},"spectral_energyband_middle_high":{"dmean":0.00135991745628,"dmean2":0.00216125510633,"dvar":0.00000293585094369,"dvar2":0.00000693738593327,"max":0.0409572161734,"mean":0.00535991834477,"median":0.0042742243968,"min":1.54024682887e-16,"var":0.0000210715224966},"spectral_energyband_middle_low":{"dmean":0.00626025348902,"dmean2":0.0102932825685,"dvar":0.0000540993059985,"dvar2":0.000136674221721,"max":0.0830891430378,"mean":0.0149892726913,"median":0.011959772557,"min":1.82355486518e-16,"var":0.000142553879414},"spectral_entropy":{"dmean":0.132625207305,"dmean2":0.203190907836,"dvar":0.0200408603996,"dvar2":0.0446533076465,"max":9.28041648865,"mean":7.74834108353,"median":7.81977558136,"min":3.77301859856,"var":0.256099104881},"spectral_flux":{"dmean":0.0261516943574,"dmean2":0.0427531450987,"dvar":0.000853286590427,"dvar2":0.00212418334559,"max":0.318879336119,"mean":0.100288018584,"median":0.0956119969487,"min":0.00000535930075785,"var":0.00222295615822},"spectral_kurtosis":{"dmean":1.3178524971,"dmean2":2.14288783073,"dvar":9.91011619568,"dvar2":25.3589057922,"max":117.711097717,"mean":4.7629981041,"median":2.9768884182,"min":-0.352039813995,"var":90.7051315308},"spectral_rms":{"dmean":0.000850663869642,"dmean2":0.0013635706855,"dvar":8.27135920645e-7,"dvar2":0.00000185784313089,"max":0.0119884721935,"mean":0.00624507106841,"median":0.00647357851267,"min":9.88055304241e-10,"var":0.00000522763366462},"spectral_rolloff":{"dmean":485.595001221,"dmean2":807.900756836,"dvar":545301.6875,"dvar2":1229146.625,"max":16602.0996094,"mean":1201.68322754,"median":796.728515625,"min":21.533203125,"var":1735372.5},"spectral_skewness":{"dmean":0.177239730954,"dmean2":0.281356424093,"dvar":0.0503486134112,"dvar2":0.125989347696,"max":9.24000549316,"mean":1.42454969883,"median":1.2805608511,"min":0.240107059479,"var":0.722733795643},"spectral_spread":{"dmean":399057.65625,"dmean2":592731.5625,"dvar":209002037248,"dvar2":395173888000,"max":27163890,"mean":4717218.5,"median":4703054,"min":671517.1875,"var":1455744614400},"spectral_strongpeak":{"dmean":0.308433264494,"dmean2":0.536884725094,"dvar":0.329930126667,"dvar2":0.882849156857,"max":11.0646934509,"mean":0.640067398548,"median":0.469368129969,"min":0,"var":0.597061991692},"zerocrossingrate":{"dmean":0.00958894286305,"dmean2":0.0113640753552,"dvar":0.0000925275235204,"dvar2":0.000116664414236,"max":0.50537109375,"mean":0.0555715598166,"median":0.04833984375,"min":0,"var":0.00101344345603}},"metadata":{"audio_properties":{"analysis_sample_rate":44100,"bit_rate":0,"codec":"flac","downmix":"mix","equal_loudness":0,"length":248.63999939,"lossless":true,"md5_encoded":"88c107dad5c764ad5a0151089ffbeb89","replay_gain":-16.0542793274,"sample_rate":44100},"tags":{"acoustid_id":["b2ea7cb4-94ec-42af-a320-6ef043558765"],"album":["MGMT"],"album artist":["MGMT"],"albumartist":["MGMT"],"albumartistsort":["MGMT"],"artist":["MGMT"],"artistsort":["MGMT"],"asin":["B00DMEQP46"],"barcode":["888837601528"],"catalognumber":["88883 76015 2"],"date":["2013-09-17"],"disc":["1"],"discnumber":["1"],"disctotal":["1"],"ensemble":["MGMT"],"file_name":"03. MGMT - Mystery Disease.flac","genre":["Psychedelic Rock"],"label":["Columbia"],"language":["English"],"media":["CD"],"musicbrainz_albumartistid":["c485632c-b784-4ee9-8ea1-c5fb365681fc"],"musicbrainz_albumid":["253e97e9-5180-40dc-9ce2-11ea1b82d5b8"],"musicbrainz_artistid":["c485632c-b784-4ee9-8ea1-c5fb365681fc"],"musicbrainz_recordingid":["52764b15-e7a6-426b-9e9f-f7b1223edfd5"],"originaldate":["2013-09-13"],"releasecountry":["US"],"releasestatus":["official"],"releasetype":["album"],"replaygain_album_gain":["-11.580000 dB"],"replaygain_track_gain":["-11.270000 dB"],"replaygain_track_peak":["0.991455"],"script":["Latn"],"title":["Mystery Disease"],"totaldiscs":["1"],"totaltracks":["10"],"tracknumber":["3"],"tracktotal":["10"],"year":["2013"]},"version":{"essentia":"2.1-beta1","essentia_build_sha":"ca57ba49d9b1854bd80e60cf9ccf267278fb7d6b","essentia_git_sha":"v2.1_beta1-28-g21ef5f4-dirty","extractor":"music 1.0"}},"rhythm":{"beats_count":446,"beats_loudness":{"dmean":0.023387150839,"dmean2":0.0422838367522,"dvar":0.000333518051775,"dvar2":0.00110180629417,"max":0.132644444704,"mean":0.0608616694808,"median":0.0632872208953,"min":1.6271662906e-9,"var":0.000741536321584},"beats_loudness_band_ratio":{"dmean":[0.337955445051,0.142958298326,0.