{"lowlevel":{"average_loudness":0.9006934762,"barkbands":{"dmean":[0.0000141310920299,0.00192738045007,0.00162327103317,0.00145718408749,0.00148452888243,0.00104737712536,0.00126513955183,0.000726136844605,0.000729097228032,0.000469646067359,0.000437109876657,0.000894624041393,0.000599579652771,0.000590979354456,0.000372876034817,0.00029688840732,0.000255591905443,0.000189619095181,0.00014671034296,0.000105442282802,0.0000737453447073,0.0000491109785798,0.0000649317444186,0.0000982600249699,0.0000924676496652,0.0000736937436159,0.00000929748330236],"dmean2":[0.0000224327068281,0.00314236129634,0.00273675029166,0.0024150267709,0.00227771652862,0.00164648564532,0.00206467858516,0.00108106574044,0.00111069215927,0.000721731514204,0.000692615634762,0.0014828214189,0.000957706652116,0.000941799778957,0.00059145904379,0.0004679869744,0.000409470783779,0.000307204667479,0.000237215324887,0.000165462202858,0.000114192764158,0.0000694037516951,0.0000878675127751,0.000131197695737,0.000121053490147,0.0000976552255452,0.0000130405651362],"dvar":[8.89978979401e-10,0.0000205684646062,0.0000152919274115,0.0000100319230114,0.00000820347668196,0.00000471277780889,0.0000105866320155,0.00000248634046329,0.00000272590500572,0.00000124503776533,0.0000010511931805,0.00000465122911919,0.00000150108826347,0.00000136082189783,7.42006420751e-7,3.21666419723e-7,3.41256424008e-7,2.33276324479e-7,8.57018278566e-8,6.59763301769e-8,2.239163166e-8,1.82518853364e-8,1.06945130085e-7,1.71980147456e-7,8.34079969536e-8,2.79148490989e-8,4.8447257317e-10],"dvar2":[1.98650318417e-9,0.0000522063601238,0.00003944202399,0.0000239870169025,0.0000201109887712,0.0000113121859613,0.0000274515696219,0.00000525323730471,0.0000053573344303,0.0000027679266168,0.00000247042771662,0.0000124522503029,0.00000374978731088,0.00000339206030731,0.00000167724340372,7.3416322266e-7,7.88025090515e-7,6.32121214039e-7,2.38935825791e-7,1.46517791677e-7,5.58356560987e-8,3.81960596485e-8,2.28949289749e-7,3.71750275008e-7,1.76826873144e-7,5.14242017857e-8,9.75653668966e-10],"max":[0.000665963394567,0.0401399880648,0.0406170710921,0.0382311269641,0.0459638014436,0.0427624471486,0.043933942914,0.0316324569285,0.0457080379128,0.0305960420519,0.025620918721,0.0341080017388,0.0212375316769,0.0180494133383,0.030632276088,0.0192376654595,0.0196137782186,0.0197684783489,0.00523017486557,0.00832485873252,0.00349158863537,0.00565772829577,0.0161365643144,0.0252819769084,0.0143872657791,0.00495826359838,0.00033469349728],"mean":[0.0000210899015656,0.00196486641653,0.00178251462057,0.00181455630809,0.00263735000044,0.00176388537511,0.00190658739302,0.0014033652842,0.00138976820745,0.000797506363597,0.00072367436951,0.0012189532863,0.000965032668319,0.000927751010749,0.000552509678528,0.000509992009029,0.000469605205581,0.000368603301467,0.000260417204117,0.000184815376997,0.000146261605551,0.0000932994662435,0.000105536542833,0.00015175959561,0.000136969334562,0.000101128556707,0.0000108674403236],"median":[0.0000059667881942,0.000481272465549,0.000407102226745,0.000584452587646,0.00102118076757,0.00061014725361,0.000370227498934,0.000366082967957,0.00037850625813,0.00016823153419,0.000143312790897,0.000248924567131,0.00025644278503,0.000314724718919,0.000178324771696,0.000241554560489,0.000167269259691,0.000127173159854,0.0000982397759799,0.0000729294479243,0.0000649928260827,0.0000396544128307,0.0000291454289254,0.0000237861968344,0.0000182612511708,0.00000699976681062,3.98062638851e-7],"min":[2.96751896723e-23,3.00453105873e-23,2.53054370772e-24,1.10493834007e-24,7.03130215723e-23,7.24663152319e-23,4.06325938636e-23,2.87917127901e-23,6.4074476031e-23,1.23277603444e-22,7.75310546789e-23,6.74380400913e-23,8.34515188814e-23,1.53024753008e-22,1.87804115706e-22,9.3862993461e-23,1.65587444965e-22,2.03739888541e-22,2.6746211609e-22,3.42621047094e-22,4.32361510263e-22,6.17947437456e-22,5.04481774303e-22,8.44306139095e-22,1.29705757068e-21,1.63232633316e-21,2.82687904014e-21],"var":[1.67408042984e-9,0.0000182990352187,0.0000141643795359,0.0000116054243335,0.0000149904735736,0.00000992442164716,0.0000201206057682,0.00000888680915523,0.00000935820389714,0.00000305816820401,0.00000289959507427,0.00000703175192029,0.00000323314179695,0.00000276644163932,0.0000013282888176,7.08898596713e-7,9.96071662485e-7,5.82636971558e-7,1.7683196063e-7,1.34474376523e-7,5.26609511553e-8,4.64512837084e-8,1.94060390868e-7,3.73589642777e-7,1.74322678959e-7,5.77247938338e-8,7.38433925118e-10]},"barkbands_crest":{"dmean":2.42008662224,"dmean2":3.86901164055,"dvar":4.61132240295,"dvar2":11.8614759445,"max":25.2967510223,"mean":9.19576835632,"median":8.32251930237,"min":2.50774049759,"var":16.2302265167},"barkbands_flatness_db":{"dmean":0.0204005539417,"dmean2":0.0294220801443,"dvar":0.000406901352108,"dvar2":0.000902914034668,"max":0.297723919153,"mean":0.117615766823,"median":0.113041363657,"min":0.0193449687213,"var":0.00172645610292},"barkbands_kurtosis":{"dmean":2.2029812336,"dmean2":3.41539978981,"dvar":13.612862587,"dvar2":32.1838989258,"max":65.1013946533,"mean":2.9125020504,"median":1.20091593266,"min":-1.91382050514,"var":31.3631515503},"barkbands_skewness":{"dmean":0.496546000242,"dmean2":0.733165025711,"dvar":0.260363340378,"dvar2":0.560216069221,"max":6.55890846252,"mean":1.21584391594,"median":1.11135780811,"min":-4.96126699448,"var":1.19023108482},"barkbands_spread":{"dmean":6.0746679306,"dmean2":8.74020576477,"dvar":51.9045066833,"dvar2":105.343719482,"max":109.712982178,"mean":23.5168457031,"median":20.8401107788,"min":1.917314291,"var":199.927764893},"dissonance":{"dmean":0.0198868531734,"dmean2":0.0334574207664,"dvar":0.000375923322281,"dvar2":0.00102576205973,"max":0.500000059605,"mean":0.462548077106,"median":0.469375967979,"min":0.251728355885,"var":0.000834459147882},"dynamic_complexity":5.31482076645,"erbbands":{"dmean":[0.0227359291166,0.538867592812,1.80819225311,3.47075748444,4.61620283127,5.08044672012,7.90585565567,8.86585426331,13.8507595062,19.4298419952,16.0058574677,14.4168348312,15.6859855652,16.1431713104,21.7880954742,32.6881942749,23.9417648315,30.1785240173,22.5562057495,14.9947738647,15.9252786636,15.0433034897,11.0421609879,7.46537876129,6.50123262405,4.1189289093,2.88550019264,2.86167287827,1.70015013218,2.01741838455,1.82822692394,1.83220624924,1.71758496761,1.11608827114,0.648824036121,0.368545919657,0.127063527703,0.0203591864556,0.00163860921748,0.0000407610314141],"dmean2":[0.0377170294523,0.870706439018,2.87220144272,5.76549959183,7.32378816605,8.05891418457,12.0800571442,14.0552587509,22.5073394775,30.2969493866,23.6136817932,21.8191986084,24.0709209442,24.8948726654,34.8748321533,54.6971473694,38.4215011597,48.0820503235,35.6215286255,23.3655109406,24.7947845459,24.0871658325,17.6788387299,12.2033252716,10.1625566483,6.38083839417,4.54721879959,4.39493608475,2.42068219185,2.7833814621,2.45890307426,2.49161815643,2.32470107079,1.49764406681,0.863699793816,0.49109300971,0.172377005219,0.0279856678098,0.00229265331291,0.0000534364153282],"dvar":[0.00210562115535,1.63077306747,18.1752529144,54.6471633911,88.7397613525,131.067703247,278.677185059,356.480255127,1161.64135742,2099.78613281,1197.34216309,1155.10131836,1418.91772461,1433.38061523,2273.23291016,7389.34912109,2304.78417969,3912.97924805,2547.3112793,1032.4309082,771.468383789,1305.46081543,670.409545898,255.994003296,153.906890869,101.190299988,36.3566818237,43.4643859863,19.5330619812,60.798412323,83.3198471069,79.6417388916,38.9239959717,15.6714715958,3.54571461678,0.872056782246,0.0821028649807,0.00211525103077,0.0000157302929438,7.03133729019e-9],"dvar2":[0.00549895036966,4.06157684326,43.0136642456,141.087936401,206.130157471,336.128356934,626.290893555,892.936401367,2969.72949219,5191.60107422,2469.48754883,2179.09765625,3187.48632813,3344.65600586,5665.01074219,19718.1992188,5691.20605469,10064.6376953,5917.12841797,2382.44799805,1803.26831055,3105.28686523,1737.72155762,724.3671875,392.279541016,209.233032227,90.4742050171,107.14868927,40.876739502,114.705383301,181.286209106,156.641387939,87.5172729492,37.48802948,6.92908477783,1.67500340939,0.152816861868,0.0042035523802,0.0000315821635013,1.34761402037e-8],"max":[0.532188892365,11.5275030136,36.3717079163,82.3876266479,140.668289185,238.675506592,429.604003906,361.328155518,587.12109375,831.323913574,714.7734375,846.251342773,1213.30773926,817.456787109,903.903564453,1196.42333984,945.43182373,1144.44641113,1512.80944824,1027.54077148,666.008605957,1349.11096191,887.963806152,311.984619141,355.316986084,352.800598145,165.980621338,171.43927002,184.402252197,400.729827881,418.108001709,558.794128418,367.905059814,231.696472168,91.745475769,38.3106002808,8.35832214355,0.837611436844,0.0569226071239,0.00131718814373],"mean":[0.028339587152,0.539308071136,2.01828885078,4.35471582413,6.93786811829,8.12045192719,14.3373146057,14.5001726151,21.112039566,32.0756988525,32.4529800415,28.176990509,27.808795929,29.5994377136,36.3367118835,43.4522399902,41.1749191284,50.6678161621,37.6059875488,25.2284793854,29.0803165436,29.2372951508,23.0479640961,14.3004045486,12.3547878265,7.87869930267,5.80514335632,5.40807247162,3.33769321442,3.42895030975,2.96761608124,2.91918730736,2.54869222641,1.62613785267,0.949687719345,0.519200146198,0.168330460787,0.0253164060414,0.00191936257761,0.0000676732088323],"median":[0.00938059482723,0.122896231711,0.481939613819,1.55821883678,2.77278232574,2.81561779976,4.48640441895,5.38366889954,5.60405874252,7.97613573074,9.831158638,9.14351272583,8.47740745544,7.33629131317,9.21119785309,10.0212211609,12.6771144867,15.6987285614,13.8464193344,11.1609144211,14.9707670212,11.2809238434,8.53455066681,5.4357714653,5.56300020218,3.37274956703,2.50375795364,2.27910327911,1.48012530804,1.20465159416,0.783834755421,0.568764984608,0.361980259418,0.220326721668,0.116069465876,0.0437075681984,0.010438493453,0.00119311618619,0.0000564198380744,0.0000291493579425],"min":[2.08723901643e-21,1.9578571442e-21,2.93282358982e-21,8.6812403339e-21,1.58684596803e-19,2.37377597197e-19,3.32017347332e-19,5.233512799e-19,6.03319017318e-19,5.91060924423e-19,7.3714014172e-19,1.76752656394e-18,3.84123361802e-18,2.14594287582e-18,4.27688028174e-18,2.19158939036e-18,3.45758787031e-18,5.3813157056e-18,1.31234776713e-17,7.39358846918e-18,6.42605515901e-18,8.65575110583e-18,1.09169493991e-17,1.45590421798e-17,1.3145422773e-17,1.48628606557e-17,1.88866774367e-17,1.62131817205e-17,1.91574417754e-17,2.08334321191e-17,1.49257214192e-17,1.55696864891e-17,1.43713069223e-17,1.59845523079e-17,8.17316235594e-18,5.22640421562e-18,2.97231429894e-18,1.51517061285e-18,3.64068890009e-19,4.31699487084e-20],"var":[0.00230980291963,1.47432363033,18.5948696136,57.1210365295,126.735275269,187.433776855,769.31854248,642.441589355,2309.53271484,4674.81396484,4199.53173828,4243.08642578,3168.24316406,3853.95043945,5160.06689453,9464.14160156,5366.52490234,8063.32519531,5272.75830078,1986.30700684,1858.24389648,3695.46533203,2079.57666016,552.183898926,314.935119629,245.571929932,89.1333465576,91.7055053711,49.044883728,141.367752075,152.903961182,184.660064697,78.5233078003,25.8782100677,8.16117954254,1.78623867035,0.161157518625,0.00353062828071,0.0000237984386331,1.25815233787e-8]},"erbbands_crest":{"dmean":2.65193152428,"dmean2":4.24957609177,"dvar":6.08355140686,"dvar2":14.6687555313,"max":30.0810966492,"mean":9.13415622711,"median":8.16074848175,"min":2.1948428154,"var":18.2887439728},"erbbands_flatness_db":{"dmean":0.0223691947758,"dmean2":0.0287779700011,"dvar":0.000446502672276,"dvar2":0.000772451516241,"max":0.332013100386,"mean":0.154760971665,"median":0.157495632768,"min":0.037802118808,"var":0.00264248694293},"erbbands_kurtosis":{"dmean":0.952602684498,"dmean2":1.48952138424,"dvar":2.04407930374,"dvar2":4.73236656189,"max":30.4808959961,"mean":0.694256186485,"median":0.148087739944,"min":-1.79341256618,"var":5.15506124496},"erbbands_skewness":{"dmean":0.365250349045,"dmean2":0.553853094578,"dvar":0.120492704213,"dvar2":0.268270611763,"max":4.92186117172,"mean":0.331048995256,"median":0.363650560379,"min":-4.05827331543,"var":0.649775445461},"erbbands_spread":{"dmean":8.66019630432,"dmean2":12.2270402908,"dvar":110.777046204,"dvar2":222.412826538,"max":159.400894165,"mean":36.4646644592,"median":31.8185482025,"min":3.99797296524,"var":465.244934082},"gfcc":{"cov":[[18762.0175781,690.758422852,-975.726318359,130.228759766,-380.678375244,84.7669448853,-406.080383301,139.551818848,-316.262817383,-65.3464508057,-155.565505981,-36.9537887573,-92.3718566895],[690.758422852,1354.00134277,-531.74810791,91.2187042236,82.2509536743,-223.041534424,76.8367996216,-73.9651489258,126.11353302,-110.514724731,35.5106277466,-90.2201080322,71.2600860596],[-975.726318359,-531.74810791,1563.68017578,17.426115036,79.7078475952,215.34034729,-210.418670654,54.281879425,-14.4584007263,53.5904197693,-61.9595718384,20.140291214,-118.921203613],[130.228759766,91.2187042236,17.426115036,365.773071289,76.9369354248,-54.9653091431,24.6477985382,8.9406414032,20.4334144592,-28.0766487122,-3.71563506126,-4.21897649765,36.3395080566],[-380.678375244,82.2509536743,79.7078475952,76.9369354248,240.977661133,18.8850193024,48.0278396606,18.4400424957,9.10139846802,-6.77097272873,6.96882867813,1.7254909277,-1.24811267853],[84.7669448853,-223.041534424,215.34034729,-54.9653091431,18.8850193024,254.131942749,34.8502578735,16.1363162994,-48.9017829895,35.1490745544,-13.8113126755,14.5556344986,-25.2756519318],[-406.080383301,76.8367996216,-210.418670654,24.6477985382,48.0278396606,34.8502578735,233.624038696,32.233707428,0.109132312238,19.2960758209,28.5567321777,0.628026902676,18.9004688263],[139.551818848,-73.9651489258,54.281879425,8.9406414032,18.4400424957,16.1363162994,32.233707428,124.714485168,39.540096283,23.0722064972,0.92837792635,1.91570985317,-18.7335929871],[-316.262817383,126.11353302,-14.4584007263,20.4334144592,9.10139846802,-48.9017829895,0.109132312238,39.540096283,145.645248413,14.7062044144,6.6295747757,-12.8024892807,1.45553183556],[-65.3464508057,-110.514724731,53.5904197693,-28.0766487122,-6.77097272873,35.1490745544,19.2960758209,23.0722064972,14.7062044144,110.251609802,34.5851669312,6.15504741669,-20.4828624725],[-155.565505981,35.5106277466,-61.9595718384,-3.71563506126,6.96882867813,-13.8113126755,28.5567321777,0.92837792635,6.6295747757,34.5851669312,84.0889282227,28.0856227875,3.70634937286],[-36.9537887573,-90.2201080322,20.140291214,-4.21897649765,1.7254909277,14.5556344986,0.628026902676,1.91570985317,-12.8024892807,6.15504741669,28.0856227875,82.7049179077,32.5387153625],[-92.3718566895,71.2600860596,-118.921203613,36.3395080566,-1.24811267853,-25.2756519318,18.9004688263,-18.7335929871,1.45553183556,-20.4828624725,3.70634937286,32.5387153625,88.2778015137]],"icov":[[0.0000888018475962,-0.000153122542542,0.000125911887153,-0.000133275607368,0.000143811281305,-0.000178650094313,0.000336115685059,-0.00035674351966,0.000363271741662,-0.000186302742804,0.000290155352559,-0.000270215357887,0.000282421155134],[-0.000153122542542,0.00164636841509,-0.0000465228840767,0.000308604561724,-0.00074446585495,0.000746658188291,-0.000838890031446,0.00139316613786,-0.00174584006891,0.00164376106113,-0.00181937741581,0.00238632317632,-0.00139342772309],[0.000125911887153,-0.0000465228840767,0.00128449162003,-0.000491585640702,-0.000268015050096,-0.00104147195816,0.00155065732542,-0.000666578009259,0.00026545021683,-0.000541298126336,0.000973572954535,-0.000986878061667,0.00151950877625],[-0.000133275607368,0.000308604561724,-0.000491585640702,0.00352350692265,-0.00115483335685,0.00112235348206,-0.000932221126277,0.000260711211013,-0.00063982733991,0.000848979922011,-0.000632506271359,0.00131978385616,-0.0021936793346],[0.000143811281305,-0.00074446585495,-0.000268015050096,-0.00115483335685,0.0053250035271,-0.000682050187606,-0.000599993334617,-0.00100939464755,0.000673181144521,0.000145336452988,0.000202191164135,-0.00110543717165,0.0010816185968],[-0.000178650094313,0.000746658188291,-0.00104147195816,0.00112235348206,-0.000682050187606,0.00639642495662,-0.00256033008918,0.000822088273708,0.000709151849151,-0.000808749638963,0.000922706443816,-0.0000840728389448,-0.000317354541039],[0.000336115685059,-0.000838890031446,0.00155065732542,-0.000932221126277,-0.000599993334617,-0.00256033008918,0.00778001593426,-0.00338863139041,0.00199799705297,-0.00165623263456,-0.000314821256325,-0.000183359763469,0.0000387417603633],[-0.00035674351966,0.00139316613786,-0.000666578009259,0.000260711211013,-0.00100939464755,0.000822088273708,-0.00338863139041,0.0121760461479,-0.00507985474542,0.00027620716719,-0.000245703267865,-0.0000395617826143,0.00120009295642],[0.000363271741662,-0.00174584006891,0.00026545021683,-0.00063982733991,0.000673181144521,0.000709151849151,0.00199799705297,-0.00507985474542,0.0110439825803,-0.00318679935299,0.00164962955751,-0.000630397582427,0.000358748395229],[-0.000186302742804,0.00164376106113,-0.000541298126336,0.000848979922011,0.000145336452988,-0.000808749638963,-0.00165623263456,0.00027620716719,-0.00318679935299,0.0142591586336,-0.00760694593191,0.0029966251459,0.000159101749887],[0.000290155352559,-0.00181937741581,0.000973572954535,-0.000632506271359,0.000202191164135,0.000922706443816,-0.000314821256325,-0.000245703267865,0.00164962955751,-0.00760694593191,0.0203400794417,-0.0102392314002,0.00475439149886],[-0.000270215357887,0.00238632317632,-0.000986878061667,0.00131978385616,-0.00110543717165,-0.0000840728389448,-0.000183359763469,-0.0000395617826143,-0.000630397582427,0.0029966251459,-0.0102392314002,0.0225040093064,-0.0112498896196],[0.000282421155134,-0.00139342772309,0.00151950877625,-0.0021936793346,0.0010816185968,-0.000317354541039,0.0000387417603633,0.00120009295642,0.000358748395229,0.000159101749887,0.00475439149886,-0.0112498896196,0.0198470428586]],"mean":[-25.0602321625,79.3423690796,-118.140579224,17.8247051239,-54.8452720642,12.5256309509,-44.7302017212,6.99398612976,-25.5559368134,4.60997486115,-18.4182929993,-0.37945279479,-15.2725582123]},"hfc":{"dmean":7.42349910736,"dmean2":9.90028762817,"dvar":150.920028687,"dvar2":283.937866211,"max":457.582672119,"mean":22.2911510468,"median":16.9945297241,"min":1.23039780925e-16,"var":530.277160645},"melbands":{"dmean":[0.000366842548829,0.000868226168677,0.000628911249805,0.000338944722898,0.000261365523329,0.000198933747015,0.000230625548284,0.000203766365303,0.000127835999592,0.0000960946272244,0.0000812643338577,0.0000681890087435,0.0000636095355731,0.000100484743598,0.0000672587484587,0.0000665073966957,0.0000558654901397,0.0000408943633374,0.0000268568928732,0.0000195425236598,0.0000183780393854,0.0000176198336703,0.0000131593424157,0.00000868095685291,0.00000649673302178,0.00000539886104889,0.00000523369817529,0.00000251826372732,0.00000213174143937,0.00000176842706878,0.00000164554660387,9.73078840616e-7,0.0000010826347534,0.00000120441472973,0.00000107268101601,0.00000112987481771,0.00000119454807646,0.00000116229580271,0.00000130971636736,8.50869582791e-7],"dmean2":[0.000606072891969,0.00134597986471,0.00103325152304,0.000531480123755,0.000398844509618,0.000314976176014,0.000375550385797,0.000312753662001,0.000188024423551,0.000146426522406,0.000124967758893,0.000104553117126,0.000100621116871,0.000165639736224,0.000110669876449,0.000105575898488,0.0000887448186404,0.0000651088921586,0.0000425141115556,0.000031077186577,0.0000287807451969,0.0000284131201624,0.0000211608130485,0.0000139778385346,0.0000107103187474,0.00000857197574078,0.00000824424387247,0.00000392902029489,0.00000340603264704,0.00000276822675005,0.00000255673649008,0.00000143221416238,0.00000155776103838,0.0000017219140318,0.00000151333699705,0.0000015582324977,0.00000166730046658,0.00000159521050591,0.00000181667530796,0.00000116734827316],"dvar":[6.90507761192e-7,0.00000397907024308,0.00000167646396676,5.10372842655e-7,2.8171675126e-7,1.78278810381e-7,3.30038091079e-7,1.93861893649e-7,7.88040495081e-8,4.91705236527e-8,3.67858099537e-8,2.44462903254e-8,1.91843554376e-8,6.0842808125e-8,2.86469212796e-8,1.92491960149e-8,1.31793918001e-8,8.68784777452e-9,3.93465660053e-9,2.22030305252e-9,1.04397190892e-9,2.14806639143e-9,1.23764121174e-9,2.97572494423e-10,2.27235175121e-10,1.03654862471e-10,1.78717471377e-10,4.82054743345e-11,2.94343056872e-11,1.70175713798e-11,1.28520657658e-11,5.52220985953e-12,1.25837508816e-11,2.92159872683e-11,3.63651747604e-11,2.29484643094e-11,3.60715762815e-11,1.86975487176e-11,1.91228404639e-11,1.11033855721e-11],"dvar2":[0.00000179142966772,0.00000908148012968,0.00000412803410654,0.00000126552583879,6.48080515475e-7,4.44343640993e-7,8.51405161484e-7,4.61839931631e-7,1.57523828648e-7,9.83794876674e-8,8.26123667252e-8,5.71041631758e-8,4.55601529836e-8,1.63347493753e-7,7.51325046622e-8,4.89182170327e-8,3.33806298158e-8,2.07658885643e-8,9.47599776424e-9,5.10645836727e-9,2.46463516262e-9,5.09877784438e-9,3.40623951267e-9,7.3480360685e-10,6.49399423125e-10,2.66419053485e-10,4.22759854901e-10,9.95768675849e-11,7.34646996015e-11,4.23829027429e-11,3.23838351968e-11,1.2357808353e-11,2.78451324498e-11,5.89042425947e-11,8.46107559016e-11,4.64119125076e-11,7.31753407868e-11,4.20910840904e-11,4.32615297752e-11,2.8200790661e-11],"max":[0.00753774121404,0.0181037187576,0.0149120762944,0.0110980561003,0.0129382628947,0.0081540318206,0.00882423296571,0.00730722816661,0.00646648276597,0.00540792010725,0.00602138135582,0.00340733234771,0.00299262162298,0.00477783195674,0.00276074465364,0.0025584041141,0.00215391884558,0.00204142532311,0.00189523119479,0.00169803074095,0.000696556991898,0.00180114025716,0.00170819927007,0.000365330575733,0.000293662480544,0.000216358152102,0.00039366769488,0.000301749591017,0.00017015467165,0.000119367279694,0.0000811088611954,0.0000802296490292,0.000171393228811,0.000286637368845,0.000291261851089,0.000254652433796,0.00037411111407,0.000233308630413,0.000252231227932,0.000193255313206],"mean":[0.000398809905164,0.000973938091192,0.000842308741994,0.000533644051757,0.000481915019918,0.000325838947902,0.000348511908669,0.000353258568794,0.000254568672972,0.000181131297722,0.000139668860356,0.000120302815048,0.000106948435132,0.000140543066664,0.0000876378908288,0.000108632804768,0.0000887401765794,0.0000639567006147,0.0000398113370466,0.0000321969419019,0.0000316206242132,0.0000309461247525,0.0000239708570007,0.0000166703666764,0.0000109818738565,0.00000965093840932,0.00000849926891533,0.00000435501578977,0.00000384102668249,0.0000032030368402,0.00000294667029266,0.00000177964318482,0.00000186463512364,0.00000191292269847,0.00000165591086443,0.0000017569435613,0.00000180635242941,0.00000171968406448,0.00000179412938905,0.00000122642859424],"median":[0.00011334552255,0.000241033863858,0.000340144237271,0.000195207481738,0.000160066294484,0.000117676543596,0.0000829663258628,0.0000898103171494,0.0000668452848913,0.0000506021751789,0.0000370540838048,0.0000260712586169,0.0000259606586042,0.0000261295208475,0.0000209799036384,0.0000286390859401,0.0000272644701909,0.0000202956707653,0.0000131371971293,0.0000138838904604,0.0000150489368025,0.0000100781226138,0.00000780424215918,0.00000579522020416,0.00000346956471731,0.00000379665857508,0.00000317854050991,0.00000158009584084,0.0000014576984313,0.00000121208313431,0.00000119099138374,7.22736729131e-7,7.08195557308e-7,5.99424936354e-7,4.26622079885e-7,4.11994875549e-7,3.02083293491e-7,2.48357082455e-7,2.10314510696e-7,1.75235726374e-7],"min":[1.41894604055e-23,1.93425380744e-24,3.87731524689e-24,1.76553965233e-23,9.90270662732e-24,1.33188530002e-23,9.01739248807e-24,6.75033719738e-24,5.7418321726e-24,1.12890389492e-23,1.96117210811e-23,8.931352218e-24,1.33618348754e-23,8.89053339932e-24,5.33549899222e-24,8.19830558841e-24,9.34726808623e-24,2.4161697233e-23,9.5821545762e-24,8.4730374427e-24,7.4561105389e-24,8.43019204036e-24,9.84357755816e-24,9.71257931624e-24,1.21539563009e-23,9.60821696279e-24,9.35302519311e-24,1.0003108899e-23,1.41769853592e-23,8.79345854291e-24,8.49933017668e-24,9.80150839495e-24,1.40087544603e-23,1.06197622575e-23,7.99139447272e-24,9.75900930254e-24,9.42398638698e-24,6.42843264424e-24,1.83016266437e-23,1.20341732945e-23],"var":[6.27281053767e-7,0.00000424917652708,0.00000192320794667,7.22359402516e-7,7.48252830363e-7,3.19163149243e-7,6.33249158e-7,4.86531348542e-7,2.84058444322e-7,1.75521549295e-7,8.32548039398e-8,6.47867040016e-8,5.07187003507e-8,9.90535937717e-8,3.97080093251e-8,4.08425506748e-8,2.658456566e-8,1.74056040692e-8,6.84432421849e-9,4.08413480812e-9,2.43118725152e-9,5.31417132521e-9,3.27336779904e-9,8.6076112904e-10,4.21533002948e-10,2.23916205022e-10,3.00330121883e-10,1.05421484042e-10,5.78128100948e-11,3.65604768682e-11,2.53134128242e-11,1.2512492778e-11,2.92544079239e-11,5.7721331187e-11,5.84567880213e-11,4.52529888562e-11,8.44454645099e-11,4.00577140902e-11,3.03981284588e-11,1.6433800501e-11]},"melbands_crest":{"dmean":3.26715993881,"dmean2":5.23319959641,"dvar":8.95647239685,"dvar2":21.5722179413,"max":34.3237533569,"mean":12.6900177002,"median":11.7601804733,"min":2.32341217995,"var":28.1219501495},"melbands_flatness_db":{"dmean":0.0245853867382,"dmean2":0.0358637012541,"dvar":0.000643933133688,"dvar2":0.00142541970126,"max":0.4224203825,"mean":0.177197515965,"median":0.167029649019,"min":0.00601607561111,"var":0.00308656063862},"melbands_kurtosis":{"dmean":5.6573882103,"dmean2":8.72849750519,"dvar":124.462715149,"dvar2":289.635498047,"max":265.353210449,"mean":9.66006088257,"median":4.54824733734,"min":-1.91266858578,"var":248.840454102},"melbands_skewness":{"dmean":0.685239315033,"dmean2":1.00547575951,"dvar":0.631036698818,"dvar2":1.39102447033,"max":14.2699871063,"mean":2.08959150314,"median":1.8300703764,"min":-1.79051434994,"var":2.48570251465},"melbands_spread":{"dmean":7.39908695221,"dmean2":11.1287126541,"dvar":118.688179016,"dvar2":245.100952148,"max":272.652252197,"mean":26.5477523804,"median":23.1968002319,"min":1.72455191612,"var":378.13458252},"mfcc":{"cov":[[14060.8164063,781.634460449,-635.733886719,82.5846786499,-97.8968429565,-60.7775726318,32.5319290161,-0.0426101386547,-89.134513855,-101.715705872,-71.4856872559,-80.4195022583,-103.456565857],[781.634460449,1185.71704102,-244.96333313,125.514083862,13.4677591324,-25.0068969727,-67.6044311523,-0.699761271477,3.73823785782,7.49114179611,9.25318241119,5.12794685364,-33.4418907166],[-635.733886719,-244.96333313,1094.64245605,-72.8646392822,298.208068848,53.2809944153,-21.4558334351,-22.0167045593,-8.91300487518,36.8942337036,-9.45111370087,17.7482089996,27.342754364],[82.5846786499,125.514083862,-72.8646392822,397.279693604,54.6118431091,-26.5260772705,-11.7477016449,19.4288845062,39.1824264526,-13.6289377213,-10.9110212326,27.7470035553,-6.3040356636],[-97.8968429565,13.4677591324,298.208068848,54.6118431091,287.726196289,21.0217781067,-26.4595088959,11.3781404495,2.08300805092,15.2550935745,-15.0168466568,2.51806902885,10.8010396957],[-60.7775726318,-25.0068969727,53.2809944153,-26.5260772705,21.0217781067,161.268753052,79.5775909424,10.2931032181,10.9078016281,-1.02042293549,1.02778828144,-11.3058853149,1.51770174503],[32.5319290161,-67.6044311523,-21.4558334351,-11.7477016449,-26.4595088959,79.5775909424,205.442459106,33.0466461182,11.1881666183,-2.49699401855,25.3687915802,4.02163934708,-1.23725247383],[-0.0426101386547,-0.699761271477,-22.0167045593,19.4288845062,11.3781404495,10.2931032181,33.0466461182,112.054512024,34.509929657,4.05245828629,-1.98993170261,0.99985396862,-0.0166958700866],[-89.134513855,3.73823785782,-8.91300487518,39.1824264526,2.08300805092,10.9078016281,11.1881666183,34.509929657,96.5374298096,33.2399101257,10.7551088333,7.45937252045,-5.63011789322],[-101.715705872,7.49114179611,36.8942337036,-13.6289377213,15.2550935745,-1.02042293549,-2.49699401855,4.05245828629,33.2399101257,101.722457886,41.2714118958,6.66128635406,1.71465408802],[-71.4856872559,9.25318241119,-9.45111370087,-10.9110212326,-15.0168466568,1.02778828144,25.3687915802,-1.98993170261,10.7551088333,41.2714118958,98.3262405396,39.4045066833,9.23963069916],[-80.4195022583,5.12794685364,17.7482089996,27.7470035553,2.51806902885,-11.3058853149,4.02163934708,0.99985396862,7.45937252045,6.66128635406,39.4045066833,92.3635559082,34.209312439],[-103.456565857,-33.4418907166,27.342754364,-6.3040356636,10.8010396957,1.51770174503,-1.23725247383,-0.0166958700866,-5.63011789322,1.71465408802,9.23963069916,34.209312439,75.0436630249]],"icov":[[0.0000766862649471,-0.0000442794444098,0.000035118067899,0.0000032108614505,-0.000017966640371,0.0000320789695252,-0.000045088960178,-0.00000225514304475,0.0000646864500595,0.0000306557267322,0.0000380116725864,0.0000202271694434,0.0000649079593131],[-0.0000442794444098,0.000988075509667,0.000264933158178,-0.00022113340674,-0.000259110092884,-0.00017926064902,0.000404811900808,-0.0000175339700945,0.000136586677399,-0.000162930125953,-0.000175666311407,-0.000196342691197,0.000436859962065],[0.000035118067899,0.000264933158178,0.00149241625331,0.000392874440877,-0.00157781539019,-0.00027228333056,0.0000668970897095,0.00039887483581,0.0000515810970683,-0.000352566188667,0.000283239147393,-0.000525321403984,0.000106024948764],[0.0000032108614505,-0.00022113340674,0.000392874440877,0.00311835552566,-0.00105902098585,0.000578809413128,-0.000184121759958,0.0000909538284759,-0.00147073529661,0.000767527322751,0.000589079281781,-0.00128045899328,0.000545696821064],[-0.000017966640371,-0.000259110092884,-0.00157781539019,-0.00105902098585,0.00556841259822,-0.000749647268094,0.000733397318982,-0.00101264833938,0.000678712676745,-0.000824118498713,0.000586841895711,0.000324262480717,-0.000579066749196],[0.0000320789695252,-0.00017926064902,-0.00027228333056,0.000578809413128,-0.000749647268094,0.00832830369473,-0.00344768096693,0.000549110525753,-0.0013180692913,0.000583064858802,0.000203211820917,0.00136048754212,-0.000762505515013],[-0.000045088960178,0.000404811900808,0.0000668970897095,-0.000184121759958,0.000733397318982,-0.00344768096693,0.00700711878017,-0.00192978710402,0.00028759232373,0.000753331987653,-0.00214275345206,-0.0000801633868832,0.000462391850306],[-0.00000225514304475,-0.0000175339700945,0.00039887483581,0.0000909538284759,-0.00101264833938,0.000549110525753,-0.00192978710402,0.0108344163746,-0.00399427302182,0.000509600562509,0.000849849253427,0.0000601439787715,-0.000486742035719],[0.0000646864500595,0.000136586677399,0.0000515810970683,-0.00147073529661,0.000678712676745,-0.0013180692913,0.00028759232373,-0.00399427302182,0.0144137879834,-0.00508444430307,0.000814019353129,-0.00144079967868,0.00169466284569],[0.0000306557267322,-0.000162930125953,-0.000352566188667,0.000767527322751,-0.000824118498713,0.000583064858802,0.000753331987653,0.000509600562509,-0.00508444430307,0.0144339967519,-0.00661772210151,0.00238049821928,-0.000699682568666],[0.0000380116725864,-0.000175666311407,0.000283239147393,0.000589079281781,0.000586841895711,0.000203211820917,-0.00214275345206,0.000849849253427,0.000814019353129,-0.00661772210151,0.0163979828358,-0.00714104063809,0.00124530238099],[0.0000202271694434,-0.000196342691197,-0.000525321403984,-0.00128045899328,0.000324262480717,0.00136048754212,-0.0000801633868832,0.0000601439787715,-0.00144079967868,0.00238049821928,-0.00714104063809,0.0171400979161,-0.00714798644185],[0.0000649079593131,0.000436859962065,0.000106024948764,0.000545696821064,-0.000579066749196,-0.000762505515013,0.000462391850306,-0.000486742035719,0.00169466284569,-0.000699682568666,0.00124530238099,-0.00714798644185,0.0169715043157]],"mean":[-666.562255859,117.004974365,-6.63619375229,9.60341739655,6.45411872864,2.49505496025,-3.76492500305,-1.94473230839,-3.72230863571,-0.808254897594,-0.0190973617136,0.394244730473,-2.58275008202]},"pitch_salience":{"dmean":0.0704853907228,"dmean2":0.112298086286,"dvar":0.00423953030258,"dvar2":0.0105673726648,"max":0.918439865112,"mean":0.56513518095,"median":0.573221683502,"min":0.128742277622,"var":0.0127921840176},"silence_rate_20dB":{"dmean":0,"dmean2":0,"dvar":0,"dvar2":0,"max":1,"mean":1,"median":1,"min":1,"var":0},"silence_rate_30dB":{"dmean":0.00131337007042,"dmean2":0.00262708519585,"dvar":0.00131178426091,"dvar2":0.00393428141251,"max":1,"mean":0.999343395233,"median":1,"min":0,"var":0.000656202901155},"silence_rate_60dB":{"dmean":0.0438665598631,"dmean2":0.0877446457744,"dvar":0.0419407598674,"dvar2":0.0892362222075,"max":1,"mean":0.137097835541,"median":0,"min":0,"var":0.118305936456},"spectral_centroid":{"dmean":232.325424194,"dmean2":343.524505615,"dvar":77992.1875,"dvar2":148276.9375,"max":11059.6484375,"mean":1351.74145508,"median":1274.89123535,"min":209.142883301,"var":432344.71875},"spectral_complexity":{"dmean":3.56159710884,"dmean2":5.14330768585,"dvar":16.617099762,"dvar2":31.0862998962,"max":52,"mean":17.5733413696,"median":17,"min":0,"var":104.230354309},"spectral_contrast_coeffs":{"dmean":[0.0529227554798,0.0459625571966,0.0399157032371,0.0342591330409,0.0245908368379,0.0205204803497],"dmean2":[0.0841443091631,0.0748013854027,0.0632294788957,0.053480822593,0.0378609076142,0.0298696793616],"dvar":[0.00202323799022,0.00144474999979,0.00111444084905,0.000839617161546,0.000457652116893,0.000382470258046],"dvar2":[0.00479310424998,0.00379828130826,0.00261936150491,0.00196516118012,0.0010088206036,0.000782132439781],"max":[-0.320844560862,-0.434720784426,-0.42036986351,-0.503392279148,-0.544965147972,-0.573524057865],"mean":[-0.636364102364,-0.725033640862,-0.758941113949,-0.764045834541,-0.770908951759,-0.787270128727],"median":[-0.640951752663,-0.732359349728,-0.761959195137,-0.765845775604,-0.771364033222,-0.794921040535],"min":[-0.946305572987,-0.960322916508,-0.96820050478,-0.964939296246,-0.970168590546,-0.95665615797],"var":[0.00785044021904,0.00718478439376,0.00606199773028,0.00462220050395,0.00367548665963,0.00316903972998]},"spectral_contrast_valleys":{"dmean":[0.476136893034,0.387507736683,0.377527594566,0.377620786428,0.32648435235,0.416786968708],"dmean2":[0.728739619255,0.590832173824,0.573508560658,0.546683073044,0.438707351685,0.458073526621],"dvar":[0.190734416246,0.136845856905,0.142435714602,0.162687405944,0.136643856764,0.207373231649],"dvar2":[0.386954754591,0.27010846138,0.277476996183,0.322668790817,0.242914408445,0.29584184289],"max":[-5.40116834641,-4.60635709763,-5.21228027344,-5.36657905579,-5.81344890594,-6.76450157166],"mean":[-7.83721017838,-7.00139093399,-7.61592435837,-7.82307243347,-8.04949951172,-10.2871179581],"median":[-7.57746744156,-6.75035047531,-7.4058508873,-7.61233758926,-7.74689245224,-10.1560153961],"min":[-27.3782100677,-27.4523735046,-27.4570064545,-27.3543586731,-26.9081020355,-27.372423172],"var":[2.01818656921,1.93007493019,1.87733221054,1.85459852219,1.80667805672,1.91965353489]},"spectral_decrease":{"dmean":2.07590100665e-9,"dmean2":2.9257045675e-9,"dvar":9.39615633623e-18,"dvar2":1.90372127277e-17,"max":5.63854148706e-29,"mean":-5.40157607531e-9,"median":-4.36207336918e-9,"min":-2.92678556946e-8,"var":2.30765771955e-17},"spectral_energy":{"dmean":0.00838959868997,"dmean2":0.0117128156126,"dvar":0.000149582556332,"dvar2":0.000299846928101,"max":0.120118886232,"mean":0.0224086977541,"median":0.018337789923,"min":1.09472571933e-20,"var":0.000386181374779},"spectral_energyband_high":{"dmean":0.000423655466875,"dmean2":0.000532872509211,"dvar":0.00000120660286029,"dvar2":0.00000227507848649,"max":0.0514215305448,"mean":0.000813453749288,"median":0.00033373667975,"min":8.10075099097e-21,"var":0.00000328489568346},"spectral_energyband_low":{"dmean":0.00364067568444,"dmean2":0.00557406712323,"dvar":0.0000570769188926,"dvar2":0.000128444560687,"max":0.0670943111181,"mean":0.00468486361206,"median":0.00158734840807,"min":5.49022893118e-23,"var":0.0000677319840179},"spectral_energyband_middle_high":{"dmean":0.00250390521251,"dmean2":0.00386212952435,"dvar":0.0000170527910086,"dvar2":0.0000428525854659,"max":0.076336748898,"mean":0.0068292086944,"median":0.00384710868821,"min":1.54728283617e-21,"var":0.0000655141338939},"spectral_energyband_middle_low":{"dmean":0.00470295874402,"dmean2":0.00691187335178,"dvar":0.0000575923149881,"dvar2":0.000124728234368,"max":0.0875341892242,"mean":0.0110724158585,"median":0.00756352255121,"min":3.2484787206e-22,"var":0.000130785963847},"spectral_entropy":{"dmean":0.183215081692,"dmean2":0.245535865426,"dvar":0.0386330261827,"dvar2":0.071240618825,"max":9.79842567444,"mean":7.57599115372,"median":7.58096027374,"min":5.84807014465,"var":0.204185768962},"spectral_flux":{"dmean":0.0260114688426,"dmean2":0.0382647775114,"dvar":0.00094080332201,"dvar2":0.00188573321793,"max":0.30096796155,"mean":0.0798638984561,"median":0.0698631331325,"min":1.04629138686e-10,"var":0.00270795775577},"spectral_kurtosis":{"dmean":1.71456563473,"dmean2":2.63663005829,"dvar":4.06373214722,"dvar2":9.93512630463,"max":35.4468917847,"mean":4.99244356155,"median":4.54711532593,"min":-1.18915259838,"var":10.6577920914},"spectral_rms":{"dmean":0.00080732232891,"dmean2":0.00107163551729,"dvar":0.00000100275428849,"dvar2":0.00000181476491434,"max":0.0108253937215,"mean":0.00415424536914,"median":0.00422971928492,"min":3.26806528887e-12,"var":0.00000460439514427},"spectral_rolloff":{"dmean":528.803527832,"dmean2":871.27154541,"dvar":1102061.75,"dvar2":2414338.5,"max":18927.6855469,"mean":1705.72412109,"median":1485.79101563,"min":21.533203125,"var":2271587.25},"spectral_skewness":{"dmean":0.231657058001,"dmean2":0.347337305546,"dvar":0.0554948076606,"dvar2":0.122266627848,"max":4.92311763763,"mean":1.70467507839,"median":1.69914638996,"min":-0.0068138288334,"var":0.249540418386},"spectral_spread":{"dmean":887437.1875,"dmean2":1119741.125,"dvar":1189654560770,"dvar2":1977561120770,"max":40679164,"mean":5179219.5,"median":4356817,"min":1639216,"var":5842578964480},"spectral_strongpeak":{"dmean":0.603834569454,"dmean2":1.00333988667,"dvar":0.989302694798,"dvar2":2.40010643005,"max":15.2555704117,"mean":1.16939520836,"median":0.628358662128,"min":0,"var":1.90711688995},"zerocrossingrate":{"dmean":0.0127103831619,"dmean2":0.0141758704558,"dvar":0.000250053533819,"dvar2":0.00028453944833,"max":0.494140625,"mean":0.0721748322248,"median":0.06591796875,"min":0.005859375,"var":0.001594430767}},"metadata":{"audio_properties":{"analysis_sample_rate":44100,"bit_rate":192000,"codec":"mp3","downmix":"mix","equal_loudness":0,"length":176.796737671,"lossless":false,"md5_encoded":"b512211634e9ea657c2191212f540edd","replay_gain":-5.62627792358,"sample_rate":44100},"tags":{"acoustid_fingerprint":["AQADtKJyTomGU8KO_2ByRFKc7dAlnAjjSMd12JEQnsGZx6jCw-MRfjnu4x86TkZTJsH7w1F-YHQe8C72jPiRcJncIFYVXEqJknzwHftx6qDyCFuyHX153McfJIujXBrSR2i54Dt-of8EK52PvhmOSy-OU4iP8YWeHZlzBjOJfi_cZeg9XNbx3EIjZRnK4yKausHEE8nzC7FbgbEPN8UT9NiLm07xfcKlo9eENBmVIumHHpeY48cTpxG-WIgPLSpCJs6Nr87xE1ajHDeD5MkReTVqMUbz_Dhe5UHzHMkeIrvAhDf6RsR5YT_s7Th_JFVyIdU1_BIu5cKDPjrSZzGS7cZ94XuI58UR6kuGZFG64zuuHD-a5-i148ebLGE4PBM35PmRcNLxLDgV7Kgs1ciy2UdyH0-E5-mEP-CP0yrCM4eUPCdy5cGTCb_Q9Dz6o5sehHnyCMnxRLjOwBuD58bzCj_shMN1XGN1eF1iZBMPPUeeHacO18cfPKiOhg8uHdGj6Ej4Yx_GXmhGJkdtB_1yNN3xHOcT_KjEN2iWr7jopHiTB5G-QMuLPInQD0334rjwpYgfFrKDWOSHNses5OjH4UWkf4WWRymyUcvxRJko_Dc2Hj-eIn0-6BRyH5VEHU2TH_PT4MsjgJqUHZ-Ca0oY9NKHJIqOI8dFfmhu1EeENzo27hEuTPqD9CiXLPiORhEqb8Z3DWV5NLXxnfiiE358PHmGE99IkFOWBskv5Bf2B43qBT8e6RveoscOhlnXwGOQ59iqLA6mkx9-HKeEK06IJxGzFNr0wWMjCcwDXVhzhDfaY0_wbEa-ONBbTkKYSWA-7fg4CV8QKTc0GydyhRdKiSQaT0LuEJV4NMcpWch9_Gim47uG33jC46iPC19w8bikbkN_Bc2PxP0R3ELdB3tioSRz4SdO5cj5o-sDLSGuBdklG3kt5GQ6fMOOK8vRhAqLTseXKqj3IMwPvUPIufgPL8vxHn6FnJC3IcwyDbn84cd3GXaSPXiOa_Cz462QZ8nwoZIR5lGKt8JxKTPCN2jO4wtRLkT6Gf2hHn3yIId1o8cRbxdKRoaWH88R5ke9HRf-wC4eFjHXB9ozhAm14NKJ5sfpFD2eDOEP8ZGIqvmIcKFWOCMHjzx61FQOjzz6oY1Twj7ipTneHj7cLTi-I32Osjum40KeE7wgrrQwfcjxHE2VU-hKoxeaE3mSxfiR7FLQ-TiLJgvq9DiFXoHjXEK078EPSdkL7S504wiND-WMjzy6Hs2Dn8i1D6qYw7fAZ8Ejk_jR86hEyMnwBMwL91Mk9Md9nJB1IrQYo2k0Ej9-dE-HJpZ4PPqM5wf1VTh-_LKQeyGS5aiONnrgPyhl4lmOU-hfNBlmKUcj5ggtUtB0hLk-nCf-4lSDalF4NMdOB0-R76in5JCS0yRyHX1hrkct6egzC7-QntAuHhnTo2kqoo3TIE9_SEd65hjV-XjCJjgV-Ptw-UJ-J4a4HrHxXKhzN