{"lowlevel":{"average_loudness":0.910712182522,"barkbands":{"dmean":[0.0000411381624872,0.00325269345194,0.00241059600376,0.0030853333883,0.00259995739907,0.00109191786032,0.000914255855605,0.000641815713607,0.0010377895087,0.00100313185249,0.000727899081539,0.000448617996881,0.000354301970219,0.000377845717594,0.000574844307266,0.000280139414826,0.00021936876874,0.000151370710228,0.000196082095499,0.0000727131118765,0.0000304615296045,0.0000195068259927,0.0000159939609148,0.00000943941176956,0.00000554140933673,0.00000326461758959,9.33816863835e-7],"dmean2":[0.000066275766585,0.00533652538434,0.00415053172037,0.00504950340837,0.00437110057101,0.00172173313331,0.00146157946438,0.00104188732803,0.00162068952341,0.00159420876298,0.00108395237476,0.000710373162292,0.000567755836528,0.000615354103502,0.000919250654988,0.000447422964498,0.000348021829268,0.000252481724601,0.000314864533721,0.000116435861855,0.0000498234403494,0.0000310802315653,0.0000241346515395,0.0000139237909025,0.00000814342365629,0.00000474021544505,0.00000140536189974],"dvar":[5.64710012085e-9,0.0000492576364195,0.0000229133474932,0.0000224470841204,0.0000139666526593,0.00000206836239158,0.00000186097213373,0.0000015024249933,0.00000378127629119,0.00000639921972834,0.00000119747119243,0.00000105811102458,4.32725698829e-7,3.04627064907e-7,7.74894147071e-7,1.8873232932e-7,9.61827382184e-8,4.34857163611e-8,7.33553733312e-8,1.6597873298e-8,2.75222644674e-9,1.75263992208e-9,4.76658224002e-9,2.16524664864e-9,1.3735551585e-9,9.73501348978e-11,5.00473447407e-12],"dvar2":[1.35111886124e-8,0.000125910664792,0.0000648242858006,0.0000563893627259,0.0000382243269996,0.00000513580562256,0.00000434386538473,0.00000367947632185,0.00000880190327734,0.0000158321327035,0.0000026811353564,0.00000260341903413,0.0000011202719179,7.63968671436e-7,0.0000018925167069,4.44639567831e-7,2.27910362582e-7,1.16153124452e-7,1.75081083853e-7,3.73087338801e-8,7.21056458985e-9,4.30695568099e-9,9.67466817769e-9,4.07482136922e-9,2.41414044311e-9,1.68198427408e-10,1.2445101373e-11],"max":[0.000786784687079,0.0618862099946,0.0659450292587,0.0803688913584,0.0621357113123,0.028097525239,0.0366905331612,0.0269367340952,0.0458344109356,0.0662980675697,0.0185678768903,0.0241537131369,0.0186796281487,0.0136410389096,0.0197771769017,0.00969924312085,0.0058459751308,0.00456370040774,0.00790149066597,0.00610757851973,0.000980502576567,0.00118524767458,0.00422388734296,0.00202957517467,0.0015301653184,0.000560079119168,0.0000907214198378],"mean":[0.0000566134258406,0.00364030129276,0.00321850716136,0.00492974137887,0.00514217745513,0.0024307097774,0.00176526012365,0.00111757032573,0.0020936653018,0.00195245316718,0.00144218234345,0.000906956847757,0.000695530092344,0.000710483058356,0.00104118115269,0.000571703596506,0.000495280255564,0.000329185830196,0.000503376824781,0.000188968508155,0.0000833334997878,0.0000497783112223,0.0000358589386451,0.0000180592869583,0.0000107460473373,0.00000582491838941,0.0000013700719137],"median":[0.0000302316257148,0.00117453339044,0.00166364409961,0.00284413946792,0.00378923350945,0.00167548598256,0.000939146848395,0.000496442080475,0.000911573588382,0.000591050600633,0.000780138652772,0.000419025629526,0.000385853869375,0.000455668312497,0.000641605933197,0.000340569473337,0.000320712191751,0.000257799867541,0.000361735932529,0.000135260561365,0.0000528978562215,0.0000179456837941,0.0000150336063598,0.00000735095727578,0.00000409417498304,0.00000265044559455,5.80030018682e-7],"min":[3.81146902714e-24,2.40855327126e-23,2.5708365534e-24,8.71850413514e-24,4.84227940956e-23,1.03450171503e-22,3.64287099234e-23,3.85605087011e-23,7.2763109948e-23,7.88399894908e-23,5.37141448817e-23,1.20143730435e-22,6.89959330941e-23,2.40543354727e-22,1.05979562488e-22,1.35616145308e-22,1.09602895289e-22,3.16854779959e-22,1.9776622987e-22,2.72239558706e-22,5.64166914662e-22,4.13455707673e-22,8.16096675073e-22,8.25758239543e-22,1.06964166921e-21,1.77047710749e-21,2.76151440418e-21],"var":[6.01914784681e-9,0.0000445839614258,0.0000214689789573,0.0000376552852686,0.0000265922117251,0.00000626958717476,0.00000577167747906,0.00000411720020566,0.0000142269009302,0.0000209057998291,0.00000333905427397,0.00000346368392456,0.00000115875081974,7.09432413259e-7,0.000001628614541,4.97983478454e-7,3.44139493791e-7,1.02259399171e-7,2.94211645269e-7,5.54493446714e-8,1.05824824459e-8,8.47096615075e-9,1.16456231325e-8,5.52113021968e-9,3.4822202899e-9,2.81434431315e-10,6.10991942804e-12]},"barkbands_crest":{"dmean":2.29195356369,"dmean2":3.76155281067,"dvar":4.85152721405,"dvar2":12.6275224686,"max":24.7607860565,"mean":8.81777477264,"median":7.90164422989,"min":2.75148057938,"var":13.5899047852},"barkbands_flatness_db":{"dmean":0.0176262445748,"dmean2":0.028005508706,"dvar":0.000292633689241,"dvar2":0.000724199810065,"max":0.419644504786,"mean":0.142753481865,"median":0.13049454987,"min":0.0371654070914,"var":0.00286447210237},"barkbands_kurtosis":{"dmean":1.87231814861,"dmean2":3.03907847404,"dvar":11.5671472549,"dvar2":29.9362201691,"max":122.031143188,"mean":3.211186409,"median":0.896494746208,"min":-1.75039064884,"var":50.4197273254},"barkbands_skewness":{"dmean":0.42329159379,"dmean2":0.668646752834,"dvar":0.201090931892,"dvar2":0.498409837484,"max":7.4427189827,"mean":1.29850459099,"median":1.14377486706,"min":-1.79824852943,"var":0.91910213232},"barkbands_spread":{"dmean":3.30286836624,"dmean2":5.22713851929,"dvar":11.5749444962,"dvar2":27.548625946,"max":97.8045959473,"mean":17.9179573059,"median":17.2192649841,"min":0.429790228605,"var":98.3715362549},"dissonance":{"dmean":0.0159281063825,"dmean2":0.0267722103745,"dvar":0.000235127445194,"dvar2":0.000629141635727,"max":0.499999970198,"mean":0.467775911093,"median":0.473300635815,"min":0.288578420877,"var":0.000537925632671},"dynamic_complexity":3.07982468605,"erbbands":{"dmean":[0.0599587112665,0.86827147007,2.64436388016,6.16361713409,10.2119541168,8.5845823288,8.68089294434,8.5573015213,14.4546346664,9.1511259079,16.5062408447,20.7559604645,30.2769451141,29.945192337,15.8574867249,16.6643238068,15.9603118896,14.3426399231,23.7663269043,22.9236717224,12.3525362015,13.711306572,9.67551803589,8.86283874512,7.57108211517,3.54193854332,1.52856576443,1.10574626923,0.758320748806,0.561683893204,0.468601763248,0.272899121046,0.116229906678,0.0669063404202,0.0400999970734,0.0165851954371,0.0052366675809,0.00144303694833,0.000151989137521,0.0000135297832458],"dmean2":[0.0921530947089,1.47295820713,4.5518951416,10.1846494675,17.2461547852,14.2521028519,13.8900384903,13.7683982849,22.9939022064,15.0126638412,26.9456691742,32.5098114014,48.1742515564,45.3005027771,24.741601944,26.4881858826,25.468421936,23.0939407349,38.6453514099,36.7382164001,19.6649131775,21.6143341064,16.0959758759,14.4526405334,12.0483818054,5.63480186462,2.49964380264,1.81486809254,1.21615731716,0.858267128468,0.715674042702,0.393655896187,0.173010215163,0.100736483932,0.058268584311,0.0239509250969,0.00769784720615,0.00216247653589,0.000228205622989,0.0000212665490835],"dvar":[0.0157559160143,3.64168167114,29.1373271942,78.0464401245,270.174072266,136.976074219,150.750991821,140.748214722,495.49118042,226.077316284,941.792541504,1709.69030762,4828.87548828,2100.87744141,913.765686035,1264.59204102,845.047302246,425.160858154,1242.38806152,1244.29174805,295.072753906,412.877441406,183.280319214,134.510665894,133.053955078,34.7817306519,6.14436817169,3.80313062668,2.73242259026,2.17932581902,6.49074220657,1.83878958225,0.351451098919,0.188411578536,0.0939335152507,0.00588145572692,0.000161709191161,0.00000827947042126,1.48956090129e-7,3.8214764686e-10],"dvar2":[0.0348021872342,9.67826652527,81.5474014282,200.974136353,735.420471191,370.314483643,396.160095215,352.662811279,1131.3918457,568.732177734,2391.11181641,3963.16699219,12588.5947266,4656.00488281,2305.89111328,3182.72802734,2177.87695312,1019.87969971,3101.58740234,2970.71118164,703.373901367,955.776733398,486.953155518,345.764587402,311.416625977,76.4722061157,16.1688079834,9.76061248779,6.64215898514,4.6685385704,14.6163930893,3.62251424789,0.660630524158,0.370291441679,0.192406982183,0.00948645640165,0.000316979363561,0.0000196601031348,3.76664331725e-7,9.41235978047e-10],"max":[1.20209825039,16.0517959595,66.169303894,140.727783203,188.540557861,251.843505859,250.901351929,286.257049561,589.06048584,290.203155518,615.500976562,1008.53729248,1285.77978516,1205.55407715,699.092590332,848.972473145,829.645812988,501.093078613,1331.26647949,672.21472168,298.650299072,409.331970215,324.662078857,192.257736206,368.567047119,284.757904053,48.3991203308,37.3147773743,48.7263870239,61.3881225586,168.616470337,62.421787262,34.3287010193,17.7845153809,15.636838913,4.4092168808,0.558351039886,0.0943272262812,0.0159681588411,0.000716711918358],"mean":[0.0677430406213,0.968524694443,3.68280649185,10.6069765091,17.5105075836,17.3816413879,18.6148071289,18.3507728577,28.8774375916,17.4407978058,30.2704086304,43.1199378967,63.4593200684,65.7375335693,34.8019142151,35.8266906738,34.201751709,30.813331604,49.2437973022,44.7407569885,29.3003025055,31.7977313995,21.6205158234,22.354719162,20.1252937317,9.22763824463,4.25584459305,2.93747782707,1.9291934967,1.34870195389,0.990869343281,0.528451323509,0.220101863146,0.124572366476,0.0740185528994,0.0313095785677,0.00907042901963,0.00220137182623,0.000239905668423,0.0000486936187372],"median":[0.0169125217944,0.344973921776,1.97180914879,6.92109107971,11.5599765778,12.1900501251,12.9595966339,13.5004920959,14.1995687485,10.9604272842,15.3056058884,19.9544620514,22.8723545074,37.5503082275,19.6860580444,18.3962249756,19.8861198425,21.7387599945,35.7638816833,28.4621887207,19.7941684723,19.9015655518,17.118309021,17.3477935791,14.2282791138,6.77460193634,2.9619102478,1.74813425541,0.718599200249,0.533160209656,0.423335552216,0.203692466021,0.0965531170368,0.0497442185879,0.0261961724609,0.0135460253805,0.00415339367464,0.000956779229455,0.000115844042739,0.0000481308343296],"min":[5.24109188983e-22,5.85402303021e-21,5.94663413928e-21,2.00137383183e-20,4.33182143708e-20,1.88113279004e-19,5.81211116182e-19,8.48334826141e-19,4.57058130478e-19,6.75540932082e-19,1.01131277467e-18,1.66750181632e-18,2.75677047005e-18,1.87730004867e-18,2.54509619207e-18,5.32163421082e-18,4.41989277862e-18,1.18867185785e-17,6.10316727486e-18,5.94590038807e-18,7.61515045062e-18,6.94165172407e-18,1.80137007967e-17,1.33359737532e-17,1.1046760507e-17,1.18587689727e-17,1.94520504223e-17,2.17223518382e-17,1.73269473281e-17,1.85689176588e-17,1.95439270273e-17,1.40770738154e-17,1.74014117812e-17,1.07133744601e-17,8.79669358323e-18,5.33389344108e-18,3.616488232e-18,1.32756853147e-18,3.50148396727e-19,4.37296591774e-20],"var":[0.0174151808023,3.03458023071,26.5544700623,133.069290161,400.648345947,344.983612061,380.992156982,346.062469482,1659.01733398,494.706756592,2420.4465332,5924.48486328,15849.6367188,7551.50585938,2637.19702148,3702.06323242,2462.53686523,1113.07897949,2698.91650391,2716.87329102,981.560913086,1527.80554199,436.214324951,438.676574707,553.37512207,126.762313843,21.7626438141,14.9800739288,13.0760307312,7.03501367569,11.981256485,4.37123680115,0.979110300541,0.429757714272,0.194556340575,0.0172325186431,0.000415543938288,0.0000137410279422,1.75644771616e-7,7.81195330646e-10]},"erbbands_crest":{"dmean":2.08978176117,"dmean2":3.36168503761,"dvar":3.88794398308,"dvar2":9.80777740479,"max":26.6014461517,"mean":8.12148284912,"median":7.11707878113,"min":2.16550254822,"var":13.854801178},"erbbands_flatness_db":{"dmean":0.0154078593478,"dmean2":0.0227582100779,"dvar":0.000186353412573,"dvar2":0.000404562160838,"max":0.341943353415,"mean":0.177572250366,"median":0.174879550934,"min":0.0334646105766,"var":0.0015668689739},"erbbands_kurtosis":{"dmean":0.712240934372,"dmean2":1.12806224823,"dvar":2.37407207489,"dvar2":5.41114234924,"max":58.2444763184,"mean":0.286361783743,"median":-0.31210911274,"min":-1.82305645943,"var":11.1433839798},"erbbands_skewness":{"dmean":0.290208548307,"dmean2":0.447929024696,"dvar":0.0804150551558,"dvar2":0.184362471104,"max":6.34180116653,"mean":0.195913285017,"median":0.112800911069,"min":-2.00769615173,"var":0.602884054184},"erbbands_spread":{"dmean":5.28069067001,"dmean2":8.21006965637,"dvar":23.9311237335,"dvar2":55.356212616,"max":132.222854614,"mean":31.3140964508,"median":29.9552993774,"min":3.81612825394,"var":152.220062256},"gfcc":{"cov":[[23664.5214844,1517.02770996,-3188.05322266,-10.610669136,-888.692260742,-270.840881348,-174.220077515,317.797576904,-275.800109863,-211.617843628,26.2366199493,129.165863037,-148.034744263],[1517.02770996,1124.77429199,-117.56047821,10.3286952972,113.132156372,-125.181747437,92.1666259766,-123.550819397,52.7302513123,-68.8377227783,46.0629920959,-87.4206848145,37.0557899475],[-3188.05322266,-117.56047821,1225.43261719,7.98235416412,190.523269653,139.38458252,-41.4456787109,34.3940010071,3.74547314644,69.1440353394,-66.4162902832,-5.84195947647,-40.627456665],[-10.610669136,10.3286952972,7.98235416412,273.654418945,13.6388835907,57.9016265869,25.2255172729,-30.5144920349,52.7717781067,-21.2009601593,21.7158679962,-11.418012619,33.0051956177],[-888.692260742,113.132156372,190.523269653,13.6388835907,239.400131226,17.2996692657,41.3351364136,9.98091983795,18.0614948273,21.6629428864,-2.69029188156,-13.0083217621,6.36014318466],[-270.840881348,-125.181747437,139.38458252,57.9016265869,17.2996692657,141.289154053,21.7457294464,29.8830871582,4.53156900406,5.41001081467,-10.2022714615,6.96514558792,2.39250612259],[-174.220077515,92.1666259766,-41.4456787109,25.2255172729,41.3351364136,21.7457294464,121.531303406,18.41497612,24.5321922302,-2.87830972672,16.5623817444,-8.91200256348,11.2405319214],[317.797576904,-123.550819397,34.3940010071,-30.5144920349,9.98091983795,29.8830871582,18.41497612,119.982254028,-2.82085680962,28.8054885864,-15.4297494888,15.8919048309,-19.2407627106],[-275.800109863,52.7302513123,3.74547314644,52.7717781067,18.0614948273,4.53156900406,24.5321922302,-2.82085680962,94.375038147,28.3964233398,23.3458995819,-2.73888731003,20.1050186157],[-211.617843628,-68.8377227783,69.1440353394,-21.2009601593,21.6629428864,5.41001081467,-2.87830972672,28.8054885864,28.3964233398,74.2886428833,23.6303138733,14.3559045792,-13.4421949387],[26.2366199493,46.0629920959,-66.4162902832,21.7158679962,-2.69029188156,-10.2022714615,16.5623817444,-15.4297494888,23.3458995819,23.6303138733,78.6262283325,25.2523994446,8.31409931183],[129.165863037,-87.4206848145,-5.84195947647,-11.418012619,-13.0083217621,6.96514558792,-8.91200256348,15.8919048309,-2.73888731003,14.3559045792,25.2523994446,70.4509506226,17.4678421021],[-148.034744263,37.0557899475,-40.627456665,33.0051956177,6.36014318466,2.39250612259,11.2405319214,-19.2407627106,20.1050186157,-13.4421949387,8.31409931183,17.4678421021,64.0428009033]],"icov":[[0.000288187613478,-0.00101721799001,0.000844548281748,-0.000706497754436,0.000730968953576,-0.000688126659952,0.00109311111737,-0.00147552753333,0.000967906205915,-0.00084525521379,0.00120056117885,-0.00170377350878,0.00130011804868],[-0.00101721799001,0.00517974747345,-0.00310687115416,0.00294998451136,-0.00324640586041,0.00359732960351,-0.00467278668657,0.00588333094493,-0.00429290672764,0.00492590293288,-0.00581856351346,0.00780826481059,-0.00505662569776],[0.000844548281748,-0.00310687115416,0.00374857522547,-0.00212663877755,0.00123299576808,-0.00328660663217,0.0038750807289,-0.00384931825101,0.00283127347939,-0.00379947246984,0.00493466854095,-0.00554468715563,0.00457295775414],[-0.000706497754436,0.00294998451136,-0.00212663877755,0.00727800698951,-0.0021600027103,-0.000566889997572,-0.00241007562727,0.00434176949784,-0.00570675870404,0.00565351964906,-0.00556673435494,0.00605093827471,-0.00442630145699],[0.000730968953576,-0.00324640586041,0.00123299576808,-0.0021600027103,0.00763476127759,-0.00152041506954,0.000946252199356,-0.00412733340636,0.00326879881322,-0.00453451415524,0.00375255825929,-0.00377582805231,0.00192066992167],[-0.000688126659952,0.00359732960351,-0.00328660663217,-0.000566889997572,-0.00152041506954,0.0126489195973,-0.00532660493627,0.00189952645451,-0.00171821692493,0.00287252222188,-0.00263511040248,0.00398253789172,-0.00388263817877],[0.00109311111737,-0.00467278668657,0.0038750807289,-0.00241007562727,0.000946252199356,-0.00532660493627,0.0159892961383,-0.00908363051713,0.00162928272039,-0.000743874988984,0.00120692688506,-0.00426860526204,0.00384033983573],[-0.00147552753333,0.00588333094493,-0.00384931825101,0.00434176949784,-0.00412733340636,0.00189952645451,-0.00908363051713,0.0205389298499,-0.00508745154366,-0.000388859305531,-0.000888743030373,0.00460597872734,-0.00301588489674],[0.000967906205915,-0.00429290672764,0.00283127347939,-0.00570675870404,0.00326879881322,-0.00171821692493,0.00162928272039,-0.00508745154366,0.0211501568556,-0.013207889162,0.0035383081995,-0.00300557631999,-0.0016679931432],[-0.00084525521379,0.00492590293288,-0.00379947246984,0.00565351964906,-0.00453451415524,0.00287252222188,-0.000743874988984,-0.000388859305531,-0.013207889162,0.0308117810637,-0.0141931595281,0.00511094322428,0.00129097187892],[0.00120056117885,-0.00581856351346,0.00493466854095,-0.00556673435494,0.00375255825929,-0.00263511040248,0.00120692688506,-0.000888743030373,0.0035383081995,-0.0141931595281,0.0289030130953,-0.0180369205773,0.00846559088677],[-0.00170377350878,0.00780826481059,-0.00554468715563,0.00605093827471,-0.00377582805231,0.00398253789172,-0.00426860526204,0.00460597872734,-0.00300557631999,0.00511094322428,-0.0180369205773,0.0345799811184,-0.0178067628294],[0.00130011804868,-0.00505662569776,0.00457295775414,-0.00442630145699,0.00192066992167,-0.00388263817877,0.00384033983573,-0.00301588489674,-0.0016679931432,0.00129097187892,0.00846559088677,-0.0178067628294,0.0296543408185]],"mean":[-18.6660938263,123.189834595,-130.378036499,23.5639514923,-41.8647918701,-1.59332001209,-32.2358474731,-0.910490572453,-24.832901001,-7.98823833466,-18.4467220306,-5.57899236679,-11.6879587173]},"hfc":{"dmean":4.17931461334,"dmean2":6.61037015915,"dvar":22.497844696,"dvar2":54.8971214294,"max":82.7318115234,"mean":21.514251709,"median":19.9853057861,"min":1.29729779491e-16,"var":163.92855835},"melbands":{"dmean":[0.000722180644516,0.00130308081862,0.00117710744962,0.000668686523568,0.000284799025394,0.000197903456865,0.000202802708372,0.000107771011244,0.000147367478348,0.000138135204907,0.000160034600412,0.000128808853333,0.0000687374631525,0.0000414927126258,0.0000570538541069,0.0000343063366017,0.0000287712919089,0.0000406328581448,0.0000555370752409,0.0000219468620344,0.0000127446874103,0.0000155350226123,0.0000103427410068,0.00000690815477355,0.00000812207690615,0.00000860223008203,0.00000342973930856,0.00000265612311523,0.00000113643557142,8.75347268448e-7,6.49362391414e-7,4.8259317964e-7,3.78440716986e-7,3.26494131286e-7,3.15212076885e-7,2.13539166793e-7,1.56861176492e-7,8.71558967219e-8,7.18091683893e-8,5.43784572926e-8],"dmean2":[0.00114419520833,0.00222183414735,0.00195367843844,0.0011298621539,0.000456050387584,0.000317178521072,0.000323839078192,0.000175723529537,0.000239514440182,0.000215353022213,0.000254004116869,0.000195791668375,0.000104866106994,0.000067227621912,0.0000893148608156,0.0000538148269698,0.00004701258149,0.0000663718383294,0.0000891391318874,0.0000351407106791,0.0000204921998375,0.0000244030634349,0.0000171436367964,0.0000114951290016,0.0000134309302666,0.0000135529880936,0.00000549890955881,0.0000043010668378,0.00000187847831512,0.00000145668309415,0.00000107642222247,7.8739935816e-7,5.99301188231e-7,5.0550937658e-7,4.90029947287e-7,3.16668064215e-7,2.34644929265e-7,1.31770931944e-7,1.12224256554e-7,8.29208417485e-8],"dvar":[0.0000023496124868,0.00000709580262992,0.00000302386865769,9.41978328228e-7,1.4685451788e-7,6.7647370372e-8,9.26981300609e-8,3.41193420184e-8,7.65397558666e-8,7.81547342399e-8,1.38591133236e-7,4.77589594539e-8,1.21649659235e-8,1.0482992252e-8,1.9194363432e-8,4.84806683687e-9,1.90780458098e-9,4.13005807332e-9,8.09725619888e-9,1.43477074666e-9,2.9864016815e-10,5.61869717419e-10,1.83252329977e-10,9.78653755257e-11,1.16356216329e-10,1.81714060465e-10,4.26745999649e-11,2.18310491212e-11,3.3653839264e-12,2.00820002988e-12,1.56521280312e-12,1.26091812772e-12,6.55919654528e-13,1.01546136951e-12,3.2520704879e-12,1.3924300081e-12,6.44591313919e-13,1.89758595664e-13,2.45461230551e-13,1.19814545113e-13],"dvar2":[0.00000567028700971,0.0000194067179109,0.00000781051494414,0.00000257445185525,3.93559844269e-7,1.70196599925e-7,2.15532494963e-7,8.29737913932e-8,1.94896131234e-7,1.80268614258e-7,3.58423136504e-7,1.06740507988e-7,2.93293442866e-8,2.69765134675e-8,4.83856794631e-8,1.17011760281e-8,4.6433306089e-9,1.03335384694e-8,1.9589723621e-8,3.3540739075e-9,7.30778049185e-10,1.2666973026e-9,4.87297036056e-10,2.5891161437e-10,3.03897657039e-10,4.06067401926e-10,9.6910160452e-11,4.58278935633e-11,8.95484381092e-12,5.43973763603e-12,4.0976879008e-12,3.19110710079e-12,1.60570948898e-12,2.27922303427e-12,7.81072862638e-12,2.90596149574e-12,1.3394169671e-12,3.6350840415e-13,6.02115633828e-13,2.10999146215e-13],"max":[0.0137793691829,0.0262807440013,0.0268887206912,0.0172669328749,0.00721298716962,0.00569278001785,0.00794851128012,0.00408084923401,0.00585918314755,0.00764184538275,0.00738912355155,0.0063672629185,0.0019128996646,0.00315482844599,0.00321999471635,0.00253857136704,0.0011106627062,0.00226616184227,0.00163077819161,0.000974631402642,0.000323367508827,0.000519030203577,0.000232647144003,0.000224796327529,0.000163937744219,0.000508532219101,0.000315308046993,0.000260901724687,0.000038764304918,0.0000258732980001,0.0000277770704997,0.0000342804596585,0.000019773196982,0.0000466056662844,0.000121096491057,0.0000610807619523,0.0000416565490013,0.0000271883691312,0.0000169979994098,0.0000147498494698],"mean":[0.000820199085865,0.00170843990054,0.00207842560485,0.00130288524088,0.000649394409265,0.000449635408586,0.000403519370593,0.000196795270313,0.000261394074187,0.000283279834548,0.00032809440745,0.000279133266304,0.0001416944433,0.0000856054466567,0.000106273699203,0.0000655208641547,0.000054732987337,0.0000723768243915,0.0000916045464692,0.0000426490878453,0.0000281501506834,0.0000334019605361,0.0000233700175158,0.0000146907968883,0.000018314432964,0.0000204539865081,0.00000787462613516,0.00000585274710829,0.00000272187162409,0.00000207856624002,0.00000151871995513,0.00000112374959826,8.54038376019e-7,7.12497637778e-7,6.16148213339e-7,4.11004577927e-7,2.82606350765e-7,1.58271646455e-7,1.16718155141e-7,9.97413351911e-8],"median":[0.000238563865423,0.000872285920195,0.0013913703151,0.000936619006097,0.000481431547087,0.000332014227752,0.000216095329961,0.00010524217214,0.000123904668726,0.000122202647617,0.000107305735582,0.000149571395013,0.0000797174288891,0.0000400484495913,0.0000467295685667,0.0000329602407874,0.0000352606657543,0.0000476874483866,0.0000499945090269,0.0000237670792558,0.0000192392326426,0.0000193302003026,0.000018302749595,0.000011156112123,0.0000139052608574,0.0000130556272779,0.00000533487582288,0.00000393674235966,0.00000177102401722,0.00000136064477374,7.89605678619e-7,3.83802841952e-7,2.98963414025e-7,2.91562344046e-7,2.71974755606e-7,1.47559831021e-7,1.10809025955e-7,6.81839509298e-8,4.84570819026e-8,3.65901655641e-8],"min":[6.37245862428e-24,5.01695143666e-24,3.21259343802e-24,7.97195930659e-24,1.84808637299e-23,1.88463982076e-23,7.68901541028e-24,7.57298343745e-24,9.11265454213e-24,1.03810829243e-23,1.3666453514e-23,7.45023510287e-24,7.19150844748e-24,1.34111118607e-23,1.09950967542e-23,1.18032792295e-23,2.24982404417e-23,9.41136697908e-24,8.66180712416e-24,7.69748935412e-24,8.46850464794e-24,5.65322692129e-24,1.21333441543e-23,1.70251077041e-23,1.02132440892e-23,7.20447495418e-24,8.76158067373e-24,7.48659922402e-24,1.13182055035e-23,1.34495230759e-23,1.1577918235e-23,9.73083592417e-24,7.65988514363e-24,1.29955044371e-23,1.17539643789e-23,1.07196020714e-23,7.70709846881e-24,1.33484494836e-23,1.08127420896e-23,8.17333577418e-24],"var":[0.00000234030494539,0.00000622778497927,0.00000506150217916,0.00000179593553185,3.774410402e-7,1.89456017097e-7,2.95847513598e-7,8.76660450899e-8,1.89053963595e-7,2.8994998047e-7,4.62210437036e-7,1.77687113023e-7,3.25615339136e-8,4.0397754475e-8,4.41857430644e-8,1.408723449e-8,4.53568516079e-9,7.85448861507e-9,1.54053108048e-8,3.36207239826e-9,8.97090568497e-10,2.03107930474e-9,4.67124117165e-10,2.3838694907e-10,3.11768666439e-10,7.53079709703e-10,1.19158100054e-10,6.87346013439e-11,9.65872087172e-12,6.2198718398e-12,5.14676886179e-12,5.32187705363e-12,2.35293989154e-12,2.4446878983e-12,4.86728149104e-12,2.92726368319e-12,1.32678850545e-12,5.15977668578e-13,3.87873923518e-13,2.93476641643e-13]},"melbands_crest":{"dmean":3.08560276031,"dmean2":5.01775026321,"dvar":8.17075443268,"dvar2":20.5569705963,"max":31.2100849152,"mean":12.6873474121,"median":11.7370882034,"min":2.17565226555,"var":23.0747089386},"melbands_flatness_db":{"dmean":0.022695787251,"dmean2":0.0355273708701,"dvar":0.000521716836374,"dvar2":0.00125032500364,"max":0.573982536793,"mean":0.218151167035,"median":0.20050162077,"min":0.00483703287318,"var":0.00546197732911},"melbands_kurtosis":{"dmean":4.12915611267,"dmean2":6.74697208405,"dvar":46.8784942627,"dvar2":121.465942383,"max":218.846679688,"mean":8.89349842072,"median":4.32180833817,"min":-1.52602386475,"var":240.886688232},"melbands_skewness":{"dmean":0.580124855042,"dmean2":0.910054385662,"dvar":0.376397997141,"dvar2":0.923901259899,"max":10.7733726501,"mean":2.13453865051,"median":1.94849610329,"min":-1.10154914856,"var":1.66921579838},"melbands_spread":{"dmean":4.93873310089,"dmean2":7.78661823273,"dvar":27.5905456543,"dvar2":66.6296691895,"max":125.639183044,"mean":21.5744819641,"median":20.8470821381,"min":0.556570768356,"var":164.094573975},"mfcc":{"cov":[[13402.3496094,1645.07421875,-1538.65185547,191.350494385,-473.918029785,-215.740203857,-242.410720825,139.392532349,-175.318557739,36.4659118652,-218.825363159,-110.07674408,24.989818573],[1645.07421875,1356.55908203,-176.815338135,128.824630737,19.600730896,-31.9849357605,3.35093712807,-32.6122741699,-31.2330245972,17.5713558197,-8.66843891144,-32.80103302,-28.7620697021],[-1538.65185547,-176.815338135,777.527526855,-9.91013240814,177.351257324,71.6533584595,46.9209594727,5.95393657684,44.8091392517,-14.6595363617,55.5218849182,15.8799085617,-15.1784563065],[191.350494385,128.824630737,-9.91013240814,186.325942993,37.7255134583,49.4952125549,4.71746587753,11.187087059,5.14279508591,18.113445282,-6.46170663834,7.12854290009,-2.12722587585],[-473.918029785,19.600730896,177.351257324,37.7255134583,174.0703125,38.2768440247,37.9051361084,4.46146965027,19.7105426788,7.20999956131,12.5859088898,5.13688278198,1.23968446255],[-215.740203857,-31.9849357605,71.6533584595,49.4952125549,38.2768440247,114.184822083,21.6272792816,20.2187213898,15.7240915298,-1.29265570641,4.14383506775,8.89663410187,0.100010104477],[-242.410720825,3.35093712807,46.9209594727,4.71746587753,37.9051361084,21.6272792816,102.684257507,38.5666618347,20.1645450592,15.4997272491,15.468214035,2.24358654022,-0.069115050137],[139.392532349,-32.6122741699,5.95393657684,11.187087059,4.46146965027,20.2187213898,38.5666618347,72.9619293213,30.6163864136,8.10609531403,1.45019578934,-1.30682301521,3.46802902222],[-175.318557739,-31.2330245972,44.8091392517,5.14279508591,19.7105426788,15.7240915298,20.1645450592,30.6163864136,73.5157928467,26.4755153656,13.4136257172,-2.35348391533,-3.3829767704],[36.4659118652,17.5713558197,-14.6595363617,18.113445282,7.20999956131,-1.29265570641,15.4997272491,8.10609531403,26.4755153656,72.2400436401,27.9186782837,7.3871216774,-2.11370563507],[-218.825363159,-8.66843891144,55.5218849182,-6.46170663834,12.5859088898,4.14383506775,15.468214035,1.45019578934,13.4136257172,27.9186782837,70.6970291138,31.9939804077,2.808126688],[-110.07674408,-32.80103302,15.8799085617,7.12854290009,5.13688278198,8.89663410187,2.24358654022,-1.30682301521,-2.35348391533,7.3871216774,31.9939804077,67.891998291,28.3562145233],[24.989818573,-28.7620697021,-15.1784563065,-2.12722587585,1.23968446255,0.100010104477,-0.069115050137,3.46802902222,-3.3829767704,-2.11370563507,2.808126688,28.3562145233,56.0546760559]],"icov":[[0.000140565549373,-0.000154684021254,0.00014521589037,-0.0000282136916212,0.000120673976198,0.0000883692628122,0.000411681103287,-0.000720560143236,0.000364263920346,-0.000233402883168,0.000199753936613,0.0000535598846909,-0.0000854415993672],[-0.000154684021254,0.00104890624061,0.0000702303223079,-0.00068765837932,-0.000370820023818,0.000315174343996,-0.000723117729649,0.00122293632012,-0.000176965128048,0.000331148214173,-0.000599632738158,0.000445272220531,0.000337765523],[0.00014521589037,0.0000702303223079,0.00217713951133,0.00026784138754,-0.00174599874299,-0.000494608422741,0.000335660355631,-0.000326977518853,-0.000466343219159,0.00113381934352,-0.0014195186086,0.00017948828463,0.000626050517894],[-0.0000282136916212,-0.00068765837932,0.00026784138754,0.00747105525807,-0.00148027553223,-0.0032233314123,0.00110244587995,-0.0011582513107,0.000718696624972,-0.00255751074292,0.00222102203406,-0.00187317340169,0.000910536153242],[0.000120673976198,-0.000370820023818,-0.00174599874299,-0.00148027553223,0.00894473772496,-0.00088441488333,-0.00234736758284,0.0013777181739,-0.000823047710583,-0.000594252313022,0.000796505482867,0.000345756125171,-0.00134428520687],[0.0000883692628122,0.000315174343996,-0.000494608422741,-0.0032233314123,-0.00088441488333,0.0118036055937,-0.000870012270752,-0.00209210184403,-0.000981379649602,0.00175605993718,0.000169954335433,-0.00132274325006,0.000660540652461],[0.000411681103287,-0.000723117729649,0.000335660355631,0.00110244587995,-0.00234736758284,-0.000870012270752,0.015348942019,-0.00963736791164,0.00222179852426,-0.0025795714464,-0.00141424988396,0.000759259506594,-0.0000296177786367],[-0.000720560143236,0.00122293632012,-0.000326977518853,-0.0011582513107,0.0013777181739,-0.00209210184403,-0.00963736791164,0.0253152474761,-0.00982125476003,0.00279822596349,0.000107550084067,0.000552593788598,-0.00156073982362],[0.000364263920346,-0.000176965128048,-0.000466343219159,0.000718696624972,-0.000823047710583,-0.000981379649602,0.00222179852426,-0.00982125476003,0.0214676260948,-0.00756386294961,-0.000666403328069,0.00227741594426,0.000169821068994],[-0.000233402883168,0.000331148214173,0.00113381934352,-0.00255751074292,-0.000594252313022,0.00175605993718,-0.0025795714464,0.00279822596349,-0.00756386294961,0.0211248546839,-0.00869615189731,0.00103903189301,0.000567751238123],[0.000199753936613,-0.000599632738158,-0.0014195186086,0.00222102203406,0.000796505482867,0.000169954335433,-0.00141424988396,0.000107550084067,-0.000666403328069,-0.00869615189731,0.0252383463085,-0.0125359464437,0.00398590927944],[0.0000535598846909,0.000445272220531,0.00017948828463,-0.00187317340169,0.000345756125171,-0.00132274325006,0.000759259506594,0.000552593788598,0.00227741594426,0.00103903189301,-0.0125359464437,0.0263669751585,-0.0123899830505],[-0.0000854415993672,0.000337765523,0.000626050517894,0.000910536153242,-0.00134428520687,0.000660540652461,-0.0000296177786367,-0.00156073982362,0.000169821068994,0.000567751238123,0.00398590927944,-0.0123899830505,0.0244799405336]],"mean":[-649.746154785,152.560440063,-24.9067611694,28.0820064545,2.20531916618,3.42249178886,-1.06917750835,4.45260381699,-5.30662965775,2.34325170517,-7.56318759918,-9.18612003326,-5.77092695236]},"pitch_salience":{"dmean":0.067671097815,"dmean2":0.110326617956,"dvar":0.00394674018025,"dvar2":0.0103735169396,"max":0.831622004509,"mean":0.592135310173,"median":0.601305127144,"min":0.201607510448,"var":0.0105117121711},"silence_rate_20dB":{"dmean":0,"dmean2":0,"dvar":0,"dvar2":0,"max":1,"mean":1,"median":1,"min":1,"var":0},"silence_rate_30dB":{"dmean":0,"dmean2":0,"dvar":0,"dvar2":0,"max":1,"mean":1,"median":1,"min":1,"var":0},"silence_rate_60dB":{"dmean":0.00129516900051,"dmean2":0.00259067350999,"dvar":0.00129370426293,"dvar2":0.0028435185086,"max":1,"mean":0.062160063535,"median":0,"min":0,"var":0.0582954026759},"spectral_centroid":{"dmean":174.213012695,"dmean2":275.549407959,"dvar":36437.2851562,"dvar2":76597.234375,"max":11185.3056641,"mean":1159.97998047,"median":1159.2512207,"min":162.642959595,"var":294171.21875},"spectral_complexity":{"dmean":3.21745896339,"dmean2":5.15544033051,"dvar":9.21932506561,"dvar2":21.2471256256,"max":53,"mean":24.4958553314,"median":26,"min":0,"var":100.728469849},"spectral_contrast_coeffs":{"dmean":[0.0536380521953,0.0454453788698,0.0372130014002,0.0295838881284,0.0196254309267,0.0178457014263],"dmean2":[0.0873120129108,0.0753182694316,0.0602192692459,0.0483997501433,0.0322129167616,0.028011161834],"dvar":[0.00201084534638,0.00129533128347,0.000876925769262,0.000553270918317,0.000256094004726,0.00028745146119],"dvar2":[0.0051775528118,0.0034452509135,0.00229489384219,0.0014237818541,0.000649235444143,0.000642053433694],"max":[-0.304150372744,-0.518073618412,-0.517652928829,-0.592620134354,-0.600865185261,-0.613198876381],"mean":[-0.601456940174,-0.736195623875,-0.749509811401,-0.769906938076,-0.782879948616,-0.747022330761],"median":[-0.59988796711,-0.737558305264,-0.753511190414,-0.769684553146,-0.777992606163,-0.745193958282],"min":[-0.961365222931,-0.981131017208,-0.964059710503,-0.965605914593,-0.963818490505,-0.962574720383],"var":[0.00689803482965,0.00423393538222,0.00441563129425,0.00268040178344,0.00212532258593,0.00302007817663]},"spectral_contrast_valleys":{"dmean":[0.408353626728,0.34238743782,0.291621953249,0.254414886236,0.215860813856,0.275864571333],"dmean2":[0.651134192944,0.571243822575,0.477287679911,0.407841742039,0.336926907301,0.40048918128],"dvar":[0.144813165069,0.100596956909,0.0786274597049,0.0711631476879,0.0755244269967,0.0911566615105],"dvar2":[0.309094637632,0.232771322131,0.16705404222,0.13548925519,0.132051348686,0.190311640501],"max":[-5.24893331528,-4.57205057144,-4.97672653198,-5.60444688797,-5.88942146301,-8.05286407471],"mean":[-7.25866365433,-6.62076377869,-7.16072368622,-7.45734786987,-7.61428785324,-11.0321111679],"median":[-6.95007228851,-6.25227165222,-6.77891969681,-7.06765460968,-7.18553543091,-10.6492347717],"min":[-26.8047637939,-27.5986461639,-27.340177536,-26.9565048218,-27.0481204987,-27.2897109985],"var":[2.26518273354,2.73351550102,2.8528482914,2.71380591393,2.52848720551,1.7982544899]},"spectral_decrease":{"dmean":2.2140644873e-9,"dmean2":3.55470008984e-9,"dvar":7.6548898616e-18,"dvar2":1.9251432654e-17,"max":1.31054356779e-28,"mean":-8.34219981982e-9,"median":-8.12669664896e-9,"min":-2.84238712567e-8,"var":2.07549541857e-17},"spectral_energy":{"dmean":0.00857927836478,"dmean2":0.0137658026069,"dvar":0.000112202804303,"dvar2":0.000281997665297,"max":0.108860880136,"mean":0.0334367826581,"median":0.0326461419463,"min":1.12722398155e-20,"var":0.000321998988511},"spectral_energyband_high":{"dmean":0.0000962700869422,"dmean2":0.000147263112012,"dvar":3.2615169232e-8,"dvar2":6.31255119288e-8,"max":0.00697494717315,"mean":0.000303236709442,"median":0.000193398896954,"min":8.03084857465e-21,"var":1.66079686892e-7},"spectral_energyband_low":{"dmean":0.00570889050141,"dmean2":0.0091831991449,"dvar":0.000101083081972,"dvar2":0.000258821004536,"max":0.0979477390647,"mean":0.00930701661855,"median":0.00608653295785,"min":3.56638051462e-23,"var":0.000115059796371},"spectral_energyband_middle_high":{"dmean":0.00227785971947,"dmean2":0.0035557562951,"dvar":0.0000099193166534,"dvar2":0.0000242232836172,"max":0.0786817669868,"mean":0.00856612902135,"median":0.00699456175789,"min":1.54360374037e-21,"var":0.0000529106291651},"spectral_energyband_middle_low":{"dmean":0.00568629428744,"dmean2":0.00944238249213,"dvar":0.000052145558584,"dvar2":0.000138684539706,"max":0.094329431653,"mean":0.0178840197623,"median":0.0163442865014,"min":3.51181765638e-22,"var":0.000136882605148},"spectral_entropy":{"dmean":0.123327456415,"dmean2":0.190195053816,"dvar":0.0191797669977,"dvar2":0.0409038588405,"max":9.80053138733,"mean":7.37087774277,"median":7.45268917084,"min":4.89522027969,"var":0.226516351104},"spectral_flux":{"dmean":0.0232042763382,"dmean2":0.0354995839298,"dvar":0.000724320299923,"dvar2":0.00141730869655,"max":0.275074273348,"mean":0.087743498385,"median":0.0822156667709,"min":1.06170808256e-10,"var":0.00197313609533},"spectral_kurtosis":{"dmean":2.56829357147,"dmean2":4.37047100067,"dvar":21.2015380859,"dvar2":51.7243156433,"max":104.161087036,"mean":7.39992046356,"median":6.18610286713,"min":-1.24290776253,"var":47.2410240173},"spectral_rms":{"dmean":0.000691366440151,"dmean2":0.00108944007661,"dvar":6.21376329946e-7,"dvar2":0.00000151290498707,"max":0.0103056170046,"mean":0.00539528345689,"median":0.00564357126132,"min":3.31621882732e-12,"var":0.00000351228527506},"spectral_rolloff":{"dmean":293.128295898,"dmean2":484.370452881,"dvar":184032.296875,"dvar2":390514.9375,"max":19229.1503906,"mean":1209.15600586,"median":1119.7265625,"min":107.666015625,"var":605941.125},"spectral_skewness":{"dmean":0.260864078999,"dmean2":0.429054677486,"dvar":0.122305028141,"dvar2":0.289579093456,"max":8.36600112915,"mean":1.75676679611,"median":1.63677072525,"min":-0.0392904244363,"var":0.518463373184},"spectral_spread":{"dmean":304376.53125,"dmean2":452039.90625,"dvar":233737519104,"dvar2":329718595584,"max":41606516,"mean":3239789.75,"median":3046304.25,"min":812102.9375,"var":1579243667460},"spectral_strongpeak":{"dmean":0.632808089256,"dmean2":1.08731555939,"dvar":0.919091880322,"dvar2":2.2266254425,"max":11.37155056,"mean":1.08345663548,"median":0.555327057838,"min":0,"var":1.76602518559},"zerocrossingrate":{"dmean":0.00563107617199,"dmean2":0.00716887973249,"dvar":0.0000805987874628,"dvar2":0.0000936001379159,"max":0.5146484375,"mean":0.0449359118938,"median":0.044921875,"min":0.00537109375,"var":0.000373023445718}},"metadata":{"audio_properties":{"analysis_sample_rate":44100,"bit_rate":0,"codec":"flac","downmix":"mix","equal_loudness":0,"length":179.266662598,"lossless":true,"md5_encoded":"ae4850252d8e1f7e53eaf2f7dc29a0fd","replay_gain":-11.8675003052,"sample_rate":44100},"tags":{"album":["October"],"albumartist":["U2"],"albumartistsort":["U2"],"artist":["U2"],"artistsort":["U2"],"catalognumber":["XILP 9680"],"date":["1981"],"discnumber":["1"],"disctotal":["1"],"file_name":"01-11 Is That All_.flac","label":["Island Records"],"media":["12\" Vinyl"],"musicbrainz_albumartistid":["a3cb23fc-acd3-4ce0-8f36-1e5aa6a18432"],"musicbrainz_albumid":["c95ef89c-95d0-3b5f-9515-6e6c9487f102"],"musicbrainz_artistid":["a3cb23fc-acd3-4ce0-8f36-1e5aa6a18432"],"musicbrainz_recordingid":["527ae887-64fe-4cb7-8a2d-a7093ccc9e07"],"musicbrainz_releasegroupid":["87febb2c-e117-3a0d-a7f6-8fd9a6421af1"],"originaldate":["1981-10-12"],"producer":["Steve Lillywhite"],"releasecountry":["CA"],"releasestatus":["official"],"releasetype":["album"],"replaygain_album_gain":["-6.91 dB"],"replaygain_album_peak":["1.00000000"],"replaygain_track_gain":["-6.34 dB"],"replaygain_track_peak":["0.97021484"],"script":["Latn"],"title":["Is That All?"],"totaldiscs":["1"],"totaltracks":["11"],"tracknumber":["11"],"tracktotal":["11"]},"version":{"essentia":"2.1-beta1","essentia_build_sha":"ca57ba49d9b1854bd80e60cf9ccf267278fb7d6b","essentia_git_sha":"v2.1_beta1-28-g21ef5f4-dirty","extractor":"music 1.0"}},"rhythm":{"beats_count":460,"beats_loudness":{"dmean":0.0143899098039,"dmean2":0.0257214903831,"dvar":0.000127344916109,"dvar2":0.000400737771997,"max":0.0911051407456,"mean":0.0424670390785,"median":0.0405648089945,"min":7.64333041303e-9,"var":0.000313323020237},"beats_loudness_band_ratio":{"dmean":[0.17332957685,0.0957956686616,0.081196077168,0.0710040330887,0.0470057539642,0.0139122037217],"dmean2":[0.300001651049,0.169001400471,0.143714919686,0.120325498283,0.0825805962086,0.0230138674378],"dvar":[0.0173894576728,0.00712140090764,0.00772426230833,0.0051880995743,0.0