{"lowlevel":{"average_loudness":0.917417228222,"barkbands":{"dmean":[0.00000951919719228,0.000790846941527,0.00124411762226,0.000912663410418,0.00276437052526,0.000937584380154,0.00141124683432,0.000819481385406,0.000371081667254,0.000287514238153,0.000139941781526,0.000217597989831,0.000328573718434,0.000352019415004,0.000689275213517,0.000228596225497,0.000136229544296,0.00012224362581,0.000181085342774,0.0000753470812924,0.0000294782530545,0.0000206801923923,0.0000122420515254,0.00000495306585435,0.00000173913281287,4.27485332466e-7,7.50544657535e-8],"dmean2":[0.0000136173466672,0.00127133866772,0.00204567844048,0.00148127879947,0.00444736797363,0.00147605559323,0.00198824354447,0.00116372888442,0.000536815379746,0.000400895311031,0.000211882259464,0.000328906986397,0.000506343087181,0.000553091580514,0.00116038555279,0.000355838885298,0.000203182178666,0.00018800192629,0.000273747806204,0.000113239329949,0.0000437051021436,0.0000309034367092,0.0000183832144103,0.00000742736574466,0.00000264278060058,6.66675930461e-7,1.22937464653e-7],"dvar":[3.76425390858e-10,0.00000234422941503,0.00000747582134863,0.00000305062599182,0.0000251729143201,0.00000203192166737,0.00000466438723379,0.00000176751791514,5.08211257966e-7,3.64475738479e-7,8.91305944606e-8,2.40484439473e-7,4.93136212754e-7,9.48995761973e-7,0.00000622399875283,3.03009784375e-7,1.573860402e-7,1.07150249562e-7,2.78096621287e-7,5.97527716195e-8,6.94342894292e-9,3.38796457555e-9,9.58669144069e-10,1.37342859308e-10,2.98623382966e-11,1.68475042944e-12,3.48199862498e-14],"dvar2":[8.52226067494e-10,0.00000619405727775,0.0000218724981096,0.00000815179100755,0.0000689832595526,0.00000534065156899,0.00000970195742411,0.00000364009838449,0.00000120078368582,7.42431893741e-7,1.9309942445e-7,5.20722323927e-7,0.00000113890916964,0.00000238178063228,0.0000205346295843,7.2195410894e-7,3.07874614691e-7,2.35859090481e-7,5.84538781823e-7,1.25412569218e-7,1.41792915187e-8,7.16923187483e-9,2.09467376777e-9,2.93543467311e-10,6.73240421745e-11,3.95295645175e-12,8.70649513314e-14],"max":[0.000478073954582,0.0360820367932,0.0508731231093,0.0488419309258,0.0863800868392,0.0242618843913,0.08406984061,0.0420079901814,0.0189129114151,0.0192401800305,0.0068618231453,0.017635082826,0.024593051523,0.0402878448367,0.0573139414191,0.0116169247776,0.0170292071998,0.00920418091118,0.0107024954632,0.0063647357747,0.00281366542913,0.00183146027848,0.00142114947084,0.000296311860438,0.000149329716805,0.0000318070560752,0.00000567629740544],"mean":[0.0000367174980056,0.00199209339917,0.00250605284236,0.00176959636156,0.00625524297357,0.00213856273331,0.00379921263084,0.00222953618504,0.00082219223259,0.000653419352602,0.000259983731667,0.000461282907054,0.000644532672595,0.000631724193227,0.00105841225013,0.000432681408711,0.000283696863335,0.000269612297416,0.000410377862863,0.00018677150365,0.0000839909989736,0.0000609607777733,0.0000352589122485,0.0000129692816699,0.00000440742542196,0.00000119171431834,2.72159297765e-7],"median":[0.00000655203893984,0.00136687641498,0.00121424056124,0.00112312845886,0.00445801205933,0.0014386952389,0.00195394642651,0.00115958263632,0.00038550933823,0.000269511976512,0.000102663922007,0.000157664151629,0.000269623531494,0.000213730643736,0.000281237065792,0.000117430419778,0.0000572620119783,0.0000441155025328,0.0000456777852378,0.0000172751824721,0.00000913258554647,0.00000702099168848,0.00000498179088027,0.00000260447268374,6.61387616674e-7,2.41517312816e-7,1.70596948124e-7],"min":[2.29250423932e-25,9.43706905345e-25,5.31806339127e-25,1.3002395926e-24,6.75868097917e-24,5.65355666515e-24,6.18801505603e-24,9.67388489998e-24,1.3308787135e-23,1.30283470832e-23,1.15727267414e-23,1.91042105732e-23,2.9989579142e-23,2.65762726685e-23,4.5316723701e-23,3.92809091015e-23,7.51481646306e-23,8.378382496e-23,1.27400821623e-22,1.46822261565e-22,1.919200385e-22,3.07543015347e-22,3.52130923079e-22,4.98209105795e-22,7.69597956901e-22,1.22693725205e-21,1.94655166933e-21],"var":[4.18112477973e-9,0.00000473630416309,0.0000119070737128,0.00000456016823591,0.0000403326375817,0.00000502641432831,0.0000296296402666,0.0000114061522254,0.0000015506057025,0.00000130860576064,2.19249102429e-7,7.17394812e-7,0.00000125366739212,0.00000191941012417,0.00000905449815036,7.91429670244e-7,5.19873140092e-7,3.88644110672e-7,0.00000104496461972,2.40974543431e-7,4.26578914414e-8,2.38414354925e-8,6.04965189055e-9,6.1628385728e-10,1.01228310456e-10,8.28056286734e-12,1.21840769895e-13]},"barkbands_crest":{"dmean":1.87676143646,"dmean2":3.00237941742,"dvar":3.47148895264,"dvar2":9.81698894501,"max":25.0275096893,"mean":9.15107059479,"median":8.43773269653,"min":2.61586093903,"var":12.4095392227},"barkbands_flatness_db":{"dmean":0.0144019238651,"dmean2":0.0222294386476,"dvar":0.000229842218687,"dvar2":0.000554658297915,"max":0.378541409969,"mean":0.179343119264,"median":0.177954822779,"min":0.0330483540893,"var":0.00261551351286},"barkbands_kurtosis":{"dmean":1.55669760704,"dmean2":2.45999956131,"dvar":5.315554142,"dvar2":13.764670372,"max":63.858505249,"mean":2.74260902405,"median":1.60788011551,"min":-1.87414109707,"var":19.4003009796},"barkbands_skewness":{"dmean":0.3601975739,"dmean2":0.566501438618,"dvar":0.142677813768,"dvar2":0.363856256008,"max":6.92370891571,"mean":1.20005238056,"median":1.15021491051,"min":-2.30613899231,"var":0.782946765423},"barkbands_spread":{"dmean":2.78956317902,"dmean2":4.36603593826,"dvar":13.5817260742,"dvar2":30.2004318237,"max":128.210647583,"mean":16.2213249207,"median":12.4951581955,"min":0.677564144135,"var":151.664108276},"dissonance":{"dmean":0.0208105631173,"dmean2":0.0348491966724,"dvar":0.000447255588369,"dvar2":0.00120805413462,"max":0.500000059605,"mean":0.450362682343,"median":0.460354506969,"min":0.232801944017,"var":0.0014741003979},"dynamic_complexity":2.31191301346,"erbbands":{"dmean":[0.0159214884043,0.216639354825,1.19182109833,2.13496255875,5.97217845917,11.7035169601,8.221824646,8.63428115845,18.7390365601,19.8916625977,13.8219213486,9.09541893005,6.85249614716,7.87463951111,6.67329597473,9.72469329834,14.3032102585,17.3346481323,39.8581962585,14.9686880112,10.224360466,5.92261123657,6.81968975067,6.82650089264,8.85747051239,3.87068343163,1.50676035881,0.913117170334,0.762123405933,0.447281032801,0.377727657557,0.156664475799,0.0603900514543,0.0253229383379,0.00923746265471,0.0029802666977,0.000615200726315,0.000111898683826,0.0000149223878907,0.00000707237268216],"dmean2":[0.0234188660979,0.352989733219,1.95987474918,3.53052186966,9.75515460968,19.16106987,12.8175315857,13.6212272644,26.5491828918,28.2169246674,19.8361930847,12.9985847473,9.62683868408,11.1818370819,10.0177927017,14.5350999832,21.8566398621,27.1711864471,67.3420944214,24.0208435059,15.7587194443,8.85600948334,10.4119367599,10.2382564545,13.3268461227,5.68583583832,2.25794219971,1.37828028202,1.14780449867,0.656764864922,0.569388389587,0.234885573387,0.0889617055655,0.037840437144,0.0137738650665,0.00460023572668,0.000956868636422,0.000179951864993,0.0000240912195295,0.0000107937576104],"dvar":[0.00111280067358,0.182330414653,6.90990972519,17.7077865601,137.37928772,480.026184082,170.409240723,198.897750854,904.915039063,1097.76660156,608.735595703,294.41116333,240.268569946,348.117034912,191.698562622,481.137512207,997.689331055,1861.64208984,22227.9628906,1006.44146729,531.210510254,260.878692627,372.678985596,416.924194336,807.163024902,166.983520508,16.4378509521,6.98274040222,3.96839237213,1.61048412323,1.03136444092,0.136762440205,0.0247920434922,0.00544332945719,0.00109308236279,0.0000960182442213,0.00000310291011374,9.84252395142e-8,1.14462828105e-9,8.80793563085e-11],"dvar2":[0.002549221972,0.499859601259,19.9327201843,49.4579544067,377.196838379,1345.43383789,444.820465088,536.159362793,1890.34387207,2341.359375,1233.97241211,679.218078613,477.637939453,721.545532227,425.482543945,1029.61462402,2205.15820313,4432.02734375,73667.265625,2734.18261719,1204.62438965,527.623657227,805.457397461,848.166381836,1623.03149414,338.803344727,35.0486183167,14.6277513504,8.70754814148,3.31001210213,2.16095495224,0.296034127474,0.0532024092972,0.0120732085779,0.00254276394844,0.000226241303608,0.00000711794882591,2.45647413522e-7,2.86030665819e-9,2.17508802636e-10],"max":[0.739427506924,11.4132947922,63.4944763184,136.108627319,190.388153076,440.33782959,229.973358154,254.357940674,1289.09143066,963.226013184,1148.15612793,524.358581543,739.44329834,498.493774414,377.367706299,647.198486328,1059.71472168,1577.79858398,3413.13867188,504.291381836,620.053649902,583.307800293,534.875183105,474.218353271,659.775634766,397.34576416,141.767333984,95.3059692383,68.5883178711,45.6001930237,67.2681427002,9.48983287811,6.46119976044,1.90098333359,1.02741909027,0.249800875783,0.0513703376055,0.00921335723251,0.000921413127799,0.000137253504363],"mean":[0.0518663264811,0.497896164656,2.54394412041,4.53659248352,12.2081375122,23.8529033661,18.9277210236,19.6444549561,50.3111610413,55.8393630981,38.6668205261,22.0166225433,16.6337490082,18.0494384766,14.0960416794,22.270866394,29.7449855804,34.4088745117,62.6387825012,29.0507659912,22.1843776703,13.8713378906,16.0889186859,15.1151418686,20.7893447876,10.0259666443,4.29104042053,2.85765194893,2.27878975868,1.32760560513,1.09970808029,0.429475605488,0.16257122159,0.0671199932694,0.0209576897323,0.00755460606888,0.0017640911974,0.000346569082467,0.0000628650814178,0.000033850010368],"median":[0.0209389068186,0.360608249903,1.3127348423,3.20394539833,7.98245048523,16.0090904236,12.6421833038,13.0119600296,25.4901733398,32.6199531555,20.291229248,11.6907186508,7.91223526001,7.24075222015,6.67038726807,8.57783508301,13.3215093613,14.4281215668,18.7069473267,11.8415622711,7.35833692551,3.69761323929,2.81170892715,2.43529081345,2.00374126434,0.853415489197,0.41945835948,0.320132732391,0.267538845539,0.181290358305,0.143517747521,0.0809509605169,0.0301206856966,0.00987825728953,0.00338449329138,0.00112773897126,0.000445331970695,0.000154212568305,0.0000441324045823,0.0000312429365295],"min":[3.34704531299e-23,5.38038629791e-22,1.46699875791e-21,4.15604418367e-21,1.08590776398e-20,2.07855543754e-20,3.25569823424e-20,6.83478660637e-20,1.0520689845e-19,1.51878851991e-19,2.49405061798e-19,3.15886007068e-19,4.86297620964e-19,7.31523533662e-19,5.65135688158e-19,8.70575748258e-19,1.9155188949e-18,1.57930513107e-18,2.25875335417e-18,2.92191749294e-18,2.84107899283e-18,5.23622946693e-18,4.76817634835e-18,6.03223819169e-18,5.17789172705e-18,6.50300611704e-18,7.53394447552e-18,8.79737021697e-18,9.30549816827e-18,1.18144560802e-17,1.11399432302e-17,9.75710900422e-18,8.81407595662e-18,7.69187145243e-18,6.23913674241e-18,3.95697727883e-18,2.12375189473e-18,9.42949192171e-19,2.54983981439e-19,2.44472131441e-20],"var":[0.00484969140962,0.287410795689,11.4227952957,23.5596370697,193.872390747,699.45098877,399.15914917,462.800598145,5851.49853516,6136.36035156,4054.6184082,960.51965332,819.953186035,1296.0793457,483.738861084,1599.50646973,2617.38452148,4197.59326172,32045.4882813,2251.53369141,1689.88378906,940.944274902,1401.24206543,1286.58105469,3113.30737305,743.819396973,97.0543136597,50.3282852173,31.3656864166,11.3489761353,7.04812097549,0.683970093727,0.114500127733,0.0234288964421,0.00234429864213,0.000379882578272,0.0000160746185429,3.70999572397e-7,4.19258983086e-9,3.03147146274e-10]},"erbbands_crest":{"dmean":2.33820867538,"dmean2":3.69279003143,"dvar":5.55918741226,"dvar2":14.599647522,"max":33.1701316833,"mean":10.5657138824,"median":9.11253261566,"min":2.34875702858,"var":26.9502296448},"erbbands_flatness_db":{"dmean":0.0125547666103,"dmean2":0.0190157201141,"dvar":0.000190681152162,"dvar2":0.000466535973828,"max":0.375806152821,"mean":0.211005449295,"median":0.210706532001,"min":0.0288828331977,"var":0.00207973597571},"erbbands_kurtosis":{"dmean":0.968273460865,"dmean2":1.54306435585,"dvar":3.30118203163,"dvar2":9.20728111267,"max":43.2185821533,"mean":0.729111611843,"median":-0.102985411882,"min":-1.75910055637,"var":7.62810087204},"erbbands_skewness":{"dmean":0.336719334126,"dmean2":0.52053385973,"dvar":0.132569029927,"dvar2":0.348939746618,"max":4.32152080536,"mean":0.239101946354,"median":0.271922528744,"min":-5.55058336258,"var":0.943423628807},"erbbands_spread":{"dmean":4.29939842224,"dmean2":6.66669654846,"dvar":20.8020973206,"dvar2":50.7581176758,"max":110.91493988,"mean":27.2410373688,"median":25.4973430634,"min":2.11485767365,"var":158.654342651},"gfcc":{"cov":[[17333.7539063,1178.46264648,-2423.8828125,1030.85900879,-953.164550781,-71.3469696045,-569.706604004,-57.3717498779,-195.64743042,-92.2587509155,-48.2540855408,-153.807327271,-146.62940979],[1178.46264648,1538.44628906,48.1807403564,-690.257751465,298.306060791,-34.8744888306,9.60600376129,-79.396774292,100.769760132,-65.0929946899,-15.9335956573,-68.8451690674,-0.722341656685],[-2423.8828125,48.1807403564,731.31451416,-175.170471191,54.6612243652,71.2288894653,109.139831543,6.75664377213,30.0451183319,29.5520153046,1.64519357681,13.3912038803,20.1354045868],[1030.85900879,-690.257751465,-175.170471191,695.786804199,-226.223464966,-45.3259239197,-1.9099997282,39.8736305237,-58.3565483093,27.6722164154,19.7010593414,21.0439758301,-18.3487014771],[-953.164550781,298.306060791,54.6612243652,-226.223464966,432.66104126,-35.2219543457,-5.97158956528,49.8111343384,38.0722846985,-1.89888966084,-3.80074429512,10.8392629623,6.41575956345],[-71.3469696045,-34.8744888306,71.2288894653,-45.3259239197,-35.2219543457,211.898254395,23.1644554138,-16.3874015808,14.172077179,6.04527235031,10.4228000641,1.2955416441,17.881942749],[-569.706604004,9.60600376129,109.139831543,-1.9099997282,-5.97158956528,23.1644554138,158.111236572,21.5908927917,9.50980377197,14.5259628296,12.0003013611,13.6288909912,-1.05452549458],[-57.3717498779,-79.396774292,6.75664377213,39.8736305237,49.8111343384,-16.3874015808,21.5908927917,133.626052856,14.9809904099,4.354824543,9.87266540527,16.3745670319,0.997054934502],[-195.64743042,100.769760132,30.0451183319,-58.3565483093,38.0722846985,14.172077179,9.50980377197,14.9809904099,105.364089966,28.497209549,-0.974513292313,-2.64208006859,2.89816594124],[-92.2587509155,-65.0929946899,29.5520153046,27.6722164154,-1.89888966084,6.04527235031,14.5259628296,4.354824543,28.497209549,88.0643463135,25.1469650269,-0.433461368084,-4.25147342682],[-48.2540855408,-15.9335956573,1.64519357681,19.7010593414,-3.80074429512,10.4228000641,12.0003013611,9.87266540527,-0.974513292313,25.1469650269,68.636390686,20.4742984772,0.166793972254],[-153.807327271,-68.8451690674,13.3912038803,21.0439758301,10.8392629623,1.2955416441,13.6288909912,16.3745670319,-2.64208006859,-0.433461368084,20.4742984772,71.2886505127,21.7413253784],[-146.62940979,-0.722341656685,20.1354045868,-18.3487014771,6.41575956345,17.881942749,-1.05452549458,0.997054934502,2.89816594124,-4.25147342682,0.166793972254,21.7413253784,61.3406600952]],"icov":[[0.00145945581608,-0.00460030836985,0.00358656048775,-0.00399103760719,0.00379514601082,-0.00297339912504,0.00423693004996,-0.00383922201581,0.00417921319604,-0.0044641084969,0.00405994290486,-0.00294846645556,0.0021956320852],[-0.00460030836985,0.0160342864692,-0.0110814664513,0.0138490200043,-0.0123719815165,0.00997358001769,-0.0138942692429,0.0129380822182,-0.0143373077735,0.0154070267454,-0.013857351616,0.0106379678473,-0.00707781501114],[0.00358656048775,-0.0110814664513,0.0105448001996,-0.0092063518241,0.00923579931259,-0.00757362321019,0.00926741492003,-0.00937021244317,0.0101948846132,-0.0114350365475,0.0102225886658,-0.00728378957137,0.00506068766117],[-0.00399103760719,0.0138490200043,-0.0092063518241,0.0141249671578,-0.00957261119038,0.00898122508079,-0.0120597444475,0.0101477941498,-0.0113460216671,0.0121699823067,-0.0117671694607,0.0083518801257,-0.00566782290116],[0.00379514601082,-0.0123719815165,0.00923579931259,-0.00957261119038,0.0131584275514,-0.00723180919886,0.0114986235276,-0.0115862013772,0.010794618167,-0.0122007299215,0.0110076963902,-0.00869325455278,0.00584470434114],[-0.00297339912504,0.00997358001769,-0.00757362321019,0.00898122508079,-0.00723180919886,0.0116351991892,-0.00936872884631,0.00865600444376,-0.00965709984303,0.00979023613036,-0.00975489988923,0.00703905895352,-0.00608837185428],[0.00423693004996,-0.0138942692429,0.00926741492003,-0.0120597444475,0.0114986235276,-0.00936872884631,0.0199997164309,-0.0125682558864,0.012344090268,-0.0139605272561,0.0116845341399,-0.0102221658453,0.00743201887235],[-0.00383922201581,0.0129380822182,-0.00937021244317,0.0101477941498,-0.0115862013772,0.00865600444376,-0.0125682558864,0.0194643102586,-0.0131758274511,0.0132588567212,-0.0121705345809,0.00736707821488,-0.00579423690215],[0.00417921319604,-0.0143373077735,0.0101948846132,-0.0113460216671,0.010794618167,-0.00965709984303,0.012344090268,-0.0131758274511,0.0246287323534,-0.0183633677661,0.0142690930516,-0.00932853668928,0.0060245138593],[-0.0044641084969,0.0154070267454,-0.0114350365475,0.0121699823067,-0.0122007299215,0.00979023613036,-0.0139605272561,0.0132588567212,-0.0183633677661,0.0299792643636,-0.0192446894944,0.0120892636478,-0.00641616247594],[0.00405994290486,-0.013857351616,0.0102225886658,-0.0117671694607,0.0110076963902,-0.00975489988923,0.0116845341399,-0.0121705345809,0.0142690930516,-0.0192446894944,0.0308046340942,-0.0148587990552,0.007932074368],[-0.00294846645556,0.0106379678473,-0.00728378957137,0.0083518801257,-0.00869325455278,0.00703905895352,-0.0102221658453,0.00736707821488,-0.00932853668928,0.0120892636478,-0.0148587990552,0.0257313959301,-0.0112728821114],[0.0021956320852,-0.00707781501114,0.00506068766117,-0.00566782290116,0.00584470434114,-0.00608837185428,0.00743201887235,-0.00579423690215,0.0060245138593,-0.00641616247594,0.007932074368,-0.0112728821114,0.022741029039]],"mean":[-43.9034042358,145.72203064,-122.073516846,18.371099472,-48.2226867676,-3.61908960342,-39.3836288452,-8.38599205017,-11.3980617523,-1.05645227432,-8.32525062561,-10.2702913284,-13.7885808945]},"hfc":{"dmean":3.78918004036,"dmean2":5.74141597748,"dvar":38.2635803223,"dvar2":99.8543777466,"max":113.378334045,"mean":17.2729072571,"median":13.417963028,"min":1.04573509763e-16,"var":174.111740112},"melbands":{"dmean":[0.000175385561306,0.000492571503855,0.000441018928541,0.000640109239612,0.000337636651238,0.000186854420463,0.000289248273475,0.000209587800782,0.000104496990389,0.0000537114028702,0.0000347680761479,0.0000343770043401,0.0000203466352104,0.0000248789510806,0.0000291466822091,0.0000314073440677,0.000034453751141,0.0000616706092842,0.0000351598173438,0.0000194615095097,0.0000117503650472,0.00000744747103454,0.00000657232430967,0.00000619372713118,0.00000605157674727,0.00000842142435431,0.00000384310169466,0.00000269132715403,0.00000113429587145,7.72286057327e-7,5.81476456318e-7,5.12631117999e-7,3.42012867804e-7,2.33751720202e-7,2.6014262744e-7,1.80719808895e-7,7.66241115002e-8,4.69740015774e-8,3.54546578762e-8,1.87315354339e-8],"dmean2":[0.000272722943919,0.000811693083961,0.000721009622794,0.00104344368447,0.000531766214408,0.00029466606793,0.000406838400522,0.00029763483326,0.00015093186812,0.0000772037165007,0.0000488547229907,0.0000488284822495,0.0000307699374389,0.000037312402128,0.0000439926116087,0.0000481136448798,0.0000538363492524,0.000103882790427,0.0000585602829233,0.0000306292604364,0.0000178543596121,0.0000110140326797,0.0000100993902379,0.00000948140495893,0.0000090190951596,0.0000127199600684,0.0000057181377997,0.00000391094454244,0.0000017602534399,0.00000113980297556,8.84902817688e-7,7.80667789968e-7,5.17887997376e-7,3.51516376895e-7,3.96075165554e-7,2.70501743671e-7,1.1753375162e-7,6.94023327696e-8,5.46224683262e-8,2.78448357705e-8],"dvar":[1.19263134479e-7,0.0000011028616882,6.52409653412e-7,0.00000151255540004,3.04772981963e-7,8.78649544234e-8,2.05443654977e-7,1.14186114786e-7,3.45659607603e-8,1.0248491833e-8,6.15138517901e-9,6.76547395884e-9,1.79410086787e-9,2.50890375142e-9,4.0800900436e-9,4.97973395852e-9,8.64906724019e-9,4.81429509591e-8,1.23577210687e-8,2.34896591067e-9,9.10325759218e-10,5.47314360499e-10,3.22989773816e-10,3.33296890087e-10,4.00913635623e-10,7.34754146414e-10,1.5987522417e-10,8.25445545249e-11,1.02461719664e-11,6.01315698623e-12,3.7725872773e-12,1.94880092966e-12,1.11045114076e-12,4.03453556371e-13,5.35010729295e-13,2.30327313212e-13,3.03826754066e-14,1.50705033712e-14,9.99302874336e-15,3.01675654604e-15],"dvar2":[2.91450476197e-7,0.00000316445516546,0.00000174437980149,0.00000427907843914,8.02540910172e-7,2.33357553725e-7,4.2578452053e-7,2.45852959324e-7,7.14138153057e-8,2.37058568331e-8,1.22093064547e-8,1.40067299981e-8,3.89255649935e-9,5.46492273656e-9,8.818254571e-9,1.15853122651e-8,2.04228829404e-8,1.58436563424e-7,3.97493806759e-8,5.66440538918e-9,1.94094829098e-9,1.05882669299e-9,7.09070246963e-10,7.11219527716e-10,7.93960341916e-10,1.55934154478e-9,3.21482673815e-10,1.64989230611e-10,2.32375924059e-11,1.18032042473e-11,7.76072175274e-12,4.29712645675e-12,2.29831388296e-12,8.64035243093e-13,1.13276510567e-12,5.03959504336e-13,6.7946882387e-14,3.21619833088e-14,2.35036582617e-14,6.46902397576e-15],"max":[0.00675539718941,0.0273397061974,0.0201761778444,0.0226202718914,0.00938178598881,0.00508745480329,0.0196025129408,0.0100904805586,0.00858576782048,0.00338580762036,0.00367449200712,0.00218495260924,0.000953306793235,0.00153518118896,0.00267359497957,0.00309320283122,0.00354509637691,0.00491558900103,0.00250138877891,0.000936948461458,0.000980817014351,0.000851656950545,0.00050749728689,0.000728065846488,0.000479744165204,0.000710904016159,0.000340493978001,0.00028802693123,0.000127732753754,0.000120083881484,0.0000831665165606,0.0000546396804566,0.0000416280417994,0.0000218723071157,0.0000478816691611,0.0000151210861077,0.00000382968119084,0.00000522467098563,0.00000256996236203,0.00000148585638726],"mean":[0.000502372276969,0.00109980069101,0.000975871051196,0.00138237769715,0.000772095576394,0.000420646072598,0.000781890703365,0.000589662755374,0.000281371438177,0.000122057994304,0.0000810760757304,0.0000759349568398,0.0000398682677769,0.0000532689300599,0.0000604749911872,0.000061568338424,0.000063678548031,0.000096741510788,0.0000566081143916,0.0000359639816452,0.0000238189259107,0.0000151953099703,0.0000137499910124,0.0000133246176119,0.0000111616282084,0.0000183361880772,0.00000849562366056,0.00000635069955024,0.00000274572994385,0.00000213320595321,0.00000150488847339,0.00000143464478697,8.85824306351e-7,6.23560254098e-7,7.11870484338e-7,4.32977003584e-7,1.86411455161e-7,1.14917384053e-7,8.6342367922e-8,4.58255158264e-8],"median":[0.000294718542136,0.000656700518448,0.000698546122294,0.000953006907366,0.000521718058735,0.000276539009064,0.00039982504677,0.00034585717367,0.000146579899592,0.0000597105463385,0.0000351799608325,0.0000275417660305,0.0000174641245394,0.000021269726858,0.0000251527671935,0.0000255821651081,0.0000214057399717,0.0000291397082037,0.0000168950464285,0.0000107247842607,0.00000680798621033,0.00000316012256008,0.00000222973153541,0.00000222028938879,0.00000160566514751,0.00000157308011239,9.77729996521e-7,4.18021699033e-7,2.49180459377e-7,2.08669192148e-7,1.67932114437e-7,1.51008862304e-7,1.2568527552e-7,8.93092177989e-8,8.26468706805e-8,6.99763731404e-8,3.83016143246e-8,2.0533263978e-8,1.32866233571e-8,6.19447781958e-9],"min":[4.65224555878e-25,1.16621064569e-24,1.04977231089e-24,1.21418571468e-24,1.45820514317e-24,1.45060427114e-24,1.48432600407e-24,1.66755768476e-24,2.0269889428e-24,1.5797728488e-24,2.25426469998e-24,2.39872012008e-24,1.45784729615e-24,2.26189180164e-24,2.06792983771e-24,3.77553167974e-24,2.57036816723e-24,2.58753930256e-24,3.72773814736e-24,3.26589893876e-24,2.86919636952e-24,3.86174707693e-24,4.28885885355e-24,3.49413552851e-24,3.96633662233e-24,3.55194049464e-24,3.91073810016e-24,4.40903155727e-24,3.86974060448e-24,5.18479066615e-24,5.20054145741e-24,3.38810000108e-24,5.78097229527e-24,5.97239018278e-24,5.63033496668e-24,4.77745997115e-24,5.40604563968e-24,4.73526577349e-24,6.21554511833e-24,5.90266276737e-24],"var":[3.47766274444e-7,0.00000174408160092,9.65445451584e-7,0.00000221688856072,6.3746978185e-7,2.1157435981e-7,0.00000135998550377,6.4963899149e-7,2.1693655583e-7,3.26367519676e-8,2.10140314039e-8,2.52114151778e-8,4.48767956129e-9,7.85946419057e-9,1.09122249015e-8,1.25858674593e-8,1.93119866765e-8,7.09559131451e-8,1.89429343322e-8,5.65891822291e-9,2.80971068634e-9,1.73590330999e-9,1.11458642316e-9,1.05368558323e-9,1.0476520762e-9,2.72425260128e-9,5.40138545002e-10,3.51450535341e-10,4.47486769861e-11,3.9899195059e-11,1.81049723824e-11,1.4964852274e-11,4.84697742012e-12,2.41770123886e-12,3.44146868121e-12,8.77301649296e-13,1.24227234402e-13,6.25292732089e-14,3.83359590275e-14,1.24221981104e-14]},"melbands_crest":{"dmean":2.23965167999,"dmean2":3.57054281235,"dvar":4.83989477158,"dvar2":13.7039461136,"max":35.3634605408,"mean":11.8351831436,"median":11.0479326248,"min":1.5960226059,"var":18.7734832764},"melbands_flatness_db":{"dmean":0.0178023185581,"dmean2":0.0269180033356,"dvar":0.000409153988585,"dvar2":0.000913156021852,"max":0.522713303566,"mean":0.252887606621,"median":0.254352688789,"min":0.00318847014569,"var":0.00563970766962},"melbands_kurtosis":{"dmean":2.6596930027,"dmean2":4.2031288147,"dvar":14.4541330338,"dvar2":37.5124702454,"max":88.1240158081,"mean":6.24695205688,"median":4.25682926178,"min":-1.90813684464,"var":49.4444160461},"melbands_skewness":{"dmean":0.409032702446,"dmean2":0.640467047691,"dvar":0.178952276707,"dvar2":0.461110174656,"max":7.48047780991,"mean":1.86546874046,"median":1.77769780159,"min":-1.02831828594,"var":0.892883837223},"melbands_spread":{"dmean":4.38907051086,"dmean2":6.90448760986,"dvar":40.1344299316,"dvar2":94.2367935181,"max":163.920135498,"mean":20.5811519623,"median":14.4690570831,"min":1.19717526436,"var":342.243530273},"mfcc":{"cov":[[7755.26953125,-559.941711426,-578.578063965,591.999328613,-222.437347412,-1.19475865364,-172.761322021,-6.97265195847,-201.504104614,23.6930141449,-96.4035568237,27.3718528748,2.09836339951],[-559.941711426,2463.95263672,-200.064849854,-463.518493652,269.82421875,-7.17113351822,-27.4485988617,3.31885290146,55.2996940613,30.2382411957,56.5987091064,-52.325302124,-8.37076377869],[-578.578063965,-200.064849854,591.869750977,-19.2234020233,-136.316680908,78.5926818848,25.9556102753,-17.0072784424,16.0726451874,2.14111542702,11.0147209167,24.0865001678,-8.77396583557],[591.999328613,-463.518493652,-19.2234020233,460.129180908,-54.1317939758,-50.3971099854,-0.266663253307,6.06383562088,-39.3535270691,33.0155639648,-13.5466718674,-3.95429086685,18.4809589386],[-222.437347412,269.82421875,-136.316680908,-54.1317939758,259.246765137,-30.3701934814,-0.0983717516065,14.4008512497,20.072309494,-5.03025102615,12.0577964783,-18.6872272491,11.9160785675],[-1.19475865364,-7.17113351822,78.5926818848,-50.3971099854,-30.3701934814,152.89163208,10.8554420471,-8.92028331757,-0.58019298315,3.95662665367,5.90500164032,10.0256357193,-10.6863927841],[-172.761322021,-27.4485988617,25.9556102753,-0.266663253307,-0.0983717516065,10.8554420471,120.878204346,25.2448673248,-2.01755595207,3.39329457283,1.79616570473,1.23897898197,16.7304515839],[-6.97265195847,3.31885290146,-17.0072784424,6.06383562088,14.4008512497,-8.92028331757,25.2448673248,97.0411453247,24.4287204742,-8.2520647049,-0.0435270294547,8.16416549683,5.46972179413],[-201.504104614,55.2996940613,16.0726451874,-39.3535270691,20.072309494,-0.58019298315,-2.01755595207,24.4287204742,84.7620849609,16.3735084534,5.23247480392,1.02236163616,0.957523167133],[23.6930141449,30.2382411957,2.14111542702,33.0155639648,-5.03025102615,3.95662665367,3.39329457283,-8.2520647049,16.3735084534,85.5575637817,28.362903595,-9.05130577087,2.86291480064],[-96.4035568237,56.5987091064,11.0147209167,-13.5466718674,12.0577964783,5.90500164032,1.79616570473,-0.0435270294547,5.23247480392,28.362903595,73.3016433716,24.8917789459,-0.266080141068],[27.3718528748,-52.325302124,24.0865001678,-3.95429086685,-18.6872272491,10.0256357193,1.23897898197,8.16416549683,1.02236163616,-9.05130577087,24.8917789459,75.8439407349,22.1290092468],[2.09836339951,-8.37076377869,-8.77396583557,18.4809589386,11.9160785675,-10.6863927841,16.7304515839,5.46972179413,0.957523167133,2.86291480064,-0.266080141068,22.1290092468,67.0634613037]],"icov":[[0.000181102834176,-0.00000753001177145,0.000207047662116,-0.000182124684216,0.000167716410942,-0.000147438695421,0.000255751190707,-0.000125953971292,0.000329921254888,-0.000159258328495,0.000261164852418,-0.000193798550754,0.0000309185234073],[-0.00000753001177145,0.000587287184317,0.0000882584790816,0.000596757396124,-0.000391237903386,0.0000677949137753,0.000149761894136,-0.0000879779327079,0.0000621055951342,-0.00032885328983,-0.000334513140842,0.00042869526078,-0.000158862821991],[0.000207047662116,0.0000882584790816,0.00237186439335,-0.000114958100312,0.0012004567543,-0.00094509072369,-0.000210234793485,0.000385686318623,-0.00049511983525,0.000184803095181,-0.00021569171804,-0.000322558684275,0.000108381325845],[-0.000182124684216,0.000596757396124,-0.000114958100312,0.00342805753462,-0.0000419965290348,0.00111524073873,0.000123508041725,-0.0006923872279,0.00136084866244,-0.00190409901552,0.000340653292369,0.000472160172649,-0.000761299219448],[0.000167716410942,-0.000391237903386,0.0012004567543,-0.0000419965290348,0.0054389629513,0.000218898800085,0.0000908674046514,-0.000287801260129,-0.00095209752908,0.00130736606661,-0.00161646481138,0.00174665532541,-0.00144115742296],[-0.000147438695421,0.0000677949137753,-0.00094509072369,0.00111524073873,0.000218898800085,0.00772656174377,-0.000947629683651,0.000541543820873,0.000290536700049,-0.000931102142204,0.000196307300939,-0.00113318010699,0.00137694436125],[0.000255751190707,0.000149761894136,-0.000210234793485,0.000123508041725,0.0000908674046514,-0.000947629683651,0.00990910548717,-0.00321926712058,0.0019511373248,-0.000963977887295,-0.0000600890416536,0.0011058433447,-0.00277931825258],[-0.000125953971292,-0.0000879779327079,0.000385686318623,-0.0006923872279,-0.000287801260129,0.000541543820873,-0.00321926712058,0.0128443809226,-0.00480012828484,0.00254141353071,-0.000390686560422,-0.00130032049492,0.000514740531798],[0.000329921254888,0.0000621055951342,-0.00049511983525,0.00136084866244,-0.00095209752908,0.000290536700049,0.0019511373248,-0.00480012828484,0.0157876517624,-0.00503920810297,0.00199741194956,-0.00111898186151,0.000044716627599],[-0.000159258328495,-0.00032885328983,0.000184803095181,-0.00190409901552,0.00130736606661,-0.000931102142204,-0.000963977887295,0.00254141353071,-0.00503920810297,0.017531119287,-0.00878476165235,0.00560187269002,-0.00239438377321],[0.000261164852418,-0.000334513140842,-0.00021569171804,0.000340653292369,-0.00161646481138,0.000196307300939,-0.0000600890416536,-0.000390686560422,0.00199741194956,-0.00878476165235,0.021178400144,-0.00976846553385,0.00384717457928],[-0.000193798550754,0.00042869526078,-0.000322558684275,0.000472160172649,0.00174665532541,-0.00113318010699,0.0011058433447,-0.00130032049492,-0.00111898186151,0.00560187269002,-0.00976846553385,0.0205499511212,-0.00781630072743],[0.0000309185234073,-0.000158862821991,0.000108381325845,-0.000761299219448,-0.00144115742296,0.00137694436125,-0.00277931825258,0.000514740531798,0.000044716627599,-0.00239438377321,0.00384717457928,-0.00781630072743,0.0189372841269]],"mean":[-680.622558594,174.839431763,-10.9357395172,22.9231147766,4.31597232819,5.71216440201,-13.5512008667,-6.2944688797,-11.5050153732,7.48384141922,0.650142073631,-2.3937318325,-1.74045789242]},"pitch_salience":{"dmean":0.0556182153523,"dmean2":0.0894573628902,"dvar":0.00257873395458,"dvar2":0.00698974169791,"max":0.849254131317,"mean":0.581649959087,"median":0.586077868938,"min":0.154811292887,"var":0.00981355365366},"silence_rate_20dB":{"dmean":0,"dmean2":0,"dvar":0,"dvar2":0,"max":1,"mean":1,"median":1,"min":1,"var":0},"silence_rate_30dB":{"dmean":0.000169966850081,"dmean2":0.000339962600265,"dvar":0.00016993022291,"dvar2":0.000339816091582,"max":1,"mean":0.999830067158,"median":1,"min":0,"var":0.000169915801962},"silence_rate_60dB":{"dmean":0.00101980112959,"dmean2":0.002039775718,"dvar":0.00101867481135,"dvar2":0.00237546279095,"max":1,"mean":0.0322059839964,"median":0,"min":0,"var":0.0311688929796},"spectral_centroid":{"dmean":138.469512939,"dmean2":216.294219971,"dvar":44705.1367188,"dvar2":94858.984375,"max":11660.5175781,"mean":1054.32312012,"median":722.942199707,"min":213.767333984,"var":1278092.75},"spectral_complexity":{"dmean":2.24917149544,"dmean2":3.61108279228,"dvar":5.68127441406,"dvar2":12.6654825211,"max":43,"mean":16.5283813477,"median":16,"min":0,"var":41.2322540283},"spectral_contrast_coeffs":{"dmean":[0.0424726940691,0.0389962010086,0.0340628884733,0.031391043216,0.0206762794405,0.0139643047005],"dmean2":[0.0695310905576,0.0630968809128,0.0547527782619,0.0514953434467,0.0334791392088,0.0220536477864],"dvar":[0.00149341800716,0.00103732512798,0.000862956629135,0.00075032026507,0.000403536047088,0.000183421201655],"dvar2":[0.00407924735919,0.00274495803751,0.00220733135939,0.00190824293531,0.000922136357985,0.000414392969105],"max":[-0.293738782406,-0.423322200775,-0.512710690498,-0.510493397713,-0.548324227333,-0.602751731873],"mean":[-0.603782117367,-0.716228246689,-0.73916965723,-0.74324631691,-0.767649233341,-0.758678853512],"median":[-0.603941082954,-0.719315886497,-0.739076972008,-0.744931101799,-0.780885279179,-0.76154011488],"min":[-0.977567970753,-0.976284503937,-0.979023039341,-0.970447897911,-0.968947947025,-0.964378356934],"var":[0.00775990402326,0.00493916636333,0.00373557046987,0.00412229355425,0.0042969272472,0.00326580787078]},"spectral_contrast_valleys":{"dmean":[0.301181197166,0.291142255068,0.290326952934,0.270916193724,0.235905349255,0.226397141814],"dmean2":[0.493469387293,0.468854248524,0.47158908844,0.4325312078,0.363426327705,0.327223002911],"dvar":[0.081749714911,0.0719706863165,0.0812152996659,0.0837470442057,0.0844142213464,0.0892468094826],"dvar2":[0.203906476498,0.166424155235,0.189286842942,0.184359267354,0.173543334007,0.178486034274],"max":[-5.52063417435,-4.61751699448,-5.65808153152,-5.82235574722,-5.97457695007,-9.08049678802],"mean":[-7.28037118912,-6.46657705307,-7.82246398926,-7.97662639618,-8.53301715851,-11.5431928635],"median":[-6.99215602875,-6.19947338104,-7.58199691772,-7.73165130615,-8.29525375366,-11.4529972076],"min":[-28.0834217072,-28.0386219025,-27.8295707703,-27.63804245,-27.5837688446,-27.4017868042],"var":[4.21223258972,4.53977632523,4.06004095078,4.06300735474,3.95374894142,2.90683364868]},"spectral_decrease":{"dmean":1.50313539393e-9,"dmean2":2.31470087542e-9,"dvar":4.25587651163e-18,"dvar2":1.06532880604e-17,"max":1.55182226566e-28,"mean":-6.74946365464e-9,"median":-6.15488993105e-9,"min":-2.86118773118e-8,"var":1.28190702428e-17},"spectral_energy":{"dmean":0.00595196243376,"dmean2":0.00913937017322,"dvar":0.0000653417082503,"dvar2":0.000163382588653,"max":0.112855225801,"mean":0.0270406585187,"median":0.0247739441693,"min":9.81520155614e-21,"var":0.000203152463655},"spectral_energyband_high":{"dmean":0.000079524339526,"dmean2":0.00011618505232,"dvar":4.5858005393e-8,"dvar2":9.40040436603e-8,"max":0.0064029013738,"mean":0.000288052076939,"median":0.0000351286143996,"min":6.86001238388e-21,"var":3.96134339553e-7},"spectral_energyband_low":{"dmean":0.00198118248954,"dmean2":0.00324411992915,"dvar":0.0000150532378029,"dvar2":0.0000426478109148,"max":0.0871562436223,"mean":0.00528467772529,"median":0.00386707624421,"min":1.92625239128e-23,"var":0.0000260059277934},"spectral_energyband_middle_high":{"dmean":0.00156717211939,"dmean2":0.0024321412202,"dvar":0.00000911730876396,"dvar2":0.0000265421676886,"max":0.0589662902057,"mean":0.0051125115715,"median":0.0034269450698,"min":1.1583724409e-21,"var":0.0000269543670584},"spectral_energyband_middle_low":{"dmean":0.00454112282023,"dmean2":0.00692207738757,"dvar":0.0000459154434793,"dvar2":0.000113733527542,"max":0.106060802937,"mean":0.0172070395201,"median":0.0147655624896,"min":1.53969985077e-22,"var":0.000132676388603},"spectral_entropy":{"dmean":0.13182002306,"dmean2":0.204833492637,"dvar":0.0227695237845,"dvar2":0.0537850707769,"max":9.82140922546,"mean":6.93714618683,"median":6.95055627823,"min":5.10937976837,"var":0.278449416161},"spectral_flux":{"dmean":0.0171620752662,"dmean2":0.0268639009446,"dvar":0.000411688088207,"dvar2":0.000867347582243,"max":0.288012832403,"mean":0.0650546997786,"median":0.0579098314047,"min":6.31142638152e-11,"var":0.00128446868621},"spectral_kurtosis":{"dmean":4.52041530609,"dmean2":7.80786180496,"dvar":31.8893089294,"dvar2":89.4194793701,"max":88.0180358887,"mean":12.2673244476,"median":8.84502792358,"min":-1.25728499889,"var":128.42628479},"spectral_rms":{"dmean":0.00053473119624,"dmean2":0.000808856915683,"dvar":3.9844834987e-7,"dvar2":9.69212464952e-7,"max":0.0104929814115,"mean":0.00492266286165,"median":0.00491626933217,"min":3.09447996741e-12,"var":0.00000214848569158},"spectral_rolloff":{"dmean":227.350128174,"dmean2":386.677154541,"dvar":174829.109375,"dvar2":366067.84375,"max":19702.8808594,"mean":1353.45007324,"median":796.728515625,"min":43.06640625,"var":3770070.75},"spectral_skewness":{"dmean":0.367710083723,"dmean2":0.622588098049,"dvar":0.163807481527,"dvar2":0.442383259535,"max":7.69674444199,"mean":2.29334545135,"median":2.14205312729,"min":-0.0719031095505,"var":1.21114265919},"spectral_spread":{"dmean":264318.65625,"dmean2":416545.46875,"dvar":176601104384,"dvar2":392016199680,"max":42185300,"mean":3167082.75,"median":2674554.25,"min":1013769.3125,"var":13251727327200},"spectral_strongpeak":{"dmean":0.649267077446,"dmean2":1.12667751312,"dvar":1.84629249573,"dvar2":5.22421503067,"max":17.0565700531,"mean":1.21036422253,"median":0.683379411697,"min":0,"var":2.6202609539},"zerocrossingrate":{"dmean":0.00470608193427,"dmean2":0.0059417928569,"dvar":0.0000323288550135,"dvar2":0.00004625555448,"max":0.52685546875,"mean":0.0453587882221,"median":0.03515625,"min":0.00732421875,"var":0.00238959561102}},"metadata":{"audio_properties":{"analysis_sample_rate":44100,"bit_rate":320031,"codec":"mp3","downmix":"mix","equal_loudness":0,"length":273.214691162,"lossless":false,"md5_encoded":"d62910c8950b60bbfc593e8c05e5a802","replay_gain":-9.71019554138,"sample_rate":44100},"tags":{"acoustid_fingerprint":["AQADtEn2eEoUvAe3iEeepahv-KiMXM3xJIOOFumPOs1x5Wh3pNHRgwzT46SsoGfiwNXR52Ae6OiLPNpx6cOfEEcTMw_RKdFu3McR5kGvCHXxS5Cb5aiM_Anoc0QzGT324zxyatCS5DdC_bgo7AdfTCGP0NmhH_1w6D_CP_iD5_gyNEclysc54_uQRN-OMB_-4DwqE35YofbxB2ccok-O9IHPXLiSLIfWiiilC-nDhXh-3MeFcy9-TGccnMeuI18kaM9ShCnKH040Jiwq9QGv57gsfDuu6UJ4NDuEHDdDfMmFR9dwf8TRfBFRKsKD52h2I1S2-OgP50PuoLp0PEcYhUNFH_oI_kfDC7EPC-Pxwf2EPseVCZ_wCA_-y3gmZkX4HiJzhMetYLpwg3nSIG8OHpVkK7CkFKN0XNCPK8QzIt_hP0R_7HVwhR7RJEGWG4dmZTl8HZd2XIsTNAxlIUdPMJkcvMd3JvhQ6TMaRlmOH8l75NHRUEJ14UwS3Ad3_HiWJjh5TBaTI8yz4-TwLIemLrBGxDde4_gRrWONOjghRfG24coPjdTx5KhzTCny4XeIhkfJ4-eDb_nRhMlxeMxy1EcuDVd6vEfzHBqPB3kiok9xRS-qJ0zwXArqFGGq8Dj7IfkjvMKlzEcfHk2dCf9xRuFxDf-RT8Qfw_twZh-ergijEuXRG8ZHFDlr_BC54sePLw-0OMVEfEfOPMiSGtVxCXp08D8qymjWZ4iT0JjyFD98Hv2LG_3xIY8CNTvK49mH2HvRCw4VVii-_Oi1GGF-_IQu8TiPBiUDfTxxEyWzH82P_OhzNDrihkdNGc2Rk2hIofiFptSxX3h3_HiE9IW4IzjR-LiPHz_CVMwxrxB_tETOEGFuoaJw_Kjv4IGj4SbEfEZfokfzNUcu9AvS68bfwULpQz3CH-bhH5c--LiG5sjFovkDjcRz9PCDdruDF0cP8zjEJ0WvHXEYlMQXZQpOH_Af9HhGNKF6dMWTo_cRWT10tLcQXocViSh3XEH-Yjqs2xCZJMpR60J1NE9xnvgOOzze4xQRZj96_CiPfSRR6bgvvDrKw1mHZJyOfMePXsO2JTPaHD3SPYZqyUKYL3hj_CgnFl7SY0f8HV2DkzlWZcOZHGFGBn125Di0M3CjYUpxBif0g5VJxFNTXEPDCtWJ8AUT6EWZ7IJtOI-MP4HdQ4rU43OD60MziYnRa9CjnUTIwxfYt3BuYUyK46Es-OHxTUR-QlcT9EeeB0_XMqi25EVPvMY3tGi-4CKfIMylVOiaoTm6BhczBSctIqx0_BLhK0ePU8e9oeQVPKSD9NBu_OjhR2rgH2UjjIe2iT6aH3mGWrQKf9iOC5eP68gPHV-CfDn64-HRB-5x3NLxw9_hKU0RWgnxQ6OOxsmMfMKP5kcfnDh-NNnQnciVQ5dy_Mh59Dl84Tp-4hlD9DvyQ1cQP8GLK_GNL8zxa_DxI9ehHw21IbSJvoIfNcgfaD-mI-2O56ie4Bsu9MnhmEf74Sp6bBTCQ9cRhs9RSVLy49ON__BKC1eOWOKhrUeYvMQ_Cb3wfYK7yPiRXD_yLKzQp81xKpOMrhe2OBVyHXqOFF5UC