{"lowlevel":{"average_loudness":0.660025238991,"barkbands":{"dmean":[0.00301125273108,0.00609679939225,0.00237326789647,0.00156139908358,0.00400978000835,0.00154160289094,0.000916996621527,0.000872732256539,0.000768869242165,0.000609595736023,0.000265908922302,0.000461478717625,0.000290757743642,0.0000941430116654,0.000121771518025,0.000092811525974,0.000056358443544,0.0000741036856198,0.0000849741481943,0.0000550141594431,0.0000483479998366,0.000047957226343,0.0000213628773054,0.00000337216783919,0.00000205177957469,0.00000951492438617,0.0000981956618489],"dmean2":[0.00501976674423,0.0101142413914,0.00396467372775,0.002643649932,0.00617725308985,0.00237690028735,0.0013649725588,0.00133233249653,0.00121266173664,0.000937106728088,0.000415052782046,0.000692022731528,0.000438150862465,0.000149039798998,0.000189076250535,0.000140868243761,0.0000877496277099,0.000112048946903,0.000126219252707,0.0000826838440844,0.0000709102750989,0.0000733152337489,0.0000310437644657,0.00000540086512046,0.00000340844258062,0.0000138826380862,0.000133272784296],"dvar":[0.00010417818703,0.000177011170308,0.0000261986951955,0.0000070626665547,0.0000408778068959,0.0000102935964605,0.00000796416406956,0.00000941279358813,0.00000566658536627,0.00000283119425148,5.86298085636e-7,0.00000177957008418,0.00000106187121673,3.08151015815e-8,5.16585068056e-8,3.51891742412e-8,1.20278489391e-8,4.17671053299e-8,5.37560431724e-8,2.69857576285e-8,1.35853808203e-8,2.436597768e-8,2.86076984324e-9,3.74729726416e-11,1.74083837623e-11,4.20172202586e-10,3.21372226608e-8],"dvar2":[0.000253717036685,0.000469353777589,0.0000707427025191,0.0000193319519894,0.0000951694091782,0.0000250924149441,0.0000159425126185,0.0000199032674573,0.000013596255485,0.00000605846753388,0.00000120487561617,0.00000324956090481,0.00000188743115359,7.30277065486e-8,1.20230851053e-7,7.97774859507e-8,2.77209828425e-8,8.6793292553e-8,1.10894298189e-7,6.05036163392e-8,3.13036139232e-8,6.08210015685e-8,6.14880013572e-9,8.76340527922e-11,4.31351204755e-11,8.60100268785e-10,6.56710810176e-8],"max":[0.152631640434,0.157094031572,0.103586889803,0.0380103439093,0.109639137983,0.0791867151856,0.0901157259941,0.0960949510336,0.0881917402148,0.0598851032555,0.0194379463792,0.0811889097095,0.0434855818748,0.00374325294979,0.00648385193199,0.00362386624329,0.00200920877978,0.0062213987112,0.0055196415633,0.00573678966612,0.00239848764613,0.00588228087872,0.000979705597274,0.0000868393981364,0.0000908665388124,0.000341150327586,0.00378174404614],"mean":[0.00274372659624,0.00772596942261,0.00301586603746,0.00213625119068,0.00727693457156,0.00274104415439,0.00165290071163,0.00121843186207,0.00107798608951,0.00097406108398,0.000364928971976,0.000736853689887,0.000437981478171,0.000142502918607,0.000194831562112,0.000139009644045,0.0000922732579056,0.000115555660159,0.000132478016894,0.0000834090460557,0.0000700409218553,0.0000604281158303,0.0000264475638687,0.0000037795462049,0.00000199797682399,0.000012642422007,0.000219990266487],"median":[0.000201752700377,0.00239724060521,0.0010849465616,0.000898808939382,0.00350738875568,0.00104584393557,0.000369560497347,0.000230138393817,0.000277125363937,0.000256677158177,0.000117167641292,0.000246799027082,0.0000900711820577,0.0000654489413137,0.0000877564816619,0.0000501139147673,0.0000393886584789,0.0000362762948498,0.0000392200818169,0.0000252508434642,0.0000203442596103,0.0000133690864459,0.00000519632794749,0.00000124781900013,5.19556351719e-7,0.00000349310994352,0.000112605550385],"min":[8.17113268288e-25,3.96194385038e-24,6.83085406061e-25,2.51646825981e-24,8.55657071282e-24,5.32069010087e-24,4.77300764021e-24,6.63078217175e-24,1.10869730172e-23,1.4814280841e-23,1.01042140458e-23,2.89336162452e-23,1.33088060677e-23,4.16389121659e-23,4.34789270719e-23,5.08513087032e-23,5.7641309038e-23,9.76736838824e-23,1.11954495958e-22,1.24133990842e-22,2.20292070977e-22,3.42996873051e-22,3.61452911329e-22,5.34891970925e-22,9.07492256772e-22,1.23916169307e-21,1.96415732817e-21],"var":[0.0000884367109393,0.000194402397028,0.0000315101715387,0.0000110865066745,0.000104400176497,0.0000232008951571,0.0000234572326008,0.0000176152898348,0.00000797984648671,0.00000579859988648,9.12679581688e-7,0.00000535345816388,0.00000239926521317,5.09248891944e-8,1.0070881018e-7,5.97518692302e-8,2.5031226869e-8,8.50820356391e-8,1.11741044861e-7,4.7957996685e-8,1.979028319e-8,2.48896583344e-8,4.12617184864e-9,5.10799215425e-11,1.88801283635e-11,6.9861816332e-10,9.06001673684e-8]},"barkbands_crest":{"dmean":3.00459885597,"dmean2":4.88135814667,"dvar":6.53479480743,"dvar2":16.491809845,"max":25.3798427582,"mean":10.9192380905,"median":10.2730865479,"min":2.85011720657,"var":16.6236057281},"barkbands_flatness_db":{"dmean":0.0300257056952,"dmean2":0.0453477315605,"dvar":0.000661344267428,"dvar2":0.00149696820881,"max":0.387928694487,"mean":0.161884412169,"median":0.160210371017,"min":0.0399349816144,"var":0.00241266121157},"barkbands_kurtosis":{"dmean":6.30851364136,"dmean2":9.95211601257,"dvar":113.877037048,"dvar2":257.982727051,"max":280.802032471,"mean":11.2086763382,"median":7.94276428223,"min":-1.74188327789,"var":187.650756836},"barkbands_skewness":{"dmean":0.770263314247,"dmean2":1.17885565758,"dvar":0.641071856022,"dvar2":1.38929414749,"max":13.3403100967,"mean":2.30704593658,"median":2.25226736069,"min":-3.33584928513,"var":2.04920554161},"barkbands_spread":{"dmean":6.12454366684,"dmean2":9.21720695496,"dvar":74.9471054077,"dvar2":156.391693115,"max":106.657310486,"mean":16.8905620575,"median":12.7259092331,"min":0.675610482693,"var":187.278564453},"dissonance":{"dmean":0.0235310271382,"dmean2":0.0393357016146,"dvar":0.000557640509214,"dvar2":0.00148466636892,"max":0.500000059605,"mean":0.457503885031,"median":0.465302288532,"min":0.182683989406,"var":0.00108952680603},"dynamic_complexity":4.25732183456,"erbbands":{"dmean":[0.293358325958,1.02168762684,2.39011907578,4.05674219131,10.4002285004,14.7507486343,11.8649864197,13.557012558,12.4556484222,14.3027248383,20.3605041504,17.9928398132,17.1346988678,18.0349979401,11.2996854782,20.3946323395,13.0374078751,5.72311878204,5.4435544014,6.12298631668,4.70318889618,3.00851511955,3.77104902267,4.47246694565,3.66822218895,2.71168637276,2.01598834991,1.93456041813,1.89273536205,1.05320346355,0.53928655386,0.138977408409,0.0353989638388,0.0231414176524,0.0145206805319,0.00843521114439,0.0181705988944,0.0273628458381,0.00995074771345,0.00222512613982],"dmean2":[0.492270052433,1.69205367565,3.96514248848,6.7373919487,16.538728714,23.0587882996,18.6235694885,20.761095047,18.4300556183,21.2957668304,31.2362594604,28.2261295319,27.1448364258,27.0155792236,17.0901737213,30.621887207,19.7026386261,8.90311050415,8.49129104614,9.40572452545,7.12717628479,4.56545734406,5.70138788223,6.56673765182,5.50930643082,4.05583381653,2.9786465168,2.84228515625,2.92570924759,1.57161855698,0.79102063179,0.211005792022,0.0584105327725,0.0384602062404,0.0240875482559,0.0138392848894,0.0263370163739,0.0388737022877,0.013485532254,0.00303676305339],"dvar":[0.572259187698,4.16798210144,26.0693206787,50.7916603088,304.406799316,782.633056641,572.694091797,855.196044922,1032.74145508,2713.86010742,4674.28808594,3275.75268555,2381.72338867,3325.0769043,984.767089844,3982.36181641,1714.5,112.964530945,138.915740967,150.130020142,91.0684127808,35.7283096313,107.169441223,152.925125122,108.451919556,69.5563201904,28.4529705048,20.4800739288,47.9811668396,7.99817037582,1.63124811649,0.0754309073091,0.00483805546537,0.00221997546032,0.000866266724188,0.000270037038717,0.00150184263475,0.00498771620914,0.000393711030483,0.000012764303392],"dvar2":[1.52831089497,10.940908432,70.4138870239,136.788528442,707.598632812,1851.52001953,1383.25756836,2038.27246094,2161.7121582,5131.05175781,10372.9755859,7974.56738281,5697.75732422,6412.60742188,2040.03344727,7575.4375,3274.90625,262.266540527,328.021362305,352.991943359,206.890853882,80.0543746948,233.43107605,299.714691162,228.092269897,161.910339355,65.7548828125,47.3784446716,124.211837769,18.0453529358,3.46222496033,0.156031578779,0.012018090114,0.00550517858937,0.00214486801997,0.000666840234771,0.00305984728038,0.0108976168558,0.00080288812751,0.0000257281499216],"max":[7.92450618744,31.6188220978,116.736816406,113.114807129,364.766662598,522.980224609,649.087097168,903.193359375,793.281982422,1906.07568359,2594.35351562,2377.32348633,1115.75756836,2224.33374023,917.03692627,4189.86279297,1744.50598145,234.254394531,540.495727539,307.689575195,220.072998047,127.154853821,300.732635498,356.3671875,227.990737915,324.194732666,113.974403381,72.9502868652,282.272583008,54.9030685425,25.466085434,4.38149738312,1.46283960342,1.01637852192,0.646485388279,0.371859639883,0.680523812771,2.04551172256,0.369136214256,0.0749059319496],"mean":[0.322009980679,1.37880635262,3.24182677269,6.17652988434,17.5040740967,24.3234653473,19.8123207092,24.3521175385,22.8477993011,23.9194278717,29.8502521515,25.5982990265,24.4269657135,29.0818748474,17.9644947052,34.2554893494,20.9637374878,9.39185714722,8.97571849823,9.6032781601,7.45775604248,5.16505479813,5.93389844894,7.0525894165,5.75853776932,4.07641172409,2.94686293602,2.78303647041,2.37100243568,1.27888321877,0.670261323452,0.171999782324,0.0364130623639,0.0225895382464,0.0143147855997,0.00902816466987,0.0242477115244,0.0391836240888,0.0193079579622,0.00666291639209],"median":[0.0564514584839,0.534761428833,1.34162986279,2.86200046539,7.48266506195,10.216088295,8.32374954224,8.50402832031,6.56415224075,5.20633220673,6.13241481781,6.94707632065,7.28546619415,8.42091751099,7.38317394257,11.1460285187,5.77456378937,4.09314155579,4.41611671448,4.17416191101,2.92612457275,2.30420994759,2.016674757,2.23001503944,1.65060865879,1.20645236969,0.874190866947,0.812496304512,0.524199426174,0.227525889874,0.142370373011,0.0507508032024,0.0118239978328,0.00602989504114,0.00389216048643,0.00313118868507,0.00687410356477,0.00992776080966,0.00754229072481,0.00453516840935],"min":[5.94584974649e-23,7.14582317743e-22,1.37552855628e-21,8.56079104293e-21,1.23712526568e-20,2.99446005651e-20,6.00909685763e-20,3.20454486817e-20,1.09340817572e-19,1.43516663459e-19,2.9546736384e-19,2.92958861085e-19,3.84265305995e-19,5.40717781765e-19,8.71379871211e-19,1.27054176946e-18,7.91658323424e-19,2.28095322745e-18,2.86514457198e-18,3.20629970599e-18,3.47605777941e-18,3.58596237227e-18,4.54202558247e-18,4.37126283041e-18,6.25524029457e-18,6.65738200758e-18,1.05588637391e-17,8.57583635967e-18,1.09914775451e-17,1.15697752278e-17,1.05182011946e-17,1.0944396079e-17,9.28014094659e-18,7.99078392012e-18,6.53596926445e-18,4.3276034105e-18,2.40039066328e-18,9.91132669647e-19,2.59356742501e-19,2.78242781612e-20],"var":[0.511573970318,5.47530460358,31.3430919647,87.1368331909,768.857910156,1661.22290039,1046.26416016,2181.28222656,2793.15649414,6717.7578125,9886.11132812,4473.39111328,3354.75244141,6328.74951172,1654.89660645,13426.5205078,4110.28466797,220.671234131,225.369110107,251.0259552,160.220336914,79.1747512817,207.864379883,313.997833252,233.327453613,115.68662262,43.440700531,28.8199653625,43.8320426941,10.4898309708,2.4254348278,0.121438682079,0.00535214319825,0.00239937566221,0.000945524894632,0.000308659014991,0.00251988857053,0.00743624474853,0.000936207768973,0.0000504567433381]},"erbbands_crest":{"dmean":3.05390262604,"dmean2":4.84804344177,"dvar":7.96298789978,"dvar2":18.0307655334,"max":34.0551834106,"mean":10.2335882187,"median":8.98132419586,"min":2.23671507835,"var":24.9358768463},"erbbands_flatness_db":{"dmean":0.0260029416531,"dmean2":0.0381147265434,"dvar":0.000477424298879,"dvar2":0.000981879536994,"max":0.394010603428,"mean":0.162008583546,"median":0.158183127642,"min":0.0266687590629,"var":0.00194792880211},"erbbands_kurtosis":{"dmean":1.5337677002,"dmean2":2.37888097763,"dvar":6.34347581863,"dvar2":14.425491333,"max":71.2081069946,"mean":1.41157984734,"median":0.40384554863,"min":-1.87808454037,"var":13.1717720032},"erbbands_skewness":{"dmean":0.465306818485,"dmean2":0.68851262331,"dvar":0.222097963095,"dvar2":0.422968417406,"max":6.84836196899,"mean":0.449477136135,"median":0.480804622173,"min":-3.91559553146,"var":0.927872896194},"erbbands_spread":{"dmean":8.48148155212,"dmean2":12.6142606735,"dvar":86.4872741699,"dvar2":192.484329224,"max":134.077285767,"mean":30.4019603729,"median":27.5540847778,"min":1.11099171638,"var":251.262619019},"gfcc":{"cov":[[22659.953125,1238.20178223,-1068.32189941,111.301467896,-360.356842041,-229.558761597,-28.1175441742,-373.985443115,29.1058692932,-99.3404922485,-98.6419448853,121.186531067,-268.219970703],[1238.20178223,1355.89025879,132.161849976,-431.500061035,58.34557724,69.9388046265,-105.905181885,31.8468418121,-90.8841247559,18.2878723145,67.4318847656,-143.821350098,124.517456055],[-1068.32189941,132.161849976,493.390197754,71.5466003418,-38.2136535645,167.676483154,-83.5433273315,135.912826538,-17.9544429779,70.372467041,5.42819404602,-24.8487644196,48.6871261597],[111.301467896,-431.500061035,71.5466003418,465.515655518,84.0199890137,-74.6949081421,119.546714783,-33.1176376343,56.8008766174,-6.84599924088,-36.8226089478,55.0522193909,-94.1093521118],[-360.356842041,58.34557724,-38.2136535645,84.0199890137,246.632415771,46.5836906433,64.6038513184,-20.474199295,-12.6455860138,-24.2654151917,19.629699707,-13.6102104187,24.2231578827],[-229.558761597,69.9388046265,167.676483154,-74.6949081421,46.5836906433,313.498962402,-30.827922821,98.1065063477,-57.4649658203,32.0737113953,14.3792285919,-9.71458911896,58.7106170654],[-28.1175441742,-105.905181885,-83.5433273315,119.546714783,64.6038513184,-30.827922821,254.827026367,-31.6682453156,67.312713623,-26.825138092,-16.8263473511,48.9233970642,-45.6112174988],[-373.985443115,31.8468418121,135.912826538,-33.1176376343,-20.474199295,98.1065063477,-31.6682453156,222.789962769,27.6413822174,68.507270813,26.1151294708,-36.9139862061,59.3159751892],[29.1058692932,-90.8841247559,-17.9544429779,56.8008766174,-12.6455860138,-57.4649658203,67.312713623,27.6413822174,212.293365479,61.4056816101,-21.1896076202,59.464717865,-32.6782798767],[-99.3404922485,18.2878723145,70.372467041,-6.84599924088,-24.2654151917,32.0737113953,-26.825138092,68.507270813,61.4056816101,113.56401062,47.5533332825,-2.36325359344,8.11348342896],[-98.6419448853,67.4318847656,5.42819404602,-36.8226089478,19.629699707,14.3792285919,-16.8263473511,26.1151294708,-21.1896076202,47.5533332825,91.0048980713,7.51633310318,15.778181076],[121.186531067,-143.821350098,-24.8487644196,55.0522193909,-13.6102104187,-9.71458911896,48.9233970642,-36.9139862061,59.464717865,-2.36325359344,7.51633310318,119.28502655,16.3901538849],[-268.219970703,124.517456055,48.6871261597,-94.1093521118,24.2231578827,58.7106170654,-45.6112174988,59.3159751892,-32.6782798767,8.11348342896,15.778181076,16.3901538849,142.351089478]],"icov":[[0.000107408319309,-0.000402313016821,0.000665491155814,-0.00067562359618,0.000550348253455,-0.000403672456741,0.000249542557867,-0.0000820574423415,0.0000238523971348,-0.0000427637423854,0.000151332162204,-0.000276198057691,0.0000899483493413],[-0.000402313016821,0.00312761589885,-0.00366647797637,0.00423768674955,-0.00280646746978,0.00204187561758,-0.00143829756416,0.00126383954193,-0.000727884180378,0.000649124442134,-0.00171874568332,0.0029280136805,-0.00114102486987],[0.000665491155814,-0.00366647797637,0.00874558836222,-0.00761577440426,0.00586201762781,-0.00524452514946,0.00275447475724,-0.00131485168822,-0.000321811530739,-0.000626138062216,0.000778871471994,-0.000818743603304,-0.000999227981083],[-0.00067562359618,0.00423768674955,-0.00761577440426,0.0125049706548,-0.00970827881247,0.007241260726,-0.00300061632879,-0.00180991995148,0.00481536751613,-0.00506121153012,0.00575331225991,-0.00505430204794,0.00568840606138],[0.000550348253455,-0.00280646746978,0.00586201762781,-0.00970827881247,0.0140489535406,-0.00780848693103,0.000342299928889,0.00429926160723,-0.0075007355772,0.00848770048469,-0.0101591506973,0.00955758988857,-0.00796327274293],[-0.000403672456741,0.00204187561758,-0.00524452514946,0.007241260726,-0.00780848693103,0.00981000624597,-0.0016057578614,-0.00394314201549,0.00706117181107,-0.00674309954047,0.00723052211106,-0.00693661719561,0.00444815168157],[0.000249542557867,-0.00143829756416,0.00275447475724,-0.00300061632879,0.000342299928889,-0.0016057578614,0.00669925892726,-0.0012066232739,-0.001419722219,0.0018331623869,0.000332901516231,-0.0027809557505,0.00190872489475],[-0.0000820574423415,0.00126383954193,-0.00131485168822,-0.00180991995148,0.00429926160723,-0.00394314201549,-0.0012066232739,0.0119119202718,-0.00792310293764,0.00393898319453,-0.00899924058467,0.0123408772051,-0.00892921257764],[0.0000238523971348,-0.000727884180378,-0.000321811530739,0.00481536751613,-0.0075007355772,0.00706117181107,-0.001419722219,-0.00792310293764,0.0201403927058,-0.0185626298189,0.0190729387105,-0.0184459164739,0.010877081193],[-0.0000427637423854,0.000649124442134,-0.000626138062216,-0.00506121153012,0.00848770048469,-0.00674309954047,0.0018331623869,0.00393898319453,-0.0185626298189,0.0319909192622,-0.0249903909862,0.0165782887489,-0.00872089900076],[0.000151332162204,-0.00171874568332,0.000778871471994,0.00575331225991,-0.0101591506973,0.00723052211106,0.000332901516231,-0.00899924058467,0.0190729387105,-0.0249903909862,0.0355902016163,-0.0221516992897,0.0123373540118],[-0.000276198057691,0.0029280136805,-0.000818743603304,-0.00505430204794,0.00955758988857,-0.00693661719561,-0.0027809557505,0.0123408772051,-0.0184459164739,0.0165782887489,-0.0221516992897,0.0331635735929,-0.0174843221903],[0.0000899483493413,-0.00114102486987,-0.000999227981083,0.00568840606138,-0.00796327274293,0.00444815168157,0.00190872489475,-0.00892921257764,0.010877081193,-0.00872089900076,0.0123373540118,-0.0174843221903,0.0197872892022]],"mean":[-49.0466918945,108.011451721,-83.3089752197,1.8514175415,-20.8507499695,-22.2687530518,1.05881381035,-25.5772972107,-6.98411130905,-12.2286281586,-8.45957565308,0.532650232315,-8.19897460938]},"hfc":{"dmean":19.6524391174,"dmean2":29.5051631927,"dvar":660.558227539,"dvar2":1506.60913086,"max":543.441894531,"mean":66.148475647,"median":54.8263931274,"min":1.08925141529e-16,"var":3120.68969727},"melbands":{"dmean":[0.0022197489161,0.00119609001558,0.000781861017458,0.000950650544837,0.000450327730505,0.000298252823995,0.000188976817299,0.000156288195285,0.000169632476172,0.000110842927825,0.0000855797916302,0.0000771553895902,0.0000354567200702,0.0000518438282597,0.000043481868488,0.000023281754693,0.0000101702935353,0.00000888618069439,0.00000888016165845,0.00000722280356058,0.00000547817762708,0.0000034767924717,0.00000302527428175,0.00000384730219594,0.00000386833289667,0.00000316463047056,0.00000215894078792,0.00000185242492989,0.00000129949773964,0.00000125879955704,0.00000112048769552,0.0000011950901353,7.88389286299e-7,5.2890391089e-7,3.46694349673e-7,1.92628306195e-7,4.42720633487e-8,2.42583411136e-8,2.1303270259e-8,1.8868457019e-8],"dmean2":[0.00368251604959,0.00197323109023,0.00128810992464,0.0014816535404,0.000698656600434,0.00045399137889,0.000280662265141,0.000232729798881,0.00026005867403,0.000174822605914,0.000136158094392,0.000116015973617,0.0000547578674741,0.0000770983315306,0.0000657963828417,0.000036339948565,0.0000160992640303,0.0000140324127642,0.000013727588339,0.0000111031304186,0.0000084278626673,0.00000545204511582,0.00000469088945465,0.0000059182170844,0.0000057755587477,0.00000480184780827,0.00000331996011482,0.0000028236088383,0.00000197896861209,0.00000188382614397,0.00000167651671745,0.00000187679438568,0.00000120905542644,7.97015331955e-7,5.14863586432e-7,2.8828767995e-7,7.05486158381e-8,4.03899917956e-8,3.54506788369e-8,3.13664010321e-8],"dvar":[0.0000293665361824,0.0000055126706684,0.00000158072282375,0.0000025205174552,6.76709930758e-7,3.89563894032e-7,2.63903814357e-7,3.31672566745e-7,3.20534326193e-7,1.35549214519e-7,5.94173066304e-8,6.32907770637e-8,8.94699248022e-9,2.28300471861e-8,1.49577115138e-8,3.92050392151e-9,3.71510378017e-10,4.3635658975e-10,2.76993428194e-10,2.15652953828e-10,1.22825735693e-10,4.73503493359e-11,6.16307282986e-11,1.23141441488e-10,1.20875795484e-10,8.0030107541e-11,4.54881306233e-11,3.3572696706e-11,1.2874180888e-11,8.71680332082e-12,6.90714889798e-12,2.20093283876e-11,5.17408685341e-12,2.15052498378e-12,7.13063939492e-13,1.81581366696e-13,6.43637636136e-15,2.44584426937e-15,1.88988318301e-15,1.47806645785e-15],"dvar2":[0.0000767189121689,0.0000146604343172,0.00000418932677348,0.00000597182133788,0.0000015903970052,9.33382807489e-7,5.47417869257e-7,6.34207481198e-7,7.17529303529e-7,3.34421713433e-7,1.41961976396e-7,1.21686412058e-7,1.87192732426e-8,4.19361683157e-8,3.11214094495e-8,8.74312711119e-9,8.68651039987e-10,1.04146957725e-9,6.38536168385e-10,5.00955998906e-10,2.83752715768e-10,1.12105706662e-10,1.46066658768e-10,2.6048810331e-10,2.4837457091e-10,1.75229622479e-10,1.00685342008e-10,8.28696972155e-11,3.02364626392e-11,2.01865208577e-11,1.62650413971e-11,5.82024671514e-11,1.2275747259e-11,4.93101609891e-12,1.56540871845e-12,3.8183884765e-13,1.48664599104e-14,6.07310934127e-15,4.68872208041e-15,3.66387108302e-15],"max":[0.0583578646183,0.0556902512908,0.0191800147295,0.0293398089707,0.0175955947489,0.0179093442857,0.0139974234626,0.0234061218798,0.0235132277012,0.0163659285754,0.00562143838033,0.00987402442843,0.00227086734958,0.00846772361547,0.00519334897399,0.00172012113035,0.000391474924982,0.00102544412948,0.000639781123027,0.000352149480022,0.000227167707635,0.000144524688949,0.000186172299436,0.000362403137842,0.000314529635943,0.000190552469576,0.000186140852747,0.000244701077463,0.0000855341786519,0.0000883427710505,0.0000387056825275,0.000195224114577,0.0000674079856253,0.0000238648681261,0.0000178693335329,0.00000688409227223,0.00000126904569697,0.00000103470335944,9.29058103338e-7,8.31956981528e-7],"mean":[0.00263854465447,0.00175018713344,0.00132298481185,0.00164215697441,0.000767636403907,0.000544641749002,0.000347431458067,0.000250835786574,0.000244846509304,0.000153416985995,0.000119660166092,0.000121141354612,0.0000517649350513,0.0000828654301586,0.0000722131298971,0.0000341909180861,0.0000152473858179,0.0000136085054692,0.0000142260305438,0.0000107357573143,0.00000830997396406,0.00000554870666747,0.00000450614561487,0.00000583523024034,0.00000575090552957,0.00000480652170154,0.00000315656802741,0.00000262709454546,0.00000180011443263,0.00000179365110853,0.00000153004475578,0.0000014639250594,9.3489916253e-7,6.2374533627e-7,4.20487225483e-7,2.35111969005e-7,4.99653367569e-8,2.32326531346e-8,2.04921200009e-8,1.82744201993e-8],"median":[0.000639844452962,0.000817766645923,0.000677968841046,0.000740655930713,0.000331946182996,0.000192960345885,0.0000950198809733,0.0000522408008692,0.0000483739131596,0.0000404940183216,0.0000335235090461,0.0000317216399708,0.0000186214747373,0.0000273831265076,0.0000213096409425,0.00000799043300503,0.00000645369163976,0.00000628193447483,0.00000618911326455,0.00000404963248002,0.00000318494357998,0.00000240410781771,0.00000148161132074,0.00000175851096174,0.00000176860339707,0.00000134417859954,8.45066210786e-7,7.67174469729e-7,5.27035012965e-7,4.9419276138e-7,4.42564640935e-7,3.18480317674e-7,1.63995764524e-7,1.01614276105e-7,8.64045262006e-8,5.5574361113e-8,1.66960489878e-8,5.76579495259e-9,5.12518827378e-9,4.66777017039e-9],"min":[1.41487468998e-24,1.18785038222e-24,1.40843087968e-24,9.94531832962e-25,1.72139034179e-24,8.22823487254e-25,1.67795171605e-24,1.50597027655e-24,2.67583985634e-24,1.5787936752e-24,1.74779529123e-24,2.4078361967e-24,2.20417932946e-24,3.24190376217e-24,2.51620833014e-24,1.46298564026e-24,3.39113948215e-24,4.03697241107e-24,2.7942606972e-24,3.92297609381e-24,3.28483534757e-24,2.69931852624e-24,3.20531126579e-24,4.14976847647e-24,3.16928951028e-24,3.3336476938e-24,3.63244848318e-24,4.30504036287e-24,5.79741255096e-24,4.2226836788e-24,4.94740703698e-24,5.36870885303e-24,4.37995611646e-24,4.6819932077e-24,6.22891946612e-24,4.6601453105e-24,5.87238194709e-24,6.28475661871e-24,5.57326797994e-24,5.63031958389e-24],"var":[0.0000286822178168,0.00000731230056772,0.00000316068394568,0.00000601494411967,0.00000138066650379,0.00000100483737242,7.26812061203e-7,7.25408824565e-7,6.84843030285e-7,1.70209062844e-7,8.36640055013e-8,1.19986609093e-7,1.48743524164e-8,6.65657964305e-8,5.23894740923e-8,7.6508346325e-9,6.24833684792e-10,6.26816376581e-10,5.99353289221e-10,3.45354522757e-10,2.06685765725e-10,9.24366277966e-11,1.09188505459e-10,2.35975100571e-10,2.21570053971e-10,1.64023239435e-10,8.35313276881e-11,4.84807402557e-11,1.87391022838e-11,1.2833558001e-11,9.15234121129e-12,1.86831262267e-11,6.01802939079e-12,2.72701392717e-12,1.0008365664e-12,2.74774858899e-13,8.91514967183e-15,2.62365596676e-15,2.03234501914e-15,1.5970458937e-15]},"melbands_crest":{"dmean":4.01730537415,"dmean2":6.58872175217,"dvar":14.6244792938,"dvar2":36.1011619568,"max":38.612361908,"mean":14.7368879318,"median":13.7638139725,"min":1.00154745579,"var":33.3002662659},"melbands_flatness_db":{"dmean":0.0371091142297,"dmean2":0.0554941110313,"dvar":0.00100980349816,"dvar2":0.00219364603981,"max":0.54569119215,"mean":0.27116549015,"median":0.274888634682,"min":-3.45146169423e-8,"var":0.00492038624361},"melbands_kurtosis":{"dmean":9.22388744354,"dmean2":14.6887979507,"dvar":345.12399292,"dvar2":854.575012207,"max":495.879852295,"mean":14.5603551865,"median":8.75186729431,"min":-1.85201954842,"var":526.263427734},"melbands_skewness":{"dmean":0.910021662712,"dmean2":1.39466106892,"dvar":1.02947258949,"dvar2":2.38741350174,"max":19.7288818359,"mean":2.61623454094,"median":2.41502380371,"min":-3.03916788101,"var":2.91650938988},"melbands_spread":{"dmean":6.36805725098,"dmean2":9.67351055145,"dvar":140.405151367,"dvar2":297.104827881,"max":167.114944458,"mean":16.3605098724,"median":10.5737533569,"min":0.503601431847,"var":437.225280762},"mfcc":{"cov":[[9785.53808594,1344.64550781,-530.048217773,579.85559082,-347.830993652,350.111236572,-292.594177246,181.207275391,-161.168869019,84.6307144165,47.17029953,-9.43571472168,35.4234886169],[1344.64550781,1785.20214844,102.74621582,-318.078613281,137.725067139,-86.1930999756,130.634170532,-151.985900879,25.3182621002,-54.1930122375,24.7322406769,-40.5639610291,-28.3257694244],[-530.048217773,102.74621582,537.797180176,-122.794670105,98.6328887939,-53.2708282471,36.8151321411,-38.7924766541,71.1761169434,5.3174366951,38.6380958557,30.4091529846,2.37518286705],[579.85559082,-318.078613281,-122.794670105,581.873474121,-106.249229431,114.261863708,-80.2980575562,93.6943206787,-43.8944702148,42.0870704651,6.85109233856,17.5289039612,-2.46218132973],[-347.830993652,137.725067139,98.6328887939,-106.249229431,268.794372559,-22.9536724091,102.355552673,-53.6485748291,40.0421943665,-9.33246994019,-5.49348974228,3.82442831993,8.34879589081],[350.111236572,-86.1930999756,-53.2708282471,114.261863708,-22.9536724091,243.867446899,3.58743619919,88.4873809814,-16.3265209198,2.31369566917,-30.7537269592,3.75588989258,24.8120269775],[-292.594177246,130.634170532,36.8151321411,-80.2980575562,102.355552673,3.58743619919,268.327362061,-4.61261034012,9.40940284729,-26.7704544067,7.35708332062,-14.6063528061,-42.5766525269],[181.207275391,-151.985900879,-38.7924766541,93.6943206787,-53.6485748291,88.4873809814,-4.61261034012,150.820922852,33.5851478577,26.0227565765,-16.1177177429,-0.407664984465,20.9206695557],[-161.168869019,25.3182621002,71.1761169434,-43.8944702148,40.0421943665,-16.3265209198,9.40940284729,33.5851478577,166.745834351,24.399980545,2.38772368431,31.0510177612,25.0022392273],[84.6307144165,-54.1930122375,5.3174366951,42.0870704651,-9.33246994019,2.31369566917,-26.7704544067,26.0227565765,24.399980545,106.737815857,57.204460144,7.5656876564,4.3237285614],[47.17029953,24.7322406769,38.6380958557,6.85109233856,-5.49348974228,-30.7537269592,7.35708332062,-16.1177177429,2.38772368431,57.204460144,128.805389404,37.5590400696,-2.76701712608],[-9.43571472168,-40.5639610291,30.4091529846,17.5289039612,3.82442831993,3.75588989258,-14.6063528061,-0.407664984465,31.0510177612,7.5656876564,37.5590400696,95.7281036377,44.4456100464],[35.4234886169,-28.3257694244,2.37518286705,-2.46218132973,8.34879589081,24.8120269775,-42.5766525269,20.9206695557,25.0022392273,4.3237285614,-2.76701712608,44.4456100464,94.4553222656]],"icov":[[0.000162984768394,-0.000199721951503,0.000105798208097,-0.000132263157866,0.0000803040602477,-0.000144330100738,0.000179621230927,-0.000194779160665,0.000124490368762,-0.0000741720141377,-0.0000584062145208,-0.0000753823042032,0.0000319993778248],[-0.000199721951503,0.000933816132601,-0.000128820058308,0.000379080651328,-0.000141313299537,0.0000340225087712,-0.000409838045016,0.000855184684042,-0.000428691098932,0.000391224399209,-0.00030513870297,0.00061641872162,-0.000205964417546],[0.000105798208097,-0.000128820058308,0.00227887136862,0.000194484236999,-0.000556578626856,-0.0000191126837308,0.000237136569922,0.00001551790956,-0.000679358199704,0.000207913384656,-0.000687481486239,-0.000451805040939,0.000389890861697],[-0.000132263157866,0.000379080651328,0.000194484236999,0.0025166941341,0.0000873778408277,-0.0005781907239,0.000400411518058,-0.000761558243539,0.000541294692084,-0.000523791532032,0.0000479552727484,-0.000933137838729,0.00103850581218],[0.0000803040602477,-0.000141313299537,-0.000556578626856,0.0000873778408277,0.00565471407026,-0.00044156020158,-0.00221970234998,0.00257614348084,-0.00109356245957,-0.00111395656131,0.00109021167737,0.000445814745035,-0.0018485612236],[-0.000144330100738,0.0000340225087712,-0.0000191126837308,-0.0005781907239,-0.00044156020158,0.0060954131186,-0.000623225409072,-0.00317605491728,0.00138324021827,-0.000154538778588,0.00137933786027,-0.000693094916642,-0.00108240370173],[0.000179621230927,-0.000409838045016,0.000237136569922,0.000400411518058,-0.00221970234998,-0.000623225409072,0.00575825897977,-0.00205355603248,0.000122491197544,0.00197164341807,-0.001602733857,-0.000392446527258,0.00323958089575],[-0.000194779160665,0.000855184684042,0.00001551790956,-0.000761558243539,0.00257614348084,-0.00317605491728,-0.00205355603248,0.012677189894,-0.00357658741996,-0.00239789066836,0.00137922528666,0.00236391136423,-0.00283307721838],[0.000124490368762,-0.000428691098932,-0.000679358199704,0.000541294692084,-0.00109356245957,0.00138324021827,0.000122491197544,-0.00357658741996,0.00872225873172,-0.00254296907224,0.00201004906558,-0.0034405128099,-0.0000779317051638],[-0.0000741720141377,0.000391224399209,0.000207913384656,-0.000523791532032,-0.00111395656131,-0.000154538778588,0.00197164341807,-0.00239789066836,-0.00254296907224,0.0157496090978,-0.0085927490145,0.00363094150089,-0.000322915380821],[-0.0000584062145208,-0.00030513870297,-0.000687481486239,0.0000479552727484,0.00109021167737,0.00137933786027,-0.001602733857,0.00137922528666,0.00201004906558,-0.0085927490145,0.0145021080971,-0.00683723622933,0.00196565780789],[-0.0000753823042032,0.00061641872162,-0.000451805040939,-0.000933137838729,0.000445814745035,-0.000693094916642,-0.000392446527258,0.00236391136423,-0.0034405128099,0.00363094150089,-0.00683723622933,0.0184241086245,-0.00848285015672],[0.0000319993778248,-0.000205964417546,0.000389890861697,0.00103850581218,-0.0018485612236,-0.00108240370173,0.00323958089575,-0.00283307721838,-0.0000779317051638,-0.000322915380821,0.00196565780789,-0.00848285015672,0.0171505715698]],"mean":[-707.695678711,166.210144043,-6.06723880768,36.8419494629,-8.82060527802,18.0960102081,-1.64334392548,6.22952365875,-4.34915733337,-2.32625985146,-3.42940950394,-3.22739243507,-0.110863268375]},"pitch_salience":{"dmean":0.0807176455855,"dmean2":0.131758332253,"dvar":0.00550800655037,"dvar2":0.0136529458687,"max":0.996067523956,"mean":0.577324688435,"median":0.591373801231,"min":0.0639013722539,"var":0.0145292170346},"silence_rate_20dB":{"dmean":0,"dmean2":0,"dvar":0,"dvar2":0,"max":1,"mean":1,"median":1,"min":1,"var":0},"silence_rate_30dB":{"dmean":0.0389817878604,"dmean2":0.0779718756676,"dvar":0.0374656543136,"dvar2":0.0853171497583,"max":1,"mean":0.960702896118,"median":1,"min":0,"var":0.0377536714077},"silence_rate_60dB":{"dmean":0.0247097667307,"dmean2":0.0494247972965,"dvar":0.024098964408,"dvar2":0.0512415729463,"max":1,"mean":0.122257724404,"median":0,"min":0,"var":0.107317537069},"spectral_centroid":{"dmean":239.417831421,"dmean2":338.329681396,"dvar":139643.5625,"dvar2":227935.65625,"max":11948.578125,"mean":970.001281738,"median":660.6953125,"min":179.676849365,"var":1423729},"spectral_complexity":{"dmean":3.16391515732,"dmean2":4.64337444305,"dvar":13.3378238678,"dvar2":26.0013599396,"max":54,"mean":13.4564428329,"median":13,"min":0,"var":61.7835845947},"spectral_contrast_coeffs":{"dmean":[0.0576382428408,0.0486598722637,0.039653558284,0.0308697372675,0.0240742806345,0.0557662472129],"dmean2":[0.0925580188632,0.0791015848517,0.0640395507216,0.049521882087,0.0380337052047,0.0832426697016],"dvar":[0.00211795000359,0.00154836091679,0.00103827298153,0.000620478822384,0.000407118961448,0.00235062325373],"dvar2":[0.00527924532071,0.00391186680645,0.00259338878095,0.00154539756477,0.000975573551841,0.00497363461182],"max":[-0.291858226061,-0.46313098073,-0.505788683891,-0.535947203636,-0.655015289783,-0.372229367495],"mean":[-0.644415616989,-0.754085302353,-0.788928151131,-0.806589484215,-0.822403848171,-0.724734723568],"median":[-0.642952680588,-0.758518815041,-0.792585372925,-0.809693574905,-0.822407245636,-0.736209750175],"min":[-0.980935394764,-0.992913961411,-0.997567474842,-0.986586391926,-0.987943947315,-0.965520143509],"var":[0.00974371377379,0.00568968243897,0.0039337836206,0.00251973397098,0.00158623594325,0.00897400267422]},"spectral_contrast_valleys":{"dmean":[0.438581258059,0.386521100998,0.352179855108,0.342021524906,0.379185438156,0.714796900749],"dmean2":[0.697414278984,0.597552061081,0.531861782074,0.491267472506,0.515798687935,1.14439642429],"dvar":[0.161723077297,0.124601259828,0.11143091321,0.11469937861,0.157337263227,0.365634143353],"dvar2":[0.332942008972,0.243665158749,0.204210698605,0.199218451977,0.246539518237,0.88468170166],"max":[-5.11860466003,-4.47379112244,-5.43305683136,-6.07356500626,-5.68700933456,-8.81450080872],"mean":[-7.25319719315,-6.94776678085,-7.51500701904,-8.15505981445,-8.30513095856,-11.7126817703],"median":[-6.79783439636,-6.55119895935,-7.125664711,-7.76868057251,-7.99204015732,-11.4482355118],"min":[-28.4179706573,-27.9548206329,-27.7322235107,-27.7286510468,-27.5325298309,-27.4056987762],"var":[5.30375528336,5.30420827866,4.936855793,4.65430212021,4.66154098511,3.70536732674]},"spectral_decrease":{"dmean":3.68448005439e-9,"dmean2":5.76793279805e-9,"dvar":3.76873677944e-17,"dvar2":9.21265458914e-17,"max":3.11639519746e-10,"mean":-7.87072895747e-9,"median":-5.55749313236e-9,"min":-6.87927439458e-8,"var":6.85666023962e-17},"spectral_energy":{"dmean":0.0145949851722,"dmean2":0.0225743725896,"dvar":0.000566222530324,"dvar2":0.00136470771395,"max":0.273837774992,"mean":0.035705819726,"median":0.0269534029067,"min":1.00172016467e-20,"var":0.00118789670523},"spectral_energyband_high":{"dmean":0.000217612963752,"dmean2":0.000300773390336,"dvar":2.23473520577e-7,"dvar2":4.88438786306e-7,"max":0.010897833854,"mean":0.000382699741749,"median":0.00015084540064,"min":7.06188888199e-21,"var":4.11017879287e-7},"spectral_energyband_low":{"dmean":0.00968601554632,"dmean2":0.0158472210169,"dvar":0.000406849838328,"dvar2":0.00104107731022,"max":0.22090819478,"mean":0.0138890994713,"median":0.00623875623569,"min":2.25810487486e-23,"var":0.000477698980831},"spectral_energyband_middle_high":{"dmean":0.00138687773142,"dmean2":0.00197632214986,"dvar":0.00000573985653318,"dvar2":0.0000118823645607,"max":0.0829462707043,"mean":0.00320959370583,"median":0.00198441930115,"min":1.20170127614e-21,"var":0.0000197024492081},"spectral_energyband_middle_low":{"dmean":0.00660031009465,"dmean2":0.0098570715636,"dvar":0.0000843296438688,"dvar2":0.000185843906365,"max":0.156312867999,"mean":0.0163929127157,"median":0.0110558792949,"min":1.75205678883e-22,"var":0.00030724145472},"spectral_entropy":{"dmean":0.243496328592,"dmean2":0.348024070263,"dvar":0.0502782426775,"dvar2":0.0952556505799,"max":9.82726478577,"mean":7.25173568726,"median":7.24568462372,"min":5.08962345123,"var":0.257685601711},"spectral_flux":{"dmean":0.0295116622001,"dmean2":0.047607537359,"dvar":0.00144918542355,"dvar2":0.00352185103111,"max":0.477956414223,"mean":0.0947785675526,"median":0.0881988033652,"min":6.48619560839e-11,"var":0.00364426476881},"spectral_kurtosis":{"dmean":4.80803823471,"dmean2":7.28276968002,"dvar":32.4126243591,"dvar2":74.0074539185,"max":80.619392395,"mean":16.410823822,"median":14.3419885635,"min":-1.24810683727,"var":80.804977417},"spectral_rms":{"dmean":0.00106919859536,"dmean2":0.00157794938423,"dvar":0.00000176361947979,"dvar2":0.00000382038751923,"max":0.0163449943066,"mean":0.00518099730834,"median":0.00512796314433,"min":3.12616057173e-12,"var":0.00000799218560132},"spectral_rolloff":{"dmean":3161.79858398,"dmean2":5963.69189453,"dvar":42016648,"dvar2":100493856,"max":22006.9335938,"mean":5299.55029297,"median":1055.12695312,"min":43.06640625,"var":66014296},"spectral_skewness":{"dmean":0.419752120972,"dmean2":0.602987527847,"dvar":0.190273627639,"dvar2":0.388639062643,"max":7.05663728714,"mean":2.68991327286,"median":2.62467360497,"min":-0.088498853147,"var":0.758090317249},"spectral_spread":{"dmean":561232.0625,"dmean2":847221.5,"dvar":633410093056,"dvar2":1195447418880,"max":46969944,"mean":4102837.25,"median":3742858,"min":1358895.375,"var":13741117669400},"spectral_strongpeak":{"dmean":0.881274461746,"dmean2":1.5855140686,"dvar":14.4034986496,"dvar2":40.7887992859,"max":116.813194275,"mean":0.975577414036,"median":0.389730930328,"min":0,"var":9.67939281464},"zerocrossingrate":{"dmean":0.0343552082777,"dmean2":0.0424664765596,"dvar":0.00101189222187,"dvar2":0.00139362027403,"max":0.66015625,"mean":0.196961686015,"median":0.1796875,"min":0.0166015625,"var":0.00761961378157}},"metadata":{"audio_properties":{"analysis_sample_rate":44100,"bit_rate":192000,"codec":"mp3","downmix":"mix","equal_loudness":0,"length":217.991836548,"lossless":false,"md5_encoded":"a6a48957988d962d3940b9c335d73566","replay_gain":-8.71330451965},"tags":{"album":["The Jethro Tull Christmas Album"],"albumartist":["Jethro Tull"],"albumartistsort":["Jethro Tull"],"artist":["Jethro Tull"],"artistsort":["Jethro Tull"],"asin":["B0002ZMJ5M"],"barcode":["030206134025"],"catalognumber":["302 061 340 2"],"date":["2003-09-30"],"discnumber":["1/1"],"file_name":"06 Jack Frost and the Hooded Crow.mp3","genre":["Rock"],"label":["Fuel 2000 Records"],"language":["eng"],"media":["CD"],"mp3gain_album_minmax":["027,210"],"mp3gain_minmax":["051,210"],"musicbrainz album release country":["US"],"musicbrainz album status":["official"],"musicbrainz album type":["album"],"musicbrainz_albumartistid":["ece57992-dc2e-4f67-a269-fa43626c1a3d"],"musicbrainz_albumid":["c265fa6a-f85e-3f2f-8906-53f7121d2b54"],"musicbrainz_artistid":["ece57992-dc2e-4f67-a269-fa43626c1a3d"],"musicbrainz_recordingid":["52b3cc17-f96b-4970-99cc-f2f36cf2f754"],"originaldate":["2003-09-30"],"replaygain_album_gain":["-7.57 dB"],"replaygain_album_peak":["1.132391"],"replaygain_track_gain":["-7.34 dB"],"replaygain_track_peak":["1.098486"],"script":["Latn"],"title":["Jack Frost and the Hooded Crow"],"tracknumber":["6/16"]},"version":{"essentia":"2.1-beta1","essentia_build_sha":"eef087cf131c10083d474ad51def18efd0e38295","essentia_git_sha":"v2.1_beta1-7-ge0e83e8-dirty","extractor":"music 1.0"}},"rhythm":{"beats_count":358,"beats_loudness":{"dmean":0.0263679791242,"dmean2":0.0450677387416,"dvar":0.000636566954199,"dvar2":0.00177070195787,"max":0.209109738469,"mean":0.0519382171333,"median":0.0476718172431,"min":0,"var":0.00125483330339},"beats_loudness_band_ratio":{"dmean":[0.220827445388,0.165173709393,0.103876270354,0.0643577575684,0.025768255