{"lowlevel":{"average_loudness":0.966463923454,"barkbands":{"dmean":[0.00350809562951,0.0151599561796,0.00457695545629,0.00170149141923,0.00216790568084,0.00126032030676,0.000697682844475,0.000444546807557,0.000937647302635,0.00116950750817,0.00244816741906,0.00176582497079,0.000966160208918,0.000429650535807,0.000368998938939,0.000171318839421,0.000167264224729,0.000118881071103,0.000109481938125,0.000100521909189,0.0000567111273995,0.0000276691371255,0.0000118629886856,0.0000046330223995,0.00000344335194313,0.0000074177460192,0.00028377585113],"dmean2":[0.00596948992461,0.0264291297644,0.00794064812362,0.0028831968084,0.00359777128324,0.00194793276023,0.00113583833445,0.000723699689843,0.00151083769742,0.00192344700918,0.00407519144937,0.00295482412912,0.00164598610718,0.000729404448066,0.00062693352811,0.000289714720566,0.000283937115455,0.000203004048672,0.000179379727342,0.000155096684466,0.0000867943308549,0.0000410991451645,0.0000176985977305,0.00000737140453566,0.00000568524910705,0.0000111565077532,0.000385744322557],"dvar":[0.0000466684832645,0.000770684389863,0.0000416307666455,0.00000591309026277,0.00000971971439867,0.00000754014490667,0.00000118462810406,8.38133757952e-7,0.00000265714061243,0.00000366950098396,0.000010591692444,0.00000604182332609,0.00000137124629873,2.35395177128e-7,1.83304777579e-7,5.14972668952e-8,5.93910591817e-8,5.50282202028e-8,3.99107200622e-8,3.45676589575e-8,9.26032139859e-9,2.24406293547e-9,6.3709132414e-10,4.63021287977e-11,2.9916073091e-11,1.58471777367e-10,4.19215808733e-7],"dvar2":[0.000118056501378,0.00216610031202,0.000115489128802,0.0000156567366503,0.000025007633667,0.000016967584088,0.00000276038417724,0.0000018946873297,0.00000660627938487,0.00000897621885088,0.0000273784062301,0.0000152997145051,0.00000371874921257,6.3419122398e-7,5.23199275904e-7,1.42765514966e-7,1.63532334341e-7,1.53025325744e-7,1.02362022858e-7,7.51652180497e-8,2.02064427413e-8,4.69376404411e-9,1.16275011841e-9,1.07516648362e-10,7.43951636406e-11,3.09013453714e-10,6.25288919309e-7],"max":[0.0798905640841,0.365593582392,0.0900743603706,0.0558166466653,0.0793777704239,0.0731658563018,0.028703706339,0.0360650122166,0.0519329495728,0.0701778754592,0.0713012889028,0.071968793869,0.0517528429627,0.00850796885788,0.0140257906169,0.00454848026857,0.00410558190197,0.00351770175621,0.00511130318046,0.00545892911032,0.00338728446513,0.0015126693761,0.00130315066781,0.000133317123982,0.0000714120324119,0.00043627541163,0.0246639661491],"mean":[0.00365293212235,0.0180746987462,0.00575218256563,0.00239737750962,0.00401715608314,0.00238925591111,0.00129277736414,0.000730929023121,0.00179605651647,0.00215683039278,0.00458043813705,0.00334357423708,0.00182232121006,0.00089516711887,0.000753999338485,0.000353627838194,0.000343262392562,0.000222720758757,0.000240890571149,0.000239405388129,0.000143354482134,0.0000637876219116,0.000022596655981,0.00000644564534014,0.00000356849272976,0.0000142845101436,0.00102503458038],"median":[0.00152101239655,0.0105796568096,0.0032883270178,0.00138170982245,0.00226084678434,0.00100135535467,0.000756210007239,0.000373908696929,0.0010455272859,0.00145054573659,0.00304828491062,0.00243137404323,0.00152194360271,0.000718305469491,0.000635676260572,0.00028886605287,0.000265395414317,0.000137157534482,0.000143477824167,0.000131105422042,0.0000875092373462,0.0000369272565877,0.0000118968955576,0.00000362220976058,0.0000015852577917,0.00000809874200058,0.000687266350724],"min":[6.18611533106e-26,5.73257567873e-24,5.28439697721e-24,1.46688340199e-24,1.38280374709e-23,1.04165800873e-23,1.25269163263e-23,1.232293504e-23,2.09118001405e-23,2.3730269204e-23,2.13184358491e-23,2.57625437121e-23,4.63969109386e-23,3.46501441265e-23,4.34346656643e-23,4.73037822798e-23,4.56159954404e-23,1.30446998542e-22,1.22001024551e-22,1.94171131979e-22,2.72697931069e-22,3.14910849984e-22,3.48512538014e-22,5.96998977371e-22,9.71925304795e-22,1.15704937602e-21,2.0637233379e-21],"var":[0.0000453552456747,0.000647949695121,0.0000516788386449,0.0000098625314422,0.0000245254614128,0.0000230144032685,0.00000370028533325,0.00000232364641306,0.00000614204873273,0.00000791347883933,0.0000272121997114,0.0000120456725199,0.00000208747974284,4.69858264296e-7,3.11342489567e-7,7.86739349223e-8,9.3915950572e-8,7.26004429907e-8,9.24786220935e-8,1.18750158151e-7,3.15587733724e-8,7.25368787258e-9,1.64891578169e-9,7.29124469134e-11,3.2141143913e-11,4.91130913716e-10,0.00000177539493507]},"barkbands_crest":{"dmean":3.08745145798,"dmean2":5.25569057465,"dvar":7.92225790024,"dvar2":21.7399559021,"max":25.2473373413,"mean":9.27422904968,"median":8.45480632782,"min":2.4386947155,"var":14.635178566},"barkbands_flatness_db":{"dmean":0.0230745654553,"dmean2":0.038100130856,"dvar":0.000444357137894,"dvar2":0.00120469788089,"max":0.362888216972,"mean":0.126931488514,"median":0.12288749218,"min":0.0463333204389,"var":0.00134974054527},"barkbands_kurtosis":{"dmean":2.49242019653,"dmean2":4.19597959518,"dvar":28.5817737579,"dvar2":68.2730712891,"max":231.281967163,"mean":3.68754673004,"median":2.10934448242,"min":-1.88220655918,"var":59.1277961731},"barkbands_skewness":{"dmean":0.540442764759,"dmean2":0.890789687634,"dvar":0.340169787407,"dvar2":0.86141616106,"max":14.3309230804,"mean":1.43277990818,"median":1.30149209499,"min":-2.74238681793,"var":1.03184604645},"barkbands_spread":{"dmean":5.91462516785,"dmean2":9.15017223358,"dvar":48.464679718,"dvar2":103.300788879,"max":129.149246216,"mean":28.3920860291,"median":25.4973564148,"min":1.34632360935,"var":230.668457031},"dissonance":{"dmean":0.0142970271409,"dmean2":0.0247346274555,"dvar":0.000243658316322,"dvar2":0.000695119961165,"max":0.500000119209,"mean":0.478734403849,"median":0.484127491713,"min":0.144333466887,"var":0.000354854797479},"dynamic_complexity":2.03878068924,"erbbands":{"dmean":[0.534723520279,3.1811132431,5.64654684067,5.09363555908,5.60953617096,8.18532085419,11.1233758926,10.0611152649,9.42248439789,9.51855373383,10.5640878677,20.8908214569,32.727809906,55.7877502441,99.0952758789,58.3002204895,46.2609024048,21.8050670624,20.9418849945,12.8177194595,8.91344928741,9.1805639267,6.55264759064,5.53123664856,5.06270360947,4.72028303146,3.00230836868,1.83109772205,1.03189015388,0.650994837284,0.279238581657,0.123593084514,0.0659993365407,0.0385884307325,0.024599891156,0.0152219636366,0.0138057945296,0.0289583522826,0.0364588685334,0.00755643565208],"dmean2":[0.949250757694,5.5197687149,9.76809978485,8.69202613831,9.51989936829,13.7480487823,17.4310970306,15.5959968567,15.2608451843,15.5353574753,17.2625808716,33.5084724426,53.5008850098,91.7844238281,165.216186523,97.5101852417,78.7745513916,36.7089729309,35.5070343018,21.7579650879,15.0014791489,15.5781898499,11.1781368256,9.22021007538,7.99348258972,7.34444618225,4.70346307755,2.78092384338,1.53513205051,0.960711717606,0.420308977365,0.19351555407,0.10627617687,0.0636986643076,0.040524341166,0.0246591363102,0.0203741323203,0.0379053466022,0.047448001802,0.0110084163025],"dvar":[1.30834817886,29.0193080902,65.6841278076,50.5351028442,70.4647827148,154.720809937,607.499633789,501.625335693,235.562820435,304.622894287,386.380249023,1696.12036133,3476.68164062,6754.64697266,20095.9433594,6507.26123047,3473.84716797,588.157531738,603.389160156,258.468078613,142.126617432,194.014205933,170.347366333,101.750602722,88.8358612061,78.9131851196,27.7498970032,10.8536300659,2.82991266251,1.83065187931,0.298849731684,0.0375153943896,0.0094561772421,0.00379205448553,0.00149810395669,0.0004965250846,0.000506721495185,0.012336733751,0.0126233519986,0.000154531240696],"dvar2":[3.72210741043,80.892791748,179.8228302,138.997543335,195.686645508,405.140258789,1353.80505371,1075.3046875,558.530761719,711.045532227,943.764770508,4215.60498047,8819.62890625,15945.9638672,52565.0546875,15362.328125,9438.2109375,1561.52600098,1666.7154541,703.63659668,390.822967529,535.182495117,472.948822021,271.827087402,206.172729492,173.142547607,62.674785614,23.5166988373,5.79038333893,3.44906425476,0.550952851772,0.0807925015688,0.0226608514786,0.00942589063197,0.00372410775162,0.00121177383699,0.000925867527258,0.0212642475963,0.0201056655496,0.000270502467174],"max":[13.1980075836,76.6323013306,100.968833923,134.553283691,163.474990845,380.485229492,676.346984863,592.775695801,428.852996826,673.075256348,597.778686523,1592.73950195,1616.70666504,2805.86791992,4895.61279297,3425.32641602,2801.5,469.531677246,696.249633789,624.309570312,188.118942261,251.397689819,211.948532104,145.150314331,268.96661377,261.751281738,126.335800171,149.56187439,50.0867729187,52.1159706116,26.8494186401,5.43926239014,1.41356563568,0.81170296669,0.501207113266,0.279816955328,0.882124423981,7.71417284012,5.89501667023,0.402110993862],"mean":[0.555952608585,3.86384963989,7.3736577034,7.69768428802,9.92264652252,13.2477178574,19.9739608765,18.4504375458,17.5168247223,17.6763496399,20.1662788391,40.6799163818,61.94713974,105.566619873,195.650436401,124.19190979,91.0133056641,51.4122123718,46.1107063293,28.4763870239,20.239812851,19.364988327,13.0014858246,11.9250898361,12.0273361206,11.1384353638,7.34554052353,4.67717885971,2.47200703621,1.33056902885,0.535533905029,0.196772694588,0.0827299579978,0.0406476669014,0.0259891375899,0.0191473476589,0.0280441902578,0.0732558891177,0.10438400507,0.0325552634895],"median":[0.28247359395,2.15752983093,4.58946371078,4.96187734604,5.37345695496,7.64907169342,8.39290142059,8.07418346405,10.3953971863,9.71473312378,11.3692216873,22.9794425964,39.1902046204,75.5908813477,130.252807617,96.2704544067,76.854598999,43.5891723633,38.4476470947,24.1348209381,16.7764759064,14.9466457367,8.27678108215,7.21698570251,6.92364883423,6.03302621841,4.42575836182,2.883040905,1.47512483597,0.68384373188,0.295798540115,0.112531214952,0.0444798544049,0.0186894163489,0.0119183463976,0.0109687093645,0.0162884145975,0.0366374254227,0.053515356034,0.0268912184983],"min":[1.4937796895e-22,1.32433282144e-21,5.32362981312e-21,6.61527435911e-21,1.87289814242e-20,4.65938560589e-20,5.07256846109e-20,1.09242137509e-19,9.25360488915e-20,1.50031163147e-19,3.47875407801e-19,4.92230832401e-19,7.8153218516e-19,7.97221526634e-19,9.11658086971e-19,1.20405423259e-18,2.22213841115e-18,1.58094263849e-18,2.88632618593e-18,2.40740474128e-18,4.43393127438e-18,3.38385050896e-18,6.5370040674e-18,6.33913584743e-18,7.12220209073e-18,7.45638967565e-18,9.55259769676e-18,1.06766286157e-17,1.06085888745e-17,1.29758896249e-17,1.29038148966e-17,1.18470172178e-17,1.06903209364e-17,9.09641586074e-18,5.87038334764e-18,4.33243249091e-18,2.13502471212e-18,1.06085582688e-18,2.56679520749e-19,2.93141209173e-20],"var":[0.954792499542,26.8234977722,75.8750991821,75.3771896362,174.917724609,307.633300781,1626.11791992,1473.2911377,710.098510742,848.250427246,973.193969727,3637.57885742,7199.13427734,14385.765625,53972.7695312,14704.9013672,5175.69189453,1247.73669434,1152.33898926,435.103637695,227.291748047,302.373443604,229.546569824,193.793945312,263.917297363,266.20513916,88.7014694214,34.7622261047,9.73934459686,5.18329906464,0.794480025768,0.0739372298121,0.012545962818,0.00405882298946,0.00162618909962,0.000617093231995,0.00171739782672,0.0284512992948,0.0404816567898,0.000717370887287]},"erbbands_crest":{"dmean":2.60285401344,"dmean2":4.35563516617,"dvar":5.3807682991,"dvar2":14.3763360977,"max":31.7673339844,"mean":9.18668842316,"median":8.38443088531,"min":2.7568655014,"var":14.4471559525},"erbbands_flatness_db":{"dmean":0.0191105101258,"dmean2":0.0298271812499,"dvar":0.000283922097879,"dvar2":0.000680962228216,"max":0.395850360394,"mean":0.159270614386,"median":0.155660495162,"min":0.0406637117267,"var":0.00157178100199},"erbbands_kurtosis":{"dmean":1.09401297569,"dmean2":1.77206003666,"dvar":1.93648028374,"dvar2":4.88110780716,"max":48.0410041809,"mean":1.78829467297,"median":1.30855739117,"min":-1.55001592636,"var":5.60064983368},"erbbands_skewness":{"dmean":0.301977783442,"dmean2":0.496114253998,"dvar":0.071796245873,"dvar2":0.19205968082,"max":2.50852608681,"mean":-0.0848587453365,"median":-0.0682636797428,"min":-4.18365240097,"var":0.294904500246},"erbbands_spread":{"dmean":4.79744577408,"dmean2":7.68244314194,"dvar":21.0868110657,"dvar2":49.9430427551,"max":95.4561538696,"mean":21.9452438354,"median":20.0344600677,"min":1.02344119549,"var":117.329177856},"gfcc":{"cov":[[15122.2753906,1393.61047363,-1195.99414062,-210.015487671,69.6612014771,-343.743255615,361.298675537,-348.780181885,-5.33485794067,-87.8616027832,39.5189094543,-22.0694999695,21.5852146149],[1393.61047363,876.46697998,-178.087661743,-255.25012207,127.437171936,-59.1853485107,17.3562088013,-74.5019454956,3.38766312599,-20.0420207977,41.9816017151,-42.0181274414,78.2272644043],[-1195.99414062,-178.087661743,326.945892334,121.17905426,-63.5578079224,87.0091171265,-107.092018127,68.6847076416,-14.6046695709,44.1369247437,-2.17408156395,9.81939029694,-1.70313215256],[-210.015487671,-255.25012207,121.17905426,251.492828369,19.297750473,-14.5555419922,36.4973068237,-4.70038604736,17.6860141754,2.06961774826,-14.6277914047,23.6906661987,-48.6649284363],[69.6612014771,127.437171936,-63.5578079224,19.297750473,167.450637817,5.23578023911,71.0865020752,-14.0653848648,-1.60003018379,-22.4605903625,11.5656890869,-16.8662052155,6.89070224762],[-343.743255615,-59.1853485107,87.0091171265,-14.5555419922,5.23578023911,210.357345581,-68.5400619507,77.1950302124,-35.5410346985,1.54040205479,-10.842587471,2.77404475212,13.319237709],[361.298675537,17.3562088013,-107.092018127,36.4973068237,71.0865020752,-68.5400619507,190.303421021,-40.6851615906,62.5991287231,-11.5330343246,1.18803548813,13.6435518265,-26.8165588379],[-348.780181885,-74.5019454956,68.6847076416,-4.70038604736,-14.0653848648,77.1950302124,-40.6851615906,132.462234497,1.00015664101,28.2155323029,8.82174777985,-21.6017856598,21.8568210602],[-5.33485794067,3.38766312599,-14.6046695709,17.6860141754,-1.60003018379,-35.5410346985,62.5991287231,1.00015664101,83.7924728394,25.4143314362,8.63125419617,15.6471920013,-17.8668308258],[-87.8616027832,-20.0420207977,44.1369247437,2.06961774826,-22.4605903625,1.54040205479,-11.5330343246,28.2155323029,25.4143314362,63.3904266357,31.2062511444,6.85356998444,9.35571670532],[39.5189094543,41.9816017151,-2.17408156395,-14.6277914047,11.5656890869,-10.842587471,1.18803548813,8.82174777985,8.63125419617,31.2062511444,57.5245552063,18.2119922638,18.8456764221],[-22.0694999695,-42.0181274414,9.81939029694,23.6906661987,-16.8662052155,2.77404475212,13.6435518265,-21.6017856598,15.6471920013,6.85356998444,18.2119922638,58.448841095,7.30664205551],[21.5852146149,78.2272644043,-1.70313215256,-48.6649284363,6.89070224762,13.319237709,-26.8165588379,21.8568210602,-17.8668308258,9.35571670532,18.8456764221,7.30664205551,61.2142105103]],"icov":[[0.000159286355483,-0.000454016233562,0.000905614928342,-0.00085844687419,0.000762115523685,-0.000279939791653,-0.00019445604994,-0.0000292206514132,0.000534640450496,-0.00049361307174,-0.00000397614894609,0.00011508759053,-0.0000138870982482],[-0.000454016233562,0.00403913808987,-0.00315293553285,0.00488093215972,-0.00412228051573,0.000869683746714,0.00120174593758,0.00269459071569,-0.00415754877031,0.00290843169205,-0.00177770783193,0.00244053243659,-0.00277189910412],[0.000905614928342,-0.00315293553285,0.0122486818582,-0.00963237136602,0.00618292484432,-0.00355044822209,0.00184521113988,-0.00126182055101,0.00319735938683,-0.00653426488861,0.00103350996505,0.000657652271912,-0.000736377493013],[-0.00085844687419,0.00488093215972,-0.00963237136602,0.0157951880246,-0.00981906522065,0.00501753669232,0.000180209448445,-0.000493566971272,-0.00220408197492,0.00257901125588,0.00275886966847,-0.00615110481158,0.00547042721882],[0.000762115523685,-0.00412228051573,0.00618292484432,-0.00981906522065,0.0172362588346,-0.00602824985981,-0.00601106416434,0.00200202176347,0.00282015837729,0.00239437213168,-0.00772773707286,0.00965657271445,-0.00492790946737],[-0.000279939791653,0.000869683746714,-0.00355044822209,0.00501753669232,-0.00602824985981,0.0105409519747,0.00216672942042,-0.00703028356656,0.00364303332753,-0.00093670777278,0.00628467649221,-0.00972969271243,0.00515487371013],[-0.00019445604994,0.00120174593758,0.00184521113988,0.000180209448445,-0.00601106416434,0.00216672942042,0.012829461135,0.0000885252666194,-0.00823692604899,0.00157558650244,0.00147303950507,-0.00305406772532,0.00178741232958],[-0.0000292206514132,0.00269459071569,-0.00126182055101,-0.000493566971272,0.00200202176347,-0.00703028356656,0.0000885252666194,0.0187658946961,-0.00855118688196,0.00131938036066,-0.00746783707291,0.0160677079111,-0.011534336023],[0.000534640450496,-0.00415754877031,0.00319735938683,-0.00220408197492,0.00282015837729,0.00364303332753,-0.00823692604899,-0.00855118688196,0.0300544369966,-0.0159521736205,0.00822437368333,-0.0132728116587,0.0120583958924],[-0.00049361307174,0.00290843169205,-0.00653426488861,0.00257901125588,0.00239437213168,-0.00093670777278,0.00157558650244,0.00131938036066,-0.0159521736205,0.0378953889012,-0.0214975439012,0.0101578813046,-0.00656271027401],[-0.00000397614894609,-0.00177770783193,0.00103350996505,0.00275886966847,-0.00772773707286,0.00628467649221,0.00147303950507,-0.00746783707291,0.00822437368333,-0.0214975439012,0.0390739403665,-0.0204858053476,0.0034112164285],[0.00011508759053,0.00244053243659,0.000657652271912,-0.00615110481158,0.00965657271445,-0.00972969271243,-0.00305406772532,0.0160677079111,-0.0132728116587,0.0101578813046,-0.0204858053476,0.0422139652073,-0.0182345118374],[-0.0000138870982482,-0.00277189910412,-0.000736377493013,0.00547042721882,-0.00492790946737,0.00515487371013,0.00178741232958,-0.011534336023,0.0120583958924,-0.00656271027401,0.0034112164285,-0.0182345118374,0.0341951027513]],"mean":[30.1121425629,102.37966156,-103.166671753,-8.95609283447,-2.73067450523,-8.59826850891,16.2446041107,-23.411277771,-6.96359348297,-10.54454422,-3.32023048401,-0.617116332054,-3.02228856087]},"hfc":{"dmean":94.2351837158,"dmean2":151.997177124,"dvar":24394.2871094,"dvar2":62054.9414062,"max":2549.28393555,"mean":249.584289551,"median":193.108352661,"min":1.09587640408e-16,"var":41871.6875},"melbands":{"dmean":[0.00451051583514,0.00328472978435,0.000849271134939,0.000468915648526,0.000378691969672,0.000226349628065,0.000141679251101,0.000100031371403,0.000098081494798,0.00013615541684,0.000166908735991,0.000216322659981,0.000329716305714,0.000233860831941,0.000119236334285,0.0000943542690948,0.0000425180151069,0.000037200134102,0.0000248568303505,0.000013148740436,0.000011531448763,0.0000108111917143,0.00000752698588258,0.0000058297173382,0.00000475536080558,0.00000462071602669,0.00000394646576751,0.00000323381300404,0.00000223768188334,0.00000148651724885,0.00000109443931251,6.79450579355e-7,4.72407180041e-7,3.42348755566e-7,1.82217306133e-7,1.01351680826e-7,6.92372665867e-8,4.91394693825e-8,3.61745584598e-8,3.14316430661e-8],"dmean2":[0.00791252683848,0.00564392004162,0.00143768265843,0.000794778810814,0.000599137507379,0.000349889392965,0.000229835030041,0.000163070391864,0.000159796429216,0.000219272842514,0.00027366145514,0.000356061733328,0.000551337259822,0.000390553614125,0.000201978473342,0.000161540592671,0.0000720366297173,0.0000628831112408,0.0000422104058089,0.0000223335846385,0.0000195249085664,0.0000183878091775,0.0000129287263917,0.00000999268468149,0.0000080122908912,0.00000758935584599,0.00000620370792603,0.00000513745953867,0.00000360882336281,0.00000237378844758,0.0000017019177676,0.00000104681771518,7.07480467099e-7,5.15555029779e-7,2.78054102409e-7,1.58822743401e-7,1.09997543518e-7,7.88908920413e-8,5.96094338334e-8,5.19734548732e-8],"dvar":[0.0000797348911874,0.0000223900715355,0.00000126460986394,4.96966265473e-7,5.43701389688e-7,2.27301867994e-7,4.95081806662e-8,3.61743488497e-8,2.72801727874e-8,7.08138472305e-8,8.86280702161e-8,1.05342195411e-7,2.12123850929e-7,1.13355582698e-7,2.17462847729e-8,1.43933833741e-8,2.30599161988e-9,1.94509386375e-9,9.49265110961e-10,2.99863633924e-10,2.25954560618e-10,2.43291997659e-10,2.03939976018e-10,1.19704038348e-10,7.26093143943e-11,7.33695604271e-11,5.39401197319e-11,3.66996780188e-11,1.70316347831e-11,6.1666427173e-12,4.10296319489e-12,1.20246456022e-12,8.09996492622e-13,5.83617626882e-13,1.36470140201e-13,3.27898210699e-14,1.14390893201e-14,5.22022890206e-15,3.24337724646e-15,2.52970053115e-15],"dvar2":[0.00022485248337,0.000061064856709,0.00000342984503732,0.00000135490256525,0.00000121412017506,4.9743141517e-7,1.1710254455e-7,8.14124661019e-8,6.64344739221e-8,1.75876621711e-7,2.25334616744e-7,2.4420870659e-7,5.50984395886e-7,2.91570245281e-7,5.61847954827e-8,3.88066112578e-8,6.21700380066e-9,5.42162092998e-9,2.69941069497e-9,8.09418809755e-10,6.22499329861e-10,6.78648082175e-10,5.65853974788e-10,3.3301036928e-10,1.95645652457e-10,1.86990603557e-10,1.24140656088e-10,8.33390231825e-11,4.06177244616e-11,1.47510614834e-11,9.12312239643e-12,2.63218570204e-12,1.7956589991e-12,1.09641148157e-12,2.6604665194e-13,6.79604959006e-14,2.6471637992e-14,1.24052938738e-14,8.04345112515e-15,6.29126394738e-15],"max":[0.104511700571,0.0513627119362,0.0210116710514,0.0207076556981,0.0179600846022,0.0116391787305,0.00552544090897,0.00801606755704,0.00407142657787,0.0102586783469,0.00776264583692,0.0121521437541,0.0135976532474,0.0101463710889,0.00377516169101,0.00562673807144,0.000920029357076,0.00120310927741,0.00127257208806,0.000422556506237,0.000279378844425,0.00027809641324,0.000203418894671,0.000153591652634,0.00012150008115,0.000258076644968,0.000211068574572,0.00019280766719,0.000107923311589,0.0000668758802931,0.0000915876953513,0.0000314434255415,0.0000271332191915,0.0000337371420756,0.0000179029684659,0.000007240197192,0.00000275778506875,0.00000118315983855,7.50434594465e-7,6.6130974119e-7],"mean":[0.0052380762063,0.00445731170475,0.00140976370312,0.000828147225548,0.000692238274496,0.000424989819294,0.000267508381512,0.000184535732842,0.000186989753274,0.00025819207076,0.000302751839627,0.000388498156099,0.000638873665594,0.000451677973615,0.000235197032453,0.000167091464391,0.0000870150470291,0.0000759860340622,0.0000507746626681,0.000026808173061,0.0000232819984376,0.0000212441955227,0.0000136826747621,0.0000104688188003,0.00000938218636293,0.00000962530884863,0.00000836526942294,0.00000706434775566,0.00000495623498864,0.00000334940773428,0.0000025133242616,0.00000149254412918,9.34800482355e-7,6.47816932542e-7,3.32927072577e-7,1.68815958546e-7,9.87404575881e-8,6.1356431047e-8,3.88600582824e-8,3.22678772591e-8],"median":[0.00302601512522,0.00284217786975,0.000981034594588,0.000472008337965,0.000323380838381,0.000190804683371,0.000159627001267,0.0000999910917017,0.000100790246506,0.000150115360157,0.000186738281627,0.000272226228844,0.000427377730375,0.000320314546116,0.000189758255146,0.000136609276524,0.0000709816886229,0.0000616761026322,0.0000428244311479,0.0000220216425078,0.0000188107660506,0.000016389434677,0.00000920033198781,0.00000620561286269,0.00000555742963115,0.0000058104924392,0.00000411871769757,0.00000386054489354,0.0000029185925996,0.0000020512923129,0.00000148965284552,8.81515916262e-7,5.0380316452e-7,3.15853696975e-7,1.78327425715e-7,9.88056214624e-8,5.43456017965e-8,3.19421005202e-8,1.85653661333e-8,1.40672282711e-8],"min":[2.15139901287e-24,2.88226168105e-24,2.07016132799e-24,2.67388012863e-24,2.34387417121e-24,2.53413973016e-24,1.72318480314e-24,1.33001642937e-24,2.01295569894e-24,3.21656476104e-24,3.59897317067e-24,3.12861682808e-24,2.82675979434e-24,2.27245819903e-24,3.35539146136e-24,3.18780032863e-24,2.29223908345e-24,3.45413002543e-24,3.14938536635e-24,3.93607512914e-24,4.73623449468e-24,2.63773748018e-24,4.36282679076e-24,5.03549637325e-24,4.23016089689e-24,5.09304298743e-24,3.60351543176e-24,3.89556002191e-24,4.77673145811e-24,6.45686121911e-24,5.60642104277e-24,5.77817420564e-24,5.48660569304e-24,5.95053163596e-24,6.59256738292e-24,6.53445949421e-24,6.35324039491e-24,5.97906789034e-24,7.08382420076e-24,7.59435210165e-24],"var":[0.0000628796769888,0.000025174645998,0.000002077795898,0.00000112376551442,0.00000144884006659,6.76979709624e-7,1.5334896375e-7,1.08239341046e-7,7.71244188513e-8,1.42809028603e-7,1.8110861788e-7,2.21032621539e-7,5.40189773801e-7,2.3357677037e-7,4.40550813607e-8,1.96796037244e-8,4.3781156478e-9,3.54040330386e-9,1.49658629933e-9,4.60388865919e-10,3.41586620101e-10,3.68890390456e-10,2.56863919024e-10,1.6649483181e-10,1.2851904263e-10,1.61138963284e-10,1.65447586187e-10,1.10920030105e-10,4.51566596615e-11,1.73928892122e-11,1.13077316607e-11,3.66259323217e-12,2.02068136529e-12,1.51533343165e-12,3.3623218142e-13,6.51993650042e-14,1.8964142729e-14,7.15969252337e-15,3.52081907669e-15,2.69753566273e-15]},"melbands_crest":{"dmean":4.44477462769,"dmean2":7.57820415497,"dvar":15.1481666565,"dvar2":42.6254997253,"max":38.8198127747,"mean":14.384516716,"median":13.7867479324,"min":1.59247326851,"var":29.1954250336},"melbands_flatness_db":{"dmean":0.0314540378749,"dmean2":0.0519221611321,"dvar":0.000757047033403,"dvar2":0.00205851928331,"max":0.513989031315,"mean":0.233262240887,"median":0.230977341533,"min":0.00281213689595,"var":0.00272943684831},"melbands_kurtosis":{"dmean":4.59864425659,"dmean2":7.7192773819,"dvar":132.736236572,"dvar2":312.087677002,"max":599.348449707,"mean":5.58555650711,"median":2.27395272255,"min":-1.79040706158,"var":238.754058838},"melbands_skewness":{"dmean":0.773179531097,"dmean2":1.27429199219,"dvar":0.633515655994,"dvar2":1.61321020126,"max":23.4132213593,"mean":1.83303129673,"median":1.63208568096,"min":-2.97229075432,"var":1.87603986263},"melbands_spread":{"dmean":6.29655218124,"dmean2":10.4108848572,"dvar":44.4849395752,"dvar2":114.694122314,"max":187.467544556,"mean":24.209230423,"median":23.2992420197,"min":0.479014784098,"var":181.598068237},"mfcc":{"cov":[[7220.40234375,1218.33789062,-528.169067383,399.562469482,-333.025177002,227.593383789,-11.9346866608,73.2438812256,-78.1812286377,5.59415102005,-91.5956420898,6.06283712387,7.74875164032],[1218.33789062,1146.7800293,-240.786911011,-71.2318191528,2.15157437325,30.6326999664,41.9528656006,-54.2549934387,15.0215015411,-49.4234886169,-13.9671640396,-24.1058177948,16.6601982117],[-528.169067383,-240.786911011,354.730773926,-58.7969779968,84.2135543823,-32.1525306702,-28.6729030609,-23.1524925232,-2.10042309761,-2.08425617218,22.2641029358,12.3152914047,-5.57934761047],[399.562469482,-71.2318191528,-58.7969779968,316.594848633,-74.9697647095,54.2053794861,-21.2693767548,22.3715267181,-23.5136451721,29.6096305847,-1.72364485264,13.371055603,4.8872923851],[-333.025177002,2.15157437325,84.2135543823,-74.9697647095,177.727966309,-12.1447458267,59.4445571899,-7.63275098801,17.3661766052,-19.9108829498,5.71214151382,-6.50657844543,-2.91360616684],[227.593383789,30.6326999664,-32.1525306702,54.2053794861,-12.1447458267,130.774017334,8.48050689697,46.6251068115,-7.60522079468,-8.43364810944,-6.38783979416,2.26929497719,-1.64863920212],[-11.9346866608,41.9528656006,-28.6729030609,-21.2693767548,59.4445571899,8.48050689697,100.221496582,17.0202350616,24.541059494,-4.83724784851,1.26221001148,-5.58455562592,8.7678527832],[73.2438812256,-54.2549934387,-23.1524925232,22.3715267181,-7.63275098801,46.6251068115,17.0202350616,86.5332794189,16.3008747101,19.463886261,-3.00652742386,4.19324636459,-9.0269651413],[-78.1812286377,15.0215015411,-2.10042309761,-23.5136451721,17.3661766052,-7.60522079468,24.541059494,16.3008747101,60.369342804,19.8775501251,15.510766983,-1.25940263271,0.45317530632],[5.59415102005,-49.4234886169,-2.08425617218,29.6096305847,-19.9108829498,-8.43364810944,-4.83724784851,19.463886261,19.8775501251,62.3689422607,21.9644012451,13.892950058,1.16218984127],[-91.5956420898,-13.9671640396,22.2641029358,-1.72364485264,5.71214151382,-6.38783979416,1.26221001148,-3.00652742386,15.510766983,21.9644012451,48.3223571777,18.8588924408,11.296128273],[6.06283712387,-24.1058177948,12.3152914047,13.371055603,-6.50657844543,2.26929497719,-5.58455562592,4.19324636459,-1.25940263271,13.892950058,18.8588924408,42.0306854248,17.8520183563],[7.74875164032,16.6601982117,-5.57934761047,4.8872923851,-2.91360616684,-1.64863920212,8.7678527832,-9.0269651413,0.45317530632,1.16218984127,11.296128273,17.8520183563,46.3057098389]],"icov":[[0.000218504006625,-0.000253771286225,0.00000421790355176,-0.000197896399186,0.000301900348859,-0.000124457161292,-0.000136374990689,-0.000149233441334,0.00022575345065,-0.000158049107995,0.000327523157466,-0.000187761484995,0.0000816753963591],[-0.000253771286225,0.00149271136615,0.000923754123505,0.000555952370632,-0.000533872051165,-0.000512895639986,0.000150696898345,0.00140743341763,-0.000899809470866,0.000685926584993,-0.000469183723908,0.000343149993569,-0.000274231570074],[0.00000421790355176,0.000923754123505,0.00453379517421,0.000504466472194,-0.00263317208737,-0.000101833582448,0.00242247595452,0.000975338334683,-0.00016110384604,0.000387424894143,-0.00139898853377,-0.000796322361566,0.000362242921256],[-0.000197896399186,0.000555952370632,0.000504466472194,0.00438001705334,0.000743954151403,-0.00173425360117,-0.0000481917704747,0.00076054764213,0.00142052955925,-0.00231349701062,0.000196237961063,-0.000197986140847,-0.000353337731212],[0.000301900348859,-0.000533872051165,-0.00263317208737,0.000743954151403,0.0102476812899,-0.0000507761469635,-0.00652286363766,0.000539569824468,-0.000296753190923,0.002020703163,-0.000463779550046,-0.000450946652563,0.00196820660494],[-0.000124457161292,-0.000512895639986,-0.000101833582448,-0.00173425360117,-0.0000507761469635,0.0116444369778,-0.0000714105626685,-0.0074878227897,0.00184549647383,0.0043765399605,-0.00180925184395,-0.0000317973972415,-0.000332944036927],[-0.000136374990689,0.000150696898345,0.00242247595452,-0.0000481917704747,-0.00652286363766,-0.0000714105626685,0.0167306922376,-0.00304995360784,-0.00460252072662,0.00148622726556,-0.000229378332733,0.00243985955603,-0.00478680152446],[-0.000149233441334,0.00140743341763,0.000975338334683,0.00076054764213,0.000539569824468,-0.0074878227897,-0.00304995360784,0.0203963723034,-0.00495114084333,-0.00597223918885,0.00476932246238,-0.00382929621264,0.00438800407574],[0.00022575345065,-0.000899809470866,-0.00016110384604,0.00142052955925,-0.000296753190923,0.00184549647383,-0.00460252072662,-0.00495114084333,0.0251673012972,-0.00691818259656,-0.00635366979986,0.00480484170839,-0.00030515724211],[-0.000158049107995,0.000685926584993,0.000387424894143,-0.00231349701062,0.002020703163,0.0043765399605,0.00148622726556,-0.00597223918885,-0.00691818259656,0.0273443795741,-0.00960655231029,-0.00394097249955,0.00215206574649],[0.000327523157466,-0.000469183723908,-0.00139898853377,0.000196237961063,-0.000463779550046,-0.00180925184395,-0.000229378332733,0.00476932246238,-0.00635366979986,-0.00960655231029,0.0333961099386,-0.0113112013787,-0.00267852796242],[-0.000187761484995,0.000343149993569,-0.000796322361566,-0.000197986140847,-0.000450946652563,-0.0000317973972415,0.00243985955603,-0.00382929621264,0.00480484170839,-0.00394097249955,-0.0113112013787,0.0369207933545,-0.0128277502954],[0.0000816753963591,-0.000274231570074,0.000362242921256,-0.000353337731212,0.00196820660494,-0.000332944036927,-0.00478680152446,0.00438800407574,-0.00030515724211,0.00215206574649,-0.00267852796242,-0.0128277502954,0.0291831232607]],"mean":[-628.577575684,168.999343872,-34.7037887573,24.3909168243,-7.51449108124,28.4209537506,14.7718324661,10.9662837982,2.15930628777,-0.016578534618,-2.9451110363,1.85509860516,3.00207281113]},"pitch_salience":{"dmean":0.0833250880241,"dmean2":0.141089081764,"dvar":0.00564989680424,"dvar2":0.015757676214,"max":0.97246992588,"mean":0.566395163536,"median":0.579785108566,"min":0.0688981190324,"var":0.0130492215976},"silence_rate_20dB":{"dmean":0,"dmean2":0,"dvar":0,"dvar2":0,"max":1,"mean":1,"median":1,"min":1,"var":0},"silence_rate_30dB":{"dmean":0.097216270864,"dmean2":0.194453373551,"dvar":0.0877652689815,"dvar2":0.200329020619,"max":1,"mean":0.887699365616,"median":1,"min":0,"var":0.0996891856194},"silence_rate_60dB":{"dmean":0.0010706637986,"dmean2":0.00214155693538,"dvar":0.00106951745693,"dvar2":0.00235112640075,"max":1,"mean":0.031474146992,"median":0,"min":0,"var":0.0304835252464},"spectral_centroid":{"dmean":159.404525757,"dmean2":243.32472229,"dvar":33628.4726562,"dvar2":68621.140625,"max":11522.3496094,"mean":1237.13830566,"median":1096.68334961,"min":188.59828186,"var":694532.25},"spectral_complexity":{"dmean":3.41156315804,"dmean2":5.45882844925,"dvar":9.64217853546,"dvar2":21.7227668762,"max":62,"mean":27.8100852966,"median":27,"min":0,"var":74.9666061401},"spectral_contrast_coeffs":{"dmean":[0.0528835505247,0.0463712513447,0.0393495410681,0.0280125979334,0.0178104490042,0.0418116748333],"dmean2":[0.0893700793386,0.0779901742935,0.0666324421763,0.0477472133934,0.0303346589208,0.0657250285149],"dvar":[0.0017032007454,0.00133869121782,0.000926714332309,0.00046666606795,0.000215088279219,0.00124422914814],"dvar2":[0.00484170624986,0.00370960589498,0.00264360778965,0.00132818496786,0.000608035305049,0.00312834931538],"max":[-0.408818513155,-0.44174182415,-0.533027231693,-0.613125443459,-0.684624671936,-0.500269591808],"mean":[-0.683677732944,-0.774464666843,-0.782923161983,-0.800567507744,-0.817849814892,-0.712509691715],"median":[-0.684718191624,-0.779953718185,-0.784554541111,-0.800373136997,-0.817255020142,-0.709072828293],"min":[-0.977099001408,-0.991332411766,-0.978357255459,-0.971161723137,-0.970058679581,-0.966860473156],"var":[0.00530276959762,0.00416222494096,0.0025481521152,0.00124444870744,0.00073289120337,0.00515808677301]},"spectral_contrast_valleys":{"dmean":[0.397084981203,0.341574788094,0.268975168467,0.218791872263,0.202725768089,0.588469982147],"dmean2":[0.657836139202,0.56793653965,0.444258451462,0.359360873699,0.317976504564,0.922040224075],"dvar":[0.112723566592,0.0852435529232,0.0610014498234,0.0479485169053,0.0711034908891,0.248130708933],"dvar2":[0.281333476305,0.204168334603,0.134349197149,0.0964371189475,0.143506377935,0.632453262806],"max":[-4.6483669281,-4.88574743271,-4.79203128815,-5.32358884811,-5.66032743454,-8.90910720825],"mean":[-6.59646987915,-6.47100543976,-6.17012310028,-6.82072019577,-7.30580997467,-11.0310754776],"median":[-6.3497633934,-6.23397684097,-5.89955949783,-6.56613111496,-7.10809135437,-10.8509607315],"min":[-28.3850517273,-27.9435710907,-27.9765300751,-27.686378479,-27.5161094666,-27.3640727997],"var":[3.12924170494,3.19792866707,3.29989099503,3.04793453217,2.88669300079,2.12563824654]},"spectral_decrease":{"dmean":6.10288397596e-9,"dmean2":1.0152520602e-8,"dvar":8.21587548123e-17,"dvar2":2.16733390708e-16,"max":1.33373267985e-8,"mean":-1.1403424871e-8,"median":-9.44943856496e-9,"min":-1.0738823164e-7,"var":8.65372534051e-17},"spectral_energy":{"dmean":0.0233208611608,"dmean2":0.039343342185,"dvar":0.00110331224278,"dvar2":0.00306067964993,"max":0.430165052414,"mean":0.065677203238,"median":0.0573935955763,"min":1.00988299944e-20,"var":0.00149300892372},"spectral_energyband_high":{"dmean":0.000332905416144,"dmean2":0.000428118393756,"dvar":5.76714739964e-7,"dvar2":8.22887557206e-7,"max":0.0287328548729,"mean":0.00113676639739,"median":0.000689117761794,"min":7.09273771052e-21,"var":0.00000267895234174},"spectral_energyband_low":{"dmean":0.0197004452348,"dmean2":0.0339845605195,"dvar":0.00104165542871,"dvar2":0.00287735578604,"max":0.388791054487,"mean":0.0277817267925,"median":0.0188647750765,"min":1.94157475219e-23,"var":0.000982104684226},"spectral_energyband_middle_high":{"dmean":0.00410833163187,"dmean2":0.00669499766082,"dvar":0.0000230459263548,"dvar2":0.0000591496900597,"max":0.140079006553,"mean":0.0144670056179,"median":0.0126562714577,"min":1.20269657879e-21,"var":0.0000856911137816},"spectral_energyband_middle_low":{"dmean":0.00458858022466,"dmean2":0.00736267445609,"dvar":0.0000320124672726,"dvar2":0.0000793455692474,"max":0.10133741051,"mean":0.0133732361719,"median":0.0109301628545,"min":1.63216583468e-22,"var":0.00010192974878},"spectral_entropy":{"dmean":0.109735973179,"dmean2":0.168638035655,"dvar":0.011348660104,"dvar2":0.0266016200185,"max":9.83028125763,"mean":7.59502124786,"median":7.60519790649,"min":5.99534845352,"var":0.0993371456861},"spectral_flux":{"dmean":0.0320176519454,"dmean2":0.0524805858731,"dvar":0.00158796948381,"dvar2":0.00353491166607,"max":0.523797035217,"mean":0.144890218973,"median":0.134397611022,"min":6.41755953934e-11,"var":0.00355870882049},"spectral_kurtosis":{"dmean":3.90442919731,"dmean2":6.06326436996,"dvar":28.0094146729,"dvar2":69.5282363892,"max":140.141296387,"mean":20.0233535767,"median":18.2667942047,"min":-1.25317454338,"var":79.6603851318},"spectral_rms":{"dmean":0.00128751189914,"dmean2":0.00212764414027,"dvar":0.00000213925181924,"dvar2":0.00000574895466343,"max":0.0204859264195,"mean":0.00765484711155,"median":0.0074828970246,"min":3.13887197484e-12,"var":0.00000547863555767},"spectral_rolloff":{"dmean":5883.51220703,"dmean2":11287.7304688,"dvar":67725136,"dvar2":149670864,"max":22050,"mean":11247.7714844,"median":5598.6328125,"min":64.599609375,"var":93384784},"spectral_skewness":{"dmean":0.277778476477,"dmean2":0.431848913431,"dvar":0.106915391982,"dvar2":0.256397753954,"max":8.92193603516,"mean":2.95746016502,"median":2.87766289711,"min":-0.04815511778,"var":0.500560700893},"spectral_spread":{"dmean":371832.34375,"dmean2":577979.375,"dvar":319325437952,"dvar2":669649076224,"max":42740928,"mean":3794062.25,"median":3548705,"min":1033549.5625,"var":7707986755580},"spectral_strongpeak":{"dmean":6.59814071655,"dmean2":12.5040035248,"dvar":477.123901367,"dvar2":1324.49633789,"max":218.875350952,"mean":4.80934095383,"median":0.369338274002,"min":0,"var":380.494628906},"zerocrossingrate":{"dmean":0.0422600619495,"dmean2":0.0541171319783,"dvar":0.00155031634495,"dvar2":0.00252000917681,"max":0.78076171875,"mean":0.25999045372,"median":0.24755859375,"min":0.05029296875,"var":0.00705205509439}},"metadata":{"audio_properties":{"analysis_sample_rate":44100,"bit_rate":207937,"codec":"mp3","downmix":"mix","equal_loudness":0,"length":216.869644165,"lossless":false,"md5_encoded":"dc6202ec8c4370524ed7464436ff021a","replay_gain":1.66100883484,"sample_rate":44100},"tags":{"acoustid_id":["04a66a1d-69e4-4cdd-88fd-86fcf33eb844"],"album":["In Utero"],"albumartist":["Nirvana"],"artist":["Nirvana"],"date":["1993"],"discnumber":["1/1"],"file_name":"01 - Nirvana - Serve the Servants.mp3","musicbrainz_albumartistid":["5b11f4ce-a62d-471e-81fc-a69a8278c7da"],"musicbrainz_albumid":["6ddad044-c72c-3eb9-8ae7-45f783a92e0f"],"musicbrainz_artistid":["5b11f4ce-a62d-471e-81fc-a69a8278c7da"],"musicbrainz_recordingid":["52eadc0f-037a-4747-b234-e5412aff8215"],"musicbrainz_releasegroupid":["2a0981fb-9593-3019-864b-ce934d97a16e"],"replaygain_album_gain":["+0.63 dB"],"replaygain_album_peak":["0.452049"],"replaygain_track_gain":["-0.01 dB"],"replaygain_track_peak":["0.438089"],"title":["Serve the Servants"],"tracknumber":["1/12"]},"version":{"essentia":"2.1-beta1","essentia_build_sha":"e76a03f03bb3900de42a1fa0d9be1e72f12def64","essentia_git_sha":"v2.1_beta1-28-g21ef5f4-dirty","extractor":"music 1.0"}},"rhythm":{"beats_count":439,"beats_loudness":{"dmean":0.0300938170403,"dmean2":0.0490770116448,"dvar":0.000592452706769,"dvar2":0.00149842607789,"max":0.189166367054,"mean":0.0735041424632,"median":0.0717216879129,"min":0,"var":0.00107139872853},"beats_loudness_band_ratio":{"dmean":[0.185792759061,0.0704837813973,0.0578351654112,0.0965350940824,0.020642478019,0.0707691684365],"dmean2":[0.318641364574,0.123871721327,0.10040487349,0.164967030287,0.0350104570389,0.120726302266],"dvar":[0.0178768672049,0.00516922213137,0.0049031865783,0.00894908420742,0.000578733743168,0.00450165942311],"dvar2":[0.0508709438145,0.0125874504447,0.0125553645194,0.0239925943315,0.00116705277469,0.0109319500625],"max":[0.840727686882,0.512651026249,0.561667561531,0.771320104599,0.325774759054,0.604745209217],"mean":[0.449450343847,0.1007