{"lowlevel":{"average_loudness":0.803144514561,"barkbands":{"dmean":[0.00107166345697,0.00317393336445,0.000730785774067,0.00148984452244,0.00297014368698,0.00204825541005,0.000661491823848,0.000511870137416,0.000561818713322,0.000585050263908,0.00056372245308,0.000370535504771,0.000163553791936,0.000193517829757,0.000133253241074,0.0000602409490966,0.0000424729332735,0.0000326484841935,0.0000190045448107,0.0000110667297122,0.000010966589798,0.00000575327749175,0.00000305174876303,0.0000024414237032,0.00000148348226503,0.00000216683952203,0.00000924316827877],"dmean2":[0.00178705295548,0.00533306505531,0.00120471906848,0.00240649073385,0.00454816129059,0.00300990580581,0.00106454978231,0.00078778603347,0.000849071948323,0.000884942361154,0.000872953562066,0.000589044415392,0.000262605346506,0.000305097026285,0.000206628683372,0.0000940423487918,0.0000668514112476,0.0000496976645081,0.0000290682273771,0.0000169934119185,0.0000169571776496,0.00000911703045858,0.00000491359924126,0.00000401785155191,0.00000250086873166,0.00000355583938472,0.0000133578514578],"dvar":[0.00000376589878215,0.0000204276711884,0.00000141935834108,0.00000596039672018,0.0000376222778868,0.0000338657882821,0.00000231274111684,0.00000282165888166,0.00000273800719697,0.00000206545087167,0.00000142857822993,5.75293086058e-7,9.99865648055e-8,1.65712989997e-7,1.07702931018e-7,1.59354396345e-8,8.02967470293e-9,4.71288785775e-9,1.24546295499e-9,4.58829807481e-10,5.22488829979e-10,1.50778611818e-10,4.24261459298e-11,2.46571062179e-11,9.55840701727e-12,1.72390660774e-11,2.24949142646e-10],"dvar2":[0.00000974136673904,0.0000546016999579,0.00000351560038325,0.0000144047635331,0.0000780096306698,0.0000657179843984,0.00000544864542462,0.00000616256284047,0.00000618252306595,0.00000432442675447,0.000003275168865,0.00000135753384711,2.643953394e-7,4.00696563929e-7,2.47481551696e-7,3.83320006847e-8,1.84622859223e-8,1.04616546537e-8,2.86235479763e-9,9.18362885738e-10,1.1900137542e-9,3.40655809117e-10,9.85938067299e-11,6.12550149492e-11,2.44762231316e-11,4.1965275005e-11,4.47442444207e-10],"max":[0.0267725363374,0.0665410831571,0.0270532015711,0.0507362931967,0.163622051477,0.146955415606,0.0433627441525,0.0390242449939,0.0357202738523,0.0322402864695,0.0244503691792,0.0226974580437,0.00464164186269,0.0114430459216,0.00790639873594,0.00290225213394,0.00259383977391,0.00169265957084,0.000718780909665,0.000615737691987,0.000356681557605,0.000309626397211,0.00016597166541,0.000076431868365,0.0000481284187117,0.0000597286998527,0.000205494638067],"mean":[0.00187331147026,0.00511273834854,0.0011259985622,0.00252746185288,0.00487540476024,0.00378015101887,0.00112318235915,0.000752498337533,0.000847345043439,0.000923836603761,0.000816046027467,0.00067046249751,0.000255607563304,0.000324611755786,0.000224498682655,0.000102708232589,0.0000715060450602,0.0000590194213146,0.0000292063632514,0.0000173742882907,0.0000159472947416,0.00000735515322958,0.00000349021593138,0.00000239943369706,0.0000013393377003,0.00000226544807447,0.0000213735584111],"median":[0.000364016013918,0.00260419282131,0.000482196774101,0.000731316045858,0.00158691534307,0.00120003696065,0.000406230741646,0.000184942648048,0.000206626034924,0.000292396580335,0.000241888003075,0.000240677662077,0.0000909267764655,0.00010209895845,0.0000600916609983,0.0000362527352991,0.0000287637376459,0.0000198063025891,0.0000111471399578,0.00000634399020782,0.00000503465980728,0.00000269915312856,0.00000126301540604,6.22868071787e-7,3.20789013131e-7,7.06375033133e-7,0.0000103615093394],"min":[4.2019652332e-25,1.9387917298e-24,1.63898307201e-24,8.50359120885e-25,7.68175552336e-24,6.69467911621e-24,6.44169773479e-24,9.55306296374e-24,9.87967898863e-24,1.71479254584e-23,1.70682599733e-23,1.84276029971e-23,3.06277045055e-23,3.22087616198e-23,3.51987716426e-23,5.4136463145e-23,7.1628071634e-23,9.66337758827e-23,8.69099797532e-23,1.47711364603e-22,2.09535857871e-22,3.39264917259e-22,3.18229518392e-22,5.68841414085e-22,8.39239758817e-22,1.30183365014e-21,1.88011731274e-21],"var":[0.000010915778148,0.0000466541750939,0.00000447375487056,0.0000215737818507,0.0000860454601934,0.0000973663045443,0.00000514260409545,0.00000571511054659,0.00000599016311753,0.00000430203954238,0.00000288864248432,0.00000177646813881,1.88538820112e-7,3.47398810163e-7,2.48709170592e-7,3.72853889985e-8,1.81050925363e-8,1.29720403308e-8,2.45462983273e-9,1.10359499317e-9,9.64027191408e-10,1.96365465555e-10,4.9572377453e-11,2.51551019598e-11,9.31339640825e-12,1.89261384342e-11,8.31970936588e-10]},"barkbands_crest":{"dmean":2.74738574028,"dmean2":4.54917097092,"dvar":5.94164037704,"dvar2":15.9332742691,"max":24.2001628876,"mean":10.3643474579,"median":9.76079368591,"min":2.77851366997,"var":13.7711057663},"barkbands_flatness_db":{"dmean":0.0305938590318,"dmean2":0.0478788502514,"dvar":0.000706743099727,"dvar2":0.00166363129392,"max":0.406026542187,"mean":0.181655287743,"median":0.181077077985,"min":0.0198342092335,"var":0.00295365601778},"barkbands_kurtosis":{"dmean":2.97262024879,"dmean2":4.75161266327,"dvar":15.6118135452,"dvar2":37.3399848938,"max":70.2514801025,"mean":5.14668130875,"median":3.29392242432,"min":-1.85905385017,"var":42.1767463684},"barkbands_skewness":{"dmean":0.531605124474,"dmean2":0.848764657974,"dvar":0.252289623022,"dvar2":0.622289657593,"max":6.73721837997,"mean":1.46269464493,"median":1.45711052418,"min":-2.58122229576,"var":1.29064142704},"barkbands_spread":{"dmean":3.16420435905,"dmean2":4.87759399414,"dvar":16.4102649689,"dvar2":38.5664978027,"max":132.893966675,"mean":12.4351139069,"median":10.3795757294,"min":0.937565267086,"var":90.8154220581},"dissonance":{"dmean":0.0277313608676,"dmean2":0.0468469746411,"dvar":0.000762933224905,"dvar2":0.00213982304558,"max":0.500000119209,"mean":0.453199625015,"median":0.462216943502,"min":0.215491488576,"var":0.00133255682886},"dynamic_complexity":3.78444910049,"erbbands":{"dmean":[0.139285832644,0.577519893646,0.779906392097,3.03845691681,6.71181869507,11.3637447357,17.3038311005,14.7134876251,9.7319726944,9.1306810379,12.0446901321,12.3147382736,14.8763637543,19.6748332977,20.793346405,11.8424882889,7.36166715622,7.00758743286,10.6934309006,3.9606347084,2.9902613163,2.34903478622,1.85380351543,1.12712585926,0.806058049202,0.521612524986,0.470503926277,0.412910819054,0.22636243701,0.129509165883,0.0840238034725,0.06065126881,0.0344366841018,0.0170181170106,0.0104614272714,0.00654460163787,0.00455962959677,0.00223711179569,0.000876572041307,0.000185305019841],"dmean2":[0.234767213464,0.9695058465,1.27507948875,4.97246646881,10.8961009979,17.6897678375,25.2295436859,21.9963417053,15.6227874756,14.1863231659,18.517911911,18.6520061493,22.2172584534,30.1486129761,32.3790473938,18.610004425,11.6188783646,10.8945274353,16.5325660706,6.05761098862,4.61280965805,3.66598773003,2.78926038742,1.70819556713,1.23535311222,0.799161195755,0.734660983086,0.643109619617,0.360094338655,0.202918857336,0.1363863796,0.0996095091105,0.0567362233996,0.0286054871976,0.0176275223494,0.0109437257051,0.00746587058529,0.00349824922159,0.00131303269882,0.00026368824183],"dvar":[0.0428804010153,0.80627566576,1.21448671818,24.3875675201,193.105438232,761.189819336,2063.69018555,1696.24060059,399.373779297,931.602600098,1916.04309082,1401.3729248,1320.37011719,1644.7755127,2210.47143555,454.725158691,190.954986572,208.748626709,592.712158203,57.1048583984,30.1291484833,28.2203979492,16.5502338409,4.5034995079,2.56540036201,1.05065250397,1.00105476379,0.877057015896,0.239080637693,0.0805393382907,0.0299081113189,0.0174403917044,0.00430183671415,0.00122390396427,0.000474084110465,0.00015864589659,0.0000879543513292,0.0000204889583983,0.0000026345455808,8.48739460935e-8],"dvar2":[0.114482574165,2.13335394859,3.10189580917,61.0573654175,443.877441406,1644.21838379,3813.06835938,3571.87475586,899.033508301,2320.55249023,4163.55810547,3166.67944336,2844.19091797,3843.33569336,5048.02587891,1115.4041748,496.979919434,516.9921875,1344.70788574,131.005645752,70.154335022,64.1756057739,35.7088394165,10.414604187,5.98871421814,2.09906983376,2.32533097267,1.99936628342,0.557400166988,0.170214027166,0.0716931372881,0.0431464463472,0.0107123060152,0.0031273169443,0.0012129599927,0.00039921165444,0.000214948653593,0.0000452568892797,0.00000550035883862,1.64621340559e-7],"max":[2.75571036339,12.8843393326,19.1852836609,96.980796814,286.692504883,845.253540039,1049.07421875,1102.17810059,411.859985352,1404.19592285,1102.60375977,960.39276123,776.601623535,910.515258789,1187.37390137,481.112365723,215.205230713,431.025817871,451.69128418,138.678665161,114.095916748,160.846908569,117.436981201,49.1918678284,35.7954940796,28.934211731,13.9096088409,21.6245212555,10.3011255264,11.3637580872,3.09402918816,2.31791400909,0.769427716732,0.541892230511,0.338836282492,0.184135288,0.158142223954,0.132236585021,0.0273255482316,0.00513702305034],"mean":[0.229872941971,0.82545953989,1.31290495396,5.30521249771,10.5799026489,17.8537101746,31.088010788,27.4380264282,17.6143856049,14.7155895233,17.7392673492,19.0692138672,24.8242454529,30.5061473846,34.0318260193,22.9355621338,12.3947000504,12.2389364243,18.8928985596,7.22823238373,5.44619226456,4.23613595963,3.4642033577,1.97593796253,1.17628765106,0.841154336929,0.676967799664,0.586516439915,0.292014598846,0.16192021966,0.0936992168427,0.0614257454872,0.0332243405282,0.015720391646,0.00950508285314,0.00629288889468,0.00474624568596,0.00292812939733,0.00152613129467,0.000490462232847],"median":[0.0841784402728,0.389739751816,0.667836606503,1.75212311745,3.60544133186,5.04456710815,8.8817243576,9.91135597229,6.68573474884,4.8045129776,4.15560865402,4.91666316986,8.233086586,11.290848732,12.5823612213,9.10063457489,4.98804235458,4.8807849884,5.23994207382,2.70243048668,2.17442178726,1.77428209782,1.23340451717,0.831673741341,0.44909337163,0.308820992708,0.233563542366,0.167085587978,0.10382502526,0.0594878867269,0.0327840186656,0.0169883463532,0.00870054028928,0.00417410349473,0.00233646947891,0.00175802013837,0.00140544201713,0.00110746233258,0.000630477908999,0.000281159387669],"min":[8.82573920447e-23,5.77023605612e-22,2.38872050031e-21,2.35129703994e-21,8.10363966076e-21,2.87869225238e-20,5.76988333306e-20,2.7685379673e-20,1.06342061669e-19,1.92187027198e-19,1.93993589656e-19,4.13860070554e-19,5.07949745581e-19,5.04143473993e-19,1.11525959916e-18,1.26074309132e-18,1.82413487595e-18,1.95797766215e-18,2.43141241779e-18,2.78251584623e-18,3.6602762785e-18,4.32626544585e-18,5.46364747351e-18,6.41469879638e-18,7.06206771456e-18,8.14075341954e-18,9.55197317539e-18,9.72785162596e-18,1.14761780871e-17,1.00616843504e-17,9.97410246713e-18,1.15042782397e-17,9.1518915557e-18,8.39537946442e-18,5.76882087126e-18,4.52280852248e-18,2.30942995401e-18,8.97625174674e-19,2.59958723191e-19,2.62083662943e-20],"var":[0.126515552402,1.39312839508,3.35163545609,81.3844223022,410.507598877,1501.93383789,6100.04980469,4022.73852539,1096.24780273,1435.56408691,3801.36010742,2933.00830078,2872.73193359,3143.30322266,4763.66308594,1591.12341309,402.575012207,423.052947998,1410.04785156,145.909896851,78.0498809814,68.0121612549,47.1958198547,10.3154916763,4.2078332901,2.53047037125,1.5648920536,1.6833114624,0.298923045397,0.112923130393,0.0335857085884,0.0176928732544,0.00448470236734,0.00120657077059,0.000463062315248,0.000163823468029,0.0000933463597903,0.0000282839628198,0.00000601845977144,3.53602302994e-7]},"erbbands_crest":{"dmean":2.44468522072,"dmean2":3.92040491104,"dvar":5.41248273849,"dvar2":13.3919839859,"max":29.7056427002,"mean":9.53033447266,"median":8.64462661743,"min":2.04303717613,"var":16.9789543152},"erbbands_flatness_db":{"dmean":0.0293182171881,"dmean2":0.0464677400887,"dvar":0.000634246331174,"dvar2":0.00155123660807,"max":0.39753061533,"mean":0.193675845861,"median":0.18990150094,"min":0.0355004705489,"var":0.00251430505887},"erbbands_kurtosis":{"dmean":1.0017888546,"dmean2":1.61078500748,"dvar":2.05907058716,"dvar2":4.91705989838,"max":33.7713661194,"mean":0.767286539078,"median":0.125873565674,"min":-1.69002616405,"var":6.99466848373},"erbbands_skewness":{"dmean":0.369558751583,"dmean2":0.565939903259,"dvar":0.105082087219,"dvar2":0.239780306816,"max":4.73241901398,"mean":0.290465056896,"median":0.253521412611,"min":-2.87642621994,"var":0.644976019859},"erbbands_spread":{"dmean":4.77460241318,"dmean2":7.57120370865,"dvar":23.7776432037,"dvar2":55.6027336121,"max":101.772621155,"mean":23.3765106201,"median":22.2136287689,"min":1.81406354904,"var":103.639564514},"gfcc":{"cov":[[40536.875,4623.95654297,-3273.51000977,-190.732681274,-380.320129395,-282.263092041,-296.716766357,-564.361572266,-329.763092041,-253.951599121,-266.482971191,-38.7663726807,-74.4059448242],[4623.95654297,1692.55908203,-336.178314209,-261.46472168,11.5730133057,-59.583770752,55.9833755493,-158.649688721,-4.07382154465,-76.039352417,42.9678535461,-13.2458868027,25.6360855103],[-3273.51000977,-336.178314209,651.907409668,83.8809356689,-76.3211288452,211.02796936,-73.9153442383,153.619430542,-50.2997360229,64.8892364502,-1.79536092281,-7.87708377838,-4.93394565582],[-190.732681274,-261.46472168,83.8809356689,288.856201172,117.014587402,-39.222820282,21.2359580994,8.86269950867,21.0316448212,-13.656750679,-48.826839447,-7.8130440712,-41.63722229],[-380.320129395,11.5730133057,-76.3211288452,117.014587402,292.932098389,-22.9868144989,103.757232666,-55.4866447449,55.9884567261,-36.0976676941,2.49269247055,-29.6114692688,1.13253009319],[-282.263092041,-59.583770752,211.02796936,-39.222820282,-22.9868144989,291.942749023,-15.335518837,98.4940948486,-86.1939315796,29.4454727173,5.23323297501,8.68892669678,20.6197986603],[-296.716766357,55.9833755493,-73.9153442383,21.2359580994,103.757232666,-15.335518837,206.300613403,-7.71416902542,60.1513671875,-40.1560516357,8.87015533447,20.9118785858,3.92171406746],[-564.361572266,-158.649688721,153.619430542,8.86269950867,-55.4866447449,98.4940948486,-7.71416902542,173.928222656,-2.46318817139,40.6563034058,4.40022277832,-0.191126123071,18.4436016083],[-329.763092041,-4.07382154465,-50.2997360229,21.0316448212,55.9884567261,-86.1939315796,60.1513671875,-2.46318817139,137.923233032,43.5981826782,15.909163475,-4.44588708878,-12.0206165314],[-253.951599121,-76.039352417,64.8892364502,-13.656750679,-36.0976676941,29.4454727173,-40.1560516357,40.6563034058,43.5981826782,108.499305725,49.0358505249,-4.3131685257,4.25347185135],[-266.482971191,42.9678535461,-1.79536092281,-48.826839447,2.49269247055,5.23323297501,8.87015533447,4.40022277832,15.909163475,49.0358505249,82.0210723877,36.9730110168,22.2807998657],[-38.7663726807,-13.2458868027,-7.87708377838,-7.8130440712,-29.6114692688,8.68892669678,20.9118785858,-0.191126123071,-4.44588708878,-4.3131685257,36.9730110168,80.2990646362,37.2882423401],[-74.4059448242,25.6360855103,-4.93394565582,-41.63722229,1.13253009319,20.6197986603,3.92171406746,18.4436016083,-12.0206165314,4.25347185135,22.2807998657,37.2882423401,74.9111480713]],"icov":[[0.000185210708878,-0.00051287637325,0.00127906654961,-0.00106659450103,0.000677730829921,-0.000734377885237,0.000359325989848,-0.000171119900187,0.000274867576081,-0.000557881721761,0.00054304045625,0.0000081154248619,-0.0000236703726841],[-0.00051287637325,0.00233009504154,-0.00314024044201,0.00249703694135,-0.000527884752955,0.000855843012687,-0.000787062104791,0.0015652992297,-0.00252120080404,0.00467708427459,-0.0047602634877,0.00295787653886,-0.00142414076254],[0.00127906654961,-0.00314024044201,0.0119511624798,-0.0107337217778,0.00813662912697,-0.00889701396227,0.00359838409349,-0.000861872045789,-0.00165203644428,0.00124628446065,-0.00258303713053,0.00577525002882,-0.00292633124627],[-0.00106659450103,0.00249703694135,-0.0107337217778,0.0245168730617,-0.0219109840691,0.0171487238258,-0.0046282238327,-0.00667259609327,0.0163052342832,-0.0245514158159,0.0302110277116,-0.0305401235819,0.018728826195],[0.000677730829921,-0.000527884752955,0.00813662912697,-0.0219109840691,0.0275176782161,-0.0184094626456,0.00280457548797,0.0101339714602,-0.0227819904685,0.033771853894,-0.0380907692015,0.0388043560088,-0.0223388951272],[-0.000734377885237,0.000855843012687,-0.00889701396227,0.0171487238258,-0.0184094626456,0.0209584608674,-0.00605188310146,-0.00822363141924,0.0213629025966,-0.0274444296956,0.027866974473,-0.026954067871,0.0148888807744],[0.000359325989848,-0.000787062104791,0.00359838409349,-0.0046282238327,0.00280457548797,-0.00605188310146,0.0106372553855,-0.000198858630029,-0.00962076056749,0.0120610706508,-0.00842857081443,0.00391131266952,-0.00226234435104],[-0.000171119900187,0.0015652992297,-0.000861872045789,-0.00667259609327,0.0101339714602,-0.00822363141924,-0.000198858630029,0.0138927008957,-0.0116026839241,0.0140614109114,-0.0166444890201,0.0176190938801,-0.0122507000342],[0.000274867576081,-0.00252120080404,-0.00165203644428,0.0163052342832,-0.0227819904685,0.0213629025966,-0.00962076056749,-0.0116026839241,0.0430463440716,-0.0518442280591,0.0472196638584,-0.0402740761638,0.0237679705024],[-0.000557881721761,0.00467708427459,0.00124628446065,-0.0245514158159,0.033771853894,-0.0274444296956,0.0120610706508,0.0140614109114,-0.0518442280591,0.0877160355449,-0.0832907855511,0.0667808279395,-0.0345363691449],[0.00054304045625,-0.0047602634877,-0.00258303713053,0.0302110277116,-0.0380907692015,0.027866974473,-0.00842857081443,-0.0166444890201,0.0472196638584,-0.0832907855511,0.10150796175,-0.0787862017751,0.0375667698681],[0.0000081154248619,0.00295787653886,0.00577525002882,-0.0305401235819,0.0388043560088,-0.026954067871,0.00391131266952,0.0176190938801,-0.0402740761638,0.0667808279395,-0.0787862017751,0.0850780308247,-0.0444787479937],[-0.0000236703726841,-0.00142414076254,-0.00292633124627,0.018728826195,-0.0223388951272,0.0148888807744,-0.00226234435104,-0.0122507000342,0.0237679705024,-0.0345363691449,0.0375667698681,-0.0444787479937,0.0401457063854]],"mean":[-96.7574310303,137.78578186,-92.8603668213,-5.850004673,-25.6054096222,-7.30618572235,-13.6607227325,-14.7589607239,-12.1789188385,-7.22462368011,-6.08751010895,4.80020093918,-1.96257448196]},"hfc":{"dmean":3.42716836929,"dmean2":4.7670674324,"dvar":26.8202705383,"dvar2":50.9923591614,"max":86.8131408691,"mean":10.2575740814,"median":6.69171857834,"min":1.07878506592e-16,"var":115.166748047},"melbands":{"dmean":[0.00104930531234,0.000496676657349,0.00060044019483,0.000630023423582,0.000568136398215,0.000337865523761,0.000142618388054,0.0000988004321698,0.000101895879197,0.0000787143362686,0.0000785404990893,0.0000828488846309,0.0000750495382817,0.0000487407014589,0.0000236454889091,0.0000135795207825,0.0000139907488119,0.000020270155801,0.00000807136439107,0.00000458123031422,0.00000349630226992,0.00000272260945167,0.00000198661405193,0.00000147755622493,9.43320912938e-7,6.69230189487e-7,4.81204494918e-7,3.37032588504e-7,3.07497288077e-7,2.61748368757e-7,2.33832352592e-7,1.38134879535e-7,9.37554887059e-8,6.50805134228e-8,5.03771460103e-8,3.96711143935e-8,3.68451473776e-8,2.63271289214e-8,1.66254405798e-8,1.36858497868e-8],"dmean2":[0.00175542326178,0.000806757539976,0.000977357500233,0.000994964502752,0.000827694660984,0.000502487004269,0.000228568824241,0.00015270683798,0.000156712601893,0.000118817421026,0.000118046627904,0.000126302024,0.000116854258522,0.0000772835483076,0.0000377455435228,0.0000217044998863,0.0000219595603994,0.0000315602192131,0.0000124605676319,0.00000724780875316,0.00000545874718227,0.00000430603176937,0.00000302481271319,0.00000226910174206,0.0000014503842749,0.00000103791182937,7.47401315948e-7,5.18864112564e-7,4.84811494061e-7,4.08904298865e-7,3.67931960454e-7,2.22439808795e-7,1.49358513113e-7,1.0318539978e-7,8.23205894562e-8,6.46662599024e-8,6.08403283309e-8,4.32392788241e-8,2.78746909999e-8,2.30675656354e-8],"dvar":[0.00000224286441153,5.06312574089e-7,9.46117779677e-7,0.00000189996217159,0.00000185094552307,8.73972169302e-7,8.78307844232e-8,9.84287851225e-8,1.41723461411e-7,5.37679696322e-8,3.85827263472e-8,3.03921865452e-8,2.67598991854e-8,1.0560624375e-8,2.04277728066e-9,6.08539607594e-10,9.76650649243e-10,2.08745531971e-9,4.06158745525e-10,1.09935373305e-10,3.75509831563e-11,4.44429944235e-11,1.84991154339e-11,8.26156330846e-12,3.54654348424e-12,1.83809716579e-12,8.8236915604e-13,4.79229015412e-13,4.17565558953e-13,2.92995797979e-13,2.93623686563e-13,9.2503912516e-14,4.10097133932e-14,2.53071370961e-14,1.14956931439e-14,6.48131315327e-15,7.2198750613e-15,2.62225963294e-15,1.08551592059e-15,8.13358093645e-16],"dvar2":[0.00000587815657127,0.0000013036042219,0.00000228020689974,0.00000417598448621,0.00000337379560733,0.00000178918787697,1.98611687097e-7,2.36800431708e-7,3.09745843197e-7,1.18199885435e-7,8.22083023877e-8,6.91858232926e-8,6.2269272405e-8,2.51442227039e-8,5.3537401179e-9,1.59395474597e-9,2.46926368241e-9,4.81448214629e-9,9.47767531123e-10,2.71981465128e-10,8.75107139531e-11,1.04086080033e-10,4.11148858015e-11,1.88340610469e-11,8.43120538663e-12,4.41986551525e-12,1.92843310765e-12,9.56374194248e-13,9.80011861593e-13,6.61959961672e-13,6.88981207156e-13,2.20744443232e-13,8.66092408295e-14,5.59131361274e-14,2.78655543735e-14,1.5558579002e-14,1.83421393308e-14,6.53594677837e-15,2.75328991241e-15,2.08255205005e-15],"max":[0.021984372288,0.00950847286731,0.0169974844903,0.0448259711266,0.0280830021948,0.0230154059827,0.00546123459935,0.0136481923983,0.00960965827107,0.00584141723812,0.00430464185774,0.0037081502378,0.00341047649272,0.00265167653561,0.000772087601945,0.000305106368614,0.00102402700577,0.000860692176502,0.000465968332719,0.000255204562563,0.000101439356513,0.00022572313901,0.0000941363687161,0.0000666814521537,0.0000484875417897,0.0000347148306901,0.0000271431235888,0.0000200789472729,0.00000924947198655,0.00000740100631447,0.0000118005591503,0.00000534768923899,0.00000716393333278,0.00000589289538766,0.00000215306317841,0.00000153257235525,0.00000163125594099,6.11640928128e-7,4.92615015446e-7,4.43903275027e-7],"mean":[0.00182169361506,0.000828786578495,0.00107812206261,0.000991204986349,0.00105122849345,0.000637788500171,0.000251970835961,0.000157323622261,0.000147127822856,0.000118565032608,0.000128303508973,0.000127756036818,0.000112578913104,0.0000897378849913,0.0000385374587495,0.0000213017374335,0.0000225547628361,0.0000344121945091,0.0000135793752634,0.00000767127312429,0.00000592677633904,0.00000450611196356,0.00000347655213773,0.00000264134632744,0.00000150604910232,9.28758822738e-7,6.7341045451e-7,5.32237947937e-7,4.33409582001e-7,3.65789759371e-7,3.18230803487e-7,1.69933542793e-7,1.17191177651e-7,7.7682230426e-8,5.5423974743e-8,4.26104662665e-8,3.54262006397e-8,2.51589860056e-8,1.56554200714e-8,1.23587797773e-8],"median":[0.000842434354126,0.000429311243352,0.000383729144232,0.000333478208631,0.000319545419188,0.000222820657655,0.0000936071082833,0.000046214183385,0.0000314436292683,0.0000296430607705,0.0000402186597057,0.0000457899295725,0.0000378552103939,0.0000296560956485,0.000013430269064,0.00000825982624519,0.00000826865471026,0.00000905347224034,0.00000370816155737,0.00000260213164438,0.00000231007447837,0.000001733328304,0.00000125438054965,8.87703038188e-7,6.0517561451e-7,3.54689234427e-7,2.41188274686e-7,1.8188673323e-7,1.43882118664e-7,1.12547041908e-7,8.85338238277e-8,5.98840372845e-8,4.15481657967e-8,2.8316989642e-8,1.92618649919e-8,1.38765736679e-8,8.535193885e-9,6.24192164622e-9,4.27123358904e-9,2.95857582877e-9],"min":[1.21364633103e-24,1.14432468595e-24,5.5462685252e-25,1.22301010998e-24,2.09953732481e-24,7.32880426462e-25,1.70915668687e-24,2.02253227312e-24,1.47426073057e-24,1.95911101178e-24,2.01529072722e-24,1.99644957336e-24,3.36929513482e-24,2.67750474728e-24,2.97158282363e-24,3.2336599685e-24,3.47518551185e-24,3.40720542334e-24,3.20315550615e-24,3.66069838106e-24,2.53381314175e-24,3.86053617544e-24,4.20653451278e-24,3.96203299166e-24,4.3991467357e-24,2.79586662079e-24,4.28001217293e-24,5.10800176234e-24,4.99402989977e-24,4.51729561676e-24,5.80670375471e-24,5.79585021194e-24,5.69001268859e-24,4.73729117386e-24,4.82026316944e-24,5.80452728747e-24,6.47103823287e-24,5.31164265515e-24,6.31285939403e-24,6.01284454772e-24],"var":[0.0000062798790168,0.00000117853005577,0.0000030986764159,0.00000377136188945,0.00000556930854145,0.00000227419764087,2.28376933364e-7,1.72463018089e-7,2.80010084452e-7,1.14826647746e-7,8.29082011933e-8,5.98955622877e-8,5.32378514606e-8,3.53130182873e-8,4.67203831178e-9,1.12295350796e-9,1.75800207725e-9,4.78294381878e-9,9.48361722486e-10,2.37224268007e-10,8.65605295775e-11,9.71882851974e-11,4.64863390837e-11,2.44622742201e-11,6.75530117955e-12,2.81107624157e-12,1.54179858984e-12,1.21013843477e-12,6.64991228316e-13,5.10245654322e-13,5.22927838184e-13,1.07164887316e-13,6.0042852038e-14,3.09505872808e-14,1.2429644377e-14,7.29460115494e-15,6.77605351386e-15,2.6883917303e-15,1.09543192354e-15,7.92773446021e-16]},"melbands_crest":{"dmean":3.75868391991,"dmean2":6.22347974777,"dvar":11.7676773071,"dvar2":31.9104690552,"max":37.0756416321,"mean":14.7010393143,"median":13.7396364212,"min":1.59412634373,"var":35.9699859619},"melbands_flatness_db":{"dmean":0.0370809212327,"dmean2":0.0578133165836,"dvar":0.00103689916432,"dvar2":0.00244074454531,"max":0.558809876442,"mean":0.289394855499,"median":0.295774519444,"min":0.00337847368792,"var":0.0064562256448},"melbands_kurtosis":{"dmean":4.43048810959,"dmean2":7.10823392868,"dvar":35.5952529907,"dvar2":84.6841125488,"max":120.789024353,"mean":8.16081619263,"median":5.4007062912,"min":-1.70672476292,"var":102.040107727},"melbands_skewness":{"dmean":0.606017947197,"dmean2":0.968690156937,"dvar":0.332314044237,"dvar2":0.815510451794,"max":9.52944564819,"mean":2.05053400993,"median":1.93939220905,"min":-1.23887932301,"var":1.46848034859},"melbands_spread":{"dmean":4.1619720459,"dmean2":6.65074777603,"dvar":33.8947792053,"dvar2":87.8408355713,"max":195.470565796,"mean":16.8742809296,"median":11.2868146896,"min":0.814371049404,"var":537.629882812},"mfcc":{"cov":[[11040.0029297,2573.19824219,-870.509765625,532.590698242,-10.3587598801,413.485961914,-58.7843818665,85.7481994629,-33.6196365356,59.1391944885,-44.5313529968,11.615735054,-159.605331421],[2573.19824219,2192.78710938,-51.3690414429,-52.8282814026,18.1804332733,106.888923645,77.6557998657,13.7245588303,-23.4274654388,-39.7274169922,20.526725769,-36.2026329041,-3.62540006638],[-870.509765625,-51.3690414429,580.329345703,-161.586349487,27.2621364594,-46.3375434875,42.8329162598,-3.33797717094,-8.89862632751,8.17420578003,8.82310009003,-2.46391034126,7.57476854324],[532.590698242,-52.8282814026,-161.586349487,360.49118042,47.2729454041,36.5431442261,-52.0484085083,21.5992774963,24.4922008514,10.2882947922,-1.53668165207,10.727848053,-13.6031227112],[-10.3587598801,18.1804332733,27.2621364594,47.2729454041,162.190155029,47.7528762817,26.5605487823,-9.75870990753,6.04909133911,-4.20081996918,17.7051429749,-3.88785481453,-1.374964118],[413.485961914,106.888923645,-46.3375434875,36.5431442261,47.7528762817,160.276153564,52.9205856323,29.9994297028,-1.75239670277,2.12083148956,-5.32088422775,1.76731669903,-5.20166158676],[-58.7843818665,77.6557998657,42.8329162598,-52.0484085083,26.5605487823,52.9205856323,142.060012817,64.3160552979,19.5082015991,-16.9720783234,-15.3654165268,-2.9669046402,21.1032009125],[85.7481994629,13.7245588303,-3.33797717094,21.5992774963,-9.75870990753,29.9994297028,64.3160552979,119.82636261,49.610660553,-7.98673343658,-29.5166893005,3.20472240448,11.3241567612],[-33.6196365356,-23.4274654388,-8.89862632751,24.4922008514,6.04909133911,-1.75239670277,19.5082015991,49.610660553,84.9347076416,26.4824638367,0.807598948479,9.07543849945,6.9863576889],[59.1391944885,-39.7274169922,8.17420578003,10.2882947922,-4.20081996918,2.12083148956,-16.9720783234,-7.98673343658,26.4824638367,90.3814620972,49.0375480652,12.5187005997,-6.81322860718],[-44.5313529968,20.526725769,8.82310009003,-1.53668165207,17.7051429749,-5.32088422775,-15.3654165268,-29.5166893005,0.807598948479,49.0375480652,91.8898468018,28.4700164795,-6.3353099823],[11.615735054,-36.2026329041,-2.46391034126,10.727848053,-3.88785481453,1.76731669903,-2.9669046402,3.20472240448,9.07543849945,12.5187005997,28.4700164795,70.3347396851,29.4373416901],[-159.605331421,-3.62540006638,7.57476854324,-13.6031227112,-1.374964118,-5.20166158676,21.1032009125,11.3241567612,6.9863576889,-6.81322860718,-6.3353099823,29.4373416901,80.8251495361]],"icov":[[0.000187859986909,-0.000229305616813,0.000187502198969,-0.000155224202899,0.00000363887625099,-0.000212557555642,0.000118097210361,-0.000136709320941,0.000274729274679,-0.000463689939352,0.00049274857156,-0.000432266941061,0.000424910715083],[-0.000229305616813,0.000780621892773,-0.000189071914065,0.000249240198173,0.00013402372133,-0.000113536058052,-0.000272582372418,0.000180475792149,-0.000381847698009,0.00101916748099,-0.0011809465941,0.00100667506922,-0.000657559430692],[0.000187502198969,-0.000189071914065,0.00234686443582,0.000798215274699,-0.00095752615016,0.000737809808925,-0.000376064388547,-0.000562983215787,0.000955370720476,-0.00128444994334,0.000851338321809,-0.000730991712771,0.000626550405286],[-0.000155224202899,0.000249240198173,0.000798215274699,0.00418041786179,-0.00177114654798,-0.000435023859609,0.00244121416472,-0.0017403512029,-0.000517191598192,0.0000298822196783,0.000143281242345,-0.000391691690311,0.0000828561678645],[0.00000363887625099,0.00013402372133,-0.00095752615016,-0.00177114654798,0.00876436010003,-0.00276542687789,-0.00199960777536,0.00327695347369,-0.00277094193734,0.00304098776542,-0.00339668011293,0.00210930150934,-0.000699679134414],[-0.000212557555642,-0.000113536058052,0.000737809808925,-0.000435023859609,-0.00276542687789,0.00966615881771,-0.00357829360291,-0.00154828955419,0.00308403256349,-0.00266084377654,0.00185183761641,-0.00167728739325,0.00142421817873],[0.000118097210361,-0.000272582372418,-0.000376064388547,0.00244121416472,-0.00199960777536,-0.00357829360291,0.01366667822,-0.00696308352053,-0.000291465694318,0.00183384970296,-0.00126670801546,0.00169265922159,-0.00272596161813],[-0.000136709320941,0.000180475792149,-0.000562983215787,-0.0017403512029,0.00327695347369,-0.00154828955419,-0.00696308352053,0.017832538113,-0.00923373177648,0.00207950617187,0.00311095360667,-0.00113164202776,0.00040311246994],[0.000274729274679,-0.000381847698009,0.000955370720476,-0.000517191598192,-0.00277094193734,0.00308403256349,-0.000291465694318,-0.00923373177648,0.020706878975,-0.00884843990207,0.00318155949935,-0.00255116214976,0.000512742728461],[-0.000463689939352,0.00101916748099,-0.00128444994334,0.0000298822196783,0.00304098776542,-0.00266084377654,0.00183384970296,0.00207950617187,-0.00884843990207,0.0215645059943,-0.0128278620541,0.00388054153882,-0.00147038314026],[0.00049274857156,-0.0011809465941,0.000851338321809,0.000143281242345,-0.00339668011293,0.00185183761641,-0.00126670801546,0.00311095360667,0.00318155949935,-0.0128278620541,0.0234230533242,-0.0109294336289,0.00528088584542],[-0.000432266941061,0.00100667506922,-0.000730991712771,-0.000391691690311,0.00210930150934,-0.00167728739325,0.00169265922159,-0.00113164202776,-0.00255116214976,0.00388054153882,-0.0109294336289,0.0233621839434,-0.0099791130051],[0.000424910715083,-0.000657559430692,0.000626550405286,0.0000828561678645,-0.000699679134414,0.00142421817873,-0.00272596161813,0.00040311246994,0.000512742728461,-0.00147038314026,0.00528088584542,-0.0099791130051,0.0177523642778]],"mean":[-736.095458984,188.554977417,-7.60933971405,17.0835533142,0.968156576157,11.8763599396,1.47973775864,4.1603679657,-2.68600797653,-5.32580137253,-5.23757505417,-2.16820025444,-1.21725988388]},"pitch_salience":{"dmean":0.0795160904527,"dmean2":0.130604341626,"dvar":0.00483137974516,"dvar2":0.0129853403196,"max":0.864525139332,"mean":0.577126085758,"median":0.58577299118,"min":0.102876439691,"var":0.0138233359903},"silence_rate_20dB":{"dmean":0,"dmean2":0,"dvar":0,"dvar2":0,"max":1,"mean":1,"median":1,"min":1,"var":0},"silence_rate_30dB":{"dmean":0.0117647061124,"dmean2":0.0235343556851,"dvar":0.0116259353235,"dvar2":0.026344107464,"max":1,"mean":0.985507249832,"median":1,"min":0,"var":0.0142829911783},"silence_rate_60dB":{"dmean":0.0126050421968,"dmean2":0.0252153817564,"dvar":0.0124465767294,"dvar2":0.0296222213656,"max":1,"mean":0.0867464840412,"median":0,"min":0,"var":0.0792210847139},"spectral_centroid":{"dmean":129.310516357,"dmean2":198.618804932,"dvar":47943.6914062,"dvar2":95425.3671875,"max":11771.1972656,"mean":955.13684082,"median":584.394958496,"min":220.886230469,"var":2934365.25},"spectral_complexity":{"dmean":2.61974787712,"dmean2":3.9357008934,"dvar":6.87013673782,"dvar2":13.3353853226,"max":35,"mean":12.981306076,"median":12,"min":0,"var":38.3690872192},"spectral_contrast_coeffs":{"dmean":[0.0552679896355,0.0474119931459,0.0380142219365,0.0302000958472,0.026148237288,0.0433859415352],"dmean2":[0.0895686969161,0.078279197216,0.0616971924901,0.0486045256257,0.042204182595,0.0705792978406],"dvar":[0.00208268151619,0.00149345700629,0.000967948464677,0.000601635314524,0.000495155050885,0.00168805627618],"dvar2":[0.00541364401579,0.00411912566051,0.00250654038973,0.0015108268708,0.00126762106083,0.00428436975926],"max":[-0.342705100775,-0.475616037846,-0.541778504848,-0.598731100559,-0.630588293076,-0.532275736332],"mean":[-0.665654420853,-0.744020819664,-0.791174173355,-0.807247102261,-0.830293416977,-0.790000140667],"median":[-0.666601896286,-0.744938850403,-0.793265998363,-0.810217142105,-0.827105939388,-0.802565157413],"min":[-0.983155488968,-0.977190434933,-0.9758695364,-0.970595180988,-0.969584465027,-0.965046107769],"var":[0.0102388225496,0.0060899076052,0.00406390614808,0.00315569760278,0.00262708938681,0.00484610209242]},"spectral_contrast_valleys":{"dmean":[0.405115783215,0.383824646473,0.375483214855,0.363950043917,0.436133772135,0.816374242306],"dmean2":[0.655215144157,0.616669178009,0.578932642937,0.537563800812,0.654465913773,1.32785439491],"dvar":[0.142934471369,0.146878421307,0.155320808291,0.153685986996,0.20208363235,0.509826719761],"dvar2":[0.315197080374,0.303123533726,0.298452556133,0.276205986738,0.402588218451,1.37523794174],"max":[-5.36861085892,-4.14543008804,-5.01594591141,-6.00952720642,-6.59042930603,-9.10872650146],"mean":[-7.65936756134,-7.267765522,-7.68002128601,-8.51856803894,-9.09082698822,-12.1208381653],"median":[-6.93719053268,-6.67216682434,-7.06773805618,-7.91187572479,-8.46025562286,-11.6041088104],"min":[-28.355758667,-28.1056137085,-27.8221359253,-27.7172088623,-27.546875,-27.4585800171],"var":[11.9944219589,12.2775850296,11.7847118378,10.8897037506,10.1501989365,7.53521680832]},"spectral_decrease":{"dmean":2.20360973913e-9,"dmean2":3.21075255272e-9,"dvar":8.64331775405e-18,"dvar2":1.70273408558e-17,"max":1.95973735752e-28,"mean":-6.53384413241e-9,"median":-4.5275889704e-9,"min":-5.15677598401e-8,"var":4.03582446569e-17},"spectral_energy":{"dmean":0.00856797210872,"dmean2":0.0124438079074,"dvar":0.000131383159896,"dvar2":0.000257232226431,"max":0.201483875513,"mean":0.0255905594677,"median":0.0177940577269,"min":1.00760284054e-20,"var":0.000615872675553},"spectral_energyband_high":{"dmean":0.0000343330029864,"dmean2":0.0000523007583979,"dvar":3.77342646019e-9,"dvar2":8.20110290789e-9,"max":0.000787821423728,"mean":0.0000558689389436,"median":0.0000236848682107,"min":7.0254468908e-21,"var":7.51646123121e-9},"spectral_energyband_low":{"dmean":0.00417850911617,"dmean2":0.00676579400897,"dvar":0.000029282991818,"dvar2":0.0000740401592338,"max":0.0844810903072,"mean":0.00894877780229,"median":0.00540685979649,"min":1.20674371923e-23,"var":0.000104205479147},"spectral_energyband_middle_high":{"dmean":0.00151867594104,"dmean2":0.00223648524843,"dvar":0.00000683258940626,"dvar2":0.0000151981748786,"max":0.0393932163715,"mean":0.00341127649881,"median":0.00192256248556,"min":1.03990012371e-21,"var":0.0000180862007255},"spectral_energyband_middle_low":{"dmean":0.00569167081267,"dmean2":0.00830679479986,"dvar":0.0000929679954425,"dvar2":0.00017774720618,"max":0.181985616684,"mean":0.0140690887347,"median":0.00723215518519,"min":1.50650571984e-22,"var":0.000364212522982},"spectral_entropy":{"dmean":0.251286685467,"dmean2":0.382871866226,"dvar":0.0513690263033,"dvar2":0.117934055626,"max":9.82328510284,"mean":7.05096817017,"median":7.00162220001,"min":5.42514848709,"var":0.403737097979},"spectral_flux":{"dmean":0.0210224688053,"dmean2":0.0326814092696,"dvar":0.000532472622581,"dvar2":0.00116466113832,"max":0.284931898117,"mean":0.0735774859786,"median":0.0646867454052,"min":6.34623395501e-11,"var":0.00192406622227},"spectral_kurtosis":{"dmean":6.9253988266,"dmean2":11.5379629135,"dvar":93.3311538696,"dvar2":250.83140564,"max":142.651138306,"mean":17.7470092773,"median":14.6832923889,"min":-1.27353620529,"var":148.17791748},"spectral_rms":{"dmean":0.000781159673352,"dmean2":0.00112236524001,"dvar":6.9188439511e-7,"dvar2":0.00000130680962229,"max":0.0140203293413,"mean":0.00443064747378,"median":0.00416654022411,"min":3.13532641689e-12,"var":0.00000533581214768},"spectral_rolloff":{"dmean":221.983947754,"dmean2":376.504821777,"dvar":324139.15625,"dvar2":806932.25,"max":19595.2148438,"mean":1279.32910156,"median":667.529296875,"min":21.533203125,"var":9930398},"spectral_skewness":{"dmean":0.49192237854,"dmean2":0.791329443455,"dvar":0.31840339303,"dvar2":0.796525776386,"max":9.32315063477,"mean":2.88746929169,"median":2.77380037308,"min":-0.0643400922418,"var":1.03667700291},"spectral_spread":{"dmean":648815.25,"dmean2":1064287,"dvar":715981586432,"dvar2":1576206467070,"max":43617280,"mean":3824451.75,"median":2720430.75,"min":735532.25,"var":38213536186400},"spectral_strongpeak":{"dmean":0.365368098021,"dmean2":0.610800921917,"dvar":0.35652628541,"dvar2":0.871275126934,"max":6.2994556427,"mean":0.633724987507,"median":0.300602853298,"min":0,"var":0.661994576454},"zerocrossingrate":{"dmean":0.00460471771657,"dmean2":0.0058786640875,"dvar":0.0000854030949995,"dvar2":0.0001516330085,"max":0.5283203125,"mean":0.0406305193901,"median":0.0234375,"min":0.00244140625,"var":0.00689635006711}},"metadata":{"audio_properties":{"analysis_sample_rate":44100,"bit_rate":140828,"codec":"mp3","downmix":"mix","equal_loudness":0,"length":110.525146484,"lossless":false,"md5_encoded":"7701ab897e0c8ccf7ae5c9604e95719a","replay_gain":-0.445241928101,"sample_rate":44100},"tags":{"album":["The Complete Columbia Album Collection"],"albumartist":["Johnny Cash"],"albumartistsort":["Cash, Johnny"],"artist":["Johnny Cash"],"artists":["Johnny Cash"],"artistsort":["Cash, Johnny"],"asin":["B008DDC874"],"barcode":["886979104723"],"catalognumber":["88697910472"],"date":["2012-12-04"],"discnumber":["4/63"],"file_name":"04 - Time Changes Everything.mp3","isrc":["USSM19901912"],"label":["Columbia","Legacy"],"media":["CD"],"musicbrainz album release country":["US"],"musicbrainz album status":["official"],"musicbrainz album type":["album","compilation"],"musicbrainz release track id":["b994242e-4ee9-318f-b2be-a8faaa878e11"],"musicbrainz_albumartistid":["d43d12a1-2dc9-4257-a2fd-0a3bb1081b86"],"musicbrainz_albumid":["de36c451-000c-4488-9375-b6d40b6636e5"],"musicbrainz_artistid":["d43d12a1-2dc9-4257-a2fd-0a3bb1081b86"],"musicbrainz_recordingid":["52f3b53f-b8e0-4983-a79e-14ba0edd0636"],"musicbrainz_releasegroupid":["30578604-ce5e-4d3d-a09c-6c06fc4c526b"],"originaldate":["2012"],"script":["Latn"],"title":["Time Changes Everything"],"tracknumber":["4/12"]},"version":{"essentia":"2.1-beta1","essentia_build_sha":"ca57ba49d9b1854bd80e60cf9ccf267278fb7d6b","essentia_git_sha":"v2.1_beta1-28-g21ef5f4-dirty","extractor":"music 1.0"}},"rhythm":{"beats_count":173,"beats_loudness":{"dmean":0.0238855723292,"dmean2":0.0422313660383,"dvar":0.000570850097574,"dvar2":0.00172680860851,"max":0.170960471034,"mean":0.0396756306291,"median":0.0341275632381,"min":0,"var":0.000713080109563},"beats_loudness_band_ratio":{"dmean":[0.188648626208,0.157884314656,0.0832970961928,0.105122342706,0.0219640545547,