{"lowlevel":{"average_loudness":0.633544683456,"barkbands":{"dmean":[0.0000587956419622,0.00206054328009,0.00374956266023,0.0016905174125,0.00403339788318,0.00054994400125,0.000588327704463,0.000412991328631,0.000405718252296,0.000472608197015,0.000248826399911,0.000414844456827,0.000397266907385,0.000236499123275,0.000250936922384,0.000154444176587,0.000179017544724,0.000159418035764,0.000123696241644,0.000081736514403,0.0000854986719787,0.000142768403748,0.000135884576594,0.000101470155641,0.0000488129771838,0.0000114379508886,1.49193780885e-7],"dmean2":[0.000102140125819,0.00352766294964,0.00677802274004,0.00292661227286,0.00714524462819,0.000889086048119,0.000942583603319,0.000660909630824,0.000635156291537,0.000761238217819,0.000403981015552,0.000678852607962,0.000643823004793,0.000368856417481,0.000393125053961,0.000239773202338,0.000279810192296,0.000242539012106,0.000186996054254,0.00011970759806,0.000117985226098,0.000188094811165,0.00018208163965,0.000139959098306,0.0000645073523629,0.0000167353737197,2.51589426625e-7],"dvar":[3.76295172799e-9,0.0000151200028995,0.000060707279772,0.0000112076550067,0.000175685301656,0.00000166267534496,0.0000016092928945,0.00000176094761173,0.00000138218013035,0.00000201287161872,4.35505000951e-7,0.00000147689058849,7.49153286961e-7,2.9753678632e-7,2.39558914927e-7,6.84797925032e-8,7.95110750573e-8,7.53907656303e-8,4.11157152769e-8,1.86155251214e-8,2.29635830351e-8,8.70594192293e-8,6.85792116428e-8,5.31390575986e-8,8.74764083392e-9,1.04155273295e-9,1.32823643035e-13],"dvar2":[1.09779616508e-8,0.0000390439963667,0.000170682789758,0.0000298175982607,0.000484044692712,0.00000420666992795,0.00000383516544389,0.00000436474419985,0.00000330690045303,0.00000539707662028,0.00000108956578515,0.00000413475663663,0.00000205428091249,7.56201586682e-7,5.94842617829e-7,1.59187294457e-7,1.86420194837e-7,1.73547505256e-7,9.31325416786e-8,3.98228436893e-8,4.59283917564e-8,1.72347526473e-7,1.34134950258e-7,1.06937420696e-7,1.63138356157e-8,2.42480702184e-9,3.47854313713e-13],"max":[0.000574600882828,0.0314904674888,0.103337243199,0.044545892626,0.133060902357,0.0295811071992,0.0240767374635,0.028628911823,0.030019108206,0.0296922661364,0.0221524853259,0.0254947096109,0.0159132312983,0.0129058295861,0.0149343479425,0.00578192761168,0.00573136098683,0.00778640015051,0.00648535601795,0.00283520994708,0.00266458280385,0.00384248793125,0.00384552474134,0.00399854499847,0.00137297739275,0.0006439537392,0.00000550855338588],"mean":[0.000143374083564,0.00256131240167,0.00429592700675,0.00181371183135,0.00351263955235,0.000828067655675,0.00088228675304,0.000659695477225,0.000648473738693,0.000793980143499,0.000397987372708,0.000790580059402,0.00073783157859,0.000420117226895,0.000466986210085,0.000274545775028,0.000353297422407,0.000304301851429,0.000254368991591,0.0001658910478,0.00015644627274,0.000223593597184,0.000220202666242,0.000157390502864,0.0000787303215475,0.0000149412135215,1.383745456e-7],"median":[0.000135480921017,0.00126352405641,0.00153270177543,0.000562702072784,0.00098231388256,0.000291979464237,0.000273472978733,0.000137392227771,0.000162802360137,0.000183851720067,0.000101817196992,0.000178396003321,0.000284065346932,0.000173723281478,0.00019979022909,0.000153004119056,0.000208585057408,0.000173203341546,0.000147610960994,0.0000881560263224,0.0000743269192753,0.0000791515631136,0.0000753439526306,0.000039547765482,0.0000202567152883,0.00000264626737589,1.64877285158e-8],"min":[1.88140269059e-24,1.42147575971e-23,2.89237113077e-23,7.79611589993e-24,2.85414545566e-23,2.66659345989e-23,2.68483791937e-23,1.85216651937e-23,5.78532728078e-23,5.19376017241e-23,5.37684500664e-23,1.30368360154e-23,9.13936063921e-23,2.95202984113e-23,9.21170170858e-23,1.83101961975e-22,1.06204873784e-22,5.10766673312e-23,1.79012027414e-22,1.64784586512e-22,3.77489835065e-22,4.71252378134e-22,4.960611827e-22,7.00540341195e-22,1.01333886149e-21,1.58545592897e-21,2.14563602897e-21],"var":[5.87575454958e-9,0.0000147796135934,0.0000556240484002,0.0000106418010546,0.000115131719213,0.00000235112702285,0.00000331208184434,0.00000297360588775,0.00000253131975114,0.00000430687941844,8.86323221039e-7,0.00000387994759876,0.00000179654784915,6.3193334654e-7,6.36237416529e-7,1.39721208825e-7,2.24060727305e-7,1.81655479992e-7,1.13862270723e-7,4.94072409651e-8,5.35944337798e-8,1.63320706292e-7,1.44065140262e-7,1.06979584302e-7,2.08691641745e-8,1.38511380143e-9,1.28441623114e-13]},"barkbands_crest":{"dmean":2.49600243568,"dmean2":4.19882678986,"dvar":6.5815243721,"dvar2":17.6463985443,"max":22.4724960327,"mean":8.69177722931,"median":8.06126499176,"min":2.18134355545,"var":12.2421398163},"barkbands_flatness_db":{"dmean":0.0221448596567,"dmean2":0.0350463092327,"dvar":0.000502864422742,"dvar2":0.00128829048481,"max":0.439412385225,"mean":0.126876458526,"median":0.112610064447,"min":0.0243151690811,"var":0.00422676093876},"barkbands_kurtosis":{"dmean":2.62495565414,"dmean2":4.39428520203,"dvar":24.1915893555,"dvar2":63.6180267334,"max":89.2583999634,"mean":2.45320248604,"median":0.406891316175,"min":-1.9032933712,"var":42.6914100647},"barkbands_skewness":{"dmean":0.609393000603,"dmean2":0.962870299816,"dvar":0.474915504456,"dvar2":1.14827370644,"max":7.64844799042,"mean":1.20082259178,"median":1.04352748394,"min":-2.4333794117,"var":1.38207602501},"barkbands_spread":{"dmean":7.75390291214,"dmean2":12.0024871826,"dvar":89.232093811,"dvar2":199.081069946,"max":98.6778411865,"mean":29.5281658173,"median":26.1776027679,"min":1.31701374054,"var":298.376068115},"dissonance":{"dmean":0.0158989075571,"dmean2":0.0263949818909,"dvar":0.000325538014295,"dvar2":0.000888701353688,"max":0.5,"mean":0.462885856628,"median":0.475597470999,"min":0.182094916701,"var":0.00188074214384},"dynamic_complexity":5.11963796616,"erbbands":{"dmean":[0.021574895829,0.602995872498,3.53952455521,5.87437105179,11.3602275848,13.2430267334,3.71787524223,5.04001379013,7.48918581009,8.72493171692,9.19241142273,9.2268075943,10.9383506775,13.8746671677,10.6016530991,17.8100090027,17.5657787323,13.6817350388,12.6211338043,10.3744020462,8.70163536072,9.0241060257,8.54384231567,7.06804847717,5.5427570343,3.78565907478,3.43450045586,3.58177399635,5.01237821579,5.24339437485,3.56545591354,2.72389793396,1.29277825356,0.742677330971,0.245309710503,0.0879890620708,0.0102180894464,0.00113294331823,0.0000307383888867,0.0000145502972373],"dmean2":[0.0363972634077,1.02980387211,6.29142189026,10.4239959717,19.9319858551,23.6536521912,5.87238025665,8.31970119476,11.8290424347,14.021692276,14.5169792175,14.6227626801,17.1836585999,22.4454536438,17.1453800201,28.9045085907,28.311624527,21.5323085785,19.8331127167,16.0645999908,13.5080480576,13.8981294632,12.8955879211,10.6582336426,8.28126811981,5.48971366882,4.84088373184,4.89644432068,6.67198085785,7.04782438278,4.85358524323,3.84148550034,1.72858154774,0.998196780682,0.327476471663,0.128205060959,0.0142390113324,0.00161275581922,0.0000421254771936,0.000021860414563],"dvar":[0.00156353949569,1.26681482792,51.09217453,147.961776733,1270.25292969,1788.91040039,61.8000488281,170.587127686,268.697509766,545.846618652,772.824523926,755.135620117,1025.36499023,1813.81713867,909.22857666,2754.33007813,1473.46496582,873.951843262,729.608215332,453.593109131,191.655715942,220.948501587,213.015655518,141.705307007,90.3026351929,36.3453369141,40.653301239,42.6469612122,106.88079071,114.813873291,46.4078445435,40.5270576477,8.20716381073,2.11900043488,0.233500540257,0.0620551407337,0.000590373587329,0.00000549199603483,3.53342732851e-9,6.30533292245e-10],"dvar2":[0.00400527147576,3.23733639717,141.994766235,405.389465332,3445.51464844,4972.74316406,151.498641968,445.837371826,613.474365234,1304.17126465,1971.24133301,1841.44140625,2470.53125,4962.859375,2353.42797852,7647.23144531,3969.88232422,2224.90600586,1800.4251709,1083.96374512,456.965789795,515.658508301,484.015625,324.710632324,195.134094238,76.1362991333,83.6383361816,87.9769439697,211.932571411,229.366836548,91.325378418,87.1739196777,15.6302366257,4.04609680176,0.449164420366,0.144789040089,0.00127970881294,0.0000119236601677,7.22055482072e-9,1.48594392346e-9],"max":[0.350617587566,9.33058357239,82.7035140991,186.699325562,403.884277344,451.13873291,194.22038269,312.875549316,340.721343994,723.266906738,738.17578125,609.659606934,866.416137695,941.533325195,1039.36279297,1142.21240234,729.85949707,726.869934082,959.678955078,643.223815918,250.928924561,309.546569824,496.58380127,229.768325806,291.04977417,101.74508667,103.860244751,129.43371582,131.278396606,152.96270752,88.2298812866,95.40284729,67.1798858643,24.4926433563,8.57855129242,5.26027917862,0.460390388966,0.0295841414481,0.000786352728028,0.000261197041254],"mean":[0.0280855000019,0.78129273653,4.49499225616,6.32982444763,10.2234869003,11.158780098,5.85021591187,6.71092844009,11.2623109818,13.150053978,16.0676898956,15.2090749741,19.0879478455,24.2921562195,20.5044536591,35.5031929016,33.8075904846,26.8504276276,23.5854606628,19.7168369293,16.9228019714,18.4660873413,17.6736049652,14.4279193878,11.666970253,7.83765220642,6.18962001801,6.45771980286,7.88722276688,8.12590694427,5.83311605453,4.11350822449,2.04972648621,1.17155706882,0.393384665251,0.116108179092,0.0151583226398,0.00163777219132,0.0000528275850229,0.0000289430536213],"median":[0.0152464443818,0.391224622726,1.51881229877,2.51419782639,3.23186230659,2.79758763313,2.13576436043,2.26775979996,3.79507756233,3.50904989243,3.67314958572,3.82692027092,4.9434132576,6.28551340103,5.56729984283,9.74704456329,13.0398397446,12.4869394302,9.91983222961,8.87211704254,10.2083158493,11.3557987213,10.7688941956,8.61299419403,6.56197738647,4.30793142319,2.82615590096,3.04765272141,2.81325411797,2.68850803375,2.03309488297,1.05901288986,0.53894764185,0.29796615243,0.102846190333,0.0222979467362,0.00297040073201,0.000288455747068,0.0000211187016248,0.0000201062612177],"min":[2.71653100577e-22,4.29491116797e-21,3.00520371095e-20,2.49497334441e-20,3.82948111343e-20,7.85527803561e-20,1.80492127978e-19,2.38539527464e-19,2.86285607342e-19,3.67066178958e-19,8.45198415752e-19,1.48914906175e-18,1.51485762839e-18,2.54661448209e-18,2.46871516149e-18,1.50546664689e-18,4.63032669927e-18,2.5410758875e-18,5.07763288732e-18,7.04517668645e-18,1.00550983384e-17,6.4959721867e-18,4.20326327518e-18,5.15812790067e-18,9.55713643678e-18,7.992427528e-18,1.11773987955e-17,1.70071874274e-17,1.50430106669e-17,1.69476999065e-17,1.31544894997e-17,1.32627724049e-17,1.21789499084e-17,1.25120836652e-17,7.2650826523e-18,4.68511087124e-18,3.07285024418e-18,1.09136421242e-18,2.7365577431e-19,3.16649294441e-20],"var":[0.00158799497876,1.3020209074,50.1976470947,131.266693115,867.714111328,1150.70788574,114.461517334,191.845046997,526.59954834,1121.88061523,1530.81469727,1365.20825195,2266.81469727,3838.12280273,2160.4206543,7302.69921875,3620.26025391,2085.46337891,1931.72668457,1071.01721191,460.761871338,595.006286621,563.571533203,364.490081787,267.854431152,101.280021667,86.9922714233,93.4920959473,201.859191895,215.189224243,98.5798873901,72.1351623535,18.2742576599,4.80297422409,0.527755558491,0.0825532004237,0.0010309133213,0.0000101516479845,7.02594560309e-9,1.00128083602e-9]},"erbbands_crest":{"dmean":2.26419496536,"dmean2":3.58152890205,"dvar":4.7645945549,"dvar2":11.1425647736,"max":29.8673667908,"mean":8.88230323792,"median":7.24450063705,"min":2.55828809738,"var":27.952627182},"erbbands_flatness_db":{"dmean":0.0168373640627,"dmean2":0.0225520916283,"dvar":0.000305178866256,"dvar2":0.000506897282321,"max":0.397813379765,"mean":0.156277015805,"median":0.144800171256,"min":0.0559427775443,"var":0.00299816858023},"erbbands_kurtosis":{"dmean":1.20258712769,"dmean2":1.82687151432,"dvar":8.31476020813,"dvar2":20.1020832062,"max":184.124084473,"mean":2.98591566086,"median":0.0278150364757,"min":-1.78828823566,"var":260.91595459},"erbbands_skewness":{"dmean":0.367060869932,"dmean2":0.546262204647,"dvar":0.129061177373,"dvar2":0.286547392607,"max":10.2546482086,"mean":0.0654582455754,"median":-0.107084237039,"min":-4.09973526001,"var":1.91645121574},"erbbands_spread":{"dmean":10.4890985489,"dmean2":15.34623909,"dvar":149.554702759,"dvar2":318.473876953,"max":149.851806641,"mean":41.6290016174,"median":37.7002906799,"min":0.66958117485,"var":573.310119629},"gfcc":{"cov":[[21964.4277344,-1626.88037109,-1800.56311035,1635.07629395,-569.671203613,1137.09179688,-587.319335938,209.026687622,-874.293945313,-601.971130371,-747.159057617,-185.25289917,-229.681686401],[-1626.88037109,1667.87841797,-310.553070068,-456.672515869,343.151947021,-186.517913818,296.037567139,-116.57384491,209.018203735,-134.642745972,204.030044556,-117.183006287,82.2358016968],[-1800.56311035,-310.553070068,909.940368652,78.279045105,-123.731750488,-51.4649620056,-74.2687454224,14.476559639,-0.555959224701,133.358047485,-14.710896492,82.8787231445,-21.363702774],[1635.07629395,-456.672515869,78.279045105,461.983306885,-19.7083263397,95.5606536865,-104.292404175,13.9422521591,-105.847625732,-40.7452507019,-113.066078186,12.1038990021,-18.0734558105],[-569.671203613,343.151947021,-123.731750488,-19.7083263397,333.988555908,3.99341368675,64.0394592285,-40.2475318909,54.9849624634,-19.347568512,27.3530044556,-24.6663551331,21.6309299469],[1137.09179688,-186.517913818,-51.4649620056,95.5606536865,3.99341368675,216.679046631,-1.29036986828,5.0860490799,-76.2267379761,-32.4021453857,-51.6705207825,-21.8477401733,-13.2069225311],[-587.319335938,296.037567139,-74.2687454224,-104.292404175,64.0394592285,-1.29036986828,213.637786865,19.9631137848,43.2972831726,-37.5733947754,54.7770729065,-13.4081859589,13.9062871933],[209.026687622,-116.57384491,14.476559639,13.9422521591,-40.2475318909,5.0860490799,19.9631137848,107.177131653,14.462647438,10.9803218842,-16.6394939423,9.37950515747,-12.7168693542],[-874.293945313,209.018203735,-0.555959224701,-105.847625732,54.9849624634,-76.2267379761,43.2972831726,14.462647438,141.525924683,46.2536506653,47.7412109375,-3.17688655853,9.95178508759],[-601.971130371,-134.642745972,133.358047485,-40.7452507019,-19.347568512,-32.4021453857,-37.5733947754,10.9803218842,46.2536506653,128.803085327,29.3900222778,29.7205085754,-19.1386833191],[-747.159057617,204.030044556,-14.710896492,-113.066078186,27.3530044556,-51.6705207825,54.7770729065,-16.6394939423,47.7412109375,29.3900222778,112.136962891,19.5535774231,17.7191696167],[-185.25289917,-117.183006287,82.8787231445,12.1038990021,-24.6663551331,-21.8477401733,-13.4081859589,9.37950515747,-3.17688655853,29.7205085754,19.5535774231,85.9756774902,10.9599838257],[-229.681686401,82.2358016968,-21.363702774,-18.0734558105,21.6309299469,-13.2069225311,13.9062871933,-12.7168693542,9.95178508759,-19.1386833191,17.7191696167,10.9599838257,55.234539032]],"icov":[[0.000248085852945,-0.000551866018213,0.000613891344983,-0.000789079756942,0.000694706162903,-0.000951821391936,0.000662591017317,-0.000680522934999,0.000639935489744,-0.000325218774378,0.000733173743356,-0.000680827361066,0.000681264034938],[-0.000551866018213,0.00389258912764,-0.00163683062419,0.00306280655786,-0.00299612386152,0.00326497689821,-0.00243927468546,0.0031001875177,-0.00339077389799,0.00454589771107,-0.00417231069878,0.00398410949856,-0.00170529028401],[0.000613891344983,-0.00163683062419,0.00304553797469,-0.0024051705841,0.00226768804714,-0.00210750382394,0.00140015478246,-0.00149341544602,0.00195977231488,-0.00286148837768,0.00275847571902,-0.00278070173226,0.00161460076924],[-0.000789079756942,0.00306280655786,-0.0024051705841,0.00665594357997,-0.0035276368726,0.00296301511116,-0.00142706336919,0.00232086563483,-0.00184989464469,0.00391011172906,-0.00150389655028,0.0022841989994,-0.00189269497059],[0.000694706162903,-0.00299612386152,0.00226768804714,-0.0035276368726,0.00668419897556,-0.00379154481925,0.00134614610579,-0.00089003139874,0.000822924543172,-0.00305069284514,0.00340084801428,-0.00286612100899,0.00127669773065],[-0.000951821391936,0.00326497689821,-0.00210750382394,0.00296301511116,-0.00379154481925,0.010745796375,-0.00422155344859,0.0028637368232,0.000284704670776,0.00159280572552,-0.00219352240674,0.00498528731987,-0.00267312885262],[0.000662591017317,-0.00243927468546,0.00140015478246,-0.00142706336919,0.00134614610579,-0.00422155344859,0.00986564811319,-0.00504523236305,0.000817205640487,0.00200267788023,-0.00111999944784,-0.00238979514688,0.00265972316265],[-0.000680522934999,0.0031001875177,-0.00149341544602,0.00232086563483,-0.00089003139874,0.0028637368232,-0.00504523236305,0.01486479491,-0.00575468549505,0.00204254384153,-0.0000946801374084,0.00103467691224,0.0000318131678796],[0.000639935489744,-0.00339077389799,0.00195977231488,-0.00184989464469,0.000822924543172,0.000284704670776,0.000817205640487,-0.00575468549505,0.0167893078178,-0.00891665928066,0.00294182007201,-0.000665820378345,-0.000848995929118],[-0.000325218774378,0.00454589771107,-0.00286148837768,0.00391011172906,-0.00305069284514,0.00159280572552,0.00200267788023,0.00204254384153,-0.00891665928066,0.0213265828788,-0.00885790959001,0.000967019004747,0.00523967295885],[0.000733173743356,-0.00417231069878,0.00275847571902,-0.00150389655028,0.00340084801428,-0.00219352240674,-0.00111999944784,-0.0000946801374084,0.00294182007201,-0.00885790959001,0.021492054686,-0.0079308534041,-0.00068084342638],[-0.000680827361066,0.00398410949856,-0.00278070173226,0.0022841989994,-0.00286612100899,0.00498528731987,-0.00238979514688,0.00103467691224,-0.000665820378345,0.000967019004747,-0.0079308534041,0.0202437508851,-0.00695423642173],[0.000681264034938,-0.00170529028401,0.00161460076924,-0.00189269497059,0.00127669773065,-0.00267312885262,0.00265972316265,0.0000318131678796,-0.000848995929118,0.00523967295885,-0.00068084342638,-0.00695423642173,0.0252469852567]],"mean":[-40.9569587708,90.3933486938,-121.755554199,46.2347259521,-59.1269760132,25.5978240967,-40.7228927612,4.77942371368,-23.4547309875,-3.15471720695,-14.2705621719,-4.98331975937,-16.2233428955]},"hfc":{"dmean":6.40953302383,"dmean2":8.2225933075,"dvar":95.1977996826,"dvar2":156.365737915,"max":120.451751709,"mean":17.5695381165,"median":11.8802013397,"min":1.12791741054e-16,"var":337.324432373},"melbands":{"dmean":[0.00038073406904,0.00145914487075,0.00104045670014,0.00106791465078,0.000167106845765,0.000109856955532,0.00011856025958,0.0000922428371268,0.0000753781860112,0.0000565340196772,0.0000565700465813,0.0000605642708251,0.0000358475408575,0.0000489544509037,0.0000414327441831,0.0000351113158104,0.0000256991152128,0.0000207710127142,0.0000156170881382,0.0000122605033539,0.0000108847452793,0.00000956887470238,0.0000108925096356,0.00000787285807746,0.00000607740412306,0.00000488026898893,0.00000353545920007,0.00000247946354648,0.00000221824166147,0.00000221722280003,0.00000217028514271,0.0000028501219731,0.0000031823608424,0.00000301529848912,0.00000233000855587,0.00000174660624452,0.00000160975059771,9.50849766923e-7,7.4337526712e-7,6.16743420778e-7],"dmean2":[0.00064747169381,0.00252602365799,0.00181817845441,0.00189991027582,0.0002746116661,0.000179493246833,0.00018765074492,0.000146899546962,0.000119346019346,0.0000895440171007,0.0000891330491868,0.0000979401011136,0.0000579935403948,0.0000803087605163,0.0000663926184643,0.0000569012918277,0.0000403142439609,0.0000329381073243,0.0000245945957431,0.0000189669281099,0.0000170905041159,0.0000150617943291,0.0000169964623637,0.0000122691635625,0.00000940602967603,0.00000754099528422,0.00000531808109372,0.00000370629368263,0.00000325050177707,0.00000320827757605,0.00000307169943881,0.00000393281152355,0.0000043729060053,0.00000418520039602,0.0000032768816709,0.00000250430866799,0.00000229573265642,0.00000131732701902,0.00000103045351807,8.5395242877e-7],"dvar":[5.09229153067e-7,0.00000807891683507,0.00000410613210988,0.0000125246479001,1.41154586686e-7,7.56248397238e-8,6.49957598853e-8,6.6387187303e-8,4.94723906286e-8,2.64393253957e-8,2.73445994736e-8,3.64148036169e-8,8.88532891707e-9,2.32137793432e-8,1.02356212395e-8,5.08210051819e-9,3.29640026386e-9,2.15210049781e-9,9.27680599005e-10,5.42088318678e-10,3.10471731657e-10,2.67743160975e-10,3.66222940862e-10,1.77731565576e-10,1.10696819766e-10,7.22453208368e-11,3.97061585e-11,1.65417783637e-11,1.7464864624e-11,1.73272958481e-11,1.7060743443e-11,3.46773096349e-11,4.95512936238e-11,3.83453199748e-11,2.02797813265e-11,1.56830052417e-11,1.42980636011e-11,4.85281433094e-12,2.4808516786e-12,1.49189070386e-12],"dvar2":[0.00000130953617372,0.0000217738161155,0.0000109119964691,0.0000346083616023,3.65581968254e-7,1.94359017769e-7,1.50814898348e-7,1.58067933853e-7,1.23504790395e-7,6.40231405669e-8,6.62209913571e-8,1.00213313203e-7,2.28224550369e-8,6.5124659443e-8,2.73447273713e-8,1.3419202638e-8,8.3809910123e-9,5.34507060834e-9,2.26238694445e-9,1.30202548743e-9,7.66717966894e-10,6.4773947317e-10,8.83499606807e-10,4.24889901041e-10,2.649172548e-10,1.60788979353e-10,9.24374049527e-11,3.66112799799e-11,3.80828632518e-11,3.82190112891e-11,3.69547344115e-11,7.18760398422e-11,1.0338712525e-10,7.94987409236e-11,4.21509563364e-11,3.46389444905e-11,3.07500414021e-11,9.65420278443e-12,4.91872124628e-12,2.98477475374e-12],"max":[0.00572739401832,0.031498093158,0.0268556829542,0.0359702445567,0.00537860812619,0.00683499034494,0.00523443333805,0.00814978871495,0.00574217690155,0.0033400633838,0.00425356766209,0.00413363333791,0.00298560946248,0.00335245695896,0.00321863195859,0.00149869464803,0.00143923377618,0.00153923791368,0.000941018108279,0.000625958724413,0.000322970969137,0.000355130876414,0.000634291034658,0.000280205917079,0.000192656967556,0.000272023055004,0.000164366763784,0.0000599195191171,0.0000670294903102,0.0000902471365407,0.0000627985646133,0.0000741778931115,0.0000986855156953,0.0000954092975007,0.0000546949777345,0.0000548903735762,0.000057346183894,0.0000537225641892,0.0000372661415895,0.000016727433831],"mean":[0.000481466442579,0.00193986622617,0.00114647031296,0.000901578576304,0.000223155991989,0.00015217847249,0.000178876405698,0.000140124029713,0.000129686959554,0.0000921232203837,0.0000961059267865,0.000101492856629,0.0000622057195869,0.0000920494931052,0.000079700628703,0.0000683471444063,0.0000463698670501,0.0000364784282283,0.0000287465936708,0.0000218131517613,0.0000196972632693,0.0000182134990609,0.0000197112785827,0.0000145349258673,0.0000112209263534,0.00000954365896177,0.00000679239019519,0.00000469505948786,0.00000374784349333,0.00000373496209249,0.00000368467249245,0.00000434517551184,0.00000467695917905,0.00000454186147181,0.0000036362901028,0.00000264316076937,0.00000236616756411,0.0000014545803424,0.00000114662304895,9.42348776789e-7],"median":[0.000258310348727,0.000738080474548,0.000506452401169,0.000240390625549,0.0000821023786557,0.0000518595916219,0.0000606595531281,0.0000365990308637,0.000028654212656,0.0000230498553719,0.0000240898480115,0.00002484660763,0.0000163875993167,0.0000187043933693,0.0000291361484415,0.0000296535199595,0.0000195734955923,0.0000138352525028,0.0000124298139781,0.0000111254576041,0.0000112423876999,0.0000109433021862,0.0000111871004265,0.00000807304422779,0.00000620401533524,0.00000500172018292,0.00000349322340298,0.00000252877975981,0.00000165061851476,0.00000165266976637,0.0000017030233721,0.00000155764234933,0.0000014574081888,0.00000148680078382,0.00000129782824843,7.47709691495e-7,5.7473829429e-7,3.70955689277e-7,2.87876218863e-7,2.35532723991e-7],"min":[4.22165066544e-24,1.25156087941e-23,5.08855910204e-24,3.57057536137e-24,6.55871933363e-24,5.48455859899e-24,4.71710225114e-24,3.73115194293e-24,8.11207756944e-24,8.8340470142e-24,6.9578107709e-24,9.85867162272e-24,8.20279499582e-24,1.76554032286e-24,7.25921559012e-24,7.17349954188e-24,3.12565130272e-24,7.12175105536e-24,6.84962796408e-24,1.03600929133e-23,1.11234168133e-23,6.05018922298e-24,5.54313191564e-24,2.49501025711e-24,3.93149934146e-24,6.69820295787e-24,6.38709593838e-24,4.34956879996e-24,6.68976372391e-24,7.58375059994e-24,8.59639083359e-24,7.33850873287e-24,8.36127084079e-24,9.31443253991e-24,7.36116324034e-24,6.35651022336e-24,8.83232650857e-24,8.52135438429e-24,9.13104998958e-24,1.0880036658e-23],"var":[4.87132979288e-7,0.00000843446741783,0.00000371761871065,0.00000810544679553,1.67954127051e-7,9.23866920743e-8,1.28123673448e-7,1.26317146965e-7,9.97054314666e-8,4.97214927009e-8,5.98058775836e-8,7.41564747386e-8,1.96143670195e-8,5.80359902358e-8,2.66984674369e-8,1.39013813794e-8,6.99106905699e-9,5.39161781887e-9,2.4661115372e-9,1.05886288626e-9,7.06138980622e-10,6.43506692377e-10,7.86606391134e-10,4.14888706723e-10,2.47799253339e-10,1.92561744328e-10,9.82593589827e-11,3.88652478256e-11,3.31678816357e-11,3.53655646435e-11,3.21789712932e-11,6.19605755592e-11,8.22039450399e-11,6.8634271877e-11,3.8974080907e-11,2.72643071314e-11,2.55472379362e-11,1.0070110544e-11,5.28908340736e-12,3.13648282693e-12]},"melbands_crest":{"dmean":3.48426151276,"dmean2":5.87439155579,"dvar":10.3803930283,"dvar2":27.1218948364,"max":31.3600673676,"mean":15.1155576706,"median":14.45054245,"min":2.03028488159,"var":34.7068023682},"melbands_flatness_db":{"dmean":0.0302227698267,"dmean2":0.0480003915727,"dvar":0.000914937641937,"dvar2":0.0023050759919,"max":0.589450955391,"mean":0.183151170611,"median":0.167861536145,"min":0.00345017691143,"var":0.00675470288843},"melbands_kurtosis":{"dmean":9.42912864685,"dmean2":15.6460638046,"dvar":355.86151123,"dvar2":959.325439453,"max":287.04800415,"mean":13.5181360245,"median":5.88316822052,"min":-1.89972913265,"var":615.515380859},"melbands_skewness":{"dmean":0.939635694027,"dmean2":1.49158215523,"dvar":1.28311955929,"dvar2":3.19202423096,"max":14.3979320526,"mean":2.60191464424,"median":2.30423140526,"min":-2.03498935699,"var":4.00361347198},"melbands_spread":{"dmean":10.6072721481,"dmean2":16.5813045502,"dvar":215.904541016,"dvar2":467.604370117,"max":262.577178955,"mean":31.1289806366,"median":25.9248409271,"min":0.848505795002,"var":642.672241211},"mfcc":{"cov":[[14590.1806641,-74.2170028687,-853.991027832,61.8558540344,-91.5424499512,193.427398682,63.7168998718,375.647796631,-95.4747695923,-164.064956665,-225.967086792,-251.064254761,-412.308868408],[-74.2170028687,1490.5378418,-499.962036133,-129.327941895,-4.07988214493,25.3877410889,77.8848876953,95.4390945435,9.64833450317,15.9209051132,30.598651886,21.2878990173,-51.062664032],[-853.991027832,-499.962036133,869.761352539,87.6200332642,-1.55887174606,-22.1416454315,-25.7385005951,-73.7938232422,-5.92826080322,-28.1523399353,-11.1477613449,-14.5258655548,62.3405342102],[61.8558540344,-129.327941895,87.6200332642,277.233581543,78.6729354858,11.6956176758,-22.9300308228,10.490811348,8.53213596344,-20.1020717621,-12.577252388,-21.4612197876,2.41988754272],[-91.5424499512,-4.07988214493,-1.55887174606,78.6729354858,218.908462524,64.9591598511,-18.9493217468,-30.9053039551,15.1148290634,-1.33069801331,-2.24433112144,-17.6310653687,-7.32234764099],[193.427398682,25.3877410889,-22.1416454315,11.6956176758,64.9591598511,146.485473633,46.0406494141,5.22251081467,0.0831722319126,-5.56521320343,-4.42884397507,-20.3488292694,-22.8251037598],[63.7168998718,77.8848876953,-25.7385005951,-22.9300308228,-18.9493217468,46.0406494141,137.670654297,56.7789382935,4.55154132843,-4.52081680298,-5.52511882782,-0.916720986366,-13.2364797592],[375.647796631,95.4390945435,-73.7938232422,10.490811348,-30.9053039551,5.22251081467,56.7789382935,119.950782776,32.1967353821,-11.1141271591,-11.272187233,0.543760061264,-19.4286365509],[-95.4747695923,9.64833450317,-5.92826080322,8.53213596344,15.1148290634,0.0831722319126,4.55154132843,32.1967353821,72.8125457764,27.9875717163,7.05940151215,-3.12089967728,-1.95645701885],[-164.064956665,15.9209051132,-28.1523399353,-20.1020717621,-1.33069801331,-5.56521320343,-4.52081680298,-11.1141271591,27.9875717163,77.1277389526,30.1808681488,2.9643099308,4.78712844849],[-225.967086792,30.598651886,-11.1477613449,-12.577252388,-2.24433112144,-4.42884397507,-5.52511882782,-11.272187233,7.05940151215,30.1808681488,70.8462982178,35.4507827759,10.6498327255],[-251.064254761,21.2878990173,-14.5258655548,-21.4612197876,-17.6310653687,-20.3488292694,-0.916720986366,0.543760061264,-3.12089967728,2.9643099308,35.4507827759,84.6967697144,33.646282196],[-412.308868408,-51.062664032,62.3405342102,2.41988754272,-7.32234764099,-22.8251037598,-13.2364797592,-19.4286365509,-1.95645701885,4.78712844849,10.6498327255,33.646282196,76.4053497314]],"icov":[[0.0000998299583443,0.0000558651227038,0.0000792795981397,0.00000201026841751,0.0000391171488445,-0.000112777102913,0.000167456368217,-0.000377783551812,0.000279222382233,0.0000027320445497,0.000122635989101,0.0000964397768257,0.000361722195521],[0.0000558651227038,0.000925091851968,0.000469171558507,0.00032381946221,-0.000198732581339,0.0000266185688815,-0.000147597238538,-0.000698996649589,0.000330500333803,0.0000796173553681,-0.000385936029488,0.000106239378511,0.000322733365465],[0.0000792795981397,0.000469171558507,0.0016852155095,-0.000336159224389,0.000306861387799,0.0000591533680563,-0.000371094909497,0.000763128569815,-0.000511068094056,0.00101703114342,-0.000289472402073,0.000786061806139,-0.000828751071822],[0.00000201026841751,0.00032381946221,-0.000336159224389,0.00466887326911,-0.00188296916895,0.00020489608869,0.000974741589744,-0.00200472632423,0.000359401979949,0.000858450890519,-0.000549956748728,0.00118000945076,-0.000594044046011],[0.0000391171488445,-0.000198732581339,0.000306861387799,-0.00188296916895,0.00687322486192,-0.00313306320459,0.000835033366457,0.00280770822428,-0.00278713204898,0.000988704618067,0.000242177324253,0.0000628985653748,0.000274120655376],[-0.000112777102913,0.0000266185688815,0.0000591533680563,0.00020489608869,-0.00313306320459,0.00994485709816,-0.00404459005222,0.00110557919834,0.000174863060238,0.000668230291922,-0.00112229632214,0.00142414169386,0.00109743513167],[0.000167456368217,-0.000147597238538,-0.000371094909497,0.000974741589744,0.000835033366457,-0.00404459005222,0.0113960774615,-0.00633621728048,0.0024025910534,-0.00117782934103,0.000689681095537,-0.00026104884455,0.000465883000288],[-0.000377783551812,-0.000698996649589,0.000763128569815,-0.00200472632423,0.00280770822428,0.00110557919834,-0.00633621728048,0.0178896784782,-0.0101664289832,0.00459434185177,0.00136966782156,-0.0022559450008,0.00124011735898],[0.000279222382233,0.000330500333803,-0.000511068094056,0.000359401979949,-0.00278713204898,0.000174863060238,0.0024025910534,-0.0101664289832,0.0224906168878,-0.00926280394197,0.000274934485788,0.00120524771046,0.000336646597134],[0.0000027320445497,0.0000796173553681,0.00101703114342,0.000858450890519,0.000988704618067,0.000668230291922,-0.00117782934103,0.00459434185177,-0.00926280394197,0.0209251195192,-0.00870792660862,0.00390469678678,-0.00158442102838],[0.000122635989101,-0.000385936029488,-0.000289472402073,-0.000549956748728,0.000242177324253,-0.00112229632214,0.000689681095537,0.00136966782156,0.000274934485788,-0.00870792660862,0.0232370216399,-0.0104430075735,0.00272562098689],[0.0000964397768257,0.000106239378511,0.000786061806139,0.00118000945076,0.0000628985653748,0.00142414169386,-0.00026104884455,-0.0022559450008,0.00120524771046,0.00390469678678,-0.0104430075735,0.0203152168542,-0.00797901209444],[0.000361722195521,0.000322733365465,-0.000828751071822,-0.000594044046011,0.000274120655376,0.00109743513167,0.000465883000288,0.00124011735898,0.000336646597134,-0.00158442102838,0.00272562098689,-0.00797901209444,0.0199425835162]],"mean":[-667.305297852,103.350883484,3.468739748,22.1046829224,9.74921607971,14.372338295,0.213060691953,8.13147544861,-5.17846012115,1.26217854023,2.20876669884,-0.500485122204,-1.88749432564]},"pitch_salience":{"dmean":0.0690294280648,"dmean2":0.116767920554,"dvar":0.0043894010596,"dvar2":0.0123013211414,"max":0.837555408478,"mean":0.563738048077,"median":0.573543727398,"min":0.205657094717,"var":0.0104286642745},"silence_rate_20dB":{"dmean":0,"dmean2":0,"dvar":0,"dvar2":0,"max":1,"mean":1,"median":1,"min":1,"var":0},"silence_rate_30dB":{"dmean":0.00951039139181,"dmean2":0.0190241318196,"dvar":0.00942070037127,"dvar2":0.0264131985605,"max":1,"mean":0.994013011456,"median":1,"min":0,"var":0.00595104508102},"silence_rate_60dB":{"dmean":0.0567101091146,"dmean2":0.113440200686,"dvar":0.0534932129085,"dvar2":0.109383523464,"max":1,"mean":0.192111283541,"median":0,"min":0,"var":0.155208826065},"spectral_centroid":{"dmean":319.664489746,"dmean2":489.942810059,"dvar":143725.1875,"dvar2":309303.65625,"max":11603.7792969,"mean":1521.97998047,"median":1450.52209473,"min":179.821578979,"var":575955.75},"spectral_complexity":{"dmean":3.8555829525,"dmean2":5.38629579544,"dvar":22.8399105072,"dvar2":36.1587028503,"max":57,"mean":17.7739048004,"median":18,"min":0,"var":137.31539917},"spectral_contrast_coeffs":{"dmean":[0.0577089749277,0.0459336973727,0.0347844660282,0.0289045665413,0.0213069431484,0.0199287384748],"dmean2":[0.0968053564429,0.0753770694137,0.0563858672976,0.04655367136,0.0347168259323,0.0307009220123],"dvar":[0.00274188630283,0.0014918546658,0.000794622581452,0.000556339451578,0.000307068694383,0.000310848612571],"dvar2":[0.00715624727309,0.0038824530784,0.00203317916021,0.00137358985376,0.000765430973843,0.000702698773239],"max":[-0.301606208086,-0.468953222036,-0.556447446346,-0.58444672823,-0.636463522911,-0.526705563068],"mean":[-0.633998155594,-0.74147439003,-0.780779421329,-0.784632265568,-0.797577261925,-0.764319896698],"median":[-0.635229289532,-0.744118869305,-0.787812411785,-0.78597587347,-0.795825302601,-0.765172839165],"min":[-0.967734515667,-0.974801003933,-0.962094545364,-0.962131142616,-0.960534393787,-0.964231073856],"var":[0.00645526638255,0.00461260369048,0.00398988556117,0.00299664982595,0.00175631779712,0.00221665762365]},"spectral_contrast_valleys":{"dmean":[0.489594429731,0.430300831795,0.360375851393,0.336042732,0.299318611622,0.429360717535],"dmean2":[0.751908063889,0.673200130463,0.551460146904,0.493868529797,0.391405284405,0.477455943823],"dvar":[0.195547744632,0.193507820368,0.143089264631,0.140957474709,0.133379325271,0.221515521407],"dvar2":[0.387517154217,0.404683440924,0.267320126295,0.251308888197,0.194004610181,0.288432717323],"max":[-5.33962011337,-5.14211702347,-5.0242600441,-5.47227573395,-5.79831838608,-7.76393127441],"mean":[-7.71144390106,-7.35205173492,-7.77669525146,-7.95110082626,-7.8483710289,-10.2936306],"median":[-7.36202907562,-7.07601594925,-7.40393161774,-7.47911643982,-7.38019990921,-9.90208435059],"min":[-28.1630306244,-27.5881328583,-27.5968952179,-27.6566047668,-27.3685665131,-27.3556346893],"var":[2.23292613029,2.00951123238,2.41230535507,2.50519704819,2.69251942635,3.16971278191]},"spectral_decrease":{"dmean":2.94234636655e-9,"dmean2":4.79030726197e-9,"dvar":2.96152232164e-17,"dvar2":7.48159916287e-17,"max":1.97955114423e-29,"mean":-5.18336529254e-9,"median":-3.54410345516e-9,"min":-5.37785602717e-8,"var":3.70610597218e-17},"spectral_energy":{"dmean":0.0115547757596,"dmean2":0.0185679178685,"dvar":0.000444618111942,"dvar2":0.00111216434743,"max":0.211067348719,"mean":0.0211567785591,"median":0.0146158682182,"min":1.03665238968e-20,"var":0.000588415190578},"spectral_energyband_high":{"dmean":0.000502626993693,"dmean2":0.000603996217251,"dvar":8.17162458588e-7,"dvar2":0.00000138759287438,"max":0.010958859697,"mean":0.000922952254768,"median":0.000362743972801,"min":7.40370834543e-21,"var":0.00000213452631215},"spectral_energyband_low":{"dmean":0.00598224205896,"dmean2":0.0101766195148,"dvar":0.00013364609913,"dvar2":0.000352436676621,"max":0.153700456023,"mean":0.00812700483948,"median":0.00440468266606,"min":8.03132534956e-23,"var":0.000137232127599},"spectral_energyband_middle_high":{"dmean":0.00146806100383,"dmean2":0.00216352357529,"dvar":0.00000645106774755,"dvar2":0.0000156907408382,"max":0.0539657436311,"mean":0.0047759572044,"median":0.00284433970228,"min":1.33271105437e-21,"var":0.0000387148793379},"spectral_energyband_middle_low":{"dmean":0.00647364556789,"dmean2":0.0108840204775,"dvar":0.000244132606895,"dvar2":0.000644157931674,"max":0.152905270457,"mean":0.00855066813529,"median":0.0043154717423,"min":2.51092785301e-22,"var":0.000208207929973},"spectral_entropy":{"dmean":0.161048203707,"dmean2":0.229876115918,"dvar":0.0328166782856,"dvar2":0.0635227933526,"max":9.80044746399,"mean":7.68892860413,"median":7.7842040062,"min":4.80216693878,"var":0.359975963831},"spectral_flux":{"dmean":0.0290096215904,"dmean2":0.0426953881979,"dvar":0.00177118682768,"dvar2":0.00326585490257,"max":0.34954559803,"mean":0.0758647918701,"median":0.0569350644946,"min":6.72224914622e-11,"var":0.00380517519079},"spectral_kurtosis":{"dmean":1.75171589851,"dmean2":2.88247108459,"dvar":10.9930858612,"dvar2":32.9088630676,"max":81.7719573975,"mean":4.56056785583,"median":2.76189804077,"min":-1.19997215271,"var":65.5426559448},"spectral_rms":{"dmean":0.0010121682426,"dmean2":0.00152082461864,"dvar":0.00000211184260479,"dvar2":0.00000481038341604,"max":0.0143498908728,"mean":0.00390202831477,"median":0.00377615983598,"min":3.18020154481e-12,"var":0.00000541491499462},"spectral_rolloff":{"dmean":705.069580078,"dmean2":1168.5559082,"dvar":1412734.25,"dvar2":3039036.75,"max":19078.4179688,"mean":1919.86315918,"median":1421.19140625,"min":107.666015625,"var":3414301},"spectral_skewness":{"dmean":0.228026434779,"dmean2":0.345840424299,"dvar":0.0735541433096,"dvar2":0.192113757133,"max":7.63346910477,"mean":1.43168139458,"median":1.2839679718,"min":-0.0586684830487,"var":0.674521625042},"spectral_spread":{"dmean":613849.125,"dmean2":810999.875,"dvar":575964315648,"dvar2":1025229586430,"max":41115132,"mean":4831309,"median":4557084.5,"min":990751.9375,"var":3599845556220},"spectral_strongpeak":{"dmean":0.377186566591,"dmean2":0.656748950481,"dvar":0.417985737324,"dvar2":1.10294938087,"max":6.28342294693,"mean":0.62763607502,"median":0.361587792635,"min":0,"var":0.678686797619},"zerocrossingrate":{"dmean":0.0132186794654,"dmean2":0.015078403987,"dvar":0.000276473321719,"dvar2":0.00033580060699,"max":0.5087890625,"mean":0.0728556215763,"median":0.0634765625,"min":0.00439453125,"var":0.00209494284354}},"metadata":{"audio_properties":{"analysis_sample_rate":44100,"bit_rate":128000,"codec":"mp3","downmix":"mix","equal_loudness":0,"length":131.839996338,"lossless":false,"md5_encoded":"08eb25c95e18133d8da7e221f78b2b8f","replay_gain":-3.52049827576,"sample_rate":44100},"tags":{"acoustid_fingerprint":["AQADtEmSKI-iREUok3h0_Majgz9-NOHUIZl-5DqaKi-qZscbXAue_ggfSN8lhNpyfMIb5gjzKEeP18Ku0Ph4PA_c-MKPH02dE5qT4x_kcIUvR9DTHesF9WDS0Qhf48abJDky9-D8TPgp4XwDPUcP9tByaTnyJAf-4JKYEU-yww_yQznyHLsk3Fma4B66_XiWIs-gvkeK86h1sE844jxyJRa0HL8yhFGk7LiCUQvDCLUihDmUh8aLst1SuPFhZmtxUYcO3pnQBw9z_JFhTziPq0ddwZeoQPB3hH-I3yJ-vCF85BmuHJ9kPA9Uf_ieoT_oDNLho5c0nEe8ysKP0yOyJEfv44yO6oHFFCajH5r84MmGHznCtnA8aFZY5JzwHZ_hTZEu8D2OXJYOLR36FLybo-JhLWGmgJGYSM9wNNE51B9OrcgdNP0QPif0JR52dQibF417rKmC62hc4TxREv0uhJHGHNcF6SGaaUWP_OiTo580_MJz_DGO3sj1wyT4ilBTodrxLU_BHo-RPpFxDncKRzue5IidrIL7BJd-6CJ-DU2i59Ak4kKuZAQYPkHTaMaHWBZETcGvTMiejcE_MKmKskd-VNKIKZJOjNxCXD8al8TkH_ey44mFRvtQpznyDJc1uLmU4A7iNAp02kj_YZeFlxSe-mCKM0cTM8Vj4Q2RWxz0PbgRajxOIZO6ZKgc6GGOS7UQb5pmdGfR9EKuxbiJQ4uaG5WZgq4OnvjxsND-YGvy4kZ64s_ho1ZoPD7ix-h-KMq4pMLDg_uRj2isCaGIH_9RFtcOdTLcC5VunEEfHc0T1A28_dCzo2fAx-gFozOPVoX_4NlxiI_RZznyHGGfww6PPjtyB93gTMmPSwxOHVMePMf1I6qyC30_ODwqZ8Cn4xYaHfUL5j6s6AH-QmQ3HfuQz7iN5h9GdAcV6QjVBlJJnDm6LoK34RseQx--5Og_fMnxTMLDHkefIE0qoc2O_OCPP4fobsg3Bw_h_HikHo8SxULOUHgCLaEQyjlulMzRSNGQK0GfHVo0B_-RJ8c6LcZ5wXaHXcmRH1oaH0f4EE-P_gnCHHyh-8hZo3qOBp92fIgjqH_QH1dwrvh4SC8cH1Wu4EGeBz_848qRTxAv4pIeVMmD5ju-B1-SD-UPMcfTHCHf4yKeHoejPkJ-aLrQVEUeLR3eo-FohE4YCVcuqDfCaQyaOAounFmO5jzaI2dG7JFy6Ecz-dAeTM0-2M2J0zhyH8115A_-EhwPuxS-4VOOZwW9JUfc470UXEHVqjhyQczRZ_gf3A9-nA6oE29G4QhvDc6NWpfQh0eYnMKj4Ie2w2kiElmMr4p4XC_-4dLRKIyG8oWv482IxEuO0CaYMD_49MFLo8cnIgyTRIc8HTma7KgodXi048zR6UMTHlmnQUdqP7h0PDkeONeRk4EeHXly9MF52NIRPj_0Is7xPKhMC3YKF-EhzUd3I0xW4Vtc8H6Q_wH1RBn0Hj9c-7iUZNnRiWhGPdCTJjhF4xGu3giPhk9xRyH4SMdFBU1eolfA50daJYIepjjC9Kim4spy3Ihe