{"lowlevel":{"average_loudness":0.552217841148,"barkbands":{"dmean":[0.00218236306682,0.0213512014598,0.00475974613801,0.0033831296023,0.00178817869164,0.0014578307746,0.000610992545262,0.000136486662086,0.000197763380129,0.0000959441240411,0.0000667969434289,0.0000573045872443,0.0000688057843945,0.0000591279494984,0.0000624514796073,0.0000543223104614,0.0000574655714445,0.000048338999477,0.0000420051510446,0.0000606419307587,0.0000443164717581,0.0000139778267112,0.00000549699143448,0.00000310881250698,0.00000296567009173,0.00000413036559621,0.0000464341865154],"dmean2":[0.00347628840245,0.0336089618504,0.00776540767401,0.00556903146207,0.00283076521009,0.00225392193533,0.000948069326114,0.000226433563512,0.000322571286233,0.000157013433636,0.000109790598799,0.0000936430224101,0.000112732755952,0.0000955978248385,0.0000985124788713,0.0000844822861836,0.0000872039890965,0.0000694246191415,0.0000599146915192,0.0000845406466397,0.0000625173342996,0.0000200928589038,0.00000865793117555,0.00000521399715581,0.00000498481676914,0.00000671809402775,0.0000612620497122],"dvar":[0.0000192933239305,0.00192370300647,0.000082999940787,0.000074810719525,0.0000153521868924,0.0000106310317278,0.00000293987704936,2.05994112434e-7,2.28443397532e-7,5.32429993427e-8,3.3002539368e-8,2.56299426127e-8,5.82318762099e-8,4.47812595894e-8,5.74609231307e-8,4.93350924557e-8,1.58563295827e-7,1.37145548251e-7,6.75361988556e-8,2.19658176093e-7,1.00416990279e-7,3.47859385741e-9,2.41296288506e-10,4.81730211277e-11,4.38764892474e-11,1.00634965639e-10,6.40129087515e-8],"dvar2":[0.0000460911796836,0.00473743211478,0.000211628444958,0.000194728112547,0.0000361667625839,0.0000238109969359,0.00000590240870224,5.46046351246e-7,5.99514805799e-7,1.36668731443e-7,9.12732929237e-8,6.14048403236e-8,1.50980568492e-7,9.43354976357e-8,1.25429494346e-7,1.04721095795e-7,3.57058240752e-7,2.96033164204e-7,1.22224506072e-7,4.26539145337e-7,1.91190068222e-7,6.22613693935e-9,5.53502188527e-10,1.22334462005e-10,1.11284821636e-10,2.46729969788e-10,1.07116321146e-7],"max":[0.0720164701343,0.579868912697,0.218008995056,0.404560148716,0.124350763857,0.120143800974,0.0807221755385,0.0197845548391,0.0120268939063,0.00819172617048,0.00636320980266,0.00878494326025,0.00989728327841,0.00991667155176,0.0114438971505,0.0091768456623,0.0180499106646,0.0177848767489,0.0128776486963,0.0234917737544,0.0163121428341,0.00277604488656,0.000564135727473,0.000109781256469,0.000109049047751,0.000222080023377,0.0109174596146],"mean":[0.00331643084064,0.0329724512994,0.00698415609077,0.0056481519714,0.00367966410704,0.00263195787556,0.0010706881294,0.00019361966406,0.000328132591676,0.000154582885443,0.00010105047113,0.0000935638454393,0.000110527565994,0.0000992335844785,0.000109416258056,0.0000932250040933,0.0000804929441074,0.0000675326446071,0.0000603217013122,0.0000951619003899,0.0000715474961908,0.0000215394647967,0.00000750212666389,0.0000030539472391,0.00000281575535155,0.00000525220548298,0.0000851919685374],"median":[0.000648244167678,0.0104770865291,0.00279287132435,0.00148121721577,0.00150657398626,0.000981261371635,0.000350899499608,0.0000749179889681,0.000142018776387,0.0000550198637939,0.0000388535263482,0.0000361273232556,0.0000249748263741,0.0000233723731071,0.0000182179283001,0.0000159304327099,0.0000106672086986,0.00000568524546907,0.00000633289710095,0.00000851409367897,0.00000633436047792,0.00000366162316823,0.00000212820623346,7.93045330738e-7,6.53907420656e-7,0.00000173768978584,0.0000126959430418],"min":[3.2089429053e-23,8.2808969586e-24,2.11020639245e-23,8.62486634569e-24,5.3423313954e-23,3.16981130232e-23,4.08684096317e-23,6.84158678932e-23,8.10591246369e-23,1.8647978864e-22,5.55941834345e-23,5.1638879032e-23,1.04432044584e-22,3.58852510241e-23,1.22722926942e-22,1.9246211847e-22,1.66581674763e-22,2.97722467005e-22,2.05184993367e-22,3.77114513979e-22,4.73985699129e-22,5.79078430498e-22,7.17539649992e-22,7.64114856117e-22,1.29109918435e-21,1.74838354954e-21,2.74463474981e-21],"var":[0.000043134608859,0.00333574879915,0.000145271871588,0.000220070651267,0.0000515615975019,0.0000287334642053,0.00000874372017279,2.98233345575e-7,4.68977020773e-7,1.20993760788e-7,6.28778877854e-8,6.37904165046e-8,1.19662985298e-7,1.00109630807e-7,1.36835666353e-7,1.06016500467e-7,2.61299192061e-7,2.21730402927e-7,1.29272095251e-7,4.13976636082e-7,2.42635024961e-7,1.0934384953e-8,4.86478191064e-10,4.78057073094e-11,4.31092453401e-11,1.48473427997e-10,2.00436460318e-7]},"barkbands_crest":{"dmean":3.06334471703,"dmean2":4.94069814682,"dvar":7.68586349487,"dvar2":19.6186218262,"max":26.9427947998,"mean":14.5088300705,"median":13.8579320908,"min":3.36685061455,"var":25.3480453491},"barkbands_flatness_db":{"dmean":0.0399852581322,"dmean2":0.0622193440795,"dvar":0.00108576053753,"dvar2":0.00271595316008,"max":0.498597562313,"mean":0.240242779255,"median":0.237979352474,"min":0.0509294196963,"var":0.0037455286365},"barkbands_kurtosis":{"dmean":20.8587112427,"dmean2":34.6515769958,"dvar":1800.86169434,"dvar2":5696.71582031,"max":2132.84277344,"mean":43.6972770691,"median":26.7716712952,"min":-1.71260690689,"var":8014.67578125},"barkbands_skewness":{"dmean":1.23180174828,"dmean2":1.9656689167,"dvar":1.62276804447,"dvar2":4.25496912003,"max":44.5645332336,"mean":4.27409887314,"median":3.78245830536,"min":-1.86794555187,"var":9.22395610809},"barkbands_spread":{"dmean":2.48356342316,"dmean2":3.77466726303,"dvar":22.8842048645,"dvar2":41.8765335083,"max":116.642105103,"mean":6.04317569733,"median":3.92408537865,"min":0.221577763557,"var":82.9501190186},"dissonance":{"dmean":0.0272983424366,"dmean2":0.0454983972013,"dvar":0.000732227170374,"dvar2":0.00201300089248,"max":0.500000059605,"mean":0.445364385843,"median":0.456251233816,"min":0.193358540535,"var":0.00185055413749},"dynamic_complexity":5.61946201324,"erbbands":{"dmean":[0.706348657608,4.65436792374,6.70374917984,7.62564182281,9.38764286041,5.23031568527,13.0582342148,8.0532951355,8.61547851562,6.09641838074,3.05692410469,4.18842363358,3.40190267563,2.64852881432,2.4157063961,2.29811453819,2.89815592766,3.17370510101,2.77542710304,3.25635099411,2.8351957798,3.07711291313,2.71190595627,2.29957485199,2.4291768074,2.77077627182,2.44288134575,1.15850019455,0.559836983681,0.295274108648,0.136018201709,0.0717175751925,0.0490623377264,0.0334149561822,0.0209691487253,0.0117750950158,0.00759087363258,0.0109446812421,0.00904228258878,0.00119379383978],"dmean2":[1.10190916061,7.44175052643,10.7650489807,12.4701633453,15.2246255875,8.63084983826,20.5980148315,12.2464122772,13.1214570999,10.1525163651,5.08013486862,6.86541604996,5.5522403717,4.33444786072,3.96374249458,3.74098443985,4.75330495834,5.07907247543,4.31695413589,5.0968170166,4.28629636765,4.59190607071,3.85258245468,3.30305457115,3.42860198021,3.92321681976,3.46560645103,1.61945664883,0.803550899029,0.433990776539,0.2158729285,0.119550667703,0.0824836120009,0.056173440069,0.035223197192,0.0197429098189,0.0123375495896,0.0158277507871,0.0120507543907,0.00161573442165],"dvar":[2.10815310478,96.7266769409,162.521087646,358.376312256,547.66015625,99.1378631592,845.557495117,312.181793213,723.193603516,328.086608887,88.4319915771,108.783226013,54.6645393372,42.0394515991,41.1764411926,53.6625137329,110.436126709,94.4470062256,159.920913696,134.176834106,155.917098999,437.603546143,433.038085938,217.418304443,325.306335449,485.735809326,341.961669922,52.8516159058,6.16073513031,1.00751852989,0.119891501963,0.0248540882021,0.012144905515,0.0055972058326,0.0021820217371,0.000675173418131,0.000355341471732,0.00242348201573,0.00311607145704,0.0000153234941536],"dvar2":[5.20628976822,237.832397461,405.765899658,883.472351074,1381.96984863,253.639373779,1994.46191406,707.062194824,1328.45275879,807.551513672,239.868240356,284.943084717,141.717102051,105.110397339,111.004074097,132.047286987,284.528747559,213.04850769,323.645263672,294.577545166,307.21307373,932.358093262,915.944396973,424.240234375,648.614746094,947.101013184,651.906799316,96.4437866211,11.7538995743,1.89295506477,0.276606142521,0.0629651397467,0.0308063756675,0.0141987241805,0.00553254643455,0.00170977239031,0.000883865170181,0.0048645301722,0.00546590983868,0.0000271308799711],"max":[22.4087772369,132.726394653,264.817138672,936.46496582,729.707580566,361.572052002,1027.50012207,528.2421875,1465.77783203,814.832946777,315.770263672,277.316802979,222.677322388,237.303604126,273.334716797,430.034576416,467.042938232,374.606750488,840.858825684,583.811157227,406.68762207,852.872192383,1051.73718262,753.790588379,1039.48657227,1121.55664062,878.955200195,401.672241211,113.705482483,39.813495636,9.87219619751,2.40577173233,1.76791417599,1.21900761127,0.776920795441,0.447624891996,0.404585361481,2.29928541183,2.6757953167,0.18462446332],"mean":[1.09944570065,6.53793430328,10.0515890121,13.3897047043,17.7689666748,9.46204185486,22.3621196747,15.6081771851,15.4757766724,9.94162273407,4.92953395844,6.86985301971,5.92164182663,4.3966293335,4.07349300385,3.93073344231,4.86729335785,5.58536052704,4.98533344269,6.02246046066,4.95249176025,4.53046894073,3.85328626633,3.25811576843,3.52738165855,4.37892436981,3.96363735199,1.85274076462,0.841365516186,0.440798044205,0.18373799324,0.0775386169553,0.0465833097696,0.0316505655646,0.0200404133648,0.0115546938032,0.00977598968893,0.0173317398876,0.0158938486129,0.00302805751562],"median":[0.246443718672,2.17823529243,3.92334270477,4.6470117569,5.09657764435,4.34672451019,8.48408126831,6.33453083038,5.0122385025,3.54482936859,2.16147661209,3.00211334229,2.36556839943,1.66833567619,1.71563947201,1.47263836861,1.19686603546,1.22681736946,1.10479879379,0.979210853577,0.917112469673,0.601743519306,0.343824386597,0.317997515202,0.385179042816,0.380329370499,0.297818899155,0.200638800859,0.134338468313,0.0966057181358,0.0544563531876,0.0237324647605,0.0106258429587,0.00724530871958,0.00483964616433,0.00309979263693,0.00341702229343,0.00324956979603,0.00180145073682,0.00126825203188],"min":[6.52791259556e-22,1.05369804563e-21,1.72898971846e-20,3.96113660144e-20,9.2331250604e-20,1.38845509916e-19,2.04695083735e-19,3.88373084917e-19,7.29207014357e-19,4.58550467701e-19,1.78917553493e-18,1.97826054436e-18,3.8543671782e-18,5.2268231826e-18,2.41180141303e-18,2.19414206973e-18,5.23976235533e-18,2.89533604396e-18,6.39763406035e-18,7.44041516366e-18,8.58355726351e-18,1.02424547471e-17,1.70434890758e-17,9.69657179109e-18,1.31854591418e-17,1.78080802401e-17,1.97575414574e-17,1.76002660004e-17,2.11363704749e-17,1.73557282503e-17,1.8378235984e-17,1.87269951826e-17,1.39502984603e-17,1.51161168895e-17,7.85778237661e-18,4.62512331963e-18,4.10101837479e-18,1.23616889949e-18,3.93195625437e-19,4.11238851515e-20],"var":[4.28540039062,147.181045532,277.008789062,1017.47290039,1764.90563965,254.796051025,1954.58410645,866.995422363,2327.984375,832.71270752,126.384040833,210.098602295,124.294868469,100.359352112,85.9706573486,135.92024231,240.165130615,245.731323242,364.148345947,341.867462158,346.296966553,793.653808594,722.581665039,389.356842041,525.654602051,890.682434082,811.398925781,138.362411499,17.1353416443,2.82721424103,0.236859112978,0.0265931636095,0.0119197573513,0.00549341645092,0.00215013767593,0.000672825670335,0.000460231734905,0.00620459765196,0.00983833428472,0.0000454637920484]},"erbbands_crest":{"dmean":2.69847464561,"dmean2":4.35013151169,"dvar":5.56995630264,"dvar2":13.4296360016,"max":32.2734031677,"mean":10.3233127594,"median":9.24674415588,"min":2.11216402054,"var":24.1238994598},"erbbands_flatness_db":{"dmean":0.0278363581747,"dmean2":0.0437847152352,"dvar":0.000542675261386,"dvar2":0.0013545199763,"max":0.388835817575,"mean":0.16133607924,"median":0.15327398479,"min":0.0212472751737,"var":0.00269577326253},"erbbands_kurtosis":{"dmean":2.57639193535,"dmean2":4.03598737717,"dvar":20.4425201416,"dvar2":47.1481552124,"max":132.530822754,"mean":4.64526510239,"median":2.01789426804,"min":-1.79547393322,"var":77.4792633057},"erbbands_skewness":{"dmean":0.463335543871,"dmean2":0.710781872272,"dvar":0.18931569159,"dvar2":0.416503071785,"max":9.15153026581,"mean":1.37590742111,"median":1.29190790653,"min":-3.4625313282,"var":1.30989849567},"erbbands_spread":{"dmean":6.97491502762,"dmean2":10.8797273636,"dvar":53.12550354,"dvar2":120.197906494,"max":151.681045532,"mean":29.0455169678,"median":27.6216049194,"min":0.872309207916,"var":285.857818604},"gfcc":{"cov":[[22276.5351562,1027.5546875,-1191.99243164,2192.59570312,1365.72290039,318.549987793,546.703674316,110.543380737,212.099502563,336.835845947,-481.563171387,-179.242141724,-97.4512786865],[1027.5546875,848.619018555,136.644058228,-82.0321578979,96.7642364502,8.8149061203,63.5867500305,-89.2052993774,32.0248794556,-26.8717155457,-2.01653718948,-57.9315986633,6.32763242722],[-1191.99243164,136.644058228,400.926177979,-218.202331543,-175.94317627,51.1493339539,-122.062141418,30.099937439,-77.7586288452,-64.7197647095,37.5175247192,-17.3738384247,6.07116413116],[2192.59570312,-82.0321578979,-218.202331543,747.445861816,378.562774658,121.419960022,201.599014282,87.252532959,94.2445983887,100.651550293,-105.13105011,34.9694976807,-44.4385490417],[1365.72290039,96.7642364502,-175.94317627,378.562774658,353.166534424,73.0900268555,190.187072754,3.24656486511,85.8952865601,58.6825904846,-49.2873878479,-5.73413658142,-14.8416900635],[318.549987793,8.8149061203,51.1493339539,121.419960022,73.0900268555,283.380310059,9.93871974945,142.42678833,-4.88366889954,58.9737510681,-11.3495492935,0.154948741198,-0.523668527603],[546.703674316,63.5867500305,-122.062141418,201.599014282,190.187072754,9.93871974945,237.887069702,9.42143821716,99.2550125122,26.9837799072,-23.9798851013,27.7269668579,-19.9826087952],[110.543380737,-89.2052993774,30.099937439,87.252532959,3.24656486511,142.42678833,9.42143821716,191.160552979,43.7984352112,58.1319580078,14.556848526,22.8281517029,14.1703472137],[212.099502563,32.0248794556,-77.7586288452,94.2445983887,85.8952865601,-4.88366889954,99.2550125122,43.7984352112,136.093399048,64.0501708984,8.62864112854,37.3168296814,-6.21129989624],[336.835845947,-26.8717155457,-64.7197647095,100.651550293,58.6825904846,58.9737510681,26.9837799072,58.1319580078,64.0501708984,106.348846436,28.3159313202,19.1360492706,13.2846345901],[-481.563171387,-2.01653718948,37.5175247192,-105.13105011,-49.2873878479,-11.3495492935,-23.9798851013,14.556848526,8.62864112854,28.3159313202,83.5314254761,33.5534591675,26.6667327881],[-179.242141724,-57.9315986633,-17.3738384247,34.9694976807,-5.73413658142,0.154948741198,27.7269668579,22.8281517029,37.3168296814,19.1360492706,33.5534591675,89.5662078857,15.9962682724],[-97.4512786865,6.32763242722,6.07116413116,-44.4385490417,-14.8416900635,-0.523668527603,-19.9826087952,14.1703472137,-6.21129989624,13.2846345901,26.6667327881,15.9962682724,69.9243927002]],"icov":[[0.0000939476303756,-0.000221049122047,0.000265313574346,-0.000189688042155,-0.0000514369930897,0.000123157471535,0.000112418405479,-0.000238770531723,0.000302151369397,-0.000208522717003,0.000261987006525,0.00000593785625824,0.0000430514519394],[-0.000221049122047,0.00238932133652,-0.00168773345649,0.000616929028183,-0.000512555474415,-0.00116619467735,-0.000577766099013,0.00234698457643,-0.00265472661704,0.00124826934189,-0.00112447398715,0.0015493411338,-0.00114250276238],[0.000265313574346,-0.00168773345649,0.00598205905408,-0.00175622443203,0.00284978095442,-0.00195019179955,0.00124184112065,-0.00102309032809,-0.000252056575846,0.00459404150024,-0.00378788053058,0.00186091533396,0.000163124655955],[-0.000189688042155,0.000616929028183,-0.00175622443203,0.00806041900069,-0.00823824014515,0.00391544774175,-0.000161560630659,-0.00474420795217,0.00640941644087,-0.00863968301564,0.0105452537537,-0.00827428419143,0.00423289043829],[-0.0000514369930897,-0.000512555474415,0.00284978095442,-0.00823824014515,0.0166898518801,-0.00728922011331,-0.00465278886259,0.00799326971173,-0.00870121549815,0.00794350076467,-0.00998480990529,0.0105331158265,-0.00585376145318],[0.000123157471535,-0.00116619467735,-0.00195019179955,0.00391544774175,-0.00728922011331,0.0122478939593,0.000151805041241,-0.0104924207553,0.0115346368402,-0.0115114068612,0.00977671891451,-0.00713528506458,0.00476452847943],[0.000112418405479,-0.000577766099013,0.00124184112065,-0.000161560630659,-0.00465278886259,0.000151805041241,0.010587840341,-0.000917703902815,-0.00479889288545,0.00381646049209,-0.0000527016345586,-0.00227080727927,0.0016119631473],[-0.000238770531723,0.00234698457643,-0.00102309032809,-0.00474420795217,0.00799326971173,-0.0104924207553,-0.000917703902815,0.0176791381091,-0.0128495609388,0.00674348557368,-0.00872549600899,0.00733963353559,-0.00647235894576],[0.000302151369397,-0.00265472661704,-0.000252056575846,0.00640941644087,-0.00870121549815,0.0115346368402,-0.00479889288545,-0.0128495609388,0.0300728417933,-0.0216509606689,0.0143213449046,-0.0143258115277,0.00882895197719],[-0.000208522717003,0.00124826934189,0.00459404150024,-0.00863968301564,0.00794350076467,-0.0115114068612,0.00381646049209,0.00674348557368,-0.0216509606689,0.03668705374,-0.0244117546827,0.0139951361343,-0.00775432353839],[0.000261987006525,-0.00112447398715,-0.00378788053058,0.0105452537537,-0.00998480990529,0.00977671891451,-0.0000527016345586,-0.00872549600899,0.0143213449046,-0.0244117546827,0.0390945523977,-0.0193373337388,0.00262903864495],[0.00000593785625824,0.0015493411338,0.00186091533396,-0.00827428419143,0.0105331158265,-0.00713528506458,-0.00227080727927,0.00733963353559,-0.0143258115277,0.0139951361343,-0.0193373337388,0.0269830822945,-0.00823570322245],[0.0000430514519394,-0.00114250276238,0.000163124655955,0.00423289043829,-0.00585376145318,0.00476452847943,0.0016119631473,-0.00647235894576,0.00882895197719,-0.00775432353839,0.00262903864495,-0.00823570322245,0.0208448767662]],"mean":[-96.8822631836,122.492225647,-49.9678649902,9.01214694977,-23.0657691956,-13.2391300201,-8.47444248199,-15.485874176,-6.70341920853,-3.21042299271,-6.99558019638,-2.4440972805,-3.48781514168]},"hfc":{"dmean":22.5286617279,"dmean2":33.1853103638,"dvar":2446.3269043,"dvar2":5183.83105469,"max":1162.4140625,"mean":63.4001312256,"median":33.0452575684,"min":1.25933986627e-16,"var":7756.59033203},"melbands":{"dmean":[0.00601838156581,0.00438634725288,0.00138582964428,0.00045623164624,0.000377505435608,0.000205711985473,0.000124990750919,0.0000569411022298,0.0000266436345555,0.0000274354351859,0.0000174097640411,0.0000112898669613,0.00000876964804775,0.00000677251046,0.00000572796216147,0.0000073645824159,0.00000584985627938,0.00000465914627057,0.00000493424840897,0.00000401495435653,0.00000349281685885,0.00000338034806191,0.00000270370401267,0.00000234986828218,0.00000194367976292,0.00000150531036525,0.0000022503454602,0.00000185928172414,0.0000017635002223,0.00000109437951323,5.8876599951e-7,3.53052996616e-7,2.15077349708e-7,1.45299594578e-7,8.46561221124e-8,5.37016084934e-8,4.04693558664e-8,3.48574360487e-8,3.07559417934e-8,2.72887348274e-8],"dmean2":[0.00943963415921,0.00697978958488,0.00225884048268,0.000733684864827,0.000594407669269,0.00031102632056,0.000191963481484,0.0000950652975007,0.0000444586912636,0.0000450774059573,0.0000284847319563,0.0000185505778063,0.0000144432087836,0.0000110967594082,0.00000951206766331,0.000012031757251,0.00000952006394073,0.00000731307181923,0.00000781249127613,0.00000633249965176,0.00000532035210199,0.00000517339321959,0.00000392189758713,0.00000348664070771,0.00000287486523121,0.00000215933664549,0.00000324888037539,0.00000267320342573,0.00000258905402006,0.00000154057011059,8.51910556321e-7,5.24669303559e-7,3.26982359411e-7,2.19867743567e-7,1.35093472409e-7,8.84632100906e-8,6.78732874348e-8,5.86233994682e-8,5.17176701464e-8,4.58717259733e-8],"dvar":[0.000152143053128,0.0000752647392801,0.0000104419386844,0.00000106347988549,6.38626261207e-7,1.97771328203e-7,1.32780314743e-7,2.90421233728e-8,5.8529567859e-9,4.38128999747e-9,1.46900147602e-9,7.82908071706e-10,5.32764998784e-10,2.73534778161e-10,4.26646634688e-10,6.07416172915e-10,3.32154609373e-10,5.01465757807e-10,3.12294412552e-10,2.40531344842e-10,2.59431587324e-10,4.85506468362e-10,4.43995368249e-10,3.92597621079e-10,1.62017871341e-10,9.53220766209e-11,3.28807592265e-10,2.13168802055e-10,1.81738013527e-10,6.83194542606e-11,1.23412790404e-11,2.89705650962e-12,7.12944568833e-13,2.57300040649e-13,5.18878153334e-14,1.42033491563e-14,8.16522820494e-15,6.13966029642e-15,4.75927060755e-15,3.72765647559e-15],"dvar2":[0.00037720851833,0.000183092342922,0.0000267225404968,0.00000260778938355,0.00000150472487803,4.38305960415e-7,2.52903419096e-7,7.17174586384e-8,1.58176565179e-8,1.14778266891e-8,3.81422848861e-9,1.94766380801e-9,1.47507073223e-9,6.71346145342e-10,1.12995846013e-9,1.55125212675e-9,7.40725092374e-10,1.01681574272e-9,6.94675150736e-10,5.32008159748e-10,5.31360844214e-10,1.06794395549e-9,9.30239441033e-10,8.92907858763e-10,3.38645778086e-10,1.84421103389e-10,7.03908875632e-10,4.28121121887e-10,3.68700264763e-10,1.37279757007e-10,2.45079252031e-11,6.0112943269e-12,1.42485231513e-12,5.40140686085e-13,1.22170001437e-13,3.57876671819e-14,2.07306553515e-14,1.55710845964e-14,1.20741133088e-14,9.4560945581e-15],"max":[0.166170284152,0.137349560857,0.148002400994,0.0329747498035,0.0267592445016,0.0133439274505,0.0189261063933,0.00752875953913,0.0021130705718,0.00157313980162,0.00110927701462,0.00107908889186,0.00086526357336,0.000792617851403,0.00104160909541,0.000829776923638,0.00065566401463,0.00157724041492,0.000957188371103,0.000713951943908,0.000610945979133,0.000892084208317,0.00125352945179,0.000981719000265,0.00064918177668,0.000533537066076,0.00102004536893,0.000656915537547,0.000624507491011,0.000469758815598,0.000178712201887,0.0000810236742836,0.0000320080216625,0.0000231609956245,0.00000671678026265,0.0000021237672172,0.00000141474515658,0.00000125542806018,0.00000111530482627,9.97355755317e-7],"mean":[0.00942179467529,0.00671402085572,0.00262302206829,0.000902724917978,0.00068514054874,0.00040367845213,0.000222733753617,0.0000898014113773,0.0000409236090491,0.000044244734454,0.0000296561574942,0.0000182159656106,0.0000137255028676,0.0000111526396722,0.00000936836386245,0.0000118904754345,0.00000991910837911,0.00000751846437197,0.00000866666414368,0.00000707342860551,0.00000551549828742,0.00000477810044686,0.00000382770895158,0.00000319441051033,0.00000258439536083,0.00000213804401028,0.00000311446478918,0.00000282967721432,0.00000270350369647,0.00000170527414411,8.67512255809e-7,5.06566266267e-7,3.19020159623e-7,2.07178160849e-7,1.13353905817e-7,6.26487022259e-8,4.00533934908e-8,3.27322311477e-8,2.89752009053e-8,2.58228691763e-8],"median":[0.00270351977088,0.00269720051438,0.00095836748369,0.000339945137966,0.000286550901365,0.000158801660291,0.0000727428268874,0.0000325118926412,0.0000176001321961,0.0000189918646356,0.0000115066668513,0.00000650684614811,0.00000563672983844,0.00000443698854724,0.00000286486806544,0.00000247312027568,0.00000213368775803,0.00000169636678038,0.00000136195387768,0.00000115286070468,9.81633320407e-7,6.32973410575e-7,3.59365316172e-7,2.53492174807e-7,2.47474531534e-7,2.29283315889e-7,3.13858549816e-7,2.12105135233e-7,1.85317816204e-7,1.41625221772e-7,9.8470692933e-8,7.54606048758e-8,5.92479061368e-8,4.85549449536e-8,3.29670086785e-8,2.02659755644e-8,1.06824105117e-8,7.07934066924e-9,6.44747544243e-9,5.8958753435e-9],"min":[6.08955338215e-24,6.4402872515e-24,7.29881482984e-24,8.9095275922e-24,7.7379571297e-24,8.16607352068e-24,1.01288706823e-23,7.02382028486e-24,1.46569614661e-23,1.17989247174e-23,1.97713360412e-23,2.2669696204e-23,8.00942231098e-24,5.08470669981e-24,7.72936091241e-24,1.21129615663e-23,4.005266908e-24,8.92189614233e-24,7.13858061391e-24,1.73420294173e-23,7.79712485303e-24,9.65773455067e-24,1.78530755998e-23,1.00445990383e-23,7.64270454197e-24,8.66719977731e-24,1.37422125599e-23,1.0275233568e-23,1.16051623352e-23,1.18587535061e-23,1.03374447167e-23,1.21064542526e-23,1.13978591557e-23,8.64569464017e-24,9.88311921104e-24,1.41459641929e-23,9.89679727027e-24,1.00622647894e-23,9.64617616069e-24,1.41690257527e-23],"var":[0.000278257997707,0.00012791196059,0.0000318159509334,0.00000338882227879,0.00000156507110205,6.01143653967e-7,4.15236968365e-7,7.0897236526e-8,8.95321861094e-9,8.43315373089e-9,3.27641735964e-9,1.83331205772e-9,1.02046338046e-9,6.76642519792e-10,1.00226027477e-9,1.28254218357e-9,8.17867995551e-10,1.01510144734e-9,7.86416376464e-10,5.40882727496e-10,5.27297483455e-10,8.67009464223e-10,7.56425533321e-10,5.52943024701e-10,2.54817056344e-10,1.71184538766e-10,4.68204031101e-10,3.88253901251e-10,3.94967669681e-10,1.54168233735e-10,2.82927500872e-11,7.12304390818e-12,1.76889124008e-12,5.92268909697e-13,9.91063107232e-14,1.72355805707e-14,8.12016435808e-15,6.00882970497e-15,4.66228618212e-15,3.65808161282e-15]},"melbands_crest":{"dmean":3.55259418488,"dmean2":5.74733161926,"dvar":9.41694068909,"dvar2":24.4121704102,"max":39.9026184082,"mean":19.193271637,"median":18.6615791321,"min":1.92101383209,"var":35.8326873779},"melbands_flatness_db":{"dmean":0.0470054484904,"dmean2":0.0733165666461,"dvar":0.00147435104009,"dvar2":0.00369533780031,"max":0.64322245121,"mean":0.368830829859,"median":0.368712484837,"min":0.00450256187469,"var":0.00483909994364},"melbands_kurtosis":{"dmean":22.6176490784,"dmean2":37.590713501,"dvar":3116.1965332,"dvar2":10013.2832031,"max":2388.88623047,"mean":46.0582046509,"median":27.7680835724,"min":-1.82328641415,"var":7425.74560547},"melbands_skewness":{"dmean":1.12712931633,"dmean2":1.79868781567,"dvar":1.56691265106,"dvar2":4.19264602661,"max":45.6508979797,"mean":4.18593835831,"median":3.73800158501,"min":-2.10239076614,"var":8.22490215302},"melbands_spread":{"dmean":1.98484802246,"dmean2":2.99611282349,"dvar":26.2672996521,"dvar2":48.2243766785,"max":153.494781494,"mean":4.87535762787,"median":3.07351303101,"min":0.253405600786,"var":90.9363479614},"mfcc":{"cov":[[14360.6523438,1339.54260254,-1470.14367676,1841.7409668,480.383544922,1065.81530762,329.740600586,207.431137085,572.757080078,540.733947754,72.3289337158,49.046836853,169.41519165],[1339.54260254,1393.32385254,155.091491699,-5.06536912918,-7.47831296921,94.3864059448,10.3613204956,-33.2816963196,-8.70561122894,13.2571783066,-34.2264099121,-26.2423019409,-2.21398234367],[-1470.14367676,155.091491699,562.298583984,-346.377929688,-12.5631513596,-194.944274902,-20.4180374146,-21.7408275604,-101.806716919,-99.2714996338,-14.3236436844,-10.2254896164,-59.3918647766],[1841.7409668,-5.06536912918,-346.377929688,620.760559082,81.842086792,245.627212524,44.9116134644,83.4107437134,126.281097412,96.4110107422,17.3990402222,20.6452445984,48.9216690063],[480.383544922,-7.47831296921,-12.5631513596,81.842086792,174.319580078,89.9067993164,67.3838500977,28.5930538177,56.704246521,52.5013923645,17.9616222382,15.0481033325,19.4279232025],[1065.81530762,94.3864059448,-194.944274902,245.627212524,89.9067993164,249.089050293,82.7174072266,57.8895835876,86.9806213379,88.4588012695,15.9628582001,8.31474971771,42.7862434387],[329.740600586,10.3613204956,-20.4180374146,44.9116134644,67.3838500977,82.7174072266,122.446220398,48.4857635498,49.0584373474,33.6064987183,10.2010154724,14.6631889343,7.81727647781],[207.431137085,-33.2816963196,-21.7408275604,83.4107437134,28.5930538177,57.8895835876,48.4857635498,131.35118103,68.2374343872,33.583694458,32.921131134,22.9069824219,21.2869491577],[572.757080078,-8.70561122894,-101.806716919,126.281097412,56.704246521,86.9806213379,49.0584373474,68.2374343872,125.896400452,86.3015365601,28.6536102295,23.550994873,33.7627639771],[540.733947754,13.2571783066,-99.2714996338,96.4110107422,52.5013923645,88.4588012695,33.6064987183,33.583694458,86.3015365601,111.049308777,42.3671722412,18.2487716675,39.9582481384],[72.3289337158,-34.2264099121,-14.3236436844,17.3990402222,17.9616222382,15.9628582001,10.2010154724,32.921131134,28.6536102295,42.3671722412,66.6406402588,36.9083747864,21.7975559235],[49.046836853,-26.2423019409,-10.2254896164,20.6452445984,15.0481033325,8.31474971771,14.6631889343,22.9069824219,23.550994873,18.2487716675,36.9083747864,62.08152771,34.9077987671],[169.41519165,-2.21398234367,-59.3918647766,48.9216690063,19.4279232025,42.7862434387,7.81727647781,21.2869491577,33.7627639771,39.9582481384,21.7975559235,34.9077987671,76.4423675537]],"icov":[[0.000173368491232,-0.000203472096473,0.000309855531668,-0.000300068379147,-0.000244988244958,0.000054451469623,-0.000133164023282,0.0000462038005935,-0.0000519303466717,-0.000231805897783,0.0000345657244907,-0.0000755345390644,0.000243941321969],[-0.000203472096473,0.00112447771244,-0.00101843278389,0.000332176481606,0.000776159227826,-0.00108717440162,0.000334041571477,0.000404826772865,-0.0000819561973913,-0.0000575843114348,0.000440264993813,0.0000680660741637,-0.000346313114278],[0.000309855531668,-0.00101843278389,0.00452734390274,0.000782070390414,-0.00234927562997,0.00243468442932,-0.000604259490501,-0.00183926185127,0.0015539356973,0.000205712640309,0.0000171375104401,-0.000702180492226,0.00163100124337],[-0.000300068379147,0.000332176481606,0.000782070390414,0.00406590010971,-0.000235163330217,-0.00265493616462,0.00199886132032,-0.00119821249973,-0.00115225382615,0.00114714365918,0.000814979313873,-0.0011650454253,0.000564133981243],[-0.000244988244958,0.000776159227826,-0.00234927562997,-0.000235163330217,0.00959611311555,-0.00263953465037,-0.00286162993871,0.00203272048384,-0.0020187003538,-0.000883019703906,-0.00061023409944,0.0000185728931683,-0.000825498776976],[0.000054451469623,-0.00108717440162,0.00243468442932,-0.00265493616462,-0.00263953465037,0.0127282487229,-0.0051365820691,-0.00208169291727,0.00287805730477,-0.00462472392246,0.00108204886783,0.00258994265459,-0.00225482764654],[-0.000133164023282,0.000334041571477,-0.000604259490501,0.00199886132032,-0.00286162993871,-0.0051365820691,0.0148108666763,-0.00329117802903,-0.00177953997627,-0.000102168000012,0.00327145657502,-0.00468857446685,0.00360788940452],[0.0000462038005935,0.000404826772865,-0.00183926185127,-0.00119821249973,0.00203272048384,-0.00208169291727,-0.00329117802903,0.0150301354006,-0.0101213864982,0.00776980631053,-0.0084550185129,0.00331971840933,-0.00264929723926],[-0.0000519303466717,-0.0000819561973913,0.0015539356973,-0.00115225382615,-0.0020187003538,0.00287805730477,-0.00177953997627,-0.0101213864982,0.0280568599701,-0.0203930959105,0.0096827307716,-0.00699858553708,0.00266293133609],[-0.000231805897783,-0.0000575843114348,0.000205712640309,0.00114714365918,-0.000883019703906,-0.00462472392246,-0.000102168000012,0.00776980631053,-0.0203930959105,0.0359509177506,-0.0203847102821,0.0120920352638,-0.00889694318175],[0.0000345657244907,0.000440264993813,0.0000171375104401,0.000814979313873,-0.00061023409944,0.00108204886783,0.00327145657502,-0.0084550185129,0.0096827307716,-0.0203847102821,0.0368803702295,-0.0209904629737,0.00644516199827],[-0.0000755345390644,0.0000680660741637,-0.000702180492226,-0.0011650454253,0.0000185728931683,0.00258994265459,-0.00468857446685,0.00331971840933,-0.00699858553708,0.0120920352638,-0.0209904629737,0.0361794531345,-0.0152956964448],[0.000243941321969,-0.000346313114278,0.00163100124337,0.000564133981243,-0.000825498776976,-0.00225482764654,0.00360788940452,-0.00264929723926,0.00266293133609,-0.00889694318175,0.00644516199827,-0.0152956964448,0.0238994341344]],"mean":[-762.208374023,174.719711304,27.5340652466,37.950668335,4.85347414017,15.775560379,1.67626678944,0.416225224733,1.68941807747,2.02962684631,-2.43914628029,-0.127260833979,2.77008080482]},"pitch_salience":{"dmean":0.0921761244535,"dmean2":0.148585438728,"dvar":0.00675096921623,"dvar2":0.0173643995076,"max":0.841927111149,"mean":0.482114076614,"median":0.503514409065,"min":0.00900531187654,"var":0.0231739189476},"silence_rate_20dB":{"dmean":0.0114851137623,"dmean2":0.0229722559452,"dvar":0.0113544529304,"dvar2":0.0295102931559,"max":1,"mean":0.990812718868,"median":1,"min":0,"var":0.00910246279091},"silence_rate_30dB":{"dmean":0.0791589394212,"dmean2":0.158331856132,"dvar":0.0729001313448,"dvar2":0.152332305908,"max":1,"mean":0.806007087231,"median":1,"min":0,"var":0.156352698803},"silence_rate_60dB":{"dmean":0.0162558536977,"dmean2":0.0325145795941,"dvar":0.0159931220114,"dvar2":0.0335763692856,"max":1,"mean":0.148586571217,"median":0,"min":0,"var":0.126498013735},"spectral_centroid":{"dmean":107.587112427,"dmean2":158.719268799,"dvar":42228.0117188,"dvar2":62712.7578125,"max":11211.4824219,"mean":485.690979004,"median":364.14276123,"min":115.66305542,"var":237747.046875},"spectral_complexity":{"dmean":2.15778779984,"dmean2":3.35006189346,"dvar":7.88205003738,"dvar2":14.567076683,"max":56,"mean":9.21121883392,"median":8,"min":0,"var":50.7293281555},"spectral_contrast_coeffs":{"dmean":[0.0515008755028,0.0484564080834,0.0336304195225,0.0289028156549,0.0239355769008,0.0369891449809],"dmean2":[0.0864511057734,0.0796272456646,0.0560405030847,0.0471875481308,0.0389043614268,0.0599734485149],"dvar":[0.00162965746131,0.00144861044828,0.000704097736161,0.000564842601307,0.000408084131777,0.00146878988016],"dvar2":[0.00455991365016,0.00383037305437,0.00195255037397,0.00147531717084,0.00101582205389,0.00358211062849],"max":[-0.328960835934,-0.419727951288,-0.614748418331,-0.632589578629,-0.666776955128,-0.356828868389],"mean":[-0.670114576817,-0.740469872952,-0.828123509884,-0.850327849388,-0.868885338306,-0.800027430058],"median":[-0.67821675539,-0.745490431786,-0.832030534744,-0.852206110954,-0.86337864399,-0.815922141075],"min":[-0.968757629395,-0.971686661243,-0.966428339481,-0.977847099304,-0.978318870068,-0.958189308643],"var":[0.00769374845549,0.00546726351604,0.00200409325771,0.00197475310415,0.00234672636725,0.00607693009079]},"spectral_contrast_valleys":{"dmean":[0.40387070179,0.373777806759,0.35247951746,0.394776135683,0.456556349993,0.727811098099],"dmean2":[0.665892541409,0.609946250916,0.569675683975,0.628082990646,0.708495080471,1.19040215015],"dvar":[0.117732509971,0.0984340831637,0.0939936861396,0.139157563448,0.190337181091,0.400353968143],"dvar2":[0.293431311846,0.235647365451,0.214705184102,0.323982268572,0.436484217644,1.02763569355],"max":[-4.50666666031,-4.65600919724,-5.18261671066,-5.74170398712,-4.81465196609,-8.69870758057],"mean":[-7.038210392,-7.10926675797,-7.98575592041,-8.62306976318,-8.79864788055,-11.5625886917],"median":[-6.43809318542,-6.82420349121,-7.67127799988,-8.24766254425,-8.49118900299,-11.3506183624],"min":[-27.8268623352,-27.6949367523,-27.0343875885,-27.2441635132,-27.2695350647,-27.2593822479],"var":[3.19134163857,1.8664342165,1.93087470531,2.41590166092,2.45786619186,1.91210448742]},"spectral_decrease":{"dmean":7.07372649345e-9,"dmean2":1.10141673559e-8,"dvar":1.66552194298e-16,"dvar2":4.02620832563e-16,"max":1.14673062157e-8,"mean":-1.45089495973e-8,"median":-7.5937993671e-9,"min":-1.84698393468e-7,"var":3.89184137162e-16},"spectral_energy":{"dmean":0.0273110568523,"dmean2":0.0422552265227,"dvar":0.00241795252077,"dvar2":0.00582199776545,"max":0.738654255867,"mean":0.060510776937,"median":0.032766982913,"min":1.12189472505e-20,"var":0.00593514926732},"spectral_energyband_high":{"dmean":0.000136290836963,"dmean2":0.000182707546628,"dvar":5.73817658278e-7,"dvar2":9.59998601502e-7,"max":0.0353665016592,"mean":0.000239284549025,"median":0.0000338725731126,"min":8.06893442575e-21,"var":0.00000176195680979},"spectral_energyband_low":{"dmean":0.0253015626222,"dmean2":0.0394976101816,"dvar":0.00235298415646,"dvar2":0.00568909058347,"max":0.642001748085,"mean":0.045326795429,"median":0.0189830064774,"min":5.53650603623e-23,"var":0.00483777048066},"spectral_energyband_middle_high":{"dmean":0.00042859185487,"dmean2":0.000619607977569,"dvar":0.00000181923064702,"dvar2":0.000003278065833,"max":0.0506966635585,"mean":0.00099721364677,"median":0.000319820654113,"min":1.65453065981e-21,"var":0.00000567798997508},"spectral_energyband_middle_low":{"dmean":0.00549338245764,"dmean2":0.00871347635984,"dvar":0.000122597804875,"dvar2":0.000305829569697,"max":0.439211070538,"mean":0.0135926334187,"median":0.00639443472028,"min":3.26523841763e-22,"var":0.000486725126393},"spectral_entropy":{"dmean":0.317466318607,"dmean2":0.501194834709,"dvar":0.0768325999379,"dvar2":0.189380630851,"max":9.79075717926,"mean":6.84884214401,"median":6.90010404587,"min":4.57493114471,"var":0.347520709038},"spectral_flux":{"dmean":0.0356387756765,"dmean2":0.0588352046907,"dvar":0.00224394374527,"dvar2":0.00574039388448,"max":0.63677996397,"mean":0.10007148236,"median":0.0846384167671,"min":1.05919530091e-10,"var":0.00626463349909},"spectral_kurtosis":{"dmean":6.88633060455,"dmean2":11.1669530869,"dvar":120.919799805,"dvar2":311.41003418,"max":189.694137573,"mean":17.6218147278,"median":12.9638519287,"min":-1.24593818188,"var":218.628845215},"spectral_rms":{"dmean":0.00142326846253,"dmean2":0.00214711087756,"dvar":0.00000334040282723,"dvar2":0.00000764825472288,"max":0.026844708249,"mean":0.00634282641113,"median":0.00565400673077,"min":3.30837028779e-12,"var":0.0000188035519386},"spectral_rolloff":{"dmean":998.03729248,"dmean2":1940.11022949,"dvar":17290818,"dvar2":47124128,"max":22050,"mean":4999.25976562,"median":301.46484375,"min":21.533203125,"var":77782608},"spectral_skewness":{"dmean":0.550049066544,"dmean2":0.875182569027,"dvar":0.499217808247,"dvar2":1.27355825901,"max":11.9340362549,"mean":3.0564904213,"median":2.71396827698,"min":0.0124868182465,"var":1.57329165936},"spectral_spread":{"dmean":726365,"dmean2":1163713.5,"dvar":509171564544,"dvar2":1169214275580,"max":41393580,"mean":3928593,"median":3832198.5,"min":1203342,"var":1304659492860},"spectral_strongpeak":{"dmean":1.91164636612,"dmean2":3.12695169449,"dvar":68.6191940308,"dvar2":163.610549927,"max":220.989852905,"mean":3.50315904617,"median":0.420730352402,"min":0,"var":169.139251709},"zerocrossingrate":{"dmean":0.0326150208712,"dmean2":0.0409304611385,"dvar":0.00106930162292,"dvar2":0.00148727116175,"max":0.92724609375,"mean":0.18436512351,"median":0.11572265625,"min":0,"var":0.0324655286968}},"metadata":{"audio_properties":{"analysis_sample_rate":44100,"bit_rate":152583,"codec":"mp3","downmix":"mix","equal_loudness":0,"length":262.817962646,"lossless":false,"md5_encoded":"40c93fc5ea5937f763e1f3f64391a439","replay_gain":-3.36392974854,"sample_rate":44100},"tags":{"album":["Mellon Collie and the Infinite Sadness"],"albumartist":["The Smashing Pumpkins"],"artist":["The Smashing Pumpkins"],"artistsort":["Smashing Pumpkins"],"cddb discid":["bf0f170e"],"composer":["Billy Corgan","James Iha"],"date":["1995"],"discid":["bf0f170e"],"discnumber":["2/2"],"file_name":"02-14 Farewell and Goodnight.mp3","genre":["Post-Grunge"],"musicbrainz discid":["uVVRfePps0Gt7pm8yug5M5x7uMY-"],"musicbrainz_albumartistid":["ba0d6274-db14-4ef5-b28d-657ebde1a396","ba0d6274-db14-4ef5-b28d-657ebde1a396"],"musicbrainz_albumid":["e4c0a2dc-49cb-382b-9bb3-a40d09669583","e4c0a2dc-49cb-382b-9bb3-a40d09669583"],"musicbrainz_artistid":["ba0d6274-db14-4ef5-b28d-657ebde1a396","ba0d6274-db14-4ef5-b28d-657ebde1a396"],"musicbrainz_discid":["uVVRfePps0Gt7pm8yug5M5x7uMY-"],"musicbrainz_recordingid":["5331d2f4-2899-4046-a7cf-e39ce3bf0783"],"title":["Farewell and Goodnight"],"tracknumber":["14/14"]},"version":{"essentia":"2.1-beta1","essentia_build_sha":"ec322331fa6aaecceef5ae0ec8bb6dd0710d66ba","essentia_git_sha":"v2.1_beta1-28-g21ef5f4","extractor":"music 1.0"}},"rhythm":{"beats_count":614,"beats_loudness":{"dmean":0.108189381659,"dmean2":0.200583800673,"dvar":0.0129988007247,"dvar2":0.0430631898344,"max":0.597345113754,"mean":0.111808314919,"median":0.0709645301104,"min":8.92592950663e-8,"var":0.0140933990479},"beats_loudness_band_ratio":{"dmean":[0.167232379317,0.142296776175,0.0352575071156,0.00902093574405,0.00632978137583,0.0752858743072],"dmean2":[0.300360500813,0.26177918911,0.0634664744139,0.0165075082332,0.0119409970939,0.131122469902],"dvar":[0.029742917046,0.0249567907304,0.00405851658434,0.000285474408884,0.0006527