{"lowlevel":{"average_loudness":0.711157143116,"barkbands":{"dmean":[0.0049154702574,0.0151445651427,0.00354755623266,0.00133185391314,0.00255609164014,0.00121639820281,0.00054238847224,0.000432327913586,0.000359157129424,0.000392513669794,0.000236167339608,0.00025129786809,0.000200582755497,0.000156883470481,0.000218971574213,0.000155921428814,0.0000699254815117,0.00007079164061,0.0000716759896022,0.0000793253202573,0.0000535231083632,0.0000413562920585,0.0000486727622047,0.0000157711820066,0.00000451972437077,0.0000547982126591,0.000429154955782],"dmean2":[0.00837831944227,0.0250898264349,0.00606846436858,0.00230686739087,0.00422259606421,0.00197005178779,0.00084544258425,0.000688726315275,0.000571650685742,0.000620774575509,0.000378667755285,0.000411442189943,0.00033017527312,0.000255299353739,0.000357263808837,0.000257697480265,0.000114087313705,0.0001146457289,0.000118129501061,0.000127648076159,0.0000815199018689,0.0000603230146226,0.0000778752510087,0.0000255991453741,0.00000717681041351,0.000088356246124,0.000655878451653],"dvar":[0.0000533146594535,0.00045667073573,0.0000537615305802,0.00000462339858132,0.0000203376584977,0.0000103246029539,0.0000018920580942,0.00000236977825807,0.00000126107795495,0.00000178673428763,6.333735314e-7,4.00949488721e-7,1.63122450658e-7,1.69966980934e-7,4.20108847266e-7,1.83583921398e-7,4.16460643748e-8,2.35555095429e-8,2.123599252e-8,2.86884098699e-8,1.47548746554e-8,1.38474351985e-8,4.35567208967e-8,3.64419849852e-9,6.76515996001e-11,5.45744107683e-8,7.53519771024e-7],"dvar2":[0.000145701182191,0.00122518057469,0.000146314108861,0.000013098099771,0.0000535807048436,0.0000244579841819,0.00000421565300712,0.00000493466041007,0.00000288976343654,0.00000417590217694,0.000001374772296,9.58817963692e-7,4.20882685148e-7,3.68993880784e-7,0.00000104689809177,5.05045022692e-7,9.56833119403e-8,5.89866573364e-8,5.68683056201e-8,7.33258289642e-8,3.36895382702e-8,2.79154352967e-8,1.07684620332e-7,9.03379859807e-9,1.5677074916e-10,1.34900716375e-7,0.0000018282498786],"max":[0.126009047031,0.318764150143,0.14753356576,0.0592374354601,0.0779223442078,0.10505540669,0.0488907024264,0.0787405818701,0.0406742431223,0.0569457449019,0.0482340268791,0.0383114479482,0.00937122199684,0.0308083985001,0.0365817137063,0.0195027329028,0.0113652432337,0.00647237244993,0.00312886876054,0.00493347644806,0.00417603831738,0.0033492622897,0.00786104798317,0.00149691884872,0.000169585982803,0.00716310366988,0.0250927302986],"mean":[0.00731313927099,0.0256113409996,0.00444630673155,0.00188195332885,0.00496700452641,0.00206576939672,0.000961228564847,0.000723422330339,0.000632503535599,0.000605894892942,0.000425304926466,0.000452609470813,0.000364826875739,0.000293165270705,0.000445779674919,0.000326527253492,0.00014776365424,0.000172107393155,0.000179086418939,0.000196792025235,0.000131944558234,0.0000894403492566,0.0000664156104904,0.0000178322788997,0.00000571775035496,0.0000703052501194,0.00173682975583],"median":[0.00433638412505,0.0168593134731,0.00183032802306,0.000916641845834,0.0023573320359,0.000860895961523,0.000325142289512,0.000137004069984,0.000148753810208,0.000141891679959,0.000101256548078,0.000146923717693,0.00011595308024,0.0000882961394382,0.000110335327918,0.0000948698507273,0.0000426502083428,0.00003489885421,0.0000422154989792,0.0000470207487524,0.0000328280984832,0.000015503141185,0.00000735432422516,0.00000398872180085,0.0000023778711693,0.0000108746617116,0.000555719074327],"min":[6.8370387301e-25,4.12005090287e-24,4.55460597657e-24,6.99306417589e-24,1.41493783829e-23,1.250169171e-23,9.34533853245e-24,1.39463066533e-23,1.9244799786e-23,2.89069211922e-23,1.25165577937e-23,2.48156345245e-23,4.16370504542e-23,6.5018269218e-23,5.16877978744e-23,4.42087022953e-23,9.41890706939e-23,1.07676156171e-22,1.63975959908e-22,2.35700935215e-22,3.15075286461e-22,4.79295427218e-22,4.57796354844e-22,6.32973306568e-22,1.09001654537e-21,1.39471809636e-21,2.03351993644e-21],"var":[0.0000959540702752,0.000787637429312,0.0000597118560108,0.00000727047563487,0.0000522314876434,0.0000238952234213,0.00000496943994222,0.00000846035254654,0.00000412347662859,0.00000363309482054,0.00000203136460186,8.62322281137e-7,3.77593465828e-7,4.48506227713e-7,0.00000115054263006,4.73965911851e-7,1.22802362057e-7,9.25547425368e-8,8.42874143814e-8,1.08224853079e-7,5.46154268477e-8,3.97099881866e-8,4.73466137407e-8,3.27123284016e-9,9.11263842163e-11,5.46067155938e-8,0.00000690172964823]},"barkbands_crest":{"dmean":3.36343312263,"dmean2":5.62915849686,"dvar":7.72487354279,"dvar2":20.645898819,"max":25.8401565552,"mean":13.2025985718,"median":12.9478664398,"min":2.46116876602,"var":21.1892089844},"barkbands_flatness_db":{"dmean":0.0348145291209,"dmean2":0.0561713241041,"dvar":0.00114487938117,"dvar2":0.00304337358102,"max":0.52983725071,"mean":0.182044133544,"median":0.169135376811,"min":0.0283118076622,"var":0.00687125697732},"barkbands_kurtosis":{"dmean":18.0754070282,"dmean2":29.9022426605,"dvar":1404.91955566,"dvar2":3784.4675293,"max":708.887023926,"mean":32.5856933594,"median":12.8911447525,"min":-1.91901648045,"var":3087.02197266},"barkbands_skewness":{"dmean":1.08539569378,"dmean2":1.76320719719,"dvar":1.5032337904,"dvar2":3.97942686081,"max":19.101316452,"mean":3.69854569435,"median":3.15794157982,"min":-9.9822101593,"var":7.33063650131},"barkbands_spread":{"dmean":7.55194854736,"dmean2":12.1987953186,"dvar":90.0785827637,"dvar2":222.136428833,"max":134.802902222,"mean":25.9542312622,"median":17.9496669769,"min":0.187770366669,"var":583.230834961},"dissonance":{"dmean":0.0162999257445,"dmean2":0.027321273461,"dvar":0.000351695809513,"dvar2":0.000961876939982,"max":0.500000119209,"mean":0.469749450684,"median":0.480475664139,"min":0.251139223576,"var":0.000952311500441},"dynamic_complexity":5.47767591476,"erbbands":{"dmean":[0.683649837971,2.77676558495,4.04491376877,4.23585033417,7.48307991028,8.809217453,8.07900047302,11.1654348373,9.44524478912,6.48309230804,9.12795734406,8.05758094788,11.9329614639,9.38599014282,10.2515983582,9.52080249786,8.14337444305,6.79466104507,10.4794540405,10.9705276489,6.55381155014,3.3854701519,3.69959878922,3.04416537285,4.12048053741,3.61710095406,2.75918936729,1.66585993767,1.37698638439,1.73366129398,1.30719316006,0.524935662746,0.172785297036,0.0591904334724,0.0305812899023,0.0440570004284,0.107569545507,0.094731323421,0.0381950065494,0.00905896257609],"dmean2":[1.13215446472,4.59691858292,6.83640813828,7.20732164383,12.7771844864,14.4099168777,13.2452411652,17.9692173004,14.5299024582,10.2943964005,14.4982843399,12.717335701,18.8040866852,14.7371072769,16.5554771423,15.3552951813,13.3077230453,10.9688768387,17.1118831635,17.9741973877,10.8303575516,5.44204282761,6.01913976669,4.92014932632,6.77379322052,5.81852674484,4.32386445999,2.52777814865,2.02267932892,2.62739825249,2.1173684597,0.85917121172,0.277086019516,0.093934096396,0.0485419295728,0.0698363929987,0.173180699348,0.137733846903,0.0547413043678,0.0140875810757],"dvar":[0.932677388191,16.6291027069,62.1693305969,51.0489006042,167.981567383,337.693359375,284.701538086,1118.5447998,645.27532959,361.168670654,1165.54675293,621.386779785,1707.25866699,1164.87780762,964.815124512,636.868713379,270.370025635,380.402893066,982.279602051,939.397949219,215.376846313,73.5575408936,60.5240859985,39.1891975403,71.6737518311,67.1396408081,38.0968170166,14.5504207611,13.1347742081,41.983417511,32.4121284485,4.56424379349,0.354269564152,0.0171286091208,0.00264597451314,0.0212190598249,0.202859520912,0.116537123919,0.00747140450403,0.00029466082924],"dvar2":[2.52115654945,44.5776252747,168.657241821,142.566040039,455.705718994,860.64831543,696.555236816,2640.49975586,1369.49902344,788.546569824,2479.97290039,1434.91369629,3971.6965332,2480.9597168,2198.74853516,1454.21582031,676.987243652,803.073242188,2479.38720703,2465.82421875,572.173095703,169.297470093,152.72442627,99.8519363403,191.836517334,173.674194336,90.6598434448,31.9745330811,26.7461490631,94.6324768066,80.4754257202,11.3600139618,0.876322686672,0.0403622798622,0.00614579441026,0.0517542175949,0.498165637255,0.257304877043,0.0153338285163,0.000747560465243],"max":[17.9520320892,52.7926712036,131.908508301,122.062789917,311.518554688,350.356964111,422.513946533,1225.02368164,912.721618652,717.33795166,2056.54663086,1291.07128906,1746.50402832,2219.7722168,1560.37890625,1500.21398926,475.066009521,1559.46166992,2005.0300293,1092.76489258,420.04800415,448.141479492,297.349334717,184.19090271,180.498748779,256.386932373,248.418701172,90.2806243896,113.937957764,267.117675781,162.286178589,52.2411117554,15.1307754517,3.10872387886,0.909444510937,4.472697258,11.276263237,13.9145355225,2.47409749031,0.548826992512],"mean":[1.07134330273,4.48373746872,5.52315855026,6.5608048439,13.349366188,15.2159719467,12.6618175507,18.5944271088,18.2228775024,10.9171924591,16.176366806,14.6494140625,19.6121482849,16.7431297302,19.5925559998,18.1975536346,16.0596542358,14.7045021057,21.4694461823,23.8570861816,15.0199241638,8.36496829987,9.30634975433,8.01617622375,10.2162446976,9.06964969635,6.89700269699,4.16686964035,3.153444767,2.963357687,1.70793414116,0.590485751629,0.2083838135,0.0740231797099,0.039217595011,0.0555450022221,0.136977925897,0.19340954721,0.128194779158,0.0443530790508],"median":[0.675863146782,2.77569317818,2.65592861176,3.26170611382,6.19236421585,5.95634269714,6.16856718063,7.02184391022,5.90919446945,3.23571825027,3.26217031479,3.60878300667,4.20747947693,4.48271179199,5.69259119034,5.92984628677,5.54135465622,4.79018878937,6.23076915741,6.23223209381,4.63321495056,2.60172653198,2.17374634743,1.91106426716,2.3527765274,2.11905860901,1.75111210346,0.996548175812,0.603128015995,0.348105043173,0.191244855523,0.102840989828,0.0576869435608,0.0288286488503,0.0170096680522,0.0174885950983,0.0214940607548,0.0324459113181,0.0371717698872,0.0203167069703],"min":[9.83956493828e-23,1.28551672496e-21,4.72773544297e-21,2.01909633801e-20,1.91056587956e-20,5.01073121731e-20,6.04140278419e-20,1.01529654112e-19,1.64122430451e-19,2.57443654689e-19,4.42556982256e-19,4.0084288435e-19,6.3582344138e-19,7.67775757983e-19,8.89833546894e-19,1.11459578672e-18,2.16678100302e-18,4.46783492615e-18,3.40108895293e-18,4.53976944735e-18,3.6518369683e-18,5.62424334867e-18,7.68397766784e-18,5.73287077466e-18,9.54781576564e-18,1.01072305693e-17,1.10878109992e-17,1.25263111717e-17,1.61322702217e-17,1.39739409366e-17,1.40099745784e-17,1.29393530572e-17,1.10685616792e-17,9.88052435162e-18,7.93526273023e-18,4.78723541685e-18,2.57059300048e-18,1.05962125981e-18,2.5448175356e-19,2.91872294726e-20],"var":[1.49686729908,27.4995651245,71.8656845093,82.0754928589,441.080780029,739.536010742,463.799468994,2565.94287109,1904.55480957,890.375244141,4678.52783203,2037.8815918,3498.14257812,3164.73657227,2794.54150391,1494.53833008,691.692321777,1087.04943848,2495.15576172,2567.22314453,725.90814209,264.960632324,251.918685913,170.103652954,276.289916992,238.454071045,141.926498413,56.418258667,43.1758956909,68.7759094238,33.7106170654,4.08421850204,0.333813786507,0.0202567111701,0.00376542168669,0.0209173243493,0.200584799051,0.224752664566,0.0435722693801,0.00359485996887]},"erbbands_crest":{"dmean":2.14120101929,"dmean2":3.53051233292,"dvar":4.62297201157,"dvar2":11.9028949738,"max":31.5313987732,"mean":7.5609087944,"median":6.42839193344,"min":1.73463606834,"var":16.0908069611},"erbbands_flatness_db":{"dmean":0.0197947323322,"dmean2":0.0309781935066,"dvar":0.000408114050515,"dvar2":0.000990491593257,"max":0.303504317999,"mean":0.110947646201,"median":0.0993655100465,"min":0.0183450039476,"var":0.00183285807725},"erbbands_kurtosis":{"dmean":1.4097918272,"dmean2":2.32287597656,"dvar":9.50890922546,"dvar2":25.1302909851,"max":81.8899612427,"mean":1.25665056705,"median":-0.113167285919,"min":-1.76932406425,"var":16.1228752136},"erbbands_skewness":{"dmean":0.362902462482,"dmean2":0.586262702942,"dvar":0.156300663948,"dvar2":0.401110231876,"max":7.16298770905,"mean":0.401903420687,"median":0.209497541189,"min":-4.38221788406,"var":1.10210418701},"erbbands_spread":{"dmean":8.70722484589,"dmean2":13.8963527679,"dvar":72.9466629028,"dvar2":178.06652832,"max":139.173217773,"mean":42.4526786804,"median":42.2367095947,"min":2.55766177177,"var":394.622955322},"gfcc":{"cov":[[21790.0390625,1394.9029541,-1317.86315918,-403.068695068,558.434143066,-956.430419922,688.764953613,-1138.28063965,268.419616699,-338.488189697,28.9872817993,-52.5833587646,-214.971572876],[1394.9029541,1295.12988281,377.120758057,-348.546936035,62.8131866455,-3.44597434998,-53.1007347107,-10.0224866867,14.9150981903,-18.5691184998,57.8845596313,-92.5063323975,175.105194092],[-1317.86315918,377.120758057,741.54510498,73.0792922974,-96.6677322388,171.549743652,-128.653396606,151.141342163,-106.690765381,31.5616397858,46.2534484863,-59.315071106,84.4491424561],[-403.068695068,-348.546936035,73.0792922974,408.235809326,8.66945266724,10.7095947266,54.0880661011,11.5310087204,-23.5774860382,-6.80350589752,5.03853845596,38.3309020996,-86.6708221436],[558.434143066,62.8131866455,-96.6677322388,8.66945266724,190.987472534,-35.6837844849,74.9914169312,-71.903678894,17.891576767,-28.7428913116,12.495511055,-6.59353542328,9.5637254715],[-956.430419922,-3.44597434998,171.549743652,10.7095947266,-35.6837844849,192.724380493,-52.9710083008,111.362953186,-43.7409706116,12.9372234344,0.0307593792677,-6.12544059753,31.0522842407],[688.764953613,-53.1007347107,-128.653396606,54.0880661011,74.9914169312,-52.9710083008,165.279846191,-44.0962028503,33.3441543579,-15.3573179245,-5.1570930481,13.9047060013,-32.4100837708],[-1138.28063965,-10.0224866867,151.141342163,11.5310087204,-71.903678894,111.362953186,-44.0962028503,181.246520996,5.81796121597,49.3848648071,4.02368354797,-9.64686107635,26.7195625305],[268.419616699,14.9150981903,-106.690765381,-23.5774860382,17.891576767,-43.7409706116,33.3441543579,5.81796121597,97.249130249,28.051410675,2.48251414299,13.8897600174,-17.548746109],[-338.488189697,-18.5691184998,31.5616397858,-6.80350589752,-28.7428913116,12.9372234344,-15.3573179245,49.3848648071,28.051410675,70.1743621826,24.2179412842,0.560651123524,7.2171754837],[28.9872817993,57.8845596313,46.2534484863,5.03853845596,12.495511055,0.0307593792677,-5.1570930481,4.02368354797,2.48251414299,24.2179412842,59.9888801575,14.0946540833,15.4609966278],[-52.5833587646,-92.5063323975,-59.315071106,38.3309020996,-6.59353542328,-6.12544059753,13.9047060013,-9.64686107635,13.8897600174,0.560651123524,14.0946540833,61.8755836487,-3.89857006073],[-214.971572876,175.105194092,84.4491424561,-86.6708221436,9.5637254715,31.0522842407,-32.4100837708,26.7195625305,-17.548746109,7.2171754837,15.4609966278,-3.89857006073,88.561920166]],"icov":[[0.0000970087130554,-0.00015600520419,0.000128820363898,-0.000031806233892,0.000148765873746,0.0000187182668014,-0.000244029608439,0.000432958040619,-0.000118362506328,0.000174357832293,-0.00023255913402,0.00022049403924,0.00016004902136],[-0.00015600520419,0.0025343473535,-0.00181137223262,0.00145314715337,-0.000178411006345,0.000272176752333,-0.000135230264277,0.000261518522166,-0.00289259315468,0.00256586098112,-0.00172748754267,0.00193948321976,-0.00284010870382],[0.000128820363898,-0.00181137223262,0.00445375079289,-0.00262465164997,0.001730842283,-0.00140799605288,0.000651918991935,-0.000606271612924,0.00273685203865,-0.000917694822419,-0.00191879284102,0.00286158849485,-0.00111506646499],[-0.000031806233892,0.00145314715337,-0.00262465164997,0.00588767090812,-0.00222145672888,0.00122366170399,-0.0011815757025,-0.00140817870852,0.00117830303498,0.000643946696073,-0.0000927875589696,-0.00401294231415,0.00513817649335],[0.000148765873746,-0.000178411006345,0.001730842283,-0.00222145672888,0.0106670456007,-0.00267321593128,-0.00361815770157,0.00490076793358,-0.00457916175947,0.00467826426029,-0.00574046233669,0.00725338794291,-0.00609508203343],[0.0000187182668014,0.000272176752333,-0.00140799605288,0.00122366170399,-0.00267321593128,0.0110888155177,0.00108968070708,-0.00703894905746,0.00485159317032,0.000206083306693,0.00205028988421,-0.0036844490096,0.00139495311305],[-0.000244029608439,-0.000135230264277,0.000651918991935,-0.0011815757025,-0.00361815770157,0.00108968070708,0.0099884942174,-0.00197609490715,-0.000360113219358,-0.000364831037587,0.00180531560909,-0.00210251496173,0.001707923715],[0.000432958040619,0.000261518522166,-0.000606271612924,-0.00140817870852,0.00490076793358,-0.00703894905746,-0.00197609490715,0.0167015139014,-0.00745557388291,-0.00289427931421,-0.000712196109816,0.00547264749184,-0.00496563129127],[-0.000118362506328,-0.00289259315468,0.00273685203865,0.00117830303498,-0.00457916175947,0.00485159317032,-0.000360113219358,-0.00745557388291,0.0245772600174,-0.0128825102001,0.00615836167708,-0.00983791891485,0.00929800979793],[0.000174357832293,0.00256586098112,-0.000917694822419,0.000643946696073,0.00467826426029,0.000206083306693,-0.000364831037587,-0.00289427931421,-0.0128825102001,0.0310077127069,-0.0154572064057,0.00867327395827,-0.00498180044815],[-0.00023255913402,-0.00172748754267,-0.00191879284102,-0.0000927875589696,-0.00574046233669,0.00205028988421,0.00180531560909,-0.000712196109816,0.00615836167708,-0.0154572064057,0.0299511458725,-0.0134249199182,0.00202668644488],[0.00022049403924,0.00193948321976,0.00286158849485,-0.00401294231415,0.00725338794291,-0.0036844490096,-0.00210251496173,0.00547264749184,-0.00983791891485,0.00867327395827,-0.0134249199182,0.0307171158493,-0.0108277890831],[0.00016004902136,-0.00284010870382,-0.00111506646499,0.00513817649335,-0.00609508203343,0.00139495311305,0.001707923715,-0.00496563129127,0.00929800979793,-0.00498180044815,0.00202668644488,-0.0108277890831,0.027097472921]],"mean":[-29.370464325,83.8771057129,-59.0215682983,14.1890945435,-7.13747882843,-9.87034988403,-0.0149434963241,-14.5873117447,-2.16031622887,-2.95873308182,-3.77928328514,0.163839906454,-2.06733226776]},"hfc":{"dmean":100.833839417,"dmean2":164.232437134,"dvar":20978.1699219,"dvar2":55901.8164062,"max":2646.83764648,"mean":370.184082031,"median":250.903182983,"min":1.07531719392e-16,"var":130927.34375},"melbands":{"dmean":[0.00498444074765,0.00244824378751,0.000743288546801,0.000621849379968,0.000285923248157,0.000244016904617,0.000135514244903,0.0000763479474699,0.0000690991000738,0.0000537524465472,0.0000614847231191,0.0000405447062803,0.0000339524231094,0.0000291179439955,0.0000228132266784,0.0000211346414289,0.0000131127117129,0.000018039771021,0.0000160672025231,0.0000135798363772,0.00000766697030485,0.00000391381399822,0.00000386208239433,0.00000392947504224,0.00000258556838162,0.00000318475986205,0.00000318822799272,0.00000262457069766,0.00000195917891688,0.00000147815808305,9.80575237008e-7,8.16896488232e-7,8.68934023401e-7,0.00000105872072709,8.62352010245e-7,4.88342664084e-7,2.63934964551e-7,1.32775014094e-7,7.05397553702e-8,4.25529655956e-8],"dmean2":[0.00826196558774,0.00407359655946,0.00127619737759,0.00103418924846,0.000468014215585,0.000390742148738,0.000208797151572,0.000120774675452,0.000109533611976,0.0000852240482345,0.0000970056062215,0.0000641453079879,0.0000542171437701,0.0000478919064335,0.0000370277157344,0.0000349975052814,0.0000212832437683,0.0000295030822599,0.0000261773038801,0.0000225702497119,0.0000127232378873,0.00000637723678665,0.00000635696733298,0.00000640451571599,0.00000426320411862,0.00000529226053914,0.00000527100746694,0.0000042633105295,0.00000311626672556,0.00000232956313084,0.00000152389930008,0.00000123400502616,0.00000129220779854,0.00000164652215062,0.0000014110680695,8.0606866959e-7,4.3102832592e-7,2.1387612037e-7,1.12261062668e-7,6.76318023807e-8],"dvar":[0.000049343721912,0.0000152765969688,0.0000013710729263,0.00000131565957417,3.25791120304e-7,4.86981036829e-7,1.25931492789e-7,5.52843104629e-8,6.26315213026e-8,2.96327282712e-8,4.54503954472e-8,2.16602362713e-8,1.20063115006e-8,4.82203077468e-9,3.62066487902e-9,2.03459205039e-9,1.65324454127e-9,2.38094277627e-9,1.99872940421e-9,1.81456050186e-9,2.94042429294e-10,1.23913157513e-10,6.25555579559e-11,9.00791802261e-11,2.8812200889e-11,4.24406725041e-11,4.58468749076e-11,3.57462809353e-11,1.8730864082e-11,1.10775451312e-11,5.24988516201e-12,4.37131537565e-12,7.32149757487e-12,1.88747316388e-11,1.52663645614e-11,4.23234234118e-12,1.13676407697e-12,2.26014194339e-13,4.23851966437e-14,6.56335676454e-15],"dvar2":[0.000133191177156,0.0000416697184846,0.00000383319184039,0.00000350895993506,8.00737893769e-7,0.00000113797057111,2.69129856179e-7,1.16163278108e-7,1.33829288984e-7,6.79992027131e-8,1.05977107978e-7,4.70656367213e-8,2.60725361301e-8,1.20324372688e-8,8.39227976002e-9,5.3140647438e-9,3.4633331758e-9,5.97257177049e-9,4.94614171842e-9,5.07796604765e-9,7.57847840038e-10,2.87923462849e-10,1.63403318654e-10,2.2192657434e-10,7.56468082619e-11,1.15216898522e-10,1.22990909124e-10,9.44182509954e-11,4.56423475403e-11,2.68519234625e-11,1.21793937782e-11,9.4349805746e-12,1.51151521854e-11,4.52048259936e-11,3.85234344424e-11,1.0786724812e-11,2.81359679478e-12,5.67619519096e-13,1.0498197499e-13,1.52745349734e-14],"max":[0.124584086239,0.0514552928507,0.0200494397432,0.0204287841916,0.0149830253795,0.0242353994399,0.0122904367745,0.0103874597698,0.0141062429175,0.00811904948205,0.00921384338289,0.00861625466496,0.00731396256015,0.00243863509968,0.00475755147636,0.00124120095279,0.00322126061656,0.00287324981764,0.00204220321029,0.00204178225249,0.000533864309546,0.000569545023609,0.000192570965737,0.000454369030194,0.000125930906506,0.000153374872752,0.00020003085956,0.000148502571392,0.000184012329555,0.0000783720606705,0.0000581777603657,0.0000697929935995,0.000093478069175,0.000197071552975,0.000123478443129,0.0000540850123798,0.0000294830406347,0.0000130967009682,0.00000725777545085,0.00000187088232906],"mean":[0.00870234891772,0.0039453539066,0.00128716218751,0.00112806283869,0.000474243715871,0.000420778087573,0.000259200925939,0.00012454111129,0.000122833327623,0.0000941676917137,0.0000983529680525,0.0000677457210259,0.0000636525292066,0.0000521906149515,0.0000399520504288,0.000035807453969,0.0000257839346887,0.0000338000354532,0.000033211435948,0.0000275875754596,0.0000156016085384,0.00000830797307572,0.00000822877973405,0.00000852189168654,0.00000596722156843,0.00000749648415876,0.00000687195642968,0.00000595996334596,0.00000452304266219,0.00000328298301611,0.00000216264243136,0.00000178969935405,0.00000166301538229,0.00000160882757427,0.00000108523613562,5.61646288588e-7,2.81204677322e-7,1.58335296874e-7,8.54339674561e-8,5.27160857189e-8],"median":[0.00585326692089,0.0023918193765,0.00073405780131,0.000487173470901,0.000215533189476,0.000161322590429,0.0000854619356687,0.0000319631872117,0.0000256477032963,0.0000216286171053,0.0000204346706596,0.0000173846674443,0.0000164247339853,0.0000168802162079,0.0000126320128402,0.0000100978149931,0.00000786231612437,0.00000949077639234,0.00000820847344585,0.00000732775970391,0.00000454287282992,0.00000249102913585,0.00000195748953047,0.00000162020171501,0.00000140662962167,0.0000017069654632,0.00000153581152063,0.00000133830712912,0.00000111592953544,8.04381897979e-7,4.89434967221e-7,3.54190348162e-7,2.40623705849e-7,1.68709746617e-7,1.12333715663e-7,7.91674423795e-8,5.37337960793e-8,4.21208028456e-8,2.8826859122e-8,2.10111092969e-8],"min":[1.32536017787e-24,4.98654794851e-24,5.41487062663e-24,3.19534124724e-24,2.25011430554e-24,2.48265787862e-24,2.29535015364e-24,3.0615372243e-24,3.17493913487e-24,2.10749456476e-24,3.59355803498e-24,2.85325013797e-24,2.3546930041e-24,2.7125163664e-24,4.07276539692e-24,5.82476709171e-24,7.77866314127e-24,3.67008424811e-24,3.10206416444e-24,6.40054917226e-24,3.78996112899e-24,5.03237840052e-24,6.97636872369e-24,5.39932060046e-24,3.89132738872e-24,5.97425386667e-24,5.91412294417e-24,6.24111170584e-24,5.82020550353e-24,7.44653061206e-24,6.59542897585e-24,8.7001891515e-24,7.44840573444e-24,6.65988877257e-24,7.45946556433e-24,7.87324204178e-24,7.30099760796e-24,7.8911073747e-24,6.5328261577e-24,8.91316266325e-24],"var":[0.0000867768831085,0.0000223630431719,0.00000264691493612,0.00000313617442771,5.98470194291e-7,0.00000117320394111,3.72615829747e-7,1.47588934851e-7,2.55469245758e-7,9.57323180728e-8,9.14506159688e-8,5.62959883155e-8,4.17922905172e-8,1.10015854204e-8,6.58251986252e-9,4.24970858504e-9,4.34666880267e-9,5.71093883295e-9,5.41499645124e-9,4.16056122887e-9,8.81208161996e-10,3.70496605617e-10,1.95604171749e-10,2.72743744256e-10,9.67812704977e-11,1.53286536242e-10,1.35724348427e-10,1.09378242574e-10,6.37393401948e-11,3.48149807594e-11,1.65234440713e-11,1.35339326551e-11,1.71006993288e-11,2.45819423844e-11,1.51394036196e-11,3.79448165597e-12,9.9127455376e-13,2.0600875335e-13,4.16033784571e-14,8.49447753484e-15]},"melbands_crest":{"dmean":4.60721874237,"dmean2":7.70420742035,"dvar":14.701300621,"dvar2":40.8703193665,"max":38.5861930847,"mean":21.0879096985,"median":20.9636058807,"min":1.76848137379,"var":47.2414741516},"melbands_flatness_db":{"dmean":0.0423740409315,"dmean2":0.0678818970919,"dvar":0.00154830922838,"dvar2":0.00407498143613,"max":0.678703308105,"mean":0.298430800438,"median":0.291847288609,"min":0.00408712541685,"var":0.0105418376625},"melbands_kurtosis":{"dmean":24.6437416077,"dmean2":41.2049751282,"dvar":2002.2364502,"dvar2":5587.61425781,"max":1172.77172852,"mean":46.1753463745,"median":25.5995006561,"min":-1.84957242012,"var":3903.16308594},"melbands_skewness":{"dmean":1.28259289265,"dmean2":2.09918618202,"dvar":1.80406570435,"dvar2":4.91000080109,"max":26.4474620819,"mean":4.59818124771,"median":4.21157741547,"min":-1.90414309502,"var":6.95251846313},"melbands_spread":{"dmean":4.73865413666,"dmean2":7.76129388809,"dvar":82.8225479126,"dvar2":221.243942261,"max":296.358123779,"mean":13.4787969589,"median":7.04129505157,"min":0.127286151052,"var":520.023986816},"mfcc":{"cov":[[13919.6357422,649.475708008,-1440.2199707,341.810638428,-492.397521973,404.655883789,-185.031341553,-67.1420516968,-310.980865479,176.439086914,-269.937469482,-128.130172729,25.8268260956],[649.475708008,1544.71008301,297.01864624,-242.294372559,149.387329102,-64.6624145508,70.5217056274,-130.358779907,113.345756531,-0.073913320899,-60.4400787354,-20.455411911,46.3979148865],[-1440.2199707,297.01864624,806.242004395,-34.7456245422,165.241317749,-83.7799530029,121.298583984,-17.3743629456,39.0381698608,-21.2179279327,46.384147644,-1.93387901783,-11.1365423203],[341.810638428,-242.294372559,-34.7456245422,352.499053955,-21.1887798309,79.9579086304,18.4243869781,51.1868476868,-51.9140396118,8.69933223724,30.5384712219,4.60483884811,-16.2875041962],[-492.397521973,149.387329102,165.241317749,-21.1887798309,161.196304321,-1.56103217602,48.069480896,-5.52765512466,16.0515594482,-12.0857248306,4.48388910294,-1.65465402603,6.91379213333],[404.655883789,-64.6624145508,-83.7799530029,79.9579086304,-1.56103217602,110.144378662,22.777797699,31.9544353485,-26.8826217651,-0.613035738468,-14.4506378174,-11.280957222,-7.77892827988],[-185.031341553,70.5217056274,121.298583984,18.4243869781,48.069480896,22.777797699,126.983009338,18.055524826,18.3128147125,-7.20961761475,-1.06793045998,-9.44799900055,1.52085256577],[-67.1420516968,-130.358779907,-17.3743629456,51.1868476868,-5.52765512466,31.9544353485,18.055524826,94.7380828857,9.36184978485,3.81780028343,9.53891372681,7.8876490593,-6.05359125137],[-310.980865479,113.345756531,39.0381698608,-51.9140396118,16.0515594482,-26.8826217651,18.3128147125,9.36184978485,98.4451065063,17.4367675781,11.6976747513,17.8764400482,7.28331136703],[176.439086914,-0.073913320899,-21.2179279327,8.69933223724,-12.0857248306,-0.613035738468,-7.20961761475,3.81780028343,17.4367675781,57.1214027405,23.5587768555,10.2581443787,2.56144452095],[-269.937469482,-60.4400787354,46.384147644,30.5384712219,4.48388910294,-14.4506378174,-1.06793045998,9.53891372681,11.6976747513,23.5587768555,69.6120529175,32.7545433044,1.53550302982],[-128.130172729,-20.455411911,-1.93387901783,4.60483884811,-1.65465402603,-11.280957222,-9.44799900055,7.8876490593,17.8764400482,10.2581443787,32.7545433044,57.3736114502,21.2251834869],[25.8268260956,46.3979148865,-11.1365423203,-16.2875041962,6.91379213333,-7.77892827988,1.52085256577,-6.05359125137,7.28331136703,2.56144452095,1.53550302982,21.2251834869,45.0211830139]],"icov":[[0.000143681216286,-0.000165715260664,0.000159564850037,-0.000116503528261,0.000310306320898,-0.00025412888499,-0.00000764529704611,0.00000627255440122,0.000468134559924,-0.0006183249061,0.000430459331255,-0.0000308503076667,-0.0000454700639239],[-0.000165715260664,0.00122677604668,-0.000474780914374,0.000414039968746,-0.000826095871162,-0.0000412096596847,-0.000116880692076,0.00127976411022,-0.00160002242774,0.000266595685389,0.000521182082593,0.000208177574677,-0.00071335688699],[0.000159564850037,-0.000474780914374,0.00240684230812,-0.000311691081151,-0.00114765414037,0.00177631620318,-0.00174453051295,-0.000192905237782,0.000929705274757,0.000114091890282,-0.00117165583652,0.000283516361378,0.00114592118189],[-0.000116503528261,0.000414039968746,-0.000311691081151,0.00430752150714,0.000157806323841,-0.00231399293989,-0.000463006930659,-0.000869676412549,0.00130021269433,0.00018215511227,-0.00237125111744,-0.000155796587933,0.00052964972565],[0.000310306320898,-0.000826095871162,-0.00114765414037,0.000157806323841,0.00953488238156,-0.00225314567797,-0.00123347679619,0.000154252396896,0.00051196484128,0.000397053692723,-0.000398401141865,0.000585147179663,-0.00171228742693],[-0.00025412888499,-0.0000412096596847,0.00177631620318,-0.00231399293989,-0.00225314567797,0.0160039495677,-0.00366241903976,-0.00383567763492,0.00282402220182,-0.000694521819241,0.00265415618196,-0.000414512411226,0.00219726236537],[-0.00000764529704611,-0.000116880692076,-0.00174453051295,-0.000463006930659,-0.00123347679619,-0.00366241903976,0.011747517623,-0.00146793317981,-0.00285298610106,0.00134098017588,-0.000484469666844,0.00319367367774,-0.00261568115093],[0.00000627255440122,0.00127976411022,-0.000192905237782,-0.000869676412549,0.000154252396896,-0.00383567763492,-0.00146793317981,0.0149235920981,-0.0038621709682,0.000231795318541,0.000215235733776,-0.00191076716874,0.00119006005116],[0.000468134559924,-0.00160002242774,0.000929705274757,0.00130021269433,0.00051196484128,0.00282402220182,-0.00285298610106,-0.0038621709682,0.0170488469303,-0.00643827859312,0.00184912409168,-0.00489347148687,0.00191932171583],[-0.0006183249061,0.000266595685389,0.000114091890282,0.00018215511227,0.000397053692723,-0.000694521819241,0.00134098017588,0.000231795318541,-0.00643827859312,0.0259468667209,-0.011817661114,0.00351296621375,-0.00170882814564],[0.000430459331255,0.000521182082593,-0.00117165583652,-0.00237125111744,-0.000398401141865,0.00265415618196,-0.000484469666844,0.000215235733776,0.00184912409168,-0.011817661114,0.0298651140183,-0.0158309414983,0.00545145105571],[-0.0000308503076667,0.000208177574677,0.000283516361378,-0.000155796587933,0.000585147179663,-0.000414512411226,0.00319367367774,-0.00191076716874,-0.00489347148687,0.00351296621375,-0.0158309414983,0.0338657721877,-0.0155436368659],[-0.0000454700639239,-0.00071335688699,0.00114592118189,0.00052964972565,-0.00171228742693,0.00219726236537,-0.00261568115093,0.00119006005116,0.00191932171583,-0.00170882814564,0.00545145105571,-0.0155436368659,0.0312678962946]],"mean":[-698.322875977,147.252334595,8.89008998871,42.2596435547,9.97991752625,23.1740455627,6.59347200394,6.42103910446,3.37620067596,6.40718984604,-1.17071866989,1.87714326382,4.26513576508]},"pitch_salience":{"dmean":0.0883271545172,"dmean2":0.148085519671,"dvar":0.00578212831169,"dvar2":0.0159023366868,"max":0.900804162025,"mean":0.467961192131,"median":0.475813210011,"min":0.0785990655422,"var":0.0185151807964},"silence_rate_20dB":{"dmean":0.00012169891852,"dmean2":0.000243412650889,"dvar":0.000121675475384,"dvar2":0.00036502518924,"max":1,"mean":0.999939143658,"median":1,"min":0,"var":0.0000608398950135},"silence_rate_30dB":{"dmean":0.0994280129671,"dmean2":0.198868125677,"dvar":0.0895439758897,"dvar2":0.203625544906,"max":1,"mean":0.737146317959,"median":1,"min":0,"var":0.19376643002},"silence_rate_60dB":{"dmean":0.00206888164394,"dmean2":0.00413801474497,"dvar":0.00206415820867,"dvar2":0.00484936218709,"max":1,"mean":0.100030422211,"median":0,"min":0,"var":0.0900270044804},"spectral_centroid":{"dmean":204.948730469,"dmean2":328.452423096,"dvar":60617.0820312,"dvar2":143539.71875,"max":11536.4775391,"mean":1094.9197998,"median":860.236877441,"min":94.0418243408,"var":866299.75},"spectral_complexity":{"dmean":2.62163805962,"dmean2":4.08580303192,"dvar":8.76489448547,"dvar2":18.6429138184,"max":60,"mean":16.3780345917,"median":14,"min":0,"var":189.213684082},"spectral_contrast_coeffs":{"dmean":[0.0508518777788,0.0485619828105,0.0341936424375,0.0274593587965,0.0217455234379,0.0253947935998],"dmean2":[0.0855912864208,0.0809811353683,0.0569574125111,0.04575330019,0.0361518226564,0.0391255542636],"dvar":[0.00162759388331,0.00152822805103,0.000778943125624,0.000483155541588,0.000354850984877,0.000543759437278],"dvar2":[0.00448337523267,0.00417033722624,0.00211148359813,0.00127612717915,0.000903234642465,0.00128749141004],"max":[-0.390014499426,-0.403111428022,-0.496753364801,-0.579475343227,-0.616568744183,-0.554817795753],"mean":[-0.718152701855,-0.773714482784,-0.830020964146,-0.837785303593,-0.842589199543,-0.763506948948],"median":[-0.719744682312,-0.779338598251,-0.838338553905,-0.835534632206,-0.831877708435,-0.763056278229],"min":[-0.971785247326,-0.97307652235,-0.974487066269,-0.983917713165,-0.968873798847,-0.96484798193],"var":[0.00625452119857,0.00586018711329,0.00401836121455,0.00320976413786,0.00266677839682,0.00632308470085]},"spectral_contrast_valleys":{"dmean":[0.37212434411,0.414827823639,0.367133706808,0.342490851879,0.345079123974,0.491195648909],"dmean2":[0.620613157749,0.680212378502,0.597484588623,0.555026233196,0.551051914692,0.770883858204],"dvar":[0.0865956693888,0.125302746892,0.119770154357,0.13947249949,0.165140882134,0.203311502934],"dvar2":[0.235790878534,0.319136351347,0.299129724503,0.349426835775,0.407945930958,0.484864413738],"max":[-4.70060920715,-4.47725486755,-5.16892147064,-5.74346160889,-5.7705745697,-8.39473247528],"mean":[-6.64683532715,-7.01631450653,-7.55105447769,-7.85434055328,-7.93520832062,-10.8952856064],"median":[-6.28077507019,-6.67304897308,-7.18591737747,-7.49508571625,-7.70651388168,-10.6959819794],"min":[-27.8165187836,-27.6356487274,-27.5919723511,-27.605178833,-27.4270896912,-27.3523025513],"var":[2.81871509552,2.42352867126,2.38402509689,2.40860581398,2.24371886253,1.43094813824]},"spectral_decrease":{"dmean":5.16721909705e-9,"dmean2":8.54943671413e-9,"dvar":4.68761565685e-17,"dvar2":1.27979107973e-16,"max":1.67838347664e-8,"mean":-9.41328970328e-9,"median":-6.90185864016e-9,"min":-1.07823659334e-7,"var":9.17082638167e-17},"spectral_energy":{"dmean":0.020287360996,"dmean2":0.0332351177931,"dvar":0.000695752678439,"dvar2":0.00184510007966,"max":0.470467299223,"mean":0.0691049471498,"median":0.0624410733581,"min":1.01687517978e-20,"var":0.00278239347972},"spectral_energyband_high":{"dmean":0.000446722755441,"dmean2":0.000643639243208,"dvar":0.000001172557063,"dvar2":0.00000247583011515,"max":0.0343519113958,"mean":0.00154121709056,"median":0.000471915263915,"min":7.28806461839e-21,"var":0.00000625440679869},"spectral_energyband_low":{"dmean":0.0179821848869,"dmean2":0.0299794543535,"dvar":0.000628108973615,"dvar2":0.0017023878172,"max":0.407199174166,"mean":0.0364005826414,"median":0.0264469496906,"min":3.7138135691e-23,"var":0.00125098682474},"spectral_energyband_middle_high":{"dmean":0.000931291491725,"dmean2":0.00142977805808,"dvar":0.00000365464802599,"dvar2":0.00000833524791233,"max":0.0659306794405,"mean":0.00341639621183,"median":0.00140796112828,"min":1.36279722479e-21,"var":0.0000246382678597},"spectral_energyband_middle_low":{"dmean":0.004187873099,"dmean2":0.00687375711277,"dvar":0.0000396411887778,"dvar2":0.000100990990177,"max":0.132151275873,"mean":0.0114451590925,"median":0.00753454677761,"min":1.76225909537e-22,"var":0.000164586454048},"spectral_entropy":{"dmean":0.224219232798,"dmean2":0.356103330851,"dvar":0.0727353394032,"dvar2":0.181513905525,"max":9.8142786026,"mean":7.5103096962,"median":7.64898252487,"min":5.04462575912,"var":0.306214362383},"spectral_flux":{"dmean":0.0295558776706,"dmean2":0.0488811060786,"dvar":0.000991598004475,"dvar2":0.00252492283471,"max":0.47508713603,"mean":0.122283197939,"median":0.118299931288,"min":6.60395488294e-11,"var":0.00458515621722},"spectral_kurtosis":{"dmean":3.89950966835,"dmean2":6.188185215,"dvar":28.6220817566,"dvar2":73.2052383423,"max":75.4898605347,"mean":14.396821022,"median":12.6387386322,"min":-1.24093770981,"var":69.4457244873},"spectral_rms":{"dmean":0.00114913249854,"dmean2":0.00186806160491,"dvar":0.00000145871695167,"dvar2":0.00000383224414691,"max":0.0214241109788,"mean":0.00739385699853,"median":0.0078050061129,"min":3.14971963442e-12,"var":0.0000127500934468},"spectral_rolloff":{"dmean":4416.25146484,"dmean2":8613.5625,"dvar":65131832,"dvar2":165781200,"max":22050,"mean":14363.5859375,"median":21683.9355469,"min":43.06640625,"var":96631880},"spectral_skewness":{"dmean":0.364570647478,"dmean2":0.575955450535,"dvar":0.203233003616,"dvar2":0.509569227695,"max":7.23296022415,"mean":2.65827894211,"median":2.52184033394,"min":-0.126963958144,"var":0.754664123058},"spectral_spread":{"dmean":552778.1875,"dmean2":867803.5625,"dvar":348076965888,"dvar2":806215483392,"max":42025444,"mean":5061034,"median":4945188,"min":1951007.625,"var":2984167604220},"spectral_strongpeak":{"dmean":7.24998950958,"dmean2":13.7083711624,"dvar":703.473937988,"dvar2":1950.16015625,"max":234.699417114,"mean":5.5831990242,"median":0.249631032348,"min":0,"var":568.414001465},"zerocrossingrate":{"dmean":0.0455392226577,"dmean2":0.0629465058446,"dvar":0.00161368492991,"dvar2":0.00313202082179,"max":0.87060546875,"mean":0.28999581933,"median":0.28759765625,"min":0.005859375,"var":0.0150329191238}},"metadata":{"audio_properties":{"analysis_sample_rate":44100,"bit_rate":320000,"codec":"mp3","downmix":"mix","equal_loudness":0,"length":381.596740723,"lossless":false,"md5_encoded":"4421724bc047c483756e8127ad81bbe8","replay_gain":-6.69362449646,"sample_rate":44100},"tags":{"album":["Black Sabbath"],"albumartist":["Black Sabbath"],"albumartistsort":["Black Sabbath","Black Sabbath"],"artist":["Black Sabbath"],"artistsort":["Black Sabbath"],"asin":["B000002KB8"],"barcode":["5050749203120"],"catalognumber":["SMRCD031"],"composer":["Geezer Butler/Ozzy Osbourne/Bill Ward/Tony Iommi"],"date":["1970"],"discnumber":["1/1"],"encodedby":["iTunes 10.4.1.10"],"file_name":"01. Black Sabbath - Black Sabbath.mp3","genre":["Heavy Metal"],"isrc":["GBAJE7000076"],"label":["Sanctuary Midline"],"language":["eng"],"media":["CD"],"musicbrainz album release country":["GB"],"musicbrainz album status":["official"],"musicbrainz album type":["album"],"musicbrainz disc id":["5W448BfrufqX7RP_Fw_Pit9n3yY-"],"musicbrainz_albumartistid":["5182c1d9-c7d2-4dad-afa0-ccfeada921a8"],"musicbrainz_albumid":["d4d6b8d9-413f-3aa6-9f4b-d51be1eb740c"],"musicbrainz_artistid":["5182c1d9-c7d2-4dad-afa0-ccfeada921a8"],"musicbrainz_recordingid":["533d5cbb-3ec6-4226-994b-844bc2173ac3"],"script":["Latn"],"title":["Black Sabbath"],"tracknumber":["1/8"]},"version":{"essentia":"2.1-beta1","essentia_build_sha":"ca57ba49d9b1854bd80e60cf9ccf267278fb7d6b","essentia_git_sha":"v2.1_beta1-28-g21ef5f4-dirty","extractor":"music 1.0"}},"rhythm":{"beats_count":826,"beats_loudness":{"dmean":0.0329606682062,"dmean2":0.0575867444277,"dvar":0.00128994346596,"dvar2":0.00371463852935,"max":0.321404188871,"mean":0.0767161622643,"median":0.0716751813889,"min":9.95951515703e-11,"var":0.00310318963602},"beats_loudness_band_ratio":{"dmean":[0.159841567278,0.065203115344,0.0398282893002,0.0242799576372,0.0189299508929,0.0931344628334],"dmean2":[0.27620428800