{"lowlevel":{"average_loudness":0.912994265556,"barkbands":{"dmean":[0.000118589043268,0.00359811959788,0.00208787783049,0.000906530767679,0.00148268823978,0.000891119183507,0.000481111201225,0.000645458407234,0.000572285673115,0.000458115973743,0.000266500166617,0.000239736225922,0.000224819188588,0.000318966514897,0.000445334851975,0.0005323663936,0.000468417536467,0.000272206205409,0.000334625132382,0.000265456503257,0.000192173261894,0.000161269970704,0.000181928815437,0.000138886971399,0.0000697451614542,0.0000355174270226,0.0000145905878526],"dmean2":[0.000152721753693,0.00608091801405,0.00353324064054,0.00150502286851,0.00245478097349,0.00148264761083,0.000766932149418,0.00110851833597,0.000928511028178,0.000732906395569,0.000437701150076,0.00038856890751,0.000362805149052,0.000527609256096,0.000721839081962,0.000867046532221,0.000783207826316,0.000455707253423,0.000551515549887,0.000437049515313,0.000323901476804,0.00026094072382,0.000290770491119,0.000212588056456,0.000104284357803,0.0000504368144902,0.000021024259695],"dvar":[9.77347340836e-8,0.0000621435101493,0.00000810173605714,0.00000119741832805,0.00000581646008868,0.00000244470720645,6.36097922779e-7,0.00000275712363873,0.00000117841045721,0.00000133728406126,4.46748458671e-7,3.15801372608e-7,1.75365812538e-7,2.90038457251e-7,6.18595606738e-7,7.46347382119e-7,4.31635953646e-7,1.42344418919e-7,2.18222055537e-7,1.15096327136e-7,8.48158876465e-8,1.10894553984e-7,3.81116620929e-7,2.22023345486e-7,4.83902127257e-8,6.75671962824e-9,1.20506093992e-9],"dvar2":[1.64844252026e-7,0.000176826448296,0.0000230647892749,0.00000319353534906,0.0000156493224495,0.00000686738030709,0.00000159316766712,0.00000739649249226,0.00000277829371953,0.00000313821260534,0.00000108680103494,7.31332931991e-7,4.21036048692e-7,7.2080240443e-7,0.00000154161102728,0.0000018444327452,0.0000011508558373,3.68266199757e-7,5.50346271666e-7,3.03718394434e-7,2.24819061145e-7,2.54382257481e-7,8.98911537206e-7,4.59281181975e-7,1.16185617571e-7,1.46068366291e-8,2.5335389342e-9],"max":[0.00461858976632,0.0721168443561,0.0296146832407,0.0188007522374,0.0265804883093,0.0222144015133,0.0136441634968,0.0187166612595,0.021586343646,0.029767440632,0.0237142033875,0.0201318748295,0.00857193116099,0.00974344648421,0.0146698849276,0.0183062385768,0.0142651339993,0.00669670430943,0.0124328806996,0.0082467328757,0.00373341888189,0.00940485391766,0.0189434140921,0.0140174115077,0.00592135777697,0.00239045638591,0.000955343537498],"mean":[0.000194064399693,0.00453511811793,0.00298758968711,0.00142212933861,0.00250329938717,0.00139004352968,0.000839872518554,0.00071313243825,0.000958784890827,0.000824504881166,0.000404544844059,0.000425794976763,0.000380132172722,0.00050940271467,0.000793969200458,0.00107957294676,0.00101893744431,0.000620831619017,0.000852873723488,0.000729199207854,0.000442008778919,0.000331832212396,0.000326163950376,0.000254724727711,0.000120503995277,0.0000620611099293,0.0000188378362509],"median":[0.00000391456433135,0.00156752415933,0.00193069840316,0.000921510276385,0.00162836967502,0.00092984654475,0.000408915628213,0.000248568074312,0.000456632464193,0.000239232482272,0.000151762462338,0.000184466989595,0.000211475067772,0.000297763792332,0.000432017317507,0.000647233449854,0.000728711835109,0.000454830587842,0.000650892499834,0.000602871063165,0.000321392726619,0.000170374798472,0.000139405601658,0.00010046830721,0.0000492953367939,0.0000249851091212,0.00000211484871215],"min":[4.19004061454e-25,3.52085740282e-24,1.19487538579e-24,1.80630648507e-24,1.2957801619e-23,1.02746174677e-23,1.20985277783e-23,1.42333731367e-23,1.706660021e-23,1.58572369992e-23,3.07203861955e-23,1.86318027978e-23,3.91046744198e-23,4.58172180801e-23,5.79941002566e-23,5.92616545809e-23,1.12289616693e-22,1.20995914783e-22,1.16174838693e-22,1.8029161029e-22,2.77841177953e-22,3.32332710547e-22,3.58030214255e-22,6.38029740888e-22,9.80500942276e-22,1.34073860391e-21,2.05587804678e-21],"var":[2.69300500122e-7,0.0000724470010027,0.000011130794519,0.00000243391377808,0.0000074764288911,0.00000255084614764,0.00000132214643145,0.00000238295069721,0.00000245117394115,0.00000429025612902,0.00000111581880446,8.74239788118e-7,3.19243525837e-7,4.6708970558e-7,0.00000139055805448,0.00000202694582185,0.00000116354533475,3.82933450283e-7,8.00933662504e-7,3.98387470568e-7,1.96894191618e-7,2.73791442851e-7,6.32895080344e-7,4.36232909351e-7,6.05475634075e-8,1.10667439657e-8,1.83045101299e-9]},"barkbands_crest":{"dmean":2.48193860054,"dmean2":4.14783287048,"dvar":6.39706897736,"dvar2":18.3089027405,"max":23.7387638092,"mean":7.94254779816,"median":7.02727842331,"min":2.05544281006,"var":14.1803655624},"barkbands_flatness_db":{"dmean":0.0171296335757,"dmean2":0.0271201599389,"dvar":0.000297199439956,"dvar2":0.000772808038164,"max":0.403471142054,"mean":0.102331146598,"median":0.0813497453928,"min":0.0175843760371,"var":0.00414192164317},"barkbands_kurtosis":{"dmean":1.31826233864,"dmean2":2.13582086563,"dvar":5.49144744873,"dvar2":13.9519433975,"max":95.58177948,"mean":1.01549232006,"median":-0.632144927979,"min":-1.87651097775,"var":26.7724208832},"barkbands_skewness":{"dmean":0.439329653978,"dmean2":0.69102793932,"dvar":0.192272469401,"dvar2":0.496533066034,"max":7.42249679565,"mean":0.922089517117,"median":0.756262660027,"min":-2.09212827682,"var":0.939442157745},"barkbands_spread":{"dmean":6.27731657028,"dmean2":10.0181541443,"dvar":41.9031295776,"dvar2":109.822677612,"max":93.7512435913,"mean":35.6492843628,"median":36.0628890991,"min":1.20531439781,"var":215.587158203},"dissonance":{"dmean":0.00803357176483,"dmean2":0.0136529942974,"dvar":0.0000851949953358,"dvar2":0.00022401860042,"max":0.500000119209,"mean":0.484094768763,"median":0.489391922951,"min":0.296863287687,"var":0.000419924937887},"dynamic_complexity":2.74176883698,"erbbands":{"dmean":[0.121381163597,0.770816624165,2.07552957535,2.92675352097,3.64963197708,5.07573843002,6.87396144867,8.20975971222,6.52147388458,11.167383194,10.9825296402,11.9630994797,16.3360481262,10.7821788788,10.1241912842,8.96149158478,9.60681915283,13.8641901016,17.7581863403,23.9162654877,30.5934963226,23.8494701385,14.2229471207,14.2223596573,16.8431625366,12.285077095,8.70926380157,7.44876623154,5.66623735428,5.30316352844,5.14654302597,4.09507989883,1.72709476948,0.888786375523,0.454807370901,0.159494966269,0.0679107755423,0.0222959034145,0.00259525794536,0.0000685338018229],"dmean2":[0.206357747316,1.30912339687,3.53543567657,4.83075666428,6.15328931808,8.55990982056,11.1213502884,13.6558332443,10.4176950455,18.3755779266,18.4460868835,19.537563324,26.0572166443,17.0850696564,16.373254776,14.3950691223,15.3160572052,22.6826915741,28.8530635834,38.7153129578,49.6415290833,39.6351203918,23.7268333435,23.455701828,27.9046840668,20.3349552155,14.6251058578,12.5595054626,9.26663780212,8.51692485809,8.23562526703,6.3253531456,2.66552901268,1.34740269184,0.688760578632,0.233075976372,0.0973984077573,0.0321560278535,0.00372202624567,0.0000997813040158],"dvar":[0.102059073746,2.32125616074,8.3138923645,12.846370697,46.6831932068,68.5066833496,98.9915924072,220.785064697,134.537216187,659.287963867,610.745239258,498.015869141,1535.52929688,640.268798828,650.194702148,340.447540283,314.869415283,543.714660645,874.465881348,1742.04650879,2328.01635742,1150.16137695,409.700897217,412.880187988,487.091583252,268.996337891,140.317138672,151.254837036,129.990280151,166.489364624,306.224639893,292.459838867,19.496213913,7.24417924881,2.05643725395,0.158724367619,0.024420754984,0.00404072226956,0.0000367336797353,2.29485745962e-8],"dvar2":[0.30179181695,6.45961904526,23.4766578674,34.1595687866,125.618354797,188.437271118,262.520690918,618.598266602,340.639007568,1702.52185059,1609.00061035,1202.31555176,3590.328125,1385.16809082,1552.26977539,819.548278809,744.031921387,1350.98852539,2101.05786133,4198.38916016,5937.0234375,3077.11499023,1070.99121094,1033.96850586,1273.54858398,712.513061523,376.307067871,397.022369385,299.35925293,359.990905762,716.461975098,619.465881348,43.674949646,17.6061515808,4.93940782547,0.349363833666,0.0532992705703,0.00956122856587,0.0000747606318328,4.73549590652e-8],"max":[2.82114720345,15.2343635559,30.5176029205,66.9001312256,79.8133392334,111.440956116,154.012359619,248.106887817,217.616210938,288.62991333,356.531555176,408.751464844,859.292480469,564.93548584,1335.00598145,432.688537598,450.97454834,456.234954834,488.425506592,1066.37841797,1201.37878418,811.978027344,354.358886719,669.571594238,524.105285645,479.664093018,170.160476685,192.172546387,318.37991333,408.869262695,491.50692749,477.216278076,125.504447937,74.130531311,36.1133499146,8.34370231628,3.67342281342,3.2813975811,0.16031652689,0.00417449232191],"mean":[0.133151814342,1.01206815243,3.06032419205,5.04065418243,5.25896167755,8.02620601654,11.8445901871,12.6083898544,11.8243875504,14.5982255936,14.6923217773,19.7383556366,29.3297138214,19.7629032135,17.4956302643,16.6330490112,17.4266490936,23.6750965118,33.2848739624,47.2621192932,67.2563323975,56.1489143372,34.6812400818,37.6696395874,44.4271354675,34.0521316528,22.243560791,15.7358512878,11.7190732956,10.3019485474,9.03496742249,7.00126266479,3.24252820015,1.53035891056,0.754769146442,0.282073438168,0.112744688988,0.0321437753737,0.00333219510503,0.000112239686132],"median":[0.0215361975133,0.443545043468,1.99817800522,3.26082253456,3.10460686684,4.90986251831,7.52336835861,7.84548950195,6.14789676666,6.09139823914,6.52635622025,9.8714094162,9.15545558929,7.59328269958,6.52895402908,8.27988529205,10.0674858093,14.0679731369,18.8004436493,27.8128070831,43.8003234863,40.3764915466,25.9089355469,28.4627037048,35.9236030579,28.4305973053,18.3667888641,9.28152942657,6.505610466,4.96395492554,3.74019765854,2.5193066597,1.35737061501,0.626461684704,0.297483861446,0.118381492794,0.0420819818974,0.00806821137667,0.000326096313074,0.0000456791531178],"min":[1.15142819302e-22,8.45102472091e-22,2.53332281894e-21,7.82426991019e-21,1.77649848152e-20,4.20247623867e-20,6.32171943038e-20,1.24845490973e-19,1.6156209966e-19,2.48972730681e-19,3.61538389419e-19,4.19727288488e-19,3.73146059858e-19,5.30961910223e-19,1.09149149484e-18,1.35062464008e-18,2.1053599474e-18,2.60233915841e-18,2.43277023477e-18,3.3216550055e-18,4.45790172777e-18,6.72537129085e-18,6.44113838389e-18,6.61758965703e-18,5.59246306953e-18,7.14841627153e-18,9.11670990989e-18,1.18964412594e-17,1.17320358039e-17,1.24862905193e-17,1.12449471915e-17,1.24997015986e-17,1.00561298326e-17,9.71727529465e-18,7.19549608327e-18,4.67423013746e-18,2.42094010444e-18,1.03897627929e-18,2.66998004355e-19,2.91519676679e-20],"var":[0.106633938849,2.76083421707,11.4670314789,28.9477348328,48.0266914368,90.1643676758,166.777297974,238.198120117,286.071075439,709.735778809,674.097961426,929.523010254,4404.94482422,1765.75732422,2380.94116211,822.174194336,627.040039062,942.132446289,1962.08959961,4378.30566406,6394.24267578,3462.62817383,1112.36791992,1615.14855957,1640.91967773,866.635742188,370.126190186,350.851715088,314.843109131,369.045562744,513.057006836,523.339294434,38.2886924744,9.14301013947,2.56203651428,0.256850898266,0.0388183109462,0.00484587810934,0.0000587842878303,3.65471741759e-8]},"erbbands_crest":{"dmean":1.73330652714,"dmean2":2.82690167427,"dvar":2.81441688538,"dvar2":7.06375217438,"max":26.5173988342,"mean":6.92956256866,"median":5.91585206985,"min":2.37833309174,"var":11.8624629974},"erbbands_flatness_db":{"dmean":0.0126564642414,"dmean2":0.0183254126459,"dvar":0.000154759734869,"dvar2":0.000298243830912,"max":0.308093756437,"mean":0.140714809299,"median":0.131906062365,"min":0.0285809133202,"var":0.001832100912},"erbbands_kurtosis":{"dmean":0.653609335423,"dmean2":1.03980755806,"dvar":0.967289805412,"dvar2":2.56610155106,"max":47.5917625427,"mean":0.361199587584,"median":-0.204294919968,"min":-1.71378540993,"var":9.62725257874},"erbbands_skewness":{"dmean":0.257645130157,"dmean2":0.395416021347,"dvar":0.0534898564219,"dvar2":0.121025294065,"max":6.03202104568,"mean":-0.389544546604,"median":-0.510164260864,"min":-2.77868795395,"var":0.639569222927},"erbbands_spread":{"dmean":6.33722066879,"dmean2":10.0297546387,"dvar":34.1882667542,"dvar2":82.5089950562,"max":119.228523254,"mean":40.4232673645,"median":39.7628631592,"min":4.26868724823,"var":170.061798096},"gfcc":{"cov":[[18688.8652344,-2584.44262695,-1619.20324707,426.735748291,-1180.03039551,952.377807617,-633.912536621,583.965332031,-149.135437012,331.001373291,-164.83895874,254.209335327,-210.240081787],[-2584.44262695,2002.99890137,-264.91204834,75.2858734131,365.051513672,-599.925537109,193.470245361,-285.733062744,10.3058385849,-145.769500732,72.3961639404,-136.759002686,108.795310974],[-1619.20324707,-264.91204834,859.390991211,-107.734474182,154.719329834,195.545715332,11.7484006882,90.3193359375,70.4616012573,36.7366600037,-2.45977282524,12.3739175797,-19.3651275635],[426.735748291,75.2858734131,-107.734474182,265.898834229,-13.1119642258,29.6406326294,-10.9576625824,-3.85435509682,2.00177836418,11.4064159393,24.794834137,2.92747402191,21.6304702759],[-1180.03039551,365.051513672,154.719329834,-13.1119642258,289.234985352,-86.5229187012,128.311340332,-25.971988678,36.1630973816,-26.3302326202,12.171538353,-15.051074028,32.4341392517],[952.377807617,-599.925537109,195.545715332,29.6406326294,-86.5229187012,404.243286133,-18.1280384064,190.117828369,19.1045074463,60.0397453308,-12.1560811996,43.3391227722,-30.7768497467],[-633.912536621,193.470245361,11.7484006882,-10.9576625824,128.311340332,-18.1280384064,180.924285889,8.36268043518,24.921169281,-27.5580978394,16.5557537079,-3.3939909935,14.1347761154],[583.965332031,-285.733062744,90.3193359375,-3.85435509682,-25.971988678,190.117828369,8.36268043518,178.361709595,38.9675636292,41.0529899597,-18.2466754913,25.9449272156,-5.90253734589],[-149.135437012,10.3058385849,70.4616012573,2.00177836418,36.1630973816,19.1045074463,24.921169281,38.9675636292,83.1700134277,31.032333374,4.40525102615,-5.16736125946,5.63251686096],[331.001373291,-145.769500732,36.7366600037,11.4064159393,-26.3302326202,60.0397453308,-27.5580978394,41.0529899597,31.032333374,88.591293335,21.8523178101,14.5898723602,-13.2541780472],[-164.83895874,72.3961639404,-2.45977282524,24.794834137,12.171538353,-12.1560811996,16.5557537079,-18.2466754913,4.40525102615,21.8523178101,67.3022537231,19.1739177704,6.5577507019],[254.209335327,-136.759002686,12.3739175797,2.92747402191,-15.051074028,43.3391227722,-3.3939909935,25.9449272156,-5.16736125946,14.5898723602,19.1739177704,65.5292739868,17.7592830658],[-210.240081787,108.795310974,-19.3651275635,21.6304702759,32.4341392517,-30.7768497467,14.1347761154,-5.90253734589,5.63251686096,-13.2541780472,6.5577507019,17.7592830658,58.3449249268]],"icov":[[0.000132527959067,0.00000376154912374,0.000321134953992,-0.000108018670289,0.0000417771443608,-0.000201273418497,0.000278717197943,-0.000210279104067,0.00000987338444247,-0.000218250730541,0.000372092472389,-0.000506025331561,0.000460650539026],[0.00000376154912374,0.00170541391708,0.000208149052924,-0.000363681378076,-0.00108795671258,0.00159378058743,-0.000307484267978,-0.000264239584794,-0.0000108178192022,0.00111832935363,-0.00229526939802,0.00325574399903,-0.00194725010078],[0.000321134953992,0.000208149052924,0.00283159338869,0.000656270654872,-0.00194134411868,-0.00192737812176,0.00198437576182,0.0000547205490875,-0.00138921232428,0.0000416978618887,0.000182905117981,-0.00104249711148,0.00149322312791],[-0.000108018670289,-0.000363681378076,0.000656270654872,0.00488452287391,-0.000460723560536,-0.00187827472109,0.000771181308664,0.00118444557302,-0.000612178409938,-0.000129538981128,-0.00179792346898,0.0011333245784,-0.00221900641918],[0.0000417771443608,-0.00108795671258,-0.00194134411868,-0.000460723560536,0.00834504887462,0.00109534861986,-0.00466443318874,0.0000274283393082,-0.000238268214162,-0.00127057242207,0.00208480190486,-0.00107317022048,-0.00139605253935],[-0.000201273418497,0.00159378058743,-0.00192737812176,-0.00187827472109,0.00109534861986,0.00907493475825,-0.00198708754033,-0.00636107102036,0.00226664543152,0.000315807003062,-0.0021898006089,0.00200624577701,-0.000136193950311],[0.000278717197943,-0.000307484267978,0.00198437576182,0.000771181308664,-0.00466443318874,-0.00198708754033,0.0109581546858,-0.00174963928293,-0.00278759375215,0.00405095750466,-0.00280547374859,-0.00165385939181,0.00267155165784],[-0.000210279104067,-0.000264239584794,0.0000547205490875,0.00118444557302,0.0000274283393082,-0.00636107102036,-0.00174963928293,0.015107024461,-0.00488364184275,-0.00240447628312,0.004666199442,-0.00233232765459,-0.00199376023374],[0.00000987338444247,-0.0000108178192022,-0.00138921232428,-0.000612178409938,-0.000238268214162,0.00226664543152,-0.00278759375215,-0.00488364184275,0.0193830020726,-0.00781366694719,0.000333844771376,0.00465638004243,-0.00377008900978],[-0.000218250730541,0.00111832935363,0.0000416978618887,-0.000129538981128,-0.00127057242207,0.000315807003062,0.00405095750466,-0.00240447628312,-0.00781366694719,0.021350549534,-0.00993192195892,0.000448356295237,0.00342268310487],[0.000372092472389,-0.00229526939802,0.000182905117981,-0.00179792346898,0.00208480190486,-0.0021898006089,-0.00280547374859,0.004666199442,0.000333844771376,-0.00993192195892,0.0265756119043,-0.0128256604075,0.00381416012533],[-0.000506025331561,0.00325574399903,-0.00104249711148,0.0011333245784,-0.00107317022048,0.00200624577701,-0.00165385939181,-0.00233232765459,0.00465638004243,0.000448356295237,-0.0128256604075,0.0316143594682,-0.0153699880466],[0.000460650539026,-0.00194725010078,0.00149322312791,-0.00221900641918,-0.00139605253935,-0.000136193950311,0.00267155165784,-0.00199376023374,-0.00377008900978,0.00342268310487,0.00381416012533,-0.0153699880466,0.0289951395243]],"mean":[16.8721694946,74.6377487183,-122.426475525,46.2350730896,-45.4937286377,0.698170244694,-35.7234954834,7.17477369308,-22.1387634277,0.750620603561,-20.0336551666,-1.54768979549,-10.7225322723]},"hfc":{"dmean":8.07997226715,"dmean2":12.3323698044,"dvar":177.840698242,"dvar2":414.182769775,"max":254.051605225,"mean":31.1481781006,"median":27.0631256104,"min":1.10841990324e-16,"var":610.027038574},"melbands":{"dmean":[0.00102112395689,0.000991813372821,0.000472066662041,0.000317432160955,0.000235095227254,0.000175108638359,0.0000951885449467,0.00013463544019,0.0000869031937327,0.0000806609241408,0.0000834867387312,0.0000473834843433,0.0000347924542439,0.0000280046697299,0.000024233093427,0.0000229638062592,0.000027627000236,0.000029066541174,0.000038144269638,0.000031977036997,0.0000410828870372,0.0000309588795062,0.0000140772908708,0.0000144719479067,0.0000125792075778,0.0000147160835695,0.0000121838456835,0.00000842190274852,0.0000065277745307,0.00000485135933559,0.00000455834197055,0.00000368231417269,0.00000309489746542,0.00000315885358759,0.00000308432322527,0.00000331975752488,0.0000023200780106,0.00000133122262014,9.50096989527e-7,7.30169290364e-7],"dmean2":[0.00173014157917,0.00167097442318,0.000781360373367,0.000534843769856,0.000381074525649,0.000291325966828,0.000152428023284,0.000223672192078,0.000145545593114,0.000131230190163,0.000133313063998,0.0000753018684918,0.0000568686737097,0.0000450792031188,0.0000392983638449,0.0000372565009457,0.0000456040725112,0.0000477118192066,0.000062541468651,0.0000520507564943,0.0000677026837366,0.00005159693319,0.0000234032104345,0.0000243090653385,0.000020843675884,0.0000243721733568,0.0000203038543987,0.000013994677829,0.0000110036298793,0.00000819332581159,0.00000773865122028,0.00000610696042713,0.00000497127257404,0.0000051458755479,0.00000499852558278,0.00000531642626811,0.00000355874999514,0.00000210869461625,0.00000146325760397,0.00000112885072667],"dvar":[0.00000611146970186,0.00000194286053556,2.96256871479e-7,3.59775924608e-7,1.09983858465e-7,9.87392354546e-8,2.70443099026e-8,1.06512509035e-7,3.38238699271e-8,2.32006325263e-8,4.00652595545e-8,1.32837048028e-8,7.57791074335e-9,4.89851759156e-9,2.56987298108e-9,1.78855086297e-9,2.23781704278e-9,2.45581777136e-9,5.27271515338e-9,3.33606609004e-9,4.37179847879e-9,2.08270978241e-9,4.52742926482e-10,4.08565903331e-10,3.44204109659e-10,4.22085172369e-10,2.56329513171e-10,1.26268523415e-10,7.36365204923e-11,5.82410994432e-11,6.24993459764e-11,5.14745468472e-11,4.93036098059e-11,5.96980936907e-11,7.71210456607e-11,3.03663483248e-10,8.16164497097e-11,1.17191109247e-11,6.00062664488e-12,5.79449769417e-12],"dvar2":[0.0000175525692612,0.00000541713325219,7.93603589955e-7,9.79110609478e-7,2.91050753276e-7,2.7734100172e-7,6.93746073921e-8,2.80446300849e-7,8.89877256327e-8,5.56160486553e-8,9.34974693223e-8,2.87337780236e-8,1.8457475548e-8,1.12115543516e-8,5.60588020448e-9,4.34672742244e-9,5.60310065012e-9,5.92855675663e-9,1.34193536283e-8,8.04211719441e-9,1.13286331427e-8,5.56137713659e-9,1.1435448144e-9,1.05534947448e-9,8.62056592776e-10,1.07954722939e-9,6.84500733872e-10,3.39731409671e-10,1.99938815504e-10,1.54465287783e-10,1.66398270163e-10,1.27391514004e-10,1.05733512223e-10,1.3311488023e-10,1.80459036603e-10,7.36912197929e-10,1.66733238327e-10,2.67695986905e-11,1.42248790871e-11,1.46106547e-11],"max":[0.0213199034333,0.0148052396253,0.00921139772981,0.00672007817775,0.00555680925027,0.00507733458653,0.00310452538542,0.00368729350157,0.00253670848906,0.00269813695922,0.0045900978148,0.00263304356486,0.00339242396876,0.00265122065321,0.00203633494675,0.000934355542995,0.00102013943251,0.00100448029116,0.00155869137961,0.00146665074863,0.00158495060168,0.00119511678349,0.000482970004668,0.000461450632429,0.000629583839327,0.000445705984021,0.00047510076547,0.000304935179884,0.000123780642753,0.00016056856839,0.000135591937578,0.000217869237531,0.000207008226425,0.000249338772846,0.000238762266235,0.000585667265113,0.000303891167277,0.00010805803322,0.0000652998642181,0.0000679304575897],"mean":[0.00122418336105,0.0015572415432,0.000847817282192,0.000475935696159,0.000422768847784,0.000276373844827,0.000171772684553,0.000163466989761,0.000117635237984,0.000132091008709,0.000148298582644,0.0000831163924886,0.0000559285108466,0.000049281243264,0.0000421084805566,0.0000381235258828,0.0000439641080447,0.0000490663842356,0.0000658591670799,0.0000616682154941,0.000083895836724,0.0000657296259305,0.0000306688598357,0.000030993942346,0.0000297768219752,0.0000344631771441,0.0000294025157928,0.0000208111760003,0.0000150688119902,0.0000103036827568,0.00000855000598676,0.00000691504010319,0.00000570962311031,0.0000057108177316,0.00000526515850652,0.00000497184919368,0.0000039482529246,0.00000239112182499,0.0000016080828118,0.0000011737956811],"median":[0.000328581547365,0.00102247390896,0.000613723474089,0.000276474689599,0.000273012497928,0.0001774327975,0.0000916940334719,0.0000628125562798,0.0000536413099326,0.0000628120469628,0.0000443285280198,0.0000298758895951,0.0000207426619454,0.0000186775705515,0.0000227027267101,0.0000210808066186,0.0000253182570304,0.0000266342576651,0.0000346665510733,0.0000364507031918,0.0000539954635315,0.000045554323151,0.0000224108061957,0.0000221301961574,0.0000212248050957,0.0000256631647062,0.0000233082810155,0.0000169750419445,0.0000121741559269,0.0000070980286182,0.00000435766651208,0.00000363581011698,0.00000279038340523,0.00000260805109065,0.00000230375030696,0.00000148731066929,0.00000147852369992,9.68315134742e-7,6.44237957204e-7,4.59341350734e-7],"min":[1.64410130017e-24,2.26179319403e-24,1.70802703806e-24,2.98914582561e-24,2.16860860517e-24,2.57291776568e-24,2.7315393527e-24,2.69945302703e-24,2.72693201059e-24,2.46782374373e-24,1.72333784215e-24,1.64436241313e-24,4.08581276187e-24,1.86949542687e-24,3.12733690126e-24,5.12872829377e-24,4.25960868005e-24,1.46401441349e-24,4.64511987683e-24,3.6612040409e-24,4.44557987744e-24,6.59463222634e-24,4.15795645823e-24,4.72469779837e-24,4.17025637747e-24,3.06554897643e-24,5.06718373252e-24,3.31997160672e-24,5.41418431764e-24,5.48669010116e-24,4.99725515758e-24,5.42022068128e-24,7.00680061083e-24,5.96152007394e-24,5.52882473983e-24,6.40084065636e-24,6.27314931935e-24,6.37578209528e-24,7.94551274475e-24,7.5604255607e-24],"var":[0.00000682370637151,0.00000288391788672,6.27050894764e-7,3.82615752414e-7,1.99242990107e-7,1.06387382459e-7,5.47559722008e-8,1.02711659622e-7,3.93923507147e-8,4.59496405369e-8,1.17585152282e-7,3.58185126004e-8,2.23253522336e-8,1.50840850921e-8,6.27451379742e-9,3.18766191221e-9,3.59561824759e-9,4.80175321727e-9,1.10157918343e-8,7.9587048063e-9,1.07960413942e-8,5.67620661585e-9,1.09730124986e-9,1.04359387798e-9,1.25884680457e-9,1.31745092613e-9,7.58833551551e-10,3.4711900021e-10,1.79647838272e-10,1.34066660551e-10,1.29197708088e-10,1.0990366256e-10,1.11222579757e-10,1.21061077829e-10,1.34098829263e-10,3.88327925371e-10,1.53791465674e-10,2.22171100961e-11,9.04950506891e-12,6.29260792778e-12]},"melbands_crest":{"dmean":3.4468755722,"dmean2":5.6538977623,"dvar":9.63679504395,"dvar2":26.472492218,"max":35.5442390442,"mean":12.8733778,"median":12.2587356567,"min":1.43435204029,"var":25.888502121},"melbands_flatness_db":{"dmean":0.0238031074405,"dmean2":0.0372393392026,"dvar":0.000558497500606,"dvar2":0.00143639999442,"max":0.544648230076,"mean":0.156428799033,"median":0.134211957455,"min":0.000853393459693,"var":0.00758125726134},"melbands_kurtosis":{"dmean":4.53221178055,"dmean2":7.37411212921,"dvar":57.5407714844,"dvar2":156.235351562,"max":173.982910156,"mean":7.85893011093,"median":3.98442983627,"min":-1.60600733757,"var":140.802261353},"melbands_skewness":{"dmean":0.627895712852,"dmean2":0.991875648499,"dvar":0.457385599613,"dvar2":1.20803880692,"max":10.3035621643,"mean":2.3070795536,"median":2.02704882622,"min":-0.357777804136,"var":1.68372249603},"melbands_spread":{"dmean":10.4395627975,"dmean2":16.4238014221,"dvar":124.438018799,"dvar2":286.810180664,"max":199.34552002,"mean":41.1337585449,"median":38.6061096191,"min":1.0021084547,"var":632.725524902},"mfcc":{"cov":[[9923.1796875,-1514.16723633,-344.97265625,-575.381530762,-157.584213257,-4.85393571854,-126.14200592,222.713882446,27.506608963,251.798233032,17.5611801147,77.1125259399,41.3704490662],[-1514.16723633,1508.32666016,-385.168609619,451.81729126,-17.5947284698,-87.1630325317,16.6450843811,-135.633865356,-18.8764190674,-103.923721313,-50.2665367126,-37.0159568787,-14.1133594513],[-344.97265625,-385.168609619,646.316650391,-180.633895874,158.491119385,75.701171875,8.63222026825,65.3625335693,26.2540340424,75.9621658325,51.7956352234,33.2362937927,-6.35238742828],[-575.381530762,451.81729126,-180.633895874,354.348266602,4.17126703262,1.98008728027,2.52110171318,-62.1384468079,-17.6445865631,-55.4432601929,-26.8859882355,-17.6954574585,11.0000371933],[-157.584213257,-17.5947284698,158.491119385,4.17126703262,156.446731567,38.0623779297,18.2097110748,25.124294281,31.9478435516,41.4137992859,5.46039390564,12.9444437027,4.69739484787],[-4.85393571854,-87.1630325317,75.701171875,1.98008728027,38.0623779297,102.076385498,43.5953979492,37.1493225098,10.7933559418,24.8234539032,20.2844104767,12.1542930603,3.14791917801],[-126.14200592,16.6450843811,8.63222026825,2.52110171318,18.2097110748,43.5953979492,113.057495117,62.306224823,23.9995574951,8.7837228775,14.9817934036,12.3228883743,2.95276689529],[222.713882446,-135.633865356,65.3625335693,-62.1384468079,25.124294281,37.1493225098,62.306224823,132.011245728,58.230091095,39.9797897339,13.4674434662,12.7452478409,-0.178036570549],[27.506608963,-18.8764190674,26.2540340424,-17.6445865631,31.9478435516,10.7933559418,23.9995574951,58.230091095,93.10181427,50.7504463196,13.4617557526,2.92777299881,-2.54560041428],[251.798233032,-103.923721313,75.9621658325,-55.4432601929,41.4137992859,24.8234539032,8.7837228775,39.9797897339,50.7504463196,104.489143372,35.3006477356,20.6555023193,-4.14031887054],[17.5611801147,-50.2665367126,51.7956352234,-26.8859882355,5.46039390564,20.2844104767,14.9817934036,13.4674434662,13.4617557526,35.3006477356,64.9870223999,28.7642478943,4.55415153503],[77.1125259399,-37.0159568787,33.2362937927,-17.6954574585,12.9444437027,12.1542930603,12.3228883743,12.7452478409,2.92777299881,20.6555023193,28.7642478943,54.0979652405,21.6311264038],[41.3704490662,-14.1133594513,-6.35238742828,11.0000371933,4.69739484787,3.14791917801,2.95276689529,-0.178036570549,-2.54560041428,-4.14031887054,4.55415153503,21.6311264038,47.9734611511]],"icov":[[0.000159839953994,0.00013230399054,0.000264667993179,0.000116160379548,-0.00000572583849134,-0.0000142538274304,0.000302603119053,-0.000343479536241,0.000286756374408,-0.000437896087533,0.000148694249219,-0.000139709707582,-0.0000826072136988],[0.00013230399054,0.00144433241803,0.000518931541592,-0.00129964295775,-0.000427770923125,0.00115613092203,-0.000733368680812,0.000678969314322,-0.000343484047335,0.0000292465338134,0.0000276698174275,-0.000452474632766,0.000876903010067],[0.000264667993179,0.000518931541592,0.00339700840414,0.0012193255825,-0.0030345201958,-0.000906713481527,0.00135668134317,-0.00108413596172,0.00111407763325,-0.000181412833626,-0.00145970738959,-0.000326106906869,0.000692825124133],[0.000116160379548,-0.00129964295775,0.0012193255825,0.00573702948168,-0.00128723704256,-0.00259833387099,0.000745529076084,0.00086605589604,-0.000289118586807,0.00120623316616,0.000128397543449,0.000731473846827,-0.00163590779994],[-0.00000572583849134,-0.000427770923125,-0.0030345201958,-0.00128723704256,0.0111792162061,-0.00179632718209,-0.000969303946476,0.00102010788396,-0.0023108155001,-0.00324856862426,0.00417700922117,-0.00147835025564,-0.0012738048099],[-0.0000142538274304,0.00115613092203,-0.000906713481527,-0.00259833387099,-0.00179632718209,0.0155083276331,-0.00506277335808,-0.00152306142263,0.0025407075882,-0.00207761884667,-0.00246985792182,0.00091774010798,0.0000685307095409],[0.000302603119053,-0.000733368680812,0.00135668134317,0.000745529076084,-0.000969303946476,-0.00506277335808,0.0158490389585,-0.00796089880168,0.000607537222095,0.00204362953082,-0.00235310965218,-0.00146952504292,0.0000486617354909],[-0.000343479536241,0.000678969314322,-0.00108413596172,0.00086605589604,0.00102010788396,-0.00152306142263,-0.00796089880168,0.0174718294293,-0.00892278272659,0.000478869653307,0.00277488655411,-0.00180781108793,0.000828279589768],[0.000286756374408,-0.000343484047335,0.00111407763325,-0.000289118586807,-0.0023108155001,0.0025407075882,0.000607537222095,-0.00892278272659,0.0210517011583,-0.00893194507807,-0.00150766631123,0.00421891640872,-0.00155846297275],[-0.000437896087533,0.0000292465338134,-0.000181412833626,0.00120623316616,-0.00324856862426,-0.00207761884667,0.00204362953082,0.000478869653307,-0.00893194507807,0.0203178673983,-0.00682871090248,-0.00337273068726,0.00386461243033],[0.000148694249219,0.0000276698174275,-0.00145970738959,0.000128397543449,0.00417700922117,-0.00246985792182,-0.00235310965218,0.00277488655411,-0.00150766631123,-0.00682871090248,0.0260269716382,-0.0116345854476,0.0016712883953],[-0.000139709707582,-0.000452474632766,-0.000326106906869,0.000731473846827,-0.00147835025564,0.00091774010798,-0.00146952504292,-0.00180781108793,0.00421891640872,-0.00337273068726,-0.0116345854476,0.0324204601347,-0.0136363115162],[-0.0000826072136988,0.000876903010067,0.000692825124133,-0.00163590779994,-0.0012738048099,0.0000685307095409,0.0000486617354909,0.000828279589768,-0.00155846297275,0.00386461243033,0.0016712883953,-0.0136363115162,0.0280019883066]],"mean":[-615.692199707,100.301231384,-13.4895095825,41.3680534363,7.99402046204,3.3396487236,-2.10597324371,1.75008618832,1.49134659767,4.55133390427,-6.68222761154,-2.04142379761,-0.758313000202]},"pitch_salience":{"dmean":0.0728827938437,"dmean2":0.120848163962,"dvar":0.00470484327525,"dvar2":0.0132908672094,"max":0.981307327747,"mean":0.608779489994,"median":0.623686611652,"min":0.144004121423,"var":0.0115209994838},"silence_rate_20dB":{"dmean":0,"dmean2":0,"dvar":0,"dvar2":0,"max":1,"mean":1,"median":1,"min":1,"var":0},"silence_rate_30dB":{"dmean":0,"dmean2":0,"dvar":0,"dvar2":0,"max":1,"mean":1,"median":1,"min":1,"var":0},"silence_rate_60dB":{"dmean":0.00222816388123,"dmean2":0.00445682462305,"dvar":0.0022230357863,"dvar2":0.00555042224005,"max":1,"mean":0.0379859656096,"median":0,"min":0,"var":0.0365423820913},"spectral_centroid":{"dmean":237.059967041,"dmean2":365.883514404,"dvar":60412.4570312,"dvar2":131344.59375,"max":11644.7060547,"mean":2101.78564453,"median":2155.35229492,"min":175.235717773,"var":822967.8125},"spectral_complexity":{"dmean":4.30280733109,"dmean2":6.64958238602,"dvar":16.4749832153,"dvar2":35.6956176758,"max":60,"mean":32.8870429993,"median":36,"min":0,"var":192.925338745},"spectral_contrast_coeffs":{"dmean":[0.0507536567748,0.0451768152416,0.0353777557611,0.0281270574778,0.0185491684824,0.0173312649131],"dmean2":[0.0842453762889,0.0745400637388,0.0591004863381,0.047202963382,0.0311117414385,0.0276746395975],"dvar":[0.00167293881532,0.00128626171499,0.000783666386269,0.000515473424457,0.000220670102863,0.000253994221566],"dvar2":[0.00438607437536,0.00357156177051,0.00220119184814,0.00139165041037,0.000605029345024,0.000596640689764],"max":[-0.353432178497,-0.504110813141,-0.527337431908,-0.628585457802,-0.632268607616,-0.550355553627],"mean":[-0.643064677715,-0.762018442154,-0.796481430531,-0.802146136761,-0.798855304718,-0.736519873142],"median":[-0.645065546036,-0.765424132347,-0.804248869419,-0.80545771122,-0.79918295145,-0.738064289093],"min":[-0.98370051384,-0.981534659863,-0.983464539051,-0.97740238905,-0.979838430882,-0.964848518372],"var":[0.00626760721207,0.00378517946228,0.00302448519506,0.00181389320642,0.00110177753959,0.0024855255615]},"spectral_contrast_valleys":{"dmean":[0.403635114431,0.354308873415,0.301024645567,0.248935699463,0.175972104073,0.259670615196],"dmean2":[0.67126083374,0.5843141675,0.48740875721,0.399262011051,0.2773681283,0.359081119299],"dvar":[0.130390927196,0.112963408232,0.0871459841728,0.0659729763865,0.0487670525908,0.138250991702],"dvar2":[0.319014459848,0.255797922611,0.178139328957,0.127951472998,0.0820603966713,0.263443142176],"max":[-5.31038045883,-4.62306547165,-5.17060756683,-5.65049171448,-5.53277683258,-7.23639345169],"mean":[-7.25307846069,-6.73998498917,-7.29322862625,-7.24426031113,-6.80581712723,-10.0400247574],"median":[-7.01873493195,-6.52190065384,-7.05236339569,-6.93699169159,-6.40934610367,-9.42535495758],"min":[-28.1071681976,-27.9385604858,-27.6950016022,-27.640953064,-27.5017623901,-27.3931980133],"var":[2.70816135406,2.93866181374,2.99395298958,3.12370705605,3.37540054321,3.96454048157]},"spectral_decrease":{"dmean":1.89772420001e-9,"dmean2":3.11161496569e-9,"dvar":6.58693517071e-18,"dvar2":1.75998077424e-17,"max":1.53381132993e-28,"mean":-5.80639625269e-9,"median":-5.13172127015e-9,"min":-2.30527845702e-8,"var":1.28430899134e-17},"spectral_energy":{"dmean":0.00755176274106,"dmean2":0.0123167578131,"dvar":0.000102470243291,"dvar2":0.000270833901595,"max":0.0893350541592,"mean":0.0247399266809,"median":0.0223202314228,"min":1.03472774072e-20,"var":0.00021665742679},"spectral_energyband_high":{"dmean":0.000703528465237,"dmean2":0.0010864585638,"dvar":0.00000213915336644,"dvar2":0.00000458375006929,"max":0.0328781306744,"mean":0.0018882547738,"median":0.00121810368728,"min":7.44199533712e-21,"var":0.00000610732331552},"spectral_energyband_low":{"dmean":0.00522162392735,"dmean2":0.00863556005061,"dvar":0.0000704978010617,"dvar2":0.000193265179405,"max":0.0787586197257,"mean":0.00872053299099,"median":0.00553135853261,"min":2.20986224398e-23,"var":0.00010866332741},"spectral_energyband_middle_high":{"dmean":0.00188078638166,"dmean2":0.0029412182048,"dvar":0.00000615822955297,"dvar2":0.0000148578619701,"max":0.042856413871,"mean":0.00718601094559,"median":0.0059001063928,"min":1.2041330377e-21,"var":0.0000326803383359},"spectral_energyband_middle_low":{"dmean":0.00320960022509,"dmean2":0.00520693743601,"dvar":0.0000276254831988,"dvar2":0.0000723847188056,"max":0.0537145398557,"mean":0.00809385254979,"median":0.00689030950889,"min":1.87952850696e-22,"var":0.0000361873208021},"spectral_entropy":{"dmean":0.0926879197359,"dmean2":0.136660948396,"dvar":0.00941385980695,"dvar2":0.0187241919339,"max":9.82311344147,"mean":7.8344039917,"median":7.94722509384,"min":4.99463701248,"var":0.270650029182},"spectral_flux":{"dmean":0.0189228616655,"dmean2":0.0296492408961,"dvar":0.000475298176752,"dvar2":0.00103274709545,"max":0.236673459411,"mean":0.0869656428695,"median":0.0833588764071,"min":6.43325462346e-11,"var":0.00164518610109},"spectral_kurtosis":{"dmean":1.3608506918,"dmean2":2.36377501488,"dvar":5.41054391861,"dvar2":16.740354538,"max":60.8656654358,"mean":4.40487480164,"median":3.43024778366,"min":-1.24133884907,"var":26.868719101},"spectral_rms":{"dmean":0.000682128535118,"dmean2":0.00109351763967,"dvar":6.25157724699e-7,"dvar2":0.00000162005471793,"max":0.00933574605733,"mean":0.00466370582581,"median":0.00466645834967,"min":3.17724796126e-12,"var":0.00000238638267547},"spectral_rolloff":{"dmean":605.241577148,"dmean2":987.856506348,"dvar":592248.75,"dvar2":1337834.375,"max":19422.9492188,"mean":2593.57250977,"median":2454.78515625,"min":86.1328125,"var":3538450.25},"spectral_skewness":{"dmean":0.176137506962,"dmean2":0.288080900908,"dvar":0.0395903550088,"dvar2":0.11037953198,"max":6.09975719452,"mean":1.25759637356,"median":1.20149862766,"min":-0.0909860357642,"var":0.401898443699},"spectral_spread":{"dmean":408021.6875,"dmean2":577450.4375,"dvar":411757314048,"dvar2":725012512768,"max":42022616,"mean":4273231.5,"median":4129186.25,"min":1229073.875,"var":7411964837890},"spectral_strongpeak":{"dmean":0.436539113522,"dmean2":0.772655487061,"dvar":0.935108661652,"dvar2":2.52650737762,"max":13.3094730377,"mean":0.618049383163,"median":0.339772820473,"min":0,"var":1.03558552265},"zerocrossingrate":{"dmean":0.0111317895353,"dmean2":0.0128490058705,"dvar":0.000163333679666,"dvar2":0.000205548174563,"max":0.521484375,"mean":0.0874732732773,"median":0.08251953125,"min":0.005859375,"var":0.00241446471773}},"metadata":{"audio_properties":{"analysis_sample_rate":44100,"bit_rate":192000,"codec":"mp3","downmix":"mix","equal_loudness":0,"length":208.404891968,"lossless":false,"md5_encoded":"845d27ee542519575836f8e5b005b68a","replay_gain":-14.6173419952,"sample_rate":44100},"tags":{"album":["Bastards"],"albumartist":["Motörhead"],"albumartistsort":["Motörhead"],"artist":["Motörhead"],"artistsort":["Motörhead"],"asin":["B00005OAGO"],"barcode":["693723726427"],"date":["2001"],"discnumber":["1/1"],"file_name":"Motörhead - 10 - I'm The Man.mp3","genre":["misc"],"isrc":["DEA450104280"],"label":["Steamhammer"],"language":["eng"],"media":["CD"],"musicbrainz album release country":["US"],"musicbrainz album status":["official"],"musicbrainz album type":["album"],"musicbrainz_albumartistid":["57961a97-3796-4bf7-9f02-a985a8979ae9"],"musicbrainz_albumid":["fd6ee10f-0682-3db4-ba03-78fba339a684"],"musicbrainz_artistid":["57961a97-3796-4bf7-9f02-a985a8979ae9"],"musicbrainz_recordingid":["5344f2dd-067a-4f88-857f-1e46e0cc7486"],"originaldate":["1993"],"script":["Latn"],"title":["I'm the Man"],"tracknumber":["10/13"]},"version":{"essentia":"2.1-beta2","essentia_build_sha":"70f2e5ece6736b2c40cc944ad0e695b16b925413","essentia_git_sha":"v2.1_beta2","extractor":"music 1.0"}},"rhythm":{"beats_count":346,"beats_loudness":{"dmean":0.0171081703156,"dmean2":0.031541518867,"dvar":0.000199563655769,"dvar2":0.000696941628121,"max":0.0902016609907,"mean":0.0343189127743,"median":0.0318372994661,"min":2.42689901378e-13,"var":0.000319581769872},"beats_loudness_band_ratio":{"dmean":[0.345067411661,0.126602649689,0.128130152822,0.0835167691112,0.0877557471395,0.0851694718003],"dmean2":[0.662931680679,0.234074324369,0.246996328235,0.15720513463,0.161194980145,0.154589742422],"dvar":[0.0527145452797,0.0057936841622,0.00674362340942,0.00387758645229,0.00441964156926,0.0044744159095],"dvar2":[0.192308053374,0.0175889860839,0.0219986326993,0.011911874637,0.0151190990582,0.0136605016887],"max":[0.993697524071,