{"lowlevel":{"average_loudness":0.481195092201,"barkbands":{"dmean":[0.000029984221328,0.00242399750277,0.00108073942829,0.00160667137243,0.00200180034153,0.00134997430723,0.00171626242809,0.000588171416894,0.000896760553587,0.000537434651051,0.000374762923457,0.000332046940457,0.00027179782046,0.000256680359598,0.000263244117377,0.00019333056116,0.000120477146993,0.0000674582988722,0.0000423389465141,0.0000357067328878,0.0000257047777268,0.0000176954945346,0.0000152563670781,0.0000162432097568,0.0000217858450924,0.0000199068363145,0.00000667847143632],"dmean2":[0.0000439595314674,0.00415199948475,0.00191352597903,0.0026808581315,0.00332560040988,0.00214312295429,0.00266707828268,0.000928711437155,0.00137377134524,0.000819435226731,0.000571491080336,0.000497366127092,0.000404828664614,0.000396279123379,0.000399843556806,0.000290228432277,0.000182518851943,0.000106066050648,0.0000666797641315,0.0000540376786375,0.0000390040513594,0.0000270158943749,0.000023481396056,0.0000253485886788,0.0000317117883242,0.0000291186825052,0.0000102429794424],"dvar":[5.25877741353e-9,0.0000431236876466,0.00000881517098605,0.0000163062031788,0.0000135664595291,0.0000082513970483,0.0000172948039108,0.00000310309178531,0.0000133073335746,0.00000382281268685,0.00000253205416811,0.00000124795542433,7.85648921919e-7,5.4725830978e-7,5.1197821449e-7,2.2344912054e-7,7.61471667943e-8,1.72306151569e-8,9.65363611272e-9,6.80453871027e-9,2.80414069742e-9,5.07943465067e-9,6.52116671773e-9,1.01623527371e-8,2.94109891996e-8,1.08718269942e-8,2.56431431644e-10],"dvar2":[1.17833662827e-8,0.000114968810522,0.0000244199018198,0.0000383170627174,0.0000350790833181,0.0000189182119357,0.0000383478436561,0.00000697564109942,0.0000307674454234,0.00000794673542259,0.00000567764027437,0.00000246036984208,0.00000148697506575,0.00000125384997318,0.00000112171926503,4.11506619002e-7,1.52261634412e-7,3.88274230545e-8,2.25560743417e-8,1.35535538348e-8,5.80129233541e-9,1.05975859199e-8,1.54851491629e-8,2.35254642433e-8,5.2642764814e-8,2.29854695277e-8,6.16873885306e-10],"max":[0.00557388644665,0.0829530209303,0.044294718653,0.0610741451383,0.127167269588,0.0776858702302,0.141668185592,0.0735280960798,0.151814311743,0.0586370751262,0.0740892067552,0.0600730329752,0.0475637055933,0.0238590780646,0.030735893175,0.0504256561399,0.0240244101733,0.00383525318466,0.00542143313214,0.00496345525607,0.00212505739182,0.00426691491157,0.00931558199227,0.0109343063086,0.0242261309177,0.00933715514839,0.000787924742326],"mean":[0.0000341546474374,0.00276844203472,0.00108523271047,0.00184020539746,0.00289488467388,0.00183963880409,0.00238807499409,0.000939729914535,0.00143505085725,0.000891356961802,0.000736861780751,0.000599728839006,0.000540713197552,0.000478553498397,0.000545663642697,0.000443168130005,0.000251229299465,0.000138060102472,0.000089357206889,0.0000792079081293,0.0000609327507846,0.0000361625025107,0.0000300770298054,0.0000299705570797,0.0000413865745941,0.000034085533116,0.0000105950839497],"median":[0.00000753278345655,0.000616601610091,0.000227746088058,0.000465087476186,0.0013222694397,0.000618719961494,0.000534802384209,0.000169103514054,0.000240199573454,0.000115847869893,0.0000660532095935,0.0000702892648405,0.0000625054672128,0.0000774612708483,0.00010185589781,0.0000873830649653,0.0000649792418699,0.0000467502977699,0.000023535478249,0.0000211060014408,0.0000206053409784,0.0000114860067697,0.0000122690425997,0.0000130565949803,0.0000156272290042,0.0000139398616739,0.00000420872038376],"min":[7.01763512233e-25,3.30921588271e-24,8.22827727382e-25,5.65650641329e-25,6.33669364299e-24,1.31639144075e-23,3.85020722518e-24,3.1913916179e-24,1.71928479315e-23,1.79663228936e-23,1.13054157016e-23,1.76634981248e-23,3.07287165667e-23,4.07912085481e-23,6.73734544713e-23,5.71354661821e-23,6.42434626587e-23,7.57965010096e-23,1.30417842243e-22,1.47808842568e-22,2.53639707931e-22,3.33723983504e-22,4.14268499463e-22,6.22313915095e-22,8.22523581665e-22,1.34933595085e-21,1.84973134993e-21],"var":[7.11970127298e-9,0.0000400468052248,0.00000678135120324,0.0000184061482287,0.0000232188267546,0.0000130992930281,0.0000317012199957,0.00000834676757222,0.0000309368333546,0.00000993224966805,0.0000109944576252,0.00000381018253393,0.00000307731079374,0.00000133003140945,0.00000164523680724,0.00000208060373552,4.0297240389e-7,5.46707923377e-8,2.6602576142e-8,2.41688322689e-8,1.25237695769e-8,1.18264917859e-8,7.7795405673e-9,1.66123985679e-8,7.77402959784e-8,1.90501125985e-8,3.56928292478e-10]},"barkbands_crest":{"dmean":2.80527877808,"dmean2":4.64790439606,"dvar":6.56269741058,"dvar2":17.233625412,"max":26.7739315033,"mean":10.6467981339,"median":9.53996276855,"min":2.26119065285,"var":21.8269176483},"barkbands_flatness_db":{"dmean":0.0246931072325,"dmean2":0.0380800031126,"dvar":0.000561293796636,"dvar2":0.00126351055223,"max":0.48235398531,"mean":0.150363624096,"median":0.136203214526,"min":0.0207996740937,"var":0.00385979795828},"barkbands_kurtosis":{"dmean":5.52811145782,"dmean2":8.78691101074,"dvar":219.488357544,"dvar2":547.990966797,"max":768.135803223,"mean":8.92344284058,"median":3.25397253036,"min":-1.97140049934,"var":384.591278076},"barkbands_skewness":{"dmean":0.702066063881,"dmean2":1.08365154266,"dvar":0.65335804224,"dvar2":1.49238181114,"max":19.5906047821,"mean":1.83118879795,"median":1.55602192879,"min":-8.14995193481,"var":2.58658409119},"barkbands_spread":{"dmean":4.93497180939,"dmean2":7.67369699478,"dvar":46.2808265686,"dvar2":103.303337097,"max":140.799713135,"mean":16.7957553864,"median":14.6028337479,"min":0.166812956333,"var":153.829833984},"dissonance":{"dmean":0.0267889332026,"dmean2":0.0449167788029,"dvar":0.000643871258944,"dvar2":0.00171666883398,"max":0.500000119209,"mean":0.445561796427,"median":0.455617696047,"min":0.133974194527,"var":0.0017411345616},"dynamic_complexity":5.59864234924,"erbbands":{"dmean":[0.0541672520339,0.606834352016,1.21082031727,3.29215192795,6.3449473381,7.15226268768,6.88763332367,12.5004787445,28.1262512207,14.4746618271,13.5605592728,21.7267494202,17.3227081299,15.5282526016,12.0178403854,13.0396785736,11.9482698441,12.9760313034,11.2218551636,12.6023721695,8.69945335388,5.96657085419,3.87200570107,2.32175254822,1.97633075714,1.71432816982,1.20186269283,0.892537415028,0.660977423191,0.539874255657,0.408526778221,0.359891802073,0.273047208786,0.248113676906,0.165826752782,0.0985940545797,0.035688534379,0.00726607581601,0.00139830284752,0.0000478464498883],"dmean2":[0.0891230404377,1.05241644382,2.11548256874,5.53799247742,10.5486164093,11.836807251,11.4941301346,19.9225120544,44.0555763245,22.7322940826,21.1113357544,33.1464614868,26.583190918,23.3593559265,17.8578891754,19.375415802,17.6811256409,19.9098911285,17.1483840942,18.7687244415,13.1038713455,8.90882587433,6.00528430939,3.67330527306,3.05688333511,2.61196923256,1.82223165035,1.36533117294,1.0154094696,0.832755863667,0.630069553852,0.568735480309,0.416494011879,0.368870675564,0.246190473437,0.147425845265,0.0524750761688,0.010530218482,0.00217033573426,0.0000732256521587],"dvar":[0.0176749695092,2.84424066544,11.3966226578,71.5313186646,187.187835693,237.469085693,203.966033936,765.951477051,5272.18603516,1644.92224121,1693.08874512,9829.39160156,3653.94213867,4182.5390625,2581.59375,1665.10656738,1428.26403809,1257.68640137,1180.99682617,979.680358887,337.954803467,193.022216797,59.8426361084,24.4945220947,22.0934619904,15.4847459793,6.17963123322,3.7486884594,6.63532686234,6.75815105438,4.61090040207,2.91538071632,4.1859703064,6.24731349945,1.28255176544,0.488077610731,0.021298373118,0.000339712889399,0.000011963857105,1.05934452321e-8],"dvar2":[0.0455637648702,7.65405225754,30.9386043549,178.611068726,455.080963135,625.969970703,526.844543457,1737.32189941,11951.2177734,3871.01318359,3691.58959961,22592.6816406,7855.67578125,9505.81445313,5516.00439453,3271.28979492,2713.91967773,2746.17211914,2607.65039063,2023.22119141,684.261291504,355.619873047,130.611740112,57.4480514526,48.7549552917,32.8015670776,12.9471483231,7.71911096573,14.907831192,14.7099323273,10.6333837509,6.99071216583,9.11703872681,11.5057544708,2.62410211563,1.05740618706,0.0481343455613,0.00075951666804,0.0000296362122754,2.56304151236e-8],"max":[2.89892053604,21.6183338165,48.5530433655,118.673019409,256.156280518,694.633178711,467.176116943,572.690185547,1428.68029785,1360.6072998,1916.45959473,4248.56005859,2239.54174805,3309.59814453,2543.81396484,2365.44165039,2144.69067383,1396.34802246,2139.70556641,2693.16650391,652.650512695,1646.69567871,191.329696655,164.647994995,263.025085449,190.344207764,69.7662811279,102.878746033,155.078536987,227.902648926,251.882720947,163.146957397,241.453567505,399.458251953,100.174743652,63.5150260925,11.1912145615,0.9930113554,0.19832727313,0.00504806637764],"mean":[0.0657218769193,0.665342569351,1.28339409828,3.82337021828,8.47315883636,9.86391925812,9.75242805481,16.5849571228,35.7479133606,24.3588027954,22.9181728363,35.2294960022,30.011138916,29.2844867706,27.3222770691,25.6890010834,25.2557487488,27.3885498047,23.5945034027,31.8641738892,19.9367141724,13.8942680359,8.37844753265,5.13964891434,4.44285535812,3.87766504288,2.84519791603,2.04270410538,1.34090518951,1.13443958759,0.792299687862,0.634659349918,0.504813849926,0.456047981977,0.298703730106,0.162535086274,0.0598706379533,0.0132141904905,0.00213427143171,0.0000850922442623],"median":[0.0175129957497,0.133389368653,0.30866920948,1.13336730003,2.75386023521,4.00981760025,3.91173958778,5.1574010849,7.67928695679,6.35241365433,5.22658205032,5.74060869217,5.33999443054,3.91796565056,3.25788331032,4.18079090118,4.92097043991,5.86637878418,6.37020778656,7.0087389946,5.80903625488,4.09831428528,2.9800798893,1.7200499773,1.18989515305,1.04289209843,0.870714783669,0.722448050976,0.449491739273,0.382386296988,0.333751738071,0.28268712759,0.207737997174,0.172731459141,0.111528895795,0.062297668308,0.0242592450231,0.00601156754419,0.000805297924671,0.0000465843222628],"min":[1.03947488351e-22,6.49908547238e-22,1.6484008193e-21,6.95789838494e-21,8.55681265961e-21,2.96046551828e-20,7.39707361375e-20,1.1204312616e-19,1.21012814228e-19,1.65634387364e-19,1.5154053512e-19,4.20408859463e-19,4.24095086466e-19,6.92561569052e-19,8.95955820801e-19,9.68864140377e-19,1.4137777085e-18,2.26874631636e-18,2.00476051605e-18,3.42501990843e-18,3.81994116188e-18,4.58106147635e-18,4.93609690783e-18,4.93056100158e-18,7.26629778062e-18,7.69747311954e-18,9.54039512836e-18,1.00309215034e-17,9.24591634875e-18,1.27177877671e-17,1.11831989859e-17,1.08498278283e-17,9.40385821491e-18,8.41851405179e-18,5.64509739909e-18,4.51983315382e-18,2.40076889161e-18,1.01106885978e-18,2.39892122862e-19,2.86566932761e-20],"var":[0.0201565027237,2.47864842415,8.97245407104,71.9511032104,259.507781982,393.790039063,347.603973389,1164.26818848,7381.62744141,3751.77514648,4546.73925781,23208.65625,8913.27832031,15393.4267578,14001.6679688,6343.44287109,5937.47705078,3907.63427734,2780.70483398,7883.72119141,1583.75854492,1468.31494141,207.840103149,72.0532455444,71.7273178101,57.7601394653,27.4373970032,15.5688924789,14.0223808289,13.0211277008,5.49411392212,3.5696284771,8.25558567047,14.9721651077,2.779276371,0.774470150471,0.036140922457,0.000605787907261,0.0000152854227053,1.53087906796e-8]},"erbbands_crest":{"dmean":2.94196510315,"dmean2":4.73493671417,"dvar":8.16489124298,"dvar2":19.9736557007,"max":32.8012084961,"mean":10.7316112518,"median":9.4237537384,"min":2.42881536484,"var":25.8702583313},"erbbands_flatness_db":{"dmean":0.020734179765,"dmean2":0.0311833824962,"dvar":0.000386393337976,"dvar2":0.000854878046084,"max":0.415449470282,"mean":0.161467701197,"median":0.153753623366,"min":0.0310011673719,"var":0.00307975802571},"erbbands_kurtosis":{"dmean":1.88669645786,"dmean2":2.94765090942,"dvar":13.0036277771,"dvar2":30.9822101593,"max":132.383804321,"mean":2.27288937569,"median":0.574423789978,"min":-1.87368285656,"var":33.6215400696},"erbbands_skewness":{"dmean":0.485956221819,"dmean2":0.735528171062,"dvar":0.267041146755,"dvar2":0.567003369331,"max":9.42711544037,"mean":0.674591898918,"median":0.544360637665,"min":-6.62589883804,"var":1.35160195827},"erbbands_spread":{"dmean":7.99940729141,"dmean2":12.3464002609,"dvar":106.652839661,"dvar2":239.609832764,"max":182.350021362,"mean":31.2012882233,"median":27.3999328613,"min":1.12990605831,"var":360.891601563},"gfcc":{"cov":[[18193.2695313,-164.914962769,-1331.22302246,162.75390625,-210.689971924,416.23324585,-375.14730835,-120.126541138,-207.732650757,50.040058136,-510.892547607,-213.174819946,-166.377029419],[-164.914962769,1200.24523926,7.9071969986,-77.3645019531,121.137565613,-14.9826955795,59.3412246704,-23.9707813263,1.6349915266,-100.30430603,28.1488952637,-76.1955718994,18.6121444702],[-1331.22302246,7.9071969986,1733.90100098,362.090057373,7.76067638397,171.158813477,104.308959961,47.5074958801,32.8924331665,-41.9354400635,-92.0940628052,10.9771060944,-24.2238063812],[162.75390625,-77.3645019531,362.090057373,546.608337402,145.573150635,68.0936431885,36.9905738831,2.01458978653,-12.6140050888,-5.18716526031,-64.1056137085,-43.3251953125,-4.76521492004],[-210.689971924,121.137565613,7.76067638397,145.573150635,351.318084717,84.3721389771,30.6498298645,0.435361891985,37.5382232666,6.5139632225,-6.96815872192,-19.7285900116,11.7751293182],[416.23324585,-14.9826955795,171.158813477,68.0936431885,84.3721389771,239.96295166,83.7555007935,29.5048809052,-0.11829855293,-0.716816186905,-34.3084831238,-0.0231842529029,-9.16586208344],[-375.14730835,59.3412246704,104.308959961,36.9905738831,30.6498298645,83.7555007935,208.239196777,55.7030792236,1.71458041668,0.933298170567,28.8244838715,5.83723020554,-13.7544593811],[-120.126541138,-23.9707813263,47.5074958801,2.01458978653,0.435361891985,29.5048809052,55.7030792236,121.03704834,54.8274993896,15.2736110687,17.3782691956,10.5635795593,-5.77777051926],[-207.732650757,1.6349915266,32.8924331665,-12.6140050888,37.5382232666,-0.11829855293,1.71458041668,54.8274993896,127.861694336,50.9532012939,13.5477313995,9.56508159637,3.81955504417],[50.040058136,-100.30430603,-41.9354400635,-5.18716526031,6.5139632225,-0.716816186905,0.933298170567,15.2736110687,50.9532012939,107.153907776,49.1049995422,21.9015445709,-1.78593361378],[-510.892547607,28.1488952637,-92.0940628052,-64.1056137085,-6.96815872192,-34.3084831238,28.8244838715,17.3782691956,13.5477313995,49.1049995422,137.535263062,53.2499809265,3.45861816406],[-213.174819946,-76.1955718994,10.9771060944,-43.3251953125,-19.7285900116,-0.0231842529029,5.83723020554,10.5635795593,9.56508159637,21.9015445709,53.2499809265,104.256141663,25.8894786835],[-166.377029419,18.6121444702,-24.2238063812,-4.76521492004,11.7751293182,-9.16586208344,-13.7544593811,-5.77777051926,3.81955504417,-1.78593361378,3.45861816406,25.8894786835,87.818611145]],"icov":[[0.0000910681046662,-0.0000720968746464,0.000119404699944,-0.0000889255170478,0.000140457123052,-0.000262563349679,0.000204333962756,-0.000088743348897,0.000192207065993,-0.00033396523213,0.0004408301902,-0.000113439120469,0.000196781518753],[-0.0000720968746464,0.001238362398,-0.000191054466995,0.000390680739656,-0.000526051502675,0.000288700131932,-0.000536546402145,0.000616404926404,-0.000818212109152,0.00186544680037,-0.00150797970127,0.00142569560558,-0.000660752877593],[0.000119404699944,-0.000191054466995,0.000955162395258,-0.000712593027856,0.0005835663178,-0.000772560131736,0.0000781773924245,-0.0000227297696256,-0.000323351006955,-0.0000471897692478,0.000943151128013,-0.000761166214943,0.000543738133274],[-0.0000889255170478,0.000390680739656,-0.000712593027856,0.0028696260415,-0.00146801839583,0.000616201316006,-0.000511258200277,-0.000215205713175,0.000912049377803,-0.000413380563259,0.000300091487588,0.00112201063894,-0.000515873951372],[0.000140457123052,-0.000526051502675,0.0005835663178,-0.00146801839583,0.00437644962221,-0.00204606447369,0.000293277960736,0.000955447962042,-0.00176024402026,-0.0000121509256132,-0.0000178356567631,0.000169962484506,-0.000205757198273],[-0.000262563349679,0.000288700131932,-0.000772560131736,0.000616201316006,-0.00204606447369,0.00701583782211,-0.00276452396065,-0.000852384488098,0.000958426797297,-0.000531328783836,0.00149693328422,-0.000853830424603,-0.0000804860464996],[0.000204333962756,-0.000536546402145,0.0000781773924245,-0.000511258200277,0.000293277960736,-0.00276452396065,0.00753201171756,-0.0032328532543,0.00176018674392,-0.000513188366313,-0.00120180100203,0.0000584429399169,0.0010768964421],[-0.000088743348897,0.000616404926404,-0.0000227297696256,-0.000215205713175,0.000955447962042,-0.000852384488098,-0.0032328532543,0.0130953434855,-0.00700262375176,0.00297942501493,-0.00221512676217,0.000320157734677,0.000179453170858],[0.000192207065993,-0.000818212109152,-0.000323351006955,0.000912049377803,-0.00176024402026,0.000958426797297,0.00176018674392,-0.00700262375176,0.0148375639692,-0.00837688613683,0.0036660709884,-0.000982471858151,-0.0000215637410292],[-0.00033396523213,0.00186544680037,-0.0000471897692478,-0.000413380563259,-0.0000121509256132,-0.000531328783836,-0.000513188366313,0.00297942501493,-0.00837688613683,0.0183560736477,-0.00860488601029,0.00164758774918,-0.000410889449995],[0.0004408301902,-0.00150797970127,0.000943151128013,0.000300091487588,-0.0000178356567631,0.00149693328422,-0.00120180100203,-0.00221512676217,0.0036660709884,-0.00860488601029,0.0164099894464,-0.00740751996636,0.00245893164538],[-0.000113439120469,0.00142569560558,-0.000761166214943,0.00112201063894,0.000169962484506,-0.000853830424603,0.0000584429399169,0.000320157734677,-0.000982471858151,0.00164758774918,-0.00740751996636,0.0157168768346,-0.0050133028999],[0.000196781518753,-0.000660752877593,0.000543738133274,-0.000515873951372,-0.000205757198273,-0.0000804860464996,0.0010768964421,0.000179453170858,-0.0000215637410292,-0.000410889449995,0.00245893164538,-0.0050133028999,0.0135953072459]],"mean":[-55.2887077332,86.1341400146,-95.0535812378,7.26017808914,-46.3996315002,2.56064677238,-41.9324607849,5.77656602859,-21.1173324585,6.59651470184,-18.1219978333,2.01190924644,-10.216835022]},"hfc":{"dmean":4.25874471664,"dmean2":6.09593486786,"dvar":50.9849510193,"dvar2":101.086128235,"max":390.921691895,"mean":13.8021421432,"median":8.04552936554,"min":1.08981998616e-16,"var":288.140594482},"melbands":{"dmean":[0.000600908068009,0.000683252117597,0.00066842790693,0.000461171468487,0.000260377186351,0.000314046366839,0.000397468684241,0.000146261794725,0.000116765259008,0.000138392715598,0.0000847599148983,0.0000632830051472,0.000044429776608,0.0000366828862752,0.0000317835838359,0.0000280444437522,0.0000259405387624,0.0000186365869013,0.000020816893084,0.0000155910583999,0.0000104545752038,0.00000739727829568,0.00000430223462899,0.00000306112451653,0.00000198395332518,0.00000169867814748,0.0000013762190747,0.00000120050992791,8.03359739621e-7,7.33785896045e-7,4.99447367019e-7,4.05914533985e-7,3.47373628529e-7,3.13988181233e-7,2.46940572879e-7,2.48055670227e-7,2.30007643154e-7,2.04927331993e-7,1.9558373765e-7,2.34325497672e-7],"dmean2":[0.00101768644527,0.0011757966131,0.00111690605991,0.000756850407925,0.000436454225564,0.000497780565638,0.00061888678465,0.000231456622714,0.000181220006198,0.000210441605304,0.000130072265165,0.0000950883040787,0.0000663798709866,0.0000543681271665,0.0000469471306133,0.0000418745003117,0.0000399729105993,0.0000288303017442,0.0000314243443427,0.0000232062975556,0.0000159105074999,0.0000110970886453,0.00000663705486659,0.00000476503964819,0.00000315182205668,0.0000026730888294,0.00000211266319639,0.00000183769964224,0.00000123340885239,0.00000111802478386,7.81148855822e-7,6.32051865068e-7,5.40000939964e-7,4.895137522e-7,3.86167215538e-7,3.91474827666e-7,3.69869439965e-7,3.26949702867e-7,2.94743074392e-7,3.52673566795e-7],"dvar":[0.000002451522505,0.0000034725610476,0.00000272290958492,7.88754050518e-7,2.84409480855e-7,5.18500598901e-7,9.83361246654e-7,1.69980793885e-7,1.38245496828e-7,3.9631950699e-7,9.18640310488e-8,7.10476300014e-8,3.78752460506e-8,1.81536599086e-8,9.49569045616e-9,8.46392911313e-9,5.71732217125e-9,3.73746056326e-9,2.80833400979e-9,1.76577541477e-9,6.17261797231e-10,3.14725134842e-10,7.87711285088e-11,4.23624572921e-11,2.04970485029e-11,2.05748768717e-11,1.31528303873e-11,7.87994062362e-12,2.79625194527e-12,2.81989622625e-12,1.25122405926e-12,2.12892203866e-12,2.87130844275e-12,2.37337406672e-12,1.9221401814e-12,1.03152133103e-12,1.43940588615e-12,4.03450536868e-12,2.59763456405e-12,7.12912845077e-12],"dvar2":[0.00000647940714771,0.00000918702880881,0.00000651893969916,0.00000196670862351,7.48016134366e-7,0.00000117051672532,0.00000219960907089,4.00334926098e-7,3.06928228611e-7,9.11024358174e-7,1.96432267785e-7,1.6111849277e-7,8.25054371489e-8,3.7646049833e-8,1.64541837933e-8,1.64767968158e-8,1.25686323571e-8,8.35653679587e-9,5.97875615682e-9,3.2931946059e-9,1.25048116306e-9,5.95291371752e-10,1.62661745184e-10,9.23101942107e-11,4.7547462495e-11,4.69565740457e-11,2.51346669172e-11,1.70044863607e-11,5.97140869738e-12,5.80405818892e-12,2.71501853118e-12,4.69422460972e-12,6.22654445365e-12,5.49443563563e-12,4.40890943545e-12,2.43906284059e-12,3.62599251839e-12,1.07408569885e-11,4.5386160108e-12,1.41521811631e-11],"max":[0.0217427611351,0.0226492453367,0.0239237640053,0.0349303595722,0.0163611099124,0.0123097812757,0.0264090653509,0.0161369871348,0.0150345778093,0.0254289899021,0.0118278376758,0.0128180533648,0.0101660974324,0.00626627774909,0.00877536088228,0.00434328988194,0.00312390713952,0.00377979432233,0.00208443542942,0.00459602242336,0.000642662635073,0.00160860584583,0.000719896284863,0.000303758541122,0.000130832951982,0.000242061621975,0.000259315886069,0.000125271995785,0.0000608348127571,0.000093761824246,0.0000480908711324,0.000099853874417,0.000121431236039,0.000150502950419,0.000164827579283,0.000103494414361,0.000104863225715,0.00024747743737,0.000207673991099,0.000434437039075],"mean":[0.000703835801687,0.000768732046708,0.00082815985661,0.000670563254971,0.000365620915545,0.000407816289226,0.000528652803041,0.000245677423663,0.000191098457435,0.00022174861806,0.000142345335917,0.000113379879622,0.0000952753398451,0.0000678128490108,0.0000612765288679,0.0000547004274267,0.0000507207005285,0.0000345474218193,0.0000436506597907,0.0000391123903682,0.0000202444589377,0.0000157019676408,0.00000878873015608,0.00000621656636213,0.00000387425234294,0.00000335681943398,0.00000286195813715,0.00000251903475146,0.00000172637419382,0.00000160004844929,0.0000010213080941,7.48522950289e-7,6.78981052715e-7,6.12405472111e-7,4.53644986464e-7,4.16923882085e-7,3.78311028726e-7,3.49497895513e-7,3.44064858382e-7,4.04855938996e-7],"median":[0.000166710058693,0.000178934875294,0.000271703087492,0.000285343674477,0.000148512190208,0.000120680415421,0.000119628610264,0.0000586909154663,0.0000383721780963,0.0000339133257512,0.0000227639338846,0.0000126376962726,0.00000902099873201,0.00000850736068969,0.00000910496964934,0.00000673827571518,0.00000736729180062,0.00000695008657203,0.0000089217646746,0.00000695225662639,0.00000524780125488,0.00000392915080738,0.00000274270064438,0.00000198159568754,0.00000113925136702,8.02147781087e-7,7.39488655199e-7,6.18971796484e-7,5.16766192504e-7,4.73608565699e-7,3.58861825589e-7,2.35730198028e-7,2.05579624435e-7,2.08213407404e-7,1.80838696906e-7,1.78520124905e-7,1.60649918257e-7,1.44789410683e-7,1.29028990159e-7,1.47151837382e-7],"min":[9.85756741467e-25,1.12996633279e-24,1.41033223167e-24,1.32051233179e-24,2.62482934919e-24,3.00492797409e-24,2.17364114331e-24,1.96979100515e-24,1.68388552778e-24,2.39427804432e-24,1.7344373123e-24,2.31662652112e-24,2.04801267757e-24,1.85298713193e-24,3.74366682676e-24,2.68725881516e-24,3.92844132216e-24,2.36551361192e-24,4.99891255434e-24,3.65518069345e-24,3.53384244775e-24,4.07594135093e-24,2.97198632598e-24,3.49457531847e-24,3.73760837501e-24,3.59881382076e-24,3.64764786067e-24,4.19242928536e-24,4.40510066338e-24,4.46760132404e-24,4.4193328974e-24,3.96087731043e-24,4.97133161051e-24,4.8806331168e-24,6.76802267001e-24,3.90621516616e-24,6.76022320224e-24,5.47447498447e-24,6.50767135559e-24,6.21145014137e-24],"var":[0.00000246834383688,0.00000296686198453,0.00000306223887492,0.00000140379586355,4.43508355374e-7,7.39730865007e-7,0.00000154801693952,4.06745385817e-7,3.43928689972e-7,9.4635458936e-7,2.21260464173e-7,2.53603985811e-7,1.97908761379e-7,5.20057987785e-8,4.41266294615e-8,3.02361584659e-8,1.58259521044e-8,7.89616816377e-9,1.0563770303e-8,1.93051477027e-8,1.88507254251e-9,1.82715909069e-9,3.81265602423e-10,1.50339865557e-10,5.29652467718e-11,5.17485117257e-11,3.86674303687e-11,2.94570097481e-11,1.03375676075e-11,1.11428600721e-11,4.15742483842e-12,4.37953579652e-12,6.33096439856e-12,3.76876307939e-12,2.18362285719e-12,1.27281627078e-12,1.57107692741e-12,4.6337985532e-12,6.17616071133e-12,1.51628015699e-11]},"melbands_crest":{"dmean":3.29187607765,"dmean2":5.38991451263,"dvar":8.35727405548,"dvar2":21.1992321014,"max":34.8585243225,"mean":13.5559883118,"median":12.6209926605,"min":1.71642935276,"var":28.7461509705},"melbands_flatness_db":{"dmean":0.0298633556813,"dmean2":0.0456307940185,"dvar":0.000859263178427,"dvar2":0.00185671611689,"max":0.631569504738,"mean":0.231701806188,"median":0.219158247113,"min":0.00298654939979,"var":0.0060933129862},"melbands_kurtosis":{"dmean":9.07115459442,"dmean2":14.4251098633,"dvar":327.152770996,"dvar2":788.284667969,"max":617.025024414,"mean":15.4916667938,"median":6.76739358902,"min":-1.89318299294,"var":697.526977539},"melbands_skewness":{"dmean":0.820964217186,"dmean2":1.27801311016,"dvar":0.864843726158,"dvar2":1.99836742878,"max":21.0364227295,"mean":2.39645051956,"median":2.05807518959,"min":-3.04058504105,"var":3.23709893227},"melbands_spread":{"dmean":6.1339225769,"dmean2":9.49406528473,"dvar":90.8846664429,"dvar2":196.243484497,"max":301.285736084,"mean":19.034204483,"median":14.8986701965,"min":0.279450565577,"var":315.886627197},"mfcc":{"cov":[[13766.4257813,288.757598877,-1255.05456543,-123.757453918,-95.8670730591,135.312255859,-152.726150513,-165.586959839,112.15750885,79.8992233276,-162.229110718,-169.887573242,-44.4315109253],[288.757598877,1193.15917969,51.344871521,-89.8375930786,68.2252502441,7.06064510345,42.580783844,35.1852416992,16.7644309998,-24.1648216248,-15.5599298477,-25.4149169922,-52.4238624573],[-1255.05456543,51.344871521,1365.06335449,234.574493408,84.1158065796,132.432098389,88.3602218628,126.557861328,81.7952957153,49.4545593262,-16.7393188477,35.4598617554,-49.4644966125],[-123.757453918,-89.8375930786,234.574493408,428.210327148,137.23223877,87.1717987061,58.8822822571,20.3824119568,45.1956672668,32.1640815735,-12.3307514191,-0.00775334052742,-8.96503829956],[-95.8670730591,68.2252502441,84.1158065796,137.23223877,304.090332031,100.973381042,5.8100771904,13.1524896622,68.8965835571,19.7321147919,-21.5342273712,15.1922111511,4.83230829239],[135.312255859,7.06064510345,132.432098389,87.1717987061,100.973381042,197.771530151,76.2967147827,40.9411087036,54.4892082214,23.2117576599,-4.39666318893,2.44705891609,-3.01024794579],[-152.726150513,42.580783844,88.3602218628,58.8822822571,5.8100771904,76.2967147827,181.474975586,74.0697021484,9.912150383,12.0100364685,17.0887145996,10.4582920074,-3.66502761841],[-165.586959839,35.1852416992,126.557861328,20.3824119568,13.1524896622,40.9411087036,74.0697021484,146.137252808,40.7947654724,21.6564006805,22.8040924072,0.318187683821,1.30070459843],[112.15750885,16.7644309998,81.7952957153,45.1956672668,68.8965835571,54.4892082214,9.912150383,40.7947654724,133.148864746,49.7531242371,-6.23591947556,-1.97263371944,-3.50424981117],[79.8992233276,-24.1648216248,49.4545593262,32.1640815735,19.7321147919,23.2117576599,12.0100364685,21.6564006805,49.7531242371,105.944969177,38.8886413574,0.434588462114,-1.25619494915],[-162.229110718,-15.5599298477,-16.7393188477,-12.3307514191,-21.5342273712,-4.39666318893,17.0887145996,22.8040924072,-6.23591947556,38.8886413574,103.178131104,36.5015258789,17.8188934326],[-169.887573242,-25.4149169922,35.4598617554,-0.00775334052742,15.1922111511,2.44705891609,10.4582920074,0.318187683821,-1.97263371944,0.434588462114,36.5015258789,113.245399475,58.2616653442],[-44.4315109253,-52.4238624573,-49.4644966125,-8.96503829956,4.83230829239,-3.01024794579,-3.66502761841,1.30070459843,-3.50424981117,-1.25619494915,17.8188934326,58.2616653442,108.533531189]],"icov":[[0.00009038457938,-0.000037450754462,0.000103808073618,-0.0000299298553728,0.000115746974188,-0.000181419716682,0.000103165002656,0.0000218944242079,-0.0000551826524315,-0.00016071247228,0.000198422218091,-0.00000193142841454,0.0000216051830648],[-0.000037450754462,0.000950735935476,-0.000098712502222,0.000384878949262,-0.000480943883304,0.000297016144032,-0.000413523375755,-0.0000750432081986,-0.000110154207505,0.000371173926396,-0.000147221726365,0.000118539268442,0.000408559775678],[0.000103808073618,-0.000098712502222,0.0010951195145,-0.000501720700413,0.000345148611814,-0.000604745466262,0.000349120993633,-0.000821550551336,-0.0000346034648828,-0.0005403389805,0.000836456019897,-0.000958255433943,0.000811672594864],[-0.0000299298553728,0.000384878949262,-0.000501720700413,0.00330862193368,-0.00143660639878,-0.0000153930486704,-0.00115479249507,0.000625673739705,-0.0000405867358495,-0.000388171290979,0.0000506178184878,0.00050758884754,-0.0000512613150931],[0.000115746974188,-0.000480943883304,0.000345148611814,-0.00143660639878,0.00525426631793,-0.00241173128597,0.00146791629959,-0.000149227213115,-0.00140270672273,-0.000303308275761,0.0012521056924,-0.00127482507378,0.0000342106868629],[-0.000181419716682,0.000297016144032,-0.000604745466262,-0.0000153930486704,-0.00241173128597,0.00850528012961,-0.00350851961412,0.000361987011274,-0.00174687081017,0.000369417160982,-0.000423494755523,0.000740148534533,-0.00036714336602],[0.000103165002656,-0.000413523375755,0.000349120993633,-0.00115479249507,0.00146791629959,-0.00350851961412,0.0090099144727,-0.00405226228759,0.0015889161732,-0.000498749432154,0.000237804008066,-0.0015047902707,0.000910637259949],[0.0000218944242079,-0.0000750432081986,-0.000821550551336,0.000625673739705,-0.000149227213115,0.000361987011274,-0.00405226228759,0.0106926690787,-0.00323945982382,0.000912320509087,-0.00281904824078,0.00220560771413,-0.00141352089122],[-0.0000551826524315,-0.000110154207505,-0.0000346034648828,-0.0000405867358495,-0.00140270672273,-0.00174687081017,0.0015889161732,-0.00323945982382,0.0121914241463,-0.00569781195372,0.00313714053482,-0.000960000616033,0.000339524820447],[-0.00016071247228,0.000371173926396,-0.0005403389805,-0.000388171290979,-0.000303308275761,0.000369417160982,-0.000498749432154,0.000912320509087,-0.00569781195372,0.0152424527332,-0.00740941707045,0.00246324855834,-0.000282227760181],[0.000198422218091,-0.000147221726365,0.000836456019897,0.0000506178184878,0.0012521056924,-0.000423494755523,0.000237804008066,-0.00281904824078,0.00313714053482,-0.00740941707045,0.0157689992338,-0.00557604851201,0.000789703044575],[-0.00000193142841454,0.000118539268442,-0.000958255433943,0.00050758884754,-0.00127482507378,0.000740148534533,-0.0015047902707,0.00220560771413,-0.000960000616033,0.00246324855834,-0.00557604851201,0.0150829162449,-0.00752193992957],[0.0000216051830648,0.000408559775678,0.000811672594864,-0.0000512613150931,0.0000342106868629,-0.00036714336602,0.000910637259949,-0.00141352089122,0.000339524820447,-0.000282227760181,0.000789703044575,-0.00752193992957,0.0137374838814]],"mean":[-710.820739746,133.107925415,5.57688713074,13.8420639038,9.69481086731,-0.699663579464,-6.66080093384,-5.06538724899,0.680270791054,-0.682143270969,-2.36349368095,0.37102073431,-1.10184955597]},"pitch_salience":{"dmean":0.0795229971409,"dmean2":0.130535528064,"dvar":0.00489391479641,"dvar2":0.0128636881709,"max":0.915157556534,"mean":0.554470479488,"median":0.563260853291,"min":0.0504285655916,"var":0.0151093071327},"silence_rate_20dB":{"dmean":0,"dmean2":0,"dvar":0,"dvar2":0,"max":1,"mean":1,"median":1,"min":1,"var":0},"silence_rate_30dB":{"dmean":0.00991682615131,"dmean2":0.0198344457895,"dvar":0.00981528311968,"dvar2":0.0255168378353,"max":1,"mean":0.992162823677,"median":1,"min":0,"var":0.00777540821582},"silence_rate_60dB":{"dmean":0.0379078686237,"dmean2":0.0758187696338,"dvar":0.0364905074239,"dvar2":0.0824608579278,"max":1,"mean":0.203646689653,"median":0,"min":0,"var":0.162203282118},"spectral_centroid":{"dmean":217.913208008,"dmean2":334.693725586,"dvar":89086.2578125,"dvar2":180656.1875,"max":11687.5214844,"mean":1025.61657715,"median":880.118286133,"min":112.68396759,"var":650496.3125},"spectral_complexity":{"dmean":2.48976325989,"dmean2":3.78741955757,"dvar":7.01176357269,"dvar2":14.6243839264,"max":44,"mean":12.0383462906,"median":12,"min":0,"var":60.802116394},"spectral_contrast_coeffs":{"dmean":[0.0576618202031,0.0550756081939,0.0432696826756,0.0373720638454,0.0263824630529,0.0173054579645],"dmean2":[0.0950256884098,0.0895829349756,0.0691909939051,0.0580861344934,0.0415147095919,0.0277003906667],"dvar":[0.00223059090786,0.00217124097981,0.00131565681659,0.00113348464947,0.000608709990047,0.000243772927206],"dvar2":[0.0058038495481,0.00549297872931,0.0031508426182,0.00250211684033,0.00135038723238,0.000565978174563],"max":[-0.330585241318,-0.329637676477,-0.371548265219,-0.422717124224,-0.539320468903,-0.579492926598],"mean":[-0.64514875412,-0.717869400978,-0.746364355087,-0.759552419186,-0.787391722202,-0.805478453636],"median":[-0.646572589874,-0.725682914257,-0.755766689777,-0.766144752502,-0.795152664185,-0.810436367989],"min":[-0.978683412075,-0.975497126579,-0.97422015667,-0.96835321188,-0.968748033047,-0.965042710304],"var":[0.00987170170993,0.00848777126521,0.00762485293671,0.00711903069168,0.00378793012351,0.00169884599745]},"spectral_contrast_valleys":{"dmean":[0.487749636173,0.461018502712,0.42782112956,0.379619807005,0.302559107542,0.274488776922],"dmean2":[0.786454021931,0.743679642677,0.6730671525,0.582249164581,0.465860664845,0.403376460075],"dvar":[0.197676375508,0.189642161131,0.154490247369,0.12858402729,0.0986089333892,0.0860920399427],"dvar2":[0.440480768681,0.454648047686,0.351075768471,0.281183868647,0.219932943583,0.169665515423],"max":[-5.00624799728,-4.16801118851,-5.20911026001,-5.69638156891,-6.1009683609,-7.21665143967],"mean":[-7.8639383316,-7.21211099625,-8.16725826263,-8.44528770447,-8.62555789948,-10.7650442123],"median":[-7.54463195801,-6.87974262238,-7.8858704567,-8.11655426025,-8.28246116638,-10.3207149506],"min":[-28.2134799957,-27.8665161133,-27.5658988953,-27.6272335052,-27.5294589996,-27.4309902191],"var":[2.99812436104,2.91083550453,2.66938519478,2.70840477943,2.44194817543,2.42990016937]},"spectral_decrease":{"dmean":2.26102203627e-9,"dmean2":3.45680528646e-9,"dvar":1.56343256909e-17,"dvar2":3.40779982788e-17,"max":2.01918828712e-28,"mean":-5.03695973819e-9,"median":-3.12790993107e-9,"min":-5.44716662887e-8,"var":3.44649070472e-17},"spectral_energy":{"dmean":0.00885507743806,"dmean2":0.0135030737147,"dvar":0.000234153209021,"dvar2":0.000508774712216,"max":0.215239644051,"mean":0.0202625580132,"median":0.0126695567742,"min":9.90400391854e-21,"var":0.000543147616554},"spectral_energyband_high":{"dmean":0.000111649766041,"dmean2":0.000160302093718,"dvar":1.78485109359e-7,"dvar2":3.60373036301e-7,"max":0.0366011932492,"mean":0.000283434463199,"median":0.00012883997988,"min":6.96441808682e-21,"var":4.31797445799e-7},"spectral_energyband_low":{"dmean":0.00361840589903,"dmean2":0.0060081644915,"dvar":0.0000843378002173,"dvar2":0.000208955505514,"max":0.121802397072,"mean":0.00464404700324,"median":0.00142475077882,"min":1.09594118423e-23,"var":0.0000889822040335},"spectral_energyband_middle_high":{"dmean":0.00146872596815,"dmean2":0.00213412661105,"dvar":0.00000914504926186,"dvar2":0.0000188239682757,"max":0.0869804918766,"mean":0.00455064279959,"median":0.00164554908406,"min":1.15810697974e-21,"var":0.0000617014520685},"spectral_energyband_middle_low":{"dmean":0.00607970682904,"dmean2":0.00944045558572,"dvar":0.000104510290839,"dvar2":0.000231770303799,"max":0.165018349886,"mean":0.0117118870839,"median":0.00640305457637,"min":1.55960653483e-22,"var":0.000233034152188},"spectral_entropy":{"dmean":0.220392793417,"dmean2":0.336319297552,"dvar":0.0479989461601,"dvar2":0.106547810137,"max":9.82331752777,"mean":7.23162651062,"median":7.29598283768,"min":4.41925239563,"var":0.300462901592},"spectral_flux":{"dmean":0.0262180864811,"dmean2":0.0423173569143,"dvar":0.00115380133502,"dvar2":0.00277154357173,"max":0.385113894939,"mean":0.071725577116,"median":0.0613210983574,"min":6.48659251312e-11,"var":0.00285961176269},"spectral_kurtosis":{"dmean":2.06759405136,"dmean2":3.34694027901,"dvar":7.41655492783,"dvar2":20.4467773438,"max":64.7157592773,"mean":7.56762552261,"median":6.45827484131,"min":-1.68687880039,"var":24.5254878998},"spectral_rms":{"dmean":0.000856954371557,"dmean2":0.0012728163274,"dvar":0.00000128745023176,"dvar2":0.00000266694291895,"max":0.0144910281524,"mean":0.00378163577989,"median":0.00351575645618,"min":3.10844687663e-12,"var":0.00000546759929421},"spectral_rolloff":{"dmean":357.557006836,"dmean2":605.580688477,"dvar":667145.125,"dvar2":1458783.625,"max":19595.2148438,"mean":1241.41296387,"median":861.328125,"min":64.599609375,"var":2750248},"spectral_skewness":{"dmean":0.265243262053,"dmean2":0.413167983294,"dvar":0.0825718864799,"dvar2":0.201451048255,"max":6.36768531799,"mean":2.14665555954,"median":2.08033370972,"min":-1.02224183083,"var":0.40475949645},"spectral_spread":{"dmean":691143.5625,"dmean2":1048731.875,"dvar":755171459072,"dvar2":1566469390340,"max":42780740,"mean":5008960,"median":4628874.5,"min":1327835.75,"var":7586556411900},"spectral_strongpeak":{"dmean":0.565037727356,"dmean2":0.946747422218,"dvar":0.885648488998,"dvar2":2.18159484863,"max":18.8028411865,"mean":1.05659520626,"median":0.424275964499,"min":0,"var":2.43299746513},"zerocrossingrate":{"dmean":0.00950328726321,"dmean2":0.0115420222282,"dvar":0.000176481495146,"dvar2":0.000204144351301,"max":0.53076171875,"mean":0.0546304509044,"median":0.04833984375,"min":0.001953125,"var":0.00196834816597}},"metadata":{"audio_properties":{"analysis_sample_rate":44100,"bit_rate":192000,"codec":"mp3","downmix":"mix","equal_loudness":0,"length":580.67590332,"lossless":false,"md5_encoded":"83d22b7f9b7953ce8690a9c812f5566e","replay_gain":-5.33854103088,"sample_rate":44100},"tags":{"album":["The Need of Love"],"albumartist":["Earth, Wind & Fire"],"albumartistsort":["Earth, Wind & Fire"],"artist":["Earth, Wind & Fire"],"artistsort":["Earth, Wind & Fire"],"composer":["Don Whitehead","Maurice White","Sherry Scott","Wade Flemons"],"date":["1971"],"discnumber":["1/1"],"encodedby":["iTunes v7.1.1.5"],"file_name":"1-01. Earth, Wind & Fire - Energy.mp3","genre":["R&B"],"label":["Warner Bros. Records"],"language":["eng"],"media":["12\" Vinyl"],"musicbrainz album release country":["US"],"musicbrainz album status":["official"],"musicbrainz album type":["album"],"musicbrainz_albumartistid":["535afeda-2538-435d-9dd1-5e10be586774"],"musicbrainz_albumid":["32512ad1-7e80-4848-9f55-df4a55263e9a"],"musicbrainz_artistid":["535afeda-2538-435d-9dd1-5e10be586774"],"musicbrainz_recordingid":["53c470cf-9add-4c1a-958e-fe16312317a2"],"musicbrainz_releasegroupid":["ac93ba03-6d59-358d-bd6a-e34aaee98c52"],"originaldate":["1971"],"script":["Latn"],"title":["Energy"],"tracknumber":["1/5"]},"version":{"essentia":"2.1-beta2","essentia_build_sha":"2d9f1f26377add8aeb1075a9c2973f962c4f09fd","essentia_git_sha":"v2.1_beta2-1-ge3940c0","extractor":"music 1.0"}},"rhythm":{"beats_count":1099,"beats_loudness":{"dmean":0.0223012417555,"dmean2":0.0394502468407,"dvar":0.000622893159743,"dvar2":0.00176209106576,"max":0.177854076028,"mean":0.0371643975377,"median":0.0319301001728,"min":0,"var":0.000993591616862},"beats_loudness_band_ratio":{"dmean":[0.217260330915,0.161376833916,0.15506696701,0.0828385949135,0.0