{"lowlevel":{"average_loudness":0.940825939178,"barkbands":{"dmean":[0.0000333438474627,0.00312934466638,0.00293064629659,0.000917129858863,0.00137700734194,0.000540328852367,0.000275070109637,0.000316395569826,0.000595349818468,0.000292298471322,0.000279101834167,0.000262881512754,0.000288350565825,0.000454254331999,0.000412754976423,0.000518299639225,0.000647005625069,0.000472152227303,0.000397280557081,0.000294614466839,0.000110473141831,0.0000552257370146,0.0000405047976528,0.0000462381540274,0.0000482902178192,0.0000509607052663,0.0000136377693707],"dmean2":[0.000049259437219,0.00554051762447,0.00511470763013,0.00158218003344,0.00232820701785,0.000887101748958,0.000440597126726,0.000515352294315,0.000950282556005,0.000460800540168,0.000442579417722,0.000416888622567,0.000462736934423,0.000728938728571,0.000665752158966,0.000829512311611,0.00103477761149,0.000768113590311,0.000649371708278,0.000471491919598,0.000172422995092,0.0000812430807855,0.0000574279692955,0.0000621154395049,0.0000644616156933,0.0000664866529405,0.0000178692134796],"dvar":[3.83727583042e-9,0.0000532920566911,0.0000354022995452,0.00000215093837141,0.000008984008673,0.00000141077964599,5.89020828556e-7,9.47230319071e-7,0.00000188156184322,5.69083510982e-7,4.78858680708e-7,7.14939574209e-7,4.55159295143e-7,8.61393800733e-7,8.34908291836e-7,7.98705229954e-7,7.37432515052e-7,3.39822491924e-7,2.34734500282e-7,1.48001518596e-7,2.28371490607e-8,1.21972476563e-8,9.73634506352e-9,2.69442885781e-8,3.24038360588e-8,5.39546043399e-8,1.66859304152e-9],"dvar2":[7.01229962985e-9,0.000148046849063,0.0000988548417808,0.00000575081185161,0.0000237433123402,0.00000369889380636,0.00000139325311466,0.00000235895413425,0.00000425730831921,0.00000129105239921,0.00000105031551811,0.0000017652733959,0.00000113546047942,0.00000212333770833,0.00000204155094252,0.00000190763489627,0.00000190969672076,9.14076508707e-7,5.97030918925e-7,3.81010323736e-7,4.98950534222e-8,2.62191299782e-8,2.02453858122e-8,4.83972293353e-8,5.70184077731e-8,9.24577108208e-8,3.17529313953e-9],"max":[0.000811115372926,0.0712939873338,0.069989785552,0.0198754295707,0.0443233139813,0.0404821038246,0.0285083651543,0.0309284217656,0.0365017056465,0.0202389732003,0.0235273763537,0.028771052137,0.0150717254728,0.0202923621982,0.0181332975626,0.0199936404824,0.0121303489432,0.00690260250121,0.00746478978544,0.00814084522426,0.00420005153865,0.00268018804491,0.00426042964682,0.00774548249319,0.0087873544544,0.0136009240523,0.0016510769492],"mean":[0.0000411866712966,0.0031421026215,0.00349732278846,0.00132936227601,0.00181422254536,0.000955870607868,0.000417071860284,0.000446622230811,0.0010180718964,0.000458587543108,0.000463789794594,0.00041575593059,0.000502125534695,0.000835691171233,0.000773335632402,0.0011062999256,0.00156915420666,0.00112483277917,0.00102663098369,0.000782328250352,0.000304281653371,0.000129704974825,0.0000835669852677,0.0000988324900391,0.000108878113679,0.0000985969018075,0.0000238453794736],"median":[0.00000973722490016,0.00133960647509,0.00182873662561,0.000814028200693,0.000989572610706,0.00043272098992,0.00019894905563,0.000214371873881,0.000489287194796,0.000174405227881,0.000152559456183,0.000173526364961,0.000198203197215,0.000348667032085,0.000384621089324,0.000766625278629,0.00116056203842,0.000947362801526,0.000897069170605,0.000697447976563,0.000251010351349,0.0000655754993204,0.0000262558132818,0.000039606293285,0.0000470502018288,0.0000389796696254,0.0000108434142021],"min":[4.33830228685e-11,8.47805492477e-10,2.54492293905e-9,1.14697273901e-9,3.60925045406e-9,1.96740027048e-10,3.1622572616e-11,1.74115756535e-11,2.75966107605e-11,1.3644418928e-11,8.65039203463e-12,1.78351899222e-11,1.67114100336e-11,1.64019978155e-11,2.33539923511e-11,1.87213369807e-11,1.04010454763e-11,2.61432750448e-11,3.47011933077e-11,3.03088561193e-11,1.31699937414e-11,7.54103030021e-12,1.15357333061e-11,1.1343067978e-11,3.79225817415e-11,4.53314885629e-11,5.91187029886e-11],"var":[6.27355323246e-9,0.0000366761414625,0.0000291501928587,0.00000263873084805,0.00000835675655253,0.00000252701511272,8.9110716317e-7,0.00000118332536658,0.00000365182427231,0.00000126363750041,0.00000115166290016,0.00000118635227864,8.8222964223e-7,0.00000211518113247,0.00000177157630787,0.00000177637105025,0.0000022883332349,9.43806185205e-7,7.41220219425e-7,4.81523159124e-7,9.18936109429e-8,3.80589639803e-8,2.49671536778e-8,6.52010427871e-8,8.58378115254e-8,1.36559364705e-7,3.01788705137e-9]},"barkbands_crest":{"dmean":2.24189305305,"dmean2":3.7762556076,"dvar":4.88241577148,"dvar2":13.1164941788,"max":23.0022888184,"mean":7.34041547775,"median":6.37453842163,"min":2.27785468102,"var":11.8741893768},"barkbands_flatness_db":{"dmean":0.0180038493127,"dmean2":0.0287955105305,"dvar":0.00048432717449,"dvar2":0.00118580053095,"max":0.395435392857,"mean":0.0983085855842,"median":0.0793834552169,"min":0.0212174709886,"var":0.00312364497222},"barkbands_kurtosis":{"dmean":1.94026565552,"dmean2":3.17870521545,"dvar":35.5359954834,"dvar2":85.0131225586,"max":138.520645142,"mean":1.65164363384,"median":-0.850810170174,"min":-1.86077952385,"var":94.435836792},"barkbands_skewness":{"dmean":0.507295966148,"dmean2":0.813659071922,"dvar":0.362420886755,"dvar2":0.880988061428,"max":9.5629196167,"mean":0.544206738472,"median":0.171753704548,"min":-2.0878572464,"var":1.87806737423},"barkbands_spread":{"dmean":5.93336725235,"dmean2":9.64473152161,"dvar":38.1262245178,"dvar2":92.9507751465,"max":117.872833252,"mean":35.2500114441,"median":37.2421188354,"min":0.5907523036,"var":194.87828064},"dissonance":{"dmean":0.009625419043,"dmean2":0.0161837004125,"dvar":0.000195417538635,"dvar2":0.000514469633345,"max":0.500000119209,"mean":0.483385592699,"median":0.49046432972,"min":0.217332154512,"var":0.000471732986625},"dynamic_complexity":1.76543140411,"erbbands":{"dmean":[0.0522332824767,0.856686890125,3.10998940468,3.24635004997,4.17683744431,4.82444190979,3.44532895088,4.53788471222,4.17269706726,5.60222434998,8.0708694458,13.1017599106,11.1405763626,9.10369682312,9.52359771729,10.5030841827,12.7228155136,19.3752975464,18.7285270691,25.8296718597,28.1830730438,32.3437614441,22.8230895996,26.5088768005,13.7268419266,14.9338006973,7.07974100113,3.04536247253,2.00541520119,1.54625844955,1.09636259079,0.979591429234,0.785954117775,0.535558700562,0.372443675995,0.233145534992,0.0991742163897,0.0201537683606,0.00226788246073,0.000100432385807],"dmean2":[0.0860135704279,1.5413942337,5.52685689926,5.52398729324,7.16210174561,8.08519649506,5.78606843948,7.32881259918,6.80585861206,9.04582881927,13.1066913605,20.8379497528,17.2122783661,14.6565256119,14.7035455704,16.5272979736,20.3432445526,31.1211471558,29.5350246429,41.0250205994,44.4200172424,51.6299552917,36.9800720215,43.6038818359,22.2341537476,23.9014167786,11.2317037582,4.81482696533,3.0500793457,2.24058628082,1.54327249527,1.33928883076,1.06194245815,0.741398692131,0.496460109949,0.309842854738,0.132806017995,0.0269275978208,0.00296105397865,0.000131592023536],"dvar":[0.0113782817498,4.17691421509,46.8341026306,30.9454994202,71.0191574097,106.42275238,35.5929489136,128.454803467,238.929443359,109.350486755,611.832763672,1234.47290039,912.530822754,485.191589355,555.306945801,1226.64050293,902.987426758,1915.77001953,1665.20227051,3065.83422852,1456.29052734,1965.21228027,753.768798828,1284.12561035,318.824493408,399.902313232,86.0360946655,33.6640319824,17.2198848724,11.8795051575,8.59059619904,10.2812547684,9.14494991302,3.93300676346,1.67645156384,0.878535449505,0.259207963943,0.00587177975103,0.000047486184485,7.25206774632e-8],"dvar2":[0.0291208028793,11.7814102173,132.242523193,82.6924591064,195.241531372,275.475463867,92.9040527344,329.365234375,582.922607422,266.827575684,1565.91491699,2753.01928711,2085.98730469,1138.78637695,1198.14233398,3205.5612793,2238.72827148,4699.90917969,3851.48779297,7163.67431641,3477.77172852,5129.89746094,1975.90344238,3439.15869141,820.274719238,999.848571777,210.557662964,76.6122512817,38.0673789978,24.8426971436,17.6668605804,19.3381996155,17.9155292511,6.78225660324,2.85476088524,1.55098319054,0.434293866158,0.0108491443098,0.0000912678224267,1.42902223388e-7],"max":[1.03130292892,19.9632072449,77.2904586792,77.155632019,125.979614258,148.114364624,99.9083938599,380.854064941,515.029541016,202.453781128,747.199707031,1139.1171875,861.341918945,597.937988281,646.641296387,1317.68688965,679.472717285,1154.46374512,895.792358398,1073.45825195,606.957092285,848.819396973,406.927764893,605.642944336,395.771972656,327.94241333,242.096008301,235.576263428,118.112358093,78.4275054932,149.408325195,163.352508545,159.299697876,97.001083374,61.8299026489,53.3481140137,29.3072376251,3.13531041145,0.272806733847,0.00749415764585],"mean":[0.061590783298,0.83573526144,3.41930508614,4.93447303772,5.4256644249,6.20550727844,5.41707420349,8.08098220825,6.3915309906,8.49107170105,12.0718154907,21.900850296,19.9844818115,15.3259916306,17.5012264252,18.0859107971,24.1667251587,36.6634368896,38.4397583008,53.8255691528,67.9247817993,84.0509185791,62.7545776367,66.5830230713,38.2975196838,38.6234893799,20.5910186768,8.516913414,4.79768943787,3.31116652489,2.29386878014,2.01053118706,1.60129451752,1.17609715462,0.805200278759,0.450417906046,0.185959428549,0.0376062244177,0.0040722345002,0.000181779963896],"median":[0.0301754903048,0.361119747162,1.69947230816,3.09217309952,3.11834311485,3.03791379929,3.01815414429,3.30449533463,2.79295492172,4.33050632477,6.01534557343,9.61274337769,9.06163406372,6.0079369545,6.49537706375,8.25092124939,10.4213161469,15.2504367828,19.6919746399,28.5810852051,50.4068603516,64.0626068115,54.874168396,58.4313812256,35.4934005737,33.4366149902,17.8287734985,6.84301233292,2.66097831726,1.07774913311,0.742168903351,0.760630846024,0.646974205971,0.507134795189,0.347445458174,0.180608123541,0.0703224390745,0.0158316716552,0.00193068908993,0.0000969563698163],"min":[1.2016896811e-8,2.67385786401e-7,0.00000229717738875,0.00000597604002905,0.00000665032121105,0.0000118142133942,0.00000993767025648,0.00000459584862256,0.00000167413918462,0.00000142537180636,3.85465426689e-7,6.81679409809e-7,3.59226277169e-7,4.26594681358e-7,6.94164953075e-7,8.97882955542e-7,9.57572751759e-7,0.0000010428728956,0.00000115704881409,6.9873698294e-7,0.00000120992376651,7.71333930061e-7,0.0000013987901184,0.00000158605860179,0.00000124268308355,0.00000124755331399,7.29514965769e-7,6.98512053532e-7,3.34896981258e-7,1.957687914e-7,3.65899751387e-7,2.97268627492e-7,1.96588899826e-7,3.44386620554e-7,3.07646587316e-7,1.29710073793e-7,9.15515343536e-8,2.84028445208e-8,6.83794354472e-9,1.1416019241e-9],"var":[0.0101573737338,2.71804952621,33.5036849976,34.3149871826,61.585067749,109.724853516,56.7478027344,231.157745361,332.913208008,187.169311523,702.067138672,2446.16162109,2099.79589844,1016.95184326,1606.31030273,1651.48474121,1869.60717773,4516.44677734,3847.86376953,7694.46044922,4360.66845703,6289.16992188,2568.56860352,3279.74389648,1032.94006348,1260.5970459,345.21105957,107.793533325,49.0656547546,33.7310371399,21.4724578857,24.7414875031,18.719045639,10.216301918,4.630215168,2.21356320381,0.635133981705,0.0122888153419,0.0000852952580317,1.29145249161e-7]},"erbbands_crest":{"dmean":2.21200919151,"dmean2":3.59653568268,"dvar":4.81943321228,"dvar2":11.6843233109,"max":30.6453266144,"mean":8.60194301605,"median":7.71974658966,"min":2.45159959793,"var":14.5524930954},"erbbands_flatness_db":{"dmean":0.0148712415248,"dmean2":0.0219381116331,"dvar":0.000228930948651,"dvar2":0.000443061522674,"max":0.310231029987,"mean":0.149852544069,"median":0.147163629532,"min":0.0401042811573,"var":0.00143443548586},"erbbands_kurtosis":{"dmean":1.1708881855,"dmean2":1.81433451176,"dvar":2.76173210144,"dvar2":5.94690656662,"max":61.5893325806,"mean":2.01328039169,"median":1.30917930603,"min":-1.79238831997,"var":12.1965503693},"erbbands_skewness":{"dmean":0.310673773289,"dmean2":0.471732348204,"dvar":0.095831438899,"dvar2":0.204714164138,"max":7.30500030518,"mean":-0.749484181404,"median":-0.869703054428,"min":-3.36265349388,"var":0.891182363033},"erbbands_spread":{"dmean":6.6699886322,"dmean2":10.3574056625,"dvar":56.8361473083,"dvar2":123.300994873,"max":202.197998047,"mean":30.5483474731,"median":25.8977031708,"min":4.74429178238,"var":319.596862793},"gfcc":{"cov":[[4747.70507812,-1505.41760254,-466.731719971,-450.563537598,-203.417861938,105.015563965,-94.5271530151,274.359649658,-142.614028931,240.028945923,-53.1538925171,61.0561256409,-51.3380813599],[-1505.41760254,1308.62731934,1.56156682968,179.314758301,89.2479171753,-36.6989402771,152.112457275,-165.880935669,95.2327804565,-137.232666016,64.1702575684,-48.5833816528,40.3327713013],[-466.731719971,1.56156682968,667.977233887,-67.9536819458,-69.5457382202,103.061065674,-84.9052963257,-26.1119213104,18.0052604675,-11.8243551254,-1.66683971882,42.2470474243,-50.6929512024],[-450.563537598,179.314758301,-67.9536819458,387.018157959,48.4412727356,-85.7920074463,20.45677948,-0.654793083668,68.857635498,-37.7292327881,-2.77776956558,-28.9005432129,17.5065364838],[-203.417861938,89.2479171753,-69.5457382202,48.4412727356,220.723022461,-50.8748512268,72.4004592896,1.81431281567,4.0857796669,1.22713792324,3.06646251678,-25.3858966827,15.0957670212],[105.015563965,-36.6989402771,103.061065674,-85.7920074463,-50.8748512268,205.400039673,-7.92976808548,7.56053161621,-5.03755235672,1.27715945244,10.5314779282,6.90704250336,-30.4148540497],[-94.5271530151,152.112457275,-84.9052963257,20.45677948,72.4004592896,-7.92976808548,139.4947052,10.8986234665,-3.01422572136,-8.82682132721,10.6313858032,-13.4643583298,10.9081125259],[274.359649658,-165.880935669,-26.1119213104,-0.654793083668,1.81431281567,7.56053161621,10.8986234665,121.089637756,11.8887815475,23.0709972382,-7.89282035828,0.962157428265,-1.70434653759],[-142.614028931,95.2327804565,18.0052604675,68.857635498,4.0857796669,-5.03755235672,-3.01422572136,11.8887815475,86.5042953491,-0.137045711279,0.311084866524,-9.29049491882,-6.6481218338],[240.028945923,-137.232666016,-11.8243551254,-37.7292327881,1.22713792324,1.27715945244,-8.82682132721,23.0709972382,-0.137045711279,89.3934555054,17.9083938599,7.1923289299,-0.171560689807],[-53.1538925171,64.1702575684,-1.66683971882,-2.77776956558,3.06646251678,10.5314779282,10.6313858032,-7.89282035828,0.311084866524,17.9083938599,54.1304779053,17.7449207306,2.66917800903],[61.0561256409,-48.5833816528,42.2470474243,-28.9005432129,-25.3858966827,6.90704250336,-13.4643583298,0.962157428265,-9.29049491882,7.1923289299,17.7449207306,59.4609146118,15.4015007019],[-51.3380813599,40.3327713013,-50.6929512024,17.5065364838,15.0957670212,-30.4148540497,10.9081125259,-1.70434653759,-6.6481218338,-0.171560689807,2.66917800903,15.4015007019,55.73960495]],"icov":[[0.000457863672636,0.000319274229696,0.000417973671574,0.000284265493974,0.000285262882244,-0.000119345117128,-0.0000772298662923,-0.000380433368264,0.000110492699605,-0.000511505815666,0.000336587894708,-0.000379843550036,0.000443076685769],[0.000319274229696,0.00231525674462,-0.0000787751414464,0.000277201761492,0.000404631718993,0.0000845014074002,-0.00206966814585,0.00212791445665,-0.00250274455175,0.00249722762965,-0.00316644134,0.00214974093251,-0.00186651479453],[0.000417973671574,-0.0000787751414464,0.00245328783058,0.000342718150932,0.0000421179429395,-0.000859444029629,0.00115016591735,-0.000290176016279,-0.0000839654094307,-0.000645994441584,0.00147330830805,-0.00271409633569,0.00251855049282],[0.000284265493974,0.000277201761492,0.000342718150932,0.00388435041532,-0.000040817707486,0.00115596910473,-0.0000581525637244,-0.000329685455654,-0.00280624395236,0.00149222265463,-0.000963307218626,0.00130803638604,-0.000849347328767],[0.000285262882244,0.000404631718993,0.0000421179429395,-0.000040817707486,0.00629072356969,0.00111350766383,-0.00310191558674,0.00009142793715,-0.000132354718517,-0.000650148082059,-0.000661511032376,0.00238327286206,-0.001109828474],[-0.000119345117128,0.0000845014074002,-0.000859444029629,0.00115596910473,0.00111350766383,0.00645826943219,-0.000889594259206,-0.000416874972871,-0.000436865142547,0.00109649798833,-0.00211771926843,0.000836221384816,0.00188965746202],[-0.0000772298662923,-0.00206966814585,0.00115016591735,-0.0000581525637244,-0.00310191558674,-0.000889594259206,0.0117468843237,-0.00346950301901,0.00292788259685,-0.000738715461921,0.000382094440283,-0.000784660980571,0.000985952094197],[-0.000380433368264,0.00212791445665,-0.000290176016279,-0.000329685455654,0.00009142793715,-0.000416874972871,-0.00346950301901,0.0125494990498,-0.00454079406336,0.000583876331802,-0.000818406930193,0.0012806073064,-0.00209447043017],[0.000110492699605,-0.00250274455175,-0.0000839654094307,-0.00280624395236,-0.000132354718517,-0.000436865142547,0.00292788259685,-0.00454079406336,0.0175884943455,-0.00439472636208,0.0034420657903,-0.00155504071154,0.00415251031518],[-0.000511505815666,0.00249722762965,-0.000645994441584,0.00149222265463,-0.000650148082059,0.00109649798833,-0.000738715461921,0.000583876331802,-0.00439472636208,0.0184861253947,-0.0106964735314,0.00435896916315,-0.00355694093741],[0.000336587894708,-0.00316644134,0.00147330830805,-0.000963307218626,-0.000661511032376,-0.00211771926843,0.000382094440283,-0.000818406930193,0.0034420657903,-0.0106964735314,0.0303360465914,-0.0130844330415,0.00570780038834],[-0.000379843550036,0.00214974093251,-0.00271409633569,0.00130803638604,0.00238327286206,0.000836221384816,-0.000784660980571,0.0012806073064,-0.00155504071154,0.00435896916315,-0.0130844330415,0.0285488218069,-0.012214878574],[0.000443076685769,-0.00186651479453,0.00251855049282,-0.000849347328767,-0.001109828474,0.00188965746202,0.000985952094197,-0.00209447043017,0.00415251031518,-0.00355694093741,0.00570780038834,-0.012214878574,0.026917334646]],"mean":[27.9453868866,65.0901794434,-120.266494751,40.0990257263,-28.9777774811,-0.507934570312,-33.4381370544,15.8111801147,-26.9025554657,1.65912675858,-22.6399364471,-3.56505894661,-13.3189659119]},"hfc":{"dmean":6.46107053757,"dmean2":9.15456676483,"dvar":74.1555938721,"dvar2":129.238204956,"max":295.565032959,"mean":30.2012252808,"median":28.3936653137,"min":0.00000582264328841,"var":394.480926514},"melbands":{"dmean":[0.000672368507367,0.00146564631723,0.00054829363944,0.000346143118804,0.000125437654788,0.000102742458694,0.0000604399319855,0.0000616808538325,0.0000764838114264,0.0000816135507193,0.0000555365731998,0.0000368380169675,0.0000360925259884,0.0000269280590146,0.000034396063711,0.0000265635990218,0.0000409724634665,0.000034739900002,0.0000312336014758,0.0000359176337952,0.0000387898326153,0.0000386147221434,0.0000318838974636,0.0000228580411203,0.0000244419261435,0.000012393774341,0.000010008053323,0.0000108476942842,0.00000583878500038,0.00000285779810838,0.0000018520646563,0.0000013071230569,9.74263571152e-7,8.76393698945e-7,6.64160381803e-7,6.53287088426e-7,6.21478534413e-7,6.08998334428e-7,4.87047259412e-7,4.84159897951e-7],"dmean2":[0.00116028776392,0.00261494191363,0.000933500065003,0.000584214052651,0.000209671852645,0.000167014019098,0.0000979595060926,0.0000998692121357,0.000124767029774,0.000129381020088,0.0000860671352712,0.0000594893936068,0.000055913496908,0.0000421369622927,0.0000551588054805,0.0000424990903412,0.0000660961522954,0.0000556248305656,0.0000501136091771,0.0000578909493925,0.0000616880715825,0.0000617518744548,0.0000518806191394,0.0000371806672774,0.0000402704608859,0.0000203131367016,0.0000162536016433,0.0000174845645233,0.00000934871513891,0.00000455072358818,0.00000294215874419,0.00000202813748729,0.00000146718093674,0.00000130706166601,9.63314732871e-7,9.33406340664e-7,8.86314353465e-7,8.39632718908e-7,6.88077022915e-7,6.92133539815e-7],"dvar":[0.00000224016525863,0.0000109856837298,8.09558002857e-7,6.16603358594e-7,4.24332959881e-8,6.62015011699e-8,4.34409663796e-8,1.58004347384e-8,4.18271390856e-8,4.54468676025e-8,2.23036078495e-8,8.12332956457e-9,7.45052686213e-9,6.60375087946e-9,1.09316102836e-8,3.6999856512e-9,8.91686191551e-9,5.53135448556e-9,4.51178294725e-9,6.23761620133e-9,2.79989387231e-9,3.07321279536e-9,1.68761837838e-9,9.14025910514e-10,1.11780007472e-9,2.12544537526e-10,1.94901289552e-10,2.19754478503e-10,6.82022424647e-11,1.51763931283e-11,1.42328527436e-11,6.58706032428e-12,4.86217186305e-12,3.72219659608e-12,2.92322763218e-12,4.16593582547e-12,5.15810224394e-12,5.48861346997e-12,3.64334647521e-12,2.97286912969e-12],"dvar2":[0.00000609430298937,0.0000309683928208,0.00000215373665924,0.00000162466153597,1.09237227264e-7,1.70927449972e-7,1.05920101134e-7,3.78100004639e-8,1.07337314148e-7,9.94658080344e-8,5.08837665336e-8,1.89341946566e-8,1.5757562366e-8,1.42024152439e-8,2.9798695067e-8,9.09012953798e-9,2.20691163122e-8,1.31243176327e-8,1.06979074488e-8,1.45666998463e-8,6.90695367567e-9,8.19849521605e-9,4.32686420027e-9,2.42308040299e-9,3.00767322159e-9,5.41989952918e-10,4.97774099717e-10,5.70405278566e-10,1.74051245638e-10,3.48951388618e-11,3.30877547583e-11,1.51118059039e-11,1.08089388134e-11,7.92555777951e-12,6.08383699321e-12,9.77167739086e-12,1.04888008001e-11,1.17534385002e-11,6.94330530571e-12,5.04584742045e-12],"max":[0.0144823361188,0.0340200997889,0.0120316883549,0.0112761743367,0.00385860330425,0.00925530772656,0.00677555380389,0.00267021497712,0.00511041330174,0.00717236893252,0.00420244829729,0.00222053402103,0.00227678520605,0.00398657238111,0.00344123668037,0.00158499204554,0.00258553400636,0.00159491610248,0.00133325369097,0.00188868353143,0.000810650642961,0.00098866247572,0.000535015016794,0.000435930152889,0.000548469601199,0.000302467669826,0.000269477081019,0.000255213177297,0.000202209994313,0.000100995341199,0.000158297407324,0.0000682579193381,0.0000422549892392,0.0000428027342423,0.0000815393868834,0.000106904852146,0.000117134273751,0.00011478709348,0.0000887624337338,0.0000907787980395],"mean":[0.000730011088308,0.00161971850321,0.000877761340234,0.000438456103439,0.000202861745493,0.000184189993888,0.000095172188594,0.0000922491090023,0.00011216349958,0.000139118419611,0.000096015377494,0.000058237612393,0.0000631474686088,0.0000435377260146,0.0000570570300624,0.000047374604037,0.0000731889231247,0.0000639349382254,0.0000608520094829,0.0000709033411113,0.0000842802110128,0.0000891289528226,0.0000730435276637,0.0000514940365974,0.0000558703213756,0.0000308666967612,0.0000241130128416,0.0000259625940089,0.000014730676412,0.00000724807750885,0.00000425302278018,0.0000028534732337,0.00000203170725399,0.00000173800822267,0.00000131953538585,0.00000122334324715,0.00000122305129935,0.00000115122952593,9.73526539383e-7,0.00000101049351997],"median":[0.000328084744979,0.000811252743006,0.000570758595131,0.000230064135394,0.000119826741866,0.0000777404711698,0.0000425768412242,0.0000457246205769,0.00005348828563,0.0000624949898338,0.0000417460323661,0.0000211797960219,0.0000217611159314,0.0000168348196894,0.0000252740828728,0.0000195803822862,0.0000286748272629,0.0000299487655866,0.0000295416211884,0.0000399540585931,0.0000586351088714,0.0000644553656457,0.0000527532829437,0.0000420751894126,0.0000466142919322,0.000026799936677,0.0000201335660677,0.0000213843286474,0.0000116666842587,0.00000581419044465,0.00000293913626592,0.00000162319520314,7.6357935086e-7,5.12307053668e-7,4.2180414539e-7,4.02167984248e-7,4.72465728762e-7,4.22239281761e-7,4.24484539963e-7,4.24169769531e-7],"min":[1.68830269209e-10,9.27918464289e-10,1.25892674063e-9,8.85410078588e-10,3.80819320522e-10,3.25708002236e-11,1.039297641e-11,1.18420082768e-11,3.50583429475e-12,3.81748712502e-12,1.62639281383e-12,1.55585982466e-12,1.93601623448e-12,1.75514095445e-12,1.18038120511e-12,2.31054303294e-12,1.64230011968e-12,1.29738093099e-12,1.66877254203e-12,6.59169713171e-13,1.56093334872e-12,5.39949649662e-13,1.15154533045e-12,1.25850762103e-12,1.26082672948e-12,1.23884041046e-12,3.35731144491e-13,1.07929442293e-12,6.57719809605e-13,2.15442545531e-13,4.75646811434e-13,1.73026401692e-13,1.32195117483e-13,9.64242723753e-14,1.8041026572e-13,2.41636246602e-13,1.77155192642e-13,1.38632622092e-13,1.46344172674e-13,3.42957650126e-13],"var":[0.00000167694167885,0.00000759053727961,9.35882098929e-7,5.51235586954e-7,6.9315881035e-8,1.14845065013e-7,6.19595823537e-8,2.63674468926e-8,5.07555348861e-8,9.1181320272e-8,5.18079765754e-8,1.67471760903e-8,2.14602380311e-8,1.69249485538e-8,1.37999851546e-8,7.74455610753e-9,2.03160404055e-8,1.19814398403e-8,1.09558682126e-8,1.33935484925e-8,7.52874118604e-9,7.8991755359e-9,5.40267341975e-9,2.34834973689e-9,2.63857025118e-9,6.96081303708e-10,5.34242872163e-10,6.1778393512e-10,2.16053841484e-10,5.60048812881e-11,3.83659562453e-11,1.73231741452e-11,1.20769089174e-11,9.99251029143e-12,7.20847773833e-12,7.62710901381e-12,1.08603698951e-11,9.96626392524e-12,7.42873297599e-12,7.98681173281e-12]},"melbands_crest":{"dmean":3.26757025719,"dmean2":5.44560241699,"dvar":10.3076286316,"dvar2":26.9668731689,"max":30.88530159,"mean":11.5120639801,"median":10.5193862915,"min":3.06898498535,"var":22.3722496033},"melbands_flatness_db":{"dmean":0.0251892097294,"dmean2":0.0404086485505,"dvar":0.000926860724576,"dvar2":0.00230971327983,"max":0.530804216862,"mean":0.155054271221,"median":0.128116443753,"min":0.0314451158047,"var":0.00593748735264},"melbands_kurtosis":{"dmean":5.41366291046,"dmean2":8.93466949463,"dvar":167.77935791,"dvar2":414.793884277,"max":259.651519775,"mean":7.78413963318,"median":0.678555130959,"min":-1.82198154926,"var":439.65032959},"melbands_skewness":{"dmean":0.715027928352,"dmean2":1.15599429607,"dvar":0.800010144711,"dvar2":2.00065112114,"max":12.4657802582,"mean":1.84689605236,"median":1.3196747303,"min":-0.826283097267,"var":3.03736424446},"melbands_spread":{"dmean":10.4349498749,"dmean2":16.9091701508,"dvar":147.375,"dvar2":365.68170166,"max":174.239959717,"mean":51.9571990967,"median":55.1181716919,"min":0.559150218964,"var":810.074768066},"mfcc":{"cov":[[4022.14404297,-1026.97485352,-507.086151123,-401.002838135,-185.688308716,-236.718475342,42.5947303772,-114.179107666,30.3630142212,53.9369239807,32.3574867249,-17.040807724,61.0860481262],[-1026.97485352,945.48034668,51.366104126,103.748924255,0.969217717648,121.954391479,31.4338607788,43.1797142029,-26.5057487488,-18.6403026581,-19.9208374023,14.7003355026,-29.8353347778],[-507.086151123,51.366104126,669.99609375,-136.259384155,57.0980072021,65.4075546265,-90.4856033325,52.5193443298,-66.0390548706,-4.27635860443,13.4384231567,-15.4793806076,25.9222316742],[-401.002838135,103.748924255,-136.259384155,432.347106934,32.7548561096,-15.466126442,-12.6258516312,10.3300046921,56.2282142639,-7.75869607925,-5.99366188049,21.2253379822,-5.61324214935],[-185.688308716,0.969217717648,57.0980072021,32.7548561096,127.658737183,17.5581493378,-12.2750701904,11.0705966949,7.59805297852,14.9556303024,4.46379137039,7.96013402939,-2.79910087585],[-236.718475342,121.954391479,65.4075546265,-15.466126442,17.5581493378,130.72718811,15.3412418365,14.2028903961,-21.1312274933,0.414601176977,9.94333934784,-0.121449910104,-11.9385709763],[42.5947303772,31.4338607788,-90.4856033325,-12.6258516312,-12.2750701904,15.3412418365,125.918502808,8.82084465027,14.3340120316,-1.53477156162,3.8575899601,16.2128391266,0.363429874182],[-114.179107666,43.1797142029,52.5193443298,10.3300046921,11.0705966949,14.2028903961,8.82084465027,95.4352111816,12.6922883987,4.22779178619,3.12857842445,1.5472638607,-2.13273572922],[30.3630142212,-26.5057487488,-66.0390548706,56.2282142639,7.59805297852,-21.1312274933,14.3340120316,12.6922883987,76.4116744995,21.2004680634,0.222569927573,5.62225008011,-3.45860505104],[53.9369239807,-18.6403026581,-4.27635860443,-7.75869607925,14.9556303024,0.414601176977,-1.53477156162,4.22779178619,21.2004680634,67.6576538086,21.6078281403,8.56801986694,-3.61794400215],[32.3574867249,-19.9208374023,13.4384231567,-5.99366188049,4.46379137039,9.94333934784,3.8575899601,3.12857842445,0.222569927573,21.6078281403,58.6247291565,17.5226840973,0.118195541203],[-17.040807724,14.7003355026,-15.4793806076,21.2253379822,7.96013402939,-0.121449910104,16.2128391266,1.5472638607,5.62225008011,8.56801986694,17.5226840973,62.6225624084,12.0298309326],[61.0860481262,-29.8353347778,25.9222316742,-5.61324214935,-2.79910087585,-11.9385709763,0.363429874182,-2.13273572922,-3.45860505104,-3.61794400215,0.118195541203,12.0298309326,57.4401626587]],"icov":[[0.000493850267958,0.000401264929678,0.000396016141167,0.000444526667707,0.000407841114793,0.000292215670925,0.0000506483083882,0.0000514529856446,0.0000350527516275,-0.000284498586552,-0.000189003781998,0.0000879672370502,-0.000403694488341],[0.000401264929678,0.00167351134587,0.000205833348446,-0.0000900562299648,0.000645535765216,-0.000894367229193,-0.000248901691521,-0.000372929644072,0.000592022319324,-0.000303193810396,0.000678794865962,-0.000469232792966,0.000287545495667],[0.000396016141167,0.000205833348446,0.00264350301586,0.00106939941179,-0.000621531449724,-0.000566105241887,0.00177431490738,-0.00136596639641,0.00110127881635,0.0000307734189846,-0.000678169773892,0.00040196426562,-0.00162715662736],[0.000444526667707,-0.0000900562299648,0.00106939941179,0.0035178125836,-0.000589356117416,0.000347591732861,0.00129091728013,-0.000242247842834,-0.00220834929496,0.00116557395086,-0.000435628026025,-0.000776401895564,-0.000528048665728],[0.000407841114793,0.000645535765216,-0.000621531449724,-0.000589356117416,0.0093987127766,-0.00101572531275,0.000426153128501,-0.000194104679395,-0.000599260965828,-0.00215317262337,0.000675890885759,-0.00122273701709,0.000444448785856],[0.000292215670925,-0.000894367229193,-0.000566105241887,0.000347591732861,-0.00101572531275,0.0104256151244,-0.00190987170208,-0.00044130475726,0.00240035168827,-0.000486904435093,-0.00190332531929,0.000765696226154,0.00158465025015],[0.0000506483083882,-0.000248901691521,0.00177431490738,0.00129091728013,0.000426153128501,-0.00190987170208,0.010335248895,-0.00141768576577,-0.00206952681765,0.0014564107405,-0.000534937949851,-0.00231653358787,-0.000898563826922],[0.0000514529856446,-0.000372929644072,-0.00136596639641,-0.000242247842834,-0.000194104679395,-0.00044130475726,-0.00141768576577,0.0121243773028,-0.00301637360826,0.0000727500810171,-0.000413481611758,0.000221696929657,0.000479693524539],[0.0000350527516275,0.000592022319324,0.00110127881635,-0.00220834929496,-0.000599260965828,0.00240035168827,-0.00206952681765,-0.00301637360826,0.01926532574,-0.00640770699829,0.00190616212785,0.0000681039164192,0.000666442560032],[-0.000284498586552,-0.000303193810396,0.0000307734189846,0.00116557395086,-0.00215317262337,-0.000486904435093,0.0014564107405,0.0000727500810171,-0.00640770699829,0.0199007093906,-0.0067051583901,-0.000986382714473,0.00112047675066],[-0.000189003781998,0.000678794865962,-0.000678169773892,-0.000435628026025,0.000675890885759,-0.00190332531929,-0.000534937949851,-0.000413481611758,0.00190616212785,-0.0067051583901,0.022040721029,-0.00584505032748,0.00131366355345],[0.0000879672370502,-0.000469232792966,0.00040196426562,-0.000776401895564,-0.00122273701709,0.000765696226154,-0.00231653358787,0.000221696929657,0.0000681039164192,-0.000986382714473,-0.00584505032748,0.0198801849037,-0.0046816598624],[-0.000403694488341,0.000287545495667,-0.00162715662736,-0.000528048665728,0.000444448785856,0.00158465025015,-0.000898563826922,0.000479693524539,0.000666442560032,0.00112047675066,0.00131366355345,-0.0046816598624,0.0201338194311]],"mean":[-618.289855957,104.19871521,-24.8102111816,43.3480987549,16.9819259644,-1.60089957714,6.48640537262,3.60678577423,6.18569517136,3.11277461052,-1.5532040596,0.558303236961,-5.46315193176]},"pitch_salience":{"dmean":0.0707594230771,"dmean2":0.119038060308,"dvar":0.00518995337188,"dvar2":0.0142156006768,"max":0.815977096558,"mean":0.584415495396,"median":0.600601434708,"min":0.188119545579,"var":0.0106056490913},"silence_rate_20dB":{"dmean":0,"dmean2":0,"dvar":0,"dvar2":0,"max":1,"mean":1,"median":1,"min":1,"var":0},"silence_rate_30dB":{"dmean":0,"dmean2":0,"dvar":0,"dvar2":0,"max":1,"mean":1,"median":1,"min":1,"var":0},"silence_rate_60dB":{"dmean":0.0011492051417,"dmean2":0.00229885056615,"dvar":0.00114792515524,"dvar2":0.00305999349803,"max":1,"mean":0.00517043285072,"median":0,"min":0,"var":0.00514366803691},"spectral_centroid":{"dmean":204.157852173,"dmean2":324.455810547,"dvar":43210.0585938,"dvar2":105674.140625,"max":3732.29711914,"mean":2177.47119141,"median":2461.37939453,"min":148.922821045,"var":568180.3125},"spectral_complexity":{"dmean":4.00076627731,"dmean2":6.18697309494,"dvar":15.5499258041,"dvar2":33.9691352844,"max":58,"mean":30.9751052856,"median":34,"min":0,"var":171.343933105},"spectral_contrast_coeffs":{"dmean":[0.0524501949549,0.0450908690691,0.0379337258637,0.0306402016431,0.0212217923254,0.0170097872615],"dmean2":[0.0871452912688,0.0749427378178,0.062573954463,0.0505183674395,0.0345173701644,0.0265127420425],"dvar":[0.00194782414474,0.00128103524912,0.000965758110397,0.000623973028269,0.000289709627395,0.000253883539699],"dvar2":[0.00519987475127,0.00343743874691,0.00247020111419,0.00162393576466,0.000728434650227,0.0005485531874],"max":[-0.395270466805,-0.459739506245,-0.474518030882,-0.54263728857,-0.613683462143,-0.535192728043],"mean":[-0.664246618748,-0.774304330349,-0.784215450287,-0.780639946461,-0.767117857933,-0.750444591045],"median":[-0.669764757156,-0.782808244228,-0.794090509415,-0.784225225449,-0.767659068108,-0.753249943256],"min":[-0.889684319496,-0.928915202618,-0.94266140461,-0.95011049509,-0.936520636082,-0.910394012928],"var":[0.00372904771939,0.00382178532891,0.00387642974965,0.00226880633272,0.00149159424473,0.00180432444904]},"spectral_contrast_valleys":{"dmean":[0.397158294916,0.368248969316,0.334705591202,0.265782922506,0.208169132471,0.236330255866],"dmean2":[0.65121036768,0.60300141573,0.533587098122,0.407723039389,0.306801617146,0.305440038443],"dvar":[0.107506945729,0.107520468533,0.114082150161,0.0768137797713,0.0649113953114,0.10717831552],"dvar2":[0.276373535395,0.258840918541,0.261439353228,0.156830921769,0.120359927416,0.183311596513],"max":[-5.47557353973,-5.02629137039,-5.23156833649,-5.37943267822,-5.44799900055,-7.13450956345],"mean":[-7.06198310852,-6.80300521851,-7.32212495804,-7.23394775391,-6.75948953629,-9.99248409271],"median":[-7.06555747986,-6.74895715714,-7.21559095383,-7.09378623962,-6.44320726395,-9.83216285706],"min":[-13.8138580322,-14.2505521774,-15.063293457,-15.0659894943,-14.9450426102,-16.9297924042],"var":[0.342058300972,0.474440217018,0.626303553581,0.699974894524,0.830094516277,1.02792286873]},"spectral_decrease":{"dmean":2.09783457272e-9,"dmean2":3.47073503271e-9,"dvar":1.23871165269e-17,"dvar2":3.24192860837e-17,"max":-3.48209633023e-15,"mean":-5.25372589877e-9,"median":-4.27893720456e-9,"min":-3.75355782012e-8,"var":1.32129356002e-17},"spectral_energy":{"dmean":0.00832467805594,"dmean2":0.0136267403141,"dvar":0.000182394112926,"dvar2":0.000473698513815,"max":0.145065978169,"mean":0.022568134591,"median":0.0188773404807,"min":1.36703821596e-8,"var":0.000208163590287},"spectral_energyband_high":{"dmean":0.000382514466764,"dmean2":0.000539856671821,"dvar":4.67547693006e-7,"dvar2":7.61775936553e-7,"max":0.0248399917036,"mean":0.00125753728207,"median":0.00101613788866,"min":2.08003045343e-10,"var":0.00000201053899218},"spectral_energyband_low":{"dmean":0.00587709480897,"dmean2":0.0102154901251,"dvar":0.000157103713718,"dvar2":0.000431846827269,"max":0.126683548093,"mean":0.00746422819793,"median":0.00408249814063,"min":4.53335324835e-9,"var":0.000120652439364},"spectral_energyband_middle_high":{"dmean":0.00201661279425,"dmean2":0.00305647752248,"dvar":0.00000642118584437,"dvar2":0.0000131959741339,"max":0.0440729632974,"mean":0.00856208615005,"median":0.0078811282292,"min":2.91120322293e-10,"var":0.0000350174377672},"spectral_energyband_middle_low":{"dmean":0.00275810109451,"dmean2":0.00450852001086,"dvar":0.0000218397035496,"dvar2":0.0000564207693969,"max":0.0786466151476,"mean":0.0061947433278,"median":0.00444461265579,"min":8.39018188259e-9,"var":0.0000335353033734},"spectral_entropy":{"dmean":0.116368159652,"dmean2":0.169665679336,"dvar":0.0239069890231,"dvar2":0.0477807112038,"max":8.86786842346,"mean":7.67970991135,"median":7.75841665268,"min":5.35516929626,"var":0.147900611162},"spectral_flux":{"dmean":0.0224471185356,"dmean2":0.0353060029447,"dvar":0.000914002128411,"dvar2":0.00167948426679,"max":0.31866300106,"mean":0.0857391953468,"median":0.0750709921122,"min":0.0000603481203143,"var":0.00168767734431},"spectral_kurtosis":{"dmean":1.38012635708,"dmean2":2.27964663506,"dvar":2.99429130554,"dvar2":8.07174777985,"max":44.3630065918,"mean":6.22276973724,"median":6.14528942108,"min":-1.04483735561,"var":7.44529438019},"spectral_rms":{"dmean":0.000772865256295,"dmean2":0.00122698419727,"dvar":0.000001029092914,"dvar2":0.00000254431074609,"max":0.0118965450674,"mean":0.00451039755717,"median":0.00429149344563,"min":0.00000365198002328,"var":0.00000167398832218},"spectral_rolloff":{"dmean":451.657531738,"dmean2":763.636474609,"dvar":555033.625,"dvar2":1272938.125,"max":14125.78125,"mean":2571.13867188,"median":2971.58203125,"min":107.666015625,"var":1902208},"spectral_skewness":{"dmean":0.187299445271,"dmean2":0.296386986971,"dvar":0.0429964698851,"dvar2":0.102312669158,"max":5.13609790802,"mean":1.57639443874,"median":1.58102464676,"min":-0.0586965829134,"var":0.184089079499},"spectral_spread":{"dmean":401131.5625,"dmean2":554515.8125,"dvar":297982820352,"dvar2":435595247616,"max":20726968,"mean":3876037.75,"median":3547357.5,"min":1728248,"var":2028450217980},"spectral_strongpeak":{"dmean":1.00358998775,"dmean2":1.77242600918,"dvar":2.40056681633,"dvar2":5.90135383606,"max":11.7263154984,"mean":1.33361530304,"median":0.357613176107,"min":0.0000963901038631,"var":3.55963158607},"zerocrossingrate":{"dmean":0.00968482159078,"dmean2":0.0118467137218,"dvar":0.000118888332509,"dvar2":0.00014317248133,"max":0.4169921875,"mean":0.0908708050847,"median":0.0966796875,"min":0.0048828125,"var":0.00145063409582}},"metadata":{"audio_properties":{"analysis_sample_rate":44100,"bit_rate":0,"codec":"flac","downmix":"mix","equal_loudness":0,"length":121.226669312,"lossless":true,"md5_encoded":"1a0c3cb42cf257a7de26c9fe45e8f3aa","replay_gain":-8.37171554565,"sample_rate":44100},"tags":{"album":["Bossanova"],"album artist":["Pixies"],"albumartist":["Pixies"],"albumartistsort":["Pixies"],"artist":["Pixies"],"artistsort":["Pixies"],"asin":["B00008YJHC"],"barcode":["652637010022"],"catalognumber":["GAD 0010 CD"],"copyright":["4AD Ltd."],"date":["2003-05-20"],"disc":["1"],"discnumber":["1"],"disctotal":["1"],"ensemble":["Pixies"],"file_name":"01-12 Hang Wire.flac","genre":["Alternative"],"label":["4AD"],"media":["CD"],"musicbrainz_albumartistid":["b6b2bb8d-54a9-491f-9607-7b546023b433"],"musicbrainz_albumid":["ac3d27d6-1377-330c-9536-d0c4c79e3da8"],"musicbrainz_artistid":["b6b2bb8d-54a9-491f-9607-7b546023b433"],"musicbrainz_recordingid":["53ef9709-e56e-4c09-b8bf-1a2acd3aa64a"],"musicbrainz_releasegroupid":["e062f23a-ed81-3baf-8f24-8979fef060cc"],"organization":["4AD Records"],"originaldate":["1990-08-13"],"producer":["Gil Norton"],"releasecountry":["US"],"releasestatus":["official"],"releasetype":["album"],"script":["Latn"],"title":["Hang Wire"],"totaldiscs":["1"],"totaltracks":["14"],"tracknumber":["12"],"tracktotal":["14"]},"version":{"essentia":"2.1-beta1","essentia_build_sha":"ca57ba49d9b1854bd80e60cf9ccf267278fb7d6b","essentia_git_sha":"v2.1_beta1-28-g21ef5f4-dirty","extractor":"music 1.0"}},"rhythm":{"beats_count":249,"beats_loudness":{"dmean":0.0104308519512,"dmean2":0.01798180677,"dvar":0.0000761745905038,"dvar2":0.000201614486286,"max":0.0931264013052,"mean":0.0323542356491,"median":0.0302711669356,"min":0.0000471366729471,"var":0.000131298293127},"beats_loudness_band_ratio":{"dmean":[0.237546637654,0.144994109869,0.0688766762614,0.077541872859,0.0882039666176,0.0669742673635],"dmean2":[0.4559683