{"lowlevel":{"average_loudness":0.942650854588,"barkbands":{"dmean":[0.00228411867283,0.00628053024411,0.00273694237694,0.0012429630151,0.00278267497197,0.00170938321389,0.000778376299422,0.000643278006464,0.000890275987331,0.000756562396418,0.000586013076827,0.00132729962934,0.000828893389553,0.000401358498493,0.000266879884293,0.000221813446842,0.000221785812755,0.000198532579816,0.000147663624375,0.000108613123302,0.000140578122227,0.0000906085697352,0.0000641122896923,0.0000428470593761,0.00000262181515609,0.0000513397026225,0.000337561534252],"dmean2":[0.00380800990388,0.010202893056,0.00466660177335,0.00216528284363,0.00455329846591,0.0027832351625,0.00130282668397,0.00106783362571,0.00145988247823,0.00125769956503,0.000971445813775,0.00217444705777,0.00135923770722,0.000657772412524,0.000431867636507,0.000353839859599,0.000345458538504,0.000305789348204,0.000216412590817,0.000159750445164,0.000202329785679,0.000129571577418,0.0000910421367735,0.0000599651066295,0.00000424566769652,0.0000687887368258,0.000488721998408],"dvar":[0.0000233289083553,0.000109145483293,0.000030185248761,0.00000584582221563,0.0000314391509164,0.0000246021390922,0.00000283837312054,0.00000354220674126,0.00000310317864205,0.00000146271133872,7.97111908923e-7,0.00000300107285511,0.00000183674001164,3.58101971187e-7,1.34372186267e-7,9.35976771643e-8,1.04632768227e-7,7.77293678311e-8,6.83422456405e-8,3.10513037505e-8,1.13657840473e-7,2.69016755539e-8,7.23946369519e-9,3.28525096016e-9,1.6826786492e-11,4.01876842915e-9,1.19745735105e-7],"dvar2":[0.0000581273052376,0.000267040421022,0.000078472738096,0.0000162034157256,0.0000778596149758,0.0000625534448773,0.0000074938598118,0.00000909382742975,0.0000075657603702,0.0000037608429011,0.00000212602185456,0.00000789826026448,0.0000046882710194,8.9728803232e-7,3.26845906784e-7,2.30495416531e-7,2.47052781788e-7,1.72857127723e-7,1.45856517975e-7,6.42795114913e-8,2.49502107863e-7,6.3116054605e-8,1.47687009289e-8,6.88525947368e-9,3.98321688133e-11,7.90377185922e-9,2.65878384198e-7],"max":[0.073577105999,0.133106335998,0.0646975040436,0.0431950762868,0.155317425728,0.13398244977,0.0428763777018,0.0567053109407,0.028122227639,0.0213033203036,0.0153394276276,0.0346957370639,0.0251289792359,0.0148176476359,0.00929515529424,0.00676109688357,0.0061176288873,0.00525401113555,0.00630452530459,0.00428515905514,0.0119935339317,0.00610377220437,0.00166026712395,0.000697178882547,0.0000885797780938,0.000904350192286,0.00747967651114],"mean":[0.00247058598325,0.00685376487672,0.00279012764804,0.00129680219106,0.00360689265653,0.0021245975513,0.00102678255644,0.000835961080156,0.00132563291118,0.00119369802997,0.000948103552219,0.00229484168813,0.00144719006494,0.000715768022928,0.00048508765758,0.000420295778895,0.000427930732258,0.00038682873128,0.000283270375803,0.000220512636588,0.000282517954474,0.00018940703012,0.000124280326418,0.0000692624671501,0.00000300139299725,0.0000992435088847,0.00126831559464],"median":[0.00125873996876,0.00286625046283,0.00115886772983,0.000535752624273,0.00180252850987,0.000863241264597,0.00044765038183,0.000286007765681,0.000506207463332,0.000665237545036,0.000596037600189,0.00170153472573,0.000939867866691,0.000535610481165,0.000353534152964,0.000289018789772,0.00028408120852,0.000257637089817,0.000146810649312,0.000125313890749,0.000167132704519,0.000130024680402,0.0000870085132192,0.0000413167435909,0.00000157994452366,0.0000697121286066,0.00112314336002],"min":[4.14162427648e-24,1.56026684296e-23,1.11623534099e-23,2.67588245483e-24,1.64314993392e-23,1.8418608405e-23,9.9142871054e-23,4.23780874559e-23,9.17147358894e-23,1.05575962316e-22,3.94437331478e-23,3.18778849572e-23,4.18517373718e-23,5.43286359724e-23,1.76107529914e-22,2.29019826084e-22,1.37182381303e-22,1.94875477482e-22,3.22491437251e-22,4.36313741263e-22,5.33670738513e-22,5.16570657468e-22,5.93836970427e-22,9.99294057662e-22,1.24547056083e-21,1.53131972458e-21,2.36939848209e-21],"var":[0.0000220168349188,0.000112684501801,0.0000274380217888,0.000005427895303,0.000034278309613,0.0000238701923081,0.00000359887530976,0.00000451122105005,0.00000544547356185,0.00000266549636763,0.00000130406169774,0.00000538549602425,0.00000337961455443,5.79775360166e-7,2.29779914207e-7,1.78268010131e-7,2.15627508737e-7,1.69317374343e-7,1.5228388861e-7,7.46391819462e-8,1.97820227754e-7,5.1460876449e-8,1.48914862663e-8,5.75750069842e-9,1.99207837726e-11,8.4636671005e-9,7.29469718408e-7]},"barkbands_crest":{"dmean":2.60031461716,"dmean2":4.30990457535,"dvar":5.33160066605,"dvar2":13.9514951706,"max":24.3239574432,"mean":7.54869413376,"median":6.86967277527,"min":2.51381802559,"var":9.6881685257},"barkbands_flatness_db":{"dmean":0.0183309670538,"dmean2":0.029062313959,"dvar":0.000260792439803,"dvar2":0.000659686804283,"max":0.242796376348,"mean":0.0827068984509,"median":0.0789036378264,"min":0.0231992807239,"var":0.000660050893202},"barkbands_kurtosis":{"dmean":1.65793693066,"dmean2":2.65450596809,"dvar":8.26677799225,"dvar2":20.6764221191,"max":94.2152099609,"mean":1.85241639614,"median":1.1062772274,"min":-1.79371356964,"var":11.1154079437},"barkbands_skewness":{"dmean":0.461888581514,"dmean2":0.716690480709,"dvar":0.22437992692,"dvar2":0.522092521191,"max":9.22339820862,"mean":1.24467682838,"median":1.16290581226,"min":-1.79319179058,"var":0.565915107727},"barkbands_spread":{"dmean":9.14507007599,"dmean2":14.2061662674,"dvar":70.0358047485,"dvar2":166.753601074,"max":114.759117126,"mean":43.1963233948,"median":41.3838729858,"min":4.34101009369,"var":261.433532715},"dissonance":{"dmean":0.0115012191236,"dmean2":0.0196529738605,"dvar":0.000153668748681,"dvar2":0.000396487768739,"max":0.500000119209,"mean":0.483431428671,"median":0.486708939075,"min":0.070505015552,"var":0.000198531633941},"dynamic_complexity":2.51178908348,"erbbands":{"dmean":[0.208554595709,1.36311793327,3.41723132133,3.27540636063,6.31374502182,10.4884405136,15.2647314072,11.8319168091,11.2220449448,11.7301826477,15.262055397,21.1378536224,19.2619152069,24.6628227234,24.477853775,58.1407623291,37.0927085876,20.7274894714,17.007686615,11.2785329819,11.7495584488,11.8102006912,11.2995300293,8.25084018707,6.7027425766,4.85792160034,6.24825143814,4.81330299377,3.38306427002,2.64723706245,1.70344913006,1.31673753262,0.441313892603,0.0483925305307,0.0176608692855,0.0682386904955,0.129254207015,0.0685479938984,0.0249467547983,0.00901354663074],"dmean2":[0.338318794966,2.26457238197,5.77070569992,5.58212757111,10.5272502899,17.4313869476,24.9144992828,19.4191799164,18.6053886414,19.7771034241,25.2584056854,34.5703773499,31.955165863,41.0551834106,40.3201522827,95.2984237671,60.1655273438,33.3257217407,27.6191711426,18.1020278931,18.2202358246,18.0699691772,17.3041973114,12.3481006622,9.88590717316,7.06794166565,9.16517925262,7.02027797699,4.867623806,3.8200032711,2.44616961479,1.86392056942,0.613562047482,0.0725776180625,0.0282368604094,0.093789562583,0.176305651665,0.0933622270823,0.0342622846365,0.0130395665765],"dvar":[0.190161570907,5.62710142136,47.2295379639,44.5337982178,134.328201294,549.026489258,2227.86352539,820.715454102,518.552124023,1047.63818359,1764.21887207,1835.52319336,1250.31420898,1265.16699219,1123.26367188,5998.92773438,3902.81762695,1127.7409668,483.291107178,267.266601562,269.484558105,287.125915527,248.047012329,189.875366211,145.496078491,61.5019226074,196.725906372,135.575378418,42.0893211365,15.674697876,4.84468412399,3.10868954659,0.353758782148,0.00410331087187,0.00079138687579,0.00751949381083,0.0270262565464,0.00700858514756,0.000961312151048,0.0000832885707496],"dvar2":[0.451801896095,14.009311676,120.162284851,120.609947205,355.519927979,1362.06567383,5604.60009766,2119.23950195,1322.6385498,2776.95556641,4361.31542969,4511.66894531,3237.23486328,3280.09155273,2908.30834961,15737.8662109,10037.1914062,2742.9909668,1215.16357422,664.140197754,639.811096191,653.371887207,535.692504883,419.044952393,313.311553955,125.693458557,440.476959229,304.370513916,101.87702179,32.2044944763,9.95816993713,6.65283870697,0.721965551376,0.00866647716612,0.00188232946675,0.0145181398839,0.054514400661,0.0139473872259,0.00195378321223,0.000176485162228],"max":[7.22877836227,27.6928405762,91.5788726807,132.647247314,161.8855896,631.219909668,1479.40356445,721.244506836,476.371276855,1268.04418945,953.100585938,685.892700195,991.442871094,547.594970703,512.638305664,1378.9342041,1257.83935547,767.448974609,707.439453125,300.499908447,361.576293945,251.585906982,250.112411499,345.289672852,264.904632568,170.02746582,517.967041016,396.209442139,256.611877441,110.917419434,34.608833313,20.4760608673,7.51188755035,1.17941427231,0.615599870682,0.978760659695,2.05280089378,1.7629994154,0.774607002735,0.165715932846],"mean":[0.215187653899,1.44747376442,3.58824133873,3.76329278946,7.71136331558,12.6607265472,17.6924743652,15.2092857361,15.0616817474,15.4785957336,21.8272590637,31.2740421295,30.1274299622,41.4571228027,46.4001197815,101.015808105,70.6547393799,40.817527771,32.9833183289,22.1288738251,23.6663970947,24.0873718262,22.6364917755,16.3166275024,12.7082071304,10.1723661423,12.2837629318,9.61173725128,6.99121332169,5.29293966293,3.26813721657,2.18057537079,0.690115869045,0.0718047171831,0.0223794467747,0.111711829901,0.239644601941,0.169578582048,0.0825444981456,0.0394963361323],"median":[0.0746226832271,0.613997340202,1.54862248898,1.67170143127,3.78514432907,5.46555519104,6.90192127228,6.63989591599,6.89964771271,5.95308113098,8.03681087494,12.0120029449,15.4730529785,25.4782218933,34.0764389038,73.3722839355,48.9965591431,30.3799762726,25.8454933167,16.3863391876,16.8817329407,16.4033966064,15.2211103439,9.33026790619,6.58930683136,5.81323051453,7.32174015045,5.69350910187,4.67429971695,3.74653577805,2.29746031761,1.35368192196,0.40258333087,0.0455305613577,0.013086900115,0.0687142089009,0.163474902511,0.137800604105,0.0640346109867,0.0377292521298],"min":[4.62838501314e-22,3.3868530518e-21,1.23382559052e-20,1.10276891988e-20,2.45438688755e-20,4.51635767693e-20,1.07211906706e-19,2.22962191415e-19,1.47117080812e-18,6.82010673544e-19,1.20654425303e-18,2.78443655962e-18,1.96065317784e-18,3.40747044456e-18,1.8349016656e-18,1.37064023955e-18,1.99913775584e-18,3.38795229082e-18,8.25618233812e-18,7.67523436877e-18,1.39493769811e-17,8.07391474451e-18,9.18260642621e-18,1.4766552017e-17,1.9049904987e-17,2.03280429628e-17,1.79884502814e-17,2.34647019195e-17,2.15209581745e-17,1.80642034819e-17,1.58399578281e-17,1.58118072175e-17,2.02133047401e-17,1.21775023423e-17,9.9321205695e-18,6.43209647262e-18,2.44571002788e-18,1.3194522353e-18,3.23013744859e-19,3.39458250533e-20],"var":[0.187841787934,5.65565729141,44.0512466431,42.5310668945,144.302154541,563.510498047,2044.76489258,863.826660156,667.891357422,1334.01293945,2418.33422852,3154.43896484,2002.35522461,2367.52832031,2120.91064453,10687.6796875,7189.63671875,1984.24267578,881.728393555,455.212768555,546.778076172,638.85144043,563.289733887,402.01449585,311.576324463,155.523468018,344.165618896,225.384262085,74.665435791,33.7523841858,9.70990943909,5.38189840317,0.629679918289,0.00664377724752,0.000932526425458,0.0145776905119,0.0532031394541,0.0181676018983,0.00442090956494,0.000617419253103]},"erbbands_crest":{"dmean":2.69181656837,"dmean2":4.42437314987,"dvar":6.11585044861,"dvar2":15.6172685623,"max":27.3433074951,"mean":8.13042259216,"median":7.28798961639,"min":2.21501660347,"var":13.7859487534},"erbbands_flatness_db":{"dmean":0.0184836741537,"dmean2":0.0269516315311,"dvar":0.000275760918157,"dvar2":0.000558265659492,"max":0.282337218523,"mean":0.118984654546,"median":0.115636341274,"min":0.0451155640185,"var":0.00104085414205},"erbbands_kurtosis":{"dmean":1.04889070988,"dmean2":1.66167092323,"dvar":1.56881916523,"dvar2":3.77211952209,"max":26.3471946716,"mean":1.21417856216,"median":0.711032748222,"min":-1.70338344574,"var":3.93903160095},"erbbands_skewness":{"dmean":0.31350684166,"dmean2":0.484502434731,"dvar":0.0805268958211,"dvar2":0.177847072482,"max":2.97056818008,"mean":0.169882819057,"median":0.158764898777,"min":-2.82063269615,"var":0.367854505777},"erbbands_spread":{"dmean":7.39766168594,"dmean2":11.0039958954,"dvar":47.4835128784,"dvar2":104.316398621,"max":119.670677185,"mean":30.2051563263,"median":27.9061222076,"min":3.01097011566,"var":186.168624878},"gfcc":{"cov":[[8160.71875,796.911132812,233.48236084,315.255828857,-254.080886841,-68.7996368408,62.0207214355,-108.560508728,-94.9619140625,-26.1763935089,-41.5339126587,4.37875986099,-203.470504761],[796.911132812,614.134277344,26.5311450958,-152.958786011,41.6577224731,-31.4460144043,18.1368427277,-58.7790260315,-9.42828083038,-43.5247383118,11.0879096985,-22.2133293152,17.9502639771],[233.48236084,26.5311450958,253.913894653,124.149978638,-62.0697593689,71.0762557983,-42.5143051147,42.5378723145,-18.4960975647,20.2386226654,-16.5999317169,-3.53933167458,-25.6055774689],[315.255828857,-152.958786011,124.149978638,345.522216797,58.8841247559,-34.7796974182,12.4861764908,2.73778986931,-10.0979957581,20.67603302,-28.711391449,2.72994041443,-45.8853530884],[-254.080886841,41.6577224731,-62.0697593689,58.8841247559,219.081359863,2.47191858292,23.5063800812,-57.212474823,-10.4211196899,-29.107383728,12.621336937,-25.0849628448,14.4765338898],[-68.7996368408,-31.4460144043,71.0762557983,-34.7796974182,2.47191858292,171.817230225,-11.0907945633,35.1403198242,-14.6583690643,7.49687433243,11.7200737,6.87638759613,-7.37836027145],[62.0207214355,18.1368427277,-42.5143051147,12.4861764908,23.5063800812,-11.0907945633,121.866516113,13.1775846481,35.5146789551,1.0067564249,-0.636214435101,-1.62851452827,-10.6391057968],[-108.560508728,-58.7790260315,42.5378723145,2.73778986931,-57.212474823,35.1403198242,13.1775846481,130.654632568,46.6362609863,24.7200202942,-11.9471149445,-5.71275568008,1.4757553339],[-94.9619140625,-9.42828083038,-18.4960975647,-10.0979957581,-10.4211196899,-14.6583690643,35.5146789551,46.6362609863,85.4941253662,30.9786701202,3.58259034157,4.38656425476,-4.01523065567],[-26.1763935089,-43.5247383118,20.2386226654,20.67603302,-29.107383728,7.49687433243,1.0067564249,24.7200202942,30.9786701202,65.9992599487,30.1761569977,15.2228422165,-1.3314961195],[-41.5339126587,11.0879096985,-16.5999317169,-28.711391449,12.621336937,11.7200737,-0.636214435101,-11.9471149445,3.58259034157,30.1761569977,57.2659072876,27.6039352417,8.49711418152],[4.37875986099,-22.2133293152,-3.53933167458,2.72994041443,-25.0849628448,6.87638759613,-1.62851452827,-5.71275568008,4.38656425476,15.2228422165,27.6039352417,56.9992103577,14.7757434845],[-203.470504761,17.9502639771,-25.6055774689,-45.8853530884,14.4765338898,-7.37836027145,-10.6391057968,1.4757553339,-4.01523065567,-1.3314961195,8.49711418152,14.7757434845,54.7362136841]],"icov":[[0.000237551212194,-0.000635111297015,0.000729086168576,-0.00109248538502,0.0011177653214,-0.000608723552432,0.0000732830376364,0.000249798496952,-0.0000776122833486,0.000458253984107,-0.000648548360914,0.000598405895289,0.0000909888040042],[-0.000635111297015,0.0047350935638,-0.00565477227792,0.00669315457344,-0.00568378856406,0.00445600505918,-0.00165105529595,-0.000205378702958,0.000797581509687,-0.00116723496467,0.00253076059744,-0.00320784491487,0.00134354899637],[0.000729086168576,-0.00565477227792,0.0161428656429,-0.0145551320165,0.0131988935173,-0.0112552046776,0.00439879205078,0.00149368087295,-0.00347217055969,0.00537467515096,-0.00843242928386,0.0113966148347,-0.0061699450016],[-0.00109248538502,0.00669315457344,-0.0145551320165,0.0223943926394,-0.0202871393412,0.0142585299909,-0.003756464459,-0.00581949763,0.0105597022921,-0.0163095109165,0.0211419332772,-0.021274773404,0.0152614340186],[0.0011177653214,-0.00568378856406,0.0131988935173,-0.0202871393412,0.025999372825,-0.014280512929,0.00170843384694,0.00930301845074,-0.0120214158669,0.0191365275532,-0.0244845487177,0.025740372017,-0.0170971546322],[-0.000608723552432,0.00445600505918,-0.0112552046776,0.0142585299909,-0.014280512929,0.017032077536,-0.00247320905328,-0.00712472619489,0.0094532314688,-0.00944056455046,0.0106715345755,-0.0151130026206,0.0116346394643],[0.0000732830376364,-0.00165105529595,0.00439879205078,-0.003756464459,0.00170843384694,-0.00247320905328,0.011431645602,-0.000606995075941,-0.00526471110061,0.00299853296019,-0.00224835332483,0.00161194487009,0.000776321510784],[0.000249798496952,-0.000205378702958,0.00149368087295,-0.00581949763,0.00930301845074,-0.00712472619489,-0.000606995075941,0.0168580636382,-0.0118245147169,0.00504053849727,-0.00539667205885,0.0117330234498,-0.0102514419705],[-0.0000776122833486,0.000797581509687,-0.00347217055969,0.0105597022921,-0.0120214158669,0.0094532314688,-0.00526471110061,-0.0118245147169,0.0295287501067,-0.0214352663606,0.017825031653,-0.0169493015856,0.0138799734414],[0.000458253984107,-0.00116723496467,0.00537467515096,-0.0163095109165,0.0191365275532,-0.00944056455046,0.00299853296019,0.00504053849727,-0.0214352663606,0.0484671257436,-0.0402473807335,0.0229382906109,-0.0152961527929],[-0.000648548360914,0.00253076059744,-0.00843242928386,0.0211419332772,-0.0244845487177,0.0106715345755,-0.00224835332483,-0.00539667205885,0.017825031653,-0.0402473807335,0.0628612935543,-0.0392431505024,0.0193239990622],[0.000598405895289,-0.00320784491487,0.0113966148347,-0.021274773404,0.025740372017,-0.0151130026206,0.00161194487009,0.0117330234498,-0.0169493015856,0.0229382906109,-0.0392431505024,0.053563285619,-0.0271273218095],[0.0000909888040042,0.00134354899637,-0.0061699450016,0.0152614340186,-0.0170971546322,0.0116346394643,0.000776321510784,-0.0102514419705,0.0138799734414,-0.0152961527929,0.0193239990622,-0.0271273218095,0.039561022073]],"mean":[42.7259750366,58.7467041016,-96.4782485962,-0.528933227062,-18.1529979706,-6.63849878311,2.22614336014,-25.9299259186,-2.38430833817,-12.2833490372,-4.06668901443,6.20678472519,-13.8900356293]},"hfc":{"dmean":37.1240921021,"dmean2":58.548992157,"dvar":1355.87133789,"dvar2":3381.78808594,"max":682.311767578,"mean":174.622558594,"median":178.547363281,"min":1.14305481575e-16,"var":8936.76269531},"melbands":{"dmean":[0.00179564044811,0.00178966938984,0.00060448248405,0.0006110794493,0.00050778494915,0.000277537241345,0.000165367586305,0.00012926189811,0.000138521034387,0.000127015300677,0.0000986551385722,0.000104442304291,0.0000821481371531,0.000129682739498,0.000143491386552,0.0000687821593601,0.0000385113489756,0.000031166106055,0.0000180811221071,0.0000160670988407,0.0000143497863974,0.0000132866452986,0.0000125549840959,0.00000949149398366,0.00000698168423696,0.00000578502704229,0.00000440649046141,0.00000328754595103,0.00000402344767281,0.00000376641946787,0.00000271472003988,0.00000208128449231,0.00000175795594259,0.00000145194212564,0.00000105669164441,9.2974596555e-7,7.87959095305e-7,3.7385089513e-7,1.13380885125e-7,2.11550261753e-8],"dmean2":[0.00288763944991,0.0029725630302,0.00101709959563,0.00100614770781,0.000823226757348,0.000453326443676,0.000274685793556,0.000216899090447,0.000229431476328,0.000208588899113,0.000163932199939,0.00017435841437,0.000136068891152,0.000212425002246,0.000235973711824,0.000113080590381,0.0000626722176094,0.0000513239610882,0.000029104812711,0.0000260609231191,0.0000225480634981,0.0000209688350878,0.0000194624117285,0.0000147425744217,0.0000107329051389,0.00000876693866303,0.00000674377270116,0.00000494684763908,0.00000606620733379,0.00000563053390579,0.00000407369225286,0.00000311004760079,0.00000258514569396,0.00000216020453081,0.0000015818779957,0.00000135508855692,0.00000114253703032,5.35154640602e-7,1.66492199583e-7,3.4784534364e-8],"dvar":[0.0000103507163658,0.0000115060265671,0.00000130340754367,0.00000141976715895,0.0000020317822873,4.84663246425e-7,1.12627688509e-7,1.34036199029e-7,1.30738456505e-7,6.44995523658e-8,3.29874936256e-8,2.34158559209e-8,1.45793643824e-8,2.85703336544e-8,4.05302031936e-8,1.32958133392e-8,3.88565046805e-9,1.6010202053e-9,6.69162059097e-10,5.28209753714e-10,4.38586389429e-10,3.80582287907e-10,3.14420434133e-10,1.83017920263e-10,1.42192979613e-10,1.15702898651e-10,5.79799090683e-11,3.07556410895e-11,7.56059034823e-11,8.87908635505e-11,3.74725805941e-11,1.91862740972e-11,7.81540283878e-12,4.64890756099e-12,1.92878308811e-12,1.55191972554e-12,1.16559539798e-12,2.65308445786e-13,2.47152304726e-14,1.32393451942e-15],"dvar2":[0.0000244463535637,0.0000283647477772,0.00000345892863152,0.0000035739226405,0.0000050902735893,0.00000124073392271,2.88220604716e-7,3.54715496087e-7,3.24259247009e-7,1.5923023966e-7,8.58296260731e-8,6.10143047197e-8,3.8557143256e-8,7.47280495261e-8,1.05016162877e-7,3.38707728531e-8,9.55446033402e-9,4.16069001474e-9,1.62922364488e-9,1.36088784686e-9,1.0707914555e-9,9.05994612665e-10,7.23813731174e-10,4.08902495197e-10,3.28023497254e-10,2.58916860174e-10,1.27624397162e-10,6.90923082636e-11,1.73387221247e-10,2.02617519984e-10,8.54708873121e-11,4.89991658359e-11,1.67840290277e-11,9.76447655371e-12,4.11043378154e-12,3.3754954127e-12,2.53409034208e-12,5.63734605871e-13,5.09485506626e-14,3.19588855603e-15],"max":[0.0508569963276,0.0439887791872,0.0206339042634,0.0199900306761,0.0393576174974,0.0177530646324,0.0071648741141,0.0145275471732,0.00902290455997,0.00405783718452,0.00481405900791,0.00208427058533,0.00216887006536,0.00264348252676,0.00426252000034,0.00226923474111,0.00140841631219,0.00123905588407,0.000594965589698,0.000504781550262,0.000520556350239,0.000328175374307,0.000340647180565,0.000223748444114,0.000281711632852,0.000278971216176,0.000143151875818,0.000145045560203,0.000331714109052,0.000299995270325,0.00020737471641,0.000179608556209,0.0000723149059922,0.0000547093186469,0.0000273631303571,0.0000156397200044,0.000012810739463,0.00000683845109961,0.00000194680342247,7.6822993833e-7],"mean":[0.00203739665449,0.00196681311354,0.000754055392463,0.000766694836784,0.000609695154708,0.000361324404366,0.000222833186854,0.000169148290297,0.000197103028768,0.00018722047389,0.000148575607454,0.000167810736457,0.000140476753586,0.000224754854571,0.000247874733759,0.00012018581765,0.0000695022536092,0.0000558347892365,0.0000329792819684,0.0000291046580969,0.0000269245010713,0.0000248604101216,0.0000233671926253,0.0000174857977981,0.0000127555140352,0.0000103185939224,0.0000077073191278,0.00000645295449431,0.0000076386386354,0.00000696844699632,0.00000508220091433,0.00000398737665819,0.00000343711099049,0.00000272083343589,0.00000194955123334,0.00000155571228788,0.00000123459699353,5.61538456623e-7,1.5752620186e-7,2.25167120504e-8],"median":[0.000847703544423,0.000874513410963,0.000368729553884,0.000365517887985,0.000254126440268,0.000156298599904,0.00010142957035,0.0000609007911407,0.0000701364260749,0.0000736541842343,0.00007382624608,0.0000993855355773,0.0000941567705013,0.000166717436514,0.000174085522303,0.0000788051474956,0.0000507766671944,0.0000423749224865,0.0000240154113271,0.000019681694539,0.0000186279739864,0.0000161768512044,0.0000153051478264,0.0000114547274279,0.00000695309336152,0.00000513675786351,0.00000399265354645,0.00000372290105588,0.00000450125207863,0.00000395077950088,0.00000304098284687,0.00000262618505076,0.00000237440644923,0.00000188710396287,0.00000136768926495,0.00000100877173281,7.40787413633e-7,3.17546152928e-7,8.5753143253e-8,1.01852482004e-8],"min":[4.35752801206e-24,6.10138037927e-24,2.20689813857e-24,2.66427377496e-24,3.41127200131e-24,5.39480121634e-24,2.18429652422e-23,6.43007386936e-24,1.00066808612e-23,1.73106816626e-23,9.19860093775e-24,1.42590442483e-23,6.33368413864e-24,4.20082000438e-24,1.91502354794e-24,5.99829203617e-24,5.56297137297e-24,1.2602784235e-23,9.25342440408e-24,1.46807093348e-23,1.54897650792e-23,8.83728923252e-24,6.97470422718e-24,9.42932776417e-24,1.22180031289e-23,1.31445904707e-23,1.31659323137e-23,1.42709592034e-23,9.64903499261e-24,1.29457801677e-23,1.30627074976e-23,1.41825294736e-23,8.09291456033e-24,1.08556868884e-23,9.8631294757e-24,7.34205624036e-24,1.0311984231e-23,1.45038277872e-23,1.17608763782e-23,9.90363196116e-24],"var":[0.0000108852073026,0.0000115845541586,0.00000135470634177,0.00000156892303949,0.00000191522303794,5.07683523665e-7,1.47554274577e-7,1.72130867782e-7,1.8014910097e-7,1.08716356806e-7,5.20936254134e-8,4.26851265445e-8,2.4832324641e-8,5.08524884424e-8,7.23359931953e-8,2.41043007776e-8,6.2367573328e-9,2.70759903387e-9,1.11696063509e-9,9.08701391911e-10,7.98654198331e-10,7.43493100419e-10,6.60764776228e-10,3.75690450971e-10,2.73494671355e-10,2.26745802689e-10,1.12441500555e-10,6.66846716735e-11,1.28678664946e-10,1.42413497661e-10,6.11987890919e-11,2.82936521434e-11,1.63096775668e-11,9.13425671906e-12,3.61745160736e-12,2.62266792485e-12,1.8998043156e-12,4.41496042199e-13,3.9774454753e-14,1.41382514979e-15]},"melbands_crest":{"dmean":4.43539381027,"dmean2":7.35178279877,"dvar":15.2812252045,"dvar2":36.7282943726,"max":36.599937439,"mean":12.5251560211,"median":11.3638286591,"min":2.2418179512,"var":29.8615112305},"melbands_flatness_db":{"dmean":0.0267424359918,"dmean2":0.0420386195183,"dvar":0.00051663100021,"dvar2":0.00127064716071,"max":0.378128439188,"mean":0.16837221384,"median":0.166553109884,"min":0.00949402432889,"var":0.00147312530316},"melbands_kurtosis":{"dmean":4.60122108459,"dmean2":7.31336593628,"dvar":86.9483718872,"dvar2":228.186904907,"max":253.960906982,"mean":5.62263631821,"median":2.53912997246,"min":-1.75803470612,"var":114.528198242},"melbands_skewness":{"dmean":0.760445892811,"dmean2":1.16586220264,"dvar":0.576134443283,"dvar2":1.36712110043,"max":14.0858011246,"mean":1.79944133759,"median":1.57047772408,"min":-1.45075857639,"var":1.68600606918},"melbands_spread":{"dmean":8.65101146698,"dmean2":13.5312995911,"dvar":91.9092330933,"dvar2":205.222518921,"max":174.101837158,"mean":30.9449710846,"median":28.885723114,"min":1.25271522999,"var":252.871246338},"mfcc":{"cov":[[6488.62402344,886.191894531,62.889793396,298.281311035,-243.310379028,165.36390686,-117.908882141,132.182510376,-178.893447876,80.2235870361,-99.2870254517,118.567558289,-114.253822327],[886.191894531,796.542541504,-87.2391357422,-127.683601379,-32.9545783997,18.4706363678,-2.81549549103,-0.577638506889,-18.959564209,-58.2313156128,-4.28377056122,-15.1493244171,1.86814272404],[62.889793396,-87.2391357422,344.538269043,-3.59167504311,5.78479480743,-20.9659843445,-9.75012969971,13.3608465195,3.16512155533,38.2862014771,-4.74980163574,27.7164745331,-14.894244194],[298.281311035,-127.683601379,-3.59167504311,371.79586792,19.9489212036,39.9472961426,-11.3423337936,2.16763687134,-4.72610235214,24.1572933197,-4.98032045364,-15.3119411469,-1.67143023014],[-243.310379028,-32.9545783997,5.78479480743,19.9489212036,180.433151245,40.4690666199,39.8298606873,-17.1939258575,-2.79496836662,-18.0784606934,-1.41045069695,-18.9447040558,-2.30589962006],[165.36390686,18.4706363678,-20.9659843445,39.9472961426,40.4690666199,131.374328613,34.7145195007,14.1943073273,-36.8266906738,-9.03959369659,-12.6886968613,13.7223472595,-6.05991506577],[-117.908882141,-2.81549549103,-9.75012969971,-11.3423337936,39.8298606873,34.7145195007,86.6015472412,9.2940568924,4.62591218948,-13.2658338547,3.34950947762,-8.45677947998,9.82448673248],[132.182510376,-0.577638506889,13.3608465195,2.16763687134,-17.1939258575,14.1943073273,9.2940568924,78.9549713135,21.3617076874,29.4600658417,-5.5467915535,13.6450462341,-11.0996580124],[-178.893447876,-18.959564209,3.16512155533,-4.72610235214,-2.79496836662,-36.8266906738,4.62591218948,21.3617076874,83.2833709717,29.0183181763,20.6961402893,-12.2687358856,8.74590015411],[80.2235870361,-58.2313156128,38.2862014771,24.1572933197,-18.0784606934,-9.03959369659,-13.2658338547,29.4600658417,29.0183181763,83.6826248169,17.7354602814,20.6528148651,-7.94210767746],[-99.2870254517,-4.28377056122,-4.74980163574,-4.98032045364,-1.41045069695,-12.6886968613,3.34950947762,-5.5467915535,20.6961402893,17.7354602814,56.8527641296,15.0258846283,15.5543889999],[118.567558289,-15.1493244171,27.7164745331,-15.3119411469,-18.9447040558,13.7223472595,-8.45677947998,13.6450462341,-12.2687358856,20.6528148651,15.0258846283,66.0973358154,11.6076364517],[-114.253822327,1.86814272404,-14.894244194,-1.67143023014,-2.30589962006,-6.05991506577,9.82448673248,-11.0996580124,8.74590015411,-7.94210767746,15.5543889999,11.6076364517,50.47108078]],"icov":[[0.000276329898043,-0.000377788353944,-0.0000542532907275,-0.000339324353263,0.000256902596448,-0.0000732029002393,0.0000653159731883,-0.000214181854972,0.000441018608399,-0.000341796199791,0.000335724907927,-0.000459452305222,0.000427403399954],[-0.000377788353944,0.00198432267644,0.000284726935206,0.000982237164862,-0.0000258731542999,-0.000417688366724,0.000375094270566,-0.000156032663654,-0.000495745160151,0.0014042283874,-0.000926214677747,0.0011946244631,-0.000653202878311],[-0.0000542532907275,0.000284726935206,0.00336096552201,0.000105472114228,-0.00055159808835,0.00102245563176,-0.000340916536516,0.000179412221769,0.0000356523269147,-0.00115828600246,0.00100463512354,-0.0017015542835,0.000958629709203],[-0.000339324353263,0.000982237164862,0.000105472114228,0.00366524723358,-0.000443279772298,-0.00147333182395,0.00117343070451,0.000115353548608,-0.000076042546425,-0.000861747830641,-0.000538199907169,0.00260362098925,-0.00160755182151],[0.000256902596448,-0.0000258731542999,-0.00055159808835,-0.000443279772298,0.0073590320535,-0.00238189916126,-0.00233355932869,0.00198307982646,-0.000787736207712,0.000574752455577,-0.000204261406907,0.00103274208959,0.00139803183265],[-0.0000732029002393,-0.000417688366724,0.00102245563176,-0.00147333182395,-0.00238189916126,0.0126487175003,-0.00476478599012,-0.00261938339099,0.00517099536955,-0.000319689919706,0.0013950697612,-0.00360052660108,0.00131576147396],[0.0000653159731883,0.000375094270566,-0.000340916536516,0.00117343070451,-0.00233355932869,-0.00476478599012,0.0165481455624,-0.00377560732886,-0.00103665934876,0.00246927095577,-0.00253145210445,0.00395301822573,-0.00421879068017],[-0.000214181854972,-0.000156032663654,0.000179412221769,0.000115353548608,0.00198307982646,-0.00261938339099,-0.00377560732886,0.0199721958488,-0.0076800910756,-0.00424321880564,0.00553567800671,-0.00537290610373,0.00467386003584],[0.000441018608399,-0.000495745160151,0.0000356523269147,-0.000076042546425,-0.000787736207712,0.00517099536955,-0.00103665934876,-0.0076800910756,0.0225283075124,-0.00681724026799,-0.00558341480792,0.00765675865114,-0.00489444890991],[-0.000341796199791,0.0014042283874,-0.00115828600246,-0.000861747830641,0.000574752455577,-0.000319689919706,0.00246927095577,-0.00424321880564,-0.00681724026799,0.0211477745324,-0.00539587019011,-0.00482069281861,0.00465871905908],[0.000335724907927,-0.000926214677747,0.00100463512354,-0.000538199907169,-0.000204261406907,0.0013950697612,-0.00253145210445,0.00553567800671,-0.00558341480792,-0.00539587019011,0.0257689505816,-0.00784317683429,-0.00307805812918],[-0.000459452305222,0.0011946244631,-0.0017015542835,0.00260362098925,0.00103274208959,-0.00360052660108,0.00395301822573,-0.00537290610373,0.00765675865114,-0.00482069281861,-0.00784317683429,0.0266026929021,-0.00962291751057],[0.000427403399954,-0.000653202878311,0.000958629709203,-0.00160755182151,0.00139803183265,0.00131576147396,-0.00421879068017,0.00467386003584,-0.00489444890991,0.00465871905908,-0.00307805812918,-0.00962291751057,0.0278486162424]],"mean":[-619.604797363,124.578109741,-18.9863071442,23.1236305237,-6.92089891434,29.2886295319,-2.23835110664,16.2625198364,-10.1188573837,2.83185839653,-5.89320087433,10.5164518356,-5.5802063942]},"pitch_salience":{"dmean":0.0750588551164,"dmean2":0.124745950103,"dvar":0.00471202516928,"dvar2":0.0121323345229,"max":0.897527098656,"mean":0.639087796211,"median":0.656382203102,"min":0.0956295654178,"var":0.00826834607869},"silence_rate_20dB":{"dmean":0,"dmean2":0,"dvar":0,"dvar2":0,"max":1,"mean":1,"median":1,"min":1,"var":0},"silence_rate_30dB":{"dmean":0.0301695372909,"dmean2":0.0603471286595,"dvar":0.0292613171041,"dvar2":0.0777999088168,"max":1,"mean":0.979978621006,"median":1,"min":0,"var":0.0196210946888},"silence_rate_60dB":{"dmean":0.00320384465158,"dmean2":0.00640854472294,"dvar":0.00319289276376,"dvar2":0.00716940779239,"max":1,"mean":0.0293646547943,"median":0,"min":0,"var":0.0285022780299},"spectral_centroid":{"dmean":249.596115112,"dmean2":363.820831299,"dvar":73074.203125,"dvar2":135472.75,"max":10385.765625,"mean":1520.83850098,"median":1417.86621094,"min":330.272216797,"var":308713.4375},"spectral_complexity":{"dmean":4.71953010559,"dmean2":6.52630186081,"dvar":21.1982135773,"dvar2":32.962890625,"max":61,"mean":27.2569408417,"median":26,"min":0,"var":126.438499451},"spectral_contrast_coeffs":{"dmean":[0.0572409145534,0.0508728474379,0.0374978482723,0.0293356403708,0.0188806112856,0.0287582930177],"dmean2":[0.0943027064204,0.0863054469228,0.0633526742458,0.0491039380431,0.0313583798707,0.0435827709734],"dvar":[0.00208588177338,0.00157143909018,0.000847854767926,0.000538475927897,0.000237914529862,0.000671955756843],"dvar2":[0.00555328046903,0.00437593460083,0.00237259990536,0.00145031837747,0.000627888424788,0.00149835762568],"max":[-0.374928444624,-0.509688019753,-0.632560551167,-0.578101396561,-0.66242980957,-0.360884070396],"mean":[-0.684752166271,-0.77991014719,-0.803729772568,-0.797946691513,-0.815783560276,-0.687877357006],"median":[-0.688086748123,-0.785494327545,-0.805031359196,-0.800468802452,-0.817227482796,-0.691175043583],"min":[-0.968747496605,-0.979579091072,-0.970367610455,-0.968711733818,-0.96011775732,-0.963360130787],"var":[0.00538296671584,0.00355015927926,0.00182097568177,0.00151225121226,0.000654158298858,0.00289159989916]},"spectral_contrast_valleys":{"dmean":[0.454488188028,0.400933355093,0.318665504456,0.262243837118,0.251285940409,0.411660194397],"dmean2":[0.725943624973,0.643091320992,0.50378960371,0.396926671267,0.345210641623,0.589527308941],"dvar":[0.152536273003,0.132557809353,0.100714191794,0.0844518244267,0.0940172150731,0.159356623888],"dvar2":[0.335375756025,0.275779217482,0.18728582561,0.135333672166,0.139232948422,0.295221090317],"max":[-4.98316717148,-4.1094956398,-4.9986076355,-5.42374229431,-5.49373817444,-8.88615989685],"mean":[-6.93899154663,-6.50347566605,-6.5428185463,-6.90121793747,-7.11448335648,-10.497926712],"median":[-6.82634544373,-6.3790063858,-6.36857414246,-6.74650192261,-7.01359939575,-10.3625650406],"min":[-27.1467323303,-27.2910404205,-26.7977523804,-27.0130157471,-27.0933074951,-27.188041687],"var":[1.22439265251,1.09420287609,0.962064623833,0.741285026073,0.823630034924,0.761727333069]},"spectral_decrease":{"dmean":3.57180174326e-9,"dmean2":5.35562616477e-9,"dvar":2.45053695763e-17,"dvar2":5.06879570324e-17,"max":3.01353209053e-9,"mean":-6.17153039784e-9,"median":-4.17611012438e-9,"min":-5.38277156181e-8,"var":4.12264832063e-17},"spectral_energy":{"dmean":0.0144241042435,"dmean2":0.0214144214988,"dvar":0.000378509343136,"dvar2":0.000770769955125,"max":0.239374086261,"mean":0.0391315706074,"median":0.0326436236501,"min":1.05389199686e-20,"var":0.000728936458472},"spectral_energyband_high":{"dmean":0.000550668977667,"dmean2":0.00070965802297,"dvar":5.25467157786e-7,"dvar2":0.00000101047385215,"max":0.0171034969389,"mean":0.00169612921309,"median":0.00136193400249,"min":7.826278085e-21,"var":0.00000176312812528},"spectral_energyband_low":{"dmean":0.00941247306764,"dmean2":0.0150057403371,"dvar":0.000225493800826,"dvar2":0.0005215688725,"max":0.167650744319,"mean":0.011934414506,"median":0.00577416829765,"min":3.12992523278e-23,"var":0.000263386289589},"spectral_energyband_middle_high":{"dmean":0.00274854945019,"dmean2":0.00414631143212,"dvar":0.00000935235402721,"dvar2":0.0000212601698877,"max":0.0512644685805,"mean":0.00855617132038,"median":0.00763912172988,"min":1.50095890434e-21,"var":0.0000330781367666},"spectral_energyband_middle_low":{"dmean":0.00569697702304,"dmean2":0.00896603614092,"dvar":0.000100030651083,"dvar2":0.000235209270613,"max":0.194038882852,"mean":0.0105252796784,"median":0.00716478563845,"min":2.88212010419e-22,"var":0.000141453987453},"spectral_entropy":{"dmean":0.115744397044,"dmean2":0.167144834995,"dvar":0.0123772080988,"dvar2":0.0234783347696,"max":9.80986404419,"mean":7.88442897797,"median":7.9105386734,"min":6.89130830765,"var":0.0426277667284},"spectral_flux":{"dmean":0.0268037933856,"dmean2":0.0414227955043,"dvar":0.000961741316132,"dvar2":0.00198152032681,"max":0.403563737869,"mean":0.121913895011,"median":0.113352268934,"min":1.02659242218e-10,"var":0.00253442302346},"spectral_kurtosis":{"dmean":2.52216935158,"dmean2":3.47327327728,"dvar":14.4252538681,"dvar2":28.0664310455,"max":88.8639526367,"mean":12.6234807968,"median":11.1879806519,"min":-1.21764719486,"var":41.467754364},"spectral_rms":{"dmean":0.00103534536902,"dmean2":0.00150614778977,"dvar":0.00000132362015393,"dvar2":0.00000243929252974,"max":0.0152818746865,"mean":0.00582031579688,"median":0.0056433537975,"min":3.20653594822e-12,"var":0.00000430110230809},"spectral_rolloff":{"dmean":3353.61669922,"dmean2":6158.12451172,"dvar":37894436,"dvar2":79489960,"max":22006.9335938,"mean":14868.6191406,"median":20758.0078125,"min":43.06640625,"var":75695048},"spectral_skewness":{"dmean":0.25377753377,"dmean2":0.345142096281,"dvar":0.0934735834599,"dvar2":0.166042178869,"max":7.76055765152,"mean":2.39966034889,"median":2.30421662331,"min":0.0760212168097,"var":0.394093126059},"spectral_spread":{"dmean":435062.5625,"dmean2":611764.75,"dvar":300660064256,"dvar2":445386784768,"max":41731036,"mean":4828890,"median":4765677,"min":2205311.75,"var":818243305472},"spectral_strongpeak":{"dmean":3.43697977066,"dmean2":6.49092340469,"dvar":108.74446106,"dvar2":315.622802734,"max":94.0652084351,"mean":2.54898095131,"median":0.30126157403,"min":0,"var":79.5748214722},"zerocrossingrate":{"dmean":0.0376492142677,"dmean2":0.0446502901614,"dvar":0.00104591075797,"dvar2":0.00144682440441,"max":0.65283203125,"mean":0.302452892065,"median":0.30859375,"min":0.0234375,"var":0.0111591015011}},"metadata":{"audio_properties":{"analysis_sample_rate":44100,"bit_rate":192000,"codec":"mp3","downmix":"mix","equal_loudness":0,"length":173.92326355,"lossless":false,"md5_encoded":"f042fe422bbe8d256c1ad35cf7d8c249","replay_gain":-0.827663421631,"sample_rate":44100},"tags":{"album":["The Razors Edge"],"artist":["AC/DC"],"date":["1990-09-21"],"file_name":"02 - AC-DC - Fire Your Guns.mp3","musicbrainz_albumid":["ecc5dddd-268a-4bcf-aa0b-affb3b6c8ffc"],"musicbrainz_artistid":["66c662b6-6e2f-4930-8610-912e24c63ed1"],"musicbrainz_recordingid":["540976a8-11d3-4e0a-834f-b27c10bfcdbc"],"title":["Fire Your Guns"],"tracknumber":["02/12"]},"version":{"essentia":"2.1-beta1","essentia_build_sha":"ca57ba49d9b1854bd80e60cf9ccf267278fb7d6b","essentia_git_sha":"v2.1_beta1-28-g21ef5f4-dirty","extractor":"music 1.0"}},"rhythm":{"beats_count":291,"beats_loudness":{"dmean":0.0256355199963,"dmean2":0.0456784553826,"dvar":0.000486557080876,"dvar2":0.0014021852985,"max":0.154603332281,"mean":0.0621398314834,"median":0.0609204806387,"min":2.33390068161e-7,"var":0.000735797337256},"beats_loudness_band_ratio":{"dmean":[0.165053024888,0.083111256361,0.0357957854867,0.076691173017,0.0334842577577,0.0957429260015],"dmean2":[0.289115488529,0.14514374733,0.0638100653887,0.130671367049,0.0590930581093,0.166671991348],"dvar":[0.017313702032,0.00818888284266,0.00194009195548,0.0049236016348,0.00100469065364,0.00687444955111],"dvar2":[0.0459746196866,0.0227448511869,0.00552903627977,0.0138408076018,0.00262198853306,0.0204217731953],"max":[0.820452451706,0.706079363823,0.356467396021,0.453866183758,0.303510755301,0.836349964142],"mean":[0.422393590212,0.137644842267,0.0539293773472,0.128887996078,0.0813372433186,0.205482661724],"median":[0.422585427761,0.118611998856,0.040867831558,0.111120611429,0.0752610191703,0.175897791982],"min":[0.00034548563417,0.00245764129795,0.00848053768277,0.00859582517296,0.0177630688995,0.0436515286565],"var":[0.0290196929127,0.00864504929632,0.00185974664055,0.00619908887893,0.00131453236099,0.0130474027246