{"lowlevel":{"average_loudness":0.940092802048,"barkbands":{"dmean":[0.00557873770595,0.0185610223562,0.00265413499437,0.00139900587965,0.00219254055992,0.000766531215049,0.000792841601651,0.000633051444311,0.000549622171093,0.000479743961478,0.00069172156509,0.00174950342625,0.000883226748556,0.000351535592927,0.000401215715101,0.000243127185968,0.000390145782148,0.000235048733884,0.000203845425858,0.000121924349514,0.000061417951656,0.0000351411472366,0.0000188356189028,0.00000666171035846,0.00000291378910333,0.00001097776385,0.000258915591985],"dmean2":[0.00875989999622,0.0305951777846,0.00445942254737,0.00231864140369,0.00357816764154,0.00125053757802,0.00127131247427,0.0010204553837,0.000915514188819,0.000802106747869,0.00115123193245,0.00292465789244,0.00149022636469,0.000585336587392,0.000672255293466,0.000391959387343,0.000626676890533,0.000369579938706,0.000308779184707,0.000181641953532,0.0000894902696018,0.0000489558296977,0.0000252394529525,0.0000102631047412,0.00000498504459756,0.0000147050868691,0.000400987366447],"dvar":[0.00020692878752,0.00147132470738,0.0000134551346491,0.000004985184205,0.0000151204276335,0.00000183106647,0.00000290337607112,0.00000407722063756,9.09549498829e-7,6.08687571457e-7,0.00000127058945054,0.00000712498422217,0.00000175002173819,3.16796757716e-7,4.113010732e-7,1.8269093971e-7,3.51899018369e-7,1.20484628496e-7,1.06804506572e-7,5.39336042493e-8,1.45653915595e-8,7.57879536906e-9,1.78192793854e-9,1.96113653095e-10,2.28901082117e-11,5.30604227222e-10,1.64047193607e-7],"dvar2":[0.000487590732519,0.00387435499579,0.0000346086599166,0.0000127111379697,0.000037224861444,0.00000440649046141,0.00000709436790203,0.00000957007978286,0.00000238840812017,0.00000157774263698,0.00000325868495565,0.0000198420057131,0.00000475488741358,8.44927910748e-7,0.00000112400448415,4.41616322178e-7,8.68526001341e-7,2.98385202768e-7,2.4353832373e-7,1.16069131195e-7,3.16309325399e-8,1.60586761666e-8,3.24972115884e-9,4.20094403708e-10,5.9816450404e-11,9.3936669554e-10,4.24964554213e-7],"max":[0.155700996518,0.415517002344,0.0717006027699,0.0397040918469,0.0736540108919,0.0293283648789,0.0310441218317,0.0469687953591,0.0164493639022,0.0217456705868,0.0254637897015,0.0409337803721,0.0219778418541,0.00973309576511,0.0125766489655,0.009576481767,0.0117780109867,0.00492920586839,0.005256135948,0.00521076936275,0.00254852627404,0.00385594391264,0.000945008068811,0.000294597528409,0.0000627881163382,0.000476287677884,0.0110103553161],"mean":[0.00609512720257,0.0318667404354,0.00353686395101,0.00184094184078,0.00339067471214,0.00122163107153,0.00115763256326,0.00085361150559,0.000829880300444,0.0007210400654,0.00110096577555,0.00306124705821,0.00144577724859,0.000620553852059,0.000770858372562,0.000464437413029,0.000814349856228,0.000504244177137,0.000442401797045,0.000255384860793,0.000125778708025,0.0000691166133038,0.0000343011561199,0.0000088597253125,0.00000274332001027,0.0000201830916922,0.000952984439209],"median":[0.00177287834231,0.0142139717937,0.00220871134661,0.000898041762412,0.00148497102782,0.0006028926,0.000382235273719,0.00024640999618,0.00042277254397,0.000455661385786,0.000621233135462,0.00171155063435,0.000879677711055,0.000349129433744,0.000431621621829,0.000278836814687,0.0005068925675,0.000303173117572,0.0002457453229,0.000139187395689,0.000067540735472,0.0000305994362861,0.0000114284703159,0.00000271891349257,0.00000106787979348,0.00000808515414974,0.000545552815311],"min":[1.70282820803e-23,1.85414372034e-23,1.55794948517e-23,5.99565968622e-23,9.33380223058e-23,3.66593476086e-23,2.32191283582e-23,8.55584401415e-23,5.16334011819e-23,2.58727712463e-23,9.11638143659e-23,4.33627531041e-23,1.21604397909e-22,2.37155266558e-22,9.33836878858e-23,1.03556074502e-22,1.90426857335e-22,2.36905557372e-22,2.62030133493e-22,3.98535987684e-22,4.46576001225e-22,5.35163137128e-22,6.11072053972e-22,5.96907999621e-22,1.07682426668e-21,1.85477541491e-21,2.22034158584e-21],"var":[0.000215738778934,0.00198518391699,0.0000181855775736,0.00000745089846532,0.0000275425627478,0.00000324603229274,0.00000508005859956,0.00000672256874168,0.00000138184009302,8.41776852667e-7,0.00000225811618293,0.0000138754576255,0.00000306156994156,6.27870804237e-7,8.7742029109e-7,3.77947401375e-7,8.37899108319e-7,3.4501934465e-7,3.24948359776e-7,1.45374386307e-7,3.50840210217e-8,1.72128498122e-8,4.68341676552e-9,3.3095096108e-10,2.25743139459e-11,1.40691347461e-9,0.00000106184870674]},"barkbands_crest":{"dmean":2.89768481255,"dmean2":4.73373746872,"dvar":7.32351016998,"dvar2":17.8242607117,"max":26.6540355682,"mean":12.1631135941,"median":10.9587030411,"min":2.16464877129,"var":32.7162208557},"barkbands_flatness_db":{"dmean":0.0279040336609,"dmean2":0.0424914434552,"dvar":0.000775821623392,"dvar2":0.00177275622264,"max":0.444790303707,"mean":0.148869305849,"median":0.134626373649,"min":0.0328343659639,"var":0.00355715164915},"barkbands_kurtosis":{"dmean":8.52981376648,"dmean2":13.7546453476,"dvar":886.774719238,"dvar2":2001.93151855,"max":856.658081055,"mean":11.7970876694,"median":2.75629091263,"min":-1.78076255322,"var":1629.94628906},"barkbands_skewness":{"dmean":0.816300153732,"dmean2":1.25265443325,"dvar":1.42869007587,"dvar2":3.1744685173,"max":24.6206073761,"mean":2.17888116837,"median":1.64563322067,"min":-3.24852347374,"var":4.87047815323},"barkbands_spread":{"dmean":6.8857717514,"dmean2":10.4659509659,"dvar":43.8145561218,"dvar2":94.7984085083,"max":88.7586669922,"mean":27.0383358002,"median":26.477142334,"min":0.226051658392,"var":213.302581787},"dissonance":{"dmean":0.0118970824406,"dmean2":0.0205837655813,"dvar":0.000209312594961,"dvar2":0.000563786772545,"max":0.500000119209,"mean":0.483689159155,"median":0.487453758717,"min":0.190832152963,"var":0.000245624425588},"dynamic_complexity":2.2118165493,"erbbands":{"dmean":[0.850910484791,3.24314975739,3.66180086136,3.62032961845,6.06012678146,8.06982326508,7.2130408287,6.69371509552,10.0860061646,12.6677350998,13.3406887054,12.7422809601,13.00045681,15.6746234894,43.8984718323,59.6774024963,40.3328514099,16.1841430664,17.2613334656,18.137304306,13.3609046936,20.933139801,13.3756856918,11.4930200577,8.15841197968,5.69071054459,3.29907679558,1.92312026024,1.30672848225,0.904098629951,0.509929716587,0.234439373016,0.069028608501,0.0332901142538,0.0206625722349,0.0147862387821,0.0250218790025,0.0213633775711,0.0122860372066,0.00697103934363],"dmean2":[1.38516163826,5.38222789764,6.04500579834,5.98795509338,9.95712471008,13.3220453262,11.6110715866,10.9703197479,16.2361984253,20.1521015167,21.6893615723,21.0933799744,21.7789707184,25.9144802094,72.9454269409,99.0357818604,67.766418457,26.5597648621,28.3735141754,30.0576019287,21.0893783569,33.5223350525,20.7741031647,17.5018978119,12.0694150925,8.42988014221,4.85413122177,2.79214119911,1.83650255203,1.23418211937,0.681981921196,0.330308526754,0.113352395594,0.056860152632,0.0352879650891,0.0244093555957,0.0334447994828,0.0268695913255,0.0167468450963,0.0109368478879],"dvar":[4.06090116501,34.3192863464,22.7424945831,30.6748485565,109.277305603,240.461013794,255.090576172,146.855041504,407.839141846,1082.80517578,1597.90441895,555.22265625,682.995483398,675.838256836,4663.5078125,7963.17919922,3585.04589844,737.740966797,752.036621094,797.995239258,591.055908203,1025.6706543,362.950317383,312.664428711,197.746658325,119.800590515,41.8509101868,15.9745168686,10.8175888062,4.17124652863,1.35796821117,0.271932095289,0.0193994846195,0.00294828834012,0.00113992195111,0.000720641808584,0.00311654503457,0.00179034774192,0.000261675391812,0.000108536223706],"dvar2":[10.8104324341,88.321182251,57.4867324829,79.6925201416,269.994781494,595.488098145,642.311523438,364.652099609,982.683898926,2583.84448242,3802.6340332,1454.3203125,1821.60595703,1758.41845703,12594.2695312,22046.7929688,9730.69238281,1948.94274902,1990.21228027,2156.44873047,1404.53137207,2511.08520508,876.266479492,737.650268555,429.449768066,251.940948486,91.0700302124,35.4152641296,23.6138782501,7.76257562637,2.4781935215,0.517752170563,0.0477160289884,0.00769018381834,0.00297747296281,0.00181483605411,0.00561324693263,0.00297174369916,0.000524487288203,0.000275449361652],"max":[22.3280849457,72.6015472412,64.3345031738,102.968063354,214.695800781,309.77835083,300.280975342,282.280853271,408.731323242,628.634399414,1248.20776367,468.699554443,1133.29431152,676.030273438,1138.60852051,1589.99047852,1055.11132812,523.195739746,595.042907715,547.516845703,578.85369873,651.782104492,327.421875,223.900131226,248.029586792,247.801437378,128.977905273,91.383605957,140.826889038,57.8107948303,26.2675132751,9.42866802216,3.68157863617,0.704667150974,0.445745140314,0.724523901939,1.15741169453,0.941304564476,0.256661385298,0.344782859087],"mean":[1.09930801392,6.31719017029,6.04018735886,5.39534187317,9.03685188293,10.8903989792,10.6774120331,10.4288005829,15.4267110825,17.9929790497,19.0642986298,19.4201583862,19.5477027893,27.9613265991,78.3121109009,113.205863953,72.1688919067,32.4547958374,36.0611572266,36.9312820435,28.8674869537,44.8337974548,30.6924152374,25.6772937775,18.3086090088,12.0949115753,6.67175340652,3.94716286659,2.57732057571,1.69580578804,0.914326667786,0.365079820156,0.0739770978689,0.031919233501,0.0198639445007,0.0163109768182,0.0449531897902,0.0496850050986,0.0413186065853,0.0292840842158],"median":[0.511559128761,2.22116756439,3.89299917221,3.08059716225,3.94120645523,4.57281017303,3.96826648712,5.26019287109,5.87476968765,4.94307422638,7.39160919189,9.77424907684,12.1223583221,18.9291114807,45.9927406311,66.7660980225,46.4231338501,19.2178516388,21.3697052002,22.4919662476,17.5042266846,28.0764541626,18.9208946228,15.1267032623,9.94974994659,6.49367523193,3.51801753044,2.10446882248,1.19601559639,0.658285260201,0.281955242157,0.0982560217381,0.0263107568026,0.0130025921389,0.00796654261649,0.00707845576108,0.0160221494734,0.0284176282585,0.032357826829,0.0180924274027],"min":[6.2056751589e-22,3.58121424246e-21,1.2525686631e-20,1.14228446865e-19,2.29673547165e-19,4.3801462332e-19,1.73170946247e-19,3.90156124427e-19,4.15494398498e-19,6.72829072142e-19,1.95695733486e-18,1.16657250769e-18,1.20539343801e-18,1.92677041238e-18,2.93424661997e-18,1.96963387775e-18,6.06347129085e-18,1.3309290561e-17,4.33578712189e-18,5.59791791208e-18,7.07632334524e-18,1.19845393033e-17,1.28516619861e-17,1.61778677258e-17,1.22022044369e-17,1.70767748236e-17,1.95554049855e-17,1.78550674076e-17,1.99294610216e-17,1.47106213727e-17,1.70186389158e-17,1.5530234937e-17,9.44084063292e-18,1.0327593966e-17,8.59721566979e-18,5.93972300326e-18,3.99253529182e-18,1.1814410792e-18,3.70430038166e-19,2.96500757995e-20],"var":[3.59458804131,77.9964675903,40.6566123962,49.4612922668,217.928588867,334.65246582,410.833740234,254.353103638,785.941223145,1965.54858398,2406.50244141,833.847900391,769.639099121,1141.95593262,9403.27050781,17175.9746094,6814.99707031,1592.86853027,1809.24475098,1804.88342285,1333.86694336,2484.20117188,1138.70227051,963.82421875,627.231750488,328.535949707,105.876502991,35.8621864319,23.6424503326,10.6875133514,3.57612133026,0.599116146564,0.0214332938194,0.00291872257367,0.00113435066305,0.000778766232543,0.00782274454832,0.00564341479912,0.00143495283555,0.000807596661616]},"erbbands_crest":{"dmean":2.54736590385,"dmean2":4.21628904343,"dvar":5.14892244339,"dvar2":13.3740348816,"max":26.8974723816,"mean":9.02483463287,"median":8.12745571136,"min":2.31711792946,"var":15.7832183838},"erbbands_flatness_db":{"dmean":0.0220521502197,"dmean2":0.0341943949461,"dvar":0.000402397097787,"dvar2":0.000922022969462,"max":0.428064882755,"mean":0.160079449415,"median":0.15159471333,"min":0.0598895400763,"var":0.00216186279431},"erbbands_kurtosis":{"dmean":1.31201541424,"dmean2":2.10191011429,"dvar":4.66614532471,"dvar2":11.2019357681,"max":85.8615951538,"mean":1.42367780209,"median":0.509302854538,"min":-1.76895773411,"var":11.2460098267},"erbbands_skewness":{"dmean":0.379048347473,"dmean2":0.584774553776,"dvar":0.140742838383,"dvar2":0.313911587,"max":5.61122465134,"mean":-0.347307026386,"median":-0.341602802277,"min":-4.28161096573,"var":0.447113901377},"erbbands_spread":{"dmean":6.3086771965,"dmean2":9.99791145325,"dvar":42.0989990234,"dvar2":97.7768783569,"max":114.41065979,"mean":28.7317180634,"median":26.819103241,"min":0.705999791622,"var":236.880065918},"gfcc":{"cov":[[4454.49072266,-405.17980957,28.4276180267,516.612243652,-258.495056152,-391.230224609,131.765197754,-114.760887146,-36.1717414856,66.6390609741,-96.5006408691,33.2215194702,-108.031311035],[-405.17980957,747.198974609,74.7590332031,-250.676467896,107.817146301,-35.9365005493,-36.9698562622,-31.5859928131,-23.8370761871,-23.1447067261,49.993598938,-70.6450119019,88.5120697021],[28.4276180267,74.7590332031,458.463378906,249.018630981,-49.5528373718,146.977096558,-75.6534042358,141.356323242,-5.37607097626,86.4811630249,-0.417588591576,17.1985187531,35.7546653748],[516.612243652,-250.676467896,249.018630981,561.094055176,40.6988945007,-60.7855453491,98.6039123535,55.6606216431,83.7053527832,72.0124664307,-60.3417282104,52.6659851074,-38.0256500244],[-258.495056152,107.817146301,-49.5528373718,40.6988945007,210.251678467,15.5459537506,72.770072937,1.92405927181,31.9764709473,-21.1428165436,11.7366876602,-19.4004364014,25.714094162],[-391.230224609,-35.9365005493,146.977096558,-60.7855453491,15.5459537506,473.810546875,47.6034088135,140.350494385,-55.0837135315,8.35356521606,55.9359512329,72.0156936646,2.54051685333],[131.765197754,-36.9698562622,-75.6534042358,98.6039123535,72.770072937,47.6034088135,217.356689453,-14.8756084442,59.4490089417,-15.6736555099,6.11671590805,61.6959648132,-53.5413169861],[-114.760887146,-31.5859928131,141.356323242,55.6606216431,1.92405927181,140.350494385,-14.8756084442,181.624313354,31.7754650116,60.8891143799,15.9644813538,-14.3009204865,22.4995822906],[-36.1717414856,-23.8370761871,-5.37607097626,83.7053527832,31.9764709473,-55.0837135315,59.4490089417,31.7754650116,144.159713745,52.6909332275,-7.68777656555,3.64215564728,-31.4740104675],[66.6390609741,-23.1447067261,86.4811630249,72.0124664307,-21.1428165436,8.35356521606,-15.6736555099,60.8891143799,52.6909332275,98.6576080322,25.9883785248,-0.00914008356631,5.72202157974],[-96.5006408691,49.993598938,-0.417588591576,-60.3417282104,11.7366876602,55.9359512329,6.11671590805,15.9644813538,-7.68777656555,25.9883785248,75.6462860107,34.4838142395,14.3186063766],[33.2215194702,-70.6450119019,17.1985187531,52.6659851074,-19.4004364014,72.0156936646,61.6959648132,-14.3009204865,3.64215564728,-0.00914008356631,34.4838142395,103.111953735,-7.8034620285],[-108.031311035,88.5120697021,35.7546653748,-38.0256500244,25.714094162,2.54051685333,-53.5413169861,22.4995822906,-31.4740104675,5.72202157974,14.3186063766,-7.8034620285,86.2565536499]],"icov":[[0.000351155904355,-0.0000538367348781,0.000231376194279,-0.00047652394278,0.000667205778882,0.000207217221032,-0.000486502569402,0.0000286249342025,0.000608248403296,-0.000378503871616,-0.0000702813122189,0.000329847447574,-0.0000368301189155],[-0.0000538367348781,0.00499021075666,-0.00679341936484,0.00615213159472,-0.00376300187781,0.00305210170336,-0.0043456456624,0.00194782717153,-0.0000869801806402,0.0000256907387666,-0.000649875611998,0.001555685536,-0.00161846121773],[0.000231376194279,-0.00679341936484,0.016127537936,-0.0137995909899,0.00877692177892,-0.00773946708068,0.00873181782663,-0.00223196996376,-0.00155355816241,0.00127589178737,-0.0032430307474,0.0021544850897,-0.00181231240276],[-0.00047652394278,0.00615213159472,-0.0137995909899,0.0181779805571,-0.0133064445108,0.00976402219385,-0.00738262338564,-0.0028104162775,0.00623990781605,-0.0100024221465,0.0143977794796,-0.0124865667894,0.0060744555667],[0.000667205778882,-0.00376300187781,0.00877692177892,-0.0133064445108,0.0194437988102,-0.00817992817611,-0.000417444651248,0.00483000930399,-0.00909717474133,0.0122967706993,-0.0161647740752,0.0176707915962,-0.0117348842323],[0.000207217221032,0.00305210170336,-0.00773946708068,0.00976402219385,-0.00817992817611,0.0107497936115,-0.00498105399311,-0.00678353197873,0.00839108787477,-0.00597227783874,0.00787017215043,-0.0111098252237,0.00658613163978],[-0.000486502569402,-0.0043456456624,0.00873181782663,-0.00738262338564,-0.000417444651248,-0.00498105399311,0.0161552913487,-0.00189097539987,-0.0040348325856,0.00303645059466,-0.000364833715139,-0.00634733587503,0.00558089092374],[0.0000286249342025,0.00194782717153,-0.00223196996376,-0.0028104162775,0.00483000930399,-0.00678353197873,-0.00189097539987,0.0173115357757,-0.00891648232937,0.00296007283032,-0.00973924901336,0.0151526145637,-0.00966849923134],[0.000608248403296,-0.0000869801806402,-0.00155355816241,0.00623990781605,-0.00909717474133,0.00839108787477,-0.0040348325856,-0.00891648232937,0.023006381467,-0.0187750700861,0.0165693983436,-0.0150208836421,0.0120628029108],[-0.000378503871616,0.0000256907387666,0.00127589178737,-0.0100024221465,0.0122967706993,-0.00597227783874,0.00303645059466,0.00296007283032,-0.0187750700861,0.0364152193069,-0.0280546881258,0.019355064258,-0.0106744272634],[-0.0000702813122189,-0.000649875611998,-0.0032430307474,0.0143977794796,-0.0161647740752,0.00787017215043,-0.000364833715139,-0.00973924901336,0.0165693983436,-0.0280546881258,0.0476180762053,-0.0324929617345,0.0122342482209],[0.000329847447574,0.001555685536,0.0021544850897,-0.0124865667894,0.0176707915962,-0.0111098252237,-0.00634733587503,0.0151526145637,-0.0150208836421,0.019355064258,-0.0324929617345,0.0437091477215,-0.0178307928145],[-0.0000368301189155,-0.00161846121773,-0.00181231240276,0.0060744555667,-0.0117348842323,0.00658613163978,0.00558089092374,-0.00966849923134,0.0120628029108,-0.0106744272634,0.0122342482209,-0.0178307928145,0.0273932609707]],"mean":[21.1182041168,98.0834350586,-106.708862305,4.67132472992,5.79742670059,-12.2911167145,10.2685499191,-17.031080246,-0.916857302189,-12.0245771408,0.143300041556,2.52218675613,-9.93784332275]},"hfc":{"dmean":29.9915714264,"dmean2":47.2616577148,"dvar":1534.51391602,"dvar2":3950.38500977,"max":928.687805176,"mean":137.44367981,"median":88.4290161133,"min":1.12208677984e-16,"var":14886.6005859},"melbands":{"dmean":[0.00630905246362,0.00261122267693,0.000646965228952,0.000510778278112,0.000270282936981,0.000148160906974,0.000155271976837,0.000138403847814,0.000110994136776,0.0000779259935371,0.0000670893932693,0.0000644873580313,0.000115196868137,0.000226478950935,0.000125012651552,0.0000677154166624,0.0000309703718813,0.0000298015384033,0.0000345727312379,0.0000190960163309,0.0000175838722498,0.0000251292749454,0.0000170564853761,0.0000117587660498,0.0000102501508081,0.00000751874267735,0.00000547008221474,0.00000370571729036,0.00000236886126004,0.00000154518716045,0.00000106125378352,7.97928692009e-7,6.80255482166e-7,4.53395244904e-7,3.03039115579e-7,2.5660037295e-7,1.05293757713e-7,5.3033037517e-8,3.23925597456e-8,2.66848907415e-8],"dmean2":[0.0102008963004,0.00426992960274,0.0010571932653,0.000837658415549,0.00043686767458,0.00024150776153,0.000249238044489,0.000220043206355,0.000181943527423,0.000129163308884,0.000112698486191,0.000106828687422,0.000191695682588,0.00037958502071,0.000210339640034,0.000113342706754,0.0000512076221639,0.00004958095451,0.0000582566935918,0.0000313204691338,0.0000282671753666,0.0000408691339544,0.0000273055502475,0.0000187545756489,0.0000158929306053,0.000011583979358,0.00000835591345094,0.00000558609872314,0.00000361158026863,0.00000230082332564,0.00000158936325079,0.0000011676891063,9.60073180067e-7,6.35819901618e-7,4.17669525632e-7,3.48314216581e-7,1.61260444997e-7,8.87402507033e-8,5.53413705973e-8,4.56833966211e-8],"dvar":[0.000197486413526,0.0000141482614708,8.77826664691e-7,8.25579206776e-7,3.43793800539e-7,6.7743719967e-8,9.83427455026e-8,1.40141551697e-7,8.40172234007e-8,2.07190762325e-8,1.73531589098e-8,1.11663549518e-8,3.27598037586e-8,1.25311572674e-7,3.56212730424e-8,1.21489920346e-8,2.72515032762e-9,2.34434383017e-9,3.30003802063e-9,9.2152468989e-10,1.02738484387e-9,1.50406997967e-9,6.93748947178e-10,3.11536185738e-10,2.57957599725e-10,1.66770722232e-10,1.04761199715e-10,5.50228682061e-11,2.33013955353e-11,9.75507435247e-12,5.23975134115e-12,5.19656193076e-12,2.43947440373e-12,1.07586021255e-12,4.89364896262e-13,3.54810717482e-13,5.81989358507e-14,1.45020205968e-14,2.96946712011e-15,1.93655236907e-15],"dvar2":[0.00051718292525,0.0000350191075995,0.00000226435781769,0.00000206649951906,8.56839392327e-7,1.65996453916e-7,2.37315333607e-7,3.3251328091e-7,2.02239107239e-7,5.36098241355e-8,4.63043825505e-8,2.87410202304e-8,8.60635509525e-8,3.4509915281e-7,9.9399095177e-8,3.28379670123e-8,7.22748083604e-9,6.18479978343e-9,9.12807696096e-9,2.3564077356e-9,2.54657961385e-9,3.80774434205e-9,1.73092751243e-9,7.97657384588e-10,6.29955143605e-10,3.94447252638e-10,2.41121872468e-10,1.2034999386e-10,5.35396102452e-11,2.19267590196e-11,1.20756720595e-11,1.2343436169e-11,5.02192254795e-12,2.07444434894e-12,9.43082959816e-13,6.62866950999e-13,1.24963407677e-13,3.63197326218e-14,7.65123844815e-15,5.06247409783e-15],"max":[0.153044804931,0.0481039844453,0.0163367372006,0.0183610208333,0.00918112788349,0.00579819176346,0.0057564987801,0.00869842246175,0.00883282255381,0.0028682758566,0.00553549313918,0.00253404001705,0.00405089370906,0.00582871120423,0.00293770199642,0.00222022854723,0.000932559894864,0.00112148199696,0.00116381212138,0.000544846756384,0.000653443392366,0.000729714636691,0.000566967006307,0.00030059623532,0.000211467515328,0.000230709483731,0.00021190464031,0.000141051816172,0.000115821785585,0.0000726312864572,0.0000743525379221,0.000124798520119,0.0000405305909226,0.000030004137443,0.0000182707535714,0.00000969056054601,0.00000482381256006,0.00000278627521766,0.00000109077689103,5.75809849579e-7],"mean":[0.00981951784343,0.00516189588234,0.0010279280832,0.000756494759116,0.000396358140279,0.000237440268393,0.000235990999499,0.000195870336029,0.000157299218699,0.000116304669064,0.0000965557846939,0.000105573941255,0.000198625129997,0.000374545779778,0.00022206621361,0.000112810557766,0.000054744494264,0.0000561356901017,0.0000622377920081,0.0000366374770238,0.0000334322867275,0.0000493461375299,0.0000342826933775,0.0000238301945501,0.0000206753757084,0.0000154048666445,0.0000107594814835,0.00000723535822544,0.00000442505597675,0.00000295929226013,0.00000202493106372,0.00000147624768942,0.00000123305153465,8.02373392617e-7,5.27860322563e-7,4.15987926772e-7,1.40390142178e-7,5.12764977145e-8,3.01331652963e-8,2.49459990442e-8],"median":[0.00451668631285,0.00250617158599,0.000603260588832,0.000326217268594,0.000154345936608,0.000117927404062,0.0000868551360327,0.0000502513321408,0.0000643257517368,0.0000586733040109,0.0000582054999541,0.0000684196857037,0.000116645707749,0.000203997813514,0.000136347982334,0.0000677420030115,0.0000297379247058,0.0000327294110321,0.000034373406379,0.0000226110278163,0.0000190322625713,0.0000303816850646,0.0000206839486054,0.0000141548607644,0.0000117998697533,0.00000811712016002,0.00000581582435188,0.00000375511763195,0.0000022676701974,0.00000153028577188,0.00000106770028196,6.81126721247e-7,4.91541129577e-7,3.04001105178e-7,1.69484110302e-7,9.89837403154e-8,3.85425451555e-8,1.4857898023e-8,1.12174216582e-8,9.47314937605e-9],"min":[5.9632551735e-24,6.62397666872e-24,2.4355420961e-23,2.35509942524e-23,9.30268403445e-24,8.63041598216e-24,5.61459245846e-24,9.0970169524e-24,1.52610111939e-23,7.12425647759e-24,5.61338392355e-24,6.84933135237e-24,1.2210460041e-23,5.29778789107e-24,5.25978530582e-24,2.11294500197e-23,2.2987277405e-23,6.68657593699e-24,6.79639326361e-24,7.18472108826e-24,7.48252396859e-24,1.36439836e-23,9.89236939401e-24,1.21678299977e-23,1.37589963645e-23,8.59413626913e-24,1.23754834315e-23,1.03535067136e-23,1.19636846283e-23,1.15161094054e-23,1.08976976759e-23,1.2225205429e-23,8.31962845133e-24,8.51467667673e-24,7.84896090311e-24,1.36352272439e-23,7.54800336802e-24,6.30384350275e-24,7.44507831914e-24,8.98389587632e-24],"var":[0.000217580061872,0.0000374614173779,0.00000157377303367,0.00000150756477524,5.12761744176e-7,1.24733475104e-7,1.847742368e-7,2.61962640025e-7,1.27251723825e-7,3.0569054843e-8,1.95624352273e-8,1.77451244809e-8,6.37864445707e-8,2.26309268214e-7,6.6510040142e-8,2.05074446313e-8,5.2727844313e-9,4.86598716876e-9,6.11097039638e-9,1.97994642903e-9,2.04353467481e-9,3.20949467003e-9,1.61612312422e-9,8.03391742021e-10,6.75280942275e-10,4.50110837491e-10,2.52073778517e-10,1.33913991007e-10,5.17032180958e-11,2.14135827126e-11,1.02875260394e-11,8.98076578382e-12,5.93857341774e-12,2.5052833072e-12,1.2099342795e-12,8.49296219289e-13,9.5078567415e-14,1.42667385609e-14,2.89632074292e-15,1.89967869553e-15]},"melbands_crest":{"dmean":4.12159872055,"dmean2":6.45052862167,"dvar":14.4500713348,"dvar2":33.5655136108,"max":37.450717926,"mean":17.3392066956,"median":17.041179657,"min":2.32504653931,"var":46.4304504395},"melbands_flatness_db":{"dmean":0.035376906395,"dmean2":0.0534176304936,"dvar":0.0011471149046,"dvar2":0.00257131061517,"max":0.601361870766,"mean":0.257259309292,"median":0.245232820511,"min":0.00653768377379,"var":0.00572772556916},"melbands_kurtosis":{"dmean":12.6582307816,"dmean2":20.5593242645,"dvar":893.84185791,"dvar2":2267.29516602,"max":505.0809021,"mean":19.46849823,"median":6.21575021744,"min":-1.89480912685,"var":1664.63110352},"melbands_skewness":{"dmean":1.04918038845,"dmean2":1.63882100582,"dvar":1.82870519161,"dvar2":4.38544416428,"max":17.8031768799,"mean":2.93764567375,"median":2.46835708618,"min":-6.21573591232,"var":6.56191778183},"melbands_spread":{"dmean":6.6315946579,"dmean2":10.2714319229,"dvar":47.8705940247,"dvar2":103.894241333,"max":130.396392822,"mean":21.7803859711,"median":19.7824478149,"min":0.323992520571,"var":206.904174805},"mfcc":{"cov":[[4141.83251953,-439.650909424,-140.46307373,739.714477539,-452.08883667,30.7826480865,-187.811584473,-2.19527339935,-153.445053101,92.9093475342,-40.6951293945,-70.9422912598,-39.6328048706],[-439.650909424,905.044677734,-91.2850570679,-254.601852417,71.7941360474,-91.4648132324,57.7664337158,-117.438064575,6.79556417465,-125.013267517,19.1217632294,-25.9246520996,19.8783454895],[-140.46307373,-91.2850570679,572.155517578,24.9786663055,129.948638916,13.88788414,52.7318611145,24.2746200562,52.3503494263,52.4248008728,29.1191959381,38.4668159485,5.62244749069],[739.714477539,-254.601852417,24.9786663055,718.994689941,-58.9024772644,31.2822628021,-137.577789307,2.50353837013,18.2340183258,131.674682617,15.445523262,-70.5945205688,-30.3269691467],[-452.08883667,71.7941360474,129.948638916,-58.9024772644,234.988769531,-32.0738945007,78.2953567505,-29.7382011414,77.5068130493,2.80183959007,31.3091125488,-0.229816883802,0.151724934578],[30.7826480865,-91.4648132324,13.88788414,31.2822628021,-32.0738945007,210.115249634,63.8389015198,138.458114624,-11.2213726044,16.7680130005,-16.7010593414,49.1969184875,29.8449440002],[-187.811584473,57.7664337158,52.7318611145,-137.577789307,78.2953567505,63.8389015198,187.420166016,73.0463485718,29.0075569153,-39.7766609192,2.84895372391,36.4291915894,32.4679527283],[-2.19527339935,-117.438064575,24.2746200562,2.50353837013,-29.7382011414,138.458114624,73.0463485718,195.882232666,14.1707315445,36.2558746338,-12.7687397003,61.618309021,26.882856369],[-153.445053101,6.79556417465,52.3503494263,18.2340183258,77.5068130493,-11.2213726044,29.0075569153,14.1707315445,106.261703491,47.1469764709,37.4457511902,2.7806532383,3.64071273804],[92.9093475342,-125.013267517,52.4248008728,131.674682617,2.80183959007,16.7680130005,-39.7766609192,36.2558746338,47.1469764709,128.240707397,46.5959625244,20.1091136932,-5.47496414185],[-40.6951293945,19.1217632294,29.1191959381,15.445523262,31.3091125488,-16.7010593414,2.84895372391,-12.7687397003,37.4457511902,46.5959625244,78.2043457031,27.9651050568,14.6046848297],[-70.9422912598,-25.9246520996,38.4668159485,-70.5945205688,-0.229816883802,49.1969184875,36.4291915894,61.618309021,2.7806532383,20.1091136932,27.9651050568,90.2286682129,42.0911865234],[-39.6328048706,19.8783454895,5.62244749069,-30.3269691467,0.151724934578,29.8449440002,32.4679527283,26.882856369,3.64071273804,-5.47496414185,14.6046848297,42.0911865234,61.6358375549]],"icov":[[0.000392888585338,0.0000668030625093,-0.0000320970139001,-0.000395445997128,0.000778181536589,0.000147961225593,-0.000447268801508,0.000250594166573,0.000226335119805,-0.000121726123325,0.0000261476834567,-0.0000787187600508,0.000115572336654],[0.0000668030625093,0.00155140191782,0.000173651860678,0.00027204270009,-0.00000355316160494,0.0000282602140942,-0.000148974955664,0.00052113388665,-0.000353451119736,0.00132956099696,-0.0011154380627,0.000634268973954,-0.000531732337549],[-0.0000320970139001,0.000173651860678,0.0022052989807,-0.000155898771482,-0.00128256820608,0.0000573351680941,-0.00038771625259,0.000246664625593,0.000051146325859,-0.000704375386704,0.000505911419168,-0.00127237860579,0.000400971708586],[-0.000395445997128,0.00027204270009,-0.000155898771482,0.00288129411638,-0.00069351826096,-0.0011022783583,0.00166154757608,-0.000474331405712,0.0000956693402259,-0.00192896055523,-0.000824618327897,0.00376837397926,-0.00159805221483],[0.000778181536589,-0.00000355316160494,-0.00128256820608,-0.00069351826096,0.00963053945452,0.0003788107133,-0.00428190268576,0.00329973059706,-0.00440111011267,-0.0000687668580213,0.000039758397179,-0.000705286627635,0.00161261751782],[0.000147961225593,0.0000282602140942,0.0000573351680941,-0.0011022783583,0.0003788107133,0.0101191075519,-0.00209082965739,-0.00567372795194,0.00234854244627,-0.000568576622754,0.00135740591213,-0.00125441048294,-0.00144051969983],[-0.000447268801508,-0.000148974955664,-0.00038771625259,0.00166154757608,-0.00428190268576,-0.00209082965739,0.0125065678731,-0.00517621263862,-0.00204798276536,0.00585704669356,-0.00301003525965,0.00146900606342,-0.00234287045896],[0.000250594166573,0.00052113388665,0.000246664625593,-0.000474331405712,0.00329973059706,-0.00567372795194,-0.00517621263862,0.0154739599675,-0.00365639314987,-0.00458002788946,0.00697131408378,-0.00726622948423,0.00157336308621],[0.000226335119805,-0.000353451119736,0.000051146325859,0.0000956693402259,-0.00440111011267,0.00234854244627,-0.00204798276536,-0.00365639314987,0.0187655314803,-0.00666096294299,-0.00467026978731,0.00576653564349,-0.00268232100643],[-0.000121726123325,0.00132956099696,-0.000704375386704,-0.00192896055523,-0.0000687668580213,-0.000568576622754,0.00585704669356,-0.00458002788946,-0.00666096294299,0.0215271096677,-0.0100631928071,-0.00364371459,0.00497426977381],[0.0000261476834567,-0.0011154380627,0.000505911419168,-0.000824618327897,0.000039758397179,0.00135740591213,-0.00301003525965,0.00697131408378,-0.00467026978731,-0.0100631928071,0.0269203577191,-0.0104466881603,-0.00205047102645],[-0.0000787187600508,0.000634268973954,-0.00127237860579,0.00376837397926,-0.000705286627635,-0.00125441048294,0.00146900606342,-0.00726622948423,0.00576653564349,-0.00364371459,-0.0104466881603,0.0301879998296,-0.0140847647563],[0.000115572336654,-0.000531732337549,0.000400971708586,-0.00159805221483,0.00161261751782,-0.00144051969983,-0.00234287045896,0.00157336308621,-0.00268232100643,0.00497426977381,-0.00205047102645,-0.0140847647563,0.0275933891535]],"mean":[-641.164794922,161.343994141,-40.1649246216,37.6582069397,4.81553125381,24.8927173615,8.9259147644,18.4379329681,-1.75834977627,1.65757679939,2.14313149452,6.92206716537,5.89859199524]},"pitch_salience":{"dmean":0.0870537981391,"dmean2":0.138785108924,"dvar":0.00670749181882,"dvar2":0.0156371854246,"max":0.874062359333,"mean":0.510805904865,"median":0.548136949539,"min":0.0586948245764,"var":0.0289377458394},"silence_rate_20dB":{"dmean":0,"dmean2":0,"dvar":0,"dvar2":0,"max":1,"mean":1,"median":1,"min":1,"var":0},"silence_rate_30dB":{"dmean":0.106013566256,"dmean2":0.212051510811,"dvar":0.0947695896029,"dvar2":0.188458546996,"max":1,"mean":0.795930087566,"median":1,"min":0,"var":0.162415280938},"silence_rate_60dB":{"dmean":0.00183971482329,"dmean2":0.00367985269986,"dvar":0.00183659372851,"dvar2":0.00366612221114,"max":1,"mean":0.0143711194396,"median":0,"min":0,"var":0.0141640892252},"spectral_centroid":{"dmean":233.057357788,"dmean2":326.418212891,"dvar":66415.9921875,"dvar2":109949.726562,"max":11171.1162109,"mean":1399.54553223,"median":1310.0579834,"min":123.147605896,"var":295627.125},"spectral_complexity":{"dmean":4.01908683777,"dmean2":5.97884082794,"dvar":12.6689748764,"dvar2":24.6197414398,"max":58,"mean":27.7445392609,"median":27,"min":0,"var":133.432327271},"spectral_contrast_coeffs":{"dmean":[0.0541736409068,0.0498604513705,0.0418688133359,0.0309797283262,0.0219637267292,0.052609205246],"dmean2":[0.0896582603455,0.0834925025702,0.0702762305737,0.0518013089895,0.0362995415926,0.0816752538085],"dvar":[0.00182099197991,0.0015425918391,0.00107756990474,0.000573896628339,0.000316150806611,0.00193928077351],"dvar2":[0.00492511782795,0.00424850918353,0.00301524740644,0.00160316319671,0.000849746982567,0.00462725618854],"max":[-0.40150269866,-0.497052490711,-0.45252674818,-0.647413432598,-0.659932613373,-0.414973378181],"mean":[-0.690177261829,-0.78340536356,-0.790074408054,-0.791478514671,-0.786792039871,-0.712343633175],"median":[-0.691983580589,-0.790569186211,-0.794688940048,-0.793490052223,-0.788043022156,-0.714091897011],"min":[-0.961546897888,-0.966900527477,-0.97021895647,-0.955517113209,-0.958329081535,-0.957532703876],"var":[0.00497660553083,0.00407736189663,0.00275392038748,0.00153907644562,0.000904679938685,0.00722365360707]},"spectral_contrast_valleys":{"dmean":[0.409900188446,0.392642378807,0.305658578873,0.245595023036,0.253557801247,0.718053996563],"dmean2":[0.665754616261,0.644415140152,0.494727611542,0.393533736467,0.353149175644,1.16946327686],"dvar":[0.143654868007,0.135251700878,0.0910577103496,0.0709363371134,0.0890091359615,0.365607500076],"dvar2":[0.307374835014,0.290797889233,0.1690839082,0.115528203547,0.129550635815,0.942773282528],"max":[-4.84661865234,-4.67467880249,-5.11182832718,-5.41854572296,-5.61692237854,-8.97525119781],"mean":[-6.59741544724,-6.54432201385,-6.57135438919,-6.90819263458,-7.1907453537,-11.1590213776],"median":[-6.45603275299,-6.4819355011,-6.44811725616,-6.85798168182,-6.99253320694,-11.0728960037],"min":[-26.9354991913,-27.4174900055,-27.2369403839,-27.4159030914,-27.3994655609,-27.2736434937],"var":[0.73167270422,0.601913571358,0.523728072643,0.451227664948,0.822190105915,0.847210347652]},"spectral_decrease":{"dmean":6.61981935934e-9,"dmean2":1.05214317259e-8,"dvar":1.47165171852e-16,"dvar2":3.68136347805e-16,"max":4.23424628693e-9,"mean":-1.43504390593e-8,"median":-9.58090673464e-9,"min":-1.31359911393e-7,"var":2.0594579085e-16},"spectral_energy":{"dmean":0.025389412418,"dmean2":0.0404042340815,"dvar":0.0020537818782,"dvar2":0.00515134632587,"max":0.500065743923,"mean":0.0666283518076,"median":0.0540964603424,"min":1.03175619131e-20,"var":0.00294444314204},"spectral_energyband_high":{"dmean":0.000290219759336,"dmean2":0.00040182590601,"dvar":1.80348578738e-7,"dvar2":3.79733904765e-7,"max":0.0102826347575,"mean":0.000925001921132,"median":0.000660043966491,"min":7.35895738962e-21,"var":8.04643832453e-7},"spectral_energyband_low":{"dmean":0.0229402240366,"dmean2":0.036907415837,"dvar":0.00210358272307,"dvar2":0.00535714766011,"max":0.481811255217,"mean":0.0411651171744,"median":0.0219511575997,"min":6.56317127015e-23,"var":0.002785500139},"spectral_energyband_middle_high":{"dmean":0.00293716648594,"dmean2":0.00467070285231,"dvar":0.0000126896093207,"dvar2":0.0000325154214806,"max":0.0631999149919,"mean":0.0100139454007,"median":0.00852884911001,"min":1.63547470859e-21,"var":0.0000587435497437},"spectral_energyband_middle_low":{"dmean":0.00407223729417,"dmean2":0.00649397121742,"dvar":0.0000303457072732,"dvar2":0.0000764316646382,"max":0.102530509233,"mean":0.00948879867792,"median":0.00697349291295,"min":3.61800414024e-22,"var":0.0000861486259964},"spectral_entropy":{"dmean":0.13287037611,"dmean2":0.196297556162,"dvar":0.0193392094225,"dvar2":0.0396635569632,"max":9.78100204468,"mean":7.56987667084,"median":7.63038444519,"min":5.79504919052,"var":0.0813322141767},"spectral_flux":{"dmean":0.0362480171025,"dmean2":0.0590604431927,"dvar":0.00263961567543,"dvar2":0.00590179441497,"max":0.553396165371,"mean":0.13173982501,"median":0.119814291596,"min":1.01575400868e-10,"var":0.00479263719171},"spectral_kurtosis":{"dmean":4.81329298019,"dmean2":7.45208597183,"dvar":45.211643219,"dvar2":112.13860321,"max":109.624130249,"mean":20.9165153503,"median":17.9706764221,"min":-1.1565721035,"var":153.934555054},"spectral_rms":{"dmean":0.00134724203963,"dmean2":0.00208405475132,"dvar":0.00000325528731082,"dvar2":0.00000749982245907,"max":0.0220877565444,"mean":0.00748211331666,"median":0.0072647803463,"min":3.17268238591e-12,"var":0.00000902120154933},"spectral_rolloff":{"dmean":2473.92211914,"dmean2":4583.68457031,"dvar":29173706,"dvar2":71461160,"max":21985.4003906,"mean":7025.15527344,"median":1937.98828125,"min":43.06640625,"var":77372312},"spectral_skewness":{"dmean":0.331416100264,"dmean2":0.486630767584,"dvar":0.155280083418,"dvar2":0.340568125248,"max":7.76366138458,"mean":2.85439968109,"median":2.65896320343,"min":-0.00366069655865,"var":0.894115865231},"spectral_spread":{"dmean":393360.625,"dmean2":607594,"dvar":271410135040,"dvar2":443806613504,"max":39994232,"mean":3362748.25,"median":3306961.25,"min":1472803,"var":632239554560},"spectral_strongpeak":{"dmean":1.38264751434,"dmean2":2.56572651863,"dvar":61.7268104553,"dvar2":170.837677002,"max":265.081176758,"mean":1.55473721027,"median":0.412829816341,"min":0,"var":80.5976028442},"zerocrossingrate":{"dmean":0.0249448437244,"dmean2":0.0305821504444,"dvar":0.000555290607736,"dvar2":0.000833291967865,"max":0.75439453125,"mean":0.169334113598,"median":0.15234375,"min":0.0029296875,"var":0.00937075633556}},"metadata":{"audio_properties":{"analysis_sample_rate":44100,"bit_rate":192000,"codec":"mp3","downmix":"mix","equal_loudness":0,"length":201.926528931,"lossless":false,"md5_encoded":"e9b127f34db2f6d28619af7bc1efd225","replay_gain":-0.0397148132324},"tags":{"album":["The Battle of Los Angeles"],"albumartist":["Rage Against the Machine"],"albumartistsort":["Rage Against the Machine"],"artist":["Rage Against the Machine"],"artistsort":["Rage Against the Machine"],"asin":["B00002MZ2C"],"barcode":["074646963029"],"catalognumber":["EK 69630"],"composer":["Tom Morello","tim.com","Zack de la Rocha","Brad Wilk"],"date":["1999-11-02"],"discnumber":["1/1"],"file_name":"07 Born as Ghosts.mp3","genre":["Alternative Rock / Hip Hop"],"isrc":["USSM19920171"],"label":["Epic"],"language":["eng"],"length":["201960"],"lyricist":["Zack de la Rocha"],"media":["CD"],"mp3gain_album_minmax":["120,189"],"mp3gain_minmax":["138,186"],"musicbrainz album release country":["US"],"musicbrainz album status":["official"],"musicbrainz album type":["album"],"musicbrainz_albumartistid":["3798b104-01cb-484c-a3b0-56adc6399b80"],"musicbrainz_albumid":["962df9d5-0ab5-4f90-97d9-99cb0ab52360"],"musicbrainz_artistid":["3798b104-01cb-484c-a3b0-56adc6399b80"],"musicbrainz_recordingid":["541a6f1e-3d64-42f4-b871-4f75b59cdb74"],"originaldate":["1998-09"],"performer:bass guitar":["Y.tim.K."],"performer:drums":["Brad Wilk"],"performer:guitar":["Tom Morello"],"performer:vocal":["Zack de la Rocha"],"replaygain_album_gain":["0.40 dB"],"replaygain_album_peak":["0.418785"],"replaygain_track_gain":["0.01 dB"],"replaygain_track_peak":["0.380583"],"script":["Latn"],"title":["Born as Ghosts"],"tracknumber":["7/12"]},"version":{"essentia":"2.1-beta1","essentia_build_sha":"eef087cf131c10083d474ad51def18efd0e38295","essentia_git_sha":"v2.1_beta1-7-ge0e83e8-dirty","extractor":"music 1.0"}},"rhythm":{"beats_count":398,"beats_loudness":{"dmean":0.0429807789624,"dmean2":0.0782944485545,"dvar":0.00183665961958,"dvar2":0.00514850532636,"max":0.30901286006,"mean":0.0751007944345,"median":0.0672151893377,"min":0.0