{"lowlevel":{"average_loudness":0.948286771774,"barkbands":{"dmean":[0.00000270483019449,0.000561623543035,0.00108155049384,0.00108674413059,0.00171124271583,0.000492691644467,0.000500376627315,0.000515392515808,0.000923259125557,0.000457962189103,0.000340868748026,0.00033947796328,0.000336769473506,0.000344459200278,0.000263998750597,0.000295368838124,0.000256119616097,0.00029282658943,0.000345611420926,0.000362932129065,0.000332642055582,0.000135569091071,0.0000516613763466,0.0000248434535024,0.0000131177885123,0.00000428144130638,2.37206251086e-7],"dmean2":[0.00000374175624529,0.000918467645533,0.00185241375584,0.00176990346517,0.00277970731258,0.000797984306701,0.000785207259469,0.000827432668302,0.00146686600056,0.000739792536478,0.000549484218936,0.00053691980429,0.000528927019332,0.000550071708858,0.000416395312641,0.000475739798276,0.000420458294684,0.000481632334413,0.000570275180507,0.000592744676396,0.000551501754671,0.000214490617509,0.0000801218411652,0.000037707573938,0.0000186089055205,0.00000621552044322,3.58751151452e-7],"dvar":[2.25627971168e-11,8.28382667351e-7,0.00000222482708523,0.00000387787667933,0.00000567752385905,5.39643963293e-7,5.24506276633e-7,7.71638212882e-7,0.00000261787272393,8.0597158103e-7,5.38845654319e-7,4.91182504447e-7,5.63278547361e-7,5.53089762434e-7,3.76679395231e-7,3.28844464548e-7,1.88648215271e-7,1.90754306573e-7,2.43916502995e-7,3.33716968726e-7,2.54782747788e-7,3.49208910677e-8,5.01213470727e-9,1.923171844e-9,1.79522063881e-9,3.81670944849e-10,1.02511976772e-12],"dvar2":[4.37148754695e-11,0.00000205103015105,0.00000655569920127,0.00000961493151408,0.0000146290340126,0.00000136724997901,0.00000130561033984,0.00000197006283997,0.00000677785919834,0.0000020175359623,0.00000130387093122,0.00000110592520741,0.00000127876728584,0.00000136859046052,9.22277820337e-7,8.209671023e-7,4.68281825761e-7,4.83738745061e-7,6.36473373561e-7,8.36081767375e-7,6.84111910232e-7,8.59401296793e-8,1.17079359541e-8,4.22233448205e-9,3.74125663782e-9,8.28584978407e-10,2.29469698451e-12],"max":[0.0000516679901921,0.009835800156,0.0274468418211,0.02246693708,0.0420545376837,0.0150718400255,0.0162812322378,0.0169750582427,0.0312817357481,0.0201810561121,0.0170106906444,0.0154144931585,0.0162272583693,0.0162720028311,0.0223921444267,0.0157329980284,0.0126226246357,0.00899638235569,0.0136206783354,0.0149583611637,0.00899007171392,0.00388695765287,0.00104712904431,0.00117819581646,0.00114289019257,0.00075653498061,0.0000346412489307],"mean":[0.00000355319343726,0.000878180551808,0.00201656762511,0.00130300596356,0.00350933824666,0.0010673183715,0.00126077816822,0.000924371415749,0.00164996238891,0.000808731245343,0.000534754304681,0.00057043984998,0.000598816259298,0.000622469524387,0.000467810372356,0.000548062613234,0.000473966385471,0.000572805467527,0.000741911819205,0.000925454427488,0.000896350014955,0.000374954979634,0.000140059506521,0.0000696075512678,0.0000317514095514,0.00000780950267654,3.96046630158e-7],"median":[9.34861475343e-7,0.000496377586387,0.00138292415068,0.000530289777089,0.00238268496469,0.000687326770276,0.00081016268814,0.000546978670172,0.000879166182131,0.000403994839871,0.000209600970265,0.000215457606828,0.000218748609768,0.000230201840168,0.000209056335734,0.000247860501986,0.000270961696515,0.000350700691342,0.000553436111659,0.00059895258164,0.000656684278511,0.000294377445243,0.000104630336864,0.0000428373095929,0.00000869458108355,0.0000012255159163,5.29964694351e-8],"min":[6.87373210207e-26,1.94441630806e-24,3.23505004002e-25,3.26704401966e-25,5.39141463647e-24,4.32047008775e-24,3.74532698454e-24,2.93327396313e-24,1.13160534909e-23,1.84033534128e-23,9.57299590109e-24,3.47991978169e-23,1.68557676667e-23,2.86603832266e-23,4.84969091554e-23,6.14038410789e-23,4.93987380976e-23,8.26009438099e-23,9.98164636038e-23,1.48752433806e-22,2.11604591953e-22,2.73629897653e-22,4.05851921584e-22,5.22157458752e-22,8.32682494537e-22,1.26122314123e-21,1.765830275e-21],"var":[3.83285833627e-11,0.00000123214670111,0.00000442427653979,0.00000466548499389,0.0000136079906952,0.00000151838366946,0.00000184955138138,0.0000015219237639,0.00000534083028469,0.00000179535675215,0.00000114866952572,0.00000137963297675,0.00000171545889316,0.0000013892864672,8.02888848739e-7,7.84177359492e-7,4.3078873091e-7,5.08405435085e-7,6.31144303043e-7,0.00000128379656417,9.59096496445e-7,1.3350052086e-7,1.96084464221e-8,8.14252665293e-9,6.11405104323e-9,8.0767881272e-10,1.9162154502e-12]},"barkbands_crest":{"dmean":1.98345422745,"dmean2":3.24062490463,"dvar":3.68045473099,"dvar2":9.82364940643,"max":26.607334137,"mean":7.99738454819,"median":7.06692934036,"min":2.20646929741,"var":14.7895727158},"barkbands_flatness_db":{"dmean":0.015947714448,"dmean2":0.024472611025,"dvar":0.00035025793477,"dvar2":0.000802561466116,"max":0.545762240887,"mean":0.130186095834,"median":0.113874226809,"min":0.0286117885262,"var":0.00343484873883},"barkbands_kurtosis":{"dmean":1.64665877819,"dmean2":2.59404683113,"dvar":48.4805450439,"dvar2":120.150794983,"max":623.274841309,"mean":2.65763616562,"median":-0.556185245514,"min":-1.86977446079,"var":419.223846436},"barkbands_skewness":{"dmean":0.38466334343,"dmean2":0.600323975086,"dvar":0.190535634756,"dvar2":0.472673118114,"max":19.6644573212,"mean":0.911660075188,"median":0.710918784142,"min":-2.69490408897,"var":1.53418183327},"barkbands_spread":{"dmean":4.80969047546,"dmean2":7.58385419846,"dvar":28.0716190338,"dvar2":68.4656143188,"max":106.941993713,"mean":29.7882156372,"median":31.706035614,"min":0.0662586539984,"var":166.994857788},"dissonance":{"dmean":0.013965469785,"dmean2":0.0233959276229,"dvar":0.000273414741969,"dvar2":0.000739832292311,"max":0.500000119209,"mean":0.473728328943,"median":0.48190331459,"min":0.19538114965,"var":0.000772303785197},"dynamic_complexity":1.99590265751,"erbbands":{"dmean":[0.0101572079584,0.157814323902,0.980077147484,2.39191818237,5.08146715164,6.22629117966,6.13280773163,2.66272974014,5.46553850174,9.5224199295,13.5638284683,21.9571647644,14.9513540268,13.1724634171,12.5779447556,13.9446086884,15.207482338,16.6512813568,12.5725727081,14.9924707413,15.6384983063,12.7654409409,16.0641784668,20.0516815186,16.2692337036,15.1084775925,11.1539058685,16.5306186676,5.27761983871,2.91838502884,1.33007383347,0.661894977093,0.382383406162,0.179136812687,0.0784106552601,0.0282538682222,0.00623552501202,0.000791636819486,0.000036471959902,0.00000587155000176],"dmean2":[0.0162731893361,0.261246979237,1.6650377512,3.89161157608,8.50830364227,10.0876874924,10.0708417892,4.23747444153,8.52588367462,15.0368490219,21.8219432831,34.7317848206,24.1135959625,21.0418739319,20.1386623383,21.9334926605,23.5146484375,26.3799247742,20.1966991425,23.7821388245,25.3254489899,20.7873935699,26.4707698822,33.0566635132,26.7258453369,24.3391742706,18.493970871,27.4864330292,8.42538452148,4.50990200043,2.08797931671,1.03494668007,0.566994845867,0.257729917765,0.113533042371,0.0413967631757,0.00906084291637,0.00115926691797,0.000052671348385,0.00000914930842555],"dvar":[0.000330956623657,0.0605559125543,1.78963339329,12.8413381577,73.0849761963,85.0451812744,88.4616165161,13.2889451981,68.7802429199,225.67388916,631.204711914,1652.00195312,880.742126465,738.855163574,630.695983887,898.270935059,1090.19091797,1237.31286621,909.543762207,1114.16992188,857.229675293,412.989074707,535.802185059,1023.14123535,528.135620117,711.876586914,278.518371582,728.430908203,56.1387290955,16.6368751526,3.33615326881,0.918175935745,0.805388331413,0.246567696333,0.0902927368879,0.0152959702536,0.000864397617988,0.0000135125983434,2.23934044641e-8,4.9983951006e-11],"dvar2":[0.00076894974336,0.155943289399,5.21080875397,31.9773750305,195.021469116,217.184417725,217.313674927,33.374710083,168.954086304,555.166381836,1637.79211426,4204.5546875,2227.00830078,1871.03759766,1457.18347168,2053.79492188,2479.71386719,2995.23388672,2281.66162109,2695.6887207,2165.55297852,1029.25939941,1367.27624512,2605.3293457,1377.9317627,1736.38757324,752.512207031,1970.7935791,141.219833374,38.6380004883,7.96243238449,2.23268604279,1.77053880692,0.510233223438,0.200706452131,0.0336176604033,0.00189610361122,0.0000289984982373,4.75321648707e-8,1.14836640197e-10],"max":[0.192904740572,2.62938690186,25.0367603302,40.3879127502,106.211723328,174.943252563,192.466751099,80.2264328003,151.764083862,287.167816162,536.595153809,983.841064453,843.965454102,678.985351562,644.900390625,646.563537598,806.42376709,860.222595215,971.689086914,1370.00366211,690.341491699,458.830444336,527.002563477,960.606201172,584.221740723,811.416137695,314.323669434,537.044433594,194.849502563,60.0771827698,25.5688858032,18.5310459137,23.4604740143,16.8070297241,9.35096359253,4.19538640976,1.30563676357,0.17380233109,0.00554030761123,0.000194873849978],"mean":[0.01383149717,0.270429909229,2.000395298,3.60429930687,7.52081775665,12.5061941147,12.3757619858,6.9180355072,14.215760231,21.3536911011,24.9153518677,39.7408638,27.0734558105,23.0556030273,22.1941795349,25.5151920319,29.554889679,31.5337505341,23.7139797211,28.4153728485,30.9256496429,26.1388473511,33.4382667542,38.1482467651,39.2308006287,39.0385894775,31.6648406982,39.5416488647,15.3352746964,7.87687492371,3.64951038361,1.8132570982,1.01919364929,0.458191514015,0.171143591404,0.0536667965353,0.0111372871324,0.00141834933311,0.0000786750169937,0.0000299335733871],"median":[0.00531540811062,0.176462605596,1.3811237812,2.2166185379,4.15245580673,7.47276067734,7.54952526093,4.84644794464,8.08150100708,14.0025043488,15.2577228546,21.3466072083,15.677362442,11.3639326096,10.8719921112,10.0986270905,11.734544754,13.022726059,11.2217988968,14.4108867645,14.808681488,17.0403823853,23.165769577,24.9998474121,29.9188613892,24.3733615875,24.258562088,26.8024520874,12.239736557,5.62262201309,2.81028866768,1.33750736713,0.483466923237,0.159442007542,0.0403161868453,0.00989938527346,0.00159775139764,0.000211641134229,0.0000258284071606,0.0000296394428005],"min":[4.66706582944e-23,5.07512666254e-22,1.5039012924e-21,4.04739837229e-21,1.36541798985e-20,2.09439497691e-20,2.09887193042e-20,5.21203757472e-20,1.01326607121e-19,1.55557918711e-19,1.84862575519e-19,2.59896322754e-19,3.41846812099e-19,6.44940367597e-19,9.14054532603e-19,1.13347897594e-18,1.32300466584e-18,2.10318322162e-18,1.71813302462e-18,3.18130437584e-18,3.6271973258e-18,3.08731970105e-18,4.73455890108e-18,5.1224540824e-18,7.16999079626e-18,8.45493481416e-18,8.18026949176e-18,8.5506495372e-18,1.02976822879e-17,9.21339657015e-18,1.03385648625e-17,7.98930161247e-18,9.27227942205e-18,7.55285547868e-18,5.89973709245e-18,4.19619915275e-18,2.31907901586e-18,9.27631875178e-19,2.28175031937e-19,2.55434471756e-20],"var":[0.000451772037195,0.0918512046337,4.10123157501,17.5959873199,95.3671188354,216.299530029,240.794464111,45.3353805542,276.330718994,586.485351562,1193.42224121,3341.22729492,1637.31347656,1561.1998291,1447.05712891,2748.60229492,3695.18701172,3446.57617188,2118.87792969,2313.06640625,2138.9921875,1041.20739746,1439.13781738,2182.58544922,1700.73754883,2558.88598633,1067.22668457,2238.51831055,221.902282715,66.1544723511,12.8783779144,3.58118534088,2.99653887749,0.956857144833,0.23889991641,0.0335499309003,0.00174173014238,0.0000266364186245,4.90901541639e-8,2.3709037511e-10]},"erbbands_crest":{"dmean":2.08848953247,"dmean2":3.38947892189,"dvar":4.96298027039,"dvar2":12.6787014008,"max":30.6014232635,"mean":7.99924468994,"median":6.66766643524,"min":1.97558641434,"var":18.7269248962},"erbbands_flatness_db":{"dmean":0.013398678042,"dmean2":0.019522337243,"dvar":0.000194812790141,"dvar2":0.000394359434722,"max":0.465178340673,"mean":0.174394339323,"median":0.169633954763,"min":0.0278358086944,"var":0.0018048773054},"erbbands_kurtosis":{"dmean":0.749180018902,"dmean2":1.1701682806,"dvar":1.98761296272,"dvar2":4.55917215347,"max":103.049674988,"mean":0.309138029814,"median":-0.619788169861,"min":-1.75273299217,"var":18.4470691681},"erbbands_skewness":{"dmean":0.312766909599,"dmean2":0.484546989202,"dvar":0.105813249946,"dvar2":0.258620113134,"max":7.67664527893,"mean":-0.00823261030018,"median":-0.17006328702,"min":-3.55032467842,"var":0.751807451248},"erbbands_spread":{"dmean":7.00181341171,"dmean2":10.6154918671,"dvar":56.1398887634,"dvar2":126.560516357,"max":139.358322144,"mean":41.0999755859,"median":40.2846069336,"min":0.859910964966,"var":281.660003662},"gfcc":{"cov":[[24764.3515625,-456.077087402,-3358.67285156,1416.0411377,-1583.32910156,438.382141113,-715.258789062,242.946289062,-464.379516602,82.3745880127,-504.105895996,-29.8244934082,-233.757217407],[-456.077087402,1289.34484863,72.2286300659,-144.714706421,116.508232117,-133.651489258,163.921661377,-82.0770645142,113.677131653,-83.963508606,111.74155426,-88.1087417603,30.4387607574],[-3358.67285156,72.2286300659,1073.8458252,-181.621459961,132.337280273,11.3638525009,84.5144119263,64.120010376,7.7150759697,21.8058509827,39.5015869141,59.677482605,0.802573978901],[1416.0411377,-144.714706421,-181.621459961,356.635131836,-142.063781738,-14.4149188995,14.745136261,12.7792272568,-20.1408786774,0.835871040821,-5.42216920853,1.52481937408,6.76124286652],[-1583.32910156,116.508232117,132.337280273,-142.063781738,340.230224609,33.22315979,20.968952179,11.6672945023,81.7235794067,14.7262420654,24.4126663208,-5.35330295563,18.3852577209],[438.382141113,-133.651489258,11.3638525009,-14.4149188995,33.22315979,180.017608643,26.064414978,46.7588043213,-22.7362289429,28.3286743164,0.791669785976,25.7741374969,-24.5518836975],[-715.258789062,163.921661377,84.5144119263,14.745136261,20.968952179,26.064414978,218.741653442,23.0738563538,-4.69500160217,-29.1569099426,80.1934356689,-1.6595287323,0.403497636318],[242.946289062,-82.0770645142,64.120010376,12.7792272568,11.6672945023,46.7588043213,23.0738563538,145.952316284,38.680721283,15.1039266586,-12.216255188,20.1431522369,-11.4765481949],[-464.379516602,113.677131653,7.7150759697,-20.1408786774,81.7235794067,-22.7362289429,-4.69500160217,38.680721283,141.990829468,31.7740592957,3.69915533066,-21.2276287079,18.4459648132],[82.3745880127,-83.963508606,21.8058509827,0.835871040821,14.7262420654,28.3286743164,-29.1569099426,15.1039266586,31.7740592957,84.1990509033,14.5042972565,2.27672624588,-13.2175302505],[-504.105895996,111.74155426,39.5015869141,-5.42216920853,24.4126663208,0.791669785976,80.1934356689,-12.216255188,3.69915533066,14.5042972565,109.952484131,17.771276474,-6.8162689209],[-29.8244934082,-88.1087417603,59.677482605,1.52481937408,-5.35330295563,25.7741374969,-1.6595287323,20.1431522369,-21.2276287079,2.27672624588,17.771276474,78.782913208,27.2064418793],[-233.757217407,30.4387607574,0.802573978901,6.76124286652,18.3852577209,-24.5518836975,0.403497636318,-11.4765481949,18.4459648132,-13.2175302505,-6.8162689209,27.2064418793,73.6647033691]],"icov":[[0.000768230995163,-0.00172721548006,0.00201423070394,-0.00186162302271,0.00186961528379,-0.00215881830081,0.00218170322478,-0.00270334631205,0.002993817674,-0.00268654082902,0.00279655633494,-0.0017779917689,0.0013648866443],[-0.00172721548006,0.00529454415664,-0.00461758021265,0.00468035507947,-0.00406380509958,0.00510765425861,-0.00527522433549,0.00659738853574,-0.00800497736782,0.00774648273364,-0.00784673262388,0.00558592891321,-0.00366928614676],[0.00201423070394,-0.00461758021265,0.00650622276589,-0.00433678552508,0.00452855648473,-0.00500213447958,0.00490482570603,-0.00749329896644,0.00824364926666,-0.00796263385564,0.00800490472466,-0.00606030039489,0.00412113685161],[-0.00186162302271,0.00468035507947,-0.00433678552508,0.00844788830727,-0.00308302044868,0.00568810384721,-0.00620484678075,0.00603458052501,-0.00745722884312,0.00613522715867,-0.00709165539593,0.00484198192134,-0.00440641772002],[0.00186961528379,-0.00406380509958,0.00452855648473,-0.00308302044868,0.00912544503808,-0.0068758209236,0.0055611198768,-0.00615420704708,0.00461435224861,-0.00558764999732,0.00539316283539,-0.00306750833988,0.00176107336301],[-0.00215881830081,0.00510765425861,-0.00500213447958,0.00568810384721,-0.0068758209236,0.0148726478219,-0.00899332296103,0.00607674522325,-0.00614976324141,0.00349789881147,-0.00478968536481,0.000954191433266,-0.000387648324249],[0.00218170322478,-0.00527522433549,0.00490482570603,-0.00620484678075,0.0055611198768,-0.00899332296103,0.015991717577,-0.0106711508706,0.00960387755185,-0.00254091108218,-0.000752508582082,0.00040825252654,0.000402312056394],[-0.00270334631205,0.00659738853574,-0.00749329896644,0.00603458052501,-0.00615420704708,0.00607674522325,-0.0106711508706,0.0209332797676,-0.0164789371192,0.00989721994847,-0.00545329414308,0.000299932697089,0.000391162524465],[0.002993817674,-0.00800497736782,0.00824364926666,-0.00745722884312,0.00461435224861,-0.00614976324141,0.00960387755185,-0.0164789371192,0.0262622069567,-0.0171458795667,0.0103548467159,-0.00178566609975,-0.000453725777334],[-0.00268654082902,0.00774648273364,-0.00796263385564,0.00613522715867,-0.00558764999732,0.00349789881147,-0.00254091108218,0.00989721994847,-0.0171458795667,0.030150976032,-0.0179590452462,0.00919988565147,-0.00344231864437],[0.00279655633494,-0.00784673262388,0.00800490472466,-0.00709165539593,0.00539316283539,-0.00478968536481,-0.000752508582082,-0.00545329414308,0.0103548467159,-0.0179590452462,0.0312478188425,-0.0184904560447,0.0127975242212],[-0.0017779917689,0.00558592891321,-0.00606030039489,0.00484198192134,-0.00306750833988,0.000954191433266,0.00040825252654,0.000299932697089,-0.00178566609975,0.00919988565147,-0.0184904560447,0.0320385396481,-0.0186462718993],[0.0013648866443,-0.00366928614676,0.00412113685161,-0.00440641772002,0.00176107336301,-0.000387648324249,0.000402312056394,0.000391162524465,-0.000453725777334,-0.00344231864437,0.0127975242212,-0.0186462718993,0.0268386080861]],"mean":[-12.5870962143,97.3206329346,-141.174377441,50.094039917,-75.5651855469,1.98750078678,-29.1358947754,-0.733627796173,-23.8481044769,-6.43808174133,-18.1021347046,-10.3395795822,-11.2878379822]},"hfc":{"dmean":5.45521688461,"dmean2":8.61899852753,"dvar":44.117767334,"dvar2":109.721832275,"max":113.211380005,"mean":27.1966762543,"median":26.1010379791,"min":1.06095819875e-16,"var":323.732727051},"melbands":{"dmean":[0.000124194455566,0.00039579422446,0.00046882595052,0.000410906417528,0.000217035572859,0.0000682957252138,0.0000881002415554,0.000101066485513,0.000130847780383,0.000129878433654,0.0000742377014831,0.0000545382208657,0.0000456529487565,0.0000356669333996,0.0000429596693721,0.0000292015611194,0.0000334961441695,0.000022490754418,0.0000190370956261,0.0000210333164432,0.0000196832334041,0.0000143280994962,0.0000160840118042,0.0000142196604429,0.0000188926169358,0.0000121024886539,0.0000137256056405,0.0000119751020975,0.0000089281847977,0.00000750852632336,0.0000102715684989,0.00000328553232976,0.00000276374112218,0.00000144608532082,8.88127317467e-7,5.38257154403e-7,4.40209021235e-7,3.11273055331e-7,2.34476544847e-7,1.37117211807e-7],"dmean2":[0.000201392293093,0.00066974182846,0.000769239792135,0.000667657062877,0.000355493510142,0.000109141452413,0.000137321316288,0.000159992909175,0.000210451486055,0.000205597549211,0.000119821015687,0.0000870855437825,0.0000731360560167,0.0000569160365558,0.0000671087327646,0.0000456016387034,0.0000534596692887,0.0000363666658814,0.0000298960767395,0.0000336292832799,0.0000322409832734,0.000023652710297,0.0000265853886958,0.0000231540179811,0.0000313079872285,0.0000201456314244,0.0000227488671953,0.0000193267624127,0.000014929543795,0.0000124843254525,0.0000170706498466,0.00000531234127266,0.00000443322505816,0.00000226027714234,0.00000142371959555,8.6312422809e-7,7.05129480139e-7,4.74512347637e-7,3.49535866917e-7,1.99537538492e-7],"dvar":[4.39579181943e-8,2.82731605239e-7,5.5170005453e-7,3.88158156284e-7,9.78239214078e-8,8.85141560047e-9,1.6913729084e-8,2.44486155765e-8,5.93775943969e-8,5.3780144782e-8,2.21335945128e-8,1.30644952634e-8,9.20492393419e-9,4.96979346565e-9,8.72266436858e-9,3.57630436376e-9,5.32001420694e-9,3.09502334872e-9,1.88700721715e-9,1.95999794173e-9,1.4338396026e-9,5.78743108992e-10,5.78319558908e-10,5.12116071771e-10,9.67903757143e-10,3.04271968732e-10,4.8873655123e-10,5.40195055354e-10,1.80439635455e-10,1.38348013601e-10,2.77654732539e-10,2.2327728208e-11,1.59477778205e-11,4.18702702717e-12,1.51536769244e-12,5.75094117293e-13,4.7070924632e-13,5.31971927446e-13,3.36281078938e-13,1.51904137598e-13],"dvar2":[1.04487476449e-7,8.1147675246e-7,0.00000139701455737,9.8934503967e-7,2.44806301453e-7,2.23733671589e-8,4.1743938084e-8,6.06235701639e-8,1.55530770485e-7,1.37162416536e-7,5.59081669849e-8,3.26579012722e-8,2.19949107816e-8,1.13422755632e-8,2.04569179374e-8,8.06834243861e-9,1.305063968e-8,7.80775266662e-9,4.45756009881e-9,4.76705963592e-9,3.66066310598e-9,1.46336187612e-9,1.4802392645e-9,1.25315768873e-9,2.4750734795e-9,8.12529321603e-10,1.26318966398e-9,1.30306521129e-9,4.77359096696e-10,3.68500979731e-10,7.47894635111e-10,5.76765024629e-11,4.07219778731e-11,9.93244896053e-12,3.7548714138e-12,1.44123254997e-12,1.18809833933e-12,1.23147943665e-12,7.51039421626e-13,3.23104851251e-13],"max":[0.00227839895524,0.00913826096803,0.00793217681348,0.0120832212269,0.00530402129516,0.00198078434914,0.00261265714653,0.00294540310279,0.00489688385278,0.00587506312877,0.00418403465301,0.00305400649086,0.00218783644959,0.00123188388534,0.00227319821715,0.00153270096052,0.0018636258319,0.00206715427339,0.00188773986883,0.00157592119649,0.00109514966607,0.000523340655491,0.000597549020313,0.000518171815202,0.000968148291577,0.000488436722662,0.000596662750468,0.000758287496865,0.000253686768701,0.00025119408383,0.00032319498132,0.000128310406581,0.000104327933514,0.0000342829080182,0.0000184522141353,0.0000125491178551,0.0000142253556987,0.000018417596948,0.0000174955603143,0.0000123589225041],"mean":[0.000183142881724,0.00080779340351,0.000710217573214,0.00078374549048,0.000459003727883,0.000165377467056,0.000229580808082,0.000221592126763,0.000231931029703,0.000235178275034,0.000129459571326,0.0000927690707613,0.0000756087465561,0.000061383798311,0.0000778983885539,0.0000528354175913,0.0000603111693636,0.0000382916259696,0.0000342655039276,0.0000385729545087,0.000036088295019,0.0000260689903371,0.000030170818718,0.0000279021478491,0.0000316274235956,0.0000246452436841,0.0000293251341645,0.0000264141017396,0.0000215596410271,0.0000180659317266,0.0000236501891777,0.00000828889005788,0.00000639127438262,0.00000351789958586,0.00000220151764552,0.00000132733714509,0.00000103834304355,7.37564391784e-7,5.53861241315e-7,3.22394868135e-7],"median":[0.0000876687263371,0.000611030613072,0.000446494523203,0.000460735871457,0.000303278618958,0.000112364454253,0.000137315248139,0.000144387071487,0.000132577726617,0.000128348474391,0.0000691444583936,0.0000424549471063,0.0000333205425704,0.0000251438541454,0.0000258172767644,0.0000211938822758,0.0000217295128095,0.0000156180612976,0.0000160183662956,0.0000181972445716,0.0000159040537255,0.0000148272492879,0.000020512197807,0.0000164393386513,0.0000187745135918,0.0000179531980393,0.0000192499137484,0.000014332770661,0.0000156940077431,0.0000126837276184,0.000015500911104,0.00000641343831376,0.00000445789510195,0.00000236774894802,0.00000164647701695,9.98413270281e-7,7.06357013769e-7,3.36234563747e-7,2.05134568887e-7,1.00623672949e-7],"min":[7.20392117383e-25,8.56255363114e-25,1.44508145594e-24,6.19587329394e-25,6.82929260905e-25,1.05163845997e-24,1.37541004965e-24,1.24386719788e-24,1.87990089664e-24,1.30706895867e-24,1.33276176392e-24,2.26749665837e-24,2.35116876801e-24,3.66554593132e-24,2.53263123089e-24,2.91876069741e-24,3.17540830989e-24,2.5253533974e-24,3.27431647905e-24,4.12252082637e-24,3.87038707599e-24,2.8609506037e-24,2.86160437217e-24,3.8946571706e-24,3.40518751715e-24,3.71479767308e-24,3.56681486143e-24,4.46574434547e-24,4.20040151367e-24,3.97927157459e-24,4.65200584368e-24,4.9552861797e-24,4.21319604869e-24,5.01956966601e-24,4.75520620502e-24,5.57817075046e-24,4.31768304217e-24,5.55992163671e-24,6.4600304678e-24,6.11540317072e-24],"var":[6.37426040839e-8,6.00019120611e-7,6.88831732987e-7,9.11466486286e-7,2.66829630391e-7,2.82912591132e-8,6.76630449448e-8,6.16994313418e-8,1.13440592031e-7,1.09285679173e-7,4.18442027694e-8,2.88006489768e-8,2.03213552652e-8,1.32593305224e-8,2.92818924663e-8,1.05766053693e-8,1.36287496844e-8,6.56507648245e-9,3.97758537218e-9,4.57060567172e-9,3.30562355266e-9,1.30621002903e-9,1.30821042887e-9,1.40586109421e-9,1.79791415089e-9,7.11906200657e-10,1.29487331968e-9,1.55862101003e-9,5.78471825996e-10,4.17075152193e-10,8.38818015048e-10,6.80372563844e-11,4.70102047567e-11,1.43383690338e-11,5.01578552997e-12,1.76119286256e-12,1.44560969098e-12,1.61264719026e-12,1.2476199544e-12,5.28401487062e-13]},"melbands_crest":{"dmean":2.80839395523,"dmean2":4.600066185,"dvar":7.02321577072,"dvar2":17.9613571167,"max":34.4729576111,"mean":11.9618492126,"median":11.1452941895,"min":1.54109287262,"var":26.1639442444},"melbands_flatness_db":{"dmean":0.0209679566324,"dmean2":0.0330393016338,"dvar":0.00063390226569,"dvar2":0.00152879266534,"max":0.664961218834,"mean":0.15883000195,"median":0.135106503963,"min":0.00231877248734,"var":0.00638902885839},"melbands_kurtosis":{"dmean":3.42801475525,"dmean2":5.41618585587,"dvar":54.6590461731,"dvar2":128.860733032,"max":591.968566895,"mean":7.10074472427,"median":3.29632019997,"min":-1.8011482954,"var":233.130950928},"melbands_skewness":{"dmean":0.504989683628,"dmean2":0.790636777878,"dvar":0.299009144306,"dvar2":0.72567987442,"max":16.3102684021,"mean":1.98958611488,"median":1.80864405632,"min":-1.16292738914,"var":1.46208548546},"melbands_spread":{"dmean":7.86403560638,"dmean2":12.5437393188,"dvar":67.5815582275,"dvar2":173.316802979,"max":158.154571533,"mean":38.6012153625,"median":37.0336456299,"min":0.201262816787,"var":515.44543457},"mfcc":{"cov":[[9846.80664062,-947.370788574,-993.31854248,356.501647949,-302.063354492,130.406021118,-154.349014282,-56.8202514648,44.5644073486,-13.0739212036,-104.598083496,-24.8688316345,-122.166687012],[-947.370788574,1336.20910645,143.033462524,-2.43923044205,51.5405578613,6.24315452576,26.8666210175,64.2300796509,11.3384494781,55.0567588806,79.0060195923,27.2369327545,39.2538032532],[-993.31854248,143.033462524,643.931030273,41.0830192566,-43.5015716553,-38.3505859375,79.0890579224,34.8698692322,-5.79513835907,-33.7335205078,4.5188741684,17.029718399,25.3862285614],[356.501647949,-2.43923044205,41.0830192566,270.011352539,-70.0579528809,-13.156537056,5.22251653671,17.3127193451,5.08298635483,5.09422636032,-13.5584039688,27.2225589752,8.68768596649],[-302.063354492,51.5405578613,-43.5015716553,-70.0579528809,248.968475342,14.3416700363,-57.4405555725,-12.2740688324,48.8156929016,32.4330596924,11.0008192062,-11.5490016937,16.6717357635],[130.406021118,6.24315452576,-38.3505859375,-13.156537056,14.3416700363,111.949256897,39.6437644958,-9.51375198364,-11.1970586777,5.63200473785,10.9353237152,0.431880235672,-3.05048060417],[-154.349014282,26.8666210175,79.0890579224,5.22251653671,-57.4405555725,39.6437644958,181.519973755,72.085975647,-31.4184207916,-14.1611175537,29.0563182831,25.0492286682,8.4575548172],[-56.8202514648,64.2300796509,34.8698692322,17.3127193451,-12.2740688324,-9.51375198364,72.085975647,120.787773132,28.020029068,3.36188077927,11.7104072571,13.4911174774,17.8793582916],[44.5644073486,11.3384494781,-5.79513835907,5.08298635483,48.8156929016,-11.1970586777,-31.4184207916,28.020029068,104.282051086,30.8457736969,-14.2717609406,-1.82504546642,10.9244709015],[-13.0739212036,55.0567588806,-33.7335205078,5.09422636032,32.4330596924,5.63200473785,-14.1611175537,3.36188077927,30.8457736969,102.917167664,48.3280906677,0.102147772908,-3.36403131485],[-104.598083496,79.0060195923,4.5188741684,-13.5584039688,11.0008192062,10.9353237152,29.0563182831,11.7104072571,-14.2717609406,48.3280906677,93.2165222168,27.4967365265,-1.07298767567],[-24.8688316345,27.2369327545,17.029718399,27.2225589752,-11.5490016937,0.431880235672,25.0492286682,13.4911174774,-1.82504546642,0.102147772908,27.4967365265,71.5113754272,30.82213974],[-122.166687012,39.2538032532,25.3862285614,8.68768596649,16.6717357635,-3.05048060417,8.4575548172,17.8793582916,10.9244709015,-3.36403131485,-1.07298767567,30.82213974,63.7508926392]],"icov":[[0.000150512394612,0.0000724456403987,0.000211146485526,-0.000190374616068,0.000203784860787,-0.000231161931879,0.000159206480021,-0.0000796496897237,-0.000153520362801,0.000099191951449,-0.0000338019344781,-0.0000211307087739,0.000163736665854],[0.0000724456403987,0.000881881976966,-0.000102508776763,-0.0000914898046176,-0.00000837069637782,-0.000284586945781,0.000362872466212,-0.000551653269213,0.000100111479696,-0.000151075932081,-0.000630318012554,0.000122082899907,-0.00035050616134],[0.000211146485526,-0.000102508776763,0.00214669993147,-0.000557566003408,0.00034923129715,0.000686396553647,-0.00098178407643,0.000496004126035,-0.000747453887016,0.000955162162427,-0.000493909581564,0.000474136759294,-0.000437516457168],[-0.000190374616068,-0.0000914898046176,-0.000557566003408,0.00470915948972,0.000995440641418,0.000180402043043,0.000463077478344,-0.000731192762032,0.000447771861218,-0.00172057293821,0.00206206389703,-0.00242181005888,0.000201820526854],[0.000203784860787,-0.00000837069637782,0.00034923129715,0.000995440641418,0.00588175747544,-0.00158062775154,0.00191070896108,0.000053631967603,-0.00243828445673,-0.000045764780225,-0.00149002694525,0.00125526008196,-0.00197792705148],[-0.000231161931879,-0.000284586945781,0.000686396553647,0.000180402043043,-0.00158062775154,0.0118225226179,-0.00516292778775,0.00368701131083,-0.000158087073942,-0.000602953485213,-4.92116157602e-7,0.000699140131474,-0.000278455583612],[0.000159206480021,0.000362872466212,-0.00098178407643,0.000463077478344,0.00191070896108,-0.00516292778775,0.0120448898524,-0.00784857943654,0.00351616716944,0.000855888123624,-0.00172961794306,-0.00193567376118,0.000615395838395],[-0.0000796496897237,-0.000551653269213,0.000496004126035,-0.000731192762032,0.000053631967603,0.00368701131083,-0.00784857943654,0.0152883073315,-0.00630206475034,0.00141643558163,-0.00199580518529,0.00202900636941,-0.00285479635932],[-0.000153520362801,0.000100111479696,-0.000747453887016,0.000447771861218,-0.00243828445673,-0.000158087073942,0.00351616716944,-0.00630206475034,0.0163870155811,-0.00695700384676,0.0067654713057,-0.00272127939388,0.0000661771919113],[0.000099191951449,-0.000151075932081,0.000955162162427,-0.00172057293821,-0.000045764780225,-0.000602953485213,0.000855888123624,0.00141643558163,-0.00695700384676,0.0181820429862,-0.0123517941684,0.00483208941296,-0.000782954040915],[-0.0000338019344781,-0.000630318012554,-0.000493909581564,0.00206206389703,-0.00149002694525,-4.92116157602e-7,-0.00172961794306,-0.00199580518529,0.0067654713057,-0.0123517941684,0.0231440048665,-0.010616812855,0.00512924371287],[-0.0000211307087739,0.000122082899907,0.000474136759294,-0.00242181005888,0.00125526008196,0.000699140131474,-0.00193567376118,0.00202900636941,-0.00272127939388,0.00483208941296,-0.010616812855,0.0243241209537,-0.0117990588769],[0.000163736665854,-0.00035050616134,-0.000437516457168,0.000201820526854,-0.00197792705148,-0.000278455583612,0.000615395838395,-0.00285479635932,0.0000661771919113,-0.000782954040915,0.00512924371287,-0.0117990588769,0.0233235582709]],"mean":[-628.303283691,106.184440613,-8.45168590546,37.0830345154,-18.7560710907,3.75957155228,-4.69174194336,1.41042804718,-2.33293628693,-0.759350478649,-2.72114610672,-2.17603731155,-8.19016456604]},"pitch_salience":{"dmean":0.0595951117575,"dmean2":0.0970878228545,"dvar":0.00297156418674,"dvar2":0.00768649158999,"max":0.993258059025,"mean":0.593975067139,"median":0.606589198112,"min":0.0852202475071,"var":0.0128343291581},"silence_rate_20dB":{"dmean":0,"dmean2":0,"dvar":0,"dvar2":0,"max":1,"mean":1,"median":1,"min":1,"var":0},"silence_rate_30dB":{"dmean":0,"dmean2":0,"dvar":0,"dvar2":0,"max":1,"mean":1,"median":1,"min":1,"var":0},"silence_rate_60dB":{"dmean":0.00258987490088,"dmean2":0.0051800692454,"dvar":0.00258345482871,"dvar2":0.00614098459482,"max":1,"mean":0.0300900228322,"median":0,"min":0,"var":0.0291849579662},"spectral_centroid":{"dmean":260.049621582,"dmean2":413.484863281,"dvar":89714.9375,"dvar2":221287.25,"max":11784.0097656,"mean":2022.18310547,"median":2039.4901123,"min":186.273757935,"var":1642386.5},"spectral_complexity":{"dmean":4.47567367554,"dmean2":7.06623077393,"dvar":23.7502002716,"dvar2":54.9188270569,"max":63,"mean":26.8613262177,"median":28,"min":0,"var":164.071029663},"spectral_contrast_coeffs":{"dmean":[0.0512889847159,0.042343519628,0.0391437150538,0.0322663038969,0.024138238281,0.019080074504],"dmean2":[0.084027223289,0.06902551651,0.0639578998089,0.0519069470465,0.0386135689914,0.0298214796931],"dvar":[0.00176574476063,0.00120755890384,0.00105630792677,0.000811223406345,0.000478747475427,0.00038284205948],"dvar2":[0.00468772556633,0.00320838135667,0.00266975676641,0.00191025726963,0.00112516281661,0.000876330188476],"max":[-0.280689418316,-0.453897804022,-0.434889554977,-0.48887860775,-0.5571834445,-0.554630637169],"mean":[-0.588962852955,-0.743094742298,-0.767709434032,-0.769258379936,-0.776910662651,-0.687623560429],"median":[-0.590558469296,-0.748032689095,-0.776143431664,-0.786431193352,-0.779077291489,-0.671968221664],"min":[-0.982180118561,-0.997046709061,-0.99532109499,-0.993301033974,-0.970519006252,-0.965529978275],"var":[0.00795007962734,0.00476840417832,0.00474730879068,0.00555492006242,0.00354177551344,0.00392976216972]},"spectral_contrast_valleys":{"dmean":[0.453142940998,0.307901978493,0.363584220409,0.34454202652,0.296318590641,0.228006601334],"dmean2":[0.734683990479,0.498905330896,0.570680499077,0.537554562092,0.449319005013,0.311797142029],"dvar":[0.136462256312,0.0710671544075,0.112695798278,0.120618157089,0.140441611409,0.0854997113347],"dvar2":[0.334292769432,0.174912884831,0.259548932314,0.273547649384,0.312129706144,0.165963545442],"max":[-5.79642868042,-5.08748722076,-5.11559534073,-5.70306825638,-5.47427034378,-8.35797405243],"mean":[-7.86912822723,-6.81665277481,-7.37984132767,-7.97307491302,-7.37570428848,-10.456662178],"median":[-7.52785873413,-6.44954299927,-6.98800373077,-7.51239013672,-6.80081176758,-9.98983955383],"min":[-28.5594062805,-28.219171524,-27.6833114624,-27.73138237,-27.6845550537,-27.4170074463],"var":[5.57135009766,6.04680395126,5.84136581421,5.91746091843,6.25560855865,4.95602273941]},"spectral_decrease":{"dmean":1.05012809559e-9,"dmean2":1.6815766557e-9,"dvar":1.34576609135e-18,"dvar2":3.41152921303e-18,"max":2.61938114698e-20,"mean":-4.9102455435e-9,"median":-4.94217822222e-9,"min":-1.76853056644e-8,"var":4.54776249361e-18},"spectral_energy":{"dmean":0.00425863359123,"dmean2":0.00680506788194,"dvar":0.0000219696175918,"dvar2":0.000055295007769,"max":0.0698840394616,"mean":0.0209991857409,"median":0.0213496312499,"min":9.98221449169e-21,"var":0.0000856878032209},"spectral_energyband_high":{"dmean":0.000557269144338,"dmean2":0.000878874619957,"dvar":6.09907772287e-7,"dvar2":0.00000153353721544,"max":0.0171681772918,"mean":0.00203691702336,"median":0.00171534111723,"min":6.90008863832e-21,"var":0.00000392654828829},"spectral_energyband_low":{"dmean":0.00173274893314,"dmean2":0.00287782261148,"dvar":0.0000046378636398,"dvar2":0.0000127677540149,"max":0.0329085960984,"mean":0.00356322224252,"median":0.00306879845448,"min":1.21992692602e-23,"var":0.00000840514621814},"spectral_energyband_middle_high":{"dmean":0.00179070467129,"dmean2":0.00283060944639,"dvar":0.00000584925737712,"dvar2":0.0000147831806316,"max":0.031366661191,"mean":0.00618968624622,"median":0.00534823862836,"min":1.145662314e-21,"var":0.0000219449884753},"spectral_energyband_middle_low":{"dmean":0.00308173615485,"dmean2":0.00487194536254,"dvar":0.0000133540779643,"dvar2":0.0000336779885401,"max":0.0598872229457,"mean":0.0100304717198,"median":0.00916560739279,"min":1.56645498345e-22,"var":0.0000371104069927},"spectral_entropy":{"dmean":0.127614274621,"dmean2":0.191062286496,"dvar":0.0279404688627,"dvar2":0.0607886575162,"max":9.81862354279,"mean":7.66093063354,"median":7.78242206573,"min":3.63860154152,"var":0.287173807621},"spectral_flux":{"dmean":0.0157434288412,"dmean2":0.0236163716763,"dvar":0.000232214530115,"dvar2":0.000501521804836,"max":0.187045693398,"mean":0.0749796405435,"median":0.0742824822664,"min":6.1584001787e-11,"var":0.00104624708183},"spectral_kurtosis":{"dmean":1.48027455807,"dmean2":2.52077269554,"dvar":7.32183742523,"dvar2":19.9999141693,"max":136.176651001,"mean":3.15739703178,"median":1.95386362076,"min":-1.26099061966,"var":37.7354049683},"spectral_rms":{"dmean":0.000450706487754,"dmean2":0.000711501343176,"dvar":2.15757339106e-7,"dvar2":5.27941267592e-7,"max":0.00825709104538,"mean":0.00436662090942,"median":0.00456386990845,"min":3.12069640962e-12,"var":0.00000141955661093},"spectral_rolloff":{"dmean":494.815460205,"dmean2":831.075256348,"dvar":394996.875,"dvar2":984969.25,"max":19896.6796875,"mean":2711.62841797,"median":2605.51757812,"min":129.19921875,"var":5269433},"spectral_skewness":{"dmean":0.213337615132,"dmean2":0.343856960535,"dvar":0.0823026224971,"dvar2":0.205232530832,"max":9.71649646759,"mean":0.995227217674,"median":0.816894590855,"min":-0.108262218535,"var":0.504016399384},"spectral_spread":{"dmean":346949.1875,"dmean2":516216.65625,"dvar":277485584384,"dvar2":544957923328,"max":42893100,"mean":4371867.5,"median":3787726.5,"min":684665.8125,"var":17369013420000},"spectral_strongpeak":{"dmean":0.590909600258,"dmean2":1.02740848064,"dvar":1.08147597313,"dvar2":2.83059763908,"max":15.6660070419,"mean":0.992284297943,"median":0.509739398956,"min":0,"var":1.62240493298},"zerocrossingrate":{"dmean":0.00786904525012,"dmean2":0.00960145983845,"dvar":0.0000527554038854,"dvar2":0.0000749779355829,"max":0.53369140625,"mean":0.0840037316084,"median":0.0830078125,"min":0.00341796875,"var":0.0033982351888}},"metadata":{"audio_properties":{"analysis_sample_rate":44100,"bit_rate":320000,"codec":"mp3","downmix":"mix","equal_loudness":0,"length":376.555114746,"lossless":false,"md5_encoded":"3d1ee22b882b3dc2c624b60e0af9f4ec","replay_gain":-14.5123195648,"sample_rate":44100},"tags":{"album":["Kadavar"],"albumartist":["Kadavar"],"albumartistsort":["Kadavar"],"artist":["Kadavar"],"artistsort":["Kadavar"],"barcode":["4024572549558"],"catalognumber":["TCM 005"],"contentgroup":["Death Metal"],"date":["2012"],"discnumber":["1/1"],"file_name":"02 Black Sun.mp3","genre":["Death Metal; Stoner Rock; Psychedelic Rock; Hard Rock"],"label":["This Charming Man Records"],"language":["eng"],"media":["CD"],"mood":["Retro"],"musicbrainz album release country":["DE"],"musicbrainz album status":["official"],"musicbrainz album type":["album"],"musicbrainz_albumartistid":["aa262bd7-2217-4590-b2e3-38d148508916"],"musicbrainz_albumid":["87ddd7d2-4423-4443-ac4c-285a3737b418"],"musicbrainz_artistid":["aa262bd7-2217-4590-b2e3-38d148508916"],"musicbrainz_recordingid":["5424b59f-5bdd-4aa4-a388-f1ffe5a7e1ca"],"originaldate":["2009"],"script":["Latn"],"title":["Black Sun"],"tracknumber":["2/7"]},"version":{"essentia":"2.1-beta2","essentia_build_sha":"70f2e5ece6736b2c40cc944ad0e695b16b925413","essentia_git_sha":"v2.1_beta2","extractor":"music 1.0"}},"rhythm":{"beats_count":623,"beats_loudness":{"dmean":0.00666930153966,"dmean2":0.011469816789,"dvar":0.0000286837530439,"dvar2":0.0000904501284822,"max":0.0468342378736,"mean":0.0255410950631,"median":0.0263982005417,"min":0,"var":0.0000651427617413},"beats_loudness_band_ratio":{"dmean":[0.143962547183,0.124313831329,0.0919219702482,0.0976617485285,0.0619673356414,0.062541872263],"dmean2":[0.252446621656,0.218243807554,0.156583100557,0.175834476948,0.110572077334,0.110026717186],"dvar":[0.0164385512471,0.0113654965535,0.00655648112297,0.0112972194329,0.00380224152468,0.00323812360875],"dvar2":[0.0489136725664,0.0306231733412,0.0191981978714,0.0331992320716,0.0103187207133,0.0092085497