{"lowlevel":{"average_loudness":0.114173032343,"barkbands":{"dmean":[0.00312147266231,0.00566983409226,0.0013017738238,0.000596233410761,0.000690384942573,0.000604872824624,0.000372541340766,0.000212202532566,0.000368805136532,0.000384588754969,0.000532170699444,0.0013022745261,0.000475526117953,0.000362927326933,0.000200250127818,0.000165669131093,0.000123779624118,0.0000998495161184,0.0000714828856871,0.0000621325889369,0.0000432067608926,0.0000280138010567,0.0000148587614603,0.00000317909098158,0.00000140638462653,0.00000909354730538,0.000171807376319],"dmean2":[0.00533657940105,0.0095976497978,0.00222001271322,0.00103263009805,0.00116416451056,0.000968226639088,0.000598185579292,0.000355089694494,0.000593311851844,0.000633633288089,0.000882420979906,0.00214640167542,0.000802790164016,0.00061706721317,0.000336967292242,0.000280282751191,0.000211383085116,0.000167157384567,0.000117219940876,0.0000994301080937,0.0000661370213493,0.0000427283484896,0.0000223378938244,0.00000509786423208,0.00000236839628087,0.0000136925518746,0.000271410273854],"dvar":[0.0000621556027909,0.000183415715583,0.0000147299388118,0.00000287592547465,0.0000034491254155,0.00000391032835978,9.50897117491e-7,3.18122232557e-7,7.27010444734e-7,8.7900895096e-7,0.00000145188425904,0.00000955722043727,0.00000118350271805,6.53077961488e-7,1.83899871331e-7,1.36384670668e-7,8.93145610803e-8,5.76950291986e-8,2.85646404308e-8,2.15727666841e-8,1.0834162012e-8,4.19382084615e-9,2.21896456765e-9,6.25240414998e-11,1.35226621567e-11,6.14272854804e-10,9.7781743591e-8],"dvar2":[0.000167728023371,0.000504499243107,0.0000399687633035,0.00000818098942545,0.00000948547676671,0.00000932903731155,0.00000241031534642,8.56368728819e-7,0.00000187398757134,0.00000233828245655,0.0000038197822505,0.000024578823286,0.00000326738768308,0.00000181598170457,5.03988360379e-7,3.84640571838e-7,2.54996706417e-7,1.61988239711e-7,7.66798109453e-8,5.49713838893e-8,2.40856632416e-8,9.59447987725e-9,4.90740692527e-9,1.55014168168e-10,3.61049246056e-11,1.36588207411e-9,2.61798220436e-7],"max":[0.128267765045,0.218364804983,0.0576876290143,0.031720019877,0.0338993370533,0.0593520216644,0.0300922971219,0.0177138447762,0.024869164452,0.0206342078745,0.0238709393889,0.0555775389075,0.0166727937758,0.0136021114886,0.00753609510139,0.00756457261741,0.00563794001937,0.0043976707384,0.00343552022241,0.00308708660305,0.00387736060657,0.00152693572454,0.0015517155407,0.000260064349277,0.0000763394273235,0.000664464780129,0.00647453404963],"mean":[0.00394593039528,0.00834396574646,0.00146656797733,0.000693654816132,0.000943161547184,0.000885004468728,0.000590715091676,0.000317724683555,0.000642023689579,0.000605131906923,0.000870758609381,0.0023906826973,0.000864253146574,0.000707453058567,0.000413208879763,0.000369848916307,0.000251617806498,0.000194924228708,0.000161810356076,0.000147460334119,0.000103305916127,0.0000719409654266,0.0000330764232785,0.00000503140518049,0.0000014194384903,0.00001847423664,0.000683553051203],"median":[0.000263634865405,0.000577226164751,0.000309617520543,0.00018099162844,0.000249812524999,0.000195195301785,0.000115736373118,0.0000519310269738,0.000101341895061,0.0000544505419384,0.0000691705063218,0.000141125681694,0.0000612481526332,0.0000473387153761,0.0000416726179537,0.0000329874019371,0.0000272209144896,0.0000351340968336,0.0000287079528789,0.000024890565328,0.000015906034605,0.000008803851415,0.00000345562011717,9.63230263551e-7,1.78424073738e-7,0.00000337127494277,0.000130660424475],"min":[1.85272345517e-23,5.57882684608e-23,4.00198855985e-23,2.20375835384e-23,6.62162081451e-23,8.14682910113e-23,7.93804286306e-23,3.98785564342e-23,8.29777100891e-23,1.39225871836e-22,8.63755170236e-23,7.88623742078e-23,1.15281456873e-22,6.32250242974e-23,1.25226645238e-22,8.73934631357e-23,1.62760180102e-22,2.16495744135e-22,4.10285622794e-22,3.10463643475e-22,3.89765772928e-22,4.30450573606e-22,5.34274564204e-22,1.11994903307e-21,8.42477849817e-22,1.72475175068e-21,2.59774253837e-21],"var":[0.0000787722237874,0.000254709710134,0.0000138822106237,0.00000256966586676,0.00000392777019442,0.00000554751659365,0.00000176149444542,4.95288531965e-7,0.00000155856560013,0.00000157776742071,0.00000294473056783,0.0000228283461183,0.0000026223592613,0.00000165656979334,5.51705682028e-7,4.2460371219e-7,2.26491863486e-7,1.29555957074e-7,9.17153428759e-8,7.90046499333e-8,3.72549138206e-8,1.87028952325e-8,5.4235669289e-9,1.22166901595e-10,1.39279551434e-11,1.35947320068e-9,0.00000107746211597]},"barkbands_crest":{"dmean":2.73546552658,"dmean2":4.47131586075,"dvar":5.75773763657,"dvar2":14.8896989822,"max":25.7924442291,"mean":9.78065681458,"median":8.85960197449,"min":2.29270792007,"var":17.7480144501},"barkbands_flatness_db":{"dmean":0.0226093642414,"dmean2":0.0353191494942,"dvar":0.00042044086149,"dvar2":0.00100638903677,"max":0.365601480007,"mean":0.116044133902,"median":0.107043132186,"min":0.0359538607299,"var":0.00189393211622},"barkbands_kurtosis":{"dmean":3.38421559334,"dmean2":5.31982898712,"dvar":48.5883293152,"dvar2":111.256118774,"max":212.929519653,"mean":5.11950588226,"median":1.58308708668,"min":-1.80645775795,"var":118.381706238},"barkbands_skewness":{"dmean":0.596883773804,"dmean2":0.921534061432,"dvar":0.397092908621,"dvar2":0.91131311655,"max":12.6900577545,"mean":1.71993839741,"median":1.41530036926,"min":-2.10411667824,"var":1.76601493359},"barkbands_spread":{"dmean":8.84339332581,"dmean2":13.6243104935,"dvar":78.4859542847,"dvar2":167.385482788,"max":114.235046387,"mean":39.2792472839,"median":37.0832595825,"min":1.409979105,"var":457.329193115},"dissonance":{"dmean":0.0148039748892,"dmean2":0.0249607730657,"dvar":0.000246527750278,"dvar2":0.000670034321956,"max":0.500000119209,"mean":0.47497817874,"median":0.482214301825,"min":0.273038029671,"var":0.000559901818633},"dynamic_complexity":8.06694984436,"erbbands":{"dmean":[0.315530359745,0.799061834812,1.52004015446,1.6151920557,2.19021987915,2.36739397049,3.26753115654,5.81225728989,5.03634166718,5.94683361053,5.29218196869,8.75276565552,7.60124588013,15.9387426376,29.4484329224,47.7334899902,21.8195552826,16.1884346008,12.984375,9.60005474091,8.93560886383,5.98475646973,5.51359081268,4.01365327835,3.31496095657,2.92107963562,2.04361128807,1.54876828194,1.08137977123,0.72143882513,0.371695905924,0.125993520021,0.025464259088,0.0158219169825,0.00998625718057,0.00623481767252,0.0188995506614,0.0222289245576,0.00943161919713,0.00376340793446],"dmean2":[0.535979926586,1.35716152191,2.57448577881,2.78001832962,3.7694132328,4.04787635803,5.23902368546,9.42385387421,8.09145927429,9.68584632874,8.7429523468,14.1120691299,12.5512504578,26.2999324799,47.9244651794,79.2994689941,36.6951370239,27.3491687775,21.9540557861,16.0484638214,15.1244983673,10.0854253769,9.24018955231,6.65717077255,5.35336446762,4.70564079285,3.1585559845,2.40339040756,1.65520226955,1.09713089466,0.553189814091,0.193056821823,0.0425682365894,0.0267108902335,0.0167745053768,0.0102529171854,0.0281052235514,0.0318288616836,0.0133872013539,0.00597125245258],"dvar":[0.658457040787,3.07856249809,17.7208557129,24.0479373932,35.1502532959,51.7978897095,78.0552520752,438.310180664,274.387756348,275.22845459,163.068664551,467.210662842,336.592315674,1501.83776855,4518.07324219,12967.8056641,2547.86669922,1336.64587402,812.774047852,420.987792969,410.646362305,222.195251465,175.583770752,95.6726531982,62.4264373779,49.0466079712,23.7030754089,14.8416252136,5.86289548874,3.7897875309,1.30041432381,0.118595287204,0.00408279290423,0.00173078593798,0.000673496047966,0.000222923103138,0.00227705179714,0.00233497633599,0.000261914479779,0.0000526022522536],"dvar2":[1.80783808231,8.58877277374,47.6866798401,68.1792678833,99.709854126,144.429794312,189.095062256,1039.35437012,708.071899414,686.153503418,435.959106445,1206.3671875,905.594299316,3937.90283203,11405.9404297,34173.7421875,6969.98095703,3730.35571289,2251.73632812,1168.12109375,1164.984375,627.930908203,491.679901123,263.974731445,166.920318604,127.06741333,54.0856361389,34.6452140808,13.4547777176,8.42228794098,2.87202382088,0.269882142544,0.0108172614127,0.00462211295962,0.00179674848914,0.000590854266193,0.00498539675027,0.00485798157752,0.000539519882295,0.000140974487294],"max":[12.1366500854,26.5394687653,62.5749855042,94.3706970215,116.213233948,145.776565552,188.853744507,649.920654297,773.336669922,509.830108643,385.989044189,663.340698242,443.181396484,1162.95922852,1211.1171875,2850.89648438,828.753662109,698.111328125,588.141540527,469.463928223,406.715026855,338.935180664,263.883239746,261.402984619,187.032913208,195.64805603,105.378608704,143.998077393,54.4598388672,56.6687850952,33.4683151245,11.1316490173,1.43578135967,0.871911048889,0.537655770779,0.320305883884,1.0839394331,1.21932959557,0.487511962652,0.155096963048],"mean":[0.431913077831,1.13260912895,1.85482060909,2.00881886482,2.73028588295,2.98231124878,4.70785045624,8.26623249054,7.94815015793,8.95363712311,8.95381259918,14.9815683365,13.22701931,27.8551979065,56.2318305969,91.4413146973,44.1919631958,34.6983947754,28.3557281494,21.0733222961,20.5466308594,13.560587883,11.2157840729,8.70278453827,7.8037981987,6.89274358749,4.88169384003,3.68566250801,2.73927211761,1.73171055317,0.819404125214,0.247421264648,0.0310068335384,0.0161400008947,0.0103290602565,0.00790075398982,0.0384359881282,0.057978335768,0.031868558377,0.0193018298596],"median":[0.0214784946293,0.104218013585,0.353488445282,0.620117008686,0.72658854723,0.747659802437,0.98884165287,1.76472818851,1.53402483463,1.77223801613,1.48770642281,2.07849502563,1.96781527996,2.81400418282,3.64329981804,5.86880302429,3.23983407021,2.26178789139,2.14813923836,2.46614527702,1.69248282909,1.64075267315,2.0169737339,1.57392275333,1.43348896503,1.22500634193,0.672879099846,0.590852499008,0.359073638916,0.162254288793,0.0900225117803,0.0400017276406,0.00580261927098,0.00209715031087,0.0013787667267,0.0016753769014,0.00738588953391,0.0105834780261,0.00977794453502,0.00313453422859],"min":[2.29875996389e-21,9.78914779022e-21,4.00406242847e-20,6.88668572746e-20,1.29173584281e-19,2.21508395639e-19,6.24879376586e-19,5.52723584573e-19,1.01900731212e-18,1.11035772685e-18,1.01404019594e-18,1.42616721971e-18,1.99269050335e-18,7.05233097157e-18,2.55825415408e-18,3.71779262803e-18,4.61709594537e-18,4.80722464994e-18,6.85383326716e-18,3.9450447849e-18,7.40636261938e-18,8.23738217716e-18,1.16442156926e-17,1.62387217491e-17,1.90810036693e-17,1.42524460314e-17,1.46784622448e-17,1.78162676738e-17,1.60207546946e-17,1.15362115472e-17,1.84782123415e-17,2.02389142518e-17,1.91186403872e-17,8.79374385716e-18,7.10628961729e-18,6.21609479926e-18,3.05346526653e-18,1.59605533168e-18,3.43076803821e-19,3.2931288032e-20],"var":[0.813310623169,4.44172906876,18.5420570374,21.0954875946,34.4819488525,50.5689086914,132.350006104,575.404785156,470.118774414,450.17300415,322.772918701,950.695983887,636.52355957,2855.49414062,11899.3095703,31479.4121094,6464.45556641,3842.88061523,2516.15454102,1346.07800293,1338.05822754,616.706176758,417.899536133,250.176849365,222.149597168,170.562484741,84.8654556274,46.4929542542,26.5117683411,12.7702312469,3.34830856323,0.300362914801,0.00492140185088,0.00177891331259,0.000707717554178,0.000284695270238,0.00551869161427,0.00986521039158,0.0021059946157,0.000887914211489]},"erbbands_crest":{"dmean":2.80351042747,"dmean2":4.56921482086,"dvar":6.93289852142,"dvar2":17.5135326385,"max":30.2612781525,"mean":9.17681884766,"median":8.08721733093,"min":2.39796614647,"var":18.4221687317},"erbbands_flatness_db":{"dmean":0.018941598013,"dmean2":0.0284706763923,"dvar":0.000269466690952,"dvar2":0.000574657926336,"max":0.318054884672,"mean":0.142074376345,"median":0.140037864447,"min":0.047399289906,"var":0.00111726333853},"erbbands_kurtosis":{"dmean":1.08755350113,"dmean2":1.71301519871,"dvar":2.33561038971,"dvar2":5.13918352127,"max":44.0067481995,"mean":1.22724616528,"median":0.689004659653,"min":-1.6591963768,"var":5.67301559448},"erbbands_skewness":{"dmean":0.344732314348,"dmean2":0.529147267342,"dvar":0.109073542058,"dvar2":0.23045065999,"max":5.43532276154,"mean":0.0721685737371,"median":-0.0189264453948,"min":-4.67196655273,"var":0.628188431263},"erbbands_spread":{"dmean":6.30161571503,"dmean2":9.77255725861,"dvar":38.3818435669,"dvar2":86.2404174805,"max":96.9145278931,"mean":28.363571167,"median":25.775177002,"min":2.25282287598,"var":167.526046753},"gfcc":{"cov":[[13229.2441406,207.852584839,-672.25994873,-99.1959533691,-16.3042106628,801.202758789,475.129241943,205.761062622,199.551254272,133.384552002,394.949279785,592.777648926,120.420051575],[207.852584839,654.441162109,19.6588039398,-163.245864868,53.6990203857,37.5772743225,1.9203029871,46.500995636,-37.5199661255,3.47055792809,66.0570220947,-22.471326828,80.8586349487],[-672.25994873,19.6588039398,304.879302979,62.7282524109,-44.3081169128,-9.39217853546,-119.762435913,31.7295589447,-43.0710067749,15.1315889359,-24.3910923004,-52.3000793457,-8.07138633728],[-99.1959533691,-163.245864868,62.7282524109,215.925231934,83.6119918823,-7.72820615768,47.4676246643,-41.2199058533,-3.30975794792,-15.6809530258,-28.4344520569,-4.97623252869,-45.3289985657],[-16.3042106628,53.6990203857,-44.3081169128,83.6119918823,208.450454712,107.719650269,95.2976150513,-18.2227630615,16.7326145172,-9.02047348022,-1.19185483456,-16.186378479,0.448393464088],[801.202758789,37.5772743225,-9.39217853546,-7.72820615768,107.719650269,310.415496826,79.1358947754,91.7770004272,9.92858123779,39.667591095,39.9290351868,33.0245819092,42.5370407104],[475.129241943,1.9203029871,-119.762435913,47.4676246643,95.2976150513,79.1358947754,213.627807617,3.52482175827,81.3854598999,3.04847717285,7.61454725266,43.7831764221,-22.4895000458],[205.761062622,46.500995636,31.7295589447,-41.2199058533,-18.2227630615,91.7770004272,3.52482175827,161.243469238,16.7307224274,43.9706916809,23.5108299255,-13.6455097198,39.6338043213],[199.551254272,-37.5199661255,-43.0710067749,-3.30975794792,16.7326145172,9.92858123779,81.3854598999,16.7307224274,152.182006836,43.6338996887,-0.337489575148,26.3004627228,-31.0918502808],[133.384552002,3.47055792809,15.1315889359,-15.6809530258,-9.02047348022,39.667591095,3.04847717285,43.9706916809,43.6338996887,73.4761276245,38.0703887939,10.0783948898,18.8922729492],[394.949279785,66.0570220947,-24.3910923004,-28.4344520569,-1.19185483456,39.9290351868,7.61454725266,23.5108299255,-0.337489575148,38.0703887939,81.6114883423,54.2443771362,29.4253940582],[592.777648926,-22.471326828,-52.3000793457,-4.97623252869,-16.186378479,33.0245819092,43.7831764221,-13.6455097198,26.3004627228,10.0783948898,54.2443771362,109.746505737,15.6151103973],[120.420051575,80.8586349487,-8.07138633728,-45.3289985657,0.448393464088,42.5370407104,-22.4895000458,39.6338043213,-31.0918502808,18.8922729492,29.4253940582,15.6151103973,88.7520294189]],"icov":[[0.000153026456246,-0.00024475887767,0.000507298507728,-0.000563876586966,0.000617639860138,-0.000585833564401,0.000184025979252,-0.0000229147281061,-0.000202851035283,0.000130498010549,-0.000164669268997,-0.000369669200154,0.000128820189275],[-0.00024475887767,0.0039663715288,-0.00332796829753,0.0049959779717,-0.00328887812793,0.00211970508099,-0.00261731259525,0.000302096974337,0.000171914536622,0.0029620709829,-0.00482917856425,0.0031418974977,-0.00235197343864],[0.000507298507728,-0.00332796829753,0.00951310619712,-0.0079625910148,0.00513721304014,-0.0039821206592,0.00594841782004,-0.00128142081667,-0.000574895588215,-0.00318093365058,0.00376548431814,-0.00162931915838,0.00261812633835],[-0.000563876586966,0.0049959779717,-0.0079625910148,0.0168559569865,-0.0114563703537,0.00660411128774,-0.00577933108434,-0.000684362486936,0.00599932251498,-0.00317140831612,0.00210556085221,-0.00295100733638,0.002429965185],[0.000617639860138,-0.00328887812793,0.00513721304014,-0.0114563703537,0.0186282042414,-0.0094774896279,-0.000430289655924,0.00547923147678,-0.00722962897271,0.00803717691451,-0.00823346525431,0.0100933043286,-0.0046228771098],[-0.000585833564401,0.00211970508099,-0.0039821206592,0.00660411128774,-0.0094774896279,0.010317761451,-0.0029851666186,-0.00450560357422,0.00538680842146,-0.00563436141238,0.00420372746885,-0.00483354600146,0.000776093394961],[0.000184025979252,-0.00261731259525,0.00594841782004,-0.00577933108434,-0.000430289655924,-0.0029851666186,0.0131324101239,-0.00218544807285,-0.0042052208446,-0.000142821110785,0.00399291608483,-0.0050968718715,0.00359078962356],[-0.0000229147281061,0.000302096974337,-0.00128142081667,-0.000684362486936,0.00547923147678,-0.00450560357422,-0.00218544807285,0.0125648649409,-0.00428171129897,0.00222915317863,-0.00689883949235,0.00923486612737,-0.00605529127643],[-0.000202851035283,0.000171914536622,-0.000574895588215,0.00599932251498,-0.00722962897271,0.00538680842146,-0.0042052208446,-0.00428171129897,0.0200469885021,-0.0203302800655,0.0161904245615,-0.0127262119204,0.00965335033834],[0.000130498010549,0.0029620709829,-0.00318093365058,-0.00317140831612,0.00803717691451,-0.00563436141238,-0.000142821110785,0.00222915317863,-0.0203302800655,0.0456233285367,-0.033190112561,0.0203317645937,-0.01256350521],[-0.000164669268997,-0.00482917856425,0.00376548431814,0.00210556085221,-0.00823346525431,0.00420372746885,0.00399291608483,-0.00689883949235,0.0161904245615,-0.033190112561,0.0505224019289,-0.0302915554494,0.00947630032897],[-0.000369669200154,0.0031418974977,-0.00162931915838,-0.00295100733638,0.0100933043286,-0.00483354600146,-0.0050968718715,0.00923486612737,-0.0127262119204,0.0203317645937,-0.0302915554494,0.0348341241479,-0.0120380744338],[0.000128820189275,-0.00235197343864,0.00261812633835,0.002429965185,-0.0046228771098,0.000776093394961,0.00359078962356,-0.00605529127643,0.00965335033834,-0.01256350521,0.00947630032897,-0.0120380744338,0.0230122040957]],"mean":[-61.8637886047,82.2748336792,-103.244934082,1.12711310387,-5.80626773834,-19.0961437225,12.6309843063,-27.459810257,1.17658221722,-8.2239780426,-4.78246450424,1.95406138897,-13.3562240601]},"hfc":{"dmean":15.1833534241,"dmean2":24.8000392914,"dvar":709.479187012,"dvar2":1941.32885742,"max":676.051818848,"mean":86.1098327637,"median":17.1656322479,"min":1.13480061203e-16,"var":14975.0371094},"melbands":{"dmean":[0.00216735084541,0.000811437086668,0.000289529154543,0.00015679858916,0.000112261819595,0.000126169776195,0.000073200026236,0.0000585522211622,0.0000507421318616,0.0000529726421519,0.0000395352180931,0.0000656464471831,0.0000842645458761,0.000163161181263,0.0000782324859756,0.0000414834757976,0.000032920139347,0.0000257101310126,0.0000149445140778,0.0000123451782201,0.0000114534750537,0.00000725260952095,0.00000589242654314,0.00000490068850922,0.00000345509329236,0.00000290267325909,0.00000241875932261,0.00000204434172701,0.00000150847574787,0.00000120576646623,8.79578578861e-7,6.38444191736e-7,6.50683944059e-7,3.86172700928e-7,2.50883260833e-7,1.44365174037e-7,5.41969988888e-8,1.68215965601e-8,1.45646668059e-8,1.28998536297e-8],"dmean2":[0.00368189997971,0.00136810331605,0.000494168431032,0.000268504576525,0.000181057737791,0.000203040879569,0.000117957191833,0.0000957882948569,0.0000837277038954,0.0000854202007758,0.0000653801034787,0.000108592335891,0.000137861439725,0.000269472686341,0.000130666740006,0.0000702687757439,0.000055917451391,0.0000437926028098,0.0000252086301771,0.0000208504661714,0.0000195576776605,0.0000123366808111,0.00000998900850391,0.00000821647063276,0.00000576094862481,0.00000479589289171,0.0000039401156755,0.00000331183150593,0.0000023762740966,0.00000190494711205,0.00000140775853197,9.94953211375e-7,0.00000102565741145,6.00311466314e-7,3.84266286346e-7,2.19753147235e-7,8.64971738679e-8,2.85000041345e-8,2.46398172976e-8,2.17657945001e-8],"dvar":[0.0000296717735182,0.00000366564017895,7.3603121109e-7,1.86847159966e-7,8.78624462075e-8,1.89603028389e-7,5.06739787909e-8,2.73606026724e-8,1.45632270687e-8,1.66882525576e-8,9.37208177731e-9,2.57328025555e-8,3.47973951875e-8,1.54411537778e-7,3.39488757106e-8,9.35412014513e-9,5.63200375225e-9,3.34213878794e-9,1.06482944684e-9,7.17823855911e-10,7.08443692599e-10,3.22572579758e-10,2.0072375706e-10,1.53439608241e-10,7.00376562301e-11,5.20732103271e-11,3.47723239091e-11,2.47080429033e-11,1.37536110972e-11,9.97327827962e-12,4.47289948136e-12,2.02078262977e-12,2.97487837315e-12,1.35753832221e-12,6.18683760906e-13,1.83631538794e-13,2.1311249003e-14,1.98555237803e-15,1.48268734021e-15,1.14802801089e-15],"dvar2":[0.0000814515442471,0.00000996261496766,0.00000207961124943,5.27373401837e-7,2.1519311133e-7,4.51762446119e-7,1.31664478431e-7,6.86853951493e-8,3.84403193721e-8,4.34209397326e-8,2.51859990641e-8,6.74493279007e-8,9.00984318264e-8,3.97647511363e-7,9.10825903588e-8,2.56731969017e-8,1.57431099268e-8,9.30822974254e-9,2.94370727794e-9,2.00678451634e-9,2.03499972429e-9,9.19968268231e-10,5.67781710537e-10,4.26559343403e-10,1.93841331875e-10,1.39774788965e-10,9.07552644147e-11,6.45925535281e-11,3.31587292346e-11,2.36552149396e-11,1.10434760295e-11,4.78664287026e-12,7.31965703327e-12,3.06678901024e-12,1.41035458052e-12,4.22661254953e-13,5.25538034586e-14,5.30082620457e-15,3.96178824068e-15,3.06635498378e-15],"max":[0.0861330255866,0.0271706711501,0.0158373955637,0.00786531995982,0.00636585475877,0.0131816873327,0.0102771297097,0.0053136376664,0.00298109464347,0.00445459922776,0.00232101301663,0.00443693064153,0.00349546619691,0.00726411351934,0.00386216817424,0.00185801659245,0.00157706649043,0.00117306981701,0.00074868707452,0.000420056137955,0.000500057241879,0.000384932762245,0.000266077404376,0.00028386170743,0.000209681078559,0.000187867306522,0.000136686678161,0.000144086501678,0.0000781787312008,0.000149946034071,0.0000559670515941,0.0000283338613372,0.0000485276068503,0.0000339608377544,0.0000210293510463,0.0000139953799589,0.00000588489911024,9.50301284774e-7,8.09555103842e-7,7.04238232174e-7],"mean":[0.00318657932803,0.00113824545406,0.000382267695386,0.000202634910238,0.000162073774845,0.000184763513971,0.000118715557619,0.0000880557781784,0.0000827318726806,0.000090217559773,0.0000644927204121,0.000107970437966,0.000152025051648,0.000285142770736,0.000149512532516,0.0000773215360823,0.0000639716163278,0.0000498972149217,0.000029803477446,0.0000260286196863,0.0000238329939748,0.000014659950466,0.0000110764040073,0.00000896837264008,0.00000677011394146,0.00000610666666034,0.0000051875031204,0.0000043902264224,0.000003221161478,0.00000253946723205,0.00000193612640942,0.00000152501979755,0.0000013745564047,8.24048015602e-7,5.06688081714e-7,2.9678676583e-7,8.32359248193e-8,1.65945159836e-8,1.43708804856e-8,1.28864545701e-8],"median":[0.000218351531657,0.000195669184905,0.000123607984278,0.0000572841090616,0.0000363031431334,0.0000390563909605,0.0000238711945713,0.0000169122813531,0.0000123303107102,0.0000130922362587,0.00000851529330248,0.0000103844431578,0.0000106740544652,0.000016604344637,0.0000107250880319,0.0000052336108638,0.0000040660124796,0.00000343991564478,0.00000337137021234,0.00000273719592769,0.00000169434383679,0.00000151905339862,0.00000188188982975,0.00000161010314059,0.00000117707247682,0.000001001175292,9.98093923954e-7,7.32950354632e-7,4.08686815945e-7,3.53912668061e-7,3.18910906572e-7,2.10158873415e-7,1.23810508512e-7,7.54716040774e-8,5.08460189508e-8,4.1632873149e-8,1.52155177346e-8,2.18184936784e-9,1.73581538032e-9,1.58709057008e-9],"min":[1.75566658478e-23,1.87636987635e-23,1.38313301763e-23,1.14398305001e-23,1.93281950055e-23,1.26525660912e-23,1.66037266075e-23,1.11567619638e-23,9.2343071489e-24,1.00901384007e-23,9.5222192912e-24,2.86281756136e-23,9.41392841044e-24,7.6367636305e-24,1.03350426353e-23,1.103615302e-23,8.09804925596e-24,1.05595414049e-23,7.35171584214e-24,4.51773737887e-24,1.04706004932e-23,9.24816822387e-24,8.40184826803e-24,1.0361393745e-23,1.29653281409e-23,1.74369688272e-23,9.11251649147e-24,9.46831800327e-24,9.16086814293e-24,9.08084135954e-24,1.11578482253e-23,8.84215571545e-24,7.51198555681e-24,5.91062355719e-24,9.65573005511e-24,1.28804964058e-23,1.18336030427e-23,1.58304583269e-23,8.5782927867e-24,6.85312577333e-24],"var":[0.0000395222123188,0.0000047912599257,6.7434984885e-7,1.84419334914e-7,1.47799937622e-7,2.6280270049e-7,8.87833806473e-8,4.3884057277e-8,2.84983237009e-8,3.33288454613e-8,1.65784950212e-8,4.59434907896e-8,8.46726138093e-8,3.41393416647e-7,8.14349689904e-8,2.1028528252e-8,1.3790041109e-8,8.33454194549e-9,2.88368418033e-9,2.11542205975e-9,1.93744975618e-9,7.72261199433e-10,4.35557784284e-10,2.99607283427e-10,1.58809868034e-10,1.47234641146e-10,1.09209905008e-10,7.1971928417e-11,4.09489699094e-11,2.59221602517e-11,1.28094479468e-11,8.25478574384e-12,8.5149023249e-12,3.33713178619e-12,1.38048925589e-12,4.55291891428e-13,3.77994449705e-14,1.98026625717e-15,1.49014662998e-15,1.16957631731e-15]},"melbands_crest":{"dmean":4.65786600113,"dmean2":7.72362613678,"dvar":16.7469882965,"dvar2":45.581703186,"max":36.8985214233,"mean":17.0532398224,"median":16.0803966522,"min":2.53056836128,"var":45.7094116211},"melbands_flatness_db":{"dmean":0.0309312753379,"dmean2":0.0482582561672,"dvar":0.000694731425028,"dvar2":0.00165587977972,"max":0.511734783649,"mean":0.21756722033,"median":0.210413768888,"min":0.00451516546309,"var":0.00343934935518},"melbands_kurtosis":{"dmean":5.92827415466,"dmean2":9.49258518219,"dvar":110.943603516,"dvar2":255.492523193,"max":350.484985352,"mean":9.56394100189,"median":4.48935222626,"min":-1.86278164387,"var":266.367523193},"melbands_skewness":{"dmean":0.81357550621,"dmean2":1.28681850433,"dvar":0.632133066654,"dvar2":1.55794966221,"max":16.8932342529,"mean":2.34407019615,"median":2.03661870956,"min":-2.10990476608,"var":2.44068431854},"melbands_spread":{"dmean":7.93847799301,"dmean2":12.3960208893,"dvar":98.4056396484,"dvar2":197.857681274,"max":179.529098511,"mean":26.4239253998,"median":23.698102951,"min":0.641402244568,"var":367.614837646},"mfcc":{"cov":[[12301.2841797,777.426940918,-1121.06774902,-2.53076767921,-663.305053711,838.643493652,0.992980599403,804.704223633,-165.213684082,110.563911438,98.0796508789,335.285919189,314.456054688],[777.426940918,721.886474609,-27.3246974945,-123.697608948,2.30847787857,-46.935131073,69.3179168701,-5.24068450928,5.58997392654,-45.3567810059,31.3269424438,23.9544410706,18.8377227783],[-1121.06774902,-27.3246974945,349.657196045,-21.8670082092,99.8920593262,-122.053642273,-17.3015518188,-104.176208496,1.23425912857,-4.12560367584,-14.3214864731,-25.5801086426,-28.1257019043],[-2.53076767921,-123.697608948,-21.8670082092,284.011901855,-41.7803955078,40.3916511536,-36.2687416077,10.1322174072,-44.1643333435,7.92966032028,-25.5687656403,-6.20217847824,-31.8255519867],[-663.305053711,2.30847787857,99.8920593262,-41.7803955078,211.047546387,-2.06138968468,77.0906906128,-50.8180656433,38.0816383362,-4.10764408112,11.8691806793,-25.7768859863,-13.6402101517],[838.643493652,-46.935131073,-122.053642273,40.3916511536,-2.06138968468,260.607727051,46.5089759827,123.441108704,-1.12564241886,43.9923286438,9.23455238342,28.8628482819,41.4036216736],[0.992980599403,69.3179168701,-17.3015518188,-36.2687416077,77.0906906128,46.5089759827,175.677017212,28.9983882904,42.1700630188,-20.5839366913,19.9203186035,1.65217041969,-0.621100902557],[804.704223633,-5.24068450928,-104.176208496,10.1322174072,-50.8180656433,123.441108704,28.9983882904,162.081207275,18.1140365601,40.5271148682,17.0069580078,35.7645187378,26.6889686584],[-165.213684082,5.58997392654,1.23425912857,-44.1643333435,38.0816383362,-1.12564241886,42.1700630188,18.1140365601,117.684036255,41.8215827942,37.9128570557,12.3118572235,1.88528311253],[110.563911438,-45.3567810059,-4.12560367584,7.92966032028,-4.10764408112,43.9923286438,-20.5839366913,40.5271148682,41.8215827942,98.37550354,29.1238117218,23.7686462402,18.5244369507],[98.0796508789,31.3269424438,-14.3214864731,-25.5687656403,11.8691806793,9.23455238342,19.9203186035,17.0069580078,37.9128570557,29.1238117218,73.8945083618,34.7361297607,12.0027446747],[335.285919189,23.9544410706,-25.5801086426,-6.20217847824,-25.7768859863,28.8628482819,1.65217041969,35.7645187378,12.3118572235,23.7686462402,34.7361297607,81.616317749,38.0477256775],[314.456054688,18.8377227783,-28.1257019043,-31.8255519867,-13.6402101517,41.4036216736,-0.621100902557,26.6889686584,1.88528311253,18.5244369507,12.0027446747,38.0477256775,75.1279678345]],"icov":[[0.000202762501431,-0.000218844797928,0.000278205086943,0.0000592139222135,0.000267667201115,-0.000300576473819,0.000110187596874,-0.000504362222273,0.000295701203868,0.0000290317329927,-0.0000535249200766,-0.000221115042223,-0.000164288998349],[-0.000218844797928,0.0018878945848,-0.000146008576849,0.000512492668349,-0.000104074933915,0.000729811028577,-0.000765846460126,0.000510245386977,0.0000210665712075,0.000537786807399,-0.000523265392985,-0.0000958755481406,-0.00000460887167719],[0.000278205086943,-0.000146008576849,0.00485194055364,0.000222833594307,-0.00183192605618,0.00135258561932,0.00038523573312,0.000389777502278,0.00113337463699,-0.00156495370902,0.00117133709136,-0.00116562773474,0.000330280745402],[0.0000592139222135,0.000512492668349,0.000222833594307,0.00470422068611,0.000721624179278,-0.00110557291191,0.000101148893009,0.000386556232115,0.00162854569498,-0.00105251080822,0.000970690103713,-0.00127599213738,0.00301346927881],[0.000267667201115,-0.000104074933915,-0.00183192605618,0.000721624179278,0.00894846767187,-0.00259883864783,-0.00331502221525,0.00276809302159,-0.00109426071867,-0.000334665499395,-0.00147661485244,0.00192978791893,-0.0000596513200435],[-0.000300576473819,0.000729811028577,0.00135258561932,-0.00110557291191,-0.00259883864783,0.00871042534709,-0.00176739727613,-0.00402877992019,0.00191473891027,-0.00262716598809,0.00091647868976,0.000541842484381,-0.00256359553896],[0.000110187596874,-0.000765846460126,0.00038523573312,0.000101148893009,-0.00331502221525,-0.00176739727613,0.00992903672159,-0.00259237224236,-0.00322807813063,0.00506799016148,-0.00135518261231,-0.000206265292945,0.000445420417236],[-0.000504362222273,0.000510245386977,0.000389777502278,0.000386556232115,0.00276809302159,-0.00402877992019,-0.00259237224236,0.0143437217921,-0.0018259412609,-0.00307579804212,0.000841891625896,-0.00171793962363,0.00143842212856],[0.000295701203868,0.0000210665712075,0.00113337463699,0.00162854569498,-0.00109426071867,0.00191473891027,-0.00322807813063,-0.0018259412609,0.0148023664951,-0.00666914042085,-0.00341206719168,-0.000301982392557,0.0012103113113],[0.0000290317329927,0.000537786807399,-0.00156495370902,-0.00105251080822,-0.000334665499395,-0.00262716598809,0.00506799016148,-0.00307579804212,-0.00666914042085,0.0185795929283,-0.00468846037984,-0.0000719185482012,-0.00239481660537],[-0.0000535249200766,-0.000523265392985,0.00117133709136,0.000970690103713,-0.00147661485244,0.00091647868976,-0.00135518261231,0.000841891625896,-0.00341206719168,-0.00468846037984,0.0221027396619,-0.00894580502063,0.00236244639382],[-0.000221115042223,-0.0000958755481406,-0.00116562773474,-0.00127599213738,0.00192978791893,0.000541842484381,-0.000206265292945,-0.00171793962363,-0.000301982392557,-0.0000719185482012,-0.00894580502063,0.0219950340688,-0.0090516358614],[-0.000164288998349,-0.00000460887167719,0.000330280745402,0.00301346927881,-0.0000596513200435,-0.00256359553896,0.000445420417236,0.00143842212856,0.0012103113113,-0.00239481660537,0.00236244639382,-0.0090516358614,0.0210610982031]],"mean":[-722.964050293,145.718078613,-31.1063976288,34.7047538757,-6.76976060867,26.9714508057,2.26070189476,9.58009910583,-2.83865761757,3.33655524254,0.245382592082,3.6401257515,5.08705377579]},"pitch_salience":{"dmean":0.0818701535463,"dmean2":0.133925244212,"dvar":0.0050018876791,"dvar2":0.0132463984191,"max":0.849843800068,"mean":0.536573708057,"median":0.550259530544,"min":0.0988204330206,"var":0.0140745714307},"silence_rate_20dB":{"dmean":0,"dmean2":0,"dvar":0,"dvar2":0,"max":1,"mean":1,"median":1,"min":1,"var":0},"silence_rate_30dB":{"dmean":0.0506990067661,"dmean2":0.101406551898,"dvar":0.0481286160648,"dvar2":0.107968203723,"max":1,"mean":0.936589479446,"median":1,"min":0,"var":0.0593896321952},"silence_rate_60dB":{"dmean":0.0459828190506,"dmean2":0.0919733867049,"dvar":0.0438684001565,"dvar2":0.0980009287596,"max":1,"mean":0.371031582355,"median":0,"min":0,"var":0.233367145061},"spectral_centroid":{"dmean":245.188400269,"dmean2":359.358917236,"dvar":84142.203125,"dvar2":140550.140625,"max":10508.8232422,"mean":1421.39880371,"median":1371.88903809,"min":203.296463013,"var":376880.625},"spectral_complexity":{"dmean":2.23058772087,"dmean2":3.60549139977,"dvar":6.76138210297,"dvar2":16.0635166168,"max":60,"mean":14.8462314606,"median":7,"min":0,"var":234.441360474},"spectral_contrast_coeffs":{"dmean":[0.0492934025824,0.0437299832702,0.0368144400418,0.0252923276275,0.0182122290134,0.0502021200955],"dmean2":[0.0823439881206,0.0726019963622,0.060999378562,0.042451530695,0.0298538226634,0.0773172900081],"dvar":[0.00149168667849,0.00123974075541,0.000878362392541,0.000387099920772,0.000205658274353,0.00166635971982],"dvar2":[0.00405115727335,0.00341451400891,0.00235772505403,0.00109103356954,0.000545550370589,0.00398671999574],"max":[-0.353411585093,-0.496861129999,-0.584498882294,-0.688101232052,-0.705360114574,-0.415638923645],"mean":[-0.718712151051,-0.792282879353,-0.803636074066,-0.818411529064,-0.820060014725,-0.692795753479],"median":[-0.726366996765,-0.801257073879,-0.808590710163,-0.819939255714,-0.820794641972,-0.696689665318],"min":[-0.97356069088,-0.967568874359,-0.971726536751,-0.963725566864,-0.957295894623,-0.960534691811],"var":[0.00540901208296,0.0038116693031,0.00283118360676,0.00101266568527,0.000788539065979,0.00601983582601]},"spectral_contrast_valleys":{"dmean":[0.396782249212,0.337307661772,0.283583372831,0.241040706635,0.246766477823,0.650399565697],"dmean2":[0.654400527477,0.550560832024,0.453986287117,0.374986380339,0.338718175888,1.02754580975],"dvar":[0.115118712187,0.0882447659969,0.0665993019938,0.0588197112083,0.0743579342961,0.282914459705],"dvar2":[0.269956111908,0.199359685183,0.138845324516,0.10693398118,0.107289366424,0.750266909599],"max":[-5.02345561981,-4.84705209732,-4.8560423851,-5.38911056519,-5.73630666733,-8.88104057312],"mean":[-7.68284988403,-7.29915523529,-7.48703145981,-7.77667760849,-8.03647518158,-11.9919662476],"median":[-7.72873783112,-7.24623775482,-7.63022947311,-8.04470920563,-8.09227180481,-11.9768514633],"min":[-27.193069458,-27.0990753174,-26.7676029205,-27.1683826447,-27.3029823303,-27.2057380676],"var":[1.60891413689,1.30012595654,1.66657793522,1.57231116295,1.38068604469,1.46420621872]},"spectral_decrease":{"dmean":2.4585016245e-9,"dmean2":4.09519973488e-9,"dvar":2.73037811456e-17,"dvar2":7.37957933833e-17,"max":8.02298838476e-10,"mean":-5.47311262977e-9,"median":-1.2116666559e-9,"min":-8.95078855478e-8,"var":6.74970247769e-17},"spectral_energy":{"dmean":0.0093349236995,"dmean2":0.0154302921146,"dvar":0.000380997225875,"dvar2":0.00102643563878,"max":0.361768454313,"mean":0.0284672118723,"median":0.0060711633414,"min":1.04882050729e-20,"var":0.00160485401284},"spectral_energyband_high":{"dmean":0.0001690529607,"dmean2":0.000238924883888,"dvar":9.61070085737e-8,"dvar2":1.92337409999e-7,"max":0.00632423488423,"mean":0.000666430278216,"median":0.00013797043357,"min":7.562331537e-21,"var":0.00000104635057596},"spectral_energyband_low":{"dmean":0.00811016745865,"dmean2":0.0137911429629,"dvar":0.000346422195435,"dvar2":0.00094656489091,"max":0.296853840351,"mean":0.0131575381383,"median":0.00177377450746,"min":1.18918572652e-22,"var":0.000534233462531},"spectral_energyband_middle_high":{"dmean":0.00186290673446,"dmean2":0.00302271498367,"dvar":0.0000144216173794,"dvar2":0.0000375538838853,"max":0.0838951170444,"mean":0.00685566430911,"median":0.000695385911968,"min":1.62344595556e-21,"var":0.000118576135719},"spectral_energyband_middle_low":{"dmean":0.00179734348785,"dmean2":0.00289724604227,"dvar":0.0000155512916535,"dvar2":0.0000409185740864,"max":0.0828895792365,"mean":0.00417770585045,"median":0.0018164437497,"min":3.819885889e-22,"var":0.0000381853969884},"spectral_entropy":{"dmean":0.133792296052,"dmean2":0.192503362894,"dvar":0.0178087502718,"dvar2":0.0333992913365,"max":9.79809570312,"mean":7.66022729874,"median":7.71423101425,"min":6.13688182831,"var":0.0803179144859},"spectral_flux":{"dmean":0.0168524365872,"dmean2":0.0270801894367,"dvar":0.000662200385705,"dvar2":0.00153186894022,"max":0.462885588408,"mean":0.0735210925341,"median":0.0423701480031,"min":1.02411940039e-10,"var":0.00473920674995},"spectral_kurtosis":{"dmean":2.53241205215,"dmean2":3.87292122841,"dvar":5.88511037827,"dvar2":13.3880968094,"max":47.3278121948,"mean":16.0380153656,"median":15.6484117508,"min":-1.17954218388,"var":18.1377811432},"spectral_rms":{"dmean":0.0006589438417,"dmean2":0.00105655321386,"dvar":9.21350022054e-7,"dvar2":0.00000245752062256,"max":0.0187868252397,"mean":0.00400437647477,"median":0.0024337391369,"min":3.19881165826e-12,"var":0.0000117378585855},"spectral_rolloff":{"dmean":4242.23486328,"dmean2":7948.07519531,"dvar":47487108,"dvar2":114072696,"max":22006.9335938,"mean":10810.9541016,"median":4909.5703125,"min":43.06640625,"var":91303128},"spectral_skewness":{"dmean":0.221974179149,"dmean2":0.333678096533,"dvar":0.0457073189318,"dvar2":0.0937917158008,"max":4.92061567307,"mean":2.60596203804,"median":2.57547998428,"min":0.0664167702198,"var":0.18033015728},"spectral_spread":{"dmean":385633.40625,"dmean2":577452.125,"dvar":224449871872,"dvar2":355197321216,"max":40547956,"mean":4027208,"median":3929570.5,"min":1791206.5,"var":637667442688},"spectral_strongpeak":{"dmean":0.970101356506,"dmean2":1.76562690735,"dvar":10.8915147781,"dvar2":30.0841083527,"max":76.1973266602,"mean":1.01385581493,"median":0.178079396486,"min":0,"var":10.6645240784},"zerocrossingrate":{"dmean":0.0342251285911,"dmean2":0.0436935015023,"dvar":0.000828576623462,"dvar2":0.00125932693481,"max":0.80419921875,"mean":0.262681156397,"median":0.24072265625,"min":0.03173828125,"var":0.0134569760412}},"metadata":{"audio_properties":{"analysis_sample_rate":44100,"bit_rate":191695,"codec":"mp3","downmix":"mix","equal_loudness":0,"length":275.697387695,"lossless":false,"md5_encoded":"e4aa5569f228a9fc029f569aa795e7d1","replay_gain":0.323612213135,"sample_rate":44100},"tags":{"acoustid_id":["f68123c3-40a5-40ae-923d-60538e89d4e5"],"album":["Echoes, Silence, Patience & Grace"],"albumartist":["Foo Fighters"],"artist":["Foo Fighters"],"date":["2007"],"discnumber":["1/1"],"file_name":"11 - Foo Fighters - But, Honestly.mp3","musicbrainz_albumartistid":["67f66c07-6e61-4026-ade5-7e782fad3a5d"],"musicbrainz_albumid":["ec3a4176-51c2-316e-96b1-23df619e5ace"],"musicbrainz_artistid":["67f66c07-6e61-4026-ade5-7e782fad3a5d"],"musicbrainz_recordingid":["5432546c-d918-4dbf-a1bb-b9c80ffae827"],"musicbrainz_releasegroupid":["0ce4a1f2-7908-3865-8f19-08348546424a"],"replaygain_album_gain":["+0.01 dB"],"replaygain_album_peak":["0.420713"],"replaygain_track_gain":["+1.16 dB"],"replaygain_track_peak":["0.374124"],"title":["But, Honestly"],"tracknumber":["11/13"]},"version":{"essentia":"2.1-beta1","essentia_build_sha":"e76a03f03bb3900de42a1fa0d9be1e72f12def64","essentia_git_sha":"v2.1_beta1-28-g21ef5f4-dirty","extractor":"music 1.0"}},"rhythm":{"beats_count":559,"beats_loudness":{"dmean":0.0121365105733,"dmean2":0.0212510339916,"dvar":0.000265354581643,"dvar2":0.000753876403905,"max":0.191321879625,"mean":0.0395397990942,"median":0.0210108291358,"min":0.00000228396129387,"var":0.00173825689126},"beats_loudness_band_ratio":{"dmean":[0.167667865753,0.0829693824053,0.0490964017808,0.0731475800276,0.0307470988482,0.093500867486],"dmean2":[0.293446391821,0.147828370333,0.0808410570025,0.129599899054,0.054433953017,0.16032987833],"dvar":[0.0190111044794,0.015042738989,0.00588437868282,0.00553120300174,0.000808213546406,0.0118856960908],"dvar2":[0.0577191710472,0.0425831004977,0.0139231709763,0.0161494389176,0.0024