{"lowlevel":{"average_loudness":0.879309117794,"barkbands":{"dmean":[0.0000809543707874,0.00581696955487,0.0027243772056,0.00116215401795,0.00234931404702,0.00204559299164,0.00191982008982,0.0012492564274,0.000860493339133,0.000614689663053,0.000433205859736,0.000438016577391,0.000237810454564,0.000158582217409,0.000107254898467,0.0000648290078971,0.000101475561678,0.000103362901427,0.000112546789751,0.0000865592737682,0.000123207850265,0.000170957209775,0.000184091317351,0.000211100341403,0.00014311625273,0.000107306659629,0.0000341923187079],"dmean2":[0.000102355181298,0.00889384746552,0.00447815516964,0.00189346564002,0.00380546762608,0.00323328142986,0.00311620626599,0.00194960017689,0.00136206962634,0.000955333583988,0.00068228674354,0.000696248724125,0.00037933466956,0.000256753264694,0.000171718667843,0.000108460626507,0.000170116167283,0.000166751618963,0.000177773385076,0.000144771067426,0.000200174399652,0.000272549485089,0.000273338286206,0.000306674191961,0.000203900519409,0.000162626281963,0.0000530751822225],"dvar":[3.72917661196e-8,0.000150321386172,0.0000340081351169,0.00000428053090218,0.0000101963696579,0.000008241834621,0.0000104346308945,0.00000586961505178,0.00000264666050498,0.00000128074373151,8.2068180518e-7,7.02071304204e-7,2.25892279104e-7,1.07780877556e-7,4.84042956828e-8,1.44496761223e-8,2.95650472992e-8,3.01708595885e-8,4.14014103001e-8,2.87883494821e-8,1.03072871127e-7,2.02134245342e-7,2.61730377815e-7,4.07902859934e-7,1.48967401969e-7,9.73767768642e-8,7.13267844787e-9],"dvar2":[6.55900080915e-8,0.000389229593566,0.0000908278525458,0.0000110383252832,0.0000267058421741,0.0000200235972443,0.00002734599002,0.0000146981092257,0.0000068275776357,0.00000312772067446,0.00000201728698812,0.0000018137106963,5.43328269487e-7,2.76440175639e-7,1.14030996201e-7,3.77324695933e-8,7.87145495451e-8,7.6201729371e-8,9.69575353338e-8,7.86308760325e-8,2.59555321236e-7,5.1721519867e-7,5.46252294953e-7,7.33847230094e-7,3.06791207549e-7,2.42090777647e-7,1.95887750465e-8],"max":[0.00383465876803,0.129214346409,0.0973642766476,0.0341297239065,0.0562126897275,0.0461146757007,0.0583636760712,0.062853179872,0.0314751714468,0.0244502294809,0.0244971942157,0.0166010316461,0.012720644474,0.00719304243103,0.00457456335425,0.00210694177076,0.00360752129927,0.00359216146171,0.00614324305207,0.00295077124611,0.00776276132092,0.0109552526847,0.0166010782123,0.0301707349718,0.0108065567911,0.0110092889518,0.00149043975398],"mean":[0.000185394033906,0.012216781266,0.00421457830817,0.00177169509698,0.0044344519265,0.00384831801057,0.00310264178552,0.00229879282415,0.00147086672951,0.00104654487222,0.000714814057574,0.000739431357943,0.000395884213503,0.000250822777161,0.000173811029526,0.0000994354195427,0.000174815693754,0.000209828940569,0.000233790662605,0.000151503089,0.000205865377211,0.000317980739055,0.000325798639096,0.000350651476765,0.000225264855544,0.000123312449432,0.0000381723948522],"median":[0.0000177071415237,0.00666411221027,0.00159558141604,0.000720478477888,0.00300026754849,0.002486895537,0.00153747620061,0.000882465566974,0.000608980015386,0.000482656003442,0.000298112805467,0.000249501666985,0.000140581498272,0.0000773340434534,0.00007739643479,0.0000481579918414,0.00010413009295,0.00012495838746,0.000139839103213,0.0000837088300614,0.0000757669986342,0.0000807959149824,0.000087099520897,0.0000592712676735,0.00003075326822,0.00000849567823025,0.00000257267674897],"min":[3.22572901723e-8,9.53766510214e-10,1.22895416066e-10,3.41690786776e-10,3.83032744411e-10,3.55247081751e-10,1.97118377177e-10,6.45975217761e-11,5.99220950637e-11,5.8839079442e-11,5.98137581131e-11,7.18440792968e-11,1.00510988421e-10,1.29062135978e-10,1.04079564411e-10,6.2180406657e-11,1.80924858428e-10,1.53112980628e-10,1.03270843266e-10,9.09241640312e-11,7.35520880313e-11,2.40376385463e-10,2.22837651109e-10,2.70767852584e-10,2.16783355156e-10,3.01552088855e-10,6.50640763489e-10],"var":[1.6054937646e-7,0.000237447733525,0.0000465682096547,0.00000886328780325,0.0000211617425521,0.0000199730875465,0.0000188266367331,0.0000142445996971,0.00000583181690672,0.00000269334123004,0.00000160644106018,0.00000151314748109,5.47198567347e-7,2.28648005418e-7,9.95550095695e-8,2.40532997964e-8,4.75198120853e-8,7.64378640383e-8,1.34005645691e-7,4.15426839595e-8,1.49941854488e-7,4.02774361419e-7,6.42979330223e-7,0.00000126335737605,3.85217674648e-7,1.30240380258e-7,8.00911426069e-9]},"barkbands_crest":{"dmean":2.48306179047,"dmean2":4.0335483551,"dvar":6.4148106575,"dvar2":16.5765361786,"max":26.2492637634,"mean":10.5498838425,"median":9.57770824432,"min":2.84854722023,"var":19.0741233826},"barkbands_flatness_db":{"dmean":0.0233388189226,"dmean2":0.0348491147161,"dvar":0.000634109717794,"dvar2":0.00144200760406,"max":0.393341898918,"mean":0.142338708043,"median":0.13511043787,"min":0.0319949351251,"var":0.00295285717584},"barkbands_kurtosis":{"dmean":3.33634996414,"dmean2":5.26753234863,"dvar":32.0632095337,"dvar2":79.5810775757,"max":178.545455933,"mean":6.72098731995,"median":4.24858808517,"min":-1.96055340767,"var":94.9385070801},"barkbands_skewness":{"dmean":0.53831911087,"dmean2":0.818635106087,"dvar":0.40085542202,"dvar2":0.867691934109,"max":10.9786195755,"mean":1.95911037922,"median":1.86840081215,"min":-6.09137439728,"var":1.46398115158},"barkbands_spread":{"dmean":6.92692899704,"dmean2":10.5913534164,"dvar":108.967308044,"dvar2":238.81489563,"max":118.714164734,"mean":21.9482212067,"median":16.5158443451,"min":0.617362678051,"var":336.065673828},"dissonance":{"dmean":0.0231041181833,"dmean2":0.038167744875,"dvar":0.000440029718447,"dvar2":0.00115102808923,"max":0.500000059605,"mean":0.451151162386,"median":0.457558393478,"min":0.220305204391,"var":0.00110228604171},"dynamic_complexity":3.42405104637,"erbbands":{"dmean":[0.113932222128,1.49918365479,3.18485784531,3.63280320168,6.05679798126,8.14118099213,13.8610858917,15.5965595245,29.3581008911,21.8322887421,30.4610614777,19.3282756805,21.1657028198,15.7110271454,12.604888916,19.0293064117,11.1469373703,8.70901489258,5.44717264175,4.27160453796,4.19285821915,5.15075445175,5.16864871979,6.5055065155,4.57134532928,4.14293956757,4.08838605881,5.67595291138,6.18927764893,5.45593929291,5.33971452713,4.5043964386,3.59507393837,1.73247265816,1.02402460575,0.604187309742,0.157417029142,0.0436899550259,0.00645631039515,0.000241102228756],"dmean2":[0.166546627879,2.32851219177,5.06314134598,5.85974311829,9.73490715027,13.3818588257,22.4851703644,24.762550354,47.7544403076,32.9172782898,48.5066070557,30.6924057007,32.4089889526,24.9742565155,19.9980831146,30.0841064453,17.5821495056,14.0434818268,8.67884922028,6.80866909027,7.05728054047,8.60646915436,8.37913131714,10.3490228653,7.33287143707,6.88656520844,6.54997634888,9.30095767975,9.95281410217,8.34140300751,7.79597139359,6.37272071838,5.40147781372,2.46823501587,1.50820374489,0.917900085449,0.239975601435,0.0684148743749,0.0100525701419,0.000376630341634],"dvar":[0.0491683334112,10.4807510376,47.556892395,45.265411377,92.030090332,143.769805908,479.426605225,567.209838867,2509.04077148,1466.2454834,4052.2331543,1360.32653809,1494.55712891,1317.35070801,571.07220459,1407.8137207,492.181427002,283.474853516,118.22013855,70.0556945801,59.8306694031,74.0745391846,77.9536056519,131.170028687,89.4166870117,68.6022491455,82.9825057983,265.579559326,302.404632568,155.671356201,259.642913818,269.928161621,88.6804885864,25.9718170166,6.92242574692,3.18011879921,0.245107457042,0.0114204278216,0.000273025798379,4.6102388751e-7],"dvar2":[0.120748475194,27.1134490967,125.251899719,111.859443665,234.51751709,386.29385376,1223.64782715,1409.20935059,6811.43847656,3364.47558594,10528.8408203,3538.08105469,3401.77319336,3382.99584961,1497.81921387,3652.7824707,1165.30847168,728.22479248,284.594726562,164.326705933,160.10168457,195.003585815,198.763504028,305.169921875,226.683181763,185.352737427,207.036758423,688.4921875,787.540283203,350.44519043,544.755493164,474.859558105,175.029037476,52.0882797241,15.1639347076,7.71928453445,0.616573154926,0.0299417823553,0.000737786176614,0.00000135851189498],"max":[2.7266561985,34.552734375,110.411567688,92.1922225952,188.120315552,227.217498779,405.555664062,582.96295166,892.018371582,695.033935547,1629.3840332,797.334350586,1106.47265625,927.561035156,884.497375488,774.20916748,702.712097168,302.209747314,257.868988037,205.948867798,112.851676941,145.058609009,174.925552368,393.288879395,192.613983154,150.620101929,227.21824646,385.375183105,435.474090576,285.088623047,508.770782471,929.508666992,331.060272217,131.235015869,78.0561752319,56.3572998047,17.4994411469,2.7973818779,0.308765500784,0.0133720682934],"mean":[0.257570803165,3.00341701508,5.7128329277,5.73466539383,10.3904237747,14.3918809891,23.6934261322,28.6649475098,48.2577590942,42.6294136047,52.928691864,34.6442642212,37.176776886,27.7057704926,22.8908252716,32.7809104919,20.4931430817,15.1341953278,9.74210453033,7.43714952469,6.92543458939,9.45504760742,10.6585483551,13.9955368042,8.99439239502,7.41510725021,7.53531599045,9.51981639862,11.035779953,10.0152692795,9.4336977005,7.57341861725,5.61992406845,2.88969111443,1.41541910172,0.710141301155,0.180993929505,0.048598729074,0.00694483006373,0.000306749279844],"median":[0.124463498592,1.44509983063,2.60045838356,2.55017495155,5.34779882431,9.24939537048,14.0841417313,17.6385002136,25.3573589325,19.7530441284,23.1110477448,15.784992218,17.3493537903,12.5886716843,11.2669496536,11.258231163,8.35311317444,5.86344766617,4.15279006958,3.63850522041,3.89225482941,5.66305828094,6.41740989685,8.34680366516,5.3744354248,4.04698419571,3.37138819695,3.09202361107,2.88789534569,2.82697463036,2.37960743904,1.37219202518,0.851322054863,0.409679919481,0.173820495605,0.0497382618487,0.014410879463,0.00365511444397,0.000420546304667,0.0000707741564838],"min":[0.00000109200868792,2.46773055324e-7,2.08194748552e-7,8.58930491177e-7,0.00000112029488264,0.00000141021746458,0.00000133715730044,0.0000032256589293,0.00000322426808452,0.0000014249015976,0.00000193772416424,0.00000170231032826,0.00000258688442045,0.00000241656925937,0.00000250614948527,0.0000028612917049,0.00000554849702894,0.00000580636879022,0.00000617571413386,0.00000841700784804,0.00000331880301019,0.0000108173553599,0.0000104852360892,0.00000437640801465,0.00000539605071026,0.00000330499005941,0.00000383837095796,0.00000318329557558,0.00000745910347177,0.00000911417009775,0.00000577389118916,0.0000053975463743,0.00000442515784016,0.0000024010105335,0.00000178151469754,0.00000143804049912,5.55175631689e-7,5.25342386481e-7,6.42254747163e-8,7.26877225077e-9],"var":[0.11010234803,16.1985492706,72.453666687,83.3790283203,190.544967651,270.695343018,960.057983398,1265.79785156,4359.31884766,3695.93579102,8174.76416016,3049.30737305,3364.67236328,2680.2421875,1139.79443359,3002.07739258,1295.16687012,625.723266602,284.400360107,155.372390747,90.826210022,134.157562256,192.513412476,468.425567627,154.94039917,101.598457336,148.29498291,373.47744751,516.259765625,392.909332275,604.826477051,770.365905762,261.273834229,71.8193130493,14.7917127609,4.77389383316,0.293544501066,0.0127009889111,0.000294109398965,4.61687363895e-7]},"erbbands_crest":{"dmean":2.56381821632,"dmean2":4.16738891602,"dvar":5.57587575912,"dvar2":14.2406597137,"max":26.5167179108,"mean":8.63868141174,"median":7.91263914108,"min":2.0825510025,"var":13.4906482697},"erbbands_flatness_db":{"dmean":0.021087244153,"dmean2":0.0303482022136,"dvar":0.000487682060339,"dvar2":0.000935886870138,"max":0.318186968565,"mean":0.13871408999,"median":0.134970188141,"min":0.0293939523399,"var":0.00212528603151},"erbbands_kurtosis":{"dmean":1.16620981693,"dmean2":1.85501289368,"dvar":3.3631029129,"dvar2":7.97492027283,"max":48.5495529175,"mean":0.983176112175,"median":0.330258309841,"min":-1.87864661217,"var":8.13222980499},"erbbands_skewness":{"dmean":0.381013393402,"dmean2":0.587343394756,"dvar":0.153553530574,"dvar2":0.343879789114,"max":6.57680463791,"mean":0.732486307621,"median":0.790462732315,"min":-5.15504312515,"var":0.769088923931},"erbbands_spread":{"dmean":10.697555542,"dmean2":16.3030204773,"dvar":156.485427856,"dvar2":354.641265869,"max":178.323150635,"mean":45.8724937439,"median":39.1974105835,"min":4.37581777573,"var":622.184936523},"gfcc":{"cov":[[12093.9931641,553.191833496,487.261016846,-195.911560059,36.8104095459,151.745620728,113.199752808,467.996704102,85.6577148438,230.236816406,-167.79586792,113.875274658,-84.5306549072],[553.191833496,2422.8503418,-451.401275635,93.9615783691,304.913726807,-229.486633301,165.99005127,27.8448505402,203.33682251,-119.4479599,206.698547363,-21.1322994232,70.7820510864],[487.261016846,-451.401275635,747.174682617,172.204040527,47.7999076843,169.854598999,30.6587123871,37.8620376587,38.3518829346,97.871887207,-43.7098999023,53.0793571472,38.2124977112],[-195.911560059,93.9615783691,172.204040527,464.986328125,55.1286354065,101.569961548,87.3407363892,-13.7201709747,131.262298584,43.2334861755,51.1821022034,-4.46600723267,91.8916473389],[36.8104095459,304.913726807,47.7999076843,55.1286354065,310.659606934,8.65987205505,50.7091064453,60.5669136047,65.0324020386,32.1076698303,17.6114597321,9.43971347809,25.6038265228],[151.745620728,-229.486633301,169.854598999,101.569961548,8.65987205505,231.066574097,40.6520385742,34.1770133972,22.5801124573,41.7111129761,13.448009491,17.5584869385,8.44843578339],[113.199752808,165.99005127,30.6587123871,87.3407363892,50.7091064453,40.6520385742,254.689651489,66.3896560669,36.968082428,17.1467323303,38.194683075,29.7057819366,33.5128517151],[467.996704102,27.8448505402,37.8620376587,-13.7201709747,60.5669136047,34.1770133972,66.3896560669,149.882049561,28.4521999359,36.2168769836,19.8694610596,33.6387329102,10.5898256302],[85.6577148438,203.33682251,38.3518829346,131.262298584,65.0324020386,22.5801124573,36.968082428,28.4521999359,161.522354126,51.5813102722,42.907951355,-1.91354072094,40.6167984009],[230.236816406,-119.4479599,97.871887207,43.2334861755,32.1076698303,41.7111129761,17.1467323303,36.2168769836,51.5813102722,128.800231934,19.2908992767,23.7649974823,33.7772598267],[-167.79586792,206.698547363,-43.7098999023,51.1821022034,17.6114597321,13.448009491,38.194683075,19.8694610596,42.907951355,19.2908992767,122.978424072,35.0994338989,15.2733983994],[113.875274658,-21.1322994232,53.0793571472,-4.46600723267,9.43971347809,17.5584869385,29.7057819366,33.6387329102,-1.91354072094,23.7649974823,35.0994338989,81.6381988525,21.3807621002],[-84.5306549072,70.7820510864,38.2124977112,91.8916473389,25.6038265228,8.44843578339,33.5128517151,10.5898256302,40.6167984009,33.7772598267,15.2733983994,21.3807621002,119.979598999]],"icov":[[0.000122755373013,-0.000141363867442,-0.0000683977050357,0.00000338197332894,0.000187870973605,-0.0000995334703475,0.0000618427366135,-0.000383702747058,0.0000369860572391,-0.000323340966133,0.00047149520833,-0.000194732929231,0.000225776006118],[-0.000141363867442,0.00106009899173,0.00030039428384,0.000133410911076,-0.000961596379057,0.000796242267825,-0.000461715186248,0.000543390517123,-0.000997630762868,0.00158582860604,-0.00181628426071,0.000642831611913,-0.000684774538968],[-0.0000683977050357,0.00030039428384,0.00218533608131,-0.000722044380382,-0.000453556451248,-0.000805508811027,0.0000314252647513,0.000251535442658,-0.000211191232665,-0.000551103905309,0.00117163197137,-0.00155322568025,0.000108407679363],[0.00000338197332894,0.000133410911076,-0.000722044380382,0.00411196798086,-0.000216486703721,-0.00106747553218,-0.00097286736127,0.00153154123109,-0.00246506137773,0.000883886648808,-0.00143930630293,0.00159561552573,-0.00225321762264],[0.000187870973605,-0.000961596379057,-0.000453556451248,-0.000216486703721,0.0046971696429,-0.000348048750311,0.000150231804582,-0.00195515831001,-0.000261384702753,-0.00157066795509,0.0018269836437,-0.000419896707172,0.000535569677595],[-0.0000995334703475,0.000796242267825,-0.000805508811027,-0.00106747553218,-0.000348048750311,0.00649160053581,-0.000638606259599,-0.00075425155228,-0.0000621271537966,0.000237937521888,-0.00190880906302,0.000621006940491,0.000482737435959],[0.0000618427366135,-0.000461715186248,0.0000314252647513,-0.00097286736127,0.000150231804582,-0.000638606259599,0.00524354958907,-0.00228481809609,0.000577704864554,-0.00013168840087,0.000228295015404,-0.00112345069647,-0.000186352597666],[-0.000383702747058,0.000543390517123,0.000251535442658,0.00153154123109,-0.00195515831001,-0.00075425155228,-0.00228481809609,0.0108337346464,-0.00174569699448,-0.000119492025988,-0.00142561912071,-0.00189806392882,-0.000547364412341],[0.0000369860572391,-0.000997630762868,-0.000211191232665,-0.00246506137773,-0.000261384702753,-0.0000621271537966,0.000577704864554,-0.00174569699448,0.0115733053535,-0.00430729519576,-0.00116848060861,0.00236591161229,-0.000355455238605],[-0.000323340966133,0.00158582860604,-0.000551103905309,0.000883886648808,-0.00157066795509,0.000237937521888,-0.00013168840087,-0.000119492025988,-0.00430729519576,0.0134109184146,-0.0035802947823,-0.000149005005369,-0.00313408323564],[0.00047149520833,-0.00181628426071,0.00117163197137,-0.00143930630293,0.0018269836437,-0.00190880906302,0.000228295015404,-0.00142561912071,-0.00116848060861,-0.0035802947823,0.0157940872014,-0.00775104993954,0.00271368422545],[-0.000194732929231,0.000642831611913,-0.00155322568025,0.00159561552573,-0.000419896707172,0.000621006940491,-0.00112345069647,-0.00189806392882,0.00236591161229,-0.000149005005369,-0.00775104993954,0.0193527825177,-0.00393761461601],[0.000225776006118,-0.000684774538968,0.000108407679363,-0.00225321762264,0.000535569677595,0.000482737435959,-0.000186352597666,-0.000547364412341,-0.000355455238605,-0.00313408323564,0.00271368422545,-0.00393761461601,0.0118999816477]],"mean":[7.38673877716,85.3219223022,-88.6598129272,26.8502635956,-68.0844268799,9.81156158447,-31.3891105652,7.03707170486,-19.9530448914,-0.344416230917,-7.56840181351,3.28454136848,-14.164899826]},"hfc":{"dmean":10.1455469131,"dmean2":14.5746412277,"dvar":364.019378662,"dvar2":794.115112305,"max":507.135375977,"mean":26.7840251923,"median":18.4508609772,"min":0.0000309151619149,"var":1024.14990234},"melbands":{"dmean":[0.00135121750645,0.00177230557892,0.000637850025669,0.000515083433129,0.000437096139649,0.000388355256291,0.000429176143371,0.000232075166423,0.000256861007074,0.000114478214527,0.000105109036667,0.0000622098159511,0.0000478842775919,0.000047477260523,0.0000375834169972,0.0000236711530306,0.0000174828837771,0.00000932540115173,0.00000808046115708,0.00000479708387502,0.00000549414426132,0.00000590126501265,0.00000510573454449,0.00000488238219987,0.000005743836482,0.00000399701275455,0.00000288865976472,0.00000294141477752,0.00000266903475676,0.0000028135368666,0.00000385996509067,0.00000362326477443,0.00000353595009983,0.00000314386943501,0.00000326169424625,0.00000306790070681,0.0000028098063467,0.00000283098393083,0.00000204889556699,0.00000133009609726],"dmean2":[0.00203728838824,0.00275248405524,0.00102841539774,0.00083734531654,0.000711229047738,0.000616402714513,0.000694461341482,0.000348785106326,0.000411967863329,0.000180970804649,0.000161185540492,0.0000995442533167,0.0000759260874474,0.0000763806601753,0.0000589654227952,0.0000382131293009,0.0000283143435809,0.0000148664485096,0.0000129563659357,0.0000078893826867,0.00000937849290494,0.0000099266289908,0.00000843058205646,0.00000789439309301,0.00000919596004678,0.00000640918005956,0.0000047874050324,0.00000495004405821,0.00000438208098785,0.00000441320162281,0.0000064551268224,0.00000599452232564,0.0000056328321989,0.00000491295077154,0.00000486455201099,0.00000452886524727,0.00000413929001297,0.00000442829059466,0.00000298776012642,0.00000194022823052],"dvar":[0.00000759581644161,0.0000138074246934,0.0000011310305581,5.70804729705e-7,4.26341728144e-7,3.28181812392e-7,4.94566734233e-7,1.56162045073e-7,2.77019381656e-7,5.20402281268e-8,3.69916612897e-8,2.1036587583e-8,8.74619576763e-9,9.22588938579e-9,5.73442981988e-9,2.48301113004e-9,1.25850529997e-9,3.96473909259e-10,3.23898324828e-10,7.43076364329e-11,1.0937268452e-10,1.00069529052e-10,7.51372783436e-11,6.96017826707e-11,1.05914464699e-10,6.15429443518e-11,4.01438812747e-11,3.39186317921e-11,3.35716801581e-11,4.53605174255e-11,1.30890659422e-10,1.14665651973e-10,7.22410742338e-11,5.61062099558e-11,9.00447771901e-11,1.23770382832e-10,1.240645503e-10,5.74606438819e-11,3.22343055026e-11,1.72556292172e-11],"dvar2":[0.0000194752592506,0.0000352973329427,0.00000284913994619,0.00000148867604821,0.00000109880920718,8.14135887595e-7,0.00000131373792556,3.55713893896e-7,7.259531003e-7,1.35172342652e-7,8.44679917122e-8,5.480916343e-8,2.23058531645e-8,2.3716280495e-8,1.4218689337e-8,6.16726980596e-9,3.25729043738e-9,9.58021106889e-10,7.63917040736e-10,1.87589263567e-10,2.9675020774e-10,2.65681254774e-10,1.96568983313e-10,1.73051128982e-10,2.46918041569e-10,1.54576670908e-10,1.07642825209e-10,9.09817152173e-11,8.61639509742e-11,1.09074096977e-10,3.53823026433e-10,3.09552938837e-10,1.70952127454e-10,1.32501051797e-10,1.99092367592e-10,2.46896530998e-10,2.43010889189e-10,1.24887267194e-10,6.29304733324e-11,3.64518207285e-11],"max":[0.031968459487,0.0487379804254,0.0140527561307,0.0145428357646,0.0110731991008,0.0111978510395,0.0123626347631,0.00621013483033,0.0118434550241,0.00523201562464,0.0053680120036,0.00386435166001,0.00309301260859,0.00222674128599,0.00146171660163,0.00129038840532,0.000671910122037,0.000382305326639,0.000389117136365,0.000165131437825,0.000180541639565,0.000196420922293,0.000137102033477,0.000195945380256,0.000368029723177,0.000173534775968,0.000170673520188,0.000108090513095,0.000106076746306,0.000215135180042,0.000287126400508,0.000273833313258,0.000225718162255,0.000158746217494,0.000263152614934,0.000541394168977,0.000708634790499,0.000284986221232,0.000176440531504,0.000113051137305],"mean":[0.00292585301213,0.00351937813684,0.00110782496631,0.000912000366952,0.000783658004366,0.000715372967534,0.000719304080121,0.0004547725257,0.000432029162766,0.000200255279196,0.000178160378709,0.000105273233203,0.0000811800491647,0.0000806980242487,0.0000658058488625,0.0000385325110983,0.0000275369220617,0.0000155289999384,0.0000127953644551,0.00000767086294218,0.00000835335777083,0.00000997970164462,0.00000932215607463,0.000009842824511,0.000011718733731,0.00000775121225161,0.00000492764229421,0.00000488412979394,0.00000453364509667,0.00000481592041979,0.00000585918587603,0.00000612121948507,0.00000621277331447,0.00000536989045941,0.00000553567315364,0.00000506645483256,0.00000439361156168,0.00000398950032832,0.00000343396527569,0.00000209444169741],"median":[0.001634770073,0.00181991967838,0.000593556032982,0.000563900975976,0.000510661164299,0.000443055789219,0.000388543179724,0.000200538823265,0.000183533702511,0.0000872403034009,0.0000789481855463,0.0000453645916423,0.0000368261717085,0.0000296434154734,0.000022784970497,0.0000131064671223,0.00000904593980522,0.00000573712532059,0.00000554789039597,0.00000389251590605,0.00000429563988291,0.00000572525141251,0.0000052139298532,0.00000577991340833,0.00000655764142721,0.00000442010968982,0.00000255422037299,0.00000247871685133,0.00000194399558495,0.0000017995100734,0.00000170165071722,0.00000142030989991,0.00000166478378105,0.00000149863171828,0.00000132231627958,0.00000103968534404,6.62648460548e-7,5.40709265806e-7,4.53141439039e-7,2.80225009419e-7],"min":[1.11632223465e-8,6.00249780436e-11,1.96655997042e-10,9.91982329612e-11,4.68070963933e-11,7.56906551325e-11,4.57206321414e-11,1.81928170445e-11,1.70845716047e-11,8.23227076785e-12,1.06977560491e-11,7.83047758579e-12,8.31398838663e-12,8.18008508152e-12,8.26902955831e-12,9.02059590219e-12,1.09540137377e-11,8.90808867643e-12,1.06384293735e-11,7.15809009288e-12,3.24429155416e-12,9.98112616862e-12,1.34045786623e-11,6.22281132873e-12,2.92389181443e-12,4.41443539709e-12,2.97487035006e-12,2.07781773558e-12,3.24769681634e-12,1.40117355652e-12,1.79562799092e-12,3.54676444464e-12,5.66379625491e-12,4.73579682414e-12,2.96153683174e-12,3.20275815417e-12,3.95572593778e-12,3.21145931029e-12,2.34856860522e-12,1.87085568391e-12],"var":[0.0000131018596221,0.000021958252546,0.00000215390582525,0.00000109359734779,8.60227146404e-7,7.4963543284e-7,9.08841172986e-7,4.27192219377e-7,5.49742821931e-7,1.1306672576e-7,8.11138107792e-8,4.22400958655e-8,1.65990101664e-8,1.9429659659e-8,1.33814532788e-8,5.62331914367e-9,2.52851850568e-9,9.28165933001e-10,6.37509434132e-10,1.31079078147e-10,1.50157747347e-10,1.65740754454e-10,1.52725707081e-10,1.82734855025e-10,3.77613024183e-10,1.27826568774e-10,5.49497634894e-11,4.8007993414e-11,5.52797842224e-11,7.5468777061e-11,1.59806001765e-10,1.76373277094e-10,1.49811080208e-10,1.25950819219e-10,1.90815321877e-10,2.91271895492e-10,3.07841085956e-10,1.44248543665e-10,9.18504369785e-11,4.23096870039e-11]},"melbands_crest":{"dmean":2.81541800499,"dmean2":4.47664260864,"dvar":7.94738388062,"dvar2":18.835018158,"max":38.5436134338,"mean":14.2827138901,"median":13.4607486725,"min":3.59372329712,"var":29.0704269409},"melbands_flatness_db":{"dmean":0.0266107711941,"dmean2":0.0398686937988,"dvar":0.000838843523525,"dvar2":0.00190861744341,"max":0.517616152763,"mean":0.217978283763,"median":0.212262555957,"min":0.0224615391344,"var":0.00464200600982},"melbands_kurtosis":{"dmean":8.13339328766,"dmean2":12.8344841003,"dvar":231.486679077,"dvar2":569.581359863,"max":365.450622559,"mean":18.7364063263,"median":12.2902870178,"min":-1.87531709671,"var":547.573242188},"melbands_skewness":{"dmean":0.757892012596,"dmean2":1.15921640396,"dvar":0.759120643139,"dvar2":1.74991929531,"max":17.5696487427,"mean":3.02343249321,"median":2.75179100037,"min":-3.19573307037,"var":2.88579940796},"melbands_spread":{"dmean":6.97726535797,"dmean2":10.8349637985,"dvar":258.181396484,"dvar2":596.59967041,"max":273.448272705,"mean":20.5573730469,"median":14.30448246,"min":0.467831373215,"var":811.272949219},"mfcc":{"cov":[[10645.3076172,612.315734863,359.317657471,60.8005867004,-43.7396736145,-27.1866779327,77.4280166626,135.38633728,183.770767212,175.61807251,182.64175415,43.492893219,17.4664325714],[612.315734863,1861.95068359,-441.041564941,225.31036377,60.6554145813,-112.018302917,6.55071306229,120.145332336,-74.3141326904,15.3030910492,83.4516906738,1.42701637745,-15.5069322586],[359.317657471,-441.041564941,677.36730957,69.7067108154,59.8744544983,162.342895508,29.4737415314,5.60200929642,86.2476272583,20.0799541473,-14.5348405838,51.4249916077,52.9785194397],[60.8005867004,225.31036377,69.7067108154,362.310699463,60.1043434143,84.7917556763,26.2976360321,27.0127544403,89.3305969238,57.4035491943,8.69740104675,31.8862037659,47.7487640381],[-43.7396736145,60.6554145813,59.8744544983,60.1043434143,284.763885498,61.5742378235,-24.7953090668,-4.94642066956,29.6784667969,55.3878097534,24.3443031311,-17.02161026,3.82958316803],[-27.1866779327,-112.018302917,162.342895508,84.7917556763,61.5742378235,197.860794067,38.0917778015,15.4491081238,57.0005187988,41.5289955139,20.04139328,30.9098186493,12.2248973846],[77.4280166626,6.55071306229,29.4737415314,26.2976360321,-24.7953090668,38.0917778015,168.324752808,74.9625396729,41.2342910767,12.023443222,27.3296432495,20.9953575134,21.1185722351],[135.38633728,120.145332336,5.60200929642,27.0127544403,-4.94642066956,15.4491081238,74.9625396729,156.543045044,9.49111652374,16.5077075958,54.6430664062,11.3544788361,5.08928489685],[183.770767212,-74.3141326904,86.2476272583,89.3305969238,29.6784667969,57.0005187988,41.2342910767,9.49111652374,170.868392944,57.4027175903,-6.07889509201,17.6139755249,21.3275375366],[175.61807251,15.3030910492,20.0799541473,57.4035491943,55.3878097534,41.5289955139,12.023443222,16.5077075958,57.4027175903,127.233604431,35.1753616333,10.5935945511,17.1110458374],[182.64175415,83.4516906738,-14.5348405838,8.69740104675,24.3443031311,20.04139328,27.3296432495,54.6430664062,-6.07889509201,35.1753616333,126.481971741,28.6230144501,-4.26476860046],[43.492893219,1.42701637745,51.4249916077,31.8862037659,-17.02161026,30.9098186493,20.9953575134,11.3544788361,17.6139755249,10.5935945511,28.6230144501,99.3238830566,35.8641700745],[17.4664325714,-15.5069322586,52.9785194397,47.7487640381,3.82958316803,12.2248973846,21.1185722351,5.08928489685,21.3275375366,17.1110458374,-4.26476860046,35.8641700745,94.6203918457]],"icov":[[0.000108888081741,-0.0000680842495058,-0.000127132880152,0.0000603814842179,0.0000786039745435,0.0000984366415651,0.00000748258253225,0.0000112919051389,-0.000135459529702,-0.000121110570035,-0.000153027824126,0.0000549696815142,0.0000159785358846],[-0.0000680842495058,0.000883041473571,0.000576716731302,-0.000778579327744,-0.000334922602633,0.00036308268318,0.0000354143994628,-0.000577781524044,0.00049161358038,0.000139961135574,-0.0000569711628486,-0.000298153696349,0.000191416387679],[-0.000127132880152,0.000576716731302,0.00245130527765,-0.000287469825707,-0.000461964547867,-0.00141884246841,0.000234452090808,-0.000526586838532,-0.000217527122004,0.000664648832753,0.000529684708454,-0.000681269564666,-0.000720509735402],[0.0000603814842179,-0.000778579327744,-0.000287469825707,0.0043220021762,-0.0000771982304286,-0.00140236085281,0.000343361927662,-0.000122955854749,-0.00172731571365,-0.000524296308868,0.000341697450494,-0.0000783418872743,-0.00151528848801],[0.0000786039745435,-0.000334922602633,-0.000461964547867,-0.0000771982304286,0.00456402776763,-0.00117705843877,0.00100972794462,0.000427139137173,-0.000340389204212,-0.00134294223972,-0.0011036854703,0.00181179586798,-0.00046966294758],[0.0000984366415651,0.00036308268318,-0.00141884246841,-0.00140236085281,-0.00117705843877,0.00822310522199,-0.00145463226363,0.000178676884389,-0.000378843804356,-0.00115100329276,-0.000564300804399,-0.00160589499865,0.00172049319372],[0.00000748258253225,0.0000354143994628,0.000234452090808,0.000343361927662,0.00100972794462,-0.00145463226363,0.00874183233827,-0.00381269492209,-0.00195312686265,0.000761927163694,-0.00059743336169,0.00000210860662264,-0.0016243676655],[0.0000112919051389,-0.000577781524044,-0.000526586838532,-0.000122955854749,0.000427139137173,0.000178676884389,-0.00381269492209,0.00979829858989,0.000146497186506,-0.000181484312634,-0.00336939492263,0.000975326518528,0.0000219423855015],[-0.000135459529702,0.00049161358038,-0.000217527122004,-0.00172731571365,-0.000340389204212,-0.000378843804356,-0.00195312686265,0.000146497186506,0.00906221941113,-0.00326751871035,0.00200749584474,-0.000862600631081,0.00055549578974],[-0.000121110570035,0.000139961135574,0.000664648832753,-0.000524296308868,-0.00134294223972,-0.00115100329276,0.000761927163694,-0.000181484312634,-0.00326751871035,0.0115487314761,-0.00304543110542,0.000733439694159,-0.00178672128823],[-0.000153027824126,-0.0000569711628486,0.000529684708454,0.000341697450494,-0.0011036854703,-0.000564300804399,-0.00059743336169,-0.00336939492263,0.00200749584474,-0.00304543110542,0.0120344003662,-0.00410394836217,0.00217824080028],[0.0000549696815142,-0.000298153696349,-0.000681269564666,-0.0000783418872743,0.00181179586798,-0.00160589499865,0.00000210860662264,0.000975326518528,-0.000862600631081,0.000733439694159,-0.00410394836217,0.0142113314942,-0.0050665368326],[0.0000159785358846,0.000191416387679,-0.000720509735402,-0.00151528848801,-0.00046966294758,0.00172049319372,-0.0016243676655,0.0000219423855015,0.00055549578974,-0.00178672128823,0.00217824080028,-0.0050665368326,0.0141395991668]],"mean":[-643.741882324,120.307388306,27.4182281494,19.9268798828,-5.06074047089,1.16568744183,-1.72765946388,7.50317621231,-7.34540891647,-1.38771212101,3.82065415382,2.67507696152,0.148571804166]},"pitch_salience":{"dmean":0.075818747282,"dmean2":0.122873030603,"dvar":0.00603667180985,"dvar2":0.0147405834869,"max":0.920317709446,"mean":0.534425675869,"median":0.545025229454,"min":0.0518500469625,"var":0.0168593470007},"silence_rate_20dB":{"dmean":0,"dmean2":0,"dvar":0,"dvar2":0,"max":1,"mean":1,"median":1,"min":1,"var":0},"silence_rate_30dB":{"dmean":0.020844662562,"dmean2":0.0416931025684,"dvar":0.0204101614654,"dvar2":0.0517376214266,"max":1,"mean":0.983960151672,"median":1,"min":0,"var":0.0157825946808},"silence_rate_60dB":{"dmean":0.00906289648265,"dmean2":0.0181274358183,"dvar":0.00898076035082,"dvar2":0.0203366726637,"max":1,"mean":0.0713185295463,"median":0,"min":0,"var":0.0662321969867},"spectral_centroid":{"dmean":228.690826416,"dmean2":349.471313477,"dvar":102781.71875,"dvar2":224513.421875,"max":6420.46728516,"mean":1141.02770996,"median":968.546325684,"min":160.817718506,"var":593069.0625},"spectral_complexity":{"dmean":3.57078123093,"dmean2":5.48209905624,"dvar":18.1730308533,"dvar2":40.3176574707,"max":57,"mean":16.7952880859,"median":17,"min":0,"var":75.9835586548},"spectral_contrast_coeffs":{"dmean":[0.0486807860434,0.049260482192,0.0384222641587,0.0305280983448,0.0231752619147,0.01988414675],"dmean2":[0.0791700705886,0.0806494578719,0.0617180652916,0.0490315593779,0.0369238704443,0.0310966316611],"dvar":[0.00154662539717,0.00163522851653,0.000996396993287,0.000630553113297,0.000436172413174,0.000412897672504],"dvar2":[0.00406889757141,0.00416100537404,0.00253621605225,0.0015681674704,0.000972104724497,0.000911254261155],"max":[-0.262482076883,-0.366387307644,-0.492667555809,-0.544861078262,-0.572860360146,-0.611763834953],"mean":[-0.633415400982,-0.701277673244,-0.759547472,-0.777952194214,-0.784081101418,-0.764903843403],"median":[-0.644222140312,-0.704200446606,-0.761820852757,-0.782752037048,-0.789870262146,-0.763535499573],"min":[-0.942823886871,-0.949529528618,-0.956785023212,-0.941230475903,-0.9316188097,-0.907018244267],"var":[0.00913074426353,0.00636773556471,0.00418879231438,0.00294273183681,0.00219820975326,0.00205086451024]},"spectral_contrast_valleys":{"dmean":[0.395851373672,0.366386085749,0.3679484725,0.342105954885,0.3155554533,0.450216323137],"dmean2":[0.63575565815,0.581571221352,0.566575944424,0.519951879978,0.461334615946,0.600372612476],"dvar":[0.1326020509,0.11565566808,0.144122511148,0.13774587214,0.147815525532,0.306468933821],"dvar2":[0.303463757038,0.254535853863,0.292880356312,0.2921205163,0.287942200899,0.54989784956],"max":[-4.98310041428,-4.51154088974,-5.04165649414,-5.91357755661,-5.66143274307,-6.83603143692],"mean":[-7.19839429855,-6.5210609436,-7.38064479828,-8.16192436218,-7.869161129,-9.95889186859],"median":[-6.68189430237,-6.20138978958,-7.11985015869,-7.96042728424,-7.6403002739,-9.85591316223],"min":[-14.5417814255,-14.4079360962,-14.7045726776,-15.5647945404,-14.6159448624,-15.7020215988],"var":[2.62677836418,1.64739656448,1.42131781578,1.12909555435,1.10620129108,1.64371800423]},"spectral_decrease":{"dmean":2.97194713283e-9,"dmean2":4.42783232302e-9,"dvar":1.81965556886e-17,"dvar2":4.25748306181e-17,"max":-2.05620483612e-14,"mean":-9.77467795593e-9,"median":-9.05424712982e-9,"min":-5.17605762695e-8,"var":4.71691406328e-17},"spectral_energy":{"dmean":0.0117858881131,"dmean2":0.017526153475,"dvar":0.000278002116829,"dvar2":0.000643224047963,"max":0.201180174947,"mean":0.0393212921917,"median":0.0363913848996,"min":8.04100395158e-8,"var":0.000748588878196},"spectral_energyband_high":{"dmean":0.000879753846675,"dmean2":0.00125301396474,"dvar":0.00000408475216318,"dvar2":0.00000856914175529,"max":0.0607268512249,"mean":0.00167058664374,"median":0.000520293717273,"min":1.98680472074e-9,"var":0.0000113667492769},"spectral_energyband_low":{"dmean":0.00793939922005,"dmean2":0.0119062084705,"dvar":0.000229163226322,"dvar2":0.000568346935324,"max":0.174701318145,"mean":0.0176633112133,"median":0.0114541985095,"min":4.9298684246e-8,"var":0.000389747554436},"spectral_energyband_middle_high":{"dmean":0.0013493380975,"dmean2":0.00209019402973,"dvar":0.00000373179364033,"dvar2":0.00000912968516786,"max":0.0295091886073,"mean":0.00373957725242,"median":0.0026819887571,"min":1.47588752331e-9,"var":0.0000136574499265},"spectral_energyband_middle_low":{"dmean":0.00592706631869,"dmean2":0.00937809422612,"dvar":0.0000491189748573,"dvar2":0.000126537444885,"max":0.125667735934,"mean":0.0175769347697,"median":0.0151564152911,"min":4.06451095003e-9,"var":0.000174985048943},"spectral_entropy":{"dmean":0.205496460199,"dmean2":0.295944958925,"dvar":0.0545680858195,"dvar2":0.105792015791,"max":8.89642333984,"mean":7.55188751221,"median":7.54739522934,"min":5.07737827301,"var":0.282077848911},"spectral_flux":{"dmean":0.027652239427,"dmean2":0.042792506516,"dvar":0.00112615793478,"dvar2":0.00240787351504,"max":0.378410100937,"mean":0.0874847993255,"median":0.07826846838,"min":0.000136839211336,"var":0.00279195350595},"spectral_kurtosis":{"dmean":1.4440420866,"dmean2":2.3184170723,"dvar":3.5814666748,"dvar2":9.33282089233,"max":34.3581352234,"mean":3.77023935318,"median":3.1885035038,"min":-1.24705326557,"var":10.6650886536},"spectral_rms":{"dmean":0.000868103525136,"dmean2":0.00125992053654,"dvar":0.00000104147397906,"dvar2":0.00000223302686209,"max":0.0140097588301,"mean":0.00571777997538,"median":0.00595850590616,"min":0.0000088571341621,"var":0.00000566922790313},"spectral_rolloff":{"dmean":587.598449707,"dmean2":1011.33648682,"dvar":2071204.75,"dvar2":4916106.5,"max":16106.8359375,"mean":1356.98400879,"median":667.529296875,"min":21.533203125,"var":4317350.5},"spectral_skewness":{"dmean":0.226802527905,"dmean2":0.351624846458,"dvar":0.0627210810781,"dvar2":0.141944006085,"max":4.81215953827,"mean":1.51921772957,"median":1.53850924969,"min":-0.233278766274,"var":0.313624471426},"spectral_spread":{"dmean":848905.5,"dmean2":1238255.875,"dvar":1189290442750,"dvar2":2390216409090,"max":16189701,"mean":5691227.5,"median":5328480,"min":1805858.5,"var":4861549608960},"spectral_strongpeak":{"dmean":0.379160702229,"dmean2":0.640740573406,"dvar":0.326561272144,"dvar2":0.828296601772,"max":8.5155620575,"mean":0.720362067223,"median":0.481695771217,"min":0,"var":0.5084182024},"zerocrossingrate":{"dmean":0.0138374678791,"dmean2":0.0158592928201,"dvar":0.000354665127816,"dvar2":0.000383539270842,"max":0.40771484375,"mean":0.0619712769985,"median":0.04736328125,"min":0,"var":0.00258725741878}},"metadata":{"audio_properties":{"analysis_sample_rate":44100,"bit_rate":0,"codec":"flac","downmix":"mix","equal_loudness":0,"length":256.200012207,"lossless":true,"md5_encoded":"cf4b7fb0ddf4fd311bb02337b80f4ca2","replay_gain":-5.03146362305},"tags":{"acoustid_id":["3aeeaa51-2126-4700-bc1f-2a3e1e269429"],"album":["Black Celebration"],"albumartist":["Depeche Mode"],"albumartistsort":["Depeche Mode"],"artist":["Depeche Mode"],"artists":["Depeche Mode"],"artistsort":["Depeche Mode"],"asin":["B0000922A1"],"barcode":["4006758468181"],"catalognumber":["CD STUMM 26","INT 846.818"],"composer":["Martin L. Gore"],"composersort":["Gore, Martin L."],"date":["1986"],"discnumber":["1"],"disctotal":["1"],"engineer":["Peter Schmidt","Richard Sullivan"],"file_name":"08 Here Is the House.flac","genre":["Rock; New Wave; Synth Pop; Alternative; Alternative Rock"],"grouping":["Rock"],"isrc":["GBAJH9900272"],"label":["Mute","Intercord"],"language":["eng"],"lyricist":["Martin L. Gore"],"media":["CD"],"mood":["Melancholy; Sexy; Melancholic; Chill"],"musicbrainz_albumartistid":["8538e728-ca0b-4321-b7e5-cff6565dd4c0"],"musicbrainz_albumid":["ec7a1c27-c6e7-3b55-b031-09d784da9d94"],"musicbrainz_artistid":["8538e728-ca0b-4321-b7e5-cff6565dd4c0"],"musicbrainz_recordingid":["5487843e-1ec8-496d-997a-392ebd089437"],"musicbrainz_releasegroupid":["b9c6879f-3a34-3aa0-a68f-73ced2608f7a"],"musicbrainz_releasetrackid":["a96005fb-5ca1-3697-9780-5263c1232759"],"musicbrainz_workid":["5e38321f-b924-3f2d-901e-974935b12ff6"],"originaldate":["1986-03-17"],"originalyear":["1986"],"performer":["Dave Gahan (lead vocals)"],"producer":["Daniel Miller","Depeche Mode","Gareth Jones"],"releasecountry":["DE"],"releasestatus":["official"],"releasetype":["album"],"replaygain_album_gain":["-0.92 dB"],"replaygain_album_peak":["1.000000"],"replaygain_track_gain":["-0.92 dB"],"replaygain_track_peak":["0.9017