{"lowlevel":{"average_loudness":0.950424849987,"barkbands":{"dmean":[0.0000573667239223,0.00051357888151,0.000850442389492,0.00112031854223,0.00152628927026,0.000848406518344,0.000683715101331,0.000781907117926,0.000654523901176,0.000496898021083,0.000529289769474,0.000415202375734,0.000679859600496,0.000794731720816,0.000671466696076,0.000622024992481,0.000399675889639,0.00040596810868,0.000332102994435,0.000128073254018,0.0000710563472239,0.0000346454253304,0.0000169035974977,0.0000085053161456,0.00000287519560516,3.60037205382e-7,8.68027427714e-10],"dmean2":[0.0000867028284119,0.000813599326648,0.00145066995174,0.00186483003199,0.00254860427231,0.00140799034853,0.00111090368591,0.00121498666704,0.000956059317105,0.000773445644882,0.000785522221122,0.000628454785328,0.00106060737744,0.00121640844736,0.00101468828507,0.00096773187397,0.000607464404311,0.000602083455306,0.0005110729835,0.000198039109819,0.000110234737804,0.0000518219130754,0.0000251363435382,0.0000123992158478,0.00000416297189076,5.88770205923e-7,1.61050139891e-9],"dvar":[2.93833957166e-9,4.57190679981e-7,0.00000121613891224,0.00000205338346859,0.00000333226580551,9.24066057451e-7,8.46286297929e-7,0.00000149613947542,0.00000145761191561,0.00000112160830668,0.00000205660489883,0.00000134383265049,0.00000228298563343,0.00000271243425232,0.00000192672450794,0.00000111693771032,4.88289174427e-7,7.93037429503e-7,2.97995541132e-7,3.9594450385e-8,1.16693801289e-8,4.10984446475e-9,1.3101335572e-9,3.55638768434e-10,3.66455303602e-11,8.77324309121e-13,1.48926838255e-18],"dvar2":[6.2601261952e-9,0.00000114091972137,0.00000335112963512,0.00000521244055562,0.00000911345341592,0.00000238890424953,0.00000209051086131,0.00000343476949638,0.00000285384612653,0.00000251559094977,0.00000376910747946,0.00000276389346254,0.00000520299545315,0.00000577409855396,0.00000411267956224,0.00000260311458078,0.00000103382387806,0.00000139459257298,6.89266528298e-7,8.77780408359e-8,2.67203539295e-8,9.05829544706e-9,3.05641245646e-9,7.8682266258e-10,8.03771910141e-11,2.19927288186e-12,4.75953603326e-18],"max":[0.000517809763551,0.0105561353266,0.0136995548382,0.023188624531,0.0247363205999,0.0133568998426,0.0117620816454,0.0210890732706,0.0296274665743,0.0294243320823,0.0379107818007,0.0367978699505,0.0392931029201,0.0354698263109,0.0535783208907,0.021979117766,0.0130124986172,0.0528560467064,0.0080871200189,0.00453589903191,0.00356705021113,0.00211861054413,0.000895920791663,0.000517528387718,0.00018294378242,0.0000463298747491,1.39998483917e-8],"mean":[0.000086466781795,0.000821016030386,0.00123502896167,0.00180951273069,0.00273274886422,0.00151508837007,0.00114934076555,0.00124532554764,0.00128115632106,0.000879734870978,0.001270254259,0.000737069523893,0.00114025478251,0.00141086697113,0.00119602214545,0.00115847785491,0.000685602833983,0.000815443519969,0.000623725412879,0.000235944826272,0.000143385113915,0.0000665634288453,0.0000318659513141,0.0000165060700965,0.000005447679996,4.59487779381e-7,7.35578653543e-10],"median":[0.000070768801379,0.000538797525223,0.000802005873993,0.00107456138358,0.00204474362545,0.0011110289488,0.000713399960659,0.000629562418908,0.000668716733344,0.000397690542741,0.0002598289866,0.000325422675814,0.000533915241249,0.000608767324593,0.000435216992628,0.000656013784464,0.000315093464451,0.000375824689399,0.000333092961228,0.000139510098961,0.0000988587853499,0.000043666397687,0.0000169062768691,0.00000896862002264,0.00000303202546093,2.10812885371e-7,3.21568605077e-10],"min":[2.76698346482e-24,1.79890136887e-23,5.9653637987e-24,7.74632664808e-25,6.66326320398e-23,4.21387060365e-23,2.73574500685e-23,6.89283561135e-23,5.25739032412e-23,7.47986424516e-23,1.1654277604e-22,1.52550010204e-22,8.02584749944e-23,1.43249504215e-22,8.54373342154e-23,1.48219971628e-22,1.66801937349e-22,1.37534137536e-22,2.8067779555e-22,2.67824537723e-22,5.45117375305e-22,3.70239786827e-22,6.53242159828e-22,7.41388139469e-22,1.08826514795e-21,1.89397844451e-21,2.73742822145e-21],"var":[4.57260895814e-9,7.92416926743e-7,0.00000180091944912,0.00000460306318928,0.00000624260701443,0.00000198787483896,0.00000170084433648,0.00000293275616059,0.00000418855825046,0.00000286135946226,0.0000150542255142,0.00000370000589101,0.0000053171484069,0.00000632497085462,0.00000494311279908,0.00000288719365926,0.00000116920261917,0.00000206326399166,6.77953266859e-7,7.93109151687e-8,2.19255760214e-8,6.41996589223e-9,2.133886845e-9,5.67714097954e-10,6.07750585968e-11,9.11478249647e-13,1.16608529831e-18]},"barkbands_crest":{"dmean":2.04725670815,"dmean2":3.36445689201,"dvar":3.33019542694,"dvar2":8.61504077911,"max":26.5249881744,"mean":7.370865345,"median":6.69236087799,"min":2.38682746887,"var":9.63777637482},"barkbands_flatness_db":{"dmean":0.0154906297103,"dmean2":0.0241077430546,"dvar":0.000206767566851,"dvar2":0.000457729242044,"max":0.393319398165,"mean":0.136522784829,"median":0.133077144623,"min":0.0677388012409,"var":0.000950237677898},"barkbands_kurtosis":{"dmean":1.67857527733,"dmean2":2.63184952736,"dvar":122.351615906,"dvar2":309.159210205,"max":646.700927734,"mean":1.48718094826,"median":-0.1301407516,"min":-1.82981705666,"var":223.237533569},"barkbands_skewness":{"dmean":0.418513387442,"dmean2":0.624951422215,"dvar":0.26155936718,"dvar2":0.541470527649,"max":24.4095001221,"mean":0.687027037144,"median":0.668276786804,"min":-5.24595308304,"var":1.51914691925},"barkbands_spread":{"dmean":4.23226737976,"dmean2":6.61032485962,"dvar":20.4531002045,"dvar2":44.3471755981,"max":126.304466248,"mean":23.2488956451,"median":21.571975708,"min":0.712018191814,"var":166.353622437},"dissonance":{"dmean":0.0126670831814,"dmean2":0.0211233589798,"dvar":0.00015128069208,"dvar2":0.000401115918066,"max":0.5,"mean":0.477501213551,"median":0.481561243534,"min":0.353285461664,"var":0.000298755825497},"dynamic_complexity":2.26963019371,"erbbands":{"dmean":[0.0145328296348,0.121866993606,0.673297286034,2.62379765511,4.65961790085,5.35515356064,5.65204763412,7.36774873734,11.1122875214,11.813542366,14.8721399307,13.7314586639,13.6145067215,15.9844903946,19.3117828369,15.4504861832,27.8919754028,33.6763191223,37.6169815063,30.6804504395,31.0201187134,21.9658546448,21.0668582916,18.1717014313,13.7572154999,5.79437541962,4.07871294022,1.95431876183,1.36009454727,0.588599741459,0.521458387375,0.228048682213,0.129392072558,0.0511713698506,0.0136442184448,0.00285470113158,0.000439007708337,0.0000252021618508,0.00000334488686349,0.00000606457115282],"dmean2":[0.0217534303665,0.198304146528,1.14958798885,4.35894775391,7.78979969025,9.13119411469,9.55255317688,12.4100265503,18.0038757324,18.869020462,22.5812129974,20.1460933685,20.5754833221,23.4748249054,28.2729701996,23.2188777924,43.0487365723,50.8113861084,54.9947547913,46.4567337036,48.4467658997,32.9976921082,31.0074462891,27.6835536957,20.984992981,8.90315151215,6.42910480499,2.9572725296,2.04899263382,0.871709764004,0.78102517128,0.338051736355,0.190913811326,0.0739936456084,0.0203270930797,0.00450559798628,0.000729222665541,0.0000425023899879,0.00000450320703749,0.00000858062594489],"dvar":[0.000457133370219,0.0236347056925,0.723174750805,10.7856121063,39.1433410645,45.1151351929,43.7070617676,78.9498519897,213.507080078,301.668121338,692.081970215,761.471496582,566.070556641,1523.83984375,2053.64746094,1854.01184082,3991.08203125,5169.05029297,10317.3896484,3532.6875,2624.31323242,1580.03869629,2034.95703125,1179.29919434,483.235107422,82.359664917,43.2132987976,11.3913812637,6.04912900925,1.03135478497,1.46870839596,0.246209412813,0.0860867574811,0.0132576283067,0.000644914165605,0.0000374303926947,0.00000234101776186,8.52346904168e-9,1.51695253581e-11,3.59542014217e-11],"dvar2":[0.000988074229099,0.0629229396582,2.01263237,27.8802108765,101.013381958,127.298240662,117.167907715,213.786102295,537.379943848,734.813842773,1499.42211914,1582.19604492,1248.92626953,2971.86816406,3921.25805664,3742.56811523,8971.14746094,11319.6142578,21363.7988281,7690.25341797,6284.7578125,3330.24731445,4020.33203125,2694.07226563,1106.22924805,179.070373535,106.177223206,24.2073020935,13.2428817749,2.2566781044,3.5174806118,0.564498126507,0.189320668578,0.0286426637322,0.0014224142069,0.0000897507270565,0.00000581450058235,2.12124522392e-8,2.81293530136e-11,6.51809092811e-11],"max":[0.292029887438,2.36114859581,12.2425775528,62.5016365051,99.1268539429,116.251060486,88.0425949097,133.609909058,192.039978027,300.63671875,584.027160645,665.317016602,525.117675781,1234.89453125,1227.58520508,1456.32641602,1687.77233887,1612.16003418,5038.38427734,1302.70422363,1416.12854004,1132.54736328,2389.26245117,1099.05822754,399.247680664,242.817489624,183.78036499,125.893692017,81.4190444946,22.3877506256,31.1341953278,14.8710861206,7.39512109756,3.825694561,0.617956876755,0.254826635122,0.0827659368515,0.00456133112311,0.000135691458127,0.000123994308524],"mean":[0.0227823611349,0.201138406992,1.08148670197,4.45508050919,7.76473617554,8.95658111572,9.36609458923,12.7588348389,19.2207336426,19.2897205353,27.177854538,27.1116447449,25.3806095123,40.3327713013,41.8685150146,30.8389415741,49.340007782,64.0581207275,71.4795608521,61.876411438,61.2732696533,41.7688674927,44.163684845,37.2616386414,25.9615154266,11.2499456406,7.9367852211,3.97064375877,2.60213446617,1.16398274899,0.951070785522,0.44546431303,0.244409173727,0.0967544019222,0.0245374403894,0.00438927300274,0.000503277871758,0.0000300940300804,0.0000144779269249,0.0000276415521512],"median":[0.0105288103223,0.146082520485,0.75912219286,2.91235399246,5.19127559662,6.38369941711,7.08326625824,9.29997158051,12.1092987061,11.5190219879,14.7974557877,14.1634426117,15.3220844269,11.6064291,14.7443561554,15.3385400772,24.5182247162,31.4126358032,29.448720932,25.9626579285,37.8762054443,20.5915184021,20.6041755676,17.5193767548,15.2627468109,6.82362174988,5.43449878693,2.62522506714,1.71600222588,0.727888941765,0.482859551907,0.249878898263,0.12599131465,0.0503751933575,0.0138887278736,0.00230041891336,0.000196349821636,0.0000131605993374,0.0000134489837365,0.0000263306574197],"min":[7.17053863136e-22,3.3751751841e-21,6.04470916404e-21,7.16166108103e-21,1.19202335587e-19,1.97497655978e-19,3.46233661081e-19,2.84313505364e-19,2.15846874259e-19,7.71501431161e-19,1.8810190527e-18,1.46336025858e-18,1.94911524907e-18,3.30623842683e-18,4.11443772587e-18,7.27162068786e-18,3.65767190034e-18,8.15508515083e-18,5.18724010874e-18,5.85732340654e-18,9.03999056243e-18,7.83275768154e-18,5.99001393014e-18,1.11338353285e-17,1.44409753822e-17,1.34894629062e-17,1.95266389525e-17,2.42718879222e-17,1.29029306405e-17,1.59811410151e-17,1.64843464145e-17,1.47467526218e-17,1.24955028298e-17,1.06781746163e-17,8.70453160092e-18,4.90239550173e-18,3.97226026782e-18,1.74702117014e-18,4.47531181171e-19,3.5573461236e-20],"var":[0.000911314331461,0.0389129668474,1.12842226028,22.9749507904,72.3008117676,79.5029296875,70.6059799194,150.043563843,442.356781006,546.550048828,1486.24633789,1995.98376465,1215.13989258,10310.0136719,8963.36425781,5552.13671875,9271.89648438,12173.9072266,21592.8652344,10649.4101563,6816.91357422,4129.08984375,5129.45410156,2964.82006836,1010.15344238,176.159500122,71.7223129272,20.3379840851,9.56486701965,1.87161362171,2.22170782089,0.386425793171,0.138505250216,0.0223013255745,0.00110793067142,0.0000498252156831,0.00000212373151953,7.51213224959e-9,6.61532773005e-11,2.03771916008e-10]},"erbbands_crest":{"dmean":2.15048527718,"dmean2":3.46924352646,"dvar":4.63694047928,"dvar2":11.2579650879,"max":31.2574329376,"mean":7.84111738205,"median":6.77242565155,"min":2.06294035912,"var":14.7225208282},"erbbands_flatness_db":{"dmean":0.0142186013982,"dmean2":0.0207459926605,"dvar":0.000183953583473,"dvar2":0.000344176689396,"max":0.414572864771,"mean":0.196271315217,"median":0.191864967346,"min":0.0316399671137,"var":0.00148637616076},"erbbands_kurtosis":{"dmean":0.722625494003,"dmean2":1.09851169586,"dvar":1.81574952602,"dvar2":3.6029355526,"max":55.652545929,"mean":0.354173868895,"median":-0.410541713238,"min":-1.63704907894,"var":5.89621639252},"erbbands_skewness":{"dmean":0.294791013002,"dmean2":0.447520047426,"dvar":0.0773055404425,"dvar2":0.153402268887,"max":2.84918785095,"mean":-0.251898378134,"median":-0.167090922594,"min":-5.86282968521,"var":0.489143580198},"erbbands_spread":{"dmean":5.2790555954,"dmean2":8.01426315308,"dvar":28.4923305511,"dvar2":59.508480072,"max":119.419013977,"mean":29.9836406708,"median":29.9833145142,"min":0.959527492523,"var":144.335800171},"gfcc":{"cov":[[16774.3984375,2446.93798828,-2124.8203125,451.11517334,-645.13293457,-328.90612793,-595.841003418,-307.765625,-219.007354736,-370.290252686,-97.5332946777,-381.949523926,8.02967834473],[2446.93798828,1072.00402832,-198.078674316,81.9106903076,-7.97491359711,-83.4465484619,0.500017166138,-110.534942627,34.0080986023,-81.7816162109,41.7901649475,-118.140663147,44.363067627],[-2124.8203125,-198.078674316,614.079833984,37.966796875,-16.223482132,102.789909363,39.5254669189,34.5605354309,7.67495107651,113.511245728,-14.8864269257,55.9049224854,-12.0721340179],[451.11517334,81.9106903076,37.966796875,196.08442688,25.4345359802,-30.7461910248,-31.366065979,4.40457105637,3.63096189499,-7.40451097488,0.787120997906,-15.5946912766,7.74996519089],[-645.13293457,-7.97491359711,-16.223482132,25.4345359802,242.553756714,-12.5327911377,53.4784812927,20.4768657684,41.3695755005,-16.0673389435,19.4373416901,12.6647520065,8.62658309937],[-328.90612793,-83.4465484619,102.789909363,-30.7461910248,-12.5327911377,141.632095337,38.6516876221,-0.806604146957,-15.0935401917,33.3922615051,9.84770679474,18.9269638062,4.49330472946],[-595.841003418,0.500017166138,39.5254669189,-31.366065979,53.4784812927,38.6516876221,131.679122925,22.7864341736,3.2693567276,-3.66978549957,28.3603076935,18.1850681305,10.2422790527],[-307.765625,-110.534942627,34.5605354309,4.40457105637,20.4768657684,-0.806604146957,22.7864341736,87.5641326904,30.2119903564,13.852730751,-5.15044498444,22.1714496613,-2.16168260574],[-219.007354736,34.0080986023,7.67495107651,3.63096189499,41.3695755005,-15.0935401917,3.2693567276,30.2119903564,98.5602645874,30.4841499329,13.4342851639,-8.63973999023,10.6878118515],[-370.290252686,-81.7816162109,113.511245728,-7.40451097488,-16.0673389435,33.3922615051,-3.66978549957,13.852730751,30.4841499329,110.107803345,15.6435346603,18.2648239136,-17.851474762],[-97.5332946777,41.7901649475,-14.8864269257,0.787120997906,19.4373416901,9.84770679474,28.3603076935,-5.15044498444,13.4342851639,15.6435346603,74.2324676514,12.5010728836,4.16462135315],[-381.949523926,-118.140663147,55.9049224854,-15.5946912766,12.6647520065,18.9269638062,18.1850681305,22.1714496613,-8.63973999023,18.2648239136,12.5010728836,74.433303833,18.1176319122],[8.02967834473,44.363067627,-12.0721340179,7.74996519089,8.62658309937,4.49330472946,10.2422790527,-2.16168260574,10.6878118515,-17.851474762,4.16462135315,18.1176319122,59.5999641418]],"icov":[[0.000808099575806,-0.00181131286081,0.00302186585031,-0.0021088947542,0.00168095831759,-0.00181532814167,0.00196785433218,-0.00119008740876,0.00132643594407,-0.000986105762422,0.00184100598563,-0.00166436913423,0.00148198124953],[-0.00181131286081,0.00565449194983,-0.00668021570891,0.00418935110793,-0.00342666567303,0.00470188912004,-0.00515878386796,0.00438838871196,-0.00376439420506,0.00267197540961,-0.00499563571066,0.00578425452113,-0.00460941484198],[0.00302186585031,-0.00668021570891,0.0139012727886,-0.00908735767007,0.0065900622867,-0.00800022110343,0.00619549350813,-0.00408467510715,0.00459074880928,-0.00583165045828,0.00866880360991,-0.00782692339271,0.00620271079242],[-0.0021088947542,0.00418935110793,-0.00908735767007,0.0121794883162,-0.00580751011148,0.00594303570688,-0.00240139639936,0.000658696051687,-0.00129075313453,0.00255359220318,-0.00650571193546,0.00686471024528,-0.0060653751716],[0.00168095831759,-0.00342666567303,0.0065900622867,-0.00580751011148,0.00909775029868,-0.00347360572778,0.0013775175903,-0.00121063634288,-0.000850046868436,-0.000165447723703,0.00383681617677,-0.00543374475092,0.00456515140831],[-0.00181532814167,0.00470188912004,-0.00800022110343,0.00594303570688,-0.00347360572778,0.014228688553,-0.00696142204106,0.00355819496326,-0.000441805575974,-0.000543600064702,-0.0051488080062,0.00549238268286,-0.00628651399165],[0.00196785433218,-0.00515878386796,0.00619549350813,-0.00240139639936,0.0013775175903,-0.00696142204106,0.0170883703977,-0.00773159088567,0.00560181215405,-0.000547181756701,-0.000209327903576,-0.00327201629989,0.00209119357169],[-0.00119008740876,0.00438838871196,-0.00408467510715,0.000658696051687,-0.00121063634288,0.00355819496326,-0.00773159088567,0.0208493806422,-0.0105310892686,0.00299780070782,0.00115618330892,-0.00353479431942,0.0017528362805],[0.00132643594407,-0.00376439420506,0.00459074880928,-0.00129075313453,-0.000850046868436,-0.000441805575974,0.00560181215405,-0.0105310892686,0.02143185772,-0.00934195518494,-0.000284840352833,0.00535810412839,-0.00571756437421],[-0.000986105762422,0.00267197540961,-0.00583165045828,0.00255359220318,-0.000165447723703,-0.000543600064702,-0.000547181756701,0.00299780070782,-0.00934195518494,0.0182841792703,-0.00551208434626,-0.0023994538933,0.00516472849995],[0.00184100598563,-0.00499563571066,0.00866880360991,-0.00650571193546,0.00383681617677,-0.0051488080062,-0.000209327903576,0.00115618330892,-0.000284840352833,-0.00551208434626,0.0229088570923,-0.00993310380727,0.00580188212916],[-0.00166436913423,0.00578425452113,-0.00782692339271,0.00686471024528,-0.00543374475092,0.00549238268286,-0.00327201629989,-0.00353479431942,0.00535810412839,-0.0023994538933,-0.00993310380727,0.0294719450176,-0.0156973041594],[0.00148198124953,-0.00460941484198,0.00620271079242,-0.0060653751716,0.00456515140831,-0.00628651399165,0.00209119357169,0.0017528362805,-0.00571756437421,0.00516472849995,0.00580188212916,-0.0156973041594,0.0285109579563]],"mean":[-23.5435638428,125.893684387,-164.78755188,44.2350502014,-59.0712394714,5.11779403687,-39.6151924133,-1.54524123669,-18.1679439545,-8.58965778351,-7.52251195908,-15.7071352005,-2.8624560833]},"hfc":{"dmean":6.18419504166,"dmean2":8.23009204865,"dvar":51.9054908752,"dvar2":88.2119216919,"max":165.126068115,"mean":23.6449813843,"median":19.3099708557,"min":1.26996007124e-16,"var":294.737457275},"melbands":{"dmean":[0.000137616356369,0.000271293509286,0.00046205916442,0.000374557188479,0.000190718914382,0.000168262573425,0.000157573478646,0.000146790669532,0.000122867902974,0.000086381987785,0.0000705933780409,0.0000663505634293,0.0000722024706192,0.0000454279943369,0.0000630523572909,0.0000635019823676,0.0000676942217979,0.0000720278039807,0.0000464297809231,0.000043483065383,0.000035769695387,0.0000235140250879,0.0000232842103287,0.0000184253931366,0.0000158365619427,0.0000125596734506,0.00000715949636287,0.00000348474713974,0.0000030546425478,0.00000176754986114,0.00000106981576664,9.48101273934e-7,4.82339657992e-7,2.82563917153e-7,3.04348503732e-7,2.62036451204e-7,1.14324400613e-7,9.25694791931e-8,8.47877998922e-8,3.39833050589e-8],"dmean2":[0.000212248240132,0.000460646551801,0.000767518300563,0.000628518289886,0.000321939238347,0.00028092606226,0.000254816986853,0.000232193429838,0.000184140691999,0.000126668630401,0.000107569510874,0.0000983281424851,0.000105195780634,0.0000696018178132,0.000096640738775,0.0000980202530627,0.000103928541648,0.000105884369987,0.0000718281880836,0.0000672869500704,0.0000567212446185,0.0000358590987162,0.0000354441945092,0.0000277947910945,0.0000245516494033,0.0000194359708985,0.0000110865785246,0.00000547744002688,0.00000490729780722,0.00000279411551674,0.00000163969696132,0.00000146119441524,7.44321539514e-7,4.26326323577e-7,4.6102786655e-7,4.05220106359e-7,1.71180218445e-7,1.38513073011e-7,1.27936374383e-7,5.04114758826e-8],"dvar":[3.67841899163e-8,1.07948245898e-7,3.06148564277e-7,2.19242338062e-7,4.76824553175e-8,3.94610459864e-8,4.20432932913e-8,4.46824728328e-8,4.96597003519e-8,2.71438480581e-8,1.52955319521e-8,2.57128061065e-8,3.42717605406e-8,1.22760512866e-8,3.10313410523e-8,2.2417173895e-8,2.22361062896e-8,4.13876186656e-8,9.63352597694e-9,6.59689414206e-9,3.58470564343e-9,1.85426607402e-9,4.95796648181e-9,1.19763665651e-9,9.53375156598e-10,4.44296488489e-10,1.30525118491e-10,3.46100439974e-11,2.69832906019e-11,7.51766877916e-12,4.12432327873e-12,3.14352775581e-12,6.59684438152e-13,2.67409466966e-13,4.41781919207e-13,4.43377404019e-13,5.98548242762e-14,3.92766229967e-14,5.87003251454e-14,4.34004266173e-15],"dvar2":[8.60763620381e-8,3.03435712112e-7,7.80778464105e-7,5.977454407e-7,1.2990072662e-7,1.04306892013e-7,1.05139051243e-7,1.0549704399e-7,1.03711847999e-7,5.64956081917e-8,3.36347412144e-8,5.09697315465e-8,6.29984526768e-8,2.53078216161e-8,6.33034389352e-8,4.9267601554e-8,4.90914935369e-8,8.63437605858e-8,2.24615916977e-8,1.46011238655e-8,8.68667271448e-9,4.03978184238e-9,1.04548201207e-8,2.64970534403e-9,2.2291344326e-9,1.05538289219e-9,3.00441754808e-10,7.80512252052e-11,6.81813286385e-11,1.78702330711e-11,9.12302872136e-12,7.18743771097e-12,1.46872900127e-12,6.13822632046e-13,1.05050224162e-12,1.09188732274e-12,1.34484071557e-13,8.80866424724e-14,1.33400547011e-13,9.65701670242e-15],"max":[0.00286664417945,0.00444293906912,0.0094784880057,0.00629568425938,0.00258504552767,0.00304544484243,0.00260994723067,0.00303884386085,0.00468332273886,0.00357429892756,0.00300616398454,0.00512478081509,0.00521487463266,0.00324633880518,0.00780161237344,0.00536501593888,0.00353096378967,0.0099616535008,0.00211604125798,0.00219400064088,0.00151224224828,0.000826637726277,0.00398352649063,0.00132966111414,0.000887533300556,0.000396224582801,0.000192802894162,0.000173711159732,0.000115013092,0.0000942855913308,0.0000703800251358,0.0000551725970581,0.0000208759629459,0.0000139629391924,0.0000147311602632,0.0000222020953515,0.00000713395365892,0.0000048184501793,0.00000837529933051,0.00000146120521549],"mean":[0.000219322770135,0.000465952529339,0.00084445241373,0.000646245491225,0.000333818083163,0.000299568142509,0.000274282385362,0.000236990614212,0.000230599558563,0.000165322053363,0.000128256360767,0.000161112460773,0.000167297737789,0.0000811437348602,0.000103663929622,0.000106518069515,0.000119271047879,0.000125194390421,0.000082085331087,0.0000814183295006,0.0000664851468173,0.0000401649595005,0.0000434555331594,0.0000368006294593,0.000029801236451,0.0000218897748709,0.000012848170627,0.00000611418545304,0.00000546430737813,0.00000330321245201,0.00000197364079213,0.00000165876519986,9.17199713513e-7,5.16485727076e-7,5.38844119546e-7,4.59098060901e-7,2.12727755411e-7,1.70093116481e-7,1.44639230371e-7,6.19234299393e-8],"median":[0.0001271548972,0.000350392772816,0.000586268841289,0.000457215355709,0.0002566195908,0.00021850792109,0.000177008332685,0.000132337765535,0.000120432247058,0.0000863195309648,0.0000746208897908,0.0000450013030786,0.0000442982127424,0.0000376781099476,0.0000430359759775,0.0000503504197695,0.0000541386398254,0.0000422710363637,0.0000284661509795,0.0000397359253839,0.0000404916936532,0.000019031107513,0.0000194672302314,0.000015883721062,0.0000131259976115,0.0000114809663501,0.00000780166919867,0.00000337626943292,0.00000358078250429,0.0000021550395104,0.00000124020277781,0.00000106000607047,5.90027752878e-7,3.04853642774e-7,2.75662586091e-7,2.18711733169e-7,1.22783433198e-7,9.36506410198e-8,5.93810014493e-8,3.54210953901e-8],"min":[5.76256777592e-24,3.54709136665e-24,2.79807030373e-24,1.41366698338e-23,1.10441315592e-23,7.04502013283e-24,3.68758631058e-24,8.6629564945e-24,1.54881621138e-23,8.05175810918e-24,9.69447732505e-24,1.2804163858e-23,1.4706399379e-23,1.60589487327e-23,1.34301928283e-23,9.10368677136e-24,1.57533014195e-23,8.58003774703e-24,5.66322612769e-24,1.04409314346e-23,1.07314933607e-23,8.8977254442e-24,5.5438257188e-24,6.10080332752e-24,8.98239230743e-24,1.14095256196e-23,7.44586639118e-24,9.83728165928e-24,1.12519143662e-23,1.42451918508e-23,1.41479631665e-23,8.0190771796e-24,5.17818868923e-24,1.07465692814e-23,9.6652421399e-24,9.44579681329e-24,8.88522988746e-24,8.45279448302e-24,8.40897089315e-24,9.21942134362e-24],"var":[6.67847004365e-8,1.77166413096e-7,7.2182825761e-7,4.00640232101e-7,8.04564379564e-8,8.04004187671e-8,8.78759749412e-8,8.80916317669e-8,1.20908538292e-7,6.80840770428e-8,3.35308349975e-8,1.6335175701e-7,2.18257895312e-7,3.21577289242e-8,9.05795971562e-8,5.63899753558e-8,4.86451270376e-8,8.15562941625e-8,2.30079901797e-8,1.7458340551e-8,8.27571966511e-9,4.03219502232e-9,9.10403219478e-9,3.04118352723e-9,2.22551888029e-9,8.84545825475e-10,2.50131138024e-10,6.66017518913e-11,3.91804054478e-11,1.34810860392e-11,6.34784542639e-12,4.41958145428e-12,1.12971361866e-12,4.29018176236e-13,6.71119301625e-13,6.16453231777e-13,8.9214863253e-14,5.99140894775e-14,8.40400272701e-14,7.25201572649e-15]},"melbands_crest":{"dmean":2.83803224564,"dmean2":4.66735029221,"dvar":6.19845867157,"dvar2":15.9136991501,"max":39.22838974,"mean":10.3856706619,"median":9.47040557861,"min":1.67684781551,"var":18.9150848389},"melbands_flatness_db":{"dmean":0.0201240517199,"dmean2":0.0300785619766,"dvar":0.000384464510716,"dvar2":0.000793666753452,"max":0.483825266361,"mean":0.166142001748,"median":0.163083255291,"min":0.00532308779657,"var":0.00196826853789},"melbands_kurtosis":{"dmean":3.15289139748,"dmean2":4.90545606613,"dvar":186.127334595,"dvar2":522.281921387,"max":661.391479492,"mean":4.79078292847,"median":2.02531194687,"min":-1.79728555679,"var":366.170318604},"melbands_skewness":{"dmean":0.501150727272,"dmean2":0.750675618649,"dvar":0.34262573719,"dvar2":0.756663680077,"max":23.0025539398,"mean":1.53590393066,"median":1.44901418686,"min":-4.58618688583,"var":1.81185257435},"melbands_spread":{"dmean":7.21541404724,"dmean2":11.1515264511,"dvar":69.5571517944,"dvar2":142.296173096,"max":215.779815674,"mean":34.2645683289,"median":29.0173835754,"min":1.02862632275,"var":564.848510742},"mfcc":{"cov":[[7608.46923828,798.879882813,-875.762878418,132.31262207,-114.662338257,-124.329627991,-189.515914917,-56.8819885254,-148.117660522,-27.227432251,-92.786315918,-106.10773468,-151.235290527],[798.879882813,767.389221191,-76.27318573,77.0777511597,4.90922307968,40.3819885254,8.98865318298,-11.526725769,1.54563331604,6.44766712189,15.4050884247,19.4861068726,-9.38373661041],[-875.762878418,-76.27318573,518.017089844,-25.4639549255,-36.8262138367,65.7450942993,11.3458347321,-53.602722168,24.12849617,-5.33297634125,11.1955938339,40.2755737305,50.1945877075],[132.31262207,77.0777511597,-25.4639549255,222.93711853,70.5041503906,-21.2874526978,-10.4820489883,13.0016937256,4.28586101532,10.8041944504,-8.53460884094,-1.16535067558,5.84400415421],[-114.662338257,4.90922307968,-36.8262138367,70.5041503906,138.776412964,12.0192060471,-18.4315872192,9.92585372925,13.4676189423,14.2782773972,4.31957674026,-3.23589897156,1.18776214123],[-124.329627991,40.3819885254,65.7450942993,-21.2874526978,12.0192060471,108.071182251,42.2027549744,-15.4686231613,-0.419141292572,-2.46890282631,14.8707284927,7.30933237076,-1.8633402586],[-189.515914917,8.98865318298,11.3458347321,-10.4820489883,-18.4315872192,42.2027549744,109.82510376,37.9057540894,-13.9091558456,-10.9708061218,7.60514640808,-1.39072453976,-5.48578500748],[-56.8819885254,-11.526725769,-53.602722168,13.0016937256,9.92585372925,-15.4686231613,37.9057540894,87.2450256348,19.3308944702,-4.77107191086,-13.1088018417,-18.4079380035,-1.99164617062],[-148.117660522,1.54563331604,24.12849617,4.28586101532,13.4676189423,-0.419141292572,-13.9091558456,19.3308944702,73.2019882202,19.7074012756,-8.63135528564,-6.87272357941,9.79286384583],[-27.227432251,6.44766712189,-5.33297634125,10.8041944504,14.2782773972,-2.46890282631,-10.9708061218,-4.77107191086,19.7074012756,64.5376586914,22.7360935211,9.91186332703,0.410257279873],[-92.786315918,15.4050884247,11.1955938339,-8.53460884094,4.31957674026,14.8707284927,7.60514640808,-13.1088018417,-8.63135528564,22.7360935211,68.8229293823,38.4204940796,1.54008889198],[-106.10773468,19.4861068726,40.2755737305,-1.16535067558,-3.23589897156,7.30933237076,-1.39072453976,-18.4079380035,-6.87272357941,9.91186332703,38.4204940796,77.3715515137,29.0560684204],[-151.235290527,-9.38373661041,50.1945877075,5.84400415421,1.18776214123,-1.8633402586,-5.48578500748,-1.99164617062,9.79286384583,0.410257279873,1.54008889198,29.0560684204,64.4649505615]],"icov":[[0.00022452637495,-0.000188507605344,0.000338077603374,-0.000150454186951,0.000405407045037,-0.000197760178708,0.000534465361852,0.00000111015094717,0.000413061236031,-0.0000697509167367,0.000261224253336,0.0000702839606674,0.000181807714398],[-0.000188507605344,0.00164385233074,0.000119735625049,-0.000620056060143,0.000186647404917,-0.000793573039118,-0.000340465485351,0.000254542770563,-0.000741545809433,0.000181161100045,-0.000303703680402,-0.000580074614845,0.0000927450673771],[0.000338077603374,0.000119735625049,0.00321794417687,-0.00057767261751,0.00151706906036,-0.00178829126526,0.000302043801639,0.00187506352086,-0.00103183859028,0.000520892790519,0.000429058418376,-0.000452861771919,-0.0012913804967],[-0.000150454186951,-0.000620056060143,-0.00057767261751,0.00616487069055,-0.00371941155754,0.0022889773827,-0.00113501842134,-0.000192842053366,0.000474962464068,-0.000881845713593,0.00118146545719,-0.000355452968506,-0.000454704335425],[0.000405407045037,0.000186647404917,0.00151706906036,-0.00371941155754,0.0111427744851,-0.00460261246189,0.00464030867442,-0.00241384119727,0.000235324798268,-0.000983299221843,-0.000961987825576,0.000790363934357,-0.000246591313044],[-0.000197760178708,-0.000793573039118,-0.00178829126526,0.0022889773827,-0.00460261246189,0.0160200484097,-0.00902582798153,0.00624388363212,-0.0029902739916,0.00144010270014,-0.00171268708073,0.000616468314547,0.000786292192061],[0.000534465361852,-0.000340465485351,0.000302043801639,-0.00113501842134,0.00464030867442,-0.00902582798153,0.0190231110901,-0.0113086272031,0.00651346286759,-0.0000728475351934,-0.00129345071036,0.000220699643251,0.000937489443459],[0.00000111015094717,0.000254542770563,0.00187506352086,-0.000192842053366,-0.00241384119727,0.00624388363212,-0.0113086272031,0.0214692801237,-0.00816053990275,0.00251868739724,0.000652580230962,0.00228910217993,-0.00130064715631],[0.000413061236031,-0.000741545809433,-0.00103183859028,0.000474962464068,0.000235324798268,-0.0029902739916,0.00651346286759,-0.00816053990275,0.0210312083364,-0.0074910945259,0.00355865550227,0.00162698130589,-0.00213265768252],[-0.0000697509167367,0.000181161100045,0.000520892790519,-0.000881845713593,-0.000983299221843,0.00144010270014,-0.0000728475351934,0.00251868739724,-0.0074910945259,0.0212284196168,-0.00834356620908,0.000513185048476,0.000639348407276],[0.000261224253336,-0.000303703680402,0.000429058418376,0.00118146545719,-0.000961987825576,-0.00171268708073,-0.00129345071036,0.000652580230962,0.00355865550227,-0.00834356620908,0.0259490832686,-0.0127647453919,0.00465173646808],[0.0000702839606674,-0.000580074614845,-0.000452861771919,-0.000355452968506,0.000790363934357,0.000616468314547,0.000220699643251,0.00228910217993,0.00162698130589,0.000513185048476,-0.0127647453919,0.024205384776,-0.0102974325418],[0.000181807714398,0.0000927450673771,-0.0012913804967,-0.000454704335425,-0.000246591313044,0.000786292192061,0.000937489443459,-0.00130064715631,-0.00213265768252,0.000639348407276,0.00465173646808,-0.0102974325418,0.0219160243869]],"mean":[-635.046813965,134.378341675,-34.7507667542,28.9155158997,-0.201817438006,2.63335442543,-5.70727396011,-1.84565246105,-5.46624517441,1.33843421936,-3.32559084892,-2.06327104568,-5.63386964798]},"pitch_salience":{"dmean":0.0605734102428,"dmean2":0.0990382507443,"dvar":0.00247538718395,"dvar2":0.00647219130769,"max":0.916299819946,"mean":0.636042892933,"median":0.647379398346,"min":0.0326555743814,"var":0.00876426976174},"silence_rate_20dB":{"dmean":0,"dmean2":0,"dvar":0,"dvar2":0,"max":1,"mean":1,"median":1,"min":1,"var":0},"silence_rate_30dB":{"dmean":0,"dmean2":0,"dvar":0,"dvar2":0,"max":1,"mean":1,"median":1,"min":1,"var":0},"silence_rate_60dB":{"dmean":0.00581693742424,"dmean2":0.0116358660161,"dvar":0.0057834633626,"dvar2":0.0121854683384,"max":1,"mean":0.0376325696707,"median":0,"min":0,"var":0.0362176150084},"spectral_centroid":{"dmean":241.659973145,"dmean2":365.519256592,"dvar":68575.890625,"dvar2":127255.9375,"max":10900.3496094,"mean":1593.87512207,"median":1502.86108398,"min":210.912475586,"var":365247.5},"spectral_complexity":{"dmean":4.57929849625,"dmean2":6.4284734726,"dvar":18.2422122955,"dvar2":32.7458229065,"max":54,"mean":25.5029087067,"median":26,"min":0,"var":90.2671890259},"spectral_contrast_coeffs":{"dmean":[0.0531443282962,0.0455851182342,0.0351580865681,0.0317939221859,0.0233792029321,0.0180226732045],"dmean2":[0.0877517536283,0.07639618963,0.0565920770168,0.0509579479694,0.0368014201522,0.029045689851],"dvar":[0.00177022919524,0.00131859653629,0.000810712750535,0.000687391380779,0.000423560093623,0.000236413572566],"dvar2":[0.00482326839119,0.00369503395632,0.00199791276827,0.00165409094188,0.000896450015716,0.000556250626687],"max":[-0.359194993973,-0.483069777489,-0.526953041553,-0.544367015362,-0.508182704449,-0.582493722439],"mean":[-0.616343379021,-0.765265405178,-0.782774627209,-0.754424154758,-0.777445673943,-0.727082192898],"median":[-0.615159392357,-0.767473340034,-0.789862990379,-0.755196332932,-0.784738540649,-0.725110292435],"min":[-0.992472648621,-0.965531766415,-0.971258997917,-0.95790964365,-0.958386301994,-0.962108790874],"var":[0.00673189479858,0.00328201754019,0.00389542127959,0.00353927747346,0.00268471986055,0.00137723609805]},"spectral_contrast_valleys":{"dmean":[0.405542343855,0.352429538965,0.312489390373,0.298141509295,0.278409957886,0.258714944124],"dmean2":[0.663164675236,0.565956830978,0.480992555618,0.441803306341,0.388847589493,0.354886382818],"dvar":[0.143489271402,0.117070056498,0.0975441336632,0.0964861512184,0.0968914702535,0.0844917371869],"dvar2":[0.30926579237,0.21547536552,0.155167251825,0.141285389662,0.12885941565,0.123480275273],"max":[-6.01942777634,-4.58801651001,-5.49317216873,-5.73330879211,-5.58245563507,-8.74551200867],"mean":[-7.57114839554,-6.44581842422,-7.09343385696,-7.26791000366,-7.27341890335,-10.7855520248],"median":[-7.32320022583,-6.24294567108,-6.88322544098,-7.04100990295,-7.06813812256,-10.646900177],"min":[-27.3755741119,-27.1360874176,-27.3314418793,-27.3379535675,-27.2776088715,-27.1829433441],"var":[2.15728569031,2.05596733093,1.82265222073,1.81283998489,1.68427014351,1.15519070625]},"spectral_decrease":{"dmean":1.18226650692e-9,"dmean2":1.73646474977e-9,"dvar":1.28536112372e-18,"dvar2":2.5590807143e-18,"max":1.58982026161e-28,"mean":-5.33845989636e-9,"median":-5.15240738963e-9,"min":-2.10016875002e-8,"var":6.86003670816e-18},"spectral_energy":{"dmean":0.00490358890966,"dmean2":0.00710697891191,"dvar":0.0000226658175961,"dvar2":0.0000433135537605,"max":0.0942427366972,"mean":0.0222932621837,"median":0.0214021075517,"min":1.09188753664e-20,"var":0.00012489061919},"spectral_energyband_high":{"dmean":0.000161238582223,"dmean2":0.000233890619711,"dvar":6.99366182744e-8,"dvar2":1.45588799683e-7,"max":0.00992935243994,"mean":0.000364820152754,"median":0.000249884848017,"min":8.00521243801e-21,"var":1.43082530712e-7},"spectral_energyband_low":{"dmean":0.00154504051898,"dmean2":0.002557619242,"dvar":0.00000323954486703,"dvar2":0.00000866540540301,"max":0.0302067194134,"mean":0.00308937462978,"median":0.00247187819332,"min":2.52867706561e-23,"var":0.0000065402614382},"spectral_energyband_middle_high":{"dmean":0.00284669804387,"dmean2":0.00392571790144,"dvar":0.0000126971544887,"dvar2":0.0000223191582336,"max":0.0932489335537,"mean":0.00995516870171,"median":0.00677276263013,"min":1.43369070284e-21,"var":0.0000900843733689},"spectral_energyband_middle_low":{"dmean":0.00304912938736,"dmean2":0.0047788512893,"dvar":0.00000973314763542,"dvar2":0.0000228322405746,"max":0.0436501502991,"mean":0.0099689560011,"median":0.00900924764574,"min":2.87631459279e-22,"var":0.0000360712620022},"spectral_entropy":{"dmean":0.109539270401,"dmean2":0.161661893129,"dvar":0.0113815702498,"dvar2":0.0220748391002,"max":9.79779624939,"mean":7.57734727859,"median":7.56793689728,"min":5.9234957695,"var":0.0727089196444},"spectral_flux":{"dmean":0.0179794821888,"dmean2":0.0270959585905,"dvar":0.000273156794719,"dvar2":0.00059961155057,"max":0.268779397011,"mean":0.0824247598648,"median":0.0803590714931,"min":1.0449342086e-10,"var":0.00105741480365},"spectral_kurtosis":{"dmean":2.05330085754,"dmean2":3.59041523933,"dvar":3.98828649521,"dvar2":11.8250932693,"max":24.068365097,"mean":4.54516506195,"median":3.9538025856,"min":-1.2291213274,"var":6.73001909256},"spectral_rms":{"dmean":0.000522850488778,"dmean2":0.000748212158214,"dvar":2.38871990632e-7,"dvar2":4.33576246905e-7,"max":0.00958875007927,"mean":0.00446656811982,"median":0.00456947553903,"min":3.26382627522e-12,"var":0.00000179934806965},"spectral_rolloff":{"dmean":375.846191406,"dmean2":610.877319336,"dvar":401450.3125,"dvar2":840635.8125,"max":18949.21875,"mean":1973.95727539,"median":1722.65625,"min":21.533203125,"var":3530204.5},"spectral_skewness":{"dmean":0.238745987415,"dmean2":0.404802590609,"dvar":0.0457707904279,"dvar2":0.126106306911,"max":3.36717844009,"mean":1.29355823994,"median":1.26674032211,"min":0.0243956558406,"var":0.103611208498},"spectral_spread":{"dmean":279887.15625,"dmean2":420559.5625,"dvar":273596366848,"dvar2":367926804480,"max":41161176,"mean":3159087.25,"median":3006689,"min":1396468.875,"var":1449578594300},"spectral_strongpeak":{"dmean":0.828047156334,"dmean2":1.3530548811,"dvar":1.58667194843,"dvar2":3.67792630196,"max":20.0695705414,"mean":1.53340613842,"median":0.548555612564,"min":0,"var":4.14098024368},"zerocrossingrate":{"dmean":0.00731227267534,"dmean2":0.00884704757482,"dvar":0.000155728193931,"dvar2":0.000267536321189,"max":0.50048828125,"mean":0.0651932284236,"median":0.0595703125,"min":0,"var":0.00237294659019}},"metadata":{"audio_properties":{"analysis_sample_rate":44100,"bit_rate":128000,"codec":"mp3","downmix":"mix","equal_loudness":0,"length":135.706115723,"lossless":false,"md5_encoded":"71b5a6523f12239965595b9fdfe37da8","replay_gain":-5.62182807922,"sample_rate":44100},"tags":{"acoustid_fingerprint":["AQADtNGkK6mSQD-R18PT5GiOMhM4TTretsHvCQ9CHv6IKyd6Cx-efAv0hZTQnzjyw044lIl03EflI1WjZAp0SZYRqjmO5yKuoWqkMErRfOB3_BmaKxt6i5gyK8cVwb9woq-wLsnI4JIZoU_RcMGPXA7O5LhC9DbOo5vDIFfRjFJGoUw-hKYViEdXGXdwNNvmo-5xVGmPNE5QH32zFU11HA2PicyCXD80FemF7in-4I6Odrpw4kfNYe7RH-m6QOWOnPvgf7iMVGzAEn1OMJLQ5AkehNMK6gouHe_Rswpe_EYy_YgqNUcTNsaPJw92PA5K8rjyweiRWzYkb0K-g_nh7Ohy4jl4oomsIFlVxOLRo9mDK8rMBQ_y5BmS5TlODh5PWAdV5eivYc-D8Eh4PIGjFe-RG2n-4z8uHA5H-EZPC4F2uYOXfLjG6NjEprhz4Y8ELwzxwxfcH72GH9oFWy-uJhnyisP4BVZ4oVKJJz_yT4FGhLm-4c1xNR7OCx4l3DmSF-ODOM2MLzBzvBOOXj_qfWD-Ikx16GlRHm51JGUiOQd_NORx8rgTJuCaB82ro8dzXFJ2aNMLR4IfC-WsKHh6ITkRbzYaecElPbA9CT_S90ii_3hw7UIVdZgSHb_QNy8uHj784b9glURIGW9zHMdFHY22HX6PchpeHW9W9LxSaNlyXDh6QgsLhD-alceloz8avsgvSM-F9Euxi8eVoyF34mFhxRfCh8WX48kRJjvKPsWPmsI2Mg6-oNkH_kKvI60SIhmOo6l6oTIvPNOF_2jHIExa6Ogxpct6_BF6cnCeYPs8dMmDf5Cz8ETTsUMWmccZ_CyuzUGdaPCRn9CYhbi4eMiWH7_Qo1lG_Inwo-eDXDv8IMvxlPiyHH0O8_B5xBV8yCLx44e_oMcP7UifYT8OHz_SQ7uGE-FXzMeP87AootKP8BAvWQh_vOgJXzHy4DiRsoajV-ilHD_u8Xjx3Ee50KB-9FmQ_zieXMIzXfgRnjBJXDt8XEJu4rqgd0XKKOiqBz9-oTIP_0Mf5ngYMCfeI3UC-QiNi-RxDiQvos0DH1uM58gh1kH14xJ-VNQVNJdy1IZdPAqN8UcmhQz6YPyL62i2ZA-evOiPKzPyHtp7hIl-PGKIHj7h52lwd_DkY8fz4MgE8eIRydNx46j2Dz4zokO5ZIZfHjePJ0H6QrMmvEPO-Mi1HH2hnBfSo5-Ci5mH50HGG9oR5sOJ0UN1NKOU48pR6Ue008KPh6EhJVUW_LiO8oQWjqmQ60PVTMXTDOUztPfhTT_qK0jeCvmJ86iVozmLUzHi9IWmH5l4eB2FH-GbQjvCVAfLMPhH-BSeI4fqKCniKHrwo-mPlpHwC_9wKUuKk5fxFU2iHFWTo49Iwc-CUVsGF10xMxeeTxG-XAr6Y8oz5M2hH1GvHM24bIQzXmC4NMRPhPogJfvwW8iZIxxrodGDMzfUnUKzssnR45Kgd2g05cZeOO2hqPsw00doMUfz4ZRINHvRyvg74TqmK4TzwydqEac-NE6GnsEb9Ef6HI4PbZmPH3mOZoj0Cx_uQNFz-Dh1pGJzcFTm4dmFZpSCKzd-hEpWGNof5D7xF8wPf0fz440xSUfDysgjIXmO_8fG9cHp48cnhLnQB38hUopS_Di0cMzB