{"lowlevel":{"average_loudness":0.976213097572,"barkbands":{"dmean":[0.000804099836387,0.00645522400737,0.00106548005715,0.00180525425822,0.00384428189136,0.00200238521211,0.00169699918479,0.00175725051668,0.0016432502307,0.000756692315917,0.000516800908372,0.000683746708091,0.000796673470177,0.000831055571325,0.000232978651184,0.000380972545827,0.000158758790349,0.000155707035447,0.000145679834532,0.00014598078269,0.0000550287950318,0.0000446940975962,0.0000571477103222,0.0000707182116457,0.0000350812006218,0.00000660896148474,7.60670843647e-7],"dmean2":[0.00123480742332,0.010762645863,0.00189360335935,0.0027957924176,0.00591823318973,0.00325046549551,0.0027880796697,0.0028813329991,0.00262831756845,0.00123200577218,0.000838970125187,0.001121002133,0.00131125596818,0.00136807071976,0.000379695702577,0.000637164223008,0.000261618930381,0.000248138589086,0.000229079014389,0.00022879964672,0.0000852029406815,0.0000645637555863,0.0000794545994722,0.0000970344044617,0.0000502630828123,0.00000907192315935,0.00000115345926588],"dvar":[0.00000476469176647,0.00030916655669,0.00000770039150666,0.0000078904804468,0.000022703257855,0.00000657368582324,0.00000666379901304,0.00000659072111375,0.00000617021714788,0.00000227472924053,9.855633607e-7,0.00000119920764519,0.00000130300463752,0.00000140154793371,1.42474519294e-7,2.78357902062e-7,6.12140738099e-8,7.75836568323e-8,5.63722437619e-8,7.84956384337e-8,1.79687447144e-8,2.21629417041e-8,7.31750162686e-8,1.48778312337e-7,3.94271566506e-8,2.68913225021e-10,6.49703381372e-12],"dvar2":[0.0000105183262349,0.00081611960195,0.0000220017336687,0.0000200180074899,0.0000542128873349,0.000017028001821,0.0000170133698703,0.0000169132745214,0.0000156554342539,0.00000585988891544,0.00000239487098952,0.0000030332616916,0.00000343654505741,0.00000363544427273,3.50444793185e-7,7.15619137281e-7,1.49152427298e-7,1.74946165998e-7,1.27286540419e-7,1.68910503362e-7,3.82631029083e-8,4.79204729231e-8,1.36944564133e-7,2.84450607069e-7,8.55192539007e-8,5.70661462529e-10,1.75758036597e-11],"max":[0.016828449443,0.134839221835,0.0304707158357,0.0471978597343,0.0708415955305,0.0330718196929,0.037555731833,0.0443690903485,0.0435287170112,0.0430240556598,0.0259119421244,0.0266934093088,0.0225403234363,0.0175559855998,0.00754597038031,0.010560138151,0.00485269771889,0.00691757444292,0.00562506681308,0.00881721358746,0.00591964833438,0.00462842267007,0.011252827011,0.0131250368431,0.00916174706072,0.000531559227966,0.000133017383632],"mean":[0.000746275938582,0.00661074183881,0.0011118928669,0.00325570791028,0.00821986235678,0.00339488964528,0.00267359497957,0.0027712425217,0.00289317569695,0.0012329837773,0.000775883439928,0.00114176585339,0.00135359389242,0.00137360638473,0.00038661097642,0.000677097938024,0.000283096538624,0.000278133054962,0.000269112526439,0.000228760429309,0.0000800668058218,0.0000704774356564,0.0000876528793015,0.000103679187305,0.000049356600357,0.0000101442874438,9.20389993553e-7],"median":[0.00003287052823,0.000726503203623,0.000388401211239,0.00142831727862,0.00575636373833,0.00235435785726,0.00143354479223,0.00170582684223,0.00178771477658,0.000673460774124,0.000405305589084,0.00062600383535,0.000810827885289,0.000787250406574,0.000225713578402,0.000421290984377,0.000188222591532,0.000172148429556,0.000183285897947,0.000108885316877,0.0000288626524707,0.0000149630632222,0.00000846747207106,0.00000760275452194,0.00000547080389879,0.00000161812567967,1.13456763984e-7],"min":[4.13813553913e-25,3.15461393643e-24,4.50502449095e-24,2.34271908163e-24,1.41723153026e-23,6.59948174875e-24,1.2228914653e-23,1.73095173039e-23,1.40186956854e-23,1.67096864043e-23,1.19179377955e-23,3.38045988321e-23,3.7199449116e-23,3.22955268531e-23,4.88918318572e-23,5.88212114494e-23,6.37343444522e-23,9.47794037082e-23,1.36029192878e-22,2.02188167586e-22,2.38530509863e-22,3.10794889324e-22,4.21434713874e-22,4.74841657387e-22,8.26484546934e-22,1.36829163469e-21,2.0723752109e-21],"var":[0.00000519050445291,0.000300470448565,0.00000531366595169,0.0000202861356229,0.0000643704552203,0.0000117841127576,0.0000118538446259,0.0000114306867545,0.0000119523383546,0.00000408102960137,0.0000016677822714,0.00000238773259298,0.00000269967108579,0.00000290851789941,2.54240404729e-7,6.75161686559e-7,1.25652718452e-7,1.44997343909e-7,1.03984781674e-7,1.61682208955e-7,3.6788300406e-8,5.35502167054e-8,1.87034288501e-7,3.25099335896e-7,6.79878340293e-8,5.59663704269e-10,6.47360030165e-12]},"barkbands_crest":{"dmean":2.83212709427,"dmean2":4.53914499283,"dvar":8.95123100281,"dvar2":22.4443378448,"max":25.0555953979,"mean":9.35625076294,"median":8.34615707397,"min":2.41128516197,"var":17.2124614716},"barkbands_flatness_db":{"dmean":0.0277390573174,"dmean2":0.0402414985001,"dvar":0.00064274459146,"dvar2":0.00145053886808,"max":0.388819307089,"mean":0.15608176589,"median":0.152067750692,"min":0.0223251450807,"var":0.00298001710325},"barkbands_kurtosis":{"dmean":3.82088422775,"dmean2":6.1862154007,"dvar":50.272480011,"dvar2":128.612167358,"max":134.8256073,"mean":4.80405282974,"median":1.66772663593,"min":-1.91213309765,"var":81.9288253784},"barkbands_skewness":{"dmean":0.628080427647,"dmean2":0.984953284264,"dvar":0.480529814959,"dvar2":1.21162462234,"max":9.92545890808,"mean":1.52557015419,"median":1.3061978817,"min":-4.04531478882,"var":1.51324820518},"barkbands_spread":{"dmean":4.32899904251,"dmean2":6.65304374695,"dvar":28.8988056183,"dvar2":60.08618927,"max":103.487632751,"mean":15.2090425491,"median":13.1438598633,"min":0.694961547852,"var":120.478065491},"dissonance":{"dmean":0.0185473449528,"dmean2":0.031090606004,"dvar":0.000276867125649,"dvar2":0.00075976055814,"max":0.499999970198,"mean":0.462579935789,"median":0.465666860342,"min":0.308283090591,"var":0.000540818145964},"dynamic_complexity":2.31071090698,"erbbands":{"dmean":[0.190110772848,1.4683932066,1.63811945915,2.68666553497,14.1819372177,10.865688324,13.9194631577,18.1426315308,19.6317214966,37.217830658,34.6208114624,33.1567115784,29.0326328278,23.6727390289,18.3182239532,27.3911056519,34.0756072998,48.0226860046,14.7415542603,13.3782129288,19.1738414764,8.73539638519,8.20871543884,8.39330005646,6.5917096138,7.06480360031,3.31661748886,1.82775950432,1.59595441818,1.62294900417,1.70609045029,1.48019683361,1.20201349258,0.594972491264,0.136808216572,0.0339135639369,0.0122212441638,0.00258002826013,0.0000803805523901,0.0000146134643728],"dmean2":[0.293248414993,2.54096388817,2.77997612953,4.29329013824,21.114490509,17.4329795837,22.9431247711,29.1910552979,32.6114654541,60.9152450562,56.0163879395,53.5290565491,46.2739295959,38.2365493774,29.6225566864,44.7789154053,55.8804550171,79.3575515747,23.9213790894,21.9664821625,32.1538619995,14.1583795547,12.9969930649,13.2066221237,10.2756052017,11.0281505585,5.19094228745,2.78910541534,2.34357094765,2.29556822777,2.37278795242,2.07298254967,1.67661046982,0.880698382854,0.189332127571,0.0465291850269,0.0173733700067,0.00367293623276,0.000120974727906,0.0000229276320169],"dvar":[0.2260491997,18.9576721191,17.5066280365,15.3857679367,394.585113525,300.905151367,469.316101074,586.595336914,894.6328125,3217.015625,2980.62109375,3158.91455078,2416.94799805,2392.11791992,1016.42047119,1973.96911621,2539.15869141,4532.40478516,450.730438232,403.261810303,770.254821777,179.932785034,213.447891235,201.345840454,123.599617004,193.406784058,48.1268577576,29.0576248169,29.6466751099,38.1457138062,79.4605484009,61.214263916,55.3307609558,13.516500473,0.381092429161,0.00791047606617,0.00103619170841,0.0000464685508632,1.1297038327e-7,3.18972764868e-10],"dvar2":[0.47280061245,51.7453994751,47.2758674622,40.6128692627,833.350891113,759.432678223,1221.37231445,1514.38562012,2326.16918945,8249.80957031,7680.921875,8167.70019531,6135.75830078,6126.44628906,2471.25683594,5063.52636719,6726.13525391,11777.8056641,1113.58349609,1033.69177246,1998.26782227,435.82800293,475.843139648,457.064453125,271.00112915,408.891784668,109.886734009,59.350151062,64.4292144775,75.9934005737,158.192657471,124.344116211,116.829475403,30.0321311951,0.774366855621,0.0151807125658,0.00240084645338,0.000113235393655,3.17594924581e-7,8.14294076612e-10],"max":[3.56850194931,31.565908432,44.524848938,61.0806999207,278.958068848,356.152923584,325.129699707,354.572540283,495.293212891,935.439453125,1261.56079102,1237.79553223,1542.11889648,1699.01574707,867.236572266,1035.54589844,1073.29260254,986.357421875,403.725982666,513.823364258,609.606201172,269.784881592,357.016204834,308.147674561,375.743530273,511.383483887,186.728881836,261.791168213,188.508651733,258.695678711,396.189178467,371.544586182,263.326690674,155.838638306,30.3886318207,3.01452612877,1.08040654659,0.280240833759,0.0194472745061,0.000319939572364],"mean":[0.235500767827,1.26174545288,1.78015375137,4.86204624176,28.7413673401,20.1433162689,21.3176403046,30.9065933228,31.5231056213,60.9990997314,59.9267730713,57.8685035706,52.475605011,39.654750824,33.0588645935,48.3687820435,62.547542572,81.566116333,28.149559021,25.3234004974,34.1329536438,16.959104538,15.227148056,15.5740671158,11.8597421646,11.0600738525,4.94427967072,2.7592484951,2.48314762115,2.50462961197,2.55213093758,2.18425941467,1.68397772312,0.824632048607,0.201611086726,0.0522949323058,0.0179901532829,0.00365985906683,0.000119627598906,0.0000497957917105],"median":[0.0114724021405,0.180347830057,0.584420681,2.62422800064,14.0378007889,12.7486505508,12.2638339996,20.4270210266,21.1644859314,32.7839813232,38.7706680298,36.1287384033,29.7731494904,22.7855129242,19.8117370605,27.5548667908,39.7312202454,48.7498474121,19.1655254364,16.4554672241,21.8480434418,11.7558574677,9.76221466064,10.1583747864,7.79572153091,5.29724407196,1.90913236141,0.89440202713,0.55681347847,0.370029568672,0.229199588299,0.152013152838,0.1258469522,0.078497864306,0.0272021777928,0.0079211704433,0.00291619403288,0.000547363655642,0.0000374932096747,0.0000470829982078],"min":[1.83138312685e-22,8.39899372752e-22,4.38448739661e-21,5.3857394449e-21,2.74659377038e-20,2.71504103053e-20,1.10908699649e-19,9.79584504513e-20,1.04574434861e-19,2.23210345599e-19,3.94715182071e-19,4.15825348292e-19,7.98501898824e-19,1.14045779537e-18,9.80666560152e-19,1.32150095488e-18,1.89492499278e-18,2.1277384917e-18,2.48437679241e-18,2.61279947764e-18,4.59320324697e-18,4.21804540631e-18,5.2542483558e-18,5.26424317915e-18,6.94935525711e-18,9.04624652941e-18,1.2124447805e-17,1.06493680515e-17,1.22466372707e-17,1.15764894528e-17,9.82914320069e-18,9.94368703601e-18,9.01994714901e-18,7.64594390328e-18,6.13825751721e-18,4.59853070371e-18,2.56356051771e-18,1.0553680005e-18,2.67814638414e-19,2.64174685059e-20],"var":[0.362397551537,13.9574556351,13.4621963501,34.3683586121,1385.03662109,644.413208008,679.812683105,1097.78063965,1292.57849121,6468.44921875,5060.63720703,5408.40771484,5143.63671875,4112.53564453,2222.39746094,3986.07226563,5340.98291016,9875.08496094,993.159545898,850.966064453,1729.98657227,400.984039307,427.607635498,374.739105225,233.180358887,392.678588867,91.9341964722,64.2008972168,67.7063446045,91.9174118042,179.006622314,128.30770874,100.885040283,22.8262119293,0.694770097733,0.0184970535338,0.00181265338324,0.0000746589212213,9.67294369048e-8,6.48011977411e-10]},"erbbands_crest":{"dmean":2.64157247543,"dmean2":4.28723812103,"dvar":6.06860399246,"dvar2":14.1905164719,"max":27.9896774292,"mean":8.49604415894,"median":7.507563591,"min":2.82287788391,"var":14.0547037125},"erbbands_flatness_db":{"dmean":0.0219836439937,"dmean2":0.0304434336722,"dvar":0.000395777402446,"dvar2":0.00076467654435,"max":0.398767769337,"mean":0.189615741372,"median":0.18790140748,"min":0.0563711076975,"var":0.00199679099023},"erbbands_kurtosis":{"dmean":0.872994661331,"dmean2":1.39993548393,"dvar":1.59183704853,"dvar2":3.90794658661,"max":38.2802772522,"mean":0.288925915956,"median":-0.0896979346871,"min":-1.85309267044,"var":2.57602977753},"erbbands_skewness":{"dmean":0.392550051212,"dmean2":0.616989552975,"dvar":0.132492393255,"dvar2":0.311312556267,"max":5.70091533661,"mean":0.392516583204,"median":0.387593626976,"min":-3.33776545525,"var":0.455021351576},"erbbands_spread":{"dmean":7.12651062012,"dmean2":10.8461914063,"dvar":75.1031951904,"dvar2":155.082595825,"max":180.755493164,"mean":30.043138504,"median":26.2891540527,"min":1.23083114624,"var":242.197967529},"gfcc":{"cov":[[15926.6337891,593.483642578,-932.345275879,-292.358337402,-1418.83581543,41.5678863525,-484.435241699,-105.944358826,-245.087051392,-66.2979888916,-160.630599976,-80.3242645264,-197.297348022],[593.483642578,1673.32775879,-352.595581055,-72.0185546875,350.974212646,-340.990753174,258.56842041,-149.840576172,115.828315735,-125.691871643,149.853271484,-178.074005127,156.788467407],[-932.345275879,-352.595581055,951.956237793,409.236541748,6.09670543671,183.098327637,5.09952926636,42.3594932556,-41.3654823303,9.31008338928,-66.4913024902,46.8592033386,-8.47648334503],[-292.358337402,-72.0185546875,409.236541748,466.259613037,87.9776153564,99.7508163452,85.3671951294,17.1080875397,22.3363990784,-0.367689967155,13.5119428635,-1.15186059475,34.9430236816],[-1418.83581543,350.974212646,6.09670543671,87.9776153564,394.903564453,-22.9041461945,158.982543945,24.2402153015,79.909072876,17.4166717529,66.99584198,-7.74164438248,63.2003135681],[41.5678863525,-340.990753174,183.098327637,99.7508163452,-22.9041461945,246.248764038,12.4681434631,72.6418762207,11.6160535812,45.1062889099,-11.1781511307,49.8605880737,-21.1728839874],[-484.435241699,258.56842041,5.09952926636,85.3671951294,158.982543945,12.4681434631,209.487182617,26.2256183624,75.26612854,9.56869125366,60.953289032,-7.94454097748,56.0851402283],[-105.944358826,-149.840576172,42.3594932556,17.1080875397,24.2402153015,72.6418762207,26.2256183624,122.738876343,42.9945259094,62.0811347961,12.4705381393,46.596244812,0.619366526604],[-245.087051392,115.828315735,-41.3654823303,22.3363990784,79.909072876,11.6160535812,75.26612854,42.9945259094,124.313796997,42.4847755432,60.654209137,12.3680448532,34.7689208984],[-66.2979888916,-125.691871643,9.31008338928,-0.367689967155,17.4166717529,45.1062889099,9.56869125366,62.0811347961,42.4847755432,103.138755798,31.7647609711,50.2501449585,-2.51290726662],[-160.630599976,149.853271484,-66.4913024902,13.5119428635,66.99584198,-11.1781511307,60.953289032,12.4705381393,60.654209137,31.7647609711,98.1175613403,14.0778331757,39.6732063293],[-80.3242645264,-178.074005127,46.8592033386,-1.15186059475,-7.74164438248,49.8605880737,-7.94454097748,46.596244812,12.3680448532,50.2501449585,14.0778331757,95.8447494507,1.9135671854],[-197.297348022,156.788467407,-8.47648334503,34.9430236816,63.2003135681,-21.1728839874,56.0851402283,0.619366526604,34.7689208984,-2.51290726662,39.6732063293,1.9135671854,72.4450378418]],"icov":[[0.000234167746385,-0.000721565040294,0.000433992885519,-0.000557411054615,0.00117926672101,-0.000671264424454,0.000407550309319,-0.000386662344681,0.000389393331716,-0.000540554174222,0.000597836275119,-0.000560947402846,0.000463629228761],[-0.000721565040294,0.00414493307471,-0.00143969582859,0.00229605007917,-0.00436712242663,0.0035345251672,-0.00244486099109,0.00207694084384,-0.00186297751497,0.00279619684443,-0.00333201047033,0.00374317378737,-0.00277689751238],[0.000433992885519,-0.00143969582859,0.00292201293632,-0.0028629694134,0.0021476582624,-0.00192582444288,0.00100952410139,-0.000824123970233,0.00124855479226,-0.00118170888163,0.00267562991939,-0.00206420058385,0.000758706009947],[-0.000557411054615,0.00229605007917,-0.0028629694134,0.00571476621553,-0.00331314676441,0.0011658242438,-0.00212209508754,0.00156579655595,-0.00129199656658,0.00184699113015,-0.0028449036181,0.00312326941639,-0.00255852611735],[0.00117926672101,-0.00436712242663,0.0021476582624,-0.00331314676441,0.0101299500093,-0.00325148948468,0.000215931024286,-0.00260087382048,0.00168900634162,-0.0035382041242,0.00319258519448,-0.00329479877837,0.00198531360365],[-0.000671264424454,0.0035345251672,-0.00192582444288,0.0011658242438,-0.00325148948468,0.00939524639398,-0.00299493316561,-0.000715737754945,-0.00180064199958,0.00196201517247,-0.00239043636248,0.00146732549183,-0.000155617803102],[0.000407550309319,-0.00244486099109,0.00100952410139,-0.00212209508754,0.000215931024286,-0.00299493316561,0.0105886925012,-0.00237139407545,-0.00116492272355,-0.000243514790782,-0.0000220062956942,-0.000810402969364,-0.00111392815597],[-0.000386662344681,0.00207694084384,-0.000824123970233,0.00156579655595,-0.00260087382048,-0.000715737754945,-0.00237139407545,0.0158326514065,-0.00418531289324,-0.00438286503777,0.00134274235461,-0.00110457278788,-0.0014889043523],[0.000389393331716,-0.00186297751497,0.00124855479226,-0.00129199656658,0.00168900634162,-0.00180064199958,-0.00116492272355,-0.00418531289324,0.0160583555698,-0.00460910471156,-0.0036091953516,0.000146687933011,-0.00109462882392],[-0.000540554174222,0.00279619684443,-0.00118170888163,0.00184699113015,-0.0035382041242,0.00196201517247,-0.000243514790782,-0.00438286503777,-0.00460910471156,0.0210825353861,-0.00732893357053,-0.00328326853923,0.0023768208921],[0.000597836275119,-0.00333201047033,0.00267562991939,-0.0028449036181,0.00319258519448,-0.00239043636248,-0.0000220062956942,0.00134274235461,-0.0036091953516,-0.00732893357053,0.022727323696,-0.00513959955424,-0.00378604815342],[-0.000560947402846,0.00374317378737,-0.00206420058385,0.00312326941639,-0.00329479877837,0.00146732549183,-0.000810402969364,-0.00110457278788,0.000146687933011,-0.00328326853923,-0.00513959955424,0.0199689827859,-0.00533392466605],[0.000463629228761,-0.00277689751238,0.000758706009947,-0.00255852611735,0.00198531360365,-0.000155617803102,-0.00111392815597,-0.0014889043523,-0.00109462882392,0.0023768208921,-0.00378604815342,-0.00533392466605,0.0243186429143]],"mean":[-9.1683588028,125.19467926,-135.342880249,14.6705207825,-52.7410888672,-1.62350964546,-37.9839706421,2.27227520943,-26.0513954163,0.0491090901196,-11.9407968521,-9.44012260437,-11.5150794983]},"hfc":{"dmean":6.15173101425,"dmean2":9.20100021362,"dvar":62.1710090637,"dvar2":125.128883362,"max":228.547653198,"mean":24.4252338409,"median":22.6122322083,"min":1.08933995671e-16,"var":270.38772583},"melbands":{"dmean":[0.00178208539728,0.00124142470304,0.000866435526405,0.000882789609022,0.000485031079734,0.000397965544835,0.000310914561851,0.000411026703659,0.000282969180262,0.000211818871321,0.000147050857777,0.000100426812423,0.0000642137383693,0.0000801044225227,0.000075037816714,0.0000868128772709,0.0000876348349266,0.0000261907425738,0.000017777816538,0.0000253772450378,0.0000222676626436,0.00000991916294879,0.00000790062313172,0.0000077479853644,0.00000741429175832,0.00000519994455317,0.00000504233685206,0.00000494558298669,0.00000249805361818,0.00000131016372507,0.00000103255047179,9.35335208396e-7,9.08302354219e-7,9.40604707012e-7,0.00000102839703686,9.98189761958e-7,9.25244819427e-7,9.17751435736e-7,7.26913128801e-7,4.58500181821e-7],"dmean2":[0.00293139391579,0.0021096568089,0.00131908117328,0.0013598378282,0.000790911843069,0.000642475206405,0.00051304732915,0.000672489230055,0.000456598208984,0.000340569502441,0.000234716164414,0.000162545373314,0.000104660008219,0.000131443710416,0.000122984100017,0.00014336379536,0.000145040015923,0.0000431136468251,0.0000290861444228,0.0000425048165198,0.0000374988012481,0.0000163331060321,0.0000126300828924,0.0000124202651932,0.0000118310608741,0.00000826248287922,0.00000805962736194,0.00000774906311563,0.00000398146403313,0.00000206626896215,0.00000159417936629,0.00000141719476687,0.00000133454852858,0.00000135752122787,0.00000146865727402,0.00000143140039199,0.00000131678325488,0.00000131656588565,0.00000106863262772,6.90321655838e-7],"dvar":[0.0000214073297684,0.0000114580179797,0.00000155274540248,0.000001316130124,5.32564683908e-7,2.68781604973e-7,2.08867689366e-7,3.4630923551e-7,1.91996448962e-7,1.2053290277e-7,6.12827477653e-8,4.45422045914e-8,1.47346890245e-8,1.79332211303e-8,1.5107003648e-8,1.36597630984e-8,1.5436384615e-8,1.56774382365e-9,8.66751781459e-10,1.31022126482e-9,1.11367881583e-9,2.31993285693e-10,2.09670253382e-10,2.31433261444e-10,1.64580807316e-10,8.32335519951e-11,8.09350850228e-11,1.08779901753e-10,3.00716188062e-11,1.29855145733e-11,1.07489893722e-11,1.08308978106e-11,1.03032287563e-11,1.59357544521e-11,3.71055686177e-11,2.50222360193e-11,3.11201203695e-11,3.38696501401e-11,2.03420474909e-11,1.19240424826e-11],"dvar2":[0.0000540563487448,0.0000302762982756,0.00000357759495273,0.00000311657709062,0.00000136997186928,6.91720345003e-7,5.42590896657e-7,8.90115245511e-7,4.88106479679e-7,3.11322139623e-7,1.54667688435e-7,1.14965438058e-7,3.64871119984e-8,4.56264004356e-8,3.8232695232e-8,3.56979263927e-8,4.01730773092e-8,3.99576638443e-9,2.19800977419e-9,3.37785377447e-9,2.91654167484e-9,5.89249371519e-10,4.75300021563e-10,5.4549265105e-10,3.82393033904e-10,1.89345344959e-10,1.92640778329e-10,2.28259008916e-10,7.09050110292e-11,2.8511746783e-11,2.26288016103e-11,2.45077361183e-11,2.34526616877e-11,3.28850939535e-11,8.0024938065e-11,5.15131236278e-11,6.9070367481e-11,7.37173655452e-11,4.31564263492e-11,2.94956142843e-11],"max":[0.0364486686885,0.0266797002405,0.0205232631415,0.0168444961309,0.0129143670201,0.00694580189884,0.00731742428616,0.00947976019233,0.0101090446115,0.00779548706487,0.00758392224088,0.00740290246904,0.00283402111381,0.0038469680585,0.00305110192858,0.00182999414392,0.00189599604346,0.000881228712387,0.000511020189151,0.000634975091089,0.000758319336455,0.000357809680281,0.000371700327378,0.000390414497815,0.0002990498906,0.000302880740492,0.000244469702011,0.000456874142401,0.000121992154163,0.000203141549719,0.000153533241246,0.000125937614939,0.0000963010825217,0.000178160742507,0.000284058449324,0.000162767464644,0.000276407750789,0.000188098434592,0.000162933705724,0.000198769907001],"mean":[0.00196250178851,0.00120883097406,0.00173190957867,0.00180730805732,0.000777318608016,0.000677146192174,0.000515058985911,0.000681789708324,0.000479970767628,0.000367761735106,0.000257854058873,0.000160376759595,0.000104538296,0.000131606357172,0.00012681428052,0.000154816312715,0.000143824305269,0.0000435475012637,0.0000296613561659,0.0000429295869253,0.0000375816998712,0.0000173299376911,0.0000136435328386,0.0000133804205689,0.0000127963348859,0.00000903103227756,0.00000791372985987,0.00000734352988729,0.00000352412394022,0.0000018160756099,0.00000149798563598,0.00000139413998568,0.0000013605406366,0.00000139054588999,0.00000146777824739,0.0000014208929997,0.00000130623288896,0.00000124790551581,9.71425606622e-7,6.00390819727e-7],"median":[0.000169964783709,0.000294975412544,0.000840774388053,0.00114241614938,0.000460825220216,0.000454134016763,0.000356581498636,0.000410176086007,0.00030664697988,0.000229245022638,0.000140215503052,0.0000870935764397,0.0000589919109188,0.0000691251407261,0.0000701471290085,0.0000977360468823,0.0000831733777886,0.0000271667377092,0.0000172148193087,0.0000259699354501,0.0000234810086113,0.0000116336805149,0.00000847611045174,0.00000794427069195,0.00000805078525445,0.00000586382748224,0.00000450375864602,0.00000313168629873,0.00000127050248011,6.52423693737e-7,4.19490646664e-7,3.16237617426e-7,2.48788296631e-7,1.77289564363e-7,1.33966679527e-7,9.99778251298e-8,8.55557686918e-8,8.55711590475e-8,8.14479577116e-8,5.79023904379e-8],"min":[1.21150832077e-24,2.05256164398e-24,1.87680915354e-24,1.4679741008e-24,3.71535736989e-24,2.17828516746e-24,1.87444454298e-24,2.45120875535e-24,3.0984641977e-24,2.15088763379e-24,4.2655117262e-24,3.63511759405e-24,2.19973192889e-24,4.28104439743e-24,4.49642432936e-24,3.59399033076e-24,3.32264939506e-24,3.98609088269e-24,3.2283158303e-24,3.41947142156e-24,5.55689359413e-24,3.67790185968e-24,4.40621059067e-24,4.55806710379e-24,3.62991623967e-24,3.76388690949e-24,4.93371714483e-24,5.84808976438e-24,5.97441242771e-24,5.64584278879e-24,5.89664139208e-24,6.14805846232e-24,4.5743779863e-24,6.98397334282e-24,4.68430457015e-24,6.65333649389e-24,5.50441856671e-24,5.10193660527e-24,7.5965364575e-24,5.79157655799e-24],"var":[0.0000253127382166,0.00000889958846528,0.00000501412705489,0.00000369364875041,8.82848837591e-7,5.02508328282e-7,3.18188483561e-7,6.82963445797e-7,3.38543259204e-7,2.09868730394e-7,1.32075172132e-7,7.45798800494e-8,2.7039124717e-8,3.45785480249e-8,3.02924512141e-8,3.14242427635e-8,3.21706750128e-8,2.8795288376e-9,1.46790535283e-9,2.71500866234e-9,2.31934071948e-9,4.43179715148e-10,4.06029654343e-10,3.88037796339e-10,2.81152129356e-10,1.41855041602e-10,1.33488692322e-10,2.19463031081e-10,5.56351284486e-11,2.23425635631e-11,2.29321717865e-11,2.25699181566e-11,2.14004040183e-11,3.39819630768e-11,6.82786327477e-11,5.4762087226e-11,5.30724353354e-11,5.77395180279e-11,3.56029303261e-11,1.55998079038e-11]},"melbands_crest":{"dmean":3.56676793098,"dmean2":5.54552555084,"dvar":11.8098421097,"dvar2":23.8308696747,"max":34.422870636,"mean":12.8717727661,"median":11.4244060516,"min":1.62303555012,"var":34.8479347229},"melbands_flatness_db":{"dmean":0.0327407829463,"dmean2":0.0474547147751,"dvar":0.000949211593252,"dvar2":0.00209357589483,"max":0.498459815979,"mean":0.223808005452,"median":0.216795176268,"min":0.00427863653749,"var":0.0049782609567},"melbands_kurtosis":{"dmean":7.91570997238,"dmean2":12.7303571701,"dvar":234.964355469,"dvar2":572.37890625,"max":254.302688599,"mean":11.8211517334,"median":4.82139873505,"min":-1.78113305569,"var":416.343933105},"melbands_skewness":{"dmean":0.791564047337,"dmean2":1.23621308804,"dvar":0.884268701077,"dvar2":2.13953590393,"max":12.7453460693,"mean":2.28452587128,"median":1.8855702877,"min":-3.27560424805,"var":2.69825172424},"melbands_spread":{"dmean":5.76378107071,"dmean2":9.05141925812,"dvar":49.2049255371,"dvar2":113.412490845,"max":155.985275269,"mean":18.8417625427,"median":16.5653190613,"min":0.584600389004,"var":225.882537842},"mfcc":{"cov":[[8688.95410156,626.976623535,-200.78036499,-413.079742432,-536.680480957,-290.622344971,-276.617462158,-219.009231567,-238.611190796,-62.56873703,-88.3995285034,-44.1129188538,-32.1200866699],[626.976623535,1842.81884766,-616.68157959,246.230392456,-41.1375389099,-85.7558059692,62.7631607056,-76.3721542358,6.42002916336,-2.85115289688,1.76934051514,-16.8142871857,-4.63308906555],[-200.78036499,-616.68157959,919.967834473,165.521209717,118.516784668,141.804534912,48.0813674927,69.1551208496,34.8148193359,9.99649238586,-29.0935344696,-30.3274726868,-19.9253501892],[-413.079742432,246.230392456,165.521209717,433.141571045,99.7459945679,93.4429779053,93.556350708,35.2344360352,49.6506347656,36.5611419678,-11.9143886566,7.65024471283,4.43302822113],[-536.680480957,-41.1375389099,118.516784668,99.7459945679,188.875564575,73.8399887085,47.7480316162,39.2953224182,38.6796951294,25.4539318085,18.0192489624,18.8110618591,9.67358875275],[-290.622344971,-85.7558059692,141.804534912,93.4429779053,73.8399887085,158.631774902,72.6944503784,59.8909797668,40.5133056641,30.411813736,18.4617862701,15.0517072678,10.983669281],[-276.617462158,62.7631607056,48.0813674927,93.556350708,47.7480316162,72.6944503784,124.444267273,49.4769477844,39.7302780151,28.1942214966,15.0556049347,7.1486158371,10.0201358795],[-219.009231567,-76.3721542358,69.1551208496,35.2344360352,39.2953224182,59.8909797668,49.4769477844,100.145462036,46.2494812012,29.656791687,22.1941452026,17.3070545197,16.7160320282],[-238.611190796,6.42002916336,34.8148193359,49.6506347656,38.6796951294,40.5133056641,39.7302780151,46.2494812012,83.9058761597,40.7801170349,23.6200199127,14.1037006378,15.8638439178],[-62.56873703,-2.85115289688,9.99649238586,36.5611419678,25.4539318085,30.411813736,28.1942214966,29.656791687,40.7801170349,80.6193695068,32.3848075867,25.2842197418,16.9722862244],[-88.3995285034,1.76934051514,-29.0935344696,-11.9143886566,18.0192489624,18.4617862701,15.0556049347,22.1941452026,23.6200199127,32.3848075867,74.7988052368,37.3904838562,23.5604820251],[-44.1129188538,-16.8142871857,-30.3274726868,7.65024471283,18.8110618591,15.0517072678,7.1486158371,17.3070545197,14.1037006378,25.2842197418,37.3904838562,73.2568893433,36.9686470032],[-32.1200866699,-4.63308906555,-19.9253501892,4.43302822113,9.67358875275,10.983669281,10.0201358795,16.7160320282,15.8638439178,16.9722862244,23.5604820251,36.9686470032,63.5543632507]],"icov":[[0.000164273486007,-0.000124456346384,-0.000140807591379,0.000151113286847,0.000383712555049,-0.0000288402679871,0.00018837103562,0.0000210995913221,0.00030574950506,-0.000270798569545,0.000138488452649,-0.000131392138428,-0.0000483166659251],[-0.000124456346384,0.00107567117084,0.000853759876918,-0.000995435519144,-0.000215454725549,0.000416562746977,-0.000720591167919,0.0005690062535,-0.000486646487843,0.000450731109595,-0.000476736109704,0.000688943080604,0.0000544589311176],[-0.000140807591379,0.000853759876918,0.0021125045605,-0.00108758243732,-0.000757079746109,-0.000736748450436,-0.0000214913070522,-0.000232040780247,-0.000368063949281,0.00046171437134,0.000125648657558,0.00122556753922,0.000245319679379],[0.000151113286847,-0.000995435519144,-0.00108758243732,0.00420943042263,-0.000615393393673,-0.000963531259913,-0.00109885528218,0.000446787045803,-0.000319166225381,-0.00123252731282,0.00221088924445,-0.00133773440029,0.0000524876450072],[0.000383712555049,-0.000215454725549,-0.000757079746109,-0.000615393393673,0.00818818807602,-0.0017810089048,0.000029132110285,-0.0000514172170369,-0.00063131476054,-0.000336415250786,-0.000477401481476,-0.00148692482617,0.000343521533068],[-0.0000288402679871,0.000416562746977,-0.000736748450436,-0.000963531259913,-0.0017810089048,0.0116740334779,-0.00406267540529,-0.00275068474002,-0.000153017768753,-0.000324017280946,-0.000925626256503,-0.000531956437044,0.000246872252319],[0.00018837103562,-0.000720591167919,-0.0000214913070522,-0.00109885528218,0.000029132110285,-0.00406267540529,0.0139858229086,-0.0035051740706,-0.000944634433836,-0.00111631059553,-0.000481460185256,0.00146715668961,-0.000613876094576],[0.0000210995913221,0.0005690062535,-0.000232040780247,0.000446787045803,-0.0000514172170369,-0.00275068474002,-0.0035051740706,0.0172087214887,-0.00582843739539,-0.000356616830686,-0.000939669203945,-0.000835548620671,-0.0011577042751],[0.00030574950506,-0.000486646487843,-0.000368063949281,-0.000319166225381,-0.00063131476054,-0.000153017768753,-0.000944634433836,-0.00582843739539,0.0211502872407,-0.00705536175519,-0.0016086777905,0.00182468665298,-0.00202984688804],[-0.000270798569545,0.000450731109595,0.00046171437134,-0.00123252731282,-0.000336415250786,-0.000324017280946,-0.00111631059553,-0.000356616830686,-0.00705536175519,0.0197638850659,-0.00506626628339,-0.00240364274941,0.000263142224867],[0.000138488452649,-0.000476736109704,0.000125648657558,0.00221088924445,-0.000477401481476,-0.000925626256503,-0.000481460185256,-0.000939669203945,-0.0016086777905,-0.00506626628339,0.0217745602131,-0.00811195280403,-0.00112291797996],[-0.000131392138428,0.000688943080604,0.00122556753922,-0.00133773440029,-0.00148692482617,-0.000531956437044,0.00146715668961,-0.000835548620671,0.00182468665298,-0.00240364274941,-0.00811195280403,0.0248301774263,-0.0104816313833],[-0.0000483166659251,0.0000544589311176,0.000245319679379,0.0000524876450072,0.000343521533068,0.000246872252319,-0.000613876094576,-0.0011577042751,-0.00202984688804,0.000263142224867,-0.00112291797996,-0.0104816313833,0.0230433866382]],"mean":[-641.583374023,157.009521484,-22.3855705261,16.9832706451,-1.24150145054,-4.26604032516,-0.270747244358,-6.21675777435,-7.43758964539,2.34895730019,-0.800473630428,-2.35671949387,-2.9139008522]},"pitch_salience":{"dmean":0.0865131244063,"dmean2":0.136441335082,"dvar":0.0070898537524,"dvar2":0.0163207873702,"max":0.923877775669,"mean":0.6213799119,"median":0.653356850147,"min":0.128151759505,"var":0.0187288038433},"silence_rate_20dB":{"dmean":0,"dmean2":0,"dvar":0,"dvar2":0,"max":1,"mean":1,"median":1,"min":1,"var":0},"silence_rate_30dB":{"dmean":0.000202983865165,"dmean2":0.000406008941354,"dvar":0.000202938550501,"dvar2":0.000608832167927,"max":1,"mean":0.99989849329,"median":1,"min":0,"var":0.000101470308437},"silence_rate_60dB":{"dmean":0.00121790322009,"dmean2":0.00243605370633,"dvar":0.00121683732141,"dvar2":0.00242990837432,"max":1,"mean":0.0373452417552,"median":0,"min":0,"var":0.0359485074878},"spectral_centroid":{"dmean":198.838760376,"dmean2":303.943817139,"dvar":50243.4726563,"dvar2":105967.640625,"max":11644.9033203,"mean":1054.76538086,"median":955.041259766,"min":197.712661743,"var":582856.5},"spectral_complexity":{"dmean":4.50299406052,"dmean2":6.92265510559,"dvar":16.7159461975,"dvar2":36.6841773987,"max":53,"mean":23.3111419678,"median":24,"min":0,"var":94.7462234497},"spectral_contrast_coeffs":{"dmean":[0.0577545762062,0.0525696612895,0.0413045398891,0.031063998118,0.0213962104172,0.0190445184708],"dmean2":[0.0917607694864,0.0859713405371,0.0673827975988,0.0517871528864,0.0353387333453,0.0302858427167],"dvar":[0.00224527926184,0.00174742890522,0.00106861791573,0.000591891643126,0.000302668777294,0.000291238800855],"dvar2":[0.00545114185661,0.00460977852345,0.00284869619645,0.00162565440405,0.000784211151768,0.000689688196871],"max":[-0.241508945823,-0.41639405489,-0.507572770119,-0.619665503502,-0.651590585709,-0.609591424465],"mean":[-0.564787387848,-0.727890908718,-0.776793241501,-0.788887619972,-0.802616596222,-0.775089383125],"median":[-0.554579615593,-0.731390833855,-0.781075417995,-0.790182828903,-0.803611040115,-0.774315953255],"min":[-0.976148247719,-0.974779367447,-0.970833420753,-0.969341099262,-0.967599570751,-0.964318811893],"var":[0.0112849874422,0.0057782754302,0.00388224306516,0.00207203184254,0.00118485256098,0.00138442171738]},"spectral_contrast_valleys":{"dmean":[0.4488542974,0.426788240671,0.369411021471,0.327048778534,0.275465995073,0.41687592864],"dmean2":[0.723310887814,0.683911561966,0.593397080898,0.519351661205,0.405774861574,0.529707074165],"dvar":[0.159277066588,0.137985795736,0.100754201412,0.091959387064,0.0804026797414,0.182021036744],"dvar2":[0.369559913874,0.32989025116,0.236010730267,0.20908947289,0.159721165895,0.32595717907],"max":[-5.14352798462,-4.22568941116,-5.04171800613,-5.67264795303,-5.79018068314,-7.28806734085],"mean":[-7.56539678574,-6.29665660858,-6.87188577652,-7.16561412811,-7.42697381973,-10.7517147064],"median":[-7.3772149086,-6.02065563202,-6.58831596375,-6.87330007553,-7.21307516098,-10.5838909149],"min":[-28.0105495453,-27.8174285889,-27.7224349976,-27.5998268127,-27.4601726532,-27.3921279907],"var":[2.59546208382,2.9957344532,2.70622467995,2.45971679688,2.24663853645,2.5179579258]},"spectral_decrease":{"dmean":3.18459725257e-9,"dmean2":5.08807085353e-9,"dvar":1.68712866158e-17,"dvar2":4.37769457326e-17,"max":1.64443301445e-28,"mean":-1.00324939467e-8,"median":-9.27596843781e-9,"min":-3.85570793071e-8,"var":2.89903775992e-17},"spectral_energy":{"dmean":0.0122977644205,"dmean2":0.0196337364614,"dvar":0.000241110334173,"dvar2":0.000625696848147,"max":0.146870702505,"mean":0.0400802865624,"median":0.0376475602388,"min":1.00655020474e-20,"var":0.000425471138442},"spectral_energyband_high":{"dmean":0.000301255146042,"dmean2":0.000413289759308,"dvar":7.84533938258e-7,"dvar2":0.00000136621156344,"max":0.025603948161,"mean":0.00052176247118,"median":0.00013348844368,"min":7.06862103358e-21,"var":0.00000242732312472},"spectral_energyband_low":{"dmean":0.00738106109202,"dmean2":0.0122544597834,"dvar":0.000330654642312,"dvar2":0.000851159449667,"max":0.139443591237,"mean":0.00887066591531,"median":0.00200027087703,"min":2.3477795849e-23,"var":0.000374573777663},"spectral_energyband_middle_high":{"dmean":0.00249165575951,"dmean2":0.00387739739381,"dvar":0.00000797169650468,"dvar2":0.0000188386620721,"max":0.0550980418921,"mean":0.00766859063879,"median":0.00645491341129,"min":1.18592244245e-21,"var":0.0000414067326346},"spectral_energyband_middle_low":{"dmean":0.00755028659478,"dmean2":0.0117489825934,"dvar":0.0000584715999139,"dvar2":0.000143366298289,"max":0.087914571166,"mean":0.02355944179,"median":0.0221064165235,"min":1.67836556825e-22,"var":0.000175384731847},"spectral_entropy":{"dmean":0.176282405853,"dmean2":0.2454020679,"dvar":0.0287129301578,"dvar2":0.0574010536075,"max":9.81991481781,"mean":7.41180753708,"median":7.41485309601,"min":5.35580062866,"var":0.152292281389},"spectral_flux":{"dmean":0.0318009406328,"dmean2":0.0495859384537,"dvar":0.00127436569892,"dvar2":0.00277224788442,"max":0.345692336559,"mean":0.108140818775,"median":0.102151796222,"min":6.56876913974e-11,"var":0.00267073162831},"spectral_kurtosis":{"dmean":3.13552045822,"dmean2":5.28636693954,"dvar":12.0293521881,"dvar2":34.619682312,"max":47.8770332336,"mean":7.38093423843,"median":6.52622890472,"min":-1.33858263493,"var":19.9212779999},"spectral_rms":{"dmean":0.000900399114471,"dmean2":0.00139881821815,"dvar":9.46705711158e-7,"dvar2":0.00000230092655329,"max":0.0119703169912,"mean":0.00598955573514,"median":0.00606047268957,"min":3.13368818741e-12,"var":0.00000322790015161},"spectral_rolloff":{"dmean":365.272033691,"dmean2":597.041442871,"dvar":492108.53125,"dvar2":1036234.8125,"max":19487.5488281,"mean":1257.40344238,"median":1098.19335938,"min":64.599609375,"var":2492552},"spectral_skewness":{"dmean":0.332144886255,"dmean2":0.538121819496,"dvar":0.0973800346255,"dvar2":0.260166615248,"max":4.61154317856,"mean":1.8226108551,"median":1.81643772125,"min":-0.0447862111032,"var":0.24262444675},"spectral_spread":{"dmean":524626.9375,"dmean2":718496.5625,"dvar":439146414080,"dvar2":768304152576,"max":43010460,"mean":3451266.25,"median":3098283.75,"min":890990.6875,"var":6285714522110},"spectral_strongpeak":{"dmean":0.54540514946,"dmean2":0.910197496414,"dvar":0.483922064304,"dvar2":1.25497198105,"max":12.2919826508,"mean":1.11380422115,"median":0.908898055553,"min":0,"var":0.814243197441},"zerocrossingrate":{"dmean":0.0080931885168,"dmean2":0.00903018005192,"dvar":0.0000999046533252,"dvar2":0.000102944482933,"max":0.52197265625,"mean":0.046793833375,"median":0.041015625,"min":0.00390625,"var":0.00173094274942}},"metadata":{"audio_properties":{"analysis_sample_rate":44100,"bit_rate":131069,"codec":"mp3","downmix":"mix","equal_loudness":0,"length":228.780410767,"lossless":false,"md5_encoded":"db1f442c42835b4a31615b895af92a8e","replay_gain":-14.6366691589,"sample_rate":44100},"tags":{"album":["No Wow"],"albumartist":["The Kills"],"albumartistsort":["Kills, The"],"artist":["The Kills"],"artistsort":["Kills, The"],"asin":["B00078XKDE"],"barcode":["828766640328"],"catalognumber":["82876 66403 2"],"composer":["The Kills"],"date":["2005"],"discnumber":["1/1"],"encodedby":["LAME 3.98.2 VBR 4, Joint Stereo"],"encoding":["Audiograbber 1.83.01, LAME dll 3.98, VBR 4 (New method), Joint Stereo, High quality"],"file_name":"02 Love Is a Deserter.mp3","genre":["Rock"],"isrc":["GBCEL0400277"],"label":["RCA Records"],"lyricist":["The Kills"],"media":["CD"],"musicbrainz album release country":["US"],"musicbrainz album status":["official"],"musicbrainz album type":["album"],"musicbrainz_albumartistid":["2c629b8c-d751-4131-b785-5690bb5e0fd7"],"musicbrainz_albumid":["55efd586-2938-4db2-8436-bb950ed9b0eb"],"musicbrainz_artistid":["2c629b8c-d751-4131-b785-5690bb5e0fd7"],"musicbrainz_recordingid":["54de2c47-3d8d-4c6b-aba6-c0dc63fb9ab6"],"musicbrainz_workid":["9b4ee1d5-5582-33ba-96f3-d255bf4b8975"],"musicip_puid":["1cb4914d-f99d-e0dd-034d-d01f15c00e87"],"originaldate":["2005"],"script":["Latn"],"title":["Love Is a Deserter"],"tracknumber":["2/11"]},"version":{"essentia":"2.1-beta2","essentia_build_sha":"2d9f1f26377add8aeb1075a9c2973f962c4f09fd","essentia_git_sha":"v2.1_beta2-1-ge3940c0","extractor":"music 1.0"}},"rhythm":{"beats_count":512,"beats_loudness":{"dmean":0.0219692699611,"dmean2":0.0423139408231,"dvar":0.000262120767729,"dvar2":0.000868975301273,"max":0.127328664064,"mean":0.0483639203012,"median":0.0473422072828,"min":0,"var":0.000342903251294},"beats_loudness_band_ratio":{"dmean":[0.527523577213,0.171711623669,0.22