{"lowlevel":{"average_loudness":0.751318752766,"barkbands":{"dmean":[0.0072970231995,0.0123063763604,0.0029461409431,0.00067426613532,0.00105255760718,0.000966539955698,0.00109530438203,0.000752908119466,0.000478931440739,0.000557204009965,0.000457237183582,0.000314538541716,0.000395913550165,0.000282836990664,0.000272684876109,0.000165609148098,0.000128135245177,0.000091813490144,0.0000846695911605,0.0000903197214939,0.0000745031720726,0.0000331841729349,0.000013415846297,0.0000108308804556,0.00000255638246927,0.0000257222745859,0.000289384101052],"dmean2":[0.0123334834352,0.0211987253278,0.0050163581036,0.00114467297681,0.00168486032635,0.0014865178382,0.00171244610101,0.00122615706641,0.000791764410678,0.000909207272343,0.000758736627176,0.000527404772583,0.000649705238175,0.000476496381452,0.000454572291346,0.000276524224319,0.000209803227335,0.000150375912199,0.000132412358653,0.000135751120979,0.000105954823084,0.0000468275684398,0.0000183064312296,0.0000145237272591,0.00000408118694395,0.0000349854999513,0.000447382946732],"dvar":[0.000294577213936,0.000644005311187,0.0000708271109033,0.00000208504116017,0.00000492841036248,0.00000549250125914,0.0000080297659224,0.00000452895164926,9.86713303064e-7,0.00000171565443452,0.00000135075015351,3.6482938981e-7,6.82169172705e-7,2.9048086958e-7,2.36552423871e-7,1.03839354892e-7,7.02837326116e-8,4.16342516019e-8,7.88767238191e-8,1.09509322499e-7,6.04448260333e-8,9.28674559475e-9,9.65024060662e-10,5.98571747723e-10,2.17969045591e-11,2.8977305e-9,2.24094648615e-7],"dvar2":[0.000763000978623,0.00178430497181,0.000186696488527,0.00000578820754527,0.0000115306938824,0.0000121045841297,0.0000189151342056,0.0000114067215691,0.00000250022026194,0.00000429853389505,0.00000353576183443,9.79541255219e-7,0.00000165630274296,7.95074299731e-7,6.42853478894e-7,2.83205793039e-7,1.78973323273e-7,1.0552748364e-7,1.90610037976e-7,2.41273426127e-7,1.15131378209e-7,1.85667925479e-8,1.63748770099e-9,9.59836654602e-10,5.10515206498e-11,4.80173678596e-9,5.38831386621e-7],"max":[0.213872790337,0.244363993406,0.135304927826,0.0442857220769,0.0554817169905,0.0623495392501,0.066528365016,0.0835850760341,0.0241799484938,0.0394773446023,0.0403073616326,0.0188509486616,0.03387099877,0.0127840023488,0.0096792364493,0.00676037697122,0.00478024454787,0.00726302992553,0.0132400048897,0.0107946628705,0.00693583162501,0.00378066091798,0.00117253686767,0.000594580196775,0.0000771825580159,0.00204429309815,0.0115843135864],"mean":[0.00743319699541,0.0140508795157,0.00303609622642,0.00081940239761,0.00181835435797,0.00175395153929,0.00213823327795,0.00111508462578,0.000799434899818,0.000862059416249,0.000709375890438,0.000536298786756,0.000677532283589,0.000523943977896,0.000542676250916,0.000317808735417,0.000244796799961,0.000182602074347,0.000174206565134,0.000196614098968,0.000173039166839,0.0000728916638764,0.000028174243198,0.0000174405467988,0.00000286531917482,0.0000479246773466,0.00118624849711],"median":[0.0019300437998,0.00669216131791,0.000905863649677,0.000300600833725,0.000776385597419,0.000477170658996,0.000301949912682,0.000189014914213,0.000308433547616,0.000238305685343,0.000246408075327,0.000225857118494,0.000290808064165,0.00018154301506,0.000190224891412,0.0000924741179915,0.0000721724063624,0.0000478024012409,0.000043314510549,0.0000381477511837,0.0000467571953777,0.0000218886343646,0.00000968801759882,0.00000454361634183,9.19343051464e-7,0.0000143983052112,0.000329895381583],"min":[1.33838469821e-13,1.4908430393e-13,1.14902518042e-14,5.21403734533e-14,2.37693382771e-13,8.12822031904e-14,1.47299137948e-13,9.7285921723e-14,1.00297656465e-12,4.59874976641e-13,5.64074069571e-13,2.20691032723e-13,1.28706927386e-13,2.18692468648e-13,2.38272888833e-13,4.27532900575e-13,1.48039024615e-13,2.49794542689e-13,5.28288458986e-13,5.6115886677e-13,5.4530875258e-13,5.3122025008e-13,1.18793961213e-12,1.88221682164e-12,1.56672721671e-12,4.97533785004e-12,3.65705816324e-12],"var":[0.000279070576653,0.000540726410691,0.0000600140701863,0.00000241496286435,0.0000106869247247,0.0000144529967656,0.0000262858611677,0.00000823440404929,0.00000194730046132,0.00000340480119121,0.00000237720246332,7.4999206845e-7,0.00000144054570228,6.36070183191e-7,6.11287703123e-7,2.46077661359e-7,1.66210043062e-7,1.05079287493e-7,2.10928646993e-7,3.91554578982e-7,2.60970210775e-7,3.50562991969e-8,3.71678221534e-9,1.42289446892e-9,2.81764906546e-11,9.60562562824e-9,0.00000248003152592]},"barkbands_crest":{"dmean":3.12735772133,"dmean2":5.12191772461,"dvar":6.75408363342,"dvar2":17.938911438,"max":26.000749588,"mean":11.7167072296,"median":11.095199585,"min":2.45282888412,"var":22.9835319519},"barkbands_flatness_db":{"dmean":0.0320694819093,"dmean2":0.0513278059661,"dvar":0.000990975880995,"dvar2":0.00266764452681,"max":0.494139790535,"mean":0.152609109879,"median":0.13828381896,"min":0.0223425719887,"var":0.00414877803996},"barkbands_kurtosis":{"dmean":12.6098423004,"dmean2":21.0341968536,"dvar":789.183837891,"dvar2":2199.95483398,"max":541.840820312,"mean":17.9268188477,"median":5.71097946167,"min":-1.95446825027,"var":1164.60083008},"barkbands_skewness":{"dmean":0.999220073223,"dmean2":1.61114549637,"dvar":1.60146915913,"dvar2":4.25525665283,"max":14.6737480164,"mean":2.87802529335,"median":2.23091316223,"min":-1.94110441208,"var":4.3231883049},"barkbands_spread":{"dmean":8.2779302597,"dmean2":13.120552063,"dvar":77.7759017944,"dvar2":186.486022949,"max":143.858703613,"mean":28.0061645508,"median":25.2642612457,"min":0.183558523655,"var":387.989593506},"dissonance":{"dmean":0.0221355967224,"dmean2":0.0378406047821,"dvar":0.000730748521164,"dvar2":0.00211096578278,"max":0.500000119209,"mean":0.462356716394,"median":0.473237901926,"min":0.141271993518,"var":0.00154515344184},"dynamic_complexity":6.63376665115,"erbbands":{"dmean":[0.689557492733,1.6626367569,3.32114243507,2.46881532669,2.48287558556,3.8472673893,5.29547595978,8.85039901733,13.0689287186,22.554441452,10.2604341507,10.1086463928,17.730846405,15.0176925659,16.9174919128,13.4629507065,18.1447505951,14.827000618,13.3733625412,11.5033121109,7.42235374451,6.80618143082,5.19938755035,4.25250530243,3.97691488266,4.30185365677,3.81155943871,2.32781338692,1.27742242813,0.680756866932,0.355024755001,0.241294130683,0.163552850485,0.0367603190243,0.0185395870358,0.0608495250344,0.0549706444144,0.0433077961206,0.024129845202,0.00577321555465],"dmean2":[1.21422839165,2.77619862556,5.63785219193,4.15432977676,4.15550708771,6.05651569366,8.48299789429,13.6907110214,19.9098968506,36.8170661926,16.6938915253,16.6786270142,29.291519165,24.4943523407,28.0268230438,22.3433246613,29.6311340332,24.8767623901,22.1839313507,19.1131057739,12.2587871552,11.0626211166,8.3735408783,6.8556599617,6.07521629333,6.45681619644,5.62697935104,3.32628107071,1.80589032173,0.941741347313,0.486192554235,0.327776193619,0.223311111331,0.055779542774,0.0292195286602,0.0873943120241,0.0741885080934,0.0561234727502,0.0324772112072,0.0091143026948],"dvar":[2.57341814041,8.33813095093,79.4614334106,33.5718765259,20.4628982544,85.4680328369,195.615280151,493.593536377,1119.10046387,4391.82714844,618.647521973,381.062927246,2076.8605957,1204.87719727,1965.70141602,590.010437012,1441.38427734,854.038391113,530.46875,443.719665527,207.165985107,204.80809021,134.592025757,139.140258789,190.22064209,262.237182617,183.185668945,55.8080940247,13.9100990295,3.31731176376,0.658563375473,0.302045285702,0.138346984982,0.00422695884481,0.00104403018486,0.0164529010653,0.0135789690539,0.0127342231572,0.00455541582778,0.0000850743817864],"dvar2":[7.28724098206,22.0329303741,208.634094238,88.9796066284,54.7835769653,188.256942749,456.145599365,1090.17163086,2588.79980469,10856.0947266,1551.14379883,987.510131836,5320.57421875,2917.45825195,5189.56640625,1541.43823242,3418.52270508,2350.02319336,1441.11437988,1200.07006836,550.790710449,509.268035889,328.461364746,347.212463379,427.48916626,573.576171875,374.055511475,110.617462158,27.8502597809,6.12775945663,1.13134026527,0.49459990859,0.237783685327,0.00901328586042,0.00240881508216,0.0313036628067,0.0218132808805,0.0200887955725,0.00806780345738,0.000219090696191],"max":[14.9296636581,32.7420043945,137.898147583,96.0916976929,114.55796051,282.697418213,539.24798584,635.567138672,1072.22802734,1632.1072998,797.880615234,587.068969727,1433.57299805,1246.03076172,1857.8034668,628.430664062,1503.04272461,740.836975098,517.244445801,436.989624023,290.813232422,289.181274414,368.631591797,510.288360596,542.10168457,548.015197754,355.88583374,284.783935547,154.630767822,98.4517440796,28.8994789124,15.156794548,10.8035917282,1.43365347385,0.548551976681,2.57439208031,5.57258796692,5.35359668732,2.16623425484,0.2159370929],"mean":[0.683524429798,2.13790535927,3.69667673111,3.07266616821,3.6708316803,6.39287567139,8.40371131897,16.6162643433,27.2802963257,37.4563064575,17.6032428741,17.5954799652,27.0683231354,26.1743221283,28.3925209045,25.1127586365,32.4885978699,28.4351673126,27.5708789825,24.4382133484,15.8365249634,13.7078313828,10.7049045563,8.96328163147,8.66964530945,9.39762115479,8.68144416809,5.28124523163,2.84140563011,1.45746695995,0.73098307848,0.420439630747,0.246224164963,0.0488932617009,0.0228194016963,0.082807816565,0.102382093668,0.111334197223,0.0785631686449,0.0296507161111],"median":[0.2433912009,1.10347259045,1.38958418369,1.1313085556,1.58889639378,2.41015863419,2.74848413467,4.27414989471,4.52870941162,4.57474088669,4.61586332321,7.50739717484,7.27853679657,9.71596050262,11.4493436813,11.3745250702,14.5576982498,11.5112133026,10.1364192963,8.47594833374,5.03469419479,3.99080944061,2.86889314651,2.39220380783,1.96323263645,1.86285400391,2.10684108734,1.4871019125,0.842994868755,0.475829273462,0.254607051611,0.128812685609,0.0576821453869,0.0177263021469,0.00877854507416,0.0169908069074,0.0304570775479,0.0374253876507,0.0256122872233,0.00855277478695],"min":[5.90547619486e-12,2.7568716407e-11,2.68107393925e-11,8.58825024985e-11,4.90092189054e-10,8.7537532778e-10,8.15331469006e-10,5.9547544673e-10,1.51791779146e-9,2.71111932904e-9,4.3144541273e-9,2.26531469139e-8,2.10426893688e-8,1.44623433229e-8,2.12420019352e-8,7.92896592827e-9,5.6109170643e-9,7.90397525208e-9,9.4605452361e-9,1.98915888205e-8,2.14462190229e-8,9.38316979671e-9,1.4362584011e-8,1.9448227917e-8,2.80301399869e-8,2.59375738665e-8,1.28770141217e-8,2.80644290029e-8,1.61825468581e-8,2.82549006414e-8,3.09461398729e-8,5.44262697133e-8,2.16508535544e-8,1.58545816475e-8,1.13846532201e-8,1.25300214648e-8,1.2239036451e-8,2.65759947382e-9,5.31313770757e-10,5.88260135048e-11],"var":[1.91250288486,9.00312805176,69.8391799927,36.2225723267,32.7430000305,187.293106079,360.290496826,1437.49853516,4250.73144531,11109.5751953,1276.78527832,783.077758789,3592.07592773,2905.47338867,3547.11816406,1456.5333252,3143.57299805,1859.74401855,1464.52319336,1241.41711426,563.089477539,517.914306641,359.721405029,356.011413574,617.375488281,916.250976562,714.70135498,227.040420532,53.8330230713,12.3211011887,2.3794939518,0.770841240883,0.294066607952,0.00713822245598,0.00148303667083,0.0308555085212,0.0434249341488,0.0685590878129,0.0297124199569,0.001333807013]},"erbbands_crest":{"dmean":2.59931111336,"dmean2":4.22143411636,"dvar":5.83340740204,"dvar2":14.3248786926,"max":29.6112003326,"mean":9.24503231049,"median":7.82216262817,"min":2.24647498131,"var":24.7074546814},"erbbands_flatness_db":{"dmean":0.0211052261293,"dmean2":0.0312920883298,"dvar":0.000418572890339,"dvar2":0.000942936167121,"max":0.453214377165,"mean":0.13703301549,"median":0.12768651545,"min":0.0317361727357,"var":0.00253144348972},"erbbands_kurtosis":{"dmean":2.8467400074,"dmean2":4.60890293121,"dvar":160.989929199,"dvar2":445.04006958,"max":276.22265625,"mean":4.18965148926,"median":0.258407354355,"min":-1.81225037575,"var":421.745697021},"erbbands_skewness":{"dmean":0.421121686697,"dmean2":0.654896855354,"dvar":0.266664892435,"dvar2":0.684225738049,"max":12.4338188171,"mean":0.442706346512,"median":0.175407126546,"min":-3.66913890839,"var":2.45074534416},"erbbands_spread":{"dmean":6.76829719543,"dmean2":10.427816391,"dvar":52.290561676,"dvar2":121.759429932,"max":128.330780029,"mean":30.4905395508,"median":27.9934253693,"min":0.399351596832,"var":257.516571045},"gfcc":{"cov":[[24149.7695312,-1106.46691895,-1863.17822266,959.020385742,1407.27929688,519.436401367,954.360046387,-160.902938843,118.174499512,196.16633606,-18.7243804932,406.068145752,101.208076477],[-1106.46691895,884.292114258,-6.78663539886,-324.090179443,130.21647644,-0.264815330505,-94.5044250488,-36.4770202637,6.26407527924,-69.4574737549,78.6608505249,-101.453186035,111.862045288],[-1863.17822266,-6.78663539886,582.198547363,177.324859619,-227.082748413,57.4823760986,-105.540161133,75.9673233032,-42.4685974121,30.2755851746,-38.5528831482,20.5774173737,-23.017250061],[959.020385742,-324.090179443,177.324859619,451.673034668,70.3992156982,52.4713897705,138.19229126,11.8084440231,-18.313117981,37.9129066467,-54.2275009155,93.991569519,-43.4111671448],[1407.27929688,130.21647644,-227.082748413,70.3992156982,351.511505127,95.549446106,103.681404114,-36.0373306274,10.3416576385,-33.937210083,31.5982341766,15.9942502975,42.7509651184],[519.436401367,-0.264815330505,57.4823760986,52.4713897705,95.549446106,283.043060303,17.7051429749,80.171875,-26.8903770447,27.4935836792,-0.998203575611,25.7656669617,33.2071647644],[954.360046387,-94.5044250488,-105.540161133,138.19229126,103.681404114,17.7051429749,243.315246582,-14.4933042526,40.6993370056,25.0511550903,-25.1762905121,37.0973205566,-21.0494251251],[-160.902938843,-36.4770202637,75.9673233032,11.8084440231,-36.0373306274,80.171875,-14.4933042526,171.54649353,55.8077926636,28.7972278595,-4.21775531769,-8.10209655762,-2.31248664856],[118.174499512,6.26407527924,-42.4685974121,-18.313117981,10.3416576385,-26.8903770447,40.6993370056,55.8077926636,127.953033447,47.0056800842,14.1384038925,6.0436205864,-14.9965238571],[196.16633606,-69.4574737549,30.2755851746,37.9129066467,-33.937210083,27.4935836792,25.0511550903,28.7972278595,47.0056800842,95.4315872192,24.2389297485,19.5271148682,-4.55557107925],[-18.7243804932,78.6608505249,-38.5528831482,-54.2275009155,31.5982341766,-0.998203575611,-25.1762905121,-4.21775531769,14.1384038925,24.2389297485,76.4413833618,21.2120323181,23.5001182556],[406.068145752,-101.453186035,20.5774173737,93.991569519,15.9942502975,25.7656669617,37.0973205566,-8.10209655762,6.0436205864,19.5271148682,21.2120323181,101.635009766,14.0612401962],[101.208076477,111.862045288,-23.017250061,-43.4111671448,42.7509651184,33.2071647644,-21.0494251251,-2.31248664856,-14.9965238571,-4.55557107925,23.5001182556,14.0612401962,84.9698791504]],"icov":[[0.0000959754979704,-0.0000625653701718,0.000495809246786,-0.000363687518984,0.00000917095530895,-0.000164604949532,0.000106262574263,0.00000133941466629,0.0000344961954397,-0.000276590610156,0.000261082866928,-0.000205622141948,-0.0000442952368758],[-0.0000625653701718,0.0039094556123,-0.00378670194186,0.00401347409934,-0.00356658129022,0.00102764589246,-0.00155768473633,0.000924458436202,-0.000999932526611,0.00149166607298,-0.00223034271039,0.00279808253981,-0.00295810424723],[0.000495809246786,-0.00378670194186,0.0105236824602,-0.00974524952471,0.00836561247706,-0.00455689895898,0.00374086527154,0.000132124783704,-0.00123995332979,0.000764666125178,0.0000765847944422,-0.000576512829866,0.000665052270051],[-0.000363687518984,0.00401347409934,-0.00974524952471,0.015343430452,-0.0118584353477,0.00654003815725,-0.00399817014113,-0.00310097960755,0.00643688393757,-0.00707976752892,0.00727403629571,-0.00621749507263,0.00245777494274],[0.00000917095530895,-0.00356658129022,0.00836561247706,-0.0118584353477,0.0169479511678,-0.00872457027435,0.000512538885232,0.00468336697668,-0.0079025439918,0.0115121593699,-0.0102172680199,0.00620558438823,-0.00294951396063],[-0.000164604949532,0.00102764589246,-0.00455689895898,0.00654003815725,-0.00872457027435,0.0104346359149,-0.00102892029099,-0.00650793593377,0.00837943237275,-0.00865451898426,0.00666094012558,-0.00520280469209,0.000863372930326],[0.000106262574263,-0.00155768473633,0.00374086527154,-0.00399817014113,0.000512538885232,-0.00102892029099,0.00847004540265,0.000745740137063,-0.00185760483146,-0.00256716064177,0.0045689092949,-0.00249598990194,0.0018415322993],[0.00000133941466629,0.000924458436202,0.000132124783704,-0.00310097960755,0.00468336697668,-0.00650793593377,0.000745740137063,0.0127333570272,-0.0104294791818,0.00632468052208,-0.00499578332528,0.00630627665669,-0.00321236858144],[0.0000344961954397,-0.000999932526611,-0.00123995332979,0.00643688393757,-0.0079025439918,0.00837943237275,-0.00185760483146,-0.0104294791818,0.0217182394117,-0.0152973011136,0.00852422509342,-0.00887614767998,0.00630952604115],[-0.000276590610156,0.00149166607298,0.000764666125178,-0.00707976752892,0.0115121593699,-0.00865451898426,-0.00256716064177,0.00632468052208,-0.0152973011136,0.0301286485046,-0.0196800995618,0.0107778059319,-0.00534308515489],[0.000261082866928,-0.00223034271039,0.0000765847944422,0.00727403629571,-0.0102172680199,0.00666094012558,0.0045689092949,-0.00499578332528,0.00852422509342,-0.0196800995618,0.0343315415084,-0.0165460593998,0.00358802452683],[-0.000205622141948,0.00279808253981,-0.000576512829866,-0.00621749507263,0.00620558438823,-0.00520280469209,-0.00249598990194,0.00630627665669,-0.00887614767998,0.0107778059319,-0.0165460593998,0.0241937879473,-0.00872332602739],[-0.0000442952368758,-0.00295810424723,0.000665052270051,0.00245777494274,-0.00294951396063,0.000863372930326,0.0018415322993,-0.00321236858144,0.00630952604115,-0.00534308515489,0.00358802452683,-0.00872332602739,0.019945492968]],"mean":[-39.8082618713,87.8927459717,-79.7623519897,-4.70999956131,-12.8234300613,-11.3478002548,1.87396132946,-14.9304208755,1.92869281769,-0.51597738266,-3.52148270607,0.138475388288,-6.4258275032]},"hfc":{"dmean":30.4194068909,"dmean2":48.8232269287,"dvar":3315.70898438,"dvar2":8932.74902344,"max":2049.24291992,"mean":140.191848755,"median":55.2510414124,"min":2.36389752217e-7,"var":24950.3613281},"melbands":{"dmean":[0.0048574404791,0.00172854179982,0.00041991143371,0.000206460885238,0.000192316190805,0.000203408257221,0.00020015607879,0.000235038300161,0.0000747609810787,0.0000686450148351,0.0000897016216186,0.0000620124337729,0.0000628763009445,0.0000366919775843,0.0000395181887143,0.0000357078242814,0.0000301076779579,0.0000221580248763,0.0000198229572561,0.0000139377671076,0.00000880855986907,0.00000783692030382,0.0000062574263211,0.00000431220132668,0.00000369763256458,0.00000346377100868,0.00000286917952508,0.00000313956365972,0.00000276755031337,0.00000200773502002,0.00000131266597236,8.24555513645e-7,5.67896336179e-7,3.36587731908e-7,2.23974296887e-7,1.65421681686e-7,1.49013374084e-7,1.31364970457e-7,6.80620217963e-8,2.2405032496e-8],"dmean2":[0.00842414237559,0.0029043701943,0.000701267796103,0.00032945923158,0.00030629336834,0.000311536685331,0.000306269939756,0.000383684819099,0.000122208512039,0.000113304959086,0.000147896222188,0.000101219688077,0.000104678678326,0.0000608032896707,0.0000648308050586,0.0000592097676417,0.000050770740927,0.0000370345624106,0.0000330495167873,0.0000232402398979,0.0000146851034515,0.0000129126328829,0.0000102332396636,0.00000711040775059,0.00000605616241955,0.00000545666989638,0.00000442807822765,0.00000483776284455,0.00000420553215008,0.00000294013307212,0.00000192595666704,0.00000120436516227,8.15910823349e-7,4.81142365061e-7,3.16199646022e-7,2.32278310364e-7,2.05932806807e-7,1.80698194185e-7,9.90389423805e-8,3.59343985679e-8],"dvar":[0.000118763578939,0.0000137244051075,8.79056472058e-7,1.48089227991e-7,2.38042517253e-7,2.53136192896e-7,2.43911017606e-7,4.57428058098e-7,3.09007042176e-8,1.93882563337e-8,5.22834042727e-8,2.11051265353e-8,2.78798406583e-8,5.88246740207e-9,5.69767788505e-9,6.23596196903e-9,3.64877772441e-9,1.43409206732e-9,1.42167355666e-9,7.47358008812e-10,3.25711263516e-10,2.75007933093e-10,2.0319437799e-10,8.77674599664e-11,1.15805073864e-10,1.63201022141e-10,1.06835831848e-10,1.50338533289e-10,1.03458977496e-10,4.78331506348e-11,1.75491531029e-11,6.21130360687e-12,2.71259555616e-12,7.69259493345e-13,2.81014469507e-13,1.37119279147e-13,1.25572702193e-13,9.36405629686e-14,2.33760934058e-14,1.72614123228e-15],"dvar2":[0.000330738141201,0.000035976365325,0.00000230786758948,3.55203127356e-7,5.50976892555e-7,5.55781070943e-7,5.68822315472e-7,0.00000113866110496,7.70388055571e-8,4.96992988985e-8,1.33853433226e-7,5.08703337232e-8,7.31111953201e-8,1.55208184083e-8,1.38319222742e-8,1.57970880821e-8,1.00556016847e-8,3.90969967512e-9,3.86918719286e-9,2.03260919207e-9,8.75828409796e-10,7.0900213478e-10,5.10879949456e-10,2.26648519397e-10,2.9824281933e-10,4.03424793571e-10,2.49025189358e-10,3.42056022395e-10,2.28062041474e-10,9.66669105873e-11,3.83618310729e-11,1.33243659162e-11,5.60093334559e-12,1.4922229034e-12,5.25712340414e-13,2.50468970651e-13,2.15187893546e-13,1.67740062292e-13,4.59414407558e-14,4.03400542273e-15],"max":[0.102462768555,0.0528338849545,0.01474683173,0.00934679433703,0.0140598630533,0.0123281413689,0.0147525286302,0.0176782980561,0.00484005687758,0.00414400966838,0.00695219729096,0.00533372629434,0.00622371211648,0.00264194281772,0.00360192218795,0.00393873918802,0.00147943384945,0.000787897093687,0.000857297214679,0.000641763035674,0.00042189026135,0.000348830741132,0.000537194253411,0.000240279303398,0.000487861660076,0.00065368245123,0.0003553427523,0.000435047521023,0.000276884849882,0.000213877050555,0.000171068910277,0.0000963509155554,0.0000791475831647,0.0000459158036392,0.000021647725589,0.0000114433669296,0.00000957020074566,0.00000989986347122,0.00000450155448561,7.08175605268e-7],"mean":[0.00531108863652,0.00220109149814,0.000561772263609,0.000349344481947,0.000313540978823,0.000394025380956,0.00041269348003,0.000381444348022,0.000124836587929,0.000115080729302,0.000134158632136,0.000103193859104,0.000099354001577,0.0000642001687083,0.0000709017185727,0.0000622895458946,0.0000525783507328,0.0000429042047472,0.0000388276348531,0.0000267316027021,0.0000168333990587,0.0000145367794175,0.0000115373140943,0.00000826051655167,0.00000707986373527,0.00000662912680127,0.00000588587136008,0.00000634561183688,0.00000575861531615,0.00000425177313446,0.00000267290329248,0.00000170234068264,0.00000111466397357,6.78462185988e-7,4.39952088982e-7,2.98800870269e-7,2.39989731199e-7,1.94543076759e-7,9.27107777215e-8,2.45239046848e-8],"median":[0.00232201372273,0.00109881151002,0.000229831348406,0.000157185393618,0.00010129086877,0.0000964536011452,0.0000682565951138,0.000047242941946,0.0000378217846446,0.0000451549858553,0.0000341353625117,0.0000359254554496,0.0000357948520104,0.000027675399906,0.0000304702589347,0.0000269585016213,0.0000183433076018,0.0000151847771122,0.0000131902907015,0.00000808962795418,0.00000500183386976,0.00000409419135394,0.00000287284433398,0.00000214110423258,0.00000180467623068,0.00000155657937739,0.0000010777442867,0.00000120995798625,0.00000130671162424,0.00000111649410428,7.29866883376e-7,4.79472817005e-7,3.33873288128e-7,2.20383441274e-7,1.49684481698e-7,9.99296005944e-8,6.5308398689e-8,4.34366782542e-8,2.34921575526e-8,7.31321669889e-9],"min":[5.39318007029e-14,2.20348607795e-14,2.54099143799e-14,5.23294176546e-14,3.09710787019e-14,1.42690645134e-14,2.51237002529e-14,2.67545469964e-14,4.77904255882e-14,1.51662916167e-13,1.02165631098e-13,5.44677997638e-14,7.81473884627e-14,2.73534941578e-14,2.03262767403e-14,1.01442325948e-14,1.63090044535e-14,1.6537647445e-14,2.05072165304e-14,3.32052704018e-14,2.02863526894e-14,5.98156202033e-15,1.84231885254e-14,9.3420119256e-15,1.51437801914e-14,2.55810251996e-14,2.17166355835e-14,1.48672324045e-14,6.37555473706e-15,1.35864000036e-14,1.65403342336e-14,8.01550073195e-15,1.20001766499e-14,1.76217903252e-14,1.3457583233e-14,3.15502459499e-14,3.20924791733e-14,1.24398435007e-14,1.57363322541e-14,1.27298032074e-14],"var":[0.0000948390079429,0.0000135498712552,0.00000102088893073,3.21524794344e-7,4.67195093279e-7,7.88587044553e-7,8.79950050603e-7,0.00000109025040729,6.19413924596e-8,3.84849450086e-8,9.03752450654e-8,5.0484914027e-8,4.83297064591e-8,1.23523449247e-8,1.33661179902e-8,1.17429941326e-8,7.08354264134e-9,3.63822993954e-9,3.42289840916e-9,1.740109834e-9,7.18947679168e-10,5.98813887365e-10,4.49438070094e-10,2.15044690388e-10,2.47690395971e-10,3.78973880055e-10,3.29341276473e-10,4.56843729513e-10,3.33845423528e-10,1.72815733945e-10,5.85287304733e-11,2.0722762048e-11,8.10725445111e-12,2.66898981215e-12,9.4539588831e-13,3.58855143951e-13,2.83493823035e-13,1.91101542685e-13,4.04438005167e-14,2.19283658682e-15]},"melbands_crest":{"dmean":5.00586891174,"dmean2":8.26399517059,"dvar":19.3021068573,"dvar2":51.4491920471,"max":38.8061408997,"mean":19.3925304413,"median":18.5554180145,"min":3.40689730644,"var":57.764793396},"melbands_flatness_db":{"dmean":0.0391760952771,"dmean2":0.062706887722,"dvar":0.00128474470694,"dvar2":0.00346980267204,"max":0.649524271488,"mean":0.262385815382,"median":0.250071972609,"min":0.0202958919108,"var":0.00576339382678},"melbands_kurtosis":{"dmean":17.4983444214,"dmean2":29.9724636078,"dvar":1602.24768066,"dvar2":4560.97460938,"max":759.603149414,"mean":23.415397644,"median":7.97751617432,"min":-1.84995019436,"var":1909.33752441},"melbands_skewness":{"dmean":1.22726511955,"dmean2":2.00302767754,"dvar":2.56827569008,"dvar2":6.91142177582,"max":22.0666122437,"mean":3.11879348755,"median":2.3892929554,"min":-3.52709841728,"var":6.23345708847},"melbands_spread":{"dmean":5.75860595703,"dmean2":9.19036769867,"dvar":53.9561462402,"dvar2":126.133087158,"max":160.24671936,"mean":16.4496021271,"median":14.2436742783,"min":0.297567039728,"var":194.876342773},"mfcc":{"cov":[[17564.8769531,1004.63024902,-2123.59326172,759.13458252,-246.869049072,879.067749023,229.348510742,476.963165283,152.27204895,430.160064697,-159.210861206,271.756286621,-71.9483718872],[1004.63024902,1377.45422363,-230.906555176,-213.630828857,176.524795532,47.2747917175,85.4993515015,-28.8485298157,20.8335132599,-20.3721065521,-15.0984363556,-69.2209243774,-7.90686321259],[-2123.59326172,-230.906555176,754.288879395,30.2678947449,31.682472229,-76.9191741943,-37.8683013916,-38.8995246887,-7.79728555679,-51.6523284912,21.2550125122,-28.8017730713,-5.25538301468],[759.13458252,-213.630828857,30.2678947449,438.299316406,-81.1462020874,116.370819092,20.0855445862,68.8676834106,20.9762020111,17.1129550934,-2.88472175598,27.1056251526,-2.45943951607],[-246.869049072,176.524795532,31.682472229,-81.1462020874,237.886901855,-2.04300785065,39.9235877991,20.3143959045,4.59099817276,-24.2150268555,6.89051961899,-8.33213806152,4.92831468582],[879.067749023,47.2747917175,-76.9191741943,116.370819092,-2.04300785065,236.221435547,98.1680221558,66.6247024536,23.0040111542,22.1786708832,-13.2171669006,16.9369926453,-6.15060853958],[229.348510742,85.4993515015,-37.8683013916,20.0855445862,39.9235877991,98.1680221558,141.039978027,45.0139732361,26.7981739044,0.102043814957,-6.79182815552,-12.2229976654,3.33242106438],[476.963165283,-28.8485298157,-38.8995246887,68.8676834106,20.3143959045,66.6247024536,45.0139732361,134.97467041,52.1192436218,24.8503017426,8.85508155823,26.3613071442,-8.39986228943],[152.27204895,20.8335132599,-7.79728555679,20.9762020111,4.59099817276,23.0040111542,26.7981739044,52.1192436218,101.94884491,48.8901824951,25.6184539795,11.5897626877,4.79843521118],[430.160064697,-20.3721065521,-51.6523284912,17.1129550934,-24.2150268555,22.1786708832,0.102043814957,24.8503017426,48.8901824951,98.7956848145,31.2023792267,27.4841079712,2.33253765106],[-159.210861206,-15.0984363556,21.2550125122,-2.88472175598,6.89051961899,-13.2171669006,-6.79182815552,8.85508155823,25.6184539795,31.2023792267,77.3358306885,32.8284950256,15.2042474747],[271.756286621,-69.2209243774,-28.8017730713,27.1056251526,-8.33213806152,16.9369926453,-12.2229976654,26.3613071442,11.5897626877,27.4841079712,32.8284950256,76.6431732178,24.3216743469],[-71.9483718872,-7.90686321259,-5.25538301468,-2.45943951607,4.92831468582,-6.15060853958,3.33242106438,-8.39986228943,4.79843521118,2.33253765106,15.2042474747,24.3216743469,60.2460136414]],"icov":[[0.000143979763379,-0.000118876734632,0.000290213734843,-0.000193302548723,0.0000503616902279,-0.000220807574806,0.000100884637504,-0.000190009770449,0.000131957276608,-0.000455286033684,0.000455154309748,-0.000411405198975,0.000173371779965],[-0.000118876734632,0.00109609635547,0.000106776155008,0.000505390518811,-0.000665835861582,-0.000218870365643,-0.00018039351562,0.000609740207437,-0.000587672751863,0.000606106419582,-0.000636094249785,0.0011991460342,-0.000141283962876],[0.000290213734843,0.000106776155008,0.00223243050277,-0.000634285388514,-0.000368409004295,-0.000260955624981,0.000444965524366,0.000142951728776,-0.000347978464561,0.000141565411468,-0.00007009744877,0.0000248288124567,0.000558160885703],[-0.000193302548723,0.000505390518811,-0.000634285388514,0.00348693295382,0.00084199430421,-0.00136653927621,0.000445222278358,-0.000943334482145,-0.000288766983431,0.00093542720424,-0.000581003841944,0.000589878589381,-0.000546772615053],[0.0000503616902279,-0.000665835861582,-0.000368409004295,0.00084199430421,0.005567652639,0.000305068970192,-0.0012775309151,-0.0016959134955,0.000414805108448,0.00113290012814,-0.000611769268289,-0.000384289887734,-0.000382471160265],[-0.000220807574806,-0.000218870365643,-0.000260955624981,-0.00136653927621,0.000305068970192,0.00840891711414,-0.00537804700434,-0.000786292832345,0.000795630097855,-0.000818188360427,0.00132419844158,-0.00220927083865,0.00117641617544],[0.000100884637504,-0.00018039351562,0.000444965524366,0.000445222278358,-0.0012775309151,-0.00537804700434,0.0127276526764,-0.00241925171576,-0.00174384727143,0.00102294306271,-0.000488027959364,0.00442559970543,-0.002896259306],[-0.000190009770449,0.000609740207437,0.000142951728776,-0.000943334482145,-0.0016959134955,-0.000786292832345,-0.00241925171576,0.0133539587259,-0.00615401798859,0.00166641245596,0.00041389191756,-0.00449703261256,0.00401788856834],[0.000131957276608,-0.000587672751863,-0.000347978464561,-0.000288766983431,0.000414805108448,0.000795630097855,-0.00174384727143,-0.00615401798859,0.0173399914056,-0.00786182004958,-0.00234179524705,0.00257987878285,-0.00220317346975],[-0.000455286033684,0.000606106419582,0.000141565411468,0.00093542720424,0.00113290012814,-0.000818188360427,0.00102294306271,0.00166641245596,-0.00786182004958,0.0182542204857,-0.00550563400611,-0.00172586389817,0.00159153644927],[0.000455154309748,-0.000636094249785,-0.00007009744877,-0.000581003841944,-0.000611769268289,0.00132419844158,-0.000488027959364,0.00041389191756,-0.00234179524705,-0.00550563400611,0.0208649896085,-0.00903236214072,-0.000519402092323],[-0.000411405198975,0.0011991460342,0.0000248288124567,0.000589878589381,-0.000384289887734,-0.00220927083865,0.00442559970543,-0.00449703261256,0.00257987878285,-0.00172586389817,-0.00903236214072,0.0251672323793,-0.0093929329887],[0.000173371779965,-0.000141283962876,0.000558160885703,-0.000546772615053,-0.000382471160265,0.00117641617544,-0.002896259306,0.00401788856834,-0.00220317346975,0.00159153644927,-0.000519402092323,-0.0093929329887,0.0217221938074]],"mean":[-702.430297852,150.217437744,-7.55341386795,26.0090503693,0.797734558582,20.0157394409,1.61561155319,5.38058757782,2.66582560539,7.19678926468,1.96777510643,7.46407604218,0.950111865997]},"pitch_salience":{"dmean":0.0901823937893,"dmean2":0.14791238308,"dvar":0.0066903103143,"dvar2":0.0176454521716,"max":0.829494893551,"mean":0.481586813927,"median":0.507799506187,"min":0.0371977426112,"var":0.0198007710278},"silence_rate_20dB":{"dmean":0,"dmean2":0,"dvar":0,"dvar2":0,"max":1,"mean":1,"median":1,"min":1,"var":0},"silence_rate_30dB":{"dmean":0.090821787715,"dmean2":0.181656032801,"dvar":0.0825778767467,"dvar2":0.179508373141,"max":1,"mean":0.912682652473,"median":1,"min":0,"var":0.0796888917685},"silence_rate_60dB":{"dmean":0.0100150909275,"dmean2":0.0200315564871,"dvar":0.00991434883326,"dvar2":0.0249772816896,"max":1,"mean":0.131010353565,"median":0,"min":0,"var":0.113834396005},"spectral_centroid":{"dmean":197.6171875,"dmean2":294.757019043,"dvar":56220.0078125,"dvar2":101168.664062,"max":10915.3505859,"mean":1107.72595215,"median":984.871765137,"min":129.066650391,"var":399535.9375},"spectral_complexity":{"dmean":2.93428444862,"dmean2":4.57213401794,"dvar":9.62847042084,"dvar2":20.6822357178,"max":63,"mean":17.9172782898,"median":16,"min":0,"var":181.709579468},"spectral_contrast_coeffs":{"dmean":[0.0498684681952,0.048100490123,0.036935467273,0.0276012327522,0.0218178983778,0.0303357411176],"dmean2":[0.0825635716319,0.0797312110662,0.0614615567029,0.0458742529154,0.0357530452311,0.0466291643679],"dvar":[0.001628551865,0.00143246818334,0.000874022953212,0.000459656206658,0.00034855629201,0.000792704580817],"dvar2":[0.00437009241432,0.00392039120197,0.00239257118665,0.00124414684251,0.000898566504475,0.00183695764281],"max":[-0.37799590826,-0.46885368228,-0.552092373371,-0.58573114872,-0.580111205578,-0.469018876553],"mean":[-0.728851556778,-0.766667127609,-0.808657407761,-0.818513095379,-0.831963598728,-0.749146938324],"median":[-0.736955344677,-0.777145206928,-0.811120331287,-0.815324604511,-0.826939463615,-0.74135440588],"min":[-0.951584756374,-0.972250461578,-0.966899454594,-0.98785251379,-0.975716352463,-0.961546838284],"var":[0.00552023388445,0.00524740014225,0.00294848484918,0.00248499866575,0.00178127049003,0.00619427207857]},"spectral_contrast_valleys":{"dmean":[0.410150676966,0.371104240417,0.342986017466,0.302120536566,0.310604989529,0.505985319614],"dmean2":[0.670370638371,0.604004144669,0.546925067902,0.473088622093,0.463838249445,0.759666502476],"dvar":[0.131813913584,0.101272821426,0.10778234899,0.111504524946,0.125958129764,0.211218848825],"dvar2":[0.30088660121,0.236397862434,0.242957666516,0.23670399189,0.251191675663,0.501306831837],"max":[-4.99131298065,-4.59531927109,-5.23470544815,-5.60523748398,-5.28237581253,-8.94151687622],"mean":[-7.14400911331,-6.91387176514,-7.36498117447,-7.75344276428,-8.11430168152,-11.2451066971],"median":[-6.73296117783,-6.67365980148,-6.94608068466,-7.35697317123,-7.71322250366,-10.9031410217],"min":[-27.412946701,-26.7305030823,-27.170879364,-27.5229816437,-27.2581481934,-27.157409668],"var":[2.30597281456,1.62968313694,2.26420354843,2.74731087685,2.8351957798,1.8898704052]},"spectral_decrease":{"dmean":5.53996359898e-9,"dmean2":9.23933374253e-9,"dvar":1.12361474787e-16,"dvar2":2.98951570176e-16,"max":1.1002593503e-8,"mean":-8.34542390749e-9,"median":-5.13440445715e-9,"min":-9.91994113519e-8,"var":1.18881987355e-16},"spectral_energy":{"dmean":0.0207599122077,"dmean2":0.0345180854201,"dvar":0.00156464695465,"dvar2":0.00415723072365,"max":0.3780182302,"mean":0.0442133247852,"median":0.0301695149392,"min":2.21203472206e-11,"var":0.00218262616545},"spectral_energyband_high":{"dmean":0.000325067667291,"dmean2":0.000444820791017,"dvar":5.57336306883e-7,"dvar2":9.42768906498e-7,"max":0.0222025066614,"mean":0.00114244187716,"median":0.000417900533648,"min":1.4146833878e-11,"var":0.00000431697753811},"spectral_energyband_low":{"dmean":0.0186175815761,"dmean2":0.0318319834769,"dvar":0.00141127035022,"dvar2":0.00384733453393,"max":0.3393663764,"mean":0.0225730352104,"median":0.0118448287249,"min":2.37231783697e-13,"var":0.00124257977586},"spectral_energyband_middle_high":{"dmean":0.00137969129719,"dmean2":0.00218517100438,"dvar":0.0000050024268603,"dvar2":0.0000126563900267,"max":0.0545318648219,"mean":0.00468112621456,"median":0.00252881483175,"min":3.47733994377e-12,"var":0.0000303356810036},"spectral_energyband_middle_low":{"dmean":0.00318659539334,"dmean2":0.00497588980943,"dvar":0.0000277501476376,"dvar2":0.0000664206017973,"max":0.101719178259,"mean":0.00877774693072,"median":0.00391767080873,"min":1.82264359855e-12,"var":0.00012567146041},"spectral_entropy":{"dmean":0.180329918861,"dmean2":0.268027514219,"dvar":0.0430884063244,"dvar2":0.101063676178,"max":9.80415725708,"mean":7.50631475449,"median":7.64078092575,"min":4.21805381775,"var":0.248133823276},"spectral_flux":{"dmean":0.0346295796335,"dmean2":0.0571685172617,"dvar":0.00271052145399,"dvar2":0.00611558509991,"max":0.509279072285,"mean":0.108983896673,"median":0.0956104695797,"min":0.0000368249275198,"var":0.00642951391637},"spectral_kurtosis":{"dmean":4.32203912735,"dmean2":6.52686595917,"dvar":33.7206077576,"dvar2":81.3078155518,"max":99.5504150391,"mean":17.7351989746,"median":15.6244926453,"min":-1.18081593513,"var":106.12853241},"spectral_rms":{"dmean":0.00126789382193,"dmean2":0.00202340795659,"dvar":0.00000351145740751,"dvar2":0.0000087597682068,"max":0.019204121083,"mean":0.00563907483593,"median":0.00542528089136,"min":1.46904142184e-7,"var":0.0000113358137241},"spectral_rolloff":{"dmean":4037.34838867,"dmean2":7678.69775391,"dvar":51315936,"dvar2":125261400,"max":22028.4667969,"mean":10870.1962891,"median":5512.5,"min":21.533203125,"var":99397984},"spectral_skewness":{"dmean":0.350305885077,"dmean2":0.519208788872,"dvar":0.163250282407,"dvar2":0.376428455114,"max":7.82744503021,"mean":2.92951512337,"median":2.82331991196,"min":0.0290824119002,"var":0.80678164959},"spectral_spread":{"dmean":536230.3125,"dmean2":785107.875,"dvar":337579933696,"dvar2":670411325440,"max":40381480,"mean":4463975.5,"median":4354075.5,"min":1398539.5,"var":1245543006210},"spectral_strongpeak":{"dmean":1.71880841255,"dmean2":3.11237692833,"dvar":71.8562011719,"dvar2":195.033294678,"max":146.904037476,"mean":1.59459376335,"median":0.195908978581,"min":0,"var":63.6847343445},"zerocrossingrate":{"dmean":0.0421626083553,"dmean2":0.0532592684031,"dvar":0.00160798721481,"dvar2":0.00245776423253,"max":0.9052734375,"mean":0.247649356723,"median":0.24169921875,"min":0.01220703125,"var":0.0144588910043}},"metadata":{"audio_properties":{"analysis_sample_rate":44100,"bit_rate":266572,"codec":"mp3","downmix":"mix","equal_loudness":0,"length":338.495758057,"lossless":false,"md5_encoded":"2fa89bf5d3a3b48d7e0455c8ef092700","replay_gain":-3.30428123474},"tags":{"album":["This Is War"],"albumartist":["30 Seconds to Mars"],"albumartistsort":["30 Seconds to Mars"],"artist":["30 Seconds to Mars"],"artistsort":["30 Seconds to Mars"],"asin":["B0029LHW68"],"barcode":["5099996511121"],"catalognumber":["509999 65111 2 1"],"composer":["Jared Leto"],"conductor":[""],"copyright":["(C) 2009 Virgin Records America, Inc."],"date":["2009"],"discnumber":["1/1"],"file_name":"09. Search and Destroy.mp3","genre":["Alternative & Punk"],"isrc":["USVI20900435"],"label":["EMI Records"],"media":["CD"],"musicbrainz album release country":["GB"],"musicbrainz album status":["official"],"musicbrainz album type":["album"],"musicbrainz_albumartistid":["d8354b38-e942-4c89-ba93-29323432abc3"],"musicbrainz_albumid":["6221bd54-033d-4876-b722-736b4e95686b"],"musicbrainz_artistid":["d8354b38-e942-4c89-ba93-29323432abc3"],"musicbrainz_recordingid":["54f1a364-b123-4f26-b2b0-c1af88901c5d"],"originaldate":["2009"],"script":["Latn"],"title":["Search and Destroy"],"tracknumber":["9/12"]},"version":{"essentia":"2.1-beta1","essentia_build_sha":"12879b851c9f4b0d899e1af4e221aa110f283a84","essentia_git_sha":"v2.1_beta1-7-ge0e83e8-dirty","extractor":"music 1.0"}},"rhythm":{"beats_count":748,"beats_loudness":{"dmean":0.0211474373937,"dmean2":0.036716517061,"dvar":0.000502357899677,"dvar2":0.00149717053864,"max":0.291702568531,"mean":0.0552836470306,"median":0.0556539073586,"min":2.23389392318e-7,"var":0.0011926649604},"beats_loudness_band_ratio":{"dmean":[0.152277305722,0.084809705615,0.0679785236716,0.044423636049,0.0202392470092,0.0848106443882],"dmean2":[0.271446853876,0.150423452258,0.119801424444,0.0787923932076,0.0366909578443,0.149491101503],"dvar":[0.0228682029992,0.0122515810654,0.00732021266595,0.00382770691067,0.000601417908911,0.0106834704056],"dvar2":[0.074139252305,0.03