{"lowlevel":{"average_loudness":0.921283185482,"barkbands":{"dmean":[0.00143326539546,0.00592938438058,0.0037060061004,0.0016956247855,0.00330135319382,0.00108999246731,0.00051807553973,0.000361248472473,0.000442343996838,0.000405348197091,0.000354814605089,0.000515172840096,0.000381641671993,0.000399690907216,0.000436586531578,0.000225330266403,0.000189099853742,0.00012186425738,0.000111929475679,0.0000855870821397,0.0000497764413012,0.000022646956495,0.00000776402703195,0.00000588542798141,0.0000021720463792,0.00000643461908112,0.000207821372896],"dmean2":[0.00239555258304,0.00997659005225,0.00636718049645,0.00290707545355,0.00534643651918,0.00168742949609,0.000816333631519,0.00057334365556,0.000675306888297,0.000633795047179,0.000554829195607,0.000808968616184,0.000603340391535,0.000613269163296,0.000696030445397,0.000362071266863,0.000302016385831,0.000189141806914,0.000172470536199,0.000125947335619,0.0000695425915183,0.0000324511238432,0.0000111511499199,0.00000862864817464,0.00000357698309017,0.00000938287485042,0.000313055323204],"dvar":[0.00000522470872966,0.0000705594284227,0.0000284540656139,0.00000771242957853,0.0000282006603811,0.00000672033866067,0.0000027388939543,6.90058925557e-7,0.00000148600508965,0.00000123494351101,7.42509996599e-7,0.00000156048668032,7.64943138165e-7,0.00000110739381398,6.6032828272e-7,2.90015719884e-7,2.7733435104e-7,9.58479233759e-8,1.07350160761e-7,1.10622110583e-7,1.78722991961e-8,3.71565822554e-9,3.72369385326e-10,2.35152786132e-10,1.41445639923e-11,2.66320354658e-10,8.41383567263e-8],"dvar2":[0.0000140272813951,0.000198098277906,0.0000778599496698,0.000020178827981,0.0000684948827256,0.0000146311294884,0.00000585936277275,0.00000152683662691,0.00000319543505611,0.00000282022551801,0.00000165741585079,0.00000362979335478,0.0000018496410803,0.0000024835280783,0.00000159119758791,7.52774553803e-7,7.00553471233e-7,2.34116427578e-7,2.39227176735e-7,2.3177446451e-7,3.60593368498e-8,7.447733541e-9,8.05954136762e-10,4.95528562627e-10,3.50097346946e-11,6.19824636061e-10,1.78929951744e-7],"max":[0.0655231624842,0.119990959764,0.0766523480415,0.0903206020594,0.10205040127,0.062975153327,0.0863935723901,0.0242186468095,0.0253963116556,0.0288885347545,0.018999459222,0.0478681586683,0.0236205011606,0.0399779491127,0.0227549411356,0.0102471653372,0.01192211546,0.00782919861376,0.0146386576816,0.0214921347797,0.00686553725973,0.002991162939,0.00102197099477,0.000812756130472,0.0000713477274985,0.00102636415977,0.00714030163363],"mean":[0.00232467707247,0.0100732231513,0.00493620382622,0.00230415747501,0.00587329873815,0.00172042311169,0.000774727843236,0.00054250867106,0.000633419724181,0.000571464246605,0.000548801093828,0.000832677469589,0.000629919813946,0.000660095945932,0.000802867638413,0.000360089063179,0.000286354363197,0.000201880946406,0.000169062419445,0.000132116896566,0.0000804154478828,0.0000327885572915,0.0000107321557152,0.00000674021748637,0.00000223667825594,0.00000828523479868,0.000703551573679],"median":[0.00122806022409,0.00725889485329,0.00291040260345,0.00125943671446,0.00352215301245,0.000671705638524,0.000281342683593,0.000212451224797,0.000143100769492,0.000131022330606,0.000145208963659,0.000241419504164,0.000235088387853,0.000144911959069,0.000445120240329,0.000171822219272,0.000119072537927,0.0000782259812695,0.000054741409258,0.0000340655824402,0.0000240056651819,0.00000886916041054,0.00000329021963807,0.00000151024028128,9.57168708737e-7,0.00000297846463582,0.000571016280446],"min":[3.02937477354e-25,3.83895727981e-24,2.1478931178e-24,6.36369359076e-25,1.18908072913e-23,1.14721943076e-23,3.55733117563e-24,2.79089068341e-24,1.46584224365e-23,2.16942712724e-23,1.40608066582e-23,2.10007173863e-23,3.51261333304e-23,3.70188062795e-23,4.73592518232e-23,4.89353927564e-23,9.97050448895e-23,1.15429043282e-22,1.42690649906e-22,1.71521900404e-22,2.5619516288e-22,2.58304766267e-22,3.78690695933e-22,5.6351265236e-22,8.80350897794e-22,1.23273579622e-21,2.00791146673e-21],"var":[0.0000115072589324,0.000106697109004,0.0000426855294791,0.0000131647548187,0.0000550668009964,0.0000134458741741,0.00000476082323075,0.00000140827989981,0.0000028894235129,0.00000214702026824,0.00000154762642524,0.00000378459708372,0.00000143933038999,0.00000272420493275,0.00000134411288855,3.52172150997e-7,3.1073932405e-7,1.38373124514e-7,1.77946958502e-7,1.84407468851e-7,3.71162016677e-8,6.81527234647e-9,6.89273027543e-10,3.79378389814e-10,1.49126405669e-11,3.65982966155e-10,3.68788874994e-7]},"barkbands_crest":{"dmean":2.87089586258,"dmean2":4.78235673904,"dvar":5.78471708298,"dvar2":15.5581970215,"max":26.8675727844,"mean":10.842871666,"median":10.2047023773,"min":2.46482586861,"var":16.0519428253},"barkbands_flatness_db":{"dmean":0.0256648417562,"dmean2":0.0395765267313,"dvar":0.000474629690871,"dvar2":0.0011115774978,"max":0.506519198418,"mean":0.154053688049,"median":0.151675701141,"min":0.0350424423814,"var":0.00215526274405},"barkbands_kurtosis":{"dmean":5.80167675018,"dmean2":9.01284122467,"dvar":188.502075195,"dvar2":411.503326416,"max":586.584960938,"mean":11.9246768951,"median":6.69544506073,"min":-1.62793540955,"var":688.036499023},"barkbands_skewness":{"dmean":0.673024117947,"dmean2":1.03900980949,"dvar":0.460270941257,"dvar2":1.08029401302,"max":24.0684242249,"mean":2.69950556755,"median":2.49986934662,"min":-2.12691235542,"var":2.73581361771},"barkbands_spread":{"dmean":6.8025636673,"dmean2":10.8179893494,"dvar":45.4237518311,"dvar2":110.804267883,"max":92.0867919922,"mean":25.7040786743,"median":23.331829071,"min":0.338795810938,"var":187.631088257},"dissonance":{"dmean":0.0139519684017,"dmean2":0.0235893856734,"dvar":0.000187662051758,"dvar2":0.000514264975209,"max":0.500000119209,"mean":0.474921226501,"median":0.47988563776,"min":0.33694678545,"var":0.000372135225916},"dynamic_complexity":3.09509420395,"erbbands":{"dmean":[0.238138765097,1.19586288929,3.64083886147,5.23591947556,8.32535934448,11.5820798874,13.1268625259,7.68114709854,7.64720106125,7.34917545319,7.51215362549,9.89738845825,11.3861675262,13.1182279587,15.9210119247,21.2709083557,16.6327800751,17.7372493744,24.7335929871,15.3406677246,11.5573062897,9.92514419556,6.90832614899,5.62221956253,5.26210165024,4.08327913284,2.61652779579,1.60469782352,0.881883919239,0.434804350138,0.200943246484,0.152677223086,0.0735300332308,0.0250915754586,0.015619283542,0.0129927303642,0.0150202773511,0.0139595093206,0.0110580241308,0.00503193540499],"dmean2":[0.395717948675,2.02952122688,6.18961429596,9.02367782593,13.8650474548,18.9454784393,20.259853363,12.1573343277,12.0251159668,11.7440910339,11.8624629974,15.0860710144,17.515537262,20.4892711639,24.7336349487,33.1131858826,25.8269882202,26.8770256042,38.4957962036,24.3979682922,18.3025569916,15.7339372635,10.7195653915,8.7045583725,8.03829479218,5.9995136261,3.68616890907,2.2649166584,1.25227713585,0.624379694462,0.28799366951,0.220034733415,0.111683182418,0.0411221012473,0.0256502144039,0.0203307196498,0.0216514859349,0.0201202239841,0.016164271161,0.00747308181599],"dvar":[0.105985864997,3.07172107697,28.4386768341,62.6694297791,176.367233276,454.005096436,913.785827637,357.425811768,725.916992188,287.826171875,335.652191162,762.226867676,955.868530273,1401.25109863,1586.73669434,2915.41577148,1401.2277832,2005.74487305,2602.86303711,944.800292969,940.308410645,777.539672852,294.813598633,250.729095459,273.026763916,236.388687134,60.8002319336,21.2274913788,5.25690460205,1.3248333931,0.28253737092,0.156612887979,0.0336280502379,0.00183498545084,0.00071034085704,0.000604503846262,0.00171152141411,0.00110988086089,0.000604528409895,0.0000502280745422],"dvar2":[0.294319331646,8.59675502777,76.9665298462,164.767578125,458.73550415,1108.33276367,1960.6217041,816.985290527,1475.9888916,682.498352051,780.003295898,1676.0357666,2226.84643555,3239.59423828,3638.32128906,6697.07128906,3321.25610352,4370.17724609,6009.02050781,2426.70605469,2412.44995117,1949.46728516,711.570007324,568.131469727,633.024597168,481.847412109,121.643669128,45.381439209,10.6324415207,2.78215575218,0.620438277721,0.320397675037,0.0752737671137,0.00450143031776,0.00175456132274,0.00140906672459,0.00393563276157,0.00250334269367,0.00133261922747,0.000101856639958],"max":[5.12754869461,24.5678787231,86.554649353,249.613815308,274.188232422,574.148254395,756.063354492,633.229797363,1523.01611328,442.994018555,392.956390381,627.450073242,876.229370117,1333.00109863,1355.38647461,2472.15039062,1192.72753906,2201.08496094,1335.82226562,879.700927734,624.555603027,594.524719238,389.944885254,603.876098633,489.605072021,1055.29907227,575.81439209,209.206420898,102.492393494,63.0438537598,33.667591095,20.0058269501,9.38615703583,0.8481990695,0.506731987,1.2270706892,2.6086397171,1.56010556221,0.890762984753,0.292175769806],"mean":[0.423999875784,1.78845381737,5.08184480667,7.81526708603,13.7407531738,18.5595779419,20.0462722778,12.2448644638,11.7449541092,11.3404979706,11.6137285233,14.4198541641,16.9462795258,19.4252567291,27.0143489838,36.1070289612,29.4653377533,32.0377120972,45.3212890625,29.3340797424,19.3346881866,15.6287059784,11.9766521454,8.88434505463,8.0502281189,6.4013004303,4.21372556686,2.48079252243,1.29136931896,0.614422678947,0.276381701231,0.184898674488,0.0800007730722,0.0265116598457,0.0164558868855,0.0147570995614,0.0191061180085,0.0217562057078,0.0252879746258,0.0225462950766],"median":[0.276034116745,1.26850402355,3.11720108986,4.6689991951,7.50819015503,10.6023054123,7.6448559761,5.23625469208,4.0582447052,4.89598178864,4.19633293152,3.42114377022,3.66449189186,5.51526117325,8.05587673187,10.7626905441,11.2020559311,9.70560932159,20.0352153778,16.9531288147,9.10984039307,6.77120447159,4.92446374893,3.26593184471,2.35815644264,1.72526681423,1.23042118549,0.688931107521,0.353307157755,0.176928311586,0.086063079536,0.0413435995579,0.0200908724219,0.0115923695266,0.00734256999567,0.00593353714794,0.0060599190183,0.00868686195463,0.0144726997241,0.0202731341124],"min":[1.59029663192e-22,3.27619108866e-22,3.09614389903e-21,5.43082523115e-21,1.78930911814e-20,4.06582406278e-20,7.43720609062e-20,1.32133003869e-19,1.18151997155e-19,1.37458560673e-19,2.61822593756e-19,3.84740211065e-19,5.7476313991e-19,6.89550941815e-19,9.77739995144e-19,1.53874619089e-18,1.83011435781e-18,2.47552306473e-18,3.61068762796e-18,2.65105699457e-18,3.30538270849e-18,4.56774386849e-18,5.83239094211e-18,6.51326977408e-18,7.06518039521e-18,7.96303862802e-18,9.82291618504e-18,1.09677548323e-17,9.76727670831e-18,1.35448443025e-17,1.11641126205e-17,1.11726474701e-17,1.04794883147e-17,8.27976939329e-18,5.90854656597e-18,3.77269095093e-18,2.36747590593e-18,1.02030319395e-18,2.44383765287e-19,2.68425343276e-20],"var":[0.217409312725,3.5892393589,39.8856468201,111.311828613,329.312072754,773.167907715,1758.92919922,698.619934082,1279.92895508,553.204772949,667.992614746,1413.99304199,1711.24194336,2363.09326172,3247.47631836,7947.43115234,2840.4777832,5273.55712891,6028.94140625,1612.99072266,1102.4666748,892.147155762,443.831512451,416.630554199,425.37020874,408.764099121,122.432479858,38.1661529541,9.72596645355,2.48587179184,0.483861327171,0.278647571802,0.0474077574909,0.00198989803903,0.000760050839745,0.0007729982608,0.00237680668943,0.00173010537401,0.00123730860651,0.000312260148348]},"erbbands_crest":{"dmean":2.13190484047,"dmean2":3.44963717461,"dvar":3.95883512497,"dvar2":9.77118206024,"max":31.1104164124,"mean":7.73086977005,"median":6.93053722382,"min":2.27270936966,"var":11.1673526764},"erbbands_flatness_db":{"dmean":0.0198854319751,"dmean2":0.0302057918161,"dvar":0.000274559046375,"dvar2":0.000628893845715,"max":0.323391824961,"mean":0.140426322818,"median":0.136210098863,"min":0.0211026091129,"var":0.00128566846251},"erbbands_kurtosis":{"dmean":0.707554221153,"dmean2":1.12246358395,"dvar":1.0889467001,"dvar2":2.45392751694,"max":44.4493675232,"mean":-0.167803928256,"median":-0.647485971451,"min":-1.77774941921,"var":3.23141050339},"erbbands_skewness":{"dmean":0.327550172806,"dmean2":0.507978022099,"dvar":0.0823457092047,"dvar2":0.187814831734,"max":3.18046355247,"mean":-0.249027207494,"median":-0.25263106823,"min":-3.78854751587,"var":0.385887742043},"erbbands_spread":{"dmean":6.67170333862,"dmean2":10.5264635086,"dvar":35.9962348938,"dvar2":89.1380767822,"max":130.177520752,"mean":38.1108551025,"median":38.436920166,"min":2.07706165314,"var":175.483352661},"gfcc":{"cov":[[15050.5712891,738.432495117,-1208.36901855,-198.461883545,-110.159156799,-310.247253418,75.8941497803,-390.014221191,-107.416847229,-175.320022583,-32.9252204895,-27.2426357269,-27.5755443573],[738.432495117,661.871459961,-70.1442489624,-202.06703186,115.311737061,-63.4022293091,26.9699134827,-93.4384613037,6.28160572052,-13.1704282761,33.7982444763,-49.4689254761,50.9673690796],[-1208.36901855,-70.1442489624,364.551116943,71.3683547974,-16.3529052734,96.0179367065,-89.5195007324,119.342407227,7.94948530197,29.5372714996,5.70079517365,1.39730226994,14.5250749588],[-198.461883545,-202.06703186,71.3683547974,315.152282715,57.7088012695,-36.9919433594,25.2171020508,35.4703407288,49.4457168579,-5.06748056412,-33.5820617676,29.4567298889,-32.7889633179],[-110.159156799,115.311737061,-16.3529052734,57.7088012695,230.222839355,-15.0858335495,55.10496521,-35.0618286133,22.5492458344,-19.3860263824,12.9929504395,-4.54917049408,23.2928714752],[-310.247253418,-63.4022293091,96.0179367065,-36.9919433594,-15.0858335495,228.985183716,-33.5391960144,71.5794677734,-54.900970459,26.2634735107,12.9210882187,6.8830537796,26.8943271637],[75.8941497803,26.9699134827,-89.5195007324,25.2171020508,55.10496521,-33.5391960144,157.652694702,-30.4146690369,28.4254798889,-23.4433765411,3.11601543427,25.8565673828,-11.6196680069],[-390.014221191,-93.4384613037,119.342407227,35.4703407288,-35.0618286133,71.5794677734,-30.4146690369,149.248016357,22.4880371094,31.9638271332,3.51204323769,6.01910924911,14.2222824097],[-107.416847229,6.28160572052,7.94948530197,49.4457168579,22.5492458344,-54.900970459,28.4254798889,22.4880371094,101.720100403,25.0762176514,1.78604519367,8.27041053772,-13.4953927994],[-175.320022583,-13.1704282761,29.5372714996,-5.06748056412,-19.3860263824,26.2634735107,-23.4433765411,31.9638271332,25.0762176514,70.7237472534,29.8266239166,-2.30661606789,2.13435339928],[-32.9252204895,33.7982444763,5.70079517365,-33.5820617676,12.9929504395,12.9210882187,3.11601543427,3.51204323769,1.78604519367,29.8266239166,60.981136322,19.8755874634,10.7688570023],[-27.2426357269,-49.4689254761,1.39730226994,29.4567298889,-4.54917049408,6.8830537796,25.8565673828,6.01910924911,8.27041053772,-2.30661606789,19.8755874634,60.98645401,14.8259620667],[-27.5755443573,50.9673690796,14.5250749588,-32.7889633179,23.2928714752,26.8943271637,-11.6196680069,14.2222824097,-13.4953927994,2.13435339928,10.7688570023,14.8259620667,69.5349349976]],"icov":[[0.000109648644866,-0.000193111234694,0.000462163006887,-0.000229344470426,0.000203814124689,-0.0000971467015916,0.000227322248975,-0.0000700993768987,-0.0000125821679831,0.000308106653392,-0.00018705741968,-0.00000113331827833,0.0000192783845705],[-0.000193111234694,0.00320093217306,-0.00128175970167,0.00209102546796,-0.00136989005841,0.000749039056245,-0.000919387093745,0.0014056651853,-0.00118936551735,0.000231014142628,-0.00107329990715,0.00261710258201,-0.00207069818862],[0.000462163006887,-0.00128175970167,0.00667838053778,-0.00242103566416,0.000955398951191,-0.00185027567204,0.00345942890272,-0.0029378333129,-0.000890076917131,0.00258522829972,-0.00214146682993,0.000152338165208,0.000207751683774],[-0.000229344470426,0.00209102546796,-0.00242103566416,0.0075197131373,-0.00417937105522,0.00230839429423,-0.000657519965898,-0.000912937801331,0.000349670037394,-0.00354361627251,0.00642662169412,-0.00526850763708,0.00331671093591],[0.000203814124689,-0.00136989005841,0.000955398951191,-0.00417937105522,0.00865343306214,-0.00228068861179,-0.00152182288002,0.0024154370185,-0.00345258158632,0.00562386540696,-0.00679456628859,0.00639834580943,-0.00500504532829],[-0.0000971467015916,0.000749039056245,-0.00185027567204,0.00230839429423,-0.00228068861179,0.00845890119672,-0.0011363652302,-0.00347070000134,0.0067003974691,-0.00569409970194,0.00346450647339,-0.00318791810423,0.000518115703017],[0.000227322248975,-0.000919387093745,0.00345942890272,-0.000657519965898,-0.00152182288002,-0.0011363652302,0.0107637811452,-0.000685553823132,-0.00293344981037,0.00390697317198,-0.000793174898718,-0.00483257835731,0.00308352638967],[-0.0000700993768987,0.0014056651853,-0.0029378333129,-0.000912937801331,0.0024154370185,-0.00347070000134,-0.000685553823132,0.0132499197498,-0.00550543144345,-0.0000894919285201,-0.00168931856751,0.00361852208152,-0.00474195368588],[-0.0000125821679831,-0.00118936551735,-0.000890076917131,0.000349670037394,-0.00345258158632,0.0067003974691,-0.00293344981037,-0.00550543144345,0.0205034799874,-0.0127565413713,0.00785893667489,-0.00742294453084,0.00515492772684],[0.000308106653392,0.000231014142628,0.00258522829972,-0.00354361627251,0.00562386540696,-0.00569409970194,0.00390697317198,-0.0000894919285201,-0.0127565413713,0.0325794555247,-0.0211738143116,0.0122455283999,-0.00407609716058],[-0.00018705741968,-0.00107329990715,-0.00214146682993,0.00642662169412,-0.00679456628859,0.00346450647339,-0.000793174898718,-0.00168931856751,0.00785893667489,-0.0211738143116,0.0369986109436,-0.0197880212218,0.00600369786844],[-0.00000113331827833,0.00261710258201,0.000152338165208,-0.00526850763708,0.00639834580943,-0.00318791810423,-0.00483257835731,0.00361852208152,-0.00742294453084,0.0122455283999,-0.0197880212218,0.0346779376268,-0.0130387200043],[0.0000192783845705,-0.00207069818862,0.000207751683774,0.00331671093591,-0.00500504532829,0.000518115703017,0.00308352638967,-0.00474195368588,0.00515492772684,-0.00407609716058,0.00600369786844,-0.0130387200043,0.0233644898981]],"mean":[-18.465927124,106.55317688,-87.5048751831,8.88034439087,6.08469963074,-17.6027488708,-4.57769680023,-23.8571395874,-3.37191271782,-8.79187679291,-5.46918725967,-6.66399097443,-1.78652644157]},"hfc":{"dmean":51.8422470093,"dmean2":82.7902374268,"dvar":2881.65454102,"dvar2":7368.28173828,"max":1286.58898926,"mean":198.662445068,"median":190.519714355,"min":1.08248415144e-16,"var":13984.9082031},"melbands":{"dmean":[0.00183916592505,0.00165279291105,0.000898550264537,0.000705065613147,0.000476915389299,0.000177349807927,0.000111589528387,0.0000786802338553,0.0000612035655649,0.0000660071746097,0.0000584938679822,0.0000547966956219,0.0000494496853207,0.0000591299758526,0.0000473277905257,0.0000361743805115,0.0000357544595317,0.0000420360447606,0.0000288048577204,0.0000180357455974,0.0000138255527418,0.0000114408539957,0.00000810641449789,0.00000546608589502,0.00000466861092718,0.00000453654411103,0.00000327443672177,0.00000275776278613,0.00000184862165042,0.00000127357691326,8.49942011882e-7,5.66869402974e-7,3.32218206722e-7,2.06506513223e-7,1.21314982948e-7,9.46167517668e-8,9.3888019137e-8,6.12757560248e-8,2.58249794882e-8,1.97693239556e-8],"dmean2":[0.00307402899489,0.00280648749322,0.00153872964438,0.00115100538824,0.00074771582149,0.00027799862437,0.000174947330379,0.00012566082296,0.0000970275432337,0.000100536643004,0.0000904648186406,0.0000860114232637,0.0000771790728322,0.0000921804021345,0.0000749242753955,0.0000569900184928,0.0000549139513168,0.000065005820943,0.0000461462004751,0.0000291094147542,0.0000220826368604,0.0000184148266271,0.00001291460012,0.000008541725947,0.00000736935180612,0.00000716237855158,0.00000499046018376,0.00000410976417697,0.0000026970944873,0.00000183041106538,0.00000123800271012,8.26440668789e-7,4.86897931751e-7,3.06130971239e-7,1.78398906314e-7,1.36214652002e-7,1.37430021141e-7,9.3030777748e-8,4.204505899e-8,3.26025109132e-8],"dvar":[0.00000655339817968,0.00000554642974748,0.00000175891170784,0.00000130894545691,0.00000103570505416,1.77961240411e-7,1.39945171895e-7,3.10287688876e-8,2.33651498149e-8,3.46598625356e-8,2.55101113567e-8,2.50700011861e-8,1.44705563088e-8,2.06478567577e-8,1.2114545811e-8,7.40856576087e-9,8.80763373345e-9,9.10241215735e-9,2.7841065009e-9,1.55819912528e-9,1.48864909288e-9,1.04924979816e-9,4.38783037682e-10,1.81476250694e-10,1.80213372003e-10,1.91451188236e-10,1.75635006538e-10,1.1606775957e-10,3.67598174122e-11,1.13461523163e-11,5.98062441584e-12,2.3231592431e-12,7.88056360619e-13,3.11954889004e-13,1.15730138688e-13,5.10264167074e-14,6.50027449402e-14,2.78086015722e-14,2.0935901599e-15,1.19359870108e-15],"dvar2":[0.0000183272568393,0.0000150565574586,0.00000465470702693,0.00000329190925186,0.00000230335285778,3.99031534926e-7,2.90502072176e-7,7.15944707963e-8,5.55220225351e-8,7.43484420695e-8,5.93627866863e-8,5.75645309198e-8,3.24298348175e-8,4.74697259278e-8,2.88448358532e-8,1.78782766369e-8,1.92887288364e-8,2.11205932743e-8,6.80701717215e-9,4.0827776715e-9,3.85507581413e-9,2.67562771938e-9,1.09667552817e-9,4.32097996272e-10,4.1141437479e-10,4.50845194511e-10,4.32297725395e-10,2.39593012097e-10,7.94286372785e-11,2.37113679386e-11,1.28365295823e-11,4.9403740647e-12,1.67797232272e-12,6.98303069015e-13,2.71224069679e-13,9.5770491689e-14,1.39708421698e-13,6.29631505896e-14,5.00083339268e-15,2.95618225537e-15],"max":[0.0382341817021,0.0415417402983,0.0366621278226,0.0266301129013,0.0213650241494,0.0140227694064,0.0200208239257,0.00474760076031,0.00354680954479,0.00394460558891,0.00424003740773,0.0051896343939,0.00312902289443,0.00503232143819,0.00297690578736,0.00252289208584,0.00501692807302,0.00275284727104,0.00153448083438,0.000986679806374,0.000785144453403,0.000685566687025,0.000558756466489,0.000316661375109,0.000544567592442,0.000537260319106,0.000573500059545,0.000841268512886,0.000478361238493,0.000133279507281,0.000111829329398,0.0000681323435856,0.0000454753499071,0.0000292749446089,0.0000214252249862,0.0000123898707898,0.0000122466371977,0.00000778002049628,0.00000171064220922,6.57223154121e-7],"mean":[0.00332444021478,0.00255346531048,0.00148407078814,0.00120666413568,0.000749781844206,0.000285744434223,0.000173181615537,0.000121923389088,0.0000909127993509,0.0000939503443078,0.000084428829723,0.0000770012557041,0.0000802201029728,0.0000969759785221,0.0000783720970503,0.0000598281985731,0.0000594746852585,0.0000730449610273,0.0000526197218278,0.0000300397150568,0.0000211152582779,0.0000166387617355,0.0000131871101985,0.00000883926077222,0.00000689005082677,0.00000655555413687,0.00000480559083371,0.00000412961435359,0.0000028208241929,0.0000019428541691,0.00000125252358885,7.93653271103e-7,4.67169911644e-7,2.80740181324e-7,1.63464463299e-7,1.22025710425e-7,1.07895751e-7,6.53254517147e-8,2.68591655583e-8,2.01599359428e-8],"median":[0.00236835260876,0.00177899375558,0.000979050062597,0.000717972347047,0.000314703065669,0.00011957740935,0.0000606886824244,0.0000525227696926,0.0000305954417854,0.0000203955260076,0.0000171701212821,0.0000202824339794,0.0000234041799558,0.0000293194934784,0.0000242388123297,0.0000222081052925,0.0000149754987433,0.0000277561339317,0.0000294972069241,0.0000163586901181,0.00000889558123163,0.00000672339865559,0.00000558144120077,0.00000335764116244,0.00000239925770984,0.00000193160690287,0.00000128537635646,0.00000106574611891,8.10793096662e-7,5.2325225397e-7,3.36826360581e-7,2.0626920616e-7,1.32756369453e-7,7.98569388394e-8,5.12531741492e-8,3.36512293586e-8,2.10509334408e-8,1.41769618267e-8,1.04922692756e-8,8.49319992113e-9],"min":[1.55054910213e-24,1.48536089098e-24,1.37157391768e-24,1.54677676928e-24,2.59303154939e-24,3.26985014582e-24,1.86303583935e-24,1.20347022257e-24,1.63507840775e-24,2.35728224281e-24,2.8205305542e-24,2.43277366764e-24,2.54235729421e-24,2.56259650681e-24,2.90419773346e-24,4.59453417129e-24,3.95504092303e-24,4.42152750844e-24,3.16515568192e-24,3.38353486302e-24,3.82835498924e-24,4.14364178825e-24,4.33635695752e-24,5.17367640485e-24,4.97503886234e-24,5.01376246645e-24,4.0741703582e-24,4.32649146304e-24,3.92719531636e-24,4.89902501437e-24,5.46729319479e-24,4.90170280271e-24,5.62364227076e-24,6.92109797323e-24,4.91710294531e-24,5.21536178724e-24,5.77448785863e-24,5.75282692146e-24,6.57579896109e-24,5.45966293768e-24],"var":[0.0000116436622193,0.00000734520835977,0.00000303555475512,0.00000234604976868,0.00000197667804969,3.61376663705e-7,2.54327687799e-7,6.30624654718e-8,4.30636362125e-8,6.55281979789e-8,4.52051835964e-8,4.15519991748e-8,3.02581781852e-8,4.90534688424e-8,2.62550159391e-8,1.37335058881e-8,2.25427090328e-8,2.02412255845e-8,5.57442936255e-9,2.06180605922e-9,1.63705304868e-9,1.13976184046e-9,5.57335566587e-10,2.77300210572e-10,2.9287147707e-10,2.78299133738e-10,2.33118274684e-10,1.90174459513e-10,6.42900802039e-11,2.20567557274e-11,1.01353335447e-11,3.8832231701e-12,1.39752174676e-12,5.4059279839e-13,1.70247645734e-13,1.06767940572e-13,1.04316112226e-13,3.83099720567e-14,2.37504862037e-15,1.24808938937e-15]},"melbands_crest":{"dmean":3.85530853271,"dmean2":6.39530324936,"dvar":9.89845561981,"dvar2":26.8323554993,"max":39.9443626404,"mean":16.5504894257,"median":15.7835760117,"min":1.00099980831,"var":32.7095947266},"melbands_flatness_db":{"dmean":0.0331185534596,"dmean2":0.0509754270315,"dvar":0.000763668096624,"dvar2":0.00179047079291,"max":0.611707508564,"mean":0.272632658482,"median":0.274113178253,"min":-4.83203109525e-7,"var":0.00374514283612},"melbands_kurtosis":{"dmean":10.0680093765,"dmean2":16.0413646698,"dvar":474.881774902,"dvar2":1141.50292969,"max":1130.7097168,"mean":21.8430519104,"median":13.8257484436,"min":-1.88030719757,"var":1514.9753418},"melbands_skewness":{"dmean":0.839110374451,"dmean2":1.33295059204,"dvar":0.700114667416,"dvar2":1.72970104218,"max":32.7291412354,"mean":3.59687614441,"median":3.39733314514,"min":-1.64095973969,"var":3.80585885048},"melbands_spread":{"dmean":5.06924438477,"dmean2":7.91443586349,"dvar":42.1457099915,"dvar2":96.5574264526,"max":151.589874268,"mean":15.1060361862,"median":11.5780096054,"min":0.143515139818,"var":202.752792358},"mfcc":{"cov":[[7705.69384766,803.51776123,-811.961730957,174.961456299,-472.52243042,148.078216553,-107.7654953,38.1916351318,-180.818557739,-34.7844276428,-164.064193726,21.0237197876,-107.598342896],[803.51776123,1006.68395996,-194.42956543,-76.3512039185,26.5136051178,32.948928833,37.75440979,-80.5711517334,-11.3552837372,-47.3970718384,19.6866874695,-54.2141609192,13.2237768173],[-811.961730957,-194.42956543,416.246795654,-86.3680038452,95.173324585,-69.4229888916,-4.1764998436,4.63173103333,26.7721385956,26.2082214355,19.0054416656,21.0124950409,6.5988445282],[174.961456299,-76.3512039185,-86.3680038452,381.345092773,15.381196022,24.2755527496,-63.891418457,51.5156173706,26.2515201569,16.5190601349,-3.58113241196,13.0774021149,14.1289806366],[-472.52243042,26.5136051178,95.173324585,15.381196022,214.004577637,7.75147819519,32.3841629028,-8.31892776489,39.5154457092,-4.67342853546,22.2387504578,-2.9976375103,21.8148956299],[148.078216553,32.948928833,-69.4229888916,24.2755527496,7.75147819519,123.006385803,41.6376304626,18.0619754791,-10.6520805359,-5.19973564148,-19.113445282,1.35323095322,-1.04946982861],[-107.7654953,37.75440979,-4.1764998436,-63.891418457,32.3841629028,41.6376304626,121.157524109,19.0329799652,6.02224731445,-19.9429893494,-0.227016672492,-11.3808021545,8.4112663269],[38.1916351318,-80.5711517334,4.63173103333,51.5156173706,-8.31892776489,18.0619754791,19.0329799652,99.2576370239,30.347902298,3.64279532433,-12.0993242264,11.1948165894,2.04235100746],[-180.818557739,-11.3552837372,26.7721385956,26.2515201569,39.5154457092,-10.6520805359,6.02224731445,30.347902298,76.1828842163,22.4918727875,4.87016677856,-4.07135152817,8.44671630859],[-34.7844276428,-47.3970718384,26.2082214355,16.5190601349,-4.67342853546,-5.19973564148,-19.9429893494,3.64279532433,22.4918727875,64.3362350464,23.2536468506,8.71488285065,-5.08357667923],[-164.064193726,19.6866874695,19.0054416656,-3.58113241196,22.2387504578,-19.113445282,-0.227016672492,-12.0993242264,4.87016677856,23.2536468506,73.6460037231,20.8849925995,11.2033777237],[21.0237197876,-54.2141609192,21.0124950409,13.0774021149,-2.9976375103,1.35323095322,-11.3808021545,11.1948165894,-4.07135152817,8.71488285065,20.8849925995,63.9446220398,16.7325305939],[-107.598342896,13.2237768173,6.5988445282,14.1289806366,21.8148956299,-1.04946982861,8.4112663269,2.04235100746,8.44671630859,-5.08357667923,11.2033777237,16.7325305939,50.1746635437]],"icov":[[0.000220856134547,-0.000207378572668,0.000285914720735,-0.000052307947044,0.000181066832738,0.0000837289044284,0.0000612961957813,-0.000255847466178,0.000426426209742,-0.00034100053017,0.000555030477699,-0.000469814898679,0.00035497744102],[-0.000207378572668,0.00152758765034,0.000361594808055,0.000367869739421,-0.00033283396624,-0.000458376132883,0.0000607511647104,0.00109242019244,-0.000969220418483,0.00125822925474,-0.00139866280369,0.00141222239472,-0.000786004005931],[0.000285914720735,0.000361594808055,0.00426756916568,0.00111753470264,-0.00199370621704,0.00218443828635,0.000277172250208,-0.00109939859249,0.000995214912109,-0.0020578824915,0.00144769193139,-0.00154135329649,0.000367409200408],[-0.000052307947044,0.000367869739421,0.00111753470264,0.00398303801194,-0.00120085722301,-0.000968074775301,0.0031327707693,-0.00228170701303,-0.000405097554903,-0.000203688323381,-0.000416812836193,0.000589746865444,-0.00146419438533],[0.000181066832738,-0.00033283396624,-0.00199370621704,-0.00120085722301,0.00762728461996,-0.00197941274382,-0.00140499486588,0.00253832782619,-0.00423841644078,0.00289566768333,-0.00210571615025,0.000507352116983,-0.000841109082103],[0.0000837289044284,-0.000458376132883,0.00218443828635,-0.000968074775301,-0.00197941274382,0.0126739572734,-0.00504117971286,-0.00172896625008,0.00427711056545,-0.00436332728714,0.0050606271252,-0.00294333137572,0.00101632170845],[0.0000612961957813,0.0000607511647104,0.000277172250208,0.0031327707693,-0.00140499486588,-0.00504117971286,0.0139003917575,-0.00405487744138,-0.00101229303982,0.00401462195441,-0.00315718003549,0.0035638352856,-0.00236933818087],[-0.000255847466178,0.00109242019244,-0.00109939859249,-0.00228170701303,0.00253832782619,-0.00172896625008,-0.00405487744138,0.0165153089911,-0.00821900181472,0.00250054011121,0.00127563229762,-0.00322608486749,0.00124627549667],[0.000426426209742,-0.000969220418483,0.000995214912109,-0.000405097554903,-0.00423841644078,0.00427711056545,-0.00101229303982,-0.00821900181472,0.0232772510499,-0.0105669759214,0.00356562039815,0.00229600444436,-0.00296152266674],[-0.00034100053017,0.00125822925474,-0.0020578824915,-0.000203688323381,0.00289566768333,-0.00436332728714,0.00401462195441,0.00250054011121,-0.0105669759214,0.0257630441338,-0.0103275589645,0.000643244304229,0.0036207542289],[0.000555030477699,-0.00139866280369,0.00144769193139,-0.000416812836193,-0.00210571615025,0.0050606271252,-0.00315718003549,0.00127563229762,0.00356562039815,-0.0103275589645,0.0224366690964,-0.00819789152592,-0.000938006676733],[-0.000469814898679,0.00141222239472,-0.00154135329649,0.000589746865444,0.000507352116983,-0.00294333137572,0.0035638352856,-0.00322608486749,0.00229600444436,0.000643244304229,-0.00819789152592,0.0236100498587,-0.00845581013709],[0.00035497744102,-0.000786004005931,0.000367409200408,-0.00146419438533,-0.000841109082103,0.00101632170845,-0.00236933818087,0.00124627549667,-0.00296152266674,0.0036207542289,-0.000938006676733,-0.00845581013709,0.0258909277618]],"mean":[-681.200744629,167.307846069,-22.7011318207,42.4417228699,16.1954116821,23.6225395203,3.3197388649,1.42857515812,1.47260665894,1.77942240238,-2.94010829926,-0.499213248491,-0.403130918741]},"pitch_salience":{"dmean":0.0729762390256,"dmean2":0.121370077133,"dvar":0.00365726812743,"dvar2":0.009920200333,"max":0.996089458466,"mean":0.553736567497,"median":0.564295589924,"min":0.00573538709432,"var":0.0116380238906},"silence_rate_20dB":{"dmean":0,"dmean2":0,"dvar":0,"dvar2":0,"max":1,"mean":1,"median":1,"min":1,"var":0},"silence_rate_30dB":{"dmean":0.022197201848,"dmean2":0.0443979725242,"dvar":0.0217037219554,"dvar2":0.0523985996842,"max":1,"mean":0.978206694126,"median":1,"min":0,"var":0.0213180799037},"silence_rate_60dB":{"dmean":0.00739906728268,"dmean2":0.0147993247956,"dvar":0.00734323030338,"dvar2":0.0160275772214,"max":1,"mean":0.0468033775687,"median":0,"min":0,"var":0.0446148253977},"spectral_centroid":{"dmean":214.409164429,"dmean2":325.548065186,"dvar":59504.734375,"dvar2":114333.179688,"max":11583.9121094,"mean":1026.27966309,"median":851.159118652,"min":147.007522583,"var":771227.625},"spectral_complexity":{"dmean":3.87228560448,"dmean2":5.42652606964,"dvar":21.0280208588,"dvar2":32.015247345,"max":63,"mean":18.0462398529,"median":17,"min":0,"var":109.230270386},"spectral_contrast_coeffs":{"dmean":[0.0532977953553,0.0466911531985,0.0367531403899,0.0285932328552,0.0198168680072,0.043726477772],"dmean2":[0.0885322839022,0.0772398039699,0.0603433474898,0.0467725433409,0.0327046215534,0.0676143839955],"dvar":[0.00177871133201,0.00133027299307,0.000862834393047,0.00050116359489,0.000266222079517,0.00143012136687],"dvar2":[0.00488949660212,0.00363448937424,0.00225456268527,0.0013257797109,0.000692934787367,0.00335526838899],"max":[-0.327172398567,-0.505009114742,-0.547511100769,-0.594853401184,-0.66809886694,-0.447708368301],"mean":[-0.671361446381,-0.778711736202,-0.810954868793,-0.795016825199,-0.815259337425,-0.751134514809],"median":[-0.67552870512,-0.782981157303,-0.81681650877,-0.795508086681,-0.815637350082,-0.759239494801],"min":[-0.998367846012,-0.996708929539,-0.993940591812,-0.986262798309,-0.9903023839,-0.966277599335],"var":[0.00676184613258,0.00392794283107,0.00325124058872,0.00196390994824,0.00116328313015,0.00497353821993]},"spectral_contrast_valleys":{"dmean":[0.379247188568,0.386374741793,0.356211692095,0.276187598705,0.292721033096,0.635650396347],"dmean2":[0.636520504951,0.61284416914,0.549845039845,0.414158314466,0.400478720665,0.991309344769],"dvar":[0.113654114306,0.114373184741,0.106112375855,0.0777865350246,0.101092323661,0.276447206736],"dvar2":[0.280934602022,0.253056377172,0.216514915228,0.138640359044,0.164104655385,0.710801839828],"max":[-4.82334089279,-4.71842718124,-4.99884366989,-5.09981060028,-5.31853818893,-8.98275470734],"mean":[-6.66312646866,-6.8766503334,-7.35986614227,-7.42385911942,-7.80596971512,-11.2975082397],"median":[-6.40012216568,-6.67575359344,-7.19355344772,-7.24560022354,-7.68899345398,-11.1037712097],"min":[-28.2647857666,-27.9637889862,-27.7939491272,-27.5845241547,-27.47032547,-27.4272575378],"var":[3.0524661541,3.06875753403,3.07505917549,2.97635102272,2.91668701172,2.2440431118]},"spectral_decrease":{"dmean":3.09857450809e-9,"dmean2":5.02535835167e-9,"dvar":1.63342809622e-17,"dvar2":4.17426637609e-17,"max":3.14171089144e-9,"mean":-6.63876198459e-9,"median":-5.25455767786e-9,"min":-7.70012249518e-8,"var":3.36746484685e-17},"spectral_energy":{"dmean":0.0128069436178,"dmean2":0.0204119179398,"dvar":0.000270447257208,"dvar2":0.000669264467433,"max":0.325373113155,"mean":0.0430755615234,"median":0.0386355891824,"min":9.74780814664e-21,"var":0.00072931376053},"spectral_energyband_high":{"dmean":0.000223805385758,"dmean2":0.000308880640659,"dvar":2.39953124037e-7,"dvar2":4.81142933495e-7,"max":0.0287377759814,"mean":0.00054191792151,"median":0.000304891611449,"min":6.9434009138e-21,"var":5.83387929964e-7},"spectral_energyband_low":{"dmean":0.00885823462158,"dmean2":0.0149058699608,"dvar":0.000135133377626,"dvar2":0.000370250636479,"max":0.230597227812,"mean":0.018213590607,"median":0.0147286485881,"min":1.4608511207e-23,"var":0.00023082329426},"spectral_energyband_middle_high":{"dmean":0.00198407820426,"dmean2":0.0027897185646,"dvar":0.0000131949736897,"dvar2":0.000027572406907,"max":0.083368897438,"mean":0.00505194906145,"median":0.00247717904858,"min":1.18646972259e-21,"var":0.0000445918485639},"spectral_energyband_middle_low":{"dmean":0.00517446827143,"dmean2":0.00819060113281,"dvar":0.0000592818796576,"dvar2":0.000138598348713,"max":0.126975998282,"mean":0.0120131308213,"median":0.00796566810459,"min":1.85412112736e-22,"var":0.000153145476361},"spectral_entropy":{"dmean":0.165432199836,"dmean2":0.249530360103,"dvar":0.0215301383287,"dvar2":0.0476075708866,"max":9.83082675934,"mean":7.44204568863,"median":7.43156862259,"min":5.8932557106,"var":0.117758832872},"spectral_flux":{"dmean":0.0237693525851,"dmean2":0.0376238897443,"dvar":0.000642084458377,"dvar2":0.00139245542232,"max":0.415722519159,"mean":0.103241533041,"median":0.0974848270416,"min":6.41340799912e-11,"var":0.00223059928976},"spectral_kurtosis":{"dmean":4.33858203888,"dmean2":6.59660720825,"dvar":16.3428688049,"dvar2":39.3034629822,"max":54.0513763428,"mean":19.2204246521,"median":18.6724452972,"min":-1.26117861271,"var":53.9327011108},"spectral_rms":{"dmean":0.000912805902772,"dmean2":0.00143178412691,"dvar":9.04666080714e-7,"dvar2":0.00000216605144487,"max":0.0178167670965,"mean":0.00611399067566,"median":0.00613948376849,"min":3.08383787256e-12,"var":0.00000464412551082},"spectral_rolloff":{"dmean":3984.19555664,"dmean2":7696.02587891,"dvar":54746896,"dvar2":137388352,"max":22050,"mean":15574.3486328,"median":21683.9355469,"min":21.533203125,"var":84038320},"spectral_skewness":{"dmean":0.336205244064,"dmean2":0.490754157305,"dvar":0.0995786786079,"dvar2":0.212404951453,"max":5.48654079437,"mean":2.8974673748,"median":2.94104170799,"min":-0.078570060432,"var":0.500286400318},"spectral_spread":{"dmean":470895.125,"dmean2":737492.1875,"dvar":319114149888,"dvar2":700119515136,"max":42697324,"mean":3953770.5,"median":3698734,"min":1640030.75,"var":7714292367360},"spectral_strongpeak":{"dmean":4.40796804428,"dmean2":8.45015525818,"dvar":226.585830688,"dvar2":645.742797852,"max":184.692321777,"mean":3.2538022995,"median":0.275186032057,"min":0,"var":170.347747803},"zerocrossingrate":{"dmean":0.0398549251258,"dmean2":0.0525363199413,"dvar":0.00112925865687,"dvar2":0.00190459389705,"max":0.7470703125,"mean":0.287789165974,"median":0.2890625,"min":0,"var":0.0105959940702}},"metadata":{"audio_properties":{"analysis_sample_rate":44100,"bit_rate":206473,"codec":"mp3","downmix":"mix","equal_loudness":0,"length":288.706359863,"lossless":false,"md5_encoded":"0f54bdd4d66e194421f64209bedb368e","replay_gain":-0.527215957642,"sample_rate":44100},"tags":{"album":["The Soft Parade"],"albumartist":["The Doors"],"albumartistsort":["Doors, The"],"artist":["The Doors"],"artistsort":["Doors, The"],"asin":["B000002I2G"],"catalognumber":["EKS 75005"],"date":["1969-07"],"file_name":"03 - The Doors - Shaman's Blues.mp3","genre":["60S","The Doors","Psychedelic Rock","Rock","Blues","Psychedelic","Classic Rock"],"label":["Elektra"],"musicbrainz album release country":["US"],"musicbrainz album status":["official"],"musicbrainz album type":["album"],"musicbrainz_albumartistid":["9efff43b-3b29-4082-824e-bc82f646f93d"],"musicbrainz_albumid":["a9586311-5ccb-4c80-9740-2a44af53fed0"],"musicbrainz_artistid":["9efff43b-3b29-4082-824e-bc82f646f93d"],"musicbrainz_recordingid":["55253277-26fb-4d34-ab5f-686be6365d0b"],"title":["Shaman's Blues"],"tracknumber":["3/9"]},"version":{"essentia":"2.1-beta1","essentia_build_sha":"81dca3489dfd3c4275b86ac4d56d870715677d3f","essentia_git_sha":"v2.1_beta1-28-g21ef5f4","extractor":"music 1.0"}},"rhythm":{"beats_count":696,"beats_loudness":{"dmean":0.0244038514793,"dmean2":0.042104255408,"dvar":0.000513175968081,"dvar2":0.00144157023169,"max":0.200472474098,"mean":0.0563393309712,"median":0.0528716817498,"min":0,"var":0.00087899673963},"beats_loudness_band_ratio":{"dmean":[0.166256934404,0.105950370431,0.0529625639319,0.0589630678296,0.0504047162831,0.0966025069356],"dmean2":[0.28177934885,0.182275265455,0.0945127755404,0.103328354657,0.0879435613751,0.165292009711],"dvar":[0.0159158520401,0.010147659108,0.00607332447544,0.00438165105879,0.00208159349859,0.00784084014595],"dvar2":[0.04358214885,0.0280418563634,0.0169961042702,0.012098049745,0.00584556162357,0.0227292738855],"max":[0.994636178017,0