{"lowlevel":{"average_loudness":0.670738756657,"barkbands":{"dmean":[0.000144651552546,0.00369246676564,0.00232690153643,0.00210495525971,0.00264732190408,0.000699312717188,0.000533899175934,0.000399729091441,0.000449351326097,0.000251905148616,0.000134353904286,0.000185112148756,0.00013060841593,0.00024361263786,0.000222686052439,0.000183630123502,0.000162724478287,0.000132360961288,0.000083324724983,0.000142288627103,0.000080577468907,0.0000439059404016,0.0000391837747884,0.0000313402852044,0.0000142194867294,0.00000679348522681,0.0000015028698499],"dmean2":[0.000223138617002,0.00524799246341,0.00399080617353,0.0035255139228,0.0042311642319,0.0011540442938,0.000884601264261,0.00064103474142,0.000704390811734,0.000375043076929,0.000204291020054,0.0002813586907,0.000188141028048,0.0003703548864,0.000331817369442,0.000276011298411,0.000255936873145,0.000204922544071,0.000130832122522,0.000226113756071,0.000128095140099,0.0000701742683304,0.000060481896071,0.0000482682880829,0.0000208613219002,0.00000932833154366,0.00000209604149859],"dvar":[1.51723028807e-7,0.0000897535137483,0.0000380456840503,0.0000286121412501,0.0000595071578573,0.00000293831908493,0.00000197789677259,0.00000159093531238,0.00000180309950792,8.83689153852e-7,3.30963445094e-7,3.85540317893e-7,3.9593061274e-7,7.4587404697e-7,6.77689740769e-7,3.38990986393e-7,1.85489327009e-7,1.130411178e-7,3.04099962989e-8,1.50055655013e-7,3.10008729798e-8,1.05168851405e-8,1.10982822932e-8,9.969742365e-9,2.50310860928e-9,6.10799522072e-10,3.51584213132e-11],"dvar2":[3.58539011813e-7,0.000171781939571,0.000104915998236,0.0000736750225769,0.000148176142829,0.00000764472588344,0.0000053900785133,0.00000397359963245,0.00000413597490478,0.00000172939121512,6.44136889605e-7,8.11866357253e-7,7.41881422073e-7,0.00000158889315571,0.00000142737837905,7.07762069396e-7,4.35891564621e-7,2.41326830519e-7,6.63900081577e-8,3.67150960301e-7,7.53273496912e-8,2.57225813982e-8,2.50382541367e-8,2.46326248288e-8,5.91720938914e-9,1.3800783849e-9,8.05469302367e-11],"max":[0.00509362248704,0.134431824088,0.0800859332085,0.0771218389273,0.104706734419,0.0382422432303,0.0385336056352,0.0506909489632,0.0421554259956,0.0399328432977,0.0367478169501,0.0257553309202,0.036744043231,0.0250400435179,0.0287505518645,0.0307673327625,0.0176378600299,0.0202672351152,0.0110996915027,0.0199030842632,0.00445321528241,0.00291620264761,0.00359949911945,0.00338236801326,0.00289120385423,0.0014320173068,0.000264976260951],"mean":[0.000143559096614,0.00505798077211,0.00285340519622,0.00238052499481,0.00316563877277,0.000958353921305,0.000809861463495,0.000668126682285,0.000749375205487,0.000552423996851,0.000215027903323,0.000407612358686,0.000225402400247,0.000485922355438,0.000426609098213,0.000375567586161,0.000329298374709,0.000294152938295,0.000196517488803,0.000299460167298,0.000175712106284,0.00008928013267,0.0000885226618266,0.0000686189159751,0.0000315351389872,0.0000144292880577,0.00000215049090002],"median":[0.00000582755637879,0.00139104598202,0.000874318124261,0.000761499512009,0.000924407504499,0.00033753743628,0.000236005114857,0.000117677656817,0.000146995589603,0.0000624793683528,0.0000260350861936,0.0000501516551594,0.0000196970577235,0.0000755222135922,0.0000432206725236,0.0000903500040295,0.000100294761069,0.0000940911340876,0.0000741382391425,0.0000759973481763,0.0000312336014758,0.0000162626911333,0.0000114516860776,0.00000635254036752,0.00000299828525385,0.00000122209758047,7.55228199978e-8],"min":[6.69093202691e-24,6.58382128206e-24,2.75793720239e-24,2.51311441767e-24,1.7121124698e-23,4.6753207855e-23,1.84724150296e-23,9.63284598911e-24,2.054788125e-23,2.43948829389e-23,2.66477876427e-23,2.71241018573e-23,6.18921396684e-23,5.53924874783e-23,4.56977687618e-23,9.26431305116e-23,1.06941177621e-22,1.73799878263e-22,1.22444048835e-22,2.6593319006e-22,2.43179008431e-22,3.63955279094e-22,4.04233507173e-22,6.8221483731e-22,1.02020803506e-21,1.48135587492e-21,2.18628924997e-21],"var":[1.60835824659e-7,0.000129023595946,0.0000331862283929,0.0000272670386039,0.0000578010258323,0.00000341487771038,0.00000237234689848,0.00000403543162975,0.00000394971993956,0.00000523208473169,0.00000124860798678,0.00000203978038371,0.00000144379907852,0.00000262432990894,0.00000232814272749,0.0000012606983546,5.03725971157e-7,4.38120167701e-7,1.17969655378e-7,3.63130112646e-7,1.00576279749e-7,3.03566451976e-8,3.30794307501e-8,2.27838388156e-8,5.09698505624e-9,1.24025190118e-9,4.93584999262e-11]},"barkbands_crest":{"dmean":2.53654193878,"dmean2":3.91602277756,"dvar":6.70232343674,"dvar2":15.557765007,"max":26.0592021942,"mean":12.0550727844,"median":11.0886363983,"min":2.485496521,"var":26.8521118164},"barkbands_flatness_db":{"dmean":0.0262796152383,"dmean2":0.0366703495383,"dvar":0.000935409858357,"dvar2":0.00178843946196,"max":0.601901888847,"mean":0.210187613964,"median":0.164298966527,"min":0.0212568826973,"var":0.0178540237248},"barkbands_kurtosis":{"dmean":7.0886349678,"dmean2":10.7103338242,"dvar":289.847595215,"dvar2":655.372558594,"max":742.313476562,"mean":13.15259552,"median":4.6284122467,"min":-1.89724135399,"var":754.258483887},"barkbands_skewness":{"dmean":0.718970417976,"dmean2":1.04961597919,"dvar":0.826524436474,"dvar2":1.74661016464,"max":18.3934459686,"mean":2.21340203285,"median":1.8920173645,"min":-2.41073226929,"var":3.41542768478},"barkbands_spread":{"dmean":4.63179445267,"dmean2":6.75841569901,"dvar":42.2208938599,"dvar2":82.8111572266,"max":121.445167542,"mean":18.0537338257,"median":15.0940704346,"min":0.131011411548,"var":270.603729248},"dissonance":{"dmean":0.0187710635364,"dmean2":0.030774384737,"dvar":0.000422032026108,"dvar2":0.00109248363879,"max":0.500000059605,"mean":0.453383535147,"median":0.467317909002,"min":0.170047581196,"var":0.00176863872912},"dynamic_complexity":6.36253404617,"erbbands":{"dmean":[0.133844435215,0.806750237942,2.40184044838,5.36808395386,8.53950595856,8.23043060303,7.88066768646,4.63835191727,7.14628267288,6.42185401917,10.7126321793,9.10748100281,8.73442459106,6.22986650467,4.89795684814,7.37437343597,5.56025838852,11.2895040512,10.4666652679,9.51205062866,9.24790763855,8.68368721008,7.70280265808,4.1487030983,6.0122423172,5.79621458054,3.566852808,2.80822038651,1.74821162224,1.27917706966,0.976235032082,0.890231490135,0.378495126963,0.189201816916,0.0930255427957,0.0364790000021,0.0122188460082,0.00233184639364,0.000244324590312,0.0000199816568056],"dmean2":[0.192989081144,1.21458494663,4.07718849182,8.98893070221,13.7251605988,13.8338375092,13.1563653946,7.62911128998,11.741642952,10.6640586853,17.1512832642,14.2116632462,13.189034462,9.10824203491,7.60609722137,11.3080949783,7.91506385803,16.5717887878,15.9101791382,13.9549179077,14.1207847595,13.4245557785,11.7627973557,6.50172376633,9.5209608078,9.16108894348,5.65916109085,4.42059707642,2.80036997795,1.97572433949,1.5054410696,1.37920677662,0.581185340881,0.285371124744,0.136699676514,0.0509848855436,0.017165850848,0.00330825638957,0.000335912453011,0.0000275631027762],"dvar":[0.139889940619,4.07141923904,40.5009346008,186.649475098,495.318939209,629.401184082,467.951873779,109.658042908,269.691436768,357.086547852,1284.42614746,748.63269043,1051.95166016,707.717773438,348.427459717,681.765075684,695.08215332,1605.84692383,1273.59423828,1250.85473633,714.197570801,478.967559814,431.580474854,65.8337783813,272.640228271,228.284439087,65.071182251,40.7837905884,17.4421234131,9.18817329407,7.98867082596,7.47543764114,1.73077690601,0.404980957508,0.113136708736,0.0113067487255,0.00305064418353,0.000128001571284,9.4423222663e-7,2.41542053026e-9],"dvar2":[0.302763730288,8.05078315735,109.465576172,493.430267334,1215.52319336,1685.67724609,1238.21398926,282.756378174,716.984680176,956.633605957,3319.84350586,1734.06188965,2185.484375,1276.83789062,800.791564941,1453.31555176,1314.98181152,3230.13061523,2792.7487793,2481.30029297,1559.68786621,1058.28613281,893.243286133,152.540161133,656.008666992,531.935119629,158.788650513,95.5612945557,42.3097724915,20.2721538544,18.3309783936,18.3155841827,4.35419559479,0.988284111023,0.259880572557,0.023054221645,0.0073902499862,0.000329428352416,0.00000214160900214,4.84658624345e-9],"max":[5.62660837173,26.5537204742,76.7136764526,161.624847412,291.682830811,363.643218994,431.680633545,369.279571533,326.824401855,475.033416748,1492.14294434,933.205505371,1321.78430176,1969.01525879,1076.43054199,1108.67346191,2069.81030273,1496.33544922,1286.40026855,1403.74853516,1049.54589844,1021.68682861,1367.44714355,322.772521973,888.04107666,634.417175293,307.566711426,236.78956604,137.020019531,85.4256896973,108.062187195,93.8964691162,57.9621658325,29.4228916168,20.5929508209,4.3742814064,3.30678200722,0.71379929781,0.0424887835979,0.00149326119572],"mean":[0.147623836994,1.13527870178,2.99770116806,6.64198827744,9.59439373016,9.46750259399,9.9136762619,6.87873983383,11.4079799652,9.60942745209,18.8323192596,16.0644855499,19.1416816711,13.6389789581,8.57588100433,17.5643672943,11.5379667282,23.5385284424,21.8008403778,20.9329929352,20.6066417694,19.4595508575,17.7804431915,10.2269964218,13.2758283615,13.0415306091,7.93154859543,6.11303091049,3.65158319473,2.9078066349,2.14036798477,1.85698759556,0.829504489899,0.412515819073,0.199802681804,0.0831760391593,0.0232622623444,0.00399411004037,0.000358288030839,0.0000408600899391],"median":[0.0244107469916,0.366285532713,1.04588747025,2.51774168015,2.60271072388,2.85700178146,2.68403220177,2.71234440804,3.63187122345,2.99592924118,3.41566562653,3.99061965942,2.71785020828,1.78473496437,1.65818572044,2.05155682564,1.33543848991,3.41002678871,3.77618455887,2.58878779411,6.31436824799,6.18693780899,5.58568382263,4.2359662056,4.39076042175,3.5589261055,1.76258182526,0.91270005703,0.655742526054,0.449505567551,0.277047932148,0.175159618258,0.0827469229698,0.0391277782619,0.01804459095,0.00780600495636,0.00171919423155,0.000251187826507,0.0000273174973699,0.0000187354999071],"min":[1.92298350946e-22,1.52902134993e-21,4.69713945383e-21,6.23774193818e-21,1.67947940451e-20,4.95739163873e-20,7.39062806732e-20,2.15274594522e-19,1.66713069657e-19,4.20618239556e-19,2.92590817411e-19,4.96923169522e-19,9.36410329429e-19,7.51033312192e-19,1.13692149485e-18,1.5471126058e-18,2.73333499573e-18,3.10053246377e-18,3.241131868e-18,4.30514917918e-18,4.59993360202e-18,7.50461595972e-18,9.39804148084e-18,8.24602786892e-18,7.48053094183e-18,1.28720222097e-17,1.03790603165e-17,1.30668042188e-17,1.56567108526e-17,1.26627413789e-17,1.12691298167e-17,1.21968484424e-17,1.18826008734e-17,9.03763475205e-18,8.69561293955e-18,5.13341133038e-18,2.54615643082e-18,1.08771086585e-18,2.95348017188e-19,3.16695726415e-20],"var":[0.163137227297,5.6925368309,35.5604362488,173.225250244,484.191467285,530.15838623,492.344482422,142.314331055,401.141418457,460.944274902,2999.69726562,1577.5078125,5422.203125,4303.20166016,871.163574219,4183.30664062,2896.55688477,6057.82324219,4469.77001953,4450.40332031,2573.68286133,1653.75634766,1694.42700195,275.432495117,684.594848633,663.131225586,199.61656189,134.293762207,52.5940170288,35.0537567139,19.7800636292,17.4277610779,3.24140906334,0.821348071098,0.227942317724,0.0339839495718,0.00428214482963,0.000146955615492,0.00000134937215535,4.95532548328e-9]},"erbbands_crest":{"dmean":2.14404988289,"dmean2":3.37759113312,"dvar":5.19327974319,"dvar2":12.421795845,"max":32.4991722107,"mean":9.74831581116,"median":8.8245306015,"min":2.33140206337,"var":22.2892932892},"erbbands_flatness_db":{"dmean":0.0173236429691,"dmean2":0.0235563125461,"dvar":0.000419530435465,"dvar2":0.00074351701187,"max":0.443874061108,"mean":0.175291314721,"median":0.162146955729,"min":0.0273553710431,"var":0.00487426761538},"erbbands_kurtosis":{"dmean":1.93551456928,"dmean2":2.93748807907,"dvar":22.0035457611,"dvar2":48.6415863037,"max":205.485061646,"mean":5.08336496353,"median":-0.0568833351135,"min":-1.8420984745,"var":164.104415894},"erbbands_skewness":{"dmean":0.406854569912,"dmean2":0.597919762135,"dvar":0.24199745059,"dvar2":0.505970358849,"max":11.4269390106,"mean":0.792050302029,"median":0.376758694649,"min":-2.8430352211,"var":2.4482524395},"erbbands_spread":{"dmean":8.32535457611,"dmean2":12.4058618546,"dvar":125.424171448,"dvar2":262.034851074,"max":157.930587769,"mean":39.6467056274,"median":38.4860153198,"min":1.05294430256,"var":660.340270996},"gfcc":{"cov":[[29055.1953125,-3897.57275391,-7668.42773438,-361.48348999,-2395.54516602,452.870788574,-817.903625488,493.249389648,-541.554260254,417.033203125,-316.051391602,20.1637763977,-414.887573242],[-3897.57275391,2072.72216797,989.787414551,-77.2412414551,586.17980957,-231.430648804,280.299377441,-196.091903687,185.424636841,-182.166564941,139.131027222,-99.3435745239,171.139480591],[-7668.42773438,989.787414551,3120.03515625,229.766540527,639.706848145,-85.9135971069,162.442855835,-133.897460938,120.177780151,-116.541740417,54.7771644592,34.8523674011,85.3818817139],[-361.48348999,-77.2412414551,229.766540527,382.87713623,63.442691803,-35.1521720886,-29.4541149139,-2.63384819031,40.3945159912,2.03824400902,22.8753166199,8.54980278015,10.4704122543],[-2395.54516602,586.17980957,639.706848145,63.442691803,481.157592773,-48.8335113525,111.555412292,-60.8416023254,90.5801010132,-28.2368736267,51.3002052307,-1.24756217003,79.9317779541],[452.870788574,-231.430648804,-85.9135971069,-35.1521720886,-48.8335113525,194.704467773,52.748714447,19.6723194122,-44.6638526917,36.8154830933,3.42107748985,12.719792366,-16.2219600677],[-817.903625488,280.299377441,162.442855835,-29.4541149139,111.555412292,52.748714447,205.753814697,-8.67782211304,13.6348962784,-7.14907121658,42.4507827759,-2.84320163727,37.5073699951],[493.249389648,-196.091903687,-133.897460938,-2.63384819031,-60.8416023254,19.6723194122,-8.67782211304,125.030319214,26.0178546906,18.8432693481,-17.4473609924,15.5933256149,-10.538230896],[-541.554260254,185.424636841,120.177780151,40.3945159912,90.5801010132,-44.6638526917,13.6348962784,26.0178546906,124.971511841,17.4182071686,15.1315603256,-8.27833652496,25.2122764587],[417.033203125,-182.166564941,-116.541740417,2.03824400902,-28.2368736267,36.8154830933,-7.14907121658,18.8432693481,17.4182071686,103.201446533,21.0916290283,19.0516262054,-2.54605960846],[-316.051391602,139.131027222,54.7771644592,22.8753166199,51.3002052307,3.42107748985,42.4507827759,-17.4473609924,15.1315603256,21.0916290283,94.8980407715,25.5118217468,16.8107509613],[20.1637763977,-99.3435745239,34.8523674011,8.54980278015,-1.24756217003,12.719792366,-2.84320163727,15.5933256149,-8.27833652496,19.0516262054,25.5118217468,73.9776992798,17.4438552856],[-414.887573242,171.139480591,85.3818817139,10.4704122543,79.9317779541,-16.2219600677,37.5073699951,-10.538230896,25.2122764587,-2.54605960846,16.8107509613,17.4438552856,87.8165130615]],"icov":[[0.000147074460983,-0.000139593728818,0.000300976069411,-0.000162949581863,0.000268236413831,-0.000234645893215,0.000287145841867,-0.000208776371437,0.000299805600662,-0.000345922540873,0.000333532574587,-0.000279302970739,0.000154026012751],[-0.000139593728818,0.00252867978998,-0.000484606280224,0.00132259947713,-0.00101455079857,0.00179345696233,-0.00183426681906,0.00210599368438,-0.00263593485579,0.00352740543894,-0.00334895937704,0.00311651965603,-0.00210200459696],[0.000300976069411,-0.000484606280224,0.00112656550482,-0.00063456321368,0.000067863460572,-0.000644069397822,0.000529304263182,-0.000199441419682,0.000518277054653,-0.000514764571562,0.00120203720871,-0.00143000972457,0.00080617464846],[-0.000162949581863,0.00132259947713,-0.00063456321368,0.0036862345878,-0.000779388705269,0.00109415093902,-0.000227032665862,0.000979761010967,-0.00205136998557,0.00194729480427,-0.00270339869894,0.00176873500459,-0.0012322642142],[0.000268236413831,-0.00101455079857,0.000067863460572,-0.000779388705269,0.00479788053781,-0.000705541926436,-0.000166553028976,0.000392289541196,-0.000797289598268,-0.00116716115735,0.000965105311479,-0.00118235533591,-0.00086262827972],[-0.000234645893215,0.00179345696233,-0.000644069397822,0.00109415093902,-0.000705541926436,0.0089122671634,-0.00424195546657,0.000373590504751,0.00114702212159,-0.000545706658158,-0.00176881265361,0.00182019674685,-0.000330925075104],[0.000287145841867,-0.00183426681906,0.000529304263182,-0.000227032665862,-0.000166553028976,-0.00424195546657,0.0092786885798,-0.00266162818298,0.00217673950829,-0.0014169026399,-0.000866317888722,0.0000165396031662,-0.000974170980044],[-0.000208776371437,0.00210599368438,-0.000199441419682,0.000979761010967,0.000392289541196,0.000373590504751,-0.00266162818298,0.0132280066609,-0.00737676071003,0.00318111968227,0.000481205643155,-0.0018724919064,-0.0000873920726008],[0.000299805600662,-0.00263593485579,0.000518277054653,-0.00205136998557,-0.000797289598268,0.00114702212159,0.00217673950829,-0.00737676071003,0.0166069548577,-0.00776127260178,0.00194755767006,0.00102062628139,-0.00015172600979],[-0.000345922540873,0.00352740543894,-0.000514764571562,0.00194729480427,-0.00116716115735,-0.000545706658158,-0.0014169026399,0.00318111968227,-0.00776127260178,0.0183481872082,-0.00750979222357,0.00177055690438,-0.00244568311609],[0.000333532574587,-0.00334895937704,0.00120203720871,-0.00270339869894,0.000965105311479,-0.00176881265361,-0.000866317888722,0.000481205643155,0.00194755767006,-0.00750979222357,0.0199707020074,-0.0103177232668,0.00392813328654],[-0.000279302970739,0.00311651965603,-0.00143000972457,0.00176873500459,-0.00118235533591,0.00182019674685,0.0000165396031662,-0.0018724919064,0.00102062628139,0.00177055690438,-0.0103177232668,0.0234010573477,-0.00794793386012],[0.000154026012751,-0.00210200459696,0.00080617464846,-0.0012322642142,-0.00086262827972,-0.000330925075104,-0.000974170980044,-0.0000873920726008,-0.00015172600979,-0.00244568311609,0.00392813328654,-0.00794793386012,0.0175037253648]],"mean":[-98.5024108887,109.453163147,-83.0195922852,50.8512191772,-43.8468856812,2.9645087719,-33.8488349915,6.75181293488,-19.2692146301,-1.53482091427,-17.4492321014,-5.69838094711,-10.4704799652]},"hfc":{"dmean":3.65297651291,"dmean2":5.46717500687,"dvar":42.978805542,"dvar2":97.6388015747,"max":151.213577271,"mean":13.7896823883,"median":6.58601760864,"min":1.14182344161e-16,"var":278.978240967},"melbands":{"dmean":[0.00109200831503,0.00112678552978,0.000961393001489,0.000645322492346,0.000276117236353,0.000110966029752,0.000110140790639,0.0000678776050336,0.0000946799191297,0.0000564298134123,0.0000441172196588,0.0000259192256635,0.0000163552867889,0.0000192495790543,0.0000156901060109,0.0000142725102705,0.0000238107422774,0.000018321987227,0.0000180088827619,0.0000122348474179,0.0000114005651994,0.0000099510561995,0.00000975664352154,0.00000545612329006,0.00000361734282706,0.00000349355332219,0.00000619937964075,0.00000383351516575,0.00000255304667007,0.00000194387325791,0.0000017586978629,0.00000119150945466,7.68151892316e-7,8.59884380588e-7,5.91450429965e-7,6.24719916686e-7,5.84400993375e-7,2.88336281073e-7,2.14162000134e-7,1.5972537426e-7],"dmean2":[0.00151060963981,0.00186349824071,0.00158653163817,0.00105140369851,0.000463557604235,0.000181725816219,0.000181195791811,0.000111467583338,0.000151614556671,0.0000873595563462,0.0000664142135065,0.0000378648692276,0.0000251135279541,0.0000294511537504,0.0000235729457927,0.00002016525832,0.0000353090108547,0.0000280788535747,0.0000264058799075,0.0000178143327503,0.0000177179845195,0.000015531650206,0.0000151117828864,0.00000845782051329,0.00000574962450628,0.00000551872335564,0.00000999571147986,0.00000606674302617,0.00000410532902606,0.00000314069302476,0.00000276967580248,0.00000193585333363,0.00000124161351778,0.00000134318509026,9.24557980397e-7,9.88584588413e-7,9.20320132991e-7,4.53156559388e-7,3.32497052113e-7,2.45403469989e-7],"dvar":[0.00000834215552459,0.00000800493216957,0.00000517124317412,0.00000387348200093,5.35826131909e-7,6.09169958921e-8,7.035877303e-8,3.88684711083e-8,1.03182706823e-7,3.06416012563e-8,2.71723248346e-8,1.17497771512e-8,3.65294217097e-9,4.25730517506e-9,3.44537576247e-9,4.69217287247e-9,7.71317587578e-9,3.95678023679e-9,4.8237089878e-9,2.09279815699e-9,9.9953090249e-10,6.31145524732e-10,8.18229872745e-10,2.12816653189e-10,5.48912443277e-11,5.55613471898e-11,4.14377615554e-10,1.21617216298e-10,4.19468210167e-11,1.80523131166e-11,1.76683251363e-11,8.90204663456e-12,3.75137724704e-12,4.95312471593e-12,2.78013050949e-12,3.7813055638e-12,3.10641508176e-12,1.15898512575e-12,4.24780572045e-13,2.81982174156e-13],"dvar2":[0.0000166327408806,0.0000201791990548,0.0000133709418151,0.00000996924791252,0.00000142856993079,1.57268729595e-7,1.88806581036e-7,1.01121457874e-7,2.69943257081e-7,6.80364138361e-8,5.63317179569e-8,2.11473150102e-8,7.87329046403e-9,9.46596756535e-9,6.7679080118e-9,8.52334292034e-9,1.5780306839e-8,8.8934068998e-9,1.00529886637e-8,4.10962730513e-9,2.23628182638e-9,1.45657508277e-9,1.80706571928e-9,4.43186320975e-10,1.30004410015e-10,1.27253096949e-10,1.04192021677e-9,2.81050710482e-10,1.04411881918e-10,4.41373777804e-11,4.02774584518e-11,2.19062077506e-11,9.310355438e-12,1.14748332364e-11,6.40394031207e-12,9.15034714666e-12,7.64444063606e-12,2.98455444386e-12,1.0525796814e-12,6.88876093755e-13],"max":[0.0433960817754,0.0329535380006,0.0265869647264,0.0275760982186,0.0139647917822,0.00722776493058,0.00633910764009,0.00649750418961,0.0127491038293,0.00586806749925,0.00689163245261,0.00761111872271,0.0029052561149,0.00295120826922,0.00245922943577,0.00364431529306,0.00309825525619,0.00184915517457,0.00246012234129,0.00270060822368,0.00113767641596,0.00108865799848,0.00130961567629,0.00130893057212,0.000315943732858,0.000524033559486,0.00122431607451,0.000446965364972,0.000313006690703,0.000136746326461,0.000140394593473,0.000108113781607,0.0000592980359215,0.0000645381951472,0.0000538124768354,0.0000841852670419,0.0000536023107998,0.0000532560115971,0.0000278705447272,0.0000268478470389],"mean":[0.00137649313547,0.00157331884839,0.00121311855037,0.000719847215805,0.000356917997124,0.000164297991432,0.000174000830157,0.000102982310636,0.000166428129887,0.0000964628779911,0.0000946293075685,0.0000556199447601,0.0000264404316113,0.0000403815611207,0.000034894736018,0.0000258832133113,0.0000476781933685,0.0000340928891092,0.00003444637332,0.0000252275767707,0.0000232862403209,0.0000201003131224,0.0000193354226212,0.0000118830257634,0.00000779391939432,0.00000762046693126,0.0000118950883916,0.00000784712483437,0.00000508726861881,0.00000396219456889,0.00000347979471371,0.0000022266351607,0.00000141812677157,0.00000179432902314,0.00000121185235002,0.00000118539458072,0.00000112494069526,5.74585897084e-7,4.36638487145e-7,3.23288190884e-7],"median":[0.000319513084833,0.000657942495309,0.000475887500215,0.000209949095733,0.00010514492169,0.000062249644543,0.0000552713318029,0.0000294177953037,0.0000266561037279,0.0000214320534724,0.0000111411463877,0.00000644844385533,0.0000042078718252,0.00000556559871256,0.00000368882706425,0.00000220761171477,0.00000641806127533,0.00000630413660474,0.00000299795510728,0.00000390803870687,0.00000745089027987,0.00000576981074119,0.00000558657166039,0.00000371715987058,0.00000310489940603,0.00000272981424132,0.00000306374067804,0.0000019442240955,0.00000111912038392,6.35791366221e-7,4.70825341381e-7,3.84927432151e-7,2.11623671476e-7,2.47366813255e-7,1.57758648811e-7,1.27112457449e-7,9.39422193369e-8,5.58443673526e-8,4.2183458504e-8,2.81818000047e-8],"min":[2.28684859967e-24,2.92288920096e-24,1.3992816709e-24,2.54973057988e-24,2.18304239315e-24,6.34559238843e-24,2.94528476485e-24,4.43802929529e-24,2.37378225471e-24,3.12633918943e-24,4.7599283264e-24,2.70731067329e-24,3.25727136425e-24,3.59770310461e-24,5.39333551277e-24,5.1456146503e-24,4.33224068131e-24,4.63655994715e-24,5.76018581042e-24,5.57755110022e-24,4.97795370338e-24,6.98224179313e-24,7.91773695227e-24,6.88686456538e-24,6.54170991479e-24,4.160183807e-24,7.11065099356e-24,7.94586930988e-24,5.99684723743e-24,5.42111367183e-24,5.79288764481e-24,7.22163267887e-24,6.62454622629e-24,5.86865339602e-24,5.35645311001e-24,7.81549347921e-24,6.7325294513e-24,7.68631435054e-24,7.87239322744e-24,7.22786231344e-24],"var":[0.000011212764548,0.00000836235085444,0.00000505173875354,0.00000335835966325,5.67332165247e-7,7.97363668426e-8,9.71700231389e-8,6.7263748349e-8,2.37889750565e-7,6.75354030477e-8,1.44386532952e-7,7.08229279667e-8,1.03255475281e-8,1.86008914937e-8,1.64369176048e-8,1.88837780968e-8,2.79837983896e-8,1.12552944742e-8,1.52804950915e-8,8.34576585618e-9,3.18601034444e-9,2.08737382934e-9,2.1119257454e-9,8.46496872597e-10,1.77028974813e-10,1.96638788585e-10,7.67465868634e-10,3.19040044383e-10,1.00936918546e-10,5.82182080322e-11,5.18389393911e-11,2.22922427046e-11,9.07641756892e-12,1.51374329738e-11,6.45558823412e-12,7.59754845842e-12,6.79432291678e-12,1.74541761253e-12,8.73229440146e-13,5.49241750171e-13]},"melbands_crest":{"dmean":2.97159266472,"dmean2":4.6497387886,"dvar":9.33740997314,"dvar2":22.5970745087,"max":37.209728241,"mean":15.7862691879,"median":15.6126728058,"min":1.72821235657,"var":27.690486908},"melbands_flatness_db":{"dmean":0.0322175435722,"dmean2":0.0448047854006,"dvar":0.00138828577474,"dvar2":0.00262995553203,"max":0.751765787601,"mean":0.29670214653,"median":0.244368940592,"min":0.00175169284921,"var":0.0280626527965},"melbands_kurtosis":{"dmean":13.7778921127,"dmean2":20.5880699158,"dvar":782.88269043,"dvar2":1684.07128906,"max":991.903015137,"mean":27.6008663177,"median":13.3450984955,"min":-1.81301665306,"var":1975.8626709},"melbands_skewness":{"dmean":0.904322087765,"dmean2":1.33803141117,"dvar":1.33120238781,"dvar2":2.77642321587,"max":26.4755973816,"mean":3.30262255669,"median":2.83755350113,"min":-1.33081674576,"var":5.22749328613},"melbands_spread":{"dmean":5.53712511063,"dmean2":8.13000106812,"dvar":73.9460906982,"dvar2":147.619293213,"max":176.519470215,"mean":18.050151825,"median":11.4100704193,"min":0.255251735449,"var":399.712188721},"mfcc":{"cov":[[26672.6699219,-2657.27539062,-5875.96875,-1607.04272461,-1964.77526855,-876.950683594,-745.175292969,-276.429199219,-373.817260742,162.777084351,-201.808242798,117.089599609,-93.2808151245],[-2657.27539062,1629.8392334,356.293365479,198.387771606,196.57572937,102.769233704,117.992279053,34.1596260071,77.8735656738,-26.2656726837,10.4343671799,23.2935314178,43.9460792542],[-5875.96875,356.293365479,2136.64672852,434.805664062,498.568115234,211.617034912,157.784378052,78.4545516968,56.3477745056,-42.5041351318,50.2781944275,-65.8050460815,5.81928682327],[-1607.04272461,198.387771606,434.805664062,442.58883667,240.173904419,60.2016372681,4.57447099686,18.5233573914,26.3698501587,-5.87854099274,12.9432601929,-1.82415640354,13.4477119446],[-1964.77526855,196.57572937,498.568115234,240.173904419,351.813140869,88.6217880249,19.4268913269,15.1247301102,39.9901351929,-9.3001832962,22.0989761353,-8.18329715729,4.17327690125],[-876.950683594,102.769233704,211.617034912,60.2016372681,88.6217880249,183.923309326,103.145797729,5.12119436264,11.8635292053,0.991495966911,16.8486213684,1.17377901077,-0.793438971043],[-745.175292969,117.992279053,157.784378052,4.57447099686,19.4268913269,103.145797729,175.187225342,39.8495063782,9.67502880096,-8.19676876068,6.66445732117,7.51030731201,11.4629096985],[-276.429199219,34.1596260071,78.4545516968,18.5233573914,15.1247301102,5.12119436264,39.8495063782,96.7807846069,20.1859874725,5.79323577881,6.82282495499,-9.5829782486,13.572634697],[-373.817260742,77.8735656738,56.3477745056,26.3698501587,39.9901351929,11.8635292053,9.67502880096,20.1859874725,105.774604797,28.1925258636,-1.67322123051,6.33943796158,-5.7467546463],[162.777084351,-26.2656726837,-42.5041351318,-5.87854099274,-9.3001832962,0.991495966911,-8.19676876068,5.79323577881,28.1925258636,83.2084503174,24.749256134,-3.74442791939,-4.1949467659],[-201.808242798,10.4343671799,50.2781944275,12.9432601929,22.0989761353,16.8486213684,6.66445732117,6.82282495499,-1.67322123051,24.749256134,71.3356018066,19.9081993103,5.82982683182],[117.089599609,23.2935314178,-65.8050460815,-1.82415640354,-8.18329715729,1.17377901077,7.51030731201,-9.5829782486,6.33943796158,-3.74442791939,19.9081993103,85.8673019409,34.3897514343],[-93.2808151245,43.9460792542,5.81928682327,13.4477119446,4.17327690125,-0.793438971043,11.4629096985,13.572634697,-5.7467546463,-4.1949467659,5.82982683182,34.3897514343,75.048034668]],"icov":[[0.000141894706758,0.000103421225504,0.000268731004326,0.000030768893339,0.000276726234006,-6.2352353325e-7,0.000249415257713,-0.0000766475786804,0.00022450000688,-0.000175698281964,0.000182883857633,-0.000125894643134,0.00010068010306],[0.000103421225504,0.000801700807642,0.000214350773604,-0.000159156639711,-0.0000103588718048,0.0000258985692199,-0.000272033503279,0.0000878738355823,-0.000365434563719,0.000219419511268,0.00000955650466494,-0.00000402221076001,-0.00031711786869],[0.000268731004326,0.000214350773604,0.00133835605811,-0.000251217075856,-0.000291253149044,-0.00010669882613,-0.0000664557228447,-0.000245001050644,0.000217296459596,0.000218443150516,-0.000262811314315,0.000605982204434,-0.00000915187956707],[0.000030768893339,-0.000159156639711,-0.000251217075856,0.0038039975334,-0.00203291280195,-0.000269848038442,0.000840966124088,-0.000497004424687,0.000359923520591,-0.000403805082897,0.00056911050342,-0.000497410597745,-0.000270369462669],[0.000276726234006,-0.0000103588718048,-0.000291253149044,-0.00203291280195,0.00677022431046,-0.00193984655198,0.00203886954114,-0.000130836328026,-0.00107683474198,0.000756879278924,-0.000782829534728,0.000125812381157,0.0000151436815941],[-6.2352353325e-7,0.0000258985692199,-0.00010669882613,-0.000269848038442,-0.00193984655198,0.0101545332,-0.0063161579892,0.00259200646542,-0.0000256270050158,-0.000777316978201,-0.00123916740995,0.000438660295913,0.000601718551479],[0.000249415257713,-0.000272033503279,-0.0000664557228447,0.000840966124088,0.00203886954114,-0.0063161579892,0.0115205505863,-0.00445505790412,0.000621569401119,0.000557248014957,0.00117872748524,-0.00182339071762,0.0000123855825223],[-0.0000766475786804,0.0000878738355823,-0.000245001050644,-0.000497004424687,-0.000130836328026,0.00259200646542,-0.00445505790412,0.0138272093609,-0.00313748768531,0.000367161846953,-0.00248036673293,0.00408022478223,-0.00372096663341],[0.00022450000688,-0.000365434563719,0.000217296459596,0.000359923520591,-0.00107683474198,-0.0000256270050158,0.000621569401119,-0.00313748768531,0.013376195915,-0.00611273990944,0.0043639014475,-0.00406756484881,0.00315128476359],[-0.000175698281964,0.000219419511268,0.000218443150516,-0.000403805082897,0.000756879278924,-0.000777316978201,0.000557248014957,0.000367161846953,-0.00611273990944,0.0171550456434,-0.00783582869917,0.00390357524157,-0.00118250469677],[0.000182883857633,0.00000955650466494,-0.000262811314315,0.00056911050342,-0.000782829534728,-0.00123916740995,0.00117872748524,-0.00248036673293,0.0043639014475,-0.00783582869917,0.0198752172291,-0.0069404435344,0.00197168905288],[-0.000125894643134,-0.00000402221076001,0.000605982204434,-0.000497410597745,0.000125812381157,0.000438660295913,-0.00182339071762,0.00408022478223,-0.00406756484881,0.00390357524157,-0.0069404435344,0.018401235342,-0.0085600046441],[0.00010068010306,-0.00031711786869,-0.00000915187956707,-0.000270369462669,0.0000151436815941,0.000601718551479,0.0000123855825223,-0.00372096663341,0.00315128476359,-0.00118250469677,0.00197168905288,-0.0085600046441,0.0183059182018]],"mean":[-740.613586426,127.465286255,25.0496063232,48.2344284058,14.9117908478,6.54620695114,-0.167922839522,3.80961036682,2.25979018211,4.53241825104,-2.77191305161,0.612803041935,-3.5697927475]},"pitch_salience":{"dmean":0.0692030787468,"dmean2":0.109197117388,"dvar":0.00479982886463,"dvar2":0.0119448509067,"max":0.95725941658,"mean":0.505598664284,"median":0.514121770859,"min":0.050020147115,"var":0.0161659680307},"silence_rate_20dB":{"dmean":0,"dmean2":0,"dvar":0,"dvar2":0,"max":1,"mean":1,"median":1,"min":1,"var":0},"silence_rate_30dB":{"dmean":0.0184491835535,"dmean2":0.0369003675878,"dvar":0.0181067381054,"dvar2":0.0506178438663,"max":1,"mean":0.989039599895,"median":1,"min":0,"var":0.0108410837129},"silence_rate_60dB":{"dmean":0.0276737753302,"dmean2":0.0553505532444,"dvar":0.0269051529467,"dvar2":0.0620446279645,"max":1,"mean":0.205263152719,"median":0,"min":0,"var":0.163136765361},"spectral_centroid":{"dmean":225.458999634,"dmean2":331.404510498,"dvar":85742.15625,"dvar2":171594.5,"max":11338.0029297,"mean":1121.18847656,"median":1026.59851074,"min":98.0482788086,"var":696475.5},"spectral_complexity":{"dmean":2.8202290535,"dmean2":4.31929683685,"dvar":15.8986701965,"dvar2":33.3630905151,"max":52,"mean":13.3888225555,"median":11,"min":0,"var":119.784820557},"spectral_contrast_coeffs":{"dmean":[0.0489763244987,0.0426959842443,0.0349165946245,0.0285298861563,0.0215331558138,0.0180640518665],"dmean2":[0.0784384459257,0.0695655569434,0.0558087863028,0.0452386960387,0.0339228697121,0.0283379200846],"dvar":[0.00225339527242,0.00136048486456,0.000941676087677,0.000677881122101,0.000385087681934,0.000414491223637],"dvar2":[0.00547062093392,0.00348917371593,0.00218923157081,0.00156526931096,0.00086975627346,0.000980510259978],"max":[-0.300912439823,-0.439166009426,-0.461160302162,-0.48275783658,-0.573034286499,-0.546938359737],"mean":[-0.650428771973,-0.747815668583,-0.785317957401,-0.798766314983,-0.806782007217,-0.778955638409],"median":[-0.66141730547,-0.756644845009,-0.800231993198,-0.813055813313,-0.804566085339,-0.766948103905],"min":[-0.972501218319,-0.975301504135,-0.977246701717,-0.97003775835,-0.975961446762,-0.964542925358],"var":[0.00727292895317,0.00501353247091,0.00616690563038,0.00648320233449,0.00371959106997,0.00353757687844]},"spectral_contrast_valleys":{"dmean":[0.398477673531,0.413915991783,0.417607396841,0.359213858843,0.299975693226,0.300351977348],"dmean2":[0.611626029015,0.6478536129,0.632146775723,0.537089407444,0.436264038086,0.401169747114],"dvar":[0.134971663356,0.16081520915,0.185673028231,0.148146614432,0.134171158075,0.182101860642],"dvar2":[0.27940261364,0.364673346281,0.391393721104,0.301150172949,0.262861549854,0.337934762239],"max":[-4.89967107773,-4.6338391304,-5.43419408798,-5.8112487793,-5.77160835266,-7.79237270355],"mean":[-7.40294790268,-7.62457036972,-8.70848178864,-8.97669029236,-8.53902435303,-11.2348365784],"median":[-7.32702827454,-7.12318611145,-8.09555625916,-8.23368644714,-7.68244361877,-10.8621749878],"min":[-27.6217727661,-27.5894584656,-27.4860954285,-27.5475730896,-27.3934555054,-27.3588428497],"var":[1.25000524521,2.6900177002,3.38807630539,3.59382295609,3.99665617943,3.40945792198]},"spectral_decrease":{"dmean":2.45753484229e-9,"dmean2":3.77845044142e-9,"dvar":2.28767816447e-17,"dvar2":4.9377537506e-17,"max":2.00921033416e-18,"mean":-5.2499009584e-9,"median":-2.95421598295e-9,"min":-5.03022832277e-8,"var":4.20152826384e-17},"spectral_energy":{"dmean":0.00950719509274,"dmean2":0.0146083012223,"dvar":0.000339182559401,"dvar2":0.00073442509165,"max":0.1951302737,"mean":0.0210650190711,"median":0.0120891984552,"min":1.03123678004e-20,"var":0.000647158245556},"spectral_energyband_high":{"dmean":0.000213755542063,"dmean2":0.000320960709359,"dvar":2.0755476271e-7,"dvar2":4.74360177805e-7,"max":0.00993432849646,"mean":0.000594783108681,"median":0.000124084763229,"min":7.36235335377e-21,"var":9.08581228032e-7},"spectral_energyband_low":{"dmean":0.00585366552696,"dmean2":0.00914936419576,"dvar":0.000182319112355,"dvar2":0.000389001186704,"max":0.148208096623,"mean":0.00949183106422,"median":0.00398193253204,"min":2.36642888779e-23,"var":0.000271738390438},"spectral_energyband_middle_high":{"dmean":0.000967048748862,"dmean2":0.00143297493923,"dvar":0.00000358827151103,"dvar2":0.00000744947828935,"max":0.0526187047362,"mean":0.00360443396494,"median":0.0010710535571,"min":1.24770118179e-21,"var":0.0000348661014868},"spectral_energyband_middle_low":{"dmean":0.00541624845937,"dmean2":0.00851066038013,"dvar":0.000142551405588,"dvar2":0.000346423970768,"max":0.12731744349,"mean":0.00896301027387,"median":0.00453288899735,"min":2.1255002597e-22,"var":0.000188477453776},"spectral_entropy":{"dmean":0.198321402073,"dmean2":0.28239735961,"dvar":0.0740029364824,"dvar2":0.141396045685,"max":9.8177947998,"mean":7.02369070053,"median":7.39934921265,"min":3.87676334381,"var":1.08093488216},"spectral_flux":{"dmean":0.0258452147245,"dmean2":0.0403759293258,"dvar":0.00144992081914,"dvar2":0.00303337094374,"max":0.376330405474,"mean":0.067689076066,"median":0.0480766966939,"min":6.62018703745e-11,"var":0.00412543024868},"spectral_kurtosis":{"dmean":3.30747914314,"dmean2":5.22666025162,"dvar":34.8393592834,"dvar2":76.6515960693,"max":160.446640015,"mean":10.7577753067,"median":3.98828625679,"min":-1.2357827425,"var":295.130371094},"spectral_rms":{"dmean":0.000800045323558,"dmean2":0.00118504883721,"dvar":0.00000157557849434,"dvar2":0.00000321661423186,"max":0.0137974992394,"mean":0.00384083553217,"median":0.00343428878114,"min":3.17188376259e-12,"var":0.00000579925290367},"spectral_rolloff":{"dmean":349.710174561,"dmean2":560.182495117,"dvar":477226.125,"dvar2":981565.25,"max":19143.0175781,"mean":1125.44836426,"median":473.73046875,"min":64.599609375,"var":2455408.75},"spectral_skewness":{"dmean":0.330270528793,"dmean2":0.501482069492,"dvar":0.217771053314,"dvar2":0.453336536884,"max":11.1635837555,"mean":2.10640525818,"median":1.42471790314,"min":-0.0331568941474,"var":2.70433831215},"spectral_spread":{"dmean":498906.875,"dmean2":700660.5,"dvar":480015319040,"dvar2":862902878208,"max":42856284,"mean":4100419.5,"median":3929711,"min":650651.9375,"var":3132660121600},"spectral_strongpeak":{"dmean":0.410183042288,"dmean2":0.704053759575,"dvar":1.05926012993,"dvar2":2.59664535522,"max":15.5913848877,"mean":0.766684353352,"median":0.278433531523,"min":0,"var":2.12790083885},"zerocrossingrate":{"dmean":0.00808881875128,"dmean2":0.00912080146372,"dvar":0.000116188159154,"dvar2":0.000147082828335,"max":0.5244140625,"mean":0.0455316305161,"median":0.03662109375,"min":0.001953125,"var":0.00185835117009}},"metadata":{"audio_properties":{"analysis_sample_rate":44100,"bit_rate":261010,"codec":"mp3","downmix":"mix","equal_loudness":0,"length":427.911834717,"lossless":false,"md5_encoded":"e502866600c0ea94ef080780886c7092","replay_gain":-4.63494491577},"tags":{"acoustid_id":["6b69b10f-bcc7-45e9-a611-b068f825fbe1"],"album":["Paranoid"],"albumartist":["Black Sabbath"],"artist":["Black Sabbath"],"date":["1987"],"discnumber":["1/1"],"file_name":"06 - Black Sabbath - Hand of Doom.mp3","musicbrainz_albumartistid":["5182c1d9-c7d2-4dad-afa0-ccfeada921a8"],"musicbrainz_albumid":["bb5ae596-020a-3f49-8f89-c3529f3b6365"],"musicbrainz_artistid":["5182c1d9-c7d2-4dad-afa0-ccfeada921a8"],"musicbrainz_recordingid":["5541020c-f657-44b8-958f-a5e2c2a42e11"],"musicbrainz_releasegroupid":["cc053745-c447-3566-8f27-bed5438c9133"],"replaygain_album_gain":["+0.04 dB"],"replaygain_album_peak":["0.406499"],"replaygain_track_gain":["+1.06 dB"],"replaygain_track_peak":["0.376604"],"title":["Hand of Doom"],"tracknumber":["6/8"]},"version":{"essentia":"2.1-beta1","essentia_build_sha":"46c2b6830b139c2e69ed9f3e0d9145e1b8fbae31","essentia_git_sha":"v2.1_beta1-6-g5578087","extractor":"music 1.0"}},"rhythm":{"beats_count":870,"beats_loudness":{"dmean":0.0234017670155,"dmean2":0.0413146354258,"dvar":0.000572954188101,"dvar2":0.00181263673585,"max":0.149397596717,"mean":0.0386199913919,"median":0.0341621823609,"min":3.87079313047e-10,"var":0.00115666538477},"beats_loudness_band_ratio":{"dmean":[0.195629552007,0.182760730386,0.0712355524302,0.0537056624889,0.0457736589015,0.0415955893695],"dmean2":[0.347814381123,0.339942336082,0.126340016723,0.0976430028677,0.0799955874681,0.0756231024861],"dvar":[0.0280230939388,0.0255792178214,0.00780500331894,0.00916323903948,0.00433265091851,0.00392650673166],"dvar2":[0.0834045410156,0.0842268541455,0.0221300050616,0.0261964779347,0.011698115617,0.0106678