{"lowlevel":{"average_loudness":0.934478402138,"barkbands":{"dmean":[0.0010735996766,0.0208874810487,0.00743660284206,0.00323609705083,0.00349178374745,0.000648458197247,0.00022191539756,0.000332806812366,0.000226104530157,0.000238951630308,0.0001732827659,0.000124614060041,0.000198290654225,0.000395864190068,0.000185373210115,0.000310107658152,0.000224117378821,0.000152381951921,0.000120784075989,0.000125176447909,0.0000977438903647,0.000106148218038,0.0000862515662448,0.0000510845966346,0.0000248486248893,0.0000111795870907,0.00000165618951087],"dmean2":[0.00183354003821,0.0369442254305,0.0127591695637,0.00560276955366,0.00616034911945,0.00103591114748,0.000360828766134,0.00050652975915,0.000354727468221,0.000356159638613,0.000272400735412,0.00019152922323,0.000303097622236,0.000619093480054,0.000298285944154,0.000494310050271,0.000363355706213,0.000249471399002,0.000206277443795,0.00020543289429,0.000164853554452,0.000169975552126,0.000133746492793,0.0000777006571298,0.0000371583882952,0.000016077357941,0.00000240639792537],"dvar":[0.00000385856583307,0.00137549533974,0.000198535446543,0.0000304991735902,0.0000501536742377,0.00000149693710227,2.12635200114e-7,4.65982822107e-7,3.74485637167e-7,3.73039256374e-7,3.00118443874e-7,1.53628704425e-7,2.67486456096e-7,8.86494717633e-7,1.87944650065e-7,5.240850669e-7,2.52165506254e-7,8.65288711793e-8,5.09521242975e-8,6.47624887051e-8,3.89649770227e-8,6.97786930459e-8,6.06494694466e-8,1.77842807147e-8,1.02725028484e-8,1.34790856254e-9,3.83967406481e-11],"dvar2":[0.0000103692918856,0.00391281582415,0.00051895348588,0.0000836528561194,0.000141320939292,0.0000036709525375,5.20114042502e-7,0.00000109911832169,9.03440081856e-7,7.54384700485e-7,7.09637674845e-7,3.17918221526e-7,6.20039656951e-7,0.00000215098248191,4.56595614651e-7,0.00000127269152017,6.10558458902e-7,2.22770964342e-7,1.41562850331e-7,1.62313128271e-7,1.05322875754e-7,1.77482334607e-7,1.35844658189e-7,3.95799126807e-8,2.46249509672e-8,3.2125375693e-9,8.35939373278e-11],"max":[0.0157578717917,0.215023517609,0.120930239558,0.0687410607934,0.0807889923453,0.0182461757213,0.0128168445081,0.0144972326234,0.0157598238438,0.0149997668341,0.0152074228972,0.0115817664191,0.0143320076168,0.0204386897385,0.0141402566805,0.0164330694824,0.016816791147,0.00802336353809,0.00481004407629,0.00568676553667,0.00313431373797,0.0048288074322,0.00567088741809,0.00369086605497,0.00376263959333,0.00159094866831,0.000418165698647],"mean":[0.000980597222224,0.0235753729939,0.0090438388288,0.00528548285365,0.0051195002161,0.00124803243671,0.000414316047681,0.000666411709972,0.000377302843845,0.000483601092128,0.000336995901307,0.000219328794628,0.000388217100408,0.000671754823998,0.000339170452207,0.000551092321984,0.000453466491308,0.00031183892861,0.000254091079114,0.000229150391533,0.000172320869751,0.000189723243238,0.000158822294907,0.000103416365164,0.0000435845686297,0.0000172334948729,0.00000217933984459],"median":[0.000346251152223,0.0103629101068,0.0042016915977,0.00361238094047,0.00328873912804,0.000498778943438,0.000155521993292,0.000278376566712,0.000102155820059,0.000131243883516,0.0000924726045923,0.0000559139371035,0.0000787970857345,0.0000824629314593,0.00011381036893,0.000175465160282,0.00015179257025,0.000105011597043,0.0000993324792944,0.000107494597614,0.0000868313436513,0.0000646493281238,0.0000560709959245,0.0000388543812733,0.00001764683293,0.00000717087505109,4.60735293473e-7],"min":[1.67566480828e-25,4.94515247251e-24,1.4335054645e-25,2.57207762881e-24,7.47492013832e-24,1.33203613022e-23,2.22753619924e-23,1.42877319639e-23,1.61250111003e-23,1.39574895455e-23,1.61189526486e-23,2.38867050546e-23,2.24448692683e-23,5.3683959908e-23,6.77190512784e-23,5.5786633941e-23,1.00574218146e-22,1.24530440779e-22,1.29196508857e-22,1.60091924355e-22,2.46875143627e-22,3.82578934537e-22,4.51898199628e-22,6.3462024619e-22,8.58230480705e-22,1.34581720207e-21,2.14052693661e-21],"var":[0.00000324087022818,0.00112413812894,0.000175559092895,0.0000351880189555,0.0000461393537989,0.00000347553077518,4.82299583382e-7,0.0000011787802805,7.09588277914e-7,0.00000131763977151,0.000001067640369,3.34208323238e-7,8.54166103181e-7,0.0000020627678623,4.42019995717e-7,0.00000129840339014,0.0000011658821677,2.75384394399e-7,1.22130813907e-7,1.30910876806e-7,6.17204207742e-8,1.12058252455e-7,1.16046940946e-7,4.13895726581e-8,1.39384850328e-8,1.79942616363e-9,8.0764769872e-11]},"barkbands_crest":{"dmean":2.92877602577,"dmean2":4.69188594818,"dvar":8.10581970215,"dvar2":18.7231025696,"max":26.7383308411,"mean":12.7517929077,"median":11.7879304886,"min":3.15983104706,"var":23.4934501648},"barkbands_flatness_db":{"dmean":0.0356890037656,"dmean2":0.0569693148136,"dvar":0.00171542132739,"dvar2":0.00410092994571,"max":0.564486086369,"mean":0.20015732944,"median":0.176733344793,"min":0.0369062162936,"var":0.00990334432572},"barkbands_kurtosis":{"dmean":16.1098613739,"dmean2":26.8178272247,"dvar":1282.99951172,"dvar2":3227.63818359,"max":682.187561035,"mean":22.8565711975,"median":7.58317995071,"min":-1.96793413162,"var":2471.87817383},"barkbands_skewness":{"dmean":1.1715426445,"dmean2":1.87027347088,"dvar":2.49580907822,"dvar2":6.3309803009,"max":24.314825058,"mean":3.17826414108,"median":2.58282208443,"min":-13.253112793,"var":6.96120166779},"barkbands_spread":{"dmean":5.62468862534,"dmean2":9.06653118134,"dvar":61.299079895,"dvar2":138.111206055,"max":150.31401062,"mean":17.0377559662,"median":13.3792743683,"min":0.276327222586,"var":261.461151123},"dissonance":{"dmean":0.0178413726389,"dmean2":0.0284246522933,"dvar":0.000528552453034,"dvar2":0.00131648173556,"max":0.5,"mean":0.457774043083,"median":0.469715982676,"min":0,"var":0.00153047963977},"dynamic_complexity":3.75860118866,"erbbands":{"dmean":[0.493138104677,5.14275598526,10.5642757416,7.89623594284,14.2734422684,10.4591884613,6.04032707214,6.33485555649,3.31878066063,5.25004053116,5.6168012619,5.21627902985,7.17824888229,5.19676828384,7.44181203842,4.60403347015,8.36341094971,16.173002243,14.4523363113,10.2105922699,13.4423894882,11.7697515488,8.75176906586,5.79422903061,6.17784500122,5.76975107193,4.33884096146,3.7161052227,3.76488184929,3.47892856598,2.29608464241,1.39056837559,0.707819104195,0.353263169527,0.143314063549,0.0610834062099,0.0184611268342,0.00297973444685,0.000287963979645,0.0000399971140723],"dmean2":[0.807124257088,9.1816740036,18.3153591156,13.5834856033,25.1593742371,18.2367191315,9.98237037659,9.92402076721,5.36129331589,8.26331520081,8.5432510376,8.12875461578,10.7463693619,7.9687538147,11.5639486313,6.98180007935,12.8176527023,25.1899795532,22.9548969269,16.4465694427,21.3647632599,19.0852508545,14.2897462845,9.76416110992,10.5416240692,9.49795436859,7.1768245697,6.29389667511,6.10059165955,5.41882705688,3.57351112366,2.1458337307,1.08227574825,0.533255338669,0.213782638311,0.0900991857052,0.0269678868353,0.00425856048241,0.000415875518229,0.000066676417191],"dvar":[0.45379820466,102.714881897,443.762512207,178.702484131,827.498168945,431.618591309,147.073196411,146.359603882,42.4612007141,104.42804718,183.532333374,201.574829102,386.126525879,168.448440552,502.151397705,162.803909302,490.283660889,1411.95507812,1264.21557617,498.462738037,889.044494629,666.722900391,289.489532471,110.763084412,137.495864868,148.464889526,73.2589187622,62.691242218,85.0270843506,95.3394012451,42.7884979248,14.8089866638,4.31569671631,2.32191348076,0.241790249944,0.0620953328907,0.00260748015717,0.000100309858681,0.00000100090403521,4.10940659279e-9],"dvar2":[1.13391268253,289.790466309,1157.8815918,496.561553955,2306.15966797,1205.51452637,393.668701172,341.172821045,103.248626709,252.359619141,427.780670166,489.102111816,798.982788086,383.095947266,1241.00866699,372.879547119,1154.96862793,3291.87768555,2941.85693359,1225.09448242,2144.7824707,1560.20361328,741.678955078,302.523193359,376.688751221,368.471862793,192.112915039,169.572494507,220.434967041,228.504562378,95.1478271484,32.8938293457,9.96566486359,5.68375301361,0.551918983459,0.154148966074,0.00589403510094,0.000190042424947,0.00000218235550165,1.05232089709e-8],"max":[5.54882240295,58.1808700562,153.471939087,164.721542358,356.22567749,255.063934326,186.958175659,209.687225342,143.930328369,207.49822998,353.366699219,493.209381104,567.849609375,544.106567383,775.219604492,445.607971191,640.851501465,819.25970459,1125.40124512,483.174530029,793.870727539,948.657226562,481.905914307,245.162796021,266.913360596,301.481048584,178.741622925,102.378707886,180.77935791,224.865386963,132.076553345,105.572113037,98.3844223022,66.5980911255,17.0039653778,12.0134057999,1.69664049149,0.877006053925,0.0653758272529,0.00198339228518],"mean":[0.609721064568,5.34216117859,11.6322164536,13.6759519577,19.8070487976,15.3025045395,11.373421669,12.9143800735,6.74137401581,10.696267128,11.3147335052,9.38232135773,14.4726781845,10.9903249741,16.4032440186,9.71072864532,17.4155349731,29.7260723114,28.3515033722,20.7165489197,27.4398784637,25.7193813324,19.2018852234,12.8756713867,12.5931186676,10.4965076447,8.24253940582,6.38010215759,6.65954065323,6.21790599823,4.22031879425,2.71932697296,1.35585176945,0.612383782864,0.24785579741,0.0963302999735,0.0277304276824,0.00430830521509,0.000402671284974,0.0000737435548217],"median":[0.2340015769,2.4464507103,5.40374326706,9.72414588928,11.7466926575,8.52735614777,6.03736448288,4.64189815521,3.37238025665,5.54438066483,4.81820964813,3.3088312149,4.09868717194,3.4645857811,4.75224781036,3.16039037704,3.86151695251,5.26012945175,7.47155570984,6.71254348755,9.61716270447,8.94419193268,6.71659851074,5.11630868912,4.78663158417,5.05464076996,4.43097686768,2.33070397377,2.08236765862,2.25797128677,1.42884087563,0.96209192276,0.517169177532,0.231695592403,0.112989887595,0.0426589995623,0.0108339395374,0.0012853750959,0.000115056514915,0.0000579570041737],"min":[1.1137836244e-22,7.00988111267e-22,6.51044153532e-22,7.84746004791e-21,3.05864216347e-20,2.49123762228e-20,4.74386271842e-20,1.32983061195e-19,3.01126856043e-19,4.20377271504e-19,4.17599728254e-19,4.44681337165e-19,5.32781914365e-19,5.39028317062e-19,9.66143439944e-19,1.44693710451e-18,1.13977578495e-18,2.62204198022e-18,2.20672617518e-18,3.28053647763e-18,4.02172690922e-18,6.3236022227e-18,7.60507125485e-18,6.31171026063e-18,7.1774172238e-18,9.27240019042e-18,1.12674911719e-17,1.07413538443e-17,1.2134532791e-17,1.07409187473e-17,1.15772355697e-17,1.06057003598e-17,1.05233479123e-17,9.67532152116e-18,5.44400937859e-18,4.68276788216e-18,2.46915687594e-18,1.04290197508e-18,2.86285814137e-19,2.99504909958e-20],"var":[0.646923720837,76.1254119873,353.06552124,200.48374939,747.483947754,490.351989746,263.206329346,420.191864014,102.647575378,249.657867432,459.464752197,416.257781982,1292.31347656,588.473205566,2463.63330078,419.854553223,1639.50476074,3346.49267578,3534.27978516,1387.31994629,2976.49243164,3439.03491211,1084.03283691,283.734161377,319.621643066,283.29888916,150.341552734,92.5473175049,133.905426025,158.685287476,83.0240402222,34.1414909363,7.58565330505,2.94542646408,0.366207003593,0.0697363391519,0.00412557320669,0.000248409516644,0.00000198746533897,5.10512254692e-9]},"erbbands_crest":{"dmean":2.52448248863,"dmean2":4.0614862442,"dvar":6.11517286301,"dvar2":15.2180843353,"max":31.0535354614,"mean":9.66628551483,"median":8.85185718536,"min":1.94163823128,"var":18.9537773132},"erbbands_flatness_db":{"dmean":0.0193890109658,"dmean2":0.0253898072988,"dvar":0.000596929807216,"dvar2":0.00100629602093,"max":0.403931081295,"mean":0.15086184442,"median":0.135338693857,"min":0.0199820511043,"var":0.00355213857256},"erbbands_kurtosis":{"dmean":1.40172564983,"dmean2":2.13319611549,"dvar":12.8618059158,"dvar2":25.1000785828,"max":111.852905273,"mean":2.25536727905,"median":-0.350290775299,"min":-1.93102693558,"var":130.525848389},"erbbands_skewness":{"dmean":0.40018260479,"dmean2":0.613618254662,"dvar":0.240435093641,"dvar2":0.527047157288,"max":8.32723712921,"mean":0.394749432802,"median":0.110528603196,"min":-5.3009262085,"var":1.96942925453},"erbbands_spread":{"dmean":11.6300601959,"dmean2":17.3011665344,"dvar":179.370635986,"dvar2":362.314422607,"max":184.732009888,"mean":51.8832397461,"median":49.3033866882,"min":1.20774149895,"var":726.302246094},"gfcc":{"cov":[[23906.0039062,-248.933120728,-3401.48754883,993.39050293,-1812.32275391,731.934082031,-839.876220703,366.330047607,-245.271682739,329.251861572,-366.163726807,18.1199893951,-318.799224854],[-248.933120728,1642.71801758,-157.591659546,-204.512054443,281.607574463,-261.456298828,142.478485107,-65.773651123,50.3369827271,-193.838272095,112.144142151,-99.8403549194,95.4017562866],[-3401.48754883,-157.591659546,1603.82092285,209.415496826,270.700653076,44.4978637695,179.789367676,-29.7673549652,35.1760177612,22.0930652618,61.8562164307,60.4861297607,8.67857551575],[993.39050293,-204.512054443,209.415496826,520.142883301,10.9045562744,56.1144714355,-30.1375141144,22.4752216339,35.522354126,33.0729904175,-26.3177146912,-10.0472259521,-15.9760875702],[-1812.32275391,281.607574463,270.700653076,10.9045562744,458.887481689,-38.6650886536,138.334732056,5.91611814499,65.5370941162,-33.0361595154,50.2081871033,-16.135433197,50.2485771179],[731.934082031,-261.456298828,44.4978637695,56.1144714355,-38.6650886536,315.297210693,89.7348861694,37.4984283447,-33.2989501953,51.5092735291,24.4611778259,24.5945587158,-25.5472145081],[-839.876220703,142.478485107,179.789367676,-30.1375141144,138.334732056,89.7348861694,275.656555176,65.5356750488,-8.32996559143,-21.2921009064,78.6094207764,1.11538887024,19.7705898285],[366.330047607,-65.773651123,-29.7673549652,22.4752216339,5.91611814499,37.4984283447,65.5356750488,166.430099487,55.69480896,30.6676464081,5.73945760727,0.568770647049,-9.86383152008],[-245.271682739,50.3369827271,35.1760177612,35.522354126,65.5370941162,-33.2989501953,-8.32996559143,55.69480896,151.058563232,44.351398468,-4.91325283051,-32.4074401855,-6.16302585602],[329.251861572,-193.838272095,22.0930652618,33.0729904175,-33.0361595154,51.5092735291,-21.2921009064,30.6676464081,44.351398468,136.660720825,14.8137311935,0.667064189911,-33.0513153076],[-366.163726807,112.144142151,61.8562164307,-26.3177146912,50.2081871033,24.4611778259,78.6094207764,5.73945760727,-4.91325283051,14.8137311935,113.981216431,33.9389839172,15.163523674],[18.1199893951,-99.8403549194,60.4861297607,-10.0472259521,-16.135433197,24.5945587158,1.11538887024,0.568770647049,-32.4074401855,0.667064189911,33.9389839172,116.63445282,41.7274513245],[-318.799224854,95.4017562866,8.67857551575,-15.9760875702,50.2485771179,-25.5472145081,19.7705898285,-9.86383152008,-6.16302585602,-33.0513153076,15.163523674,41.7274513245,91.3687744141]],"icov":[[0.000284034525976,-0.000618039281107,0.000470468250569,-0.000774453394115,0.000630548980553,-0.000810266006738,0.000566704489756,-0.000817230495159,0.000742854957934,-0.000901971012354,0.000972588837612,-0.000935385760386,0.000661683967337],[-0.000618039281107,0.00263293669559,-0.000845990667585,0.00188198825344,-0.00158934632782,0.00242833979428,-0.00158652802929,0.00225240760483,-0.00230828952044,0.00346402986906,-0.00380881107412,0.00345972948708,-0.0022072175052],[0.000470468250569,-0.000845990667585,0.00166506157257,-0.00163307681214,0.000647769658826,-0.00109885097481,0.000109688786324,-0.000620694248937,0.000830548116937,-0.00153327372391,0.00167580449488,-0.00229863938875,0.0015999720199],[-0.000774453394115,0.00188198825344,-0.00163307681214,0.00438090693206,-0.00182233611122,0.00171537557617,-0.000847539282404,0.0018319033552,-0.00234583579004,0.00262820650823,-0.00262775691226,0.00319494912401,-0.00211364962161],[0.000630548980553,-0.00158934632782,0.000647769658826,-0.00182233611122,0.00487080728635,-0.00149882363621,-0.000212865037611,-0.00116549967788,0.0000300387237075,-0.00164804386441,0.00185084843542,-0.0015061913291,0.0000884214678081],[-0.000810266006738,0.00242833979428,-0.00109885097481,0.00171537557617,-0.00149882363621,0.00720786070451,-0.00405503762886,0.00255622738041,-0.0012883557938,0.00135259178933,-0.00293139461428,0.00207488448359,-0.00102402619086],[0.000566704489756,-0.00158652802929,0.000109688786324,-0.000847539282404,-0.000212865037611,-0.00405503762886,0.00953517761081,-0.00567719712853,0.00358364079148,-0.000119488933706,-0.0022811065428,0.000857860606629,-0.0000323245294567],[-0.000817230495159,0.00225240760483,-0.000620694248937,0.0018319033552,-0.00116549967788,0.00255622738041,-0.00567719712853,0.0118383085355,-0.00653160410002,0.00214195414446,-0.00146738009062,0.000679331307765,-0.000694296846632],[0.000742854957934,-0.00230828952044,0.000830548116937,-0.00234583579004,0.0000300387237075,-0.0012883557938,0.00358364079148,-0.00653160410002,0.0133878504857,-0.00666500814259,0.00309365731664,0.000215292297071,0.000536054256372],[-0.000901971012354,0.00346402986906,-0.00153327372391,0.00262820650823,-0.00164804386441,0.00135259178933,-0.000119488933706,0.00214195414446,-0.00666500814259,0.0156430806965,-0.00796535797417,0.00393989216536,0.000114469519758],[0.000972588837612,-0.00380881107412,0.00167580449488,-0.00262775691226,0.00185084843542,-0.00293139461428,-0.0022811065428,-0.00146738009062,0.00309365731664,-0.00796535797417,0.0191178657115,-0.00962023064494,0.00379747431725],[-0.000935385760386,0.00345972948708,-0.00229863938875,0.00319494912401,-0.0015061913291,0.00207488448359,0.000857860606629,0.000679331307765,0.000215292297071,0.00393989216536,-0.00962023064494,0.0190760269761,-0.0104785561562],[0.000661683967337,-0.0022072175052,0.0015999720199,-0.00211364962161,0.0000884214678081,-0.00102402619086,-0.0000323245294567,-0.000694296846632,0.000536054256372,0.000114469519758,0.00379747431725,-0.0104785561562,0.018866373226]],"mean":[-33.7904281616,99.7674026489,-85.5673141479,56.6610794067,-36.7220611572,17.5442562103,-32.9483146667,5.03893327713,-17.9737262726,-2.74203133583,-16.0340919495,-3.2531888485,-10.325299263]},"hfc":{"dmean":5.63385915756,"dmean2":9.02857398987,"dvar":77.2904129028,"dvar2":195.631988525,"max":114.688285828,"mean":18.7894992828,"median":13.5066461563,"min":1.11801691888e-16,"var":287.814117432},"melbands":{"dmean":[0.00500953290612,0.00612988648936,0.00159151502885,0.000886872410774,0.000255125341937,0.000130552929477,0.0000487424731546,0.0000639884819975,0.0000432810411439,0.0000344725158357,0.0000367694083252,0.000023025648261,0.000023386637622,0.0000164940647664,0.0000137556880873,0.0000216137505049,0.0000355170377588,0.0000280073400063,0.0000122578467199,0.0000245560331678,0.00001468845403,0.0000143387433127,0.0000105363260445,0.00000664985645926,0.0000049898017096,0.0000049811160352,0.00000474422222396,0.00000396552013626,0.00000311446069645,0.00000248050514529,0.00000219778166866,0.00000230426121561,0.00000216761031879,0.00000197999111151,0.00000147515163462,0.00000109593395337,8.0047038864e-7,5.58330611966e-7,3.92787796955e-7,2.77280435057e-7],"dmean2":[0.00870829075575,0.0107723567635,0.00273666460998,0.0015703617828,0.000422676297603,0.000205340751563,0.0000789230543887,0.0000997566094156,0.0000657873533783,0.0000537121923117,0.0000549433898414,0.0000350402588083,0.0000363982617273,0.0000250219636655,0.0000208172496059,0.0000331638184434,0.0000554108628421,0.0000445341029263,0.0000196962391783,0.0000390368877561,0.0000233774098888,0.000023146138119,0.0000171181382029,0.0000108668800749,0.0000084497678472,0.00000851852200867,0.00000799881399871,0.00000651172240396,0.00000509354322276,0.00000421734193878,0.00000373762122763,0.00000377782498617,0.00000345074022334,0.0000031184265481,0.00000232624097407,0.00000172336331161,0.00000125285032482,8.70575490808e-7,6.08212417319e-7,4.2349122964e-7],"dvar":[0.0000607951551501,0.000152184235048,0.00000694392429068,0.00000336136736223,2.32454837601e-7,6.07470553859e-8,9.37898469999e-9,1.53276218384e-8,1.08680069388e-8,9.24756271559e-9,1.00553130267e-8,3.52798124048e-9,5.30349764105e-9,2.41363129483e-9,1.33482669362e-9,3.56400997603e-9,7.21909376722e-9,5.4684732298e-9,8.36953562011e-10,3.73594888359e-9,1.2622544121e-9,1.22928167645e-9,4.75738615169e-10,1.49740012056e-10,8.6682334921e-11,8.86354600826e-11,9.81632136687e-11,7.66796626195e-11,3.93999312343e-11,2.7199211633e-11,2.20852971328e-11,3.00755843841e-11,3.48186895982e-11,3.33952795972e-11,1.69756309704e-11,1.10702211287e-11,4.76529319476e-12,2.67522961249e-12,2.06387944929e-12,1.5829323529e-12],"dvar2":[0.00017198023852,0.000407330604503,0.0000191879498743,0.00000946734417084,6.28381712886e-7,1.43374876416e-7,2.26391652092e-8,3.65689416526e-8,2.50024054793e-8,2.23601333005e-8,2.08041512906e-8,7.66085417325e-9,1.25675088114e-8,5.20758547395e-9,2.95764013281e-9,8.35991276205e-9,1.69173848263e-8,1.28090782425e-8,2.0245105592e-9,8.91941454029e-9,2.87513257646e-9,2.86807777528e-9,1.1903318331e-9,3.86110560191e-10,2.37164482497e-10,2.45464676363e-10,2.54337884087e-10,1.89692608843e-10,9.9209106208e-11,7.41085248723e-11,5.97967231286e-11,7.89134521617e-11,8.69631450184e-11,8.1685498643e-11,3.87910779887e-11,2.42916572274e-11,1.11063901131e-11,6.18231073973e-12,5.16234017339e-12,3.82423303094e-12],"max":[0.0452454015613,0.0736390426755,0.0292508732527,0.0209761187434,0.00702765583992,0.00405762018636,0.00231601111591,0.00260240375064,0.0026204099413,0.00312157138251,0.00275639467873,0.00213062320836,0.00224947463721,0.00167032424361,0.00169436389115,0.00162254762836,0.00188392982818,0.00217715278268,0.000974147347733,0.00156014331151,0.00116793252528,0.00135548459366,0.000521188194398,0.000210022335523,0.000219593071961,0.000238779990468,0.000256639759755,0.000239543995121,0.000172410756932,0.0000850377982715,0.0000638657147647,0.000105010178231,0.000113430534839,0.000150199077325,0.0000861827429617,0.0000914451593417,0.0000674075854477,0.0000877771526575,0.0000479457048641,0.000059096077166],"mean":[0.00594637356699,0.00676777027547,0.00274380692281,0.00123570370488,0.000485727476189,0.000262089917669,0.0000964844439295,0.000128701110953,0.0000834858947201,0.0000587001413805,0.0000730653191567,0.000045105953177,0.0000477502508147,0.0000339393045579,0.0000266628449026,0.0000399725176976,0.0000606872927165,0.0000506520736963,0.0000223148454097,0.0000410546490457,0.000028707076126,0.0000281480552076,0.0000208389719774,0.0000135040163514,0.00000994426682155,0.0000095626237453,0.00000842081772134,0.0000066335765041,0.00000562479408472,0.00000402173827752,0.00000355792212758,0.00000384799614039,0.00000359154341822,0.00000340592737302,0.00000254289648183,0.00000199992950911,0.00000149065385813,0.00000101935211205,6.73799092965e-7,4.55352562767e-7],"median":[0.00245507224463,0.00346700614318,0.00202469504438,0.000753998814616,0.00026111639454,0.0000994238871499,0.000045192467951,0.0000638765195617,0.0000327786547132,0.0000182683743333,0.0000195017873921,0.0000117694153232,0.0000134198480737,0.0000111812760224,0.0000057125848798,0.00000842810550239,0.00000863667992235,0.000010857671441,0.00000682884092384,0.0000119211654237,0.00000971363533608,0.00000905465640244,0.00000690039814799,0.00000460176124761,0.0000036106321204,0.00000327746329276,0.0000030873684409,0.00000302125476992,0.00000280632184513,0.00000176298647148,0.00000115842692594,0.00000115404907319,0.00000111574286166,0.00000124070015772,8.54259042171e-7,6.64075400891e-7,5.24288111592e-7,3.61146362593e-7,2.62981075139e-7,1.62430779937e-7],"min":[1.7706414919e-24,1.70952330998e-24,1.33145984761e-24,2.39275771214e-24,1.6146158489e-24,2.93787361386e-24,4.56903424252e-24,4.9648475683e-24,2.71615025416e-24,2.47691891554e-24,2.34081654635e-24,1.65047588793e-24,2.00538283147e-24,2.62027722734e-24,3.57273565696e-24,3.11253432081e-24,3.73849111036e-24,2.60708688136e-24,3.95514899697e-24,3.41292663706e-24,3.85604597917e-24,4.99912041919e-24,5.37184378627e-24,5.23311825735e-24,4.96729382597e-24,5.15657192828e-24,5.36797284581e-24,4.09132058871e-24,6.72939136262e-24,5.7165195983e-24,5.98643703449e-24,5.28844028378e-24,6.63927504825e-24,4.99417899448e-24,5.16255188837e-24,6.07215150501e-24,6.48270785224e-24,6.41382885673e-24,7.28437315325e-24,6.84148297523e-24],"var":[0.0000601377760177,0.000116225448437,0.00000750396520743,0.00000291446940537,4.24322962544e-7,1.65543823982e-7,2.2729157223e-8,3.76655044931e-8,2.64566217822e-8,1.79222503505e-8,3.41770984846e-8,1.15387974731e-8,2.12803339394e-8,7.48977591059e-9,4.42276482104e-9,9.81554837409e-9,1.60595945431e-8,1.40657068215e-8,1.99115435251e-9,8.07509614731e-9,3.97623534099e-9,5.43791145446e-9,1.65031133204e-9,4.43890424418e-10,1.88004709023e-10,1.96195754087e-10,1.9051976663e-10,1.34502173288e-10,8.69384633728e-11,3.86133486296e-11,3.1711848425e-11,4.60431380522e-11,5.29503732527e-11,5.1979625465e-11,3.02484877424e-11,2.3343434824e-11,9.93599647003e-12,4.55619656586e-12,2.67167451357e-12,1.96531397927e-12]},"melbands_crest":{"dmean":3.70524001122,"dmean2":5.99102401733,"dvar":11.8547477722,"dvar2":26.9357261658,"max":37.6501731873,"mean":18.2522258759,"median":17.4949474335,"min":1.64911794662,"var":32.8271179199},"melbands_flatness_db":{"dmean":0.0420247279108,"dmean2":0.0669749602675,"dvar":0.00240413099527,"dvar2":0.00557907531038,"max":0.728640258312,"mean":0.292776703835,"median":0.264465928078,"min":0.00408643158153,"var":0.0149463862181},"melbands_kurtosis":{"dmean":40.1177825928,"dmean2":65.3343811035,"dvar":12024.9902344,"dvar2":29217.4101562,"max":2676.79272461,"mean":63.3965110779,"median":25.5860481262,"min":-1.66967105865,"var":21540.9316406},"melbands_skewness":{"dmean":1.53405821323,"dmean2":2.40043234825,"dvar":4.23361539841,"dvar2":9.70119190216,"max":38.9503250122,"mean":5.08173894882,"median":4.27781581879,"min":-2.47271466255,"var":13.2526712418},"melbands_spread":{"dmean":4.86951160431,"dmean2":7.81832933426,"dvar":43.1758041382,"dvar2":104.352653503,"max":148.68862915,"mean":12.7326221466,"median":9.03810691833,"min":0.115252994001,"var":171.097076416},"mfcc":{"cov":[[16793.4140625,-741.194458008,-1407.35681152,-179.785140991,-558.010437012,16.006526947,-500.317260742,-130.720932007,-256.894866943,177.493621826,38.7368965149,-145.22895813,-176.119384766],[-741.194458008,1617.84277344,-53.3124389648,131.035125732,129.111740112,-88.9469909668,91.9273757935,69.7167816162,9.41330528259,-8.43694591522,-36.5466995239,30.0681648254,9.15467739105],[-1407.35681152,-53.3124389648,937.32019043,221.583740234,98.8772964478,140.159240723,92.8384399414,44.9007835388,27.7527732849,-29.4304847717,15.8471765518,54.9231567383,51.2642211914],[-179.785140991,131.035125732,221.583740234,429.720550537,170.089141846,24.6145896912,9.65264892578,26.8070716858,51.6786651611,-5.23917245865,-5.31029176712,40.3605461121,16.9104156494],[-558.010437012,129.111740112,98.8772964478,170.089141846,255.947128296,57.4061508179,3.42310237885,19.5801563263,60.6924171448,4.04760885239,5.4179520607,22.5650939941,17.364780426],[16.006526947,-88.9469909668,140.159240723,24.6145896912,57.4061508179,210.98286438,102.799179077,21.9099159241,5.96413230896,16.3530216217,29.1192951202,1.22827458382,10.2438735962],[-500.317260742,91.9273757935,92.8384399414,9.65264892578,3.42310237885,102.799179077,269.188171387,111.532180786,7.85005140305,32.7773284912,35.4755020142,12.3698444366,11.5346536636],[-130.720932007,69.7167816162,44.9007835388,26.8070716858,19.5801563263,21.9099159241,111.532180786,161.218917847,42.6489334106,20.0667037964,13.4117450714,18.6857280731,10.8245153427],[-256.894866943,9.41330528259,27.7527732849,51.6786651611,60.6924171448,5.96413230896,7.85005140305,42.6489334106,121.614906311,42.2785453796,11.1757669449,15.5774593353,10.5300941467],[177.493621826,-8.43694591522,-29.4304847717,-5.23917245865,4.04760885239,16.3530216217,32.7773284912,20.0667037964,42.2785453796,158.283203125,72.743522644,6.81237602234,-5.78054857254],[38.7368965149,-36.5466995239,15.8471765518,-5.31029176712,5.4179520607,29.1192951202,35.4755020142,13.4117450714,11.1757669449,72.743522644,124.237670898,36.3464279175,-8.5994758606],[-145.22895813,30.0681648254,54.9231567383,40.3605461121,22.5650939941,1.22827458382,12.3698444366,18.6857280731,15.5774593353,6.81237602234,36.3464279175,113.801628113,41.3664245605],[-176.119384766,9.15467739105,51.2642211914,16.9104156494,17.364780426,10.2438735962,11.5346536636,10.8245153427,10.5300941467,-5.78054857254,-8.5994758606,41.3664245605,94.6129150391]],"icov":[[0.0000947485532379,0.0000113190653792,0.000160196330398,-0.000161624368047,0.000274101010291,-0.000300875282846,0.000329385715304,-0.000206507538678,0.000209591104067,-0.000157458518515,0.00000839761833049,0.00000532379726792,0.0000485919481434],[0.0000113190653792,0.000747380661778,0.0000879776489455,-0.000105878025352,-0.000502813025378,0.000598873186391,-0.000481741823023,-0.0000835218088469,0.00030280277133,-0.000123894511489,0.000341009377735,-0.000206344629987,0.0000956803778536],[0.000160196330398,0.0000879776489455,0.00168449629564,-0.000967900734395,0.000593685312197,-0.0012675144244,0.000383139384212,-0.000407409941545,0.000247021351242,0.000205395597732,-0.000174174914719,-0.000229767392739,-0.000352170260157],[-0.000161624368047,-0.000105878025352,-0.000967900734395,0.00389378238469,-0.00258257170208,0.00103738845792,-0.000611883297097,0.000301758322166,-0.000621580169536,0.000123054807773,0.000580838473979,-0.000840804364998,0.000436729809735],[0.000274101010291,-0.000502813025378,0.000593685312197,-0.00258257170208,0.00745032401755,-0.00316508277319,0.00207336968742,-0.000675722199958,-0.0018868240295,0.000215100953938,-0.000534854130819,0.00010645785369,-0.000373395596398],[-0.000300875282846,0.000598873186391,-0.0012675144244,0.00103738845792,-0.00316508277319,0.00864417944103,-0.00435967883095,0.00191287253983,-0.000196519002202,0.000426670303568,-0.000910217058845,0.000901486433577,-0.000587946677115],[0.000329385715304,-0.000481741823023,0.000383139384212,-0.000611883297097,0.00207336968742,-0.00435967883095,0.00841100420803,-0.00530944904312,0.00186053500511,-0.00115667446516,-0.000828134885523,0.000350919173798,-0.000271398312179],[-0.000206507538678,-0.0000835218088469,-0.000407409941545,0.000301758322166,-0.000675722199958,0.00191287253983,-0.00530944904312,0.0106137543917,-0.00374761060812,0.000660066551063,0.00023675779812,-0.000794121413492,-0.0000334628857672],[0.000209591104067,0.00030280277133,0.000247021351242,-0.000621580169536,-0.0018868240295,-0.000196519002202,0.00186053500511,-0.00374761060812,0.0123533084989,-0.00393350422382,0.0013470412232,-0.00070737360511,-0.000275885075098],[-0.000157458518515,-0.000123894511489,0.000205395597732,0.000123054807773,0.000215100953938,0.000426670303568,-0.00115667446516,0.000660066551063,-0.00393350422382,0.0104272961617,-0.00618886295706,0.00180923426524,-0.000713258923497],[0.00000839761833049,0.000341009377735,-0.000174174914719,0.000580838473979,-0.000534854130819,-0.000910217058845,-0.000828134885523,0.00023675779812,0.0013470412232,-0.00618886295706,0.0140094812959,-0.00556686939672,0.00342301349156],[0.00000532379726792,-0.000206344629987,-0.000229767392739,-0.000840804364998,0.00010645785369,0.000901486433577,0.000350919173798,-0.000794121413492,-0.00070737360511,0.00180923426524,-0.00556686939672,0.0132152764127,-0.00585908442736],[0.0000485919481434,0.0000956803778536,-0.000352170260157,0.000436729809735,-0.000373395596398,-0.000587946677115,-0.000271398312179,-0.0000334628857672,-0.000275885075098,-0.000713258923497,0.00342301349156,-0.00585908442736,0.0137923825532]],"mean":[-676.506958008,119.884635925,20.8426570892,44.4351921082,22.9423923492,18.1884994507,3.03675675392,10.1270456314,2.53801488876,5.76592159271,-2.9354596138,0.0590435639024,-1.96758973598]},"pitch_salience":{"dmean":0.0902789011598,"dmean2":0.150535702705,"dvar":0.00838927924633,"dvar2":0.0220913346857,"max":0.939228594303,"mean":0.47956776619,"median":0.496946007013,"min":0.0351826697588,"var":0.0198047440499},"silence_rate_20dB":{"dmean":0,"dmean2":0,"dvar":0,"dvar2":0,"max":1,"mean":1,"median":1,"min":1,"var":0},"silence_rate_30dB":{"dmean":0.134788796306,"dmean2":0.269603192806,"dvar":0.116629108787,"dvar2":0.24874471128,"max":1,"mean":0.884965837002,"median":1,"min":0,"var":0.101802699268},"silence_rate_60dB":{"dmean":0.00170859042555,"dmean2":0.00341750518419,"dvar":0.00170635897666,"dvar2":0.00473462883383,"max":1,"mean":0.0529612749815,"median":0,"min":0,"var":0.0501589477062},"spectral_centroid":{"dmean":241.124801636,"dmean2":394.464416504,"dvar":98482.7734375,"dvar2":239327.265625,"max":11760.0771484,"mean":1053.41308594,"median":940.033447266,"min":111.750099182,"var":616408.5625},"spectral_complexity":{"dmean":3.1565258503,"dmean2":5.1473326683,"dvar":18.3455276489,"dvar2":45.5020637512,"max":62,"mean":16.5352134705,"median":12,"min":0,"var":166.42868042},"spectral_contrast_coeffs":{"dmean":[0.0489321835339,0.0464880429208,0.0408077128232,0.0339967012405,0.0239853356034,0.0195613875985],"dmean2":[0.0780791267753,0.0741118714213,0.063577234745,0.0522270835936,0.0375847779214,0.0312851704657],"dvar":[0.00189553410746,0.00156604044605,0.00138881988823,0.000867779250257,0.000531995145138,0.000426229380537],"dvar2":[0.00480629736558,0.00375472102314,0.00313742738217,0.00190572498832,0.00117362593301,0.00104478176218],"max":[-0.307459205389,-0.416917026043,-0.461197376251,-0.502205193043,-0.559289932251,-0.624050676823],"mean":[-0.626939892769,-0.720596253872,-0.768014252186,-0.772627174854,-0.796150267124,-0.770641863346],"median":[-0.62809920311,-0.731217265129,-0.781387865543,-0.772332072258,-0.799850821495,-0.762769818306],"min":[-0.976201653481,-0.98556292057,-0.973157823086,-0.971346855164,-0.965730011463,-0.963596284389],"var":[0.00682744616643,0.00817005243152,0.0076665347442,0.00538982311264,0.00274508120492,0.00235291384161]},"spectral_contrast_valleys":{"dmean":[0.411144673824,0.425223946571,0.433933913708,0.402970016003,0.381295710802,0.37887904048],"dmean2":[0.660692155361,0.649744570255,0.660807132721,0.576803326607,0.541482150555,0.472099423409],"dvar":[0.173720598221,0.183289915323,0.225292503834,0.197244629264,0.255463272333,0.286188364029],"dvar2":[0.4008667171,0.379716455936,0.472486495972,0.377467662096,0.506797790527,0.50066447258],"max":[-4.74431705475,-4.7594332695,-5.62609291077,-5.97053956985,-5.60858535767,-7.60598421097],"mean":[-6.85521221161,-7.59844207764,-8.28269386292,-8.33763980865,-8.00291061401,-10.4799137115],"median":[-6.49002122879,-7.28275299072,-7.99070453644,-8.07107257843,-7.56043815613,-9.95787239075],"min":[-28.0939292908,-27.874382019,-27.6461048126,-27.579668045,-27.421421051,-27.3943920135],"var":[2.85818982124,3.1608376503,3.29583501816,3.41632151604,3.52503585815,3.16288757324]},"spectral_decrease":{"dmean":7.94889221112e-9,"dmean2":1.39247751108e-8,"dvar":1.61127305613e-16,"dvar2":4.39557742401e-16,"max":3.64378623777e-15,"mean":-1.32298900724e-8,"median":-1.00610169085e-8,"min":-7.82214186756e-8,"var":1.47601208531e-16},"spectral_energy":{"dmean":0.0303313490003,"dmean2":0.0530865602195,"dvar":0.00232936278917,"dvar2":0.00634907232597,"max":0.299790978432,"mean":0.0516367517412,"median":0.0396205335855,"min":1.00840223305e-20,"var":0.00216868519783},"spectral_energyband_high":{"dmean":0.00036170356907,"dmean2":0.000552950135898,"dvar":6.50921094802e-7,"dvar2":0.00000158294596986,"max":0.0128604415804,"mean":0.000805898976978,"median":0.000385768304113,"min":7.28275741465e-21,"var":0.0000013997807855},"spectral_energyband_low":{"dmean":0.0274896975607,"dmean2":0.0484224595129,"dvar":0.00227939430624,"dvar2":0.0062925000675,"max":0.276703804731,"mean":0.0357843376696,"median":0.0218052472919,"min":1.53392456853e-23,"var":0.00191330944654},"spectral_energyband_middle_high":{"dmean":0.00109403231181,"dmean2":0.00176853965968,"dvar":0.00000290021694127,"dvar2":0.00000745774559618,"max":0.0315251015127,"mean":0.00403603259474,"median":0.00193657609634,"min":1.24391858744e-21,"var":0.0000241237976297},"spectral_energyband_middle_low":{"dmean":0.00650534266606,"dmean2":0.0113286757842,"dvar":0.000133719164296,"dvar2":0.000368108565453,"max":0.128054603934,"mean":0.0132946325466,"median":0.0104771908373,"min":1.89617422937e-22,"var":0.000153217770276},"spectral_entropy":{"dmean":0.230772212148,"dmean2":0.328937411308,"dvar":0.104131527245,"dvar2":0.19687525928,"max":9.81711769104,"mean":7.29021406174,"median":7.52821350098,"min":3.99263381958,"var":0.664162397385},"spectral_flux":{"dmean":0.0546876974404,"dmean2":0.085018850863,"dvar":0.00436646863818,"dvar2":0.00862827058882,"max":0.475148111582,"mean":0.116823710501,"median":0.0950303375721,"min":6.54526641219e-11,"var":0.00789352040738},"spectral_kurtosis":{"dmean":2.43013381958,"dmean2":3.62578940392,"dvar":37.9494400024,"dvar2":75.7378082275,"max":143.685211182,"mean":5.88537979126,"median":3.04579401016,"min":-1.24794304371,"var":106.27053833},"spectral_rms":{"dmean":0.00177156098653,"dmean2":0.0029985262081,"dvar":0.00000571304417463,"dvar2":0.0000151081021613,"max":0.0171020179987,"mean":0.00645297300071,"median":0.00621724873781,"min":3.13656977995e-12,"var":0.00000873636508913},"spectral_rolloff":{"dmean":348.352752686,"dmean2":605.513366699,"dvar":825972.6875,"dvar2":1769777.375,"max":21899.2675781,"mean":977.950561523,"median":344.53125,"min":64.599609375,"var":6010395},"spectral_skewness":{"dmean":0.287570416927,"dmean2":0.427970081568,"dvar":0.232238665223,"dvar2":0.459010988474,"max":9.84422969818,"mean":1.62719035149,"median":1.33929657936,"min":-0.229503318667,"var":0.970697164536},"spectral_spread":{"dmean":609949.0625,"dmean2":800855.8125,"dvar":677067489280,"dvar2":1150543593470,"max":41855536,"mean":4993276,"median":4617708,"min":672242.5,"var":7553237385220},"spectral_strongpeak":{"dmean":0.281340003014,"dmean2":0.492079645395,"dvar":0.233709648252,"dvar2":0.654932141304,"max":9.92985153198,"mean":0.515459656715,"median":0.41737395525,"min":0,"var":0.219538584352},"zerocrossingrate":{"dmean":0.00885719433427,"dmean2":0.0110643403605,"dvar":0.000150215855683,"dvar2":0.000192875464563,"max":0.89501953125,"mean":0.0443363636732,"median":0.0341796875,"min":0.001953125,"var":0.00397888245061}},"metadata":{"audio_properties":{"analysis_sample_rate":44100,"bit_rate":0,"codec":"flac","downmix":"mix","equal_loudness":0,"length":244.600006104,"lossless":true,"md5_encoded":"e6957a7f8015e74a133454318f282e41","replay_gain":-13.4854431152,"sample_rate":44100},"tags":{"acoustid_id":["1e0a0b9b-c601-4324-9bd4-885a9b5c73f2"],"album":["Battle for the Sun"],"album artist":["Placebo"],"albumartist":["Placebo"],"albumartistsort":["Placebo"],"artist":["Placebo"],"artistsort":["Placebo"],"asin":["B0027UMET6"],"barcode":["827565050826"],"catalognumber":["BATTLE01BS"],"composer":["Bill Lloyd","Steve Forrest","Stefan Olsdal","Brian Molko"],"date":["2009-06-08"],"disc":["1"],"discnumber":["1"],"disctotal":["1"],"engineer":["James Brown","Kevin Dietz"],"ensemble":["Placebo"],"file_name":"14. Placebo - Unisex.flac","genre":["Alternative Rock"],"isrc":["JEA000900015"],"label":["Dreambrother"],"lyricist":["Bill Lloyd","Steve Forrest","Stefan Olsdal","Brian Molko"],"media":["CD"],"mixer":["Alan Moulder","Darren Lawson"],"musicbrainz_albumartistid":["847e8284-8582-4b0e-9c26-b042a4f49e57"],"musicbrainz_albumid":["5edd824e-2cbe-4d22-afb2-08818b175d68"],"musicbrainz_artistid":["847e8284-8582-4b0e-9c26-b042a4f49e57"],"musicbrainz_recordingid":["5544af9f-53c5-4f6d-8b38-54592fc922dd"],"musicbrainz_workid":["cc9af384-fc42-3090-b602-04d6dec5bca5"],"originaldate":["2009-06-08"],"producer":["David Bottrill"],"releasecountry":["FR"],"releasestatus":["official"],"releasetype":["album"],"replaygain_album_gain":["-9.690000 dB"],"replaygain_track_gain":["-8.400000 dB"],"replaygain_track_peak":["0.993652"],"script":["Latn"],"title":["Unisex"],"totaldiscs":["1"],"totaltracks":["15"],"tracknumber":["14"],"tracktotal":["15"],"year":["2009"]},"version":{"essentia":"2.1-beta1","essentia_build_sha":"ca57ba49d9b1854bd80e60cf9ccf267278fb7d6b","essentia_git_sha":"v2.1_beta1-28-g21ef5f4-dirty","extractor":"music 1.0"}},"rhythm":{"beats_count":554,"beats_loudness":{"dmean":0.