{"lowlevel":{"average_loudness":0.951010346413,"barkbands":{"dmean":[0.00000683875896357,0.0012502647005,0.00156673579477,0.000790617312305,0.00283651589416,0.00128390232567,0.000861070700921,0.000760431750678,0.000338737532729,0.000109568303742,0.000102595222415,0.000143684112118,0.000252085999819,0.000252750032814,0.000269215932349,0.000183991884114,0.000264875183348,0.00015005772002,0.000183170806849,0.000162572338013,0.0000964091159403,0.0000846609837026,0.0000575689664402,0.0000494738997077,0.0000215277541429,0.00000443179760623,3.76265234081e-7],"dmean2":[0.0000116507853818,0.00200844439678,0.00246877898462,0.00133608817123,0.00462090363726,0.00202085846104,0.00131400395185,0.00108953507151,0.00043654703768,0.000144444857142,0.000139825642691,0.000207937482628,0.000328520924086,0.000367823726265,0.000380443088943,0.000276319740806,0.000393150781747,0.000225382187637,0.000275308208074,0.00023924522975,0.000141202050145,0.000121111988847,0.0000835905229906,0.0000688369982527,0.0000301042528008,0.00000631737475487,5.53892448352e-7],"dvar":[2.40190728418e-10,0.00000526018220626,0.00000692059802532,0.00000145361752857,0.0000146662951011,0.00000431363423559,0.00000435348601968,0.00000364281117982,0.000001089923785,9.74819798216e-8,1.94452994151e-7,3.23350434428e-7,9.57495444709e-7,6.32097226116e-7,0.00000117830461477,3.42305781942e-7,4.62511138721e-7,9.17296034686e-8,1.70615876982e-7,1.57412088697e-7,6.54381437926e-8,4.13207139616e-8,3.83357559031e-8,1.52288190947e-8,3.41020789385e-9,1.41046591073e-10,2.48077513393e-12],"dvar2":[6.13402106886e-10,0.000013733339074,0.0000160598829098,0.00000407234938393,0.000040203678509,0.000011063580132,0.00000933071351028,0.00000731508816898,0.00000158873376677,1.15685089952e-7,4.40878039853e-7,6.85402937961e-7,0.00000127098678604,0.00000127249916204,0.00000171294095708,7.32385785795e-7,0.00000102509284261,1.93490834022e-7,4.01186156296e-7,3.46709072119e-7,1.29498232582e-7,8.01801078865e-8,7.43712647022e-8,2.75999667565e-8,6.36550057109e-9,2.97824653828e-10,5.51764059789e-12],"max":[0.000517702661455,0.028660453856,0.0373721309006,0.0130198411644,0.0578237734735,0.0423004440963,0.0409279838204,0.0372696258128,0.0287289880216,0.0180520582944,0.0206077750772,0.0241206679493,0.0583831183612,0.0227871350944,0.0849740803242,0.0145935490727,0.025298377499,0.00688483892009,0.0108329243958,0.0108919208869,0.0112211909145,0.0055428002961,0.00530079333112,0.00320894061588,0.00124175695237,0.00038156795199,0.0000394305570808],"mean":[0.00000695165590514,0.00293667986989,0.00493313977495,0.00131275027525,0.00649038562551,0.00283177406527,0.00158552767243,0.0015372709604,0.000794959312771,0.000275550788501,0.00021720607765,0.000222585702431,0.000548652256839,0.0005302685895,0.000492857536301,0.000301621534163,0.000494308245834,0.000286118796794,0.000352869537892,0.000288825394819,0.000165122517501,0.000144677091157,0.000089372471848,0.0000733028064133,0.0000321387851727,0.00000654764971841,5.92946776123e-7],"median":[0.00000194836684386,0.00140071101487,0.00299691129476,0.000782212999184,0.00503501202911,0.00169447273947,0.000671482761391,0.000368040404283,0.000109167638584,0.0000468895741506,0.0000298486356769,0.0000452859967481,0.0000550788063265,0.0000811264035292,0.0000903463223949,0.0000732673361199,0.000136400005431,0.000102407342638,0.000119033647934,0.000102537931525,0.0000535595681868,0.0000452298190794,0.000026296289434,0.0000156103924382,0.00000653398183204,0.00000103701620446,1.83750898941e-7],"min":[6.59065478965e-25,9.62137358496e-24,7.89286939414e-25,5.03796629675e-24,1.82487745407e-23,1.22564190773e-23,1.92642988499e-23,2.7726756879e-23,3.24989993241e-23,1.58232418274e-23,1.96861469521e-23,2.21537227963e-23,3.71975937151e-23,5.53230866513e-23,5.49684968298e-23,1.00217015617e-22,1.1628592293e-22,6.61047452547e-23,1.82673339135e-22,2.24213227169e-22,2.63804704498e-22,2.81218487126e-22,4.69356183709e-22,6.377002116e-22,9.68119385404e-22,1.53510393451e-21,1.95821964156e-21],"var":[2.66910826774e-10,0.000014482190636,0.0000312545707857,0.00000236236155615,0.0000355758529622,0.0000119412588901,0.00000874087254488,0.0000115869861474,0.0000055497575886,6.4090346541e-7,4.99908651364e-7,6.22227560143e-7,0.00000411618566432,0.00000232221782426,0.00000674742295814,6.69609732995e-7,0.00000111086217203,2.4680940669e-7,4.16828783045e-7,3.12679389936e-7,1.26123964606e-7,9.14681876907e-8,6.55345857581e-8,3.00739912973e-8,6.30354346498e-9,2.49232467997e-10,3.53920018292e-12]},"barkbands_crest":{"dmean":2.10311102867,"dmean2":3.34786486626,"dvar":4.19708013535,"dvar2":10.4613075256,"max":25.7054672241,"mean":10.5469503403,"median":9.85523414612,"min":2.68044829369,"var":14.0726537704},"barkbands_flatness_db":{"dmean":0.0222860090435,"dmean2":0.0309201870114,"dvar":0.00052270636661,"dvar2":0.000980059383437,"max":0.413481622934,"mean":0.173049435019,"median":0.167216449976,"min":0.0405326262116,"var":0.0030458078254},"barkbands_kurtosis":{"dmean":3.87627959251,"dmean2":5.85619831085,"dvar":37.4524536133,"dvar2":88.2629394531,"max":129.04864502,"mean":9.16787242889,"median":4.725274086,"min":-1.85035097599,"var":176.992782593},"barkbands_skewness":{"dmean":0.536175310612,"dmean2":0.792588949203,"dvar":0.341594964266,"dvar2":0.750260412693,"max":10.6359291077,"mean":2.22989559174,"median":2.06243038177,"min":-3.73953652382,"var":2.1696331501},"barkbands_spread":{"dmean":5.04689121246,"dmean2":7.17403507233,"dvar":46.6853713989,"dvar2":92.3507232666,"max":108.396186829,"mean":17.9415740967,"median":14.5676116943,"min":0.71901601553,"var":191.963851929},"dissonance":{"dmean":0.0186303313822,"dmean2":0.0301605518907,"dvar":0.000363476952771,"dvar2":0.000948471366428,"max":0.499999910593,"mean":0.452695637941,"median":0.460817724466,"min":0.26250103116,"var":0.0011257964652},"dynamic_complexity":3.46144127846,"erbbands":{"dmean":[0.0150135187432,0.363677024841,1.73681759834,1.90628385544,6.00080299377,11.067070961,12.8268346786,8.68964195251,10.5381679535,17.0614795685,11.9893407822,7.85431575775,3.73815226555,2.8136806488,4.63849592209,5.83857393265,12.0402584076,13.0297765732,11.4648017883,11.0611886978,10.2107486725,12.706448555,9.13823986053,8.33726215363,8.43996238708,7.59683704376,3.84045052528,3.83746409416,3.03826546669,2.15103816986,1.64522147179,1.29461812973,0.654287695885,0.305046886206,0.121765874326,0.0316586904228,0.00592408096418,0.00107419141568,0.0000565200825804,0.00000822128367872],"dmean2":[0.0241168960929,0.584008038044,2.7071185112,3.1524541378,10.0157661438,18.0370769501,20.7092075348,13.4136781693,16.1133460999,25.5920639038,16.5106582642,10.1700363159,5.1133890152,3.42521309853,6.33777189255,8.27451515198,15.1447038651,17.9601039886,16.9708404541,14.6213502884,14.9315023422,18.663028717,13.3607826233,12.6546201706,12.2287158966,11.2413330078,5.49897527695,5.5810918808,4.37748241425,3.06925201416,2.38754487038,1.82824599743,0.905014753342,0.428279161453,0.172380879521,0.0446858480573,0.00842027086765,0.0015173064312,0.0000800665802672,0.0000118065909192],"dvar":[0.000862056214828,0.445910900831,9.14873409271,8.49736404419,72.7375869751,316.783569336,399.065093994,178.379623413,576.756225586,1642.46191406,1184.90771484,628.321105957,85.9989700317,125.076629639,393.575256348,504.341522217,2417.80151367,1535.38171387,1356.02648926,3658.32299805,718.110595703,1198.9119873,314.177825928,320.217193604,485.857391357,345.295623779,104.287307739,89.8111114502,48.2211227417,40.9569892883,33.1145935059,12.3708572388,2.57093954086,0.716918230057,0.105499498546,0.00696454849094,0.000256420084042,0.000013012952877,4.18123917711e-8,1.03153437181e-10],"dvar2":[0.00216760486364,1.15973722935,21.2146034241,23.4834957123,199.730712891,876.971435547,1079.12854004,401.131469727,1282.71374512,3429.15405273,2158.90014648,898.483154297,141.882019043,128.700927734,859.132324219,1131.37915039,3031.76586914,2726.26586914,2846.17114258,3264.27001953,1429.81030273,2723.18579102,636.790100098,792.95135498,1079.38061523,735.672058105,202.838516235,180.497406006,94.162071228,79.3192901611,65.5515365601,22.9561214447,4.83698749542,1.31206309795,0.205853149295,0.0145982597023,0.000537894316949,0.0000267843697657,8.74267556128e-8,2.08665376644e-10],"max":[0.316838592291,7.97891187668,44.8248672485,37.6692047119,111.473861694,314.50793457,323.732910156,238.843475342,443.590026855,886.674133301,1031.69067383,847.113342285,298.602539062,880.775512695,897.11541748,720.149841309,3155.4230957,1262.56604004,1239.95019531,5691.25097656,814.961730957,1488.11816406,480.857635498,349.748718262,642.651428223,510.140869141,415.630340576,315.428009033,159.180908203,191.831542969,176.276290894,86.5384674072,38.5484962463,20.5564575195,7.45358371735,2.59358620644,0.443620145321,0.0861561819911,0.00531506584957,0.000177846057341],"mean":[0.0262235011905,0.918321728706,5.55570697784,4.67354822159,12.2315311432,23.6425552368,25.8063583374,20.5001316071,21.1443653107,33.3006439209,27.5233268738,19.1288356781,10.0024375916,6.93289422989,10.958530426,11.5657501221,26.7175102234,28.5552425385,22.8868579865,21.3233661652,20.1521587372,25.0086784363,19.3020477295,16.1971244812,16.6366996765,13.7243366241,7.14708566666,6.60282707214,5.33320999146,3.44039654732,2.49432325363,1.91635203362,0.943035423756,0.449068427086,0.179651916027,0.0465727336705,0.00870561692864,0.00153920263983,0.000104599472252,0.0000359343284799],"median":[0.0131723964587,0.473456561565,3.31463336945,3.44024562836,7.92661952972,16.1297988892,17.2109050751,11.5896806717,10.8313789368,11.8384647369,7.31401538849,3.30900764465,2.18000030518,1.39699959755,1.72525465488,2.35751414299,3.01879024506,4.48499393463,5.70978975296,4.02893304825,5.24689483643,7.86322975159,7.03199481964,5.41989517212,6.25421047211,4.9402551651,2.36175775528,2.27221608162,1.71942067146,1.02675747871,0.701987147331,0.439969062805,0.181427538395,0.0926593616605,0.0340898223221,0.00778957176954,0.00147184403613,0.000274536228972,0.0000436643967987,0.0000342217244906],"min":[1.92716863745e-22,1.67193598585e-21,3.65427553552e-21,1.26932634064e-20,3.2046750845e-20,5.80192624204e-20,7.86823698313e-20,8.41001960483e-20,1.42066990661e-19,3.50260608947e-19,4.45152675018e-19,7.58232213365e-19,5.51708116973e-19,4.97507469227e-19,1.29558104359e-18,1.38394450913e-18,1.87142106926e-18,2.55325343368e-18,3.87447056222e-18,3.99267922124e-18,6.00386961899e-18,6.97567448984e-18,5.62491129701e-18,6.87541730447e-18,1.09446293439e-17,1.08027968202e-17,1.1811551849e-17,1.14967781931e-17,9.13833737418e-18,1.10956443997e-17,1.3592490733e-17,1.24816690612e-17,1.08233166897e-17,9.19563121213e-18,7.03321482761e-18,4.63215394124e-18,2.92345770324e-18,1.02913076205e-18,2.86865124909e-19,3.0677262868e-20],"var":[0.00127678213175,1.3185428381,40.5722961426,21.8792610168,168.350601196,714.471130371,839.182189941,650.315368652,1227.22473145,3893.7902832,5240.28076172,2992.36499023,538.404968262,972.038024902,1103.28283691,997.327331543,10311.8974609,6497.77539062,3587.03881836,22424.1230469,2118.71386719,2635.56323242,993.351013184,827.687194824,1053.31286621,687.481018066,226.009552002,169.379043579,118.508178711,74.8425064087,55.5987205505,23.2909507751,4.88184738159,1.31990742683,0.188401952386,0.0122801708058,0.000457315647509,0.0000218466502702,6.96456794458e-8,4.69895344857e-10]},"erbbands_crest":{"dmean":2.23825120926,"dmean2":3.51765084267,"dvar":4.87083005905,"dvar2":11.6123342514,"max":32.5743560791,"mean":9.51770687103,"median":8.67778491974,"min":2.20440793037,"var":17.0387306213},"erbbands_flatness_db":{"dmean":0.0174195766449,"dmean2":0.0241472814232,"dvar":0.000328458176227,"dvar2":0.000632952025626,"max":0.32368311286,"mean":0.168450832367,"median":0.169551059604,"min":0.0210113618523,"var":0.00183450500481},"erbbands_kurtosis":{"dmean":1.07940673828,"dmean2":1.63302624226,"dvar":3.36095237732,"dvar2":7.29447412491,"max":42.0007820129,"mean":0.574545502663,"median":-0.378551840782,"min":-1.91562259197,"var":8.54581356049},"erbbands_skewness":{"dmean":0.389628410339,"dmean2":0.560459077358,"dvar":0.168130740523,"dvar2":0.335083603859,"max":5.28087234497,"mean":0.523300647736,"median":0.473380863667,"min":-4.06381750107,"var":0.978136062622},"erbbands_spread":{"dmean":9.41887378693,"dmean2":13.8113117218,"dvar":124.833427429,"dvar2":254.012863159,"max":146.241439819,"mean":46.5314712524,"median":44.6147041321,"min":4.16927194595,"var":500.418151855},"gfcc":{"cov":[[18920,635.852966309,-2461.85229492,816.179504395,-1041.85974121,296.940338135,-765.526794434,78.9662628174,-282.885742188,123.700286865,-78.2176132202,-41.6377906799,-40.0841140747],[635.852966309,1458.58691406,-209.595672607,-271.824371338,233.764099121,-205.515350342,107.114135742,-102.782012939,65.3485794067,-156.255310059,101.514663696,-107.994689941,8.11786842346],[-2461.85229492,-209.595672607,1025.67297363,159.265640259,122.054450989,60.9024505615,70.7520828247,7.6657948494,21.5971870422,18.7366390228,-49.5738716125,27.9000988007,-1.88360571861],[816.179504395,-271.824371338,159.265640259,572.933654785,39.5230407715,-33.585723877,-108.838798523,26.4529724121,39.0216751099,42.7025337219,-20.1171245575,13.175535202,38.4780235291],[-1041.85974121,233.764099121,122.054450989,39.5230407715,332.593048096,-58.3929214478,24.120721817,-5.27315759659,77.9334564209,-0.556872725487,21.2771892548,-28.2434368134,8.84428215027],[296.940338135,-205.515350342,60.9024505615,-33.585723877,-58.3929214478,257.528717041,53.1640319824,8.5778055191,-30.2617340088,49.139087677,-24.3127536774,22.1761341095,-23.8849277496],[-765.526794434,107.114135742,70.7520828247,-108.838798523,24.120721817,53.1640319824,209.847061157,13.83943367,-9.47966384888,-20.0569725037,11.7401208878,-10.7567367554,-18.6911220551],[78.9662628174,-102.782012939,7.6657948494,26.4529724121,-5.27315759659,8.5778055191,13.83943367,121.716949463,15.7144451141,10.4726629257,-7.11498832703,2.39505195618,4.9982509613],[-282.885742188,65.3485794067,21.5971870422,39.0216751099,77.9334564209,-30.2617340088,-9.47966384888,15.7144451141,98.3899459839,13.2600393295,4.54118871689,-2.25684547424,17.3950901031],[123.700286865,-156.255310059,18.7366390228,42.7025337219,-0.556872725487,49.139087677,-20.0569725037,10.4726629257,13.2600393295,104.400444031,7.12226295471,-0.226717114449,-9.67172622681],[-78.2176132202,101.514663696,-49.5738716125,-20.1171245575,21.2771892548,-24.3127536774,11.7401208878,-7.11498832703,4.54118871689,7.12226295471,85.1608428955,9.66233444214,-4.19149827957],[-41.6377906799,-107.994689941,27.9000988007,13.175535202,-28.2434368134,22.1761341095,-10.7567367554,2.39505195618,-2.25684547424,-0.226717114449,9.66233444214,88.6954345703,25.4720039368],[-40.0841140747,8.11786842346,-1.88360571861,38.4780235291,8.84428215027,-23.8849277496,-18.6911220551,4.9982509613,17.3950901031,-9.67172622681,-4.19149827957,25.4720039368,87.9229431152]],"icov":[[0.000471196864964,-0.00123640475795,0.000998648349196,-0.00135484093335,0.00130521738902,-0.00124603440054,0.00144293974154,-0.00114140799269,0.00135636841878,-0.00124688318465,0.0013494748855,-0.000790295598563,0.00073291757144],[-0.00123640475795,0.00476797390729,-0.00244462303817,0.00403007818386,-0.00404335791245,0.00361731206067,-0.00419602449983,0.00401557609439,-0.00445994921029,0.00515415659174,-0.00506967306137,0.00373449572362,-0.00242511625402],[0.000998648349196,-0.00244462303817,0.00334792002104,-0.00320906168781,0.00217049801722,-0.00271291378886,0.00240528350696,-0.00218089832924,0.0028781122528,-0.00261072861031,0.00359448511153,-0.00220323214307,0.00179014937021],[-0.00135484093335,0.00403007818386,-0.00320906168781,0.00627897726372,-0.00405681319535,0.00389843829907,-0.00314651266672,0.00312746013515,-0.00443896371871,0.00344922626391,-0.00412603886798,0.0028040157631,-0.00293737533502],[0.00130521738902,-0.00404335791245,0.00217049801722,-0.00405681319535,0.00815262645483,-0.00308448146097,0.00362219056115,-0.00301007716917,0.00100037874654,-0.00399838294834,0.0031945866067,-0.00140873936471,0.00199606828392],[-0.00124603440054,0.00361731206067,-0.00271291378886,0.00389843829907,-0.00308448146097,0.00902954768389,-0.0056414254941,0.00328160100617,-0.00258811167441,0.000462443771539,-0.00171539990697,0.000474797794595,-0.000945295032579],[0.00144293974154,-0.00419602449983,0.00240528350696,-0.00314651266672,0.00362219056115,-0.0056414254941,0.0110426163301,-0.00494909472764,0.00459132762626,-0.00237489421852,0.00280238757841,-0.00163800246082,0.00264427484944],[-0.00114140799269,0.00401557609439,-0.00218089832924,0.00312746013515,-0.00301007716917,0.00328160100617,-0.00494909472764,0.0122726131231,-0.00558646256104,0.00346217537299,-0.00339072011411,0.00277268560603,-0.002340861829],[0.00135636841878,-0.00445994921029,0.0028781122528,-0.00443896371871,0.00100037874654,-0.00258811167441,0.00459132762626,-0.00558646256104,0.0184541810304,-0.00698263710365,0.00512619316578,-0.00358442263678,0.000388016575016],[-0.00124688318465,0.00515415659174,-0.00261072861031,0.00344922626391,-0.00399838294834,0.000462443771539,-0.00237489421852,0.00346217537299,-0.00698263710365,0.018108965829,-0.00806346721947,0.00536304805428,-0.00134823739063],[0.0013494748855,-0.00506967306137,0.00359448511153,-0.00412603886798,0.0031945866067,-0.00171539990697,0.00280238757841,-0.00339072011411,0.00512619316578,-0.00806346721947,0.0196298770607,-0.00739852664992,0.00414518592879],[-0.000790295598563,0.00373449572362,-0.00220323214307,0.0028040157631,-0.00140873936471,0.000474797794595,-0.00163800246082,0.00277268560603,-0.00358442263678,0.00536304805428,-0.00739852664992,0.0174291059375,-0.00631753448397],[0.00073291757144,-0.00242511625402,0.00179014937021,-0.00293737533502,0.00199606828392,-0.000945295032579,0.00264427484944,-0.002340861829,0.000388016575016,-0.00134823739063,0.00414518592879,-0.00631753448397,0.0152958882973]],"mean":[-40.0485877991,106.370925903,-105.609466553,50.1179504395,-58.2012748718,-6.06127882004,-47.3866615295,-2.76186990738,-20.3344707489,-1.07595086098,-11.8565378189,-7.99954938889,-13.5202417374]},"hfc":{"dmean":4.8750834465,"dmean2":6.30811691284,"dvar":58.559879303,"dvar2":102.959075928,"max":207.689224243,"mean":17.0834960938,"median":12.3488826752,"min":1.13613640946e-16,"var":271.826416016},"melbands":{"dmean":[0.000233342158026,0.000749418511987,0.000399911834393,0.000629110669252,0.000455967150629,0.000206854951102,0.000166298952536,0.000187064593774,0.0000941718244576,0.0000456488342024,0.0000182088260772,0.0000114297399705,0.0000141292675835,0.0000161332427524,0.0000226230731641,0.0000228594271903,0.0000271508561127,0.0000184194104804,0.0000199640235223,0.0000134467527459,0.0000137218403324,0.0000145341346069,0.0000128975589178,0.00000654837185721,0.00000745556781112,0.00000662338106849,0.00000706251330485,0.00000469316546514,0.00000241101929532,0.00000298616123473,0.00000212822396861,0.00000187858597656,0.0000014694866195,0.00000115560328595,0.00000103407853658,8.02838087566e-7,8.30559429232e-7,5.25486996139e-7,3.16036192771e-7,2.47847935952e-7],"dmean2":[0.000374079652829,0.00116755045019,0.000657983124256,0.00104030861985,0.00072947825538,0.000320728169754,0.000252408644883,0.000277595769148,0.00012749931193,0.0000591065327171,0.0000251985020441,0.0000139841758937,0.0000191067210835,0.0000222643811867,0.0000306569781969,0.0000295309509966,0.0000378647928301,0.0000272762135864,0.0000283703211608,0.0000186517754628,0.0000205107098736,0.0000215543586819,0.0000193214546016,0.00000986047507467,0.0000116116370918,0.00000979976994131,0.0000103050042526,0.00000704468584445,0.00000357549220098,0.00000451630103271,0.00000314657222589,0.00000276781929642,0.00000211803626371,0.00000167487689851,0.00000152894381245,0.00000117518823117,0.00000118055368148,7.5137256772e-7,4.48090219152e-7,3.55790348294e-7],"dvar":[1.82009443961e-7,0.00000169017471308,3.12892268539e-7,7.78135699875e-7,4.4737126359e-7,1.04846684224e-7,1.47814091633e-7,1.92113020603e-7,7.33318685775e-8,2.20750084878e-8,2.17623141729e-9,2.04088368427e-9,4.11151690471e-9,3.76327990992e-9,5.79345060814e-9,9.61084101192e-9,7.02041846878e-9,3.98142097069e-9,8.08204525526e-9,3.76910236355e-9,1.41683353938e-9,2.09127337669e-9,6.8820049659e-10,2.02916683456e-10,2.79034767514e-10,3.04457264955e-10,3.51297602119e-10,1.29761298928e-10,4.28428785504e-11,7.50640799518e-11,2.57062184039e-11,1.66645586219e-11,1.87411856867e-11,1.21920000137e-11,1.20689951089e-11,9.50480666395e-12,4.44264633762e-12,1.63972882581e-12,7.40049568935e-13,5.34433445849e-13],"dvar2":[4.71680976943e-7,0.00000406322578783,8.41593646328e-7,0.00000222314656639,0.00000118776677027,2.42853445798e-7,3.20089981187e-7,3.999591911e-7,1.26644536635e-7,3.19170467833e-8,3.5990541658e-9,1.99455008065e-9,9.5701704339e-9,6.96721036419e-9,1.00886490273e-8,1.23421806109e-8,1.28102062291e-8,8.31694890735e-9,1.28019337353e-8,4.90496754324e-9,2.94564550529e-9,4.84208451113e-9,1.52042645141e-9,4.26349344718e-10,7.19544590577e-10,7.25886295516e-10,7.51480266903e-10,2.81414030967e-10,8.85182552257e-11,1.64942587366e-10,5.24726859186e-11,3.36947761359e-11,3.79241187065e-11,2.4656427941e-11,2.36599646125e-11,1.97541150104e-11,8.65671683642e-12,3.26840182523e-12,1.3804319016e-12,1.03132097046e-12],"max":[0.00531289447099,0.0182660222054,0.00637796521187,0.0111571019515,0.0104546006769,0.00620552897453,0.00784321408719,0.00862813182175,0.00860261172056,0.00522657344118,0.00147498701699,0.00363373802975,0.00330307008699,0.00299419881776,0.0028687810991,0.00667648343369,0.00287687336095,0.00214400561526,0.00607845745981,0.00434768386185,0.00118734175339,0.00216219644062,0.000386717176298,0.000340449332725,0.000334056472639,0.000618011632469,0.000592704571318,0.000267224851996,0.000201936811209,0.000400493387133,0.000158340873895,0.000113315232738,0.000147773345816,0.00010624290735,0.000117611256428,0.0000823271911941,0.0000496567699884,0.0000284720554191,0.0000203063227673,0.0000184240743692],"mean":[0.000499196641613,0.0023556437809,0.00100475433283,0.00136600621045,0.000963881611824,0.000480501767015,0.000323013984598,0.000365424231859,0.000222297108849,0.000105136801722,0.0000460384944745,0.0000260358192463,0.0000322790183418,0.0000283608296741,0.0000538506901648,0.0000436619120592,0.0000570489064557,0.0000334676624334,0.0000365618179785,0.0000223855768127,0.0000248595424637,0.0000262836347247,0.0000241301277129,0.0000126624818222,0.0000131531660372,0.0000126225731947,0.0000119008172987,0.00000818392982183,0.00000430583122579,0.00000452733911516,0.00000354524945578,0.00000324189977619,0.000002262760745,0.00000176788660156,0.00000151609174281,0.0000011544005929,0.00000118513594316,7.23758830645e-7,4.47858525376e-7,3.52555417749e-7],"median":[0.000239706598222,0.00149724422954,0.000823138223495,0.00100182439201,0.000661553698592,0.000279223837424,0.000158071721671,0.000117596966447,0.0000460627416032,0.0000168076694536,0.00000858045677887,0.00000468498683404,0.00000495170024806,0.00000534989885637,0.00000597490179644,0.00000541249210073,0.00000775534863351,0.00000795919913799,0.00000613924385107,0.00000456371435575,0.00000598471478952,0.00000728652685211,0.000008082621207,0.00000403038893637,0.00000383350834454,0.00000415458271164,0.00000385165913031,0.00000279784990198,0.0000011878649957,0.00000132870161451,0.00000115877560347,0.00000103409888652,6.08380332778e-7,5.16669615536e-7,4.24865589821e-7,2.81825293769e-7,2.48024832672e-7,1.29217312406e-7,8.40496596766e-8,7.03005440528e-8],"min":[2.13853170543e-24,2.66809363668e-24,2.62667922801e-24,2.34489377393e-24,3.05421639788e-24,1.94789557908e-24,2.74623267592e-24,4.33911481524e-24,3.13040399246e-24,4.8089501152e-24,2.07102473625e-24,1.87910454156e-24,4.08109300707e-24,3.33016684506e-24,3.37977949068e-24,3.41883717739e-24,4.43504621777e-24,5.64782125194e-24,5.0610440281e-24,4.42126955092e-24,6.33243497739e-24,6.43753649352e-24,8.02340408167e-24,3.5797214147e-24,5.23850736063e-24,6.62333848025e-24,7.96598052979e-24,6.47887872141e-24,5.89011317366e-24,6.70508734699e-24,5.77556465376e-24,4.17312507015e-24,6.66610578536e-24,5.85859344733e-24,6.396722408e-24,6.73753635147e-24,8.22691678458e-24,6.78459190447e-24,7.80076071294e-24,7.38549565497e-24],"var":[3.99739178647e-7,0.00000691509239914,7.63271032156e-7,0.00000180090387403,0.00000100636566458,3.48297817254e-7,3.11384837914e-7,4.88536329613e-7,3.7437129663e-7,9.72485096895e-8,1.32014710275e-8,1.62635398482e-8,9.94742865856e-9,9.53877421495e-9,2.96381692522e-8,3.10444079332e-8,2.95606028544e-8,8.2690814196e-9,4.366871309e-8,1.26021095781e-8,3.60845286984e-9,3.91496568497e-9,1.73071856846e-9,5.83903314588e-10,6.22638995917e-10,6.24689910911e-10,7.22795878705e-10,2.52992626848e-10,9.12328476654e-11,1.19828660883e-10,4.73803427048e-11,4.29861528317e-11,3.41901715273e-11,2.06387840845e-11,2.02553702977e-11,1.47990664862e-11,8.00146320729e-12,2.87467575785e-12,1.34455088122e-12,9.03970258023e-13]},"melbands_crest":{"dmean":2.78316712379,"dmean2":4.50781440735,"dvar":6.95429801941,"dvar2":18.1669788361,"max":36.1680030823,"mean":14.8590974808,"median":14.1728134155,"min":1.64725518227,"var":23.3077011108},"melbands_flatness_db":{"dmean":0.0270947497338,"dmean2":0.036521576345,"dvar":0.000811873120256,"dvar2":0.00144974945579,"max":0.543573915958,"mean":0.240385785699,"median":0.234066829085,"min":0.00249208812602,"var":0.0056785820052},"melbands_kurtosis":{"dmean":9.08191680908,"dmean2":13.7160453796,"dvar":179.388214111,"dvar2":406.902618408,"max":435.35848999,"mean":25.1578598022,"median":15.7672586441,"min":-1.81611382961,"var":935.71270752},"melbands_skewness":{"dmean":0.729782879353,"dmean2":1.08873975277,"dvar":0.620779395103,"dvar2":1.37081444263,"max":17.1407299042,"mean":3.53680419922,"median":3.24903583527,"min":-2.39473509789,"var":3.6948196888},"melbands_spread":{"dmean":5.42790603638,"dmean2":7.87733316422,"dvar":96.7350540161,"dvar2":181.671951294,"max":230.318710327,"mean":17.2699775696,"median":12.2890777588,"min":0.891959309578,"var":359.602325439},"mfcc":{"cov":[[12044.7216797,-225.911865234,-901.843261719,130.458251953,-154.301971436,53.2436714172,-230.021499634,-120.485961914,-176.145126343,-39.0102996826,26.2271976471,79.3796081543,-97.2297515869],[-225.911865234,1775.10412598,-249.209594727,-32.6886100769,34.8954391479,-65.0350418091,36.4999351501,32.1197128296,-71.0477905273,-7.4549164772,11.4401292801,-3.77201581001,9.9648733139],[-901.843261719,-249.209594727,743.784973145,118.35370636,50.0961151123,101.474472046,41.5336036682,26.9229049683,57.4248161316,3.62355184555,-29.5707473755,-24.2046642303,19.5686035156],[130.458251953,-32.6886100769,118.35370636,520.836853027,192.91897583,-19.6368370056,-65.222038269,-14.2586736679,20.6065387726,45.6084899902,-52.0963592529,-13.0618581772,27.6035919189],[-154.301971436,34.8954391479,50.0961151123,192.91897583,286.832183838,20.5026664734,-50.7898101807,-21.4078903198,31.7652797699,43.2605018616,-9.95689964294,6.32298564911,16.0659332275],[53.2436714172,-65.0350418091,101.474472046,-19.6368370056,20.5026664734,197.153884888,39.9295883179,-0.0348503813148,21.9252738953,-9.81780815125,41.318813324,13.3964557648,-14.3330860138],[-230.021499634,36.4999351501,41.5336036682,-65.222038269,-50.7898101807,39.9295883179,154.12310791,37.0736923218,10.5337219238,10.2365264893,35.2727661133,17.8073692322,-0.983130335808],[-120.485961914,32.1197128296,26.9229049683,-14.2586736679,-21.4078903198,-0.0348503813148,37.0736923218,115.084716797,26.4708633423,-15.2074766159,9.18277835846,3.72241425514,7.7274055481],[-176.145126343,-71.0477905273,57.4248161316,20.6065387726,31.7652797699,21.9252738953,10.5337219238,26.4708633423,118.547805786,24.9194698334,-2.82248520851,-5.03231477737,-1.06293857098],[-39.0102996826,-7.4549164772,3.62355184555,45.6084899902,43.2605018616,-9.81780815125,10.2365264893,-15.2074766159,24.9194698334,103.130508423,12.5887117386,-3.60880851746,4.43251800537],[26.2271976471,11.4401292801,-29.5707473755,-52.0963592529,-9.95689964294,41.318813324,35.2727661133,9.18277835846,-2.82248520851,12.5887117386,114.788063049,27.4298439026,-17.0380725861],[79.3796081543,-3.77201581001,-24.2046642303,-13.0618581772,6.32298564911,13.3964557648,17.8073692322,3.72241425514,-5.03231477737,-3.60880851746,27.4298439026,73.9499282837,15.5364255905],[-97.2297515869,9.9648733139,19.5686035156,27.6035919189,16.0659332275,-14.3330860138,-0.983130335808,7.7274055481,-1.06293857098,4.43251800537,-17.0380725861,15.5364255905,82.958656311]],"icov":[[0.000102892205177,0.0000225341991609,0.000137404844281,-0.0000923530387809,0.00012209189299,-0.000149758066982,0.000155168847414,-0.0000051697707022,0.000103773207229,-0.0000442246237071,0.0000398920456064,-0.000133178458782,0.000105832281406],[0.0000225341991609,0.000637763529085,0.000241157598794,0.0000232333004533,-0.000255113292951,0.000101962701592,-0.000277688028291,-0.000259011081653,0.000424846395617,0.0000508911616635,-0.00000722731510905,0.000222874426981,-0.0000674544062349],[0.000137404844281,0.000241157598794,0.00190572720021,-0.000485052965814,0.0000541652589163,-0.00106027640868,-0.000398487900384,-0.000269898882834,-0.000202014620299,0.000108868611278,0.000546518305782,0.000558063504286,-0.000329994014464],[-0.0000923530387809,0.0000232333004533,-0.000485052965814,0.00293886521831,-0.00178703584243,0.000404955411796,0.000432159111369,-0.000289930583676,0.000211196747841,-0.000739514071029,0.000800844281912,0.000207148696063,-0.000358414428774],[0.00012209189299,-0.000255113292951,0.0000541652589163,-0.00178703584243,0.00559788057581,-0.00115663022734,0.00182601890992,0.000508765457198,-0.000984558253549,-0.00152829207946,-0.000105759296275,-0.0012203110382,-0.000278243242064],[-0.000149758066982,0.000101962701592,-0.00106027640868,0.000404955411796,-0.00115663022734,0.0069835735485,-0.00173326616641,0.00113510235678,-0.00124500400852,0.00184733734932,-0.00232534413226,-0.000189423473785,0.000675129820593],[0.000155168847414,-0.000277688028291,-0.000398487900384,0.000432159111369,0.00182601890992,-0.00173326616641,0.00933785829693,-0.00247973878868,0.000121660457808,-0.00233495864086,-0.00106208480429,-0.00193875329569,0.00012524156773],[-0.0000051697707022,-0.000259011081653,-0.000269898882834,-0.000289930583676,0.000508765457198,0.00113510235678,-0.00247973878868,0.0109728025272,-0.00319119403139,0.00287554389797,-0.00132051308174,0.000333909323672,-0.00129697308876],[0.000103773207229,0.000424846395617,-0.000202014620299,0.000211196747841,-0.000984558253549,-0.00124500400852,0.000121660457808,-0.00319119403139,0.0107758296654,-0.00297926669009,0.00119993416592,0.000295026722597,0.00081067631254],[-0.0000442246237071,0.0000508911616635,0.000108868611278,-0.000739514071029,-0.00152829207946,0.00184733734932,-0.00233495864086,0.00287554389797,-0.00297926669009,0.0126364100724,-0.00266962172464,0.00180767977145,-0.0011181087466],[0.0000398920456064,-0.00000722731510905,0.000546518305782,0.000800844281912,-0.000105759296275,-0.00232534413226,-0.00106208480429,-0.00132051308174,0.00119993416592,-0.00266962172464,0.0121961729601,-0.00413500051945,0.00281864101999],[-0.000133178458782,0.000222874426981,0.000558063504286,0.000207148696063,-0.0012203110382,-0.000189423473785,-0.00193875329569,0.000333909323672,0.000295026722597,0.00180767977145,-0.00413500051945,0.0170447155833,-0.00436807516962],[0.000105832281406,-0.0000674544062349,-0.000329994014464,-0.000358414428774,-0.000278243242064,0.000675129820593,0.00012524156773,-0.00129697308876,0.00081067631254,-0.0011181087466,0.00281864101999,-0.00436807516962,0.0141433319077]],"mean":[-676.986694336,125.905151367,10.5388307571,45.9481773376,9.56289386749,1.18751168251,-11.8530807495,-6.81064939499,-10.5753183365,-0.421382755041,-1.23511791229,0.074475929141,-3.89933729172]},"pitch_salience":{"dmean":0.0636646151543,"dmean2":0.103660568595,"dvar":0.00355262751691,"dvar2":0.00922588910908,"max":0.848289251328,"mean":0.55318158865,"median":0.557671666145,"min":0.0900140181184,"var":0.0116795962676},"silence_rate_20dB":{"dmean":0,"dmean2":0,"dvar":0,"dvar2":0,"max":1,"mean":1,"median":1,"min":1,"var":0},"silence_rate_30dB":{"dmean":0.000332060444634,"dmean2":0.000664231134579,"dvar":0.000331951247063,"dvar2":0.00099590967875,"max":1,"mean":0.999834001064,"median":1,"min":0,"var":0.000165971840033},"silence_rate_60dB":{"dmean":0.010293873027,"dmean2":0.0205911658704,"dvar":0.0101883998141,"dvar2":0.0248187314719,"max":1,"mean":0.0735391750932,"median":0,"min":0,"var":0.0681311115623},"spectral_centroid":{"dmean":243.450958252,"dmean2":348.310913086,"dvar":122077.914062,"dvar2":236833.625,"max":11308.2998047,"mean":1117.10510254,"median":958.747314453,"min":189.089279175,"var":679583.3125},"spectral_complexity":{"dmean":3.20770382881,"dmean2":4.54334115982,"dvar":17.8284225464,"dvar2":31.307100296,"max":54,"mean":14.497344017,"median":13,"min":0,"var":82.8342895508},"spectral_contrast_coeffs":{"dmean":[0.0466080382466,0.042980838567,0.0339163020253,0.0302541498095,0.0243007354438,0.0180182717741],"dmean2":[0.0761761814356,0.069453753531,0.0534544736147,0.0469115823507,0.037718873471,0.0280273575336],"dvar":[0.00153699400835,0.00140483246651,0.000848789699376,0.000716471055057,0.000482230127091,0.000288847601041],"dvar2":[0.00407533999532,0.00340449088253,0.00190530810505,0.00158171274234,0.00107764720451,0.000632064824458],"max":[-0.285468816757,-0.395552843809,-0.435229808092,-0.449859976768,-0.562587857246,-0.59369456768],"mean":[-0.574503600597,-0.674958407879,-0.769158244133,-0.763503432274,-0.773060202599,-0.754408419132],"median":[-0.573802351952,-0.67290520668,-0.78330719471,-0.769516706467,-0.771971821785,-0.749193668365],"min":[-0.976686000824,-0.979594290257,-0.978328645229,-0.994162321091,-0.987328290939,-0.962227404118],"var":[0.00811383407563,0.00631716800854,0.00617662072182,0.00519511010498,0.00291868695058,0.00210003810935]},"spectral_contrast_valleys":{"dmean":[0.391278743744,0.34588521719,0.345712691545,0.336383402348,0.312950134277,0.400475233793],"dmean2":[0.628830909729,0.5448371768,0.537102222443,0.497779339552,0.428580731153,0.497096151114],"dvar":[0.154603093863,0.129887163639,0.126615345478,0.126859873533,0.13126949966,0.222754135728],"dvar2":[0.343263953924,0.274148494005,0.258051276207,0.239798113704,0.230878382921,0.385914564133],"max":[-5.4256901741,-4.95218849182,-6.34257650375,-5.90657758713,-5.58552980423,-7.94839763641],"mean":[-7.51038312912,-7.09903287888,-8.39546775818,-8.43326091766,-7.98713302612,-10.6878938675],"median":[-7.19594573975,-6.8332195282,-8.14912223816,-8.18090248108,-7.7356467247,-10.4551868439],"min":[-28.5205574036,-27.6292362213,-27.5212135315,-27.7286186218,-27.3970947266,-27.3711490631],"var":[2.4458425045,2.56052184105,2.36996936798,2.51911711693,2.68613314629,2.45744585991]},"spectral_decrease":{"dmean":1.47766221481e-9,"dmean2":2.22064300281e-9,"dvar":2.94082208546e-18,"dvar2":6.48660850217e-18,"max":1.31793528691e-28,"mean":-6.73053257572e-9,"median":-6.64460886313e-9,"min":-2.31107044613e-8,"var":1.58322154176e-17},"spectral_energy":{"dmean":0.00585792586207,"dmean2":0.00873942859471,"dvar":0.000046203545935,"dvar2":0.0000998134200927,"max":0.106063097715,"mean":0.026952046901,"median":0.0264001265168,"min":1.00395007881e-20,"var":0.000254631770076},"spectral_energyband_high":{"dmean":0.000324138381984,"dmean2":0.000432935426943,"dvar":5.68337384266e-7,"dvar2":0.00000101296325283,"max":0.0217727199197,"mean":0.000622369523626,"median":0.000229566066992,"min":7.23837400491e-21,"var":0.00000132563923216},"spectral_energyband_low":{"dmean":0.00271714059636,"dmean2":0.00425351969898,"dvar":0.0000190508635569,"dvar2":0.000046649180149,"max":0.0590195022523,"mean":0.00848582200706,"median":0.00621848087758,"min":3.31979900395e-23,"var":0.0000706471982994},"spectral_energyband_middle_high":{"dmean":0.00124406977557,"dmean2":0.00162093830295,"dvar":0.00000507265895067,"dvar2":0.00000863363402459,"max":0.0890466868877,"mean":0.00383416400291,"median":0.00167963560671,"min":1.25527303479e-21,"var":0.0000308323942591},"spectral_energyband_middle_low":{"dmean":0.00442733289674,"dmean2":0.00694432808086,"dvar":0.0000270586042461,"dvar2":0.000066892542236,"max":0.0615697652102,"mean":0.0146992076188,"median":0.0138928163797,"min":2.07734768518e-22,"var":0.0000916248827707},"spectral_entropy":{"dmean":0.206040620804,"dmean2":0.279228448868,"dvar":0.0511421859264,"dvar2":0.0929082408547,"max":9.81733608246,"mean":7.25279760361,"median":7.27225589752,"min":4.97009468079,"var":0.286746740341},"spectral_flux":{"dmean":0.0193995479494,"dmean2":0.0295262690634,"dvar":0.000410716311308,"dvar2":0.00087448884733,"max":0.256390213966,"mean":0.0674207806587,"median":0.0620022565126,"min":6.56075263561e-11,"var":0.00148668198381},"spectral_kurtosis":{"dmean":2.10863685608,"dmean2":3.42216467857,"dvar":10.2095041275,"dvar2":24.5082855225,"max":63.1981887817,"mean":4.74145841599,"median":3.48062992096,"min":-1.23641574383,"var":21.4278869629},"spectral_rms":{"dmean":0.000559534411877,"dmean2":0.000820392626338,"dvar":3.93911477659e-7,"dvar2":7.79756931024e-7,"max":0.0101723251864,"mean":0.00479340506718,"median":0.00507505889982,"min":3.12963825862e-12,"var":0.00000331798673869},"spectral_rolloff":{"dmean":397.163696289,"dmean2":640.786865234,"dvar":813193.0625,"dvar2":1710570.25,"max":19207.6171875,"mean":1134.43127441,"median":516.796875,"min":21.533203125,"var":2418662.75},"spectral_skewness":{"dmean":0.272725760937,"dmean2":0.410823553801,"dvar":0.108749650419,"dvar2":0.230064898729,"max":6.2966837883,"mean":1.49046671391,"median":1.36476016045,"min":-0.0515086092055,"var":0.409287244081},"spectral_spread":{"dmean":542410.625,"dmean2":764382.1875,"dvar":811718344704,"dvar2":1586189828100,"max":42577320,"mean":4423681,"median":4005076.5,"min":1112625.5,"var":5423702212610},"spectral_strongpeak":{"dmean":0.367969453335,"dmean2":0.604245841503,"dvar":0.481613367796,"dvar2":1.02534377575,"max":24.1792068481,"mean":0.926163911819,"median":0.575117826462,"min":0,"var":1.43822872639},"zerocrossingrate":{"dmean":0.00974414125085,"dmean2":0.0108277304098,"dvar":0.000164269193192,"dvar2":0.000191507206182,"max":0.51953125,"mean":0.049677349627,"median":0.0400390625,"min":0.00439453125,"var":0.00187290413305}},"metadata":{"audio_properties":{"analysis_sample_rate":44100,"bit_rate":271219,"codec":"aac","downmix":"mix","equal_loudness":0,"length":139.853790283,"lossless":false,"md5_encoded":"55faefcddd1ea01973b84e000e66cb36","replay_gain":-12.2347927094,"sample_rate":44100},"tags":{"album":["The Great Lost Kinks Album"],"albumsort":["Great Lost Kinks Album"],"artist":["The Kinks"],"artistsort":["Kinks"],"compilation":["0"],"date":["1997"],"file_name":"copy1924362522106383496.m4a","genre":["Classic Rock"],"musicbrainz_recordingid":["55723b41-5fc2-46d8-a90c-8a64a8232597"],"title":["When I Turn Off The Living Room Light"],"tracknumber":["25"]},"version":{"essentia":"2.1-beta2","essentia_build_sha":"cead25079874084f62182a551b7393616cd33d87","essentia_git_sha":"v2.1_beta2-1-ge3940c0","extractor":"music 1.0"}},"rhythm":{"beats_count":272,"beats_loudness":{"dmean":0.0100363809615,"dmean2":0.016668908298,"dvar":0.0000645201726002,"dvar2":0.000182184827281,"max":0.074707724154,"mean":0.0351856984198,"median":0.0362430512905,"min":4.39061620394e-10,"var":0.000219960813411},"beats_loudness_band_ratio":{"dmean":[0.199544966221,0.145206570625,0.129005253315,0.0536590926349,0.0642916485667,0.0643953084946],"dmean2":[0.342727422714,0.249722287059,0.226369693875,0.0964419990778,0.114564687014,0.120088517666],"dvar":[0.0204358138144,0.0124067766592,0.0134239923209,0.00501221232116,0.00492788711563,0.00373794767074],"dvar2":[0.0628757253289,0.0369594991207,0.0382566899061,0.0131184803322,0.0133715439588,0.0118478005752],"max":[0.945292294025,0.746555626392,0.764324426651,0.370936632156,0.654527902603,0.339133441448],"mean":[0.411232590675,0.289381861687,0.167305395007,0.0538451820612,0.0810044109821,0.0686129257083],"median":[0.397958159447,0.285070002079,0.12248095125,0.0218900926411,0.0583314746618,0.05419781