{"lowlevel":{"average_loudness":0.0132445245981,"barkbands":{"dmean":[0.0000763926291256,0.000411988294218,0.00114782329183,0.000697278184816,0.00269385264255,0.000752024003305,0.000382774218451,0.000505919044372,0.00113801541738,0.000209984937101,0.0000554915313842,0.0000568555988139,0.0000152648117364,0.000013504589333,0.00000556400891583,0.00000436714526586,0.00000358820784641,0.00000323482026943,0.00000288317414743,0.00000253579969467,0.0000023384832275,0.00000197498366106,0.00000165987501077,0.00000158056366217,0.00000152940219778,0.00000154121050855,0.00000290083312393],"dmean2":[0.000119835414807,0.000621894316282,0.00182335765567,0.0010726954788,0.00424284208566,0.00120883539785,0.000580945808906,0.000822543806862,0.00167994375806,0.000303392240312,0.0000903444815776,0.0000932267139433,0.0000255856684817,0.0000203848485398,0.00000937640015763,0.00000737853451938,0.0000060675606619,0.00000546747924091,0.00000487678016725,0.00000428598877988,0.00000395654797103,0.00000333160301125,0.00000280164226751,0.00000266545021077,0.00000257529154624,0.0000025715683023,0.00000481191227664],"dvar":[8.19986851752e-8,0.00000195306597561,0.00000770356291468,0.00000403659578296,0.0000790933117969,0.00000283213717012,8.43284226448e-7,0.00000147445916809,0.00000928096687858,4.1657830252e-7,2.28417142978e-8,2.72508220434e-8,1.97046845507e-9,1.52089252303e-9,2.82045942157e-10,1.76937395291e-10,1.21138224451e-10,1.0039349907e-10,7.97771432248e-11,6.21724477456e-11,5.29604519961e-11,3.76946390768e-11,2.6747180859e-11,2.41036478971e-11,2.23639110702e-11,2.1427042432e-11,4.67688596184e-11],"dvar2":[1.81631946816e-7,0.00000421967934017,0.0000201427174034,0.00000870904568728,0.000214105850318,0.00000724682104192,0.00000163798017638,0.00000384771237805,0.0000197743083845,9.21583705349e-7,5.95313451868e-8,6.55580052467e-8,5.19956300238e-9,3.77028941401e-9,7.37026051301e-10,4.59563276323e-10,3.15485110258e-10,2.62113719618e-10,2.07839689903e-10,1.62012195326e-10,1.38045352926e-10,9.81683692669e-11,6.97452304244e-11,6.26638047008e-11,5.80621939417e-11,5.52782784824e-11,1.18666867999e-10],"max":[0.00834451057017,0.0502375029027,0.0552682615817,0.0481073521078,0.161945074797,0.0345294997096,0.0296365655959,0.0271418821067,0.0602883547544,0.0263844579458,0.00519150355831,0.00596758304164,0.00141147605609,0.000980814336799,0.000248878932325,0.000209977835766,0.000177545283805,0.000160528608831,0.000142827630043,0.000128545318148,0.000117299990961,0.0000993800204014,0.0000831814177218,0.0000800894049462,0.0000766236844356,0.0000741334370105,0.0000844028036227],"mean":[0.0000783211216913,0.00100288749672,0.00283570261672,0.00136544194538,0.00590829737484,0.00137593899854,0.00079198484309,0.00093095516786,0.00216400180943,0.000639996957034,0.000146098827827,0.000113497269922,0.0000269214888249,0.0000319047794619,0.0000056608118939,0.00000424500058216,0.00000341003419635,0.00000303983574668,0.00000269493966698,0.00000237026551986,0.00000218996069634,0.00000186131489954,0.00000157571855652,0.00000151135736814,0.00000148092567542,0.00000159989667736,0.00000368836094822],"median":[0.0000113966370918,0.000093821217888,0.000511493301019,0.000195509797777,0.000719358213246,0.000419709627749,0.00018624898803,0.000125925289467,0.000159381495905,0.00011571032519,0.0000155154884851,0.000009375479749,0.00000289683293886,0.00000240443341681,6.43322721317e-7,4.19140548047e-7,3.30834410533e-7,2.78848062862e-7,2.48628680311e-7,2.21699309577e-7,2.08882568131e-7,1.8734135665e-7,1.65628435411e-7,1.61830129741e-7,1.55134443958e-7,2.26179707852e-7,7.43114469515e-7],"min":[2.35590942762e-25,1.21531763147e-24,1.95045168563e-24,9.89483221776e-25,8.1464821601e-24,4.29783845724e-24,7.68764200344e-24,4.62405807952e-24,1.55512804526e-23,1.53506305259e-23,9.04224791748e-24,1.79672411277e-23,1.85754860178e-23,3.55038273101e-23,3.48152748021e-23,5.8536691409e-23,5.90727886584e-23,7.91235313437e-23,9.94036053604e-23,1.49190144324e-22,2.21979980879e-22,2.44524615808e-22,3.54689205306e-22,5.43400006181e-22,8.51890714843e-22,1.13891380459e-21,1.7791211045e-21],"var":[1.00139217807e-7,0.00000683751386532,0.0000331569717673,0.0000117295267046,0.00022718195396,0.00000622503966952,0.00000291895526061,0.00000335027675646,0.0000268662242888,0.00000307060236082,1.45127984297e-7,1.0272800921e-7,5.23986054546e-9,8.01984167964e-9,2.94405999579e-10,1.80876119638e-10,1.21510010387e-10,9.96480051252e-11,7.90230242353e-11,6.14427189682e-11,5.22502839606e-11,3.73690869915e-11,2.64684281437e-11,2.40510077132e-11,2.25862540476e-11,2.26831973343e-11,6.64570620756e-11]},"barkbands_crest":{"dmean":1.87451827526,"dmean2":2.92335343361,"dvar":2.57596302032,"dvar2":6.18821525574,"max":25.1355609894,"mean":10.37707901,"median":9.87212753296,"min":3.7365834713,"var":11.5612955093},"barkbands_flatness_db":{"dmean":0.0426421090961,"dmean2":0.0679811909795,"dvar":0.00130698166322,"dvar2":0.0035107077565,"max":0.430584073067,"mean":0.236528366804,"median":0.242272689939,"min":0.0415570065379,"var":0.00472832657397},"barkbands_kurtosis":{"dmean":4.90840291977,"dmean2":8.0790014267,"dvar":45.780456543,"dvar2":124.212982178,"max":127.661308289,"mean":10.405880928,"median":4.65391492844,"min":-1.77874863148,"var":186.17515564},"barkbands_skewness":{"dmean":0.585878908634,"dmean2":0.938821136951,"dvar":0.310886859894,"dvar2":0.817009866238,"max":8.06003761292,"mean":1.3212171793,"median":1.17355823517,"min":-3.68547558784,"var":2.43564200401},"barkbands_spread":{"dmean":1.41331040859,"dmean2":2.34042453766,"dvar":10.0202846527,"dvar2":26.7330226898,"max":115.118476868,"mean":6.96785163879,"median":5.18195486069,"min":0.545684993267,"var":67.928024292},"dissonance":{"dmean":0.0539106428623,"dmean2":0.0896266847849,"dvar":0.00234256824479,"dvar2":0.00631796009839,"max":0.500000059605,"mean":0.391150057316,"median":0.400548249483,"min":0.105294622481,"var":0.00480370922014},"dynamic_complexity":9.18740844727,"erbbands":{"dmean":[0.00613839225844,0.119655318558,1.0445445776,1.69836270809,6.01491451263,9.62105941772,10.1290683746,5.94460201263,6.20113325119,5.66840267181,9.67566013336,16.1259269714,22.2724018097,5.06946611404,1.92395114899,1.405569911,0.580037713051,0.747165977955,0.464643418789,0.269672870636,0.231434613466,0.204108804464,0.180322766304,0.158233106136,0.138068467379,0.119593001902,0.102629296482,0.0865844786167,0.0719231069088,0.0583696477115,0.0459988005459,0.0349565446377,0.0253392998129,0.0172550790012,0.0107981599867,0.00602542143315,0.00286559457891,0.00108379172161,0.000302817701595,0.000250046694418],"dmean2":[0.00967649184167,0.183419540524,1.65660321712,2.59969544411,9.08878898621,15.5423164368,16.5471019745,9.57760429382,9.48147678375,9.17821025848,15.4544534683,23.9826164246,32.0365104675,7.5225815773,3.13637423515,2.23876738548,0.948715806007,1.22309851646,0.729344844818,0.454250365496,0.391174376011,0.344960838556,0.305188238621,0.267372965813,0.233331650496,0.202228963375,0.173617213964,0.146393194795,0.121401198208,0.0985206365585,0.0776240453124,0.0589691586792,0.0427235476673,0.0290738902986,0.0181621517986,0.0101071037352,0.0047765946947,0.00179768598173,0.000495685439091,0.000377097487217],"dvar":[0.000567247217987,0.157288953662,7.3804602623,17.2952289581,398.115234375,1199.21130371,780.952758789,165.937606812,232.968765259,147.175521851,583.677062988,1819.68273926,3563.88452148,161.365203857,23.9825286865,13.4752235413,2.26782751083,5.91016197205,1.71640741825,0.668535590172,0.497354954481,0.391422063112,0.312344819307,0.23980216682,0.183587297797,0.138106226921,0.101769573987,0.0725880488753,0.050008174032,0.0331145562232,0.0205220729113,0.0117966299877,0.00618476560339,0.00285819452256,0.00110949366353,0.000338963058311,0.0000734069035389,0.00000959762110142,5.8967248151e-7,2.23474316385e-7],"dvar2":[0.00127978320234,0.346572518349,18.7340583801,40.9375953674,924.426513672,3224.68652344,2241.35180664,410.309936523,431.313873291,359.996887207,1517.23730469,3993.95458984,7100.71533203,369.66394043,59.1468353271,30.1051521301,6.17303371429,15.6087036133,4.30921888351,1.74176633358,1.29215097427,1.01937735081,0.815558433533,0.624652922153,0.478489935398,0.35984364152,0.265336245298,0.18911036849,0.130255907774,0.0863482132554,0.0535225495696,0.0306740365922,0.0160853136331,0.00742498831823,0.00287874555215,0.00087719259318,0.000189126541954,0.0000245463616011,0.00000148153151258,5.16635907388e-7],"max":[0.792368412018,14.087761879,69.4668807983,74.5204391479,509.294464111,708.809692383,674.190490723,243.043014526,494.291046143,191.179443359,577.450439453,855.574890137,1193.01025391,623.869689941,124.704238892,141.35710144,30.6658306122,71.141166687,27.8834342957,12.6955795288,11.0894851685,10.0700387955,8.97803401947,7.82137203217,6.87631320953,6.05953502655,5.15613126755,4.33708429337,3.59956216812,2.97136926651,2.2952144146,1.77004158497,1.27711725235,0.867120325565,0.539342463017,0.297600746155,0.137231469154,0.0486563928425,0.0117343878374,0.0120225800201],"mean":[0.00956581532955,0.336584568024,2.95486927032,4.13789367676,13.8520812988,17.2307758331,15.6087331772,10.8233346939,13.4260320663,12.0576534271,19.3836841583,31.6416912079,51.78956604,17.7190685272,5.08804130554,2.92796111107,1.06031692028,1.51887357235,0.979663610458,0.284289360046,0.224551424384,0.19397072494,0.169570475817,0.148226857185,0.129157781601,0.111810639501,0.0960076078773,0.0812111571431,0.0676603317261,0.0552046075463,0.0437599085271,0.0334405899048,0.0242020040751,0.0165936760604,0.0105440849438,0.00605004280806,0.00301829725504,0.0012170918053,0.000485364056658,0.00115589727648],"median":[0.00141741998959,0.0338550955057,0.438060224056,0.831992387772,1.17696762085,1.87601745129,2.47879862785,3.33601021767,3.48984241486,1.85556173325,2.88242125511,2.93056821823,5.38960933685,2.93801641464,0.745287895203,0.342263251543,0.153597056866,0.135328114033,0.0748889520764,0.0312966406345,0.0220789965242,0.0186674054712,0.015553465113,0.0137512264773,0.0118933487684,0.0105001190677,0.00904698111117,0.00792177580297,0.00681141251698,0.00568418204784,0.00455324072391,0.00357635365799,0.00253667426296,0.00170522346161,0.001144338632,0.000739756447729,0.000450776249636,0.000213246326894,0.000127679595607,0.000423713965574],"min":[6.50158458373e-23,3.65902263539e-22,2.39858911237e-21,4.59904584982e-21,9.64479184864e-21,3.15946126297e-20,4.64185163872e-20,6.28265905713e-20,9.91045027276e-20,1.49402156914e-19,1.65261703724e-19,3.90559400825e-19,5.19012252299e-19,6.60592434244e-19,8.1681722855e-19,1.0968134715e-18,1.05548680432e-18,1.89660437621e-18,2.13452406106e-18,2.80863800318e-18,3.21927155236e-18,4.2492516221e-18,4.21669048447e-18,6.24418833441e-18,6.88484923141e-18,7.71544279117e-18,8.57760239028e-18,9.64163376353e-18,1.05695269244e-17,9.74257047778e-18,1.04676786571e-17,1.08219617678e-17,8.94338082997e-18,7.84700090451e-18,5.88099772926e-18,3.78199176973e-18,2.12944475851e-18,9.07332966343e-19,2.49198111548e-19,2.63490209258e-20],"var":[0.000880688545294,0.698338091373,40.6295318604,71.2060699463,1442.46166992,2304.47851562,1152.48620605,398.78036499,885.567626953,497.869171143,1416.88391113,5115.18408203,14985.6728516,1457.43310547,127.687759399,55.3231430054,5.50446796417,21.1821174622,6.81486320496,0.71489995718,0.50744497776,0.393112301826,0.309678375721,0.23808477819,0.181708842516,0.13651932776,0.100451499224,0.0717272534966,0.0495193749666,0.0327409058809,0.0203314591199,0.0117604425177,0.0061743282713,0.00287331175059,0.00112681300379,0.000350180780515,0.0000784412695793,0.0000109467882794,9.76339720182e-7,0.00000276676246358]},"erbbands_crest":{"dmean":2.13853669167,"dmean2":3.35771584511,"dvar":3.65012049675,"dvar2":8.56092071533,"max":25.9549293518,"mean":11.3948755264,"median":10.8483476639,"min":2.25712370872,"var":20.0725708008},"erbbands_flatness_db":{"dmean":0.0409378148615,"dmean2":0.0653565078974,"dvar":0.00121924572159,"dvar2":0.00329954875633,"max":0.449115931988,"mean":0.225266262889,"median":0.229948580265,"min":0.0303013958037,"var":0.00480407429859},"erbbands_kurtosis":{"dmean":2.63711833954,"dmean2":4.16168403625,"dvar":14.545674324,"dvar2":30.4924030304,"max":58.9670944214,"mean":4.54988622665,"median":2.55827951431,"min":-1.58032679558,"var":46.4763946533},"erbbands_skewness":{"dmean":0.540384292603,"dmean2":0.863317012787,"dvar":0.255931407213,"dvar2":0.614036202431,"max":6.62036275864,"mean":0.592102766037,"median":0.412995010614,"min":-2.90350794792,"var":1.65061151981},"erbbands_spread":{"dmean":3.40641689301,"dmean2":5.42752742767,"dvar":16.9964008331,"dvar2":38.8636474609,"max":127.530830383,"mean":14.1604385376,"median":11.0885505676,"min":0.73757237196,"var":129.201568604},"gfcc":{"cov":[[63537.3710938,9123.66992188,-2808.65625,-2403.87158203,-3206.71533203,-686.590026855,-596.299255371,-456.929107666,-906.001953125,-1067.85522461,-929.918334961,-947.970581055,-155.154159546],[9123.66992188,2337.16625977,-79.3831100464,-765.660888672,-498.21484375,-130.717971802,109.981399536,-211.188476562,-79.3338241577,-252.002883911,-84.8888931274,-221.723526001,0.206996887922],[-2808.65625,-79.3831100464,533.758361816,214.695022583,225.917617798,2.64043879509,69.4610748291,-17.9104175568,47.4065666199,-0.14659665525,42.0848274231,11.5557947159,-23.5927906036],[-2403.87158203,-765.660888672,214.695022583,691.951416016,287.682952881,47.562374115,-121.291503906,81.779548645,-1.33561968803,64.1487960815,-14.901140213,55.1529655457,-62.1669769287],[-3206.71533203,-498.21484375,225.917617798,287.682952881,310.364379883,96.5645599365,28.5282669067,25.4690856934,43.9035873413,58.8491592407,32.0996704102,25.05235672,-20.184709549],[-686.590026855,-130.717971802,2.64043879509,47.562374115,96.5645599365,103.358390808,46.8996315002,16.8907604218,-8.83874607086,8.38674545288,-7.98603105545,1.85721540451,-7.42333936691],[-596.299255371,109.981399536,69.4610748291,-121.291503906,28.5282669067,46.8996315002,122.937339783,18.6820297241,30.0528049469,-27.2874698639,2.05880618095,-15.3645467758,19.0736446381],[-456.929107666,-211.188476562,-17.9104175568,81.779548645,25.4690856934,16.8907604218,18.6820297241,95.0359344482,34.8927154541,17.1625423431,-28.8189582825,-0.457173079252,1.01126456261],[-906.001953125,-79.3338241577,47.4065666199,-1.33561968803,43.9035873413,-8.83874607086,30.0528049469,34.8927154541,78.2797470093,43.2278327942,18.4745883942,-15.5962648392,-4.52884340286],[-1067.85522461,-252.002883911,-0.14659665525,64.1487960815,58.8491592407,8.38674545288,-27.2874698639,17.1625423431,43.2278327942,82.0591964722,44.4761810303,24.1232891083,-14.084564209],[-929.918334961,-84.8888931274,42.0848274231,-14.901140213,32.0996704102,-7.98603105545,2.05880618095,-28.8189582825,18.4745883942,44.4761810303,76.1150512695,47.4934997559,10.1241846085],[-947.970581055,-221.723526001,11.5557947159,55.1529655457,25.05235672,1.85721540451,-15.3645467758,-0.457173079252,-15.5962648392,24.1232891083,47.4934997559,79.5967636108,28.6010017395],[-155.154159546,0.206996887922,-23.5927906036,-62.1669769287,-20.184709549,-7.42333936691,19.0736446381,1.01126456261,-4.52884340286,-14.084564209,10.1241846085,28.6010017395,47.9183387756]],"icov":[[0.000170276820427,-0.000812867772765,0.000548927288037,-0.00028523436049,0.000211243648664,0.000189848389709,0.000506239884999,-0.00117892073467,0.00146834878251,-0.000739912269637,0.000182289339136,0.000260105560301,0.000124364043586],[-0.000812867772765,0.00633081421256,-0.00433049583808,0.0017465299461,0.0039352523163,-0.00649357168004,0.00176450842991,0.00661460170522,-0.0103570343927,0.01222624816,-0.0086836675182,0.00698601733893,-0.00243612588383],[0.000548927288037,-0.00433049583808,0.0102283861488,-0.00518743740395,-0.0075514819473,0.0194508172572,-0.0193666405976,0.00383038539439,0.0127086462453,-0.0163349620998,0.0127337984741,-0.00741356657818,0.00569674978033],[-0.00028523436049,0.0017465299461,-0.00518743740395,0.0139028020203,-0.00724841840565,-0.0132316118106,0.0291929319501,-0.013580724597,-0.0155188199133,0.02742263861,-0.00746524194255,-0.0107201682404,0.01268451754],[0.000211243648664,0.0039352523163,-0.0075514819473,-0.00724841840565,0.030686814338,-0.0302919056267,0.0105756036937,0.00692916335538,-0.0156167214736,0.0134652955458,-0.0208121370524,0.0236955378205,-0.0158411227167],[0.000189848389709,-0.00649357168004,0.0194508172572,-0.0132316118106,-0.0302919056267,0.0977457240224,-0.0964688435197,0.020506631583,0.0782381147146,-0.102532550693,0.0646609216928,-0.0150617966428,0.00598760554567],[0.000506239884999,0.00176450842991,-0.0193666405976,0.0291929319501,0.0105756036937,-0.0964688435197,0.142350777984,-0.0550289414823,-0.0814420506358,0.136004924774,-0.0798652544618,0.00683706998825,0.00905089545995],[-0.00117892073467,0.00661460170522,0.00383038539439,-0.013580724597,0.00692916335538,0.020506631583,-0.0550289414823,0.0676039010286,-0.0158896986395,-0.0405302345753,0.0568184033036,-0.0226162932813,-0.00492635881528],[0.00146834878251,-0.0103570343927,0.0127086462453,-0.0155188199133,-0.0156167214736,0.0782381147146,-0.0814420506358,-0.0158896986395,0.138038635254,-0.122681468725,0.0199736841023,0.0463639385998,-0.0256886817515],[-0.000739912269637,0.01222624816,-0.0163349620998,0.02742263861,0.0134652955458,-0.102532550693,0.136004924774,-0.0405302345753,-0.122681468725,0.202546864748,-0.110408008099,0.00182881928049,0.031767886132],[0.000182289339136,-0.0086836675182,0.0127337984741,-0.00746524194255,-0.0208121370524,0.0646609216928,-0.0798652544618,0.0568184033036,0.0199736841023,-0.110408008099,0.14719735086,-0.0859022736549,0.0186617001891],[0.000260105560301,0.00698601733893,-0.00741356657818,-0.0107201682404,0.0236955378205,-0.0150617966428,0.00683706998825,-0.0226162932813,0.0463639385998,0.00182881928049,-0.0859022736549,0.118749529123,-0.0591511912644],[0.000124364043586,-0.00243612588383,0.00569674978033,0.01268451754,-0.0158411227167,0.00598760554567,0.00905089545995,-0.00492635881528,-0.0256886817515,0.031767886132,0.0186617001891,-0.0591511912644,0.0695715621114]],"mean":[-227.56338501,130.60585022,-37.627494812,-24.8940505981,-52.5697097778,-10.4328708649,-13.574385643,-11.2275781631,-17.0528850555,-16.0752220154,-13.3370494843,-10.8045654297,-5.28304958344]},"hfc":{"dmean":8.2191619873,"dmean2":12.4506092072,"dvar":287.780181885,"dvar2":703.328186035,"max":485.200866699,"mean":37.8444366455,"median":13.0692062378,"min":1.06017661233e-16,"var":3433.22631836},"melbands":{"dmean":[0.0000827917392598,0.000404050340876,0.000347235705703,0.000594986020587,0.000375445524696,0.000132743924041,0.0000901371822692,0.0000783725263318,0.0000676872296026,0.000142528879223,0.000114609465527,0.0000211060632864,0.00000613319934928,0.00000738689050195,0.00000168880467299,0.0000014776325088,0.00000139429289447,8.96458232091e-7,4.04671908427e-7,3.19063502729e-7,2.59672958691e-7,2.14401154608e-7,1.78996046429e-7,1.49515869907e-7,1.25880333712e-7,1.06186163862e-7,9.01456189695e-8,7.66396155427e-8,6.55000818028e-8,5.61884192507e-8,4.81017217169e-8,4.14801135662e-8,3.58370400022e-8,3.10649426183e-8,2.69523141583e-8,2.34512231856e-8,2.05309831358e-8,1.80205805833e-8,1.59013602286e-8,1.40876252885e-8],"dmean2":[0.000125533246319,0.00063681503525,0.000532163481694,0.000935274525546,0.000603865948506,0.000211456776015,0.000138005416375,0.000127780265757,0.000108330939838,0.000211362887057,0.000165196281159,0.0000314649914799,0.00000983280369837,0.0000121392622532,0.00000280199515146,0.00000248572246164,0.00000222728249355,0.00000140612348787,6.84239125803e-7,5.39044663128e-7,4.39288925236e-7,3.62461349823e-7,3.0269612239e-7,2.5291629413e-7,2.12706893876e-7,1.79370800879e-7,1.52420184918e-7,1.29582915065e-7,1.10768233696e-7,9.50966878577e-8,8.12842060327e-8,7.00148845567e-8,6.04867054221e-8,5.24189154305e-8,4.55053488224e-8,3.9536281804e-8,3.46493536085e-8,3.03826332981e-8,2.68048978569e-8,2.37321344798e-8],"dvar":[8.78648833691e-8,0.0000011735728549,0.00000101117848317,0.00000431735134043,0.00000109825930394,8.19579071276e-8,4.63486529156e-8,3.08966932039e-8,2.82856671419e-8,1.46815310131e-7,9.36935009577e-8,2.74506617437e-9,2.27923541152e-10,4.74893013802e-10,1.89957251318e-11,2.11193857541e-11,2.00400980532e-11,6.44713232453e-12,1.50645685162e-12,9.43573344458e-13,6.26418947096e-13,4.29831300761e-13,3.07183748924e-13,2.14787687419e-13,1.51622190823e-13,1.08281649435e-13,7.87348905149e-14,5.66398327979e-14,4.13791247903e-14,3.06530212183e-14,2.23445902352e-14,1.66058556202e-14,1.24673449665e-14,9.37286933586e-15,7.04957569912e-15,5.31935208568e-15,4.06591865956e-15,3.12904029232e-15,2.43355382131e-15,1.90297852414e-15],"dvar2":[1.9114715144e-7,0.00000293604284707,0.00000227675513997,0.0000113043870442,0.00000316250543619,1.94793443598e-7,8.84401103463e-8,7.95477532733e-8,7.41368921808e-8,3.1864985317e-7,1.87797567719e-7,6.27630525329e-9,5.6038895746e-10,1.11304876427e-9,5.14477661862e-11,5.7619270466e-11,5.12434365774e-11,1.59297540436e-11,3.92724828352e-12,2.45309827139e-12,1.62841571824e-12,1.1184756463e-12,8.02676664285e-13,5.60178260115e-13,3.94859546535e-13,2.82288298639e-13,2.05101913101e-13,1.4761083252e-13,1.07849147636e-13,7.99617736933e-14,5.81839874132e-14,4.32317721932e-14,3.25017248358e-14,2.44431516314e-14,1.83896629614e-14,1.385110627e-14,1.05660710961e-14,8.13980959323e-15,6.32634974612e-15,4.94250289228e-15],"max":[0.0105144940317,0.0302965100855,0.0233226101846,0.0421478003263,0.0214235037565,0.00601247139275,0.00658013811335,0.00333635718562,0.00383212696761,0.00765102030709,0.00604231562465,0.0025383036118,0.000423322111601,0.000842504261527,0.0000782860588515,0.000146614242112,0.00012852124928,0.0000625550092082,0.0000185825429071,0.0000154733006639,0.0000124004600366,0.000010601215763,0.00000888221529749,0.00000741777421354,0.00000621198978479,0.00000527366591996,0.00000454084329249,0.00000388905027648,0.00000328245209857,0.00000284227462544,0.00000239374048761,0.00000207167454391,0.00000181371569852,0.00000158241232384,0.00000134210665692,0.00000117639558539,0.00000104120022115,9.08604931738e-7,8.00823386271e-7,7.07153390067e-7],"mean":[0.000170617990079,0.00116335891653,0.000928712135646,0.00129292719066,0.000581165833864,0.000254535931163,0.000194277454284,0.000159078554134,0.000136936505442,0.000267429888481,0.000264019734459,0.0000691542009008,0.0000169231916516,0.0000142324242915,0.00000269697170552,0.00000250451739703,0.00000298335817206,0.00000202958017326,4.05288574257e-7,3.11761112926e-7,2.49462715374e-7,2.03874932936e-7,1.68505223996e-7,1.40366324786e-7,1.17825571522e-7,9.93024897866e-8,8.42602858597e-8,7.16429724434e-8,6.12816677403e-8,5.2573540188e-8,4.51321895412e-8,3.89921233079e-8,3.38028982583e-8,2.93807680407e-8,2.55883403355e-8,2.24323351006e-8,1.96296383592e-8,1.71913860925e-8,1.52063339698e-8,1.35592728157e-8],"median":[0.0000197058143385,0.000173961365363,0.000173575026565,0.000115027411084,0.0000861353764776,0.000079959150753,0.000049895948905,0.0000196535238501,0.0000200379399757,0.0000199208807317,0.0000286766135105,0.0000110106539069,0.00000215864770325,0.0000011934162103,4.17099613514e-7,2.66532310889e-7,2.50535663326e-7,1.30869963755e-7,4.42255760902e-8,3.0865113132e-8,2.41760229613e-8,1.96628882065e-8,1.55579247263e-8,1.28493899965e-8,1.08889066652e-8,9.10764974549e-9,7.87431186922e-9,6.74664324407e-9,5.78758552194e-9,5.12087883209e-9,4.42929293243e-9,3.90112830928e-9,3.435721041e-9,3.05122216382e-9,2.66425481676e-9,2.40365216619e-9,2.0959258773e-9,1.79417003476e-9,1.55756041398e-9,1.38872702227e-9],"min":[9.5082203628e-25,1.29515992002e-24,1.0538498343e-24,1.24166903697e-24,1.67164871741e-24,1.20793379479e-24,1.45013480029e-24,2.11976785994e-24,9.16302370536e-25,2.13206008778e-24,2.24992103462e-24,1.85888150061e-24,1.71072868944e-24,2.71139283126e-24,2.68578680071e-24,1.92933309033e-24,3.09635123377e-24,2.3114298999e-24,1.97351640077e-24,3.20068794924e-24,3.31802667016e-24,3.4324320118e-24,3.36397387358e-24,3.29638841274e-24,4.20646943175e-24,2.18076633222e-24,4.53889305063e-24,4.05605811181e-24,4.65838733397e-24,4.50789831123e-24,5.58788044491e-24,4.59238728633e-24,4.44512904343e-24,4.44669651005e-24,5.73072422219e-24,3.66764706234e-24,5.38119454901e-24,5.70963087044e-24,5.40636788936e-24,5.96734265628e-24],"var":[2.18222126591e-7,0.00000632969295111,0.00000404261754738,0.0000129932668642,0.00000164047582984,2.22959357643e-7,1.71693258721e-7,8.52352783909e-8,7.1832971571e-8,4.00338706186e-7,3.8600896346e-7,2.23383089804e-8,1.46148115832e-9,1.76215464442e-9,3.54932749858e-11,5.18440256003e-11,8.30084681547e-11,3.20276652421e-11,1.55398252859e-12,9.66217123671e-13,6.35824780413e-13,4.32459569457e-13,3.04825012887e-13,2.13046282547e-13,1.50544642941e-13,1.07240808573e-13,7.77787665003e-14,5.60065638614e-14,4.08991925342e-14,3.01867363571e-14,2.21094420305e-14,1.64539284026e-14,1.23294844251e-14,9.2647828496e-15,6.97259056861e-15,5.29524468097e-15,4.05476916488e-15,3.12006682528e-15,2.43550729104e-15,1.91530666517e-15]},"melbands_crest":{"dmean":2.24578380585,"dmean2":3.63805246353,"dvar":3.91642069817,"dvar2":10.2698945999,"max":29.653175354,"mean":13.3342342377,"median":12.855966568,"min":1.61946308613,"var":27.8779239655},"melbands_flatness_db":{"dmean":0.0507181920111,"dmean2":0.0813965052366,"dvar":0.00194443634246,"dvar2":0.00527812959626,"max":0.597250819206,"mean":0.348226666451,"median":0.365685433149,"min":0.00330687779933,"var":0.0118417935446},"melbands_kurtosis":{"dmean":3.79568886757,"dmean2":6.20605897903,"dvar":41.3018569946,"dvar2":105.508995056,"max":149.920684814,"mean":8.38843250275,"median":2.50551509857,"min":-1.71798276901,"var":249.858459473},"melbands_skewness":{"dmean":0.452895820141,"dmean2":0.706876158714,"dvar":0.214614823461,"dvar2":0.488842964172,"max":7.74223089218,"mean":1.47840285301,"median":1.3016089201,"min":-3.1397600174,"var":1.77380526066},"melbands_spread":{"dmean":2.08107686043,"dmean2":3.27034258842,"dvar":19.6409606934,"dvar2":42.6157836914,"max":185.09223938,"mean":15.0229129791,"median":6.91140365601,"min":0.918046414852,"var":988.465026855},"mfcc":{"cov":[[16275.5546875,5276.70361328,-65.7729415894,-482.814239502,-844.917297363,-291.843566895,-138.890716553,67.8063812256,88.6809768677,144.951980591,-85.3800201416,-330.249084473,-419.925262451],[5276.70361328,4032.98681641,707.331115723,-474.643890381,-583.756652832,-139.85357666,25.8611660004,25.6675434113,-1.04259908199,42.9178657532,-33.2922782898,-184.153076172,-229.762710571],[-65.7729415894,707.331115723,509.287475586,135.739028931,32.5714378357,12.4872255325,40.5213050842,23.9191379547,0.703390657902,-20.387348175,-12.2076463699,-3.74845767021,-3.60280871391],[-482.814239502,-474.643890381,135.739028931,400.397674561,267.698608398,55.163482666,-10.248374939,13.6951818466,13.6426134109,-17.4302425385,-6.39713001251,47.0773200989,55.8941307068],[-844.917297363,-583.756652832,32.5714378357,267.698608398,254.814468384,100.377479553,19.9914302826,-1.43909287453,-1.98933947086,-10.8665943146,11.0431404114,46.8394470215,49.053943634],[-291.843566895,-139.85357666,12.4872255325,55.163482666,100.377479553,94.5586776733,56.9734039307,11.1638088226,-7.51409196854,-5.28563547134,7.94994497299,12.9622516632,8.76863288879],[-138.890716553,25.8611660004,40.5213050842,-10.248374939,19.9914302826,56.9734039307,71.2796859741,43.5754852295,12.7203950882,-6.783598423,-8.64756584167,-6.25861978531,-2.81748151779],[67.8063812256,25.6675434113,23.9191379547,13.6951818466,-1.43909287453,11.1638088226,43.5754852295,63.1522102356,46.6534309387,11.5013370514,-14.2625741959,-18.10064888,-12.6867427826],[88.6809768677,-1.04259908199,0.703390657902,13.6426134109,-1.98933947086,-7.51409196854,12.7203950882,46.6534309387,61.7425460815,44.2451629639,8.95485973358,-18.1348514557,-26.7147884369],[144.951980591,42.9178657532,-20.387348175,-17.4302425385,-10.8665943146,-5.28563547134,-6.783598423,11.5013370514,44.2451629639,63.8111000061,40.6941490173,-4.67091083527,-32.2808151245],[-85.3800201416,-33.2922782898,-12.2076463699,-6.39713001251,11.0431404114,7.94994497299,-8.64756584167,-14.2625741959,8.95485973358,40.6941490173,50.2666854858,27.5128822327,0.0449236221611],[-330.249084473,-184.153076172,-3.74845767021,47.0773200989,46.8394470215,12.9622516632,-6.25861978531,-18.10064888,-18.1348514557,-4.67091083527,27.5128822327,54.4148254395,49.7523269653],[-419.925262451,-229.762710571,-3.60280871391,55.8941307068,49.053943634,8.76863288879,-2.81748151779,-12.6867427826,-26.7147884369,-32.2808151245,0.0449236221611,49.7523269653,70.4449920654]],"icov":[[0.000243912203587,-0.000510017329361,0.00105779571459,-0.00141340412665,0.00125155283604,-0.000642027589492,-0.00019062148931,0.000599295482971,-0.000678144628182,0.000268030766165,0.000293752877042,-0.000498804613017,0.000492516963277],[-0.000510017329361,0.00226509082131,-0.00440564658493,0.00247025536373,0.0031003721524,-0.00673180818558,0.00866412930191,-0.00730077829212,0.00664657400921,-0.00520104449242,0.00253632478416,0.000312943157041,-0.000212446160731],[0.00105779571459,-0.00440564658493,0.0131899751723,-0.0139462389052,0.00235131871887,0.0184737406671,-0.0369791612029,0.0340509489179,-0.0251460708678,0.0209615956992,-0.0172005947679,0.00891766324639,-0.00182502635289],[-0.00141340412665,0.00247025536373,-0.0139462389052,0.0463839061558,-0.0568076260388,0.016949204728,0.0488069429994,-0.0800902917981,0.0657977685332,-0.0451847836375,0.0406999252737,-0.034042224288,0.0153549984097],[0.00125155283604,0.0031003721524,0.00235131871887,-0.0568076260388,0.124977521598,-0.123969562352,0.0331246107817,0.0813993737102,-0.125955089927,0.087326861918,-0.0392011925578,0.0172099936754,-0.0127239748836],[-0.000642027589492,-0.00673180818558,0.0184737406671,0.016949204728,-0.123969562352,0.248404592276,-0.231901630759,0.0604426711798,0.103835053742,-0.114403277636,0.0398347005248,0.00105566286948,0.00491067627445],[-0.00019062148931,0.00866412930191,-0.0369791612029,0.0488069429994,0.0331246107817,-0.231901630759,0.397463828325,-0.333839982748,0.110972002149,0.0544435828924,-0.072141520679,0.0255743134767,-0.00290431920439],[0.000599295482971,-0.00730077829212,0.0340509489179,-0.0800902917981,0.0813993737102,0.0604426711798,-0.333839982748,0.547803580761,-0.462867707014,0.176321402192,0.042079217732,-0.0686297044158,0.019855864346],[-0.000678144628182,0.00664657400921,-0.0251460708678,0.0657977685332,-0.125955089927,0.103835053742,0.110972002149,-0.462867707014,0.667291224003,-0.514825701714,0.209121853113,-0.0121976044029,-0.0143721364439],[0.000268030766165,-0.00520104449242,0.0209615956992,-0.0451847836375,0.087326861918,-0.114403277636,0.0544435828924,0.176321402192,-0.514825701714,0.709033668041,-0.568793237209,0.257961779833,-0.0432325899601],[0.000293752877042,0.00253632478416,-0.0172005947679,0.0406999252737,-0.0392011925578,0.0398347005248,-0.072141520679,0.042079217732,0.209121853113,-0.568793237209,0.723613977432,-0.50359416008,0.177749022841],[-0.000498804613017,0.000312943157041,0.00891766324639,-0.034042224288,0.0172099936754,0.00105566286948,0.0255743134767,-0.0686297044158,-0.0121976044029,0.257961779833,-0.50359416008,0.503009736538,-0.239288806915],[0.000492516963277,-0.000212446160731,-0.00182502635289,0.0153549984097,-0.0127239748836,0.00491067627445,-0.00290431920439,0.019855864346,-0.0143721364439,-0.0432325899601,0.177749022841,-0.239288806915,0.159495517612]],"mean":[-861.902282715,186.859222412,49.1401748657,2.8111512661,-13.0936412811,-3.44929432869,1.03903651237,1.93771088123,-0.763218641281,-1.50104987621,-5.00304222107,-8.51683616638,-9.15712356567]},"pitch_salience":{"dmean":0.0553040802479,"dmean2":0.0869278535247,"dvar":0.00211647339165,"dvar2":0.0052185067907,"max":0.897361814976,"mean":0.59059971571,"median":0.59055429697,"min":0.226191610098,"var":0.0106405168772},"silence_rate_20dB":{"dmean":0,"dmean2":0,"dvar":0,"dvar2":0,"max":1,"mean":1,"median":1,"min":1,"var":0},"silence_rate_30dB":{"dmean":0.0111548556015,"dmean2":0.0223170332611,"dvar":0.0110304243863,"dvar2":0.0290392003953,"max":1,"mean":0.967858314514,"median":1,"min":0,"var":0.0311085972935},"silence_rate_60dB":{"dmean":0.0282152239233,"dmean2":0.0564489662647,"dvar":0.0274191237986,"dvar2":0.0611390806735,"max":1,"mean":0.445063948631,"median":0,"min":0,"var":0.246982038021},"spectral_centroid":{"dmean":69.8147735596,"dmean2":112.481163025,"dvar":40883.6484375,"dvar2":85180.6953125,"max":11780.2734375,"mean":999.645812988,"median":406.254821777,"min":173.235809326,"var":5664314},"spectral_complexity":{"dmean":0.993438303471,"dmean2":1.67509019375,"dvar":1.3011380434,"dvar2":3.35882496834,"max":19,"mean":6.48015737534,"median":6,"min":0,"var":19.2000827789},"spectral_contrast_coeffs":{"dmean":[0.041354637593,0.0410252958536,0.034949336201,0.0410396493971,0.0224759411067,0.0107095343992],"dmean2":[0.067662678659,0.0685060173273,0.0570797249675,0.0683511048555,0.0399683788419,0.0180598944426],"dvar":[0.00117653713096,0.00108246935997,0.00092067650985,0.00131368055008,0.000435033405665,0.000101282086689],"dvar2":[0.00312327081338,0.00301924184896,0.00239471090026,0.00352784036659,0.00116393121425,0.000288510374958],"max":[-0.332330644131,-0.541983485222,-0.511644124985,-0.65703690052,-0.846135258675,-0.81187659502],"mean":[-0.625912606716,-0.784268498421,-0.770031690598,-0.884768366814,-0.939003288746,-0.868452191353],"median":[-0.614298343658,-0.778660774231,-0.760635614395,-0.897261083126,-0.947705090046,-0.863707542419],"min":[-0.980354905128,-0.979708194733,-0.977263212204,-0.985107123852,-0.973754227161,-0.964596390724],"var":[0.0129349911585,0.00533276656643,0.00915620382875,0.00416726432741,0.000601715408266,0.000641407503281]},"spectral_contrast_valleys":{"dmean":[0.403193473816,0.354792207479,0.35493850708,0.681038439274,0.765028238297,0.63513559103],"dmean2":[0.675504982471,0.572601556778,0.569186687469,1.12235200405,1.28576898575,1.05343723297],"dvar":[0.156065925956,0.127751022577,0.155768156052,0.368133306503,0.489615499973,0.37572029233],"dvar2":[0.353732168674,0.257605046034,0.317449301481,0.883525133133,1.22542607784,0.937778890133],"max":[-5.20004367828,-4.74414396286,-5.39356374741,-6.2203783989,-6.38217067719,-8.85844993591],"mean":[-9.17495918274,-8.29093074799,-9.28878879547,-10.4744796753,-10.6619615555,-12.8291072845],"median":[-8.21444225311,-7.08153057098,-8.20655155182,-9.52400684357,-9.73958587646,-12.1067829132],"min":[-28.2861042023,-27.9277954102,-27.8721065521,-27.9057826996,-27.5677013397,-27.4203090668],"var":[20.2381420135,22.2154808044,20.0049114227,17.5166435242,17.0466136932,12.8682889938]},"spectral_decrease":{"dmean":1.20925358615e-9,"dmean2":1.84566684158e-9,"dvar":1.01646228417e-17,"dvar2":2.68659329407e-17,"max":1.44752404507e-10,"mean":-4.10036360421e-9,"median":-7.76634867528e-10,"min":-7.89020191405e-8,"var":5.1644005767e-17},"spectral_energy":{"dmean":0.00475334422663,"dmean2":0.00717538222671,"dvar":0.000150913503603,"dvar2":0.000394644914195,"max":0.325340002775,"mean":0.0189083255827,"median":0.00431331479922,"min":9.83621065123e-21,"var":0.0010128141148},"spectral_energyband_high":{"dmean":0.0000137088354677,"dmean2":0.0000229140150623,"dvar":1.71481673306e-9,"dvar2":4.42809433565e-9,"max":0.000664479564875,"mean":0.0000141200198414,"median":0.00000192172592506,"min":7.08601929142e-21,"var":1.80501480429e-9},"spectral_energyband_low":{"dmean":0.00155422859825,"dmean2":0.00240369257517,"dvar":0.0000160214476637,"dvar2":0.0000395237148041,"max":0.1153697595,"mean":0.00456962035969,"median":0.00081319216406,"min":8.70073583211e-24,"var":0.0000836236722535},"spectral_energyband_middle_high":{"dmean":0.000234366991208,"dmean2":0.000355662748916,"dvar":3.13160285259e-7,"dvar2":7.24593405721e-7,"max":0.0198596250266,"mean":0.000848837837111,"median":0.000183307551197,"min":1.15019019889e-21,"var":0.00000310338532472},"spectral_energyband_middle_low":{"dmean":0.00417036702856,"dmean2":0.00634352117777,"dvar":0.000121776967717,"dvar2":0.000321275379974,"max":0.200059711933,"mean":0.0128072407097,"median":0.00256225117482,"min":1.39070447305e-22,"var":0.000505397678353},"spectral_entropy":{"dmean":0.427356213331,"dmean2":0.692579627037,"dvar":0.141809761524,"dvar2":0.358106195927,"max":9.82002162933,"mean":6.51282262802,"median":6.28409051895,"min":4.88793754578,"var":0.944276452065},"spectral_flux":{"dmean":0.00895104836673,"dmean2":0.0150080053136,"dvar":0.000205172938877,"dvar2":0.000604023982305,"max":0.267027795315,"mean":0.0405534431338,"median":0.0242616534233,"min":6.24324689169e-11,"var":0.00172505539376},"spectral_kurtosis":{"dmean":22.1250991821,"dmean2":37.2860527039,"dvar":782.570617676,"dvar2":2190.91674805,"max":242.986343384,"mean":35.1122665405,"median":24.6916656494,"min":-1.27146852016,"var":1048.7598877},"spectral_rms":{"dmean":0.000362096878234,"dmean2":0.000527105177753,"dvar":3.53113222218e-7,"dvar2":8.75162868397e-7,"max":0.0178158599883,"mean":0.0031490039546,"median":0.00205136835575,"min":3.09779003664e-12,"var":0.00000853092205944},"spectral_rolloff":{"dmean":2261.49487305,"dmean2":4459.73339844,"dvar":39091732,"dvar2":101930056,"max":21920.8007812,"mean":6786.52539062,"median":796.728515625,"min":150.732421875,"var":87393448},"spectral_skewness":{"dmean":1.39701390266,"dmean2":2.31434297562,"dvar":2.02741622925,"dvar2":5.67727088928,"max":12.7624912262,"mean":4.40107297897,"median":4.10790777206,"min":-0.097563803196,"var":4.45581054688},"spectral_spread":{"dmean":886104.5625,"dmean2":1460312.5,"dvar":1145017204740,"dvar2":2590422597630,"max":43337348,"mean":5097839.5,"median":3032158,"min":652896.5625,"var":71394863874000},"spectral_strongpeak":{"dmean":0.675660431385,"dmean2":1.17611885071,"dvar":7.04227733612,"dvar2":17.3765525818,"max":39.468208313,"mean":1.08793759346,"median":0.335804581642,"min":0,"var":9.08843040466},"zerocrossingrate":{"dmean":0.0280670411885,"dmean2":0.0363638922572,"dvar":0.000662208301947,"dvar2":0.00109648611397,"max":0.7470703125,"mean":0.231631398201,"median":0.2001953125,"min":0.0322265625,"var":0.0131988963112}},"metadata":{"audio_properties":{"analysis_sample_rate":44100,"bit_rate":160000,"codec":"mp3","downmix":"mix","equal_loudness":0,"length":70.7657165527,"lossless":false,"md5_encoded":"bf804281579a95fc2f2a26bbb0a0c8ad","replay_gain":8.73909187317,"sample_rate":44100},"tags":{"acoustid_id":["27376ac3-2afb-4dba-9a5d-ac77683ca5c6"],"album":["You & Me"],"albumartist":["The Walkmen"],"artist":["The Walkmen"],"date":["2008"],"discnumber":["1/1"],"file_name":"02 - The Walkmen - Flamingos (for Colbert).mp3","musicbrainz_albumartistid":["b7834ebd-64ae-46c3-a930-2d3a52ee743a"],"musicbrainz_albumid":["67bffab2-20a6-38c2-9434-652b58728556"],"musicbrainz_artistid":["b7834ebd-64ae-46c3-a930-2d3a52ee743a"],"musicbrainz_recordingid":["5578ccc5-3540-4ba5-a4f7-fd30898e6772"],"musicbrainz_releasegroupid":["99eeb9b9-1d4c-35a6-acd9-3086f6114a59"],"replaygain_album_gain":["+0.73 dB"],"replaygain_album_peak":["0.342621"],"replaygain_track_gain":["+10.04 dB"],"replaygain_track_peak":["0.192643"],"title":["Flamingos (for Colbert)"],"tracknumber":["2/14"]},"version":{"essentia":"2.1-beta1","essentia_build_sha":"e76a03f03bb3900de42a1fa0d9be1e72f12def64","essentia_git_sha":"v2.1_beta1-28-g21ef5f4-dirty","extractor":"music 1.0"}},"rhythm":{"beats_count":164,"beats_loudness":{"dmean":0.0109394080937,"dmean2":0.0174852721393,"dvar":0.000389070686651,"dvar2":0.000894208205864,"max":0.242657065392,"mean":0.0214877128601,"median":0.00491327326745,"min":0,"var":0.00126221624669},"beats_loudness_band_ratio":{"dmean":[0.157099232078,0.139548763633,0.151924669743,0.0395087189972,0.00315863732249,0.0671201646328],"dmean2":[0.251249492168,0.235844507813,0.255111306906,0.0691930130124,0.00567982625216,0.11305989325],"dvar":[0.018067991361,0.0151614425704,0.0207544192672,0.00274560949765,0.0000754298525862,0.0107808746397],"dvar2":[0.0453253425658,0.0334376655519,0.0584270730615,0.00743929855525,0.000140224787174,0.0237327907234],"max":[0.808817923069,0.826132893562,0.778622210026,0.448693245649,0.0837432146072,0.82058775425],"mean":[0.35081115365,0.31267