{"lowlevel":{"average_loudness":0.76190072298,"barkbands":{"dmean":[0.00186432618648,0.00530298706144,0.00279132393189,0.00100774690509,0.00139226717874,0.00181687332224,0.00129041261971,0.000757106521633,0.0007052377332,0.000749152502976,0.000665160187054,0.000873513228726,0.000749235157855,0.000479701266158,0.000181057781447,0.000115563030704,0.000146303529618,0.000131320310174,0.000096466850664,0.0000552298333787,0.0000339694815921,0.0000143576917253,0.00000469045926366,0.00000241457587435,0.00000205500828088,0.00000320981303048,0.000157176080393],"dmean2":[0.00291929300874,0.00878147128969,0.00484116422012,0.00168149452657,0.00230710674077,0.00279992842115,0.00204742513597,0.00120284536388,0.00114307471085,0.00122131069656,0.00110060267616,0.00144658493809,0.00121299445163,0.000775836291723,0.000300474232063,0.000192087420146,0.000242924783379,0.000216766929952,0.000157993461471,0.0000891002055141,0.0000536212464795,0.0000222447670239,0.00000733552315069,0.00000390525747207,0.00000338613199347,0.00000499009138366,0.000228692457313],"dvar":[0.0000103909915197,0.0000939838573686,0.0000516745421919,0.00000319320747622,0.00000581153653911,0.0000272832567134,0.0000167768994288,0.00000543596206626,0.00000302244825434,0.00000203941044674,0.00000191941171579,0.00000358442525794,0.00000179865912742,6.63498212816e-7,1.00959589133e-7,3.14550838709e-8,4.9614545361e-8,4.40088889775e-8,2.24438441165e-8,9.94304905078e-9,1.17816938427e-8,1.30516242258e-9,5.00290364691e-11,1.57218890684e-11,1.30967892781e-11,2.02698153401e-11,5.5834622259e-8],"dvar2":[0.0000241626366915,0.000247616058914,0.000141073658597,0.0000083357854237,0.0000149368634084,0.0000586092246522,0.0000409502790717,0.0000117649387903,0.00000772078419686,0.00000525182258571,0.00000474014314022,0.00000934781292017,0.00000453723896499,0.00000171236092683,2.62707231968e-7,8.64540083967e-8,1.30841328883e-7,1.15188747429e-7,5.77742191865e-8,2.51252050276e-8,2.88173449547e-8,2.82412981889e-9,1.15249837451e-10,3.83820718264e-11,3.21625087674e-11,4.58577134599e-11,1.1808899103e-7],"max":[0.0530946627259,0.12254293263,0.0926916897297,0.0296133160591,0.0426713004708,0.137508958578,0.126021936536,0.0889289304614,0.0518559925258,0.0248563364148,0.0268441811204,0.0430591367185,0.0266713481396,0.0146437762305,0.00619925418869,0.00360467471182,0.0038897509221,0.00392620591447,0.00268369470723,0.00354753644206,0.00391526985914,0.000980821088888,0.000104913109681,0.0000503727715113,0.0000448808023066,0.0000564067049709,0.00610272213817],"mean":[0.00270090694539,0.00762375863269,0.00262953597121,0.00133076682687,0.00229963753372,0.00302318925969,0.00209139008075,0.00116810924374,0.00108610896859,0.00117972888984,0.00103459332604,0.00149716401938,0.00126890768297,0.000873069628142,0.000349112524418,0.000245497154538,0.000326328765368,0.000309381692205,0.000253005389823,0.000138896648423,0.0000743114069337,0.0000300635274471,0.00000935610205488,0.00000327757243213,0.0000021354828732,0.0000067018891059,0.000723994686268],"median":[0.00124070933089,0.00347233121283,0.000734030385502,0.000578995910473,0.00129538017791,0.000802823808044,0.000560087617487,0.000306709378492,0.000462285621325,0.000461408810224,0.00038426485844,0.000578511855565,0.000561663648114,0.00042448475142,0.000195334170712,0.000157936796313,0.000231270096265,0.000199871050427,0.000184150529094,0.000093415255833,0.0000469971128041,0.0000200950380531,0.000006632005352,0.00000176206401648,7.5344388506e-7,0.00000504001491208,0.000555104226805],"min":[1.6321971919e-24,7.65354191309e-24,3.34293534767e-24,5.10943670033e-24,1.31401625945e-23,1.02149141078e-23,1.74441190625e-23,2.9624585823e-23,5.92542329775e-23,2.35965446588e-23,5.98309975843e-23,8.50455795789e-23,8.06728226071e-23,5.85849823182e-23,1.31053588402e-22,6.45486256112e-23,1.82920284153e-22,1.22907469907e-22,2.1647252007e-22,3.27515938481e-22,5.32835479965e-22,3.70622655734e-22,7.22863262034e-22,9.05309295632e-22,1.29163162129e-21,1.55850611805e-21,2.33603660777e-21],"var":[0.0000152730153786,0.000122738390928,0.0000404356724175,0.00000465427956442,0.0000108119584183,0.000076954413089,0.000043706924771,0.000013475241758,0.00000455889312434,0.00000372998215425,0.00000333932007379,0.00000730872261556,0.00000380281267098,0.00000153522455548,2.21535444211e-7,8.29315354167e-8,1.4319621755e-7,1.42828966432e-7,8.68789200581e-8,3.17093018509e-8,2.11623536472e-8,2.61805555013e-9,1.14014624131e-10,2.13204488786e-11,1.46496634268e-11,5.09626230105e-11,6.16800264197e-7]},"barkbands_crest":{"dmean":2.80747008324,"dmean2":4.54283761978,"dvar":6.0687289238,"dvar2":15.7444610596,"max":25.3066368103,"mean":10.2566747665,"median":9.18193435669,"min":2.54233121872,"var":22.33477211},"barkbands_flatness_db":{"dmean":0.0285241492093,"dmean2":0.0448495335877,"dvar":0.000964506994933,"dvar2":0.00224407715723,"max":0.594587624073,"mean":0.15969593823,"median":0.12943521142,"min":0.0387432910502,"var":0.00715901097283},"barkbands_kurtosis":{"dmean":8.538189888,"dmean2":13.9054317474,"dvar":660.692016602,"dvar2":1543.32971191,"max":590.230773926,"mean":16.1646366119,"median":3.47107887268,"min":-1.69437766075,"var":1748.70068359},"barkbands_skewness":{"dmean":0.713985979557,"dmean2":1.14703607559,"dvar":0.786650717258,"dvar2":2.04672694206,"max":17.3756732941,"mean":2.33364748955,"median":1.67978453636,"min":-1.99790096283,"var":4.34348535538},"barkbands_spread":{"dmean":5.39049482346,"dmean2":8.41550445557,"dvar":34.2921409607,"dvar2":78.9400024414,"max":113.178848267,"mean":23.7355957031,"median":22.9585838318,"min":0.153756961226,"var":250.643325806},"dissonance":{"dmean":0.0178003758192,"dmean2":0.0299530029297,"dvar":0.000332554598572,"dvar2":0.0008914162172,"max":0.500000357628,"mean":0.470991134644,"median":0.478178739548,"min":0.189519360662,"var":0.000702979334164},"dynamic_complexity":5.20040559769,"erbbands":{"dmean":[0.220124199986,1.065564394,3.03001856804,3.09139490128,4.11336183548,5.02351331711,7.51158046722,18.7586288452,19.6915721893,16.2664813995,16.4354381561,15.9605941772,17.9128417969,29.7927017212,22.6578063965,35.7590827942,35.0510406494,25.3834934235,13.4284639359,6.66435050964,6.33842563629,7.73281288147,7.27252292633,5.50197696686,4.17569208145,2.46743035316,1.72536706924,1.07027506828,0.584613919258,0.256814360619,0.113489054143,0.0595672316849,0.0363452285528,0.0231420956552,0.014579128474,0.00870184134692,0.00624479725957,0.00864613708109,0.0114528769627,0.00435518240556],"dmean2":[0.369861334562,1.77384078503,5.20561075211,5.22717475891,6.77893018723,8.37309455872,12.0611515045,28.8077735901,31.0535335541,25.7262191772,25.8750629425,25.8466777802,29.2491931915,48.7834854126,37.1155509949,58.8469924927,56.5916519165,40.8635520935,21.7221031189,11.0190916061,10.4577522278,12.8285017014,12.0095100403,8.86772060394,6.8006734848,3.97946572304,2.7479429245,1.67697787285,0.904528737068,0.399676918983,0.177072674036,0.0950243324041,0.0593436062336,0.0381313078105,0.0239828079939,0.0141577506438,0.0096415868029,0.0127191236243,0.0166941639036,0.00639413669705],"dvar":[0.142956316471,4.43235826492,56.0446434021,44.0432243347,47.9741859436,102.637680054,226.071487427,3532.63110352,4168.49951172,2470.37792969,2509.60009766,1722.27001953,1292.6529541,3894.88061523,1589.57617188,7401.55664062,4205.62841797,1911.41064453,479.382873535,131.653503418,103.120666504,138.966506958,141.686233521,69.8867874146,42.8727912903,21.0320644379,22.5282020569,12.5574436188,2.35512185097,0.211804568768,0.0287379380316,0.00858304556459,0.0038381817285,0.00166872108821,0.000651865557302,0.000207657009014,0.0000770023543737,0.000213552921196,0.000341766513884,0.0000408011110267],"dvar2":[0.38185685873,11.757317543,151.079193115,116.659591675,120.709701538,261.574920654,550.686828613,7305.37939453,10435.9443359,5689.88916016,5412.54541016,4376.86083984,3424.32128906,9800.69042969,4179.32080078,19075.3242188,10662.2851562,4891.92822266,1233.73205566,337.494293213,274.934112549,368.855987549,369.560089111,177.796737671,112.428817749,52.0688056946,54.327381134,29.9719295502,5.1394162178,0.468798428774,0.0666741505265,0.0205608028919,0.0093984529376,0.0040974393487,0.00160057854373,0.000505216768943,0.000172094732989,0.000453615532024,0.000723306555301,0.0000902397368918],"max":[4.67509317398,26.6210975647,90.4496688843,104.927246094,174.685256958,203.646682739,366.409301758,1635.76513672,2233.28833008,1881.3659668,1997.34448242,1283.0513916,827.697937012,1070.43896484,702.31060791,2015.86218262,1023.56542969,829.644836426,420.715637207,266.518768311,222.091842651,211.455673218,245.259399414,140.013366699,126.284706116,169.796676636,207.109924316,133.771697998,46.7085609436,8.80526447296,2.36163210869,1.20698738098,0.753915250301,0.506056964397,0.317212820053,0.178645774722,0.121630005538,0.272264719009,0.505261361599,0.155876621604],"mean":[0.303983181715,1.40643620491,3.02154040337,3.80948805809,6.39185523987,7.3716840744,11.3191747665,31.2533874512,32.8186416626,26.4611988068,26.0764942169,24.8534507751,29.947889328,46.7627182007,42.8014564514,62.235786438,61.5970230103,49.1640853882,28.0828857422,14.8129940033,14.8161849976,18.2148990631,17.7727088928,14.3591709137,11.0735473633,6.42615318298,4.01374578476,2.31932806969,1.22206354141,0.536659240723,0.222904339433,0.0968393832445,0.0432320721447,0.0242744702846,0.0153281483799,0.0106942793354,0.0137618519366,0.0279192440212,0.0481506027281,0.0213839951903],"median":[0.163340747356,0.536092042923,0.972119212151,1.61996865273,3.19599866867,3.70468473434,5.13564395905,6.72117519379,7.8266248703,8.50156402588,8.01736450195,10.98787117,13.62865448,16.137014389,20.3948631287,23.7585754395,27.4768390656,25.1367473602,14.8983821869,10.5160198212,9.46409797668,13.4030704498,11.8309612274,10.2396144867,7.64651203156,4.30985069275,2.77205777168,1.43620681763,0.806748151779,0.366326928139,0.159339725971,0.0613091215491,0.0196065492928,0.00871271453798,0.00554971117526,0.00516266562045,0.0102846100926,0.0224339943379,0.0367399975657,0.018046464771],"min":[1.03847725845e-22,1.63536131457e-21,4.47690544301e-21,1.49408124893e-20,3.69931519676e-20,4.87722555891e-20,4.88172270726e-20,1.58424991337e-19,2.02451601892e-19,6.83970212716e-19,5.53503305698e-19,9.77465577976e-19,1.10084194448e-18,1.32435938088e-18,3.16355121873e-18,3.21981645759e-18,3.49666450283e-18,2.30160399824e-18,6.98743451661e-18,3.2499510609e-18,5.07244481051e-18,1.08093456091e-17,7.46647466168e-18,8.13704930476e-18,1.25624126424e-17,1.5491091096e-17,1.58394731003e-17,2.09734142398e-17,1.68341197366e-17,1.53040506703e-17,2.33666479297e-17,1.4506324305e-17,1.70811075957e-17,1.30602794182e-17,9.56651583774e-18,6.28451545722e-18,2.90540510676e-18,1.1202924762e-18,3.54419156079e-19,3.0331575689e-20],"var":[0.180365025997,5.25710248947,45.2770690918,46.8831520081,98.4617919922,171.618881226,408.082336426,10292.8378906,11273.7841797,5328.23974609,5507.37109375,2507.81665039,2278.30419922,6751.33789062,3567.859375,15201.8828125,9186.3203125,4539.69775391,1338.36816406,319.386810303,305.905853271,422.735290527,459.908843994,277.105773926,175.734558105,67.745475769,44.1826553345,22.4349441528,4.61108827591,0.483939886093,0.0635990202427,0.014449105598,0.00466722855344,0.00186816649511,0.000734583998565,0.000259319349425,0.000213508697925,0.000942617189139,0.00322493817657,0.000442134361947]},"erbbands_crest":{"dmean":2.6147441864,"dmean2":4.34092092514,"dvar":5.81929397583,"dvar2":14.5736885071,"max":29.4390830994,"mean":8.65644073486,"median":7.71525669098,"min":2.13780093193,"var":16.6091747284},"erbbands_flatness_db":{"dmean":0.023896433413,"dmean2":0.0371978878975,"dvar":0.000505071191583,"dvar2":0.00124175252859,"max":0.343354821205,"mean":0.156904429197,"median":0.153990149498,"min":0.0313750170171,"var":0.00202282518148},"erbbands_kurtosis":{"dmean":1.07791745663,"dmean2":1.74282407761,"dvar":2.29689979553,"dvar2":5.58111572266,"max":30.7031860352,"mean":0.969411253929,"median":0.197899341583,"min":-1.73222911358,"var":7.69884300232},"erbbands_skewness":{"dmean":0.352050125599,"dmean2":0.558967709541,"dvar":0.107252828777,"dvar2":0.257505863905,"max":4.39003658295,"mean":0.200043961406,"median":0.112785294652,"min":-4.12255620956,"var":0.739886105061},"erbbands_spread":{"dmean":6.40122890472,"dmean2":9.97730255127,"dvar":38.5512619019,"dvar2":88.8408203125,"max":101.42288208,"mean":27.8977565765,"median":25.4778137207,"min":2.45842933655,"var":179.741714478},"gfcc":{"cov":[[16940.6289062,-1250.421875,-3221.76318359,-636.962158203,309.217834473,-1085.61962891,1030.26745605,-573.864929199,154.713088989,-268.2159729,-7.80306196213,104.770988464,-395.56729126],[-1250.421875,796.608886719,271.969818115,-228.678665161,60.6972389221,144.100265503,-102.973556519,-22.0950374603,-12.4931650162,42.7583045959,64.7287902832,-85.2933578491,56.7352523804],[-3221.76318359,271.969818115,951.985351562,260.09664917,-135.784957886,306.825836182,-313.009643555,191.545288086,-42.8672485352,84.9018325806,-18.328950882,-22.4930038452,88.1189804077],[-636.962158203,-228.678665161,260.09664917,372.638824463,11.2634010315,-13.7405443192,-15.852596283,54.5542831421,9.26177787781,-18.8876495361,-53.4174690247,41.9108963013,-6.67358493805],[309.217834473,60.6972389221,-135.784957886,11.2634010315,208.476898193,-6.36108875275,113.496658325,-44.7318344116,3.05551433563,-44.364440918,16.0269374847,-16.4257736206,-1.30908501148],[-1085.61962891,144.100265503,306.825836182,-13.7405443192,-6.36108875275,372.687896729,-99.0455093384,97.7622756958,-75.7545089722,62.9397201538,13.0030622482,-41.6100234985,49.772480011],[1030.26745605,-102.973556519,-313.009643555,-15.852596283,113.496658325,-99.0455093384,264.65725708,-42.7448692322,56.4590606689,-59.3389549255,-9.81564903259,23.5352687836,-40.2308654785],[-573.864929199,-22.0950374603,191.545288086,54.5542831421,-44.7318344116,97.7622756958,-42.7448692322,177.439941406,31.0176506042,25.6199054718,-8.58009815216,-4.59258127213,39.9698219299],[154.713088989,-12.4931650162,-42.8672485352,9.26177787781,3.05551433563,-75.7545089722,56.4590606689,31.0176506042,111.467590332,22.9057540894,0.784890711308,12.7037382126,-13.6778945923],[-268.2159729,42.7583045959,84.9018325806,-18.8876495361,-44.364440918,62.9397201538,-59.3389549255,25.6199054718,22.9057540894,98.1318511963,43.3116416931,-7.62051677704,4.90657901764],[-7.80306196213,64.7287902832,-18.328950882,-53.4174690247,16.0269374847,13.0030622482,-9.81564903259,-8.58009815216,0.784890711308,43.3116416931,78.6006698608,17.3587703705,13.4488868713],[104.770988464,-85.2933578491,-22.4930038452,41.9108963013,-16.4257736206,-41.6100234985,23.5352687836,-4.59258127213,12.7037382126,-7.62051677704,17.3587703705,70.8115386963,17.5288105011],[-395.56729126,56.7352523804,88.1189804077,-6.67358493805,-1.30908501148,49.772480011,-40.2308654785,39.9698219299,-13.6778945923,4.90657901764,13.4488868713,17.5288105011,74.2833175659]],"icov":[[0.000184424381587,-0.000105823244667,0.00082382070832,-0.000269921001745,0.00017609752831,-0.000049443111493,0.0000864936228027,-0.000201206246857,0.000116942348541,-0.0000996533490252,0.000109636435809,-0.000140279778861,0.000294101482723],[-0.000105823244667,0.00447369273752,-0.00437408545986,0.0047387550585,-0.00250518904068,0.000769187347032,-0.000816659943666,0.00274625304155,-0.00199054880068,0.00128802971449,-0.00199615419842,0.00306731532328,-0.0016593845794],[0.00082382070832,-0.00437408545986,0.011465604417,-0.00909333303571,0.00544706685469,-0.00415274547413,0.00431853160262,-0.0027610566467,-0.00130065553822,0.00175100902561,-0.00102043629158,0.000484685966512,-0.000272130477242],[-0.000269921001745,0.0047387550585,-0.00909333303571,0.0137281790376,-0.00917457137257,0.00479749497026,-0.00170089548919,-0.000640608544927,0.00336279952899,-0.00559304188937,0.00813123770058,-0.00798217393458,0.00441106641665],[0.00017609752831,-0.00250518904068,0.00544706685469,-0.00917457137257,0.0160737093538,-0.00520116277039,-0.0027907663025,0.0040830350481,-0.00596718024462,0.0115044303238,-0.0131707871333,0.01299609337,-0.00691571552306],[-0.000049443111493,0.000769187347032,-0.00415274547413,0.00479749497026,-0.00520116277039,0.00905077997595,-0.00281385914423,-0.00428958237171,0.00955721363425,-0.00997842568904,0.00626895856112,-0.00299367262051,0.00112492137123],[0.0000864936228027,-0.000816659943666,0.00431853160262,-0.00170089548919,-0.0027907663025,-0.00281385914423,0.0114213051274,-0.00102554541081,-0.0057293814607,0.00475770235062,0.000631239789072,-0.00449136365205,0.00395862665027],[-0.000201206246857,0.00274625304155,-0.0027610566467,-0.000640608544927,0.0040830350481,-0.00428958237171,-0.00102554541081,0.0143154812977,-0.0104542998597,0.00719294603914,-0.00645347917452,0.00917906314135,-0.00866093207151],[0.000116942348541,-0.00199054880068,-0.00130065553822,0.00336279952899,-0.00596718024462,0.00955721363425,-0.0057293814607,-0.0104542998597,0.0263414941728,-0.0199145693332,0.0135216983035,-0.0112791731954,0.00638064276427],[-0.0000996533490252,0.00128802971449,0.00175100902561,-0.00559304188937,0.0115044303238,-0.00997842568904,0.00475770235062,0.00719294603914,-0.0199145693332,0.0375010222197,-0.0272605493665,0.016434462741,-0.00358553882688],[0.000109636435809,-0.00199615419842,-0.00102043629158,0.00813123770058,-0.0131707871333,0.00626895856112,0.000631239789072,-0.00645347917452,0.0135216983035,-0.0272605493665,0.0398908928037,-0.0243898015469,0.00625473074615],[-0.000140279778861,0.00306731532328,0.000484685966512,-0.00798217393458,0.01299609337,-0.00299367262051,-0.00449136365205,0.00917906314135,-0.0112791731954,0.016434462741,-0.0243898015469,0.0404243990779,-0.0178040582687],[0.000294101482723,-0.0016593845794,-0.000272130477242,0.00441106641665,-0.00691571552306,0.00112492137123,0.00395862665027,-0.00866093207151,0.00638064276427,-0.00358553882688,0.00625473074615,-0.0178040582687,0.0274236910045]],"mean":[-34.9295845032,108.848693848,-92.1841049194,-4.32645606995,-7.05268716812,-17.7047863007,2.57981920242,-16.8022842407,-4.60026407242,-6.13444471359,2.81036233902,-2.19140124321,-5.90193223953]},"hfc":{"dmean":24.4692993164,"dmean2":38.468044281,"dvar":966.768066406,"dvar2":2416.3828125,"max":455.266265869,"mean":106.645225525,"median":113.570533752,"min":1.16473078592e-16,"var":5496.86474609},"melbands":{"dmean":[0.00168443855364,0.00146348914132,0.000549539399799,0.000316657184158,0.000249050091952,0.000400206452468,0.000290856522042,0.00017303552886,0.000130622807774,0.000102651109046,0.0000922017352423,0.00012335050269,0.0000831009674584,0.0000975948787527,0.0000788459510659,0.0000781988273957,0.0000498138542753,0.0000264938516921,0.0000136789249154,0.00000807660126156,0.00000846048442327,0.00000844660371513,0.00000820165951154,0.00000675922819937,0.00000492464596391,0.00000383028418582,0.00000271494286608,0.00000170957162027,0.00000121872074033,9.67761934589e-7,5.74936564135e-7,3.87861035733e-7,2.19597467321e-7,1.27361602154e-7,7.18853883086e-8,4.73502197451e-8,3.40242927166e-8,2.66496922308e-8,2.15995026309e-8,1.88448829874e-8],"dmean2":[0.00278493459336,0.00246458477341,0.000917359546293,0.000527007738128,0.00039818615187,0.000615768251009,0.00045884915744,0.000271494238405,0.000207546239835,0.000166854064446,0.000151059444761,0.00020212403615,0.000136938528158,0.000161491538165,0.000128660947667,0.000127418665215,0.000080711011833,0.0000432685264968,0.0000228360022447,0.0000135609188874,0.0000140513002407,0.0000140593756441,0.0000136018434205,0.0000112461693789,0.00000804065348348,0.00000636319828118,0.00000448244372819,0.00000280570475297,0.00000196592668544,0.00000154697409016,9.14951215236e-7,6.12355506746e-7,3.45170434457e-7,2.0195764705e-7,1.13277572211e-7,7.54760520749e-8,5.50183223424e-8,4.35477112148e-8,3.55514089279e-8,3.10847347862e-8],"dvar":[0.00000863532113726,0.0000104696300696,0.00000112802410968,3.33256764407e-7,2.25537647225e-7,0.00000149968423102,8.74761383329e-7,2.67747992666e-7,1.41383338814e-7,7.46900994386e-8,3.4326177456e-8,6.52173781646e-8,2.49134206598e-8,4.41746337287e-8,2.26798988479e-8,2.28785008716e-8,7.89453569183e-9,1.9743440216e-9,7.05071223628e-10,1.64757568699e-10,1.95029520311e-10,1.62451024854e-10,1.65049640621e-10,1.29431160234e-10,5.70070102235e-11,3.58568140457e-11,2.39434704702e-11,9.78641560151e-12,8.23464647165e-12,1.15338355186e-11,2.7835010772e-12,1.12657355233e-12,2.26217468694e-13,4.49567818953e-14,1.1551226318e-14,4.9788812633e-15,2.95737741886e-15,2.05406633204e-15,1.42800522248e-15,1.11157054817e-15],"dvar2":[0.0000228159969993,0.0000276525061054,0.00000295714244203,8.5561873675e-7,5.45878833691e-7,0.00000318004549626,0.00000218004220187,6.09971152699e-7,3.11609539949e-7,1.92257502363e-7,9.10698858547e-8,1.65118521522e-7,6.3973246256e-8,1.14681341756e-7,5.97097908894e-8,5.7640825446e-8,2.05242898232e-8,5.12861708657e-9,1.83404302856e-9,4.48122122743e-10,5.21457987901e-10,4.33350161311e-10,4.40818798131e-10,3.40052125347e-10,1.49706247399e-10,9.70946448242e-11,6.42932374006e-11,2.50648286848e-11,1.98334213636e-11,2.83799008599e-11,6.50998352447e-12,2.5052924145e-12,5.13090112932e-13,1.05743362742e-13,2.75232480307e-14,1.18882039765e-14,7.19767178666e-15,5.04828375487e-15,3.49966908751e-15,2.7310129459e-15],"max":[0.034448582679,0.0349328517914,0.0152482762933,0.0113894073293,0.00988938380033,0.0321865752339,0.0302918665111,0.0192251075059,0.0139345731586,0.00823565106839,0.00431836862117,0.00403638370335,0.00311355758458,0.00447618961334,0.00285688159056,0.00325502222404,0.0017370498972,0.000893538002856,0.000622475461569,0.000282631459413,0.000253259786405,0.000212340470171,0.000213002844248,0.000201248534722,0.00012322384282,0.000091445959697,0.000118006333651,0.000108529042336,0.000121950630273,0.000114156282507,0.0000539873944945,0.0000335235381499,0.00000994764923234,0.00000403883814215,0.00000164205607689,9.80681079454e-7,7.20276375432e-7,6.44954866402e-7,4.65428911411e-7,4.12940977412e-7],"mean":[0.00255203293636,0.00169505691156,0.000762671639677,0.00050164188724,0.000381147518056,0.000670655048452,0.000489347905386,0.00027937462437,0.000202010574867,0.000155630186782,0.000148856022861,0.000188558085938,0.000141584474477,0.000165744539117,0.00013791974925,0.000129494088469,0.0000882327149156,0.0000494202467962,0.0000249392214755,0.0000162344877026,0.0000175846107595,0.0000183724732779,0.000018082851966,0.00001464511206,0.0000113237592814,0.00000925295262277,0.00000611064524492,0.00000387365980714,0.00000262518483396,0.00000190086177554,0.00000115386353627,7.57661723583e-7,4.18585074158e-7,2.46914623858e-7,1.33767088073e-7,8.27966246675e-8,4.8387157392e-8,3.14517976108e-8,2.28124683588e-8,1.94059008862e-8],"median":[0.00144995842129,0.00066078605596,0.000366549065802,0.000262972898781,0.000183559575817,0.000153446206241,0.000121375211165,0.0000856839978951,0.0000629830028629,0.0000669549044687,0.000063154817326,0.0000628667330602,0.0000600057755946,0.0000651988375466,0.0000541493791388,0.0000548442403669,0.0000426975457231,0.0000238538759731,0.0000144870737131,0.0000115342882054,0.0000102158755908,0.0000131240740302,0.0000124693542602,0.00000887126043381,0.00000791398269939,0.00000644961983198,0.00000364108336726,0.00000256719158642,0.00000182724170372,0.00000113862665785,6.8404619924e-7,4.87781903757e-7,2.63706908754e-7,1.68380466903e-7,9.3042913818e-8,5.59907959996e-8,2.66350266287e-8,1.38422784346e-8,8.33635027675e-9,6.68473543186e-9],"min":[1.65700292306e-24,1.98729819522e-24,4.63665224388e-24,3.10589980338e-24,2.40995310494e-24,3.37433122284e-24,3.19690240297e-24,6.60218951381e-24,3.86038905288e-24,7.52395573219e-24,5.81047569312e-24,4.75573040309e-24,8.40515438409e-24,1.06397149164e-23,1.03671240306e-23,6.47466068215e-24,3.48377620711e-24,1.08510089433e-23,6.73202852463e-24,3.61894712879e-24,6.01230970003e-24,1.11230807586e-23,1.11207583521e-23,3.70883072919e-24,6.69815720394e-24,9.11499272585e-24,8.54997820223e-24,9.32978456198e-24,7.13563816273e-24,1.30838489699e-23,1.31202130911e-23,8.70935019319e-24,7.70348627472e-24,7.85564097726e-24,1.41986474796e-23,1.07521883377e-23,8.24230036109e-24,1.16420005618e-23,1.00704153003e-23,1.17112081179e-23],"var":[0.000011500893379,0.00000966661082202,0.00000139694122936,6.26523672054e-7,4.07940319747e-7,0.00000431061243944,0.00000234681078837,6.17461637376e-7,2.91984747491e-7,1.03615896307e-7,5.95463411912e-8,1.11933111668e-7,4.77872639237e-8,8.65462226329e-8,5.43308722456e-8,4.52884023616e-8,1.63119100449e-8,4.84542717061e-9,1.30958743849e-9,3.56090268383e-10,4.9751192055e-10,4.48640902206e-10,4.68354355299e-10,3.5667138687e-10,1.8120388523e-10,1.21255852581e-10,6.81490072707e-11,2.58920489216e-11,1.64887600101e-11,1.79845426745e-11,5.31406993062e-12,2.02496157863e-12,4.182876376e-13,9.42491053192e-14,2.37124010612e-14,9.55775206429e-15,4.33026408988e-15,2.50849569659e-15,1.6159875621e-15,1.2355956534e-15]},"melbands_crest":{"dmean":4.08471536636,"dmean2":6.70997428894,"dvar":13.0257568359,"dvar2":34.6034317017,"max":39.3498039246,"mean":17.1288051605,"median":15.2216157913,"min":1.68427324295,"var":68.7952728271},"melbands_flatness_db":{"dmean":0.0358894318342,"dmean2":0.0565935522318,"dvar":0.00127284415066,"dvar2":0.00311152148061,"max":0.700428545475,"mean":0.268446743488,"median":0.239268004894,"min":0.00681321555749,"var":0.00927780847996},"melbands_kurtosis":{"dmean":19.6914253235,"dmean2":31.4113960266,"dvar":7738.96679688,"dvar2":18573.2792969,"max":1582.69946289,"mean":29.6463546753,"median":4.79411792755,"min":-1.87170875072,"var":12776.7548828},"melbands_skewness":{"dmean":0.993799388409,"dmean2":1.54605209827,"dvar":2.31346988678,"dvar2":5.24948501587,"max":30.5451087952,"mean":2.8889169693,"median":2.00661754608,"min":-1.06459844112,"var":10.355843544},"melbands_spread":{"dmean":5.30146074295,"dmean2":8.36437892914,"dvar":35.2009658813,"dvar2":84.6018371582,"max":137.952957153,"mean":19.2267589569,"median":18.0013275146,"min":0.0584403388202,"var":203.004043579},"mfcc":{"cov":[[15728.7402344,-20.9015846252,-3996.60302734,500.120361328,-1455.53149414,-30.1760749817,-207.582427979,218.147766113,-255.27696228,-120.062515259,-84.4868164062,126.701171875,-19.8672561646],[-20.9015846252,816.793762207,-39.5780296326,-286.041748047,42.1810073853,43.2275276184,52.3809890747,-88.7168960571,-58.9885902405,30.5889968872,48.6516685486,-18.0949745178,-32.3177947998],[-3996.60302734,-39.5780296326,1405.86291504,-120.50075531,439.20022583,-16.3798351288,20.751914978,-77.1089859009,89.7691040039,31.5648384094,29.9438285828,-17.4311637878,16.7912330627],[500.120361328,-286.041748047,-120.50075531,422.281005859,-58.5345039368,-18.6469268799,-84.5350341797,74.0940246582,25.9326229095,-22.2496452332,-41.8897972107,16.6285572052,20.4738826752],[-1455.53149414,42.1810073853,439.20022583,-58.5345039368,287.643218994,21.9109611511,69.4238204956,-30.9070949554,28.9110088348,12.1688432693,12.8026599884,-22.2615127563,1.64394176006],[-30.1760749817,43.2275276184,-16.3798351288,-18.6469268799,21.9109611511,156.535980225,71.6998138428,10.9350070953,-20.6304340363,8.51727771759,10.3181800842,-2.95541787148,-21.2176475525],[-207.582427979,52.3809890747,20.751914978,-84.5350341797,69.4238204956,71.6998138428,152.302444458,31.0199108124,5.30409288406,5.544257164,5.83230924606,-15.2717294693,-8.01092910767],[218.147766113,-88.7168960571,-77.1089859009,74.0940246582,-30.9070949554,10.9350070953,31.0199108124,123.304756165,61.8312301636,5.56303167343,-19.1816997528,5.40611743927,8.56843185425],[-255.27696228,-58.9885902405,89.7691040039,25.9326229095,28.9110088348,-20.6304340363,5.30409288406,61.8312301636,112.551750183,32.4004402161,1.46131050587,4.66856050491,9.68292427063],[-120.062515259,30.5889968872,31.5648384094,-22.2496452332,12.1688432693,8.51727771759,5.544257164,5.56303167343,32.4004402161,72.556388855,43.8656997681,9.9916229248,-7.38436079025],[-84.4868164062,48.6516685486,29.9438285828,-41.8897972107,12.8026599884,10.3181800842,5.83230924606,-19.1816997528,1.46131050587,43.8656997681,74.2289047241,28.8844394684,-3.14649271965],[126.701171875,-18.0949745178,-17.4311637878,16.6285572052,-22.2615127563,-2.95541787148,-15.2717294693,5.40611743927,4.66856050491,9.9916229248,28.8844394684,57.8867225647,26.0892410278],[-19.8672561646,-32.3177947998,16.7912330627,20.4738826752,1.64394176006,-21.2176475525,-8.01092910767,8.56843185425,9.68292427063,-7.38436079025,-3.14649271965,26.0892410278,54.7953605652]],"icov":[[0.000252556084888,-0.0000151047115651,0.000618031364866,-0.0000791117199697,0.000293982331641,0.0000429694555351,0.0000263083729806,0.0000643376770313,-0.0000520416942891,0.000146960839629,-0.00000725980316929,-0.000291402218863,0.000091765257821],[-0.0000151047115651,0.00176358944736,0.000267360883299,0.00109908683226,-0.000509344739839,-0.000300142972264,0.000296193582471,0.000381237914553,0.000409327505622,-0.000530804158188,-0.000272020057309,0.00032494898187,0.000110626162495],[0.000618031364866,0.000267360883299,0.00314213335514,0.000321376806824,-0.00181240122765,-0.000103669604869,0.00117491872516,0.000702393183019,-0.00114241964184,0.000493325351272,-0.0000804750234238,-0.000844467489514,0.0000408022679039],[-0.0000791117199697,0.00109908683226,0.000321376806824,0.00430678157136,-0.00134762038942,-0.00096176128136,0.00333863426931,-0.00266811135225,0.000681466073729,-0.0000677154530422,0.00111462629866,-0.000507937103976,-0.00033849751344],[0.000293982331641,-0.000509344739839,-0.00181240122765,-0.00134762038942,0.00934027507901,0.000106915693323,-0.00457735359669,0.00293650943786,-0.0017973742215,0.00071066810051,-0.00123008119408,0.00237095821649,-0.00128822191618],[0.0000429694555351,-0.000300142972264,-0.000103669604869,-0.00096176128136,0.000106915693323,0.00952524039894,-0.00486671552062,-0.000771445163991,0.00288413348608,-0.00174574786797,0.000782085291576,-0.00271371705458,0.00391598138958],[0.0000263083729806,0.000296193582471,0.00117491872516,0.00333863426931,-0.00457735359669,-0.00486671552062,0.0141276819631,-0.00649376632646,0.00137788441498,0.00128115224652,-0.00227350136265,0.00342225981876,-0.00192033452913],[0.0000643376770313,0.000381237914553,0.000702393183019,-0.00266811135225,0.00293650943786,-0.000771445163991,-0.00649376632646,0.0187771115452,-0.0104318950325,-0.0000979418618954,0.00436754105613,-0.00282424455509,0.000183175638085],[-0.0000520416942891,0.000409327505622,-0.00114241964184,0.000681466073729,-0.0017973742215,0.00288413348608,0.00137788441498,-0.0104318950325,0.0190782975405,-0.00912202335894,0.00277096801437,-0.000440638745204,-0.000910329516046],[0.000146960839629,-0.000530804158188,0.000493325351272,-0.0000677154530422,0.00071066810051,-0.00174574786797,0.00128115224652,-0.0000979418618954,-0.00912202335894,0.0285462848842,-0.0180574059486,0.0043725296855,0.00145983276889],[-0.00000725980316929,-0.000272020057309,-0.0000804750234238,0.00111462629866,-0.00123008119408,0.000782085291576,-0.00227350136265,0.00436754105613,0.00277096801437,-0.0180574059486,0.0340277552605,-0.0190331358463,0.00686244713143],[-0.000291402218863,0.00032494898187,-0.000844467489514,-0.000507937103976,0.00237095821649,-0.00271371705458,0.00342225981876,-0.00282424455509,-0.000440638745204,0.0043725296855,-0.0190331358463,0.0364853292704,-0.0174426697195],[0.000091765257821,0.000110626162495,0.0000408022679039,-0.00033849751344,-0.00128822191618,0.00391598138958,-0.00192033452913,0.000183175638085,-0.000910329516046,0.00145983276889,0.00686244713143,-0.0174426697195,0.0287642832845]],"mean":[-697.97479248,170.764877319,-19.8455867767,30.6931781769,1.31328523159,15.134604454,8.29091835022,5.89828634262,-4.49185848236,2.13546657562,4.95107269287,3.68663072586,0.316788911819]},"pitch_salience":{"dmean":0.0780945196748,"dmean2":0.127647444606,"dvar":0.00473749125376,"dvar2":0.0124915381894,"max":0.85967284441,"mean":0.539403915405,"median":0.58134329319,"min":0.0172509104013,"var":0.0251649729908},"silence_rate_20dB":{"dmean":0,"dmean2":0,"dvar":0,"dvar2":0,"max":1,"mean":1,"median":1,"min":1,"var":0},"silence_rate_30dB":{"dmean":0.0147479306906,"dmean2":0.0295003019273,"dvar":0.0145304296166,"dvar2":0.0367576666176,"max":1,"mean":0.984501957893,"median":1,"min":0,"var":0.015257854946},"silence_rate_60dB":{"dmean":0.0186606477946,"dmean2":0.037326913327,"dvar":0.0183124281466,"dvar2":0.0437602251768,"max":1,"mean":0.092235930264,"median":0,"min":0,"var":0.0837284624577},"spectral_centroid":{"dmean":179.133666992,"dmean2":278.357818604,"dvar":42759.578125,"dvar2":88578.125,"max":10586.9931641,"mean":1070.14099121,"median":1016.46459961,"min":110.408126831,"var":315635.34375},"spectral_complexity":{"dmean":2.96644091606,"dmean2":4.73299217224,"dvar":8.90105628967,"dvar2":20.5409889221,"max":55,"mean":21.2795658112,"median":23,"min":0,"var":169.930877686},"spectral_contrast_coeffs":{"dmean":[0.0520632825792,0.0490223430097,0.0361926294863,0.0309539940208,0.021396914497,0.0359933152795],"dmean2":[0.0873601287603,0.0818390995264,0.061001162976,0.0507920607924,0.03565601632,0.0576905123889],"dvar":[0.00167079549283,0.00154639536049,0.000829399796203,0.000619706348516,0.000350810383679,0.00118981022388],"dvar2":[0.00472485553473,0.00416262215003,0.0023274293635,0.00160071870778,0.000943377963267,0.00301591004245],"max":[-0.379061251879,-0.394132435322,-0.536681413651,-0.580753028393,-0.635622918606,-0.455869019032],"mean":[-0.712806344032,-0.767079949379,-0.812100112438,-0.804592132568,-0.82695800066,-0.756657540798],"median":[-0.714808940887,-0.776062965393,-0.81057715416,-0.800774931908,-0.811813831329,-0.748137593269],"min":[-0.959638655186,-0.972056627274,-0.974356353283,-0.984474480152,-0.971486330032,-0.957822740078],"var":[0.00648638885468,0.00587631389499,0.00330020813271,0.00431309035048,0.00274499575607,0.00783955771476]},"spectral_contrast_valleys":{"dmean":[0.383035957813,0.359023272991,0.330622941256,0.293813616037,0.308010727167,0.643559992313],"dmean2":[0.628057539463,0.587885022163,0.531342446804,0.467732876539,0.478635460138,1.03401613235],"dvar":[0.112049378455,0.102124914527,0.0997745171189,0.106075309217,0.162871673703,0.30855256319],"dvar2":[0.263812363148,0.238616093993,0.222880065441,0.237629115582,0.389989227057,0.769644916058],"max":[-5.02461147308,-4.78161621094,-4.94639968872,-5.76256036758,-5.95992660522,-9.13311481476],"mean":[-6.94752597809,-6.70790243149,-7.07211589813,-7.58669567108,-7.83927440643,-11.4222755432],"median":[-6.81888389587,-6.35367488861,-6.60480880737,-7.03298521042,-7.13355827332,-11.255853653],"min":[-27.6489105225,-27.4872837067,-27.4231433868,-27.3680458069,-27.148563385,-27.2724723816],"var":[0.885260105133,1.48493719101,1.98792648315,2.04489827156,2.2867910862,1.2055644989]},"spectral_decrease":{"dmean":2.77787082226e-9,"dmean2":4.38126557256e-9,"dvar":1.57370813753e-17,"dvar2":3.93789091337e-17,"max":5.76263732913e-12,"mean":-6.91829393773e-9,"median":-5.59817969759e-9,"min":-5.08299180524e-8,"var":3.79603969536e-17},"spectral_energy":{"dmean":0.0112267257646,"dmean2":0.0174573939294,"dvar":0.000248568103416,"dvar2":0.000608197122347,"max":0.212953150272,"mean":0.0357842817903,"median":0.0327365770936,"min":1.07039740048e-20,"var":0.000786974967923},"spectral_energyband_high":{"dmean":0.000173297157744,"dmean2":0.000251411023783,"dvar":7.7360525097e-8,"dvar2":1.6317486029e-7,"max":0.00748880393803,"mean":0.000759706017561,"median":0.000584018009249,"min":7.75816493143e-21,"var":7.2919408467e-7},"spectral_energyband_low":{"dmean":0.00807396415621,"dmean2":0.0131496852264,"dvar":0.000202236347832,"dvar2":0.000512067636009,"max":0.178133651614,"mean":0.0127326594666,"median":0.00737244123593,"min":1.45285995973e-23,"var":0.00026117314701},"spectral_energyband_middle_high":{"dmean":0.00239558308385,"dmean2":0.00369901070371,"dvar":0.0000128312985908,"dvar2":0.0000304613749904,"max":0.0633872225881,"mean":0.00727495830506,"median":0.00499370740727,"min":1.2413775718e-21,"var":0.0000620296268607},"spectral_energyband_middle_low":{"dmean":0.00441980315372,"dmean2":0.00689907791093,"dvar":0.0000584612316743,"dvar2":0.000136688104249,"max":0.143574848771,"mean":0.0112618468702,"median":0.00754101760685,"min":2.31551577341e-22,"var":0.000210233876714},"spectral_entropy":{"dmean":0.180164963007,"dmean2":0.28356140852,"dvar":0.0513368472457,"dvar2":0.132858335972,"max":9.80067443848,"mean":7.42322826385,"median":7.54871082306,"min":5.12928390503,"var":0.188667178154},"spectral_flux":{"dmean":0.0214780643582,"dmean2":0.0347342453897,"dvar":0.000725432182662,"dvar2":0.00163771398365,"max":0.355720102787,"mean":0.097984649241,"median":0.102080538869,"min":6.87923398801e-11,"var":0.00326615781523},"spectral_kurtosis":{"dmean":5.6515173912,"dmean2":9.085272789,"dvar":76.8368911743,"dvar2":201.253204346,"max":133.703826904,"mean":20.7097911835,"median":18.363822937,"min":-1.20784544945,"var":134.820266724},"spectral_rms":{"dmean":0.000831827812362,"dmean2":0.001270758803,"dvar":9.2261655027e-7,"dvar2":0.00000215982822738,"max":0.0144138531759,"mean":0.0053528486751,"median":0.00565138226375,"min":3.23154784182e-12,"var":0.00000625850725555},"spectral_rolloff":{"dmean":4600.765625,"dmean2":8754.29394531,"dvar":55525152,"dvar2":128628800,"max":22028.4667969,"mean":8051.50634766,"median":2368.65234375,"min":21.533203125,"var":84282480},"spectral_skewness":{"dmean":0.399511188269,"dmean2":0.630395531654,"dvar":0.296575516462,"dvar2":0.776832222939,"max":9.04396247864,"mean":3.01119494438,"median":2.81431770325,"min":0.0385906733572,"var":0.751379847527},"spectral_spread":{"dmean":468401.0625,"dmean2":744790.5625,"dvar":427681710080,"dvar2":985356959744,"max":40705048,"mean":3551732,"median":3474365.25,"min":1006235.8125,"var":1303099867140},"spectral_strongpeak":{"dmean":0.880261659622,"dmean2":1.59664404392,"dvar":18.0041255951,"dvar2":54.0047264099,"max":79.8519439697,"mean":0.906417131424,"median":0.217968866229,"min":0,"var":11.6969194412},"zerocrossingrate":{"dmean":0.0323289968073,"dmean2":0.0407790541649,"dvar":0.000931891612709,"dvar2":0.00149357470218,"max":0.7646484375,"mean":0.20896153152,"median":0.21435546875,"min":0.0009765625,"var":0.00892873853445}},"metadata":{"audio_properties":{"analysis_sample_rate":44100,"bit_rate":320000,"codec":"mp3","downmix":"mix","equal_loudness":0,"length":154.279190063,"lossless":false,"md5_encoded":"465a79cdd6f5250b16baf581a59cc28d","replay_gain":-0.797630310059,"sample_rate":44100},"tags":{"acoustid_id":["5107d2b1-b58f-41c7-afc4-4d20b1e778a3"],"album":["Lex Hives"],"albumartist":["The Hives"],"artist":["The Hives"],"date":["2012"],"discnumber":["1/1"],"file_name":"10 - The Hives - My Time Is Coming.mp3","musicbrainz_albumartistid":["487bfd74-71bf-46dd-b89c-80b7a0f06f2f"],"musicbrainz_albumid":["cc897080-9cb0-4f48-905f-2ba99fad913f"],"musicbrainz_artistid":["487bfd74-71bf-46dd-b89c-80b7a0f06f2f"],"musicbrainz_recordingid":["558b423a-16b4-4a6c-9ef5-af0cf1b51914"],"musicbrainz_releasegroupid":["919764d2-49f9-4ced-8022-3ca412ac83df"],"replaygain_album_gain":["+0.44 dB"],"replaygain_album_peak":["0.292120"],"replaygain_track_gain":["-0.65 dB"],"replaygain_track_peak":["0.278791"],"title":["My Time Is Coming"],"tracknumber":["10/12"]},"version":{"essentia":"2.1-beta1","essentia_build_sha":"e76a03f03bb3900de42a1fa0d9be1e72f12def64","essentia_git_sha":"v2.1_beta1-28-g21ef5f4-dirty","extractor":"music 1.0"}},"rhythm":{"beats_count":369,"beats_loudness":{"dmean":0.0145647423342,"dmean2":0.0242320001125,"dvar":0.000208045326872,"dvar2":0.000520213216078,"max":0.165872126818,"mean":0.0486107282341,"median":0.0523131713271,"min":0.0000577024984523,"var":0.00077538320329},"beats_loudness_band_ratio":{"dmean":[0.172509908676,0.0922463387251,0.0929546654224,0.0836212262511,0.0241850856692,0.0515777803957],"dmean2":[0.299569994211,0.164503023028,0.166822060943,0.146222800016,0.0393537990749,0.0874856933951],"dvar":[0.0196992233396,0.0134320827201,0.0115976938978,0.00809996109456,0.00170020177029,0.00267417868599],"dvar2":[0.0538903363049,0.038539711386,0.0344597361982,0.0220459904522,0.00441076233983,0.00691063189879],"max":[