{"lowlevel":{"average_loudness":0.958610296249,"barkbands":{"dmean":[0.00336919003166,0.00599075574428,0.00260768644512,0.00429255608469,0.00262436550111,0.00255778315477,0.000834203150589,0.000704364967532,0.00118752452545,0.000960604113061,0.000623732339591,0.000964172300883,0.000596063269768,0.000318393460475,0.000260349537712,0.000192154097022,0.000099454766314,0.0000960416946327,0.000111056411697,0.0000947742955759,0.000052457813581,0.0000297594906442,0.0000212691174966,0.0000128411948026,0.00000242199075728,0.0000284337729681,0.000297807331663],"dmean2":[0.00528987823054,0.0103307487443,0.0044615259394,0.00705493753776,0.00438343547285,0.00424806168303,0.00139869272243,0.00118329375982,0.00195574876852,0.00161574268714,0.0010457362514,0.00161627132911,0.000983298406936,0.000534514954779,0.000432609493146,0.000317563273711,0.000160955474712,0.000151012107381,0.000170383005752,0.000141578973853,0.000082271064457,0.0000449559447588,0.0000322677187796,0.0000195924221771,0.00000402989007853,0.000041788614908,0.000437016569776],"dvar":[0.0000378875483875,0.0000917742509046,0.0000177153706318,0.0000521870351804,0.0000117672934721,0.0000138171026265,0.0000013790555613,0.00000150122320974,0.00000446856756753,0.000002432853762,0.00000146160869008,0.00000460064848085,0.00000186870067864,2.12956578594e-7,1.63344367365e-7,8.77853594261e-8,2.14282991351e-8,5.01908985484e-8,1.84967575478e-7,1.99705482373e-7,4.24071338045e-8,2.90843149564e-9,9.42255606873e-10,3.76693037873e-10,1.41305829884e-11,1.83066251047e-9,2.1753177748e-7],"dvar2":[0.000084008439444,0.000252198748058,0.0000495505155413,0.000123707548482,0.0000307758418785,0.0000362131540896,0.00000375383638129,0.0000041118973968,0.0000119395172078,0.00000631570264886,0.00000390228797187,0.000012309057638,0.00000486461931359,5.66940116187e-7,4.23235377411e-7,2.33217761547e-7,5.58556259023e-8,1.11660732216e-7,4.09050699091e-7,4.41565475739e-7,1.09688549799e-7,6.93621338144e-9,2.06496242328e-9,8.08350775205e-10,3.42856507074e-11,3.6898937239e-9,4.59411012343e-7],"max":[0.0898409634829,0.0902341976762,0.0693050324917,0.121290072799,0.0667342022061,0.0656844526529,0.0176698882133,0.0274254456162,0.0462978109717,0.0291598066688,0.0267532803118,0.0513358153403,0.035325076431,0.0109361680225,0.00713287433609,0.0056040934287,0.00284247286618,0.00615448784083,0.0155798234046,0.0157557912171,0.00701874541119,0.00217274716124,0.000531380297616,0.000362780003343,0.0000581934473303,0.000859185121953,0.0119528435171],"mean":[0.00374445831403,0.00711558014154,0.00305117596872,0.00574958510697,0.00431579956785,0.00407991418615,0.00125431583729,0.00104373809882,0.00195596902631,0.00150633859448,0.000942887447309,0.00166264653672,0.00100352009758,0.000595382298343,0.000478236586787,0.000380883633625,0.000208748009754,0.000206844531931,0.000218705623411,0.000188937992789,0.000111132976599,0.0000773505016696,0.0000532851227035,0.0000281475658994,0.00000252928793998,0.0000732135376893,0.00118620414287],"median":[0.00130022037774,0.00443187495694,0.00151120335795,0.00241710082628,0.0030826870352,0.00255756033584,0.000827209674753,0.000583501765504,0.000999022740871,0.000925347441807,0.000483448035084,0.00072072801413,0.000408022489864,0.000368395703845,0.000311719020829,0.000249612494372,0.00013685473823,0.000118788324471,0.0000937724544201,0.0000661426383886,0.0000618960038992,0.0000553451682208,0.000037473768316,0.000020036859496,0.00000110064138426,0.0000511571270181,0.000853021396324],"min":[3.12820770509e-25,2.0175829598e-24,8.88388527404e-25,6.08300751296e-25,6.89546551583e-24,9.27528847293e-24,3.17386786176e-24,9.17950103751e-24,7.05400525854e-24,1.2347707639e-23,1.13599977765e-23,2.02345614757e-23,3.18701257213e-23,2.74959172454e-23,2.99105100358e-23,3.72251880696e-23,5.98921753252e-23,8.7608140587e-23,1.06601424695e-22,1.6212028138e-22,2.44557432422e-22,3.21866078813e-22,3.61398284289e-22,5.66524308726e-22,8.49923232637e-22,1.21799507824e-21,1.90407101733e-21],"var":[0.0000464400618512,0.000081729478552,0.0000213258317672,0.000101845667814,0.0000200506437977,0.0000233188820857,0.00000198790871764,0.00000233179594034,0.00000811088375485,0.00000395134475184,0.00000213365569834,0.00000934313084144,0.00000338285940416,4.47193798436e-7,3.08326093545e-7,1.93481355382e-7,5.36029851617e-8,1.29292487827e-7,4.35048235659e-7,5.55130668545e-7,8.05845274954e-8,7.59718865595e-9,2.84310752718e-9,9.2853186251e-10,1.61932585396e-11,5.74578784551e-9,0.00000140117811043]},"barkbands_crest":{"dmean":2.63298225403,"dmean2":4.4263882637,"dvar":5.58092498779,"dvar2":15.0413303375,"max":23.0737609863,"mean":8.27463436127,"median":7.40403461456,"min":2.75837469101,"var":11.0435829163},"barkbands_flatness_db":{"dmean":0.0204038992524,"dmean2":0.0324372686446,"dvar":0.000343071238603,"dvar2":0.000850431970321,"max":0.385844677687,"mean":0.11188300699,"median":0.106933504343,"min":0.0262816566974,"var":0.00116307497956},"barkbands_kurtosis":{"dmean":3.57090735435,"dmean2":5.84773683548,"dvar":105.04322052,"dvar2":306.197296143,"max":533.975402832,"mean":6.3186173439,"median":4.30360269547,"min":-1.77018129826,"var":107.700469971},"barkbands_skewness":{"dmean":0.555601358414,"dmean2":0.885785102844,"dvar":0.376039296389,"dvar2":0.975255429745,"max":20.1842327118,"mean":1.962485075,"median":1.93515467644,"min":-2.2251727581,"var":1.43917512894},"barkbands_spread":{"dmean":7.34230279922,"dmean2":11.3668031693,"dvar":51.6602706909,"dvar2":116.032432556,"max":121.558135986,"mean":30.6575374603,"median":26.4821777344,"min":0.747485816479,"var":284.041473389},"dissonance":{"dmean":0.0167061202228,"dmean2":0.0287050288171,"dvar":0.000236031773966,"dvar2":0.000665416242555,"max":0.500000059605,"mean":0.47283628583,"median":0.477261602879,"min":0.338127404451,"var":0.000392646499677},"dynamic_complexity":1.77361941338,"erbbands":{"dmean":[0.284703552723,1.03094792366,2.45531249046,9.84584999084,9.38317775726,10.2487440109,19.6188964844,18.8391914368,13.405752182,9.30436325073,18.4054603577,23.1233978271,32.8010597229,25.7533016205,25.7112312317,37.6586685181,27.1055183411,15.8661899567,13.440202713,13.4985609055,7.98116159439,5.3888463974,5.14592409134,5.00837373734,5.71630573273,4.66064357758,2.59406375885,1.76877939701,1.15745103359,0.813116371632,0.569642901421,0.375481009483,0.151911348104,0.0299029443413,0.017431139946,0.0294455420226,0.0662917196751,0.047445576638,0.0228631049395,0.00637915218249],"dmean2":[0.492159366608,1.79393029213,4.18658924103,16.2077960968,15.5238876343,17.2358036041,32.5376052856,31.3984241486,22.5769729614,15.5601444244,30.8406047821,38.122467041,54.8729476929,43.0945701599,42.8088722229,62.8272094727,44.719745636,26.4871273041,22.2741947174,22.2663841248,13.1400976181,8.70891952515,8.10290050507,7.79098749161,8.77466678619,7.04447793961,4.08448886871,2.75436973572,1.76523172855,1.22284340858,0.867490291595,0.577642202377,0.23261526227,0.0490364842117,0.0288696046919,0.0449307784438,0.0981157496572,0.0671385526657,0.0322472453117,0.00945421587676],"dvar":[0.27062702179,2.12952399254,13.7498426437,275.6690979,186.881210327,202.589630127,895.176696777,869.132385254,372.116851807,189.040740967,1163.1348877,1982.22497559,3124.82299805,2483.34814453,2874.24975586,7433.29833984,3747.40893555,614.909118652,339.003997803,456.003265381,143.697067261,67.6966934204,117.481285095,306.541137695,545.424560547,555.95703125,129.385284424,31.6622009277,5.12865257263,1.44536662102,0.692325651646,0.338407307863,0.0482768565416,0.00181108224206,0.000701553071849,0.00164804118685,0.0105892494321,0.00475416565314,0.00418705865741,0.0000738737653592],"dvar2":[0.743576347828,5.91399812698,38.5748443604,676.985351562,478.179412842,525.785217285,2362.0534668,2273.25366211,1014.17810059,511.348602295,3142.67578125,5483.10058594,8172.75390625,6331.07763672,7691.22167969,20004.3730469,9761.54589844,1588.29101562,876.417541504,1204.61608887,379.576873779,174.208099365,271.205474854,669.386779785,1228.80639648,1285.9564209,326.526489258,78.0063552856,12.4519329071,3.20637631416,1.51705908775,0.751959323883,0.102145150304,0.00435698730871,0.00170448515564,0.00344421318732,0.0218526218086,0.00926449149847,0.0085646957159,0.00015771620383],"max":[4.47100257874,14.8246183395,64.9132003784,255.128433228,215.592590332,339.295959473,557.155700684,778.682617188,306.436065674,265.987548828,863.49987793,896.495544434,1187.15197754,1496.55444336,1229.97875977,2630.34033203,1657.77612305,642.122619629,280.356719971,430.591400146,279.04473877,171.828704834,283.661987305,520.487609863,666.838684082,837.567626953,393.320556641,212.329528809,99.0871429443,24.4319839478,15.6717386246,10.7743778229,3.6285712719,0.689925670624,0.405437916517,0.740661025047,2.00439715385,1.23541021347,2.39679312706,0.238217547536],"mean":[0.311938881874,1.22588670254,3.13190674782,13.4702920914,14.0131788254,15.5532312393,29.3665390015,29.2884883881,20.7803554535,15.701420784,28.857585907,38.3632621765,54.1854820251,42.8933601379,45.2179260254,67.3634719849,50.241104126,31.1166858673,27.4968700409,25.9258537292,17.3298225403,12.019536972,11.5860242844,10.5432453156,11.2369117737,9.13421726227,5.41674232483,3.95803022385,2.89533686638,2.09116411209,1.39430105686,0.837126076221,0.314238846302,0.0409139916301,0.0202240105718,0.061737537384,0.164736568928,0.146157637239,0.076638713479,0.0322176516056],"median":[0.154906064272,0.79938095808,1.84907901287,5.81872606277,8.28567314148,10.452003479,17.6030197144,17.7323074341,13.8971729279,10.6046133041,15.6234073639,20.6451053619,31.432964325,25.7906570435,22.7195854187,29.9254798889,21.3104286194,18.7513847351,18.8217735291,17.3153419495,12.1994991302,8.01236724854,6.95628261566,5.11855316162,4.50558567047,3.25025463104,2.62611341476,2.41339755058,2.06720399857,1.47582030296,0.982160568237,0.597927033901,0.218538746238,0.0267721451819,0.0105840293691,0.0446077473462,0.115231446922,0.107793301344,0.0533016994596,0.0256933700293],"min":[7.70499757444e-23,5.51516968378e-22,1.85439090517e-21,5.26738314706e-21,9.18984170394e-21,2.22432324072e-20,5.13950062046e-20,6.94945968867e-20,8.9327260199e-20,8.51595494567e-20,1.86617762306e-19,2.64940082388e-19,4.56466231051e-19,7.43929588489e-19,7.38058415598e-19,1.08894832805e-18,1.64241042981e-18,1.77746865452e-18,2.43748123515e-18,2.83359135393e-18,2.66947375731e-18,4.04818428112e-18,4.67851286508e-18,5.95463458816e-18,7.98145001409e-18,8.22921211425e-18,7.35466052238e-18,9.46204375356e-18,1.15149753394e-17,1.2017228654e-17,1.13871792435e-17,8.91261467427e-18,8.91823619371e-18,6.78633036609e-18,6.76990379989e-18,4.4312168812e-18,2.16182908628e-18,9.58908711512e-19,2.24383804696e-19,2.50218516382e-20],"var":[0.231841534376,1.9900084734,16.6860580444,507.791870117,319.62600708,325.106567383,1402.38232422,1519.14575195,522.762878418,320.975646973,1939.9876709,3073.02978516,5876.76318359,3801.54443359,4999.8984375,14941.4482422,7690.39404297,1331.9666748,765.189208984,887.536071777,335.047851562,175.396057129,310.068054199,742.782043457,1358.29553223,1332.28051758,275.161895752,69.439491272,12.0971450806,4.40966272354,1.97223031521,0.800407350063,0.120703175664,0.00237508723512,0.000821133842692,0.00429468555376,0.0301561690867,0.0187937077135,0.0139668546617,0.000623488158453]},"erbbands_crest":{"dmean":2.24898219109,"dmean2":3.78426027298,"dvar":4.92326450348,"dvar2":13.2004938126,"max":29.8270187378,"mean":7.30486249924,"median":6.44117832184,"min":2.10577368736,"var":11.2638111115},"erbbands_flatness_db":{"dmean":0.015919610858,"dmean2":0.0247750934213,"dvar":0.000186953126104,"dvar2":0.000449965853477,"max":0.288857996464,"mean":0.124023377895,"median":0.119745999575,"min":0.0317909456789,"var":0.00114125409164},"erbbands_kurtosis":{"dmean":0.815633535385,"dmean2":1.33651065826,"dvar":0.990177690983,"dvar2":2.54178452492,"max":18.7120494843,"mean":0.708997368813,"median":0.371843397617,"min":-1.52118003368,"var":2.43388700485},"erbbands_skewness":{"dmean":0.29095351696,"dmean2":0.46065735817,"dvar":0.0648566037416,"dvar2":0.151985928416,"max":3.31168556213,"mean":0.287024617195,"median":0.294135659933,"min":-3.12900805473,"var":0.372181624174},"erbbands_spread":{"dmean":6.18176174164,"dmean2":9.86058998108,"dvar":31.7265434265,"dvar2":78.0294494629,"max":103.614532471,"mean":31.6375904083,"median":30.8096809387,"min":3.51574087143,"var":147.529968262},"gfcc":{"cov":[[36582.3671875,2506.71655273,-2336.60180664,-315.159667969,-621.231994629,-435.792053223,40.3074493408,-744.357727051,-74.3957290649,-367.841400146,-278.178894043,45.5585098267,-379.228271484],[2506.71655273,805.721069336,-230.895812988,-195.916732788,75.171081543,-93.8650054932,33.1629257202,-70.3909301758,-5.61887264252,-44.395866394,29.1798095703,-58.501537323,38.974773407],[-2336.60180664,-230.895812988,479.374450684,101.077392578,-93.6322555542,153.628387451,-76.9596710205,107.903045654,3.22620820999,45.7857093811,-2.54396438599,31.2258682251,0.287575423717],[-315.159667969,-195.916732788,101.077392578,228.356918335,48.2193336487,-54.4831161499,18.9081897736,18.0882606506,5.9516711235,-6.80571651459,-28.8509235382,2.11494088173,-12.2183141708],[-621.231994629,75.171081543,-93.6322555542,48.2193336487,206.369781494,-63.0690536499,69.0007476807,-8.2798204422,8.81387042999,-11.7896327972,19.6686191559,-40.9013023376,39.529586792],[-435.792053223,-93.8650054932,153.628387451,-54.4831161499,-63.0690536499,240.502914429,-31.3450489044,51.7396697998,-13.9679021835,31.1009082794,8.10542488098,37.8794975281,-14.6861429214],[40.3074493408,33.1629257202,-76.9596710205,18.9081897736,69.0007476807,-31.3450489044,106.699172974,-14.7028865814,25.6545829773,-7.62645530701,4.99764728546,1.24329507351,0.244579926133],[-744.357727051,-70.3909301758,107.903045654,18.0882606506,-8.2798204422,51.7396697998,-14.7028865814,110.566055298,10.4009237289,24.9511928558,5.28998756409,-15.0133628845,20.7474918365],[-74.3957290649,-5.61887264252,3.22620820999,5.9516711235,8.81387042999,-13.9679021835,25.6545829773,10.4009237289,70.8132705688,28.4807090759,10.0743494034,11.0578308105,-7.4431347847],[-367.841400146,-44.395866394,45.7857093811,-6.80571651459,-11.7896327972,31.1009082794,-7.62645530701,24.9511928558,28.4807090759,61.5303611755,35.5626182556,13.420715332,11.5155191422],[-278.178894043,29.1798095703,-2.54396438599,-28.8509235382,19.6686191559,8.10542488098,4.99764728546,5.28998756409,10.0743494034,35.5626182556,60.3884735107,23.9138221741,21.960395813],[45.5585098267,-58.501537323,31.2258682251,2.11494088173,-40.9013023376,37.8794975281,1.24329507351,-15.0133628845,11.0578308105,13.420715332,23.9138221741,70.6694259644,3.51724767685],[-379.228271484,38.974773407,0.287575423717,-12.2183141708,39.529586792,-14.6861429214,0.244579926133,20.7474918365,-7.4431347847,11.5155191422,21.960395813,3.51724767685,70.3401794434]],"icov":[[0.000160196097568,-0.0006889080978,0.00127743545454,-0.00144745514262,0.00134410872124,-0.000828642514534,0.000349420442944,0.000193160041817,-0.000396479474148,0.000152615335537,0.0000303570614051,0.0000889844159246,-0.0000786847085692],[-0.0006889080978,0.00525845354423,-0.00547085842118,0.00744117237628,-0.00504108751193,0.00330484146252,-0.00184549496043,0.000900206388906,-0.000311215699185,0.00317960395478,-0.0036476009991,0.00328668020666,-0.00162802101113],[0.00127743545454,-0.00547085842118,0.0151351010427,-0.015622312203,0.0134493559599,-0.0102017484605,0.00489056343213,0.000306515663397,-0.00556311197579,0.00291283219121,-0.00261004129425,0.00301145669073,-0.00305397785269],[-0.00144745514262,0.00744117237628,-0.015622312203,0.0268019065261,-0.0215766951442,0.0160617325455,-0.00414914125577,-0.00685279909521,0.0115171130747,-0.0110493367538,0.0145140811801,-0.0143753131852,0.00952254608274],[0.00134410872124,-0.00504108751193,0.0134493559599,-0.0215766951442,0.0297776628286,-0.0145567739382,-0.00219936179928,0.00945495441556,-0.0142864771187,0.0175739657134,-0.0212743207812,0.0236035007983,-0.0152451405302],[-0.000828642514534,0.00330484146252,-0.0102017484605,0.0160617325455,-0.0145567739382,0.0173662062734,-0.00233485223725,-0.00880814623088,0.01341195032,-0.0141506679356,0.0139515995979,-0.0169550459832,0.0111735071987],[0.000349420442944,-0.00184549496043,0.00489056343213,-0.00414914125577,-0.00219936179928,-0.00233485223725,0.0162966959178,-0.00082804064732,-0.00589567096904,0.00251282728277,0.000942116545048,-0.00424608355388,0.0019847296644],[0.000193160041817,0.000900206388906,0.000306515663397,-0.00685279909521,0.00945495441556,-0.00880814623088,-0.00082804064732,0.0214544702321,-0.0114624099806,0.00932384189218,-0.0132694719359,0.0206540692598,-0.0137561662123],[-0.000396479474148,-0.000311215699185,-0.00556311197579,0.0115171130747,-0.0142864771187,0.01341195032,-0.00589567096904,-0.0114624099806,0.0358511842787,-0.0308883599937,0.0235659945756,-0.024241572246,0.0169937741011],[0.000152615335537,0.00317960395478,0.00291283219121,-0.0110493367538,0.0175739657134,-0.0141506679356,0.00251282728277,0.00932384189218,-0.0308883599937,0.0615728981793,-0.0476800352335,0.0314651019871,-0.0184959694743],[0.0000303570614051,-0.0036476009991,-0.00261004129425,0.0145140811801,-0.0212743207812,0.0139515995979,0.000942116545048,-0.0132694719359,0.0235659945756,-0.0476800352335,0.0671794265509,-0.0430576875806,0.0149747412652],[0.0000889844159246,0.00328668020666,0.00301145669073,-0.0143753131852,0.0236035007983,-0.0169550459832,-0.00424608355388,0.0206540692598,-0.024241572246,0.0314651019871,-0.0430576875806,0.0566995330155,-0.0238415021449],[-0.0000786847085692,-0.00162802101113,-0.00305397785269,0.00952254608274,-0.0152451405302,0.0111735071987,0.0019847296644,-0.0137561662123,0.0169937741011,-0.0184959694743,0.0149747412652,-0.0238415021449,0.0326552093029]],"mean":[13.2469511032,85.9965057373,-81.5340652466,-7.84301233292,-17.4645137787,-14.5179080963,-0.649166047573,-24.2319049835,-2.24861812592,-12.5630817413,-8.01217556,1.602876544,-10.0200586319]},"hfc":{"dmean":37.9512825012,"dmean2":62.4849967957,"dvar":1177.96276855,"dvar2":3269.95703125,"max":540.16973877,"mean":187.910888672,"median":184.437194824,"min":1.06442838686e-16,"var":5745.28125},"melbands":{"dmean":[0.00214398722164,0.00122001708951,0.00162888795603,0.000632980838418,0.000595813209657,0.000430049578426,0.000192473075003,0.000104968814412,0.000164108452736,0.000158621187438,0.00016681899433,0.000109713415441,0.000084547973529,0.0000989475229289,0.000101613302832,0.0000441274205514,0.0000305873509205,0.0000247234820563,0.0000202707287826,0.0000168118604051,0.00000884918063093,0.00000633582430964,0.00000527606744072,0.00000500181477037,0.00000431763965025,0.0000047443618314,0.00000393784603148,0.00000316917453347,0.00000180775634817,0.0000013556501699,0.000001049155685,7.62135641708e-7,5.32292858679e-7,4.86792373522e-7,3.7813086351e-7,2.8079298886e-7,2.2776285391e-7,1.33638735633e-7,4.05422575511e-8,2.21609308682e-8],"dmean2":[0.00363404978998,0.00209819921292,0.00267755775712,0.00105831283145,0.000987401581369,0.000715052650776,0.000324524036841,0.000175823326572,0.00027339157532,0.000262003683019,0.000279581203358,0.000184073694982,0.000141792479553,0.000165796212968,0.000169594568433,0.0000729436578695,0.0000512479964527,0.0000414104069932,0.0000335915610776,0.0000278516672552,0.0000147537011799,0.0000104055015981,0.00000855360667629,0.00000796863969299,0.00000684103133608,0.00000742246902519,0.00000603425633017,0.00000489099829792,0.00000288315209218,0.00000214084343497,0.00000166614756836,0.00000118310174457,8.23561890684e-7,7.52951507366e-7,5.89338924328e-7,4.38277425019e-7,3.55801432761e-7,2.05883566196e-7,6.57380070379e-8,3.69081085694e-8],"dvar":[0.0000134428591991,0.00000263718789029,0.00000682213885739,6.41524763978e-7,7.43907492051e-7,4.02908597152e-7,7.23813684544e-8,2.63495216757e-8,9.80313785703e-8,8.62722515649e-8,7.86713840739e-8,4.32851017251e-8,2.64556678786e-8,4.02398470101e-8,7.51877777816e-8,7.36390637357e-9,2.2583888093e-9,1.17216869544e-9,1.0910017334e-9,6.97594315646e-10,1.74439560019e-10,9.03264268937e-11,1.04585867744e-10,1.4441162155e-10,2.36280717214e-10,3.56936591395e-10,3.30548921568e-10,2.65098415442e-10,6.94572385718e-11,2.12745151357e-11,9.18703568081e-12,2.08810442895e-12,8.22129040193e-13,4.98243156802e-13,3.09451628818e-13,1.80675922357e-13,1.21670021606e-13,3.9542072958e-14,2.58238746278e-15,1.19872579151e-15],"dvar2":[0.0000358368451998,0.00000736778019927,0.0000165994770214,0.0000016983583464,0.00000194672247744,0.00000105780236481,1.97639977273e-7,7.12622281185e-8,2.65430514901e-7,2.32020013868e-7,2.05692032296e-7,1.10398964637e-7,7.009291636e-8,1.10517134999e-7,1.97324510509e-7,1.89300983777e-8,5.89982862564e-9,3.12835957139e-9,2.82674883501e-9,1.86102733224e-9,4.68963645694e-10,2.3713447872e-10,2.75811540273e-10,3.28075927536e-10,5.44801537217e-10,8.38684344195e-10,7.75466468816e-10,6.44426012553e-10,1.76579681432e-10,5.22278678639e-11,2.35365303636e-11,5.1425317997e-12,2.066908927e-12,1.15047912603e-12,7.19122027551e-13,4.112211331e-13,2.7591836693e-13,8.64220872057e-14,5.98143454187e-15,2.90790053034e-15],"max":[0.0327824875712,0.0246803835034,0.0396403931081,0.0147538613528,0.0161158032715,0.0154527164996,0.00420879106969,0.00379399536178,0.00841832440346,0.00659811263904,0.0057488726452,0.00585426623002,0.00285496842116,0.0049110557884,0.0112705100328,0.00232456577942,0.00131134421099,0.000464879150968,0.00075189047493,0.000461533636553,0.000318769773003,0.000157137401402,0.000240370442043,0.000338022509823,0.000461760646431,0.000715926405974,0.000705394544639,0.000601789506618,0.000340417638654,0.000203917588806,0.0000954522838583,0.0000605915302003,0.000035061766539,0.0000118836287584,0.0000105762183011,0.00000748243246562,0.00000633190848021,0.00000324211964653,6.34532170807e-7,5.44110832834e-7],"mean":[0.0025800736621,0.00161351356655,0.00232706125826,0.00100678624585,0.000943824357819,0.000686608720571,0.00030131166568,0.000173350912519,0.000250742188655,0.000259752734564,0.000271243799943,0.000173237422132,0.000138527480885,0.000170403756783,0.000172345418832,0.0000796246531536,0.000054951855418,0.0000453694919997,0.0000360840822395,0.0000315536854032,0.0000174790566234,0.0000124644775497,0.0000107681089503,0.0000099640155895,0.0000082096312326,0.00000862003889779,0.00000731444242774,0.00000576533375352,0.00000349331776306,0.00000271184126177,0.00000215809268411,0.00000173948717475,0.00000126152963276,0.00000113201724616,8.53952201396e-7,6.09871563029e-7,4.66874439553e-7,2.6470675607e-7,6.26224760936e-8,2.28964864846e-8],"median":[0.0014645815827,0.00105533679016,0.0011351655703,0.000709167215973,0.000607405439951,0.000435124733485,0.000205074291443,0.00011388425628,0.000127418723423,0.000135336187668,0.000156154826982,0.000102203208371,0.0000702716206433,0.0000777998939157,0.0000634738898952,0.0000374193041353,0.0000332238196279,0.0000296643793263,0.0000226185111387,0.0000207518969546,0.0000120376416817,0.00000815841303847,0.00000643182602289,0.00000561835622648,0.00000374454089069,0.00000349064430338,0.0000025501235541,0.00000201903230845,0.00000154922827278,0.00000152563075062,0.00000131279603011,0.00000122555695725,9.00704549167e-7,7.63470325182e-7,5.87842464483e-7,4.27389068136e-7,3.25632299791e-7,1.77571394033e-7,4.28233910554e-8,9.80477654622e-9],"min":[8.37248252641e-25,1.11205534455e-24,1.3814957171e-24,1.00125657636e-24,1.61828602426e-24,1.85875173299e-24,1.46850244039e-24,1.33659671261e-24,1.42469857205e-24,1.27457932786e-24,2.04874552935e-24,2.49424663975e-24,1.84855925566e-24,2.23669814812e-24,2.04775846715e-24,3.34236026807e-24,2.77536708409e-24,2.98271404543e-24,2.71862313589e-24,2.33510598225e-24,3.25406326417e-24,3.43793904978e-24,3.9812326828e-24,4.28804987669e-24,4.37994586127e-24,4.25644810883e-24,5.0530978322e-24,4.52889187207e-24,3.60150462531e-24,4.53457088173e-24,5.02557210863e-24,5.96026736282e-24,4.56369680964e-24,4.69447772038e-24,5.05100301207e-24,5.7957370104e-24,5.51632405549e-24,5.6012145608e-24,5.64941711755e-24,5.37299473433e-24],"var":[0.0000126415616251,0.00000317847116094,0.0000129419950099,0.00000109866687126,0.00000121380946894,7.08867673893e-7,1.0523418581e-7,4.39921201689e-8,1.63954751997e-7,1.44985236261e-7,1.47942984086e-7,6.53641265558e-8,4.30776232463e-8,8.1972196142e-8,1.4278138849e-7,1.45976448707e-8,4.38731762031e-9,2.31954477847e-9,2.02809213867e-9,1.40427469653e-9,3.56864482409e-10,1.9560059128e-10,2.18812482022e-10,3.39168831909e-10,5.09319419972e-10,7.41157024642e-10,8.20485346331e-10,5.53915635582e-10,1.46771400589e-10,4.27697113836e-11,1.8233270796e-11,4.64744128598e-12,1.81733295947e-12,1.37946544378e-12,7.83084751557e-13,4.16193799259e-13,2.68688256323e-13,9.18455442993e-14,4.71594868395e-15,1.36782490801e-15]},"melbands_crest":{"dmean":4.35395860672,"dmean2":7.26826572418,"dvar":15.8334627151,"dvar2":40.9839630127,"max":38.5342941284,"mean":13.3457384109,"median":12.1515569687,"min":1.4424366951,"var":34.236289978},"melbands_flatness_db":{"dmean":0.0272457264364,"dmean2":0.0432281717658,"dvar":0.000573415309191,"dvar2":0.00141861150041,"max":0.488003730774,"mean":0.214435711503,"median":0.21369703114,"min":0.00190946448129,"var":0.00317550147884},"melbands_kurtosis":{"dmean":5.76328468323,"dmean2":9.64547252655,"dvar":309.60055542,"dvar2":909.090454102,"max":825.554077148,"mean":9.10899162292,"median":6.03315162659,"min":-1.67708456516,"var":282.309417725},"melbands_skewness":{"dmean":0.716033935547,"dmean2":1.16768729687,"dvar":0.626451671124,"dvar2":1.69428300858,"max":24.3373584747,"mean":2.22632598877,"median":2.11951947212,"min":-0.878878355026,"var":1.73506331444},"melbands_spread":{"dmean":5.64963436127,"dmean2":9.02376651764,"dvar":44.4485664368,"dvar2":99.6832122803,"max":161.20916748,"mean":21.4352283478,"median":16.7548751831,"min":0.399283081293,"var":432.262054443},"mfcc":{"cov":[[9522.7421875,2033.04040527,-313.592590332,355.70223999,-293.873565674,355.36517334,-153.733459473,196.92791748,-183.382492065,121.867362976,-190.803756714,16.8783874512,-99.4807662964],[2033.04040527,1317.33154297,-198.596694946,9.82962226868,-13.8907775879,52.4041824341,30.3673229218,-9.16123962402,-0.985204935074,-29.5179519653,19.0343894958,-18.936000824,1.81723213196],[-313.592590332,-198.596694946,497.546051025,-121.942169189,32.6766433716,10.6899862289,-43.3738212585,44.4181404114,-23.9108924866,41.2830581665,-27.6569042206,32.9159622192,-14.766664505],[355.70223999,9.82962226868,-121.942169189,362.543182373,3.94606471062,-15.152469635,-15.4719161987,1.46678185463,21.7702083588,11.198348999,-23.5189399719,-30.2399730682,3.34518885612],[-293.873565674,-13.8907775879,32.6766433716,3.94606471062,114.973495483,-14.2023067474,39.5024261475,-13.6084127426,31.2895946503,-11.8739891052,19.1923828125,-7.20175266266,9.31259632111],[355.36517334,52.4041824341,10.6899862289,-15.152469635,-14.2023067474,129.015594482,0.652946472168,42.6038208008,-26.747674942,12.2803153992,-16.4624347687,27.1022224426,-8.33183479309],[-153.733459473,30.3673229218,-43.3738212585,-15.4719161987,39.5024261475,0.652946472168,94.7991867065,-0.307773470879,30.1149845123,-25.5162734985,18.6521129608,-11.2946920395,18.8851642609],[196.92791748,-9.16123962402,44.4181404114,1.46678185463,-13.6084127426,42.6038208008,-0.307773470879,76.4608306885,-1.33527433872,24.2284908295,-21.8675689697,14.4895620346,-10.352142334],[-183.382492065,-0.985204935074,-23.9108924866,21.7702083588,31.2895946503,-26.747674942,30.1149845123,-1.33527433872,72.6566085815,4.22716379166,22.1069927216,-15.1445026398,11.1114912033],[121.867362976,-29.5179519653,41.2830581665,11.198348999,-11.8739891052,12.2803153992,-25.5162734985,24.2284908295,4.22716379166,66.7898254395,6.74609804153,14.2140207291,-13.5206775665],[-190.803756714,19.0343894958,-27.6569042206,-23.5189399719,19.1923828125,-16.4624347687,18.6521129608,-21.8675689697,22.1069927216,6.74609804153,68.5188903809,14.3579130173,11.7804946899],[16.8783874512,-18.936000824,32.9159622192,-30.2399730682,-7.20175266266,27.1022224426,-11.2946920395,14.4895620346,-15.1445026398,14.2140207291,14.3579130173,54.8403244019,8.43405437469],[-99.4807662964,1.81723213196,-14.766664505,3.34518885612,9.31259632111,-8.33183479309,18.8851642609,-10.352142334,11.1114912033,-13.5206775665,11.7804946899,8.43405437469,47.5892448425]],"icov":[[0.000234023071243,-0.000358445307938,0.0000449407816632,-0.000195413958863,0.000268657400738,-0.000264832720859,0.0000600092716923,-0.000192658015294,0.000294995785225,-0.000431274616858,0.000426605372922,-0.0000309846036544,0.000074388262874],[-0.000358445307938,0.00138954282738,0.00022968139092,0.000359466823284,-0.000382781494409,-0.0000834205347928,-0.0000432568049291,0.000207167016924,-0.000358237623004,0.000912332558073,-0.00106966984458,0.000541227811482,-0.000122103432659],[0.0000449407816632,0.00022968139092,0.00309614627622,0.00115583033767,-0.00203668395989,0.000588880560827,0.00141549250111,-0.00147265510168,0.000715274480172,-0.00158991001081,0.0017169797793,-0.000825124327093,-0.000313288939651],[-0.000195413958863,0.000359466823284,0.00115583033767,0.00373739050701,-0.00127279385924,0.000403570418712,0.00139723590109,-0.000342444545822,-0.000990834552795,-0.00111810187809,0.00143182475585,0.00140825426206,-0.00132586667314],[0.000268657400738,-0.000382781494409,-0.00203668395989,-0.00127279385924,0.0128991380334,-0.000841250119265,-0.00453730300069,0.0026356226299,-0.00351439067163,0.00126686587464,-0.00127830181736,-0.000379600562155,0.00130034820177],[-0.000264832720859,-0.0000834205347928,0.000588880560827,0.000403570418712,-0.000841250119265,0.0120697692037,-0.00218246830627,-0.00475534005091,0.00333856139332,-0.000547568313777,0.00166692922357,-0.00490923970938,0.00123568100389],[0.0000600092716923,-0.0000432568049291,0.00141549250111,0.00139723590109,-0.00453730300069,-0.00218246830627,0.0186584014446,-0.00536148296669,-0.00374561990611,0.00610561063513,-0.00441430322826,0.00490098260343,-0.00476335128769],[-0.000192658015294,0.000207167016924,-0.00147265510168,-0.000342444545822,0.0026356226299,-0.00475534005091,-0.00536148296669,0.023783583194,-0.00536612095311,-0.00638442952186,0.00900379382074,-0.00658675096929,0.00348698743619],[0.000294995785225,-0.000358237623004,0.000715274480172,-0.000990834552795,-0.00351439067163,0.00333856139332,-0.00374561990611,-0.00536612095311,0.0235052201897,-0.0050001218915,-0.00593915628269,0.00733665470034,-0.00422553950921],[-0.000431274616858,0.000912332558073,-0.00158991001081,-0.00111810187809,0.00126686587464,-0.000547568313777,0.00610561063513,-0.00638442952186,-0.0050001218915,0.024973411113,-0.00788936018944,-0.00241123558953,0.00513637950644],[0.000426605372922,-0.00106966984458,0.0017169797793,0.00143182475585,-0.00127830181736,0.00166692922357,-0.00441430322826,0.00900379382074,-0.00593915628269,-0.00788936018944,0.0272379852831,-0.0117640644312,0.000104617975012],[-0.0000309846036544,0.000541227811482,-0.000825124327093,0.00140825426206,-0.000379600562155,-0.00490923970938,0.00490098260343,-0.00658675096929,0.00733665470034,-0.00241123558953,-0.0117640644312,0.0320628024638,-0.0097716934979],[0.000074388262874,-0.000122103432659,-0.000313288939651,-0.00132586667314,0.00130034820177,0.00123568100389,-0.00476335128769,0.00348698743619,-0.00422553950921,0.00513637950644,0.000104617975012,-0.0097716934979,0.0279318019748]],"mean":[-639.566650391,153.065002441,-10.0312452316,23.5023784637,-5.65239667892,21.1758155823,-4.84194517136,10.8070192337,-6.14468717575,4.94076299667,-7.32744121552,1.34296619892,-4.75364398956]},"pitch_salience":{"dmean":0.075246155262,"dmean2":0.124381817877,"dvar":0.00470007443801,"dvar2":0.0123916864395,"max":0.97148835659,"mean":0.631540298462,"median":0.648442804813,"min":0.0875641554594,"var":0.0097330249846},"silence_rate_20dB":{"dmean":0,"dmean2":0,"dvar":0,"dvar2":0,"max":1,"mean":1,"median":1,"min":1,"var":0},"silence_rate_30dB":{"dmean":0.0136344265193,"dmean2":0.0272727273405,"dvar":0.0134485289454,"dvar2":0.0344834700227,"max":1,"mean":0.989065587521,"median":1,"min":0,"var":0.0108148325235},"silence_rate_60dB":{"dmean":0.00142025284003,"dmean2":0.00284090917557,"dvar":0.00141823571175,"dvar2":0.00396920181811,"max":1,"mean":0.034933257848,"median":0,"min":0,"var":0.0337129235268},"spectral_centroid":{"dmean":195.068832397,"dmean2":302.973236084,"dvar":111143.125,"dvar2":222597.71875,"max":11648.4375,"mean":1183.75256348,"median":870.309204102,"min":277.265655518,"var":2326794.75},"spectral_complexity":{"dmean":3.15012073517,"dmean2":4.88465929031,"dvar":8.15201282501,"dvar2":16.8401050568,"max":62,"mean":22.8641014099,"median":23,"min":0,"var":78.4627838135},"spectral_contrast_coeffs":{"dmean":[0.0607398785651,0.0510310120881,0.038660492748,0.0270685739815,0.0174421854317,0.0318381823599],"dmean2":[0.100438609719,0.0864609181881,0.0660110488534,0.0460887439549,0.0292778071016,0.0500874482095],"dvar":[0.00231189490296,0.00162827072199,0.000946271058638,0.000465616292786,0.000198576279217,0.000860912608914],"dvar2":[0.00629658391699,0.00464046467096,0.00275348802097,0.0013282338623,0.00054992607329,0.00215052138083],"max":[-0.370714217424,-0.495052695274,-0.583788990974,-0.576616764069,-0.692184150219,-0.457401573658],"mean":[-0.659839212894,-0.758985698223,-0.803229093552,-0.812217354774,-0.824789047241,-0.721048355103],"median":[-0.658918142319,-0.759207546711,-0.805521011353,-0.812601149082,-0.823421478271,-0.714782118797],"min":[-0.980270504951,-0.986730456352,-0.977031469345,-0.982824206352,-0.971251666546,-0.966060876846],"var":[0.00827979575843,0.00452415831387,0.00276751955971,0.00177623529453,0.0010537141934,0.00440078182146]},"spectral_contrast_valleys":{"dmean":[0.418004751205,0.356346547604,0.299879163504,0.244179308414,0.206101462245,0.443574726582],"dmean2":[0.696166038513,0.592437565327,0.49682483077,0.394245713949,0.311300337315,0.698743522167],"dvar":[0.175106197596,0.170111358166,0.156694039702,0.140893027186,0.156272783875,0.253743469715],"dvar2":[0.389608412981,0.345196783543,0.304149717093,0.252639770508,0.271626651287,0.550263047218],"max":[-5.24201393127,-4.64111375809,-5.12104177475,-5.70194911957,-5.36002397537,-9.07611370087],"mean":[-7.05956983566,-6.6028842926,-6.89640712738,-7.40364360809,-7.84224081039,-11.1061048508],"median":[-6.52945518494,-6.04579401016,-6.35455274582,-6.88262939453,-7.34855747223,-10.6038036346],"min":[-28.3445720673,-27.9592838287,-28.0003814697,-27.7353649139,-27.5008602142,-27.4617996216],"var":[9.85046195984,10.2367610931,9.88737678528,9.36814308167,8.96351909637,6.43531560898]},"spectral_decrease":{"dmean":3.7794678498e-9,"dmean2":6.07170136391e-9,"dvar":1.75639213387e-17,"dvar2":4.38176430187e-17,"max":3.66428465348e-9,"mean":-8.18922529788e-9,"median":-6.97246527182e-9,"min":-3.95336066106e-8,"var":3.67108711551e-17},"spectral_energy":{"dmean":0.014573036693,"dmean2":0.023398257792,"dvar":0.000254222046351,"dvar2":0.000632806622889,"max":0.167641967535,"mean":0.0479521118104,"median":0.0445647090673,"min":9.99423930673e-21,"var":0.000590709678363},"spectral_energyband_high":{"dmean":0.000326790090185,"dmean2":0.000460617389763,"dvar":5.33622198873e-7,"dvar2":0.00000111063889108,"max":0.0262150764465,"mean":0.00120040460024,"median":0.000919109559618,"min":7.20323013799e-21,"var":0.00000207922653317},"spectral_energyband_low":{"dmean":0.010527132079,"dmean2":0.0173907969147,"dvar":0.000192666382645,"dvar2":0.000502459413838,"max":0.11726180464,"mean":0.0161033272743,"median":0.0108713274822,"min":1.48408055e-23,"var":0.000253885868005},"spectral_energyband_middle_high":{"dmean":0.00228684348986,"dmean2":0.00363484863192,"dvar":0.0000112102634375,"dvar2":0.0000289848630928,"max":0.0860042572021,"mean":0.00699355034158,"median":0.00486155925319,"min":1.18474195313e-21,"var":0.0000433148088632},"spectral_energyband_middle_low":{"dmean":0.00754369376227,"dmean2":0.0120464200154,"dvar":0.0000828939009807,"dvar2":0.000199990696274,"max":0.139872908592,"mean":0.0189439188689,"median":0.015012415126,"min":1.27225063413e-22,"var":0.000223669529078},"spectral_entropy":{"dmean":0.131037250161,"dmean2":0.20285962522,"dvar":0.0142549062148,"dvar2":0.0308333877474,"max":9.82709693909,"mean":7.64501953125,"median":7.61919593811,"min":5.76909589767,"var":0.170886084437},"spectral_flux":{"dmean":0.0257217735052,"dmean2":0.0410140417516,"dvar":0.0006839162088,"dvar2":0.00156745919958,"max":0.321211129427,"mean":0.126582935452,"median":0.124149799347,"min":6.3394005323e-11,"var":0.00202068174258},"spectral_kurtosis":{"dmean":2.80836939812,"dmean2":4.24177646637,"dvar":12.0276288986,"dvar2":27.8797779083,"max":74.2726593018,"mean":16.1355724335,"median":14.7648544312,"min":-1.27146148682,"var":63.3192062378},"spectral_rms":{"dmean":0.000987590290606,"dmean2":0.00156552344561,"dvar":9.27813630369e-7,"dvar2":0.0000022616750357,"max":0.0127887893468,"mean":0.00654956744984,"median":0.00659376708791,"min":3.12257533198e-12,"var":0.00000388571106669},"spectral_rolloff":{"dmean":5175.00292969,"dmean2":9852.51074219,"dvar":60447752,"dvar2":142478352,"max":22050,"mean":13657.4414062,"median":20327.34375,"min":43.06640625,"var":86789008},"spectral_skewness":{"dmean":0.234462797642,"dmean2":0.352636396885,"dvar":0.0600724555552,"dvar2":0.130957618356,"max":7.12291717529,"mean":2.79933691025,"median":2.77831506729,"min":-0.096876911819,"var":0.561605930328},"spectral_spread":{"dmean":479586,"dmean2":750448.5625,"dvar":1685199388670,"dvar2":3556783947780,"max":51073616,"mean":5327322.5,"median":4452845,"min":1762521.125,"var":28307481428000},"spectral_strongpeak":{"dmean":2.65716910362,"dmean2":5.01564216614,"dvar":105.406135559,"dvar2":293.714813232,"max":118.750289917,"mean":2.52649021149,"median":0.331838339567,"min":0,"var":113.236061096},"zerocrossingrate":{"dmean":0.0355445295572,"dmean2":0.0460342392325,"dvar":0.000950744666625,"dvar2":0.00150773103815,"max":0.78759765625,"mean":0.289316624403,"median":0.27685546875,"min":0.06787109375,"var":0.00800731871277}},"metadata":{"audio_properties":{"analysis_sample_rate":44100,"bit_rate":192000,"codec":"mp3","downmix":"mix","equal_loudness":0,"length":163.47428894,"lossless":false,"md5_encoded":"653c41cd5523e48df40c6dc5280bc669","replay_gain":-1.70326042175,"sample_rate":44100},"tags":{"acoustid_id":["d4451a5a-b939-400b-86bc-4382f018784f"],"album":["The Essential"],"albumartist":["Motörhead"],"artist":["Motörhead"],"date":["2007"],"discnumber":["1/2"],"file_name":"1-18 - Motörhead - Stay Clean.mp3","musicbrainz_albumartistid":["57961a97-3796-4bf7-9f02-a985a8979ae9"],"musicbrainz_albumid":["b4f619f1-6c35-48a8-8bd7-d821eacd29a3"],"musicbrainz_artistid":["57961a97-3796-4bf7-9f02-a985a8979ae9"],"musicbrainz_recordingid":["559d5c34-5c9a-4d3f-8312-7c35b1237b5c"],"musicbrainz_releasegroupid":["1257ccfc-0b75-3bfd-8671-4eaf00a9f25f"],"replaygain_album_gain":["-0.20 dB"],"replaygain_album_peak":["0.477078"],"replaygain_track_gain":["-1.68 dB"],"replaygain_track_peak":["0.477078"],"title":["Stay Clean"],"tracknumber":["18/20"]},"version":{"essentia":"2.1-beta1","essentia_build_sha":"e76a03f03bb3900de42a1fa0d9be1e72f12def64","essentia_git_sha":"v2.1_beta1-28-g21ef5f4-dirty","extractor":"music 1.0"}},"rhythm":{"beats_count":397,"beats_loudness":{"dmean":0.0180401410908,"dmean2":0.0293909031898,"dvar":0.000210151469219,"dvar2":0.000606484070886,"max":0.119101829827,"mean":0.0523317717016,"median":0.0516553074121,"min":0,"var":0.000443466531578},"beats_loudness_band_ratio":{"dmean":[0.192533254623,0.119321100414,0.0773040726781,0.059085085988,0.0281339678913,0.0814431905746],"dmean2":[0.317211598158,0.207729518414,0.13223606348,0.1013918221,0.0492826476693,0.135786965489],"dvar":[0.0187666751444,0.0110432822257,0.0052525755018,0.00315924664028,0.000719393545296,0.00663654552773],"dvar2":[0.0511050112545,0.0323082171381,0.014915487729,0.00899124983698,0.00187114614528,0.0178334265947],"max":[0.881983995438,0.81946593523,0.536437094212,0.424384206533,0.211514189839,0.651353240013],"mean":[0.39067286253,0.167486295104,0.109237298369,0.105911232531,0.0403460301459,0.18856