{"lowlevel":{"average_loudness":0.869777619839,"barkbands":{"dmean":[0.00331143126823,0.0108988285065,0.00409435434267,0.00132502848282,0.00130274449475,0.00129232939798,0.000499483430758,0.000651747221127,0.00085046706954,0.00072642712621,0.000471071398351,0.000960605801083,0.00163604831323,0.000636725628283,0.000479787035147,0.00033171576797,0.000177695896127,0.000141233816976,0.000103274847788,0.0000696648712619,0.0000974081776803,0.0000551799021196,0.0000568369832763,0.0000188596022781,0.00000349592619386,0.00000829336022434,0.0000982517158263],"dmean2":[0.0054745785892,0.0180037170649,0.00700380979106,0.00225207605399,0.00211165170185,0.00203291629441,0.000801920425147,0.00108187494334,0.0014131948119,0.00116971624084,0.000768693862483,0.00155825680122,0.0026708249934,0.00101856107358,0.000767328776419,0.000517166277859,0.000280908308923,0.000222002810915,0.00015809078468,0.000101571895357,0.000140674441354,0.0000746148944017,0.0000738289163564,0.0000247536154347,0.00000538024551133,0.0000110983110062,0.000115941475087],"dvar":[0.0000678887154208,0.000501372793224,0.0000436772861576,0.00000468328744319,0.00000583655491937,0.0000166448207892,0.00000163380207141,0.00000244308648689,0.00000577952005187,0.00000575231115363,0.00000136711867071,0.00000200304134523,0.00000484592328576,9.9468843473e-7,0.0000011307731711,4.20078720254e-7,9.0969649591e-8,9.65316644397e-8,5.39365814234e-8,6.36634709394e-8,2.67115950692e-7,3.19145954109e-8,1.54091850391e-8,1.49671552929e-9,2.89750844845e-11,2.04399996928e-10,2.98972686608e-8],"dvar2":[0.000170777362655,0.00133162608836,0.000130348096718,0.0000130220778374,0.0000141353812069,0.0000380462042813,0.00000391320236304,0.00000649126923236,0.0000160804829648,0.0000143888410093,0.00000316905811815,0.00000513640407007,0.0000125727447085,0.00000240370650317,0.00000243956515078,9.23207721826e-7,2.15965059169e-7,2.31391709349e-7,1.27992606735e-7,1.16063475275e-7,5.2171048992e-7,5.90773971965e-8,2.87281292088e-8,2.82484813319e-9,6.75134254058e-11,3.52867818298e-10,4.50922890138e-8],"max":[0.133642345667,0.338861852884,0.0638244971633,0.0336926840246,0.0447055324912,0.101968333125,0.028735999018,0.0392473116517,0.112890936434,0.105789758265,0.03408613801,0.0259121898562,0.0286860689521,0.0275386869907,0.0384641028941,0.0221611782908,0.00583408260718,0.00682670203969,0.00895761791617,0.0119579369202,0.0226435046643,0.00927204824984,0.00216067978181,0.000702086021192,0.000103835380287,0.000195229789824,0.00282013299875],"mean":[0.00324995070696,0.0139997182414,0.00560674723238,0.00176923256367,0.0020795497112,0.00176096532959,0.000688852043822,0.000928330176976,0.00125614332501,0.00107887026388,0.000712045701221,0.00174911296926,0.0029517787043,0.00120214279741,0.000805760093499,0.000639862264507,0.000356845441274,0.0002735418675,0.000201750794076,0.000121789569675,0.000146291364217,0.0000825995375635,0.0000727165534045,0.0000239967775997,0.00000437579546997,0.0000111197014121,0.000174348737346],"median":[0.000812304904684,0.00638807192445,0.00236916239373,0.000817654887214,0.00106637994759,0.000515041872859,0.000295019330224,0.000505468458869,0.000724014709704,0.000447681173682,0.000390228116885,0.00108025828376,0.00189908128232,0.000790293386672,0.00042560743168,0.000264814356342,0.000159963587066,0.0000930625319597,0.0000673720933264,0.0000434471767221,0.0000372026843252,0.0000209742393054,0.00000971019562712,0.00000429040028394,0.00000193860478248,0.00000327415614265,0.0000466561723442],"min":[1.71264993553e-25,2.98193228427e-24,1.28019897573e-24,1.4605252817e-24,5.93422114788e-24,5.10881428907e-24,6.93357301958e-24,6.77762074065e-24,1.4301649048e-23,9.76464965801e-24,1.16490790107e-23,1.3070276618e-23,2.49207328852e-23,3.37066128414e-23,2.35054343797e-23,3.07436165715e-23,4.83393326118e-23,1.00285305728e-22,1.22049731978e-22,1.42027905771e-22,2.23452765256e-22,2.84377793009e-22,3.60769290779e-22,5.77771723429e-22,8.82534262831e-22,1.27021903331e-21,1.81495624077e-21],"var":[0.0000612171352259,0.000502981478348,0.0000646602347842,0.00000681666824676,0.0000100626075437,0.0000263230776909,0.00000242844657805,0.00000314172780236,0.00000623423238721,0.00000756587360229,0.00000198713678401,0.00000410688062402,0.00001068756319,0.0000020589302494,0.00000210991697713,0.00000112172631361,2.77604044641e-7,2.82135118823e-7,1.34671651608e-7,1.08192296011e-7,3.85122376656e-7,5.55354695564e-8,2.56000447507e-8,2.49570053512e-9,4.15590929725e-11,3.88107296301e-10,7.729249063e-8]},"barkbands_crest":{"dmean":2.95880222321,"dmean2":4.80017900467,"dvar":6.68233108521,"dvar2":16.9432926178,"max":24.0062828064,"mean":9.46860027313,"median":8.78367900848,"min":2.63189554214,"var":13.8870334625},"barkbands_flatness_db":{"dmean":0.0262231845409,"dmean2":0.0402199737728,"dvar":0.000556233397219,"dvar2":0.00132698484231,"max":0.332763016224,"mean":0.134538128972,"median":0.132597193122,"min":0.0246065445244,"var":0.00192954367958},"barkbands_kurtosis":{"dmean":3.05225300789,"dmean2":5.06076288223,"dvar":32.4957504272,"dvar2":84.6830749512,"max":119.239204407,"mean":2.81999564171,"median":0.441325902939,"min":-1.8717905283,"var":49.3141174316},"barkbands_skewness":{"dmean":0.678925991058,"dmean2":1.04369556904,"dvar":0.505332291126,"dvar2":1.21946513653,"max":9.86422252655,"mean":1.0997364521,"median":0.945217013359,"min":-2.49572682381,"var":1.89561653137},"barkbands_spread":{"dmean":6.10117197037,"dmean2":9.34527873993,"dvar":45.4100990295,"dvar2":98.5369262695,"max":126.945281982,"mean":23.8261623383,"median":22.8208141327,"min":1.0628759861,"var":144.636810303},"dissonance":{"dmean":0.015835730359,"dmean2":0.0271857827902,"dvar":0.000258501124335,"dvar2":0.000711017579306,"max":0.499999970198,"mean":0.475920438766,"median":0.482099980116,"min":0.292416870594,"var":0.00046651478624},"dynamic_complexity":2.88730883598,"erbbands":{"dmean":[0.382321625948,2.30267763138,5.02344560623,4.11034965515,3.74910759926,5.11146402359,8.64868927002,10.8998699188,6.36467885971,8.90147781372,17.7174282074,19.2133216858,21.1893444061,19.5675811768,23.6889858246,38.0603065491,81.2796783447,27.5424041748,27.7959728241,19.458978653,16.8287982941,8.99545860291,8.29494094849,6.00564575195,4.12473344803,3.18003344536,4.13568687439,3.29347395897,1.91930353642,2.05371713638,1.5498842001,0.528932273388,0.247540384531,0.0564822144806,0.0182538591325,0.0105190305039,0.0161286313087,0.023630771786,0.0202354770154,0.00128735764883],"dmean2":[0.645485699177,3.81510806084,8.51681900024,6.95895957947,6.21966457367,8.35639190674,13.6347427368,17.252948761,10.2278280258,14.5732002258,29.4520378113,31.7554721832,34.6909179688,31.0898036957,38.5420303345,61.1701316833,131.997299194,42.936504364,44.0680503845,30.0812511444,26.1229801178,13.9225721359,12.961151123,9.26041889191,6.20129442215,4.62353658676,6.1104388237,4.68673658371,2.64750170708,2.67363071442,2.04078054428,0.691528379917,0.32880589366,0.0803591087461,0.0300029460341,0.0172070655972,0.0214939378202,0.0282609369606,0.0240375678986,0.00154931144789],"dvar":[0.761232435703,21.6916561127,72.4097137451,39.1904335022,35.4105110168,132.415878296,469.357849121,1607.07666016,382.947387695,444.445129395,2653.8269043,1996.19165039,3590.29370117,4039.90722656,1559.59423828,3092.09667969,12290.6972656,1671.5378418,2714.50219727,1995.70581055,910.621643066,221.075332642,339.031158447,153.632751465,97.5607070923,137.146194458,585.827087402,246.024078369,43.4815711975,22.4750499725,11.981631279,1.21708846092,0.248151421547,0.00808434281498,0.000942259037402,0.000293854653137,0.000776444969233,0.00218050810508,0.00167728133965,0.00000440762050857],"dvar2":[2.07784247398,57.6368331909,209.909286499,105.95223999,89.2374343872,327.807037354,1087.07202148,3693.19995117,924.468933105,1098.64538574,7517.74169922,5433.63232422,9373.88964844,9132.38183594,3781.41552734,8126.29980469,31380.453125,3875.49487305,6084.47949219,3968.91333008,2050.76538086,501.982299805,806.727539062,374.391540527,226.174072266,245.684921265,1170.87768555,464.521697998,85.0495452881,40.4202728271,23.2782287598,2.29425311089,0.465558469296,0.0158768184483,0.00244283396751,0.000760651193559,0.00129501405172,0.00341766350903,0.00267823296599,0.00000682388917994],"max":[9.70261573792,74.8371353149,95.2154388428,92.9316482544,109.014930725,248.215682983,558.409423828,1018.67932129,493.734619141,551.218200684,2148.93432617,1771.00793457,2140.94604492,2241.08276367,1029.75854492,846.843688965,1511.25817871,1374.11547852,1694.21435547,1827.46655273,817.220336914,345.781036377,436.732299805,367.657470703,366.007537842,567.985229492,1258.44592285,577.733581543,313.426544189,165.884490967,65.5152282715,22.9800758362,6.77026700974,1.38319027424,0.621805012226,0.338411927223,0.397913664579,0.786613047123,0.604511916637,0.0468818843365],"mean":[0.413436025381,3.05341148376,7.24283313751,6.05363988876,5.78931283951,7.11905908585,12.5065221786,13.7810659409,8.7192697525,13.197933197,25.4962596893,29.5234699249,32.3032951355,30.7034912109,41.677936554,76.9990005493,148.874450684,61.2047729492,53.5462799072,36.8520278931,34.0926589966,19.9744281769,16.5303726196,11.929766655,7.97655582428,5.75072431564,6.21933937073,4.94573259354,2.93085455894,2.81662249565,1.94811964035,0.683254182339,0.312440693378,0.0729207843542,0.0212534479797,0.0125963939354,0.021604552865,0.0330965258181,0.028885640204,0.00276758614928],"median":[0.182569697499,1.309202075,2.79114842415,3.1208486557,3.03850317001,3.24257969856,4.24173164368,3.65789699554,2.99464011192,6.58906173706,14.4011316299,17.3772010803,15.469086647,13.2963142395,28.1864204407,54.0425491333,95.3570709229,42.9059486389,34.8257102966,19.4443454742,13.8874282837,9.26651382446,6.05275249481,4.17432498932,2.79161381721,2.03825998306,1.59703159332,1.29880273342,0.810411453247,0.466149806976,0.249956592917,0.118897013366,0.0580932982266,0.0252675209194,0.0107685141265,0.00665182480589,0.00611284188926,0.00562272639945,0.00453756004572,0.000966399325989],"min":[4.60565427015e-23,4.47819296498e-22,2.60386258438e-21,5.86775713644e-21,9.51330567416e-21,2.3512381114e-20,3.98477490303e-20,5.09628140281e-20,9.23290727926e-20,1.0331478096e-19,2.23718131098e-19,3.23457061968e-19,4.64839315103e-19,6.88191987466e-19,8.12543134626e-19,8.42633742263e-19,1.1968947776e-18,2.08772404315e-18,2.54200915403e-18,3.25625893345e-18,3.20966860583e-18,4.69170267354e-18,4.65043091047e-18,5.28569610833e-18,6.61605689136e-18,7.28195465525e-18,9.0123660387e-18,9.50670488919e-18,9.96273369679e-18,9.88348979411e-18,1.14027310662e-17,1.13347037326e-17,8.8959908255e-18,7.64925841599e-18,6.88891027462e-18,4.30978428574e-18,2.21420719664e-18,9.59090794644e-19,2.27481001554e-19,2.33475815329e-20],"var":[0.598185539246,24.1323890686,114.06477356,65.3593063354,63.6450881958,182.569854736,886.095397949,2142.32324219,562.483520508,618.806152344,2991.55224609,2541.9362793,4486.61474609,6095.04101562,2665.09570312,6329.23144531,27693.6777344,4465.10351562,5382.35009766,4761.42382812,2724.77978516,810.01574707,1002.61834717,421.897094727,215.204650879,239.007034302,796.074645996,393.589935303,72.2536468506,40.2947387695,19.0179920197,2.05968761444,0.41212439537,0.0140759199858,0.00107233773451,0.000348048197338,0.00150093156844,0.00452081579715,0.00339375250041,0.0000167140042322]},"erbbands_crest":{"dmean":2.9610953331,"dmean2":4.91683483124,"dvar":7.34554243088,"dvar2":18.7767181396,"max":28.4721565247,"mean":9.72700023651,"median":8.7769651413,"min":2.51379013062,"var":19.5585212708},"erbbands_flatness_db":{"dmean":0.0241026580334,"dmean2":0.0352264270186,"dvar":0.000456608191598,"dvar2":0.000891736766789,"max":0.351017832756,"mean":0.169797211885,"median":0.165859028697,"min":0.045367911458,"var":0.00265161832795},"erbbands_kurtosis":{"dmean":1.39054429531,"dmean2":2.24190711975,"dvar":2.94748091698,"dvar2":7.40090370178,"max":29.2453536987,"mean":1.98458993435,"median":1.16481208801,"min":-1.62610673904,"var":8.73131084442},"erbbands_skewness":{"dmean":0.388738930225,"dmean2":0.600995957851,"dvar":0.121103912592,"dvar2":0.286139935255,"max":3.83152103424,"mean":-0.456733465195,"median":-0.46993163228,"min":-4.15324068069,"var":0.580549776554},"erbbands_spread":{"dmean":6.39304161072,"dmean2":9.82151889801,"dvar":50.264705658,"dvar2":112.588111877,"max":106.493438721,"mean":23.9362564087,"median":20.9455547333,"min":1.96802198887,"var":209.226913452},"gfcc":{"cov":[[34717.0625,2197.55419922,-3366.50537109,466.059448242,43.0810966492,48.7976799011,90.8050918579,-631.686035156,42.9949951172,-407.250518799,-168.466888428,-110.22278595,-229.67048645],[2197.55419922,1279.99707031,-416.279296875,-342.188171387,102.833770752,98.9639816284,-116.030342102,38.8850898743,-134.003768921,122.387878418,-61.5950508118,-26.272518158,14.3794403076],[-3366.50537109,-416.279296875,748.970947266,99.6908569336,-132.598617554,41.2564926147,-16.4805736542,74.6473617554,35.6219291687,14.8793125153,25.8934307098,4.67156410217,-44.7119979858],[466.059448242,-342.188171387,99.6908569336,457.793945312,-3.72218346596,-174.637680054,142.811584473,-62.467124939,90.8153991699,-95.9930648804,23.7709064484,-22.8042945862,1.6486068964],[43.0810966492,102.833770752,-132.598617554,-3.72218346596,273.338104248,62.4059638977,23.4673862457,36.771282196,-2.65715742111,-16.362827301,-2.59492921829,-1.57760572433,9.79249000549],[48.7976799011,98.9639816284,41.2564926147,-174.637680054,62.4059638977,277.124176025,-44.5060997009,58.4964447021,-30.5303707123,34.8056221008,-24.5956554413,9.07925605774,-43.9681739807],[90.8050918579,-116.030342102,-16.4805736542,142.811584473,23.4673862457,-44.5060997009,157.805755615,-33.6880683899,51.948638916,-50.0967979431,22.0547237396,-11.4603872299,4.3329167366],[-631.686035156,38.8850898743,74.6473617554,-62.467124939,36.771282196,58.4964447021,-33.6880683899,129.64100647,-12.4668369293,47.6636314392,-5.84863758087,9.68592166901,-1.78119957447],[42.9949951172,-134.003768921,35.6219291687,90.8153991699,-2.65715742111,-30.5303707123,51.948638916,-12.4668369293,125.456466675,-39.0411376953,29.7566280365,2.75864434242,-18.8021450043],[-407.250518799,122.387878418,14.8793125153,-95.9930648804,-16.362827301,34.8056221008,-50.0967979431,47.6636314392,-39.0411376953,116.340072632,11.083442688,8.66446208954,12.0007667542],[-168.466888428,-61.5950508118,25.8934307098,23.7709064484,-2.59492921829,-24.5956554413,22.0547237396,-5.84863758087,29.7566280365,11.083442688,79.7841949463,29.406955719,-0.44896531105],[-110.22278595,-26.272518158,4.67156410217,-22.8042945862,-1.57760572433,9.07925605774,-11.4603872299,9.68592166901,2.75864434242,8.66446208954,29.406955719,52.7233924866,27.0720539093],[-229.67048645,14.3794403076,-44.7119979858,1.6486068964,9.79249000549,-43.9681739807,4.3329167366,-1.78119957447,-18.8021450043,12.0007667542,-0.44896531105,27.0720539093,70.8977355957]],"icov":[[0.000109282467747,-0.00015313908807,0.000595151155721,-0.000536676088814,0.000370604597265,-0.000373788381694,0.00026018024073,0.0000508627745148,0.00000118528339499,0.000247294810833,0.00000221967229663,-0.000341684353771,0.000564209185541],[-0.00015313908807,0.00154029764235,-0.000228464909014,0.00133521144744,-0.000797791057266,0.000625639746431,-0.000238004868152,-0.000112742418423,0.000414668378653,-0.00130268698558,0.000354082876584,0.00118145532906,-0.000592134951148],[0.000595151155721,-0.000228464909014,0.00549580762163,-0.00369450519793,0.00322041078471,-0.00292117428035,0.00211709155701,-0.00138046813663,0.000130570362671,0.00124124169815,-0.00089546921663,-0.0010627709562,0.00333036133088],[-0.000536676088814,0.00133521144744,-0.00369450519793,0.00772363971919,-0.00281751155853,0.00460838992149,-0.00408964138478,0.000461360672489,-0.000828106654808,-0.000480481452541,0.000947724678554,0.00191578245722,-0.00187408120837],[0.000370604597265,-0.000797791057266,0.00322041078471,-0.00281751155853,0.00676629506052,-0.00373819610104,0.00101484451443,-0.00260535092093,0.000120623386465,0.00324732391164,-0.00268403091468,0.00200262153521,-0.00122086028568],[-0.000373788381694,0.000625639746431,-0.00292117428035,0.00460838992149,-0.00373819610104,0.00928510725498,-0.00319899688475,-0.00012534346024,0.000687820895109,-0.00288234418258,0.00544622726738,-0.00646241847426,0.0063522295095],[0.00026018024073,-0.000238004868152,0.00211709155701,-0.00408964138478,0.00101484451443,-0.00319899688475,0.0120527958497,0.000171993466211,-0.00209271907806,0.00350624113344,-0.00543710915372,0.00632690032944,-0.00413381401449],[0.0000508627745148,-0.000112742418423,-0.00138046813663,0.000461360672489,-0.00260535092093,-0.00012534346024,0.000171993466211,0.0120643069968,-0.00104683428071,-0.0049461000599,0.00362613820471,-0.00405042385682,0.00201021623798],[0.00000118528339499,0.000414668378653,0.000130570362671,-0.000828106654808,0.000120623386465,0.000687820895109,-0.00209271907806,-0.00104683428071,0.0118885720149,0.00218667718582,-0.00268281530589,-0.00213551777415,0.00411401037127],[0.000247294810833,-0.00130268698558,0.00124124169815,-0.000480481452541,0.00324732391164,-0.00288234418258,0.00350624113344,-0.0049461000599,0.00218667718582,0.0167521387339,-0.0084117827937,0.00645774463192,-0.00549015542492],[0.00000221967229663,0.000354082876584,-0.00089546921663,0.000947724678554,-0.00268403091468,0.00544622726738,-0.00543710915372,0.00362613820471,-0.00268281530589,-0.0084117827937,0.0265578050166,-0.0220735948533,0.0128295402974],[-0.000341684353771,0.00118145532906,-0.0010627709562,0.00191578245722,0.00200262153521,-0.00646241847426,0.00632690032944,-0.00405042385682,-0.00213551777415,0.00645774463192,-0.0220735948533,0.0483268238604,-0.0270867217332],[0.000564209185541,-0.000592134951148,0.00333036133088,-0.00187408120837,-0.00122086028568,0.0063522295095,-0.00413381401449,0.00201021623798,0.00411401037127,-0.00549015542492,0.0128295402974,-0.0270867217332,0.0350522957742]],"mean":[-19.5010871887,105.888061523,-107.210746765,1.75977754593,-13.1470422745,10.6147689819,-5.57674217224,-12.6140413284,-2.60830879211,-4.57112026215,-5.2091255188,-4.67988824844,-12.6441869736]},"hfc":{"dmean":7.66111755371,"dmean2":10.2331151962,"dvar":80.7770309448,"dvar2":144.637924194,"max":170.795501709,"mean":25.2853298187,"median":20.9352054596,"min":1.02710043896e-16,"var":378.890197754},"melbands":{"dmean":[0.00326802954078,0.00267707533203,0.000678635435179,0.000287855044007,0.000283107568976,0.000237838074099,0.0000969226675807,0.0000959978933679,0.00015798889217,0.000119353033369,0.000108817715955,0.0000837515035528,0.0000724583442206,0.000105887382233,0.0001573444315,0.000138209827128,0.0000538402091479,0.0000514100283908,0.0000379406556021,0.0000230481982726,0.0000202480205189,0.0000104793107312,0.00000909307527763,0.00000641798396828,0.00000531744535692,0.00000363451204066,0.00000274561966762,0.0000020655913886,0.00000259531088886,0.0000025014790026,0.00000183149381883,0.00000109117183911,0.00000108410392841,0.00000120139043247,0.00000110856387892,3.93010765265e-7,3.01317498952e-7,2.02286230433e-7,9.41645907915e-8,3.07389669274e-8],"dmean2":[0.00540638621897,0.00446903519332,0.00114879279863,0.000472341052955,0.000447102589533,0.00037557608448,0.000154894107254,0.000157840404427,0.000263507565251,0.000197120709345,0.000178629765287,0.000133759604068,0.000118269039376,0.000173244989128,0.000256535655353,0.000224145449465,0.0000855104080983,0.0000822283618618,0.0000605484274274,0.000035896555346,0.0000319295249938,0.0000164821449289,0.0000143516363096,0.0000101365176306,0.00000837996594782,0.00000564171932638,0.00000415407885157,0.00000306448259835,0.00000392193305743,0.00000369796021005,0.00000263592392002,0.00000156764883741,0.00000149541256178,0.00000159998000981,0.00000148976278069,5.20134221915e-7,4.07280282388e-7,2.74441276815e-7,1.2774827951e-7,4.78353534561e-8],"dvar":[0.0000495403801324,0.0000226926567848,9.90334228845e-7,2.77277905525e-7,4.27475981724e-7,6.94031996318e-7,7.63230687539e-8,5.63047457547e-8,2.63878035867e-7,7.52210240762e-8,1.03026643217e-7,8.0910083966e-8,2.19279208125e-8,2.57091361533e-8,4.42224816766e-8,3.70074850764e-8,7.11486647376e-9,8.62328519702e-9,8.21832824016e-9,2.64734012489e-9,1.3301572066e-9,3.19523435488e-10,3.7726474722e-10,1.93913635149e-10,1.25508894944e-10,8.19588910628e-11,4.21922219385e-11,7.5836073532e-11,2.54344156847e-10,1.78245668225e-10,7.21919052316e-11,1.67438476278e-11,9.6543190109e-12,7.44301755645e-12,6.55927872781e-12,6.70568418501e-13,4.31511651498e-13,1.81146384785e-13,3.03346249216e-14,2.25092610634e-15],"dvar2":[0.000131438064273,0.0000618543417659,0.00000267222117145,6.785458595e-7,9.99015355774e-7,0.00000159159321811,1.83263992426e-7,1.41058791314e-7,7.59152101182e-7,2.01794264854e-7,2.68960974381e-7,1.85868344715e-7,5.29712131936e-8,6.659039542e-8,1.14677590091e-7,9.33802581926e-8,1.67073874735e-8,2.01627532448e-8,1.81033481539e-8,5.4422355511e-9,3.1725759797e-9,7.45865536e-10,9.00662433523e-10,4.82623441211e-10,3.16057152672e-10,1.9762279313e-10,9.46605363539e-11,1.37935662892e-10,5.03118158246e-10,3.69413610812e-10,1.39467076776e-10,3.35452707279e-11,2.07935387658e-11,1.36523414102e-11,1.31537255046e-11,1.25374938296e-12,8.65939318948e-13,3.55618312575e-13,5.51849181857e-14,5.31114814807e-15],"max":[0.0918903201818,0.0615744292736,0.013716804795,0.00960798747838,0.0151102645323,0.020849859342,0.00659880088642,0.00693236803636,0.0241833087057,0.00944484118372,0.0124212000519,0.00936077721417,0.00461323093623,0.00293245632201,0.00291296187788,0.00296002766117,0.00276374281384,0.0026340498589,0.00308548961766,0.00211627548561,0.000753162486944,0.000338416721206,0.000451056694146,0.000364341132808,0.000314792472636,0.000358793273335,0.000153651824803,0.000442506192485,0.000841257569846,0.000527352385689,0.000342797808116,0.000192067644093,0.00014905903663,0.0000776881715865,0.0000507967306476,0.0000132778077386,0.0000140696447488,0.00000503058390677,0.00000277682806882,9.04940861801e-7],"mean":[0.00396071700379,0.00401935353875,0.00107495475095,0.000439740426373,0.000418620649725,0.000310841278406,0.000134956775582,0.000144042554894,0.000222849208512,0.000180105009349,0.000160890296684,0.000124461221276,0.000118287483929,0.000183562064194,0.000298449507682,0.000250343437074,0.000104286889837,0.0000923617044464,0.0000611986833974,0.0000429162864748,0.0000385168350476,0.0000211430287891,0.0000170014063769,0.0000120627100841,0.00000964500486589,0.00000658830731481,0.00000473176532978,0.00000348614730683,0.00000381232644031,0.00000355674615093,0.00000264749564849,0.00000162577396168,0.00000153013604631,0.00000157189526817,0.0000013527808278,5.19543959854e-7,3.72978320229e-7,2.48535286573e-7,1.21188506341e-7,3.7679019016e-8],"median":[0.0019304396119,0.00163329450879,0.000603984517511,0.000226109623327,0.000154837965965,0.000084678598796,0.0000514039747941,0.0000754233478801,0.00012555232388,0.000103191785456,0.0000733568886062,0.0000487469696964,0.0000754432185204,0.000116732044262,0.000202638810151,0.000159254821483,0.0000666586711304,0.0000588815455558,0.0000307778318529,0.0000199201767828,0.0000143449797179,0.00000920890579437,0.00000635714968666,0.00000419208572566,0.00000323636277244,0.00000204802017834,0.0000016435839143,0.00000116896251257,9.28150882373e-7,8.66896641583e-7,6.75444539411e-7,4.56969274865e-7,3.11860105739e-7,2.22168267783e-7,1.50703812096e-7,9.1815586245e-8,6.16378983409e-8,4.24695834056e-8,2.81493228727e-8,1.66596674234e-8],"min":[5.95610888256e-25,1.36763612125e-24,1.42833127652e-24,1.43452432766e-24,1.69869501076e-24,1.23830503825e-24,1.56385264965e-24,1.07247789711e-24,1.76712770822e-24,2.07894529417e-24,1.9119714451e-24,2.54318263993e-24,1.70361000863e-24,2.0159107719e-24,2.58212219472e-24,1.6247523171e-24,3.30815328707e-24,3.51025747883e-24,1.70820610948e-24,3.43079394213e-24,2.69068759908e-24,3.66899798664e-24,3.29939594494e-24,3.50592150487e-24,3.88521135013e-24,3.38054310804e-24,4.3047583451e-24,3.94448951399e-24,4.61646489888e-24,4.32936331116e-24,4.5709870677e-24,4.59754525336e-24,5.3935690156e-24,4.81327188967e-24,5.21222961501e-24,6.55749857138e-24,4.73947040211e-24,5.43117953698e-24,6.57280957269e-24,5.46819210179e-24],"var":[0.0000443721910415,0.000034039709135,0.0000017545812625,4.66067518801e-7,7.92321714016e-7,9.75610760179e-7,1.16488806157e-7,7.6497563839e-8,2.77391819736e-7,9.62610897659e-8,1.26651656274e-7,1.17233497576e-7,3.25813367397e-8,4.59386235718e-8,1.00428970029e-7,7.99215129632e-8,1.70206106986e-8,1.61386370934e-8,1.46205438867e-8,6.60550059095e-9,3.61044993902e-9,9.95162507955e-10,1.01929176211e-9,5.40317846021e-10,2.93028573628e-10,1.68184147165e-10,8.33727670235e-11,1.20051676933e-10,3.47835787951e-10,2.33366853619e-10,1.16877230116e-10,2.62125200018e-11,1.51724726533e-11,1.2393453451e-11,9.8227927528e-12,1.16525560902e-12,6.59985033204e-13,2.80018304551e-13,5.32577894817e-14,3.13186917061e-15]},"melbands_crest":{"dmean":4.26764726639,"dmean2":6.95084857941,"dvar":14.1249332428,"dvar2":36.9245872498,"max":38.0507202148,"mean":15.0421142578,"median":14.5172014236,"min":1.59124851227,"var":36.9577026367},"melbands_flatness_db":{"dmean":0.0337059162557,"dmean2":0.0511954799294,"dvar":0.000943243445363,"dvar2":0.00222815992311,"max":0.470681011677,"mean":0.231099531054,"median":0.232968121767,"min":0.00349071365781,"var":0.00441206246614},"melbands_kurtosis":{"dmean":6.90486478806,"dmean2":11.3795185089,"dvar":177.320510864,"dvar2":459.184570312,"max":357.738922119,"mean":8.18733882904,"median":2.40175962448,"min":-1.83831715584,"var":274.118621826},"melbands_skewness":{"dmean":0.910759687424,"dmean2":1.41898226738,"dvar":0.996622741222,"dvar2":2.44138360023,"max":17.0735816956,"mean":2.07721471786,"median":1.68735408783,"min":-1.71520876884,"var":3.08464860916},"melbands_spread":{"dmean":7.83127689362,"dmean2":12.3670330048,"dvar":82.121925354,"dvar2":182.57623291,"max":207.397872925,"mean":28.4636764526,"median":25.8170413971,"min":0.809659957886,"var":489.920288086},"mfcc":{"cov":[[11909.6279297,1179.34899902,-993.065795898,697.491394043,4.7651143074,563.237731934,-92.1714096069,317.451385498,-70.8542098999,101.771514893,-122.507530212,-47.9178504944,-116.544258118],[1179.34899902,1804.87548828,-393.387817383,-326.902160645,142.131195068,87.8427886963,117.679603577,-102.858840942,54.2254257202,-34.9949493408,54.9055480957,59.5814437866,0.423122525215],[-993.065795898,-393.387817383,650.901428223,0.69137185812,-50.4800796509,-43.8451271057,-42.7255973816,7.13812541962,-36.2024688721,43.2048187256,23.3516216278,-9.52759838104,1.31098639965],[697.491394043,-326.902160645,0.69137185812,562.471496582,-91.2565689087,-15.9612579346,-39.9518470764,40.3639907837,-2.50883793831,15.197183609,-18.421628952,-23.1481552124,-39.6572608948],[4.7651143074,142.131195068,-50.4800796509,-91.2565689087,206.185134888,28.4835224152,32.6369895935,44.0021591187,21.6426582336,11.6815080643,20.5280838013,17.4653129578,30.5568466187],[563.237731934,87.8427886963,-43.8451271057,-15.9612579346,28.4835224152,146.885681152,34.2094421387,42.946647644,7.98276805878,16.1100406647,-1.91428112984,5.44165468216,-5.57628488541],[-92.1714096069,117.679603577,-42.7255973816,-39.9518470764,32.6369895935,34.2094421387,108.545791626,12.1301355362,13.4402732849,-4.20689582825,19.7326812744,5.18564939499,6.33104228973],[317.451385498,-102.858840942,7.13812541962,40.3639907837,44.0021591187,42.946647644,12.1301355362,129.411895752,15.5302267075,30.0166053772,-3.64405989647,0.879586577415,15.6199598312],[-70.8542098999,54.2254257202,-36.2024688721,-2.50883793831,21.6426582336,7.98276805878,13.4402732849,15.5302267075,77.7712783813,9.4446516037,-5.45813131332,4.97666215897,2.21128416061],[101.771514893,-34.9949493408,43.2048187256,15.197183609,11.6815080643,16.1100406647,-4.20689582825,30.0166053772,9.4446516037,59.1917877197,21.1832313538,2.99630188942,2.6254389286],[-122.507530212,54.9055480957,23.3516216278,-18.421628952,20.5280838013,-1.91428112984,19.7326812744,-3.64405989647,-5.45813131332,21.1832313538,68.0291595459,28.8978652954,7.74578237534],[-47.9178504944,59.5814437866,-9.52759838104,-23.1481552124,17.4653129578,5.44165468216,5.18564939499,0.879586577415,4.97666215897,2.99630188942,28.8978652954,56.9990768433,24.7095470428],[-116.544258118,0.423122525215,1.31098639965,-39.6572608948,30.5568466187,-5.57628488541,6.33104228973,15.6199598312,2.21128416061,2.6254389286,7.74578237534,24.7095470428,54.8549957275]],"icov":[[0.000181561073987,-0.0001762345928,0.00021103087056,-0.000244168477366,0.0000781437993282,-0.000533452839591,0.000402062898502,-0.000395939539885,0.00046987994574,-0.000320676219417,0.000248130701948,0.0000755278015276,0.000101467165223],[-0.0001762345928,0.00103819114156,0.000210994767258,0.000584714056458,-0.000432873930549,0.000136934555485,-0.000791610218585,0.00119043467566,-0.000821797468234,0.000362597987987,-0.000610311690252,-0.000606450659689,0.000417808274506],[0.00021103087056,0.000210994767258,0.00224402616732,0.0000534621322004,0.000401885947213,-0.000285448390059,0.000720432202797,-0.000373465503799,0.00110427488107,-0.00168668129481,-0.000460768933408,0.000363290397217,0.000139685391332],[-0.000244168477366,0.000584714056458,0.0000534621322004,0.0026519515086,0.000703454308677,0.00103907077573,-0.000228170887567,-0.000447870581411,-0.000749934057239,0.0000638145502307,-0.000438757997472,-0.000395217910409,0.00152746809181],[0.0000781437993282,-0.000432873930549,0.000401885947213,0.000703454308677,0.00675129657611,-0.000510226120241,-0.000078702767496,-0.00256705889478,-0.000854321639054,0.000106057610537,-0.00187012075912,0.00103147153277,-0.00257548550144],[-0.000533452839591,0.000136934555485,-0.000285448390059,0.00103907077573,-0.000510226120241,0.0108407158405,-0.00396704953164,-0.0017173786182,-0.000063660358137,-0.00218813307583,0.00251639913768,-0.00323644978926,0.00316653377376],[0.000402062898502,-0.000791610218585,0.000720432202797,-0.000228170887567,-0.000078702767496,-0.00396704953164,0.0133881922811,-0.00217791670002,-0.00126258796081,0.00366959348321,-0.00578437559307,0.00400688685477,-0.00171916803811],[-0.000395939539885,0.00119043467566,-0.000373465503799,-0.000447870581411,-0.00256705889478,-0.0017173786182,-0.00217791670002,0.0131564382464,-0.00197984860279,-0.00431854138151,0.00196946994402,-0.00000266037250185,-0.00339518906549],[0.00046987994574,-0.000821797468234,0.00110427488107,-0.000749934057239,-0.000854321639054,-0.000063660358137,-0.00126258796081,-0.00197984860279,0.0164033230394,-0.00534462416545,0.00559260789305,-0.00325737521052,0.00188714382239],[-0.000320676219417,0.000362597987987,-0.00168668129481,0.0000638145502307,0.000106057610537,-0.00218813307583,0.00366959348321,-0.00431854138151,-0.00534462416545,0.0270397737622,-0.0124928029254,0.00511732790619,-0.00169277074747],[0.000248130701948,-0.000610311690252,-0.000460768933408,-0.000438757997472,-0.00187012075912,0.00251639913768,-0.00578437559307,0.00196946994402,0.00559260789305,-0.0124928029254,0.0281500015408,-0.0146984895691,0.00464856997132],[0.0000755278015276,-0.000606450659689,0.000363290397217,-0.000395217910409,0.00103147153277,-0.00323644978926,0.00400688685477,-0.00000266037250185,-0.00325737521052,0.00511732790619,-0.0146984895691,0.0311099588871,-0.0135461976752],[0.000101467165223,0.000417808274506,0.000139685391332,0.00152746809181,-0.00257548550144,0.00316653377376,-0.00171916803811,-0.00339518906549,0.00188714382239,-0.00169277074747,0.00464856997132,-0.0135461976752,0.0279153902084]],"mean":[-659.872009277,157.621963501,-23.9455776215,12.2272834778,8.25447940826,27.5189399719,6.08571863174,9.81381702423,0.220253497362,7.19580459595,5.83352041245,6.72945547104,-1.25070798397]},"pitch_salience":{"dmean":0.0878654494882,"dmean2":0.142790406942,"dvar":0.00564602902159,"dvar2":0.014869980514,"max":0.837716817856,"mean":0.557744204998,"median":0.570367574692,"min":0.107589028776,"var":0.0132389971986},"silence_rate_20dB":{"dmean":0,"dmean2":0,"dvar":0,"dvar2":0,"max":1,"mean":1,"median":1,"min":1,"var":0},"silence_rate_30dB":{"dmean":0.0567685589194,"dmean2":0.113553643227,"dvar":0.0535476133227,"dvar2":0.119873456657,"max":1,"mean":0.943239688873,"median":1,"min":0,"var":0.0535409264266},"silence_rate_60dB":{"dmean":0.00262008723803,"dmean2":0.00524093769491,"dvar":0.00261313724332,"dvar2":0.00637809420004,"max":1,"mean":0.0566147565842,"median":0,"min":0,"var":0.053408715874},"spectral_centroid":{"dmean":209.682922363,"dmean2":313.23449707,"dvar":82663.109375,"dvar2":167030.703125,"max":11792.9472656,"mean":1424.61572266,"median":1166.48754883,"min":169.572006226,"var":2169947.25},"spectral_complexity":{"dmean":3.55400300026,"dmean2":5.33643913269,"dvar":12.0618009567,"dvar2":24.019777298,"max":60,"mean":23.6060256958,"median":23,"min":0,"var":98.9653701782},"spectral_contrast_coeffs":{"dmean":[0.0535457246006,0.047497715801,0.0371528416872,0.0317593999207,0.0237142574042,0.0298332329839],"dmean2":[0.0904928818345,0.079637132585,0.0622714310884,0.0526650995016,0.0381889529526,0.0452324971557],"dvar":[0.00185299362056,0.00148376158904,0.000845423492137,0.000642041617539,0.000421175122028,0.00084374618018],"dvar2":[0.00525765260682,0.00406995415688,0.00234587071463,0.00170403090306,0.00109438307118,0.0018225077074],"max":[-0.42030441761,-0.483745068312,-0.550792098045,-0.589222669601,-0.600961744785,-0.415241271257],"mean":[-0.704092681408,-0.779996454716,-0.800941169262,-0.776344954967,-0.805765748024,-0.758475542068],"median":[-0.704358875751,-0.783536553383,-0.801810026169,-0.774799048901,-0.803428590298,-0.751988530159],"min":[-0.981064081192,-0.981885135174,-0.985261380672,-0.983271300793,-0.980046927929,-0.968099653721],"var":[0.00679076975212,0.00405861297622,0.00249151187018,0.00296530197375,0.00231111887842,0.0055840392597]},"spectral_contrast_valleys":{"dmean":[0.408201336861,0.36802276969,0.30409258604,0.269285470247,0.302570879459,0.493380725384],"dmean2":[0.659127891064,0.603250980377,0.4920591712,0.420770138502,0.420142918825,0.715920567513],"dvar":[0.129750967026,0.109516225755,0.0852655619383,0.0826261863112,0.109826825559,0.187336221337],"dvar2":[0.282068580389,0.242585837841,0.171114876866,0.15171161294,0.198400452733,0.441551119089],"max":[-4.98368692398,-4.34511089325,-4.89221048355,-5.31510162354,-5.27614927292,-8.80768585205],"mean":[-7.14731502533,-6.97578573227,-7.09348678589,-7.33329916,-8.09932231903,-11.1205348969],"median":[-6.64724826813,-6.49229240417,-6.54388713837,-6.75369215012,-7.55187273026,-10.7517824173],"min":[-28.2674465179,-28.1948699951,-27.9323558807,-27.8347187042,-27.5149707794,-27.4339694977],"var":[9.28903198242,9.2978553772,9.34450626373,9.38911628723,8.73617076874,6.21663188934]},"spectral_decrease":{"dmean":4.68377070462e-9,"dmean2":7.45377448652e-9,"dvar":6.29789907409e-17,"dvar2":1.58792604877e-16,"max":1.43040514195e-28,"mean":-1.05080371071e-8,"median":-7.85408271753e-9,"min":-1.074933067e-7,"var":9.20388448941e-17},"spectral_energy":{"dmean":0.0180440694094,"dmean2":0.0285879466683,"dvar":0.000909037364181,"dvar2":0.00228438386694,"max":0.410521119833,"mean":0.041953265667,"median":0.0320404544473,"min":9.91026351089e-21,"var":0.00138019910082},"spectral_energyband_high":{"dmean":0.00032606892637,"dmean2":0.000411259621615,"dvar":7.08541222139e-7,"dvar2":0.00000125560529796,"max":0.0300480872393,"mean":0.000560186104849,"median":0.000175135122845,"min":7.07950120513e-21,"var":0.00000140843064855},"spectral_energyband_low":{"dmean":0.0153203746304,"dmean2":0.0250317398459,"dvar":0.000819413689896,"dvar2":0.00212032790296,"max":0.390107274055,"mean":0.0229128357023,"median":0.0117980185896,"min":1.56033168733e-23,"var":0.000978057039902},"spectral_energyband_middle_high":{"dmean":0.00327967340127,"dmean2":0.00487827463076,"dvar":0.0000185724693438,"dvar2":0.0000398769516323,"max":0.113517418504,"mean":0.00984905753285,"median":0.00796388741583,"min":1.14620828148e-21,"var":0.000073087765486},"spectral_energyband_middle_low":{"dmean":0.00384877645411,"dmean2":0.00604988308623,"dvar":0.0000419131320086,"dvar2":0.000100598757854,"max":0.154033109546,"mean":0.00885224062949,"median":0.00551600987092,"min":1.62627348548e-22,"var":0.000103716607555},"spectral_entropy":{"dmean":0.159280508757,"dmean2":0.22727483511,"dvar":0.0237279050052,"dvar2":0.0470120571554,"max":9.82535934448,"mean":7.55819940567,"median":7.549451828,"min":6.26491641998,"var":0.221716493368},"spectral_flux":{"dmean":0.0312295220792,"dmean2":0.0498908273876,"dvar":0.00178066641092,"dvar2":0.00394391641021,"max":0.555747210979,"mean":0.1098164469,"median":0.0992573052645,"min":6.28345153686e-11,"var":0.00398082565516},"spectral_kurtosis":{"dmean":3.30287146568,"dmean2":5.09800577164,"dvar":16.4825458527,"dvar2":41.2071800232,"max":55.2877922058,"mean":12.4109811783,"median":10.7666511536,"min":-1.26630175114,"var":55.6526031494},"spectral_rms":{"dmean":0.00120061833877,"dmean2":0.00184247514699,"dvar":0.00000237587255469,"dvar2":0.00000561079514227,"max":0.0200127065182,"mean":0.00583111075684,"median":0.00559097295627,"min":3.1094291638e-12,"var":0.00000692819139658},"spectral_rolloff":{"dmean":374.830688477,"dmean2":617.963867188,"dvar":403897.5,"dvar2":864734.5625,"max":19659.8144531,"mean":1626.56152344,"median":1313.52539062,"min":43.06640625,"var":7640649.5},"spectral_skewness":{"dmean":0.320895582438,"dmean2":0.47333419323,"dvar":0.105013817549,"dvar2":0.23272074759,"max":5.52010679245,"mean":2.32789158821,"median":2.18509912491,"min":-0.0916199833155,"var":0.696973204613},"spectral_spread":{"dmean":537673.0625,"dmean2":775399,"dvar":486252478464,"dvar2":884973961216,"max":42429060,"mean":4056003.75,"median":3091578.5,"min":1014084.5,"var":28963430727700},"spectral_strongpeak":{"dmean":0.570931851864,"dmean2":0.992687940598,"dvar":0.979640781879,"dvar2":2.45709061623,"max":10.8152608871,"mean":0.706682324409,"median":0.277872174978,"min":0,"var":1.28542888165},"zerocrossingrate":{"dmean":0.0116473203525,"dmean2":0.0133687695488,"dvar":0.000195220578462,"dvar2":0.000227379176067,"max":0.8642578125,"mean":0.0657440721989,"median":0.0498046875,"min":0.0068359375,"var":0.00549879018217}},"metadata":{"audio_properties":{"analysis_sample_rate":44100,"bit_rate":320000,"codec":"mp3","downmix":"mix","equal_loudness":0,"length":159.503997803,"lossless":false,"md5_encoded":"eb6933872cc7b5ce4c26027295931df7","replay_gain":-0.902633666992,"sample_rate":48000},"tags":{"album":["Fear of Music"],"albumartist":["Talking Heads"],"albumartistsort":["Talking Heads","Talking Heads"],"artist":["Talking Heads"],"artistsort":["Talking Heads"],"catalognumber":["SRK 6076"],"composer":["Talking Heads"],"date":["1979"],"discnumber":["1/1"],"encodedby":["iTunes 8.2"],"file_name":"03. Talking Heads - Paper.mp3","genre":["New Wave"],"label":["Sire Records"],"language":["eng"],"musicbrainz album release country":["GB"],"musicbrainz album status":["official"],"musicbrainz album type":["album"],"musicbrainz_albumartistid":["a94a7155-c79d-4409-9fcf-220cb0e4dc3a"],"musicbrainz_albumid":["09bed046-f542-3daa-b16a-9567a9c810be"],"musicbrainz_artistid":["a94a7155-c79d-4409-9fcf-220cb0e4dc3a"],"musicbrainz_recordingid":["55f5e765-43de-4035-8921-b639bf6158b5"],"script":["Latn"],"title":["Paper"],"tracknumber":["3/11"]},"version":{"essentia":"2.1-beta1","essentia_build_sha":"ca57ba49d9b1854bd80e60cf9ccf267278fb7d6b","essentia_git_sha":"v2.1_beta1-28-g21ef5f4-dirty","extractor":"music 1.0"}},"rhythm":{"beats_count":304,"beats_loudness":{"dmean":0.0367887690663,"dmean2":0.0638890042901,"dvar":0.00129394314718,"dvar2":0.0036474193912,"max":0.220296829939,"mean":0.0704795345664,"median":0.065394051373,"min":0,"var":0.00180391769391},"beats_loudness_band_ratio":{"dmean":[0.195197194815,0.0600032620132,0.0501505993307,0.0951421037316,0.0435204990208,0.0264981929213],"dmean2":[0.350979357958,0.104801476002,0.0886856839061,0.173832520843,0.0766442641616,0.0469143800437],"dvar":[0.0257477294654,0.00495150918141,0.00366317201406,0.012100004591,0.00263965828344,0.00409104023129],"dvar2":[0.0702387019992,0.0134072368965,0.0100693888962,0.0