{"lowlevel":{"average_loudness":0.949498236179,"barkbands":{"dmean":[0.0000239402888838,0.00079326092964,0.000903435342479,0.000959607714321,0.00175437435973,0.000756375025958,0.00082977314014,0.000850110081956,0.000436810543761,0.000369536341168,0.000218575252802,0.000280855398159,0.000241760557401,0.000221281676204,0.000230447243666,0.00021942780586,0.000391601817682,0.000226930031204,0.00013448059326,0.000164899378433,0.0000984686848824,0.000135013033287,0.000130388390971,0.000116522744065,0.000112352012366,0.0000340665283147,0.00000146014224356],"dmean2":[0.000039751346776,0.00124429853167,0.00149606494233,0.00162778864615,0.00290655833669,0.00120725668967,0.00133660028223,0.00128924800083,0.000657100463286,0.000546181399841,0.000331076647853,0.00042257583118,0.00036044701119,0.000333740288625,0.000341555743944,0.000309743656544,0.000558608211577,0.000326736044372,0.000191837389139,0.000233940023463,0.000139510404551,0.000190690276213,0.000182902687811,0.000161675154231,0.000158494702191,0.0000484254305775,0.0000020612822027],"dvar":[3.25033133741e-9,0.0000048168358262,0.00000493053221362,0.00000225201392823,0.0000142220587804,0.00000144101841215,0.00000224833752327,0.00000357061981049,0.00000124711777971,8.20363254661e-7,2.70199336683e-7,2.56154010003e-7,2.25365511142e-7,2.14896857642e-7,2.87961569256e-7,3.13716014944e-7,8.47795320169e-7,2.00993540034e-7,7.21601054465e-8,1.26653901589e-7,7.25019546621e-8,1.32554049515e-7,1.3815923694e-7,1.01183218248e-7,8.20228436282e-8,8.17492296079e-9,2.13474914829e-11],"dvar2":[8.51337844665e-9,0.0000116618284665,0.0000130178395921,0.00000603908620178,0.0000372265458282,0.00000346100569004,0.00000516762747793,0.00000746536170482,0.00000275076240541,0.00000160865567977,5.76927902785e-7,5.2537012607e-7,4.6501256179e-7,4.67075921051e-7,6.29073554137e-7,6.42326426714e-7,0.00000154256156293,4.06844264944e-7,1.61334938298e-7,2.53748197565e-7,1.53064817709e-7,3.00487300819e-7,2.77448719999e-7,2.07292643495e-7,1.63914009477e-7,1.74403602671e-8,4.64249957921e-11],"max":[0.000639795267489,0.0295780040324,0.0283418092877,0.0219549387693,0.0623106658459,0.0221533738077,0.0287307426333,0.0370534136891,0.0339044108987,0.0215327590704,0.0108793312684,0.0114160794765,0.00849925447255,0.00763661880046,0.0106493169442,0.0133058978245,0.0260154623538,0.0104983625934,0.00503623997793,0.00838858447969,0.00868482142687,0.00979998055845,0.0106300264597,0.00875378586352,0.00797963049263,0.00305117317475,0.000182050120202],"mean":[0.0000238744723902,0.000952073023655,0.00115946121514,0.00139352155384,0.00256971153431,0.00125842541456,0.00128364784177,0.00140340614598,0.000714591762517,0.000597957405262,0.000366434891475,0.000483962125145,0.000423619174398,0.000363341037882,0.000373111251974,0.00038477522321,0.00077406456694,0.000425171368988,0.000242538124439,0.00027685603709,0.000164591314388,0.000223733964958,0.000206012264243,0.000185387092642,0.00016748435155,0.0000457513597212,0.0000020700845198],"median":[0.00000405411219617,0.000269025855232,0.000487634970341,0.00070202560164,0.00153952091932,0.000760444498155,0.000616607023403,0.000379400735255,0.000174683402292,0.000138764444273,0.000114941474749,0.000229428085731,0.000170748418896,0.000125304490211,0.0000926050706767,0.0000922142062336,0.00020497146761,0.000120042837807,0.0000949166860664,0.000107751431642,0.0000689267326379,0.0000856526894495,0.000049701466196,0.0000433063578384,0.000027590949685,0.00000527654810867,2.99989665109e-7],"min":[4.37790665583e-23,5.27565213853e-23,4.91034911267e-24,1.57611474301e-23,7.04432972176e-23,2.33433392409e-23,6.33437068428e-23,9.50456221756e-23,1.06817471609e-22,5.31516807454e-23,5.50205805823e-23,4.77324650729e-23,1.73054499371e-22,1.01794794225e-22,8.25499265974e-23,1.56526916774e-22,1.72769423973e-22,1.53324848318e-22,2.96886602611e-22,3.08122304308e-22,4.21320335354e-22,5.83663769707e-22,8.45320020996e-22,8.53033944689e-22,1.49098386548e-21,1.75336460662e-21,2.56311969829e-21],"var":[3.29450045022e-9,0.00000529197086507,0.00000462138132207,0.00000347997797689,0.0000144850491779,0.00000266935671789,0.00000430267436968,0.00000938298308029,0.00000267605923909,0.00000219562480197,6.61731689888e-7,6.68730820053e-7,5.49425010377e-7,4.32353004953e-7,5.81511244491e-7,7.91214233686e-7,0.00000323146582559,5.44486510989e-7,1.57815776447e-7,2.36767306205e-7,1.11614198772e-7,2.35515614122e-7,3.43567336358e-7,2.46678155236e-7,2.15859131458e-7,1.64529616598e-8,4.53052664828e-11]},"barkbands_crest":{"dmean":2.10293984413,"dmean2":3.37623119354,"dvar":3.61494469643,"dvar2":9.02908802032,"max":26.1214313507,"mean":8.42084789276,"median":7.53984642029,"min":2.39657831192,"var":14.9385671616},"barkbands_flatness_db":{"dmean":0.0170977469534,"dmean2":0.0256399363279,"dvar":0.000252313329838,"dvar2":0.000533406389877,"max":0.406258940697,"mean":0.103986978531,"median":0.0982279703021,"min":0.0225029401481,"var":0.00220661750063},"barkbands_kurtosis":{"dmean":3.86848139763,"dmean2":6.65122365952,"dvar":596.95526123,"dvar2":1757.65246582,"max":774.979797363,"mean":9.4920425415,"median":0.891422986984,"min":-1.930560112,"var":3835.49536133},"barkbands_skewness":{"dmean":0.503705382347,"dmean2":0.781856715679,"dvar":0.535017669201,"dvar2":1.23309290409,"max":7.05283498764,"mean":0.838768780231,"median":1.18663787842,"min":-25.6666984558,"var":8.50368404388},"barkbands_spread":{"dmean":6.76386499405,"dmean2":10.2762155533,"dvar":73.6694488525,"dvar2":157.742858887,"max":142.375076294,"mean":28.3817176819,"median":24.79936409,"min":0.428448081017,"var":312.676269531},"dissonance":{"dmean":0.0152238784358,"dmean2":0.0252897646278,"dvar":0.000199285859708,"dvar2":0.000549774384126,"max":0.500000059605,"mean":0.469291418791,"median":0.473997831345,"min":0.318899005651,"var":0.000458770780824},"dynamic_complexity":3.49166202545,"erbbands":{"dmean":[0.0178595539182,0.214000508189,0.939873218536,2.11092948914,5.71580600739,5.4253578186,4.78710985184,6.834441185,11.1869306564,14.7632770538,17.5456180573,9.55270862579,11.0127286911,9.76031112671,8.15649795532,12.3197116852,10.6252441406,10.9673881531,11.5507984161,9.80077457428,14.1128139496,20.7855949402,12.8422021866,8.10020637512,6.60205078125,8.09411811829,5.0402674675,3.49449300766,4.42893695831,5.01684188843,3.56954884529,2.55319833755,1.96383106709,1.48234307766,0.695632994175,0.233429178596,0.0459090359509,0.00471315113828,0.000265076756477,0.0000162279102369],"dmean2":[0.0273904018104,0.349103569984,1.57225251198,3.51564693451,9.7098903656,8.979804039,7.67993688583,11.0653486252,18.1814727783,22.7512569427,26.2888870239,14.1309242249,16.7459182739,14.899023056,12.1867494583,18.5282096863,15.6718683243,16.2383003235,16.7895793915,13.7665891647,19.2474594116,28.7359733582,18.0273666382,11.4973526001,9.11297130585,11.4420318604,7.19436216354,4.91315031052,6.29006099701,7.2452712059,5.00926208496,3.5673623085,2.76528096199,2.07654714584,0.999550163746,0.333439707756,0.0660390257835,0.00652878545225,0.000364051404176,0.0000213398398046],"dvar":[0.00245216558687,0.367123872042,6.26176357269,13.3545894623,113.97530365,156.983352661,94.2657623291,117.87260437,357.106231689,1132.72167969,1765.42871094,749.830688477,697.008605957,666.26940918,367.137878418,462.052368164,457.817565918,458.000183105,763.854492188,560.338378906,1111.39440918,2639.89697266,649.236999512,220.325698853,184.45993042,313.617340088,152.205368042,131.457214355,160.34928894,196.937286377,101.649345398,53.3576278687,28.438533783,14.4543018341,3.62779355049,0.389441460371,0.0169709846377,0.000164322089404,6.53951701679e-7,1.12138032193e-9],"dvar2":[0.0050522852689,0.957077622414,17.0794124603,33.5923957825,313.458374023,411.116455078,223.486404419,290.074432373,862.3671875,2363.84033203,3614.8815918,1656.10925293,1484.54052734,1444.8894043,779.774780273,964.264404297,971.475402832,993.665588379,1670.02001953,1125.93408203,2190.91967773,4504.30517578,1305.59289551,462.089324951,358.908874512,648.431945801,306.121826172,308.274078369,363.116455078,444.590332031,194.925720215,110.640609741,59.7141990662,28.5467605591,7.93804073334,0.827868461609,0.0387003384531,0.000343539577443,0.00000139779785968,2.25671703546e-9],"max":[0.727084338665,8.31584644318,32.5789299011,67.7669525146,149.631149292,219.269561768,181.194061279,264.506256104,369.309417725,1056.61499023,972.427246094,1014.91992188,753.447692871,805.822387695,440.095581055,532.724914551,371.453521729,430.071960449,591.670349121,686.497619629,939.160888672,1693.26184082,694.48248291,232.199264526,444.735778809,374.636413574,341.970458984,528.853271484,413.499725342,297.760406494,305.22555542,195.466552734,170.012619019,97.0304489136,65.4833602905,21.4038028717,4.79681396484,0.471894085407,0.0322419628501,0.00105863111094],"mean":[0.0216900538653,0.243547782302,1.15778923035,3.20694088936,7.98374414444,7.48664855957,7.3017911911,11.1771564484,17.9716072083,23.0673389435,30.5655822754,16.6212921143,18.953212738,16.6736030579,15.1558656693,22.1448383331,19.6844081879,20.1870059967,19.7629241943,18.2171440125,28.0886001587,42.6305732727,25.751953125,15.6825218201,12.3125419617,13.3232698441,8.45506191254,5.91214799881,7.18312978745,8.05281925201,5.7424082756,3.94989323616,3.09838247299,2.20268964767,0.970852613449,0.313215613365,0.0619010329247,0.0065894247964,0.000393429072574,0.0000364578954759],"median":[0.00392455141991,0.0802862793207,0.511070728302,1.91118955612,4.60295581818,4.08632278442,3.51236248016,6.74256467819,10.4127960205,7.51415967941,8.54720878601,4.75761461258,4.55800819397,4.41500377655,5.39422512054,11.041311264,8.79379463196,8.94190502167,5.81891441345,5.36584711075,7.29226589203,11.1752967834,7.22615146637,6.22747421265,4.96092987061,5.0828371048,3.54907798767,2.42178440094,2.69883155823,2.47530031204,1.47707593441,0.939132988453,0.729206979275,0.400309503078,0.123280227184,0.0377807691693,0.00657105445862,0.000695682538208,0.0000637234625174,0.0000201022085093],"min":[2.61120643764e-21,7.89379427912e-21,7.39188628658e-21,2.60741158503e-20,8.9604158909e-20,3.84047059561e-19,1.60295634443e-19,2.20710140499e-19,7.77010402342e-19,1.43133120488e-18,1.83938436414e-18,1.73856097363e-18,2.53355619535e-18,1.26514121064e-18,2.9549509507e-18,2.40180410815e-18,6.68204687908e-18,8.24737865486e-18,3.04692288827e-18,5.24399545211e-18,8.9810067945e-18,9.34590263247e-18,9.49410444692e-18,1.56672474793e-17,1.13540804384e-17,1.77170622486e-17,1.86722738763e-17,1.54808803786e-17,2.0328153805e-17,2.61939893137e-17,2.14352887328e-17,1.7381076373e-17,1.61609039058e-17,1.68019606087e-17,8.66737299344e-18,5.68000979761e-18,3.19553891341e-18,1.68887750751e-18,3.74736934971e-19,3.522855277e-20],"var":[0.00342512666248,0.336985290051,5.00640296936,18.8366394043,118.238624573,154.31350708,150.747406006,220.540756226,652.042175293,2683.53369141,4984.09814453,1477.08520508,1977.75109863,1871.03430176,901.204772949,1265.66662598,1088.67822266,1026.4720459,1457.5480957,1412.07592773,3481.34082031,10993.1621094,1992.4387207,559.73840332,462.453948975,565.835998535,252.989074707,170.617294312,258.158081055,405.184509277,261.30368042,127.418243408,64.7475509644,37.0344085693,8.47809410095,0.795592010021,0.0317451320589,0.000376292009605,0.00000146265745116,2.87557400114e-9]},"erbbands_crest":{"dmean":2.29997420311,"dmean2":3.6959631443,"dvar":4.55322122574,"dvar2":10.577082634,"max":28.6931285858,"mean":8.11914348602,"median":7.1827287674,"min":2.19480156898,"var":14.61561203},"erbbands_flatness_db":{"dmean":0.0151912048459,"dmean2":0.0211661942303,"dvar":0.000212259823456,"dvar2":0.000397207273636,"max":0.300233930349,"mean":0.138539999723,"median":0.135137945414,"min":0.0140654044226,"var":0.00120662443805},"erbbands_kurtosis":{"dmean":0.698984980583,"dmean2":1.09754371643,"dvar":0.990218043327,"dvar2":2.18292379379,"max":18.9911251068,"mean":0.102786675096,"median":-0.394970774651,"min":-1.75084865093,"var":2.8775370121},"erbbands_skewness":{"dmean":0.327230393887,"dmean2":0.490584909916,"dvar":0.102087154984,"dvar2":0.206238135695,"max":2.73165750504,"mean":0.0521338097751,"median":0.157034516335,"min":-3.70512199402,"var":0.659105122089},"erbbands_spread":{"dmean":8.37818622589,"dmean2":12.699889183,"dvar":78.2076034546,"dvar2":181.555526733,"max":159.757461548,"mean":44.4232063293,"median":41.8583068848,"min":3.75738310814,"var":342.677825928},"gfcc":{"cov":[[30110.5175781,2351.77563477,-3640.58813477,1558.11914062,-1769.2857666,457.704742432,-1325.25756836,493.941192627,-653.554077148,28.4586753845,-397.155548096,-149.47845459,-221.98626709],[2351.77563477,1233.22265625,-638.480834961,112.724052429,-102.973228455,-75.770866394,-17.5444316864,-59.4060821533,-17.1888809204,-79.5244445801,55.5700721741,-102.167289734,-4.40434074402],[-3640.58813477,-638.480834961,933.280883789,-118.468276978,177.148681641,51.393081665,134.496688843,-59.1075401306,39.8417167664,65.7222900391,24.771938324,63.7069854736,-8.5795507431],[1558.11914062,112.724052429,-118.468276978,326.366333008,-26.2016124725,23.4169597626,-99.2389755249,7.79080295563,-11.2796030045,11.4895811081,-3.10551810265,1.25829410553,11.7013931274],[-1769.2857666,-102.973228455,177.148681641,-26.2016124725,257.170928955,-19.7008209229,78.7889099121,-1.41951882839,64.9376983643,3.41669130325,15.13991642,17.6684036255,41.581577301],[457.704742432,-75.770866394,51.393081665,23.4169597626,-19.7008209229,162.085983276,31.9701805115,5.58537530899,-23.0360584259,18.097946167,-13.8643016815,11.6031599045,-13.9590873718],[-1325.25756836,-17.5444316864,134.496688843,-99.2389755249,78.7889099121,31.9701805115,195.990280151,20.1606063843,21.4432201385,-3.63800597191,33.9893951416,0.587537229061,0.790971159935],[493.941192627,-59.4060821533,-59.1075401306,7.79080295563,-1.41951882839,5.58537530899,20.1606063843,130.433135986,18.6033058167,10.3610563278,-14.0996246338,3.43318748474,4.63444375992],[-653.554077148,-17.1888809204,39.8417167664,-11.2796030045,64.9376983643,-23.0360584259,21.4432201385,18.6033058167,99.793296814,13.7935762405,10.8790197372,-4.33545637131,14.8907785416],[28.4586753845,-79.5244445801,65.7222900391,11.4895811081,3.41669130325,18.097946167,-3.63800597191,10.3610563278,13.7935762405,80.5360107422,14.6777687073,4.0927400589,-3.25793766975],[-397.155548096,55.5700721741,24.771938324,-3.10551810265,15.13991642,-13.8643016815,33.9893951416,-14.0996246338,10.8790197372,14.6777687073,72.3460998535,13.7268362045,-1.04878532887],[-149.47845459,-102.167289734,63.7069854736,1.25829410553,17.6684036255,11.6031599045,0.587537229061,3.43318748474,-4.33545637131,4.0927400589,13.7268362045,72.9884338379,14.8270406723],[-221.98626709,-4.40434074402,-8.5795507431,11.7013931274,41.581577301,-13.9590873718,0.790971159935,4.63444375992,14.8907785416,-3.25793766975,-1.04878532887,14.8270406723,58.2830848694]],"icov":[[0.000481348892208,-0.000588483235333,0.00091002532281,-0.000988966203295,0.00131121824961,-0.00128169904929,0.00152844225522,-0.00172168738209,0.00126090017147,-0.00122026237659,0.00141986296512,-0.00096162367845,0.000874918187037],[-0.000588483235333,0.00256302999333,0.00012164835789,0.000644628016744,-0.00143362744711,0.00189842563123,-0.00278434460051,0.00341225066222,-0.00172622327227,0.00233367388137,-0.00333620072342,0.00279272184707,-0.00111428298987],[0.00091002532281,0.00012164835789,0.00425881147385,-0.0019860365428,0.00167620310094,-0.00230541196652,0.00133120606188,-0.00121725013014,0.00203437102027,-0.00331174163148,0.00256165047176,-0.00238142698072,0.00277864537202],[-0.000988966203295,0.000644628016744,-0.0019860365428,0.00627977121621,-0.00330474367365,0.00107220455538,-0.000193699859665,0.00246306811459,-0.00224185083061,0.00218890048563,-0.004048735369,0.00208311784081,-0.00275750551373],[0.00131121824961,-0.00143362744711,0.00167620310094,-0.00330474367365,0.0101434420794,-0.00255110999569,0.00181156315375,-0.00395873188972,0.000408787105698,-0.00280995271169,0.00441286852583,-0.0030147829093,-0.00117670092732],[-0.00128169904929,0.00189842563123,-0.00230541196652,0.00107220455538,-0.00255110999569,0.0117510231212,-0.00754311261699,0.00544621096924,-0.00202214438468,0.000820854853373,-0.000248315947829,0.000578242004849,-0.000578099919949],[0.00152844225522,-0.00278434460051,0.00133120606188,-0.000193699859665,0.00181156315375,-0.00754311261699,0.0152668468654,-0.00913837645203,0.00438960827887,-0.00131624750793,-0.000919652113225,-0.000810004479717,0.00226074573584],[-0.00172168738209,0.00341225066222,-0.00121725013014,0.00246306811459,-0.00395873188972,0.00544621096924,-0.00913837645203,0.0168046690524,-0.00686886534095,0.00231110583991,-0.00197051186115,0.0020326259546,-0.00272526661865],[0.00126090017147,-0.00172622327227,0.00203437102027,-0.00224185083061,0.000408787105698,-0.00202214438468,0.00438960827887,-0.00686886534095,0.0168967749923,-0.00521880248562,0.00216541928239,-0.000301596825011,0.000639235135168],[-0.00122026237659,0.00233367388137,-0.00331174163148,0.00218890048563,-0.00280995271169,0.000820854853373,-0.00131624750793,0.00231110583991,-0.00521880248562,0.0194119196385,-0.00957801938057,0.00495794182643,-0.00237805838697],[0.00141986296512,-0.00333620072342,0.00256165047176,-0.004048735369,0.00441286852583,-0.000248315947829,-0.000919652113225,-0.00197051186115,0.00216541928239,-0.00957801938057,0.0258185379207,-0.0101145617664,0.00525619182736],[-0.00096162367845,0.00279272184707,-0.00238142698072,0.00208311784081,-0.0030147829093,0.000578242004849,-0.000810004479717,0.0020326259546,-0.000301596825011,0.00495794182643,-0.0101145617664,0.0213284827769,-0.00733531778678],[0.000874918187037,-0.00111428298987,0.00277864537202,-0.00275750551373,-0.00117670092732,-0.000578099919949,0.00226074573584,-0.00272526661865,0.000639235135168,-0.00237805838697,0.00525619182736,-0.00733531778678,0.023919923231]],"mean":[-25.9140033722,72.3724441528,-116.494056702,32.3344459534,-67.2448654175,10.2163858414,-48.3535118103,4.4270658493,-27.3847789764,-0.551571965218,-15.8020582199,-2.24717974663,-17.3404006958]},"hfc":{"dmean":7.69956731796,"dmean2":9.46015357971,"dvar":170.072387695,"dvar2":311.257476807,"max":218.492919922,"mean":19.9985656738,"median":11.5840110779,"min":1.26287675822e-16,"var":566.758483887},"melbands":{"dmean":[0.000180760616786,0.000415743910708,0.000445022684289,0.000425163278123,0.000173447377165,0.00015654283925,0.000167595804669,0.000164524404681,0.000134990943479,0.0000594527482463,0.0000559212821827,0.000041735744162,0.0000284546076728,0.0000297843744193,0.0000271271983365,0.0000257793253695,0.0000213204602915,0.0000190161990758,0.0000168018250406,0.0000143242723425,0.0000192439474631,0.0000265320977633,0.0000130005164465,0.0000104406490209,0.00000678069136484,0.000004991964488,0.00000548785055798,0.00000567883489566,0.00000362602168025,0.00000222555081564,0.00000216225407712,0.0000026653342502,0.00000263537663159,0.00000292034974336,0.00000222095923164,0.00000175423360815,0.00000158091097546,0.00000138675852668,0.00000142663839142,0.00000126215957152],"dmean2":[0.000276221544482,0.000687507796101,0.000747746787965,0.000712842098437,0.000279170199065,0.000252795318374,0.000270466000075,0.000252342928434,0.00020169565687,0.0000884664332261,0.0000849574716995,0.0000634911411908,0.0000424085301347,0.0000450016887044,0.0000406373437727,0.0000386068204534,0.0000321416082443,0.0000278159768641,0.0000250524481089,0.0000203965464607,0.0000272988181678,0.0000373843904526,0.0000184248892765,0.000015144370991,0.00000996419112198,0.00000725621157471,0.00000781644303061,0.00000827484382171,0.0000054010383792,0.00000320265780829,0.00000313491068482,0.00000389709293813,0.00000386892224924,0.00000429326109952,0.00000316800424116,0.00000253916687143,0.00000227330565394,0.00000199607438844,0.0000020523391413,0.00000180473841738],"dvar":[2.45227226969e-7,0.00000122854078199,4.61251204342e-7,9.54732854552e-7,1.08785179975e-7,5.72893661399e-8,7.80273481382e-8,1.333418993e-7,1.03657768591e-7,2.80081504656e-8,1.80842025799e-8,1.23963150855e-8,4.53076864915e-9,3.3581424308e-9,2.33695773844e-9,2.69444022649e-9,1.88410154145e-9,2.28060748064e-9,1.63795166319e-9,1.46151313274e-9,2.29940178009e-9,4.93667684509e-9,6.50836495808e-10,5.25155086084e-10,1.66317015715e-10,1.10238075612e-10,1.44991449402e-10,1.69257968752e-10,7.49776976616e-11,4.32824089069e-11,5.11697073602e-11,6.30238083943e-11,5.97221994081e-11,7.08951577999e-11,3.85223727917e-11,2.75049358289e-11,2.0955841229e-11,1.54369399208e-11,1.25160099299e-11,1.17253455209e-11],"dvar2":[5.31669456905e-7,0.0000033167877973,0.00000120828497074,0.00000254828592006,2.63600526296e-7,1.41487859651e-7,1.84238786005e-7,2.75867364508e-7,2.06793075108e-7,6.18125000074e-8,3.82955818168e-8,2.63489425834e-8,9.47976364074e-9,6.99840896345e-9,4.88650142572e-9,5.65646418593e-9,4.12279232975e-9,4.94445373533e-9,3.63855612306e-9,3.01422042881e-9,4.62569671456e-9,8.50190673418e-9,1.29907207214e-9,1.06268316369e-9,3.71977365576e-10,2.3966864604e-10,2.79556960914e-10,3.60102753172e-10,1.61986132841e-10,8.90389845187e-11,1.24140156488e-10,1.48644277442e-10,1.37229255737e-10,1.60847543618e-10,7.48877695966e-11,5.99433003234e-11,4.44153776258e-11,3.30816485317e-11,2.61438422994e-11,2.43048983717e-11],"max":[0.00645880168304,0.0143008828163,0.00969289988279,0.0173412077129,0.00508189154789,0.00514677166939,0.00565803376958,0.011024646461,0.00918016862124,0.005824489519,0.00367139675654,0.00356868165545,0.00176935864147,0.00168353295885,0.00129433628172,0.000965608865954,0.000918145873584,0.00101932999678,0.000733796157874,0.00102444307413,0.00113988958765,0.00239325501025,0.00058254331816,0.000718093768228,0.000216977932723,0.000209952384466,0.000400726945372,0.00026476525818,0.000197778310394,0.000220059562707,0.000337361125275,0.000292782700853,0.000184232121683,0.00018480217841,0.000183684678632,0.000165175733855,0.000110523353214,0.000130202926812,0.0000815219973447,0.0000886826237547],"mean":[0.000227848533541,0.000514575571287,0.000708521751221,0.000590306008235,0.000268308242084,0.000259288965026,0.000271771132248,0.000258616142673,0.000232207312365,0.0000989257605397,0.000093886970717,0.0000679813383613,0.0000489655139972,0.0000520039538969,0.000050333008403,0.0000437339658674,0.0000362973660231,0.0000308724193019,0.0000273838995781,0.0000240519075305,0.0000349599395122,0.0000509007586516,0.0000254760743701,0.0000195315369638,0.0000119627875392,0.00000874894431036,0.00000906772584131,0.00000885281770024,0.00000579686002311,0.00000350009213435,0.00000343093574884,0.00000408292498832,0.00000422774155595,0.00000446848116553,0.00000348204662259,0.00000256461157733,0.00000238142774833,0.00000214807164411,0.00000214173292079,0.0000017751311816],"median":[0.0000554439429834,0.000219835957978,0.000457239046227,0.000347568071447,0.000136382455821,0.000158928029123,0.000156566762598,0.0000769342732383,0.0000626011606073,0.000024276010663,0.0000214571064134,0.0000161737152666,0.0000153548426169,0.0000233592581935,0.0000242802016146,0.0000167277066794,0.0000146996189869,0.00000795779124019,0.000006956229754,0.000006332373232,0.00000836058461573,0.0000125709739223,0.00000684113820171,0.00000540729251952,0.00000469250198876,0.00000326101508108,0.00000336813377544,0.00000321534025716,0.00000238037864619,0.00000133634557642,0.00000132638729156,0.00000150484152073,0.00000140580732477,0.0000012471671198,8.5692090579e-7,6.21179196969e-7,5.22471509612e-7,4.82458858642e-7,4.60010824099e-7,2.70420059678e-7],"min":[2.15160423504e-23,6.13310008184e-24,5.96177960918e-24,1.73670536629e-23,8.34022008754e-24,4.66929451927e-24,1.28692369941e-23,1.89892135859e-23,1.51585507841e-23,1.24747489546e-23,1.26583618523e-23,4.39102817369e-24,9.37294393097e-24,6.52814071836e-24,6.11008545936e-24,1.98330975392e-23,1.47629559728e-23,3.57230848878e-24,6.60521676753e-24,8.19997560694e-24,1.02224209081e-23,7.30445518531e-24,1.28893119264e-23,7.23298754274e-24,1.38391462102e-23,8.56244930428e-24,9.19966984428e-24,1.16637762782e-23,1.20529623835e-23,9.18428469004e-24,9.21717466776e-24,1.14713257718e-23,1.15722029377e-23,1.59388241495e-23,1.15821339077e-23,1.2284692641e-23,1.02000740564e-23,8.13719568952e-24,1.91388431447e-23,1.21697540294e-23],"var":[3.23299673255e-7,0.00000102614910702,6.69648670737e-7,8.80124161995e-7,1.70301944991e-7,1.06855118531e-7,1.4597598863e-7,3.24994260836e-7,3.00281215004e-7,5.73510128277e-8,5.07231199265e-8,3.45629551646e-8,1.12019700182e-8,8.63930615935e-9,6.90624979427e-9,6.10147710134e-9,3.91534404898e-9,4.22242640852e-9,3.22695803412e-9,3.09904235607e-9,6.47033804313e-9,1.9150178332e-8,2.08603911922e-9,1.38414313344e-9,3.60040636194e-10,2.45280379341e-10,3.02087937998e-10,2.8557448073e-10,1.14982953714e-10,6.63227112119e-11,6.1033844645e-11,8.59426765865e-11,1.15008912116e-10,1.38750871903e-10,9.55387297052e-11,5.90613252749e-11,4.81713072209e-11,3.40301294088e-11,2.7761928173e-11,2.78993564362e-11]},"melbands_crest":{"dmean":3.06054997444,"dmean2":5.01217842102,"dvar":7.22262763977,"dvar2":18.9888744354,"max":36.0022583008,"mean":12.0162744522,"median":11.3324518204,"min":1.95877683163,"var":19.1070022583},"melbands_flatness_db":{"dmean":0.0223822016269,"dmean2":0.0340260863304,"dvar":0.000474336295156,"dvar2":0.00102582725231,"max":0.411617815495,"mean":0.150630787015,"median":0.151174217463,"min":0.00603748532012,"var":0.00205252040178},"melbands_kurtosis":{"dmean":4.31332063675,"dmean2":6.91553068161,"dvar":40.048992157,"dvar2":101.371688843,"max":184.045959473,"mean":8.6150598526,"median":6.1380200386,"min":-1.86997449398,"var":92.8592987061},"melbands_skewness":{"dmean":0.580189526081,"dmean2":0.904870927334,"dvar":0.336973696947,"dvar2":0.818109810352,"max":10.6058216095,"mean":2.33447527885,"median":2.22212839127,"min":-0.425547420979,"var":1.3202829361},"melbands_spread":{"dmean":10.0389881134,"dmean2":15.2828168869,"dvar":213.72706604,"dvar2":434.121063232,"max":254.830764771,"mean":33.3889961243,"median":25.5783195496,"min":1.55758678913,"var":743.31060791},"mfcc":{"cov":[[11564.4462891,778.722473145,-241.954055786,240.245635986,106.302146912,-166.913040161,-68.9981765747,45.8362808228,50.6603317261,22.8369865417,22.8114433289,49.6654281616,-6.0489821434],[778.722473145,983.364807129,-179.40284729,68.3050308228,-74.5727539062,-12.862991333,13.3118038177,6.05723142624,-50.9763793945,-3.55279755592,9.57810974121,8.31370353699,-29.296339035],[-241.954055786,-179.40284729,440.973358154,-11.5605020523,2.77717280388,89.5352630615,15.5818891525,-20.4961471558,-40.1997871399,-15.0729236603,9.83634471893,-1.25598907471,27.7414569855],[240.245635986,68.3050308228,-11.5605020523,215.692520142,81.7368927002,-4.71451711655,-19.988697052,-17.9796676636,0.450710833073,-5.56278896332,-20.4447078705,22.7710704803,32.5121192932],[106.302146912,-74.5727539062,2.77717280388,81.7368927002,162.373275757,24.2086696625,-40.5595779419,-14.8069219589,27.050365448,-3.35641288757,-21.171579361,5.40198373795,18.1226406097],[-166.913040161,-12.862991333,89.5352630615,-4.71451711655,24.2086696625,149.585800171,32.5025444031,-5.57050657272,-8.43269824982,-5.80632448196,1.18004703522,-0.864681363106,9.89227485657],[-68.9981765747,13.3118038177,15.5818891525,-19.988697052,-40.5595779419,32.5025444031,120.710021973,33.956111908,2.17645788193,8.11145019531,13.2146539688,9.74640083313,-6.97433853149],[45.8362808228,6.05723142624,-20.4961471558,-17.9796676636,-14.8069219589,-5.57050657272,33.956111908,95.5301818848,24.0274276733,-4.69893789291,8.7048330307,3.24810481071,-1.04070031643],[50.6603317261,-50.9763793945,-40.1997871399,0.450710833073,27.050365448,-8.43269824982,2.17645788193,24.0274276733,91.88256073,27.7599487305,-4.24059343338,-1.87191867828,1.24814116955],[22.8369865417,-3.55279755592,-15.0729236603,-5.56278896332,-3.35641288757,-5.80632448196,8.11145019531,-4.69893789291,27.7599487305,86.6750488281,22.3284931183,-8.05795478821,-10.6233730316],[22.8114433289,9.57810974121,9.83634471893,-20.4447078705,-21.171579361,1.18004703522,13.2146539688,8.7048330307,-4.24059343338,22.3284931183,72.9994125366,15.2496929169,-6.55392026901],[49.6654281616,8.31370353699,-1.25598907471,22.7710704803,5.40198373795,-0.864681363106,9.74640083313,3.24810481071,-1.87191867828,-8.05795478821,15.2496929169,66.954460144,26.4118289948],[-6.0489821434,-29.296339035,27.7414569855,32.5121192932,18.1226406097,9.89227485657,-6.97433853149,-1.04070031643,1.24814116955,-10.6233730316,-6.55392026901,26.4118289948,76.3338928223]],"icov":[[0.0000959965327638,-0.0000813272999949,-0.0000118225398182,-0.000052634106396,-0.0000865037800395,0.000108375330456,0.0000226931861107,-0.0000482451650896,-0.000057498615206,-0.00000420346987084,-0.0000509589772264,-0.0000339103717124,0.000018730012016],[-0.0000813272999949,0.00137071497738,0.00062728865305,-0.000757484929636,0.000968547537923,-0.000560160959139,0.000157014786964,-0.000191444982192,0.000811088306364,-0.000091870126198,-0.0000253664256888,-0.000110918452265,0.000478817091789],[-0.0000118225398182,0.00062728865305,0.00306430109777,-0.000155634828843,0.00037688552402,-0.00168853101786,-0.0000590255403949,0.000276367762126,0.00131343095563,0.000139729934745,-0.00058034673566,0.000531100202352,-0.000915439100936],[-0.000052634106396,-0.000757484929636,-0.000155634828843,0.00693383300677,-0.00376172433607,0.00110611575656,-0.000677009113133,0.000758857000619,0.00074956798926,-0.000520431611221,0.00132218550425,-0.00141180714127,-0.00197602855042],[-0.0000865037800395,0.000968547537923,0.00037688552402,-0.00376172433607,0.0104501275346,-0.00296178064309,0.00338990613818,0.000246800540481,-0.002813301282,0.000400858552894,0.00111635564826,-0.000622197694611,0.000458927243017],[0.000108375330456,-0.000560160959139,-0.00168853101786,0.00110611575656,-0.00296178064309,0.00918070413172,-0.00338889984414,0.00107066414785,0.000239579516347,0.000586415291764,-0.000424467405537,0.00100913643837,-0.00115339597687],[0.0000226931861107,0.000157014786964,-0.0000590255403949,-0.000677009113133,0.00338990613818,-0.00338889984414,0.0117238014936,-0.00397999444976,-0.0000850937722134,-0.00155251612887,0.000347770168446,-0.00259071704932,0.00173471332528],[-0.0000482451650896,-0.000191444982192,0.000276367762126,0.000758857000619,0.000246800540481,0.00107066414785,-0.00397999444976,0.0136630348861,-0.00446874042973,0.00325022428297,-0.0021291943267,0.000785819196608,-0.000804958050139],[-0.000057498615206,0.000811088306364,0.00131343095563,0.00074956798926,-0.002813301282,0.000239579516347,-0.0000850937722134,-0.00446874042973,0.0158199444413,-0.00579766556621,0.00238363770768,-0.000369135232177,-0.000654841889627],[-0.00000420346987084,-0.000091870126198,0.000139729934745,-0.000520431611221,0.000400858552894,0.000586415291764,-0.00155251612887,0.00325022428297,-0.00579766556621,0.0156219322234,-0.00585452094674,0.00306311389431,0.000572978635319],[-0.0000509589772264,-0.0000253664256888,-0.00058034673566,0.00132218550425,0.00111635564826,-0.000424467405537,0.000347770168446,-0.0021291943267,0.00238363770768,-0.00585452094674,0.018093502149,-0.00610454240814,0.00223863986321],[-0.0000339103717124,-0.000110918452265,0.000531100202352,-0.00141180714127,-0.000622197694611,0.00100913643837,-0.00259071704932,0.000785819196608,-0.000369135232177,0.00306311389431,-0.00610454240814,0.020371472463,-0.00698641128838],[0.000018730012016,0.000478817091789,-0.000915439100936,-0.00197602855042,0.000458927243017,-0.00115339597687,0.00173471332528,-0.000804958050139,-0.000654841889627,0.000572978635319,0.00223863986321,-0.00698641128838,0.0173479281366]],"mean":[-652.135192871,99.5807495117,3.78721475601,17.9929466248,2.32414984703,-0.200159817934,-6.78136014938,-1.68602883816,-8.73188114166,-5.43258285522,-1.36950480938,1.26570117474,-0.876743137836]},"pitch_salience":{"dmean":0.0629998221993,"dmean2":0.102644130588,"dvar":0.00274336151779,"dvar2":0.00720792310312,"max":0.986598432064,"mean":0.607521235943,"median":0.610422611237,"min":0.198058858514,"var":0.00761806359515},"silence_rate_20dB":{"dmean":0,"dmean2":0,"dvar":0,"dvar2":0,"max":1,"mean":1,"median":1,"min":1,"var":0},"silence_rate_30dB":{"dmean":0,"dmean2":0,"dvar":0,"dvar2":0,"max":1,"mean":1,"median":1,"min":1,"var":0},"silence_rate_60dB":{"dmean":0.0246825255454,"dmean2":0.049373883754,"dvar":0.0240741558373,"dvar2":0.0576724633574,"max":1,"mean":0.0708154514432,"median":0,"min":0,"var":0.065799869597},"spectral_centroid":{"dmean":294.559143066,"dmean2":443.027404785,"dvar":116534.109375,"dvar2":230873.03125,"max":10877.078125,"mean":1559.20275879,"median":1431.24145508,"min":344.789764404,"var":522351.75},"spectral_complexity":{"dmean":4.14165639877,"dmean2":5.48157405853,"dvar":24.4083423615,"dvar2":35.37890625,"max":61,"mean":18.1727466583,"median":16,"min":0,"var":114.327636719},"spectral_contrast_coeffs":{"dmean":[0.0506398789585,0.0464718453586,0.0353224985301,0.0284515805542,0.0226344168186,0.0168306566775],"dmean2":[0.0828426331282,0.0761815086007,0.0571013092995,0.045100800693,0.0351456031203,0.0262655764818],"dvar":[0.00186333397869,0.00136457418557,0.000833227590192,0.000546137220226,0.000386183848605,0.00022807487403],"dvar2":[0.00481302523986,0.00361143215559,0.00211024680175,0.00130297732539,0.000829647236969,0.000528359261807],"max":[-0.348135560751,-0.475936591625,-0.480548769236,-0.583034276962,-0.575787484646,-0.655772328377],"mean":[-0.614370942116,-0.745073437691,-0.779326677322,-0.76530277729,-0.77669352293,-0.777710199356],"median":[-0.611970365047,-0.746364355087,-0.783546328545,-0.765367746353,-0.77699971199,-0.771386742592],"min":[-0.968108177185,-0.981636583805,-0.991745114326,-0.981184065342,-0.956377446651,-0.963587939739],"var":[0.00668257055804,0.00528205139562,0.00401142379269,0.00297874910757,0.00241310545243,0.00149861851241]},"spectral_contrast_valleys":{"dmean":[0.434365689754,0.369185566902,0.342467278242,0.310797423124,0.31312045455,0.373190760612],"dmean2":[0.685173094273,0.586365520954,0.511752843857,0.425811558962,0.388864964247,0.437963306904],"dvar":[0.16944219172,0.132394477725,0.127934277058,0.10626731813,0.115771837533,0.166562467813],"dvar2":[0.337795883417,0.258846789598,0.221212089062,0.154486253858,0.15586681664,0.254090875387],"max":[-5.45596694946,-4.76983070374,-5.23238134384,-5.74680233002,-5.52950906754,-7.15361976624],"mean":[-7.92195034027,-6.89749574661,-7.76465749741,-8.14650821686,-7.85185861588,-10.0867195129],"median":[-7.64925384521,-6.63370132446,-7.56303215027,-7.9096698761,-7.58752346039,-9.95421218872],"min":[-27.0178318024,-27.2786617279,-27.2177791595,-27.3183116913,-27.3168067932,-27.2311515808],"var":[3.17116522789,3.06866431236,2.99982333183,3.13139343262,3.24384713173,2.77896094322]},"spectral_decrease":{"dmean":1.42241429746e-9,"dmean2":2.02708805297e-9,"dvar":4.47734626242e-18,"dvar2":9.30138708063e-18,"max":2.84925366314e-16,"mean":-3.88203158508e-9,"median":-2.8228102078e-9,"min":-2.13254622849e-8,"var":1.10683706005e-17},"spectral_energy":{"dmean":0.00588102405891,"dmean2":0.00819697324187,"dvar":0.0000732604166842,"dvar2":0.000147431303049,"max":0.0839588195086,"mean":0.0164655800909,"median":0.0120913218707,"min":1.14109832074e-20,"var":0.000196112727281},"spectral_energyband_high":{"dmean":0.00062743172748,"dmean2":0.000816236017272,"dvar":0.00000195093571165,"dvar2":0.00000377192077394,"max":0.0283962208778,"mean":0.00113944301847,"median":0.000398499250878,"min":8.45331572444e-21,"var":0.0000051140486903},"spectral_energyband_low":{"dmean":0.00183900014963,"dmean2":0.0028862375766,"dvar":0.000017255631974,"dvar2":0.0000423248384323,"max":0.0519240982831,"mean":0.00274056452326,"median":0.00140650197864,"min":8.97600016752e-23,"var":0.000020100027541},"spectral_energyband_middle_high":{"dmean":0.00158246501815,"dmean2":0.00197066809051,"dvar":0.00000594874336457,"dvar2":0.00000933797946345,"max":0.0379114113748,"mean":0.00445911800489,"median":0.00237996783108,"min":1.45443292313e-21,"var":0.0000278033767245},"spectral_energyband_middle_low":{"dmean":0.00381438573822,"dmean2":0.00588660174981,"dvar":0.0000342328748957,"dvar2":0.0000803359798738,"max":0.0677525475621,"mean":0.00882917176932,"median":0.0065112458542,"min":3.99644608624e-22,"var":0.0000655352487229},"spectral_entropy":{"dmean":0.158947125077,"dmean2":0.217208832502,"dvar":0.0264400858432,"dvar2":0.0482764989138,"max":9.80616283417,"mean":7.75224924088,"median":7.70283985138,"min":5.95134592056,"var":0.194147527218},"spectral_flux":{"dmean":0.0189245212823,"dmean2":0.0281448550522,"dvar":0.000545354560018,"dvar2":0.00105207914021,"max":0.239728093147,"mean":0.0678626298904,"median":0.0588711351156,"min":1.0682220386e-10,"var":0.00166937091853},"spectral_kurtosis":{"dmean":0.921590924263,"dmean2":1.4745080471,"dvar":1.34668910503,"dvar2":3.60357999802,"max":43.0496559143,"mean":3.20919466019,"median":3.01116108894,"min":-1.20467889309,"var":4.57641792297},"spectral_rms":{"dmean":0.000662224367261,"dmean2":0.000896394660231,"dvar":6.44983344955e-7,"dvar2":0.00000119187711789,"max":0.00905047170818,"mean":0.00364907132462,"median":0.00343459052965,"min":3.33656496529e-12,"var":0.00000274835997516},"spectral_rolloff":{"dmean":691.568664551,"dmean2":1122.22814941,"dvar":1544830.5,"dvar2":3257698.75,"max":21447.0703125,"mean":2608.23071289,"median":1571.92382812,"min":107.666015625,"var":12364101},"spectral_skewness":{"dmean":0.151799634099,"dmean2":0.234963923693,"dvar":0.0257694274187,"dvar2":0.0564148947597,"max":5.54457998276,"mean":1.38809633255,"median":1.39202427864,"min":-0.135466113687,"var":0.141516312957},"spectral_spread":{"dmean":635506.6875,"dmean2":877925,"dvar":688791486464,"dvar2":1158542000130,"max":39646644,"mean":5738169.5,"median":4773661.5,"min":1551156.875,"var":16815170256900},"spectral_strongpeak":{"dmean":0.515126168728,"dmean2":0.859319269657,"dvar":0.965992212296,"dvar2":2.22421741486,"max":15.8601350784,"mean":0.919185101986,"median":0.450060367584,"min":0,"var":1.87634909153},"zerocrossingrate":{"dmean":0.0145777845755,"dmean2":0.0163486860693,"dvar":0.000356742879376,"dvar2":0.000374343479052,"max":0.83642578125,"mean":0.0970178693533,"median":0.06982421875,"min":0.01611328125,"var":0.0127438213676}},"metadata":{"audio_properties":{"analysis_sample_rate":44100,"bit_rate":0,"codec":"flac","downmix":"mix","equal_loudness":0,"length":129.800003052,"lossless":true,"md5_encoded":"6a1a84f1043e651dc392c5203d825150","replay_gain":-13.3846302032,"sample_rate":44100},"tags":{"acoustid_id":["c9474e0f-a077-40e4-8d0b-8267f9378eab"],"album":["The Kinks Are the Village Green Preservation Society"],"albumartist":["The Kinks"],"albumartistsort":["Kinks, The"],"artist":["The Kinks"],"artistsort":["Kinks, The"],"date":["1968"],"discnumber":["1"],"discsubtitle":["Stereo"],"file_name":"1-09 - Village Green.flac","musicbrainz_albumartistid":["17b53d9f-5c63-4a09-a593-dde4608e0db9"],"musicbrainz_albumid":["d2c38e10-f528-4819-bd8d-8c41ba9229eb"],"musicbrainz_artistid":["17b53d9f-5c63-4a09-a593-dde4608e0db9"],"musicbrainz_recordingid":["5616bf5a-5db6-4fdf-b6c0-06e491174ca8"],"title":["Village Green"],"totaltracks":["19"],"tracknumber":["9"],"tracktotal":["19"]},"version":{"essentia":"2.1-beta1","essentia_build_sha":"ca57ba49d9b1854bd80e60cf9ccf267278fb7d6b","essentia_git_sha":"v2.1_beta1-28-g21ef5f4-dirty","extractor":"music 1.0"}},"rhythm":{"beats_count":223,"beats_loudness":{"dmean":0.012159015052,"dmean2":0.0224218964577,"dvar":0.000100903947896,"dvar2":0.000289711199002,"max":0.0719839334488,"mean":0.0366226024926,"median":0.037958804518,"min":1.06143516199e-9,"var":0.000217800232349},"beats_loudness_band_ratio":{"dmean":[0.24664260447,0.126723483205,0.129011973739,0.0889524146914,0.126427710056,0.0710735991597],"dmean2":[0.46636107564,0.230618938804,0.223476529121,0.162593156099,0.236136585474,0.134340286255],"dvar":[0.0386523865163,0.0114499302581,0.0110135721043,0.00634720781818,0.00900033023208,0.00593312457204],"dvar2":[0.139401569963,0.0337512493134,0.0298525206745,0.0175232570618,0.029802903533,0.0160338021815],"max":[0.79289829731,0.790555953979,0.647798955441,0.411883801222,0.492914140224,0.99