{"lowlevel":{"average_loudness":0.809761583805,"barkbands":{"dmean":[0.0000118915422718,0.000246354698902,0.000103013582702,0.000125352089526,0.000298057682812,0.000220043351874,0.000317770027323,0.000365494110156,0.000540246313903,0.000592413009144,0.00101826142054,0.000948413391598,0.000604479922913,0.000783859111834,0.00133051117882,0.000511755351909,0.000377112795832,0.00046516553266,0.000196836161194,0.000158788665431,0.0000614259770373,0.0000538128624612,0.0000291572087008,0.000014522202946,0.00000530632951268,0.00000127907776459,6.80739797865e-10],"dmean2":[0.000020517512894,0.000376626761863,0.000166701996932,0.000211840146221,0.000463520787889,0.000348037458025,0.000502872164361,0.000586021633353,0.00087293703109,0.000941437960137,0.00162778992672,0.00148730794899,0.00097554072272,0.00123349379282,0.00213940325193,0.00081855658209,0.000576084072236,0.000716730137356,0.000294551980915,0.000241554211243,0.0000950799512793,0.0000816826941445,0.0000430928485002,0.0000210935595533,0.00000792456830823,0.00000198740985979,1.26296439973e-9],"dvar":[4.77338002458e-10,2.26200825182e-7,2.47297133882e-8,6.48276667903e-8,2.81688159021e-7,1.89320516597e-7,4.17452667989e-7,6.65529626076e-7,0.00000107971118268,0.00000140109250424,0.00000821600497147,0.00000435978972746,0.00000172847126123,0.00000261388890976,0.00000777970672061,0.00000172873137672,6.55369035485e-7,5.65045525036e-7,1.0221766189e-7,8.13099774177e-8,1.23714247735e-8,3.37119061555e-8,1.62240301194e-8,4.31845981197e-9,1.19469559245e-10,3.6777195872e-12,1.01324196665e-18],"dvar2":[1.26778221254e-9,5.2975002518e-7,5.72483891403e-8,1.6279859949e-7,6.10376446275e-7,4.77108585528e-7,0.00000101698799426,0.00000169515726611,0.00000273027967523,0.00000346538899976,0.0000220821348194,0.0000108388958324,0.00000449630761068,0.00000635821788819,0.000020887102437,0.00000427986469731,0.00000146435365878,0.00000132361935812,2.257508811e-7,1.75189384777e-7,2.95319395605e-8,6.90612935728e-8,3.19299644502e-8,1.03031769783e-8,2.7334376429e-10,8.36736149118e-12,3.20233833804e-18],"max":[0.000395591545384,0.00658109644428,0.00236338702962,0.00484178122133,0.0119618531317,0.0154570583254,0.0140001364052,0.0149051323533,0.0205713007599,0.0210496056825,0.0479312203825,0.0380610153079,0.0256243087351,0.0363838374615,0.0422665625811,0.0238617323339,0.0155628249049,0.0139008834958,0.00697799492627,0.0112410681322,0.00411331607029,0.00753073999658,0.00554293580353,0.00293988990597,0.000340722617693,0.0000210238940781,1.15281997282e-8],"mean":[0.0000142780672832,0.000386046100175,0.000234816718148,0.000203699542908,0.000536716077477,0.000414019421441,0.000509357079864,0.000577742757741,0.000857953855302,0.00100293196738,0.0016538525233,0.00190179713536,0.000990216154605,0.00130165938754,0.00275248405524,0.000896609388292,0.000747451733332,0.00105394935235,0.000418330891989,0.000338812358677,0.000135367270559,0.000113791749754,0.0000540966648259,0.0000284281632048,0.0000112185825856,0.00000247115781349,5.47892620162e-10],"median":[0.00000788968645793,0.000155189773068,0.000111134337203,0.000112925554276,0.000282426044578,0.000182448726264,0.000237693748204,0.000209919264307,0.000324971682858,0.000251898105489,0.000239819026319,0.000455203175079,0.000235968080233,0.000323408225086,0.000433586072177,0.00022494806035,0.000256281637121,0.000588563736528,0.000224524526857,0.000182950781891,0.0000948112938204,0.000068908862886,0.0000311395488097,0.0000171205647348,0.00000833418744151,0.00000186799991297,1.75717135287e-10],"min":[3.02575192984e-25,4.97402044291e-24,3.70390853296e-25,6.37229118855e-25,9.14150555201e-24,1.00797822347e-23,1.11226287413e-23,4.9853405969e-24,1.37716165613e-23,2.01860433746e-23,1.55754180185e-23,1.95819147607e-23,2.49269254433e-23,4.05529031349e-23,4.96605420994e-23,4.86398886167e-23,6.69245295074e-23,8.65565322024e-23,1.03733139066e-22,1.42829830213e-22,2.09747752221e-22,2.57392994522e-22,3.84230619946e-22,6.31285825807e-22,8.75512921147e-22,1.41076764187e-21,1.88083321979e-21],"var":[4.73232841802e-10,3.60043969749e-7,9.82480443668e-8,9.76827649879e-8,6.6471250193e-7,5.89956869135e-7,8.58206021803e-7,0.00000141671466736,0.00000220449101107,0.0000031374856917,0.0000193309788301,0.000014736338926,0.00000364175912182,0.00000562928198633,0.0000226986485359,0.00000444958141088,0.00000202465412258,0.00000183583358648,3.26951493435e-7,2.10361221775e-7,2.37703421391e-8,6.06851884299e-8,2.4983616953e-8,5.43151346122e-9,1.89055021638e-10,6.72536505653e-12,8.41898378698e-19]},"barkbands_crest":{"dmean":2.27619433403,"dmean2":3.76335763931,"dvar":4.4611620903,"dvar2":11.6597270966,"max":26.0568313599,"mean":8.83431529999,"median":7.99727535248,"min":2.28646445274,"var":13.7901000977},"barkbands_flatness_db":{"dmean":0.0167375132442,"dmean2":0.0257378499955,"dvar":0.000259711989202,"dvar2":0.00055142090423,"max":0.395888268948,"mean":0.144114375114,"median":0.139128491282,"min":0.0391648970544,"var":0.00220559816808},"barkbands_kurtosis":{"dmean":1.25039708614,"dmean2":1.98239588737,"dvar":4.87263584137,"dvar2":11.6266384125,"max":159.541000366,"mean":2.04248833656,"median":0.757186293602,"min":-1.7952246666,"var":61.3694534302},"barkbands_skewness":{"dmean":0.399596989155,"dmean2":0.605010271072,"dvar":0.164598047733,"dvar2":0.346320062876,"max":10.8898468018,"mean":0.24213218689,"median":0.113817684352,"min":-3.54276561737,"var":1.46553587914},"barkbands_spread":{"dmean":4.11659765244,"dmean2":6.19503259659,"dvar":23.0419197083,"dvar2":48.5561065674,"max":79.6017150879,"mean":18.5688800812,"median":16.7473182678,"min":1.1204123497,"var":100.228469849},"dissonance":{"dmean":0.0171746127307,"dmean2":0.0293360706419,"dvar":0.000310219504172,"dvar2":0.000864347268362,"max":0.499999910593,"mean":0.470889121294,"median":0.477266311646,"min":0.253154397011,"var":0.000635665084701},"dynamic_complexity":3.79574584961,"erbbands":{"dmean":[0.00767138926312,0.0547074563801,0.107374161482,0.268825381994,0.674911022186,1.09327721596,1.75180542469,1.70892465115,2.96794033051,7.28852367401,7.53737926483,9.61683940887,17.3827648163,25.6542034149,37.4868278503,36.5360794067,22.9836502075,36.7800598145,67.3622741699,43.29845047,22.1773662567,18.4791965485,23.8206310272,13.4447469711,9.1393737793,6.84994792938,3.12033200264,2.10866355896,2.01612830162,1.39272391796,0.766204714775,0.40688124299,0.187584772706,0.07632791996,0.0329789631069,0.00990421976894,0.00143277726602,0.0000301465788652,0.00000345192756868,0.00000505940306539],"dmean2":[0.0117986975238,0.0863727703691,0.177024051547,0.438570261002,1.12240290642,1.67257535458,2.6506421566,2.77858352661,4.64941596985,11.69830513,11.9399137497,15.4872093201,28.0626983643,41.1216773987,59.2845077515,56.4841880798,36.438659668,57.3274993896,108.420303345,68.866569519,35.2224197388,27.8407764435,36.5800819397,20.3356342316,13.4167814255,10.3266906738,4.8992524147,3.235424757,3.04785561562,2.08667755127,1.11191594601,0.594247221947,0.272025257349,0.114487543702,0.049828056246,0.0151504119858,0.00225757271983,0.0000465029042971,0.00000500323540109,0.0000075648758866],"dvar":[0.0002940154518,0.0104980524629,0.0274799503386,0.214611679316,1.35246908665,5.67002820969,14.4873065948,10.4631280899,31.3339004517,281.592803955,289.445343018,389.377227783,1111.06787109,2798.796875,7824.61767578,6615.40283203,2270.52661133,6741.75341797,25075.7363281,8829.91503906,3298.97509766,1458.97363281,1540.27075195,493.353637695,242.032394409,155.57371521,24.9442863464,24.3175563812,31.4070186615,51.0252571106,9.57332229614,3.48276305199,0.562387764454,0.0299805719405,0.00338048813865,0.000224382689339,0.00000460997853224,2.02163530361e-9,1.82275201877e-11,3.43324847718e-11],"dvar2":[0.000690979184583,0.0253190211952,0.0673212632537,0.524663448334,3.5213367939,11.9769287109,31.705821991,25.9111022949,70.5756072998,716.517028809,696.15234375,965.008728027,2858.45898438,7263.41601563,20166.4179688,16508.0332031,5743.51904297,16346.7324219,68830.3671875,22557.1972656,8100.67626953,3226.11352539,3622.08740234,1065.52148438,496.248046875,345.35144043,59.126373291,59.0717353821,55.8736915588,108.310653687,19.7775325775,8.10013580322,1.33392000198,0.0681111365557,0.00770436180755,0.000501771923155,0.0000108092926894,4.60908955446e-9,4.04807194709e-11,7.85880180376e-11],"max":[0.197763219476,1.43523168564,2.45628190041,7.55813837051,13.7613077164,72.616859436,100.675918579,95.5329971313,229.466659546,446.791503906,366.045257568,629.275024414,539.361999512,988.017211914,1529.18054199,1936.03881836,1058.25976563,2171.04345703,2631.62915039,2726.74487305,1467.46008301,705.562683105,816.038085938,615.862731934,337.079040527,407.335449219,163.225021362,220.82333374,306.796081543,295.499938965,102.30316925,77.1363449097,36.0202178955,4.95910549164,1.50043296814,0.180969431996,0.0312616974115,0.000656179152429,0.0000958760429057,0.0000808637487353],"mean":[0.0109632732347,0.0880297124386,0.244372665882,0.547183871269,1.03995263577,1.84264743328,3.52540636063,2.96506857872,5.21647977829,11.0487880707,12.8708953857,16.5125045776,29.8924827576,46.7257881165,69.9579925537,74.9514770508,44.8263168335,68.1948394775,134.478652954,95.8173370361,46.3336791992,41.5658416748,57.852848053,32.6165809631,21.7885417938,15.3410253525,6.75496101379,4.57859325409,4.38351011276,2.63640427589,1.42301988602,0.770721852779,0.370072245598,0.154564961791,0.0689548701048,0.0200223699212,0.00263520656154,0.0000640599319013,0.0000147535847645,0.0000228803146456],"median":[0.00241225771606,0.0394444540143,0.127269551158,0.368546634912,0.554189801216,0.806022465229,1.22586500645,1.41890406609,2.7261288166,4.4489941597,5.23912000656,7.36730575562,12.3703613281,13.3619699478,18.6259784698,20.9175415039,14.5094566345,23.1462001801,27.2365837097,19.3507575989,14.895781517,15.9446630478,31.455783844,22.230682373,11.2666950226,8.70844459534,4.67586326599,3.09478569031,2.71244573593,1.46732759476,0.862929224968,0.456440240145,0.226074904203,0.112081445754,0.0511886179447,0.0151368351653,0.00191132968757,0.0000484486081405,0.00001497829453,0.000023267002689],"min":[6.46585360234e-23,1.08167335049e-21,1.717667805e-21,6.516527654e-21,8.98230257293e-21,3.31180337488e-20,4.13610274933e-20,1.28245836601e-19,1.57267106501e-19,1.77676857537e-19,2.80156896937e-19,3.2954710168e-19,4.15681780757e-19,6.64661697569e-19,1.11791557271e-18,1.42627154787e-18,1.29948647346e-18,2.21614569441e-18,2.04248822379e-18,2.11633125746e-18,2.71469323986e-18,3.86407248833e-18,5.06233459548e-18,6.22336819839e-18,5.90726278166e-18,7.93641830155e-18,7.68742122074e-18,8.68963407808e-18,8.66571532349e-18,9.21772024321e-18,1.01824295588e-17,1.0609058713e-17,9.51632499972e-18,7.98923047493e-18,6.66158863458e-18,4.38029522911e-18,2.40972043341e-18,9.8882007945e-19,2.54209662838e-19,2.65240116306e-20],"var":[0.000442668271717,0.0159184616059,0.0932313129306,0.411757200956,1.98384308815,12.7792024612,54.4877433777,28.8451824188,87.9298095703,493.924804688,670.963378906,813.795593262,2224.51342773,6719.63623047,20316.8886719,21702.3359375,5776.890625,14352.2958984,65734.2421875,30032.8671875,10471.7978516,5210.63964844,5802.578125,1573.98132324,863.787353516,402.477661133,52.381893158,39.6289367676,69.1883239746,73.0663375854,14.2004337311,4.53581380844,0.713920295238,0.0455436892807,0.00598670635372,0.000423921592301,0.0000082119840954,3.83527343217e-9,8.99466889859e-11,2.5514618196e-10]},"erbbands_crest":{"dmean":2.81515479088,"dmean2":4.6191740036,"dvar":7.05640745163,"dvar2":18.8517341614,"max":30.3803062439,"mean":10.4386196136,"median":9.60626316071,"min":2.23539328575,"var":21.6336116791},"erbbands_flatness_db":{"dmean":0.0177136603743,"dmean2":0.0251150950789,"dvar":0.000324350374285,"dvar2":0.000599534658249,"max":0.380670875311,"mean":0.213432282209,"median":0.221121683717,"min":0.0238008983433,"var":0.003144107759},"erbbands_kurtosis":{"dmean":1.11081779003,"dmean2":1.78583753109,"dvar":2.23093366623,"dvar2":5.52720212936,"max":25.0870742798,"mean":1.22883343697,"median":0.575500547886,"min":-1.65637338161,"var":6.17354440689},"erbbands_skewness":{"dmean":0.320863187313,"dmean2":0.481168657541,"dvar":0.0959141626954,"dvar2":0.214799761772,"max":3.76861071587,"mean":0.112156920135,"median":0.156190544367,"min":-3.45769619942,"var":0.680340409279},"erbbands_spread":{"dmean":5.14182662964,"dmean2":7.87387514114,"dvar":39.2132225037,"dvar2":85.6720657349,"max":127.238807678,"mean":22.8535308838,"median":18.7320594788,"min":2.96274065971,"var":200.47215271},"gfcc":{"cov":[[26851.9863281,465.656402588,-4965.29492188,554.536804199,-1297.25048828,269.291168213,-813.021911621,217.018600464,-467.555603027,-98.0196762085,-289.221008301,-138.957229614,-170.470840454],[465.656402588,1126.16040039,216.354797363,67.3961410522,84.6280670166,-17.3243122101,73.7480163574,-60.1081352234,47.5187301636,-82.1920013428,77.0141296387,-68.2166519165,31.867811203],[-4965.29492188,216.354797363,1872.32873535,91.9954910278,3.50996732712,12.6546907425,44.1302680969,59.3264694214,-6.53601026535,207.057495117,-41.0501480103,144.88420105,-52.6933326721],[554.536804199,67.3961410522,91.9954910278,327.915557861,44.911441803,-17.53632164,-75.1728973389,32.4315719604,68.8452453613,11.3876180649,-34.2936706543,-13.6745071411,31.8626747131],[-1297.25048828,84.6280670166,3.50996732712,44.911441803,436.758300781,51.3466300964,98.1184082031,-14.1300287247,120.111358643,-67.5627441406,44.7710380554,-47.1374549866,62.915145874],[269.291168213,-17.3243122101,12.6546907425,-17.53632164,51.3466300964,277.104980469,119.638557434,-16.1415576935,-32.4341201782,42.1942520142,9.07852077484,10.0151901245,-8.06532096863],[-813.021911621,73.7480163574,44.1302680969,-75.1728973389,98.1184082031,119.638557434,261.138885498,-4.90631532669,-5.06625175476,-22.5126571655,84.873260498,-10.4554643631,-5.917719841],[217.018600464,-60.1081352234,59.3264694214,32.4315719604,-14.1300287247,-16.1415576935,-4.90631532669,133.126144409,12.4238767624,44.3572311401,-23.6536235809,20.347536087,-26.6340961456],[-467.555603027,47.5187301636,-6.53601026535,68.8452453613,120.111358643,-32.4341201782,-5.06625175476,12.4238767624,156.5912323,-7.37499141693,6.89577245712,-35.9593887329,54.1975097656],[-98.0196762085,-82.1920013428,207.057495117,11.3876180649,-67.5627441406,42.1942520142,-22.5126571655,44.3572311401,-7.37499141693,142.933547974,-9.3200044632,53.3799171448,-28.8606719971],[-289.221008301,77.0141296387,-41.0501480103,-34.2936706543,44.7710380554,9.07852077484,84.873260498,-23.6536235809,6.89577245712,-9.3200044632,122.524398804,4.98271179199,3.15199041367],[-138.957229614,-68.2166519165,144.88420105,-13.6745071411,-47.1374549866,10.0151901245,-10.4554643631,20.347536087,-35.9593887329,53.3799171448,4.98271179199,109.030479431,6.79929971695],[-170.470840454,31.867811203,-52.6933326721,31.8626747131,62.915145874,-8.06532096863,-5.917719841,-26.6340961456,54.1975097656,-28.8606719971,3.15199041367,6.79929971695,103.447135925]],"icov":[[0.000703735044226,-0.001245489344,0.00236297794618,-0.00169313920196,0.00142036401667,-0.00165094365366,0.00147891847882,-0.00162029184867,0.00130619923584,-0.000784928910434,0.000920101243537,-0.00132029678207,0.00109880359378],[-0.001245489344,0.00332711660303,-0.00447706319392,0.00276909675449,-0.00234896456823,0.00282914913259,-0.00259180390276,0.00298603344709,-0.00235732854344,0.00213200366125,-0.00251102470793,0.00314295454882,-0.00224130251445],[0.00236297794618,-0.00447706319392,0.00879448093474,-0.00595869449899,0.00444818614051,-0.00497557269409,0.00421316549182,-0.00494250003248,0.00434295739979,-0.00400318903849,0.00410836515948,-0.00558128906414,0.0043128891848],[-0.00169313920196,0.00276909675449,-0.00595869449899,0.00806292984635,-0.00355630973354,0.00325385620818,-0.00192589545622,0.00263415998779,-0.00424349261448,0.00213143974543,-0.00224114139564,0.00387183763087,-0.00354553479701],[0.00142036401667,-0.00234896456823,0.00444818614051,-0.00355630973354,0.00671558780596,-0.004514019005,0.00250482349657,-0.00364647991955,-0.0000867798225954,0.000722976808902,0.000878748367541,-0.00229801307432,0.00156502332538],[-0.00165094365366,0.00282914913259,-0.00497557269409,0.00325385620818,-0.004514019005,0.0102257076651,-0.00738325016573,0.00583899347112,-0.00100741465576,-0.00239641778171,0.000528026197571,0.00299243000336,-0.00285873678513],[0.00147891847882,-0.00259180390276,0.00421316549182,-0.00192589545622,0.00250482349657,-0.00738325016573,0.0115664126351,-0.00593421328813,0.00278686149977,0.00145536439959,-0.00357940909453,-0.00136333797127,0.00215420289896],[-0.00162029184867,0.00298603344709,-0.00494250003248,0.00263415998779,-0.00364647991955,0.00583899347112,-0.00593421328813,0.0145563585684,-0.00501814344898,-0.00128317065537,0.00134431873448,0.000128391795442,0.00138407910708],[0.00130619923584,-0.00235732854344,0.00434295739979,-0.00424349261448,-0.0000867798225954,-0.00100741465576,0.00278686149977,-0.00501814344898,0.0154048036784,-0.00540492730215,0.000751857704017,0.0031225848943,-0.00456730462611],[-0.000784928910434,0.00213200366125,-0.00400318903849,0.00213143974543,0.000722976808902,-0.00239641778171,0.00145536439959,-0.00128317065537,-0.00540492730215,0.0158813092858,-0.00371099612676,-0.00268283346668,0.00203229440376],[0.000920101243537,-0.00251102470793,0.00410836515948,-0.00224114139564,0.000878748367541,0.000528026197571,-0.00357940909453,0.00134431873448,0.000751857704017,-0.00371099612676,0.014845404774,-0.00521361920983,0.00318195484579],[-0.00132029678207,0.00314295454882,-0.00558128906414,0.00387183763087,-0.00229801307432,0.00299243000336,-0.00136333797127,0.000128391795442,0.0031225848943,-0.00268283346668,-0.00521361920983,0.0190820917487,-0.00907327979803],[0.00109880359378,-0.00224130251445,0.0043128891848,-0.00354553479701,0.00156502332538,-0.00285873678513,0.00215420289896,0.00138407910708,-0.00456730462611,0.00203229440376,0.00318195484579,-0.00907327979803,0.0182210337371]],"mean":[-51.3941268921,85.1062698364,-170.7837677,30.6603870392,-63.1077842712,17.5571098328,-34.9196929932,6.59456920624,-22.4399719238,-2.45700526237,-11.4514493942,-5.31586265564,-5.5530705452]},"hfc":{"dmean":6.26491069794,"dmean2":9.2054309845,"dvar":60.1093139648,"dvar2":131.974624634,"max":118.13646698,"mean":26.3047351837,"median":25.4710960388,"min":1.09558212631e-16,"var":446.754821777},"melbands":{"dmean":[0.0000693160982337,0.0000574921396037,0.000054837200878,0.000061989245296,0.0000585646885156,0.00003914025001,0.0000502123111801,0.00007912437286,0.0000599723425694,0.000071678427048,0.0000892019597813,0.000102271689684,0.000147992221173,0.00011150327191,0.000069236222771,0.0000619076527073,0.0000722305994714,0.000111039320473,0.000080422287283,0.0000470134000352,0.0000262428748101,0.0000199099431484,0.0000235774859902,0.0000242456935666,0.000010912439393,0.00000683657162881,0.00000756757526688,0.00000415681279264,0.00000226187535191,0.0000014468351992,0.00000125045608002,0.0000012320889482,0.0000010913040569,7.34894967991e-7,4.9061509344e-7,3.33191962909e-7,2.31942635764e-7,1.56277991437e-7,8.0626037402e-8,6.33046184362e-8],"dmean2":[0.000105258681288,0.0000931031172513,0.0000908556758077,0.0000981724151643,0.0000879581129993,0.0000630640715826,0.0000788790057413,0.000126951636048,0.0000948398883338,0.000115692891995,0.000143817422213,0.000163885895745,0.000236033840338,0.000173911132151,0.000107466599729,0.0000985625738394,0.000112693211122,0.000178490881808,0.000128727071569,0.0000757899833843,0.0000417350383941,0.0000303993965645,0.0000362580103683,0.0000375373929273,0.0000166862610058,0.0000103018264781,0.0000112608586278,0.00000644214014756,0.00000364212041859,0.00000225319854508,0.00000196575797418,0.00000191177036868,0.00000164623349974,0.00000112468489988,7.31917452867e-7,4.93863410611e-7,3.47474269802e-7,2.29653451811e-7,1.20949721349e-7,9.71980753661e-8],"dvar":[1.99723171335e-8,7.84154075006e-9,9.02444785567e-9,1.36626452374e-8,1.38191751375e-8,5.45436140698e-9,8.9699589978e-9,3.17207096145e-8,1.83407866672e-8,2.01366905372e-8,2.80000271857e-8,4.46512409269e-8,1.64361935617e-7,6.85990571014e-8,2.45339446536e-8,1.8495468268e-8,2.82409011731e-8,6.6682638078e-8,2.29928414086e-8,1.38819409301e-8,4.74046579768e-9,1.97587168849e-9,2.46205456023e-9,1.5183669877e-9,3.63391011726e-10,1.43343364956e-10,2.15826925776e-10,6.25491047845e-11,1.26445798276e-11,9.32732970721e-12,1.08643814431e-11,1.00535118425e-11,2.05688278909e-11,1.51860329867e-11,3.96928713856e-12,1.74680723445e-12,1.25918177794e-12,4.47555133145e-13,3.92871160409e-14,1.84315860101e-14],"dvar2":[4.61882017078e-8,1.91736866384e-8,2.25539515952e-8,3.23884172815e-8,2.91453154944e-8,1.35303439563e-8,2.09345074609e-8,8.18342584807e-8,4.32881748225e-8,5.0723610201e-8,7.15928791806e-8,1.14335300339e-7,4.35979529811e-7,1.71859682041e-7,5.70057530069e-8,4.6788876773e-8,6.79921328128e-8,1.80844452302e-7,5.85032928768e-8,3.47957112012e-8,1.18028244955e-8,4.49926806922e-9,5.64174840179e-9,3.56251295131e-9,7.92588106258e-10,3.18090886964e-10,4.41690573005e-10,1.47662174155e-10,3.03714935146e-11,2.36273431375e-11,2.70875613606e-11,1.90635389419e-11,4.69151419102e-11,3.24730832502e-11,8.5275016215e-12,4.03583286582e-12,2.96512380621e-12,1.09405605235e-12,8.53150083674e-14,4.37399648565e-14],"max":[0.00183594133705,0.00131653656717,0.00164309330285,0.00260788970627,0.00327714555897,0.00235390453599,0.00326179456897,0.00453500216827,0.00314552779309,0.00357954786159,0.00259326864034,0.00417837593704,0.0071694185026,0.00546656642109,0.00296897673979,0.00281497859396,0.00454664230347,0.00431486032903,0.00322548649274,0.00194428523537,0.0020625947509,0.000861002365127,0.00104106869549,0.000721912831068,0.000550997850951,0.000208022946026,0.000635430333205,0.0001528270368,0.0000790356934885,0.000134378191433,0.000161941308761,0.000156489142682,0.000188388657989,0.000159494346008,0.0000685406994307,0.00005232854528,0.0000462870521005,0.0000331513838319,0.00000605788909525,0.00000441308702648],"mean":[0.000103767881228,0.000126300583361,0.000107095773274,0.00009977955051,0.000117274357763,0.000069726833317,0.0000859936626512,0.000121833458252,0.000101591795101,0.000116149523819,0.000149649888044,0.000179167138413,0.000249807431828,0.000225315103307,0.00012499341392,0.000104255064798,0.000119846423331,0.000205837524845,0.000171800042153,0.0000845458198455,0.0000488032419526,0.0000396418436139,0.0000510742902406,0.0000536816696695,0.0000230793975788,0.0000145548638102,0.0000165074943652,0.0000083383420133,0.00000432797060057,0.00000296768075714,0.00000249515323958,0.00000257828833128,0.0000020220963961,0.00000125214603486,8.53902179188e-7,6.01503359121e-7,4.19535041374e-7,2.9075403063e-7,1.54966485866e-7,1.2024210605e-7],"median":[0.0000353467803507,0.0000767583551351,0.0000764811047702,0.0000514613893756,0.0000441511510871,0.0000332467534463,0.0000438824135927,0.0000479649606859,0.0000385671373806,0.0000460604533146,0.0000568381547055,0.0000426365477324,0.0000466048004455,0.0000528944692633,0.0000333694806613,0.0000263008023467,0.000033367996366,0.000034891301766,0.0000289891468128,0.0000177370347956,0.0000153924775077,0.0000130495654957,0.0000184663167602,0.0000299626899505,0.0000134983965836,0.0000072156412898,0.00000745198258301,0.00000402490877605,0.00000270256941803,0.00000199806754608,0.00000155910186095,0.00000151666063175,0.00000116086596336,6.33010813544e-7,4.94911603255e-7,3.78437391646e-7,2.27400477115e-7,1.66923513234e-7,1.0307981313e-7,8.52733279544e-8],"min":[1.28567830497e-24,1.43457520919e-24,1.53112369816e-24,1.12467090675e-24,1.66814873879e-24,2.9117895336e-24,2.91821618617e-24,1.78892472389e-24,2.50628939033e-24,1.68341773326e-24,1.96040691303e-24,2.17000173353e-24,2.95032144451e-24,2.84824856262e-24,3.65601451943e-24,2.94429001124e-24,3.55068344478e-24,2.60433079857e-24,4.08859112997e-24,3.10813464632e-24,2.89198380006e-24,4.00244988571e-24,3.69457640706e-24,4.31048153096e-24,3.95161490011e-24,3.98474350826e-24,4.05773404681e-24,4.87759126915e-24,4.30804631735e-24,4.30828928651e-24,4.50907253069e-24,4.20465189622e-24,4.99063227585e-24,4.33526714618e-24,4.98225772848e-24,5.75952001181e-24,5.66623642091e-24,6.42893041547e-24,6.12708343971e-24,5.97314236165e-24],"var":[3.13917922767e-8,1.98621954439e-8,1.54364698801e-8,2.47557299105e-8,5.1542794921e-8,1.57592570105e-8,2.23674678779e-8,5.69267832873e-8,4.3578605613e-8,4.06094819994e-8,5.68274813872e-8,1.0462283484e-7,3.91343121464e-7,2.36651771957e-7,6.19416198333e-8,3.876017729e-8,5.60541373318e-8,1.70906048425e-7,8.12177489706e-8,3.2299531938e-8,1.39225928564e-8,5.51224887957e-9,8.34423907747e-9,4.68708361012e-9,1.01658559348e-9,4.49010106873e-10,6.16885542648e-10,1.38139222283e-10,2.5492987929e-11,1.44908451558e-11,1.52522543206e-11,2.14794189379e-11,3.07071520989e-11,2.05169232298e-11,5.51497823104e-12,2.23932569536e-12,1.60728613578e-12,5.24778950763e-13,6.44909337521e-14,2.58681693687e-14]},"melbands_crest":{"dmean":2.86590695381,"dmean2":4.69028234482,"dvar":7.07866239548,"dvar2":17.8776912689,"max":38.3278007507,"mean":11.0673685074,"median":9.89676094055,"min":1.69187450409,"var":26.9383964539},"melbands_flatness_db":{"dmean":0.0172679480165,"dmean2":0.0253820121288,"dvar":0.00034846062772,"dvar2":0.000674337148666,"max":0.535268187523,"mean":0.149035364389,"median":0.140312448144,"min":0.00330091244541,"var":0.00398832187057},"melbands_kurtosis":{"dmean":2.05746245384,"dmean2":3.20590257645,"dvar":22.277048111,"dvar2":55.8847007751,"max":304.204345703,"mean":4.28037500381,"median":1.19656550884,"min":-1.81473445892,"var":266.919952393},"melbands_skewness":{"dmean":0.453454047441,"dmean2":0.689921915531,"dvar":0.232200533152,"dvar2":0.50482660532,"max":12.5886859894,"mean":0.836794137955,"median":0.542641997337,"min":-2.16323423386,"var":2.09944248199},"melbands_spread":{"dmean":7.67894172668,"dmean2":11.4455251694,"dvar":84.9484634399,"dvar2":167.765823364,"max":182.005752563,"mean":34.3063011169,"median":30.0976848602,"min":0.717756092548,"var":477.360107422},"mfcc":{"cov":[[9342.53125,136.230438232,-1916.85339355,-133.885528564,-217.534561157,-88.5313491821,-115.038261414,111.952270508,-153.489151001,78.2111206055,23.8966903687,-205.053787231,-192.627258301],[136.230438232,996.727294922,173.837554932,74.0130462646,37.2183189392,41.1986465454,70.39894104,30.1770324707,-4.20936012268,-23.6715316772,12.5323619843,30.7088050842,24.4072208405],[-1916.85339355,173.837554932,1270.81481934,167.598709106,-30.1878089905,35.9538421631,-4.21561002731,-81.9675369263,30.8481941223,-56.8448028564,-3.85020923615,151.843338013,107.259346008],[-133.885528564,74.0130462646,167.598709106,318.851287842,142.459655762,-62.8220787048,-80.5266036987,-1.03985369205,47.8127212524,16.5298347473,-28.8429374695,24.1203594208,47.158203125],[-217.534561157,37.2183189392,-30.1878089905,142.459655762,296.431976318,43.2592887878,-59.8458938599,9.71629428864,78.7005767822,42.1741142273,-30.9719600677,-1.87591135502,-0.742290973663],[-88.5313491821,41.1986465454,35.9538421631,-62.8220787048,43.2592887878,239.148971558,110.345581055,22.0674934387,31.403585434,14.5342206955,15.7770261765,8.34868621826,-9.96247959137],[-115.038261414,70.39894104,-4.21561002731,-80.5266036987,-59.8458938599,110.345581055,227.10647583,76.0118026733,-35.6553268433,9.97971916199,54.7317657471,5.06556272507,-0.133236438036],[111.952270508,30.1770324707,-81.9675369263,-1.03985369205,9.71629428864,22.0674934387,76.0118026733,104.289398193,19.0885467529,8.93921375275,17.4503574371,-5.5328707695,5.13155221939],[-153.489151001,-4.20936012268,30.8481941223,47.8127212524,78.7005767822,31.403585434,-35.6553268433,19.0885467529,129.873336792,35.6528587341,-31.8617420197,-6.08073234558,9.93653392792],[78.2111206055,-23.6715316772,-56.8448028564,16.5298347473,42.1741142273,14.5342206955,9.97971916199,8.93921375275,35.6528587341,116.303329468,36.7285766602,-21.3444194794,-20.0665302277],[23.8966903687,12.5323619843,-3.85020923615,-28.8429374695,-30.9719600677,15.7770261765,54.7317657471,17.4503574371,-31.8617420197,36.7285766602,114.137695313,23.9517402649,-8.49053573608],[-205.053787231,30.7088050842,151.843338013,24.1203594208,-1.87591135502,8.34868621826,5.06556272507,-5.5328707695,-6.08073234558,-21.3444194794,23.9517402649,86.373336792,39.1735496521],[-192.627258301,24.4072208405,107.259346008,47.158203125,-0.742290973663,-9.96247959137,-0.133236438036,5.13155221939,9.93653392792,-20.0665302277,-8.49053573608,39.1735496521,82.1326675415]],"icov":[[0.000192236097064,-0.0000936688884394,0.000323113403283,-0.000231958925724,0.00039391030441,-0.000272975565167,0.000407444371376,-0.000269000302069,0.000264773727395,-0.000188352016266,0.0000939836827456,-0.000157445683726,0.000184587624972],[-0.0000936688884394,0.00113738386426,-0.000273901008768,-0.000156844675075,-0.000358946621418,0.000101631114376,-0.000605372304562,0.0000182574203791,-0.0000777951645432,0.000432979344623,-0.00015995267313,0.0000835062965052,-0.0000441336123913],[0.000323113403283,-0.000273901008768,0.00182832137216,-0.00119294051547,0.00122164259665,-0.000681467645336,0.0000898456419236,0.00104104657657,-0.000361909333151,0.0000187838631973,0.000250063865678,-0.00195620115846,0.00000722065715308],[-0.000231958925724,-0.000156844675075,-0.00119294051547,0.00608255201951,-0.00323057477362,0.00209610373713,0.000437345675891,-0.000878213788383,-0.0000160486179084,-0.000841020897496,0.000318855920341,0.000388763466617,-0.00250730104744],[0.00039391030441,-0.000358946621418,0.00122164259665,-0.00323057477362,0.0069326441735,-0.00294224801473,0.00264533865266,-0.00145701190922,-0.000592093041632,-0.00177324912511,0.00127541145775,-0.0015573106939,0.00160413782578],[-0.000272975565167,0.000101631114376,-0.000681467645336,0.00209610373713,-0.00294224801473,0.00803946238011,-0.00563150970265,0.00294428062625,-0.00349833560176,0.00104394531809,-0.00022709176119,-0.0006537232548,0.000738102942705],[0.000407444371376,-0.000605372304562,0.0000898456419236,0.000437345675891,0.00264533865266,-0.00563150970265,0.0125280050561,-0.00887751206756,0.00529833324254,-0.00240186718293,-0.0010316693224,0.000717006623745,-0.000993609428406],[-0.000269000302069,0.0000182574203791,0.00104104657657,-0.000878213788383,-0.00145701190922,0.00294428062625,-0.00887751206756,0.0181115139276,-0.00646238867193,0.00300801126286,-0.00247669918463,0.000737829308491,-0.00138482486364],[0.000264773727395,-0.0000777951645432,-0.000361909333151,-0.0000160486179084,-0.000592093041632,-0.00349833560176,0.00529833324254,-0.00646238867193,0.0145543040708,-0.00585982529446,0.00455342698842,-0.0000726847865735,-0.0015784772113],[-0.000188352016266,0.000432979344623,0.0000187838631973,-0.000841020897496,-0.00177324912511,0.00104394531809,-0.00240186718293,0.00300801126286,-0.00585982529446,0.0145654156804,-0.00732841109857,0.00447845505551,0.00118064542767],[0.0000939836827456,-0.00015995267313,0.000250063865678,0.000318855920341,0.00127541145775,-0.00022709176119,-0.0010316693224,-0.00247669918463,0.00455342698842,-0.00732841109857,0.0154450116679,-0.00725464569405,0.00261079100892],[-0.000157445683726,0.0000835062965052,-0.00195620115846,0.000388763466617,-0.0015573106939,-0.0006537232548,0.000717006623745,0.000737829308491,-0.0000726847865735,0.00447845505551,-0.00725464569405,0.0212795957923,-0.0079973321408],[0.000184587624972,-0.0000441336123913,0.00000722065715308,-0.00250730104744,0.00160413782578,0.000738102942705,-0.000993609428406,-0.00138482486364,-0.0015784772113,0.00118064542767,0.00261079100892,-0.0079973321408,0.0188042595983]],"mean":[-659.3359375,102.248291016,-41.3578681946,10.9735412598,-7.64905548096,5.37653017044,-1.89538753033,4.97531366348,-3.00314640999,1.34388387203,-0.842860877514,-3.3928091526,-2.68460345268]},"pitch_salience":{"dmean":0.0612666755915,"dmean2":0.0998335629702,"dvar":0.00282582687214,"dvar2":0.00737544847652,"max":0.932416260242,"mean":0.620677173138,"median":0.631853044033,"min":0.0470631755888,"var":0.0108486842364},"silence_rate_20dB":{"dmean":0,"dmean2":0,"dvar":0,"dvar2":0,"max":1,"mean":1,"median":1,"min":1,"var":0},"silence_rate_30dB":{"dmean":0,"dmean2":0,"dvar":0,"dvar2":0,"max":1,"mean":1,"median":1,"min":1,"var":0},"silence_rate_60dB":{"dmean":0.0493514724076,"dmean2":0.0987185537815,"dvar":0.0469188243151,"dvar2":0.100683219731,"max":1,"mean":0.127471134067,"median":0,"min":0,"var":0.111215032637},"spectral_centroid":{"dmean":216.671203613,"dmean2":320.013702393,"dvar":65665.359375,"dvar2":116857.9375,"max":11635.1054688,"mean":2006.5020752,"median":1962.47119141,"min":158.19984436,"var":1481096.125},"spectral_complexity":{"dmean":3.51977229118,"dmean2":5.15234947205,"dvar":14.478351593,"dvar2":27.8503494263,"max":51,"mean":19.4001274109,"median":20,"min":0,"var":83.2507476807},"spectral_contrast_coeffs":{"dmean":[0.0474176369607,0.0440372563899,0.040149666369,0.0334336683154,0.0260725561529,0.0180838909],"dmean2":[0.0774325802922,0.0719396546483,0.0640093460679,0.051890861243,0.0396872088313,0.0287779644132],"dvar":[0.00158749951515,0.00131572701503,0.00107572658453,0.000781808630563,0.000514069804922,0.000252992962487],"dvar2":[0.00397980306298,0.00346900615841,0.00258496636525,0.00170410936698,0.00107476382982,0.00059481424978],"max":[-0.357672989368,-0.471626400948,-0.495050758123,-0.495983213186,-0.507155656815,-0.581127405167],"mean":[-0.670753121376,-0.760253071785,-0.735994338989,-0.730417490005,-0.751412808895,-0.736726522446],"median":[-0.67074239254,-0.765285849571,-0.740938663483,-0.730076014996,-0.7472666502,-0.734805583954],"min":[-0.97728818655,-0.982180356979,-0.975746750832,-0.973523318768,-0.966131687164,-0.965391337872],"var":[0.00703375926241,0.00475642411038,0.00753954565153,0.00778139708564,0.00514110503718,0.00240264600143]},"spectral_contrast_valleys":{"dmean":[0.426354050636,0.349320858717,0.327656328678,0.300552278757,0.27420270443,0.266863912344],"dmean2":[0.680747270584,0.556275784969,0.514017879963,0.457795113325,0.395620435476,0.366470754147],"dvar":[0.153059870005,0.106626041234,0.104115605354,0.105991370976,0.0982580184937,0.115685194731],"dvar2":[0.315505087376,0.226725161076,0.216225266457,0.197093501687,0.16748021543,0.201220721006],"max":[-6.47815084457,-5.36589097977,-4.98056983948,-5.29847383499,-5.92997169495,-8.12420654297],"mean":[-8.64439678192,-7.45191860199,-7.58710336685,-7.87647151947,-7.881919384,-10.8106651306],"median":[-8.25829029083,-7.06881141663,-7.17587900162,-7.4748878479,-7.43362522125,-10.3593902588],"min":[-27.9387187958,-27.7519111633,-27.7010250092,-27.8537120819,-27.5044498444,-27.4069004059],"var":[5.91684627533,6.54650783539,6.64285850525,6.64804029465,6.64747333527,4.93387079239]},"spectral_decrease":{"dmean":8.79974815238e-10,"dmean2":1.33198974073e-9,"dvar":1.02785669711e-18,"dvar2":2.41143373125e-18,"max":1.92631151926e-28,"mean":-3.90865873001e-9,"median":-3.92275456562e-9,"min":-1.4521154057e-8,"var":7.39057174149e-18},"spectral_energy":{"dmean":0.00383120682091,"dmean2":0.00577607983723,"dvar":0.0000196212258743,"dvar2":0.0000455886947748,"max":0.0615692920983,"mean":0.0171381160617,"median":0.0173007063568,"min":1.00492185447e-20,"var":0.000145057885675},"spectral_energyband_high":{"dmean":0.000181930139661,"dmean2":0.000262451794697,"dvar":1.86590966678e-7,"dvar2":3.47430386682e-7,"max":0.0167320985347,"mean":0.000450449530035,"median":0.000311731011607,"min":6.8306014279e-21,"var":4.11895229036e-7},"spectral_energyband_low":{"dmean":0.000327764486428,"dmean2":0.000486229895614,"dvar":2.6290859978e-7,"dvar2":5.70864870042e-7,"max":0.00729935988784,"mean":0.00074139481876,"median":0.000510410522111,"min":1.40619441957e-23,"var":6.04541355642e-7},"spectral_energyband_middle_high":{"dmean":0.00339368521236,"dmean2":0.00510590756312,"dvar":0.0000190870559891,"dvar2":0.0000441842748842,"max":0.0591434724629,"mean":0.0127901351079,"median":0.0110612446442,"min":1.01666616319e-21,"var":0.000137118229759},"spectral_energyband_middle_low":{"dmean":0.00128829560708,"dmean2":0.00202485523187,"dvar":0.00000262260959971,"dvar2":0.00000664087974656,"max":0.0245807170868,"mean":0.00340424454771,"median":0.00253616645932,"min":1.84574014289e-22,"var":0.00000859576539369},"spectral_entropy":{"dmean":0.126248449087,"dmean2":0.175792083144,"dvar":0.0175394825637,"dvar2":0.0319308824837,"max":9.82188606262,"mean":7.55801010132,"median":7.52983760834,"min":5.44303750992,"var":0.215102657676},"spectral_flux":{"dmean":0.017386669293,"dmean2":0.0271310135722,"dvar":0.000313449942041,"dvar2":0.000720096984878,"max":0.225866302848,"mean":0.0717135071754,"median":0.0716975331306,"min":6.32076682661e-11,"var":0.00146014883649},"spectral_kurtosis":{"dmean":1.95319950581,"dmean2":3.38263058662,"dvar":5.8405251503,"dvar2":18.1207962036,"max":62.2375030518,"mean":5.23646354675,"median":4.33509159088,"min":-1.24930870533,"var":21.8436927795},"spectral_rms":{"dmean":0.000455783534562,"dmean2":0.000666396284942,"dvar":2.32801710354e-7,"dvar2":4.71973464755e-7,"max":0.00775032909587,"mean":0.00375067698769,"median":0.00410837400705,"min":3.13115245537e-12,"var":0.00000265250650955},"spectral_rolloff":{"dmean":352.865783691,"dmean2":573.010986328,"dvar":355658.09375,"dvar2":679815.8125,"max":19466.015625,"mean":2335.07885742,"median":2002.58789063,"min":21.533203125,"var":4853604},"spectral_skewness":{"dmean":0.224627450109,"dmean2":0.376535028219,"dvar":0.0509007424116,"dvar2":0.14069698751,"max":6.40953826904,"mean":1.45954442024,"median":1.41972029209,"min":-0.169808849692,"var":0.300669759512},"spectral_spread":{"dmean":372043.53125,"dmean2":553417.5625,"dvar":572690726912,"dvar2":1237200928770,"max":44258856,"mean":3954632.5,"median":3185657.25,"min":1332864.5,"var":20364895715300},"spectral_strongpeak":{"dmean":1.08697783947,"dmean2":1.79434859753,"dvar":1.92254364491,"dvar2":4.81251430511,"max":15.9910888672,"mean":2.41302204132,"median":1.72226274014,"min":0,"var":5.77585172653},"zerocrossingrate":{"dmean":0.00742168957368,"dmean2":0.00859555788338,"dvar":0.000119730706501,"dvar2":0.000151935179019,"max":0.5361328125,"mean":0.082728266716,"median":0.0771484375,"min":0.00390625,"var":0.00322009832598}},"metadata":{"audio_properties":{"analysis_sample_rate":44100,"bit_rate":128023,"codec":"mp3","downmix":"mix","equal_loudness":0,"length":146.782043457,"lossless":false,"md5_encoded":"18bc4ca6773cdcf1bd98185d4a9b55c7","replay_gain":-13.6790714264,"sample_rate":44100},"tags":{"acoustid_fingerprint":["AQADtFGUhFqyaApy_GDyHEyroznKB3lyJGewf0ZvNEqVdHgWHZeS4_CxD_lJaMkVRUO-XbBiVExRKy1-EymkHDmlxLjS49ouuMf-4ChJNBmJcFOSw8enyJLwmNC4HLFz9NhURuiMhyVC8TyavdBzD3yGHk3HQY8aFu-RRZcWNMuOp6cw0sFnhPkzQkP-HF8T9Elkoe8U4fhw53hVJMv0oaT04tipEJUk5rBzJJePHz_OHZ862DvOUULOR4VG5DmmCz9uregoZcV1PBcuNM8j9OGPX3jQTNSRaxC9HbGkHP51nPCYo5t4XDqaOscvnEcaXtCZIReLo4mPT5lEXE_RH031IbwiQ5925LnQR0TPZmjzBS9-5LkgHmca3Ih_hJEyonIOnVIahGqyB94TY1VlPD4qS8SzMMG-LaiOxJKCWDD-wJ6SRXh2nKiOUyI6LZ-GMD4SB_1xZ7iOByfxLAf8CpUkIv-gkUeaEyWP_rCzEsm05Qh349Uu4MOP80ByWT5S_6hxBk9yBc-PSrygZYnyBHuJO3ivonkShE-2DMml48Q5hvCY41WLX0UPTwqPfIdYIdKF_mhW-ngo40cz8eiTOEVyCaHSD82zMMHx68PRRH0QnoSudIiexElwHZmcQk-UIxbuUcET4smHa1lThE8ioukNHTn-g38y_OizwBElWGISEqG2Hjpz5GqCRzxCJ1kgaUf8VOgeSvgP3gkuJceDhpHko4-O03g3PMqOPxuuHD_6XMQXEZuo7Ah5JDVx9BeuLCHhXHiyGJUuItfOIFmcnKiJJ7gzc0j1DEmdY1aOH-0yGdH2GvoReldxRsPjcfg15PmgUQ_yo5V23Cj_oHmWcsh1_FBO9IpyiEmkwRkjESH7BMdF1AlT-HGLWHYhy0esT6iVpXhO8Cf6C9SjBwyt-HiUHefx5sWTg7EJy5GR5DtC-TiePPgzoXlCBX2GmjhjVNFxadIz9Bea3ceVnAi509CSE3HCH21MBh7Do79wXOTRL4e3En-QRssJNUfuT_BzHAlP5AaOwz9-_MMfpPuhlcmPm_gH7VqC5hxOHo-PV1fgX9AV4UmFvI9EBM2YJUS_4D2aF12WHuqLsIwK7-h7_EVZOjAvDuWPficaR4pwhNmhTnpg5RbE0PlwHlrGXAnyKsX8-OjzoCkeEY5wNmjkHX0kPApvXElsHN2J9BM0K0M-PMc_NM_QRc5xJtvQY_usI2d4iD8iacdTDuePOisS9RX65dAjnC_x8Jg6ww8incSj42ImBqEl5UT6gjo1MAyXIX8cNHkmaJsWbUF2lXhBjcVHXEfJHE0eJM81hG-Hpj5OHC1fONJ15DqSiyycBwz54dcmNEySD-WJM1PQI8xF4ZmOr0b8Jvh0eB34D9ePWpnBZBlT5FOeQhciJdeD7kIsRkmDhnsOjRdy7fiVwcxV4Q9xJ7jQhop0bGmi44t0IfERSj-O4yeaMdxROcdTXNoko47koHl89Ed6EzW-GlUmZhIcvYT5HPqRHr10XFlC8MSV0GiSPEePPSGuC82mI2x8aNKPTdcR3yF8PWCPVsXR64gvqHHEBWF-XPnQMOZQ8jjCKzq0nAvin2CUnGiIK6hFpCd0HXmOG5dOTGlaJfgwZ5nRb0d-6