{"lowlevel":{"average_loudness":0.92773103714,"barkbands":{"dmean":[0.0000616759207333,0.00105029041879,0.0013834068086,0.000787518918514,0.00152154674288,0.000690941815265,0.00140351557638,0.00102685741149,0.00157440884504,0.000394070229959,0.000161923162523,0.000298679631669,0.000408876512665,0.000259034481132,0.000267011637334,0.000262055487838,0.000168290920556,0.000056562897953,0.0000777663153713,0.0000837976913317,0.0000345498556271,0.0000313661403197,0.0000261025415966,0.000032502826798,0.0000236065225181,0.00000819168872113,6.01222950536e-7],"dmean2":[0.0000947207518038,0.00158107641619,0.0021778002847,0.00128430267796,0.00245487061329,0.00106144836172,0.00208467780612,0.00154243165161,0.00235723378137,0.000629525515251,0.000253128615441,0.000433617125964,0.000612722011283,0.000403960177209,0.000411675166106,0.0003956630826,0.000256621948211,0.0000820955610834,0.000117956056783,0.000122555255075,0.0000520322100783,0.0000455603585579,0.0000425946600444,0.0000499764064443,0.0000343055107805,0.0000126191498566,9.20114587188e-7],"dvar":[2.03144860933e-8,0.00000194938593268,0.00000463375045001,0.00000141809528031,0.00000474762373415,0.00000105924266336,0.0000062448511926,0.00000665323932481,0.0000119043625091,8.89111731794e-7,1.76889173531e-7,5.69076803458e-7,9.80603545031e-7,5.74913769924e-7,2.98156322742e-7,1.60661045356e-7,6.95029598319e-8,3.39572281405e-8,1.83442363522e-8,2.30448993221e-8,1.03503596804e-8,3.19489390499e-9,2.50306664284e-9,5.91689577334e-8,1.01384038942e-8,2.19163354132e-10,1.09477509523e-12],"dvar2":[4.94700174158e-8,0.00000407196330343,0.0000101885161712,0.00000381123459192,0.0000127626381072,0.00000249583422374,0.000012928932847,0.0000138113400681,0.0000251457768172,0.00000193094024326,4.10808524975e-7,0.00000110003850295,0.00000200104273063,0.00000139800943089,6.82358177073e-7,3.58721479188e-7,1.47163817132e-7,5.71476661548e-8,3.92737291577e-8,4.60692639592e-8,1.80287074159e-8,6.51645759575e-9,6.39964703453e-9,1.16439643705e-7,1.78084231806e-8,5.14474352009e-10,2.63619096171e-12],"max":[0.00493654049933,0.0155078265816,0.0243737976998,0.0190738607198,0.031870316714,0.0161883868277,0.0716983303428,0.0780203938484,0.102452166378,0.0271284934133,0.0132620539516,0.0219762325287,0.0227067973465,0.0278173815459,0.0112460749224,0.00994056276977,0.00597298657522,0.00686049740762,0.00277401693165,0.00384143507108,0.00538097508252,0.00141958263703,0.000828211777844,0.0126194488257,0.00457263924181,0.00024386322184,0.00000781882863521],"mean":[0.000125544553157,0.00279592513107,0.00305538973771,0.00142332073301,0.00336111150682,0.00136888108682,0.00307492073625,0.00183951272629,0.0031456600409,0.000710446562152,0.000278923864244,0.000564922054764,0.000760976108722,0.000467363919597,0.000524444156326,0.000538615800906,0.000382242607884,0.000113182220957,0.000173181193531,0.000196951368707,0.0000582271677558,0.0000507025470142,0.000029767244996,0.0000372621980205,0.0000283856516035,0.00000833167086967,6.32341823348e-7],"median":[0.0000236143496295,0.00183510617353,0.00178472872358,0.00075193005614,0.00213245302439,0.000805417192169,0.00123379926663,0.000527473632246,0.00131471455097,0.000328507740051,0.00011051990441,0.000185340482858,0.00021068478236,0.000172964340891,0.000312921300065,0.000370041612769,0.000244505848968,0.0000389564447687,0.0000905113047338,0.0000845944159664,0.0000243717731792,0.0000236674604821,0.0000101970981632,0.00000725679410607,0.0000043316990741,0.0000011276360965,1.44742244856e-7],"min":[5.99515946952e-25,8.99379923612e-25,1.18266460784e-24,1.98261610853e-24,4.30245920999e-24,4.46003614796e-24,9.6470920282e-24,6.85798042334e-24,1.64280046854e-23,1.43028812488e-23,1.53983881651e-23,2.69148580799e-23,1.75490659619e-23,2.61027573324e-23,4.99355705654e-23,6.36665024144e-23,6.48681710758e-23,8.50730256276e-23,1.47682713175e-22,1.1904012034e-22,2.43666284656e-22,2.78527878215e-22,4.05238225665e-22,6.0436433814e-22,8.9203563174e-22,1.1405298966e-21,1.97703497127e-21],"var":[5.71961713547e-8,0.00000798642668087,0.0000132937630042,0.00000344824229614,0.0000148669314513,0.00000306907099912,0.0000269727497653,0.0000174044253072,0.0000397195544792,0.00000219947082769,4.34674404914e-7,0.00000170507053099,0.00000261213995145,9.86245822787e-7,6.53718473131e-7,3.58438740022e-7,2.13081648326e-7,1.09316985686e-7,6.07360135518e-8,9.07794301952e-8,3.17518598081e-8,7.17801640349e-9,2.94042168392e-9,7.20309358826e-8,1.66579710026e-8,3.07542435962e-10,1.13034863587e-12]},"barkbands_crest":{"dmean":2.03358101845,"dmean2":3.2591278553,"dvar":3.39039611816,"dvar2":8.24304580688,"max":21.6432418823,"mean":8.75809574127,"median":8.03194904327,"min":2.58484554291,"var":10.4461860657},"barkbands_flatness_db":{"dmean":0.0206136200577,"dmean2":0.0291937328875,"dvar":0.000398281379603,"dvar2":0.000773069215938,"max":0.396458268166,"mean":0.138463973999,"median":0.137206822634,"min":0.0211031921208,"var":0.00181415071711},"barkbands_kurtosis":{"dmean":1.45939302444,"dmean2":2.25445103645,"dvar":3.72004580498,"dvar2":9.08647346497,"max":42.934009552,"mean":2.38055229187,"median":1.58840727806,"min":-1.70266568661,"var":11.0813179016},"barkbands_skewness":{"dmean":0.359684258699,"dmean2":0.540965437889,"dvar":0.1179061234,"dvar2":0.256198525429,"max":5.25181102753,"mean":1.2336101532,"median":1.2454675436,"min":-2.22538208961,"var":0.820683598518},"barkbands_spread":{"dmean":3.96662998199,"dmean2":6.06033658981,"dvar":20.3852291107,"dvar2":43.3051338196,"max":109.992355347,"mean":18.2195835114,"median":16.9244613647,"min":0.920593202114,"var":81.984336853},"dissonance":{"dmean":0.0184510461986,"dmean2":0.0306849125773,"dvar":0.000296531274216,"dvar2":0.000775902415626,"max":0.499991565943,"mean":0.459258764982,"median":0.465887904167,"min":0.212233558297,"var":0.000820168294013},"dynamic_complexity":3.32141494751,"erbbands":{"dmean":[0.031816765666,0.252966731787,1.2874802351,2.18601536751,3.5001013279,6.22102022171,5.12848138809,6.43460083008,17.1994514465,21.3554725647,25.8864173889,33.306892395,14.82625103,9.80759048462,8.10457038879,10.6750278473,16.0302238464,13.4699239731,9.61477947235,15.571814537,16.2409687042,8.41065788269,3.99622988701,1.65776109695,5.53340244293,3.77556705475,1.5331851244,1.33289945126,1.13402223587,1.12999379635,0.574135601521,0.732653737068,0.503317654133,0.279448956251,0.162419617176,0.0504395775497,0.0126763107255,0.00176519120578,0.0000991864944808,0.00000806554817245],"dmean2":[0.0495411865413,0.378395557404,2.01321268082,3.50950312614,5.7340054512,10.0431022644,7.87409639359,9.85720348358,25.3352985382,32.2532501221,38.6856307983,49.4102058411,22.8241596222,15.6296949387,12.5512332916,14.9545640945,23.4701862335,21.1416816711,15.1681938171,23.2025260925,24.2341346741,12.5237169266,5.75426292419,2.40045690536,8.21448993683,5.42396020889,2.24113464355,1.97569525242,1.64436149597,1.86821877956,0.894434034824,1.15464818478,0.752864658833,0.407606422901,0.246538072824,0.0776131898165,0.0197489969432,0.00271061505191,0.000150201754877,0.0000115158736662],"dvar":[0.00251081865281,0.112510569394,3.84476661682,11.1122503281,33.0992698669,106.805496216,85.4254226685,116.15083313,1360.19750977,1587.13232422,3072.85546875,5534.1328125,1284.99816895,385.99307251,461.718353271,769.01953125,1684.98022461,1303.56628418,428.976501465,963.832763672,560.953369141,139.100692749,132.418899536,8.19305419922,94.6966171265,53.4971199036,24.5595817566,9.33633518219,4.16983652115,5.12364625931,1.21697151661,14.925989151,25.6940498352,1.69245588779,0.604902565479,0.0115112960339,0.000522587564774,0.0000093831531558,2.80004748276e-8,8.4511189713e-11],"dvar2":[0.00624816631898,0.224787846208,8.21523571014,27.3748092651,92.0780410767,291.325317383,204.857513428,263.355865479,2681.92993164,3756.39111328,6544.55517578,11204.5253906,2748.12207031,971.663330078,1017.45373535,1386.8638916,3186.28662109,3136.92138672,1060.22119141,2027.36645508,1256.3873291,292.918487549,239.801147461,15.859588623,201.134109497,101.685707092,37.9350852966,18.0387916565,8.35084724426,13.4566631317,2.91011929512,34.0737953186,56.7912139893,2.88647556305,1.32938802242,0.0248674340546,0.00125998083968,0.0000227813870879,6.69425119781e-8,1.65368441163e-10],"max":[0.610193371773,3.30056810379,20.3165855408,69.6109619141,84.7404556274,193.649963379,212.586685181,203.618041992,1244.0657959,705.029541016,1182.1751709,2196.74121094,898.724243164,382.938903809,876.562255859,811.049255371,1183.41320801,1133.96972656,617.834350586,760.712524414,555.940612793,292.339630127,418.389068604,85.7991867065,195.515838623,251.811584473,306.441009521,129.547058105,53.6719093323,33.2441062927,26.5428256989,211.694793701,274.372009277,62.4782295227,32.4583778381,2.85740089417,0.36523643136,0.028074875474,0.00136167684104,0.000225068666623],"mean":[0.0732585191727,0.681579351425,3.10040950775,4.55165243149,6.8450756073,12.9818964005,11.1685037613,13.4571485519,38.8798217773,43.3042297363,50.0277633667,66.6887741089,30.7350101471,19.4119167328,15.6536140442,22.537027359,32.0930900574,27.080745697,21.0782203674,31.0396270752,34.3412780762,20.6915016174,9.04563140869,4.27608394623,13.0189495087,9.04706573486,2.90852594376,2.33583831787,1.93214833736,1.27505850792,0.736036837101,0.810292780399,0.565011739731,0.341112434864,0.188187628984,0.0541185475886,0.0121918004006,0.0017189005157,0.000119890464703,0.000032591913623],"median":[0.0295235794038,0.497333794832,1.85025143623,2.9664440155,3.90241718292,6.49791526794,5.74665403366,7.40057754517,14.1517753601,19.7207717896,17.7397651672,28.2950801849,16.3528518677,10.3488674164,7.25145339966,7.25533151627,9.6047077179,9.4625377655,12.1999979019,18.441116333,23.8523445129,14.8813047409,4.28428268433,2.40766954422,6.67361831665,3.88648748398,1.30128383636,0.95595240593,0.890616178513,0.428771615028,0.274443984032,0.161767736077,0.110835909843,0.0576960742474,0.0252140425146,0.00808540638536,0.00157644785941,0.000260448723566,0.0000431071821367,0.00003004757491],"min":[5.84840207441e-23,1.59491594895e-22,1.64570682775e-21,1.04914031276e-20,1.16679673826e-20,1.30819664007e-20,2.14114376778e-20,3.27931779502e-20,9.39888300787e-20,1.75629559672e-19,1.60626597161e-19,3.58954303034e-19,4.60805206954e-19,6.18568919091e-19,7.81545523448e-19,1.12492096532e-18,9.12596419979e-19,2.03148568767e-18,2.63442776912e-18,2.65326329205e-18,4.01838013647e-18,4.68843406935e-18,4.91972204043e-18,6.36267823484e-18,7.77802065887e-18,6.25336879843e-18,9.81678181361e-18,9.99559510099e-18,9.37478777946e-18,1.08145783537e-17,1.09285291005e-17,1.09787009134e-17,9.56061969434e-18,9.01662271013e-18,6.47710006102e-18,4.29345574045e-18,1.9698065517e-18,9.65998786735e-19,2.52011197715e-19,2.56812292931e-20],"var":[0.00800232682377,0.430946886539,11.9634380341,28.9733219147,73.0226135254,317.694152832,289.190155029,383.229278564,6591.88085938,4320.52001953,8441.61425781,18811.6953125,3630.08496094,982.017822266,1139.38623047,2598.08569336,4830.91113281,2567.98413086,892.630249023,2374.60229492,1279.38696289,436.725616455,404.296051025,34.5883598328,332.145507812,212.062744141,88.5229415894,26.956659317,9.72138118744,5.47254657745,1.83080255985,16.1237659454,26.5711803436,2.8171043396,0.726854205132,0.0189845152199,0.00059456389863,0.0000097859010566,3.07308347658e-8,4.94236207516e-10]},"erbbands_crest":{"dmean":2.20725846291,"dmean2":3.59367394447,"dvar":4.14680194855,"dvar2":10.2939329147,"max":25.0259227753,"mean":8.4870300293,"median":7.70613861084,"min":2.63787126541,"var":12.6632423401},"erbbands_flatness_db":{"dmean":0.0211635101587,"dmean2":0.029090192169,"dvar":0.000438158720499,"dvar2":0.000863170891535,"max":0.33141630888,"mean":0.173564404249,"median":0.177886515856,"min":0.0318584404886,"var":0.00177998642903},"erbbands_kurtosis":{"dmean":0.529956817627,"dmean2":0.844841778278,"dvar":0.39936208725,"dvar2":0.974824786186,"max":11.4599285126,"mean":-0.167580112815,"median":-0.425910353661,"min":-1.79204750061,"var":1.25113582611},"erbbands_skewness":{"dmean":0.303846597672,"dmean2":0.473051130772,"dvar":0.0676765665412,"dvar2":0.157680213451,"max":2.72653436661,"mean":0.28485801816,"median":0.277281343937,"min":-1.93577027321,"var":0.300037950277},"erbbands_spread":{"dmean":5.83949613571,"dmean2":8.86973667145,"dvar":39.2834968567,"dvar2":88.8430175781,"max":105.973518372,"mean":32.7953414917,"median":31.6836204529,"min":4.92660808563,"var":139.483184814},"gfcc":{"cov":[[40387.3203125,3628.07958984,-3600.36450195,922.483032227,-1760.29272461,192.445022583,-1231.91674805,358.157623291,-519.387817383,167.13180542,-490.870452881,-254.295623779,-321.231933594],[3628.07958984,1509.80969238,-475.755554199,87.4804458618,178.021514893,-123.094482422,91.7894821167,-17.2308940887,76.0590057373,-93.7533035278,73.5512237549,-141.336471558,13.3780956268],[-3600.36450195,-475.755554199,955.100952148,124.315177917,249.349273682,115.835426331,66.5276870728,57.7442092896,59.4805145264,50.1389274597,26.1107578278,116.114227295,38.8607025146],[922.483032227,87.4804458618,124.315177917,320.789215088,80.303894043,22.0283946991,-9.93235874176,68.7964706421,46.4351730347,6.98175048828,-27.4176959991,16.0842857361,29.2653713226],[-1760.29272461,178.021514893,249.349273682,80.303894043,343.244140625,16.301492691,160.319442749,36.8999137878,99.8876113892,-11.0705327988,29.9642314911,-7.72152996063,32.8619346619],[192.445022583,-123.094482422,115.835426331,22.0283946991,16.301492691,177.680953979,48.2116279602,52.304233551,16.0288486481,45.2876586914,-15.3113861084,30.9716777802,-7.17571401596],[-1231.91674805,91.7894821167,66.5276870728,-9.93235874176,160.319442749,48.2116279602,227.5809021,22.8335018158,69.3196182251,-13.1278467178,29.3490753174,-18.5029735565,3.00174355507],[358.157623291,-17.2308940887,57.7442092896,68.7964706421,36.8999137878,52.304233551,22.8335018158,111.528038025,43.6037864685,27.4693546295,-18.9701843262,10.6815423965,14.5446987152],[-519.387817383,76.0590057373,59.4805145264,46.4351730347,99.8876113892,16.0288486481,69.3196182251,43.6037864685,123.929977417,17.7253322601,-2.0071310997,2.89282274246,26.982843399],[167.13180542,-93.7533035278,50.1389274597,6.98175048828,-11.0705327988,45.2876586914,-13.1278467178,27.4693546295,17.7253322601,91.6013717651,12.7248678207,10.0210065842,-16.8977432251],[-490.870452881,73.5512237549,26.1107578278,-27.4176959991,29.9642314911,-15.3113861084,29.3490753174,-18.9701843262,-2.0071310997,12.7248678207,114.839202881,-13.6885557175,-7.5416302681],[-254.295623779,-141.336471558,116.114227295,16.0842857361,-7.72152996063,30.9716777802,-18.5029735565,10.6815423965,2.89282274246,10.0210065842,-13.6885557175,92.9621734619,35.5922660828],[-321.231933594,13.3780956268,38.8607025146,29.2653713226,32.8619346619,-7.17571401596,3.00174355507,14.5446987152,26.982843399,-16.8977432251,-7.5416302681,35.5922660828,82.9473114014]],"icov":[[0.00031287226011,-0.0010001740884,0.000644583662506,-0.000938892189879,0.00113659503404,-0.00096159405075,0.000817119784188,-0.00109966786113,0.00106781034265,-0.000894367985893,0.000878912280314,-0.000758696580306,0.000907932524569],[-0.0010001740884,0.00445932149887,-0.00118933164049,0.00252612843178,-0.00469424854964,0.0030083223246,-0.0022468320094,0.00362415518612,-0.00394915230572,0.00377395190299,-0.00376805732958,0.00314636644907,-0.0030000586994],[0.000644583662506,-0.00118933164049,0.00375613290817,-0.00251262099482,-0.0000370114466932,-0.00271408772096,0.00243096309714,-0.00217058532871,0.00216644117609,-0.00163710617926,0.000704830570612,-0.00335546745919,0.00235302303918],[-0.000938892189879,0.00252612843178,-0.00251262099482,0.00709808338434,-0.00400013523176,0.00280738808215,-0.00123372755479,0.00118805852253,-0.0036270939745,0.00285976799205,-0.00174865464214,0.00225594313815,-0.00307123991661],[0.00113659503404,-0.00469424854964,-0.0000370114466932,-0.00400013523176,0.0119713954628,-0.00238117575645,-0.00097311421996,-0.00404143473133,0.00191201653797,-0.003221323248,0.00343485595658,-0.00117266876623,0.0019198297523],[-0.00096159405075,0.0030083223246,-0.00271408772096,0.00280738808215,-0.00238117575645,0.0120757455006,-0.00581039022654,0.000484090065584,-0.00173462671228,-0.000944735656958,-0.000978220370598,0.0000153105647769,-0.00153840798885],[0.000817119784188,-0.0022468320094,0.00243096309714,-0.00123372755479,-0.00097311421996,-0.00581039022654,0.0112603669986,-0.00318378047086,-0.000495561107527,0.00117587833665,0.000139451120049,-0.00105847441591,0.00372450286523],[-0.00109966786113,0.00362415518612,-0.00217058532871,0.00118805852253,-0.00404143473133,0.000484090065584,-0.00318378047086,0.0177342072129,-0.00655861478299,0.000426507380325,-0.00143364432734,0.00374394096434,-0.00511336978525],[0.00106781034265,-0.00394915230572,0.00216644117609,-0.0036270939745,0.00191201653797,-0.00173462671228,-0.000495561107527,-0.00655861478299,0.0179634448141,-0.00791402626783,0.00489792320877,-0.00251132040285,-0.000635409029201],[-0.000894367985893,0.00377395190299,-0.00163710617926,0.00285976799205,-0.003221323248,-0.000944735656958,0.00117587833665,0.000426507380325,-0.00791402626783,0.0199394803494,-0.00674433307722,0.0013289070921,0.00221584993415],[0.000878912280314,-0.00376805732958,0.000704830570612,-0.00174865464214,0.00343485595658,-0.000978220370598,0.000139451120049,-0.00143364432734,0.00489792320877,-0.00674433307722,0.013813951984,-0.00122218753677,0.00191233528312],[-0.000758696580306,0.00314636644907,-0.00335546745919,0.00225594313815,-0.00117266876623,0.0000153105647769,-0.00105847441591,0.00374394096434,-0.00251132040285,0.0013289070921,-0.00122218753677,0.020322997123,-0.010565828532],[0.000907932524569,-0.0030000586994,0.00235302303918,-0.00307123991661,0.0019198297523,-0.00153840798885,0.00372450286523,-0.00511336978525,-0.000635409029201,0.00221584993415,0.00191233528312,-0.010565828532,0.0212709568441]],"mean":[-47.9883728027,114.613189697,-124.383361816,20.5657691956,-51.2438316345,3.11141037941,-37.4405975342,9.18939495087,-13.977391243,1.78664445877,-20.5572509766,-8.66966915131,-8.31210613251]},"hfc":{"dmean":4.05764722824,"dmean2":5.39697885513,"dvar":32.6365356445,"dvar2":54.5510635376,"max":190.652099609,"mean":16.1935958862,"median":12.9344120026,"min":1.04612731359e-16,"var":202.883758545},"melbands":{"dmean":[0.000275542464806,0.00054283515783,0.000387455016607,0.000357129058102,0.000192496998352,0.000143030265463,0.000263997586444,0.000234576058574,0.000247860269155,0.000197690009372,0.0000762825511629,0.0000443038152298,0.0000250897501246,0.000029352690035,0.0000431352564192,0.0000348269750248,0.0000259343978541,0.0000180582737812,0.0000193447740457,0.0000177940291906,0.0000191594317585,0.00000998064206215,0.00000649710818834,0.00000234155481849,0.00000125357587422,0.00000338593576998,0.00000457541500509,0.0000023003494789,0.00000109284871996,7.35542300845e-7,8.7554582251e-7,7.07714377768e-7,5.83652706609e-7,6.87499721153e-7,3.11101473471e-7,3.55095863824e-7,4.99713962654e-7,4.30536800877e-7,2.55331030985e-7,2.39026206827e-7],"dmean2":[0.000418544426793,0.00083543069195,0.000622021208983,0.000582187378313,0.00029891252052,0.000218961562496,0.000390809233068,0.000354839052306,0.000371331523638,0.000294626486721,0.000118460106023,0.0000710362073733,0.0000392659349018,0.0000440039948444,0.0000611434443272,0.000052442705055,0.0000408488922403,0.0000288937080768,0.0000296578418784,0.0000261725417658,0.0000288675255433,0.0000151994508997,0.00000978609295998,0.00000332545869242,0.00000190575303805,0.00000513872191732,0.00000684641463522,0.00000335986896971,0.00000163907327533,0.00000112138286568,0.00000131799947667,0.00000102861395135,9.14076849767e-7,0.00000117822889933,4.82713687688e-7,5.72406065658e-7,7.86583029821e-7,6.69724670388e-7,3.96222731069e-7,3.55684619535e-7],"dvar":[1.47422724694e-7,6.01291787916e-7,2.91715565481e-7,2.85528159338e-7,1.02001393998e-7,5.20426546302e-8,2.84147262164e-7,2.19855209593e-7,2.75476566003e-7,1.78619345093e-7,3.26198197342e-8,8.34835756081e-9,4.54408688455e-9,5.64112490054e-9,1.32286146481e-8,7.03766822596e-9,5.98925575801e-9,1.79870807138e-9,1.73329195441e-9,8.99350927064e-10,7.64759200411e-10,2.08429468129e-10,1.8636162058e-10,8.60326671015e-11,4.56854519493e-12,3.63593495589e-11,6.64711619081e-11,2.55432428681e-11,1.1972005852e-11,6.6724742051e-12,3.50559490291e-12,1.82656320624e-12,1.2206351381e-12,2.1748054746e-12,3.27506522336e-13,1.12028366184e-12,1.08009061764e-11,3.38714022108e-11,2.04579517389e-12,1.4568978619e-12],"dvar2":[3.33539901476e-7,0.00000126180464122,7.55088933602e-7,7.74562352035e-7,2.48421656579e-7,1.19152261391e-7,5.62858076592e-7,4.960582487e-7,5.86477597153e-7,3.69169868009e-7,7.01270934655e-8,2.09239932047e-8,1.00996819796e-8,1.25032517673e-8,2.44579929642e-8,1.42555620641e-8,1.45169209986e-8,4.39787228856e-9,3.70774255742e-9,1.83243165086e-9,1.72290737233e-9,4.57964333123e-10,3.47894851815e-10,1.4027756734e-10,1.05515613608e-11,7.36508284915e-11,1.45941855823e-10,4.62865648587e-11,2.16069332565e-11,1.16302080813e-11,7.34670397434e-12,3.64399352706e-12,2.9000220194e-12,5.93850836561e-12,7.61286487409e-13,3.02178030862e-12,2.43639605019e-11,8.31722676842e-11,5.03332922216e-12,2.88964056676e-12],"max":[0.00431337580085,0.00782125536352,0.00958504155278,0.00776879675686,0.00653802556917,0.00397472828627,0.0172960050404,0.0121474666521,0.0124166253954,0.0118174245581,0.00464770291001,0.00187390064821,0.002097067656,0.00234299339354,0.00293334131129,0.00190288748126,0.00269189896062,0.00113536196295,0.0011896310607,0.000731338281184,0.000597138598096,0.000380365381716,0.00053513905732,0.000447295344202,0.0000557847924938,0.000149420346133,0.000141260345117,0.00020611556829,0.000191908678971,0.000135028676596,0.0000535646940989,0.000042489326006,0.0000266938131972,0.0000188637204701,0.0000171852279891,0.0000431772095908,0.000176426663529,0.000297347170999,0.0000631178481854,0.0000540961191291],"mean":[0.000707594561391,0.00139886850957,0.000842591631226,0.000738631177228,0.000440000585513,0.000296963233268,0.000599014689215,0.000460877432488,0.000469762686407,0.000397066178266,0.000149817933561,0.0000832261648611,0.0000464607437607,0.0000545898401469,0.0000788212928455,0.0000657432392472,0.0000486003191327,0.0000337660203513,0.0000388052176277,0.0000373422190023,0.0000386839310522,0.0000221262107516,0.0000136271346491,0.00000465900529889,0.00000275777119896,0.00000763230127632,0.0000105031349449,0.0000049985219448,0.00000190160278635,0.00000110352561933,0.00000151150436523,0.00000122205688058,7.70430744979e-7,6.87071349148e-7,4.09458436934e-7,4.05794395419e-7,5.36198854206e-7,4.38361269062e-7,3.04029470044e-7,2.78353468275e-7],"median":[0.000441387237515,0.00108090089634,0.000605474924669,0.000447778380476,0.000228794349823,0.000167352816788,0.000238994747633,0.000188181205885,0.000160394862178,0.000171491148649,0.0000783400028013,0.0000427796294389,0.0000213393868762,0.0000198732086574,0.0000208542587643,0.0000183978791028,0.000016704259906,0.000017074176867,0.0000220149886445,0.0000244380789809,0.00002646793655,0.0000150551477418,0.00000687066403771,0.00000141423356581,0.00000153723203766,0.0000037776580939,0.00000496532811667,0.0000017873798015,7.83944130944e-7,3.50420322093e-7,5.84161625738e-7,5.48803825495e-7,2.87846518177e-7,2.09733912016e-7,1.61404457799e-7,1.13541744895e-7,8.75775540976e-8,7.57781606353e-8,6.24468441401e-8,3.97741359848e-8],"min":[6.55186995021e-25,4.56216602505e-25,1.94233785679e-24,8.57212843038e-25,6.37059513761e-25,6.83469482714e-25,1.67428607663e-24,2.26559293979e-24,1.28089090535e-24,2.53931682707e-24,1.94675133633e-24,2.11725297138e-24,2.42105040572e-24,2.90298564868e-24,2.31017679436e-24,1.91036433822e-24,3.24613659257e-24,3.66124900597e-24,3.59771414866e-24,3.80083005454e-24,3.86838021385e-24,3.53040340863e-24,4.33258423024e-24,4.17795960421e-24,4.02073213162e-24,5.12948915011e-24,5.01348754843e-24,3.68200590854e-24,5.24429838853e-24,5.24929700566e-24,4.91023472783e-24,5.32332726288e-24,4.41884340921e-24,5.17985713005e-24,5.2845393666e-24,6.3132202979e-24,6.10053274823e-24,5.54342339974e-24,6.51389034053e-24,6.66422671869e-24],"var":[5.7130210962e-7,0.00000191256162907,7.85878057741e-7,8.02478041351e-7,3.82289584877e-7,1.72895440187e-7,0.0000013468193174,5.98641634042e-7,8.18601108676e-7,6.0527787582e-7,9.15783502364e-8,1.96380689488e-8,1.12553086851e-8,1.35981617078e-8,3.73364628103e-8,1.88716491323e-8,1.01251771412e-8,3.27176752357e-9,4.36113634095e-9,2.39856157158e-9,1.68863711902e-9,5.61609980743e-10,5.4396076532e-10,2.85125395516e-10,1.36096758863e-11,1.32320876478e-10,2.28886298803e-10,9.5879491846e-11,3.90815747819e-11,2.03110514518e-11,9.14615865683e-12,4.19361030277e-12,1.94311732503e-12,1.84338069982e-12,5.24305696515e-13,1.08114754128e-12,1.14494464257e-11,2.87159081236e-11,2.33721332218e-12,2.02760551404e-12]},"melbands_crest":{"dmean":2.53194069862,"dmean2":4.04960441589,"dvar":5.45292186737,"dvar2":12.9794816971,"max":31.4264335632,"mean":11.9424085617,"median":11.3839254379,"min":1.00199627876,"var":20.0155334473},"melbands_flatness_db":{"dmean":0.0243675056845,"dmean2":0.0343252383173,"dvar":0.000589814677369,"dvar2":0.00111507042311,"max":0.552384257317,"mean":0.207663834095,"median":0.208995103836,"min":-7.67946346514e-7,"var":0.00390239083208},"melbands_kurtosis":{"dmean":3.10940003395,"dmean2":4.73856544495,"dvar":17.7835197449,"dvar2":44.0629196167,"max":88.3866043091,"mean":7.03097057343,"median":4.98535728455,"min":-1.65124583244,"var":52.3550224304},"melbands_skewness":{"dmean":0.464946329594,"dmean2":0.695955634117,"dvar":0.203786298633,"dvar2":0.448176860809,"max":7.1464343071,"mean":2.02909874916,"median":1.91189754009,"min":-1.02083301544,"var":1.09869658947},"melbands_spread":{"dmean":5.05018901825,"dmean2":7.6961312294,"dvar":54.4990081787,"dvar2":116.512886047,"max":177.595977783,"mean":23.2383060455,"median":18.4962291718,"min":0.790895104408,"var":484.67678833},"mfcc":{"cov":[[12785.5380859,2187.75219727,-230.616394043,366.63067627,-61.2371559143,-54.7511482239,-150.370132446,-100.870674133,-63.8581123352,173.343154907,-13.80448246,44.3630599976,109.71913147],[2187.75219727,1756.53149414,-310.456420898,239.873519897,100.768188477,23.8565120697,44.6383209229,59.1619377136,17.0053768158,147.276382446,-9.82042789459,-19.2679195404,95.7255477905],[-230.616394043,-310.456420898,473.874847412,57.7372550964,117.886421204,52.6377105713,1.80347037315,20.0224151611,36.0525131226,-28.2553462982,-14.5399284363,37.6181602478,7.03290319443],[366.63067627,239.873519897,57.7372550964,320.612182617,140.183990479,17.6798286438,-6.00635099411,47.8276863098,53.6742668152,66.0822067261,-29.8248176575,-10.6992340088,23.9826583862],[-61.2371559143,100.768188477,117.886421204,140.183990479,190.69241333,31.6325206757,7.97207307816,29.7603473663,49.889995575,42.931602478,-9.80055618286,9.30858802795,15.4537639618],[-54.7511482239,23.8565120697,52.6377105713,17.6798286438,31.6325206757,128.890045166,38.1474342346,38.946182251,49.3251419067,30.2268295288,19.0503463745,19.7947330475,8.50596427917],[-150.370132446,44.6383209229,1.80347037315,-6.00635099411,7.97207307816,38.1474342346,129.381546021,36.1032676697,-13.7804899216,35.1310272217,25.4208450317,19.0196895599,8.9839630127],[-100.870674133,59.1619377136,20.0224151611,47.8276863098,29.7603473663,38.946182251,36.1032676697,111.301338196,62.1754226685,32.9574432373,0.79319268465,-9.15347385406,12.9638357162],[-63.8581123352,17.0053768158,36.0525131226,53.6742668152,49.889995575,49.3251419067,-13.7804899216,62.1754226685,178.224121094,32.0183944702,-11.2910442352,5.70867872238,5.36615991592],[173.343154907,147.276382446,-28.2553462982,66.0822067261,42.931602478,30.2268295288,35.1310272217,32.9574432373,32.0183944702,151.519042969,34.0541229248,9.41131305695,18.4601421356],[-13.80448246,-9.82042789459,-14.5399284363,-29.8248176575,-9.80055618286,19.0503463745,25.4208450317,0.79319268465,-11.2910442352,34.0541229248,87.0665969849,16.5023422241,-7.64717578888],[44.3630599976,-19.2679195404,37.6181602478,-10.6992340088,9.30858802795,19.7947330475,19.0196895599,-9.15347385406,5.70867872238,9.41131305695,16.5023422241,79.7772598267,20.9966087341],[109.71913147,95.7255477905,7.03290319443,23.9826583862,15.4537639618,8.50596427917,8.9839630127,12.9638357162,5.36615991592,18.4601421356,-7.64717578888,20.9966087341,72.8681945801]],"icov":[[0.00011355773313,-0.000167106889421,-0.00011070263281,-0.000111034132715,0.000259439519141,0.0000175744480657,0.000174562810571,0.000123238176457,0.0000215541422222,-0.0000819709457573,-0.0000204558618861,-0.000128961139126,0.0000494390878885],[-0.000167106889421,0.00111332372762,0.000901068327948,-0.000300418265397,-0.000821886584163,-0.000253977108514,-0.000365898536984,-0.000255401566392,0.000154881738126,-0.000136456001201,0.000142514167237,0.000343066902133,-0.000965260202065],[-0.00011070263281,0.000901068327948,0.00358095532283,-0.00015837122919,-0.00253861467354,-0.00107243820094,0.0000134589872687,-0.000611841969658,0.000306368805468,0.00102635612711,0.000369877379853,-0.00103338365443,-0.000485751923406],[-0.000111034132715,-0.000300418265397,-0.00015837122919,0.00567864906043,-0.00345441908576,0.000305755558657,0.000711395288818,-0.00130536209326,0.0000523462731508,-0.00146287714597,0.00165471492801,0.000688337022439,-0.000108352636744],[0.000259439519141,-0.000821886584163,-0.00253861467354,-0.00345441908576,0.010375556536,-0.00020518853853,-0.000115638460557,0.000936417491175,-0.00121461157687,-0.0013022631174,0.0000496915854455,-0.000484053511173,0.000306231697323],[0.0000175744480657,-0.000253977108514,-0.00107243820094,0.000305755558657,-0.00020518853853,0.0108424630016,-0.00230579264462,-0.00136761670001,-0.0024911290966,-0.000394229107769,-0.00173901999369,-0.00123224966228,0.0000714057241566],[0.000174562810571,-0.000365898536984,0.0000134589872687,0.000711395288818,-0.000115638460557,-0.00230579264462,0.0113662648946,-0.00441404012963,0.00329468888231,-0.00172853970435,-0.000887991685886,-0.00271878321655,0.000545503338799],[0.000123238176457,-0.000255401566392,-0.000611841969658,-0.00130536209326,0.000936417491175,-0.00136761670001,-0.00441404012963,0.0150502994657,-0.00488115660846,-0.000538409105502,-0.000396265328163,0.00408082967624,-0.0022552786395],[0.0000215541422222,0.000154881738126,0.000306368805468,0.0000523462731508,-0.00121461157687,-0.0024911290966,0.00329468888231,-0.00488115660846,0.00887281633914,-0.0012728953734,0.00166981620714,-0.00181621662341,0.00109549111221],[-0.0000819709457573,-0.000136456001201,0.00102635612711,-0.00146287714597,-0.0013022631174,-0.000394229107769,-0.00172853970435,-0.000538409105502,-0.0012728953734,0.0100104631856,-0.00415268354118,0.000122045152239,-0.00159705034457],[-0.0000204558618861,0.000142514167237,0.000369877379853,0.00165471492801,0.0000496915854455,-0.00173901999369,-0.000887991685886,-0.000396265328163,0.00166981620714,-0.00415268354118,0.015439286828,-0.00293578021228,0.00303098349832],[-0.000128961139126,0.000343066902133,-0.00103338365443,0.000688337022439,-0.000484053511173,-0.00123224966228,-0.00271878321655,0.00408082967624,-0.00181621662341,0.000122045152239,-0.00293578021228,0.0169487949461,-0.00561660109088],[0.0000494390878885,-0.000965260202065,-0.000485751923406,-0.000108352636744,0.000306231697323,0.0000714057241566,0.000545503338799,-0.0022552786395,0.00109549111221,-0.00159705034457,0.00303098349832,-0.00561660109088,0.0175206512213]],"mean":[-671.324768066,145.565139771,-14.0400524139,17.7344856262,3.31303310394,-1.02124321461,-9.84084320068,-1.62412559986,6.34047174454,8.81717586517,-4.10432815552,-2.48836898804,4.17007827759]},"pitch_salience":{"dmean":0.0570413991809,"dmean2":0.0913328006864,"dvar":0.00228117452934,"dvar2":0.00573042780161,"max":0.9960744977,"mean":0.588371753693,"median":0.589356303215,"min":0.23616091907,"var":0.00815546885133},"silence_rate_20dB":{"dmean":0,"dmean2":0,"dvar":0,"dvar2":0,"max":1,"mean":1,"median":1,"min":1,"var":0},"silence_rate_30dB":{"dmean":0.00182581704576,"dmean2":0.00365230091847,"dvar":0.00182243820745,"dvar2":0.00400420371443,"max":1,"mean":0.997444331646,"median":1,"min":0,"var":0.00254923268221},"silence_rate_60dB":{"dmean":0.00912908557802,"dmean2":0.0182615052909,"dvar":0.00904612336308,"dvar2":0.0201197285205,"max":1,"mean":0.0841547995806,"median":0,"min":0,"var":0.0770723819733},"spectral_centroid":{"dmean":190.286422729,"dmean2":286.963165283,"dvar":60265.4882812,"dvar2":119548.046875,"max":11733.28125,"mean":1339.78540039,"median":1059.8170166,"min":154.700180054,"var":2307540.25},"spectral_complexity":{"dmean":2.54336309433,"dmean2":3.80569767952,"dvar":5.40467739105,"dvar2":10.9586296082,"max":45,"mean":18.2951812744,"median":19,"min":0,"var":65.0661239624},"spectral_contrast_coeffs":{"dmean":[0.0450061745942,0.0447363816202,0.0362925641239,0.0281911734492,0.0225112475455,0.0171659961343],"dmean2":[0.071603089571,0.0723695978522,0.0575366467237,0.0454739741981,0.0347021371126,0.0264801345766],"dvar":[0.00147755630314,0.00136412680149,0.000849717820529,0.000528614560608,0.00037122037611,0.000281949673081],"dvar2":[0.0035437559709,0.00346383731812,0.00209200405516,0.00130934384651,0.000801705697086,0.000623508181889],"max":[-0.302443176508,-0.330309450626,-0.448307603598,-0.550205767155,-0.598431348801,-0.637285351753],"mean":[-0.63268917799,-0.713645756245,-0.739082813263,-0.764142215252,-0.765707552433,-0.780795693398],"median":[-0.638382911682,-0.716784358025,-0.738361954689,-0.761802852154,-0.761141896248,-0.779193043709],"min":[-0.98482042551,-0.998227894306,-0.980205893517,-0.985067725182,-0.985648155212,-0.963933944702],"var":[0.0112539501861,0.00805969443172,0.00499360030517,0.0031877909787,0.00279492116533,0.00195971899666]},"spectral_contrast_valleys":{"dmean":[0.398481398821,0.344123065472,0.290532618761,0.229367792606,0.265302628279,0.461061954498],"dmean2":[0.614351630211,0.546068370342,0.4572930336,0.35435578227,0.364742875099,0.586636066437],"dvar":[0.150190532207,0.0984474644065,0.0716197937727,0.0523579604924,0.0790181308985,0.264789372683],"dvar2":[0.280796915293,0.206798493862,0.138009399176,0.0884236097336,0.125824764371,0.533495247364],"max":[-5.74811840057,-4.83991861343,-5.37445735931,-6.03465986252,-6.26028585434,-7.79533624649],"mean":[-7.89329195023,-7.10333299637,-7.91865682602,-8.07671737671,-8.40734672546,-11.1695404053],"median":[-7.04195022583,-6.40880966187,-7.30070400238,-7.48944091797,-7.81910896301,-10.806684494],"min":[-28.1796646118,-28.2181968689,-27.8794517517,-27.7107849121,-27.5162296295,-27.4140224457],"var":[10.6410675049,10.7921800613,9.7259311676,9.52859115601,9.25959777832,7.2383275032]},"spectral_decrease":{"dmean":1.43705991551e-9,"dmean2":2.02664307558e-9,"dvar":2.60974180451e-18,"dvar2":4.98215887383e-18,"max":1.30303983457e-18,"mean":-6.26511198476e-9,"median":-5.70886449225e-9,"min":-3.27961195978e-8,"var":1.91631360867e-17},"spectral_energy":{"dmean":0.00569530157372,"dmean2":0.00799847207963,"dvar":0.0000414896239818,"dvar2":0.0000782912102295,"max":0.132517844439,"mean":0.0251147542149,"median":0.0228252783418,"min":1.00210564376e-20,"var":0.000310000381432},"spectral_energyband_high":{"dmean":0.000165802601259,"dmean2":0.000240369743551,"dvar":1.85266472386e-7,"dvar2":3.1638234077e-7,"max":0.0203589126468,"mean":0.00027909615892,"median":0.000126309227198,"min":7.01237355972e-21,"var":4.10472722479e-7},"spectral_energyband_low":{"dmean":0.00237793242559,"dmean2":0.00354132778011,"dvar":0.00000960960460361,"dvar2":0.0000197394419956,"max":0.0471361763775,"mean":0.00674838619307,"median":0.00584940891713,"min":1.0945456104e-23,"var":0.00003632192238},"spectral_energyband_middle_high":{"dmean":0.00130571774207,"dmean2":0.0017711177934,"dvar":0.00000430763248005,"dvar2":0.00000757573616283,"max":0.0534057803452,"mean":0.00458924705163,"median":0.0031393058598,"min":1.13887523245e-21,"var":0.0000244995608227},"spectral_energyband_middle_low":{"dmean":0.00418967241421,"dmean2":0.00629345793277,"dvar":0.0000272405031865,"dvar2":0.0000591053321841,"max":0.109968148172,"mean":0.0143568767235,"median":0.0117808310315,"min":1.70138301486e-22,"var":0.000154234527145},"spectral_entropy":{"dmean":0.183065801859,"dmean2":0.254796862602,"dvar":0.0355100594461,"dvar2":0.0736487582326,"max":9.82374095917,"mean":7.40919923782,"median":7.33156204224,"min":5.57166433334,"var":0.262196779251},"spectral_flux":{"dmean":0.0166234076023,"dmean2":0.0258706472814,"dvar":0.000275163387414,"dvar2":0.000640327401925,"max":0.258486747742,"mean":0.0665993466973,"median":0.0638499706984,"min":6.36564828627e-11,"var":0.00116398185492},"spectral_kurtosis":{"dmean":2.36279129982,"dmean2":3.87721347809,"dvar":6.09638881683,"dvar2":16.9039058685,"max":41.9296569824,"mean":6.37312507629,"median":5.76514530182,"min":-1.25583922863,"var":13.9664030075},"spectral_rms":{"dmean":0.000550496566575,"dmean2":0.00076005019946,"dvar":3.00454644275e-7,"dvar2":5.31439752649e-7,"max":0.0113703869283,"mean":0.00456671323627,"median":0.00471895793453,"min":3.12676187025e-12,"var":0.0000036473934415},"spectral_rolloff":{"dmean":323.9190979,"dmean2":520.807128906,"dvar":358915.71875,"dvar2":681365.8125,"max":20025.8789062,"mean":1676.25012207,"median":990.52734375,"min":86.1328125,"var":8991295},"spectral_skewness":{"dmean":0.253756195307,"dmean2":0.407766610384,"dvar":0.0599916093051,"dvar2":0.156560629606,"max":4.79673051834,"mean":1.7726085186,"median":1.76112759113,"min":-0.0776205435395,"var":0.264098018408},"spectral_spread":{"dmean":684590.4375,"dmean2":970895.25,"dvar":970417766400,"dvar2":2088652505090,"max":43275728,"mean":4482118.5,"median":3278393.5,"min":1565865.75,"var":30813286563800},"spectral_strongpeak":{"dmean":0.46724191308,"dmean2":0.779148578644,"dvar":0.499983370304,"dvar2":1.23668849468,"max":12.0412378311,"mean":0.916349232197,"median":0.531340539455,"min":0,"var":1.04917097092},"zerocrossingrate":{"dmean":0.00780839892104,"dmean2":0.00931033585221,"dvar":0.0001192132695,"dvar2":0.000159991162946,"max":0.5224609375,"mean":0.0588837936521,"median":0.043212890625,"min":0.00439453125,"var":0.00594194885343}},"metadata":{"audio_properties":{"analysis_sample_rate":44100,"bit_rate":320066,"codec":"mp3","downmix":"mix","equal_loudness":0,"length":127.164085388,"lossless":false,"md5_encoded":"7fddf9f072667b808ecbe7976ec73227","replay_gain":-7.61080932617,"sample_rate":44100},"tags":{"album":["Surfin' Safari"],"albumartist":["The Beach Boys","The Beach Boys"],"artist":["The Beach Boys"],"asin":["B000002TRJ"],"barcode":["724358271027"],"bpm":["75"],"date":["1962"],"discnumber":["1/1"],"file_name":"copy1051968695874989711.mp3","genre":["Pop"],"initialkey":["A"],"isrc":["USCA20001587"],"mood":["relaxed, very content"],"musicbrainz_recordingid":["5694b6fe-8336-410d-8a55-8dac4c293325"],"musicip_puid":["c0431745-0371-7769-d322-26068f93a983"],"performer":["The Beach Boys"],"title":["Little Miss America"],"tracknumber":["5/12"]},"version":{"essentia":"2.1-beta2","essentia_build_sha":"cead25079874084f62182a551b7393616cd33d87","essentia_git_sha":"v2.1_beta2-1-ge3940c0","extractor":"music 1.0"}},"rhythm":{"beats_count":311,"beats_loudness":{"dmean":0.0157275106758,"dmean2":0.027313016355,"dvar":0.000180734336027,"dvar2":0.000520232541021,"max":0.0937035232782,"mean":0.0334951728582,"median":0.031757812947,"min":0,"var":0.000303499691654},"beats_loudness_band_ratio":{"dmean":[0.186436191201,0.116279773414,0.164166375995,0.0738627612591,0.0428405143321,0.0217914264649],"dmean2":[0.31572508812,0.197710976005,0.281244844198,0.130406677723,0.0733425393701,0.0401550196111],"dvar":[0.0241400618106,0.0122573468834,0.0201957914978,0.00660721026361,0.00248186732642,0.00702635105699],"dvar2":[0.0599485039711,0.0336773395538,0.0561439543962,0.0186150707304,0.00648775091395,0.0209942124784],"max":[0.900099933147,0.710907399654,0.755932986736,0.464679896832,0.36019051075,0.703015208244],"mean":[0.386584997177,0.178471967578,0.27428355813,0.0880686640739,0.0676639080048,0.0230070389807],"median":[0.380616188049,0.151245564222,0.233029231