{"lowlevel":{"average_loudness":0.950557053089,"barkbands":{"dmean":[0.000179839655175,0.00505390856415,0.00425764545798,0.00574097456411,0.00472962623462,0.00133164564613,0.000635412754491,0.000784800329711,0.000815020117443,0.000261688604951,0.000345422129612,0.000611586612649,0.000137493567308,0.000139368305099,0.000150991647388,0.00019383597828,0.000104564278445,0.000101658632047,0.0000742557895137,0.0000806747848401,0.0000729746534489,0.0000737742011552,0.0000631604925729,0.0000701457611285,0.0000574853038415,0.0000408119049098,0.0000170784569491],"dmean2":[0.000289149553282,0.00864558573812,0.00699834618717,0.00972424820065,0.00806983280927,0.00208506104536,0.00101798621472,0.00116398138925,0.0011780083878,0.000408388877986,0.00051341438666,0.000949536217377,0.000218853994738,0.000218837420107,0.000240069144638,0.000305803056108,0.00016439659521,0.000161205316545,0.000120798897115,0.000134827612783,0.000120902514027,0.00011765823001,0.0000946084473981,0.0000966563166003,0.000079319535871,0.0000540010551049,0.0000234893395827],"dvar":[2.82722936618e-7,0.000177553243702,0.0000472180181532,0.0000848748677527,0.0000633797535556,0.00000412438657804,0.00000182431836038,0.00000225223993766,0.00000276227592622,9.40793881909e-7,0.00000152426719069,0.00000253127723226,1.48924414134e-7,2.27382543017e-7,1.7728619639e-7,3.05788717014e-7,5.12452125179e-8,4.75326515925e-8,2.73034785891e-8,4.39589413759e-8,3.36104939436e-8,9.54280920951e-8,5.02086869858e-8,1.03879280289e-7,5.80185712806e-8,7.54621254373e-9,1.6236523237e-9],"dvar2":[6.72807061619e-7,0.000508006603923,0.000121055323689,0.000240270528593,0.000180761198862,0.00000947947228269,0.00000426395990871,0.00000554695770916,0.0000062578383222,0.00000233702166952,0.00000314554790748,0.00000616899296801,3.44866066371e-7,5.4919695458e-7,4.65269323513e-7,7.89620230535e-7,1.21745785009e-7,1.1137790068e-7,6.91148542842e-8,1.15949788437e-7,8.88325928372e-8,2.17570232053e-7,9.33342647613e-8,1.88842989246e-7,1.25988307786e-7,1.46482719288e-8,3.42254580232e-9],"max":[0.00505577540025,0.147547006607,0.100979231298,0.124946825206,0.113761730492,0.04071668908,0.0339929386973,0.0311971623451,0.0376825779676,0.0275467578322,0.0539972633123,0.0457456074655,0.0165987256914,0.0162946563214,0.0122853061184,0.0184301286936,0.00736707588658,0.00577817857265,0.00429886672646,0.00531872361898,0.00461585819721,0.0241486951709,0.0102869533002,0.0149732511491,0.00985476654023,0.00149773131125,0.000633970252238],"mean":[0.000170705941855,0.00649464549497,0.00616464205086,0.0084562478587,0.00855486653745,0.00276191229932,0.0011631277157,0.00149228714872,0.00169931305572,0.000448903156212,0.000682001758832,0.00109574769158,0.000251412478974,0.000242519759922,0.000278105057077,0.000371814676328,0.000216613261728,0.000210492071346,0.000140985022881,0.000133582754643,0.000131780951051,0.000125731647131,0.000125688296976,0.000132774512167,0.000107705607661,0.0000681398814777,0.0000242663754761],"median":[0.000010032685168,0.00268817925826,0.00403443491086,0.00557452393696,0.00666293641552,0.00166237261146,0.000519646855537,0.000680191675201,0.000577058584895,0.000128332845634,0.000138863906614,0.000223897601245,0.0000759877730161,0.0000744054123061,0.0000810076671769,0.0000899551232578,0.000074916111771,0.0000779208421591,0.0000690068118274,0.000053672130889,0.0000563049579796,0.0000461361451016,0.0000462046045868,0.000032523767004,0.0000230782661674,0.0000169233062479,0.00000421639151682],"min":[9.45965946598e-24,1.71120622639e-23,1.70422532014e-24,5.19852268347e-23,3.56839842082e-23,7.46675337691e-23,2.71577451971e-23,2.78283842517e-23,6.94868128364e-23,5.68340455856e-23,3.88151214468e-23,1.89791149041e-22,1.34896514836e-22,1.17874941228e-22,7.47248429362e-23,2.38602958848e-22,1.59301977977e-22,2.18297578173e-22,5.36456364141e-22,3.12633755649e-22,5.81761062447e-22,4.76005334507e-22,8.15076482285e-22,6.87717173678e-22,9.63315336087e-22,1.732384996e-21,2.06672206957e-21],"var":[2.68545335302e-7,0.000162946584169,0.0000556433333259,0.0000962576887105,0.0000682275131112,0.0000113091000458,0.00000447010143034,0.00000509509300173,0.00000922447725316,0.00000199855230676,0.00000605489549343,0.00000601610418016,4.32384581472e-7,6.01593399097e-7,4.41853273969e-7,8.49168827699e-7,2.01039426884e-7,1.69134338535e-7,4.73257344424e-8,5.72200562488e-8,4.50500223792e-8,1.27168462427e-7,1.18965637341e-7,2.9707823046e-7,1.59793216881e-7,1.62579016916e-8,2.57178878194e-9]},"barkbands_crest":{"dmean":2.3976418972,"dmean2":4.03361463547,"dvar":4.53049325943,"dvar2":12.885134697,"max":25.9112224579,"mean":9.72803783417,"median":9.21029758453,"min":3.11592173576,"var":10.1063318253},"barkbands_flatness_db":{"dmean":0.02209511213,"dmean2":0.0345155112445,"dvar":0.000420130119892,"dvar2":0.000977989286184,"max":0.432901054621,"mean":0.154802232981,"median":0.149417907,"min":0.0320570878685,"var":0.00257112132385},"barkbands_kurtosis":{"dmean":5.24430608749,"dmean2":8.383228302,"dvar":53.1318054199,"dvar2":137.537124634,"max":206.539031982,"mean":10.8629388809,"median":7.19053840637,"min":-1.94625473022,"var":145.109603882},"barkbands_skewness":{"dmean":0.635583400726,"dmean2":0.991905152798,"dvar":0.37909924984,"dvar2":0.950793027878,"max":12.3052921295,"mean":2.49700808525,"median":2.38645744324,"min":-9.61923217773,"var":1.7646406889},"barkbands_spread":{"dmean":4.45056676865,"dmean2":6.83629846573,"dvar":38.0775566101,"dvar2":81.098991394,"max":138.212524414,"mean":15.5792016983,"median":12.8250370026,"min":0.830430865288,"var":166.976379395},"dissonance":{"dmean":0.0218676701188,"dmean2":0.0363524705172,"dvar":0.000380691781174,"dvar2":0.00101459724829,"max":0.500000059605,"mean":0.451266139746,"median":0.456522941589,"min":0.199979066849,"var":0.000879320141394},"dynamic_complexity":3.14172816277,"erbbands":{"dmean":[0.115520663559,1.26370203495,4.06070041656,13.0120925903,19.0657958984,14.4827308655,12.3196201324,12.0248289108,9.46177005768,10.8300418854,16.6207332611,15.3040628433,12.3388566971,9.36412715912,19.9292163849,16.2757740021,5.88165807724,6.43887805939,7.66431999207,6.98864126205,10.4867286682,6.02991008759,5.42364883423,4.46195840836,3.50366258621,3.57259202003,3.16050767899,2.68452334404,2.46760964394,2.59705066681,1.66674745083,1.67463374138,1.026242733,0.73344296217,0.386156916618,0.192576080561,0.0684523507953,0.0214946828783,0.00273336702958,0.000131227250677],"dmean2":[0.203516975045,2.15926027298,6.59791135788,21.8703517914,32.8933601379,24.6079349518,19.296913147,19.0312480927,15.2082014084,16.9350376129,23.8047084808,22.2240180969,18.642539978,14.0358276367,29.7952041626,25.165802002,9.36971092224,9.99314880371,12.1397380829,10.8982686996,16.6673488617,9.53997993469,8.43638324738,7.08159351349,5.77241563797,5.97308969498,5.1788816452,4.5163731575,3.99541187286,3.96123337746,2.43124341965,2.37949943542,1.42954647541,1.02923858166,0.53743493557,0.265597611666,0.0901401937008,0.0293223205954,0.00376907899044,0.000182618794497],"dvar":[0.124478951097,10.0187730789,52.510761261,341.132049561,1502.97521973,475.539001465,349.246856689,391.123016357,388.844085693,409.1144104,986.468383789,956.225036621,1062.96679688,684.750244141,3780.08886719,1957.68481445,275.902648926,374.030059814,474.77923584,287.854736328,1091.68737793,165.586380005,151.102096558,92.5532150269,87.2905273438,85.3910140991,57.5380325317,52.4888191223,89.4221115112,120.277366638,35.3101348877,60.7805404663,22.4084072113,10.7494821548,2.52805542946,0.226327359676,0.0215182695538,0.00252329092473,0.0000408208834415,8.10975038235e-8],"dvar2":[0.352097719908,28.8617305756,131.415512085,965.658874512,4271.74121094,1310.30627441,820.769592285,928.991333008,911.035827637,1044.93762207,2180.36376953,2162.16552734,2638.09033203,1422.85144043,8274.26660156,4567.8203125,656.769287109,871.624572754,1209.4519043,695.068664551,2958.02416992,409.356201172,339.29473877,228.76499939,223.421417236,225.565460205,149.801818848,140.407089233,216.225891113,234.661560059,65.7301712036,113.901039124,42.6390113831,23.4193439484,6.00802564621,0.491982609034,0.0404427647591,0.00512384623289,0.000085882449639,1.72368217477e-7],"max":[3.68313908577,34.9721565247,97.4374313354,241.802719116,492.546600342,351.115814209,374.559692383,493.097503662,635.303100586,510.193389893,704.32434082,640.616638184,831.363708496,1029.3984375,2632.7512207,1909.73461914,882.458984375,604.735290527,629.857421875,667.877075195,1257.91918945,412.898712158,393.983825684,275.196136475,254.523757935,248.128311157,183.132858276,229.557693481,677.31854248,719.128112793,316.302825928,359.506256104,225.5909729,164.742156982,62.1735343933,15.7668895721,2.68255615234,0.917318105698,0.0994465872645,0.00427775131539],"mean":[0.122800767422,1.69622588158,6.18605232239,20.343296051,29.7307415009,25.1390285492,25.5099697113,24.2695465088,18.9059314728,19.6835422516,36.7030639648,32.9181861877,23.125289917,19.7971973419,39.7909393311,30.9548339844,12.3265895844,12.4041862488,15.0123109818,14.2402944565,20.7387218475,13.8178367615,11.6837253571,9.15281772614,6.59787607193,5.92979383469,5.94630861282,4.61902952194,4.22318553925,4.77539157867,3.28288984299,3.07674622536,1.96399354935,1.32777249813,0.697434604168,0.334290713072,0.110687159002,0.0314296633005,0.00392273953184,0.000223101509619],"median":[0.0309391058981,0.771327674389,4.01302146912,14.1782102585,19.568189621,18.4599018097,15.3876943588,13.9338283539,10.0814113617,11.368314743,15.0144920349,12.014591217,8.07853221893,6.82023859024,9.80674743652,7.35549688339,4.35252094269,4.09393692017,4.79946565628,5.26712656021,5.54169511795,4.78466844559,4.42508125305,4.17853164673,3.1749765873,2.46372008324,2.37603735924,1.98567295074,1.59614157677,1.68827700615,1.1827852726,0.815926611423,0.446418821812,0.245450690389,0.166492700577,0.0893445685506,0.025834063068,0.00582055933774,0.000720398325939,0.0000850547512528],"min":[1.14858440625e-21,1.36614441841e-21,2.75313536346e-21,8.23420624305e-20,1.3738213694e-19,1.15124839231e-19,5.460537688e-19,4.33595669391e-19,3.87251686501e-19,3.0023572403e-19,1.11795186526e-18,1.35823656287e-18,1.78469304319e-18,2.35229776208e-18,2.60969465522e-18,7.98791029468e-18,6.44916865328e-18,4.45652074973e-18,5.33631046283e-18,1.0289594943e-17,9.38019340477e-18,1.01879791135e-17,1.36450506163e-17,2.20710514798e-17,2.3321611254e-17,1.52922914707e-17,2.31038344511e-17,1.92980724057e-17,1.63239825635e-17,2.22248541342e-17,2.39429231557e-17,1.46719175918e-17,1.18793541895e-17,1.01921423135e-17,7.66002996193e-18,6.08534484138e-18,3.0923348971e-18,1.1101806068e-18,3.34069168842e-19,3.09367196994e-20],"var":[0.096239157021,9.51471138,61.1889915466,440.67376709,1388.57824707,629.198425293,918.154907227,959.807006836,1006.63970947,732.682495117,3875.14477539,3228.07910156,2291.90893555,2537.64379883,14105.4433594,4694.80322266,849.616271973,969.471313477,1292.92773438,892.197753906,2635.65185547,795.366577148,614.784118652,203.728637695,121.40272522,108.834587097,93.0316238403,62.8053741455,106.10723877,229.217971802,83.3346786499,155.896957397,64.1458358765,32.8352432251,4.7470164299,0.475011706352,0.0446886532009,0.00421219971031,0.000064760868554,1.30087130401e-7]},"erbbands_crest":{"dmean":2.28885245323,"dmean2":3.67659258842,"dvar":4.47926902771,"dvar2":10.9981060028,"max":32.0648040771,"mean":8.89183235168,"median":8.14858818054,"min":2.34905052185,"var":13.7539405823},"erbbands_flatness_db":{"dmean":0.0171015430242,"dmean2":0.0242390986532,"dvar":0.00031378355925,"dvar2":0.000568420335185,"max":0.355713397264,"mean":0.134942129254,"median":0.132461622357,"min":0.0252556633204,"var":0.00160243012942},"erbbands_kurtosis":{"dmean":1.06097269058,"dmean2":1.63436722755,"dvar":2.4232006073,"dvar2":5.45156145096,"max":41.4209823608,"mean":0.98534142971,"median":0.302979826927,"min":-1.85473573208,"var":7.66917514801},"erbbands_skewness":{"dmean":0.346675753593,"dmean2":0.528725445271,"dvar":0.117911212146,"dvar2":0.267046064138,"max":5.15794086456,"mean":0.775577187538,"median":0.752046108246,"min":-3.86661410332,"var":0.603519558907},"erbbands_spread":{"dmean":9.21776676178,"dmean2":13.6797924042,"dvar":115.598930359,"dvar2":241.04045105,"max":163.329315186,"mean":44.7901496887,"median":39.5349693298,"min":3.52330756187,"var":529.588378906},"gfcc":{"cov":[[15514.3154297,-27.9966106415,-493.612518311,249.400299072,-394.009368896,469.440673828,-365.381713867,66.1869659424,-140.99382019,82.5885848999,-147.397720337,133.371841431,-77.1574859619],[-27.9966106415,1096.93151855,-311.07989502,-6.55692625046,70.4740142822,-91.2470779419,28.0570220947,-18.6035385132,57.022151947,-114.141227722,60.6196250916,-49.4500617981,66.4941101074],[-493.612518311,-311.07989502,754.907653809,68.3964614868,39.0003623962,-2.48879504204,-6.86450815201,23.1427078247,2.38066697121,94.8443603516,-21.5776233673,15.9322023392,-35.875869751],[249.400299072,-6.55692625046,68.3964614868,322.65020752,-27.6250667572,-10.0350933075,-44.0320892334,22.4069023132,20.7812461853,6.50578069687,18.2598075867,-13.7133750916,27.4560184479],[-394.009368896,70.4740142822,39.0003623962,-27.6250667572,204.339996338,-19.2285346985,59.9086723328,8.62443733215,24.9721298218,4.91795730591,7.114153862,24.2155723572,9.66385364532],[469.440673828,-91.2470779419,-2.48879504204,-10.0350933075,-19.2285346985,193.203933716,28.7557468414,-4.89820432663,-28.5376567841,12.4643745422,7.6009979248,3.93027329445,3.28468847275],[-365.381713867,28.0570220947,-6.86450815201,-44.0320892334,59.9086723328,28.7557468414,141.55267334,15.1448984146,-1.78574287891,4.22163772583,5.64660406113,4.72777032852,3.43327188492],[66.1869659424,-18.6035385132,23.1427078247,22.4069023132,8.62443733215,-4.89820432663,15.1448984146,107.145080566,40.9787483215,-4.66631555557,-6.41446113586,7.47584056854,7.82812643051],[-140.99382019,57.022151947,2.38066697121,20.7812461853,24.9721298218,-28.5376567841,-1.78574287891,40.9787483215,101.225502014,9.90745353699,-0.683536052704,-5.59933805466,7.91032409668],[82.5885848999,-114.141227722,94.8443603516,6.50578069687,4.91795730591,12.4643745422,4.22163772583,-4.66631555557,9.90745353699,98.4590072632,17.1483001709,-0.820509016514,-16.6306781769],[-147.397720337,60.6196250916,-21.5776233673,18.2598075867,7.114153862,7.6009979248,5.64660406113,-6.41446113586,-0.683536052704,17.1483001709,70.0833511353,18.3811302185,9.74786376953],[133.371841431,-49.4500617981,15.9322023392,-13.7133750916,24.2155723572,3.93027329445,4.72777032852,7.47584056854,-5.59933805466,-0.820509016514,18.3811302185,87.9912872314,17.3401489258],[-77.1574859619,66.4941101074,-35.875869751,27.4560184479,9.66385364532,3.28468847275,3.43327188492,7.82812643051,7.91032409668,-16.6306781769,9.74786376953,17.3401489258,63.6669120789]],"icov":[[0.000106272404082,-0.000135019261506,0.000122130280943,-0.000140249991091,0.0000996401868179,-0.00032907712739,0.000310524977976,-0.000210160738789,0.000217460357817,-0.000414116802858,0.000577590079047,-0.000464853190351,0.000313037307933],[-0.000135019261506,0.00172350101639,0.000118130694318,0.000348049012246,-0.000585425936151,0.000985599588603,-0.000625739514362,0.000812955026049,-0.00116108206566,0.00229003559798,-0.0026626791805,0.00208571506664,-0.00149332988076],[0.000122130280943,0.000118130694318,0.00189399346709,-0.000623549334705,-0.000398646690883,-0.000226754375035,0.000480543065351,-0.000590591283981,0.0005433341139,-0.00190483580809,0.00144587364048,-0.000883936416358,0.000933994248044],[-0.000140249991091,0.000348049012246,-0.000623549334705,0.00396617967635,0.000153609114932,0.000547824136447,0.000699499971233,-0.000443149852799,-0.000667503278237,0.000803159258794,-0.00237788190134,0.00203221454285,-0.00252673216164],[0.0000996401868179,-0.000585425936151,-0.000398646690883,0.000153609114932,0.00654955161735,0.000369763933122,-0.00244304677472,0.000426494865678,-0.00134274887387,-0.000668464519549,0.00085690029664,-0.00238192151301,0.0000171372576006],[-0.00032907712739,0.000985599588603,-0.000226754375035,0.000547824136447,0.000369763933122,0.00702543416992,-0.00245528505184,0.000599619932473,0.000643563165795,0.000897566787899,-0.0027178011369,0.00187383615412,-0.00209183781408],[0.000310524977976,-0.000625739514362,0.000480543065351,0.000699499971233,-0.00244304677472,-0.00245528505184,0.0100866183639,-0.00263153808191,0.0019097358454,-0.00193888111971,0.00119612761773,-0.000583242974244,0.000508082273882],[-0.000210160738789,0.000812955026049,-0.000590591283981,-0.000443149852799,0.000426494865678,0.000599619932473,-0.00263153808191,0.0126693546772,-0.00596510106698,0.00282074557617,-0.000461066752905,-0.000300857966067,-0.00112646550406],[0.000217460357817,-0.00116108206566,0.0005433341139,-0.000667503278237,-0.00134274887387,0.000643563165795,0.0019097358454,-0.00596510106698,0.0143951540813,-0.00432877941057,0.00242451159284,0.0000129464997372,-0.000422741635703],[-0.000414116802858,0.00229003559798,-0.00190483580809,0.000803159258794,-0.000668464519549,0.000897566787899,-0.00193888111971,0.00282074557617,-0.00432877941057,0.0171834137291,-0.00864874850959,0.00393098872155,0.000779505935498],[0.000577590079047,-0.0026626791805,0.00144587364048,-0.00237788190134,0.00085690029664,-0.0027178011369,0.00119612761773,-0.000461066752905,0.00242451159284,-0.00864874850959,0.0229975618422,-0.00816300977021,0.00146517786197],[-0.000464853190351,0.00208571506664,-0.000883936416358,0.00203221454285,-0.00238192151301,0.00187383615412,-0.000583242974244,-0.000300857966067,0.0000129464997372,0.00393098872155,-0.00816300977021,0.0173162445426,-0.00622401433066],[0.000313037307933,-0.00149332988076,0.000933994248044,-0.00252673216164,0.0000171372576006,-0.00209183781408,0.000508082273882,-0.00112646550406,-0.000422741635703,0.000779505935498,0.00146517786197,-0.00622401433066,0.0212050899863]],"mean":[0.814354360104,94.1677322388,-79.1390686035,27.9037380219,-53.1860160828,4.6012673378,-37.3234710693,1.80483138561,-26.7147827148,-6.01682758331,-22.6803894043,-1.86293494701,-15.52252388]},"hfc":{"dmean":5.69405078888,"dmean2":8.33483028412,"dvar":89.4871902466,"dvar2":187.55682373,"max":370.413726807,"mean":20.3108596802,"median":16.6983509064,"min":1.11089098951e-16,"var":301.278656006},"melbands":{"dmean":[0.00120581232477,0.00192320847418,0.00234923209064,0.0011735901935,0.000458619528217,0.000257650070125,0.000140114498208,0.000140271993587,0.000133419220219,0.000106000501546,0.0000628134075669,0.0000378190306947,0.0000529067656316,0.0000816976462374,0.0000193635933101,0.0000145627391248,0.0000125092237795,0.0000130111457111,0.0000122564579215,0.0000116354804049,0.0000122643832583,0.00000711875100023,0.00000479341997561,0.00000509245774083,0.0000038167609091,0.00000274194485428,0.00000286881459033,0.00000248529022429,0.00000221520281229,0.00000190864352589,0.00000157152931024,0.00000142769101785,0.00000162697710948,0.00000147916898641,0.00000100094064237,0.00000100961187854,0.00000111528186153,7.67578626437e-7,6.963288115e-7,6.16200168224e-7],"dmean2":[0.0020809113048,0.00314416177571,0.00396550493315,0.00201361533254,0.000731836888008,0.000405698752729,0.000224455463467,0.00021530034428,0.000191019673366,0.000153962420882,0.0000954097558861,0.0000569644180359,0.0000792079008534,0.000124784477521,0.0000303500564769,0.0000230895821005,0.000019486866222,0.0000206351251109,0.0000192731913558,0.0000179979469976,0.0000194426065718,0.0000112320340122,0.00000767607161833,0.00000791281945567,0.00000611258747085,0.00000449252138424,0.00000481948200104,0.00000416716466134,0.00000362435298484,0.00000319495893564,0.00000266012261818,0.00000235175843954,0.00000258001864495,0.00000230541036217,0.00000151626591105,0.00000144283137615,0.00000161997365922,0.00000109681616323,9.93515982373e-7,8.95594951089e-7],"dvar":[0.0000114007398224,0.0000134901247293,0.0000130792468553,0.00000440269241153,4.25602479481e-7,1.66631110687e-7,8.1432851573e-8,6.65085622131e-8,7.52873887677e-8,4.84555329194e-8,2.93172224275e-8,1.2378197134e-8,2.80913496908e-8,4.50293633492e-8,5.33284216786e-9,1.87064652657e-9,1.64230073985e-9,1.68119507205e-9,1.31945321336e-9,1.06062314487e-9,1.50606505045e-9,2.60628851834e-10,1.13331580232e-10,1.48199147398e-10,7.1034587934e-11,4.15880212212e-11,7.39083239054e-11,3.71462131887e-11,2.88467288251e-11,2.1718444751e-11,1.90032295455e-11,2.01839552016e-11,7.30611265931e-11,3.28803789751e-11,1.23083071513e-11,1.84822972898e-11,2.97975186192e-11,1.25836303183e-11,1.05840163023e-11,8.14499509505e-12],"dvar2":[0.0000325099899783,0.0000349006368197,0.0000367018255929,0.0000125448477775,0.00000105028516373,3.93264542708e-7,1.91573832353e-7,1.72003254306e-7,1.61208248528e-7,1.1125811028e-7,7.28307512077e-8,2.65662869481e-8,5.95857798658e-8,1.0698827424e-7,1.23168097943e-8,4.32726743327e-9,3.88077481261e-9,4.1160324038e-9,3.38000871736e-9,2.39156849879e-9,4.03934041771e-9,6.22811191509e-10,2.87938006771e-10,3.0899033332e-10,1.77123815615e-10,1.06408756806e-10,1.96227714633e-10,9.78572917143e-11,7.47102241183e-11,5.79838850545e-11,5.08804005872e-11,4.97685989642e-11,1.70185546211e-10,6.21768470044e-11,2.41568761522e-11,3.86468704261e-11,5.84441661733e-11,2.55621235984e-11,2.09983315458e-11,1.95304449696e-11],"max":[0.0373437814415,0.0429403074086,0.0476885102689,0.0280069615692,0.0151068102568,0.00968731474131,0.00811869651079,0.00638950895518,0.00727116083726,0.00461039831862,0.00436856877059,0.00407919753343,0.00733135035262,0.00631837407127,0.00291569018736,0.00194909679703,0.00116900028661,0.00145580642857,0.00108488427941,0.0017410662258,0.00148470478598,0.000497691158671,0.000262333865976,0.000379640201572,0.000250338140177,0.000179329625098,0.000270588527201,0.000139484065585,0.000134358531795,0.000103312988358,0.000179487629794,0.000266993039986,0.00067944143666,0.000349799811374,0.000186056364328,0.000224121424253,0.000254570273682,0.000168307175045,0.000156906797201,0.000137641516631],"mean":[0.00148377846926,0.00300560309552,0.00384521763772,0.00198166421615,0.000942408165429,0.00052978110034,0.000275689526461,0.000250802258961,0.000301265507005,0.000216566986637,0.000112648463983,0.0000749207029003,0.000107344698336,0.000143261815538,0.0000380896672141,0.0000260017786786,0.0000223300121434,0.000023601736757,0.0000222269954975,0.0000220467336476,0.000022485777663,0.000014902161638,0.00000959967655945,0.0000100994466266,0.00000720870821169,0.00000489578815177,0.00000460567298433,0.00000376413868253,0.00000389082197216,0.00000328882197209,0.00000242375017478,0.00000227864666158,0.00000262766138803,0.00000266135998572,0.00000183074496363,0.0000018189327875,0.00000192961897483,0.00000139139126532,0.00000125678366203,0.00000106190748284],"median":[0.00053501088405,0.00187948183157,0.00284197484143,0.00147095008288,0.000632839568425,0.000312546180794,0.000147654835018,0.000135706839501,0.000108303742309,0.0000750976396375,0.0000334834367095,0.0000225497333304,0.000029223423553,0.0000279509349639,0.00000772683506511,0.00000803783132142,0.00000652524295219,0.00000688426553097,0.00000653405140838,0.00000561983051739,0.00000598216320213,0.00000462551179226,0.00000369291547031,0.00000361621573575,0.00000314118688038,0.00000235186621467,0.00000190021319213,0.00000143256136198,0.00000141690532018,0.00000136093092351,9.72590669335e-7,8.53303220083e-7,8.53253254718e-7,9.38434482123e-7,6.5795086357e-7,5.57158273295e-7,4.56765548051e-7,3.17553087825e-7,2.22033818886e-7,1.97001028823e-7],"min":[7.79189312751e-24,9.35562310929e-25,1.74953192907e-23,8.25022999091e-24,1.50718991468e-23,1.07938054836e-23,6.50982336814e-24,2.75768358361e-24,1.12986575303e-23,8.50037620624e-24,8.61052643215e-24,9.25935111606e-24,6.49397278597e-24,1.80615147391e-23,2.19283136812e-23,9.63431169267e-24,8.53464984598e-24,9.70750694062e-24,8.25150005697e-24,1.68486458304e-23,9.73621358896e-24,9.89773601475e-24,1.17400370396e-23,1.06271278518e-23,1.9123318362e-23,1.79860680821e-23,1.51798011191e-23,7.83937466539e-24,1.42115358891e-23,1.42046128458e-23,9.35297312829e-24,8.30090483774e-24,1.06061070752e-23,1.29134526478e-23,1.39480169037e-23,1.06775116089e-23,9.13727173554e-24,7.21671728657e-24,8.51563435386e-24,8.92213595605e-24],"var":[0.00000997551251203,0.0000157449685503,0.0000148499148054,0.00000438322376795,0.00000102209207853,4.2236513309e-7,2.0532465328e-7,1.22471746522e-7,3.57928740868e-7,1.44216357967e-7,6.2483785257e-8,4.13202627669e-8,1.10316754842e-7,1.09253370795e-7,1.68664922029e-8,5.48051515281e-9,4.01023525498e-9,4.57264848208e-9,3.15589376854e-9,3.78742193163e-9,3.47196915662e-9,1.1814246248e-9,3.50202866706e-10,5.05845032528e-10,1.4349452182e-10,6.31845478716e-11,8.57322338121e-11,4.77670576704e-11,4.98921563785e-11,2.88563600098e-11,2.12561773738e-11,2.36695801847e-11,9.06743985452e-11,6.85785803145e-11,2.54153191548e-11,4.3151014012e-11,7.19405854332e-11,3.19186101161e-11,3.37316043153e-11,2.069047364e-11]},"melbands_crest":{"dmean":3.24300026894,"dmean2":5.40941238403,"dvar":7.69295740128,"dvar2":21.5520687103,"max":30.3973712921,"mean":14.2429475784,"median":13.7529563904,"min":1.94153904915,"var":16.9443225861},"melbands_flatness_db":{"dmean":0.0264249648899,"dmean2":0.0415851026773,"dvar":0.000588686147239,"dvar2":0.00140725134406,"max":0.572824597359,"mean":0.244515493512,"median":0.239788964391,"min":0.00543334055692,"var":0.00389797496609},"melbands_kurtosis":{"dmean":11.4713201523,"dmean2":18.3306369781,"dvar":259.211853027,"dvar2":658.375183105,"max":330.782562256,"mean":25.1774425507,"median":17.4876461029,"min":-1.82485032082,"var":644.944030762},"melbands_skewness":{"dmean":0.860217034817,"dmean2":1.34952974319,"dvar":0.729734063148,"dvar2":1.80518436432,"max":12.3346824646,"mean":3.54981851578,"median":3.28619146347,"min":-1.0502538681,"var":2.92604732513},"melbands_spread":{"dmean":3.83527159691,"dmean2":5.95671606064,"dvar":27.3073177338,"dvar2":57.7999038696,"max":203.968307495,"mean":12.6908960342,"median":9.91763019562,"min":0.704709112644,"var":115.924179077},"mfcc":{"cov":[[10101.4003906,436.186553955,-234.770080566,-47.6538734436,-35.0303649902,133.410095215,-106.840530396,83.4764022827,-38.1444702148,-2.23866534233,-32.1693649292,-49.6969299316,-6.59210300446],[436.186553955,1099.046875,-191.460479736,59.1423568726,15.9791059494,-36.3669776917,-16.2322387695,50.2550392151,-8.13771820068,1.94365990162,-28.0645523071,-12.1779651642,-12.1615285873],[-234.770080566,-191.460479736,536.586914062,79.7027282715,59.2248687744,27.2213058472,9.80845832825,-45.1175918579,2.01892995834,11.7513504028,45.7237930298,-5.54418325424,3.62210536003],[-47.6538734436,59.1423568726,79.7027282715,286.499237061,64.241897583,-29.7535591125,-26.8962783813,-3.87079167366,12.5055894852,1.48198854923,7.41228294373,11.0253248215,6.08855581284],[-35.0303649902,15.9791059494,59.2248687744,64.241897583,136.745071411,3.49855422974,-19.4376087189,9.82982730865,10.4098920822,6.6934800148,7.90869140625,-1.72039961815,7.23873806],[133.410095215,-36.3669776917,27.2213058472,-29.7535591125,3.49855422974,136.356903076,55.9569740295,-15.662481308,-7.70353031158,6.32518196106,11.8427696228,-5.32750701904,5.02851057053],[-106.840530396,-16.2322387695,9.80845832825,-26.8962783813,-19.4376087189,55.9569740295,131.54397583,12.693611145,-0.85380756855,4.87403774261,3.5129096508,-4.59391307831,9.9473991394],[83.4764022827,50.2550392151,-45.1175918579,-3.87079167366,9.82982730865,-15.662481308,12.693611145,114.480949402,36.5655937195,-11.6932029724,-18.6923904419,3.90270161629,6.2141046524],[-38.1444702148,-8.13771820068,2.01892995834,12.5055894852,10.4098920822,-7.70353031158,-0.85380756855,36.5655937195,80.5262145996,26.5603637695,-2.43670415878,-1.6211451292,6.30596637726],[-2.23866534233,1.94365990162,11.7513504028,1.48198854923,6.6934800148,6.32518196106,4.87403774261,-11.6932029724,26.5603637695,104.018585205,30.8164653778,-22.2396450043,-13.0667800903],[-32.1693649292,-28.0645523071,45.7237930298,7.41228294373,7.90869140625,11.8427696228,3.5129096508,-18.6923904419,-2.43670415878,30.8164653778,80.7435760498,14.9022550583,-7.09438419342],[-49.6969299316,-12.1779651642,-5.54418325424,11.0253248215,-1.72039961815,-5.32750701904,-4.59391307831,3.90270161629,-1.6211451292,-22.2396450043,14.9022550583,85.9326095581,30.1171836853],[-6.59210300446,-12.1615285873,3.62210536003,6.08855581284,7.23873806,5.02851057053,9.9473991394,6.2141046524,6.30596637726,-13.0667800903,-7.09438419342,30.1171836853,68.8734207153]],"icov":[[0.00010819612362,-0.0000353758732672,0.0000249004169746,-0.00000781738617661,0.0000675345436321,-0.00021103315521,0.000203191724722,-0.000148686085595,0.000105586841528,-0.0000326666122419,-0.0000054898300732,0.0000800110137789,-0.0000555492770218],[-0.0000353758732672,0.00103948730975,0.000368288485333,-0.000305144465528,-0.000165934805409,0.000169518723851,-0.0000502080765727,-0.000388677872252,0.000406507169828,-0.000213324528886,0.000159249961143,0.0000895511911949,0.000134707763209],[0.0000249004169746,0.000368288485333,0.00235243584029,-0.000562820699997,-0.000790681922808,-0.000206531491131,-0.000277951708995,0.000751002051402,-0.000329792965204,0.000419757096097,-0.00114424130879,0.000583647284657,-0.000199230620638],[-0.00000781738617661,-0.000305144465528,-0.000562820699997,0.00427128793672,-0.0017428988358,0.000965790473856,0.000113757625513,0.000594954879489,-0.000704676669557,0.000175393957761,8.1545994135e-7,-0.000595460820477,-0.00000179823177859],[0.0000675345436321,-0.000165934805409,-0.000790681922808,-0.0017428988358,0.0091017447412,-0.00141358794644,0.00201983563602,-0.00167082017288,0.0000210611360671,-0.000422443146817,-0.000723445846234,0.000975422968622,-0.00140468846075],[-0.00021103315521,0.000169518723851,-0.000206531491131,0.000965790473856,-0.00141358794644,0.0100558828562,-0.0045570069924,0.00194652087521,-0.0000792649952928,0.000223936891416,-0.000871756288689,0.000364164938219,-0.000367151689716],[0.000203191724722,-0.0000502080765727,-0.000277951708995,0.000113757625513,0.00201983563602,-0.0045570069924,0.0105249490589,-0.00262888590805,0.00110132864211,-0.000769924896304,-0.000426355807576,0.00108337693382,-0.00191193004139],[-0.000148686085595,-0.000388677872252,0.000751002051402,0.000594954879489,-0.00167082017288,0.00194652087521,-0.00262888590805,0.0125454170629,-0.00644820882007,0.0026694254484,0.00118027802091,-0.000639279780444,0.000604275381193],[0.000105586841528,0.000406507169828,-0.000329792965204,-0.000704676669557,0.0000210611360671,-0.0000792649952928,0.00110132864211,-0.00644820882007,0.0177432801574,-0.00605405680835,0.00164524069987,-0.000325776461978,-0.00187338888645],[-0.0000326666122419,-0.000213324528886,0.000419757096097,0.000175393957761,-0.000422443146817,0.000223936891416,-0.000769924896304,0.0026694254484,-0.00605405680835,0.0142157059163,-0.00600741384551,0.00418731663376,0.00062151189195],[-0.0000054898300732,0.000159249961143,-0.00114424130879,8.1545994135e-7,-0.000723445846234,-0.000871756288689,-0.000426355807576,0.00118027802091,0.00164524069987,-0.00600741384551,0.0172830857337,-0.00585301686078,0.00323178665712],[0.0000800110137789,0.0000895511911949,0.000583647284657,-0.000595460820477,0.000975422968622,0.000364164938219,0.00108337693382,-0.000639279780444,-0.000325776461978,0.00418731663376,-0.00585301686078,0.0165552366525,-0.00720045389608],[-0.0000555492770218,0.000134707763209,-0.000199230620638,-0.00000179823177859,-0.00140468846075,-0.000367151689716,-0.00191193004139,0.000604275381193,-0.00187338888645,0.00062151189195,0.00323178665712,-0.00720045389608,0.0187155269086]],"mean":[-653.143493652,131.329345703,26.3479576111,28.8964958191,6.22970438004,4.39661502838,-2.76175761223,4.61054039001,-1.91016590595,-2.50998044014,-6.56710624695,-3.43134689331,-3.35087680817]},"pitch_salience":{"dmean":0.0696788802743,"dmean2":0.116780065,"dvar":0.00366655760445,"dvar2":0.0104750348255,"max":0.864329516888,"mean":0.562167286873,"median":0.566301584244,"min":0.148474380374,"var":0.00814499892294},"silence_rate_20dB":{"dmean":0,"dmean2":0,"dvar":0,"dvar2":0,"max":1,"mean":1,"median":1,"min":1,"var":0},"silence_rate_30dB":{"dmean":0.0375829041004,"dmean2":0.0751727297902,"dvar":0.0361704304814,"dvar2":0.0903416872025,"max":1,"mean":0.972460150719,"median":1,"min":0,"var":0.0267813932151},"silence_rate_60dB":{"dmean":0.00110537954606,"dmean2":0.0022109625861,"dvar":0.00110415765084,"dvar2":0.0025745681487,"max":1,"mean":0.0590402521193,"median":0,"min":0,"var":0.055554497987},"spectral_centroid":{"dmean":174.376754761,"dmean2":275.998748779,"dvar":45847.5390625,"dvar2":99696.296875,"max":10840.7480469,"mean":780.793640137,"median":689.713378906,"min":184.435913086,"var":180124.203125},"spectral_complexity":{"dmean":2.73378777504,"dmean2":4.26918458939,"dvar":12.5702514648,"dvar2":27.5225658417,"max":55,"mean":14.367228508,"median":14,"min":0,"var":54.5368766785},"spectral_contrast_coeffs":{"dmean":[0.0526270866394,0.0465027727187,0.0388799719512,0.0288410652429,0.020765747875,0.0174494870007],"dmean2":[0.0875174626708,0.0751128345728,0.0618953555822,0.0467195808887,0.0335956178606,0.0282877348363],"dvar":[0.00196412228979,0.00140723306686,0.0010090356227,0.00058614090085,0.000348517438397,0.000329473026795],"dvar2":[0.00533548742533,0.00363293942064,0.00246778852306,0.00143783004023,0.000832018267829,0.000825705996249],"max":[-0.226944476366,-0.456650227308,-0.471855700016,-0.536331892014,-0.562140762806,-0.638313889503],"mean":[-0.581585109234,-0.709380984306,-0.735176801682,-0.780505299568,-0.797835707664,-0.781404197216],"median":[-0.578495502472,-0.708895683289,-0.739212453365,-0.788531780243,-0.804458796978,-0.782292485237],"min":[-0.967786073685,-0.959336936474,-0.967330932617,-0.94855093956,-0.957789301872,-0.957898795605],"var":[0.0069131590426,0.00512368837371,0.00551783898845,0.0039839441888,0.00206677801907,0.00125367811415]},"spectral_contrast_valleys":{"dmean":[0.371402472258,0.341013163328,0.313709765673,0.272584229708,0.258185744286,0.279396891594],"dmean2":[0.606383800507,0.550285696983,0.503098011017,0.433218926191,0.389348953962,0.36436483264],"dvar":[0.119450740516,0.0949788093567,0.0912349447608,0.0885634198785,0.106780037284,0.130092680454],"dvar2":[0.274340987206,0.219818800688,0.201835557818,0.186404913664,0.222971513867,0.228326007724],"max":[-4.70893001556,-4.95704174042,-5.26921367645,-5.95774364471,-5.61611127853,-7.27613973618],"mean":[-6.87207698822,-6.74071359634,-7.71719360352,-8.19323635101,-7.93093538284,-10.1469583511],"median":[-6.64603662491,-6.51663827896,-7.47799110413,-7.97962760925,-7.75355195999,-9.97693347931],"min":[-26.8458480835,-27.4203281403,-27.2592506409,-27.4361610413,-27.3496952057,-27.3135948181],"var":[1.63103497028,1.48341798782,1.50809597969,1.47990906239,1.48569858074,1.74892103672]},"spectral_decrease":{"dmean":4.10835410136e-9,"dmean2":6.73693989484e-9,"dvar":3.71350725343e-17,"dvar2":9.74038854076e-17,"max":1.42392776469e-16,"mean":-1.05727382405e-8,"median":-9.38302502362e-9,"min":-6.1256173467e-8,"var":5.20259977738e-17},"spectral_energy":{"dmean":0.0158676337451,"dmean2":0.0259606651962,"dvar":0.000548889220227,"dvar2":0.00143800047226,"max":0.235679015517,"mean":0.041746225208,"median":0.0372467264533,"min":1.05059207936e-20,"var":0.000783947645687},"spectral_energyband_high":{"dmean":0.000351057649823,"dmean2":0.000486338685732,"dvar":9.16076771773e-7,"dvar2":0.00000171449516984,"max":0.0529983229935,"mean":0.000785347481724,"median":0.000320588849718,"min":7.27207919149e-21,"var":0.00000255749523603},"spectral_energyband_low":{"dmean":0.0105344550684,"dmean2":0.0173813663423,"dvar":0.000338929647114,"dvar2":0.000895892968401,"max":0.197627395391,"mean":0.0173358563334,"median":0.0117722880095,"min":4.70340013165e-23,"var":0.000403536454542},"spectral_energyband_middle_high":{"dmean":0.00130164215807,"dmean2":0.00195820559748,"dvar":0.0000058683503994,"dvar2":0.0000136090166052,"max":0.0581663921475,"mean":0.00395103823394,"median":0.00200666952878,"min":1.95620520635e-21,"var":0.0000287156071863},"spectral_energyband_middle_low":{"dmean":0.00975323095918,"dmean2":0.01634590514,"dvar":0.000232779129874,"dvar2":0.00064553268021,"max":0.197233736515,"mean":0.0242352634668,"median":0.0214363262057,"min":3.06109383714e-22,"var":0.000300441868603},"spectral_entropy":{"dmean":0.199715122581,"dmean2":0.303919047117,"dvar":0.0450181588531,"dvar2":0.0954836905003,"max":9.80684089661,"mean":7.30762195587,"median":7.31964683533,"min":4.86069822311,"var":0.227423459291},"spectral_flux":{"dmean":0.0314302481711,"dmean2":0.0501924827695,"dvar":0.00149313360453,"dvar2":0.00312623754144,"max":0.403927713633,"mean":0.0951100066304,"median":0.0862966477871,"min":1.02498391719e-10,"var":0.00313654425554},"spectral_kurtosis":{"dmean":1.56254684925,"dmean2":2.49053692818,"dvar":9.13927841187,"dvar2":23.3003044128,"max":108.342834473,"mean":5.35355615616,"median":4.6798043251,"min":-1.49793303013,"var":19.7760810852},"spectral_rms":{"dmean":0.00108076352626,"dmean2":0.0017274513375,"dvar":0.00000161651735198,"dvar2":0.00000408237474403,"max":0.0151634672657,"mean":0.00598636968061,"median":0.00602812319994,"min":3.2015119722e-12,"var":0.00000489140347781},"spectral_rolloff":{"dmean":282.948577881,"dmean2":490.746765137,"dvar":634862.9375,"dvar2":1449292.375,"max":21705.46875,"mean":877.014404297,"median":538.330078125,"min":86.1328125,"var":2938371.75},"spectral_skewness":{"dmean":0.228046029806,"dmean2":0.355270981789,"dvar":0.0882861688733,"dvar2":0.209751486778,"max":8.58026027679,"mean":1.82817304134,"median":1.79884588718,"min":-0.115022681653,"var":0.325059473515},"spectral_spread":{"dmean":647228.875,"dmean2":851752.5,"dvar":736420626432,"dvar2":1191947272190,"max":40861272,"mean":5409617.5,"median":4992905,"min":964674.3125,"var":4022211444740},"spectral_strongpeak":{"dmean":0.460898518562,"dmean2":0.796031832695,"dvar":0.561774969101,"dvar2":1.46052801609,"max":10.2548360825,"mean":0.81721162796,"median":0.577386140823,"min":0,"var":0.863532304764},"zerocrossingrate":{"dmean":0.00927774887532,"dmean2":0.0109213963151,"dvar":0.000156028472702,"dvar2":0.000179327660589,"max":0.81298828125,"mean":0.0489081330597,"median":0.0400390625,"min":0.00537109375,"var":0.00244262348861}},"metadata":{"audio_properties":{"analysis_sample_rate":44100,"bit_rate":0,"codec":"flac","downmix":"mix","equal_loudness":0,"length":252.066665649,"lossless":true,"md5_encoded":"40416d012b302f90cc7c82bf395f7122","replay_gain":-12.6728458405},"tags":{"acoustid_id":["8a94d57d-2acf-4c3d-8322-940da85292fa"],"album":["No Exit"],"albumartist":["Blondie"],"albumartistsort":["Blondie"],"artist":["Blondie"],"artists":["Blondie"],"artistsort":["Blondie"],"asin":["B00000ILST"],"barcode":["743216411429"],"catalognumber":["74321641142"],"composer":["Chris Stein"],"composersort":["Stein, Chris"],"date":["1999-02-23"],"discnumber":["1"],"disctotal":["1"],"file_name":"05 Double Take.flac","label":["Beyond Music"],"language":["eng"],"lyricist":["Deborah Harry"],"media":["CD"],"musicbrainz_albumartistid":["4d2956d1-a3f7-44bb-9a41-67563e1a0c94"],"musicbrainz_albumid":["904a66bc-069b-43ac-976e-b5d4fa743842"],"musicbrainz_artistid":["4d2956d1-a3f7-44bb-9a41-67563e1a0c94"],"musicbrainz_recordingid":["56a64824-e826-482b-a5a9-28aebb700b7d"],"musicbrainz_releasegroupid":["af14217d-d5e3-3367-baef-90cf418ca79d"],"musicbrainz_releasetrackid":["072b196f-3bf6-3e4d-91ba-6d3f6c89b604"],"musicbrainz_workid":["0120c015-3ac1-4b7f-909d-53359f2fbe28"],"originaldate":["1999-02-23"],"performer":["Candy Dulfer (saxophone)"],"releasecountry":["US"],"releasestatus":["official"],"releasetype":["album"],"replaygain_album_gain":["-9.08 dB"],"replaygain_album_peak":["0.966156"],"replaygain_track_gain":["-8.67 dB"],"replaygain_track_peak":["0.966156"],"script":["Latn"],"title":["Double Take"],"totaldiscs":["1"],"totaltracks":["14"],"tracknumber":["5"],"tracktotal":["14"],"work":["Double Take"]},"version":{"essentia":"2.1-beta1","essentia_build_sha":"ed039d7e5a6e3dec64cf0be7c36ef885fb432306","essentia_git_sha":"v2.1_beta1-7-ge0e83e8","extractor":"music 1.0"}},"rhythm":{"beats_c