{"lowlevel":{"average_loudness":0.504211306572,"barkbands":{"dmean":[0.000219715991989,0.00119699269999,0.000846787821501,0.000778386427555,0.00234840624034,0.00104117498267,0.000962510413956,0.000768743280787,0.00110992742702,0.000720996467862,0.000641848018859,0.000774147629272,0.000491316663101,0.000212240105611,0.000239864297328,0.0000748878373997,0.0000716002687113,0.000089019034931,0.0000683490143274,0.00012320773385,0.0000614263481111,0.0000273248861049,0.00000676261606714,0.00000181908069408,0.00000161182526881,0.00000377765968551,0.000155474292114],"dmean2":[0.000393987022107,0.00183550734073,0.00136581074912,0.00119106390048,0.0036477339454,0.00156435230747,0.00143810117152,0.00122550292872,0.00168750353623,0.00112128001638,0.000962293706834,0.00121671252418,0.000768536527175,0.000335472839652,0.000370650232071,0.000115420276416,0.000109783461085,0.000130097469082,0.0000990131957224,0.00017319068138,0.0000876210542629,0.0000386650972359,0.00000980916775006,0.00000295589143207,0.00000264421555585,0.00000556806980967,0.000209346122574],"dvar":[9.34111383799e-8,0.0000060735178522,0.00000206190884455,0.00000180258905402,0.0000148635836013,0.00000582791790293,0.00000505293746755,0.00000426215001426,0.00000819932574814,0.00000182022165518,0.00000184285329397,0.0000040415334297,0.0000022189358333,1.78471381673e-7,7.33466265501e-7,2.46812632554e-8,4.96873298061e-8,2.0500293374e-7,8.51872101748e-8,3.39349355727e-7,8.74639312087e-8,8.96436436193e-9,4.01639860259e-10,1.14858487305e-11,9.4429056588e-12,6.67859656467e-11,1.08635227036e-7],"dvar2":[2.689303642e-7,0.0000132514824145,0.00000523187009094,0.00000372551357941,0.0000359119112545,0.0000127229031932,0.0000104551636468,0.00000839900258143,0.0000180133156391,0.00000422992889071,0.00000418938861912,0.00000877776437846,0.00000544115528101,4.22972561864e-7,0.00000155205566443,5.72729561554e-8,1.16514542015e-7,4.40981040128e-7,1.76959829901e-7,7.21030630757e-7,1.90872299299e-7,1.71117093828e-8,7.79151410057e-10,2.73491593955e-11,2.29447537359e-11,1.28460145299e-10,1.90795944377e-7],"max":[0.00433531496674,0.055981375277,0.0330835394561,0.038370039314,0.0860327556729,0.0739162862301,0.0610133893788,0.144865185022,0.106866717339,0.0331437028944,0.0275702513754,0.0909176021814,0.0778613761067,0.0155669758096,0.0425075739622,0.00408624252304,0.0130135398358,0.0215624738485,0.00992421526462,0.0249611958861,0.0148282516748,0.00377127178945,0.000696739472914,0.0000681117162458,0.0000545612201677,0.000310319941491,0.013792688027],"mean":[0.000249573902693,0.00200454588048,0.00126652885228,0.00144900614396,0.00420134933665,0.00197752239183,0.00178623606917,0.00120497227181,0.0020864000544,0.00110899016727,0.00107948423829,0.00141060375609,0.000888119277079,0.000396651099436,0.000409386091633,0.000135612295708,0.000133102294058,0.00015055280528,0.00011732904386,0.00021299594664,0.000107646359538,0.0000523331727891,0.0000113690730359,0.00000210316443372,0.00000166316590366,0.00000625998700343,0.000410492066294],"median":[0.000162682496011,0.000707074708771,0.000634698313661,0.000621590064839,0.00244328333065,0.000889977905899,0.000704532954842,0.000542670721188,0.000847676012199,0.000505596864969,0.000413343135733,0.00051554501988,0.00030422344571,0.000203416770091,0.000147457380081,0.0000604973247391,0.0000498808803968,0.0000322889209201,0.0000243486410909,0.0000365881787729,0.0000230144923989,0.0000151661533891,0.0000040280410758,8.45563931762e-7,5.87128283769e-7,0.00000274247986454,0.00022658976377],"min":[1.17376957005e-23,4.9984063423e-23,7.23639226641e-24,6.84586115325e-24,3.85300018721e-23,2.39427551997e-23,2.79149538474e-23,9.61674454917e-23,5.06647683427e-23,4.74195365735e-23,8.76288970951e-23,8.84630512381e-23,6.02644545636e-23,6.99476527554e-23,6.72696151326e-23,1.98808144732e-22,1.87927203251e-22,2.55094165491e-22,2.19401377596e-22,2.87197295481e-22,2.61593445339e-22,5.50663635448e-22,4.8631454747e-22,8.93094346184e-22,1.23389800921e-21,1.71403758071e-21,2.12609933961e-21],"var":[9.91219124558e-8,0.0000147007176565,0.0000036595599795,0.00000680238099449,0.000029681072192,0.0000146786724144,0.0000143421630128,0.000010702666259,0.0000225445401156,0.00000352741949428,0.00000407249444834,0.0000115985949378,0.00000819036358735,6.10516053712e-7,0.0000017036694544,5.72858027681e-8,1.10051345814e-7,5.09117342062e-7,2.16089375726e-7,8.31145257507e-7,1.80450101084e-7,2.64403929862e-8,1.01227126681e-9,1.51868396331e-11,1.04528790137e-11,1.79660369914e-10,4.37686225041e-7]},"barkbands_crest":{"dmean":2.38491725922,"dmean2":3.88873291016,"dvar":4.88714027405,"dvar2":13.7128162384,"max":25.1649913788,"mean":8.44302368164,"median":7.75297546387,"min":2.50263881683,"var":11.1366920471},"barkbands_flatness_db":{"dmean":0.020097957924,"dmean2":0.0307966563851,"dvar":0.000295265635941,"dvar2":0.000732024491299,"max":0.300794273615,"mean":0.134962946177,"median":0.132330074906,"min":0.0300661306828,"var":0.0014538266696},"barkbands_kurtosis":{"dmean":2.42906522751,"dmean2":3.80090737343,"dvar":9.62389183044,"dvar2":24.5223121643,"max":104.368865967,"mean":5.95123195648,"median":4.53020954132,"min":-1.78924143314,"var":43.6410713196},"barkbands_skewness":{"dmean":0.452374875546,"dmean2":0.693395495415,"dvar":0.172138690948,"dvar2":0.450667828321,"max":9.05411338806,"mean":1.65680587292,"median":1.61674427986,"min":-1.96364319324,"var":0.83137357235},"barkbands_spread":{"dmean":4.86231422424,"dmean2":7.35626173019,"dvar":42.9277305603,"dvar2":116.328041077,"max":121.27835083,"mean":21.2013988495,"median":18.0107460022,"min":1.83925783634,"var":179.181396484},"dissonance":{"dmean":0.0240746363997,"dmean2":0.0409010350704,"dvar":0.000535822531674,"dvar2":0.00148104212712,"max":0.500000298023,"mean":0.456538110971,"median":0.463736772537,"min":0.237800881267,"var":0.00100272020791},"dynamic_complexity":3.63244009018,"erbbands":{"dmean":[0.024113940075,0.311310023069,0.918112814426,1.64481019974,6.73739910126,6.67099046707,9.72290325165,8.14863300323,12.0643453598,14.891579628,19.1896839142,27.0399799347,16.7919712067,25.3205699921,26.481842041,26.7548332214,23.9912433624,9.64930915833,12.7127113342,7.42281103134,3.92053961754,4.15190505981,4.69400548935,3.61176514626,4.09421777725,6.04437685013,3.42666530609,1.87428462505,1.13281643391,0.452146559954,0.148291110992,0.0490794368088,0.0266636963934,0.018040895462,0.0114824771881,0.00670070480555,0.00656485743821,0.0174428448081,0.0170018542558,0.00394393084571],"dmean2":[0.0382120124996,0.477794289589,1.49257934093,2.49676537514,10.7833061218,10.4167547226,14.6267671585,12.2066860199,17.9622554779,22.5170516968,30.4857254028,40.8542022705,25.5688686371,39.2647132874,39.9388847351,41.166557312,37.3750038147,14.9765491486,19.5131893158,11.3541383743,6.06805896759,6.29242706299,6.77444934845,5.10298299789,5.80064678192,8.64987754822,4.93096017838,2.64789009094,1.60196220875,0.635152578354,0.213196277618,0.076404415071,0.0437686294317,0.0296272020787,0.0188040863723,0.0109035316855,0.0095042437315,0.0229304470122,0.0226820707321,0.0053957044147],"dvar":[0.00235308357514,0.423440277576,2.86808443069,7.53381252289,141.606918335,168.4190979,437.336425781,478.191497803,1257.24841309,1310.27722168,3402.67553711,4766.390625,1707.4831543,1740.63867188,2828.17651367,7272.02734375,4846.77685547,372.276519775,2346.50341797,502.079040527,63.7881469727,181.68359375,563.531677246,295.00692749,318.871185303,920.217590332,295.809692383,61.7730140686,15.302904129,2.14580130577,0.162549614906,0.00933848507702,0.00258935126476,0.00119656405877,0.000472951622214,0.000151293425006,0.000178584159585,0.00250397110358,0.00389339751564,0.0000385412567994],"dvar2":[0.00517088687047,0.947724819183,7.72097635269,15.1159076691,341.86932373,421.540100098,957.761352539,1024.41821289,2512.4675293,2970.67236328,6557.75976562,10282.9902344,3746.25561523,4121.56640625,6610.43847656,15387.5126953,11824.3457031,842.058349609,4855.10009766,1103.1472168,146.799118042,420.898010254,1191.25378418,615.088500977,627.968078613,2028.96765137,662.948242188,131.781890869,29.4555244446,3.91597414017,0.29004368186,0.0200459193438,0.006275981199,0.00290697347373,0.00114925217349,0.000367171800463,0.000296251673717,0.00396774709225,0.00795350410044,0.0000698261064827],"max":[1.39900863171,15.4986429214,45.7106895447,97.3641891479,285.338745117,370.549285889,514.972595215,820.136962891,1108.48852539,1261.8828125,4849.13964844,2150.71166992,1090.77197266,751.54473877,1254.75952148,4685.85839844,3470.36132812,882.193847656,2698.69995117,1171.48522949,176.328369141,735.860656738,1156.60119629,814.825134277,553.355834961,1329.82397461,927.701965332,278.102661133,165.017974854,54.657497406,17.339258194,3.68737673759,0.900873422623,0.614547491074,0.385815501213,0.216116681695,0.518394291401,1.97740232944,3.20305299759,0.18762023747],"mean":[0.0433386340737,0.495733737946,1.41288340092,3.27451038361,11.2879323959,11.0088739395,17.232591629,15.742980957,23.6381549835,25.7966403961,33.0830764771,50.496837616,30.873840332,44.263168335,50.7787208557,53.638004303,45.4276542664,20.4332313538,23.5970630646,13.5936050415,7.67722797394,7.8380241394,8.32623291016,6.41964149475,7.00584793091,10.22585392,6.03863430023,3.39347219467,2.1404542923,0.846783816814,0.254794329405,0.0685694888234,0.0280814021826,0.0185406189412,0.0120026189834,0.00747549114749,0.0116510782391,0.0366000011563,0.0362833216786,0.0134026147425],"median":[0.0155669339001,0.177835643291,0.703424036503,1.72317051888,5.02483463287,6.31899738312,7.50478744507,6.3131980896,7.39585018158,11.6516838074,16.2147026062,20.4588336945,13.0345478058,23.3900299072,24.40599823,19.5571060181,16.3458213806,10.9789085388,10.8330011368,5.09642076492,3.55913472176,3.02886223793,2.11514949799,1.15848612785,1.44426655769,1.68655276299,1.2078192234,0.756920099258,0.598786830902,0.27715331316,0.0929578021169,0.0284206774086,0.0102406730875,0.00645754532889,0.00437548663467,0.00308619998395,0.00520527875051,0.0128703657538,0.01237456128,0.0101313255727],"min":[7.54820888207e-22,1.28354665781e-20,1.5695498476e-20,1.80586500885e-20,4.90035979731e-20,2.00681642177e-19,1.46970090817e-19,2.12255372362e-19,4.48125407043e-19,9.41652896753e-19,1.91046130584e-18,1.21613789378e-18,1.61231935688e-18,2.20814375596e-18,2.59106510025e-18,4.68985930155e-18,3.08739352692e-18,2.90663160881e-18,4.53251755492e-18,4.5219288159e-18,1.20833303111e-17,1.1857624982e-17,1.47976291926e-17,8.14561393282e-18,1.26950717331e-17,1.50788772183e-17,9.84264278828e-18,1.31920716236e-17,1.65790288162e-17,1.67497572402e-17,1.43857528045e-17,1.96624074152e-17,1.50662312811e-17,1.19974706179e-17,9.2866558211e-18,6.13461999047e-18,3.24952485608e-18,1.20841419821e-18,3.48874822927e-19,2.99737069829e-20],"var":[0.00736586051062,0.912734746933,4.62051868439,25.0097427368,353.211120605,240.149414062,1078.10571289,1303.62988281,4004.27001953,2544.79125977,8965.04003906,13781.4238281,4383.05615234,3556.09472656,6869.85839844,20687.1542969,17871.2402344,1710.89123535,5588.14208984,1315.421875,164.080627441,404.698699951,1317.94445801,874.964111328,763.086975098,2087.53491211,623.562866211,150.098022461,45.0514793396,6.46141290665,0.467338532209,0.0196045245975,0.00289933360182,0.00131983461324,0.000527130672708,0.000175301975105,0.000592752883676,0.0093635674566,0.0110451895744,0.000177564710611]},"erbbands_crest":{"dmean":2.66455411911,"dmean2":4.29811096191,"dvar":5.80779647827,"dvar2":14.3802747726,"max":28.3473167419,"mean":9.62841129303,"median":8.67512607574,"min":2.683791399,"var":16.1288776398},"erbbands_flatness_db":{"dmean":0.0204282384366,"dmean2":0.0307372640818,"dvar":0.000275531056104,"dvar2":0.000620592269115,"max":0.339616626501,"mean":0.176071763039,"median":0.174092441797,"min":0.0370371751487,"var":0.00139430467971},"erbbands_kurtosis":{"dmean":1.15231657028,"dmean2":1.80866897106,"dvar":1.77840769291,"dvar2":4.14762878418,"max":25.1294441223,"mean":1.59157955647,"median":0.969583272934,"min":-1.63938176632,"var":5.73233795166},"erbbands_skewness":{"dmean":0.333616673946,"dmean2":0.502555787563,"dvar":0.0845203772187,"dvar2":0.180287912488,"max":3.68836855888,"mean":0.271538317204,"median":0.280242085457,"min":-3.06559300423,"var":0.596306502819},"erbbands_spread":{"dmean":4.74197816849,"dmean2":7.2251996994,"dvar":21.587720871,"dvar2":48.1438674927,"max":118.820877075,"mean":21.3531322479,"median":19.4973182678,"min":2.94870758057,"var":110.993247986},"gfcc":{"cov":[[10850.3955078,445.788391113,-1193.4395752,-505.584259033,58.4668655396,-425.411437988,250.658721924,-387.912719727,-21.6430301666,-116.179679871,-44.6260795593,-27.8845977783,89.9811553955],[445.788391113,822.47833252,83.0553588867,-315.335205078,21.1264190674,19.4056015015,16.7522602081,-58.4771347046,-16.7206935883,-45.0304031372,33.7092552185,-44.5955085754,54.4411125183],[-1193.4395752,83.0553588867,408.683166504,67.829460144,-83.6705551147,159.547515869,-111.274871826,141.959381104,-40.8052024841,30.4395599365,12.894569397,-21.3239173889,15.969165802],[-505.584259033,-315.335205078,67.829460144,341.850708008,76.241394043,-35.9656562805,80.8397369385,20.7252388,56.8065986633,20.8501625061,-30.5055599213,33.8648986816,-53.2123641968],[58.4668655396,21.1264190674,-83.6705551147,76.241394043,189.457595825,18.1146183014,87.576210022,-64.0999679565,11.0567913055,-24.728263855,-10.5668506622,0.46950468421,-23.3237094879],[-425.411437988,19.4056015015,159.547515869,-35.9656562805,18.1146183014,251.688064575,-74.439956665,77.3978042603,-74.240272522,5.73864603043,14.4488353729,-18.9096183777,19.6704673767],[250.658721924,16.7522602081,-111.274871826,80.8397369385,87.576210022,-74.439956665,241.158691406,-31.3692722321,83.0151443481,-6.11931324005,-16.2608184814,27.1128959656,-26.2851486206],[-387.912719727,-58.4771347046,141.959381104,20.7252388,-64.0999679565,77.3978042603,-31.3692722321,203.303085327,23.0229644775,41.0032730103,15.0405635834,-23.1349182129,32.5976638794],[-21.6430301666,-16.7206935883,-40.8052024841,56.8065986633,11.0567913055,-74.240272522,83.0151443481,23.0229644775,131.812469482,45.5457992554,-8.17010116577,15.3658971786,-22.5810852051],[-116.179679871,-45.0304031372,30.4395599365,20.8501625061,-24.728263855,5.73864603043,-6.11931324005,41.0032730103,45.5457992554,76.8255004883,27.2577571869,-1.84822404385,3.65929698944],[-44.6260795593,33.7092552185,12.894569397,-30.5055599213,-10.5668506622,14.4488353729,-16.2608184814,15.0405635834,-8.17010116577,27.2577571869,64.2133865356,20.7572784424,13.2238588333],[-27.8845977783,-44.5955085754,-21.3239173889,33.8648986816,0.46950468421,-18.9096183777,27.1128959656,-23.1349182129,15.3658971786,-1.84822404385,20.7572784424,76.8913955688,11.1098232269],[89.9811553955,54.4411125183,15.969165802,-53.2123641968,-23.3237094879,19.6704673767,-26.2851486206,32.5976638794,-22.5810852051,3.65929698944,13.2238588333,11.1098232269,79.2890777588]],"icov":[[0.000185017153854,-0.000506916199811,0.00115027907304,-0.000632125651464,0.000607543159276,-0.000269943324383,0.0000774903164711,-0.000223784518312,0.000530342687853,-0.000392035726691,0.000336986209732,0.00000547871968593,-0.0000422749435529],[-0.000506916199811,0.00735757732764,-0.00993408635259,0.00952588114887,-0.0060261930339,0.00335883628577,-0.00274524348788,0.00426934985444,-0.00617717253044,0.00582057982683,-0.0048574260436,0.00337392627262,-0.00304452236742],[0.00115027907304,-0.00993408635259,0.0203975774348,-0.0157882198691,0.012158642523,-0.00838167592883,0.00439087301493,-0.00610188115388,0.0074010360986,-0.00574833154678,0.00418603979051,-0.00133245578036,0.00229341024533],[-0.000632125651464,0.00952588114887,-0.0157882198691,0.0202914420515,-0.0138631053269,0.00896386988461,-0.00429662875831,0.0014297432499,-0.0028073748108,-0.000209437319427,0.00229547498748,-0.00414806324989,0.00206908374093],[0.000607543159276,-0.0060261930339,0.012158642523,-0.0138631053269,0.0188275761902,-0.0100914267823,-0.000196636712644,0.00281296926551,-0.0014651096426,0.00432807626203,-0.00441988464445,0.00643923645839,-0.00226628920063],[-0.000269943324383,0.00335883628577,-0.00838167592883,0.00896386988461,-0.0100914267823,0.0125552015379,-0.000868207076564,-0.00367799773812,0.00616406090558,-0.00523328129202,0.00417302688584,-0.00496822269633,0.00284224469215],[0.0000774903164711,-0.00274524348788,0.00439087301493,-0.00429662875831,-0.000196636712644,-0.000868207076564,0.00850039999932,-0.00213565700687,-0.00206617219374,0.000315242970828,0.00151366961654,-0.00249332049862,0.00137656240258],[-0.000223784518312,0.00426934985444,-0.00610188115388,0.0014297432499,0.00281296926551,-0.00367799773812,-0.00213565700687,0.0149064119905,-0.0121012413874,0.00873542577028,-0.0101562663913,0.0111027397215,-0.00929677020758],[0.000530342687853,-0.00617717253044,0.0074010360986,-0.0028073748108,-0.0014651096426,0.00616406090558,-0.00206617219374,-0.0121012413874,0.0312286876142,-0.0257552973926,0.0188713762909,-0.015126356855,0.0116492630914],[-0.000392035726691,0.00582057982683,-0.00574833154678,-0.000209437319427,0.00432807626203,-0.00523328129202,0.000315242970828,0.00873542577028,-0.0257552973926,0.0409424714744,-0.0265432074666,0.017783658579,-0.010739245452],[0.000336986209732,-0.0048574260436,0.00418603979051,0.00229547498748,-0.00441988464445,0.00417302688584,0.00151366961654,-0.0101562663913,0.0188713762909,-0.0265432074666,0.0383242480457,-0.021160684526,0.0091647952795],[0.00000547871968593,0.00337392627262,-0.00133245578036,-0.00414806324989,0.00643923645839,-0.00496822269633,-0.00249332049862,0.0111027397215,-0.015126356855,0.017783658579,-0.021160684526,0.0304160360247,-0.0129640307277],[-0.0000422749435529,-0.00304452236742,0.00229341024533,0.00206908374093,-0.00226628920063,0.00284224469215,0.00137656240258,-0.00929677020758,0.0116492630914,-0.010739245452,0.0091647952795,-0.0129640307277,0.0226851291955]],"mean":[-26.3356208801,109.053596497,-98.9187088013,-19.8906402588,-24.1205825806,-24.1608276367,5.9851975441,-30.1050815582,-6.77763414383,-10.8881454468,-11.1166820526,-6.23453903198,-8.12400436401]},"hfc":{"dmean":24.20262146,"dmean2":34.4158477783,"dvar":837.169433594,"dvar2":1714.04272461,"max":804.455871582,"mean":93.5414352417,"median":79.1754608154,"min":1.09468619044e-16,"var":4420.90625},"melbands":{"dmean":[0.000273688376183,0.000454395951238,0.000395970942918,0.000519986264408,0.000317009573337,0.000191047991393,0.000178370522917,0.000154228982865,0.000164311713888,0.000166758822161,0.0000867024500621,0.000108253829239,0.0000947779117269,0.0000949844034039,0.0000646401676931,0.0000382274993171,0.0000187326531886,0.0000214067367779,0.0000162250908033,0.00000613892279944,0.0000047519911277,0.00000457034229839,0.00000491479249831,0.00000398047768613,0.0000030050487112,0.00000263162473857,0.00000401778788728,0.00000428797920904,0.00000252892164099,0.00000154836402544,0.00000102529691048,7.44223029869e-7,4.17002297581e-7,2.12122671428e-7,9.78147483011e-8,4.42889742658e-8,2.4756200645e-8,1.88862507855e-8,1.65454707712e-8,1.47463543598e-8],"dmean2":[0.000426918355515,0.000715892005246,0.000616310513578,0.000820129876956,0.000478751462651,0.000285046175122,0.000265970098553,0.000235267667449,0.000258909945842,0.00025226562866,0.00013271367061,0.000168412851053,0.000142078119097,0.000150123596541,0.0000994622678263,0.0000597707366978,0.000029590271879,0.0000332104027621,0.0000251050514635,0.0000094680726761,0.00000750940580474,0.00000713643885319,0.00000751351672079,0.00000588321017858,0.00000438990718976,0.00000390718741983,0.00000568389532418,0.00000643659495836,0.00000379438824893,0.000002254092351,0.00000147459400068,0.00000108467020254,6.0703644067e-7,3.09132275333e-7,1.43499988781e-7,6.77821034856e-8,3.99232931159e-8,3.10714582952e-8,2.72024127668e-8,2.42128361805e-8],"dvar":[3.10974712647e-7,7.39992628951e-7,4.06713297707e-7,8.05790364211e-7,4.50359664228e-7,2.31399894801e-7,2.28528449497e-7,1.34418144171e-7,2.85437153025e-7,1.95974578787e-7,4.54208404221e-8,3.31611040849e-8,3.78943632029e-8,6.03954148914e-8,3.7763182803e-8,9.96426408051e-9,1.27463162247e-9,5.88875215257e-9,2.47952147703e-9,2.48386283763e-10,1.00037825246e-10,1.50548629119e-10,7.36878780216e-10,4.37169661582e-10,2.1871256195e-10,1.27055130306e-10,3.35020511333e-10,5.05367692138e-10,1.71639341628e-10,5.03995872814e-11,1.62806712556e-11,7.18537252267e-12,2.11635743652e-12,4.74500592897e-13,7.85716367728e-14,1.0330086023e-14,2.17353969397e-15,1.30839940577e-15,1.01409230253e-15,7.97825626975e-16],"dvar2":[6.78595199588e-7,0.00000185194573987,8.83440350208e-7,0.00000197550821213,9.93285652839e-7,4.9384942713e-7,4.58276048221e-7,3.08020759121e-7,5.50946140265e-7,4.19862999479e-7,9.97622180421e-8,7.86491298754e-8,8.78756623024e-8,1.33784112677e-7,8.71832099847e-8,2.38683455223e-8,3.02559244325e-9,1.21965211264e-8,5.55200951879e-9,5.90394955147e-10,2.40726910627e-10,3.68756580826e-10,1.74499215078e-9,8.89048057395e-10,4.85710582865e-10,2.64864324917e-10,6.69941047082e-10,1.20230359002e-9,4.06525618724e-10,1.09224983225e-10,3.65461515217e-11,1.48090966573e-11,4.37900627218e-12,9.30497866258e-13,1.47920548423e-13,2.12803221361e-14,5.04175313084e-15,3.17624332089e-15,2.46321755039e-15,1.93863077616e-15],"max":[0.0134589159861,0.0242716856301,0.0177247151732,0.0181193742901,0.0174989458174,0.0166263338178,0.0141245331615,0.0126463584602,0.0469587855041,0.0138818239793,0.00573550816625,0.00329087930731,0.00414267368615,0.00882907025516,0.00846303347498,0.00399456406012,0.00145559373777,0.00408696290106,0.00185523729306,0.000589576025959,0.000192252904526,0.000491095182952,0.00145719898865,0.00116194644943,0.000710263673682,0.000353652634658,0.000617582525592,0.000905200606212,0.000721357588191,0.000251655670581,0.000151953849127,0.000122162746266,0.0000616687175352,0.0000242144669755,0.0000125541610032,0.00000404706088375,0.00000135169284476,6.39433039851e-7,5.65008463127e-7,5.02000091274e-7],"mean":[0.000484420044813,0.000744167889934,0.000804977607913,0.000861216278281,0.000569284078665,0.000376478128601,0.000353752344381,0.00026518755476,0.000287239352474,0.000309110386297,0.000148319726577,0.000179525915883,0.000170741288457,0.000168019789271,0.000122729688883,0.0000690040833433,0.0000351893468178,0.0000383259975933,0.0000274964622804,0.0000107629684862,0.0000084691992015,0.00000806866864878,0.00000800547513791,0.00000681283154336,0.00000497806377098,0.00000431447597293,0.00000643422072244,0.00000690617707733,0.00000418985155193,0.000002527931656,0.00000175697846316,0.00000133125809043,7.37076447876e-7,3.63238200407e-7,1.58864239097e-7,6.65925554699e-8,2.9314088934e-8,1.91795574978e-8,1.67925797712e-8,1.51024721617e-8],"median":[0.000178966874955,0.000357407086994,0.000409428554121,0.000442391319666,0.000263530993834,0.000153342203703,0.00012552033877,0.000124150712509,0.000143874814967,0.000118696741993,0.0000589845221839,0.0000906138739083,0.0000749757164158,0.0000612290750723,0.0000407824554713,0.0000252345034824,0.0000185340777534,0.0000179856215254,0.00000918208388612,0.00000433851346315,0.00000374599926545,0.00000314217754749,0.00000212082613871,0.00000140706993079,7.74404043113e-7,9.61659452514e-7,0.00000105521587557,0.00000107864457277,8.03531861493e-7,4.89296269279e-7,3.92694687434e-7,3.51745001126e-7,2.18366636773e-7,1.18539659866e-7,5.54248700269e-8,2.59512624723e-8,1.1707791181e-8,6.5700502816e-9,5.71607117195e-9,5.21667775644e-9],"min":[1.18863904591e-23,1.30635910219e-23,3.09515413734e-24,1.00104129621e-23,5.65035625646e-24,4.68590240791e-24,6.14105968837e-24,1.3239244313e-23,1.43110869799e-23,7.47297007416e-24,7.8063206046e-24,8.34191298304e-24,1.1307109386e-23,7.16624359927e-24,1.20051282248e-23,5.02511101943e-24,5.58795380898e-24,7.75487898497e-24,4.32320704066e-24,1.11540908808e-23,1.29630546438e-23,1.29456350173e-23,1.15997460163e-23,1.19577784267e-23,5.31566387362e-24,1.03878008638e-23,7.16680369052e-24,1.14622089063e-23,5.96542651314e-24,5.40777008962e-24,8.60196886905e-24,7.95208711153e-24,1.32917540503e-23,7.09598212503e-24,6.97343968315e-24,1.04457261312e-23,1.34817149118e-23,1.06796809764e-23,8.46267733244e-24,1.08168252336e-23],"var":[8.14166298824e-7,0.00000140314193686,0.00000147665218719,0.00000150263508658,0.0000010983383163,6.68260724979e-7,7.24248138795e-7,2.58804590203e-7,7.47676835999e-7,5.69873463974e-7,1.11963437632e-7,6.44918642934e-8,8.54774668824e-8,1.72118575392e-7,1.27828343466e-7,3.50368054569e-8,4.70917527196e-9,1.40792399961e-8,6.01027716485e-9,5.87637882798e-10,2.20766918635e-10,3.28754218293e-10,1.20552912097e-9,1.10484221771e-9,5.79755576879e-10,2.93969598664e-10,7.33344274195e-10,1.03722674893e-9,3.24904575466e-10,1.051251447e-10,3.71571870494e-11,1.83153023997e-11,5.518152775e-12,1.19742876638e-12,1.98637981064e-13,2.60687738757e-14,3.15762617198e-15,1.43884427959e-15,1.11328134296e-15,8.79536883693e-16]},"melbands_crest":{"dmean":3.08009505272,"dmean2":5.03802967072,"dvar":7.56538677216,"dvar2":20.862449646,"max":38.4486122131,"mean":11.8162260056,"median":10.9624843597,"min":1.57697105408,"var":20.6532821655},"melbands_flatness_db":{"dmean":0.025587098673,"dmean2":0.0384428985417,"dvar":0.000448653066996,"dvar2":0.000976084324066,"max":0.422375231981,"mean":0.23922662437,"median":0.239619135857,"min":0.00467722536996,"var":0.0026928151492},"melbands_kurtosis":{"dmean":2.58850741386,"dmean2":4.11588335037,"dvar":25.6793022156,"dvar2":69.3050689697,"max":265.1796875,"mean":4.11857271194,"median":2.22892570496,"min":-1.78704178333,"var":97.3903961182},"melbands_skewness":{"dmean":0.505005896091,"dmean2":0.78402286768,"dvar":0.207314953208,"dvar2":0.528394818306,"max":12.0425605774,"mean":1.43562114239,"median":1.31938314438,"min":-1.09747672081,"var":1.03712439537},"melbands_spread":{"dmean":4.78423643112,"dmean2":7.05665397644,"dvar":48.6334381104,"dvar2":88.6582870483,"max":136.571411133,"mean":20.2899112701,"median":16.8009281158,"min":1.39015984535,"var":229.585632324},"mfcc":{"cov":[[7072.39501953,763.858398438,-1008.61346436,290.330047607,-518.803833008,226.316543579,-178.244979858,-4.48738670349,-87.1598815918,-55.0318107605,-94.4800949097,-98.3240737915,3.03005552292],[763.858398438,1186.14904785,-24.9737110138,-240.269836426,-60.7705802917,17.970697403,40.8881721497,-45.8381347656,-10.7183618546,-64.0682983398,-15.0014657974,-33.321849823,-22.9876689911],[-1008.61346436,-24.9737110138,525.440307617,-158.030410767,148.297470093,-116.90423584,56.8477478027,-16.3080005646,18.3587760925,23.828584671,16.9558868408,10.0749225616,-17.0605735779],[290.330047607,-240.269836426,-158.030410767,406.727233887,-93.9180908203,67.4809417725,-62.9215278625,55.8083076477,26.0916061401,59.1403808594,11.4014863968,-6.14920806885,27.6158695221],[-518.803833008,-60.7705802917,148.297470093,-93.9180908203,214.631134033,1.28276491165,60.9405097961,-12.2019023895,-3.23551082611,-19.3641376495,4.48088550568,12.030547142,-14.276307106],[226.316543579,17.970697403,-116.90423584,67.4809417725,1.28276491165,185.707336426,26.7825698853,28.6008071899,-16.1842422485,-17.7121982574,-4.56943178177,-9.36971855164,11.2874221802],[-178.244979858,40.8881721497,56.8477478027,-62.9215278625,60.9405097961,26.7825698853,134.683395386,28.2061347961,12.3073759079,-11.379576683,-6.77318334579,6.33532190323,-0.472036063671],[-4.48738670349,-45.8381347656,-16.3080005646,55.8083076477,-12.2019023895,28.6008071899,28.2061347961,98.3749694824,34.2222824097,12.1884660721,5.72106170654,-0.203592017293,7.73139715195],[-87.1598815918,-10.7183618546,18.3587760925,26.0916061401,-3.23551082611,-16.1842422485,12.3073759079,34.2222824097,99.8257904053,47.0271949768,13.5167331696,6.68513011932,0.484574884176],[-55.0318107605,-64.0682983398,23.828584671,59.1403808594,-19.3641376495,-17.7121982574,-11.379576683,12.1884660721,47.0271949768,120.66116333,41.4988441467,-6.17083883286,8.61023044586],[-94.4800949097,-15.0014657974,16.9558868408,11.4014863968,4.48088550568,-4.56943178177,-6.77318334579,5.72106170654,13.5167331696,41.4988441467,77.6950378418,22.1729297638,-2.41513466835],[-98.3240737915,-33.321849823,10.0749225616,-6.14920806885,12.030547142,-9.36971855164,6.33532190323,-0.203592017293,6.68513011932,-6.17083883286,22.1729297638,73.2512207031,19.8910274506],[3.03005552292,-22.9876689911,-17.0605735779,27.6158695221,-14.276307106,11.2874221802,-0.472036063671,7.73139715195,0.484574884176,8.61023044586,-2.41513466835,19.8910274506,63.9213790894]],"icov":[[0.000231155398069,-0.000140733056469,0.000330185750499,-0.0000503897899762,0.000242407913902,-0.0000513719969604,0.0000749228202039,-0.0000105082035589,0.000154732188093,-0.00011066890147,0.000209432051633,0.0000220874717343,0.000128137151478],[-0.000140733056469,0.00119936163537,-0.000176306246431,0.000783585302997,0.000624529435299,-0.000335330201779,-0.000387625419535,0.0005429337034,-0.000618613034021,0.000670090783387,-0.000589268631302,0.000663314887788,-0.000131677224999],[0.000330185750499,-0.000176306246431,0.00356069928966,0.000500346359331,-0.00147118791938,0.001743559842,-0.00052195508033,-0.000310518633341,0.000361578102456,-0.00107329012826,0.000131623150082,0.000225943687838,0.000128867017338],[-0.0000503897899762,0.000783585302997,0.000500346359331,0.00434398185462,0.000916441145819,-0.00139319524169,0.00163208728191,-0.00162114109844,-0.000376732670702,-0.00147130177356,0.000271601602435,0.000107489991933,-0.000622317893431],[0.000242407913902,0.000624529435299,-0.00147118791938,0.000916441145819,0.00778399500996,-0.00161424349062,-0.00221620127559,0.00155186944176,-0.000426482642069,0.00123252090998,-0.000693039444741,-0.000364944920875,0.00116857863031],[-0.0000513719969604,-0.000335330201779,0.001743559842,-0.00139319524169,-0.00161424349062,0.0079809287563,-0.00209036003798,-0.00150428211782,0.00159895175602,0.000904625223484,-0.00103527819738,0.00147748133168,-0.0012870694045],[0.0000749228202039,-0.000387625419535,-0.00052195508033,0.00163208728191,-0.00221620127559,-0.00209036003798,0.0110149290413,-0.00382628198713,-0.000666220206767,-0.000577474886086,0.00193409936037,-0.00130502693355,-0.00000707072376827],[-0.0000105082035589,0.0005429337034,-0.000310518633341,-0.00162114109844,0.00155186944176,-0.00150428211782,-0.00382628198713,0.0147314853966,-0.00509259244427,0.00215030089021,-0.00196593534201,0.00163608393632,-0.00121900823433],[0.000154732188093,-0.000618613034021,0.000361578102456,-0.000376732670702,-0.000426482642069,0.00159895175602,-0.000666220206767,-0.00509259244427,0.0151391346008,-0.00649428879842,0.00223398022354,-0.00299582164735,0.00203956104815],[-0.00011066890147,0.000670090783387,-0.00107329012826,-0.00147130177356,0.00123252090998,0.000904625223484,-0.000577474886086,0.00215030089021,-0.00649428879842,0.0157004799694,-0.00879249535501,0.00574137596413,-0.00373783684336],[0.000209432051633,-0.000589268631302,0.000131623150082,0.000271601602435,-0.000693039444741,-0.00103527819738,0.00193409936037,-0.00196593534201,0.00223398022354,-0.00879249535501,0.0200890731066,-0.00842782203108,0.00452504726127],[0.0000220874717343,0.000663314887788,0.000225943687838,0.000107489991933,-0.000364944920875,0.00147748133168,-0.00130502693355,0.00163608393632,-0.00299582164735,0.00574137596413,-0.00842782203108,0.0196688622236,-0.00748819718137],[0.000128137151478,-0.000131677224999,0.000128867017338,-0.000622317893431,0.00116857863031,-0.0012870694045,-0.00000707072376827,-0.00121900823433,0.00203956104815,-0.00373783684336,0.00452504726127,-0.00748819718137,0.0195188689977]],"mean":[-688.79901123,177.154052734,-22.397611618,20.1768188477,-20.6300010681,17.23985672,-1.20399725437,-0.372794538736,-0.46881505847,-2.68119192123,-1.87675511837,-3.27210831642,0.0701730623841]},"pitch_salience":{"dmean":0.0615805014968,"dmean2":0.100553967059,"dvar":0.00295221339911,"dvar2":0.00845890399069,"max":0.932293891907,"mean":0.618017911911,"median":0.627070188522,"min":0.0787562280893,"var":0.00787335261703},"silence_rate_20dB":{"dmean":0,"dmean2":0,"dvar":0,"dvar2":0,"max":1,"mean":1,"median":1,"min":1,"var":0},"silence_rate_30dB":{"dmean":0.00471647549421,"dmean2":0.00943396240473,"dvar":0.00469462107867,"dvar2":0.0114881591871,"max":1,"mean":0.993676304817,"median":1,"min":0,"var":0.00628366693854},"silence_rate_60dB":{"dmean":0.00300139351748,"dmean2":0.00600343057886,"dvar":0.00299264863133,"dvar2":0.0078966608271,"max":1,"mean":0.0360128618777,"median":0,"min":0,"var":0.0347159579396},"spectral_centroid":{"dmean":157.608581543,"dmean2":223.007339478,"dvar":56296.4921875,"dvar2":77454.4453125,"max":10992.4091797,"mean":943.53717041,"median":778.982666016,"min":247.198471069,"var":365247.84375},"spectral_complexity":{"dmean":2.73684215546,"dmean2":4.10248708725,"dvar":9.169713974,"dvar2":14.8167190552,"max":62,"mean":17.5564842224,"median":17,"min":0,"var":62.4616699219},"spectral_contrast_coeffs":{"dmean":[0.052155751735,0.0451821945608,0.038395807147,0.0295266415924,0.0214710775763,0.0475114770234],"dmean2":[0.0852954238653,0.0746790096164,0.0620204471052,0.0480322912335,0.0341464877129,0.0729304403067],"dvar":[0.00169632164761,0.00127001991495,0.0009074046975,0.000527192023583,0.000307441543555,0.00168556231074],"dvar2":[0.00448950380087,0.00345262978226,0.00234289653599,0.00139574136119,0.00075817637844,0.00379245635122],"max":[-0.288613796234,-0.49480843544,-0.517512977123,-0.527262508869,-0.672563433647,-0.388496279716],"mean":[-0.624899685383,-0.767376422882,-0.763651549816,-0.782702744007,-0.817319750786,-0.73079097271],"median":[-0.62740778923,-0.772411108017,-0.767233490944,-0.784893274307,-0.816577732563,-0.74046009779],"min":[-0.957469105721,-0.96722817421,-0.969353437424,-0.961385607719,-0.962214708328,-0.960512518883],"var":[0.00779041973874,0.00355619285256,0.00338873662986,0.00229967245832,0.00130651157815,0.00667330669239]},"spectral_contrast_valleys":{"dmean":[0.398356288671,0.316916078329,0.285046637058,0.262325525284,0.291136413813,0.64492046833],"dmean2":[0.65202331543,0.515797138214,0.448784708977,0.384564220905,0.401972144842,1.02815163136],"dvar":[0.119224928319,0.0837215334177,0.0669254884124,0.0614674389362,0.0912436768413,0.309674531221],"dvar2":[0.27816170454,0.177722036839,0.134028345346,0.10953271389,0.145224049687,0.745276868343],"max":[-5.39942026138,-4.28731918335,-5.26510620117,-5.73584365845,-5.25555849075,-9.04166412354],"mean":[-7.39429187775,-6.41128396988,-6.90158700943,-7.69580221176,-8.09626579285,-11.5063514709],"median":[-7.27844333649,-6.25610494614,-6.7186498642,-7.52345848083,-7.98501682281,-11.4175682068],"min":[-27.393163681,-27.7078056335,-27.2099494934,-27.2894859314,-27.2688827515,-27.1687221527],"var":[0.997578382492,1.23195707798,1.35821783543,1.22054159641,1.23034703732,1.06473112106]},"spectral_decrease":{"dmean":1.49090395585e-9,"dmean2":2.16952522614e-9,"dvar":3.61943878525e-18,"dvar2":7.56631784315e-18,"max":1.91792182136e-9,"mean":-4.68603378323e-9,"median":-3.60024277057e-9,"min":-6.47959979005e-8,"var":1.7031559477e-17},"spectral_energy":{"dmean":0.0066971196793,"dmean2":0.00933146383613,"dvar":0.0000694123882568,"dvar2":0.000135098467581,"max":0.304102361202,"mean":0.0261706542224,"median":0.0212376266718,"min":9.84607542627e-21,"var":0.000412913417676},"spectral_energyband_high":{"dmean":0.000242546069785,"dmean2":0.000316473451676,"dvar":8.19955403131e-7,"dvar2":0.00000159434921443,"max":0.0452504567802,"mean":0.000550784985535,"median":0.000192182487808,"min":7.33127915084e-21,"var":0.000002638352953},"spectral_energyband_low":{"dmean":0.00196729251184,"dmean2":0.00302265002392,"dvar":0.0000116510382213,"dvar2":0.0000265062972176,"max":0.0849164649844,"mean":0.00391875579953,"median":0.00213187211193,"min":7.14971522781e-23,"var":0.0000297909955407},"spectral_energyband_middle_high":{"dmean":0.00203686626628,"dmean2":0.00295452051796,"dvar":0.0000110127875814,"dvar2":0.000023081081963,"max":0.109489023685,"mean":0.00582237076014,"median":0.00366522464901,"min":1.35693324934e-21,"var":0.0000557861021662},"spectral_energyband_middle_low":{"dmean":0.00443559978157,"dmean2":0.00649503339082,"dvar":0.0000414425339841,"dvar2":0.0000856699771248,"max":0.273372620344,"mean":0.0128957312554,"median":0.00902128778398,"min":2.57900743266e-22,"var":0.000172736195964},"spectral_entropy":{"dmean":0.165711089969,"dmean2":0.243993610144,"dvar":0.0226394496858,"dvar2":0.0472225025296,"max":9.80027770996,"mean":7.25487661362,"median":7.25724935532,"min":5.91096925735,"var":0.130471274257},"spectral_flux":{"dmean":0.0160538349301,"dmean2":0.0253525506705,"dvar":0.000264531292487,"dvar2":0.000647262088023,"max":0.290642589331,"mean":0.0786829143763,"median":0.0755696594715,"min":9.92273901934e-11,"var":0.00119837140664},"spectral_kurtosis":{"dmean":4.85591173172,"dmean2":7.36870527267,"dvar":30.3985023499,"dvar2":69.6681976318,"max":102.322746277,"mean":21.4953250885,"median":19.7215633392,"min":-1.15831768513,"var":87.7881622314},"spectral_rms":{"dmean":0.000612957635894,"dmean2":0.000840965018142,"dvar":3.61874924693e-7,"dvar2":6.53450001664e-7,"max":0.0172245539725,"mean":0.00469174748287,"median":0.00455188238993,"min":3.09934304783e-12,"var":0.00000351981907443},"spectral_rolloff":{"dmean":5717.40234375,"dmean2":10987.9833984,"dvar":64479456,"dvar2":147858080,"max":22050,"mean":11022.1757812,"median":5749.36523438,"min":21.533203125,"var":88779360},"spectral_skewness":{"dmean":0.367665439844,"dmean2":0.540578842163,"dvar":0.141559764743,"dvar2":0.295576453209,"max":7.75106096268,"mean":3.18892741203,"median":3.13777494431,"min":0.0373232737184,"var":0.666365027428},"spectral_spread":{"dmean":417080.34375,"dmean2":640889.8125,"dvar":233550233600,"dvar2":410755989504,"max":39523108,"mean":3544932.25,"median":3473123.5,"min":1507885.25,"var":780072517632},"spectral_strongpeak":{"dmean":1.17652761936,"dmean2":2.11892557144,"dvar":24.2320995331,"dvar2":64.5772247314,"max":102.683479309,"mean":1.37650024891,"median":0.560213923454,"min":0,"var":17.8850402832},"zerocrossingrate":{"dmean":0.0273768287152,"dmean2":0.0352974273264,"dvar":0.000514224113431,"dvar2":0.000848331139423,"max":0.5107421875,"mean":0.244948089123,"median":0.24462890625,"min":0.01953125,"var":0.00327762565576}},"metadata":{"audio_properties":{"analysis_sample_rate":44100,"bit_rate":192000,"codec":"mp3","downmix":"mix","equal_loudness":0,"length":216.607345581,"lossless":false,"md5_encoded":"21442990261869fd1abb4d9b8bcd4f53","replay_gain":0.0872383117676,"sample_rate":44100},"tags":{"album":["Green"],"artist":["R.E.M."],"date":["1988-11-07"],"file_name":"06 - R.E.M - The Wrong Child.mp3","musicbrainz_albumid":["7a8cb95b-fb1f-4c6e-8a9a-556ea37649fc"],"musicbrainz_artistid":["ea4dfa26-f633-4da6-a52a-f49ea4897b58"],"musicbrainz_recordingid":["5720038e-e3b4-40a3-8d53-944bc6068413"],"title":["The Wrong Child"],"tracknumber":["06/11"]},"version":{"essentia":"2.1-beta1","essentia_build_sha":"5a811adb4c06fd6d02ca903f7349a26d851abfa8","essentia_git_sha":"v2.1_beta1-34-gf95df8b","extractor":"music 1.0"}},"rhythm":{"beats_count":414,"beats_loudness":{"dmean":0.0177384987473,"dmean2":0.0302708167583,"dvar":0.000298572878819,"dvar2":0.000821626977995,"max":0.142659470439,"mean":0.0371442697942,"median":0.0329013727605,"min":3.87221241738e-8,"var":0.000564115296584},"beats_loudness_band_ratio":{"dmean":[0.166807413101,0.127794265747,0.121708266437,0.10671915859,0.0313231386244,0.0696849003434],"dmean2":[0.281103610992,0.220989242196,0.208083197474,0.17902392149,0.0551402159035,0.119796909392],"dvar":[0.0169947575778,0.0130108641461,0.0147341350093,0.00933300238103,0.00149513198994,0.00485340040177],"dvar2":[0.0479335784912,0.0338841751218,0.0404992625117,0.0256026145071,0.00421154685318,0.0135326925665],"max":[0.939794361591,0.68030834198,0.788393080235,0.586284041405,0.297152012587,0.623006224632],"mean":[0.311341226101,0.214140340686,0.175069987774,0.163123786449,0.0392838679254,0.161086186767],"median":[0.294430851936,0.184102356434,0.134877622128,0.134471654892,0.0245712399483,0.145441323519],"min":[0.0184995811433,0.0135241961107,0.00587843824178,0.000622103572823,0.0000789116456872,0.015456023