{"lowlevel":{"average_loudness":0.68697142601,"barkbands":{"dmean":[0.0000134108831844,0.000967753003351,0.000798232562374,0.000804404029623,0.00123509264085,0.000677002593875,0.00062750041252,0.000890649796929,0.00128833670169,0.000862725952175,0.000546249735635,0.000897005898878,0.000788188073784,0.000373313436285,0.000210492988117,0.000163109260029,0.000123025296489,0.0000949696041062,0.0000866741174832,0.0000612087824265,0.0000395500537707,0.00003780404586,0.0000319879618473,0.0000384595296055,0.0000304207387671,0.0000208105684578,0.00000209903441828],"dmean2":[0.0000223175120482,0.00158970535267,0.00134281918872,0.00124351168051,0.00197159079835,0.00105080800131,0.00102548429277,0.00139260001015,0.00196674000472,0.00130824605003,0.000870880438015,0.00139474566095,0.00123614445329,0.000577255676035,0.000315143028274,0.000251875404501,0.000194538064534,0.00015418411931,0.000131414577481,0.0000963852144196,0.0000600951934757,0.0000562127352168,0.0000476711866213,0.0000566683484067,0.0000420222932007,0.0000315830548061,0.00000333911202688],"dvar":[1.03713260202e-9,0.00000266648953584,0.00000245511341745,0.00000262163052867,0.00000546811952518,0.00000153474434228,0.00000170240616626,0.00000407128391089,0.00000995338177745,0.00000251821575148,0.00000169562679275,0.00000474573289466,0.00000492684375786,5.7283324395e-7,3.37610316592e-7,2.71960232112e-7,5.38681170781e-8,2.56214587324e-8,3.82010725275e-8,1.68619340712e-8,1.45568952448e-8,1.82920363301e-8,1.63601754366e-8,1.91584277331e-8,8.88986217973e-9,6.89496548745e-9,1.2472180233e-10],"dvar2":[2.7982685058e-9,0.00000722801587472,0.00000710506310497,0.0000065366398303,0.0000135197778945,0.00000365457140106,0.00000448043920187,0.0000104521004687,0.0000255254744843,0.00000609091148362,0.00000445134855909,0.0000119877895486,0.0000125561437017,0.00000129937188831,6.45664044896e-7,5.17525336363e-7,1.35989765226e-7,6.03540470934e-8,7.92737679944e-8,3.86101390859e-8,3.44696289289e-8,3.90228471758e-8,3.46362369896e-8,4.15042009649e-8,1.88248439059e-8,1.59180295611e-8,3.23670423796e-10],"max":[0.000528542557731,0.0214658863842,0.0240325871855,0.0367526672781,0.041100025177,0.046392314136,0.0170228164643,0.0464347526431,0.0582915879786,0.0303348060697,0.0355924367905,0.0444446206093,0.0589912906289,0.0157462265342,0.0251887366176,0.0240173246711,0.00405653798953,0.0038399042096,0.00758981285617,0.0041684973985,0.00487999524921,0.00650526862592,0.00446141790599,0.004237647634,0.00256350822747,0.00174548116047,0.000383605918614],"mean":[0.0000200377962756,0.00309793674387,0.0015311249299,0.0019530702848,0.00253280368634,0.00136189186014,0.000982768135145,0.00155744992662,0.00251792231575,0.00177454692312,0.00107245659456,0.00178618228529,0.00179010001011,0.000704490346834,0.000401875760872,0.000327835150529,0.000270924705546,0.000205790551263,0.000204421128728,0.000141488504596,0.0000885471235961,0.0000818042462924,0.0000593858567299,0.0000665333718644,0.0000507454205945,0.0000254192873399,0.00000291395326713],"median":[0.00000513977010996,0.00168227625545,0.000827298907097,0.000653321447317,0.00141267920844,0.000686369370669,0.000439304945758,0.000511861930136,0.0008200496668,0.000783408584539,0.000313811877277,0.000533209764399,0.0003261914826,0.000246853160206,0.000144263263792,0.00012740821694,0.000110538647277,0.000122683297377,0.0000864420944708,0.0000911401948542,0.0000390042769141,0.0000241920170083,0.0000168701462826,0.0000187089572137,0.00000915860800887,0.00000197964095605,2.73424632269e-7],"min":[2.07033515349e-23,3.28208892833e-23,6.69468069393e-24,6.84802105441e-24,1.69610206441e-23,9.29404237877e-23,6.19103150236e-23,7.35934333824e-23,4.50609276639e-23,8.88449987557e-23,5.82072378514e-23,8.12145049917e-23,8.10036393163e-23,1.09249536091e-22,1.19581039107e-22,1.92038165687e-22,1.46694302015e-22,2.79936745927e-22,2.7323276614e-22,1.53905525675e-22,4.62771302987e-22,7.65681672714e-22,5.19907400258e-22,9.12198966964e-22,1.22136236572e-21,1.66537175435e-21,2.59422641492e-21],"var":[1.57235613418e-9,0.0000119548594739,0.00000405232276535,0.0000118745219879,0.0000124198859339,0.00000519640752827,0.00000256910971075,0.00000825113784231,0.000018908544007,0.00000832833757158,0.00000467119571113,0.0000123073969007,0.0000204155167012,0.00000192056859305,9.84405915005e-7,0.00000114444389965,1.99013499014e-7,8.22809695933e-8,1.73739849174e-7,4.25139461413e-8,3.00530942354e-8,3.96304749017e-8,3.86049840984e-8,4.32164917186e-8,1.95465261754e-8,1.07731645826e-8,3.59131863137e-10]},"barkbands_crest":{"dmean":1.97750532627,"dmean2":3.22668075562,"dvar":3.61764717102,"dvar2":9.67693042755,"max":23.6253929138,"mean":8.6560792923,"median":7.96662330627,"min":2.50808024406,"var":11.6367788315},"barkbands_flatness_db":{"dmean":0.0152837214991,"dmean2":0.0229741334915,"dvar":0.000206638345844,"dvar2":0.000447023834568,"max":0.31836476922,"mean":0.132126033306,"median":0.131979256868,"min":0.0311781968921,"var":0.00120250985492},"barkbands_kurtosis":{"dmean":1.26723086834,"dmean2":1.99229180813,"dvar":3.94832730293,"dvar2":10.0300712585,"max":53.0103340149,"mean":1.69462633133,"median":0.683596134186,"min":-1.94119858742,"var":13.214258194},"barkbands_skewness":{"dmean":0.358138948679,"dmean2":0.541792333126,"dvar":0.122260950506,"dvar2":0.285218685865,"max":6.3133430481,"mean":0.919569313526,"median":0.838773131371,"min":-4.16966962814,"var":0.873866915703},"barkbands_spread":{"dmean":3.96855807304,"dmean2":6.10207843781,"dvar":25.224811554,"dvar2":53.3092422485,"max":160.095443726,"mean":21.321056366,"median":18.6308326721,"min":1.67647385597,"var":215.208847046},"dissonance":{"dmean":0.0215346068144,"dmean2":0.0367259383202,"dvar":0.000427209597547,"dvar2":0.00116841553245,"max":0.499998688698,"mean":0.456656545401,"median":0.462989628315,"min":0.273762404919,"var":0.000929028145038},"dynamic_complexity":5.88826608658,"erbbands":{"dmean":[0.0183026660234,0.254537254572,0.795384168625,1.88190722466,3.23189854622,4.57736349106,4.51782417297,6.58672046661,9.21963119507,11.9489812851,19.7952880859,32.32371521,29.1280975342,19.4924240112,25.9169044495,36.1962814331,36.4820327759,18.1959323883,12.0037994385,10.5179224014,6.62197780609,5.61288690567,5.55164432526,4.32877349854,3.89697313309,2.96456336975,1.92647302151,1.33952414989,1.41283929348,1.01705551147,0.926955282688,0.85782378912,0.592664003372,0.342924714088,0.235309183598,0.136654868722,0.0281715821475,0.00420965068042,0.000304477202008,0.0000174497945409],"dmean2":[0.0298900771886,0.419393181801,1.33713960648,2.96640300751,5.21078062057,7.39869499207,7.10942840576,10.2830276489,14.8145370483,19.1745471954,30.3835582733,49.1330032349,44.6948738098,29.7426052094,41.6546020508,55.2365150452,56.5708770752,27.9605998993,18.0578041077,15.9678850174,9.96519374847,8.6305065155,9.11206817627,6.67375898361,5.85256433487,4.67234277725,2.93491077423,1.99928712845,2.10515666008,1.48052024841,1.4007281065,1.29400920868,0.894064486027,0.49759298563,0.324344784021,0.208511054516,0.0426880270243,0.00643622176722,0.000482555944473,0.0000277789622487],"dvar":[0.00108792027459,0.184643223882,1.95149338245,14.2473335266,37.9702186584,98.57396698,116.293876648,157.515686035,361.300964355,650.930419922,2098.29907227,6931.15283203,3305.60888672,1577.56005859,3902.08740234,5490.14013672,9968.61914062,1370.00927734,805.184387207,1097.97155762,215.731369019,105.645179749,84.6108779907,74.3833847046,98.1131591797,40.3942985535,28.3292598724,16.222196579,24.2288169861,17.2841129303,14.8129320145,11.1166648865,4.18903064728,1.20007801056,0.556525349617,0.280622631311,0.0149508183822,0.000452762207715,0.00000205064225156,3.89830479008e-9],"dvar2":[0.00271084415726,0.510333299637,5.56146001816,37.9277305603,94.8462982178,245.615921021,284.761413574,369.555114746,911.608459473,1775.34509277,5205.82373047,17930.921875,8048.37304688,3794.1652832,10393.4375,13700.9033203,26354.1757812,3020.88720703,1587.47424316,2253.12402344,406.274017334,241.752838135,212.884094238,167.348007202,200.330093384,90.4845199585,66.3558425903,33.5174560547,51.0872612,33.9350776672,33.80260849,24.8434448242,9.30878162384,2.84446120262,1.1453346014,0.677118241787,0.0330165736377,0.00107621739153,0.00000532056810698,1.00661683433e-8],"max":[0.586720585823,5.64263963699,19.3407230377,70.7437973022,132.650909424,164.02532959,248.368560791,514.409851074,324.963653564,388.802215576,1168.34899902,1813.47753906,1305.2232666,872.406066895,1290.2668457,2263.7121582,2727.68212891,952.149169922,985.110839844,1680.89587402,726.00012207,195.52243042,198.454711914,241.565551758,323.825561523,167.792175293,163.377731323,210.327713013,245.402923584,180.459030151,129.512878418,98.0489425659,56.9069862366,26.1456832886,21.9262390137,11.2784729004,3.48523592949,0.921009302139,0.0407110787928,0.00130330724642],"mean":[0.0635965839028,0.78672504425,1.75650620461,4.46188688278,7.36745452881,8.848736763,8.60539054871,12.6264104843,15.078663826,20.9163131714,37.0640640259,64.3225402832,60.1769790649,42.632068634,52.4819450378,81.4680175781,86.1769104004,39.4955978394,25.9479637146,22.5577392578,15.6200723648,13.5030202866,12.6211233139,9.81243419647,9.53233337402,6.82510185242,4.61789941788,3.1969408989,3.12648487091,1.9173527956,1.70859146118,1.47795879841,1.02039885521,0.59435659647,0.35466837883,0.161189004779,0.0359552055597,0.00593728898093,0.000427862862125,0.0000460999362986],"median":[0.0329052060843,0.4117012918,1.18806099892,2.09737896919,3.78906178474,4.30069732666,3.73032999039,5.72263431549,7.07323789597,9.47483825684,15.9178533554,22.3843250275,27.4199523926,18.4441070557,17.0890426636,29.0359153748,21.4556293488,14.804936409,10.4205951691,9.26813697815,7.42245769501,6.11930656433,7.84189033508,5.21388483047,4.02273654938,4.29245185852,2.66434621811,1.19622612,0.854554533958,0.62065243721,0.471325039864,0.410857081413,0.269052267075,0.132202014327,0.0483249649405,0.0134596209973,0.00305241439492,0.000461142568383,0.0000620786449872,0.0000325194523612],"min":[1.49461893653e-21,5.49149497089e-21,5.89121748111e-21,2.26043435966e-20,5.2327406776e-20,4.10105355582e-20,1.16179236018e-19,9.85192168681e-19,9.36306828454e-19,1.13497999856e-18,1.51312571898e-18,1.09262731722e-18,1.76424431127e-18,3.08550672794e-18,2.6793939276e-18,3.68294681755e-18,3.98680375735e-18,4.87495378491e-18,6.84775348965e-18,8.16986355966e-18,1.04331157424e-17,7.45323977188e-18,1.04607510195e-17,1.77038157782e-17,1.07379210448e-17,8.17999321344e-18,1.79061375386e-17,2.11355300594e-17,3.00252003978e-17,1.58917112103e-17,1.45403677503e-17,1.76791492524e-17,1.65217267064e-17,1.42834437977e-17,8.34560056234e-18,5.1823312054e-18,3.34025809068e-18,1.46989984511e-18,3.56224426067e-19,3.66411866169e-20],"var":[0.00487389974296,0.799247205257,3.94615221024,41.1271514893,138.803359985,219.073013306,287.796295166,523.358215332,657.651000977,1178.421875,4185.29833984,12570.4824219,9809.28320312,5250.74609375,9622.17382812,18557.296875,39566.6835938,4972.13525391,2649.84960938,4160.84179688,1010.4576416,441.644470215,266.729095459,229.373214722,414.194732666,102.970718384,61.6034469604,49.1072616577,57.1216239929,34.9809188843,32.428062439,23.6476745605,9.46363353729,2.44500231743,1.11660087109,0.378404945135,0.0281229913235,0.00131837360095,0.0000046392292461,6.32159968816e-9]},"erbbands_crest":{"dmean":2.55615544319,"dmean2":4.10792827606,"dvar":6.15467357635,"dvar2":15.1905183792,"max":32.3480148315,"mean":10.0171470642,"median":9.26786804199,"min":2.42800784111,"var":18.5136165619},"erbbands_flatness_db":{"dmean":0.0161576699466,"dmean2":0.0234472397715,"dvar":0.000269487820333,"dvar2":0.000538782391232,"max":0.332017809153,"mean":0.170995756984,"median":0.174081414938,"min":0.0258258767426,"var":0.00162279664073},"erbbands_kurtosis":{"dmean":1.01150536537,"dmean2":1.60090768337,"dvar":3.18121051788,"dvar2":7.54721355438,"max":61.5471191406,"mean":1.39322757721,"median":0.738906621933,"min":-1.63778221607,"var":9.24985313416},"erbbands_skewness":{"dmean":0.303757399321,"dmean2":0.469964325428,"dvar":0.0826662480831,"dvar2":0.190900564194,"max":3.22800564766,"mean":0.315458387136,"median":0.371797531843,"min":-5.65894269943,"var":0.572728455067},"erbbands_spread":{"dmean":5.40398216248,"dmean2":8.20612621307,"dvar":36.6888885498,"dvar2":82.6446228027,"max":96.1487884521,"mean":26.5764331818,"median":23.7705345154,"min":1.69432830811,"var":168.660980225},"gfcc":{"cov":[[21834.6503906,904.069946289,-1488.19824219,54.0475463867,-1103.57507324,686.016418457,-363.990905762,296.188354492,-732.563049316,111.279403687,-230.696838379,-268.832641602,-229.262969971],[904.069946289,1331.79052734,-382.482666016,101.857704163,111.795921326,-136.695541382,18.2347373962,-54.305973053,61.9770622253,-90.4225158691,95.8054656982,-61.4939804077,91.0736312866],[-1488.19824219,-382.482666016,670.652526855,-3.71037650108,1.40832340717,9.49162197113,-11.707285881,30.3729228973,-17.1143302917,46.9266586304,-29.7796058655,56.5859489441,-5.6498541832],[54.0475463867,101.857704163,-3.71037650108,333.039337158,131.893096924,54.3359642029,8.82479000092,2.16833019257,59.9525604248,1.29939258099,15.4420032501,16.7281494141,32.2420501709],[-1103.57507324,111.795921326,1.40832340717,131.893096924,284.98449707,0.559247195721,33.5246238708,-5.25425720215,83.9561309814,-7.61067485809,24.8115177155,34.21352005,19.9215316772],[686.016418457,-136.695541382,9.49162197113,54.3359642029,0.559247195721,244.319671631,84.1325302124,28.5456581116,-43.4219589233,20.328453064,-0.827669739723,-3.52840328217,-31.3932571411],[-363.990905762,18.2347373962,-11.707285881,8.82479000092,33.5246238708,84.1325302124,181.672546387,15.2217597961,20.1114463806,4.09949064255,20.6282501221,-6.35515785217,-19.9520683289],[296.188354492,-54.305973053,30.3729228973,2.16833019257,-5.25425720215,28.5456581116,15.2217597961,99.6902542114,20.5315952301,21.7572822571,-13.1074504852,0.0584029741585,-7.94124174118],[-732.563049316,61.9770622253,-17.1143302917,59.9525604248,83.9561309814,-43.4219589233,20.1114463806,20.5315952301,139.335662842,17.334312439,7.82810211182,9.07641410828,16.7911453247],[111.279403687,-90.4225158691,46.9266586304,1.29939258099,-7.61067485809,20.328453064,4.09949064255,21.7572822571,17.334312439,85.6563873291,9.75801563263,11.0624046326,-10.5191822052],[-230.696838379,95.8054656982,-29.7796058655,15.4420032501,24.8115177155,-0.827669739723,20.6282501221,-13.1074504852,7.82810211182,9.75801563263,85.2241287231,10.669878006,16.2275657654],[-268.832641602,-61.4939804077,56.5859489441,16.7281494141,34.21352005,-3.52840328217,-6.35515785217,0.0584029741585,9.07641410828,11.0624046326,10.669878006,75.6406326294,15.8587522507],[-229.262969971,91.0736312866,-5.6498541832,32.2420501709,19.9215316772,-31.3932571411,-19.9520683289,-7.94124174118,16.7911453247,-10.5191822052,16.2275657654,15.8587522507,86.2122192383]],"icov":[[0.000183050942724,-0.00026738611632,0.000401590077672,-0.000296396028716,0.000581566942856,-0.000474068016047,0.000496307155117,-0.000650835339911,0.000795673404355,-0.000581485393923,0.000546276278328,-0.000208431229112,0.000363908329746],[-0.00026738611632,0.00164119829424,-0.0000820726854727,0.000122823636048,-0.00114659662358,0.00141299795359,-0.00103924050927,0.0009223940433,-0.00106949894689,0.00158699869644,-0.00187218456995,0.00136190478224,-0.00136836711317],[0.000401590077672,-0.0000820726854727,0.00281390966848,-0.000817670370452,0.00106183497701,-0.00056272483198,0.000859287218191,-0.00180924381129,0.00235053920187,-0.00191811739933,0.00158794212621,-0.00132262997795,0.000479343434563],[-0.000296396028716,0.000122823636048,-0.000817670370452,0.00482448004186,-0.00240469281562,-0.00116182211787,0.000177627676749,0.00139090279117,-0.00282694702037,0.00100580346771,-0.00080942834029,0.000302048312733,-0.00170388026163],[0.000581566942856,-0.00114659662358,0.00106183497701,-0.00240469281562,0.00733243441209,-0.00179134996142,0.00105958047789,-0.00141232239548,-0.000201538205147,-0.00063213246176,0.00115640484728,-0.00285426573828,0.00176468619611],[-0.000474068016047,0.00141299795359,-0.00056272483198,-0.00116182211787,-0.00179134996142,0.0083612985909,-0.00463271280751,0.0000101805881059,0.00167780078482,0.000180879622349,-0.00139153900091,0.000960707024205,-0.000187829660717],[0.000496307155117,-0.00103924050927,0.000859287218191,0.000177627676749,0.00105958047789,-0.00463271280751,0.00912869814783,-0.00202446058393,-0.000202088514925,-0.00054026854923,-0.000480309594423,-0.0000372955473722,0.00247263233177],[-0.000650835339911,0.0009223940433,-0.00180924381129,0.00139090279117,-0.00141232239548,0.0000101805881059,-0.00202446058393,0.0142660690472,-0.00551236607134,-0.0000230939058383,0.0000545270995644,0.000863512861542,-0.00126658903901],[0.000795673404355,-0.00106949894689,0.00235053920187,-0.00282694702037,-0.000201538205147,0.00167780078482,-0.000202088514925,-0.00551236607134,0.0153564652428,-0.00577323930338,0.00321607827209,-0.000545533781406,0.000359668338206],[-0.000581485393923,0.00158699869644,-0.00191811739933,0.00100580346771,-0.00063213246176,0.000180879622349,-0.00054026854923,-0.0000230939058383,-0.00577323930338,0.0169987138361,-0.00537829659879,-0.00048814972979,0.000660758989397],[0.000546276278328,-0.00187218456995,0.00158794212621,-0.00080942834029,0.00115640484728,-0.00139153900091,-0.000480309594423,0.0000545270995644,0.00321607827209,-0.00537829659879,0.0166601017118,-0.00297560519539,-0.000913977739401],[-0.000208431229112,0.00136190478224,-0.00132262997795,0.000302048312733,-0.00285426573828,0.000960707024205,-0.0000372955473722,0.000863512861542,-0.000545533781406,-0.00048814972979,-0.00297560519539,0.0171661414206,-0.00366325979121],[0.000363908329746,-0.00136836711317,0.000479343434563,-0.00170388026163,0.00176468619611,-0.000187829660717,0.00247263233177,-0.00126658903901,0.000359668338206,0.000660758989397,-0.000913977739401,-0.00366325979121,0.0155170513317]],"mean":[-36.4408035278,106.209358215,-125.60660553,21.3136386871,-52.7527046204,18.2231330872,-29.419593811,8.8805065155,-24.568572998,-1.28687119484,-12.8957481384,-5.406457901,-10.6468400955]},"hfc":{"dmean":4.47595119476,"dmean2":6.59815454483,"dvar":42.1893692017,"dvar2":94.5483779907,"max":140.597045898,"mean":19.6890392303,"median":15.3171758652,"min":1.19957322151e-16,"var":327.541748047},"melbands":{"dmean":[0.000218866975047,0.000380761630367,0.000349212001311,0.000272341450909,0.000169722319697,0.000144980338519,0.000135409558425,0.00014870717132,0.000174254586454,0.000198973255465,0.000144940247992,0.0000815977473394,0.0000793209983385,0.000101505916973,0.000106965700979,0.0000567647002754,0.0000377305004804,0.000022414356863,0.0000143546876643,0.0000155330799316,0.00000734697550797,0.00000625496431894,0.00000714990665074,0.00000401964507546,0.00000386086639992,0.00000352460915565,0.00000231777494264,0.00000209723634725,0.00000139277778999,0.00000103829006548,8.19700574084e-7,9.27534529183e-7,6.88652960434e-7,5.68687141822e-7,5.44450699635e-7,5.82654081427e-7,5.55175347472e-7,4.64699780878e-7,3.72626942635e-7,2.73757422065e-7],"dmean2":[0.000356900476618,0.000634458847344,0.00054760283092,0.000441292213509,0.000265907146968,0.00022706015443,0.000217570690438,0.000238552267547,0.000266715680482,0.000304336077534,0.000222094851779,0.000124355399748,0.000127072897158,0.000159763279953,0.000162770287716,0.0000881388332346,0.0000585086090723,0.000034054977732,0.000021531332095,0.0000239354612859,0.0000112244506454,0.00000957968859439,0.0000118126499729,0.00000643028306513,0.00000598713359068,0.00000522513482792,0.00000360405829269,0.00000335983895638,0.00000213489920498,0.00000163642198459,0.00000121208688597,0.00000141368252571,0.00000103849106381,8.40431880533e-7,8.36493711631e-7,9.00128895864e-7,8.54127392813e-7,7.10560584594e-7,5.68123880385e-7,4.07978461681e-7],"dvar":[1.40545708405e-7,3.82905511742e-7,4.59973108491e-7,2.44948466843e-7,1.57845803983e-7,7.2607413415e-8,7.43360075717e-8,1.02406879421e-7,1.59772099551e-7,2.52925133282e-7,8.17827086053e-8,2.86079657741e-8,3.63363170663e-8,7.31235019202e-8,6.22594669153e-8,1.93100913037e-8,6.50275699954e-9,2.92235280419e-9,1.67545044505e-9,2.76225509133e-9,2.28649085776e-10,1.38483113865e-10,1.89599322353e-10,5.47261437556e-11,6.42982680987e-11,1.14932556528e-10,2.87066048016e-11,2.01498956409e-11,1.04451369429e-11,1.47428493025e-11,6.66440427149e-12,9.05033600146e-12,8.90427141742e-12,5.47073063933e-12,5.18496270224e-12,5.08899693219e-12,5.96108709269e-12,3.50112495419e-12,1.46698451997e-12,8.41609225886e-13],"dvar2":[3.62572848189e-7,0.0000010937043271,0.00000117622562357,6.31559316844e-7,3.79746580847e-7,1.71823984374e-7,1.88708725091e-7,2.77034672536e-7,3.96522267465e-7,6.49379387596e-7,1.99685501912e-7,6.89773855811e-8,9.69403686213e-8,1.8536381674e-7,1.50068501625e-7,4.90717404489e-8,1.48065542049e-8,5.8701523642e-9,3.29319949088e-9,5.41866373993e-9,4.77302863899e-10,3.031978002e-10,5.11057418606e-10,1.28992372339e-10,1.44232542576e-10,2.24799581727e-10,6.65735938599e-11,4.59556802335e-11,2.29855145334e-11,4.02521072029e-11,1.29170042718e-11,1.92998221571e-11,2.01441224812e-11,1.03793805148e-11,1.20354438221e-11,1.13498307974e-11,1.41522488173e-11,7.94364400647e-12,3.63221432098e-12,2.05212583038e-12],"max":[0.00504305167124,0.00869463663548,0.013204049319,0.00668462272733,0.00850929878652,0.0106781534851,0.00466989958659,0.00594585947692,0.00952637754381,0.0104289511219,0.00629609962925,0.00384914269671,0.00501005351543,0.00502574862912,0.00605733599514,0.00334179098718,0.00180598103907,0.00188795942813,0.00191363377962,0.00254827458411,0.000507025513798,0.000219607187319,0.000316558056511,0.000204112613574,0.000227627402637,0.000386768137105,0.000178868955118,0.000112185654871,0.0000966698789853,0.000131045337184,0.000142230055644,0.000138034884003,0.000135668335133,0.0000971807676251,0.0000851093427627,0.0000853341116454,0.000079898731201,0.0000641863371129,0.000035046654375,0.0000225435196626],"mean":[0.000752144667786,0.000996492570266,0.000879727071151,0.000582458742429,0.00032954942435,0.000280526262941,0.000222206072067,0.000255978404311,0.000323500367813,0.000396238348912,0.000290244264761,0.000168244732777,0.000157933827722,0.0001943695097,0.000252641970292,0.000124793325085,0.0000716099675628,0.0000441311094619,0.0000276223181572,0.0000305365356326,0.0000162145788636,0.0000140203574119,0.0000143799597936,0.00000876085869095,0.00000764159904065,0.00000808993081591,0.00000509397432324,0.00000437984499513,0.00000313380587613,0.00000205687842936,0.00000185192197932,0.00000198956786335,0.0000012479712268,9.78988850875e-7,9.53469850629e-7,0.00000100039051176,8.78844389263e-7,7.43606733522e-7,6.19266131707e-7,4.50190213996e-7],"median":[0.000405376486015,0.000729094084818,0.000445943675004,0.000341120088706,0.000149663828779,0.000136652728543,0.000104115591967,0.000104970633402,0.000130199245177,0.000132479995955,0.000123570047435,0.0000633591553196,0.0000449456347269,0.0000664079343551,0.0000707555227564,0.0000235577062995,0.0000235941915889,0.0000155063826242,0.0000106691641122,0.000011020587408,0.00000695185826771,0.00000555614769837,0.00000739974530006,0.00000500939131598,0.00000362434502676,0.00000241227417064,0.00000280264112007,0.0000025235042358,0.00000182076507826,8.94860534117e-7,4.84651650368e-7,4.65080177037e-7,3.96483017084e-7,2.8748644354e-7,2.39938685809e-7,2.5900970968e-7,2.26224500466e-7,1.81844569624e-7,1.53034307004e-7,9.05552610675e-8],"min":[1.19132259294e-23,4.35657033492e-24,4.31101716752e-24,3.84831750888e-24,3.48854999887e-24,2.15471140037e-23,1.4735992707e-23,1.44724216568e-23,1.04434242351e-23,6.93917866517e-24,9.38690992444e-24,1.29628590063e-23,8.27141800596e-24,1.09284458963e-23,7.08627598045e-24,8.94845393357e-24,8.58333518561e-24,1.09371107445e-23,9.651902502e-24,1.20387329105e-23,1.34653066049e-23,9.2328422342e-24,6.59727569923e-24,1.23769018034e-23,1.50015942852e-23,1.01411627129e-23,5.03580955103e-24,5.26907295969e-24,9.26336326263e-24,1.31356203334e-23,1.25003656348e-23,1.94118284609e-23,9.87038620717e-24,9.08816987735e-24,8.28561513568e-24,8.3777864327e-24,1.15932071482e-23,1.04633871491e-23,1.40518672865e-23,1.07791374039e-23],"var":[6.92668322699e-7,0.00000100392651348,0.00000167692826381,5.830170835e-7,3.79991746513e-7,2.38563217181e-7,1.33500208221e-7,1.92204609561e-7,3.0359228731e-7,4.80385835999e-7,2.3987769282e-7,9.38147408647e-8,9.85793064956e-8,1.77647933697e-7,2.7515329748e-7,7.92765959545e-8,2.03446131053e-8,9.67890212422e-9,5.22172749484e-9,1.1883565243e-8,8.50114478812e-10,5.88333104456e-10,4.83399154039e-10,1.73622283217e-10,1.70006370093e-10,5.39127076316e-10,6.47487272132e-11,4.81774550809e-11,2.66302188634e-11,2.04704482532e-11,2.15207626025e-11,2.35279885852e-11,1.34358696044e-11,1.14229268405e-11,1.097564227e-11,1.15749840268e-11,1.03119015063e-11,7.2321198509e-12,2.59481585524e-12,1.5958839068e-12]},"melbands_crest":{"dmean":2.40778112411,"dmean2":3.93069267273,"dvar":5.5581703186,"dvar2":15.1811981201,"max":34.6542701721,"mean":11.4016580582,"median":10.4389438629,"min":2.10836935043,"var":18.4353733063},"melbands_flatness_db":{"dmean":0.0170336645097,"dmean2":0.0258408002555,"dvar":0.000268483650871,"dvar2":0.000600631232373,"max":0.415056586266,"mean":0.194262251258,"median":0.192596673965,"min":0.0056464811787,"var":0.00206026202068},"melbands_kurtosis":{"dmean":2.7417011261,"dmean2":4.35910892487,"dvar":22.03166008,"dvar2":55.9632911682,"max":130.479324341,"mean":5.28466939926,"median":2.60748267174,"min":-1.90511643887,"var":77.6727828979},"melbands_skewness":{"dmean":0.470327347517,"dmean2":0.72442483902,"dvar":0.23430877924,"dvar2":0.564548373222,"max":9.53898525238,"mean":1.64532828331,"median":1.43085730076,"min":-1.49325895309,"var":1.45276772976},"melbands_spread":{"dmean":4.96754217148,"dmean2":7.55020809174,"dvar":47.8158149719,"dvar2":108.185409546,"max":288.353759766,"mean":26.2238273621,"median":22.9296550751,"min":1.91428363323,"var":430.842407227},"mfcc":{"cov":[[14350.8701172,1447.06616211,-340.330200195,-595.27142334,-666.754821777,-137.347091675,261.595306396,-26.5033721924,-130.994262695,65.9179992676,30.2845592499,-20.5567874908,-184.283035278],[1447.06616211,1217.19482422,-286.000030518,124.947296143,20.2478027344,-60.48254776,-10.3875370026,1.70858383179,-22.4673519135,-3.30604720116,-26.6961421967,4.97993135452,8.73114871979],[-340.330200195,-286.000030518,504.548095703,-21.3863582611,-6.58756351471,2.74889421463,45.6756706238,-22.7903347015,19.0596427917,-20.6092567444,-17.9207839966,10.415520668,17.3456096649],[-595.27142334,124.947296143,-21.3863582611,285.027252197,138.406356812,32.8988304138,-49.0303573608,18.2135734558,27.9318637848,17.1292247772,-7.03693342209,1.33674776554,26.3360137939],[-666.754821777,20.2478027344,-6.58756351471,138.406356812,227.681610107,35.713142395,-34.5757141113,18.6266860962,20.0216732025,6.88197565079,-7.61744451523,-4.85226488113,19.0091552734],[-137.347091675,-60.48254776,2.74889421463,32.8988304138,35.713142395,177.928543091,73.5646514893,53.2291526794,17.9537944794,15.626616478,37.3569030762,18.2157382965,-3.68572950363],[261.595306396,-10.3875370026,45.6756706238,-49.0303573608,-34.5757141113,73.5646514893,170.207458496,44.2366828918,0.493500500917,0.465198546648,24.7186107635,23.168384552,-11.0630426407],[-26.5033721924,1.70858383179,-22.7903347015,18.2135734558,18.6266860962,53.2291526794,44.2366828918,110.755867004,29.6756668091,11.7364759445,26.6775169373,8.70309066772,-0.693908452988],[-130.994262695,-22.4673519135,19.0596427917,27.9318637848,20.0216732025,17.9537944794,0.493500500917,29.6756668091,90.6841278076,28.8987827301,10.3695764542,2.25989699364,6.99273824692],[65.9179992676,-3.30604720116,-20.6092567444,17.1292247772,6.88197565079,15.626616478,0.465198546648,11.7364759445,28.8987827301,89.7860870361,41.95054245,1.11938369274,-2.46944904327],[30.2845592499,-26.6961421967,-17.9207839966,-7.03693342209,-7.61744451523,37.3569030762,24.7186107635,26.6775169373,10.3695764542,41.95054245,100.955635071,26.0985565186,-8.49897193909],[-20.5567874908,4.97993135452,10.415520668,1.33674776554,-4.85226488113,18.2157382965,23.168384552,8.70309066772,2.25989699364,1.11938369274,26.0985565186,77.5476760864,22.4509048462],[-184.283035278,8.73114871979,17.3456096649,26.3360137939,19.0091552734,-3.68572950363,-11.0630426407,-0.693908452988,6.99273824692,-2.46944904327,-8.49897193909,22.4509048462,74.4455795288]],"icov":[[0.000104920974991,-0.000147870290675,-0.0000105441813503,0.00016740844876,0.000198842855752,-0.00000641300221105,-0.0000711508619133,-0.0000161138741532,0.0000649341745884,-0.000169318576809,0.0000510660065629,0.0000131917850013,0.000148620107211],[-0.000147870290675,0.00128276401665,0.000658097967971,-0.000897533493116,-0.000143740297062,0.000624207488727,-0.00046302357805,0.0000587838003412,0.0000541538465768,0.000250573590165,0.000220189482206,-0.000223185910727,-0.000257289386354],[-0.0000105441813503,0.000658097967971,0.00257773697376,-0.000308012793539,-0.0000504197851114,0.000436190835899,-0.00123138132039,0.0009563951171,-0.000864107103553,0.000601035717409,0.000333807489369,-0.000169289953192,-0.000544267008081],[0.00016740844876,-0.000897533493116,-0.000308012793539,0.00608890829608,-0.002513658721,-0.00127859564964,0.00160700781271,-0.000497178873047,-0.000512762635481,-0.00104711158201,0.000604508211836,-0.000244329043198,-0.000593743228819],[0.000198842855752,-0.000143740297062,-0.0000504197851114,-0.002513658721,0.00695404503495,-0.00114714051597,0.000873165612575,-0.000656732008792,-0.0000452191634395,-0.000184336764505,0.000524249160662,0.000577100319788,-0.000414820678998],[-0.00000641300221105,0.000624207488727,0.000436190835899,-0.00127859564964,-0.00114714051597,0.0087550515309,-0.00366794341244,-0.00175263162237,-0.000291238131467,0.0000666045743856,-0.00165176566225,-0.000469094695291,0.00040901984903],[-0.0000711508619133,-0.00046302357805,-0.00123138132039,0.00160700781271,0.000873165612575,-0.00366794341244,0.00955610815436,-0.00284017017111,0.000889585411642,0.0000738244561944,0.0000664737308398,-0.00182877632324,0.00106364465319],[-0.0000161138741532,0.0000587838003412,0.0009563951171,-0.000497178873047,-0.000656732008792,-0.00175263162237,-0.00284017017111,0.0127857010812,-0.00388234620914,0.00131829525344,-0.00226630596444,0.000614861666691,-0.000351460912498],[0.0000649341745884,0.0000541538465768,-0.000864107103553,-0.000512762635481,-0.0000452191634395,-0.000291238131467,0.000889585411642,-0.00388234620914,0.0142408227548,-0.00476241763681,0.00122788967565,-0.000192183273612,-0.00066723494092],[-0.000169318576809,0.000250573590165,0.000601035717409,-0.00104711158201,-0.000184336764505,0.0000666045743856,0.0000738244561944,0.00131829525344,-0.00476241763681,0.0162606909871,-0.00713434442878,0.00216530379839,-0.000625264656264],[0.0000510660065629,0.000220189482206,0.000333807489369,0.000604508211836,0.000524249160662,-0.00165176566225,0.0000664737308398,-0.00226630596444,0.00122788967565,-0.00713434442878,0.0157409235835,-0.00539977103472,0.00265555246733],[0.0000131917850013,-0.000223185910727,-0.000169289953192,-0.000244329043198,0.000577100319788,-0.000469094695291,-0.00182877632324,0.000614861666691,-0.000192183273612,0.00216530379839,-0.00539977103472,0.0170712210238,-0.00592673756182],[0.000148620107211,-0.000257289386354,-0.000544267008081,-0.000593743228819,-0.000414820678998,0.00040901984903,0.00106364465319,-0.000351460912498,-0.00066723494092,-0.000625264656264,0.00265555246733,-0.00592673756182,0.0165809728205]],"mean":[-671.022155762,134.228286743,-9.22267818451,12.0862102509,0.932586371899,5.54622507095,7.44119119644,5.51487064362,-0.104987353086,2.90118288994,-0.452640473843,1.64971387386,-3.35807085037]},"pitch_salience":{"dmean":0.0567279905081,"dmean2":0.0919836908579,"dvar":0.0025243347045,"dvar2":0.00659155333415,"max":0.855624258518,"mean":0.553674042225,"median":0.552294790745,"min":0.227468132973,"var":0.00977410096675},"silence_rate_20dB":{"dmean":0,"dmean2":0,"dvar":0,"dvar2":0,"max":1,"mean":1,"median":1,"min":1,"var":0},"silence_rate_30dB":{"dmean":0.000365831365343,"dmean2":0.000731796550099,"dvar":0.000365689891623,"dvar2":0.00109712884296,"max":1,"mean":0.99981713295,"median":1,"min":0,"var":0.000182862379006},"silence_rate_60dB":{"dmean":0.00768245849758,"dmean2":0.0153677277267,"dvar":0.00762196397409,"dvar2":0.0184249635786,"max":1,"mean":0.189465984702,"median":0,"min":0,"var":0.1535615623},"spectral_centroid":{"dmean":162.912765503,"dmean2":245.05039978,"dvar":40576.2929688,"dvar2":73530,"max":11189.9902344,"mean":1252.62060547,"median":1158.23913574,"min":243.630233765,"var":327938.1875},"spectral_complexity":{"dmean":2.17413568497,"dmean2":3.4039516449,"dvar":4.92055559158,"dvar2":10.8953084946,"max":41,"mean":16.5982074738,"median":18,"min":0,"var":77.0167617798},"spectral_contrast_coeffs":{"dmean":[0.0412449687719,0.0433443747461,0.0373758897185,0.0299554541707,0.020931057632,0.0159659627825],"dmean2":[0.0677496939898,0.0713552609086,0.0590215586126,0.0477312840521,0.0327716059983,0.025020673871],"dvar":[0.00125041650608,0.00124330434483,0.000962753489148,0.000603910360951,0.000323685613694,0.000220816145884],"dvar2":[0.00337823829614,0.0033589345403,0.00236915145069,0.00145375437569,0.00076590734534,0.000508909753989],"max":[-0.327748656273,-0.42488270998,-0.419350326061,-0.487536162138,-0.572905957699,-0.620779395103],"mean":[-0.66444838047,-0.730788052082,-0.718443155289,-0.734094202518,-0.766503334045,-0.776549696922],"median":[-0.670685529709,-0.724380731583,-0.708302259445,-0.728662133217,-0.761054635048,-0.776900529861],"min":[-0.961291491985,-0.964324831963,-0.952375531197,-0.961419224739,-0.965312540531,-0.957534492016],"var":[0.00841486640275,0.00675306702033,0.00842665415257,0.00669236155227,0.00318089942448,0.00163310207427]},"spectral_contrast_valleys":{"dmean":[0.344599246979,0.328964203596,0.303828001022,0.248502627015,0.195362389088,0.266153216362],"dmean2":[0.560632526875,0.528435707092,0.476592481136,0.385949403048,0.291207998991,0.369715631008],"dvar":[0.11140538007,0.0913775190711,0.0883684754372,0.0678821355104,0.0591618269682,0.137162894011],"dvar2":[0.248727306724,0.194934025407,0.182079926133,0.121369309723,0.0931663960218,0.241914957762],"max":[-5.60073137283,-5.0126581192,-4.95652627945,-6.21944999695,-6.04077529907,-7.7906794548],"mean":[-7.51793670654,-7.06891822815,-7.511947155,-8.10713005066,-8.19867515564,-10.7715940475],"median":[-7.11050891876,-6.7274646759,-7.21288871765,-7.89921808243,-7.90745973587,-10.4892292023],"min":[-27.0933856964,-26.9641284943,-27.4501361847,-27.3758201599,-27.1319122314,-27.3271827698],"var":[2.15022158623,1.95990812778,1.94783174992,1.79770541191,1.70427548885,2.10262060165]},"spectral_decrease":{"dmean":1.28873867133e-9,"dmean2":2.00636773862e-9,"dvar":2.92256021228e-18,"dvar2":6.96973781459e-18,"max":8.77994985743e-12,"mean":-6.04748828792e-9,"median":-5.53734302855e-9,"min":-2.86142363137e-8,"var":2.20983864903e-17},"spectral_energy":{"dmean":0.0051910826005,"dmean2":0.00806051492691,"dvar":0.0000474042099086,"dvar2":0.000112526591693,"max":0.118125654757,"mean":0.0246104933321,"median":0.0224887691438,"min":1.08066736477e-20,"var":0.000367035361705},"spectral_energyband_high":{"dmean":0.000186307137483,"dmean2":0.000260859291302,"dvar":2.61288477077e-7,"dvar2":5.27528698058e-7,"max":0.0175329055637,"mean":0.000446723308414,"median":0.000201244809432,"min":8.05313963813e-21,"var":7.2133377671e-7},"spectral_energyband_low":{"dmean":0.00175491650589,"dmean2":0.00284711271524,"dvar":0.00000775299213274,"dvar2":0.0000207485518331,"max":0.0423711314797,"mean":0.00557904830202,"median":0.00398703943938,"min":5.20578683023e-23,"var":0.0000296568559861},"spectral_energyband_middle_high":{"dmean":0.00222596107051,"dmean2":0.00336043490097,"dvar":0.0000125091119116,"dvar2":0.0000309700189973,"max":0.0687696635723,"mean":0.00812088605016,"median":0.00511772697791,"min":1.49360414586e-21,"var":0.0000858934145072},"spectral_energyband_middle_low":{"dmean":0.0035632525105,"dmean2":0.00558139523491,"dvar":0.0000252913996519,"dvar2":0.0000630307622487,"max":0.0939459651709,"mean":0.0117897707969,"median":0.0099867740646,"min":3.14594093931e-22,"var":0.000111648565507},"spectral_entropy":{"dmean":0.124453775585,"dmean2":0.182736977935,"dvar":0.016390863806,"dvar2":0.031560678035,"max":9.80145931244,"mean":7.43136978149,"median":7.39442539215,"min":5.83095502853,"var":0.127926766872},"spectral_flux":{"dmean":0.0149952508509,"dmean2":0.0235070046037,"dvar":0.000297328777378,"dvar2":0.000667232903652,"max":0.246040523052,"mean":0.0636943727732,"median":0.0619043409824,"min":1.03955150044e-10,"var":0.00144423602615},"spectral_kurtosis":{"dmean":1.69913804531,"dmean2":2.91487169266,"dvar":3.2828001976,"dvar2":9.85939025879,"max":38.5354232788,"mean":5.73727703094,"median":5.24143981934,"min":-1.1933683157,"var":11.0466470718},"spectral_rms":{"dmean":0.000483058247482,"dmean2":0.000737649097573,"dvar":3.00257681829e-7,"dvar2":6.71550992593e-7,"max":0.010735200718,"mean":0.00437292689458,"median":0.00468404311687,"min":3.24701333529e-12,"var":0.0000048877750487},"spectral_rolloff":{"dmean":282.465484619,"dmean2":467.379425049,"dvar":531214.0625,"dvar2":1358520.5,"max":21705.46875,"mean":1609.95568848,"median":1205.859375,"min":86.1328125,"var":5806304.5},"spectral_skewness":{"dmean":0.196537867188,"dmean2":0.322829157114,"dvar":0.0325252115726,"dvar2":0.0856518894434,"max":4.92987155914,"mean":1.76913368702,"median":1.76492679119,"min":-0.00460310233757,"var":0.185844644904},"spectral_spread":{"dmean":476117.90625,"dmean2":687142.4375,"dvar":602694746112,"dvar2":1072729686020,"max":40945628,"mean":4140871.75,"median":3671599.25,"min":1505791.5,"var":3272214577150},"spectral_strongpeak":{"dmean":0.62643378973,"dmean2":1.07221698761,"dvar":1.01755928993,"dvar2":2.58230543137,"max":12.4717006683,"mean":1.3223875761,"median":0.50999891758,"min":0,"var":3.29476189613},"zerocrossingrate":{"dmean":0.00743273552507,"dmean2":0.00880174711347,"dvar":0.0000949904424488,"dvar2":0.000127034407342,"max":0.638671875,"mean":0.0612291097641,"median":0.04931640625,"min":0.00927734375,"var":0.00382392597385}},"metadata":{"audio_properties":{"analysis_sample_rate":44100,"bit_rate":0,"codec":"flac","downmix":"mix","equal_loudness":0,"length":126.933334351,"lossless":true,"md5_encoded":"a58d80caa599d8db0725ce86cecc06a1","replay_gain":-11.1906795502,"sample_rate":44100},"tags":{"acoustid_id":["21e33d80-b376-40b8-911c-2c4a97114347"],"album":["The Great Escape"],"albumartist":["Blur"],"albumartistsort":["Blur"],"artist":["Blur"],"artistsort":["Blur"],"barcode":["5099964482521"],"catalognumber":["5099964482521","FOODCDX14","TOCP 71342/43"],"date":["2012-08-01"],"discnumber":["1"],"disctotal":["2"],"file_name":"01-11--Ernold Same.flac","genre":["Rock","Britpop"],"grouping":["Indie"],"isrc":["GBAYE9500482"],"label":["Food","Parlophone"],"media":["CD"],"mood":["Happy","Quirky","Melancholy"],"musicbrainz_albumartistid":["ba853904-ae25-4ebb-89d6-c44cfbd71bd2"],"musicbrainz_albumid":["3ef7f86a-f5b6-4212-a559-8821a5fbd3a9"],"musicbrainz_artistid":["ba853904-ae25-4ebb-89d6-c44cfbd71bd2"],"musicbrainz_recordingid":["57643fee-adc8-459d-b03c-b6ba5a10496d"],"musicbrainz_releasegroupid":["15198663-e606-3c48-a296-17d3da309947"],"musicbrainz_releasetrackid":["6a5c0fb5-3954-4c57-bdda-9b9b89f5666e"],"originaldate":["1995-09-06"],"originalyear":["1995"],"releasecountry":["JP"],"releasestatus":["official"],"releasetype":["album"],"script":["Latn"],"title":["Ernold Same"],"totaldiscs":["2"],"totaltracks":["15"],"tracknumber":["11"],"tracktotal":["15"],"website":["http://www.blur.co.uk/"]},"version":{"essentia":"2.1-beta2","essentia_build_sha":"70f2e5ece6736b2c40cc944ad0e695b16b925413","essentia_git_sha":"v2.1_beta2","extractor":"music 1.0"}},"rhythm":{"beats_count":353,"beats_loudness":{"dmean":0.012249270454,"dmean2":0.0204456653446,"dvar":0.000148252089275,"dvar2":0.000386775296647,"max":0.092752866447,"mean":0.031528972089