{"lowlevel":{"average_loudness":0.746411323547,"barkbands":{"dmean":[0.000401404511649,0.0134267192334,0.00275927782059,0.00156881823204,0.00349220307544,0.000650991627481,0.000176535220817,0.000133158711833,0.000210115118534,0.000191727813217,0.000129777108668,0.000100633013062,0.000106490966573,0.0000593121185375,0.0000832817095215,0.000101905163319,0.0000805461313576,0.0000823035225039,0.0000835401078803,0.000133257490234,0.000153024288011,0.000128606843646,0.000108492429717,0.000107830193883,0.000121447432321,0.000256437662756,0.000125168633531],"dmean2":[0.000687773514073,0.0226506236941,0.00504273781553,0.0025756880641,0.00528411474079,0.00102668604814,0.000288400362479,0.000196897512069,0.000301989610307,0.000277746410575,0.000183131895028,0.000156041001901,0.000170035214978,0.0000926529537537,0.000135455571581,0.00017408579879,0.000136100570671,0.00013554249017,0.00014327239478,0.00022477422317,0.000260420812992,0.000224384697503,0.000181973839062,0.000164741359185,0.000172190528247,0.000319875514833,0.000164427299751],"dvar":[0.0000043511918193,0.00319465436041,0.0000977270610747,0.00000847042974783,0.0000570305783185,0.00000208662572732,2.66065057986e-7,1.47487483559e-7,4.42522093635e-7,3.52779608193e-7,3.23191642337e-7,1.46997720663e-7,2.39768297661e-7,4.43578969112e-8,9.63966257927e-8,1.6775011602e-7,1.2258210802e-7,1.19454995229e-7,1.28587828385e-7,2.41993831196e-7,3.18859036952e-7,2.68264585657e-7,1.99896845743e-7,1.46727458628e-7,1.5350359206e-7,5.70417739709e-7,1.43715880085e-7],"dvar2":[0.0000120120212159,0.00772645883262,0.000283205154119,0.0000220153851842,0.000134338639327,0.00000523289008925,6.8376937179e-7,3.17733110933e-7,8.57832219481e-7,6.60568900912e-7,5.29223143531e-7,3.21269453707e-7,5.89070964452e-7,1.0363822156e-7,2.52944317936e-7,4.64376540776e-7,3.3635083696e-7,3.0853416888e-7,3.56025026349e-7,6.73250383443e-7,8.77160005075e-7,7.57333168622e-7,5.17469857186e-7,3.30225418566e-7,3.07465711558e-7,9.04571436422e-7,2.534272312e-7],"max":[0.0389767289162,1.16518652439,0.164871826768,0.0536811500788,0.105508856475,0.0366345122457,0.0113468775526,0.0137818204239,0.0261842012405,0.0263436101377,0.033135548234,0.0150838019326,0.028262430802,0.00569149106741,0.00706808688119,0.0075064888224,0.0105685088784,0.0163815319538,0.0104895532131,0.0104704750702,0.0135057428852,0.0124461017549,0.0177477560937,0.0198851581663,0.0276270639151,0.0278172511607,0.0123013202101],"mean":[0.0003542228078,0.0713202804327,0.0094617055729,0.00215589255095,0.00634284038097,0.00150186673272,0.000296749145491,0.000264451780822,0.000446222024038,0.000409390340792,0.000266769522568,0.000155727189849,0.000120669326861,0.000078945158748,0.00010172551265,0.000112123518193,0.0000913464900805,0.0000911444876692,0.0000815712701296,0.000156982860062,0.000202884650207,0.00011598283163,0.000115263654152,0.000167337042512,0.000219267865759,0.000395582785131,0.000165437013493],"median":[0.000005215895726,0.0672244131565,0.00207299995236,0.00038641365245,0.00222050026059,0.00024495186517,0.0000799082627054,0.0000575273770664,0.0000653221432003,0.0000852429875522,0.0000322962696373,0.0000293234188575,0.0000148503804667,0.0000101545374491,0.000011997159163,0.00000959845692705,0.00000634216212347,0.00000769612233853,0.000010205711078,0.0000181739251275,0.0000302220942103,0.0000106996158138,0.0000109757347673,0.0000268363837677,0.0000375928175345,0.0000150843789015,0.00000389685192204],"min":[2.30176121219e-11,2.57972671003e-11,8.56407479655e-12,3.78534616846e-12,3.68578128088e-12,2.34351535573e-12,1.8430931694e-12,6.80230394581e-13,6.63152150381e-13,4.12690091519e-13,4.38227226859e-13,1.39866091799e-13,6.21662064274e-13,6.12000359244e-13,2.10244061744e-12,1.02585529047e-12,1.94425378575e-12,2.41413247899e-12,1.19266142101e-12,2.14170630015e-12,3.93339180671e-12,1.08443341112e-11,7.55107608386e-12,8.61621364534e-12,9.68386048433e-12,3.49436035663e-11,4.35544551813e-11],"var":[0.00000369443114323,0.00494352076203,0.000245806644671,0.0000135376531034,0.000100193348771,0.00000909819937078,4.72819181141e-7,4.2452273874e-7,0.00000166544577951,0.00000133665457724,0.00000157477222729,2.79062561503e-7,2.66453866971e-7,7.01570925798e-8,1.22878219599e-7,1.78368367187e-7,1.4963379158e-7,1.60791572057e-7,1.18230012447e-7,2.32705673398e-7,3.452795454e-7,1.82164114904e-7,2.22886129109e-7,2.74472625961e-7,3.59807017958e-7,0.00000145214414715,2.76269190636e-7]},"barkbands_crest":{"dmean":1.59863853455,"dmean2":2.50738310814,"dvar":5.19756317139,"dvar2":12.4787502289,"max":26.9495544434,"mean":19.6105251312,"median":21.2187385559,"min":2.85682725906,"var":37.1807403564},"barkbands_flatness_db":{"dmean":0.0298259649426,"dmean2":0.042173858732,"dvar":0.00166700116824,"dvar2":0.00346486270428,"max":0.841475725174,"mean":0.299343258142,"median":0.277213811874,"min":0.0228059720248,"var":0.019721115008},"barkbands_kurtosis":{"dmean":147.320861816,"dmean2":222.978042603,"dvar":683677.5625,"dvar2":1487747.875,"max":32983.5234375,"mean":352.477386475,"median":33.4358901978,"min":-1.96789240837,"var":3025446},"barkbands_skewness":{"dmean":2.21869969368,"dmean2":3.19150161743,"dvar":21.3731021881,"dvar2":47.0536422729,"max":114.437530518,"mean":7.99626016617,"median":4.96971893311,"min":-9.62996101379,"var":113.484970093},"barkbands_spread":{"dmean":5.37505102158,"dmean2":7.66819381714,"dvar":103.06967926,"dvar2":206.726135254,"max":139.609649658,"mean":15.9176006317,"median":5.45212078094,"min":0.00602679187432,"var":734.242614746},"dissonance":{"dmean":0.0229096747935,"dmean2":0.0378401391208,"dvar":0.000772473402321,"dvar2":0.00208729575388,"max":0.500000178814,"mean":0.446371018887,"median":0.457581788301,"min":0.0737151280046,"var":0.00200800737366},"dynamic_complexity":5.20748758316,"erbbands":{"dmean":[0.38273113966,3.05134510994,3.99478387833,3.11534714699,15.0704107285,7.10652160645,4.54304933548,4.9467549324,2.15778660774,3.10043120384,3.10265731812,4.31326675415,5.66777276993,5.52718544006,4.9043803215,4.58073091507,4.49727106094,3.30796480179,4.44958639145,3.64528560638,5.72726964951,4.44503211975,4.40801525116,3.59078645706,5.14115571976,6.30011129379,6.24932813644,5.87637519836,4.60156059265,4.0223493576,2.9657599926,2.15403580666,1.82431066036,1.45196902752,0.864193499088,0.777663469315,0.535889804363,0.204405426979,0.0185804963112,0.000679377175402],"dmean2":[0.659205496311,5.1221613884,7.16044139862,5.28109073639,23.2252616882,11.0733833313,7.07565927505,7.9410200119,3.46769738197,5.00238609314,4.53488063812,6.12188673019,8.34303760529,7.96926212311,6.90980529785,6.94272518158,7.18141508102,5.13158416748,7.05522012711,5.94339513779,9.71936798096,7.46469449997,7.29372739792,6.05181121826,8.77573013306,10.6656799316,10.6770782471,10.0726833344,8.07229995728,6.90963506699,4.94246149063,3.44506239891,2.7848303318,2.16719269753,1.17383527756,1.00800895691,0.678388953209,0.257923543453,0.0243683494627,0.000922943465412],"dvar":[4.46583509445,130.355377197,179.14692688,46.3938522339,939.752929688,233.701370239,80.4890441895,184.986602783,36.4207572937,98.2713165283,69.5042953491,244.104675293,354.626861572,281.150360107,668.846740723,264.026519775,378.45904541,111.623092651,250.906814575,239.58241272,539.186462402,372.659454346,314.923950195,275.340240479,443.37512207,593.769470215,636.717590332,476.305328369,346.189849854,292.584259033,134.237808228,59.8312683105,52.3428459167,35.7496376038,5.36366271973,5.23118972778,2.54354047775,0.369711518288,0.00314864213578,0.0000039966262193],"dvar2":[11.3637294769,314.857421875,513.715881348,125.423965454,2209.21337891,591.743591309,195.937973022,462.070251465,90.0598983765,250.344345093,145.603103638,445.556549072,673.084228516,558.824523926,1054.71411133,537.439147949,919.21484375,261.947296143,651.49810791,562.059204102,1469.80297852,1001.96789551,829.460021973,750.622192383,1227.76477051,1672.52307129,1741.89294434,1330.6072998,979.633850098,801.312744141,342.628723145,143.969146729,115.873565674,77.1597671509,9.7726392746,9.30556869507,4.14859628677,0.612096369267,0.00564005877823,0.00000779902984505],"max":[48.7466201782,251.501815796,226.876434326,102.757331848,445.722839355,213.276901245,208.152328491,451.830749512,192.398803711,229.081253052,452.10925293,670.169250488,1018.10046387,964.90222168,1563.15771484,690.210571289,1049.98120117,230.741851807,306.731750488,621.62713623,506.447143555,652.585632324,400.653533936,832.990966797,581.592895508,552.721191406,834.040344238,517.805725098,355.001342773,602.290161133,374.153442383,351.028778076,370.177520752,492.652374268,76.4746856689,96.9924621582,53.8423995972,20.9352970123,1.54474699497,0.0441716425121],"mean":[1.28820157051,18.2129650116,20.0269203186,6.38461112976,24.0798854828,13.4899721146,10.7516231537,11.1090040207,5.05478811264,5.54791784286,6.34822225571,10.0901432037,12.409611702,12.7538671494,10.2670240402,7.47451734543,5.59788036346,4.5414814949,5.70054912567,4.52618932724,6.51148748398,5.05373620987,4.90005111694,3.64850664139,5.53505802155,7.33326911926,8.09320163727,7.30009460449,4.2225522995,3.84862565994,3.2918279171,3.08334732056,2.97388148308,2.55790042877,1.4801967144,1.17517054081,0.806909620762,0.284595131874,0.0244744755328,0.000975262490101],"median":[1.01659572124,17.3983955383,12.8435707092,2.24623298645,5.57203292847,6.14972400665,3.56663250923,1.53989243507,1.13342833519,1.30174601078,1.79306268692,1.77062916756,2.9039940834,2.61759781837,1.62378334999,1.58386862278,0.877724647522,0.833556413651,0.760602474213,0.566139221191,0.513648033142,0.425532877445,0.453934758902,0.387623310089,0.817265689373,0.867231965065,1.07756614685,1.08031725883,0.491767346859,0.297882676125,0.340419650078,0.441942930222,0.50098657608,0.458172917366,0.192605733871,0.0650763511658,0.0260487087071,0.00664777355269,0.000629733782262,0.000157802758622],"min":[1.08227804496e-9,4.65411842399e-9,1.00009076576e-8,1.23051968615e-8,1.13155085302e-8,1.23438734789e-8,1.57688155866e-8,2.01742871297e-8,2.69991140556e-8,2.05541770271e-8,1.64714926143e-8,1.60194684184e-8,8.99799523779e-9,1.88259789979e-8,1.27862982424e-8,6.79511868995e-9,2.43542004341e-8,3.30635643309e-8,7.27870670403e-8,9.13286513082e-8,6.3684744589e-8,1.1815932055e-7,1.62673913451e-7,5.01998336233e-8,5.62875470678e-8,1.03235521465e-7,1.13617616648e-7,2.18350550085e-7,2.68921809266e-7,4.94697246722e-7,1.55915685696e-7,1.34444135824e-7,1.82022915851e-7,9.60244221915e-8,9.79396190814e-8,1.47461946653e-7,6.05466325965e-8,1.75844583339e-8,4.46246151142e-9,8.30570501265e-10],"var":[5.02781772614,242.310760498,440.970123291,74.2699279785,1647.20910645,385.532989502,316.290466309,862.135742188,200.033691406,206.131469727,232.63243103,1081.29260254,1137.45751953,1369.47949219,3206.68847656,573.956176758,473.744750977,175.665710449,325.719024658,317.347045898,564.914306641,431.694396973,318.615814209,322.560180664,413.868743896,546.725708008,637.531188965,449.837402344,230.392456055,250.469955444,158.96395874,93.5191040039,101.383285522,70.9357299805,14.3667478561,12.67897892,6.18711853027,0.812373459339,0.00591126643121,0.00000690537308401]},"erbbands_crest":{"dmean":2.40518403053,"dmean2":3.75964140892,"dvar":6.940574646,"dvar2":16.496263504,"max":31.933429718,"mean":11.596824646,"median":10.1116447449,"min":2.0691716671,"var":37.8282165527},"erbbands_flatness_db":{"dmean":0.0203124992549,"dmean2":0.0289895441383,"dvar":0.000667299842462,"dvar2":0.00134560384322,"max":0.495537340641,"mean":0.152600556612,"median":0.135168492794,"min":0.0187931451946,"var":0.00701204035431},"erbbands_kurtosis":{"dmean":7.33140325546,"dmean2":11.6019964218,"dvar":974.738586426,"dvar2":2082.39379883,"max":619.929931641,"mean":17.4834690094,"median":0.796572446823,"min":-1.9766715765,"var":5428.84179688},"erbbands_skewness":{"dmean":0.665680110455,"dmean2":0.959730327129,"dvar":1.3582957983,"dvar2":2.71107125282,"max":18.3327312469,"mean":1.46775698662,"median":0.916058540344,"min":-6.32868719101,"var":8.59004878998},"erbbands_spread":{"dmean":16.0757331848,"dmean2":22.7373390198,"dvar":481.00668335,"dvar2":889.304382324,"max":234.717880249,"mean":62.3243598938,"median":53.3204345703,"min":0.333149850368,"var":1896.51123047},"gfcc":{"cov":[[23924.9472656,2079.35522461,-1202.96325684,531.598937988,-1228.93664551,-149.272369385,-677.745727539,102.800468445,-1006.53479004,207.099060059,-530.94329834,-77.436882019,345.880859375],[2079.35522461,3337.6628418,-254.879547119,-49.6673851013,272.617248535,8.80690288544,81.25050354,-122.764167786,-127.025817871,-141.812988281,107.722038269,-187.86680603,253.590835571],[-1202.96325684,-254.879547119,1599.9609375,261.41583252,308.17288208,293.788635254,285.849029541,124.597557068,186.84992981,50.7373580933,32.40990448,76.8675003052,-124.69354248],[531.598937988,-49.6673851013,261.41583252,924.14666748,302.920959473,115.874923706,68.574005127,151.762054443,234.023986816,61.8790473938,63.2809753418,-54.8483161926,31.7546615601],[-1228.93664551,272.617248535,308.17288208,302.920959473,774.223205566,173.422714233,218.200805664,64.8466873169,194.715332031,73.4785842896,62.6139640808,-10.0803718567,-40.9323883057],[-149.272369385,8.80690288544,293.788635254,115.874923706,173.422714233,412.452972412,210.539367676,51.9420547485,90.0578536987,33.6087646484,50.1752815247,-4.69675683975,-24.9321651459],[-677.745727539,81.25050354,285.849029541,68.574005127,218.200805664,210.539367676,345.784454346,98.2032470703,87.726348877,46.9977531433,48.622215271,13.6648321152,-10.0693941116],[102.800468445,-122.764167786,124.597557068,151.762054443,64.8466873169,51.9420547485,98.2032470703,303.625335693,141.657333374,81.7791137695,13.1415920258,-35.2509307861,55.4475593567],[-1006.53479004,-127.025817871,186.84992981,234.023986816,194.715332031,90.0578536987,87.726348877,141.657333374,312.697143555,79.9693832397,46.3629226685,-24.2930717468,-16.3843669891],[207.099060059,-141.812988281,50.7373580933,61.8790473938,73.4785842896,33.6087646484,46.9977531433,81.7791137695,79.9693832397,167.276794434,8.92383766174,-6.70543670654,14.2585096359],[-530.94329834,107.722038269,32.40990448,63.2809753418,62.6139640808,50.1752815247,48.622215271,13.1415920258,46.3629226685,8.92383766174,112.715438843,6.24933576584,10.1558065414],[-77.436882019,-187.86680603,76.8675003052,-54.8483161926,-10.0803718567,-4.69675683975,13.6648321152,-35.2509307861,-24.2930717468,-6.70543670654,6.24933576584,122.055854797,-16.9166698456],[345.880859375,253.590835571,-124.69354248,31.7546615601,-40.9323883057,-24.9321651459,-10.0693941116,55.4475593567,-16.3843669891,14.2585096359,10.1558065414,-16.9166698456,148.161773682]],"icov":[[0.000116898314445,-0.000172535248566,0.0000768098398112,-0.000274634134257,0.000221146183321,-0.000228576231166,0.000231663798331,-0.000315528450301,0.000495403131936,-0.00048575308756,0.000590631447267,-0.000384826067602,0.000319481041515],[-0.000172535248566,0.000768994505052,-0.000157969800057,0.000538133841474,-0.000627337198239,0.000427223247243,-0.000535229046363,0.000875838974025,-0.000602790736593,0.001175768557,-0.00130559352692,0.00148996280041,-0.00154746556655],[0.0000768098398112,-0.000157969800057,0.000956655829214,-0.000367864442524,0.000111961431685,-0.000476471846923,-0.000199475864065,-0.000515573075972,0.000197112080059,-0.000281102926238,0.000645151885692,-0.000968611100689,0.000999210868031],[-0.000274634134257,0.000538133841474,-0.000367864442524,0.00222513731569,-0.00102892576251,0.000388505664887,-0.000117042312922,0.000572329910938,-0.00184316025116,0.00138707575388,-0.00187030830421,0.00158630940132,-0.00153544300701],[0.000221146183321,-0.000627337198239,0.000111961431685,-0.00102892576251,0.00255297985859,-0.000477473600768,-0.000456493871752,-0.000312899035634,0.000190772407223,-0.00153308815788,0.00117894099094,-0.00109732663259,0.00154579547234],[-0.000228576231166,0.000427223247243,-0.000476471846923,0.000388505664887,-0.000477473600768,0.00429136119783,-0.00249453634024,0.00108686252497,-0.00116913765669,0.00093401473714,-0.00188787141815,0.00154072558507,-0.00058179354528],[0.000231663798331,-0.000535229046363,-0.000199475864065,-0.000117042312922,-0.000456493871752,-0.00249453634024,0.00599801773205,-0.0021891023498,0.00124316557776,-0.0013150931336,0.00036182263284,-0.0017525642179,0.000952601956669],[-0.000315528450301,0.000875838974025,-0.000515573075972,0.000572329910938,-0.000312899035634,0.00108686252497,-0.0021891023498,0.00678716879338,-0.00326612056233,0.000362893682905,-0.0011442117393,0.00283827772364,-0.0039049887564],[0.000495403131936,-0.000602790736593,0.000197112080059,-0.00184316025116,0.000190772407223,-0.00116913765669,0.00124316557776,-0.00326612056233,0.00788996648043,-0.00318823428825,0.000973412883468,-0.000971807399765,0.00260054459795],[-0.00048575308756,0.001175768557,-0.000281102926238,0.00138707575388,-0.00153308815788,0.00093401473714,-0.0013150931336,0.000362893682905,-0.00318823428825,0.00980499945581,-0.0024792663753,0.00210768613033,-0.00278943008743],[0.000590631447267,-0.00130559352692,0.000645151885692,-0.00187030830421,0.00117894099094,-0.00188787141815,0.00036182263284,-0.0011442117393,0.000973412883468,-0.0024792663753,0.0138191506267,-0.0037065143697,0.00123624235857],[-0.000384826067602,0.00148996280041,-0.000968611100689,0.00158630940132,-0.00109732663259,0.00154072558507,-0.0017525642179,0.00283827772364,-0.000971807399765,0.00210768613033,-0.0037065143697,0.0122895715758,-0.00268522859551],[0.000319481041515,-0.00154746556655,0.000999210868031,-0.00153544300701,0.00154579547234,-0.00058179354528,0.000952601956669,-0.0039049887564,0.00260054459795,-0.00278943008743,0.00123624235857,-0.00268522859551,0.0118421670049]],"mean":[-73.6425476074,68.5182723999,-29.9172668457,38.8936576843,-29.9134845734,26.7367744446,-13.3338260651,13.3566560745,-22.2439994812,5.5997672081,-15.5711526871,-1.68707478046,-3.9488120079]},"hfc":{"dmean":11.5402555466,"dmean2":15.8711423874,"dvar":632.895629883,"dvar2":1221.10253906,"max":756.409912109,"mean":26.3991641998,"median":14.5098228455,"min":0.0000019492267711,"var":1513.09326172},"melbands":{"dmean":[0.00363643770106,0.00271886074916,0.000935504969675,0.000898215919733,0.000144443343743,0.00011086750601,0.0000350450536644,0.000031444549677,0.0000250217381108,0.0000303268207063,0.0000283717818093,0.0000230013902183,0.0000164067005244,0.000012094237718,0.0000126399518194,0.00000895238190424,0.00000604781507718,0.00000709124969944,0.00000559609406992,0.00000565022764931,0.00000726624693925,0.00000476668719784,0.00000442764121544,0.00000370579232367,0.00000278309812529,0.00000356845771421,0.0000043369868763,0.0000042897199819,0.0000038132861846,0.00000411321752836,0.00000329297699864,0.00000277367189483,0.0000023084737677,0.00000226091538025,0.00000183440988621,0.00000140738382015,0.00000133633420774,0.0000013189147694,0.00000143303373079,0.00000123473398617],"dmean2":[0.00615354673937,0.00465204333887,0.00151267892215,0.00137618323788,0.000227269731113,0.000177101959707,0.0000568717332499,0.0000499538473377,0.0000363958424714,0.0000433700552094,0.0000416271468566,0.0000330319089699,0.0000233108494285,0.0000183960255526,0.0000191307080968,0.000014664416085,0.00000944759722188,0.0000112121142593,0.00000917092256714,0.00000930926853471,0.0000122491792354,0.00000801360420155,0.00000734759305487,0.00000619149705017,0.00000471565454063,0.00000617975956629,0.00000731991895009,0.00000731123691367,0.00000652415837976,0.00000696032884662,0.00000570742349737,0.00000488597697768,0.00000402354908147,0.00000387866930396,0.00000309028973788,0.00000233162950281,0.00000213144994632,0.00000205342598747,0.00000221789082389,0.00000184911368706],"dvar":[0.00030014483491,0.0000781253183959,0.00000277185768027,0.00000381417157769,7.01368563227e-8,8.0429629179e-8,9.76362901639e-9,9.41791622466e-9,4.58281279592e-9,1.15584226634e-8,8.81452599799e-9,5.18917264714e-9,6.08203576391e-9,1.80494075241e-9,4.11843981141e-9,1.1677778744e-9,4.0139444546e-10,6.3042310261e-10,4.76642059155e-10,5.87040860367e-10,9.39904043484e-10,5.22856924423e-10,3.10709957763e-10,2.84091805636e-10,1.80275017136e-10,2.49437359656e-10,2.55107379665e-10,2.93350149727e-10,2.68303879114e-10,2.15794243585e-10,1.68314154281e-10,1.26943261458e-10,1.00130022329e-10,1.04799773026e-10,5.36137835516e-11,3.01555586057e-11,2.02053998533e-11,2.73804867668e-11,3.13414467989e-11,2.7472539868e-11],"dvar2":[0.000740122399293,0.000201747141546,0.00000706852188159,0.00000909036680241,1.75609940811e-7,2.01710463443e-7,2.49360727622e-8,2.32133281486e-8,9.29450294507e-9,2.17369855449e-8,1.65998113033e-8,1.01809645159e-8,9.95259163972e-9,3.58854612692e-9,8.20884515917e-9,2.99216118549e-9,9.34543220588e-10,1.58680457663e-9,1.24579746519e-9,1.41118394748e-9,2.43582864989e-9,1.39578781866e-9,7.99049937328e-10,7.30038862695e-10,4.98592611642e-10,7.01258384694e-10,6.9888433929e-10,8.29611879194e-10,7.40422945178e-10,5.82319803488e-10,4.77522854592e-10,3.59568097519e-10,2.8292268528e-10,2.84595153e-10,1.39676561983e-10,7.40131358978e-11,4.86886850282e-11,6.10827222136e-11,6.95855734145e-11,6.08034039784e-11],"max":[0.378482311964,0.191298827529,0.0249392576516,0.0268065594137,0.0059646256268,0.00878818705678,0.00284945429303,0.00265719462186,0.00414102803916,0.00455745216459,0.00498578744009,0.00430600484833,0.00493658380583,0.00178226793651,0.00364134134725,0.000913417141419,0.000483512500068,0.000525998591911,0.000501242757309,0.000694680202287,0.00084178103134,0.000955832074396,0.000284440757241,0.000887997273821,0.000694871705491,0.000562639324926,0.000286590598989,0.000401846627938,0.000592962198425,0.000310715899104,0.0003331368207,0.000177349575097,0.000352807663148,0.000473228574265,0.000235868646996,0.000252690137131,0.00017335175653,0.000316535821185,0.00036971110967,0.000455970497569],"mean":[0.016758736223,0.0163820236921,0.00169417297002,0.00155490043107,0.000351463095285,0.000254491402302,0.0000753935164539,0.0000578688595851,0.0000501345202792,0.0000684419646859,0.0000609460948908,0.0000512204569532,0.0000336777120538,0.0000205938194995,0.0000178214795596,0.00000997570350592,0.00000809071570984,0.00000891267791303,0.000006764956197,0.00000636898539597,0.00000810613164504,0.00000532391777597,0.00000507448385179,0.00000378244635613,0.00000270155260296,0.00000350440473085,0.00000477133698951,0.00000487015859107,0.00000463978221887,0.00000552443134438,0.00000366633207705,0.00000242345686274,0.00000205957189792,0.00000214413785216,0.00000189992795185,0.00000177470815288,0.00000190553600987,0.00000201069997274,0.00000235044103647,0.00000208220831155],"median":[0.0150111364201,0.0144997099414,0.000615292578004,0.000472735438962,0.000139469600981,0.0000379819139198,0.0000164353950822,0.0000123002573673,0.0000121350249174,0.0000095459381555,0.0000130255593831,0.00000844582791615,0.00000465511902803,0.0000038012517507,0.00000274019430435,0.00000141056750635,0.00000125700785247,0.00000106618040263,7.53697577238e-7,6.47015326649e-7,5.14635189575e-7,3.63501015954e-7,3.84805019848e-7,3.33877608227e-7,2.25990191893e-7,4.40712398131e-7,6.50981007766e-7,4.53616337381e-7,5.64808260606e-7,7.01454268892e-7,5.10908876095e-7,2.39454323037e-7,1.52437308998e-7,1.52328169634e-7,1.66290945458e-7,2.22499721758e-7,2.70657380952e-7,3.09222286887e-7,3.85596877095e-7,3.66930009932e-7],"min":[9.52247048575e-12,5.65627579496e-12,2.13664654546e-12,8.28204204436e-13,5.59485942818e-13,4.57476667225e-13,4.07124746242e-13,2.01408944319e-13,1.38774395079e-13,9.13867438212e-14,4.31063401662e-14,7.6230295405e-14,5.30753792424e-14,1.85420052251e-14,1.68887358254e-14,7.85917758281e-14,5.34038044093e-14,9.76154920784e-14,1.68376177259e-13,6.65585886102e-14,7.32674419182e-14,7.67298076747e-14,2.51818964986e-13,6.41181308351e-14,3.64475058478e-14,5.20540133621e-14,3.16447172286e-14,8.12374527457e-14,7.199326042e-14,7.792956547e-14,1.42688256501e-13,1.10120991644e-13,2.85973556034e-13,2.4626413647e-13,6.23024106806e-14,1.02696185431e-13,6.93224096833e-14,1.49300846209e-13,7.3247641676e-14,8.55695722612e-14],"var":[0.000400546414312,0.000165549485246,0.00000524053166373,0.00000637673156234,2.70694044957e-7,3.77933560003e-7,4.22423838131e-8,2.19341913521e-8,1.6003740555e-8,4.9715808359e-8,2.83910086551e-8,2.54754883855e-8,2.99436422324e-8,5.01588459656e-9,7.71154340384e-9,1.16896581304e-9,6.60343557612e-10,8.53579595894e-10,6.33366747937e-10,7.70149222173e-10,1.07337316813e-9,6.60588750367e-10,3.51644963148e-10,3.77138265062e-10,2.06614850229e-10,2.5120089342e-10,2.22212803713e-10,2.7879515363e-10,2.47922155028e-10,2.83004231161e-10,1.30117444597e-10,8.28837554145e-11,6.88562817874e-11,9.46898323639e-11,5.7708841178e-11,4.16729740993e-11,3.20993578939e-11,5.26819247948e-11,5.74759372041e-11,5.13291492643e-11]},"melbands_crest":{"dmean":1.74443542957,"dmean2":2.79803204536,"dvar":5.93650245667,"dvar2":15.0182504654,"max":39.7896003723,"mean":21.4094772339,"median":21.782781601,"min":2.87702608109,"var":19.7595863342},"melbands_flatness_db":{"dmean":0.0339906364679,"dmean2":0.0480662025511,"dvar":0.00222606724128,"dvar2":0.00459986226633,"max":1,"mean":0.403113752604,"median":0.388157963753,"min":0.0322990864515,"var":0.0271227844059},"melbands_kurtosis":{"dmean":59.6892967224,"dmean2":90.7112121582,"dvar":48530.4921875,"dvar2":129342.546875,"max":9606.41308594,"mean":149.423278809,"median":81.0835113525,"min":-1.93654584885,"var":58739.1328125},"melbands_skewness":{"dmean":1.68796682358,"dmean2":2.51140904427,"dvar":7.9005856514,"dvar2":17.0631141663,"max":84.6776199341,"mean":7.32400846481,"median":6.40509700775,"min":-8.71732139587,"var":25.9958705902},"melbands_spread":{"dmean":3.60997009277,"dmean2":5.58377408981,"dvar":135.366287231,"dvar2":267.005584717,"max":286.951538086,"mean":10.3927030563,"median":2.38463997841,"min":0.0296825487167,"var":863.922729492},"mfcc":{"cov":[[21696.7832031,1811.23815918,29.7374095917,125.6769104,-538.65838623,-546.211608887,19.2030773163,-843.98638916,-62.8849525452,-482.660797119,-733.612854004,-234.864608765,-517.192260742],[1811.23815918,2850.33740234,-75.4850769043,-13.5039920807,71.8837966919,32.3434753418,294.195281982,-111.455581665,8.03339385986,-119.693756104,-136.642349243,-64.101524353,-116.680267334],[29.7374095917,-75.4850769043,1185.14916992,118.840194702,75.6226806641,188.935134888,117.21118927,203.306335449,92.6374282837,100.036857605,88.6674728394,61.6243209839,55.0661430359],[125.6769104,-13.5039920807,118.840194702,625.866455078,317.65322876,102.274490356,67.5022201538,91.6617126465,139.957962036,98.8084869385,83.0332946777,96.4102172852,62.819355011],[-538.65838623,71.8837966919,75.6226806641,317.65322876,464.876434326,176.655990601,85.5920715332,124.276290894,132.087005615,143.820999146,109.328926086,87.2832717896,86.5534896851],[-546.211608887,32.3434753418,188.935134888,102.274490356,176.655990601,448.322784424,138.006637573,174.279327393,21.4722557068,103.29384613,130.333679199,25.0910243988,75.0457992554],[19.2030773163,294.195281982,117.21118927,67.5022201538,85.5920715332,138.006637573,317.468841553,89.440246582,105.359466553,67.6733932495,39.3338661194,41.9729118347,34.4030380249],[-843.98638916,-111.455581665,203.306335449,91.6617126465,124.276290894,174.279327393,89.440246582,276.562103271,72.1960296631,102.900779724,112.31325531,48.5859375,82.405632019],[-62.8849525452,8.03339385986,92.6374282837,139.957962036,132.087005615,21.4722557068,105.359466553,72.1960296631,280.111450195,154.109405518,77.0282058716,89.7378311157,50.6289787292],[-482.660797119,-119.693756104,100.036857605,98.8084869385,143.820999146,103.29384613,67.6733932495,102.900779724,154.109405518,246.053955078,153.817321777,58.3892097473,67.8773040771],[-733.612854004,-136.642349243,88.6674728394,83.0332946777,109.328926086,130.333679199,39.3338661194,112.31325531,77.0282058716,153.817321777,216.018188477,60.9691505432,67.6246871948],[-234.864608765,-64.101524353,61.6243209839,96.4102172852,87.2832717896,25.0910243988,41.9729118347,48.5859375,89.7378311157,58.3892097473,60.9691505432,134.027633667,45.6818733215],[-517.192260742,-116.680267334,55.0661430359,62.819355011,86.5534896851,75.0457992554,34.4030380249,82.405632019,50.6289787292,67.8773040771,67.6246871948,45.6818733215,116.293182373]],"icov":[[0.0000624378953944,-0.0000241857997025,-0.0000300182546198,-0.0000765275763115,0.0000706748687662,-0.000025719848054,-0.0000122420078696,0.000143114753882,-0.0000533794736839,-0.0000257549272646,0.000138963427162,0.0000184472792171,0.000125391394249],[-0.0000241857997025,0.000463814067189,0.0000225198018597,0.0000917061188375,-0.00027469167253,-0.00000727023461877,-0.000520911009517,0.000138424162287,-0.0000618842386757,0.000283719477011,-0.0000140928532346,0.0002000095119,0.000353714596713],[-0.0000300182546198,0.0000225198018597,0.00102185003925,-0.0000982771380222,0.000213053135667,-0.000238608496147,-0.0000778393732617,-0.000680294935592,-0.0000741060794098,-0.000118781943456,0.0000784340882092,-0.00023486824648,0.000107061678136],[-0.0000765275763115,0.0000917061188375,-0.0000982771380222,0.00269400537945,-0.00177943718154,0.0000972689595073,0.0000215407144424,-0.000119877084217,-0.00052730954485,0.000589619332459,-0.000376382551622,-0.000537745654583,-0.00000133627509058],[0.0000706748687662,-0.00027469167253,0.000213053135667,-0.00177943718154,0.00451520271599,-0.00104945432395,0.000361009617336,-0.000221282214625,-0.000305236142594,-0.00134011521004,0.00062015990261,-0.000801402784418,-0.000864996458404],[-0.000025719848054,-0.00000727023461877,-0.000238608496147,0.0000972689595073,-0.00104945432395,0.00403466215357,-0.00132460007444,-0.00125563237816,0.00137148844078,-0.000167584817973,-0.00145853729919,0.000801130547188,-0.000568016606849],[-0.0000122420078696,-0.000520911009517,-0.0000778393732617,0.0000215407144424,0.000361009617336,-0.00132460007444,0.00492120720446,-0.000734340283088,-0.00152665062342,-0.000227232580073,0.000725196849089,-0.000625702028628,-0.000279907311779],[0.000143114753882,0.000138424162287,-0.000680294935592,-0.000119877084217,-0.000221282214625,-0.00125563237816,-0.000734340283088,0.00677468022332,-0.000453013344668,0.0000421874101448,-0.000991085777059,0.000211905789911,-0.0017804215895],[-0.0000533794736839,-0.0000618842386757,-0.0000741060794098,-0.00052730954485,-0.000305236142594,0.00137148844078,-0.00152665062342,-0.000453013344668,0.00764316460118,-0.00449112989008,0.00115353881847,-0.00275694951415,-0.000158736351295],[-0.0000257549272646,0.000283719477011,-0.000118781943456,0.000589619332459,-0.00134011521004,-0.000167584817973,-0.000227232580073,0.0000421874101448,-0.00449112989008,0.0111416885629,-0.00587627384812,0.00177177903242,-0.000776044442318],[0.000138963427162,-0.0000140928532346,0.0000784340882092,-0.000376382551622,0.00062015990261,-0.00145853729919,0.000725196849089,-0.000991085777059,0.00115353881847,-0.00587627384812,0.0108248749748,-0.00243426067755,-0.000673387781717],[0.0000184472792171,0.0002000095119,-0.00023486824648,-0.000537745654583,-0.000801402784418,0.000801130547188,-0.000625702028628,0.000211905789911,-0.00275694951415,0.00177177903242,-0.00243426067755,0.0114823514596,-0.00212998432107],[0.000125391394249,0.000353714596713,0.000107061678136,-0.00000133627509058,-0.000864996458404,-0.000568016606849,-0.000279907311779,-0.0017804215895,-0.000158736351295,-0.000776044442318,-0.000673387781717,-0.00212998432107,0.0135666197166]],"mean":[-747.834838867,113.811248779,57.0881004333,35.1508865356,20.9492530823,21.2602558136,26.1304111481,9.8170633316,17.2354393005,7.93619823456,0.738219022751,4.13095521927,0.465490579605]},"pitch_salience":{"dmean":0.0629048794508,"dmean2":0.0969493761659,"dvar":0.00542475841939,"dvar2":0.0122418319806,"max":0.913303315639,"mean":0.297970712185,"median":0.285405278206,"min":0.00244979234412,"var":0.0371979288757},"silence_rate_20dB":{"dmean":0.00798957888037,"dmean2":0.0159805454314,"dvar":0.00792389921844,"dvar2":0.0172908566892,"max":1,"mean":0.990882277489,"median":1,"min":0,"var":0.00903535727412},"silence_rate_30dB":{"dmean":0.0732956975698,"dmean2":0.146604135633,"dvar":0.0679224058986,"dvar2":0.156719312072,"max":1,"mean":0.577457427979,"median":1,"min":0,"var":0.244003415108},"silence_rate_60dB":{"dmean":0.0105948764831,"dmean2":0.0211915932596,"dvar":0.0104820281267,"dvar2":0.0223068315536,"max":1,"mean":0.115317821503,"median":0,"min":0,"var":0.102026551962},"spectral_centroid":{"dmean":216.189254761,"dmean2":330.900756836,"dvar":150344.421875,"dvar2":312728.09375,"max":6584.35253906,"mean":813.589111328,"median":496.268432617,"min":40.3298225403,"var":859772.25},"spectral_complexity":{"dmean":2.33521485329,"dmean2":3.61073470116,"dvar":25.3278884888,"dvar2":54.2229614258,"max":59,"mean":8.40065956116,"median":7,"min":0,"var":63.2529678345},"spectral_contrast_coeffs":{"dmean":[0.0435728803277,0.0417547747493,0.0338393487036,0.0278169568628,0.0222986172885,0.0196276903152],"dmean2":[0.0716766864061,0.0676753222942,0.0547073893249,0.0450018495321,0.0350323207676,0.0300906524062],"dvar":[0.00172557623591,0.00133963476401,0.000915961747523,0.000604881439358,0.000428728992119,0.00053900788771],"dvar2":[0.00443840678781,0.00323611893691,0.00210695178248,0.00144503673073,0.000952552014496,0.00114431651309],"max":[-0.270945370197,-0.404078304768,-0.428681999445,-0.521432220936,-0.533465087414,-0.559804499149],"mean":[-0.557548224926,-0.726600348949,-0.766774713993,-0.804621517658,-0.807173371315,-0.806607723236],"median":[-0.543596386909,-0.726355671883,-0.771405756474,-0.807898581028,-0.812721788883,-0.811243236065],"min":[-0.965920329094,-0.978362619877,-0.963504970074,-0.962749958038,-0.928496360779,-0.920221328735],"var":[0.0136263249442,0.0115852793679,0.00868271570653,0.00435608113185,0.00398318096995,0.00277157686651]},"spectral_contrast_valleys":{"dmean":[0.417038202286,0.400191038847,0.343477725983,0.338183552027,0.355842500925,0.37044069171],"dmean2":[0.679722547531,0.649711668491,0.550491929054,0.517554819584,0.515969276428,0.488573849201],"dvar":[0.204395696521,0.187033012509,0.158924177289,0.201819568872,0.247611656785,0.255760520697],"dvar2":[0.474349886179,0.421003818512,0.330776840448,0.393095761538,0.511372923851,0.525687098503],"max":[-4.94896221161,-5.28965139389,-5.75669908524,-5.59079647064,-5.17387676239,-6.88678884506],"mean":[-7.80213689804,-8.3085269928,-8.77078819275,-9.33413314819,-9.02003288269,-10.4536237717],"median":[-7.21032094955,-7.75461292267,-8.25845432281,-9.03560829163,-8.75273323059,-10.1877946854],"min":[-16.4043006897,-16.8251838684,-16.8113460541,-16.4192295074,-16.5112304688,-17.0513000488],"var":[3.40318417549,2.66348171234,2.43607974052,2.230001688,2.0658929348,2.14816308022]},"spectral_decrease":{"dmean":4.78599160303e-9,"dmean2":8.00921551303e-9,"dvar":2.53566671359e-16,"dvar2":6.0504569274e-16,"max":7.5879785788e-10,"mean":-2.45874272053e-8,"median":-2.34312871328e-8,"min":-3.43580438766e-7,"var":4.12943120165e-16},"spectral_energy":{"dmean":0.0184874236584,"dmean2":0.030889166519,"dvar":0.00366688705981,"dvar2":0.00875076185912,"max":1.304869771,"mean":0.0951931774616,"median":0.0905707627535,"min":2.1791334015e-10,"var":0.00601678248495},"spectral_energyband_high":{"dmean":0.000929959584028,"dmean2":0.00131787091959,"dvar":0.00000551422090211,"dvar2":0.00001199586859,"max":0.0674702897668,"mean":0.00146651861724,"median":0.000263836496742,"min":1.14977791177e-10,"var":0.0000106578036139},"spectral_energyband_low":{"dmean":0.0152123132721,"dmean2":0.0257114749402,"dvar":0.00362674589269,"dvar2":0.00865830201656,"max":1.29919350147,"mean":0.0817064940929,"median":0.0759814530611,"min":4.79788604679e-11,"var":0.00552952755243},"spectral_energyband_middle_high":{"dmean":0.000791481579654,"dmean2":0.00122597964946,"dvar":0.00000513391114509,"dvar2":0.0000130137050292,"max":0.0365503579378,"mean":0.00149000447709,"median":0.000443986238679,"min":1.13365185295e-11,"var":0.00000892980187928},"spectral_energyband_middle_low":{"dmean":0.00513158785179,"dmean2":0.00795105472207,"dvar":0.000104514641862,"dvar2":0.000251693330938,"max":0.15599027276,"mean":0.0111514944583,"median":0.0057426141575,"min":1.30646899549e-11,"var":0.000215868203668},"spectral_entropy":{"dmean":0.294347584248,"dmean2":0.406037449837,"dvar":0.150764644146,"dvar2":0.287658840418,"max":9.27942562103,"mean":6.98402023315,"median":7.09465885162,"min":2.64926743507,"var":1.31650304794},"spectral_flux":{"dmean":0.0322496145964,"dmean2":0.0520295388997,"dvar":0.00357282394543,"dvar2":0.00902152992785,"max":1.00483548641,"mean":0.0679278969765,"median":0.0485834777355,"min":0.000227046984946,"var":0.00603562174365},"spectral_kurtosis":{"dmean":2.22557735443,"dmean2":3.34808707237,"dvar":22.8942565918,"dvar2":49.5439567566,"max":127.196289062,"mean":6.5869436264,"median":3.25817632675,"min":-1.33564472198,"var":133.506118774},"spectral_rms":{"dmean":0.000783114111982,"dmean2":0.00127777201124,"dvar":0.00000350917434844,"dvar2":0.00000814863506093,"max":0.0356797389686,"mean":0.00874742213637,"median":0.00940009206533,"min":4.61083914161e-7,"var":0.0000163540862559},"spectral_rolloff":{"dmean":349.929748535,"dmean2":578.475402832,"dvar":2063006.875,"dvar2":4033073.75,"max":18992.2851562,"mean":1466.8782959,"median":129.19921875,"min":21.533203125,"var":16078341},"spectral_skewness":{"dmean":0.332030594349,"dmean2":0.470795571804,"dvar":0.227569192648,"dvar2":0.454137265682,"max":9.79153156281,"mean":1.9243016243,"median":1.67070102692,"min":-0.498954713345,"var":1.53453683853},"spectral_spread":{"dmean":1155618.875,"dmean2":1388219.875,"dvar":1987956834300,"dvar2":2684814098430,"max":21101062,"mean":7850521,"median":7077197,"min":851526.5625,"var":13616580395000},"spectral_strongpeak":{"dmean":0.103907383978,"dmean2":0.171417966485,"dvar":0.180332586169,"dvar2":0.468007534742,"max":23.0352516174,"mean":0.852049589157,"median":0.867608070374,"min":0,"var":0.291361600161},"zerocrossingrate":{"dmean":0.0130563816056,"dmean2":0.0141423875466,"dvar":0.000586232694332,"dvar2":0.000539360684343,"max":0.607421875,"mean":0.0560738183558,"median":0.02001953125,"min":0.001953125,"var":0.00980942789465}},"metadata":{"audio_properties":{"analysis_sample_rate":44100,"bit_rate":0,"codec":"flac","downmix":"mix","equal_loudness":0,"length":267.359985352,"lossless":true,"md5_encoded":"f003463e65e61732e8de73a14b43ac00","replay_gain":-5.21389770508,"sample_rate":44100},"tags":{"acoustid_fingerprint":["AQADtEmSLFGkSVIS9MKhWcrRPMfjQ-sqowmVB__QNM_RM7nwQ5OYD2H0hFxQrepR40mOfkR-JOrhP6hz4cuFeyOsJjhi3YeefKiVqTiP9ENlPnh88Idn1GKm4h9cHGGR1OmC50-KWpEUwoebEX5x-Gi-ImmOeMtT_MKjoxY5HCmRLLtBJY-CM0kk402M5okyoR_xFM-PXHygL4dDJSLxp_gPJv_x_PiPow1l4cFTNMk1aHIWPPaMdEs24k7hG_mh6mGGMEmTE23z4x8e_ajFPDhSHslR6RE-ZXJwZsqG5kuKg_mI03jeIEEo5wsalTk4n-hzNDNqMVNh6sNxhFDTaIsQ_ypqxSEuCj_h4_iCUEgajWTwC9dRp9lx_Eh4hLzwbN2CNzyaSsZzgjnxHLFyQU30HHmQPoeeI3_RHCwf4ziP4wd5VDv-g0euEBfRPMKPp9Hxoxfxow18BW2UgbfQk_jx5vhx6CCC9zj-4_lhHj2RH8mJB31AcTk-B515gMNDhJcIP8LhbJHwHD94-MePwx9x_DneXuA4_NAR4AecfPjRh3jkIUieoTaa7wHz4zmqZccHIg_xi9ByR9DhbNHxfDBP9MePG82DegdPoXpGvDkO9TgC4Hjx_Ph3nEh4D-HxB8d19HDmHJ2Jgydyo08If4Tj4pbwAz4JHoefZehRncR_3AkeiAcCfzqO_-ACfyt6FvmR4OjhH48GjhSY48ihC0-Inhr0vbiYIT3RDn-CI8xD9MNJgi-qj3h1qASPPDj-4wT-D8-HnwjzIzme4ailwxd-dD7-HCdy9BbhO8J_3JHg5Dx--ER_FH6EPmDO4z_kCj945Djx48TxXHBWI3yhH8GDO2Cuw9fxXEfFEUf2EBeh-YJZH0-h5jmcH-aJ_vjRG80ZXCnBG9Uz4g2O4xCQ44CTF__Q43uRHHmGHv7xLUJX3jgOXqkR8yKafBHxHcdj4ceHj8QDP3gi4vgz4tPxH4eAHD_wD04u9BK-I0dyog-Y9MGjo4qOitzxI-DDQPNF-Irg71C3SMXzHTnRcMcv3AjzEP1xUmBO4imPBz8E5Phx4ngO52jPIj905EFv-A8uVPnxE8fDIL8W-Bfe7eiDX4GT4yT8jKgPNB_qhTiqa4SaCUdwHGZ-8CF-WAePlCeS_TjuDA-uo9_RJNfxF0fO4BfRR4F-SHqK58J_9MSPFg2rgM-EHz2J_3iD_9BBBPxxAv_wC84zhCeSE8fRjhdMomJz3OCNH3mao74G8xHxHr-E58eZ4UOtoz_sJugj_KieEWQFlcORHz9-Fcd_weGLh8V__DjS54WGPBmqZJUEh0efdMbx4VzxoJaPMzri5AEFrRxOHsnxBDuf4hJ6FQ4PS0pYHMeP5g9y5kiu9biGlzma5EZ1XEe_Yn9x4dGR6deRTJkd_CGe4MfxN-hlXNMc5IOYoedxJF8y8MfxjRqm_viJMy1-Hj-OZLke5MbF4uWDV3PQJDsuXCK25zgyQc-QV1LgZNdQWcMTHHvwBqEvfBUDNdvhDD32HA_04yL4RJMUBNUL_7A2HMcv2BeOJOuRF0104fnxH__R79ifIkTSEWclHRwZNXiyA3mE-4WuK0GX6DnS0DjC4xGuJOAJ_cKTjAzaHT7xV3jzolqeIXuDBy_y