{"lowlevel":{"average_loudness":0.811569452286,"barkbands":{"dmean":[0.000128653715365,0.0029141434934,0.000792661681771,0.000428381172242,0.0013297094265,0.000774100830313,0.00072772288695,0.000495198415592,0.000538748863619,0.000352952745743,0.000522723363247,0.000334311916959,0.000337872799719,0.000493790605105,0.000347135530319,0.00027732460876,0.000405945698731,0.000267468771199,0.000200139038498,0.000167662321473,0.000111921021016,0.0000966615698417,0.0000667059794068,0.0000579174738959,0.0000349378424289,0.000011958369214,0.00000458561089545],"dmean2":[0.000168160288013,0.004910773132,0.00135136861354,0.000733212451451,0.00225686701015,0.00125402293634,0.00120498181786,0.000807361677289,0.000854274723679,0.000567585870158,0.000832559715491,0.000546295545064,0.000568532326724,0.000834362173919,0.000570284610149,0.000457282352727,0.000673974514939,0.000439773604739,0.000321928499034,0.00026494107442,0.000172011859831,0.000135568436235,0.000095075025456,0.0000809160119388,0.0000469888618682,0.0000159429419,0.0000061237119553],"dvar":[1.05237965897e-7,0.0000766992379795,0.00000305339176521,6.12930421084e-7,0.000016057101675,0.00000210479925045,0.00000217501269617,0.00000115188208838,8.49334412578e-7,4.54859815591e-7,0.00000118180821573,2.68548603799e-7,3.65897989241e-7,7.22229742678e-7,2.76867439197e-7,2.18530416873e-7,4.64018512503e-7,2.02611929012e-7,1.16914080195e-7,6.60788259665e-8,3.0065830714e-8,3.94658314917e-8,2.26440182161e-8,1.89612503476e-8,6.82657175233e-9,4.42672704049e-10,8.27037327511e-11],"dvar2":[1.65905717608e-7,0.000205886943149,0.0000084709508883,0.00000172105421825,0.0000433986824646,0.00000494239611726,0.00000601695865043,0.00000305273806589,0.00000218653849515,0.00000115543002721,0.00000280575272882,7.18020430668e-7,0.00000105834112674,0.0000020139393655,7.38679091228e-7,5.4600252497e-7,0.00000123405970953,5.35367746579e-7,2.98898555684e-7,1.68485698282e-7,7.0042688094e-8,7.69433725623e-8,4.8070997849e-8,3.68803227957e-8,1.07665956151e-8,8.78697337114e-10,1.66545402469e-10],"max":[0.00372546515428,0.103277921677,0.036281645298,0.0174828972667,0.0487116016448,0.0487832911313,0.0310453251004,0.0288078449667,0.019267687574,0.0118118431419,0.0316562056541,0.0115203801543,0.017906697467,0.0203920733184,0.0107459183782,0.0125282807276,0.0176441706717,0.0108872354031,0.00583209004253,0.00455067167059,0.00365633424371,0.00568716600537,0.00434980541468,0.00705462368205,0.00443635229021,0.000407671992434,0.000204130963539],"mean":[0.000178038724698,0.00383521569893,0.00141298933886,0.000679907854646,0.00168164970819,0.00135618180502,0.00133449095301,0.000926943554077,0.00102897384204,0.000636628246866,0.000909111346118,0.000614138494711,0.000567291746847,0.00083587388508,0.000634636788163,0.000554115802515,0.000829701079056,0.00058806425659,0.000407939514844,0.000375033705495,0.000268797361059,0.000194766224013,0.000132039465825,0.000129641237436,0.0000743833297747,0.000023434711693,0.00000668221082378],"median":[0.0000213304301724,0.00208422634751,0.000978732248768,0.000430835585576,0.000779079739004,0.000714508467354,0.0004527826095,0.000350479880581,0.000534664373845,0.000254529324593,0.000401384284487,0.000368751469068,0.000271849159617,0.000387703068554,0.000385617662687,0.000313897849992,0.00047095285845,0.000335118937073,0.00023118124227,0.000231935540796,0.00018447675393,0.0000889356451808,0.000060591934016,0.0000731543113943,0.0000382529906346,0.0000120625290947,0.00000228825456361],"min":[1.01621022795e-13,1.43108791419e-13,8.24724132303e-14,6.86612022121e-14,1.09330357539e-13,4.61877985945e-14,2.50457427286e-14,2.14672724719e-14,1.40701786363e-14,2.25429369758e-15,1.72445506496e-14,2.1956306944e-14,4.03945946787e-15,1.49944991048e-14,3.79581594631e-15,8.10882639857e-16,3.75815177928e-15,1.03413956069e-14,4.21507269125e-15,7.71218331574e-15,4.35959557029e-15,1.17534867743e-14,6.34902820625e-15,1.1823224691e-14,7.06807278111e-15,1.38549661991e-14,1.62145043757e-14],"var":[1.99589791805e-7,0.0000613723241258,0.00000323370841215,6.84459052991e-7,0.0000124386888274,0.00000485673399453,0.00000497638393426,0.00000331867772729,0.00000194942845155,0.00000104483456198,0.00000246935383075,5.7166357692e-7,6.80940445363e-7,0.00000152465054271,5.96007680542e-7,5.49850824427e-7,0.00000112345605885,5.92168419189e-7,2.48853893936e-7,1.78624489422e-7,7.83715563557e-8,1.04057981787e-7,5.24875147789e-8,5.74225751393e-8,2.33906458647e-8,1.06369080211e-9,1.32911764927e-10]},"barkbands_crest":{"dmean":2.33247375488,"dmean2":3.84007668495,"dvar":6.77894353867,"dvar2":17.7669334412,"max":24.2214813232,"mean":8.14919471741,"median":7.06179332733,"min":2.31323409081,"var":15.4735517502},"barkbands_flatness_db":{"dmean":0.0148247554898,"dmean2":0.0224709603935,"dvar":0.000229464232689,"dvar2":0.000566884176806,"max":0.286859661341,"mean":0.0906025469303,"median":0.0805721208453,"min":0.021586401388,"var":0.00150033214595},"barkbands_kurtosis":{"dmean":1.03714442253,"dmean2":1.69161558151,"dvar":4.15254545212,"dvar2":10.946103096,"max":70.1902236938,"mean":0.405207455158,"median":-0.292504787445,"min":-1.93336236477,"var":6.13319778442},"barkbands_skewness":{"dmean":0.379274189472,"dmean2":0.605672776699,"dvar":0.176208287477,"dvar2":0.448080986738,"max":7.67373323441,"mean":0.871697366238,"median":0.78067523241,"min":-2.47398710251,"var":0.523919999599},"barkbands_spread":{"dmean":5.39322662354,"dmean2":8.28571414948,"dvar":33.8461341858,"dvar2":73.7444076538,"max":110.357971191,"mean":31.1037693024,"median":29.8287506104,"min":1.64071106911,"var":142.268295288},"dissonance":{"dmean":0.0128367012367,"dmean2":0.0216886047274,"dvar":0.000155862435349,"dvar2":0.00039704827941,"max":0.500000119209,"mean":0.475690990686,"median":0.480565071106,"min":0.046908903867,"var":0.000380693993066},"dynamic_complexity":3.36283302307,"erbbands":{"dmean":[0.0833325237036,0.667702376842,1.03386259079,1.09659600258,3.14190816879,5.14791727066,3.63818573952,7.43576192856,8.46843338013,13.2967185974,11.9832267761,10.5844535828,11.0390920639,13.6536102295,15.7655382156,12.8668994904,13.4412965775,25.5978355408,16.7590007782,16.1202716827,14.5938930511,24.5994052887,14.5854883194,10.8830490112,8.49234199524,8.39356899261,5.38702630997,4.07215309143,3.53396987915,2.73792934418,1.79184377193,1.266264081,0.954797029495,0.509385466576,0.195714384317,0.0667503848672,0.0203949101269,0.00435485411435,0.000716746435501,0.0000607260080869],"dmean2":[0.132743582129,1.17979133129,1.78495419025,1.85872709751,5.34057283401,8.7978925705,5.94002723694,12.0399580002,13.5509185791,22.1417160034,19.3534088135,16.8938694,17.5697059631,21.7303390503,25.2294788361,20.9612102509,22.2880744934,43.9070053101,27.483297348,26.3020572662,23.8510074615,40.9780426025,23.7493534088,17.6257858276,13.5021238327,13.38758564,8.35004520416,6.15068626404,5.03081226349,3.8862991333,2.55119347572,1.81427264214,1.33915925026,0.710135996342,0.261536926031,0.0903101935983,0.0272812917829,0.00577162159607,0.000956184172537,0.0000843320449349],"dvar":[0.055562607944,4.40434789658,6.59181499481,3.86442661285,83.5962982178,243.533218384,44.0073738098,233.744155884,307.892974854,894.168945312,608.064880371,394.191101074,403.872619629,620.864074707,1062.07897949,453.269256592,557.313842773,2212.24389648,757.956115723,631.796936035,638.155151367,1856.63806152,649.343994141,300.816772461,207.862823486,178.651412964,64.9934234619,46.5861206055,53.4654655457,40.5032081604,16.0568218231,9.46883296967,5.43500852585,1.46595215797,0.25365114212,0.0157745033503,0.0012700635707,0.0000641710648779,0.00000198475072466,1.68597136252e-8],"dvar2":[0.134304583073,12.316204071,18.1946220398,10.8908166885,226.462112427,663.625671387,114.255226135,531.381652832,771.912780762,2481.95605469,1613.90014648,1004.87200928,995.692199707,1566.6159668,2581.05297852,1212.38085938,1568.27246094,6450.76513672,1998.92529297,1623.92590332,1580.16088867,4953.30419922,1705.62670898,778.925292969,515.664245605,465.012390137,157.322265625,104.206367493,107.87109375,87.4633331299,33.778465271,19.9424571991,10.6670703888,2.57204389572,0.392091840506,0.0297284703702,0.00258101150393,0.00013200592366,0.00000386876399716,3.64831329591e-8],"max":[2.71983718872,24.753660202,39.3707237244,51.6316604614,118.081382751,235.36567688,117.867080688,558.389770508,394.503417969,679.40045166,667.066223145,521.296936035,389.738494873,512.955383301,920.73815918,569.74822998,825.962402344,1118.93798828,451.134460449,525.772338867,731.444335938,1179.23803711,651.313293457,313.891296387,317.952026367,278.631591797,164.073852539,132.61390686,216.315750122,197.24861145,122.825965881,149.909393311,103.82723999,54.6110496521,31.4496364594,2.82975792885,0.635432600975,0.161612793803,0.0316834710538,0.00292600993998],"mean":[0.11414334178,0.835705578327,1.69152891636,2.09634327888,3.88486814499,6.24686050415,6.38370227814,12.6186351776,15.5673074722,23.2669334412,24.2436485291,20.5413131714,21.0419311523,27.3640937805,29.7609901428,25.0198936462,26.3785514832,43.9666213989,33.2030944824,32.7627105713,32.4846382141,50.7358360291,34.7729415894,23.6983528137,18.7770080566,18.4038257599,13.171090126,9.1089887619,7.11236715317,5.29288864136,3.58947753906,2.75682854652,2.06649327278,1.07517850399,0.399957060814,0.134698718786,0.0381673648953,0.00757340760902,0.00109523127321,0.0000956516523729],"median":[0.0525478944182,0.47155597806,1.1053621769,1.65083456039,1.67840540409,2.45275902748,3.98981118202,5.93137073517,6.39978837967,6.63584566116,11.0805416107,10.7171363831,9.60210990906,13.4988536835,13.8746156693,14.9413557053,14.9723587036,20.3607807159,19.3268871307,20.2643604279,19.5448665619,29.7806110382,20.6840667725,14.2255945206,10.8312091827,11.1758642197,9.00353622437,5.74772024155,3.3156208992,2.24607563019,1.65830731392,1.49945139885,1.15381157398,0.553959667683,0.199052780867,0.0701351761818,0.0186914764345,0.00339566520415,0.000404758175137,0.0000494170926686],"min":[5.37705557163e-12,2.83637627274e-11,8.68876012805e-11,1.80834500152e-10,2.9080529651e-10,3.75147857223e-10,3.97216343151e-10,3.6607408771e-10,3.51021295364e-10,4.13108214303e-10,4.73014127866e-10,3.37733008227e-10,8.97324090032e-11,2.7656962831e-10,8.93277285474e-10,7.85547460413e-10,2.25869239978e-10,6.35604180399e-10,5.12120568175e-10,6.62129726048e-11,7.83931669579e-11,2.28673247005e-10,5.1147469593e-10,2.97866842303e-10,3.55519197415e-10,3.42712719315e-10,1.84032705741e-10,2.25425025868e-10,4.02346461703e-10,2.90937218761e-10,1.75727835061e-10,2.39072678321e-10,1.83158835321e-10,7.90558243868e-11,4.96187327337e-11,5.62821976524e-11,2.6296693989e-11,1.20821738031e-11,2.10271470374e-12,1.73078660236e-13],"var":[0.0572137534618,3.02054047585,5.8346118927,4.33287382126,65.9110565186,186.721679688,66.8419036865,549.955078125,699.966674805,1924.04711914,1895.82983398,873.292480469,933.394104004,1629.70617676,2285.03637695,971.51965332,1137.03283691,4413.8046875,1672.49475098,1557.58532715,1816.75415039,4199.22851562,1962.66271973,719.495788574,499.418762207,453.554412842,181.158615112,115.890953064,134.530639648,90.8155899048,38.3366966248,26.6031532288,14.8662214279,4.56025266647,0.809044539928,0.0435389056802,0.00278689106926,0.000120852113469,0.00000336249763677,2.24371845547e-8]},"erbbands_crest":{"dmean":2.12276244164,"dmean2":3.5339589119,"dvar":4.25538682938,"dvar2":11.5107116699,"max":27.1037635803,"mean":7.4167432785,"median":6.61941051483,"min":2.20173358917,"var":10.4717998505},"erbbands_flatness_db":{"dmean":0.0130392443389,"dmean2":0.0188820399344,"dvar":0.000155847563292,"dvar2":0.000309129216475,"max":0.417707145214,"mean":0.143733382225,"median":0.135386228561,"min":0.0390071906149,"var":0.00210660556331},"erbbands_kurtosis":{"dmean":0.57447707653,"dmean2":0.9319845438,"dvar":0.459044694901,"dvar2":1.16958773136,"max":13.2787742615,"mean":0.0295763835311,"median":-0.24885892868,"min":-1.67862784863,"var":1.37100076675},"erbbands_skewness":{"dmean":0.265507757664,"dmean2":0.419419854879,"dvar":0.0550301745534,"dvar2":0.130977466702,"max":2.87666535378,"mean":-0.0836771503091,"median":-0.103933103383,"min":-3.15264749527,"var":0.363399744034},"erbbands_spread":{"dmean":5.91360807419,"dmean2":9.35497665405,"dvar":33.1138916016,"dvar2":77.3113021851,"max":103.297317505,"mean":35.8012962341,"median":34.0791778564,"min":2.22337555885,"var":148.43687439},"gfcc":{"cov":[[9060.14355469,-514.587036133,1116.80090332,284.973999023,436.776550293,438.003631592,-472.903900146,75.8790054321,-747.71307373,-166.136566162,-240.163513184,298.516479492,80.7234344482],[-514.587036133,674.992736816,-113.352752686,24.3104705811,128.739151001,-90.1922225952,54.1276283264,-31.4341201782,2.67752480507,-19.3872356415,41.2250366211,-19.5318946838,33.5267829895],[1116.80090332,-113.352752686,1010.65716553,78.8610153198,337.907836914,221.43321228,-127.629875183,54.8675537109,-200.291168213,-8.50705814362,-69.2252349854,169.40322876,59.3288726807],[284.973999023,24.3104705811,78.8610153198,223.685974121,78.492767334,50.8882293701,-0.381404101849,-14.5468683243,2.3026227951,-14.7414855957,0.433485716581,7.60024356842,16.6452560425],[436.776550293,128.739151001,337.907836914,78.492767334,443.190368652,96.9070129395,-21.9899864197,50.2162971497,-91.5067214966,8.50488185883,-14.9181985855,90.7715988159,57.3542785645],[438.003631592,-90.1922225952,221.43321228,50.8882293701,96.9070129395,204.860900879,13.7578907013,35.552028656,-46.7368583679,-6.56448841095,-16.8454704285,35.993434906,27.3725662231],[-472.903900146,54.1276283264,-127.629875183,-0.381404101849,-21.9899864197,13.7578907013,145.863677979,20.8909053802,64.3826522827,4.70723724365,25.5044002533,-32.223575592,-10.0206565857],[75.8790054321,-31.4341201782,54.8675537109,-14.5468683243,50.2162971497,35.552028656,20.8909053802,98.4072341919,15.667766571,16.4928226471,-1.73805165291,18.2657756805,12.5961074829],[-747.71307373,2.67752480507,-200.291168213,2.3026227951,-91.5067214966,-46.7368583679,64.3826522827,15.667766571,172.728317261,44.7992553711,32.451461792,-55.560546875,-17.5202789307],[-166.136566162,-19.3872356415,-8.50705814362,-14.7414855957,8.50488185883,-6.56448841095,4.70723724365,16.4928226471,44.7992553711,77.4066314697,34.3134803772,2.78446245193,-5.02471065521],[-240.163513184,41.2250366211,-69.2252349854,0.433485716581,-14.9181985855,-16.8454704285,25.5044002533,-1.73805165291,32.451461792,34.3134803772,70.6090774536,7.70143508911,-0.0278349276632],[298.516479492,-19.5318946838,169.40322876,7.60024356842,90.7715988159,35.993434906,-32.223575592,18.2657756805,-55.560546875,2.78446245193,7.70143508911,89.9658737183,33.9654045105],[80.7234344482,33.5267829895,59.3288726807,16.6452560425,57.3542785645,27.3725662231,-10.0206565857,12.5961074829,-17.5202789307,-5.02471065521,-0.0278349276632,33.9654045105,57.2855415344]],"icov":[[0.000234425169765,0.0000594005068706,0.000115628870844,-0.000374138209736,0.0000783114446676,-0.000256452796748,0.000433998153312,-0.000422928540502,0.000935082149226,-0.000179115202627,0.000348281493643,-0.000223517592531,0.000239874047111],[0.0000594005068706,0.00232888245955,-0.0000380731107725,-0.0000314260905725,-0.00119976245333,0.00143670255784,-0.000819168693852,0.000560728192795,0.000639132398646,0.00113906059414,-0.00184794375673,0.00187071482651,-0.00196470413357],[0.000115628870844,-0.0000380731107725,0.0024785019923,-0.000512883358169,-0.000604267639574,-0.001753903809,0.00123334419914,-0.000436910631834,0.00118545058649,-0.00110704160761,0.00217588781379,-0.00308034615591,0.00128922518343],[-0.000374138209736,-0.0000314260905725,-0.000512883358169,0.00624914839864,-0.00138105184305,-0.000947816122789,-0.000102652884379,0.00253761513159,-0.0035051999148,0.00268121575937,-0.00203823414631,0.00121058605146,-0.00103496282827],[0.0000783114446676,-0.00119976245333,-0.000604267639574,-0.00138105184305,0.00453719357029,-0.000572332297452,-0.000412227091147,-0.00166045653168,0.00172967789695,-0.00246868631802,0.00195298308972,-0.00215957756154,-0.000763375370298],[-0.000256452796748,0.00143670255784,-0.001753903809,-0.000947816122789,-0.000572332297452,0.00910724233836,-0.00374421128072,-0.000876453355886,0.000997174414806,0.000150693944306,-0.000838115578517,0.00241120811552,-0.00374034978449],[0.000433998153312,-0.000819168693852,0.00123334419914,-0.000102652884379,-0.000412227091147,-0.00374421128072,0.0119531266391,-0.00307827512734,-0.00170407374389,0.00294160982594,-0.00295910914429,0.000957373413257,0.0027576785069],[-0.000422928540502,0.000560728192795,-0.000436910631834,0.00253761513159,-0.00166045653168,-0.000876453355886,-0.00307827512734,0.0147149963304,-0.00451253727078,-0.00135001598392,0.00165939191356,-0.0020703508053,-0.00198004255071],[0.000935082149226,0.000639132398646,0.00118545058649,-0.0035051999148,0.00172967789695,0.000997174414806,-0.00170407374389,-0.00451253727078,0.01648828201,-0.00752062117681,0.000718396680895,0.00418742047623,-0.0015143409837],[-0.000179115202627,0.00113906059414,-0.00110704160761,0.00268121575937,-0.00246868631802,0.000150693944306,0.00294160982594,-0.00135001598392,-0.00752062117681,0.023363051936,-0.0119970664382,0.00131353724282,0.00212875427678],[0.000348281493643,-0.00184794375673,0.00217588781379,-0.00203823414631,0.00195298308972,-0.000838115578517,-0.00295910914429,0.00165939191356,0.000718396680895,-0.0119970664382,0.0265668090433,-0.0107442336157,0.0020428695716],[-0.000223517592531,0.00187071482651,-0.00308034615591,0.00121058605146,-0.00215957756154,0.00241120811552,0.000957373413257,-0.0020703508053,0.00418742047623,0.00131353724282,-0.0107442336157,0.0276814512908,-0.0113307284191],[0.000239874047111,-0.00196470413357,0.00128922518343,-0.00103496282827,-0.000763375370298,-0.00374034978449,0.0027576785069,-0.00198004255071,-0.0015143409837,0.00212875427678,0.0020428695716,-0.0113307284191,0.027145775035]],"mean":[11.2485799789,73.087677002,-132.96723938,32.9283905029,-53.3587188721,12.6327180862,-32.1728744507,11.4695234299,-16.462600708,4.49575185776,-11.5286655426,-1.19330203533,-9.47137546539]},"hfc":{"dmean":5.46663045883,"dmean2":7.59599113464,"dvar":51.2736473083,"dvar2":102.608573914,"max":143.15852356,"mean":22.134885788,"median":17.6955814362,"min":1.08916797803e-9,"var":317.261047363},"melbands":{"dmean":[0.000773202278651,0.000657677359413,0.000217195090954,0.000335816061124,0.000131983819301,0.000163411110407,0.000130665051984,0.000134748319397,0.000105906248791,0.0000656961856293,0.000057155972172,0.000055127646192,0.0000689256703481,0.0000309074603138,0.0000421946861024,0.0000375887866539,0.0000495319363836,0.0000288544215437,0.0000268041458185,0.0000202321261895,0.00001782673462,0.0000297655114991,0.0000178422433237,0.0000128084466269,0.00000943505619944,0.00000783867744758,0.00000588522107137,0.00000581700896873,0.00000397594476453,0.00000289070067083,0.00000248878268394,0.00000214486840378,0.00000194854283109,0.00000148540743794,0.00000113503801913,8.60382499468e-7,8.26218922612e-7,7.1988063155e-7,6.41544033897e-7,3.91744862327e-7],"dmean2":[0.00127132516354,0.00114983168896,0.000368841574527,0.00057370273862,0.000216697633732,0.000263459427515,0.000212056154851,0.000223411567276,0.000170595609234,0.000104813276266,0.000090916051704,0.0000879364815773,0.000109799424536,0.0000509347119078,0.0000689075022819,0.0000639866921119,0.0000848715208122,0.0000471974308311,0.0000441722695541,0.0000333721945935,0.0000293567118206,0.0000498945519212,0.0000293407847494,0.0000211500064324,0.0000154288318299,0.0000127170042106,0.00000946266027313,0.00000934432591748,0.00000629959231446,0.00000453701431979,0.00000381071936317,0.00000316682871926,0.00000279965115624,0.00000218569471144,0.00000165493577242,0.00000125782537452,0.00000121388097796,0.00000103750437574,9.2930036999e-7,5.57927080536e-7],"dvar":[0.00000515601595907,0.00000339797588822,1.68567041214e-7,0.00000116187845833,6.0646101474e-8,1.0408030704e-7,6.50585221251e-8,8.44664143074e-8,4.13760510298e-8,1.46404701695e-8,1.07811644057e-8,9.96855398228e-9,2.32652723753e-8,3.17679571538e-9,4.4436827551e-9,4.81769113492e-9,8.21451706656e-9,2.66057909037e-9,1.82990333997e-9,1.22260568336e-9,1.0368761405e-9,3.00009661558e-9,9.44595401897e-10,4.50785381245e-10,2.36114044982e-10,1.91932317262e-10,9.15432452064e-11,8.27538940151e-11,3.8207569053e-11,2.11684281215e-11,1.95267326614e-11,2.03048758363e-11,1.83909571599e-11,1.28397197388e-11,6.42987399435e-12,4.37090424618e-12,4.18291356413e-12,3.32243932887e-12,2.24735247772e-12,9.32839851371e-13],"dvar2":[0.0000134117426569,0.00000939117035159,4.64872954353e-7,0.00000314703629556,1.58550406582e-7,2.39666377411e-7,1.68721570049e-7,2.31827684161e-7,1.0919153226e-7,3.77334359314e-8,2.66557442785e-8,2.55089922518e-8,5.56863177792e-8,8.71131256019e-9,1.19879368654e-8,1.43539979902e-8,2.34261925414e-8,6.94114454802e-9,4.87565143814e-9,3.1443385673e-9,2.59528354363e-9,7.99350097225e-9,2.48700970928e-9,1.1822445245e-9,6.18303630517e-10,4.87626272694e-10,2.26219348809e-10,2.17324117036e-10,9.61306173553e-11,5.16381000459e-11,4.45265525839e-11,4.39510823569e-11,3.83308974838e-11,2.94261802425e-11,1.4133938811e-11,9.46768097948e-12,9.28165443809e-12,6.87441336494e-12,4.52911623136e-12,1.64293752214e-12],"max":[0.025822693482,0.0215817317367,0.00878444127738,0.0127567788586,0.00323037547059,0.011501708068,0.00505968043581,0.00641391938552,0.0058193677105,0.00289644184522,0.00210622232407,0.00210172310472,0.00453861057758,0.00157568720169,0.00201642955653,0.00127868901473,0.00249976036139,0.000963880564086,0.00102498847991,0.00123556610197,0.000993642490357,0.00164596480317,0.00076675019227,0.000536952458788,0.000285557849566,0.000272501580184,0.000207476201467,0.000180212999112,0.000130477521452,0.0000958489326877,0.0000966910884017,0.000133378547616,0.000153754619532,0.000119487536722,0.0000708202642272,0.0000872362215887,0.0000897904974408,0.0000877271813806,0.0000556574450457,0.0000504061972606],"mean":[0.00105322455056,0.000989680644125,0.000403692130931,0.000393429625547,0.000229369543376,0.000285440968582,0.000245343107963,0.000235875340877,0.000207001474337,0.000124072466861,0.000104891892988,0.000107563188067,0.000120577919006,0.0000570001502638,0.0000720053139958,0.0000629233327345,0.0000825072420412,0.0000520659414178,0.0000488666228193,0.0000388321786886,0.0000353937211912,0.000055372089264,0.0000382118450943,0.0000264515583694,0.0000182769872481,0.0000150525502249,0.000012414894627,0.0000118691705211,0.00000865520905791,0.00000643666089672,0.0000049117047638,0.00000405213950216,0.00000358862712346,0.00000269050178758,0.00000212121358345,0.00000171674571448,0.0000017037947373,0.00000148820595314,0.00000127163104935,7.76696992943e-7],"median":[0.000527997210156,0.00070473656524,0.000309034745442,0.000154128836584,0.000145516256453,0.000139424912049,0.0000986943705357,0.000070670095738,0.0000970861656242,0.0000632981245872,0.0000457049682154,0.0000516016953043,0.0000506206597493,0.0000295976806228,0.0000432936358266,0.0000265826911345,0.0000368065375369,0.0000263365363935,0.0000293357970804,0.000020561625206,0.0000195837710635,0.0000312185911753,0.0000207394114113,0.0000148613225974,0.0000104887913039,0.00000846273087518,0.00000711912207407,0.00000701247927282,0.00000566912649447,0.00000421051890953,0.00000280743574876,0.00000186554848369,0.00000148775643538,0.00000112541624731,9.54950564847e-7,8.37174184198e-7,9.24042581119e-7,8.12129087535e-7,6.61781200506e-7,3.79503660497e-7],"min":[4.87422026298e-14,4.3516158423e-14,3.46372405855e-14,2.44287537654e-14,1.47111310086e-14,8.30158610989e-15,5.32670729628e-15,4.57167271501e-15,3.79326341252e-15,1.92125177767e-15,3.55135927312e-16,9.17384115721e-16,2.71691641183e-15,2.80122223635e-15,1.02205843564e-15,4.43768052014e-16,1.30933685948e-15,1.00202907105e-15,1.63855506091e-16,4.26816990446e-17,1.04150701356e-16,2.39049532495e-16,2.8461717867e-16,5.69458185796e-16,1.93362375265e-16,1.82150703068e-16,3.66029962154e-16,1.76616692717e-16,1.33755502097e-16,4.51938730347e-17,1.74291309344e-16,2.20370060493e-16,2.44829182401e-16,1.44944198525e-16,1.39376902425e-16,2.4982072109e-17,2.09244745952e-16,1.44763224642e-16,6.42381118345e-17,6.90751530368e-17],"var":[0.00000458279919258,0.00000255154191109,1.77800686174e-7,8.67314042807e-7,8.23025345653e-8,2.46582146701e-7,1.54612223469e-7,1.89350174651e-7,1.21268499242e-7,3.18662998211e-8,2.46561846495e-8,2.58740797676e-8,4.67320830921e-8,6.41721165096e-9,8.22998824646e-9,9.05186681166e-9,1.64819695669e-8,5.64397373282e-9,3.76627973253e-9,2.72241962307e-9,2.66271049654e-9,5.94976734547e-9,2.54367282793e-9,1.20237042545e-9,4.78685091565e-10,3.72722519515e-10,2.31344013391e-10,1.98296518095e-10,9.04398084201e-11,5.0034375948e-11,4.20972944004e-11,4.44157315094e-11,4.35976012236e-11,2.51332531176e-11,1.38084248896e-11,1.05872576331e-11,1.08446099323e-11,8.46458753784e-12,5.53741991496e-12,2.88463719057e-12]},"melbands_crest":{"dmean":2.83569073677,"dmean2":4.58056211472,"dvar":8.54668998718,"dvar2":20.9360904694,"max":30.880607605,"mean":12.2629671097,"median":11.6121387482,"min":2.8881957531,"var":23.7679405212},"melbands_flatness_db":{"dmean":0.0200888030231,"dmean2":0.0305234417319,"dvar":0.000469222664833,"dvar2":0.00115419120993,"max":0.36248973012,"mean":0.14410276711,"median":0.135957658291,"min":0.0290418025106,"var":0.00204206979834},"melbands_kurtosis":{"dmean":3.18090867996,"dmean2":5.26091814041,"dvar":35.604434967,"dvar2":94.3427429199,"max":151.964233398,"mean":5.44951200485,"median":3.36628103256,"min":-1.6859754324,"var":52.2982788086},"melbands_skewness":{"dmean":0.514830648899,"dmean2":0.830639243126,"dvar":0.374822854996,"dvar2":0.951595067978,"max":9.95258903503,"mean":1.97212398052,"median":1.81386733055,"min":-2.20220971107,"var":1.05553221703},"melbands_spread":{"dmean":8.32488822937,"dmean2":13.2191867828,"dvar":83.1946105957,"dvar2":203.977020264,"max":148.575119019,"mean":35.2512512207,"median":33.6417655945,"min":1.78745293617,"var":237.245376587},"mfcc":{"cov":[[6793.75537109,172.816894531,381.005645752,60.2223701477,588.23059082,103.465377808,310.356964111,35.7158699036,-69.1026000977,-290.818237305,-269.108703613,-243.685379028,-172.312362671],[172.816894531,661.886169434,-68.2603683472,119.990898132,140.416412354,7.95411729813,105.170677185,12.5671930313,7.71301937103,-51.28383255,-57.9817428589,-3.62776279449,-7.23325824738],[381.005645752,-68.2603683472,547.478149414,-6.1450548172,193.559906006,86.9294586182,71.5985870361,42.5779800415,9.13491725922,-63.0134086609,-53.5725593567,-61.9249000549,-3.69659948349],[60.2223701477,119.990898132,-6.1450548172,211.576583862,107.580123901,37.8019981384,26.198387146,12.3444414139,3.46384334564,-18.1417312622,-15.5609750748,3.04983139038,10.6138830185],[588.23059082,140.416412354,193.559906006,107.580123901,415.83505249,98.6982803345,136.308349609,42.3481750488,45.586856842,-73.1218414307,-69.0170669556,-42.8904724121,-19.1015224457],[103.465377808,7.95411729813,86.9294586182,37.8019981384,98.6982803345,137.638397217,66.5630264282,31.3661575317,13.63788414,-2.87630176544,-9.0322637558,-15.6297636032,-12.5069103241],[310.356964111,105.170677185,71.5985870361,26.198387146,136.308349609,66.5630264282,165.228424072,55.0016670227,20.8573818207,-32.1579971313,-31.900680542,-21.2092227936,-10.9470081329],[35.7158699036,12.5671930313,42.5779800415,12.3444414139,42.3481750488,31.3661575317,55.0016670227,88.6633529663,39.2271118164,-3.42164063454,-8.49580287933,-9.03782558441,0.196071788669],[-69.1026000977,7.71301937103,9.13491725922,3.46384334564,45.586856842,13.63788414,20.8573818207,39.2271118164,85.9053573608,26.0787200928,1.80360853672,7.16354084015,0.0066503030248],[-290.818237305,-51.28383255,-63.0134086609,-18.1417312622,-73.1218414307,-2.87630176544,-32.1579971313,-3.42164063454,26.0787200928,100.694145203,51.2119483948,27.6127376556,11.2340860367],[-269.108703613,-57.9817428589,-53.5725593567,-15.5609750748,-69.0170669556,-9.0322637558,-31.900680542,-8.49580287933,1.80360853672,51.2119483948,85.4275588989,37.1507949829,14.3185863495],[-243.685379028,-3.62776279449,-61.9249000549,3.04983139038,-42.8904724121,-15.6297636032,-21.2092227936,-9.03782558441,7.16354084015,27.6127376556,37.1507949829,78.2361755371,30.3201122284],[-172.312362671,-7.23325824738,-3.69659948349,10.6138830185,-19.1015224457,-12.5069103241,-10.9470081329,0.196071788669,0.0066503030248,11.2340860367,14.3185863495,30.3201122284,68.077796936]],"icov":[[0.000202922019525,0.0000519480963703,0.00000235464131038,0.0000240551544266,-0.000193424508325,0.000122585202917,-0.000236418549321,0.0000612885633018,0.000200420661713,0.000155784393428,0.000218430752284,0.000211341204704,0.000279776111711],[0.0000519480963703,0.00209593400359,0.000456570298411,-0.000915020587854,-0.000296123791486,0.000659517361782,-0.00144613487646,0.000486068398459,-0.0000503023547935,0.000275443890132,0.00100209983066,-0.000369642628357,0.000234177539824],[0.00000235464131038,0.000456570298411,0.00274006742984,0.000723147939425,-0.00114055152517,-0.00106687680818,0.000265342125203,-0.0006492594257,0.0002744627418,0.000844003865495,0.000274591031484,0.00132734701037,-0.00116919691209],[0.0000240551544266,-0.000915020587854,0.000723147939425,0.00649202568457,-0.00196470250376,-0.00158500263933,0.00159307930153,-0.00117068120744,0.00120057666209,0.000112763380457,0.000137743380037,-0.000392699352233,-0.00146493699867],[-0.000193424508325,-0.000296123791486,-0.00114055152517,-0.00196470250376,0.00564452446997,-0.00147056067362,-0.00234552635811,0.00204931828193,-0.0037791475188,0.00227585434914,0.000436645059381,0.000268544536084,0.0000672416863381],[0.000122585202917,0.000659517361782,-0.00106687680818,-0.00158500263933,-0.00147056067362,0.0112387184054,-0.00341411586851,-0.00132568634581,0.00142289034557,-0.00256709102541,-0.000444537494332,0.000153354849317,0.00212513864972],[-0.000236418549321,-0.00144613487646,0.000265342125203,0.00159307930153,-0.00234552635811,-0.00341411586851,0.0122668603435,-0.00581259932369,0.001131671248,0.000652362999972,0.000244115290116,-0.000300047919154,-0.00030756261549],[0.0000612885633018,0.000486068398459,-0.0006492594257,-0.00117068120744,0.00204931828193,-0.00132568634581,-0.00581259932369,0.0189013183117,-0.00883090309799,0.00228470470756,-0.000737438676879,0.00213592941873,-0.00147595931776],[0.000200420661713,-0.0000503023547935,0.0002744627418,0.00120057666209,-0.0037791475188,0.00142289034557,0.001131671248,-0.00883090309799,0.0197517164052,-0.00761967664585,0.00269939866848,-0.00274910824373,0.00165019650012],[0.000155784393428,0.000275443890132,0.000844003865495,0.000112763380457,0.00227585434914,-0.00256709102541,0.000652362999972,0.00228470470756,-0.00761967664585,0.0189374405891,-0.00799019727856,0.000515968946274,-0.000956430565566],[0.000218430752284,0.00100209983066,0.000274591031484,0.000137743380037,0.000436645059381,-0.000444537494332,0.000244115290116,-0.000737438676879,0.00269939866848,-0.00799019727856,0.0211016088724,-0.00659013353288,0.000550113851205],[0.000211341204704,-0.000369642628357,0.00132734701037,-0.000392699352233,0.000268544536084,0.000153354849317,-0.000300047919154,0.00213592941873,-0.00274910824373,0.000515968946274,-0.00659013353288,0.0208654683083,-0.00731366500258],[0.000279776111711,0.000234177539824,-0.00116919691209,-0.00146493699867,0.0000672416863381,0.00212513864972,-0.00030756261549,-0.00147595931776,0.00165019650012,-0.000956430565566,0.000550113851205,-0.00731366500258,0.01925037615]],"mean":[-624.268005371,101.466438293,-15.782336235,20.8356704712,1.70516872406,3.18798279762,0.172362536192,3.60125088692,2.5727455616,3.7021625042,1.56144189835,6.18013620377,-0.326645165682]},"pitch_salience":{"dmean":0.0620330385864,"dmean2":0.100766249001,"dvar":0.00382884964347,"dvar2":0.0099491244182,"max":0.845599830151,"mean":0.556143760681,"median":0.568466663361,"min":0.117644429207,"var":0.0121186943725},"silence_rate_20dB":{"dmean":0,"dmean2":0,"dvar":0,"dvar2":0,"max":1,"mean":1,"median":1,"min":1,"var":0},"silence_rate_30dB":{"dmean":0,"dmean2":0,"dvar":0,"dvar2":0,"max":1,"mean":1,"median":1,"min":1,"var":0},"silence_rate_60dB":{"dmean":0.00965472124517,"dmean2":0.0193110220134,"dvar":0.00956117268652,"dvar2":0.0222111213952,"max":1,"mean":0.0828765407205,"median":0,"min":0,"var":0.0760088935494},"spectral_centroid":{"dmean":233.696060181,"dmean2":366.060546875,"dvar":53442,"dvar2":125024.203125,"max":4004.33276367,"mean":1871.01904297,"median":1856.6706543,"min":465.29006958,"var":217050.28125},"spectral_complexity":{"dmean":3.81426930428,"dmean2":5.62507152557,"dvar":14.7745065689,"dvar2":28.1842803955,"max":60,"mean":25.2464199066,"median":24,"min":0,"var":161.197570801},"spectral_contrast_coeffs":{"dmean":[0.0460033230484,0.0436650626361,0.0358292199671,0.0309283789247,0.022430209443,0.0169734433293],"dmean2":[0.0758479386568,0.0720933899283,0.0583527944982,0.050727725029,0.0363503620028,0.0271575208753],"dvar":[0.00186744180974,0.00121813232545,0.000791269703768,0.000635503150988,0.000373050977942,0.000236514140852],"dvar2":[0.00475989235565,0.00332770287059,0.00204607169144,0.00163150101434,0.000897242105566,0.000580830092076],"max":[-0.340180814266,-0.420006126165,-0.518569648266,-0.510547459126,-0.567477047443,-0.57374048233],"mean":[-0.697498500347,-0.738213598728,-0.772101342678,-0.755224466324,-0.768867850304,-0.749765336514],"median":[-0.704986155033,-0.744727373123,-0.776675462723,-0.760415375233,-0.776504874229,-0.756118476391],"min":[-0.993440330029,-0.989886701107,-0.957233011723,-0.95817065239,-0.968244373798,-0.931237578392],"var":[0.00531517434865,0.00452911946923,0.00274859694764,0.00284837884828,0.00219601509161,0.00201332243159]},"spectral_contrast_valleys":{"dmean":[0.338397830725,0.328837096691,0.30683195591,0.269470393658,0.24518622458,0.270760416985],"dmean2":[0.560261905193,0.537155389786,0.483954042196,0.409432053566,0.351517438889,0.341854035854],"dvar":[0.0900220796466,0.0803324058652,0.0731644108891,0.0654368326068,0.0769245699048,0.111553609371],"dvar2":[0.23340202868,0.202787548304,0.169194310904,0.140192970634,0.156726032495,0.21485863626],"max":[-5.29703044891,-4.80540084839,-5.23268318176,-5.4553694725,-5.54139757156,-7.37844085693],"mean":[-7.42202854156,-6.71203041077,-7.27957105637,-7.53251600266,-7.31176233292,-9.97409629822],"median":[-7.05697202682,-6.55792474747,-7.09745645523,-7.25387525558,-6.98567342758,-9.62404823303],"min":[-17.4866733551,-17.6897926331,-19.0187835693,-19.2598590851,-18.6419258118,-20.2631816864],"var":[1.45824694633,0.911703407764,1.08883726597,1.21365141869,1.35741639137,1.59131169319]},"spectral_decrease":{"dmean":1.63261804076e-9,"dmean2":2.5960276151e-9,"dvar":8.58040322384e-18,"dvar2":2.15821364526e-17,"max":-1.79565595219e-19,"mean":-4.82456341544e-9,"median":-3.84256493291e-9,"min":-3.49438415981e-8,"var":1.49886930248e-17},"spectral_energy":{"dmean":0.00652240077034,"dmean2":0.0102434037253,"dvar":0.000128684696392,"dvar2":0.000320061779348,"max":0.136563763022,"mean":0.0202167537063,"median":0.0162322912365,"min":7.7651334798e-13,"var":0.000251228659181},"spectral_energyband_high":{"dmean":0.000370949215721,"dmean2":0.000496740918607,"dvar":3.68656714045e-7,"dvar2":6.4517496412e-7,"max":0.0163861084729,"mean":0.00101209944114,"median":0.000651483656839,"min":7.32391306889e-14,"var":0.00000136978133014},"spectral_energyband_low":{"dmean":0.00349492346868,"dmean2":0.00579276354983,"dvar":0.0000922298422665,"dvar2":0.000241210946115,"max":0.11652995646,"mean":0.00578464148566,"median":0.00405594706535,"min":3.1237455656e-13,"var":0.0000833826052258},"spectral_energyband_middle_high":{"dmean":0.00172210636083,"dmean2":0.00267200963572,"dvar":0.00000502627563037,"dvar2":0.0000121445245895,"max":0.0430613420904,"mean":0.00669825775549,"median":0.00497262738645,"min":8.90651959194e-14,"var":0.0000351941380359},"spectral_energyband_middle_low":{"dmean":0.00292382738553,"dmean2":0.00479590240866,"dvar":0.0000322210544255,"dvar2":0.0000845292743179,"max":0.0778773054481,"mean":0.0071749733761,"median":0.00484755821526,"min":2.85164985158e-13,"var":0.0000540221226402},"spectral_entropy":{"dmean":0.109704837203,"dmean2":0.154570236802,"dvar":0.0153056755662,"dvar2":0.0329815633595,"max":9.05283927917,"mean":7.77683591843,"median":7.84536981583,"min":6.14775753021,"var":0.126540079713},"spectral_flux":{"dmean":0.0184743851423,"dmean2":0.0277886930853,"dvar":0.000628094770946,"dvar2":0.00120115757454,"max":0.292559802532,"mean":0.0716974362731,"median":0.0639701411128,"min":0.000054041898693,"var":0.0018756473437},"spectral_kurtosis":{"dmean":0.955288529396,"dmean2":1.60316848755,"dvar":1.22588956356,"dvar2":3.67568659782,"max":28.7469520569,"mean":3.71789979935,"median":3.67640113831,"min":-1.16449809074,"var":3.6137983799},"spectral_rms":{"dmean":0.000605955719948,"dmean2":0.000917253957596,"dvar":7.0228571758e-7,"dvar2":0.00000163835636613,"max":0.0115426573902,"mean":0.00411670608446,"median":0.00397949526086,"min":2.75240612524e-8,"var":0.00000277634239865},"spectral_rolloff":{"dmean":549.221130371,"dmean2":888.551818848,"dvar":548099.125,"dvar2":1158389.125,"max":10766.6015625,"mean":2186.55932617,"median":2067.1875,"min":86.1328125,"var":1380873.25},"spectral_skewness":{"dmean":0.143795475364,"dmean2":0.229776754975,"dvar":0.0192069131881,"dvar2":0.0504933707416,"max":3.42294836044,"mean":1.34788346291,"median":1.3813546896,"min":0.129631772637,"var":0.106300398707},"spectral_spread":{"dmean":384093.375,"dmean2":542422.9375,"dvar":181076475904,"dvar2":315850817536,"max":22700196,"mean":4411299.5,"median":4205215,"min":1234868,"var":1329368399870},"spectral_strongpeak":{"dmean":0.486850738525,"dmean2":0.852310180664,"dvar":0.768057644367,"dvar2":2.0594933033,"max":11.3381509781,"mean":0.742382228374,"median":0.309148192406,"min":0,"var":1.00698399544},"zerocrossingrate":{"dmean":0.00992187298834,"dmean2":0.0116780363023,"dvar":0.000110920722364,"dvar2":0.000143073979416,"max":0.47998046875,"mean":0.0771013796329,"median":0.07373046875,"min":0.0146484375,"var":0.000727147969883}},"metadata":{"audio_properties":{"analysis_sample_rate":44100,"bit_rate":0,"codec":"flac","downmix":"mix","equal_loudness":0,"length":283.773345947,"lossless":true,"md5_encoded":"f74a3847f978098432edd5d58fe59c8a","replay_gain":-10.3113250732,"sample_rate":44100},"tags":{"album":["Trompe le Monde"],"album artist":["Pixies"],"albumartist":["Pixies"],"albumartistsort":["Pixies"],"artist":["Pixies"],"artistsort":["Pixies"],"asin":["B000025MDF"],"barcode":["4005902122023"],"catalognumber":["RTD 120.1220.2"],"copyright":["4AD Ltd."],"date":["1991"],"disc":["1"],"discid":["BB09260F"],"discnumber":["1"],"disctotal":["1"],"engineer":["Steve Haigler"],"ensemble":["Pixies"],"file_name":"01-14 Motorway to Roswell.flac","genre":["Alternative"],"label":["Rough Trade Germany"],"media":["CD"],"musicbrainz_albumartistid":["b6b2bb8d-54a9-491f-9607-7b546023b433"],"musicbrainz_albumid":["1c17751e-5437-37f4-89f6-7137aa68d515"],"musicbrainz_artistid":["b6b2bb8d-54a9-491f-9607-7b546023b433"],"musicbrainz_recordingid":["57aa98cf-50bb-47f6-a95b-c5295e9b6ec4"],"musicbrainz_releasegroupid":["ac9b0a0c-0da6-387f-8c09-65783187346a"],"organization":["4AD Records"],"originaldate":["1991-09-23"],"producer":["Gil Norton"],"releasecountry":["DE"],"releasestatus":["official"],"releasetype":["album"],"script":["Latn"],"title":["Motorway to Roswell"],"totaldiscs":["1"],"totaltracks":["15"],"tracknumber":["14"],"tracktotal":["15"]},"version":{"essentia":"2.1-beta1","essentia_build_sha":"ca57ba49d9b1854bd80e60cf9ccf267278fb7d6b","essentia_git_sha":"v2.1_beta1-28-g21ef5f4-dirty","extractor":"music 1.0"}},"rhythm":{"beats_count":537,"beats_loudness":{"dmean":0.00987790804356,"dmean2":0.0178133491427,"dvar":0.000110009132186,"dvar2":0.000327723362716,"max":0.0944591984153,"mean":0.0306511949748,"median":0.0290813501924,"min":6.34384278442e-8,"var":0.000280620995909},"beats_loudness_band_ratio":{"dmean":[0.306498348713,0.160428315401,0.0955490842462,0.0821081772447,0.0649328678846,0.1100944280