{"lowlevel":{"average_loudness":0.0127360196784,"barkbands":{"dmean":[0.00109800719656,0.00416981382295,0.00117653410416,0.000778757792432,0.000597082427703,0.00100881571416,0.00173824222293,0.000736915855668,0.0011887474684,0.000108915512101,0.0000672153182677,0.0000902261672309,0.0000709084633854,0.0000412259505538,0.00000868686038302,0.00000571339933231,0.00000540656810699,0.00000432572824138,0.0000035595621739,0.00000314557996717,0.00000339245525538,0.00000270681130132,0.00000209774202631,0.00000206074514608,0.00000231678154705,0.00000359952059625,0.0000430443797086],"dmean2":[0.00158610963263,0.00595126114786,0.00170589459594,0.00114508206025,0.000946611398831,0.00164247560315,0.00276446319185,0.00123515538871,0.00187059957534,0.000173757987795,0.000109333261207,0.000154256136739,0.00012286643323,0.0000716241338523,0.0000146918446262,0.00000974967861112,0.00000920986622077,0.00000747466719986,0.00000611554241914,0.00000537478263141,0.00000566170911043,0.00000462520665678,0.00000359795831173,0.00000348489538737,0.00000386504598282,0.0000059157200667,0.0000727734877728],"dvar":[0.00000788505440141,0.0000931365284487,0.00000637298535366,0.00000293648986371,0.00000142471731124,0.00000754024176786,0.0000309646311507,0.00000624192807663,0.0000205894193641,2.43493900598e-7,3.4903354873e-8,1.08702757018e-7,6.07803656294e-8,2.09822061947e-8,4.36152558514e-10,2.02623015588e-10,1.0788439031e-9,2.0347742935e-10,1.01204163105e-10,7.36377486765e-11,2.10388789723e-10,2.18373721883e-10,3.15276485474e-11,2.67746120414e-11,3.5936621734e-11,1.13442595595e-10,1.8183788697e-8],"dvar2":[0.0000147213231685,0.000190896520508,0.0000133212852234,0.00000642724671707,0.00000333640969075,0.0000203933941521,0.0000847443006933,0.0000168047936313,0.0000485359669256,5.76465993163e-7,9.33224626465e-8,3.07600402039e-7,1.80729216481e-7,6.09163066656e-8,1.16268605854e-9,5.42312916796e-10,2.84954992935e-9,6.13387063364e-10,2.57298293782e-10,1.92235241614e-10,4.71800098989e-10,5.65873792269e-10,8.78632097634e-11,7.24940871222e-11,9.66226751387e-11,3.03372660326e-10,5.1939334611e-8],"max":[0.128154218197,0.485234320164,0.0629514381289,0.0670866519213,0.0467906296253,0.0698917731643,0.26136097312,0.0495118647814,0.154930129647,0.029564384371,0.00990442093462,0.0146604459733,0.00926829501987,0.00542484922335,0.000434253539424,0.000341307022609,0.00225565768778,0.000737624184694,0.000418929528678,0.000330182403559,0.00102616602089,0.00102961738594,0.000154822526383,0.000100812023447,0.000157796835992,0.000342172046658,0.00459362752736],"mean":[0.00339905172586,0.0195083562285,0.00351962191053,0.00187986972742,0.00118321215268,0.00185649923515,0.00360964238644,0.00126492057461,0.00201912806369,0.000181838331628,0.000126389582874,0.0001694567909,0.000136281887535,0.000076620875916,0.000012020327631,0.00000737885375202,0.00000632382352705,0.00000464262393507,0.00000367177176486,0.00000325505902765,0.00000377039827981,0.00000266306642516,0.00000211150086216,0.00000217289766624,0.0000025836613986,0.00000409210997532,0.0000752097694203],"median":[0.00020302637131,0.00149225373752,0.000482438888866,0.000321475148667,0.000317597703543,0.000182570336619,0.000274238933343,0.0000615231547272,0.0000723515477148,0.0000107705845949,0.0000121723078337,0.00000717828652341,0.00000366865106116,0.00000234555545831,0.00000112771692784,7.46805085328e-7,4.76033164887e-7,4.06273386488e-7,3.60510966857e-7,3.19857292652e-7,3.04351203795e-7,2.51728977219e-7,2.24841272711e-7,2.52336747053e-7,3.08671928906e-7,4.73388865885e-7,0.00000387121554013],"min":[4.82766012093e-25,2.09909339334e-24,8.27780541271e-25,1.57536617317e-24,9.0433310235e-24,6.30377053311e-24,6.26765411429e-24,1.56137365426e-24,1.41025626437e-23,1.56620223242e-23,2.24417785113e-23,3.00429566263e-23,3.23437988296e-23,4.2742995578e-23,5.08283212964e-23,5.02157076946e-23,6.47953245044e-23,6.76875347076e-23,1.13386221703e-22,1.21716201588e-22,2.68532139644e-22,2.95144797733e-22,3.16031562583e-22,5.47162254232e-22,8.12287978892e-22,1.37271006355e-21,1.97656503736e-21],"var":[0.0000655562253087,0.00181044137571,0.0000542552552361,0.000014219901459,0.00000521760421179,0.0000169566737895,0.000103261700133,0.0000132114901135,0.0000502223701915,7.92730190824e-7,1.16459865751e-7,2.73130382311e-7,1.69949018414e-7,5.23732452962e-8,7.36569250037e-10,3.98775595878e-10,1.80551229523e-9,3.94886234822e-10,1.4665514636e-10,1.15415371704e-10,5.25465781998e-10,2.04278954863e-10,3.22779407369e-11,2.9564014431e-11,4.26405126486e-11,1.30735047787e-10,4.9337099739e-8]},"barkbands_crest":{"dmean":1.95784461498,"dmean2":3.05353713036,"dvar":2.88020420074,"dvar2":7.33714199066,"max":24.6392993927,"mean":13.174200058,"median":12.7700214386,"min":3.27921676636,"var":20.5182819366},"barkbands_flatness_db":{"dmean":0.0423964783549,"dmean2":0.0672189816833,"dvar":0.00138449924998,"dvar2":0.00378157780506,"max":0.532834589481,"mean":0.2633202672,"median":0.261118412018,"min":0.0383112020791,"var":0.00536767207086},"barkbands_kurtosis":{"dmean":15.2098941803,"dmean2":24.6234531403,"dvar":753.777587891,"dvar2":2042.74328613,"max":597.91015625,"mean":34.4039497375,"median":16.5755805969,"min":-1.89212810993,"var":2425.7578125},"barkbands_skewness":{"dmean":1.00612568855,"dmean2":1.62213623524,"dvar":1.19455134869,"dvar2":3.30286002159,"max":19.402431488,"mean":3.30264091492,"median":2.75933074951,"min":-2.82875967026,"var":6.65399265289},"barkbands_spread":{"dmean":1.68543159962,"dmean2":2.68706274033,"dvar":10.1313972473,"dvar2":24.2877540588,"max":118.716995239,"mean":6.78409671783,"median":4.94301891327,"min":0.332872390747,"var":90.5602645874},"dissonance":{"dmean":0.0480936206877,"dmean2":0.0811187177896,"dvar":0.00183449999895,"dvar2":0.00518990168348,"max":0.499991327524,"mean":0.40801012516,"median":0.417535960674,"min":0.12386148423,"var":0.00350314937532},"dynamic_complexity":13.6150665283,"erbbands":{"dmean":[0.207144334912,0.679663300514,1.1795270443,2.08334088326,2.31093907356,2.00666022301,5.66451311111,8.88451862335,19.2932491302,24.5288944244,23.9857635498,25.1883049011,4.98863887787,2.12267684937,3.26956939697,3.15895104408,3.14091515541,2.4428935051,0.73449164629,0.390806525946,0.303221076727,0.295987814665,0.242057934403,0.188888147473,0.176095724106,0.150035604835,0.134023472667,0.131991386414,0.0983748733997,0.0770625323057,0.0577828846872,0.0445170924067,0.0337350480258,0.0246892068535,0.0172442682087,0.0114098545164,0.00702673569322,0.00397217087448,0.00203536753543,0.00484787346795],"dmean2":[0.284968465567,1.01816987991,1.71122956276,3.03537130356,3.37119364738,3.35519242287,9.50739860535,14.4375457764,30.044626236,40.130115509,39.3444023132,39.1473121643,7.88826274872,3.4058432579,5.3959736824,5.41576385498,5.43997430801,4.17902851105,1.24675166607,0.661691725254,0.515754818916,0.50590056181,0.418854773045,0.327252209187,0.300663262606,0.25632199645,0.226888418198,0.218771860003,0.167745307088,0.131725803018,0.0987618416548,0.0756002217531,0.0568871721625,0.0413117557764,0.0287084393203,0.0188605673611,0.0115459877998,0.00648547522724,0.0032865612302,0.00770179275423],"dvar":[0.239329233766,2.5680668354,7.34953403473,21.3911571503,31.4753837585,18.0481529236,253.994918823,617.617858887,5932.71923828,5788.57714844,8719.47558594,10211.5556641,305.72366333,61.0863227844,92.3238067627,124.387405396,114.318962097,76.7453918457,3.6092736721,0.920333623886,0.7545825243,2.37273430824,0.71422201395,0.246108040214,0.31169578433,0.174710050225,0.1609197855,0.445796400309,0.302030801773,0.0601199455559,0.0217589326203,0.0124539341778,0.0072130355984,0.00395108014345,0.00205809925683,0.0010054379236,0.000444696284831,0.0001691141224,0.0000418672934757,0.000187243771506],"dvar2":[0.468133211136,5.66422605515,15.1063537598,49.0877914429,54.0649604797,49.5088882446,701.796508789,1622.59338379,14909.4335938,17185.3339844,22656.4355469,21834.2460938,695.140136719,154.049621582,251.388305664,353.518249512,340.70223999,218.938201904,9.78949737549,2.50558805466,1.98452937603,6.43894004822,2.11355137825,0.679042696953,0.757635474205,0.456981420517,0.398864984512,1.04466378689,0.773357987404,0.172494411469,0.0588221177459,0.0337715707719,0.0194996912032,0.010643501766,0.00552532682195,0.00268746935762,0.00119039218407,0.000451138679637,0.000109708737,0.000499102461617],"max":[28.6749820709,63.2351379395,101.896812439,162.360565186,283.931732178,71.8637771606,374.598724365,715.039123535,4637.20263672,2471.31762695,2149.35009766,4516.93554688,881.86505127,426.176452637,332.271575928,478.271911621,294.47845459,343.214935303,57.594367981,18.4078903198,37.8493881226,102.009307861,42.9485359192,10.4688138962,29.5222148895,19.2568569183,23.2098312378,49.0982971191,38.6493148804,9.68873119354,2.44320321083,1.98372149467,1.77140057087,1.52797913551,1.25948488712,0.973562061787,0.682580053806,0.419826775789,0.250493943691,0.567664861679],"mean":[1.04388082027,2.37355041504,3.62724494934,6.15523862839,5.30417108536,3.30638766289,8.79543399811,17.255569458,41.303276062,47.6619567871,41.1952285767,44.6815757751,9.57059860229,4.20605564117,6.60773658752,6.41041898727,6.42140817642,4.9626493454,1.40239274502,0.567436516285,0.384130328894,0.339930325747,0.264849841595,0.191228494048,0.185993924737,0.157570362091,0.143849223852,0.146117940545,0.0976105257869,0.076596044004,0.0586820505559,0.0461813099682,0.0360322110355,0.0271433200687,0.0194492153823,0.0130538521335,0.00808218680322,0.00482827750966,0.00448198150843,0.0209224820137],"median":[0.0563654974103,0.237635493279,0.566389799118,1.0636484623,1.11733341217,0.898825287819,1.00641989708,1.68096375465,2.81810760498,3.40919446945,1.90384602547,1.61483585835,0.681419432163,0.471555233002,0.539173305035,0.327200591564,0.207096338272,0.136017039418,0.0843738988042,0.0564499758184,0.0390547960997,0.0282328911126,0.0234874039888,0.0198906827718,0.0175869669765,0.0152995735407,0.0130118886009,0.0113020222634,0.00919793732464,0.00756976148114,0.00635448284447,0.00534812733531,0.00420631002635,0.00327078718692,0.00235745753162,0.00156629504636,0.000976960989647,0.000662359176204,0.000884293229319,0.00362608674914],"min":[8.51520631794e-23,7.27615612562e-22,1.61123009734e-21,4.87352804542e-21,2.08807059952e-20,3.25657194376e-20,2.59921942735e-20,6.43860586705e-20,1.54873452603e-19,1.67228661672e-19,2.79712778496e-19,3.69628138261e-19,5.69530653849e-19,7.21363480993e-19,9.03224153446e-19,1.55045669022e-18,1.62848804952e-18,1.58620516155e-18,2.55175706396e-18,2.33573202275e-18,3.49917747753e-18,4.35884478146e-18,5.3778982089e-18,6.20867953866e-18,8.18023640454e-18,7.05318379478e-18,7.743626489e-18,1.02265786696e-17,1.04642400673e-17,1.02210150528e-17,1.00453458789e-17,1.13368320683e-17,9.9406239862e-18,7.17655861033e-18,6.90364939237e-18,4.31227203143e-18,2.30065460169e-18,8.73596508458e-19,2.47568384796e-19,2.84477235427e-20],"var":[5.89773845673,28.0975379944,69.1544342041,152.928009033,182.993408203,34.8388252258,425.470703125,1580.0090332,21502.3164062,19646.7050781,17726.3789062,28424.3320312,1078.7076416,219.214752197,300.46661377,357.365081787,351.90423584,235.879501343,11.9698820114,1.75001847744,1.276009202,3.79565501213,1.47713720798,0.28174674511,0.57411813736,0.302984178066,0.32008215785,1.04267895222,0.283142894506,0.0632924363017,0.0227295085788,0.013415501453,0.00811090413481,0.00462473230436,0.00245956610888,0.00120005698409,0.00051215296844,0.000198225141503,0.000101214442111,0.00186752143782]},"erbbands_crest":{"dmean":3.0279955864,"dmean2":4.85360336304,"dvar":7.23724555969,"dvar2":18.872341156,"max":32.8418922424,"mean":13.4100103378,"median":12.3664188385,"min":2.47030615807,"var":32.488986969},"erbbands_flatness_db":{"dmean":0.0398147404194,"dmean2":0.0632717832923,"dvar":0.00112997274846,"dvar2":0.00311001599766,"max":0.469899654388,"mean":0.194404453039,"median":0.19333127141,"min":0.0367800369859,"var":0.00404749903828},"erbbands_kurtosis":{"dmean":4.3775267601,"dmean2":7.12044906616,"dvar":104.310371399,"dvar2":276.029296875,"max":495.452392578,"mean":8.41291713715,"median":4.88481092453,"min":-1.68390333652,"var":324.222412109},"erbbands_skewness":{"dmean":0.572858333588,"dmean2":0.910559237003,"dvar":0.318554967642,"dvar2":0.831668078899,"max":14.0652551651,"mean":1.26001036167,"median":1.15403628349,"min":-2.92811536789,"var":1.59704101086},"erbbands_spread":{"dmean":5.46927213669,"dmean2":8.9264125824,"dvar":42.1453285217,"dvar2":112.867797852,"max":138.000595093,"mean":17.0102939606,"median":12.8782815933,"min":0.44982534647,"var":223.555358887},"gfcc":{"cov":[[50563.046875,4538.73095703,-1678.86157227,-1969.69873047,-152.960708618,148.150039673,537.241638184,-511.807281494,540.133239746,474.460632324,808.426696777,-17.5946140289,259.166778564],[4538.73095703,1476.81286621,73.4817047119,-576.718994141,27.5826301575,-63.4266395569,214.068710327,-115.151847839,172.348403931,39.136806488,198.853240967,-86.1512985229,56.6702575684],[-1678.86157227,73.4817047119,579.967529297,254.967086792,126.459106445,18.6783828735,49.2933273315,73.6003952026,-2.39289879799,-50.4718360901,-32.5048942566,0.246611610055,-11.3150272369],[-1969.69873047,-576.718994141,254.967086792,919.354064941,231.317657471,124.796684265,-70.2485809326,167.087142944,-90.367515564,-103.357940674,-163.63293457,75.4205932617,-1.43702924252],[-152.960708618,27.5826301575,126.459106445,231.317657471,244.607894897,99.8667373657,44.7423553467,16.6910495758,9.40900802612,-23.6447162628,-6.82919836044,15.1091737747,25.0549945831],[148.150039673,-63.4266395569,18.6783828735,124.796684265,99.8667373657,141.015930176,41.8255767822,46.3383903503,-13.5077552795,3.74749016762,-14.1442890167,24.6012191772,11.0589990616],[537.241638184,214.068710327,49.2933273315,-70.2485809326,44.7423553467,41.8255767822,138.588104248,39.4513664246,63.9010772705,15.835059166,44.7648468018,-5.97474575043,23.9036979675],[-511.807281494,-115.151847839,73.6003952026,167.087142944,16.6910495758,46.3383903503,39.4513664246,132.089492798,38.5229148865,5.37282896042,-28.3807659149,23.8457813263,6.22970485687],[540.133239746,172.348403931,-2.39289879799,-90.367515564,9.40900802612,-13.5077552795,63.9010772705,38.5229148865,109.907615662,58.8087806702,57.999961853,-9.05158996582,14.3287887573],[474.460632324,39.136806488,-50.4718360901,-103.357940674,-23.6447162628,3.74749016762,15.835059166,5.37282896042,58.8087806702,88.213722229,65.1561889648,13.8059577942,3.8226082325],[808.426696777,198.853240967,-32.5048942566,-163.63293457,-6.82919836044,-14.1442890167,44.7648468018,-28.3807659149,57.999961853,65.1561889648,108.01524353,20.4687194824,25.5206508636],[-17.5946140289,-86.1512985229,0.246611610055,75.4205932617,15.1091737747,24.6012191772,-5.97474575043,23.8457813263,-9.05158996582,13.8059577942,20.4687194824,73.498664856,41.4800453186],[259.166778564,56.6702575684,-11.3150272369,-1.43702924252,25.0549945831,11.0589990616,23.9036979675,6.22970485687,14.3287887573,3.8226082325,25.5206508636,41.4800453186,62.8868904114]],"icov":[[0.0000378607437597,-0.000162262571394,0.00012630999845,-0.000079151308455,0.000101964520582,-0.000146837774082,-0.0000260490614892,0.000171327890712,-0.0000967324958765,-0.000111593988549,0.000109269974928,-0.000217283304664,0.000117037088785],[-0.000162262571394,0.00250878348015,-0.00110971974209,0.000677594100125,0.000166760568391,-0.000562257773709,-0.000370104302419,0.00104049453512,-0.00260931276716,0.00382900447585,-0.00336210941896,0.00299634551629,-0.00195640511811],[0.00012630999845,-0.00110971974209,0.00316462805495,-0.00051269296091,-0.00185956084169,0.00226225983351,-0.00124075228814,-0.00250398460776,0.00304256239906,-0.00124290119857,0.000120578428323,-0.00103981269058,0.00211909948848],[-0.000079151308455,0.000677594100125,-0.00051269296091,0.00473787076771,-0.00511227129027,0.0020124707371,0.0023552137427,-0.00636626314372,0.00293268170208,0.00114437879529,0.00153040094301,-0.00256886333227,0.00148549827281],[0.000101964520582,0.000166760568391,-0.00185956084169,-0.00511227129027,0.0160446688533,-0.0131670068949,-0.000469837337732,0.014872119762,-0.016296826303,0.00878068059683,-0.00195413571782,-0.0000448469254479,-0.00239139096811],[-0.000146837774082,-0.000562257773709,0.00226225983351,0.0020124707371,-0.0131670068949,0.0246477108449,-0.00819012243301,-0.0144358202815,0.0236626248807,-0.0174839347601,0.00559536740184,0.00017621711595,0.000303787179291],[-0.0000260490614892,-0.000370104302419,-0.00124075228814,0.0023552137427,-0.000469837337732,-0.00819012243301,0.020918995142,-0.00816281232983,-0.006325784605,0.010979315266,-0.0113491695374,0.0072907647118,-0.00467322580516],[0.000171327890712,0.00104049453512,-0.00250398460776,-0.00636626314372,0.014872119762,-0.0144358202815,-0.00816281232983,0.0399988591671,-0.0343429148197,0.00762210553512,0.0150099163875,-0.0174626894295,0.00630278885365],[-0.0000967324958765,-0.00260931276716,0.00304256239906,0.00293268170208,-0.016296826303,0.0236626248807,-0.006325784605,-0.0343429148197,0.0620548687875,-0.0342288576066,-0.00749787967652,0.0234377160668,-0.012972580269],[-0.000111593988549,0.00382900447585,-0.00124290119857,0.00114437879529,0.00878068059683,-0.0174839347601,0.010979315266,0.00762210553512,-0.0342288576066,0.0524138510227,-0.0234274677932,-0.00784979388118,0.0107579100877],[0.000109269974928,-0.00336210941896,0.000120578428323,0.00153040094301,-0.00195413571782,0.00559536740184,-0.0113491695374,0.0150099163875,-0.00749787967652,-0.0234274677932,0.0478856414557,-0.0260860584676,0.00616352912039],[-0.000217283304664,0.00299634551629,-0.00103981269058,-0.00256886333227,-0.0000448469254479,0.00017621711595,0.0072907647118,-0.0174626894295,0.0234377160668,-0.00784979388118,-0.0260860584676,0.0574466623366,-0.0352735891938],[0.000117037088785,-0.00195640511811,0.00211909948848,0.00148549827281,-0.00239139096811,0.000303787179291,-0.00467322580516,0.00630278885365,-0.012972580269,0.0107579100877,0.00616352912039,-0.0352735891938,0.0427157506347]],"mean":[-217.464050293,123.390869141,-21.4255580902,-17.1330070496,-30.829082489,-7.15419244766,-5.55017471313,-4.31682538986,1.51313304901,0.217799320817,1.63251531124,-11.6906576157,-7.25513124466]},"hfc":{"dmean":107.161361694,"dmean2":166.550415039,"dvar":73941.40625,"dvar2":191515.25,"max":9898.63671875,"mean":494.946105957,"median":112.141738892,"min":1.05794898186e-16,"var":818145.25},"melbands":{"dmean":[0.00142393191345,0.000630362424999,0.000354196381522,0.000137299837661,0.000164884040714,0.00021073523385,0.000294905505143,0.000228637334658,0.000238413063926,0.00013963294623,0.0000240523932007,0.00000994879974314,0.0000104594664663,0.0000111962817755,0.00000750044091546,0.00000698803478372,0.00000469648921353,0.00000144257751344,6.12791041021e-7,4.47893398814e-7,3.551729435e-7,3.38177869708e-7,2.40432029841e-7,2.05410387366e-7,1.47660529137e-7,1.34041030719e-7,1.12237941607e-7,9.94229978346e-8,8.19942442831e-8,8.67576233077e-8,7.33755598503e-8,6.01178271609e-8,4.53684023682e-8,4.10725569111e-8,3.37690941876e-8,2.94236315312e-8,2.63258748134e-8,2.37765664934e-8,2.18612417058e-8,2.04389518643e-8],"dmean2":[0.00200145342387,0.000916018732823,0.000513723876793,0.000211313119507,0.000276785023743,0.000341223814758,0.000463309901534,0.000374414463295,0.000389665656257,0.000216944841668,0.000038601050619,0.0000158773800649,0.0000169930972334,0.000019075052478,0.0000127062558022,0.000012165296539,0.00000812224698166,0.00000244885040956,0.00000103977845356,7.61140881878e-7,6.04459103215e-7,5.7850451185e-7,4.07829332971e-7,3.5703726553e-7,2.55239825719e-7,2.29637237226e-7,1.91501200675e-7,1.69532739847e-7,1.39177004144e-7,1.45451267031e-7,1.20168536455e-7,1.02417786252e-7,7.74506005996e-8,7.05020397618e-8,5.77317358363e-8,5.01039529865e-8,4.46656258646e-8,4.01477393552e-8,3.67262380507e-8,3.41621699818e-8],"dvar":[0.0000111362533062,0.00000215680483961,5.78943343044e-7,8.03110964398e-8,1.94516033503e-7,3.49709040393e-7,0.00000113113401312,4.76389942605e-7,9.15068767426e-7,3.07733927229e-7,7.16960357749e-9,1.69717861986e-9,8.66544891398e-10,1.81034065516e-9,5.91118709536e-10,6.05689332023e-10,3.1728666916e-10,1.60354680923e-11,2.19007299275e-12,1.23741902142e-12,1.5837592739e-12,5.12350882206e-12,9.42572842694e-13,7.33736151264e-13,1.48600329633e-13,1.50861826287e-13,1.08345651244e-13,9.26334950044e-14,4.64415764417e-14,3.21835413137e-13,1.23393672667e-13,2.19981530821e-13,1.54705214568e-14,1.8846833748e-14,7.65527794828e-15,5.42804970622e-15,4.36757631472e-15,3.57879382325e-15,3.05349024738e-15,2.72722564983e-15],"dvar2":[0.0000225572639465,0.00000450148127129,0.00000125804626805,1.64643353173e-7,5.40139694749e-7,9.1283573056e-7,0.00000292500499199,0.00000140373970225,0.0000023557527129,6.5192546117e-7,1.73087002509e-8,4.23759027868e-9,2.31123964411e-9,5.09076114596e-9,1.71844971586e-9,1.82371240331e-9,9.16559661501e-10,4.36517558211e-11,5.92237326888e-12,3.35939435991e-12,4.14140466712e-12,1.42699055697e-11,1.85896697341e-12,2.33398348391e-12,4.05282063335e-13,3.818788005e-13,2.70621958003e-13,2.3355536255e-13,1.1755772408e-13,7.09734734091e-13,2.99085463427e-13,5.51240585296e-13,4.08768884626e-14,5.62599927311e-14,2.04496250662e-14,1.47310074837e-14,1.18406998277e-14,9.68049137352e-15,8.23530747583e-15,7.34389931951e-15],"max":[0.183474868536,0.0578929707408,0.0268141049892,0.0130362678319,0.0100137880072,0.0179645419121,0.0600713454187,0.0222465451807,0.0216522235423,0.025506477803,0.00420743506402,0.00229104794562,0.00139086251147,0.0019659192767,0.000632405222859,0.00100330798887,0.000700022734236,0.000119487776828,0.0000271129047178,0.0000304107652482,0.0000706975770299,0.000157323054736,0.0000670686204103,0.0000536823281436,0.00000779134643381,0.0000171023075382,0.0000133696503326,0.0000168783626577,0.00000693318497724,0.0000433991444879,0.0000237314216065,0.0000339607540809,0.00000307127243104,0.00000551758603251,0.0000015985316395,0.00000123994936985,0.00000120845538731,0.00000121802145259,0.0000012454862599,0.00000129780107727],"mean":[0.00690074078739,0.00232263491489,0.0010822530603,0.000281989137875,0.000265723327175,0.000426888727816,0.000629734189715,0.000437147333287,0.000390122353565,0.000247408403084,0.0000399848504458,0.0000178049867827,0.0000204608568311,0.0000203136405617,0.0000145856047311,0.0000131892638819,0.00000877216098161,0.00000246301806328,8.41486212266e-7,6.05615014138e-7,4.25916624636e-7,3.81469646982e-7,2.66919329306e-7,2.14228620621e-7,1.45345808278e-7,1.3950914024e-7,1.16195558064e-7,1.03854503664e-7,8.5155740237e-8,9.85102062145e-8,7.88627687598e-8,5.78180348043e-8,4.49951720327e-8,4.07377882539e-8,3.41278649785e-8,3.01559559546e-8,2.74029314795e-8,2.52623362229e-8,2.36758079808e-8,2.25471286086e-8],"median":[0.000452487496659,0.000359480676707,0.000209819030715,0.0000737363079679,0.0000338354911946,0.0000405471873819,0.0000479605951114,0.0000287756029138,0.0000137735260068,0.00000882114727574,0.00000257217197941,0.00000167610039625,0.00000174951958343,9.03056331936e-7,5.83360133533e-7,3.2291885077e-7,2.27858251378e-7,1.26617152318e-7,8.02072577244e-8,5.73961038697e-8,3.94019679106e-8,2.82250383066e-8,2.26679190973e-8,1.8493551579e-8,1.52206851567e-8,1.33313680095e-8,1.1291488633e-8,9.54533430075e-9,8.16400991255e-9,7.01662594693e-9,6.36319619218e-9,5.27947285889e-9,4.45087788847e-9,4.00929689448e-9,3.65558872062e-9,3.37638139669e-9,3.13878611991e-9,2.94255930733e-9,2.80137690822e-9,2.69265987285e-9],"min":[6.63403868817e-25,1.0112847734e-24,1.28703899143e-24,1.33280702482e-24,9.2087303062e-25,1.2323981464e-24,2.12511830903e-24,1.62156748842e-24,2.09656410806e-24,1.65293555624e-24,2.67981926517e-24,2.1665508615e-24,3.37788267463e-24,2.12465366996e-24,2.93727585451e-24,3.02291163615e-24,2.98318164273e-24,3.63423959186e-24,2.54947853882e-24,4.46934194563e-24,4.16820139481e-24,3.86597339923e-24,2.88872856554e-24,3.20900431812e-24,4.53855936246e-24,4.23046303061e-24,4.22814614613e-24,3.99304311384e-24,3.59132871406e-24,6.32593358024e-24,5.30485450706e-24,4.92876822594e-24,5.33181067305e-24,5.1245879573e-24,4.43019787865e-24,5.22802458249e-24,5.98398683252e-24,6.24740247713e-24,4.96793595875e-24,5.98581422881e-24],"var":[0.000241920992266,0.0000260160413745,0.00000416807370129,3.59743410172e-7,3.49269697608e-7,0.00000102253136447,0.00000395641882278,0.00000164793516433,0.0000018212571149,8.6333670879e-7,2.08355732667e-8,5.4710493913e-9,2.95887558899e-9,4.16022638561e-9,1.66722369244e-9,1.6764154509e-9,7.8513745505e-10,4.07887404408e-11,3.62766934547e-12,2.87424988324e-12,2.4918619685e-12,7.32604948928e-12,1.86118980471e-12,1.28901717859e-12,1.4624579488e-13,2.28707732006e-13,1.82870537289e-13,1.69109490951e-13,6.44348059609e-14,8.34038892637e-13,2.27814755992e-13,1.93373081762e-13,1.67839527676e-14,1.88471268214e-14,7.92857143464e-15,5.74844245962e-15,4.73005093548e-15,3.99517404429e-15,3.50846086599e-15,3.20464327682e-15]},"melbands_crest":{"dmean":2.54862451553,"dmean2":4.00329303741,"dvar":5.21535634995,"dvar2":12.6775684357,"max":36.8821868896,"mean":19.0337753296,"median":18.1055774689,"min":1.35215592384,"var":57.0437088013},"melbands_flatness_db":{"dmean":0.0512740537524,"dmean2":0.0813007205725,"dvar":0.00199980684556,"dvar2":0.00549677154049,"max":0.706546962261,"mean":0.400130420923,"median":0.403345257044,"min":0.00021049552015,"var":0.00960697885603},"melbands_kurtosis":{"dmean":11.3884477615,"dmean2":18.4812717438,"dvar":533.90057373,"dvar2":1411.06335449,"max":771.59753418,"mean":25.9005908966,"median":8.71006011963,"min":-1.77246773243,"var":2434.16723633},"melbands_skewness":{"dmean":0.754853546619,"dmean2":1.20354700089,"dvar":0.690607666969,"dvar2":1.87904572487,"max":20.4957714081,"mean":2.65917658806,"median":2.26514458656,"min":-3.17759132385,"var":5.7537446022},"melbands_spread":{"dmean":1.60979568958,"dmean2":2.58424377441,"dvar":20.7296257019,"dvar2":56.4402618408,"max":168.496292114,"mean":7.91318178177,"median":4.62785387039,"min":0.180957600474,"var":332.280334473},"mfcc":{"cov":[[22673.8867188,6584.51025391,-859.758605957,-936.739074707,-512.527587891,249.898406982,38.2312011719,-299.896759033,-214.703933716,140.828887939,320.627380371,294.585174561,138.360824585],[6584.51025391,3619.22851562,209.859268188,-465.166290283,-282.42590332,59.9198532104,34.7462310791,-157.167572021,-100.992103577,71.0631332397,162.91545105,139.338821411,59.5415267944],[-859.758605957,209.859268188,556.882263184,254.005981445,82.2328338623,-9.46572494507,40.6523857117,77.5894546509,55.9253807068,21.8084526062,12.2517871857,17.744474411,27.7190113068],[-936.739074707,-465.166290283,254.005981445,495.083251953,276.388153076,69.3387756348,48.746383667,142.439453125,109.550559998,-0.707491755486,-57.9316368103,-22.2218875885,26.2466812134],[-512.527587891,-282.42590332,82.2328338623,276.388153076,257.353210449,110.59047699,55.9296836853,88.7499084473,67.5005722046,-1.63111436367,-43.1024246216,-24.2938346863,10.0445804596],[249.898406982,59.9198532104,-9.46572494507,69.3387756348,110.59047699,112.675888062,70.0567626953,37.3883514404,18.778011322,3.55550813675,-5.99453830719,-5.59496116638,-0.290108114481],[38.2312011719,34.7462310791,40.6523857117,48.746383667,55.9296836853,70.0567626953,82.5337142944,61.2479934692,29.5416259766,7.67433691025,-3.93558430672,-3.89883923531,0.74342238903],[-299.896759033,-157.167572021,77.5894546509,142.439453125,88.7499084473,37.3883514404,61.2479934692,112.28855896,80.2049560547,14.1902999878,-21.5908508301,-12.992811203,10.3100633621],[-214.703933716,-100.992103577,55.9253807068,109.550559998,67.5005722046,18.778011322,29.5416259766,80.2049560547,85.7845611572,37.6639785767,-1.74560236931,-2.2249879837,10.3880004883],[140.828887939,71.0631332397,21.8084526062,-0.707491755486,-1.63111436367,3.55550813675,7.67433691025,14.1902999878,37.6639785767,61.5545463562,53.5118865967,25.624628067,3.62587285042],[320.627380371,162.91545105,12.2517871857,-57.9316368103,-43.1024246216,-5.99453830719,-3.93558430672,-21.5908508301,-1.74560236931,53.5118865967,83.8921432495,52.8284187317,6.66147136688],[294.585174561,139.338821411,17.744474411,-22.2218875885,-24.2938346863,-5.59496116638,-3.89883923531,-12.992811203,-2.2249879837,25.624628067,52.8284187317,56.0344200134,29.6019668579],[138.360824585,59.5415267944,27.7190113068,26.2466812134,10.0445804596,-0.290108114481,0.74342238903,10.3100633621,10.3880004883,3.62587285042,6.66147136688,29.6019668579,49.6807174683]],"icov":[[0.000162164709764,-0.000356597593054,0.000550155004021,-0.000428644532803,0.000320602674037,-0.000333610834787,0.000521732319612,-0.000926812237594,0.000989087275229,-0.000687467807438,0.00021786808793,-0.000209210600588,-0.0000481847782794],[-0.000356597593054,0.00129558192566,-0.00190410879441,0.00151829770766,0.000348936853698,-0.00175357458647,0.000192176070414,0.00183540058788,-0.00179008301347,0.0000803383882158,0.00134351744782,-0.00116327474825,0.000117507246614],[0.000550155004021,-0.00190410879441,0.0061145410873,-0.00486421072856,-0.000693508423865,0.00775866210461,-0.00744519429281,0.00194529409055,-0.000488383113407,0.00400282628834,-0.00833444483578,0.0058476855047,-0.00275547709316],[-0.000428644532803,0.00151829770766,-0.00486421072856,0.0115767316893,-0.00844601355493,-0.00115713488776,0.00715964240953,-0.00770968943834,0.00213626446202,-0.00414467370138,0.00949188694358,-0.00910178758204,0.00317204208113],[0.000320602674037,0.000348936853698,-0.000693508423865,-0.00844601355493,0.027189552784,-0.0323162414134,0.0212239846587,-0.0103311995044,0.00477464543656,-0.00963979121298,0.0113198794425,-0.0043595735915,0.000463373522507],[-0.000333610834787,-0.00175357458647,0.00775866210461,-0.00115713488776,-0.0323162414134,0.0764251723886,-0.0719931200147,0.0453197546303,-0.0296121798456,0.0348306410015,-0.0393853336573,0.0272942557931,-0.00936692301184],[0.000521732319612,0.000192176070414,-0.00744519429281,0.00715964240953,0.0212239846587,-0.0719931200147,0.106634281576,-0.0904560387135,0.0693972632289,-0.0626061782241,0.0581153668463,-0.043041780591,0.0190653223544],[-0.000926812237594,0.00183540058788,0.00194529409055,-0.00770968943834,-0.0103311995044,0.0453197546303,-0.0904560387135,0.131152942777,-0.127547815442,0.103972457349,-0.0826432183385,0.0595528632402,-0.0254630856216],[0.000989087275229,-0.00179008301347,-0.000488383113407,0.00213626446202,0.00477464543656,-0.0296121798456,0.0693972632289,-0.127547815442,0.182149603963,-0.175833880901,0.137531727552,-0.082274697721,0.0281557086855],[-0.000687467807438,0.0000803383882158,0.00400282628834,-0.00414467370138,-0.00963979121298,0.0348306410015,-0.0626061782241,0.103972457349,-0.175833880901,0.240498945117,-0.213362902403,0.127420976758,-0.044813759625],[0.00021786808793,0.00134351744782,-0.00833444483578,0.00949188694358,0.0113198794425,-0.0393853336573,0.0581153668463,-0.0826432183385,0.137531727552,-0.213362902403,0.248734563589,-0.182450085878,0.0733557417989],[-0.000209210600588,-0.00116327474825,0.0058476855047,-0.00910178758204,-0.0043595735915,0.0272942557931,-0.043041780591,0.0595528632402,-0.082274697721,0.127420976758,-0.182450085878,0.182683497667,-0.083634570241],[-0.0000481847782794,0.000117507246614,-0.00275547709316,0.00317204208113,0.000463373522507,-0.00936692301184,0.0190653223544,-0.0254630856216,0.0281557086855,-0.044813759625,0.0733557417989,-0.083634570241,0.0622147321701]],"mean":[-864.573059082,171.311004639,53.3896484375,14.7534828186,2.50282692909,5.50767660141,3.98782849312,0.861759126186,2.68404960632,8.0321969986,10.7503967285,8.85582447052,3.89006853104]},"pitch_salience":{"dmean":0.0516768880188,"dmean2":0.081290833652,"dvar":0.00193256675266,"dvar2":0.00500748632476,"max":0.98931324482,"mean":0.48285189271,"median":0.493153512478,"min":0.0556479021907,"var":0.0182314738631},"silence_rate_20dB":{"dmean":0.00618123356253,"dmean2":0.0123639963567,"dvar":0.00614297622815,"dvar2":0.0154255488887,"max":1,"mean":0.962175548077,"median":1,"min":0,"var":0.0363960824907},"silence_rate_30dB":{"dmean":0.0284336749464,"dmean2":0.0568743832409,"dvar":0.027625348419,"dvar2":0.0625420957804,"max":1,"mean":0.7938195467,"median":1,"min":0,"var":0.163651913404},"silence_rate_60dB":{"dmean":0.00420323899016,"dmean2":0.00840751733631,"dvar":0.00418568309397,"dvar2":0.00858456082642,"max":1,"mean":0.402843028307,"median":0,"min":0,"var":0.240555405617},"spectral_centroid":{"dmean":58.074092865,"dmean2":94.3593139648,"dvar":33663.2421875,"dvar2":70595.9375,"max":11759.3056641,"mean":549.787414551,"median":386.331176758,"min":104.810768127,"var":1516600.75},"spectral_complexity":{"dmean":0.980838179588,"dmean2":1.70029675961,"dvar":1.54499590397,"dvar2":4.30256032944,"max":24,"mean":5.93992567062,"median":5,"min":0,"var":33.8724098206},"spectral_contrast_coeffs":{"dmean":[0.0399635657668,0.042587056756,0.035854510963,0.0384639166296,0.0241082459688,0.0165244191885],"dmean2":[0.0663333386183,0.0700790807605,0.0590009056032,0.0638431757689,0.0412420071661,0.0274100545794],"dvar":[0.00108010321856,0.00117655354552,0.000902320840396,0.00114544120152,0.000534450809937,0.000267871306278],"dvar2":[0.00295365089551,0.00326178618707,0.00243627023883,0.00306714279577,0.00139091245364,0.000690636225045],"max":[-0.420718818903,-0.458652883768,-0.560919463634,-0.577256143093,-0.640808284283,-0.589447855949],"mean":[-0.730529606342,-0.772453844547,-0.823071599007,-0.865573763847,-0.931924879551,-0.880381286144],"median":[-0.730886697769,-0.777579903603,-0.82382786274,-0.882431149483,-0.939889788628,-0.882098793983],"min":[-0.978660941124,-0.984612286091,-0.985859930515,-0.989297091961,-0.978712916374,-0.965399682522],"var":[0.00672120833769,0.00708302203566,0.00520494906232,0.00695987278596,0.00124292611144,0.000773108156864]},"spectral_contrast_valleys":{"dmean":[0.350629210472,0.357836097479,0.440746366978,0.615856230259,0.73241764307,0.595949709415],"dmean2":[0.580557465553,0.588366985321,0.716444373131,1.00593996048,1.20841789246,0.969099938869],"dvar":[0.116057291627,0.137409120798,0.211061567068,0.35485419631,0.448181688786,0.332543283701],"dvar2":[0.282065629959,0.321276664734,0.51883995533,0.911134898663,1.1275472641,0.813095629215],"max":[-4.81900930405,-3.94184184074,-5.09309387207,-6.27393198013,-6.39545583725,-8.64311408997],"mean":[-8.14800357819,-7.86855506897,-9.18457889557,-10.0545310974,-10.2693252563,-12.3490581512],"median":[-7.30029582977,-7.16123533249,-8.41839408875,-9.38181686401,-9.7079372406,-11.8146753311],"min":[-28.2702865601,-27.8096256256,-27.8297348022,-27.7028560638,-27.5296192169,-27.483839035],"var":[8.89531040192,9.23467540741,8.4431142807,7.69986200333,7.21061849594,5.86476516724]},"spectral_decrease":{"dmean":2.29648233763e-9,"dmean2":3.40323924597e-9,"dvar":2.24943264167e-17,"dvar2":5.25631953334e-17,"max":9.05655639372e-8,"mean":-4.3744936562e-9,"median":-1.15549042556e-10,"min":-1.34349818381e-7,"var":1.44095074465e-16},"spectral_energy":{"dmean":0.00947488378733,"dmean2":0.0140989460051,"dvar":0.000367223896319,"dvar2":0.000864134461153,"max":0.850970864296,"mean":0.0614033602178,"median":0.0197638012469,"min":1.00617256125e-20,"var":0.00938381999731},"spectral_energyband_high":{"dmean":0.000031294854125,"dmean2":0.0000512586630066,"dvar":8.54271409167e-9,"dvar2":2.25612737381e-8,"max":0.00301267835312,"mean":0.0000391407957068,"median":0.00000517793750987,"min":7.19851343135e-21,"var":1.20410197368e-8},"spectral_energyband_low":{"dmean":0.0051879491657,"dmean2":0.00736208725721,"dvar":0.000132351866341,"dvar2":0.000269947486231,"max":0.585504293442,"mean":0.0271494537592,"median":0.00303184892982,"min":1.70109381845e-23,"var":0.00290669035167},"spectral_energyband_middle_high":{"dmean":0.000230550809647,"dmean2":0.000375337258447,"dvar":4.72125321949e-7,"dvar2":0.0000011270685718,"max":0.0467657335103,"mean":0.000707099563442,"median":0.0000681663004798,"min":1.17398305159e-21,"var":0.00000401488887292},"spectral_energyband_middle_low":{"dmean":0.00372265069745,"dmean2":0.00576144317165,"dvar":0.0000832316218293,"dvar2":0.000210451617022,"max":0.317674279213,"mean":0.0118496064097,"median":0.00320998509414,"min":1.60298782617e-22,"var":0.000466579338536},"spectral_entropy":{"dmean":0.442330956459,"dmean2":0.714137256145,"dvar":0.153790086508,"dvar2":0.415516018867,"max":9.82164669037,"mean":6.56595516205,"median":6.49496078491,"min":4.40205001831,"var":0.517088770866},"spectral_flux":{"dmean":0.0118392342702,"dmean2":0.0198966898024,"dvar":0.000299668783555,"dvar2":0.000850012351293,"max":0.420065671206,"mean":0.0616271644831,"median":0.0435700714588,"min":6.37006628001e-11,"var":0.00456955609843},"spectral_kurtosis":{"dmean":17.1217155457,"dmean2":28.0493335724,"dvar":454.062042236,"dvar2":1209.90539551,"max":230.94380188,"mean":32.4643707275,"median":23.9723453522,"min":-1.26621818542,"var":741.572998047},"spectral_rms":{"dmean":0.000450765423011,"dmean2":0.000658998731524,"dvar":4.48499918093e-7,"dvar2":0.00000102598744434,"max":0.0288134589791,"mean":0.00551121914759,"median":0.00439109979197,"min":3.13310033299e-12,"var":0.0000295322224702},"spectral_rolloff":{"dmean":1092.50744629,"dmean2":2147.37060547,"dvar":20412738,"dvar2":51889272,"max":22028.4667969,"mean":19130.5292969,"median":21856.2011719,"min":64.599609375,"var":49454028},"spectral_skewness":{"dmean":1.20936882496,"dmean2":1.95637762547,"dvar":1.50708675385,"dvar2":4.05258226395,"max":12.8366785049,"mean":4.40319824219,"median":4.07736587524,"min":-0.078734844923,"var":3.58357954025},"spectral_spread":{"dmean":989828.5,"dmean2":1601857.125,"dvar":1366298591230,"dvar2":3382182674430,"max":45311196,"mean":4677514,"median":3998949.25,"min":735265.125,"var":19650106622000},"spectral_strongpeak":{"dmean":12.63073349,"dmean2":22.3237056732,"dvar":1222.57006836,"dvar2":3078.9765625,"max":442.81930542,"mean":17.7333183289,"median":0.40334624052,"min":0,"var":2126.79858398},"zerocrossingrate":{"dmean":0.0427796915174,"dmean2":0.0512451417744,"dvar":0.00125684449449,"dvar2":0.00183299358469,"max":0.94775390625,"mean":0.406462281942,"median":0.4228515625,"min":0.0146484375,"var":0.0224219709635}},"metadata":{"audio_properties":{"analysis_sample_rate":44100,"bit_rate":89796,"codec":"mp3","downmix":"mix","equal_loudness":0,"length":187.820404053,"lossless":false,"md5_encoded":"4a279edd10446a65756ba380f66ec6e8","replay_gain":4.92058372498},"tags":{"album":["The Lamb Lies Down on Broadway"],"artist":["Genesis"],"discnumber":["2/2"],"file_name":"06 - Genesis - Silent Sorrow in Empty Boats.mp3","genre":["Progressive Rock"],"musicbrainz album artist":["Genesis"],"musicbrainz album artist sortname":["Genesis"],"musicbrainz album status":["official"],"musicbrainz album type":["album"],"musicbrainz non-album":["0"],"musicbrainz_albumartistid":["8e3fcd7d-bda1-4ca0-b987-b8528d2ee74e"],"musicbrainz_albumid":["5b3d7874-b337-40bd-a90e-9f33e8936c25"],"musicbrainz_artistid":["8e3fcd7d-bda1-4ca0-b987-b8528d2ee74e"],"musicbrainz_recordingid":["57b624c2-a033-4e66-9d4b-b605b5a25843"],"originaldate":["1974"],"quodlibet::labelid":["7243 8 39774 20"],"title":["Silent Sorrow in Empty Boats"],"tracknumber":["6/12"]},"version":{"essentia":"2.1-beta1","essentia_build_sha":"ab033649a6180e58ab3ffa3648ee50b8e9460706","essentia_git_sha":"v2.1_beta1-8-g0ed32f5-dirty","extractor":"music 1.0"}},"rhythm":{"beats_count":437,"beats_loudness":{"dmean":0.0263431705534,"dmean2":0.0404941961169,"dvar":0.00201349006966,"dvar2":0.00493122963235,"max":0.613587796688,"mean":0.0674600601196,"median":0.0250703953207,"min":0,"var":0.0102138388902},"beats_loudness_band_ratio":{"dmean":[0.154917255044,0.0436506308615,0.0666356533766,0.00814497098327,0.00137759326026,0.12319162488],"dmean2":[0.25090238452,0.0736629143357,0.111916936934,0.0138833317906,0.00224904646166,0.202206760645],"dvar":[0.0199398472905,0.00249287812039,0.00683852331713,0.00131020427216,0.000028148147976,0.013317765668],"dvar2":[0.0487981438637,0.00631943671033,0.0188196022063,0.0035125927534,0.0000649894864182,0.0309730581939],"max":[0.968786358833,0.386701762676,0.569254398346,0.6041046381,0.0840448588133,0.866153001785],"mean":[0.47