{"lowlevel":{"average_loudness":0.936245441437,"barkbands":{"dmean":[0.0109074562788,0.0130124725401,0.00144686747808,0.00117692479398,0.00260573485866,0.00141551136039,0.00125761190429,0.000823155802209,0.00100646400824,0.000409131578635,0.000421528849984,0.000252499856288,0.0000870478470461,0.000104262806417,0.0000756816589274,0.0000275436323136,0.0000207110097108,0.0000159042665473,0.00002040678919,0.0000148962299136,0.00000725071095076,0.00000510594509251,0.00000312129554914,0.00000264508480541,0.0000024908629257,0.00000254482552009,0.0000073745127338],"dmean2":[0.0173538755625,0.021227972582,0.00241843098775,0.00187969999388,0.00386896263808,0.0021875037346,0.00192565598991,0.00128284399398,0.00154173513874,0.000625014479738,0.000692184781656,0.000409502885304,0.000137332754093,0.000161806470715,0.00011916548101,0.0000425771213486,0.0000313032978738,0.0000239559904003,0.0000300802330457,0.0000227177861234,0.0000112374173113,0.00000808537606645,0.00000518203205502,0.00000445110345026,0.00000420874084739,0.00000426645328844,0.0000106077322926],"dvar":[0.000524548115209,0.000622588675469,0.0000050048470257,0.00000659200350128,0.0000367714019376,0.0000178542632057,0.0000121631774164,0.00000716628028385,0.0000105705512397,0.00000156638486715,0.00000174772685568,4.68914464591e-7,2.92956148229e-8,5.64967663763e-8,3.05849638949e-8,2.61676347257e-9,2.19797091638e-9,1.2442339381e-9,9.4327807787e-9,1.9771217552e-8,4.21996354527e-10,1.69198238753e-10,4.07363170973e-11,3.03092585752e-11,2.81215623704e-11,2.75795185301e-11,3.56476959062e-10],"dvar2":[0.0012372097699,0.001639436814,0.0000126080731206,0.0000137684874062,0.000074025374488,0.0000400387252739,0.0000254057667917,0.0000162040832947,0.0000248279575317,0.00000354125563717,0.00000434219873569,0.00000116642411285,6.63666313017e-8,1.28472052552e-7,7.45017558756e-8,5.96737192993e-9,4.64700855574e-9,2.65373523156e-9,1.88794491152e-8,4.98963821371e-8,1.02447106354e-9,4.1697881259e-10,1.01509259332e-10,7.70360927826e-11,7.17180481669e-11,6.9879782516e-11,7.47995887451e-10],"max":[0.320490181446,0.244562223554,0.0496811270714,0.111718833447,0.131223991513,0.0964319333434,0.0745707824826,0.137526810169,0.0830185636878,0.0418293178082,0.0416227020323,0.0203929822892,0.00623971968889,0.00892140716314,0.00526572810486,0.00108605704736,0.00172874343116,0.00100550171919,0.00346165336668,0.00901965331286,0.00103181484155,0.000663163664285,0.000106644212792,0.0000722276963643,0.0000682416430209,0.0000676339623169,0.000969506741967],"mean":[0.0139388050884,0.02184731327,0.00201528612524,0.00168713298626,0.00432292791083,0.00215366366319,0.0020205094479,0.00120282766875,0.00156435696408,0.000602172163781,0.000516426109243,0.000317950703902,0.000121206998301,0.000142338612932,0.000105883453216,0.0000345480329997,0.0000272190627584,0.0000202764094865,0.0000263258971245,0.0000171503397723,0.00000809506036603,0.00000555326641916,0.00000302381226902,0.00000237465133068,0.00000215956561078,0.00000233395257965,0.0000109457851067],"median":[0.00235448684543,0.00583580508828,0.000983275240287,0.000576985941734,0.00121728819795,0.000625430897344,0.000574299367145,0.000245264847763,0.000234586099396,0.000123019213788,0.0000918184960028,0.0000638409619569,0.000045035740186,0.0000476509339933,0.0000319993996527,0.0000133230278152,0.0000099220287666,0.00000755839755584,0.00000599669647272,0.00000400684393753,0.0000025573815492,0.00000181796258403,9.07067487788e-7,5.51859386633e-7,4.12095118918e-7,6.01503415965e-7,0.00000464279764856],"min":[1.57883299991e-23,3.30215628758e-23,1.68893762967e-23,1.64561401984e-23,4.06694368233e-23,4.04006214258e-23,6.30420637876e-24,2.87299323595e-23,9.23009605162e-23,2.42743039718e-23,3.59664532102e-23,6.13101307143e-23,7.34810427915e-23,8.79644722133e-23,1.45386395878e-22,2.77869804137e-22,1.96154984627e-22,1.49274899539e-22,3.31185820386e-22,5.15134551968e-22,3.48866477814e-22,5.72553780884e-22,5.64397792161e-22,8.28001482278e-22,1.10930473724e-21,1.9937562981e-21,2.57503788458e-21],"var":[0.000923977757338,0.00112494057976,0.00000884894870978,0.0000154786484927,0.0000912594987312,0.000033118401916,0.0000251010733336,0.0000174994656845,0.0000221622267418,0.00000340415249411,0.000002750662361,9.14288989406e-7,6.26977580964e-8,1.02136311853e-7,5.27212193902e-8,4.00850153071e-9,4.15641654428e-9,2.14402784415e-9,1.54196442281e-8,1.7321857726e-8,4.99974894819e-10,1.95808702586e-10,4.30357312287e-11,3.00652974738e-11,2.735766301e-11,2.7681792622e-11,5.95455185159e-10]},"barkbands_crest":{"dmean":2.79834198952,"dmean2":4.47400283813,"dvar":5.65552520752,"dvar2":14.0956983566,"max":26.5539093018,"mean":12.3049383163,"median":11.9117689133,"min":2.37434411049,"var":20.5078544617},"barkbands_flatness_db":{"dmean":0.0462223403156,"dmean2":0.0718119516969,"dvar":0.0015777843073,"dvar2":0.00377953285351,"max":0.604666650295,"mean":0.232215553522,"median":0.224816024303,"min":0.0352638997138,"var":0.00591348204762},"barkbands_kurtosis":{"dmean":11.1406040192,"dmean2":17.5073833466,"dvar":877.545593262,"dvar2":2324.4362793,"max":1421.81262207,"mean":17.8290081024,"median":6.68831825256,"min":-1.87549030781,"var":1282.19287109},"barkbands_skewness":{"dmean":0.971845448017,"dmean2":1.49409747124,"dvar":1.21517181396,"dvar2":2.75629544258,"max":32.3563232422,"mean":2.47654247284,"median":2.01679801941,"min":-2.76232147217,"var":4.91867446899},"barkbands_spread":{"dmean":3.23830413818,"dmean2":4.98515176773,"dvar":29.0910930634,"dvar2":66.2670898438,"max":134.239807129,"mean":8.41654872894,"median":6.42999982834,"min":0.171363830566,"var":76.7958450317},"dissonance":{"dmean":0.0282209180295,"dmean2":0.0470081083477,"dvar":0.000750112638343,"dvar2":0.00201846426353,"max":0.500000178814,"mean":0.449909567833,"median":0.459980487823,"min":0.237676337361,"var":0.00162254902534},"dynamic_complexity":4.88333749771,"erbbands":{"dmean":[0.877014100552,1.25198698044,1.59445619583,2.70123410225,6.23068380356,10.0424489975,11.7209005356,11.0123310089,15.1840572357,19.3748245239,17.9860725403,23.4859294891,16.1008472443,13.2630338669,16.1386470795,8.70843029022,4.10697841644,4.57233667374,5.19505167007,2.3361492157,1.30837166309,1.18535459042,0.86352199316,0.983211696148,1.06343221664,0.639585733414,0.317623376846,0.274101138115,0.197506561875,0.12134245038,0.0853706002235,0.0600398145616,0.0418495051563,0.0281617864966,0.0175524819642,0.0097372867167,0.00475295307115,0.0021214268636,0.000833549536765,0.000151336047566],"dmean2":[1.44534504414,2.04206085205,2.65969872475,4.26378726959,9.49257850647,15.0204534531,17.530620575,17.2299537659,23.3607349396,30.2226257324,27.8757858276,35.7937660217,24.4172363281,20.8757801056,26.4369754791,13.9261703491,6.33022165298,7.07511901855,8.10820102692,3.64392948151,1.9979146719,1.78393816948,1.28851890564,1.44878566265,1.57229149342,0.951383769512,0.487965852022,0.425012201071,0.311251848936,0.197065547109,0.141846314073,0.100624442101,0.0704975277185,0.04756468907,0.0296502038836,0.0164296813309,0.00795600283891,0.00342048075981,0.0012360670371,0.000210215017432],"dvar":[3.18039560318,4.19145917892,5.55871295929,29.5304203033,174.070587158,791.589416504,1247.08935547,1065.22937012,1662.98913574,3098.92285156,3266.78076172,6319.17626953,2549.53295898,1806.04077148,2364.08935547,489.981933594,63.3654022217,111.281394958,133.901565552,23.2497501373,5.21357631683,8.30466747284,2.66707086563,13.4027719498,64.5184860229,18.2113742828,0.443593353033,0.847993969917,0.259970784187,0.0618808940053,0.031236210838,0.0152167808264,0.00777212670073,0.00359170860611,0.00139604404103,0.00042699163896,0.0000952985865297,0.0000207266966754,0.00000841685414343,1.19240283425e-7],"dvar2":[8.46161842346,10.8640232086,14.2827739716,61.1849517822,375.06539917,1613.84204102,2688.86914062,2447.87084961,3476.98974609,7044.11035156,7567.69970703,14868.7480469,6025.09179688,4277.44091797,5688.58105469,1228.64038086,138.851318359,237.583221436,327.332000732,55.1933898926,11.6487951279,17.498708725,5.59856510162,29.2832565308,140.016311646,41.908996582,1.00387382507,2.0734307766,0.61601793766,0.153510659933,0.0779540091753,0.0384735055268,0.01978742145,0.00915811769664,0.00355961592868,0.00108815182466,0.000240980938543,0.0000508075791004,0.0000189551283256,2.39157856186e-7],"max":[16.4299678802,20.9599666595,39.49061203,236.566177368,283.827911377,772.012023926,916.889831543,845.860717773,987.164916992,1483.58251953,1926.55944824,2030.26062012,1492.78479004,1192.66369629,1797.08911133,746.301574707,294.105407715,452.567352295,269.240844727,161.51399231,43.2717208862,120.005455017,46.7597808838,115.940834045,513.674865723,232.34602356,18.8486881256,49.0114860535,24.4310512543,7.78698062897,3.24782729149,1.61188256741,1.1428732872,0.772294044495,0.480760931969,0.266899913549,0.126518651843,0.168624341488,0.158918738365,0.0174419563264],"mean":[1.37780201435,2.06321978569,2.39319396019,4.3100438118,9.9121465683,14.8340530396,17.5870628357,16.7256832123,24.3708171844,31.2333335876,28.3407115936,36.4406661987,24.7114486694,18.9438457489,19.8743572235,11.7206220627,6.25666666031,6.49821472168,7.58115673065,3.25075960159,1.72480010986,1.57368409634,1.12970304489,1.26920294762,1.30645692348,0.767917454243,0.366306990385,0.305556535721,0.217280581594,0.125044748187,0.0821978151798,0.0553666986525,0.0368662625551,0.0244795996696,0.0152511447668,0.00852662138641,0.00441585993394,0.00225050910376,0.00104519084562,0.000290529540507],"median":[0.237146541476,0.85072773695,1.31421983242,1.86613547802,3.16463875771,3.62544941902,4.54242324829,5.06678819656,7.28786897659,7.65638875961,6.00250864029,5.45232248306,4.54965496063,3.97341275215,3.76690006256,2.66560077667,2.28947949409,2.42639684677,2.27650403976,1.33903622627,0.717596828938,0.562299966812,0.435982376337,0.36511734128,0.255067616701,0.188980981708,0.122931271791,0.0907187238336,0.0691620931029,0.0418346039951,0.0243178717792,0.0142402183264,0.0077710817568,0.00473688775674,0.00293129729107,0.00173172808718,0.00117936753668,0.000753664702643,0.000353280309355,0.000171075269463],"min":[1.53665510011e-21,5.41696308964e-21,1.94988474676e-20,3.91724045278e-20,6.81026263991e-20,1.73050087405e-19,2.48802434872e-19,2.84908713514e-19,1.15925562988e-19,2.81916051606e-19,6.54827347266e-19,2.39006662205e-18,1.1365183477e-18,9.48974272355e-19,1.9048693581e-18,2.39952046927e-18,3.0946259806e-18,4.52924729637e-18,8.01826699598e-18,9.98161574864e-18,1.29400669141e-17,1.35570849212e-17,7.73991492959e-18,1.78925089108e-17,1.39294832874e-17,2.68457331901e-17,1.83270963698e-17,1.33265207332e-17,1.93807441448e-17,1.60395697448e-17,1.67305203279e-17,1.23415843701e-17,1.69670178825e-17,1.13962352168e-17,8.73417527253e-18,5.76330026785e-18,4.03881521991e-18,1.49519533843e-18,3.62285204265e-19,3.93903892374e-20],"var":[5.22240543365,8.23602294922,10.3132991791,79.2424316406,427.964477539,1534.95483398,2503.43847656,1988.43969727,3703.65698242,6863.81933594,7291.67138672,12624.5673828,5473.92675781,2965.46118164,4059.96508789,1005.70654297,166.94543457,216.12890625,245.027130127,36.113319397,8.59539794922,15.7298812866,4.93785572052,22.16847229,75.8421554565,21.037191391,0.632755756378,1.01338100433,0.327270597219,0.0696787536144,0.0327616706491,0.0154560664669,0.00762968929484,0.00349768251181,0.00135930848774,0.000417030212702,0.0000967437226791,0.0000241998877755,0.0000109257598524,2.33467972066e-7]},"erbbands_crest":{"dmean":2.89300465584,"dmean2":4.70001888275,"dvar":7.15277528763,"dvar2":17.4301795959,"max":30.476102829,"mean":9.83946323395,"median":8.81396198273,"min":2.1381585598,"var":21.9528884888},"erbbands_flatness_db":{"dmean":0.0371661856771,"dmean2":0.0586246550083,"dvar":0.00100594281685,"dvar2":0.00254090549424,"max":0.402598202229,"mean":0.186992481351,"median":0.183102995157,"min":0.0255846213549,"var":0.00340667925775},"erbbands_kurtosis":{"dmean":1.64531517029,"dmean2":2.60744142532,"dvar":5.22956991196,"dvar2":11.5894517899,"max":55.7808990479,"mean":2.05484223366,"median":0.838513612747,"min":-1.80767154694,"var":14.3125009537},"erbbands_skewness":{"dmean":0.472270190716,"dmean2":0.730167448521,"dvar":0.181810840964,"dvar2":0.418458253145,"max":6.88350152969,"mean":0.537811815739,"median":0.544037342072,"min":-3.926404953,"var":0.807434916496},"erbbands_spread":{"dmean":6.6314535141,"dmean2":10.295129776,"dvar":42.1286277771,"dvar2":97.1919784546,"max":130.756164551,"mean":23.1848182678,"median":20.5885219574,"min":1.58433866501,"var":178.036865234},"gfcc":{"cov":[[20996.703125,4055.42700195,-144.523742676,-421.403533936,4.84738540649,-253.355133057,42.2402915955,-246.445098877,-129.164459229,-78.7095031738,-13.0600795746,-199.091339111,146.356628418],[4055.42700195,2227.15625,28.6242923737,-332.20980835,114.224586487,-185.15524292,130.863800049,-219.803970337,57.6254005432,-98.0205078125,51.2072982788,-118.255874634,39.0081596375],[-144.523742676,28.6242923737,506.731750488,121.797187805,-103.866363525,224.131561279,-123.225868225,166.677139282,-47.8840789795,77.7017593384,13.3164024353,13.8536939621,24.8436164856],[-421.403533936,-332.20980835,121.797187805,335.576080322,134.466079712,12.4285049438,20.1820373535,41.7579650879,13.461853981,17.867357254,0.20140440762,39.9517860413,-12.2036371231],[4.84738540649,114.224586487,-103.866363525,134.466079712,277.887237549,-19.1175804138,115.62727356,-66.1962814331,26.6823539734,-38.3402137756,37.8029060364,0.787080764771,19.8906669617],[-253.355133057,-185.15524292,224.131561279,12.4285049438,-19.1175804138,323.137878418,-24.820936203,127.497550964,-71.2841033936,35.3785591125,12.1594896317,43.128818512,35.0906791687],[42.2402915955,130.863800049,-123.225868225,20.1820373535,115.62727356,-24.820936203,210.550994873,-19.8624153137,67.4789123535,-43.0752296448,16.4920082092,37.5078849792,14.660243988],[-246.445098877,-219.803970337,166.677139282,41.7579650879,-66.1962814331,127.497550964,-19.8624153137,185.656677246,24.4890918732,67.2575454712,12.8150520325,18.0860462189,22.8507156372],[-129.164459229,57.6254005432,-47.8840789795,13.461853981,26.6823539734,-71.2841033936,67.4789123535,24.4890918732,163.542617798,74.873878479,32.6152114868,12.9763212204,-13.3584117889],[-78.7095031738,-98.0205078125,77.7017593384,17.867357254,-38.3402137756,35.3785591125,-43.0752296448,67.2575454712,74.873878479,121.916236877,52.0667228699,11.0044660568,-1.62218165398],[-13.0600795746,51.2072982788,13.3164024353,0.20140440762,37.8029060364,12.1594896317,16.4920082092,12.8150520325,32.6152114868,52.0667228699,79.2694702148,35.3708877563,19.0926437378],[-199.091339111,-118.255874634,13.8536939621,39.9517860413,0.787080764771,43.128818512,37.5078849792,18.0860462189,12.9763212204,11.0044660568,35.3708877563,96.0562820435,32.624622345],[146.356628418,39.0081596375,24.8436164856,-12.2036371231,19.8906669617,35.0906791687,14.660243988,22.8507156372,-13.3584117889,-1.62218165398,19.0926437378,32.624622345,74.9619445801]],"icov":[[0.000152117427206,-0.000657487253193,0.00118329713587,-0.00121983035933,0.000917568162549,-0.000551512697712,0.000211806182051,-0.000423234509071,0.000634436670225,-0.000740306684747,0.000188245801837,0.000168170357938,-0.000467413570732],[-0.000657487253193,0.00440104492009,-0.00860115606338,0.00933835748583,-0.00714846653864,0.00491655198857,-0.00246958411299,0.00297537841834,-0.00236537354067,0.00243129627779,0.000512987782713,-0.00137569627259,0.00263477885164],[0.00118329713587,-0.00860115606338,0.0273744910955,-0.0328307263553,0.0313638187945,-0.0230336915702,0.00984663143754,-0.000654896779452,-0.00993757043034,0.0159115381539,-0.0243673287332,0.0219609495252,-0.0162954963744],[-0.00121983035933,0.00933835748583,-0.0328307263553,0.0517810992897,-0.052831530571,0.0358401611447,-0.01193250902,-0.00947553291917,0.0263418927789,-0.039341237396,0.0507259108126,-0.0448851846159,0.0297537986189],[0.000917568162549,-0.00714846653864,0.0313638187945,-0.052831530571,0.0627483725548,-0.0399628207088,0.0100229065865,0.0162863787264,-0.0359319113195,0.0529744587839,-0.0653498396277,0.0556586906314,-0.034770321101],[-0.000551512697712,0.00491655198857,-0.0230336915702,0.0358401611447,-0.0399628207088,0.0340021438897,-0.011485283263,-0.0125919384882,0.0307308547199,-0.0406128056347,0.0444458462298,-0.0383410900831,0.0227222237736],[0.000211806182051,-0.00246958411299,0.00984663143754,-0.01193250902,0.0100229065865,-0.011485283263,0.0167122632265,-0.000379473174689,-0.0168664567173,0.0227396935225,-0.0161712374538,0.00735168950632,-0.00636452669278],[-0.000423234509071,0.00297537841834,-0.000654896779452,-0.00947553291917,0.0162863787264,-0.0125919384882,-0.000379473174689,0.021979348734,-0.0195631552488,0.0199546255171,-0.0225834101439,0.0217316988856,-0.0138607509434],[0.000634436670225,-0.00236537354067,-0.00993757043034,0.0263418927789,-0.0359319113195,0.0307308547199,-0.0168664567173,-0.0195631552488,0.0576657950878,-0.0705251321197,0.0585938729346,-0.0441389270127,0.0250211134553],[-0.000740306684747,0.00243129627779,0.0159115381539,-0.039341237396,0.0529744587839,-0.0406128056347,0.0227396935225,0.0199546255171,-0.0705251321197,0.108097851276,-0.0938780084252,0.0628443658352,-0.0307416636497],[0.000188245801837,0.000512987782713,-0.0243673287332,0.0507259108126,-0.0653498396277,0.0444458462298,-0.0161712374538,-0.0225834101439,0.0585938729346,-0.0938780084252,0.110225185752,-0.0751637294888,0.0353288836777],[0.000168170357938,-0.00137569627259,0.0219609495252,-0.0448851846159,0.0556586906314,-0.0383410900831,0.00735168950632,0.0217316988856,-0.0441389270127,0.0628443658352,-0.0751637294888,0.0739186257124,-0.0386130772531],[-0.000467413570732,0.00263477885164,-0.0162954963744,0.0297537986189,-0.034770321101,0.0227222237736,-0.00636452669278,-0.0138607509434,0.0250211134553,-0.0307416636497,0.0353288836777,-0.0386130772531,0.038785867393]],"mean":[-100.517692566,142.589065552,-77.1477508545,1.63006079197,-28.8005867004,-1.93012273312,-10.2731657028,-3.23598313332,-5.40569067001,1.47128665447,-6.26649808884,-0.580604314804,-6.00687456131]},"hfc":{"dmean":3.67553925514,"dmean2":5.25349473953,"dvar":32.3148994446,"dvar2":68.8991165161,"max":138.034881592,"mean":9.33365249634,"median":5.67477178574,"min":1.23690103705e-16,"var":119.615768433},"melbands":{"dmean":[0.00601119594648,0.000954982824624,0.000522552465554,0.000598987797275,0.000401141034672,0.000251818360994,0.000238043590798,0.000203924617381,0.000150866122567,0.000146752077853,0.0000789886762504,0.0000526900221303,0.000058465913753,0.0000327418674715,0.00001496868299,0.00000771872964833,0.00000898145299288,0.00000926969551074,0.00000471970179206,0.00000233432774621,0.00000140940267102,0.00000129252475745,9.79154378911e-7,7.20353284578e-7,8.22469871764e-7,8.0239124145e-7,7.54298412176e-7,3.52489337274e-7,2.0447372151e-7,1.74348599558e-7,1.561174372e-7,1.192145902e-7,8.52559551845e-8,6.16481798943e-8,5.12222904092e-8,4.14137133475e-8,3.49928974686e-8,2.98831785983e-8,2.59927119828e-8,2.29773586824e-8],"dmean2":[0.00981283374131,0.00157341652084,0.000821036461275,0.000893377466127,0.000599441293161,0.000391124369344,0.000363533938071,0.000318616628647,0.000233937375015,0.000224369156058,0.000120315482491,0.0000828473712318,0.00009539500752,0.0000544068898307,0.0000233857172134,0.000012069854165,0.0000139845215017,0.0000145595158756,0.0000074326203503,0.00000364777406503,0.00000218017157749,0.00000197541930902,0.00000149905270064,0.00000108856204406,0.00000124031839732,0.00000118749403555,0.00000118117941383,5.32205433501e-7,3.18199084859e-7,2.72245358701e-7,2.42654124349e-7,1.88944426327e-7,1.37218265195e-7,1.01091330862e-7,8.51443076044e-8,6.92482657882e-8,5.88641242416e-8,5.03359913751e-8,4.38896989863e-8,3.8818694037e-8],"dvar":[0.000144242498209,0.00000185185888313,9.51168374286e-7,0.00000214547935684,0.00000119294827527,5.17320358995e-7,4.35240593788e-7,3.46638330484e-7,2.29755428904e-7,2.54278631928e-7,6.43173834192e-8,2.83963057512e-8,3.52185232089e-8,8.3969187159e-9,1.37940114886e-9,1.97157665194e-10,4.62590382666e-10,4.47223813538e-10,1.30381080932e-10,2.00232486841e-11,6.38141319301e-12,1.15892408517e-11,3.82178143299e-12,2.76409147307e-12,1.05986270107e-11,1.91347788309e-11,8.27671264858e-11,3.3658757205e-12,1.8736624936e-13,3.22994316839e-13,2.82241867681e-13,9.38977492764e-14,5.60604080518e-14,1.47328269105e-14,1.21924192476e-14,7.31984527787e-15,5.18126030429e-15,3.94185459081e-15,3.05540538887e-15,2.39257352029e-15],"dvar2":[0.00038009142736,0.00000469339738629,0.00000201470561478,0.0000043325749175,0.0000024904845759,0.00000118579089303,8.98963378404e-7,7.88370357441e-7,5.33485206233e-7,6.13121073911e-7,1.50848421754e-7,6.67228619022e-8,8.48806678277e-8,2.15348396893e-8,3.01576519313e-9,4.3735806643e-10,9.94340831895e-10,1.10624898131e-9,3.19103660162e-10,4.67195483689e-11,1.46895620667e-11,2.50932000873e-11,8.42340086571e-12,5.89225716829e-12,2.41292940489e-11,3.85545068093e-11,2.04785216562e-10,7.52440297569e-12,4.41163652918e-13,7.60745307894e-13,7.03780675231e-13,2.25476470719e-13,1.40780521463e-13,3.6418947285e-14,3.02291117214e-14,1.83283818217e-14,1.31470177559e-14,1.00272810617e-14,7.78991637634e-15,6.10121135336e-15],"max":[0.110041938722,0.0188213251531,0.0383781157434,0.033032733947,0.0282985065132,0.0166261941195,0.015436867252,0.0233564693481,0.0130093879998,0.0132229188457,0.0076658539474,0.00445312680677,0.00712718022987,0.00257113529369,0.00156952976249,0.000490259379148,0.000915395328775,0.000528815784492,0.000389341352275,0.00010276712419,0.0000520426583535,0.000148284743773,0.0000576929596718,0.0000499736343045,0.000106923529529,0.000194670588826,0.000615332915913,0.0000993752109935,0.0000153162000061,0.0000302041353279,0.0000244310376729,0.0000134588608489,0.0000130298876684,0.00000232380102716,0.00000263078732132,0.00000124083146602,9.37993945627e-7,8.12079065327e-7,7.14063332907e-7,6.29708040378e-7],"mean":[0.00953702721745,0.00161099107936,0.000879822880961,0.000950870686211,0.000621927028988,0.000388530315831,0.00038605343434,0.000326644745655,0.000234545645071,0.000224770075874,0.000117725379823,0.000073417351814,0.0000726328144083,0.0000390314598917,0.000021749525331,0.0000107110899989,0.0000121803732327,0.0000131337637868,0.00000646275429972,0.00000291415085485,0.00000177682011326,0.00000168386782207,0.00000121292498534,9.17595116334e-7,0.00000103204070001,0.0000010033536455,8.44887551921e-7,4.23689726858e-7,2.32577889392e-7,1.91174677866e-7,1.70903504682e-7,1.30524853148e-7,8.96528220551e-8,6.14441546531e-8,4.89729963249e-8,3.89645471444e-8,3.16246122622e-8,2.62780623927e-8,2.25886953586e-8,1.99258529676e-8],"median":[0.00204357155599,0.000967493455391,0.000391940091504,0.000260377884842,0.000162332275067,0.000118826807011,0.000113302870886,0.0000767508827266,0.0000445321165898,0.0000320714352711,0.0000206961631193,0.0000149451989273,0.0000130482749228,0.00000749288665247,0.00000546386127098,0.00000432567139796,0.00000418292802351,0.00000375303761757,0.00000212623649531,0.00000112797533802,7.04889544068e-7,5.76279092002e-7,4.51790214129e-7,3.34990062356e-7,2.87267511112e-7,1.93715081309e-7,1.537335379e-7,1.11445636719e-7,7.76111974687e-8,5.83740984439e-8,4.92506480043e-8,4.11280041135e-8,2.91879462821e-8,1.9850965316e-8,1.41332234804e-8,1.08790434439e-8,7.38895389318e-9,5.5457451964e-9,4.36653424529e-9,3.80603104588e-9],"min":[1.08900480917e-23,8.48662399407e-24,7.26209493242e-24,8.55109444041e-24,9.32927022467e-24,7.02742695692e-24,1.56332894462e-24,4.09241197777e-24,5.65010697641e-24,1.56108189405e-23,5.4857722615e-24,3.76218218107e-24,5.45767974137e-24,5.5841629379e-24,7.23606252255e-24,7.79391576687e-24,8.61977267082e-24,1.1883555293e-23,1.20524251692e-23,1.49458486405e-23,1.48970970365e-23,1.39415151121e-23,9.37666498786e-24,5.73720234794e-24,1.62111294676e-23,1.1314096327e-23,1.24562336003e-23,1.78093758611e-23,1.28682319853e-23,7.42898240123e-24,7.80036154933e-24,1.07343482483e-23,1.07907880906e-23,8.53826046235e-24,1.00367372506e-23,7.78742738592e-24,7.76693593505e-24,1.28151164028e-23,1.01859518685e-23,9.37553060588e-24],"var":[0.000236795298406,0.00000364946799891,0.00000250170205618,0.00000482959512738,0.00000272759371001,9.93598291643e-7,9.46393072354e-7,8.34109073367e-7,5.16846853316e-7,4.80865821828e-7,1.3763234108e-7,4.66432759083e-8,6.17432718286e-8,1.41153941868e-8,3.3714278036e-9,3.905353263e-10,8.78605133092e-10,7.7516576491e-10,1.98603966606e-10,2.96351589102e-11,9.71610725903e-12,2.19381145194e-11,5.97919760578e-12,4.82935436433e-12,1.62343628124e-11,2.88673564219e-11,7.08775815816e-11,4.7959249419e-12,2.66150139037e-13,3.85114276623e-13,3.23583092829e-13,1.14859659869e-13,6.22704944791e-14,1.60313284186e-14,1.27323053427e-14,7.57414743852e-15,5.19745345666e-15,3.8740500269e-15,2.97714505026e-15,2.32831802442e-15]},"melbands_crest":{"dmean":4.55007600784,"dmean2":7.37159442902,"dvar":19.2984924316,"dvar2":41.5509262085,"max":39.5017280579,"mean":20.9449863434,"median":19.646188736,"min":1.87884140015,"var":89.9413528442},"melbands_flatness_db":{"dmean":0.0525894723833,"dmean2":0.0814447775483,"dvar":0.00192674400751,"dvar2":0.00462396815419,"max":0.747369468212,"mean":0.349358648062,"median":0.348485559225,"min":0.00581909064204,"var":0.00947707798332},"melbands_kurtosis":{"dmean":22.5696640015,"dmean2":36.443611145,"dvar":5416.62158203,"dvar2":14259.2929688,"max":2269.09179688,"mean":32.1179618835,"median":9.72797870636,"min":-1.83114778996,"var":7455.80322266},"melbands_skewness":{"dmean":1.29450166225,"dmean2":2.00284552574,"dvar":2.95139122009,"dvar2":6.6997885704,"max":39.5808258057,"mean":3.38687157631,"median":2.59865641594,"min":-2.13082122803,"var":9.95807170868},"melbands_spread":{"dmean":3.74587130547,"dmean2":5.83234262466,"dvar":40.3550300598,"dvar2":96.9624862671,"max":189.526641846,"mean":10.8477125168,"median":6.59159088135,"min":0.0522893220186,"var":375.05758667},"mfcc":{"cov":[[9639.5546875,2230.84741211,-251.310958862,153.341369629,-254.307373047,125.995132446,-82.6918334961,-21.7201633453,-73.8929748535,59.2792358398,-10.1502380371,-66.9248123169,-25.5162391663],[2230.84741211,2100.06787109,53.1224899292,-73.2484436035,-64.528717041,25.8156299591,4.03410148621,-54.8870391846,-43.2567443848,32.3511238098,35.2025489807,-56.8870010376,-33.5681648254],[-251.310958862,53.1224899292,600.30255127,-91.9751281738,87.05052948,-18.297706604,31.3595161438,17.5436153412,28.8899497986,38.0813331604,30.4738941193,52.4652404785,0.125324934721],[153.341369629,-73.2484436035,-91.9751281738,344.742279053,73.5081481934,24.0402259827,-11.3922071457,12.3655052185,16.5852394104,6.15509605408,12.5404367447,5.0782365799,25.6718597412],[-254.307373047,-64.528717041,87.05052948,73.5081481934,186.62336731,58.8136672974,65.1396636963,4.99842262268,2.98891305923,14.7904291153,13.2152605057,11.3855428696,13.4247093201],[125.995132446,25.8156299591,-18.297706604,24.0402259827,58.8136672974,135.308700562,73.2974090576,45.7495422363,8.01426124573,-15.2054796219,-10.5655784607,11.0434036255,17.0728721619],[-82.6918334961,4.03410148621,31.3595161438,-11.3922071457,65.1396636963,73.2974090576,151.508407593,81.1072845459,16.3511219025,-11.9873275757,-28.2770729065,-16.5613651276,12.9274806976],[-21.7201633453,-54.8870391846,17.5436153412,12.3655052185,4.99842262268,45.7495422363,81.1072845459,123.242279053,58.2236251831,-11.8007993698,-19.7107009888,9.65672874451,18.8935108185],[-73.8929748535,-43.2567443848,28.8899497986,16.5852394104,2.98891305923,8.01426124573,16.3511219025,58.2236251831,83.7357559204,34.0102729797,16.5334033966,19.731508255,8.42387866974],[59.2792358398,32.3511238098,38.0813331604,6.15509605408,14.7904291153,-15.2054796219,-11.9873275757,-11.8007993698,34.0102729797,95.0327529907,59.7161407471,11.5175323486,0.383867621422],[-10.1502380371,35.2025489807,30.4738941193,12.5404367447,13.2152605057,-10.5655784607,-28.2770729065,-19.7107009888,16.5334033966,59.7161407471,88.6016845703,50.952796936,13.8283100128],[-66.9248123169,-56.8870010376,52.4652404785,5.0782365799,11.3855428696,11.0434036255,-16.5613651276,9.65672874451,19.731508255,11.5175323486,50.952796936,93.4542617798,52.1924324036],[-25.5162391663,-33.5681648254,0.125324934721,25.6718597412,13.4247093201,17.0728721619,12.9274806976,18.8935108185,8.42387866974,0.383867621422,13.8283100128,52.1924324036,80.8881835938]],"icov":[[0.000162367607118,-0.000171628198586,0.0000308256530843,-0.000153144530486,0.000242877926212,-0.000248751573963,0.000171574312844,-0.000225287294597,0.000388824992115,-0.00052468769718,0.000462765718112,-0.000288992363494,0.000135299531394],[-0.000171628198586,0.00072928192094,-0.000221474387217,0.000179260547156,0.000216630738578,-0.000200128968572,-0.000341896316968,0.000573222583625,-0.000353413779521,0.000779282941949,-0.00145780097228,0.00134811131284,-0.000468534621177],[0.0000308256530843,-0.000221474387217,0.00240409560502,0.000746281002648,-0.00172499055043,0.00134718266781,-0.0001970816229,-0.000779803027399,0.000281722052023,-0.00150745001156,0.00190678529907,-0.00322890328243,0.00162808352616],[-0.000153144530486,0.000179260547156,0.000746281002648,0.00417307019234,-0.00293842959218,0.000056071250583,0.0024916655384,-0.00166302605066,-0.000867917493451,0.00120784214232,-0.00183336250484,0.00249449606054,-0.00204490264878],[0.000242877926212,0.000216630738578,-0.00172499055043,-0.00293842959218,0.010892665945,-0.00347547116689,-0.00592332752421,0.00551123451442,-0.000584874011111,-0.000948000699282,-0.000671502726618,-0.000658172823023,0.000291774544166],[-0.000248751573963,-0.000200128968572,0.00134718266781,0.000056071250583,-0.00347547116689,0.0127338105813,-0.00448102364317,-0.00170500751119,0.000437183509348,0.000904364685994,0.00155693117995,-0.00465396279469,0.00150905747432],[0.000171574312844,-0.000341896316968,-0.0001970816229,0.0024916655384,-0.00592332752421,-0.00448102364317,0.0196620058268,-0.014257597737,0.00579958129674,-0.00217260862701,0.0000908372821868,0.0074120410718,-0.00415327213705],[-0.000225287294597,0.000573222583625,-0.000779803027399,-0.00166302605066,0.00551123451442,-0.00170500751119,-0.014257597737,0.0286160986871,-0.0191210247576,0.00758999073878,0.000752031104639,-0.00185213389341,-0.00124256906565],[0.000388824992115,-0.000353413779521,0.000281722052023,-0.000867917493451,-0.000584874011111,0.000437183509348,0.00579958129674,-0.0191210247576,0.0308745354414,-0.0160325281322,0.00675774086267,-0.00777441775426,0.00451696896926],[-0.00052468769718,0.000779282941949,-0.00150745001156,0.00120784214232,-0.000948000699282,0.000904364685994,-0.00217260862701,0.00758999073878,-0.0160325281322,0.0324536189437,-0.0266306847334,0.0174689684063,-0.00688566174358],[0.000462765718112,-0.00145780097228,0.00190678529907,-0.00183336250484,-0.000671502726618,0.00155693117995,0.0000908372821868,0.000752031104639,0.00675774086267,-0.0266306847334,0.0443069450557,-0.0301402285695,0.0110083790496],[-0.000288992363494,0.00134811131284,-0.00322890328243,0.00249449606054,-0.000658172823023,-0.00465396279469,0.0074120410718,-0.00185213389341,-0.00777441775426,0.0174689684063,-0.0301402285695,0.0433872230351,-0.0220946837217],[0.000135299531394,-0.000468534621177,0.00162808352616,-0.00204490264878,0.000291774544166,0.00150905747432,-0.00415327213705,-0.00124256906565,0.00451696896926,-0.00688566174358,0.0110083790496,-0.0220946837217,0.0253812670708]],"mean":[-754.375,192.449295044,11.0920248032,21.6579284668,3.47686553001,10.8006057739,3.79128074646,4.17925310135,3.85630583763,6.19602632523,5.40140295029,1.11631071568,1.95389544964]},"pitch_salience":{"dmean":0.0991055071354,"dmean2":0.158352032304,"dvar":0.00809943769127,"dvar2":0.0180300269276,"max":0.880080223083,"mean":0.484488159418,"median":0.510822355747,"min":0.0265968255699,"var":0.038195759058},"silence_rate_20dB":{"dmean":0.0032733224798,"dmean2":0.00654753763229,"dvar":0.00326287536882,"dvar2":0.00950596667826,"max":1,"mean":0.99822717905,"median":1,"min":0,"var":0.00176947331056},"silence_rate_30dB":{"dmean":0.0703764334321,"dmean2":0.14077205956,"dvar":0.0654205828905,"dvar2":0.131601899862,"max":1,"mean":0.84985679388,"median":1,"min":0,"var":0.127591595054},"silence_rate_60dB":{"dmean":0.0343698859215,"dmean2":0.0687491446733,"dvar":0.0331852771342,"dvar2":0.0738453269005,"max":1,"mean":0.107459433377,"median":0,"min":0,"var":0.0959068834782},"spectral_centroid":{"dmean":137.116958618,"dmean2":198.432449341,"dvar":43590.078125,"dvar2":70061.4921875,"max":10903.7041016,"mean":671.129638672,"median":505.581604004,"min":76.7372360229,"var":405359.875},"spectral_complexity":{"dmean":2.68739771843,"dmean2":4.04010343552,"dvar":7.62438154221,"dvar2":15.1589183807,"max":39,"mean":10.3402423859,"median":10,"min":0,"var":29.9856109619},"spectral_contrast_coeffs":{"dmean":[0.0521092116833,0.0478807017207,0.0402872860432,0.0308202058077,0.028816813603,0.0392049625516],"dmean2":[0.0834963768721,0.0792519971728,0.0657028257847,0.0494166575372,0.0463108122349,0.062821008265],"dvar":[0.00176542333793,0.00148428836837,0.00119568814989,0.000674988375977,0.000624686654191,0.00185128371231],"dvar2":[0.00444225175306,0.00394863775,0.00293538393453,0.00168245553505,0.00154902867507,0.00439808377996],"max":[-0.37586954236,-0.495162248611,-0.49202901125,-0.58119559288,-0.661839962006,-0.52205568552],"mean":[-0.715645909309,-0.776860833168,-0.804650485516,-0.834939181805,-0.862715661526,-0.809428811073],"median":[-0.724978804588,-0.782667934895,-0.816332399845,-0.840467572212,-0.859787762165,-0.834141075611],"min":[-0.957276523113,-0.96227645874,-0.966476976871,-0.981628894806,-0.971962153912,-0.95620405674],"var":[0.00852649100125,0.00525323720649,0.00479253241792,0.00255181477405,0.00178373220842,0.00373209314421]},"spectral_contrast_valleys":{"dmean":[0.409992486238,0.421678781509,0.453966885805,0.446468353271,0.568197131157,0.906885266304],"dmean2":[0.647072076797,0.66222089529,0.682284295559,0.658142209053,0.849298357964,1.4577665329],"dvar":[0.136549681425,0.144094735384,0.176049917936,0.156069412827,0.246024012566,0.597669661045],"dvar2":[0.284528434277,0.308666557074,0.354931354523,0.315710991621,0.582106590271,1.62983429432],"max":[-4.92945766449,-3.88922333717,-5.04645776749,-6.17549800873,-6.05564403534,-8.91301631927],"mean":[-7.01913642883,-6.77861499786,-7.58878517151,-8.33603477478,-8.82822418213,-11.7440414429],"median":[-6.66243457794,-6.49162626266,-7.37718820572,-8.08916187286,-8.65453052521,-11.5687360764],"min":[-27.401140213,-26.8599224091,-26.9387588501,-27.4673938751,-27.2261619568,-27.3598461151],"var":[3.55159902573,2.81746387482,2.47658610344,2.03317689896,1.74120521545,1.8931132555]},"spectral_decrease":{"dmean":6.84855372413e-9,"dmean2":1.06543138756e-8,"dvar":1.40540699225e-16,"dvar2":3.49350057007e-16,"max":1.34429869363e-17,"mean":-1.374890779e-8,"median":-7.4642292347e-9,"min":-1.39039300961e-7,"var":2.90979428425e-16},"spectral_energy":{"dmean":0.026086801663,"dmean2":0.0405238829553,"dvar":0.00201677647419,"dvar2":0.00500713847578,"max":0.528343856335,"mean":0.0527381151915,"median":0.0290433745831,"min":1.09229175654e-20,"var":0.00421493593603},"spectral_energyband_high":{"dmean":0.0000324631218973,"dmean2":0.0000505489697389,"dvar":4.51046844319e-9,"dvar2":1.03882280555e-8,"max":0.00182664999738,"mean":0.0000374089831894,"median":0.0000129706959342,"min":8.01630021251e-21,"var":6.40959640918e-9},"spectral_energyband_low":{"dmean":0.0215454846621,"dmean2":0.0348323024809,"dvar":0.00170677888673,"dvar2":0.00442369608209,"max":0.377207040787,"mean":0.0356994569302,"median":0.0120281977579,"min":6.24477375593e-23,"var":0.00287514994852},"spectral_energyband_middle_high":{"dmean":0.0010716120014,"dmean2":0.00162100116722,"dvar":0.00000525465247847,"dvar2":0.000012067372154,"max":0.0674259290099,"mean":0.00179582973942,"median":0.000649449124467,"min":1.67750592444e-21,"var":0.0000119371497931},"spectral_energyband_middle_low":{"dmean":0.00566494930536,"dmean2":0.00817828811705,"dvar":0.000105317601992,"dvar2":0.000216349872062,"max":0.190930172801,"mean":0.0131875565276,"median":0.00592957995832,"min":2.27309398937e-22,"var":0.000368329318007},"spectral_entropy":{"dmean":0.324564874172,"dmean2":0.499645590782,"dvar":0.0792641714215,"dvar2":0.191622257233,"max":9.79116344452,"mean":6.99635267258,"median":6.9899930954,"min":4.99174213409,"var":0.343643426895},"spectral_flux":{"dmean":0.0386491604149,"dmean2":0.0625386759639,"dvar":0.00265419250354,"dvar2":0.0067095910199,"max":0.493127703667,"mean":0.0996004119515,"median":0.0824731215835,"min":1.04512759558e-10,"var":0.00546587491408},"spectral_kurtosis":{"dmean":8.87688064575,"dmean2":14.6615600586,"dvar":136.615325928,"dvar2":363.919952393,"max":144.259140015,"mean":18.1139774323,"median":14.0057182312,"min":-1.2276443243,"var":189.977600098},"spectral_rms":{"dmean":0.00151277182158,"dmean2":0.00221551884897,"dvar":0.00000367312236449,"dvar2":0.00000786310829426,"max":0.0227036867291,"mean":0.00599920377135,"median":0.00532306311652,"min":3.26443017583e-12,"var":0.0000154614099301},"spectral_rolloff":{"dmean":196.520599365,"dmean2":330.04385376,"dvar":265394.03125,"dvar2":645672.0625,"max":19013.8183594,"mean":783.017028809,"median":344.53125,"min":21.533203125,"var":6097618.5},"spectral_skewness":{"dmean":0.667947173119,"dmean2":1.04939305782,"dvar":0.469704449177,"dvar2":1.22019052505,"max":9.76885795593,"mean":3.02139019966,"median":2.85989022255,"min":-0.0194292105734,"var":1.14975583553},"spectral_spread":{"dmean":827895.25,"dmean2":1344226.375,"dvar":647268073472,"dvar2":1514836852740,"max":41827104,"mean":3143089.75,"median":2875729.25,"min":644974.875,"var":2466672803840},"spectral_strongpeak":{"dmean":0.289510220289,"dmean2":0.48554161191,"dvar":0.277651637793,"dvar2":0.669729113579,"max":8.17305374146,"mean":0.482719272375,"median":0.271538585424,"min":0,"var":0.557363271713},"zerocrossingrate":{"dmean":0.00455442816019,"dmean2":0.00550663471222,"dvar":0.0000704246704117,"dvar2":0.000095033828984,"max":0.52490234375,"mean":0.026288215071,"median":0.0146484375,"min":0.00048828125,"var":0.0046901027672}},"metadata":{"audio_properties":{"analysis_sample_rate":44100,"bit_rate":141452,"codec":"mp3","downmix":"mix","equal_loudness":0,"length":170.24105835,"lossless":false,"md5_encoded":"ca02dbdc82bde6b721d7afaebf78ec44","replay_gain":-0.920194625854,"sample_rate":44100},"tags":{"album":["The Complete Columbia Album Collection"],"albumartist":["Johnny Cash"],"albumartistsort":["Cash, Johnny"],"artist":["Johnny Cash"],"artists":["Johnny Cash"],"artistsort":["Cash, Johnny"],"asin":["B008DDC874"],"barcode":["886979104723"],"catalognumber":["88697910472"],"date":["2012-12-04"],"discnumber":["12/63"],"file_name":"08 - Wreck of the Old ’97.mp3","label":["Columbia","Legacy"],"language":["eng"],"media":["CD"],"musicbrainz album release country":["US"],"musicbrainz album status":["official"],"musicbrainz album type":["album","compilation"],"musicbrainz release track id":["8ffa0d36-0e67-3d55-8696-31e6256536d7"],"musicbrainz_albumartistid":["d43d12a1-2dc9-4257-a2fd-0a3bb1081b86"],"musicbrainz_albumid":["de36c451-000c-4488-9375-b6d40b6636e5"],"musicbrainz_artistid":["d43d12a1-2dc9-4257-a2fd-0a3bb1081b86"],"musicbrainz_recordingid":["57e063f9-3d41-460c-8e6b-2cb193fc18a2"],"musicbrainz_releasegroupid":["30578604-ce5e-4d3d-a09c-6c06fc4c526b"],"musicbrainz_workid":["a619ce36-dbe8-4c16-a5a3-587e934ec637"],"originaldate":["2012"],"script":["Latn"],"title":["Wreck of the Old ’97"],"tracknumber":["8/12"],"work":["Wreck of the Old 97"],"writer":["[traditional]"]},"version":{"essentia":"2.1-beta1","essentia_build_sha":"ca57ba49d9b1854bd80e60cf9ccf267278fb7d6b","essentia_git_sha":"v2.1_beta1-28-g21ef5f4-dirty","extractor":"music 1.0"}},"rhythm":{"beats_count":328,"beats_loudness":{"dmean":0.0769289806485,"dmean2":0.135885760188,"dvar":0.00450881011784,"dvar2":0.0139303207397,"max":0.466745018959,"mean":0.113802991807,"median":0.102898851037,"min":9.04385621947e-10,"var":0.00575426593423},"beats_loudness_band_ratio":{"dmean":[0.150636672974,0.0782305970788,0.081228017807,0.02349070645