{"lowlevel":{"average_loudness":0.972001552582,"barkbands":{"dmean":[0.0000540448745596,0.00515859900042,0.00751751242206,0.00510298134759,0.00457632448524,0.00102525041439,0.00042212108383,0.000424043711973,0.000493871164508,0.000171273073647,0.000245691189775,0.000103673919511,0.000121100682009,0.0000985975129879,0.0000803248476586,0.000119465912576,0.000215947758988,0.000166870144312,0.000280456588371,0.000146514226799,0.000112396519398,0.000101920253655,0.0000463016076537,0.000025264436772,0.0000174120577867,0.00000713847384759,5.32571220901e-7],"dmean2":[0.0000935105490498,0.00888455566019,0.0128945931792,0.00875667389482,0.00754672288895,0.00167227268685,0.000691849621944,0.00067892257357,0.000776029366534,0.00026981747942,0.000363303493941,0.00016090812278,0.000192050560145,0.000157101705554,0.000128933272208,0.000196262306417,0.000353197392542,0.000276955484878,0.000460200622911,0.000238194523263,0.000178666843567,0.000158183407621,0.0000682698446326,0.0000371784553863,0.0000258021264017,0.0000106139932541,7.90848616816e-7],"dvar":[6.98888413808e-9,0.0000536042971362,0.000127446415718,0.000052390005294,0.0000749629034544,0.00000179243454568,4.71385078527e-7,3.42819987509e-7,0.00000125290398501,1.20544171978e-7,6.30018007541e-7,5.77533718626e-8,9.61786099651e-8,4.45617303058e-8,2.29538077434e-8,2.71409739128e-8,8.64461782157e-8,4.78872621557e-8,1.17962180468e-7,3.69094514951e-8,2.04975911799e-8,2.00699243891e-8,6.67757804607e-9,2.93943136498e-9,1.2191765375e-9,3.1590735583e-10,1.90042404556e-12],"dvar2":[1.88995166184e-8,0.000151114320033,0.000353930343408,0.000152051987243,0.000195270084077,0.00000467606241727,0.00000124076791508,8.42461474804e-7,0.00000292609820463,2.7378345635e-7,0.00000110012695131,1.26749952756e-7,2.10961857761e-7,9.73559863837e-8,5.00289019101e-8,6.75290081631e-8,2.14814932065e-7,1.2397541127e-7,2.97868723464e-7,9.23938259234e-8,4.93868839158e-8,4.56652387015e-8,1.40407818705e-8,6.78380418506e-9,2.56523513542e-9,6.80532963315e-10,4.86822257853e-12],"max":[0.00152234523557,0.0650746896863,0.106817945838,0.0717709213495,0.120043218136,0.0349055752158,0.0243095699698,0.0135949347168,0.0276802629232,0.0116233695298,0.0305160712451,0.00933187734336,0.00701344432309,0.00475441245362,0.0050908382982,0.00383353116922,0.0106875328347,0.00637757685035,0.00851380266249,0.0050658271648,0.00330541981384,0.00231649796478,0.00242762523703,0.00228524906561,0.0012016617693,0.000556507089641,0.0000647965352982],"mean":[0.000061530394305,0.00731333578005,0.0106612611562,0.00694615300745,0.00678758602589,0.002038420178,0.000732389162295,0.000718063150998,0.000856970786117,0.000291599048069,0.000423653516918,0.000178094604053,0.000203084317036,0.000175362147274,0.000146124890307,0.000235936036916,0.000481202296214,0.000395795097575,0.000716507958714,0.00039253392606,0.000315193203278,0.000269200565526,0.000106994484668,0.0000637615667074,0.0000407999068557,0.0000125876131278,8.52586708788e-7],"median":[0.0000256519761024,0.00499655352905,0.00622725766152,0.00432816240937,0.00427333731204,0.00152853410691,0.000470844039228,0.000514949322678,0.000344442931237,0.000136490387376,0.000131087872433,0.0000879828512552,0.000102302459709,0.0000920660240809,0.0000863040186232,0.000178348913323,0.000386826315662,0.000322014791891,0.000556752784178,0.000308411079459,0.000245025323238,0.000188662670553,0.0000581635977142,0.0000350999216607,0.0000242436399276,0.00000630075010122,3.15388604122e-7],"min":[1.04190874817e-24,5.74501019736e-25,2.01879484737e-24,4.11195916214e-24,4.98364927912e-24,9.96533902775e-24,1.54488784184e-23,1.71317569653e-23,2.30833133316e-23,1.67626126601e-23,2.21625895929e-23,2.51158844513e-23,3.80343195446e-23,3.74752538211e-23,3.54835914501e-23,6.83579591919e-23,5.61742801898e-23,8.99177107473e-23,1.62645031654e-22,1.92523422429e-22,2.92794345645e-22,3.53290233065e-22,4.01606360545e-22,7.33319190503e-22,7.42029224639e-22,1.32607270781e-21,2.00202568085e-21],"var":[8.07918443257e-9,0.0000613911688561,0.000150818130351,0.0000601604042458,0.000076209573308,0.00000381522613679,8.0426536897e-7,5.76217985326e-7,0.00000333758748639,2.70256350632e-7,0.00000171938665972,1.29696033468e-7,1.71783071323e-7,1.05666792649e-7,5.91812749917e-8,5.94155409317e-8,1.73131198267e-7,1.09291306671e-7,3.44726515777e-7,1.15081618901e-7,6.7242467594e-8,6.35530241766e-8,2.01859933213e-8,8.94763640957e-9,2.91323964952e-9,5.77204284369e-10,2.68806439781e-12]},"barkbands_crest":{"dmean":2.75158810616,"dmean2":4.63838338852,"dvar":5.38328790665,"dvar2":15.5016536713,"max":23.1325435638,"mean":10.3931121826,"median":9.9758682251,"min":2.61088824272,"var":11.200835228},"barkbands_flatness_db":{"dmean":0.0238920599222,"dmean2":0.0394701659679,"dvar":0.000482755713165,"dvar2":0.00130882393569,"max":0.36223590374,"mean":0.140317291021,"median":0.136793866754,"min":0.0148913525045,"var":0.00135255279019},"barkbands_kurtosis":{"dmean":5.02672958374,"dmean2":8.53668022156,"dvar":62.650604248,"dvar2":167.253356934,"max":226.670089722,"mean":7.2276134491,"median":4.72390174866,"min":-1.88759589195,"var":90.1081161499},"barkbands_skewness":{"dmean":0.729775428772,"dmean2":1.20945346355,"dvar":0.55883449316,"dvar2":1.47263216972,"max":12.87504673,"mean":2.4140086174,"median":2.31811547279,"min":-3.45038819313,"var":1.50941646099},"barkbands_spread":{"dmean":6.50313472748,"dmean2":10.5983753204,"dvar":40.084564209,"dvar2":104.425994873,"max":102.121765137,"mean":22.2090740204,"median":20.2535037994,"min":0.928463160992,"var":134.086471558},"dissonance":{"dmean":0.0100616635755,"dmean2":0.0171134769917,"dvar":0.0000954827992246,"dvar2":0.00027332972968,"max":0.500000059605,"mean":0.479944050312,"median":0.481896072626,"min":0.252207487822,"var":0.000156789203174},"dynamic_complexity":1.82610213757,"erbbands":{"dmean":[0.0925738289952,1.41944742203,6.8926410675,12.8591737747,20.9071006775,11.7907371521,10.0578489304,9.14289855957,6.31364154816,7.58736848831,7.72242927551,11.8167448044,5.61247014999,5.93343257904,9.20634841919,3.92768335342,5.29610395432,4.51600265503,4.04429483414,4.15336847305,7.98463773727,10.7143955231,8.77340507507,12.7700662613,11.3191099167,6.58219146729,4.56628751755,4.76741790771,4.04177713394,2.07169437408,1.31622958183,0.665101706982,0.361408382654,0.205834999681,0.121516212821,0.0469675548375,0.0100612258539,0.00128986034542,0.000102156198409,0.0000188693229575],"dmean2":[0.154296204448,2.46400904655,11.9370241165,22.0197162628,35.018737793,19.6880397797,16.3617744446,14.8524541855,10.3529109955,12.1361589432,12.4566259384,18.5880832672,8.79390621185,9.20831298828,13.5580692291,6.04589891434,8.30939865112,7.17602062225,6.37086486816,6.70346355438,13.1736364365,17.5377998352,14.5877304077,20.9855098724,18.2929649353,10.7413949966,7.37508773804,7.49871397018,6.34924411774,3.10022473335,1.97378396988,0.989920735359,0.539824962616,0.303490102291,0.184646785259,0.0703360363841,0.0148446680978,0.00189240113832,0.000150478692376,0.0000313588352583],"dvar":[0.019065393135,4.13597249985,108.679168701,272.43762207,1920.51599121,351.490692139,180.532516479,167.728057861,91.0275421143,120.757049561,140.268554688,859.604675293,103.921707153,202.791488647,991.246643066,84.1778793335,216.34815979,82.4022979736,61.0799102783,62.2627220154,121.94026947,178.424133301,139.962432861,260.324554443,188.956039429,67.8229904175,29.54845047,42.0087585449,31.6766490936,13.2731809616,5.18543863297,1.4197858572,0.836614191532,0.158327043056,0.07823112607,0.0140920318663,0.000635888252873,0.00000979945616564,6.52705978155e-8,5.93121773917e-10],"dvar2":[0.0517326779664,11.7228651047,307.627075195,757.221984863,5029.68652344,965.001342773,481.582885742,424.952056885,243.338668823,293.163452148,349.226318359,1950.95861816,240.953521729,475.446105957,1678.65002441,181.400985718,469.57043457,178.050323486,131.841430664,133.781951904,299.940063477,443.53314209,355.191131592,643.962341309,469.019470215,174.379638672,73.0528717041,102.723617554,74.616973877,28.2417201996,11.0467605591,2.9387152195,2.06092691422,0.32270938158,0.18102774024,0.0313185155392,0.00134776765481,0.0000249772547249,1.66014800129e-7,1.53616463994e-9],"max":[1.27773213387,17.8133659363,99.4413452148,182.745162964,500.979949951,263.90536499,212.461044312,408.278747559,320.053771973,202.551605225,272.793731689,886.68170166,274.595092773,610.510681152,1273.34301758,476.66986084,352.408111572,241.844406128,258.708404541,390.771240234,363.449401855,288.975585938,407.643585205,493.393615723,313.175964355,210.706680298,117.170806885,143.997756958,92.7939453125,86.0287704468,83.7555465698,37.1139831543,42.4788627625,11.8984584808,11.164311409,4.38335895538,1.0101621151,0.121657684445,0.0128587391227,0.000408842111938],"mean":[0.136031895876,2.0137155056,10.2559919357,19.376996994,25.5822143555,19.3163452148,19.2674446106,17.5335388184,11.7908744812,14.3537101746,14.0943861008,20.6571807861,10.3943357468,11.0472564697,16.3966350555,7.64448451996,9.4748210907,8.74913692474,8.05570793152,8.89635181427,17.3911361694,25.872209549,22.8935279846,32.5854606628,30.4646129608,18.3587398529,13.0873165131,12.6547174454,10.5065050125,4.93715190887,3.06719660759,1.64853525162,0.895949482918,0.501585006714,0.253163993359,0.0872702822089,0.0171737652272,0.00210315734148,0.000186344215763,0.0000532845078851],"median":[0.0768732875586,1.42141199112,6.52861166,13.9258308411,12.9320411682,12.9973621368,13.7739334106,12.4866161346,8.40713310242,9.85469722748,9.99036979675,7.92906665802,5.67596530914,4.95927619934,5.45720434189,4.04009819031,4.89611434937,5.05754089355,4.51860809326,5.89418029785,13.9995422363,21.2698135376,18.632686615,26.6909065247,23.3547878265,14.8960800171,10.7273454666,9.46455001831,7.50333786011,2.82466030121,1.71885180473,0.901208758354,0.509078979492,0.297859549522,0.142987966537,0.046662800014,0.00813238322735,0.000827325624414,0.0000874566321727,0.0000478050787933],"min":[7.86781404766e-23,1.66954723929e-22,2.86976702204e-21,8.46214410033e-21,1.60736573409e-20,1.21567640778e-20,4.9698714031e-20,8.98908933136e-20,1.2398528776e-19,2.47201323399e-19,4.59681688887e-19,5.54615605128e-19,6.2466250017e-19,6.22182612693e-19,1.258581048e-18,1.2264321565e-18,1.62355433076e-18,2.34147369017e-18,2.12113634964e-18,3.25935403651e-18,3.58155308601e-18,4.71895000292e-18,4.17057392455e-18,8.04987025846e-18,8.39068935035e-18,7.70580034677e-18,1.20644259254e-17,1.14802527788e-17,1.14576889461e-17,1.23664940871e-17,1.1734944171e-17,1.13548712231e-17,1.20944600262e-17,8.98571593372e-18,5.57688022756e-18,4.25613252403e-18,2.40128960181e-18,1.04966924307e-18,2.70505663742e-19,2.9579758985e-20],"var":[0.0266243759543,4.45044898987,122.920799255,332.116790771,1740.4744873,440.216003418,353.142059326,341.476806641,147.048294067,259.424377441,254.689666748,2425.47216797,239.518356323,466.686431885,2674.83764648,203.990783691,395.854003906,206.552841187,180.785766602,194.70010376,246.370544434,425.62310791,365.363739014,676.217773438,670.026123047,207.922561646,96.341255188,125.424217224,95.651184082,35.1506881714,16.9612102509,5.04843616486,1.97807073593,0.424713432789,0.144954994321,0.0250968765467,0.0011688824743,0.0000154551926244,9.50406686684e-8,8.68603022841e-10]},"erbbands_crest":{"dmean":1.97266983986,"dmean2":3.30459332466,"dvar":4.02876424789,"dvar2":10.5102434158,"max":27.7554283142,"mean":6.45618009567,"median":5.71698093414,"min":2.00035691261,"var":7.9469294548},"erbbands_flatness_db":{"dmean":0.0100863706321,"dmean2":0.0150859104469,"dvar":0.0000816416868474,"dvar2":0.000180360366357,"max":0.259877711535,"mean":0.127792164683,"median":0.126263052225,"min":0.0241039954126,"var":0.000490369624458},"erbbands_kurtosis":{"dmean":0.41361540556,"dmean2":0.678859770298,"dvar":0.910186111927,"dvar2":2.52249264717,"max":30.7015190125,"mean":-0.882322430611,"median":-1.21655881405,"min":-1.85414206982,"var":1.96629083157},"erbbands_skewness":{"dmean":0.303298264742,"dmean2":0.491955339909,"dvar":0.0836702808738,"dvar2":0.216279730201,"max":3.72090244293,"mean":-0.0620045550168,"median":-0.0407773032784,"min":-5.06825447083,"var":0.333507716656},"erbbands_spread":{"dmean":8.52985095978,"dmean2":13.6089477539,"dvar":68.2680130005,"dvar2":163.236206055,"max":123.626052856,"mean":64.7651062012,"median":65.5759048462,"min":4.91290187836,"var":249.839950562},"gfcc":{"cov":[[18069.34375,1226.31079102,-1303.6875,689.408508301,-739.664672852,130.364151001,-408.659088135,68.6985855103,-385.378570557,-8.18532276154,-228.189346313,16.4183921814,-183.463302612],[1226.31079102,625.17199707,-119.394111633,47.0990371704,10.0672235489,-68.4015045166,62.1455574036,-10.185874939,53.0939674377,-20.2285900116,24.6995792389,-29.4444847107,32.0823326111],[-1303.6875,-119.394111633,374.222320557,-31.8833503723,47.6512451172,-8.21035480499,-18.0133285522,-4.3302230835,35.1480789185,10.0681581497,4.66582250595,-1.39296507835,-13.2921571732],[689.408508301,47.0990371704,-31.8833503723,228.719223022,-6.09785223007,17.7990131378,-11.3724794388,31.6910476685,16.1587219238,-5.83826398849,21.1677246094,-9.18287754059,6.85372066498],[-739.664672852,10.0672235489,47.6512451172,-6.09785223007,144.434509277,20.1034870148,61.6525611877,-4.26008462906,26.2447338104,13.8997488022,20.2667121887,1.58399534225,9.84035778046],[130.364151001,-68.4015045166,-8.21035480499,17.7990131378,20.1034870148,100.398834229,31.2419281006,6.48260593414,-17.8516807556,-0.36461776495,8.02138710022,4.80891275406,-2.22179293633],[-408.659088135,62.1455574036,-18.0133285522,-11.3724794388,61.6525611877,31.2419281006,116.967590332,31.8952941895,25.1523418427,-5.37486028671,17.8034381866,7.1890835762,16.2070083618],[68.6985855103,-10.185874939,-4.3302230835,31.6910476685,-4.26008462906,6.48260593414,31.8952941895,90.5783233643,31.728395462,8.98592090607,0.563646554947,6.95801496506,9.90783691406],[-385.378570557,53.0939674377,35.1480789185,16.1587219238,26.2447338104,-17.8516807556,25.1523418427,31.728395462,82.225479126,17.493637085,10.7417631149,-17.3392505646,10.12890625],[-8.18532276154,-20.2285900116,10.0681581497,-5.83826398849,13.8997488022,-0.36461776495,-5.37486028671,8.98592090607,17.493637085,57.4918518066,21.6974658966,11.0234632492,-6.78139209747],[-228.189346313,24.6995792389,4.66582250595,21.1677246094,20.2667121887,8.02138710022,17.8034381866,0.563646554947,10.7417631149,21.6974658966,65.7390289307,23.4694328308,11.6670465469],[16.4183921814,-29.4444847107,-1.39296507835,-9.18287754059,1.58399534225,4.80891275406,7.1890835762,6.95801496506,-17.3392505646,11.0234632492,23.4694328308,59.3599281311,18.4891109467],[-183.463302612,32.0823326111,-13.2921571732,6.85372066498,9.84035778046,-2.22179293633,16.2070083618,9.90783691406,10.12890625,-6.78139209747,11.6670465469,18.4891109467,50.398399353]],"icov":[[0.000358977646101,-0.00119638827164,0.000677083211485,-0.000817883817945,0.000796640408225,-0.00148033234291,0.00139878923073,-0.000780850125011,0.00109477317892,-0.00110082572792,0.0019160019001,-0.00150894769467,0.00158292241395],[-0.00119638827164,0.00646855542436,-0.00156008824706,0.00210850988515,-0.00212960224599,0.00706242164597,-0.00674889143556,0.00403765076771,-0.00460943905637,0.00410187011585,-0.0073402444832,0.00639404868707,-0.00623555248603],[0.000677083211485,-0.00156008824706,0.00475641619414,-0.000973852002062,-0.0000119194210129,-0.00266716303304,0.00420764088631,-0.00136150233448,-0.000614973600022,-0.000470821280032,0.00292875734158,-0.00375571311451,0.00440415646881],[-0.000817883817945,0.00210850988515,-0.000973852002062,0.00770086701959,-0.0027276838664,0.00129313045181,0.000447474099929,-0.00153228628915,-0.00335298129357,0.00513340299949,-0.0076825437136,0.00471785292029,-0.00346440658905],[0.000796640408225,-0.00212960224599,-0.0000119194210129,-0.0027276838664,0.013205870986,-0.00350844371133,-0.00439346488565,0.00277828075923,0.00104169116821,-0.00634561292827,0.00444703130051,-0.00230671674944,0.00151052454021],[-0.00148033234291,0.00706242164597,-0.00266716303304,0.00129313045181,-0.00350844371133,0.0207665115595,-0.0120610715821,0.00352416466922,0.000667185522616,0.00295561482199,-0.00930558331311,0.00896768737584,-0.00684964284301],[0.00139878923073,-0.00674889143556,0.00420764088631,0.000447474099929,-0.00439346488565,-0.0120610715821,0.0251424629241,-0.0105806943029,0.000351623370079,0.00312245776877,0.00369874062017,-0.0085135102272,0.00737442262471],[-0.000780850125011,0.00403765076771,-0.00136150233448,-0.00153228628915,0.00277828075923,0.00352416466922,-0.0105806943029,0.0202067848295,-0.00957622006536,-0.00117878988385,0.000893686898053,-0.000997290713713,-0.00459554977715],[0.00109477317892,-0.00460943905637,-0.000614973600022,-0.00335298129357,0.00104169116821,0.000667185522616,0.000351623370079,-0.00957622006536,0.0287291146815,-0.0121227065101,0.00309008546174,0.00799638498574,-0.00224512373097],[-0.00110082572792,0.00410187011585,-0.000470821280032,0.00513340299949,-0.00634561292827,0.00295561482199,0.00312245776877,-0.00117878988385,-0.0121227065101,0.0313467234373,-0.0145640419796,-0.00201310496777,0.00392051460221],[0.0019160019001,-0.0073402444832,0.00292875734158,-0.0076825437136,0.00444703130051,-0.00930558331311,0.00369874062017,0.000893686898053,0.00309008546174,-0.0145640419796,0.0350246913731,-0.0174883399159,0.00654786126688],[-0.00150894769467,0.00639404868707,-0.00375571311451,0.00471785292029,-0.00230671674944,0.00896768737584,-0.0085135102272,-0.000997290713713,0.00799638498574,-0.00201310496777,-0.0174883399159,0.0370518006384,-0.0188380982727],[0.00158292241395,-0.00623555248603,0.00440415646881,-0.00346440658905,0.00151052454021,-0.00684964284301,0.00737442262471,-0.00459554977715,-0.00224512373097,0.00392051460221,0.00654786126688,-0.0188380982727,0.0355151891708]],"mean":[11.0128450394,93.2270736694,-104.795372009,67.4745788574,-56.2537345886,1.93127846718,-33.8022384644,9.67473220825,-27.0625324249,-3.49566817284,-18.4740524292,-2.2102189064,-12.9531230927]},"hfc":{"dmean":3.70926594734,"dmean2":5.5207324028,"dvar":20.9027481079,"dvar2":44.6167068481,"max":82.0254898071,"mean":19.9530982971,"median":18.12449646,"min":1.04792904531e-16,"var":100.757476807},"melbands":{"dmean":[0.00113856059033,0.00294831115752,0.00246236589737,0.00112112087663,0.000386543135392,0.000195510408957,0.0000923030020203,0.0000895335469977,0.0000690889064572,0.0000729852108634,0.0000278421321127,0.0000241915240622,0.0000330410148308,0.0000125433280118,0.0000139469211717,0.0000113532460091,0.0000091336778496,0.00000748596676203,0.00000629619717074,0.00000601683314017,0.0000118537118396,0.0000123162917589,0.000012153964235,0.0000072764360084,0.0000120554259411,0.0000116173505376,0.00000735151115805,0.00000438924826085,0.00000313649479722,0.00000298234567708,0.00000308530229631,0.00000284120528704,0.00000165442054367,0.00000108758035822,9.03263355667e-7,5.38832125585e-7,4.09957294778e-7,2.59274173686e-7,2.67915794439e-7,1.62760898093e-7],"dmean2":[0.00193470064551,0.00509536731988,0.00417752983049,0.00186626636423,0.000629217829555,0.000317937345244,0.000150712614413,0.000143232391565,0.000110467713967,0.000114682537969,0.0000437166891061,0.0000379373268515,0.0000487181168864,0.0000191893122974,0.0000214384599531,0.0000180774095497,0.0000145771837197,0.0000117403860713,0.0000101453479147,0.00000975375223788,0.0000195962002181,0.0000202023147722,0.0000200685208256,0.00001203458487,0.0000199212772714,0.0000191354483832,0.0000119954638649,0.0000072562479545,0.00000514765088155,0.00000481967708765,0.00000489513740831,0.00000455795361631,0.00000256776866081,0.00000165015876519,0.00000139141695854,8.19834326649e-7,6.33095226021e-7,3.95729529146e-7,4.14351831068e-7,2.43764475272e-7],"dvar":[0.00000266212873612,0.0000194198219106,0.000010851078514,0.00000502472721564,2.51319306699e-7,7.10139502758e-8,2.01481729079e-8,1.57266768497e-8,1.54556474286e-8,3.09007717192e-8,2.66612465438e-9,3.33574101674e-9,1.46627465725e-8,1.07960229645e-9,1.05414244e-9,7.80505493569e-10,3.94214133559e-10,2.39285480319e-10,1.30757141226e-10,9.60127879979e-11,2.94737068085e-10,2.54730347926e-10,2.92175311722e-10,6.80194164882e-11,2.47002501785e-10,2.1364221503e-10,1.11444437012e-10,2.71787488348e-11,1.37065523861e-11,1.47362139852e-11,1.81567972463e-11,1.51957994798e-11,6.40115391248e-12,3.94453176719e-12,2.5001361658e-12,8.27225332505e-13,6.38450338604e-13,5.03294292093e-13,3.33460472776e-13,9.58967267032e-14],"dvar2":[0.00000736291531211,0.0000548404277652,0.0000297070710076,0.0000131875231091,6.69517248753e-7,1.81550845468e-7,5.41275007038e-8,3.79230336023e-8,3.73385660168e-8,7.03027538407e-8,6.16527273678e-9,7.96938426362e-9,2.5695106487e-8,2.33854913212e-9,2.23906315711e-9,1.67961367037e-9,8.55814752398e-10,5.09005115834e-10,2.96589475202e-10,2.15409176607e-10,7.15538461815e-10,6.27756846505e-10,7.47470307871e-10,1.78238063198e-10,6.05738070814e-10,5.48834033776e-10,2.71739103441e-10,7.09141009803e-11,3.46679039642e-11,3.67816228863e-11,4.53578528903e-11,3.69793501376e-11,1.45046587588e-11,8.57889020239e-12,5.61854599304e-12,1.80322293555e-12,1.43435415455e-12,1.31353435073e-12,7.61054142883e-13,1.99743948595e-13],"max":[0.015027847141,0.0404175072908,0.0291690975428,0.028934834525,0.00670838681981,0.00807780306786,0.00509540829808,0.00275631481782,0.0033763628453,0.00520075950772,0.00142040255014,0.00250740372576,0.0050209867768,0.00117147469427,0.000865470152348,0.000882331922185,0.000526004063431,0.000447431782959,0.000350524525857,0.000349772395566,0.000653601251543,0.000470976083307,0.000444232107839,0.000194616441149,0.000482246745378,0.000295147387078,0.000308407557895,0.000093766124337,0.0000679072618368,0.000104711907625,0.0000786830714787,0.0000767111196183,0.0000529633325641,0.0000410525863117,0.0000580685446039,0.0000227613927564,0.0000264982299996,0.0000368138316844,0.0000283693389065,0.00000764858486946],"mean":[0.00164237164427,0.00457034632564,0.00373438326642,0.0015713480534,0.000746031524613,0.000383717066143,0.000171106876223,0.000163496268215,0.000121632445371,0.000125309059513,0.0000487176075694,0.0000422690427513,0.0000577010614506,0.0000225328640227,0.0000232847014559,0.000018816532247,0.0000161856060004,0.0000133856547109,0.0000112573852675,0.0000119930036817,0.0000232939873968,0.0000270661057584,0.000025311461286,0.0000173958105734,0.0000276074333669,0.0000268324783974,0.0000172331856447,0.0000107321620817,0.0000080484423961,0.00000739248162063,0.00000732683747628,0.00000667230142426,0.00000379963103114,0.00000227134751185,0.00000194660765374,0.00000119406672638,9.36478159019e-7,5.94761843331e-7,5.94142079535e-7,3.67800055301e-7],"median":[0.00107757386286,0.00325323827565,0.00270261219703,0.000953512091655,0.000540014356375,0.000281397806248,0.000120144730317,0.000111781278974,0.0000760797556723,0.0000478042602481,0.0000251724777627,0.0000177924830496,0.00001798620724,0.0000102672702269,0.0000102456106106,0.0000100695724541,0.00000869425457495,0.00000687576721248,0.00000683116059008,0.00000836659091874,0.0000181690647878,0.0000221462451009,0.00001867697938,0.0000147626906255,0.0000220688525587,0.000019931288989,0.000012515227354,0.00000860619729792,0.00000650626316201,0.00000568380892219,0.00000521192851011,0.00000473743739349,0.0000024377036425,0.0000011270642517,0.00000105449134935,6.87196802573e-7,4.84547740598e-7,3.23383176237e-7,3.58938962108e-7,2.08451950812e-7],"min":[1.19253384941e-24,1.10068608396e-24,2.46004971673e-24,7.90377145185e-25,1.93133502209e-24,2.06744764648e-24,2.29323048439e-24,2.45990989113e-24,3.64058006139e-24,3.01657905523e-24,3.14403255067e-24,2.22247005562e-24,3.98570079097e-24,3.49901897195e-24,3.7338261814e-24,2.2960477039e-24,4.0824403815e-24,2.48625271777e-24,3.18632772254e-24,6.15459890809e-24,3.36708987416e-24,3.64691619218e-24,3.28015404974e-24,4.77848943464e-24,6.17090032426e-24,5.72618708869e-24,5.9351681754e-24,3.53058642436e-24,6.38781971826e-24,5.68634961298e-24,6.61730961078e-24,5.16711110997e-24,6.16571829698e-24,6.6701447532e-24,5.82717075089e-24,6.43469264996e-24,5.73386112758e-24,7.21771361789e-24,8.10506617372e-24,7.2258775394e-24],"var":[0.00000331799196829,0.000021293755708,0.0000124112675621,0.00000476949117001,5.01718602663e-7,1.47395155636e-7,3.29936824528e-8,3.2234090952e-8,3.22348441273e-8,8.4310634918e-8,6.04788930048e-9,7.1179924177e-9,3.84749903048e-8,2.27138730047e-9,2.23958096512e-9,1.48563261693e-9,9.07523334259e-10,6.36801222864e-10,3.035203755e-10,2.71365457882e-10,5.43857348045e-10,5.30007537858e-10,6.45512920894e-10,1.62394875325e-10,5.71033498264e-10,5.67034419419e-10,3.28217730772e-10,6.92837662242e-11,3.83660846148e-11,4.22612535245e-11,4.72875801016e-11,4.16073356324e-11,1.63155409322e-11,9.67186053469e-12,7.71076952288e-12,2.26720790579e-12,1.9862219508e-12,1.06593065537e-12,7.1522903702e-13,2.44937804848e-13]},"melbands_crest":{"dmean":3.74201393127,"dmean2":6.39906740189,"dvar":10.1583709717,"dvar2":29.8813858032,"max":34.935382843,"mean":16.0487499237,"median":15.7279891968,"min":1.59219002724,"var":21.2205104828},"melbands_flatness_db":{"dmean":0.0296774040908,"dmean2":0.0488711819053,"dvar":0.000771664897911,"dvar2":0.00205888040364,"max":0.48965087533,"mean":0.212399989367,"median":0.210417643189,"min":0.00400293292478,"var":0.00244035641663},"melbands_kurtosis":{"dmean":15.9732894897,"dmean2":26.8763122559,"dvar":459.534881592,"dvar2":1186.06689453,"max":413.213439941,"mean":30.8975734711,"median":23.8526573181,"min":-1.80511593819,"var":798.123352051},"melbands_skewness":{"dmean":1.12093365192,"dmean2":1.85566556454,"dvar":1.27481472492,"dvar2":3.34601044655,"max":16.8106117249,"mean":4.56563854218,"median":4.39011287689,"min":-1.85972225666,"var":3.19872927666},"melbands_spread":{"dmean":6.17036294937,"dmean2":10.0285921097,"dvar":59.1831169128,"dvar2":143.265914917,"max":165.444717407,"mean":17.2622127533,"median":13.2809906006,"min":0.593625307083,"var":271.989135742},"mfcc":{"cov":[[6997.32910156,1110.77941895,138.60206604,353.249633789,-106.055244446,49.0629577637,-48.6919250488,7.44072818756,-57.5055809021,-122.942092896,-10.4909582138,-18.2819271088,-62.3339424133],[1110.77941895,708.618652344,-38.420135498,143.181243896,-31.1197242737,-5.82191944122,-7.49050331116,1.59926199913,36.3406143188,-20.0104579926,16.7923107147,29.337890625,-3.49770212173],[138.60206604,-38.420135498,228.857284546,41.8710899353,32.9440803528,-13.5689897537,-36.632106781,0.328706294298,-16.9064273834,10.5808706284,0.540266811848,-5.23552751541,-2.96558213234],[353.249633789,143.181243896,41.8710899353,196.826034546,37.6796264648,-5.45447778702,-2.57592272758,22.4544448853,16.6152381897,10.8158321381,19.7431411743,13.1018638611,10.4809913635],[-106.055244446,-31.1197242737,32.9440803528,37.6796264648,80.2673110962,23.6866931915,1.41183269024,-4.75930690765,-1.06566929817,17.1814727783,1.32471501827,4.30291557312,7.63739109039],[49.0629577637,-5.82191944122,-13.5689897537,-5.45447778702,23.6866931915,86.917388916,39.6628761292,2.94240617752,-6.93446779251,-4.22446250916,2.49545168877,5.46917009354,2.48919343948],[-48.6919250488,-7.49050331116,-36.632106781,-2.57592272758,1.41183269024,39.6628761292,85.2152786255,36.4255943298,4.96327829361,-7.47441148758,2.90716123581,7.9881401062,13.7225179672],[7.44072818756,1.59926199913,0.328706294298,22.4544448853,-4.75930690765,2.94240617752,36.4255943298,72.4154434204,29.8266239166,7.60492610931,0.768120825291,0.932086467743,8.14303302765],[-57.5055809021,36.3406143188,-16.9064273834,16.6152381897,-1.06566929817,-6.93446779251,4.96327829361,29.8266239166,68.9257202148,25.9798946381,8.89609336853,0.525911331177,-4.52400970459],[-122.942092896,-20.0104579926,10.5808706284,10.8158321381,17.1814727783,-4.22446250916,-7.47441148758,7.60492610931,25.9798946381,65.8874969482,21.0294704437,-0.337874442339,-2.647149086],[-10.4909582138,16.7923107147,0.540266811848,19.7431411743,1.32471501827,2.49545168877,2.90716123581,0.768120825291,8.89609336853,21.0294704437,48.7154197693,21.5778541565,6.71016216278],[-18.2819271088,29.337890625,-5.23552751541,13.1018638611,4.30291557312,5.46917009354,7.9881401062,0.932086467743,0.525911331177,-0.337874442339,21.5778541565,48.2023200989,22.3502578735],[-62.3339424133,-3.49770212173,-2.96558213234,10.4809913635,7.63739109039,2.48919343948,13.7225179672,8.14303302765,-4.52400970459,-2.647149086,6.71016216278,22.3502578735,49.3991088867]],"icov":[[0.000229369587032,-0.000316285790177,-0.000161556483363,-0.000276768725598,0.000409660220612,-0.000381609774195,0.000222748480155,-0.000190961538465,0.000360041041858,0.000185644676094,7.35540936603e-7,0.000222565082368,0.000183674885193],[-0.000316285790177,0.00243139173836,0.000526648131199,-0.00147192378063,0.000989060499705,0.0000276078098977,-0.000103836624476,0.0012043484021,-0.00175357039552,0.000465698918561,0.000401653524023,-0.00153533858247,0.000297433085507],[-0.000161556483363,0.000526648131199,0.00571813480929,-0.000699015159626,-0.00227072625421,0.000448657257948,0.00302114780061,-0.00240984023549,0.00223784917034,-0.000434380111983,-0.000421374017606,0.000100388853753,0.000404963036999],[-0.000276768725598,-0.00147192378063,-0.000699015159626,0.00860797800124,-0.00555238965899,0.00199820287526,0.000492773484439,-0.00317051401362,-0.000203896968742,0.000879508443177,-0.00344957737252,0.000622991647106,-0.00096311949892],[0.000409660220612,0.000989060499705,-0.00227072625421,-0.00555238965899,0.0206418465823,-0.00699133146554,0.000179795883014,0.00413930648938,-0.00028199449298,-0.00562218250707,0.00528962584212,-0.00172350730281,-0.00220848224126],[-0.000381609774195,0.0000276078098977,0.000448657257948,0.00199820287526,-0.00699133146554,0.0182425789535,-0.00957301352173,0.00242620077915,0.000707966217306,0.000804502342362,-0.00148389732931,-0.0009612456779,0.00228882487863],[0.000222748480155,-0.000103836624476,0.00302114780061,0.000492773484439,0.000179795883014,-0.00957301352173,0.0237268488854,-0.0127888629213,0.00274911778979,0.0028360078577,-0.00224268645979,0.000123954363517,-0.003025499871],[-0.000190961538465,0.0012043484021,-0.00240984023549,-0.00317051401362,0.00413930648938,0.00242620077915,-0.0127888629213,0.0263518132269,-0.0109138889238,-0.00151934917085,0.00377308484167,0.000589123053942,-0.0030411479529],[0.000360041041858,-0.00175357039552,0.00223784917034,-0.000203896968742,-0.00028199449298,0.000707966217306,0.00274911778979,-0.0109138889238,0.0241407081485,-0.00766063248739,-0.000655666459352,-0.000526685151272,0.00367874628864],[0.000185644676094,0.000465698918561,-0.000434380111983,0.000879508443177,-0.00562218250707,0.000804502342362,0.0028360078577,-0.00151934917085,-0.00766063248739,0.0244545321912,-0.0118711553514,0.0048714382574,0.000363229453797],[7.35540936603e-7,0.000401653524023,-0.000421374017606,-0.00344957737252,0.00528962584212,-0.00148389732931,-0.00224268645979,0.00377308484167,-0.000655666459352,-0.0118711553514,0.0335543975234,-0.0152050154284,0.00161928893067],[0.000222565082368,-0.00153533858247,0.000100388853753,0.000622991647106,-0.00172350730281,-0.0009612456779,0.000123954363517,0.000589123053942,-0.000526685151272,0.0048714382574,-0.0152050154284,0.0348274223506,-0.0132498759776],[0.000183674885193,0.000297433085507,0.000404963036999,-0.00096311949892,-0.00220848224126,0.00228882487863,-0.003025499871,-0.0030411479529,0.00367874628864,0.000363229453797,0.00161928893067,-0.0132498759776,0.0284238513559]],"mean":[-621.255737305,106.948921204,10.9136743546,58.545589447,4.29294157028,3.41162133217,1.49549651146,7.18165111542,-0.598527729511,-3.05427074432,0.300973147154,-1.54244697094,-3.7892832756]},"pitch_salience":{"dmean":0.0893782526255,"dmean2":0.150175958872,"dvar":0.00622993940488,"dvar2":0.0178355835378,"max":0.864242494106,"mean":0.557043910027,"median":0.568009018898,"min":0.0913063958287,"var":0.0126334866509},"silence_rate_20dB":{"dmean":0,"dmean2":0,"dvar":0,"dvar2":0,"max":1,"mean":1,"median":1,"min":1,"var":0},"silence_rate_30dB":{"dmean":0.00288357562385,"dmean2":0.00576784415171,"dvar":0.00287507008761,"dvar2":0.0086181582883,"max":1,"mean":0.998558402061,"median":1,"min":0,"var":0.00143938139081},"silence_rate_60dB":{"dmean":0.00384476757608,"dmean2":0.00769045902416,"dvar":0.00383021077141,"dvar2":0.00883381906897,"max":1,"mean":0.0392839983106,"median":0,"min":0,"var":0.0377396978438},"spectral_centroid":{"dmean":310.767211914,"dmean2":503.958312988,"dvar":99299.890625,"dvar2":244574.078125,"max":11972.9287109,"mean":1485.45166016,"median":1357.21508789,"min":164.996292114,"var":780536.75},"spectral_complexity":{"dmean":3.98101639748,"dmean2":6.27132892609,"dvar":13.0068626404,"dvar2":30.5155639648,"max":51,"mean":22.6889724731,"median":23,"min":0,"var":74.9498443604},"spectral_contrast_coeffs":{"dmean":[0.0589397400618,0.0452616512775,0.0377266816795,0.0257581099868,0.0192372296005,0.0154537633061],"dmean2":[0.0973183214664,0.0748125761747,0.0605704821646,0.0427684374154,0.031863451004,0.0250201225281],"dvar":[0.00234892684966,0.00128467730246,0.000925969041418,0.000436496193288,0.000232687612879,0.000169854261912],"dvar2":[0.00639238301665,0.00353936408646,0.00232941657305,0.00114963355009,0.000632963725366,0.000423971388955],"max":[-0.290244668722,-0.465494513512,-0.51734161377,-0.564957797527,-0.654842734337,-0.591675758362],"mean":[-0.612872898579,-0.757615447044,-0.784108579159,-0.818950951099,-0.798322916031,-0.719058871269],"median":[-0.612231492996,-0.75915491581,-0.791428387165,-0.824504613876,-0.799857258797,-0.716653764248],"min":[-0.982511520386,-0.976449549198,-0.974871337414,-0.96839338541,-0.964770436287,-0.962834000587],"var":[0.00688427593559,0.00363988662139,0.00391005026177,0.00177679141052,0.00113352155313,0.00143839907832]},"spectral_contrast_valleys":{"dmean":[0.391549617052,0.325640767813,0.313961803913,0.254017710686,0.165533110499,0.191721871495],"dmean2":[0.655045866966,0.537638306618,0.506896197796,0.40725389123,0.268149077892,0.267563909292],"dvar":[0.126063346863,0.0990276038647,0.0923784896731,0.0696680694818,0.0468373596668,0.0698257163167],"dvar2":[0.318531364202,0.235351085663,0.209732830524,0.146656244993,0.0916917920113,0.117588341236],"max":[-5.19302463531,-5.03978013992,-5.95579814911,-6.14250087738,-5.80571746826,-8.193318367],"mean":[-6.71685266495,-6.62648868561,-7.65591573715,-7.83293390274,-6.96977233887,-10.0665798187],"median":[-6.41496706009,-6.31513404846,-7.39518928528,-7.59191036224,-6.71728420258,-9.89257049561],"min":[-28.4138908386,-28.0545463562,-27.7596759796,-27.5819396973,-27.488609314,-27.4135570526],"var":[3.32391262054,3.40115451813,3.1097881794,2.99731516838,3.1226439476,2.49641180038]},"spectral_decrease":{"dmean":4.13972545132e-9,"dmean2":7.02045976908e-9,"dvar":2.74623566321e-17,"dvar2":7.36884848968e-17,"max":1.64670693586e-28,"mean":-1.02683701542e-8,"median":-9.23827769839e-9,"min":-5.21729255354e-8,"var":3.45521646757e-17},"spectral_energy":{"dmean":0.0158153232187,"dmean2":0.0267803203315,"dvar":0.000400537770474,"dvar2":0.00107301492244,"max":0.200277626514,"mean":0.0405649580061,"median":0.0366297215223,"min":9.90096661473e-21,"var":0.000512019614689},"spectral_energyband_high":{"dmean":0.000267185940174,"dmean2":0.000388927612221,"dvar":1.4022938899e-7,"dvar2":2.81490429188e-7,"max":0.00661934306845,"mean":0.00097408198053,"median":0.000758687965572,"min":6.92893009984e-21,"var":6.05501384143e-7},"spectral_energyband_low":{"dmean":0.0122039876878,"dmean2":0.0208847112954,"dvar":0.000302650820231,"dvar2":0.000830650737043,"max":0.185061901808,"mean":0.0213541798294,"median":0.0163678154349,"min":1.37586224444e-23,"var":0.000354616437107},"spectral_energyband_middle_high":{"dmean":0.000808573269751,"dmean2":0.00124477781355,"dvar":0.000001191075512,"dvar2":0.00000241676389123,"max":0.0374384745955,"mean":0.00343753397465,"median":0.0028520419728,"min":1.18488675013e-21,"var":0.00000642414715912},"spectral_energyband_middle_low":{"dmean":0.00873200502247,"dmean2":0.0145778534934,"dvar":0.00019916970632,"dvar2":0.000530180870555,"max":0.162583351135,"mean":0.0181746277958,"median":0.0146482316777,"min":1.70369923669e-22,"var":0.000232001664699},"spectral_entropy":{"dmean":0.111098773777,"dmean2":0.180549174547,"dvar":0.0114368302748,"dvar2":0.0298285651952,"max":9.820977211,"mean":7.71327733994,"median":7.71362304688,"min":6.19730997086,"var":0.0592995546758},"spectral_flux":{"dmean":0.0326317884028,"dmean2":0.0513638146222,"dvar":0.00130164658185,"dvar2":0.00282337632962,"max":0.416490226984,"mean":0.103476107121,"median":0.0940743982792,"min":6.3656330207e-11,"var":0.00260087009519},"spectral_kurtosis":{"dmean":0.804025948048,"dmean2":1.40060269833,"dvar":0.559945166111,"dvar2":1.6529276371,"max":13.2806415558,"mean":2.49614787102,"median":2.32940244675,"min":-1.24589192867,"var":1.14769279957},"spectral_rms":{"dmean":0.00112808810081,"dmean2":0.00187151459977,"dvar":0.00000153538724135,"dvar2":0.0000040633090066,"max":0.0139782978222,"mean":0.00600938638672,"median":0.00597798544914,"min":3.10797026136e-12,"var":0.00000346275101037},"spectral_rolloff":{"dmean":452.254364014,"dmean2":790.315917969,"dvar":558240.4375,"dvar2":1396835.25,"max":19444.4824219,"mean":1007.71710205,"median":516.796875,"min":64.599609375,"var":2652829.5},"spectral_skewness":{"dmean":0.132883116603,"dmean2":0.223315954208,"dvar":0.0135485641658,"dvar2":0.0371663086116,"max":2.84225702286,"mean":1.02658700943,"median":1.01234436035,"min":-0.0824324861169,"var":0.047091666609},"spectral_spread":{"dmean":315798.0625,"dmean2":478306.9375,"dvar":324322066432,"dvar2":628407140352,"max":42042212,"mean":4671280,"median":4342790.5,"min":2300540.75,"var":7057227907070},"spectral_strongpeak":{"dmean":0.3345515728,"dmean2":0.580106079578,"dvar":0.210041925311,"dvar2":0.565123081207,"max":7.77370977402,"mean":0.59204274416,"median":0.475061178207,"min":0,"var":0.257035434246},"zerocrossingrate":{"dmean":0.00872670020908,"dmean2":0.0112125733867,"dvar":0.0000752325577196,"dvar2":0.000112789610284,"max":0.54052734375,"mean":0.0550447963178,"median":0.04833984375,"min":0.00634765625,"var":0.00171096075792}},"metadata":{"audio_properties":{"analysis_sample_rate":44100,"bit_rate":256000,"codec":"vorbis","downmix":"mix","equal_loudness":0,"length":193.243713379,"lossless":false,"md5_encoded":"dde8dbd318187caf123b9cc60e4b2121","replay_gain":-12.6402053833,"sample_rate":44100},"tags":{"album":["In Search of..."],"albumartist":["Fu Manchu"],"albumartistsort":["Fu Manchu"],"artist":["Fu Manchu"],"artistsort":["Fu Manchu"],"asin":["B000004AXQ"],"barcode":["035498013423"],"bpm":["0"],"catalognumber":["MR0134-2"],"compilation":["0"],"date":["1996"],"discnumber":["0"],"disctotal":["0"],"file_name":"10 Seahag.ogg","genre":["Stoner Rock / Hard Rock / Desert Rock / Rock / Stoner"],"label":["Mammoth Records"],"language":["eng"],"musicbrainz_albumartistid":["f96de591-5dae-41da-855b-eb387d88d7d4"],"musicbrainz_albumid":["bec76d99-7925-4723-9603-4da2674fc7a7"],"musicbrainz_artistid":["f96de591-5dae-41da-855b-eb387d88d7d4"],"musicbrainz_recordingid":["58048b97-9fff-4765-87f7-2b87ccf58145"],"musicip_puid":["eb4b31a1-acb0-4fce-f145-f9bc5437baff"],"releasecountry":["US"],"releasestatus":["official"],"releasetype":["album"],"script":["Latn"],"title":["Seahag"],"totaldiscs":["0"],"totaltracks":["12"],"tracknumber":["10"],"tracktotal":["12"]},"version":{"essentia":"2.1-beta2","essentia_build_sha":"70f2e5ece6736b2c40cc944ad0e695b16b925413","essentia_git_sha":"v2.1_beta2","extractor":"music 1.0"}},"rhythm":{"beats_count":530,"beats_loudness":{"dmean":0.018731476739,"dmean2":0.0335099995136,"dvar":0.000200149748707,"dvar2":0.000621651066467,"max":0.107744842768,"mean":0.0448982454836,"median":0.0439744517207,"min":0,"var":0.000340707512805},"beats_loudness_band_ratio":{"dmean":[0.160827562213,0.131551280618,0.0457283295691,0.0287795700133,0.0283101759851,0.0447726361454],"dmean2":[0.278753727674,0.236909225583,0.079500541091,0.0528271533549,0.0501457490027,0.0803623124957],"dvar":[0.0179446190596,0.0104534765705,0.00267522851937,0.00307275471278,0.00197413167916,0.00307589047588],"dv