{"lowlevel":{"average_loudness":0.446379452944,"barkbands":{"dmean":[0.000435908994405,0.00274676457047,0.00180277042091,0.00146604736801,0.00165876501705,0.000692245841492,0.00114962714724,0.000554854632355,0.00116024236195,0.000172981177457,0.000204800395295,0.000375948788133,0.000173239212018,0.000175372711965,0.00024378040689,0.000142407472595,0.0000926266875467,0.0000380322162528,0.000016600910385,0.00000861494390847,0.00000643408702672,0.00000328626765622,0.00000191008530237,0.00000142008184412,0.00000145865317336,0.00000225728604164,0.000109320317279],"dmean2":[0.000751974701416,0.00439111422747,0.00282725342549,0.00226171757095,0.00249372958206,0.00105248286854,0.00167927902658,0.000847792252898,0.0016867412487,0.00027150081587,0.000320734310662,0.00056849909015,0.000269201758783,0.000269502168521,0.000363438361092,0.000218294560909,0.000139609313919,0.0000574237492401,0.0000248934102274,0.0000136496892083,0.0000100846791611,0.00000529145199835,0.00000313033751809,0.00000237874405684,0.0000024489434054,0.00000370277552975,0.000150489257067],"dvar":[0.00000359422597285,0.0000725951977074,0.0000203486870305,0.000019445838916,0.0000167677371792,0.00000508469702254,0.0000132436789499,0.00000362534524356,0.0000211338337976,7.59461613598e-7,8.03024477136e-7,0.00000122021106108,3.22194665614e-7,3.78443957061e-7,6.98225107953e-7,2.22270372774e-7,9.72392157905e-8,1.58629909208e-8,3.16686032953e-9,1.83550219468e-9,1.30874755477e-9,2.21366452946e-10,3.78325391848e-11,1.4563497977e-11,1.52450291974e-11,4.10657723104e-11,2.19943174784e-7],"dvar2":[0.00000962758713285,0.000185909200809,0.0000475954839203,0.0000431898224633,0.0000363621984434,0.0000105521130536,0.0000282037071884,0.00000796540643933,0.0000401410870836,0.00000168860708527,0.00000165076141911,0.00000270312034445,7.18183173376e-7,7.94351421973e-7,0.00000144437910876,4.95596623296e-7,1.9889372993e-7,3.49991751136e-8,6.78245504204e-9,4.25835278151e-9,2.9311435501e-9,4.78881878596e-10,8.73221356334e-11,3.64430499666e-11,3.82184839332e-11,9.59978416204e-11,3.65831340332e-7],"max":[0.0381419286132,0.162615656853,0.156590819359,0.139648526907,0.103363059461,0.0796248689294,0.130022332072,0.0607663244009,0.228840366006,0.0428110361099,0.0502630397677,0.0277878642082,0.0232365354896,0.0224855840206,0.0306701119989,0.0156170316041,0.0125176850706,0.00485424837098,0.00214242143556,0.00163690047339,0.00173969985917,0.000822182861157,0.000269988435321,0.000104106948129,0.000115463320981,0.000278926338069,0.02902235277],"mean":[0.000378860451747,0.00376348127611,0.00275697559118,0.00189607904758,0.00258735194802,0.0010552079184,0.00197178311646,0.000861098058522,0.0021031582728,0.0002473287459,0.000314343255013,0.000606378249358,0.000267733586952,0.000288763782009,0.000422723882366,0.000235528408666,0.000154403023771,0.0000625105967629,0.0000270671080216,0.0000117890522233,0.00000788191209722,0.00000408351161241,0.00000215558384298,0.00000141790565067,0.00000138790267101,0.00000258161799138,0.000214039726416],"median":[0.0000513546547154,0.000518294691574,0.000426300772233,0.00024674879387,0.00037317519309,0.000112451722089,0.000135264213895,0.0000727443111828,0.0000593078111706,0.0000196500968741,0.0000241899069806,0.0000295242298307,0.0000113302940008,0.00000936411652219,0.0000122944175018,0.00000857055601955,0.0000044669759518,0.00000223246161113,0.00000130804369292,9.41559505918e-7,7.46911609895e-7,5.34492698989e-7,3.55599894419e-7,2.69153218824e-7,2.12633722185e-7,5.0015250963e-7,0.0000116318578876],"min":[1.39244451482e-25,4.1735285725e-24,1.17701458882e-24,7.91604711361e-25,9.57941722886e-24,7.9664767233e-24,8.4145915271e-24,4.3555558598e-24,1.4064432263e-23,1.83498039569e-23,1.83318005733e-23,1.87549124307e-23,2.26742384651e-23,2.15492139514e-23,4.52498440735e-23,7.61203504993e-23,6.78857281214e-23,6.5439148599e-23,1.24402102576e-22,1.72725512819e-22,2.37676596332e-22,2.93248981962e-22,3.66865557368e-22,6.25511616416e-22,8.02678012235e-22,1.32206685951e-21,1.93216042304e-21],"var":[0.0000027659486932,0.000103085978481,0.0000435944639321,0.0000302816224576,0.0000361471211363,0.000011271549738,0.0000403206067858,0.00000800253019406,0.0000739436218282,0.00000114960641895,0.00000198428870135,0.00000289185550173,6.71869656799e-7,9.35162120186e-7,0.00000196527594198,5.07113782078e-7,2.48760727573e-7,3.84524874164e-8,6.63002008849e-9,2.15725637354e-9,1.62483848598e-9,2.84433004927e-10,4.71761484044e-11,1.47110622295e-11,1.53927755958e-11,5.15740262996e-11,6.9851085982e-7]},"barkbands_crest":{"dmean":3.12964844704,"dmean2":5.13942289352,"dvar":7.33435964584,"dvar2":19.739315033,"max":26.0013446808,"mean":12.1168909073,"median":11.4535837173,"min":2.91489243507,"var":21.1318454742},"barkbands_flatness_db":{"dmean":0.0360424518585,"dmean2":0.057313464582,"dvar":0.000973748683464,"dvar2":0.00247168820351,"max":0.465978741646,"mean":0.201793178916,"median":0.195600241423,"min":0.0488210953772,"var":0.00360703608021},"barkbands_kurtosis":{"dmean":12.6614294052,"dmean2":20.3761749268,"dvar":517.1484375,"dvar2":1315.90039062,"max":653.478881836,"mean":24.0392684937,"median":10.9467697144,"min":-1.90015161037,"var":1495.2421875},"barkbands_skewness":{"dmean":0.991683542728,"dmean2":1.54873001575,"dvar":1.14975619316,"dvar2":2.83178377151,"max":19.3533248901,"mean":3.08790516853,"median":2.55016374588,"min":-2.22036623955,"var":5.58638715744},"barkbands_spread":{"dmean":4.70062541962,"dmean2":7.37715864182,"dvar":63.2447509766,"dvar2":143.465530396,"max":133.255828857,"mean":12.8583555222,"median":9.12489700317,"min":0.346706330776,"var":184.379135132},"dissonance":{"dmean":0.0321918949485,"dmean2":0.0534961894155,"dvar":0.000975665985607,"dvar2":0.00260700914077,"max":0.500000119209,"mean":0.438424944878,"median":0.449921488762,"min":0.112537056208,"var":0.00230167177506},"dynamic_complexity":8.50150585175,"erbbands":{"dmean":[0.0771495401859,0.650463759899,1.93817591667,3.62784290314,5.12733983994,6.31352901459,5.05367469788,5.91123056412,11.0420227051,18.3077754974,14.7182302475,30.8473815918,7.84719991684,6.70387935638,8.26016616821,16.6348171234,8.27172660828,6.99697208405,12.3915948868,9.44294166565,6.67274665833,4.93351316452,2.33258247375,1.23343098164,0.61558419466,0.416419893503,0.308470904827,0.212412729859,0.122212290764,0.0814362391829,0.0507571287453,0.03274352476,0.0225246343762,0.0159158129245,0.0106163118035,0.00655650533736,0.00434334017336,0.0042664357461,0.00441747577861,0.00425516162068],"dmean2":[0.126530140638,1.04846394062,3.04122376442,5.54172086716,7.90328454971,9.44601917267,7.76039075851,8.91586685181,16.2179660797,26.4052371979,22.0523700714,44.1511154175,12.0305261612,10.2965450287,12.6720380783,25.1189575195,12.5540456772,10.6547050476,18.3848514557,14.1571016312,9.9993686676,7.3270316124,3.48418903351,1.84611225128,0.93479937315,0.654684901237,0.487732440233,0.331284075975,0.196934789419,0.131434425712,0.083437807858,0.0546760708094,0.0378275737166,0.0267312116921,0.0178119968623,0.0109724281356,0.0070870667696,0.00655273580924,0.00645396858454,0.0057592606172],"dvar":[0.0984172075987,3.58164048195,22.1951789856,101.803718567,182.962020874,296.922363281,298.524200439,491.484527588,1473.26086426,2887.4934082,3184.24951172,18656.9316406,901.223083496,760.866333008,941.344970703,2526.61987305,686.718688965,488.603912354,1951.51806641,896.850402832,425.504241943,280.712554932,56.9550247192,15.7398805618,5.88815593719,4.15717220306,2.86110186577,1.21976900101,0.276236444712,0.112954169512,0.0245474018157,0.00820528715849,0.00371418893337,0.00183602957986,0.000800713838544,0.000299561070278,0.000159482849995,0.00047448600526,0.000714786583558,0.000178989852429],"dvar2":[0.25598809123,9.27572059631,53.1445350647,227.545272827,422.315185547,618.180541992,624.615600586,975.532226562,3075.99316406,5797.78955078,6615.77539062,34168.7578125,2096.54003906,1627.45849609,1997.1776123,5608.578125,1534.85131836,1041.17565918,3803.11181641,1987.4609375,950.918945312,551.727600098,121.882881165,34.7305870056,12.6273269653,9.62072944641,6.57809591293,2.64584755898,0.599624812603,0.256557047367,0.0567527487874,0.0202018730342,0.00936103519052,0.00461367564276,0.00200277590193,0.000744448043406,0.000370365043636,0.000990546657704,0.00149781245273,0.000301311811199],"max":[7.76145982742,35.2041244507,140.008300781,339.181274414,329.341888428,573.216247559,740.984802246,1013.92547607,1499.50366211,2011.20837402,2102.23510742,7149.88085938,1085.16137695,1499.64855957,1438.74401855,1467.41687012,959.456787109,1028.77355957,1848.2767334,768.853393555,483.711395264,760.871154785,297.351806641,103.917480469,118.257476807,75.97605896,73.674041748,56.4644126892,25.9267368317,16.9370670319,7.44490242004,3.39756059647,1.69732511044,1.23782813549,0.852522790432,0.543681383133,0.645282447338,1.05327749252,1.08684098721,0.671181440353],"mean":[0.0825153142214,0.926809191704,3.12349152565,5.20750904083,7.36188411713,9.54659843445,7.38341474533,9.42444992065,18.3322887421,31.4352912903,25.722650528,56.0045661926,13.3252067566,10.714966774,14.3082733154,27.2457046509,14.0966978073,12.5068645477,22.1363754272,17.1362171173,11.8723096848,8.72742462158,4.09255599976,2.08558440208,0.974032819271,0.579311192036,0.377834200859,0.272237122059,0.154078722,0.096283391118,0.0569510310888,0.0342528559268,0.0217779353261,0.0151427593082,0.0101597495377,0.00650928728282,0.00508083123714,0.00610818574205,0.0075790504925,0.0107884863392],"median":[0.0101832747459,0.137599393725,0.554575145245,0.90429008007,1.39024043083,1.02251195908,0.957770824432,1.07903981209,1.34935438633,2.62119436264,1.58144724369,1.44024693966,0.829163730145,0.90212315321,1.18749809265,1.30151045322,0.652966976166,0.498158127069,0.666625201702,0.608682990074,0.456151783466,0.260759294033,0.141458913684,0.0912146568298,0.0559559129179,0.0448425114155,0.0346145741642,0.0276505220681,0.0202095005661,0.0139167727903,0.00986991915852,0.00683780713007,0.00374939176254,0.00236298586242,0.00158144976012,0.00116820342373,0.00103936949745,0.000769859063439,0.000762098643463,0.00205428549089],"min":[1.39310109559e-22,7.86855608178e-22,1.55586877302e-21,3.31469769923e-21,1.22276641191e-20,2.49649231944e-20,4.8190072303e-20,6.58093780108e-20,8.01014369462e-20,1.04920409614e-19,1.67892280243e-19,3.84884760877e-19,4.46722043435e-19,6.86102115649e-19,1.29250165697e-18,1.24902669833e-18,1.28133502889e-18,1.45520229319e-18,2.7347869045e-18,2.48121096541e-18,4.55872718622e-18,4.21524953584e-18,4.97652287873e-18,5.98646491172e-18,7.17940328445e-18,7.82785498205e-18,8.1584997524e-18,1.00232262422e-17,1.11524311759e-17,1.15197109484e-17,1.11734614158e-17,9.41303991971e-18,9.4660737775e-18,7.96332483251e-18,5.58342488057e-18,4.23759044342e-18,2.3649559002e-18,1.00688591082e-18,2.4942375091e-19,2.79136879844e-20],"var":[0.0885180011392,5.83893489838,48.9406318665,176.265838623,299.599884033,664.016662598,519.736633301,1183.44970703,4507.38476562,8604.41699219,8341.85644531,64305.9960938,2144.42089844,1466.26489258,2465.4465332,6029.40917969,1598.75256348,1269.18798828,5505.48144531,2505.36181641,1104.95349121,792.196533203,151.48324585,37.8504104614,9.9789686203,4.97892522812,3.30559802055,1.71167743206,0.373430579901,0.13709898293,0.0302781928331,0.00873148720711,0.00367644359358,0.00183574296534,0.000816511863377,0.000313931726851,0.000205479445867,0.000700396369211,0.00113124225754,0.00071035628207]},"erbbands_crest":{"dmean":3.20965147018,"dmean2":5.1439166069,"dvar":8.578083992,"dvar2":20.4307479858,"max":32.4759063721,"mean":11.1578998566,"median":9.97368812561,"min":1.65436971188,"var":28.7776832581},"erbbands_flatness_db":{"dmean":0.0294367969036,"dmean2":0.0460755378008,"dvar":0.000675812596455,"dvar2":0.00161635153927,"max":0.416719079018,"mean":0.174242049456,"median":0.1732211411,"min":0.0259000435472,"var":0.00399484857917},"erbbands_kurtosis":{"dmean":2.03066563606,"dmean2":3.22252559662,"dvar":11.7220468521,"dvar2":28.3379974365,"max":85.5547714233,"mean":2.39697027206,"median":0.756617546082,"min":-1.79017674923,"var":27.0705432892},"erbbands_skewness":{"dmean":0.494394153357,"dmean2":0.757771492004,"dvar":0.225803002715,"dvar2":0.523420155048,"max":7.68766450882,"mean":0.705443501472,"median":0.613354504108,"min":-2.77797603607,"var":1.13492643833},"erbbands_spread":{"dmean":6.93313169479,"dmean2":10.8185606003,"dvar":58.0354499817,"dvar2":140.076766968,"max":140.682693481,"mean":26.6913070679,"median":22.2145118713,"min":1.20133972168,"var":289.818023682},"gfcc":{"cov":[[23012.5273438,2652.6171875,-3094.98120117,-1474.34301758,642.096923828,-1098.69299316,-429.973022461,-374.21875,-70.5069274902,-514.93371582,-125.912849426,-614.259521484,180.868408203],[2652.6171875,1323.7265625,-211.517089844,-516.632507324,35.204044342,-122.046424866,-131.255615234,-78.8933029175,52.5320281982,-71.4633407593,38.6492767334,-122.130027771,15.3487234116],[-3094.98120117,-211.517089844,1531.94372559,614.693237305,-260.518890381,329.405914307,170.420318604,31.1694431305,-119.326248169,41.3904190063,-17.5263900757,106.539520264,-33.9102897644],[-1474.34301758,-516.632507324,614.693237305,642.166564941,43.4654426575,117.125946045,135.646713257,14.4690065384,-51.9759368896,27.041311264,-38.505771637,75.5848693848,-26.9729919434],[642.096923828,35.204044342,-260.518890381,43.4654426575,405.661376953,-21.9828701019,66.0880737305,-42.5406837463,46.7018432617,-64.572807312,11.2036714554,-29.6606521606,31.1779823303],[-1098.69299316,-122.046424866,329.405914307,117.125946045,-21.9828701019,337.054016113,51.6844940186,83.8915328979,-40.5400772095,48.6721572876,10.0356006622,47.4805603027,-7.16065502167],[-429.973022461,-131.255615234,170.420318604,135.646713257,66.0880737305,51.6844940186,252.79234314,13.4039306641,14.6044626236,-30.8721637726,-8.21900367737,22.6067848206,2.55735874176],[-374.21875,-78.8933029175,31.1694431305,14.4690065384,-42.5406837463,83.8915328979,13.4039306641,166.621490479,60.8258628845,65.7814178467,11.502702713,-4.61409139633,-2.15468788147],[-70.5069274902,52.5320281982,-119.326248169,-51.9759368896,46.7018432617,-40.5400772095,14.6044626236,60.8258628845,163.851745605,69.5504837036,16.7242507935,-11.5431280136,-14.6263847351],[-514.93371582,-71.4633407593,41.3904190063,27.041311264,-64.572807312,48.6721572876,-30.8721637726,65.7814178467,69.5504837036,126.906211853,45.0809020996,20.4690933228,-22.3073043823],[-125.912849426,38.6492767334,-17.5263900757,-38.505771637,11.2036714554,10.0356006622,-8.21900367737,11.502702713,16.7242507935,45.0809020996,82.9605712891,33.0406188965,3.06538724899],[-614.259521484,-122.130027771,106.539520264,75.5848693848,-29.6606521606,47.4805603027,22.6067848206,-4.61409139633,-11.5431280136,20.4690933228,33.0406188965,91.0390625,17.6198139191],[180.868408203,15.3487234116,-33.9102897644,-26.9729919434,31.1779823303,-7.16065502167,2.55735874176,-2.15468788147,-14.6263847351,-22.3073043823,3.06538724899,17.6198139191,72.8590393066]],"icov":[[0.000103759266494,-0.00023921506363,0.000295514881145,-0.000291612639558,0.000142197925015,0.0000209115696634,-0.0000663148530293,0.0000287095881504,0.000171231818967,0.0001096386477,-0.0000825187235023,0.00040613359306,-0.00026002060622],[-0.00023921506363,0.0022064843215,-0.00145793019328,0.0021525581833,-0.000619076890871,-0.0000583647997701,0.000807013944723,0.000666239648126,-0.00158559612464,0.00108174839988,-0.00124842242803,0.000867513532285,0.000353532028385],[0.000295514881145,-0.00145793019328,0.00356766139157,-0.00445281062275,0.00366538530216,-0.00250220904127,-0.000701929093339,0.00150495232083,-0.00131654704455,0.00302643375471,-0.00315782893449,0.00301349326037,-0.002093330957],[-0.000291612639558,0.0021525581833,-0.00445281062275,0.00904483906925,-0.00643803598359,0.00393527885899,-0.000594655168243,-0.00263763940893,0.0050143385306,-0.00778133887798,0.00837089028209,-0.00705930870026,0.00461028609425],[0.000142197925015,-0.000619076890871,0.00366538530216,-0.00643803598359,0.00949719455093,-0.00513791199774,-0.0000538308231626,0.00456132460386,-0.00810761004686,0.0106352204457,-0.0103740757331,0.00858291890472,-0.00534285092726],[0.0000209115696634,-0.0000583647997701,-0.00250220904127,0.00393527885899,-0.00513791199774,0.00817053485662,-0.00112520903349,-0.00534481275827,0.0076485350728,-0.00828495714813,0.00716854492202,-0.00663741771132,0.00343811139464],[-0.0000663148530293,0.000807013944723,-0.000701929093339,-0.000594655168243,-0.0000538308231626,-0.00112520903349,0.00608701445162,-0.0000958793243626,-0.00377952400595,0.00537961255759,-0.00236804410815,0.000155714325956,0.0000940502432059],[0.0000287095881504,0.000666239648126,0.00150495232083,-0.00263763940893,0.00456132460386,-0.00534481275827,-0.0000958793243626,0.0125586176291,-0.00752882380038,0.00235135713592,-0.00565227400512,0.00800114311278,-0.00507870642468],[0.000171231818967,-0.00158559612464,-0.00131654704455,0.0050143385306,-0.00810761004686,0.0076485350728,-0.00377952400595,-0.00752882380038,0.0212033148855,-0.0188763700426,0.0130580645055,-0.00849338062108,0.00526544358581],[0.0001096386477,0.00108174839988,0.00302643375471,-0.00778133887798,0.0106352204457,-0.00828495714813,0.00537961255759,0.00235135713592,-0.0188763700426,0.0346105210483,-0.0224719624966,0.0100736003369,-0.00214014993981],[-0.0000825187235023,-0.00124842242803,-0.00315782893449,0.00837089028209,-0.0103740757331,0.00716854492202,-0.00236804410815,-0.00565227400512,0.0130580645055,-0.0224719624966,0.0337391383946,-0.0190158002079,0.00607718387619],[0.00040613359306,0.000867513532285,0.00301349326037,-0.00705930870026,0.00858291890472,-0.00663741771132,0.000155714325956,0.00800114311278,-0.00849338062108,0.0100736003369,-0.0190158002079,0.0296293571591,-0.0114819575101],[-0.00026002060622,0.000353532028385,-0.002093330957,0.00461028609425,-0.00534285092726,0.00343811139464,0.0000940502432059,-0.00507870642468,0.00526544358581,-0.00214014993981,0.00607718387619,-0.0114819575101,0.0204221792519]],"mean":[-141.041061401,113.626945496,-65.4581451416,-11.9594421387,-16.2193813324,-10.3024730682,-12.0613708496,-12.1146392822,-0.828500449657,-9.87768363953,-8.28160667419,-8.29085063934,-9.82120418549]},"hfc":{"dmean":69.5524368286,"dmean2":97.0090026855,"dvar":24219.25,"dvar2":44598.1796875,"max":3488.76416016,"mean":168.430465698,"median":43.1741600037,"min":1.07318981773e-16,"var":92212.5},"melbands":{"dmean":[0.000714124063961,0.000952325935941,0.000639326870441,0.000422259938205,0.000184038246516,0.000129480788019,0.000190412945813,0.00017478269001,0.000134134286782,0.000190823513549,0.0000351652379322,0.0000272513352684,0.0000292473996524,0.0000436093177996,0.0000287790335278,0.0000156614041771,0.0000141953814818,0.0000210458256333,0.0000171693372977,0.0000116431456263,0.00000767888832343,0.00000605364675721,0.00000325297696691,0.0000016186669427,0.00000102996716578,5.57671910428e-7,3.356551872e-7,2.80407675746e-7,2.03911540098e-7,1.71650128777e-7,1.1129635169e-7,7.37717442689e-8,5.77391148227e-8,4.13405700783e-8,3.03015532666e-8,2.40903546e-8,1.85474853254e-8,1.59285526991e-8,1.43353053872e-8,1.30989219471e-8],"dmean2":[0.00115072680637,0.00149071100168,0.00097156240372,0.000634385156445,0.000280014704913,0.000196149165276,0.000278872495983,0.000253056437941,0.00020018054056,0.000274701800663,0.0000553439640498,0.0000421678960265,0.0000459064503957,0.0000651892551105,0.0000438847418991,0.000024507235139,0.0000217866854655,0.0000316121149808,0.0000256466482824,0.0000176119756361,0.0000115879092846,0.00000912602354219,0.00000497685732626,0.00000246718309427,0.00000156800058448,8.51693584991e-7,5.3190098015e-7,4.48199301673e-7,3.2418728324e-7,2.73643735227e-7,1.75439254235e-7,1.19203114934e-7,9.42421252148e-8,6.7294557482e-8,4.98803451876e-8,4.00492723429e-8,3.10879002541e-8,2.6746770132e-8,2.40863879952e-8,2.19988223193e-8],"dvar":[0.00000629237911198,0.00000526314624949,0.00000278209540738,0.00000112468865154,2.9118498901e-7,2.02618721801e-7,4.29735422358e-7,2.47857997238e-7,2.78583684121e-7,7.47871695239e-7,2.00344842938e-8,1.40393785486e-8,1.70501248675e-8,1.82195680765e-8,7.30677252037e-9,2.81625189835e-9,2.35572183982e-9,5.93683502359e-9,3.75906061834e-9,1.55313817363e-9,5.58875612455e-10,4.72591243916e-10,1.13102326116e-10,3.25893305397e-11,1.12801070568e-11,4.13853239872e-12,2.90515072936e-12,1.86754799993e-12,1.07022984225e-12,1.33239263806e-12,2.55030805502e-13,1.04571828085e-13,8.3491990177e-14,2.54749986975e-14,8.83812896593e-15,5.25784902338e-15,2.52319023592e-15,1.86563135918e-15,1.50143006175e-15,1.24037281334e-15],"dvar2":[0.0000161509542522,0.0000128974797917,0.00000618613148617,0.00000242000510298,6.14832686097e-7,4.07855139883e-7,9.0439931455e-7,4.99894724726e-7,5.69023256958e-7,0.0000013788007891,4.97236953834e-8,3.01120657298e-8,3.53550291265e-8,3.88345426927e-8,1.6702536243e-8,6.43532382938e-9,4.93013141423e-9,1.19001439813e-8,8.29077695386e-9,3.41436234841e-9,1.26593135974e-9,9.21848986035e-10,2.52338983042e-10,7.75293509947e-11,2.52038528936e-11,8.99419861505e-12,6.72996424214e-12,4.43285642568e-12,2.48260505036e-12,3.13309079202e-12,5.433471598e-13,2.27518145383e-13,2.05521905917e-13,5.77700864576e-14,2.02013630975e-14,1.26824167962e-14,6.29901895753e-15,4.70414527983e-15,3.77932844999e-15,3.11539649736e-15],"max":[0.0555956177413,0.0510817877948,0.0509303957224,0.0294367726892,0.0197237096727,0.0195782352239,0.0260264594108,0.0186218321323,0.0202009920031,0.0443793311715,0.00570863299072,0.00658639660105,0.00706677697599,0.00391753902659,0.00287737301551,0.00180909968913,0.00228711497039,0.00269601447508,0.00191209837794,0.00136430899147,0.000660098798107,0.00110645825043,0.000405061990023,0.000242060603341,0.0000767638994148,0.0000749749451643,0.000095471048553,0.0000588737457292,0.0000423056735599,0.0000606330395385,0.0000223443876166,0.0000141193249874,0.0000184067193914,0.00000765715140005,0.00000428852354162,0.0000038274479266,0.00000132772868255,0.00000119529556741,0.00000109876896204,0.00000102354761111],"mean":[0.000899244041648,0.00155713222921,0.000957788608503,0.000648283341434,0.000279959727777,0.000204199241125,0.000321795901982,0.000299668114167,0.000228526027058,0.000342183280736,0.0000522051050211,0.0000412862282246,0.0000461935960629,0.0000693680121913,0.0000480435410282,0.0000246631443588,0.0000233960690821,0.0000358485012839,0.0000293421562674,0.0000188820904441,0.000012632380276,0.00000986548093351,0.0000052669897741,0.00000258528461927,0.00000161496143392,8.43964016894e-7,4.62019329461e-7,3.6742511611e-7,2.44047072329e-7,1.97247132405e-7,1.43133846109e-7,9.0635957406e-8,6.67113937425e-8,4.75156944901e-8,3.37077388224e-8,2.5979854712e-8,1.87135231755e-8,1.53185020224e-8,1.36625502023e-8,1.24157075732e-8],"median":[0.000124215264805,0.00028692217893,0.000187691024621,0.0000946236687014,0.0000361459351552,0.0000220273377636,0.0000223732604354,0.0000262565063167,0.0000107077039502,0.00000828474549053,0.00000345973421645,0.00000317057424581,0.0000036240260215,0.00000352817960447,0.00000224667155635,0.00000101641467154,8.12374139514e-7,9.7988743164e-7,9.03266425212e-7,6.4533423938e-7,4.60161089677e-7,2.74312753845e-7,1.55995408591e-7,9.64191713138e-8,6.92067061436e-8,4.19269561291e-8,3.24726308065e-8,2.81473617747e-8,2.17564792848e-8,1.73560881223e-8,1.49073038358e-8,1.15721832117e-8,8.83119799511e-9,6.96943303069e-9,5.68808911083e-9,4.88848694857e-9,3.62849106317e-9,2.59474841613e-9,2.18164042387e-9,1.89706850229e-9],"min":[1.66894055793e-24,1.56719525052e-24,1.07927225748e-24,2.30542351297e-24,1.69352639411e-24,1.61242636546e-24,1.37242588745e-24,1.08697035662e-24,1.71178951015e-24,2.23085466097e-24,2.35959833842e-24,2.67519496255e-24,3.11243610762e-24,2.72589820837e-24,2.58089078285e-24,2.84958666793e-24,1.49658490254e-24,3.24590683684e-24,2.51184001288e-24,2.62922626266e-24,4.8886700317e-24,3.86629328233e-24,2.60280809981e-24,3.29633457299e-24,3.8326002442e-24,4.25393440356e-24,5.24570256094e-24,4.70478813241e-24,3.94507208777e-24,5.07020743637e-24,4.7733961542e-24,5.98419154192e-24,5.55610433879e-24,5.8492040304e-24,4.5818398216e-24,5.33926461975e-24,5.34042030097e-24,6.04032648951e-24,6.7833100055e-24,6.38813329047e-24],"var":[0.0000070891633186,0.0000115322409329,0.00000492973094879,0.00000242764940594,5.42855445929e-7,4.86748490403e-7,0.00000132199716063,7.32424837224e-7,7.59266981731e-7,0.00000256062435255,3.41104069435e-8,2.51819933794e-8,4.30431050802e-8,4.26739461545e-8,1.70352016937e-8,5.67137847796e-9,5.63521851404e-9,1.52366546047e-8,9.68941549218e-9,3.44456196899e-9,1.35172473215e-9,1.21229282168e-9,2.66990513031e-10,6.75193928545e-11,2.47838086859e-11,7.19419836204e-12,3.54919457539e-12,2.1338833478e-12,1.22367805992e-12,1.45492905917e-12,3.95205325713e-13,1.377518298e-13,8.47338692267e-14,3.17422649309e-14,1.10258863197e-14,6.07907414728e-15,2.5590150709e-15,1.84180284007e-15,1.48898471254e-15,1.24270130692e-15]},"melbands_crest":{"dmean":3.93561863899,"dmean2":6.35652637482,"dvar":11.9602050781,"dvar2":30.9426574707,"max":38.7750244141,"mean":17.4502830505,"median":17.01720047,"min":1.5684183836,"var":40.0822067261},"melbands_flatness_db":{"dmean":0.04263420403,"dmean2":0.0671398341656,"dvar":0.00135944457725,"dvar2":0.00336784962565,"max":0.622771143913,"mean":0.321782529354,"median":0.318894118071,"min":0.00345794647001,"var":0.00653976714239},"melbands_kurtosis":{"dmean":14.9122619629,"dmean2":23.84034729,"dvar":899.44934082,"dvar2":2131.0859375,"max":1502.85095215,"mean":27.6388549805,"median":9.96776199341,"min":-1.79493832588,"var":2220.921875},"melbands_skewness":{"dmean":1.01801562309,"dmean2":1.57891619205,"dvar":1.26191842556,"dvar2":3.05703902245,"max":33.0239372253,"mean":3.14162731171,"median":2.53797340393,"min":-2.30195593834,"var":6.24798870087},"melbands_spread":{"dmean":3.89813899994,"dmean2":6.06449222565,"dvar":50.5584182739,"dvar2":118.81716156,"max":220.861175537,"mean":11.2795238495,"median":7.08871555328,"min":0.261739432812,"var":245.051681519},"mfcc":{"cov":[[15925.7802734,2757.578125,-3472.84960938,-246.226852417,-129.280883789,-478.210449219,-577.721496582,-244.264221191,-193.168395996,-159.488357544,-135.806549072,-178.893585205,-302.455566406],[2757.578125,1757.98242188,-417.383300781,-331.464233398,15.3307256699,-132.202133179,-170.547790527,-98.6926574707,-61.7674865723,-49.6665306091,-14.8432722092,22.5383243561,-5.18032026291],[-3472.84960938,-417.383300781,1791.68994141,253.81892395,-45.9775619507,215.018814087,241.004898071,104.920463562,28.2767715454,4.139336586,-13.398566246,5.81379699707,73.1651000977],[-246.226852417,-331.464233398,253.81892395,510.64553833,41.803855896,109.380210876,73.7454833984,67.5101013184,26.0049629211,-0.226105332375,-29.0909461975,-46.0663375854,-16.0806121826],[-129.280883789,15.3307256699,-45.9775619507,41.803855896,239.002609253,71.2986526489,20.0747337341,10.4417142868,17.720035553,10.2051143646,9.95354557037,17.7424087524,21.6562042236],[-478.210449219,-132.202133179,215.018814087,109.380210876,71.2986526489,205.268493652,125.037147522,69.6384811401,23.1054382324,-11.54322052,-24.5234050751,-6.91218662262,13.1234455109],[-577.721496582,-170.547790527,241.004898071,73.7454833984,20.0747337341,125.037147522,205.927749634,106.326393127,25.2007637024,-8.14462566376,-16.963300705,-12.8758335114,-0.884547293186],[-244.264221191,-98.6926574707,104.920463562,67.5101013184,10.4417142868,69.6384811401,106.326393127,125.890350342,59.1538734436,10.1476421356,-8.84279060364,-15.4810914993,-4.07421159744],[-193.168395996,-61.7674865723,28.2767715454,26.0049629211,17.720035553,23.1054382324,25.2007637024,59.1538734436,106.188224792,65.0366287231,21.2183895111,4.63671255112,2.01152348518],[-159.488357544,-49.6665306091,4.139336586,-0.226105332375,10.2051143646,-11.54322052,-8.14462566376,10.1476421356,65.0366287231,100.201324463,62.4988708496,24.9235782623,9.56920814514],[-135.806549072,-14.8432722092,-13.398566246,-29.0909461975,9.95354557037,-24.5234050751,-16.963300705,-8.84279060364,21.2183895111,62.4988708496,97.8653793335,60.4546356201,17.1311435699],[-178.893585205,22.5383243561,5.81379699707,-46.0663375854,17.7424087524,-6.91218662262,-12.8758335114,-15.4810914993,4.63671255112,24.9235782623,60.4546356201,90.4081420898,54.0114059448],[-302.455566406,-5.18032026291,73.1651000977,-16.0806121826,21.6562042236,13.1234455109,-0.884547293186,-4.07421159744,2.01152348518,9.56920814514,17.1311435699,54.0114059448,78.0838775635]],"icov":[[0.000180455695954,-0.00024997946457,0.000321343715768,-0.00022929381521,0.000190109072719,-0.0000477536887047,0.0000418411946157,-0.00008060647815,0.000194573702174,-0.0000926958382479,0.00011860835366,0.0000178184109245,0.000253651902312],[-0.00024997946457,0.00105909863487,-0.000412185734604,0.000712632026989,-0.000452886946732,0.000115395247121,0.000452269654488,-0.000116183087812,-0.0000996337621473,0.000297014514217,0.000205007410841,-0.000406326784287,-0.0000575204503548],[0.000321343715768,-0.000412185734604,0.00136424065568,-0.000668969121762,0.000793521350715,-0.000505590927787,-0.00073502009036,0.000313164084218,0.000192671039258,-0.0000724160854588,-0.000198044654098,0.000636425160337,-0.000718652911019],[-0.00022929381521,0.000712632026989,-0.000668969121762,0.00298420712352,-0.000658234930597,-0.000903133535758,0.000841180677526,-0.00105854554567,0.000230343197472,-0.000192720093764,-0.0000787527023931,0.00100937276147,0.0000259244352492],[0.000190109072719,-0.000452886946732,0.000793521350715,-0.000658234930597,0.00545186502859,-0.00244400277734,-0.0000025862577786,0.000914668955375,-0.000841676432174,0.000330356095219,-0.00104949262459,0.000447081518359,-0.00132415082771],[-0.0000477536887047,0.000115395247121,-0.000505590927787,-0.000903133535758,-0.00244400277734,0.00997110363096,-0.00466644624248,0.00000709834966983,-0.00118143833242,0.00081668474013,0.00211064517498,-0.00113910099026,-0.000684839906171],[0.0000418411946157,0.000452269654488,-0.00073502009036,0.000841180677526,-0.0000025862577786,-0.00466644624248,0.0134063111618,-0.0103018451482,0.0047592590563,-0.00179802859202,0.00141616049223,-0.00204767961986,0.00265682209283],[-0.00008060647815,-0.000116183087812,0.000313164084218,-0.00105854554567,0.000914668955375,0.00000709834966983,-0.0103018451482,0.0231673512608,-0.0149066643789,0.00830241758376,-0.00503949215636,0.0054380777292,-0.00328352162614],[0.000194573702174,-0.0000996337621473,0.000192671039258,0.000230343197472,-0.000841676432174,-0.00118143833242,0.0047592590563,-0.0149066643789,0.0287267360836,-0.0220099259168,0.0106556601822,-0.00644401321188,0.00439898204058],[-0.0000926958382479,0.000297014514217,-0.0000724160854588,-0.000192720093764,0.000330356095219,0.00081668474013,-0.00179802859202,0.00830241758376,-0.0220099259168,0.0360982641578,-0.0243991781026,0.0127599751577,-0.00745726004243],[0.00011860835366,0.000205007410841,-0.000198044654098,-0.0000787527023931,-0.00104949262459,0.00211064517498,0.00141616049223,-0.00503949215636,0.0106556601822,-0.0243991781026,0.0393923819065,-0.0288984291255,0.0143943177536],[0.0000178184109245,-0.000406326784287,0.000636425160337,0.00100937276147,0.000447081518359,-0.00113910099026,-0.00204767961986,0.0054380777292,-0.00644401321188,0.0127599751577,-0.0288984291255,0.0431705191731,-0.0249374751002],[0.000253651902312,-0.0000575204503548,-0.000718652911019,0.0000259244352492,-0.00132415082771,-0.000684839906171,0.00265682209283,-0.00328352162614,0.00439898204058,-0.00745726004243,0.0143943177536,-0.0249374751002,0.0296973194927]],"mean":[-808.887145996,178.475952148,9.19792556763,16.3348731995,12.4006719589,9.35054779053,-1.66114234924,3.86198472977,3.87081480026,1.8778399229,1.53874182701,3.6137983799,2.39557909966]},"pitch_salience":{"dmean":0.0860406532884,"dmean2":0.139698714018,"dvar":0.00573947653174,"dvar2":0.0149381263182,"max":0.942168653011,"mean":0.508666872978,"median":0.522111773491,"min":0.0581961758435,"var":0.0188340470195},"silence_rate_20dB":{"dmean":0.00015590894327,"dmean2":0.000311842217343,"dvar":0.00015587566304,"dvar2":0.000467630161438,"max":1,"mean":0.999922037125,"median":1,"min":0,"var":0.000077940079791},"silence_rate_30dB":{"dmean":0.03242906183,"dmean2":0.0648631826043,"dvar":0.0313738696277,"dvar2":0.0717279687524,"max":1,"mean":0.950346887112,"median":1,"min":0,"var":0.0471872165799},"silence_rate_60dB":{"dmean":0.0520735904574,"dmean2":0.104155294597,"dvar":0.0493560358882,"dvar2":0.100954815745,"max":1,"mean":0.332605808973,"median":0,"min":0,"var":0.221961304545},"spectral_centroid":{"dmean":149.616195679,"dmean2":226.998336792,"dvar":61348.7265625,"dvar2":125703.414062,"max":11765.8203125,"mean":715.499328613,"median":502.992584229,"min":111.426712036,"var":1003454.5625},"spectral_complexity":{"dmean":1.97879636288,"dmean2":2.94550561905,"dvar":7.28651809692,"dvar2":13.8255147934,"max":52,"mean":8.43635559082,"median":5,"min":0,"var":69.7105636597},"spectral_contrast_coeffs":{"dmean":[0.0546056106687,0.0475952513516,0.038781221956,0.0313828997314,0.0301262680441,0.0248954296112],"dmean2":[0.0865065604448,0.0765557289124,0.0627948343754,0.050294958055,0.0482061207294,0.0403607860208],"dvar":[0.00205059163272,0.00158531405032,0.00105329381768,0.000718685332686,0.000795894651674,0.000863313383888],"dvar2":[0.00486925104633,0.00396524788812,0.00258867722005,0.00177356624044,0.00191915675532,0.00209874613211],"max":[-0.28577119112,-0.395402103662,-0.37455958128,-0.524499058723,-0.585175275803,-0.47431987524],"mean":[-0.668286502361,-0.773192703724,-0.808126747608,-0.83176702261,-0.84539693594,-0.827160775661],"median":[-0.673358500004,-0.785392701626,-0.820542097092,-0.840410470963,-0.863764584064,-0.842050671577],"min":[-0.979540288448,-0.984677016735,-0.975942850113,-0.984810292721,-0.971221446991,-0.964785754681],"var":[0.0116793261841,0.00783600658178,0.00644405093044,0.00467922631651,0.00555382436141,0.00254996283911]},"spectral_contrast_valleys":{"dmean":[0.462854832411,0.439090460539,0.427868962288,0.42540627718,0.501718938351,0.635881364346],"dmean2":[0.728226184845,0.675458669662,0.64977902174,0.638952970505,0.779092311859,1.00768721104],"dvar":[0.16017767787,0.153524369001,0.15712364018,0.185433730483,0.250455439091,0.305827647448],"dvar2":[0.349419772625,0.326688170433,0.31919747591,0.383236944675,0.577483534813,0.777822911739],"max":[-4.94862508774,-4.56538009644,-4.91592741013,-5.23258543015,-5.84191608429,-8.69477367401],"mean":[-7.99900865555,-7.58646965027,-8.34890460968,-8.86898136139,-9.43048667908,-12.0571155548],"median":[-7.77169132233,-7.30671310425,-8.09518623352,-8.67301082611,-9.23581123352,-11.9819459915],"min":[-28.2471408844,-28.0656604767,-27.9536533356,-27.7249088287,-27.4930400848,-27.4327907562],"var":[4.12928009033,4.69635057449,4.55173015594,4.66777610779,3.87758111954,2.87580966949]},"spectral_decrease":{"dmean":1.77263392853e-9,"dmean2":2.62578647714e-9,"dvar":1.2740320167e-17,"dvar2":2.82490980389e-17,"max":2.09879633672e-8,"mean":-3.20481463589e-9,"median":-4.68916849794e-10,"min":-7.71738584149e-8,"var":3.8182114445e-17},"spectral_energy":{"dmean":0.0103706084192,"dmean2":0.0144378347322,"dvar":0.000339080725098,"dvar2":0.000661548809148,"max":0.353555619717,"mean":0.0273728016764,"median":0.0113767255098,"min":9.93841673229e-21,"var":0.00144515756983},"spectral_energyband_high":{"dmean":0.0000824390954222,"dmean2":0.00011711382831,"dvar":1.49453882159e-7,"dvar2":2.55543227468e-7,"max":0.0218247547746,"mean":0.000149520754348,"median":0.0000119781652757,"min":7.14464167837e-21,"var":4.08210979685e-7},"spectral_energyband_low":{"dmean":0.00473398156464,"dmean2":0.00723550328985,"dvar":0.000131113905809,"dvar2":0.00031411901,"max":0.18669629097,"mean":0.00784277915955,"median":0.00166274490766,"min":2.01355499657e-23,"var":0.000255898747128},"spectral_energyband_middle_high":{"dmean":0.00104045378976,"dmean2":0.00143242848571,"dvar":0.00000658336057313,"dvar2":0.0000121690272863,"max":0.0769283249974,"mean":0.00260764546692,"median":0.000199347297894,"min":1.23104993104e-21,"var":0.0000311570511258},"spectral_energyband_middle_low":{"dmean":0.00462769018486,"dmean2":0.00658228388056,"dvar":0.000084828810941,"dvar2":0.000164981509442,"max":0.300245940685,"mean":0.0105234906077,"median":0.00268993037753,"min":1.60154250677e-22,"var":0.000338887271937},"spectral_entropy":{"dmean":0.306353837252,"dmean2":0.480774223804,"dvar":0.084079451859,"dvar2":0.207914963365,"max":9.8232831955,"mean":6.9685549736,"median":6.9715423584,"min":4.7616815567,"var":0.386255353689},"spectral_flux":{"dmean":0.0232874248177,"dmean2":0.0365314632654,"dvar":0.000990450149402,"dvar2":0.00230609579012,"max":0.375981807709,"mean":0.0700483620167,"median":0.0535158701241,"min":6.41525582656e-11,"var":0.00381038710475},"spectral_kurtosis":{"dmean":8.93253326416,"dmean2":14.5491123199,"dvar":123.018745422,"dvar2":330.159698486,"max":129.823394775,"mean":24.4917259216,"median":21.0126171112,"min":-1.25965750217,"var":253.972564697},"spectral_rms":{"dmean":0.000848161871545,"dmean2":0.00112250563689,"dvar":0.00000130096111661,"dvar2":0.00000219442290472,"max":0.0185723528266,"mean":0.0040095099248,"median":0.00333155272529,"min":3.11384273401e-12,"var":0.0000106289880932},"spectral_rolloff":{"dmean":2982.38037109,"dmean2":5822.51171875,"dvar":48774564,"dvar2":119661448,"max":22050,"mean":13311.7216797,"median":21597.8027344,"min":21.533203125,"var":103857944},"spectral_skewness":{"dmean":0.630747914314,"dmean2":1.0173317194,"dvar":0.473888754845,"dvar2":1.2568898201,"max":9.56007766724,"mean":3.55362963676,"median":3.44857954979,"min":-0.0677561834455,"var":1.32299864292},"spectral_spread":{"dmean":699388.5,"dmean2":1123186.875,"dvar":578981003264,"dvar2":1394442895360,"max":42463656,"mean":4154711.25,"median":3711553.5,"min":928128.625,"var":12308671627300},"spectral_strongpeak":{"dmean":10.8493289948,"dmean2":18.9678649902,"dvar":781.065979004,"dvar2":2014.78051758,"max":326.106872559,"mean":12.6544876099,"median":0.437804162502,"min":0,"var":1084.83789062},"zerocrossingrate":{"dmean":0.0517705641687,"dmean2":0.0646040961146,"dvar":0.00230890838429,"dvar2":0.00361108407378,"max":0.9326171875,"mean":0.300079852343,"median":0.2685546875,"min":0.0107421875,"var":0.0286827627569}},"metadata":{"audio_properties":{"analysis_sample_rate":44100,"bit_rate":320000,"codec":"mp3","downmix":"mix","equal_loudness":0,"length":297.849243164,"lossless":false,"md5_encoded":"55e9c8319d02258e0e0164751f56ec28","replay_gain":-2.87799072266,"sample_rate":44100},"tags":{"album":["Hooker 'n Heat"],"albumartist":["Canned Heat & John Lee Hooker"],"albumartistsort":["Canned Heat & Hooker, John Lee","Canned Heat & Hooker, John Lee"],"artist":["Canned Heat & John Lee Hooker"],"artistsort":["Canned Heat & Hooker, John Lee"],"catalognumber":["LST-35002"],"date":["1971"],"discnumber":["1/2"],"file_name":"07. Canned Heat & John Lee Hooker - Drifter.mp3","genre":["Blues"],"label":["Liberty Records"],"language":["eng"],"musicbrainz album release country":["US"],"musicbrainz album status":["official"],"musicbrainz album type":["album"],"musicbrainz_albumartistid":["815a0279-558c-4522-ac3b-6a1e259e95b5/b0122194-c49a-46a1-ade7-84d1d76bd8e9"],"musicbrainz_albumid":["fbc91a4b-b909-4ef1-8940-bdcc1f3a63e6"],"musicbrainz_artistid":["815a0279-558c-4522-ac3b-6a1e259e95b5/b0122194-c49a-46a1-ade7-84d1d76bd8e9"],"musicbrainz_recordingid":["5808ce2e-ce74-448a-b1f1-ab67aab2ed39"],"script":["Latn"],"title":["Drifter"],"tracknumber":["7/10"]},"version":{"essentia":"2.1-beta1","essentia_build_sha":"ca57ba49d9b1854bd80e60cf9ccf267278fb7d6b","essentia_git_sha":"v2.1_beta1-28-g21ef5f4-dirty","extractor":"music 1.0"}},"rhythm":{"beats_count":556,"beats_loudness":{"dmean":0.0461939908564,"dmean2":0.0827185064554,"dvar":0.00196789833717,"dvar2":0.00565358856693,"max":0.318891972303,"mean":0.045189589262,"median":0.0326052978635,"min":0,"var":0.00217367708683},"beats_loudness_band_ratio":{"dmean":[0.230755209923,0.106030009687,0.133173406124,0.0510570555925,0.0398584455252,0.148995637894],"dmean2":[0.392490506172,0.1887993