{"lowlevel":{"average_loudness":0.461894720793,"barkbands":{"dmean":[0.00131461489946,0.00205127499066,0.001573121408,0.00241399509832,0.00180717557669,0.0024950185325,0.00105701782741,0.00038782984484,0.000428727595136,0.000423602003139,0.00018161816115,0.0000964074934018,0.0000889754664968,0.0000965370054473,0.0000770771002863,0.000051870385505,0.000020048544684,0.0000262783232756,0.0000258017480519,0.0000220570163947,0.0000300992851407,0.0000079322117017,0.00000239481119024,0.00000166103279753,0.00000169071722667,0.00000231015837926,0.0000672543610563],"dmean2":[0.00203927210532,0.00350725278258,0.00257233437151,0.00417486950755,0.00287083163857,0.00390620180406,0.00157903030049,0.00063057045918,0.000687217223458,0.000674603274092,0.000302228610963,0.000161184972967,0.000148544146214,0.000160231051268,0.000124201760627,0.0000786497694207,0.0000310880859615,0.0000418109775637,0.0000398838274123,0.000033548745705,0.0000439219402324,0.000011124347111,0.00000368568112208,0.000002780058594,0.00000280943345388,0.00000368647033611,0.000101687131973],"dvar":[0.000011423306205,0.0000123908330352,0.00000840341635922,0.0000233971604757,0.0000169437516888,0.0000538749663974,0.00000880502102518,0.00000135324683015,0.0000013633788285,0.00000166112840816,2.40720112288e-7,3.89191967543e-8,2.47632865324e-8,3.25616511532e-8,4.12209750777e-8,2.41282602786e-8,6.19716900019e-9,8.7038092289e-9,9.71116520532e-9,1.43340290748e-8,2.84013648155e-8,2.52868614936e-9,6.69449287671e-11,1.09632303236e-11,1.05449598706e-11,2.44247278652e-11,1.91934521609e-8],"dvar2":[0.0000260522883764,0.0000364662046195,0.0000220817419176,0.0000766215162002,0.000039403232222,0.000127085557324,0.0000181667037396,0.00000340103588314,0.00000329184558723,0.00000405343598686,6.68880886678e-7,1.04635972775e-7,6.46530082804e-8,8.38475173737e-8,1.0255908478e-7,4.88605138571e-8,1.29952946182e-8,2.14578612656e-8,2.07164010391e-8,3.07303054115e-8,5.28103534236e-8,4.01703603714e-9,1.21378518347e-10,2.78042588953e-11,2.65943326389e-11,4.70534132491e-11,3.91208310191e-8],"max":[0.10678230226,0.0774725228548,0.0684876739979,0.0896435678005,0.0985743626952,0.322598904371,0.0981193333864,0.0308656319976,0.0370533503592,0.0369522310793,0.0201991852373,0.00445096706972,0.00382673088461,0.0048814653419,0.00739924004301,0.00580959301442,0.00433239620179,0.00390090397559,0.00596809480339,0.00698528438807,0.0123307090253,0.00339700258337,0.000842173583806,0.0000537214364158,0.0000512571750733,0.000464643439045,0.00630809832364],"mean":[0.00306002423167,0.00386263499968,0.00250117247924,0.00370023329742,0.00319458520971,0.00442304695025,0.00253637367859,0.000579724204727,0.000746169884223,0.000692177156452,0.000288916955469,0.000158051305334,0.000150162086356,0.000176896341145,0.00015285970585,0.0000918713776628,0.0000381962345273,0.0000557623716304,0.000055464617617,0.0000447091842943,0.0000644747633487,0.0000150606956595,0.00000335513141181,0.00000170605255789,0.00000181754182904,0.00000309788993036,0.000193971049157],"median":[0.000338660087436,0.00215105386451,0.001164631336,0.00121401809156,0.00125244166702,0.00100294267759,0.00039414409548,0.000155268557137,0.000203119096113,0.000145832818816,0.000101354598883,0.0000673867907608,0.0000752436026232,0.0000765078875702,0.0000404665115639,0.000019150234948,0.00000901362363948,0.0000136616272357,0.0000183387492143,0.0000117956515169,0.00000998964605969,0.00000279087566923,0.00000102633043753,5.66320636608e-7,6.53339725432e-7,0.00000126091299535,0.0000988241081359],"min":[2.78635680397e-25,1.85160682256e-24,9.59620990816e-25,8.66280897751e-25,1.2937628868e-23,1.82304966336e-23,1.53374754814e-23,7.38870395227e-24,6.92642041775e-24,1.2797669955e-23,1.9760981453e-23,3.72159457752e-23,3.78815329645e-23,4.4183341995e-23,4.98045975671e-23,6.49340062515e-23,8.25617468892e-23,8.58234090533e-23,1.27788032421e-22,1.4156904116e-22,3.02894011907e-22,2.21058212689e-22,3.84956119543e-22,6.69056082052e-22,8.50522009618e-22,1.31976484979e-21,2.00195863398e-21],"var":[0.0000480779235659,0.0000296520829579,0.0000166095069289,0.0000432412634837,0.0000403268277296,0.000133508583531,0.0000610837159911,0.00000232065690398,0.00000345923854184,0.00000368646055904,4.09457669548e-7,7.42924441965e-8,5.0565667209e-8,9.56395709295e-8,1.54266544428e-7,7.40433065971e-8,2.40819826303e-8,3.53867122271e-8,3.20911830443e-8,4.5420247119e-8,1.05891302837e-7,1.07944417849e-8,2.4690630096e-10,1.18566892415e-11,1.19522308717e-11,8.52006451502e-11,9.17071432127e-8]},"barkbands_crest":{"dmean":2.70569300652,"dmean2":4.45988035202,"dvar":5.44759130478,"dvar2":14.6339178085,"max":26.6512470245,"mean":11.4758796692,"median":10.7357616425,"min":3.17264556885,"var":17.3042430878},"barkbands_flatness_db":{"dmean":0.0272918324918,"dmean2":0.0438566282392,"dvar":0.000519380089827,"dvar2":0.00134610407986,"max":0.438705027103,"mean":0.191425606608,"median":0.187857478857,"min":0.0563580654562,"var":0.00218576495536},"barkbands_kurtosis":{"dmean":7.9472489357,"dmean2":12.8976297379,"dvar":143.756164551,"dvar2":393.916900635,"max":266.990997314,"mean":19.5040721893,"median":13.0009555817,"min":-1.81524765491,"var":429.336181641},"barkbands_skewness":{"dmean":0.710739672184,"dmean2":1.13830327988,"dvar":0.473814725876,"dvar2":1.24995732307,"max":15.2475261688,"mean":3.06551885605,"median":2.82228732109,"min":-2.123483181,"var":2.74592852592},"barkbands_spread":{"dmean":3.65820527077,"dmean2":5.83286571503,"dvar":24.5127296448,"dvar2":54.1784744263,"max":105.578468323,"mean":12.605796814,"median":10.142080307,"min":0.74568104744,"var":104.377845764},"dissonance":{"dmean":0.0273977220058,"dmean2":0.0463602170348,"dvar":0.000637084653135,"dvar2":0.00181516550947,"max":0.500000059605,"mean":0.44764995575,"median":0.455044090748,"min":0.143845707178,"var":0.00135065428913},"dynamic_complexity":4.22268629074,"erbbands":{"dmean":[0.0988911911845,0.358442276716,1.47696232796,4.93297672272,6.65474128723,6.60509586334,16.113325119,19.3024902344,16.1027431488,10.4750022888,9.72701263428,8.25093078613,12.9325466156,8.6117811203,5.45638656616,3.3294479847,3.63290858269,4.48365592957,4.1553902626,3.52220344543,2.27445030212,1.0409733057,1.35916805267,1.33979713917,1.09694492817,0.983619570732,1.2184189558,1.00613987446,0.326092422009,0.108306370676,0.0652310922742,0.037653747946,0.0268096327782,0.0186804048717,0.0121781229973,0.00729486299679,0.00431694928557,0.00484279030934,0.00491140130907,0.00219670962542],"dmean2":[0.171696931124,0.594973027706,2.45204401016,8.37292194366,11.3409357071,10.451666832,25.7422885895,29.751996994,23.6835918427,16.7632656097,15.5414943695,13.2552232742,20.6458358765,14.0418920517,9.03986549377,5.53536510468,5.99971389771,7.41810417175,6.80770730972,5.65791988373,3.28999638557,1.59874331951,2.13559985161,2.0813331604,1.69554305077,1.47852778435,1.80804312229,1.45431256294,0.435965001583,0.159330368042,0.101297713816,0.0626275539398,0.0448127053678,0.031119024381,0.0201941784471,0.0120209474117,0.00690659601241,0.00673191156238,0.0070785866119,0.00345435994677],"dvar":[0.0400303974748,0.334940701723,7.34346914291,81.771232605,183.47869873,361.706542969,2167.33276367,4512.26855469,2257.07177734,774.896240234,1040.15246582,440.664764404,1267.82128906,415.660186768,191.271972656,44.5165023804,44.0652732849,64.1285247803,77.7468338013,87.4586334229,56.2679786682,11.3051357269,25.242143631,22.1844177246,17.5415077209,28.5250511169,63.303855896,30.1067829132,4.14248180389,0.23847836256,0.0423766411841,0.00557345943525,0.00282222824171,0.00132361683063,0.000533815706149,0.000178499118192,0.0000665039260639,0.00052534986753,0.000382155005354,0.0000113594423965],"dvar2":[0.125082984567,0.874433338642,20.3622093201,254.565032959,550.22668457,833.303527832,5515.25390625,9903.44140625,4439.93798828,1888.12011719,2496.33740234,1071.67785645,3160.02758789,1041.83630371,511.657409668,116.459182739,112.434654236,168.993560791,202.026702881,216.478805542,100.253547668,25.1476478577,61.462020874,47.6282272339,36.6989784241,61.1083641052,137.053024292,50.4565544128,5.28843069077,0.370259314775,0.0676022991538,0.0139495637268,0.00715324888006,0.00334527064115,0.00134325656109,0.000446568388725,0.000142694247188,0.000600926578045,0.000659216544591,0.0000245667743002],"max":[4.22094869614,12.3825159073,68.2792129517,169.614501953,288.835113525,582.978881836,1592.93139648,3593.4284668,1765.8190918,935.679260254,939.53692627,1003.44030762,870.510192871,545.875366211,600.063232422,175.79536438,200.173126221,126.346992493,324.683898926,265.000915527,346.056549072,131.864547729,231.957504272,297.722106934,209.358917236,319.740539551,647.026611328,469.228088379,152.733596802,40.1264610291,21.0551395416,1.35144209862,0.858698189259,0.580671906471,0.360553741455,0.198904395103,0.519554495811,2.08678483963,1.61404252052,0.0886645466089],"mean":[0.177120432258,0.669553637505,2.50884389877,8.3281583786,10.8530902863,11.28495121,26.6531524658,34.8596305847,40.8254165649,19.1143875122,16.1717967987,15.0618162155,21.5209102631,15.1368026733,9.70992946625,6.03954315186,6.68418931961,8.61133003235,8.45075511932,6.90173387527,4.74165058136,2.05675172806,3.02265119553,2.97518754005,2.43994283676,2.05303788185,2.57957339287,2.17424201965,0.666868150234,0.182415023446,0.091077439487,0.0408695787191,0.0278786309063,0.0198179353029,0.0132814496756,0.00824669655412,0.00588896404952,0.0113325165585,0.0143319647759,0.00905284564942],"median":[0.0732779800892,0.376912474632,1.3280544281,3.61661601067,4.47142124176,3.65924453735,5.82496786118,8.28635215759,6.38265514374,5.08319807053,4.31317853928,4.78879165649,5.52682828903,5.54420852661,4.07084178925,2.89338207245,3.5506901741,4.31689453125,3.31607580185,2.05700349808,0.948934912682,0.593087911606,0.706742763519,1.05093002319,0.874460220337,0.568757653236,0.49907296896,0.312414318323,0.136985987425,0.0473449528217,0.0285427384079,0.0142463073134,0.00955882668495,0.00702170003206,0.00488988868892,0.00321516999975,0.00251441122964,0.00374757638201,0.00592474360019,0.00674446299672],"min":[5.44816939207e-23,4.34167383269e-22,1.55083026162e-21,6.36016143766e-21,8.33192293058e-21,4.69871578219e-20,9.63819346766e-20,1.58189942796e-19,2.39839751989e-19,2.47675142794e-19,2.39862266812e-19,2.97258442511e-19,3.91894263538e-19,8.3755107929e-19,1.2795466644e-18,1.45199438338e-18,1.95019285861e-18,1.68670284968e-18,3.16558566945e-18,2.93719283052e-18,4.59307007089e-18,4.440398586e-18,4.97918061004e-18,4.61313002793e-18,6.84685351715e-18,7.06478913878e-18,1.10503794222e-17,1.2963684575e-17,8.83041029217e-18,8.41777041642e-18,1.28327096239e-17,1.30179319067e-17,1.10803192244e-17,7.3926107417e-18,6.85980592477e-18,4.27703082861e-18,2.23443424416e-18,9.51953156536e-19,2.49068114945e-19,2.75287581939e-20],"var":[0.085687763989,0.890992045403,13.8108949661,170.469985962,341.410766602,872.92401123,4809.69482422,11001.3955078,18837.2578125,1869.75708008,2116.06396484,1195.65356445,2846.32104492,870.188903809,376.940063477,92.0368423462,97.0902633667,149.384002686,235.689620972,239.423370361,249.67199707,29.4941158295,113.188804626,75.0885467529,63.5559310913,93.405166626,183.119918823,128.874938965,20.4636936188,1.11700308323,0.164682388306,0.00671842647716,0.00307463831268,0.00147524045315,0.000614801014308,0.000214878920815,0.000191471146536,0.0034850591328,0.00214941683225,0.0000738139060559]},"erbbands_crest":{"dmean":2.98783230782,"dmean2":4.89715003967,"dvar":7.18288707733,"dvar2":18.4193344116,"max":33.0321159363,"mean":10.7879962921,"median":9.46192741394,"min":2.63442587852,"var":26.1354160309},"erbbands_flatness_db":{"dmean":0.0249519441277,"dmean2":0.0396860800683,"dvar":0.000402315345127,"dvar2":0.00103825062979,"max":0.397049635649,"mean":0.172049388289,"median":0.168096005917,"min":0.0421119369566,"var":0.00197873171419},"erbbands_kurtosis":{"dmean":1.57141554356,"dmean2":2.52664899826,"dvar":4.84718608856,"dvar2":11.6856584549,"max":65.6558227539,"mean":2.02739453316,"median":0.933105945587,"min":-1.8518447876,"var":14.4038906097},"erbbands_skewness":{"dmean":0.420750439167,"dmean2":0.659808456898,"dvar":0.145677223802,"dvar2":0.348467260599,"max":5.81911087036,"mean":0.938274741173,"median":0.906365871429,"min":-3.91999697685,"var":0.845171868801},"erbbands_spread":{"dmean":5.92462396622,"dmean2":9.33398628235,"dvar":38.0594940186,"dvar2":87.4716339111,"max":119.263725281,"mean":27.4429111481,"median":25.5873985291,"min":0.8483979702,"var":197.720458984},"gfcc":{"cov":[[14216.9589844,693.185791016,-345.203765869,461.395172119,-41.9696578979,-620.085449219,-238.322723389,-302.351837158,-83.0768966675,-42.2762184143,-106.130760193,-86.6294555664,116.1746521],[693.185791016,723.664672852,66.5732803345,-99.6362838745,144.89364624,-66.4357910156,5.66001796722,-83.5376663208,-12.4170846939,-28.3619823456,18.6562042236,-94.7063369751,43.3116340637],[-345.203765869,66.5732803345,677.676818848,309.971466064,81.5785522461,179.936752319,-114.149375916,40.0959358215,-116.915260315,-47.3137054443,-33.8127059937,-63.3933525085,-17.6603946686],[461.395172119,-99.6362838745,309.971466064,489.376251221,142.740875244,-14.1076393127,24.6727027893,-62.1761360168,-91.973274231,-48.6924934387,-44.9832839966,-23.9072628021,-27.8048057556],[-41.9696578979,144.89364624,81.5785522461,142.740875244,276.995574951,37.711566925,28.269947052,-37.9012069702,-37.4696884155,-60.8591537476,-5.50984239578,-23.9059333801,20.0648593903],[-620.085449219,-66.4357910156,179.936752319,-14.1076393127,37.711566925,322.63861084,-68.2968139648,97.1192550659,-50.4470901489,-27.3267822266,2.49904108047,1.79900240898,4.5075173378],[-238.322723389,5.66001796722,-114.149375916,24.6727027893,28.269947052,-68.2968139648,256.801269531,-47.9921150208,35.6396179199,14.1864519119,-20.0793647766,21.3432674408,-1.1639393568],[-302.351837158,-83.5376663208,40.0959358215,-62.1761360168,-37.9012069702,97.1192550659,-47.9921150208,188.619491577,71.8032531738,9.12569713593,25.6581516266,36.4807472229,4.50920200348],[-83.0768966675,-12.4170846939,-116.915260315,-91.973274231,-37.4696884155,-50.4470901489,35.6396179199,71.8032531738,177.039596558,58.3661346436,7.68942928314,46.3232727051,7.74537420273],[-42.2762184143,-28.3619823456,-47.3137054443,-48.6924934387,-60.8591537476,-27.3267822266,14.1864519119,9.12569713593,58.3661346436,102.24079895,35.1695976257,11.187456131,9.83390045166],[-106.130760193,18.6562042236,-33.8127059937,-44.9832839966,-5.50984239578,2.49904108047,-20.0793647766,25.6581516266,7.68942928314,35.1695976257,98.3718719482,43.0856056213,8.28901863098],[-86.6294555664,-94.7063369751,-63.3933525085,-23.9072628021,-23.9059333801,1.79900240898,21.3432674408,36.4807472229,46.3232727051,11.187456131,43.0856056213,117.823066711,26.3820877075],[116.1746521,43.3116340637,-17.6603946686,-27.8048057556,20.0648593903,4.5075173378,-1.1639393568,4.50920200348,7.74537420273,9.83390045166,8.28901863098,26.3820877075,84.771774292]],"icov":[[0.000111871733679,-0.000268062925898,0.000295555684716,-0.000414178764913,0.000230558711337,0.0000485557648062,0.000271560711553,-0.0000992499626591,0.000129745792947,-0.000110130829853,0.000280408392427,-0.000146989128552,-0.00011952877685],[-0.000268062925898,0.00365426158533,-0.00222684536129,0.00293899723329,-0.00193442928139,0.000919199781492,-0.00120430381503,0.00193175137974,-0.00200942717493,0.00244702841155,-0.00340651650913,0.00350648956373,-0.00156835454982],[0.000295555684716,-0.00222684536129,0.00476559530944,-0.00429496681318,0.00168005749583,-0.00183256459422,0.00188473949675,-0.00193305197172,0.00170685187913,-0.00156626407988,0.00211401842535,-0.00058204861125,0.000145438083564],[-0.000414178764913,0.00293899723329,-0.00429496681318,0.00747562479228,-0.00415781978518,0.00233720615506,-0.00184755097143,0.00127387966495,0.000675018236507,0.0000704129270162,-0.000173165288288,-0.000197050496354,0.00139836058952],[0.000230558711337,-0.00193442928139,0.00168005749583,-0.00415781978518,0.00783893838525,-0.00232645170763,-0.000172656888026,0.0012313927291,-0.0023810591083,0.00465339096263,-0.00271275010891,0.00207389006391,-0.00284338998608],[0.0000485557648062,0.000919199781492,-0.00183256459422,0.00233720615506,-0.00232645170763,0.00612200051546,0.000129803520394,-0.0030884151347,0.00317668612115,-0.00118746748194,0.0015062962193,-0.00112173159141,0.000289149960736],[0.000271560711553,-0.00120430381503,0.00188473949675,-0.00184755097143,-0.000172656888026,0.000129803520394,0.00586790964007,0.000341176928487,0.00023193420202,-0.00219048117287,0.00325103150681,-0.00259701651521,0.000849439064041],[-0.0000992499626591,0.00193175137974,-0.00193305197172,0.00127387966495,0.0012313927291,-0.0030884151347,0.000341176928487,0.011958559975,-0.0081931585446,0.00553787220269,-0.00570065109059,0.00238542701118,-0.00167329399846],[0.000129745792947,-0.00200942717493,0.00170685187913,0.000675018236507,-0.0023810591083,0.00317668612115,0.00023193420202,-0.0081931585446,0.0158355031163,-0.0109566841274,0.00920539069921,-0.00786623544991,0.00363164674491],[-0.000110130829853,0.00244702841155,-0.00156626407988,0.0000704129270162,0.00465339096263,-0.00118746748194,-0.00219048117287,0.00553787220269,-0.0109566841274,0.0223939251155,-0.0133164729923,0.00907016918063,-0.00588281871751],[0.000280408392427,-0.00340651650913,0.00211401842535,-0.000173165288288,-0.00271275010891,0.0015062962193,0.00325103150681,-0.00570065109059,0.00920539069921,-0.0133164729923,0.0228932481259,-0.0126870805398,0.0050632241182],[-0.000146989128552,0.00350648956373,-0.00058204861125,-0.000197050496354,0.00207389006391,-0.00112173159141,-0.00259701651521,0.00238542701118,-0.00786623544991,0.00907016918063,-0.0126870805398,0.0195769779384,-0.00755528686568],[-0.00011952877685,-0.00156835454982,0.000145438083564,0.00139836058952,-0.00284338998608,0.000289149960736,0.000849439064041,-0.00167329399846,0.00363164674491,-0.00588281871751,0.0050632241182,-0.00755528686568,0.0162155888975]],"mean":[-71.576965332,118.403160095,-72.3201675415,-7.40858221054,-17.9942989349,-23.4365463257,-0.857414782047,-19.7101688385,-9.48806381226,-4.16696166992,-4.80238389969,-10.4145841599,-0.396304666996]},"hfc":{"dmean":52.0424575806,"dmean2":85.2811279297,"dvar":5379.37890625,"dvar2":14308.9667969,"max":2248.6887207,"mean":186.363586426,"median":133.993759155,"min":1.05372890489e-16,"var":33906.875},"melbands":{"dmean":[0.000719406292774,0.000627444242127,0.000912999210414,0.000427298247814,0.000484329561004,0.000446646969067,0.000228971621254,0.000102972619061,0.0000873184399097,0.0000511033649673,0.0000677909411024,0.0000388995249523,0.0000224436462304,0.000011796909348,0.00000807979631645,0.00000965187609836,0.00000885976805876,0.00000745601846575,0.00000631388957117,0.00000397968869947,0.00000256207999882,0.00000120699485251,9.75734906206e-7,0.00000145888236602,0.00000113770829557,0.00000103746731384,7.00546536336e-7,7.1962574566e-7,7.83248481184e-7,9.38715800203e-7,4.89873173137e-7,2.17863529883e-7,9.56674384156e-8,5.05043438181e-8,4.05501268119e-8,2.80549468101e-8,2.14610462734e-8,1.90050126747e-8,1.69794418525e-8,1.53266199732e-8],"dmean2":[0.00124102737755,0.00103694421705,0.00156357209198,0.000693096139003,0.000770281418227,0.000686237646732,0.000340669503203,0.000166438214364,0.000139679323183,0.0000823743175715,0.000108238142275,0.0000630814611213,0.0000373183538613,0.0000198734269361,0.0000134192969199,0.0000161753887369,0.0000147106284203,0.000012333705854,0.000010116194062,0.00000629809392194,0.00000373719944946,0.00000188255194189,0.00000155379439093,0.00000234717890635,0.00000178518644134,0.00000164745074471,0.00000109692587102,0.00000110233202122,0.00000118949469652,0.00000139245503306,7.14287637038e-7,3.06743572764e-7,1.40181256825e-7,7.77182407319e-8,6.30685121905e-8,4.60021460924e-8,3.59630263347e-8,3.17945350048e-8,2.83399472778e-8,2.55162202478e-8],"dvar":[0.0000018595463871,0.00000113766600407,0.00000292538106805,9.11355186872e-7,0.00000168745611973,0.00000196801966013,4.21466438638e-7,7.49486517293e-8,9.33496480116e-8,1.52188128766e-8,3.61870426957e-8,1.02380841582e-8,3.81451936704e-9,6.50222709009e-10,2.69462258062e-10,3.27778942877e-10,2.61117849565e-10,2.5678778548e-10,3.63971602857e-10,1.24575280647e-10,9.72075892003e-11,1.84795078545e-11,1.28851243911e-11,3.51241709329e-11,1.81803374438e-11,1.47655204036e-11,8.41608640417e-12,1.82948049071e-11,3.4813207872e-11,2.17832436117e-11,8.4388364352e-12,2.080003704e-12,3.6663269534e-13,4.4757376787e-14,2.27640612794e-14,4.04204291836e-15,1.84602572283e-15,1.42621364192e-15,1.11533179797e-15,8.84970123594e-16],"dvar2":[0.00000575741614739,0.00000313634836857,0.00000940925656323,0.00000220498986891,0.00000422380117016,0.00000439179302703,8.59726981162e-7,1.83979594226e-7,2.21141277734e-7,3.69635912989e-8,8.97553249501e-8,2.49407587916e-8,1.04662962741e-8,1.76163550414e-9,7.0445460576e-10,8.67987903774e-10,6.83426981674e-10,6.69760358285e-10,8.92883100789e-10,2.91379032014e-10,1.97897906395e-10,4.15723636071e-11,2.87977940105e-11,8.80911107948e-11,4.06770485351e-11,3.36708057269e-11,1.77725646699e-11,4.25702285922e-11,8.66440669212e-11,3.9138931679e-11,1.49058734106e-11,3.28698960411e-12,6.93342518815e-13,8.33021802579e-14,3.61235326862e-14,9.50226971218e-15,4.68573755982e-15,3.6158904782e-15,2.82345176902e-15,2.23541799187e-15],"max":[0.0299561899155,0.0261180400848,0.0304941348732,0.0251732543111,0.0421626530588,0.0712716802955,0.0227905604988,0.00879344996065,0.00921329762787,0.00667649367824,0.00478572538123,0.00304504763335,0.00273286947049,0.000580731546506,0.000441980810137,0.000516345084179,0.000257457897533,0.000635788077489,0.000812043319456,0.000331568968249,0.000345309876138,0.00017056982324,0.000155801855726,0.000292153272312,0.000271385069937,0.000173085325514,0.000161205825862,0.000236656909692,0.000471233710414,0.000322290143231,0.000267102353973,0.000113019370474,0.0000398116608267,0.0000199826863536,0.0000166136705957,0.00000315026932185,6.99096062817e-7,6.11217956248e-7,5.36644051863e-7,4.73475324725e-7],"mean":[0.00152563059237,0.00115489761811,0.00157081545331,0.000746704114135,0.000833335972857,0.000843751884531,0.000561868306249,0.000172819985892,0.000142902543303,0.0000899568185559,0.000110439672426,0.000065921471105,0.0000372797512682,0.0000190188820852,0.0000134064293889,0.0000160828276421,0.0000160740401043,0.000013664845028,0.000012499515833,0.00000691099330652,0.00000502079956277,0.00000214957162825,0.00000184051089036,0.00000315806141771,0.00000230301634474,0.00000208568076232,0.00000143391764595,0.00000134129709295,0.0000014683300833,0.00000188639535281,9.97215465759e-7,4.13170937463e-7,1.61146914479e-7,7.45648023326e-8,5.65213795767e-8,3.28278630946e-8,2.18735678459e-8,1.96007707842e-8,1.7762054938e-8,1.62963189609e-8],"median":[0.000708092586137,0.000667869229801,0.000699343334418,0.000300277839415,0.000205684395041,0.000197470828425,0.0000930206297198,0.0000450988736702,0.0000311886105919,0.0000283627832687,0.0000247773277806,0.0000215123436647,0.0000137541792355,0.00000778859612183,0.00000624447784503,0.00000779245419835,0.00000731912587071,0.00000522344998899,0.00000300010219689,0.00000172104353169,7.69910286635e-7,5.37169285053e-7,5.25759332959e-7,6.5719154918e-7,7.75712237555e-7,6.64938340833e-7,4.55719771253e-7,2.94620917884e-7,2.59755211118e-7,2.4089240469e-7,1.34034934263e-7,7.06930762817e-8,3.28192868437e-8,2.04318979513e-8,1.6959049276e-8,1.11337890019e-8,7.16816606072e-9,6.57937926363e-9,6.154167842e-9,5.77051473272e-9],"min":[7.72926407974e-25,9.08408042242e-25,1.6367732754e-24,1.36129772249e-24,3.30106813285e-24,3.97068403478e-24,3.3667782741e-24,2.95830156143e-24,1.51968127073e-24,1.54543807233e-24,1.86562152818e-24,2.83458667503e-24,3.44011472816e-24,4.69209575488e-24,4.05702091655e-24,3.0807144329e-24,2.47697038871e-24,3.81964004839e-24,4.18158520893e-24,4.01041304211e-24,5.18122343713e-24,3.58322159054e-24,2.26164429653e-24,4.10894295247e-24,2.59979760938e-24,4.31266115365e-24,3.51309106721e-24,4.14239381029e-24,4.89866174392e-24,5.52669520981e-24,5.99415130528e-24,4.31853856182e-24,4.48382898172e-24,4.60487889877e-24,6.78987096164e-24,6.4656854172e-24,6.67040428844e-24,7.1761848244e-24,6.65288763203e-24,6.03820879241e-24],"var":[0.00000529762064616,0.00000239092196352,0.00000580664391236,0.00000213387011172,0.00000390018158214,0.00000513952909387,0.00000317262060889,1.67511146287e-7,2.0045244753e-7,4.02460713644e-8,8.11695102243e-8,2.13757935796e-8,6.87887036221e-9,1.14686959929e-9,5.06214181684e-10,6.28031182615e-10,6.06258265812e-10,7.10676739679e-10,1.46862788597e-9,2.81609624508e-10,3.51545487165e-10,4.87915922942e-11,3.0790071881e-11,1.64494029509e-10,5.36491996661e-11,4.47921109925e-11,2.90677898418e-11,4.93165404347e-11,7.34145591541e-11,8.15083139871e-11,3.3694505519e-11,8.94070841667e-12,1.16528119619e-12,1.71704705033e-13,8.125082909e-14,7.21468274934e-15,1.98349535852e-15,1.54841063829e-15,1.22719223953e-15,9.90335992974e-16]},"melbands_crest":{"dmean":3.62565922737,"dmean2":6.06682300568,"dvar":9.16393852234,"dvar2":25.7643718719,"max":39.7691230774,"mean":16.3647880554,"median":15.6097717285,"min":1.64061641693,"var":31.7808895111},"melbands_flatness_db":{"dmean":0.0327295325696,"dmean2":0.0527283847332,"dvar":0.000732764718123,"dvar2":0.00189170974772,"max":0.588716387749,"mean":0.311701625586,"median":0.311448574066,"min":0.0028827781789,"var":0.00368772586808},"melbands_kurtosis":{"dmean":8.7902545929,"dmean2":14.3634576797,"dvar":193.268661499,"dvar2":526.180419922,"max":403.065185547,"mean":19.5682697296,"median":11.7159862518,"min":-1.91243374348,"var":582.779785156},"melbands_skewness":{"dmean":0.73322814703,"dmean2":1.17801237106,"dvar":0.499889612198,"dvar2":1.31324076653,"max":16.7933635712,"mean":2.83788251877,"median":2.57716989517,"min":-3.05217075348,"var":3.10385251045},"melbands_spread":{"dmean":2.92648029327,"dmean2":4.61804294586,"dvar":29.2359104156,"dvar2":54.7840843201,"max":182.852874756,"mean":10.144908905,"median":7.56925201416,"min":0.485652983189,"var":186.562225342},"mfcc":{"cov":[[7761.94775391,977.915527344,-616.279052734,626.156188965,-140.497528076,-49.6636199951,-269.275177002,-257.594238281,-18.5257568359,-12.8508462906,-98.119758606,-149.196685791,-119.523880005],[977.915527344,1073.95617676,-43.9840393066,25.0843696594,82.2126693726,2.75747942924,32.8338241577,-107.401573181,5.37864112854,18.070476532,-19.5177707672,-60.4908370972,-60.0768928528],[-616.279052734,-43.9840393066,554.930969238,37.2605247498,187.056900024,46.0113830566,71.3047103882,33.8535575867,-16.7609844208,17.8137817383,-12.23320961,-7.31390333176,-19.5662727356],[626.156188965,25.0843696594,37.2605247498,585.88079834,21.0089702606,104.877410889,55.6465034485,-38.5096702576,-8.27951812744,-15.1760406494,-38.4950714111,-69.5024261475,-38.9340934753],[-140.497528076,82.2126693726,187.056900024,21.0089702606,348.974273682,49.347038269,68.2484741211,53.5513153076,-24.2147369385,8.00795555115,-57.7987976074,-29.0605297089,42.8404769897],[-49.6636199951,2.75747942924,46.0113830566,104.877410889,49.347038269,172.413269043,97.9887390137,12.0419387817,0.86581838131,-12.7877893448,-20.9141197205,-40.2390136719,-24.697725296],[-269.275177002,32.8338241577,71.3047103882,55.6465034485,68.2484741211,97.9887390137,185.517593384,26.3599815369,-26.3535900116,-2.56954526901,-33.1446456909,-39.640296936,-16.0775089264],[-257.594238281,-107.401573181,33.8535575867,-38.5096702576,53.5513153076,12.0419387817,26.3599815369,160.546936035,45.9240493774,-16.0167808533,6.48613405228,19.9242134094,49.2235717773],[-18.5257568359,5.37864112854,-16.7609844208,-8.27951812744,-24.2147369385,0.86581838131,-26.3535900116,45.9240493774,131.543807983,13.8370723724,6.58842802048,38.8284873962,-16.8434238434],[-12.8508462906,18.070476532,17.8137817383,-15.1760406494,8.00795555115,-12.7877893448,-2.56954526901,-16.0167808533,13.8370723724,95.1540145874,28.4482135773,-18.3465328217,7.67260313034],[-98.119758606,-19.5177707672,-12.23320961,-38.4950714111,-57.7987976074,-20.9141197205,-33.1446456909,6.48613405228,6.58842802048,28.4482135773,99.3856964111,36.1330490112,-10.0131721497],[-149.196685791,-60.4908370972,-7.31390333176,-69.5024261475,-29.0605297089,-40.2390136719,-39.640296936,19.9242134094,38.8284873962,-18.3465328217,36.1330490112,119.652732849,32.207233429],[-119.523880005,-60.0768928528,-19.5662727356,-38.9340934753,42.8404769897,-24.697725296,-16.0775089264,49.2235717773,-16.8434238434,7.67260313034,-10.0131721497,32.207233429,133.168075562]],"icov":[[0.000207547011087,-0.000188784862985,0.000212974846363,-0.00024401191331,0.0000155606394401,-0.000077303906437,0.000488517747726,-0.000164263430634,0.000281603686744,-0.00024088936334,0.000385027989978,-0.000115035218187,0.000267688941676],[-0.000188784862985,0.00134103256278,0.00000839241238282,0.000298776198179,-0.000685829145368,0.000550547381863,-0.00105202931445,0.00153879623394,-0.00134205410723,0.000899822218344,-0.00113507045899,0.00105749082286,-0.000411632092437],[0.000212974846363,0.00000839241238282,0.00267501128837,-0.000391630106606,-0.00134814169724,-0.000145598431118,0.000199705827981,-0.000693983747624,0.00102779350709,-0.0012174656149,0.000544311478734,-0.00112393242307,0.00167370412964],[-0.00024401191331,0.000298776198179,-0.000391630106606,0.00236015557311,-0.0000146323700392,-0.000875428202562,-0.000652763177641,0.00108042673673,-0.00100769358687,0.00103452603798,-0.000574937905185,0.00133112526964,-0.000639783684164],[0.0000155606394401,-0.000685829145368,-0.00134814169724,-0.0000146323700392,0.00492285238579,-0.00110059173312,0.00037455020356,-0.00235932623036,0.00187731522601,-0.0019352218369,0.00328935217112,-0.000820650486276,-0.000573540222831],[-0.000077303906437,0.000550547381863,-0.000145598431118,-0.000875428202562,-0.00110059173312,0.010249142535,-0.00546321505681,0.00188302411698,-0.00351832713932,0.00355129223317,-0.00291498377919,0.00353546673432,-0.000922932580579],[0.000488517747726,-0.00105202931445,0.000199705827981,-0.000652763177641,0.00037455020356,-0.00546321505681,0.0113029284403,-0.00479203881696,0.00560225406662,-0.00440306123346,0.00543714594096,-0.00265618297271,0.00381806539372],[-0.000164263430634,0.00153879623394,-0.000693983747624,0.00108042673673,-0.00235932623036,0.00188302411698,-0.00479203881696,0.0144500778988,-0.00987779255956,0.00834402162582,-0.00781980250031,0.00618826597929,-0.00786564033478],[0.000281603686744,-0.00134205410723,0.00102779350709,-0.00100769358687,0.00187731522601,-0.00351832713932,0.00560225406662,-0.00987779255956,0.0174386203289,-0.0100771244615,0.00893594697118,-0.010271535255,0.00851719081402],[-0.00024088936334,0.000899822218344,-0.0012174656149,0.00103452603798,-0.0019352218369,0.00355129223317,-0.00440306123346,0.00834402162582,-0.0100771244615,0.0204252880067,-0.0120968744159,0.0107615543529,-0.00798502936959],[0.000385027989978,-0.00113507045899,0.000544311478734,-0.000574937905185,0.00328935217112,-0.00291498377919,0.00543714594096,-0.00781980250031,0.00893594697118,-0.0120968744159,0.0212278198451,-0.0107121644542,0.00770763494074],[-0.000115035218187,0.00105749082286,-0.00112393242307,0.00133112526964,-0.000820650486276,0.00353546673432,-0.00265618297271,0.00618826597929,-0.010271535255,0.0107615543529,-0.0107121644542,0.0190154798329,-0.00841416139156],[0.000267688941676,-0.000411632092437,0.00167370412964,-0.000639783684164,-0.000573540222831,-0.000922932580579,0.00381806539372,-0.00786564033478,0.00851719081402,-0.00798502936959,0.00770763494074,-0.00841416139156,0.0151563351974]],"mean":[-740.183105469,182.470779419,1.87386536598,31.0756549835,-3.68643045425,10.3534803391,7.74425029755,-6.34765005112,0.938068687916,1.61555993557,0.59984511137,-4.24954366684,-3.896671772]},"pitch_salience":{"dmean":0.0648481622338,"dmean2":0.107076361775,"dvar":0.00293069006875,"dvar2":0.00802704226226,"max":0.852114379406,"mean":0.520009815693,"median":0.527090072632,"min":0.0137296365574,"var":0.0133539102972},"silence_rate_20dB":{"dmean":0,"dmean2":0,"dvar":0,"dvar2":0,"max":1,"mean":1,"median":1,"min":1,"var":0},"silence_rate_30dB":{"dmean":0.0203825421631,"dmean2":0.0407680943608,"dvar":0.0199667792767,"dvar2":0.0469263717532,"max":1,"mean":0.963890135288,"median":1,"min":0,"var":0.034809447825},"silence_rate_60dB":{"dmean":0.00797577761114,"dmean2":0.015952732414,"dvar":0.00791032891721,"dvar2":0.0183605737984,"max":1,"mean":0.0810072347522,"median":0,"min":0,"var":0.0744683593512},"spectral_centroid":{"dmean":121.245285034,"dmean2":191.119110107,"dvar":40283.0195312,"dvar2":74565.0390625,"max":11622.7763672,"mean":664.34967041,"median":533.879150391,"min":160.746170044,"var":568069.4375},"spectral_complexity":{"dmean":1.90118896961,"dmean2":3.14519929886,"dvar":3.54007267952,"dvar2":8.34997272491,"max":45,"mean":10.5139570236,"median":11,"min":0,"var":34.348903656},"spectral_contrast_coeffs":{"dmean":[0.0513025224209,0.0505938306451,0.0380235277116,0.0294897444546,0.0251339711249,0.035704690963],"dmean2":[0.0868964195251,0.0828088670969,0.0640410780907,0.0486596263945,0.0408139899373,0.0573697239161],"dvar":[0.00169959641062,0.00158357038163,0.000920450140256,0.000545634131413,0.000452137785032,0.00110867526382],"dvar2":[0.00488705281168,0.00429518288001,0.00255973334424,0.00148327869829,0.00113953964319,0.00275761983357],"max":[-0.35604891181,-0.337628304958,-0.507907569408,-0.620851755142,-0.594164669514,-0.360615253448],"mean":[-0.657019495964,-0.729019403458,-0.798795700073,-0.810706794262,-0.826533615589,-0.784416794777],"median":[-0.657956957817,-0.737022936344,-0.80594599247,-0.813015282154,-0.827562332153,-0.802803218365],"min":[-0.984814941883,-0.98184043169,-0.971589446068,-0.97072738409,-0.968383550644,-0.966174423695],"var":[0.00836541038007,0.00777392322198,0.00370641076006,0.0023280098103,0.00231956457719,0.005889846012]},"spectral_contrast_valleys":{"dmean":[0.360837846994,0.347084820271,0.301234811544,0.276078462601,0.312375962734,0.659472703934],"dmean2":[0.615460574627,0.570366322994,0.496467798948,0.445789128542,0.496363610029,1.05880367756],"dvar":[0.0915620028973,0.0851999297738,0.0708056762815,0.067918613553,0.0975527241826,0.287373751402],"dvar2":[0.245939925313,0.211896151304,0.17363782227,0.157011240721,0.230302229524,0.761377155781],"max":[-5.33282709122,-4.35161733627,-5.71689891815,-6.25861644745,-5.55550670624,-9.05708408356],"mean":[-7.31360340118,-6.92844057083,-7.612388134,-8.30088329315,-8.69689464569,-11.5528001785],"median":[-6.97609901428,-6.69737815857,-7.39370298386,-8.02680587769,-8.46262359619,-11.3704557419],"min":[-28.0124759674,-27.8701877594,-27.8490257263,-27.6779212952,-27.5387935638,-27.4111156464],"var":[2.83672642708,2.51970696449,2.20763611794,2.22357749939,2.23410773277,2.03661799431]},"spectral_decrease":{"dmean":2.21512652665e-9,"dmean2":3.59847796005e-9,"dvar":9.46996648947e-18,"dvar2":2.53389310601e-17,"max":2.00830747588e-8,"mean":-4.73000039136e-9,"median":-2.91115442863e-9,"min":-8.32747986124e-8,"var":3.42298156997e-17},"spectral_energy":{"dmean":0.00882250256836,"dmean2":0.0142310690135,"dvar":0.000152591470396,"dvar2":0.000406436622143,"max":0.366182804108,"mean":0.0347558185458,"median":0.0266223624349,"min":9.8549991218e-21,"var":0.000964253384154},"spectral_energyband_high":{"dmean":0.000081546146248,"dmean2":0.000114995345939,"dvar":1.09137040738e-7,"dvar2":1.69046586507e-7,"max":0.0271918419749,"mean":0.000231292200624,"median":0.0000893305768841,"min":7.2379111392e-21,"var":5.85398709063e-7},"spectral_energyband_low":{"dmean":0.00415390310809,"dmean2":0.00704638659954,"dvar":0.0000391681278415,"dvar2":0.000117988405691,"max":0.10697516799,"mean":0.0103310234845,"median":0.00670561892912,"min":1.22269172572e-23,"var":0.000133680121507},"spectral_energyband_middle_high":{"dmean":0.000662648701109,"dmean2":0.00103489833418,"dvar":0.00000191613867173,"dvar2":0.00000473533100376,"max":0.0383175462484,"mean":0.00179676292464,"median":0.00102759560104,"min":1.27528117267e-21,"var":0.00000598453607381},"spectral_energyband_middle_low":{"dmean":0.00601199595258,"dmean2":0.0096093416214,"dvar":0.000102539015643,"dvar2":0.000261590845184,"max":0.32729524374,"mean":0.0154015235603,"median":0.00918490812182,"min":1.58482395673e-22,"var":0.00036983776954},"spectral_entropy":{"dmean":0.237131804228,"dmean2":0.380138427019,"dvar":0.0416126288474,"dvar2":0.105542525649,"max":9.83065223694,"mean":6.97163915634,"median":6.98012542725,"min":5.04132032394,"var":0.189354509115},"spectral_flux":{"dmean":0.0161133501679,"dmean2":0.0267334077507,"dvar":0.000308997899992,"dvar2":0.000832872116007,"max":0.31929013133,"mean":0.0780958384275,"median":0.0750890150666,"min":6.5240562952e-11,"var":0.00169174559414},"spectral_kurtosis":{"dmean":5.33956718445,"dmean2":8.61164569855,"dvar":29.7589569092,"dvar2":78.5565338135,"max":77.4859237671,"mean":20.0852966309,"median":18.5144844055,"min":-1.27184569836,"var":82.2582702637},"spectral_rms":{"dmean":0.000679477234371,"dmean2":0.00108742492739,"dvar":5.08921857545e-7,"dvar2":0.00000133725677642,"max":0.0189010985196,"mean":0.0052288309671,"median":0.00509637501091,"min":3.10074730649e-12,"var":0.00000656747397443},"spectral_rolloff":{"dmean":3563.39624023,"dmean2":6971.37597656,"dvar":55659720,"dvar2":146583696,"max":22050,"mean":16681.7773438,"median":21856.2011719,"min":21.533203125,"var":79320344},"spectral_skewness":{"dmean":0.393798917532,"dmean2":0.62865704298,"dvar":0.138431027532,"dvar2":0.353708744049,"max":6.29676771164,"mean":3.16501784325,"median":3.12723255157,"min":-0.0736071094871,"var":0.657555639744},"spectral_spread":{"dmean":571012.6875,"dmean2":917729.625,"dvar":385781301248,"dvar2":918175481856,"max":42753816,"mean":3857480.25,"median":3633620.5,"min":1507237.875,"var":5615920873470},"spectral_strongpeak":{"dmean":8.35945129395,"dmean2":15.5678062439,"dvar":435.523040771,"dvar2":1167.86816406,"max":277.42755127,"mean":9.83787441254,"median":0.536904036999,"min":0,"var":609.848937988},"zerocrossingrate":{"dmean":0.0422316230834,"dmean2":0.0553089603782,"dvar":0.00127997808158,"dvar2":0.00213588378392,"max":0.87890625,"mean":0.330309867859,"median":0.318359375,"min":0,"var":0.0148968575522}},"metadata":{"audio_properties":{"analysis_sample_rate":44100,"bit_rate":114408,"codec":"mp3","downmix":"mix","equal_loudness":0,"length":314.410858154,"lossless":false,"md5_encoded":"9be6e0a7c33cadc8575244449d8beef5","replay_gain":-4.38069343567,"sample_rate":44100},"tags":{"album":["Five Live"],"artist":["George Michael"],"date":["1992"],"encodedby":["Lame 3.97 --vbr-new -q5"],"file_name":"05-George Michael-Calling You.mp3","genre":["Unknown"],"length":["314000"],"musicbrainz album artist":["Various Artists"],"musicbrainz album artist sortname":["Various Artists"],"musicbrainz album status":["official"],"musicbrainz album type":["live"],"musicbrainz non-album":["0"],"musicbrainz_albumartistid":["89ad4ac3-39f7-470e-963a-56509c546377"],"musicbrainz_albumid":["c8fcee1d-bbd6-4d95-88cf-1952eeacbe99"],"musicbrainz_artistid":["ccb8f30e-4d71-40c4-8b1d-846dafe73e2c"],"musicbrainz_recordingid":["585033a6-d7ae-4e81-9269-73702669517b"],"musicip_puid":["10098a40-0e06-2956-1839-89b7fae1cd74"],"originaldate":["1992"],"title":["Calling You"],"tracknumber":["5/6"]},"version":{"essentia":"2.1-beta1","essentia_build_sha":"ca57ba49d9b1854bd80e60cf9ccf267278fb7d6b","essentia_git_sha":"v2.1_beta1-28-g21ef5f4-dirty","extractor":"music 1.0"}},"rhythm":{"beats_count":625,"beats_loudness":{"dmean":0.0176074970514,"dmean2":0.0297930911183,"dvar":0.000390402099583,"dvar2":0.00110018788837,"max":0.161342218518,"mean":0.0367026776075,"median":0.0298631601036,"min":9.54336054626e-10,"var":0.000934084993787},"beats_loudness_band_ratio":{"dmean":[0.182114392519,0.13191947341,0.0842610746622,0.0411596149206,0.0140094328672,0.107099451125],"dmean2":[0.311175853014,0.228491038084,0.145010977983,0.070568151772,0.0235440526158,0.18293993175],"dvar":[0.0222445204854,0.0229730643332,0.0145021416247,0.00492284726351,0.000615488737822,0.00946877431124],"dvar2":[0.060078