{"lowlevel":{"average_loudness":0.960483729839,"barkbands":{"dmean":[0.000291293079499,0.00499275652692,0.00494826957583,0.00339133874513,0.00257030688226,0.00216127722524,0.00132586969994,0.000485144933918,0.000923230254557,0.000701609125827,0.000406306062359,0.000394853559555,0.000411635759519,0.000400947697926,0.000285608111881,0.000297684629913,0.000239479530137,0.000208228506381,0.000268093397608,0.000220039437409,0.00011074761278,0.0000708348088665,0.0000443070057372,0.0000384185514122,0.0000160908039106,0.00000278581478597,0.00000111506847134],"dmean2":[0.000452492153272,0.00872643943876,0.00861283671111,0.00590270012617,0.00437342235819,0.00364196440205,0.00224242033437,0.000810003955849,0.00147471833043,0.00114368402865,0.000654470175505,0.000638732628431,0.000670801266097,0.000655730895232,0.000467093690531,0.000481869501527,0.000390366883948,0.000347683293512,0.000433014123701,0.000355584663339,0.000183817217476,0.000120333468658,0.0000735758294468,0.0000601174506301,0.0000245606370299,0.00000435032870882,0.0000016694207261],"dvar":[3.94902798462e-7,0.000111943176307,0.0000647459601169,0.0000261387758655,0.0000125248634504,0.0000175685527211,0.00000729988141757,7.72448231601e-7,0.00000292019421977,0.00000231550643548,9.3177538929e-7,6.10350639363e-7,6.08708262462e-7,5.74211526327e-7,2.14912148522e-7,2.68681219495e-7,1.35672635793e-7,1.0931415062e-7,1.85821818377e-7,1.41685291055e-7,4.09009004443e-8,1.77802128576e-8,1.136497918e-8,2.63970516556e-8,4.50863835155e-9,6.10667558187e-11,9.51771734342e-12],"dvar2":[8.80626373601e-7,0.000309430703055,0.000182001283974,0.0000720108728274,0.0000345793851011,0.0000469379592687,0.0000185226963367,0.00000197580061467,0.00000688265572535,0.0000056528647292,0.0000022568131044,0.00000146900902109,0.00000152662346409,0.00000144038676808,5.4822646689e-7,5.86195938013e-7,3.11272003728e-7,2.85657847598e-7,4.10460899047e-7,3.3357156326e-7,1.00037532036e-7,4.61637164051e-8,2.6468741865e-8,5.87701585175e-8,9.68956026526e-9,1.41943942711e-10,2.13888733114e-11],"max":[0.00756014790386,0.0987899899483,0.0784223675728,0.051280990243,0.0421052984893,0.114637471735,0.0458315648139,0.0174973476678,0.0491137579083,0.0289238728583,0.0253467429429,0.0257168933749,0.0158199220896,0.018144948408,0.012078252621,0.0139078432694,0.00861016195267,0.00804883241653,0.013088834472,0.0143337324262,0.00883089751005,0.00276934844442,0.00233768997714,0.0047297864221,0.0029490145389,0.000215413369006,0.0000619747734163],"mean":[0.000303901935695,0.00546172540635,0.00607474334538,0.00387512985617,0.00396716361865,0.00300054019317,0.00179475336336,0.000698378076777,0.00152876647189,0.00109499052633,0.000718127470464,0.000718271068763,0.000760643510148,0.000698634481523,0.000519037363119,0.000586309237406,0.000489173515234,0.00042530769133,0.000609441718552,0.000486564968014,0.000244919967372,0.000136397924507,0.0000808391196188,0.0000708135048626,0.0000316459991154,0.00000492167691846,0.00000179183223281],"median":[0.0000739254464861,0.00277108093724,0.00349874515086,0.00214810809121,0.00289458688349,0.00140533247031,0.000692361558322,0.000374327413738,0.000705915619619,0.000363764702342,0.000297822058201,0.000343205116224,0.000385063758586,0.00037493641139,0.000339862250257,0.000386244792026,0.000339602062013,0.000302821339574,0.000442281423602,0.00030974735273,0.000190401187865,0.0000995287409751,0.0000474847547594,0.000037993035221,0.0000175483837666,0.00000294564233627,3.91911385123e-7],"min":[8.66258572987e-24,4.69247030604e-23,2.58917181076e-23,2.13841290298e-23,3.34629242414e-23,6.88132329084e-23,3.35012786586e-23,1.39552412919e-23,5.5125701031e-23,6.09748711404e-23,8.57041459062e-23,7.70212107204e-23,1.19941592717e-22,2.07344149841e-22,1.18965071269e-22,1.78302002113e-22,2.73363149071e-22,3.20823949381e-22,1.73729120595e-22,2.69953957296e-22,2.76571705119e-22,5.41044530627e-22,5.57956345284e-22,8.0541759363e-22,1.19551832321e-21,1.87258382994e-21,2.64438231749e-21],"var":[4.44719262305e-7,0.000084024053649,0.0000621301660431,0.0000247218977165,0.0000145799185702,0.0000223741535592,0.0000115991560961,0.00000119572246149,0.00000623437426839,0.00000489949661642,0.00000245575984081,0.00000155284851644,0.00000151269102844,0.000001157042675,3.8982273054e-7,6.18413196207e-7,3.26920513771e-7,2.17588720375e-7,4.91949435855e-7,3.98783726041e-7,8.05734217124e-8,2.50545504343e-8,2.03981791458e-8,4.18054426632e-8,8.23637424929e-9,8.27044058238e-11,1.56679356988e-11]},"barkbands_crest":{"dmean":2.63308405876,"dmean2":4.42780637741,"dvar":5.43137693405,"dvar2":14.8582286835,"max":22.5122814178,"mean":8.68984603882,"median":8.03427314758,"min":2.44707965851,"var":11.4533424377},"barkbands_flatness_db":{"dmean":0.0204121954739,"dmean2":0.0329265296459,"dvar":0.000349782145349,"dvar2":0.00091252673883,"max":0.470480471849,"mean":0.122093632817,"median":0.111089363694,"min":0.0300432462245,"var":0.00279683084227},"barkbands_kurtosis":{"dmean":2.59320855141,"dmean2":4.2768239975,"dvar":17.0413722992,"dvar2":41.9742546082,"max":164.834609985,"mean":3.17038917542,"median":1.39753103256,"min":-1.81098687649,"var":38.0684623718},"barkbands_skewness":{"dmean":0.556042671204,"dmean2":0.899414241314,"dvar":0.301792740822,"dvar2":0.774269640446,"max":10.0821323395,"mean":1.57651674747,"median":1.44848680496,"min":-1.81543278694,"var":1.02617120743},"barkbands_spread":{"dmean":5.32924556732,"dmean2":8.53081607819,"dvar":26.3497142792,"dvar2":63.5827407837,"max":101.981132507,"mean":23.1390361786,"median":21.990398407,"min":0.766707241535,"var":102.030189514},"dissonance":{"dmean":0.0118770226836,"dmean2":0.0203457474709,"dvar":0.000143155892147,"dvar2":0.000401816359954,"max":0.5,"mean":0.480396449566,"median":0.484451919794,"min":0.290567725897,"var":0.000255498016486},"dynamic_complexity":2.43185710907,"erbbands":{"dmean":[0.133606046438,1.217846632,5.06547021866,8.56926631927,9.3316411972,9.30129718781,13.1003265381,18.7447967529,23.0550918579,10.0380029678,11.7234239578,19.3787841797,23.1137332916,17.3119564056,13.4986906052,15.9706859589,17.6041278839,17.4121875763,16.2693042755,15.6120300293,13.4804573059,13.6637430191,11.169719696,12.5261907578,12.7510528564,10.490940094,5.22447538376,4.31368923187,2.70345234871,1.53505825996,1.37027299404,0.997472465038,0.524258315563,0.248396322131,0.081188082695,0.0176452994347,0.00422583101317,0.00130096741486,0.000201576272957,0.0000208913206734],"dmean2":[0.229200080037,2.16400027275,8.81298065186,15.1126155853,16.1546363831,15.6410856247,22.417881012,31.5745220184,39.0925636292,16.8205528259,19.277639389,31.4574661255,36.7894058228,27.3290710449,21.6242828369,25.7894458771,28.6587219238,28.2520942688,26.4973983765,25.1614837646,21.9102611542,22.1765937805,18.4300708771,20.560749054,20.7795295715,17.0331134796,8.43171977997,7.27914810181,4.57452487946,2.63057112694,2.25812268257,1.59062767029,0.807366967201,0.377532094717,0.12458910048,0.0276683680713,0.00661269994453,0.00196596700698,0.000306136527797,0.0000342473394994],"dvar":[0.103086769581,6.21953630447,69.1873779297,163.231796265,202.538818359,146.768386841,614.809997559,1467.92590332,2483.99536133,269.863739014,404.81036377,1287.73791504,2857.40625,1422.83862305,737.074951172,998.903320313,1119.28381348,841.846679688,940.746276855,676.165344238,508.834228516,463.325408936,324.968933105,363.290863037,471.105285645,328.385803223,90.0315704346,55.0796356201,24.8451004028,11.6379375458,12.153878212,12.6466197968,6.40606307983,1.08388233185,0.114214278758,0.00288540311158,0.000160063689691,0.0000135543032229,2.99720198882e-7,9.55800216751e-10],"dvar2":[0.270065039396,17.7561664581,195.387741089,457.874359131,563.129638672,391.734191895,1668.91418457,3876.12060547,6311.02929688,735.757446289,994.022338867,3156.56030273,6701.90527344,3106.36425781,1737.87902832,2419.99072266,2858.70874023,2106.27685547,2370.49047852,1576.73376465,1125.18237305,1068.80078125,819.35168457,868.403320313,1031.66882324,799.033569336,200.744445801,143.624603271,63.1931037903,31.1324138641,27.947435379,28.5987014771,13.9013977051,2.30983567238,0.250096231699,0.00633932463825,0.000381852412829,0.0000311651310767,6.76658885368e-7,2.35535768667e-9],"max":[2.6900036335,23.6868343353,79.5553894043,149.386505127,148.129364014,189.362838745,404.688049316,1066.2244873,958.358276367,323.5652771,468.977478027,1122.70117188,1001.89648438,995.747497559,613.949584961,973.092102051,706.984436035,501.565246582,902.230224609,543.068969727,846.844665527,614.544006348,457.636291504,494.62890625,804.725097656,699.373535156,406.055023193,221.594192505,118.466491699,73.8249435425,94.6359558105,119.134170532,75.8768920898,47.0965080261,14.4852762222,2.15047049522,0.402484506369,0.0880318656564,0.0100743854418,0.000491195591167],"mean":[0.126294538379,1.38214492798,6.42779779434,10.7514762878,12.4911260605,13.9745464325,17.7293376923,25.4939098358,31.0721874237,15.736866951,18.9969387054,31.3993816376,38.9496803284,31.4326992035,26.0672092438,31.5021381378,35.2862968445,33.8782043457,31.3157100677,31.3805236816,29.0234203339,29.058719635,24.2769393921,28.3221225739,29.0273628235,23.0540351868,12.0525779724,8.97183513641,5.36199426651,2.73959326744,2.4735956192,1.87441968918,0.919760286808,0.464512199163,0.161541044712,0.03332529217,0.00717932637781,0.00206522759981,0.000334139069309,0.0000533356651431],"median":[0.0480226166546,0.745238900185,3.69165849686,6.89998865128,8.21974182129,9.3559923172,9.58597564697,11.3224096298,10.2006111145,9.94023895264,10.2612075806,15.668920517,12.4273414612,13.7449922562,12.0258722305,15.9779815674,18.6971607208,19.6641311646,20.0158405304,21.1957244873,20.7291278839,20.568775177,17.8268413544,20.6961250305,20.3002166748,14.8540668488,8.83607959747,6.93497753143,3.97468948364,1.79714262486,1.44170618057,1.0543397665,0.455861747265,0.244583770633,0.0911821722984,0.0202469080687,0.00405659154058,0.000698964693584,0.0000881313462742,0.0000450761872344],"min":[1.07282831385e-21,1.15316683741e-20,3.47815779711e-20,4.15583617682e-20,1.06389883048e-19,8.69099476434e-20,4.30789355765e-19,4.72870256574e-19,4.69944932338e-19,4.49590499005e-19,3.25088339684e-19,1.30280667304e-18,1.32951116514e-18,2.87596926427e-18,3.14604600902e-18,3.22455785686e-18,4.84959490887e-18,7.33260044262e-18,9.79585579848e-18,8.41143421293e-18,1.1439021134e-17,1.55339837195e-17,1.69610373667e-17,1.14685647167e-17,8.82787746514e-18,1.34889748696e-17,1.39925078326e-17,1.21307550571e-17,1.85334382279e-17,1.64888611663e-17,1.67322276287e-17,1.68531713604e-17,1.49630818587e-17,1.02774676481e-17,9.52650511151e-18,6.58703567316e-18,3.3616326445e-18,1.42484062881e-18,3.62100406946e-19,3.88576655359e-20],"var":[0.0789948999882,4.53575849533,67.0159606934,146.247802734,197.781478882,210.674591064,693.261047363,1832.02160645,3876.14477539,375.352294922,734.139770508,2343.39672852,6625.89208984,3826.53857422,2128.95214844,2571.23901367,2846.62792969,1960.26647949,1874.90563965,1441.93310547,1167.80639648,1136.83312988,680.572998047,913.35559082,1240.63317871,882.369018555,229.264312744,87.756439209,37.5222816467,13.8457698822,22.0983409882,22.2415733337,9.83172798157,2.07020711899,0.180979654193,0.00467760348693,0.000191872240975,0.0000199658716156,4.89326851039e-7,1.62179569774e-9]},"erbbands_crest":{"dmean":2.09172677994,"dmean2":3.42716693878,"dvar":4.83003854752,"dvar2":11.764093399,"max":28.695350647,"mean":6.85150766373,"median":5.73045635223,"min":2.30814170837,"var":13.2946147919},"erbbands_flatness_db":{"dmean":0.0118788704276,"dmean2":0.0183972399682,"dvar":0.000127236140543,"dvar2":0.000297934078844,"max":0.365061819553,"mean":0.149202927947,"median":0.138524025679,"min":0.0275812428445,"var":0.00175266561564},"erbbands_kurtosis":{"dmean":0.510156333447,"dmean2":0.821370363235,"dvar":0.39074626565,"dvar2":0.906101286411,"max":11.2730789185,"mean":-0.367684096098,"median":-0.648849844933,"min":-1.71648442745,"var":1.0449899435},"erbbands_skewness":{"dmean":0.297375291586,"dmean2":0.46872985363,"dvar":0.0676466152072,"dvar2":0.16088232398,"max":2.96673417091,"mean":-0.0216651149094,"median":-0.0499333813787,"min":-2.76638150215,"var":0.299281746149},"erbbands_spread":{"dmean":7.50291204453,"dmean2":12.1099653244,"dvar":50.0340538025,"dvar2":130.027664185,"max":113.895233154,"mean":43.587223053,"median":42.9536895752,"min":6.120470047,"var":249.889129639},"gfcc":{"cov":[[9856.84082031,-1625.71191406,-1017.82861328,970.567016602,-858.013427734,56.2364425659,-451.647064209,135.718078613,-319.797149658,71.7595596313,-166.439758301,-60.0389099121,-120.193603516],[-1625.71191406,1223.29516602,-165.250305176,-350.601409912,445.671966553,-98.835899353,250.08895874,-85.8900299072,149.941314697,-92.758430481,56.0705528259,-46.8042984009,39.3736038208],[-1017.82861328,-165.250305176,659.605773926,-63.9607887268,-49.4479980469,75.222984314,-69.7059402466,31.5088634491,4.88869762421,56.4379882813,9.44128227234,51.3909912109,1.49656760693],[970.567016602,-350.601409912,-63.9607887268,467.436035156,-100.72832489,64.5222167969,-79.4723052979,12.734213829,-54.103515625,-21.8787498474,-19.4365329742,-20.8011436462,-6.92541074753],[-858.013427734,445.671966553,-49.4479980469,-100.72832489,325.183074951,-26.6428222656,127.559188843,-22.6229724884,78.9801483154,-29.7822113037,23.8447856903,-19.9905223846,9.34548473358],[56.2364425659,-98.835899353,75.222984314,64.5222167969,-26.6428222656,138.630554199,11.1130199432,28.0872097015,-21.2325458527,5.03690004349,-3.2796690464,5.76967334747,-1.46292495728],[-451.647064209,250.08895874,-69.7059402466,-79.4723052979,127.559188843,11.1130199432,175.05645752,11.3392391205,37.1109199524,-24.3586025238,15.2605352402,-8.03734588623,12.3777570724],[135.718078613,-85.8900299072,31.5088634491,12.734213829,-22.6229724884,28.0872097015,11.3392391205,72.0343780518,7.7340297699,15.5955657959,-4.75516271591,6.25588464737,1.10139334202],[-319.797149658,149.941314697,4.88869762421,-54.103515625,78.9801483154,-21.2325458527,37.1109199524,7.7340297699,81.9797286987,19.4002380371,16.8743858337,-7.01345205307,8.72240543365],[71.7595596313,-92.758430481,56.4379882813,-21.8787498474,-29.7822113037,5.03690004349,-24.3586025238,15.5955657959,19.4002380371,76.0358047485,21.4294433594,14.512087822,-1.68898868561],[-166.439758301,56.0705528259,9.44128227234,-19.4365329742,23.8447856903,-3.2796690464,15.2605352402,-4.75516271591,16.8743858337,21.4294433594,54.8976860046,22.3104076385,9.11553668976],[-60.0389099121,-46.8042984009,51.3909912109,-20.8011436462,-19.9905223846,5.76967334747,-8.03734588623,6.25588464737,-7.01345205307,14.512087822,22.3104076385,58.0542449951,18.8567504883],[-120.193603516,39.3736038208,1.49656760693,-6.92541074753,9.34548473358,-1.46292495728,12.3777570724,1.10139334202,8.72240543365,-1.68898868561,9.11553668976,18.8567504883,45.0205154419]],"icov":[[0.000258182524703,-0.0000565792433918,0.000497116765473,-0.000332884461386,0.000354065123247,-0.00000229466718338,0.00031196459895,-0.000510833691806,0.000405527825933,-0.000622377963737,0.000498746405356,-0.000241926580202,0.000422617711592],[-0.0000565792433918,0.00334462733008,0.000077027871157,0.00176185008604,-0.0021523903124,-0.000014242126781,-0.0010273065418,0.0022984223906,-0.00277681252919,0.00396251585335,-0.00295090046711,0.00249539013021,-0.00189621176105],[0.000497116765473,0.000077027871157,0.00298226904124,-0.0000500032874697,0.000384736602427,-0.00138815946411,0.00173627433833,-0.00119284878019,0.0000183084393939,-0.00153291749302,0.00124234275427,-0.00187643337995,0.0010531701846],[-0.000332884461386,0.00176185008604,-0.0000500032874697,0.00424224464223,-0.00125293154269,-0.00160827802029,0.000856663275044,0.000926442269702,-0.00120585341938,0.00395784853026,-0.00310350954533,0.00313681527041,-0.00212906533852],[0.000354065123247,-0.0021523903124,0.000384736602427,-0.00125293154269,0.00774459494278,0.0000567674651393,-0.00192155269906,0.0000504351701238,-0.00250150333159,-0.000596672180109,0.00098850519862,-0.00102823751513,0.00223621842451],[-0.00000229466718338,-0.000014242126781,-0.00138815946411,-0.00160827802029,0.0000567674651393,0.0100278770551,-0.00267619639635,-0.00267296866514,0.00333828339353,-0.00133377232123,0.000149959305418,0.000226311021834,0.0000983601275948],[0.00031196459895,-0.0010273065418,0.00173627433833,0.000856663275044,-0.00192155269906,-0.00267619639635,0.0113850506023,-0.00459001399577,-0.00000557169096282,0.00180530454963,-0.00161283323541,0.000314180942951,-0.000636795477476],[-0.000510833691806,0.0022984223906,-0.00119284878019,0.000926442269702,0.0000504351701238,-0.00267296866514,-0.00459001399577,0.0206440296024,-0.00657778326422,0.00019929058908,0.00212436914444,-0.00113370199688,-0.00120558135677],[0.000405527825933,-0.00277681252919,0.0000183084393939,-0.00120585341938,-0.00250150333159,0.00333828339353,-0.00000557169096282,-0.00657778326422,0.0253359321505,-0.0112346224487,-0.000256720668403,0.00415862398222,-0.00290471478365],[-0.000622377963737,0.00396251585335,-0.00153291749302,0.00395784853026,-0.000596672180109,-0.00133377232123,0.00180530454963,0.00019929058908,-0.0112346224487,0.0272527132183,-0.0126392273232,0.00218364503235,-0.0000444537399744],[0.000498746405356,-0.00295090046711,0.00124234275427,-0.00310350954533,0.00098850519862,0.000149959305418,-0.00161283323541,0.00212436914444,-0.000256720668403,-0.0126392273232,0.0319975987077,-0.0142278345302,0.00264087086543],[-0.000241926580202,0.00249539013021,-0.00187643337995,0.00313681527041,-0.00102823751513,0.000226311021834,0.000314180942951,-0.00113370199688,0.00415862398222,0.00218364503235,-0.0142278345302,0.0312212854624,-0.0130411880091],[0.000422617711592,-0.00189621176105,0.0010531701846,-0.00212906533852,0.00223621842451,0.0000983601275948,-0.000636795477476,-0.00120558135677,-0.00290471478365,-0.0000444537399744,0.00264087086543,-0.0130411880091,0.0298684630543]],"mean":[17.2464599609,110.548980713,-127.964187622,45.6150360107,-50.993976593,8.94541740417,-32.2999954224,2.86843013763,-23.2392063141,-3.24974918365,-12.3609685898,-7.83407735825,-8.18544864655]},"hfc":{"dmean":5.92152070999,"dmean2":9.71933269501,"dvar":70.1269378662,"dvar2":177.111709595,"max":132.722732544,"mean":22.7395267487,"median":20.8708286285,"min":1.17227652599e-16,"var":200.416778564},"melbands":{"dmean":[0.00125534913968,0.0022537864279,0.0014861735981,0.000610089336988,0.000430794432759,0.000426915066782,0.000320072838804,0.000103598074929,0.000104962724436,0.000130133426865,0.000118756805023,0.0000759640897741,0.0000500876631122,0.0000387365253118,0.0000520788344147,0.0000382242797059,0.0000356546697731,0.0000305846260744,0.0000224508221436,0.0000238495667872,0.0000154248373292,0.000015242903828,0.00001305175374,0.0000097093761724,0.000011229834854,0.0000115117945825,0.00000938063749345,0.0000072904344961,0.00000386549208997,0.00000288480032395,0.00000262905291493,0.00000175956370185,0.00000115877514872,7.82871268257e-7,8.41119515371e-7,7.25296843029e-7,6.08604182162e-7,4.07881657338e-7,2.91533922336e-7,1.93314832586e-7],"dmean2":[0.00216554664075,0.00393348513171,0.00260777655058,0.0010380995227,0.000733015476726,0.000718459195923,0.000542115187272,0.000173845532117,0.000170676808921,0.000209767851629,0.000188979858649,0.000120493808936,0.0000803734219517,0.0000632376395515,0.0000829143536976,0.0000615438475506,0.0000581671993132,0.0000501823196828,0.0000367250540876,0.000038321766624,0.0000253470443567,0.0000249379827437,0.0000217511733354,0.0000161761454365,0.0000185297249118,0.0000188671401702,0.0000153204600792,0.000011921206351,0.0000062567387431,0.0000048962388064,0.00000444474972028,0.00000298320401271,0.0000019920134946,0.00000135082655106,0.00000139926510201,0.00000117549336665,9.72038947111e-7,6.35650508229e-7,4.58137463966e-7,2.97341273381e-7],"dvar":[0.0000080208392319,0.0000150364940055,0.00000485871805722,6.23445771453e-7,5.6452984154e-7,7.10141250693e-7,4.47843063967e-7,3.00464257919e-8,3.18674011623e-8,6.10842647575e-8,7.31127585141e-8,2.63461306105e-8,1.13260387735e-8,5.21703569234e-9,1.18500498303e-8,5.91540461059e-9,3.94023569328e-9,4.0530334644e-9,1.42443079554e-9,1.91384330606e-9,7.10069891774e-10,6.48111786461e-10,3.83200610132e-10,2.75541423012e-10,2.98766095197e-10,3.89751592111e-10,2.91025981092e-10,1.54466037183e-10,4.75698404279e-11,2.73664806094e-11,1.87268898305e-11,9.9684366664e-12,5.2156213376e-12,3.23713430193e-12,4.17504832789e-12,4.50355724935e-12,5.77651771902e-12,4.31451966168e-12,1.67345878908e-12,6.34574857938e-13],"dvar2":[0.0000216308271774,0.0000426902552135,0.0000135963709909,0.00000170773137143,0.00000154423503318,0.0000018802932118,0.00000114210286029,8.15424812117e-8,7.67478880448e-8,1.49267577854e-7,1.72066350501e-7,5.82130930127e-8,2.74310885118e-8,1.30466357717e-8,2.77574283558e-8,1.37722091509e-8,9.76026104382e-9,1.00967092465e-8,3.53674889375e-9,4.06709999012e-9,1.58763335811e-9,1.48018874935e-9,9.82004366712e-10,7.15047521194e-10,7.18864967553e-10,8.7839091556e-10,6.75387412663e-10,3.86508602901e-10,1.04887376562e-10,7.06494723834e-11,4.91003175618e-11,2.56293736234e-11,1.36627289343e-11,8.73027431597e-12,9.91837861841e-12,9.98192153934e-12,1.35558855807e-11,9.75191455366e-12,3.42250598521e-12,1.41063484678e-12],"max":[0.0253167953342,0.0344059504569,0.0224652215838,0.00885672308505,0.0121641838923,0.0230113305151,0.0126094007865,0.00318994186819,0.00341944093816,0.00807568989694,0.00488181225955,0.00380328763276,0.00257680471987,0.00212231976911,0.0032512662001,0.00182480679359,0.00110260013025,0.00196217792109,0.000834518054035,0.000975778442807,0.0011127255857,0.000711420492735,0.000585373491049,0.00045012118062,0.000465302437078,0.000629030168056,0.000574316421989,0.000420186290285,0.000248823460424,0.000192261883058,0.000130511063617,0.0000712260807632,0.0000498234585393,0.0000347511704604,0.0000567827119085,0.0000626977271168,0.0000892407188076,0.0000616686520516,0.0000531908226549,0.0000358149118256],"mean":[0.00131603667978,0.00287692900747,0.001959834015,0.000933268573135,0.000621373415925,0.000593329139519,0.000438581075286,0.000158944458235,0.000166820260347,0.000208408222534,0.000195572283701,0.000129384541651,0.0000907809953787,0.000070333480835,0.0000972629350144,0.0000695124908816,0.0000626404071227,0.0000532015401404,0.0000399171331082,0.0000444247561973,0.0000304435561702,0.0000295951194857,0.0000260454980889,0.0000188910235011,0.000023222357413,0.0000235751813307,0.0000184380569408,0.0000146227994264,0.00000806265779829,0.00000568435007153,0.00000505542357132,0.0000032725379242,0.00000201754824047,0.00000128310125547,0.00000145490707837,0.00000128198723814,0.00000109302391138,6.68318762109e-7,5.00989870034e-7,3.52812861593e-7],"median":[0.000625756569207,0.00169553852174,0.00132022914477,0.000671901390888,0.00038083945401,0.000268577830866,0.00015714559413,0.0000991657580016,0.0000855148973642,0.0000967893720372,0.0000584225163038,0.0000534383943886,0.0000394833696191,0.0000372676513507,0.0000407438601542,0.0000363422368537,0.0000340917504218,0.0000308480521198,0.0000254834340012,0.0000275179481832,0.00002159657015,0.000019519480702,0.000019544204406,0.0000126740687847,0.0000165923993336,0.0000164636148838,0.0000111581211968,0.00000919593185245,0.00000560710032005,0.00000423109486292,0.00000383751194022,0.00000237814401771,0.0000013866624613,7.81354913215e-7,8.62416527525e-7,6.91088416716e-7,6.04479112098e-7,3.15834142839e-7,2.45206933869e-7,1.87290396525e-7],"min":[1.22360838209e-23,1.75984975639e-23,1.05027647189e-23,5.73809612735e-24,1.32827058158e-23,1.13428226969e-23,7.33235088464e-24,4.6940596241e-24,3.03331138668e-24,8.43844589201e-24,6.76766610488e-24,1.16552202928e-23,1.12422381983e-23,6.40631377332e-24,1.00579394651e-23,1.27422138222e-23,1.53213243432e-23,1.97170876545e-23,8.60091810633e-24,1.1044025063e-23,1.38037421328e-23,1.4749706265e-23,1.78109094067e-23,1.41255942267e-23,8.74680057581e-24,5.83422001194e-24,6.02435047846e-24,1.01294512839e-23,9.18368278917e-24,7.90485485369e-24,6.51719290671e-24,1.05640331788e-23,1.02921830334e-23,8.63152590945e-24,9.35396235987e-24,9.39026968303e-24,9.98766773567e-24,1.00321878897e-23,9.69280336221e-24,8.37857608247e-24],"var":[0.00000605362356509,0.0000133194407681,0.00000439853874923,7.74125794578e-7,6.45267448363e-7,9.08704009817e-7,6.99964743944e-7,4.23012807005e-8,6.21508391419e-8,1.15065567741e-7,1.69998102706e-7,6.74321896099e-8,3.17575832298e-8,1.13871063689e-8,3.30732774501e-8,1.42908085365e-8,8.22076096085e-9,7.74850317242e-9,2.54104004505e-9,4.4166590385e-9,1.4645241686e-9,1.51851198282e-9,7.02156166543e-10,5.39648603581e-10,6.81821488158e-10,8.87938500505e-10,6.85357381958e-10,3.81544462691e-10,1.18173984487e-10,4.61277960273e-11,2.82352925762e-11,1.44353600254e-11,6.81139389683e-12,3.54780918185e-12,6.93861678183e-12,9.06141914975e-12,9.01918643936e-12,5.88607244542e-12,3.21554827036e-12,1.09919755589e-12]},"melbands_crest":{"dmean":3.89956331253,"dmean2":6.55289459229,"dvar":10.4208135605,"dvar2":28.9415454865,"max":35.4929237366,"mean":13.8889932632,"median":13.0987606049,"min":1.92875635624,"var":27.1991958618},"melbands_flatness_db":{"dmean":0.0270804148167,"dmean2":0.0436031781137,"dvar":0.000608002475929,"dvar2":0.00155462010298,"max":0.645263910294,"mean":0.191405743361,"median":0.177499324083,"min":0.00467543955892,"var":0.00506496336311},"melbands_kurtosis":{"dmean":7.59844779968,"dmean2":12.6871881485,"dvar":139.163040161,"dvar2":366.695831299,"max":277.93536377,"mean":13.2836093903,"median":8.3564081192,"min":-1.63663506508,"var":263.208557129},"melbands_skewness":{"dmean":0.813915193081,"dmean2":1.33143746853,"dvar":0.7075740695,"dvar2":1.85454952717,"max":11.038895607,"mean":2.89091038704,"median":2.64106607437,"min":-0.223702758551,"var":2.26197504997},"melbands_spread":{"dmean":6.9548406601,"dmean2":11.1856803894,"dvar":55.8241882324,"dvar2":130.21496582,"max":147.218963623,"mean":23.0393333435,"median":20.5789833069,"min":0.542010188103,"var":198.07598877},"mfcc":{"cov":[[6338.84765625,-565.723754883,-447.565307617,332.991607666,-304.909332275,-68.024887085,-142.19934082,-126.914909363,-120.009361267,-20.467300415,-129.585571289,-38.1453399658,-78.7084197998],[-565.723754883,925.862548828,-298.629852295,-95.3184280396,73.4136276245,-0.409862965345,56.4234809875,50.0989952087,59.549949646,3.9447350502,63.4267539978,-13.6801071167,14.2925739288],[-447.565307617,-298.629852295,549.778076172,-22.8747901917,36.2589149475,8.64049720764,-30.3172416687,-23.1054134369,-30.2174739838,6.79107666016,-19.0254135132,26.2507457733,0.268496751785],[332.991607666,-95.3184280396,-22.8747901917,218.172302246,32.0288658142,36.3715438843,1.74897229671,10.4110927582,0.614182889462,-2.49597048759,-14.68064785,-2.92492246628,-0.212255880237],[-304.909332275,73.4136276245,36.2589149475,32.0288658142,151.727600098,24.1614589691,0.96900844574,10.220076561,8.83331775665,6.94043064117,13.5993041992,2.87881040573,5.13018941879],[-68.024887085,-0.409862965345,8.64049720764,36.3715438843,24.1614589691,98.1902389526,38.9301986694,26.7231464386,8.2866563797,3.86913633347,6.31350374222,8.04277133942,-1.08415544033],[-142.19934082,56.4234809875,-30.3172416687,1.74897229671,0.96900844574,38.9301986694,90.6725234985,50.8538360596,19.7989997864,6.76767539978,10.1135368347,4.12920808792,3.84283018112],[-126.914909363,50.0989952087,-23.1054134369,10.4110927582,10.220076561,26.7231464386,50.8538360596,85.6563262939,29.071975708,0.628684401512,4.68821763992,-1.35222399235,-1.10151302814],[-120.009361267,59.549949646,-30.2174739838,0.614182889462,8.83331775665,8.2866563797,19.7989997864,29.071975708,63.165802002,25.2232437134,10.8299856186,-4.11756563187,0.604229927063],[-20.467300415,3.9447350502,6.79107666016,-2.49597048759,6.94043064117,3.86913633347,6.76767539978,0.628684401512,25.2232437134,66.1066741943,19.5133876801,3.0705537796,0.299224317074],[-129.585571289,63.4267539978,-19.0254135132,-14.68064785,13.5993041992,6.31350374222,10.1135368347,4.68821763992,10.8299856186,19.5133876801,50.0013542175,18.1412715912,3.36688780785],[-38.1453399658,-13.6801071167,26.2507457733,-2.92492246628,2.87881040573,8.04277133942,4.12920808792,-1.35222399235,-4.11756563187,3.0705537796,18.1412715912,48.0922546387,21.6154842377],[-78.7084197998,14.2925739288,0.268496751785,-0.212255880237,5.13018941879,-1.08415544033,3.84283018112,-1.10151302814,0.604229927063,0.299224317074,3.36688780785,21.6154842377,50.1115875244]],"icov":[[0.000251073361142,0.0000889413859113,0.000285730027827,-0.000359919475159,0.000396015908336,0.000041541934479,0.000261019857135,0.000074143819802,0.000372518581571,-0.000319257029332,0.000503117160406,-0.00032740275492,0.000412734138081],[0.0000889413859113,0.00180843728594,0.000981438788585,0.000799039844424,-0.000970236898866,0.000178944537765,-0.000411607092246,-0.000124177255202,-0.000725226069335,0.000664359424263,-0.00149354501627,0.000843570102006,-0.000504681898747],[0.000285730027827,0.000981438788585,0.00291629671119,0.000542994763236,-0.000819431967102,-0.000297147693345,0.000716675829608,-0.0000935719072004,0.000953296432272,-0.00100123125594,0.00170785165392,-0.00191304110922,0.000880906241946],[-0.000359919475159,0.000799039844424,0.000542994763236,0.00631877360865,-0.00222661183216,-0.00209146854468,0.000386406492908,-0.00076230452396,-0.000669080298394,0.000321144296322,0.000899402599316,0.000434214598499,-0.00087461824296],[0.000396015908336,-0.000970236898866,-0.000819431967102,-0.00222661183216,0.00894238427281,-0.00166150717996,0.00205646385439,-0.000638932688162,0.000462042458821,-0.000675442919601,-0.00134160416201,0.000682394485921,-0.000435225578258],[0.000041541934479,0.000178944537765,-0.000297147693345,-0.00209146854468,-0.00166150717996,0.0141147878021,-0.00571677461267,-0.000734010653105,0.000155203320901,0.00000781457947596,-0.000227917946177,-0.00246346346103,0.00198067445308],[0.000261019857135,-0.000411607092246,0.000716675829608,0.000386406492908,0.00205646385439,-0.00571677461267,0.0199515428394,-0.00977107975632,0.000759715738241,-0.00188534951303,-0.00055033841636,-0.000445010780822,-0.00132279109675],[0.000074143819802,-0.000124177255202,-0.0000935719072004,-0.00076230452396,-0.000638932688162,-0.000734010653105,-0.00977107975632,0.020559553057,-0.00757483858615,0.00364484218881,0.000584579654969,-0.000171634223079,0.0015042272862],[0.000372518581571,-0.000725226069335,0.000953296432272,-0.000669080298394,0.000462042458821,0.000155203320901,0.000759715738241,-0.00757483858615,0.024828761816,-0.00962624698877,0.0000851334552863,0.00221339915879,-0.00068706314778],[-0.000319257029332,0.000664359424263,-0.00100123125594,0.000321144296322,-0.000675442919601,0.00000781457947596,-0.00188534951303,0.00364484218881,-0.00962624698877,0.0215061791241,-0.00882127229124,0.00229502026923,-0.000799805740826],[0.000503117160406,-0.00149354501627,0.00170785165392,0.000899402599316,-0.00134160416201,-0.000227917946177,-0.00055033841636,0.000584579654969,0.0000851334552863,-0.00882127229124,0.0331308655441,-0.015257479623,0.00580526143312],[-0.00032740275492,0.000843570102006,-0.00191304110922,0.000434214598499,0.000682394485921,-0.00246346346103,-0.000445010780822,-0.000171634223079,0.00221339915879,0.00229502026923,-0.015257479623,0.0347092933953,-0.0148225799203],[0.000412734138081,-0.000504681898747,0.000880906241946,-0.00087461824296,-0.000435225578258,0.00198067445308,-0.00132279109675,0.0015042272862,-0.00068706314778,-0.000799805740826,0.00580526143312,-0.0148225799203,0.0269778538495]],"mean":[-612.345703125,125.99306488,-9.55850601196,34.9561805725,4.41309022903,7.72512817383,3.7325398922,2.01494455338,-1.92267918587,2.43116354942,-3.04818153381,-1.55209100246,-4.05154275894]},"pitch_salience":{"dmean":0.0840389877558,"dmean2":0.140306681395,"dvar":0.00501515669748,"dvar2":0.0138855641708,"max":0.876106500626,"mean":0.608403801918,"median":0.620850205421,"min":0.118110843003,"var":0.0118296071887},"silence_rate_20dB":{"dmean":0,"dmean2":0,"dvar":0,"dvar2":0,"max":1,"mean":1,"median":1,"min":1,"var":0},"silence_rate_30dB":{"dmean":0.000802460883278,"dmean2":0.00160513643641,"dvar":0.000801834685262,"dvar2":0.00213772011921,"max":1,"mean":0.999465107918,"median":1,"min":0,"var":0.000534590450116},"silence_rate_60dB":{"dmean":0.00294235651381,"dmean2":0.00588550046086,"dvar":0.0029341140762,"dvar2":0.00772321922705,"max":1,"mean":0.0291521791369,"median":0,"min":0,"var":0.0283068772405},"spectral_centroid":{"dmean":262.464660645,"dmean2":414.731018066,"dvar":68100.4609375,"dvar2":146822.0625,"max":10554.0371094,"mean":1431.59545898,"median":1384.68579102,"min":165.187469482,"var":286101.625},"spectral_complexity":{"dmean":4.77785205841,"dmean2":7.38309240341,"dvar":18.6498699188,"dvar2":40.5801887512,"max":63,"mean":29.6846752167,"median":31,"min":0,"var":122.592124939},"spectral_contrast_coeffs":{"dmean":[0.0579948201776,0.0499088466167,0.0374080017209,0.0267627220601,0.0188306178898,0.0170699935406],"dmean2":[0.0963778346777,0.083434574306,0.0623119138181,0.0449535250664,0.0313818603754,0.0275069270283],"dvar":[0.00212360499427,0.00155009375885,0.00086412508972,0.000454680965049,0.000224417715799,0.000218074666918],"dvar2":[0.00589309819043,0.00423701340333,0.0023268442601,0.00124427676201,0.000610614893958,0.000541235727724],"max":[-0.334393680096,-0.393975287676,-0.54255759716,-0.63570278883,-0.650916039944,-0.593661665916],"mean":[-0.633190751076,-0.758981704712,-0.800327718258,-0.809847712517,-0.803448975086,-0.733885407448],"median":[-0.632394433022,-0.768065154552,-0.809966564178,-0.816504120827,-0.808141350746,-0.734825730324],"min":[-0.952010333538,-0.968209207058,-0.959498882294,-0.963669598103,-0.954667031765,-0.964430868626],"var":[0.00498988106847,0.00458671618253,0.00322437938303,0.00164906401187,0.0011220270535,0.00176544371061]},"spectral_contrast_valleys":{"dmean":[0.426670491695,0.348937094212,0.288940876722,0.233944311738,0.204349607229,0.213795617223],"dmean2":[0.709169566631,0.586407959461,0.475032150745,0.377625316381,0.321004211903,0.337645322084],"dvar":[0.143281146884,0.109236367047,0.0739087313414,0.054674051702,0.0532675050199,0.0820029601455],"dvar2":[0.348836421967,0.257679194212,0.156693205237,0.108709082007,0.100169450045,0.17521995306],"max":[-4.9759054184,-4.49343204498,-5.19555425644,-5.71631908417,-5.59094142914,-7.470662117],"mean":[-6.77479076385,-6.32655286789,-6.8224401474,-7.00863647461,-6.96341371536,-10.2104291916],"median":[-6.67559337616,-6.22447490692,-6.73644447327,-6.84776353836,-6.70788764954,-9.92224693298],"min":[-27.8249950409,-27.1894378662,-27.350933075,-27.3598098755,-27.2553482056,-27.0887374878],"var":[0.70028346777,0.764383196831,0.780546784401,1.00890290737,1.55070888996,1.78241336346]},"spectral_decrease":{"dmean":3.66802233032e-9,"dmean2":6.27063201364e-9,"dvar":2.82995858347e-17,"dvar2":7.67778787532e-17,"max":8.65397963064e-30,"mean":-8.56343795874e-9,"median":-7.62579155378e-9,"min":-4.74900119229e-8,"var":2.9755850538e-17},"spectral_energy":{"dmean":0.014222974889,"dmean2":0.0243114326149,"dvar":0.00042093617958,"dvar2":0.00114136864431,"max":0.184710949659,"mean":0.0343828871846,"median":0.0309386383742,"min":1.0600229077e-20,"var":0.000452469452284},"spectral_energyband_high":{"dmean":0.000321881117998,"dmean2":0.000514190003742,"dvar":3.98764512965e-7,"dvar2":8.64677815571e-7,"max":0.0166184790432,"mean":0.000805602117907,"median":0.000596797908656,"min":7.85278663869e-21,"var":0.00000101293358057},"spectral_energyband_low":{"dmean":0.0100653301924,"dmean2":0.0173160862178,"dvar":0.000312951684464,"dvar2":0.000860016385559,"max":0.159329041839,"mean":0.0139447674155,"median":0.00928642787039,"min":8.77714474162e-23,"var":0.000269684911473},"spectral_energyband_middle_high":{"dmean":0.00180498091504,"dmean2":0.002828421304,"dvar":0.00000499713542013,"dvar2":0.0000120856966532,"max":0.0451226457953,"mean":0.00668170349672,"median":0.00512373773381,"min":1.6848568459e-21,"var":0.0000286504182441},"spectral_energyband_middle_low":{"dmean":0.00728196371347,"dmean2":0.0123254964128,"dvar":0.00010761548765,"dvar2":0.000289906805847,"max":0.131288424134,"mean":0.0152181824669,"median":0.0124585349113,"min":2.34453878653e-22,"var":0.000135929571115},"spectral_entropy":{"dmean":0.0983807295561,"dmean2":0.153352349997,"dvar":0.0080448044464,"dvar2":0.018132256344,"max":9.79680538177,"mean":7.72531700134,"median":7.7869758606,"min":5.84496068954,"var":0.0929370224476},"spectral_flux":{"dmean":0.02947104536,"dmean2":0.0463882833719,"dvar":0.00126274034847,"dvar2":0.00222861091606,"max":0.363917171955,"mean":0.107896275818,"median":0.0980999618769,"min":1.02957413428e-10,"var":0.00253636669368},"spectral_kurtosis":{"dmean":1.81994915009,"dmean2":3.21706318855,"dvar":21.7611312866,"dvar2":70.1704025269,"max":154.266906738,"mean":5.18712949753,"median":3.13815784454,"min":-1.19032239914,"var":141.514022827},"spectral_rms":{"dmean":0.00108566065319,"dmean2":0.0018066909397,"dvar":0.00000165890560311,"dvar2":0.00000439606174041,"max":0.0134240761399,"mean":0.0055212713778,"median":0.00549400039017,"min":3.21584946172e-12,"var":0.00000305969683723},"spectral_rolloff":{"dmean":457.97668457,"dmean2":759.111633301,"dvar":350184.5,"dvar2":765852.0625,"max":18518.5546875,"mean":1266.89880371,"median":1141.25976563,"min":64.599609375,"var":889436},"spectral_skewness":{"dmean":0.199433401227,"dmean2":0.336507558823,"dvar":0.0830272436142,"dvar2":0.263223171234,"max":9.82468795776,"mean":1.33264005184,"median":1.20903396606,"min":0.065457008779,"var":0.657422661781},"spectral_spread":{"dmean":290930.59375,"dmean2":449139.71875,"dvar":204142641152,"dvar2":296199979008,"max":38934436,"mean":3826568.25,"median":3885729.5,"min":549345.4375,"var":1075396280320},"spectral_strongpeak":{"dmean":0.480880141258,"dmean2":0.82673817873,"dvar":0.586561739445,"dvar2":1.46362745762,"max":9.83975601196,"mean":0.717339217663,"median":0.395616859198,"min":0,"var":0.823359906673},"zerocrossingrate":{"dmean":0.00772322900593,"dmean2":0.00973708275706,"dvar":0.0000794032603153,"dvar2":0.0000950089815888,"max":0.49853515625,"mean":0.0537158995867,"median":0.05224609375,"min":0.00244140625,"var":0.00050118251238}},"metadata":{"audio_properties":{"analysis_sample_rate":44100,"bit_rate":0,"codec":"flac","downmix":"mix","equal_loudness":0,"length":173.599975586,"lossless":true,"md5_encoded":"3928ce8f329e90e48320e3076b2ea6c7","replay_gain":-13.0059947968,"sample_rate":44100},"tags":{"acoustid_id":["2d69f309-06dc-44bf-916d-6e3800f5b28e"],"album":["Bad Magic"],"albumartist":["Motörhead"],"albumartistsort":["Motörhead"],"artist":["Motörhead"],"artistsort":["Motörhead"],"asin":["B00YPB27Z6"],"barcode":["825646077441"],"catalognumber":["UDR 057P01"],"date":["2015-08-28"],"discnumber":["1"],"disctotal":["1"],"file_name":"05 - The Devil.flac","genre":["Metal"],"label":["UDR"],"media":["CD"],"musicbrainz_albumartistid":["57961a97-3796-4bf7-9f02-a985a8979ae9"],"musicbrainz_albumid":["389e50fe-cca0-4519-92ed-2166a312aac3"],"musicbrainz_artistid":["57961a97-3796-4bf7-9f02-a985a8979ae9"],"musicbrainz_recordingid":["587dd6a0-88ea-4d8e-a6d4-1b7d9352cedf"],"musicbrainz_releasegroupid":["37d8c756-b81f-45ed-9c74-e6b28a34c285"],"musicbrainz_releasetrackid":["7b07aa3c-52cf-4fcb-b716-e3b9afe62266"],"originaldate":["2015-08-28"],"releasecountry":["XE"],"releasestatus":["official"],"releasetype":["album"],"script":["Latn"],"title":["The Devil"],"totaldiscs":["1"],"totaltracks":["13"],"tracknumber":["5"],"tracktotal":["13"]},"version":{"essentia":"2.1-beta2","essentia_build_sha":"2d9f1f26377add8aeb1075a9c2973f962c4f09fd","essentia_git_sha":"v2.1_beta2-1-ge3940c0","extractor":"music 1.0"}},"rhythm":{"beats_count":274,"beats_loudness":{"dmean":0.00970094371587,"dmean2":0.016027348116,"dvar":0.0000908582806005,"dvar2":0.000236938984017,"max":0.0876057222486,"mean":0.0344683788717,"median":0.034815095365,"min":7.54231592737e-8,"var":0.000187097422895},"beats_loudness_band_ratio":{"dmean":[0.181731268764,0.111480072141,0.0881482586265,0.066824413836,0.0508613660932,0.0326521582901],"dm