{"lowlevel":{"average_loudness":0.808732151985,"barkbands":{"dmean":[0.00302764028311,0.00839252397418,0.00277664279565,0.00117921759374,0.00144881522283,0.00127183645964,0.000981116434559,0.000677777570672,0.000883751374204,0.000769816339016,0.000473444466479,0.000479552749312,0.000297183782095,0.000291522534098,0.000233405866311,0.000223680821364,0.000156639143825,0.000100271121482,0.0000844574315124,0.000098928278021,0.0000707505168975,0.0000400483731937,0.0000246799754677,0.00000903011459741,0.00000248428955274,0.0000160356503329,0.000312040065182],"dmean2":[0.00546685373411,0.0147692039609,0.00477387616411,0.00200144201517,0.00234091584571,0.00203490001149,0.00157322676387,0.00107965094503,0.00140711211134,0.00124289107043,0.000753134314436,0.000780860020313,0.000480875489302,0.000478908506921,0.000371952890418,0.000364499399439,0.000256290950347,0.000161046627909,0.000127654173411,0.000139744224725,0.0000977751333266,0.0000577272512601,0.0000355270785803,0.0000133329813252,0.00000461195122625,0.0000226620777539,0.000465307297418],"dvar":[0.0000310564391839,0.00013182888506,0.0000180605711648,0.00000572757426198,0.000008368005183,0.00000971413555817,0.00000536659763384,0.00000609853896094,0.00000424368363383,0.00000250269931712,0.00000180580639153,0.00000114866679723,2.9793963563e-7,1.83768136708e-7,1.47176834275e-7,3.46283570707e-7,5.60406405725e-8,4.16105940815e-8,6.43347419782e-8,2.31041624943e-7,7.95633994244e-8,1.02654444945e-8,1.79136694367e-9,2.12322256998e-10,2.19745124874e-11,6.59519439061e-10,3.65938774394e-7],"dvar2":[0.0000935734278755,0.000396835035644,0.0000519808090758,0.0000156054047693,0.0000208093224501,0.0000235099141719,0.0000135145828608,0.0000144045643538,0.0000101264568002,0.00000641618953523,0.00000438300776295,0.00000297871110888,7.47245962884e-7,4.81511733597e-7,3.59549403584e-7,9.60535885497e-7,1.44986032069e-7,1.04783175914e-7,1.47744970036e-7,4.4160788093e-7,1.54231727834e-7,2.05923722518e-8,3.72594666231e-9,4.28698659904e-10,6.02156102758e-11,1.22890675414e-9,8.25790834824e-7],"max":[0.0950135439634,0.158974707127,0.136018127203,0.0449556931853,0.0728492587805,0.0793085694313,0.0597550347447,0.092237599194,0.0472080931067,0.05053050071,0.0495766215026,0.0257547684014,0.0163713153452,0.00770125864074,0.0104602891952,0.0297684352845,0.0066275424324,0.0121325952932,0.0140994014218,0.0309685561806,0.0126205328852,0.00513089587912,0.00077737151878,0.000378055643523,0.0000839298809296,0.000517854234204,0.0380061008036],"mean":[0.00337011949159,0.0128377331421,0.00355524825864,0.00144604418892,0.0021502522286,0.00194900564384,0.00156119500753,0.00094959611306,0.00139851600397,0.00125322327949,0.000765316653997,0.000827475043479,0.000535946106538,0.000564384507015,0.000471911451314,0.000442399526946,0.000325081025949,0.000222420945647,0.00019016751321,0.000208702113014,0.000163327262271,0.0000916214703466,0.0000566989365325,0.0000188911944861,0.00000236179766944,0.0000378336335416,0.00118570541963],"median":[0.00118156080134,0.00778066832572,0.00195908918977,0.000585737172514,0.000825346796773,0.000638502184302,0.000588553608395,0.000316676567309,0.000598832208198,0.000574533944018,0.000280535285128,0.000371659582015,0.000316000834573,0.000392604328226,0.0002720807679,0.000258660060354,0.000215248641325,0.000120581542433,0.0000737070076866,0.0000466206474812,0.0000441020456492,0.0000257092178799,0.0000129202917378,0.00000419206844526,5.87195074786e-7,0.00000974144677457,0.000969762448221],"min":[1.79715262202e-23,1.32761361821e-23,1.38085305185e-23,1.64565677611e-23,1.1398730847e-22,5.61386552313e-23,1.51263841918e-23,1.28311365901e-23,8.49137451445e-23,8.20423798019e-23,2.47220121967e-22,1.10160916561e-22,1.39362906441e-22,6.57901159712e-23,1.33603552879e-22,1.39066875343e-22,2.0504929667e-22,2.7833095329e-22,2.28764336125e-22,2.95113672437e-22,5.2154616097e-22,9.04543810253e-22,7.63167516211e-22,6.92391673101e-22,8.71679132879e-22,1.38881534682e-21,2.40272562128e-21],"var":[0.0000332208583131,0.000220059548155,0.0000228844619414,0.00000773674764787,0.0000155718225869,0.0000190090959222,0.00000992305558611,0.00000927362270886,0.00000783774612501,0.00000474302896691,0.00000385281600757,0.00000240137092078,6.31726948086e-7,4.10547187357e-7,3.77638343707e-7,6.27250983598e-7,1.52195823944e-7,1.15934575717e-7,1.96094717353e-7,8.1533158891e-7,3.25899321751e-7,4.1750340074e-8,7.94595944598e-9,8.91402451852e-10,2.25035996781e-11,3.26628057934e-9,0.0000017000166963]},"barkbands_crest":{"dmean":3.2628030777,"dmean2":5.59114360809,"dvar":7.21279478073,"dvar2":20.2382736206,"max":25.984872818,"mean":10.7051210403,"median":9.96335029602,"min":2.61338496208,"var":18.884098053},"barkbands_flatness_db":{"dmean":0.0303566586226,"dmean2":0.0500859580934,"dvar":0.000857770210132,"dvar2":0.0020424129907,"max":0.520826518536,"mean":0.140284359455,"median":0.12834918499,"min":0.0287110805511,"var":0.00363729335368},"barkbands_kurtosis":{"dmean":5.70522689819,"dmean2":9.30174732208,"dvar":176.354446411,"dvar2":454.829345703,"max":485.310302734,"mean":9.23138999939,"median":4.05057954788,"min":-1.81882095337,"var":349.15524292},"barkbands_skewness":{"dmean":0.695735692978,"dmean2":1.12928569317,"dvar":0.611727893353,"dvar2":1.54197466373,"max":18.8249206543,"mean":2.27480220795,"median":1.93082726002,"min":-2.05464029312,"var":2.27316522598},"barkbands_spread":{"dmean":8.22813224792,"dmean2":13.1169071198,"dvar":65.6051483154,"dvar2":162.721832275,"max":130.948257446,"mean":32.1447715759,"median":30.5807609558,"min":0.604287087917,"var":359.881958008},"dissonance":{"dmean":0.0180919617414,"dmean2":0.0302525535226,"dvar":0.000405939528719,"dvar2":0.0010851433035,"max":0.500000119209,"mean":0.468543499708,"median":0.478057265282,"min":0.118282444775,"var":0.00114717613906},"dynamic_complexity":3.18379211426,"erbbands":{"dmean":[0.376981317997,1.57906627655,3.17131876945,3.42507219315,3.92886400223,5.62762832642,7.089427948,12.1440296173,12.445350647,14.7895946503,14.104268074,20.2076072693,21.7392921448,21.2613601685,19.7178573608,18.3646774292,13.91015625,13.0782737732,11.4338569641,13.5294494629,10.180352211,8.57718467712,5.37579059601,4.33416032791,4.72365617752,4.4725227356,3.49720358849,2.3057384491,1.52460372448,0.990069150925,0.702794969082,0.283004134893,0.108034931123,0.0309281405061,0.0173298958689,0.0209410768002,0.0333587639034,0.0296003241092,0.015851939097,0.00757400551811],"dmean2":[0.662765026093,2.78794741631,5.46122026443,5.83518075943,6.52518415451,9.09435844421,11.2688093185,19.6008625031,19.9023609161,23.8821258545,22.4830551147,32.3105201721,35.0694999695,33.9946174622,31.5790328979,29.5841178894,22.3654155731,21.6026477814,18.4382839203,21.2512321472,16.5024108887,13.9264469147,8.51877975464,6.68198347092,7.03866767883,6.2530875206,4.86103153229,3.33059334755,2.19797635078,1.42532038689,1.02221035957,0.406188428402,0.164050504565,0.0549222268164,0.0326019898057,0.0330291353166,0.046529725194,0.0399230904877,0.020795783028,0.0112407300621],"dvar":[0.351729989052,4.32037973404,20.4424152374,35.7281341553,59.7197761536,173.413803101,363.508972168,961.309753418,849.891113281,2544.54663086,2155.96557617,2001.69445801,2195.76489258,2206.72680664,2961.38085938,1573.93945312,656.744750977,352.338745117,313.190948486,698.027709961,436.510101318,176.748733521,110.614021301,125.718139648,297.006500244,561.039550781,214.234603882,85.4258346558,16.4444065094,3.88562679291,1.45695507526,0.214747235179,0.0295076128095,0.00323972036131,0.00107416242827,0.00115287455264,0.00272734975442,0.00318153225817,0.00177194282878,0.000190009508515],"dvar2":[1.05961382389,13.1664743423,59.6622047424,99.6231918335,149.188232422,438.735198975,831.640625,2389.47045898,2103.39526367,6468.36328125,5139.57275391,4722.91503906,5162.68701172,5429.49121094,7183.03759766,3958.375,1671.91442871,929.596130371,799.908508301,1706.07580566,1174.2701416,454.3359375,277.588653564,302.648620605,643.660827637,1067.09472656,413.364624023,186.219680786,32.086555481,8.0634765625,3.12771940231,0.428111225367,0.0610279589891,0.00862656347454,0.00296743004583,0.00257601449266,0.00489752134308,0.00592486187816,0.00291937449947,0.000436183967395],"max":[7.98192071915,38.5684623718,124.893547058,104.741630554,205.512893677,394.344085693,585.450622559,721.168212891,1080.52563477,2053.17382812,1822.51147461,953.642028809,1573.05957031,1404.3137207,2106.58740234,946.555908203,793.608703613,363.933837891,392.942871094,843.867736816,887.541503906,355.795196533,621.587402344,554.508056641,981.355224609,1701.52197266,783.637878418,495.239532471,206.342025757,51.3373031616,22.0405445099,14.0221767426,3.76677894592,1.26067018509,0.538936972618,0.961085438728,0.986666858196,1.45605099201,1.5440081358,0.874995291233],"mean":[0.542259216309,2.20116186142,4.32451200485,4.60112667084,5.29801559448,8.0531244278,10.4927358627,18.2427806854,21.1565322876,22.9252910614,22.177816391,32.1949996948,36.1712646484,36.3769454956,34.9934844971,33.4806976318,26.8909702301,26.6540317535,24.654006958,28.4721374512,22.1832141876,18.5909557343,12.6531496048,10.0655326843,10.4500551224,9.62333869934,7.81904745102,5.29403305054,3.44839835167,2.21740221977,1.57643067837,0.627813696861,0.214829951525,0.0393354929984,0.0152626456693,0.0387049950659,0.0801162347198,0.0792899131775,0.0548886917531,0.0358002223074],"median":[0.261216759682,1.36429595947,2.60083246231,2.38695430756,2.36346292496,2.60052537918,3.30308771133,6.21522760391,8.58384895325,8.39995193481,8.68795585632,14.1323442459,17.2013435364,16.2769241333,14.4365720749,15.6424064636,16.083694458,19.6116695404,16.7146682739,16.0362129211,14.1068992615,12.4735050201,7.27907371521,4.60819339752,3.43499732018,2.23985028267,1.97122871876,1.47712242603,0.999166548252,0.572367012501,0.329527854919,0.130681037903,0.0512306466699,0.0123086664826,0.00359652284533,0.01175718382,0.019626416266,0.0272043831646,0.0295001007617,0.0328704230487],"min":[7.92437714161e-22,1.90518355102e-21,1.45109709921e-20,3.2690620479e-20,2.98710273733e-19,3.50156203244e-19,4.97030806399e-19,2.89159827326e-19,1.46938580406e-19,2.93763345929e-19,6.46650563514e-19,1.90972801022e-18,3.09581463914e-18,3.69016438198e-18,1.05105555642e-17,4.9525842718e-18,6.63149249518e-18,3.48543139011e-18,8.1302937207e-18,5.6590101634e-18,9.95097284285e-18,9.61107523016e-18,1.42458318952e-17,1.25333728126e-17,1.16622258961e-17,1.70328250633e-17,2.29277839469e-17,1.97608733409e-17,2.80117137467e-17,2.96216355205e-17,2.10962886111e-17,1.3048980131e-17,1.25787502866e-17,8.09764242038e-18,7.67614923053e-18,4.53187648995e-18,3.1056297575e-18,1.21226668851e-18,2.99051692531e-19,3.76200870172e-20],"var":[0.563162147999,6.29851102829,27.8297576904,49.4144248962,85.2172317505,332.460784912,668.958740234,1667.25390625,1727.64685059,3856.03540039,3661.52856445,3820.68286133,4195.65039062,4578.34667969,6474.59033203,3570.69897461,1509.91711426,818.131835938,869.869689941,1810.16760254,949.668579102,490.59197998,327.099365234,377.730438232,874.208496094,1908.93188477,835.209716797,330.299926758,68.4931564331,14.1950244904,6.3299241066,0.998344480991,0.113451607525,0.00476731173694,0.0009715713677,0.00347676570527,0.0148296598345,0.01515178103,0.0105943847448,0.00105694856029]},"erbbands_crest":{"dmean":2.44119167328,"dmean2":3.96183013916,"dvar":5.7177734375,"dvar2":13.687661171,"max":30.3359889984,"mean":8.08254623413,"median":6.91784667969,"min":2.33709144592,"var":16.0795879364},"erbbands_flatness_db":{"dmean":0.024032054469,"dmean2":0.0388184562325,"dvar":0.000630531110801,"dvar2":0.00142775301356,"max":0.49349373579,"mean":0.142490148544,"median":0.134732216597,"min":0.0259941536933,"var":0.00261360709555},"erbbands_kurtosis":{"dmean":0.903838038445,"dmean2":1.43394649029,"dvar":1.63526213169,"dvar2":4.01370429993,"max":28.3017959595,"mean":0.684197962284,"median":0.218558192253,"min":-1.78043055534,"var":3.67556595802},"erbbands_skewness":{"dmean":0.351853311062,"dmean2":0.538436472416,"dvar":0.102274693549,"dvar2":0.227599322796,"max":3.64012312889,"mean":0.0713043734431,"median":0.038367010653,"min":-4.41574430466,"var":0.506963551044},"erbbands_spread":{"dmean":6.40430593491,"dmean2":9.96041679382,"dvar":37.535118103,"dvar2":85.8005371094,"max":108.625350952,"mean":30.2254123688,"median":28.1864013672,"min":1.61817991734,"var":168.431686401},"gfcc":{"cov":[[12548.1113281,-1532.13476562,-551.594421387,706.53326416,-254.710876465,134.470947266,117.609596252,194.262268066,-23.1505908966,160.62739563,20.3183841705,319.4140625,-154.49899292],[-1532.13476562,1400.69885254,-106.691398621,-421.309265137,289.639038086,-299.581939697,176.121490479,-197.624801636,142.236724854,-96.5228042603,46.9529953003,-102.618370056,106.530181885],[-551.594421387,-106.691398621,378.339233398,108.629638672,-162.150543213,135.468994141,-137.511383057,91.5165710449,-78.4807052612,28.1294651031,-2.82376146317,7.24085426331,-25.2477416992],[706.53326416,-421.309265137,108.629638672,494.634765625,-7.80513143539,49.1740226746,30.4978351593,41.7311859131,-23.8903636932,62.7819137573,-8.46601009369,60.1221199036,-61.6520843506],[-254.710876465,289.639038086,-162.150543213,-7.80513143539,343.296356201,-70.5433502197,134.138168335,-65.7524261475,104.229919434,-18.4941616058,9.94190216064,-44.8275299072,43.880859375],[134.470947266,-299.581939697,135.468994141,49.1740226746,-70.5433502197,243.455322266,-71.7756500244,103.178153992,-69.4682693481,8.47836685181,-12.6907587051,23.2106571198,-24.046131134],[117.609596252,176.121490479,-137.511383057,30.4978351593,134.138168335,-71.7756500244,233.024871826,-39.3304328918,86.7550506592,-3.09280371666,11.438129425,2.13902783394,9.54573631287],[194.262268066,-197.624801636,91.5165710449,41.7311859131,-65.7524261475,103.178153992,-39.3304328918,161.166427612,5.46638250351,47.0303649902,0.975445330143,4.64316034317,1.42658782005],[-23.1505908966,142.236724854,-78.4807052612,-23.8903636932,104.229919434,-69.4682693481,86.7550506592,5.46638250351,176.000564575,35.658164978,10.5684118271,-7.84074544907,0.920159399509],[160.62739563,-96.5228042603,28.1294651031,62.7819137573,-18.4941616058,8.47836685181,-3.09280371666,47.0303649902,35.658164978,86.6541748047,31.9665298462,14.1964254379,4.35499620438],[20.3183841705,46.9529953003,-2.82376146317,-8.46601009369,9.94190216064,-12.6907587051,11.438129425,0.975445330143,10.5684118271,31.9665298462,67.4343109131,33.0245475769,12.9647436142],[319.4140625,-102.618370056,7.24085426331,60.1221199036,-44.8275299072,23.2106571198,2.13902783394,4.64316034317,-7.84074544907,14.1964254379,33.0245475769,81.4943161011,6.57956171036],[-154.49899292,106.530181885,-25.2477416992,-61.6520843506,43.880859375,-24.046131134,9.54573631287,1.42658782005,0.920159399509,4.35499620438,12.9647436142,6.57956171036,80.4581069946]],"icov":[[0.000125165475765,-0.0000322374180541,0.000428151222877,-0.000170831568539,0.00011210777302,-0.000058222165535,0.0000587736867601,-0.000236380466959,0.000105622682895,-0.000173494554474,0.000165301767993,-0.0003973103303,0.000219196241233],[-0.0000322374180541,0.00286779901944,-0.00279627577402,0.00212129275315,-0.00146629870869,0.00245579378679,-0.0017392114969,0.00133209396154,-0.000891232280992,0.00233424641192,-0.00230931653641,0.00142954790499,-0.00125556625426],[0.000428151222877,-0.00279627577402,0.00936166197062,-0.00491999275982,0.00470987334847,-0.00519724749029,0.00373111758381,-0.00174672761932,-0.000531518249772,-0.000391641515307,-0.00140594341792,0.00232087611221,-0.000777418958023],[-0.000170831568539,0.00212129275315,-0.00491999275982,0.00745422532782,-0.0055068526417,0.00473891943693,-0.00293341488577,-0.000755662040319,0.00404682243243,-0.00540246115997,0.00605031941086,-0.00756197283044,0.00570197543129],[0.00011210777302,-0.00146629870869,0.00470987334847,-0.0055068526417,0.0106084132567,-0.00593123678118,0.000299166771583,0.00333704031073,-0.00651328964159,0.00584854045883,-0.00779314991087,0.0108525948599,-0.00811182241887],[-0.000058222165535,0.00245579378679,-0.00519724749029,0.00473891943693,-0.00593123678118,0.0123888850212,-0.00162378023379,-0.00557536678389,0.00532476790249,-0.00137855706271,0.00477700633928,-0.00779197970405,0.00574708543718],[0.0000587736867601,-0.0017392114969,0.00373111758381,-0.00293341488577,0.000299166771583,-0.00162378023379,0.00834901537746,-0.00055949378293,-0.00240628188476,0.000996012473479,-0.000714919762686,-0.000248694384936,-0.000181223862455],[-0.000236380466959,0.00133209396154,-0.00174672761932,-0.000755662040319,0.00333704031073,-0.00557536678389,-0.00055949378293,0.0143602108583,-0.00558499153703,-0.000691154331435,-0.00389535352588,0.00765661615878,-0.00691648386419],[0.000105622682895,-0.000891232280992,-0.000531518249772,0.00404682243243,-0.00651328964159,0.00532476790249,-0.00240628188476,-0.00558499153703,0.0152892069891,-0.0116360019892,0.00994962640107,-0.010497905314,0.00955536589026],[-0.000173494554474,0.00233424641192,-0.000391641515307,-0.00540246115997,0.00584854045883,-0.00137855706271,0.000996012473479,-0.000691154331435,-0.0116360019892,0.0311964098364,-0.0214474704117,0.0142606878653,-0.0106597654521],[0.000165301767993,-0.00230931653641,-0.00140594341792,0.00605031941086,-0.00779314991087,0.00477700633928,-0.000714919762686,-0.00389535352588,0.00994962640107,-0.0214474704117,0.0381231494248,-0.0248915161937,0.0103414785117],[-0.0003973103303,0.00142954790499,0.00232087611221,-0.00756197283044,0.0108525948599,-0.00779197970405,-0.000248694384936,0.00765661615878,-0.010497905314,0.0142606878653,-0.0248915161937,0.0366211682558,-0.0157114081085],[0.000219196241233,-0.00125556625426,-0.000777418958023,0.00570197543129,-0.00811182241887,0.00574708543718,-0.000181223862455,-0.00691648386419,0.00955536589026,-0.0106597654521,0.0103414785117,-0.0157114081085,0.0250093881041]],"mean":[-6.84891605377,99.6240615845,-92.8533401489,-2.1816701889,-6.16211938858,-16.3386745453,9.66590881348,-19.3768424988,10.7916069031,-10.440155983,-4.29499387741,-0.0679795742035,-8.17126750946]},"hfc":{"dmean":58.3777275085,"dmean2":90.0421447754,"dvar":4453.28955078,"dvar2":10682.7695312,"max":1411.70935059,"mean":229.345001221,"median":214.338897705,"min":1.1025007973e-16,"var":24042.8535156},"melbands":{"dmean":[0.00275232549757,0.0016852428671,0.000580601859838,0.000327577465214,0.000244636408752,0.000257722625975,0.000193542655325,0.000157376227435,0.000121039818623,0.000128216095618,0.000110699955258,0.0000912667164812,0.0000669580913382,0.0000569472213101,0.0000407947372878,0.0000264444661298,0.0000270862710749,0.0000210267789953,0.000017753605789,0.0000194591011677,0.0000115915499919,0.0000106062143459,0.00000612727262705,0.00000502046577822,0.00000374467322217,0.0000033404601254,0.00000409285257774,0.00000305692333313,0.00000237791732616,0.00000206054551199,0.0000012315681488,9.50753474172e-7,7.61384910675e-7,5.28726104676e-7,4.84691497604e-7,2.86125214188e-7,1.51680225713e-7,9.30782562136e-8,3.90156635888e-8,2.28732819352e-8],"dmean2":[0.00484619103372,0.00291895936243,0.000978857045993,0.0005344049423,0.000387649110053,0.000414450711105,0.000308139598928,0.000252897909377,0.00019324097957,0.000205204632948,0.000178830290679,0.000146825492266,0.000106852843601,0.0000926502179937,0.0000655862750136,0.0000432404303865,0.0000448906212114,0.0000343087594956,0.0000284446214209,0.0000311921576213,0.0000190756836673,0.0000174671604327,0.00000999302392302,0.00000815163093648,0.00000591591197008,0.00000506350716023,0.00000627265580988,0.00000445235536972,0.00000343403644365,0.00000300444571621,0.00000185966916888,0.00000140606425703,0.00000113581359074,7.85338272635e-7,7.31636475848e-7,4.20823255354e-7,2.27232078487e-7,1.42254265256e-7,6.51631708593e-8,4.23831210128e-8],"dvar":[0.0000166700265254,0.00000479605296277,9.98969312604e-7,4.35242469621e-7,3.49589925008e-7,4.10556424413e-7,1.91480822309e-7,3.0435478493e-7,1.43501736716e-7,7.92252734527e-8,5.70924214571e-8,4.19002965657e-8,3.9157598053e-8,1.62240514356e-8,7.82158604551e-9,1.90469751082e-9,1.58961765973e-9,1.10396147779e-9,8.7159590656e-10,3.0489386571e-9,3.89345472529e-10,2.89430673872e-10,1.0270446299e-10,1.32345440162e-10,9.79289843661e-11,1.11238768197e-10,3.1799812783e-10,3.90110166393e-10,1.12423584331e-10,8.76202929656e-11,2.20822145292e-11,7.53332812797e-12,2.8915585204e-12,1.06522006927e-12,7.58157263098e-13,2.33450547305e-13,6.38198329361e-14,2.29462800892e-14,4.57791111266e-15,1.96556324751e-15],"dvar2":[0.0000502898583363,0.0000143389725054,0.00000272827810477,0.00000111606414066,7.99030487997e-7,0.00000101467298919,4.7157882932e-7,7.54858263008e-7,3.46183782085e-7,1.89619569824e-7,1.35662972411e-7,1.04163596859e-7,9.54727923386e-8,4.17626893068e-8,1.98508356419e-8,4.88195039949e-9,4.20750012609e-9,2.8489224313e-9,2.19647700028e-9,8.42542213775e-9,1.03807096252e-9,7.49697692815e-10,2.64415822571e-10,3.42855827062e-10,2.49318982126e-10,2.49827242227e-10,7.44607042691e-10,8.41507030724e-10,2.42739273126e-10,1.99862987271e-10,4.97025198776e-11,1.56442671317e-11,6.35987399897e-12,2.35036707978e-12,1.76512071019e-12,5.13892259909e-13,1.34472741644e-13,4.89296984548e-14,1.13759303084e-14,5.37640907204e-15],"max":[0.0561902560294,0.0461707264185,0.0159952361137,0.0184018146247,0.0172365251929,0.0142376441509,0.0148298731074,0.0242944471538,0.0120326709002,0.00619983673096,0.00767594017088,0.00667110783979,0.00807429943234,0.00360184069723,0.00217373482883,0.00109279039316,0.000833822530694,0.000721900258213,0.00108338170685,0.00286158802919,0.000508932746015,0.000492665043566,0.000296984508168,0.000742987496778,0.000419362069806,0.000654043338727,0.000724728393834,0.00157488696277,0.0005341481301,0.000538199848961,0.000241937974351,0.000145039783092,0.0000599249797233,0.0000240776425926,0.0000161840998771,0.0000102852400232,0.00000698647409081,0.00000304523427985,0.00000148930314481,9.04063426788e-7],"mean":[0.00426370278001,0.00250399741344,0.000832486024592,0.000472170358989,0.000378034601454,0.000392992602428,0.000328335649101,0.000240966342972,0.000188399601029,0.000201067115995,0.000179026988917,0.000148502993397,0.000112936962978,0.0000985564911389,0.0000724545243429,0.0000495787062391,0.000050907034165,0.0000409929380112,0.0000354540643457,0.000037170448195,0.0000235438219534,0.0000207904995477,0.0000128214560391,0.0000103947841126,0.00000781485505286,0.00000696896495356,0.00000801640362624,0.00000597666621616,0.00000493376774102,0.00000423372375735,0.00000263366837316,0.00000200652834792,0.00000155360498866,0.0000010978235423,9.98128143692e-7,6.00211819801e-7,3.0281799468e-7,1.77530097289e-7,6.01851866122e-8,2.17807585301e-8],"median":[0.00241352338344,0.00169844506308,0.00045192160178,0.000192032457562,0.000120941076602,0.000134048430482,0.000131402193801,0.0000854725876707,0.0000717056973372,0.0000884544715518,0.000082152284449,0.0000624968233751,0.0000427886079706,0.0000447168567916,0.0000352260176442,0.0000320171566273,0.0000354459152732,0.000026617795811,0.0000208199926419,0.0000198025627469,0.000014703893612,0.000013357916032,0.00000736393212719,0.00000542851739738,0.00000336299945047,0.00000257754345512,0.00000193475398191,0.00000132354250582,0.00000124915004562,0.00000102837407212,7.63298487527e-7,5.79440040838e-7,3.91097103147e-7,2.77758942957e-7,2.00568393893e-7,1.13899815801e-7,6.27980227819e-8,3.85334075759e-8,1.82146742134e-8,5.13750197939e-9],"min":[5.79710805065e-24,5.30812433551e-24,1.24236236682e-23,2.68704452109e-23,1.57870157569e-23,7.76053985083e-24,2.17240302612e-24,2.85676254115e-24,7.2349738945e-24,1.2191477681e-23,1.44609957954e-23,1.22590278403e-23,3.29800687922e-23,1.85268085668e-23,1.20015041978e-23,1.34274791468e-23,5.49281797267e-24,1.39709964219e-23,6.13558104938e-24,9.52640814261e-24,1.27171935209e-23,1.09652478352e-23,8.36929592278e-24,1.55287316524e-23,9.48108177272e-24,8.36744762168e-24,6.65249004614e-24,1.25836654021e-23,1.55113483135e-23,9.07860257229e-24,1.36668369004e-23,1.55980425493e-23,2.03262066025e-23,1.40120944973e-23,1.23551734186e-23,8.55320306561e-24,8.14840619185e-24,9.073568062e-24,8.36430716642e-24,5.79362325761e-24],"var":[0.0000276361606666,0.00000716758540875,0.00000147316495713,7.45160946281e-7,6.88399097726e-7,7.51442598812e-7,4.01478899903e-7,4.69539230608e-7,2.48213495979e-7,1.46562967984e-7,1.07799607463e-7,8.1984182998e-8,8.18904482003e-8,3.4968596907e-8,1.70037139924e-8,4.29508695277e-9,3.32970251371e-9,2.67070587867e-9,2.12319295478e-9,5.70991876003e-9,9.09510244895e-10,6.83541501179e-10,2.95727664579e-10,2.96922653131e-10,2.51310833255e-10,3.05888481211e-10,8.03975275243e-10,1.01264541197e-9,3.60563384705e-10,2.60228422144e-10,7.6503831048e-11,2.6973572681e-11,9.23367111938e-12,3.30245639862e-12,2.66011626789e-12,9.58697856344e-13,2.3991339514e-13,8.09960754608e-14,1.00091359219e-14,2.07925984474e-15]},"melbands_crest":{"dmean":4.6196937561,"dmean2":7.84474039078,"dvar":14.6476106644,"dvar2":40.8750190735,"max":38.383480072,"mean":17.6233196259,"median":16.7832145691,"min":1.64979290962,"var":42.5871276855},"melbands_flatness_db":{"dmean":0.0387335047126,"dmean2":0.0635630115867,"dvar":0.00123810779769,"dvar2":0.00299146911129,"max":0.599579155445,"mean":0.251792728901,"median":0.241044700146,"min":0.00506328744814,"var":0.00564266461879},"melbands_kurtosis":{"dmean":8.96437358856,"dmean2":14.8716802597,"dvar":309.548797607,"dvar2":810.817199707,"max":486.19354248,"mean":14.3301229477,"median":6.79578495026,"min":-1.83247578144,"var":627.223205566},"melbands_skewness":{"dmean":0.924069821835,"dmean2":1.5111041069,"dvar":0.859699606895,"dvar2":2.29996585846,"max":18.8475131989,"mean":2.80259537697,"median":2.41312503815,"min":-1.37184464931,"var":3.29658222198},"melbands_spread":{"dmean":6.21802473068,"dmean2":10.2404079437,"dvar":51.7594413757,"dvar2":134.064422607,"max":158.068969727,"mean":18.6723403931,"median":16.5272350311,"min":0.412923485041,"var":175.265838623},"mfcc":{"cov":[[9368.76367188,-849.977233887,-579.427307129,450.431762695,-327.581451416,294.343933105,-182.017410278,393.664306641,-202.560241699,231.866485596,-144.314041138,208.542404175,28.5788059235],[-849.977233887,1426.99291992,-321.246337891,-80.9882354736,22.4205055237,-77.0526199341,9.19500160217,-118.748474121,141.636932373,-94.563293457,72.2418518066,-47.5218391418,35.2631912231],[-579.427307129,-321.246337891,606.022766113,-74.3423843384,11.8243532181,-60.3961906433,6.99994468689,14.3806066513,-97.2508392334,2.05008196831,-25.589099884,11.9455928802,-19.6959342957],[450.431762695,-80.9882354736,-74.3423843384,383.660003662,5.18059492111,77.0440979004,10.0218200684,5.23236751556,18.3360671997,27.3289394379,20.8532314301,21.6911964417,24.3392028809],[-327.581451416,22.4205055237,11.8243532181,5.18059492111,190.518920898,21.2670783997,17.2232036591,-5.52903652191,31.0260658264,8.827003479,14.7894802094,-2.28611135483,5.73771047592],[294.343933105,-77.0526199341,-60.3961906433,77.0440979004,21.2670783997,135.058853149,25.9134902954,47.6553573608,-0.863617658615,10.9175338745,-6.1373500824,13.2675209045,1.23195958138],[-182.017410278,9.19500160217,6.99994468689,10.0218200684,17.2232036591,25.9134902954,129.178375244,13.4855833054,13.4361810684,-21.8234081268,-1.40972054005,-13.6283884048,7.05823802948],[393.664306641,-118.748474121,14.3806066513,5.23236751556,-5.52903652191,47.6553573608,13.4855833054,118.280982971,1.57770204544,35.548538208,-11.6689853668,19.0440330505,-1.36732494831],[-202.560241699,141.636932373,-97.2508392334,18.3360671997,31.0260658264,-0.863617658615,13.4361810684,1.57770204544,130.321762085,30.7328033447,40.7748298645,-0.474321603775,9.82132339478],[231.866485596,-94.563293457,2.05008196831,27.3289394379,8.827003479,10.9175338745,-21.8234081268,35.548538208,30.7328033447,96.8542709351,28.7225475311,27.0981559753,2.21310901642],[-144.314041138,72.2418518066,-25.589099884,20.8532314301,14.7894802094,-6.1373500824,-1.40972054005,-11.6689853668,40.7748298645,28.7225475311,75.8559875488,24.9743919373,16.7851009369],[208.542404175,-47.5218391418,11.9455928802,21.6911964417,-2.28611135483,13.2675209045,-13.6283884048,19.0440330505,-0.474321603775,27.0981559753,24.9743919373,67.8786315918,25.056848526],[28.5788059235,35.2631912231,-19.6959342957,24.3392028809,5.73771047592,1.23195958138,7.05823802948,-1.36732494831,9.82132339478,2.21310901642,16.7851009369,25.056848526,60.0531463623]],"icov":[[0.000197856410523,0.0000301489180856,0.000280766107608,-0.000164032637258,0.000210720856558,-0.00000541472400073,0.000149424929987,-0.000440400704974,0.000387849431718,-0.000360416539479,0.00045388774015,-0.00044536346104,0.00000790624380897],[0.0000301489180856,0.00111651455518,0.000470624334412,0.000217802706175,0.00000553844211026,0.000342035957146,0.000189795595361,0.000257470936049,-0.000853201199789,0.00128794915508,-0.000902330386452,0.000416530499933,-0.00045739513007],[0.000280766107608,0.000470624334412,0.00275524822064,-0.0000347077875631,-0.000287411938189,0.00158968230244,-0.000442176446086,-0.000990480533801,0.00207225768827,-0.000595580262598,0.000443706056103,-0.0012799424585,0.000625097251032],[-0.000164032637258,0.000217802706175,-0.0000347077875631,0.00336673785932,0.0000963413767749,-0.00197282200679,-0.000157805188792,0.00137044431176,-0.000588821130805,-0.000318357429933,-0.00087433157023,0.000437747075921,-0.00117495597806],[0.000210720856558,0.00000553844211026,-0.000287411938189,0.0000963413767749,0.00609281891957,-0.00172010378446,-0.000176621222636,0.000538639957085,-0.00110204773955,-0.000834081671201,-0.0000223087736231,0.000309126568027,-0.000662439502776],[-0.00000541472400073,0.000342035957146,0.00158968230244,-0.00197282200679,-0.00172010378446,0.0117311989889,-0.00198203278705,-0.00411874940619,0.00130081491079,0.000697152630892,0.000733139109798,-0.00212708720937,0.00162971368991],[0.000149424929987,0.000189795595361,-0.000442176446086,-0.000157805188792,-0.000176621222636,-0.00198203278705,0.00966318137944,-0.00202511809766,-0.00147536327131,0.00315155857243,-0.00105335318949,0.0025631559547,-0.00203784415498],[-0.000440400704974,0.000257470936049,-0.000990480533801,0.00137044431176,0.000538639957085,-0.00411874940619,-0.00202511809766,0.0139774959534,-0.00205194787122,-0.00397389475256,0.00306053669192,-0.00185055297334,0.000166138648638],[0.000387849431718,-0.000853201199789,0.00207225768827,-0.000588821130805,-0.00110204773955,0.00130081491079,-0.00147536327131,-0.00205194787122,0.0135466232896,-0.00493951607496,-0.00344674801454,0.00144311855547,-0.000232174294069],[-0.000360416539479,0.00128794915508,-0.000595580262598,-0.000318357429933,-0.000834081671201,0.000697152630892,0.00315155857243,-0.00397389475256,-0.00493951607496,0.0187207497656,-0.00653294473886,-0.00193486595526,0.00170464406256],[0.00045388774015,-0.000902330386452,0.000443706056103,-0.00087433157023,-0.0000223087736231,0.000733139109798,-0.00105335318949,0.00306053669192,-0.00344674801454,-0.00653294473886,0.0232085231692,-0.00858602486551,-0.00110564311035],[-0.00044536346104,0.000416530499933,-0.0012799424585,0.000437747075921,0.000309126568027,-0.00212708720937,0.0025631559547,-0.00185055297334,0.00144311855547,-0.00193486595526,-0.00858602486551,0.0253055691719,-0.00928262714297],[0.00000790624380897,-0.00045739513007,0.000625097251032,-0.00117495597806,-0.000662439502776,0.00162971368991,-0.00203784415498,0.000166138648638,-0.000232174294069,0.00170464406256,-0.00110564311035,-0.00928262714297,0.0220284201205]],"mean":[-668.218078613,160.309417725,-20.0129966736,30.451461792,-0.229821369052,20.9917488098,-2.55780124664,13.2895364761,4.36033773422,8.22593021393,0.758463799953,5.98440170288,0.587091267109]},"pitch_salience":{"dmean":0.0864288061857,"dmean2":0.146197810769,"dvar":0.0052028526552,"dvar2":0.0141700785607,"max":0.941241204739,"mean":0.524579763412,"median":0.539496541023,"min":0.0627850145102,"var":0.0147583866492},"silence_rate_20dB":{"dmean":0,"dmean2":0,"dvar":0,"dvar2":0,"max":1,"mean":1,"median":1,"min":1,"var":0},"silence_rate_30dB":{"dmean":0.0311684440821,"dmean2":0.0623415373266,"dvar":0.0301993545145,"dvar2":0.0687533020973,"max":1,"mean":0.957053363323,"median":1,"min":0,"var":0.0410963147879},"silence_rate_60dB":{"dmean":0.00999179761857,"dmean2":0.0199850853533,"dvar":0.00989598874003,"dvar2":0.0224168635905,"max":1,"mean":0.0476438999176,"median":0,"min":0,"var":0.0453630164266},"spectral_centroid":{"dmean":208.252593994,"dmean2":307.581726074,"dvar":55169.0273438,"dvar2":93916.546875,"max":11025.5878906,"mean":1171.11560059,"median":1091.54272461,"min":146.308670044,"var":351330.5625},"spectral_complexity":{"dmean":3.26895833015,"dmean2":4.91305017471,"dvar":9.75443458557,"dvar2":19.0235290527,"max":66,"mean":21.3496875763,"median":22,"min":0,"var":134.50302124},"spectral_contrast_coeffs":{"dmean":[0.0547214411199,0.0506565086544,0.0398183129728,0.0275371074677,0.021270012483,0.0420779660344],"dmean2":[0.0917579680681,0.0845472291112,0.0660846233368,0.0463080257177,0.0356471426785,0.0739325508475],"dvar":[0.00182960415259,0.00169854215346,0.00102492037695,0.00051450781757,0.000405147991842,0.00200644228607],"dvar2":[0.00498894182965,0.00457400968298,0.00277314754203,0.00140483654104,0.00108510616701,0.00532709993422],"max":[-0.326595366001,-0.399395942688,-0.398996531963,-0.481056720018,-0.620545566082,-0.50500023365],"mean":[-0.706383347511,-0.765787065029,-0.796172678471,-0.815184831619,-0.810244500637,-0.706491470337],"median":[-0.713077425957,-0.775035202503,-0.802850961685,-0.819366395473,-0.809754014015,-0.69976568222],"min":[-0.971642673016,-0.973839879036,-0.967981994152,-0.966815173626,-0.970112085342,-0.961613357067],"var":[0.00544028263539,0.00492757698521,0.00321013526991,0.00183212850243,0.00130449049175,0.00413507688791]},"spectral_contrast_valleys":{"dmean":[0.406988859177,0.381457477808,0.344915539026,0.28771802783,0.279883027077,0.720507144928],"dmean2":[0.690099000931,0.635569214821,0.563004970551,0.45266482234,0.422805070877,1.25901544094],"dvar":[0.118233442307,0.122605197132,0.110360316932,0.0923674479127,0.132977113128,0.706656813622],"dvar2":[0.309038668871,0.307728171349,0.255896627903,0.190224483609,0.290989547968,1.70661795139],"max":[-5.15749168396,-4.45730733871,-4.89459991455,-5.48839330673,-5.43023920059,-8.90252494812],"mean":[-6.8586807251,-6.61008405685,-6.91310214996,-7.28106355667,-7.72780752182,-11.4569587708],"median":[-6.6445350647,-6.40280580521,-6.65433502197,-6.98753929138,-7.45789003372,-11.0611495972],"min":[-26.9287242889,-26.8206329346,-27.34167099,-27.4308834076,-27.326833725,-27.2102890015],"var":[1.16055440903,1.09771680832,1.21600484848,1.22857630253,1.57323563099,1.94527196884]},"spectral_decrease":{"dmean":3.4231908419e-9,"dmean2":5.82148729222e-9,"dvar":1.68892016935e-17,"dvar2":4.95312475162e-17,"max":1.19415473065e-8,"mean":-6.50622222764e-9,"median":-4.83335593771e-9,"min":-5.76064103086e-8,"var":3.98889917128e-17},"spectral_energy":{"dmean":0.0136275608093,"dmean2":0.0223988890648,"dvar":0.000250282901106,"dvar2":0.000706587277818,"max":0.245259135962,"mean":0.0453583411872,"median":0.0405404679477,"min":1.04973525273e-20,"var":0.000977153307758},"spectral_energyband_high":{"dmean":0.000348051573383,"dmean2":0.000465895194793,"dvar":7.31295813239e-7,"dvar2":0.00000140558063322,"max":0.0417070873082,"mean":0.00117614818737,"median":0.000734960078262,"min":7.63567434612e-21,"var":0.00000361855836672},"spectral_energyband_low":{"dmean":0.0110190780833,"dmean2":0.0191929154098,"dvar":0.000202140538022,"dvar2":0.000607185938861,"max":0.204428851604,"mean":0.0198037326336,"median":0.0139284301549,"min":3.70941551178e-23,"var":0.000382588274078},"spectral_energyband_middle_high":{"dmean":0.00169085268863,"dmean2":0.0025193693582,"dvar":0.00000702675379216,"dvar2":0.0000160569761647,"max":0.0760270953178,"mean":0.00550822541118,"median":0.00407592626289,"min":1.66275854216e-21,"var":0.0000351880626113},"spectral_energyband_middle_low":{"dmean":0.00395274022594,"dmean2":0.00606081169099,"dvar":0.0000402846235374,"dvar2":0.0000945771025727,"max":0.142945870757,"mean":0.00986303016543,"median":0.0062472904101,"min":3.52277209445e-22,"var":0.000128760424559},"spectral_entropy":{"dmean":0.173454910517,"dmean2":0.269938290119,"dvar":0.0417557582259,"dvar2":0.0925817638636,"max":9.8042678833,"mean":7.54912805557,"median":7.6409497261,"min":4.52894973755,"var":0.20265892148},"spectral_flux":{"dmean":0.024086875841,"dmean2":0.038040112704,"dvar":0.000530852528755,"dvar2":0.00117348541971,"max":0.348938286304,"mean":0.114333048463,"median":0.112157352269,"min":1.02456591822e-10,"var":0.00271716271527},"spectral_kurtosis":{"dmean":5.96008825302,"dmean2":9.69670772552,"dvar":125.177146912,"dvar2":327.912811279,"max":315.753936768,"mean":21.9894008636,"median":17.8949394226,"min":-1.15169966221,"var":289.263946533},"spectral_rms":{"dmean":0.000952156027779,"dmean2":0.00153264566325,"dvar":8.32653256566e-7,"dvar2":0.00000228935664381,"max":0.0154685871676,"mean":0.00618036417291,"median":0.00628901273012,"min":3.2002061591e-12,"var":0.00000605503601037},"spectral_rolloff":{"dmean":3909.04248047,"dmean2":7551.89208984,"dvar":52506392,"dvar2":139785488,"max":22050,"mean":17109.2304688,"median":21339.4042969,"min":21.533203125,"var":65583504},"spectral_skewness":{"dmean":0.406021088362,"dmean2":0.625868201256,"dvar":0.380122929811,"dvar2":0.938197255135,"max":15.3724250793,"mean":3.11525559425,"median":2.9093542099,"min":0.000302771251881,"var":1.44886279106},"spectral_spread":{"dmean":519235.65625,"dmean2":844722.75,"dvar":370987565056,"dvar2":787028443136,"max":39590728,"mean":4028492.75,"median":3941021.5,"min":803396.125,"var":1114963443710},"spectral_strongpeak":{"dmean":5.23029184341,"dmean2":9.64673900604,"dvar":280.478607178,"dvar2":734.696655273,"max":212.517074585,"mean":5.00661897659,"median":0.263580977917,"min":0,"var":314.212097168},"zerocrossingrate":{"dmean":0.0413588173687,"dmean2":0.0540441758931,"dvar":0.00128634483553,"dvar2":0.00208019651473,"max":0.908203125,"mean":0.324597418308,"median":0.31640625,"min":0.03955078125,"var":0.0111954528838}},"metadata":{"audio_properties":{"analysis_sample_rate":44100,"bit_rate":1045714,"codec":"alac","downmix":"mix","equal_loudness":0,"length":311.399993896,"lossless":true,"md5_encoded":"6cbf20bf22ca41ff5b745bf35ae39387","replay_gain":-11.7214927673,"sample_rate":44100},"tags":{"album":["Bananas"],"albumartistsort":["Deep Purple"],"artist":["Deep Purple"],"artistsort":["Deep Purple"],"asin":["B0000A5BU2"],"barcode":["724359104928"],"catalognumber":["7243 5 91049 2 8"],"composer":["Ian Paice","Roger Glover","Steve Morse","Ian Gillan"],"composersort":["Paice, Ian","Glover, Roger","Morse, Steve","Gillan, Ian"],"date":["2003-08-25"],"file_name":"07 - Picture of Innocence.m4a","label":["EMI"],"media":["CD"],"musicbrainz_albumartistid":["79491354-3d83-40e3-9d8e-7592d58d790a"],"musicbrainz_albumid":["f8785558-cc6c-40b1-8aaf-4fbfc9b375c6"],"musicbrainz_artistid":["79491354-3d83-40e3-9d8e-7592d58d790a"],"musicbrainz_recordingid":["58981f19-6434-4670-8cf6-e7bef2dfc4e5"],"musicbrainz_releasegroupid":["b2c0f9df-aaed-3ed2-af0c-1dd53ea02498"],"musicbrainz_workid":["78fa43a6-62a0-3406-a996-c7f521f65377"],"script":["Latn"],"title":["Picture of Innocence"],"tracknumber":["7/12"]},"version":{"essentia":"2.1-beta1","essentia_build_sha":"ca57ba49d9b1854bd80e60cf9ccf267278fb7d6b","essentia_git_sha":"v2.1_beta1-28-g21ef5f4-dirty","extractor":"music 1.0"}},"rhythm":{"beats_count":487,"beats_loudness":{"dmean":0.0230089202523,"dmean2":0.039857018739,"dvar":0.000368977052858,"dvar2":0.00109840766527,"max":0.159384220839,"mean":0.0567780174315,"median":0.0536909922957,"min":2.71399329677e-8,"var":0.000896944839042},"beats_loudness_band_ratio":{"dmean":[0.19603048265,0.0916529074311,0.087312720716,0.067962706089,0.0481616072357,0.10512176156],"dmean2":[0.338676631451,0.163058280945,0.157188072801,0.117926806211,0.0897934511304,0.179203957319],"dvar":[0.0199479404837,0.00851060356945,0.0141639262438,0.00462166173384,0.00174966733903,0.00734431715682],"dvar2":[0.060724