{"lowlevel":{"average_loudness":0.70561414957,"barkbands":{"dmean":[0.00172659684904,0.00299168215133,0.00208543962799,0.00133838295005,0.00204977439716,0.00215302780271,0.00122351455502,0.000649011693895,0.000387479201891,0.000305059016682,0.000177701425855,0.000176237866981,0.000169919265318,0.000129546839162,0.000179811788257,0.000128884566948,0.000125369246234,0.000141794167575,0.000154496563482,0.000103675796709,0.0000671646776027,0.0000817710752017,0.0000671884990879,0.0000205054584512,0.00000158685145379,0.0000264865011559,0.000104709855805],"dmean2":[0.0031060623005,0.00500006135553,0.00348822097294,0.00221021613106,0.00330147170462,0.00336099276319,0.00197705300525,0.00103909347672,0.000633220653981,0.000486903736601,0.000283230823698,0.000285772781353,0.000277082290268,0.00021142429614,0.000293601537123,0.000209602891118,0.000198279667529,0.000206253447686,0.000211179838516,0.000149342246004,0.0000949484528974,0.000108713080408,0.0000914682168514,0.0000303342931147,0.00000264327377408,0.000036650650145,0.00015034271928],"dvar":[0.00000567591041545,0.0000206524055102,0.0000186413108167,0.00000942668975767,0.0000144034465848,0.0000325796572724,0.0000144339310282,0.00000246674312621,0.00000138514235459,4.18233753408e-7,1.07320317966e-7,9.77267973212e-8,6.64006307716e-8,5.21954071075e-8,1.39394984444e-7,5.06693602631e-8,7.09851946112e-8,1.73403321924e-7,3.65997692597e-7,1.36556366215e-7,2.76225762263e-8,6.89863384196e-8,3.1777322107e-8,5.4777746783e-9,9.04085660502e-12,5.22697929384e-9,2.91193664737e-8],"dvar2":[0.0000160651179613,0.0000554983089387,0.0000496531101817,0.0000251335950452,0.0000349239016941,0.0000694238187862,0.0000349371912307,0.00000608544951319,0.00000381719200959,9.96389076136e-7,2.56535741983e-7,2.38856642909e-7,1.67026428244e-7,1.34043006028e-7,3.41874056176e-7,1.24945458424e-7,1.57715660976e-7,3.38178040238e-7,6.03645275987e-7,2.73763134828e-7,5.31227151157e-8,1.09220522404e-7,5.1385001143e-8,1.1774227815e-8,2.21289635921e-11,9.81984626947e-9,4.98848216068e-8],"max":[0.0281964354217,0.0705536529422,0.0966039747,0.0971333310008,0.0879592895508,0.198081836104,0.133187249303,0.0660262703896,0.0428321696818,0.0188231170177,0.00694065541029,0.00720119522884,0.00581414345652,0.00505662197247,0.0156626440585,0.00756719196215,0.0090301418677,0.0117172682658,0.0250256098807,0.0157814212143,0.00778032420203,0.0109260929748,0.00573400920257,0.0020889211446,0.0000634817479295,0.00182655965909,0.00576247926801],"mean":[0.00183498242404,0.00460984790698,0.00288288923912,0.00181680545211,0.00322983413935,0.00335526093841,0.00186349335127,0.000955322117079,0.000560484069865,0.000462377967779,0.000270152959274,0.000279412168311,0.000296775164315,0.000213969513425,0.000318494101521,0.000242832509684,0.000237227563048,0.000266566989012,0.000286099355435,0.000197340312297,0.000149406667333,0.000171770545421,0.000122477300465,0.0000252323607128,0.00000162886044563,0.0000431897169619,0.000321297440678],"median":[0.00105419254396,0.0028097233735,0.00112537818495,0.000735593959689,0.00169263058342,0.00135767250322,0.000680545635987,0.000376323441742,0.000213096689549,0.000178784350283,0.000125739577925,0.000148519786308,0.000172378582647,0.000115649832878,0.000166487428942,0.0001346811041,0.000116706389235,0.000104278507933,0.0000884314504219,0.0000833601807244,0.0000803262955742,0.0000642616723781,0.0000381714307878,0.00000438354254584,5.82839049912e-7,0.0000131163888,0.000224889881792],"min":[2.37870514119e-24,5.98396434998e-24,1.53816418313e-24,4.06617012533e-24,2.00489929918e-23,1.34242921487e-23,1.64135858858e-23,1.24366004301e-23,2.06399744498e-23,2.01376199368e-23,3.58094730455e-23,6.19861971318e-23,3.33836500313e-23,3.88850523884e-23,8.07607395773e-23,8.69030314664e-23,7.97733823356e-23,1.4335666308e-22,1.14339531708e-22,1.75580785399e-22,1.55397179605e-22,3.94935853704e-22,4.70352899997e-22,6.03818370663e-22,8.90733266562e-22,1.47327521295e-21,2.11247428552e-21],"var":[0.00000583734026804,0.0000312068768835,0.0000392654583266,0.0000137058877954,0.0000251255260082,0.0000602889849688,0.0000255622726399,0.00000448104719908,0.0000018904696617,8.02661020316e-7,1.91980717545e-7,1.66277558833e-7,1.44202459751e-7,9.52560270662e-8,2.98224108519e-7,1.15168042214e-7,1.7188627055e-7,4.81470749492e-7,0.00000110474570647,3.11506653361e-7,7.95276235976e-8,2.19287912273e-7,9.62366968338e-8,7.20693327239e-9,1.003476989e-11,1.11656257573e-8,1.51272971038e-7]},"barkbands_crest":{"dmean":2.85473012924,"dmean2":4.79490280151,"dvar":6.66213512421,"dvar2":18.2354660034,"max":25.9826030731,"mean":9.32195854187,"median":8.57149028778,"min":2.41697788239,"var":13.9642868042},"barkbands_flatness_db":{"dmean":0.0225706640631,"dmean2":0.0356134623289,"dvar":0.000440346397227,"dvar2":0.00108818814624,"max":0.363209575415,"mean":0.116846859455,"median":0.111504405737,"min":0.0297369323671,"var":0.00154715543613},"barkbands_kurtosis":{"dmean":4.27084779739,"dmean2":6.86968326569,"dvar":68.06275177,"dvar2":183.078155518,"max":208.384597778,"mean":7.74566936493,"median":5.47290992737,"min":-1.83548927307,"var":101.703201294},"barkbands_skewness":{"dmean":0.584787786007,"dmean2":0.918735921383,"dvar":0.409800559282,"dvar2":1.03701150417,"max":12.3997735977,"mean":2.21211409569,"median":2.14057254791,"min":-2.26222896576,"var":1.30265700817},"barkbands_spread":{"dmean":7.142557621,"dmean2":11.0006475449,"dvar":64.2972488403,"dvar2":140.183883667,"max":121.993431091,"mean":25.7469844818,"median":22.4761199951,"min":1.11897456646,"var":233.873519897},"dissonance":{"dmean":0.0164402779192,"dmean2":0.0278320666403,"dvar":0.00026653156965,"dvar2":0.000735139357857,"max":0.5,"mean":0.471259623766,"median":0.476275116205,"min":0.13420535624,"var":0.000492960214615},"dynamic_complexity":3.72554540634,"erbbands":{"dmean":[0.110993184149,0.640464603901,2.07275271416,3.69039130211,3.90584611893,8.53883934021,13.4704914093,19.5298194885,17.1572322845,18.6218414307,9.7412481308,8.86818885803,8.72178268433,7.74647092819,7.23169803619,6.77576780319,7.49049377441,6.28888463974,8.31901550293,7.75620508194,6.49965381622,6.83495044708,7.23243331909,8.29982376099,6.77269554138,5.06092786789,3.14337778091,2.59031558037,2.93005371094,2.71153140068,1.75519514084,0.755100905895,0.164874240756,0.0238963104784,0.0107035757974,0.0192568525672,0.0591186955571,0.0406677275896,0.00898688100278,0.00246178265661],"dmean2":[0.186594724655,1.07160949707,3.4523332119,6.09204530716,6.27773475647,13.8330440521,21.3803043365,30.2738685608,27.7400112152,29.8365402222,15.7692470551,14.6165046692,14.0003089905,12.3430051804,11.5791749954,10.8906126022,12.1500902176,10.2234230042,13.5135402679,12.4943628311,10.2814826965,10.7088909149,10.5957460403,11.5306844711,9.3528842926,7.33427524567,4.48185586929,3.64042854309,3.95392394066,3.61564397812,2.39874625206,1.0700083971,0.244121640921,0.038416530937,0.0176386777312,0.0290598254651,0.0819250792265,0.052486628294,0.0117546338588,0.00369672011584],"dvar":[0.0337129943073,0.949110984802,14.5761823654,80.5760192871,57.5888938904,276.974151611,1223.06933594,3367.98901367,2663.58447266,2984.46655273,682.231750488,717.460876465,446.024719238,224.837585449,182.117080688,157.308883667,137.244979858,122.151329041,270.219390869,196.51399231,137.320159912,227.763244629,371.227935791,1052.07971191,707.478027344,343.027252197,60.8905029297,51.4631538391,91.1233215332,68.5955581665,22.4990634918,6.15046834946,0.392518788576,0.00281970505603,0.00035508905421,0.00401010084897,0.0320275314152,0.0125281363726,0.000424243451562,0.0000110798337118],"dvar2":[0.0940594449639,2.49923467636,37.1508522034,221.146026611,137.887573242,685.695922852,2491.23217773,7153.21777344,6738.64990234,6783.89550781,1799.8112793,1988.23071289,1123.50305176,543.738952637,433.40411377,373.928192139,337.943115234,309.850982666,640.110168457,486.328033447,328.129669189,506.174835205,689.413146973,1913.10253906,1206.36901855,716.688110352,112.413703918,95.7395401001,150.548736572,114.214172363,37.9482574463,12.9088430405,0.834864854813,0.00625751586631,0.000864146219101,0.00854401569813,0.0640719309449,0.0181974675506,0.000614503165707,0.0000227459950111],"max":[2.52009367943,16.5798015594,89.5831680298,291.373931885,332.222961426,329.554016113,1207.83276367,2282.10253906,1436.09106445,2786.27294922,1116.48693848,790.001647949,622.258483887,317.708282471,284.564758301,363.229614258,304.081359863,300.732177734,738.301391602,478.51373291,389.930541992,504.494476318,602.905273438,1387.0838623,1017.67700195,841.237670898,281.699584961,382.108306885,435.868164062,300.88684082,153.741256714,65.4397964478,11.9714889526,1.22665345669,0.355724275112,1.2561160326,3.97084307671,3.99287676811,0.753236174583,0.115929059684],"mean":[0.172159180045,0.901418924332,2.98536252975,5.38372898102,5.98064470291,12.6489543915,20.9789085388,29.4686088562,26.6870040894,28.5833148956,15.6029882431,13.0085735321,13.6199588776,12.6022224426,12.0044221878,11.5310211182,13.8729877472,11.4229669571,15.1573991776,14.9950218201,13.3669137955,13.5913915634,14.2596101761,15.5225801468,12.7186698914,9.51226520538,6.83822202682,5.6466884613,6.03502845764,5.36679601669,3.13651323318,1.04565513134,0.191041097045,0.0266204588115,0.0116446614265,0.0230221468955,0.0897910967469,0.0868631526828,0.0249650869519,0.00922304112464],"median":[0.0910775065422,0.52136105299,1.37454819679,2.43119955063,3.31434750557,5.98060941696,9.54421615601,11.295211792,9.78082942963,11.0205497742,6.73995304108,4.98811149597,5.73648405075,5.90388441086,6.00968027115,6.48489522934,8.1955909729,6.89985179901,8.27470493317,8.64039516449,7.26903486252,6.76347970963,6.0874505043,4.88467645645,4.19335794449,4.0703163147,3.61442065239,2.80502963066,2.29077839851,1.75207567215,0.959423243999,0.241496905684,0.0281092617661,0.00876521877944,0.00466986978427,0.00564620923251,0.0248044412583,0.0327465124428,0.013974936679,0.00753933656961],"min":[1.06297366148e-22,1.04491379546e-21,4.40732331685e-21,1.02910380113e-20,1.84380481087e-20,7.77338457003e-20,8.29647355613e-20,9.78654637182e-20,1.5909579604e-19,3.65221566192e-19,4.6235586041e-19,5.52971790455e-19,8.11016986396e-19,9.70281721151e-19,1.56339245083e-18,2.10522883928e-18,1.30864274245e-18,2.38492197223e-18,2.70483945081e-18,4.3868105172e-18,5.67737564095e-18,5.55966866697e-18,7.03070350728e-18,7.63847363517e-18,6.67277294365e-18,1.03641015823e-17,9.43255724626e-18,7.56565361712e-18,1.13689531458e-17,1.31701190773e-17,1.20999053562e-17,1.06407637187e-17,1.06234309762e-17,9.25223187273e-18,6.68730981573e-18,4.70325259644e-18,2.56772868081e-18,1.13108501185e-18,2.61954554913e-19,3.08315029717e-20],"var":[0.0501273758709,1.38234758377,31.7360877991,127.850563049,98.8567962646,459.127166748,2379.39282227,5726.67578125,4843.83984375,6047.50927734,1026.6114502,983.648742676,717.951171875,428.368347168,351.910491943,275.872589111,317.703643799,234.88079834,576.672119141,494.214080811,359.18951416,572.799682617,1090.13671875,2970.76318359,1990.96398926,712.536376953,169.450469971,147.468521118,273.518188477,209.251098633,64.1254043579,9.27900218964,0.500361979008,0.00360998953693,0.000417561968789,0.00516316108406,0.0558632798493,0.0433094091713,0.00179641344585,0.0000653424940538]},"erbbands_crest":{"dmean":2.40939831734,"dmean2":3.92651486397,"dvar":5.14857244492,"dvar2":12.5986671448,"max":31.478729248,"mean":7.43112850189,"median":6.49245834351,"min":2.19279336929,"var":12.9410419464},"erbbands_flatness_db":{"dmean":0.0167253110558,"dmean2":0.0252484977245,"dvar":0.000217965149204,"dvar2":0.000468705315143,"max":0.320027053356,"mean":0.122187703848,"median":0.120639689267,"min":0.0272792652249,"var":0.000881321553607},"erbbands_kurtosis":{"dmean":0.918988704681,"dmean2":1.42044651508,"dvar":3.60504126549,"dvar2":7.61265945435,"max":96.9963989258,"mean":0.243600085378,"median":-0.430996179581,"min":-1.82715511322,"var":8.28265571594},"erbbands_skewness":{"dmean":0.367921829224,"dmean2":0.548784554005,"dvar":0.120714448392,"dvar2":0.249020516872,"max":8.64835739136,"mean":0.402207970619,"median":0.355796337128,"min":-3.43549418449,"var":0.689393162727},"erbbands_spread":{"dmean":8.4253320694,"dmean2":12.7586307526,"dvar":72.0261154175,"dvar2":152.798690796,"max":127.179695129,"mean":43.9190559387,"median":41.3563461304,"min":2.39509630203,"var":287.844451904},"gfcc":{"cov":[[15712.1025391,153.1121521,-1182.46484375,146.492263794,-109.455825806,-468.092407227,427.654052734,-529.271911621,347.950378418,-219.892105103,-150.568984985,225.53843689,-249.28213501],[153.1121521,752.996337891,-71.1088562012,-196.270751953,125.064315796,-52.4773101807,93.7062759399,-56.5136375427,9.63525295258,11.863237381,32.1918907166,-64.8459320068,72.9346618652],[-1182.46484375,-71.1088562012,414.41317749,85.6107330322,-105.308700562,139.437484741,-154.254974365,94.9119644165,-60.9577331543,42.6362190247,-7.21243095398,-21.2379951477,1.47523605824],[146.492263794,-196.270751953,85.6107330322,242.56918335,43.3736534119,-8.99276924133,5.85797166824,-19.5713710785,9.07029533386,-23.1528949738,-20.0970077515,33.2591667175,-50.8796043396],[-109.455825806,125.064315796,-105.308700562,43.3736534119,229.091186523,7.41868019104,79.9098129272,-25.4247283936,-2.67886424065,-26.0513286591,24.136089325,-11.8608551025,25.2506084442],[-468.092407227,-52.4773101807,139.437484741,-8.99276924133,7.41868019104,190.799865723,-55.6341018677,71.0440063477,-49.7975616455,22.3005962372,6.15467357635,-11.8809099197,16.61810112],[427.654052734,93.7062759399,-154.254974365,5.85797166824,79.9098129272,-55.6341018677,186.03604126,-44.9904975891,57.0795516968,-24.752948761,5.61984014511,16.722234726,-13.3420562744],[-529.271911621,-56.5136375427,94.9119644165,-19.5713710785,-25.4247283936,71.0440063477,-44.9904975891,146.668731689,-13.34308815,35.2349586487,17.3804244995,-23.0905513763,29.4757843018],[347.950378418,9.63525295258,-60.9577331543,9.07029533386,-2.67886424065,-49.7975616455,57.0795516968,-13.34308815,107.846809387,15.2029504776,5.14975690842,28.3920440674,-28.3463516235],[-219.892105103,11.863237381,42.6362190247,-23.1528949738,-26.0513286591,22.3005962372,-24.752948761,35.2349586487,15.2029504776,78.5979156494,31.8511772156,-7.31812429428,20.7773952484],[-150.568984985,32.1918907166,-7.21243095398,-20.0970077515,24.136089325,6.15467357635,5.61984014511,17.3804244995,5.14975690842,31.8511772156,60.7810897827,15.03216362,16.9153594971],[225.53843689,-64.8459320068,-21.2379951477,33.2591667175,-11.8608551025,-11.8809099197,16.722234726,-23.0905513763,28.3920440674,-7.31812429428,15.03216362,67.6826553345,-1.01861798763],[-249.28213501,72.9346618652,1.47523605824,-50.8796043396,25.2506084442,16.61810112,-13.3420562744,29.4757843018,-28.3463516235,20.7773952484,16.9153594971,-1.01861798763,86.752243042]],"icov":[[0.000132898814627,-0.000328943162458,0.000876823556609,-0.000824682007078,0.000803119211923,-0.000524517905433,0.000238156251726,0.000101051387901,-0.000258516956819,0.000275701313512,-0.000102837337181,0.000106255451101,-0.000100340825156],[-0.000328943162458,0.00430012634024,-0.0051326835528,0.00622014096007,-0.00494370190427,0.00331975030713,-0.00244194199331,0.00200684531592,-0.00040202846867,-0.000653884897474,-0.000118756433949,0.00166236667428,-0.00101156928577],[0.000876823556609,-0.0051326835528,0.0153117682785,-0.0140132410452,0.0123372087255,-0.00972010940313,0.00577040342614,-0.00120238063391,-0.00205646525137,0.0030719472561,-0.003825124586,0.00447513069957,-0.00268661952578],[-0.000824682007078,0.00622014096007,-0.0140132410452,0.0213321764022,-0.0165048670024,0.0109559809789,-0.00460300873965,-0.000699790834915,0.0052881212905,-0.00753391627222,0.00997228454798,-0.0113575793803,0.00883996766061],[0.000803119211923,-0.00494370190427,0.0123372087255,-0.0165048670024,0.0207607001066,-0.0113482745364,0.00162327196449,0.00282806553878,-0.00609937449917,0.0112467324361,-0.0133591871709,0.0133711043745,-0.00993061810732],[-0.000524517905433,0.00331975030713,-0.00972010940313,0.0109559809789,-0.0113482745364,0.0151004819199,-0.00268250866793,-0.00408101407811,0.00732013490051,-0.00754016172141,0.00762702198699,-0.0090582286939,0.00628146715462],[0.000238156251726,-0.00244194199331,0.00577040342614,-0.00460300873965,0.00162327196449,-0.00268250866793,0.0112582780421,-0.000270890479442,-0.0046362830326,0.00316651165485,-0.00164879171643,0.000530304969288,-0.00014111744531],[0.000101051387901,0.00200684531592,-0.00120238063391,-0.000699790834915,0.00282806553878,-0.00408101407811,-0.000270890479442,0.0137461246923,-0.00606784969568,0.00357555993833,-0.00762002915144,0.0105958078057,-0.00776921585202],[-0.000258516956819,-0.00040202846867,-0.00205646525137,0.0052881212905,-0.00609937449917,0.00732013490051,-0.0046362830326,-0.00606784969568,0.02296561189,-0.0149314515293,0.0113670667633,-0.0170515552163,0.0131168216467],[0.000275701313512,-0.000653884897474,0.0030719472561,-0.00753391627222,0.0112467324361,-0.00754016172141,0.00316651165485,0.00357555993833,-0.0149314515293,0.032416138798,-0.022679110989,0.0188052393496,-0.0136856297031],[-0.000102837337181,-0.000118756433949,-0.003825124586,0.00997228454798,-0.0133591871709,0.00762702198699,-0.00164879171643,-0.00762002915144,0.0113670667633,-0.022679110989,0.0398446135223,-0.0249621290714,0.0115646431223],[0.000106255451101,0.00166236667428,0.00447513069957,-0.0113575793803,0.0133711043745,-0.0090582286939,0.000530304969288,0.0105958078057,-0.0170515552163,0.0188052393496,-0.0249621290714,0.0416917279363,-0.0182235278189],[-0.000100340825156,-0.00101156928577,-0.00268661952578,0.00883996766061,-0.00993061810732,0.00628146715462,-0.00014111744531,-0.00776921585202,0.0131168216467,-0.0136856297031,0.0115646431223,-0.0182235278189,0.0267194770277]],"mean":[-11.955450058,86.46849823,-87.8447265625,16.6318416595,-25.3677845001,-24.9135799408,-2.85649442673,-27.1090755463,5.39162635803,-7.38123130798,-6.05450773239,5.43208694458,-14.2183198929]},"hfc":{"dmean":23.7578735352,"dmean2":36.1223487854,"dvar":1005.95788574,"dvar2":2382.10913086,"max":925.369567871,"mean":82.5390853882,"median":73.7004013062,"min":1.13196093408e-16,"var":3485.5456543},"melbands":{"dmean":[0.000918602338061,0.000969406799413,0.000606877845712,0.000416622322518,0.000454338704003,0.000423645309638,0.000252588593867,0.000194675551029,0.0000756102817832,0.000055646742112,0.0000450192856079,0.0000337424717145,0.0000245618139161,0.0000201856437343,0.0000177590682142,0.0000175011591637,0.0000118057369036,0.0000134982674354,0.0000136049548018,0.00000974769682216,0.00000818205535325,0.00000775266562414,0.00000688415366312,0.00000724332812752,0.00000723068524167,0.00000586131045566,0.00000435226047557,0.00000338164909408,0.00000215753584598,0.00000172488319095,0.00000162105709478,0.00000176905950866,0.00000174169929323,0.00000155866632667,0.00000113769419841,7.6206168842e-7,3.67072317431e-7,1.36025434472e-7,3.54860745233e-8,1.42028655503e-8],"dmean2":[0.00153584429063,0.00160548742861,0.000993653666228,0.000670165813062,0.000722139433492,0.000658064265735,0.000409431289881,0.00031111665885,0.000122889963677,0.0000919725571293,0.0000721930991858,0.0000539631946594,0.0000391729226976,0.0000326754889102,0.0000288716055366,0.0000286439917545,0.0000193743089767,0.0000220379934035,0.0000223470269702,0.0000158263646881,0.0000131148235596,0.0000124483540276,0.0000105825138235,0.0000106515681182,0.0000102677604445,0.00000822099354991,0.00000633547506368,0.00000509199708176,0.00000312586303153,0.00000256997964243,0.00000234038157032,0.00000251417577601,0.00000237389917856,0.000002163132649,0.00000159025114499,0.00000109402469661,5.39968198154e-7,2.0521608235e-7,5.71430120999e-8,2.35884609623e-8],"dvar":[0.00000201810189537,0.00000252779318544,0.00000178017921826,5.96039967604e-7,0.00000109045140562,0.00000141744840221,5.96981408307e-7,2.89594566993e-7,4.42966232583e-8,2.94422193292e-8,1.19120970865e-8,4.44389591792e-9,2.20977591781e-9,1.31299138229e-9,8.2182144423e-10,7.76723019236e-10,4.59631527283e-10,6.48360198863e-10,9.16172748777e-10,2.7555221993e-10,2.44128606219e-10,2.68081168375e-10,3.12632669752e-10,4.71172989513e-10,8.45387038151e-10,5.72971836643e-10,3.16786041843e-10,1.39283487521e-10,3.13289359732e-11,1.65549952219e-11,2.29095145632e-11,3.41169974216e-11,3.28444701991e-11,2.1276131898e-11,9.71540990019e-12,5.40235911561e-12,1.77917782503e-12,2.92689131395e-13,1.35325786831e-14,7.14481396613e-16],"dvar2":[0.00000549586548004,0.00000650028596283,0.0000048193433031,0.00000144120485857,0.00000233268269767,0.00000307087088913,0.00000147770526837,6.51869072499e-7,1.16661674099e-7,8.32146866969e-8,2.98527460529e-8,1.07426876284e-8,5.19931475651e-9,3.21652260382e-9,2.01663352684e-9,2.00540406503e-9,1.18660270498e-9,1.57183011051e-9,2.38554842547e-9,6.76420641721e-10,6.06232342104e-10,6.14348294459e-10,6.71760369553e-10,9.42946720706e-10,1.6319556817e-9,9.90011184143e-10,6.60898780147e-10,2.92198459872e-10,5.77643280431e-11,3.60543817024e-11,4.6419965094e-11,6.08113073786e-11,5.72513113306e-11,3.84860650293e-11,1.69893855928e-11,1.11957162291e-11,3.81491669851e-12,6.26603966197e-13,3.08859891601e-14,1.74573903358e-15],"max":[0.0215003378689,0.0348089151084,0.0419260263443,0.0199983548373,0.031569134444,0.0452153757215,0.0256210304797,0.0283434838057,0.00771370297298,0.00640356680378,0.00314598158002,0.00174029753543,0.00114058982581,0.000609382870607,0.000627972825896,0.000424149475293,0.000577105209231,0.00100599450525,0.00112145824824,0.000346916116541,0.000483688985696,0.000530308636371,0.00056277483236,0.000729285064153,0.00130843487568,0.00102303025778,0.000707282393705,0.000504338706378,0.00023244167096,0.00016544603568,0.000236947525991,0.000277094426565,0.000205733376788,0.000162543830811,0.000107196312456,0.000060666774516,0.0000374514820578,0.0000110099963422,0.00000295759468827,5.59134491596e-7],"mean":[0.00147104053758,0.00146388611756,0.000938335433602,0.000639400968794,0.000727956474293,0.000656607735436,0.000395366339944,0.000294709403533,0.000115898590593,0.0000790225167293,0.0000682982499711,0.0000525276591361,0.0000390336681448,0.0000320893959724,0.0000300799001707,0.0000292861841444,0.0000196589535335,0.0000229450106417,0.0000235908682953,0.0000175262866833,0.0000153174842126,0.0000141507498483,0.0000125589640447,0.0000130245625769,0.0000126190388983,0.0000102962903838,0.00000758601481721,0.00000598910992267,0.00000438617735199,0.00000348384924109,0.0000032021791867,0.00000339667417393,0.00000334771834787,0.0000028575620945,0.00000198945122065,0.00000109919892566,4.51421925618e-7,1.46664334011e-7,3.59364058511e-8,1.44648604206e-8],"median":[0.000915163080208,0.000798701425083,0.000468925776659,0.000339726509992,0.000351082795532,0.000260379951214,0.000146394508192,0.000112267589429,0.0000486550125061,0.0000299513103528,0.0000276510654658,0.0000230421846936,0.0000185304106708,0.0000164664452313,0.0000167982889252,0.0000164865468832,0.0000109156526378,0.000012270951629,0.0000121153661894,0.00000993116736936,0.00000763598018239,0.00000674876309859,0.00000573425495531,0.00000479878417536,0.00000371780470232,0.00000302327157442,0.000002626122523,0.00000259425542026,0.0000022284118586,0.0000018452533368,0.00000145300418808,0.00000126740383166,0.00000106822199086,9.01429871192e-7,5.87927956985e-7,2.93903042348e-7,6.89872052817e-8,1.29424675421e-8,7.29023375001e-9,5.13328091145e-9],"min":[1.79916532173e-24,3.32447679135e-24,2.88420089837e-24,2.70226906324e-24,2.99759511755e-24,2.11382162365e-24,2.41001542495e-24,4.37822653892e-24,3.24320676317e-24,3.03031253195e-24,3.94760314798e-24,3.97097236344e-24,4.58840235547e-24,4.88830202809e-24,3.34036326669e-24,3.0957183701e-24,4.29532159652e-24,4.05551419222e-24,6.47782440881e-24,5.70180931457e-24,5.57053576019e-24,4.88889367376e-24,4.75333029379e-24,5.74871498399e-24,5.12156780333e-24,5.09134535876e-24,4.77847760172e-24,6.68185933764e-24,6.90963819086e-24,3.60851838762e-24,4.78972044734e-24,5.20924219877e-24,7.52857924595e-24,6.57018779347e-24,6.79685790268e-24,5.97190739991e-24,6.24238256076e-24,6.68118249498e-24,7.69226709493e-24,7.11088765183e-24],"var":[0.00000300122474073,0.00000533111506229,0.00000299268754134,9.94929564513e-7,0.00000212831150748,0.00000250613379649,0.00000106113748188,6.03257944931e-7,6.57434497953e-8,3.74367701284e-8,1.90792608379e-8,8.42486080899e-9,4.10512912552e-9,2.27757102067e-9,1.5578611734e-9,1.47077583446e-9,8.15819023448e-10,1.32035293809e-9,1.80761405844e-9,6.07318473289e-10,5.58496193737e-10,6.26718732466e-10,7.12689018911e-10,1.2280264583e-9,2.18222040438e-9,1.55043999861e-9,6.77316314146e-10,2.7139934744e-10,7.99739788282e-11,4.04945001142e-11,5.76944776676e-11,9.22673187853e-11,9.3494670339e-11,5.85907988793e-11,2.74314616161e-11,9.06844824927e-12,2.38839308574e-12,3.62553086511e-13,1.4829043077e-14,8.03298730363e-16]},"melbands_crest":{"dmean":3.88571596146,"dmean2":6.48325014114,"dvar":10.9196987152,"dvar2":29.7856025696,"max":38.6766853333,"mean":14.0904893875,"median":13.2263975143,"min":1.84757328033,"var":25.1991653442},"melbands_flatness_db":{"dmean":0.028478756547,"dmean2":0.0438588112593,"dvar":0.000610471819527,"dvar2":0.00139945198316,"max":0.484176635742,"mean":0.219555959105,"median":0.217761561275,"min":0.00390206184238,"var":0.00273287203163},"melbands_kurtosis":{"dmean":7.59628629684,"dmean2":12.0961866379,"dvar":130.433303833,"dvar2":312.880096436,"max":357.705993652,"mean":16.1164016724,"median":12.0337677002,"min":-1.80240440369,"var":290.181427002},"melbands_skewness":{"dmean":0.741465449333,"dmean2":1.16650557518,"dvar":0.502460002899,"dvar2":1.21409463882,"max":14.0997219086,"mean":3.00897574425,"median":2.84637904167,"min":-2.14823865891,"var":1.87750101089},"melbands_spread":{"dmean":6.15472269058,"dmean2":9.27127170563,"dvar":89.5448379517,"dvar2":159.904678345,"max":204.948059082,"mean":19.1134109497,"median":14.336602211,"min":0.862357974052,"var":341.962921143},"mfcc":{"cov":[[8948.76171875,970.948364258,-840.274902344,556.976501465,-544.83026123,263.003814697,-459.408782959,247.859741211,-214.460357666,119.193496704,-151.69152832,-11.6672182083,-7.20956468582],[970.948364258,1084.89819336,-223.616531372,-7.92793035507,-72.4313964844,37.3782958984,26.5149669647,-66.03881073,43.6256446838,-39.8044815063,44.1544876099,-21.0792102814,47.8203086853],[-840.274902344,-223.616531372,571.147277832,-119.196380615,119.807304382,-63.1116294861,5.98224067688,-53.9762687683,-5.6047244072,16.3044681549,-5.99177074432,30.2870674133,-53.5128326416],[556.976501465,-7.92793035507,-119.196380615,314.969238281,-48.0432662964,73.1854400635,-65.2022628784,62.9895019531,-39.7257575989,13.784863472,-10.5044517517,-17.9382724762,18.12931633],[-544.83026123,-72.4313964844,119.807304382,-48.0432662964,210.969955444,-7.04619216919,83.7842559814,-24.3760318756,22.0315608978,-21.5731639862,0.117273971438,9.94961261749,-0.644300043583],[263.003814697,37.3782958984,-63.1116294861,73.1854400635,-7.04619216919,140.843307495,-5.15294647217,42.8823204041,-24.2007808685,5.21987962723,-24.523235321,3.32762694359,9.72182178497],[-459.408782959,26.5149669647,5.98224067688,-65.2022628784,83.7842559814,-5.15294647217,164.065338135,-16.4521446228,47.138584137,-31.4488601685,13.166595459,2.65410590172,11.475733757],[247.859741211,-66.03881073,-53.9762687683,62.9895019531,-24.3760318756,42.8823204041,-16.4521446228,117.587882996,-14.9939775467,27.1689891815,-19.344833374,1.8355653286,-6.18094110489],[-214.460357666,43.6256446838,-5.6047244072,-39.7257575989,22.0315608978,-24.2007808685,47.138584137,-14.9939775467,85.3257827759,-3.92914652824,21.8359889984,-8.68861961365,11.2598314285],[119.193496704,-39.8044815063,16.3044681549,13.784863472,-21.5731639862,5.21987962723,-31.4488601685,27.1689891815,-3.92914652824,77.4620666504,7.17311429977,21.4591503143,-14.7098484039],[-151.69152832,44.1544876099,-5.99177074432,-10.5044517517,0.117273971438,-24.523235321,13.166595459,-19.344833374,21.8359889984,7.17311429977,79.3829269409,9.20538711548,16.0006484985],[-11.6672182083,-21.0792102814,30.2870674133,-17.9382724762,9.94961261749,3.32762694359,2.65410590172,1.8355653286,-8.68861961365,21.4591503143,9.20538711548,71.5421905518,0.598692715168],[-7.20956468582,47.8203086853,-53.5128326416,18.12931633,-0.644300043583,9.72182178497,11.475733757,-6.18094110489,11.2598314285,-14.7098484039,16.0006484985,0.598692715168,62.2460861206]],"icov":[[0.000198581226869,-0.00018616829766,0.000165117759025,-0.000143449418829,0.000149947081809,-0.0000156815276569,0.000322042236803,-0.000172651911271,0.000164033044712,-0.000135251859319,0.000332719850121,-0.000139400188345,0.000131418957608],[-0.00018616829766,0.00132753071375,0.000220157031436,0.000252314755926,0.000239295943175,-0.000580647669267,-0.000355364463758,0.000999125419185,-0.000596922705881,0.000419192627305,-0.000766468583606,0.000214736253838,-0.000265759852482],[0.000165117759025,0.000220157031436,0.00277548003942,0.000436886562966,-0.00128061894793,0.000405201077228,0.000885447254404,0.000880823703483,0.0003915973939,-0.000645431806333,0.000353232841007,-0.000687937310431,0.00164895423222],[-0.000143449418829,0.000252314755926,0.000436886562966,0.00467518717051,-0.000343165913364,-0.00154082942754,0.00122415099759,-0.00128224864602,0.00101490749512,-0.000126457001898,-0.000925752217881,0.00143631431274,-0.00130175228696],[0.000149947081809,0.000239295943175,-0.00128061894793,-0.000343165913364,0.00731891067699,-0.000615502940491,-0.00314808753319,0.000558319443371,-0.000377918302547,0.000911707582418,0.000621267536189,-0.000733103428502,-0.000228589531616],[-0.0000156815276569,-0.000580647669267,0.000405201077228,-0.00154082942754,-0.000615502940491,0.00989671330899,-0.00101166358218,-0.00235949410126,0.00207715434954,-0.000708025298081,0.00268397550099,-0.000875640835147,-0.00158304080833],[0.000322042236803,-0.000355364463758,0.000885447254404,0.00122415099759,-0.00314808753319,-0.00101166358218,0.0107327401638,-0.00117504037917,-0.00391324982047,0.00316452072002,-0.000449256331194,-0.00137265154626,0.000329426431563],[-0.000172651911271,0.000999125419185,0.000880823703483,-0.00128224864602,0.000558319443371,-0.00235949410126,-0.00117504037917,0.0125121967867,-0.000153915010742,-0.00379112781957,0.00171040545683,0.000217619250179,0.000866666494403],[0.000164033044712,-0.000596922705881,0.0003915973939,0.00101490749512,-0.000377918302547,0.00207715434954,-0.00391324982047,-0.000153915010742,0.0168266203254,-0.00287968222983,-0.00222169118933,0.00325696449727,-0.00228807376698],[-0.000135251859319,0.000419192627305,-0.000645431806333,-0.000126457001898,0.000911707582418,-0.000708025298081,0.00316452072002,-0.00379112781957,-0.00287968222983,0.0188603568822,-0.00336016598158,-0.00538069149479,0.00419784476981],[0.000332719850121,-0.000766468583606,0.000353232841007,-0.000925752217881,0.000621267536189,0.00268397550099,-0.000449256331194,0.00171040545683,-0.00222169118933,-0.00336016598158,0.0167856663465,-0.00218294165097,-0.00364544056356],[-0.000139400188345,0.000214736253838,-0.000687937310431,0.00143631431274,-0.000733103428502,-0.000875640835147,-0.00137265154626,0.000217619250179,0.00325696449727,-0.00538069149479,-0.00218294165097,0.017166916281,-0.00225170981139],[0.000131418957608,-0.000265759852482,0.00164895423222,-0.00130175228696,-0.000228589531616,-0.00158304080833,0.000329426431563,0.000866666494403,-0.00228807376698,0.00419784476981,-0.00364544056356,-0.00225170981139,0.0207162573934]],"mean":[-670.011474609,141.019424438,-8.48995304108,48.1278991699,-10.0618562698,23.2524356842,-16.5650348663,9.19197368622,-9.36686229706,5.02464056015,-2.19573521614,3.10684490204,2.51366138458]},"pitch_salience":{"dmean":0.0753294229507,"dmean2":0.125727683306,"dvar":0.0042593604885,"dvar2":0.0118481470272,"max":0.828118503094,"mean":0.602409660816,"median":0.616165280342,"min":0.0746051073074,"var":0.00965913571417},"silence_rate_20dB":{"dmean":0,"dmean2":0,"dvar":0,"dvar2":0,"max":1,"mean":1,"median":1,"min":1,"var":0},"silence_rate_30dB":{"dmean":0.00930644758046,"dmean2":0.0186149589717,"dvar":0.00921913050115,"dvar2":0.0211509540677,"max":1,"mean":0.988257467747,"median":1,"min":0,"var":0.0116043277085},"silence_rate_60dB":{"dmean":0.00908486638218,"dmean2":0.0181717444211,"dvar":0.00900264363736,"dvar2":0.0196150690317,"max":1,"mean":0.0594882033765,"median":0,"min":0,"var":0.055949550122},"spectral_centroid":{"dmean":243.69493103,"dmean2":358.770996094,"dvar":83827.75,"dvar2":157231.796875,"max":11383.9882812,"mean":1171.86425781,"median":1022.37774658,"min":205.541320801,"var":542036.125},"spectral_complexity":{"dmean":3.4679813385,"dmean2":5.13994455338,"dvar":12.2874336243,"dvar2":22.9681949615,"max":56,"mean":17.3773117065,"median":16,"min":0,"var":94.3551101685},"spectral_contrast_coeffs":{"dmean":[0.0537983030081,0.0504112020135,0.0371512286365,0.0271800588816,0.0190029460937,0.0463493987918],"dmean2":[0.0893314927816,0.0838537141681,0.0616717934608,0.0451380796731,0.031078170985,0.0712788775563],"dvar":[0.00175960082561,0.00157044257503,0.000854687590618,0.000447401427664,0.000239393149968,0.00142727140337],"dvar2":[0.00474917236716,0.00429450161755,0.00232575600967,0.0012047305936,0.000600278144702,0.00352098047733],"max":[-0.358787864447,-0.429504454136,-0.512439250946,-0.627885460854,-0.621451556683,-0.38396447897],"mean":[-0.674284219742,-0.749873280525,-0.810746431351,-0.812993586063,-0.818773031235,-0.669003903866],"median":[-0.677863895893,-0.754081189632,-0.815138697624,-0.814514279366,-0.820199489594,-0.66779756546],"min":[-0.985194265842,-0.978819191456,-0.985488295555,-0.986130952835,-0.980831801891,-0.972953915596],"var":[0.00657857069746,0.00464311009273,0.00268485955894,0.00161334814038,0.00113760808017,0.00648181559518]},"spectral_contrast_valleys":{"dmean":[0.412444025278,0.365009337664,0.340180039406,0.273343145847,0.246413871646,0.604462862015],"dmean2":[0.671992301941,0.590505063534,0.534528195858,0.417606949806,0.344124138355,0.934449970722],"dvar":[0.129683494568,0.104999385774,0.0964096188545,0.0772660821676,0.0856137797236,0.271001815796],"dvar2":[0.293263703585,0.224062755704,0.193177163601,0.136982753873,0.136846661568,0.647780895233],"max":[-5.3013548851,-4.36741638184,-5.58895635605,-5.80143547058,-5.06289148331,-8.66062545776],"mean":[-7.0554561615,-6.58837270737,-7.45476484299,-7.6983590126,-7.64025115967,-11.4316301346],"median":[-6.82553958893,-6.37061500549,-7.21185207367,-7.44814348221,-7.3917350769,-11.2754068375],"min":[-27.6297893524,-27.5384998322,-27.9031429291,-27.5884342194,-27.6472206116,-27.3937911987],"var":[1.94177639484,2.10080337524,2.10773181915,2.07114386559,2.18031215668,1.70092427731]},"spectral_decrease":{"dmean":2.28478103104e-9,"dmean2":3.58172047576e-9,"dvar":9.13663338212e-18,"dvar2":2.18970639641e-17,"max":1.70677205702e-9,"mean":-5.40883293709e-9,"median":-4.16965795225e-9,"min":-5.91322582011e-8,"var":2.47778858835e-17},"spectral_energy":{"dmean":0.00918672326952,"dmean2":0.0141258835793,"dvar":0.000142629127367,"dvar2":0.000334476964781,"max":0.245721757412,"mean":0.0279008261859,"median":0.0230884198099,"min":1.02402496064e-20,"var":0.000485060503706},"spectral_energyband_high":{"dmean":0.000326463574311,"dmean2":0.000405128812417,"dvar":6.23778930731e-7,"dvar2":8.51782147038e-7,"max":0.0271183084697,"mean":0.000848931493238,"median":0.000451355270343,"min":7.14325550461e-21,"var":0.00000245473347604},"spectral_energyband_low":{"dmean":0.00529168406501,"dmean2":0.00866883806884,"dvar":0.0000603153166594,"dvar2":0.000159825460287,"max":0.159729465842,"mean":0.00966029241681,"median":0.00664075603709,"min":1.88581175252e-23,"var":0.000123333797092},"spectral_energyband_middle_high":{"dmean":0.000966349733062,"dmean2":0.00136075459886,"dvar":0.00000234731714954,"dvar2":0.00000416972034145,"max":0.0413215234876,"mean":0.00291967252269,"median":0.00193737645168,"min":1.29517218049e-21,"var":0.0000110380569822},"spectral_energyband_middle_low":{"dmean":0.00511772884056,"dmean2":0.00786459911615,"dvar":0.00008009870362,"dvar2":0.000177113208338,"max":0.22974909842,"mean":0.0119202239439,"median":0.00766256544739,"min":1.95843908373e-22,"var":0.000222707778448},"spectral_entropy":{"dmean":0.148148447275,"dmean2":0.221230760217,"dvar":0.0213016085327,"dvar2":0.044421389699,"max":9.80929374695,"mean":7.63905334473,"median":7.67414140701,"min":5.974132061,"var":0.0910826697946},"spectral_flux":{"dmean":0.0197775568813,"dmean2":0.0313914045691,"dvar":0.000429740000982,"dvar2":0.00102647347376,"max":0.300662070513,"mean":0.0891916304827,"median":0.08607172966,"min":6.49028608635e-11,"var":0.00156796909869},"spectral_kurtosis":{"dmean":1.7980338335,"dmean2":2.61080479622,"dvar":4.9221367836,"dvar2":10.7515649796,"max":56.3277359009,"mean":10.0836982727,"median":9.66051292419,"min":-1.23463988304,"var":18.8910331726},"spectral_rms":{"dmean":0.000804822251666,"dmean2":0.00121521775145,"dvar":6.47237357043e-7,"dvar2":0.00000147324760746,"max":0.0154831698164,"mean":0.00482546398416,"median":0.00474608130753,"min":3.1607732924e-12,"var":0.00000393514710595},"spectral_rolloff":{"dmean":5694.1484375,"dmean2":10725.2001953,"dvar":60193912,"dvar2":137074160,"max":22028.4667969,"mean":8745.89746094,"median":3294.58007812,"min":21.533203125,"var":82678528},"spectral_skewness":{"dmean":0.203258082271,"dmean2":0.290939927101,"dvar":0.0501458495855,"dvar2":0.100287869573,"max":5.6199965477,"mean":1.9968957901,"median":1.97991633415,"min":-0.0544698610902,"var":0.237488523126},"spectral_spread":{"dmean":421583.3125,"dmean2":614062.5625,"dvar":327567966208,"dvar2":542652268544,"max":41989516,"mean":4527809,"median":4246689,"min":2132865,"var":3587989569540},"spectral_strongpeak":{"dmean":1.02071344852,"dmean2":1.91235268116,"dvar":26.3730583191,"dvar2":77.1228790283,"max":73.4467697144,"mean":0.864313721657,"median":0.235015198588,"min":0,"var":15.9590444565},"zerocrossingrate":{"dmean":0.0346301011741,"dmean2":0.0445736683905,"dvar":0.000840244523715,"dvar2":0.00139777199365,"max":0.5947265625,"mean":0.234901636839,"median":0.23095703125,"min":0.0068359375,"var":0.00451596034691}},"metadata":{"audio_properties":{"analysis_sample_rate":44100,"bit_rate":125596,"codec":"mp3","downmix":"mix","equal_loudness":0,"length":209.580413818,"lossless":false,"md5_encoded":"4c701a31e025f064b993fed81b066b71","replay_gain":-2.70991706848},"tags":{"album":["...And Then There Were Three..."],"albumartist":["Genesis"],"artist":["Genesis"],"composer":["Phil Collins/Tony Banks"],"date":["2001","1978"],"file_name":"08 - Genesis - Scenes From a Night's Dream.mp3","genre":["Progressive Rock"],"label":["Virgin"],"musicbrainz album artist":["usicBra"],"musicbrainz album artist sortname":["usicBra"],"musicbrainz album status":["usicBrai"],"musicbrainz album type":["usicB"],"musicbrainz non-album":["u"],"musicbrainz_albumartistid":["usicBrainz Album Artist Id"],"musicbrainz_albumid":["usicBrainz Album Id"],"musicbrainz_artistid":["usicBrainz Artist Id"],"musicbrainz_recordingid":["58a127d8-26f3-422a-8662-928b6be96ead"],"musicip_puid":[""],"originaldate":["1978"],"title":["Scenes From a Night's Dream"],"tracknumber":["8/11"]},"version":{"essentia":"2.1-beta1","essentia_build_sha":"ab033649a6180e58ab3ffa3648ee50b8e9460706","essentia_git_sha":"v2.1_beta1-8-g0ed32f5-dirty","extractor":"music 1.0"}},"rhythm":{"beats_count":412,"beats_loudness":{"dmean":0.0170691721141,"dmean2":0.0285779982805,"dvar":0.000347339402651,"dvar2":0.000905240303837,"max":0.188093006611,"mean":0.0355483777821,"median":0.0306886993349,"min":6.54957554858e-9,"var":0.00057515851222},"beats_loudness_band_ratio":{"dmean":[0.192903712392,0.15932443738,0.102727785707,0.0337740592659,0.034460760653,0.0806629508734],"dmean2":[0.327753394842,0.278585642576,0.179174676538,0.0592079982162,0.0620584487915,0.143473178148],"dvar":[0.0187682285905,0.0185955706984,0.0137962438166,0.00116438232362,0.00281126704067,0.00537525070831],"dvar2":[0.0556987673044,0.0564097911119,0.0385621935129,0.00326831126586,0.00803156755865,0.0144029743969],"max":