{"lowlevel":{"average_loudness":0.939121961594,"barkbands":{"dmean":[0.0000579715997446,0.0056441151537,0.0023127773311,0.00155870278832,0.00201763072982,0.000708485487849,0.00145304971375,0.000656377989799,0.000523979892023,0.000604080269113,0.00043414538959,0.000396950024879,0.000228171149502,0.00030438270187,0.000406022241805,0.000352126749931,0.000394406262785,0.000337935169227,0.000265739538008,0.000114747934276,0.0000873689350556,0.0000517180233146,0.0000387401305488,0.0000445005534857,0.0000361351958418,0.0000195207594516,0.00000275678826256],"dmean2":[0.0000957860829658,0.00954606756568,0.0041487426497,0.00272173061967,0.00350999832153,0.00111431488767,0.0023409856949,0.00105439126492,0.000839412386995,0.000931135436986,0.000677336123772,0.000614455901086,0.000372745009372,0.000485872325953,0.000665100931656,0.000589833536651,0.000655145093333,0.000545988616068,0.000444784905994,0.000193672356545,0.000147337268572,0.0000842509471113,0.0000626546097919,0.0000659082652419,0.0000570770826016,0.0000300504289044,0.00000410038273913],"dvar":[1.6195031094e-8,0.000189062571735,0.0000281111188087,0.00000702372744854,0.0000174545384652,0.00000141281395827,0.00000684851556798,0.00000208747928809,8.90871206138e-7,9.94602942228e-7,0.00000112954762699,3.87967247661e-7,1.23278539377e-7,2.7095080668e-7,3.53754387561e-7,2.69115275842e-7,2.33466437294e-7,2.98036837876e-7,1.23521516571e-7,2.05798951214e-8,1.2883422329e-8,7.09948233535e-9,5.2469335543e-9,6.59805365899e-9,6.60600862901e-9,1.80100023783e-9,3.09933051446e-11],"dvar2":[4.21751167323e-8,0.00050114345504,0.0000798376422608,0.0000198142934096,0.0000484283591504,0.00000348748903889,0.0000168967126228,0.00000487211627842,0.00000219400703827,0.00000228028056881,0.00000235638162849,8.57517648001e-7,2.95109288118e-7,6.31434659226e-7,8.87604699074e-7,6.61722424411e-7,5.96370455241e-7,6.70285146498e-7,3.20094756034e-7,5.52873871129e-8,3.38913928033e-8,1.75153207493e-8,1.28756090234e-8,1.40310101315e-8,1.69922014237e-8,4.48481785043e-9,7.25373025534e-11],"max":[0.00119278545026,0.0943316221237,0.0452176220715,0.0337883271277,0.0485568456352,0.0267391260713,0.0654190182686,0.0518042445183,0.0163975358009,0.026767032221,0.029341455549,0.0213694963604,0.00904762092978,0.0136103918776,0.0142078762874,0.0143239051104,0.0088178999722,0.0116702495143,0.00813260301948,0.00234939856455,0.00150652404409,0.00114791514352,0.00128331326414,0.00112247245852,0.00099001347553,0.000430495070759,0.0000689126027282],"mean":[0.0000528913442395,0.00577508658171,0.00273305433802,0.00220055878162,0.00274748541415,0.00156330014579,0.00289570889436,0.001121500507,0.000937955919653,0.00127128127497,0.000788795412518,0.00078536523506,0.000429813051596,0.000602831947617,0.000824444403406,0.000761105620768,0.000933581613936,0.00088432681514,0.000717930030078,0.000298101804219,0.000250254117418,0.000140959338751,0.000096179144748,0.0000958733799052,0.0000556323539058,0.0000289662693831,0.00000374753949473],"median":[0.00000243745853368,0.00183524528984,0.00152510683984,0.00133004027884,0.00170098058879,0.000861533626448,0.00116425612941,0.000542443362065,0.000584419467486,0.000668886932544,0.000307685928419,0.000437142967712,0.00031666882569,0.00037324015284,0.000587005342823,0.000599390652496,0.000767082674429,0.000559727021027,0.000641560356598,0.000269733835012,0.000227919808822,0.000118662108434,0.0000708937004674,0.0000560951084481,0.0000309968745569,0.0000128364517877,0.00000126180816551],"min":[7.49614976579e-25,3.69093423626e-24,3.73046800053e-24,1.78991119445e-24,8.41185102431e-24,2.54720760549e-24,9.21573894092e-24,5.72437704735e-24,2.53905074428e-23,2.34540874233e-23,2.48090002043e-23,1.81878145254e-23,2.78495320348e-23,3.4385190992e-23,1.46396854123e-23,8.1267604797e-23,7.23236260713e-23,9.95727308276e-23,1.57649573127e-22,1.64743338553e-22,2.88572059157e-22,3.27486454016e-22,4.08121569072e-22,5.22593768252e-22,8.3469405198e-22,1.13008704429e-21,2.02960577271e-21],"var":[1.6843200612e-8,0.000151901011122,0.0000199266323762,0.00000710866697773,0.000015048340174,0.00000526697704117,0.0000174162669282,0.00000401991110266,0.00000152048994551,0.00000299495241052,0.00000343570832229,0.00000119538083254,2.73713311572e-7,6.62739864765e-7,7.70969336372e-7,5.64921947444e-7,5.67374740967e-7,0.00000109081099708,2.66592877551e-7,4.21615666824e-8,2.78119216546e-8,1.37303066694e-8,9.64716040386e-9,1.36954652064e-8,6.95576574117e-9,2.1526649352e-9,4.20924892164e-11]},"barkbands_crest":{"dmean":2.47807312012,"dmean2":4.00475215912,"dvar":8.36758422852,"dvar2":20.9215354919,"max":23.1147899628,"mean":7.4530210495,"median":6.56509685516,"min":1.82432639599,"var":12.3956727982},"barkbands_flatness_db":{"dmean":0.0164070930332,"dmean2":0.0246344171464,"dvar":0.000314897130011,"dvar2":0.000785321928561,"max":0.211321532726,"mean":0.090908460319,"median":0.0874547660351,"min":0.00740273483098,"var":0.000754485372454},"barkbands_kurtosis":{"dmean":1.37348246574,"dmean2":2.35446119308,"dvar":7.66635417938,"dvar2":20.7398929596,"max":36.5377388,"mean":0.472380340099,"median":-0.26096534729,"min":-1.76325500011,"var":6.71416473389},"barkbands_skewness":{"dmean":0.444539934397,"dmean2":0.720524907112,"dvar":0.323923647404,"dvar2":0.821122229099,"max":5.6493563652,"mean":0.946055829525,"median":0.856877088547,"min":-2.06010007858,"var":0.532204151154},"barkbands_spread":{"dmean":4.92930269241,"dmean2":7.89933443069,"dvar":24.3573055267,"dvar2":63.012638092,"max":68.4157714844,"mean":29.7685546875,"median":30.2008972168,"min":4.92372989655,"var":58.0407829285},"dissonance":{"dmean":0.0097921192646,"dmean2":0.0166839826852,"dvar":0.0000750267208787,"dvar2":0.000207718927413,"max":0.500000059605,"mean":0.480859071016,"median":0.482819706202,"min":0.413474321365,"var":0.000144757141243},"dynamic_complexity":3.30699086189,"erbbands":{"dmean":[0.107766970992,1.44945538044,2.94680070877,3.77645754814,7.81063222885,5.49063158035,4.36374282837,6.27374839783,17.2833061218,21.8865680695,12.626086235,12.7647409439,19.1784629822,15.089132309,15.4570245743,18.4309940338,10.6751508713,14.7450714111,19.7179031372,18.78540802,19.2047863007,19.5485019684,18.1913471222,14.3922100067,11.0946292877,4.78166913986,3.56925797462,3.29824233055,1.92623782158,1.55068445206,1.06249713898,0.843141794205,0.849032580853,0.486010462046,0.213464707136,0.0762944817543,0.0451587885618,0.00641497364268,0.000484323740238,0.0000307167210849],"dmean2":[0.175328165293,2.48254561424,5.2642660141,6.64950656891,13.7193717957,9.57783603668,7.04708194733,10.033780098,27.2381381989,35.4885101318,20.2642726898,20.4832515717,29.5713863373,23.5297870636,24.2067012787,28.2698764801,17.2963600159,23.336938858,31.9928226471,30.9997692108,32.2180175781,32.3898010254,29.3143749237,23.7909908295,18.4722328186,8.05086994171,6.00550317764,5.60458946228,3.159927845,2.51658058167,1.7134655714,1.30673134327,1.27775907516,0.772236287594,0.333201825619,0.114774592221,0.0719970017672,0.00995312072337,0.000723733915947,0.0000458440554212],"dvar":[0.0682203918695,12.5934782028,48.389503479,48.5987701416,255.050354004,120.053840637,47.1069221497,125.838088989,923.503967285,2082.58911133,734.045532227,514.623962402,1331.45117188,885.989257812,1291.4954834,829.301635742,267.86618042,681.797790527,873.757263184,762.811279297,579.858154297,590.506408691,773.92199707,527.861877441,192.909973145,37.6514892578,26.3279800415,17.5406856537,8.6647605896,8.9289484024,3.6855237484,1.84585142136,2.9836370945,1.20243620872,0.215518191457,0.020242260769,0.0140725737438,0.000245500152232,0.00000105289939256,2.67727928716e-9],"dvar2":[0.170725226402,33.6333999634,135.05229187,139.510528564,705.398132324,335.314117432,117.182777405,316.846008301,2100.15893555,5127.48291016,1729.38708496,1285.91589355,3158.6003418,1979.07946777,2735.92236328,1821.24841309,642.595275879,1575.22619629,2124.77246094,1992.82739258,1511.43212891,1471.22521973,1759.21289062,1212.1895752,506.077209473,99.607421875,69.0071563721,46.3441314697,21.4660415649,21.9947891235,9.00595474243,4.01692247391,6.70961761475,3.08718204498,0.549988210201,0.048935201019,0.036803200841,0.00063200580189,0.00000252345398621,6.33503560721e-9],"max":[1.87534213066,25.5408401489,56.2123985291,73.4839706421,190.111480713,159.429367065,149.899871826,238.682510376,771.179382324,1068.41467285,969.138977051,491.735168457,962.161254883,711.325622559,1186.24206543,779.865600586,452.032684326,754.919250488,771.525024414,565.120727539,636.749145508,587.778076172,735.336608887,520.451843262,336.773345947,105.997833252,68.2273864746,66.2896499634,41.8619613647,38.3234024048,31.657043457,19.4258861542,22.9428253174,13.2360773087,6.05564928055,1.68356609344,1.05599546432,0.149331152439,0.0123613625765,0.000619494996499],"mean":[0.105119355023,1.49289798737,3.42732954025,5.75314855576,9.51243972778,7.63884782791,8.45600891113,13.073756218,36.8305358887,39.0117340088,23.5772647858,23.6368904114,39.0714530945,31.701084137,30.9295444489,37.7511520386,22.5473022461,31.4516735077,39.9076118469,41.5321006775,46.0759086609,50.9031562805,50.4589576721,39.4015312195,30.484003067,13.469578743,9.75857639313,9.39380836487,5.35282373428,3.65445876122,2.64590644836,2.08054089546,1.53841292858,0.730388522148,0.344961196184,0.129734382033,0.0590492747724,0.00844535417855,0.00066875066841,0.000064332569309],"median":[0.0191592425108,0.505495965481,1.72343707085,4.01515769958,5.22913360596,4.71013355255,5.34088993073,6.98697471619,14.569849968,15.7572422028,13.0208797455,15.2449054718,21.908323288,15.6805458069,15.7750701904,20.7212085724,16.9964752197,19.3208045959,28.1741428375,30.1204566956,39.8470306396,43.3064498901,34.2738876343,32.3276290894,27.807012558,12.2652740479,8.60333538055,8.70022583008,4.64403104782,2.63158798218,1.94882071018,1.41445708275,0.777796387672,0.378542333841,0.203936457634,0.0717042833567,0.0217612795532,0.00297863874584,0.000245074625127,0.0000479438604089],"min":[8.4508333748e-23,1.0509488212e-21,4.97434795271e-21,8.91865813337e-21,1.30430848729e-20,4.12442366994e-20,1.55100064548e-20,3.60142677231e-20,1.8778172175e-19,2.4527024441e-19,2.08933867386e-19,5.20303998223e-19,8.41145902835e-19,6.13940740166e-19,9.03765956747e-19,1.40273226238e-18,1.32687039103e-18,1.58488301674e-18,1.97585758468e-18,3.93714562364e-18,4.90703060829e-18,5.60732295565e-18,5.63505832159e-18,6.99892405532e-18,9.64425923479e-18,7.70499301849e-18,1.11786437023e-17,1.20292823299e-17,1.1066683152e-17,1.02007342385e-17,1.13970160753e-17,1.13639784816e-17,9.62239850557e-18,8.67758701964e-18,5.3733201778e-18,2.95276926184e-18,2.16556546111e-18,9.78749362287e-19,2.54827954496e-19,2.56943866347e-20],"var":[0.0619723722339,9.78838539124,34.562877655,42.234916687,211.167739868,112.061454773,107.941337585,416.155395508,3025.62866211,4631.11279297,1703.21801758,896.878356934,2913.71679688,2897.20092773,3699.47802734,2704.65185547,666.52722168,1861.63037109,2073.60107422,1932.80102539,1254.14074707,1516.37463379,2911.73876953,1303.56591797,431.480712891,81.2811737061,49.1440010071,37.6450004578,17.7136096954,14.6336536407,7.17554426193,4.78362560272,4.75353956223,1.27724981308,0.238403350115,0.0281767416745,0.0136766508222,0.000263437192189,0.00000134926756346,3.7399159325e-9]},"erbbands_crest":{"dmean":1.63127303123,"dmean2":2.62836003304,"dvar":2.44306063652,"dvar2":5.76691389084,"max":19.6891880035,"mean":6.6047167778,"median":5.85749721527,"min":2.51957392693,"var":7.59621047974},"erbbands_flatness_db":{"dmean":0.0135149387643,"dmean2":0.0190936159343,"dvar":0.000200670881895,"dvar2":0.000402699661208,"max":0.241433769464,"mean":0.137154117227,"median":0.135600313544,"min":0.0599416829646,"var":0.000827563519124},"erbbands_kurtosis":{"dmean":0.399843007326,"dmean2":0.642189979553,"dvar":0.178926840425,"dvar2":0.451953738928,"max":5.57874965668,"mean":-0.349921613932,"median":-0.499612212181,"min":-1.57663059235,"var":0.491381019354},"erbbands_skewness":{"dmean":0.233190089464,"dmean2":0.367881149054,"dvar":0.0385796315968,"dvar2":0.091937482357,"max":1.30189955235,"mean":-0.178374215961,"median":-0.191655784845,"min":-2.1043920517,"var":0.214062869549},"erbbands_spread":{"dmean":5.7633600235,"dmean2":9.3095293045,"dvar":35.0382804871,"dvar2":92.3167037964,"max":81.9919052124,"mean":37.7313652039,"median":37.0349731445,"min":10.752822876,"var":89.7803649902},"gfcc":{"cov":[[20657.1464844,609.954223633,-763.387023926,323.572967529,-467.580657959,158.473617554,-462.948944092,185.056365967,-288.413970947,96.5003967285,-221.214935303,21.2856769562,-230.000839233],[609.954223633,514.384460449,-280.458679199,163.760070801,-16.6085453033,-6.01950120926,76.9441299438,-18.4427146912,64.1078186035,-33.8108825684,44.946472168,-21.8303833008,46.6535415649],[-763.387023926,-280.458679199,482.902160645,-55.3555908203,147.698822021,12.7410888672,9.20884990692,40.0803222656,-14.8743972778,66.4157562256,-25.2774391174,33.0080337524,-16.1065387726],[323.572967529,163.760070801,-55.3555908203,174.71257019,43.2262077332,43.5606994629,21.9867095947,5.93931007385,33.1435203552,-8.39721298218,18.6102676392,-12.5819234848,24.6711215973],[-467.580657959,-16.6085453033,147.698822021,43.2262077332,214.093902588,28.2207794189,63.4221229553,38.3622703552,24.9660606384,42.3837203979,-2.43308448792,18.1262931824,7.20608949661],[158.473617554,-6.01950120926,12.7410888672,43.5606994629,28.2207794189,120.365242004,48.4688491821,19.3937625885,-8.26264190674,1.24844539165,9.12442207336,-0.228900805116,22.6640338898],[-462.948944092,76.9441299438,9.20884990692,21.9867095947,63.4221229553,48.4688491821,111.504348755,24.1052722931,27.8445777893,1.80507743359,15.8577795029,1.78743994236,26.3579463959],[185.056365967,-18.4427146912,40.0803222656,5.93931007385,38.3622703552,19.3937625885,24.1052722931,76.0001831055,24.4983901978,26.3242111206,0.205956861377,9.78392028809,0.672603666782],[-288.413970947,64.1078186035,-14.8743972778,33.1435203552,24.9660606384,-8.26264190674,27.8445777893,24.4983901978,69.4469909668,18.0746517181,23.070268631,-2.92551398277,11.7855443954],[96.5003967285,-33.8108825684,66.4157562256,-8.39721298218,42.3837203979,1.24844539165,1.80507743359,26.3242111206,18.0746517181,61.6094017029,12.261800766,17.6907577515,-5.08866119385],[-221.214935303,44.946472168,-25.2774391174,18.6102676392,-2.43308448792,9.12442207336,15.8577795029,0.205956861377,23.070268631,12.261800766,52.4919013977,13.9841499329,15.4832181931],[21.2856769562,-21.8303833008,33.0080337524,-12.5819234848,18.1262931824,-0.228900805116,1.78743994236,9.78392028809,-2.92551398277,17.6907577515,13.9841499329,40.0042686462,13.0626840591],[-230.000839233,46.6535415649,-16.1065387726,24.6711215973,7.20608949661,22.6640338898,26.3579463959,0.672603666782,11.7855443954,-5.08866119385,15.4832181931,13.0626840591,52.6919708252]],"icov":[[0.000119104879559,-0.000382052909117,0.000106763953227,-0.000167842867086,0.000264444883214,-0.000470113678603,0.000589538656641,-0.000525279669091,0.000525154639035,-0.000581003667321,0.000743471260648,-0.000594437413383,0.000602558720857],[-0.000382052909117,0.0073221353814,0.00234649865888,-0.00475484784693,0.00000651965001452,0.00563264079392,-0.00746113806963,0.00282511417754,-0.0013976766495,0.000404368096497,-0.00290989759378,0.00224796263501,-0.00328512419946],[0.000106763953227,0.00234649865888,0.00463653402403,-0.00125315075275,-0.00163979048375,0.000805533723906,-0.0012074165279,-0.000182311225217,0.0012672515586,-0.00316509231925,0.00177075725514,-0.00130631099455,0.0000909344962565],[-0.000167842867086,-0.00475484784693,-0.00125315075275,0.0141164455563,-0.00473568029702,-0.00671972334385,0.0076234745793,0.0000345372427546,-0.00526744453236,0.00487237796187,-0.00278726033866,0.00390976155177,-0.00229274388403],[0.000264444883214,0.00000651965001452,-0.00163979048375,-0.00473568029702,0.0103617915884,0.000506204727571,-0.00519982725382,-0.000821761903353,0.000697653449606,-0.00560773350298,0.00543890753761,-0.00479565886781,0.00273447227664],[-0.000470113678603,0.00563264079392,0.000805533723906,-0.00671972334385,0.000506204727571,0.0190753377974,-0.0121589880437,-0.00155052554328,0.00785336364061,-0.00141484220512,-0.00646367948502,0.00729610910639,-0.00762125151232],[0.000589538656641,-0.00746113806963,-0.0012074165279,0.0076234745793,-0.00519982725382,-0.0121589880437,0.0254503935575,-0.00567120360211,-0.003531931201,0.00383882690221,0.000707635190338,-0.000530025048647,-0.000392473943066],[-0.000525279669091,0.00282511417754,-0.000182311225217,0.0000345372427546,-0.000821761903353,-0.00155052554328,-0.00567120360211,0.0229074060917,-0.0113803856075,-0.00256479298696,0.00362801225856,-0.00420871097594,0.000732713728212],[0.000525154639035,-0.0013976766495,0.0012672515586,-0.00526744453236,0.000697653449606,0.00785336364061,-0.003531931201,-0.0113803856075,0.0333247408271,-0.0107628209516,-0.00804944057018,0.0101868687198,-0.00383104197681],[-0.000581003667321,0.000404368096497,-0.00316509231925,0.00487237796187,-0.00560773350298,-0.00141484220512,0.00383882690221,-0.00256479298696,-0.0107628209516,0.0332308709621,-0.00972408242524,-0.00545655051246,0.00317161669955],[0.000743471260648,-0.00290989759378,0.00177075725514,-0.00278726033866,0.00543890753761,-0.00646367948502,0.000707635190338,0.00362801225856,-0.00804944057018,-0.00972408242524,0.037233389914,-0.0182714220136,0.00375417759642],[-0.000594437413383,0.00224796263501,-0.00130631099455,0.00390976155177,-0.00479565886781,0.00729610910639,-0.000530025048647,-0.00420871097594,0.0101868687198,-0.00545655051246,-0.0182714220136,0.0476092882454,-0.0182176530361],[0.000602558720857,-0.00328512419946,0.0000909344962565,-0.00229274388403,0.00273447227664,-0.00762125151232,-0.000392473943066,0.000732713728212,-0.00383104197681,0.00317161669955,0.00375417759642,-0.0182176530361,0.0332857407629]],"mean":[17.6552429199,83.1393127441,-131.345489502,36.8820800781,-51.8008117676,7.65660190582,-37.4890594482,12.8112201691,-22.1851863861,-0.374562859535,-17.6778297424,-1.5187869072,-14.6341695786]},"hfc":{"dmean":5.29540491104,"dmean2":8.1050825119,"dvar":56.9542770386,"dvar2":130.104492188,"max":116.39276886,"mean":25.3032627106,"median":25.484041214,"min":1.09280432146e-16,"var":202.214157104},"melbands":{"dmean":[0.0013100389624,0.00168659701012,0.00075376330642,0.00050982227549,0.000152313645231,0.000145585538121,0.000276642706012,0.000217741937377,0.000098331256595,0.0000783230716479,0.0000964258433669,0.0000619290804025,0.0000613556840108,0.0000436649861513,0.0000339307916875,0.0000221505488298,0.0000307681511913,0.0000317766607623,0.0000252597201325,0.00002678499186,0.000024857770768,0.0000230748082686,0.0000217369106394,0.0000163954209711,0.0000130820717459,0.000010492387446,0.00000642435588816,0.00000299733710563,0.00000231207218349,0.00000279523578683,0.00000175954755832,0.00000129084298806,9.71748022494e-7,8.84611097263e-7,6.8660068564e-7,5.8117853996e-7,5.40255030046e-7,6.65863638005e-7,5.20298613083e-7,3.89404277712e-7],"dmean2":[0.00217566732317,0.00294517655857,0.00132728670724,0.00089478911832,0.000250301091,0.000230564910453,0.000438993360149,0.000353162176907,0.000157978094649,0.000125624195789,0.00014907080913,0.0000965477811405,0.0000958485106821,0.0000679548757034,0.000053019135521,0.0000361847087333,0.0000489005069539,0.0000516945619893,0.0000418966410507,0.0000447225211246,0.0000417945957452,0.0000385255007131,0.0000354546755261,0.0000265842863882,0.0000217939650611,0.0000175347977347,0.0000108547028503,0.00000508122820975,0.00000390573040931,0.00000473563341075,0.00000299213616017,0.00000214339070226,0.00000160216802669,0.00000145236083426,0.00000112465784241,9.41470716498e-7,8.44376415898e-7,0.0000010025210031,8.35249238662e-7,6.26795497283e-7],"dvar":[0.0000101054392871,0.0000159749215527,0.00000174700824118,0.00000115628631647,5.36025872577e-8,6.6108079011e-8,2.34266479993e-7,2.05929111985e-7,4.19820089803e-8,1.89003497297e-8,3.28315401532e-8,1.49661829596e-8,2.39909194732e-8,4.44748282646e-9,3.5751361871e-9,1.17519127762e-9,3.2633846736e-9,2.27422258803e-9,1.59277468992e-9,1.87803861351e-9,9.0208429615e-10,8.18982826001e-10,8.80940986825e-10,7.35449479095e-10,3.97715999023e-10,1.70544453559e-10,5.67630178971e-11,1.57473149104e-11,1.21755383553e-11,1.121007627e-11,5.43957196994e-12,3.52712498965e-12,2.76561325924e-12,2.98799396684e-12,1.51219022113e-12,8.9895300405e-13,7.73612836118e-13,1.80936548296e-12,1.38067411237e-12,7.64038192522e-13],"dvar2":[0.0000262110061158,0.0000434397043136,0.00000494483128932,0.00000322600226355,1.37662539146e-7,1.63006731668e-7,5.52601534309e-7,5.05030186559e-7,1.00338994002e-7,4.71909444855e-8,7.7905490059e-8,3.33255769647e-8,5.02984711659e-8,1.03158939169e-8,8.13737432992e-9,2.72248468214e-9,7.6354789158e-9,5.52081313998e-9,4.14959666628e-9,4.73354688779e-9,2.36571695567e-9,2.09169392917e-9,2.09125894379e-9,1.69178704379e-9,9.3467689144e-10,4.4414805167e-10,1.53012366666e-10,4.18774286082e-11,3.23121772394e-11,3.02410388398e-11,1.44702175589e-11,8.9244132917e-12,6.94345362456e-12,7.47620108182e-12,3.81311171874e-12,2.16049964377e-12,1.72329425036e-12,3.86843205039e-12,3.53632986609e-12,1.98316601856e-12],"max":[0.0209037382156,0.0305997561663,0.0139941349626,0.0122864777222,0.00410535698757,0.00584133341908,0.0112307807431,0.0094390437007,0.00635866168886,0.00288428226486,0.00489616161212,0.00319111114368,0.00485700601712,0.00115412252489,0.00323015800677,0.00119760911912,0.00172017130535,0.00111591722816,0.00111495365854,0.00134211743716,0.000555998412892,0.000626277993433,0.000642233178951,0.000592461961787,0.000446141086286,0.000312434858643,0.000129542735522,0.000063131294155,0.0000498098488606,0.0000491874379804,0.0000406776453019,0.0000296779508062,0.0000251302571996,0.0000333733551088,0.0000180304796231,0.000019216149667,0.0000124134267026,0.0000193911910173,0.0000175990844582,0.0000112438474389],"mean":[0.00131967023481,0.00194790784735,0.00111128797289,0.000645681458991,0.000288637558697,0.000311700248858,0.00058455450926,0.000380964163924,0.000180795308552,0.000143034223584,0.000191222527064,0.000123573074234,0.000113286936539,0.0000873768440215,0.0000709807864041,0.0000438088245573,0.0000597908801865,0.0000613910233369,0.0000527218144271,0.0000566813068872,0.0000542764828424,0.0000523105809407,0.0000524851238879,0.0000396317773266,0.0000310706927849,0.0000261044115177,0.0000158274597197,0.00000716777230991,0.00000542437146578,0.00000702876195646,0.00000468079997518,0.00000319520904668,0.00000228900921684,0.00000186944055258,0.00000153227938426,0.0000013840375459,0.00000121053824387,0.00000117941988265,7.78861135586e-7,5.56426471121e-7],"median":[0.000360990379704,0.000935845891945,0.000787432538345,0.000383929582313,0.000193397165276,0.000157197660883,0.000234883307712,0.000159881790751,0.000101311961771,0.0000932840193855,0.000104869497591,0.000058717396314,0.0000462883836008,0.0000502201146446,0.0000467591817142,0.0000311825097015,0.0000339274592989,0.0000418954878114,0.0000393169102608,0.0000425932375947,0.0000450184888905,0.000043242580432,0.000036505254684,0.0000245342707785,0.0000251229248533,0.0000229718389164,0.0000142282387969,0.00000625568281976,0.00000457278292743,0.00000628768793831,0.00000424372046837,0.00000273671093964,0.00000179592768745,0.00000124739904095,0.00000109630809675,9.80541926765e-7,7.85936094871e-7,5.68822997593e-7,3.81538654892e-7,2.83805547951e-7],"min":[1.12627397072e-24,2.17970334215e-24,2.78967248496e-24,2.61567935155e-24,7.86272159553e-25,6.7381688207e-25,3.02633903957e-24,3.39420499562e-24,1.93840716011e-24,3.19527656065e-24,3.56159772984e-24,2.3193060844e-24,3.64480362268e-24,1.40170781261e-24,3.25783658309e-24,1.93852134773e-24,2.29777018169e-24,3.65692131504e-24,1.85898701075e-24,5.51737205721e-24,4.34513895154e-24,5.40444227989e-24,5.13242252939e-24,4.30282129714e-24,4.43403529252e-24,6.03902644674e-24,3.10631553307e-24,4.96875874067e-24,6.0516738592e-24,6.06906548115e-24,6.55241949044e-24,4.91991129013e-24,4.83438496294e-24,6.41647745722e-24,6.0391270265e-24,5.88446808502e-24,7.04723446539e-24,6.20852938387e-24,6.94867497275e-24,6.25025894247e-24],"var":[0.00000854459085531,0.0000119882342915,0.00000149385175519,9.38828122798e-7,1.0902742531e-7,2.53982307186e-7,7.08327377197e-7,4.29701458415e-7,9.97771607558e-8,3.17717123721e-8,7.17864523381e-8,4.87395617199e-8,7.1537719748e-8,1.25243095894e-8,1.02466124474e-8,3.19435145002e-9,7.72396990811e-9,5.34690691723e-9,2.97511792979e-9,3.94507271295e-9,1.92339988381e-9,1.82781056957e-9,2.88735790832e-9,2.60331023405e-9,8.65673810413e-10,3.71008057609e-10,1.21499629802e-10,2.8281791839e-11,1.89273197809e-11,2.35160467488e-11,1.04337484833e-11,6.73207149748e-12,4.66763867141e-12,4.52302431619e-12,2.61215333218e-12,2.08741119008e-12,1.75629031717e-12,3.07243033099e-12,1.48610084742e-12,7.81456659365e-13]},"melbands_crest":{"dmean":2.92080950737,"dmean2":4.71387338638,"dvar":7.75620508194,"dvar2":18.633014679,"max":26.3968830109,"mean":11.7042598724,"median":11.0096817017,"min":1.22975897789,"var":16.9413337708},"melbands_flatness_db":{"dmean":0.0223869327456,"dmean2":0.0349910929799,"dvar":0.000734136614483,"dvar2":0.00180531351361,"max":0.328284323215,"mean":0.143204107881,"median":0.137101858854,"min":0.00343485246412,"var":0.00155939976685},"melbands_kurtosis":{"dmean":4.58115339279,"dmean2":7.75855875015,"dvar":90.7521514893,"dvar2":242.719055176,"max":105.71598053,"mean":6.01087713242,"median":3.59610843658,"min":-1.4399971962,"var":81.8011550903},"melbands_skewness":{"dmean":0.644259810448,"dmean2":1.03770887852,"dvar":0.82550162077,"dvar2":2.08502006531,"max":9.04889011383,"mean":2.07036495209,"median":1.8493077755,"min":-0.322551578283,"var":1.19839775562},"melbands_spread":{"dmean":7.91186952591,"dmean2":12.6787805557,"dvar":66.2609863281,"dvar2":159.864868164,"max":164.255508423,"mean":33.5680274963,"median":32.7384109497,"min":2.71930575371,"var":204.32182312},"mfcc":{"cov":[[10665.6757812,1063.68652344,-244.377120972,265.522888184,7.70940876007,0.634927332401,-49.944606781,45.8118438721,-40.0328292847,6.30291557312,-7.5272231102,6.91283273697,-76.7997970581],[1063.68652344,450.657318115,-132.805389404,147.414215088,-13.5046806335,28.6117191315,2.33136725426,39.3609580994,22.9408130646,16.5990009308,20.5029964447,15.8060131073,3.54057979584],[-244.377120972,-132.805389404,221.135681152,-32.725353241,40.9448280334,-4.49174690247,21.547700882,-22.1014881134,7.87312269211,-1.50757312775,-4.39389038086,-0.615632474422,10.169965744],[265.522888184,147.414215088,-32.725353241,155.700637817,56.6168022156,30.1454277039,0.257586717606,20.9276618958,23.8984527588,17.5561561584,23.8554496765,10.5663728714,5.64005804062],[7.70940876007,-13.5046806335,40.9448280334,56.6168022156,121.722106934,25.9564285278,30.304567337,2.71992564201,30.1079692841,9.40603923798,28.1550369263,6.76855325699,7.677318573],[0.634927332401,28.6117191315,-4.49174690247,30.1454277039,25.9564285278,92.834854126,50.5527763367,22.6056251526,16.8168830872,12.2220096588,-1.56084084511,5.25120925903,1.10311174393],[-49.944606781,2.33136725426,21.547700882,0.257586717606,30.304567337,50.5527763367,89.4374771118,31.0185565948,31.8464698792,8.22141838074,11.4126033783,3.80983352661,7.25880146027],[45.8118438721,39.3609580994,-22.1014881134,20.9276618958,2.71992564201,22.6056251526,31.0185565948,59.6035881042,25.6448612213,14.5559568405,4.44166660309,5.1806511879,0.794891774654],[-40.0328292847,22.9408130646,7.87312269211,23.8984527588,30.1079692841,16.8168830872,31.8464698792,25.6448612213,66.5590286255,25.7507419586,18.8433475494,1.921397686,7.667760849],[6.30291557312,16.5990009308,-1.50757312775,17.5561561584,9.40603923798,12.2220096588,8.22141838074,14.5559568405,25.7507419586,44.0652542114,19.8288383484,4.21501636505,-1.47733652592],[-7.5272231102,20.5029964447,-4.39389038086,23.8554496765,28.1550369263,-1.56084084511,11.4126033783,4.44166660309,18.8433475494,19.8288383484,56.6414451599,21.0892353058,8.233253479],[6.91283273697,15.8060131073,-0.615632474422,10.5663728714,6.76855325699,5.25120925903,3.80983352661,5.1806511879,1.921397686,4.21501636505,21.0892353058,42.3796806335,19.7599811554],[-76.7997970581,3.54057979584,10.169965744,5.64005804062,7.677318573,1.10311174393,7.25880146027,0.794891774654,7.667760849,-1.47733652592,8.233253479,19.7599811554,42.2769165039]],"icov":[[0.000132409433718,-0.000407004874432,-0.0000489933772769,0.000166539437487,-0.000236224979744,0.000109716616862,0.0000185150165635,-0.0000236039177253,0.000200977054192,-0.0000841332803247,0.000169410224771,-0.000100438403024,0.000276047969237],[-0.000407004874432,0.005558361765,0.00174500513822,-0.00512589374557,0.00329050375149,0.00000656549991618,-0.00135800568387,0.000193405343452,-0.00144647713751,0.000706329417881,-0.000626714725513,-0.000517111853696,-0.000658207922243],[-0.0000489933772769,0.00174500513822,0.00649979757145,-0.000251616293099,-0.0017656434793,0.00158887670841,-0.00274583557621,0.00288225570694,-0.000713374698535,-0.00148016598541,0.00254191481508,-0.00114889384713,-0.000949083711021],[0.000166539437487,-0.00512589374557,-0.000251616293099,0.0154184438288,-0.0079341949895,-0.00402215728536,0.0068092555739,-0.00367726339027,0.0000624827298452,-0.00081736210268,-0.00189607252833,0.00113785255235,-0.0010212820489],[-0.000236224979744,0.00329050375149,-0.0017656434793,-0.0079341949895,0.0161588825285,-0.00181949522812,-0.00337037001736,0.00322363595478,-0.00448785489425,0.00367364683188,-0.00586759159341,0.00108014745638,-0.0000101509203887],[0.000109716616862,0.00000656549991618,0.00158887670841,-0.00402215728536,-0.00181949522812,0.0202156100422,-0.0130185075104,0.00130479736254,0.00268180016428,-0.00652852654457,0.00877395272255,-0.00512739317492,0.00234005926177],[0.0000185150165635,-0.00135800568387,-0.00274583557621,0.0068092555739,-0.00337037001736,-0.0130185075104,0.0262955836952,-0.0100266952068,-0.00583737716079,0.00666578998789,-0.00739114871249,0.00435468461365,-0.00277942535467],[-0.0000236039177253,0.000193405343452,0.00288225570694,-0.00367726339027,0.00322363595478,0.00130479736254,-0.0100266952068,0.0276650283486,-0.00662861391902,-0.00480830483139,0.00553272757679,-0.00558792008087,0.00288859405555],[0.000200977054192,-0.00144647713751,-0.000713374698535,0.0000624827298452,-0.00448785489425,0.00268180016428,-0.00583737716079,-0.00662861391902,0.0281591899693,-0.0123595176265,-0.00186727754772,0.0055232536979,-0.00523562310264],[-0.0000841332803247,0.000706329417881,-0.00148016598541,-0.00081736210268,0.00367364683188,-0.00652852654457,0.00666578998789,-0.00480830483139,-0.0123595176265,0.0371878482401,-0.013118061237,0.00165684707463,0.00402368977666],[0.000169410224771,-0.000626714725513,0.00254191481508,-0.00189607252833,-0.00586759159341,0.00877395272255,-0.00739114871249,0.00553272757679,-0.00186727754772,-0.013118061237,0.0339816361666,-0.0163150895387,0.00289137754589],[-0.000100438403024,-0.000517111853696,-0.00114889384713,0.00113785255235,0.00108014745638,-0.00512739317492,0.00435468461365,-0.00558792008087,0.0055232536979,0.00165684707463,-0.0163150895387,0.0399672053754,-0.0171665530652],[0.000276047969237,-0.000658207922243,-0.000949083711021,-0.0010212820489,-0.0000101509203887,0.00234005926177,-0.00277942535467,0.00288859405555,-0.00523562310264,0.00402368977666,0.00289137754589,-0.0171665530652,0.0334890559316]],"mean":[-612.038757324,109.440040588,-17.1510772705,28.3622493744,5.70118141174,-0.193254292011,-2.25621533394,6.18865585327,0.64726382494,1.43909144402,-0.241237208247,1.29741275311,-2.3609161377]},"pitch_salience":{"dmean":0.0676589906216,"dmean2":0.107784412801,"dvar":0.00464738206938,"dvar2":0.0116633968428,"max":0.993451356888,"mean":0.6049451828,"median":0.615425288677,"min":0.181728765368,"var":0.00931386370212},"silence_rate_20dB":{"dmean":0,"dmean2":0,"dvar":0,"dvar2":0,"max":1,"mean":1,"median":1,"min":1,"var":0},"silence_rate_30dB":{"dmean":0,"dmean2":0,"dvar":0,"dvar2":0,"max":1,"mean":1,"median":1,"min":1,"var":0},"silence_rate_60dB":{"dmean":0.00628045480698,"dmean2":0.0125622702762,"dvar":0.00624092947692,"dvar2":0.0141368908808,"max":1,"mean":0.0852100476623,"median":0,"min":0,"var":0.0779498070478},"spectral_centroid":{"dmean":216.284103394,"dmean2":353.808013916,"dvar":51380.0234375,"dvar2":124536.351562,"max":11653.1503906,"mean":1830.5435791,"median":1806.67407227,"min":605.554077148,"var":499420.84375},"spectral_complexity":{"dmean":3.57942605019,"dmean2":5.7840590477,"dvar":10.459854126,"dvar2":25.334236145,"max":54,"mean":31.5649623871,"median":34,"min":0,"var":126.997810364},"spectral_contrast_coeffs":{"dmean":[0.0525366961956,0.0420503988862,0.0338242277503,0.0265436191112,0.0192638970912,0.0181146413088],"dmean2":[0.0863198935986,0.0689992681146,0.0553206838667,0.0442219860852,0.0321731381118,0.0280051715672],"dvar":[0.00197595288046,0.00115983479191,0.000706620106939,0.000436806236394,0.000247593969107,0.000281518645352],"dvar2":[0.00537273939699,0.00308231846429,0.00186082965229,0.0011960855918,0.00064583477797,0.000624533335213],"max":[-0.330418109894,-0.490791350603,-0.556772530079,-0.63014882803,-0.607945144176,-0.635450124741],"mean":[-0.642486214638,-0.748245418072,-0.778173625469,-0.797348082066,-0.785873472691,-0.740480542183],"median":[-0.64234316349,-0.752443313599,-0.782448291779,-0.797933220863,-0.786816835403,-0.740672826767],"min":[-0.975324094296,-0.996571481228,-0.99662643671,-0.985930979252,-0.987306952477,-0.963892221451],"var":[0.00579348579049,0.00475949281827,0.00295291095972,0.00155663164333,0.00142244412564,0.00157566927373]},"spectral_contrast_valleys":{"dmean":[0.414074540138,0.329427987337,0.273228228092,0.222699657083,0.160035714507,0.243809059262],"dmean2":[0.676589667797,0.544146180153,0.446784257889,0.361629843712,0.263567000628,0.339163064957],"dvar":[0.144313290715,0.100951567292,0.0752353072166,0.0557236969471,0.0438209734857,0.0951143205166],"dvar2":[0.338886529207,0.22689537704,0.158118993044,0.111655920744,0.083237528801,0.181234583259],"max":[-5.19519042969,-4.69055175781,-5.36413288116,-5.59964847565,-5.7449259758,-8.15152835846],"mean":[-7.37473106384,-6.61275863647,-7.0582818985,-7.20917654037,-6.99357652664,-10.0138978958],"median":[-7.06575202942,-6.30137252808,-6.74652004242,-6.87331771851,-6.64981651306,-9.73522758484],"min":[-27.7260894775,-27.8516578674,-27.8552742004,-27.6196613312,-27.419916153,-27.3922958374],"var":[3.36089491844,3.36140394211,3.18579554558,3.12902736664,3.09775161743,2.74144601822]},"spectral_decrease":{"dmean":2.89944979137e-9,"dmean2":4.78801842618e-9,"dvar":2.40179765614e-17,"dvar2":6.25307514932e-17,"max":1.24554523772e-28,"mean":-7.07473102324e-9,"median":-6.05101568851e-9,"min":-3.56906149079e-8,"var":2.89506563861e-17},"spectral_energy":{"dmean":0.0112932035699,"dmean2":0.0185878518969,"dvar":0.000353515439201,"dvar2":0.000917436962482,"max":0.136824056506,"mean":0.0289967376739,"median":0.0253529809415,"min":1.02922109276e-20,"var":0.000447132915724},"spectral_energyband_high":{"dmean":0.000238186868955,"dmean2":0.000360145495506,"dvar":1.63810369713e-7,"dvar2":3.66460199075e-7,"max":0.005275872536,"mean":0.000779145630077,"median":0.00065689755138,"min":7.36991107038e-21,"var":3.70499463997e-7},"spectral_energyband_low":{"dmean":0.00770472502336,"dmean2":0.0129527188838,"dvar":0.000307919399347,"dvar2":0.000812030571979,"max":0.127894029021,"mean":0.00977298803627,"median":0.00517116487026,"min":2.2415010883e-23,"var":0.000258360611042},"spectral_energyband_middle_high":{"dmean":0.00173938937951,"dmean2":0.00271548866294,"dvar":0.00000519215791428,"dvar2":0.0000114450322144,"max":0.0427575260401,"mean":0.00786260608584,"median":0.00759315118194,"min":1.22280084411e-21,"var":0.0000253130965575},"spectral_energyband_middle_low":{"dmean":0.00484661757946,"dmean2":0.00812972988933,"dvar":0.0000662396341795,"dvar2":0.000176061788807,"max":0.106413111091,"mean":0.01212456543,"median":0.00986552797258,"min":1.76812998755e-22,"var":0.0000995990340016},"spectral_entropy":{"dmean":0.0726721957326,"dmean2":0.106213495135,"dvar":0.00487125338987,"dvar2":0.00951111968607,"max":9.82734012604,"mean":7.87155914307,"median":7.86853504181,"min":6.90823364258,"var":0.0418223626912},"spectral_flux":{"dmean":0.027700509876,"dmean2":0.0414936393499,"dvar":0.00140250427648,"dvar2":0.00267825345509,"max":0.317592352629,"mean":0.0886722207069,"median":0.0761455148458,"min":6.37176700291e-11,"var":0.00302133429796},"spectral_kurtosis":{"dmean":0.940176427364,"dmean2":1.62650370598,"dvar":0.804443717003,"dvar2":2.37151503563,"max":18.2246246338,"mean":3.96541810036,"median":3.71778821945,"min":-1.25688946247,"var":1.9244440794},"spectral_rms":{"dmean":0.000868566916324,"dmean2":0.00138159515336,"dvar":0.00000152357472416,"dvar2":0.00000378512618227,"max":0.0115536525846,"mean":0.00492364307866,"median":0.0049733906053,"min":3.16878229385e-12,"var":0.00000404728189096},"spectral_rolloff":{"dmean":469.721496582,"dmean2":777.963989258,"dvar":310358.3125,"dvar2":717480.75,"max":19573.6816406,"mean":2050.59521484,"median":2110.25390625,"min":86.1328125,"var":1935284},"spectral_skewness":{"dmean":0.134358629584,"dmean2":0.21893234551,"dvar":0.0145496465266,"dvar2":0.0359193347394,"max":2.83431196213,"mean":1.34375286102,"median":1.34338712692,"min":-0.0513035170734,"var":0.0530739985406},"spectral_spread":{"dmean":392346.03125,"dmean2":577784.6875,"dvar":431724331008,"dvar2":864381698048,"max":42039384,"mean":4190189.25,"median":3952762.5,"min":1930073.125,"var":6627035971580},"spectral_strongpeak":{"dmean":0.453204363585,"dmean2":0.783249378204,"dvar":0.688707411289,"dvar2":1.71422564983,"max":10.1289720535,"mean":0.821923136711,"median":0.403182446957,"min":0,"var":1.0452311039},"zerocrossingrate":{"dmean":0.00843724608421,"dmean2":0.0107412356883,"dvar":0.0000703692930983,"dvar2":0.000120321870781,"max":0.525390625,"mean":0.0731964036822,"median":0.06982421875,"min":0.0224609375,"var":0.0014162985608}},"metadata":{"audio_properties":{"analysis_sample_rate":44100,"bit_rate":0,"codec":"flac","downmix":"mix","equal_loudness":0,"length":214.42666626,"lossless":true,"md5_encoded":"f0b2ebe951a8cf40afba95e9608fba11","replay_gain":-13.2063961029,"sample_rate":44100},"tags":{"album":["¡Adios Amigos!"],"albumartist":["Ramones"],"albumartistsort":["Ramones"],"artist":["Ramones"],"artistsort":["Ramones"],"asin":["B0000258VT"],"barcode":["724383413621"],"catalognumber":["8 34136 2"],"date":["1995-06-22"],"discnumber":["1"],"disctotal":["1"],"file_name":"01-05 Life's a Gas.flac","genre":["Alternative"],"label":["Chrysalis"],"labelno":["RARD-11273"],"media":["CD"],"musicbrainz_albumartistid":["d6ed7887-a401-47a8-893c-34b967444d26"],"musicbrainz_albumid":["4713fb6c-0095-4329-b099-56dac4005f48"],"musicbrainz_artistid":["d6ed7887-a401-47a8-893c-34b967444d26"],"musicbrainz_recordingid":["58be68d9-d72d-452b-87d1-c803da7b7cf0"],"musicbrainz_releasegroupid":["fc1f2ab6-a252-3aca-958d-3a2a50e1a8ea"],"originaldate":["1995-06-22"],"publisher":["Chrysalis"],"release date":["1995-06-22"],"releasecountry":["GB"],"releasestatus":["official"],"releasetype":["album"],"script":["Latn"],"title":["Life's a Gas"],"totaldiscs":["1"],"totaltracks":["13"],"tracknumber":["5"],"tracktotal":["13"]},"version":{"essentia":"2.1-beta1","essentia_build_sha":"ca57ba49d9b1854bd80e60cf9ccf267278fb7d6b","essentia_git_sha":"v2.1_beta1-28-g21ef5f4-dirty","extractor":"music 1.0"}},"rhythm":{"beats_count":499,"beats_loudness":{"dmean":0.00978437904269,"dmean2":0.017009422183,"dvar":0.0000834679012769,"dvar2":0.000240343317273,"max":0.105653360486,"mean":0.0353292040527,"median":0.0368531234562,"min":0,"var":0.000246440002229},"beats_loudness_band_ratio":{"dmean":[0.287873268127,0.150672376156,0.125436559319,0.0705416426063,0.0584245473146,0.0556268654764],"dmean2":[0.562142372131,0.290595084429,0.229899808764,0.12817157805,0.100597426295,0.109336957335],"dvar":[0.0291865579784,0.0105777652934,0.0086930571124,0.00303350202739,0.00247799465433,0.00098365615122],"dvar2":[0.0933103486896,0.033946942538,0.02