{"lowlevel":{"average_loudness":0.97929006815,"barkbands":{"dmean":[0.000459970615339,0.0234540496022,0.0107619632035,0.00238050962798,0.00223871972412,0.000662947306409,0.000432207685662,0.000381274614483,0.000336248223903,0.000270366464974,0.000302671833197,0.000216666259803,0.000243286849582,0.000317471334711,0.00028993957676,0.000253767910181,0.00016541518562,0.000182511896128,0.000198028472369,0.000196061402676,0.00019762921147,0.000110903733002,0.000110639812192,0.000130295476993,0.0000658650169498,0.0000173485914274,0.0000011976173937],"dmean2":[0.000707652885467,0.0381446108222,0.0198324825615,0.0041005355306,0.00396623276174,0.0010660639964,0.000702930439729,0.00059876794694,0.000532091071364,0.000435711292084,0.000457344722236,0.000333434290951,0.000379487930331,0.000511184916832,0.000479763984913,0.000434290530393,0.000270879245363,0.000312882650178,0.000348432280589,0.000332559429808,0.000324299937347,0.000171682491782,0.000162943731993,0.00019595726917,0.0000950637549977,0.0000271823537332,0.00000171328326815],"dvar":[5.13536406288e-7,0.00316687603481,0.00127520051319,0.0000364422739949,0.0000224394843826,0.0000017738589122,0.0000012894796555,0.00000149627021528,7.73535077769e-7,4.83804001306e-7,6.71105965466e-7,3.54189722884e-7,3.32097499722e-7,4.69293269134e-7,3.21428302641e-7,2.48137041581e-7,9.9557944111e-8,2.1211205592e-7,3.62437077683e-7,2.78089316907e-7,2.46616593813e-7,5.07466033639e-8,6.36977759427e-8,8.38886009547e-8,4.09511393684e-8,2.46669840109e-9,1.24156969428e-11],"dvar2":[0.00000125199471768,0.00731251062825,0.00365582644008,0.0000996468661469,0.0000617118275841,0.00000415319800595,0.00000318582783621,0.00000339378379977,0.00000182975713869,0.00000118535388083,0.00000130286673539,8.01261080596e-7,7.40648317787e-7,0.00000114047713851,7.40835332635e-7,6.88442298724e-7,2.51754016745e-7,5.92900221363e-7,0.00000100896295407,7.50515880554e-7,6.37834148165e-7,1.0823451646e-7,1.26652295762e-7,1.84994490837e-7,8.37059914716e-8,5.96380811402e-9,2.52322572558e-11],"max":[0.0164412781596,0.390091985464,0.292009651661,0.0709477216005,0.0527283325791,0.0223174449056,0.0231211222708,0.0220797713846,0.0209441054612,0.0148514555767,0.0212833583355,0.0166329853237,0.0154811926186,0.0169127117842,0.00804561004043,0.0134608382359,0.00519382441416,0.00735333934426,0.00900194328278,0.00532238185406,0.00690178666264,0.00400888454169,0.00409203348681,0.00464810337871,0.00484830653295,0.000810774276033,0.000104408652987],"mean":[0.000646629661787,0.0230747386813,0.00741534074768,0.00257247756235,0.00242354976945,0.000950627843849,0.000566378643271,0.00055588001851,0.00049311236944,0.000365506595699,0.000499186047819,0.000312163203489,0.000354440096999,0.000380242592655,0.000407607381931,0.000297775695799,0.000215489737457,0.000182243224117,0.000183379117516,0.000195500033442,0.000203130097361,0.000147061276948,0.000163848977536,0.000194323059986,0.0000981275952654,0.0000233458758885,0.00000183150757493],"median":[0.000262203917373,0.00341696524993,0.000805174000561,0.000814709579572,0.000902662053704,0.000385594641557,0.000204872092581,0.00010137152276,0.000141681201058,0.0000875779078342,0.0000811619975138,0.0000942377737374,0.0000847636547405,0.000114074930025,0.000074591160228,0.0000973689457169,0.0000945004285313,0.0000612097064732,0.0000617317273282,0.0000552346464247,0.0000329990834871,0.0000252172794717,0.0000294329984172,0.0000402887017117,0.0000172864347405,0.00000408284267905,2.89338316861e-7],"min":[9.18380322901e-8,1.30196383452e-7,4.32632152325e-9,1.76372561e-9,2.85095569375e-9,1.42495770739e-9,6.34356511764e-10,5.49893242052e-10,7.37230387848e-10,2.82697643073e-10,5.74337410963e-10,4.4853887271e-10,3.14670178803e-10,2.6039531642e-10,3.17617349088e-10,7.19560730444e-11,2.84002460438e-10,1.08459893844e-10,2.15051629282e-10,2.8151614373e-10,2.56533655429e-10,3.29532207077e-10,1.82331427734e-10,4.23494600499e-10,3.24611032498e-10,1.79487189e-10,1.58198010247e-10],"var":[8.83779136984e-7,0.00304243993014,0.000740281364415,0.0000280087551801,0.0000196855689865,0.00000295941185868,0.0000016942340153,0.00000294915548693,0.00000130573801016,9.02883414255e-7,0.00000193301502804,6.96852850979e-7,7.36904667065e-7,6.89287901423e-7,7.98260032298e-7,2.88091854372e-7,1.16894561586e-7,1.56188377787e-7,2.45372490326e-7,2.1807495898e-7,2.27143701181e-7,7.96818255822e-8,1.1445819581e-7,1.54863343482e-7,7.62202034821e-8,3.65861918539e-9,2.5000199827e-11]},"barkbands_crest":{"dmean":3.74114179611,"dmean2":5.90130996704,"dvar":13.0836572647,"dvar2":29.6365337372,"max":26.824508667,"mean":13.4031200409,"median":11.9220523834,"min":2.45999097824,"var":41.2748985291},"barkbands_flatness_db":{"dmean":0.0432332791388,"dmean2":0.0664657130837,"dvar":0.00246084714308,"dvar2":0.00534988986328,"max":0.579698562622,"mean":0.17724698782,"median":0.152633756399,"min":0.0192738585174,"var":0.00836519431323},"barkbands_kurtosis":{"dmean":32.7251014709,"dmean2":53.332775116,"dvar":13349.9160156,"dvar2":36927.0859375,"max":3094.56811523,"mean":43.4487419128,"median":4.0229382515,"min":-1.98248767853,"var":23282.7226562},"barkbands_skewness":{"dmean":1.7173371315,"dmean2":2.65082073212,"dvar":8.3588848114,"dvar2":20.2108020782,"max":50.6895713806,"mean":3.37524747849,"median":2.00616455078,"min":-8.20267868042,"var":22.4980697632},"barkbands_spread":{"dmean":9.7465171814,"dmean2":15.219830513,"dvar":159.111663818,"dvar2":355.218231201,"max":129.943511963,"mean":21.5347480774,"median":17.7605361938,"min":0.113883495331,"var":347.366271973},"dissonance":{"dmean":0.0197351723909,"dmean2":0.0319495387375,"dvar":0.000628758512903,"dvar2":0.00155579659622,"max":0.500000178814,"mean":0.462836831808,"median":0.475786566734,"min":0.118533544242,"var":0.00163639069069},"dynamic_complexity":3.73432374001,"erbbands":{"dmean":[0.556500792503,5.83822011948,13.0103416443,9.97831630707,7.11682415009,7.42916440964,6.26235246658,5.37308073044,5.91231441498,6.57943201065,9.10000801086,6.63255834579,7.75970840454,10.3640909195,10.0452823639,7.41012763977,10.7487955093,12.6707696915,16.7627906799,14.1665487289,13.0325489044,9.53441047668,9.85387134552,9.25600719452,11.1651716232,8.58703231812,9.40811157227,5.67795848846,3.95852708817,3.95398640633,3.02580428123,3.05553793907,1.89789032936,0.957503080368,0.370254725218,0.103698842227,0.031133569777,0.00297550228424,0.000219538953388,0.0000433727836935],"dmean2":[0.914016187191,9.45577430725,22.992647171,17.7101345062,12.7578353882,12.8612737656,10.2821884155,8.70604038239,9.56748104095,10.4848003387,14.0449724197,10.4891614914,12.6096010208,15.3042173386,15.5100917816,11.3745574951,16.7334384918,19.9729938507,27.4327106476,23.6833209991,22.1472587585,15.4662542343,16.7211055756,15.7872753143,19.666015625,14.4600954056,15.6571302414,9.06346797943,6.27919816971,5.92574071884,4.41317510605,4.6617102623,2.83998584747,1.42143809795,0.537645041943,0.154947444797,0.0498353689909,0.00452656205744,0.000314801611239,0.0000633302697679],"dvar":[1.5430059433,208.078857422,1597.32983398,921.293701172,249.247512817,296.717254639,162.277145386,134.392349243,300.75958252,289.951202393,841.55657959,303.813110352,454.744750977,500.330932617,791.129455566,341.173614502,630.068359375,780.499389648,1048.65588379,717.706176758,606.399597168,309.769927979,529.384338379,618.791503906,1138.41516113,532.156860352,575.56652832,177.263717651,68.4222412109,72.7227020264,44.5556488037,46.6926040649,20.004901886,8.75789165497,1.45820701122,0.084044739604,0.012423186563,0.0000883574102772,3.12847845407e-7,6.99546953697e-9],"dvar2":[3.92720293999,478.485687256,4437.50585938,2587.76000977,715.583496094,756.546508789,396.38772583,323.346038818,755.908203125,644.088867188,1974.17980957,709.110656738,1197.12512207,1031.72424316,1627.57336426,816.709350586,1449.13818359,1841.74902344,2664.02978516,1784.97912598,1673.8951416,773.697937012,1470.82543945,1710.57519531,3166.90893555,1424.99743652,1478.98364258,457.062316895,149.618896484,143.2059021,89.9721984863,108.75856781,42.6681175232,18.603635788,2.95579504967,0.177808657289,0.0330018252134,0.000197493325686,6.04278739047e-7,1.44546383751e-8],"max":[9.80920886993,98.4927215576,310.744171143,300.957092285,216.870269775,306.499664307,202.976501465,203.011901855,406.75994873,486.075561523,659.128479004,464.00289917,614.840637207,376.364044189,848.514038086,622.021606445,740.792175293,749.497680664,843.901672363,542.984313965,319.098876953,238.365478516,343.409179688,379.544006348,452.770629883,267.469238281,323.731536865,144.833221436,109.843841553,160.423858643,114.02494812,113.662368774,81.847114563,75.8934936523,34.4868011475,6.44641923904,1.87377595901,0.272030651569,0.0125531367958,0.000628655019682],"mean":[0.583932340145,5.37249898911,9.730427742,8.94578933716,8.09955406189,7.81087732315,7.47465181351,7.89498376846,8.02334785461,9.16944980621,14.2166261673,9.76585006714,11.5688743591,16.1146602631,15.6397476196,11.5401592255,16.4301719666,16.7676563263,20.9201393127,19.9572887421,16.2215843201,12.6417303085,10.4525909424,9.34585094452,9.95741176605,8.769490242,9.30545043945,6.28415679932,5.12156105042,5.47065639496,4.5341501236,4.32778215408,2.94229149818,1.43381905556,0.529601335526,0.148404195905,0.0375321321189,0.00427355850115,0.000355371128535,0.0000634297102806],"median":[0.103911787271,0.645113825798,1.11308729649,2.28658628464,2.99463367462,2.53617477417,2.83293557167,3.25968670845,2.95469903946,3.54517841339,2.87830209732,2.93112611771,4.03043079376,4.30217790604,3.73324012756,4.22153949738,4.33934593201,6.1320514679,5.8154335022,5.20435237885,6.58224487305,6.02156543732,3.95631837845,3.42327308655,2.96601390839,2.4471745491,1.59620440006,1.11147284508,0.888149380684,0.857923209667,0.859965980053,0.868433833122,0.620234251022,0.254921078682,0.0895509719849,0.0272932387888,0.00571933481842,0.000701003358699,0.0000745760917198,0.000029499809898],"min":[0.00000659803663439,0.0000143986108014,0.0000171468655026,0.0000264608679572,0.00001574484304,0.00000777706645749,0.00000746493788029,0.0000147342207129,0.0000097739193734,0.00000661402964397,0.0000139253106681,0.000016952639271,0.0000115376369649,0.0000135819664138,0.0000263527272182,0.0000161654370459,0.0000158013117471,0.000012971596334,0.0000135477857839,0.0000126149934658,0.00000687176407155,0.0000154080589709,0.00000626653945801,0.0000044490197979,0.0000179986564035,0.0000134048814289,0.0000102805706774,0.00000943980194279,0.0000115812299555,0.0000108270141936,0.00000438682900494,0.00000739396045901,0.00000776935667091,0.00000521131551068,0.00000158920772719,8.21618129976e-7,3.11454556368e-7,9.70269411482e-8,2.37901662814e-8,2.47823672694e-9],"var":[1.47796988487,193.770172119,1025.33984375,590.25769043,197.123001099,311.599884033,206.707580566,229.710113525,394.514251709,449.086975098,1706.2635498,520.661437988,732.774475098,1233.46630859,1746.49169922,687.575317383,1451.14099121,1094.79101562,1565.36804199,1488.69702148,688.275695801,363.795654297,425.110931396,444.440979004,763.180297852,435.74621582,519.355895996,179.122589111,100.423118591,125.710426331,83.6493301392,74.9683074951,39.5693473816,15.567029953,2.52109575272,0.151753470302,0.0124503849074,0.000145029276609,7.35076866931e-7,9.19775722252e-9]},"erbbands_crest":{"dmean":2.8345618248,"dmean2":4.58363389969,"dvar":8.55885314941,"dvar2":20.5884914398,"max":30.3201713562,"mean":8.9821472168,"median":7.61282014847,"min":2.24694228172,"var":23.9229488373},"erbbands_flatness_db":{"dmean":0.0214384440333,"dmean2":0.0309237781912,"dvar":0.000546152761672,"dvar2":0.0010968465358,"max":0.354404389858,"mean":0.147972583771,"median":0.142571270466,"min":0.0301250778139,"var":0.00233560637571},"erbbands_kurtosis":{"dmean":1.95059251785,"dmean2":3.05078649521,"dvar":20.5273132324,"dvar2":48.0765075684,"max":81.9112930298,"mean":1.52399599552,"median":-0.0860689878464,"min":-1.86422371864,"var":30.5200080872},"erbbands_skewness":{"dmean":0.578270316124,"dmean2":0.866927087307,"dvar":0.470729738474,"dvar2":1.02012646198,"max":8.2665271759,"mean":0.14505712688,"median":-0.0460619404912,"min":-5.97116994858,"var":1.55220139027},"erbbands_spread":{"dmean":14.6695432663,"dmean2":21.7674980164,"dvar":280.426696777,"dvar2":598.284851074,"max":197.779342651,"mean":50.6106414795,"median":43.8990135193,"min":2.77820110321,"var":916.194335938},"gfcc":{"cov":[[11762.140625,1113.83581543,-1298.5300293,-407.709777832,-555.109741211,-37.2281417847,-595.803222656,-68.033782959,-373.004730225,-237.012619019,-296.147888184,-104.557685852,-150.106872559],[1113.83581543,2250.02563477,-663.568786621,-348.414337158,315.98840332,-388.749237061,2.44286608696,-193.838088989,-58.6620140076,-197.952468872,21.7244529724,-234.409164429,-24.949382782],[-1298.5300293,-663.568786621,1518.19067383,558.177001953,68.9203720093,208.390411377,115.958564758,127.61542511,76.5282287598,91.1690368652,0.921582043171,65.3176498413,-30.8516120911],[-407.709777832,-348.414337158,558.177001953,1041.62915039,325.840270996,215.325927734,229.798049927,44.8412437439,103.721282959,28.903635025,15.6496343613,-47.4334831238,50.5164871216],[-555.109741211,315.98840332,68.9203720093,325.840270996,476.536346436,98.6669387817,165.226196289,-6.96874761581,76.1959075928,-1.44116163254,37.3202781677,-74.9155807495,1.95097875595],[-37.2281417847,-388.749237061,208.390411377,215.325927734,98.6669387817,364.438934326,177.73248291,91.1696853638,65.0344238281,54.8939094543,53.4439620972,36.693649292,4.07941484451],[-595.803222656,2.44286608696,115.958564758,229.798049927,165.226196289,177.73248291,331.221038818,79.0798187256,81.7968292236,49.2092018127,77.3103790283,-3.9302072525,13.6783542633],[-68.033782959,-193.838088989,127.61542511,44.8412437439,-6.96874761581,91.1696853638,79.0798187256,149.369400024,77.2800445557,47.2286300659,11.3904895782,29.4594955444,12.4427232742],[-373.004730225,-58.6620140076,76.5282287598,103.721282959,76.1959075928,65.0344238281,81.7968292236,77.2800445557,175.119308472,64.8511734009,22.8993396759,13.6348419189,36.454788208],[-237.012619019,-197.952468872,91.1690368652,28.903635025,-1.44116163254,54.8939094543,49.2092018127,47.2286300659,64.8511734009,112.552261353,39.5451011658,27.2601528168,3.66542077065],[-296.147888184,21.7244529724,0.921582043171,15.6496343613,37.3202781677,53.4439620972,77.3103790283,11.3904895782,22.8993396759,39.5451011658,108.120597839,29.2503223419,20.70977211],[-104.557685852,-234.409164429,65.3176498413,-47.4334831238,-74.9155807495,36.693649292,-3.9302072525,29.4594955444,13.6348419189,27.2601528168,29.2503223419,113.269020081,36.7842330933],[-150.106872559,-24.949382782,-30.8516120911,50.5164871216,1.95097875595,4.07941484451,13.6783542633,12.4427232742,36.454788208,3.66542077065,20.70977211,36.7842330933,102.381530762]],"icov":[[0.000195485801669,-0.000362475402653,0.000227332580835,-0.000346639077179,0.000416321068769,-0.000618559599388,0.000540074310265,-0.000433886772953,0.000435054389527,-0.000431632128311,0.000601613719482,-0.000451663217973,0.000336236669682],[-0.000362475402653,0.00193848391064,-0.000395341514377,0.0013082169462,-0.00160693924408,0.00232389639132,-0.00160959886853,0.00125566311181,-0.00138731452171,0.00266635138541,-0.00237849191763,0.00268984772265,-0.00090999569511],[0.000227332580835,-0.000395341514377,0.00128257495817,-0.00104398257099,0.000528166128788,-0.000754979904741,0.000777551787905,-0.00105225504376,0.000601839448791,-0.000877661688719,0.000911279988941,-0.00141725235153,0.00132457911968],[-0.000346639077179,0.0013082169462,-0.00104398257099,0.0028510382399,-0.00190753303468,0.00116530328523,-0.0018794038333,0.00155717867892,-0.00117612758186,0.0016964514507,-0.00104849727359,0.00282635958865,-0.00230433489196],[0.000416321068769,-0.00160693924408,0.000528166128788,-0.00190753303468,0.00509960995987,-0.00244890805334,0.000614443211816,0.00000523792959939,-0.000347003457136,-0.00103934516665,0.00102013349533,-0.000245521252509,0.00127945386339],[-0.000618559599388,0.00232389639132,-0.000754979904741,0.00116530328523,-0.00244890805334,0.00758066819981,-0.00371758523397,0.000239685978158,-0.00163173838519,0.00275800563395,-0.00359801901504,0.00143323035445,-0.000235776489717],[0.000540074310265,-0.00160959886853,0.000777551787905,-0.0018794038333,0.000614443211816,-0.00371758523397,0.00772650353611,-0.00348614226095,0.0010979216313,-0.00201619090512,-0.000912654795684,-0.00113638548646,0.00136319175363],[-0.000433886772953,0.00125566311181,-0.00105225504376,0.00155717867892,0.00000523792959939,0.000239685978158,-0.00348614226095,0.0126403328031,-0.00509033119306,0.000551569741219,0.000260299915681,0.000715959467925,-0.00101281329989],[0.000435054389527,-0.00138731452171,0.000601839448791,-0.00117612758186,-0.000347003457136,-0.00163173838519,0.0010979216313,-0.00509033119306,0.0118077863008,-0.0067364545539,0.00314358482137,-0.00145758129656,-0.00247035198845],[-0.000431632128311,0.00266635138541,-0.000877661688719,0.0016964514507,-0.00103934516665,0.00275800563395,-0.00201619090512,0.000551569741219,-0.0067364545539,0.0181837379932,-0.00775659410283,0.00251121027395,0.00144203728996],[0.000601613719482,-0.00237849191763,0.000911279988941,-0.00104849727359,0.00102013349533,-0.00359801901504,-0.000912654795684,0.000260299915681,0.00314358482137,-0.00775659410283,0.017624463886,-0.00639338046312,-0.000801052316092],[-0.000451663217973,0.00268984772265,-0.00141725235153,0.00282635958865,-0.000245521252509,0.00143323035445,-0.00113638548646,0.000715959467925,-0.00145758129656,0.00251121027395,-0.00639338046312,0.0185428205878,-0.00675579998642],[0.000336236669682,-0.00090999569511,0.00132457911968,-0.00230433489196,0.00127945386339,-0.000235776489717,0.00136319175363,-0.00101281329989,-0.00247035198845,0.00144203728996,-0.000801052316092,-0.00675579998642,0.0149180078879]],"mean":[-42.3640861511,79.8462142944,-97.9996643066,48.9089355469,-48.0610427856,25.6231861115,-35.3529968262,10.6497125626,-17.0474147797,1.55434393883,-10.4710321426,-2.15352940559,-5.41382360458]},"hfc":{"dmean":9.92927455902,"dmean2":14.3334722519,"dvar":307.032714844,"dvar2":712.018371582,"max":183.467193604,"mean":16.7432346344,"median":10.7825431824,"min":0.0000404908314522,"var":406.943664551},"melbands":{"dmean":[0.00595206581056,0.00705759366974,0.0016551745357,0.000523442577105,0.000242545662331,0.000120785887702,0.0000879214130691,0.0000737107693567,0.0000757240195526,0.0000400912977057,0.000040887909563,0.0000431198786828,0.0000390412897104,0.0000227543841902,0.0000229515026149,0.0000265321286861,0.0000235412317124,0.0000293548746413,0.0000239552464336,0.0000177266283572,0.000015226263713,0.0000102103258541,0.00000862380966282,0.00000903143063624,0.00000729938074073,0.00000848477429827,0.00000853705023474,0.00000484710199089,0.00000567443476029,0.00000512054293722,0.00000282918176708,0.00000215964246308,0.00000238351753978,0.00000220588253796,0.00000176434389232,0.00000184638406608,0.00000189816103102,0.00000149173160935,0.00000105548122065,7.56457495754e-7],"dmean2":[0.00975882075727,0.0114197032526,0.00294547248632,0.00093326496426,0.000402420875616,0.000195580258151,0.000142291712109,0.000116081704618,0.000117222421977,0.0000634391399217,0.0000664732651785,0.0000639021382085,0.0000597105899942,0.0000349855945387,0.0000355391384801,0.000041039998905,0.0000374222072423,0.0000484303054691,0.0000388805747207,0.0000304741879518,0.0000257572446571,0.0000166931840795,0.0000142376648,0.0000156728456204,0.000012465276086,0.0000150847927216,0.0000149243514898,0.00000807629930932,0.00000950323283178,0.00000846897728479,0.0000044593716666,0.00000345769240084,0.00000363628646483,0.00000334394121637,0.00000257484339272,0.00000273125465355,0.00000294668529932,0.00000226444535656,0.00000158968430242,0.00000114504348403],"dvar":[0.000193706349819,0.000357702170731,0.0000225445892283,0.0000013263437495,2.4436383228e-7,6.53329692568e-8,6.07386070328e-8,3.78497837517e-8,5.31372208457e-8,1.12060662971e-8,1.22327161733e-8,8.75882566476e-9,1.20907017731e-8,5.26996801753e-9,2.35400299253e-9,5.12103293104e-9,2.95187607691e-9,3.76796460699e-9,2.73615574642e-9,1.53490442578e-9,8.4311252424e-10,3.66848773581e-10,3.43587519547e-10,5.03008579233e-10,3.94236032708e-10,6.8146766008e-10,5.90260229583e-10,1.6400106273e-10,2.02425951001e-10,1.73266470616e-10,4.11372741427e-11,2.11001008332e-11,2.40196092183e-11,2.81825448395e-11,1.54081365722e-11,1.81069031296e-11,1.81445466291e-11,1.21461096389e-11,8.57309535862e-12,6.38021319804e-12],"dvar2":[0.000464708107756,0.000902714731637,0.0000631129951216,0.0000036891540276,6.00268890594e-7,1.57766507414e-7,1.53297335714e-7,8.23545818207e-8,1.26409901213e-7,2.61803556612e-8,3.19474793287e-8,1.85839397204e-8,2.35832100515e-8,1.16017853102e-8,5.79217696028e-9,1.10465308012e-8,7.04980518407e-9,9.60710622167e-9,5.764691835e-9,4.25510071622e-9,2.31607288903e-9,9.18481957157e-10,9.29540444616e-10,1.39486977524e-9,1.09520925662e-9,1.88890125763e-9,1.63417501753e-9,4.31811003621e-10,5.04204622498e-10,4.60797427992e-10,1.04020389524e-10,4.75922114218e-11,5.24594707951e-11,5.68973028414e-11,3.10293214734e-11,4.16186494989e-11,4.22031749825e-11,2.66383859415e-11,1.87390779977e-11,1.40318598754e-11],"max":[0.104233190417,0.141991108656,0.0454925857484,0.0142923323438,0.00699212681502,0.00409868406132,0.00522686587647,0.00476755341515,0.00598191842437,0.00262400927022,0.00303293275647,0.00186784239486,0.00354468892328,0.00211531831883,0.000929541129153,0.00203876313753,0.00148732715752,0.0018779974198,0.00090482836822,0.00143093185034,0.000391958048567,0.000310318369884,0.000458748312667,0.000332752271788,0.000297491351375,0.000346007116605,0.000252188270679,0.000163565127878,0.00021218531765,0.000166168654687,0.000079460136476,0.0000699761440046,0.0000876805352164,0.000104023900349,0.0000652003654977,0.0000655867406749,0.0000799014087534,0.0000696424540365,0.000067935376137,0.0000706185091985],"mean":[0.00594923272729,0.00603227084503,0.00155297818128,0.000568097573705,0.000281824730337,0.000178551897989,0.000120407406939,0.000104118560557,0.000117475974548,0.0000577232167416,0.0000589976953052,0.000064723964897,0.000062965642428,0.0000322927517118,0.0000338542085956,0.0000377063988708,0.0000294066467177,0.0000327253874275,0.0000357745593647,0.0000197859280888,0.0000186594479601,0.0000130962444018,0.00000986466875474,0.00000884742075868,0.00000733870547265,0.00000737373784432,0.00000753275526222,0.0000051869537856,0.00000566276276004,0.00000507852928422,0.00000319557375406,0.00000273622435998,0.0000030253947898,0.00000302503804051,0.00000257360261458,0.00000257682745541,0.0000026814091143,0.00000221934510591,0.00000159311593961,0.0000010704872011],"median":[0.000941343372688,0.000788471195847,0.000504422700033,0.000215518695768,0.000109016895294,0.0000766984376241,0.000046014210966,0.000034137025068,0.0000210588732443,0.0000174756241904,0.0000163615877682,0.0000167389734997,0.0000125174046843,0.00000961222576734,0.00000967308733379,0.00000850080323289,0.00000967402229435,0.0000075445350376,0.00000577065020479,0.00000673917656968,0.00000673041085975,0.00000569966232433,0.0000041628964027,0.00000287626653517,0.00000260048818745,0.00000209471204471,0.00000203045510716,0.00000136418452712,9.48566253101e-7,8.27841688533e-7,5.22366690348e-7,4.60684645986e-7,4.60536341507e-7,4.47374475243e-7,4.75674028166e-7,4.7070278697e-7,5.29767589796e-7,4.58921249447e-7,2.64055216803e-7,1.73372285417e-7],"min":[5.62673712068e-8,1.06876392181e-8,4.37169855871e-9,8.12323208699e-10,2.48370712885e-10,2.51064891099e-10,1.34005806451e-10,9.01377930629e-11,1.09515084501e-10,1.02002177538e-10,5.47180703525e-11,4.95635581188e-11,8.59941215459e-11,5.5799198595e-11,3.78007972146e-11,2.87760457823e-11,2.48973029693e-11,1.94935456665e-11,2.769134054e-11,7.45757188642e-12,8.49453059976e-12,1.93200091342e-11,7.61946668953e-12,4.35566600149e-12,2.52255746673e-12,1.08339708732e-11,1.40706925278e-11,7.54501929684e-12,5.08293841045e-12,7.29853157078e-12,4.49078578144e-12,6.3267017493e-12,6.80001801395e-12,5.53656252789e-12,2.06506383174e-12,3.2543464451e-12,4.66878185418e-12,5.51608324989e-12,4.38666117319e-12,4.58704428608e-12],"var":[0.000183652387932,0.000289313029498,0.0000146563224916,0.00000110726989533,3.00181596913e-7,1.09915752944e-7,7.98167079097e-8,6.37108357182e-8,1.06320115378e-7,1.84567845452e-8,2.05465511272e-8,1.99155394398e-8,3.16343857776e-8,1.06821627099e-8,5.22887066978e-9,1.11659410607e-8,3.80190456895e-9,5.62322632902e-9,8.64070681672e-9,1.76473702318e-9,1.06038899883e-9,4.42133302192e-10,3.2141031503e-10,3.69359431929e-10,2.81369705313e-10,4.56312682084e-10,4.07939848568e-10,1.46092610231e-10,1.93135604731e-10,1.48585407866e-10,4.41783727656e-11,2.97600381838e-11,3.63077207188e-11,4.47941891912e-11,2.8583526171e-11,2.76685254569e-11,2.98951419175e-11,2.23771175201e-11,1.60480951444e-11,1.0204253241e-11]},"melbands_crest":{"dmean":4.14471387863,"dmean2":6.47712373734,"dvar":16.7935237885,"dvar2":37.3676452637,"max":39.8629951477,"mean":18.7481594086,"median":17.7981071472,"min":3.57788920403,"var":65.0059432983},"melbands_flatness_db":{"dmean":0.0502950064838,"dmean2":0.0753816589713,"dvar":0.00315917795524,"dvar2":0.0064664692618,"max":0.704990625381,"mean":0.251431554556,"median":0.225497126579,"min":0.0214908812195,"var":0.0114483255893},"melbands_kurtosis":{"dmean":54.1163673401,"dmean2":86.6176681519,"dvar":20347.2304688,"dvar2":47976.75,"max":4113.62646484,"mean":87.0708770752,"median":16.4131126404,"min":-1.96395647526,"var":48224.3476562},"melbands_skewness":{"dmean":2.10156035423,"dmean2":3.19381308556,"dvar":8.45974731445,"dvar2":17.8234214783,"max":58.5987625122,"mean":5.21527385712,"median":3.52146792412,"min":-5.33912611008,"var":26.9123821259},"melbands_spread":{"dmean":10.6916599274,"dmean2":16.5145645142,"dvar":389.721374512,"dvar2":823.256713867,"max":322.064300537,"mean":20.8745098114,"median":14.6015872955,"min":0.0847770497203,"var":729.329467773},"mfcc":{"cov":[[12488.5009766,963.463867188,-1107.33178711,-556.931091309,-282.613616943,-338.110137939,-341.987030029,-191.207260132,-280.770477295,-269.948303223,-376.854187012,-212.527816772,-183.234588623],[963.463867188,2222.92749023,-755.792785645,-139.130020142,-83.8477249146,-274.287017822,-80.8950653076,-167.375518799,-177.801177979,-96.278678894,-93.4104309082,-54.0909309387,-65.9107284546],[-1107.33178711,-755.792785645,1236.18103027,292.210418701,158.16394043,154.935165405,90.5379486084,122.725616455,120.852012634,44.9694824219,98.6016998291,60.5912208557,22.2226467133],[-556.931091309,-139.130020142,292.210418701,715.320129395,232.35925293,218.767807007,128.98777771,60.4651947021,131.973495483,73.8260116577,20.4962100983,32.3783798218,14.2263708115],[-282.613616943,-83.8477249146,158.16394043,232.35925293,297.460449219,143.349105835,51.5269699097,48.0775527954,67.0850143433,38.0847396851,24.6101303101,16.4931182861,17.225107193],[-338.110137939,-274.287017822,154.935165405,218.767807007,143.349105835,313.018951416,169.43548584,111.989730835,84.6381149292,78.6578903198,73.8240966797,42.4786872864,40.0969543457],[-341.987030029,-80.8950653076,90.5379486084,128.98777771,51.5269699097,169.43548584,250.91242981,103.969573975,41.3777580261,55.3390808105,62.1321907043,40.6452865601,35.650718689],[-191.207260132,-167.375518799,122.725616455,60.4651947021,48.0775527954,111.989730835,103.969573975,162.402252197,85.1682434082,43.2656936646,45.8425254822,40.1244277954,37.8116264343],[-280.770477295,-177.801177979,120.852012634,131.973495483,67.0850143433,84.6381149292,41.3777580261,85.1682434082,158.516174316,73.4104003906,39.9084434509,33.8130760193,26.8878135681],[-269.948303223,-96.278678894,44.9694824219,73.8260116577,38.0847396851,78.6578903198,55.3390808105,43.2656936646,73.4104003906,129.304153442,69.2778930664,31.7293758392,20.6790981293],[-376.854187012,-93.4104309082,98.6016998291,20.4962100983,24.6101303101,73.8240966797,62.1321907043,45.8425254822,39.9084434509,69.2778930664,123.398628235,51.2831382751,18.924533844],[-212.527816772,-54.0909309387,60.5912208557,32.3783798218,16.4931182861,42.4786872864,40.6452865601,40.1244277954,33.8130760193,31.7293758392,51.2831382751,92.8490905762,35.2420425415],[-183.234588623,-65.9107284546,22.2226467133,14.2263708115,17.225107193,40.0969543457,35.650718689,37.8116264343,26.8878135681,20.6790981293,18.924533844,35.2420425415,81.5595626831]],"icov":[[0.0000974351714831,-0.0000159262635862,0.000051495317166,0.0000379653247364,0.0000266814004135,-0.0000748147576815,0.0000865609617904,-0.0000958666641964,0.0000557403764105,0.00000933677074499,0.000225314885029,-0.00000596326799496,0.000152684064233],[-0.0000159262635862,0.000674332666676,0.000381940044463,-0.000179754075361,-0.000262087909505,0.000698493095115,-0.000352251721779,0.0000986539089354,0.000353243056452,0.000109083928692,-0.000191427971004,-0.00013322031009,0.000214515675907],[0.000051495317166,0.000381940044463,0.00127604650334,-0.000417737057433,-0.000324973836541,0.000396734714741,-0.00000724347182768,-0.000494650623295,-0.0000362375467375,0.000659843732137,-0.000846993294545,-0.000132344226586,0.000353967887349],[0.0000379653247364,-0.000179754075361,-0.000417737057433,0.0025876595173,-0.00107705267146,-0.00109631987289,-0.000796029053163,0.00130419339985,-0.00163197447546,-0.000357289332896,0.00152477307711,-0.000529314216692,0.000615782686509],[0.0000266814004135,-0.000262087909505,-0.000324973836541,-0.00107705267146,0.00529456418008,-0.0021648274269,0.00109829078428,-0.000178423331818,-0.000474867760204,0.000149275176227,0.0000420756441599,0.000387122068787,-0.000385042600101],[-0.0000748147576815,0.000698493095115,0.000396734714741,-0.00109631987289,-0.0021648274269,0.00819554924965,-0.00331430858932,-0.0015812368365,0.000335053133313,-0.000780814152677,-0.00184357271064,0.000528063916136,-0.000623525527772],[0.0000865609617904,-0.000352251721779,-0.00000724347182768,-0.000796029053163,0.00109829078428,-0.00331430858932,0.00812237244099,-0.00379378604703,0.00243402621709,-0.000896720157471,-0.000900091486983,-0.00015926361084,-0.000640881771687],[-0.0000958666641964,0.0000986539089354,-0.000494650623295,0.00130419339985,-0.000178423331818,-0.0015812368365,-0.00379378604703,0.0130940424278,-0.00608879420906,0.00170956924558,-0.000284446025034,-0.0010966504924,-0.00171177624725],[0.0000557403764105,0.000353243056452,-0.0000362375467375,-0.00163197447546,-0.000474867760204,0.000335053133313,0.00243402621709,-0.00608879420906,0.0134750911966,-0.00557590648532,0.000881768530235,-0.00089655915508,-0.000446123012807],[0.00000933677074499,0.000109083928692,0.000659843732137,-0.000357289332896,0.000149275176227,-0.000780814152677,-0.000896720157471,0.00170956924558,-0.00557590648532,0.014795283787,-0.0068187424913,0.000778994348366,-0.000724094395991],[0.000225314885029,-0.000191427971004,-0.000846993294545,0.00152477307711,0.0000420756441599,-0.00184357271064,-0.000900091486983,-0.000284446025034,0.000881768530235,-0.0068187424913,0.0164858475327,-0.0060675884597,0.00197381898761],[-0.00000596326799496,-0.00013322031009,-0.000132344226586,-0.000529314216692,0.000387122068787,0.000528063916136,-0.00015926361084,-0.0010966504924,-0.00089655915508,0.000778994348366,-0.0060675884597,0.0166634880006,-0.00545039027929],[0.000152684064233,0.000214515675907,0.000353967887349,0.000615782686509,-0.000385042600101,-0.000623525527772,-0.000640881771687,-0.00171177624725,-0.000446123012807,-0.000724094395991,0.00197381898761,-0.00545039027929,0.0162628926337]],"mean":[-688.523681641,103.65272522,16.8114452362,28.6430988312,18.3121643066,14.2325782776,5.51665401459,8.14246559143,2.73183012009,7.27026367188,-1.52047145367,3.24345254898,-1.12873506546]},"pitch_salience":{"dmean":0.108433566988,"dmean2":0.175825148821,"dvar":0.0143394349143,"dvar2":0.0331172421575,"max":0.887897074223,"mean":0.462055623531,"median":0.497955739498,"min":0.0158951207995,"var":0.0362778156996},"silence_rate_20dB":{"dmean":0.0184911973774,"dmean2":0.0369860306382,"dvar":0.018148239702,"dvar2":0.0541130378842,"max":1,"mean":0.990755319595,"median":1,"min":0,"var":0.009158231318},"silence_rate_30dB":{"dmean":0.0908822640777,"dmean2":0.181684046984,"dvar":0.0826176330447,"dvar2":0.150437027216,"max":1,"mean":0.887490153313,"median":1,"min":0,"var":0.0998435541987},"silence_rate_60dB":{"dmean":0.0415068343282,"dmean2":0.0829234719276,"dvar":0.0397793278098,"dvar2":0.0888410136104,"max":1,"mean":0.0839889869094,"median":0,"min":0,"var":0.0769414976239},"spectral_centroid":{"dmean":392.622589111,"dmean2":593.619812012,"dvar":241819.984375,"dvar2":499884,"max":8266.78027344,"mean":1412.02734375,"median":1240.28771973,"min":98.8537750244,"var":892043.6875},"spectral_complexity":{"dmean":5.33785772324,"dmean2":7.89415693283,"dvar":57.6214027405,"dvar2":121.584251404,"max":66,"mean":13.6230325699,"median":12,"min":0,"var":111.656173706},"spectral_contrast_coeffs":{"dmean":[0.060904532671,0.0513024367392,0.0416151210666,0.0363462083042,0.023670533672,0.0249440465122],"dmean2":[0.0934788063169,0.0802360549569,0.0639156252146,0.0555993057787,0.0370427034795,0.0388266555965],"dvar":[0.00270467274822,0.00212147971615,0.00134575925767,0.00101048965007,0.000471726467367,0.000761571805924],"dvar2":[0.00614412035793,0.00452742213383,0.00278675928712,0.00209714495577,0.00101072282996,0.00184578285553],"max":[-0.237091124058,-0.309585243464,-0.390833854675,-0.457179188728,-0.58197504282,-0.618531942368],"mean":[-0.659270107746,-0.736088097095,-0.773190140724,-0.778788626194,-0.801372647285,-0.789689600468],"median":[-0.663080215454,-0.751544833183,-0.788108110428,-0.786139547825,-0.804552555084,-0.794388353825],"min":[-0.976467132568,-0.943478882313,-0.964770197868,-0.977369487286,-0.939165353775,-0.916954815388],"var":[0.00984633993357,0.0106935463846,0.00817154720426,0.00530515424907,0.00219578831457,0.00193223229144]},"spectral_contrast_valleys":{"dmean":[0.531117141247,0.517106711864,0.517607927322,0.53504472971,0.487548857927,0.462693244219],"dmean2":[0.809794783592,0.793727457523,0.767246067524,0.793840587139,0.682241618633,0.594734489918],"dvar":[0.353983193636,0.350521713495,0.340651988983,0.409847825766,0.375998497009,0.290155827999],"dvar2":[0.686728775501,0.710142374039,0.67833083868,0.877128243446,0.791681647301,0.514794290066],"max":[-4.79587697983,-4.8825135231,-5.2334356308,-5.48427391052,-5.13756370544,-7.54336547852],"mean":[-7.39942026138,-7.58221101761,-8.17982006073,-8.27177524567,-7.98986959457,-10.1080522537],"median":[-7.03242301941,-7.16579151154,-7.77135467529,-7.98212814331,-7.8557639122,-10.0022659302],"min":[-12.2782592773,-13.0974769592,-14.1607522964,-14.5787944794,-13.9361600876,-15.4963436127],"var":[1.72231054306,1.87877082825,1.65622162819,1.51172542572,1.23271870613,1.33842658997]},"spectral_decrease":{"dmean":8.68857430447e-9,"dmean2":1.30687149991e-8,"dvar":3.67428281201e-16,"dvar2":7.87226015491e-16,"max":-9.36908496206e-14,"mean":-1.09705586837e-8,"median":-4.80175810225e-9,"min":-1.41968882872e-7,"var":4.08979614777e-16},"spectral_energy":{"dmean":0.0333796069026,"dmean2":0.0500335022807,"dvar":0.0053464253433,"dvar2":0.0113928811625,"max":0.542790591717,"mean":0.0429241247475,"median":0.0194605886936,"min":3.57283028052e-7,"var":0.00601375196129},"spectral_energyband_high":{"dmean":0.000652800605167,"dmean2":0.000980636687018,"dvar":0.00000166721542882,"dvar2":0.0000037362697185,"max":0.0140850720927,"mean":0.000919520331081,"median":0.000218960165512,"min":1.94113236596e-9,"var":0.00000258352451965},"spectral_energyband_low":{"dmean":0.0312412660569,"dmean2":0.0481656417251,"dvar":0.00550667895004,"dvar2":0.0123121729121,"max":0.532730162144,"mean":0.0326162092388,"median":0.00705702975392,"min":2.44036243657e-7,"var":0.00565211148933},"spectral_energyband_middle_high":{"dmean":0.00193133705761,"dmean2":0.00305632711388,"dvar":0.0000113531004899,"dvar2":0.0000292549993901,"max":0.0411221086979,"mean":0.00327829481103,"median":0.00182779436,"min":3.01938118952e-9,"var":0.0000179404341907},"spectral_energyband_middle_low":{"dmean":0.00521520804614,"dmean2":0.00891470257193,"dvar":0.000117324852908,"dvar2":0.000319899263559,"max":0.117789149284,"mean":0.00763142481446,"median":0.00472653377801,"min":1.74457941426e-8,"var":0.0000981099365163},"spectral_entropy":{"dmean":0.253995805979,"dmean2":0.361596822739,"dvar":0.0878680199385,"dvar2":0.177583813667,"max":8.96723461151,"mean":7.61661958694,"median":7.63121318817,"min":4.65903139114,"var":0.345068007708},"spectral_flux":{"dmean":0.0558917969465,"dmean2":0.0857341140509,"dvar":0.00768943224102,"dvar2":0.0142524801195,"max":0.646719694138,"mean":0.111555196345,"median":0.067288801074,"min":0.000854100158904,"var":0.0146903395653},"spectral_kurtosis":{"dmean":1.56611597538,"dmean2":2.44150972366,"dvar":4.76628160477,"dvar2":11.1966676712,"max":40.6096076965,"mean":3.5850622654,"median":2.71990346909,"min":-1.28540480137,"var":11.4998321533},"spectral_rms":{"dmean":0.00183065247256,"dmean2":0.00262717925943,"dvar":0.00000860864929564,"dvar2":0.0000156621954375,"max":0.0230119936168,"mean":0.00518334424123,"median":0.0043572857976,"min":0.0000186699980986,"var":0.0000150099040184},"spectral_rolloff":{"dmean":691.121765137,"dmean2":1171.79699707,"dvar":1834333.25,"dvar2":3769937.25,"max":12984.5214844,"mean":1257.46923828,"median":624.462890625,"min":21.533203125,"var":3504775.75},"spectral_skewness":{"dmean":0.272101402283,"dmean2":0.399070233107,"dvar":0.0988700091839,"dvar2":0.207759276032,"max":5.16453933716,"mean":1.37878441811,"median":1.37719345093,"min":-0.423319399357,"var":0.375999003649},"spectral_spread":{"dmean":792654.6875,"dmean2":1146684.875,"dvar":872764473344,"dvar2":1865731932160,"max":20325750,"mean":5498773,"median":5333285.5,"min":1830796.5,"var":4418674622460},"spectral_strongpeak":{"dmean":0.427752584219,"dmean2":0.725045502186,"dvar":0.496373564005,"dvar2":1.30433356762,"max":9.20558452606,"mean":0.696871638298,"median":0.3861951828,"min":0,"var":0.77880769968},"zerocrossingrate":{"dmean":0.0151605401188,"dmean2":0.0178591050208,"dvar":0.000397383671952,"dvar2":0.000480271468405,"max":0.46142578125,"mean":0.0537711083889,"median":0.0439453125,"min":0,"var":0.00228524953127}},"metadata":{"audio_properties":{"analysis_sample_rate":44100,"bit_rate":0,"codec":"flac","downmix":"mix","equal_loudness":0,"length":236.065643311,"lossless":true,"md5_encoded":"0fd16a418ae374f8caa1b3fe53b0882c","replay_gain":0.448335647583},"tags":{"album":["Discovery"],"albumartist":["Daft Punk"],"albumartistsort":["Daft Punk"],"artist":["Daft Punk"],"artistsort":["Daft Punk"],"asin":["B000059MEL"],"barcode":["724384960612"],"catalognumber":["VIR 8496061"],"composer":["Thomas Bangalter","Guy-Manuel de Homem-Christo","Todd Imperatrice"],"date":["2001-10-03"],"discnumber":["2"],"disctotal":["2"],"file_name":"2-06 Face to Face.flac","isrc":["GBDUW0000068"],"label":["Virgin France"],"language":["eng"],"media":["Vinyl"],"musicbrainz_albumartistid":["056e4f3e-d505-4dad-8ec1-d04f521cbb56"],"musicbrainz_albumid":["ac7518c6-b630-4761-99c7-6a94cc35a594"],"musicbrainz_artistid":["056e4f3e-d505-4dad-8ec1-d04f521cbb56"],"musicbrainz_recordingid":["59038571-03ea-4ca4-965c-a57eae2aa138"],"performer":["Todd Edwards (vocal)"],"producer":["Thomas Bangalter","Guy-Manuel de Homem-Christo","Todd Edwards"],"releasecountry":["FR"],"releasestatus":["official"],"releasetype":["album"],"script":["Latn"],"title":["Face to Face"],"totaldiscs":["2"],"totaltracks":["7"],"tracknumber":["6"],"tracktotal":["7"]},"version":{"essentia":"2.1-beta1","essentia_build_sha":"eef087cf131c10083d474ad51def18efd0e38295","essentia_git_sha":"v2.1_beta1-7-ge0e83e8-dirty","extractor":"music 1.0"}},"rhythm":{"beats_count":467,"beats_loudness":{"dmean":0.094810962677,"dmean2":0.178383380175,"dvar":0.0033121323213,"dvar2":0.0103893782943,"max":0.386896282434,"mean":0.191039666533,"median":0.190622672439,"min":0.00000382603593607,"var":0.00480669317767},"beats_loudness_band_ratio":{"dmean":[0.0370657667518,0.0117425629869,0.0150366704911,0.00864556