{"lowlevel":{"average_loudness":0.785813570023,"barkbands":{"dmean":[0.0000178493737621,0.00123370718211,0.00121638795827,0.00208677817136,0.00147168827243,0.000795837317128,0.000678647716995,0.000392769055907,0.00083022081526,0.000994630972855,0.000299201841699,0.000334922486218,0.00029291381361,0.000300692568999,0.000380347948521,0.00040968877147,0.000336371507728,0.000141426600749,0.0000855259277159,0.0000730877727619,0.0000505224452354,0.0000373440416297,0.0000193247506104,0.00000702652732798,0.00000299351654576,6.00831072006e-7,6.54784741982e-8],"dmean2":[0.0000286525646516,0.00203435122967,0.00205777725205,0.00364704732783,0.00247956695966,0.00128875172231,0.00106042495463,0.000613251118921,0.00119534239639,0.00145739223808,0.00044185607112,0.000498739886098,0.000449385755928,0.000468970043585,0.000590558047406,0.000637576740701,0.000526133168023,0.000218833170948,0.000128076557303,0.000107573847345,0.0000717772200005,0.0000507685545017,0.0000257425781456,0.00000927124256123,0.00000394006519855,8.16099145595e-7,9.42710443042e-8],"dvar":[1.59558988244e-9,0.00000490594948133,0.00000288114824798,0.0000153251567099,0.00000569550911678,0.00000189800346106,0.0000020123975446,9.08410981992e-7,0.00000593093682255,0.00000875403929967,0.00000117564422908,5.29233432189e-7,4.86646229092e-7,3.28193721089e-7,4.72376967764e-7,0.00000110373753159,9.88729425444e-7,7.31160696432e-8,4.05235880407e-8,2.86488468504e-8,1.72049148262e-8,8.92558471577e-9,2.3242849867e-9,3.19536591631e-10,6.72477212804e-11,3.49703707832e-12,4.96270471278e-14],"dvar2":[3.60880059169e-9,0.0000129488762468,0.00000825900951895,0.0000439612267655,0.0000152651227836,0.00000489710600959,0.00000477403136756,0.00000201584657589,0.0000114029835458,0.0000171417705133,0.00000235722063735,0.00000106109348508,0.00000115512216325,7.57854195399e-7,0.00000109243319457,0.00000235440234064,0.00000233179321185,1.79311157922e-7,9.59380415111e-8,6.73462849932e-8,3.78815663282e-8,1.74454850566e-8,4.35093472362e-9,5.92909665809e-10,1.25355378855e-10,6.89710268065e-12,1.09628648661e-13],"max":[0.000887468864676,0.0322043709457,0.0244919396937,0.0628602057695,0.0430779568851,0.025356978178,0.0338284485042,0.0290646683425,0.0813360065222,0.0664718076587,0.0360493883491,0.0197953097522,0.0213967543095,0.0138892512769,0.0171454697847,0.0547608844936,0.0353563949466,0.00524877756834,0.00792458374053,0.00431719934568,0.00578014319763,0.00290586822666,0.00117110845167,0.000442542368546,0.000241319314227,0.0000533806778549,0.00000685625809638],"mean":[0.0000185679418792,0.00201535923406,0.00228872545995,0.00254701194353,0.00235213688575,0.00162724289112,0.00155593105592,0.000756232184358,0.00187227746937,0.00248433183879,0.000536667124834,0.000653548631817,0.000569825642742,0.000538699037861,0.000725623045582,0.000787965895142,0.000638276454993,0.000259613996604,0.000159762304975,0.000139931711601,0.0000916635035537,0.0000628424095339,0.0000319338068948,0.0000113448386401,0.00000475276692669,8.85362283043e-7,1.34380371719e-7],"median":[0.00000375739841729,0.00105000915937,0.00172632280737,0.00129322602879,0.00150744861457,0.000666066945996,0.000435296155047,0.000207409466384,0.000228742515901,0.00024571159156,0.000135083013447,0.000213258463191,0.000203123665415,0.000211185702938,0.00031475655851,0.000261551438598,0.000222936534556,0.000119836251542,0.000077271288319,0.0000617810001131,0.0000360244157491,0.0000209884201468,0.000010318492059,0.00000338566087521,0.00000137965912472,2.49815172992e-7,7.69786083765e-8],"min":[2.66543379492e-25,2.8662519462e-24,9.77859356337e-25,1.52248860483e-25,1.07019126544e-23,1.00328678878e-23,4.25983429427e-24,1.21694408516e-23,1.29097868112e-23,2.09372835032e-23,1.94387743717e-23,2.80762853688e-23,3.23192999653e-23,3.8639233864e-23,3.68955483408e-23,4.70245760064e-23,5.0607440243e-23,1.07010811951e-22,1.14586653431e-22,1.4538861731e-22,1.56841981508e-22,2.75996657073e-22,3.87751893078e-22,5.62027220964e-22,9.24796608615e-22,1.3175597753e-21,1.90762732851e-21],"var":[1.99257188527e-9,0.00000761367573432,0.00000507986624143,0.0000146277516251,0.00000768201061874,0.00000606926278124,0.0000089780342023,0.00000266806932814,0.0000275224101642,0.0000500386995554,0.00000267128802989,0.00000172789816588,0.00000126734903461,8.718772051e-7,0.00000134751803671,0.00000338520635523,0.00000242828332375,1.70883041051e-7,7.17321029242e-8,6.13544983707e-8,2.96992261895e-8,1.76742958047e-8,4.67500749224e-9,6.25446305857e-10,1.22258980717e-10,5.41640647264e-12,5.98190998146e-14]},"barkbands_crest":{"dmean":2.17537736893,"dmean2":3.51316428185,"dvar":4.11572265625,"dvar2":9.95997428894,"max":25.6670684814,"mean":9.31869411469,"median":8.44929981232,"min":2.57001876831,"var":13.9843645096},"barkbands_flatness_db":{"dmean":0.0188161768019,"dmean2":0.0280172005296,"dvar":0.00033853581408,"dvar2":0.000724642537534,"max":0.326511025429,"mean":0.153680860996,"median":0.151207655668,"min":0.0279801208526,"var":0.00180717348121},"barkbands_kurtosis":{"dmean":2.02924585342,"dmean2":3.27241444588,"dvar":16.8254375458,"dvar2":43.5791664124,"max":155.813934326,"mean":2.5345594883,"median":0.80398106575,"min":-1.86226940155,"var":32.9834632874},"barkbands_skewness":{"dmean":0.444541484118,"dmean2":0.680275797844,"dvar":0.220917344093,"dvar2":0.518885612488,"max":9.81528663635,"mean":1.0941170454,"median":0.991906106472,"min":-4.87382888794,"var":1.23327612877},"barkbands_spread":{"dmean":4.14464759827,"dmean2":6.29654026031,"dvar":19.1703948975,"dvar2":41.646156311,"max":128.373397827,"mean":19.0902729034,"median":17.7618370056,"min":1.1227543354,"var":115.437705994},"dissonance":{"dmean":0.0201119296253,"dmean2":0.0335189364851,"dvar":0.000433335226262,"dvar2":0.00115440774243,"max":0.500000059605,"mean":0.457064390182,"median":0.466240078211,"min":0.218911916018,"var":0.00117164477706},"dynamic_complexity":3.23589539528,"erbbands":{"dmean":[0.0202874690294,0.327116787434,1.06281983852,4.656935215,6.62280368805,4.08670854568,4.6458272934,7.74043464661,10.2813053131,8.3338470459,7.99308443069,16.7064170837,34.0711784363,19.5099010468,11.3311672211,13.9492797852,11.9095306396,16.4821186066,16.372045517,19.0537948608,22.8488941193,12.2492332458,7.51836585999,5.42504501343,4.62018346786,3.27494812012,2.32273745537,1.7739906311,1.40078222752,0.927852272987,0.49672499299,0.201563477516,0.0957406014204,0.0449523702264,0.0156336892396,0.00430982140824,0.000780424044933,0.000122433440993,0.0000134568090289,0.0000072754392022],"dmean2":[0.0326692424715,0.541744530201,1.77442407608,8.0331401825,11.4994211197,6.84807491302,7.60225439072,12.5071468353,16.0439567566,13.0039453506,12.0546913147,23.6732940674,48.0494880676,27.2147388458,16.5477199554,20.3954296112,17.8825759888,25.5305557251,25.1465034485,29.4238090515,35.2985343933,18.9297389984,11.5084075928,8.35394859314,6.96303701401,4.81837892532,3.35585093498,2.49211525917,1.92736446857,1.2471780777,0.663002789021,0.267765104771,0.126471281052,0.0593378506601,0.0207888297737,0.00576900783926,0.00107890774962,0.000171747975401,0.0000188629364857,0.0000110196888272],"dvar":[0.00139587651938,0.33848720789,2.23257184029,64.6836395264,158.131240845,38.9629211426,58.95835495,217.070800781,457.235290527,328.016693115,452.757873535,2773.00219727,9939.77050781,5353.34423828,874.659545898,854.18963623,983.145324707,920.129821777,1038.11352539,1197.67407227,4037.52099609,744.023254395,176.37449646,153.316085815,113.630439758,55.8447418213,37.7133407593,19.4483356476,13.3723545074,5.46868133545,1.55822467804,0.258673667908,0.0620107278228,0.0150914834812,0.00186965963803,0.000165439181728,0.00000642668737783,1.84821942639e-7,1.52837253964e-9,9.44433628525e-11],"dvar2":[0.00332929752767,0.907273173332,6.24936151505,184.761749268,432.910766602,106.821578979,154.379699707,562.273803711,1110.49743652,687.906921387,1032.34887695,5272.28173828,19266.6914062,9951.40332031,1735.0847168,1747.54943848,2396.38256836,2162.90869141,2488.57275391,2791.15014648,8423.94628906,1767.68371582,401.731658936,378.742767334,271.755218506,131.932632446,86.8650131226,39.2179412842,27.21134758,10.4621229172,2.92880225182,0.487967967987,0.116699032485,0.0289617870003,0.00345732807182,0.000315950426739,0.0000130292610265,3.94485368815e-7,3.23739990371e-9,2.05219188865e-10],"max":[0.616403162479,8.6346540451,20.8139896393,123.507781982,213.388046265,89.4470062256,155.745269775,276.835510254,558.585876465,566.6328125,771.938903809,2204.60180664,2562.84448242,2278.25927734,1276.09094238,666.661254883,1177.22106934,738.445678711,631.715026855,756.624084473,3319.00683594,835.558654785,273.1769104,305.146728516,305.641113281,216.436325073,261.665344238,151.652450562,134.602905273,58.5751838684,30.0985889435,13.3172426224,6.00037097931,3.38817214966,1.12392044067,0.369567811489,0.0614835508168,0.0130692943931,0.00121033680625,0.000196366381715],"mean":[0.0291954185814,0.564375042915,2.324914217,6.49805879593,8.28336906433,6.85478925705,8.58107089996,15.4429388046,23.6171722412,18.6860370636,17.7909698486,38.980682373,86.9286880493,46.6985969543,24.8581523895,29.4385929108,25.2270240784,32.791809082,31.7358512878,40.6929626465,46.802444458,26.2765216827,15.5249261856,10.008564949,9.14358139038,6.44544649124,4.31410932541,3.17647910118,2.36012887955,1.53460586071,0.818177759647,0.329999595881,0.151705369353,0.0708944946527,0.0244503393769,0.00648164143786,0.00115396897309,0.00018822979473,0.0000331483752234,0.0000283419085463],"median":[0.01547979936,0.30249145627,1.6855148077,3.8115439415,4.5562787056,4.19618797302,4.34877300262,5.60518980026,7.91648054123,6.15620040894,5.05309057236,6.54925966263,10.5419778824,7.24956274033,8.6316242218,10.9310693741,10.2016162872,14.7608442307,13.8254051208,19.8054218292,17.0465488434,11.4286527634,7.88211488724,4.40587902069,4.45798206329,2.98407173157,1.7539383173,1.210714221,0.793964385986,0.50690728426,0.263509839773,0.10151746124,0.0439368933439,0.0203232895583,0.0068853343837,0.00179114704952,0.000339742051437,0.000066848944698,0.0000221502723434,0.0000232078855333],"min":[1.23983615021e-22,6.30846689029e-22,1.7380722666e-21,5.01706609602e-21,9.55876102596e-21,4.50377645368e-20,5.84583273046e-20,9.71548057121e-20,1.17807980493e-19,1.60399742878e-19,3.81770503419e-19,3.8031513083e-19,4.74628480665e-19,7.12751290046e-19,1.09263445165e-18,1.03319439021e-18,1.75292103586e-18,2.2722558369e-18,2.01584907896e-18,3.25955710935e-18,3.21906537759e-18,4.31011970748e-18,5.82392516213e-18,6.69199248518e-18,6.65150364856e-18,8.33923375316e-18,8.72851983868e-18,7.42482032757e-18,7.93713629432e-18,1.10285253104e-17,9.50567587651e-18,9.74507269913e-18,9.96187342896e-18,8.58374668787e-18,6.09180139965e-18,3.95983808297e-18,2.23493468843e-18,9.94089219952e-19,2.55851512956e-19,2.822645596e-20],"var":[0.00188225193415,0.548407316208,4.92053031921,72.345741272,151.783813477,65.2762374878,139.727386475,695.179260254,1866.58605957,1543.83239746,1667.82019043,12447.7587891,57269.6523438,28267.3828125,3306.61035156,2953.48852539,2465.8125,2667.19970703,2517.18701172,3967.38183594,11887.1230469,2197.54003906,512.786621094,307.966766357,229.553497314,118.500564575,62.7350883484,37.5760650635,25.080034256,10.8694400787,3.10706925392,0.511950671673,0.116741292179,0.0268417559564,0.00336827524006,0.000275277387118,0.0000093893322628,2.38858461898e-7,2.15093320932e-9,4.21861295896e-10]},"erbbands_crest":{"dmean":2.56925988197,"dmean2":4.01048564911,"dvar":6.59510755539,"dvar2":14.2908372879,"max":32.0099754333,"mean":10.60572052,"median":9.02400112152,"min":2.05148077011,"var":30.7818870544},"erbbands_flatness_db":{"dmean":0.0158568173647,"dmean2":0.0218750610948,"dvar":0.000242498426815,"dvar2":0.000425789388828,"max":0.407655119896,"mean":0.194035902619,"median":0.191444247961,"min":0.0226925499737,"var":0.00215214584023},"erbbands_kurtosis":{"dmean":0.968566656113,"dmean2":1.49579882622,"dvar":2.71978664398,"dvar2":6.13918447495,"max":54.6883735657,"mean":0.720773458481,"median":-0.091826915741,"min":-1.71363866329,"var":7.12459611893},"erbbands_skewness":{"dmean":0.357481956482,"dmean2":0.547214210033,"dvar":0.121742583811,"dvar2":0.267458587885,"max":5.47253417969,"mean":0.117885492742,"median":0.0888004526496,"min":-6.51622343063,"var":0.675412416458},"erbbands_spread":{"dmean":5.913230896,"dmean2":8.83829784393,"dvar":41.6359443665,"dvar2":91.4847793579,"max":110.683746338,"mean":30.5818996429,"median":29.8856582642,"min":1.88342046738,"var":228.348175049},"gfcc":{"cov":[[21973.25,2269.43164062,-2955.31933594,946.280273438,-827.528625488,212.99156189,-530.841369629,14.4152336121,-198.18145752,-158.806427002,-284.772399902,-166.992843628,-35.1070022583],[2269.43164062,939.759033203,-267.233856201,-53.6579399109,17.7392463684,-29.5636043549,47.8920974731,-61.3347434998,32.5537109375,-92.8251342773,2.3555150032,-82.6510848999,10.1249608994],[-2955.31933594,-267.233856201,814.071105957,45.9439811707,34.3054275513,-16.5116252899,16.0780601501,-14.5456867218,11.7210540771,28.4748764038,28.9131965637,49.8671722412,-9.5157365799],[946.280273438,-53.6579399109,45.9439811707,420.080474854,27.3964309692,-39.4048042297,-143.106536865,-19.1306781769,12.1769123077,21.3560333252,-4.88921499252,43.8215370178,12.0580015182],[-827.528625488,17.7392463684,34.3054275513,27.3964309692,248.916976929,12.5835723877,16.2212276459,-25.8570728302,32.2816505432,-7.85593891144,8.05085849762,1.22809648514,19.8987159729],[212.99156189,-29.5636043549,-16.5116252899,-39.4048042297,12.5835723877,165.065231323,64.641166687,8.24816226959,-34.5929336548,-16.3285617828,-18.0901641846,-4.68513202667,-6.79900932312],[-530.841369629,47.8920974731,16.0780601501,-143.106536865,16.2212276459,64.641166687,180.350234985,40.6699638367,-9.41541576385,-29.799282074,0.880695343018,-32.5533103943,-1.91009604931],[14.4152336121,-61.3347434998,-14.5456867218,-19.1306781769,-25.8570728302,8.24816226959,40.6699638367,86.0267868042,28.9810123444,10.0782413483,-11.1082649231,-10.7737846375,-0.206525832415],[-198.18145752,32.5537109375,11.7210540771,12.1769123077,32.2816505432,-34.5929336548,-9.41541576385,28.9810123444,96.9251098633,27.8076820374,2.54031896591,-10.239025116,6.55343341827],[-158.806427002,-92.8251342773,28.4748764038,21.3560333252,-7.85593891144,-16.3285617828,-29.799282074,10.0782413483,27.8076820374,84.3553619385,39.7651863098,10.2664766312,-12.9411354065],[-284.772399902,2.3555150032,28.9131965637,-4.88921499252,8.05085849762,-18.0901641846,0.880695343018,-11.1082649231,2.54031896591,39.7651863098,86.961227417,31.1290931702,-5.87567472458],[-166.992843628,-82.6510848999,49.8671722412,43.8215370178,1.22809648514,-4.68513202667,-32.5533103943,-10.7737846375,-10.239025116,10.2664766312,31.1290931702,82.8891983032,23.6271572113],[-35.1070022583,10.1249608994,-9.5157365799,12.0580015182,19.8987159729,-6.79900932312,-1.91009604931,-0.206525832415,6.55343341827,-12.9411354065,-5.87567472458,23.6271572113,63.6352005005]],"icov":[[0.000881618005224,-0.00231930147856,0.0023722294718,-0.00218154722825,0.00226804404519,-0.00211294740438,0.00192410463933,-0.00226913834922,0.00228171539493,-0.00201629288495,0.0023616857361,-0.00105897744652,0.000705157232005],[-0.00231930147856,0.00801903568208,-0.005699345842,0.00548878451809,-0.00543780298904,0.00564400106668,-0.0056366934441,0.00814277864993,-0.00806035194546,0.00820802897215,-0.00824635848403,0.00484904507175,-0.00234960042872],[0.0023722294718,-0.005699345842,0.00791519787163,-0.00617072544992,0.0061388653703,-0.00531357387081,0.00410612020642,-0.0048807435669,0.00528717739508,-0.00522966776043,0.00629657460377,-0.00359152955934,0.00249536149204],[-0.00218154722825,0.00548878451809,-0.00617072544992,0.00892588403076,-0.00635202601552,0.00499704433605,-0.00161148002371,0.00429084012285,-0.00515153259039,0.00476250611246,-0.00528567377478,0.00164628401399,-0.00180544529576],[0.00226804404519,-0.00543780298904,0.0061388653703,-0.00635202601552,0.011059038341,-0.00628687394783,0.00350706814788,-0.00233641080558,0.00232345354743,-0.00357866473496,0.00473871221766,-0.00177885079756,0.000336844939739],[-0.00211294740438,0.00564400106668,-0.00531357387081,0.00499704433605,-0.00628687394783,0.0134377479553,-0.00833793263882,0.0056161317043,-0.00254707504064,0.00301831262186,-0.00232556741685,0.000460137496702,-0.00014500306861],[0.00192410463933,-0.0056366934441,0.00410612020642,-0.00161148002371,0.00350706814788,-0.00833793263882,0.0172855462879,-0.0123975975439,0.00697393203154,0.0000890448063728,0.000176071858732,0.00210314407013,-0.0000958904420258],[-0.00226913834922,0.00814277864993,-0.0048807435669,0.00429084012285,-0.00233641080558,0.0056161317043,-0.0123975975439,0.0268164537847,-0.0144840208814,0.00432962644845,-0.00353449350223,0.00276360008866,-0.002025146503],[0.00228171539493,-0.00806035194546,0.00528717739508,-0.00515153259039,0.00232345354743,-0.00254707504064,0.00697393203154,-0.0144840208814,0.0243913475424,-0.0132043976337,0.00896196067333,-0.00187998462934,-0.000200030466658],[-0.00201629288495,0.00820802897215,-0.00522966776043,0.00476250611246,-0.00357866473496,0.00301831262186,0.0000890448063728,0.00432962644845,-0.0132043976337,0.0299945566803,-0.01925586164,0.0073719592765,0.000300028157653],[0.0023616857361,-0.00824635848403,0.00629657460377,-0.00528567377478,0.00473871221766,-0.00232556741685,0.000176071858732,-0.00353449350223,0.00896196067333,-0.01925586164,0.0298422053456,-0.0145118022338,0.00612630834803],[-0.00105897744652,0.00484904507175,-0.00359152955934,0.00164628401399,-0.00177885079756,0.000460137496702,0.00210314407013,0.00276360008866,-0.00187998462934,0.0073719592765,-0.0145118022338,0.0245292559266,-0.0102818710729],[0.000705157232005,-0.00234960042872,0.00249536149204,-0.00180544529576,0.000336844939739,-0.00014500306861,-0.0000958904420258,-0.002025146503,-0.000200030466658,0.000300028157653,0.00612630834803,-0.0102818710729,0.0215272661299]],"mean":[-47.0969467163,126.815841675,-138.713592529,36.6444549561,-48.5564727783,6.85980319977,-32.7683410645,-4.33793497086,-14.7741851807,-7.50747251511,-15.2267532349,-7.71474504471,-6.98697853088]},"hfc":{"dmean":4.27153015137,"dmean2":5.8072476387,"dvar":38.5657196045,"dvar2":72.5474014282,"max":175.007965088,"mean":16.9721012115,"median":12.1936941147,"min":1.00182901246e-16,"var":251.399490356},"melbands":{"dmean":[0.000273515644949,0.000485553289764,0.000841203320306,0.000363791361451,0.00016570527805,0.000166544501553,0.000152111955686,0.0000891561649041,0.0000656141710351,0.000121705161291,0.000172197571374,0.00008389721188,0.0000366062413377,0.0000400561657443,0.000029206774343,0.000029777556847,0.0000330549082719,0.0000259353273577,0.0000262124849542,0.0000337191995641,0.0000279027990473,0.0000155426441779,0.00000994981382973,0.00000679944832882,0.00000445599062004,0.00000324219990944,0.0000034472545849,0.00000203616764338,0.00000160530453286,0.00000128530768961,0.00000101342482139,8.60720092533e-7,6.61164506255e-7,4.80521293866e-7,3.24743723468e-7,1.79003251333e-7,1.04360047715e-7,7.12618017928e-8,5.29131476412e-8,3.39096395408e-8],"dmean2":[0.0004476402828,0.000807533739135,0.00145615707152,0.000622730178293,0.000270913325949,0.000269012147328,0.000237152111367,0.000139060954098,0.000098331940535,0.00017333876167,0.000242377718678,0.000118075244245,0.000053416704759,0.0000588637813053,0.000042804149416,0.0000453534157714,0.0000513628692715,0.000039921298594,0.0000402414516429,0.0000527351403434,0.000043360501877,0.000024299524739,0.0000155571106006,0.0000105764802356,0.0000069868274295,0.00000495086487717,0.00000521801666764,0.00000304800255435,0.00000234593767345,0.00000187761077086,0.0000014584705923,0.00000121992695767,9.26074733343e-7,6.62971274323e-7,4.49648666745e-7,2.45979350666e-7,1.43261033259e-7,9.76017346943e-8,7.13921153306e-8,4.57484325977e-8],"dvar":[2.49544768849e-7,4.79173365875e-7,0.00000226561860472,3.96794007429e-7,6.79783980218e-8,9.28524457322e-8,9.45842870692e-8,3.63316132734e-8,3.28753095857e-8,1.36699583209e-7,2.47760482353e-7,1.01903374627e-7,1.08140731925e-8,7.23815229975e-9,4.50365567062e-9,4.79970907463e-9,4.02644229069e-9,2.75821943063e-9,2.5619186772e-9,5.74093439454e-9,6.75270772632e-9,1.66758518105e-9,3.7751643478e-10,1.92474675087e-10,1.12940427843e-10,4.51222358089e-11,7.27369692255e-11,2.19703023135e-11,1.74211617354e-11,1.33434097105e-11,5.87614115352e-12,5.09445697433e-12,2.90106307033e-12,1.50490839408e-12,6.92498575844e-13,1.97228382714e-13,7.3442025573e-14,3.50504503622e-14,2.10041029979e-14,8.49334335772e-15],"dvar2":[6.34315938441e-7,0.00000131066371978,0.00000647591286906,0.00000108033873403,1.78382592253e-7,2.40412930452e-7,2.29466579071e-7,7.60777183473e-8,6.97162150232e-8,2.6381042062e-7,4.76148414918e-7,1.92140959143e-7,2.0595404493e-8,1.44214311604e-8,9.45936307062e-9,1.15470859541e-8,9.43763911465e-9,6.69681865517e-9,5.7403721776e-9,1.31621566979e-8,1.47447360987e-8,3.94490351496e-9,9.24398335655e-10,4.61183619072e-10,2.83891049557e-10,1.08202544147e-10,1.75785150325e-10,5.23357711335e-11,4.04715809477e-11,3.17162129893e-11,1.16911142226e-11,1.06922023319e-11,5.9589650922e-12,2.98646524177e-12,1.35578408309e-12,3.77667596632e-13,1.44647165881e-13,6.86304718568e-14,4.14285711856e-14,1.65149300214e-14],"max":[0.00802391767502,0.0110853658989,0.0219912454486,0.0112278824672,0.00525935878977,0.005847660359,0.00788008607924,0.00544314458966,0.00594519264996,0.0153951318935,0.0127652687952,0.0094383014366,0.00416183983907,0.00225105090067,0.00201041437685,0.00192360486835,0.00169025035575,0.0012011382496,0.00175203022081,0.00276069110259,0.00332070607692,0.00138712080661,0.000487182405777,0.000312590418616,0.000275762664387,0.000198867433937,0.000260811299086,0.00014444104454,0.000149415573105,0.000176891175215,0.0000575587764615,0.0000811944046291,0.0000458310205431,0.0000297600254271,0.0000208695673791,0.00000981648645393,0.00000798416840553,0.00000411631162933,0.00000440347730546,0.0000024442601898],"mean":[0.000420636933995,0.00109358597547,0.00118805922102,0.000531771569513,0.000307297625113,0.000340068771038,0.00035805942025,0.000189745696844,0.000140912816278,0.000280029402347,0.000434615620179,0.000192447885638,0.0000725928184693,0.0000811393983895,0.0000610963033978,0.0000563065514143,0.0000611077266512,0.000045934728405,0.0000506123324158,0.0000644660103717,0.0000533143720531,0.0000301918134937,0.0000184113432624,0.0000119801361507,0.0000074662825682,0.00000581614176554,0.00000671067300573,0.00000364127276953,0.0000028017857403,0.0000022018718937,0.00000171583155861,0.00000140253632708,0.00000104742571239,7.67306971738e-7,5.17384421528e-7,2.86240236846e-7,1.64750517229e-7,1.09772187784e-7,8.10439999555e-8,5.21466034797e-8],"median":[0.000229294702876,0.000799610570539,0.000743822427467,0.000335100194206,0.000161785399541,0.000127264109324,0.000118740441394,0.0000624419626547,0.000031235798815,0.0000373836337531,0.000048906676966,0.0000218236273213,0.0000203668932954,0.0000294320161629,0.0000201116254175,0.0000212525028473,0.0000246604959102,0.0000172194941115,0.0000219270532398,0.0000239742839767,0.0000165939636645,0.0000114731883514,0.00000812391590443,0.00000508016728418,0.00000289919876195,0.00000282841483568,0.00000285151827484,0.00000154004794695,0.00000106512163711,8.43504096792e-7,6.0698323523e-7,4.56302927887e-7,3.45425377191e-7,2.45928504228e-7,1.64231977351e-7,8.92575044986e-8,4.86548721312e-8,3.09934335974e-8,2.28255903068e-8,1.4961928585e-8],"min":[9.85810088186e-25,1.45889342431e-24,1.52532083734e-24,9.33480309785e-25,2.41687200673e-24,2.44795746513e-24,1.75166327346e-24,1.46534443297e-24,2.85579480604e-24,2.05588314282e-24,2.1121397722e-24,2.73439207095e-24,3.2006913019e-24,2.79772202164e-24,3.0182897001e-24,3.16972594757e-24,3.60653992447e-24,2.51794717679e-24,2.951667044e-24,2.4401727885e-24,2.92320553418e-24,2.2318705166e-24,3.29427682932e-24,4.64730265496e-24,5.0155867073e-24,4.35056749786e-24,4.926893498e-24,4.20477022536e-24,4.8615142839e-24,3.54960546636e-24,4.46845999914e-24,4.43965079888e-24,4.94795529531e-24,4.74557066349e-24,4.93085160759e-24,4.84976498957e-24,5.50187567358e-24,6.6331440213e-24,6.05847739008e-24,6.68155641505e-24],"var":[3.49858396476e-7,0.00000111344127163,0.00000229777629102,4.49047178108e-7,1.5865296632e-7,3.11610477866e-7,4.10474086721e-7,1.52813711907e-7,1.3137200483e-7,6.40762209514e-7,0.00000144165994698,5.42746647625e-7,3.55078277892e-8,2.4151843192e-8,1.61986442038e-8,1.19202789861e-8,1.11709397288e-8,6.05407457499e-9,7.79184805566e-9,1.67877196589e-8,1.83701551748e-8,4.32307567522e-9,8.94161300558e-10,4.37046621116e-10,2.03116259923e-10,7.95965862666e-11,1.57709401094e-10,4.18163420557e-11,2.86553298451e-11,1.93794095354e-11,1.15198250245e-11,9.10012429994e-12,5.23451074153e-12,2.81190088575e-12,1.29129075054e-12,3.85090749436e-13,1.35777091068e-13,6.28638918807e-14,3.5930249932e-14,1.47587427305e-14]},"melbands_crest":{"dmean":3.01248121262,"dmean2":4.96032428741,"dvar":7.69921875,"dvar2":20.1296977997,"max":31.9871387482,"mean":13.2498006821,"median":12.6051654816,"min":1.53461694717,"var":21.2751712799},"melbands_flatness_db":{"dmean":0.022731512785,"dmean2":0.0338996313512,"dvar":0.000511148187798,"dvar2":0.00112401798833,"max":0.432436078787,"mean":0.212289199233,"median":0.210213884711,"min":0.000799874833319,"var":0.00328034791164},"melbands_kurtosis":{"dmean":4.2489938736,"dmean2":6.79088306427,"dvar":60.4617881775,"dvar2":147.173751831,"max":167.397216797,"mean":7.83152198792,"median":3.79548168182,"min":-1.88878488541,"var":156.224838257},"melbands_skewness":{"dmean":0.563708901405,"dmean2":0.86132645607,"dvar":0.366192489862,"dvar2":0.850671172142,"max":9.9179315567,"mean":1.96017622948,"median":1.83605754375,"min":-2.87528586388,"var":2.08964300156},"melbands_spread":{"dmean":5.86839818954,"dmean2":9.12434387207,"dvar":43.2030487061,"dvar2":103.417282104,"max":171.345169067,"mean":23.9696331024,"median":20.714099884,"min":0.827963471413,"var":318.489776611},"mfcc":{"cov":[[8452.87402344,874.576721191,-793.91003418,376.886383057,48.9691848755,137.625656128,-117.930900574,84.8877410889,91.5500717163,15.7187280655,-97.0659179688,-0.797513306141,20.1815395355],[874.576721191,1109.56237793,-117.920883179,-22.0167045593,-31.8924484253,45.4209632874,24.3519668579,48.7823524475,12.7729167938,39.0221405029,3.30053639412,-38.4134597778,-14.8027791977],[-793.91003418,-117.920883179,517.631652832,73.1500320435,-6.17388725281,-4.06957387924,-14.6329908371,-8.26161003113,-32.0289535522,-29.357755661,10.0604963303,11.0156469345,0.808070421219],[376.886383057,-22.0167045593,73.1500320435,322.922698975,138.048919678,1.86075341702,-75.4678039551,-33.0483856201,4.84536647797,-38.4359931946,-34.6686401367,27.5255756378,51.0806236267],[48.9691848755,-31.8924484253,-6.17388725281,138.048919678,201.179260254,54.8714447021,-50.0864677429,-22.6098308563,9.80283260345,-28.6366729736,-23.0752468109,18.6013336182,25.5361633301],[137.625656128,45.4209632874,-4.06957387924,1.86075341702,54.8714447021,121.373252869,43.0451393127,19.5752849579,-0.00369603233412,-10.8026218414,-3.72314524651,-5.54104948044,-15.4422311783],[-117.930900574,24.3519668579,-14.6329908371,-75.4678039551,-50.0864677429,43.0451393127,132.946640015,47.4546813965,-10.5562210083,18.4953212738,9.35507202148,-17.6483345032,-19.6561775208],[84.8877410889,48.7823524475,-8.26161003113,-33.0483856201,-22.6098308563,19.5752849579,47.4546813965,92.9035797119,35.0295181274,-1.48251724243,0.686929404736,-13.5777387619,-19.3771896362],[91.5500717163,12.7729167938,-32.0289535522,4.84536647797,9.80283260345,-0.00369603233412,-10.5562210083,35.0295181274,88.8806228638,36.0358047485,-9.74088573456,-10.689330101,-10.9085607529],[15.7187280655,39.0221405029,-29.357755661,-38.4359931946,-28.6366729736,-10.8026218414,18.4953212738,-1.48251724243,36.0358047485,98.2672042847,32.3047561646,-15.753950119,-18.5565490723],[-97.0659179688,3.30053639412,10.0604963303,-34.6686401367,-23.0752468109,-3.72314524651,9.35507202148,0.686929404736,-9.74088573456,32.3047561646,78.3206634521,23.1853809357,-8.54795360565],[-0.797513306141,-38.4134597778,11.0156469345,27.5255756378,18.6013336182,-5.54104948044,-17.6483345032,-13.5777387619,-10.689330101,-15.753950119,23.1853809357,77.0535812378,46.5926399231],[20.1815395355,-14.8027791977,0.808070421219,51.0806236267,25.5361633301,-15.4422311783,-19.6561775208,-19.3771896362,-10.9085607529,-18.5565490723,-8.54795360565,46.5926399231,92.8362808228]],"icov":[[0.000196453998797,-0.0000854610916576,0.00035039903014,-0.000435181253124,0.000440497882664,-0.000490430858918,0.000482056144392,-0.000412207329646,0.000268715812126,-0.000293802033411,0.000288386974717,-0.0002070593182,0.0000966677544056],[-0.0000854610916576,0.0010591893224,0.0000964389764704,0.00000194990957425,0.00021715319599,-0.000496540626045,0.000396046641981,-0.000721966265701,0.000543830450624,-0.000612685340457,-0.0000575773119635,0.000586378446314,-0.000381765916245],[0.00035039903014,0.0000964389764704,0.0028110940475,-0.00159527815413,0.00149388052523,-0.0012197480537,0.00121909426525,-0.00112439249642,0.00127340527251,-0.000257488602074,0.0000123607242131,-0.000300814514048,0.00045238880557],[-0.000435181253124,0.00000194990957425,-0.00159527815413,0.00630211597309,-0.00430334266275,0.00206772983074,-0.000164052325999,0.00118765898515,-0.00100661045872,0.00101050082594,0.00051889574388,0.000204115465749,-0.00158891966566],[0.000440497882664,0.00021715319599,0.00149388052523,-0.00430334266275,0.0112043777481,-0.00716602010652,0.00432246271521,0.00000912977156986,-0.000422325858381,-0.000184299962712,0.00108513201121,-0.000832762918435,-0.000631778792012],[-0.000490430858918,-0.000496540626045,-0.0012197480537,0.00206772983074,-0.00716602010652,0.0151826646179,-0.00767731387168,0.00161072611809,-0.00194721075241,0.00335648050532,-0.00129579147324,-0.000191413797438,0.00252648326568],[0.000482056144392,0.000396046641981,0.00121909426525,-0.000164052325999,0.00432246271521,-0.00767731387168,0.0170193258673,-0.0102895218879,0.00871977210045,-0.00739727215841,0.00336316484027,-0.0000910828021006,-0.00107078941073],[-0.000412207329646,-0.000721966265701,-0.00112439249642,0.00118765898515,0.00000912977156986,0.00161072611809,-0.0102895218879,0.0231475122273,-0.0149007588625,0.0108566330746,-0.00569835584611,0.00255424506031,0.00086165353423],[0.000268715812126,0.000543830450624,0.00127340527251,-0.00100661045872,-0.000422325858381,-0.00194721075241,0.00871977210045,-0.0149007588625,0.0252126622945,-0.0149662224576,0.00911361631006,-0.00353906163946,0.00168580270838],[-0.000293802033411,-0.000612685340457,-0.000257488602074,0.00101050082594,-0.000184299962712,0.00335648050532,-0.00739727215841,0.0108566330746,-0.0149662224576,0.0231912974268,-0.012563248165,0.0069507015869,-0.00104693230242],[0.000288386974717,-0.0000575773119635,0.0000123607242131,0.00051889574388,0.00108513201121,-0.00129579147324,0.00336316484027,-0.00569835584611,0.00911361631006,-0.012563248165,0.0240444503725,-0.0129116252065,0.00590485055],[-0.0002070593182,0.000586378446314,-0.000300814514048,0.000204115465749,-0.000832762918435,-0.000191413797438,-0.0000910828021006,0.00255424506031,-0.00353906163946,0.0069507015869,-0.0129116252065,0.0263491477817,-0.0126995649189],[0.0000966677544056,-0.000381765916245,0.00045238880557,-0.00158891966566,-0.000631778792012,0.00252648326568,-0.00107078941073,0.00086165353423,0.00168580270838,-0.00104693230242,0.00590485055,-0.0126995649189,0.0190134160221]],"mean":[-670.940490723,144.430755615,-21.2826309204,30.4214420319,3.67371845245,12.5575866699,-7.91830635071,3.46812558174,-0.376118302345,0.467128753662,-4.5789513588,-3.102861166,-0.744231820107]},"pitch_salience":{"dmean":0.0634803920984,"dmean2":0.10228344053,"dvar":0.00319347670302,"dvar2":0.00799673609436,"max":0.984995782375,"mean":0.528460383415,"median":0.525075316429,"min":0.147997424006,"var":0.0114828627557},"silence_rate_20dB":{"dmean":0,"dmean2":0,"dvar":0,"dvar2":0,"max":1,"mean":1,"median":1,"min":1,"var":0},"silence_rate_30dB":{"dmean":0.00107712193858,"dmean2":0.00215447600931,"dvar":0.00107596686576,"dvar2":0.00301166251302,"max":1,"mean":0.999246120453,"median":1,"min":0,"var":0.000753349566367},"silence_rate_60dB":{"dmean":0.0127100385725,"dmean2":0.0254228152335,"dvar":0.0125472033396,"dvar2":0.0280034597963,"max":1,"mean":0.0639741495252,"median":0,"min":0,"var":0.0598788410425},"spectral_centroid":{"dmean":204.668106079,"dmean2":313.015228271,"dvar":51929.3046875,"dvar2":114872.109375,"max":11907.9150391,"mean":1283.87084961,"median":1116.92333984,"min":199.092987061,"var":1429418.25},"spectral_complexity":{"dmean":3.21682453156,"dmean2":4.62964582443,"dvar":14.5844888687,"dvar2":24.9643192291,"max":57,"mean":17.2222938538,"median":16,"min":0,"var":84.4028778076},"spectral_contrast_coeffs":{"dmean":[0.0523528903723,0.0457647107542,0.0396821349859,0.0326789095998,0.022449541837,0.014719337225],"dmean2":[0.0884720534086,0.07475412637,0.0620785467327,0.0508099161088,0.0350596755743,0.0233089476824],"dvar":[0.00206230091862,0.00144953350537,0.0011550859781,0.000773702282459,0.00037813722156,0.000164581317222],"dvar2":[0.00589871220291,0.00373176136054,0.00258435518481,0.00174547883216,0.00085709587438,0.000373568764189],"max":[-0.371511638165,-0.40589517355,-0.413085579872,-0.477328896523,-0.574589252472,-0.593553900719],"mean":[-0.633403360844,-0.708553433418,-0.729222595692,-0.746699929237,-0.787038564682,-0.736827373505],"median":[-0.631085395813,-0.713640153408,-0.745316565037,-0.744721531868,-0.787021994591,-0.731418669224],"min":[-0.97968685627,-0.985853135586,-0.99262291193,-0.975429236889,-0.978213310242,-0.965841174126],"var":[0.0057663791813,0.00738322036341,0.00930326152593,0.00479082670063,0.00257734232582,0.00184923375491]},"spectral_contrast_valleys":{"dmean":[0.400455951691,0.369311958551,0.321908473969,0.304709941149,0.276387989521,0.256880193949],"dmean2":[0.644913434982,0.593931913376,0.505202591419,0.451452761889,0.378177791834,0.31244468689],"dvar":[0.11446184665,0.106071360409,0.0871771946549,0.0865884944797,0.0826912671328,0.078552082181],"dvar2":[0.275869131088,0.252342134714,0.188588261604,0.159918636084,0.136694639921,0.109988577664],"max":[-5.38056945801,-4.63800525665,-5.60680198669,-5.45287895203,-5.38063001633,-8.54910182953],"mean":[-7.57041597366,-7.27869462967,-7.7952132225,-7.99876642227,-8.03825092316,-11.1991882324],"median":[-7.18972587585,-6.94232749939,-7.4555478096,-7.64837026596,-7.75976991653,-11.0509128571],"min":[-28.0561637878,-28.3176574707,-27.9006252289,-27.6817741394,-27.4847755432,-27.4508495331],"var":[5.89266729355,5.95182657242,5.65509843826,5.62112617493,5.57289361954,3.95675730705]},"spectral_decrease":{"dmean":1.52825074817e-9,"dmean2":2.41045250426e-9,"dvar":4.19871295463e-18,"dvar2":9.94897189294e-18,"max":5.93284491224e-27,"mean":-5.61487745188e-9,"median":-4.68722660685e-9,"min":-3.53161269118e-8,"var":1.64428666155e-17},"spectral_energy":{"dmean":0.00605761399493,"dmean2":0.00947231706232,"dvar":0.0000651934024063,"dvar2":0.000151702726725,"max":0.142922729254,"mean":0.0227312389761,"median":0.0188235174865,"min":9.30331488967e-21,"var":0.00027369428426},"spectral_energyband_high":{"dmean":0.000133977548103,"dmean2":0.000174610628164,"dvar":1.07727757381e-7,"dvar2":2.05276350584e-7,"max":0.0106430668384,"mean":0.000257809995674,"median":0.000106035688077,"min":6.94634855252e-21,"var":2.25519784181e-7},"spectral_energyband_low":{"dmean":0.00265276012942,"dmean2":0.00437664194033,"dvar":0.0000148514245666,"dvar2":0.0000391089524783,"max":0.0722630470991,"mean":0.00577772362158,"median":0.0044253859669,"min":1.67094655232e-23,"var":0.0000296537436952},"spectral_energyband_middle_high":{"dmean":0.0019278236432,"dmean2":0.00271605467424,"dvar":0.0000105023809738,"dvar2":0.0000195240936591,"max":0.0730975270271,"mean":0.00674136215821,"median":0.00381849892437,"min":1.15689215919e-21,"var":0.0000746264850022},"spectral_energyband_middle_low":{"dmean":0.00453678844497,"dmean2":0.00737461820245,"dvar":0.0000441584452346,"dvar2":0.000113760987006,"max":0.11963557452,"mean":0.0119694499299,"median":0.00901937577873,"min":1.55100668879e-22,"var":0.000117657466035},"spectral_entropy":{"dmean":0.156576007605,"dmean2":0.222571879625,"dvar":0.0248076003045,"dvar2":0.0483160018921,"max":9.83402442932,"mean":7.357172966,"median":7.35186195374,"min":5.59194898605,"var":0.227760985494},"spectral_flux":{"dmean":0.019933367148,"dmean2":0.0307037811726,"dvar":0.000445423676865,"dvar2":0.000901625782717,"max":0.327370166779,"mean":0.0709600523114,"median":0.0652999952435,"min":6.25380719432e-11,"var":0.00151646428276},"spectral_kurtosis":{"dmean":2.24359226227,"dmean2":3.82835316658,"dvar":5.37553071976,"dvar2":15.3057470322,"max":33.9793548584,"mean":5.51715183258,"median":4.61556434631,"min":-1.27255260944,"var":13.9939393997},"spectral_rms":{"dmean":0.000605824927334,"dmean2":0.000930749636609,"dvar":4.36809301618e-7,"dvar2":9.61199589256e-7,"max":0.0118083367124,"mean":0.0043692025356,"median":0.00428537139669,"min":3.01270727115e-12,"var":0.00000308688572659},"spectral_rolloff":{"dmean":317.96472168,"dmean2":531.740539551,"dvar":201295.5625,"dvar2":462286.21875,"max":19659.8144531,"mean":1550.93395996,"median":1205.859375,"min":129.19921875,"var":5231570},"spectral_skewness":{"dmean":0.25193375349,"dmean2":0.410739511251,"dvar":0.0540036410093,"dvar2":0.138207107782,"max":4.29824352264,"mean":1.56000196934,"median":1.47677671909,"min":-0.100088357925,"var":0.267287939787},"spectral_spread":{"dmean":304318.1875,"dmean2":446904.5625,"dvar":209866031104,"dvar2":403994312704,"max":42804152,"mean":3789453.75,"median":3129596,"min":1618407.125,"var":18144875774000},"spectral_strongpeak":{"dmean":0.57585477829,"dmean2":0.971247136593,"dvar":1.17538881302,"dvar2":2.77493929863,"max":17.0209541321,"mean":1.33718335629,"median":0.53038418293,"min":0,"var":3.12004804611},"zerocrossingrate":{"dmean":0.00614148844033,"dmean2":0.0074325739406,"dvar":0.0000400890457968,"dvar2":0.0000568190989725,"max":0.53076171875,"mean":0.0534398965538,"median":0.04443359375,"min":0.00634765625,"var":0.00328264059499}},"metadata":{"audio_properties":{"analysis_sample_rate":44100,"bit_rate":0,"codec":"flac","downmix":"mix","equal_loudness":0,"length":215.57333374,"lossless":true,"md5_encoded":"4b7cd88bc11c5e40d6b8b873d40b23db","replay_gain":-9.53716850281},"tags":{"acoustid_id":["4b40d4bf-6c61-4b9e-a6e0-ae8d441923d6"],"album":["After Bathing at Baxter's"],"albumartist":["Jefferson Airplane"],"albumartistsort":["Jefferson Airplane"],"artist":["Jefferson Airplane"],"artists":["Jefferson Airplane"],"artistsort":["Jefferson Airplane"],"asin":["B0000A0DRX"],"barcode":["828765322522"],"catalognumber":["82876 53225 2"],"date":["2003-08-19"],"file_name":"03 - Young Girl Sunday Blues.flac","label":["BMG Heritage"],"media":["CD"],"musicbrainz_albumartistid":["39c2a93d-9afa-4a22-9bba-c087ab056e1c"],"musicbrainz_albumid":["7a6e129f-4114-315c-af87-3a11ae686daf"],"musicbrainz_artistid":["39c2a93d-9afa-4a22-9bba-c087ab056e1c"],"musicbrainz_recordingid":["59326429-b3be-4c09-861c-6c9bbe573107"],"musicbrainz_releasegroupid":["bb178c25-91e9-3fbf-bfc9-0ce399784293"],"musicbrainz_releasetrackid":["553ca4f7-69c1-37af-917c-1cfe786194ae"],"originaldate":["1967"],"releasecountry":["US"],"releasestatus":["official"],"releasetype":["album"],"script":["Latn"],"title":["Young Girl Sunday Blues"],"totaltracks":["15"],"tracknumber":["3"],"tracktotal":["15"]},"version":{"essentia":"2.1-beta1","essentia_build_sha":"5b9e781ab008b0f974ccb13a0d9a9891710afc4b","essentia_git_sha":"v2.1_beta1-9-geaa627a","extractor":"music 1.0"}},"rhythm":{"beats_count":456,"beats_loudness":{"dmean":0.0141710219905,"dmean2":0.0242416393012,"dvar":0.000173507854925,"dvar2":0.000471643579658,"max":0.116492375731,"mean":0.0309203639627,"median":0.0274018198252,"min":0,"var":0.000340006779879},"beats_loudness_band_ratio":{"dmean":[0.190524324775,0.120348386467,0.163721174002,0.11536783725,0.092505812645,0.0486875511706],"dmean