{"lowlevel":{"average_loudness":0.41623800993,"barkbands":{"dmean":[0.0000204996140383,0.000410138251027,0.000852028781082,0.00215099449269,0.00152684748173,0.000669593864586,0.00138661870733,0.000785421056207,0.000331898510922,0.0000998003306449,0.0000939573656069,0.000125169957755,0.0000860938889673,0.0000633782401565,0.0000472976753372,0.0000315013312502,0.0000894478798728,0.000127215840621,0.000159387345775,0.0000912872201297,0.000131625842187,0.000075715710409,0.0000623554224148,0.0000397145267925,0.0000299972452922,0.000126899933093,0.0000687150823069],"dmean2":[0.0000337798264809,0.000671621703077,0.00140195677523,0.0035075834021,0.00242176512256,0.00100766157266,0.00201599067077,0.00112790439744,0.000471178034786,0.000144778590766,0.000135905895149,0.000181397306733,0.000119434771477,0.0000912523391889,0.0000730245592422,0.0000476174900541,0.000130684653413,0.000184436314157,0.000234950843151,0.000154806562932,0.000228802717174,0.000132354995003,0.000109531232738,0.0000676110648783,0.0000515618376085,0.000228560951655,0.000124376354506],"dvar":[4.97134500232e-10,4.81688459786e-7,0.0000018853702386,0.0000188211051864,0.00000636984987068,0.00000116517071547,0.0000114442000267,0.00000618021886112,9.5137744438e-7,1.8858551698e-7,1.66179205507e-7,2.2104511288e-7,7.95150327804e-8,4.29392521539e-8,5.61042270419e-8,7.22322424096e-9,4.36685603233e-8,7.79329170086e-8,1.33142691539e-7,7.60296003932e-8,1.64316503515e-7,6.01134217959e-8,3.79213460633e-8,1.51178465302e-8,7.91425591729e-9,1.88243575394e-7,6.32826697711e-8],"dvar2":[1.34087807524e-9,0.00000131050319396,0.00000491255786983,0.0000481028218928,0.00001644814256,0.00000258700720224,0.0000227397522394,0.0000113804926514,0.00000186724992091,3.58980855708e-7,3.61416027772e-7,4.52846592225e-7,1.53885252985e-7,8.32859541333e-8,1.01583161438e-7,1.37239748454e-8,9.50368317376e-8,1.52682545718e-7,2.58757836491e-7,1.92577729763e-7,4.49691214044e-7,1.64078315379e-7,1.0049166832e-7,3.99248634153e-8,2.05969197253e-8,5.00978558193e-7,1.71108709424e-7],"max":[0.000690371962264,0.00995803065598,0.0182683877647,0.0652762278914,0.0449760369956,0.0160276126117,0.11601934582,0.117984637618,0.0408708453178,0.020137462765,0.0142685640603,0.0137084657326,0.0108278514817,0.00671888515353,0.0176474694163,0.00288070179522,0.00531209306791,0.00892623048276,0.0116963749751,0.00698510510847,0.00761373713613,0.00389147992246,0.0022162750829,0.00246691051871,0.00124779145699,0.0064957360737,0.00398114370182],"mean":[0.0000531187688466,0.000734290515538,0.00131781690288,0.00265321973711,0.00274207140319,0.00139627919998,0.00293114152737,0.00183239672333,0.000743571086787,0.000199963222258,0.000165089222719,0.000206899581826,0.00014422062668,0.0000937014265219,0.0000661399535602,0.0000501654758409,0.000193093699636,0.00031477646553,0.000352043251041,0.0000855074686115,0.00011020553211,0.000061908387579,0.0000453568391094,0.000030751212762,0.0000240995777858,0.0000858458661241,0.0000434306348325],"median":[0.0000515212814207,0.000291915930575,0.000647315115202,0.00101015577093,0.00152122159488,0.000799163477495,0.000720672251191,0.000531222554855,0.000162943062605,0.0000312015581585,0.0000229019133258,0.00000596067093284,0.00000659199577058,0.00000519371405971,0.00000482562882098,0.00000606330786468,0.0000176854118763,0.0000363218132406,0.0000319944811054,0.00000788380111771,0.0000125595415739,0.00000694346590535,0.0000031863228287,0.00000290451089313,0.00000272076977126,0.00000373540751752,6.49564867672e-7],"min":[5.5480095215e-23,2.22427489049e-23,3.9179660382e-24,8.254023623e-24,5.99306654265e-23,9.73606007663e-23,8.24328533282e-23,9.48171112595e-23,6.28982654886e-23,3.4659856582e-23,1.98481821375e-22,4.72807696294e-23,2.89012761035e-23,1.6143495689e-22,1.10309840878e-22,7.89158211119e-23,1.55123059907e-22,3.22005423203e-22,2.29807752978e-22,2.57092823481e-22,6.34494533316e-22,3.50877126489e-22,5.21765779846e-22,1.00499485881e-21,1.18160145369e-21,1.72411197818e-21,2.58582071701e-21],"var":[6.96732727068e-10,0.00000124061443785,0.00000315915735882,0.0000208429955819,0.0000112291081678,0.0000029858022117,0.0000488366567879,0.0000357484241249,0.00000419341222369,6.5391446924e-7,3.64872562386e-7,6.22142863449e-7,2.40102536964e-7,1.21118574725e-7,1.58176177933e-7,2.56444803171e-8,1.82920700809e-7,4.38749850673e-7,6.772360166e-7,6.97223896395e-8,1.1686984891e-7,4.205383064e-8,2.64497082014e-8,1.11416458282e-8,5.99906657683e-9,1.25977322796e-7,4.09431457626e-8]},"barkbands_crest":{"dmean":2.28212547302,"dmean2":3.69382238388,"dvar":4.3253569603,"dvar2":11.0188341141,"max":26.8152160645,"mean":9.92387580872,"median":9.12428474426,"min":2.8440849781,"var":14.3461360931},"barkbands_flatness_db":{"dmean":0.0342895612121,"dmean2":0.0494361929595,"dvar":0.00119351840112,"dvar2":0.0021193404682,"max":0.394459724426,"mean":0.182957217097,"median":0.179556086659,"min":0.0332161784172,"var":0.00468358397484},"barkbands_kurtosis":{"dmean":6.4075961113,"dmean2":10.1754312515,"dvar":83.1557769775,"dvar2":191.25491333,"max":342.694854736,"mean":12.1074981689,"median":7.03418922424,"min":-1.83245539665,"var":331.969024658},"barkbands_skewness":{"dmean":0.758043825626,"dmean2":1.18830430508,"dvar":0.673810839653,"dvar2":1.69292390347,"max":18.2380981445,"mean":2.17181992531,"median":1.9946334362,"min":-2.09918618202,"var":1.95271241665},"barkbands_spread":{"dmean":8.56814002991,"dmean2":13.8945446014,"dvar":191.905838013,"dvar2":432.774993896,"max":118.236778259,"mean":16.1436386108,"median":10.0905799866,"min":0.707420706749,"var":290.923248291},"dissonance":{"dmean":0.0326334312558,"dmean2":0.0482732355595,"dvar":0.00118351180572,"dvar2":0.00231813383289,"max":0.500000119209,"mean":0.400799095631,"median":0.426986753941,"min":0.0684279724956,"var":0.00701998732984},"dynamic_complexity":4.09579133987,"erbbands":{"dmean":[0.00490068132058,0.12167147547,0.805169641972,3.79811525345,7.56237649918,4.21613264084,4.77370405197,6.25730228424,19.6962814331,13.3688907623,17.9689311981,7.85181999207,3.7459526062,3.43223595619,3.40043258667,5.00778388977,3.68292474747,3.26547884941,2.49556565285,1.84059429169,2.06189227104,4.91744613647,5.21860170364,9.65448379517,5.1609826088,4.27384185791,5.81155633926,4.414498806,2.8440694809,2.11363315582,1.69574773312,1.12913358212,0.490015745163,0.293733984232,0.248753070831,0.268356621265,0.269272953272,0.151699915528,0.00601474149153,0.000104066595668],"dmean2":[0.00759125454351,0.200421527028,1.32702946663,6.10483121872,12.2693548203,6.56522607803,7.38463592529,9.48394012451,28.7564430237,19.1993789673,25.5664672852,10.8458385468,5.02272367477,4.90521097183,4.79912471771,7.07410955429,4.92190074921,4.48864364624,3.60488271713,2.78410959244,3.00050616264,7.04848957062,7.4145526886,13.7338886261,7.73019742966,7.21419906616,10.116189003,7.67338752747,4.98012113571,3.67061924934,2.97332644463,1.95346689224,0.820679962635,0.496409416199,0.434759944677,0.479586333036,0.48506757617,0.274028152227,0.010902334936,0.000185573866474],"dvar":[0.0000843273301143,0.0400991663337,1.66923391819,52.5002822876,240.16998291,40.6865310669,74.5263290405,104.91783905,2284.93847656,963.698730469,3962.01074219,501.776519775,219.927612305,234.71774292,145.972824097,373.710845947,154.909866333,104.688362122,61.3017425537,72.8667907715,24.1043186188,140.402908325,128.220153809,433.43560791,189.912689209,192.336746216,330.819488525,183.975982666,88.2242660522,40.6889419556,29.3412647247,13.22631073,2.14491796494,0.748964965343,0.580291807652,0.789489746094,0.88448959589,0.286145329475,0.000476913002785,1.28208128558e-7],"dvar2":[0.000200049296836,0.109233371913,4.35273647308,137.062988281,614.972473145,100.377426147,188.156097412,235.26725769,4755.47167969,1909.20898438,7136.97949219,810.694091797,373.750701904,454.640228271,325.794952393,733.552124023,291.480926514,170.946166992,120.350212097,127.441345215,45.4633789062,298.120574951,238.959228516,830.301269531,373.977630615,485.330108643,905.501647949,501.313659668,242.337509155,106.645706177,78.2885742188,35.528553009,5.54371452332,1.91389906406,1.53341019154,2.11852169037,2.35117125511,0.767369627953,0.00128910888452,3.44730494817e-7],"max":[0.173515185714,2.70469331741,18.3531360626,119.119277954,248.984481812,112.623207092,134.045257568,145.107650757,1012.23883057,1232.8840332,3175.77148438,1232.20605469,1002.42565918,740.808166504,333.078186035,533.090759277,615.110229492,391.147155762,343.341888428,654.987121582,127.665008545,369.113464355,394.885955811,459.539337158,651.690612793,449.696472168,389.941864014,214.22328186,140.394104004,66.1128082275,64.9533615112,74.3879928589,27.5084552765,13.5861673355,9.23403549194,10.0258398056,15.111582756,7.23497915268,0.329999655485,0.00518945930526],"mean":[0.0134499967098,0.207418635488,1.24369883537,5.46706581116,9.61781406403,8.46283149719,9.50845909119,13.8384075165,41.3974151611,30.0867176056,44.0630912781,19.2018604279,8.9967250824,7.21642589569,6.55102777481,8.73509788513,6.83503246307,5.5802359581,3.72821426392,2.89395999908,3.88049578667,11.4579744339,14.3575210571,24.5672798157,9.78698825836,4.12278842926,4.69942951202,3.86239075661,2.36227226257,1.57463026047,1.23424077034,0.839997410774,0.396478772163,0.246492117643,0.191407218575,0.190358325839,0.180515184999,0.0974593907595,0.00382612249814,0.0000831936267787],"median":[0.00418443186209,0.0905359238386,0.706578731537,2.38988542557,3.79989910126,4.71339225769,4.61545944214,8.36693382263,10.0614643097,10.8192272186,10.8908119202,5.25967693329,1.54029178619,1.37833666801,0.608792960644,0.29989105463,0.314903140068,0.312079161406,0.281714767218,0.28901937604,0.547965764999,1.11000347137,1.75650262833,2.40551948547,1.27176046371,0.47045147419,0.452958583832,0.494647741318,0.275964140892,0.120997570455,0.0899168401957,0.0688877850771,0.0416583567858,0.0274854898453,0.0204427242279,0.0144716091454,0.00659451447427,0.00186738802586,0.0000729849562049,0.0000178852442332],"min":[1.33034118999e-21,2.79207666794e-21,3.840697731e-21,1.65700804151e-20,9.41772333879e-20,2.86548237187e-19,1.35591071193e-19,1.10502096433e-18,1.42836555559e-18,1.64367125986e-18,1.71645353779e-18,1.31244301698e-18,1.14161047155e-18,4.13482069693e-18,5.73500738218e-18,1.73341001656e-18,1.64870496408e-18,6.47770473005e-18,7.67030271796e-18,5.92474358955e-18,3.82694655448e-18,9.28299141098e-18,1.69590273178e-17,1.11824818204e-17,1.42994911015e-17,1.1405904131e-17,1.67129278506e-17,3.16395459336e-17,1.27275683506e-17,1.38660765847e-17,1.57802122268e-17,1.77077200707e-17,1.77574121188e-17,9.61439801468e-18,1.07570446333e-17,7.55308460771e-18,3.17605033138e-18,1.09428995025e-18,3.84188610843e-19,3.77827863351e-20],"var":[0.00063455151394,0.0850891768932,2.66244316101,69.1825408936,259.814666748,115.463287354,177.4168396,270.889801025,7849.6015625,4465.88183594,24368.1816406,2690.27197266,1219.43066406,938.644958496,395.437469482,1166.62854004,538.682678223,377.117950439,192.743499756,239.680206299,98.4315261841,635.963439941,875.438903809,2589.5637207,648.877441406,174.155944824,230.182495117,136.222900391,61.6055107117,29.370513916,20.2341747284,9.30611038208,1.65948224068,0.611418545246,0.412585139275,0.524548530579,0.593030631542,0.188313573599,0.000308516173391,8.51348644915e-8]},"erbbands_crest":{"dmean":2.60536623001,"dmean2":4.12833833694,"dvar":6.37205505371,"dvar2":15.3854227066,"max":28.099822998,"mean":10.6789770126,"median":9.77263069153,"min":2.22217655182,"var":19.9554958344},"erbbands_flatness_db":{"dmean":0.0308660771698,"dmean2":0.0432464145124,"dvar":0.000961049867328,"dvar2":0.00163352012169,"max":0.389114975929,"mean":0.183614462614,"median":0.187314376235,"min":0.0405310466886,"var":0.00390537106432},"erbbands_kurtosis":{"dmean":3.38794636726,"dmean2":5.22456264496,"dvar":35.8743057251,"dvar2":77.9039993286,"max":102.120079041,"mean":5.54214859009,"median":0.763730764389,"min":-1.90008223057,"var":115.169456482},"erbbands_skewness":{"dmean":0.641619563103,"dmean2":0.988702058792,"dvar":0.483241409063,"dvar2":1.08838796616,"max":7.19953918457,"mean":1.20579183102,"median":1.09783518314,"min":-2.82134008408,"var":1.39682483673},"erbbands_spread":{"dmean":13.8248910904,"dmean2":21.4689445496,"dvar":318.517181396,"dvar2":664.653747559,"max":138.037918091,"mean":36.2985343933,"median":33.0127792358,"min":1.20767462254,"var":625.130126953},"gfcc":{"cov":[[15494.21875,58.4769668579,-2571.85058594,572.38848877,255.951721191,-534.079833984,-163.413909912,-7.70297622681,-250.925827026,-180.191162109,-59.2272109985,-162.222579956,-741.30657959],[58.4769668579,1752.5682373,120.430297852,-360.27331543,-20.8584289551,-213.58883667,52.8442001343,227.460617065,11.2680473328,-166.278305054,153.423034668,122.069564819,-1.78723478317],[-2571.85058594,120.430297852,1760.0880127,-186.723526001,-437.939727783,160.385360718,67.6138763428,-94.1893005371,92.5801239014,111.000320435,-144.541732788,-10.1841945648,281.939910889],[572.38848877,-360.27331543,-186.723526001,428.622406006,147.462844849,7.9839425087,-85.5286636353,-28.7352676392,-8.16522789001,43.0956687927,-13.9192667007,-29.1189594269,-0.725127756596],[255.951721191,-20.8584289551,-437.939727783,147.462844849,425.355224609,-7.57978057861,-101.469459534,-14.8440694809,23.1890735626,-1.46658635139,50.8630523682,17.229927063,-68.4827957153],[-534.079833984,-213.58883667,160.385360718,7.9839425087,-7.57978057861,240.418182373,68.4349899292,-40.7923965454,24.1763858795,56.3020248413,-31.8537254333,-42.8876304626,34.5655975342],[-163.413909912,52.8442001343,67.6138763428,-85.5286636353,-101.469459534,68.4349899292,225.168212891,103.902030945,-19.4096755981,-38.2147712708,15.8453569412,32.4352912903,-0.639602661133],[-7.70297622681,227.460617065,-94.1893005371,-28.7352676392,-14.8440694809,-40.7923965454,103.902030945,196.354415894,12.2912826538,-58.6915054321,48.241153717,47.4662704468,-15.3122596741],[-250.925827026,11.2680473328,92.5801239014,-8.16522789001,23.1890735626,24.1763858795,-19.4096755981,12.2912826538,114.367828369,63.7371253967,-18.9681453705,-24.0306148529,33.3649253845],[-180.191162109,-166.278305054,111.000320435,43.0956687927,-1.46658635139,56.3020248413,-38.2147712708,-58.6915054321,63.7371253967,149.422363281,-7.36135864258,-44.1734008789,25.9976062775],[-59.2272109985,153.423034668,-144.541732788,-13.9192667007,50.8630523682,-31.8537254333,15.8453569412,48.241153717,-18.9681453705,-7.36135864258,120.187316895,66.2106781006,-33.4130325317],[-162.222579956,122.069564819,-10.1841945648,-29.1189594269,17.229927063,-42.8876304626,32.4352912903,47.4662704468,-24.0306148529,-44.1734008789,66.2106781006,120.436012268,14.362695694],[-741.30657959,-1.78723478317,281.939910889,-0.725127756596,-68.4827957153,34.5655975342,-0.639602661133,-15.3122596741,33.3649253845,25.9976062775,-33.4130325317,14.362695694,122.441833496]],"icov":[[0.000145400525071,-0.000153744505951,0.000201014845516,-0.000318106176564,0.000285282992991,0.0000975013463176,-0.0000905723572941,0.000247635907726,-0.0000703702971805,-0.000214148734813,0.000722249737009,-0.000382418918889,0.000882442749571],[-0.000153744505951,0.00131776905619,-0.000545780989341,0.00118462636601,-0.000730947183911,0.000653141236398,0.000387180654798,-0.00116463867016,-0.000190345890587,0.00136217835825,-0.00250813458115,0.00140539684799,-0.00147132319398],[0.000201014845516,-0.000545780989341,0.0016323874006,-0.000402521603974,0.00140377052594,-0.000475506909424,-0.000205792763154,0.00100036454387,-0.000457907241071,-0.000975798175205,0.00215575424954,-0.00142855534796,-0.000420915457653],[-0.000318106176564,0.00118462636601,-0.000402521603974,0.00459207221866,-0.0020932785701,0.000139351424878,0.00142308976501,-0.0024595418945,0.00227508624084,-0.000601645675488,-0.00167662347667,0.00197206181474,-0.00364592275582],[0.000285282992991,-0.000730947183911,0.00140377052594,-0.0020932785701,0.00546673452482,-0.00167432730086,0.00164004624821,0.00154881272465,-0.00309511297382,0.000603152962867,0.00125404878054,-0.00321240792982,0.00363865192048],[0.0000975013463176,0.000653141236398,-0.000475506909424,0.000139351424878,-0.00167432730086,0.0077382880263,-0.00450304569677,0.00205430877395,-0.000322009000229,-0.000736986694392,-0.00126710545737,0.00342529383488,-0.00169537379406],[-0.0000905723572941,0.000387180654798,-0.000205792763154,0.00142308976501,0.00164004624821,-0.00450304569677,0.0103929117322,-0.00624367687851,0.00226541468874,0.000147410377394,0.000613299489487,-0.00233768532053,0.00119453540538],[0.000247635907726,-0.00116463867016,0.00100036454387,-0.0024595418945,0.00154881272465,0.00205430877395,-0.00624367687851,0.0127329295501,-0.00656750891358,0.00371994473971,-0.00160958361812,-0.00108656915836,0.00169828662183],[-0.0000703702971805,-0.000190345890587,-0.000457907241071,0.00227508624084,-0.00309511297382,-0.000322009000229,0.00226541468874,-0.00656750891358,0.017984887585,-0.00880389194936,0.00372020341456,0.00171044247691,-0.00402760831639],[-0.000214148734813,0.00136217835825,-0.000975798175205,-0.000601645675488,0.000603152962867,-0.000736986694392,0.000147410377394,0.00371994473971,-0.00880389194936,0.0159927345812,-0.00919720344245,0.00567543506622,-0.00219412567094],[0.000722249737009,-0.00250813458115,0.00215575424954,-0.00167662347667,0.00125404878054,-0.00126710545737,0.000613299489487,-0.00160958361812,0.00372020341456,-0.00919720344245,0.0243444088846,-0.0140109732747,0.00944921094924],[-0.000382418918889,0.00140539684799,-0.00142855534796,0.00197206181474,-0.00321240792982,0.00342529383488,-0.00233768532053,-0.00108656915836,0.00171044247691,0.00567543506622,-0.0140109732747,0.020755155012,-0.00983464345336],[0.000882442749571,-0.00147132319398,-0.000420915457653,-0.00364592275582,0.00363865192048,-0.00169537379406,0.00119453540538,0.00169828662183,-0.00402760831639,-0.00219412567094,0.00944921094924,-0.00983464345336,0.0224638674408]],"mean":[-81.1564254761,97.218170166,-63.9658966064,21.0072231293,-69.1771392822,-21.7295608521,-37.1113853455,13.279917717,-28.9835548401,1.26226341724,-22.4323196411,2.03581666946,-25.4163150787]},"hfc":{"dmean":7.0781288147,"dmean2":11.4664564133,"dvar":311.545623779,"dvar2":814.732055664,"max":251.102371216,"mean":12.2911720276,"median":5.21893262863,"min":1.20522584294e-16,"var":380.020050049},"melbands":{"dmean":[0.0000778809699113,0.000322971784044,0.000821428897325,0.000384106300771,0.000173387452378,0.00014018692309,0.000299998704577,0.000146214690176,0.000137300332426,0.0000451296182291,0.0000179641720024,0.0000136624439619,0.0000121420680443,0.0000148460458149,0.00000955652467383,0.0000084651655925,0.00000633372974335,0.00000417001365349,0.00000366273002328,0.00000197438203031,0.0000027551632229,0.000005100839644,0.00000527184329258,0.0000059780927586,0.00000874548913998,0.00000497226938023,0.00000292104937216,0.00000284672273665,0.00000367736720364,0.00000329321596837,0.0000023716488613,0.00000180094184543,0.00000113779640287,0.00000119801029541,0.00000100837473838,8.63759169079e-7,6.15215924427e-7,3.54982120143e-7,2.61763830167e-7,2.39102320165e-7],"dmean2":[0.000126161918161,0.000533862388693,0.00132194289472,0.000608805334195,0.000269725074759,0.000212319500861,0.000435697787907,0.000210593643715,0.000195513159269,0.0000629255955573,0.0000243475587922,0.0000196648634301,0.0000174971773959,0.0000212019604078,0.0000132313316499,0.0000113809319373,0.00000899350379768,0.00000615709132035,0.00000569269423067,0.00000300541159959,0.00000405069795306,0.00000736655738365,0.00000771683608036,0.00000876925514603,0.0000125570368255,0.00000732675061954,0.0000047781441026,0.00000488564774059,0.0000064123919401,0.00000575785270485,0.00000412042982134,0.00000316923501487,0.00000197230679078,0.00000209791619454,0.00000177270180757,0.00000152089614858,0.00000105753508706,5.96753864102e-7,4.36123713143e-7,4.05780639312e-7],"dvar":[1.85715691714e-8,2.52276493029e-7,0.00000252243034993,4.86174542402e-7,8.38895957145e-8,5.24743697383e-8,5.37042296855e-7,1.15464558803e-7,2.25686363819e-7,1.73198522191e-8,5.10489073235e-9,3.79145514984e-9,2.51850584831e-9,3.74541775372e-9,9.48959022473e-10,8.45822967221e-10,4.34128955007e-10,1.72819786259e-10,6.01201866068e-10,3.14038968441e-11,4.85368203962e-11,1.5201538639e-10,1.81362730389e-10,1.64644492484e-10,3.73943098708e-10,1.79955356172e-10,7.48337780632e-11,9.14284967179e-11,1.37795108657e-10,9.83288728218e-11,5.63899239803e-11,3.87279930347e-11,1.32036161518e-11,1.33696092391e-11,1.06972009375e-11,8.90825174044e-12,3.91370529734e-12,1.19783252327e-12,6.22359097851e-13,4.99535200531e-13],"dvar2":[4.97602954397e-8,6.61062472318e-7,0.00000641720907879,0.00000122338269648,2.20420915298e-7,1.16398382488e-7,0.00000109596874154,2.26529280667e-7,4.07204254316e-7,2.7730537866e-8,8.78836114993e-9,7.19836901197e-9,5.71642422287e-9,7.70185959453e-9,1.70108627184e-9,1.55173884853e-9,7.27873206152e-10,3.54746704234e-10,1.06020281443e-9,6.02778452152e-11,9.44182718121e-11,3.09315517644e-10,3.7995248614e-10,3.25651339228e-10,7.37869265688e-10,3.32496030708e-10,1.86004434077e-10,2.27935059716e-10,3.78046094429e-10,2.67329103298e-10,1.55027657378e-10,1.07742467725e-10,3.52775586521e-11,3.51331741477e-11,2.8601806687e-11,2.42977461068e-11,1.04869975551e-11,3.12824896195e-12,1.60410302662e-12,1.27604600064e-12],"max":[0.00218606204726,0.00744993751869,0.0234100911766,0.0132165988907,0.00450629089028,0.00359629513696,0.0200720522553,0.0110517311841,0.0225763097405,0.00694558164105,0.00482538808137,0.00292101083323,0.00165837490931,0.00210020458326,0.00101880717557,0.0014229362132,0.000847941788379,0.000382974685635,0.00197193888016,0.00021093187388,0.00019435097056,0.000355328171281,0.000453818647657,0.000427304388722,0.000424301077146,0.000562812259886,0.000237788262893,0.00030593512929,0.00026699344744,0.000159502917086,0.000116484654427,0.00010297656263,0.000050980164815,0.0000391218272853,0.0000441267075075,0.0000735238136258,0.000046294520871,0.0000238165503106,0.000012438675185,0.0000119854221339],"mean":[0.000165668388945,0.000519734050613,0.00112730916589,0.00063841487281,0.000352536793798,0.000300978455925,0.000636940996628,0.000327778165229,0.000332220981363,0.000105419137981,0.0000407934348914,0.0000275323454844,0.0000218284494622,0.0000248542819463,0.0000167951311596,0.0000140353331517,0.00000990200442175,0.00000574107707507,0.00000518703564012,0.00000307088248519,0.00000474898661196,0.0000109655084088,0.0000130962034746,0.000014681317225,0.0000214955707634,0.0000100584184111,0.00000348993921762,0.00000244390025728,0.00000293187281386,0.00000264969344244,0.00000212706208913,0.00000149119148318,8.70315375323e-7,8.70734936598e-7,7.31613454263e-7,6.20305229404e-7,4.64098036446e-7,2.837215618e-7,2.17843094674e-7,2.01054234594e-7],"median":[0.000063231025706,0.00030870505725,0.0005344771198,0.000305028399453,0.00019819996669,0.000174703862285,0.000159722083481,0.000116709663416,0.0000769688558648,0.0000274827543763,0.00000629380110695,0.0000053630419643,0.00000242997975874,7.95723735791e-7,6.22746711088e-7,6.45473278382e-7,5.23006292497e-7,4.02268369726e-7,3.57308294952e-7,3.37036595965e-7,5.90997956351e-7,9.66701691141e-7,0.00000120537583825,0.00000179308790393,0.00000189700699593,9.48163346948e-7,3.69345116269e-7,1.95479600507e-7,2.46423383032e-7,2.65670792032e-7,2.78063794212e-7,1.65577318967e-7,7.77614843628e-8,5.48270477907e-8,5.11590627639e-8,4.42151204538e-8,3.84063234549e-8,2.82700440835e-8,2.42446827059e-8,2.18723599232e-8],"min":[1.16567498941e-23,2.66267771213e-24,3.5464689554e-24,1.67277102982e-23,5.58094241325e-24,2.38424894009e-23,2.01236760314e-23,1.96010304381e-23,1.27889940628e-23,8.41719082378e-24,5.55416768527e-24,1.50633668272e-23,2.58120478893e-23,6.66376523506e-24,1.89290605753e-24,5.41223977551e-24,1.2382875847e-23,1.36119100933e-23,6.52227948183e-24,7.88507574422e-24,3.78600341382e-24,8.48482460235e-24,1.55380039235e-23,1.44513574929e-23,8.26210550298e-24,9.02470759525e-24,1.06526230474e-23,6.62910978663e-24,9.13134581242e-24,1.31656435906e-23,1.98392049004e-23,6.89826045002e-24,5.56901601966e-24,8.58286660223e-24,9.71560380895e-24,8.16533278029e-24,1.1200651818e-23,1.36238424033e-23,8.70988425203e-24,7.96552614591e-24],"var":[7.51367039697e-8,4.15586356439e-7,0.00000293468542623,8.03534874194e-7,1.93746302557e-7,1.40291675166e-7,0.00000203127774512,5.04482159158e-7,0.00000133907451527,9.13323603413e-8,2.82381780181e-8,1.50985020042e-8,5.17616705054e-9,9.70740909878e-9,3.32380523105e-9,2.56092480555e-9,1.35611988306e-9,4.21917112359e-10,1.68521430144e-9,1.2201561983e-10,1.60943786076e-10,6.340371006e-10,9.72615210593e-10,8.72236949334e-10,2.05582817436e-9,8.02169053404e-10,1.01529000485e-10,7.93532461962e-11,9.50260495292e-11,7.00601104908e-11,4.19983423039e-11,2.6368046635e-11,9.37815883978e-12,9.49092280461e-12,7.31055060238e-12,5.91037331923e-12,2.80179438678e-12,9.00401986043e-13,4.90881857731e-13,4.15438110345e-13]},"melbands_crest":{"dmean":3.34575772285,"dmean2":5.40608358383,"dvar":8.82938861847,"dvar2":22.2301177979,"max":39.6552124023,"mean":13.9690675735,"median":13.0051488876,"min":2.42854332924,"var":24.8759117126},"melbands_flatness_db":{"dmean":0.0424242839217,"dmean2":0.0599424242973,"dvar":0.00184734561481,"dvar2":0.00334729487076,"max":0.49482151866,"mean":0.280926257372,"median":0.277136981487,"min":0.0105671603233,"var":0.0077410293743},"melbands_kurtosis":{"dmean":10.0812158585,"dmean2":16.0996780396,"dvar":269.863372803,"dvar2":671.34161377,"max":473.5206604,"mean":17.6294765472,"median":11.4770927429,"min":-1.75021576881,"var":540.052246094},"melbands_skewness":{"dmean":0.913098692894,"dmean2":1.3961596489,"dvar":1.09135627747,"dvar2":2.453125,"max":20.5027351379,"mean":2.66445803642,"median":2.46179866791,"min":-1.68838691711,"var":2.97901058197},"melbands_spread":{"dmean":5.9341878891,"dmean2":9.42747879028,"dvar":108.972846985,"dvar2":259.904846191,"max":172.475234985,"mean":13.8951225281,"median":8.91451454163,"min":1.14283406734,"var":230.9400177},"mfcc":{"cov":[[11041.953125,-927.797668457,-2695.68774414,586.057312012,107.596504211,-36.8919143677,6.50506258011,189.414901733,-506.592224121,-157.595001221,461.535705566,102.593429565,-359.18762207],[-927.797668457,1960.08508301,276.005065918,-120.598968506,-77.6471710205,-377.227661133,-5.6320066452,222.072799683,-21.2122039795,-224.08404541,151.063674927,44.3158454895,8.80164337158],[-2695.68774414,276.005065918,1756.02062988,-158.319229126,-258.134796143,90.8594055176,-34.3377304077,-184.696502686,260.520599365,175.566604614,-337.270385742,-69.4730529785,150.468566895],[586.057312012,-120.598968506,-158.319229126,320.137054443,132.681747437,-36.738407135,-24.6683349609,-2.78810858727,-33.3913040161,-35.8695106506,22.412651062,-8.39028453827,-24.8302021027],[107.596504211,-77.6471710205,-258.134796143,132.681747437,369.555725098,105.007537842,-85.2525482178,-68.4418792725,-30.3162479401,7.30877733231,25.0060272217,-9.87208652496,-24.2633113861],[-36.8919143677,-377.227661133,90.8594055176,-36.738407135,105.007537842,287.361602783,-3.41302347183,-140.312744141,41.7031974792,100.306243896,-69.2997970581,-8.43434143066,14.7848720551],[6.50506258011,-5.6320066452,-34.3377304077,-24.6683349609,-85.2525482178,-3.41302347183,163.774337769,111.765625,-21.0001182556,-26.9909572601,41.3397293091,26.0656433105,2.219851017],[189.414901733,222.072799683,-184.696502686,-2.78810858727,-68.4418792725,-140.312744141,111.765625,262.977294922,-19.6647453308,-103.460601807,89.2882232666,24.1698150635,-19.4271335602],[-506.592224121,-21.2122039795,260.520599365,-33.3913040161,-30.3162479401,41.7031974792,-21.0001182556,-19.6647453308,158.789855957,94.9236297607,-74.9490890503,-21.597782135,23.3711547852],[-157.595001221,-224.08404541,175.566604614,-35.8695106506,7.30877733231,100.306243896,-26.9909572601,-103.460601807,94.9236297607,210.753540039,-46.4852981567,-34.5126533508,12.2359771729],[461.535705566,151.063674927,-337.270385742,22.412651062,25.0060272217,-69.2997970581,41.3397293091,89.2882232666,-74.9490890503,-46.4852981567,191.727722168,58.6663780212,-34.9309921265],[102.593429565,44.3158454895,-69.4730529785,-8.39028453827,-9.87208652496,-8.43434143066,26.0656433105,24.1698150635,-21.597782135,-34.5126533508,58.6663780212,95.3076095581,27.7738819122],[-359.18762207,8.80164337158,150.468566895,-24.8302021027,-24.2633113861,14.7848720551,2.219851017,-19.4271335602,23.3711547852,12.2359771729,-34.9309921265,27.7738819122,89.0431747437]],"icov":[[0.000228718825383,-0.0000860413783812,0.000377894553822,-0.000546829134692,0.000642709084786,-0.000556715356652,0.000540809647646,-0.000393952592276,0.000620526901912,-0.000505793606862,0.000364948180504,-0.00041917708586,0.00048874161439],[-0.0000860413783812,0.00114128482528,-0.000723455101252,0.0010170082096,-0.0010456716409,0.00160727894399,-0.000179307244252,0.000245903938776,-0.000848938245326,0.00141699041706,-0.00163801712915,0.000540969369467,-0.000230674806517],[0.000377894553822,-0.000723455101252,0.00213910383172,-0.00120743818115,0.00198989198543,-0.00132877170108,0.000418940617237,0.0000909033915377,0.000132114670123,-0.00140188308433,0.00256838882342,-0.000663786951918,-0.000210740865441],[-0.000546829134692,0.0010170082096,-0.00120743818115,0.00604974851012,-0.00409492943436,0.00401335535571,-0.00242042471655,0.00205843755975,-0.00225168373436,0.00258006341755,-0.00158977461979,0.00144249957521,-0.000688878819346],[0.000642709084786,-0.0010456716409,0.00198989198543,-0.00409492943436,0.00780181773007,-0.00585011160001,0.00511890556663,-0.00235374225304,0.0027464395389,-0.00213784887455,0.00101931765676,-0.000647096021567,0.000822223781142],[-0.000556715356652,0.00160727894399,-0.00132877170108,0.00401335535571,-0.00585011160001,0.0113105196506,-0.00656929751858,0.00593197671697,-0.00388709246181,0.00166035373695,-0.00044094552868,0.0000467550453322,-0.00044962571701],[0.000540809647646,-0.000179307244252,0.000418940617237,-0.00242042471655,0.00511890556663,-0.00656929751858,0.015082324855,-0.00907314568758,0.00547513458878,-0.00300075532869,0.000045606171625,-0.00235168240033,0.000673165079206],[-0.000393952592276,0.000245903938776,0.0000909033915377,0.00205843755975,-0.00235374225304,0.00593197671697,-0.00907314568758,0.0128103699535,-0.00688351411372,0.00551505805925,-0.00324494950473,0.00276343524456,-0.000884338631295],[0.000620526901912,-0.000848938245326,0.000132114670123,-0.00225168373436,0.0027464395389,-0.00388709246181,0.00547513458878,-0.00688351411372,0.0157675147057,-0.00843486376107,0.00545253930613,-0.00353504391387,0.00175357621629],[-0.000505793606862,0.00141699041706,-0.00140188308433,0.00258006341755,-0.00213784887455,0.00166035373695,-0.00300075532869,0.00551505805925,-0.00843486376107,0.0125791961327,-0.00603698333725,0.00545584550127,-0.00225681858137],[0.000364948180504,-0.00163801712915,0.00256838882342,-0.00158977461979,0.00101931765676,-0.00044094552868,0.000045606171625,-0.00324494950473,0.00545253930613,-0.00603698333725,0.0159638095647,-0.00926899164915,0.00504451664165],[-0.00041917708586,0.000540969369467,-0.000663786951918,0.00144249957521,-0.000647096021567,0.0000467550453322,-0.00235168240033,0.00276343524456,-0.00353504391387,0.00545584550127,-0.00926899164915,0.0198299996555,-0.00938628520817],[0.00048874161439,-0.000230674806517,-0.000210740865441,-0.000688878819346,0.000822223781142,-0.00044962571701,0.000673165079206,-0.000884338631295,0.00175357621629,-0.00225681858137,0.00504451664165,-0.00938628520817,0.0182343348861]],"mean":[-742.381835938,143.137969971,38.9040794373,40.4901580811,-9.78880596161,-20.6458415985,-8.69239807129,0.300044417381,-5.79900884628,-5.73930311203,4.51300954819,1.20052993298,-8.75981330872]},"pitch_salience":{"dmean":0.0713922232389,"dmean2":0.114881791174,"dvar":0.00405560713261,"dvar2":0.0101608848199,"max":0.906152009964,"mean":0.634028255939,"median":0.646427214146,"min":0.0182468518615,"var":0.0137164741755},"silence_rate_20dB":{"dmean":0,"dmean2":0,"dvar":0,"dvar2":0,"max":1,"mean":1,"median":1,"min":1,"var":0},"silence_rate_30dB":{"dmean":0.00197656359524,"dmean2":0.00395368551835,"dvar":0.00197259243578,"dvar2":0.00450263451785,"max":1,"mean":0.99618858099,"median":1,"min":0,"var":0.0037973492872},"silence_rate_60dB":{"dmean":0.0640971362591,"dmean2":0.128212362528,"dvar":0.059992659837,"dvar2":0.127582907677,"max":1,"mean":0.135798990726,"median":0,"min":0,"var":0.117352418602},"spectral_centroid":{"dmean":311.749603271,"dmean2":485.511932373,"dvar":202860.3125,"dvar2":443064.59375,"max":11251.7509766,"mean":945.769104004,"median":711.777893066,"min":218.407043457,"var":484865.8125},"spectral_complexity":{"dmean":2.50600028038,"dmean2":4.02852296829,"dvar":15.0587596893,"dvar2":36.7086639404,"max":43,"mean":10.7954549789,"median":8,"min":0,"var":46.1023521423},"spectral_contrast_coeffs":{"dmean":[0.0525289140642,0.0439737476408,0.0367411524057,0.0297699645162,0.034052181989,0.0261623598635],"dmean2":[0.0860384330153,0.0696870312095,0.0573332421482,0.0469046719372,0.0505753308535,0.0387750528753],"dvar":[0.00190555583686,0.00150858634152,0.000902683997992,0.000665837200359,0.00105092045851,0.000538860680535],"dvar2":[0.00480921659619,0.00353285484016,0.0020761298947,0.00148205528967,0.00209227693267,0.001173546887],"max":[-0.310796976089,-0.379994213581,-0.497381716967,-0.548399865627,-0.492789953947,-0.584597885609],"mean":[-0.584984660149,-0.669597625732,-0.747092962265,-0.822823226452,-0.779801130295,-0.789298415184],"median":[-0.580959260464,-0.67273747921,-0.74934220314,-0.841789841652,-0.803160905838,-0.791832923889],"min":[-0.976440727711,-0.977299332619,-0.962965846062,-0.95214676857,-0.957903027534,-0.961417078972],"var":[0.00803845375776,0.00714325904846,0.00475615635514,0.00425943639129,0.00820270832628,0.00296724401414]},"spectral_contrast_valleys":{"dmean":[0.420792013407,0.357856273651,0.391430646181,0.538774967194,0.546114683151,0.538350939751],"dmean2":[0.675580322742,0.564950942993,0.575246334076,0.74232429266,0.727505683899,0.70257806778],"dvar":[0.141942679882,0.121888838708,0.137696042657,0.268384486437,0.272955536842,0.281275391579],"dvar2":[0.330565482378,0.257654190063,0.244413867593,0.437766879797,0.45225584507,0.490109980106],"max":[-6.0166258812,-4.96600532532,-6.12461280823,-6.59746837616,-5.85892486572,-7.84279632568],"mean":[-7.91937208176,-7.19671583176,-8.63640213013,-9.32508659363,-8.72656822205,-10.9882125854],"median":[-7.75198841095,-7.06180953979,-8.50743675232,-9.09304237366,-8.53027915955,-11.1384181976],"min":[-26.7339725494,-26.6942520142,-27.4907207489,-27.513338089,-27.3439311981,-27.2211151123],"var":[1.54053378105,1.62682795525,1.60550582409,1.87447464466,1.93321037292,1.32316029072]},"spectral_decrease":{"dmean":1.3962883072e-9,"dmean2":2.04164907203e-9,"dvar":4.21578017221e-18,"dvar2":9.11243917639e-18,"max":1.55740640926e-29,"mean":-4.12328526878e-9,"median":-2.78065437342e-9,"min":-4.08251352724e-8,"var":1.82035387473e-17},"spectral_energy":{"dmean":0.00572348851711,"dmean2":0.00838669762015,"dvar":0.0000719905001461,"dvar2":0.000157256698003,"max":0.164993450046,"mean":0.0166770964861,"median":0.0111536644399,"min":1.08729628034e-20,"var":0.000301494001178},"spectral_energyband_high":{"dmean":0.000572679156903,"dmean2":0.000995159498416,"dvar":0.00000305243247567,"dvar2":0.00000809565790405,"max":0.0258113816381,"mean":0.000445719662821,"median":0.0000438499846496,"min":7.93501517704e-21,"var":0.0000021646173991},"spectral_energyband_low":{"dmean":0.00174333830364,"dmean2":0.0028270680923,"dvar":0.00000671547149977,"dvar2":0.0000174992674147,"max":0.0384667664766,"mean":0.00321480981074,"median":0.00191176054068,"min":5.29461035935e-23,"var":0.0000129061718326},"spectral_energyband_middle_high":{"dmean":0.00058536924189,"dmean2":0.000798738794401,"dvar":0.00000135279162805,"dvar2":0.00000233124615079,"max":0.0375041663647,"mean":0.00176719389856,"median":0.000330606068019,"min":1.50879217953e-21,"var":0.0000117416257126},"spectral_energyband_middle_low":{"dmean":0.00475642504171,"dmean2":0.00710711907595,"dvar":0.0000539255452168,"dvar2":0.000120419790619,"max":0.126023888588,"mean":0.0123882312328,"median":0.00792426802218,"min":4.1243647414e-22,"var":0.000191469152924},"spectral_entropy":{"dmean":0.367078602314,"dmean2":0.518601834774,"dvar":0.157042652369,"dvar2":0.265718519688,"max":9.79497241974,"mean":6.93745756149,"median":6.96102714539,"min":4.71482992172,"var":0.5740442276},"spectral_flux":{"dmean":0.0197751261294,"dmean2":0.0316742435098,"dvar":0.000521573005244,"dvar2":0.00115784339141,"max":0.271218210459,"mean":0.0570431761444,"median":0.0495055317879,"min":1.04273499557e-10,"var":0.00149410835002},"spectral_kurtosis":{"dmean":3.11992239952,"dmean2":4.66319799423,"dvar":12.238617897,"dvar2":23.5300388336,"max":59.486289978,"mean":8.31337070465,"median":6.44754838943,"min":-1.19548082352,"var":45.9489440918},"spectral_rms":{"dmean":0.000650529575069,"dmean2":0.000921568076592,"dvar":5.87910847116e-7,"dvar2":0.000001145124088,"max":0.0126873645931,"mean":0.00357170938514,"median":0.00329873058945,"min":3.25695698709e-12,"var":0.00000351326298187},"spectral_rolloff":{"dmean":724.661499023,"dmean2":1294.91772461,"dvar":3416859.25,"dvar2":8715937,"max":19164.5507812,"mean":1134.4173584,"median":538.330078125,"min":21.533203125,"var":3077894.5},"spectral_skewness":{"dmean":0.455956757069,"dmean2":0.652142167091,"dvar":0.23020555079,"dvar2":0.408158987761,"max":6.76586961746,"mean":2.13142681122,"median":1.81701755524,"min":-0.0237559471279,"var":1.01447451115},"spectral_spread":{"dmean":862479.9375,"dmean2":1243097.875,"dvar":988661612544,"dvar2":1705356034050,"max":40729144,"mean":4689406.5,"median":4173596.5,"min":1734639,"var":3477420900350},"spectral_strongpeak":{"dmean":0.331738620996,"dmean2":0.529558598995,"dvar":0.203086361289,"dvar2":0.4603497684,"max":7.49895143509,"mean":0.757575929165,"median":0.466140091419,"min":0,"var":0.759655833244},"zerocrossingrate":{"dmean":0.0143826855347,"dmean2":0.0188670847565,"dvar":0.000397696305299,"dvar2":0.00057391676819,"max":0.51220703125,"mean":0.0464960373938,"median":0.035888671875,"min":0,"var":0.00123835972045}},"metadata":{"audio_properties":{"analysis_sample_rate":44100,"bit_rate":160000,"codec":"mp3","downmix":"mix","equal_loudness":0,"length":164.466934204,"lossless":false,"md5_encoded":"c7900a6cb4c6a623d62e5514996918cd","replay_gain":-7.08877944946,"sample_rate":44100},"tags":{"album":["Give My Love to Rose"],"albumartist":["Johnny Cash & June Carter Cash"],"albumartistsort":["Cash, Johnny & Cash, June Carter"],"artist":["Johnny Cash"],"artistsort":["Cash, Johnny"],"catalognumber":["KH-31256"],"composer":["Johnny Cash"],"date":["1972"],"file_name":"08 - Johnny Cash - Give My Love to Rose.mp3","label":["Harmony"],"language":["eng"],"lyricist":["Johnny Cash"],"media":["12\" Vinyl"],"musicbrainz album release country":["US"],"musicbrainz album status":["official"],"musicbrainz album type":["album","compilation"],"musicbrainz_albumartistid":["d43d12a1-2dc9-4257-a2fd-0a3bb1081b86","4ee75011-678b-46e0-b8e1-8ef47e5b7379"],"musicbrainz_albumid":["9c716959-7ebe-41cd-9d04-cf7a9216646b"],"musicbrainz_artistid":["d43d12a1-2dc9-4257-a2fd-0a3bb1081b86"],"musicbrainz_recordingid":["595a31b6-b5b3-4092-b94c-55707452a895"],"musicbrainz_releasegroupid":["6ff2031a-ad4e-44f4-aca0-44efb35252bd"],"musicbrainz_workid":["d0f2c6b0-1fbf-3fdd-9057-9e8774d51641"],"originaldate":["1972"],"script":["Latn"],"title":["Give My Love to Rose"],"tracknumber":["8/10"],"work":["Give My Love to Rose"]},"version":{"essentia":"2.1-beta2","essentia_build_sha":"70f2e5ece6736b2c40cc944ad0e695b16b925413","essentia_git_sha":"v2.1_beta2","extractor":"music 1.0"}},"rhythm":{"beats_count":430,"beats_loudness":{"dmean":0.0140044558793,"dmean2":0.0240507554263,"dvar":0.000170431347215,"dvar2":0.000460269977339,"max":0.122259274125,"mean":0.027272041887,"median":0.0233144126832,"min":2.9475560881e-10,"var":0.000324946886394},"beats_loudness_band_ratio":{"dmean":[0.222204938531,0.132238060236,0.134140342474,0.0257819164544,0.02542383