{"lowlevel":{"average_loudness":0.869543015957,"barkbands":{"dmean":[0.0000197458630282,0.00221550511196,0.000921551720239,0.000410440086853,0.000966365449131,0.00113731541205,0.000476135406643,0.00049919571029,0.000766247743741,0.000317081081448,0.000375387113309,0.000437113922089,0.000347127381247,0.000528950593434,0.000429667416029,0.000312460790155,0.000267070281552,0.000284290465061,0.000190109145478,0.0000735330977477,0.0000561899287277,0.0000334698743245,0.0000464341319457,0.0000429110623372,0.0000339719663316,0.00000445007890448,1.27325364474e-7],"dmean2":[0.000033408337913,0.00349591393024,0.00143432617188,0.000672228226904,0.00157407671213,0.00161969067995,0.000734537141398,0.000743068405427,0.00113672378939,0.000489799014758,0.000561459222808,0.000683932739776,0.000553003570531,0.000839252606966,0.000681737670675,0.000492919003591,0.000424082216341,0.000451647472801,0.000296214799164,0.000115173599625,0.0000889258808456,0.0000522519767401,0.000069437752245,0.0000642867598799,0.000050094047765,0.00000656813244859,1.94418319666e-7],"dvar":[1.41849909596e-9,0.0000163215208886,0.00000361836646334,4.62090554265e-7,0.00000219106709665,0.00000449388426205,0.00000125867302359,0.00000243750378104,0.00000372724275621,8.44398982736e-7,0.00000117161596336,8.57709324009e-7,0.00000128907277031,0.00000244075658884,9.18433897823e-7,5.74970044909e-7,3.91581153281e-7,3.93930065457e-7,2.97614917599e-7,2.18727365109e-8,1.57103610121e-8,5.74398306696e-9,1.659805271e-8,1.56271582341e-8,1.68368394782e-8,2.54639781483e-10,8.28936393268e-14],"dvar2":[4.20402468393e-9,0.0000350368281943,0.00000698049598213,0.0000011957984043,0.00000560789339943,0.00000831491615827,0.00000276846071756,0.00000527345082446,0.00000869006271387,0.00000203552122002,0.00000232864044847,0.00000197846338779,0.00000331088017447,0.00000601734473094,0.00000206195568353,0.00000142669614434,9.79687456493e-7,0.00000101193154478,7.37200082312e-7,5.4191957588e-8,3.77891637982e-8,1.40401432702e-8,3.68274761797e-8,3.39011627659e-8,3.89306009652e-8,5.80294645669e-10,1.83459001571e-13],"max":[0.000991649110802,0.0927304774523,0.0662067234516,0.0286198221147,0.029625672847,0.0677790790796,0.0451956801116,0.0512001179159,0.0541083216667,0.0174564365298,0.0344753190875,0.0254633799195,0.0312054026872,0.0569846779108,0.0221760980785,0.0199494678527,0.0192662421614,0.0156461782753,0.0217189416289,0.00354544469155,0.00292391586117,0.001533994684,0.00385265098885,0.00340454583056,0.00428017089143,0.000442995835328,0.00000518214937983],"mean":[0.000028418346119,0.00541647709906,0.00250743585639,0.000758260837756,0.00176800147165,0.00361900776625,0.0010873520514,0.000821516208816,0.00133290619124,0.00050358241424,0.000826105591841,0.000942730112001,0.000647134031169,0.00114934938028,0.000799045432359,0.0005522192223,0.000546766619664,0.000596442434471,0.000370763795217,0.00016730724019,0.000123562203953,0.0000710599924787,0.0000902514802874,0.0000770672340877,0.0000528742384631,0.00000626424798611,3.81516713333e-7],"median":[0.00000764700234868,0.0027455962263,0.00121067999862,0.000449729006505,0.0009932636749,0.000962489459198,0.000266149989329,0.000157784321345,0.000310206058202,0.0000583065630053,0.000153917993885,0.000432892353274,0.000189423401025,0.000290751864668,0.000275509024505,0.000184468153748,0.000197872970602,0.000238681575865,0.000165496880072,0.0000909153313842,0.0000646524786134,0.0000367935754184,0.0000385505118174,0.0000312088304781,0.0000132720733745,0.00000139359099194,2.85825819901e-7],"min":[5.10079044974e-12,1.14990308941e-10,9.77829969773e-12,2.02480636424e-11,3.08503895173e-12,1.93478653238e-12,1.62487970128e-12,6.9071977955e-13,2.10433905544e-12,2.88994587809e-12,8.10560993325e-12,3.27180556953e-12,3.43896243947e-12,3.49670184301e-12,2.16894492817e-12,2.17509994391e-12,7.25157650941e-12,6.41782677349e-12,1.28013441861e-12,3.42837195265e-12,5.38683897836e-12,6.03139109837e-12,9.98467107605e-12,1.78881527646e-11,1.05331828329e-11,1.87101341365e-11,8.07230338129e-10],"var":[2.13850914754e-9,0.0000596051540924,0.0000167521648109,0.00000130659930164,0.00000518576052855,0.0000398405609303,0.00000604290426054,0.00000652728522255,0.00000881973664946,0.00000195113557311,0.00000501082331539,0.00000254155270341,0.00000258050386037,0.00000781251856097,0.00000264151412921,0.00000124221719489,0.00000107317680431,0.00000110064888759,5.66492644793e-7,5.24709093952e-8,3.33207630376e-8,1.0201191003e-8,3.30259446457e-8,2.41678836943e-8,2.25514149577e-8,3.28996108134e-10,1.61329405239e-13]},"barkbands_crest":{"dmean":2.12602257729,"dmean2":3.32158899307,"dvar":4.44712257385,"dvar2":10.1485366821,"max":25.7385063171,"mean":10.5656471252,"median":9.50936222076,"min":2.31433844566,"var":22.2024173737},"barkbands_flatness_db":{"dmean":0.0164758767933,"dmean2":0.0242152102292,"dvar":0.000343847874319,"dvar2":0.000636440585367,"max":0.497161716223,"mean":0.141233503819,"median":0.132379263639,"min":0.0289651192725,"var":0.00354218389839},"barkbands_kurtosis":{"dmean":2.75131034851,"dmean2":4.1974158287,"dvar":101.340805054,"dvar2":195.816574097,"max":512.989929199,"mean":5.80354642868,"median":0.770531892776,"min":-1.92224097252,"var":528.159240723},"barkbands_skewness":{"dmean":0.433444142342,"dmean2":0.643157422543,"dvar":0.31188967824,"dvar2":0.579436302185,"max":18.7301597595,"mean":1.34755766392,"median":1.05513620377,"min":-2.02653050423,"var":2.90347504616},"barkbands_spread":{"dmean":4.58268642426,"dmean2":6.98369979858,"dvar":30.7011947632,"dvar2":68.6827774048,"max":145.963241577,"mean":24.3756999969,"median":22.4117507935,"min":0.219292804599,"var":290.059539795},"dissonance":{"dmean":0.0142572904006,"dmean2":0.023860277608,"dvar":0.00023169250926,"dvar2":0.0006262967363,"max":0.499953329563,"mean":0.468408405781,"median":0.475078672171,"min":0.185925409198,"var":0.000630285474472},"dynamic_complexity":4.40286636353,"erbbands":{"dmean":[0.0381962694228,0.582146704197,1.20293140411,0.997524142265,2.80878996849,3.17955589294,6.1242609024,10.1476926804,5.81680297852,9.80597019196,12.9628334045,15.5608844757,11.054772377,13.691151619,11.0281505585,16.5653381348,14.0389442444,21.6073436737,21.2226543427,21.8365764618,16.2961368561,14.8746089935,14.5385465622,11.5537805557,7.87709712982,3.59197473526,2.84422802925,2.01290512085,1.1542942524,1.21193444729,1.41817975044,0.901225149632,0.72063344717,0.532382726669,0.150895163417,0.0262207034975,0.0106383692473,0.000624457083177,0.0000279923006019,0.00000710948870619],"dmean2":[0.0614050962031,0.917371332645,1.87312924862,1.57360088825,4.68840265274,5.2304649353,9.26870918274,14.2121210098,8.14526557922,15.5682659149,18.8851566315,23.127407074,16.6879997253,20.545419693,16.8948841095,25.8545093536,22.2909412384,33.9184112549,33.6230010986,34.6408576965,25.4700374603,23.5273017883,23.0748004913,18.0666332245,12.1365337372,5.59430408478,4.46513843536,3.23407793045,1.81698298454,1.83209145069,2.14030790329,1.37181401253,1.08610415459,0.780268490314,0.222730875015,0.0382265672088,0.0161676295102,0.000907189329155,0.0000410461543652,0.0000104192258732],"dvar":[0.00437036249787,1.17287218571,5.60478162766,2.91830301285,23.6315917969,24.6646461487,142.497253418,497.773895264,170.924423218,530.470703125,1776.89953613,1601.84338379,910.115234375,1150.30664062,754.18182373,1404.59680176,1926.34204102,5521.27392578,2685.38964844,2302.45898438,1749.33666992,1376.21765137,1131.31994629,514.157958984,1021.86383057,56.2714042664,42.0925636292,20.2168254852,7.07153463364,8.38856983185,17.631187439,5.38430643082,5.87799549103,4.31751155853,0.200639292598,0.00644781533629,0.00244257692248,0.00000551495213585,5.56563684029e-9,9.34443911138e-11],"dvar2":[0.0105328010395,2.48096203804,11.4020547867,6.60626268387,63.7729873657,65.245223999,333.256072998,871.472106934,329.412994385,1272.04223633,3797.98071289,3742.36523438,2300.30175781,2347.56860352,1628.65405273,3323.83862305,5010.02490234,13172.3779297,6695.55859375,5099.91552734,4498.34765625,3489.8293457,2920.44848633,1290.81005859,2498.96435547,139.405563354,105.403358459,50.4836196899,17.551202774,18.7861824036,39.7497558594,11.735742569,13.5001773834,9.89907741547,0.418513834476,0.0142884552479,0.00587544124573,0.0000123763838928,1.1593819238e-8,1.91370475022e-10],"max":[1.33939504623,25.0023403168,58.9721794128,64.8349456787,73.0386123657,87.489151001,374.490600586,741.403320312,379.21661377,660.138000488,1531.05688477,1021.87115479,908.513183594,940.561096191,1056.49401855,1253.57958984,1375.76342773,3182.9074707,1807.28051758,1090.65454102,1305.21044922,1365.40014648,916.979736328,416.667938232,1558.38928223,207.448654175,142.292190552,108.901733398,55.4111022949,72.805809021,145.276000977,56.7687721252,62.3928947449,86.5428237915,10.885884285,2.3911550045,1.51412093639,0.0844515785575,0.00171092560049,0.000170562241692],"mean":[0.0990816429257,1.40643703938,3.23602437973,2.53541707993,4.43205833435,5.76054763794,14.2148323059,32.983089447,17.8660354614,20.032579422,23.362165451,26.6616973877,19.7379703522,28.4748744965,26.3157367706,37.935092926,29.2832431793,47.9619102478,47.3329963684,42.7631225586,31.7724647522,32.6208267212,32.3240203857,25.8402671814,15.434885025,8.3821439743,6.00357532501,4.38835906982,2.47436690331,2.49785494804,2.70393252373,1.70454609394,1.21114575863,0.796900570393,0.252576321363,0.0424130745232,0.0128519264981,0.000895082310308,0.0000729219682398,0.000036653229472],"median":[0.0336132049561,0.743858575821,1.80452418327,1.78169965744,2.42314624786,2.97536277771,5.18545675278,6.97393512726,4.69580745697,5.24885511398,5.57322835922,6.33981847763,4.29058074951,5.32155847549,9.62301540375,17.4379234314,9.75873947144,11.1165065765,16.205286026,17.9424953461,11.2575874329,12.1222734451,13.4539785385,12.1084489822,6.32970809937,4.40724945068,3.04952383041,2.39457321167,1.28779470921,1.1354817152,1.10898518562,0.763631999493,0.433413624763,0.185230478644,0.0716064944863,0.0118194175884,0.00207153218798,0.000238568230998,0.0000476580789837,0.0000344672989741],"min":[3.79547593354e-9,2.37593269503e-8,2.59652299661e-8,7.53145386057e-8,3.23482822751e-8,1.58956172669e-8,1.14725784428e-8,1.3928345588e-8,2.63423043378e-8,1.69330700572e-8,3.42468311487e-8,4.13656415788e-8,8.79163835066e-8,2.09522085015e-7,2.99463835063e-7,1.29413919581e-7,1.5345204929e-7,2.03606347782e-7,1.3987026648e-7,6.67437589641e-8,1.75713552153e-7,4.80195353703e-7,3.19067538612e-7,2.1174379583e-7,1.22521143453e-7,1.31859437147e-7,2.06828090654e-7,2.28791378731e-7,1.8497891574e-7,2.85383663368e-7,2.91021194698e-7,3.71845345626e-7,2.42900881631e-7,1.06803753397e-7,8.13538107991e-8,5.89986512978e-8,3.67723380634e-8,4.67535699045e-8,8.16448348928e-8,1.81838828439e-8],"var":[0.0184756182134,4.21206188202,21.8710708618,11.0417280197,36.0933532715,64.4971389771,569.717529297,4628.38378906,1206.54223633,2018.23498535,4612.25244141,3615.41699219,2113.0222168,4754.11816406,2904.17749023,4340.21044922,4256.97949219,15291.625,11030.6152344,6091.78173828,3801.10644531,3964.03369141,3230.25341797,1547.08642578,1760.75036621,142.871185303,81.2392425537,37.656867981,11.9716739655,18.4047698975,34.0519180298,9.6189622879,7.94900846481,5.73831939697,0.353202372789,0.0100461849943,0.00251529482193,0.00000703641217115,1.00091268607e-8,4.6741943649e-10]},"erbbands_crest":{"dmean":2.24676585197,"dmean2":3.62901759148,"dvar":5.21051311493,"dvar2":13.0037021637,"max":27.4519004822,"mean":9.30713176727,"median":8.42491340637,"min":2.46725106239,"var":18.3212776184},"erbbands_flatness_db":{"dmean":0.0133416578174,"dmean2":0.0194378513843,"dvar":0.000187465819181,"dvar2":0.000363135593943,"max":0.363579243422,"mean":0.167633607984,"median":0.162783488631,"min":0.0246518179774,"var":0.00237778224982},"erbbands_kurtosis":{"dmean":0.863258004189,"dmean2":1.32577669621,"dvar":2.11304759979,"dvar2":4.51093626022,"max":85.6245193481,"mean":0.911651432514,"median":0.0727107524872,"min":-1.83263528347,"var":15.7281827927},"erbbands_skewness":{"dmean":0.315131306648,"dmean2":0.470412731171,"dvar":0.0960912182927,"dvar2":0.198067426682,"max":7.68297863007,"mean":0.0239745825529,"median":-0.0642831549048,"min":-3.87325787544,"var":0.930191874504},"erbbands_spread":{"dmean":5.72160196304,"dmean2":8.66349220276,"dvar":37.3313713074,"dvar2":80.2564697266,"max":103.15435791,"mean":34.5360870361,"median":33.9004707336,"min":2.18340086937,"var":274.613189697},"gfcc":{"cov":[[18433.9746094,1404.14428711,-1481.68884277,970.548095703,-1545.76782227,198.75151062,-1145.38525391,402.589538574,-437.713867188,387.221099854,39.8955574036,275.703308105,44.346622467],[1404.14428711,981.976257324,-32.4734382629,36.766002655,51.7403945923,-58.821269989,31.4817848206,-51.8309173584,68.4842453003,-26.4160518646,50.5876655579,-34.8740997314,18.7366847992],[-1481.68884277,-32.4734382629,872.427978516,276.066070557,143.661697388,-65.8338928223,25.3932971954,-9.5170211792,24.5032653809,62.9762878418,43.6174201965,60.2754669189,-18.5284061432],[970.548095703,36.766002655,276.066070557,602.313232422,87.2415771484,-41.1481170654,-80.5924758911,22.9585971832,13.4888248444,39.5841178894,55.3969039917,112.431594849,18.9252243042],[-1545.76782227,51.7403945923,143.661697388,87.2415771484,453.558868408,60.912940979,198.54586792,-33.8462944031,82.9730148315,-59.1224250793,-15.299665451,-8.46738529205,10.7423362732],[198.75151062,-58.821269989,-65.8338928223,-41.1481170654,60.912940979,253.847198486,99.982170105,25.4849224091,-11.6285066605,8.62482738495,-20.0362129211,-37.7591972351,3.37247991562],[-1145.38525391,31.4817848206,25.3932971954,-80.5924758911,198.54586792,99.982170105,259.496459961,6.13892889023,58.7552108765,-39.0709571838,-19.5676212311,-57.5024337769,-0.0660700425506],[402.589538574,-51.8309173584,-9.5170211792,22.9585971832,-33.8462944031,25.4849224091,6.13892889023,130.897720337,27.8326587677,20.0866298676,-14.2829694748,7.89590549469,8.21072006226],[-437.713867188,68.4842453003,24.5032653809,13.4888248444,82.9730148315,-11.6285066605,58.7552108765,27.8326587677,124.769378662,1.53841841221,9.36627578735,-3.1202943325,16.9287261963],[387.221099854,-26.4160518646,62.9762878418,39.5841178894,-59.1224250793,8.62482738495,-39.0709571838,20.0866298676,1.53841841221,94.068069458,32.4155311584,21.5216140747,-6.07554960251],[39.8955574036,50.5876655579,43.6174201965,55.3969039917,-15.299665451,-20.0362129211,-19.5676212311,-14.2829694748,9.36627578735,32.4155311584,105.568939209,51.7273139954,16.4238128662],[275.703308105,-34.8740997314,60.2754669189,112.431594849,-8.46738529205,-37.7591972351,-57.5024337769,7.89590549469,-3.1202943325,21.5216140747,51.7273139954,119.48210144,38.5984916687],[44.346622467,18.7366847992,-18.5284061432,18.9252243042,10.7423362732,3.37247991562,-0.0660700425506,8.21072006226,16.9287261963,-6.07554960251,16.4238128662,38.5984916687,71.5603942871]],"icov":[[0.000739082868677,-0.0015882946318,0.00141405919567,-0.00160457624588,0.00144271389581,-0.0015299259685,0.0014519438846,-0.00172602792736,0.00172552990261,-0.00200196332298,0.00180163048208,-0.00151902309153,0.000630914175417],[-0.0015882946318,0.00462079653516,-0.00294382916763,0.00322142546065,-0.00307117169723,0.00357244489715,-0.00314978114329,0.00414131535217,-0.00428701285273,0.00459718937054,-0.00472550978884,0.00429322617128,-0.00185183924623],[0.00141405919567,-0.00294382916763,0.00430876109749,-0.00366800231859,0.00229488266632,-0.00225386233069,0.00220513856038,-0.0031283791177,0.00353902345523,-0.00517155835405,0.00346470088698,-0.00316326320171,0.00173761055339],[-0.00160457624588,0.00322142546065,-0.00366800231859,0.00609568599612,-0.0041090301238,0.00305362883955,-0.00180454854853,0.0029418845661,-0.00369036244228,0.00422924011946,-0.00419690879062,0.0016390173696,-0.000965952640399],[0.00144271389581,-0.00307117169723,0.00229488266632,-0.0041090301238,0.00767641980201,-0.0036953848321,-0.000317886297125,-0.00132678600494,0.00107223272789,-0.0018028219929,0.00466842856258,-0.00441246014088,0.00166653573979],[-0.0015299259685,0.00357244489715,-0.00225386233069,0.00305362883955,-0.0036953848321,0.00902419257909,-0.00543255545199,0.00246646790765,-0.00114125362597,0.00155309017282,-0.00359301711433,0.0048384219408,-0.00292027392425],[0.0014519438846,-0.00314978114329,0.00220513856038,-0.00180454854853,-0.000317886297125,-0.00543255545199,0.0117752142251,-0.00468600029126,0.00153930997476,-0.00195556459948,0.00186714495067,-0.000172723317519,0.000959858065471],[-0.00172602792736,0.00414131535217,-0.0031283791177,0.0029418845661,-0.00132678600494,0.00246646790765,-0.00468600029126,0.0142633914948,-0.00755310244858,0.00304514216259,-0.00111756054685,0.00182209082413,-0.0018416387029],[0.00172552990261,-0.00428701285273,0.00353902345523,-0.00369036244228,0.00107223272789,-0.00114125362597,0.00153930997476,-0.00755310244858,0.0163061395288,-0.0070620845072,0.00283501995727,-0.00162771053147,-0.0015234380262],[-0.00200196332298,0.00459718937054,-0.00517155835405,0.00422924011946,-0.0018028219929,0.00155309017282,-0.00195556459948,0.00304514216259,-0.0070620845072,0.0217599291354,-0.00933396816254,0.00333190010861,0.00128883542493],[0.00180163048208,-0.00472550978884,0.00346470088698,-0.00419690879062,0.00466842856258,-0.00359301711433,0.00186714495067,-0.00111756054685,0.00283501995727,-0.00933396816254,0.0194529332221,-0.0102651156485,0.00133535114583],[-0.00151902309153,0.00429322617128,-0.00316326320171,0.0016390173696,-0.00441246014088,0.0048384219408,-0.000172723317519,0.00182209082413,-0.00162771053147,0.00333190010861,-0.0102651156485,0.0210831072181,-0.00955809932202],[0.000630914175417,-0.00185183924623,0.00173761055339,-0.000965952640399,0.00166653573979,-0.00292027392425,0.000959858065471,-0.0018416387029,-0.0015234380262,0.00128883542493,0.00133535114583,-0.00955809932202,0.0201919227839]],"mean":[-25.1844501495,95.9652481079,-129.291976929,40.6013717651,-47.3384094238,18.1007270813,-39.9621925354,7.29605960846,-18.2948532104,-1.79763567448,-6.05796098709,-3.77512836456,-7.09776544571]},"hfc":{"dmean":4.65602445602,"dmean2":6.72352600098,"dvar":51.4109764099,"dvar2":107.816879272,"max":134.439819336,"mean":20.0507946014,"median":15.6527004242,"min":0.0000345446060237,"var":298.978881836},"melbands":{"dmean":[0.000490378937684,0.000681800942402,0.000215395746636,0.000213775361772,0.000187209618161,0.000218405621126,0.0000945333304117,0.000105762643216,0.000116650327982,0.00010044863302,0.0000566229464312,0.0000559570144105,0.0000430425170634,0.0000470118320663,0.000046258985094,0.0000338128484145,0.0000437972448708,0.0000392914516851,0.0000373997536371,0.0000225473650062,0.0000195619086298,0.0000168615188159,0.0000122377769003,0.0000153842775035,0.00000967020059761,0.00000748748652768,0.00000296387884191,0.00000270320242635,0.00000226704560191,0.00000134402125695,0.00000123107827221,7.38559890578e-7,6.19233674115e-7,7.5951169265e-7,0.00000100584077245,6.30680744962e-7,5.57793839562e-7,5.14251610184e-7,5.92305809732e-7,4.50300433386e-7],"dmean2":[0.000779139401857,0.00105568848085,0.000343939347658,0.000358436693205,0.000283523026155,0.000305761990603,0.000134361049277,0.000165826219018,0.000169878854649,0.000150044928887,0.0000857483173604,0.0000845141403261,0.0000648076020298,0.0000736878282623,0.0000719139279681,0.0000541083027201,0.0000687451756676,0.0000624379463261,0.0000596279242018,0.000035289041989,0.0000306414549414,0.0000267082195933,0.0000194912754523,0.0000245943137998,0.0000151576596181,0.000011763449038,0.00000457663463749,0.00000426440874435,0.00000363727599506,0.00000209182303479,0.00000202180649467,0.00000119698052004,9.57065367402e-7,0.00000117252557175,0.00000154753558945,9.72945940703e-7,8.60325030771e-7,7.96200765762e-7,9.22389801872e-7,6.71485508974e-7],"dvar":[7.5394484611e-7,0.00000161500940976,1.09842282825e-7,1.13441750216e-7,1.2014234585e-7,2.0764139208e-7,4.18043057948e-8,6.54683347534e-8,1.49648002434e-7,6.77433007468e-8,2.44865674404e-8,1.89012059337e-8,1.46083776187e-8,1.06279012257e-8,2.01675192102e-8,1.2916616221e-8,2.25568967949e-8,1.11527640456e-8,7.51607931448e-9,2.97686053585e-9,2.50714649042e-9,1.94613170024e-9,7.33370753014e-10,1.50120438303e-9,4.12722828136e-10,8.59000592879e-10,9.7752403394e-11,3.61595128839e-11,2.61586152045e-11,1.05108352577e-11,7.73480238192e-12,2.84789943364e-12,2.05840032519e-12,3.65553247395e-12,1.17160109739e-11,2.36295510068e-12,2.12250074287e-12,2.56999261282e-12,1.13529524323e-11,2.69286264294e-12],"dvar2":[0.00000167814437191,0.00000329879071614,2.6353791327e-7,3.10666564474e-7,2.75600143596e-7,3.62764183137e-7,8.14564131701e-8,1.51961856432e-7,3.24172958699e-7,1.61356624062e-7,6.18187030454e-8,3.99128659012e-8,3.05426119951e-8,2.39085338194e-8,5.01707759781e-8,3.2824445384e-8,5.31227009049e-8,2.88372721258e-8,1.74217760218e-8,6.66425048479e-9,6.39962705051e-9,4.79362105565e-9,1.87063009527e-9,3.93186372349e-9,1.04765285336e-9,2.17023177207e-9,2.27583785151e-10,9.03719390988e-11,6.81218137455e-11,2.30362760117e-11,2.03227608353e-11,7.33136728409e-12,4.80470524478e-12,8.28405226361e-12,2.72400348805e-11,5.31784165314e-12,4.7717099369e-12,5.93751046593e-12,2.97049190801e-11,6.01557779284e-12],"max":[0.0204606428742,0.0331995934248,0.010009676218,0.00560839287937,0.0115268165246,0.0154851302505,0.00684923818335,0.00788953807205,0.0142741948366,0.00555274542421,0.00462102051824,0.00360380951315,0.00504876859486,0.00282995216548,0.00488367537037,0.00304225692526,0.00578259071335,0.00392377981916,0.00178362277802,0.00129103194922,0.0014143405715,0.00168440432753,0.000841552973725,0.000732337357476,0.000366002001101,0.00101568188984,0.000594039447606,0.00019143128884,0.000096327974461,0.0001072676896,0.0000556415725441,0.0000362589562428,0.0000269180727628,0.0000487271499878,0.000132385161123,0.000035874920286,0.0000361194543075,0.0000496872926306,0.000120478980534,0.0000620891805738],"mean":[0.00124249595683,0.00183395750355,0.000516097992659,0.000362165708793,0.000432380911661,0.000717452552635,0.000284855166683,0.000205840478884,0.000204320560442,0.000171343475813,0.000097494921647,0.000111651090265,0.0000973213027464,0.000100287208625,0.0000941852340475,0.000059236161178,0.0000934756390052,0.0000804037117632,0.000068491208367,0.0000406027575082,0.0000353610193997,0.0000340560509358,0.0000259494318016,0.000031204559491,0.0000199248443096,0.0000130696735141,0.00000619947104497,0.00000563788307772,0.00000423270694228,0.00000274578428616,0.00000245211913352,0.00000143157410548,0.0000012184134448,0.00000143556894727,0.00000176144146735,0.00000114297108667,9.85625661087e-7,8.61015450937e-7,7.59808926887e-7,6.69126734465e-7],"median":[0.000537046638783,0.00118653930258,0.000379400735255,0.000200129812583,0.000171279418282,0.000164179116837,0.0000738289745641,0.0000478676010971,0.0000389923152397,0.000037500540202,0.0000171128431248,0.0000180943861778,0.0000255039740296,0.0000428574057878,0.0000318509919452,0.0000149882453115,0.0000187509813259,0.0000231320045714,0.0000240617373493,0.0000161637708516,0.0000116146875371,0.000011962658391,0.0000111218005259,0.0000108835138235,0.00000923084189708,0.00000480064454678,0.00000299015573546,0.00000270247846856,0.00000200495992431,0.00000134694153076,0.00000131777790102,7.31192869807e-7,5.63910589335e-7,6.24669553417e-7,6.53918618809e-7,4.97780945352e-7,4.31631292486e-7,3.3486975326e-7,1.74379550799e-7,1.38696094609e-7],"min":[3.36425332037e-11,3.00297009481e-11,1.21961590133e-11,1.686235678e-12,4.35379325908e-13,3.69843831125e-13,4.1531066238e-13,2.30806530572e-13,3.01511338683e-13,2.86257481477e-13,4.10843017593e-13,3.04026199832e-13,1.06493991143e-12,4.69173473943e-13,2.55690434103e-13,4.02323465341e-13,3.65039080777e-13,2.20911789838e-13,1.53660653537e-13,5.45136649038e-14,2.40495557496e-13,4.3824744723e-13,3.73523884349e-13,3.28446877985e-13,1.45156822218e-13,5.20733053845e-14,1.41692714961e-13,6.56728631979e-14,1.2226762029e-13,1.53737062685e-13,1.37179940259e-13,1.23227965917e-13,9.47595409258e-14,1.79355973975e-13,1.88330105092e-13,1.2542043955e-13,2.85299480438e-13,2.39323372318e-13,6.799642365e-14,9.36673156572e-14],"var":[0.00000291687342724,0.00000582237089475,3.42034667256e-7,2.16266542452e-7,4.81043400669e-7,0.00000197687199943,3.04171550169e-7,2.25396846076e-7,3.62998434866e-7,1.6210876197e-7,5.72659963893e-8,7.32012210847e-8,5.73513361246e-8,3.11329806379e-8,5.1986436489e-8,2.57651198154e-8,6.63735164608e-8,4.42860468297e-8,2.14695656808e-8,6.70469546549e-9,5.31895327782e-9,5.09871833643e-9,2.02059902144e-9,3.79181441801e-9,1.07348785416e-9,1.28900479179e-9,1.83546899901e-10,7.85893572441e-11,4.64866097005e-11,2.41126112133e-11,1.2115219418e-11,4.24025311391e-12,3.93730967968e-12,7.33040104312e-12,2.05892958932e-11,4.08263657256e-12,3.50567838647e-12,3.35501006317e-12,9.88180370864e-12,3.91695747018e-12]},"melbands_crest":{"dmean":2.49777293205,"dmean2":3.98423027992,"dvar":5.90735530853,"dvar2":14.5416526794,"max":32.5749778748,"mean":14.188284874,"median":13.1403007507,"min":3.42826485634,"var":32.2704811096},"melbands_flatness_db":{"dmean":0.0203126315027,"dmean2":0.0292130559683,"dvar":0.000540148641448,"dvar2":0.00100706459489,"max":0.624303281307,"mean":0.197709709406,"median":0.185331881046,"min":0.0273677501827,"var":0.00597067549825},"melbands_kurtosis":{"dmean":5.65839624405,"dmean2":8.61284732819,"dvar":202.827789307,"dvar2":389.893585205,"max":417.788299561,"mean":14.9227628708,"median":5.43289756775,"min":-1.67430102825,"var":1145.22741699},"melbands_skewness":{"dmean":0.566120147705,"dmean2":0.850006818771,"dvar":0.486045479774,"dvar2":0.978904664516,"max":14.8450679779,"mean":2.48949694633,"median":2.10762047768,"min":-1.4416410923,"var":4.20900821686},"melbands_spread":{"dmean":6.03205633163,"dmean2":9.14183521271,"dvar":57.1991882324,"dvar2":128.908920288,"max":169.697219849,"mean":26.3200302124,"median":23.5414505005,"min":0.300540357828,"var":296.69519043},"mfcc":{"cov":[[11497.7900391,564.53503418,-16.321598053,84.4376831055,-108.594612122,-227.934387207,-154.266357422,-87.3114547729,-207.086166382,-26.4154758453,-57.370010376,53.097743988,65.6736221313],[564.53503418,1046.33728027,-19.8882312775,64.6608810425,54.505821228,68.8640441895,26.7059173584,31.7265224457,11.7722768784,39.4644813538,18.8151836395,12.9268980026,-5.01531934738],[-16.321598053,-19.8882312775,604.158996582,239.96321106,70.2855529785,-23.1426544189,-23.8144836426,-63.8619308472,-52.1567649841,-42.5114135742,18.3908042908,46.2782173157,89.9817123413],[84.4376831055,64.6608810425,239.96321106,571.78125,210.055053711,42.3036155701,-39.7644805908,40.0616035461,-11.6929206848,-63.2373695374,18.6209278107,62.254524231,76.3080596924],[-108.594612122,54.505821228,70.2855529785,210.055053711,227.738922119,83.6518173218,20.9864253998,46.4158477783,32.4797554016,-23.490688324,9.38797664642,39.1204566956,26.0767192841],[-227.934387207,68.8640441895,-23.1426544189,42.3036155701,83.6518173218,212.633621216,100.523071289,51.2297058105,39.7999076843,32.1655578613,13.5527439117,0.581990599632,2.12799048424],[-154.266357422,26.7059173584,-23.8144836426,-39.7644805908,20.9864253998,100.523071289,161.978485107,50.9028587341,34.4100799561,42.3230514526,16.9062080383,-13.2865562439,-7.28070068359],[-87.3114547729,31.7265224457,-63.8619308472,40.0616035461,46.4158477783,51.2297058105,50.9028587341,125.725219727,69.9819946289,19.9515399933,10.3466968536,5.79881763458,-11.1814537048],[-207.086166382,11.7722768784,-52.1567649841,-11.6929206848,32.4797554016,39.7999076843,34.4100799561,69.9819946289,133.646392822,54.420425415,12.5628080368,-5.87025213242,-17.2505168915],[-26.4154758453,39.4644813538,-42.5114135742,-63.2373695374,-23.490688324,32.1655578613,42.3230514526,19.9515399933,54.420425415,115.990837097,32.3999023438,-24.1490745544,-20.3471126556],[-57.370010376,18.8151836395,18.3908042908,18.6209278107,9.38797664642,13.5527439117,16.9062080383,10.3466968536,12.5628080368,32.3999023438,74.3627166748,20.5260620117,2.34649825096],[53.097743988,12.9268980026,46.2782173157,62.254524231,39.1204566956,0.581990599632,-13.2865562439,5.79881763458,-5.87025213242,-24.1490745544,20.5260620117,98.7132644653,38.1807098389],[65.6736221313,-5.01531934738,89.9817123413,76.3080596924,26.0767192841,2.12799048424,-7.28070068359,-11.1814537048,-17.2505168915,-20.3471126556,2.34649825096,38.1807098389,88.4554977417]],"icov":[[0.0000961653786362,-0.0000553879617655,0.0000264261743723,-0.0000299738167087,0.0000236335599766,0.000100990291685,0.0000213757448364,-0.0000426859296567,0.000172832413227,-0.000126312152133,0.000114225469588,-0.0000639460195089,-0.0000593740660406],[-0.0000553879617655,0.00103783048689,0.0000331812807417,-0.0000852803277667,-0.000147700484376,-0.00028970328276,0.0000698373914929,-0.000126375904074,0.000196338893147,-0.000437859009253,-0.000025213788831,-0.000152186941705,0.000183995638508],[0.0000264261743723,0.0000331812807417,0.00245511578396,-0.000981782446615,-0.0000855579710333,0.000496965367347,-0.000688893196639,0.00160669407342,-0.0000586700080021,0.0000717334114597,-0.000464311684482,-0.0000229587130889,-0.00148131034803],[-0.0000299738167087,-0.0000852803277667,-0.000981782446615,0.00366210518405,-0.00268931337632,-0.000262140441919,0.00154945126269,-0.00184198352508,0.000866763934027,0.000651492562611,-0.000902215135284,0.000466455589049,-0.00130775361322],[0.0000236335599766,-0.000147700484376,-0.0000855579710333,-0.00268931337632,0.00863829441369,-0.00251164031215,-0.000290863565169,-0.00014522584388,-0.00220054457895,0.00187367014587,0.000189119047718,-0.00162057066336,0.000548987241928],[0.000100990291685,-0.00028970328276,0.000496965367347,-0.000262140441919,-0.00251164031215,0.00823336560279,-0.00434133829549,-0.000140883232234,0.000116386312584,-0.00127409154084,0.0004434203438,0.0000931789109018,-0.00052594410954],[0.0000213757448364,0.0000698373914929,-0.000688893196639,0.00154945126269,-0.000290863565169,-0.00434133829549,0.0107464157045,-0.00376149103977,0.00120520323981,-0.00165931263473,-0.00113210652489,0.00131858687382,-0.000734332425054],[-0.0000426859296567,-0.000126375904074,0.00160669407342,-0.00184198352508,-0.00014522584388,-0.000140883232234,-0.00376149103977,0.014703290537,-0.00681063346565,0.0017264544731,-0.000384929211577,-0.00122330093291,0.00118150329217],[0.000172832413227,0.000196338893147,-0.0000586700080021,0.000866763934027,-0.00220054457895,0.000116386312584,0.00120520323981,-0.00681063346565,0.0140094812959,-0.00622526369989,0.00123573595192,-0.000341927050613,0.00049391615903],[-0.000126312152133,-0.000437859009253,0.0000717334114597,0.000651492562611,0.00187367014587,-0.00127409154084,-0.00165931263473,0.0017264544731,-0.00622526369989,0.015721263364,-0.00679623568431,0.00348148844205,0.0000737193331588],[0.000114225469588,-0.000025213788831,-0.000464311684482,-0.000902215135284,0.000189119047718,0.0004434203438,-0.00113210652489,-0.000384929211577,0.00123573595192,-0.00679623568431,0.0182995740324,-0.00545428274199,0.00150265137199],[-0.0000639460195089,-0.000152186941705,-0.0000229587130889,0.000466455589049,-0.00162057066336,0.0000931789109018,0.00131858687382,-0.00122330093291,-0.000341927050613,0.00348148844205,-0.00545428274199,0.0148651255295,-0.00544829992577],[-0.0000593740660406,0.000183995638508,-0.00148131034803,-0.00130775361322,0.000548987241928,-0.00052594410954,-0.000734332425054,0.00118150329217,0.00049391615903,0.0000737193331588,0.00150265137199,-0.00544829992577,0.0163594949991]],"mean":[-654.290344238,116.4686203,-11.2104711533,23.5124607086,15.3884458542,8.00914382935,0.862542271614,4.81328630447,-4.23967456818,2.14206552505,-0.840728640556,3.24770712852,-1.00879573822]},"pitch_salience":{"dmean":0.0593149103224,"dmean2":0.0936658456922,"dvar":0.00337600335479,"dvar2":0.0080008385703,"max":0.852607011795,"mean":0.507131814957,"median":0.517704904079,"min":0.0503490902483,"var":0.0174543261528},"silence_rate_20dB":{"dmean":0,"dmean2":0,"dvar":0,"dvar2":0,"max":1,"mean":1,"median":1,"min":1,"var":0},"silence_rate_30dB":{"dmean":0.000257532839896,"dmean2":0.000515131978318,"dvar":0.000257519161096,"dvar2":0.000514839834068,"max":1,"mean":0.999613761902,"median":1,"min":0,"var":0.000386189232813},"silence_rate_60dB":{"dmean":0.0087561160326,"dmean2":0.0175144877285,"dvar":0.00867915153503,"dvar2":0.0190098211169,"max":1,"mean":0.070683658123,"median":0,"min":0,"var":0.0656836405396},"spectral_centroid":{"dmean":195.603164673,"dmean2":293.233551025,"dvar":55882.7265625,"dvar2":109840.984375,"max":11037.4033203,"mean":1474.14453125,"median":1460.01379395,"min":107.60987854,"var":385607.28125},"spectral_complexity":{"dmean":2.98042750359,"dmean2":4.55093383789,"dvar":11.4829521179,"dvar2":22.624786377,"max":51,"mean":18.6257247925,"median":18,"min":0,"var":92.8751907349},"spectral_contrast_coeffs":{"dmean":[0.045751195401,0.0434604845941,0.036744158715,0.0293241497129,0.0206895638257,0.0137949921191],"dmean2":[0.0762081295252,0.0696164891124,0.0595261976123,0.04734781757,0.0322517119348,0.0221345406026],"dvar":[0.00143917067908,0.00131192686968,0.000997286755592,0.000620586622972,0.000312828226015,0.000155820642249],"dvar2":[0.00391764007509,0.00323313171975,0.00245953747071,0.00152525049634,0.000722389959265,0.000381379242754],"max":[-0.374334424734,-0.365423738956,-0.452984958887,-0.507717788219,-0.573825955391,-0.657606065273],"mean":[-0.664346039295,-0.695318937302,-0.755554080009,-0.756302177906,-0.766658961773,-0.767921805382],"median":[-0.667144656181,-0.702772796154,-0.765796124935,-0.764289498329,-0.769707083702,-0.766473531723],"min":[-0.953647613525,-0.961065948009,-0.969492733479,-0.96422368288,-0.962524414062,-0.958112478256],"var":[0.00617368193343,0.00931958202273,0.00650339853019,0.00426447857171,0.0027037402615,0.00142112246249]},"spectral_contrast_valleys":{"dmean":[0.375042140484,0.337188482285,0.30846118927,0.260082989931,0.198279932141,0.225786030293],"dmean2":[0.620954036713,0.546075820923,0.491491317749,0.404037743807,0.295414805412,0.303164452314],"dvar":[0.116137005389,0.101283401251,0.102972559631,0.0840954631567,0.0667614340782,0.107892654836],"dvar2":[0.276508420706,0.205836430192,0.207896053791,0.162661135197,0.10591609031,0.166058883071],"max":[-5.70515012741,-4.90981388092,-5.07920789719,-5.5388302803,-5.90321350098,-7.94293880463],"mean":[-7.49128293991,-7.25278377533,-7.71326398849,-7.75746154785,-7.77186870575,-10.4487476349],"median":[-7.15031719208,-6.94373655319,-7.51073741913,-7.53992795944,-7.54185676575,-10.2251367569],"min":[-27.5008106232,-27.1830692291,-27.2089271545,-27.019569397,-27.1154689789,-27.2606811523],"var":[2.09237313271,2.20218324661,1.79545605183,1.77858126163,1.77601826191,1.7942044735]},"spectral_decrease":{"dmean":1.27406696304e-9,"dmean2":1.87630067039e-9,"dvar":2.54150374667e-18,"dvar2":5.29546759291e-18,"max":2.33904866132e-15,"mean":-6.10552675084e-9,"median":-5.74351455285e-9,"min":-3.13727532841e-8,"var":1.50409923462e-17},"spectral_energy":{"dmean":0.00510089099407,"dmean2":0.00750180473551,"dvar":0.0000402179466619,"dvar2":0.0000838035266497,"max":0.119385868311,"mean":0.0248622186482,"median":0.0233717951924,"min":2.00944683115e-9,"var":0.000245386152528},"spectral_energyband_high":{"dmean":0.000212214348721,"dmean2":0.000305609108182,"dvar":2.35111485836e-7,"dvar2":4.89372212087e-7,"max":0.00880592688918,"mean":0.000526689400431,"median":0.000280258595012,"min":7.59413310014e-10,"var":5.55057567908e-7},"spectral_energyband_low":{"dmean":0.00283789238892,"dmean2":0.00439552776515,"dvar":0.0000238852608163,"dvar2":0.0000489705453219,"max":0.118573620915,"mean":0.00829700380564,"median":0.00599607080221,"min":1.9051688005e-10,"var":0.0000915306882234},"spectral_energyband_middle_high":{"dmean":0.00185440632049,"dmean2":0.00275678513572,"dvar":0.0000100883344203,"dvar2":0.0000225347084779,"max":0.0805346667767,"mean":0.00693835224956,"median":0.00415659230202,"min":4.76951221573e-11,"var":0.0000687799838488},"spectral_energyband_middle_low":{"dmean":0.00279543129727,"dmean2":0.00408014794812,"dvar":0.000014155273675,"dvar2":0.0000315417819365,"max":0.0723378509283,"mean":0.0094934636727,"median":0.00644014123827,"min":4.11068991346e-11,"var":0.0000861590160639},"spectral_entropy":{"dmean":0.126275897026,"dmean2":0.183167994022,"dvar":0.0217667482793,"dvar2":0.0408928692341,"max":9.79160404205,"mean":7.49773025513,"median":7.52840185165,"min":4.62217235565,"var":0.214176476002},"spectral_flux":{"dmean":0.0161368250847,"dmean2":0.0251046530902,"dvar":0.000345408770954,"dvar2":0.000796997745056,"max":0.247928798199,"mean":0.0631513595581,"median":0.0593883059919,"min":0.0000585818706895,"var":0.00115686445497},"spectral_kurtosis":{"dmean":1.53825867176,"dmean2":2.63453602791,"dvar":4.06589221954,"dvar2":11.1921386719,"max":60.6488418579,"mean":5.30091762543,"median":4.21297645569,"min":-1.19740641117,"var":19.5064926147},"spectral_rms":{"dmean":0.00049831403885,"dmean2":0.000721378193703,"dvar":3.09154103206e-7,"dvar2":6.08270340763e-7,"max":0.0107923131436,"mean":0.00460173515603,"median":0.00477511808276,"min":0.0000014001557247,"var":0.0000030799835713},"spectral_rolloff":{"dmean":341.315948486,"dmean2":560.718994141,"dvar":412579.375,"dvar2":941185.75,"max":21834.6679688,"mean":1871.83691406,"median":1528.85742188,"min":86.1328125,"var":8596961},"spectral_skewness":{"dmean":0.176031574607,"dmean2":0.293028980494,"dvar":0.0358920544386,"dvar2":0.0938696935773,"max":6.50263738632,"mean":1.61258673668,"median":1.50895035267,"min":0.0173418540508,"var":0.271032959223},"spectral_spread":{"dmean":346395.03125,"dmean2":509182.46875,"dvar":265929457664,"dvar2":395952521216,"max":40831212,"mean":4103183.25,"median":3891485.75,"min":1334800.875,"var":2217178038270},"spectral_strongpeak":{"dmean":0.573310732841,"dmean2":0.965246975422,"dvar":1.27622294426,"dvar2":3.17553877831,"max":19.4246845245,"mean":1.19386637211,"median":0.49417552352,"min":0,"var":2.64243268967},"zerocrossingrate":{"dmean":0.00788178760558,"dmean2":0.00906385853887,"dvar":0.000121409160784,"dvar2":0.000130585802253,"max":0.7236328125,"mean":0.0681300386786,"median":0.05615234375,"min":0.00341796875,"var":0.00710461242124}},"metadata":{"audio_properties":{"analysis_sample_rate":44100,"bit_rate":0,"codec":"flac","downmix":"mix","equal_loudness":0,"length":180.320007324,"lossless":true,"md5_encoded":"963bc05674de6ad0623bbaf67dd97cb4","replay_gain":-10.4739284515,"sample_rate":44100},"tags":{"acoustid_id":["b737bf10-2f15-4f88-b648-24422e001e8b"],"album":["Revolver"],"album artist":["The Beatles"],"albumartist":["The Beatles"],"albumartistsort":["Beatles, The"],"artist":["The Beatles"],"artistsort":["Beatles, The"],"catalognumber":["PMC 7009"],"date":["1966-08-05"],"disc":["1"],"discnumber":["1"],"disctotal":["1"],"encoder":["reference libFLAC 1.2.0 20070715"],"engineer":["Geoff Emerick"],"ensemble":["The Beatles"],"file_name":"03. The Beatles - I’m Only Sleeping.flac","genre":["Classic Rock"],"label":["Parlophone"],"language":["eng"],"media":["12\" Vinyl"],"musicbrainz_albumartistid":["b10bbbfc-cf9e-42e0-be17-e2c3e1d2600d"],"musicbrainz_albumid":["5f3ba07b-4a24-4cd5-b8ad-95ba0fcebec1"],"musicbrainz_artistid":["b10bbbfc-cf9e-42e0-be17-e2c3e1d2600d"],"musicbrainz_recordingid":["596fb2f1-afef-4cb3-af5d-0bc6ff54e9c6"],"musicbrainz_workid":["ebac52bd-5131-30b3-ba53-1d3aa12e060b"],"originaldate":["1966-08-05"],"releasecountry":["GB"],"releasestatus":["official"],"releasetype":["album"],"replaygain_album_gain":["-7.28000020980835 dB"],"replaygain_track_gain":["-6.07999992370605 dB"],"replaygain_track_peak":["0.958404541015625"],"script":["Latn"],"title":["I’m Only Sleeping"],"totaldiscs":["1"],"totaltracks":["14"],"tracknumber":["3"],"tracktotal":["14"],"writer":["John Lennon","Paul McCartney"]},"version":{"essentia":"2.1-beta1","essentia_build_sha":"ca57ba49d9b1854bd80e60cf9ccf267278fb7d6b","essentia_git_sha":"v2.1_beta1-28-g21ef5f4-dirty","extractor":"music 1.0"}},"rhythm":{"beats_count":309,"beats_loudness":{"dmean":0.012952757068,"dmean2":0.0214730463922,"dvar":0.000147246653796,"dvar2":0.000385668798117