{"lowlevel":{"average_loudness":0.946696996689,"barkbands":{"dmean":[0.0000718028750271,0.00190818042029,0.00178389262874,0.00292929355055,0.00337828113697,0.00102117180359,0.000665013503749,0.000628898502328,0.000480245478684,0.000364821054973,0.000207679084269,0.000246036943281,0.000419670133851,0.000590248673689,0.000869089562912,0.000552599260118,0.000320433086017,0.000145685102325,0.000201774135348,0.000162704731338,0.000144204037497,0.0000864201720105,0.0000531229670742,0.0000226679876505,0.00000815810653876,0.00000121409061649,1.52167736189e-8],"dmean2":[0.000107360356196,0.00317905773409,0.0028642474208,0.00515488674864,0.00514747435227,0.00163365574554,0.00107016030233,0.00100016139913,0.000724582059775,0.000557807448786,0.000317508383887,0.000386269559385,0.00066651054658,0.000933035160415,0.00133404438384,0.000869826122653,0.000503201852553,0.000231137804803,0.000324344349792,0.000262196001131,0.000244632101385,0.000152651657118,0.0000952220361796,0.0000391069188481,0.000013575738194,0.00000197074768948,2.6580563528e-8],"dvar":[9.75598002384e-9,0.0000067937012318,0.00000728575787434,0.0000168725946423,0.0000259134176304,0.00000306177594211,9.98087671178e-7,0.00000113074315777,7.84795645359e-7,4.01174133913e-7,2.51109469218e-7,3.45740545526e-7,7.69995551764e-7,0.00000168269741607,0.00000362195282833,0.00000131754950417,3.97263448804e-7,8.77241461694e-8,2.40300636278e-7,1.88741125839e-7,1.42647508028e-7,1.1377076703e-7,4.00948572121e-8,9.63075130755e-9,8.88658757692e-10,1.47343352797e-11,4.48139933162e-15],"dvar2":[2.19519940003e-8,0.0000194276544789,0.0000180253991857,0.0000478574293084,0.0000572605349589,0.00000758356873121,0.0000025120330065,0.00000257850251728,0.00000157208387463,8.19504236915e-7,4.52828459174e-7,7.46511659599e-7,0.00000184009104487,0.00000399224472858,0.00000785431438999,0.00000304696254716,9.21456319247e-7,2.10344694551e-7,5.66982009786e-7,4.26582971613e-7,3.90776534687e-7,3.22131512576e-7,1.14696554476e-7,2.74431695146e-8,2.45961029322e-9,3.90453017141e-11,1.28775138949e-14],"max":[0.00158451485913,0.0290943309665,0.0341020897031,0.049090474844,0.0688920840621,0.0386411063373,0.0186925157905,0.0505686029792,0.0361420474946,0.0279479380697,0.0239421315491,0.0181552004069,0.018578318879,0.0300395041704,0.0423692911863,0.0321686081588,0.0165386740118,0.0103888502344,0.0259783025831,0.0170496739447,0.00838148593903,0.0102188577875,0.0040629291907,0.00469762925059,0.00094856985379,0.000136810049298,0.00000246324384534],"mean":[0.0001563274418,0.00460896920413,0.00390184298158,0.00392057467252,0.0061200261116,0.00195548054762,0.00125316414051,0.00111101346556,0.000964400533121,0.00069906009594,0.000368150387658,0.000406378181651,0.00071742280852,0.00110978831071,0.00163860013708,0.000988862942904,0.000550436496269,0.000248778815148,0.000361547601642,0.00028523572837,0.000219887704588,0.0000972487905528,0.0000557418752578,0.0000302712160192,0.0000137120214276,0.00000224045788855,1.95808933512e-8],"median":[0.0000920679085539,0.00428101886064,0.00273926579393,0.00239223521203,0.00340891839005,0.000986425206065,0.000817207095679,0.000697917421348,0.000535641738679,0.0003802885185,0.000137444993015,0.000150773732457,0.0002327067632,0.000336885743309,0.000401142518967,0.000342279381584,0.000226394971833,0.00012215312745,0.000168452330399,0.000133194713271,0.000125634658616,0.0000364869702025,0.0000199096903089,0.0000142403987411,0.00000707546041667,0.00000115397745049,9.78869962864e-9],"min":[7.39835724316e-24,5.77933824879e-23,8.95790054291e-23,2.26639958951e-23,3.59636701089e-23,6.55583170828e-23,1.60330157193e-23,6.2657189596e-23,2.76282881053e-23,3.03139335027e-23,7.55945147525e-23,7.18645153354e-23,5.63530739363e-23,5.77093593352e-23,7.61926038473e-23,2.36929993127e-22,2.37078071786e-22,2.32260037543e-22,3.19971878629e-22,2.94182564133e-22,4.36953513768e-22,6.57276280901e-22,6.70897043591e-22,8.75262505142e-22,1.46237141344e-21,1.72048922598e-21,2.52946479686e-21],"var":[2.81837841953e-8,0.0000124769949252,0.0000168688184203,0.0000216102198465,0.0000568299183215,0.00000928732515604,0.00000206712888939,0.00000216096714212,0.00000249078220804,0.0000011431279745,8.41934536311e-7,7.17577734122e-7,0.00000172366276274,0.0000048016781875,0.0000111103208837,0.00000366703238797,8.69418784077e-7,1.73291454075e-7,4.70994962143e-7,3.39048909836e-7,1.26746869e-7,7.43423385074e-8,2.49762148741e-8,6.83467904494e-9,8.48686454447e-10,1.94923556462e-11,2.84551358916e-15]},"barkbands_crest":{"dmean":2.16336011887,"dmean2":3.5034737587,"dvar":4.02664089203,"dvar2":10.1896781921,"max":24.4923839569,"mean":8.79939937592,"median":8.18071460724,"min":2.62678551674,"var":10.8623189926},"barkbands_flatness_db":{"dmean":0.0195873752236,"dmean2":0.0289868377149,"dvar":0.000400596967665,"dvar2":0.000835907179862,"max":0.391579031944,"mean":0.156623631716,"median":0.151057869196,"min":0.0389662533998,"var":0.00226645148359},"barkbands_kurtosis":{"dmean":2.53262782097,"dmean2":3.93872690201,"dvar":17.289018631,"dvar2":38.4064826965,"max":105.78981781,"mean":4.3884935379,"median":1.49428546429,"min":-1.81835329533,"var":65.7534790039},"barkbands_skewness":{"dmean":0.503137469292,"dmean2":0.770010173321,"dvar":0.252363055944,"dvar2":0.563712060452,"max":9.67269992828,"mean":1.48632705212,"median":1.37309551239,"min":-4.1214017868,"var":1.6399512291},"barkbands_spread":{"dmean":4.69097423553,"dmean2":7.33236455917,"dvar":34.6936035156,"dvar2":84.4337081909,"max":76.7646102905,"mean":20.2893447876,"median":19.2607917786,"min":0.954911291599,"var":125.788032532},"dissonance":{"dmean":0.0139848347753,"dmean2":0.0231908205897,"dvar":0.000187680489034,"dvar2":0.000493884203024,"max":0.499999910593,"mean":0.469766497612,"median":0.474882662296,"min":0.291589736938,"var":0.000463746109745},"dynamic_complexity":2.33499979973,"erbbands":{"dmean":[0.0504194833338,0.472134530544,1.76734101772,5.55014657974,10.5712251663,13.8475036621,8.85058689117,8.28251361847,9.19518756866,10.9451551437,14.4652290344,10.4726238251,12.159576416,8.84595680237,8.49538135529,9.27073097229,18.6097621918,25.0325641632,44.3513565063,30.4500274658,28.9682121277,14.4704694748,8.58116436005,8.0307226181,10.2450876236,7.49684762955,5.24871873856,5.87503767014,3.90977215767,2.23268771172,1.20683419704,0.76842457056,0.203366428614,0.111302420497,0.0490646027029,0.0105457585305,0.000976213836111,0.0000887525093276,0.00000618820649834,0.00000934916715778],"dmean2":[0.0799234136939,0.7929225564,2.89228582382,9.46887207031,17.8216285706,20.4778385162,13.6432151794,13.0908622742,15.2471437454,16.847360611,22.7108211517,15.9084558487,18.3135585785,13.5675067902,13.0246429443,14.4995164871,29.2255020142,40.0604171753,68.6004333496,46.299785614,45.4342956543,22.4972229004,13.6274938583,12.8071842194,16.6742954254,11.9912052155,8.63356685638,10.1718769073,6.96286296844,3.94787454605,2.14093732834,1.34971296787,0.342113256454,0.188940197229,0.0804330259562,0.0170626249164,0.00156320084352,0.000145503596286,0.00000977471972874,0.0000145696003528],"dvar":[0.00483318464831,0.459862589836,7.91056966782,59.8268547058,226.920120239,708.476379395,238.86831665,250.836715698,235.134338379,276.061187744,779.195617676,384.567901611,433.479309082,406.69430542,263.192230225,440.749969482,1590.97790527,3136.79394531,10057.3662109,4901.91796875,3248.46191406,694.557861328,304.6640625,293.967376709,819.187744141,372.146728516,134.017120361,315.659790039,278.569641113,60.2731170654,19.8112106323,10.7260093689,0.535792708397,0.182134404778,0.0232997033745,0.00113616755698,0.0000107419382402,1.06499257413e-7,1.69403421846e-10,1.08879266714e-10],"dvar2":[0.0119571927935,1.34019422531,20.6537418365,164.262313843,596.411132813,1493.76159668,556.99005127,597.349121094,615.907653809,630.341308594,1681.25097656,774.451416016,918.546020508,830.049133301,564.777832031,940.002746582,3794.95629883,7982.19775391,22412.515625,10333.6689453,7520.484375,1583.78686523,734.006591797,699.002441406,1988.98059082,809.499694824,353.399200439,876.797607422,786.943725586,171.454177856,56.2864532471,30.7094955444,1.47181653976,0.51187223196,0.0618335492909,0.00300465989858,0.0000275373713521,2.91587042511e-7,4.55231463636e-10,2.5156110528e-10],"max":[0.922741174698,7.68645334244,35.6562347412,86.2473831177,186.081344604,406.569854736,376.637817383,439.383544922,252.724502563,420.859924316,1376.99462891,644.809326172,600.634277344,1137.18078613,591.533203125,625.76739502,854.104492188,1644.32287598,2410.14697266,3016.67260742,2095.28051758,537.056518555,500.19909668,544.314819336,1755.06311035,669.506835938,231.48991394,409.34274292,414.823364258,182.497879028,112.513725281,149.800018311,18.7672615051,14.6971673965,4.06772899628,1.38790225983,0.126168802381,0.00970737077296,0.000319862330798,0.000118883021059],"mean":[0.13574680686,1.05359268188,4.03180599213,9.21200180054,15.8879137039,24.9915485382,17.4393005371,15.1980323792,14.8592596054,22.4182415009,26.8178939819,21.8937339783,24.1282672882,17.7592792511,15.8209400177,17.3036499023,33.6475334167,49.9562072754,87.6324462891,65.0359115601,55.3551559448,27.6887989044,15.7807168961,14.4891080856,18.6088104248,13.6125679016,9.32710170746,7.70495176315,4.08271074295,2.58508849144,1.33115398884,0.916884899139,0.32423132658,0.171289727092,0.0892021879554,0.0202302150428,0.00197509839199,0.000167576305103,0.0000223678052862,0.000037853984395],"median":[0.0936349183321,0.982199907303,2.98541355133,6.34591913223,9.92564582825,8.9894618988,8.82552146912,7.86518478394,9.13819599152,14.2305011749,16.8514156342,12.6427211761,13.1551551819,9.89424324036,7.56284809113,8.0082359314,12.2516431808,17.678314209,24.722240448,19.9098014832,22.2967185974,13.1496210098,8.10193538666,6.9588675499,8.78437995911,6.37962818146,5.13901948929,3.9736123085,1.43685483932,0.96415156126,0.505956590176,0.391754508018,0.170011967421,0.085452362895,0.0472927466035,0.0108785647899,0.00105969293509,0.0000912658724701,0.0000210315029108,0.0000373720686184],"min":[1.30892648156e-21,1.55512814749e-20,7.75129367779e-20,1.22644195342e-19,6.98002788971e-20,9.550298419e-20,3.87513489165e-19,5.72316908345e-19,1.98948621245e-19,5.43313836418e-19,1.39149511716e-18,6.00830806336e-19,8.54526169628e-19,1.45224594968e-18,3.79722760944e-18,2.56955178688e-18,2.53729319056e-18,2.57152854175e-18,3.16890679961e-18,1.03561002643e-17,9.47796367163e-18,1.35543105575e-17,1.5342607213e-17,1.30447557196e-17,1.49773292176e-17,1.32395120861e-17,1.74055013621e-17,1.76096743527e-17,2.44617821211e-17,1.92333951536e-17,2.15980795317e-17,1.54023263445e-17,1.78265941965e-17,1.66777958357e-17,9.62176902112e-18,5.71656993992e-18,3.65282462195e-18,1.43803240182e-18,3.34026000354e-19,3.55851516245e-20],"var":[0.0156817603856,0.677195727825,14.6397199631,88.2568054199,330.890411377,1651.57910156,587.379943848,606.599731445,361.047729492,667.410888672,1563.82006836,1246.85021973,1264.99621582,1045.60998535,721.021057129,1019.94641113,3613.63598633,8740.70703125,34617.5664063,16540.6953125,9699.17382813,1751.37658691,620.422729492,605.680053711,1493.72021484,757.211547852,181.367675781,238.186157227,175.605941772,40.5426902771,12.9041471481,7.11678552628,0.500117838383,0.153630793095,0.0291985161602,0.0015115699498,0.0000143410816236,1.02406175984e-7,2.18849952049e-10,3.31921212737e-10]},"erbbands_crest":{"dmean":2.52086448669,"dmean2":3.96543598175,"dvar":5.86191987991,"dvar2":13.674074173,"max":32.8801269531,"mean":9.43855953217,"median":8.12165355682,"min":2.43142318726,"var":22.9271411896},"erbbands_flatness_db":{"dmean":0.0153991505504,"dmean2":0.0218294262886,"dvar":0.000263023481239,"dvar2":0.000493315863423,"max":0.39686575532,"mean":0.182562068105,"median":0.172065272927,"min":0.0274870209396,"var":0.00252648955211},"erbbands_kurtosis":{"dmean":1.06663095951,"dmean2":1.62338113785,"dvar":2.70856165886,"dvar2":5.64731025696,"max":51.5441703796,"mean":0.899004518986,"median":-0.00147304253187,"min":-1.83022069931,"var":8.70568943024},"erbbands_skewness":{"dmean":0.358591496944,"dmean2":0.535320281982,"dvar":0.126695528626,"dvar2":0.270345151424,"max":3.69577598572,"mean":0.00602496694773,"median":0.00992637686431,"min":-4.80816364288,"var":0.928605556488},"erbbands_spread":{"dmean":7.45735120773,"dmean2":11.2978954315,"dvar":61.6901779175,"dvar2":137.007827759,"max":125.87298584,"mean":35.468662262,"median":33.2138748169,"min":1.70482802391,"var":296.6355896},"gfcc":{"cov":[[5940.07958984,-395.657958984,-651.215026855,477.040039063,-316.659820557,379.501708984,-181.131347656,4.2502579689,-101.824645996,-56.8741912842,-40.329624176,-44.4163398743,10.6647377014],[-395.657958984,1034.64855957,-120.142242432,-328.986999512,281.864868164,-426.23916626,159.961959839,-123.328353882,65.5188598633,-88.8247756958,45.3899726868,-92.4845504761,42.3794517517],[-651.215026855,-120.142242432,1075.70776367,142.97883606,-312.672790527,245.054428101,-50.7928771973,209.051330566,-1.18755960464,-31.0239830017,-51.2629470825,91.7844085693,-20.9721431732],[477.040039063,-328.986999512,142.97883606,420.865386963,-0.211227342486,149.691696167,-12.9641427994,18.7276477814,-20.7938575745,20.4024028778,-2.42770791054,6.59588289261,-3.60036635399],[-316.659820557,281.864868164,-312.672790527,-0.211227342486,472.382141113,-100.607337952,56.1231803894,-132.642456055,20.0723838806,34.1612167358,28.6372966766,-74.4483566284,21.6699123383],[379.501708984,-426.23916626,245.054428101,149.691696167,-100.607337952,430.846313477,-48.2510757446,92.8342590332,-31.3283348083,48.6361122131,-15.7918872833,47.4575996399,-24.1031246185],[-181.131347656,159.961959839,-50.7928771973,-12.9641427994,56.1231803894,-48.2510757446,152.414794922,12.0418577194,7.96629810333,-12.4362392426,24.8545379639,-22.0833034515,-3.2580742836],[4.2502579689,-123.328353882,209.051330566,18.7276477814,-132.642456055,92.8342590332,12.0418577194,200.599578857,31.6590366364,-12.0895147324,-24.464389801,41.1893844604,-9.7853679657],[-101.824645996,65.5188598633,-1.18755960464,-20.7938575745,20.0723838806,-31.3283348083,7.96629810333,31.6590366364,98.6391372681,21.7170677185,-10.5588312149,-9.58299446106,4.31637811661],[-56.8741912842,-88.8247756958,-31.0239830017,20.4024028778,34.1612167358,48.6361122131,-12.4362392426,-12.0895147324,21.7170677185,85.7325057983,21.4709625244,-3.96762347221,-9.25394535065],[-40.329624176,45.3899726868,-51.2629470825,-2.42770791054,28.6372966766,-15.7918872833,24.8545379639,-24.464389801,-10.5588312149,21.4709625244,68.3484954834,13.152639389,0.0731917768717],[-44.4163398743,-92.4845504761,91.7844085693,6.59588289261,-74.4483566284,47.4575996399,-22.0833034515,41.1893844604,-9.58299446106,-3.96762347221,13.152639389,75.879989624,16.3604469299],[10.6647377014,42.3794517517,-20.9721431732,-3.60036635399,21.6699123383,-24.1031246185,-3.2580742836,-9.7853679657,4.31637811661,-9.25394535065,0.0731917768717,16.3604469299,52.8969421387]],"icov":[[0.000740843010135,-0.00235370942391,0.00195171416271,-0.00239215418696,0.00206454377621,-0.00201292196289,0.00208144192584,-0.00110036320984,0.00126976298634,-0.00086028635269,0.00142327474896,-0.000306679168716,0.000347775814589],[-0.00235370942391,0.0132872918621,-0.00844990089536,0.011212320067,-0.00912297144532,0.0090299686417,-0.00933201890439,0.00537687493488,-0.00742779066786,0.00858177896589,-0.00991245359182,0.00596712622792,-0.00421042647213],[0.00195171416271,-0.00844990089536,0.00746227940544,-0.00803954899311,0.00690786028281,-0.00670307595283,0.00661501428112,-0.00431697070599,0.00445228861645,-0.00404621567577,0.00631706602871,-0.00353450700641,0.00252559268847],[-0.00239215418696,0.011212320067,-0.00803954899311,0.0128015419468,-0.00852424651384,0.00722720427439,-0.00841439142823,0.00479573337361,-0.00575797446072,0.006157820113,-0.00814259238541,0.00471630319953,-0.00356301455759],[0.00206454377621,-0.00912297144532,0.00690786028281,-0.00852424651384,0.0103601096198,-0.00688500050455,0.00608407845721,-0.00253410357982,0.0042914589867,-0.00575790181756,0.00572055066004,-0.000755087821744,0.000444099103333],[-0.00201292196289,0.0090299686417,-0.00670307595283,0.00722720427439,-0.00688500050455,0.0106674069539,-0.0065415748395,0.00243806373328,-0.00278928061016,0.00176488282159,-0.00461665028706,0.00144586735405,-0.00116946129128],[0.00208144192584,-0.00933201890439,0.00661501428112,-0.00841439142823,0.00608407845721,-0.0065415748395,0.016008740291,-0.00655145663768,0.00477003213018,-0.00244031031616,0.00124849553686,0.000589347735513,0.0024075913243],[-0.00110036320984,0.00537687493488,-0.00431697070599,0.00479573337361,-0.00253410357982,0.00243806373328,-0.00655145663768,0.0116167403758,-0.00698921224102,0.00447688624263,-0.00121694174595,-0.00203493237495,0.00040800977149],[0.00126976298634,-0.00742779066786,0.00445228861645,-0.00575797446072,0.0042914589867,-0.00278928061016,0.00477003213018,-0.00698921224102,0.0185787472874,-0.0113080833107,0.0089208111167,-0.00187335198279,0.000112843437819],[-0.00086028635269,0.00858177896589,-0.00404621567577,0.006157820113,-0.00575790181756,0.00176488282159,-0.00244031031616,0.00447688624263,-0.0113080833107,0.0254356190562,-0.0148099008948,0.00707188388333,-0.000840492721181],[0.00142327474896,-0.00991245359182,0.00631706602871,-0.00814259238541,0.00572055066004,-0.00461665028706,0.00124849553686,-0.00121694174595,0.0089208111167,-0.0148099008948,0.0310690104961,-0.0150498105213,0.00630251131952],[-0.000306679168716,0.00596712622792,-0.00353450700641,0.00471630319953,-0.000755087821744,0.00144586735405,0.000589347735513,-0.00203493237495,-0.00187335198279,0.00707188388333,-0.0150498105213,0.0292731467634,-0.0128141585737],[0.000347775814589,-0.00421042647213,0.00252559268847,-0.00356301455759,0.000444099103333,-0.00116946129128,0.0024075913243,0.00040800977149,0.000112843437819,-0.000840492721181,0.00630251131952,-0.0128141585737,0.0262739211321]],"mean":[-9.20984363556,128.992370605,-132.161605835,47.7640762329,-50.2709312439,7.71002244949,-35.1332893372,1.47503697872,-17.0918006897,1.85631155968,-18.3448753357,-12.3650283813,-3.02953648567]},"hfc":{"dmean":6.14225721359,"dmean2":9.2920293808,"dvar":85.3880844116,"dvar2":207.202484131,"max":169.765975952,"mean":21.4957485199,"median":17.1216506958,"min":1.26072013292e-16,"var":277.326416016},"melbands":{"dmean":[0.000477114575915,0.000775431166403,0.00113219709601,0.00080283958232,0.000384756305721,0.000188882215298,0.000134792178869,0.000118502197438,0.000114794558613,0.0000639843783574,0.0000612465810264,0.0000375669005734,0.0000304305613099,0.0000276430782833,0.0000352164861397,0.0000409036583733,0.000051506471209,0.0000735451249056,0.0000506984288222,0.0000415902431996,0.0000356276214006,0.0000182833973668,0.0000107641253635,0.00000680499579175,0.00000689633134243,0.00000897717382031,0.00000659812394588,0.0000049746017794,0.00000356196892426,0.0000031894849144,0.00000379630910174,0.00000249046047429,0.00000128247620523,0.00000130688431454,6.85913448706e-7,6.44539909445e-7,4.1622149638e-7,1.52222852989e-7,8.50662331686e-8,1.09162890283e-7],"dmean2":[0.000783110270277,0.0012775354553,0.00194757583085,0.00125956640113,0.000574586854782,0.000301504158415,0.000222268223297,0.000184338903637,0.000179143957212,0.0000971271729213,0.0000923193583731,0.0000578991966904,0.0000461996169179,0.0000438769748143,0.0000552972596779,0.0000644897809252,0.0000824270682642,0.000114015994768,0.000077568780398,0.0000639927602606,0.0000563933572266,0.0000287790462608,0.0000176257617568,0.0000108214981083,0.0000111603258119,0.0000146485808727,0.0000108447575258,0.00000807483593235,0.00000590362105868,0.00000533597903996,0.00000667118183628,0.00000446631111117,0.00000221565505854,0.0000023449820219,0.00000121456412217,0.00000115769967124,7.25812242308e-7,2.54851016734e-7,1.4655292091e-7,1.85332311275e-7],"dvar":[4.07761518773e-7,0.00000146058334849,0.00000233019795814,0.00000131801448333,4.64264530819e-7,1.19884177252e-7,4.77020698497e-8,2.95920656868e-8,5.2009713869e-8,1.25114727467e-8,1.09845048613e-8,7.16319004113e-9,3.98502342236e-9,4.50230830396e-9,6.10112005361e-9,7.44284367471e-9,1.42419684934e-8,2.72553268843e-8,1.26219186214e-8,9.07801744887e-9,5.02483343823e-9,1.23253551809e-9,5.43862510582e-10,2.47336096049e-10,2.34873426264e-10,5.33790511792e-10,4.01154387486e-10,1.69541714001e-10,6.36703398338e-11,5.57507789933e-11,1.91341359423e-10,1.25603666357e-10,1.59052961773e-11,2.48284812848e-11,6.49907428221e-12,8.38782775875e-12,2.42028120635e-12,2.58816703963e-13,2.04047770434e-13,1.37123710824e-13],"dvar2":[0.00000111034898964,0.00000393892196371,0.00000640399093754,0.00000304063996737,0.00000101510227069,2.91645221751e-7,1.24571855054e-7,6.98223985296e-8,1.07540905958e-7,2.53570071607e-8,2.32994725735e-8,1.46957441771e-8,7.73804842424e-9,1.01598889302e-8,1.46445877647e-8,1.76068031266e-8,3.63080978616e-8,6.18764346427e-8,2.8169854005e-8,1.96650233875e-8,1.1723835236e-8,2.85233481279e-9,1.39595102144e-9,5.71357405832e-10,5.70447855619e-10,1.31335109455e-9,9.34438082467e-10,3.9482075942e-10,1.6884632581e-10,1.50064502491e-10,5.35699540283e-10,3.56523061074e-10,4.39986935774e-11,7.136270741e-11,1.84690717581e-11,2.4227671952e-11,6.80314788878e-12,6.91384991792e-13,5.96209442493e-13,3.78285293715e-13],"max":[0.00779069680721,0.0152715276927,0.0159714538604,0.0146843837574,0.0127746351063,0.00887508317828,0.00325730792247,0.00458894390613,0.0101925777271,0.00349443405867,0.00325437658466,0.00444325897843,0.0028262664564,0.00259421532974,0.00252869841643,0.0021938837599,0.00373192760162,0.00403667334467,0.00295491702855,0.0025162906386,0.00224626576528,0.000765162578318,0.000594040320721,0.000754591776058,0.000482622883283,0.00121443870012,0.000862751970999,0.000417145580286,0.00020664317708,0.000159131115652,0.000370978028513,0.000337737001246,0.0000836102044559,0.000130165193696,0.0000542169182154,0.000125804872368,0.0000627674380667,0.0000134643987622,0.0000187690893654,0.00000970321707428],"mean":[0.00123504525982,0.00186579150613,0.00186726136599,0.00141624268144,0.000769372505601,0.000353595911292,0.000228346209042,0.000240545050474,0.000215381936869,0.000130328699015,0.000118610310892,0.0000723240809748,0.00005510326082,0.0000447160819022,0.0000621009603492,0.0000710170788807,0.0000946407526499,0.000141246680869,0.0000976789815468,0.0000781659327913,0.0000628032066743,0.0000312971824314,0.0000174661490746,0.0000114545673569,0.0000112611596705,0.0000150209571075,0.0000114277308967,0.0000083441791503,0.00000584073814025,0.00000526951589563,0.00000417048704549,0.0000023650222829,0.00000164611969922,0.00000135177492666,7.40101825158e-7,6.74180000715e-7,5.20680373484e-7,2.40749670866e-7,1.25890153413e-7,1.58741855216e-7],"median":[0.00105979701038,0.0015549157979,0.0013228681637,0.000819428591058,0.000361117359716,0.000184554170119,0.000147666840348,0.000162707670825,0.00013384182239,0.0000734096392989,0.000062974911998,0.0000386234169127,0.0000231315170822,0.0000177915189852,0.0000225160074478,0.00002203087206,0.000029415346944,0.0000370620546164,0.0000256179264397,0.0000239759865508,0.0000237746717175,0.0000131485721795,0.00000807306696515,0.0000053804997151,0.00000495652739119,0.000006457341442,0.00000541525605513,0.00000365252435586,0.00000279202618003,0.00000311391113428,0.00000179441167347,7.33336605663e-7,6.60508476358e-7,4.58965899952e-7,2.75908377034e-7,2.46122112912e-7,2.28875734365e-7,1.24310332694e-7,6.5194740273e-8,7.5379603004e-8],"min":[1.47034805937e-23,3.49881552472e-23,1.88745968295e-23,5.83556423092e-24,1.20419419967e-23,1.23367756046e-23,3.16802299409e-24,8.26981740719e-24,1.10835746044e-23,3.39131105939e-24,4.30832439082e-24,5.19541149495e-24,1.1713940732e-23,8.55823757591e-24,5.55920771759e-24,5.74006472974e-24,4.90290857661e-24,5.08938148954e-24,8.25083741381e-24,1.80049944329e-23,9.07530907801e-24,1.18503442489e-23,1.8254580557e-23,1.02019057914e-23,1.01052269432e-23,1.41658324437e-23,7.14904012065e-24,8.90104733747e-24,1.10539599772e-23,1.08864272202e-23,9.89048086101e-24,1.50288999166e-23,1.0669412374e-23,1.00334287679e-23,1.30562270053e-23,1.12668356702e-23,8.45704486557e-24,1.11694121373e-23,1.459254624e-23,1.39941873548e-23],"var":[9.7362624274e-7,0.00000253419761975,0.00000342303519574,0.00000275684124063,0.00000111700990146,3.05834760184e-7,7.63616014865e-8,6.78127776155e-8,1.13132678337e-7,4.08038864919e-8,3.17861648114e-8,1.79367205533e-8,1.26883090701e-8,8.49692316507e-9,1.56446571253e-8,1.75406480452e-8,3.64413210718e-8,9.65434807654e-8,3.756415623e-8,2.60044679123e-8,1.36548754526e-8,2.75240474856e-9,8.7765417156e-10,4.74327688238e-10,4.14129730508e-10,9.61025814483e-10,6.69129085473e-10,2.97958241413e-10,8.71466648844e-11,6.32661562028e-11,1.26901059105e-10,7.67567259752e-11,1.30966001932e-11,1.52716138346e-11,4.19925769504e-12,5.06649106349e-12,1.85348416303e-12,2.71316199759e-13,1.32588831949e-13,1.26236735366e-13]},"melbands_crest":{"dmean":2.87643098831,"dmean2":4.84159135818,"dvar":7.13665103912,"dvar2":20.089050293,"max":36.72315979,"mean":12.5329046249,"median":12.0388851166,"min":2.85146093369,"var":15.4546909332},"melbands_flatness_db":{"dmean":0.0264267455786,"dmean2":0.0390360504389,"dvar":0.000753976404667,"dvar2":0.00159122643527,"max":0.529505193233,"mean":0.222011595964,"median":0.216052040458,"min":0.00829589273781,"var":0.00412372220308},"melbands_kurtosis":{"dmean":5.91270542145,"dmean2":9.13455486298,"dvar":102.700553894,"dvar2":221.671508789,"max":373.330291748,"mean":12.911195755,"median":6.86410140991,"min":-1.86168193817,"var":427.229156494},"melbands_skewness":{"dmean":0.656021356583,"dmean2":1.00654745102,"dvar":0.449015468359,"dvar2":1.00116086006,"max":18.1112174988,"mean":2.55278277397,"median":2.35523915291,"min":-2.91703820229,"var":2.62740039825},"melbands_spread":{"dmean":6.69136333466,"dmean2":10.4705619812,"dvar":72.3220062256,"dvar2":172.092102051,"max":157.147354126,"mean":23.3277263641,"median":18.661397934,"min":0.854412019253,"var":291.940063477},"mfcc":{"cov":[[5546.27734375,-686.797119141,-515.263977051,74.673614502,-86.0758590698,246.247177124,-26.5125160217,69.9773635864,-71.276260376,-9.86002826691,-41.7134056091,-8.94166374207,-28.7697525024],[-686.797119141,1357.94519043,-397.672271729,57.2377357483,-44.3435287476,-210.5650177,-1.40254294872,-114.260673523,10.1826410294,-24.8253955841,-24.6745643616,-16.7843494415,-37.8133354187],[-515.263977051,-397.672271729,1337.23693848,-120.63142395,-30.3751964569,-32.6602287292,-38.4611091614,230.929458618,63.8912734985,-34.4508781433,9.50938606262,28.1831073761,37.6687889099],[74.673614502,57.2377357483,-120.63142395,354.408721924,40.2711257935,12.6376333237,27.5524787903,-36.4844474792,-3.56165862083,13.1251096725,-3.78351449966,-17.5496273041,-21.1375751495],[-86.0758590698,-44.3435287476,-30.3751964569,40.2711257935,228.406951904,106.388916016,19.0649833679,-16.9571228027,19.3403263092,21.4176712036,-1.44768106937,1.46787452698,4.54145956039],[246.247177124,-210.5650177,-32.6602287292,12.6376333237,106.388916016,251.864089966,72.5611953735,-26.4234466553,-19.2189540863,23.4295387268,12.8392381668,-1.56258368492,5.46499633789],[-26.5125160217,-1.40254294872,-38.4611091614,27.5524787903,19.0649833679,72.5611953735,141.371749878,26.1664276123,-13.8058185577,8.68191814423,9.72469902039,7.40582895279,3.17763018608],[69.9773635864,-114.260673523,230.929458618,-36.4844474792,-16.9571228027,-26.4234466553,26.1664276123,148.102127075,47.6225204468,-8.18597793579,3.09134197235,18.7035083771,19.8606529236],[-71.276260376,10.1826410294,63.8912734985,-3.56165862083,19.3403263092,-19.2189540863,-13.8058185577,47.6225204468,96.883102417,33.1821250916,1.46094214916,9.34152698517,6.29314470291],[-9.86002826691,-24.8253955841,-34.4508781433,13.1251096725,21.4176712036,23.4295387268,8.68191814423,-8.18597793579,33.1821250916,78.5365219116,30.6941146851,1.34823060036,0.388192981482],[-41.7134056091,-24.6745643616,9.50938606262,-3.78351449966,-1.44768106937,12.8392381668,9.72469902039,3.09134197235,1.46094214916,30.6941146851,62.9493103027,24.8024196625,-1.10616505146],[-8.94166374207,-16.7843494415,28.1831073761,-17.5496273041,1.46787452698,-1.56258368492,7.40582895279,18.7035083771,9.34152698517,1.34823060036,24.8024196625,60.7627029419,21.9493770599],[-28.7697525024,-37.8133354187,37.6687889099,-21.1375751495,4.54145956039,5.46499633789,3.17763018608,19.8606529236,6.29314470291,0.388192981482,-1.10616505146,21.9493770599,59.3713684082]],"icov":[[0.000255989376456,0.0000821803405415,0.000214510044316,-0.0000961215628195,0.000263565714704,-0.000453191692941,0.000481330615003,-0.0007025146042,0.000381632125936,-0.000222051690798,0.000432585802628,-0.000267797033302,0.000304924789816],[0.0000821803405415,0.00114722235594,0.000237780419411,0.000010492904039,-0.000110250322905,0.0011733075371,-0.000849516596645,0.00112520705443,-0.000930261739995,0.000792049919255,-0.0000893863107194,0.0000817934705992,0.000254378421232],[0.000214510044316,0.000237780419411,0.00131541967858,0.000038722249883,0.000201792703592,-0.000476895394968,0.00105108343996,-0.00230712373741,0.000310582603561,0.000287937873509,-0.0000414430251112,-0.0000296005855489,0.000153934190166],[-0.0000961215628195,0.000010492904039,0.000038722249883,0.00316155096516,-0.000688543426804,0.000635312870145,-0.00111243780702,0.000972325971816,-0.000416555383708,-0.000106359322672,-0.0000743117925595,0.000633605057374,0.000598815095145],[0.000263565714704,-0.000110250322905,0.000201792703592,-0.000688543426804,0.00625517684966,-0.00338738877326,0.00105539767537,-0.000317327154335,-0.00126923329663,-0.000675960851368,0.00149815692566,-0.000991034554318,0.000100572542578],[-0.000453191692941,0.0011733075371,-0.000476895394968,0.000635312870145,-0.00338738877326,0.00871773716062,-0.00517924688756,0.00436913920566,-0.000757387431804,0.000339320627972,-0.00176501297392,0.00151192490011,-0.0011850327719],[0.000481330615003,-0.000849516596645,0.00105108343996,-0.00111243780702,0.00105539767537,-0.00517924688756,0.0122284619138,-0.0074977055192,0.00509302737191,-0.00318553950638,0.00160401850007,-0.00210247584619,0.00116703624371],[-0.0007025146042,0.00112520705443,-0.00230712373741,0.000972325971816,-0.000317327154335,0.00436913920566,-0.0074977055192,0.0177173260599,-0.00983890332282,0.00604162784293,-0.00341716967523,0.00105636776425,-0.00316798035055],[0.000381632125936,-0.000930261739995,0.000310582603561,-0.000416555383708,-0.00126923329663,-0.000757387431804,0.00509302737191,-0.00983890332282,0.020614689216,-0.0124727897346,0.00709988037124,-0.00462045287713,0.00216949405149],[-0.000222051690798,0.000792049919255,0.000287937873509,-0.000106359322672,-0.000675960851368,0.000339320627972,-0.00318553950638,0.00604162784293,-0.0124727897346,0.0250107925385,-0.0145372785628,0.00709636602551,-0.00338956154883],[0.000432585802628,-0.0000893863107194,-0.0000414430251112,-0.0000743117925595,0.00149815692566,-0.00176501297392,0.00160401850007,-0.00341716967523,0.00709988037124,-0.0145372785628,0.0290491264313,-0.0141117395833,0.00635841256008],[-0.000267797033302,0.0000817934705992,-0.0000296005855489,0.000633605057374,-0.000991034554318,0.00151192490011,-0.00210247584619,0.00105636776425,-0.00462045287713,0.00709636602551,-0.0141117395833,0.0264628753066,-0.00974031724036],[0.000304924789816,0.000254378421232,0.000153934190166,0.000598815095145,0.000100572542578,-0.0011850327719,0.00116703624371,-0.00316798035055,0.00216949405149,-0.00338956154883,0.00635841256008,-0.00974031724036,0.0218787267804]],"mean":[-641.981994629,144.676055908,-13.4024200439,38.7301902771,5.0352897644,11.1767435074,-4.64622974396,-3.87374997139,5.19825315475,7.1417632103,-4.27110624313,-2.4682071209,-4.42746400833]},"pitch_salience":{"dmean":0.0645940378308,"dmean2":0.106474451721,"dvar":0.00340956402943,"dvar2":0.00896963942796,"max":0.916551291943,"mean":0.594131886959,"median":0.594802260399,"min":0.0716427192092,"var":0.00971935782582},"silence_rate_20dB":{"dmean":0,"dmean2":0,"dvar":0,"dvar2":0,"max":1,"mean":1,"median":1,"min":1,"var":0},"silence_rate_30dB":{"dmean":0,"dmean2":0,"dvar":0,"dvar2":0,"max":1,"mean":1,"median":1,"min":1,"var":0},"silence_rate_60dB":{"dmean":0.0055437493138,"dmean2":0.0110885230824,"dvar":0.00551280705258,"dvar2":0.0126279806718,"max":1,"mean":0.0288248341531,"median":0,"min":0,"var":0.0279946029186},"spectral_centroid":{"dmean":246.194702148,"dmean2":382.944854736,"dvar":88076.046875,"dvar2":194690.65625,"max":11355.2617188,"mean":1225.55834961,"median":1155.25219727,"min":176.488327026,"var":373576.71875},"spectral_complexity":{"dmean":4.16391038895,"dmean2":6.17926454544,"dvar":20.5018730164,"dvar2":39.3805007935,"max":58,"mean":21.3713970184,"median":21,"min":0,"var":106.291275024},"spectral_contrast_coeffs":{"dmean":[0.0541515871882,0.0443037934601,0.0369707718492,0.0311605669558,0.021543731913,0.019822018221],"dmean2":[0.0895703136921,0.0718678981066,0.0589793622494,0.0492035672069,0.0347913019359,0.0305060110986],"dvar":[0.00217782286927,0.00129104929511,0.000904163811356,0.000664377352223,0.000324746593833,0.000365884305211],"dvar2":[0.0054493653588,0.00331644993275,0.00222623161972,0.00157565681729,0.00079769117292,0.000801677117124],"max":[-0.340564638376,-0.406133383512,-0.46993675828,-0.512305319309,-0.583869278431,-0.523010730743],"mean":[-0.62348651886,-0.746103286743,-0.767408490181,-0.765192210674,-0.793863832951,-0.72037756443],"median":[-0.625178694725,-0.752357006073,-0.771695137024,-0.776719450951,-0.797651410103,-0.723988175392],"min":[-0.963681221008,-0.958693802357,-0.963171362877,-0.968490004539,-0.9619384408,-0.96271777153],"var":[0.00633707549423,0.00455536181107,0.00344042177312,0.00453841360286,0.00139029615093,0.00205694139004]},"spectral_contrast_valleys":{"dmean":[0.353640496731,0.3695756495,0.35008892417,0.318358033895,0.300217211246,0.294209420681],"dmean2":[0.579574406147,0.579429030418,0.533865332603,0.470977008343,0.427487492561,0.393783450127],"dvar":[0.105965554714,0.120343022048,0.107188902795,0.10114993155,0.117059409618,0.18909342587],"dvar2":[0.241652265191,0.247649416327,0.206213444471,0.176195472479,0.198988422751,0.345256984234],"max":[-5.415807724,-4.69350624084,-4.78563547134,-5.4563794136,-5.50468254089,-7.92413377762],"mean":[-6.86606645584,-6.50029611588,-7.34271621704,-7.41756868362,-7.42421627045,-10.7569112778],"median":[-6.61914730072,-6.36190986633,-7.23203516006,-7.29866981506,-7.27767086029,-10.4467926025],"min":[-27.417509079,-27.297000885,-27.1809616089,-27.2087745667,-27.2348518372,-27.1576004028],"var":[0.843902409077,0.752775251865,0.744681417942,0.837844073772,0.896942973137,1.20812809467]},"spectral_decrease":{"dmean":2.01520689025e-9,"dmean2":3.16390136312e-9,"dvar":5.11210812089e-18,"dvar2":1.19572448247e-17,"max":3.87933057109e-29,"mean":-7.90503928982e-9,"median":-7.7788406827e-9,"min":-2.27042491474e-8,"var":1.47621663054e-17},"spectral_energy":{"dmean":0.00795204937458,"dmean2":0.0124320695177,"dvar":0.0000779908223194,"dvar2":0.00018065146287,"max":0.0911166667938,"mean":0.0317851155996,"median":0.031309697777,"min":1.12886800301e-20,"var":0.000234917781199},"spectral_energyband_high":{"dmean":0.00035317055881,"dmean2":0.000600665924139,"dvar":0.00000102701324067,"dvar2":0.00000282922746919,"max":0.0220026131719,"mean":0.000549858668819,"median":0.000296016922221,"min":8.25518334951e-21,"var":8.70643418693e-7},"spectral_energyband_low":{"dmean":0.0037011844106,"dmean2":0.00607712427154,"dvar":0.0000240205536102,"dvar2":0.0000642578888801,"max":0.0558651313186,"mean":0.0104249976575,"median":0.00955806206912,"min":1.68871883121e-22,"var":0.0000547877352801},"spectral_energyband_middle_high":{"dmean":0.00211875303648,"dmean2":0.00311020505615,"dvar":0.00000829846703709,"dvar2":0.0000173683638423,"max":0.0510277822614,"mean":0.00708683300763,"median":0.00449116155505,"min":1.5120894919e-21,"var":0.0000506424512423},"spectral_energyband_middle_low":{"dmean":0.0061793057248,"dmean2":0.00989765673876,"dvar":0.000059394085838,"dvar2":0.000141576558235,"max":0.0776223540306,"mean":0.0156101025641,"median":0.0128030143678,"min":2.40020762776e-22,"var":0.00012977606093},"spectral_entropy":{"dmean":0.156025543809,"dmean2":0.227432519197,"dvar":0.0284449663013,"dvar2":0.0573418065906,"max":9.81279754639,"mean":7.43404197693,"median":7.49769639969,"min":5.575340271,"var":0.150273397565},"spectral_flux":{"dmean":0.0242727175355,"dmean2":0.0364522896707,"dvar":0.000582988723181,"dvar2":0.00123852002434,"max":0.269623547792,"mean":0.0842636451125,"median":0.078836530447,"min":1.0624819774e-10,"var":0.00152969185729},"spectral_kurtosis":{"dmean":2.47332787514,"dmean2":4.20729827881,"dvar":13.9825620651,"dvar2":35.9244117737,"max":86.2109146118,"mean":5.3797955513,"median":4.07135772705,"min":-1.15911757946,"var":38.2692985535},"spectral_rms":{"dmean":0.000686488870997,"dmean2":0.00105653586797,"dvar":5.11223845479e-7,"dvar2":0.00000112830753096,"max":0.00942837819457,"mean":0.00534961093217,"median":0.00552684813738,"min":3.31863616448e-12,"var":0.00000239159385274},"spectral_rolloff":{"dmean":334.416320801,"dmean2":564.008544922,"dvar":359454.78125,"dvar2":874240.25,"max":18798.4863281,"mean":1228.04260254,"median":990.52734375,"min":43.06640625,"var":828651.5},"spectral_skewness":{"dmean":0.29067632556,"dmean2":0.471755623817,"dvar":0.109148479998,"dvar2":0.260648071766,"max":7.6594004631,"mean":1.47063553333,"median":1.38065671921,"min":-0.0613755881786,"var":0.436752796173},"spectral_spread":{"dmean":366061.15625,"dmean2":537603.75,"dvar":230307250176,"dvar2":371765051392,"max":40327980,"mean":3591660.25,"median":3482214,"min":903089.5,"var":1349136023550},"spectral_strongpeak":{"dmean":0.712181389332,"dmean2":1.23627460003,"dvar":1.98676633835,"dvar2":4.93290472031,"max":16.3681678772,"mean":1.12440288067,"median":0.491974294186,"min":0,"var":3.39366054535},"zerocrossingrate":{"dmean":0.007169383578,"dmean2":0.00867906119674,"dvar":0.0000689445078024,"dvar2":0.0000922489562072,"max":0.5048828125,"mean":0.0481889918447,"median":0.0458984375,"min":0.005859375,"var":0.000502602022607}},"metadata":{"audio_properties":{"analysis_sample_rate":44100,"bit_rate":192000,"codec":"mp3","downmix":"mix","equal_loudness":0,"length":251.297958374,"lossless":false,"md5_encoded":"2b946037f83216557fe866e2f176081a","replay_gain":-3.65217781067,"sample_rate":44100},"tags":{"acoustid_fingerprint":["AQADtFKUSJKmhMIX0Xh2pIee40fMEcfpw-SGH1eWwJ2HHx_zIP2RXGqIw0eZ7cV1B31yNJrRB1a_4QxO6jD-IX0K--iXQr3xH2GdVIJTXKi84Deu6aioHrYGPNmF_EUS2ahkHY0mJceb_Dj-TEGYf2iz5Tgz5ApITQqa9ehxH2f0IN9x9VA3IbyL5sf7gxealAlqoXOO9Dkq9YEe6fhShBea_PjB7sNXozwaPLiOecQUHX2QH_2MHyKlpUPl48rBWJIhUilqHy_6HP6hefiRxZsRZhSe4yz2HfoRZg96PMdzXM_RH2Eo_NCToS_C9LgTzC_ODBfK-2ByfB76HE1T1JKCBnFyJN2Y4iL4HiW850FVHc9zHD8m-mjS4i2e4TuaHpHK4_hxqcnBhJoQWviDhpOMPsR_NFKGUI1kodRBoUfhkcckZzl-rD_047tQfQhjN7hkXEcf_GiVvMgqHz2N5oeO7KijHE8VVPrx4zr2D81N9AHuLOfwC9VPhNl26EKOelGaw2mIHs-OP8ab48qDKa8RPhDCg2LyCE03_HhiHX-C6-gH6gF9r-hxhziOBpV55GGhaUKYHnxyPF0CnseD50df-DL8J6jxLIrQxEtQGvmh6wmy1-g1OFeESWFwBUePdNRxpyifQw9GX4KP_5BCbWiaBlrLY0qeFHL14OGFmHbwXGiOdgr2PPhH4g9Y5ujRnEceHfuhz2i4BeHL4sc-5bC6pDj6HE3f4wjToye088gvVLzwJcLnwMexX8It_ELRnDn-49qR5xCJ4z2uPAmc58iJMzki9Uin5MU3wyg7C-eT4MSzLIJDgsih9zky3yLKHv4xifrwGG9O7IFDHjm-C3ryIIyOrlnAiWiPZlJ-RE9uaEeaP7j3oJeMa0mC3-jRZEqOm3lx6QompTma43h59MJ_xFkSNKWCQ7mJPxHCNI2Mzju-4zqaNEG3DdGP3kNTPsYXsJItpByDPAx0PciP6XBo9KnwDBePPtIRxkeO69j3IfYTaLuChpxwI2Z8tGRR_rjyIc8FXcclIUtCRkepJDt-nBnyNKCS6Rv0CO9RQlGeQzcuHdqDEI8y42kaxA9M7hh-yHtn9DmaM8d_aFKEbTp8Hj0u_IPGPFOC5lJD5Dqe6kjrDk8TQQ-fI2eOBv3xZbi0E8_TpGhkdqjodfh4PJtxL0XNI3WmHMmH5lKwD39wCw8ZXFlG5GiujOiH2kEzJTy-PLihKHyEkMqxOx3-ID_EE1cyCc8HhrfwqbDSQ9HxbTvSH9-DSA-8GX5OMNYHnU5Q-Zjy49HxHfqmHL0SNEmO47jy4IOfEcqJ_3Ck5Id-gfkRJr_xXnjwDE-CdIdO_PgtMHKOpvrxc9CXI9qEa7h3_DjxPAjtFFqOH3FO9EbTBLk-6EfOpQo2_viOKwpuF41uVJfCIPkj5NpxKUkePMmPSA98HoV-6IyKO6MU9McfQkuVHXmSMFzws_jRLzmaLsaTHmpy4k8VXA96PFEYNCW-I3-C5EepDY2b4_iGU8oFh8V35NCP_Li0w5OYC-vxo0eWTAlTfDt0NPuD8OlwPIoQJpkUoRJ-8MIv1DaiOUdxZ8fz4D0R8mgOXbrw8EEb59CiPHgQkcdz49osNF_Qnkj-Ikxt9FoanCKcxAsuvMKu1Mgd6NOFUC6sJkIlAt-NZmsuoWvyCPmhUU4FSwj1rEqI