{"lowlevel":{"average_loudness":0.883348107338,"barkbands":{"dmean":[0.00000147602293055,0.0000913300391403,0.00017259955348,0.000932409137022,0.00103446317371,0.00153540691826,0.00171122874599,0.00129747705068,0.000939887133427,0.000680901575834,0.000579302664846,0.000347300170688,0.000278297578916,0.00039718329208,0.000357124314178,0.000185790951946,0.000186073302757,0.000156672453159,0.000099305078038,0.000061029495555,0.0000179847393156,0.0000169489921973,0.0000103057800516,0.00000629101850791,0.00000176296771315,2.62046683019e-7,2.65589061854e-8],"dmean2":[0.00000251358278547,0.000107218438643,0.000232992359088,0.00126116722822,0.0015428441111,0.00210915831849,0.00225313054398,0.00173651229125,0.00127924326807,0.00100077479146,0.000889127957635,0.00051521504065,0.000427408376709,0.000605177716352,0.000532607373316,0.00027447057073,0.000279839325231,0.00023858503846,0.000145274068927,0.0000907822177396,0.0000259784210357,0.0000242675869231,0.0000148932949742,0.00000865990205057,0.00000242426472141,3.77741713464e-7,3.9235185767e-8],"dvar":[3.60660503199e-12,4.17209164993e-8,2.68842882178e-7,0.00000382104008168,0.00000289401123155,0.00000756287454351,0.00000900616305444,0.00000614337159277,0.0000044660578169,0.00000279887967736,0.00000302306239064,6.16486886429e-7,4.83229541715e-7,0.00000124306779981,7.90806325313e-7,2.12135290667e-7,1.57352303631e-7,8.04652557918e-8,2.92239725752e-8,2.68383910651e-8,2.58464383229e-9,3.98930755097e-9,2.24021623474e-9,1.18228715706e-9,6.68642086143e-11,9.19806657056e-13,8.0809204746e-15],"dvar2":[9.84061269971e-12,6.15876771803e-8,4.09193802398e-7,0.00000717832881492,0.00000654277801004,0.0000152190314111,0.0000169468239619,0.0000096512339951,0.00000857040868141,0.00000600604425927,0.00000813711722003,0.00000131979766138,0.00000110460916858,0.00000308597395815,0.00000170340251771,3.92208278299e-7,3.82922991093e-7,2.01608926886e-7,6.43822417601e-8,6.03865686344e-8,5.45600231661e-9,7.38126759714e-9,4.60987603645e-9,2.2699309099e-9,1.18566975682e-10,1.76180153365e-12,1.84612897614e-14],"max":[0.0000360803896911,0.00773830059916,0.0315209366381,0.0494742318988,0.0383537821472,0.0756116732955,0.0571243986487,0.0526368878782,0.0621232688427,0.0467016771436,0.0387846343219,0.017257111147,0.0260389279574,0.0280296150595,0.0302910190076,0.0159788448364,0.00722040887922,0.00582303013653,0.00313351559453,0.00507356738672,0.00106610869989,0.00155858229846,0.00126389728393,0.00103202555329,0.000284038105747,0.0000477181420138,0.0000019309450181],"mean":[0.00000176225523774,0.000326671666699,0.000484156014863,0.0022839566227,0.00240153470077,0.00319421454333,0.00297505198978,0.00239054486156,0.00181484117638,0.00119690119755,0.000979121774435,0.000607396301348,0.000510336307343,0.000661911850329,0.000554373196792,0.000315625307849,0.000317403580993,0.000288675306365,0.000185749770026,0.000115488015581,0.0000314919452649,0.0000326021981891,0.0000178554491868,0.000010731932889,0.00000306762490254,6.01322085458e-7,7.53240740892e-8],"median":[0.0000011052982245,0.00018216916942,0.000107695894258,0.000492021557875,0.00148496811744,0.00183112500235,0.00112572172657,0.000899789389223,0.000563914189115,0.000364785082638,0.000264032220002,0.000181124400115,0.000157454094733,0.000176563713467,0.000198343186639,0.000109623018943,0.000135570793645,0.000131089254864,0.0000903187465155,0.0000330993716489,0.0000108735712274,0.00000602074578637,0.00000312735346597,0.00000185489068372,7.00663463249e-7,1.22418867932e-7,3.54780809175e-8],"min":[6.11400375315e-14,7.06581928384e-13,5.74388139048e-13,4.5336415286e-13,1.25633639776e-12,6.43531452085e-13,2.55709895532e-13,7.72544260009e-14,1.80209661213e-13,1.22732770128e-13,3.32849287683e-14,5.49611693505e-14,9.45589431951e-14,1.32264492869e-13,2.28409278253e-14,9.78400845585e-14,6.47328870194e-14,1.67538061874e-13,1.24783484327e-13,6.47992876262e-14,8.39642618671e-14,1.0639873585e-13,3.51340403168e-13,2.522180327e-13,3.60251108458e-13,5.74928830672e-13,1.360508841e-11],"var":[4.5577304951e-12,2.78139935972e-7,0.00000203710487767,0.0000203038998734,0.00000830427961773,0.0000214087340282,0.000021840678528,0.0000187619789358,0.0000146856573338,0.00000732400894776,0.0000071224135354,0.00000144460329921,0.00000151408835336,0.00000255493569057,0.00000158896773428,5.60890839552e-7,3.2088610169e-7,1.86627445942e-7,6.89251820063e-8,7.00195741388e-8,4.59494087224e-9,9.32420274324e-9,3.82443854363e-9,2.18322404599e-9,1.59711077696e-10,3.04051749056e-12,1.79691297378e-14]},"barkbands_crest":{"dmean":2.422311306,"dmean2":3.66499662399,"dvar":4.50851154327,"dvar2":10.2322397232,"max":25.8141918182,"mean":10.4935874939,"median":9.80028629303,"min":2.78004813194,"var":15.4653043747},"barkbands_flatness_db":{"dmean":0.0189142003655,"dmean2":0.0257633179426,"dvar":0.000358708464773,"dvar2":0.000622128602117,"max":0.398211032152,"mean":0.184129714966,"median":0.178268969059,"min":0.0540738739073,"var":0.00195855367929},"barkbands_kurtosis":{"dmean":2.14117145538,"dmean2":3.17033052444,"dvar":14.2959260941,"dvar2":29.2222003937,"max":84.2772216797,"mean":3.22490429878,"median":1.72721481323,"min":-1.95556235313,"var":33.0224494934},"barkbands_skewness":{"dmean":0.433788925409,"dmean2":0.618257343769,"dvar":0.211252212524,"dvar2":0.438045173883,"max":8.55225563049,"mean":1.34249997139,"median":1.28078746796,"min":-3.07021164894,"var":0.880865633488},"barkbands_spread":{"dmean":3.51569390297,"dmean2":5.04823255539,"dvar":26.048658371,"dvar2":49.9379196167,"max":150.277938843,"mean":15.9088945389,"median":11.8241653442,"min":0.671895623207,"var":404.882232666},"dissonance":{"dmean":0.0226226616651,"dmean2":0.0362266488373,"dvar":0.000461069546873,"dvar2":0.0011224829359,"max":0.499673128128,"mean":0.445763975382,"median":0.453447043896,"min":0.167915940285,"var":0.00132906413637},"dynamic_complexity":4.26187992096,"erbbands":{"dmean":[0.000863538880367,0.0272638667375,0.168669730425,1.59095358849,3.77362751961,3.42492294312,6.39944314957,13.2319507599,15.6456708908,44.5709724426,19.9505691528,23.4902019501,21.2996139526,17.2741260529,20.4591312408,14.5476865768,13.2454986572,18.3026313782,13.0617570877,21.7454528809,7.48173141479,9.2651424408,9.23247718811,5.74374055862,4.12306880951,3.21551036835,1.11554193497,0.560463368893,0.539428174496,0.559770584106,0.256671458483,0.198577284813,0.0611661523581,0.0282042622566,0.00844926759601,0.00165682542138,0.000457668269519,0.0000592395808781,0.00000711324901204,0.00000690751130605],"dmean2":[0.00114952097647,0.031845510006,0.218820974231,2.13975667953,5.56194210052,5.12238359451,8.78799247742,18.1934986115,22.0886516571,56.8732032776,27.1696891785,31.8697090149,30.8945140839,25.423002243,31.0666065216,21.651304245,20.2384376526,27.5748271942,19.0248718262,32.5986480713,10.6874094009,13.5860795975,13.9641990662,8.52408027649,5.9114112854,4.80809688568,1.61788570881,0.792332172394,0.766664981842,0.811101555824,0.366609781981,0.275984853506,0.0855507776141,0.0383407473564,0.0119840456173,0.00238923938014,0.000653546710964,0.0000860545333126,0.00000971107783698,0.00000838385676616],"dvar":[0.00000175763091192,0.00396942626685,0.230753049254,11.2244329453,45.5167388916,46.0437202454,213.108642578,562.738525391,686.37512207,6821.44384766,1259.63977051,2871.18969727,2971.51660156,1842.50097656,3414.140625,817.406494141,1072.13720703,2824.8737793,1232.26513672,2940.46459961,466.266601562,350.462188721,258.018951416,99.0978927612,71.4415130615,97.9662628174,8.26933670044,3.44266653061,4.23938846588,5.03584384918,1.39563119411,1.33015966415,0.0790661796927,0.0171437319368,0.00195929175243,0.0000381951576855,0.0000028484653285,5.64247244483e-8,2.91258017704e-10,5.87385348694e-11],"dvar2":[0.0000027566566132,0.00595241691917,0.337418675423,22.6995754242,100.987510681,103.982414246,466.168640137,1063.08911133,1385.1652832,11780.5146484,2341.35375977,5494.93066406,6530.64355469,4082.45043945,8995.54785156,1936.48913574,2490.85595703,6906.83935547,2540.09277344,6311.65576172,791.141784668,811.44329834,640.54473877,220.655090332,147.631393433,221.772277832,17.7698249817,7.70026874542,7.70235729218,9.78164100647,2.8209605217,2.61216545105,0.144507408142,0.0288889594376,0.00424656830728,0.0000759067770559,0.0000053718304116,1.20091016242e-7,6.35576591357e-10,9.58083057334e-11],"max":[0.0560599341989,2.24334859848,32.4021263123,83.516494751,150.299438477,152.674133301,476.744689941,891.015380859,360.19039917,1210.17651367,819.021789551,1685.35229492,1694.74023438,1102.41467285,1363.27038574,526.361206055,1254.51049805,1663.54272461,1212.80761719,2028.97692871,1102.17797852,324.049346924,260.328582764,220.978546143,229.856964111,347.131652832,77.2398300171,54.9611434937,50.2652626038,55.3482170105,30.0590286255,39.1853675842,7.21472930908,4.31716251373,2.1397125721,0.318315327168,0.0759963840246,0.00819157622755,0.000347004883224,0.000126146711409],"mean":[0.00302014360204,0.09838552773,0.524074137211,4.12983417511,8.58499622345,7.79369735718,13.6312589645,27.654499054,27.95013237,75.8448944092,40.7687530518,46.5725975037,37.1013145447,33.4218025208,38.151927948,26.9982337952,26.1326084137,31.7434539795,23.6834774017,35.2800254822,14.0400209427,16.8170166016,18.2786464691,11.2911834717,7.81202363968,6.16665935516,2.09660291672,0.98232537508,1.01368105412,1.09038376808,0.453699231148,0.323740690947,0.111795581877,0.0484094768763,0.0143228890374,0.00358352251351,0.00102412630804,0.000129730280605,0.0000247041698458,0.0000262081484834],"median":[0.00196762243286,0.0561033338308,0.213306903839,1.10903835297,3.74037384987,4.45325279236,7.8406419754,15.5074138641,13.2806873322,22.2610683441,20.5631980896,16.6919708252,11.4636650085,11.7106676102,12.7352724075,9.34005737305,9.8774394989,9.61388587952,8.08653926849,12.7389907837,6.16710710526,7.71354627609,9.72588634491,5.64812374115,3.99013447762,1.8384732008,0.70464271307,0.330692708492,0.208376288414,0.149587273598,0.0868877395988,0.0508788637817,0.0239638667554,0.0110445786268,0.00316016678698,0.000802036258392,0.000185613578651,0.0000359950427082,0.0000160030758707,0.0000218535024032],"min":[1.81385670373e-11,1.68613956131e-10,6.05572758605e-10,1.20169341145e-9,2.47849696322e-9,4.67298599816e-9,5.29224220003e-9,5.23495602422e-9,4.33705960035e-9,2.6622757332e-9,1.8481549624e-9,3.8651770673e-9,4.85871520794e-9,2.65416622014e-9,1.13597387053e-9,2.72576627935e-9,4.29674296143e-9,5.97641447442e-9,3.52633255929e-9,1.79504389131e-9,6.72141853286e-9,2.94160518166e-9,7.82371678554e-9,8.29707502703e-9,4.29420676795e-9,3.01441338557e-9,4.13723144632e-9,2.76096079332e-9,2.76607670102e-9,5.59646240461e-9,8.79175576785e-9,8.36114999458e-9,3.83012555005e-9,3.1208418072e-9,2.9734528173e-9,2.82245249394e-9,9.1189489293e-10,1.2103937852e-9,1.42026490568e-9,2.98354119188e-10],"var":[0.000015401516066,0.0259339138865,1.75452554226,56.2504425049,151.716934204,111.078529358,482.131713867,1685.55773926,1523.73449707,17607.0976562,3716.57958984,9301.38867188,6513.27734375,5794.86132812,8307.70507812,1845.13793945,3495.49926758,5646.546875,2802.01782227,5855.46484375,1111.49499512,754.636962891,645.680358887,263.632507324,147.10256958,236.428756714,16.9697208405,5.33771085739,9.22560119629,11.4872608185,2.45055103302,2.28026795387,0.164530232549,0.0421809926629,0.00346486130729,0.000100366589322,0.0000100138649941,1.30658165176e-7,9.26954235592e-10,3.75969450017e-10]},"erbbands_crest":{"dmean":2.81865310669,"dmean2":4.33019447327,"dvar":6.797996521,"dvar2":14.8599386215,"max":29.2912406921,"mean":10.2725744247,"median":9.20689582825,"min":2.33457326889,"var":21.3567943573},"erbbands_flatness_db":{"dmean":0.0149816125631,"dmean2":0.0204777177423,"dvar":0.000209522622754,"dvar2":0.00038973215851,"max":0.367249757051,"mean":0.225077405572,"median":0.228078305721,"min":0.025794994086,"var":0.00192766520195},"erbbands_kurtosis":{"dmean":0.892507612705,"dmean2":1.36556720734,"dvar":1.71298241615,"dvar2":3.68176293373,"max":26.7857933044,"mean":0.342621862888,"median":-0.204595088959,"min":-1.82642042637,"var":3.93801021576},"erbbands_skewness":{"dmean":0.370281845331,"dmean2":0.536321640015,"dvar":0.127967998385,"dvar2":0.255885213614,"max":4.07372188568,"mean":0.483373761177,"median":0.498109251261,"min":-3.84674978256,"var":0.508547782898},"erbbands_spread":{"dmean":5.43782997131,"dmean2":7.94143199921,"dvar":43.1447868347,"dvar2":92.9648132324,"max":133.105453491,"mean":27.2447605133,"median":25.0899219513,"min":3.64757847786,"var":176.73425293},"gfcc":{"cov":[[17920.8339844,2255.63330078,-3210.20874023,-37.0865325928,-1516.79199219,-479.983673096,-824.262390137,-110.814933777,-355.3409729,-15.844203949,-133.808517456,-119.518013,-260.199401855],[2255.63330078,1585.66662598,-204.850418091,-208.037002563,99.0513381958,-247.431381226,-81.7666091919,-19.1250171661,-33.0214424133,-97.3922958374,-19.0102348328,-92.7462997437,-27.392786026],[-3210.20874023,-204.850418091,1022.03961182,101.992660522,297.176269531,164.543365479,127.393173218,37.3949127197,49.7204360962,-29.2582645416,-21.5123062134,-3.41879630089,11.5577297211],[-37.0865325928,-208.037002563,101.992660522,344.923309326,34.8053970337,11.9327936172,-19.4188652039,15.1723594666,14.5524997711,14.9901676178,-25.2085857391,-19.4609508514,13.4990653992],[-1516.79199219,99.0513381958,297.176269531,34.8053970337,338.526092529,16.2085914612,73.0675888062,18.9831600189,48.8847465515,-4.28518009186,-10.2499103546,-20.7040786743,32.3105201721],[-479.983673096,-247.431381226,164.543365479,11.9327936172,16.2085914612,208.787414551,68.8033981323,17.5690631866,15.4618291855,26.7744445801,21.0495204926,32.3398399353,-6.25627803802],[-824.262390137,-81.7666091919,127.393173218,-19.4188652039,73.0675888062,68.8033981323,252.577911377,27.1126976013,-16.1146278381,34.767375946,13.5185031891,17.8051109314,-9.24336051941],[-110.814933777,-19.1250171661,37.3949127197,15.1723594666,18.9831600189,17.5690631866,27.1126976013,89.8015670776,38.3821907043,15.5124416351,20.9251079559,4.07628965378,13.4745044708],[-355.3409729,-33.0214424133,49.7204360962,14.5524997711,48.8847465515,15.4618291855,-16.1146278381,38.3821907043,128.844696045,37.1546974182,33.0778656006,8.16836357117,16.9823284149],[-15.844203949,-97.3922958374,-29.2582645416,14.9901676178,-4.28518009186,26.7744445801,34.767375946,15.5124416351,37.1546974182,127.430503845,45.3434104919,24.3396911621,11.8247594833],[-133.808517456,-19.0102348328,-21.5123062134,-25.2085857391,-10.2499103546,21.0495204926,13.5185031891,20.9251079559,33.0778656006,45.3434104919,122.696411133,46.3244934082,15.9868888855],[-119.518013,-92.7462997437,-3.41879630089,-19.4609508514,-20.7040786743,32.3398399353,17.8051109314,4.07628965378,8.16836357117,24.3396911621,46.3244934082,89.5755386353,29.3560600281],[-260.199401855,-27.392786026,11.5577297211,13.4990653992,32.3105201721,-6.25627803802,-9.24336051941,13.4745044708,16.9823284149,11.8247594833,15.9868888855,29.3560600281,96.1648712158]],"icov":[[0.000726054131519,-0.00134083756711,0.00164774863515,-0.00123151333537,0.00197784439661,-0.00155625329353,0.00115357444156,-0.000963874568697,0.000869201146998,-0.000901794235688,0.00129283114802,-0.000610137358308,0.00096629926702],[-0.00134083756711,0.00344327720813,-0.00291139958426,0.00283326860517,-0.00419951742515,0.00376610108651,-0.00196130527183,0.00158480985556,-0.00138273660559,0.00206524995156,-0.00276545039378,0.0017674198607,-0.00153909879737],[0.00164774863515,-0.00291139958426,0.00539015838876,-0.00306763523258,0.00316190300509,-0.00454284157604,0.00236848834902,-0.00235023349524,0.00176044751424,-0.0012731506722,0.00307982391678,-0.00146026723087,0.00239037582651],[-0.00123151333537,0.00283326860517,-0.00306763523258,0.00562399998307,-0.00369264511392,0.00302783888765,-0.0013088878477,0.000959277327638,-0.00122751959134,0.000860541709699,-0.0016312089283,0.00204570521601,-0.0020107885357],[0.00197784439661,-0.00419951742515,0.00316190300509,-0.00369264511392,0.0105336867273,-0.00396218290552,0.00163326237816,-0.00183557381388,0.00044412270654,-0.00230302056298,0.00377226504497,-0.000324848049786,0.000587668386288],[-0.00155625329353,0.00376610108651,-0.00454284157604,0.00302783888765,-0.00396218290552,0.0106828492135,-0.00345270615071,0.00154835323337,-0.00209684274159,0.0015021226136,-0.00315632415004,-0.000180325383553,-0.000774322252255],[0.00115357444156,-0.00196130527183,0.00236848834902,-0.0013088878477,0.00163326237816,-0.00345270615071,0.00746648944914,-0.00360487075523,0.00385274202563,-0.00326106091961,0.00212657777593,-0.00188138289377,0.00285249901935],[-0.000963874568697,0.00158480985556,-0.00235023349524,0.000959277327638,-0.00183557381388,0.00154835323337,-0.00360487075523,0.0154134985059,-0.00536325993016,0.00176661636215,-0.00332234194502,0.00228559994139,-0.00321302120574],[0.000869201146998,-0.00138273660559,0.00176044751424,-0.00122751959134,0.00044412270654,-0.00209684274159,0.00385274202563,-0.00536325993016,0.0124825593084,-0.00392658403143,-0.000208264711546,-0.00049683614634,0.00121963606216],[-0.000901794235688,0.00206524995156,-0.0012731506722,0.000860541709699,-0.00230302056298,0.0015021226136,-0.00326106091961,0.00176661636215,-0.00392658403143,0.0119879422709,-0.00445073097944,0.00052997446619,-0.00171153678093],[0.00129283114802,-0.00276545039378,0.00307982391678,-0.0016312089283,0.00377226504497,-0.00315632415004,0.00212657777593,-0.00332234194502,-0.000208264711546,-0.00445073097944,0.0144296139479,-0.0065040756017,0.00193701207172],[-0.000610137358308,0.0017674198607,-0.00146026723087,0.00204570521601,-0.000324848049786,-0.000180325383553,-0.00188138289377,0.00228559994139,-0.00049683614634,0.00052997446619,-0.0065040756017,0.0180858094245,-0.00607995316386],[0.00096629926702,-0.00153909879737,0.00239037582651,-0.0020107885357,0.000587668386288,-0.000774322252255,0.00285249901935,-0.00321302120574,0.00121963606216,-0.00171153678093,0.00193701207172,-0.00607995316386,0.0145755717531]],"mean":[-70.600402832,136.830627441,-149.179473877,10.9326314926,-60.1588058472,-13.9159574509,-40.0840263367,-2.19783711433,-18.8122444153,-11.8308839798,-8.31385326385,-10.781247139,-10.5490369797]},"hfc":{"dmean":4.30555534363,"dmean2":5.23171520233,"dvar":26.535369873,"dvar2":43.9999771118,"max":99.8948059082,"mean":15.4494113922,"median":11.4779500961,"min":4.7016990834e-7,"var":180.102890015},"melbands":{"dmean":[0.0000162079722941,0.0000668942957418,0.000354502437403,0.000245163275395,0.00021039081912,0.000308508228045,0.000257483508904,0.000453827175079,0.000159611081472,0.000135784415761,0.00010654367361,0.0000704226913513,0.0000842382432893,0.0000392382426071,0.0000341487320838,0.0000251958954323,0.0000384111917811,0.0000234331291722,0.0000259611279034,0.000021375819415,0.00000839174117573,0.00000898883263289,0.0000128862757265,0.00000720889875083,0.00000480182779938,0.00000359774071512,0.00000253603548117,0.00000204957291317,8.61977412114e-7,4.28916820283e-7,3.05038099668e-7,2.93660633588e-7,3.9971112642e-7,2.86279345119e-7,1.55431465032e-7,1.2836278529e-7,1.26979486481e-7,5.20067224841e-8,2.49218334858e-8,2.4532612386e-8],"dmean2":[0.0000195799730136,0.0000845315298648,0.000485522352392,0.00036662974162,0.000287451402983,0.000424011726864,0.000354279705789,0.000580616586376,0.000219824811211,0.000184308606549,0.000155454137712,0.000104128288513,0.000129098174511,0.0000593283111812,0.0000518762353749,0.0000380519886676,0.0000585050365771,0.0000348781213688,0.0000386221508961,0.0000313654927595,0.000012488707398,0.000013190111531,0.0000196929831873,0.0000111350691441,0.00000720778734831,0.00000531045225216,0.00000379313132726,0.00000310862901642,0.00000128192482407,6.20805224116e-7,4.46597169912e-7,4.18737954533e-7,5.82820177897e-7,4.20386214728e-7,2.31245635973e-7,1.84551140592e-7,1.75261348545e-7,7.45132950897e-8,3.43215837972e-8,3.44486572601e-8],"dvar":[1.04250186261e-9,3.46365602866e-8,4.62529101242e-7,1.46558619463e-7,1.8231003196e-7,2.89414600729e-7,1.65570256172e-7,6.81917867951e-7,8.81878534642e-8,1.00419761395e-7,7.55979172595e-8,3.31113305663e-8,6.2517287347e-8,8.36559710393e-9,5.29356070089e-9,3.25937299372e-9,1.35312001603e-8,4.42140590806e-9,4.32288960184e-9,2.38552710918e-9,7.82712117342e-10,3.63853364105e-10,7.62318541625e-10,2.14212036997e-10,7.57916229777e-11,4.99818277044e-11,3.96088474519e-11,4.61034092847e-11,5.13038960273e-12,1.46679424249e-12,1.27994609269e-12,1.11617973978e-12,2.48952963279e-12,1.40685965482e-12,4.73067440256e-13,5.771239606e-13,5.22324750726e-13,6.15507671957e-14,9.2301917181e-15,1.49032499395e-14],"dvar2":[1.4995878983e-9,5.1715467464e-8,9.02230226529e-7,3.40232134022e-7,3.97025388565e-7,5.57425380521e-7,3.29559355805e-7,0.00000114739100354,1.69796720684e-7,1.88622195196e-7,1.66102637422e-7,7.22310673495e-8,1.7049946166e-7,1.82149726413e-8,1.25959056518e-8,7.34586436124e-9,3.33647172113e-8,9.36313870881e-9,9.26370180565e-9,4.94418062047e-9,1.45240031113e-9,8.09175282335e-10,1.96966531973e-9,5.6558646655e-10,1.70604613769e-10,1.06138563216e-10,9.09478603539e-11,1.03813756203e-10,1.16744365911e-11,3.04868955602e-12,3.07890236743e-12,2.07789731602e-12,4.90821749563e-12,2.90279389067e-12,1.00901654653e-12,1.24128626214e-12,1.02239722764e-12,1.22170353803e-13,1.59871505682e-14,2.69818940275e-14],"max":[0.00127301318571,0.0118082370609,0.0160443708301,0.0069863521494,0.0125207873061,0.0179515201598,0.00593124143779,0.0127081135288,0.00626715039834,0.011749281548,0.00860693957657,0.00474809249863,0.0061211376451,0.00215074466541,0.00254119560122,0.00151992996689,0.00367772299796,0.00211918633431,0.00218540919013,0.00149382464588,0.00138755515218,0.000409747473896,0.000599969585892,0.000409043976106,0.000229780387599,0.000157497255714,0.000190925551578,0.000269401905825,0.0000508808625455,0.0000272781508102,0.0000390231980418,0.0000263962701865,0.0000370876041416,0.000031655850762,0.000020174715246,0.0000266174483841,0.0000210234647966,0.00000656931206322,0.00000379126004191,0.00000398122301704],"mean":[0.0000591513053223,0.000215731619392,0.000897618592717,0.000584692345001,0.000468198966701,0.000638258061372,0.000461168354377,0.000786104414146,0.000323292333633,0.000264864444034,0.000178906018846,0.000132008965011,0.000144117380842,0.0000730597676011,0.0000627667395747,0.0000480271955894,0.0000628450725344,0.0000390799323213,0.0000414026726503,0.0000360590238415,0.0000133360936161,0.0000150930254676,0.0000227021082537,0.0000128276360556,0.00000876095782587,0.00000625664733889,0.00000462580783278,0.00000379605126,0.00000147710375131,7.02475574599e-7,4.92425328957e-7,4.97925213949e-7,7.60394129884e-7,5.2081514923e-7,2.6297894351e-7,1.9961613873e-7,1.95956047833e-7,8.6188023829e-8,4.39289387089e-8,3.88952159369e-8],"median":[0.0000336664670613,0.000107057421701,0.00029093111516,0.0003715591738,0.000283675792161,0.000357928860467,0.000211980543099,0.000251183431828,0.000153984321514,0.0000845228787512,0.0000500554742757,0.0000433377863374,0.0000427948398283,0.0000235252573475,0.0000206643780984,0.0000177906040335,0.0000156862915901,0.0000110474784378,0.0000145912517837,0.0000132559625854,0.00000503598812429,0.00000623053119853,0.0000106846691779,0.00000551598077436,0.0000038591106204,0.00000287236252916,0.00000177094693754,9.46418595049e-7,4.68506357265e-7,2.40202041368e-7,1.5406573084e-7,1.06633294195e-7,9.72520481923e-8,6.50878106967e-8,4.96088610191e-8,3.45034010252e-8,2.56655301456e-8,1.57545620993e-8,1.19212550942e-8,7.42493799777e-9],"min":[1.82202926249e-13,2.9196567039e-13,2.39522404731e-13,2.61503140106e-13,1.96865039461e-13,1.18229116276e-13,6.29604129791e-14,2.54539109652e-14,1.59772368946e-14,2.58782202617e-14,2.4048229296e-14,1.09952271151e-14,3.94803327265e-15,5.72649668299e-15,9.64462799853e-15,8.37293000097e-15,1.20246897834e-14,7.00272545978e-15,1.63505236792e-15,3.97861327962e-15,9.23734067617e-15,3.65867368885e-15,2.05792117898e-15,1.06279807342e-14,6.23425693597e-15,5.00198747507e-15,1.13049601706e-15,2.16007906989e-15,3.18738900392e-15,1.86468691745e-15,1.43063801264e-15,1.02523660914e-15,3.09370779523e-15,2.8825956328e-15,2.73857462078e-15,1.02480745989e-14,3.33476871334e-15,2.44427514084e-15,2.68687575308e-15,2.54728302931e-15],"var":[7.91656340482e-9,2.51346136793e-7,0.00000228513613365,4.3835044039e-7,4.46785293207e-7,8.50517722029e-7,3.94923517888e-7,0.00000183653321528,2.70469001862e-7,3.13422560794e-7,1.65003498864e-7,1.01901953542e-7,1.401740235e-7,2.10635722198e-8,1.57701034453e-8,1.03205275437e-8,2.62995669686e-8,9.39447630799e-9,9.43060385339e-9,5.82613335354e-9,1.53559898131e-9,7.35728311607e-10,1.54040669109e-9,4.19461215762e-10,1.97010366354e-10,9.95846113905e-11,8.01482352708e-11,1.03952492447e-10,9.86405401804e-12,2.52316592099e-12,1.67651688972e-12,2.19454619407e-12,5.95132146688e-12,2.83588148624e-12,8.01044452124e-13,8.23477028754e-13,9.10136549459e-13,1.12423613442e-13,2.36771661847e-14,3.27214553467e-14]},"melbands_crest":{"dmean":2.98100280762,"dmean2":4.5025510788,"dvar":7.48106098175,"dvar2":15.979716301,"max":32.731136322,"mean":13.8663358688,"median":12.3581800461,"min":3.79564285278,"var":35.8250045776},"melbands_flatness_db":{"dmean":0.0236668549478,"dmean2":0.0305754691362,"dvar":0.000622984138317,"dvar2":0.000982586294413,"max":0.530712842941,"mean":0.239609241486,"median":0.229679375887,"min":0.038802947849,"var":0.00394940050319},"melbands_kurtosis":{"dmean":3.70274949074,"dmean2":5.54055833817,"dvar":44.540927887,"dvar2":103.44103241,"max":251.179672241,"mean":7.9135966301,"median":4.78473711014,"min":-1.83051681519,"var":130.907684326},"melbands_skewness":{"dmean":0.500605523586,"dmean2":0.715659320354,"dvar":0.278543651104,"dvar2":0.587220013142,"max":10.9150781631,"mean":2.01714348793,"median":1.78741204739,"min":-0.78563952446,"var":1.54415261745},"melbands_spread":{"dmean":4.80535173416,"dmean2":6.85688734055,"dvar":58.7331466675,"dvar2":110.540374756,"max":213.886276245,"mean":17.1438903809,"median":15.0773677826,"min":0.947879731655,"var":150.868988037},"mfcc":{"cov":[[9705.54394531,888.800170898,-1235.4296875,44.1755142212,-659.375671387,-166.998397827,-308.219940186,-82.0879440308,-334.174865723,57.0332183838,-29.427778244,-54.6948432922,-24.8043518066],[888.800170898,1805.09875488,-143.39781189,70.1936264038,115.207923889,-117.362052917,33.293422699,6.03964185715,20.5385684967,-72.8212814331,14.4068803787,17.3350639343,-1.97583496571],[-1235.4296875,-143.39781189,589.870117188,21.381729126,141.656265259,80.264503479,51.6630325317,62.6612091064,39.2970466614,19.0670166016,-0.815881073475,6.41592025757,-4.30737304688],[44.1755142212,70.1936264038,21.381729126,323.594299316,73.8925476074,1.11107516289,5.96519422531,-23.2746963501,52.0962677002,3.85959720612,-21.4821548462,3.51991462708,5.30652236938],[-659.375671387,115.207923889,141.656265259,73.8925476074,303.634552002,5.78986692429,-37.5656814575,7.23700904846,44.3059158325,25.432598114,-30.6693897247,6.49488449097,3.74214887619],[-166.998397827,-117.362052917,80.264503479,1.11107516289,5.78986692429,151.707962036,55.4771614075,14.3484487534,16.1628684998,19.7007846832,23.9148197174,5.09163618088,-6.1923289299],[-308.219940186,33.293422699,51.6630325317,5.96519422531,-37.5656814575,55.4771614075,175.10887146,31.4585609436,28.5943431854,-7.4147233963,30.297712326,13.0389146805,-1.28684341908],[-82.0879440308,6.03964185715,62.6612091064,-23.2746963501,7.23700904846,14.3484487534,31.4585609436,112.470962524,5.40216970444,4.29980039597,7.94647169113,-2.39415597916,4.87368440628],[-334.174865723,20.5385684967,39.2970466614,52.0962677002,44.3059158325,16.1628684998,28.5943431854,5.40216970444,131.202819824,11.5284643173,-8.53421878815,3.11925959587,11.4733428955],[57.0332183838,-72.8212814331,19.0670166016,3.85959720612,25.432598114,19.7007846832,-7.4147233963,4.29980039597,11.5284643173,104.406768799,28.9329471588,4.54166030884,4.68587064743],[-29.427778244,14.4068803787,-0.815881073475,-21.4821548462,-30.6693897247,23.9148197174,30.297712326,7.94647169113,-8.53421878815,28.9329471588,114.390937805,30.1948623657,0.496150940657],[-54.6948432922,17.3350639343,6.41592025757,3.51991462708,6.49488449097,5.09163618088,13.0389146805,-2.39415597916,3.11925959587,4.54166030884,30.1948623657,108.694320679,35.9588775635],[-24.8043518066,-1.97583496571,-4.30737304688,5.30652236938,3.74214887619,-6.1923289299,-1.28684341908,4.87368440628,11.4733428955,4.68587064743,0.496150940657,35.9588775635,92.5722503662]],"icov":[[0.000213317063753,-0.000148980267113,0.00030231528217,-0.000187704878044,0.000489955826197,-0.00021162260964,0.00040198417264,-0.00018431324861,0.000383193837479,-0.000429350649938,0.000268839037744,-0.0000355078518623,0.0000467260106234],[-0.000148980267113,0.000778037996497,0.0000236587948166,0.0000486358403577,-0.000814115221146,0.000703476660419,-0.000634903030004,0.00000779547190177,-0.000314146949677,0.000825346098281,-0.00055848172633,0.00000516182035426,0.0000438765418949],[0.00030231528217,0.0000236587948166,0.00271623488516,-0.000239136323216,-0.000498023116961,-0.000989992753603,0.0000219917183131,-0.00123668380547,0.000427231367212,-0.000433706416516,0.000381651596399,-0.000145627942402,0.00026445183903],[-0.000187704878044,0.0000486358403577,-0.000239136323216,0.00370788248256,-0.00111806974746,0.00019743325538,-0.000678444106597,0.00104112096597,-0.0014275816502,0.00028420065064,0.000242394031375,-0.0000523859634995,-0.0000971729750745],[0.000489955826197,-0.000814115221146,-0.000498023116961,-0.00111806974746,0.00592724094167,-0.000857687613461,0.00250214687549,-0.000596139172558,-0.000134083107696,-0.00228342553601,0.00192058971152,-0.000728362647351,0.000328849651851],[-0.00021162260964,0.000703476660419,-0.000989992753603,0.00019743325538,-0.000857687613461,0.0088816517964,-0.00293039972894,0.000269367388682,-0.000708768202458,-0.000469590886496,-0.00139631528873,0.0000658662611386,0.000568307004869],[0.00040198417264,-0.000634903030004,0.0000219917183131,-0.000678444106597,0.00250214687549,-0.00293039972894,0.00876285228878,-0.0020025416743,-0.00103368377313,0.000361400801921,-0.000831945799291,-0.000684667786118,0.000444378907559],[-0.00018431324861,0.00000779547190177,-0.00123668380547,0.00104112096597,-0.000596139172558,0.000269367388682,-0.0020025416743,0.0103404670954,-0.000302977772662,0.00000551467746845,-0.000530485005584,0.000928618537728,-0.00101716001518],[0.000383193837479,-0.000314146949677,0.000427231367212,-0.0014275816502,-0.000134083107696,-0.000708768202458,-0.00103368377313,-0.000302977772662,0.00979238934815,-0.00178447761573,0.00142333528493,0.000163793854881,-0.0010373138357],[-0.000429350649938,0.000825346098281,-0.000433706416516,0.00028420065064,-0.00228342553601,-0.000469590886496,0.000361400801921,0.00000551467746845,-0.00178447761573,0.012506862171,-0.00426389696077,0.000743945362046,-0.000746309407987],[0.000268839037744,-0.00055848172633,0.000381651596399,0.000242394031375,0.00192058971152,-0.00139631528873,-0.000831945799291,-0.000530485005584,0.00142333528493,-0.00426389696077,0.0120646329597,-0.00337708252482,0.00119586254004],[-0.0000355078518623,0.00000516182035426,-0.000145627942402,-0.0000523859634995,-0.000728362647351,0.0000658662611386,-0.000684667786118,0.000928618537728,0.000163793854881,0.000743945362046,-0.00337708252482,0.0117760617286,-0.00465190038085],[0.0000467260106234,0.0000438765418949,0.00026445183903,-0.0000971729750745,0.000328849651851,0.000568307004869,0.000444378907559,-0.00101716001518,-0.0010373138357,-0.000746309407987,0.00119586254004,-0.00465190038085,0.0128850759938]],"mean":[-696.387695312,164.840545654,-30.8743057251,17.4630641937,-6.94124984741,-13.6206760406,-13.0280056,-2.93790125847,-12.7623167038,-1.88249540329,-4.57126617432,-5.32891893387,-3.97055220604]},"pitch_salience":{"dmean":0.0616991855204,"dmean2":0.0941117331386,"dvar":0.00299968686886,"dvar2":0.00686786370352,"max":0.897404968739,"mean":0.56046640873,"median":0.571045041084,"min":0.0731381028891,"var":0.0102372458205},"silence_rate_20dB":{"dmean":0,"dmean2":0,"dvar":0,"dvar2":0,"max":1,"mean":1,"median":1,"min":1,"var":0},"silence_rate_30dB":{"dmean":0.000366972468328,"dmean2":0.000734079629183,"dvar":0.000366823282093,"dvar2":0.00110052234959,"max":1,"mean":0.999816536903,"median":1,"min":0,"var":0.000183443262358},"silence_rate_60dB":{"dmean":0.0176146794111,"dmean2":0.0352358222008,"dvar":0.017304899171,"dvar2":0.0376618765295,"max":1,"mean":0.0653091147542,"median":0,"min":0,"var":0.0610479488969},"spectral_centroid":{"dmean":196.377593994,"dmean2":271.830291748,"dvar":68814.3671875,"dvar2":114577.203125,"max":10829.6220703,"mean":1039.36865234,"median":941.071228027,"min":194.653396606,"var":312118.5625},"spectral_complexity":{"dmean":2.83779811859,"dmean2":3.98164796829,"dvar":9.20955657959,"dvar2":15.8436508179,"max":42,"mean":16.3527793884,"median":16,"min":0,"var":56.1357727051},"spectral_contrast_coeffs":{"dmean":[0.0410088226199,0.0445229038596,0.0384570732713,0.0337586961687,0.025820646435,0.0183356553316],"dmean2":[0.064488619566,0.068455517292,0.0579695105553,0.0500894114375,0.0381728298962,0.02588237077],"dvar":[0.00125448068138,0.00144266185816,0.00106227630749,0.000824815302622,0.000497122178786,0.000298121769447],"dvar2":[0.00303838122636,0.00329626211897,0.002234286163,0.00161239481531,0.000950764399022,0.000520592555404],"max":[-0.241397038102,-0.424134492874,-0.426916539669,-0.504114866257,-0.577086508274,-0.637280344963],"mean":[-0.555111587048,-0.681602656841,-0.717220783234,-0.73831820488,-0.737820744514,-0.760510087013],"median":[-0.548994362354,-0.681226074696,-0.719791889191,-0.73668050766,-0.735282123089,-0.756017804146],"min":[-0.984113156796,-0.96081840992,-0.970805764198,-0.960350513458,-0.95889955759,-0.960716366768],"var":[0.0105709275231,0.00636161537841,0.00579782668501,0.00489922426641,0.00321911252104,0.00230480916798]},"spectral_contrast_valleys":{"dmean":[0.344395071268,0.346703886986,0.337120503187,0.327044457197,0.341132849455,0.249775364995],"dmean2":[0.551780343056,0.508607625961,0.464474111795,0.433399111032,0.418823212385,0.31073319912],"dvar":[0.11684525758,0.114738442004,0.118529111147,0.122434914112,0.147890150547,0.102845735848],"dvar2":[0.251084029675,0.192787975073,0.178608477116,0.169860526919,0.191582426429,0.135276794434],"max":[-6.12175655365,-4.78711843491,-5.19306945801,-5.975066185,-6.13982486725,-8.54920387268],"mean":[-8.51714801788,-6.80792093277,-7.74206066132,-8.24860858917,-8.52115917206,-11.7512149811],"median":[-8.25273036957,-6.49670743942,-7.47625827789,-7.97937059402,-8.35231018066,-11.6538057327],"min":[-28.067193985,-27.296333313,-27.1081295013,-27.2498760223,-27.2669830322,-27.174161911],"var":[1.67035734653,2.45891785622,2.24027442932,2.0194747448,1.84851455688,1.23114359379]},"spectral_decrease":{"dmean":1.47894618774e-9,"dmean2":1.80092407653e-9,"dvar":2.77327561841e-18,"dvar2":4.60175174501e-18,"max":1.60907820847e-15,"mean":-5.37879518703e-9,"median":-4.52476500712e-9,"min":-2.73327014355e-8,"var":1.6221139198e-17},"spectral_energy":{"dmean":0.00591866159812,"dmean2":0.00719480402768,"dvar":0.0000443093558715,"dvar2":0.0000729434686946,"max":0.108737617731,"mean":0.0217020828277,"median":0.0181764792651,"min":2.9613197311e-11,"var":0.000264629692538},"spectral_energyband_high":{"dmean":0.0000664091930958,"dmean2":0.0000908709625946,"dvar":4.66615581729e-8,"dvar2":8.74557599673e-8,"max":0.00656224787235,"mean":0.000143079450936,"median":0.0000454179025837,"min":1.37684195642e-11,"var":1.06967071645e-7},"spectral_energyband_low":{"dmean":0.00055997952586,"dmean2":0.000737260095775,"dvar":0.00000131699073336,"dvar2":0.00000270097143584,"max":0.0365383736789,"mean":0.0017317837337,"median":0.000730979023501,"min":1.56193081472e-12,"var":0.00000735660569262},"spectral_energyband_middle_high":{"dmean":0.0018522789469,"dmean2":0.0025321051944,"dvar":0.00000742959809941,"dvar2":0.0000163881923072,"max":0.0508238039911,"mean":0.00543896947056,"median":0.00330127566122,"min":9.01290543934e-13,"var":0.0000406322942581},"spectral_energyband_middle_low":{"dmean":0.00507067935541,"dmean2":0.00636840704829,"dvar":0.0000353543473466,"dvar2":0.0000612181975157,"max":0.0964971631765,"mean":0.015587492846,"median":0.012286641635,"min":2.92158593325e-12,"var":0.000159685703693},"spectral_entropy":{"dmean":0.18300524354,"dmean2":0.239063337445,"dvar":0.0394031554461,"dvar2":0.0612866543233,"max":9.80407428741,"mean":6.96857595444,"median":6.96010351181,"min":4.99630594254,"var":0.249381139874},"spectral_flux":{"dmean":0.0174088533968,"dmean2":0.0268513951451,"dvar":0.000262119196123,"dvar2":0.000606632209383,"max":0.202940836549,"mean":0.0624655522406,"median":0.0581472925842,"min":0.0000462048737973,"var":0.00108955590986},"spectral_kurtosis":{"dmean":4.39750623703,"dmean2":7.4105424881,"dvar":24.2247562408,"dvar2":60.7349395752,"max":93.4651184082,"mean":10.0605459213,"median":7.98278903961,"min":-1.15497398376,"var":63.1543426514},"spectral_rms":{"dmean":0.000607766851317,"dmean2":0.000718683819287,"dvar":3.22584355672e-7,"dvar2":4.82435268623e-7,"max":0.0102997804061,"mean":0.00424075499177,"median":0.00421107467264,"min":1.69973304764e-7,"var":0.00000318881780004},"spectral_rolloff":{"dmean":305.7215271,"dmean2":493.694580078,"dvar":384256.375,"dvar2":741208.1875,"max":21791.6015625,"mean":1638.09631348,"median":1012.06054688,"min":129.19921875,"var":9937427},"spectral_skewness":{"dmean":0.420307219028,"dmean2":0.664972782135,"dvar":0.178495720029,"dvar2":0.393625468016,"max":7.88775777817,"mean":2.04793381691,"median":1.90117919445,"min":0.0225805714726,"var":0.620868384838},"spectral_spread":{"dmean":282794.1875,"dmean2":416146.8125,"dvar":285496934400,"dvar2":405864939520,"max":38248372,"mean":2889717.5,"median":2546679.5,"min":1031810.125,"var":2911285280770},"spectral_strongpeak":{"dmean":0.577247738838,"dmean2":0.919410824776,"dvar":0.716553270817,"dvar2":1.81716179848,"max":10.8133535385,"mean":1.32798826694,"median":0.92505645752,"min":0,"var":1.49430763721},"zerocrossingrate":{"dmean":0.00715175224468,"dmean2":0.00819262303412,"dvar":0.000136767106596,"dvar2":0.000176917092176,"max":0.67236328125,"mean":0.0555698275566,"median":0.04052734375,"min":0.0068359375,"var":0.00774921569973}},"metadata":{"audio_properties":{"analysis_sample_rate":44100,"bit_rate":0,"codec":"flac","downmix":"mix","equal_loudness":0,"length":126.533332825,"lossless":true,"md5_encoded":"b2f5a92d2e1dc019835e5b2b16de14b7","replay_gain":-11.9175796509,"sample_rate":44100},"tags":{"acoustid_id":["2fddb537-71a9-4aa6-9d47-3c9a118a2fa1"],"album":["Revolver"],"album artist":["The Beatles"],"albumartist":["The Beatles"],"albumartistsort":["Beatles, The"],"artist":["The Beatles"],"artistsort":["Beatles, The"],"catalognumber":["PMC 7009"],"date":["1966-08-05"],"disc":["1"],"discnumber":["1"],"disctotal":["1"],"encoder":["reference libFLAC 1.2.0 20070715"],"engineer":["Geoff Emerick"],"ensemble":["The Beatles"],"file_name":"02. The Beatles - Eleanor Rigby.flac","genre":["Classic Rock"],"label":["Parlophone"],"language":["eng"],"media":["12\" Vinyl"],"musicbrainz_albumartistid":["b10bbbfc-cf9e-42e0-be17-e2c3e1d2600d"],"musicbrainz_albumid":["5f3ba07b-4a24-4cd5-b8ad-95ba0fcebec1"],"musicbrainz_artistid":["b10bbbfc-cf9e-42e0-be17-e2c3e1d2600d"],"musicbrainz_recordingid":["59786ee1-e102-44f2-8fb0-83fc4f695eea"],"musicbrainz_workid":["388613bc-d5f1-366e-896d-e50df985b796"],"originaldate":["1966-08-05"],"performer":["Paul McCartney (lead vocals vocal)"],"producer":["George Martin"],"releasecountry":["GB"],"releasestatus":["official"],"releasetype":["album"],"replaygain_album_gain":["-7.28000020980835 dB"],"replaygain_track_gain":["-7.32000017166138 dB"],"replaygain_track_peak":["0.9581298828125"],"script":["Latn"],"title":["Eleanor Rigby"],"totaldiscs":["1"],"totaltracks":["14"],"tracknumber":["2"],"tracktotal":["14"],"writer":["John Lennon","Paul McCartney"]},"version":{"essentia":"2.1-beta1","essentia_build_sha":"ca57ba49d9b1854bd80e60cf9ccf267278fb7d6b","essentia_git_sha":"v2.1_beta1-28-g21ef5f4-dirty","extractor":"music 1.0"}},"rhyt