{"lowlevel":{"average_loudness":0.924440026283,"barkbands":{"dmean":[0.000068562112574,0.00116925686598,0.00108768022619,0.000383501406759,0.001241406193,0.000874775578268,0.000673339236528,0.00156618317124,0.00092281459365,0.000436188915046,0.00037331043859,0.000612935575191,0.000422775599873,0.000624705222435,0.000703078520019,0.000261733366642,0.000511222402565,0.00037495631841,0.000192577441339,0.000185076889466,0.000149853382027,0.000141591197462,0.0000574299156142,0.0000340398873959,0.0000226510528591,0.00000550568756807,6.4047799242e-7],"dmean2":[0.0000974347931333,0.00167171331123,0.00176223216113,0.000662002537865,0.0019728122279,0.0013963081874,0.00110824510921,0.00243377825245,0.00143015361391,0.000681157514919,0.000584365392569,0.000919899262954,0.000660951598547,0.000935372372624,0.0010696320096,0.000395689741708,0.00077521026833,0.000547514122445,0.000287631293759,0.000274616468232,0.000223861439736,0.000211775448406,0.0000882494423422,0.0000508105258632,0.0000327601374011,0.00000787275530456,8.75821115187e-7],"dvar":[1.80691053231e-8,0.00000470912391393,0.00000244116654358,4.79591335534e-7,0.00000649202183922,0.00000129582213049,0.00000145675187468,0.00000877304319147,0.00000325093333231,0.00000103627610315,6.00734097134e-7,0.00000139619749007,0.00000127571297526,0.0000031969475458,0.00000194119570551,2.63895827857e-7,7.82173003699e-7,3.02413695863e-7,6.96204196515e-8,6.76923690435e-8,4.64229472641e-8,4.72514756211e-8,1.68108247323e-8,8.03080801859e-9,2.70867839269e-9,1.08619176153e-10,1.72155703321e-12],"dvar2":[3.72745390109e-8,0.00000934814215725,0.00000604394836046,0.00000136539540563,0.0000157963040692,0.00000329642693941,0.00000359956015927,0.0000208774727071,0.00000755273413233,0.00000259994953922,0.00000144929049384,0.00000277316894426,0.00000306762831315,0.00000719669242244,0.00000418087802245,5.792684874e-7,0.00000175395155111,6.22387688054e-7,1.57159192327e-7,1.5503373163e-7,1.04964655634e-7,1.10462742953e-7,4.23576338449e-8,1.9330592238e-8,6.05369621098e-9,2.20419127395e-10,3.25451297856e-12],"max":[0.00132437376305,0.0292607732117,0.0193126872182,0.0147201735526,0.0305597241968,0.0164420604706,0.0224961414933,0.0569611489773,0.0340486839414,0.0292679220438,0.0154614495113,0.0239019859582,0.0377916991711,0.0418940223753,0.0482806675136,0.0113892126828,0.0174171701074,0.00882359128445,0.00470711756498,0.00334660010412,0.00307473726571,0.0028466663789,0.00361160049215,0.00190540030599,0.00153397012036,0.000147708531586,0.0000184789514606],"mean":[0.0000835589889903,0.00238657626323,0.00280059687793,0.000585357949603,0.00165016332176,0.00157106679399,0.00100416585337,0.00227777520195,0.00137663865462,0.000676285068039,0.00059226306621,0.00101709517185,0.000606906833127,0.00088467443129,0.00113323435653,0.000403146143071,0.000803507282399,0.000683289312292,0.000353854207788,0.000345512555214,0.000279095838778,0.000257807958405,0.000110425753519,0.0000675229530316,0.0000457729875052,0.0000117126155601,0.00000139775113439],"median":[0.0000153395285452,0.000743191631045,0.00153576652519,0.000295047910186,0.000783326220699,0.00106053519994,0.000483336450998,0.000904081272893,0.000570080883335,0.000270565535175,0.000215199383092,0.000325853005052,0.000171972831595,0.000192829960724,0.000393488124246,0.000171661289642,0.00034101359779,0.000331969175022,0.000228030970902,0.000216236716369,0.00017572210345,0.000155508780153,0.0000699894881109,0.0000403512858611,0.0000223897586693,0.00000506537298861,4.79807965803e-7],"min":[2.73226436518e-25,4.37435402074e-24,3.31988315569e-25,1.44010719489e-24,2.6644504798e-24,1.25373821439e-23,4.36665276615e-24,5.85861316885e-24,2.07983619424e-23,9.12797737635e-24,1.68613591128e-23,2.30313415974e-23,3.18304239297e-23,2.9493167907e-23,3.54266072938e-23,5.71520953699e-23,7.18713121609e-23,8.60571895602e-23,1.25248695478e-22,1.76047210454e-22,2.49892934175e-22,3.22517766273e-22,3.86562518025e-22,5.8878119244e-22,8.49538419976e-22,1.27471672692e-21,1.9027003936e-21],"var":[2.88834574036e-8,0.000012479180441,0.0000103610418591,6.49239154882e-7,0.00000764613105275,0.00000264594154942,0.00000221568507186,0.000014269422536,0.00000609228663961,0.00000208629921872,0.00000121516222862,0.00000392114270653,0.00000197834333449,0.00000575795320401,0.00000507369850311,5.0837991239e-7,0.00000158954821927,8.57245822772e-7,1.6226222499e-7,1.55854948503e-7,1.01857054347e-7,9.02479655451e-8,2.18863256407e-8,1.0350392543e-8,4.8343684611e-9,2.93703977805e-10,4.97427663296e-12]},"barkbands_crest":{"dmean":2.51712703705,"dmean2":4.03957414627,"dvar":5.38493824005,"dvar2":13.7754631042,"max":24.8982658386,"mean":8.61594200134,"median":7.86789321899,"min":2.3952050209,"var":12.3591547012},"barkbands_flatness_db":{"dmean":0.0192251186818,"dmean2":0.0281863883138,"dvar":0.000314333214192,"dvar2":0.000654428789858,"max":0.319106370211,"mean":0.112172700465,"median":0.104545384645,"min":0.0313548594713,"var":0.00175385619514},"barkbands_kurtosis":{"dmean":1.81263136864,"dmean2":2.75538778305,"dvar":8.4330291748,"dvar2":17.5284938812,"max":67.2488327026,"mean":1.70508813858,"median":0.158674836159,"min":-1.82525026798,"var":19.8169498444},"barkbands_skewness":{"dmean":0.511903107166,"dmean2":0.746356666088,"dvar":0.248041763902,"dvar2":0.521157324314,"max":6.69395780563,"mean":1.00653636456,"median":0.900713682175,"min":-3.42701506615,"var":1.07864046097},"barkbands_spread":{"dmean":5.93435382843,"dmean2":8.88540649414,"dvar":33.9228477478,"dvar2":77.1926116943,"max":112.045227051,"mean":26.0745010376,"median":25.717628479,"min":1.94096839428,"var":137.667373657},"dissonance":{"dmean":0.0179064143449,"dmean2":0.0298138540238,"dvar":0.000347158667864,"dvar2":0.000902094354387,"max":0.5,"mean":0.46757632494,"median":0.474642127752,"min":0.161405608058,"var":0.000785938522313},"dynamic_complexity":3.03543972969,"erbbands":{"dmean":[0.0447988957167,0.241782456636,1.05258846283,1.30084562302,3.04520249367,4.14665365219,5.68150091171,7.07331371307,8.81832695007,16.3930892944,39.8868522644,17.2174358368,12.758102417,16.3426551819,11.2343683243,28.2701034546,18.6773719788,34.250995636,29.7353096008,24.5455722809,15.5204677582,26.8549556732,20.0323448181,12.9416313171,8.74743747711,9.11200237274,7.03910017014,5.99652719498,5.31967020035,2.82111573219,1.42642581463,0.892065346241,0.505357563496,0.318662017584,0.131487712264,0.0367053672671,0.00828255619854,0.00124634464737,0.000120741839055,0.00000996228936856],"dmean2":[0.0565997771919,0.377752244473,1.68344843388,2.18974614143,4.85079240799,6.86811065674,9.28086090088,11.3918199539,14.0612039566,26.3961429596,61.1608428955,26.5657901764,20.3005332947,25.6116657257,17.1529941559,42.049823761,28.6170711517,50.1473884583,45.4801177979,37.0770874023,23.0470790863,40.5022888184,29.3828544617,18.6487369537,13.0461835861,13.5114793777,10.3710374832,9.09199905396,7.96155405045,4.30994653702,2.17919588089,1.34639048576,0.76257121563,0.478154689074,0.190370798111,0.0533868409693,0.011856302619,0.00171457580291,0.000161791569553,0.0000128829979076],"dvar":[0.0081242043525,0.189569965005,2.28269767761,4.31896781921,42.418598175,78.0750427246,75.6577148438,100.912109375,188.687133789,908.321594238,6746.98095703,963.534423828,501.038787842,2477.9465332,330.821228027,3344.64355469,1552.97753906,11290.9150391,3232.64013672,1902.87988281,708.201416016,2220.95581055,782.312133789,339.33001709,141.853500366,166.42124939,110.429824829,86.9438476562,65.6325302124,22.3460197449,14.5085144043,5.41265964508,1.91150343418,0.657731235027,0.0737637504935,0.00479680811986,0.000256762898061,0.00000615696080786,6.00790670546e-8,1.5382442542e-10],"dvar2":[0.0134619632736,0.426114439964,5.47600746155,11.8697710037,100.663642883,202.01890564,190.469970703,258.801635742,459.945678711,2258.73876953,15968.9550781,2272.51733398,1155.0526123,6379.0859375,763.09967041,6365.31591797,3635.73120117,25339.2851562,7325.56054688,3934.59448242,1496.39916992,5249.11181641,1620.51086426,732.322570801,315.863983154,383.244476318,239.61126709,203.372024536,150.588607788,54.4257125854,37.1396026611,13.6178398132,4.399310112,1.49717104435,0.163275063038,0.0101564321667,0.000509155914187,0.0000115640386866,1.10303318479e-7,2.62836474807e-10],"max":[1.15735137463,6.0676445961,19.791229248,36.3974304199,89.525062561,97.9707641602,142.226486206,162.101394653,146.564529419,489.086975098,1595.69116211,622.199157715,447.728179932,1619.44445801,397.693756104,1237.42211914,1043.9140625,2489.95898438,1885.82312012,901.059082031,483.219573975,1155.55163574,379.965148926,309.547546387,136.444046021,174.663116455,191.310653687,102.479415894,108.554138184,98.7001724243,114.728759766,60.3020095825,37.5979728699,24.4385967255,6.37572240829,0.960584938526,0.250434786081,0.0349686257541,0.00325429532677,0.000194829059183],"mean":[0.0614815428853,0.578213393688,2.84312295914,2.87304854393,4.13529205322,4.94734621048,8.45684242249,12.5728492737,14.803812027,24.975063324,58.608089447,27.6682376862,20.7680988312,26.3503990173,20.4184455872,47.8695907593,31.1649684906,50.5555343628,48.5155754089,43.1129951477,26.9323444366,42.4987258911,36.9386863708,24.8610935211,16.5302295685,17.0401210785,13.4286832809,10.7065658569,9.73679256439,5.30947113037,2.81808710098,1.73485708237,0.975575625896,0.608319222927,0.265145778656,0.0776027217507,0.0172753464431,0.0026301688049,0.000271286000498,0.0000376321113436],"median":[0.0132225062698,0.239512592554,1.77363169193,1.5951397419,1.52174150944,2.30127000809,4.94308280945,7.70234584808,7.93072891235,12.0245170593,19.3887901306,13.4066591263,9.35323524475,8.74843597412,10.6912593842,16.1523704529,13.4622344971,11.9979667664,19.891456604,18.1156196594,13.1525859833,20.6416282654,20.8913249969,14.7242574692,11.0439758301,10.5507335663,8.29531383514,6.48242759705,5.93223190308,3.37958216667,1.78679430485,1.05469584465,0.553759336472,0.308465361595,0.123794965446,0.0354212895036,0.00696101877838,0.000906979199499,0.000101923506008,0.0000331727969751],"min":[8.18223570291e-23,5.31118514738e-22,1.42985338048e-21,4.43321108118e-21,1.50503670685e-20,1.32343146518e-20,1.87562476882e-20,7.65933316566e-20,9.50229221667e-20,9.45464855209e-20,1.72090092605e-19,3.96419148284e-19,2.67006922396e-19,6.087809943e-19,8.66613139534e-19,1.04092832214e-18,1.83143805358e-18,1.92171013499e-18,2.07694567298e-18,2.92119453709e-18,3.57775384546e-18,4.60986183733e-18,4.75953189736e-18,5.9546755336e-18,6.92084937243e-18,8.07898453448e-18,8.66102024634e-18,1.11590833624e-17,1.19262230702e-17,9.92591257901e-18,1.03756936914e-17,1.0391056917e-17,9.6003045114e-18,7.50014504851e-18,6.30181387178e-18,4.25615858022e-18,2.2476037867e-18,9.660429375e-19,2.3145632818e-19,2.65576287677e-20],"var":[0.0167680401355,0.588957488537,10.098405838,11.4143295288,54.6487236023,76.1441650391,114.973617554,204.299194336,352.757049561,1449.62976074,11797.1835938,1833.90991211,1058.27282715,4897.33056641,790.651550293,9320.06933594,2758.3215332,20518.7519531,7816.86669922,5062.57666016,1586.80578613,3864.57983398,2156.70019531,954.618713379,335.101776123,382.710662842,259.31652832,156.507415771,129.548614502,39.4195594788,16.7921409607,6.50544691086,2.51413273811,0.982082843781,0.155312120914,0.0122117465362,0.000693463895004,0.0000180426686711,1.81230547014e-7,7.01578795059e-10]},"erbbands_crest":{"dmean":2.73241996765,"dmean2":4.39477396011,"dvar":6.91914606094,"dvar2":16.9049491882,"max":29.9943332672,"mean":8.59844779968,"median":7.67607021332,"min":2.54108548164,"var":17.4909477234},"erbbands_flatness_db":{"dmean":0.0170448832214,"dmean2":0.0245657600462,"dvar":0.00025560031645,"dvar2":0.000512015307322,"max":0.346011459827,"mean":0.158625394106,"median":0.151345252991,"min":0.0314370580018,"var":0.0022241009865},"erbbands_kurtosis":{"dmean":0.849778294563,"dmean2":1.34895777702,"dvar":1.39474034309,"dvar2":3.33298921585,"max":17.7954921722,"mean":0.181462287903,"median":-0.262457489967,"min":-1.75113928318,"var":2.42856526375},"erbbands_skewness":{"dmean":0.3718996346,"dmean2":0.558278739452,"dvar":0.129444882274,"dvar2":0.277961879969,"max":3.84436488152,"mean":0.146986797452,"median":0.0719284415245,"min":-3.19924545288,"var":0.48296085},"erbbands_spread":{"dmean":7.92442464828,"dmean2":11.9427471161,"dvar":66.5055618286,"dvar2":144.754318237,"max":130.955917358,"mean":36.9032440186,"median":35.0187568665,"min":4.24082708359,"var":249.313858032},"gfcc":{"cov":[[32957.8398438,2120.09057617,-3503.15014648,1384.62585449,-1210.66320801,707.825378418,-791.067443848,427.712921143,-293.116607666,280.721801758,-415.810852051,-125.007980347,-383.252990723],[2120.09057617,899.262573242,47.6148147583,173.977584839,135.435653687,103.980361938,63.4238853455,-0.92140597105,-17.8515834808,-42.8272666931,-6.76543712616,-53.8976173401,-71.0321960449],[-3503.15014648,47.6148147583,1441.82800293,186.816375732,328.235290527,124.189224243,83.0920562744,41.2366790771,22.0132331848,17.7536354065,5.24520206451,-17.3244457245,-42.1895713806],[1384.62585449,173.977584839,186.816375732,516.693847656,153.097213745,127.737861633,-14.2694425583,37.903377533,47.7823295593,25.6043205261,-46.0832481384,-53.4078140259,-9.84681129456],[-1210.66320801,135.435653687,328.235290527,153.097213745,381.071472168,102.696990967,74.8541412354,10.31498909,56.7717781067,10.1691036224,-3.20852017403,-26.0631370544,3.94399523735],[707.825378418,103.980361938,124.189224243,127.737861633,102.696990967,260.664703369,76.3040313721,23.3374271393,-3.00192117691,18.4127197266,10.7497377396,-4.26411151886,-39.2018737793],[-791.067443848,63.4238853455,83.0920562744,-14.2694425583,74.8541412354,76.3040313721,173.581893921,18.7919483185,13.9402322769,-8.44854354858,43.6312179565,5.07732057571,-13.0221090317],[427.712921143,-0.92140597105,41.2366790771,37.903377533,10.31498909,23.3374271393,18.7919483185,124.125862122,44.7268676758,31.7115497589,-5.62975263596,-7.34053277969,-2.50510811806],[-293.116607666,-17.8515834808,22.0132331848,47.7823295593,56.7717781067,-3.00192117691,13.9402322769,44.7268676758,109.559883118,37.6654014587,-6.74895429611,-16.8863716125,15.3241157532],[280.721801758,-42.8272666931,17.7536354065,25.6043205261,10.1691036224,18.4127197266,-8.44854354858,31.7115497589,37.6654014587,83.9178466797,7.84536457062,-11.5255308151,-5.35244417191],[-415.810852051,-6.76543712616,5.24520206451,-46.0832481384,-3.20852017403,10.7497377396,43.6312179565,-5.62975263596,-6.74895429611,7.84536457062,77.3977737427,30.652589798,1.39449691772],[-125.007980347,-53.8976173401,-17.3244457245,-53.4078140259,-26.0631370544,-4.26411151886,5.07732057571,-7.34053277969,-16.8863716125,-11.5255308151,30.652589798,90.2947158813,38.42162323],[-383.252990723,-71.0321960449,-42.1895713806,-9.84681129456,3.94399523735,-39.2018737793,-13.0221090317,-2.50510811806,15.3241157532,-5.35244417191,1.39449691772,38.42162323,91.1016311646]],"icov":[[0.000496747146826,-0.00119165692013,0.00121589645278,-0.00122895056847,0.00122087390628,-0.00139204459265,0.00174144783523,-0.00189991295338,0.0017275569262,-0.00219381204806,0.00188467826229,-0.00167224172037,0.00139261165168],[-0.00119165692013,0.00428050011396,-0.00276560755447,0.00253191567026,-0.00338071584702,0.00326006277464,-0.00441728439182,0.00442257383838,-0.00385180558078,0.00618229852989,-0.00476203393191,0.00436498411,-0.00240021711215],[0.00121589645278,-0.00276560755447,0.00390051980503,-0.0031992548611,0.00214055133983,-0.00331668742001,0.00413512671366,-0.00495815463364,0.00461417576298,-0.00541636534035,0.00459839077666,-0.0043957233429,0.00404330529273],[-0.00122895056847,0.00253191567026,-0.0031992548611,0.00598196871579,-0.00350820226595,0.00199967389926,-0.00318446266465,0.00437513412908,-0.00499462569132,0.00531988358125,-0.00389846786857,0.00527739804238,-0.0043667871505],[0.00122087390628,-0.00338071584702,0.00214055133983,-0.00350820226595,0.007568763569,-0.00443346705288,0.00312179815955,-0.00351048260927,0.00216908124276,-0.00524622900411,0.0048895413056,-0.00317496457137,0.00181758066174],[-0.00139204459265,0.00326006277464,-0.00331668742001,0.00199967389926,-0.00443346705288,0.0101050566882,-0.00742807332426,0.00483020348474,-0.00298044830561,0.00420168647543,-0.00454129325226,0.00265785935335,-0.00132605456747],[0.00174144783523,-0.00441728439182,0.00413512671366,-0.00318446266465,0.00312179815955,-0.00742807332426,0.0155545920134,-0.00815815199167,0.00417338125408,-0.00437503959984,0.0011459706584,-0.00464101042598,0.0051009459421],[-0.00189991295338,0.00442257383838,-0.00495815463364,0.00437513412908,-0.00351048260927,0.00483020348474,-0.00815815199167,0.0177993550897,-0.0102960122749,0.00570788839832,-0.00537400646135,0.00551801314577,-0.00499157607555],[0.0017275569262,-0.00385180558078,0.00461417576298,-0.00499462569132,0.00216908124276,-0.00298044830561,0.00417338125408,-0.0102960122749,0.0209219008684,-0.0129890674725,0.00764945428818,-0.00374695518985,0.00197912822478],[-0.00219381204806,0.00618229852989,-0.00541636534035,0.00531988358125,-0.00524622900411,0.00420168647543,-0.00437503959984,0.00570788839832,-0.0129890674725,0.0271565206349,-0.0133112072945,0.00980728585273,-0.00492736510932],[0.00188467826229,-0.00476203393191,0.00459839077666,-0.00389846786857,0.0048895413056,-0.00454129325226,0.0011459706584,-0.00537400646135,0.00764945428818,-0.0133112072945,0.0269613433629,-0.0133234662935,0.00691161630675],[-0.00167224172037,0.00436498411,-0.0043957233429,0.00527739804238,-0.00317496457137,0.00265785935335,-0.00464101042598,0.00551801314577,-0.00374695518985,0.00980728585273,-0.0133234662935,0.0242244452238,-0.0131333982572],[0.00139261165168,-0.00240021711215,0.00404330529273,-0.0043667871505,0.00181758066174,-0.00132605456747,0.0051009459421,-0.00499157607555,0.00197912822478,-0.00492736510932,0.00691161630675,-0.0131333982572,0.0211176350713]],"mean":[-19.5966968536,74.5333786011,-132.283050537,31.6964626312,-64.4755172729,7.06438350677,-36.1931304932,7.48932504654,-18.1722507477,4.76326131821,-14.953622818,-0.859219610691,-12.5436553955]},"hfc":{"dmean":7.51065254211,"dmean2":9.79256343842,"dvar":67.8073348999,"dvar2":121.99672699,"max":121.944580078,"mean":23.0535850525,"median":19.1475296021,"min":1.0783816003e-16,"var":335.084960938},"melbands":{"dmean":[0.000345420266967,0.000436729431385,0.000230899589951,0.000292827608064,0.000178098591277,0.000162234588061,0.000135927926749,0.000193869142095,0.00034281189437,0.0000948550150497,0.0000623720043222,0.0000650717920507,0.0000415439644712,0.0000552681340196,0.0000711064931238,0.0000448046266683,0.0000663753089611,0.0000427105769631,0.000055639182392,0.0000221080481424,0.0000204592015507,0.0000330803559336,0.0000196559158212,0.000019070590497,0.000010504491911,0.0000075737516454,0.00000566817789149,0.00000674801458445,0.00000517155103807,0.00000333190587298,0.00000413944235333,0.000003701766218,0.00000200494491764,0.00000146855950334,8.71554448167e-7,7.16743670637e-7,5.21297010891e-7,3.71447413272e-7,3.34638031063e-7,2.6080618909e-7],"dmean2":[0.000466731260531,0.000697305076756,0.000384408776881,0.000471424107673,0.000291592412395,0.000259298394667,0.000216379601625,0.000308874907205,0.000523183785845,0.000148277089465,0.0000995405353024,0.000102255864476,0.000064833315264,0.0000823419031803,0.000108563137474,0.0000682065365254,0.0000973749774857,0.0000669276778353,0.0000848026465974,0.0000334532924171,0.0000312219817715,0.0000507237418788,0.0000295978079521,0.0000282902365143,0.0000156126316142,0.000011495824765,0.00000847984665597,0.0000102586054709,0.00000781079234002,0.00000502733746544,0.0000064437463152,0.00000564876154385,0.00000303083356812,0.00000229797137763,0.00000134859124046,0.000001118194632,7.94085167399e-7,5.70702638925e-7,5.13243492151e-7,3.99228866854e-7],"dvar":[4.56092010381e-7,3.83243246915e-7,1.20924909197e-7,4.49309510486e-7,6.99422244566e-8,4.80881503506e-8,4.73313832572e-8,1.24361363874e-7,4.90988725232e-7,2.76672817989e-8,1.25861507883e-8,4.05681959137e-8,5.39130073918e-9,1.14033911203e-8,1.82879169586e-8,1.72234333462e-8,4.19645012073e-8,6.98049218428e-9,1.46727785477e-8,1.90819959833e-9,1.3587285741e-9,3.95676558185e-9,9.85651227303e-10,8.44044278914e-10,2.43338321715e-10,1.16366187519e-10,6.68261904146e-11,1.04260267086e-10,6.18643469785e-11,2.49577147143e-11,4.8847884071e-11,3.59550132722e-11,9.1973572855e-12,6.98114482889e-12,5.33479857512e-12,3.90077900536e-12,1.79424628367e-12,1.0104198294e-12,8.73629619168e-13,4.29181186033e-13],"dvar2":[8.38591631691e-7,9.17954821489e-7,3.30143876681e-7,0.00000111760061827,1.76419760578e-7,1.20995750308e-7,1.14434982379e-7,3.01009407622e-7,0.000001142860242,6.64574457687e-8,2.88166486229e-8,1.04762939657e-7,1.26946462231e-8,2.2723815718e-8,3.99163049281e-8,4.06170528322e-8,9.41716891134e-8,1.65605804625e-8,3.14820880476e-8,4.13484890771e-9,2.86549095563e-9,9.32640809026e-9,2.20853202393e-9,1.73492475941e-9,5.43980915868e-10,2.8045005207e-10,1.47363232728e-10,2.47564191369e-10,1.40689362937e-10,5.54904906747e-11,1.17085577345e-10,8.55188836413e-11,2.08142392211e-11,1.71875291777e-11,1.35638739823e-11,1.01651040016e-11,4.59790972657e-12,2.37228552774e-12,2.07694039918e-12,9.95648659005e-13],"max":[0.00874598231167,0.00766767188907,0.00600426923484,0.00810926966369,0.00404371228069,0.00342148239724,0.00326032866724,0.00653032166883,0.0128246964887,0.00362772564404,0.00215582363307,0.00657485611737,0.00121341599151,0.00225821975619,0.00210883421823,0.00448622973636,0.00509661529213,0.00221655680798,0.00382166355848,0.00106487993617,0.000731735490263,0.0015418541152,0.000556231301744,0.000631889444776,0.000247812480666,0.000135171998409,0.000113375390356,0.000149091531057,0.00013445703371,0.0000835891041788,0.0000856107071741,0.0000757139205234,0.0000520352841704,0.0000615379176452,0.0000543709502381,0.0000745865836507,0.0000326524932461,0.0000245507271757,0.0000342759558407,0.000020600431526],"mean":[0.000583201705012,0.0012738405494,0.000531944388058,0.000354703632183,0.000269225216471,0.000293145363685,0.000225226671319,0.000291868665954,0.000504911819007,0.000149455285282,0.0000977180316113,0.000101565688965,0.0000690997694619,0.0000943700360949,0.000112954337965,0.000065144871769,0.0000940703830565,0.000064828323957,0.0000893455871847,0.0000351370836142,0.0000324803004332,0.0000494421474286,0.0000320975705108,0.0000332831332344,0.000018655004169,0.0000129568916236,0.000010098083294,0.0000117680601761,0.00000931372960622,0.00000591939488004,0.00000663535593048,0.00000622927655058,0.00000371972600988,0.00000258527802544,0.00000164196649166,0.00000127575697206,9.76195678959e-7,6.87043552716e-7,6.01958163315e-7,4.75006146416e-7],"median":[0.000175831009983,0.000904682907276,0.00036294691381,0.000137394614285,0.000167484977283,0.000185982615221,0.000117203700938,0.000130896340124,0.000147924642079,0.0000766901721363,0.000038401587517,0.000030390547181,0.0000286741706077,0.0000334317846864,0.0000407438346883,0.0000166686368175,0.000018185852241,0.0000231381272897,0.0000289989911835,0.0000146474740177,0.000013402973309,0.0000194457315956,0.0000172495456354,0.0000156290952873,0.0000102579979284,0.00000804506271379,0.00000630373779131,0.00000668847769703,0.0000053846197261,0.00000351435164703,0.00000354477151632,0.0000035314701563,0.00000224248196901,0.00000154446956913,0.00000100753732113,7.54917209633e-7,5.78846538701e-7,3.90787477045e-7,3.07525823473e-7,2.33046236531e-7],"min":[1.30066360534e-24,4.9877017562e-25,1.32008329006e-24,9.07379367621e-25,5.01408077183e-25,2.03199426525e-24,1.26876788818e-24,7.65370747527e-25,1.45732447858e-24,1.9512013007e-24,1.18311731539e-24,2.11517254795e-24,2.50027452314e-24,2.00401534109e-24,3.85074365059e-24,3.09680818144e-24,2.21307945541e-24,2.61069098962e-24,4.04027576611e-24,3.45390520007e-24,3.51437138846e-24,4.77589447669e-24,3.26724572154e-24,4.25045316038e-24,4.11503808625e-24,4.28564661195e-24,4.55189268948e-24,4.31080772495e-24,4.17318936231e-24,4.58503786371e-24,6.05455872353e-24,6.06915186142e-24,4.8557765041e-24,5.11312699164e-24,5.32439183067e-24,6.57983082917e-24,5.63823461979e-24,5.71170873007e-24,6.49108594949e-24,5.6707423944e-24],"var":[9.92602281258e-7,0.00000171341594069,3.04722789224e-7,4.84977704218e-7,1.02737445218e-7,1.03580440225e-7,8.72291678888e-8,2.07501315685e-7,9.23573338696e-7,4.98379826297e-8,2.63966057901e-8,8.03046091846e-8,1.19604655069e-8,3.28960858553e-8,4.01024138341e-8,2.82012777575e-8,7.65179564155e-8,1.451538445e-8,3.70165835761e-8,3.89587828664e-9,2.89215407179e-9,6.8096328576e-9,2.00206207168e-9,2.27513186069e-9,5.99569338622e-10,2.36699465583e-10,1.47517192906e-10,2.10031575465e-10,1.37013816959e-10,5.37777253284e-11,7.55011192455e-11,6.03977354241e-11,2.14615755723e-11,1.06919473275e-11,6.16756515651e-12,4.11585002191e-12,2.10184127047e-12,1.26731047531e-12,1.11032179544e-12,6.22411898497e-13]},"melbands_crest":{"dmean":3.52121496201,"dmean2":5.64038896561,"dvar":9.89208316803,"dvar2":24.9383182526,"max":32.6428527832,"mean":13.5789260864,"median":12.7194404602,"min":1.53075480461,"var":31.4771518707},"melbands_flatness_db":{"dmean":0.0253432337195,"dmean2":0.0361188985407,"dvar":0.000569765048567,"dvar2":0.00115603837185,"max":0.393334954977,"mean":0.161251097918,"median":0.156008213758,"min":0.0031024380587,"var":0.002933957614},"melbands_kurtosis":{"dmean":4.66352701187,"dmean2":7.04761123657,"dvar":53.3157653809,"dvar2":115.095298767,"max":107.815254211,"mean":7.45191526413,"median":3.86275148392,"min":-1.81352102757,"var":121.312904358},"melbands_skewness":{"dmean":0.660741984844,"dmean2":0.985390424728,"dvar":0.449494898319,"dvar2":0.982254564762,"max":8.79538249969,"mean":2.02634167671,"median":1.82650637627,"min":-1.62253797054,"var":1.62516522408},"melbands_spread":{"dmean":9.20402431488,"dmean2":13.7594947815,"dvar":114.337654114,"dvar2":252.58984375,"max":222.672348022,"mean":32.8046112061,"median":29.1805915833,"min":1.59854543209,"var":508.745819092},"mfcc":{"cov":[[12057.4521484,1033.18664551,-423.554351807,527.438659668,265.356109619,393.030334473,64.896156311,124.205276489,263.589904785,135.03578186,145.909469604,203.889419556,68.2176208496],[1033.18664551,1019.87652588,155.683700562,106.658882141,87.992515564,74.5786056519,92.826423645,59.5339241028,18.9367237091,-18.6910839081,-5.43148803711,71.268447876,42.6734046936],[-423.554351807,155.683700562,827.660217285,181.459030151,203.595443726,96.262260437,94.3367614746,31.9141654968,44.2455101013,25.3775253296,-17.8931503296,62.543258667,58.7678375244],[527.438659668,106.658882141,181.459030151,363.31552124,194.324813843,67.2033691406,10.1922149658,1.88891005516,90.1434249878,50.7070503235,-36.2092895508,30.070810318,52.1864852905],[265.356109619,87.992515564,203.595443726,194.324813843,312.502593994,108.060935974,30.7823295593,7.39383411407,97.6889266968,47.1760406494,-30.4440135956,43.4461479187,52.3399353027],[393.030334473,74.5786056519,96.262260437,67.2033691406,108.060935974,211.086898804,88.3138122559,42.9244728088,36.1375999451,9.25221920013,-2.4431848526,52.8932952881,32.2444572449],[64.896156311,92.826423645,94.3367614746,10.1922149658,30.7823295593,88.3138122559,158.055847168,63.6604537964,3.67420458794,0.982431173325,14.3910541534,45.3810424805,14.793182373],[124.205276489,59.5339241028,31.9141654968,1.88891005516,7.39383411407,42.9244728088,63.6604537964,113.793403625,23.78083992,-10.5543708801,6.77707386017,26.2930850983,20.6453781128],[263.589904785,18.9367237091,44.2455101013,90.1434249878,97.6889266968,36.1375999451,3.67420458794,23.78083992,128.031814575,46.1256065369,-8.01574325562,20.060716629,31.4752235413],[135.03578186,-18.6910839081,25.3775253296,50.7070503235,47.1760406494,9.25221920013,0.982431173325,-10.5543708801,46.1256065369,109.699867249,39.3878364563,4.39348125458,-7.68964767456],[145.909469604,-5.43148803711,-17.8931503296,-36.2092895508,-30.4440135956,-2.4431848526,14.3910541534,6.77707386017,-8.01574325562,39.3878364563,107.945655823,18.7873382568,-26.9053230286],[203.889419556,71.268447876,62.543258667,30.070810318,43.4461479187,52.8932952881,45.3810424805,26.2930850983,20.060716629,4.39348125458,18.7873382568,92.5889587402,41.4541778564],[68.2176208496,42.6734046936,58.7678375244,52.1864852905,52.3399353027,32.2444572449,14.793182373,20.6453781128,31.4752235413,-7.68964767456,-26.9053230286,41.4541778564,87.8286361694]],"icov":[[0.000116531678941,-0.000109268577944,0.000126042519696,-0.000177894020453,0.000046219847718,-0.000207620149013,0.000123609890579,-0.000042295694584,-0.000129172680317,0.0000134601541504,-0.00018442099099,-0.000117223957204,0.000068048502726],[-0.000109268577944,0.00121231738012,-0.000175597699126,-0.000118151539937,-0.000151489730342,0.000270658929367,-0.000493001309223,-0.000213448845898,0.000243347050855,0.000321251398418,0.000152095817612,-0.000410758599173,-0.0000109531392809],[0.000126042519696,-0.000175597699126,0.00172219402157,-0.000586362381,-0.000758448964916,-0.0000489495578222,-0.000615852710325,-0.0000468123871542,0.000327197863953,-0.0000586746391491,-0.00017858252977,-0.000336091354256,-0.00025030830875],[-0.000177894020453,-0.000118151539937,-0.000586362381,0.00494872126728,-0.00188033503946,0.00015805203293,0.000235549625359,0.000346562301274,-0.000812930695247,-0.00135479844175,0.00138408481143,0.000220511399675,-0.000918509496842],[0.000046219847718,-0.000151489730342,-0.000758448964916,-0.00188033503946,0.00681375386193,-0.00217751553282,0.000286043476081,0.00112537306268,-0.00267495028675,-0.000953664071858,0.00112435629126,-0.000721261254512,-0.000351366528776],[-0.000207620149013,0.000270658929367,-0.0000489495578222,0.00015805203293,-0.00217751553282,0.00809269025922,-0.0035543134436,-0.000456734356703,0.0000416906841565,0.000322592619341,0.000564844463952,-0.00161554676015,-0.0000499327943544],[0.000123609890579,-0.000493001309223,-0.000615852710325,0.000235549625359,0.000286043476081,-0.0035543134436,0.0114505933598,-0.00484007503837,0.00170837517362,-0.00107082759496,-0.0000988779720501,-0.0027949786745,0.00134207692463],[-0.000042295694584,-0.000213448845898,-0.0000468123871542,0.000346562301274,0.00112537306268,-0.000456734356703,-0.00484007503837,0.0131545849144,-0.00383385038003,0.00274788984098,-0.00153717235662,0.000390346976928,-0.00185856258031],[-0.000129172680317,0.000243347050855,0.000327197863953,-0.000812930695247,-0.00267495028675,0.0000416906841565,0.00170837517362,-0.00383385038003,0.0138356126845,-0.00530853122473,0.00171633902937,-0.000469481368782,-0.00223725452088],[0.0000134601541504,0.000321251398418,-0.0000586746391491,-0.00135479844175,-0.000953664071858,0.000322592619341,-0.00107082759496,0.00274788984098,-0.00530853122473,0.0150826256722,-0.00662027625367,0.00146682641935,0.00116461317521],[-0.00018442099099,0.000152095817612,-0.00017858252977,0.00138408481143,0.00112435629126,0.000564844463952,-0.0000988779720501,-0.00153717235662,0.00171633902937,-0.00662027625367,0.0152201550081,-0.00582816405222,0.00508565688506],[-0.000117223957204,-0.000410758599173,-0.000336091354256,0.000220511399675,-0.000721261254512,-0.00161554676015,-0.0027949786745,0.000390346976928,-0.000469481368782,0.00146682641935,-0.00582816405222,0.0191864855587,-0.00875810533762],[0.000068048502726,-0.0000109531392809,-0.00025030830875,-0.000918509496842,-0.000351366528776,-0.0000499327943544,0.00134207692463,-0.00185856258031,-0.00223725452088,0.00116461317521,0.00508565688506,-0.00875810533762,0.0190854799002]],"mean":[-642.558349609,99.8937683105,-12.7249937057,21.7543201447,-5.99751186371,1.65413725376,-7.76297235489,0.541772067547,-1.19813907146,0.393148779869,3.93404555321,2.09731006622,-1.82204043865]},"pitch_salience":{"dmean":0.0731232613325,"dmean2":0.115232899785,"dvar":0.00438056094572,"dvar2":0.0101825455204,"max":0.964305043221,"mean":0.557933330536,"median":0.556964218616,"min":0.123406872153,"var":0.012888642028},"silence_rate_20dB":{"dmean":0,"dmean2":0,"dvar":0,"dvar2":0,"max":1,"mean":1,"median":1,"min":1,"var":0},"silence_rate_30dB":{"dmean":0,"dmean2":0,"dvar":0,"dvar2":0,"max":1,"mean":1,"median":1,"min":1,"var":0},"silence_rate_60dB":{"dmean":0.0299370642751,"dmean2":0.059884313494,"dvar":0.0290408786386,"dvar2":0.0614077746868,"max":1,"mean":0.0940476208925,"median":0,"min":0,"var":0.0852057412267},"spectral_centroid":{"dmean":310.096160889,"dmean2":453.830291748,"dvar":112081.882812,"dvar2":225442.53125,"max":11807.2792969,"mean":1836.35803223,"median":1697.48974609,"min":240.826339722,"var":1993223},"spectral_complexity":{"dmean":5.3359413147,"dmean2":6.98707056046,"dvar":30.2221050262,"dvar2":50.0273857117,"max":58,"mean":21.2474498749,"median":20,"min":0,"var":157.916809082},"spectral_contrast_coeffs":{"dmean":[0.0505243465304,0.053688865155,0.0435650274158,0.0381640233099,0.0269085038453,0.0225504972041],"dmean2":[0.0799278765917,0.0841987878084,0.0684444382787,0.0571619458497,0.0409037470818,0.0338858030736],"dvar":[0.00174873892684,0.0019379304722,0.00126912933774,0.00108566507697,0.000591297808569,0.00048789565335],"dvar2":[0.00442493148148,0.0046644192189,0.0030694718007,0.00224572815932,0.00118947052397,0.00094133982202],"max":[-0.360642254353,-0.291946470737,-0.475192129612,-0.479396432638,-0.556397199631,-0.592014670372],"mean":[-0.629859626293,-0.706209659576,-0.763664960861,-0.755177199841,-0.778097093105,-0.743491768837],"median":[-0.625650584698,-0.721847772598,-0.77133589983,-0.765132069588,-0.784033119678,-0.740137457848],"min":[-0.978905081749,-0.983906149864,-0.97558170557,-0.970803678036,-0.967760384083,-0.966107964516],"var":[0.00813011545688,0.011007280089,0.00536535633728,0.00617686659098,0.00340033415705,0.00284871412441]},"spectral_contrast_valleys":{"dmean":[0.41674643755,0.408088684082,0.392446398735,0.367361217737,0.347055852413,0.284038871527],"dmean2":[0.663282215595,0.653409540653,0.595524132252,0.516975164413,0.464407026768,0.38186571002],"dvar":[0.154530927539,0.162315458059,0.164598464966,0.151219800115,0.151030033827,0.141666203737],"dvar2":[0.311304479837,0.31808796525,0.293886810541,0.244284436107,0.235347539186,0.227560281754],"max":[-5.79946088791,-4.79112052917,-5.37355899811,-5.75802278519,-5.70242118835,-7.80419683456],"mean":[-8.32900238037,-7.17050266266,-7.88302326202,-8.05375576019,-7.73893737793,-10.3336706161],"median":[-7.5682144165,-6.50109100342,-7.28997468948,-7.52394866943,-7.19672822952,-9.84282875061],"min":[-28.0265808105,-28.0987014771,-27.7313899994,-27.6451969147,-27.4570350647,-27.434961319],"var":[8.87200546265,9.22594547272,8.62781429291,8.41146850586,8.53886032104,6.51210784912]},"spectral_decrease":{"dmean":1.3805682153e-9,"dmean2":1.9587229616e-9,"dvar":2.24514581951e-18,"dvar2":4.67865596733e-18,"max":1.95481973615e-28,"mean":-5.27747490153e-9,"median":-5.0699959786e-9,"min":-1.85005699649e-8,"var":1.06306291019e-17},"spectral_energy":{"dmean":0.00573675846681,"dmean2":0.0080283312127,"dvar":0.0000382817888749,"dvar2":0.0000772497514845,"max":0.0758550167084,"mean":0.022009363398,"median":0.0209170226008,"min":1.00708924539e-20,"var":0.000187908590306},"spectral_energyband_high":{"dmean":0.000442027609097,"dmean2":0.000623066851404,"dvar":3.92886335021e-7,"dvar2":8.84124517597e-7,"max":0.0107817305252,"mean":0.000980301876552,"median":0.00068080984056,"min":7.19138303753e-21,"var":9.59653448263e-7},"spectral_energyband_low":{"dmean":0.00191224762239,"dmean2":0.00295628258027,"dvar":0.00000723427865523,"dvar2":0.0000163567565323,"max":0.0322205536067,"mean":0.00563970534131,"median":0.00480099953711,"min":1.16113138726e-23,"var":0.0000283506433334},"spectral_energyband_middle_high":{"dmean":0.00276978919283,"dmean2":0.00367657118477,"dvar":0.0000116616702144,"dvar2":0.0000225905387197,"max":0.0588721334934,"mean":0.00714478269219,"median":0.00516559649259,"min":1.16472412172e-21,"var":0.0000525603827555},"spectral_energyband_middle_low":{"dmean":0.0038747957442,"dmean2":0.00589758623391,"dvar":0.000024930208383,"dvar2":0.0000587748072576,"max":0.0637915953994,"mean":0.00875442568213,"median":0.00689836032689,"min":1.53896942868e-22,"var":0.0000544877548236},"spectral_entropy":{"dmean":0.150927424431,"dmean2":0.215211346745,"dvar":0.0236506611109,"dvar2":0.0478397160769,"max":9.82486534119,"mean":7.72550439835,"median":7.76082801819,"min":6.056828022,"var":0.206285879016},"spectral_flux":{"dmean":0.0206678975374,"dmean2":0.0308639667928,"dvar":0.000406792532885,"dvar2":0.000874568650033,"max":0.213134050369,"mean":0.0775466263294,"median":0.0753081664443,"min":6.29138408037e-11,"var":0.00138736376539},"spectral_kurtosis":{"dmean":1.1132787466,"dmean2":1.85486936569,"dvar":1.51934409142,"dvar2":3.84049677849,"max":22.4768562317,"mean":3.37063765526,"median":3.06481432915,"min":-1.28016960621,"var":3.91766953468},"spectral_rms":{"dmean":0.000613240816165,"dmean2":0.000835392391309,"dvar":3.7251794538e-7,"dvar2":6.60154228171e-7,"max":0.00860260985792,"mean":0.00430798251182,"median":0.00451739411801,"min":3.13452714305e-12,"var":0.00000291382070827},"spectral_rolloff":{"dmean":562.242614746,"dmean2":897.421142578,"dvar":736136.875,"dvar2":1660683.875,"max":19767.4804688,"mean":2204.38256836,"median":1808.7890625,"min":129.19921875,"var":7010247.5},"spectral_skewness":{"dmean":0.186835557222,"dmean2":0.293020009995,"dvar":0.0375627540052,"dvar2":0.083885088563,"max":3.69489502907,"mean":1.28510630131,"median":1.27621197701,"min":-0.0855979770422,"var":0.150539845228},"spectral_spread":{"dmean":500830.53125,"dmean2":720909.375,"dvar":710321373184,"dvar2":1423723331580,"max":50052736,"mean":5148523.5,"median":4187974.5,"min":2263572.75,"var":26372550426600},"spectral_strongpeak":{"dmean":0.662596642971,"dmean2":1.1093403101,"dvar":1.35355472565,"dvar2":3.24863100052,"max":15.0351333618,"mean":1.07394242287,"median":0.45934009552,"min":0,"var":2.21237897873},"zerocrossingrate":{"dmean":0.0105883693323,"dmean2":0.0125157162547,"dvar":0.000165775010828,"dvar2":0.000256902421825,"max":0.5341796875,"mean":0.0769738033414,"median":0.06689453125,"min":0.0087890625,"var":0.00435022357851}},"metadata":{"audio_properties":{"analysis_sample_rate":44100,"bit_rate":0,"codec":"flac","downmix":"mix","equal_loudness":0,"length":136.493331909,"lossless":true,"md5_encoded":"5b73733e2ecdbbaa1e1826b3339a1de7","replay_gain":-11.9712333679},"tags":{"album":["Kinks"],"album artist":["The Kinks"],"albumartist":["The Kinks"],"albumartist_credit":["The Kinks"],"albumartistsort":["Kinks, The"],"artist":["The Kinks"],"artist_credit":["The Kinks"],"artistsort":["Kinks, The"],"asin":["B000006B8B"],"barcode":["5017615848229"],"bpm":["0"],"catalognumber":["ESM CD 482"],"compilation":["0"],"date":["1998-3-30"],"disc":["1"],"discc":["1"],"discnumber":["1"],"disctotal":["1"],"file_name":"11. Too Much Monkey Business.flac","genre":["Rock"],"label":["Essential! Records"],"language":["eng"],"media":["CD"],"musicbrainz_albumartistid":["17b53d9f-5c63-4a09-a593-dde4608e0db9"],"musicbrainz_albumid":["6b409a77-9760-41be-80b1-20afe219b77d"],"musicbrainz_albumstatus":["Official"],"musicbrainz_albumtype":["album"],"musicbrainz_artistid":["17b53d9f-5c63-4a09-a593-dde4608e0db9"],"musicbrainz_recordingid":["59af1328-7ea7-4549-bea6-54395c3b6e42"],"musicbrainz_releasegroupid":["874449ed-f27e-4e1b-923e-9f1aaef4cc06"],"originaldate":["1964-10-2"],"publisher":["Essential! Records"],"releasecountry":["GB"],"releasestatus":["official"],"releasetype":["album"],"replaygain_album_gain":["-5.99 dB"],"replaygain_album_peak":["0.977234"],"replaygain_reference_loudness":["89.0 dB"],"replaygain_track_gain":["-5.99 dB"],"replaygain_track_peak":["0.805054"],"script":["Latn"],"title":["Too Much Monkey Business"],"totaldiscs":["1"],"totaltracks":["26"],"track":["11"],"trackc":["26"],"tracknumber":["11"],"tracktotal":["26"],"year":["1998"]},"version":{"essentia":"2.1-beta1","essentia_build_sha":"12879b851c9f4b0d899e1af4e221aa110f283a84","essentia_git_sha":"v2.1_beta1-7-ge0e83e8-dirty","extractor":"music 1.0"}},"rhythm":{"beats_count":224,"beats_loudness":{"dmean":0.00845100171864,"dmean2":0.0134639544412,"dvar":0.0000393973205064,"dvar2":0.000104630154965,"max":0.0577177889645