{"lowlevel":{"average_loudness":0.839394390583,"barkbands":{"dmean":[0.0030295450706,0.0134485280141,0.00318703823723,0.00111444329377,0.0013951434521,0.00218456797302,0.00142864580266,0.00066698883893,0.000500859343447,0.000403654965339,0.000480817514472,0.000479624606669,0.00039111910155,0.000225787443924,0.000226343923714,0.000138318835525,0.000116614515719,0.000124292331748,0.00010388156079,0.000062891660491,0.0000386739411624,0.0000258501895587,0.0000139844642035,0.00000572626458961,0.00000279366713585,0.00000971470581135,0.000133738300065],"dmean2":[0.00493299076334,0.0209630522877,0.00545684946701,0.00183376215864,0.00223318790086,0.00327092921361,0.00224448414519,0.00108685251325,0.000827164622024,0.000660866091494,0.000779597903602,0.000797198561486,0.000657849595882,0.000378781842301,0.000377866002964,0.000230867284699,0.000195855347556,0.000196035703993,0.00016316503752,0.0000978817988653,0.000058656969486,0.0000356461969204,0.0000195342745428,0.00000835319406178,0.00000459802549813,0.0000137096076287,0.0002072557254],"dvar":[0.0000652699673083,0.00107501901221,0.0000549331780348,0.00000468571533929,0.0000106007382783,0.0000709869564162,0.000016938060071,0.00000267696373157,0.0000015507638409,0.00000124853431771,0.00000273490059044,0.00000185107103334,5.70135227917e-7,2.43858124804e-7,2.19600991613e-7,1.10765441264e-7,1.3356103068e-7,1.50812880406e-7,1.660490625e-7,5.7482658633e-8,3.20613011695e-8,1.3903315832e-8,3.69975539094e-9,3.53146373255e-10,3.35409512664e-11,7.41557981687e-10,3.74172977047e-8],"dvar2":[0.000162350392202,0.0024536640849,0.000152892709593,0.0000121845951071,0.0000238319498749,0.000126704006107,0.0000379730990971,0.00000688387581249,0.00000417455748902,0.00000326319332089,0.00000614582040726,0.0000048631422942,0.00000153740688802,5.8373916545e-7,5.56788052108e-7,2.90525946411e-7,3.56076441221e-7,3.43983259654e-7,3.72935033965e-7,1.16959945728e-7,7.22222210925e-8,2.54732501759e-8,5.85863846325e-9,5.47152767538e-10,8.41823555309e-11,1.24196652962e-9,8.53534629641e-8],"max":[0.125074520707,0.475677251816,0.111836671829,0.069303356111,0.0809648782015,0.399710536003,0.160867542028,0.0428492799401,0.0328152738512,0.0365935154259,0.0752943232656,0.0473429597914,0.0219609271735,0.0270190499723,0.0131000550464,0.00750854564831,0.0122960181907,0.016040250659,0.016645334661,0.0103232245892,0.0104166697711,0.00598629564047,0.00378788565286,0.00152244034689,0.000148883162183,0.00174304260872,0.00373639562167],"mean":[0.00421029422432,0.0203619860113,0.00397566985339,0.00158912164625,0.00217334204353,0.00319573818706,0.00219022855163,0.000972434179857,0.000771560647991,0.000600097526331,0.000750859966502,0.000766767654568,0.000673046510201,0.000397268420784,0.000402501842473,0.00023169623455,0.000182853837032,0.000203031406272,0.000167743739439,0.000106731407868,0.0000715265268809,0.0000502972616232,0.0000250416687777,0.00000930726037041,0.0000030395574413,0.0000180404658749,0.000510070240125],"median":[0.00177474296652,0.00944534409791,0.00198562443256,0.000816876301542,0.00102832808625,0.000716438982636,0.00061662227381,0.000340700149536,0.000274510995951,0.000185674929526,0.000158444221597,0.000279916945146,0.000401816272642,0.000215505293454,0.000191424478544,0.0000933185001486,0.0000664905310259,0.0000619508136879,0.0000324550128425,0.0000235019379033,0.0000199324513233,0.0000109782204163,0.00000506204060002,0.00000284958173324,0.00000116581861676,0.00000534739729119,0.00036843153066],"min":[4.79498747439e-25,1.55061276321e-23,3.0907485464e-24,4.81897574844e-24,1.94474581526e-23,1.20487427665e-23,4.72229051043e-23,3.15974165064e-23,6.04199926906e-23,3.98522242571e-23,4.62218122166e-23,6.08436109967e-23,7.37898849913e-23,4.55898052583e-23,8.18117547385e-23,8.91715682378e-23,6.33039356314e-23,1.19746308622e-22,2.68125920454e-22,2.36755055333e-22,4.43437470782e-22,4.98310231452e-22,4.39906150717e-22,6.67924312778e-22,1.21219946232e-21,1.57525975662e-21,2.38987867434e-21],"var":[0.0000733257911634,0.0013776649721,0.0000506032338308,0.00000647332853987,0.0000185073913599,0.000140371514135,0.0000378296062991,0.0000045428064368,0.00000289548984256,0.00000196568294086,0.00000762839772506,0.00000346049932887,9.08675076516e-7,4.42013003976e-7,4.41517471472e-7,1.80918846127e-7,1.72936921672e-7,3.17538223271e-7,3.47666286871e-7,1.38857828347e-7,5.88808433122e-8,4.72182932754e-8,1.09400861703e-8,9.91038806575e-10,3.46260138617e-11,2.13871276245e-9,2.69356974059e-7]},"barkbands_crest":{"dmean":3.09466028214,"dmean2":5.00019788742,"dvar":7.47349596024,"dvar2":18.4808578491,"max":25.8854618073,"mean":12.1874666214,"median":11.5081615448,"min":2.52881455421,"var":23.3533973694},"barkbands_flatness_db":{"dmean":0.0298208892345,"dmean2":0.0467879846692,"dvar":0.000787502562162,"dvar2":0.00203039729968,"max":0.494260340929,"mean":0.168870657682,"median":0.158154815435,"min":0.0287863574922,"var":0.00431103724986},"barkbands_kurtosis":{"dmean":10.171746254,"dmean2":16.2843570709,"dvar":797.196166992,"dvar2":2209.70166016,"max":705.534484863,"mean":19.297706604,"median":8.18952083588,"min":-1.73234260082,"var":1945.56274414},"barkbands_skewness":{"dmean":0.8506488204,"dmean2":1.33294427395,"dvar":1.09075164795,"dvar2":2.76555490494,"max":22.4521770477,"mean":2.98558568954,"median":2.45525884628,"min":-2.57314538956,"var":5.30890083313},"barkbands_spread":{"dmean":5.59111166,"dmean2":8.77131462097,"dvar":42.7370643616,"dvar2":100.290283203,"max":109.187896729,"mean":19.8774604797,"median":17.2929897308,"min":0.325919419527,"var":208.984283447},"dissonance":{"dmean":0.0240167472512,"dmean2":0.041300598532,"dvar":0.00107483868487,"dvar2":0.00317312031984,"max":0.500000119209,"mean":0.459912925959,"median":0.473877072334,"min":0.0886467844248,"var":0.00216849031858},"dynamic_complexity":5.31574869156,"erbbands":{"dmean":[0.613626718521,2.29762458801,3.74082994461,3.4667994976,4.20695114136,4.41874265671,11.1502075195,19.2851238251,18.9187793732,20.5908145905,12.9378042221,11.5280656815,10.7433423996,14.3123149872,18.7984371185,19.1798648834,17.9394931793,11.7461357117,11.7202739716,9.7173500061,6.60473823547,6.43076467514,6.69261980057,5.92589616776,4.58180713654,2.96775054932,1.90470504761,1.29515850544,0.999684810638,0.608763992786,0.378854990005,0.174451112747,0.0716126859188,0.0326922498643,0.0197542179376,0.0155609790236,0.0202516578138,0.0176892708987,0.00656416453421,0.00379449338652],"dmean2":[0.93328744173,3.73960733414,6.39673805237,5.70666599274,6.85622787476,7.11287498474,16.9117183685,28.8400726318,29.4872665405,32.936466217,21.1514453888,19.0842876434,17.5446910858,23.4898853302,30.49974823,31.7654666901,30.0347957611,19.6654624939,19.572013855,16.1449508667,11.056101799,10.6963748932,10.8028230667,9.28684520721,7.21518230438,4.5444893837,2.90247583389,1.91383886337,1.41262769699,0.865218222141,0.521923959255,0.244926691055,0.108675055206,0.0531712286174,0.0325058922172,0.024061974138,0.028328826651,0.0246185678989,0.00937466043979,0.00576132675633],"dvar":[2.90698170662,24.5826225281,64.3149414062,46.9794998169,101.734603882,118.779525757,2126.95239258,6955.13476562,3868.14916992,3428.29858398,1021.75115967,909.64453125,1003.95727539,1499.45617676,4172.71337891,2786.91625977,1232.18566895,706.129638672,480.230102539,443.511535645,286.390380859,438.693756104,489.028289795,449.975219727,362.596221924,137.054489136,74.8707885742,37.3212547302,24.3031768799,5.87139177322,3.66678786278,0.59637260437,0.0255489703268,0.00447394000366,0.0016748503549,0.000844318070449,0.0037760627456,0.00225657387637,0.000268789939582,0.0000247093430517],"dvar2":[6.4575138092,61.0043754578,180.444473267,122.448738098,252.100708008,258.596954346,4100.81933594,12459.8232422,8532.3046875,8657.69140625,2543.2824707,2457.36914062,2554.10351562,3870.19091797,9897.02734375,7150.88720703,3298.11645508,1679.0032959,1234.86682129,1091.91821289,763.706237793,1164.3380127,1175.5802002,1025.48486328,811.919311523,279.551208496,160.750564575,86.3483047485,46.6066398621,10.0158185959,6.20500183105,0.821677327156,0.0519047193229,0.0110606402159,0.00421510171145,0.00184889801312,0.00588830607012,0.00397143652663,0.000518113956787,0.0000545005932509],"max":[26.6885108948,70.9038238525,106.31275177,183.472763062,287.351074219,366.979858398,2579.51733398,4956.88085938,2854.50683594,1661.96801758,1072.17504883,745.969909668,882.514831543,1378.76147461,2457.27441406,1629.73034668,887.790893555,1475.86083984,437.256622314,606.581726074,306.819824219,761.185546875,1025.74853516,638.191589355,986.811157227,515.787963867,361.857727051,365.722351074,268.56918335,109.768211365,126.841842651,71.9941177368,8.52365589142,1.68157196045,1.04562532902,1.00136983395,4.85005283356,1.81055879593,0.634056866169,0.111616313457],"mean":[0.926561534405,3.18645524979,4.88674736023,5.2001247406,6.33504581451,6.5972495079,16.3302154541,27.803030014,29.3490161896,30.8298244476,20.5470848083,18.1747722626,16.7814369202,23.4230575562,31.8611125946,31.9545116425,32.1187057495,22.3606395721,21.9087276459,17.7013301849,11.7168302536,10.5029449463,11.1113615036,9.75283813477,7.46225500107,5.05312824249,3.47123885155,2.43429374695,1.92124116421,1.17125284672,0.651425421238,0.300886750221,0.104885369539,0.0382121764123,0.0213973950595,0.0229534786195,0.0380586758256,0.0397882275283,0.0217251107097,0.0188591759652],"median":[0.326362937689,1.57854819298,2.59993243217,2.92123007774,3.16354441643,2.93018054962,3.92272496223,6.34175252914,8.54975223541,8.83219051361,7.94940185547,6.52715396881,5.7190322876,6.64584684372,7.7921333313,12.9455928802,19.211807251,13.0837936401,11.9468631744,7.99922275543,5.09437561035,3.87029600143,3.72022652626,2.04648971558,1.51500451565,1.10896551609,0.929148793221,0.668663978577,0.424754709005,0.244934052229,0.13073015213,0.0831321999431,0.0329175926745,0.0148632479832,0.00837296899408,0.00913739483804,0.010991981253,0.011418829672,0.0106899812818,0.0167642682791],"min":[2.49179854404e-22,4.28510455406e-21,5.13770925745e-21,8.83960341594e-21,2.16840066143e-20,1.11734161276e-19,6.27303403522e-20,1.09507830507e-19,4.56070838718e-19,4.6177776456e-19,7.45870205905e-19,1.13132954711e-18,2.24658470018e-18,1.30076198596e-18,1.53896684132e-18,2.67116327371e-18,3.25561890245e-18,2.68763326689e-18,3.89229671801e-18,5.57263637743e-18,4.88863617942e-18,3.91962635186e-18,6.00984393097e-18,8.74451585737e-18,1.33713539224e-17,1.11105369594e-17,1.84266210867e-17,1.70956957529e-17,1.92190534961e-17,1.37174115491e-17,1.47276430953e-17,1.42684718286e-17,1.28531806897e-17,1.46660032504e-17,7.97619162694e-18,5.65342338555e-18,2.8211085781e-18,1.30987482797e-18,3.46589917431e-19,3.36023479974e-20],"var":[3.7593152523,28.4514255524,62.0430793762,61.8324661255,142.397567749,211.608901978,4153.95214844,12887.2441406,8953.22167969,6085.34082031,1999.45092773,1751.99084473,1571.87585449,3102.7668457,10514.3564453,4863.61865234,2081.67895508,1304.60021973,1010.56866455,865.402648926,426.789764404,579.157531738,897.439208984,941.138244629,747.456115723,327.359405518,152.461685181,66.6292572021,75.0590591431,21.3962516785,9.03291034698,1.70398414135,0.0570868365467,0.005122163333,0.00170854490716,0.0016334336251,0.0111756287515,0.00830948166549,0.0011008650763,0.00022060869378]},"erbbands_crest":{"dmean":2.7647292614,"dmean2":4.55490493774,"dvar":7.08192443848,"dvar2":17.9785881042,"max":32.2585334778,"mean":8.93804264069,"median":7.60190868378,"min":2.38019156456,"var":22.0267658234},"erbbands_flatness_db":{"dmean":0.0225538127124,"dmean2":0.0354863293469,"dvar":0.000483159383293,"dvar2":0.00124801276252,"max":0.430838733912,"mean":0.147754266858,"median":0.139288395643,"min":0.0405535101891,"var":0.00275275087915},"erbbands_kurtosis":{"dmean":1.62967479229,"dmean2":2.72288346291,"dvar":32.8377456665,"dvar2":95.4233474731,"max":224.033477783,"mean":1.99409615993,"median":-0.000499963760376,"min":-1.73392856121,"var":124.548286438},"erbbands_skewness":{"dmean":0.416814863682,"dmean2":0.658472657204,"dvar":0.180086389184,"dvar2":0.45151168108,"max":11.4601221085,"mean":0.235351681709,"median":0.116209387779,"min":-4.42751264572,"var":0.995299398899},"erbbands_spread":{"dmean":6.02798032761,"dmean2":9.52088737488,"dvar":32.8184967041,"dvar2":79.0047073364,"max":111.286956787,"mean":29.8492832184,"median":28.5752696991,"min":0.582233011723,"var":201.045593262},"gfcc":{"cov":[[19794.9824219,-716.510375977,-2178.69677734,799.071044922,533.855834961,-222.972351074,-102.164581299,-606.016113281,466.168823242,800.264648438,574.133911133,381.784851074,-472.634216309],[-716.510375977,904.681274414,214.298583984,-303.252105713,68.3787918091,-6.97268819809,-117.026138306,5.17650604248,6.24154663086,-10.8132276535,79.7956542969,-92.5531692505,78.0642471313],[-2178.69677734,214.298583984,680.675109863,12.982922554,-85.5968475342,160.137664795,-82.8344421387,127.922767639,-60.7375564575,-42.9082069397,-46.0583496094,-32.8793907166,38.7969360352],[799.071044922,-303.252105713,12.982922554,450.628143311,142.862045288,4.78729534149,63.8425827026,-21.1455116272,1.38648080826,39.5006713867,16.0715141296,52.2036132812,-53.951171875],[533.855834961,68.3787918091,-85.5968475342,142.862045288,338.313293457,56.803024292,43.9560890198,-27.4700756073,31.6877441406,9.77727222443,62.5296287537,-8.14523696899,-3.92990708351],[-222.972351074,-6.97268819809,160.137664795,4.78729534149,56.803024292,226.222198486,2.7324757576,52.3298568726,-24.2786922455,-0.0368118099868,-3.97109675407,3.86908578873,1.4313095808],[-102.164581299,-117.026138306,-82.8344421387,63.8425827026,43.9560890198,2.7324757576,210.07598877,9.45525455475,15.3215293884,-45.6958389282,-33.4425582886,17.2614650726,1.59224486351],[-606.016113281,5.17650604248,127.922767639,-21.1455116272,-27.4700756073,52.3298568726,9.45525455475,163.066452026,30.9955692291,4.70589351654,-11.9685134888,-27.6487751007,21.942905426],[466.168823242,6.24154663086,-60.7375564575,1.38648080826,31.6877441406,-24.2786922455,15.3215293884,30.9955692291,150.000610352,76.899017334,27.8737926483,4.57558679581,-32.2385063171],[800.264648438,-10.8132276535,-42.9082069397,39.5006713867,9.77727222443,-0.0368118099868,-45.6958389282,4.70589351654,76.899017334,130.437820435,70.3576507568,19.3399276733,-22.9498558044],[574.133911133,79.7956542969,-46.0583496094,16.0715141296,62.5296287537,-3.97109675407,-33.4425582886,-11.9685134888,27.8737926483,70.3576507568,105.407981873,31.5961952209,-2.63579940796],[381.784851074,-92.5531692505,-32.8793907166,52.2036132812,-8.14523696899,3.86908578873,17.2614650726,-27.6487751007,4.57558679581,19.3399276733,31.5961952209,81.603729248,3.27898168564],[-472.634216309,78.0642471313,38.7969360352,-53.951171875,-3.92990708351,1.4313095808,1.59224486351,21.942905426,-32.2385063171,-22.9498558044,-2.63579940796,3.27898168564,87.2130355835]],"icov":[[0.00015960203018,-0.000241933114012,0.000631858652923,-0.000372922339011,0.000119419462862,-0.000320239982102,0.000216417000047,0.0000462744719698,0.0000411178916693,-0.000577390135732,0.000167265083292,-0.000479295500554,0.000451086816611],[-0.000241933114012,0.00356135098264,-0.00272531318478,0.00257522216998,-0.00116868538316,0.00135833059903,-0.000343634310411,0.00175423850305,-0.00130288861692,0.00219357898459,-0.0046099126339,0.00434656022117,-0.00241061346605],[0.000631858652923,-0.00272531318478,0.00623777555302,-0.00399348372594,0.00269806431606,-0.00406063301489,0.00240154541098,-0.00170426350087,-0.000183087759069,-0.000503117917106,0.0018538517179,-0.00223649805412,0.00113155669533],[-0.000372922339011,0.00257522216998,-0.00399348372594,0.00750351836905,-0.00534073868766,0.00441038329154,-0.00212938175537,-0.000775110092945,0.00388811156154,-0.00411528721452,0.00230544386432,-0.00253519462422,0.00253240275197],[0.000119419462862,-0.00116868538316,0.00269806431606,-0.00534073868766,0.00905231945217,-0.00551250623539,0.000294894474791,0.00286906538531,-0.00579177634791,0.00725128734484,-0.00833599548787,0.00667963502929,-0.00377556425519],[-0.000320239982102,0.00135833059903,-0.00406063301489,0.00441038329154,-0.00551250623539,0.00972719769925,-0.00166080764029,-0.00305104930885,0.00528414547443,-0.00492098880932,0.00418550241739,-0.00397998280823,0.00290780467913],[0.000216417000047,-0.000343634310411,0.00240154541098,-0.00212938175537,0.000294894474791,-0.00166080764029,0.00777443870902,-0.000945481995586,-0.0030214721337,0.00411544553936,0.0012715322664,-0.00219998159446,-0.000681473989971],[0.0000462744719698,0.00175423850305,-0.00170426350087,-0.000775110092945,0.00286906538531,-0.00305104930885,-0.000945481995586,0.0118914293125,-0.00649513537064,0.00348889315501,-0.00625916942954,0.00843724701554,-0.00582530535758],[0.0000411178916693,-0.00130288861692,-0.000183087759069,0.00388811156154,-0.00579177634791,0.00528414547443,-0.0030214721337,-0.00649513537064,0.0184208154678,-0.015687732026,0.0103219533339,-0.00827521737665,0.00852157082409],[-0.000577390135732,0.00219357898459,-0.000503117917106,-0.00411528721452,0.00725128734484,-0.00492098880932,0.00411544553936,0.00348889315501,-0.015687732026,0.0309377685189,-0.0207835882902,0.010749685578,-0.00665003340691],[0.000167265083292,-0.0046099126339,0.0018538517179,0.00230544386432,-0.00833599548787,0.00418550241739,0.0012715322664,-0.00625916942954,0.0103219533339,-0.0207835882902,0.0344584099948,-0.019429795444,0.00685987947509],[-0.000479295500554,0.00434656022117,-0.00223649805412,-0.00253519462422,0.00667963502929,-0.00397998280823,-0.00219998159446,0.00843724701554,-0.00827521737665,0.010749685578,-0.019429795444,0.030197231099,-0.0107305506244],[0.000451086816611,-0.00241061346605,0.00113155669533,0.00253240275197,-0.00377556425519,0.00290780467913,-0.000681473989971,-0.00582530535758,0.00852157082409,-0.00665003340691,0.00685987947509,-0.0107305506244,0.0204027816653]],"mean":[-42.9247894287,105.584884644,-76.8156433105,-4.41636371613,-8.49241352081,-8.7785320282,-1.11275863647,-14.0126447678,1.81219947338,-4.61186313629,-0.545323371887,-3.43327260017,-7.40540361404]},"hfc":{"dmean":68.7641830444,"dmean2":105.364578247,"dvar":13878.453125,"dvar2":29001.3476562,"max":2683.50488281,"mean":214.692672729,"median":175.781402588,"min":1.17754890904e-16,"var":48601.3984375},"melbands":{"dmean":[0.00446798838675,0.00219347188249,0.000594330951571,0.000296865415294,0.000340085505741,0.000428206374636,0.000287470640615,0.000205053263926,0.000103791513538,0.0000702620964148,0.0000550362528884,0.0000584537738177,0.0000677184143569,0.0000564480506,0.0000444948673248,0.0000378128861485,0.0000217172182602,0.0000202579776669,0.0000164663833857,0.0000109236380013,0.00000783871746535,0.000006852761544,0.00000681944538883,0.0000063970296651,0.00000493957350045,0.00000398532893087,0.00000278986544799,0.00000192160041479,0.00000130549346977,0.00000100225531696,7.2973909937e-7,6.51331504287e-7,4.69759299904e-7,3.20603987802e-7,2.45999160597e-7,1.61179727343e-7,8.91543194825e-8,5.43778035933e-8,3.48675968098e-8,2.54539020972e-8],"dmean2":[0.00685433670878,0.00366114987992,0.000976103183348,0.000479681009892,0.00051277584862,0.000640160986222,0.000447773229098,0.000329795351718,0.000170645187609,0.000116192248242,0.0000898356811376,0.0000964122446021,0.000109292777779,0.0000934152703849,0.0000737907612347,0.0000636100958218,0.0000365419509762,0.0000338944337273,0.0000275360725936,0.0000180716760951,0.0000132857330755,0.0000114892927741,0.000011299961443,0.000010251113963,0.00000785651718616,0.00000638752271698,0.00000443047474619,0.0000029738930607,0.0000020302586563,0.00000156067267199,0.0000010939064623,9.44802479808e-7,6.87387625931e-7,4.70224819082e-7,3.49362721863e-7,2.29140525221e-7,1.29949825123e-7,8.3319584121e-8,5.53629959654e-8,4.19953352093e-8],"dvar":[0.000136011396535,0.0000174557626451,0.00000135322261485,4.70855155754e-7,0.00000160725119258,0.00000298992745229,7.95504661255e-7,3.21911272749e-7,6.48745412946e-8,3.33840581845e-8,2.61577444149e-8,2.51392080486e-8,5.91079469814e-8,2.86001817784e-8,9.50407752498e-9,5.11894215904e-9,2.37639974365e-9,1.42598777231e-9,1.41540057452e-9,5.92671911548e-10,4.46904985241e-10,4.40239705801e-10,4.42109765464e-10,4.54541904116e-10,3.27449733994e-10,2.67757399586e-10,1.14106932236e-10,6.73065145285e-11,4.19152386411e-11,2.58345671245e-11,1.0316859346e-11,1.18541816987e-11,4.69847208015e-12,1.51347218178e-12,1.78278659196e-12,8.0510478926e-13,1.05468856305e-13,1.49999641614e-14,5.0547478868e-15,2.8487088092e-15],"dvar2":[0.000304998946376,0.0000465238517791,0.00000347759873875,0.00000111131612357,0.00000307730419991,0.00000534884247827,0.00000174066519776,8.20189711703e-7,1.66063117035e-7,8.90813964816e-8,6.69445583412e-8,6.53473435364e-8,1.31017074523e-7,7.69848824689e-8,2.48646614409e-8,1.33554403092e-8,5.77633452181e-9,3.76511133382e-9,3.75469033642e-9,1.49963041984e-9,1.22134913294e-9,1.16957776797e-9,1.13281806158e-9,1.08117792497e-9,7.73656805286e-10,6.12895012519e-10,2.51458576184e-10,1.47043682786e-10,9.60419313523e-11,6.38028727074e-11,2.34708728147e-11,2.67426532308e-11,9.68461508905e-12,2.77996267499e-12,3.38919907764e-12,1.29242092289e-12,1.56050872094e-13,3.27325311495e-14,1.18685172367e-14,7.15534555028e-15],"max":[0.177938506007,0.0542298182845,0.0293908324093,0.0160646848381,0.0670774579048,0.0962655544281,0.0373589657247,0.015079094097,0.00704453419894,0.00446872739121,0.00454089278355,0.00591389508918,0.0115409921855,0.00620604632422,0.00270969979465,0.00194273144007,0.0025366472546,0.00081171002239,0.00137023953721,0.000607983092777,0.00042724260129,0.000739141774829,0.000790023710579,0.000718046212569,0.00055487517966,0.000791603582911,0.000520822475664,0.000394288246753,0.000324909342453,0.000336271623382,0.000144573074067,0.000207610923098,0.0000931425383897,0.0000580181185796,0.0000855909311213,0.0000831431971164,0.0000260954038822,0.00000568828136238,0.00000198393399842,0.00000135446998684],"mean":[0.00686632236466,0.00313274655491,0.00095883855829,0.000459939794382,0.000511439342517,0.000629310321528,0.000448083592346,0.000307649810566,0.000160418669111,0.000107798980025,0.0000820983550511,0.0000917079887586,0.0001094902982,0.0000892081006896,0.0000741792027839,0.000065209416789,0.0000376229036192,0.0000351177768607,0.0000283624231088,0.000018791815819,0.0000125982905956,0.0000105041990537,0.0000107032174128,0.00000960655961535,0.00000772840485297,0.00000619453203399,0.00000431144462709,0.00000310045629703,0.00000226032125283,0.00000170918815456,0.00000129973500407,0.00000114836211651,8.46647367325e-7,5.6847329688e-7,4.00835460823e-7,2.63403251211e-7,1.48625545648e-7,7.80453817129e-8,4.41654037786e-8,2.73065499101e-8],"median":[0.00291583011858,0.00181958510075,0.000578642357141,0.000222990274779,0.000135340669658,0.00014742546773,0.000130622793222,0.0000909100854187,0.0000611286814092,0.0000372584327124,0.0000266742263193,0.0000257909850916,0.0000235511961364,0.0000292181775876,0.0000386952779081,0.0000396244759031,0.0000202121409529,0.0000188528792933,0.0000128388819576,0.00000751617653805,0.00000526642861587,0.0000036681212805,0.00000370494899471,0.00000263496053776,0.00000145825413256,0.000001145283818,8.51609570418e-7,6.57916132241e-7,5.67646736727e-7,4.5779469815e-7,3.43385266888e-7,2.44148168349e-7,1.7052323642e-7,1.15333953943e-7,7.58061133865e-8,6.0662245005e-8,4.33977582759e-8,2.33587158505e-8,1.57034278914e-8,1.01474499914e-8],"min":[4.59299115936e-24,4.049807178e-24,1.97181541945e-24,4.49118629295e-24,3.06678275489e-24,2.52721274255e-24,8.40350329821e-24,5.02404290177e-24,6.06259248299e-24,8.49390833567e-24,1.10472317825e-23,4.619844379e-24,4.75968220179e-24,6.03472044949e-24,6.13798431413e-24,7.73649300386e-24,4.59025657303e-24,6.56584116988e-24,7.11105094604e-24,6.52571970424e-24,5.19530775974e-24,3.76123988672e-24,4.95601942591e-24,6.79978063234e-24,5.33641407087e-24,1.22736217671e-23,7.75995451604e-24,5.5191710545e-24,1.04779368997e-23,1.14806382748e-23,9.60442964158e-24,1.1494577447e-23,8.12935677871e-24,7.09931032919e-24,8.53267453828e-24,7.81282949593e-24,9.35649223679e-24,7.74580392912e-24,1.1437698998e-23,1.27146896764e-23],"var":[0.00017614767421,0.0000199935693672,0.00000192766856344,7.31428542622e-7,0.00000330939360538,0.0000057293127611,0.00000182231610779,5.70880217765e-7,1.25506488757e-7,6.22730880195e-8,3.97046306944e-8,4.76726107479e-8,1.68694427316e-7,5.50323626669e-8,1.53317305518e-8,8.80055672781e-9,4.15689127564e-9,2.67105182417e-9,2.50977127969e-9,1.12035813959e-9,5.52285606137e-10,5.79892578401e-10,6.71653510587e-10,8.4909457243e-10,6.2859029093e-10,5.36381661309e-10,2.35624963985e-10,1.38682412776e-10,7.46816775088e-11,3.68519936789e-11,1.88626267383e-11,2.9381899691e-11,1.41977315321e-11,4.68933789369e-12,3.76455203815e-12,1.80955348362e-12,3.16810922114e-13,3.04503939967e-14,7.31364076153e-15,2.90154799499e-15]},"melbands_crest":{"dmean":4.21907806396,"dmean2":6.8361082077,"dvar":13.2613897324,"dvar2":33.5815734863,"max":38.3407592773,"mean":18.5017604828,"median":17.5714988708,"min":1.65444254875,"var":46.6085166931},"melbands_flatness_db":{"dmean":0.0372916422784,"dmean2":0.0587443597615,"dvar":0.00115770462435,"dvar2":0.00302017456852,"max":0.648837208748,"mean":0.291116029024,"median":0.282253086567,"min":0.00569525873289,"var":0.00647437945008},"melbands_kurtosis":{"dmean":12.9957304001,"dmean2":20.8018074036,"dvar":958.080688477,"dvar2":2517.2487793,"max":1017.34197998,"mean":25.2740020752,"median":9.77788352966,"min":-1.86709046364,"var":3344.73608398},"melbands_skewness":{"dmean":0.986418187618,"dmean2":1.55646073818,"dvar":1.18186032772,"dvar2":2.83823800087,"max":26.3082771301,"mean":3.29523062706,"median":2.7086751461,"min":-3.72483420372,"var":6.27450466156},"melbands_spread":{"dmean":4.51077651978,"dmean2":7.10358572006,"dvar":38.177154541,"dvar2":81.7552642822,"max":157.310623169,"mean":13.1891555786,"median":10.54783535,"min":0.187590807676,"var":144.194564819},"mfcc":{"cov":[[16872.2304688,823.792724609,-2732.99145508,734.441345215,-241.418182373,660.016296387,-440.894561768,-284.812774658,-635.73449707,58.8312644958,411.539367676,608.132141113,316.398284912],[823.792724609,1218.45385742,-170.53175354,-215.114715576,157.11680603,-18.9296398163,-58.7249984741,-157.891113281,-71.8687667847,-44.8915672302,92.3862304688,122.970123291,15.4230222702],[-2732.99145508,-170.53175354,921.287963867,-102.945358276,60.3050689697,-102.40057373,53.7103691101,48.4183578491,100.670814514,-15.7107086182,-22.4779815674,-86.9675140381,-57.1239013672],[734.441345215,-215.114715576,-102.945358276,361.282989502,14.7257061005,75.5551147461,16.2446537018,31.1743965149,-35.9845314026,23.0622386932,10.5125150681,10.8679971695,19.6853599548],[-241.418182373,157.11680603,60.3050689697,14.7257061005,278.132904053,60.0551071167,60.1764221191,-2.63776373863,6.91416120529,-4.87360048294,40.7778015137,50.5990486145,9.75261497498],[660.016296387,-18.9296398163,-102.40057373,75.5551147461,60.0551071167,201.590301514,43.0841407776,33.0532608032,-34.0811424255,-6.45653104782,7.73955583572,43.3515586853,23.1077861786],[-440.894561768,-58.7249984741,53.7103691101,16.2446537018,60.1764221191,43.0841407776,166.378189087,66.3495407104,32.9879379272,-13.3636436462,-34.2856788635,-36.6135482788,1.3984760046],[-284.812774658,-157.891113281,48.4183578491,31.1743965149,-2.63776373863,33.0532608032,66.3495407104,129.852859497,54.3469085693,15.6235017776,-20.9858665466,-17.8833293915,-15.4746589661],[-635.73449707,-71.8687667847,100.670814514,-35.9845314026,6.91416120529,-34.0811424255,32.9879379272,54.3469085693,124.752906799,43.2871246338,-7.80338811874,-26.0196094513,-12.0692539215],[58.8312644958,-44.8915672302,-15.7107086182,23.0622386932,-4.87360048294,-6.45653104782,-13.3636436462,15.6235017776,43.2871246338,82.7236328125,37.7738265991,16.2121543884,6.37795066833],[411.539367676,92.3862304688,-22.4779815674,10.5125150681,40.7778015137,7.73955583572,-34.2856788635,-20.9858665466,-7.80338811874,37.7738265991,111.36869812,73.6401596069,13.990981102],[608.132141113,122.970123291,-86.9675140381,10.8679971695,50.5990486145,43.3515586853,-36.6135482788,-17.8833293915,-26.0196094513,16.2121543884,73.6401596069,118.625984192,38.9136199951],[316.398284912,15.4230222702,-57.1239013672,19.6853599548,9.75261497498,23.1077861786,1.3984760046,-15.4746589661,-12.0692539215,6.37795066833,13.990981102,38.9136199951,65.9415054321]],"icov":[[0.000183885029401,-0.0000709923842805,0.000384017534088,-0.000200868293177,0.000236360734561,-0.000337407138431,0.000213345352677,-0.0000367540851585,0.000290232419502,0.0000760541734053,-0.000452870182926,-0.0000822331130621,-0.000212565035326],[-0.0000709923842805,0.00140742829535,0.000150945357746,0.000833353202324,-0.000711892032996,0.00035374329309,-0.000369716610294,0.00127348478418,-0.000116460651043,0.000599571736529,-0.000217266206164,-0.00102888024412,0.000755408254918],[0.000384017534088,0.000150945357746,0.0022908304818,-0.0000661496378598,-0.000151444852236,-0.000144591351273,0.000459320959635,-0.000251008517807,-0.000247965595918,0.00117649661843,-0.00178323953878,0.000692911504302,-0.0000589377705182],[-0.000200868293177,0.000833353202324,-0.0000661496378598,0.00408434355631,-0.00094896776136,-0.000280577398371,-0.000198101755814,-0.000691455148626,0.00167362473439,-0.00152570195496,-0.000027074080208,0.0008269372629,-0.000455457688076],[0.000236360734561,-0.000711892032996,-0.000151444852236,-0.00094896776136,0.00588958291337,-0.00168263958767,-0.0024147417862,0.00156241026707,-0.00103998638224,0.000860498461407,-0.00143070216291,-0.002665463835,0.000923890213016],[-0.000337407138431,0.00035374329309,-0.000144591351273,-0.000280577398371,-0.00168263958767,0.00824009347707,-0.00195135641843,-0.00217149406672,0.00199280166999,-0.000310456292937,0.00201891525649,-0.00269638444297,-0.0000545986877114],[0.000213345352677,-0.000369716610294,0.000459320959635,-0.000198101755814,-0.0024147417862,-0.00195135641843,0.01119821053,-0.0052322037518,-0.000765171367675,0.00232683680952,-0.000828577147331,0.00550882192329,-0.00434473808855],[-0.0000367540851585,0.00127348478418,-0.000251008517807,-0.000691455148626,0.00156241026707,-0.00217149406672,-0.0052322037518,0.01545949094,-0.00560991140082,-0.000549338117708,0.00221255468205,-0.0047393841669,0.00548995938152],[0.000290232419502,-0.000116460651043,-0.000247965595918,0.00167362473439,-0.00103998638224,0.00199280166999,-0.000765171367675,-0.00560991140082,0.0169039852917,-0.00939909834415,0.00130518048536,0.00146121776197,-0.00106076023076],[0.0000760541734053,0.000599571736529,0.00117649661843,-0.00152570195496,0.000860498461407,-0.000310456292937,0.00232683680952,-0.000549338117708,-0.00939909834415,0.0224634073675,-0.00916635245085,0.001632995205,-0.00213907216676],[-0.000452870182926,-0.000217266206164,-0.00178323953878,-0.000027074080208,-0.00143070216291,0.00201891525649,-0.000828577147331,0.00221255468205,0.00130518048536,-0.00916635245085,0.0217502284795,-0.0122330170125,0.00445762276649],[-0.0000822331130621,-0.00102888024412,0.000692911504302,0.0008269372629,-0.002665463835,-0.00269638444297,0.00550882192329,-0.0047393841669,0.00146121776197,0.001632995205,-0.0122330170125,0.0246793497354,-0.0107601694763],[-0.000212565035326,0.000755408254918,-0.0000589377705182,-0.000455457688076,0.000923890213016,-0.0000545986877114,-0.00434473808855,0.00548995938152,-0.00106076023076,-0.00213907216676,0.00445762276649,-0.0107601694763,0.0227728672326]],"mean":[-708.058227539,165.405685425,-3.6127269268,24.8790683746,7.87796974182,18.9063816071,3.21544265747,7.19805622101,0.509410381317,6.34591579437,4.25032424927,6.85091400146,1.32090616226]},"pitch_salience":{"dmean":0.0801706761122,"dmean2":0.128368318081,"dvar":0.0048245601356,"dvar2":0.0117449145764,"max":0.900505900383,"mean":0.503302752972,"median":0.519171118736,"min":0.0695962458849,"var":0.0170881971717},"silence_rate_20dB":{"dmean":0.00455753877759,"dmean2":0.00911594368517,"dvar":0.00453635398299,"dvar2":0.0132103199139,"max":1,"mean":0.997531592846,"median":1,"min":0,"var":0.00246209977195},"silence_rate_30dB":{"dmean":0.0742499083281,"dmean2":0.148513913155,"dvar":0.0687321722507,"dvar2":0.145455852151,"max":1,"mean":0.891388952732,"median":1,"min":0,"var":0.0968072414398},"silence_rate_60dB":{"dmean":0.0017090770416,"dmean2":0.00341847888194,"dvar":0.00170628109481,"dvar2":0.00359647790901,"max":1,"mean":0.154277026653,"median":0,"min":0,"var":0.130477100611},"spectral_centroid":{"dmean":177.281585693,"dmean2":275.610015869,"dvar":62370.4726562,"dvar2":114126.789062,"max":11008.0537109,"mean":892.3203125,"median":771.232666016,"min":125.257087708,"var":286822},"spectral_complexity":{"dmean":3.07273077965,"dmean2":4.7712469101,"dvar":14.012635231,"dvar2":27.4417495728,"max":61,"mean":17.3733024597,"median":18,"min":0,"var":118.353355408},"spectral_contrast_coeffs":{"dmean":[0.0502178445458,0.0491215661168,0.0372641533613,0.0278885699809,0.0232199020684,0.0307880267501],"dmean2":[0.0833080038428,0.0810697600245,0.0624627694488,0.0471582375467,0.0383154042065,0.0483962781727],"dvar":[0.00154240196571,0.00160184502602,0.000888236158062,0.000494170293678,0.000399397133151,0.000887265079655],"dvar2":[0.00428141513839,0.00422558607534,0.00245314463973,0.00139080872759,0.00107417919207,0.0021120547317],"max":[-0.326490372419,-0.336629152298,-0.539380371571,-0.628945350647,-0.65669208765,-0.516910612583],"mean":[-0.715081453323,-0.770979762077,-0.811621129513,-0.8201841712,-0.827666699886,-0.776623785496],"median":[-0.719314813614,-0.780920445919,-0.822920084,-0.817853569984,-0.821794629097,-0.772794485092],"min":[-0.972034573555,-0.965752005577,-0.965039849281,-0.989378988743,-0.980227053165,-0.963331222534],"var":[0.00452930340543,0.00604256335646,0.00348791107535,0.00224802852608,0.00235361233354,0.0058218408376]},"spectral_contrast_valleys":{"dmean":[0.378187000751,0.368600994349,0.324673503637,0.292275071144,0.341847956181,0.55233258009],"dmean2":[0.614742934704,0.603971481323,0.531284570694,0.471030980349,0.528021275997,0.862240254879],"dvar":[0.119450554252,0.116852074862,0.108129583299,0.121237702668,0.182676747441,0.234076872468],"dvar2":[0.248818472028,0.245716288686,0.220480933785,0.26014560461,0.398037046194,0.588584363461],"max":[-4.53948640823,-4.40587663651,-5.25121879578,-5.54644966125,-5.227602005,-8.55178642273],"mean":[-6.92275333405,-6.75915813446,-7.35536766052,-7.69489049911,-8.23360347748,-11.2928352356],"median":[-6.5140619278,-6.35220623016,-6.96756839752,-7.18871974945,-7.82809066772,-10.9902982712],"min":[-27.409910202,-27.1366024017,-27.2305641174,-27.3976325989,-27.3910522461,-27.248085022],"var":[1.76092624664,1.90664732456,1.86806178093,2.40833878517,2.30228018761,1.60174643993]},"spectral_decrease":{"dmean":5.3313424786e-9,"dmean2":8.17765855032e-9,"dvar":1.16434432714e-16,"dvar2":2.59064629871e-16,"max":2.41446542759e-8,"mean":-8.98145735562e-9,"median":-5.56016344078e-9,"min":-1.51962240125e-7,"var":1.78633822271e-16},"spectral_energy":{"dmean":0.0208233427256,"dmean2":0.031766820699,"dvar":0.00176280701999,"dvar2":0.00393627118319,"max":0.603604018688,"mean":0.0533715039492,"median":0.0419426187873,"min":1.04534925678e-20,"var":0.00318947294727},"spectral_energyband_high":{"dmean":0.000164238430443,"dmean2":0.000226632037084,"dvar":2.36605501414e-7,"dvar2":3.92283340034e-7,"max":0.0197869874537,"mean":0.000499084359035,"median":0.000245351955527,"min":7.75509370029e-21,"var":9.29345958411e-7},"spectral_energyband_low":{"dmean":0.0171039197594,"dmean2":0.0266655813903,"dvar":0.00153223040979,"dvar2":0.00346340541728,"max":0.569108366966,"mean":0.0286118425429,"median":0.0156408529729,"min":2.61717321745e-23,"var":0.00210206024349},"spectral_energyband_middle_high":{"dmean":0.00160186423454,"dmean2":0.00253964937292,"dvar":0.00000999373150989,"dvar2":0.0000245573737629,"max":0.0803528875113,"mean":0.00434992369264,"median":0.00231354148127,"min":1.24960585805e-21,"var":0.0000342184503097},"spectral_energyband_middle_low":{"dmean":0.00495958980173,"dmean2":0.00754290493205,"dvar":0.000114848582598,"dvar2":0.000226171119721,"max":0.422658056021,"mean":0.0110573293641,"median":0.00609899591655,"min":2.8283571509e-22,"var":0.000292391079711},"spectral_entropy":{"dmean":0.204160183668,"dmean2":0.321768045425,"dvar":0.053673941642,"dvar2":0.142095774412,"max":9.80937004089,"mean":7.33615493774,"median":7.4266242981,"min":4.72209405899,"var":0.269360512495},"spectral_flux":{"dmean":0.0293900594115,"dmean2":0.0488990955055,"dvar":0.00200676824898,"dvar2":0.00508642848581,"max":0.623749732971,"mean":0.107775837183,"median":0.10186676681,"min":1.02242325717e-10,"var":0.0054753869772},"spectral_kurtosis":{"dmean":6.38400506973,"dmean2":10.2132673264,"dvar":95.8734970093,"dvar2":263.815979004,"max":137.42817688,"mean":21.621837616,"median":18.1804866791,"min":-1.19915151596,"var":174.076644897},"spectral_rms":{"dmean":0.00113662180956,"dmean2":0.00170485547278,"dvar":0.00000273227874459,"dvar2":0.00000570132078792,"max":0.0242668893188,"mean":0.00627477886155,"median":0.00639684544876,"min":3.19351359593e-12,"var":0.0000126968716359},"spectral_rolloff":{"dmean":4799.27978516,"dmean2":9276.75585938,"dvar":65747808,"dvar2":151930208,"max":22028.4667969,"mean":14000.34375,"median":21253.2714844,"min":43.06640625,"var":96525832},"spectral_skewness":{"dmean":0.474420279264,"dmean2":0.747341096401,"dvar":0.404937535524,"dvar2":1.09711015224,"max":10.3010482788,"mean":3.26392602921,"median":3.03149271011,"min":0.00137877743691,"var":1.15214967728},"spectral_spread":{"dmean":534286.6875,"dmean2":834083.9375,"dvar":393062055936,"dvar2":717248331776,"max":41534672,"mean":3973436.5,"median":3876182.5,"min":1318240.125,"var":1207220436990},"spectral_strongpeak":{"dmean":7.44951677322,"dmean2":13.3804216385,"dvar":631.635559082,"dvar2":1533.80053711,"max":250.152145386,"mean":7.42625045776,"median":0.291677594185,"min":0,"var":786.946289062},"zerocrossingrate":{"dmean":0.0484227836132,"dmean2":0.0607203766704,"dvar":0.0019886449445,"dvar2":0.00292176217772,"max":0.8896484375,"mean":0.29291716218,"median":0.27880859375,"min":0.013671875,"var":0.0132355932146}},"metadata":{"audio_properties":{"analysis_sample_rate":44100,"bit_rate":320000,"codec":"mp3","downmix":"mix","equal_loudness":0,"length":244.533309937,"lossless":false,"md5_encoded":"25a978b5009bb75c923242252aec2654","replay_gain":-8.03676605225,"sample_rate":44100},"tags":{"album":["Magica"],"albumartist":["Dio"],"albumartistsort":["Dio"],"artist":["Dio"],"artistsort":["Dio"],"asin":["B00004RJ1C"],"date":["2000"],"discnumber":["1/1"],"encoding":["LAME v3.97 (beta)"],"file_name":"03. Dio - Lord of the Last Day.mp3","genre":["Heavy Metal"],"musicbrainz album release country":["US"],"musicbrainz album status":["official"],"musicbrainz album type":["album"],"musicbrainz_albumartistid":["c55193fb-f5d2-4839-a263-4c044fca1456"],"musicbrainz_albumid":["f73501e9-3d96-4787-8477-59dc0e3bdcd8"],"musicbrainz_artistid":["c55193fb-f5d2-4839-a263-4c044fca1456"],"musicbrainz_recordingid":["59cb7539-9788-454c-b252-177201fa2b11"],"musicip_puid":["8a653ba5-13e5-8a63-2156-e72a65a53794"],"title":["Lord of the Last Day"],"tracknumber":["3/14"]},"version":{"essentia":"2.1-beta1","essentia_build_sha":"ca57ba49d9b1854bd80e60cf9ccf267278fb7d6b","essentia_git_sha":"v2.1_beta1-28-g21ef5f4-dirty","extractor":"music 1.0"}},"rhythm":{"beats_count":501,"beats_loudness":{"dmean":0.0634261369705,"dmean2":0.115376465023,"dvar":0.00474048918113,"dvar2":0.0135616352782,"max":0.414952635765,"mean":0.077362023294,"median":0.0628490447998,"min":0.00000327383372678,"var":0.00524152535945},"beats_loudness_band_ratio":{"dmean":[0.25038844347,0.0996775180101,0.078968025744,0.0592527501285,0.0220999494195,0.109733864665],"dmean2":[0.432323336601,0.178001582623,0.14004534483,0.105066023767,0.0373217277229,0.188426554203],"dvar":[0.0382216349244,0.0153933949769,0.0107752690092,0.0072631877847,0.000944803585298,0.00969174411148],"dvar2":[0.103976733983,0.0407317988575,0.0308511704206,0.0203792303801,0.00233272393234,0.0273549519479],"max":[0.