{"lowlevel":{"average_loudness":0.8850954175,"barkbands":{"dmean":[0.000013897431927,0.000242128255195,0.000503479794133,0.000546852010302,0.000810151686892,0.000410267850384,0.000349781737896,0.000349379057297,0.000292235519737,0.00019334848912,0.000167880352819,0.000201726477826,0.000190418810234,0.0000979708929663,0.000152349981363,0.000164857236086,0.000450385996373,0.000673383125104,0.00021947469213,0.000119342192193,0.0000275814800261,0.0000117728250189,0.0000113913820314,0.0000152569964484,0.00000631538205198,0.00000119790990993,4.29668123303e-9],"dmean2":[0.000018155989892,0.000399962213123,0.000753970583901,0.00083028228255,0.00115968985483,0.00060738355387,0.000533234211616,0.000535336439498,0.000466509751277,0.000294949219096,0.000264262693236,0.000338925106917,0.000317516678479,0.000165044679306,0.000249145843554,0.000273007666692,0.000664333230816,0.000954387593083,0.000332776049618,0.000178700822289,0.0000406647668569,0.0000178772952495,0.0000170552029886,0.0000236518972088,0.00000986075247056,0.00000194322137759,6.35118535541e-9],"dvar":[3.33457733648e-10,1.61309898772e-7,6.65599543481e-7,0.00000114447334454,0.0000023743436941,9.1573139116e-7,7.2318380262e-7,0.00000101200123481,7.54704387873e-7,1.8860562534e-7,9.6903370661e-8,1.31088626176e-7,9.40712041597e-8,3.96643393685e-8,8.42126155476e-8,1.15167836157e-7,9.2494974524e-7,0.00000173578291651,1.92076598182e-7,1.25326366174e-7,3.9180143574e-9,1.55304868965e-9,1.05996478261e-9,3.17501158698e-9,9.84210823951e-10,7.88195203549e-12,7.96195551772e-17],"dvar2":[5.86385329182e-10,4.27976630135e-7,0.00000143171359923,0.00000284172688225,0.00000477327466797,0.00000218962873078,0.00000175016486992,0.00000259248395196,0.00000202192245524,4.40650296696e-7,2.20859675437e-7,3.61229410828e-7,2.48514311352e-7,1.04240832854e-7,2.1495783642e-7,2.90340381071e-7,0.00000194384824681,0.00000333632556249,4.35385516084e-7,2.64964171492e-7,8.53147508195e-9,3.4511076219e-9,2.00067740153e-9,5.39499467322e-9,2.02491134971e-9,1.98429068315e-11,1.44914645016e-16],"max":[0.000622480583843,0.00599178858101,0.0134941544384,0.0197438988835,0.0354857258499,0.0205485839397,0.0165713690221,0.0199988074601,0.0185071434826,0.0152275655419,0.00573614286259,0.00553978513926,0.00532962987199,0.00464080087841,0.0036861053668,0.0051810531877,0.0174369737506,0.0208371952176,0.00807720609009,0.00861750449985,0.00125157646835,0.00146465876605,0.00109999335837,0.00240547140129,0.00134871609043,0.0000507641416334,3.21486510302e-7],"mean":[0.0000464274853584,0.000576464226469,0.00170801405329,0.00135116663296,0.0024920864962,0.000786395859905,0.000669832457788,0.00061803549761,0.000500652298797,0.000409803295042,0.000307094422169,0.000311868585413,0.000322947424138,0.000157494578161,0.000228269112995,0.000235133440583,0.00102094258182,0.00168729468714,0.000539675471373,0.000295847799862,0.0000413057096011,0.0000148351355165,0.0000131028064061,0.0000163174645422,0.00000624531185167,9.85897486316e-7,1.23508314687e-8],"median":[0.0000416543334723,0.000422598677687,0.000777963432483,0.000463239790406,0.000556644459721,0.000129063148052,0.000131322944071,0.0000743686250644,0.000207499833778,0.000235684565268,0.0000990103872027,0.000123244826682,0.0001371880644,0.0000468405560241,0.0000917536672205,0.0000876870399225,0.000380343728466,0.000544126727618,0.000177766080014,0.0000763527932577,0.0000111208501039,0.00000372419890482,0.00000301531372315,0.00000158824764185,6.31371221971e-7,6.70340511988e-8,9.42468680876e-9],"min":[9.04186206589e-26,4.16551690115e-24,1.09233273723e-25,8.00669561326e-25,4.38146717952e-24,9.05573033921e-24,1.01816525766e-23,9.21247069019e-24,1.52945488264e-23,8.23725717333e-24,3.8678899368e-24,1.71389923975e-23,2.80990802936e-23,3.70055660381e-23,4.26290083326e-23,6.44564361704e-23,6.58687496263e-23,8.45885577467e-23,1.24843902548e-22,1.57990121224e-22,2.66304775101e-22,3.10765404859e-22,3.53387546947e-22,5.3292706356e-22,8.38833741576e-22,1.27863876664e-21,1.97157872962e-21],"var":[1.07619113621e-9,4.06004943443e-7,0.00000442442569693,0.00000417915680373,0.0000175604673132,0.00000252201721196,0.00000181002553745,0.00000211426868191,0.00000138264852012,4.59506026118e-7,2.63909129217e-7,2.19489052711e-7,2.125762677e-7,9.89976101096e-8,1.32443560119e-7,1.71810256688e-7,0.00000257611804955,0.00000704945387042,7.03064927166e-7,4.27982314477e-7,7.29785876175e-9,2.41627184927e-9,2.09980788313e-9,6.84460843559e-9,1.42003131476e-9,7.1885795927e-12,1.70398094455e-16]},"barkbands_crest":{"dmean":1.94649839401,"dmean2":3.04005551338,"dvar":4.22108459473,"dvar2":10.0454130173,"max":26.784658432,"mean":9.59801197052,"median":8.79240036011,"min":2.57569169998,"var":15.3422870636},"barkbands_flatness_db":{"dmean":0.0212769526988,"dmean2":0.029095377773,"dvar":0.000507540709805,"dvar2":0.0010642685229,"max":0.440651327372,"mean":0.16496026516,"median":0.165291294456,"min":0.0146815143526,"var":0.00234043970704},"barkbands_kurtosis":{"dmean":1.97417771816,"dmean2":3.27715444565,"dvar":369.512145996,"dvar2":1086.96875,"max":1019.59594727,"mean":1.6936570406,"median":-0.107633829117,"min":-1.93803286552,"var":211.198196411},"barkbands_skewness":{"dmean":0.437772989273,"dmean2":0.65984505415,"dvar":0.560075700283,"dvar2":1.41879987717,"max":31.1103038788,"mean":0.540322363377,"median":0.547158300877,"min":-5.28748989105,"var":2.19019317627},"barkbands_spread":{"dmean":4.87204647064,"dmean2":7.38911628723,"dvar":37.919631958,"dvar2":87.8249664307,"max":106.221626282,"mean":26.6477375031,"median":25.5400505066,"min":0.503378510475,"var":169.829208374},"dissonance":{"dmean":0.0132117774338,"dmean2":0.0223868638277,"dvar":0.000183536292752,"dvar2":0.00050914339954,"max":0.499987632036,"mean":0.47355389595,"median":0.478147357702,"min":0.308929026127,"var":0.000394217437133},"dynamic_complexity":3.82886338234,"erbbands":{"dmean":[0.00331324175932,0.0724401399493,0.492629170418,1.19242072105,2.06608057022,3.05384111404,3.97512745857,2.99193644524,4.27721691132,6.34830856323,6.66671133041,6.70580530167,4.58577919006,6.33248615265,7.94058895111,7.22895908356,9.05617618561,5.03615570068,6.83670473099,8.25288677216,9.87201309204,26.2714176178,33.1490898132,19.0414638519,7.76140022278,6.30694770813,2.05019068718,0.807080805302,0.441686332226,0.302157342434,0.369543880224,0.331071466208,0.240402773023,0.101092509925,0.0307057034224,0.0106231318787,0.000876605685335,0.0000399206874135,0.00000339043185704,0.00000361638808499],"dmean2":[0.00508204754442,0.118669629097,0.743037819862,1.83906340599,3.04721808434,4.40513372421,5.50148439407,4.56867599487,6.60636138916,9.77377510071,10.3147592545,10.7922143936,7.16477632523,9.56569385529,12.7139511108,12.1404294968,15.1254739761,8.57919120789,10.9964704514,14.0370492935,15.6406326294,38.0538520813,46.9195213318,27.2823734283,11.7309732437,9.40990543365,2.99123382568,1.21385467052,0.65601426363,0.446996480227,0.56553196907,0.516136944294,0.372575134039,0.156910419464,0.048611484468,0.0172197651118,0.00139313715044,0.000060151101934,0.0000049126574595,0.00000529608496436],"dvar":[0.0000538280946785,0.0133973918855,0.621834874153,4.73701429367,15.3734378815,44.0478820801,82.5725631714,71.7653198242,117.139030457,361.875610352,351.502075195,433.883972168,189.472839355,114.378158569,167.523040771,154.963150024,222.071426392,108.987419128,144.357299805,306.895172119,393.206329346,3212.38671875,4476.1015625,1346.57751465,321.422576904,359.96182251,24.7119426727,4.19345235825,1.72976565361,1.02177488804,0.998198568821,1.23369598389,0.943308651447,0.30773511529,0.0124159147963,0.000681671721395,0.00000404957654609,7.94478438593e-9,3.2243825665e-11,1.92345341044e-11],"dvar2":[0.000124667189084,0.0354335866868,1.30130517483,11.91867733,35.9484024048,86.1059951782,153.371490479,185.948913574,286.454101562,896.93157959,844.639587402,1210.84716797,428.986602783,245.525772095,411.274169922,421.096984863,590.841918945,293.212005615,359.057189941,833.631591797,868.724304199,6502.11914062,8803.98046875,2632.90356445,659.645446777,766.950683594,51.3664398193,9.41599655151,3.57465863228,1.9443166256,2.03038239479,2.11811566353,1.6147506237,0.645158410072,0.0260649938136,0.0017020663945,0.00000989240834315,1.71941003657e-8,6.39149913551e-11,4.15812106969e-11],"max":[0.137257114053,1.73919284344,14.6541414261,44.7253608704,80.4826126099,174.793762207,217.369735718,231.163635254,223.953948975,536.793151855,442.76663208,524.706115723,476.290527344,393.15637207,238.397079468,162.042678833,295.643127441,247.168258667,216.580032349,211.362106323,420.996582031,1190.6496582,1190.79931641,683.266174316,325.395599365,343.192626953,87.5601348877,55.5927352905,43.8221054077,35.6652832031,26.7751216888,50.0797996521,39.0567474365,23.8529701233,4.76944160461,0.728631556034,0.0461346209049,0.00254185195081,0.000188054997125,0.0000577355931455],"mean":[0.00703765451908,0.193055644631,1.75836920738,3.43343496323,5.26411390305,8.79497909546,10.3776779175,5.41832542419,7.86420536041,12.4650726318,12.9697341919,11.8208198547,8.94475460052,14.4221563339,15.1218128204,12.3532085419,15.7363204956,8.89889431,11.9423847198,11.2259616852,18.0586433411,61.8845748901,84.2611618042,50.2317199707,21.7462596893,14.8360347748,4.7368183136,1.09841430187,0.564408838749,0.398770153522,0.402609735727,0.356836497784,0.255529433489,0.101383253932,0.0293586123735,0.00882939901203,0.000773787265643,0.0000465804441774,0.0000119787546282,0.0000182855146704],"median":[0.0037127751857,0.144503086805,0.772458910942,2.08747816086,2.48510551453,1.92747712135,1.06871747971,1.16733264923,1.93485593796,1.68732142448,2.45959925652,4.86522340775,4.7382106781,9.06616592407,7.56722259521,6.07362937927,7.0342707634,2.88930058479,5.59600067139,3.91487026215,8.96139431,24.0833053589,28.5794525146,16.4011592865,7.47354507446,3.88487696648,1.29159045219,0.313672453165,0.150150120258,0.101689621806,0.0843115001917,0.0441760756075,0.0213034488261,0.00966308731586,0.00302830664441,0.000658652978018,0.0000864019384608,0.0000142694443639,0.00001136485389,0.0000189768106793],"min":[1.37676334448e-22,5.14869999574e-22,1.59622290845e-21,6.01935333177e-21,1.48780647006e-20,1.61627585869e-20,3.50359747836e-20,6.15513171736e-20,9.88610078972e-20,1.26198913552e-19,1.84751319726e-19,2.97574709848e-19,2.88646070618e-19,6.7004266255e-19,3.56855022037e-19,1.06709535363e-18,1.82573939955e-18,2.11378064604e-18,1.84360960271e-18,2.79477735125e-18,4.10769330874e-18,3.93601734928e-18,5.06585631693e-18,6.56677429764e-18,6.6599880401e-18,8.60372971711e-18,9.13288046368e-18,1.11418085225e-17,1.11638603304e-17,1.10885025222e-17,1.10762949908e-17,1.00357472751e-17,8.55597658035e-18,7.60007012087e-18,6.10539321788e-18,3.93130945083e-18,2.05841889521e-18,8.61654501955e-19,2.47263465343e-19,2.71524330204e-20],"var":[0.000102138415969,0.0401221439242,4.59008550644,17.1528244019,61.9526405334,270.959686279,480.050811768,139.310882568,251.773330688,892.453674316,816.937805176,728.675109863,411.932495117,340.260498047,396.09942627,269.457214355,475.940338135,279.879211426,293.225738525,371.749969482,861.005493164,9375.98144531,17373.7734375,5556.26611328,1316.65356445,1017.78997803,89.0954055786,6.73929977417,3.00716090202,2.19543218613,1.7034856081,2.47198700905,2.07557916641,0.459422171116,0.0167620237917,0.000646878033876,0.00000408233654525,1.09459170616e-8,8.79399053577e-11,1.18773116342e-10]},"erbbands_crest":{"dmean":2.15151453018,"dmean2":3.43460464478,"dvar":4.72821903229,"dvar2":11.4243659973,"max":28.9366855621,"mean":9.76464176178,"median":8.86135005951,"min":2.24397587776,"var":16.7295684814},"erbbands_flatness_db":{"dmean":0.0194521956146,"dmean2":0.0258708167821,"dvar":0.00041504445835,"dvar2":0.000814448227175,"max":0.432449281216,"mean":0.226999342442,"median":0.225070953369,"min":0.0255087092519,"var":0.00348313827999},"erbbands_kurtosis":{"dmean":1.54775583744,"dmean2":2.28999686241,"dvar":9.13475704193,"dvar2":19.0149402618,"max":79.7645263672,"mean":2.51500558853,"median":0.0976543426514,"min":-1.8525069952,"var":44.8283309937},"erbbands_skewness":{"dmean":0.3951998353,"dmean2":0.581469416618,"dvar":0.166667491198,"dvar2":0.353384494781,"max":2.64243245125,"mean":-0.818037688732,"median":-0.56429541111,"min":-7.26073884964,"var":1.76117253304},"erbbands_spread":{"dmean":5.27603721619,"dmean2":8.21347427368,"dvar":43.5163650513,"dvar2":105.22403717,"max":117.389968872,"mean":28.621088028,"median":27.6680526733,"min":2.23026895523,"var":209.05406189},"gfcc":{"cov":[[48210.6171875,4840.55029297,-5255.97509766,2317.72314453,-1780.45007324,-315.870056152,-1678.36364746,440.544769287,-980.541625977,-911.120117188,-193.78036499,-449.403015137,-256.863037109],[4840.55029297,1676.21191406,-521.767333984,-14.1990022659,-28.2786540985,-252.490463257,-92.480506897,-107.773384094,-1.24827992916,-176.02305603,44.4655189514,-179.774871826,-77.7086715698],[-5255.97509766,-521.767333984,1393.99035645,-246.184066772,-45.5162086487,225.294647217,-127.191062927,-77.7780380249,188.767303467,226.633056641,9.78651428223,70.1823654175,-27.9762630463],[2317.72314453,-14.1990022659,-246.184066772,533.252380371,148.561706543,-64.249458313,120.390975952,143.559371948,-107.77747345,-130.484893799,-2.16563463211,11.1012115479,36.2695388794],[-1780.45007324,-28.2786540985,-45.5162086487,148.561706543,492.842834473,-104.21572113,347.332244873,67.7397232056,10.2290439606,-122.694229126,-3.42403674126,17.7922401428,58.0526008606],[-315.870056152,-252.490463257,225.294647217,-64.249458313,-104.21572113,308.41583252,-88.8455276489,-2.43190383911,13.3066158295,93.9841690063,-54.0487937927,18.3683128357,-26.9082107544],[-1678.36364746,-92.480506897,-127.191062927,120.390975952,347.332244873,-88.8455276489,488.235534668,74.447479248,-76.679473877,-87.0422973633,43.6779060364,-11.8174705505,32.5639877319],[440.544769287,-107.773384094,-77.7780380249,143.559371948,67.7397232056,-2.43190383911,74.447479248,192.970687866,22.9117698669,-46.8848648071,-25.5141143799,6.66776895523,-1.19932687283],[-980.541625977,-1.24827992916,188.767303467,-107.77747345,10.2290439606,13.3066158295,-76.679473877,22.9117698669,213.311889648,52.568271637,-31.3858623505,-20.667634964,0.666731417179],[-911.120117188,-176.02305603,226.633056641,-130.484893799,-122.694229126,93.9841690063,-87.0422973633,-46.8848648071,52.568271637,188.305374146,4.0281419754,-18.748840332,-12.5946941376],[-193.78036499,44.4655189514,9.78651428223,-2.16563463211,-3.42403674126,-54.0487937927,43.6779060364,-25.5141143799,-31.3858623505,4.0281419754,111.460151672,16.9351787567,-20.1949234009],[-449.403015137,-179.774871826,70.1823654175,11.1012115479,17.7922401428,18.3683128357,-11.8174705505,6.66776895523,-20.667634964,-18.748840332,16.9351787567,114.860221863,13.714550972],[-256.863037109,-77.7086715698,-27.9762630463,36.2695388794,58.0526008606,-26.9082107544,32.5639877319,-1.19932687283,0.666731417179,-12.5946941376,-20.1949234009,13.714550972,78.9352111816]],"icov":[[0.000369518296793,-0.000905209220946,0.00093606649898,-0.00154074444436,0.00106769811828,-0.000644542393275,0.000966533320025,-0.000626356340945,0.000536637206096,-0.000126986720716,0.000297052989481,-0.00029331681435,0.0000399785712943],[-0.000905209220946,0.00345571152866,-0.00204385258257,0.00383799569681,-0.00286442181095,0.00199323263951,-0.00172910105903,0.00236084265634,-0.00162156182341,0.00170572008938,-0.00133848341648,0.00262048654258,0.000991906737909],[0.00093606649898,-0.00204385258257,0.00359398243017,-0.00388123095036,0.00229159696028,-0.00212054513395,0.002627361333,-0.00100961525459,0.000411351356888,-0.00108299893327,0.000310733710648,-0.00127753859852,0.000708844803739],[-0.00154074444436,0.00383799569681,-0.00388123095036,0.00985890813172,-0.00556890806183,0.00260591041297,-0.00293349544518,-0.000129199528601,-0.0000410052052757,0.00149448227603,-0.00218344246969,0.00230684620328,-0.00166941643693],[0.00106769811828,-0.00286442181095,0.00229159696028,-0.00556890806183,0.00942458678037,-0.00132113392465,-0.00191050313879,-0.000578923907597,-0.00118837784976,0.00156154925935,0.00278953788802,-0.00281652482226,-0.00111454143189],[-0.000644542393275,0.00199323263951,-0.00212054513395,0.00260591041297,-0.00132113392465,0.00658073136583,-0.00179219280835,0.00109957263339,-0.000110617605969,-0.00150910892989,0.00296844728291,-0.000454912951682,0.0024855369702],[0.000966533320025,-0.00172910105903,0.002627361333,-0.00293349544518,-0.00191050313879,-0.00179219280835,0.00903302896768,-0.00376159511507,0.00442235544324,-0.000191207916941,-0.00247713411227,0.00266513158567,-0.000432131200796],[-0.000626356340945,0.00236084265634,-0.00100961525459,-0.000129199528601,-0.000578923907597,0.00109957263339,-0.00376159511507,0.010543438606,-0.00479263346642,0.001742520486,0.00171687244438,-0.000440648116637,0.00333439721726],[0.000536637206096,-0.00162156182341,0.000411351356888,-0.0000410052052757,-0.00118837784976,-0.000110617605969,0.00442235544324,-0.00479263346642,0.00971877295524,-0.00195686053485,0.000960074365139,0.00167874537874,-0.00118676933926],[-0.000126986720716,0.00170572008938,-0.00108299893327,0.00149448227603,0.00156154925935,-0.00150910892989,-0.000191207916941,0.001742520486,-0.00195686053485,0.011750982143,-0.00285725225694,0.00467719323933,-0.00101421587169],[0.000297052989481,-0.00133848341648,0.000310733710648,-0.00218344246969,0.00278953788802,0.00296844728291,-0.00247713411227,0.00171687244438,0.000960074365139,-0.00285725225694,0.0149291632697,-0.00526969693601,0.0050417855382],[-0.00029331681435,0.00262048654258,-0.00127753859852,0.00230684620328,-0.00281652482226,-0.000454912951682,0.00266513158567,-0.000440648116637,0.00167874537874,0.00467719323933,-0.00526969693601,0.0151466857642,-0.00232506357133],[0.0000399785712943,0.000991906737909,0.000708844803739,-0.00166941643693,-0.00111454143189,0.0024855369702,-0.000432131200796,0.00333439721726,-0.00118676933926,-0.00101421587169,0.0050417855382,-0.00232506357133,0.018231485039]],"mean":[-115.973754883,121.526809692,-155.218551636,40.6986732483,-37.4991798401,-6.03724241257,-28.7324390411,11.479683876,-29.5406284332,-22.7857990265,-6.13270998001,-11.2647209167,-9.73655891418]},"hfc":{"dmean":4.20316791534,"dmean2":5.95871353149,"dvar":42.480506897,"dvar2":82.716293335,"max":92.6472244263,"mean":16.0104217529,"median":12.2051067352,"min":1.09529717913e-16,"var":195.144378662},"melbands":{"dmean":[0.0000456071575172,0.000197525092517,0.000214515705011,0.000184085045476,0.000138853443787,0.0000694808986736,0.0000656148476992,0.0000737814989407,0.0000528550590388,0.0000403761187044,0.0000239749806497,0.0000268452349701,0.0000274577250821,0.0000239472319663,0.000020138490072,0.0000170291041286,0.0000090715884653,0.0000104545515569,0.0000114635049613,0.0000108563463073,0.0000120973954836,0.0000274412850558,0.0000366151652997,0.0000343848842022,0.0000145520507431,0.00000834813545225,0.00000464166760139,0.00000438311644757,0.00000153998507813,6.00299529196e-7,4.24729762472e-7,2.55422207829e-7,2.16678927245e-7,1.48600506122e-7,2.06777926337e-7,2.18216825942e-7,2.03135911647e-7,1.90245089016e-7,1.22109383938e-7,7.16662000855e-8],"dmean2":[0.0000742084230296,0.000302649394143,0.000327199639287,0.000263488385826,0.000193399071577,0.000105548228021,0.000100836121419,0.000113921974844,0.0000829275377328,0.0000647120396025,0.000037586029066,0.0000407409243053,0.0000430702821177,0.0000401643446821,0.0000341168779414,0.0000282082473859,0.000015440147763,0.0000168040041899,0.0000189283327927,0.000018720582375,0.0000191066828847,0.0000399805867346,0.0000532701269549,0.0000491047903779,0.000021096690034,0.000012820363736,0.00000705543016011,0.00000656916745356,0.00000228510316447,9.04177966277e-7,6.62362310777e-7,3.88115125816e-7,3.26520108729e-7,2.21755797725e-7,3.23401621927e-7,3.39210316724e-7,3.20750302762e-7,2.94293585057e-7,1.95357685584e-7,1.10015399457e-7],"dvar":[6.735566771e-9,9.27039209841e-8,1.50147954514e-7,1.2325531884e-7,9.23555134591e-8,3.39279893069e-8,2.53336835954e-8,4.52466153433e-8,2.16212541204e-8,1.51781129887e-8,5.10457365266e-9,2.22337970257e-9,2.32451990989e-9,2.04356509492e-9,1.12969189558e-9,7.71297414826e-10,4.03566929874e-10,3.30831806394e-10,5.5712645608e-10,5.71775515823e-10,6.56945498001e-10,4.35166258583e-9,6.19490281295e-9,5.12565190292e-9,7.90194798483e-10,3.20351772887e-10,1.44575532102e-10,1.81364562257e-10,1.58869046391e-11,1.93200381908e-12,1.54464125952e-12,7.04756186135e-13,4.17409731996e-13,3.11250753903e-13,3.33738679054e-13,3.80245829398e-13,5.98800252005e-13,6.33439101953e-13,3.22689005508e-13,1.9019960845e-13],"dvar2":[1.73412768589e-8,2.03235515528e-7,3.77985031719e-7,2.51099550042e-7,1.73346705878e-7,8.68182610247e-8,6.26283949146e-8,1.15660384381e-7,5.28430490476e-8,4.15599572534e-8,1.17489387108e-8,4.83071138646e-9,5.30594190806e-9,5.63358382166e-9,2.98659696973e-9,1.98414884522e-9,1.06979969328e-9,8.35528757293e-10,1.42812317527e-9,1.57655799526e-9,1.45728384915e-9,8.83106121563e-9,1.3575582436e-8,9.84235892787e-9,1.5866655767e-9,7.18726134163e-10,2.98604835303e-10,3.89574622561e-10,3.21186445496e-11,4.25870450016e-12,3.67684138344e-12,1.54683329947e-12,8.52180088648e-13,5.9101752355e-13,7.2302407117e-13,7.44383233438e-13,1.03955938909e-12,1.15233061808e-12,6.35237251256e-13,4.11885586402e-13],"max":[0.00114461313933,0.00550059881061,0.00716903386638,0.0086311576888,0.00613478990272,0.00479459948838,0.00296087469906,0.00546624045819,0.00313180848025,0.00298659107648,0.00248651951551,0.00161172717344,0.000872819102369,0.00068319804268,0.000897973950487,0.00048932567006,0.000554634607397,0.000344576837961,0.000357993791113,0.000290519616101,0.000743853393942,0.00160175410565,0.00141270039603,0.00138289784081,0.000568806251977,0.000362901075277,0.00028435754939,0.00028026723885,0.000083755578089,0.0000324818174704,0.0000405314603995,0.0000285304759018,0.0000176673711394,0.0000223513943638,0.0000139385201692,0.0000201890452445,0.0000369857843907,0.0000303802244161,0.0000234281724261,0.000019040031475],"mean":[0.000107345222204,0.000678115000483,0.000636432145257,0.000525236770045,0.000379216246074,0.000125638689497,0.000122434852528,0.000142677628901,0.000102934551251,0.0000689148509991,0.0000441397605755,0.0000594416778767,0.0000518954038853,0.0000373215152649,0.0000321720726788,0.0000297161841445,0.0000145589592648,0.000017868274881,0.0000166771969816,0.000013640983525,0.0000203521358344,0.0000592414471612,0.0000813504739199,0.0000781197668402,0.0000370874986402,0.0000201833554456,0.0000114054573714,0.00000959427234193,0.0000036496840039,8.53127914979e-7,4.92154811127e-7,3.10619412858e-7,2.72145626923e-7,1.95753770527e-7,2.23783658271e-7,2.29303509514e-7,2.15887581589e-7,2.00137009188e-7,1.21441729561e-7,7.1754080011e-8],"median":[0.0000716037757229,0.000353132141754,0.000406798499171,0.00017577255494,0.0000431440930697,0.0000243098838837,0.0000291616124741,0.0000175902405317,0.0000245929404628,0.0000283947483695,0.0000225678104471,0.0000350568661815,0.0000207967623282,0.0000159254814207,0.0000159610535775,0.0000119818942039,0.00000350907748725,0.00000831193028716,0.00000586482929066,0.00000439698487753,0.00000902304054762,0.0000219459761865,0.0000244498769462,0.0000226060292334,0.0000118676643979,0.00000598415545028,0.0000034256802337,0.00000214007468458,8.7633674184e-7,2.27195755542e-7,1.04068810458e-7,7.74956561145e-8,6.23011757739e-8,5.02789276879e-8,4.74682728679e-8,3.58568783554e-8,2.20101021853e-8,1.4742422394e-8,1.0451152832e-8,6.48926867797e-9],"min":[1.64194445585e-24,7.71125438527e-25,1.36051763766e-24,1.32603820382e-24,1.18288213624e-24,1.50815295607e-24,1.8438010439e-24,1.52134487977e-24,1.15778383628e-24,1.93753251058e-24,1.20875825304e-24,2.59049536158e-24,1.28041058767e-24,1.88614118083e-24,1.99217513055e-24,2.91246282638e-24,3.43691629162e-24,2.28713515339e-24,3.1246382081e-24,3.49779071552e-24,3.00870898441e-24,3.09134788347e-24,3.17360970702e-24,4.11739323049e-24,4.19929908055e-24,4.01505312196e-24,4.28572549804e-24,5.24429010549e-24,4.17278112679e-24,4.23380148996e-24,5.67833557504e-24,5.59890201505e-24,5.10561782469e-24,4.65496091663e-24,5.17396118364e-24,5.6658905054e-24,5.24245442617e-24,5.54603847364e-24,6.67954324202e-24,5.7789780549e-24],"var":[1.52949297672e-8,6.10977053839e-7,5.67448012134e-7,7.31789100428e-7,5.54862594981e-7,7.01090527855e-8,5.76186458545e-8,1.09470605025e-7,5.03900885462e-8,2.54607321892e-8,1.06602984218e-8,6.43567554803e-9,6.40338360114e-9,3.36436323245e-9,2.10869188777e-9,1.96603755498e-9,9.99724969475e-10,6.88761714329e-10,8.20868872875e-10,6.16331541359e-10,1.35451805328e-9,1.14143468011e-8,1.7799669294e-8,1.80153119089e-8,3.10278158722e-9,1.15071407958e-9,5.33863342422e-10,4.91078289144e-10,6.7039117313e-11,3.50487108954e-12,2.04062830002e-12,1.05561956745e-12,7.87588093701e-13,6.60552558832e-13,5.13774461343e-13,6.66930920212e-13,1.16376136158e-12,1.3262117099e-12,5.71026624423e-13,2.59450420132e-13]},"melbands_crest":{"dmean":2.57920956612,"dmean2":4.02720117569,"dvar":8.00607681274,"dvar2":18.9532241821,"max":39.5163078308,"mean":13.9645595551,"median":12.9372673035,"min":1.53809392452,"var":38.3580093384},"melbands_flatness_db":{"dmean":0.0253316964954,"dmean2":0.0344466492534,"dvar":0.000753896893002,"dvar2":0.00149984681047,"max":0.437578082085,"mean":0.208433181047,"median":0.209393531084,"min":0.00262612639926,"var":0.00422018393874},"melbands_kurtosis":{"dmean":3.61790442467,"dmean2":5.90373325348,"dvar":539.586181641,"dvar2":1561.01586914,"max":1215.21362305,"mean":5.513007164,"median":1.771525383,"min":-1.93220150471,"var":392.513092041},"melbands_skewness":{"dmean":0.512151539326,"dmean2":0.78355717659,"dvar":0.683665454388,"dvar2":1.72005224228,"max":32.2600135803,"mean":1.66132545471,"median":1.4975130558,"min":-3.31788277626,"var":2.49503755569},"melbands_spread":{"dmean":8.2773475647,"dmean2":12.33289814,"dvar":112.172897339,"dvar2":225.508682251,"max":184.434631348,"mean":43.7205963135,"median":34.095287323,"min":0.619292259216,"var":1026.30078125},"mfcc":{"cov":[[15337.9453125,3069.87280273,-862.330322266,1051.43261719,266.675109863,-333.182067871,-123.421585083,204.652420044,-373.452606201,-127.471084595,-253.639556885,68.3854904175,-160.631347656],[3069.87280273,2253.61132812,-348.860076904,256.032958984,85.4577407837,-134.079071045,-38.93491745,32.1328964233,-170.896194458,19.9069480896,10.4177980423,-73.2574081421,-16.8543281555],[-862.330322266,-348.860076904,945.422607422,-432.362426758,31.0457496643,136.14201355,-299.061187744,-205.436264038,-69.0740280151,13.3759880066,90.8854141235,9.09932994843,45.8250198364],[1051.43261719,256.032958984,-432.362426758,727.141052246,73.0719909668,-154.849609375,321.624664307,242.545379639,42.2301025391,-37.9215049744,-96.475151062,43.305393219,-15.5780763626],[266.675109863,85.4577407837,31.0457496643,73.0719909668,187.960739136,9.56873512268,-63.5669059753,54.4077529907,67.2025909424,-14.6394376755,-24.8238430023,13.2912626266,-8.12612438202],[-333.182067871,-134.079071045,136.14201355,-154.849609375,9.56873512268,197.098587036,-3.50217056274,-60.854057312,9.97023677826,-4.63243484497,20.0224876404,-18.5375213623,3.71683526039],[-123.421585083,-38.93491745,-299.061187744,321.624664307,-63.5669059753,-3.50217056274,456.49987793,169.773925781,6.04806089401,-15.5321960449,-19.6088695526,9.82861804962,-30.2798423767],[204.652420044,32.1328964233,-205.436264038,242.545379639,54.4077529907,-60.854057312,169.773925781,269.796783447,73.9153594971,-56.9746208191,-6.57005405426,33.4998474121,-47.0013504028],[-373.452606201,-170.896194458,-69.0740280151,42.2301025391,67.2025909424,9.97023677826,6.04806089401,73.9153594971,222.183914185,54.7931671143,-43.5645561218,4.81100654602,-9.7175693512],[-127.471084595,19.9069480896,13.3759880066,-37.9215049744,-14.6394376755,-4.63243484497,-15.5321960449,-56.9746208191,54.7931671143,163.014709473,3.38335633278,-5.36561632156,16.5641956329],[-253.639556885,10.4177980423,90.8854141235,-96.475151062,-24.8238430023,20.0224876404,-19.6088695526,-6.57005405426,-43.5645561218,3.38335633278,124.983695984,20.7436218262,-17.3912220001],[68.3854904175,-73.2574081421,9.09932994843,43.305393219,13.2912626266,-18.5375213623,9.82861804962,33.4998474121,4.81100654602,-5.36561632156,20.7436218262,82.6010742188,-0.457548588514],[-160.631347656,-16.8543281555,45.8250198364,-15.5780763626,-8.12612438202,3.71683526039,-30.2798423767,-47.0013504028,-9.7175693512,16.5641956329,-17.3912220001,-0.457548588514,77.4996185303]],"icov":[[0.000120893695566,-0.000132254004711,0.0000336954799423,-0.000171462263097,0.0000346216802427,-0.00014474868658,0.00023052249162,-0.0000642380837235,0.000264801754383,-0.0000750552280806,0.00035224162275,-0.000277420098428,0.000355754134944],[-0.000132254004711,0.000799460045528,0.00027118390426,-0.0000700601231074,-0.000573287717998,0.000217569730012,0.000122039215057,-0.000114544258395,0.00061165279476,-0.000430786400102,-0.000731889391318,0.00111660500988,-0.00035589869367],[0.0000336954799423,0.00027118390426,0.00194738770369,0.000411133252783,-0.000895074568689,-0.000631748815067,0.000702049524989,0.000283942034002,0.00087708432693,-0.000236040636082,-0.000720060663298,-0.00030259374762,-0.000560018874239],[-0.000171462263097,-0.0000700601231074,0.000411133252783,0.00437309034169,-0.00216891453601,0.00246057100594,-0.00290158786811,-0.000653801660519,-0.0000488657678943,0.000320899911458,0.00138077151496,-0.00107725441922,-0.00138153426815],[0.0000346216802427,-0.000573287717998,-0.000895074568689,-0.00216891453601,0.00947516970336,-0.00261206366122,0.00319133629091,-0.00213566236198,-0.00218661734834,0.000569663417991,0.0013267127797,-0.00108907988761,0.00100616796408],[-0.00014474868658,0.000217569730012,-0.000631748815067,0.00246057100594,-0.00261206366122,0.00864893011749,-0.00350188347511,0.00266268081032,-0.00191324367188,0.00188427988905,-0.00131418625824,0.0013501807116,-0.000756184395868],[0.00023052249162,0.000122039215057,0.000702049524989,-0.00290158786811,0.00319133629091,-0.00350188347511,0.00638095941395,-0.003143385984,0.00188853242435,-0.00164431275334,0.000587545742746,0.000220360772801,0.00131666776724],[-0.0000642380837235,-0.000114544258395,0.000283942034002,-0.000653801660519,-0.00213566236198,0.00266268081032,-0.003143385984,0.0100193731487,-0.00411851145327,0.00406486680731,-0.00269614136778,-0.0012928340584,0.00204145116732],[0.000264801754383,0.00061165279476,0.00087708432693,-0.0000488657678943,-0.00218661734834,-0.00191324367188,0.00188853242435,-0.00411851145327,0.00972841586918,-0.00494182668626,0.00349342124537,-0.000137348615681,0.00131520838477],[-0.0000750552280806,-0.000430786400102,-0.000236040636082,0.000320899911458,0.000569663417991,0.00188427988905,-0.00164431275334,0.00406486680731,-0.00494182668626,0.00942682102323,-0.00206745252945,-0.000171956111444,-0.00135246373247],[0.00035224162275,-0.000731889391318,-0.000720060663298,0.00138077151496,0.0013267127797,-0.00131418625824,0.000587545742746,-0.00269614136778,0.00349342124537,-0.00206745252945,0.0133998179808,-0.00475127017125,0.00392962945625],[-0.000277420098428,0.00111660500988,-0.00030259374762,-0.00107725441922,-0.00108907988761,0.0013501807116,0.000220360772801,-0.0012928340584,-0.000137348615681,-0.000171956111444,-0.00475127017125,0.0160786565393,-0.00219844677486],[0.000355754134944,-0.00035589869367,-0.000560018874239,-0.00138153426815,0.00100616796408,-0.000756184395868,0.00131666776724,0.00204145116732,0.00131520838477,-0.00135246373247,0.00392962945625,-0.00219844677486,0.0168337952346]],"mean":[-718.782104492,136.067230225,-41.8023376465,40.1130027771,8.59005355835,-13.642493248,11.9877748489,16.3344516754,-8.97121620178,-2.76565337181,-5.69597196579,-0.335747808218,-7.31199121475]},"pitch_salience":{"dmean":0.0605095885694,"dmean2":0.0948025435209,"dvar":0.00385152758099,"dvar2":0.00946236867458,"max":0.90146368742,"mean":0.531383395195,"median":0.532143056393,"min":0.0188813898712,"var":0.014185577631},"silence_rate_20dB":{"dmean":0,"dmean2":0,"dvar":0,"dvar2":0,"max":1,"mean":1,"median":1,"min":1,"var":0},"silence_rate_30dB":{"dmean":0,"dmean2":0,"dvar":0,"dvar2":0,"max":1,"mean":1,"median":1,"min":1,"var":0},"silence_rate_60dB":{"dmean":0.0124073754996,"dmean2":0.0248190276325,"dvar":0.0122526865453,"dvar2":0.0283378139138,"max":1,"mean":0.120089590549,"median":0,"min":0,"var":0.105666391551},"spectral_centroid":{"dmean":203.912658691,"dmean2":297.800018311,"dvar":82958.484375,"dvar2":157438.421875,"max":11759.1279297,"mean":2074.46582031,"median":1870.0222168,"min":328.503631592,"var":2663249},"spectral_complexity":{"dmean":2.98914361,"dmean2":4.85143041611,"dvar":15.0232381821,"dvar2":37.0429878235,"max":43,"mean":15.6716060638,"median":16,"min":0,"var":58.9428215027},"spectral_contrast_coeffs":{"dmean":[0.0400379188359,0.039590023458,0.0421951077878,0.0381897874177,0.0301910042763,0.0180810242891],"dmean2":[0.0655588507652,0.0645768269897,0.0668503642082,0.0610849633813,0.044061858207,0.0291678328067],"dvar":[0.00121394568123,0.00113091815729,0.00139082199894,0.00115755014122,0.000920616439544,0.000337022996973],"dvar2":[0.00312306080014,0.00294896634296,0.00338275521062,0.00294125289656,0.00183968956117,0.000850053445902],"max":[-0.265009909868,-0.461747229099,-0.477394431829,-0.536113500595,-0.444732815027,-0.629141569138],"mean":[-0.597733139992,-0.745552062988,-0.744072079659,-0.772348642349,-0.703151226044,-0.781428575516],"median":[-0.58580571413,-0.745082855225,-0.745352268219,-0.767422139645,-0.708506464958,-0.778762102127],"min":[-0.981564581394,-0.978925168514,-0.979853749275,-0.972305893898,-0.966380059719,-0.964119970798],"var":[0.0114741809666,0.00657142139971,0.00702163996175,0.0047653131187,0.0092166075483,0.00263316207565]},"spectral_contrast_valleys":{"dmean":[0.391208291054,0.362417697906,0.395234555006,0.493878185749,0.333504378796,0.473847746849],"dmean2":[0.640982806683,0.57793700695,0.628091990948,0.789678633213,0.482405006886,0.572352945805],"dvar":[0.143788516521,0.134650483727,0.173794195056,0.300220787525,0.142808780074,0.278735816479],"dvar2":[0.317357808352,0.282124906778,0.383759200573,0.752452254295,0.270843625069,0.540283918381],"max":[-6.2753162384,-5.0547618866,-5.5146780014,-5.63846111298,-5.83110618591,-7.80515146255],"mean":[-8.81415367126,-8.20480155945,-8.50883865356,-8.89567089081,-8.68141460419,-12.0384473801],"median":[-8.01734352112,-7.40789651871,-7.72317266464,-8.18910503387,-7.96262931824,-11.5299901962],"min":[-28.2487564087,-28.3595638275,-27.8473072052,-27.7286701202,-27.57787323,-27.4216480255],"var":[10.9438838959,11.7760286331,11.1165542603,10.8922843933,10.9048433304,7.99322319031]},"spectral_decrease":{"dmean":6.38841368694e-10,"dmean2":9.45592604218e-10,"dvar":5.74498855704e-19,"dvar2":1.33632041254e-18,"max":1.82145257825e-28,"mean":-3.41951800209e-9,"median":-3.36988170702e-9,"min":-1.11005258319e-8,"var":4.47339564782e-18},"spectral_energy":{"dmean":0.00271820626222,"dmean2":0.00400371523574,"dvar":0.0000103553584268,"dvar2":0.0000235183397308,"max":0.0432037822902,"mean":0.0143582001328,"median":0.0146051021293,"min":1.01974842071e-20,"var":0.0000747323283576},"spectral_energyband_high":{"dmean":0.000129253763589,"dmean2":0.000186177261639,"dvar":8.96622083246e-8,"dvar2":1.77308947968e-7,"max":0.00560358492658,"mean":0.000263287016423,"median":0.0000766602606745,"min":7.16261993199e-21,"var":2.64611060175e-7},"spectral_energyband_low":{"dmean":0.000839593878482,"dmean2":0.00129350298084,"dvar":0.00000151009226101,"dvar2":0.00000354688722837,"max":0.0181900933385,"mean":0.00302516669035,"median":0.00238164351322,"min":9.07549524919e-24,"var":0.00000757219549996},"spectral_energyband_middle_high":{"dmean":0.0015386280138,"dmean2":0.00225445348769,"dvar":0.00000530688203071,"dvar2":0.0000108153317342,"max":0.0316236428916,"mean":0.00534664513543,"median":0.00382499140687,"min":1.23434976777e-21,"var":0.0000243039248744},"spectral_energyband_middle_low":{"dmean":0.00161564478185,"dmean2":0.00240466487594,"dvar":0.00000613862539467,"dvar2":0.0000145610447362,"max":0.0386747419834,"mean":0.00646843248978,"median":0.00347289722413,"min":1.45084268462e-22,"var":0.0000474849221064},"spectral_entropy":{"dmean":0.204704388976,"dmean2":0.27712020278,"dvar":0.0450605899096,"dvar2":0.0891108363867,"max":9.82671546936,"mean":7.12578487396,"median":7.0827422142,"min":5.28150129318,"var":0.412832260132},"spectral_flux":{"dmean":0.0132054341957,"dmean2":0.0202813092619,"dvar":0.00022242803243,"dvar2":0.00048225055798,"max":0.1597263515,"mean":0.0461531504989,"median":0.0440985038877,"min":6.35489993961e-11,"var":0.00076885020826},"spectral_kurtosis":{"dmean":3.88026928902,"dmean2":6.75160312653,"dvar":16.9240226746,"dvar2":51.0088348389,"max":55.6147727966,"mean":8.01682472229,"median":6.65762042999,"min":-1.27325212955,"var":32.0654678345},"spectral_rms":{"dmean":0.000343692750903,"dmean2":0.000500825117342,"dvar":1.58186196586e-7,"dvar2":3.38436166203e-7,"max":0.006492305547,"mean":0.00344988331199,"median":0.00377476890571,"min":3.15416638121e-12,"var":0.00000210629809771},"spectral_rolloff":{"dmean":343.64944458,"dmean2":561.671936035,"dvar":409483.59375,"dvar2":831392.3125,"max":19616.7480469,"mean":2460.3112793,"median":2390.18554688,"min":21.533203125,"var":8018474.5},"spectral_skewness":{"dmean":0.383864462376,"dmean2":0.656460702419,"dvar":0.141980096698,"dvar2":0.430353015661,"max":4.2702088356,"mean":1.39690470695,"median":1.4292948246,"min":-0.386410027742,"var":0.371780544519},"spectral_spread":{"dmean":427888.65625,"dmean2":642890,"dvar":623652634624,"dvar2":1268424376320,"max":43058556,"mean":3645844.75,"median":2507258.75,"min":904776.125,"var":35558801801200},"spectral_strongpeak":{"dmean":0.807910144329,"dmean2":1.3601808548,"dvar":2.9014942646,"dvar2":6.8646607399,"max":16.2523727417,"mean":1.60729420185,"median":0.469678997993,"min":0,"var":6.69171857834},"zerocrossingrate":{"dmean":0.00849481485784,"dmean2":0.00987435597926,"dvar":0.000182015632163,"dvar2":0.000289867835818,"max":0.53125,"mean":0.0796425044537,"median":0.06396484375,"min":0.0087890625,"var":0.00560456840321}},"metadata":{"audio_properties":{"analysis_sample_rate":44100,"bit_rate":0,"codec":"flac","downmix":"mix","equal_loudness":0,"length":134.733337402,"lossless":true,"md5_encoded":"a158964e68a72d32889abadc534efbfe","replay_gain":-14.0094013214,"sample_rate":44100},"tags":{"acoustid_id":["58e5cd20-dd92-4025-923e-2a23db3042da"],"album":["Beatles for Sale"],"albumartist":["The Beatles"],"albumartistsort":["Beatles, The"],"artist":["The Beatles"],"artists":["The Beatles"],"artistsort":["Beatles, The"],"catalognumber":["PMC 1240"],"composer":["Buddy Holly"],"composersort":["Holly, Buddy"],"date":["1964-12-04"],"discnumber":["1"],"disctotal":["1"],"file_name":"09 Words of Love.flac","genre":["Rock"],"label":["Parlophone"],"language":["eng"],"media":["12\" Vinyl"],"musicbrainz_albumartistid":["b10bbbfc-cf9e-42e0-be17-e2c3e1d2600d"],"musicbrainz_albumid":["c9f28bf9-3e03-4da2-b0b8-5d76691df7de"],"musicbrainz_artistid":["b10bbbfc-cf9e-42e0-be17-e2c3e1d2600d"],"musicbrainz_recordingid":["59e4621f-455e-4e61-b9a4-7435901d6580"],"musicbrainz_releasegroupid":["f50a3b6f-27f0-3832-bd3f-3568dc557d95"],"musicbrainz_releasetrackid":["d7fc823f-bbda-3c68-bd42-0c705a97d0f8"],"musicbrainz_workid":["db04899a-e902-341f-8ed6-4524024455b2"],"originaldate":["1964-12-04"],"producer":["George Martin"],"releasecountry":["GB"],"releasestatus":["official"],"releasetype":["album"],"script":["Latn"],"title":["Words of Love"],"totaldiscs":["1"],"totaltracks":["14"],"tracknumber":["9"],"tracktotal":["14"],"work":["Words of Love"]},"version":{"essentia":"2.1-beta1","essentia_build_sha":"ca57ba49d9b1854bd80e60cf9ccf267278fb7d6b","essentia_git_sha":"v2.1_beta1-28-g21ef5f4-dirty","extractor":"music 1.0"}},"rhythm":{"beats_count":272,"beats_loudness":{"dmean":0.00630344683304,"dmean2":0.0104919569567,"dvar":0.0000312275260512,"dvar2":0.0000888889699127,"max":0.0387208499014,"mean":0.0179561711848,"median":0.0192737728357,"min