{"lowlevel":{"average_loudness":0.89955830574,"barkbands":{"dmean":[0.0000557670900889,0.00110995268915,0.000805524119642,0.000885408488102,0.0012552671833,0.000463839358417,0.000537055137102,0.000397358409828,0.000348978297552,0.000285138376057,0.000156550435349,0.000192550389329,0.000255794497207,0.00019749031344,0.000223822426051,0.00030821483233,0.000247994175879,0.000303980748868,0.000324594933772,0.000248672673479,0.000193986503291,0.000183868105523,0.000142351462273,0.00007174640632,0.000028973152439,0.00000802088925411,0.00000159657054155],"dmean2":[0.0000921567188925,0.00180915580131,0.00138410448562,0.00152313197032,0.00204975181259,0.000798253633548,0.000882161257323,0.000578615523409,0.000515573832672,0.000394409580622,0.000243334579864,0.000292562355753,0.000385023624403,0.000307165173581,0.000351532682544,0.000475452194223,0.000397063820856,0.000493221567012,0.000515576743055,0.000397714902647,0.000318937381962,0.000292485638056,0.000225597323151,0.000115476781502,0.0000451059968327,0.000012408978364,0.00000232635716202],"dvar":[2.65388990783e-8,0.0000057767265389,0.000002831963684,0.00000369330496142,0.00000520427147421,0.00000275561592389,0.00000352134816239,0.0000011194263152,0.00000103048103028,8.74413785823e-7,1.56129956963e-7,1.75368484179e-7,2.9012372238e-7,2.17209048969e-7,2.30715755833e-7,4.40456034312e-7,3.11702137878e-7,3.59266152827e-7,4.30987597611e-7,3.07041347014e-7,2.52829295277e-7,1.63970241829e-7,1.10332628367e-7,1.49107126646e-8,3.00270985854e-9,2.86076023981e-10,2.44428869506e-11],"dvar2":[6.91699142408e-8,0.0000146102738654,0.0000080652307588,0.0000103494257928,0.0000135866685014,0.00000776365959609,0.00000941966300161,0.00000214897272599,0.00000201849911718,0.00000125600342926,3.50518632786e-7,3.69275227285e-7,6.20611388058e-7,4.98543670346e-7,5.52789742869e-7,9.45964643506e-7,7.91599461536e-7,8.95331254469e-7,0.00000101584953427,7.8867310549e-7,6.88787963554e-7,4.12000247252e-7,2.62646750571e-7,3.59456038268e-8,6.50646647671e-9,6.28368690414e-10,4.60774300659e-11],"max":[0.00287040998228,0.0365152768791,0.0253275819123,0.0296917185187,0.0361695997417,0.0294423811138,0.0406901352108,0.0343256518245,0.0276918746531,0.0364498980343,0.0118437632918,0.00890689622611,0.0152195552364,0.00859844032675,0.0106031754985,0.0151359932497,0.00975828897208,0.0117316721007,0.0186820756644,0.00970330089331,0.00709811132401,0.013194244355,0.0161159355193,0.00313216610812,0.000802908965852,0.000304739602143,0.0000989827167359],"mean":[0.0000606407957093,0.0018417123938,0.00140007038135,0.001210062881,0.00205039675348,0.000537705956958,0.000737360736821,0.000805365270935,0.000640392419882,0.000630626571365,0.000255463877693,0.000338465004461,0.000481331575429,0.000334156211466,0.000357928453013,0.000500894442666,0.000412738852901,0.000540454289876,0.000632685027085,0.000496276305057,0.000334600976203,0.00037543560029,0.000331603660015,0.00017227306671,0.0000692284593242,0.0000183601132449,0.0000023944573968],"median":[0.00000688455384079,0.00113082560711,0.000950095884036,0.000589460309129,0.00108416692819,0.000167930833413,0.000134938207339,0.000191839048057,0.0000933089177124,0.000092221001978,0.0000849027201184,0.0000985270016827,0.000145406156662,0.0000985747828963,0.000144251709571,0.000203428498935,0.000178789501661,0.000309531693347,0.000310509320116,0.000237817905145,0.00017313058197,0.000212681319681,0.000200174225029,0.000116948176583,0.0000442418931925,0.0000107086843855,7.13057261237e-7],"min":[3.52225038327e-25,3.80693504908e-24,1.13771413017e-24,2.32110330676e-24,2.31185746252e-24,6.79294673031e-24,8.98775971703e-24,1.00184419884e-23,1.89080429542e-23,7.65099468123e-24,1.34679177345e-23,2.19579827399e-23,2.85750726529e-23,3.71685478566e-23,4.34194311824e-23,6.72029279871e-23,6.78911491735e-23,8.13141097251e-23,1.25398907216e-22,1.73137096263e-22,2.11037483003e-22,3.1941280975e-22,3.68387440448e-22,5.54959279689e-22,8.26430374278e-22,1.28993030706e-21,1.93531001015e-21],"var":[2.35405170912e-8,0.0000072647117122,0.00000312502356792,0.00000375691138288,0.00000713624194759,0.0000020812863113,0.00000427028862759,0.00000426637052442,0.00000366537506125,0.00000522175150763,3.89665331113e-7,5.16547515872e-7,9.07771550374e-7,4.76253802617e-7,4.60333012597e-7,8.59350109295e-7,5.08625362272e-7,6.2170062165e-7,9.35802233926e-7,5.52465166948e-7,2.79767419897e-7,2.90446990903e-7,2.78911841178e-7,4.07227922494e-8,7.95483678928e-9,6.61070198582e-10,4.22147594659e-11]},"barkbands_crest":{"dmean":1.86782073975,"dmean2":3.01596283913,"dvar":3.22728180885,"dvar2":8.13422870636,"max":24.4310054779,"mean":7.61894321442,"median":7.01540088654,"min":2.09418916702,"var":9.5562953949},"barkbands_flatness_db":{"dmean":0.0142694544047,"dmean2":0.0215231161565,"dvar":0.000203234070796,"dvar2":0.000434720161138,"max":0.290320068598,"mean":0.0959279760718,"median":0.0886683091521,"min":0.0255055781454,"var":0.00134909548797},"barkbands_kurtosis":{"dmean":0.948897004128,"dmean2":1.46760547161,"dvar":2.25520157814,"dvar2":4.66982221603,"max":36.1417999268,"mean":0.262881278992,"median":-0.552029371262,"min":-1.86914527416,"var":7.58520555496},"barkbands_skewness":{"dmean":0.387057632208,"dmean2":0.588529765606,"dvar":0.162735998631,"dvar2":0.360845595598,"max":5.46489143372,"mean":0.690734565258,"median":0.694968760014,"min":-4.95046901703,"var":0.911400794983},"barkbands_spread":{"dmean":6.56438827515,"dmean2":10.017457962,"dvar":47.8988647461,"dvar2":108.770675659,"max":155.906265259,"mean":39.8525733948,"median":37.8917160034,"min":3.59096097946,"var":266.391601562},"dissonance":{"dmean":0.00968234613538,"dmean2":0.0162029638886,"dvar":0.000147489205119,"dvar2":0.000415836635511,"max":0.500000178814,"mean":0.478565663099,"median":0.483098208904,"min":0.100822724402,"var":0.000312567339279},"dynamic_complexity":3.34974145889,"erbbands":{"dmean":[0.0310079269111,0.271248072386,0.836680710316,1.9663683176,4.50675535202,4.00258207321,2.38672113419,4.57616090775,7.74003887177,7.11988782883,8.61648654938,7.83773326874,9.69140529633,6.33213806152,5.28867101669,8.77537822723,11.2206840515,9.83962917328,9.64740753174,14.3466482162,13.8867053986,13.1276130676,16.575838089,14.1931276321,17.0224189758,11.0178346634,7.50685167313,8.37157440186,6.73670625687,5.84198331833,3.67421126366,2.02790522575,0.991924226284,0.443954914808,0.148507744074,0.0492355041206,0.0120640778914,0.00263953022659,0.0002718156029,0.0000159720730153],"dmean2":[0.0509771406651,0.4505392313,1.42501223087,3.41126060486,7.49776220322,6.57174396515,3.89257764816,7.99551534653,13.1206216812,10.9146375656,12.5093460083,11.4771118164,13.5456876755,9.30353355408,8.26331615448,13.11698246,16.7999820709,15.2898006439,14.7919054031,22.2548103333,21.7071933746,20.7893390656,26.9608306885,22.2397403717,27.2666568756,17.8077335358,12.4748659134,13.712978363,10.7363100052,9.29793739319,5.86900234222,3.28685116768,1.58724308014,0.698601722717,0.232476979494,0.0783161893487,0.0182304941118,0.00397887732834,0.000389617460314,0.0000226641332119],"dvar":[0.0064687570557,0.315963059664,2.85871315002,18.7306137085,83.3622512817,60.613319397,39.6868286133,297.03237915,939.973083496,385.270019531,622.882019043,531.194946289,1100.58227539,348.120452881,124.997329712,338.896606445,604.182006836,501.1199646,489.489501953,799.597839355,843.881774902,971.064147949,1116.50036621,964.685791016,1278.89099121,645.510803223,474.111724854,413.032958984,233.718490601,128.974182129,97.8461837769,13.1399650574,2.7654838562,0.670625865459,0.0871598124504,0.0100256409496,0.00070560653694,0.0000461588388134,7.4310707987e-7,1.4954835148e-9],"dvar2":[0.0166443493217,0.823541939259,8.06518745422,53.018157959,224.747833252,157.077468872,106.485717773,836.874267578,2617.40209961,885.34753418,1190.1965332,1002.04785156,1680.04101562,595.059875488,299.863372803,702.391845703,1303.89990234,1174.68933105,1078.99584961,1800.57580566,2071.20532227,2454.61230469,2862.15917969,2279.65698242,3038.51879883,1693.14196777,1304.77502441,1114.03845215,599.028930664,302.863708496,238.319061279,31.0523071289,6.64658689499,1.48229730129,0.195809021592,0.0227139834315,0.00151395087596,0.0000994265210466,0.00000136263133754,2.81737633223e-9],"max":[1.32966864109,8.2655210495,23.4845752716,57.1934318542,179.487747192,116.443840027,191.523605347,320.635955811,650.276550293,460.189178467,840.115905762,825.004943848,1101.72729492,838.628112793,268.19619751,425.467285156,835.921569824,500.60736084,517.668395996,577.881225586,451.983520508,517.212768555,774.198181152,842.597595215,1146.3918457,483.553497314,474.424133301,333.93850708,435.201812744,398.207946777,558.530273438,107.549034119,34.7842674255,12.5832262039,4.49401473999,1.51786279678,0.523643016815,0.126902058721,0.0147414421663,0.000769302889239],"mean":[0.0404013730586,0.459776163101,1.58750498295,2.89486718178,6.69393825531,6.46799468994,3.6272444725,5.03029060364,9.47766780853,13.1989917755,17.2673187256,15.9338645935,23.0937309265,13.2711238861,9.69122314453,16.4754161835,21.8088703156,18.9717788696,17.322145462,24.8604393005,24.0331993103,23.1099681854,30.0022983551,27.1759605408,36.3316383362,22.5195541382,13.2753686905,14.3249883652,13.2760801315,12.8142976761,8.62442684174,4.64856004715,2.34706783295,1.05687570572,0.352043271065,0.114068202674,0.0264408960938,0.00481395889074,0.000419493531808,0.0000363792278222],"median":[0.0167121626437,0.284671932459,1.22071325779,1.70453286171,3.34708023071,3.08282542229,1.64284920692,1.34505343437,1.95674681664,3.2114906311,4.61663675308,2.92783975601,2.6934325695,3.49836874008,3.86989974976,5.43881750107,7.08052349091,6.86379814148,6.34392690659,10.8219766617,11.9336996078,10.6611347198,17.3629837036,14.6780281067,15.3929843903,11.4324398041,6.97474098206,7.38875818253,7.61008358002,7.13504266739,5.26272916794,3.08993601799,1.55304944515,0.681602358818,0.22630058229,0.0697226896882,0.0144859794527,0.00216520996764,0.000135125141242,0.0000234951094171],"min":[1.47100331879e-22,3.10884832089e-22,1.48618324928e-21,6.24843147045e-21,9.09702864648e-21,1.0405438544e-20,3.41418894766e-20,6.33375426206e-20,1.11586742182e-19,1.20197886229e-19,3.0666289154e-19,3.38539407968e-19,5.4054303986e-19,6.88169498493e-19,1.11138611915e-18,9.52967279967e-19,1.74651907151e-18,1.41962122254e-18,1.88067391159e-18,3.15137367255e-18,4.23623552157e-18,5.31587331144e-18,5.21081310184e-18,5.4300912376e-18,7.1101459333e-18,8.88261117909e-18,9.28710167145e-18,9.14444113992e-18,1.0765653102e-17,1.26070638518e-17,1.14034937267e-17,1.04200562149e-17,8.4824228531e-18,8.20591788102e-18,6.26435996082e-18,3.81747202775e-18,2.10818332163e-18,8.54798260351e-19,2.5599425331e-19,2.67352383393e-20],"var":[0.00646279891953,0.399414926767,3.30711221695,17.6219234467,93.8054962158,102.41381073,43.0658149719,217.932373047,835.221923828,984.588256836,2258.33496094,2116.28198242,6410.12744141,1755.08215332,275.617706299,1083.63989258,1920.3359375,1184.53955078,1118.57958984,1667.88769531,1369.72607422,1578.96984863,1853.94970703,1996.38500977,3326.45898438,1057.94946289,479.199462891,485.85055542,366.787078857,343.128631592,212.020721436,34.7248649597,7.6445350647,1.78070402145,0.20903262496,0.0239453539252,0.00152547738981,0.0000795642918092,0.00000128601652705,2.77172484964e-9]},"erbbands_crest":{"dmean":1.96772360802,"dmean2":3.15166807175,"dvar":3.75219368935,"dvar2":8.81338787079,"max":25.0801048279,"mean":7.37901353836,"median":6.68545246124,"min":2.01196074486,"var":10.6913433075},"erbbands_flatness_db":{"dmean":0.0124000022188,"dmean2":0.0180860422552,"dvar":0.000162012511282,"dvar2":0.000315918790875,"max":0.321346431971,"mean":0.141568258405,"median":0.135790482163,"min":0.0572872273624,"var":0.00159080128651},"erbbands_kurtosis":{"dmean":0.702110171318,"dmean2":1.08497989178,"dvar":0.788394093513,"dvar2":1.7330442667,"max":17.9046630859,"mean":0.332378864288,"median":-0.0983748435974,"min":-1.70673120022,"var":2.8092148304},"erbbands_skewness":{"dmean":0.263387799263,"dmean2":0.393386721611,"dvar":0.0623736195266,"dvar2":0.131344974041,"max":2.22332048416,"mean":-0.470373988152,"median":-0.506109654903,"min":-3.32042384148,"var":0.456091940403},"erbbands_spread":{"dmean":7.61767625809,"dmean2":11.8193016052,"dvar":66.2192993164,"dvar2":150.955871582,"max":130.313446045,"mean":43.0893440247,"median":40.4273529053,"min":7.62745857239,"var":278.095825195},"gfcc":{"cov":[[30123.0644531,935.075073242,-2402.40795898,1535.28625488,-1437.48547363,591.228210449,-938.600402832,225.760620117,-605.412902832,66.8254470825,-432.303741455,-32.6943511963,-484.204193115],[935.075073242,1424.41259766,-515.487182617,-178.75958252,1.98982393742,-132.383712769,9.11933517456,-111.994232178,46.2939910889,-201.941055298,-26.8499183655,-163.894287109,28.4413986206],[-2402.40795898,-515.487182617,1051.27294922,187.966064453,327.295837402,193.114196777,52.2318305969,27.7852668762,14.8898324966,109.759056091,-18.3042964935,78.0487670898,20.4368915558],[1535.28625488,-178.75958252,187.966064453,508.993896484,85.9081420898,149.801071167,-69.7708740234,12.3912754059,-27.5294551849,51.00963974,-21.3498516083,34.7663269043,-30.1487827301],[-1437.48547363,1.98982393742,327.295837402,85.9081420898,346.283081055,78.7092437744,38.9540023804,5.13584518433,46.2485733032,13.1531496048,3.53552365303,7.23181390762,16.7656612396],[591.228210449,-132.383712769,193.114196777,149.801071167,78.7092437744,248.351745605,28.4422092438,24.7187137604,-31.4481697083,36.9105644226,-32.7569694519,16.5860004425,-9.18774700165],[-938.600402832,9.11933517456,52.2318305969,-69.7708740234,38.9540023804,28.4422092438,198.892532349,40.8706817627,4.24891901016,-26.2385387421,32.1531219482,10.2892856598,11.5544872284],[225.760620117,-111.994232178,27.7852668762,12.3912754059,5.13584518433,24.7187137604,40.8706817627,111.85194397,23.8315982819,24.0417003632,-2.83773422241,17.3806495667,-17.0558700562],[-605.412902832,46.2939910889,14.8898324966,-27.5294551849,46.2485733032,-31.4481697083,4.24891901016,23.8315982819,114.37991333,39.7310791016,5.03334569931,-26.2156352997,7.4677233696],[66.8254470825,-201.941055298,109.759056091,51.00963974,13.1531496048,36.9105644226,-26.2385387421,24.0417003632,39.7310791016,117.655990601,22.5169487,16.5459270477,-18.1634464264],[-432.303741455,-26.8499183655,-18.3042964935,-21.3498516083,3.53552365303,-32.7569694519,32.1531219482,-2.83773422241,5.03334569931,22.5169487,83.6446380615,35.5413169861,-2.09447979927],[-32.6943511963,-163.894287109,78.0487670898,34.7663269043,7.23181390762,16.5860004425,10.2892856598,17.3806495667,-26.2156352997,16.5459270477,35.5413169861,101.693405151,20.3901977539],[-484.204193115,28.4413986206,20.4368915558,-30.1487827301,16.7656612396,-9.18774700165,11.5544872284,-17.0558700562,7.4677233696,-18.1634464264,-2.09447979927,20.3901977539,74.7431411743]],"icov":[[0.000194703286979,-0.00036068202462,0.00040241330862,-0.000498297158629,0.00047917253687,-0.000362335733371,0.00046280620154,-0.000703533645719,0.000929192930926,-0.000899514183402,0.000953711569309,-0.000624287349638,0.000589049421251],[-0.00036068202462,0.00212261313573,-0.000221451715333,0.000968374195509,-0.00130688375793,0.000360680249287,-0.000713878194802,0.00213600415736,-0.00287097995169,0.00394577020779,-0.00248032086529,0.00263038394041,-0.00129923352506],[0.00040241330862,-0.000221451715333,0.00290360976942,-0.00110650551505,-0.000798979250249,-0.000954316230491,0.000172967382241,-0.000627640460152,0.00216483930126,-0.00324320048094,0.00362107972614,-0.00216174544767,0.00102966674604],[-0.000498297158629,0.000968374195509,-0.00110650551505,0.00412641419098,-0.00172995345201,-0.000557246152312,0.000137976545375,0.00167510530446,-0.00217838399112,0.00226475158706,-0.00240518967621,0.000754286127631,-0.000454274035292],[0.00047917253687,-0.00130688375793,-0.000798979250249,-0.00172995345201,0.0064534759149,-0.00206876476295,0.0012320659589,-0.0016756746918,-0.000492212479003,-0.0000255364939221,0.000414096779423,-0.00122252502479,0.00123551511206],[-0.000362335733371,0.000360680249287,-0.000954316230491,-0.000557246152312,-0.00206876476295,0.00806723441929,-0.00343752396293,0.000923181883991,0.00198367028497,-0.0027851597406,0.00282307784073,0.000631375587545,-0.00121876003686],[0.00046280620154,-0.000713878194802,0.000172967382241,0.000137976545375,0.0012320659589,-0.00343752396293,0.00961971282959,-0.00563705340028,0.00151804659981,0.00271859508939,-0.00416497746482,0.000683847407345,0.0000115270058814],[-0.000703533645719,0.00213600415736,-0.000627640460152,0.00167510530446,-0.0016756746918,0.000923181883991,-0.00563705340028,0.0165093652904,-0.00814964715391,0.00246850354597,0.00157516379841,-0.00277594127692,0.00282048783265],[0.000929192930926,-0.00287097995169,0.00216483930126,-0.00217838399112,-0.000492212479003,0.00198367028497,0.00151804659981,-0.00814964715391,0.0216957964003,-0.014058300294,0.00523348944262,0.002184425015,-0.00213198247366],[-0.000899514183402,0.00394577020779,-0.00324320048094,0.00226475158706,-0.0000255364939221,-0.0027851597406,0.00271859508939,0.00246850354597,-0.014058300294,0.0255578644574,-0.0134622920305,0.00440337369218,0.000314921460813],[0.000953711569309,-0.00248032086529,0.00362107972614,-0.00240518967621,0.000414096779423,0.00282307784073,-0.00416497746482,0.00157516379841,0.00523348944262,-0.0134622920305,0.0283613465726,-0.0137984249741,0.00718398904428],[-0.000624287349638,0.00263038394041,-0.00216174544767,0.000754286127631,-0.00122252502479,0.000631375587545,0.000683847407345,-0.00277594127692,0.002184425015,0.00440337369218,-0.0137984249741,0.0223718378693,-0.010175159201],[0.000589049421251,-0.00129923352506,0.00102966674604,-0.000454274035292,0.00123551511206,-0.00121876003686,0.0000115270058814,0.00282048783265,-0.00213198247366,0.000314921460813,0.00718398904428,-0.010175159201,0.0207063201815]],"mean":[-23.4501209259,57.1677055359,-123.871246338,54.8216934204,-59.8300666809,18.7221851349,-38.4350624084,6.25204944611,-22.4943027496,-3.73864388466,-17.0012302399,-4.3252415657,-16.3714866638]},"hfc":{"dmean":7.20550537109,"dmean2":10.9252729416,"dvar":219.502883911,"dvar2":564.71661377,"max":189.749511719,"mean":21.7495212555,"median":16.0302524567,"min":1.05419126577e-16,"var":430.532104492},"melbands":{"dmean":[0.00028707931051,0.000399159558583,0.000410826003645,0.000308424787363,0.0000991267079371,0.000102501930087,0.000115967799502,0.000078092176409,0.0000681876263116,0.0000512484220963,0.0000486699391331,0.0000268655549007,0.0000187914356502,0.0000219968569581,0.0000224498198804,0.0000253933594649,0.0000196685068659,0.0000160724339366,0.0000158795064635,0.0000260477881966,0.0000152856882778,0.0000138572531796,0.0000162067553902,0.0000143009801832,0.0000121481007227,0.0000124906100609,0.0000120957047329,0.0000071557060437,0.00000509164829054,0.0000045366091399,0.00000530767738383,0.00000425928601544,0.00000336761559083,0.00000356602026841,0.00000245527235165,0.00000164871403285,0.00000117097476959,7.64196784075e-7,5.75127728553e-7,3.5084275396e-7],"dmean2":[0.000464831624413,0.000671186833642,0.000698862597346,0.000507802353241,0.000161325064255,0.000178880800377,0.000194316526176,0.000117286326713,0.000100195502455,0.0000743059645174,0.0000679213990225,0.0000393838417949,0.0000294362544082,0.0000334732867486,0.0000336027551384,0.0000387530017179,0.0000307368172798,0.0000245775681833,0.0000252150857705,0.0000396612813347,0.0000244130442297,0.0000222268899961,0.0000262137909885,0.0000233382670558,0.0000191027211258,0.0000198928137252,0.0000192661973415,0.000011753324543,0.00000856970473251,0.00000749329046812,0.00000872810051078,0.00000691279683451,0.00000535934123036,0.00000573615670874,0.00000394988001062,0.00000265304174718,0.00000192258994502,0.00000123420704767,9.14476004255e-7,5.58691340302e-7],"dvar":[4.49580397799e-7,6.08469463259e-7,7.57118755246e-7,3.22850354451e-7,5.47913856508e-8,1.5347416138e-7,1.94557188138e-7,4.19492600656e-8,4.31626006048e-8,2.19589928463e-8,2.77663811943e-8,6.73891698e-9,1.63689706234e-9,2.51724441291e-9,2.5399058412e-9,2.86314683073e-9,2.16899742611e-9,1.40113187719e-9,1.40179368113e-9,3.37543304418e-9,1.15386189492e-9,1.10126796571e-9,1.19639509411e-9,7.96100685374e-10,7.31904870044e-10,7.01670277437e-10,6.29981566913e-10,2.94187535443e-10,2.19890730624e-10,1.35539482415e-10,1.62818286631e-10,1.03215887226e-10,4.31669179568e-11,5.357778457e-11,5.14641176896e-11,1.10674004683e-11,4.07962552629e-12,1.56966681406e-12,1.06482346812e-12,4.15846502198e-13],"dvar2":[0.0000011277907106,0.00000165910364558,0.00000211460928767,8.57183806602e-7,1.44096347299e-7,4.33601201166e-7,5.37409448498e-7,9.10569823986e-8,8.50336263625e-8,3.963663886e-8,4.1968153397e-8,1.10929194719e-8,3.81219766865e-9,5.38003464001e-9,5.29231991564e-9,6.339793579e-9,5.0818576014e-9,2.96964142166e-9,3.40364159079e-9,6.78192257908e-9,2.97252999992e-9,2.78148437616e-9,3.0641769122e-9,2.00976346676e-9,1.7261753138e-9,1.62303359641e-9,1.51090118194e-9,7.86538500996e-10,6.1219346259e-10,3.66992963796e-10,4.36564007167e-10,2.70438810235e-10,1.03266208085e-10,1.29726132614e-10,1.26615495866e-10,2.50841812599e-11,1.01418144716e-11,3.92498750515e-12,2.55336485462e-12,9.25011803266e-13],"max":[0.0110432393849,0.0108761321753,0.0140728130937,0.00997502636164,0.00554859312251,0.00717949029058,0.00950252823532,0.00454470794648,0.00702825002372,0.00513192312792,0.00577850081027,0.00341169373132,0.00101761717815,0.00129660707898,0.00169915170409,0.00164863048121,0.00102042825893,0.00095292495098,0.000846340088174,0.00158299528994,0.000531719997525,0.000640781188849,0.000690623768605,0.00053951429436,0.000812254671473,0.000853897246998,0.000543873931747,0.000321703468217,0.000372581154807,0.000199740228709,0.0002201487805,0.000256540923147,0.000239541055635,0.000322624662658,0.000426245125709,0.000127492618049,0.0000452800377388,0.0000249922140938,0.0000155078141688,0.00000994137008092],"mean":[0.000433706125477,0.000775221094955,0.000632859067991,0.000497456640005,0.000156096226419,0.000114731199574,0.000148777980939,0.000151403597556,0.000129608859424,0.000101646859548,0.000113530615636,0.0000529488133907,0.0000317839512718,0.0000391588800994,0.000042285057134,0.0000474616535939,0.000034183201933,0.0000273212972388,0.0000254162787314,0.0000424677164119,0.0000245578194153,0.0000227201617236,0.0000275291913567,0.0000249297881965,0.000021146994186,0.0000242765145231,0.000025451707188,0.0000127187022372,0.0000083193745013,0.00000740892846807,0.00000860480486153,0.00000753664471631,0.00000692195862939,0.00000726948019292,0.00000528215559825,0.00000359669047612,0.00000248497531175,0.00000168654958088,0.00000123699021515,7.82675215305e-7],"median":[0.000238848675508,0.000619903497864,0.000405617785873,0.000268619915005,0.0000700519012753,0.0000304580262309,0.0000295668560284,0.0000379701305064,0.0000320076869684,0.0000154555382323,0.0000124579446492,0.0000129161917357,0.0000115764087241,0.000013007898815,0.0000130445578179,0.0000152494176291,0.0000106338957266,0.00000871649081091,0.0000102442090792,0.0000166226545844,0.0000120047861856,0.00000908275796974,0.0000143466195368,0.0000141417776831,0.00000987217208603,0.0000106000197775,0.00000930092210183,0.00000650289166515,0.00000422586481363,0.0000036208164147,0.00000432232900494,0.00000415652448282,0.00000392740548705,0.00000392647416447,0.00000307057052851,0.00000231960007113,0.00000161525724707,0.00000110568373657,7.81350024681e-7,4.84726228933e-7],"min":[1.53700633254e-24,7.55353693145e-25,1.77429963714e-24,6.13713619005e-25,1.42354289082e-24,1.47640021995e-24,2.03387293749e-24,1.34811191246e-24,2.83428020257e-24,2.52334890184e-24,2.37137110136e-24,1.96743448041e-24,3.13282323164e-24,2.33242523568e-24,2.50261132636e-24,2.88722677159e-24,1.85255010298e-24,1.89583884516e-24,3.18625613341e-24,3.61571477123e-24,4.09993139992e-24,4.68643488902e-24,3.8272612336e-24,3.80522755965e-24,3.95750216905e-24,4.53906226129e-24,5.16544503574e-24,4.61954461186e-24,5.29392050048e-24,3.75828599706e-24,3.56071972765e-24,4.72175258618e-24,4.91845189745e-24,5.93638735993e-24,4.97826885331e-24,5.069350339e-24,5.81783300436e-24,5.29331544417e-24,5.41094683248e-24,6.11898104935e-24],"var":[5.19293905654e-7,7.507214832e-7,7.36488573239e-7,4.2996140337e-7,6.8688017052e-8,1.15065624584e-7,1.8755001463e-7,1.22492011201e-7,1.36736147738e-7,9.64341424492e-8,1.65008728459e-7,3.25722311345e-8,3.83636766799e-9,7.23659399071e-9,7.93918708553e-9,8.31406854473e-9,4.71796290924e-9,3.26867177769e-9,2.66900346269e-9,7.23435666927e-9,1.6379163581e-9,1.7701492494e-9,1.85282322818e-9,1.34710964605e-9,1.50623014061e-9,1.5768518713e-9,1.7974323141e-9,3.74596520469e-10,2.07578856881e-10,1.54385171314e-10,1.87211912639e-10,1.38748637579e-10,9.35531513369e-11,1.27527738369e-10,1.00498338818e-10,2.62031819853e-11,9.66479760806e-12,3.98733173215e-12,2.53120701482e-12,1.02988798045e-12]},"melbands_crest":{"dmean":2.62295651436,"dmean2":4.25067186356,"dvar":6.05717325211,"dvar2":15.275305748,"max":37.2565765381,"mean":12.2884597778,"median":11.9624710083,"min":1.63069093227,"var":19.7708415985},"melbands_flatness_db":{"dmean":0.0199655015022,"dmean2":0.0304933283478,"dvar":0.000441218755441,"dvar2":0.000994934700429,"max":0.345241099596,"mean":0.132458105683,"median":0.131440982223,"min":0.00296317366883,"var":0.00261875824071},"melbands_kurtosis":{"dmean":3.75027871132,"dmean2":5.87331390381,"dvar":37.2524032593,"dvar2":81.1718521118,"max":120.4217453,"mean":7.14638233185,"median":4.0062289238,"min":-1.79204821587,"var":110.508842468},"melbands_skewness":{"dmean":0.562673032284,"dmean2":0.866864621639,"dvar":0.397246599197,"dvar2":0.894442021847,"max":9.02531814575,"mean":2.21768403053,"median":2.04258346558,"min":-1.40339446068,"var":1.84729146957},"melbands_spread":{"dmean":11.5753107071,"dmean2":17.9236621857,"dvar":182.555267334,"dvar2":410.02243042,"max":213.494064331,"mean":48.6573066711,"median":40.5424919128,"min":2.55960273743,"var":959.132141113},"mfcc":{"cov":[[9591.42578125,412.308929443,125.142547607,507.499389648,-1.82716369629,152.843490601,-34.883972168,55.450252533,-110.242919922,73.1235733032,31.9727706909,16.8096942902,23.8213691711],[412.308929443,1324.7824707,-327.400604248,-104.612693787,-54.2403755188,-81.2327041626,-56.8958625793,20.1466674805,34.4464302063,-57.4824295044,-10.4925222397,-36.7294769287,-74.7189559937],[125.142547607,-327.400604248,547.078918457,144.348693848,189.752166748,181.492324829,84.6203918457,15.041847229,53.1081581116,30.5206851959,-18.0978660583,16.1859798431,20.7597522736],[507.499389648,-104.612693787,144.348693848,312.4453125,159.039657593,88.8874130249,16.9950027466,23.2173023224,-3.09452319145,15.7343025208,7.33615112305,11.6193037033,15.2054710388],[-1.82716369629,-54.2403755188,189.752166748,159.039657593,340.2371521,145.695129395,17.9214668274,-0.996218383312,49.1561584473,35.6657028198,0.517266392708,11.8361949921,-13.0705652237],[152.843490601,-81.2327041626,181.492324829,88.8874130249,145.695129395,217.681167603,79.1439971924,18.8610248566,30.3569107056,26.3814697266,-0.763888657093,0.805035233498,-4.76044940948],[-34.883972168,-56.8958625793,84.6203918457,16.9950027466,17.9214668274,79.1439971924,157.598571777,77.3224945068,7.70534181595,4.36098718643,2.33870124817,0.410756230354,5.00449132919],[55.450252533,20.1466674805,15.041847229,23.2173023224,-0.996218383312,18.8610248566,77.3224945068,118.865859985,27.7326850891,-7.11461496353,4.39878845215,-1.21338999271,2.02833533287],[-110.242919922,34.4464302063,53.1081581116,-3.09452319145,49.1561584473,30.3569107056,7.70534181595,27.7326850891,101.49118042,42.3473587036,-5.24464654922,-3.4263279438,-6.67689323425],[73.1235733032,-57.4824295044,30.5206851959,15.7343025208,35.6657028198,26.3814697266,4.36098718643,-7.11461496353,42.3473587036,115.261871338,36.5577964783,-1.41618478298,5.27194833755],[31.9727706909,-10.4925222397,-18.0978660583,7.33615112305,0.517266392708,-0.763888657093,2.33870124817,4.39878845215,-5.24464654922,36.5577964783,88.3374710083,31.4006271362,-4.63353919983],[16.8096942902,-36.7294769287,16.1859798431,11.6193037033,11.8361949921,0.805035233498,0.410756230354,-1.21338999271,-3.4263279438,-1.41618478298,31.4006271362,68.1071548462,25.8434562683],[23.8213691711,-74.7189559937,20.7597522736,15.2054710388,-13.0705652237,-4.76044940948,5.00449132919,2.02833533287,-6.67689323425,5.27194833755,-4.63353919983,25.8434562683,76.8420028687]],"icov":[[0.000131349064759,-0.0000861364751472,-0.0000627784756944,-0.000240040695644,0.000181111550773,-0.000160108334967,0.000201396920602,-0.000193796149688,0.000317493191687,-0.000278737919871,0.000133465975523,-0.000127813473227,0.000050615730288],[-0.0000861364751472,0.00106200389564,0.00070298940409,0.00021274710889,-0.000257543259067,0.00000466701158075,-0.0000124559419419,0.0000320646468026,-0.00103548285551,0.000882696884219,-0.000226446907618,0.000311246374622,0.000514925515745],[-0.0000627784756944,0.00070298940409,0.00344744650647,-0.000565277645364,-0.000714090187103,-0.00132438831497,-0.00125445320737,0.00107319327071,-0.00189629395027,0.000732703774702,0.000526923744474,-0.000360164936865,-0.00032875983743],[-0.000240040695644,0.00021274710889,-0.000565277645364,0.00541335530579,-0.00238211057149,-0.00041398673784,0.00117315375246,-0.0020335346926,0.00186381093226,-0.00016710604541,-0.000412665016484,0.000456715846667,-0.00109582871664],[0.000181111550773,-0.000257543259067,-0.000714090187103,-0.00238211057149,0.00590966735035,-0.00272538186982,0.00108859722968,0.000442412449047,-0.00120906962547,-0.000863206107169,0.000824666058179,-0.00170018931385,0.00168721540831],[-0.000160108334967,0.00000466701158075,-0.00132438831497,-0.00041398673784,-0.00272538186982,0.00952755846083,-0.00479570124298,0.00222760695033,-0.00127391307615,0.0000931550748646,-0.00045025916188,0.000831670477055,0.000450144638307],[0.000201396920602,-0.0000124559419419,-0.00125445320737,0.00117315375246,0.00108859722968,-0.00479570124298,0.0137211466208,-0.00952558591962,0.00437578186393,-0.002280439483,0.00110294122715,-0.000726910016965,0.000125758408103],[-0.000193796149688,0.0000320646468026,0.00107319327071,-0.0020335346926,0.000442412449047,0.00222760695033,-0.00952558591962,0.0169355049729,-0.00792685896158,0.00502491323277,-0.00355478888378,0.00230070739053,-0.00143133418169],[0.000317493191687,-0.00103548285551,-0.00189629395027,0.00186381093226,-0.00120906962547,-0.00127391307615,0.00437578186393,-0.00792685896158,0.0185963883996,-0.00924415327609,0.00569180771708,-0.00322077283636,0.00235437904485],[-0.000278737919871,0.000882696884219,0.000732703774702,-0.00016710604541,-0.000863206107169,0.0000931550748646,-0.002280439483,0.00502491323277,-0.00924415327609,0.0165203753859,-0.00975076761097,0.00657393457368,-0.00408090790734],[0.000133465975523,-0.000226446907618,0.000526923744474,-0.000412665016484,0.000824666058179,-0.00045025916188,0.00110294122715,-0.00355478888378,0.00569180771708,-0.00975076761097,0.0205755736679,-0.0122212348506,0.00632659997791],[-0.000127813473227,0.000311246374622,-0.000360164936865,0.000456715846667,-0.00170018931385,0.000831670477055,-0.000726910016965,0.00230070739053,-0.00322077283636,0.00657393457368,-0.0122212348506,0.0244729742408,-0.0096004139632],[0.000050615730288,0.000514925515745,-0.00032875983743,-0.00109582871664,0.00168721540831,0.000450144638307,0.000125758408103,-0.00143133418169,0.00235437904485,-0.00408090790734,0.00632659997791,-0.0096004139632,0.0182437058538]],"mean":[-644.179443359,74.0020523071,-0.574219703674,30.6913757324,6.22911834717,10.5877056122,-1.97239243984,8.07428264618,-4.32401990891,2.80364775658,-0.159115970135,-2.06382155418,-2.75118708611]},"pitch_salience":{"dmean":0.054474119097,"dmean2":0.0871426910162,"dvar":0.00269068381749,"dvar2":0.00667981663719,"max":0.95859760046,"mean":0.601137578487,"median":0.603481829166,"min":0.140494659543,"var":0.00850870087743},"silence_rate_20dB":{"dmean":0,"dmean2":0,"dvar":0,"dvar2":0,"max":1,"mean":1,"median":1,"min":1,"var":0},"silence_rate_30dB":{"dmean":0,"dmean2":0,"dvar":0,"dvar2":0,"max":1,"mean":1,"median":1,"min":1,"var":0},"silence_rate_60dB":{"dmean":0.0323719829321,"dmean2":0.0647534951568,"dvar":0.0313268639147,"dvar2":0.0673227906227,"max":1,"mean":0.106811828911,"median":0,"min":0,"var":0.0954074710608},"spectral_centroid":{"dmean":280.102630615,"dmean2":431.019561768,"dvar":102243.53125,"dvar2":227459.109375,"max":11836.4941406,"mean":2367.20629883,"median":2197.67260742,"min":298.910095215,"var":1887351.125},"spectral_complexity":{"dmean":4.54090642929,"dmean2":6.57866096497,"dvar":34.1378479004,"dvar2":64.879486084,"max":71,"mean":18.6926593781,"median":17,"min":0,"var":130.468200684},"spectral_contrast_coeffs":{"dmean":[0.0479702800512,0.044426318258,0.0350927188993,0.030142057687,0.0220744181424,0.0164522230625],"dmean2":[0.079513899982,0.0719953030348,0.0567075796425,0.0482287220657,0.0355785191059,0.0259162262082],"dvar":[0.00178040121682,0.00142004282679,0.000838911160827,0.000602630258072,0.000356812524842,0.000262921763351],"dvar2":[0.00481230951846,0.00354502024129,0.00201745470986,0.00144923804328,0.000868965988047,0.000600087689236],"max":[-0.323832541704,-0.365559577942,-0.453515142202,-0.580113768578,-0.564696192741,-0.540666282177],"mean":[-0.64587110281,-0.742486655712,-0.782529056072,-0.775130271912,-0.781664431095,-0.74830275774],"median":[-0.645646452904,-0.749584496021,-0.792486906052,-0.776985943317,-0.782106101513,-0.745248675346],"min":[-0.978838920593,-0.981866359711,-0.978250980377,-0.971027970314,-0.96721971035,-0.965448617935],"var":[0.00883279088885,0.00725085102022,0.00528221484274,0.00345206004567,0.00269577652216,0.00234944443218]},"spectral_contrast_valleys":{"dmean":[0.433165788651,0.433962970972,0.364989548922,0.309973359108,0.256929844618,0.242657259107],"dmean2":[0.687754929066,0.685790777206,0.564675033092,0.481982916594,0.379412651062,0.347226411104],"dvar":[0.190668135881,0.213759317994,0.163313955069,0.135193020105,0.131862550974,0.130498245358],"dvar2":[0.383666217327,0.446651816368,0.325024068356,0.268025636673,0.253081977367,0.252850204706],"max":[-5.43866920471,-4.6246099472,-5.18426179886,-5.34134674072,-5.01687812805,-7.70059156418],"mean":[-8.01883983612,-7.7559299469,-8.0875120163,-8.08589744568,-7.57467460632,-9.95454120636],"median":[-7.4330906868,-7.39742565155,-7.73506116867,-7.72471046448,-7.13691616058,-9.42055797577],"min":[-28.0592212677,-28.0693397522,-27.7865524292,-27.6794986725,-27.5680046082,-27.3942966461],"var":[8.16630363464,7.84683656693,7.53174066544,7.45332574844,7.9097867012,6.58389568329]},"spectral_decrease":{"dmean":1.32212751858e-9,"dmean2":2.07122385909e-9,"dvar":6.37575926905e-18,"dvar2":1.60143440448e-17,"max":2.58080536405e-16,"mean":-3.60230156815e-9,"median":-2.80900303018e-9,"min":-3.3252650411e-8,"var":1.01368965748e-17},"spectral_energy":{"dmean":0.00552733475342,"dmean2":0.00860281474888,"dvar":0.000112915156933,"dvar2":0.000284270819975,"max":0.139344260097,"mean":0.0155686521903,"median":0.0121272644028,"min":9.97962228214e-21,"var":0.000183626965736},"spectral_energyband_high":{"dmean":0.000606935820542,"dmean2":0.000944400962908,"dvar":0.00000177734295903,"dvar2":0.00000456930138171,"max":0.0198035184294,"mean":0.00150596769527,"median":0.000958556775004,"min":7.05678362665e-21,"var":0.00000330580905938},"spectral_energyband_low":{"dmean":0.00191023724619,"dmean2":0.00310852471739,"dvar":0.0000141454020195,"dvar2":0.0000350878835889,"max":0.0482618138194,"mean":0.00382282934152,"median":0.00304299686104,"min":1.7132711487e-23,"var":0.0000195388001885},"spectral_energyband_middle_high":{"dmean":0.00160418858286,"dmean2":0.00242407387123,"dvar":0.00000958708096732,"dvar2":0.000022612968678,"max":0.0434309095144,"mean":0.00462491251528,"median":0.00284972134978,"min":1.14773713178e-21,"var":0.000028449923775},"spectral_energyband_middle_low":{"dmean":0.00305761047639,"dmean2":0.00491496222094,"dvar":0.000036519166315,"dvar2":0.0000958650998655,"max":0.0695772469044,"mean":0.00632082577795,"median":0.00402730703354,"min":1.73583654645e-22,"var":0.0000506583965034},"spectral_entropy":{"dmean":0.101017899811,"dmean2":0.150445535779,"dvar":0.0111461691558,"dvar2":0.0225674826652,"max":9.82093524933,"mean":7.96033430099,"median":7.97476959229,"min":6.40995693207,"var":0.14426086843},"spectral_flux":{"dmean":0.0186976976693,"dmean2":0.0283981915563,"dvar":0.000719109142665,"dvar2":0.00144301587716,"max":0.309554338455,"mean":0.0631624534726,"median":0.0526284202933,"min":6.32887145469e-11,"var":0.00171825918369},"spectral_kurtosis":{"dmean":0.840223968029,"dmean2":1.42734384537,"dvar":1.6124818325,"dvar2":4.56320571899,"max":25.6892604828,"mean":2.34791922569,"median":2.00407600403,"min":-1.25926709175,"var":3.88874173164},"spectral_rms":{"dmean":0.00060824706452,"dmean2":0.000905755558051,"dvar":8.56446206399e-7,"dvar2":0.0000019474812234,"max":0.011659571901,"mean":0.00354555505328,"median":0.00343969138339,"min":3.12029113485e-12,"var":0.00000261796753875},"spectral_rolloff":{"dmean":708.997131348,"dmean2":1148.80578613,"dvar":835994.4375,"dvar2":1791591.25,"max":22028.4667969,"mean":3439.27001953,"median":2928.515625,"min":21.533203125,"var":7926915},"spectral_skewness":{"dmean":0.136094987392,"dmean2":0.217997580767,"dvar":0.0239445846528,"dvar2":0.0626622140408,"max":3.77539181709,"mean":1.01872348785,"median":1.0069372654,"min":-0.0727659314871,"var":0.102720312774},"spectral_spread":{"dmean":427046,"dmean2":654229.125,"dvar":494765703168,"dvar2":1028049731580,"max":42912516,"mean":5523058.5,"median":4751548.5,"min":1574026.125,"var":24283021574100},"spectral_strongpeak":{"dmean":0.402360707521,"dmean2":0.686011373997,"dvar":0.668750703335,"dvar2":1.63021636009,"max":10.3077259064,"mean":0.764354526997,"median":0.314786583185,"min":0,"var":1.26101922989},"zerocrossingrate":{"dmean":0.0116063794121,"dmean2":0.0134951742366,"dvar":0.000175353532541,"dvar2":0.000241446658038,"max":0.79443359375,"mean":0.110819153488,"median":0.09521484375,"min":0.00830078125,"var":0.00495484378189}},"metadata":{"audio_properties":{"analysis_sample_rate":44100,"bit_rate":0,"codec":"flac","downmix":"mix","equal_loudness":0,"length":157.800003052,"lossless":true,"md5_encoded":"3117d7df5b754a4b3915f3704b54e672","replay_gain":-6.72156715393,"sample_rate":44100},"tags":{"acoustid_fingerprint":["AQADtEmSKGmSRNkUiDNiHdaSLA--HOfhF36OZzo86TAXoS-eB0eYSMoNbdmRi8VHzmi-qEH54DrqJJoFvyMeXUEO1dmPtFfwJcQPP1FGnHyQsxL0ZHGJh8NlolEyZlB_4U8ELRUzDnWSIdfh3XgaamjSlEO9HeeCvFoFjQxXpLmKJ8WVA2k5Drb24CrBdInI4TyF5iF-QgyVo1saDzH6Bc3-4NdSPN5xVD5SOQnRTl-g_tjzFc-MZGh2J3hOPBd-XFmMJtfRhVeQVFmeCHlKXAxubPeC58OTD3l0aHqw6RJRbZHG4B1-PDnyoTnK5yEePFdwJQljfJj0FGEkPomQ9MeNo3LyDM1eCc-zBbkOfUf4LPCuoWUeBZGfLdCPp4eW7ELIV_ie4JkTfJGM5gl-I5yWZ0jqM7g57CKa5-idBPcUBp8SvEIasSd-Bfrw4LmEWofHcIh_dL-GKxfxSCIeHhWa0wpiZVkOOcqO3DTGK4afC0-SPcPFIYIjHmrE43cSvAeTF5qhPAlyLYtwr0mCr8eZEeeNJ4nRPRmcW0ESpwpC9sYT8G_QPMfk-Lh2PEdzTLLxeMEVPA-aCmGRXFTw4XvwrSF-HE3SeEOljE7wH8msHGlFXBf-JEMb42IWosqF5syR9XimLoLeHnuEWkGY-5gzpkmGMxeeEleJO2nQPTma8UmCbMpyIfnxJMTRfKiUHZ-yBy8cHXmWNXgUhSm-Qz8ehNlTVMqP5ws-3XhK4eGCnnmGZjySZ3mInPheBYycJ7B1NBeQM8oFvR3ejuhGhVnQnIbKHefR2Mjy46uLBhVBXvhx6ilch7gslNaD8XiDRm-FfEoL_ULD9Cv6BRcfIazRfDmuc2gmDVUlfOiloDke97iUY_pR7Q149DCX6PgxfclwoT98CyVxB105wV9y9BmmVcOx52bQozrSjhV0FR_SbKTgKlGOcEue4LhuaLoi-Ea9qFGgJ0ce9DAfHyFpC3qSR8F9xF-E7hG806iU5VGQXwl0H0Fz9MpoPFGyLbiSR0FwE1qS7yj5QE-UHc9jHFfQLP9QMm7wXHgmHNUHq0oGTc6FJ2ewO0YOH3iS5bguZWgi6gg_Qo2VKsj54D6eBE2PkD2S449x5ROeyaieTGCi4-aRfFkiJshz3Dl6ijOa5wmOK-FwJAv3I4ueD08YJUZ0_dDxBKWOhhySP8cfPBHq5vBn9MdVWngyHkmZC7kKP17wC-eSMcUTDbkM7RzCjCX-pQqeL_gRXnD1Q7PC4oOeB1eO6znelmgiLXswMYqOHzot9LrQTBdy4apwTEmCdjn-pAp-nHh-vA8S8kd-ZvjxJBcxeYmYwJdPPMfVHdOSIyl9IU-yDD98K_g4PEmKS8H-o1JHNMkZ8IkePLky5FGOZHmOHv_xB8_UCv0k4t8EJkl5nLkSJHGuIE9xMUSP5k9wahsuJUuGRwvC7NCeCnqCnfiO7zBPJDmeJzh1o04jCdupw_qFR2jII_mVILeCKwsD5nqIC_3xZEce9fhTaNcOs0etLEcuHtWOZkuW4-HxC46P_IOqhkb044zQ9CH640RPNJuJj1KRhzvEHflTPFnyoNTRkDvehcJ_OMOlJfh0TDkq4xWLcjmeg9kdnOjjBZY2HefQH9dR6bBTVLhzhA_RqEsIPTlOtNmhu_iRhjf2