{"lowlevel":{"average_loudness":0.862538874149,"barkbands":{"dmean":[0.00328397820704,0.0110353408381,0.00467460369691,0.00197187950835,0.00264384783804,0.0014856728958,0.00115788320545,0.000822623958811,0.000659312005155,0.00088371935999,0.000578867271543,0.000577078724746,0.000307975249598,0.000315917888656,0.000151652711793,0.000132037414005,0.0000817387117422,0.0000716746944818,0.0000418592971982,0.0000402936675528,0.0000332355266437,0.0000217197302845,0.0000149281204358,0.00000949798868533,0.00000608361870036,0.0000336196062563,0.000345431966707],"dmean2":[0.00560630811378,0.0184927694499,0.00792637746781,0.00336129148491,0.00423210905865,0.0023762928322,0.00182097940706,0.00127968867309,0.00104177033063,0.00140206667129,0.000938774552196,0.000938037235755,0.000507884949911,0.000522224989254,0.00025301676942,0.00021223963995,0.000133141031256,0.000118026800919,0.0000667091662763,0.0000621056460659,0.000048545509344,0.0000310842442559,0.0000211763835978,0.0000141292839544,0.00000975828515948,0.0000453363427368,0.000500156951603],"dvar":[0.0000371713176719,0.000347250897903,0.0000444415891252,0.0000113100695671,0.0000215590007429,0.00000957267275226,0.00000547531499251,0.00000338314544024,0.00000137624999752,0.00000330594343723,0.00000110352470983,7.5624427609e-7,1.90216184137e-7,2.40945780661e-7,5.8811608028e-8,4.49454340412e-8,1.88604403206e-8,1.81792447762e-8,4.45137038341e-9,8.81930084518e-9,6.80988732071e-9,1.88671367418e-9,8.09085909381e-10,2.68468053344e-10,7.71005204125e-11,1.24490009412e-8,5.3151325119e-7],"dvar2":[0.0000955270588747,0.000917335390113,0.000124188343761,0.0000300724150293,0.0000528769778612,0.0000222150756599,0.0000127096682263,0.00000786913369666,0.00000321955690197,0.00000798183373263,0.00000267386667474,0.00000195897769117,5.11546147663e-7,6.54014456813e-7,1.64525488344e-7,1.08482396399e-7,4.93379168631e-8,4.81703708033e-8,1.13274047919e-8,2.00291712105e-8,1.46426808456e-8,3.67190655659e-9,1.47837142528e-9,5.43146083665e-10,1.82289752737e-10,2.25253646846e-8,9.5283940027e-7],"max":[0.0795788839459,0.266835808754,0.0957892984152,0.050054833293,0.0715864375234,0.0792156904936,0.068818539381,0.0427171289921,0.0213363692164,0.035396873951,0.023783300072,0.013865747489,0.00565421627834,0.00675566587597,0.00334956566803,0.00472055515274,0.00234447675757,0.00229376065545,0.00124513835181,0.00314358226024,0.00346145406365,0.000936004333198,0.000560533313546,0.000399222510168,0.000118188123452,0.00572263589129,0.0277744419873],"mean":[0.00424832245335,0.0157683007419,0.00592305045575,0.00258846068755,0.00434707291424,0.00239538983442,0.00209509348497,0.00130521797109,0.00122666708194,0.00151303806342,0.000945970299654,0.00106742978096,0.000602404761594,0.000634018855635,0.000306591071421,0.000284393841866,0.000171020496055,0.000159359857207,0.0000937979493756,0.0000871287629707,0.0000679120639688,0.0000405956343457,0.0000253446141869,0.0000135062809932,0.00000730962074158,0.0000611456562183,0.00125204620417],"median":[0.00162051827647,0.00768366083503,0.00368721107952,0.00122321117669,0.00224081333727,0.00115268060472,0.000725938763935,0.000358627614332,0.000456870708149,0.000441980926553,0.000429100793554,0.000642320199404,0.000352287548594,0.000281833752524,0.00014216733689,0.000119930693472,0.0000644589017611,0.0000329950380547,0.0000307714799419,0.0000315727520501,0.0000334583528456,0.0000167543912539,0.00000761887758927,0.00000466283199785,0.00000344370573657,0.0000170330731635,0.000510853016749],"min":[1.24622155325e-24,7.51597167097e-24,8.14097985529e-24,5.58169893086e-24,4.60865067941e-23,1.92614116189e-23,2.83724805507e-23,1.67471904294e-23,2.4637889963e-23,1.60643050982e-23,2.23514223832e-23,4.26950833221e-23,4.52970810645e-23,2.97552180334e-23,8.73528084001e-23,1.04927285149e-22,1.35673650112e-22,1.21416257739e-22,1.74329866574e-22,2.59316931606e-22,2.60813646868e-22,3.89993444496e-22,5.76153813889e-22,7.07335399706e-22,1.00363907828e-21,1.46573678241e-21,2.07905707734e-21],"var":[0.0000451011837868,0.000461812858703,0.0000526360563526,0.0000146689744724,0.000039413353079,0.0000187956375157,0.0000166324280144,0.00000749838500269,0.00000411405881096,0.00000818356875243,0.00000225472831517,0.00000168163978742,5.00064516018e-7,6.20604964752e-7,1.40380166158e-7,1.70969769897e-7,5.48357412811e-8,6.44649205128e-8,1.63928479679e-8,2.47704594614e-8,1.72282881294e-8,5.16387821392e-9,2.20671791951e-9,5.6471610721e-10,1.08501853335e-10,4.45228600654e-8,0.00000303800902657]},"barkbands_crest":{"dmean":3.00915789604,"dmean2":4.98366785049,"dvar":6.69715499878,"dvar2":17.9675064087,"max":25.245141983,"mean":10.8093347549,"median":9.91768360138,"min":2.76779174805,"var":19.4762992859},"barkbands_flatness_db":{"dmean":0.0288962032646,"dmean2":0.0469804219902,"dvar":0.000610049231909,"dvar2":0.00153412704822,"max":0.394300192595,"mean":0.151087120175,"median":0.144538030028,"min":0.0343801267445,"var":0.00234799273312},"barkbands_kurtosis":{"dmean":5.46592092514,"dmean2":8.91673469543,"dvar":84.1748657227,"dvar2":219.586044312,"max":232.671936035,"mean":11.3671979904,"median":6.96465778351,"min":-1.95230877399,"var":210.182418823},"barkbands_skewness":{"dmean":0.661158561707,"dmean2":1.06935894489,"dvar":0.437940210104,"dvar2":1.12061870098,"max":11.0340309143,"mean":2.60772919655,"median":2.33691215515,"min":-2.10050797462,"var":1.67296087742},"barkbands_spread":{"dmean":7.0269575119,"dmean2":11.1526937485,"dvar":71.102645874,"dvar2":160.940429688,"max":142.133102417,"mean":25.2188415527,"median":21.2955818176,"min":0.475492268801,"var":330.538757324},"dissonance":{"dmean":0.0222458057106,"dmean2":0.0379327237606,"dvar":0.000519533816259,"dvar2":0.00146182952449,"max":0.5,"mean":0.460116863251,"median":0.47048407793,"min":0.212074279785,"var":0.00118571787607},"dynamic_complexity":4.06497907639,"erbbands":{"dmean":[0.457856446505,2.13149952888,4.85248756409,6.04026651382,5.4610080719,10.3335542679,16.7526988983,9.78283405304,18.4972419739,13.2557029724,16.8404693604,14.2773532867,21.2332611084,26.1934185028,23.2299995422,21.786939621,13.3003396988,15.1157751083,9.7055606842,7.41031837463,6.70312309265,4.36894369125,3.96758151054,2.66615986824,1.87152683735,1.7470023632,1.53252327442,1.15170240402,0.840302228928,0.532711029053,0.402652591467,0.249105900526,0.13361030817,0.0714768916368,0.0425690636039,0.0401328168809,0.0689265802503,0.0940788090229,0.0398196354508,0.00663111964241],"dmean2":[0.762175858021,3.59966778755,8.1737203598,10.3127365112,9.1049747467,16.5984401703,26.7454109192,15.8149900436,29.4284992218,20.4220905304,26.3502693176,22.5466384888,34.3779830933,41.4840393066,37.890663147,35.3507728577,21.8834857941,24.9204082489,16.074634552,12.1631097794,10.6848621368,7.10152626038,6.52669334412,4.34250450134,2.9071419239,2.67722153664,2.2914056778,1.6817766428,1.19917082787,0.765585541725,0.577810943127,0.364040702581,0.203355014324,0.113674536347,0.0682958886027,0.0593901500106,0.0926136597991,0.119416192174,0.0532039552927,0.00996706262231],"dvar":[0.68397039175,12.3872804642,46.2526054382,97.32472229,100.359573364,387.512451172,1311.64025879,341.74206543,1285.2479248,960.982055664,1416.40844727,696.347961426,1520.10449219,2966.11865234,1552.3092041,1171.56811523,361.534790039,541.156616211,224.046310425,144.651916504,119.897010803,58.883682251,59.8670463562,20.5305786133,12.2574386597,10.3710050583,16.3576660156,7.14491844177,3.07633137703,0.960622310638,0.604498744011,0.210524916649,0.0473826564848,0.0111357821152,0.00366907892749,0.00510327517986,0.0491431131959,0.189048841596,0.0223575457931,0.0000903536711121],"dvar2":[1.81123828888,33.3889160156,127.551391602,267.146453857,264.17098999,930.868774414,3149.64672852,791.821472168,3027.71337891,2158.25976562,3333.28295898,1626.67822266,3806.12255859,7250.76611328,3836.41674805,3013.7487793,962.238769531,1437.50524902,623.233825684,385.528289795,287.347717285,155.383117676,157.975891113,53.8782615662,27.7263660431,24.0393600464,40.2799186707,13.3489208221,6.04905748367,1.81970751286,1.1351583004,0.420795887709,0.0972978547215,0.0257334560156,0.00873425230384,0.00981409661472,0.0847618877888,0.298416942358,0.0386814922094,0.000212491315324],"max":[11.8244972229,46.1804618835,92.606010437,137.005065918,226.144897461,364.442687988,830.619018555,485.94720459,1112.74584961,1215.60803223,639.349487305,548.242370605,737.315124512,1172.67675781,731.844787598,555.648193359,332.798828125,292.705688477,199.480560303,197.830703735,276.98828125,144.253662109,136.462722778,98.5269012451,107.340858459,93.7733459473,205.357818604,99.1690979004,42.8144226074,21.2998695374,14.9394779205,8.48051357269,5.98606872559,1.35148048401,0.831582605839,2.23304891586,12.0882234573,19.5732440948,5.91095972061,0.219171077013],"mean":[0.639664053917,2.87297391891,6.46049499512,8.49866580963,8.35460186005,15.6759262085,25.3342189789,16.1846046448,31.8136005402,25.1994762421,27.523563385,26.9232692719,40.2635574341,46.7717857361,43.5109786987,43.0426902771,28.613401413,32.2733688354,21.3395671844,16.3010940552,14.8697681427,10.106511116,8.91382789612,6.29918909073,4.33789634705,3.90873360634,3.14649295807,2.320936203,1.54767918587,0.966162979603,0.662749052048,0.376515716314,0.180602073669,0.0870539695024,0.0515141300857,0.0586646050215,0.127078399062,0.194697499275,0.103419430554,0.0319474413991],"median":[0.25190988183,1.45430159569,4.21054077148,4.85811567307,4.63303518295,6.9105257988,9.32907009125,9.13576412201,13.1743688583,8.27699375153,8.26996040344,10.140171051,15.9476575851,14.5335760117,25.1026382446,26.1466789246,17.7663402557,15.1126689911,10.1856975555,7.21310472488,6.41279792786,3.6624994278,1.95224368572,1.70055735111,1.482006073,1.4663207531,1.44286286831,1.15241348743,0.621033370495,0.384283959866,0.195809438825,0.115025907755,0.0681762099266,0.0399085693061,0.0245137959719,0.0230165459216,0.0352501384914,0.0673880577087,0.0467543080449,0.0157768744975],"min":[3.19942646599e-22,1.49341158807e-21,8.87736857299e-21,1.77240636087e-20,4.53441218626e-20,1.3927989606e-19,1.02189569757e-19,1.79345280833e-19,2.67225711668e-19,3.91675836158e-19,2.7725251071e-19,5.18964637714e-19,5.4962532789e-19,8.28550113455e-19,1.21208398499e-18,1.92403306494e-18,2.32370460985e-18,2.46020430017e-18,3.84509655148e-18,6.45189090468e-18,5.01111846708e-18,8.69199402437e-18,8.03356487423e-18,7.72411908861e-18,1.02189148412e-17,1.25972055133e-17,1.00024772437e-17,1.18252400338e-17,1.22179920061e-17,1.39859234749e-17,1.5835089043e-17,1.34380941629e-17,1.04443811151e-17,9.24551764769e-18,7.1583970328e-18,4.67290995721e-18,2.84558712717e-18,1.11486317285e-18,2.78156127981e-19,2.83170483929e-20],"var":[0.892817139626,15.3621416092,55.6989402771,121.124595642,130.961608887,708.453918457,2626.90087891,667.924255371,3511.05029297,2822.69287109,3016.4128418,2025.21350098,3822.13842773,7186.98876953,3518.87670898,2840.12109375,1064.94006348,1513.39099121,628.549133301,417.683654785,422.894287109,191.711654663,203.971176147,80.3339080811,44.514541626,35.1115188599,32.1979255676,21.9828739166,8.1624584198,2.75880599022,1.50728702545,0.476165115833,0.092717975378,0.0161474905908,0.0052006454207,0.0118976589292,0.176721557975,0.710697770119,0.0786908566952,0.00117918511387]},"erbbands_crest":{"dmean":2.29615211487,"dmean2":3.73916935921,"dvar":4.26066732407,"dvar2":10.8308420181,"max":28.36668396,"mean":8.54854297638,"median":7.62548685074,"min":2.6868698597,"var":14.1514940262},"erbbands_flatness_db":{"dmean":0.0231988579035,"dmean2":0.0360417366028,"dvar":0.000438905117335,"dvar2":0.00107244262472,"max":0.333959966898,"mean":0.135428920388,"median":0.130781084299,"min":0.0335528068244,"var":0.00209247134626},"erbbands_kurtosis":{"dmean":1.05193161964,"dmean2":1.68565392494,"dvar":4.72135019302,"dvar2":12.6193647385,"max":74.5570602417,"mean":1.20303201675,"median":0.453958034515,"min":-1.59873771667,"var":9.49634933472},"erbbands_skewness":{"dmean":0.326044440269,"dmean2":0.509671390057,"dvar":0.0937235355377,"dvar2":0.229531824589,"max":6.99966907501,"mean":0.224423065782,"median":0.202464237809,"min":-2.37444806099,"var":0.638235747814},"erbbands_spread":{"dmean":6.32165813446,"dmean2":9.78899097443,"dvar":42.376789093,"dvar2":99.6047058105,"max":175.224273682,"mean":29.2700862885,"median":27.2653884888,"min":1.91227054596,"var":221.408599854},"gfcc":{"cov":[[15509.1015625,421.540039062,-1229.44335938,0.384462177753,132.396102905,-752.073181152,539.154785156,-246.817337036,217.303527832,-45.1575508118,89.0075836182,135.175292969,-41.8845024109],[421.540039062,982.268127441,-88.5991439819,-362.664001465,133.535705566,-152.941390991,-14.7388772964,-84.4988098145,46.6243057251,-60.8692016602,2.44269895554,-108.942741394,83.4094924927],[-1229.44335938,-88.5991439819,354.124481201,122.127677917,-114.501556396,152.186935425,-66.0425643921,51.3120269775,-38.5206108093,38.9447555542,-38.6270942688,13.5152263641,-20.3903331757],[0.384462177753,-362.664001465,122.127677917,328.954315186,2.75071978569,46.2795295715,9.75559616089,29.204328537,-28.5970993042,33.4305381775,9.0930109024,56.9868545532,-42.7466011047],[132.396102905,133.535705566,-114.501556396,2.75071978569,296.789031982,-28.5443572998,53.3985099792,-96.0021362305,9.64992141724,-13.8612012863,44.5135345459,-3.59271812439,30.3099002838],[-752.073181152,-152.941390991,152.186935425,46.2795295715,-28.5443572998,287.470825195,-18.158241272,47.1201095581,-18.3259963989,8.87333011627,6.5562787056,18.5204143524,1.0001527071],[539.154785156,-14.7388772964,-66.0425643921,9.75559616089,53.3985099792,-18.158241272,168.368469238,21.5737094879,46.1508712769,4.06550693512,12.9127531052,24.6028957367,-13.919295311],[-246.817337036,-84.4988098145,51.3120269775,29.204328537,-96.0021362305,47.1201095581,21.5737094879,167.332046509,51.5892448425,22.9526004791,-7.60466909409,-7.83566379547,-1.53137791157],[217.303527832,46.6243057251,-38.5206108093,-28.5970993042,9.64992141724,-18.3259963989,46.1508712769,51.5892448425,94.6648788452,32.4952316284,3.66100120544,-3.3922624588,3.12640547752],[-45.1575508118,-60.8692016602,38.9447555542,33.4305381775,-13.8612012863,8.87333011627,4.06550693512,22.9526004791,32.4952316284,75.8808822632,15.9875431061,14.757689476,0.483576416969],[89.0075836182,2.44269895554,-38.6270942688,9.0930109024,44.5135345459,6.5562787056,12.9127531052,-7.60466909409,3.66100120544,15.9875431061,74.1418533325,31.7254371643,14.2399673462],[135.175292969,-108.942741394,13.5152263641,56.9868545532,-3.59271812439,18.5204143524,24.6028957367,-7.83566379547,-3.3922624588,14.757689476,31.7254371643,76.524520874,9.5747127533],[-41.8845024109,83.4094924927,-20.3903331757,-42.7466011047,30.3099002838,1.0001527071,-13.919295311,-1.53137791157,3.12640547752,0.483576416969,14.2399673462,9.5747127533,67.1457748413]],"icov":[[0.000141511962283,-0.000328713271301,0.000806564989034,-0.000558013794944,0.000434920802945,-0.000132911489345,-0.000271346827503,0.000259605061729,-0.00000557804378332,-0.000316964258673,0.000363434257451,-0.000383462960599,0.000121764838696],[-0.000328713271301,0.00418942468241,-0.00488618668169,0.00423244992271,-0.00185387837701,0.00241260929033,0.0000112528023237,0.000990224070847,-0.00286339269951,0.00403869105503,-0.00400707218796,0.00482699973509,-0.00310697732493],[0.000806564989034,-0.00488618668169,0.0132538983598,-0.00700706243515,0.00402470584959,-0.00508549623191,0.000290865893476,-0.000647400680464,0.00482125906274,-0.00828119646758,0.0085016945377,-0.00638087466359,0.00338335335255],[-0.000558013794944,0.00423244992271,-0.00700706243515,0.0105522302911,-0.0051775672473,0.00298942741938,0.00131105422042,-0.00307120499201,0.00105526170228,0.00181402987801,-0.00261905533262,-0.000790059799328,0.00208453740925],[0.000434920802945,-0.00185387837701,0.00402470584959,-0.0051775672473,0.00906096585095,-0.00187213439494,-0.00352334533818,0.00641685118899,-0.00274375872687,0.0000911444512894,-0.00246369582601,0.00379300653003,-0.00403735321015],[-0.000132911489345,0.00241260929033,-0.00508549623191,0.00298942741938,-0.00187213439494,0.00644938321784,-0.0000244298862526,-0.00110271037556,-0.000854204059578,0.00320038199425,-0.00353494752198,0.00158088852186,-0.00146129052155],[-0.000271346827503,0.0000112528023237,0.000290865893476,0.00131105422042,-0.00352334533818,-0.0000244298862526,0.0101314000785,-0.00360750383697,-0.00216931174509,0.00068847060902,0.00185426522512,-0.00592888472602,0.0048967525363],[0.000259605061729,0.000990224070847,-0.000647400680464,-0.00307120499201,0.00641685118899,-0.00110271037556,-0.00360750383697,0.0147731127217,-0.00989101827145,0.00328191206791,-0.00440777372569,0.00813742168248,-0.00629968894646],[-0.00000557804378332,-0.00286339269951,0.00482125906274,0.00105526170228,-0.00274375872687,-0.000854204059578,-0.00216931174509,-0.00989101827145,0.0248661544174,-0.0135493930429,0.00678761536255,-0.00561131117865,0.00456578843296],[-0.000316964258673,0.00403869105503,-0.00828119646758,0.00181402987801,0.0000911444512894,0.00320038199425,0.00068847060902,0.00328191206791,-0.0135493930429,0.0253364816308,-0.0105772335082,0.00522694131359,-0.00449956208467],[0.000363434257451,-0.00400707218796,0.0085016945377,-0.00261905533262,-0.00246369582601,-0.00353494752198,0.00185426522512,-0.00440777372569,0.00678761536255,-0.0105772335082,0.0267640147358,-0.015442580916,0.00385356205516],[-0.000383462960599,0.00482699973509,-0.00638087466359,-0.000790059799328,0.00379300653003,0.00158088852186,-0.00592888472602,0.00813742168248,-0.00561131117865,0.00522694131359,-0.015442580916,0.031571302563,-0.0124585526064],[0.000121764838696,-0.00310697732493,0.00338335335255,0.00208453740925,-0.00403735321015,-0.00146129052155,0.0048967525363,-0.00629968894646,0.00456578843296,-0.00449956208467,0.00385356205516,-0.0124585526064,0.0246777310967]],"mean":[-2.2277340889,98.3791275024,-68.9668426514,-13.6313276291,-9.05282497406,-6.55865764618,-2.20952892303,-16.5107059479,-6.65089702606,-4.74398231506,-5.95225429535,-0.978169381618,-5.08984088898]},"hfc":{"dmean":46.5451583862,"dmean2":74.8760604858,"dvar":4291.55908203,"dvar2":10881.7373047,"max":1117.60900879,"mean":183.072174072,"median":131.135269165,"min":1.06094291245e-16,"var":26948.484375},"melbands":{"dmean":[0.00354241090827,0.00241731107235,0.000986481201835,0.000520372006577,0.000553056539502,0.000237798842136,0.00027083652094,0.000152886786964,0.000124440717627,0.0000981530538411,0.000112221663585,0.000114233029308,0.0000807967153378,0.0000720289899618,0.0000421752520197,0.000027458085242,0.0000308885864797,0.0000191156923393,0.0000109526581582,0.00000994911988528,0.00000781898052082,0.00000496608345202,0.00000439641462435,0.00000309714346258,0.00000235718698605,0.00000160069737376,0.00000168955568824,0.00000117970751035,0.00000101058810742,8.9684692739e-7,6.72476630825e-7,5.44978263406e-7,3.50361887058e-7,3.03786521272e-7,2.52722202276e-7,1.90924723142e-7,1.44779761513e-7,1.03119667472e-7,6.8416674992e-8,5.79857086791e-8],"dmean2":[0.00590686360374,0.00406854506582,0.00168226344977,0.000837972445879,0.000880545005202,0.000382736441679,0.000427915016189,0.000236304767895,0.000195971428184,0.000155108587933,0.000181096882443,0.000181026931386,0.000132066648803,0.000117062452773,0.000069500922109,0.0000454031905974,0.0000510552745254,0.0000319222272083,0.0000182954154297,0.0000161320458574,0.0000125470533021,0.00000810907931736,0.00000718639012121,0.00000508332277604,0.00000387800764656,0.00000256981911662,0.00000268180497187,0.00000185423471066,0.00000153194412178,0.00000136052653943,9.94459810499e-7,7.94561117345e-7,5.17874354955e-7,4.44343783101e-7,3.67481959529e-7,2.84070125645e-7,2.16076756487e-7,1.58218554702e-7,1.07596655141e-7,9.31987571562e-8],"dvar":[0.0000374350893253,0.0000114393424155,0.00000251621804637,9.16515034532e-7,0.00000124455459627,1.94384753627e-7,2.80909546291e-7,1.23389781947e-7,7.23431767824e-8,3.19529931403e-8,4.28838653477e-8,5.93515956382e-8,2.12288728818e-8,1.26493002739e-8,3.71935771071e-9,1.63370306172e-9,2.28923813239e-9,9.29295362884e-10,3.45349193687e-10,2.6663771191e-10,1.64543378922e-10,7.16012873991e-11,7.04635516602e-11,3.1381928306e-11,1.66656549672e-11,6.71714333461e-12,2.95033754372e-11,3.84651685503e-12,6.16634261014e-12,4.86516599577e-12,2.89462139154e-12,1.51438670631e-12,4.43993637429e-13,3.42489464523e-13,2.55546452055e-13,1.3619727362e-13,7.5352057764e-14,3.21929406689e-14,1.0207791406e-14,7.42337811501e-15],"dvar2":[0.0000985215810942,0.0000310095747409,0.00000685221630192,0.0000022620481559,0.00000300729652736,4.52052034916e-7,6.52133337553e-7,2.79933175307e-7,1.72871352788e-7,7.43410524251e-8,1.06750064788e-7,1.44022109794e-7,5.20231253631e-8,3.26652163096e-8,9.97781235412e-9,4.37673230991e-9,6.16931039588e-9,2.59431631733e-9,9.6110230885e-10,6.5657995707e-10,3.9790440387e-10,1.89413693064e-10,1.85833473609e-10,8.34439115027e-11,4.45059301912e-11,1.68779417525e-11,6.61453183892e-11,9.50025474955e-12,1.53800427255e-11,1.11276526188e-11,5.76805530422e-12,3.16075616201e-12,9.3549929088e-13,6.86220177903e-13,4.99662485866e-13,2.75139015304e-13,1.58297704914e-13,6.71075201701e-14,2.2880794278e-14,1.74839204665e-14],"max":[0.0862959250808,0.0425206534564,0.0225566998124,0.0154369920492,0.0218408554792,0.00998096261173,0.016280438751,0.0134563306347,0.00508338725194,0.00318629806861,0.0035883798264,0.00537442043424,0.00344900041819,0.00192641781177,0.000947235093918,0.000628732319456,0.000573540222831,0.000428884872235,0.00033057568362,0.000447918806458,0.000310469651595,0.000147648577695,0.000157368354849,0.0000943027916946,0.0000877317288541,0.0000347189088643,0.000198391688173,0.000030203787901,0.00011955336231,0.0000903194159037,0.0000681886158418,0.0000322067571688,0.000014242639736,0.0000160932177096,0.0000101509203887,0.00000728223312763,0.00000613286647422,0.00000547150011698,0.00000120591346331,0.00000112428699595],"mean":[0.00518725812435,0.00353087321855,0.00147762906272,0.000812831625808,0.000869984563906,0.000390898698242,0.000478368485346,0.000280161155388,0.000204078518436,0.000178340473212,0.000207639634027,0.000195796586922,0.000139598181704,0.000132193163154,0.000081898557255,0.0000554368416488,0.0000615062672296,0.0000377036485588,0.0000217480501306,0.0000213765160879,0.0000158870643645,0.0000102510712168,0.00000928170265979,0.00000669172732159,0.00000500602936881,0.00000325435189552,0.00000321836250805,0.00000243082786255,0.00000193831465367,0.00000169912561887,0.00000124555936054,9.52906589191e-7,6.03292448886e-7,5.16784609772e-7,3.98643010158e-7,2.95578075793e-7,2.05981223189e-7,1.37265615763e-7,8.4862200822e-8,6.87593058046e-8],"median":[0.00248806970194,0.0024137198925,0.000902946630958,0.000404071062803,0.000352730014129,0.000214478903217,0.000189511978533,0.0000884078763193,0.0000635566975689,0.0000648422574159,0.0000787807439337,0.0000538565691386,0.0000720846073818,0.0000788071556599,0.0000499584602949,0.0000294897981803,0.0000277394592558,0.0000167087073351,0.0000096783560366,0.00000909372465685,0.00000678545120536,0.00000395031656808,0.00000183425015621,0.0000016068900095,0.00000130534499476,0.00000115224577257,9.74470140136e-7,9.36192066092e-7,8.51570121085e-7,8.38795358504e-7,5.55181429718e-7,3.6679281834e-7,2.44807495164e-7,1.85513655993e-7,1.13662338208e-7,8.13054867876e-8,6.45983817549e-8,4.93939253943e-8,3.73432342826e-8,3.13972421395e-8],"min":[2.69225565734e-24,3.29969807867e-24,4.76779484734e-24,5.15053122589e-24,5.602755995e-24,3.8631662377e-24,5.76712581423e-24,3.84453215983e-24,2.08872302788e-24,3.67156612332e-24,2.19086039915e-24,3.29920168795e-24,2.80173712643e-24,5.18738325751e-24,3.09873536864e-24,3.47125304024e-24,4.37086725554e-24,5.42847295521e-24,6.56425832047e-24,8.33999841762e-24,4.76231502507e-24,8.18999336105e-24,7.84884336284e-24,4.60257187505e-24,5.87730956674e-24,6.13705582485e-24,7.38953304508e-24,8.07686281863e-24,5.58915800515e-24,6.91573135249e-24,6.54534104153e-24,6.23373625081e-24,7.58158990992e-24,7.14823232708e-24,9.42505923781e-24,7.55530979773e-24,7.81033275117e-24,7.07259397691e-24,7.35917373314e-24,7.52654950685e-24],"var":[0.000049904545449,0.0000149490379044,0.00000325146766045,0.00000162939522852,0.00000247654884333,3.83671704185e-7,8.12638859315e-7,3.37823649943e-7,1.56106068516e-7,9.20838161278e-8,1.08600055171e-7,1.4182070629e-7,4.38085336896e-8,2.69428657163e-8,9.3086143238e-9,4.41034364584e-9,5.85940229669e-9,2.21031837278e-9,7.65501495525e-10,9.73827019024e-10,5.05170794085e-10,1.98951286001e-10,2.35350544608e-10,1.05698789998e-10,5.42617513422e-11,2.03718760611e-11,6.63802207646e-11,1.13551746131e-11,1.18451576672e-11,1.06453283688e-11,7.9408164072e-12,3.51095953526e-12,1.08522804458e-12,8.91470924858e-13,5.71839179741e-13,3.17138920377e-13,1.51281859761e-13,6.15466472275e-14,1.58462178383e-14,1.0203601134e-14]},"melbands_crest":{"dmean":4.15723180771,"dmean2":6.86576461792,"dvar":11.6852407455,"dvar2":31.2607021332,"max":38.8295059204,"mean":16.8756637573,"median":16.2419433594,"min":1.94822561741,"var":34.8278541565},"melbands_flatness_db":{"dmean":0.0378007106483,"dmean2":0.0614982172847,"dvar":0.000991032458842,"dvar2":0.00253377133049,"max":0.541939616203,"mean":0.273267388344,"median":0.267186790705,"min":0.00418823212385,"var":0.00376555719413},"melbands_kurtosis":{"dmean":7.85914182663,"dmean2":13.0105009079,"dvar":152.672363281,"dvar2":409.709869385,"max":277.897399902,"mean":14.3163928986,"median":8.28750896454,"min":-1.73481571674,"var":346.680480957},"melbands_skewness":{"dmean":0.82668697834,"dmean2":1.33820354939,"dvar":0.658934056759,"dvar2":1.73383712769,"max":14.1367177963,"mean":2.84103059769,"median":2.56280255318,"min":-1.14364850521,"var":2.61719703674},"melbands_spread":{"dmean":4.30010509491,"dmean2":7.0653295517,"dvar":33.3725891113,"dvar2":89.0085144043,"max":195.935516357,"mean":13.6276750565,"median":12.1218347549,"min":0.452191442251,"var":93.2681427002},"mfcc":{"cov":[[10280.4755859,383.170257568,-844.160705566,562.85534668,-415.324157715,-24.9216003418,-73.3280181885,182.641937256,-58.7602539062,64.8412246704,91.9786148071,25.3359737396,54.990322113],[383.170257568,1378.14099121,-196.316207886,-152.142089844,33.4845695496,-64.4156036377,-28.9796142578,-120.721084595,55.0264320374,-13.3055896759,-55.1940841675,-28.0415019989,-25.5340442657],[-844.160705566,-196.316207886,521.82421875,-65.5017547607,-0.556207597256,17.4518127441,-6.79754400253,26.3419570923,17.1529121399,16.4720211029,-0.910777628422,8.01046276093,-7.79686832428],[562.85534668,-152.142089844,-65.5017547607,304.766998291,-1.16007530689,0.647890508175,7.2963924408,-0.228941813111,-23.0999298096,-3.64626336098,14.231253624,13.7578239441,-6.38961601257],[-415.324157715,33.4845695496,-0.556207597256,-1.16007530689,177.532302856,72.7528457642,32.6506996155,-27.9736824036,-15.0813598633,-27.8130931854,-14.7379169464,1.83113694191,9.0702047348],[-24.9216003418,-64.4156036377,17.4518127441,0.647890508175,72.7528457642,187.144287109,65.5140914917,14.864824295,-23.9669342041,-28.5819644928,-19.6706256866,28.0302715302,20.1471385956],[-73.3280181885,-28.9796142578,-6.79754400253,7.2963924408,32.6506996155,65.5140914917,93.3798828125,37.7129554749,-8.89507484436,-13.4252338409,1.86618101597,8.49386787415,8.55325126648],[182.641937256,-120.721084595,26.3419570923,-0.228941813111,-27.9736824036,14.864824295,37.7129554749,122.894035339,18.5803127289,18.4573249817,31.5089759827,-1.8955835104,8.58463573456],[-58.7602539062,55.0264320374,17.1529121399,-23.0999298096,-15.0813598633,-23.9669342041,-8.89507484436,18.5803127289,90.5240020752,53.1512145996,10.6636638641,-0.94079554081,-2.22511076927],[64.8412246704,-13.3055896759,16.4720211029,-3.64626336098,-27.8130931854,-28.5819644928,-13.4252338409,18.4573249817,53.1512145996,84.2343292236,37.3900794983,0.195561736822,3.73739504814],[91.9786148071,-55.1940841675,-0.910777628422,14.231253624,-14.7379169464,-19.6706256866,1.86618101597,31.5089759827,10.6636638641,37.3900794983,68.2031478882,19.2304878235,4.65648555756],[25.3359737396,-28.0415019989,8.01046276093,13.7578239441,1.83113694191,28.0302715302,8.49386787415,-1.8955835104,-0.94079554081,0.195561736822,19.2304878235,55.6186294556,23.051820755],[54.990322113,-25.5340442657,-7.79686832428,-6.38961601257,9.0702047348,20.1471385956,8.55325126648,8.58463573456,-2.22511076927,3.73739504814,4.65648555756,23.051820755,53.9039802551]],"icov":[[0.000163286022143,-0.000112214955152,0.000208976911381,-0.000307092472212,0.000388663844205,-0.000260315748164,0.00034577443148,-0.000378471246222,0.00025857827859,-0.000163515884196,-0.0000245256542257,0.0000597925209149,-0.000190042090253],[-0.000112214955152,0.00106564187445,0.00025542723597,0.000724056561012,-0.000391221954487,0.000502231996506,-0.000563447945751,0.00117511837743,-0.00112730183173,0.000495464773849,0.000285478221485,-0.0000412369990954,0.000434499932453],[0.000208976911381,0.00025542723597,0.00251538516022,0.000291123142233,0.00020059243252,-0.000363152183127,0.000886728870682,-0.00101502530742,0.000251451536315,-0.000934238429181,0.00100396678317,-0.00110230827704,0.000888901471626],[-0.000307092472212,0.000724056561012,0.000291123142233,0.00442407839,-0.000939997378737,0.000908146379516,-0.00102554878686,0.000879110768437,0.000421464967076,-0.000312617718009,0.000219629888306,-0.00168775976636,0.00180611852556],[0.000388663844205,-0.000391221954487,0.00020059243252,-0.000939997378737,0.00892700627446,-0.00379281654023,-0.00101442728192,0.00264065805823,-0.00124223157763,0.00282066338696,-0.00326570542529,0.00388125237077,-0.00263285799883],[-0.000260315748164,0.000502231996506,-0.000363152183127,0.000908146379516,-0.00379281654023,0.0104376487434,-0.00530898710713,-0.00125024374574,0.00201715528965,-0.00182638829574,0.00594605645165,-0.00652447715402,0.000823550624773],[0.00034577443148,-0.000563447945751,0.000886728870682,-0.00102554878686,-0.00101442728192,-0.00530898710713,0.0179963130504,-0.00652898335829,0.000997830880806,0.00127484975383,-0.000693312787917,-0.000263952737441,-0.000148188060848],[-0.000378471246222,0.00117511837743,-0.00101502530742,0.000879110768437,0.00264065805823,-0.00125024374574,-0.00652898335829,0.0156746897846,-0.00588819850236,0.00448894454166,-0.00890898890793,0.00713022099808,-0.00337113975547],[0.00025857827859,-0.00112730183173,0.000251451536315,0.000421464967076,-0.00124223157763,0.00201715528965,0.000997830880806,-0.00588819850236,0.0225849915296,-0.0170891452581,0.00903487764299,-0.006312251091,0.00355913396925],[-0.000163515884196,0.000495464773849,-0.000934238429181,-0.000312617718009,0.00282066338696,-0.00182638829574,0.00127484975383,0.00448894454166,-0.0170891452581,0.0306893642992,-0.0177822019905,0.00949234049767,-0.00583635689691],[-0.0000245256542257,0.000285478221485,0.00100396678317,0.000219629888306,-0.00326570542529,0.00594605645165,-0.000693312787917,-0.00890898890793,0.00903487764299,-0.0177822019905,0.032679785043,-0.0167580712587,0.00613680342212],[0.0000597925209149,-0.0000412369990954,-0.00110230827704,-0.00168775976636,0.00388125237077,-0.00652447715402,-0.000263952737441,0.00713022099808,-0.006312251091,0.00949234049767,-0.0167580712587,0.033159211278,-0.01339966245],[-0.000190042090253,0.000434499932453,0.000888901471626,0.00180611852556,-0.00263285799883,0.000823550624773,-0.000148188060848,-0.00337113975547,0.00355913396925,-0.00583635689691,0.00613680342212,-0.01339966245,0.0257412325591]],"mean":[-673.704956055,169.974395752,-1.62488985062,17.4267520905,5.53478002548,19.730430603,7.47618293762,3.84956502914,2.79200720787,1.31415653229,-1.84024739265,3.74574279785,1.20140898228]},"pitch_salience":{"dmean":0.0809219628572,"dmean2":0.133923262358,"dvar":0.00472978223115,"dvar2":0.0131082870066,"max":0.963453233242,"mean":0.547593533993,"median":0.563845038414,"min":0.0548424832523,"var":0.0146194584668},"silence_rate_20dB":{"dmean":0,"dmean2":0,"dvar":0,"dvar2":0,"max":1,"mean":1,"median":1,"min":1,"var":0},"silence_rate_30dB":{"dmean":0.0956678688526,"dmean2":0.191360414028,"dvar":0.086516790092,"dvar2":0.182595714927,"max":1,"mean":0.887585401535,"median":1,"min":0,"var":0.0997749716043},"silence_rate_60dB":{"dmean":0.00232078391127,"dmean2":0.0046421661973,"dvar":0.00231572426856,"dvar2":0.00513740768656,"max":1,"mean":0.0466675274074,"median":0,"min":0,"var":0.0444870516658},"spectral_centroid":{"dmean":160.599990845,"dmean2":254.273513794,"dvar":68069.65625,"dvar2":164935.34375,"max":11561.8710938,"mean":846.753662109,"median":764.607177734,"min":161.121902466,"var":333082.125},"spectral_complexity":{"dmean":2.635379076,"dmean2":4.19393920898,"dvar":6.0153055191,"dvar2":13.5569210052,"max":45,"mean":18.590177536,"median":17,"min":0,"var":92.9364852905},"spectral_contrast_coeffs":{"dmean":[0.0534948967397,0.0504424236715,0.0384898260236,0.0281040892005,0.0264278575778,0.02997161448],"dmean2":[0.0897926539183,0.0840691998601,0.0644924268126,0.0477561987936,0.0440340153873,0.0486838556826],"dvar":[0.00178142008372,0.0015329947928,0.000894822238479,0.000489704543725,0.000594308890868,0.000762305920944],"dvar2":[0.00498737907037,0.00427598971874,0.00246734940447,0.0013759538997,0.00160376226995,0.00191370095126],"max":[-0.381885498762,-0.42147064209,-0.551935970783,-0.632209956646,-0.683662652969,-0.582183599472],"mean":[-0.684482455254,-0.761379897594,-0.798945486546,-0.814142942429,-0.836091279984,-0.786134898663],"median":[-0.688762068748,-0.76448649168,-0.804205954075,-0.813781797886,-0.830971300602,-0.78412771225],"min":[-0.978704452515,-0.982435405254,-0.988531172276,-0.986333012581,-0.974264740944,-0.964425802231],"var":[0.00666710361838,0.00462976424024,0.00303509132937,0.00159217312466,0.00205510575324,0.0033198853489]},"spectral_contrast_valleys":{"dmean":[0.399218738079,0.391097098589,0.315981775522,0.282087743282,0.396694839001,0.634890854359],"dmean2":[0.660196781158,0.645321965218,0.520684123039,0.455979883671,0.631368279457,1.03841710091],"dvar":[0.140583217144,0.131672933698,0.100304849446,0.0980699434876,0.204083293676,0.32958137989],"dvar2":[0.326287031174,0.308529257774,0.220043852925,0.20871527493,0.494783818722,0.846482932568],"max":[-4.69399881363,-4.42117166519,-5.00432014465,-5.71865367889,-6.27216243744,-8.77922439575],"mean":[-6.61347389221,-6.53970575333,-6.81371736526,-7.43036460876,-7.99113178253,-10.7668266296],"median":[-6.38381719589,-6.31406545639,-6.55933713913,-7.23636388779,-7.72128200531,-10.537191391],"min":[-27.4923286438,-27.7304420471,-27.3614826202,-27.6979827881,-27.5280704498,-27.3550243378],"var":[1.76933264732,1.96146082878,1.94648933411,1.92711484432,1.96394300461,1.45094966888]},"spectral_decrease":{"dmean":4.67424587924e-9,"dmean2":7.63689023131e-9,"dvar":4.26816990446e-17,"dvar2":1.08373643671e-16,"max":5.65657876095e-9,"mean":-9.86608394982e-9,"median":-8.019201303e-9,"min":-8.2461760087e-8,"var":7.54108138985e-17},"spectral_energy":{"dmean":0.0188101753592,"dmean2":0.0302657913417,"dvar":0.000687978230417,"dvar2":0.00170535652433,"max":0.343307644129,"mean":0.0538422167301,"median":0.0452118441463,"min":1.03391227312e-20,"var":0.00171103060711},"spectral_energyband_high":{"dmean":0.000350402871845,"dmean2":0.00046512868721,"dvar":7.17112754955e-7,"dvar2":0.00000112587736112,"max":0.0358659476042,"mean":0.00108619849198,"median":0.000506703159772,"min":7.31521294458e-21,"var":0.00000334688797921},"spectral_energyband_low":{"dmean":0.0152191892266,"dmean2":0.0253638066351,"dvar":0.000506984360982,"dvar2":0.00132033252157,"max":0.307349205017,"mean":0.0260930527002,"median":0.0177773144096,"min":2.39703227329e-23,"var":0.0007647118764},"spectral_energyband_middle_high":{"dmean":0.00171111896634,"dmean2":0.00265020993538,"dvar":0.00000577730816076,"dvar2":0.0000137332972372,"max":0.0430409237742,"mean":0.00566101307049,"median":0.0037201626692,"min":1.39000270239e-21,"var":0.0000307691807393},"spectral_energyband_middle_low":{"dmean":0.00562108820304,"dmean2":0.0087627414614,"dvar":0.0000736525835237,"dvar2":0.000177775567863,"max":0.130989536643,"mean":0.0142955277115,"median":0.0106832422316,"min":2.33757813034e-22,"var":0.000184293923667},"spectral_entropy":{"dmean":0.223784580827,"dmean2":0.353138774633,"dvar":0.0499837398529,"dvar2":0.124529875815,"max":9.8166437149,"mean":7.39706707001,"median":7.49069166183,"min":4.94051980972,"var":0.229157924652},"spectral_flux":{"dmean":0.0280123911798,"dmean2":0.0452487878501,"dvar":0.00107428513002,"dvar2":0.00251207035035,"max":0.452282249928,"mean":0.117763906717,"median":0.110310249031,"min":6.40671404817e-11,"var":0.00418391823769},"spectral_kurtosis":{"dmean":7.41890859604,"dmean2":12.2438364029,"dvar":113.910865784,"dvar2":312.335021973,"max":148.188247681,"mean":20.4713230133,"median":18.3421287537,"min":-1.2486448288,"var":181.504074097},"spectral_rms":{"dmean":0.00113968621008,"dmean2":0.00180810713209,"dvar":0.00000155360351073,"dvar2":0.00000370501084035,"max":0.0183012094349,"mean":0.00666583934799,"median":0.00664146943018,"min":3.17599570775e-12,"var":0.0000080957006503},"spectral_rolloff":{"dmean":3975.48242188,"dmean2":7614.06835938,"dvar":51465996,"dvar2":130589752,"max":22050,"mean":9809.83886719,"median":2002.58789062,"min":64.599609375,"var":98411832},"spectral_skewness":{"dmean":0.563915789127,"dmean2":0.906755506992,"dvar":0.456305623055,"dvar2":1.23287820816,"max":10.2712850571,"mean":3.31094169617,"median":3.21617984772,"min":-0.0709454938769,"var":1.07713711262},"spectral_spread":{"dmean":679600.9375,"dmean2":1052091.375,"dvar":593780539392,"dvar2":1246444650500,"max":41544660,"mean":4590944.5,"median":4265949.5,"min":1472485,"var":4027127431170},"spectral_strongpeak":{"dmean":1.90236139297,"dmean2":3.55388379097,"dvar":101.811660767,"dvar2":294.455322266,"max":141.17527771,"mean":2.34818673134,"median":0.31748649478,"min":0,"var":153.985946655},"zerocrossingrate":{"dmean":0.0332521051168,"dmean2":0.044360242784,"dvar":0.000984161160886,"dvar2":0.00185844348744,"max":0.89453125,"mean":0.231127992272,"median":0.220703125,"min":0.01220703125,"var":0.0146511308849}},"metadata":{"audio_properties":{"analysis_sample_rate":44100,"bit_rate":319999,"codec":"aac","downmix":"mix","equal_loudness":0,"length":180.093963623,"lossless":false,"md5_encoded":"6271ecd00bd237fc0c31412504acafbf","replay_gain":-5.1325340271},"tags":{"album":["Live Through This"],"albumartistsort":["Hole"],"artist":["Hole"],"artistsort":["Hole"],"asin":["B000003TAY"],"barcode":["720642463123"],"catalognumber":["DGCD-24631"],"date":["1994-04-12"],"discnumber":["1/1"],"encodedby":["X Lossless Decoder 20140504, QuickTime 7.7.3, CBR 320 kbps"],"engineer":["Paul Q. Kolderie","Sean Slade"],"file_name":"02 Miss World.m4a","genre":["Grunge"],"label":["DGC Records"],"media":["CD"],"mixer":["Scott Litt"],"musicbrainz_albumartistid":["1dcc8968-f2cd-441c-beda-6270f70f2863"],"musicbrainz_albumid":["6d2787f1-f584-4a76-8a97-7926e96fd73e"],"musicbrainz_artistid":["1dcc8968-f2cd-441c-beda-6270f70f2863"],"musicbrainz_recordingid":["5a15850c-1292-45b9-818a-f9cc8f4196e1"],"musicbrainz_releasegroupid":["fe676d05-f97c-303a-890b-da53c69e5d42"],"musicbrainz_workid":["cccf8761-0e13-3a48-b06f-5c9e35784d1a"],"producer":["Paul Q. Kolderie","Sean Slade"],"script":["Latn"],"title":["Miss World"],"tracknumber":["2/12"]},"version":{"essentia":"2.1-beta1","essentia_build_sha":"62a3aca36d1dac43e474f70d4f740a1397abcfaa","essentia_git_sha":"v2.1_beta1-6-g5578087","extractor":"music 1.0"}},"rhythm":{"beats_count":378,"beats_loudness":{"dmean":0.0293078329414,"dmean2":0.0511411391199,"dvar":0.000715412083082,"dvar2":0.00208477955312,"max":0.198728695512,"mean":0.0652070641518,"median":0.0620451532304,"min":6.57045573504e-9,"var":0.00165610702243},"beats_loudness_band_ratio":{"dmean":[0.186592370272,0.11864476651,0.0760045200586,0.0599954202771,0.0162390731275,0.0638166517019],"dmean2":[0.315086573362,0.204545989633,0.131151899695,0.10544564575,0.0293424185365,0.108491063118],"dvar":[0.0180983152241,0.0176877453923,0.0073699564673,0.00346916145645,0.000300591986161,0.00478111254051],"dvar2":[0.0497805550694,0.046839602291