{"lowlevel":{"average_loudness":0.924979031086,"barkbands":{"dmean":[0.00591108575463,0.0167995058,0.00360171683133,0.00214639678597,0.00228400528431,0.00156799296383,0.00140111846849,0.000887337315362,0.000792978447862,0.000603170192335,0.000617391080596,0.000691192341037,0.000403269630624,0.000374735012883,0.000517480773851,0.000337780744303,0.000277186918538,0.00018235880998,0.0000899094666238,0.000035325778299,0.0000208855162782,0.0000147722539623,0.00000828224074212,0.00000469094811706,0.00000431290709457,0.00000755462542656,0.00042151613161],"dmean2":[0.0101279104128,0.0277539230883,0.00616823276505,0.00361555768177,0.00378907006234,0.00253807520494,0.00227916031145,0.00145107903518,0.00130522984546,0.000995779642835,0.00101138546597,0.00115312857088,0.000674703449477,0.000624021398835,0.000857849023305,0.000565593887586,0.000460771145299,0.000296179467114,0.000143279379699,0.0000545036054973,0.0000325739129039,0.0000216869393626,0.0000129692825794,0.0000075449893302,0.00000698205121807,0.0000114982431114,0.000677178846672],"dvar":[0.000127569510369,0.000375551288016,0.0000207414686884,0.00000987615203485,0.0000168919286807,0.0000114872718768,0.0000123870686366,0.00000540559904039,0.00000387518684875,0.00000162772528256,0.00000169552845364,0.00000120241304558,4.03585858066e-7,4.08245853123e-7,5.90416334489e-7,2.43271983891e-7,2.31653288552e-7,2.0856364813e-7,7.03555187442e-8,8.96931950933e-9,2.04368033607e-9,1.44216416587e-9,4.27302776496e-10,4.8357529786e-11,3.78067681328e-11,1.42696299221e-10,1.75656083456e-7],"dvar2":[0.000341395498253,0.00100668321829,0.0000571270138607,0.0000257367919403,0.0000431221524195,0.0000264998361672,0.000030309351132,0.0000132036502691,0.0000099759117802,0.00000383048609365,0.00000400197086492,0.00000302049375023,0.00000105748711121,0.00000104111802557,0.0000014836604123,6.39135521396e-7,5.71376233438e-7,4.77222613426e-7,1.54682936682e-7,1.86156139392e-8,4.36844072027e-9,2.92219559661e-9,1.00370589617e-9,1.15698832459e-10,9.44025899119e-11,2.9577137961e-10,4.56463368437e-7],"max":[0.18131890893,0.259652197361,0.0832556560636,0.0838234722614,0.101644910872,0.107950024307,0.083748228848,0.0605405718088,0.0379378832877,0.0615619644523,0.0301069859415,0.0356821231544,0.02091171965,0.0171245411038,0.0192919075489,0.0183250159025,0.0133114643395,0.0131600974128,0.00789650343359,0.00280575221404,0.00170302030165,0.00125087087508,0.000923868385144,0.0001557549258,0.000104745842691,0.000496988242958,0.00649334955961],"mean":[0.00717592984438,0.0247765053064,0.00474772229791,0.00288552744314,0.00329302251339,0.00253625097685,0.0021222603973,0.00130222586449,0.00118273624685,0.000926350185182,0.00100885506254,0.0011934969807,0.000686964078341,0.000681313103996,0.000997486524284,0.000648731947877,0.000500453868881,0.000299885723507,0.000145045138197,0.0000633338058833,0.0000397651965613,0.0000264192858594,0.0000131175274873,0.00000696588404026,0.00000534879836778,0.0000138316836455,0.00162567081861],"median":[0.00364440749399,0.0171608794481,0.00307582365349,0.00152730080299,0.00173056428321,0.00131284503732,0.000735534005798,0.00047796277795,0.000469482969493,0.00049260200467,0.000487664947286,0.000840171007439,0.000488326651976,0.000448467879323,0.000720202922821,0.000499807822052,0.000366683903849,0.000144643447129,0.0000484786323796,0.0000225492512982,0.0000154956178449,0.00000902106057765,0.00000569358007851,0.00000380417213819,0.00000279215441878,0.00000789681689639,0.00160165759735],"min":[9.71844291935e-25,3.53088974138e-24,6.37631684436e-25,1.73652818813e-24,6.24618881463e-24,5.52891585326e-24,1.2078044216e-23,7.88793694272e-24,8.57150542748e-24,1.48201294557e-23,1.1801932644e-23,2.79545388876e-23,2.57644874653e-23,1.93428788624e-23,3.46990440363e-23,5.01437288702e-23,4.69934223115e-23,8.15285221191e-23,1.20237548085e-22,1.99765329622e-22,2.23320236624e-22,2.89007232698e-22,4.27995133598e-22,6.16288885801e-22,8.76036068456e-22,1.25809334505e-21,1.94577739919e-21],"var":[0.00013692266657,0.000612720032223,0.0000280295662378,0.0000167742709891,0.0000253540129052,0.0000268810399575,0.0000270994460152,0.0000096227040558,0.00000637068251308,0.00000269202041636,0.00000441372185378,0.00000213455859921,6.06701291872e-7,7.04641706761e-7,0.0000011815985772,3.94571799234e-7,3.63090890687e-7,3.58484896879e-7,1.2353862644e-7,1.7272839159e-8,4.80416062487e-9,3.24058468948e-9,6.67757626971e-10,8.598299156e-11,4.96815540096e-11,3.37820355023e-10,8.48516378937e-7]},"barkbands_crest":{"dmean":3.634319067,"dmean2":5.94819402695,"dvar":8.46248912811,"dvar2":21.5306282043,"max":25.183008194,"mean":11.4341936111,"median":10.9081659317,"min":2.91936993599,"var":20.0723991394},"barkbands_flatness_db":{"dmean":0.0287381354719,"dmean2":0.0456275939941,"dvar":0.000558993022423,"dvar2":0.00140478485264,"max":0.384665697813,"mean":0.150615632534,"median":0.146221384406,"min":0.0349286198616,"var":0.00187503302004},"barkbands_kurtosis":{"dmean":4.99304056168,"dmean2":8.02465343475,"dvar":56.9018363953,"dvar2":130.392684937,"max":315.955322266,"mean":8.30902099609,"median":5.20574474335,"min":-1.79163205624,"var":123.219436646},"barkbands_skewness":{"dmean":0.716956377029,"dmean2":1.14219772816,"dvar":0.467646628618,"dvar2":1.12314891815,"max":15.4437141418,"mean":2.48027944565,"median":2.25058579445,"min":-2.45474147797,"var":1.5380423069},"barkbands_spread":{"dmean":9.07677650452,"dmean2":14.5773305893,"dvar":65.6902542114,"dvar2":167.321609497,"max":126.814544678,"mean":31.2062606812,"median":30.0360050201,"min":0.986120283604,"var":184.912719727},"dissonance":{"dmean":0.01513267681,"dmean2":0.0259099565446,"dvar":0.000205025164178,"dvar2":0.000577929662541,"max":0.500000178814,"mean":0.476264148951,"median":0.481037557125,"min":0.340526282787,"var":0.000348955625668},"dynamic_complexity":2.40529799461,"erbbands":{"dmean":[0.729065060616,3.13312697411,4.39192056656,5.32663393021,8.49117946625,7.10859441757,8.44782829285,14.1541280746,21.5672035217,16.3892402649,19.3678569794,18.4362564087,16.8053913116,19.3348026276,26.4664306641,25.3279953003,19.286895752,16.0716953278,21.5992546082,24.4205760956,16.5801830292,15.3040990829,10.255358696,6.27019262314,3.27815699577,1.59535527229,1.10529410839,0.655475437641,0.516461551189,0.427702635527,0.209868043661,0.115365624428,0.0713593512774,0.0480939596891,0.0308573935181,0.0205589551479,0.0148578509688,0.0114005608484,0.00685633579269,0.0103621408343],"dmean2":[1.22034049034,5.17040681839,7.44614171982,8.93618774414,14.1941661835,11.9877538681,13.8312072754,23.0689620972,35.146900177,26.5009365082,31.6958465576,30.1447868347,27.4953022003,31.632352829,43.6141662598,42.4880104065,32.3378257751,26.7159061432,35.2971954346,40.7103424072,27.7316551208,25.4195423126,16.5885124207,9.95122909546,5.14830446243,2.44892048836,1.74339020252,0.985654771328,0.759439229965,0.642372012138,0.327016174793,0.183310344815,0.114994622767,0.0778900235891,0.0500233061612,0.0323571488261,0.0225179158151,0.0163735449314,0.010152165778,0.0166770201176],"dvar":[1.05207896233,12.0138874054,28.6529922485,50.7578887939,210.919769287,227.854782104,377.698059082,978.067810059,2996.37890625,2287.97875977,2469.81738281,2447.47241211,1204.84924316,2170.75463867,2244.52709961,1399.92895508,909.010131836,692.04296875,1479.84472656,1270.41882324,591.952148438,798.350891113,668.53527832,308.959503174,97.654800415,17.9695739746,6.4002366066,2.04613113403,1.52658605576,1.58198618889,0.215720504522,0.0330666452646,0.011246342212,0.00481964694336,0.0019096233882,0.000792798644397,0.00052207428962,0.00057796377223,0.000111106892291,0.0000958694072324],"dvar2":[2.89064240456,31.3127918243,79.6473617554,131.419754028,540.354370117,585.196472168,862.65838623,2284.93798828,7228.98095703,5608.18212891,5937.93554688,6203.51220703,3000.54736328,5161.33056641,5402.06787109,3632.34912109,2394.12255859,1783.22912598,3677.72070312,3290.0625,1563.14440918,1977.81652832,1523.29968262,663.347290039,211.803573608,36.9254112244,14.2202014923,4.2458319664,3.04032182693,3.45341086388,0.496576040983,0.0766558647156,0.0273634623736,0.0120186237618,0.00477078277618,0.00186832179315,0.00105395447463,0.00111515878234,0.000211075195693,0.000249749311479],"max":[12.1752033234,42.2657623291,85.087310791,168.812286377,433.017608643,413.115783691,999.559753418,1100.07214355,1469.51647949,1425.28039551,1542.17712402,1148.92907715,1056.63110352,2468.63110352,1047.67211914,1365.37463379,883.140869141,703.514038086,1588.2298584,1088.5501709,686.996643066,709.701721191,796.898620605,648.627624512,240.745834351,157.864547729,88.6096954346,58.4652481079,54.5359420776,41.9163665771,19.6005687714,5.96284389496,3.13819503784,1.20100927353,0.724591076374,0.648234367371,0.936298787594,0.891964673996,0.321601957083,0.179672539234],"mean":[0.990936875343,4.47294473648,6.25197029114,7.93968915939,11.8141956329,9.66689682007,13.0235500336,22.2955169678,32.9261169434,25.5198802948,29.4988937378,27.886013031,26.826751709,32.0716133118,48.2897949219,46.0788993835,34.7933311462,31.8195056915,44.8499069214,49.40366745,34.015537262,28.4815444946,17.7145118713,10.6858863831,5.37180900574,2.92326807976,2.05784678459,1.25856637955,0.950975120068,0.674035072327,0.339097887278,0.183766677976,0.0987355560064,0.0609822794795,0.0378191955388,0.0301298685372,0.0283245686442,0.0243605915457,0.0266021192074,0.0538364872336],"median":[0.59859341383,3.07001709938,4.34498119354,4.9043211937,6.03850841522,4.90071821213,7.12899637222,10.9857130051,12.1553440094,8.86137485504,11.6663513184,11.0339927673,14.402299881,16.1013183594,28.0856437683,33.7786903381,25.6441326141,22.350440979,30.9228935242,37.6506080627,27.0787601471,21.004026413,9.50895404816,4.11005020142,1.6298456192,1.06413626671,0.771729290485,0.502784371376,0.334210366011,0.231191366911,0.154633373022,0.0977076888084,0.0528811439872,0.0318797454238,0.0199052896351,0.0169629007578,0.0163274593651,0.0124630387872,0.021222261712,0.0544259026647],"min":[1.30365108469e-22,5.21643651556e-22,1.15901483874e-21,4.35964612883e-21,7.71719202613e-21,2.81558483399e-20,3.55021653758e-20,5.21735350262e-20,1.12309878983e-19,1.67279856397e-19,1.87338869929e-19,2.29476445534e-19,3.77838009238e-19,5.01460203483e-19,6.71156874835e-19,1.37776102386e-18,1.44366550179e-18,1.32811354009e-18,1.20942749446e-18,2.31434402724e-18,3.20016202585e-18,3.15333057508e-18,4.76305527318e-18,5.80304753706e-18,7.1812569962e-18,8.97946575701e-18,8.65199156995e-18,9.28475661441e-18,9.21694765652e-18,1.27136890871e-17,1.12393256721e-17,9.81718713211e-18,9.86099296299e-18,8.16384251198e-18,6.33953744362e-18,4.05585348617e-18,2.25440155697e-18,8.73503450639e-19,2.49465161639e-19,2.92477267485e-20],"var":[1.49799180031,19.4200973511,40.7652664185,87.7025146484,325.845336914,312.508117676,923.37512207,2068.93115234,6621.23925781,4065.34204102,4621.97363281,3960.84130859,1907.70446777,3862.52490234,5913.04541016,2359.82421875,1371.08154297,1246.68457031,2852.78637695,2490.19042969,964.726928711,1229.18481445,1122.27368164,585.631347656,174.643692017,35.7138748169,13.570936203,5.05156183243,3.82150840759,2.60156798363,0.376156747341,0.0670023486018,0.0174267943949,0.00655490672216,0.00244402047247,0.00141119048931,0.00136419560295,0.00144037615974,0.000515106192324,0.000650349073112]},"erbbands_crest":{"dmean":1.99475204945,"dmean2":3.33575940132,"dvar":4.30058002472,"dvar2":11.1029577255,"max":29.4169597626,"mean":7.01373004913,"median":6.0000629425,"min":2.22092270851,"var":10.6734390259},"erbbands_flatness_db":{"dmean":0.0191534999758,"dmean2":0.0297805443406,"dvar":0.000270459946478,"dvar2":0.000670191366225,"max":0.301221102476,"mean":0.144624501467,"median":0.14243927598,"min":0.0310813058168,"var":0.0010856782319},"erbbands_kurtosis":{"dmean":0.690160810947,"dmean2":1.1320514679,"dvar":0.531122982502,"dvar2":1.29830372334,"max":14.3985691071,"mean":0.0993042960763,"median":-0.140337228775,"min":-1.61375367641,"var":1.21707201004},"erbbands_skewness":{"dmean":0.303695440292,"dmean2":0.486086010933,"dvar":0.0660130754113,"dvar2":0.162612304091,"max":3.13404321671,"mean":-0.360833019018,"median":-0.428169161081,"min":-2.90811800957,"var":0.290658742189},"erbbands_spread":{"dmean":5.5137887001,"dmean2":8.945520401,"dvar":21.0048828125,"dvar2":52.637260437,"max":84.4410934448,"mean":29.199016571,"median":28.4316501617,"min":5.82132482529,"var":76.48878479},"gfcc":{"cov":[[14010.7167969,137.244445801,-924.366333008,319.606109619,-208.869140625,-346.127380371,50.1504440308,-41.9772415161,15.6548290253,-6.27871084213,-82.2741851807,11.1067857742,-129.036972046],[137.244445801,608.234375,-36.8565368652,-239.629928589,171.064651489,-9.13887786865,-4.90114498138,-48.2737846375,63.7895469666,-62.8045730591,41.6553573608,-29.3409729004,43.8272171021],[-924.366333008,-36.8565368652,249.936355591,29.4974327087,-8.9115858078,114.696044922,-34.3035888672,30.0356311798,-27.7352523804,22.7872333527,-5.81380605698,-1.64037883282,17.6412563324],[319.606109619,-239.629928589,29.4974327087,242.696136475,-41.1415672302,-11.7052183151,35.0360488892,6.5625667572,-32.5546684265,24.1626720428,-15.7727012634,15.4576711655,-30.1252746582],[-208.869140625,171.064651489,-8.9115858078,-41.1415672302,216.531494141,27.790014267,14.6040115356,-9.58168888092,27.5226230621,-50.6275978088,23.2276210785,5.94689416885,22.7319869995],[-346.127380371,-9.13887786865,114.696044922,-11.7052183151,27.790014267,162.108459473,-8.26250648499,22.7731399536,-25.6168575287,3.49296545982,-8.41435909271,-1.5352101326,23.5031681061],[50.1504440308,-4.90114498138,-34.3035888672,35.0360488892,14.6040115356,-8.26250648499,92.7250900269,4.1605887413,14.0742235184,-0.0455942489207,3.07445287704,3.59527730942,-9.61062240601],[-41.9772415161,-48.2737846375,30.0356311798,6.5625667572,-9.58168888092,22.7731399536,4.1605887413,80.2624740601,29.2394008636,22.7007637024,3.03326630592,3.50766730309,-0.156386449933],[15.6548290253,63.7895469666,-27.7352523804,-32.5546684265,27.5226230621,-25.6168575287,14.0742235184,29.2394008636,80.873008728,26.0822143555,19.3006381989,5.04475069046,3.84436964989],[-6.27871084213,-62.8045730591,22.7872333527,24.1626720428,-50.6275978088,3.49296545982,-0.0455942489207,22.7007637024,26.0822143555,67.9639968872,21.4726276398,10.8868265152,-2.47327685356],[-82.2741851807,41.6553573608,-5.81380605698,-15.7727012634,23.2276210785,-8.41435909271,3.07445287704,3.03326630592,19.3006381989,21.4726276398,52.5167770386,25.2203731537,15.1959028244],[11.1067857742,-29.3409729004,-1.64037883282,15.4576711655,5.94689416885,-1.5352101326,3.59527730942,3.50766730309,5.04475069046,10.8868265152,25.2203731537,44.6533660889,19.4688396454],[-129.036972046,43.8272171021,17.6412563324,-30.1252746582,22.7319869995,23.5031681061,-9.61062240601,-0.156386449933,3.84436964989,-2.47327685356,15.1959028244,19.4688396454,46.2615356445]],"icov":[[0.00014151839423,-0.000447594065918,0.000801604473963,-0.000563919020351,0.000199921152671,-0.000240367648075,0.000346859451383,-0.000374752911739,0.000312419782858,-0.0004041986831,0.000604112807196,-0.000506542797666,0.000207712844713],[-0.000447594065918,0.00627211714163,-0.00357580021955,0.00478119868785,-0.00185595708899,0.00117252278142,-0.0019713297952,0.00426448509097,-0.00472308136523,0.00507202651352,-0.00653149094433,0.00678012892604,-0.00283656502143],[0.000801604473963,-0.00357580021955,0.0118395322934,-0.00517835933715,0.00123295432422,-0.00566196860746,0.00452797487378,-0.00427223974839,0.00403006980196,-0.00522049935535,0.00409976718947,-0.00215490604751,-0.000120304335724],[-0.000563919020351,0.00478119868785,-0.00517835933715,0.0112151065841,-0.0033267615363,0.00359376729466,-0.00492094550282,0.0023240481969,0.00189134606626,-0.00192926393356,0.000192312232684,-0.000710490508936,0.00194533984177],[0.000199921152671,-0.00185595708899,0.00123295432422,-0.0033267615363,0.0106788920239,-0.00452975230291,0.000773954612669,0.000829584663734,-0.00722203264013,0.0119895720854,-0.00691731180996,-0.00019220316608,0.000491156475618],[-0.000240367648075,0.00117252278142,-0.00566196860746,0.00359376729466,-0.00452975230291,0.013246698305,-0.00305158435367,-0.00284247356467,0.00695453770459,-0.00588550139219,0.00431723566726,0.00144944444764,-0.0053503215313],[0.000346859451383,-0.0019713297952,0.00452797487378,-0.00492094550282,0.000773954612669,-0.00305158435367,0.0145083842799,-0.0013372937683,-0.00261339335702,0.00105022848584,0.000213495004573,-0.00227950559929,0.00324599840678],[-0.000374752911739,0.00426448509097,-0.00427223974839,0.0023240481969,0.000829584663734,-0.00284247356467,-0.0013372937683,0.0207448266447,-0.0128099313006,0.0041232299991,-0.00411888863891,0.00282621895894,0.000334506999934],[0.000312419782858,-0.00472308136523,0.00403006980196,0.00189134606626,-0.00722203264013,0.00695453770459,-0.00261339335702,-0.0128099313006,0.0332652293146,-0.0230761952698,0.0102134970948,-0.00479346700013,-0.000865618407261],[-0.0004041986831,0.00507202651352,-0.00522049935535,-0.00192926393356,0.0119895720854,-0.00588550139219,0.00105022848584,0.0041232299991,-0.0230761952698,0.0458911694586,-0.0267814137042,0.00726904254407,0.00224180635996],[0.000604112807196,-0.00653149094433,0.00409976718947,0.000192312232684,-0.00691731180996,0.00431723566726,0.000213495004573,-0.00411888863891,0.0102134970948,-0.0267814137042,0.0490012802184,-0.0252472888678,-0.0000804997325758],[-0.000506542797666,0.00678012892604,-0.00215490604751,-0.000710490508936,-0.00019220316608,0.00144944444764,-0.00227950559929,0.00282621895894,-0.00479346700013,0.00726904254407,-0.0252472888678,0.0489789359272,-0.0201154090464],[0.000207712844713,-0.00283656502143,-0.000120304335724,0.00194533984177,0.000491156475618,-0.0053503215313,0.00324599840678,0.000334506999934,-0.000865618407261,0.00224180635996,-0.0000804997325758,-0.0201154090464,0.0380315929651]],"mean":[9.77949523926,111.089202881,-86.6005859375,-12.2290258408,8.52004337311,-6.68440294266,-7.93582010269,-10.4532575607,5.21882963181,-10.1184053421,-0.92420142889,-1.61946296692,-0.357074946165]},"hfc":{"dmean":150.64616394,"dmean2":242.982070923,"dvar":30476.7773438,"dvar2":72422.1796875,"max":2817.93286133,"mean":461.062011719,"median":406.232757568,"min":1.08436178526e-16,"var":93422.515625},"melbands":{"dmean":[0.00552753545344,0.00273657613434,0.000956598494668,0.000569685653318,0.000273603189271,0.000319032347761,0.000308399175992,0.000178572940058,0.000159219940542,0.000114634989586,0.0000868766655913,0.0000812079306343,0.0000873916142154,0.0000885694025783,0.0000466575656901,0.0000376745083486,0.0000329423091898,0.0000363817671314,0.0000438111674157,0.0000270208329312,0.0000196419041458,0.0000183514675882,0.0000116203254947,0.00000799337158242,0.00000523709968547,0.00000298558938994,0.00000173436865225,9.82166397989e-7,7.81122423632e-7,5.29573412678e-7,3.72913603996e-7,3.00152777299e-7,3.17208190381e-7,2.14153345723e-7,1.30946645527e-7,9.00638497114e-8,6.51582467981e-8,5.13262996549e-8,4.44918875075e-8,3.97462756041e-8],"dmean2":[0.00919384323061,0.00457017729059,0.00159613683354,0.000948659901042,0.000447730737505,0.000516749278177,0.000499913236126,0.000289277726552,0.000259990571067,0.000188292193343,0.000142361692269,0.000133331574034,0.000143286175444,0.000147558603203,0.0000785185111454,0.000063195839175,0.0000551402081328,0.0000598956212343,0.0000738208254916,0.000045157441491,0.0000329663453158,0.0000308969756588,0.000018971371901,0.000012959052583,0.00000838165760797,0.00000480173412143,0.00000271380054073,0.00000153307314577,0.00000125146959817,8.35495882257e-7,5.65924779039e-7,4.5077004529e-7,4.75675051348e-7,3.32649761958e-7,2.06113966783e-7,1.43254169416e-7,1.04765682352e-7,8.30729121049e-8,7.2025855502e-8,6.44288462581e-8],"dvar":[0.0000516017753398,0.00000899245151231,0.00000163163463185,0.00000110874827897,3.22665869135e-7,4.59633099581e-7,5.86378462231e-7,2.54547785516e-7,1.57367367137e-7,9.48873477569e-8,3.1775002185e-8,3.78107110066e-8,3.16935064859e-8,2.14446203017e-8,4.35882263616e-9,3.93670518406e-9,2.99613489574e-9,4.78727635311e-9,3.96082056042e-9,1.63675173415e-9,7.93239085528e-10,1.05679964779e-9,6.71833699784e-10,4.43441311448e-10,2.17720841356e-10,8.81258607754e-11,2.58657747998e-11,6.56147141828e-12,3.66984350894e-12,1.26001140945e-12,7.1022810029e-13,5.04028784855e-13,9.44875471268e-13,4.07966141338e-13,9.0095926596e-14,2.52141091616e-14,9.93159513776e-15,5.96276847681e-15,4.23832332213e-15,3.31067930808e-15],"dvar2":[0.000141230149893,0.0000245869359787,0.0000042521769501,0.00000286124009108,7.54768450406e-7,0.00000106985828552,0.00000141835187151,6.23343623829e-7,3.83832514217e-7,2.40005419982e-7,7.86311531442e-8,8.91875586717e-8,7.42059427239e-8,5.33179473905e-8,1.15165263992e-8,1.02521084955e-8,7.80306042003e-9,1.19755263484e-8,1.01857118295e-8,4.26166302248e-9,2.10130957079e-9,2.70469446839e-9,1.52226375949e-9,1.01806740815e-9,4.77354433759e-10,2.02754757428e-10,5.6622508765e-11,1.40342173646e-11,8.69117972035e-12,2.75275115202e-12,1.58280354969e-12,1.05403912595e-12,2.06370120645e-12,9.33485385345e-13,2.13859474834e-13,5.77906049837e-14,2.38567541102e-14,1.45403505317e-14,1.05921063478e-14,8.23093000956e-15],"max":[0.0846887230873,0.0364418812096,0.0276518184692,0.0248778536916,0.0267139431089,0.0222891941667,0.0201020538807,0.0133602274582,0.0121208038181,0.00696733407676,0.00509985396639,0.0107045238838,0.00474145216867,0.00517169293016,0.00119555846322,0.00261709163897,0.00146119704004,0.00286170979962,0.00182663602754,0.00149267492816,0.000573044584598,0.000761501141824,0.000877667451277,0.000674394657835,0.00057330634445,0.000218498549657,0.000159627990797,0.000116575181892,0.0000736062938813,0.0000369783265342,0.0000342827406712,0.0000337922610925,0.0000355388874596,0.0000237236254179,0.0000120902122944,0.00000554949110665,0.0000031233998925,0.00000265521657639,0.00000109838549633,0.00000113024736947],"mean":[0.00821846071631,0.00423826277256,0.00152093416546,0.000805604388006,0.000431327702245,0.000516553001944,0.00047751548118,0.000272367848083,0.000236932683038,0.00016894514556,0.00013324675092,0.000127408929984,0.000152647218783,0.000151450716658,0.0000857650884427,0.0000647760680295,0.0000583845030633,0.00006792457134,0.0000796036547399,0.0000515876781719,0.0000370939123968,0.0000313902746711,0.0000202542887564,0.000012531018001,0.00000841463679535,0.0000044820308176,0.00000280326685242,0.00000172004558863,0.00000135237814902,9.46965485582e-7,6.64796743877e-7,5.39898564966e-7,4.98087217693e-7,3.19456347597e-7,2.01997579552e-7,1.45469158497e-7,9.76811946884e-8,7.02072284753e-8,5.74932990105e-8,4.93457150696e-8],"median":[0.00557908322662,0.00320631917566,0.000969586195424,0.000408415129641,0.000243556132773,0.000259417953203,0.000177533263923,0.0000934377021622,0.0000941250909818,0.000065878026362,0.0000705819475115,0.0000623726446065,0.000078073629993,0.000104521292087,0.0000650697329547,0.0000456194939034,0.0000392457150156,0.0000431494227087,0.0000575276972086,0.0000386860010622,0.0000288531318802,0.0000226833108172,0.0000128869560285,0.00000498200188304,0.00000308578819386,0.00000126250290577,8.40462405449e-7,6.26375765478e-7,4.7969768957e-7,3.64892940752e-7,2.56593096992e-7,1.91655374238e-7,1.51188942255e-7,1.14761803616e-7,8.95481164775e-8,7.23656086166e-8,5.21426137823e-8,3.73839199597e-8,3.00245552864e-8,2.54232404018e-8],"min":[2.26954888002e-24,4.70860917742e-25,1.05042430443e-24,1.11444934018e-24,1.27460940318e-24,1.12298954834e-24,1.82805853567e-24,1.99596895986e-24,1.41931785042e-24,1.33629398724e-24,1.35550600433e-24,1.83337526096e-24,1.85965063999e-24,2.78978036169e-24,3.98563807653e-24,3.22561634828e-24,1.48565276951e-24,1.50239131323e-24,2.1634579351e-24,3.46171847291e-24,3.8680492867e-24,2.78736684175e-24,3.41455721255e-24,3.39081289373e-24,4.4877571146e-24,3.98435065553e-24,5.39952885974e-24,4.9723003317e-24,4.94660239886e-24,4.89629476678e-24,5.11974987337e-24,4.82245620276e-24,5.92617082234e-24,6.47206651306e-24,4.07713016431e-24,5.54349005849e-24,6.06108378651e-24,5.89574485166e-24,5.59550478556e-24,6.46106111457e-24],"var":[0.0000770275582909,0.0000143462830238,0.00000294793289868,0.00000163511390383,7.55493886118e-7,0.00000102598824014,0.00000131799856717,4.56405786053e-7,2.89188562874e-7,1.50241504571e-7,4.97276317901e-8,6.51486402603e-8,9.0904507033e-8,3.87348357833e-8,6.96341073692e-9,5.76336800506e-9,5.05256814165e-9,8.3734184031e-9,7.38065253358e-9,2.80367573602e-9,1.22336052399e-9,1.47630574432e-9,1.14417830765e-9,7.41380790092e-10,3.90103893633e-10,1.40769021439e-10,4.44996609006e-11,1.21545846304e-11,6.54097435937e-12,2.82045328932e-12,1.54497562747e-12,1.2205536061e-12,1.57988813004e-12,5.92994457791e-13,1.44305574434e-13,5.04203815743e-14,1.80776075533e-14,9.04145075459e-15,6.014859309e-15,4.40589566174e-15]},"melbands_crest":{"dmean":4.7554602623,"dmean2":7.89142084122,"dvar":14.6775045395,"dvar2":39.4707260132,"max":37.2436790466,"mean":18.2807712555,"median":17.7713222504,"min":1.49445331097,"var":37.9635734558},"melbands_flatness_db":{"dmean":0.0376471504569,"dmean2":0.0595711581409,"dvar":0.000920221093111,"dvar2":0.00230785133317,"max":0.548973619938,"mean":0.276186406612,"median":0.273772060871,"min":0.00172496109735,"var":0.00359130930156},"melbands_kurtosis":{"dmean":8.62883758545,"dmean2":13.9351921082,"dvar":134.363479614,"dvar2":325.921813965,"max":261.795013428,"mean":14.1370992661,"median":8.84167766571,"min":-1.5062584877,"var":298.845123291},"melbands_skewness":{"dmean":0.96055150032,"dmean2":1.53640079498,"dvar":0.740872502327,"dvar2":1.86449682713,"max":13.300491333,"mean":3.11869335175,"median":2.84899687767,"min":-0.592874765396,"var":2.49126029015},"melbands_spread":{"dmean":5.61427307129,"dmean2":9.09884548187,"dvar":30.2797355652,"dvar2":76.682258606,"max":166.239761353,"mean":15.9217805862,"median":14.0183000565,"min":0.560136079788,"var":148.377426147},"mfcc":{"cov":[[6842.03417969,184.448989868,-501.634765625,537.40032959,-258.40927124,-83.277633667,-133.146499634,37.0175857544,-52.0396766663,87.4668197632,41.6012992859,-11.3948078156,3.32367515564],[184.448989868,1015.68109131,-184.437484741,-166.839767456,170.151321411,15.6148700714,-21.8747844696,31.6725692749,38.9820861816,-34.9421806335,-0.656775355339,33.6464691162,-17.0291080475],[-501.634765625,-184.437484741,301.937347412,-46.6587409973,-4.66206884384,28.9464492798,34.4691123962,-30.0269908905,12.9018325806,1.99978685379,1.26156520844,-7.14489173889,5.86944103241],[537.40032959,-166.839767456,-46.6587409973,222.084854126,-47.8216743469,-2.28753304482,-1.15057969093,9.91660499573,-29.333360672,23.941942215,0.563973486423,-1.19627475739,8.25922584534],[-258.40927124,170.151321411,-4.66206884384,-47.8216743469,178.01335144,35.5359725952,20.7180500031,28.040397644,25.3392124176,-31.6613483429,-1.15711581707,14.2920742035,1.18547058105],[-83.277633667,15.6148700714,28.9464492798,-2.28753304482,35.5359725952,90.2384643555,44.4223518372,12.4079504013,6.20291948318,-8.09235095978,-15.6498346329,-6.31704521179,2.85146856308],[-133.146499634,-21.8747844696,34.4691123962,-1.15057969093,20.7180500031,44.4223518372,74.9740524292,27.173915863,0.896021306515,-2.24731969833,-12.11947155,-12.0201015472,-0.0886189043522],[37.0175857544,31.6725692749,-30.0269908905,9.91660499573,28.040397644,12.4079504013,27.173915863,58.7904701233,22.7804679871,-1.35352361202,2.9470949173,-0.861082553864,-0.926845908165],[-52.0396766663,38.9820861816,12.9018325806,-29.333360672,25.3392124176,6.20291948318,0.896021306515,22.7804679871,53.0020065308,15.442191124,7.88597679138,9.99465656281,-0.969079613686],[87.4668197632,-34.9421806335,1.99978685379,23.941942215,-31.6613483429,-8.09235095978,-2.24731969833,-1.35352361202,15.442191124,53.7425842285,22.3195304871,4.49829626083,5.73560619354],[41.6012992859,-0.656775355339,1.26156520844,0.563973486423,-1.15711581707,-15.6498346329,-12.11947155,2.9470949173,7.88597679138,22.3195304871,50.275642395,20.2226791382,5.08485603333],[-11.3948078156,33.6464691162,-7.14489173889,-1.19627475739,14.2920742035,-6.31704521179,-12.0201015472,-0.861082553864,9.99465656281,4.49829626083,20.2226791382,50.0269088745,18.9483261108],[3.32367515564,-17.0291080475,5.86944103241,8.25922584534,1.18547058105,2.85146856308,-0.0886189043522,-0.926845908165,-0.969079613686,5.73560619354,5.08485603333,18.9483261108,42.7415351868]],"icov":[[0.000226227901294,-0.000151495201862,0.000211287027923,-0.000598954502493,0.000358277291525,-0.0000776501838118,0.000189784448594,0.0000524184179085,-0.000316334830131,0.000214198138565,-0.00032592957723,0.000331843475578,-0.000138707313454],[-0.000151495201862,0.00173429946881,0.000921335536987,0.00168052827939,-0.00142970250454,-0.000420511176344,0.000518557673786,-0.000384258455597,0.000527466239873,-0.000755704008043,0.000747900980059,-0.00122942856979,0.00088137871353],[0.000211287027923,0.000921335536987,0.00565915741026,0.000241485002334,0.000265865615802,-0.000482491974253,-0.00403820816427,0.0062087927945,-0.00504045840353,0.00253864564002,-0.0026175074745,0.00150873628445,-0.00113448395859],[-0.000598954502493,0.00168052827939,0.000241485002334,0.00903401151299,-0.0012521375902,-0.00144702498801,0.00255670654587,-0.00585309555754,0.00842409580946,-0.00680931704119,0.00383322034031,-0.00335869891569,0.00108463596553],[0.000358277291525,-0.00142970250454,0.000265865615802,-0.0012521375902,0.00996716879308,-0.00215371022932,-0.00162219209597,-0.000221649257583,-0.00544008053839,0.00765565829352,-0.00346598215401,-0.000217237044126,-0.00117499998305],[-0.0000776501838118,-0.000420511176344,-0.000482491974253,-0.00144702498801,-0.00215371022932,0.0178443454206,-0.0108962990344,0.00411822227761,-0.00422356184572,0.00195189064834,0.00233822595328,0.000937516568229,-0.00193113856949],[0.000189784448594,0.000518557673786,-0.00403820816427,0.00255670654587,-0.00162219209597,-0.0108962990344,0.0305459536612,-0.0200266242027,0.014252178371,-0.00999524723738,0.00713966786861,-0.000156067471835,0.00153755827341],[0.0000524184179085,-0.000384258455597,0.0062087927945,-0.00585309555754,-0.000221649257583,0.00411822227761,-0.0200266242027,0.0408710949123,-0.0260687191039,0.0145791303366,-0.0110101392493,0.00726449862123,-0.00376073503867],[-0.000316334830131,0.000527466239873,-0.00504045840353,0.00842409580946,-0.00544008053839,-0.00422356184572,0.014252178371,-0.0260687191039,0.0457310788333,-0.0242030229419,0.0111422743648,-0.0110916960984,0.0070723677054],[0.000214198138565,-0.000755704008043,0.00253864564002,-0.00680931704119,0.00765565829352,0.00195189064834,-0.00999524723738,0.0145791303366,-0.0242030229419,0.0405429117382,-0.0195125583559,0.00829748995602,-0.00674411747605],[-0.00032592957723,0.000747900980059,-0.0026175074745,0.00383322034031,-0.00346598215401,0.00233822595328,0.00713966786861,-0.0110101392493,0.0111422743648,-0.0195125583559,0.0355545319617,-0.0147195179015,0.00482498668134],[0.000331843475578,-0.00122942856979,0.00150873628445,-0.00335869891569,-0.000217237044126,0.000937516568229,-0.000156067471835,0.00726449862123,-0.0110916960984,0.00829748995602,-0.0147195179015,0.0343214906752,-0.0148024344817],[-0.000138707313454,0.00088137871353,-0.00113448395859,0.00108463596553,-0.00117499998305,-0.00193113856949,0.00153755827341,-0.00376073503867,0.0070723677054,-0.00674411747605,0.00482498668134,-0.0148024344817,0.0308412667364]],"mean":[-656.036865234,180.265396118,-23.1462230682,18.2281169891,23.9475822449,16.7378787994,1.02415192127,11.3031539917,6.81821203232,1.19371414185,1.13946759701,6.05501270294,4.89610815048]},"pitch_salience":{"dmean":0.0864201262593,"dmean2":0.141033560038,"dvar":0.00495517533273,"dvar2":0.012960197404,"max":0.957767665386,"mean":0.514036595821,"median":0.523566126823,"min":0.111025609076,"var":0.0131832361221},"silence_rate_20dB":{"dmean":0,"dmean2":0,"dvar":0,"dvar2":0,"max":1,"mean":1,"median":1,"min":1,"var":0},"silence_rate_30dB":{"dmean":0.144077375531,"dmean2":0.288172841072,"dvar":0.123310826719,"dvar2":0.267285495996,"max":1,"mean":0.788293659687,"median":1,"min":0,"var":0.166895776987},"silence_rate_60dB":{"dmean":0.00150734838098,"dmean2":0.00301488605328,"dvar":0.00150505895726,"dvar2":0.00325696822256,"max":1,"mean":0.0299566667527,"median":0,"min":0,"var":0.0290590599179},"spectral_centroid":{"dmean":180.43838501,"dmean2":284.341583252,"dvar":35140.4609375,"dvar2":76376.375,"max":11744.4619141,"mean":1045.06628418,"median":952.229003906,"min":189.000839233,"var":622119.5},"spectral_complexity":{"dmean":3.2505967617,"dmean2":5.11035728455,"dvar":8.27352142334,"dvar2":18.4424324036,"max":57,"mean":25.5392818451,"median":27,"min":0,"var":74.5206298828},"spectral_contrast_coeffs":{"dmean":[0.0541506893933,0.0497452318668,0.036482475698,0.0266064442694,0.0306839607656,0.0273306444287],"dmean2":[0.091203853488,0.0838168114424,0.0615133754909,0.0452304780483,0.049978248775,0.043014742434],"dvar":[0.00182154856157,0.00152428133879,0.000818276836071,0.000425520323915,0.000723016273696,0.000597734004259],"dvar2":[0.0050737420097,0.00425681192428,0.00231894035824,0.00122460280545,0.00182500795927,0.00141306535807],"max":[-0.416089326143,-0.454010099173,-0.567240476608,-0.6312520504,-0.604994654655,-0.644041895866],"mean":[-0.708793282509,-0.771689295769,-0.809976458549,-0.811305224895,-0.771915793419,-0.798412680626],"median":[-0.712725639343,-0.779450237751,-0.815380752087,-0.812831997871,-0.770921349525,-0.806324362755],"min":[-0.995015025139,-0.982295334339,-0.97924220562,-0.970348119736,-0.966985225677,-0.964072704315],"var":[0.00478772399947,0.00416823569685,0.00223951344378,0.00113956886344,0.00251435721293,0.00311749009416]},"spectral_contrast_valleys":{"dmean":[0.371657043695,0.338486284018,0.27899491787,0.226513966918,0.328557729721,0.534796714783],"dmean2":[0.6280605793,0.564564526081,0.461139559746,0.368067145348,0.508333683014,0.839893043041],"dvar":[0.0901821926236,0.0776072442532,0.0577229596674,0.0455891080201,0.120466522872,0.21069099009],"dvar2":[0.238796904683,0.195719361305,0.135582894087,0.096846729517,0.261785596609,0.53933095932],"max":[-4.92902755737,-4.38930749893,-5.14300203323,-5.39629602432,-5.522377491,-8.72786331177],"mean":[-6.4644742012,-6.37109470367,-6.67218780518,-6.93479824066,-7.94773817062,-10.9001054764],"median":[-6.23999834061,-6.16195678711,-6.44919300079,-6.66273260117,-7.71058750153,-10.7049694061],"min":[-28.1188659668,-27.8341369629,-27.8307094574,-27.6275348663,-27.4433860779,-27.4219913483],"var":[2.86284208298,2.94543027878,2.77540278435,2.81148028374,2.9170923233,2.20633411407]},"spectral_decrease":{"dmean":6.49330766933e-9,"dmean2":1.07136548522e-8,"dvar":5.64394464019e-17,"dvar2":1.51437076642e-16,"max":2.86156431883e-8,"mean":-9.51156842177e-9,"median":-7.82863462945e-9,"min":-8.77295960322e-8,"var":9.79661895531e-17},"spectral_energy":{"dmean":0.0239888522774,"dmean2":0.039594784379,"dvar":0.000734259258024,"dvar2":0.00200560991652,"max":0.364372521639,"mean":0.0777181535959,"median":0.0754467174411,"min":1.00161636319e-20,"var":0.00182610540651},"spectral_energyband_high":{"dmean":0.00026578316465,"dmean2":0.000416426279116,"dvar":8.30862703083e-8,"dvar2":1.86328321661e-7,"max":0.00843282788992,"mean":0.000942700309679,"median":0.000877103710081,"min":7.18872135773e-21,"var":3.76495904675e-7},"spectral_energyband_low":{"dmean":0.0206667408347,"dmean2":0.0344691462815,"dvar":0.000604775559623,"dvar2":0.00167302717455,"max":0.280933439732,"mean":0.0362069047987,"median":0.0285757519305,"min":1.62913708212e-23,"var":0.000965191109572},"spectral_energyband_middle_high":{"dmean":0.0021567249205,"dmean2":0.00335720740259,"dvar":0.00000901989096747,"dvar2":0.0000213289094972,"max":0.0760802328587,"mean":0.00700467685238,"median":0.00554822431877,"min":1.033246732e-21,"var":0.0000321406841977},"spectral_energyband_middle_low":{"dmean":0.00553554389626,"dmean2":0.00893371086568,"dvar":0.0000563736903132,"dvar2":0.000141639131471,"max":0.141885668039,"mean":0.0135672893375,"median":0.00938415527344,"min":9.02091475202e-23,"var":0.000177515219548},"spectral_entropy":{"dmean":0.145375534892,"dmean2":0.225924551487,"dvar":0.017840526998,"dvar2":0.0429827272892,"max":9.82000255585,"mean":7.45810317993,"median":7.45665884018,"min":6.14798402786,"var":0.100724108517},"spectral_flux":{"dmean":0.0315807163715,"dmean2":0.052702203393,"dvar":0.000977794523351,"dvar2":0.00256590056233,"max":0.479981005192,"mean":0.151478499174,"median":0.152375355363,"min":6.44160697005e-11,"var":0.00329371425323},"spectral_kurtosis":{"dmean":7.32371282578,"dmean2":11.4205102921,"dvar":63.6752967834,"dvar2":162.70098877,"max":133.60836792,"mean":28.3462142944,"median":26.1798362732,"min":-1.25034451485,"var":152.102798462},"spectral_rms":{"dmean":0.00127069058362,"dmean2":0.00207621720619,"dvar":0.0000014792985894,"dvar2":0.00000400209864893,"max":0.0188543200493,"mean":0.00827794428915,"median":0.00857942644507,"min":3.12599859192e-12,"var":0.00000729857629267},"spectral_rolloff":{"dmean":3831.29907227,"dmean2":7433.79736328,"dvar":54425760,"dvar2":139581760,"max":22050,"mean":18556.7402344,"median":21791.6015625,"min":43.06640625,"var":51699540},"spectral_skewness":{"dmean":0.495908796787,"dmean2":0.767522573471,"dvar":0.258945226669,"dvar2":0.641496539116,"max":9.51117324829,"mean":3.81081056595,"median":3.71978831291,"min":-0.0858818143606,"var":0.887479126453},"spectral_spread":{"dmean":506622.5625,"dmean2":798306.8125,"dvar":422459932672,"dvar2":830301077504,"max":48763188,"mean":3834400.25,"median":3556183.25,"min":1424314,"var":7547211743230},"spectral_strongpeak":{"dmean":13.9712381363,"dmean2":25.5255374908,"dvar":1091.96887207,"dvar2":2744.70483398,"max":295.441986084,"mean":12.5912294388,"median":0.320620566607,"min":0,"var":1301.89538574},"zerocrossingrate":{"dmean":0.0508673638105,"dmean2":0.0662037432194,"dvar":0.00173268117942,"dvar2":0.00282537611201,"max":0.90625,"mean":0.34486451745,"median":0.333984375,"min":0.03173828125,"var":0.0103214429691}},"metadata":{"audio_properties":{"analysis_sample_rate":44100,"bit_rate":320000,"codec":"mp3","downmix":"mix","equal_loudness":0,"length":369.685974121,"lossless":false,"md5_encoded":"d1fb75ceb078282d0a5fa0e11db47784","replay_gain":-8.70927429199,"sample_rate":44100},"tags":{"album":["The Devil You Know"],"albumartist":["Heaven & Hell"],"albumartistsort":["Heaven & Hell","Heaven & Hell"],"albumsort":["Devil You Know, The"],"artist":["Heaven & Hell"],"artistsort":["Heaven & Hell"],"asin":["B001UREJWM"],"barcode":["081227986810"],"catalognumber":["R2 518862"],"composer":["Geezer Butler/Tony Iommi/Ronnie James Dio"],"date":["2009"],"discnumber":["1/1"],"file_name":"08. Heaven & Hell - Follow the Tears.mp3","genre":["Heavy Metal"],"label":["Rhino"],"language":["eng"],"media":["CD"],"musicbrainz album release country":["US"],"musicbrainz album status":["official"],"musicbrainz album type":["album"],"musicbrainz_albumartistid":["484a1d40-0fb9-4768-acff-b570cedaacb4"],"musicbrainz_albumid":["b6b40801-81fa-3254-93da-50370da4278e"],"musicbrainz_artistid":["484a1d40-0fb9-4768-acff-b570cedaacb4"],"musicbrainz_recordingid":["5a4109bc-4fd9-493e-8084-2d3131677ee4"],"script":["Latn"],"title":["Follow the Tears"],"tracknumber":["8/10"]},"version":{"essentia":"2.1-beta1","essentia_build_sha":"ca57ba49d9b1854bd80e60cf9ccf267278fb7d6b","essentia_git_sha":"v2.1_beta1-28-g21ef5f4-dirty","extractor":"music 1.0"}},"rhythm":{"beats_count":835,"beats_loudness":{"dmean":0.0340465828776,"dmean2":0.0601859949529,"dvar":0.00104734709021,"dvar2":0.00313613307662,"max":0.236681446433,"mean":0.0816663205624,"median":0.078911177814,"min":0,"var":0.00172812538221},"beats_loudness_band_ratio":{"dmean":[0.201713189483,0.0657730847597,0.0541509464383,0.0452497340739,0.0287050753832,0.126727119088],"dmean2":[0.341389268637,0.114882864058,0.0934416428208,0.0776298195124,0.0500153973699,0.218982607126],"dvar":[0.0227593947202,0.0054322918877,0.00486490176991,0.00181605864782,0.000676456897054,0.0098790070042],"dvar2":[0.064382776618,0.0157233234495,0.0137550234795,0.00533835263