{"lowlevel":{"average_loudness":0.355091452599,"barkbands":{"dmean":[0.0000114854829008,0.00119800271932,0.000962115824223,0.00198926893063,0.00154843227938,0.000886007095687,0.00107649352867,0.000493952131364,0.00074519374175,0.000298391911201,0.000327213550918,0.000411998073105,0.000309444323648,0.00027902709553,0.000196008622879,0.000175894645508,0.000213486884604,0.00016398759908,0.000117704759759,0.0000838253981783,0.000061422586441,0.0000561940396437,0.0000494980558869,0.0000255639515672,0.000019334951503,0.00000546723822481,0.00000298778036267],"dmean2":[0.0000188143349078,0.00203816848807,0.00167219503783,0.00332280178554,0.00257393461652,0.00145253597293,0.00173978030216,0.000757860543672,0.00112414301839,0.000462840835098,0.000525388226379,0.000677939679008,0.000498364155646,0.000466634752229,0.000322903535562,0.000285763759166,0.000351077469531,0.000266279646894,0.000190789360204,0.000132560759084,0.0000908092188183,0.0000794456136646,0.0000738411254133,0.0000377268479497,0.0000285101123154,0.0000080851259554,0.00000457942087451],"dvar":[7.26196158762e-10,0.0000168582701008,0.00000760254215493,0.0000735326684662,0.0000207202156162,0.00000523454991708,0.000010627219126,0.00000284294696939,0.00000495034055348,4.07509702427e-7,6.11315101651e-7,0.00000128105034491,6.12894154983e-7,3.71966848434e-7,2.75175693787e-7,1.78685340302e-7,1.7152913756e-7,1.41282967547e-7,8.2574587168e-8,5.44878737685e-8,4.30956426101e-8,3.29662164233e-8,3.19640847124e-8,2.22000089423e-8,2.8374421035e-8,7.39285799245e-10,1.49901702162e-10],"dvar2":[1.86816029313e-9,0.0000440326075477,0.0000213727598748,0.000191400016774,0.0000567306960875,0.0000140257870953,0.0000286192371277,0.00000670289864502,0.0000126766335597,9.75000148173e-7,0.00000155134193847,0.000003727622925,0.00000155205884766,9.73256874204e-7,6.55255973925e-7,4.30278447539e-7,4.57207221416e-7,3.4253153558e-7,1.94459758518e-7,1.29291819917e-7,8.92846756528e-8,6.48542339832e-8,7.26596169898e-8,4.56842528251e-8,6.47903490858e-8,1.6207013509e-9,3.41557060413e-10],"max":[0.000382601108868,0.0456971973181,0.0347723178566,0.113607093692,0.057946164161,0.0366804227233,0.0831614211202,0.0625309795141,0.0527184829116,0.0275277607143,0.0216079000384,0.0302410405129,0.0209013167769,0.0186614412814,0.0256918314844,0.0159661695361,0.00656804163009,0.00768051948398,0.00635920278728,0.00467374827713,0.00522398483008,0.00377621292137,0.00469619501382,0.0077613000758,0.00988850183785,0.00123788183555,0.000232631136896],"mean":[0.0000212130235013,0.00171426869929,0.00126731023192,0.00207730568945,0.00239922758192,0.00142516754568,0.00181605608668,0.000839259300847,0.00140254246071,0.000514762301464,0.000514228246175,0.000660386518575,0.000536696054041,0.000466575787868,0.000340680708177,0.00031139771454,0.000428435247159,0.000291977310553,0.000223946670303,0.000159562434419,0.000109480155515,0.000101675883343,0.0000837125990074,0.0000428263119829,0.0000307437112497,0.00000755548671805,0.00000310213863486],"median":[0.0000130561420519,0.000970685388893,0.000458777765743,0.000262838293565,0.00060436030617,0.000533006852493,0.000419460062403,0.000162397438544,0.000411278917454,0.000179136230145,0.000139376585139,0.000161516712978,0.000188875565073,0.000197631830815,0.000131553271785,0.0000912797477213,0.000154304725584,0.0000899713049876,0.0000755387445679,0.0000330801049131,0.0000213438506762,0.0000118851457955,0.00000849395109981,0.00000440609528596,0.00000370137604477,9.90104012999e-7,1.46022429703e-7],"min":[1.77250796146e-25,1.42706939489e-24,1.54261984209e-25,5.72190988486e-25,5.95307926225e-24,9.20430597982e-24,5.2759778592e-24,6.04284413909e-24,8.15813836884e-24,8.25369151256e-24,9.04781885319e-24,1.51474846433e-23,2.73049371757e-23,2.1696349132e-23,4.05905475773e-23,5.41774586685e-23,5.70166826624e-23,9.2974104993e-23,1.041631503e-22,1.43902983967e-22,2.09529269305e-22,3.35546239574e-22,3.47830684512e-22,5.44728675138e-22,8.42901991927e-22,1.24759243258e-21,1.91884737921e-21],"var":[9.39006872258e-10,0.0000133361490953,0.00000649066805636,0.0000634935859125,0.0000249867862294,0.00000724417259335,0.000024067967388,0.00000649595813229,0.0000110362452688,0.0000014034171727,0.00000123291442833,0.00000238186112256,0.00000146944148582,8.05900299383e-7,6.44029057639e-7,4.69292189109e-7,4.63205907408e-7,2.71285557574e-7,1.62102864465e-7,1.35818268632e-7,8.26354806804e-8,6.81505056832e-8,5.76618788273e-8,4.448008184e-8,3.9157473708e-8,9.90086124197e-10,1.73786970925e-10]},"barkbands_crest":{"dmean":2.33286952972,"dmean2":3.78720855713,"dvar":5.38229417801,"dvar2":14.0726852417,"max":25.586359024,"mean":9.29641056061,"median":8.39139938354,"min":2.47771787643,"var":16.0397415161},"barkbands_flatness_db":{"dmean":0.0174739696085,"dmean2":0.0269766189158,"dvar":0.00031363411108,"dvar2":0.00077029253589,"max":0.406977295876,"mean":0.141487583518,"median":0.131369650364,"min":0.0188356395811,"var":0.00310242688283},"barkbands_kurtosis":{"dmean":1.94212377071,"dmean2":3.10032582283,"dvar":35.9744644165,"dvar2":69.3773880005,"max":472.370697021,"mean":2.90206098557,"median":0.797846317291,"min":-1.80420148373,"var":127.992294312},"barkbands_skewness":{"dmean":0.420125097036,"dmean2":0.656588971615,"dvar":0.204409047961,"dvar2":0.49009847641,"max":16.7081184387,"mean":1.03540623188,"median":0.945829153061,"min":-2.82045459747,"var":1.3928527832},"barkbands_spread":{"dmean":4.14912033081,"dmean2":6.57824516296,"dvar":26.7462749481,"dvar2":66.7960891724,"max":123.087356567,"mean":20.3170070648,"median":18.4985198975,"min":0.375724047422,"var":148.976379395},"dissonance":{"dmean":0.0194433163851,"dmean2":0.0325286574662,"dvar":0.000404236256145,"dvar2":0.00108042324428,"max":0.5,"mean":0.451032578945,"median":0.459803372622,"min":0.194131299853,"var":0.00145144294947},"dynamic_complexity":4.60191345215,"erbbands":{"dmean":[0.0219297353178,0.317719340324,1.03167331219,3.89636015892,5.91980266571,4.84788894653,7.0651717186,7.24562215805,12.259478569,15.2738466263,13.035446167,15.9297399521,9.66145133972,8.53348255157,12.4894628525,15.2296066284,13.9034366608,12.6569824219,11.0922212601,9.50969791412,9.74313735962,12.0085725784,9.14158630371,7.00738668442,4.88294219971,4.02547311783,3.04646801949,1.99821281433,2.01849222183,2.36235284805,1.01421713829,0.515918791294,0.461838752031,0.261687040329,0.117309316993,0.0287645608187,0.00935486331582,0.00236809905618,0.000516599451657,0.0000454141809314],"dmean2":[0.0368849039078,0.544179260731,1.77839815617,6.38824462891,9.87742042542,7.85497808456,11.9508666992,11.6833209991,20.138086319,24.0274848938,19.7905101776,23.8975505829,14.7667856216,13.3904085159,20.2006607056,25.1092529297,22.3739891052,20.9949474335,17.9238624573,15.7310142517,15.9451713562,19.6509151459,14.7934331894,11.4489221573,7.64848613739,6.34718227386,4.61379480362,2.92865896225,2.89975357056,3.54560041428,1.44358289242,0.753167629242,0.700174152851,0.384650021791,0.176916003227,0.0417072884738,0.0139196328819,0.0035898075439,0.000798265158664,0.0000685035047354],"dvar":[0.00528651522473,1.18465137482,8.83044147491,227.524200439,482.039825439,156.023849487,577.284118652,293.81817627,1353.20581055,3216.02905273,2919.45654297,2339.73706055,407.215057373,320.715545654,769.951965332,1968.32824707,1090.72070313,1013.85449219,829.47442627,449.834777832,558.747131348,574.753967285,398.522949219,298.756835938,159.278747559,131.479370117,101.002922058,48.1711006165,43.4084701538,87.9898452759,12.2182846069,5.320540905,10.057311058,4.55967950821,1.13983690739,0.0370456501842,0.00176102947444,0.000108542801172,0.00000458450949736,2.84351049373e-8],"dvar2":[0.0134187284857,3.13177704811,24.5974502563,579.493652344,1260.078125,407.008117676,1609.45678711,757.792541504,3690.85742188,8655.73046875,6563.61865234,6073.77050781,971.54309082,767.4453125,2043.76074219,5691.78271484,2714.69555664,2844.81933594,1814.02282715,1108.72460938,1352.1965332,1508.70849609,979.936340332,745.894958496,365.705718994,312.712371826,215.336502075,103.33379364,87.462272644,205.857330322,25.9559650421,11.8640794754,20.4114818573,9.46839618683,2.80094790459,0.0865871682763,0.00385913532227,0.000244753464358,0.0000108234735308,6.17881070752e-8],"max":[0.932398498058,11.6631193161,38.9524154663,224.612350464,304.072296143,232.788665771,347.437438965,435.526184082,794.071960449,1554.27075195,1963.90185547,1271.26379395,725.315979004,774.032409668,827.520019531,1242.96984863,1055.28735352,1073.84057617,1328.92370605,695.118164063,992.37487793,374.882904053,406.43649292,370.531280518,224.191833496,236.151382446,210.895187378,166.591262817,139.011062622,252.769805908,93.491394043,98.0933685303,162.32611084,105.690391541,66.6121520996,10.0599565506,1.29240822792,0.291254341602,0.037235096097,0.00381960999221],"mean":[0.0344353951514,0.440283179283,1.44068920612,4.41382217407,7.47941732407,8.08634567261,9.97972393036,12.3836069107,20.2697868347,27.5198554993,23.9143505096,30.9441947937,17.8992214203,16.6082782745,20.7923660278,26.4714641571,25.9797935486,23.041021347,20.3831939697,17.507818222,18.9471702576,25.0204620361,18.1305904388,12.8879737854,10.1097412109,7.88505887985,5.39119005203,3.47805047035,3.65354704857,4.04501199722,1.74736261368,0.886585712433,0.738530516624,0.430887848139,0.173858776689,0.0436333455145,0.0119300270453,0.00271120690741,0.000539546774235,0.0000607009824307],"median":[0.0173613987863,0.243104338646,0.683093190193,0.999861836433,1.45861911774,2.14351224899,3.19623947144,4.62414312363,5.31184577942,6.32348155975,5.98997354507,8.79979801178,7.72843933105,7.25433969498,7.41898441315,7.16264629364,9.42130470276,9.68002891541,9.56661224365,7.3093214035,6.09770107269,8.910572052,6.24659442902,4.93308877945,2.84458851814,1.61945295334,1.02801942825,0.630392074585,0.453601062298,0.387374401093,0.185222834349,0.0921611338854,0.0695531219244,0.0465879105031,0.0208349823952,0.00624778494239,0.00140644377097,0.000234940409428,0.0000347017339664,0.0000173284552147],"min":[4.33089685676e-23,3.12134236302e-22,8.75545333864e-22,5.57933525115e-21,8.88796117003e-21,2.40487915854e-20,3.98063253762e-20,8.59289114369e-20,9.14641391399e-20,6.62317764981e-20,2.5901671957e-19,2.01050435483e-19,3.80707834825e-19,5.31260419026e-19,7.28302027068e-19,9.02910341801e-19,1.43369373611e-18,1.16276861425e-18,2.34588545797e-18,2.32199027803e-18,2.56489331247e-18,4.21094488794e-18,5.02000280045e-18,4.78890756246e-18,6.32175347404e-18,8.15882897029e-18,7.66678058291e-18,8.11085745784e-18,1.07744443775e-17,1.06365426161e-17,9.653850394e-18,1.06304934443e-17,9.58106511754e-18,7.71466855011e-18,6.37138637874e-18,4.21436197105e-18,2.24985351117e-18,9.65901489615e-19,2.41886300222e-19,2.66857335183e-20],"var":[0.00468788389117,0.915198624134,7.27051591873,208.363006592,454.380828857,315.942047119,573.102844238,506.067077637,2834.28027344,7668.21972656,6592.81982422,5630.14990234,1160.14953613,1199.5480957,1457.78479004,3788.77612305,2940.68774414,1931.89831543,2478.59936523,951.881958008,1673.67443848,1541.93640137,877.456726074,494.528381348,376.349304199,353.54309082,187.950668335,84.8588256836,87.1436767578,144.970916748,25.0575122833,10.8991708755,19.0331707001,8.09883308411,1.18205463886,0.0443795770407,0.00234537036158,0.000130692307721,0.00000496526035931,3.62753524996e-8]},"erbbands_crest":{"dmean":2.56323337555,"dmean2":4.1146235466,"dvar":5.76892518997,"dvar2":14.2406044006,"max":31.5881099701,"mean":9.43613147736,"median":8.31328678131,"min":2.28812122345,"var":21.3258285522},"erbbands_flatness_db":{"dmean":0.0161614641547,"dmean2":0.0232273824513,"dvar":0.000272353790933,"dvar2":0.000515392748639,"max":0.449275076389,"mean":0.179573863745,"median":0.176360875368,"min":0.0246504414827,"var":0.00281138042919},"erbbands_kurtosis":{"dmean":0.880914211273,"dmean2":1.38311159611,"dvar":2.57516932487,"dvar2":5.5905456543,"max":77.0215606689,"mean":0.577040314674,"median":-0.0472636148334,"min":-1.6997256279,"var":7.29386711121},"erbbands_skewness":{"dmean":0.331084519625,"dmean2":0.511572301388,"dvar":0.0985458046198,"dvar2":0.229416206479,"max":7.71992397308,"mean":0.216115787625,"median":0.167699456215,"min":-2.9914495945,"var":0.614747107029},"erbbands_spread":{"dmean":5.73369264603,"dmean2":8.82427120209,"dvar":39.1968460083,"dvar2":86.7631454468,"max":128.860031128,"mean":30.0717887878,"median":27.5824642181,"min":1.08418047428,"var":204.155212402},"gfcc":{"cov":[[36990.546875,1698.4901123,-4031.46826172,1395.43676758,-2004.98181152,330.546142578,-1212.49108887,124.196022034,-501.043426514,-2.62363910675,-357.171569824,-75.9553375244,-401.348754883],[1698.4901123,1993.80651855,-342.903045654,-387.722747803,282.901184082,-154.104797363,50.7418441772,-22.8055858612,28.4154014587,-59.3090744019,70.8206481934,-29.0104007721,8.16996383667],[-4031.46826172,-342.903045654,1383.41320801,-116.592605591,142.188247681,133.518051147,35.3728218079,-23.3433818817,-16.6365451813,31.0564155579,-7.17890977859,-24.5790023804,-9.30216407776],[1395.43676758,-387.722747803,-116.592605591,557.876037598,-94.8624267578,78.5067443848,-84.5363922119,9.34848976135,-23.1449432373,-24.3597373962,-35.321811676,7.84660053253,25.9034099579],[-2004.98181152,282.901184082,142.188247681,-94.8624267578,419.54208374,-52.3157539368,126.757736206,18.2105503082,54.5864715576,-19.7673873901,35.5318145752,21.6139850616,33.5853004456],[330.546142578,-154.104797363,133.518051147,78.5067443848,-52.3157539368,212.454711914,11.295542717,39.1682434082,-3.45594406128,34.3173866272,-5.02785015106,-12.5606870651,-10.8034629822],[-1212.49108887,50.7418441772,35.3728218079,-84.5363922119,126.757736206,11.295542717,239.400604248,39.5363883972,79.2935714722,9.07281684875,8.27600288391,15.7756175995,11.4092445374],[124.196022034,-22.8055858612,-23.3433818817,9.34848976135,18.2105503082,39.1682434082,39.5363883972,132.203475952,42.9933433533,20.3966960907,7.98360967636,-8.08820056915,-8.43884563446],[-501.043426514,28.4154014587,-16.6365451813,-23.1449432373,54.5864715576,-3.45594406128,79.2935714722,42.9933433533,127.431785583,36.5745697021,19.9286460876,3.27538847923,-1.2799911499],[-2.62363910675,-59.3090744019,31.0564155579,-24.3597373962,-19.7673873901,34.3173866272,9.07281684875,20.3966960907,36.5745697021,99.8388900757,38.3707084656,-1.60796093941,-24.0587425232],[-357.171569824,70.8206481934,-7.17890977859,-35.321811676,35.5318145752,-5.02785015106,8.27600288391,7.98360967636,19.9286460876,38.3707084656,108.471138,26.0954170227,-4.38260793686],[-75.9553375244,-29.0104007721,-24.5790023804,7.84660053253,21.6139850616,-12.5606870651,15.7756175995,-8.08820056915,3.27538847923,-1.60796093941,26.0954170227,78.21534729,30.76354599],[-401.348754883,8.16996383667,-9.30216407776,25.9034099579,33.5853004456,-10.8034629822,11.4092445374,-8.43884563446,-1.2799911499,-24.0587425232,-4.38260793686,30.76354599,94.5679473877]],"icov":[[0.000121117307572,-0.00022882479243,0.000256885017734,-0.00024507966009,0.000368466920918,-0.000250495242653,0.000308307004161,-0.000226896983804,0.000248741329415,-0.000273236102657,0.000537093204912,-0.000492647872306,0.000528279459104],[-0.00022882479243,0.00119748373982,-0.000201012080652,0.000990806031041,-0.00121072877664,0.000405600934755,-0.000355027150363,0.000612004951108,-0.000598105776589,0.00110649119597,-0.00153732881881,0.00159012479708,-0.00110711320303],[0.000256885017734,-0.000201012080652,0.00152929523028,-0.0000954473944148,0.000138314338983,-0.00131327577401,0.000830862147268,-0.0000337817837135,0.0006648900453,-0.000647491251584,0.00117852946278,-0.000614490127191,0.00108054827433],[-0.00024507966009,0.000990806031041,-0.0000954473944148,0.00309819844551,-0.000974762428086,-0.000659235578496,0.000460195849882,0.000450799067039,-0.00103294861037,0.00160255981609,-0.000903628766537,0.000946050917264,-0.00168408383615],[0.000368466920918,-0.00121072877664,0.000138314338983,-0.000974762428086,0.00492652552202,0.000234629755141,-0.000683809979819,-0.00118068733718,0.000218764675083,0.0000538451204193,0.000641700346023,-0.00180979911238,0.000838437874336],[-0.000250495242653,0.000405600934755,-0.00131327577401,-0.000659235578496,0.000234629755141,0.0071998918429,-0.0018934153486,-0.00145605159923,0.000988359097391,-0.00177004549187,-0.00086248270236,0.00156312820036,-0.00119446520694],[0.000308307004161,-0.000355027150363,0.000830862147268,0.000460195849882,-0.000683809979819,-0.0018934153486,0.00745516037568,-0.00111285154708,-0.00285726017319,0.000172304804437,0.00220282096416,-0.00244483165443,0.00122518173885],[-0.000226896983804,0.000612004951108,-0.0000337817837135,0.000450799067039,-0.00118068733718,-0.00145605159923,-0.00111285154708,0.00989251211286,-0.00308121996932,0.000403134181397,-0.0014389072312,0.00213321787305,-0.000572407327127],[0.000248741329415,-0.000598105776589,0.0006648900453,-0.00103294861037,0.000218764675083,0.000988359097391,-0.00285726017319,-0.00308121996932,0.0129690701142,-0.00518275843933,0.00093799631577,-0.000522622547578,0.000631146482192],[-0.000273236102657,0.00110649119597,-0.000647491251584,0.00160255981609,0.0000538451204193,-0.00177004549187,0.000172304804437,0.000403134181397,-0.00518275843933,0.0165365133435,-0.00654188729823,0.00171188113745,0.00131278170738],[0.000537093204912,-0.00153732881881,0.00117852946278,-0.000903628766537,0.000641700346023,-0.00086248270236,0.00220282096416,-0.0014389072312,0.00093799631577,-0.00654188729823,0.0154752163216,-0.00719474488869,0.00346116768196],[-0.000492647872306,0.00159012479708,-0.000614490127191,0.000946050917264,-0.00180979911238,0.00156312820036,-0.00244483165443,0.00213321787305,-0.000522622547578,0.00171188113745,-0.00719474488869,0.0194733049721,-0.00748091051355],[0.000528279459104,-0.00110711320303,0.00108054827433,-0.00168408383615,0.000838437874336,-0.00119446520694,0.00122518173885,-0.000572407327127,0.000631146482192,0.00131278170738,0.00346116768196,-0.00748091051355,0.0157830640674]],"mean":[-73.679359436,110.258956909,-124.004264832,20.0890712738,-47.2890815735,6.53226327896,-32.6619338989,5.48685932159,-18.1468963623,-0.909114480019,-11.1027565002,-1.08047437668,-11.6252384186]},"hfc":{"dmean":4.44082069397,"dmean2":6.42135047913,"dvar":100.94631958,"dvar2":186.936080933,"max":169.767211914,"mean":14.236205101,"median":7.87713956833,"min":1.04437084519e-16,"var":327.347290039},"melbands":{"dmean":[0.000270513235591,0.000482648436446,0.000757396686822,0.000357284006895,0.000239309214521,0.000168299346115,0.000190108461538,0.000148823906784,0.000125825812574,0.0000938112425501,0.0000501654430991,0.000036359691876,0.0000468709840789,0.0000337482124451,0.000051282459026,0.0000266825754807,0.0000249389759119,0.0000209539612115,0.0000142993076224,0.0000116080354928,0.0000120594077089,0.000013467512872,0.0000108513886516,0.0000083980803538,0.00000591155230723,0.00000424924382969,0.00000332369245371,0.00000271462295132,0.00000207726247936,0.00000164889468124,0.00000111033455141,0.00000114020815545,0.00000123692086618,0.00000143225531701,6.12077769802e-7,4.1311585619e-7,2.97614661804e-7,3.38269046551e-7,2.77660546999e-7,2.2947803302e-7],"dmean2":[0.000456875568489,0.00081598572433,0.00126002077013,0.000583553453907,0.000401149154641,0.000272219593171,0.000309890921926,0.000233570084674,0.000190258564544,0.000141398297274,0.000076909425843,0.0000567102288187,0.0000757194138714,0.000054462121625,0.0000838570049382,0.0000435973233834,0.000041589664761,0.0000339684884239,0.0000235394891206,0.000019177527065,0.0000197454373847,0.0000222194594244,0.0000178564860107,0.0000138012028401,0.0000097761003417,0.00000677837215335,0.00000521997617398,0.0000043424715841,0.00000324267398355,0.00000249004074249,0.00000168394490174,0.00000166072072716,0.0000018043676846,0.00000222092012336,8.80274797055e-7,6.14420059719e-7,4.44993503379e-7,5.18041304076e-7,4.09362002074e-7,3.42033700917e-7],"dvar":[8.58775024426e-7,0.00000208179653782,0.00000892395746632,0.00000107422499696,5.76784657369e-7,1.53614450937e-7,2.9389227052e-7,2.7197549457e-7,2.89023773803e-7,7.34824112669e-8,1.10753450855e-8,5.44189981966e-9,1.14100684456e-8,7.43062322783e-9,2.11414477036e-8,5.35575006566e-9,3.61446983455e-9,2.78611622662e-9,1.43800193975e-9,6.62110921645e-10,1.06093467345e-9,7.92243104453e-10,5.99402139034e-10,3.51013246247e-10,2.25081939198e-10,1.12820405795e-10,7.69911148724e-11,6.15709705443e-11,4.64574177739e-11,3.27964044811e-11,1.57398243744e-11,1.42428265362e-11,1.68877845735e-11,3.58724716598e-11,4.31543125887e-12,3.4047010003e-12,1.98576159856e-12,5.62246213129e-12,4.02779502459e-12,3.73854636485e-12],"dvar2":[0.00000221500999942,0.00000558392412131,0.0000230036130233,0.00000278881657323,0.00000159398518917,3.9875294533e-7,7.98192672846e-7,7.34297600502e-7,6.60212265302e-7,1.90721706872e-7,2.63632120578e-8,1.30067512316e-8,2.95096942438e-8,2.02627763457e-8,5.95006355297e-8,1.45528202822e-8,1.01156611976e-8,6.12533401778e-9,3.44304829092e-9,1.68679292756e-9,2.49391995943e-9,2.12886042128e-9,1.51950663163e-9,8.87010853656e-10,5.7537491438e-10,2.654247655e-10,1.79180503768e-10,1.50830375967e-10,1.0664868294e-10,7.00434363288e-11,3.59531536487e-11,2.94855355409e-11,3.60916574405e-11,8.71496000365e-11,9.23698877803e-12,8.02753610113e-12,4.60457540152e-12,1.24061828519e-11,7.5190574253e-12,8.34645460385e-12],"max":[0.0110302465037,0.0177320260555,0.0380504056811,0.0142625411972,0.0102260550484,0.00863165594637,0.0112691586837,0.0141852675006,0.017767701298,0.00694964407012,0.00390522461385,0.0028618730139,0.00307553820312,0.00300443032756,0.00363982003182,0.00251460098661,0.00177587859798,0.00197909167036,0.0014924693387,0.000928094552364,0.00155430135783,0.00048089743359,0.000781022536103,0.00032808733522,0.000353752751835,0.000256809144048,0.000162296040799,0.000163595861522,0.000132064946229,0.000143982848385,0.0000826015020721,0.0000717561051715,0.000090568086307,0.000154520821525,0.00004649485345,0.0000758037131163,0.0000685634222464,0.000127671024529,0.000127488659928,0.000105097489723],"mean":[0.000397979194531,0.000704944017343,0.00088434596546,0.000550525728613,0.000361048732884,0.000286710070213,0.000320332794217,0.000265048525762,0.000227400028962,0.000178696936928,0.0000884669425432,0.0000691425811965,0.0000743999189581,0.000056162236433,0.0000840768771013,0.0000467412937724,0.0000427248196502,0.0000352823008143,0.0000241526813625,0.0000206720596907,0.0000215814525291,0.0000260521228483,0.000020824443709,0.0000141507525768,0.00000990042190097,0.00000822144465928,0.00000634559046375,0.00000486653198095,0.00000336395146405,0.00000274744593298,0.00000177664389867,0.00000196152564058,0.00000215100271816,0.00000232883917306,9.96410790322e-7,6.66434857521e-7,4.84038480408e-7,5.10493691763e-7,4.59612380155e-7,3.46242757132e-7],"median":[0.000223164766794,0.000383545411751,0.000207023491384,0.000139004841913,0.000116916729894,0.000106154766399,0.0000838869746076,0.0000644942920189,0.0000538541207789,0.0000530379111296,0.0000358655379387,0.0000287536095129,0.0000242309070018,0.0000148145154526,0.0000209277513932,0.0000162669384736,0.0000175114473677,0.0000148569506564,0.00000924671076064,0.00000796624954091,0.00000549876676814,0.00000812707367004,0.00000630661270407,0.00000397705571231,0.00000347445802618,0.00000257956844507,0.00000142473481901,8.65330093802e-7,6.28318218787e-7,4.08849643918e-7,2.98639207585e-7,2.37561252447e-7,2.34474612171e-7,2.07140175235e-7,1.0011383722e-7,6.040578171e-8,5.10198390202e-8,4.89146927407e-8,3.8366479771e-8,3.72537698468e-8],"min":[5.58176726594e-25,5.69074692088e-25,1.17744629295e-24,1.10985895857e-24,1.64333462598e-24,1.84187819544e-24,1.35122012303e-24,1.08320472909e-24,2.10152584594e-24,1.03472814178e-24,1.64163532098e-24,1.82559689522e-24,1.60403978796e-24,1.54088328807e-24,1.73230442963e-24,2.40944606459e-24,1.99775099664e-24,2.57527843194e-24,2.68575781007e-24,2.74339395996e-24,1.88738994765e-24,2.49553248303e-24,3.75253520106e-24,3.94945578782e-24,2.91910937393e-24,3.33057547501e-24,4.16422159154e-24,3.76247050973e-24,3.79687273381e-24,4.80323994554e-24,4.23714981008e-24,5.07737699871e-24,4.99494142855e-24,4.45875779886e-24,4.97148386067e-24,5.70156634541e-24,6.08969103837e-24,5.14021963057e-24,5.56539080937e-24,6.00007762283e-24],"var":[7.03162413629e-7,0.00000175424906956,0.00000800030647952,0.00000136943549478,6.56228792195e-7,2.69956501597e-7,6.3750070467e-7,6.49472326586e-7,6.35201615751e-7,1.71993065123e-7,3.19827293538e-8,2.040207292e-8,2.00018845931e-8,1.52940469178e-8,4.01232327363e-8,1.21075833803e-8,6.77941036642e-9,8.18397172253e-9,2.95367663661e-9,1.39613520744e-9,3.06606251499e-9,1.9039660959e-9,1.24998766893e-9,6.81552869697e-10,3.33734345714e-10,2.44414460893e-10,1.91384810777e-10,1.5485356053e-10,7.36431957082e-11,6.01462213368e-11,2.39725253537e-11,2.65177272502e-11,3.19381743275e-11,5.49709305853e-11,8.39051918222e-12,5.9356365309e-12,3.57952296276e-12,8.57181946951e-12,1.05290784772e-11,5.16694803263e-12]},"melbands_crest":{"dmean":2.96654582024,"dmean2":4.82720899582,"dvar":8.96245765686,"dvar2":22.8457221985,"max":34.4925460815,"mean":12.6076107025,"median":11.8002071381,"min":1.57168924809,"var":26.7027950287},"melbands_flatness_db":{"dmean":0.0210761092603,"dmean2":0.0326939299703,"dvar":0.000548049400095,"dvar2":0.00136097962968,"max":0.529382109642,"mean":0.206487774849,"median":0.193382591009,"min":0.0028658004012,"var":0.00674305437133},"melbands_kurtosis":{"dmean":4.02300930023,"dmean2":6.44160699844,"dvar":133.230819702,"dvar2":318.907684326,"max":644.44519043,"mean":7.43123197556,"median":3.43456196785,"min":-1.7842322588,"var":393.18145752},"melbands_skewness":{"dmean":0.528236329556,"dmean2":0.824888408184,"dvar":0.381934463978,"dvar2":0.933956861496,"max":19.0685749054,"mean":1.83682310581,"median":1.62906289101,"min":-1.76354396343,"var":1.91066324711},"melbands_spread":{"dmean":6.25421571732,"dmean2":9.97553253174,"dvar":75.0578842163,"dvar2":176.296951294,"max":207.377365112,"mean":27.5909156799,"median":21.6070327759,"min":0.306254476309,"var":544.577209473},"mfcc":{"cov":[[14806.8876953,96.2156295776,-867.055419922,662.092712402,-327.187896729,53.2275695801,-327.76083374,17.0622711182,-162.755111694,-52.6133041382,-12.6596317291,-8.11871623993,29.6940040588],[96.2156295776,2305.11523438,-127.50655365,-123.496513367,165.367034912,-56.8278388977,70.3590393066,52.172706604,-12.1833019257,10.317984581,71.2343139648,13.8982038498,-14.933801651],[-867.055419922,-127.50655365,890.593261719,-113.602935791,80.3596878052,66.5264663696,41.0823173523,-62.126663208,-15.4716005325,-8.74033355713,29.8056259155,-19.2090797424,-47.6424217224],[662.092712402,-123.496513367,-113.602935791,349.288574219,61.215511322,35.6266174316,-10.6071224213,36.3772392273,17.0095348358,-12.3009901047,-32.3805885315,-33.8233947754,3.6400001049],[-327.187896729,165.367034912,80.3596878052,61.215511322,234.278579712,17.7389907837,34.7185173035,6.68709993362,-6.40018320084,-1.51156449318,-3.29545712471,-19.9272117615,-10.969669342],[53.2275695801,-56.8278388977,66.5264663696,35.6266174316,17.7389907837,138.88331604,33.4991378784,13.3893222809,23.6453819275,2.58217334747,2.85314893723,-7.10391569138,6.60158252716],[-327.76083374,70.3590393066,41.0823173523,-10.6071224213,34.7185173035,33.4991378784,123.169303894,35.2504310608,16.5241622925,17.5139064789,8.54311466217,7.57179546356,-2.76445412636],[17.0622711182,52.172706604,-62.126663208,36.3772392273,6.68709993362,13.3893222809,35.2504310608,115.862922668,48.5305595398,21.0695915222,8.97378063202,4.26657056808,2.37754416466],[-162.755111694,-12.1833019257,-15.4716005325,17.0095348358,-6.40018320084,23.6453819275,16.5241622925,48.5305595398,121.481460571,37.3677940369,11.3666715622,-11.6436891556,-3.91221761703],[-52.6133041382,10.317984581,-8.74033355713,-12.3009901047,-1.51156449318,2.58217334747,17.5139064789,21.0695915222,37.3677940369,112.898597717,51.4182548523,21.9126243591,-17.2637119293],[-12.6596317291,71.2343139648,29.8056259155,-32.3805885315,-3.29545712471,2.85314893723,8.54311466217,8.97378063202,11.3666715622,51.4182548523,119.628326416,48.6836280823,-4.18712806702],[-8.11871623993,13.8982038498,-19.2090797424,-33.8233947754,-19.9272117615,-7.10391569138,7.57179546356,4.26657056808,-11.6436891556,21.9126243591,48.6836280823,123.178199768,46.5492401123],[29.6940040588,-14.933801651,-47.6424217224,3.6400001049,-10.969669342,6.60158252716,-2.76445412636,2.37754416466,-3.91221761703,-17.2637119293,-4.18712806702,46.5492401123,99.0749359131]],"icov":[[0.0000890283554327,-0.000027927389965,0.0000471971252409,-0.000182842079084,0.000161553398357,-0.00011772736616,0.000203443967621,-0.0000446258381999,0.00018337626534,-0.0000266494298558,-0.0000453032844234,0.00000311920075546,0.000030217515814],[-0.000027927389965,0.000526517338585,0.000139029652928,0.000346632994479,-0.000514202518389,0.000223818133236,-0.000260142929619,-0.000203078219783,0.0000140142701639,0.000204546682653,-0.000374483788619,0.000107064690383,0.0000376876923838],[0.0000471971252409,0.000139029652928,0.00148199952673,0.000502602080815,-0.000560528074857,-0.000760818133131,-0.000258001673501,0.00070579291787,0.0000202901283046,0.000420126249082,-0.000543868693057,0.000103057311208,0.000668097171001],[-0.000182842079084,0.000346632994479,0.000502602080815,0.00412433221936,-0.00167716457509,-0.000784880423453,0.000425556325354,-0.00104760169052,-0.000363013677998,0.000267575960606,0.000430894113379,0.000661256257445,-0.000159358853125],[0.000161553398357,-0.000514202518389,-0.000560528074857,-0.00167716457509,0.00571482954547,-0.000205154021387,-0.00092335959198,0.0000535883918928,0.000936274474952,-0.000342679733876,0.0000299063249258,0.000639767094981,-0.0000365433261322],[-0.00011772736616,0.000223818133236,-0.000760818133131,-0.000784880423453,-0.000205154021387,0.00891182478517,-0.00254285684787,0.000162973781698,-0.00161721673794,0.000385265302612,-0.000598501530476,0.000790658639744,-0.00135289574973],[0.000203443967621,-0.000260142929619,-0.000258001673501,0.000425556325354,-0.00092335959198,-0.00254285684787,0.0109119024128,-0.00323937810026,0.000630598224234,-0.00116442993749,0.000691157358233,-0.000929621630348,0.000497503322549],[-0.0000446258381999,-0.000203078219783,0.00070579291787,-0.00104760169052,0.0000535883918928,0.000162973781698,-0.00323937810026,0.0122851626948,-0.00432689255103,-0.00015254416212,-0.000287542206934,-0.000661244383082,0.0000716114445822],[0.00018337626534,0.0000140142701639,0.0000202901283046,-0.000363013677998,0.000936274474952,-0.00161721673794,0.000630598224234,-0.00432689255103,0.0118604982272,-0.00357274897397,-0.000321206927765,0.00232941377908,-0.000959130935371],[-0.0000266494298558,0.000204546682653,0.000420126249082,0.000267575960606,-0.000342679733876,0.000385265302612,-0.00116442993749,-0.00015254416212,-0.00357274897397,0.0131433792412,-0.00453619426116,-0.00184485432692,0.00296278926544],[-0.0000453032844234,-0.000374483788619,-0.000543868693057,0.000430894113379,0.0000299063249258,-0.000598501530476,0.000691157358233,-0.000287542206934,-0.000321206927765,-0.00453619426116,0.0128997694701,-0.00500813592225,0.00184422289021],[0.00000311920075546,0.000107064690383,0.000103057311208,0.000661256257445,0.000639767094981,0.000790658639744,-0.000929621630348,-0.000661244383082,0.00232941377908,-0.00184485432692,-0.00500813592225,0.0136292492971,-0.00679613789544],[0.000030217515814,0.0000376876923838,0.000668097171001,-0.000159358853125,-0.0000365433261322,-0.00135289574973,0.000497503322549,0.0000716114445822,-0.000959130935371,0.00296278926544,0.00184422289021,-0.00679613789544,0.0142648015171]],"mean":[-699.401428223,140.858032227,-13.6476736069,17.4021396637,3.45407605171,2.47258210182,-2.17558813095,4.31857204437,-3.50646543503,-0.257129877806,4.04374551773,-1.68630981445,-0.247064501047]},"pitch_salience":{"dmean":0.0630922615528,"dmean2":0.103517010808,"dvar":0.00386808044277,"dvar2":0.0105921057984,"max":0.848478734493,"mean":0.539706766605,"median":0.539945065975,"min":0.122846893966,"var":0.0119529282674},"silence_rate_20dB":{"dmean":0,"dmean2":0,"dvar":0,"dvar2":0,"max":1,"mean":1,"median":1,"min":1,"var":0},"silence_rate_30dB":{"dmean":0.0149765992537,"dmean2":0.0299563128501,"dvar":0.0147528909147,"dvar2":0.0373773872852,"max":1,"mean":0.988976716995,"median":1,"min":0,"var":0.0109021263197},"silence_rate_60dB":{"dmean":0.0201768074185,"dmean2":0.0403578132391,"dvar":0.0197728872299,"dvar2":0.0424651578069,"max":1,"mean":0.132175534964,"median":0,"min":0,"var":0.114693395793},"spectral_centroid":{"dmean":202.124710083,"dmean2":324.984069824,"dvar":86984.0234375,"dvar2":203797.890625,"max":12027.8632813,"mean":1462.63696289,"median":1191.31787109,"min":172.785339355,"var":2352136.25},"spectral_complexity":{"dmean":2.92480492592,"dmean2":4.39900159836,"dvar":19.8468952179,"dvar2":34.9199752808,"max":60,"mean":16.7075710297,"median":15,"min":0,"var":123.52104187},"spectral_contrast_coeffs":{"dmean":[0.0424607843161,0.0407900437713,0.0375582911074,0.0303849987686,0.0211287140846,0.0159331131727],"dmean2":[0.0693084448576,0.0659142583609,0.0595406778157,0.0495987907052,0.0348481461406,0.0253866277635],"dvar":[0.00179128383752,0.00124886457343,0.00100682908669,0.000655525247566,0.000369078334188,0.000286000722554],"dvar2":[0.00428755488247,0.00328422151506,0.00251336372457,0.00167153181974,0.000905478722416,0.000643175502773],"max":[-0.294273912907,-0.354446530342,-0.422987818718,-0.491999000311,-0.582256793976,-0.613590598106],"mean":[-0.666278541088,-0.709022283554,-0.738041698933,-0.752941071987,-0.772399127483,-0.770072281361],"median":[-0.676225244999,-0.70804810524,-0.737794876099,-0.752261281013,-0.772462487221,-0.762177586555],"min":[-0.981951117516,-0.978010118008,-0.977017045021,-0.973538935184,-0.967598497868,-0.965735971928],"var":[0.0100587103516,0.00678417505696,0.00600569974631,0.00434923591092,0.00365169509314,0.00363354035653]},"spectral_contrast_valleys":{"dmean":[0.331826418638,0.336652457714,0.326164424419,0.279012322426,0.264004260302,0.269744336605],"dmean2":[0.540392756462,0.528516471386,0.514500379562,0.438348889351,0.392560750246,0.347710847855],"dvar":[0.124699525535,0.131740272045,0.147900447249,0.138536676764,0.18454259634,0.1663929075],"dvar2":[0.253080636263,0.255846709013,0.274872690439,0.255507081747,0.331996649504,0.261968046427],"max":[-5.29030227661,-4.4902639389,-5.30629348755,-5.47715616226,-5.40876436234,-7.3295507431],"mean":[-8.0873336792,-7.57578086853,-8.2686290741,-8.54376411438,-8.67111110687,-11.4578866959],"median":[-7.45457744598,-7.04589557648,-7.75589323044,-8.00320720673,-8.12828636169,-10.9821472168],"min":[-28.3238525391,-28.2512283325,-27.9562778473,-27.7255535126,-27.5863170624,-27.4424304962],"var":[9.13369846344,9.61814117432,9.13729667664,9.08311367035,9.43286037445,7.2874994278]},"spectral_decrease":{"dmean":1.79192494176e-9,"dmean2":2.7321971352e-9,"dvar":1.74286194059e-17,"dvar2":4.04199556393e-17,"max":2.28147009363e-28,"mean":-4.37142677612e-9,"median":-2.77740452859e-9,"min":-5.3732087224e-8,"var":2.93095369667e-17},"spectral_energy":{"dmean":0.00710048340261,"dmean2":0.0107498029247,"dvar":0.000269750220468,"dvar2":0.00061616365565,"max":0.211529895663,"mean":0.0177901126444,"median":0.0114464927465,"min":9.90700648723e-21,"var":0.000476212357171},"spectral_energyband_high":{"dmean":0.000224207469728,"dmean2":0.000309928582283,"dvar":5.47409058527e-7,"dvar2":0.00000101452633317,"max":0.0172386150807,"mean":0.000451097235782,"median":0.0000778757676017,"min":6.67505310255e-21,"var":0.00000128232159113},"spectral_energyband_low":{"dmean":0.00270408228971,"dmean2":0.004351537209,"dvar":0.0000511194593855,"dvar2":0.000128211671836,"max":0.0748784467578,"mean":0.00397592131048,"median":0.00199947552755,"min":1.30589651415e-23,"var":0.0000502894581587},"spectral_energyband_middle_high":{"dmean":0.00140594656114,"dmean2":0.002184209181,"dvar":0.00000613829297436,"dvar2":0.0000142140543176,"max":0.0368576608598,"mean":0.00435467064381,"median":0.00239923456684,"min":1.2050663422e-21,"var":0.0000259661374002},"spectral_energyband_middle_low":{"dmean":0.00506878085434,"dmean2":0.00795020256191,"dvar":0.000182442439836,"dvar2":0.000440355244791,"max":0.177859887481,"mean":0.0100346235558,"median":0.0049923537299,"min":1.61740479564e-22,"var":0.000254743383266},"spectral_entropy":{"dmean":0.142756387591,"dmean2":0.211699143052,"dvar":0.0297266002744,"dvar2":0.060567304492,"max":9.83180999756,"mean":7.33820676804,"median":7.35740470886,"min":4.7986946106,"var":0.42941904068},"spectral_flux":{"dmean":0.0189127419144,"dmean2":0.0289887916297,"dvar":0.00103464978747,"dvar2":0.00222609518096,"max":0.385411262512,"mean":0.0594247877598,"median":0.0460810884833,"min":6.3421407015e-11,"var":0.00266293529421},"spectral_kurtosis":{"dmean":2.82760572433,"dmean2":4.82486152649,"dvar":25.7667961121,"dvar2":71.0496520996,"max":105.88760376,"mean":8.41101932526,"median":5.68224048615,"min":-1.27441513538,"var":116.914916992},"spectral_rms":{"dmean":0.000634516065475,"dmean2":0.000930106267333,"dvar":0.00000111907877454,"dvar2":0.00000235649281422,"max":0.01436560601,"mean":0.00361914909445,"median":0.00334175257012,"min":3.10891828774e-12,"var":0.00000425792723036},"spectral_rolloff":{"dmean":379.17364502,"dmean2":650.765014648,"dvar":607931.625,"dvar2":1529241.25,"max":19767.4804688,"mean":1840.15490723,"median":1248.92578125,"min":43.06640625,"var":7740234.5},"spectral_skewness":{"dmean":0.27909091115,"dmean2":0.464282631874,"dvar":0.132348611951,"dvar2":0.346493840218,"max":8.31098079681,"mean":1.87260973454,"median":1.6924751997,"min":-0.0931664630771,"var":0.909886837006},"spectral_spread":{"dmean":401580.28125,"dmean2":605167.5625,"dvar":735734726656,"dvar2":1489675747330,"max":50718008,"mean":4433558.5,"median":3561292,"min":755529.375,"var":30031755608100},"spectral_strongpeak":{"dmean":0.455219089985,"dmean2":0.762973129749,"dvar":0.516675233841,"dvar2":1.30567860603,"max":12.0484695435,"mean":0.936782836914,"median":0.552687525749,"min":0,"var":1.23129928112},"zerocrossingrate":{"dmean":0.0071831936948,"dmean2":0.00902670249343,"dvar":0.000102243226138,"dvar2":0.000139973883051,"max":0.53125,"mean":0.0639080703259,"median":0.04931640625,"min":0.00439453125,"var":0.00516596948728}},"metadata":{"audio_properties":{"analysis_sample_rate":44100,"bit_rate":320037,"codec":"mp3","downmix":"mix","equal_loudness":0,"length":223.242446899,"lossless":false,"md5_encoded":"250cf9248c8370d969a3aee945834067","replay_gain":-6.71202278137,"sample_rate":44100},"tags":{"acoustid_fingerprint":["AQADtEyuR1qCf-iPXArO4wtOHdU-eFyOfsGpE_rx_UiXMcUZCbkELc-HMw_CPNPxE1eyH-VOuD5qZQmO4zqeI4dOOUG76GjyQD-aSTm044YWIWT24xoX_CiTo4mOC3-GBsk27ciXBP_gSDuOS4GdBP82ovnRH4cfvHiOkXGQS4KegHiRn3hb7I7Qa2jyZch7qMdz5NQT5M-h-8iPZ0ffB82zVMhzJLNzNCcmiXnRKHlwgTueKZhlC-Fz-NShK3BT9MZTHuFvNMepRPgSBceco4ZdJ6CqVsgP0UVo4gpxkQ5eGc1TMI9UnMecI8ykBNp93EX4IB1vaFUuPD-Ro9lWBn2OLw76CqmyF5qWzUFOesGfw8ItXMcpGXnEQN-DZ2h-XIc1MUVVoTn6HM9xHVd-PGSK-9Dxo43g6BLyW_BflPjUFI2T62j34A9-NE0udE0ehN-g5duRJwvOH0-UCz1T3DsmvQuag3my7TgR2UjG0KvQ49dxHt0Xo9lx50ceQkPISriPT8d5YcsePCfixxnBS-B5NDuPsMtyMOSPO8TNDK7CC_2QHU8-nEqCNqkRUrpw50J3fJhy4Ul0xJKWNFAtITyewk2GNXKG_2hGyQki-YebGt2dQD9qFU0UXcilVnh21KKJKd6KPxMeeMeN5G-QhySY9EL_BNMF_yiV9MJDJE-JkJ4Y-CmqH1-U49KPhifKGtphXGSCpk4X7EtwKcUvSH1u3Eb_YEpTfAtuF7-RVMyJXCPxN6jIo5mSjvh44WyFMD_6afg41AmPyIfVDPF-XMoH0emRVomK4gebKD9OqcLhuDvyQ86NUMqN5onw8PiOfFEU4FcGpaHwWMRRSsdzQD-aa8dD5NTxPCtmKWsS5Bc0hUeYFN-DJ4pKnDpq6ZjeUMinaIFOpDyufvgcKQmqFk2b7Mgl6MwRKjouJT2-B3mO5xB_hE9VXMez416CJCJlHU6S3ODr48QUa8FfNIfGH3sO5jsUZVaKsnrQVCKuHifCPO4R3grOGGoTyD8qnRXsSDkuQ9x8VMqF_EEVX_B59A-O2DaeHDJi_XhyfC8uIuRE_BA_o5bxBqeyI04T_MnxVD76FC7R9ziZ45LOILQMLfyM-LgEZ9GkRfiSIz6lI1k2o1N0HW-OX3DMJ3iTI_n2IM8uVHoy1MYedQWjrDeaZ2GwC-XR8GgmPQgdfVDT4yfh4zku8XgS9DmUxUUjDQqdDPtxMEfT4voCJlRzQ0e0iHlw-HEx-oIdZowRGgqf4MdDQmO4NAgT5sJ19Efl403Qhke4KFMO9WKC_Kido_HE45kehFkXG1UTIfHDBY6Ti3goSXiwzcd14T-ojngoXGzRaHbQEXvwy7j8IdBSXcSbPAqcHO2NnC_KNUZTDz8q00KjSHGDT9RxFXcQnoOWUEGuRBaJ_8FDetgi4dKPy2kk8NuE8FCUZgreCDoeXip-KkKoH40W4uKQL0-Ev8NHQvMiNA2Pf8e9H5O27FC27