{"lowlevel":{"average_loudness":0.740068495274,"barkbands":{"dmean":[0.00144790543709,0.00439430167899,0.00246240361594,0.00168568920344,0.0020982765127,0.00157847977243,0.000985787715763,0.00050534500042,0.000681763282046,0.000482554052724,0.000551116012502,0.000623628438916,0.000709888234269,0.000177946552867,0.00011648889631,0.000047818182793,0.0000333725292876,0.0000388873158954,0.000030582810723,0.0000178439167939,0.0000102689036794,0.00000530483430339,0.00000279752316601,0.00000215163572648,0.00000211582846532,0.00000348852790921,0.000114523492812],"dmean2":[0.00239696889184,0.00707934005186,0.00407820148394,0.00267045013607,0.00326788704842,0.00249393819831,0.00153759773821,0.000826974282973,0.00111041136552,0.000771854189225,0.000859028368723,0.000993943074718,0.00113730388694,0.000289004208753,0.000190016115084,0.0000770655460656,0.0000520949761267,0.0000597699472564,0.0000451546875411,0.0000254794686043,0.0000154328627104,0.0000083505992734,0.00000470519262308,0.0000036591989101,0.00000358755414709,0.00000572674025534,0.000159840623382],"dvar":[0.00000676365743857,0.0000367625179933,0.000019292545403,0.0000139505782499,0.0000186572196981,0.0000167519992829,0.0000103865068013,0.00000353015025212,0.00000493102879773,0.00000268013445748,0.00000333281582243,0.00000444861461801,0.00000429463625551,1.82105878821e-7,8.17184471202e-8,1.86515052292e-8,2.04185823804e-8,3.19951887207e-8,2.10097077513e-8,8.41165981313e-9,1.85619419835e-9,1.26882310214e-10,3.59254848092e-11,1.59624674589e-11,1.49754132706e-11,9.0181737078e-11,1.15084361596e-7],"dvar2":[0.00001791359864,0.0000906170243979,0.0000535504514119,0.0000353283321601,0.0000453017091786,0.0000420579890488,0.00002216424582,0.00000947115950112,0.0000128709662022,0.00000717313241694,0.00000810956771602,0.0000109722150228,0.0000108437006929,4.68296491363e-7,2.05578103873e-7,4.53140280854e-8,4.40171277205e-8,6.90780552759e-8,3.89170864423e-8,1.45653693551e-8,3.74281405868e-9,2.75548223128e-10,9.26399026935e-11,4.18865601925e-11,3.93506824348e-11,2.147081124e-10,1.87125806406e-7],"max":[0.0526976287365,0.122884832323,0.110313236713,0.104672931135,0.0993741899729,0.100248456001,0.11955806613,0.0573203712702,0.0545017719269,0.0464213825762,0.0696200355887,0.0585505142808,0.0524448752403,0.0110940271989,0.00951474625617,0.00449061952531,0.00623372150585,0.00783708877861,0.0076554347761,0.00445400038734,0.00223390036263,0.000286649825284,0.000196784036234,0.0000682151294313,0.0000660278819851,0.000371756206732,0.0153980627656],"mean":[0.00315176788718,0.0123377516866,0.00383054441772,0.00267779850401,0.00387961650267,0.00256604538299,0.00180166086648,0.000786227523349,0.00119664741214,0.000802043650765,0.000914198113605,0.00118649087381,0.00134446145967,0.000338334939443,0.000233452810789,0.0000829109703773,0.0000569885742152,0.0000738453600206,0.0000598439837631,0.0000339486068697,0.0000186338402273,0.00000864012599777,0.0000031590288927,0.00000213289854401,0.00000212736040339,0.00000491703804073,0.000323338608723],"median":[0.00127516360953,0.00754838716239,0.00194470724091,0.0008651324315,0.00135481206235,0.000446469872259,0.000239355300437,0.0000866381888045,0.000142506381962,0.0000833029916976,0.000123530131532,0.000101583835203,0.000153895234689,0.0000696508723195,0.0000518291271874,0.0000212611084862,0.0000149857951328,0.0000194626791199,0.0000166065092344,0.00000878677928995,0.00000691465038472,0.00000343726696883,0.00000123839743082,7.39347115086e-7,7.55325572754e-7,0.00000236749565374,0.000125867823954],"min":[5.92539379435e-24,2.96920113423e-23,5.35532361897e-23,9.054949998e-23,1.13884453629e-22,1.0166768349e-23,7.0838358759e-23,4.58202283733e-23,9.76777291611e-23,1.95297631662e-23,4.32351122542e-23,5.03420989889e-23,5.43389605839e-23,1.74608782546e-22,3.3153608725e-23,9.05496640631e-23,2.43573565101e-22,4.02655760119e-22,1.22637427042e-22,2.43416171573e-22,3.07901095089e-22,6.69794203424e-22,6.17268133553e-22,9.86475787394e-22,1.59085431241e-21,1.42652648267e-21,1.88792564731e-21],"var":[0.000021018926418,0.000156894748216,0.0000325249202433,0.0000269625288638,0.0000482534960611,0.0000330779294018,0.000035045624827,0.00000720351044947,0.0000121238472275,0.00000550230379304,0.00000737662003303,0.0000126656041175,0.0000126303275465,4.6916866836e-7,2.40281167407e-7,3.84685741039e-8,4.47001262671e-8,8.50528323326e-8,7.71902008978e-8,3.09267633725e-8,5.08787678655e-9,2.71798472617e-10,3.69433650338e-11,1.6036021469e-11,1.53547851517e-11,1.05590550192e-10,5.74799685182e-7]},"barkbands_crest":{"dmean":2.28652954102,"dmean2":3.67797660828,"dvar":4.64781475067,"dvar2":12.1003265381,"max":26.1809959412,"mean":13.108798027,"median":12.0765886307,"min":3.29652285576,"var":29.0799236298},"barkbands_flatness_db":{"dmean":0.0331555828452,"dmean2":0.0523421280086,"dvar":0.001035953057,"dvar2":0.00256618368439,"max":0.561676681042,"mean":0.222825437784,"median":0.203820452094,"min":0.0563159920275,"var":0.00668835313991},"barkbands_kurtosis":{"dmean":22.8522186279,"dmean2":35.8834609985,"dvar":3481.48828125,"dvar2":8467.71484375,"max":1766.04772949,"mean":53.765296936,"median":14.3364830017,"min":-1.82307362556,"var":13075.4394531},"barkbands_skewness":{"dmean":1.02879941463,"dmean2":1.59045958519,"dvar":1.88733172417,"dvar2":4.39651012421,"max":30.921163559,"mean":4.1896944046,"median":2.9783642292,"min":-1.97019469738,"var":14.5688924789},"barkbands_spread":{"dmean":3.63849329948,"dmean2":5.51004743576,"dvar":39.9583396912,"dvar2":76.8056182861,"max":131.319015503,"mean":13.5731515884,"median":9.47974395752,"min":0.103814192116,"var":245.278244019},"dissonance":{"dmean":0.0239691287279,"dmean2":0.0406638458371,"dvar":0.000628317997325,"dvar2":0.00174098706339,"max":0.500000178814,"mean":0.457230836153,"median":0.466892182827,"min":0.184685736895,"var":0.00129185803235},"dynamic_complexity":4.21675491333,"erbbands":{"dmean":[0.183617174625,0.857699990273,2.63122034073,4.12689495087,5.75673627853,6.99917173386,15.0572223663,10.2203102112,10.7999420166,15.9719152451,11.3949193954,14.6053934097,14.3678722382,16.316192627,21.0563983917,23.4284725189,31.8603477478,13.5709428787,5.86053371429,5.00604772568,1.87381410599,1.82009112835,2.04201793671,1.84957301617,1.22118401527,0.826438307762,0.56089669466,0.320271730423,0.203315883875,0.118504166603,0.0752107128501,0.0490013733506,0.034262817353,0.0235871560872,0.015118313022,0.00885221268982,0.00643893377855,0.00929250195622,0.00948234181851,0.00406137248501],"dmean2":[0.290746599436,1.40844762325,4.37125635147,6.61282968521,9.08192157745,11.0859308243,23.6283340454,16.3499164581,17.2381744385,24.5762214661,18.5169315338,23.856174469,22.6509513855,26.3315868378,33.0128669739,37.2184677124,51.169670105,21.7087345123,9.52418804169,8.13373851776,2.96086645126,2.77485203743,3.1177008152,2.82319879532,1.76393640041,1.17526972294,0.832356989384,0.488269209862,0.318648278713,0.192722409964,0.126520767808,0.0831968933344,0.0582988969982,0.0400512889028,0.0255879983306,0.014881211333,0.0104587739334,0.0134963029996,0.0123443342745,0.00578950066119],"dvar":[0.0808744505048,1.64054727554,19.297750473,85.0505218506,159.564086914,255.211929321,1432.08056641,848.070861816,1118.06201172,4126.92773438,1982.54711914,2364.58349609,2218.40844727,2720.48364258,4146.45166016,6663.13671875,9089.84277344,1184.56616211,197.122131348,194.289962769,29.6171302795,63.601272583,98.0628967285,72.7552490234,38.4383163452,19.1088085175,7.91695833206,1.1150752306,0.197300747037,0.0589395724237,0.0276080258191,0.00815470889211,0.00407864432782,0.00189551000949,0.000751059676986,0.000241937261308,0.000276129401755,0.000774077081587,0.00208652787842,0.0000787072713138],"dvar2":[0.190729156137,4.25374412537,55.2029151917,216.482391357,409.546722412,641.066101074,3607.86328125,2205.45141602,2785.70922852,8080.49707031,5261.27099609,6291.75341797,5526.92919922,6887.60302734,10235.5820312,16380.4511719,22857.8164062,3045.47607422,501.910339355,491.948059082,66.382484436,131.499755859,205.894317627,158.526473999,67.4415817261,31.8272457123,16.4604225159,2.2824382782,0.417710661888,0.138263568282,0.0723720490932,0.0212392639369,0.0107288667932,0.00498489523306,0.00197184062563,0.000633413728792,0.000649310997687,0.0014824202517,0.00310384156182,0.000147133992868],"max":[6.0887260437,28.8712043762,74.5371627808,281.463653564,393.864776611,359.139160156,753.173339844,1081.74743652,1191.88146973,2761.46411133,1427.06860352,1225.14770508,1230.4765625,1733.72888184,2212.5637207,2368.1875,2064.77636719,963.789611816,507.702453613,541.050598145,225.011138916,369.959594727,420.167236328,391.506011963,360.810546875,206.5340271,138.102401733,49.4928092957,13.6393413544,6.15667819977,5.52357530594,1.52414786816,1.08814501762,0.742655754089,0.467561900616,0.263315200806,0.627647697926,1.34466576576,2.58370137215,0.382654339075],"mean":[0.556432664394,1.9449352026,4.436647892,7.04205989838,10.1278610229,12.0815639496,24.5104923248,16.6552314758,19.001083374,29.2393817902,19.7376937866,26.2251377106,25.3295669556,30.1190185547,39.3355674744,48.1193885803,63.1782302856,28.5004177094,13.0371618271,10.0331707001,3.69121265411,3.32502102852,3.97422075272,3.69827747345,2.42378377914,1.595677495,1.06807422638,0.555940151215,0.335425168276,0.161651268601,0.0828265845776,0.0500806234777,0.0335255600512,0.023424372077,0.0154198110104,0.00948773510754,0.00943581294268,0.0215466171503,0.0245588645339,0.0141943078488],"median":[0.229628786445,1.26531517506,2.41047382355,2.92802619934,3.86421608925,3.88593697548,3.49075913429,3.54945492744,3.14123249054,3.21613168716,2.23825216293,3.12794160843,3.12355303764,4.13519334793,5.99156665802,4.8496427536,7.32234764099,4.76413869858,3.37761449814,2.252835989,1.13795876503,0.920673251152,1.0292289257,1.03251576424,0.62585824728,0.412188708782,0.375038683414,0.205005586147,0.130910634995,0.0688036829233,0.032133795321,0.0182481333613,0.0112707801163,0.00812215171754,0.00565312989056,0.00378102483228,0.00470170704648,0.00878188572824,0.00863519590348,0.00810768920928],"min":[6.44441147942e-22,7.8148259956e-21,5.6268554041e-20,1.93255421432e-19,3.92186465089e-19,3.09366298727e-19,2.48502013213e-19,1.15531721619e-19,8.82926692177e-19,9.09535334724e-19,1.18072732573e-18,2.68615302719e-18,7.3945903917e-19,1.3513490435e-18,1.54586418346e-18,2.20764041656e-18,2.74119817464e-18,6.53103761364e-18,5.43522017099e-18,4.63369539232e-18,5.82044852201e-18,1.54724332101e-17,2.50098968104e-17,6.89802001471e-18,9.48782862761e-18,9.83151555468e-18,1.21909134216e-17,1.36322408973e-17,2.41073352286e-17,1.81757471331e-17,2.05991977307e-17,1.84402563319e-17,1.73692245292e-17,1.60522537323e-17,1.20341453247e-17,6.72673158936e-18,2.52327309956e-18,8.44163974697e-19,2.60768171119e-19,2.94464278101e-20],"var":[0.393737196922,6.2072429657,36.5543785095,161.201904297,340.941986084,529.148742676,3192.52539062,1432.69348145,2376.49902344,14732.9580078,4427.47119141,6019.04833984,4961.66699219,7839.29638672,9927.5625,19994.7929688,28440.7539062,3769.30981445,607.993713379,507.523895264,62.5276985168,150.648010254,266.943756104,225.242767334,142.679748535,71.0993499756,23.8466300964,2.74875998497,0.442166686058,0.0887827128172,0.0264534913003,0.00835274998099,0.00407797656953,0.00192151567899,0.00077939016046,0.000261708686594,0.00034865696216,0.00249768421054,0.0103926789016,0.000393739173887]},"erbbands_crest":{"dmean":2.94412636757,"dmean2":4.78659486771,"dvar":6.84814548492,"dvar2":17.7133731842,"max":34.0392303467,"mean":10.9369840622,"median":10.1357517242,"min":2.26446962357,"var":21.0728607178},"erbbands_flatness_db":{"dmean":0.027971778065,"dmean2":0.0442501828074,"dvar":0.000561710097827,"dvar2":0.00143920106348,"max":0.419363468885,"mean":0.16765062511,"median":0.168418735266,"min":0.0331267081201,"var":0.00251104985364},"erbbands_kurtosis":{"dmean":1.95935344696,"dmean2":3.07584261894,"dvar":10.1954641342,"dvar2":24.0398311615,"max":109.451683044,"mean":2.76301550865,"median":1.18295812607,"min":-1.71579515934,"var":27.5548686981},"erbbands_skewness":{"dmean":0.461911827326,"dmean2":0.705623567104,"dvar":0.210158616304,"dvar2":0.474011719227,"max":8.57812023163,"mean":0.318130224943,"median":0.390376150608,"min":-7.91344642639,"var":1.7171394825},"erbbands_spread":{"dmean":6.66599369049,"dmean2":10.4698143005,"dvar":60.7382774353,"dvar2":142.301300049,"max":152.926513672,"mean":27.0484714508,"median":23.0476970673,"min":0.954644322395,"var":291.421264648},"gfcc":{"cov":[[18461.28125,2332.56640625,-1465.17651367,-1163.52746582,53.8253822327,-1017.48565674,-339.037780762,-943.665283203,-324.273498535,-189.853408813,-94.3656387329,-388.860229492,-160.981414795],[2332.56640625,1078.03796387,63.7586097717,-323.703857422,20.3066864014,-147.192489624,42.8472557068,-162.157653809,-5.88111829758,-40.6332702637,22.3492698669,-87.9387817383,7.6336774826],[-1465.17651367,63.7586097717,720.511230469,349.871124268,-95.1048583984,185.522125244,17.4182395935,227.370803833,55.3334541321,16.0860805511,7.68341493607,17.0148200989,52.6411209106],[-1163.52746582,-323.703857422,349.871124268,527.187438965,154.321075439,92.6690063477,47.3680038452,116.942268372,44.0129432678,14.1063747406,-2.53064012527,40.1496086121,2.44643068314],[53.8253822327,20.3066864014,-95.1048583984,154.321075439,464.332641602,138.154373169,126.715370178,-142.05682373,-45.9639091492,-32.7332496643,48.0346984863,11.6202001572,-32.4009056091],[-1017.48565674,-147.192489624,185.522125244,92.6690063477,138.154373169,487.260040283,55.2733726501,68.5060195923,-78.8668518066,-19.4913673401,47.7723846436,34.0294799805,23.4151477814],[-339.037780762,42.8472557068,17.4182395935,47.3680038452,126.715370178,55.2733726501,299.46005249,29.9143600464,45.1996574402,-44.1641960144,4.31321907043,61.9594535828,14.4699640274],[-943.665283203,-162.157653809,227.370803833,116.942268372,-142.05682373,68.5060195923,29.9143600464,265.478546143,107.491912842,29.4812602997,-9.65977096558,11.9957227707,38.1230773926],[-324.273498535,-5.88111829758,55.3334541321,44.0129432678,-45.9639091492,-78.8668518066,45.1996574402,107.491912842,157.92956543,63.2708892822,1.84807550907,9.884557724,1.20714437962],[-189.853408813,-40.6332702637,16.0860805511,14.1063747406,-32.7332496643,-19.4913673401,-44.1641960144,29.4812602997,63.2708892822,95.7671737671,37.2100334167,2.56923818588,-6.22846364975],[-94.3656387329,22.3492698669,7.68341493607,-2.53064012527,48.0346984863,47.7723846436,4.31321907043,-9.65977096558,1.84807550907,37.2100334167,80.1634750366,33.1596336365,9.31107807159],[-388.860229492,-87.9387817383,17.0148200989,40.1496086121,11.6202001572,34.0294799805,61.9594535828,11.9957227707,9.884557724,2.56923818588,33.1596336365,91.5706634521,34.687210083],[-160.981414795,7.6336774826,52.6411209106,2.44643068314,-32.4009056091,23.4151477814,14.4699640274,38.1230773926,1.20714437962,-6.22846364975,9.31107807159,34.687210083,78.7151641846]],"icov":[[0.000137763025123,-0.000537451822311,0.00066145719029,-0.00055449269712,0.000306698842905,-0.0000701825629221,0.000123400255688,-0.000114930306154,0.000277749117231,0.00000384310351365,0.0000362995961041,0.0000408793202951,0.0000625792017672],[-0.000537451822311,0.00555412936956,-0.00610636407509,0.00606776587665,-0.00272423424758,0.0018230532296,-0.00132121075876,0.00335872522555,-0.00329341599718,0.00218504224904,-0.00258598988876,0.00357395154424,-0.00183580210432],[0.00066145719029,-0.00610636407509,0.0105555430055,-0.00999346468598,0.00592832732946,-0.00359948445112,0.000783394731116,-0.00275852088816,0.001852118643,-0.0000819409033284,-0.000540225941222,-0.000231858328334,0.0000306009169435],[-0.00055449269712,0.00606776587665,-0.00999346468598,0.0131534747779,-0.00843950267881,0.00417204899713,0.0000919068115763,-0.000691833149176,-0.000358270452125,-0.00138103542849,0.00296627427451,-0.00212728162296,0.000637933029793],[0.000306698842905,-0.00272423424758,0.00592832732946,-0.00843950267881,0.0102648176253,-0.00435064453632,-0.0021716398187,0.00547090405598,-0.0034166672267,0.00421356083825,-0.00644235964864,0.00519413081929,-0.000682947807945],[-0.0000701825629221,0.0018230532296,-0.00359948445112,0.00417204899713,-0.00435064453632,0.00552988285199,-0.000460552546429,-0.00332334288396,0.00481068762019,-0.00207927869633,0.0000908560396056,-0.00113416824024,0.00046635515173],[0.000123400255688,-0.00132121075876,0.000783394731116,0.0000919068115763,-0.0021716398187,-0.000460552546429,0.00694047100842,-0.00213178759441,-0.00268457178026,0.00383030297235,0.00198623677716,-0.00605566008016,0.00163129286375],[-0.000114930306154,0.00335872522555,-0.00275852088816,-0.000691833149176,0.00547090405598,-0.00332334288396,-0.00213178759441,0.0168359130621,-0.0132317012176,0.00729220919311,-0.00608764076605,0.00889383815229,-0.00563520565629],[0.000277749117231,-0.00329341599718,0.001852118643,-0.000358270452125,-0.0034166672267,0.00481068762019,-0.00268457178026,-0.0132317012176,0.0248939692974,-0.0179362036288,0.00892626680434,-0.00686573563144,0.00389301613905],[0.00000384310351365,0.00218504224904,-0.0000819409033284,-0.00138103542849,0.00421356083825,-0.00207927869633,0.00383030297235,0.00729220919311,-0.0179362036288,0.0307858567685,-0.0180523023009,0.00714658712968,-0.000292113778414],[0.0000362995961041,-0.00258598988876,-0.000540225941222,0.00296627427451,-0.00644235964864,0.0000908560396056,0.00198623677716,-0.00608764076605,0.00892626680434,-0.0180523023009,0.0307738799602,-0.0157369598746,0.00222775968723],[0.0000408793202951,0.00357395154424,-0.000231858328334,-0.00212728162296,0.00519413081929,-0.00113416824024,-0.00605566008016,0.00889383815229,-0.00686573563144,0.00714658712968,-0.0157369598746,0.0285269040614,-0.0107992729172],[0.0000625792017672,-0.00183580210432,0.0000306009169435,0.000637933029793,-0.000682947807945,0.00046635515173,0.00163129286375,-0.00563520565629,0.00389301613905,-0.000292113778414,0.00222775968723,-0.0107992729172,0.0193918179721]],"mean":[-71.2887420654,114.056556702,-63.6274795532,-4.41876935959,-2.64195132256,-6.49610328674,4.30640506744,-16.4955615997,-7.76948356628,-5.37999343872,-0.113571412861,-3.98733496666,-5.08289766312]},"hfc":{"dmean":50.7844238281,"dmean2":80.1972732544,"dvar":6864.15234375,"dvar2":17283.3183594,"max":1235.43347168,"mean":158.369094849,"median":132.792251587,"min":1.09276594028e-16,"var":16977.8867188},"melbands":{"dmean":[0.001385212061,0.00124130398035,0.000720295240171,0.0004256136599,0.000471557170385,0.000245612725848,0.000169764127349,0.000158147711772,0.000102104801044,0.0000926487555262,0.0000742239135434,0.0000675727424095,0.0000784684598329,0.0000635265314486,0.0000726823564037,0.0000698760777595,0.0000223473798542,0.0000105369144876,0.0000086801519501,0.00000494613186675,0.0000020171748929,0.00000197867848328,0.0000021220932922,0.00000187911291505,0.00000161096056672,0.00000113555552161,7.27945234757e-7,5.47202830603e-7,4.16453048047e-7,2.5140079174e-7,1.784292607e-7,1.27915001258e-7,8.75035581771e-8,5.90658402189e-8,4.49600996433e-8,3.51831204171e-8,2.81075234199e-8,2.43234019592e-8,2.15683950699e-8,1.9310391508e-8],"dmean2":[0.00221738265827,0.00206382595934,0.00114597927313,0.000663888291456,0.000739226699807,0.000389503868064,0.000269512762316,0.00024523618049,0.000165753415786,0.000151337226271,0.000117389514344,0.000109858898213,0.000121676755953,0.000101211458968,0.000116737188364,0.000111509252747,0.0000362441496691,0.0000173221669684,0.000014174838725,0.00000799687040853,0.00000322835444422,0.00000309176562041,0.00000334101582666,0.00000293022867481,0.00000251844630839,0.00000171207602762,0.00000107464131816,7.91609068074e-7,6.35720368791e-7,3.87427348869e-7,2.7795567803e-7,2.02465258781e-7,1.41066252013e-7,9.7823757983e-8,7.57842926191e-8,5.94797704423e-8,4.78333745946e-8,4.14086294143e-8,3.66687089581e-8,3.2776885206e-8],"dvar":[0.00000401828856411,0.00000385998873753,0.00000227360465033,8.22088793484e-7,0.00000126720908611,4.38556156723e-7,2.58746268855e-7,3.71923590592e-7,1.5697270328e-7,9.8709698193e-8,6.13473716271e-8,4.78486725797e-8,6.59873862219e-8,3.62524126274e-8,6.38622523752e-8,4.25822506145e-8,3.11831982458e-9,6.42016162455e-10,4.72895111958e-10,2.06709233064e-10,3.51876652815e-11,6.96092003483e-11,1.11838184547e-10,7.36647687294e-11,5.74642035345e-11,3.27369971409e-11,1.44674992472e-11,8.69852107011e-12,5.61600679155e-12,9.93667604796e-13,3.20093832083e-13,8.25691037353e-14,3.53936748887e-14,1.53501157233e-14,1.10526415494e-14,4.65547942536e-15,2.70582028022e-15,2.0629656837e-15,1.60525576054e-15,1.2647198225e-15],"dvar2":[0.00000971402823779,0.0000108338654172,0.0000058055043155,0.0000019759713723,0.00000318124762089,0.00000112047598577,6.24538813554e-7,7.60520379117e-7,4.09683053704e-7,2.62804405793e-7,1.5510671858e-7,1.24199615925e-7,1.60869447541e-7,9.17245372989e-8,1.58485804036e-7,1.05753073854e-7,8.10764255732e-9,1.678616246e-9,1.19247278718e-9,5.11300723982e-10,7.85334089426e-11,1.4224600664e-10,2.67043692714e-10,1.57789670219e-10,1.32857905233e-10,6.44681877326e-11,2.69381513623e-11,1.50456869186e-11,1.29874834845e-11,2.10526474725e-12,6.96188874778e-13,1.81717664462e-13,8.08151221182e-14,3.77759652173e-14,2.92824948046e-14,1.21097429027e-14,7.08540561631e-15,5.42757960293e-15,4.2239076684e-15,3.32551191378e-15],"max":[0.0395068340003,0.0351882874966,0.0416547432542,0.0229750666767,0.0218880306929,0.0226530525833,0.0156509913504,0.0249890498817,0.0136387171224,0.00800646934658,0.00677963672206,0.0067659295164,0.0104291960597,0.00487142661586,0.00685832230374,0.00448840530589,0.00150517048314,0.000810570083559,0.000616043573245,0.000542593304999,0.000235698826145,0.000397553900257,0.000484800577397,0.000390657689422,0.000312434480293,0.000326868059346,0.000209474615986,0.00013375049457,0.000120467120723,0.0000486876524519,0.0000327496527461,0.00000894737877388,0.00000411433120462,0.00000379658786187,0.00000370980637854,0.00000137997585625,8.8470932269e-7,7.73060605752e-7,6.82855784362e-7,6.06627452271e-7],"mean":[0.00414598686621,0.00244113430381,0.0013440096518,0.00078326149378,0.000795127474703,0.000407619576436,0.000308898248477,0.000284250214463,0.000168237456819,0.000164325305377,0.000125298654893,0.0001194026554,0.00013486869284,0.000121071025205,0.000138792631333,0.000128325496917,0.0000425582948083,0.0000203648778552,0.0000169060767803,0.00000881959749677,0.00000343090573551,0.00000329515319208,0.00000364735183211,0.00000348645016857,0.00000298814597954,0.00000208746519093,0.00000129969453155,0.00000100415377347,7.48602417389e-7,4.32851322785e-7,2.86106711656e-7,2.06853385976e-7,1.26376690446e-7,7.36445642247e-8,4.86534084132e-8,3.68183989963e-8,2.78764211714e-8,2.3624764367e-8,2.11528838889e-8,1.92134432808e-8],"median":[0.00226084818132,0.00149129668716,0.000601241365075,0.000308648130158,0.000133109293529,0.0000814987142803,0.0000489455378556,0.0000311068288283,0.0000174945944309,0.0000195898282982,0.0000139896210385,0.0000140586598718,0.000019335984689,0.0000119345459098,0.0000137861070471,0.0000144751493281,0.00000728877603251,0.00000512751194037,0.00000360177591574,0.0000019689346118,0.00000105250705928,8.67143739924e-7,8.98960024642e-7,8.80489437804e-7,8.14461259324e-7,5.45686532405e-7,3.04398781736e-7,2.49755885307e-7,2.43777975584e-7,1.53897900645e-7,1.03312295607e-7,7.77446729217e-8,5.11374054213e-8,3.03006757463e-8,1.83345179039e-8,1.37036595405e-8,9.72103464392e-9,7.77022535203e-9,7.10538738957e-9,6.6821286282e-9],"min":[6.71125781699e-24,2.26457274543e-23,4.06412303128e-23,2.55508260669e-23,1.02609496636e-23,2.59342085225e-24,1.36286150118e-23,1.03124307263e-23,9.20531019975e-24,1.712933674e-23,2.83478112924e-24,4.87315787086e-24,5.71468589112e-24,4.82353063131e-24,4.90417430393e-24,6.67126887999e-24,1.35126351038e-23,1.12957568887e-23,3.3569293457e-24,6.48796994891e-24,7.95511475969e-24,1.7620893325e-23,2.14958680216e-23,1.47574260578e-23,4.74315674912e-24,4.24558352201e-24,1.03329332212e-23,5.08716676254e-24,6.98548243373e-24,8.44341177141e-24,7.99410105448e-24,1.33513761576e-23,1.35657128209e-23,8.55400928146e-24,1.26573852425e-23,1.05489967011e-23,1.07956995386e-23,1.2700377373e-23,1.11098444615e-23,1.42843793051e-23],"var":[0.000017935051801,0.00000937454115046,0.00000491840910399,0.00000197971212401,0.00000305184471472,8.04508033525e-7,6.58233943795e-7,0.00000126608097162,3.39783412073e-7,2.46055122943e-7,1.28546972178e-7,1.28494349383e-7,1.43752785675e-7,1.07805441019e-7,1.8040564953e-7,1.16415272089e-7,8.57396020848e-9,1.60080004807e-9,1.3257461795e-9,4.73408090507e-10,6.5497850199e-11,1.47211950963e-10,2.5115051705e-10,1.90853430282e-10,1.5318435409e-10,1.03588228273e-10,4.65129705585e-11,2.98800741094e-11,1.36828447878e-11,2.56517918885e-12,6.23193879314e-13,1.73950684044e-13,5.9066433114e-14,1.93450636098e-14,1.0032378506e-14,4.68501080555e-15,2.72374879134e-15,2.05627348814e-15,1.61312946118e-15,1.28535640383e-15]},"melbands_crest":{"dmean":3.27312469482,"dmean2":5.28465223312,"dvar":9.93881320953,"dvar2":25.4923152924,"max":38.9765625,"mean":19.8130531311,"median":19.0634346008,"min":3.69144487381,"var":63.7096099854},"melbands_flatness_db":{"dmean":0.0398950427771,"dmean2":0.0632017478347,"dvar":0.00139123026747,"dvar2":0.00349274347536,"max":0.724452316761,"mean":0.350701600313,"median":0.336233824492,"min":0.0128554748371,"var":0.00957205612212},"melbands_kurtosis":{"dmean":23.7307662964,"dmean2":37.7196350098,"dvar":4576.90625,"dvar2":11281.9882812,"max":2664.28686523,"mean":58.7665328979,"median":11.9647073746,"min":-1.95493221283,"var":21261.453125},"melbands_skewness":{"dmean":1.02584826946,"dmean2":1.6062567234,"dvar":1.88335037231,"dvar2":4.421646595,"max":39.2246627808,"mean":4.14698934555,"median":2.88393163681,"min":-3.47596001625,"var":16.3656616211},"melbands_spread":{"dmean":3.17605686188,"dmean2":4.90856647491,"dvar":33.9287605286,"dvar2":70.2246246338,"max":161.142379761,"mean":11.5354137421,"median":6.8747048378,"min":0.0701573267579,"var":241.956985474},"mfcc":{"cov":[[10964.5244141,1784.0324707,-1800.56970215,-286.854064941,-532.956054688,-180.863418579,-529.901855469,-655.60736084,-548.647949219,-237.901077271,16.5480861664,-269.251861572,-293.691619873],[1784.0324707,1338.11669922,-157.947296143,-156.809844971,-137.361282349,-14.3616075516,-33.4354629517,-133.88444519,-82.8876037598,-34.7628517151,28.5243377686,-54.8381347656,-53.6370849609],[-1800.56970215,-157.947296143,946.870849609,80.8821487427,93.3443069458,-103.687011719,35.3490791321,135.002197266,155.975036621,105.038505554,4.41533041,58.3042564392,29.571849823],[-286.854064941,-156.809844971,80.8821487427,489.31262207,73.9092254639,-10.7826766968,-29.9333553314,35.8721656799,55.2498893738,40.7880516052,27.1514568329,18.8424892426,2.66988039017],[-532.956054688,-137.361282349,93.3443069458,73.9092254639,334.064453125,178.073043823,122.74861145,26.2638282776,-19.3686485291,9.68037223816,-0.91427564621,47.6383590698,42.3748092651],[-180.863418579,-14.3616075516,-103.687011719,-10.7826766968,178.073043823,325.16104126,209.537994385,65.290435791,-32.5142021179,-55.2596626282,-23.0844993591,24.4271335602,57.388874054],[-529.901855469,-33.4354629517,35.3490791321,-29.9333553314,122.74861145,209.537994385,258.310791016,133.305831909,20.9308643341,-31.9536514282,-38.3626747131,23.842048645,51.4013633728],[-655.60736084,-133.88444519,135.002197266,35.8721656799,26.2638282776,65.290435791,133.305831909,205.267364502,111.945083618,16.5705909729,-14.3229618073,24.5521278381,45.3985176086],[-548.647949219,-82.8876037598,155.975036621,55.2498893738,-19.3686485291,-32.5142021179,20.9308643341,111.945083618,148.517166138,66.3589477539,8.61890697479,20.5470275879,17.9392910004],[-237.901077271,-34.7628517151,105.038505554,40.7880516052,9.68037223816,-55.2596626282,-31.9536514282,16.5705909729,66.3589477539,99.4043579102,45.7243843079,18.0748977661,0.0352239534259],[16.5480861664,28.5243377686,4.41533041,27.1514568329,-0.91427564621,-23.0844993591,-38.3626747131,-14.3229618073,8.61890697479,45.7243843079,86.5301895142,43.3120307922,1.15850198269],[-269.251861572,-54.8381347656,58.3042564392,18.8424892426,47.6383590698,24.4271335602,23.842048645,24.5521278381,20.5470275879,18.0748977661,43.3120307922,84.3017730713,49.9769096375],[-293.691619873,-53.6370849609,29.571849823,2.66988039017,42.3748092651,57.388874054,51.4013633728,45.3985176086,17.9392910004,0.0352239534259,1.15850198269,49.9769096375,84.5757675171]],"icov":[[0.000214707222767,-0.000231422163779,0.000308681366732,-0.000023360040359,0.0000976643350441,-0.000101801218989,0.000448263454018,-0.000235452782363,0.000522983667906,-0.000231545884162,0.000351358030457,-0.000251717370702,0.000398811680498],[-0.000231422163779,0.001186322188,-0.000403129000915,0.000188390404219,0.000287146307528,0.0000790345075075,-0.00117942062207,0.00130327080842,-0.000963597558439,0.000789204088505,-0.00165673729498,0.00135099771433,-0.000668095599394],[0.000308681366732,-0.000403129000915,0.00206116470508,-0.0000224012255785,-0.000693122041412,0.00107375497464,0.000281138345599,-0.000934261071961,0.000115678092698,-0.0011985769961,0.00162861228455,-0.00158724980429,0.000937153119594],[-0.000023360040359,0.000188390404219,-0.0000224012255785,0.00242761475965,-0.000907183450181,-0.000093968345027,0.000941730919294,-0.000444299017545,-0.00102871784475,0.000458788243122,-0.000883131287992,0.000465067656478,0.000109281558252],[0.0000976643350441,0.000287146307528,-0.000693122041412,-0.000907183450181,0.00646070763469,-0.00375592266209,-0.000443129305495,0.000626786611974,0.00337785761803,-0.00452234921977,0.00311157805845,-0.00379277952015,0.00152067898307],[-0.000101801218989,0.0000790345075075,0.00107375497464,-0.000093968345027,-0.00375592266209,0.0108405379578,-0.00776764284819,0.00184536655433,-0.00177719420753,0.00488222623244,-0.0046693990007,0.00400957418606,-0.00435003172606],[0.000448263454018,-0.00117942062207,0.000281138345599,0.000941730919294,-0.000443129305495,-0.00776764284819,0.0164875909686,-0.0100432345644,0.00516383955255,-0.00319702224806,0.00745280506089,-0.0055190930143,0.00360918580554],[-0.000235452782363,0.00130327080842,-0.000934261071961,-0.000444299017545,0.000626786611974,0.00184536655433,-0.0100432345644,0.0187127552927,-0.0139770433307,0.00672552641481,-0.00591803900898,0.0055434666574,-0.00539019145072],[0.000522983667906,-0.000963597558439,0.000115678092698,-0.00102871784475,0.00337785761803,-0.00177719420753,0.00516383955255,-0.0139770433307,0.0255893785506,-0.016411235556,0.0101848486811,-0.0080856885761,0.00429227203131],[-0.000231545884162,0.000789204088505,-0.0011985769961,0.000458788243122,-0.00452234921977,0.00488222623244,-0.00319702224806,0.00672552641481,-0.016411235556,0.0294337999076,-0.0187966283411,0.0111946268007,-0.00550193572417],[0.000351358030457,-0.00165673729498,0.00162861228455,-0.000883131287992,0.00311157805845,-0.0046693990007,0.00745280506089,-0.00591803900898,0.0101848486811,-0.0187966283411,0.0346625633538,-0.025102796033,0.0120907761157],[-0.000251717370702,0.00135099771433,-0.00158724980429,0.000465067656478,-0.00379277952015,0.00400957418606,-0.0055190930143,0.0055434666574,-0.0080856885761,0.0111946268007,-0.025102796033,0.0385730564594,-0.0206578504294],[0.000398811680498,-0.000668095599394,0.000937153119594,0.000109281558252,0.00152067898307,-0.00435003172606,0.00360918580554,-0.00539019145072,0.00429227203131,-0.00550193572417,0.0120907761157,-0.0206578504294,0.0264766644686]],"mean":[-741.219116211,181.175643921,2.94740748405,27.8827342987,8.79416942596,22.0302276611,16.0495948792,5.56200027466,0.58514302969,1.33651471138,5.35133171082,1.50505053997,0.75563031435]},"pitch_salience":{"dmean":0.0684483125806,"dmean2":0.110006503761,"dvar":0.00393973197788,"dvar2":0.0101006506011,"max":0.831446051598,"mean":0.470843970776,"median":0.508802354336,"min":0.0275394860655,"var":0.0303560290486},"silence_rate_20dB":{"dmean":0,"dmean2":0,"dvar":0,"dvar2":0,"max":1,"mean":1,"median":1,"min":1,"var":0},"silence_rate_30dB":{"dmean":0.0261524822563,"dmean2":0.0523088276386,"dvar":0.0254650115967,"dvar2":0.0602165423334,"max":1,"mean":0.956120252609,"median":1,"min":0,"var":0.0419548004866},"silence_rate_60dB":{"dmean":0.0165484640747,"dmean2":0.0330993719399,"dvar":0.0162754040211,"dvar2":0.03762178123,"max":1,"mean":0.0585063174367,"median":0,"min":0,"var":0.0550794452429},"spectral_centroid":{"dmean":126.827827454,"dmean2":189.611236572,"dvar":40218.0859375,"dvar2":69938.890625,"max":11182.9648438,"mean":668.573913574,"median":539.501464844,"min":84.6460037231,"var":307159.71875},"spectral_complexity":{"dmean":2.00044322014,"dmean2":3.17266345024,"dvar":5.0953245163,"dvar2":10.3650112152,"max":46,"mean":11.3385534286,"median":11,"min":0,"var":60.1314506531},"spectral_contrast_coeffs":{"dmean":[0.0508833192289,0.047828219831,0.0408903770149,0.0324211418629,0.0226073730737,0.0348188765347],"dmean2":[0.0832926481962,0.0790620967746,0.0669040679932,0.0535987205803,0.0371594689786,0.0563073195517],"dvar":[0.00165969133377,0.00148706312757,0.00106761418283,0.000669169297908,0.000366302323528,0.00126246595755],"dvar2":[0.0044541019015,0.00402792310342,0.00286341202445,0.00178146490362,0.000946534331888,0.00303541682661],"max":[-0.34027197957,-0.480803608894,-0.490321576595,-0.567035615444,-0.667205631733,-0.428477585316],"mean":[-0.684436142445,-0.774069786072,-0.788659572601,-0.809456050396,-0.849421739578,-0.804591834545],"median":[-0.68757390976,-0.779762923717,-0.790090918541,-0.8087053895,-0.844329953194,-0.819396138191],"min":[-0.956482768059,-0.967584013939,-0.967094182968,-0.988911867142,-0.970555126667,-0.95859181881],"var":[0.00813564099371,0.00685453042388,0.00541903730482,0.00495903752744,0.00199473113753,0.00344195915386]},"spectral_contrast_valleys":{"dmean":[0.388682216406,0.444206655025,0.383454531431,0.361783355474,0.383737623692,0.692488312721],"dmean2":[0.644503951073,0.725049734116,0.61442309618,0.577564299107,0.602910876274,1.13921940327],"dvar":[0.115967042744,0.159587547183,0.128881245852,0.144856244326,0.169447645545,0.350189775229],"dvar2":[0.29684600234,0.400602459908,0.304137825966,0.357378065586,0.414441764355,0.909958839417],"max":[-5.00107145309,-4.36159992218,-4.85123252869,-5.80478429794,-5.45883989334,-8.93435192108],"mean":[-6.95978498459,-7.12934207916,-7.63533449173,-8.16450881958,-8.5685749054,-11.4540205002],"median":[-6.68292284012,-6.88603544235,-7.41870546341,-7.85826778412,-8.31208133698,-11.3116922379],"min":[-27.1709957123,-26.8582057953,-27.3712825775,-27.5035266876,-27.3171920776,-27.3513507843],"var":[2.38811802864,2.38379454613,2.09264492989,2.09856963158,1.57701575756,1.34749209881]},"spectral_decrease":{"dmean":2.43277975542e-9,"dmean2":3.89326215711e-9,"dvar":9.18703184248e-18,"dvar2":2.38174630179e-17,"max":7.28501259317e-9,"mean":-7.89242893262e-9,"median":-6.93357460335e-9,"min":-4.7931319358e-8,"var":3.83316190689e-17},"spectral_energy":{"dmean":0.0110108917579,"dmean2":0.0172282736748,"dvar":0.000185212717042,"dvar2":0.000461307499791,"max":0.237723559141,"mean":0.04415243119,"median":0.0398375056684,"min":1.02521451744e-20,"var":0.00100904912688},"spectral_energyband_high":{"dmean":0.000103124788438,"dmean2":0.000139390293043,"dvar":1.41831307587e-7,"dvar2":2.11523556004e-7,"max":0.0184227582067,"mean":0.000263526977506,"median":0.00010188169108,"min":7.34005098118e-21,"var":7.46022067233e-7},"spectral_energyband_low":{"dmean":0.0068816957064,"dmean2":0.0112301493064,"dvar":0.0000877300117281,"dvar2":0.000228140153922,"max":0.15164065361,"mean":0.020114665851,"median":0.0151421260089,"min":1.29741883111e-22,"var":0.000316580728395},"spectral_energyband_middle_high":{"dmean":0.00169606902637,"dmean2":0.00261015282013,"dvar":0.000014145062778,"dvar2":0.0000350680420524,"max":0.0743612572551,"mean":0.00499169481918,"median":0.00125183467753,"min":1.40132877599e-21,"var":0.0000798753608251},"spectral_energyband_middle_low":{"dmean":0.00503168720752,"dmean2":0.00771984411404,"dvar":0.0000699514566804,"dvar2":0.000171549487277,"max":0.15987187624,"mean":0.013121118769,"median":0.0067793391645,"min":4.3346313874e-22,"var":0.000284949928755},"spectral_entropy":{"dmean":0.272071182728,"dmean2":0.432123631239,"dvar":0.0706119015813,"dvar2":0.183440953493,"max":9.80504894257,"mean":7.05689382553,"median":7.07723665237,"min":4.58421230316,"var":0.246938616037},"spectral_flux":{"dmean":0.021660303697,"dmean2":0.0353674478829,"dvar":0.000539307016879,"dvar2":0.00127220666036,"max":0.309352427721,"mean":0.0874853208661,"median":0.0848600640893,"min":1.01252874141e-10,"var":0.00257507758215},"spectral_kurtosis":{"dmean":7.12614965439,"dmean2":11.5665111542,"dvar":55.2751541138,"dvar2":146.901275635,"max":113.40826416,"mean":23.3423538208,"median":21.9911327362,"min":-1.19697356224,"var":137.659103394},"spectral_rms":{"dmean":0.000805642514024,"dmean2":0.00123664690182,"dvar":7.34939987979e-7,"dvar2":0.0000017498782654,"max":0.0152290984988,"mean":0.0060439161025,"median":0.00623424910009,"min":3.16260862984e-12,"var":0.00000654635732644},"spectral_rolloff":{"dmean":5757.10693359,"dmean2":11258.5683594,"dvar":76938472,"dvar2":180715840,"max":22050,"mean":9991.10546875,"median":1937.98828125,"min":43.06640625,"var":101919144},"spectral_skewness":{"dmean":0.528117656708,"dmean2":0.853019595146,"dvar":0.276672244072,"dvar2":0.729207396507,"max":8.55023193359,"mean":3.51107287407,"median":3.50346088409,"min":-0.0846756547689,"var":0.824321448803},"spectral_spread":{"dmean":604862,"dmean2":972492.625,"dvar":350762008576,"dvar2":802762391552,"max":40920212,"mean":3922041.25,"median":3678302,"min":1287792.875,"var":1545149480960},"spectral_strongpeak":{"dmean":1.85970330238,"dmean2":3.52775883675,"dvar":95.0604934692,"dvar2":271.246826172,"max":157.886428833,"mean":1.52419650555,"median":0.290620058775,"min":0,"var":59.2067451477},"zerocrossingrate":{"dmean":0.0355566218495,"dmean2":0.0459893122315,"dvar":0.00123133277521,"dvar2":0.00193303416017,"max":0.6455078125,"mean":0.221632003784,"median":0.2314453125,"min":0.0029296875,"var":0.00887347292155}},"metadata":{"audio_properties":{"analysis_sample_rate":44100,"bit_rate":192000,"codec":"mp3","downmix":"mix","equal_loudness":0,"length":314.305297852,"lossless":false,"md5_encoded":"19513b4b9ad16eecb61dc2aa123b3090","replay_gain":-4.94450569153,"sample_rate":44100},"tags":{"acoustid_fingerprint":["AQADtL7CJIyEH1PORahEi2CTJD-uFs2DZDtyyQqeJA8eicOUG1eOMyPKB5d85Ic_C78MPZeQTnFxH-8k-E_wC_-xuUF2HTqTI-KFsI8GXdmFOjlO_Br-4T6a0C-0R8SjBNF78Jh5NHUMn8UlId1RRUsEVRJu_EGOHlPK4TrOgQ6P8qOCvzhyHslxwzo4hS1-nLHww_AFKZaCMV_xKzi9D7WKf6ngCx_CHMfhCn-WQn1E7If0I7TxAw-u4zmOF8cRHglKHhSXw9GDTweOe8WPMOeRPMvxHCdTnM_RxAyq6Dp-5MrRD3lTPKCOKhQdXLzwPNj248Fl4vxCPLtQ3shx5Dle-DwOXAeu4zn6HcljhPjx8MHRbMnxHl-O8wjr4dQjiN2FJzmeb_BxU8avIJ2OJwpejehxZUS-Dck_VExcNM8y4ccz1EJq5ThzwUyDLnqKHzq-GuE8OMePK0dyHYF_lD1uXKFCTLzgG3dx7eh65A2S6zjzGU-UPejMwpi08_ixDpV_NIxy4tPwT9hD_OjRzC8-xFKYTHgKXZJioSla7sGPr2h-aOIe5ER3OKty9A_OFh9d1OmHZsXp49eJTlF2JE9iB7HQK8GdBd2NLboitMkDVnrQZ2jOHM9y4vLBJ8txitLwR8N1hEXyG_sD2ypq0XiPi0XDozvuI-ZG5EVP_PBzeBTa4MSTCzt64gi_DJqVI1PUw-xx4j8eHd9xjThYw0buIfnx90j4HHmH5vhe4fnxHq2ioRYt5PGRRB_8w88epJON_sJz6MIfxL4QRtZx8ngDkRn87GjxDeERJhy34Qq6iIOYf-iRR0cOPcmP_ErwBM5D_AlGMfieHL-EHkkW-8iXBOdxEuXx-PjxTMKXJDtyBQn6Bc2H9lrQHFd6hGLCFlrWZcehOjnCo6lS_GipodkoHH_RF-kfJERZPDrm6UGj49FkUNPwG-c2ZF4DZccV_biPH9pxDQ-Dj9DLEPVDNIuaId-O00fVBmF64WgOTWKU45mG4BbR-KgcH-fx43rwcSuFHy9C69Dyos8RJj5-4lIy4Upi9Cd8o3ePXImEJ3vRf9hePAs8SHmmIG_A48QcXTi3Sng2HpVHFs2JH0dy6QirxkcpH4874b4OH3-EJ8gt6EwU6EceD_1xJTiBOXiu4NJxJK8Q6juYwwsfnC98Xrhy_PDxHdYWcD98vHh8eBd-_MePv0iWZmERU1KL4w-ad8F0Dv9xJTlypwmSKzp6JYSdPCil40gmPQiVOZVRrurQHsfxoY9y5HyGxIcdMirKLhOeAE3yHJUpB33gPjou4UuIo5fwDzeqXfgJjzx-IjmiC3bwwkXPJgn-C0cYj0hmZT5OKcF57IcrCfty5OODyjIkJR-O99guPDlKHnmO_WCSPJgkZ8Lz4TlyffhEQS_CREcVVcdxhSOO5tFQWsKFLwtxEnUQ7dmRcBJz9EefcGjOFIR_vMe3I48OMW3wDD_yJqB3_JjUBpZnnMdRJTwuIXyOhkoGXdIRPkdzKccZPMc_PA_SL0NSKhMe_MZxSUIPe_Lhos-D_0Iy9ghz4nla_EedGl2OZz2eGg-SRVNShJISG4UWbviMf7jxZDn-oM_xw0eeIyFK6cPU5Tj8JB5O47iOo8rEIDuP5PlxNReYeymOLU2O_0RxHlNOoVNyXDn-SMN2HE9kfAt-5Mcp4cc1LThyPKiP54c