{"lowlevel":{"average_loudness":0.892634928226,"barkbands":{"dmean":[0.0000580737723794,0.00301479524933,0.00306046637706,0.00329911336303,0.00237106578425,0.000575096230023,0.00050326314522,0.000210587779293,0.000240904148086,0.000358329474693,0.00020368587866,0.000291956908768,0.000348497531377,0.000258221727563,0.000342791463481,0.000365517131286,0.000415678048739,0.00029335936415,0.000261268869508,0.000157136862981,0.000156100897584,0.000206981188967,0.000136762930197,0.0000803036236903,0.000148249906488,0.0000360428311978,0.00000209025051845],"dmean2":[0.0000905884735403,0.00476891640574,0.00511493673548,0.00545300170779,0.00390206417069,0.000931000220589,0.000832662393805,0.000336382334353,0.000370793306502,0.000553440884687,0.000315169483656,0.000454355060356,0.000542045803741,0.000413238507463,0.000551749486476,0.000572929275222,0.000674035225529,0.000475037377328,0.000417933537392,0.000256425904809,0.00025958934566,0.000334262731485,0.000216467786231,0.000118908865261,0.000219680165173,0.0000541618646821,0.00000326374674842],"dvar":[8.26355428529e-9,0.0000413098969148,0.0000301726704492,0.0000331214505422,0.0000188681569853,0.0000015174997543,0.00000160628405865,3.28557490548e-7,3.42525851238e-7,6.75613932799e-7,3.25531715362e-7,5.09011215399e-7,7.67443737004e-7,4.1751636104e-7,5.55023802917e-7,4.81896393012e-7,3.37375723802e-7,1.97807864311e-7,1.47148824681e-7,6.96529127708e-8,1.29368288526e-7,2.57388649061e-7,9.85547572441e-8,3.35031380416e-8,4.26198880632e-7,1.56727626432e-8,3.33687869003e-11],"dvar2":[2.00303542641e-8,0.0000859041101648,0.0000819356573629,0.0000846059119795,0.0000486152457597,0.00000368705718756,0.00000410340953749,8.48594595482e-7,7.43205532672e-7,0.00000152279108079,6.90048750585e-7,0.00000115532748168,0.0000017428509409,9.69757024905e-7,0.00000132202114855,0.00000107566449969,8.13181429749e-7,4.86350700157e-7,3.59242932291e-7,1.74207670511e-7,3.43964387639e-7,6.64184710786e-7,2.50189287954e-7,7.62762297768e-8,0.00000103099318949,3.76050444117e-8,7.95583529611e-11],"max":[0.00138662033714,0.102109968662,0.0991663858294,0.0833710730076,0.0710262358189,0.0213871579617,0.0282433312386,0.016597058624,0.0138731980696,0.0210089087486,0.0167876388878,0.0138910599053,0.0171050932258,0.0187425371259,0.0186862293631,0.0156664736569,0.0119183855131,0.00954641681165,0.00785268004984,0.00515706976876,0.00525205116719,0.00666362000629,0.00469507509843,0.00321694882587,0.0178245920688,0.00246593845077,0.000151104672113],"mean":[0.000103603582829,0.00411192374304,0.00513161346316,0.00493385735899,0.00414214236662,0.000953424547333,0.000642162747681,0.00035887651029,0.000408187072026,0.000637086108327,0.000332466617692,0.000499506830238,0.000562782865018,0.000406034232583,0.000607778609265,0.000734660949092,0.000909664609935,0.000637250195723,0.000567653332837,0.000315836427035,0.000266511837253,0.000348210072843,0.000265827577095,0.000157599337399,0.000207089091418,0.0000461837298644,0.0000027316973501],"median":[0.0000587725298828,0.00155308842659,0.00278246193193,0.00279656518251,0.00286199175753,0.000501029193401,0.00023999264522,0.000161031261086,0.000171839623363,0.000202730516321,0.000108137952338,0.000165408899193,0.000209436751902,0.00016185696586,0.000298665399896,0.000332405674271,0.000686142244376,0.000449488172308,0.000390732369851,0.000215304229641,0.000142379300087,0.000147227023263,0.000101819372503,0.00005148811033,0.0000452652202512,0.0000044608218559,2.20144187324e-7],"min":[8.42048274034e-25,1.72686740306e-24,7.45090267642e-25,6.61594024686e-25,1.10283827401e-23,1.49985587484e-23,7.92023133046e-24,1.1859321486e-23,1.44508810209e-23,1.5852406015e-23,1.42631021488e-23,2.52489021772e-23,3.76964977506e-23,2.69229265492e-23,4.30329272042e-23,6.98233345877e-23,7.15883950859e-23,1.12704683747e-22,1.22600483108e-22,1.62266416285e-22,2.22000882538e-22,3.47432694719e-22,4.38888128874e-22,6.02186526684e-22,8.19945912393e-22,1.39994209736e-21,1.89250099007e-21],"var":[1.7202788527e-8,0.0000605710556556,0.0000462454881927,0.000041783983761,0.0000232236634474,0.00000259059038399,0.00000180269069006,6.42393615635e-7,7.67453855133e-7,0.00000183049883162,6.94726566053e-7,0.00000120105516999,0.00000148833589719,7.09591915893e-7,0.00000103734305412,0.00000133198693675,8.28406484743e-7,4.39215710912e-7,3.299882394e-7,1.15869539741e-7,1.51504707446e-7,3.30324496645e-7,1.76563005994e-7,7.46741548596e-8,4.31066041529e-7,1.82971877649e-8,5.02712767247e-11]},"barkbands_crest":{"dmean":2.25267577171,"dmean2":3.69921994209,"dvar":4.35776329041,"dvar2":11.1317491531,"max":25.2743854523,"mean":8.55942249298,"median":8.10468101501,"min":2.00955605507,"var":9.85076808929},"barkbands_flatness_db":{"dmean":0.0180590059608,"dmean2":0.0279752779752,"dvar":0.000320187129546,"dvar2":0.000748828053474,"max":0.30628785491,"mean":0.106181070209,"median":0.100638367236,"min":0.0144443390891,"var":0.00153066951316},"barkbands_kurtosis":{"dmean":1.77918505669,"dmean2":2.78882145882,"dvar":11.2889261246,"dvar2":25.5246334076,"max":104.958427429,"mean":1.5914607048,"median":-0.0328898429871,"min":-1.83717548847,"var":24.6621646881},"barkbands_skewness":{"dmean":0.493517756462,"dmean2":0.751273334026,"dvar":0.24361653626,"dvar2":0.536191225052,"max":9.54944038391,"mean":1.23636364937,"median":1.12023448944,"min":-4.04965877533,"var":1.1210231781},"barkbands_spread":{"dmean":6.67634344101,"dmean2":10.4063796997,"dvar":45.9946937561,"dvar2":110.911392212,"max":105.852653503,"mean":33.9028892517,"median":33.1521720886,"min":1.83263671398,"var":187.851287842},"dissonance":{"dmean":0.00821424461901,"dmean2":0.0139684742317,"dvar":0.000129296618979,"dvar2":0.000371994188754,"max":0.500000178814,"mean":0.48592916131,"median":0.488499730825,"min":0,"var":0.000146015619976},"dynamic_complexity":3.99394130707,"erbbands":{"dmean":[0.0911118388176,0.698779582977,2.76900601387,7.37700796127,11.8804988861,6.06814050674,4.19368457794,5.363468647,7.88026762009,4.66500473022,4.65252923965,5.38104915619,8.36280441284,10.7188596725,7.49937200546,12.7353172302,15.7359743118,11.4623003006,16.5315933228,15.7592449188,20.0608444214,21.7427005768,16.6552867889,12.4077301025,11.8498306274,7.23850536346,5.92452383041,6.63549137115,7.41669845581,6.58545875549,3.42066884041,1.68918478489,1.53252398968,1.85874295235,0.903885066509,0.272568941116,0.04939956218,0.00552675453946,0.000398985197535,0.0000250752018474],"dmean2":[0.144816532731,1.11379265785,4.58339500427,12.2002925873,19.6149673462,10.081202507,6.78912305832,8.77625656128,12.912899971,7.72789382935,7.40889787674,8.36451435089,12.9053640366,16.4570560455,11.4846391678,19.6577472687,24.2144584656,17.657875061,26.0401229858,24.7795181274,31.5044059753,35.0821304321,26.7288455963,19.9303646088,18.93516922,11.7633047104,9.80337142944,11.0599241257,12.0931406021,10.57791996,5.40055656433,2.64492821693,2.21436452866,2.75567007065,1.38305699825,0.413206845522,0.0739705860615,0.00832982640713,0.000610102666542,0.0000363387734978],"dvar":[0.0343221649528,2.28046536446,25.8012371063,136.578796387,630.658813477,84.4343109131,53.6264152527,171.999465942,372.03237915,157.377975464,176.320602417,158.449234009,444.972869873,770.065917969,426.441223145,907.797546387,1602.46081543,776.848632812,1571.79516602,922.251708984,1389.74133301,920.183776855,586.175476074,369.703643799,340.527404785,152.920272827,170.220291138,250.754760742,322.576202393,261.917877197,60.9140052795,16.8167037964,14.8009052277,68.7032852173,16.1068382263,1.19768571854,0.0229384712875,0.000202247611014,0.00000123016434372,2.88104740065e-9],"dvar2":[0.0750367864966,4.79184484482,68.9448013306,359.485809326,1602.50976562,223.177032471,132.490493774,419.334686279,919.846618652,427.606933594,442.140106201,358.783813477,999.031494141,1718.91101074,967.825073242,2047.40136719,3585.57885742,1703.04467773,3814.48120117,2173.43212891,3041.45239258,2210.32592773,1424.24182129,918.551940918,812.613891602,384.148071289,442.797393799,666.566772461,838.905029297,675.004516602,152.938796997,42.8813552856,31.7339744568,161.546051025,40.7600593567,2.99757099152,0.0534894056618,0.000460980285425,0.00000278016023003,6.2689542446e-9],"max":[2.33766770363,25.1774234772,99.3707275391,180.360733032,376.14956665,129.796813965,177.906097412,250.522705078,447.0234375,359.979156494,290.351409912,347.28024292,561.234863281,720.183654785,715.392089844,620.331481934,944.846374512,801.874816895,1039.48242188,697.00402832,861.714660645,811.94140625,453.589935303,361.719970703,492.770446777,187.111541748,277.78918457,262.582092285,214.813293457,229.447341919,131.935028076,72.1940383911,82.5594329834,236.586883545,92.37890625,25.096075058,4.034491539,0.236210212111,0.0377145409584,0.00129688845482],"mean":[0.11980689317,0.978251516819,4.7721118927,12.5885839462,18.1173763275,11.0018911362,7.81368255615,8.00452899933,10.0527391434,7.29786109924,8.31812381744,9.87031745911,15.0527839661,20.2062988281,13.5547161102,23.3048343658,27.3801956177,20.24243927,30.1686306,32.6328697205,43.7524757385,50.5343093872,39.5395851135,27.92162323,26.4849128723,15.1690530777,10.4152622223,11.0229358673,12.2239637375,11.6676769257,6.6987528801,3.24058485031,2.92100739479,2.7236020565,1.14534831047,0.332272201777,0.0649902671576,0.00761879561469,0.000544886803254,0.0000568294417462],"median":[0.043975751847,0.396593302488,2.48200702667,8.56188297272,10.6781196594,8.29227256775,5.03421592712,3.50180625916,3.7196996212,3.88935828209,3.47939300537,4.50758314133,5.70425605774,5.97658824921,5.15552139282,8.5664024353,10.544968605,8.83916568756,14.4430246353,15.9637765884,23.3847637177,39.6380386353,29.6807880402,18.9487857819,18.5841350555,10.5035629272,6.05040359497,5.37534856796,5.36179161072,4.60661125183,2.46917653084,1.01267552376,0.932804346085,0.645284354687,0.206467762589,0.0367518737912,0.00577307725325,0.000680096913129,0.0000650012880214,0.0000380703604606],"min":[4.5409383303e-23,4.62378816288e-22,1.70502159476e-21,4.15178630378e-21,9.93638917043e-21,2.98371834078e-20,4.36906104364e-20,9.03921712271e-20,1.18076297204e-19,1.76878292204e-19,3.32293263765e-19,3.89185453827e-19,3.81810750925e-19,7.17492585919e-19,7.5537678589e-19,1.53311226374e-18,1.79102779912e-18,2.60056713075e-18,2.62153988159e-18,4.0859314276e-18,4.50078980176e-18,3.78481410998e-18,4.96536379868e-18,4.60417455702e-18,8.21656700422e-18,8.03421090228e-18,9.49557434687e-18,8.46067544761e-18,1.11541657736e-17,1.23286423023e-17,1.12324187139e-17,9.70604549065e-18,1.06008588716e-17,9.19880924004e-18,5.87446217524e-18,3.97296792084e-18,2.45740532777e-18,9.64437379931e-19,2.39042944415e-19,2.55348134779e-20],"var":[0.0520860180259,3.24722576141,41.7287330627,203.785980225,672.880554199,123.260604858,99.11302948,271.842834473,438.895477295,181.965240479,396.398986816,413.049621582,1071.89282227,2088.37744141,911.408569336,2319.31274414,3277.60449219,1506.29174805,2843.89111328,2334.53735352,3877.80883789,2289.96948242,1429.57592773,810.894836426,758.753051758,254.035873413,201.810882568,294.798614502,402.672088623,365.529998779,120.139862061,33.2196044922,29.851650238,74.2674560547,14.4922409058,1.16260039806,0.0310725141317,0.000348172296071,0.000002023187335,5.01041519385e-9]},"erbbands_crest":{"dmean":2.01945877075,"dmean2":3.30659675598,"dvar":3.97653889656,"dvar2":9.73123645782,"max":26.7933483124,"mean":7.21967458725,"median":6.35478067398,"min":2.45959663391,"var":10.8024091721},"erbbands_flatness_db":{"dmean":0.0129372654483,"dmean2":0.0188015904278,"dvar":0.000187248471775,"dvar2":0.00035139080137,"max":0.360790431499,"mean":0.138275593519,"median":0.132712289691,"min":0.0478278584778,"var":0.00137861329131},"erbbands_kurtosis":{"dmean":0.633029162884,"dmean2":1.00228762627,"dvar":0.611533224583,"dvar2":1.43011903763,"max":26.6565437317,"mean":0.00806733313948,"median":-0.24450802803,"min":-1.85858762264,"var":1.69577777386},"erbbands_skewness":{"dmean":0.263892352581,"dmean2":0.406272858381,"dvar":0.0602636449039,"dvar2":0.137720122933,"max":2.58688879013,"mean":-0.510495483875,"median":-0.518689036369,"min":-4.34092998505,"var":0.241954177618},"erbbands_spread":{"dmean":8.8255777359,"dmean2":13.3393764496,"dvar":77.7698364258,"dvar2":167.123641968,"max":166.315002441,"mean":47.7808647156,"median":45.5610275269,"min":2.63118481636,"var":365.596984863},"gfcc":{"cov":[[20317.734375,357.804229736,-321.181030273,414.173126221,-629.815673828,286.224487305,-500.761230469,117.801734924,-450.185943604,95.0628967285,-305.509338379,65.3180541992,-244.677276611],[357.804229736,1122.1048584,-444.292236328,65.3160476685,198.391357422,-199.451080322,161.501754761,-63.0468482971,93.9737014771,-113.179458618,130.526626587,-102.738327026,80.36668396],[-321.181030273,-444.292236328,677.742004395,23.3375263214,1.17437791824,85.3667831421,-68.7619628906,32.9114532471,-70.2337799072,64.8095932007,-108.346641541,55.9886627197,-74.1395187378],[414.173126221,65.3160476685,23.3375263214,259.891540527,-68.2398300171,49.3475494385,-42.0725746155,-20.2768535614,45.5322151184,-33.5500106812,2.15354609489,-46.8005027771,27.5187797546],[-629.815673828,198.391357422,1.17437791824,-68.2398300171,271.9453125,-52.4027099609,83.7045440674,11.459151268,3.85718846321,3.57925152779,15.1060342789,5.46792268753,-1.36218881607],[286.224487305,-199.451080322,85.3667831421,49.3475494385,-52.4027099609,207.356033325,-14.7043581009,32.9186515808,-45.2157402039,-4.27534008026,-12.992846489,3.95357465744,-5.09363079071],[-500.761230469,161.501754761,-68.7619628906,-42.0725746155,83.7045440674,-14.7043581009,153.400466919,2.42133808136,10.6632070541,-32.1832199097,28.8443012238,0.640847504139,11.2069368362],[117.801734924,-63.0468482971,32.9114532471,-20.2768535614,11.459151268,32.9186515808,2.42133808136,100.827552795,10.427772522,21.4728183746,-13.5379228592,13.0298957825,8.32283878326],[-450.185943604,93.9737014771,-70.2337799072,45.5322151184,3.85718846321,-45.2157402039,10.6632070541,10.427772522,129.928482056,13.9589862823,32.6477851868,-30.7993488312,34.8164863586],[95.0628967285,-113.179458618,64.8095932007,-33.5500106812,3.57925152779,-4.27534008026,-32.1832199097,21.4728183746,13.9589862823,90.8644790649,12.5042295456,31.8779087067,-18.4389209747],[-305.509338379,130.526626587,-108.346641541,2.15354609489,15.1060342789,-12.992846489,28.8443012238,-13.5379228592,32.6477851868,12.5042295456,116.540740967,16.8694190979,28.4305076599],[65.3180541992,-102.738327026,55.9886627197,-46.8005027771,5.46792268753,3.95357465744,0.640847504139,13.0298957825,-30.7993488312,31.8779087067,16.8694190979,84.5603103638,-1.04018723965],[-244.677276611,80.36668396,-74.1395187378,27.5187797546,-1.36218881607,-5.09363079071,11.2069368362,8.32283878326,34.8164863586,-18.4389209747,28.4305076599,-1.04018723965,75.6704940796]],"icov":[[0.000105394879938,-0.000293227494694,0.000175506167579,-0.000228430595598,0.000275065394817,-0.000197954330361,0.000253674545093,-0.000226192452828,0.000373254501028,-0.000454911903944,0.000538460619282,-0.000451021827757,0.0003950841201],[-0.000293227494694,0.00336633948609,0.000262361223577,-0.000542694760952,-0.00213781464845,0.00263440445997,-0.00179744069465,0.000350053014699,-0.000128469662741,0.00255416356958,-0.00357609288767,0.00350088649429,-0.00162922777236],[0.000175506167579,0.000262361223577,0.00294234836474,-0.00161424593534,-0.000450064340839,-0.000404459511628,0.0003358546237,-0.000431784195825,0.00104702392127,-0.00177962100133,0.00255193654448,-0.00198086514138,0.00181971665006],[-0.000228430595598,-0.000542694760952,-0.00161424593534,0.00717908143997,0.000654902833048,-0.0022389004007,0.00174519990105,0.00201912154444,-0.00395606597885,0.00308519043028,-0.00118381273933,0.00190562650096,-0.00193112087436],[0.000275065394817,-0.00213781464845,-0.000450064340839,0.000654902833048,0.00641808472574,-0.000335662451107,-0.00147063739132,-0.00115898717195,0.00116253853776,-0.002699325094,0.00195941654965,-0.00129688577726,0.000972341746092],[-0.000197954330361,0.00263440445997,-0.000404459511628,-0.0022389004007,-0.000335662451107,0.00903906300664,-0.00221351254731,-0.00293439184316,0.00374617101625,0.00154376286082,-0.00395669182763,0.00400280626491,-0.00157291279174],[0.000253674545093,-0.00179744069465,0.0003358546237,0.00174519990105,-0.00147063739132,-0.00221351254731,0.0113018490374,-0.00101159710903,-0.00173979368992,0.00410026591271,-0.0000577767132199,-0.00350510468706,0.00245873723179],[-0.000226192452828,0.000350053014699,-0.000431784195825,0.00201912154444,-0.00115898717195,-0.00293439184316,-0.00101159710903,0.0136521533132,-0.00362036842853,-0.00215132487938,0.00250428752042,-0.000932474911679,-0.00364281679504],[0.000373254501028,-0.000128469662741,0.00104702392127,-0.00395606597885,0.00116253853776,0.00374617101625,-0.00173979368992,-0.00362036842853,0.0164238344878,-0.00772544741631,-0.00118738214951,0.00607351912186,-0.00417276797816],[-0.000454911903944,0.00255416356958,-0.00177962100133,0.00308519043028,-0.002699325094,0.00154376286082,0.00410026591271,-0.00215132487938,-0.00772544741631,0.0235855132341,-0.00753321312368,-0.00340103311464,0.00472076470032],[0.000538460619282,-0.00357609288767,0.00255193654448,-0.00118381273933,0.00195941654965,-0.00395669182763,-0.0000577767132199,0.00250428752042,-0.00118738214951,-0.00753321312368,0.0184998828918,-0.00872079655528,-0.00038789305836],[-0.000451021827757,0.00350088649429,-0.00198086514138,0.00190562650096,-0.00129688577726,0.00400280626491,-0.00350510468706,-0.000932474911679,0.00607351912186,-0.00340103311464,-0.00872079655528,0.0240093935281,-0.00695918314159],[0.0003950841201,-0.00162922777236,0.00181971665006,-0.00193112087436,0.000972341746092,-0.00157291279174,0.00245873723179,-0.00364281679504,-0.00417276797816,0.00472076470032,-0.00038789305836,-0.00695918314159,0.0217766668648]],"mean":[-3.51000714302,78.9490966797,-122.944419861,58.8275222778,-46.242389679,16.7136421204,-43.3356285095,7.53803300858,-26.5763397217,-7.57979345322,-18.5918807983,-2.82133460045,-11.190735817]},"hfc":{"dmean":7.96527338028,"dmean2":11.3079681396,"dvar":223.399169922,"dvar2":478.366516113,"max":251.484375,"mean":25.883895874,"median":21.0435600281,"min":1.08004860084e-16,"var":520.367248535},"melbands":{"dmean":[0.000834755948745,0.0011839264771,0.00141367525794,0.000621805258561,0.00015544902999,0.000117358096759,0.000116098424769,0.0000477694848087,0.0000385866260331,0.0000347210007021,0.0000435272158938,0.0000459174771095,0.0000252816680586,0.0000297063597827,0.0000384823506465,0.0000333456955559,0.0000226004758588,0.0000281078973785,0.0000250745924859,0.0000245660921792,0.0000268599796982,0.0000253604448517,0.0000199756996153,0.0000142800645335,0.0000107880978248,0.0000109104221337,0.00000709482583261,0.00000481935376229,0.00000394918151869,0.00000385280372939,0.00000406995332014,0.00000437919470642,0.00000435811898569,0.00000365530672752,0.00000219808975999,0.00000142301632877,9.76776050265e-7,9.73430701379e-7,0.00000149579318531,0.00000169337477018],"dmean2":[0.00131815776695,0.00192428368609,0.00232256064191,0.00101796758827,0.00025373022072,0.00019115487521,0.000190299964743,0.0000783979339758,0.0000615149619989,0.0000536009720236,0.000067106608185,0.0000706293503754,0.0000387403997593,0.0000454602704849,0.0000583330293011,0.0000519838140463,0.0000355965203198,0.0000443125827587,0.0000397363437514,0.0000381337413273,0.0000422282682848,0.0000411367655033,0.0000323361055052,0.0000233138380281,0.0000175717141246,0.0000176893972821,0.0000114614231279,0.00000793391882326,0.00000657524742564,0.00000654338327877,0.00000681923802404,0.00000724024812371,0.00000714769385013,0.00000592775313635,0.00000352727147401,0.00000230204477703,0.00000154423923959,0.00000146710226545,0.00000218970444621,0.00000258048044088],"dvar":[0.00000310579525831,0.000004530627848,0.00000571735336052,0.00000129204534005,6.34069294847e-8,7.6020967299e-8,7.95373082951e-8,1.58717874399e-8,1.25105259485e-8,6.57127019466e-9,1.18442509134e-8,1.37842386394e-8,4.93010654523e-9,5.59930013466e-9,8.98500651658e-9,7.29824289891e-9,3.30400640181e-9,4.72645611538e-9,2.51500775761e-9,2.71868660917e-9,2.43129671951e-9,1.41613376581e-9,7.84950549004e-10,5.31277855043e-10,2.8633875826e-10,2.54895826668e-10,1.28341531846e-10,7.36338143237e-11,7.05146566138e-11,7.86978190948e-11,9.27258478334e-11,1.07918722569e-10,1.1941213296e-10,7.4593435595e-11,2.4531576423e-11,1.20064661338e-11,5.77901225138e-12,4.86727715424e-12,2.60870422486e-11,6.69710051304e-11],"dvar2":[0.00000653406368656,0.0000114335480248,0.0000145766880451,0.0000032544116948,1.61462082815e-7,1.8528034218e-7,1.97867507268e-7,4.30254232242e-8,3.11165777589e-8,1.4630974654e-8,2.6369574968e-8,3.08430081475e-8,1.08041611213e-8,1.24089556408e-8,1.96716598566e-8,1.61539759347e-8,7.32680360827e-9,1.14628102565e-8,5.73221425881e-9,6.12598727301e-9,5.32108090923e-9,3.33434724276e-9,1.95102090039e-9,1.30274036003e-9,7.22799209374e-10,6.25072826832e-10,3.10953929272e-10,1.89596477407e-10,1.8235585264e-10,2.12557985102e-10,2.4584836944e-10,2.83711831806e-10,3.11224795935e-10,1.9334081558e-10,6.21903015197e-11,3.15377550464e-11,1.46502723147e-11,1.1071085021e-11,5.62190016762e-11,1.63103516804e-10],"max":[0.0259052328765,0.0375136770308,0.0337205640972,0.0178187638521,0.0049391631037,0.0050712232478,0.00604994595051,0.00332569587044,0.00267216959037,0.00228993827477,0.0030485575553,0.00303228804842,0.00203575543128,0.00163719500415,0.00216100318357,0.00197755172849,0.00135724525899,0.001552208676,0.00132110936102,0.00160625623539,0.00127038673963,0.00105222279672,0.000533741549589,0.000634313153569,0.000310826988425,0.000312477088301,0.000219771536649,0.000137502880534,0.000206897835596,0.000136422924697,0.000171874868101,0.000146568927448,0.000160206647706,0.000131416294607,0.0000773829160607,0.000079121266026,0.0000535510807822,0.0000437382223026,0.000135610243888,0.000248061114689],"mean":[0.00110662751831,0.00209599616937,0.00242114556022,0.0010757491691,0.000292962417006,0.00017858951469,0.000150063482579,0.0000766364610172,0.0000679902441334,0.0000613610172877,0.0000756285517127,0.0000838303603814,0.0000423086603405,0.0000510505851707,0.0000665422339807,0.0000522824229847,0.0000356404962076,0.0000466624223918,0.0000447819365945,0.0000461957279185,0.0000522663649463,0.0000532572557859,0.0000435144393123,0.0000293751218123,0.0000214110514207,0.0000223565912165,0.0000145062558659,0.00000894281129149,0.00000647214210403,0.00000604369506618,0.00000642831901132,0.00000684930864736,0.00000688326917953,0.00000636685626887,0.00000412490680901,0.00000251373899118,0.00000175437560301,0.0000018082130282,0.00000249651520789,0.00000226644783652],"median":[0.000412149587646,0.00115036824718,0.0017468171427,0.000765357282944,0.000204965021112,0.0000827921612654,0.0000563145295018,0.0000404268539569,0.0000266750521405,0.0000261607274297,0.0000264327190962,0.0000230638688663,0.0000146894490172,0.0000176384983206,0.0000245137962338,0.0000197728350031,0.0000140961537909,0.0000204702482733,0.0000224886443903,0.0000190851005755,0.0000279635878542,0.0000398438569391,0.0000329291215166,0.0000204223979381,0.0000136534436024,0.0000154242898134,0.00000973220994638,0.00000592421974943,0.00000368305427401,0.00000319295554618,0.00000283268514067,0.00000297693964058,0.00000261695686277,0.00000253202438216,0.00000154766780724,7.79257106842e-7,5.06556887103e-7,5.93795675741e-7,6.72685473546e-7,4.92260994633e-7],"min":[7.96349660402e-25,8.31055102889e-25,8.14050811647e-25,2.2571921628e-24,1.3170023938e-24,2.46199011734e-24,2.55650157024e-24,1.39014892959e-24,2.58114775429e-24,2.409591215e-24,1.79519971796e-24,2.5381412271e-24,2.37041638245e-24,2.17328773363e-24,4.00562505085e-24,4.1217686475e-24,4.55390901796e-24,3.18996772397e-24,3.10902704522e-24,4.9307455058e-24,4.15314835101e-24,3.66853058655e-24,4.27388824572e-24,5.28091731175e-24,2.94152091225e-24,4.73832024291e-24,4.97587268831e-24,4.76743788778e-24,4.83471036806e-24,5.39622313812e-24,3.86285029891e-24,5.08100181457e-24,6.01625439899e-24,5.94352773441e-24,5.82338816285e-24,5.81026072853e-24,5.87610537056e-24,5.76886012493e-24,6.25514278033e-24,7.1556697077e-24],"var":[0.00000457682472188,0.00000756562076276,0.00000750115486881,0.00000159442731729,1.11722791019e-7,1.21273927789e-7,9.47000486917e-8,2.07601846824e-8,2.88824963945e-8,1.74487642113e-8,2.89870332182e-8,3.74645949819e-8,1.06362145758e-8,1.21129692943e-8,1.99083736163e-8,1.34956064102e-8,5.94343863014e-9,7.92962939755e-9,5.17397991118e-9,6.46714504171e-9,6.11029937758e-9,3.21649040735e-9,1.76009773423e-9,1.12098974547e-9,5.60428869978e-10,5.50775147712e-10,2.57020821293e-10,1.0391659061e-10,8.29401894387e-11,8.28960650123e-11,1.10134526499e-10,1.3132510357e-10,1.46818640578e-10,1.06234063213e-10,4.50150403064e-11,2.09996811606e-11,1.10978422632e-11,1.00578928866e-11,3.96571005201e-11,6.44332087685e-11]},"melbands_crest":{"dmean":3.17134404182,"dmean2":5.2190785408,"dvar":7.9760594368,"dvar2":20.4997329712,"max":30.3845367432,"mean":14.1633338928,"median":13.9224386215,"min":1.00013184547,"var":20.4295711517},"melbands_flatness_db":{"dmean":0.0253780260682,"dmean2":0.0393805243075,"dvar":0.0006248705904,"dvar2":0.00141369656194,"max":0.415744900703,"mean":0.165127724409,"median":0.160871401429,"min":7.33436138489e-8,"var":0.00304169254377},"melbands_kurtosis":{"dmean":6.58275604248,"dmean2":10.2514095306,"dvar":113.833297729,"dvar2":264.686096191,"max":349.920135498,"mean":12.6513233185,"median":7.42850780487,"min":-1.79984629154,"var":275.900238037},"melbands_skewness":{"dmean":0.763685047626,"dmean2":1.16135251522,"dvar":0.604373991489,"dvar2":1.32710325718,"max":15.3741226196,"mean":2.95485424995,"median":2.73115801811,"min":-2.450963974,"var":2.65481281281},"melbands_spread":{"dmean":9.75806617737,"dmean2":15.327507019,"dvar":109.440986633,"dvar2":257.93170166,"max":213.351333618,"mean":33.6635284424,"median":30.0980606079,"min":1.26594531536,"var":423.651031494},"mfcc":{"cov":[[12488.0322266,496.294189453,164.983444214,194.27734375,21.9796276093,95.8777770996,-78.7303009033,-2.94829821587,-84.3806686401,-100.485038757,5.08930683136,-141.428497314,-20.5534706116],[496.294189453,1039.26965332,-454.30557251,226.343170166,15.2893915176,-40.3630104065,70.7955551147,31.628780365,-7.25272464752,-9.09104442596,4.76506137848,21.8943595886,21.723657608],[164.983444214,-454.30557251,579.9765625,-28.2244682312,51.2170944214,57.875919342,-33.1225357056,-10.6111297607,14.6159362793,-16.3754997253,2.35359215736,-20.6388893127,-17.1989154816],[194.27734375,226.343170166,-28.2244682312,214.18132019,34.2478370667,4.32263422012,-29.6919136047,-4.20156240463,15.641204834,4.24119949341,-6.40108108521,9.55652809143,5.23815822601],[21.9796276093,15.2893915176,51.2170944214,34.2478370667,146.441223145,19.6260757446,10.1413106918,-0.535172939301,21.5657997131,12.4715452194,10.6355953217,-5.5413312912,8.89479637146],[95.8777770996,-40.3630104065,57.875919342,4.32263422012,19.6260757446,99.1046218872,34.5655212402,14.7460489273,-8.51356506348,-6.18527364731,2.88973593712,-2.53585720062,-13.8694629669],[-78.7303009033,70.7955551147,-33.1225357056,-29.6919136047,10.1413106918,34.5655212402,134.236999512,52.6781806946,-6.16028833389,-22.2456283569,7.653673172,-2.98867273331,-2.49037957191],[-2.94829821587,31.628780365,-10.6111297607,-4.20156240463,-0.535172939301,14.7460489273,52.6781806946,82.35962677,20.9705715179,2.84981584549,-7.99182224274,-5.60765743256,-3.01573586464],[-84.3806686401,-7.25272464752,14.6159362793,15.641204834,21.5657997131,-8.51356506348,-6.16028833389,20.9705715179,86.0046844482,33.9428291321,-4.02219629288,-16.5907726288,-3.14885616302],[-100.485038757,-9.09104442596,-16.3754997253,4.24119949341,12.4715452194,-6.18527364731,-22.2456283569,2.84981584549,33.9428291321,71.8906860352,13.0380563736,-0.27623462677,0.838154315948],[5.08930683136,4.76506137848,2.35359215736,-6.40108108521,10.6355953217,2.88973593712,7.653673172,-7.99182224274,-4.02219629288,13.0380563736,54.5041122437,22.4839477539,7.68666934967],[-141.428497314,21.8943595886,-20.6388893127,9.55652809143,-5.5413312912,-2.53585720062,-2.98867273331,-5.60765743256,-16.5907726288,-0.27623462677,22.4839477539,58.3393287659,22.416513443],[-20.5534706116,21.723657608,-17.1989154816,5.23815822601,8.89479637146,-13.8694629669,-2.49037957191,-3.01573586464,-3.14885616302,0.838154315948,7.68666934967,22.416513443,52.7601013184]],"icov":[[0.000093316026323,-0.0000912019677344,-0.0000654307295918,-0.00000550429012947,0.000029551127227,-0.000131082357257,0.000210988684557,-0.000116782044643,0.000126517901663,0.000140318021295,-0.000216879445361,0.000399667274905,-0.000115925089631],[-0.0000912019677344,0.00242448411882,0.00165708723944,-0.00248563825153,-0.000279790663626,0.000882355729118,-0.00153759284876,-0.000130885644467,0.000214205050725,0.000333815260092,-0.000430740561569,0.00000324459142576,0.0000210880170926],[-0.0000654307295918,0.00165708723944,0.00326596945524,-0.00109353393782,-0.0009298545192,-0.000901540799532,0.000386976607842,-0.000317664176691,-0.000595179619268,0.00159681134392,-0.000958911958151,0.000532227219082,0.000237997504883],[-0.00000550429012947,-0.00248563825153,-0.00109353393782,0.00808831304312,-0.00126308656763,-0.0017691932153,0.00332555081695,-0.000178622547537,-0.00157346623018,0.000493222149089,0.00161851639859,-0.00200969539583,0.00027274878812],[0.000029551127227,-0.000279790663626,-0.0009298545192,-0.00126308656763,0.00844504963607,-0.00142877711914,-0.0013548162533,0.00145501538645,-0.00167948543094,-0.00108135736082,-0.00157192721963,0.00195481604896,-0.00251571950503],[-0.000131082357257,0.000882355729118,-0.000901540799532,-0.0017691932153,-0.00142877711914,0.0137039851397,-0.00440571131185,-0.000678807380609,0.00238998397253,-0.00133148231544,0.000393360009184,-0.00144069909584,0.00378258805722],[0.000210988684557,-0.00153759284876,0.000386976607842,0.00332555081695,-0.0013548162533,-0.00440571131185,0.0151056330651,-0.00870996713638,0.000621811777819,0.0054288408719,-0.00461598113179,0.00253035593778,-0.000655043695588],[-0.000116782044643,-0.000130885644467,-0.000317664176691,-0.000178622547537,0.00145501538645,-0.000678807380609,-0.00870996713638,0.0195506382734,-0.00503837084398,-0.00255766976625,0.00498266331851,-0.00219974620268,0.000153829547344],[0.000126517901663,0.000214205050725,-0.000595179619268,-0.00157346623018,-0.00167948543094,0.00238998397253,0.000621811777819,-0.00503837084398,0.0179760865867,-0.00747863482684,0.00035369375837,0.00483586220071,-0.000338441721397],[0.000140318021295,0.000333815260092,0.00159681134392,0.000493222149089,-0.00108135736082,-0.00133148231544,0.0054288408719,-0.00255766976625,-0.00747863482684,0.0211487784982,-0.00703739095479,0.00123768928461,0.0000482303803437],[-0.000216879445361,-0.000430740561569,-0.000958911958151,0.00161851639859,-0.00157192721963,0.000393360009184,-0.00461598113179,0.00498266331851,0.00035369375837,-0.00703739095479,0.0265846382827,-0.0114976717159,0.00119977782015],[0.000399667274905,0.00000324459142576,0.000532227219082,-0.00200969539583,0.00195481604896,-0.00144069909584,0.00253035593778,-0.00219974620268,0.00483586220071,0.00123768928461,-0.0114976717159,0.0284492485225,-0.0103305503726],[-0.000115925089631,0.0000210880170926,0.000237997504883,0.00027274878812,-0.00251571950503,0.00378258805722,-0.000655043695588,0.000153829547344,-0.000338441721397,0.0000482303803437,0.00119977782015,-0.0103305503726,0.0245401766151]],"mean":[-633.5390625,95.236618042,-6.43285369873,38.6144371033,19.1672039032,9.30026054382,0.961505293846,8.71912574768,-0.858437359333,-4.98249864578,-0.765214383602,-6.05475711823,-1.49247586727]},"pitch_salience":{"dmean":0.0674405768514,"dmean2":0.112042985857,"dvar":0.00362636172213,"dvar2":0.00980581436306,"max":0.99609708786,"mean":0.594187259674,"median":0.60071349144,"min":0.119524233043,"var":0.00831923447549},"silence_rate_20dB":{"dmean":0,"dmean2":0,"dvar":0,"dvar2":0,"max":1,"mean":1,"median":1,"min":1,"var":0},"silence_rate_30dB":{"dmean":0.00382690620609,"dmean2":0.00765437539667,"dvar":0.00381265161559,"dvar2":0.0108354520053,"max":1,"mean":0.997718751431,"median":1,"min":0,"var":0.00227626389824},"silence_rate_60dB":{"dmean":0.00456284964457,"dmean2":0.00912637077272,"dvar":0.00454202201217,"dvar2":0.0103679029271,"max":1,"mean":0.0925012901425,"median":0,"min":0,"var":0.0839468091726},"spectral_centroid":{"dmean":281.01550293,"dmean2":441.664703369,"dvar":88065.0234375,"dvar2":207474.28125,"max":11894.8828125,"mean":1819.95300293,"median":1805.8248291,"min":226.397521973,"var":617687.4375},"spectral_complexity":{"dmean":4.4526052475,"dmean2":6.59821891785,"dvar":23.0641880035,"dvar2":44.4429969788,"max":60,"mean":25.5118103027,"median":26,"min":0,"var":151.06854248},"spectral_contrast_coeffs":{"dmean":[0.053521566093,0.0442834757268,0.0344653986394,0.0275593269616,0.0201014336199,0.01715471223],"dmean2":[0.0873017311096,0.0730453506112,0.0564171075821,0.0451021045446,0.0329421311617,0.0284336619079],"dvar":[0.00195464026183,0.00131773354951,0.000776872038841,0.000508296652697,0.000265426642727,0.000301457592286],"dvar2":[0.00509614823386,0.00353065412492,0.00199579563923,0.00130730995443,0.000697433191817,0.000777712964918],"max":[-0.360575020313,-0.405676066875,-0.509945273399,-0.588810265064,-0.560381293297,-0.617516160011],"mean":[-0.621114015579,-0.768814861774,-0.791184842587,-0.798749923706,-0.788389623165,-0.750213503838],"median":[-0.613657832146,-0.773856520653,-0.798151493073,-0.806754112244,-0.789343178272,-0.747595906258],"min":[-0.977369904518,-0.99923145771,-0.99770796299,-0.985833764076,-0.987044513226,-0.963468670845],"var":[0.00785646121949,0.00451322039589,0.00349114905111,0.00242584757507,0.00160650303587,0.00151022837963]},"spectral_contrast_valleys":{"dmean":[0.417057722807,0.343454629183,0.301487714052,0.253879994154,0.21521371603,0.263727277517],"dmean2":[0.674368023872,0.563813090324,0.482565373182,0.396536886692,0.331138700247,0.349562555552],"dvar":[0.129545345902,0.103636413813,0.0833055824041,0.0715346485376,0.0759870633483,0.150280743837],"dvar2":[0.303151190281,0.238413736224,0.180317118764,0.147387415171,0.146465063095,0.277851551771],"max":[-5.0300154686,-5.07586574554,-5.71082162857,-5.75898361206,-5.47119283676,-7.66230583191],"mean":[-7.26622581482,-7.17584371567,-7.62889719009,-7.47966241837,-7.12159252167,-9.97000312805],"median":[-6.93643712997,-6.84392213821,-7.32609176636,-7.17809772491,-6.80927371979,-9.64388275146],"min":[-28.5749645233,-28.208272934,-27.8055076599,-27.7291145325,-27.4561271667,-27.4189052582],"var":[3.2219645977,3.06048202515,2.9135017395,2.86136245728,2.88864421844,2.93911790848]},"spectral_decrease":{"dmean":2.4801893872e-9,"dmean2":3.76851261308e-9,"dvar":1.31607636646e-17,"dvar2":2.97101306112e-17,"max":9.94458645313e-28,"mean":-6.87369317021e-9,"median":-5.98565996768e-9,"min":-4.77308645941e-8,"var":2.88353176303e-17},"spectral_energy":{"dmean":0.00981723424047,"dmean2":0.0148045970127,"dvar":0.00020583026344,"dvar2":0.000453513697721,"max":0.186972633004,"mean":0.0282905995846,"median":0.0248143188655,"min":1.01567625256e-20,"var":0.000467006873805},"spectral_energyband_high":{"dmean":0.000686376704834,"dmean2":0.0010047161486,"dvar":0.00000243387580667,"dvar2":0.00000560163152841,"max":0.0228183250874,"mean":0.00143188785296,"median":0.000678079202771,"min":7.05214446819e-21,"var":0.00000434395815319},"spectral_energyband_low":{"dmean":0.00603331811726,"dmean2":0.00948056858033,"dvar":0.0000946260988712,"dvar2":0.00022059645562,"max":0.139055326581,"mean":0.011856701225,"median":0.00795810203999,"min":9.40292301195e-24,"var":0.00017944778665},"spectral_energyband_middle_high":{"dmean":0.00158808147535,"dmean2":0.00239774491638,"dvar":0.00000477431194668,"dvar2":0.0000103268521343,"max":0.0303553678095,"mean":0.0060022235848,"median":0.00433511845767,"min":1.17470935898e-21,"var":0.0000242418882408},"spectral_energyband_middle_low":{"dmean":0.00549570890144,"dmean2":0.0087800854817,"dvar":0.0000848726485856,"dvar2":0.000203428600798,"max":0.113329984248,"mean":0.0116120195016,"median":0.00941205956042,"min":1.62912840465e-22,"var":0.000123658115626},"spectral_entropy":{"dmean":0.106636978686,"dmean2":0.160012066364,"dvar":0.0129910921678,"dvar2":0.0279564764351,"max":9.81652641296,"mean":7.86946773529,"median":7.8875374794,"min":6.35131597519,"var":0.094929382205},"spectral_flux":{"dmean":0.024342764169,"dmean2":0.0375698693097,"dvar":0.000820625165943,"dvar2":0.001786236302,"max":0.360084354877,"mean":0.0856568515301,"median":0.0791322439909,"min":6.37069008658e-11,"var":0.0024415247608},"spectral_kurtosis":{"dmean":1.08990299702,"dmean2":1.84009206295,"dvar":1.91530632973,"dvar2":5.64736223221,"max":39.5536079407,"mean":3.27277946472,"median":2.81032800674,"min":-1.32208132744,"var":4.95528507233},"spectral_rms":{"dmean":0.000813974067569,"dmean2":0.00120070774574,"dvar":0.00000100130444025,"dvar2":0.0000020329975996,"max":0.0135060111061,"mean":0.0047945799306,"median":0.00492027355358,"min":3.14786217925e-12,"var":0.0000046126469897},"spectral_rolloff":{"dmean":696.679321289,"dmean2":1147.96801758,"dvar":897245.8125,"dvar2":2195164.75,"max":19422.9492188,"mean":2201.56787109,"median":2174.85351562,"min":64.599609375,"var":3405200.75},"spectral_skewness":{"dmean":0.155512064695,"dmean2":0.257500857115,"dvar":0.0271682366729,"dvar2":0.0732789486647,"max":3.91687893867,"mean":1.20413053036,"median":1.17627441883,"min":-0.102578125894,"var":0.0899944677949},"spectral_spread":{"dmean":500499.1875,"dmean2":698231,"dvar":731245051904,"dvar2":1486991785980,"max":51982548,"mean":4709626.5,"median":4401531.5,"min":1027640.75,"var":7226130432000},"spectral_strongpeak":{"dmean":0.382730275393,"dmean2":0.663096010685,"dvar":0.481014251709,"dvar2":1.25171422958,"max":8.94789600372,"mean":0.615767419338,"median":0.416231900454,"min":0,"var":0.610088050365},"zerocrossingrate":{"dmean":0.0110836755484,"dmean2":0.0130108427256,"dvar":0.000117412382679,"dvar2":0.00015478284331,"max":0.521484375,"mean":0.0802834779024,"median":0.07373046875,"min":0.00634765625,"var":0.00204180856235}},"metadata":{"audio_properties":{"analysis_sample_rate":44100,"bit_rate":0,"codec":"flac","downmix":"mix","equal_loudness":0,"length":315.493347168,"lossless":true,"md5_encoded":"1951f89bd58157ee52bc0d81c35f92e5","replay_gain":-7.06409072876},"tags":{"album":["The Last in Line"],"albumartist":["Dio"],"albumartistsort":["Dio"],"artist":["Dio"],"artistsort":["Dio"],"date":["1984-08-29"],"discnumber":["1"],"disctotal":["1"],"file_name":"5 - One Night in the City.flac","musicbrainz_albumartistid":["c55193fb-f5d2-4839-a263-4c044fca1456"],"musicbrainz_albumid":["fd086ea8-cf74-4450-8e07-6a7d60f39c5a"],"musicbrainz_artistid":["c55193fb-f5d2-4839-a263-4c044fca1456"],"musicbrainz_recordingid":["5b373726-8088-46f2-8adc-e9dba67b7fd9"],"musicbrainz_releasegroupid":["798601d4-f28e-3835-b10c-1a00ecf773b8"],"producer":["Ronnie James Dio"],"releasecountry":["US"],"releasetype":["album"],"replaygain_album_gain":["-2.59 dB"],"replaygain_album_peak":["0.97802734"],"replaygain_reference_loudness":["89.0 dB"],"replaygain_track_gain":["-1.46 dB"],"replaygain_track_peak":["0.84747314"],"title":["One Night in the City"],"totaldiscs":["1"],"totaltracks":["9"],"tracknumber":["5"],"tracktotal":["9"]},"version":{"essentia":"2.1-beta1","essentia_build_sha":"0a826ad6289770054bb7564d59068f1232327ff9","essentia_git_sha":"v2.1_beta1-5-gf9dded9","extractor":"music 1.0"}},"rhythm":{"beats_count":530,"beats_loudness":{"dmean":0.0198149885982,"dmean2":0.0344080291688,"dvar":0.000357551325578,"dvar2":0.00109838799108,"max":0.136437386274,"mean":0.0456151291728,"median":0.0461386404932,"min":0,"var":0.000644564803224},"beats_loudness_band_ratio":{"dmean":[0.19833432138,0.0827815383673,0.0424573346972,0.0698613077402,0.0729087218642,0.0866394788027],"dmean2":[0.351780533791,0.148371383548,0.0753999948502,0.122185260057,0.128002807498,0.162053897977],"dvar":[0.0220195744187,0.00419638538733,0.00294256187044,0.0