{"lowlevel":{"average_loudness":0.969643235207,"barkbands":{"dmean":[0.00468891160563,0.00932127796113,0.00199734955095,0.00105316424742,0.00174029998016,0.00107442995068,0.000920852122363,0.000691037159413,0.00110360677354,0.00102552608587,0.00106147991028,0.00222147535533,0.00157946615946,0.00125618081074,0.000754103821237,0.000433945184341,0.000166714686202,0.000132744768052,0.0000652089656796,0.0000398241718358,0.0000302905336866,0.0000172441777977,0.0000077228032751,0.00000366665540241,0.00000265738572125,0.00000502352986587,0.000551566132344],"dmean2":[0.00746359908953,0.0159423425794,0.00349209760316,0.00183413422201,0.00299488776363,0.00180742458906,0.00155802746303,0.00116357777733,0.00185924384277,0.00174371397588,0.00181273382623,0.003741070861,0.00265498925,0.0021039834246,0.00125710119028,0.000727447273675,0.000279064144706,0.000220584144699,0.00010573513282,0.0000642401209916,0.0000463696051156,0.0000270592772722,0.00001214033,0.00000577835407967,0.00000438890901933,0.00000783698305895,0.000905949564185],"dvar":[0.0000633246527286,0.000206571261515,0.00000862783781486,0.00000270081318376,0.0000103572983789,0.00000370499265046,0.00000344154886989,0.0000027386961392,0.00000337863048117,0.00000174710146439,0.00000152505811002,0.00000609135258856,0.00000304322270495,0.00000214740271076,6.5510675995e-7,2.18382908201e-7,3.62786103381e-8,5.58425767849e-8,1.48734926597e-8,6.50852971518e-9,7.45199901786e-9,2.86797319227e-9,6.46667830395e-10,4.04841403456e-11,1.64644860245e-11,9.05569647047e-11,3.34802820134e-7],"dvar2":[0.0001464701636,0.000554826750886,0.0000243122885877,0.00000762471972848,0.0000286203285214,0.00000991721299215,0.0000094564002211,0.00000760591865401,0.00000918284877116,0.00000474446596854,0.0000041117859837,0.0000166636182257,0.00000841824112285,0.00000603473017691,0.00000174426168087,6.02497948421e-7,9.62103428037e-8,1.37924828891e-7,3.38952794721e-8,1.47770062853e-8,1.36725502031e-8,6.62382548811e-9,1.42805156589e-9,8.50736564528e-11,4.09583235383e-11,1.97594413054e-10,8.94472691471e-7],"max":[0.106605499983,0.157128736377,0.0326465219259,0.0200157444924,0.0468169599771,0.0312909148633,0.0440765097737,0.0321843773127,0.046504676342,0.0207785945386,0.0186405330896,0.0459962934256,0.0319382250309,0.0433058924973,0.0205076541752,0.00785774551332,0.00304995384067,0.00545605039224,0.00465213274583,0.00262295268476,0.00349981896579,0.0018566531362,0.000691703753546,0.0002006652212,0.0000536137922609,0.000247404183028,0.0206272769719],"mean":[0.00519611407071,0.0112108122557,0.00206815870479,0.00116542633623,0.00223929295316,0.00154768791981,0.00129485270008,0.000958431279287,0.00171470153145,0.00164920918178,0.00170903676189,0.0039578769356,0.00294640101492,0.00243881368078,0.00155752187129,0.000856328406371,0.000338377722073,0.000251293968176,0.000125542253954,0.0000813968872535,0.0000563009161851,0.0000276673054032,0.0000110788496386,0.00000488108662466,0.00000278880429505,0.00000797009943199,0.00167364778463],"median":[0.00192212802358,0.00723935104907,0.00110053177923,0.000576291466132,0.00136796478182,0.000731769716367,0.000538383435924,0.00032034603646,0.00100011844188,0.00125124806073,0.00137788546272,0.00323643488809,0.00252892426215,0.00212763110176,0.00139194668736,0.000753686763346,0.000293813296594,0.000181097973837,0.0000857798368088,0.0000590148374613,0.0000342768180417,0.0000162675987667,0.0000057417851167,0.00000238307325162,0.00000127258238081,0.0000049419345487,0.00162452924997],"min":[6.7317509442e-25,2.87198617612e-24,2.68127436842e-25,1.76080774907e-24,6.48882112983e-24,1.20970478752e-23,4.66345024326e-24,5.85951444244e-24,2.06633941524e-23,1.33080203622e-23,1.7734230549e-23,1.59962595343e-23,3.53051921341e-23,3.5293810449e-23,2.72095922913e-23,5.45497505287e-23,7.04706675356e-23,6.61664089339e-23,1.20637734067e-22,1.72594107525e-22,2.5666148696e-22,2.93701447333e-22,4.00564382574e-22,5.51914503787e-22,9.26988253536e-22,1.26441776284e-21,1.85940992855e-21],"var":[0.0000724115016055,0.000197179979295,0.00000796315453044,0.00000291353239845,0.00000976615137915,0.00000584644840274,0.0000050879734772,0.00000415568001699,0.00000533007460035,0.00000248727815233,0.00000212547433875,0.0000107319492599,0.00000531940122528,0.00000389000251744,0.00000139670123644,3.96118423396e-7,6.09284427355e-8,9.36060260415e-8,2.62035708687e-8,1.22419612225e-8,1.62196833742e-8,3.66236863059e-9,8.2214546282e-10,6.90337162434e-11,1.78035121368e-11,1.37280645185e-10,9.88794454315e-7]},"barkbands_crest":{"dmean":2.69002842903,"dmean2":4.53103542328,"dvar":6.104180336,"dvar2":16.6496124268,"max":23.5464019775,"mean":7.72366428375,"median":6.74655056,"min":2.60617256165,"var":12.054558754},"barkbands_flatness_db":{"dmean":0.0205318760127,"dmean2":0.0335040353239,"dvar":0.000317934027407,"dvar2":0.000841856875923,"max":0.274902164936,"mean":0.123450666666,"median":0.120460294187,"min":0.0436257757246,"var":0.000707361614332},"barkbands_kurtosis":{"dmean":1.53717839718,"dmean2":2.60316681862,"dvar":6.65234804153,"dvar2":17.7601566315,"max":48.0112380981,"mean":1.97111880779,"median":1.17815828323,"min":-1.90934276581,"var":8.36359405518},"barkbands_skewness":{"dmean":0.44048961997,"dmean2":0.727828860283,"dvar":0.213433593512,"dvar2":0.557094991207,"max":6.17701101303,"mean":1.13244926929,"median":1.00376796722,"min":-3.06807899475,"var":0.547925233841},"barkbands_spread":{"dmean":7.2813873291,"dmean2":12.091381073,"dvar":35.8072891235,"dvar2":95.6338195801,"max":135.139343262,"mean":36.2717475891,"median":36.4512939453,"min":4.87274217606,"var":104.352058411},"dissonance":{"dmean":0.0112419156358,"dmean2":0.0197667591274,"dvar":0.000170617815456,"dvar2":0.000473919615615,"max":0.500000119209,"mean":0.485674023628,"median":0.488807410002,"min":0,"var":0.000161970994668},"dynamic_complexity":1.80218362808,"erbbands":{"dmean":[0.489092200994,1.43802642822,2.42605876923,2.45808744431,5.08810806274,6.20399141312,6.60087394714,9.78893947601,13.9160966873,13.0191841125,17.0227069855,23.960018158,33.5990333557,26.6348495483,55.0742492676,89.1267547607,73.4135971069,52.2539138794,53.451335907,32.2293815613,15.848733902,8.77017211914,6.73983097076,4.87333679199,2.70966386795,1.88190639019,1.49019408226,0.981754422188,0.650958180428,0.376779288054,0.190547481179,0.0959461480379,0.0524196326733,0.0296417754143,0.0190618485212,0.0121943540871,0.00992595218122,0.00864981207997,0.00534089328721,0.0131111759692],"dmean2":[0.834937751293,2.49260091782,4.23325014114,4.21918773651,8.95604419708,10.6248130798,11.2527742386,16.6638412476,23.5076522827,22.2434177399,28.7204551697,40.273979187,57.1507759094,45.3124160767,93.3567810059,150.131576538,124.182182312,87.494758606,89.100730896,53.6758575439,26.4413280487,14.6389560699,11.1845054626,7.9733505249,4.38498449326,3.01555156708,2.31510305405,1.49389445782,1.01240110397,0.59467202425,0.300143241882,0.148931980133,0.0845096260309,0.0489882230759,0.031431119889,0.0199014749378,0.0153221646324,0.0133876679465,0.00811989232898,0.02102737315],"dvar":[0.607157051563,4.48961496353,11.2836875916,11.4713287354,88.7390518188,130.886077881,163.330062866,326.29989624,856.312255859,866.959594727,1497.73522949,1936.98583984,2097.93139648,1020.95477295,3832.58032227,10470.8710938,7144.72314453,3342.02490234,3551.3527832,1163.28137207,295.63079834,103.711265564,105.284996033,89.9229660034,29.5097045898,11.4145917892,20.7032241821,7.34451389313,3.91851210594,1.64549815655,0.395241886377,0.0424832142889,0.00668272282928,0.00208138069138,0.000826690695249,0.000290642783511,0.000330830487655,0.000483791605802,0.0000580430823902,0.000155672983965],"dvar2":[1.60802078247,12.4216098785,31.5002975464,31.5698947906,253.134994507,359.861541748,445.772979736,883.680603027,2355.24682617,2364.9621582,4198.33740234,5252.77539062,5735.75488281,2705.14990234,10305.9169922,28592.7597656,19604.9199219,9328.20019531,9560.55761719,3215.34350586,800.651306152,272.371002197,267.555786133,211.384109497,69.296257019,24.4632911682,42.5516777039,13.3415164948,8.79954624176,3.91044235229,0.855540215969,0.0811360999942,0.0157885160297,0.00518209254369,0.002053871518,0.000710333348252,0.000663994811475,0.00109757226892,0.000114491704153,0.00038925834815],"max":[7.74126577377,29.0585575104,38.0494194031,47.6626586914,142.949035645,203.252853394,239.45475769,329.865234375,682.101745605,548.684448242,671.589111328,1424.85107422,707.585021973,700.610900879,1487.74108887,1847.32568359,1675.07446289,1608.02929688,1414.87072754,496.720703125,231.55241394,180.233581543,303.497497559,282.794036865,141.827896118,93.9114532471,201.476364136,105.785758972,68.2151260376,32.7974395752,24.5233898163,8.5727148056,1.59267950058,0.604410529137,0.378992468119,0.213338539004,0.600217580795,0.583407759666,0.28378418088,0.303575128317],"mean":[0.55287784338,1.64381539822,2.64323329926,3.11506676674,5.87293338776,7.69189357758,8.65462779999,13.7518720627,19.0104808807,18.1694698334,24.928565979,37.6581840515,53.7104873657,49.0564193726,101.460968018,163.155563354,142.878112793,115.030822754,112.338851929,70.7719345093,35.2592391968,19.3853397369,14.2558355331,9.28912067413,5.47948980331,3.85757160187,2.75745272636,1.83835780621,1.07485592365,0.551465451717,0.274872004986,0.139076635242,0.063307069242,0.0314331613481,0.0204163882881,0.0148610277101,0.0166782159358,0.0187229551375,0.022173544392,0.0549258589745],"median":[0.321145445108,1.02181172371,1.4960026741,1.88840866089,3.18865966797,4.49385404587,4.40555763245,6.35877227783,8.06589412689,6.53083658218,9.55284690857,21.3944282532,38.8975906372,39.4575500488,85.2266235352,135.414093018,123.671203613,105.998085022,100.709197998,64.9814453125,32.2659759521,17.3224220276,11.442861557,6.07097053528,3.84517288208,2.79102706909,1.6998257637,1.14304542542,0.645036697388,0.294439017773,0.141181260347,0.0717252641916,0.0300005525351,0.0147061161697,0.00961826834828,0.00810465589166,0.0104746129364,0.0140066854656,0.0206127744168,0.0553262606263],"min":[8.33619610806e-23,5.10237252981e-22,2.37820282612e-21,8.6788678442e-21,1.45386573088e-20,1.58608263542e-20,3.35106472717e-20,8.35719701414e-20,8.31579016213e-20,1.01879848779e-19,2.15690756843e-19,3.37246111081e-19,3.81539073793e-19,6.21860322447e-19,7.21404943422e-19,1.07745372286e-18,1.69428065128e-18,2.24897566574e-18,2.06071390782e-18,2.72254731978e-18,4.02351361935e-18,4.29063588174e-18,3.42115676818e-18,5.7554863062e-18,7.38584357711e-18,7.96137682217e-18,7.65662032345e-18,1.14987328209e-17,1.05723079056e-17,1.19553224569e-17,1.12135217728e-17,1.09110722808e-17,8.92467165888e-18,8.35179449076e-18,6.36200739136e-18,4.41643185494e-18,2.12420787805e-18,8.61251148008e-19,2.63207681842e-19,2.59409026131e-20],"var":[0.582326292992,4.16051864624,10.9973096848,13.529715538,82.3734817505,124.514686584,180.109634399,495.696136475,1179.87634277,1228.36523438,2313.96533203,2888.01904297,2982.80493164,1561.99023438,6412.13769531,17806.7734375,12282.6962891,6948.01855469,7475.56835938,2432.81347656,577.878356934,183.700439453,185.789581299,158.995513916,49.6359672546,23.1763687134,39.3103256226,15.3110733032,5.40648651123,1.86827421188,0.524098873138,0.0756031498313,0.00930775143206,0.00223502982408,0.000905545195565,0.000363088416634,0.000592023949139,0.000664608494844,0.000187531026313,0.000820650486276]},"erbbands_crest":{"dmean":2.19692707062,"dmean2":3.78833794594,"dvar":3.73493027687,"dvar2":10.4692430496,"max":24.5490169525,"mean":8.2580499649,"median":7.89316225052,"min":2.59926271439,"var":5.79250812531},"erbbands_flatness_db":{"dmean":0.0208398513496,"dmean2":0.0330485068262,"dvar":0.000285667571006,"dvar2":0.000691046414431,"max":0.354721188545,"mean":0.183781087399,"median":0.183934658766,"min":0.0340545959771,"var":0.00116505171172},"erbbands_kurtosis":{"dmean":1.16454613209,"dmean2":1.95458078384,"dvar":1.07919764519,"dvar2":2.94788813591,"max":16.3917446136,"mean":2.36998295784,"median":2.30743503571,"min":-1.25842821598,"var":2.87532687187},"erbbands_skewness":{"dmean":0.327290147543,"dmean2":0.543841838837,"dvar":0.0697209313512,"dvar2":0.186037093401,"max":1.64602410793,"mean":-0.512855529785,"median":-0.53555893898,"min":-2.28222990036,"var":0.210801765323},"erbbands_spread":{"dmean":3.53710484505,"dmean2":5.82536792755,"dvar":10.9596452713,"dvar2":28.5349979401,"max":88.9836654663,"mean":14.5963878632,"median":13.3274555206,"min":2.90276432037,"var":36.5819129944},"gfcc":{"cov":[[18206.2226562,1597.03967285,-1399.14819336,-201.171813965,-152.500335693,-62.6351966858,50.4778823853,-223.889984131,29.2338790894,-2.54183483124,70.086730957,-21.0654239655,-16.9408550262],[1597.03967285,586.635559082,-166.704162598,-88.862121582,101.891426086,-129.61857605,65.3921127319,-69.0908660889,52.223613739,-18.9277534485,29.2020320892,-28.9250411987,15.5230197906],[-1399.14819336,-166.704162598,387.079345703,160.192321777,-74.6933517456,124.658569336,-19.7134056091,127.438423157,-30.0749111176,48.2239303589,-0.746198892593,23.2332019806,3.23813581467],[-201.171813965,-88.862121582,160.192321777,227.657806396,-5.34863758087,68.9315795898,86.4348907471,53.5714225769,-9.18113899231,17.2607841492,-5.74310445786,33.928237915,-20.0643157959],[-152.500335693,101.891426086,-74.6933517456,-5.34863758087,201.976089478,20.5368385315,58.0220146179,-35.4536819458,7.45113801956,-28.3196239471,2.11489224434,-11.0812129974,26.5366687775],[-62.6351966858,-129.61857605,124.658569336,68.9315795898,20.5368385315,177.335296631,-3.78609776497,72.9706268311,-26.6702594757,17.9769515991,-2.76058554649,13.155755043,21.6894207001],[50.4778823853,65.3921127319,-19.7134056091,86.4348907471,58.0220146179,-3.78609776497,157.800704956,-10.5374183655,36.5881080627,-4.66845035553,-0.549576997757,23.5420131683,-15.2371854782],[-223.889984131,-69.0908660889,127.438423157,53.5714225769,-35.4536819458,72.9706268311,-10.5374183655,121.529624939,-8.10847663879,39.299369812,12.1007585526,0.737876594067,13.5406990051],[29.2338790894,52.223613739,-30.0749111176,-9.18113899231,7.45113801956,-26.6702594757,36.5881080627,-8.10847663879,71.6456680298,21.5677070618,13.1943387985,15.0942525864,-6.41594791412],[-2.54183483124,-18.9277534485,48.2239303589,17.2607841492,-28.3196239471,17.9769515991,-4.66845035553,39.299369812,21.5677070618,56.096950531,27.8958320618,13.740486145,7.46832752228],[70.086730957,29.2020320892,-0.746198892593,-5.74310445786,2.11489224434,-2.76058554649,-0.549576997757,12.1007585526,13.1943387985,27.8958320618,42.7846565247,17.8480739594,13.3291397095],[-21.0654239655,-28.9250411987,23.2332019806,33.928237915,-11.0812129974,13.155755043,23.5420131683,0.737876594067,15.0942525864,13.740486145,17.8480739594,47.8269691467,9.75274467468],[-16.9408550262,15.5230197906,3.23813581467,-20.0643157959,26.5366687775,21.6894207001,-15.2371854782,13.5406990051,-6.41594791412,7.46832752228,13.3291397095,9.75274467468,48.557964325]],"icov":[[0.000408560503274,-0.00174946838524,0.00291920430027,-0.00156333704945,0.0016985089751,-0.00230892538093,0.00106190470979,-0.000254180049524,0.00107408198528,-0.00153326441068,0.00115856190678,-0.0011421967065,0.000657484633848],[-0.00174946838524,0.0104070566595,-0.0126819182187,0.00693736365065,-0.00760449934751,0.0113647859544,-0.00608441326767,0.0016564023681,-0.00615863176063,0.00816534366459,-0.00842003151774,0.00860430207103,-0.00500312633812],[0.00291920430027,-0.0126819182187,0.0270467568189,-0.0148262819275,0.01284640003,-0.0177617240697,0.00998483132571,-0.00518564553931,0.00829569995403,-0.0129006868228,0.010637735948,-0.00983205996454,0.00477003259584],[-0.00156333704945,0.00693736365065,-0.0148262819275,0.018124492839,-0.0080132400617,0.00860373768955,-0.0105310948566,-0.000809823337477,0.00135775189847,0.00248218979686,-0.00104933569673,-0.00270006712526,0.00380001822487],[0.0016985089751,-0.00760449934751,0.01284640003,-0.0080132400617,0.0171214714646,-0.0134670399129,0.000734596338589,0.00286911148578,0.00134387123398,-0.00023212537053,-0.00126109877601,0.00405456358567,-0.00531012099236],[-0.00230892538093,0.0113647859544,-0.0177617240697,0.00860373768955,-0.0134670399129,0.0244427099824,-0.00557586178184,-0.00344284088351,-0.00315018231049,0.00618328573182,-0.00247172615491,0.00254519795999,-0.00524681573734],[0.00106190470979,-0.00608441326767,0.00998483132571,-0.0105310948566,0.000734596338589,-0.00557586178184,0.0174517761916,-0.00289118336514,-0.00246325717308,-0.00231221318245,0.00621696328744,-0.00951592344791,0.00590466428548],[-0.000254180049524,0.0016564023681,-0.00518564553931,-0.000809823337477,0.00286911148578,-0.00344284088351,-0.00289118336514,0.0198555029929,-0.00202802126296,-0.00452920142561,-0.00624690623954,0.0125034283847,-0.00744908535853],[0.00107408198528,-0.00615863176063,0.00829569995403,0.00135775189847,0.00134387123398,-0.00315018231049,-0.00246325717308,-0.00202802126296,0.0298776645213,-0.0211609285325,0.0108527997509,-0.0152845047414,0.0101096769795],[-0.00153326441068,0.00816534366459,-0.0129006868228,0.00248218979686,-0.00023212537053,0.00618328573182,-0.00231221318245,-0.00452920142561,-0.0211609285325,0.0541254840791,-0.0331120602787,0.0133531559259,-0.00807019043714],[0.00115856190678,-0.00842003151774,0.010637735948,-0.00104933569673,-0.00126109877601,-0.00247172615491,0.00621696328744,-0.00624690623954,0.0108527997509,-0.0331120602787,0.0576914139092,-0.0277790687978,0.00370878074318],[-0.0011421967065,0.00860430207103,-0.00983205996454,-0.00270006712526,0.00405456358567,0.00254519795999,-0.00951592344791,0.0125034283847,-0.0152845047414,0.0133531559259,-0.0277790687978,0.0525531098247,-0.0204375907779],[0.000657484633848,-0.00500312633812,0.00477003259584,0.00380001822487,-0.00531012099236,-0.00524681573734,0.00590466428548,-0.00744908535853,0.0101096769795,-0.00807019043714,0.00370878074318,-0.0204375907779,0.0385142192245]],"mean":[13.4051036835,104.30683136,-118.045913696,-21.5750637054,7.36585283279,-5.82422304153,6.02306985855,-23.0350170135,0.190035238862,-8.06569099426,-0.162477210164,-4.29317712784,-0.469464033842]},"hfc":{"dmean":51.1196861267,"dmean2":85.1305084229,"dvar":2235.60449219,"dvar2":6127.83544922,"max":876.142333984,"mean":245.016662598,"median":248.091339111,"min":1.04775434477e-16,"var":10142.3427734},"melbands":{"dmean":[0.00350474822335,0.00138271856122,0.00048470631009,0.000402628589654,0.000233285914874,0.000220205445657,0.000198792593437,0.000138746661833,0.000148677296238,0.000158025723067,0.000171743027749,0.000111288747576,0.000165368386661,0.000259578897385,0.000189967337064,0.000148044578964,0.000108561653178,0.000105417486338,0.0000509983437951,0.0000406535727961,0.0000167589296325,0.00000979550713964,0.00000830178032629,0.00000650522997603,0.0000040300146793,0.00000241422162617,0.00000167832638454,0.0000012412367596,0.00000100384875168,8.01668136319e-7,5.52319818325e-7,4.19808600327e-7,2.67549609134e-7,1.98648947958e-7,1.21533844322e-7,7.56624913834e-8,5.38667421779e-8,3.96030515049e-8,2.79055978325e-8,2.41779520849e-8],"dmean2":[0.00590561097488,0.00239724526182,0.000835216254927,0.000694791204296,0.000396324961912,0.000372370763216,0.000334123411449,0.00023425820109,0.000251367891906,0.000266618473688,0.000292410404654,0.000189956568647,0.000281543034362,0.000438437156845,0.000320829713019,0.000249197502853,0.000182385323569,0.000177053865627,0.0000851484728628,0.0000682344034431,0.0000282289711322,0.0000165278088389,0.0000139407075039,0.0000108329768409,0.00000662574984744,0.00000397261464968,0.000002766819307,0.00000199666078515,0.00000158070406542,0.00000124430800952,8.5789122295e-7,6.6117223696e-7,4.3086222945e-7,3.16681990853e-7,1.92857115167e-7,1.1915956577e-7,8.44415950496e-8,6.37460288999e-8,4.60814071346e-8,3.99840232035e-8],"dvar":[0.0000305784560624,0.000003186871254,5.09667984261e-7,5.28918747023e-7,1.92423797785e-7,1.61824161182e-7,1.66891624076e-7,1.00123351388e-7,1.01710519118e-7,7.87148408676e-8,5.42544995596e-8,1.84734449959e-8,3.62887284666e-8,8.77556729506e-8,4.15931822317e-8,2.80203309444e-8,1.58023922836e-8,1.46932537248e-8,2.88490475953e-9,1.98107463767e-9,3.41684458505e-10,1.28255406295e-10,1.07962208618e-10,1.67407143703e-10,6.18422812959e-11,2.00148786433e-11,1.12056735418e-11,5.3732070876e-12,1.04425790931e-11,5.00534336201e-12,2.42795649037e-12,1.42621580778e-12,9.83399451281e-13,4.69909050907e-13,1.88410674866e-13,4.10950909261e-14,1.20941778253e-14,4.15292884852e-15,1.79818720779e-15,1.38994220881e-15],"dvar2":[0.0000800016423455,0.00000882590666151,0.00000141600128245,0.00000146390743794,5.27942177087e-7,4.34038554431e-7,4.59911120743e-7,2.71867577339e-7,2.83786249611e-7,2.11977635445e-7,1.48341882777e-7,4.92412937092e-8,9.81647545473e-8,2.38412525277e-7,1.14176195609e-7,7.79450459731e-8,4.46548291677e-8,4.00259274613e-8,7.81496289903e-9,5.50727508042e-9,9.35702737515e-10,3.395876913e-10,2.82386336536e-10,4.1679198981e-10,1.4632184353e-10,4.82053980067e-11,2.7123492688e-11,1.17483956591e-11,2.27701399402e-11,9.62474110827e-12,4.78555910177e-12,3.21518072582e-12,2.42676668691e-12,1.13099991612e-12,4.22424275464e-13,8.26503240305e-14,2.41559346175e-14,9.79038627513e-15,4.47650602228e-15,3.46028586711e-15],"max":[0.0571089908481,0.0248912125826,0.0081067243591,0.0105493441224,0.00664408085868,0.00711496034637,0.00979418959469,0.00643965182826,0.00490597262979,0.00899289455265,0.0035412076395,0.00297733210027,0.0032032164745,0.00569195440039,0.00298258173279,0.00273230439052,0.00378595804796,0.00259435246699,0.000584300782066,0.000838272680994,0.000351904658601,0.000185185126611,0.000287445669528,0.000313169730362,0.000264234637143,0.000120796037663,0.000133497655042,0.0000641794467811,0.000134627058287,0.0000950728863245,0.0000624935055384,0.0000366778695025,0.0000418308336521,0.0000181579325726,0.0000175209588633,0.00000820975310489,0.00000387528280044,0.00000136316566568,5.57111150101e-7,4.93201071095e-7],"mean":[0.00421648891643,0.00163622538093,0.000630126683973,0.000506258977111,0.000312647927785,0.000317734898999,0.000281844317215,0.000192925275769,0.000214391315239,0.000244897441007,0.000269098964054,0.0001896226604,0.000282706983853,0.000451382045867,0.000362973281881,0.000272250763373,0.000211869279156,0.000201021830435,0.000106127743493,0.0000782440401963,0.0000329669601342,0.0000194776694116,0.0000162842661666,0.0000114336107799,0.00000713255258233,0.00000440522035206,0.00000328328633259,0.00000233590185417,0.00000175576735728,0.00000140575343721,9.60047259468e-7,6.68724510433e-7,3.88157161524e-7,2.72253942057e-7,1.6586601248e-7,1.11804283165e-7,7.35664684726e-8,4.76419650397e-8,2.97246973702e-8,2.50804603752e-8],"median":[0.00257986132056,0.0010367014911,0.000385138439015,0.000303579989122,0.000169889448443,0.000147782557178,0.000121648095956,0.0000664842664264,0.0000855711768963,0.000142164499266,0.000195071013877,0.000147800150444,0.000231862519286,0.000363591709174,0.000311719806632,0.000231989804888,0.000187121215276,0.000173638749402,0.0000953078415478,0.0000687575302436,0.0000289672461804,0.0000167657472048,0.0000138028808578,0.00000748836828279,0.00000452439644505,0.00000295933523375,0.00000237793665292,0.00000164900120581,0.00000106030449842,8.35226614981e-7,5.85263308039e-7,4.00303576953e-7,2.08915906796e-7,1.38934282745e-7,8.03103290536e-8,6.2533231926e-8,3.44806423414e-8,2.15918714019e-8,1.39522633447e-8,1.12073390568e-8],"min":[1.15751828598e-24,1.46611574172e-24,2.33936563393e-24,1.36830901961e-24,2.18940534521e-24,2.15884152108e-24,1.29721342356e-24,1.27477240157e-24,1.55391300225e-24,2.68984055968e-24,1.67947224544e-24,2.53112864809e-24,2.41920841551e-24,1.93185803687e-24,3.0137381699e-24,3.66325192381e-24,3.62876489718e-24,3.43716123293e-24,2.73405877722e-24,3.02046971722e-24,3.84981003371e-24,3.52303584221e-24,3.40556617038e-24,3.20652650602e-24,4.37028468176e-24,4.25010606158e-24,5.21647486998e-24,4.13659607707e-24,3.29637460768e-24,5.54770967547e-24,6.01744321237e-24,5.30034458927e-24,5.19272581799e-24,5.71300482854e-24,6.26940065233e-24,6.31825323047e-24,5.75169727265e-24,5.27176889184e-24,5.12257754529e-24,6.42945934671e-24],"var":[0.000030474660889,0.0000032876610021,5.84889164656e-7,5.09588630848e-7,2.07930426654e-7,2.58190993918e-7,2.45408045885e-7,1.49040843667e-7,1.5852893398e-7,1.16033696429e-7,7.60158158641e-8,2.67544209009e-8,5.48830279001e-8,1.48637923303e-7,7.54135953684e-8,4.66082177297e-8,2.85491541518e-8,2.74335398842e-8,5.90584470217e-9,3.50625883883e-9,5.72479674776e-10,2.02969085983e-10,1.85664955632e-10,2.66586336339e-10,1.03302276455e-10,3.24486930381e-11,1.8471318225e-11,9.75655667368e-12,1.7899850005e-11,1.01227377175e-11,4.33796184737e-12,1.97856206245e-12,1.02557730104e-12,5.06855083078e-13,2.31171039342e-13,6.1914733865e-14,2.098909188e-14,5.90323942479e-15,1.95319508417e-15,1.48841688283e-15]},"melbands_crest":{"dmean":5.14804458618,"dmean2":8.54144668579,"dvar":21.1301670074,"dvar2":54.502117157,"max":35.6333885193,"mean":14.2186784744,"median":13.0647792816,"min":1.00080180168,"var":50.8906059265},"melbands_flatness_db":{"dmean":0.0286725815386,"dmean2":0.0468663983047,"dvar":0.000588027120102,"dvar2":0.00157535227481,"max":0.435133576393,"mean":0.220985233784,"median":0.220238357782,"min":-7.76578659156e-8,"var":0.0019558579661},"melbands_kurtosis":{"dmean":2.55577397346,"dmean2":4.34675645828,"dvar":20.0770187378,"dvar2":54.0477561951,"max":59.7984390259,"mean":1.55843889713,"median":-0.0431017875671,"min":-1.72130465508,"var":24.5019435883},"melbands_skewness":{"dmean":0.702705085278,"dmean2":1.14887189865,"dvar":0.462414771318,"dvar2":1.22345614433,"max":7.28043889999,"mean":1.11823558807,"median":0.971096515656,"min":-2.05658531189,"var":1.21093332767},"melbands_spread":{"dmean":7.47736930847,"dmean2":12.4150304794,"dvar":41.9353370667,"dvar2":112.313362122,"max":202.378463745,"mean":32.5867462158,"median":32.2681350708,"min":3.20218205452,"var":227.176589966},"mfcc":{"cov":[[5328.78173828,1085.32104492,-103.385002136,156.522735596,-141.885848999,123.063049316,-29.2223548889,33.9062576294,-60.3018684387,103.36101532,57.4785804749,65.4684143066,39.019203186],[1085.32104492,851.551269531,-258.094329834,36.023059845,19.2390537262,21.3042907715,-11.8914461136,-31.1957912445,3.91931009293,-2.25703191757,21.8936328888,-0.0183489620686,18.6751289368],[-103.385002136,-258.094329834,375.304412842,22.0767173767,-5.40395641327,-28.4677124023,30.1316795349,28.259437561,15.9867715836,27.3849964142,8.25197982788,22.3375053406,14.6887302399],[156.522735596,36.023059845,22.0767173767,204.38609314,-60.4582901001,48.6725120544,32.2224006653,53.971282959,1.82585048676,30.7121963501,12.9608049393,2.78588628769,11.5468482971],[-141.885848999,19.2390537262,-5.40395641327,-60.4582901001,150.528930664,14.284869194,50.0371704102,-8.87114143372,28.9844112396,-18.7633419037,-4.15178966522,-4.18192005157,-2.4133439064],[123.063049316,21.3042907715,-28.4677124023,48.6725120544,14.284869194,128.713607788,39.5794525146,52.5506286621,14.6225776672,14.2476997375,-13.3983793259,7.12076997757,-0.0767936110497],[-29.2223548889,-11.8914461136,30.1316795349,32.2224006653,50.0371704102,39.5794525146,110.596984863,40.9709892273,33.5144233704,7.61161470413,2.67946076393,-6.13606786728,7.92447948456],[33.9062576294,-31.1957912445,28.259437561,53.971282959,-8.87114143372,52.5506286621,40.9709892273,75.8771438599,23.0024604797,21.3399353027,-0.368095159531,3.86538720131,1.50314903259],[-60.3018684387,3.91931009293,15.9867715836,1.82585048676,28.9844112396,14.6225776672,33.5144233704,23.0024604797,52.5930633545,16.2078304291,6.81143712997,4.47448635101,4.27372741699],[103.36101532,-2.25703191757,27.3849964142,30.7121963501,-18.7633419037,14.2476997375,7.61161470413,21.3399353027,16.2078304291,47.0720329285,17.9823913574,12.724146843,7.54956007004],[57.4785804749,21.8936328888,8.25197982788,12.9608049393,-4.15178966522,-13.3983793259,2.67946076393,-0.368095159531,6.81143712997,17.9823913574,40.5544815063,12.9724035263,12.1937665939],[65.4684143066,-0.0183489620686,22.3375053406,2.78588628769,-4.18192005157,7.12076997757,-6.13606786728,3.86538720131,4.47448635101,12.724146843,12.9724035263,43.9768104553,15.3937797546],[39.019203186,18.6751289368,14.6887302399,11.5468482971,-2.4133439064,-0.0767936110497,7.92447948456,1.50314903259,4.27372741699,7.54956007004,12.1937665939,15.3937797546,39.5593757629]],"icov":[[0.000313832802931,-0.000488147197757,-0.000235570434597,0.000140712334542,0.00024320029479,-0.00028081506025,-0.000117459028843,-0.000110311921162,0.000732337415684,-0.000605915789492,-0.0000674240727676,-0.000228513410548,0.000155527130119],[-0.000488147197757,0.00238679372706,0.0015116216382,-0.000850878015626,-0.000751793500967,0.00031867303187,0.000357139681,0.00102129974402,-0.00163389521185,0.000773860141635,-0.00046494876733,0.000300847634207,-0.00105870654806],[-0.000235570434597,0.0015116216382,0.0042313085869,-0.000676989380736,-0.00065843295306,0.00232142279856,-0.00086785806343,-0.000905468245037,-0.00043495715363,-0.00153063901234,0.00124806724489,-0.00174958654679,-0.00104696152266],[0.000140712334542,-0.000850878015626,-0.000676989380736,0.00816239323467,0.00359085318632,-0.00198707706295,-0.00238641980104,-0.00321866129525,0.00238637253642,-0.00161003426183,-0.00225337897427,0.00141920393799,-0.000860903121065],[0.00024320029479,-0.000751793500967,-0.00065843295306,0.00359085318632,0.0123418895528,-0.00295282993466,-0.00586582906544,0.00410127313808,-0.00490414444357,0.00465407082811,-0.00172444886994,-0.000647613196634,0.0015029477654],[-0.00028081506025,0.00031867303187,0.00232142279856,-0.00198707706295,-0.00295282993466,0.014572055079,-0.00168635509908,-0.00799916684628,0.00159218208864,-0.00339659210294,0.00749113084748,-0.00425115088001,0.000155875153723],[-0.000117459028843,0.000357139681,-0.00086785806343,-0.00238641980104,-0.00586582906544,-0.00168635509908,0.0175122041255,-0.00599328894168,-0.00518131954595,0.00215522758663,-0.00205908133648,0.00535532040522,-0.00397613225505],[-0.000110311921162,0.00102129974402,-0.000905468245037,-0.00321866129525,0.00410127313808,-0.00799916684628,-0.00599328894168,0.028834855184,-0.00800630263984,-0.00319578708149,0.00140579615254,-0.000384038110496,0.00243291119114],[0.000732337415684,-0.00163389521185,-0.00043495715363,0.00238637253642,-0.00490414444357,0.00159218208864,-0.00518131954595,-0.00800630263984,0.032880589366,-0.0117102172226,-0.000343575666193,-0.00161198806018,-0.0000242404439632],[-0.000605915789492,0.000773860141635,-0.00153063901234,-0.00161003426183,0.00465407082811,-0.00339659210294,0.00215522758663,-0.00319578708149,-0.0117102172226,0.0385450720787,-0.013971962966,-0.00265375385061,0.000486109609483],[-0.0000674240727676,-0.00046494876733,0.00124806724489,-0.00225337897427,-0.00172444886994,0.00749113084748,-0.00205908133648,0.00140579615254,-0.000343575666193,-0.013971962966,0.0381883606315,-0.00747196935117,-0.00541134085506],[-0.000228513410548,0.000300847634207,-0.00174958654679,0.00141920393799,-0.000647613196634,-0.00425115088001,0.00535532040522,-0.000384038110496,-0.00161198806018,-0.00265375385061,-0.00747196935117,0.0320138372481,-0.010261005722],[0.000155527130119,-0.00105870654806,-0.00104696152266,-0.000860903121065,0.0015029477654,0.000155875153723,-0.00397613225505,0.00243291119114,-0.0000242404439632,0.000486109609483,-0.00541134085506,-0.010261005722,0.0326316319406]],"mean":[-640.088378906,175.68258667,-53.059463501,10.3839216232,5.28920888901,27.4396591187,8.32585144043,6.57781791687,2.11530065536,3.08235883713,1.27940523624,2.66799712181,0.844993650913]},"pitch_salience":{"dmean":0.085751272738,"dmean2":0.140849083662,"dvar":0.00604183552787,"dvar2":0.0156599693,"max":0.996094942093,"mean":0.623271226883,"median":0.648671507835,"min":0.142302930355,"var":0.0138896293938},"silence_rate_20dB":{"dmean":0,"dmean2":0,"dvar":0,"dvar2":0,"max":1,"mean":1,"median":1,"min":1,"var":0},"silence_rate_30dB":{"dmean":0.0442325249314,"dmean2":0.0884740278125,"dvar":0.042273953557,"dvar2":0.106410272419,"max":1,"mean":0.967741906643,"median":1,"min":0,"var":0.0312162730843},"silence_rate_60dB":{"dmean":0.0109566804022,"dmean2":0.0219155848026,"dvar":0.0108385765925,"dvar2":0.0273275151849,"max":1,"mean":0.0311422199011,"median":0,"min":0,"var":0.0301788263023},"spectral_centroid":{"dmean":149.601409912,"dmean2":239.637023926,"dvar":63258.9570312,"dvar2":143130.421875,"max":11771.4072266,"mean":1398.11657715,"median":1301.90783691,"min":480.188201904,"var":975226.5},"spectral_complexity":{"dmean":3.297757864,"dmean2":5.25344944,"dvar":7.60105514526,"dvar2":18.0357627869,"max":57,"mean":27.6501312256,"median":29,"min":0,"var":52.6102981567},"spectral_contrast_coeffs":{"dmean":[0.0559619553387,0.0459214635193,0.0374701470137,0.0276112966239,0.0199217516929,0.0435578413308],"dmean2":[0.09472027421,0.0789658650756,0.0645599067211,0.0473768860102,0.0333775356412,0.0690906271338],"dvar":[0.00190767028835,0.00127793219872,0.000838426116388,0.000456996203866,0.000253773556324,0.00131864077412],"dvar2":[0.00536528136581,0.00369810825214,0.00243114843033,0.00132525037043,0.000696885632351,0.00338437757455],"max":[-0.448538899422,-0.591326892376,-0.62473064661,-0.586451292038,-0.679528832436,-0.50661200285],"mean":[-0.718154191971,-0.797537624836,-0.805429041386,-0.801342606544,-0.796336948872,-0.744387626648],"median":[-0.722629547119,-0.800048232079,-0.80669516325,-0.800963640213,-0.795775532722,-0.746325731277],"min":[-0.978678226471,-0.996891200542,-0.998942553997,-0.987971544266,-0.988759636879,-0.965335667133],"var":[0.004799941089,0.00258721248247,0.00169474445283,0.00112160574645,0.00102364702616,0.00373888481408]},"spectral_contrast_valleys":{"dmean":[0.425377964973,0.377509891987,0.287743598223,0.246095880866,0.23414555192,0.615210711956],"dmean2":[0.698770284653,0.618233919144,0.476057112217,0.388377398252,0.365694880486,0.964799165726],"dvar":[0.147990226746,0.153253480792,0.113644599915,0.107549868524,0.125559255481,0.307161301374],"dvar2":[0.336144536734,0.311831623316,0.215692073107,0.179383218288,0.223523080349,0.750694334507],"max":[-5.19207954407,-4.33405447006,-4.79388809204,-5.27469301224,-5.7513551712,-9.04842948914],"mean":[-6.93331813812,-6.54486179352,-6.23461914062,-6.43978500366,-7.64118528366,-11.2350130081],"median":[-6.5665435791,-6.30652236938,-5.92714166641,-6.07611274719,-7.37330436707,-11.0081768036],"min":[-28.2960109711,-28.1122303009,-27.7901592255,-27.6500053406,-27.5224571228,-27.4671478271],"var":[5.01387119293,5.03559589386,4.95434713364,4.84830331802,4.31238365173,3.29494333267]},"spectral_decrease":{"dmean":4.55772664054e-9,"dmean2":7.40603089966e-9,"dvar":3.2466680224e-17,"dvar2":8.10465674653e-17,"max":3.41696759776e-9,"mean":-8.34370883496e-9,"median":-6.59259669078e-9,"min":-5.71405749383e-8,"var":4.41711336904e-17},"spectral_energy":{"dmean":0.0178728308529,"dmean2":0.0287297982723,"dvar":0.000470036873594,"dvar2":0.00116473156959,"max":0.234260365367,"mean":0.0537148751318,"median":0.0492278710008,"min":9.85211852994e-21,"var":0.000799052999355},"spectral_energyband_high":{"dmean":0.000177611087565,"dmean2":0.00027680612402,"dvar":5.94757700867e-8,"dvar2":1.20849961149e-7,"max":0.00968303531408,"mean":0.000570447300561,"median":0.000518793414813,"min":6.88316213192e-21,"var":1.61189618098e-7},"spectral_energyband_low":{"dmean":0.0131748849526,"dmean2":0.0219897348434,"dvar":0.000371966540115,"dvar2":0.000957214040682,"max":0.195634812117,"mean":0.0177668258548,"median":0.0122381821275,"min":1.21649009571e-23,"var":0.000397716561565},"spectral_energyband_middle_high":{"dmean":0.00431955233216,"dmean2":0.00688116205856,"dvar":0.0000172897180164,"dvar2":0.0000422501470894,"max":0.0932450070977,"mean":0.0155802881345,"median":0.0156383216381,"min":9.69407816143e-22,"var":0.0000742858173908},"spectral_energyband_middle_low":{"dmean":0.00423218775541,"dmean2":0.0068949800916,"dvar":0.0000425756079494,"dvar2":0.00010916764586,"max":0.102668747306,"mean":0.00952494889498,"median":0.00610587792471,"min":1.16692066389e-22,"var":0.0000963197526289},"spectral_entropy":{"dmean":0.103373646736,"dmean2":0.164024978876,"dvar":0.00847028195858,"dvar2":0.0203788597137,"max":9.82265758514,"mean":7.57346487045,"median":7.54643249512,"min":6.90746593475,"var":0.0776547119021},"spectral_flux":{"dmean":0.0274707470089,"dmean2":0.0439028143883,"dvar":0.000885749701411,"dvar2":0.0020589181222,"max":0.407070189714,"mean":0.14276792109,"median":0.140031039715,"min":6.33917501824e-11,"var":0.00236485642381},"spectral_kurtosis":{"dmean":6.70423936844,"dmean2":10.361495018,"dvar":40.8917770386,"dvar2":96.2919235229,"max":94.9112548828,"mean":31.6111125946,"median":30.4795894623,"min":-1.29851305485,"var":145.750457764},"spectral_rms":{"dmean":0.00112013053149,"dmean2":0.00177249929402,"dvar":0.00000137000995437,"dvar2":0.00000331202659254,"max":0.0151177607477,"mean":0.00693200528622,"median":0.00693016499281,"min":3.10029389314e-12,"var":0.00000435199945059},"spectral_rolloff":{"dmean":4849.00537109,"dmean2":9408.21875,"dvar":61666704,"dvar2":141912912,"max":22006.9335938,"mean":16565.5371094,"median":20736.4746094,"min":64.599609375,"var":62633836},"spectral_skewness":{"dmean":0.445205956697,"dmean2":0.684925019741,"dvar":0.168354690075,"dvar2":0.386540710926,"max":7.37288379669,"mean":3.88714313507,"median":3.87114524841,"min":-0.0862125456333,"var":0.839512467384},"spectral_spread":{"dmean":404292.5,"dmean2":650779.4375,"dvar":1261006487550,"dvar2":3035193933820,"max":51292216,"mean":3471880.5,"median":3006386.75,"min":1760770.875,"var":14261339291600},"spectral_strongpeak":{"dmean":2.8912730217,"dmean2":5.50295495987,"dvar":121.932937622,"dvar2":350.299407959,"max":118.14717865,"mean":2.05032086372,"median":0.2060072124,"min":0,"var":83.9331207275},"zerocrossingrate":{"dmean":0.035681784153,"dmean2":0.0469976142049,"dvar":0.000882230699062,"dvar2":0.00156784721185,"max":0.59912109375,"mean":0.292530834675,"median":0.2939453125,"min":0.02587890625,"var":0.00518583972007}},"metadata":{"audio_properties":{"analysis_sample_rate":44100,"bit_rate":199505,"codec":"mp3","downmix":"mix","equal_loudness":0,"length":228.859848022,"lossless":false,"md5_encoded":"aaea39d6314a6c976fe6e255c76e8152","replay_gain":-0.524290084839,"sample_rate":44100},"tags":{"acoustid_id":["e88a0442-8581-4235-b763-a8c86410a8b4"],"album":["Remission"],"albumartist":["Mastodon"],"albumartistsort":["Mastodon"],"artist":["Mastodon"],"artists":["Mastodon"],"artistsort":["Mastodon"],"asin":["B0000666DW"],"barcode":["781676652327"],"catalognumber":["RR 6523-2"],"date":["2002"],"file_name":"10 - Mother Puncher.mp3","label":["Relapse Records"],"media":["CD"],"musicbrainz album release country":["DE"],"musicbrainz album status":["official"],"musicbrainz album type":["album"],"musicbrainz release track id":["50cff122-fb8d-3534-9981-010d48359ead"],"musicbrainz_albumartistid":["bc5e2ad6-0a4a-4d90-b911-e9a7e6861727"],"musicbrainz_albumid":["35ecfce3-cae6-337c-9d86-eda5c2e3d99b"],"musicbrainz_artistid":["bc5e2ad6-0a4a-4d90-b911-e9a7e6861727"],"musicbrainz_recordingid":["5b6efbc2-ad9b-4d13-834f-b87cd23eba05"],"musicbrainz_releasegroupid":["a87adcfd-8c65-3455-869b-25066046ebec"],"originaldate":["2002"],"script":["Latn"],"title":["Mother Puncher"],"tracknumber":["10/11"]},"version":{"essentia":"2.1-beta1","essentia_build_sha":"ca57ba49d9b1854bd80e60cf9ccf267278fb7d6b","essentia_git_sha":"v2.1_beta1-28-g21ef5f4-dirty","extractor":"music 1.0"}},"rhythm":{"beats_count":497,"beats_loudness":{"dmean":0.0207278113812,"dmean2":0.0365316569805,"dvar":0.000303863111185,"dvar2":0.000852716038935,"max":0.146220475435,"mean":0.0621258355677,"median":0.0615529641509,"min":0,"var":0.000633709772956},"beats_loudness_band_ratio":{"dmean":[0.173971071839,0.0552984662354,0.0666366070509,0.0813011005521,0.0365693233907,0.0680235028267],"dmean2":[0.298943787813,0.0969621911645,0.115607261658,0.140760689974,0.063666112721,0.116881638765],"dvar":[0.0191749893129,0.00281356321648,0.00455104513094,0.00407546991482,0.00118293834385,0.00318248081021],"dvar2":[0.0571334734559,0.00754865864292,0.0