{"lowlevel":{"average_loudness":0.782018363476,"barkbands":{"dmean":[0.0000341093109455,0.00123657961376,0.00212001404725,0.00376297603361,0.00232736859471,0.00066533597419,0.000231146390433,0.000158395327162,0.000391767709516,0.000296012847684,0.000132733737701,0.000174925415195,0.000197005967493,0.000298670405755,0.000275088677881,0.000196660781512,0.000241230169195,0.000228029501159,0.000261375680566,0.000282090040855,0.000162977186847,0.000125610255054,0.0000730499377823,0.0000445638797828,0.0000219501598622,0.00000801452006272,7.12322218988e-7],"dmean2":[0.0000548355565115,0.00202791579068,0.00355268758722,0.00611812714487,0.00385486427695,0.00111530174036,0.000384968268918,0.000258874817519,0.000626725901384,0.000473610154586,0.000216858534259,0.000277844723314,0.000306368223391,0.000465272081783,0.000440013187472,0.000322639592923,0.000390516972402,0.000378410128178,0.000432123808423,0.000460556213511,0.000270862190519,0.000198217589059,0.000113129644888,0.000066946282459,0.00003245476546,0.0000118568068501,0.0000011567619822],"dvar":[3.91152665813e-9,0.00000310512632495,0.0000145499980135,0.0000524566421518,0.0000210101406992,0.00000196493397198,3.17483141998e-7,2.1993695043e-7,0.00000100252145785,8.36771221202e-7,9.96809603748e-8,1.75313061845e-7,3.2044815157e-7,4.91920786772e-7,5.66550909298e-7,1.67855475297e-7,2.04807534487e-7,1.7404886421e-7,2.28546838343e-7,2.81685885284e-7,8.27532176118e-8,6.1679365615e-8,2.76182046122e-8,1.14776383953e-8,2.38431629995e-9,5.65990476709e-10,6.82056104304e-12],"dvar2":[9.69249036586e-9,0.00000811980771687,0.0000392217334593,0.000130560540128,0.0000541869121662,0.00000525068435309,8.54289396557e-7,4.92514686812e-7,0.00000240208441937,0.00000200851923182,2.62018176045e-7,4.16685509208e-7,7.54948700887e-7,0.00000109556174266,0.00000124943278479,4.04728012882e-7,4.78601123177e-7,4.53126261846e-7,5.78050560307e-7,7.16032900527e-7,2.08285968029e-7,1.35335852747e-7,5.67007170105e-8,2.25586358482e-8,4.91115637047e-9,1.29945287863e-9,1.78518207161e-11],"max":[0.00156940508168,0.0544692352414,0.0650223642588,0.13163882494,0.0653438866138,0.0289869382977,0.0136670516804,0.0144658545032,0.0265508145094,0.0294644441456,0.00874672550708,0.0104621108621,0.0165976453573,0.0224964339286,0.0217845104635,0.0125007824972,0.013035658747,0.00817963760346,0.0124765047804,0.0137876747176,0.00628109509125,0.00643823808059,0.00637591164559,0.00448346557096,0.00183985754848,0.00067189137917,0.0000457602618553],"mean":[0.000059394435084,0.00400615809485,0.00503754755482,0.0059621995315,0.00345338322222,0.000981905497611,0.000370205932995,0.000229316472542,0.00062853237614,0.000491262122523,0.000214318672079,0.000313081487548,0.000336036464432,0.000567823532037,0.000469083257485,0.000373930961359,0.000451810774393,0.000414143141825,0.000513636448886,0.000572607095819,0.000361929269275,0.000324481690768,0.000195967208128,0.000125942126033,0.0000607404872426,0.0000147743057823,9.05937895368e-7],"median":[0.0000226101074077,0.00309705128893,0.00344270584174,0.00268646655604,0.00172553723678,0.000439380557509,0.000131626467919,0.0000737538357498,0.000176585017471,0.000133946479764,0.0000964373466559,0.000129418374854,0.0000953523704084,0.000218527653487,0.000180055387318,0.000199186528334,0.000232022459386,0.000261916371528,0.000289652933134,0.000348738918547,0.00021379799,0.000163966891705,0.0000910742892302,0.0000524737297383,0.0000249902514042,0.00000496892380397,2.20264865902e-7],"min":[2.87350696928e-15,4.29899459808e-15,2.84845406404e-15,2.82662221334e-15,6.93040917487e-15,6.65947213417e-15,6.30184381241e-15,5.86933438998e-15,7.37979403471e-15,6.30570162397e-15,5.18476236201e-15,5.05319019321e-15,3.69327032607e-15,2.19475236359e-15,9.39442018338e-16,1.27463476667e-16,2.09749537884e-16,1.04515585944e-15,1.51485743979e-15,5.19159887081e-16,8.43111714104e-16,2.77127348067e-15,5.851284012e-16,8.00482292874e-16,3.27513097641e-16,6.71342485066e-16,2.70779090238e-15],"var":[7.28782501014e-9,0.0000160094296007,0.0000313457167067,0.0000751633851905,0.0000252300797001,0.00000282261771645,7.06767252723e-7,4.32164682707e-7,0.00000221822892854,0.00000175967352334,1.72113928443e-7,3.84597228731e-7,7.08870913968e-7,0.00000135722723371,0.00000138280393003,4.43571423148e-7,5.08764117058e-7,2.80506156969e-7,4.94530866035e-7,5.72621559058e-7,2.24925798875e-7,2.71645831162e-7,1.15845224968e-7,6.41852082595e-8,1.26889032614e-8,9.91750570556e-10,6.60833627403e-12]},"barkbands_crest":{"dmean":2.0809905529,"dmean2":3.38502025604,"dvar":4.69943189621,"dvar2":12.0004901886,"max":23.6002960205,"mean":9.96823978424,"median":9.36780929565,"min":2.19862580299,"var":16.0290794373},"barkbands_flatness_db":{"dmean":0.0181009992957,"dmean2":0.0284019950777,"dvar":0.000394197937567,"dvar2":0.000956321018748,"max":0.400040328503,"mean":0.127174764872,"median":0.117180608213,"min":0.0345581769943,"var":0.00271866680123},"barkbands_kurtosis":{"dmean":2.8029229641,"dmean2":4.47008562088,"dvar":23.3252449036,"dvar2":58.0314407349,"max":95.9703445435,"mean":5.03812026978,"median":1.21958065033,"min":-1.86022615433,"var":111.307220459},"barkbands_skewness":{"dmean":0.543747186661,"dmean2":0.850545942783,"dvar":0.36907273531,"dvar2":0.900210618973,"max":8.95098400116,"mean":1.7616443634,"median":1.54270410538,"min":-2.75630784035,"var":2.21142840385},"barkbands_spread":{"dmean":6.43402338028,"dmean2":10.1853132248,"dvar":50.4650306702,"dvar2":121.3331604,"max":82.9212417603,"mean":29.6475067139,"median":28.3176136017,"min":0.859829425812,"var":248.323776245},"dissonance":{"dmean":0.00894198007882,"dmean2":0.0151468813419,"dvar":0.000102046265965,"dvar2":0.000286734983092,"max":0.500000059605,"mean":0.483019590378,"median":0.48741209507,"min":0.333347052336,"var":0.000256418687059},"dynamic_complexity":4.98910045624,"erbbands":{"dmean":[0.0315993279219,0.31150957942,1.7873237133,7.81323719025,11.3490362167,6.56798219681,5.58089828491,5.7445936203,3.83001184464,2.80799746513,4.44517755508,8.62775325775,8.61130332947,7.39455318451,5.54577064514,7.01897478104,8.00335597992,13.3292064667,16.087020874,9.71578884125,10.8118429184,11.9064865112,11.9818058014,12.7584657669,11.9984149933,13.1125974655,9.64307689667,5.38740968704,4.94855880737,3.22910523415,1.97870266438,1.14837551117,0.668167591095,0.311878561974,0.13684655726,0.0484141372144,0.013394722715,0.00194876990281,0.000123403195175,0.0000116509945656],"dmean2":[0.052388086915,0.506190419197,2.97566103935,12.8757362366,18.4590492249,10.8807210922,9.1872882843,9.67550563812,6.40528488159,4.62679719925,7.08170557022,13.8682918549,13.7708835602,11.7571487427,8.91850090027,11.1395559311,12.3184490204,20.517282486,25.3523750305,15.4698476791,17.6634292603,19.1994953156,19.6565265656,21.1428451538,19.7741565704,21.5295448303,15.733455658,8.89146900177,7.8234834671,4.99830341339,3.0630402565,1.76582717896,1.00890231133,0.464839011431,0.203502044082,0.0705424100161,0.0203080009669,0.00310026039369,0.000195330212591,0.0000177518159035],"dvar":[0.00240462459624,0.19596336782,9.49996471405,198.343566895,612.093688965,158.68598938,114.39907074,170.424728394,74.2972640991,48.6163215637,175.402511597,559.521606445,722.090698242,472.401824951,130.497909546,300.182067871,574.004272461,989.494995117,1785.16137695,614.305480957,435.96762085,542.50567627,459.490478516,536.851928711,524.443969727,688.843322754,326.442718506,84.4448394775,99.3967285156,50.8496284485,23.7666721344,7.17699432373,3.74679374695,0.50901222229,0.0933028161526,0.0143158333376,0.00202063983306,0.0000596332683926,1.87568986121e-7,3.5617692129e-10],"dvar2":[0.00645692553371,0.509155035019,25.4485378265,527.308166504,1527.55102539,407.076538086,297.041168213,459.969360352,198.374069214,118.625358582,396.776000977,1343.40319824,1728.59973145,1185.93591309,324.232635498,712.604248047,1350.85021973,2267.34838867,3734.11865234,1425.77575684,1086.80883789,1274.3326416,1178.78173828,1421.85058594,1335.16577148,1717.67114258,804.509155273,212.182647705,224.477355957,105.994628906,51.9506492615,14.0809173584,8.68404960632,1.0954914093,0.19606615603,0.0301158614457,0.00487523945048,0.000156006281031,4.83162978071e-7,8.19299517119e-10],"max":[1.15387904644,13.8019485474,48.2740745544,264.698425293,349.107055664,194.722320557,180.042907715,321.254089355,221.842651367,231.077209473,520.272644043,808.907165527,668.308654785,568.359069824,301.431976318,438.047393799,814.978881836,879.521484375,1475.48999023,901.414855957,838.211364746,558.034912109,397.025543213,409.610443115,556.083007813,720.506103516,460.814727783,241.286361694,290.734130859,310.652954102,201.865142822,103.005699158,115.612754822,29.305141449,8.9180059433,2.61118340492,1.41867077351,0.226643919945,0.0076129315421,0.000295289035421],"mean":[0.0927205979824,1.03286707401,4.62329530716,15.5862264633,15.0478286743,10.3662137985,8.57333755493,8.1887922287,6.31415557861,4.27991294861,6.90291643143,13.8130092621,15.0324306488,13.0235242844,10.3482475281,13.2677850723,15.1255168915,26.729970932,31.5456485748,18.8436126709,22.3373813629,24.0036010742,23.5937843323,24.831111908,23.6751441956,26.3241920471,21.2265739441,12.9413318634,12.1183433533,8.14482688904,5.29243564606,3.14379096031,1.77407538891,0.840361177921,0.353632122278,0.106444694102,0.022175790742,0.00261143711396,0.000180761009688,0.0000392258589272],"median":[0.070172175765,0.811491370201,3.44299936295,8.89462852478,6.80401992798,5.34489202499,4.34005355835,3.42892074585,2.59884762764,1.8301897049,2.3425219059,4.00516986847,4.15240383148,4.99822807312,5.43302869797,5.60313892365,5.13643741608,10.5061073303,13.3613529205,8.95201969147,12.6681175232,12.8120117188,15.178565979,15.4114093781,13.0324716568,16.0975494385,12.4398860931,7.58973550797,6.06395244598,3.828353405,2.30092573166,1.34985089302,0.696495056152,0.334422439337,0.144418150187,0.0414348319173,0.00657973671332,0.000663581187837,0.0000596188474447,0.0000345778753399],"min":[1.56860459409e-13,8.7299210829e-13,2.93459375723e-12,7.07768132296e-12,1.41513745167e-11,2.48418195736e-11,3.96521426804e-11,5.88142798352e-11,8.21371304305e-11,1.08887142358e-10,1.37630185026e-10,1.66087657516e-10,1.91048357689e-10,2.08449257855e-10,2.13762743617e-10,2.02939332006e-10,1.73920169932e-10,1.28743987693e-10,7.5480219297e-11,2.85046864584e-11,4.74488070362e-12,1.43543128772e-11,4.86672056821e-11,7.67358884768e-11,6.60824867049e-11,2.43726913651e-11,1.11943700837e-11,6.15849940488e-11,1.01915864636e-10,5.76692166243e-11,1.15265210571e-11,1.90629959734e-11,9.70126062816e-12,1.71842824259e-12,3.68423390754e-12,3.32201106901e-12,9.84958534005e-13,5.45562293258e-13,3.04035496865e-13,4.96841235959e-14],"var":[0.00879807490855,1.05503952503,22.6686191559,350.749603271,678.637023926,219.076843262,161.857543945,256.456756592,170.766555786,79.2879714966,338.705596924,1138.21325684,1631.26135254,992.740722656,276.757598877,695.743530273,1354.71948242,2560.89770508,5772.77783203,1405.2401123,1206.09863281,1320.6965332,834.993164063,967.840454102,1123.48095703,1327.7869873,824.766296387,283.689910889,392.986053467,196.050292969,96.0442047119,36.1549682617,14.8268575668,2.8239839077,0.403110980988,0.0382732190192,0.00278457906097,0.000056396558648,2.00477771273e-7,9.44769484867e-10]},"erbbands_crest":{"dmean":2.03340244293,"dmean2":3.35455060005,"dvar":4.45409107208,"dvar2":11.4300174713,"max":30.3270721436,"mean":7.25107192993,"median":6.22927284241,"min":2.37068581581,"var":12.3549289703},"erbbands_flatness_db":{"dmean":0.0109260603786,"dmean2":0.0167479738593,"dvar":0.000125755715999,"dvar2":0.000270758144325,"max":0.315389841795,"mean":0.135815441608,"median":0.130842268467,"min":0.025969080627,"var":0.00118580251001},"erbbands_kurtosis":{"dmean":0.700510919094,"dmean2":1.11959302425,"dvar":1.06546938419,"dvar2":2.40920829773,"max":27.6880092621,"mean":0.0856202244759,"median":-0.343610525131,"min":-1.85825884342,"var":3.28418278694},"erbbands_skewness":{"dmean":0.296977490187,"dmean2":0.472133129835,"dvar":0.0890867114067,"dvar2":0.212796419859,"max":4.4014415741,"mean":-0.369720637798,"median":-0.428951382637,"min":-3.01108646393,"var":0.49990567565},"erbbands_spread":{"dmean":8.58239650726,"dmean2":13.5629796982,"dvar":77.3994216919,"dvar2":175.709182739,"max":148.400939941,"mean":51.4254951477,"median":49.0969161987,"min":4.08961868286,"var":493.806671143},"gfcc":{"cov":[[22561.6132813,497.416778564,-1699.171875,1091.63562012,-1175.99633789,445.208648682,-515.805114746,27.1508579254,-642.970336914,-205.705612183,-551.284545898,-315.497802734,-575.561584473],[497.416778564,1115.69555664,-121.243675232,-179.495819092,150.446716309,-123.830970764,72.2689361572,-114.523727417,17.5969181061,-113.612586975,9.351770401,-96.7028808594,31.8509597778],[-1699.171875,-121.243675232,737.015014648,85.2437820435,84.7332839966,30.2507343292,26.1787033081,50.606842041,42.7160568237,23.9733161926,46.4257621765,51.5068664551,19.4526023865],[1091.63562012,-179.495819092,85.2437820435,306.371459961,-47.1736106873,90.9542312622,-30.6182689667,34.3087348938,-7.98807954788,9.00490379333,-9.41055107117,-1.17554080486,-10.2812862396],[-1175.99633789,150.446716309,84.7332839966,-47.1736106873,251.63873291,-14.8967790604,48.9481315613,-11.5136079788,36.1646232605,25.8591747284,23.9635334015,9.50746059418,50.6243743896],[445.208648682,-123.830970764,30.2507343292,90.9542312622,-14.8967790604,224.162109375,64.774559021,48.5968437195,12.9853944778,11.220044136,11.2224550247,2.25064873695,-18.6668510437],[-515.805114746,72.2689361572,26.1787033081,-30.6182689667,48.9481315613,64.774559021,136.912979126,36.174243927,24.1943073273,-4.42719745636,27.6538925171,3.27671217918,17.5701560974],[27.1508579254,-114.523727417,50.606842041,34.3087348938,-11.5136079788,48.5968437195,36.174243927,94.897064209,26.0692043304,19.9180221558,-3.81448817253,18.165304184,-1.73265361786],[-642.970336914,17.5969181061,42.7160568237,-7.98807954788,36.1646232605,12.9853944778,24.1943073273,26.0692043304,98.7565994263,26.4342327118,27.6987056732,4.29361009598,24.3730869293],[-205.705612183,-113.612586975,23.9733161926,9.00490379333,25.8591747284,11.220044136,-4.42719745636,19.9180221558,26.4342327118,88.6001434326,27.6557178497,21.6790733337,3.22652292252],[-551.284545898,9.351770401,46.4257621765,-9.41055107117,23.9635334015,11.2224550247,27.6538925171,-3.81448817253,27.6987056732,27.6557178497,75.4304122925,29.6748943329,19.8439826965],[-315.497802734,-96.7028808594,51.5068664551,-1.17554080486,9.50746059418,2.25064873695,3.27671217918,18.165304184,4.29361009598,21.6790733337,29.6748943329,73.1817016602,28.6010379791],[-575.561584473,31.8509597778,19.4526023865,-10.2812862396,50.6243743896,-18.6668510437,17.5701560974,-1.73265361786,24.3730869293,3.22652292252,19.8439826965,28.6010379791,74.5208358765]],"icov":[[0.000326612498611,-0.000856134807691,0.000586234440561,-0.00114534562454,0.000978161813691,-0.00075034215115,0.000856257975101,-0.000755743298214,0.00131541956216,-0.00100981618743,0.00138293602504,-0.000872011936735,0.00108547322452],[-0.000856134807691,0.00395147968084,-0.00136592623312,0.00331935565919,-0.00341467326507,0.00266951951198,-0.00306809833273,0.00298687955365,-0.00393866701052,0.0046520428732,-0.00465817889199,0.00421563116834,-0.00299629359506],[0.000586234440561,-0.00136592623312,0.00272228685208,-0.00259072170593,0.000937223026995,-0.00108617974911,0.00157014315482,-0.00200392538682,0.00191422260832,-0.00104752124753,0.00155954482034,-0.00235744076781,0.00262676784769],[-0.00114534562454,0.00331935565919,-0.00259072170593,0.00867921952158,-0.00307445903309,0.000450882886071,-0.000590907526202,0.00113775057252,-0.0036513779778,0.00374858709984,-0.00548805901781,0.00499976333231,-0.00544937513769],[0.000978161813691,-0.00341467326507,0.000937223026995,-0.00307445903309,0.00910524837673,-0.00231099175289,0.000649752037134,-0.000581735570449,0.00346456677653,-0.00648315576836,0.00596121232957,-0.00270579382777,0.0000130399630507],[-0.00075034215115,0.00266951951198,-0.00108617974911,0.000450882886071,-0.00231099175289,0.00902866479009,-0.00627355324104,0.00130399654154,-0.00378864235245,0.00266471155919,-0.00371196842752,0.00193541415501,0.000119889693451],[0.000856257975101,-0.00306809833273,0.00157014315482,-0.000590907526202,0.000649752037134,-0.00627355324104,0.0164930447936,-0.00922784116119,0.00493687717244,0.00028349092463,-0.00242000212893,0.000776638684329,0.0000365775777027],[-0.000755743298214,0.00298687955365,-0.00200392538682,0.00113775057252,-0.000581735570449,0.00130399654154,-0.00922784116119,0.0213833544403,-0.00892978161573,-0.000668081804179,0.00504369894043,-0.00412386702374,0.000150362000568],[0.00131541956216,-0.00393866701052,0.00191422260832,-0.0036513779778,0.00346456677653,-0.00378864235245,0.00493687717244,-0.00892978161573,0.0206729955971,-0.00708840042353,0.000194801366888,0.00195718812756,-0.0010921342764],[-0.00100981618743,0.0046520428732,-0.00104752124753,0.00374858709984,-0.00648315576836,0.00266471155919,0.00028349092463,-0.000668081804179,-0.00708840042353,0.021665500477,-0.0114524047822,0.00233100587502,-0.000472392508527],[0.00138293602504,-0.00465817889199,0.00155954482034,-0.00548805901781,0.00596121232957,-0.00371196842752,-0.00242000212893,0.00504369894043,0.000194801366888,-0.0114524047822,0.030467601493,-0.0140877654776,0.00494205253199],[-0.000872011936735,0.00421563116834,-0.00235744076781,0.00499976333231,-0.00270579382777,0.00193541415501,0.000776638684329,-0.00412386702374,0.00195718812756,0.00233100587502,-0.0140877654776,0.0285344067961,-0.0131288096309],[0.00108547322452,-0.00299629359506,0.00262676784769,-0.00544937513769,0.0000130399630507,0.000119889693451,0.0000365775777027,0.000150362000568,-0.0010921342764,-0.000472392508527,0.00494205253199,-0.0131288096309,0.0257623735815]],"mean":[-20.0632209778,81.3324432373,-116.657875061,62.6313362122,-47.7529411316,17.906047821,-34.5957832336,3.40002512932,-28.2743339539,-2.5637087822,-19.6768360138,-5.55738162994,-8.68379974365]},"hfc":{"dmean":5.10983037949,"dmean2":7.53014087677,"dvar":63.7145423889,"dvar2":139.803405762,"max":160.77571106,"mean":20.9602108002,"median":16.3019294739,"min":1.56223353698e-10,"var":359.364379883},"melbands":{"dmean":[0.000309501570882,0.000715097528882,0.00146871479228,0.000601631065365,0.000208237019251,0.000124084763229,0.0000559731197427,0.0000302638090943,0.000042847583245,0.0000552040801267,0.000044341380999,0.0000328359856212,0.0000192633451661,0.0000193213691091,0.0000187212044693,0.0000190089158423,0.0000282434702967,0.0000286215472443,0.0000155450179591,0.0000138199920912,0.0000144636505865,0.000013319548998,0.0000129805739562,0.0000119368914966,0.0000113711976155,0.0000101188334156,0.00000739162987884,0.0000103874926936,0.00000778766298026,0.00000492751314596,0.00000306040351461,0.00000324380039274,0.00000216927401198,0.00000191839308172,0.00000131843705731,9.65621438809e-7,6.9176502393e-7,5.53005918391e-7,3.48671875372e-7,2.77314626373e-7],"dmean2":[0.000509985489771,0.00118093297351,0.00239422521554,0.000975860282779,0.000342630053638,0.000208534125704,0.0000932467009989,0.0000495428721479,0.0000684108454152,0.0000885334375198,0.0000708439110895,0.0000521089787071,0.0000314614553645,0.0000303849774355,0.0000293559933198,0.0000290818989015,0.0000438846618636,0.0000449572398793,0.0000246838244493,0.000022263808205,0.0000239034052356,0.0000214736392081,0.0000212974046008,0.0000199171208806,0.0000189880938706,0.0000167400012288,0.0000121669472719,0.0000171548035723,0.000012716238416,0.00000829469354358,0.00000504143963553,0.00000516129330208,0.00000344938166563,0.00000301951581605,0.00000206482718568,0.00000151605172505,0.00000107821176698,8.5222444568e-7,5.34143509867e-7,4.29711917604e-7],"dvar":[2.08421454317e-7,0.00000139821554512,0.00000718737555871,0.00000137132462896,1.63458821589e-7,7.51481650241e-8,1.63212074966e-8,5.57368329268e-9,1.59977755487e-8,2.12900310714e-8,1.91073734612e-8,1.00447881124e-8,1.84579851403e-9,2.03978789415e-9,3.15647596949e-9,2.88467938425e-9,4.42461844941e-9,5.70895775098e-9,1.95769067624e-9,1.05335451472e-9,8.00386701361e-10,7.47744755003e-10,5.60943125283e-10,5.24375265432e-10,4.38728137153e-10,4.44324826931e-10,1.81633277863e-10,4.89924378844e-10,2.18788431816e-10,6.96736626726e-11,3.34547042846e-11,4.04351274685e-11,2.23264271654e-11,1.74517414409e-11,1.05459972352e-11,5.22725699531e-12,3.03931380931e-12,2.34292641711e-12,9.96349053609e-13,4.14152165253e-13],"dvar2":[5.46645253507e-7,0.00000372592012354,0.0000181761843123,0.0000034460704228,4.17035636247e-7,2.01678901135e-7,4.34908891123e-8,1.28820669687e-8,3.67264618717e-8,5.15552294189e-8,4.55046560432e-8,2.5019812e-8,4.88320628378e-9,4.78886885702e-9,7.5362498464e-9,6.65866473071e-9,1.00812158621e-8,1.1753828133e-8,4.40412106784e-9,2.38025466004e-9,2.01091898688e-9,1.72199510207e-9,1.39633671292e-9,1.35727973305e-9,1.17667686705e-9,1.10127618136e-9,4.71112926448e-10,1.24608046104e-9,5.38737388034e-10,1.86753418285e-10,8.38904432032e-11,9.3982439886e-11,5.08625953854e-11,3.80787658349e-11,2.36889518418e-11,1.14680669475e-11,6.40142669775e-12,5.30445262367e-12,2.45812831895e-12,9.51384912691e-13],"max":[0.0131531571969,0.0182083621621,0.0443579927087,0.016995402053,0.00581504683942,0.00633771298453,0.0032687461935,0.00303033716045,0.00491824373603,0.00483993254602,0.00378651963547,0.00261673051864,0.00136251642834,0.0013180897804,0.00187795900274,0.00146824237891,0.0020912992768,0.00255905720405,0.00163999618962,0.000993324676529,0.00117808009963,0.000813173712231,0.000471841834951,0.000628107925877,0.000406037899666,0.000665182597004,0.000331980350893,0.000664023042191,0.000335192424245,0.000180106522748,0.00017307465896,0.000186222838238,0.00018157211889,0.000177339883521,0.000128414350911,0.0000922812250792,0.0000728241066099,0.0000822622969281,0.0000506960386701,0.0000252146219282],"mean":[0.00100144476164,0.00209097121842,0.00268442113884,0.000889628776349,0.000329448579578,0.000179654060048,0.000093065405963,0.000044769833039,0.0000646984626655,0.000088508342742,0.0000761229457567,0.000055302229157,0.0000326999797835,0.0000351428097929,0.0000331774353981,0.0000330433176714,0.0000527748306922,0.0000543914175068,0.000027289157515,0.000024579328965,0.0000273582136288,0.0000247050975304,0.0000232482416322,0.0000208261917578,0.0000200372232939,0.0000185490316653,0.0000138998084367,0.0000193354189832,0.0000151501499204,0.00000968801487033,0.0000066026514105,0.00000746281057218,0.00000494762798553,0.0000043434406507,0.00000314844214699,0.0000023934451292,0.00000170838256963,0.00000136560709052,8.24087692308e-7,6.7444244678e-7],"median":[0.000767242454458,0.00183448172174,0.0015863730805,0.000419347808929,0.000169315258972,0.0000764803553466,0.0000376526950276,0.0000183426309377,0.000019728391635,0.0000248922842729,0.0000198499365069,0.0000193971172848,0.0000164120265254,0.0000146151369336,0.0000109149295895,0.0000101625992102,0.0000193063206098,0.000021910193027,0.0000114499725896,0.0000118854068205,0.0000149803909153,0.0000124915295601,0.0000123481640912,0.0000129724658109,0.0000115258026199,0.00000871513293532,0.00000819928936835,0.0000113293872346,0.00000811552126834,0.00000561608976568,0.0000035820849007,0.00000363068738807,0.00000232806723943,0.00000201734974326,0.00000134763024562,9.563553931e-7,7.24862388779e-7,5.12620033533e-7,3.17814283335e-7,2.63396003675e-7],"min":[1.43428332481e-15,1.42736433618e-15,1.41369015391e-15,1.39308639511e-15,1.36267822994e-15,1.32425014507e-15,1.27406905454e-15,1.21192203544e-15,1.13842657479e-15,1.05053282459e-15,9.50323532974e-16,8.39447767212e-16,7.18250269712e-16,5.90960699497e-16,4.6322347237e-16,3.39037377935e-16,2.26366987585e-16,1.31353766644e-16,6.05015451017e-17,1.75949952056e-17,2.44048266e-18,1.02287185858e-17,3.14084647577e-17,5.3168009945e-17,6.35852810427e-17,5.62832813197e-17,3.45346946211e-17,1.13020904826e-17,2.65846191541e-18,1.63337664558e-17,4.29292642757e-17,5.99962039219e-17,5.10267106543e-17,2.40708797247e-17,5.22989822652e-18,7.10056552745e-18,1.36163441403e-17,8.79753399873e-18,1.61050638378e-18,1.24084960439e-18],"var":[0.00000101027364963,0.00000365846244677,0.0000107631331048,0.00000174408478415,2.27641379524e-7,1.1319916382e-7,3.82383831266e-8,9.26936660761e-9,2.99672713311e-8,4.54380462145e-8,4.29779873912e-8,2.05982111368e-8,3.21330628772e-9,4.82624118447e-9,6.86528167648e-9,6.24571860897e-9,1.13542064639e-8,1.86342496988e-8,4.08730294055e-9,2.55245669045e-9,1.95131333314e-9,1.70715996894e-9,1.17821852275e-9,7.9607059833e-10,7.35968175292e-10,9.58315982125e-10,3.5481498295e-10,8.37316327384e-10,5.02351493736e-10,1.56030674492e-10,1.00025390748e-10,1.56064980383e-10,7.28270777017e-11,5.69764201097e-11,3.51694819101e-11,2.24276586885e-11,1.17103791941e-11,9.26018723507e-12,3.26334597366e-12,1.85355788877e-12]},"melbands_crest":{"dmean":2.95446157455,"dmean2":4.8314909935,"dvar":9.99826049805,"dvar2":25.2604694366,"max":34.8560523987,"mean":16.0774974823,"median":15.4896507263,"min":2.81783056259,"var":32.2218284607},"melbands_flatness_db":{"dmean":0.0239899959415,"dmean2":0.0372926555574,"dvar":0.000716899812687,"dvar2":0.00169909629039,"max":0.518332064152,"mean":0.190708592534,"median":0.181635737419,"min":0.0130134839565,"var":0.00513728708029},"melbands_kurtosis":{"dmean":9.02782821655,"dmean2":14.5177669525,"dvar":220.403320313,"dvar2":529.487243652,"max":478.193450928,"mean":26.7582950592,"median":12.6916160583,"min":-1.81203317642,"var":3250.5859375},"melbands_skewness":{"dmean":0.80477231741,"dmean2":1.27209162712,"dvar":0.808612346649,"dvar2":1.92399179935,"max":19.1417484283,"mean":3.78242206573,"median":3.40807747841,"min":-1.3376814127,"var":7.16481304169},"melbands_spread":{"dmean":8.27566623688,"dmean2":12.9422883987,"dvar":118.645637512,"dvar2":263.43057251,"max":198.914596558,"mean":28.0898704529,"median":22.3290081024,"min":0.912891685963,"var":518.015930176},"mfcc":{"cov":[[13344.9287109,286.112915039,189.737747192,685.696899414,-118.067863464,211.73777771,0.900657057762,109.559638977,-180.943496704,-63.1062965393,-45.4441070557,-138.974639893,-206.769454956],[286.112915039,1364.37963867,-190.794235229,87.9891357422,36.5538711548,-8.31394767761,15.4533224106,-28.406419754,-0.663383245468,-48.8651390076,-66.1996154785,-20.1951751709,-24.5934734344],[189.737747192,-190.794235229,512.182922363,68.4832687378,50.0920982361,37.4905738831,14.2898225784,58.4157676697,-3.49004983902,12.6764259338,35.1228713989,2.45340514183,9.55488967896],[685.696899414,87.9891357422,68.4832687378,219.662628174,63.777217865,3.81755900383,-3.54795074463,-20.1402664185,10.423743248,-20.351348877,-28.6447811127,-2.64620065689,-4.87137985229],[-118.067863464,36.5538711548,50.0920982361,63.777217865,142.495956421,41.8961639404,3.17397260666,-9.54977989197,24.0189247131,5.32713794708,-5.58630275726,4.41980361938,11.3269147873],[211.73777771,-8.31394767761,37.4905738831,3.81755900383,41.8961639404,123.26171875,55.9118232727,32.741859436,10.8283519745,23.2051944733,20.6835594177,5.04524993896,-0.874406635761],[0.900657057762,15.4533224106,14.2898225784,-3.54795074463,3.17397260666,55.9118232727,110.858413696,45.2429389954,15.3939313889,10.8020410538,11.6630125046,13.1482601166,0.140017703176],[109.559638977,-28.406419754,58.4157676697,-20.1402664185,-9.54977989197,32.741859436,45.2429389954,106.860786438,28.5259799957,17.7311344147,16.5451202393,5.11313390732,3.3241379261],[-180.943496704,-0.663383245468,-3.49004983902,10.423743248,24.0189247131,10.8283519745,15.3939313889,28.5259799957,81.0922622681,29.577419281,0.678529858589,6.90043878555,8.95617389679],[-63.1062965393,-48.8651390076,12.6764259338,-20.351348877,5.32713794708,23.2051944733,10.8020410538,17.7311344147,29.577419281,74.099571228,32.588432312,4.43948507309,2.38220286369],[-45.4441070557,-66.1996154785,35.1228713989,-28.6447811127,-5.58630275726,20.6835594177,11.6630125046,16.5451202393,0.678529858589,32.588432312,68.1327285767,23.0862388611,1.27847194672],[-138.974639893,-20.1951751709,2.45340514183,-2.64620065689,4.41980361938,5.04524993896,13.1482601166,5.11313390732,6.90043878555,4.43948507309,23.0862388611,60.4231414795,29.5119895935],[-206.769454956,-24.5934734344,9.55488967896,-4.87137985229,11.3269147873,-0.874406635761,0.140017703176,3.3241379261,8.95617389679,2.38220286369,1.27847194672,29.5119895935,63.2201461792]],"icov":[[0.000120136530313,-0.0000020137752017,0.0000454271103081,-0.00051571225049,0.000318417092785,-0.000349504756741,0.000209236080991,-0.000289980787784,0.000346142303897,-0.0000726600192138,-0.00000280662038676,0.000103391772427,0.000203928299015],[-0.0000020137752017,0.000844056601636,0.000356467935489,-0.000305477966322,-0.000254792656051,0.0000616152246948,-0.000235349827562,-0.000101930047094,0.0000803431976237,0.000249573553447,0.000402115663746,0.0000142460339703,0.000261164124822],[0.0000454271103081,0.000356467935489,0.00265495036729,-0.00130968773738,-0.000762329495046,-0.0000957176307566,0.000303621694911,-0.00194936373737,0.00120457517914,0.000120779652207,-0.00152941886336,0.000930924899876,-0.000556684390176],[-0.00051571225049,-0.000305477966322,-0.00130968773738,0.00842866953462,-0.00347200059332,0.001677914639,-0.00112195836846,0.00258384109475,-0.00258173048496,0.00124695687555,0.00235268147662,-0.00173157150857,0.000633269082755],[0.000318417092785,-0.000254792656051,-0.000762329495046,-0.00347200059332,0.0113378409296,-0.00534997461364,0.00190997391474,0.00177695835009,-0.00247240578756,0.000194276828552,0.000580255116802,0.000197236659005,-0.00117389881052],[-0.000349504756741,0.0000616152246948,-0.0000957176307566,0.001677914639,-0.00534997461364,0.0143399899825,-0.00641081482172,-0.00102801690809,0.00102520768996,-0.00223383237608,-0.00211376114748,0.000921886821743,-0.000198915804503],[0.000209236080991,-0.000235349827562,0.000303621694911,-0.00112195836846,0.00190997391474,-0.00641081482172,0.014317560941,-0.00462357653305,-0.000244473980274,0.00037795107346,0.000926171196625,-0.00318628130481,0.00173002667725],[-0.000289980787784,-0.000101930047094,-0.00194936373737,0.00258384109475,0.00177695835009,-0.00102801690809,-0.00462357653305,0.01532479655,-0.00627725478262,0.00102800258901,-0.00138355244417,0.000893474847544,-0.00116105366033],[0.000346142303897,0.0000803431976237,0.00120457517914,-0.00258173048496,-0.00247240578756,0.00102520768996,-0.000244473980274,-0.00627725478262,0.019684003666,-0.00880662724376,0.00429968954995,-0.00184916565195,-0.000110334942292],[-0.0000726600192138,0.000249573553447,0.000120779652207,0.00124695687555,0.000194276828552,-0.00223383237608,0.00037795107346,0.00102800258901,-0.00880662724376,0.0224759411067,-0.0110607892275,0.00431876443326,-0.00157501373906],[-0.00000280662038676,0.000402115663746,-0.00152941886336,0.00235268147662,0.000580255116802,-0.00211376114748,0.000926171196625,-0.00138355244417,0.00429968954995,-0.0110607892275,0.0270463041961,-0.0123720336705,0.00553332548589],[0.000103391772427,0.0000142460339703,0.000930924899876,-0.00173157150857,0.000197236659005,0.000921886821743,-0.00318628130481,0.000893474847544,-0.00184916565195,0.00431876443326,-0.0123720336705,0.0280467253178,-0.012736087665],[0.000203928299015,0.000261164124822,-0.000556684390176,0.000633269082755,-0.00117389881052,-0.000198915804503,0.00173002667725,-0.00116105366033,-0.000110334942292,-0.00157501373906,0.00553332548589,-0.012736087665,0.022892486304]],"mean":[-648.783752441,95.8241500854,-1.16492474079,43.0171203613,10.7217121124,16.6940116882,5.72404289246,5.12183952332,1.05843436718,1.90654432774,-5.56454277039,-4.6407084465,-6.8633351326]},"pitch_salience":{"dmean":0.0647304803133,"dmean2":0.106776349247,"dvar":0.00448109721765,"dvar2":0.0119181238115,"max":0.962540090084,"mean":0.545680165291,"median":0.557754993439,"min":0.111124373972,"var":0.0140615105629},"silence_rate_20dB":{"dmean":0,"dmean2":0,"dvar":0,"dvar2":0,"max":1,"mean":1,"median":1,"min":1,"var":0},"silence_rate_30dB":{"dmean":0.00164107372984,"dmean2":0.00328253232874,"dvar":0.00163841340691,"dvar2":0.00420975405723,"max":1,"mean":0.998359143734,"median":1,"min":0,"var":0.00163822202012},"silence_rate_60dB":{"dmean":0.0112530766055,"dmean2":0.0225087925792,"dvar":0.0111270882189,"dvar2":0.0255171041936,"max":1,"mean":0.122245661914,"median":0,"min":0,"var":0.107303217053},"spectral_centroid":{"dmean":314.63861084,"dmean2":496.783813477,"dvar":127233.84375,"dvar2":287645.15625,"max":10969.2724609,"mean":1758.98828125,"median":1737.21826172,"min":172.150115967,"var":590662.5},"spectral_complexity":{"dmean":4.25155305862,"dmean2":6.53364610672,"dvar":27.5905666351,"dvar2":58.7601547241,"max":60,"mean":21.7040557861,"median":21,"min":0,"var":163.180084229},"spectral_contrast_coeffs":{"dmean":[0.0511045381427,0.0438082329929,0.03317726776,0.0275322254747,0.019236523658,0.0165579244494],"dmean2":[0.0830305591226,0.0732705518603,0.0544205307961,0.045272782445,0.0320250466466,0.0268614608794],"dvar":[0.00219964049757,0.00127081666142,0.000725624791812,0.000508547876962,0.00025244243443,0.000238352600718],"dvar2":[0.00539556751028,0.00357001414523,0.0018976922147,0.00132052006666,0.0006620947388,0.000567104958463],"max":[-0.253368258476,-0.488282173872,-0.503390133381,-0.499740630388,-0.643808364868,-0.615761697292],"mean":[-0.626023054123,-0.76636493206,-0.797330379486,-0.794933438301,-0.799548208714,-0.740775465965],"median":[-0.62665861845,-0.771780669689,-0.805776894093,-0.799940109253,-0.799239873886,-0.732239961624],"min":[-0.99825656414,-0.995012760162,-0.99448376894,-0.995744287968,-0.956699609756,-0.959870100021],"var":[0.0090287104249,0.00438260613009,0.00358420843259,0.00258828140795,0.00150399073027,0.00179972441401]},"spectral_contrast_valleys":{"dmean":[0.357089370489,0.374516159296,0.294364929199,0.248076349497,0.226551771164,0.212537154555],"dmean2":[0.590074002743,0.610057294369,0.475659042597,0.394794464111,0.344077795744,0.29825425148],"dvar":[0.115663394332,0.120813094079,0.0826835185289,0.0725294947624,0.0910252854228,0.0902206450701],"dvar2":[0.262089699507,0.269447535276,0.172992005944,0.141486942768,0.166943311691,0.1580439955],"max":[-5.30266141891,-4.98725986481,-5.65424394608,-5.87981557846,-5.26097106934,-7.79633283615],"mean":[-7.27057170868,-7.35636377335,-7.68260765076,-7.77105474472,-7.28879499435,-10.1406936646],"median":[-6.79032611847,-7.08159351349,-7.38104820251,-7.44025754929,-6.88915729523,-9.73282718658],"min":[-27.1603336334,-27.1030387878,-27.2638130188,-27.2298297882,-27.4062995911,-27.234916687],"var":[2.35048341751,2.1990840435,2.16416597366,2.17991685867,2.2948987484,2.26557302475]},"spectral_decrease":{"dmean":1.98009386665e-9,"dmean2":3.12448245054e-9,"dvar":8.97799502989e-18,"dvar2":2.18994148114e-17,"max":-1.79393082825e-20,"mean":-6.52581944038e-9,"median":-6.24012219674e-9,"min":-5.14960447617e-8,"var":2.1610272174e-17},"spectral_energy":{"dmean":0.00773990293965,"dmean2":0.0121780186892,"dvar":0.000135213966132,"dvar2":0.000326989073073,"max":0.199412539601,"mean":0.0265310704708,"median":0.0254612416029,"min":8.18769558446e-14,"var":0.000343539257301},"spectral_energyband_high":{"dmean":0.000457061076304,"dmean2":0.000706997991074,"dvar":6.62958200337e-7,"dvar2":0.0000013870416069,"max":0.022632881999,"mean":0.00147997587919,"median":0.000882263178937,"min":8.46888782247e-15,"var":0.00000387766522181},"spectral_energyband_low":{"dmean":0.0040818285197,"dmean2":0.00676617864519,"dvar":0.0000405269893236,"dvar2":0.000110569875687,"max":0.138386115432,"mean":0.0127316452563,"median":0.0114194983616,"min":1.00003860715e-14,"var":0.00010891668353},"spectral_energyband_middle_high":{"dmean":0.00131702050567,"dmean2":0.00201470358297,"dvar":0.00000426065025749,"dvar2":0.00000962003559835,"max":0.0492305196822,"mean":0.00426265271381,"median":0.00286161201075,"min":2.57214768148e-14,"var":0.0000195709508262},"spectral_energyband_middle_low":{"dmean":0.00588312046602,"dmean2":0.00932368449867,"dvar":0.000104837992694,"dvar2":0.0002479206305,"max":0.164028093219,"mean":0.011762836948,"median":0.00833244249225,"min":3.78820984455e-14,"var":0.000168564976775},"spectral_entropy":{"dmean":0.108170971274,"dmean2":0.169569194317,"dvar":0.0148186450824,"dvar2":0.0340285226703,"max":9.78598022461,"mean":7.78441619873,"median":7.8559551239,"min":5.29326248169,"var":0.126542761922},"spectral_flux":{"dmean":0.0202900804579,"dmean2":0.031551644206,"dvar":0.000688616652042,"dvar2":0.00156422378495,"max":0.35244050622,"mean":0.0726594626904,"median":0.0661620497704,"min":0.0000175676686922,"var":0.00205105193891},"spectral_kurtosis":{"dmean":0.913291037083,"dmean2":1.56164455414,"dvar":1.53439986706,"dvar2":4.28450584412,"max":31.8403530121,"mean":2.96070671082,"median":2.458745718,"min":-1.14898812771,"var":4.23802471161},"spectral_rms":{"dmean":0.000686237297487,"dmean2":0.0010531747248,"dvar":8.13321037185e-7,"dvar2":0.00000187589705547,"max":0.0139480754733,"mean":0.00466435588896,"median":0.00498399790376,"min":8.93755913722e-9,"var":0.00000412795861848},"spectral_rolloff":{"dmean":560.711547852,"dmean2":933.74005127,"dvar":589423.9375,"dvar2":1350010.875,"max":8850.14648438,"mean":1715.40881348,"median":1485.79101563,"min":64.599609375,"var":2231049.75},"spectral_skewness":{"dmean":0.147656559944,"dmean2":0.240896135569,"dvar":0.0259667802602,"dvar2":0.0663904771209,"max":4.25171804428,"mean":1.11579453945,"median":1.04677128792,"min":-0.00242734514177,"var":0.13302154839},"spectral_spread":{"dmean":331912.75,"dmean2":508264.15625,"dvar":234777165824,"dvar2":371121586176,"max":40076108,"mean":4532586.5,"median":4432782,"min":1628441.25,"var":1618609569790},"spectral_strongpeak":{"dmean":0.314295619726,"dmean2":0.544661819935,"dvar":0.518496751785,"dvar2":1.39288544655,"max":11.3052892685,"mean":0.58360594511,"median":0.457321226597,"min":0,"var":0.531035780907},"zerocrossingrate":{"dmean":0.00939645245671,"dmean2":0.0114222317934,"dvar":0.000114353322715,"dvar2":0.000139693365782,"max":0.48046875,"mean":0.068016000092,"median":0.0625,"min":0.0029296875,"var":0.00126834365074}},"metadata":{"audio_properties":{"analysis_sample_rate":44100,"bit_rate":0,"codec":"flac","downmix":"mix","equal_loudness":0,"length":198.066665649,"lossless":true,"md5_encoded":"7667dfc357f666f13067ff6150ca59b3","replay_gain":-4.16624069214,"sample_rate":44100},"tags":{"acoustid_fingerprint":["AQADtEmSSFNODX_wQaElOFm2Q5do6OhJ4glOfsQXDdVzeGh3nDmO-tDyQ2-C33gepqh8wnzwQ2waI512_PiP52g-41FwcUN5ZUSznHiON8OOKxVRLkfD40fpBM2LH9VpNOtaXCLyMmiZ48EDSseD1jn64wl8HbhyfBv0wj1y8CdOB3jTCj-OfseZ40f1Gict_HAWG-XCHnnwC9rR-LiR48e5g-E2PKgpPGWOX0KYXRK088iZo_zwKMKr4M8RLT4soXqhu8GbQycTMXiUB-Hh86ipFDkTHd-OU86hY8QbMDrOHuZxZT-yT4Lzo3yPXAsU8XB_onoX6Bfx5UHYZXBRPsO7DX-I4QmTeGhiMKaVIDmR-_jR9nCeJB-uH1-c4TncF_905Pqg_Ki1HXt8fD60RFbQZ0J4oYmkJUJGJcOP8kkT-IF2HqeN_chrIfTyYnyOJ4fHH89SDf1j5I8wib7xNIJHtMRp_MF7mImS43xxctOQLMoR4ipOo_ly_Ksx5UmOH1e4LMfJ44GffchrJkKSU_hzhHk6XE8uiA9645Ly4NINzdzRZBeRMw8efFnxHvENjQkj_HCpHNUd_IqGn9B1pchR-XgUyrCXo96MM8qxf3iO8zgXhOuhJbqCvMLJBP-FXikcVUH348uPLyeaguEnSUKCOongyh7-BPcDMWaOfLiopDCV4XSETLrA8ISqVwif5Xjs4YcnBwyPj4txFo2iofLxKZGSSMHF4ImI6TGaHY-p4MwSGj_Woz_CRDz0IJt1TJmOOi_uo4m14gr8c_BylEuWBc8fFM1vxM-gBxMlDlTyQt3x7BKuBe-FQ89PpHh8zOTx4-NxDT-SEaHQfMQvXHqEXIemiynSh6gyBT_-5tjJ4_gCPsetIEzyC8l8PAwuF7-F5kGP8zweJQl6H1P-Ib9w5WiqfPiDfYd5oeWGOof7QLcSUHmOKof2492DB8_hOiV-aE_Rw8l-onLiI7-FK4qIZszR40pm_Cluojx6HFVupPmh_cgS7qh_XId74_hRSVuPjmFi_C5x-uj5gpXa4eoP60deyBdCHZcf9Dmad8GMZHmmoPqM_DmaWcIeHb52lDeSPQ9xjQir4jpuNPpROccf4RFzMFSSoQGepBSa6kaoZLug7ugR5j3OE_3hD9x_NBJJvDnKo2n14AglNSlEcUKu_PBzfOiK8x3iJodG6SbC6PgnfMmDT0f5w2oQN5fhMYuhlQr05RFKQ-wrIiw_lC9cZ2CeWXh24zueCc0zVObxWEG28tBTFrmO5jyOJviPRkcf6XgsTmC4KavhOMj1gcor3D_-BZ58aG-CMwoYK8pAJV8F58LRm8IX9GgOPTz6xsMlrocTD_qH3iFyMVvwV0IbCt6OoycVfGFw4sclnWhy7QjH6IN6IT-8jAn4Hb3h6Dn-o5lV7EtGnEcOjZ3h5c2gHbuQezneGKElNIsDqdSEJk8R7g_-DV-UKEH5ozneH6FGWhC3UwKljYCjfoN2NRNye_gHPjnMGHyb4ZfwHH8F5mh6Ik-CpM-kBA8e9viLH39uNKxydJGJP8vB8yifE2G6iURyfEeWR4d1Q3x09EmMS0f7Q3RfXEjV7MToCx5bXMVxI9ehcT16oiFeXVOgS5yO_IuI6sN1-EebpMYeGwevD9fRTkaaHJo_IdbROAzqRTj3Cb2U4uOKjxFxTTmaU