{"lowlevel":{"average_loudness":0.932629406452,"barkbands":{"dmean":[0.00219833711162,0.00839315261692,0.0015958257718,0.000786038988736,0.00116650573909,0.00121532380581,0.000818147556856,0.00151409290265,0.00164320517797,0.00152865250129,0.000874602119438,0.00136540131643,0.00118133076467,0.000744791934267,0.000414325215388,0.000277934304904,0.000205847303732,0.0000907469002414,0.0000709719097358,0.0000620810678811,0.0000586644346185,0.0000502936454723,0.0000234378749155,0.000005885669907,0.00000217140927816,0.0000176221510628,0.000259040476521],"dmean2":[0.00388963264413,0.0135278254747,0.00271651661023,0.00135567318648,0.00196561333723,0.00203788653016,0.00136019696947,0.0025030747056,0.00273370696232,0.00251318351366,0.00145170418546,0.00224476004951,0.00195418181829,0.00124383566435,0.000684360507876,0.000459131377283,0.00034234978375,0.000148179096868,0.000113936919661,0.0000964224673226,0.0000858388666529,0.0000722211334505,0.0000315460783895,0.0000086941417976,0.00000363160916095,0.00002270463483,0.000372617505491],"dvar":[0.0000394666094508,0.000258407089859,0.0000102698768387,0.00000137291556257,0.00000384363875128,0.00000634147772871,0.00000211281985685,0.0000111871650006,0.0000149530142153,0.00000801496753411,0.00000196219093596,0.00000412727331423,0.00000367699931303,0.00000110628934635,3.83259532555e-7,1.43362058225e-7,7.5244763309e-8,3.24041522504e-8,1.55396779888e-8,1.31029347372e-8,1.94831262235e-8,9.92780169184e-9,1.81885007056e-9,1.28679511491e-10,1.39341056055e-11,1.12168507815e-9,1.20190890129e-7],"dvar2":[0.000110131921247,0.000647085660603,0.0000260566102952,0.00000380821484214,0.000010188379747,0.0000167487651197,0.00000540044538866,0.0000297927399515,0.0000394120797864,0.0000207176544791,0.00000517816533829,0.0000106199986476,0.0000098577074823,0.00000302064404423,9.95128857539e-7,3.72339570731e-7,2.01628992613e-7,8.67473275434e-8,3.86305138989e-8,3.22956381638e-8,4.01611330858e-8,1.99192751182e-8,3.25057691875e-9,2.51517889849e-10,3.45712451721e-11,1.79233372588e-9,2.58497152572e-7],"max":[0.07366104424,0.194491550326,0.04578140378,0.0168800652027,0.0505110919476,0.0716846063733,0.0370386838913,0.0608759447932,0.109951734543,0.0733816027641,0.0368252769113,0.0610527023673,0.0402011163533,0.0171081461012,0.0161299537867,0.00808956101537,0.00458187237382,0.00396155752242,0.00207907240838,0.003270015819,0.0104654263705,0.00354154175147,0.000878070830368,0.000247815885814,0.0000734983404982,0.000723698060028,0.0125157833099],"mean":[0.0020593428053,0.010877805762,0.00185014016461,0.000937059521675,0.00164099491667,0.00178233650513,0.00126735586673,0.00213764188811,0.002455588663,0.00245828274637,0.00141698913649,0.0023819389753,0.00212567741983,0.00140540290158,0.000804329174571,0.000572734395973,0.000448163918918,0.000189035417861,0.000158329159603,0.00014133300283,0.000131463486468,0.000117333314847,0.0000512039368914,0.00000908617403184,0.0000022391695893,0.0000386659703508,0.00109795248136],"median":[0.000574687961489,0.00395627319813,0.000772834639065,0.000500207010191,0.000995595008135,0.000805273768492,0.000688066356815,0.000605218694545,0.000845652539283,0.00110299338121,0.00088220561156,0.00152046000585,0.00119729980361,0.000936154567171,0.000523286405951,0.000413567380747,0.000331798713887,0.0000953650451265,0.0000740831601433,0.0000597025282332,0.0000627031040494,0.0000623397063464,0.0000250955763477,0.00000336705943482,8.81619655502e-7,0.0000175144268724,0.000741649710108],"min":[2.81874817229e-25,1.92236961791e-24,9.78298949077e-25,1.68184908335e-24,1.81724364709e-23,1.63341239268e-23,1.56681217967e-23,7.75949303241e-24,1.91450704126e-23,2.09597108188e-23,2.04345093162e-23,1.98323465437e-23,4.50394643364e-23,4.45179420811e-23,5.81688929006e-23,6.29264183566e-23,7.1853957221e-23,8.37828025963e-23,1.15512044071e-22,2.21550764816e-22,2.2728089897e-22,3.31285279969e-22,4.24236167208e-22,6.02936462036e-22,9.18523081826e-22,1.34608690415e-21,1.8391179522e-21],"var":[0.0000322190171573,0.000314687000355,0.0000112643692773,0.00000164327207131,0.00000476698414786,0.0000103530319393,0.00000378867889594,0.0000181568157132,0.0000246541185334,0.0000156871301442,0.00000331430464939,0.00000772369730839,0.00000832238038129,0.00000237398535319,8.67781920988e-7,3.48455131416e-7,1.95738607545e-7,7.35420115916e-8,4.31703952586e-8,3.91650445408e-8,5.68450886362e-8,2.81233401012e-8,5.40433342522e-9,2.678851585e-10,1.46992643751e-11,3.35243743876e-9,0.00000126636223285]},"barkbands_crest":{"dmean":2.94673728943,"dmean2":4.80877065659,"dvar":7.44691801071,"dvar2":17.9228992462,"max":26.149187088,"mean":9.09556388855,"median":7.56496238708,"min":2.31948447227,"var":22.8677558899},"barkbands_flatness_db":{"dmean":0.0214825812727,"dmean2":0.0341616384685,"dvar":0.00046311103506,"dvar2":0.0011080254335,"max":0.507558941841,"mean":0.116756588221,"median":0.108341895044,"min":0.0343640111387,"var":0.00196449295618},"barkbands_kurtosis":{"dmean":4.4036989212,"dmean2":6.88247394562,"dvar":466.822601318,"dvar2":1042.14855957,"max":995.110229492,"mean":6.11737823486,"median":1.96968221664,"min":-1.70083808899,"var":773.155517578},"barkbands_skewness":{"dmean":0.56710922718,"dmean2":0.87978798151,"dvar":0.677276611328,"dvar2":1.4162555933,"max":22.3229408264,"mean":1.47915029526,"median":1.1655395031,"min":-2.2106385231,"var":2.43633055687},"barkbands_spread":{"dmean":6.76835441589,"dmean2":10.6440944672,"dvar":44.4583702087,"dvar2":106.001701355,"max":115.927650452,"mean":30.9078140259,"median":28.7199230194,"min":0.133368089795,"var":241.805679321},"dissonance":{"dmean":0.0155693376437,"dmean2":0.0269657168537,"dvar":0.000253167032497,"dvar2":0.000719566363841,"max":0.500000059605,"mean":0.47897914052,"median":0.483998477459,"min":0.311214715242,"var":0.000328005757183},"dynamic_complexity":2.78765940666,"erbbands":{"dmean":[0.284100949764,1.77614760399,2.3605298996,2.14063453674,3.02739453316,4.05416679382,6.14384794235,11.5672807693,12.4792032242,15.4495229721,39.347694397,38.6868171692,32.9670753479,49.8847122192,37.325592041,55.9529266357,53.2323112488,37.8383331299,28.3436107635,16.0793380737,13.9210691452,10.3254489899,5.12557125092,3.805768013,3.18493080139,3.03099441528,2.53060460091,2.17706918716,1.86741757393,1.34625637531,0.580202281475,0.226903289557,0.0547063983977,0.0253747217357,0.0152339283377,0.0126976519823,0.038870729506,0.0501959882677,0.0169578101486,0.00611632922664],"dmean2":[0.472009003162,2.86125063896,3.91933703423,3.61091446877,5.18119764328,6.91662931442,10.3201150894,19.4215526581,20.6693954468,25.6004657745,65.1837081909,64.1760559082,54.1607246399,82.4856872559,61.7099494934,92.1920700073,87.7115325928,62.8734741211,47.1369476318,26.3024406433,22.9684047699,17.1254806519,8.35846328735,6.16274499893,5.07755184174,4.69694232941,3.8099527359,3.21612453461,2.74604058266,1.90116107464,0.756763041019,0.309710800648,0.0871228724718,0.0422907955945,0.0253826100379,0.0201751291752,0.0495119206607,0.0644487813115,0.0226429309696,0.00889350567013],"dvar":[0.534263074398,10.2719964981,24.8429164886,9.90394878387,23.8898391724,59.3523406982,120.841033936,675.135681152,694.60723877,803.590759277,7671.60595703,9736.02148438,4552.32617188,7867.84082031,3299.72485352,7324.83056641,7525.33349609,3329.77490234,1582.7923584,710.653869629,344.993652344,191.739349365,92.7461013794,56.5110588074,31.4465713501,28.5765399933,40.0112686157,23.8400325775,14.7913703918,6.42171573639,1.20624196529,0.206917509437,0.0119569078088,0.00190447503701,0.000677339616232,0.000553076155484,0.00639010081068,0.00788761302829,0.00065622816328,0.0000562280947634],"dvar2":[1.42980837822,24.4657020569,60.7217826843,25.9446430206,65.8968048096,158.527709961,310.982025146,1777.50427246,1752.43725586,2082.57666016,20440.5566406,25724.5917969,11843.7871094,20174.2480469,9178.02148438,18879.78125,20142.2402344,9094.41210938,4179.46044922,1811.2668457,891.108398438,511.338439941,246.459899902,146.121276855,77.3893814087,68.5316085815,93.4986877441,47.5248260498,30.9322471619,12.490811348,2.00930929184,0.360227316618,0.0271816458553,0.00472637359053,0.00167713104747,0.00128517998382,0.0104979975149,0.0132073387504,0.00134468171746,0.000120152326417],"max":[10.9315233231,43.4005279541,57.9081916809,41.1963157654,92.0189819336,160.067382812,327.048522949,698.753417969,662.261779785,559.104309082,1595.36022949,2618.95043945,1186.95166016,2938.49145508,1297.04101562,2270.44995117,1975.58935547,1108.58337402,655.426330566,938.16809082,536.60723877,239.528305054,212.194702148,146.210662842,106.947509766,137.647125244,513.971862793,240.430419922,146.778518677,44.4496879578,23.6943798065,10.7643232346,2.32012152672,0.832293987274,0.517391443253,0.465850442648,1.77085101604,1.45804488659,0.893516778946,0.247626528144],"mean":[0.319734990597,2.33184146881,2.97851657867,2.89639186859,4.00845241547,5.31116867065,8.40706443787,16.6910800934,19.3015041351,24.0916500092,56.7997894287,58.1134605408,55.0557098389,82.6785354614,68.6697769165,101.401222229,100.870941162,76.8217391968,58.2229499817,34.7890129089,31.6030502319,24.3662033081,11.8921279907,8.3325843811,7.41005182266,6.95174694061,5.71506738663,4.86423301697,4.24919652939,2.99790215492,1.26315593719,0.417517960072,0.0665324702859,0.0266905911267,0.0162444952875,0.0166983343661,0.0826140940189,0.133626267314,0.0660126432776,0.0303899198771],"median":[0.124633289874,0.775885939598,1.11315524578,1.61384284496,2.35906481743,2.87963199615,4.39490413666,6.97269058228,9.361328125,12.3090324402,15.6864519119,19.8415145874,21.536649704,45.2536239624,46.7774124146,66.8956832886,61.5239143372,49.0075492859,40.5847167969,23.2799816132,24.2476596832,18.3809967041,6.74962806702,4.05104970932,3.3642001152,2.98311901093,2.54103779793,2.41761112213,2.22917795181,1.52636027336,0.589860022068,0.159771963954,0.0239178724587,0.0106329070404,0.00680919038132,0.00729167787358,0.034769680351,0.075052767992,0.0341478772461,0.0238501150161],"min":[3.31047719241e-23,4.00027704723e-22,3.00165265043e-21,8.93161675777e-21,2.56751013711e-20,6.65498920671e-20,7.80442904616e-20,9.66159621665e-20,1.18961173665e-19,1.78456475265e-19,2.05447585448e-19,3.97222314809e-19,5.69558467797e-19,6.93821106631e-19,1.52385766365e-18,9.97852167956e-19,2.21281898078e-18,2.19294121028e-18,2.64748708984e-18,2.64703751717e-18,4.42886520672e-18,4.77578971871e-18,5.5330355192e-18,4.58144404738e-18,7.82377036419e-18,1.02220788071e-17,9.6804525225e-18,1.12757853119e-17,1.33943081844e-17,1.15490998484e-17,1.26093874022e-17,1.07238887529e-17,9.60204159069e-18,7.93426515041e-18,6.77407154941e-18,4.21295576401e-18,2.36015515072e-18,9.18195915738e-19,2.47314750541e-19,2.62774019481e-20],"var":[0.45374122262,15.2958106995,30.9688663483,14.0553445816,26.7513885498,68.831199646,163.454299927,1082.20458984,1298.50061035,1339.51953125,12938.7441406,15154.7919922,9043.70605469,15018.5292969,5931.7734375,13667.9970703,16689.8652344,8127.94824219,3593.96386719,1672.07421875,887.99609375,535.057006836,245.237670898,126.469985962,95.7890625,90.155090332,110.164779663,67.4674835205,39.0220947266,18.3827476501,3.54880809784,0.521610915661,0.0162642542273,0.00203625718132,0.000726930855308,0.000776139844675,0.0175660774112,0.028550375253,0.00642092945054,0.000651660317089]},"erbbands_crest":{"dmean":2.48162317276,"dmean2":4.14247655869,"dvar":5.15802431107,"dvar2":13.9336833954,"max":30.2597675323,"mean":8.24029350281,"median":7.59802341461,"min":2.40220403671,"var":10.985045433},"erbbands_flatness_db":{"dmean":0.0198283456266,"dmean2":0.0298419240862,"dvar":0.000325057917507,"dvar2":0.000664893013891,"max":0.319905430079,"mean":0.15963627398,"median":0.160399973392,"min":0.0395518802106,"var":0.00197743740864},"erbbands_kurtosis":{"dmean":1.02919244766,"dmean2":1.66203057766,"dvar":1.57379508018,"dvar2":3.91491794586,"max":23.8497714996,"mean":1.40884077549,"median":0.927701950073,"min":-1.56151998043,"var":3.98411440849},"erbbands_skewness":{"dmean":0.327443540096,"dmean2":0.520687639713,"dvar":0.0820914357901,"dvar2":0.200864881277,"max":4.1249628067,"mean":0.0459848828614,"median":0.0326774343848,"min":-2.86207270622,"var":0.396069437265},"erbbands_spread":{"dmean":5.01423215866,"dmean2":7.52549886703,"dvar":28.8303756714,"dvar2":56.8728523254,"max":106.777664185,"mean":22.6255626678,"median":19.074798584,"min":3.00752449036,"var":172.716567993},"gfcc":{"cov":[[15305.8076172,492.312316895,-1211.13562012,-303.249603271,-313.609283447,-231.091964722,304.958862305,-211.227218628,196.932312012,-3.42020893097,-67.1592330933,97.1217727661,-189.55255127],[492.312316895,729.310180664,-54.9801864624,-282.892456055,94.6756515503,45.3446426392,-78.2664337158,-2.72154474258,25.8333511353,-41.5295753479,21.1719608307,-40.2741546631,82.1493835449],[-1211.13562012,-54.9801864624,475.975067139,252.542205811,35.3400001526,126.988037109,-61.9867134094,118.324180603,-53.1476898193,-5.43536424637,4.80984020233,-9.74413871765,-2.86421060562],[-303.249603271,-282.892456055,252.542205811,470.778259277,83.1930465698,-9.36144828796,90.9680938721,-4.16824960709,-27.0741710663,0.296878248453,-17.1356658936,28.2323741913,-67.0152359009],[-313.609283447,94.6756515503,35.3400001526,83.1930465698,199.785003662,43.7226219177,7.06911182404,-28.015411377,-14.3447589874,-30.5706329346,21.8211460114,4.22362089157,21.3793945312],[-231.091964722,45.3446426392,126.988037109,-9.36144828796,43.7226219177,223.15802002,-60.1391944885,76.1214447021,-33.9385490417,7.75653791428,7.88697052002,4.16757774353,23.525724411],[304.958862305,-78.2664337158,-61.9867134094,90.9680938721,7.06911182404,-60.1391944885,199.058181763,-19.3830184937,66.8712463379,-0.59604871273,-18.9460678101,19.5451622009,-54.1952552795],[-211.227218628,-2.72154474258,118.324180603,-4.16824960709,-28.015411377,76.1214447021,-19.3830184937,172.466537476,7.44901752472,19.2573318481,-5.34910583496,-42.5067405701,27.94373703],[196.932312012,25.8333511353,-53.1476898193,-27.0741710663,-14.3447589874,-33.9385490417,66.8712463379,7.44901752472,97.1414260864,19.9766902924,-4.59405040741,12.4710159302,-28.8118000031],[-3.42020893097,-41.5295753479,-5.43536424637,0.296878248453,-30.5706329346,7.75653791428,-0.59604871273,19.2573318481,19.9766902924,70.8943710327,25.2953510284,1.61358511448,6.53248977661],[-67.1592330933,21.1719608307,4.80984020233,-17.1356658936,21.8211460114,7.88697052002,-18.9460678101,-5.34910583496,-4.59405040741,25.2953510284,58.7242431641,25.8206691742,18.2176322937],[97.1217727661,-40.2741546631,-9.74413871765,28.2323741913,4.22362089157,4.16757774353,19.5451622009,-42.5067405701,12.4710159302,1.61358511448,25.8206691742,75.2463378906,-4.54202890396],[-189.55255127,82.1493835449,-2.86421060562,-67.0152359009,21.3793945312,23.525724411,-54.1952552795,27.94373703,-28.8118000031,6.53248977661,18.2176322937,-4.54202890396,85.8904342651]],"icov":[[0.000118652569654,-0.000284317153273,0.000628367532045,-0.000488623743877,0.000451069703558,-0.000200799142476,0.0000791581114754,-0.000243168207817,0.0000525138602825,0.000208282406675,-0.000205885400646,-0.000138157003676,0.000283418485196],[-0.000284317153273,0.00345963938162,-0.00257001910359,0.00300447246991,-0.00223776837811,0.0000232436341321,-0.000227079872275,0.00217350455932,-0.00272307987325,0.00145016633905,-0.000701211276464,0.00266686524265,-0.00271166092716],[0.000628367532045,-0.00257001910359,0.00983191467822,-0.00821318663657,0.00523294555023,-0.003892038716,0.00319524481893,-0.00394175946712,-0.00107071443927,0.00521645136178,-0.00550856115296,0.00106739322655,0.00129539519548],[-0.000488623743877,0.00300447246991,-0.00821318663657,0.0123834135011,-0.00952279474586,0.00577397504821,-0.00375567609444,-0.000460396840936,0.00705512892455,-0.00955328997225,0.0104058654979,-0.00680254399776,0.00453144544736],[0.000451069703558,-0.00223776837811,0.00523294555023,-0.00952279474586,0.0158851686865,-0.00773333339021,0.00027185404906,0.00484677450731,-0.00805312022567,0.0135981878266,-0.0150056052953,0.0104224886745,-0.00736272055656],[-0.000200799142476,0.0000232436341321,-0.003892038716,0.00577397504821,-0.00773333339021,0.0112389810383,0.000231612066273,-0.00611786590889,0.00846938509494,-0.00955353211612,0.0102520529181,-0.0104741146788,0.00573226902634],[0.0000791581114754,-0.000227079872275,0.00319524481893,-0.00375567609444,0.00027185404906,0.000231612066273,0.0100563615561,-0.00170913420152,-0.00572788575664,0.00214470690116,0.000185173776117,-0.00103636598215,0.00215981644578],[-0.000243168207817,0.00217350455932,-0.00394175946712,-0.000460396840936,0.00484677450731,-0.00611786590889,-0.00170913420152,0.0164030622691,-0.0102837951854,0.00528481276706,-0.00694158719853,0.0142448488623,-0.0106779104099],[0.0000525138602825,-0.00272307987325,-0.00107071443927,0.00705512892455,-0.00805312022567,0.00846938509494,-0.00572788575664,-0.0102837951854,0.0299779847264,-0.018375845626,0.0157269239426,-0.017728086561,0.0147861009464],[0.000208282406675,0.00145016633905,0.00521645136178,-0.00955328997225,0.0135981878266,-0.00955353211612,0.00214470690116,0.00528481276706,-0.018375845626,0.0365906171501,-0.0276612844318,0.0180219635367,-0.0114684030414],[-0.000205885400646,-0.000701211276464,-0.00550856115296,0.0104058654979,-0.0150056052953,0.0102520529181,0.000185173776117,-0.00694158719853,0.0157269239426,-0.0276612844318,0.0463064573705,-0.0258640740067,0.00764385145158],[-0.000138157003676,0.00266686524265,0.00106739322655,-0.00680254399776,0.0104224886745,-0.0104741146788,-0.00103636598215,0.0142448488623,-0.017728086561,0.0180219635367,-0.0258640740067,0.0365369021893,-0.0130409691483],[0.000283418485196,-0.00271166092716,0.00129539519548,0.00453144544736,-0.00736272055656,0.00573226902634,0.00215981644578,-0.0106779104099,0.0147861009464,-0.0114684030414,0.00764385145158,-0.0130409691483,0.0270612612367]],"mean":[14.1594667435,91.9325180054,-106.835144043,-15.2439680099,-8.94088077545,-9.12375736237,10.2968044281,-26.0180358887,8.54854679108,-7.01720094681,-7.03620481491,5.1112704277,-11.6098136902]},"hfc":{"dmean":49.0658607483,"dmean2":79.1583786011,"dvar":3920.59106445,"dvar2":10220.2265625,"max":1787.08374023,"mean":173.460632324,"median":159.429016113,"min":1.08447454652e-16,"var":10541.4375},"melbands":{"dmean":[0.00247389799915,0.00163629034068,0.000356277218089,0.000262671732344,0.00019990898727,0.000252238300163,0.000180946910405,0.000195578366402,0.000338985497365,0.000233682614635,0.000170900078956,0.000215460851905,0.000118750875117,0.000152584194439,0.000137010109029,0.000111961046059,0.0000723832054064,0.0000539264328836,0.0000279273081105,0.0000207663597394,0.0000178862283065,0.0000131623601192,0.00000643568955638,0.00000444151328338,0.00000330222405864,0.00000269939869213,0.00000234560070567,0.00000223626125262,0.00000168855694938,0.00000160276283623,0.00000129034458496,0.0000011795204955,0.00000100412546544,6.83405232849e-7,3.63937402881e-7,2.61975515059e-7,9.85806494214e-8,4.06103062289e-8,2.68787037072e-8,1.97325160656e-8],"dmean2":[0.00403817137703,0.00263957493007,0.000600066909101,0.000443704193458,0.000334612035658,0.000422339857323,0.000299595383694,0.000323570129694,0.000560883723665,0.000389619905036,0.000282207271084,0.000356291478965,0.000196869514184,0.000252448953688,0.00022614786576,0.000186180972378,0.000121304561617,0.0000906315617613,0.0000458855975012,0.000034334960219,0.0000297769747704,0.0000219408757403,0.0000106708193925,0.00000727291353542,0.00000541608733329,0.00000435196443505,0.00000379106154469,0.00000352599772668,0.00000264574623543,0.00000242204350798,0.00000195839811568,0.00000180263509719,0.00000147435969211,9.95290292849e-7,4.98463691656e-7,3.58553990054e-7,1.44395372104e-7,6.60246328721e-8,4.50162929155e-8,3.30270175652e-8],"dvar":[0.0000292390741379,0.0000100068391475,2.62071722545e-7,2.11418310414e-7,1.22268858149e-7,3.08610708544e-7,1.33161933036e-7,1.49259165028e-7,5.59349587093e-7,3.4684143202e-7,1.23700843346e-7,1.51701328832e-7,3.40977912572e-8,5.27808481365e-8,4.45402541516e-8,3.84391185548e-8,1.17776668418e-8,6.10049166738e-9,2.06515671231e-9,1.0526505223e-9,5.87016268927e-10,3.19922893732e-10,1.01700377286e-10,8.88446885505e-11,4.25726225106e-11,2.07010745351e-11,2.02364618118e-11,1.59982183751e-11,1.93625931261e-11,1.50659415499e-11,7.7682669325e-12,6.22373897211e-12,3.68952307941e-12,1.65516526266e-12,4.72407649024e-13,2.80747999718e-13,4.53101335477e-14,7.5506566738e-15,2.70422044675e-15,1.1780267415e-15],"dvar2":[0.0000770515471231,0.000023442948077,6.88499540047e-7,5.76208435632e-7,3.08506542979e-7,8.10864321465e-7,3.38024506163e-7,3.84517932162e-7,0.00000147908190229,9.1687229542e-7,3.22251565876e-7,3.90478589907e-7,9.39474560369e-8,1.35261615242e-7,1.14560016584e-7,1.04926826339e-7,3.243918556e-8,1.63571023393e-8,5.42857492292e-9,2.72696398795e-9,1.54743562408e-9,8.53150161628e-10,2.70459044049e-10,2.39809533342e-10,1.11190452678e-10,5.08715604364e-11,5.33428440308e-11,3.93285577716e-11,5.03295946586e-11,3.21545151616e-11,1.63245406776e-11,1.40480786726e-11,7.37226859421e-12,3.45389537283e-12,8.66722546598e-13,5.09945764001e-13,9.07893348717e-14,1.7633276092e-14,6.77458179412e-15,2.92215927122e-15],"max":[0.0753140375018,0.0435490757227,0.00707727158442,0.00843894854188,0.0127405403182,0.0161886941642,0.00918347761035,0.00821909867227,0.0148045103997,0.0168923921883,0.00612566620111,0.0127630820498,0.00437984801829,0.0038495475892,0.00664338329807,0.00364466151223,0.0020442570094,0.00139219756238,0.00121545919683,0.000838984153233,0.000659815908875,0.000352813891368,0.000236606530962,0.000224522547796,0.000138157585752,0.0000924071282498,0.00011384885147,0.000100800592918,0.000330545182806,0.000271904544206,0.000110785797006,0.00010877038585,0.0000507569857291,0.000022718017135,0.0000142462367876,0.0000104653063318,0.00000507752793055,0.00000173407897819,0.00000106268657873,6.7871394549e-7],"mean":[0.00309225916862,0.00222213962115,0.000514460320119,0.000350346177584,0.00028024247149,0.000374704832211,0.000284511217615,0.000292558252113,0.000486403121613,0.000345853186445,0.000273287325399,0.000344306754414,0.000207114790101,0.000263048510533,0.000248626398388,0.000201104732696,0.000134785295813,0.000100768869743,0.0000538949934707,0.0000401220495405,0.0000370510460925,0.000027983536711,0.0000135365471579,0.00000870080930326,0.00000645893032925,0.00000579321704208,0.00000479368918604,0.00000465191033072,0.00000349519245901,0.00000329642170982,0.00000263843912762,0.00000246751437771,0.00000213754083234,0.00000142176293139,7.48285856389e-7,4.93706238558e-7,1.49029489194e-7,4.25417745475e-8,2.6883979487e-8,2.01581222825e-8],"median":[0.00121029093862,0.00080696423538,0.000302330154227,0.00019903521752,0.000153435990796,0.000159763760166,0.000143904049764,0.000129212989123,0.000132713641506,0.000118921176181,0.000101906574855,0.00017775784363,0.000136417947942,0.000164908196894,0.000161388554261,0.0001101701273,0.0000854628742673,0.0000677582938806,0.0000336694538419,0.0000261542409135,0.0000274947378784,0.0000204881071113,0.00000865326182975,0.00000403300100515,0.00000304457194034,0.0000027220416996,0.00000192726542991,0.00000195248730961,0.00000146983143168,0.00000152146481014,0.00000128812143885,0.00000124981863792,0.00000108291453671,7.06092407654e-7,3.47020460367e-7,1.90217818385e-7,4.90056990543e-8,1.14329283818e-8,9.00899799205e-9,7.77342190617e-9],"min":[7.26044996022e-25,2.26261617317e-24,2.12620614822e-24,2.69851171875e-24,2.54785190763e-24,2.48306631136e-24,2.2735793676e-24,2.13400581321e-24,1.53777488028e-24,2.36104037616e-24,2.83929716071e-24,2.72787706595e-24,3.94198566947e-24,1.96685486486e-24,3.2618856089e-24,4.61617223149e-24,3.48896415085e-24,3.39384093632e-24,4.14622806872e-24,3.27150773979e-24,4.80526297933e-24,3.58730079028e-24,4.68715117472e-24,3.74867846009e-24,3.25013749787e-24,5.01143532678e-24,5.61951218949e-24,6.08595104882e-24,5.06719793202e-24,4.92255121315e-24,5.76361577763e-24,6.02653601759e-24,5.76142116659e-24,5.05418251594e-24,6.44230121339e-24,6.79101323223e-24,6.34805955091e-24,5.48058037345e-24,6.7704342178e-24,5.99834252327e-24],"var":[0.000028868784284,0.0000148357539729,3.81029167329e-7,2.39156946691e-7,1.74730118374e-7,5.20187882103e-7,2.52096157283e-7,2.43532781496e-7,9.5716359283e-7,5.40002076832e-7,2.39313976635e-7,2.82934934148e-7,5.99288512149e-8,9.76510960982e-8,8.59721183133e-8,8.21198469225e-8,2.54298271329e-8,1.19241470031e-8,4.4341876837e-9,2.33698305152e-9,1.33994881857e-9,7.88555998277e-10,2.43815773127e-10,1.89162796538e-10,8.1906162408e-11,5.72288570699e-11,4.86939134847e-11,4.32191747668e-11,4.40441780269e-11,3.95841831535e-11,1.9887369529e-11,1.44503038008e-11,9.62447222613e-12,4.28228589741e-12,1.26232965053e-12,6.99285193553e-13,8.60248287535e-14,8.91136682268e-15,2.76759672241e-15,1.23204891469e-15]},"melbands_crest":{"dmean":3.94450998306,"dmean2":6.44169855118,"dvar":13.7809085846,"dvar2":33.582572937,"max":37.0807952881,"mean":12.8559093475,"median":11.5295705795,"min":1.66485130787,"var":36.3783531189},"melbands_flatness_db":{"dmean":0.0282981656492,"dmean2":0.0449191071093,"dvar":0.000724653247744,"dvar2":0.00174498616252,"max":0.673336982727,"mean":0.216200336814,"median":0.206540852785,"min":0.00366049422882,"var":0.00372861977667},"melbands_kurtosis":{"dmean":5.69263553619,"dmean2":8.78544807434,"dvar":242.845428467,"dvar2":524.44720459,"max":373.266723633,"mean":7.78125143051,"median":1.12009811401,"min":-1.79053723812,"var":586.83013916},"melbands_skewness":{"dmean":0.738630533218,"dmean2":1.12832200527,"dvar":0.773464977741,"dvar2":1.71143221855,"max":15.3383874893,"mean":1.64037251472,"median":1.09685182571,"min":-1.59298169613,"var":3.40954875946},"melbands_spread":{"dmean":6.42749547958,"dmean2":10.3583660126,"dvar":39.6171760559,"dvar2":93.0332260132,"max":156.036819458,"mean":26.4326190948,"median":26.0544052124,"min":0.303336858749,"var":203.527648926},"mfcc":{"cov":[[7831.43359375,669.31439209,-808.70916748,264.494842529,-731.887695312,281.775085449,-291.039825439,163.889801025,-104.875022888,181.219558716,34.7621040344,-0.612058341503,31.1263446808],[669.31439209,1127.96765137,-208.496017456,-274.543670654,58.6652374268,6.7678027153,-49.9065093994,-20.8522529602,56.2402992249,-74.5371170044,-2.36656165123,33.4983444214,27.0289363861],[-808.70916748,-208.496017456,481.632995605,55.9148521423,168.139892578,-39.5830802917,86.2936553955,37.5420150757,21.6895828247,31.9989452362,-1.34620058537,18.5387573242,-22.9706821442],[264.494842529,-274.543670654,55.9148521423,487.443817139,-53.7697677612,101.648948669,15.4983968735,73.6556243896,-39.3072090149,55.2535438538,2.19031095505,-24.4824028015,-2.62935733795],[-731.887695312,58.6652374268,168.139892578,-53.7697677612,323.086517334,1.40239667892,104.532554626,-17.9866981506,25.2842655182,-61.9391136169,-19.126203537,17.6862297058,-0.257274150848],[281.775085449,6.7678027153,-39.5830802917,101.648948669,1.40239667892,189.428314209,4.61105823517,59.9258804321,-48.9274978638,15.6685667038,-22.3022270203,7.45178461075,10.7011871338],[-291.039825439,-49.9065093994,86.2936553955,15.4983968735,104.532554626,4.61105823517,125.887016296,7.91475963593,31.8634185791,-14.8144330978,5.96462154388,-2.7763838768,3.58287358284],[163.889801025,-20.8522529602,37.5420150757,73.6556243896,-17.9866981506,59.9258804321,7.91475963593,129.745880127,8.91441249847,47.7587356567,-11.1173200607,19.043264389,-4.18634128571],[-104.875022888,56.2402992249,21.6895828247,-39.3072090149,25.2842655182,-48.9274978638,31.8634185791,8.91441249847,100.916297913,22.2232685089,22.9671096802,-2.0350716114,-2.66828370094],[181.219558716,-74.5371170044,31.9989452362,55.2535438538,-61.9391136169,15.6685667038,-14.8144330978,47.7587356567,22.2232685089,107.757850647,27.8124904633,3.62684607506,-7.60181474686],[34.7621040344,-2.36656165123,-1.34620058537,2.19031095505,-19.126203537,-22.3022270203,5.96462154388,-11.1173200607,22.9671096802,27.8124904633,59.6705780029,10.3542900085,5.1821436882],[-0.612058341503,33.4983444214,18.5387573242,-24.4824028015,17.6862297058,7.45178461075,-2.7763838768,19.043264389,-2.0350716114,3.62684607506,10.3542900085,63.2319831848,17.1732540131],[31.1263446808,27.0289363861,-22.9706821442,-2.62935733795,-0.257274150848,10.7011871338,3.58287358284,-4.18634128571,-2.66828370094,-7.60181474686,5.1821436882,17.1732540131,45.303188324]],"icov":[[0.000208530967939,-0.000157270711497,0.000197480068891,-0.00011132988584,0.000332243071171,-0.000119535790873,-0.0000372525391867,-0.0000908996153157,0.000152955632075,-0.000239207336563,-0.0000121400853459,-0.0000655185212963,0.0000639902573312],[-0.000157270711497,0.00142121629324,0.000298897823086,0.000650319037959,-0.000712224864401,-0.000464635522803,0.00102339603473,-0.000325128086843,-0.00127192365471,0.00111715041567,-0.000411336950492,-0.000137667433592,-0.000344069645507],[0.000197480068891,0.000298897823086,0.00383507809602,-0.000441670330474,-0.00177007319871,0.00159032049123,-0.00117306329776,-0.000895454897545,0.00105615053326,-0.00233321962878,0.000760357826948,-0.00123010436073,0.00127924524713],[-0.00011132988584,0.000650319037959,-0.000441670330474,0.003144280985,0.000131189270178,-0.00124897854403,-0.000105824277853,-0.00127060594968,0.00063803116791,0.0000295095524052,-0.00121325196233,0.00189871818293,-0.000704675563611],[0.000332243071171,-0.000712224864401,-0.00177007319871,0.000131189270178,0.00701452279463,-0.00169409345835,-0.00371556798927,0.00156381865963,-0.00130360631738,0.00248546618968,0.00163732492365,-0.00221908767708,0.00117931317072],[-0.000119535790873,-0.000464635522803,0.00159032049123,-0.00124897854403,-0.00169409345835,0.0095895472914,-0.00186695717275,-0.00343446666375,0.0053695961833,-0.00283681531437,0.00211983313784,0.0000623124142294,-0.00177715625614],[-0.0000372525391867,0.00102339603473,-0.00117306329776,-0.000105824277853,-0.00371556798927,-0.00186695717275,0.0143074225634,-0.00187556014862,-0.00466677313671,0.00380777288228,-0.00394181488082,0.00315561098978,-0.00245210365392],[-0.0000908996153157,-0.000325128086843,-0.000895454897545,-0.00127060594968,0.00156381865963,-0.00343446666375,-0.00187556014862,0.0142552414909,-0.00340192788281,-0.00494494009763,0.00657288497314,-0.00605492666364,0.00252770027146],[0.000152955632075,-0.00127192365471,0.00105615053326,0.00063803116791,-0.00130360631738,0.0053695961833,-0.00466677313671,-0.00340192788281,0.0174862202257,-0.00529458886012,-0.00340956635773,0.00272355717607,-0.000495670945384],[-0.000239207336563,0.00111715041567,-0.00233321962878,0.0000295095524052,0.00248546618968,-0.00283681531437,0.00380777288228,-0.00494494009763,-0.00529458886012,0.0190937835723,-0.00863347668201,0.00107984908391,0.00171291036531],[-0.0000121400853459,-0.000411336950492,0.000760357826948,-0.00121325196233,0.00163732492365,0.00211983313784,-0.00394181488082,0.00657288497314,-0.00340956635773,-0.00863347668201,0.0263853799552,-0.00699338130653,-0.00102010194678],[-0.0000655185212963,-0.000137667433592,-0.00123010436073,0.00189871818293,-0.00221908767708,0.0000623124142294,0.00315561098978,-0.00605492666364,0.00272355717607,0.00107984908391,-0.00699338130653,0.0231328587979,-0.00885026343167],[0.0000639902573312,-0.000344069645507,0.00127924524713,-0.000704675563611,0.00117931317072,-0.00177715625614,-0.00245210365392,0.00252770027146,-0.000495670945384,0.00171291036531,-0.00102010194678,-0.00885026343167,0.0274263620377]],"mean":[-644.966491699,161.674118042,-35.6608085632,16.994852066,-9.95804309845,31.9215183258,-6.35890722275,13.9145240784,0.840464711189,4.27969646454,2.34468078613,5.782995224,5.27566957474]},"pitch_salience":{"dmean":0.0785789117217,"dmean2":0.128191426396,"dvar":0.00541202537715,"dvar2":0.0136998863891,"max":0.916703522205,"mean":0.584349274635,"median":0.615467429161,"min":0.0760961174965,"var":0.016464645043},"silence_rate_20dB":{"dmean":0,"dmean2":0,"dvar":0,"dvar2":0,"max":1,"mean":1,"median":1,"min":1,"var":0},"silence_rate_30dB":{"dmean":0.048676662147,"dmean2":0.097362332046,"dvar":0.0463113076985,"dvar2":0.112688243389,"max":1,"mean":0.96085870266,"median":1,"min":0,"var":0.0376057140529},"silence_rate_60dB":{"dmean":0.000370164721971,"dmean2":0.00074039795436,"dvar":0.00037010863889,"dvar2":0.000924909021705,"max":1,"mean":0.0259091332555,"median":0,"min":0,"var":0.0252379402518},"spectral_centroid":{"dmean":169.145858765,"dmean2":262.627288818,"dvar":41406.7929688,"dvar2":86538.1640625,"max":11908.5673828,"mean":1301.36047363,"median":1192.92150879,"min":94.4317016602,"var":652294.3125},"spectral_complexity":{"dmean":3.3538775444,"dmean2":5.13503026962,"dvar":10.4168128967,"dvar2":20.4895992279,"max":55,"mean":25.8512992859,"median":26,"min":0,"var":89.9697036743},"spectral_contrast_coeffs":{"dmean":[0.0521843470633,0.0502591468394,0.0398164577782,0.0284892357886,0.0210835672915,0.0479331575334],"dmean2":[0.0875209569931,0.0849800407887,0.0671251639724,0.0478113554418,0.0347371101379,0.0744621753693],"dvar":[0.00163466169033,0.00160692131612,0.000985639868304,0.000489239115268,0.000342327548424,0.00161464139819],"dvar2":[0.00459559075534,0.00450473604724,0.0027445552405,0.00139719690196,0.000887464091647,0.00386406597681],"max":[-0.435174435377,-0.450671225786,-0.559113204479,-0.605981588364,-0.643971502781,-0.405112892389],"mean":[-0.714281439781,-0.774984359741,-0.790928423405,-0.798918843269,-0.802914738655,-0.688645064831],"median":[-0.717151641846,-0.783041417599,-0.792847931385,-0.799545049667,-0.804077506065,-0.684547066689],"min":[-0.97935038805,-0.97326785326,-0.97791582346,-0.968967676163,-0.966253757477,-0.964836359024],"var":[0.00413634302095,0.00443874439225,0.00277493544854,0.00158213858958,0.00139762437902,0.00725227920339]},"spectral_contrast_valleys":{"dmean":[0.41613265872,0.350228071213,0.298877477646,0.244747161865,0.239424526691,0.625490248203],"dmean2":[0.690770089626,0.576793670654,0.483874022961,0.384821891785,0.357965320349,1.00653898716],"dvar":[0.127694413066,0.0930525511503,0.0749657601118,0.0647787228227,0.0983809679747,0.288507312536],"dvar2":[0.30853047967,0.216143921018,0.160550251603,0.121084138751,0.183612972498,0.701703965664],"max":[-5.15742254257,-4.57672977448,-4.8557343483,-5.31449222565,-5.86146736145,-8.89458560944],"mean":[-7.00789356232,-6.40266561508,-6.49742221832,-6.86438274384,-7.63386487961,-11.336555481],"median":[-6.82660198212,-6.15756893158,-6.228328228,-6.57268810272,-7.38274431229,-11.1716375351],"min":[-28.0089130402,-28.0418567657,-27.6981430054,-27.8115081787,-27.4633960724,-27.388261795],"var":[2.87319517136,3.12877583504,3.13570928574,2.99136328697,2.84731292725,2.20984625816]},"spectral_decrease":{"dmean":3.76657505186e-9,"dmean2":5.97871263608e-9,"dvar":3.27633667487e-17,"dvar2":8.06952274633e-17,"max":9.47006739693e-9,"mean":-7.61091278889e-9,"median":-5.71653924197e-9,"min":-6.63115571342e-8,"var":5.0448107742e-17},"spectral_energy":{"dmean":0.0146003551781,"dmean2":0.0228911861777,"dvar":0.000455704052001,"dvar2":0.00108943018131,"max":0.259738564491,"mean":0.0444586910307,"median":0.0380279570818,"min":9.96435094475e-21,"var":0.00089819857385},"spectral_energyband_high":{"dmean":0.000289970106678,"dmean2":0.000372103764676,"dvar":1.84323866392e-7,"dvar2":3.19158061757e-7,"max":0.0159856267273,"mean":0.00115066475701,"median":0.000718693656381,"min":7.09163668789e-21,"var":0.00000142708904605},"spectral_energyband_low":{"dmean":0.0104829492047,"dmean2":0.0169056877494,"dvar":0.000412542198319,"dvar2":0.00103684898932,"max":0.245019495487,"mean":0.0147761171684,"median":0.0064011355862,"min":2.08082416363e-23,"var":0.000496071763337},"spectral_energyband_middle_high":{"dmean":0.00354216061532,"dmean2":0.00559084303677,"dvar":0.0000198002107936,"dvar2":0.0000494188643643,"max":0.0880669355392,"mean":0.0117995450273,"median":0.00969440676272,"min":1.2103619339e-21,"var":0.0000908455549506},"spectral_energyband_middle_low":{"dmean":0.00450889021158,"dmean2":0.007344446145,"dvar":0.0000405886021326,"dvar2":0.000103008562292,"max":0.142842799425,"mean":0.0107132298872,"median":0.00746815465391,"min":1.89180457105e-22,"var":0.000108302163426},"spectral_entropy":{"dmean":0.122163206339,"dmean2":0.184229940176,"dvar":0.0170264597982,"dvar2":0.0367167033255,"max":9.81779384613,"mean":7.61101722717,"median":7.62897014618,"min":5.40091180801,"var":0.115503512323},"spectral_flux":{"dmean":0.026177007705,"dmean2":0.042627543211,"dvar":0.0011290764669,"dvar2":0.00261709350161,"max":0.464248120785,"mean":0.123071484268,"median":0.11789393425,"min":6.35530725268e-11,"var":0.00275043351576},"spectral_kurtosis":{"dmean":4.26047849655,"dmean2":6.36769151688,"dvar":33.0061798096,"dvar2":75.2318191528,"max":86.9971008301,"mean":20.850769043,"median":18.8515720367,"min":-1.25279486179,"var":113.76990509},"spectral_rms":{"dmean":0.000983090256341,"dmean2":0.00150901696179,"dvar":0.00000136525454764,"dvar2":0.00000300810620502,"max":0.0159186515957,"mean":0.00621073786169,"median":0.00609101355076,"min":3.1179028543e-12,"var":0.00000480090056953},"spectral_rolloff":{"dmean":5235.93603516,"dmean2":9968.66992188,"dvar":59692420,"dvar2":131697896,"max":22028.4667969,"mean":13406.7685547,"median":20112.0117188,"min":21.533203125,"var":86179104},"spectral_skewness":{"dmean":0.321430802345,"dmean2":0.470926403999,"dvar":0.153695419431,"dvar2":0.320935189724,"max":7.0693655014,"mean":3.09375071526,"median":3.02374696732,"min":-0.0556451492012,"var":0.787440657616},"spectral_spread":{"dmean":390246,"dmean2":578963.625,"dvar":309278277632,"dvar2":592462938112,"max":42687312,"mean":3884309.5,"median":3676092,"min":1448143.875,"var":7294683185150},"spectral_strongpeak":{"dmean":5.91585826874,"dmean2":11.0839710236,"dvar":278.128143311,"dvar2":748.235290527,"max":202.167495728,"mean":4.75981664658,"median":0.496321737766,"min":0,"var":246.804733276},"zerocrossingrate":{"dmean":0.039420556277,"dmean2":0.0494637265801,"dvar":0.00128642295022,"dvar2":0.00193910556845,"max":0.8486328125,"mean":0.277604490519,"median":0.27001953125,"min":0.0048828125,"var":0.00697924848646}},"metadata":{"audio_properties":{"analysis_sample_rate":44100,"bit_rate":192000,"codec":"mp3","downmix":"mix","equal_loudness":0,"length":250.90612793,"lossless":false,"md5_encoded":"f609813767cd842b19c30d67c3c16c57","replay_gain":-3.42453193665,"sample_rate":44100},"tags":{"album":["Fly on the Wall"],"albumartist":["AC/DC"],"albumartistsort":["AC/DC"],"artist":["AC/DC"],"artistsort":["AC/DC"],"asin":["B000002II0"],"catalognumber":["APLP-431066"],"composer":["Angus Young/Brian Johnson/Malcolm Young"],"date":["1985"],"discnumber":["1/1"],"file_name":"02. AC-DC - Shake Your Foundations.mp3","genre":["Hard Rock"],"label":["Albert Productions"],"musicbrainz album release country":["AU"],"musicbrainz album status":["official"],"musicbrainz album type":["album"],"musicbrainz_albumartistid":["66c662b6-6e2f-4930-8610-912e24c63ed1"],"musicbrainz_albumid":["a6d4b05c-5ea9-4915-9ac4-67c451420b70"],"musicbrainz_artistid":["66c662b6-6e2f-4930-8610-912e24c63ed1"],"musicbrainz_recordingid":["5bac79b7-b17f-4501-bbbf-d74afc188130"],"musicip_puid":["13c753ad-3535-57cf-aa01-aba47dc1cc11"],"title":["Shake Your Foundations"],"tracknumber":["2/10"]},"version":{"essentia":"2.1-beta1","essentia_build_sha":"ca57ba49d9b1854bd80e60cf9ccf267278fb7d6b","essentia_git_sha":"v2.1_beta1-28-g21ef5f4-dirty","extractor":"music 1.0"}},"rhythm":{"beats_count":511,"beats_loudness":{"dmean":0.0338982455432,"dmean2":0.0626120120287,"dvar":0.0006238000351,"dvar2":0.00194700597785,"max":0.161883607507,"mean":0.0725381672382,"median":0.0743688046932,"min":0,"var":0.00100802618545},"beats_loudness_band_ratio":{"dmean":[0.2024846524,0.0417024120688,0.0843730270863,0.0969760641456,0.0276330094784,0.0751603394747],"dmean2":[0.36428809166,0.0702325254679,0.152715802193,0.170066177845,0.0471903942525,0.13083948195],"dvar":[0.022870561108,0.00219960673712,0.00935827288777,0.00662919180468,0.000742552918382,0.00426593562588],"dvar2":[0.0738249719143,0.00579377356917,0.0266858190298,0.020890166983,0.00198475806974,0.01280470751