{"lowlevel":{"average_loudness":0.695517003536,"barkbands":{"dmean":[0.000106732739368,0.00160503701773,0.000950285466388,0.00095870019868,0.00223739561625,0.00150644802488,0.00116856268141,0.000621904269792,0.000538467371371,0.00038924877299,0.000226285075769,0.000174292523297,0.000172809173819,0.000185091354069,0.000127632549265,0.000108269683551,0.0000744367644074,0.0000588046532357,0.0000346306296706,0.0000334199030476,0.0000189709498954,0.000013872458112,0.0000114317235784,0.00000896079291124,0.00000339428152074,9.75063358055e-7,6.97645674563e-8],"dmean2":[0.000174344517291,0.00242755422369,0.00161240168381,0.00160003930796,0.00359710934572,0.00233272160403,0.00174582097679,0.000924271997064,0.0007777333376,0.000566969742067,0.000326029257849,0.000250903656706,0.000260716595221,0.000268131872872,0.000194148233277,0.000159878487466,0.000111540539365,0.0000888557551662,0.0000519076274941,0.0000483223157062,0.0000268985932053,0.000019225433789,0.0000160073541338,0.0000121992634377,0.00000476103741676,0.00000136895209835,9.18863491961e-8],"dvar":[1.04123486722e-7,0.0000153028449859,0.0000100300494523,0.00000514728844792,0.0000250510020123,0.0000120238992167,0.0000097483080026,0.00000378973186344,0.00000540762994206,0.00000222180574383,9.41837470236e-7,7.5779519193e-7,9.79283640845e-7,0.00000135829236569,3.83771066481e-7,3.07737337835e-7,1.72591740011e-7,5.03886319336e-8,1.58602393441e-8,1.23500747407e-8,3.26186033739e-9,2.43636999464e-9,7.27101845399e-9,6.90622581345e-9,6.51497966686e-10,9.09652630998e-11,6.96034592809e-13],"dvar2":[2.64671712102e-7,0.0000372309041268,0.0000285814367089,0.0000136423950607,0.0000645989275654,0.0000272423148999,0.0000196342080017,0.00000760417697165,0.0000103575648609,0.00000493532206747,0.00000175119487267,0.00000142599139963,0.00000201807711164,0.00000275510660686,8.34109812331e-7,6.55155531604e-7,3.87554422332e-7,1.17013129852e-7,3.63730023878e-8,2.45918467812e-8,6.167021116e-9,4.40044134464e-9,1.4532544057e-8,1.28947847955e-8,1.06258657429e-9,1.62959049033e-10,1.18209153403e-12],"max":[0.00614323886111,0.0856015756726,0.0592294447124,0.0591466799378,0.096049502492,0.0958108305931,0.0791976973414,0.0932777673006,0.118532434106,0.063907302916,0.0353616625071,0.0455663762987,0.0465819165111,0.0632163658738,0.0208104904741,0.0234480556101,0.0203784201294,0.00674065295607,0.0055571468547,0.00494719902053,0.00204881397076,0.00326948915608,0.00752357766032,0.00572808459401,0.0018512038514,0.000762155512348,0.0000914059419301],"mean":[0.000164657583809,0.00487741176039,0.0019942917861,0.00167988589965,0.0045993886888,0.00309607596137,0.00241015688516,0.0012166025117,0.00111708417535,0.000806843570899,0.00042442404083,0.000319363782182,0.000318083970342,0.000317465979606,0.000222369955736,0.000183329582796,0.000138696093927,0.000101002122392,0.0000630344438832,0.0000687516730977,0.0000331340888806,0.0000244892762566,0.0000202609899134,0.0000135822137963,0.00000530721717951,0.00000158983095844,1.39699366741e-7],"median":[0.0000493034385727,0.0043209400028,0.00137793994509,0.000547166448087,0.00188497593626,0.000978441210464,0.000501120928675,0.000152169304783,0.000124237878481,0.000098855161923,0.0000240853696596,0.0000203534600587,0.0000206049480767,0.00000755259679863,0.0000103686688817,0.0000121990124171,0.00000824391099741,0.00000862353772391,0.00000623579353487,0.00000637613993604,0.00000402123805543,0.00000219457115236,0.00000133450384965,8.56583710629e-7,3.97908934247e-7,1.30791960373e-7,6.02087268931e-8],"min":[1.91771013208e-23,2.29007622406e-24,2.78198929529e-23,2.40979556942e-23,2.70197702694e-23,6.78210099727e-23,1.94898247163e-23,2.21826345485e-24,3.22150630408e-23,1.01846814869e-22,8.48569219157e-23,2.02246959812e-22,1.88127308863e-22,9.55918105337e-23,1.10414652093e-22,9.68254312173e-23,2.17546683566e-22,2.09602589193e-22,2.23871909144e-22,3.78716898737e-22,4.71206232926e-22,4.75371670941e-22,5.54878803255e-22,8.96194556919e-22,1.07889433867e-21,1.97797483908e-21,2.67705029713e-21],"var":[9.7343239247e-8,0.0000283689969365,0.00000854018162499,0.0000118233265312,0.0000512906080985,0.0000418074669142,0.0000347508757841,0.0000135356513056,0.0000201349139388,0.00000785051452112,0.00000282438645627,0.00000237024573835,0.00000297779070024,0.00000422677294409,9.50855451265e-7,7.6627350154e-7,5.16693205554e-7,1.08148682898e-7,3.40721797443e-8,4.1191775324e-8,7.74330732867e-9,5.99230753906e-9,2.00179641752e-8,1.51912313839e-8,1.70931202526e-9,2.56443088986e-10,1.25232127186e-12]},"barkbands_crest":{"dmean":2.28766012192,"dmean2":3.63543391228,"dvar":5.08182621002,"dvar2":12.6181726456,"max":26.8499851227,"mean":12.1479692459,"median":11.5338001251,"min":3.12166881561,"var":18.4554214478},"barkbands_flatness_db":{"dmean":0.0218195114285,"dmean2":0.0301958993077,"dvar":0.000548255455215,"dvar2":0.000941983540542,"max":0.505824625492,"mean":0.244846463203,"median":0.242446959019,"min":0.027993183583,"var":0.00683083292097},"barkbands_kurtosis":{"dmean":5.00647068024,"dmean2":7.57271003723,"dvar":167.925186157,"dvar2":283.547851562,"max":1133.63903809,"mean":10.2585201263,"median":5.72397518158,"min":-1.94836974144,"var":509.343658447},"barkbands_skewness":{"dmean":0.597229003906,"dmean2":0.889574408531,"dvar":0.52170830965,"dvar2":1.08367538452,"max":29.6756687164,"mean":1.91182851791,"median":1.72076296806,"min":-5.90098714828,"var":2.49447178841},"barkbands_spread":{"dmean":2.57255363464,"dmean2":3.78692674637,"dvar":26.2151470184,"dvar2":53.5325660706,"max":157.81098938,"mean":9.76326179504,"median":5.89899301529,"min":0.111821338534,"var":160.496749878},"dissonance":{"dmean":0.0367130711675,"dmean2":0.0602709315717,"dvar":0.00119639048353,"dvar2":0.00315617094748,"max":0.500000119209,"mean":0.408407837152,"median":0.421560525894,"min":0.132928431034,"var":0.00384991662577},"dynamic_complexity":5.43548250198,"erbbands":{"dmean":[0.0470787510276,0.387904286385,1.04915988445,2.15733528137,5.44492006302,8.01140785217,9.169257164,14.447842598,18.4211463928,11.9313611984,13.3022022247,13.1555843353,11.0862016678,10.9706363678,7.37823438644,6.75449991226,7.01244783401,8.85175037384,7.52674245834,5.65706205368,4.39431905746,4.0291428566,3.35312604904,1.71344065666,1.69032740593,1.59311664104,0.91579413414,0.633581280708,0.500338196754,0.402119487524,0.33086502552,0.22294048965,0.123607985675,0.0531829185784,0.0172130186111,0.0061950776726,0.0015590590192,0.000165667108377,0.000014341086171,0.00000759662270866],"dmean2":[0.0711662769318,0.603455007076,1.76953673363,3.63961338997,8.96934700012,12.7195615768,14.4514694214,22.271566391,27.2050323486,17.9253845215,19.3408985138,18.7236690521,15.5980005264,15.5777616501,10.0145845413,9.57718372345,10.4051628113,12.3405923843,11.0309991837,8.2668838501,6.3967089653,5.84605312347,4.98579072952,2.53538179398,2.54780697823,2.30649852753,1.29391002655,0.889845371246,0.703928053379,0.553064107895,0.472151517868,0.299961328506,0.169638395309,0.0741875991225,0.0242193359882,0.00866903457791,0.00220112525858,0.000216141022975,0.0000191706349142,0.0000112850893856],"dvar":[0.0163191854954,0.957141637802,11.4861898422,30.0919723511,191.604141235,330.793640137,472.219726562,1299.65380859,2263.32641602,1169.96716309,1754.87084961,3319.40161133,2198.35888672,1443.6628418,834.186340332,1151.62023926,1351.35852051,3286.66870117,1296.42126465,883.951416016,343.267242432,644.211669922,188.300750732,37.0988540649,36.7303199768,32.2540245056,7.78640127182,5.29834699631,2.85992980003,4.47520637512,8.58700561523,4.45536422729,1.05781078339,0.164225369692,0.0168303139508,0.00371921434999,0.000275951868389,0.00000488303476232,1.55582604577e-8,1.66035837856e-10],"dvar2":[0.0392946377397,2.53520894051,32.5073547363,83.8692550659,507.615386963,828.219177246,1185.20068359,2969.58642578,4578.72216797,2370.94238281,3352.10351562,5848.78857422,4453.50927734,2877.66894531,1388.12634277,2092.75,2842.90405273,6104.50048828,2710.53125,1949.96801758,670.297851562,1392.5435791,422.070983887,81.9747009277,87.1837158203,65.9824066162,14.164765358,10.5787096024,5.70194292068,8.58854484558,19.2211360931,7.7328004837,1.95316898823,0.260842770338,0.0303497873247,0.00714451633394,0.000516708416399,0.00000762733270676,2.46608120591e-8,3.86363635529e-10],"max":[2.65064001083,18.4128513336,64.1405029297,104.961654663,278.662475586,469.021087646,658.596191406,1221.19604492,1248.27197266,1078.70471191,2540.10986328,3102.89111328,2503.61352539,1498.21508789,1179.24707031,2120.69824219,1712.13012695,3029.60888672,1451.81176758,1393.49768066,789.722106934,1286.88146973,439.603149414,312.314483643,250.44468689,249.695404053,112.948608398,138.360641479,78.4993209839,205.092987061,239.253845215,146.948120117,73.0436401367,31.4213123322,9.61804580688,5.5798034668,1.14062201977,0.243117332458,0.0132097182795,0.00043252290925],"mean":[0.144434928894,1.07572317123,2.38969016075,4.10992097855,10.2023735046,15.6453399658,18.1331157684,29.3081054688,40.3691864014,23.9700126648,26.8678894043,28.5038986206,24.5364894867,23.7896156311,15.7424697876,13.8396816254,14.3581323624,17.0218715668,14.5060043335,10.4509010315,8.71132278442,7.7422785759,6.19434309006,3.43226289749,3.3059990406,3.28604078293,1.80854094028,1.11496019363,0.891745507717,0.713135302067,0.576784551144,0.345169484615,0.191567093134,0.0820679366589,0.026687271893,0.00951255764812,0.00263391132466,0.000282671040623,0.0000366593667422,0.0000287030779873],"median":[0.126095190644,0.831280827522,2.01919841766,2.09792113304,3.72450327873,5.45674037933,6.91434192657,8.85350227356,9.6842918396,6.34281539917,4.41172027588,4.00382661819,3.06946182251,3.00827670097,1.56699967384,1.02527022362,1.11782741547,0.699023127556,0.647329330444,0.792098402977,0.869630694389,0.563296616077,0.537530362606,0.409686028957,0.297830224037,0.334688305855,0.22613593936,0.13564902544,0.0794007927179,0.0524813942611,0.037540115416,0.0212976038456,0.0116734756157,0.00556165818125,0.00213439413346,0.000695698196068,0.000228014425375,0.0000521957990713,0.0000198178695427,0.0000223203714995],"min":[1.37892823124e-22,1.04429815579e-21,2.25994726014e-20,6.38883285863e-20,1.07585798806e-19,7.1425210587e-20,2.68769902775e-19,6.02883403328e-19,2.94695268287e-19,2.43565063276e-19,1.49084105969e-19,6.67692590731e-19,1.8435415671e-18,3.71295362145e-18,6.18467972037e-18,6.92189989181e-18,9.75291106261e-18,5.1059294953e-18,5.47922452522e-18,4.47076976296e-18,8.0465276216e-18,1.15112513723e-17,1.07404695882e-17,1.22362892412e-17,1.21396389769e-17,1.5232305987e-17,1.79542182389e-17,2.03837386878e-17,1.59919175241e-17,1.88784502984e-17,1.63270050815e-17,1.64635577114e-17,1.67884891452e-17,1.42896079476e-17,7.42354481507e-18,7.02761398769e-18,3.33418741216e-18,1.55340290077e-18,3.80819452509e-19,4.00152821849e-20],"var":[0.0262994784862,1.62898361683,9.92906570435,47.9135398865,307.942687988,759.814025879,1342.4161377,4328.78613281,9239.42675781,3359.65478516,7197.34423828,12707.3408203,11035.1923828,5354.85351562,3118.21923828,4492.046875,4785.60107422,10683.34375,3900.51904297,1946.31689453,1235.62817383,1811.40600586,430.561035156,105.439575195,79.1994171143,100.838508606,23.2920761108,10.8571357727,6.7042798996,10.508600235,20.8799171448,10.0119924545,2.70324349403,0.452797055244,0.0382985398173,0.00839329697192,0.000797211541794,0.0000107897394628,3.23120161738e-8,5.74900627104e-10]},"erbbands_crest":{"dmean":2.79347705841,"dmean2":4.40291023254,"dvar":7.27634191513,"dvar2":16.8274078369,"max":33.6438827515,"mean":11.9302043915,"median":10.8994455338,"min":2.08073115349,"var":28.5773582458},"erbbands_flatness_db":{"dmean":0.0188082773238,"dmean2":0.0261116046458,"dvar":0.000419827032601,"dvar2":0.000710781197995,"max":0.501932322979,"mean":0.221189782023,"median":0.220567882061,"min":0.0263792704791,"var":0.0041085104458},"erbbands_kurtosis":{"dmean":2.14210915565,"dmean2":3.23376584053,"dvar":14.2599287033,"dvar2":28.5616283417,"max":209.078308105,"mean":3.99179387093,"median":1.94674301147,"min":-1.84729158878,"var":53.9475517273},"erbbands_skewness":{"dmean":0.425372689962,"dmean2":0.631760060787,"dvar":0.194440186024,"dvar2":0.389172613621,"max":11.6698026657,"mean":1.10274469852,"median":1.05095911026,"min":-4.17201757431,"var":1.15878117085},"erbbands_spread":{"dmean":6.08781480789,"dmean2":8.80207252502,"dvar":81.6385345459,"dvar2":157.0728302,"max":150.988296509,"mean":23.9786663055,"median":18.0980110168,"min":0.621931016445,"var":374.673278809},"gfcc":{"cov":[[15954.3105469,1154.41662598,-3409.38208008,934.949829102,-597.713745117,135.243667603,-226.605255127,255.467391968,157.833206177,35.6790962219,173.238204956,-48.672542572,121.800674438],[1154.41662598,1902.77941895,521.142944336,-402.861297607,140.967681885,-103.846237183,201.010253906,-95.5149536133,123.552497864,-22.0673484802,119.896400452,-56.67943573,80.517036438],[-3409.38208008,521.142944336,1901.86535645,-135.625198364,117.35092926,62.0693626404,147.656082153,-38.9091148376,29.5841770172,6.6478676796,29.0322055817,33.6875495911,-1.25195920467],[934.949829102,-402.861297607,-135.625198364,777.85748291,117.976928711,8.17150878906,17.0230255127,121.229400635,64.5404815674,32.7464027405,-6.26794528961,20.8393993378,18.8489665985],[-597.713745117,140.967681885,117.35092926,117.976928711,431.807373047,105.900192261,90.5230712891,49.7132110596,69.5565261841,46.6240577698,6.21752548218,3.71879005432,26.2680740356],[135.243667603,-103.846237183,62.0693626404,8.17150878906,105.900192261,359.163635254,90.2309799194,52.6121101379,28.2361965179,47.4924468994,36.6656227112,12.7255249023,-4.65938329697],[-226.605255127,201.010253906,147.656082153,17.0230255127,90.5230712891,90.2309799194,224.099319458,50.8671073914,24.352306366,22.9627933502,43.6135063171,13.6270542145,14.4699640274],[255.467391968,-95.5149536133,-38.9091148376,121.229400635,49.7132110596,52.6121101379,50.8671073914,165.268890381,62.7420921326,19.4191398621,14.7044668198,19.2014122009,20.602060318],[157.833206177,123.552497864,29.5841770172,64.5404815674,69.5565261841,28.2361965179,24.352306366,62.7420921326,173.954833984,51.4679794312,10.0636472702,4.61344385147,28.5920066833],[35.6790962219,-22.0673484802,6.6478676796,32.7464027405,46.6240577698,47.4924468994,22.9627933502,19.4191398621,51.4679794312,112.418540955,31.9682102203,8.72941589355,9.98233604431],[173.238204956,119.896400452,29.0322055817,-6.26794528961,6.21752548218,36.6656227112,43.6135063171,14.7044668198,10.0636472702,31.9682102203,124.84588623,32.601726532,-1.82445800304],[-48.672542572,-56.67943573,33.6875495911,20.8393993378,3.71879005432,12.7255249023,13.6270542145,19.2014122009,4.61344385147,8.72941589355,32.601726532,106.673088074,27.4197444916],[121.800674438,80.517036438,-1.25195920467,18.8489665985,26.2680740356,-4.65938329697,14.4699640274,20.602060318,28.5920066833,9.98233604431,-1.82445800304,27.4197444916,90.2338027954]],"icov":[[0.00063432281604,-0.00163367984351,0.00128215970472,-0.00146877020597,0.00158287410159,-0.00155490590259,0.00152164686006,-0.00127362727653,0.000932771654334,-0.000861476466525,0.000684944156092,-0.000839209649712,0.000500429305248],[-0.00163367984351,0.00537179224193,-0.00347031583078,0.00432609487325,-0.00444750115275,0.00463116494939,-0.0048859086819,0.00420324597508,-0.00359532120638,0.00320452288724,-0.00323630752973,0.00334980455227,-0.00248091085814],[0.00128215970472,-0.00347031583078,0.00319985835813,-0.00294888787903,0.00312963034958,-0.0032342649065,0.00281545333564,-0.00241605076008,0.00187320786063,-0.00178371311631,0.00163456168957,-0.00211748876609,0.00132864096668],[-0.00146877020597,0.00432609487325,-0.00294888787903,0.00519455224276,-0.00421254429966,0.00410228362307,-0.00385720445774,0.00232791737653,-0.00278067472391,0.00219349237159,-0.002037236467,0.00224105035886,-0.00156221631914],[0.00158287410159,-0.00444750115275,0.00312963034958,-0.00421254429966,0.00700087705627,-0.00466805463657,0.00330313341692,-0.00337459845468,0.00206944788806,-0.00296789361164,0.00259475060739,-0.00223593041301,0.00112155172974],[-0.00155490590259,0.00463116494939,-0.0032342649065,0.00410228362307,-0.00466805463657,0.00760631682351,-0.0051389769651,0.00280858878978,-0.00271084089763,0.0016104147071,-0.00272884592414,0.00248770718463,-0.00113117997535],[0.00152164686006,-0.0048859086819,0.00281545333564,-0.00385720445774,0.00330313341692,-0.0051389769651,0.0104931378737,-0.00528578553349,0.00359247252345,-0.00281503912993,0.0011583234882,-0.00257416791283,0.00142654718366],[-0.00127362727653,0.00420324597508,-0.00241605076008,0.00232791737653,-0.00337459845468,0.00280858878978,-0.00528578553349,0.0119410902262,-0.00539177842438,0.00324853113852,-0.00268711918034,0.00170684861951,-0.00252647441812],[0.000932771654334,-0.00359532120638,0.00187320786063,-0.00278067472391,0.00206944788806,-0.00271084089763,0.00359247252345,-0.00539177842438,0.0106542743742,-0.00532679865137,0.002595548518,-0.00164881721139,0.000235282030189],[-0.000861476466525,0.00320452288724,-0.00178371311631,0.00219349237159,-0.00296789361164,0.0016104147071,-0.00281503912993,0.00324853113852,-0.00532679865137,0.0136354025453,-0.00476107979193,0.0022456808947,-0.00212191767059],[0.000684944156092,-0.00323630752973,0.00163456168957,-0.002037236467,0.00259475060739,-0.00272884592414,0.0011583234882,-0.00268711918034,0.002595548518,-0.00476107979193,0.0127670513466,-0.00549823278561,0.00357616250403],[-0.000839209649712,0.00334980455227,-0.00211748876609,0.00224105035886,-0.00223593041301,0.00248770718463,-0.00257416791283,0.00170684861951,-0.00164881721139,0.0022456808947,-0.00549823278561,0.0138084813952,-0.0055845445022],[0.000500429305248,-0.00248091085814,0.00132864096668,-0.00156221631914,0.00112155172974,-0.00113117997535,0.00142654718366,-0.00252647441812,0.000235282030189,-0.00212191767059,0.00357616250403,-0.0055845445022,0.0148580158129]],"mean":[-111.960350037,147.898925781,-83.7633132935,22.3888607025,-56.8398933411,-2.15677332878,-29.0606002808,-0.272265702486,-15.5120668411,-3.44111061096,-9.16055488586,-2.65017414093,-2.55710625648]},"hfc":{"dmean":2.73451304436,"dmean2":3.83482432365,"dvar":23.1722278595,"dvar2":43.6941566467,"max":149.211929321,"mean":10.4396896362,"median":5.07942962646,"min":1.22610374925e-16,"var":177.688598633},"melbands":{"dmean":[0.000422450044425,0.0005313383881,0.000441983458586,0.000501051952597,0.000321507715853,0.000316264631692,0.000266747520072,0.000129462292534,0.000105709506897,0.0000822232177597,0.0000563922803849,0.0000465658740723,0.0000267252416961,0.000020990260964,0.0000156663045345,0.0000169504692167,0.0000182333242265,0.0000140376205309,0.00000869268933457,0.00000906057630345,0.00000490596312375,0.00000476470449939,0.00000404012735089,0.00000232061051975,0.00000146731929362,0.00000134816991704,0.00000128831493384,0.0000011132472082,6.86580278852e-7,4.69038269557e-7,3.68319405197e-7,3.13657722018e-7,2.61290210801e-7,2.2463474636e-7,2.0929969935e-7,1.48385723264e-7,1.39290889933e-7,9.48929752553e-8,6.32936689726e-8,4.00393602717e-8],"dmean2":[0.000628196517937,0.000869885552675,0.000741074269172,0.000807062431704,0.000509566569235,0.000487023411551,0.000395102397306,0.000194418709725,0.000153894157847,0.000117534516903,0.0000797258398961,0.0000665928819217,0.0000365071609849,0.0000294182373182,0.000021531855964,0.0000258618492808,0.0000255650629697,0.000020470655727,0.0000129119907797,0.000013165314158,0.00000734685318093,0.00000704699914422,0.00000613119573245,0.00000350942286786,0.00000220558604269,0.00000209108111449,0.00000190425146229,0.00000167213613622,9.94255742626e-7,6.81220853949e-7,5.32788135388e-7,4.55335310789e-7,3.65957646409e-7,3.1794405686e-7,3.07907697561e-7,2.14111324226e-7,1.93146817651e-7,1.33784240575e-7,8.79140173993e-8,5.71938088001e-8],"dvar":[0.0000010995527191,0.00000253745497503,0.00000104626315078,0.0000016032648773,4.88472210236e-7,5.61678916711e-7,4.51585833616e-7,1.3583886016e-7,1.02759749154e-7,1.50377630348e-7,5.60971109564e-8,2.58308165968e-8,1.10336886294e-8,1.08016049438e-8,8.28003177133e-9,8.71655725376e-9,1.59859503412e-8,5.16656140093e-9,1.90084548102e-9,2.4561250811e-9,4.39564912247e-10,1.13480214115e-9,2.84097356751e-10,7.2326929168e-11,3.33906929884e-11,3.25311964866e-11,2.05174696677e-11,1.80091410534e-11,4.77767781934e-12,2.1578071361e-12,2.44883497161e-12,1.21065310554e-12,1.01344963237e-12,1.81377124691e-12,3.59733683813e-12,1.77226842143e-12,2.14131923998e-12,6.92009600664e-13,2.03579110492e-13,1.02105796691e-13],"dvar2":[0.00000259205853581,0.00000711113762009,0.00000286987415166,0.00000415944714405,0.0000012318289464,0.00000127820942453,9.18890862067e-7,2.75121578852e-7,1.92901183027e-7,2.71388699957e-7,1.14601633072e-7,5.24210470587e-8,1.84220070309e-8,1.98959764219e-8,1.19487868488e-8,2.03304466595e-8,3.03987377492e-8,1.07509556813e-8,4.16055501162e-9,5.06484676421e-9,9.29456678289e-10,2.51334908441e-9,6.22429274788e-10,1.67220542968e-10,7.6645224889e-11,8.41834310594e-11,4.3802610844e-11,3.81297285412e-11,9.13509632522e-12,4.26749521137e-12,5.36142874888e-12,2.66615115402e-12,1.97091756977e-12,3.48925966245e-12,8.46413390765e-12,3.30269644098e-12,4.26434235146e-12,1.37851459848e-12,3.20695022187e-13,1.66271022558e-13],"max":[0.0240681283176,0.0269134938717,0.0197369102389,0.0259385369718,0.0185326039791,0.0235159154981,0.018681678921,0.0111808553338,0.0186023134738,0.0219534672797,0.0122155938298,0.00612864643335,0.00344251841307,0.00602534320205,0.00777687085792,0.00481721200049,0.00700664613396,0.00262268888764,0.00160441698972,0.00229853903875,0.000799870118499,0.00183978595305,0.000474448897876,0.000328783702571,0.000287909904728,0.000267370953225,0.000146052159835,0.000191406943486,0.0000921272585401,0.0000395107126678,0.000100544006273,0.0000482555515191,0.0000719367017155,0.00012762688857,0.000156509617227,0.0000911115421331,0.00010201115947,0.0000626207474852,0.0000419518255512,0.0000208774472412],"mean":[0.00132469355594,0.00133097474463,0.000867911381647,0.000987755833194,0.000659361248836,0.000654211034998,0.000585783331189,0.00025259424001,0.00021071213996,0.000175377877895,0.000119485150208,0.0000974056238192,0.0000538528765901,0.0000391915345972,0.0000308565686282,0.0000325590008288,0.0000317455269396,0.0000244026632572,0.0000146341544678,0.000015165757759,0.00000885012832441,0.00000841810560814,0.00000690191427566,0.0000039561500671,0.0000026295947464,0.00000235631273426,0.00000236302503254,0.00000214639635487,0.0000012636782003,7.82439315117e-7,5.8849150264e-7,5.2444386256e-7,4.33187864246e-7,3.76790580958e-7,3.47813937651e-7,2.52110709198e-7,1.97679241865e-7,1.43177786072e-7,9.53311527496e-8,6.01310716775e-8],"median":[0.00117670884356,0.00124155636877,0.000457369867945,0.000368452165276,0.000265484122792,0.00019417059957,0.000137063805596,0.0000544552240171,0.0000304339991999,0.0000204215357371,0.000012715723642,0.0000111314329843,0.00000404536876886,0.00000293865559797,0.00000210635107578,0.00000181403822808,8.79300841916e-7,8.69176631113e-7,6.88603222443e-7,9.70578639681e-7,8.1308502331e-7,4.31165858572e-7,4.12734806332e-7,3.67471045593e-7,1.91283533013e-7,1.64791202906e-7,1.78903292181e-7,1.93671922943e-7,1.3891640549e-7,8.7624314915e-8,5.75967682437e-8,4.43108518766e-8,2.8425635179e-8,2.39795969748e-8,2.14180460034e-8,1.50663819198e-8,1.07129443094e-8,7.92820387119e-9,5.69537839112e-9,3.94357924094e-9],"min":[2.32215663328e-24,8.30456436348e-24,1.29371736952e-23,6.34596946395e-24,8.27144167179e-24,1.30851994998e-23,4.39254909752e-24,1.98635037884e-24,1.56426088517e-24,4.50617701674e-24,9.5694807369e-24,1.50920687424e-23,1.76473911628e-23,2.08507738609e-23,2.11670203092e-23,1.67616754934e-23,8.67765060658e-24,8.06923137823e-24,8.94951100718e-24,5.15057106337e-24,1.09098492893e-23,1.27811275418e-23,1.04987928043e-23,9.03062562976e-24,1.03439299422e-23,8.65635057328e-24,9.16804914375e-24,1.10015338592e-23,1.13617182822e-23,1.10963012974e-23,1.14784886288e-23,9.24221863492e-24,9.26235273181e-24,1.07319627329e-23,9.83604472538e-24,6.99499925169e-24,1.1520909624e-23,1.16208930105e-23,1.02427782527e-23,1.25400051064e-23],"var":[0.00000204100638257,0.00000245364094553,0.00000181783775588,0.0000028687302347,0.00000148570200054,0.00000201360671781,0.00000185493877325,3.99152611408e-7,4.31690921232e-7,5.74850957946e-7,2.73076523172e-7,9.32748349669e-8,3.84999054859e-8,2.93997004519e-8,4.3688789475e-8,2.6782258189e-8,4.82911879374e-8,1.36913103077e-8,4.16496259703e-9,5.71963898466e-9,1.26757415675e-9,2.7580684403e-9,6.56658005749e-10,1.50684978384e-10,8.14607409305e-11,5.08371816865e-11,5.0535908791e-11,4.97177507497e-11,1.33430376123e-11,4.83612585742e-12,4.21856950414e-12,2.42943230637e-12,2.30655208475e-12,4.0014398045e-12,7.54650335277e-12,4.66447757155e-12,3.90452340598e-12,1.66634653125e-12,5.84670332981e-13,2.60067114328e-13]},"melbands_crest":{"dmean":2.65267968178,"dmean2":4.25400543213,"dvar":7.31599617004,"dvar2":18.0321331024,"max":33.3774719238,"mean":15.0910482407,"median":14.4188270569,"min":1.78790450096,"var":25.4926261902},"melbands_flatness_db":{"dmean":0.0258676391095,"dmean2":0.034571647644,"dvar":0.000824230955914,"dvar2":0.00132481742185,"max":0.669658303261,"mean":0.340536981821,"median":0.339002609253,"min":0.00445221364498,"var":0.0114677082747},"melbands_kurtosis":{"dmean":7.72811174393,"dmean2":11.7771139145,"dvar":243.258544922,"dvar2":522.976501465,"max":627.18359375,"mean":16.3786830902,"median":8.75833129883,"min":-1.8339151144,"var":757.682678223},"melbands_skewness":{"dmean":0.688352108002,"dmean2":1.02014648914,"dvar":0.699575424194,"dvar2":1.47659194469,"max":16.5669116974,"mean":2.43250536919,"median":2.06617832184,"min":-3.7918214798,"var":3.21548008919},"melbands_spread":{"dmean":2.70872950554,"dmean2":3.93037486076,"dvar":27.0630149841,"dvar2":53.8016319275,"max":179.174377441,"mean":10.2308139801,"median":6.33592224121,"min":0.261407703161,"var":150.335281372},"mfcc":{"cov":[[13712.140625,-320.789276123,-2381.47387695,281.061096191,-368.000091553,-74.1279754639,-303.376342773,122.524688721,-68.755897522,157.013916016,-12.6303510666,94.4870758057,82.4110870361],[-320.789276123,2457.60839844,550.003173828,-173.656112671,-29.9909667969,10.8640947342,87.0257415771,-35.3578834534,25.1804904938,15.4000415802,12.8922710419,49.3301277161,42.1808891296],[-2381.47387695,550.003173828,1329.6262207,78.36769104,58.258228302,57.3259506226,91.9895629883,35.7665290833,21.9870090485,-14.2866239548,13.3786296844,46.6570358276,6.09582853317],[281.061096191,-173.656112671,78.36769104,607.180419922,107.526847839,-0.53480643034,4.03535270691,46.6985702515,87.1644058228,16.5294971466,-15.92420578,42.6339607239,46.0395240784],[-368.000091553,-29.9909667969,58.258228302,107.526847839,332.584350586,105.565727234,31.0326557159,46.2890625,73.328956604,65.5366439819,32.8421897888,11.6326417923,15.9687843323],[-74.1279754639,10.8640947342,57.3259506226,-0.53480643034,105.565727234,247.619094849,95.1824951172,42.9058074951,47.911605835,58.582698822,54.0916519165,7.89321899414,19.7642040253],[-303.376342773,87.0257415771,91.9895629883,4.03535270691,31.0326557159,95.1824951172,228.767669678,64.4772796631,4.3899140358,31.7086696625,37.4270782471,8.3676071167,18.4071216583],[122.524688721,-35.3578834534,35.7665290833,46.6985702515,46.2890625,42.9058074951,64.4772796631,167.351226807,43.08618927,32.6140098572,21.9561920166,20.2461280823,31.358663559],[-68.755897522,25.1804904938,21.9870090485,87.1644058228,73.328956604,47.911605835,4.3899140358,43.08618927,174.536392212,58.3351974487,19.9504871368,8.79608917236,3.72437906265],[157.013916016,15.4000415802,-14.2866239548,16.5294971466,65.5366439819,58.582698822,31.7086696625,32.6140098572,58.3351974487,161.119537354,51.997631073,-3.81956601143,10.6693735123],[-12.6303510666,12.8922710419,13.3786296844,-15.92420578,32.8421897888,54.0916519165,37.4270782471,21.9561920166,19.9504871368,51.997631073,116.246658325,28.0529708862,0.502125024796],[94.4870758057,49.3301277161,46.6570358276,42.6339607239,11.6326417923,7.89321899414,8.3676071167,20.2461280823,8.79608917236,-3.81956601143,28.0529708862,138.014984131,46.752155304],[82.4110870361,42.1808891296,6.09582853317,46.0395240784,15.9687843323,19.7642040253,18.4071216583,31.358663559,3.72437906265,10.6693735123,0.502125024796,46.752155304,126.943641663]],"icov":[[0.000135872905958,-0.0000584299523325,0.000264451198746,-0.000145495854667,0.000202276394702,-0.000144135919982,0.000213966952288,-0.000235614410485,0.000176302492036,-0.000201438597287,0.0000528570199094,-0.000152793392772,0.0000632709998172],[-0.0000584299523325,0.00051148654893,-0.000318559235893,0.000264542148216,-0.0000522139416717,0.00017817915068,-0.000292849261314,0.000350173504557,-0.000292314594844,0.00000608184109296,0.0000328588757839,-0.0000601937827014,-0.00024777877843],[0.000264451198746,-0.000318559235893,0.00139717198908,-0.00044048341806,0.000288480747258,-0.00040298156091,0.000193414831301,-0.000575018872041,0.000379019562388,-0.000163527714903,0.000124080397654,-0.000506574229803,0.000355984113412],[-0.000145495854667,0.000264542148216,-0.00044048341806,0.00221041589975,-0.00076458445983,0.000606803165283,-0.000386850239011,0.000178507718374,-0.00114130519796,0.000273948535323,0.000481959956232,-0.000302602129523,-0.000640259822831],[0.000202276394702,-0.0000522139416717,0.000288480747258,-0.00076458445983,0.00427866633981,-0.00161680660676,0.00063710444374,-0.000702921650372,-0.000387902080547,-0.0010871575214,-0.0000316525074595,-0.000228186429013,0.000131148699438],[-0.000144135919982,0.00017817915068,-0.00040298156091,0.000606803165283,-0.00161680660676,0.00622521713376,-0.00224377587438,0.000417126604589,-0.0011624712497,-0.000249379401794,-0.00150671356823,0.000493700383231,-0.000830681063235],[0.000213966952288,-0.000292849261314,0.000193414831301,-0.000386850239011,0.00063710444374,-0.00224377587438,0.00638264417648,-0.00235431385227,0.00134141428862,-0.000584210501984,-0.00075905083213,0.000101290956081,-0.00000986064787867],[-0.000235614410485,0.000350173504557,-0.000575018872041,0.000178507718374,-0.000702921650372,0.000417126604589,-0.00235431385227,0.00812060851604,-0.00183043931611,-0.0000356246782758,-0.000378391763661,-0.000124248166685,-0.0015377298696],[0.000176302492036,-0.000292314594844,0.000379019562388,-0.00114130519796,-0.000387902080547,-0.0011624712497,0.00134141428862,-0.00183043931611,0.00802966766059,-0.00235413387418,0.000197651475901,-0.000460173439933,0.000996821676381],[-0.000201438597287,0.00000608184109296,-0.000163527714903,0.000273948535323,-0.0010871575214,-0.000249379401794,-0.000584210501984,-0.0000356246782758,-0.00235413387418,0.00907110609114,-0.00340338749811,0.00168217997998,-0.000993064139038],[0.0000528570199094,0.0000328588757839,0.000124080397654,0.000481959956232,-0.0000316525074595,-0.00150671356823,-0.00075905083213,-0.000378391763661,0.000197651475901,-0.00340338749811,0.0119162304327,-0.0031185077969,0.0015977488365],[-0.000152793392772,-0.0000601937827014,-0.000506574229803,-0.000302602129523,-0.000228186429013,0.000493700383231,0.000101290956081,-0.000124248166685,-0.000460173439933,0.00168217997998,-0.0031185077969,0.00949852261692,-0.00339265423827],[0.0000632709998172,-0.00024777877843,0.000355984113412,-0.000640259822831,0.000131148699438,-0.000830681063235,-0.00000986064787867,-0.0015377298696,0.000996821676381,-0.000993064139038,0.0015977488365,-0.00339265423827,0.00992538966238]],"mean":[-764.68951416,177.10597229,27.9864597321,29.3292789459,-1.96163785458,0.935999274254,-4.11915254593,0.243430614471,-1.01859724522,0.0349633991718,-6.11921167374,0.201830089092,-0.133080556989]},"pitch_salience":{"dmean":0.0651737377048,"dmean2":0.10444585979,"dvar":0.00417645322159,"dvar2":0.0106180077419,"max":0.915479063988,"mean":0.514088928699,"median":0.513669610023,"min":0.0459820255637,"var":0.0133017553017},"silence_rate_20dB":{"dmean":0,"dmean2":0,"dvar":0,"dvar2":0,"max":1,"mean":1,"median":1,"min":1,"var":0},"silence_rate_30dB":{"dmean":0.00122774706688,"dmean2":0.0024557095021,"dvar":0.00122642202768,"dvar2":0.00315137952566,"max":1,"mean":0.999123096466,"median":1,"min":0,"var":0.000876191130374},"silence_rate_60dB":{"dmean":0.0264842584729,"dmean2":0.0529731623828,"dvar":0.0257833208889,"dvar2":0.0596401281655,"max":1,"mean":0.104963168502,"median":0,"min":0,"var":0.0939576923847},"spectral_centroid":{"dmean":120.387641907,"dmean2":173.018768311,"dvar":46631.71875,"dvar2":79499.2109375,"max":10986.1933594,"mean":657.392150879,"median":469.404266357,"min":122.347732544,"var":265752.28125},"spectral_complexity":{"dmean":1.72533547878,"dmean2":2.67865276337,"dvar":4.40357303619,"dvar2":8.65388774872,"max":39,"mean":9.46027755737,"median":8,"min":0,"var":36.5181045532},"spectral_contrast_coeffs":{"dmean":[0.048417545855,0.0477561689913,0.0396151393652,0.0335801504552,0.022878030315,0.0170563664287],"dmean2":[0.0766392350197,0.0766052305698,0.0624041929841,0.0524499490857,0.0351820699871,0.0256814341992],"dvar":[0.00203282828443,0.00178935448639,0.00129065895453,0.000876808830071,0.000453743850812,0.000274229241768],"dvar2":[0.00473328540102,0.00442207744345,0.00289700157009,0.00204176595435,0.000952354399487,0.000562489964068],"max":[-0.229015737772,-0.304348170757,-0.330678969622,-0.482325792313,-0.524069666862,-0.575488746166],"mean":[-0.630705595016,-0.685778617859,-0.728935599327,-0.758602321148,-0.790997028351,-0.788123726845],"median":[-0.649899721146,-0.690369009972,-0.735376477242,-0.764215648174,-0.802708625793,-0.784755706787],"min":[-0.983705103397,-0.961200773716,-0.966078698635,-0.960773766041,-0.958628535271,-0.961775839329],"var":[0.0124671142548,0.00872023496777,0.00771326292306,0.00672776577994,0.00603254837915,0.00309863570146]},"spectral_contrast_valleys":{"dmean":[0.423617869616,0.409570217133,0.406461238861,0.390968978405,0.324097722769,0.253174394369],"dmean2":[0.657069325447,0.659495890141,0.638869404793,0.584972560406,0.437850117683,0.326265454292],"dvar":[0.21479126811,0.189452111721,0.184007152915,0.193965628743,0.151027336717,0.116163410246],"dvar2":[0.414429843426,0.418609827757,0.403733879328,0.403337776661,0.231557205319,0.148237869143],"max":[-5.20816755295,-4.38569307327,-5.50202894211,-5.74372816086,-6.24749803543,-7.54999542236],"mean":[-7.47689533234,-7.23011445999,-8.48763370514,-9.45401382446,-9.44922161102,-11.8439893723],"median":[-6.90951061249,-7.0368976593,-8.33771514893,-9.38115310669,-9.41001987457,-11.9726066589],"min":[-26.9104042053,-27.5434379578,-26.931804657,-27.2205295563,-27.2685813904,-27.1911087036],"var":[2.31671524048,1.84688723087,1.77502071857,1.9722982645,1.98377263546,1.32368350029]},"spectral_decrease":{"dmean":1.68946545642e-9,"dmean2":2.55955989736e-9,"dvar":8.07062504721e-18,"dvar2":2.0031680693e-17,"max":2.57518159468e-16,"mean":-6.1656257877e-9,"median":-4.94661378525e-9,"min":-3.3718166037e-8,"var":2.53599960416e-17},"spectral_energy":{"dmean":0.00658296048641,"dmean2":0.00995047856122,"dvar":0.000120950215205,"dvar2":0.00029853192973,"max":0.129211619496,"mean":0.024217357859,"median":0.0191996004432,"min":1.09546945487e-20,"var":0.000396168470616},"spectral_energyband_high":{"dmean":0.0000628367124591,"dmean2":0.0000841168875922,"dvar":6.23407032663e-8,"dvar2":9.73186331521e-8,"max":0.0195440780371,"mean":0.000132665954879,"median":0.0000165453748195,"min":8.22912069787e-21,"var":2.05136558407e-7},"spectral_energyband_low":{"dmean":0.00266492017545,"dmean2":0.00412574550137,"dvar":0.0000466235724161,"dvar2":0.000118452597235,"max":0.106632985175,"mean":0.00780879100785,"median":0.00764642748982,"min":5.10349018794e-23,"var":0.0000609445050941},"spectral_energyband_middle_high":{"dmean":0.000846892478876,"dmean2":0.00117511895951,"dvar":0.00000483267695017,"dvar2":0.00000948106298893,"max":0.06838170439,"mean":0.00278442911804,"median":0.000447695376351,"min":1.67138032485e-21,"var":0.0000407180305046},"spectral_energyband_middle_low":{"dmean":0.0048746005632,"dmean2":0.00751076499,"dvar":0.0000706643477315,"dvar2":0.000172135143657,"max":0.123204767704,"mean":0.0144042298198,"median":0.00895193219185,"min":1.88697043142e-22,"var":0.000254167098319},"spectral_entropy":{"dmean":0.213909178972,"dmean2":0.296774595976,"dvar":0.0562200434506,"dvar2":0.0911987945437,"max":9.81773757935,"mean":6.47948789597,"median":6.4416885376,"min":3.87147331238,"var":0.615990817547},"spectral_flux":{"dmean":0.0227902233601,"dmean2":0.0358983129263,"dvar":0.000857309496496,"dvar2":0.00191577943042,"max":0.321765750647,"mean":0.0615613311529,"median":0.0482609011233,"min":1.04664679701e-10,"var":0.00230491976254},"spectral_kurtosis":{"dmean":6.13812017441,"dmean2":9.74572086334,"dvar":77.2655105591,"dvar2":177.707443237,"max":182.173995972,"mean":17.711566925,"median":10.3951473236,"min":-1.19879472256,"var":399.72177124},"spectral_rms":{"dmean":0.000623489962891,"dmean2":0.000912414805498,"dvar":7.80596394634e-7,"dvar2":0.00000177594267825,"max":0.0112276496366,"mean":0.00438944995403,"median":0.00432796915993,"min":3.26917529506e-12,"var":0.00000435947868027},"spectral_rolloff":{"dmean":178.87953186,"dmean2":296.417175293,"dvar":465021.8125,"dvar2":1078848.875,"max":19982.8125,"mean":749.090393066,"median":430.6640625,"min":64.599609375,"var":2774381},"spectral_skewness":{"dmean":0.503283977509,"dmean2":0.759858489037,"dvar":0.325999736786,"dvar2":0.676446199417,"max":11.4031143188,"mean":2.98566675186,"median":2.55460929871,"min":-0.109377026558,"var":2.7268102169},"spectral_spread":{"dmean":438802,"dmean2":645219.875,"dvar":411030585344,"dvar2":640361365504,"max":40696044,"mean":3224876.25,"median":2908926.5,"min":480290.65625,"var":3101814685700},"spectral_strongpeak":{"dmean":0.375544637442,"dmean2":0.622232735157,"dvar":0.519200563431,"dvar2":1.16852831841,"max":14.5941476822,"mean":0.906381547451,"median":0.405503422022,"min":0,"var":1.74121177197},"zerocrossingrate":{"dmean":0.00521098822355,"dmean2":0.00610681297258,"dvar":0.0000906478599063,"dvar2":0.000105823557533,"max":0.7626953125,"mean":0.0308271422982,"median":0.02001953125,"min":0.00244140625,"var":0.00231817481108}},"metadata":{"audio_properties":{"analysis_sample_rate":44100,"bit_rate":320032,"codec":"mp3","downmix":"mix","equal_loudness":0,"length":264.777130127,"lossless":false,"md5_encoded":"04a177ecb1922da47a1139023b87fe70","replay_gain":-8.60122680664,"sample_rate":44100},"tags":{"album":["Small Talk"],"artist":["Sly & The Family Stone"],"asin":["B000MZHVMI"],"barcode":["886970454025"],"bpm":["74"],"composer":["Sylvester \"Sly Stone\" Stewart"],"date":["1974"],"discnumber":["1/1"],"file_name":"08 Wishful Thinkin.mp3","genre":["Funk"],"initialkey":["Am"],"isrc":["USSM10107746"],"musicbrainz_recordingid":["5bb69031-1132-434f-bd50-a3012602e530"],"musicip_puid":["13f2230f-7670-c0bd-06c0-1983a87fed1c"],"title":["Wishful Thinkin"],"tracknumber":["8/15"]},"version":{"essentia":"2.1-beta2","essentia_build_sha":"cead25079874084f62182a551b7393616cd33d87","essentia_git_sha":"v2.1_beta2-1-ge3940c0","extractor":"music 1.0"}},"rhythm":{"beats_count":537,"beats_loudness":{"dmean":0.0174556840211,"dmean2":0.0312259886414,"dvar":0.000240431370912,"dvar2":0.000627397792414,"max":0.0991546288133,"mean":0.0316419936717,"median":0.0286016017199,"min":2.36012875909e-9,"var":0.000390944565879},"beats_loudness_band_ratio":{"dmean":[0.225725084543,0.182690098882,0.146119505167,0.0586809404194,0.0332086235285,0.0254485458136],"dmean2":[0.381270855665,0.314645856619,0.258888155222,0.105029582977,0.0591768845916,0.0470065809786],"dvar":[0.0341311022639,0.023693183437,0.0230176839978,0.00809527374804,0.00271705747582,0.00144640298095],"dvar2":[0.0854778140783,0.0673498734832,0.0593521893024,0.0227559562773,0.006985520944,0.00370789389126],"max":[0.981011092663,0.891669809818,0.837538480759,0.549211382866,0.452627927065,0.551031768322],"mean":[0.505311906338,0.292573869228,0.166492715478,0.0569066181779,0.0328955128789,0.0199513398111],"median":[0.518291473389,0.244002982974,0.107070192695,0.0157365184277,0.00905328430235,0.00368508975953],"min":[0.00694837095