{"lowlevel":{"average_loudness":0.535051763058,"barkbands":{"dmean":[0.00000739869165045,0.000255150749581,0.000466893223347,0.000668725348078,0.00219506211579,0.000847023737151,0.00141475687269,0.00106761127245,0.000668230873998,0.000273813609965,0.000230654157349,0.000220755624468,0.000330476468662,0.000280418724287,0.000204812182346,0.000219509747694,0.000152521111886,0.000112004257971,0.0000685404593241,0.0000401570541726,0.0000682662866893,0.000121047996799,0.000117856536235,0.0000769512989791,0.0000605692257523,0.0000183019965334,0.00000101656894458],"dmean2":[0.0000108530266516,0.000400172139052,0.000767761666793,0.00113133550622,0.00344792054966,0.00129464513157,0.00211666477844,0.00153972650878,0.000964307866525,0.000408846477512,0.000341964157997,0.000339082384016,0.00048842234537,0.000419606716605,0.000312041549478,0.000332929892465,0.000232643491472,0.000171066465555,0.000101578742033,0.0000637562552583,0.000109628723294,0.000179154332727,0.000168969112565,0.000112024586997,0.0000860631553223,0.000027568281439,0.00000162214939792],"dvar":[1.29514357572e-10,0.00000169736131284,0.00000176323180767,0.0000034605197925,0.0000178320933628,0.00000643902103548,0.0000241285360971,0.0000171692190634,0.00000352537017534,5.4485713008e-7,7.0282425213e-7,0.00000122589062812,0.00000151072663357,8.36810556848e-7,3.39376271086e-7,2.1731729305e-7,1.68373475162e-7,5.68401397061e-8,2.58064272174e-8,1.03557269426e-8,8.17085705762e-8,1.54796722995e-7,1.55566993953e-7,7.37447365395e-8,4.20945625024e-8,4.11446698934e-9,3.04896628778e-11],"dvar2":[3.09401254617e-10,0.00000415935664932,0.00000506781771037,0.00000920711772778,0.0000430323125329,0.0000146016955114,0.0000593366130488,0.0000362898463209,0.00000763944899518,0.00000123063898627,0.00000156511862315,0.00000283120652966,0.00000290745015263,0.0000017401284822,7.82909921782e-7,4.71755896569e-7,3.73672435217e-7,1.26500097508e-7,5.68104177034e-8,2.40295534581e-8,2.17779046352e-7,3.47262641753e-7,2.89404539444e-7,1.45472753843e-7,7.69744943341e-8,9.25781584726e-9,8.83982331779e-11],"max":[0.00019626453286,0.0470164120197,0.0527624934912,0.0487127713859,0.111081115901,0.0564926378429,0.122580908239,0.106878958642,0.0479950681329,0.0226785726845,0.0293356310576,0.0390852838755,0.0723182111979,0.0345299467444,0.0120712453499,0.0153666157275,0.0163492932916,0.0051082726568,0.0042387037538,0.00518673937768,0.00637866184115,0.0118597503752,0.0146298324689,0.00807422399521,0.00921864435077,0.00225481204689,0.000281292916043],"mean":[0.0000369119807146,0.000575310899876,0.000748448597733,0.00121940847021,0.00439580436796,0.00159991392866,0.00248478678986,0.00173557596281,0.00131825578865,0.000507264630869,0.000373408867745,0.000295709789498,0.000625142361969,0.000456017034594,0.00031851103995,0.000431363034295,0.000317718164297,0.000239284650888,0.000140489384648,0.0000778228859417,0.0000992891073111,0.00019770587096,0.000194219945115,0.000118943804409,0.0000945271021919,0.0000248325559369,0.00000122264168567],"median":[0.0000396097566409,0.0000164939356182,0.00020678594592,0.000405095051974,0.00199038116261,0.000438220624346,0.000252129422734,0.000109796135803,0.000377506978111,0.000169537059264,0.0000761339688324,0.0000366969507013,0.0000914499687497,0.000114340698929,0.000075119191024,0.000182973468327,0.0000856058541103,0.000100808552816,0.0000619899510639,0.0000363104627468,0.0000312232550641,0.0000424774043495,0.0000413535162807,0.0000220881320274,0.0000167882135429,0.00000290119214696,1.43267811836e-7],"min":[7.49462115057e-24,2.06493413842e-23,1.43489065494e-23,5.66294371549e-24,1.52275903128e-23,2.46557971056e-23,1.08346397639e-22,1.89573357167e-23,8.91520865289e-23,1.03754646569e-22,9.46259229305e-23,9.48144922413e-23,1.69262754233e-22,1.62667094516e-22,1.23311303581e-22,8.12669737083e-23,1.44849692784e-22,2.74222187042e-22,3.26575010437e-22,3.29056097891e-22,3.23935166304e-22,5.71335325262e-22,5.90856414114e-22,8.51103721961e-22,1.36110520019e-21,1.75301220668e-21,2.18892184921e-21],"var":[5.8014570925e-10,0.00000451343385066,0.00000228501949096,0.00000664860272082,0.0000517995722475,0.0000147261689563,0.0000377569158445,0.0000371542664652,0.00000856711267261,0.00000120141646676,0.00000126375016407,0.00000155383065703,0.00000864313096827,0.00000162707294749,6.30301315141e-7,6.2199273998e-7,6.42427096409e-7,1.77406164426e-7,6.14894446471e-8,1.84251991442e-8,8.03181592346e-8,3.61171970553e-7,4.19763466653e-7,1.82633428381e-7,1.1794475796e-7,8.24867107951e-9,3.44330397528e-11]},"barkbands_crest":{"dmean":2.40523099899,"dmean2":3.83555865288,"dvar":5.62773036957,"dvar2":13.6478023529,"max":26.9474773407,"mean":11.1003398895,"median":10.1115550995,"min":2.49863672256,"var":22.6505203247},"barkbands_flatness_db":{"dmean":0.0202257279307,"dmean2":0.0298924930394,"dvar":0.000450110994279,"dvar2":0.000929884205107,"max":0.479356884956,"mean":0.141428992152,"median":0.129986420274,"min":0.0191155187786,"var":0.00409229053184},"barkbands_kurtosis":{"dmean":5.03552484512,"dmean2":7.53353643417,"dvar":649.455749512,"dvar2":1653.91796875,"max":2081.45776367,"mean":10.0342216492,"median":2.31623363495,"min":-1.92115044594,"var":2675.29248047},"barkbands_skewness":{"dmean":0.575085163116,"dmean2":0.845848917961,"dvar":0.703082740307,"dvar2":1.51065516472,"max":42.5190048218,"mean":1.79885160923,"median":1.48808526993,"min":-7.16263914108,"var":4.70057249069},"barkbands_spread":{"dmean":5.918364048,"dmean2":9.00326442719,"dvar":82.1202316284,"dvar2":175.164489746,"max":133.560256958,"mean":24.0525684357,"median":17.6967658997,"min":0.164726912975,"var":544.875976562},"dissonance":{"dmean":0.0196158345789,"dmean2":0.0317767187953,"dvar":0.000424196972745,"dvar2":0.00107952242251,"max":0.499996989965,"mean":0.445609271526,"median":0.454787105322,"min":0.178500011563,"var":0.0017012602184},"dynamic_complexity":9.24314308167,"erbbands":{"dmean":[0.00283238268457,0.0750433281064,0.442832708359,1.26237523556,4.39774942398,9.88001251221,6.23639822006,8.10913562775,16.0041980743,27.7016658783,14.4644804001,18.1621837616,9.72355365753,7.94680786133,8.96806621552,9.74212551117,14.4151678085,14.5493278503,11.0768079758,9.94521617889,7.77354812622,7.60778856277,7.27860832214,3.68580126762,2.87574124336,1.82603824139,2.8060798645,2.50941133499,4.27773189545,4.23343420029,3.25511670113,1.86119925976,1.26420927048,0.760294854641,0.3974211514,0.128846123815,0.0246254447848,0.00287228520028,0.000163957010955,0.000011236100363],"dmean2":[0.00420416053385,0.118094027042,0.720165252686,2.13192605972,7.33422136307,15.2564659119,9.48380661011,12.2870588303,24.0307846069,40.504360199,20.7319545746,26.0597248077,14.5225095749,11.777671814,13.178109169,14.9604873657,21.0380802155,21.6441421509,16.7163772583,14.8817386627,11.7816791534,11.4915704727,11.025229454,5.5955452919,4.31155920029,2.89308333397,4.69678688049,3.79379868507,6.38667440414,6.08152246475,4.76540756226,2.66583395004,1.85379886627,1.09311521053,0.570021092892,0.189045324922,0.0381441190839,0.00453330110759,0.000254498765571,0.0000165700366779],"dvar":[0.000127819715999,0.137065544724,1.88702332973,10.323009491,93.6925354004,451.258575439,368.090881348,628.973632812,3651.34790039,7811.23974609,2596.43725586,2557.39331055,738.37878418,518.632385254,1265.17492676,2761.66748047,2724.2121582,2275.03686523,956.685424805,526.898193359,251.110015869,414.566558838,261.193603516,62.394317627,52.9156341553,19.1859970093,244.780456543,89.4820709229,201.710845947,188.604705811,133.863632202,54.7941856384,17.2208156586,6.10194063187,2.20025038719,0.23074747622,0.00771397305652,0.000205478805583,4.0229454612e-7,6.90888901644e-10],"dvar2":[0.0002551288635,0.33972132206,5.29827547073,28.2721595764,254.010696411,1039.2064209,835.608642578,1417.80688477,9056.67089844,17684.0136719,5590.84179688,5518.31689453,1772.81079102,1148.29602051,2707.23583984,6408.77490234,5108.67773438,4613.21972656,2185.20288086,1208.92871094,549.502563477,943.828186035,575.194396973,141.40814209,122.411994934,45.5850028992,697.441955566,204.731750488,487.08795166,363.103271484,264.735839844,108.334663391,35.4122390747,12.155796051,3.95169901848,0.479578793049,0.0181591752917,0.000589165720157,9.82408778327e-7,1.56598256584e-9],"max":[0.410549789667,13.0940065384,50.9746017456,73.0781936646,204.514511108,642.026123047,420.117248535,589.860961914,1797.5012207,2211.78710938,1468.60119629,1293.53552246,900.473022461,613.854370117,1022.63122559,1980.89672852,3171.93237305,1924.19433594,681.093261719,650.429260254,511.413757324,814.069213867,350.701385498,189.46762085,327.829528809,180.769470215,399.177459717,317.170562744,467.250701904,496.107788086,360.442871094,270.353027344,120.994819641,93.3257980347,72.4841308594,16.2896308899,3.35316324234,0.742809593678,0.0217926409096,0.000943583785556],"mean":[0.00788800884038,0.166124150157,0.777627706528,2.36417818069,7.95926189423,19.06990242,11.8523187637,15.6714468002,29.4992084503,47.7978286743,24.988067627,36.6463737488,19.4706573486,14.0503873825,15.7811098099,14.2008476257,28.6892051697,26.563243866,19.355840683,19.8311042786,17.3995418549,17.0594291687,16.9235229492,8.06422424316,5.87478160858,3.63039302826,3.94023275375,3.99193167686,6.80850124359,7.24298810959,5.20551252365,2.82966113091,1.89465475082,1.16461634636,0.60787653923,0.184561043978,0.0321069806814,0.00353681715205,0.000222091723117,0.0000315312863677],"median":[0.000333737523761,0.00993630755693,0.20201343298,0.997257351875,3.55879878998,6.89591836929,4.01382780075,5.07303857803,5.56046962738,5.06908512115,3.81633210182,11.3319377899,7.83942747116,3.6047000885,3.79352974892,2.55644440651,4.57477807999,7.24305725098,5.79755020142,8.3539390564,8.07794761658,5.18867921829,6.4631652832,4.19420003891,2.61323571205,1.74325942993,1.39888846874,1.20006048679,1.55750358105,1.52460241318,1.0466657877,0.504397988319,0.361837238073,0.232337281108,0.0913764387369,0.0238931272179,0.00359263294376,0.000390059605706,0.0000388538574043,0.0000207989123737],"min":[9.36201543064e-22,3.45584952763e-21,1.21711759228e-20,2.56721803896e-20,2.64860873382e-20,6.56984000994e-20,1.12006743138e-19,3.25129155878e-19,1.64127502102e-18,5.21004413406e-19,8.36526305909e-19,2.29236604516e-18,2.04497121319e-18,3.70075270741e-18,4.49416780736e-18,4.52847098736e-18,7.86648018075e-18,8.17483574232e-18,4.57747440762e-18,8.01305741248e-18,4.78308297017e-18,9.57727332161e-18,1.40213516206e-17,1.68645417851e-17,1.38863706339e-17,1.42147464478e-17,1.58666393659e-17,1.24656788328e-17,1.95176491536e-17,1.90443926554e-17,1.72080864371e-17,1.59865706286e-17,1.39641818597e-17,1.15557040584e-17,1.22789171669e-17,5.85820352671e-18,3.98474904071e-18,1.15445627627e-18,3.4230245937e-19,3.08212407622e-20],"var":[0.000632628391031,0.348412722349,2.74142432213,17.5108375549,163.683639526,1359.47497559,789.520751953,1421.84387207,5294.71191406,17406.6503906,4934.62939453,6496.87548828,1484.7767334,1111.27453613,2491.54248047,3448.03125,17282.7382812,5035.921875,1834.38171387,1338.55493164,900.452697754,1489.40283203,998.194946289,158.906402588,109.861915588,35.8087921143,171.823379517,133.43006897,405.051147461,527.540222168,324.79574585,131.09828186,39.0536651611,15.015501976,6.20072603226,0.522368371487,0.0135659007356,0.000239239510847,7.17870477729e-7,1.92366478302e-9]},"erbbands_crest":{"dmean":2.57648253441,"dmean2":4.04051446915,"dvar":7.12083148956,"dvar2":16.6159687042,"max":31.3696918488,"mean":10.4179000854,"median":9.1590013504,"min":2.20676732063,"var":27.6859474182},"erbbands_flatness_db":{"dmean":0.0182929188013,"dmean2":0.0261145737022,"dvar":0.000365035433788,"dvar2":0.000731422973331,"max":0.388019025326,"mean":0.169037520885,"median":0.168222486973,"min":0.0307764578611,"var":0.00306103145704},"erbbands_kurtosis":{"dmean":1.46217739582,"dmean2":2.2318842411,"dvar":21.811252594,"dvar2":55.071395874,"max":316.768859863,"mean":2.28313302994,"median":-0.0347056128085,"min":-1.80025041103,"var":107.734321594},"erbbands_skewness":{"dmean":0.406613349915,"dmean2":0.600882589817,"dvar":0.249541774392,"dvar2":0.530579388142,"max":15.525226593,"mean":0.633515000343,"median":0.503381490707,"min":-5.81364440918,"var":1.46450901031},"erbbands_spread":{"dmean":8.88733673096,"dmean2":13.4175739288,"dvar":130.685394287,"dvar2":294.874908447,"max":147.765441895,"mean":38.9445495605,"median":36.8861694336,"min":0.965992093086,"var":398.088165283},"gfcc":{"cov":[[38658.5273438,3168.19384766,-4475.71484375,727.910766602,-2481.29907227,359.206542969,-1574.89819336,333.127227783,-281.124145508,-322.044525146,-727.349060059,-421.808898926,-432.158660889],[3168.19384766,1798.47033691,-340.358428955,-73.572883606,-38.279209137,-276.274688721,-197.766052246,-71.0576553345,1.91715872288,-145.662124634,21.936920166,-145.028625488,-12.8489055634],[-4475.71484375,-340.358428955,1400.07385254,120.790328979,249.402542114,-34.5182609558,66.296081543,-74.8459701538,19.4341678619,67.7922286987,44.1806182861,80.6532592773,35.2335891724],[727.910766602,-73.572883606,120.790328979,425.751220703,27.6461009979,40.9301681519,-67.5319061279,-4.37932777405,-4.54616928101,-22.5937271118,-48.7524185181,-22.3711433411,51.6584510803],[-2481.29907227,-38.279209137,249.402542114,27.6461009979,448.573699951,84.1666488647,210.275100708,24.0788059235,5.84873151779,20.4164428711,61.9490394592,12.4153928757,60.348449707],[359.206542969,-276.274688721,-34.5182609558,40.9301681519,84.1666488647,357.658355713,206.828353882,80.2456893921,-26.1521186829,39.8398857117,-4.31061410904,7.52417325974,11.5159406662],[-1574.89819336,-197.766052246,66.296081543,-67.5319061279,210.275100708,206.828353882,358.186187744,78.7515716553,1.59355831146,48.8477668762,53.3608665466,26.7616996765,31.9828796387],[333.127227783,-71.0576553345,-74.8459701538,-4.37932777405,24.0788059235,80.2456893921,78.7515716553,142.740966797,49.0474319458,24.3185176849,2.10508441925,7.7892036438,3.1463727951],[-281.124145508,1.91715872288,19.4341678619,-4.54616928101,5.84873151779,-26.1521186829,1.59355831146,49.0474319458,153.056106567,35.2279663086,17.0708389282,11.8824081421,-18.565662384],[-322.044525146,-145.662124634,67.7922286987,-22.5937271118,20.4164428711,39.8398857117,48.8477668762,24.3185176849,35.2279663086,117.458709717,32.6744422913,4.84063053131,-8.14980792999],[-727.349060059,21.936920166,44.1806182861,-48.7524185181,61.9490394592,-4.31061410904,53.3608665466,2.10508441925,17.0708389282,32.6744422913,108.215293884,33.0306167603,-10.1597137451],[-421.808898926,-145.028625488,80.6532592773,-22.3711433411,12.4153928757,7.52417325974,26.7616996765,7.7892036438,11.8824081421,4.84063053131,33.0306167603,100.593383789,0.974890768528],[-432.158660889,-12.8489055634,35.2335891724,51.6584510803,60.348449707,11.5159406662,31.9828796387,3.1463727951,-18.565662384,-8.14980792999,-10.1597137451,0.974890768528,103.027496338]],"icov":[[0.000272746576229,-0.000626733119134,0.000552046927623,-0.000620434817392,0.000822316214908,-0.000983959529549,0.000864778005052,-0.000820347806439,0.000724173674826,-0.000883013475686,0.00104017031845,-0.000926750188228,0.000745097175241],[-0.000626733119134,0.00232414761558,-0.00114513281733,0.00159174832515,-0.00202289735898,0.00264942483045,-0.00174720864743,0.00189698347822,-0.00189602200408,0.00313477241434,-0.00331084197387,0.00354229286313,-0.00182600691915],[0.000552046927623,-0.00114513281733,0.00210058363155,-0.00157196854707,0.00109450414311,-0.0016627474688,0.00165926537011,-0.000963772996329,0.0013635045616,-0.00237535289489,0.00232343329117,-0.0025727385655,0.00161299202591],[-0.000620434817392,0.00159174832515,-0.00157196854707,0.00458534294739,-0.00230431673117,0.00109092588536,-0.00034603883978,0.00173371366691,-0.00213172403164,0.00271772965789,-0.00197329302318,0.00293469568714,-0.00327471201308],[0.000822316214908,-0.00202289735898,0.00109450414311,-0.00230431673117,0.00643125502393,-0.00279805366881,0.000330720999045,-0.0023636687547,0.00190577434842,-0.00200307066552,0.00153252424207,-0.00198792875744,0.000848162220791],[-0.000983959529549,0.00264942483045,-0.0016627474688,0.00109092588536,-0.00279805366881,0.00917924940586,-0.00635580159724,0.00143928686157,-0.000992111163214,0.00225307559595,-0.00260753952898,0.00338750286028,-0.00152297155],[0.000864778005052,-0.00174720864743,0.00165926537011,-0.00034603883978,0.000330720999045,-0.00635580159724,0.00994645338506,-0.00420172698796,0.00237525370903,-0.0029457800556,0.00153825094458,-0.00283941905946,0.000946456100792],[-0.000820347806439,0.00189698347822,-0.000963772996329,0.00173371366691,-0.0023636687547,0.00143928686157,-0.00420172698796,0.0129654426128,-0.00586025509983,0.002037251601,-0.00206661759876,0.00205053691752,-0.00273017818108],[0.000724173674826,-0.00189602200408,0.0013635045616,-0.00213172403164,0.00190577434842,-0.000992111163214,0.00237525370903,-0.00586025509983,0.0108183873817,-0.00494408560917,0.00277730426751,-0.00359124178067,0.00370616652071],[-0.000883013475686,0.00313477241434,-0.00237535289489,0.00271772965789,-0.00200307066552,0.00225307559595,-0.0029457800556,0.002037251601,-0.00494408560917,0.015477925539,-0.00783796049654,0.00646833796054,-0.00259027932771],[0.00104017031845,-0.00331084197387,0.00232343329117,-0.00197329302318,0.00153252424207,-0.00260753952898,0.00153825094458,-0.00206661759876,0.00277730426751,-0.00783796049654,0.0185138434172,-0.00903443060815,0.00491604022682],[-0.000926750188228,0.00354229286313,-0.0025727385655,0.00293469568714,-0.00198792875744,0.00338750286028,-0.00283941905946,0.00205053691752,-0.00359124178067,0.00646833796054,-0.00903443060815,0.0175805985928,-0.00362533167936],[0.000745097175241,-0.00182600691915,0.00161299202591,-0.00327471201308,0.000848162220791,-0.00152297155,0.000946456100792,-0.00273017818108,0.00370616652071,-0.00259027932771,0.00491604022682,-0.00362533167936,0.0141391670331]],"mean":[-95.4603881836,73.8220367432,-114.654464722,19.3888244629,-69.493888855,3.07651567459,-56.7775154114,-1.31443870068,-25.9820690155,-7.87111759186,-23.736951828,-5.38048410416,-14.7920303345]},"hfc":{"dmean":5.2550201416,"dmean2":7.21175479889,"dvar":104.540512085,"dvar2":200.388717651,"max":282.319793701,"mean":16.7428779602,"median":10.6676092148,"min":1.15599867033e-16,"var":449.918060303},"melbands":{"dmean":[0.0000475621964142,0.00018686929252,0.00029625184834,0.000517437816598,0.000262557412498,0.000176073648618,0.000260822067503,0.000304348825011,0.00010470518464,0.000115927396109,0.0000467736572318,0.0000321259576594,0.0000275111797237,0.0000290002044494,0.0000223835540965,0.0000376233801944,0.0000295446407108,0.0000190844039025,0.0000143128263517,0.0000205489723157,0.00000701766794009,0.00000719822946849,0.0000101224932223,0.00000435547508459,0.0000032021316656,0.000002599794243,0.00000165677931818,0.00000126612803797,0.00000194077711058,0.00000145331307522,0.0000015494561012,0.00000240393251261,0.00000280975359601,0.00000233931291405,0.00000200596036848,0.00000164240816503,0.00000100156341887,8.92961566024e-7,8.6331061766e-7,6.10322615557e-7],"dmean2":[0.0000730033716536,0.000301306339679,0.000498518056702,0.000822981703095,0.0003975101572,0.000267530558631,0.000389734632336,0.000442456977908,0.000149819781655,0.000166945130331,0.0000700879318174,0.0000477835892525,0.0000407145271311,0.0000438853821834,0.000034762731957,0.0000552836063434,0.0000441246265837,0.0000290136340482,0.0000218154509639,0.0000312366246362,0.0000108274516606,0.0000109311213237,0.0000154623703565,0.000006672046311,0.00000496601433042,0.00000386463807445,0.00000261592117567,0.00000203112745112,0.00000330454304276,0.00000227513896789,0.00000238312304646,0.00000366606400348,0.0000042381698222,0.00000335551976605,0.00000301059276353,0.00000241943598667,0.0000014719663568,0.00000132599109293,0.0000012985393596,8.94150559816e-7],"dvar":[4.97220931095e-8,3.93330140014e-7,5.59393072308e-7,0.00000107226924229,4.10551479035e-7,2.88433284368e-7,9.21357354855e-7,0.00000100306328932,1.26685719692e-7,1.07403494098e-7,1.82022699136e-8,8.75375238962e-9,1.19528218434e-8,1.68403069267e-8,8.52913739635e-9,2.506971164e-8,1.06472795025e-8,3.07993475168e-9,1.98818583819e-9,2.03222616513e-9,2.27446644852e-10,3.61519758574e-10,6.27644491935e-10,8.47674777593e-11,5.05629010883e-11,4.30991388412e-11,3.53918630513e-11,9.631053767e-12,1.29540711491e-10,3.05553499169e-11,4.37730164615e-11,7.64326796299e-11,9.51941372951e-11,5.53896407907e-11,5.08063903448e-11,4.72474039059e-11,1.60663548437e-11,9.38503788572e-12,7.95861293534e-12,4.45801468657e-12],"dvar2":[1.15654906097e-7,0.00000106176173631,0.00000151870574427,0.00000263468450612,9.22933054426e-7,6.56783242903e-7,0.00000227490545512,0.00000221905270337,2.71729106771e-7,2.2979608616e-7,4.37079670235e-8,1.92439522095e-8,2.72759450581e-8,3.76696185356e-8,2.07559764931e-8,4.60479654407e-8,2.16552749066e-8,7.06548686225e-9,4.64154581437e-9,4.40421787928e-9,5.13109443823e-10,8.17504841599e-10,1.35620237263e-9,1.89716575782e-10,1.16779710901e-10,9.21550752375e-11,8.89433804385e-11,2.20009999802e-11,3.71218500383e-10,7.62179069858e-11,1.01598673918e-10,1.93153520955e-10,2.13776829572e-10,1.05131771344e-10,1.09068788723e-10,9.35456087592e-11,3.31693422728e-11,1.94963177547e-11,1.83720746949e-11,9.00246110297e-12],"max":[0.00857652071863,0.0203701537102,0.0193616002798,0.0279268119484,0.0133462483063,0.0122110527009,0.0264252535999,0.0259758960456,0.0106803951785,0.00856228172779,0.00444652093574,0.00264442805201,0.00448250165209,0.00446943659335,0.00293207028881,0.0100206825882,0.00439407909289,0.00160997302737,0.00117509393021,0.00152775680181,0.000532479491085,0.000691125518642,0.000930483802222,0.000267112220172,0.000170082465047,0.000161193136591,0.000427776336437,0.000124639671412,0.00030723985401,0.000225269133807,0.000230510122492,0.000312147487421,0.000356754317181,0.000265559559921,0.000220406291191,0.000304512272123,0.000122543191537,0.0000938328375923,0.0000919504382182,0.0000816069878056],"mean":[0.000118677584396,0.00034889971721,0.000569253053982,0.000997726223432,0.000536520325113,0.000336289260304,0.000479009526316,0.000515960971825,0.000174446002347,0.000231935744523,0.0000878960563568,0.0000541674453416,0.0000468090693175,0.000042374496843,0.0000339716352755,0.0000722241748008,0.0000482447212562,0.0000313162927341,0.0000221636910283,0.0000383700426028,0.000015063355022,0.0000151991134771,0.0000220908859774,0.0000097843731055,0.00000617262776359,0.00000496795519211,0.00000306672291117,0.00000227995519708,0.00000253750522461,0.00000222573976316,0.00000226849579121,0.0000035172022308,0.00000456160705653,0.00000384943996323,0.00000310828090733,0.00000237528183789,0.00000147091577674,0.0000012985989315,0.00000125053543343,8.98657674497e-7],"median":[0.00000464887943963,0.0000688826985424,0.000243558970396,0.000431682070484,0.000204412062885,0.0000977716044872,0.0000760814873502,0.0000495277272421,0.0000219608737098,0.0000685130726197,0.0000328400492435,0.0000114968624985,0.0000108275453385,0.00000674073180562,0.00000719568333807,0.00000876584908838,0.0000131002461785,0.00000864674166223,0.00000489384729008,0.0000158482271218,0.00000661444892103,0.00000423239907832,0.00000665229345032,0.00000439416271547,0.00000299699604511,0.00000171782460257,0.00000147455796196,9.09646644232e-7,8.82738845576e-7,6.1559705955e-7,6.03936314292e-7,7.65375489209e-7,8.09361495158e-7,8.00311340754e-7,6.31494685877e-7,3.62388334452e-7,2.17842796246e-7,2.14389402231e-7,2.34071094951e-7,1.50212940753e-7],"min":[6.98642591137e-24,5.84470476223e-24,4.18911567513e-24,3.04449053178e-24,3.64809553923e-24,6.99338997544e-24,2.42368362343e-23,3.94370538625e-24,8.00800315022e-24,1.46082966368e-23,1.04876256893e-23,1.50982060803e-23,1.50615098487e-23,1.24408105807e-23,1.42057598496e-23,1.50272890626e-23,1.60613121599e-23,7.65987252185e-24,1.06383951521e-23,7.37849766988e-24,5.4881037399e-24,9.26472089224e-24,1.14904067393e-23,1.25825310201e-23,1.36007824214e-23,1.26827794639e-23,8.04908308185e-24,9.68082766481e-24,1.13882697625e-23,6.9647377585e-24,6.92490028279e-24,8.73994695226e-24,1.52573067031e-23,9.25659878036e-24,9.40346259281e-24,1.05888680979e-23,9.55225595903e-24,9.02561162985e-24,9.54244174051e-24,9.78029119204e-24],"var":[1.67082660596e-7,7.06150387941e-7,0.00000101587443169,0.00000284518500848,0.00000114691817998,6.34637899566e-7,0.00000139167889301,0.00000230114574151,2.43632371166e-7,2.73979622989e-7,3.48447954934e-8,1.89038793508e-8,2.08794190826e-8,2.35054571363e-8,1.26048824711e-8,1.51202726784e-7,1.98820693242e-8,5.54653611928e-9,3.52466766884e-9,5.29772004043e-9,8.28064727898e-10,1.20442933405e-9,2.57897259104e-9,2.91654145279e-10,1.0746201845e-10,1.05451793131e-10,4.01558716834e-11,1.92241535191e-11,8.42569139459e-11,4.42840104864e-11,5.87127360618e-11,1.19987783598e-10,2.21438561931e-10,1.49372778036e-10,1.08516244601e-10,1.0402442796e-10,3.65390599721e-11,2.06111169798e-11,1.52126956865e-11,1.04215525099e-11]},"melbands_crest":{"dmean":3.08752679825,"dmean2":4.93770885468,"dvar":8.72108745575,"dvar2":22.0347614288,"max":34.7850418091,"mean":14.8347816467,"median":13.6880455017,"min":2.39478898048,"var":34.9262886047},"melbands_flatness_db":{"dmean":0.0241215322167,"dmean2":0.0353131629527,"dvar":0.000667602347676,"dvar2":0.00136077974457,"max":0.56984692812,"mean":0.202267929912,"median":0.189203441143,"min":0.0063345907256,"var":0.00678544584662},"melbands_kurtosis":{"dmean":10.0407123566,"dmean2":15.2088565826,"dvar":921.295837402,"dvar2":1947.61547852,"max":1215.24584961,"mean":21.646402359,"median":8.58639717102,"min":-1.88768219948,"var":3848.9855957},"melbands_skewness":{"dmean":0.736543595791,"dmean2":1.10463988781,"dvar":0.981919646263,"dvar2":2.18892884254,"max":21.6643199921,"mean":2.84567713737,"median":2.48173475266,"min":-4.00817680359,"var":5.38312673569},"melbands_spread":{"dmean":7.68065309525,"dmean2":11.6812028885,"dvar":223.549118042,"dvar2":469.789825439,"max":260.845794678,"mean":25.0351791382,"median":18.013715744,"min":0.194760531187,"var":761.18347168},"mfcc":{"cov":[[30119.3574219,2533.63183594,-1325.04541016,-260.237487793,-563.586914062,-410.273376465,-1183.13232422,71.1160964966,-264.679656982,-36.5959739685,49.120677948,-510.645446777,-369.102325439],[2533.63183594,1718.37512207,-158.581039429,89.9055328369,24.5651397705,-173.105880737,-129.076217651,-67.0381317139,-126.83543396,-27.2105236053,-27.897687912,-57.5908470154,-34.0377082825],[-1325.04541016,-158.581039429,764.366455078,158.959747314,101.434997559,55.9726066589,-34.1529769897,-66.9776687622,-7.21222734451,-16.4566822052,-35.5068321228,2.76689887047,33.0569381714],[-260.237487793,89.9055328369,158.959747314,334.306976318,144.162261963,-11.1402130127,-52.3127174377,-63.6894989014,5.82633161545,-15.7870006561,-71.1544723511,-26.7531547546,-14.7959547043],[-563.586914062,24.5651397705,101.434997559,144.162261963,222.483764648,34.4430847168,15.185587883,-3.33731126785,22.17993927,11.0013504028,-31.361289978,-12.7558374405,-5.75543689728],[-410.273376465,-173.105880737,55.9726066589,-11.1402130127,34.4430847168,211.752685547,167.786758423,49.2323760986,60.1672477722,37.0538864136,-2.54509758949,33.7134056091,-19.8852138519],[-1183.13232422,-129.076217651,-34.1529769897,-52.3127174377,15.185587883,167.786758423,364.759490967,85.7819976807,90.8397216797,43.0504989624,-19.3796615601,74.8481369019,-11.9712028503],[71.1160964966,-67.0381317139,-66.9776687622,-63.6894989014,-3.33731126785,49.2323760986,85.7819976807,186.127914429,55.2554893494,16.5527896881,38.6161079407,23.1557979584,21.4036216736],[-264.679656982,-126.83543396,-7.21222734451,5.82633161545,22.17993927,60.1672477722,90.8397216797,55.2554893494,155.860198975,57.5506515503,-7.39093637466,29.3727760315,-8.52644252777],[-36.5959739685,-27.2105236053,-16.4566822052,-15.7870006561,11.0013504028,37.0538864136,43.0504989624,16.5527896881,57.5506515503,137.469802856,35.4323120117,3.87734460831,-3.63930487633],[49.120677948,-27.897687912,-35.5068321228,-71.1544723511,-31.361289978,-2.54509758949,-19.3796615601,38.6161079407,-7.39093637466,35.4323120117,137.438873291,35.2278175354,33.1259536743],[-510.645446777,-57.5908470154,2.76689887047,-26.7531547546,-12.7558374405,33.7134056091,74.8481369019,23.1557979584,29.3727760315,3.87734460831,35.2278175354,122.993621826,42.1342926025],[-369.102325439,-34.0377082825,33.0569381714,-14.7959547043,-5.75543689728,-19.8852138519,-11.9712028503,21.4036216736,-8.52644252777,-3.63930487633,33.1259536743,42.1342926025,117.754089355]],"icov":[[0.0000559462496312,-0.0000762642594054,0.0000707503058948,0.00000190743139683,0.000138647752465,-0.000159572649864,0.000256880652159,-0.00011736916349,-0.0000270267264568,-0.0000232864513237,0.0000380454584956,0.0000740927134757,0.000121085198771],[-0.0000762642594054,0.00080060120672,0.0000539056054549,-0.00021106445638,-0.000304841931211,0.000745601544622,-0.000432488450315,0.0000944242274272,0.000618651974946,-0.000199353089556,0.0000585275993217,-0.00016580108786,0.0000820906061563],[0.0000707503058948,0.0000539056054549,0.00174920342397,-0.000570341828279,-0.000139217358083,-0.000994242844172,0.000648524437565,0.000374293216737,0.0000836769759189,0.000107562504127,0.000173907756107,0.0000694363552611,-0.000566556351259],[0.00000190743139683,-0.00021106445638,-0.000570341828279,0.00522209703922,-0.00287289335392,0.000150437801494,0.000763827702031,0.000948824512307,-0.000776029948611,0.000241597081185,0.00163089821581,-0.00026131834602,0.000137403447297],[0.000138647752465,-0.000304841931211,-0.000139217358083,-0.00287289335392,0.00709981005639,-0.00132797495462,0.000410798180383,-0.000918561825529,-0.000276533974102,-0.000558244995773,0.000192290608538,0.000880189239979,-0.0000502548246004],[-0.000159572649864,0.000745601544622,-0.000994242844172,0.000150437801494,-0.00132797495462,0.00933580100536,-0.00420523434877,-0.000421322678449,-0.0000545891562069,-0.000809096847661,-0.000576004502364,-0.000639229314402,0.00153586210217],[0.000256880652159,-0.000432488450315,0.000648524437565,0.000763827702031,0.000410798180383,-0.00420523434877,0.00692334864289,-0.00185539806262,-0.000729569233954,-0.000932381430175,0.00248850579374,-0.00252806441858,0.00106801616494],[-0.00011736916349,0.0000944242274272,0.000374293216737,0.000948824512307,-0.000918561825529,-0.000421322678449,-0.00185539806262,0.00812054425478,-0.00275228265673,0.00164820940699,-0.00255421316251,0.00141186884139,-0.00204216176644],[-0.0000270267264568,0.000618651974946,0.0000836769759189,-0.000776029948611,-0.000276533974102,-0.0000545891562069,-0.000729569233954,-0.00275228265673,0.0106344111264,-0.0043337168172,0.00240614335053,-0.00256659230217,0.00125404808205],[-0.0000232864513237,-0.000199353089556,0.000107562504127,0.000241597081185,-0.000558244995773,-0.000809096847661,-0.000932381430175,0.00164820940699,-0.0043337168172,0.0104039991274,-0.00402526464313,0.00226385006681,-0.000358678662451],[0.0000380454584956,0.0000585275993217,0.000173907756107,0.00163089821581,0.000192290608538,-0.000576004502364,0.00248850579374,-0.00255421316251,0.00240614335053,-0.00402526464313,0.0116282692179,-0.00377236609347,-0.000949908629991],[0.0000740927134757,-0.00016580108786,0.0000694363552611,-0.00026131834602,0.000880189239979,-0.000639229314402,-0.00252806441858,0.00141186884139,-0.00256659230217,0.00226385006681,-0.00377236609347,0.0128700081259,-0.0041063237004],[0.000121085198771,0.0000820906061563,-0.000566556351259,0.000137403447297,-0.0000502548246004,0.00153586210217,0.00106801616494,-0.00204216176644,0.00125404808205,-0.000358678662451,-0.000949908629991,-0.0041063237004,0.0116247879341]],"mean":[-727.279785156,103.444007874,4.2140827179,10.9468946457,3.65069413185,-4.18391704559,-17.220703125,-2.875623703,-8.72329711914,-6.55359363556,-4.33558797836,-10.4012107849,-8.0631942749]},"pitch_salience":{"dmean":0.0619516633451,"dmean2":0.0983237475157,"dvar":0.00346516119316,"dvar2":0.0085928151384,"max":0.9113291502,"mean":0.552382290363,"median":0.563365280628,"min":0.0368245132267,"var":0.0130687877536},"silence_rate_20dB":{"dmean":0,"dmean2":0,"dvar":0,"dvar2":0,"max":1,"mean":1,"median":1,"min":1,"var":0},"silence_rate_30dB":{"dmean":0.00136425648816,"dmean2":0.00272877886891,"dvar":0.00136239523999,"dvar2":0.0031111582648,"max":1,"mean":0.998733341694,"median":1,"min":0,"var":0.00126508169342},"silence_rate_60dB":{"dmean":0.0169557593763,"dmean2":0.0339148230851,"dvar":0.0166682619601,"dvar2":0.0372476018965,"max":1,"mean":0.238624185324,"median":0,"min":0,"var":0.181682676077},"spectral_centroid":{"dmean":230.681030273,"dmean2":348.150665283,"dvar":123614.8125,"dvar2":241454.765625,"max":11229.0791016,"mean":1219.25219727,"median":1043.19714355,"min":179.705322266,"var":636147.1875},"spectral_complexity":{"dmean":2.07581377029,"dmean2":3.11879944801,"dvar":6.20415306091,"dvar2":13.174952507,"max":42,"mean":13.0663547516,"median":14,"min":0,"var":74.3914871216},"spectral_contrast_coeffs":{"dmean":[0.0457154847682,0.0449918843806,0.0368727892637,0.0335618779063,0.0257121510804,0.0200682394207],"dmean2":[0.0737587511539,0.0694060027599,0.0558534674346,0.050989754498,0.0386736094952,0.0301969405264],"dvar":[0.00155777216423,0.00173971918412,0.00111012696289,0.000897005898878,0.000559936801437,0.00038558349479],"dvar2":[0.00393742509186,0.00389496050775,0.00238317763433,0.00189254409634,0.00114643841516,0.000834166945424],"max":[-0.208392396569,-0.26233625412,-0.427027523518,-0.478355139494,-0.556132256985,-0.619014024734],"mean":[-0.545725762844,-0.67613786459,-0.727629125118,-0.734676897526,-0.763807952404,-0.785545408726],"median":[-0.527750074863,-0.674154937267,-0.720660984516,-0.72460103035,-0.754406630993,-0.778069555759],"min":[-0.991568088531,-0.96929037571,-0.965214192867,-0.960506439209,-0.963659465313,-0.960452735424],"var":[0.0167819522321,0.0137538174167,0.00931563973427,0.00745084229857,0.00539337424561,0.00331455562264]},"spectral_contrast_valleys":{"dmean":[0.427072793245,0.38646620512,0.341848939657,0.330644726753,0.299255371094,0.381723493338],"dmean2":[0.690050542355,0.592397212982,0.515198767185,0.488265454769,0.427055597305,0.498785376549],"dvar":[0.156115815043,0.137882292271,0.11536924541,0.115144364536,0.115975551307,0.209628745914],"dvar2":[0.371077418327,0.288343012333,0.226603373885,0.211844876409,0.204028591514,0.356434345245],"max":[-5.7569694519,-4.80182743073,-5.26553678513,-5.91128873825,-5.79916763306,-7.19479227066],"mean":[-9.114320755,-8.11354255676,-8.68816184998,-8.97768211365,-8.93982410431,-10.8636436462],"median":[-8.75951099396,-7.46968460083,-8.05427932739,-8.34333896637,-8.29186820984,-10.3540210724],"min":[-27.728925705,-27.0502166748,-27.1521873474,-27.3452396393,-27.1858978271,-27.257276535],"var":[3.57453465462,3.8681306839,3.53082752228,3.37614226341,3.1959438324,3.08843803406]},"spectral_decrease":{"dmean":1.38104827574e-9,"dmean2":2.03714667357e-9,"dvar":5.83973671954e-18,"dvar2":1.33524214125e-17,"max":-3.20261837209e-29,"mean":-4.53318182991e-9,"median":-3.28198179744e-9,"min":-4.32882494295e-8,"var":2.18423989062e-17},"spectral_energy":{"dmean":0.0055603669025,"dmean2":0.00816488452256,"dvar":0.0000918483783607,"dvar2":0.000209316654946,"max":0.175029486418,"mean":0.0186279099435,"median":0.0136970290914,"min":1.06061227389e-20,"var":0.000356781762093},"spectral_energyband_high":{"dmean":0.000414226495195,"dmean2":0.000576055957936,"dvar":0.00000139629537443,"dvar2":0.00000253354369306,"max":0.038411591202,"mean":0.000771448307205,"median":0.00024546473287,"min":7.70094810529e-21,"var":0.00000431485477748},"spectral_energyband_low":{"dmean":0.000826659437735,"dmean2":0.00133636465762,"dvar":0.00000570032580072,"dvar2":0.0000151932053996,"max":0.0786955282092,"mean":0.00171529175714,"median":0.000463177158963,"min":4.33014775445e-23,"var":0.000012475321455},"spectral_energyband_middle_high":{"dmean":0.00120136723854,"dmean2":0.00169674505014,"dvar":0.0000055204113778,"dvar2":0.0000108129133878,"max":0.0740231201053,"mean":0.00359483412467,"median":0.00185927771963,"min":1.70208486125e-21,"var":0.0000267397663265},"spectral_energyband_middle_low":{"dmean":0.00461247749627,"dmean2":0.00692463014275,"dvar":0.000073088791396,"dvar2":0.000171193372807,"max":0.148557335138,"mean":0.01301057823,"median":0.00804879702628,"min":2.68468727849e-22,"var":0.000228856006288},"spectral_entropy":{"dmean":0.214212939143,"dmean2":0.299938201904,"dvar":0.0578023716807,"dvar2":0.107359170914,"max":9.79982471466,"mean":7.3275475502,"median":7.34988975525,"min":4.10547494888,"var":0.480014979839},"spectral_flux":{"dmean":0.0184220839292,"dmean2":0.0285073760897,"dvar":0.000588042137679,"dvar2":0.00133061327506,"max":0.365326941013,"mean":0.0565105043352,"median":0.0513612180948,"min":1.02986029427e-10,"var":0.00214350107126},"spectral_kurtosis":{"dmean":1.46632647514,"dmean2":2.29997014999,"dvar":3.10294103622,"dvar2":7.31615495682,"max":48.4184188843,"mean":4.9721622467,"median":3.77995038033,"min":-1.14146959782,"var":26.1624355316},"spectral_rms":{"dmean":0.000542535504792,"dmean2":0.000779457681347,"dvar":5.57079715691e-7,"dvar2":0.00000117463798688,"max":0.0130675351247,"mean":0.00357201159932,"median":0.00365553773008,"min":3.216743278e-12,"var":0.00000541430290468},"spectral_rolloff":{"dmean":579.53527832,"dmean2":967.743408203,"dvar":1526491.5,"dvar2":3230337.5,"max":18324.7558594,"mean":2003.93908691,"median":1184.32617188,"min":21.533203125,"var":7500197.5},"spectral_skewness":{"dmean":0.216650575399,"dmean2":0.3269764781,"dvar":0.0534570664167,"dvar2":0.109288953245,"max":5.83463716507,"mean":1.71658420563,"median":1.5965679884,"min":-0.384121328592,"var":0.505465090275},"spectral_spread":{"dmean":732417.0625,"dmean2":1045875.8125,"dvar":911266283520,"dvar2":1750845489150,"max":39054240,"mean":5299102,"median":4741957.5,"min":1559506,"var":4324298063870},"spectral_strongpeak":{"dmean":0.467736572027,"dmean2":0.76571893692,"dvar":0.661650121212,"dvar2":1.57155537605,"max":15.4718351364,"mean":1.0446087122,"median":0.576782107353,"min":0,"var":1.75725662708},"zerocrossingrate":{"dmean":0.012601624243,"dmean2":0.01423991099,"dvar":0.000331707706209,"dvar2":0.000351541908458,"max":0.5048828125,"mean":0.0732052177191,"median":0.0556640625,"min":0.0048828125,"var":0.00393879087642}},"metadata":{"audio_properties":{"analysis_sample_rate":44100,"bit_rate":0,"codec":"flac","downmix":"mix","equal_loudness":0,"length":238.266662598,"lossless":true,"md5_encoded":"49f2447365c63246374e22c736320f7c","replay_gain":-6.54103088379},"tags":{"acoustid_id":["4f6b9cde-9001-45fe-a874-ec06c975f944"],"album":["War Child"],"albumartist":["Jethro Tull"],"albumartistsort":["Jethro Tull"],"artist":["Jethro Tull"],"artists":["Jethro Tull"],"artistsort":["Jethro Tull"],"asin":["B000005JEM"],"barcode":["094632106728"],"catalognumber":["CDP 32 1067 2"],"composer":["Ian Anderson"],"composersort":["Anderson, Ian"],"date":["1992"],"discnumber":["1"],"disctotal":["1"],"file_name":"06 Skating Away on the Thin Ice of the New Day.flac","label":["Chrysalis"],"language":["eng"],"lyricist":["Ian Anderson"],"media":["CD"],"musicbrainz_albumartistid":["ece57992-dc2e-4f67-a269-fa43626c1a3d"],"musicbrainz_albumid":["cfa668f2-fbc0-3529-b368-a51d4cf0d0dd"],"musicbrainz_artistid":["ece57992-dc2e-4f67-a269-fa43626c1a3d"],"musicbrainz_recordingid":["5bbe9196-2a36-493b-8511-02815928be4b"],"musicbrainz_releasegroupid":["f6f1825e-63ac-3595-ad6a-120f4fce4c5a"],"musicbrainz_releasetrackid":["bdd1a979-c3e3-3603-a9f4-ef675835dab1"],"musicbrainz_workid":["c856e89a-2e6b-4eb2-aeb5-e8e0cde4bc0a"],"originaldate":["1974-10-14"],"performer":["Jeffrey Hammond Hammond (bass guitar)","John Evan (hammond organ, piano, piano accordion and synthesizer)","Ian Anderson (vocals)","Barriemore Barlow (drums and percussion)"],"releasecountry":["GB"],"releasestatus":["official"],"releasetype":["album"],"replaygain_album_gain":["-2.89 dB"],"replaygain_album_peak":["0.935028"],"replaygain_track_gain":["-0.73 dB"],"replaygain_track_peak":["0.708313"],"script":["Latn"],"title":["Skating Away on the Thin Ice of the Ne