{"lowlevel":{"average_loudness":0.842562675476,"barkbands":{"dmean":[0.00000635555534245,0.000929760630243,0.000689178879838,0.0013298576232,0.00327199697495,0.000986072351225,0.000788701232523,0.000406368460972,0.000631952949334,0.000291583477519,0.000169659833773,0.000197174333152,0.000163491858984,0.000174304703251,0.000101502446341,0.0000628946727375,0.000096232870419,0.0000853776873555,0.000154459208716,0.000170779938344,0.000127100007376,0.000110994282295,0.000193341489648,0.0000474452608614,0.0000399255550292,0.00000150508947172,2.81709997552e-8],"dmean2":[0.0000112289326353,0.00144969229586,0.00108869816177,0.00212550349534,0.004870029632,0.00141171191353,0.00113576091826,0.000604481145274,0.00087305525085,0.000391898851376,0.000231666592299,0.000280388485407,0.000241922272835,0.00025511966669,0.000151767089847,0.0000986965824268,0.000147877930431,0.000125807782752,0.000235901767155,0.000258275307715,0.000188396428712,0.00015018589329,0.000273768790066,0.000068253466452,0.0000601812862442,0.00000225604730986,4.84754352215e-8],"dvar":[1.2980369557e-10,0.00000270656460089,0.00000132878358272,0.00000748886668589,0.0000247760290222,0.00000348614003087,0.00000319709329233,0.00000186139607194,0.00000350477012034,0.00000215122213376,5.11975258632e-7,2.86330504196e-7,2.71569945198e-7,3.19303524066e-7,6.2314811089e-8,3.19220951894e-8,5.61950486144e-8,6.54828582469e-8,8.3588599864e-7,0.0000016179518525,4.10415765373e-7,2.82324464251e-7,0.00000210608618545,3.84979692569e-8,3.00292910538e-8,1.66090648179e-11,2.3262414808e-14],"dvar2":[3.64776792106e-10,0.00000586697251492,0.00000330781858793,0.0000190761256817,0.0000553131212655,0.00000685965051161,0.00000660935302221,0.00000385777411793,0.00000668595384923,0.00000458788053948,8.78707623997e-7,5.33501975042e-7,5.98774192895e-7,6.52983203508e-7,1.20347593224e-7,6.48318945196e-8,1.17329591376e-7,1.32224982963e-7,0.00000184377131518,0.00000396837049266,9.16255260108e-7,4.85235318592e-7,0.0000041510443225,7.09827219225e-8,7.15301240461e-8,3.82935315402e-11,6.45572530438e-14],"max":[0.000186280667549,0.0264762826264,0.0163441449404,0.0667154639959,0.123476788402,0.0419197045267,0.0387999117374,0.0378808230162,0.0484839268029,0.0664094313979,0.0236712470651,0.0176014583558,0.0129847899079,0.017159929499,0.00584369618446,0.00735333096236,0.00792302098125,0.00848357193172,0.0381732992828,0.0603032298386,0.0196542441845,0.0262690354139,0.064318343997,0.00820445921272,0.00279014301486,0.0000943267077673,0.00000403535887017],"mean":[0.00000673560953146,0.00252520409413,0.00144477654248,0.00244365958497,0.00910551287234,0.00251297163777,0.0017258413136,0.000673487258609,0.00159833778162,0.000513077422511,0.000357807351975,0.00039343276876,0.000280311825918,0.000337476609275,0.000201244562049,0.00011555988749,0.000192609775695,0.000161419229698,0.000247960037086,0.000221991169383,0.000183565760381,0.000171690160641,0.000254297076026,0.0000619081110926,0.0000432670458395,0.00000166746315244,2.42467166345e-8],"median":[0.00000278123025055,0.000897453981452,0.000620716135018,0.000795710191596,0.0040997536853,0.00116882554721,0.000484630349092,0.000124521509861,0.000142669334309,0.0000629619171377,0.0000195186948986,0.000150142004713,0.0000717656657798,0.0000839937856654,0.0000912480463739,0.0000640655198367,0.000101856014226,0.0000492053950438,0.000078171819041,0.0000433340210293,0.0000444630277343,0.0000339651523973,0.0000164802604559,0.0000070053847594,0.00000184923715096,2.97570437624e-7,5.38671329764e-9],"min":[3.72530441286e-25,4.17245887711e-24,5.24173912654e-25,4.35678313015e-25,9.91536153396e-24,8.49950057063e-24,5.52675240223e-24,7.85346214344e-24,1.69550000577e-23,1.5562326083e-23,1.31893370279e-23,2.02827056567e-23,1.85554347513e-23,2.27078470951e-23,2.7945785687e-23,3.59358454071e-23,5.62996522758e-23,9.4145348867e-23,1.09347897579e-22,1.32061209903e-22,1.9777419421e-22,3.28772612836e-22,3.78499097396e-22,5.52235450268e-22,7.65386676601e-22,1.16698493397e-21,1.87244751477e-21],"var":[1.23337576263e-10,0.0000132212981043,0.00000404042839364,0.000018814987925,0.000135054957354,0.0000147118380482,0.0000104367854874,0.00000381641348213,0.000020849849534,0.00000546726960238,0.00000209171275856,0.00000103572745047,5.81401479849e-7,9.21753212424e-7,1.49241515146e-7,7.35488470127e-8,1.48798335431e-7,1.7599332125e-7,0.00000162155254202,0.00000182328471965,7.22455808955e-7,8.77716388459e-7,0.00000421131744588,7.86980081102e-8,3.35805374618e-8,2.16798506231e-11,1.60003913873e-14]},"barkbands_crest":{"dmean":2.31166195869,"dmean2":3.60755872726,"dvar":5.04744100571,"dvar2":11.9895114899,"max":26.8866977692,"mean":12.6066465378,"median":11.7671117783,"min":3.42621350288,"var":25.3061466217},"barkbands_flatness_db":{"dmean":0.0217488929629,"dmean2":0.0317501090467,"dvar":0.000452730891993,"dvar2":0.000915067794267,"max":0.574120700359,"mean":0.195774883032,"median":0.190676122904,"min":0.0461344607174,"var":0.00442728074268},"barkbands_kurtosis":{"dmean":7.14721822739,"dmean2":9.9350528717,"dvar":3952.50366211,"dvar2":5809.71435547,"max":5598.58203125,"mean":15.6528072357,"median":6.3949713707,"min":-1.94461274147,"var":12464.59375},"barkbands_skewness":{"dmean":0.628897964954,"dmean2":0.903679490089,"dvar":0.979321122169,"dvar2":1.57526671886,"max":71.8076477051,"mean":2.33727884293,"median":2.22040176392,"min":-3.88446688652,"var":6.54588508606},"barkbands_spread":{"dmean":4.77978897095,"dmean2":7.13005399704,"dvar":67.1948852539,"dvar2":137.553497314,"max":97.9659576416,"mean":14.5069484711,"median":10.5632534027,"min":0.0918111503124,"var":174.800170898},"dissonance":{"dmean":0.0197427589446,"dmean2":0.0320588946342,"dvar":0.000377827935154,"dvar2":0.000960827223025,"max":0.500000119209,"mean":0.448733687401,"median":0.456665813923,"min":0.212571620941,"var":0.00136922695674},"dynamic_complexity":4.32270431519,"erbbands":{"dmean":[0.0129156298935,0.254728585482,0.746325969696,2.63367056847,7.97634363174,12.5370502472,9.39805030823,7.99332761765,8.02055644989,13.8396711349,8.31686973572,14.0035667419,9.5209236145,8.08261299133,6.19576597214,6.25630331039,5.82861948013,8.68277263641,6.02086305618,4.29406833649,3.67933440208,4.93812990189,5.0547041893,4.96812152863,8.85834121704,7.85662269592,5.2893948555,5.08823156357,3.79685306549,4.8752412796,5.68558263779,1.61401283741,0.532746553421,0.318797379732,0.346253305674,0.0222090780735,0.00197699712589,0.000165333796758,0.0000115307284432,0.0000078902576206],"dmean2":[0.0203583836555,0.397424191236,1.18034470081,4.19490528107,12.2369241714,19.0099830627,13.7053079605,11.3523635864,11.6785230637,19.8944568634,11.7847499847,19.2697868347,13.0148839951,10.7308883667,8.66828918457,8.76734828949,8.55376052856,12.4074172974,8.7458896637,6.32380437851,5.69203996658,7.36992168427,7.32798147202,7.42322826385,13.4650497437,11.9744310379,7.97822856903,7.41453170776,5.55878257751,6.63444375992,8.45450210571,2.24145841599,0.76374655962,0.46251642704,0.532072305679,0.0337991081178,0.0029305932112,0.000249999895459,0.0000172024574567,0.0000113815058285],"dvar":[0.000428936386015,0.206444725394,1.47226536274,26.0681095123,152.270126343,535.670715332,451.076568604,299.537322998,379.92376709,1593.6697998,494.202148438,1964.07800293,1934.10900879,926.085083008,315.699615479,353.73739624,329.575897217,633.096130371,308.50201416,106.96698761,85.0858383179,155.389160156,217.107055664,450.00958252,2847.10595703,3727.44677734,961.530944824,773.09375,372.692138672,866.688171387,2111.46484375,82.0099945068,3.8682243824,1.55996477604,2.47579455376,0.00577426329255,0.000035221761209,3.14055881745e-7,1.66039459959e-9,1.40518138791e-10],"dvar2":[0.000999370822683,0.445388764143,3.43670868874,66.6353530884,364.970001221,1224.24865723,813.651428223,623.210632324,806.881774902,3442.42749023,965.660888672,3891.10644531,4488.94384766,1468.62780762,566.240356445,615.535705566,720.92767334,1168.32495117,627.422424316,199.719146729,150.985168457,325.747039795,433.49597168,967.282043457,5836.33691406,9556.25683594,1950.78515625,1823.23010254,726.130737305,1316.13171387,4589.47900391,146.020309448,7.52923536301,3.51221418381,6.05190086365,0.0140441469848,0.0000819254346425,7.43805173897e-7,4.17681267351e-9,2.74841399639e-10],"max":[0.286572039127,7.40905857086,17.9302043915,118.695098877,247.702896118,722.439331055,781.902587891,516.05291748,544.559509277,1207.3248291,675.535339355,1444.56323242,1923.82958984,1294.23632812,656.08996582,797.208618164,443.385284424,846.702331543,474.126251221,363.281890869,356.528198242,436.822418213,489.487426758,851.097167969,2036.70983887,2816.84912109,1451.7869873,1202.58862305,667.440490723,1568.18969727,1859.4753418,429.988677979,67.6595458984,18.3764457703,25.1697769165,1.09989929199,0.119110561907,0.0123133119196,0.00104391085915,0.000392025103793],"mean":[0.034562766552,0.691625714302,1.79959261417,5.15433359146,17.0295677185,33.99061203,29.2211494446,19.7346591949,18.6707363129,28.0112686157,19.9363040924,34.5964927673,17.5005912781,17.8186244965,14.3039865494,13.1036872864,11.156876564,18.2537593842,11.9665203094,8.83510875702,7.69250965118,10.2628335953,10.1439208984,8.710313797,14.229101181,10.307056427,7.37239646912,7.42863321304,5.98474931717,7.25440788269,7.14656877518,2.12897396088,0.701115846634,0.375339627266,0.356425046921,0.0243283137679,0.00227157678455,0.000183511685464,0.0000233654645854,0.0000316370060318],"median":[0.0217626281083,0.256809264421,0.862389445305,2.27600979805,9.33537101746,12.5956554413,9.74149894714,9.69299793243,6.29740524292,7.52780246735,3.40316152573,3.38193631172,2.37519431114,2.29767608643,3.63261604309,5.01333475113,3.54289865494,4.81363201141,3.87918519974,4.53898048401,4.58478116989,5.20130872726,3.61364269257,3.39052915573,3.56085824966,2.1181101799,1.5919239521,1.86163520813,1.25341153145,0.765856981277,0.458612263203,0.19224473834,0.0966824665666,0.030476603657,0.00824054330587,0.00239140866324,0.000382316298783,0.0000377340584237,0.0000150339628817,0.0000284692578134],"min":[1.39904809707e-22,6.79068228931e-22,1.59407306685e-21,2.39970851231e-21,6.33373083605e-21,2.37813763718e-20,4.02955671656e-20,5.25947961402e-20,6.78158726076e-20,1.69375634801e-19,1.83230250902e-19,4.14646900262e-19,3.28097674452e-19,5.94659780473e-19,7.91903220584e-19,1.07059308686e-18,1.43132303647e-18,1.25327075526e-18,1.98212451179e-18,3.2734853833e-18,2.92690291049e-18,4.07980987748e-18,5.6274718346e-18,5.34211933869e-18,6.03843212012e-18,6.83324226017e-18,9.1533424305e-18,9.60373234786e-18,1.0976752903e-17,1.03392787193e-17,1.03355671599e-17,1.05940453849e-17,1.04920151379e-17,8.03938243547e-18,5.59719909213e-18,3.91358421107e-18,2.19656115943e-18,9.86957061915e-19,2.33371845834e-19,2.66058718151e-20],"var":[0.00143588788342,1.02769398689,5.78484678268,64.5421600342,490.439605713,2481.4699707,3550.17675781,872.940185547,1408.9420166,3759.21166992,2084.02319336,9817.56054688,3949.87353516,4909.67626953,1415.98205566,1259.30322266,707.313903809,2182.40600586,897.812194824,256.514099121,266.981567383,443.920898438,606.507446289,993.652709961,6374.82128906,3879.42211914,1521.85705566,1284.7199707,996.619567871,2665.78344727,3511.15795898,180.710037231,7.35256671906,2.00242733955,2.60850214958,0.00649237819016,0.0000447993515991,3.64953990584e-7,2.01017003043e-9,7.20102533158e-10]},"erbbands_crest":{"dmean":2.15864992142,"dmean2":3.32275152206,"dvar":4.70142698288,"dvar2":10.6587429047,"max":27.7140960693,"mean":10.2569894791,"median":9.36908531189,"min":2.48246335983,"var":22.4339675903},"erbbands_flatness_db":{"dmean":0.0170109719038,"dmean2":0.0237756147981,"dvar":0.000273683166597,"dvar2":0.000526661518961,"max":0.330546885729,"mean":0.186659961939,"median":0.185113251209,"min":0.0448304414749,"var":0.00257609575056},"erbbands_kurtosis":{"dmean":1.24173498154,"dmean2":1.87093496323,"dvar":5.29087781906,"dvar2":11.274474144,"max":80.2880859375,"mean":1.54392421246,"median":0.116205692291,"min":-1.87658190727,"var":17.670091629},"erbbands_skewness":{"dmean":0.380113750696,"dmean2":0.544788241386,"dvar":0.202886015177,"dvar2":0.362521737814,"max":7.79308700562,"mean":0.694569349289,"median":0.727023839951,"min":-5.12727022171,"var":1.19162929058},"erbbands_spread":{"dmean":7.89823579788,"dmean2":11.492061615,"dvar":88.1426925659,"dvar2":191.00390625,"max":136.947860718,"mean":38.5966415405,"median":35.758934021,"min":2.94376325607,"var":414.791931152},"gfcc":{"cov":[[46241.65625,3141.41503906,-5572.78222656,2233.41064453,-3150.04394531,409.084777832,-1474.19775391,-192.399932861,-887.002075195,-581.847106934,-488.934204102,-456.963439941,-342.677581787],[3141.41503906,1740.43139648,-509.609802246,-383.001617432,50.7892417908,-349.679138184,-124.064918518,-197.78994751,44.9081115723,-98.7626419067,23.8020076752,-121.715507507,-20.8352222443],[-5572.78222656,-509.609802246,1327.67211914,-101.773490906,321.113250732,103.51385498,115.376464844,120.74811554,70.5986099243,132.634353638,68.741394043,142.021469116,98.2139968872],[2233.41064453,-383.001617432,-101.773490906,702.053161621,-134.186950684,167.30456543,-19.6821784973,13.2912282944,-0.658780813217,2.52380180359,4.15029525757,74.3688812256,4.52649116516],[-3150.04394531,50.7892417908,321.113250732,-134.186950684,440.540893555,-75.7215118408,68.8283309937,-19.5547981262,90.2360153198,64.3442993164,49.0356254578,29.2178688049,14.5793533325],[409.084777832,-349.679138184,103.51385498,167.30456543,-75.7215118408,299.719696045,82.4149551392,93.1410217285,-33.0249328613,24.2104053497,-15.3692083359,45.2804603577,4.61934089661],[-1474.19775391,-124.064918518,115.376464844,-19.6821784973,68.8283309937,82.4149551392,299.375152588,50.6246757507,55.8872261047,-33.4578475952,33.088924408,26.7834796906,7.86122465134],[-192.399932861,-197.78994751,120.74811554,13.2912282944,-19.5547981262,93.1410217285,50.6246757507,172.574661255,6.71422100067,35.5165939331,-13.8968763351,27.9678535461,9.4386844635],[-887.002075195,44.9081115723,70.5986099243,-0.658780813217,90.2360153198,-33.0249328613,55.8872261047,6.71422100067,150.154449463,29.0079193115,21.5136070251,-7.94112300873,-9.51068878174],[-581.847106934,-98.7626419067,132.634353638,2.52380180359,64.3442993164,24.2104053497,-33.4578475952,35.5165939331,29.0079193115,136.27986145,18.5161037445,13.2734107971,6.12866592407],[-488.934204102,23.8020076752,68.741394043,4.15029525757,49.0356254578,-15.3692083359,33.088924408,-13.8968763351,21.5136070251,18.5161037445,81.6848754883,32.1460800171,5.34093284607],[-456.963439941,-121.715507507,142.021469116,74.3688812256,29.2178688049,45.2804603577,26.7834796906,27.9678535461,-7.94112300873,13.2734107971,32.1460800171,100.365974426,30.3243637085],[-342.677581787,-20.8352222443,98.2139968872,4.52649116516,14.5793533325,4.61934089661,7.86122465134,9.4386844635,-9.51068878174,6.12866592407,5.34093284607,30.3243637085,80.0230941772]],"icov":[[0.000484483927721,-0.00122099672444,0.000991759239696,-0.0014467703877,0.00176159548573,-0.00108010845724,0.00120763864834,-0.00108629034366,0.00109634641558,-0.00011534258374,0.000161410906003,0.000279735017102,0.000394652714022],[-0.00122099672444,0.00406986521557,-0.00213345978409,0.00411396799609,-0.0045669269748,0.00308223953471,-0.00266231456771,0.00310888327658,-0.0032632118091,0.00082633754937,-0.0010262982687,-0.000474505504826,-0.00143704691436],[0.000991759239696,-0.00213345978409,0.00344469537959,-0.00248365220614,0.00286762043834,-0.0025600688532,0.00264307833277,-0.00249807862565,0.00177313666791,-0.000527768395841,-0.000053506137192,-0.000477045367006,-0.000299961393466],[-0.0014467703877,0.00411396799609,-0.00248365220614,0.00661148549989,-0.00487201241776,0.00208658678457,-0.00286900345236,0.00396899273619,-0.00455108098686,0.000683929072693,-0.000783461204264,-0.00261701899581,-0.00141840882134],[0.00176159548573,-0.0045669269748,0.00286762043834,-0.00487201241776,0.0101972091943,-0.00299437320791,0.00344607932493,-0.00289360550232,0.00285839103162,-0.0019600156229,0.000706551771145,-0.00000314334238283,0.0018722465029],[-0.00108010845724,0.00308223953471,-0.0025600688532,0.00208658678457,-0.00299437320791,0.00874142721295,-0.00487184012309,0.000985100748949,-0.000579404761083,-0.00143475993536,0.00131370092276,-0.00146026338916,0.0001112756363],[0.00120763864834,-0.00266231456771,0.00264307833277,-0.00286900345236,0.00344607932493,-0.00487184012309,0.00868218205869,-0.00389863643795,0.000254718528595,0.00326841208152,-0.0024210435804,0.000906004395802,0.000255134771578],[-0.00108629034366,0.00310888327658,-0.00249807862565,0.00396899273619,-0.00289360550232,0.000985100748949,-0.00389863643795,0.0110925110057,-0.00339808920398,-0.00197651889175,0.00235998583958,-0.00274871452712,-0.000824298826046],[0.00109634641558,-0.0032632118091,0.00177313666791,-0.00455108098686,0.00285839103162,-0.000579404761083,0.000254718528595,-0.00339808920398,0.0123035665601,-0.00260403682478,-0.000185337819858,0.00285574235022,0.00240677036345],[-0.00011534258374,0.00082633754937,-0.000527768395841,0.000683929072693,-0.0019600156229,-0.00143475993536,0.00326841208152,-0.00197651889175,-0.00260403682478,0.0113988295197,-0.00363170099445,0.00128854904324,-0.000746135716327],[0.000161410906003,-0.0010262982687,-0.000053506137192,-0.000783461204264,0.000706551771145,0.00131370092276,-0.0024210435804,0.00235998583958,-0.000185337819858,-0.00363170099445,0.0181298218668,-0.00655400194228,0.00181857997086],[0.000279735017102,-0.000474505504826,-0.000477045367006,-0.00261701899581,-0.00000314334238283,-0.00146026338916,0.000906004395802,-0.00274871452712,0.00285574235022,0.00128854904324,-0.00655400194228,0.0178052857518,-0.00394114106894],[0.000394652714022,-0.00143704691436,-0.000299961393466,-0.00141840882134,0.0018722465029,0.0001112756363,0.000255134771578,-0.000824298826046,0.00240677036345,-0.000746135716327,0.00181857997086,-0.00394114106894,0.0157005339861]],"mean":[-87.3238601685,124.682037354,-113.989814758,45.3397483826,-59.6364212036,1.90949988365,-40.974193573,-7.74582290649,-20.1850643158,-5.29111385345,-9.32804965973,-5.90868854523,-6.61996841431]},"hfc":{"dmean":5.50842475891,"dmean2":7.33919906616,"dvar":297.17578125,"dvar2":502.091033936,"max":677.707641602,"mean":16.0696868896,"median":9.87387275696,"min":1.07545622643e-16,"var":943.586914062},"melbands":{"dmean":[0.000190435879631,0.000373330462025,0.000554467143957,0.000785237411037,0.000362136081094,0.000175544017111,0.000132226079586,0.000139354611747,0.00007789835945,0.0000845593604026,0.0000493925726914,0.0000349596120941,0.0000228510798479,0.0000241226243816,0.0000140088322951,0.000015380932382,0.0000168471833604,0.000011114571862,0.00000704546800989,0.00000478231368106,0.00000487804663862,0.00000529712724529,0.00000619251613898,0.00000380494043384,0.00000412166127717,0.0000069224888648,0.00000625963821221,0.00000539505481356,0.00000356217833541,0.00000349770039065,0.00000286464910459,0.00000232603974837,0.00000220441893362,0.00000316677892442,0.00000398669362767,0.00000165949381881,8.29892769616e-7,5.23575522493e-7,1.15037465775e-7,3.46511683347e-7],"dmean2":[0.000296871934552,0.000579669023864,0.000874309975188,0.00118469493464,0.000536885636393,0.000248851923971,0.000191303217434,0.000202454117243,0.00011049600289,0.000116656046885,0.0000679878139636,0.00004649622133,0.000031508396205,0.0000344359286828,0.0000206771255762,0.0000225297626457,0.0000242210189754,0.0000162980795722,0.0000106660445454,0.00000721252945368,0.00000753919312046,0.00000810279743746,0.0000092059126473,0.00000569741314393,0.00000624370386504,0.0000107537871372,0.00000901343537407,0.00000846236434882,0.00000553817744731,0.00000539261782251,0.00000416178363594,0.00000355930183105,0.00000312858992402,0.00000444844590675,0.00000613622160017,0.00000237226663558,0.00000120376500945,7.8521100022e-7,1.68891361341e-7,5.16816726304e-7],"dvar":[1.04720406569e-7,3.72682194438e-7,9.74646013674e-7,0.000001408192702,5.87254078255e-7,1.30131923015e-7,9.1849187811e-8,1.66095986742e-7,4.32609361667e-8,6.97747140066e-8,5.38266426986e-8,1.82008541572e-8,6.42566488906e-9,4.21474055656e-9,3.80755604823e-9,1.89164373054e-9,2.69344413439e-9,1.37721478666e-9,3.81197351462e-10,1.81429746227e-10,1.60120819381e-10,1.79634598862e-10,3.08110398306e-10,1.17356499518e-10,2.84139933804e-10,2.23911844621e-9,1.31110822199e-9,2.4871182891e-9,6.49311771017e-10,4.00096400455e-10,2.83167128634e-10,1.44730685769e-10,1.42005476822e-10,4.5179654462e-10,1.20216381294e-9,1.4566145512e-10,1.3046678321e-11,4.15353905783e-12,2.58418015719e-13,2.14499056538e-12],"dvar2":[2.3310990116e-7,8.28941665532e-7,0.00000249277127295,0.00000329688350575,0.00000109152961159,2.67499672191e-7,1.91631158941e-7,3.56063395657e-7,8.52270432006e-8,1.35586375904e-7,1.24529194068e-7,2.9588328232e-8,1.13888303233e-8,7.56831575188e-9,8.0891391363e-9,3.76278119774e-9,5.03741537372e-9,2.93910962235e-9,7.25159154946e-10,4.02947869516e-10,2.90433510575e-10,3.88707038779e-10,6.26034668549e-10,2.43284559165e-10,6.13665396276e-10,5.2183088961e-9,2.34082864203e-9,6.7672409898e-9,1.34567179622e-9,9.72052216497e-10,6.92464807717e-10,3.3135622024e-10,2.62590171829e-10,7.62129692689e-10,2.78582557023e-9,2.60994281742e-10,2.5969552897e-11,9.06622433378e-12,5.28980288392e-13,5.01904637643e-12],"max":[0.00485422089696,0.00942782871425,0.022259561345,0.0283207595348,0.0234372653067,0.010055474937,0.00832273159176,0.0124673964456,0.00593295879662,0.00797048956156,0.0102752465755,0.00592904584482,0.00304990494624,0.00261553074233,0.00200532167219,0.00108021765482,0.00175437959842,0.00109279097524,0.000599128077738,0.000490320264362,0.000475691806059,0.000424031139119,0.000499989953823,0.000348315981682,0.000717927352525,0.00210551358759,0.00176791159902,0.00245242402889,0.00134100683499,0.000822792528197,0.000787965022027,0.000452638254501,0.000655137468129,0.00109334639274,0.00149117654655,0.00048779550707,0.000166552286828,0.0000637860430288,0.0000203122963285,0.0000223025945161],"mean":[0.000526624731719,0.000974809518084,0.00113421597052,0.00200997199863,0.00115138792899,0.00043629045831,0.000304880173644,0.00027401393163,0.000199764952413,0.000204152354854,0.0000860331347212,0.0000740956311347,0.0000511857215315,0.0000490973470733,0.0000233426326304,0.0000294147375826,0.0000340032893291,0.0000201538441615,0.0000141504870044,0.00000858044586494,0.00000935414027481,0.0000103249858512,0.0000115587918117,0.00000706104219717,0.00000658433646095,0.0000106400793811,0.00000929866655497,0.00000630816839475,0.00000462846082883,0.00000463778133053,0.00000405242280976,0.00000333832372235,0.0000032758814541,0.00000448638684247,0.00000484003339807,0.00000215302634388,0.00000104453249605,6.40943937924e-7,1.7138016517e-7,3.76797061108e-7],"median":[0.000226206946536,0.000512571888976,0.000585497124121,0.00101008126512,0.000410110398661,0.000208945537452,0.0000988018291537,0.0000697823124938,0.0000252569225268,0.0000193983469217,0.0000105132749013,0.0000094615152193,0.0000081671114458,0.0000171765823325,0.00000610714323557,0.00000798423570814,0.00000842880217533,0.00000530421084477,0.00000630112890576,0.00000455593499282,0.00000528242844666,0.00000531634850631,0.00000428321527579,0.00000227503505812,0.00000241347743213,0.0000029519896998,0.00000178358686753,0.00000122324877339,8.7567218543e-7,0.00000108206927507,9.64181481322e-7,7.27286305846e-7,5.09373762725e-7,3.59333739652e-7,2.94352872743e-7,1.29949711436e-7,9.79652838851e-8,7.64116379059e-8,3.54127855928e-8,1.99631688957e-8],"min":[1.52621885688e-24,8.56597235709e-25,4.22663735105e-25,1.16797996209e-24,1.28896085381e-24,1.1317059683e-24,1.05074961094e-24,1.92198031505e-24,1.69904230678e-24,2.51130654569e-24,1.45902851674e-24,2.04283656674e-24,2.17635975521e-24,2.03871023256e-24,3.59635020816e-24,2.40430880516e-24,1.73904741543e-24,2.83519488679e-24,2.09835699168e-24,3.64119576733e-24,3.21666711574e-24,3.59293759588e-24,2.9829779194e-24,4.08156198488e-24,3.72841696217e-24,3.73202402866e-24,3.8339109366e-24,4.31478752822e-24,3.72990514827e-24,3.9215305062e-24,5.02637714119e-24,5.63615873231e-24,5.72881715095e-24,4.86854106241e-24,5.38333551751e-24,5.65466107042e-24,6.05403018672e-24,5.97494806427e-24,6.53871776537e-24,5.15553930935e-24],"var":[4.56505546254e-7,0.00000171617534761,0.0000026019267807,0.00000677887828715,0.00000447800402981,4.24400354859e-7,3.36022708325e-7,3.74923274649e-7,2.7991677598e-7,3.38522653465e-7,1.08089636797e-7,9.32585564328e-8,2.92736217489e-8,1.74843020062e-8,6.68608235443e-9,5.27616217383e-9,8.54655812788e-9,3.70778896475e-9,8.49894821187e-10,3.14122172718e-10,4.83090067949e-10,4.70515904016e-10,8.16488376909e-10,3.03435415683e-10,5.94420401789e-10,3.70806985117e-9,3.06872061095e-9,1.97594496321e-9,8.66847371661e-10,5.13911579958e-10,4.47737430465e-10,2.94493956998e-10,3.9707645505e-10,1.19751242256e-9,1.74200986969e-9,3.11804526643e-10,2.45405102489e-11,6.18646540246e-12,5.64644576755e-13,2.45695976585e-12]},"melbands_crest":{"dmean":2.79603815079,"dmean2":4.42441415787,"dvar":7.80841445923,"dvar2":18.9672107697,"max":39.9758834839,"mean":15.6021280289,"median":14.4770584106,"min":1.40537333488,"var":40.6876335144},"melbands_flatness_db":{"dmean":0.025409642607,"dmean2":0.0361875630915,"dvar":0.000710351392627,"dvar2":0.00140820781235,"max":0.591233253479,"mean":0.249666556716,"median":0.246441334486,"min":0.00241838302463,"var":0.0085562793538},"melbands_kurtosis":{"dmean":11.509510994,"dmean2":17.4043216705,"dvar":5678.39941406,"dvar2":11978.9892578,"max":5947.58056641,"mean":29.1441516876,"median":15.2991466522,"min":-1.91477334499,"var":13541.4667969},"melbands_skewness":{"dmean":0.748823583126,"dmean2":1.10570549965,"dvar":1.12982702255,"dvar2":2.21964335442,"max":69.9417419434,"mean":3.36775946617,"median":3.10845065117,"min":-1.84120249748,"var":6.93517065048},"melbands_spread":{"dmean":6.02002954483,"dmean2":8.76280498505,"dvar":206.036941528,"dvar2":396.96987915,"max":234.343704224,"mean":19.2327899933,"median":9.6795425415,"min":0.10715508461,"var":941.623291016},"mfcc":{"cov":[[15750.3964844,804.951660156,-489.560668945,619.174621582,-756.182250977,167.921234131,-227.375564575,310.164489746,-233.54548645,-117.531417847,-151.55519104,-53.6907844543,-258.467010498],[804.951660156,2266.24462891,-261.539459229,-96.1240997314,66.3903656006,-189.789550781,-153.552246094,-187.593475342,-110.76474762,-37.9343299866,19.6984081268,-116.984916687,-71.0585632324],[-489.560668945,-261.539459229,653.271484375,57.1436080933,93.2182235718,76.450378418,59.0378875732,40.6673202515,61.6123466492,-30.3841304779,-18.3341445923,67.3954849243,55.9574737549],[619.174621582,-96.1240997314,57.1436080933,384.740692139,77.1222763062,92.9648666382,-21.5403633118,37.0311431885,-14.6191968918,-13.7641687393,-31.567522049,49.8281326294,41.4242019653],[-756.182250977,66.3903656006,93.2182235718,77.1222763062,293.052947998,18.1953849792,-25.3846874237,-77.0061721802,17.2482948303,-14.919672966,20.1804141998,20.7724838257,33.7881584167],[167.921234131,-189.789550781,76.450378418,92.9648666382,18.1953849792,193.052688599,51.2768287659,59.1279754639,16.8895053864,13.114484787,1.81135821342,45.1799430847,8.94743061066],[-227.375564575,-153.552246094,59.0378875732,-21.5403633118,-25.3846874237,51.2768287659,170.041870117,74.6633224487,39.4591560364,-0.474018931389,6.1366891861,16.1246566772,19.4512958527],[310.164489746,-187.593475342,40.6673202515,37.0311431885,-77.0061721802,59.1279754639,74.6633224487,203.772735596,38.3051834106,5.20788049698,-3.86016559601,29.6187400818,8.34893226624],[-233.54548645,-110.76474762,61.6123466492,-14.6191968918,17.2482948303,16.8895053864,39.4591560364,38.3051834106,126.79511261,24.3458995819,16.7165813446,19.4412994385,8.0440568924],[-117.531417847,-37.9343299866,-30.3841304779,-13.7641687393,-14.919672966,13.114484787,-0.474018931389,5.20788049698,24.3458995819,129.706268311,39.4128227234,-5.66954660416,-0.0995152592659],[-151.55519104,19.6984081268,-18.3341445923,-31.567522049,20.1804141998,1.81135821342,6.1366891861,-3.86016559601,16.7165813446,39.4128227234,98.7337188721,21.2233600616,-8.50168228149],[-53.6907844543,-116.984916687,67.3954849243,49.8281326294,20.7724838257,45.1799430847,16.1246566772,29.6187400818,19.4412994385,-5.66954660416,21.2233600616,91.5492172241,35.9144363403],[-258.467010498,-71.0585632324,55.9574737549,41.4242019653,33.7881584167,8.94743061066,19.4512958527,8.34893226624,8.0440568924,-0.0995152592659,-8.50168228149,35.9144363403,87.2496109009]],"icov":[[0.0000975790608209,-0.0000456103734905,0.0000202949904633,-0.000207740813494,0.000282029795926,-0.0000909442460397,0.000132845540065,-0.0000895932244021,0.0000333875505021,0.0000961993864621,0.000003569717137,-0.00000280759536508,0.00021513478714],[-0.0000456103734905,0.000570514705032,0.000098627700936,0.000104139238829,-0.000282767607132,0.000322625855915,0.000121800578199,0.000202099909075,0.000218198183575,0.000140934687806,-0.000255419494351,0.000397710537072,0.0000382024300052],[0.0000202949904633,0.000098627700936,0.0019264977891,0.0000770701954025,-0.000512723170687,-0.000356534757884,-0.000231159254326,-0.000100404038676,-0.00058981688926,0.000380593788577,0.000599545717705,-0.000791394268163,-0.000396447780076],[-0.000207740813494,0.000104139238829,0.0000770701954025,0.00413431134075,-0.0016393144615,-0.00129008991644,0.000859396182932,-0.000778970017564,0.000647036067676,-0.000330424983986,0.00142509315629,-0.00114850967657,-0.00134122848976],[0.000282029795926,-0.000282767607132,-0.000512723170687,-0.0016393144615,0.00581437675282,-0.000982466386631,0.000799982517492,0.00200929213315,-0.00123723724391,0.001397677348,-0.00186676403973,0.000684369239025,-0.00115714222193],[-0.0000909442460397,0.000322625855915,-0.000356534757884,-0.00129008991644,-0.000982466386631,0.0079177711159,-0.00219328072853,-0.000846958486363,0.000674573821016,-0.00160942832008,0.000844717375003,-0.00301518035121,0.00223244423978],[0.000132845540065,0.000121800578199,-0.000231159254326,0.000859396182932,0.000799982517492,-0.00219328072853,0.00865334272385,-0.00235826801509,-0.00144123856444,0.00132277607918,-0.00115608936176,0.00159011059441,-0.00218821084127],[-0.0000895932244021,0.000202099909075,-0.000100404038676,-0.000778970017564,0.00200929213315,-0.000846958486363,-0.00235826801509,0.00772874429822,-0.00165717001073,0.000106785359094,0.0000852908706293,-0.00109677179717,0.0000410211905546],[0.0000333875505021,0.000218198183575,-0.00058981688926,0.000647036067676,-0.00123723724391,0.000674573821016,-0.00144123856444,-0.00165717001073,0.0101071344689,-0.00204652943648,-0.000128897067043,-0.00147763732821,0.000899036822375],[0.0000961993864621,0.000140934687806,0.000380593788577,-0.000330424983986,0.001397677348,-0.00160942832008,0.00132277607918,0.000106785359094,-0.00204652943648,0.0102261546999,-0.00487570883706,0.00333495927043,-0.00201629893854],[0.000003569717137,-0.000255419494351,0.000599545717705,0.00142509315629,-0.00186676403973,0.000844717375003,-0.00115608936176,0.0000852908706293,-0.000128897067043,-0.00487570883706,0.0149009292945,-0.00657518906519,0.00379212177359],[-0.00000280759536508,0.000397710537072,-0.000791394268163,-0.00114850967657,0.000684369239025,-0.00301518035121,0.00159011059441,-0.00109677179717,-0.00147763732821,0.00333495927043,-0.00657518906519,0.0188780259341,-0.00710832327604],[0.00021513478714,0.0000382024300052,-0.000396447780076,-0.00134122848976,-0.00115714222193,0.00223244423978,-0.00218821084127,0.0000410211905546,0.000899036822375,-0.00201629893854,0.00379212177359,-0.00710832327604,0.0169342402369]],"mean":[-700.73223877,136.631759644,5.34964847565,36.704158783,2.79457306862,8.21708488464,-9.13948059082,-2.83314967155,-9.67970371246,-3.64841341972,-3.74624371529,-2.48170804977,-3.69558525085]},"pitch_salience":{"dmean":0.060846850276,"dmean2":0.0958301797509,"dvar":0.00332401413471,"dvar2":0.00790012069046,"max":0.8448767066,"mean":0.5386916399,"median":0.550976514816,"min":0.00424854969606,"var":0.0171755887568},"silence_rate_20dB":{"dmean":0,"dmean2":0,"dvar":0,"dvar2":0,"max":1,"mean":1,"median":1,"min":1,"var":0},"silence_rate_30dB":{"dmean":0.000346680521034,"dmean2":0.000693481299095,"dvar":0.000346560031176,"dvar2":0.00103973958176,"max":1,"mean":0.999826669693,"median":1,"min":0,"var":0.000173290070961},"silence_rate_60dB":{"dmean":0.0176807064563,"dmean2":0.0353675447404,"dvar":0.0173682793975,"dvar2":0.0393181070685,"max":1,"mean":0.12166377902,"median":0,"min":0,"var":0.106861442327},"spectral_centroid":{"dmean":220.80921936,"dmean2":318.930511475,"dvar":145733.03125,"dvar2":241446.265625,"max":11950.8945312,"mean":1210.45739746,"median":720.389953613,"min":141.728759766,"var":3447242.25},"spectral_complexity":{"dmean":2.44860458374,"dmean2":3.70076274872,"dvar":7.45593166351,"dvar2":14.6719913483,"max":44,"mean":12.7467937469,"median":12,"min":0,"var":46.9588775635},"spectral_contrast_coeffs":{"dmean":[0.0470497831702,0.0400715880096,0.0344853587449,0.0282624214888,0.0233102887869,0.0211839824915],"dmean2":[0.0754902511835,0.0633928850293,0.0544265992939,0.0451428107917,0.036500390619,0.0318185687065],"dvar":[0.00156359770335,0.00126033776905,0.00084256118862,0.000574268051423,0.000477375229821,0.000508062017616],"dvar2":[0.00390271865763,0.00300743873231,0.00198535225354,0.00138512533158,0.00103333569132,0.00105528451968],"max":[-0.243085101247,-0.421707004309,-0.461496204138,-0.540993869305,-0.470349252224,-0.498782604933],"mean":[-0.582823872566,-0.684512078762,-0.754336118698,-0.778261482716,-0.789440095425,-0.740011870861],"median":[-0.573322415352,-0.681485652924,-0.758718490601,-0.779464662075,-0.791003346443,-0.729537129402],"min":[-0.981557011604,-0.982332408428,-0.979015111923,-0.975051045418,-0.969718933105,-0.965924024582],"var":[0.0134970955551,0.00848986022174,0.00611971365288,0.00392240937799,0.00329904234968,0.00465944316238]},"spectral_contrast_valleys":{"dmean":[0.381277650595,0.328399568796,0.313782453537,0.297633141279,0.308121263981,0.348726242781],"dmean2":[0.629788696766,0.53155362606,0.498835891485,0.461152404547,0.445339471102,0.452198624611],"dvar":[0.12624643743,0.109754055738,0.0953527837992,0.0973959863186,0.129696637392,0.140724375844],"dvar2":[0.267054826021,0.226329550147,0.188369110227,0.191427186131,0.256864577532,0.22168341279],"max":[-5.8656129837,-4.77317047119,-5.45532274246,-6.0711479187,-5.42607212067,-7.65882873535],"mean":[-8.07719612122,-7.75425767899,-8.68552684784,-8.9102678299,-8.75583457947,-11.6257133484],"median":[-7.28118228912,-7.03248786926,-7.94686412811,-8.1042881012,-7.86269617081,-10.9538726807],"min":[-28.2072582245,-28.3135147095,-27.8204860687,-27.7746868134,-27.512430191,-27.4793815613],"var":[12.3178739548,12.8596935272,11.8236255646,11.6871547699,12.2430105209,9.12458610535]},"spectral_decrease":{"dmean":1.46456791139e-9,"dmean2":2.1472792433e-9,"dvar":3.15240165126e-18,"dvar2":6.57565366793e-18,"max":3.15984771141e-20,"mean":-6.44323039367e-9,"median":-5.94907278995e-9,"min":-3.33791483342e-8,"var":2.40514343628e-17},"spectral_energy":{"dmean":0.00586563907564,"dmean2":0.00857024639845,"dvar":0.0000514009625476,"dvar2":0.000106756364403,"max":0.128936424851,"mean":0.0257758107036,"median":0.0239537879825,"min":1.0092801431e-20,"var":0.000383509148378},"spectral_energyband_high":{"dmean":0.000531751953531,"dmean2":0.000700499513187,"dvar":0.00000671271300234,"dvar2":0.0000113443256851,"max":0.101601719856,"mean":0.000820687913802,"median":0.000144448247738,"min":7.0014634998e-21,"var":0.0000184958989848},"spectral_energyband_low":{"dmean":0.00184440263547,"dmean2":0.00284763681702,"dvar":0.00000730333658794,"dvar2":0.0000167935941136,"max":0.0355896428227,"mean":0.00502436235547,"median":0.0033038360998,"min":1.63957450075e-23,"var":0.0000293967423204},"spectral_energyband_middle_high":{"dmean":0.000960493285675,"dmean2":0.00124951160979,"dvar":0.00000471916928291,"dvar2":0.00000819968408905,"max":0.0835566371679,"mean":0.0028816787526,"median":0.00131249113474,"min":1.16442947902e-21,"var":0.0000246191430051},"spectral_energyband_middle_low":{"dmean":0.00491572264582,"dmean2":0.00722035812214,"dvar":0.0000419914467784,"dvar2":0.0000891927120392,"max":0.125348567963,"mean":0.0181854683906,"median":0.0150724938139,"min":1.43437858955e-22,"var":0.000269401061814},"spectral_entropy":{"dmean":0.201352328062,"dmean2":0.28787112236,"dvar":0.0467729531229,"dvar2":0.0971028283238,"max":9.82841396332,"mean":7.17915153503,"median":7.1690158844,"min":5.05521774292,"var":0.560249209404},"spectral_flux":{"dmean":0.0173059720546,"dmean2":0.0273645054549,"dvar":0.000363802944776,"dvar2":0.000868916569743,"max":0.262994587421,"mean":0.0587558113039,"median":0.0531360767782,"min":6.27440183143e-11,"var":0.00150311528705},"spectral_kurtosis":{"dmean":2.95839977264,"dmean2":4.9925661087,"dvar":25.6229057312,"dvar2":70.5792999268,"max":80.1464385986,"mean":6.50936841965,"median":3.78367042542,"min":-1.27938997746,"var":82.028968811},"spectral_rms":{"dmean":0.000558237778023,"dmean2":0.000804411247373,"dvar":3.75891943349e-7,"dvar2":7.47121816858e-7,"max":0.0112156867981,"mean":0.0045173773542,"median":0.00483420584351,"min":3.13793479048e-12,"var":0.00000474042462884},"spectral_rolloff":{"dmean":327.824035645,"dmean2":534.073181152,"dvar":736122.3125,"dvar2":1438237.375,"max":19573.6816406,"mean":1441.60839844,"median":495.263671875,"min":21.533203125,"var":10694151},"spectral_skewness":{"dmean":0.326004743576,"dmean2":0.516742825508,"dvar":0.183141350746,"dvar2":0.471957474947,"max":7.2305893898,"mean":1.66351222992,"median":1.51012253761,"min":-0.391054540873,"var":0.97023075819},"spectral_spread":{"dmean":489554.53125,"dmean2":714602.625,"dvar":649662300160,"dvar2":1315393503230,"max":43262572,"mean":4962374,"median":3757485.5,"min":1066444,"var":40700150284300},"spectral_strongpeak":{"dmean":0.400759637356,"dmean2":0.660824537277,"dvar":0.969281435013,"dvar2":2.61000776291,"max":25.5372581482,"mean":0.993253529072,"median":0.640784621239,"min":0,"var":1.39506936073},"zerocrossingrate":{"dmean":0.0096371434629,"dmean2":0.0108474120498,"dvar":0.000254243001109,"dvar2":0.000320827908581,"max":0.53955078125,"mean":0.0551701113582,"median":0.03369140625,"min":0,"var":0.00723348557949}},"metadata":{"audio_properties":{"analysis_sample_rate":44100,"bit_rate":160031,"codec":"mp3","downmix":"mix","equal_loudness":0,"length":133.955917358,"lossless":false,"md5_encoded":"e22d729063332a839a1f78e53a9c511a","replay_gain":-10.5425376892,"sample_rate":44100},"tags":{"album":["The Columbia Studio Recordings 1964-1970"],"albumartist":["Simon & Garfunkel"],"albumartistsort":["Simon & Garfunkel"],"artist":["Simon & Garfunkel"],"artistsort":["Simon & Garfunkel"],"asin":["B00005NKKU"],"barcode":["074646381526"],"catalognumber":["C5K 63815"],"date":["2001-08-21"],"discnumber":["3/5"],"encodedby":["Media Center 12.0.529"],"encoding":["MediaMonkey 3.0.7"],"file_name":"3-08 Flowers Never Bend With the Rainfall.mp3","genre":["Rock"],"isrc":["USSM16600257","USSM16601263"],"label":["Columbia","Legacy"],"language":["eng"],"media":["CD"],"musicbrainz album release country":["US"],"musicbrainz album status":["official"],"musicbrainz album type":["other","compilation"],"musicbrainz_albumartistid":["5d02f264-e225-41ff-83f7-d9b1f0b1874a"],"musicbrainz_albumid":["40614a68-7938-4cab-9db5-149152184457"],"musicbrainz_artistid":["5d02f264-e225-41ff-83f7-d9b1f0b1874a"],"musicbrainz_recordingid":["5bdcb1c2-6a76-47de-ad87-253e0abcb5d7"],"musicbrainz_releasegroupid":["40b1e91f-3cd2-469a-bc7c-cacac4bb928d"],"originaldate":["2001-08-21"],"originalyear":["2001"],"script":["Latn"],"title":["Flowers Never Bend With the Rainfall"],"tracknumber":["8/14"]},"version":{"essentia":"2.1-beta2","essentia_build_sha":"70f2e5ece6736b2c40cc944ad0e695b16b925413","essentia_git_sha":"v2.1_beta2","extractor":"music 1.0"}},"rhythm":{"beats_count":239,"beats_loudness":{"dmean":0.016325108707,"dmean2":0.0279769860208,"dvar":0.00023740013421,"dvar2":0.000655167386867,"max":0.0982748121023,"mean":0.0303319673985,"median":0.028478294611,"