{"lowlevel":{"average_loudness":0.888055384159,"barkbands":{"dmean":[0.000149773972225,0.00336175574921,0.00292124180123,0.00359173398465,0.00236500194296,0.00109758309554,0.00100283848587,0.000415711227106,0.000936170632485,0.000909650232643,0.00037666852586,0.000263966881903,0.000289419898763,0.000178507165401,0.000196730456082,0.00015182478819,0.000176906120032,0.0000989625841612,0.000102172132756,0.000112292618724,0.0000940174068091,0.0000721013420844,0.0000482413670397,0.0000347073328157,0.0000369535337086,0.0000215727395698,8.16083058908e-7],"dmean2":[0.000232096252148,0.00528210029006,0.00479290029034,0.00594485504553,0.00390899274498,0.00173513172194,0.0015832450008,0.000640482467134,0.00138862547465,0.00131234910805,0.000559024745598,0.000402853765991,0.00042800992378,0.000266438670224,0.000308072310872,0.000232257618336,0.00027766788844,0.000158239534358,0.000154497553012,0.000174404369318,0.000140743111842,0.000103681290057,0.0000710072490619,0.0000500646383443,0.0000523880298715,0.0000338008467224,0.00000124381881506],"dvar":[7.96756367549e-8,0.0000857917111716,0.0000325346190948,0.0000460555384052,0.0000187895457202,0.0000049056111493,0.00000420791639044,0.00000110632413453,0.00000358614829565,0.00000720981006452,0.00000210233361031,0.00000119142885069,0.00000177249478384,1.8388256251e-7,2.142716653e-7,1.08932397325e-7,1.10277923682e-7,3.89604082329e-8,2.6918636209e-8,2.85927281851e-8,3.69904995523e-8,2.02199998967e-8,1.07608775224e-8,9.49720480037e-9,6.7827077288e-9,3.50210149769e-9,6.15945315585e-12],"dvar2":[2.0010729429e-7,0.000202888710191,0.0000848222989589,0.000121952492918,0.0000503654191562,0.0000119868082038,0.0000100787237898,0.00000243786553256,0.00000787668432167,0.000014340414964,0.00000478213905808,0.00000276129753729,0.00000320899812323,3.83743042676e-7,5.15874091889e-7,2.51896381087e-7,2.73820006669e-7,1.02670995261e-7,6.10083930042e-8,6.80430005673e-8,8.09947664493e-8,4.23597796839e-8,2.31558061614e-8,2.08233590371e-8,1.38303981601e-8,8.98078678091e-9,1.49043243025e-11],"max":[0.00257426849566,0.121375262737,0.0820912718773,0.121873490512,0.0757381394506,0.0426759123802,0.0435226261616,0.0473781712353,0.0581916160882,0.0653245970607,0.0528092086315,0.0371820516884,0.0824406668544,0.0139336641878,0.01189205423,0.0109598292038,0.00823005940765,0.00525947986171,0.0036912704818,0.00441585388035,0.00596814602613,0.0056067830883,0.00366798834875,0.00411586975679,0.00367912161164,0.0011673955014,0.0000954376228037],"mean":[0.000164702709299,0.00375744258054,0.00483059650287,0.00623479951173,0.00434703845531,0.00235026865266,0.00151065888349,0.000637689314317,0.0016744332388,0.00134724378586,0.000595367862843,0.00038327916991,0.000414465292124,0.000293478078675,0.000310798059218,0.000264634465566,0.000317771016853,0.000189195299754,0.000215270163608,0.00026420672657,0.000219226960326,0.000161394782481,0.000107307947474,0.0000793735525804,0.000069787769462,0.0000272589677479,0.00000112669022201],"median":[0.0000306850743073,0.000490738602821,0.00139897176996,0.00285494141281,0.00239863083698,0.000930674257688,0.000614755961578,0.000170414481545,0.000668525346555,0.000265599373961,0.0000768942263676,0.0000581406093261,0.0000722954137018,0.0000975126968115,0.0001060358627,0.00009453635721,0.000131865905132,0.0000936724827625,0.000118383497465,0.000159865536261,0.000102493911982,0.000060645310441,0.0000343661486113,0.00002398624747,0.0000210583966691,0.00000430598993262,1.37948944712e-7],"min":[3.14539729262e-17,4.40325048372e-17,2.4944174002e-17,2.01312087186e-17,2.76326135632e-17,4.54928574671e-18,3.18555753175e-18,1.90837614895e-17,5.01691328086e-17,3.87140809143e-17,7.48506885467e-18,2.04435057958e-17,8.9296866895e-17,6.36111883395e-17,2.24738255724e-17,9.00222712049e-17,2.78962558768e-17,1.04789523017e-16,1.12813856555e-16,1.31049125951e-16,1.45838757961e-16,2.69608919515e-16,2.84577421061e-16,4.05620520336e-16,9.40033670852e-16,3.47381785372e-15,1.39755245679e-13],"var":[9.76486589366e-8,0.0000884486871655,0.0000555619990337,0.0000792831197032,0.0000326452136505,0.0000131800106828,0.00000660412661091,0.00000249631511906,0.00000883324628376,0.0000124619946291,0.00000425662574344,0.00000218841887545,0.00000311571557177,4.53361479913e-7,4.35323357806e-7,2.72689391068e-7,2.88136931204e-7,9.2396362561e-8,8.23088015522e-8,1.11771335298e-7,1.27520351612e-7,6.79982008478e-8,3.48167397135e-8,2.43049260717e-8,1.73658598612e-8,3.88291487852e-9,8.9850982557e-12]},"barkbands_crest":{"dmean":2.31902647018,"dmean2":3.72645139694,"dvar":5.01042175293,"dvar2":12.4132738113,"max":26.9293651581,"mean":10.0311861038,"median":9.15113353729,"min":2.53610372543,"var":18.5765705109},"barkbands_flatness_db":{"dmean":0.0220976714045,"dmean2":0.032051358372,"dvar":0.00049456715351,"dvar2":0.00099277344998,"max":0.512279927731,"mean":0.155319899321,"median":0.142558515072,"min":0.0259747803211,"var":0.00473253009841},"barkbands_kurtosis":{"dmean":6.42942476273,"dmean2":10.2024965286,"dvar":1175.45129395,"dvar2":3025.70288086,"max":2167.68432617,"mean":17.838142395,"median":2.86654782295,"min":-1.97734940052,"var":12776.3710938},"barkbands_skewness":{"dmean":0.63427734375,"dmean2":0.943488419056,"dvar":0.624049127102,"dvar2":1.38803124428,"max":15.1667861938,"mean":1.31943082809,"median":1.60543203354,"min":-44.8914070129,"var":14.5962352753},"barkbands_spread":{"dmean":5.14702606201,"dmean2":7.76132917404,"dvar":40.1559753418,"dvar2":85.0436248779,"max":154.416015625,"mean":19.5967674255,"median":17.4523544312,"min":0.214856609702,"var":172.186935425},"dissonance":{"dmean":0.0206413101405,"dmean2":0.0339065305889,"dvar":0.000535187020432,"dvar2":0.00141102494672,"max":0.500000119209,"mean":0.456963598728,"median":0.466825902462,"min":0.0775455608964,"var":0.00146408856381},"dynamic_complexity":4.28211736679,"erbbands":{"dmean":[0.057848688215,0.903102695942,2.94821119308,8.36204242706,9.62074756622,7.23066282272,8.17130088806,8.69563865662,12.3582248688,14.1654577255,10.7931213379,21.6822414398,21.1412315369,26.4865493774,13.7110891342,12.0019273758,12.6948595047,9.19894695282,9.46915817261,8.84858989716,9.24730396271,8.114569664,5.93039131165,4.14659881592,6.11405420303,5.58978128433,3.76369786263,3.29746794701,2.63030648232,2.23165845871,1.2582398653,0.83590054512,0.531191766262,0.430699259043,0.260006099939,0.140335932374,0.0282471831888,0.00205488107167,0.000157098344062,0.0000173675634869],"dmean2":[0.084620937705,1.4460747242,4.77516555786,13.7780942917,15.9412736893,11.7632427216,13.039308548,13.7943086624,19.1030273438,23.0563411713,15.9550514221,32.1240615845,31.0040073395,37.8504333496,20.0827350616,17.8181209564,18.60638237,13.8030004501,14.3576822281,13.8802490234,14.1756620407,12.4765930176,9.44181346893,6.38980722427,9.39486026764,8.72345352173,5.72824001312,4.83712768555,3.81843328476,3.23650789261,1.85309350491,1.21537947655,0.773741364479,0.616656422615,0.373656630516,0.217240184546,0.0445384904742,0.00309261539951,0.000236483858316,0.000024910299544],"dvar":[0.0222620815039,6.23751354218,38.1624069214,244.942565918,301.887084961,194.526596069,353.464019775,303.249145508,582.879699707,1161.76330566,554.597106934,1962.24645996,3491.07299805,8433.97070312,3358.77734375,2539.04907227,3735.46459961,569.585510254,652.172668457,530.181884766,355.615722656,248.678375244,138.541717529,45.2526741028,101.44594574,72.7402267456,60.990562439,42.5883598328,26.0303382874,20.7814426422,8.55333900452,5.55871391296,2.15639448166,1.02015972137,0.342880487442,0.145205110312,0.00593517022207,0.0000264221980615,2.02543517958e-7,9.54531009789e-10],"dvar2":[0.0449350662529,15.133597374,97.113822937,648.925048828,813.758850098,493.67980957,859.14666748,738.634765625,1308.19836426,2937.28466797,1200.41003418,4335.34326172,7094.20263672,16631.4082031,7786.15234375,5651.22021484,6661.66015625,1275.06750488,1465.83984375,1295.78369141,822.527770996,603.717590332,370.535247803,104.743774414,233.722015381,175.524002075,142.713058472,87.9517211914,55.7971191406,43.6010055542,18.5181465149,12.304473877,4.72644329071,2.02667474747,0.745393753052,0.37105691433,0.0150238629431,0.0000613725351286,4.87243198677e-7,2.06094408206e-9],"max":[1.98079824448,33.0557823181,75.0879058838,347.298065186,304.064971924,253.744033813,378.820831299,364.453186035,686.564941406,705.117858887,894.255859375,1226.50976562,2425.20483398,2263.20654297,2819.65136719,1902.53601074,3906.93359375,1061.20092773,1183.07592773,1008.0380249,691.437011719,396.087860107,270.712280273,186.655471802,276.907623291,257.476226807,283.672363281,230.171600342,173.080108643,170.769729614,112.794494629,95.5403747559,64.538192749,46.6787986755,21.0857028961,7.44746494293,1.73815727234,0.0990518853068,0.0174071397632,0.00113228824921],"mean":[0.0637109279633,1.0511431694,5.01872253418,14.42045784,17.0312786102,14.2021284103,17.4360694885,18.1457328796,21.1322078705,18.8968734741,19.1844978333,39.3700370789,33.7554969788,40.7247467041,22.7403488159,18.5187911987,19.0728302002,15.3866252899,16.171628952,14.5556755066,17.2467708588,16.2311382294,12.0159330368,8.78785228729,13.692896843,13.0309381485,8.93920040131,7.58547115326,5.86032152176,4.94614458084,2.79144644737,1.89105296135,1.15951371193,0.851544678211,0.448625415564,0.186445191503,0.0356781035662,0.00290583400056,0.000230824633036,0.0000459848888568],"median":[0.00696763722226,0.163836240768,1.40165829659,7.44276618958,9.80975532532,6.73805999756,6.90705394745,7.74631690979,9.74897575378,6.73980331421,8.10849189758,16.2578811646,9.82409477234,7.49191808701,4.05456876755,3.65304708481,3.60878705978,5.29682159424,5.98390626907,4.79109096527,7.26283168793,7.20428562164,5.99144697189,5.06132888794,7.7761592865,7.93515586853,4.44877815247,3.54695558548,2.27870368958,1.74586057663,0.853588283062,0.540566444397,0.364813864231,0.272302567959,0.121065914631,0.0342630036175,0.00511104380712,0.000401932222303,0.0000461319468741,0.0000344580003002],"min":[1.65530100816e-15,8.71216330821e-15,2.63572648272e-14,5.35494500305e-14,8.15750190921e-14,9.29537683262e-14,7.15003753361e-14,2.63756488303e-14,1.97318120773e-14,1.69569057146e-13,5.698574208e-13,1.10856332794e-12,1.3437409822e-12,8.55670894383e-13,2.21174234526e-13,1.1968260584e-12,3.82709575836e-12,4.01962230862e-12,1.25967357205e-12,3.05156052337e-12,4.20311528637e-12,1.96940207198e-12,6.17445330975e-12,2.99219394921e-12,6.59020451058e-12,6.1397050638e-12,5.60900371288e-12,7.17188504765e-12,9.5807580619e-12,8.86927684074e-12,9.24637363203e-12,7.65081661219e-12,7.97258006141e-12,8.91739026371e-12,6.92096857255e-12,5.90597015737e-12,7.34787578005e-12,8.29817898423e-12,1.21781707982e-11,3.45934934344e-12],"var":[0.0279637183994,6.24126768112,64.1680526733,398.424926758,474.562561035,432.444396973,888.159484863,820.93170166,1151.28198242,1478.1920166,1271.43713379,4697.73486328,6518.79589844,14696.4648438,5158.57275391,4739.48925781,6544.97998047,1224.02966309,1434.61779785,1179.05908203,939.313598633,751.973693848,360.89175415,131.006942749,323.158813477,268.501739502,193.94883728,141.622512817,86.997718811,67.1259155273,26.486240387,14.9021720886,5.03364658356,2.61052274704,0.77180069685,0.169850334525,0.00699251703918,0.0000443600220024,3.08515694769e-7,2.14034812096e-9]},"erbbands_crest":{"dmean":2.73470377922,"dmean2":4.30369138718,"dvar":8.20128440857,"dvar2":17.8966121674,"max":32.6321029663,"mean":9.78101730347,"median":8.2253112793,"min":2.47998833656,"var":28.9158821106},"erbbands_flatness_db":{"dmean":0.0177412610501,"dmean2":0.0245963763446,"dvar":0.000343748455634,"dvar2":0.000619315018412,"max":0.448281168938,"mean":0.170246675611,"median":0.158337667584,"min":0.0216125678271,"var":0.00353298569098},"erbbands_kurtosis":{"dmean":1.22993052006,"dmean2":1.8694473505,"dvar":7.81585025787,"dvar2":18.0433959961,"max":113.036155701,"mean":0.89281141758,"median":-0.217226564884,"min":-1.90456104279,"var":17.736536026},"erbbands_skewness":{"dmean":0.379267752171,"dmean2":0.567993760109,"dvar":0.14668944478,"dvar2":0.316645860672,"max":8.85966300964,"mean":0.390281885862,"median":0.370377779007,"min":-3.11133694649,"var":0.852860152721},"erbbands_spread":{"dmean":8.90798377991,"dmean2":12.9536848068,"dvar":85.2439498901,"dvar2":173.003814697,"max":164.810424805,"mean":43.4209632874,"median":40.2197418213,"min":0.84531390667,"var":544.825805664},"gfcc":{"cov":[[22619.9667969,1373.09887695,-752.551391602,1534.42944336,-1342.71154785,558.011352539,-1053.21398926,467.99118042,-1008.62884521,439.388946533,-629.453125,348.373046875,-405.869445801],[1373.09887695,1807.05786133,-280.47958374,-33.6196517944,103.199485779,-260.491241455,84.8599014282,-100.204849243,18.5832443237,-98.812538147,22.3070411682,-175.413696289,118.781532288],[-752.551391602,-280.47958374,1720.79187012,37.7220916748,289.014068604,316.408325195,-39.9885292053,104.947097778,-32.5785217285,135.559463501,1.8752720356,230.090591431,-90.4437103271],[1534.42944336,-33.6196517944,37.7220916748,609.712402344,-64.3936157227,-20.032781601,-103.062698364,26.2732620239,-31.0185451508,22.0410728455,-15.9590082169,-20.507314682,-1.09961938858],[-1342.71154785,103.199485779,289.014068604,-64.3936157227,385.764038086,24.4326229095,69.2435760498,15.5628871918,71.2313232422,-4.67158937454,22.987121582,-7.11411237717,25.5596027374],[558.011352539,-260.491241455,316.408325195,-20.032781601,24.4326229095,397.178253174,22.6950836182,82.9209060669,-39.4230880737,36.0462493896,-9.46538257599,87.3714294434,-67.5236053467],[-1053.21398926,84.8599014282,-39.9885292053,-103.062698364,69.2435760498,22.6950836182,247.84513855,13.7357311249,49.6759872437,-32.4541778564,38.2356681824,-38.9280090332,30.9110469818],[467.99118042,-100.204849243,104.947097778,26.2732620239,15.5628871918,82.9209060669,13.7357311249,156.206359863,-3.08302402496,35.9145774841,-34.2624511719,29.6781253815,-27.515039444],[-1008.62884521,18.5832443237,-32.5785217285,-31.0185451508,71.2313232422,-39.4230880737,49.6759872437,-3.08302402496,167.204376221,-0.985002756119,33.8191223145,-58.5158042908,29.6480693817],[439.388946533,-98.812538147,135.559463501,22.0410728455,-4.67158937454,36.0462493896,-32.4541778564,35.9145774841,-0.985002756119,126.224494934,-5.23738241196,36.9624252319,-34.3420906067],[-629.453125,22.3070411682,1.8752720356,-15.9590082169,22.987121582,-9.46538257599,38.2356681824,-34.2624511719,33.8191223145,-5.23738241196,123.409606934,15.874584198,10.6184177399],[348.373046875,-175.413696289,230.090591431,-20.507314682,-7.11411237717,87.3714294434,-38.9280090332,29.6781253815,-58.5158042908,36.9624252319,15.874584198,155.703948975,-11.7725887299],[-405.869445801,118.781532288,-90.4437103271,-1.09961938858,25.5596027374,-67.5236053467,30.9110469818,-27.515039444,29.6480693817,-34.3420906067,10.6184177399,-11.7725887299,130.562408447]],"icov":[[0.000360467209248,-0.000644548039418,0.000397197814891,-0.000690794724505,0.000664481252898,-0.000728546176106,0.000762881012633,-0.000633790215943,0.000840232416522,-0.000972270092461,0.00107682554517,-0.000982826575637,0.000532493635546],[-0.000644548039418,0.00187538785394,-0.000756274210289,0.00129925343208,-0.00137897161767,0.0015910146758,-0.00142905546818,0.00117675447837,-0.000976462324616,0.0018378078239,-0.00216685608029,0.00261606206186,-0.00142640981358],[0.000397197814891,-0.000756274210289,0.00146755645983,-0.00096221070271,-0.0000831522702356,-0.00122568174265,0.000851469463669,-0.00055607984541,0.000709308194928,-0.00157792435493,0.00148189335596,-0.00246181269176,0.00107627816033],[-0.000690794724505,0.00129925343208,-0.00096221070271,0.00326020387001,-0.000967151951045,0.00145842810161,-0.000546548631974,0.000513703562319,-0.00104997924063,0.00167866144329,-0.00262106722221,0.00311563420109,-0.00161320657935],[0.000664481252898,-0.00137897161767,-0.0000831522702356,-0.000967151951045,0.00490922434255,-0.0013216183288,0.000949740700889,-0.00152827519923,0.000399495474994,-0.00136349047534,0.00173959915992,-0.00122629769612,0.000361518672435],[-0.000728546176106,0.0015910146758,-0.00122568174265,0.00145842810161,-0.0013216183288,0.00523471971974,-0.00233402452432,0.000168108177604,-0.0012919374276,0.00230642687529,-0.00207000179216,0.00100281147752,0.00016380957095],[0.000762881012633,-0.00142905546818,0.000851469463669,-0.000546548631974,0.000949740700889,-0.00233402452432,0.00727857276797,-0.0028395652771,0.0016136203194,-0.00121619470883,0.00019597314531,-0.0000704150443198,-0.000166422745679],[-0.000633790215943,0.00117675447837,-0.00055607984541,0.000513703562319,-0.00152827519923,0.000168108177604,-0.0028395652771,0.00995654147118,-0.00266165332869,0.000153855464305,0.00132341496646,-0.000291847070912,0.000245923351031],[0.000840232416522,-0.000976462324616,0.000709308194928,-0.00104997924063,0.000399495474994,-0.0012919374276,0.0016136203194,-0.00266165332869,0.0112662557513,-0.00366131751798,-0.000589883478824,0.00257918075658,-0.000947332009673],[-0.000972270092461,0.0018378078239,-0.00157792435493,0.00167866144329,-0.00136349047534,0.00230642687529,-0.00121619470883,0.000153855464305,-0.00366131751798,0.0127763627097,-0.00283137639053,0.00102792924736,0.000521743204445],[0.00107682554517,-0.00216685608029,0.00148189335596,-0.00262106722221,0.00173959915992,-0.00207000179216,0.00019597314531,0.00132341496646,-0.000589883478824,-0.00283137639053,0.0141733428463,-0.00713530415669,0.00273778266273],[-0.000982826575637,0.00261606206186,-0.00246181269176,0.00311563420109,-0.00122629769612,0.00100281147752,-0.0000704150443198,-0.000291847070912,0.00257918075658,0.00102792924736,-0.00713530415669,0.0161350481212,-0.00468063214794],[0.000532493635546,-0.00142640981358,0.00107627816033,-0.00161320657935,0.000361518672435,0.00016380957095,-0.000166422745679,0.000245923351031,-0.000947332009673,0.000521743204445,0.00273778266273,-0.00468063214794,0.0111569985747]],"mean":[-32.7943191528,95.4857177734,-116.541160583,37.1753768921,-67.8147964478,3.46010994911,-37.1992301941,3.27563047409,-26.6931419373,-5.9230966568,-23.8758506775,-10.7890901566,-9.82832431793]},"hfc":{"dmean":4.95434951782,"dmean2":6.56544303894,"dvar":41.6530227661,"dvar2":72.7588806152,"max":168.398406982,"mean":17.8284854889,"median":14.2713365555,"min":3.33169691835e-9,"var":210.245986938},"melbands":{"dmean":[0.000751822604798,0.00140802341048,0.00141855305992,0.000589562405366,0.000278731982689,0.000199828777113,0.000192765146494,0.000138010844239,0.000107435975224,0.000132139684865,0.000107297782961,0.000113325040729,0.0000506834658154,0.0000308395028696,0.0000339841863024,0.0000234696908592,0.0000176664725586,0.0000163897166203,0.0000117469353427,0.0000107554224087,0.0000124166226669,0.00000879244089447,0.00000899505357665,0.00000440912981503,0.00000349629431184,0.00000440482199338,0.00000477186449643,0.00000395234337702,0.00000221089067054,0.0000031385368402,0.00000176828189069,0.00000156394821715,0.00000158911461767,0.00000124080838759,7.88078011738e-7,6.46872877041e-7,5.08328184878e-7,3.91885521367e-7,3.93564619117e-7,3.75708367528e-7],"dmean2":[0.00114415434655,0.00223904429004,0.00232160487212,0.000977331888862,0.000443145167083,0.000315213459544,0.000298669852782,0.00022379613074,0.000157801536261,0.000196411259822,0.000157536764164,0.000162419237313,0.0000746161967982,0.0000463832839159,0.0000503168375872,0.0000351814232999,0.0000267038667516,0.0000249800341408,0.0000182519179361,0.0000170305975189,0.0000191919953068,0.0000134919246193,0.0000145178328239,0.00000716509475751,0.00000546839601157,0.00000678054720993,0.00000747180456528,0.0000062391791289,0.00000343948136106,0.0000049055170166,0.00000261033369497,0.00000234612798522,0.00000237624158217,0.0000018578016352,0.00000120035565487,9.62114995673e-7,7.65399136071e-7,5.86932628721e-7,5.74413945742e-7,5.45355646864e-7],"dvar":[0.00000407412790082,0.00000965579874901,0.00000640529788143,0.00000112600469038,3.67987411209e-7,1.53981460471e-7,1.40518608305e-7,1.06600765548e-7,4.58133087022e-8,7.4060729105e-8,8.89679228067e-8,1.610940501e-7,3.52653835023e-8,1.69397580407e-8,2.2028245894e-8,8.79231354389e-9,1.98146632435e-9,2.2060473448e-9,8.57771575991e-10,7.4017425522e-10,6.86281476092e-10,3.52363582756e-10,3.16838888459e-10,6.18443837808e-11,3.56063130369e-11,5.68071006901e-11,5.89303605913e-11,4.20589708894e-11,1.89473020606e-11,4.95316600235e-11,1.06936447544e-11,9.27741911072e-12,1.12210327835e-11,6.41616274e-12,3.04342857339e-12,3.19770403732e-12,2.14134634503e-12,1.24036295557e-12,9.51300995443e-13,7.68296938656e-13],"dvar2":[0.00000910230664886,0.0000234118233493,0.0000167426842381,0.00000305571984427,8.96116830518e-7,3.74185560759e-7,3.19033631513e-7,2.65811621603e-7,9.90360362607e-8,1.63719150237e-7,1.80601048783e-7,3.1596019312e-7,7.91537999589e-8,3.81598326271e-8,4.29808508784e-8,1.87433002452e-8,4.36077796095e-9,4.96414021001e-9,2.02742778121e-9,1.85308823841e-9,1.60085389389e-9,8.49096348787e-10,8.39388614171e-10,1.5933020181e-10,8.42539996104e-11,1.34004571328e-10,1.44197834229e-10,1.04768249631e-10,4.54462995014e-11,1.13686678127e-10,2.28329421342e-11,2.10713755472e-11,2.55061041732e-11,1.40357621359e-11,7.02726505458e-12,7.10253644093e-12,4.95362301525e-12,2.82460426576e-12,2.05809132757e-12,1.55309391649e-12],"max":[0.0246191322803,0.0370458886027,0.0491282641888,0.0198490992188,0.0110731488094,0.00713514396921,0.0103123672307,0.00682482030243,0.0059466464445,0.00790985953063,0.0123037546873,0.00991304311901,0.00726755801588,0.00409545283765,0.00822497997433,0.00464798882604,0.00171765789855,0.00237224274315,0.000919722253457,0.00110218778718,0.000782571907621,0.000534680730198,0.000468482990982,0.00018975175044,0.000170890620211,0.000170610510395,0.000193561412743,0.000210232392419,0.000127056890051,0.000253181584412,0.000143050929182,0.000113175876322,0.000124651487567,0.0000796047388576,0.0000605509158049,0.000061747712607,0.000059481280914,0.0000464935183118,0.0000365714331565,0.0000410575776186],"mean":[0.000828943098895,0.00221213605255,0.00264762761071,0.00109718600288,0.000618957274128,0.000420506316004,0.000321660423651,0.000184548844118,0.00019007823721,0.000236610721913,0.000166196376085,0.000170499959495,0.0000828297197586,0.0000456013149233,0.0000506117612531,0.0000333333955496,0.0000284114612441,0.0000267775430984,0.0000187776313396,0.0000172978907358,0.0000217548131332,0.0000166267109307,0.0000155859252118,0.00000830050157674,0.00000654125778965,0.00000883518896444,0.0000105674525912,0.00000824330163596,0.0000047238731895,0.00000644246574666,0.0000037108518427,0.00000322058917845,0.00000323586709783,0.00000254971405411,0.00000160924571446,0.00000133661421842,0.00000108185633962,8.09684649994e-7,7.56930546686e-7,7.03937757862e-7],"median":[0.000106877610961,0.000567034468986,0.00146253220737,0.000660921214148,0.000271855096798,0.000178142014192,0.000145837620948,0.0000612980438746,0.0000810402489151,0.0000963266356848,0.0000423365345341,0.0000282443616015,0.0000118826446851,0.00000751765355744,0.00000869597715791,0.00000659200213704,0.00000912065297598,0.00000881402502273,0.0000065914600782,0.00000546440742255,0.00000829346572573,0.00000701047019902,0.00000581598305871,0.00000441720203526,0.00000329404247168,0.00000460415412817,0.00000581687845624,0.00000463235573989,0.00000239464634433,0.00000258478758042,0.00000184486339094,0.0000012176222981,0.00000116675585105,9.06057778138e-7,5.07933918925e-7,3.29752083417e-7,3.07831101054e-7,2.3650866865e-7,2.38269564079e-7,2.15806437609e-7],"min":[1.50281611206e-17,1.32557819016e-17,1.01650215428e-17,6.47978219416e-18,2.86070633441e-18,6.13309032672e-19,3.7603191207e-19,2.26306503312e-18,5.17770312987e-18,7.26091697074e-18,6.72156212413e-18,3.6884314386e-18,7.75109489595e-19,1.43284587598e-18,5.89467143838e-18,9.45367434012e-18,7.22338199608e-18,2.06348496287e-18,2.10247019193e-18,6.05968156287e-18,4.4417766689e-18,1.14060617089e-18,5.110533169e-18,4.87756726205e-18,1.69347487396e-18,5.77777137908e-18,2.52344308518e-18,4.99067511183e-18,3.56367812656e-18,4.81366962768e-18,3.25031088446e-18,6.25882529535e-18,4.15746600697e-18,4.4870069048e-18,5.86232826284e-18,4.50064008206e-18,4.72104690577e-18,4.88619765097e-18,7.13489269569e-18,7.29102386349e-18],"var":[0.00000451933965451,0.0000139902240335,0.0000117194358609,0.00000189435354514,9.34276954467e-7,4.18969875682e-7,2.68400526693e-7,1.50646826569e-7,1.04502476006e-7,1.79082618956e-7,1.65924134876e-7,2.77152707895e-7,7.26367801462e-8,2.77291469786e-8,4.21322390309e-8,1.45192045053e-8,4.21062917866e-9,4.79377337825e-9,1.82021042683e-9,1.63849711576e-9,1.63899849248e-9,9.58631840575e-10,7.48040962506e-10,1.43327030799e-10,8.99088234418e-11,1.52677426257e-10,1.95824120808e-10,1.27784977044e-10,4.99040739288e-11,1.44884229614e-10,3.00567903899e-11,2.7076398415e-11,3.24677021379e-11,1.80744134937e-11,8.18575762729e-12,8.74427006498e-12,4.99075000077e-12,2.6974347235e-12,2.1593779282e-12,1.88861556602e-12]},"melbands_crest":{"dmean":3.09764695168,"dmean2":5.02042341232,"dvar":8.7038898468,"dvar2":22.4846477509,"max":34.0368995667,"mean":14.1680727005,"median":13.636713028,"min":2.69087290764,"var":26.6265220642},"melbands_flatness_db":{"dmean":0.0263378117234,"dmean2":0.0378130301833,"dvar":0.000732209242415,"dvar2":0.00146287807729,"max":0.665016531944,"mean":0.211329564452,"median":0.202741011977,"min":0.0173079036176,"var":0.00606987020001},"melbands_kurtosis":{"dmean":8.82312679291,"dmean2":13.5419616699,"dvar":220.523666382,"dvar2":516.911254883,"max":304.132476807,"mean":17.2124462128,"median":9.51114177704,"min":-1.76562297344,"var":550.895812988},"melbands_skewness":{"dmean":0.817120075226,"dmean2":1.20672118664,"dvar":0.745321691036,"dvar2":1.63464260101,"max":14.3078918457,"mean":2.86697530746,"median":2.61668848991,"min":-2.86092352867,"var":3.79919481277},"melbands_spread":{"dmean":6.63811969757,"dmean2":9.98757553101,"dvar":91.8977966309,"dvar2":183.831466675,"max":198.898193359,"mean":23.8702888489,"median":16.7272605896,"min":0.522411227226,"var":665.367736816},"mfcc":{"cov":[[10409.2294922,-52.1834144592,666.16204834,352.958953857,193.859283447,182.017822266,7.91651248932,142.864120483,-97.0967941284,-171.762481689,40.1544380188,-49.0842933655,112.531776428],[-52.1834144592,1726.09924316,-83.3326873779,47.2374305725,51.2067527771,-45.4497451782,45.4305076599,-43.5143508911,57.8689155579,7.14432477951,-7.05949401855,-45.02709198,-28.8128070831],[666.16204834,-83.3326873779,1083.73352051,80.729057312,253.082580566,197.512252808,91.0871047974,102.140052795,-13.5456295013,-57.8299484253,72.8341903687,51.0600318909,87.5345611572],[352.958953857,47.2374305725,80.729057312,488.26385498,103.848701477,-44.7067832947,-17.4857120514,-62.0151100159,36.7307319641,19.794839859,-68.3738632202,24.0486660004,31.8620586395],[193.859283447,51.2067527771,253.082580566,103.848701477,329.653625488,84.039390564,12.1170768738,31.793176651,20.3861465454,1.44711053371,33.8650550842,11.1385622025,42.4256591797],[182.017822266,-45.4497451782,197.512252808,-44.7067832947,84.039390564,198.443466187,69.0713195801,50.7988319397,0.278421461582,5.36696147919,40.5168304443,6.78190374374,8.56977081299],[7.91651248932,45.4305076599,91.0871047974,-17.4857120514,12.1170768738,69.0713195801,173.068313599,78.5342559814,15.1698770523,-0.136444687843,26.2182922363,14.2304639816,7.6389336586],[142.864120483,-43.5143508911,102.140052795,-62.0151100159,31.793176651,50.7988319397,78.5342559814,157.217376709,25.4850559235,-4.7133398056,28.4704055786,4.90671253204,5.34747743607],[-97.0967941284,57.8689155579,-13.5456295013,36.7307319641,20.3861465454,0.278421461582,15.1698770523,25.4850559235,140.959960938,67.0698699951,-11.4115390778,-32.1655807495,-2.82874369621],[-171.762481689,7.14432477951,-57.8299484253,19.794839859,1.44711053371,5.36696147919,-0.136444687843,-4.7133398056,67.0698699951,125.446868896,25.798789978,-7.82475233078,-22.4078998566],[40.1544380188,-7.05949401855,72.8341903687,-68.3738632202,33.8650550842,40.5168304443,26.2182922363,28.4704055786,-11.4115390778,25.798789978,148.862243652,52.6579360962,-12.1534318924],[-49.0842933655,-45.02709198,51.0600318909,24.0486660004,11.1385622025,6.78190374374,14.2304639816,4.90671253204,-32.1655807495,-7.82475233078,52.6579360962,126.661964417,27.5398921967],[112.531776428,-28.8128070831,87.5345611572,31.8620586395,42.4256591797,8.56977081299,7.6389336586,5.34747743607,-2.82874369621,-22.4078998566,-12.1534318924,27.5398921967,112.047958374]],"icov":[[0.000111564579129,-0.00000630629119769,-0.0000287045822915,-0.000150987005327,0.000059294514358,-0.000107376661617,0.00011306637316,-0.00016294325178,0.0000869544892339,0.000141110358527,-0.0001514103933,0.000189806480194,-0.0000951386900852],[-0.00000630629119769,0.000633418851066,0.0000474769731227,0.000022725233066,-0.000224946779781,0.000254354294157,-0.000436516653281,0.000409959378885,-0.000333580188453,0.000225222698646,-0.000112031506433,0.000174557615537,0.000183141266461],[-0.0000287045822915,0.0000474769731227,0.00144871044904,-0.000301210704492,-0.000584862777032,-0.000983586418442,-0.0000768413665355,-0.000397874537157,-0.0000673121758155,0.000744177144952,-0.000522356072906,-0.0000187934128917,-0.000589085451793],[-0.000150987005327,0.000022725233066,-0.000301210704492,0.00323410239071,-0.00128930679057,0.00119619036559,-0.000774354324676,0.00161929114256,-0.000775313470513,-0.000923511048313,0.00219557527453,-0.00170080317184,0.000297266757116],[0.000059294514358,-0.000224946779781,-0.000584862777032,-0.00128930679057,0.00466126995161,-0.00166412896942,0.00122691108845,-0.000919322541449,-0.000327172019752,0.000308713060804,-0.00145254947711,0.000817928405013,-0.00127639691345],[-0.000107376661617,0.000254354294157,-0.000983586418442,0.00119619036559,-0.00166412896942,0.00805451627821,-0.00270002591424,0.000220541434828,0.000569141237065,-0.00131326552946,-0.0000757152665756,0.000218844783376,0.000478851376101],[0.00011306637316,-0.000436516653281,-0.0000768413665355,-0.000774354324676,0.00122691108845,-0.00270002591424,0.00887531787157,-0.00407411204651,-0.000284398673102,0.00040273310151,-0.000697518175002,-0.000379590084776,-0.000523268245161],[-0.00016294325178,0.000409959378885,-0.000397874537157,0.00161929114256,-0.000919322541449,0.000220541434828,-0.00407411204651,0.0102066826075,-0.00276993634179,0.00129437481519,-0.000279323925497,-0.000557157152798,0.000536868581548],[0.0000869544892339,-0.000333580188453,-0.0000673121758155,-0.000775313470513,-0.000327172019752,0.000569141237065,-0.000284398673102,-0.00276993634179,0.0118223186582,-0.00650233216584,0.00115114473738,0.00260684383102,-0.00118589110207],[0.000141110358527,0.000225222698646,0.000744177144952,-0.000923511048313,0.000308713060804,-0.00131326552946,0.00040273310151,0.00129437481519,-0.00650233216584,0.0132534103468,-0.00362691492774,0.000304952671286,0.00150973233394],[-0.0001514103933,-0.000112031506433,-0.000522356072906,0.00219557527453,-0.00145254947711,-0.0000757152665756,-0.000697518175002,-0.000279323925497,0.00115114473738,-0.00362691492774,0.0112988268957,-0.0052208150737,0.00233614561148],[0.000189806480194,0.000174557615537,-0.0000187934128917,-0.00170080317184,0.000817928405013,0.000218844783376,-0.000379590084776,-0.000557157152798,0.00260684383102,0.000304952671286,-0.0052208150737,0.0119078755379,-0.00328766484745],[-0.0000951386900852,0.000183141266461,-0.000589085451793,0.000297266757116,-0.00127639691345,0.000478851376101,-0.000523268245161,0.000536868581548,-0.00118589110207,0.00150973233394,0.00233614561148,-0.00328766484745,0.0112332338467]],"mean":[-665.136291504,118.752883911,5.52661466599,29.9298381805,-6.0929889679,-0.643574655056,-5.29288005829,-1.59308373928,1.62600946426,-0.412229210138,-5.83015346527,-7.80164384842,-6.53941440582]},"pitch_salience":{"dmean":0.0699560195208,"dmean2":0.112276397645,"dvar":0.00418599741533,"dvar2":0.0107253007591,"max":0.984112262726,"mean":0.558738410473,"median":0.564481437206,"min":0.0770124495029,"var":0.0130835790187},"silence_rate_20dB":{"dmean":0,"dmean2":0,"dvar":0,"dvar2":0,"max":1,"mean":1,"median":1,"min":1,"var":0},"silence_rate_30dB":{"dmean":0.0163216851652,"dmean2":0.032645791769,"dvar":0.0160552877933,"dvar2":0.044044803828,"max":1,"mean":0.989317536354,"median":1,"min":0,"var":0.0105683766305},"silence_rate_60dB":{"dmean":0.0353141911328,"dmean2":0.0706336274743,"dvar":0.0340671017766,"dvar2":0.0745479166508,"max":1,"mean":0.112314537168,"median":0,"min":0,"var":0.0996999815106},"spectral_centroid":{"dmean":243.277069092,"dmean2":366.769042969,"dvar":78943.390625,"dvar2":154607.890625,"max":11383.9541016,"mean":1326.70446777,"median":1121.56689453,"min":148.706390381,"var":699782.5},"spectral_complexity":{"dmean":3.23243570328,"dmean2":4.65336084366,"dvar":12.4218988419,"dvar2":22.1252784729,"max":57,"mean":16.1292285919,"median":15,"min":0,"var":78.1435394287},"spectral_contrast_coeffs":{"dmean":[0.050847299397,0.0462654232979,0.0418264865875,0.0322965122759,0.0216464288533,0.0166047886014],"dmean2":[0.0827164202929,0.0737072527409,0.0643665343523,0.0507608167827,0.0339728556573,0.0261175632477],"dvar":[0.00205301935785,0.00163219193928,0.00127988460008,0.000713432847988,0.000346348388121,0.000231866550166],"dvar2":[0.00534561509266,0.00401180889457,0.00291594327427,0.00166755146347,0.000782049086411,0.000532038218807],"max":[-0.225314408541,-0.377770096064,-0.387245297432,-0.520870506763,-0.577401816845,-0.579655408859],"mean":[-0.568759262562,-0.710658729076,-0.727263689041,-0.765412807465,-0.777100741863,-0.74390733242],"median":[-0.564718425274,-0.715211391449,-0.735809922218,-0.772356033325,-0.780561566353,-0.747954249382],"min":[-0.988813221455,-0.964106678963,-0.969242751598,-0.977478265762,-0.957780897617,-0.956564128399],"var":[0.00874928850681,0.00728214485571,0.00713964365423,0.00444479286671,0.00336595228873,0.00301309069619]},"spectral_contrast_valleys":{"dmean":[0.455443173647,0.388762831688,0.374021112919,0.332799583673,0.258555859327,0.256714016199],"dmean2":[0.698695898056,0.593288004398,0.560704350471,0.483448982239,0.360968410969,0.330023288727],"dvar":[0.186291158199,0.134118705988,0.12632933259,0.103870600462,0.0872739776969,0.107235401869],"dvar2":[0.385421574116,0.274751245975,0.248204916716,0.188356161118,0.138660460711,0.169778436422],"max":[-5.05491352081,-4.74972677231,-4.98046541214,-6.05785942078,-5.64053201675,-7.46439743042],"mean":[-7.91423940659,-7.07212018967,-7.8269867897,-8.33228111267,-7.94641780853,-10.5217952728],"median":[-7.44316720963,-6.7550163269,-7.65580272675,-8.10446548462,-7.563621521,-10.0853176117],"min":[-27.6500320435,-27.5428104401,-26.8788642883,-27.3374290466,-27.2901496887,-27.3090343475],"var":[3.61174488068,2.56424951553,2.17136406898,2.11201858521,2.44293689728,2.6686835289]},"spectral_decrease":{"dmean":2.88824630879e-9,"dmean2":4.25774482338e-9,"dvar":1.86600812341e-17,"dvar2":4.01448155152e-17,"max":3.47702302639e-15,"mean":-7.72389352477e-9,"median":-6.09853989531e-9,"min":-5.07443544961e-8,"var":4.94209049312e-17},"spectral_energy":{"dmean":0.011231712997,"dmean2":0.0164780020714,"dvar":0.000275804253761,"dvar2":0.00058956281282,"max":0.195360943675,"mean":0.0307688619941,"median":0.0245937258005,"min":1.76255711415e-13,"var":0.000752714870032},"spectral_energyband_high":{"dmean":0.000279797241092,"dmean2":0.00037533021532,"dvar":2.52198475437e-7,"dvar2":4.73487972386e-7,"max":0.0197912752628,"mean":0.000784130766988,"median":0.000399236101657,"min":1.32717567405e-13,"var":0.0000011356670484},"spectral_energyband_low":{"dmean":0.00697330990806,"dmean2":0.0107367169112,"dvar":0.000186262273928,"dvar2":0.000416534865508,"max":0.164451599121,"mean":0.0119184320793,"median":0.00481329485774,"min":9.53696563754e-17,"var":0.000310428120429},"spectral_energyband_middle_high":{"dmean":0.00178070401307,"dmean2":0.00243973056786,"dvar":0.000011721647752,"dvar2":0.0000224004797929,"max":0.0861147716641,"mean":0.00428630039096,"median":0.0023521957919,"min":5.90286249513e-16,"var":0.0000334092837875},"spectral_energyband_middle_low":{"dmean":0.00664381543174,"dmean2":0.0104364268482,"dvar":0.000099694749224,"dvar2":0.00025000484311,"max":0.14155754447,"mean":0.0171463862062,"median":0.0140370205045,"min":1.38882552822e-16,"var":0.000243270929786},"spectral_entropy":{"dmean":0.17179889977,"dmean2":0.242562174797,"dvar":0.0348351038992,"dvar2":0.0649129226804,"max":9.78164386749,"mean":7.40198421478,"median":7.47231245041,"min":4.2970957756,"var":0.35524520278},"spectral_flux":{"dmean":0.0267179105431,"dmean2":0.0413710512221,"dvar":0.00103087339085,"dvar2":0.00224892515689,"max":0.348834365606,"mean":0.0787699520588,"median":0.0653589516878,"min":0.0000554999205633,"var":0.00310810422525},"spectral_kurtosis":{"dmean":1.86642289162,"dmean2":3.08290171623,"dvar":14.7171144485,"dvar2":39.3016319275,"max":159.097000122,"mean":4.9116024971,"median":3.13653755188,"min":-1.19335114956,"var":84.8967132568},"spectral_rms":{"dmean":0.000905709341168,"dmean2":0.00128242745996,"dvar":0.00000122566166283,"dvar2":0.00000239329938267,"max":0.0138056529686,"mean":0.00486527383327,"median":0.00489835441113,"min":1.31132296133e-8,"var":0.0000063475135903},"spectral_rolloff":{"dmean":435.296905518,"dmean2":721.518859863,"dvar":618324.3125,"dvar2":1294795.75,"max":21942.3339844,"mean":1699.38342285,"median":882.861328125,"min":86.1328125,"var":8228705},"spectral_skewness":{"dmean":0.235823377967,"dmean2":0.364442646503,"dvar":0.0811189040542,"dvar2":0.195537149906,"max":10.7189722061,"mean":1.4766933918,"median":1.36273479462,"min":-0.143013894558,"var":0.755187213421},"spectral_spread":{"dmean":510406.3125,"dmean2":744887.3125,"dvar":425327067136,"dvar2":876992135168,"max":44663932,"mean":5143611,"median":4570723,"min":644113.4375,"var":20375368892400},"spectral_strongpeak":{"dmean":0.509891271591,"dmean2":0.852587997913,"dvar":0.702179253101,"dvar2":1.67277824879,"max":13.2453536987,"mean":0.920532763004,"median":0.587428212166,"min":0,"var":1.07155632973},"zerocrossingrate":{"dmean":0.00980688538402,"dmean2":0.0115019977093,"dvar":0.000159452669322,"dvar2":0.000190880920854,"max":0.91015625,"mean":0.0727105513215,"median":0.0537109375,"min":0.00439453125,"var":0.0112325530499}},"metadata":{"audio_properties":{"analysis_sample_rate":44100,"bit_rate":0,"codec":"flac","downmix":"mix","equal_loudness":0,"length":312.959991455,"lossless":true,"md5_encoded":"31460d0c74476f6590760e44ae59fd9d","replay_gain":-11.2003326416},"tags":{"acoustid_id":["9bde096b-49b5-4209-9e3f-90760d00a010"],"album":["Songs From the Wood"],"albumartist":["Jethro Tull"],"albumartistsort":["Jethro Tull"],"artist":["Jethro Tull"],"artists":["Jethro Tull"],"artistsort":["Jethro Tull"],"barcode":["094632113221"],"catalognumber":["CDP 32 1132 2"],"composer":["Ian Anderson"],"composersort":["Anderson, Ian"],"date":["2003-04-14"],"discnumber":["1"],"disctotal":["1"],"file_name":"04 Hunting Girl.flac","genre":["Progressive Rock"],"grouping":["Classic Rock"],"label":["Chrysalis"],"language":["eng"],"lyricist":["Ian Anderson"],"media":["CD"],"mood":["Humorous; Trippy"],"musicbrainz_albumartistid":["ece57992-dc2e-4f67-a269-fa43626c1a3d"],"musicbrainz_albumid":["a24277aa-b61b-3934-9a2f-e04f66fe9e58"],"musicbrainz_artistid":["ece57992-dc2e-4f67-a269-fa43626c1a3d"],"musicbrainz_recordingid":["5c0767f7-66be-483c-a6f0-8faac09c74ab"],"musicbrainz_releasegroupid":["58986b39-0bf0-38b6-820a-c26fae194540"],"musicbrainz_releasetrackid":["a6695c52-205e-3ef5-be42-be203004f56c"],"musicbrainz_workid":["e023b88d-35d1-4737-a46c-9b8bebf68918"],"originaldate":["1977-02-11"],"originalyear":["1986"],"releasecountry":["GB"],"releasestatus":["official"],"releasetype":["album"],"replaygain_album_gain":["-6.39 dB"],"replaygain_album_peak":["0.992279"],"replaygain_track_gain":["-7.01 dB"],"replaygain_track_peak":["0.992096"],"script":["Latn"],"title":["Hunting Girl"],"totaldiscs":["1"],"totaltracks":["11"],"tracknumber":["4"],"tracktotal":["11"],"work":["Hunting Girl"]},"version":{"essentia":"2.1-beta1","essentia_build_sha":"ed039d7e5a6e3dec64cf0be7c36ef885fb432306","essen