{"lowlevel":{"average_loudness":0.457002848387,"barkbands":{"dmean":[0.000286753318505,0.00806841626763,0.00262066745199,0.00192020030227,0.00209890818223,0.000986634753644,0.000719979638234,0.000709547079168,0.000331511546392,0.000876830366906,0.000364376435755,0.00048638030421,0.000313979398925,0.000152975379024,0.000236424195464,0.000180950359209,0.000210014157346,0.000120738382975,0.0000916223434615,0.0000657511336613,0.0000578616636631,0.0000328649402945,0.0000182745388884,0.00000765089589549,0.00000550146614842,0.00000236824553213,4.19679167862e-7],"dmean2":[0.000428520463174,0.0142942359671,0.00457688327879,0.00323491892777,0.00342286354862,0.0015924529871,0.00114062370267,0.0011123114964,0.00053390127141,0.0013880362967,0.000613210606389,0.000797488784883,0.000531442230567,0.000254282407695,0.000409101776313,0.000314044242259,0.000360260804882,0.000206457320019,0.000150179985212,0.00010244447185,0.000091864647402,0.0000498603294545,0.0000260709457507,0.0000112341922431,0.00000822981382953,0.00000337501842296,6.16426405031e-7],"dvar":[5.64629033306e-7,0.000253604492173,0.000034129476262,0.0000130575535877,0.0000124074222185,0.00000344614386449,0.00000191669278138,0.00000441986958322,0.0000011199367691,0.00000635708920527,0.00000165936376106,0.0000019607593913,6.94827406278e-7,1.66916578337e-7,2.84347976276e-7,1.52166208522e-7,1.7968672239e-7,6.52629239539e-8,7.19807218275e-8,5.6256684644e-8,3.98928925449e-8,6.51174119071e-8,1.32302711009e-8,2.19248974531e-9,1.95448746076e-9,5.8021704108e-10,5.9493716377e-12],"dvar2":[0.00000121276241316,0.000802098249551,0.0000999217372737,0.0000363430190191,0.0000336557677656,0.00000917183479032,0.00000479193431602,0.00001089037778,0.00000286732802124,0.0000156973092089,0.00000459720922663,0.00000499585621583,0.00000178318668986,4.24906374974e-7,8.34947627482e-7,4.34546507222e-7,5.09358471845e-7,1.80272493822e-7,1.60172831443e-7,1.17961285184e-7,8.45241672209e-8,1.55882588615e-7,2.69193449753e-8,4.62247840005e-9,4.33644897768e-9,1.33585131845e-9,9.25143468777e-12],"max":[0.0218554195017,0.192544773221,0.141808822751,0.0628020837903,0.0627919957042,0.034139290452,0.0252469349653,0.0786306932569,0.0401480942965,0.0599128045142,0.0442260503769,0.0380836687982,0.0317427106202,0.0103550590575,0.0147272758186,0.0079719722271,0.00924545060843,0.0060880118981,0.0112367803231,0.00769302016124,0.00776412431151,0.0178029537201,0.00419392343611,0.00172135327011,0.00127500749659,0.00150198047049,0.000141447817441],"mean":[0.00212509348057,0.020374333486,0.00428457558155,0.0027067924384,0.00387093657628,0.00179705885239,0.00135182240047,0.00137334153987,0.000622725696303,0.00168848293833,0.000648110522889,0.000856832310092,0.000509068602696,0.000271554512437,0.000395831390051,0.000325070053805,0.000411448418163,0.000242535330472,0.000210482336115,0.000148699051351,0.000134479560074,0.0000686128987581,0.0000359073928848,0.0000152359407366,0.0000086859199655,0.00000379154289476,8.67429378104e-7],"median":[0.000020459312509,0.00493260379881,0.00150494335685,0.00102645845618,0.00204079947434,0.00064091256354,0.000557524850592,0.000284072419163,0.00013428874081,0.000230563615332,0.0000930896640057,0.000135286216391,0.000118719355669,0.0000902322062757,0.000131552835228,0.000115411399747,0.000202775074285,0.000132227985887,0.0000947785447352,0.000052635819884,0.0000641636288492,0.000027310277801,0.00000632932233202,0.00000207456332646,0.00000105535229977,4.54979073083e-7,1.21648696449e-7],"min":[1.7338842222e-25,1.33990627993e-24,6.07016337831e-25,3.92902034607e-25,6.04401756968e-24,5.92190111269e-24,7.74356198643e-24,5.54643527068e-24,1.51620359715e-23,1.4976505353e-23,1.55528739516e-23,2.59646672309e-23,1.63018910702e-23,3.46488156848e-23,4.65179947766e-23,3.65023232677e-23,6.51145228702e-23,6.40157974014e-23,1.24528900922e-22,1.48593424691e-22,2.34582772214e-22,3.01278424774e-22,4.15686328634e-22,5.41333114879e-22,8.75669431151e-22,1.21058851999e-21,1.86810400877e-21],"var":[0.0000122662722788,0.00074680353282,0.0000576142811042,0.0000193421146832,0.000025521745556,0.00000802256636234,0.00000462010666524,0.0000112750230983,0.00000293282118946,0.0000224303839786,0.00000398578004024,0.00000484889369545,0.00000148207334405,4.7786494406e-7,5.14109899541e-7,3.04428169784e-7,3.99757084324e-7,1.29779650138e-7,2.02477977496e-7,1.4860512465e-7,9.93105047087e-8,8.49792272106e-8,3.40500676543e-8,6.09176886712e-9,3.19546633598e-9,9.11573483364e-10,2.11351370433e-11]},"barkbands_crest":{"dmean":2.48499083519,"dmean2":4.21759605408,"dvar":4.92895889282,"dvar2":14.0657711029,"max":26.3951740265,"mean":12.1104831696,"median":11.5343055725,"min":2.55920481682,"var":19.61784935},"barkbands_flatness_db":{"dmean":0.0183152686805,"dmean2":0.030029727146,"dvar":0.000310136761982,"dvar2":0.000806757889222,"max":0.505930423737,"mean":0.177172392607,"median":0.178101286292,"min":0.0283855255693,"var":0.00211812579073},"barkbands_kurtosis":{"dmean":4.17022895813,"dmean2":7.0522403717,"dvar":373.658996582,"dvar2":1211.38806152,"max":1429.03503418,"mean":9.13811779022,"median":5.54540538788,"min":-1.93081390858,"var":475.745483398},"barkbands_skewness":{"dmean":0.53055536747,"dmean2":0.874310791492,"dvar":0.38511428237,"dvar2":1.05154871941,"max":29.3067760468,"mean":2.31730771065,"median":2.27032995224,"min":-11.151309967,"var":2.20971012115},"barkbands_spread":{"dmean":3.52705669403,"dmean2":5.73563623428,"dvar":18.9488258362,"dvar2":43.3323974609,"max":138.526306152,"mean":15.4822473526,"median":13.1303501129,"min":0.179025664926,"var":109.547340393},"dissonance":{"dmean":0.0163314323872,"dmean2":0.0276528857648,"dvar":0.000263051158981,"dvar2":0.000725079560652,"max":0.500000059605,"mean":0.465772002935,"median":0.472351104021,"min":0.230818867683,"var":0.000749080616515},"dynamic_complexity":5.20478630066,"erbbands":{"dmean":[0.27136990428,1.73897182941,3.07447743416,4.32951259613,7.61735200882,6.4790725708,7.41339921951,8.50734710693,11.6470994949,12.9228563309,11.4472436905,7.8611369133,26.507183075,15.2256851196,16.6224117279,21.3953666687,15.684129715,8.05662155151,12.7751188278,7.58760976791,11.2905635834,8.24870872498,6.64543581009,4.85567474365,4.84506845474,3.34532904625,2.85200333595,1.64727663994,1.13824510574,0.728143930435,0.538893282413,0.228409260511,0.100533872843,0.0649266988039,0.0383719727397,0.0146539667621,0.00359868397936,0.000628426088952,0.0000703095574863,0.000014035111235],"dmean2":[0.483842551708,3.07224655151,5.40694999695,7.34179639816,12.5711488724,10.4842395782,11.9245166779,13.797460556,18.5064983368,20.2930526733,18.0708255768,12.4064531326,42.058391571,24.5581951141,27.9353542328,35.2351112366,26.495262146,13.3094348907,22.0349884033,13.0323581696,19.6091575623,14.1188688278,11.3709526062,8.12031173706,7.82540607452,5.28422451019,4.60532855988,2.58692765236,1.73262667656,1.08871936798,0.778141081333,0.335497915745,0.149448350072,0.0974938869476,0.0579457692802,0.0214328616858,0.00503224693239,0.00090057606576,0.000100371624285,0.0000230731147894],"dvar":[0.387492209673,11.1207456589,52.7590179443,56.3071289062,222.510025024,130.141326904,172.931747437,309.731445312,582.928710938,1414.06713867,984.525878906,754.009277344,9116.9765625,1128.09643555,3867.70849609,4169.17675781,1804.2746582,362.932250977,937.390136719,342.002288818,557.949035645,237.39541626,173.602966309,165.106948853,209.450576782,133.632064819,95.459564209,71.5232009888,89.1246795654,23.0525798798,11.678478241,2.18395423889,0.456964045763,0.258207648993,0.134919732809,0.0231770668179,0.00120961014181,0.000023462509489,1.54955301923e-7,7.14493686438e-10],"dvar2":[1.25390160084,33.996761322,152.962783813,156.862854004,596.607177734,341.597442627,434.106262207,816.753479004,1480.87658691,3472.77441406,2511.37573242,1951.16833496,22552.1855469,2966.02026367,10914.4804688,10870.1875,4646.11816406,923.436279297,2702.65820312,979.364196777,1605.38769531,667.633422852,491.960968018,394.88684082,456.751495361,286.497589111,198.695709229,173.330108643,224.349502563,46.2778282166,23.9984912872,4.65143585205,0.939158976078,0.555596530437,0.325765430927,0.056241877377,0.00271427398548,0.0000448134996986,2.20782013116e-7,1.61579583047e-9],"max":[8.75784683228,42.7186660767,162.944961548,126.677619934,287.755584717,233.66557312,225.853622437,337.010894775,490.406677246,1550.83544922,702.164672852,1198.2487793,2311.43286133,620.943603516,2124.60473633,1936.6015625,1681.06347656,547.647399902,867.492675781,521.463684082,424.063537598,303.173156738,311.678649902,558.444824219,669.686584473,410.246887207,373.533081055,491.964233398,622.087158203,225.916625977,131.961486816,59.3208618164,25.3039646149,19.1972026825,13.4053907394,8.07387447357,2.31427073479,0.266869783401,0.0259316153824,0.00128045550082],"mean":[0.790403008461,3.60826444626,6.06544303894,6.89621067047,11.9966440201,11.6475009918,13.2804527283,14.9745235443,21.5148048401,25.8271923065,22.5774784088,16.0949993134,53.5322151184,28.3105430603,33.6815376282,39.9720458984,27.2621250153,15.4127225876,21.2338104248,15.5738296509,21.4152984619,18.8291854858,14.2992506027,11.1419897079,10.8423223495,7.75579690933,6.44778108597,4.095246315,2.43748354912,1.46327400208,1.02619421482,0.451997369528,0.201185017824,0.110666975379,0.0550430715084,0.0219876542687,0.0058685131371,0.00117303465959,0.000162880096468,0.0000576050260861],"median":[0.10239058733,1.20875024796,1.61230516434,3.36950349808,4.78344154358,6.02860212326,5.96358060837,5.34945726395,8.70851421356,7.93357992172,4.2781996727,3.64255309105,5.98699426651,7.00904178619,6.3766541481,8.73667621613,7.04638195038,6.21143245697,6.40273046494,6.53496742249,8.52684879303,10.8337564468,8.34388065338,5.87656497955,4.28337097168,2.8157377243,2.86146068573,1.97027742863,1.01738381386,0.42117986083,0.165783137083,0.0639012753963,0.0271038915962,0.0141736157238,0.00564742647111,0.00232086260803,0.000736085057724,0.000162591139087,0.0000355246120307,0.0000299576531688],"min":[5.38351624554e-23,2.32121829112e-22,2.17007905452e-21,2.84623680323e-21,6.06373310644e-21,2.90774050905e-20,4.98031585081e-20,6.28709352069e-20,1.16105901287e-19,1.74075662117e-19,3.0617051228e-19,3.89503246279e-19,6.19685819713e-19,5.54768995432e-19,7.53244624464e-19,1.18252882171e-18,1.00848629851e-18,1.76257940349e-18,2.3524718836e-18,2.76885723317e-18,2.81942154324e-18,4.23580456048e-18,3.89827557947e-18,5.13932939407e-18,5.76823109148e-18,5.88688601445e-18,7.75177090931e-18,9.35569893247e-18,1.18496410347e-17,1.10736281605e-17,1.05857528993e-17,1.0903923786e-17,8.1048562625e-18,7.93217734654e-18,5.85349066517e-18,3.85481013342e-18,2.46853214778e-18,9.40421431616e-19,2.38543715066e-19,2.41992092099e-20],"var":[1.36992716789,26.7887840271,109.814605713,98.8891601562,369.848388672,276.377044678,388.96105957,687.990112305,1350.02185059,3489.86425781,2672.84863281,1969.93457031,32668.5,2784.85791016,10860.7226562,10459.3164062,4028.71704102,1053.53137207,1722.80432129,766.977172852,1078.17407227,633.431335449,377.700408936,410.729492188,540.000183105,339.777252197,243.644882202,130.349105835,109.408157349,44.872718811,29.3099422455,5.8232588768,1.12936675549,0.440454274416,0.181302681565,0.0337182506919,0.00195762142539,0.0000572629542148,5.94406969867e-7,4.21660439898e-9]},"erbbands_crest":{"dmean":2.43451428413,"dmean2":4.04096126556,"dvar":5.58693122864,"dvar2":14.3665819168,"max":30.2317390442,"mean":8.61425876617,"median":7.37823104858,"min":2.36185598373,"var":19.9266490936},"erbbands_flatness_db":{"dmean":0.0115657253191,"dmean2":0.0182173624635,"dvar":0.00012488210632,"dvar2":0.000288874725811,"max":0.35275927186,"mean":0.16725179553,"median":0.162775546312,"min":0.0200489666313,"var":0.00124940706883},"erbbands_kurtosis":{"dmean":0.791595757008,"dmean2":1.29083061218,"dvar":3.06675481796,"dvar2":6.69385004044,"max":94.5144577026,"mean":0.428956508636,"median":-0.410121679306,"min":-1.74730181694,"var":15.7944498062},"erbbands_skewness":{"dmean":0.308597117662,"dmean2":0.4912545681,"dvar":0.0811551362276,"dvar2":0.196969494224,"max":7.22974205017,"mean":0.290517449379,"median":0.226842179894,"min":-4.4320602417,"var":0.704336225986},"erbbands_spread":{"dmean":6.25897169113,"dmean2":10.0878190994,"dvar":34.022354126,"dvar2":84.9839477539,"max":140.768737793,"mean":41.8169441223,"median":41.2300224304,"min":2.20099782944,"var":328.848144531},"gfcc":{"cov":[[28109.3613281,2529.60522461,-2930.03881836,218.365478516,-366.233947754,396.401306152,-246.834945679,419.560852051,-208.640838623,116.153648376,-163.810134888,275.153533936,-34.1812171936],[2529.60522461,1121.77172852,-319.355285645,128.781158447,-115.32749939,-150.983108521,75.0810546875,-127.838478088,102.452842712,-89.517036438,21.0707302094,-4.78343391418,53.7962150574],[-2930.03881836,-319.355285645,730.854309082,33.2940826416,112.364448547,-11.4947967529,10.1510915756,-6.24097919464,6.58532619476,22.8754501343,13.5723619461,9.02306842804,7.82889318466],[218.365478516,128.781158447,33.2940826416,430.0652771,-62.7237129211,-39.7140426636,-52.7114562988,-116.215377808,29.0254535675,-31.5954990387,18.3064556122,-91.6596221924,8.62780475616],[-366.233947754,-115.32749939,112.364448547,-62.7237129211,266.907684326,84.5405807495,48.9037361145,54.9334716797,31.4514522552,40.7218933105,-2.91552853584,58.0682106018,7.67719936371],[396.401306152,-150.983108521,-11.4947967529,-39.7140426636,84.5405807495,134.380783081,55.7458381653,70.4060668945,-14.8877010345,30.3503932953,-12.659526825,25.4796237946,-13.0562543869],[-246.834945679,75.0810546875,10.1510915756,-52.7114562988,48.9037361145,55.7458381653,209.619247437,64.4329071045,54.9079322815,6.18540239334,8.30482387543,44.2104721069,6.28546857834],[419.560852051,-127.838478088,-6.24097919464,-116.215377808,54.9334716797,70.4060668945,64.4329071045,149.842727661,2.72209095955,37.4301719666,-6.47341060638,50.8366851807,-11.6465549469],[-208.640838623,102.452842712,6.58532619476,29.0254535675,31.4514522552,-14.8877010345,54.9079322815,2.72209095955,104.390480042,24.5919780731,22.7551670074,12.3416719437,22.3957271576],[116.153648376,-89.517036438,22.8754501343,-31.5954990387,40.7218933105,30.3503932953,6.18540239334,37.4301719666,24.5919780731,90.8597259521,19.0551605225,31.6763191223,-1.03300201893],[-163.810134888,21.0707302094,13.5723619461,18.3064556122,-2.91552853584,-12.659526825,8.30482387543,-6.47341060638,22.7551670074,19.0551605225,58.0786399841,19.9670028687,11.5523910522],[275.153533936,-4.78343391418,9.02306842804,-91.6596221924,58.0682106018,25.4796237946,44.2104721069,50.8366851807,12.3416719437,31.6763191223,19.9670028687,102.483757019,30.9652233124],[-34.1812171936,53.7962150574,7.82889318466,8.62780475616,7.67719936371,-13.0562543869,6.28546857834,-11.6465549469,22.3957271576,-1.03300201893,11.5523910522,30.9652233124,65.5903549194]],"icov":[[0.000247833668254,-0.000832918973174,0.000572368910071,-0.000558410829399,0.000325706641888,-0.00124634115491,0.00108566822018,-0.00120097375475,0.000672839640174,-0.000738829432521,0.0007900702185,-0.00111697567627,0.000360724399798],[-0.000832918973174,0.00456383870915,-0.00109325442463,0.00149711838458,-0.00114413618576,0.00594448065385,-0.004733777605,0.00505958497524,-0.00332670193166,0.00353825232014,-0.00228365650401,0.00272146076895,-0.00126540206838],[0.000572368910071,-0.00109325442463,0.00329190143384,-0.00172279390972,-0.000330673909048,-0.000991914770566,0.0015658257762,-0.00238401000388,0.00194025482051,-0.0018365647411,0.00170311436523,-0.00264209718443,0.000552477606107],[-0.000558410829399,0.00149711838458,-0.00172279390972,0.00507517671213,-0.000265914743068,0.000837165629491,-0.00166166177951,0.00443967664614,-0.00291115324944,0.00203195540234,-0.00352371414192,0.00569309853017,-0.00187661556993],[0.000325706641888,-0.00114413618576,-0.000330673909048,-0.000265914743068,0.00680311722681,-0.00616118684411,0.00255535938777,-0.000859707768541,-0.00253242137842,-0.000613453215919,0.00252162851393,-0.00452823145315,0.00131101161242],[-0.00124634115491,0.00594448065385,-0.000991914770566,0.000837165629491,-0.00616118684411,0.0237076785415,-0.0107776466757,0.00259527028538,0.00239310320467,0.000077651697211,-0.00166000751778,0.00601819716394,-0.00194753450342],[0.00108566822018,-0.004733777605,0.0015658257762,-0.00166166177951,0.00255535938777,-0.0107776466757,0.0137388966978,-0.0073210997507,-0.00263580447063,0.000145543395774,0.00270986161195,-0.00703532807529,0.00316537590697],[-0.00120097375475,0.00505958497524,-0.00238401000388,0.00443967664614,-0.000859707768541,0.00259527028538,-0.0073210997507,0.0191579852253,-0.00498019251972,0.00214221142232,-0.00170895690098,0.00105077330954,0.00118464045227],[0.000672839640174,-0.00332670193166,0.00194025482051,-0.00291115324944,-0.00253242137842,0.00239310320467,-0.00263580447063,-0.00498019251972,0.0205876808614,-0.0090190153569,-0.000981363235041,0.00152406445704,-0.00434678746387],[-0.000738829432521,0.00353825232014,-0.0018365647411,0.00203195540234,-0.000613453215919,0.000077651697211,0.000145543395774,0.00214221142232,-0.0090190153569,0.0202264711261,-0.00649534957483,-0.00124940113164,0.00225052144378],[0.0007900702185,-0.00228365650401,0.00170311436523,-0.00352371414192,0.00252162851393,-0.00166000751778,0.00270986161195,-0.00170895690098,-0.000981363235041,-0.00649534957483,0.0258696842939,-0.0103626511991,0.00192484154832],[-0.00111697567627,0.00272146076895,-0.00264209718443,0.00569309853017,-0.00452823145315,0.00601819716394,-0.00703532807529,0.00105077330954,0.00152406445704,-0.00124940113164,-0.0103626511991,0.027787335217,-0.0124922553077],[0.000360724399798,-0.00126540206838,0.000552477606107,-0.00187661556993,0.00131101161242,-0.00194753450342,0.00316537590697,0.00118464045227,-0.00434678746387,0.00225052144378,0.00192484154832,-0.0124922553077,0.0230970177799]],"mean":[-55.5555038452,133.671875,-120.977905273,52.1388168335,-42.7663383484,2.57617855072,-16.1996097565,-3.01136827469,-12.2290563583,-1.49811661243,-7.9852604866,-0.585074663162,-5.08680725098]},"hfc":{"dmean":2.93680882454,"dmean2":4.64806604385,"dvar":25.2454128265,"dvar2":57.219745636,"max":172.087280273,"mean":15.7015829086,"median":11.515917778,"min":1.0412163092e-16,"var":245.441360474},"melbands":{"dmean":[0.00227896915749,0.00173285102937,0.000812334474176,0.000472481915494,0.000271315511782,0.000193400177523,0.000169285296579,0.000147083497723,0.0000873838143889,0.0000513230370416,0.000132370085339,0.000063783096266,0.0000512401202286,0.0000609421040281,0.000043724256102,0.0000238001539401,0.0000161491807376,0.0000197485587705,0.0000131355900521,0.0000111952113002,0.0000148768867803,0.00000948276920099,0.0000105077233457,0.00000630986232864,0.000003987452601,0.00000395963979827,0.000002796194849,0.00000233026730712,0.0000021317791834,0.00000149236495872,9.75801413006e-7,7.43743498788e-7,6.02686611728e-7,3.62794509101e-7,3.56538123469e-7,2.17996998231e-7,1.19622882266e-7,6.3048851473e-8,8.21401187068e-8,5.017978566e-8],"dmean2":[0.00402973452583,0.00304372538812,0.00135353265796,0.000775964988861,0.000434139132267,0.000312871532515,0.000268377247266,0.000230571677093,0.000138414601679,0.0000810140336398,0.000210159225389,0.000102817764855,0.0000861059888848,0.0000999502299237,0.0000722619661246,0.0000401996767323,0.0000266949609795,0.0000339019425155,0.0000226315551117,0.0000193113937712,0.0000257867177424,0.00001621811316,0.0000181251616596,0.0000108706535684,0.0000066489751589,0.00000644673809802,0.00000449262461188,0.00000373789907826,0.0000035165285226,0.00000239947416958,0.00000155768384502,0.00000116840726605,9.20936713555e-7,5.38101687653e-7,5.25536506757e-7,3.20811977872e-7,1.82388831149e-7,9.49993079757e-8,1.21463699543e-7,7.60215428386e-8],"dvar":[0.0000227129003179,0.0000128316542032,0.00000193647156266,7.33082913484e-7,2.10644344634e-7,1.53012848614e-7,1.16093019642e-7,2.08073629437e-7,5.78280499042e-8,2.80625069848e-8,2.25459430681e-7,2.09454267264e-8,3.11711509937e-8,2.96689197654e-8,1.07524256165e-8,3.70440633723e-9,1.61565782975e-9,2.21222373753e-9,7.97905075345e-10,6.22099871617e-10,9.00474195209e-10,3.47941703227e-10,5.99306826388e-10,2.88346180266e-10,1.33293057147e-10,1.38334912969e-10,9.42790151504e-11,7.07713124215e-11,5.38850353227e-11,2.38750078735e-11,3.51041452851e-11,3.47322240413e-11,2.09892936365e-11,5.0363389674e-12,5.21082395982e-12,2.2487799383e-12,5.69856987119e-13,1.6214476593e-13,3.86009664987e-13,1.54187250532e-13],"dvar2":[0.000073012924986,0.0000370537491108,0.00000527446081833,0.00000202503611035,5.25683446995e-7,4.07873301356e-7,2.95244063864e-7,5.08833352342e-7,1.49256933923e-7,7.19462249776e-8,5.58014505714e-7,5.47950875784e-8,8.73578613891e-8,7.68928032358e-8,2.72009792468e-8,9.6987449183e-9,4.12483691647e-9,6.21991880223e-9,2.32789365562e-9,1.76250136708e-9,2.58799071062e-9,9.73522928938e-10,1.75992054263e-9,8.03997035614e-10,3.15285825225e-10,3.02725899903e-10,2.08507017208e-10,1.58697624486e-10,1.16821607943e-10,5.08487453532e-11,8.87694848184e-11,9.10270955834e-11,4.73370752319e-11,1.03525651593e-11,1.14395064602e-11,4.60098409025e-12,1.26231360434e-12,3.26820412096e-13,8.21612472068e-13,3.38558526916e-13],"max":[0.0640672072768,0.0700451359153,0.021471934393,0.0154035687447,0.00867825280875,0.00788721721619,0.00647960463539,0.0190423391759,0.00574229843915,0.0066160983406,0.0114962477237,0.00264026015066,0.00601199129596,0.00449092499912,0.00305483443663,0.00232742261142,0.00100820988882,0.00123717857059,0.000647284614388,0.000627227243967,0.000484869437059,0.000409749831306,0.000489404716063,0.000447301339591,0.000513698149007,0.000580530031584,0.000347494758898,0.000275749975117,0.000272549543297,0.000250917713856,0.000377141608624,0.000388211425161,0.000281308515696,0.000094744413218,0.0000803484581411,0.0000583914334129,0.0000333735697495,0.00001546024032,0.0000189250458789,0.0000138256236824],"mean":[0.00614477694035,0.00383273186162,0.00139653857332,0.000838353997096,0.000497557863127,0.000344700587448,0.00031506200321,0.000291834643576,0.000168499129359,0.0000992764835246,0.000265643640887,0.000109854852781,0.0000976381052169,0.000110252753075,0.000080178353528,0.00004071024523,0.0000274806170637,0.0000320165054291,0.000023578209948,0.0000208454384847,0.0000263231668214,0.0000194636031665,0.0000184611344594,0.000011437379726,0.00000839477525005,0.00000834226284496,0.00000609850894762,0.0000048179094847,0.00000427785971624,0.00000310729728881,0.00000218163563659,0.00000148102913045,0.00000106788365883,6.89811486154e-7,6.33188562915e-7,4.09266249335e-7,2.20034650056e-7,1.26858722638e-7,1.35418488867e-7,7.83516824754e-8],"median":[0.00123478588648,0.00127566349693,0.00069825706305,0.000417821691372,0.000244569440838,0.000123661622638,0.000130019601784,0.0000805632953416,0.0000298054455925,0.0000208836117963,0.0000284801953967,0.0000258766522165,0.0000153923265316,0.0000175959867192,0.0000197128283617,0.0000118996313176,0.00000942992301134,0.00000899660881259,0.00000885233475856,0.00000822204401629,0.00000960500710789,0.00000981965786195,0.00000774580894358,0.00000528039072378,0.00000407134575653,0.00000318942943522,0.00000225568692258,0.00000159836429248,0.00000165018229836,0.0000014106491335,9.33979833917e-7,6.16304362211e-7,3.12595915375e-7,1.76201879754e-7,9.63536095355e-8,5.47893286296e-8,2.85580874504e-8,1.72676308807e-8,1.55732333695e-8,9.89175852339e-9],"min":[6.2218317481e-25,5.38103026873e-25,8.02311575301e-25,1.00333088611e-24,1.416789354e-24,1.04271279465e-24,1.93888560425e-24,2.06101803567e-24,2.60569296414e-24,2.08714412278e-24,2.82488644691e-24,1.90186988399e-24,2.17301873206e-24,3.42601344504e-24,2.56298935954e-24,2.01570349869e-24,3.01008751884e-24,2.344337627e-24,3.97779285482e-24,3.16080649453e-24,2.79575322203e-24,3.59082699853e-24,3.05121182391e-24,2.621329765e-24,3.04484749134e-24,2.95012284878e-24,5.01385042444e-24,2.90752495154e-24,3.43609982058e-24,5.14438363286e-24,4.6614315482e-24,6.09698681846e-24,5.62002021592e-24,4.99550191422e-24,6.03212983027e-24,4.40667089101e-24,6.16080014366e-24,5.2994681648e-24,6.3876272362e-24,5.81962884621e-24],"var":[0.0000717767761671,0.0000339476500812,0.00000371824899048,0.00000140433735396,4.78051447317e-7,3.41717850461e-7,2.73297700915e-7,5.15515921506e-7,1.60770312618e-7,7.30251557002e-8,8.0900605326e-7,4.77365169615e-8,8.62276650082e-8,7.47958708303e-8,3.05960590197e-8,8.54714699017e-9,4.19682466557e-9,4.29968549653e-9,1.64262992097e-9,1.38120159754e-9,1.65736990798e-9,8.08473121783e-10,9.95304061391e-10,4.82975992533e-10,3.06820735485e-10,3.52465223674e-10,2.27954127796e-10,1.51953269412e-10,1.24442317562e-10,5.69599367672e-11,4.99533817089e-11,3.84049458901e-11,2.98464551685e-11,1.08302837185e-11,1.17327684027e-11,5.5643861914e-12,1.41031164611e-12,4.17190750262e-13,7.15403159889e-13,2.45454616918e-13]},"melbands_crest":{"dmean":2.90047645569,"dmean2":4.896276474,"dvar":6.64852762222,"dvar2":18.4602928162,"max":34.8333358765,"mean":16.9407329559,"median":16.6306552887,"min":1.50531077385,"var":35.6616477966},"melbands_flatness_db":{"dmean":0.0216651130468,"dmean2":0.0355528593063,"dvar":0.000429417967098,"dvar2":0.00112459401134,"max":0.661075890064,"mean":0.257213950157,"median":0.263254851103,"min":0.00324643380009,"var":0.00415517529473},"melbands_kurtosis":{"dmean":8.99983978271,"dmean2":14.915186882,"dvar":164.031356812,"dvar2":451.99887085,"max":316.537902832,"mean":24.181344986,"median":17.2240962982,"min":-1.84424841404,"var":633.144165039},"melbands_skewness":{"dmean":0.742042601109,"dmean2":1.21702003479,"dvar":0.538712739944,"dvar2":1.47893595695,"max":13.2779159546,"mean":3.64736700058,"median":3.46824836731,"min":-0.5343542099,"var":3.62266302109},"melbands_spread":{"dmean":3.97693300247,"dmean2":6.53013849258,"dvar":39.3097038269,"dvar2":90.0187301636,"max":176.728790283,"mean":15.458940506,"median":10.62596035,"min":0.28594326973,"var":346.295227051},"mfcc":{"cov":[[11552.8681641,1981.24499512,-854.94140625,-78.3044509888,165.979888916,20.6142692566,148.654205322,253.137405396,178.55581665,-38.7989044189,-7.15563201904,227.51512146,159.946884155],[1981.24499512,1245.15942383,-162.464385986,167.19883728,-120.232429504,43.0196800232,-57.1195526123,88.9370498657,53.6464347839,-83.6916046143,22.2550315857,60.0872840881,19.3195285797],[-854.94140625,-162.464385986,380.359680176,154.822967529,4.16096973419,12.5353860855,-18.6201114655,-50.679649353,-41.7254943848,7.84082698822,-19.2512512207,-38.6634941101,-26.4593372345],[-78.3044509888,167.19883728,154.822967529,332.035491943,24.6585121155,79.7331008911,-51.3657264709,-32.5637054443,-25.4618682861,12.9798612595,-4.24419355392,-23.4137916565,-21.881685257],[165.979888916,-120.232429504,4.16096973419,24.6585121155,208.062362671,38.4574966431,8.78003978729,-27.0404491425,4.09184789658,1.89517724514,-10.6157674789,-0.141948223114,4.60766983032],[20.6142692566,43.0196800232,12.5353860855,79.7331008911,38.4574966431,124.119720459,23.0854282379,11.5513076782,21.0474510193,13.393705368,11.3586807251,10.5868654251,12.8617811203],[148.654205322,-57.1195526123,-18.6201114655,-51.3657264709,8.78003978729,23.0854282379,114.318405151,65.2367401123,31.0041332245,13.3581180573,16.961139679,15.7201423645,22.3203907013],[253.137405396,88.9370498657,-50.679649353,-32.5637054443,-27.0404491425,11.5513076782,65.2367401123,126.49584198,60.8425216675,1.39132428169,22.9537277222,27.0769100189,25.575969696],[178.55581665,53.6464347839,-41.7254943848,-25.4618682861,4.09184789658,21.0474510193,31.0041332245,60.8425216675,94.010635376,15.0101060867,19.4590988159,23.4404144287,18.3862686157],[-38.7989044189,-83.6916046143,7.84082698822,12.9798612595,1.89517724514,13.393705368,13.3581180573,1.39132428169,15.0101060867,75.3070602417,23.3860034943,-3.8335647583,4.86528539658],[-7.15563201904,22.2550315857,-19.2512512207,-4.24419355392,-10.6157674789,11.3586807251,16.961139679,22.9537277222,19.4590988159,23.3860034943,62.995716095,30.5902786255,15.221414566],[227.51512146,60.0872840881,-38.6634941101,-23.4137916565,-0.141948223114,10.5868654251,15.7201423645,27.0769100189,23.4404144287,-3.8335647583,30.5902786255,69.3638763428,32.0195655823],[159.946884155,19.3195285797,-26.4593372345,-21.881685257,4.60766983032,12.8617811203,22.3203907013,25.575969696,18.3862686157,4.86528539658,15.221414566,32.0195655823,68.4657897949]],"icov":[[0.000177199428435,-0.0003446326009,0.000231131780311,0.0000168044880411,-0.000339506514138,0.000256040628301,-0.000393897586036,0.0000455563604191,0.000099704186141,-0.000496233347803,0.000560615444556,-0.000393404538045,-0.0000680434022797],[-0.0003446326009,0.00212511094287,0.000458430178696,-0.00136453134473,0.00151949247811,-0.000571962387767,0.00149730022531,-0.000775249151047,-0.000864101632033,0.00278761610389,-0.00136071431916,0.000182255171239,0.00000441337260781],[0.000231131780311,0.000458430178696,0.00447488902137,-0.00269587524235,0.000341437116731,0.00105781189632,-0.00146967626642,0.000926721550059,-0.0000240797126025,0.000400332704885,0.000895786448382,-0.000093993061455,-0.0000674833718222],[0.0000168044880411,-0.00136453134473,-0.00269587524235,0.0066871936433,-0.00113515800331,-0.0038687759079,0.00279899081215,-0.00111179228406,0.00206008786336,-0.00248912116513,-0.000199325455469,0.00110983371269,0.00089608586859],[-0.000339506514138,0.00151949247811,0.000341437116731,-0.00113515800331,0.00675564352423,-0.00190908834338,-0.000322854408296,0.00215772283264,-0.00183963868767,0.00223782565445,0.000044439220801,0.0000285525402433,-0.000351492228219],[0.000256040628301,-0.000571962387767,0.00105781189632,-0.0038687759079,-0.00190908834338,0.0125877829269,-0.00436530075967,0.00170633813832,-0.00242842361331,-0.00102404248901,0.000423537800089,-0.00143243337516,-0.00141427037306],[-0.000393897586036,0.00149730022531,-0.00146967626642,0.00279899081215,-0.000322854408296,-0.00436530075967,0.0170560907573,-0.00905906781554,0.0016223374987,-0.000484511285322,-0.00208508153446,0.00128588289954,-0.00104931928217],[0.0000455563604191,-0.000775249151047,0.000926721550059,-0.00111179228406,0.00215772283264,0.00170633813832,-0.00905906781554,0.0180883593857,-0.00844078976661,0.00236743898131,-0.00135679368395,-0.000266674993327,-0.00162947247736],[0.000099704186141,-0.000864101632033,-0.0000240797126025,0.00206008786336,-0.00183963868767,-0.00242842361331,0.0016223374987,-0.00844078976661,0.0182496439666,-0.00483547896147,0.000452931941254,-0.00238504679874,0.000321696687024],[-0.000496233347803,0.00278761610389,0.000400332704885,-0.00248912116513,0.00223782565445,-0.00102404248901,-0.000484511285322,0.00236743898131,-0.00483547896147,0.0212069619447,-0.01014113985,0.00601455383003,-0.00171948235948],[0.000560615444556,-0.00136071431916,0.000895786448382,-0.000199325455469,0.000044439220801,0.000423537800089,-0.00208508153446,-0.00135679368395,0.000452931941254,-0.01014113985,0.0270770862699,-0.0123140905052,0.00079895433737],[-0.000393404538045,0.000182255171239,-0.000093993061455,0.00110983371269,0.0000285525402433,-0.00143243337516,0.00128588289954,-0.000266674993327,-0.00238504679874,0.00601455383003,-0.0123140905052,0.0262544099241,-0.00819409824908],[-0.0000680434022797,0.00000441337260781,-0.0000674833718222,0.00089608586859,-0.000351492228219,-0.00141427037306,-0.00104931928217,-0.00162947247736,0.000321696687024,-0.00171948235948,0.00079895433737,-0.00819409824908,0.0199543125927]],"mean":[-680.664672852,148.502502441,-10.5912494659,50.7947845459,-1.66497766972,17.739107132,1.11166214943,7.12917041779,1.88891708851,0.286028951406,0.301115036011,4.56265592575,0.805365383625]},"pitch_salience":{"dmean":0.0702499225736,"dmean2":0.117700099945,"dvar":0.00390560762025,"dvar2":0.0106128156185,"max":0.840713381767,"mean":0.506954729557,"median":0.507281601429,"min":0.101912796497,"var":0.0174969024956},"silence_rate_20dB":{"dmean":0,"dmean2":0,"dvar":0,"dvar2":0,"max":1,"mean":1,"median":1,"min":1,"var":0},"silence_rate_30dB":{"dmean":0.0519746281207,"dmean2":0.10395988822,"dvar":0.0492767393589,"dvar2":0.119149953127,"max":1,"mean":0.863631725311,"median":1,"min":0,"var":0.117765523493},"silence_rate_60dB":{"dmean":0.0280335582793,"dmean2":0.0560728535056,"dvar":0.0272535029799,"dvar2":0.0594901740551,"max":1,"mean":0.0988235324621,"median":0,"min":0,"var":0.0890580043197},"spectral_centroid":{"dmean":197.343612671,"dmean2":314.363647461,"dvar":61032.828125,"dvar2":132880.53125,"max":11698.0625,"mean":1239.62097168,"median":1027.92919922,"min":111.375724792,"var":1549157.5},"spectral_complexity":{"dmean":2.14426016808,"dmean2":3.57924890518,"dvar":4.66554880142,"dvar2":11.6661319733,"max":53,"mean":15.6994371414,"median":16,"min":0,"var":98.3613586426},"spectral_contrast_coeffs":{"dmean":[0.0477779991925,0.0451585762203,0.0337947160006,0.0261971075088,0.0183732286096,0.0144144073129],"dmean2":[0.0803885832429,0.0750235170126,0.0558256916702,0.0443380735815,0.030888589099,0.0233774464577],"dvar":[0.00147825165186,0.00132464431226,0.000751189771108,0.000455946079455,0.000230841236771,0.000154155262862],"dvar2":[0.00405491003767,0.00356320710853,0.0020122283604,0.00132439390291,0.000620986393187,0.000376591051463],"max":[-0.374300301075,-0.409606635571,-0.46396240592,-0.605347752571,-0.601808547974,-0.545251965523],"mean":[-0.684557676315,-0.730885803699,-0.778460204601,-0.798478901386,-0.799581289291,-0.69906771183],"median":[-0.687051057816,-0.735202670097,-0.791450083256,-0.806098341942,-0.797804117203,-0.690627932549],"min":[-0.977699935436,-0.981488227844,-0.98438167572,-0.983339726925,-0.979768753052,-0.97129046917],"var":[0.00696479575709,0.00706379301846,0.00661493185908,0.00364834838547,0.00246876757592,0.00237504136749]},"spectral_contrast_valleys":{"dmean":[0.335424929857,0.314770638943,0.256211459637,0.204695671797,0.147569328547,0.145218133926],"dmean2":[0.562738895416,0.530453562737,0.430077195168,0.344450682402,0.24036487937,0.215646266937],"dvar":[0.088395409286,0.0802093073726,0.0563744418323,0.0425434336066,0.0325063057244,0.0528335906565],"dvar2":[0.220408350229,0.198708832264,0.130493789911,0.089063629508,0.057487539947,0.0831048116088],"max":[-4.73769712448,-4.85057115555,-5.1041226387,-5.66801929474,-5.78564882278,-8.07115840912],"mean":[-7.00882816315,-7.19790744781,-7.81580066681,-8.15358734131,-7.93885087967,-11.5639982224],"median":[-6.63506364822,-6.77642297745,-7.39228963852,-7.66466999054,-7.4938454628,-11.2547521591],"min":[-28.0840167999,-28.0670089722,-27.8418292999,-27.796131134,-27.4985809326,-27.4388618469],"var":[6.74987459183,6.54751825333,6.3551697731,6.08873081207,5.91946220398,4.22341871262]},"spectral_decrease":{"dmean":2.89938895115e-9,"dmean2":4.94476504187e-9,"dvar":2.14733241517e-17,"dvar2":6.43873285995e-17,"max":1.02651069227e-16,"mean":-1.14084652836e-8,"median":-5.97391069945e-9,"min":-6.64017036911e-8,"var":1.32177731179e-16},"spectral_energy":{"dmean":0.0110945738852,"dmean2":0.01888974756,"dvar":0.000309738010401,"dvar2":0.000927867542487,"max":0.253728657961,"mean":0.0444822236896,"median":0.0237125921994,"min":1.00203116519e-20,"var":0.00197756057605},"spectral_energyband_high":{"dmean":0.000121069526358,"dmean2":0.000174921078724,"dvar":3.18112086006e-7,"dvar2":6.30460533557e-7,"max":0.0266975164413,"mean":0.000340338505339,"median":0.000142734264955,"min":6.87237324104e-21,"var":8.98834400687e-7},"spectral_energyband_low":{"dmean":0.00969155412167,"dmean2":0.0169636830688,"dvar":0.000309776485665,"dvar2":0.000944654166233,"max":0.233893245459,"mean":0.0280486512929,"median":0.00939887110144,"min":1.48074903263e-23,"var":0.0011806251714},"spectral_energyband_middle_high":{"dmean":0.00135880534071,"dmean2":0.00223860517144,"dvar":0.00000672831038173,"dvar2":0.0000178329446499,"max":0.0557033568621,"mean":0.00510994251817,"median":0.00303445733152,"min":1.09347713301e-21,"var":0.0000429616848123},"spectral_energyband_middle_low":{"dmean":0.00451120827347,"dmean2":0.00733406050131,"dvar":0.000043555348384,"dvar2":0.000115314040158,"max":0.111340120435,"mean":0.0127702038735,"median":0.00936193391681,"min":1.5945506748e-22,"var":0.000173513661139},"spectral_entropy":{"dmean":0.111650526524,"dmean2":0.179353490472,"dvar":0.0125193558633,"dvar2":0.0294193010777,"max":9.82482242584,"mean":7.46428155899,"median":7.46149206161,"min":4.32930755615,"var":0.17374804616},"spectral_flux":{"dmean":0.0180555395782,"dmean2":0.0293938182294,"dvar":0.000473145599244,"dvar2":0.00121142459102,"max":0.34605678916,"mean":0.0774082094431,"median":0.0722435489297,"min":6.21002554935e-11,"var":0.0024864396546},"spectral_kurtosis":{"dmean":1.55185675621,"dmean2":2.73258209229,"dvar":2.30616593361,"dvar2":6.90784215927,"max":33.1769943237,"mean":3.68359422684,"median":3.28550767899,"min":-1.26979219913,"var":7.06848859787},"spectral_rms":{"dmean":0.000734032306354,"dmean2":0.00122738105711,"dvar":7.42248801089e-7,"dvar2":0.0000022077772428,"max":0.015733409673,"mean":0.00565324211493,"median":0.00480980612338,"min":3.12664586062e-12,"var":0.0000114381391541},"spectral_rolloff":{"dmean":223.387588501,"dmean2":380.245330811,"dvar":272035.4375,"dvar2":688884.9375,"max":21662.4023438,"mean":965.445922852,"median":430.6640625,"min":64.599609375,"var":5420060.5},"spectral_skewness":{"dmean":0.185631364584,"dmean2":0.313260614872,"dvar":0.0260236337781,"dvar2":0.0728173926473,"max":4.97828054428,"mean":1.24468791485,"median":1.23560845852,"min":-0.0760276466608,"var":0.197925120592},"spectral_spread":{"dmean":231592.234375,"dmean2":371350.90625,"dvar":164113350656,"dvar2":288460931072,"max":43036224,"mean":4001890,"median":3440994.5,"min":1828035.375,"var":18256664461300},"spectral_strongpeak":{"dmean":0.219244927168,"dmean2":0.381796270609,"dvar":0.202600717545,"dvar2":0.538147449493,"max":8.19989299774,"mean":0.458332955837,"median":0.296645492315,"min":0,"var":0.421850919724},"zerocrossingrate":{"dmean":0.00545981759205,"dmean2":0.0070091066882,"dvar":0.0000764931828598,"dvar2":0.0000842635636218,"max":0.78955078125,"mean":0.0411464497447,"median":0.029296875,"min":0.0029296875,"var":0.00388305424713}},"metadata":{"audio_properties":{"analysis_sample_rate":44100,"bit_rate":0,"codec":"flac","downmix":"mix","equal_loudness":0,"length":226.933334351,"lossless":true,"md5_encoded":"1e282ef805e09b96cf12e2e93248c75b","replay_gain":-12.4760780334,"sample_rate":44100},"tags":{"album":["In This Light and on This Evening"],"albumartist":["Editors"],"albumartistsort":["Editors"],"artist":["Editors"],"artistsort":["Editors"],"asin":["B002I6251G"],"composer":["Ed Lay","Chris Urbanowicz","Russell Leetch","Thomas Smith"],"date":["2009-10-09"],"discid":["670a3c09"],"file_name":"09 - Editors - Walk the Fleet Road.flac","format":["CD"],"genre":["Britpop","Sparks","Male Vocalists","English","Post-Punk Mk2","Synthpop","80S Influenced","Melancholy","Britannique","Indie Rock","Alternrock","South-East Of Hampstead Heath","Post Punk","British","Uk","Rock","Alternative Rock","Post-Punk Revival","Indie","Indietronica","Post-Punk","Alternative","2009"],"isrc":["GBGAC0900035"],"label":["Kitchenware Records"],"language":["eng"],"mixer":["Darren Lawson","Rob Kirwan","Ben Hillier"],"musicbrainz_albumartistid":["0efe858c-89e5-4e47-906a-356fa953fd6e"],"musicbrainz_albumid":["f2fc5441-88f1-456b-aa80-770fe66961a8"],"musicbrainz_artistid":["0efe858c-89e5-4e47-906a-356fa953fd6e"],"musicbrainz_recordingid":["5c19370d-d793-4416-821d-828a6bf03f4e"],"musicip_puid":["54a3736b-c796-c54e-0521-6298762f57d3"],"originaldate":["2009-10-09"],"producer":["Flood"],"releasecountry":["DE"],"releasestatus":["official"],"releasetype":["album"],"replaygain_album_gain":["-9.77 dB"],"replaygain_album_peak":["1.00000000"],"replaygain_reference_loudness":["89.0 dB"],"replaygain_track_gain":["-7.16 dB"],"replaygain_track_peak":["0.97656250"],"script":["Latn"],"title":["Walk the Fleet Road"],"totaltracks":["9"],"tracknumber":["9"],"tracktotal":["9"]},"version":{"essentia":"2.1-beta1","essentia_build_sha":"81dca3489dfd3c4275b86ac4d56d870715677d3f","essentia_git_sha":"v2.1_beta1-28-g21ef5f4","extractor":"music 1.0"}},"rhythm":{"beats_co