{"lowlevel":{"average_loudness":0.458902060986,"barkbands":{"dmean":[0.00000692833918947,0.000193837069673,0.000461142684799,0.00147427187767,0.00224637403153,0.000744652817957,0.00135677342769,0.000725801626686,0.000527930795215,0.000236806488829,0.000210037615034,0.000298664963339,0.000187835248653,0.000254035519902,0.000153578454047,0.0000761113042245,0.0000552154924662,0.0000659420984448,0.0000768811223679,0.000116126924695,0.000107826570456,0.0000725418140064,0.0000734364512027,0.0000206554159377,0.0000036712194742,2.13824208117e-7,8.22873058581e-9],"dmean2":[0.0000111980216388,0.000312735384796,0.000765455537476,0.00232876022346,0.00347366230562,0.00118878646754,0.00207095453516,0.0011237404542,0.000784523843322,0.000366049673175,0.00033322328818,0.000472502782941,0.000305037334329,0.000426839775173,0.000246278767008,0.000122595272842,0.0000847344708745,0.0000997923998511,0.000113523594337,0.000180573071702,0.000161783507792,0.00010573068721,0.000107735024358,0.0000295062036457,0.00000559332011107,3.09526711817e-7,1.27987966891e-8],"dvar":[1.42295050742e-10,1.27578971387e-7,0.00000171250485437,0.0000110952250907,0.0000142581166074,0.00000291111541628,0.0000127684534164,0.00000585919633522,0.00000228877934205,7.32904368306e-7,6.41621454633e-7,6.7944301918e-7,4.78599417875e-7,5.19246214026e-7,2.41113042421e-7,6.03818293143e-8,3.51521549646e-8,4.81600821445e-8,1.44881212805e-7,6.54139000744e-7,6.28961686289e-7,2.46139990168e-7,2.45081025696e-7,3.68066359613e-8,1.05701480901e-9,1.75913938364e-12,3.07856602251e-15],"dvar2":[3.43902850641e-10,3.23315759942e-7,0.00000486111866849,0.000027208483516,0.0000350465707015,0.00000672458600093,0.0000311642761517,0.0000130444359456,0.00000473845693705,0.00000183857071079,0.00000159716034887,0.00000162905416801,9.79049559646e-7,0.0000013962049934,6.07400352237e-7,1.30734363779e-7,7.9732018321e-8,1.03046581046e-7,3.21505353895e-7,0.00000138105326641,0.00000138784628234,4.8082029025e-7,4.36987960484e-7,7.41752970157e-8,2.29849250744e-9,3.05732240739e-12,6.08388698849e-15],"max":[0.000195763597731,0.00603006081656,0.0274614822119,0.0571773871779,0.0722968056798,0.0406639054418,0.072372160852,0.0639875382185,0.0525307431817,0.0209077112377,0.0258911959827,0.0233162548393,0.029784521088,0.028017250821,0.0204934477806,0.00774700567126,0.0052775410004,0.00600759591907,0.0131664359942,0.0287405010313,0.0272249188274,0.0260525345802,0.0213310942054,0.00852294266224,0.00144454289693,0.0000552154160687,0.00000333589036927],"mean":[0.000031186715205,0.000580232997891,0.000849715957884,0.00262325676158,0.00483637582511,0.00141196826007,0.00246276939288,0.0012834725203,0.00106282811612,0.000431228691014,0.000379980949219,0.000506447569933,0.000307030772092,0.000423716002842,0.000349898618879,0.000116941475426,0.000100067525636,0.000120228462038,0.000131930253701,0.000172800922883,0.000149213286932,0.000104005281173,0.0000920525490073,0.0000287825914711,0.00000514461453349,3.46451088262e-7,2.41946462864e-8],"median":[0.0000288013397949,0.000129980704514,0.000148998064105,0.000463723496068,0.00263575417921,0.000537109619472,0.00049316638615,0.000133240144351,0.000116551062092,0.0000593487930018,0.0000335714321409,0.000102198573586,0.0000560680928174,0.000101160054328,0.0000647105189273,0.0000311550757033,0.0000267172144959,0.0000278910702036,0.000029020537113,0.0000237338081206,0.000016296215108,0.00000955776613409,0.00000627868212177,0.00000237106610257,4.84473673623e-7,5.84984718444e-8,1.72659451181e-8],"min":[1.432341485e-11,6.97609886524e-11,3.86610665357e-12,1.48107515835e-11,2.6402123543e-11,6.69626073341e-12,5.67685384378e-13,4.87351478617e-13,1.14312032062e-12,2.02969910844e-12,1.10732972271e-12,1.39715864746e-12,1.42004160167e-12,1.51404604999e-12,1.53423638811e-12,1.0011980394e-12,7.55022997248e-13,6.04824079275e-13,8.09370799548e-13,4.44662834114e-13,3.98541388693e-13,8.62970014458e-13,1.0602832631e-12,5.7967899144e-13,2.32851108187e-12,4.89103809537e-12,5.30151547662e-11],"var":[4.73524330857e-10,6.54873133499e-7,0.00000314882345265,0.0000307014124701,0.0000418923154939,0.00000682666404828,0.000028163256502,0.0000143376064443,0.00000719081390343,0.00000169094164448,0.00000159959438406,0.00000166515098954,0.00000128101862629,0.0000010912496009,6.82534960106e-7,1.25654665339e-7,7.02675393427e-8,1.12096110172e-7,2.92467689178e-7,0.00000115698696845,0.0000010626367839,5.86001306146e-7,5.04584249938e-7,5.66454687601e-8,1.8111836475e-9,3.53020152173e-12,4.3242179687e-15]},"barkbands_crest":{"dmean":2.29887461662,"dmean2":3.68354177475,"dvar":4.97140026093,"dvar2":12.3607187271,"max":25.4049663544,"mean":11.7500734329,"median":11.0095567703,"min":3.40599489212,"var":19.5183525085},"barkbands_flatness_db":{"dmean":0.0199106093496,"dmean2":0.0298982672393,"dvar":0.000386050785892,"dvar2":0.000877989165019,"max":0.409098029137,"mean":0.190036833286,"median":0.184505909681,"min":0.0671236515045,"var":0.00242752279155},"barkbands_kurtosis":{"dmean":3.83091187477,"dmean2":6.15328931808,"dvar":66.6712188721,"dvar2":185.630645752,"max":292.793060303,"mean":8.21879291534,"median":3.58088684082,"min":-1.92545962334,"var":209.272201538},"barkbands_skewness":{"dmean":0.539267122746,"dmean2":0.825856804848,"dvar":0.391908943653,"dvar2":0.886385500431,"max":15.7510519028,"mean":1.9164712429,"median":1.75292885303,"min":-5.57028675079,"var":2.43621182442},"barkbands_spread":{"dmean":3.82732057571,"dmean2":6.00621986389,"dvar":35.3886222839,"dvar2":77.4074707031,"max":99.856918335,"mean":15.4933738708,"median":11.5096998215,"min":0.649068415165,"var":196.573928833},"dissonance":{"dmean":0.0217852555215,"dmean2":0.0361210592091,"dvar":0.000470161437988,"dvar2":0.00128405762371,"max":0.500000119209,"mean":0.446047574282,"median":0.453062981367,"min":0.244113743305,"var":0.0013966296101},"dynamic_complexity":8.26151943207,"erbbands":{"dmean":[0.0037606258411,0.0528846345842,0.372289210558,2.76794838905,7.36642456055,7.3340549469,5.56940031052,6.29076194763,15.1287221909,20.9006614685,14.3018913269,11.9484443665,8.12913608551,8.24274730682,9.23502635956,10.196849823,7.70323896408,14.2729930878,7.94134664536,6.30597496033,2.90373134613,3.02408337593,3.50941109657,2.98731374741,4.86975955963,5.52309799194,4.1473326683,4.16745567322,2.51590919495,2.54111504555,1.93897390366,0.740925788879,0.227713868022,0.0664313584566,0.0147056505084,0.00229100836441,0.000242370238993,0.0000223485676543,0.00000422296398028,0.00000592867354499],"dmean2":[0.00588231766596,0.0853880569339,0.608055949211,4.40780448914,11.5625553131,11.3304748535,8.86241912842,9.92913341522,23.3217067719,31.4271717072,22.0092716217,17.7553653717,12.0010585785,12.8022098541,14.3020448685,16.0503997803,12.0944547653,24.1023750305,12.7772359848,10.0505867004,4.44110012054,4.577003479,5.29449319839,4.44615459442,7.04211378098,8.56178474426,6.32782697678,6.31515741348,3.60801911354,3.72401356697,2.87183856964,1.0937820673,0.333517700434,0.099509216845,0.0222027394921,0.00332039780915,0.000344486004906,0.0000322478699673,0.00000605539753451,0.0000087376238298],"dvar":[0.0000624265958322,0.00916647724807,0.912911236286,37.7576828003,211.497192383,160.720321655,147.760864258,291.317749023,1949.42834473,3964.76464844,2588.72045898,1146.11108398,813.002502441,1049.50817871,642.188232422,1055.69775391,875.948120117,1614.67211914,569.78729248,371.861907959,129.400497437,93.4909820557,138.16394043,157.49961853,662.933105469,1747.04504395,745.20526123,1045.55871582,258.704956055,388.869689941,162.023620605,33.6610527039,6.25470209122,0.383220613003,0.0148238837719,0.00031645206036,0.00000171481781308,1.18677139227e-8,2.49753689952e-10,9.10071462634e-11],"dvar2":[0.000138072486152,0.0237049628049,2.51633882523,92.0383758545,538.327819824,377.013397217,382.191925049,661.091369629,4682.46533203,9298.40332031,6025.85107422,2488.86230469,1962.02392578,2846.28442383,1478.14929199,2562.94799805,1789.79431152,4362.48486328,1557.40197754,854.263183594,285.726318359,200.685592651,303.646881104,316.348846436,1386.0592041,3773.29321289,1553.51806641,2384.86523438,449.342132568,814.992248535,288.857391357,63.5925788879,14.3754720688,0.839588820934,0.0323919951916,0.000616535660811,0.00000328836767949,2.23563461077e-8,4.46839704127e-10,1.87404064489e-10],"max":[0.159730762243,1.64009165764,22.7798576355,117.933822632,292.946258545,248.876037598,311.186889648,442.488983154,926.511047363,1465.83532715,1884.08532715,869.642944336,718.894042969,953.294006348,535.198059082,1194.16455078,1501.61950684,1536.20751953,632.37512207,843.771362305,305.668365479,289.615783691,281.675872803,527.084960938,777.750549316,1422.59179688,743.878356934,1208.90673828,733.611694336,1180.10083008,440.235748291,218.243682861,123.339889526,26.4396190643,4.85773658752,0.880963623524,0.0494054928422,0.00352746853605,0.000778203364462,0.000235906773014],"mean":[0.0121693490073,0.15425413847,0.814963042736,5.34883975983,13.4795503616,16.2319717407,12.5234861374,11.665927887,25.7704772949,41.9841117859,26.8244533539,24.3816547394,16.8331031799,15.8274822235,18.2881755829,18.33360672,14.6896276474,24.9515399933,19.7186908722,11.4402208328,5.21983289719,5.73514556885,6.52215003967,5.7380437851,8.25842189789,8.18741130829,6.11034917831,5.65892648697,3.74318671227,3.35762453079,2.43537378311,0.971521437168,0.317681342363,0.0940429344773,0.0203660037369,0.0034061584156,0.000405805651098,0.0000495153035445,0.0000144379682752,0.0000222055859922],"median":[0.00208132807165,0.0433517433703,0.24051886797,1.18887424469,4.84694671631,7.91257953644,5.11730623245,4.02221536636,6.54263019562,6.65369319916,4.29390382767,3.02637624741,2.35014224052,2.57605576515,3.48405838013,4.24959659576,3.54134821892,6.50103139877,4.10859107971,2.90843725204,1.48240673542,1.61660826206,1.55273985863,1.52525913715,1.51161813736,1.10909473896,0.774758458138,0.566577851772,0.368114471436,0.252586811781,0.165205657482,0.0658958554268,0.0304118040949,0.00854490417987,0.00216620229185,0.000463584379759,0.0000885133486008,0.0000227232540055,0.00000957280371949,0.0000149343968587],"min":[2.08460826379e-9,1.53892898425e-8,4.33563442925e-8,6.68695676609e-8,8.91954172744e-8,8.24343260319e-8,7.14862551376e-8,2.63630361985e-8,1.36187923161e-8,1.58193955713e-8,1.15089253683e-8,3.82148570566e-8,4.33159108582e-8,5.87964841259e-8,5.33333626151e-8,5.65559297172e-8,6.58791989849e-8,6.61840218186e-8,8.71003038583e-8,6.06754824162e-8,6.11746955315e-8,4.82791868706e-8,3.26942668494e-8,4.09511784483e-8,3.30134106719e-8,1.992832388e-8,1.19989289615e-8,2.24693259554e-8,3.34551621961e-8,2.91373467576e-8,3.28171587682e-8,1.06460955607e-8,1.28560548873e-8,2.9125510892e-8,1.3975626878e-8,8.28538926356e-9,1.67068243684e-8,8.03336561717e-8,2.89940893516e-9,1.04168923487e-10],"var":[0.000439153867774,0.0439845994115,1.98790574074,114.241928101,515.043762207,595.253601074,529.521179199,558.824584961,3539.8605957,12558.4238281,7102.84619141,3701.90234375,2230.78540039,2083.92138672,1883.97802734,2370.62060547,2480.34692383,3466.1940918,1758.94226074,816.978210449,263.34954834,210.55581665,314.243255615,387.669189453,1342.35742188,2893.2019043,1328.44519043,1736.12158203,681.209899902,774.613342285,336.974395752,55.6496963501,8.69986915588,0.65312474966,0.0242777001113,0.000534005346708,0.00000332584613716,2.44069049415e-8,6.339918035e-10,5.39471300964e-10]},"erbbands_crest":{"dmean":2.60283923149,"dmean2":4.18677139282,"dvar":6.77467060089,"dvar2":17.2809829712,"max":33.4196014404,"mean":11.7498817444,"median":10.4970359802,"min":1.97318816185,"var":28.7420711517},"erbbands_flatness_db":{"dmean":0.0152615569532,"dmean2":0.0227730460465,"dvar":0.000228600052651,"dvar2":0.000493727624416,"max":0.466520667076,"mean":0.208281368017,"median":0.209289208055,"min":0.0188135020435,"var":0.00307876849547},"erbbands_kurtosis":{"dmean":1.41243195534,"dmean2":2.20213055611,"dvar":16.4587345123,"dvar2":33.4378471375,"max":220.031616211,"mean":2.56463217735,"median":0.264139652252,"min":-1.77543377876,"var":145.374450684},"erbbands_skewness":{"dmean":0.400053352118,"dmean2":0.617078185081,"dvar":0.185269474983,"dvar2":0.38726952672,"max":10.1141405106,"mean":0.496036142111,"median":0.486796110868,"min":-6.35100746155,"var":1.85501849651},"erbbands_spread":{"dmean":6.74042081833,"dmean2":10.4986534119,"dvar":68.1787796021,"dvar2":159.488586426,"max":171.107620239,"mean":35.2569274902,"median":28.6543865204,"min":0.395020872355,"var":775.626647949},"gfcc":{"cov":[[29897.2910156,4591.45605469,-4693.63916016,176.294815063,-3262.54248047,-736.290222168,-901.969787598,-584.905700684,-351.20715332,-993.556335449,354.406707764,-1094.59289551,-136.444869995],[4591.45605469,1713.01000977,-749.156188965,-321.869812012,-380.410827637,-357.880981445,-78.6707992554,-152.249221802,-47.175075531,-267.542755127,96.1760482788,-214.669464111,-65.2175292969],[-4693.63916016,-749.156188965,1209.4432373,173.298934937,458.14074707,125.796302795,143.071273804,131.612594604,23.4787597656,157.321136475,-38.6586761475,189.726745605,-27.8829574585],[176.294815063,-321.869812012,173.298934937,614.704284668,101.838111877,48.4824523926,-74.7653198242,-49.2476005554,-0.906331419945,30.7114505768,-27.8042926788,10.17258358,-20.1787910461],[-3262.54248047,-380.410827637,458.14074707,101.838111877,755.504882812,234.933898926,101.425682068,27.1399726868,67.2215042114,121.159072876,-95.6400604248,69.9495391846,18.1761054993],[-736.290222168,-357.880981445,125.796302795,48.4824523926,234.933898926,445.505889893,140.810073853,54.2913131714,5.58096981049,103.626312256,-36.3797721863,18.7918720245,41.0166778564],[-901.969787598,-78.6707992554,143.071273804,-74.7653198242,101.425682068,140.810073853,266.156555176,94.6067047119,-9.91380310059,8.71838855743,20.6340122223,38.1761360168,-19.6772727966],[-584.905700684,-152.249221802,131.612594604,-49.2476005554,27.1399726868,54.2913131714,94.6067047119,160.105438232,25.7704048157,17.5238571167,8.14562129974,41.9761009216,-3.69942712784],[-351.20715332,-47.175075531,23.4787597656,-0.906331419945,67.2215042114,5.58096981049,-9.91380310059,25.7704048157,117.381958008,39.8805961609,-13.3005361557,0.849139153957,7.71234226227],[-993.556335449,-267.542755127,157.321136475,30.7114505768,121.159072876,103.626312256,8.71838855743,17.5238571167,39.8805961609,186.107055664,25.3080673218,52.2919807434,30.3615036011],[354.406707764,96.1760482788,-38.6586761475,-27.8042926788,-95.6400604248,-36.3797721863,20.6340122223,8.14562129974,-13.3005361557,25.3080673218,113.066978455,31.3899860382,-20.6247253418],[-1094.59289551,-214.669464111,189.726745605,10.17258358,69.9495391846,18.7918720245,38.1761360168,41.9761009216,0.849139153957,52.2919807434,31.3899860382,131.863723755,23.7263641357],[-136.444869995,-65.2175292969,-27.8829574585,-20.1787910461,18.1761054993,41.0166778564,-19.6772727966,-3.69942712784,7.71234226227,30.3615036011,-20.6247253418,23.7263641357,92.7784576416]],"icov":[[0.000528914970346,-0.00097782665398,0.00100849266164,-0.00106571323704,0.00141814060044,-0.0011439549271,0.000955398543738,-0.0008369780262,0.000382190686651,0.000182023271918,-0.000190438862774,0.000759505899623,0.000231059661019],[-0.00097782665398,0.00329998275265,-0.00155776820611,0.00248901569284,-0.00296295736916,0.00280104670674,-0.0020549625624,0.00235660863109,-0.000913672614843,0.00110973895062,-0.00168912636582,0.000437371229054,-0.000819445762318],[0.00100849266164,-0.00155776820611,0.00368705275469,-0.00225426256657,0.00204978371039,-0.00163742166478,0.00138712627813,-0.00224603968672,0.00126793142408,-0.000482887495309,0.000591200951021,-0.00010750079673,0.00174441630952],[-0.00106571323704,0.00248901569284,-0.00225426256657,0.00428753485903,-0.00300107127987,0.00201004324481,-0.00113545474596,0.00257256417535,-0.000839371583425,0.000214006664464,-0.000139467039844,-0.00116010836791,0.000263849971816],[0.00141814060044,-0.00296295736916,0.00204978371039,-0.00300107127987,0.00637775659561,-0.00397875346243,0.00198378926143,-0.00135702185798,-0.0000662120510242,-0.000509459234308,0.0020122746937,0.00076778040966,0.00126548460685],[-0.0011439549271,0.00280104670674,-0.00163742166478,0.00201004324481,-0.00397875346243,0.00689446507022,-0.00442030373961,0.00143287912942,0.00023437172058,-0.00207103136927,0.000719518982805,0.000254542363109,-0.00216409331188],[0.000955398543738,-0.0020549625624,0.00138712627813,-0.00113545474596,0.00198378926143,-0.00442030373961,0.00868677534163,-0.00435038097203,0.00152313965373,0.00180629419629,-0.0020620576106,0.000519436784089,0.00205596163869],[-0.0008369780262,0.00235660863109,-0.00224603968672,0.00257256417535,-0.00135702185798,0.00143287912942,-0.00435038097203,0.0114597622305,-0.00363747426309,0.00106916960794,-0.000279566680547,-0.00227576633915,-0.0000508552511747],[0.000382190686651,-0.000913672614843,0.00126793142408,-0.000839371583425,-0.0000662120510242,0.00023437172058,0.00152313965373,-0.00363747426309,0.0111631723121,-0.00304336566478,0.00146375596523,0.00138680299278,0.000244392693276],[0.000182023271918,0.00110973895062,-0.000482887495309,0.000214006664464,-0.000509459234308,-0.00207103136927,0.00180629419629,0.00106916960794,-0.00304336566478,0.0112927537411,-0.00695350766182,0.00142771832179,-0.00296310754493],[-0.000190438862774,-0.00168912636582,0.000591200951021,-0.000139467039844,0.0020122746937,0.000719518982805,-0.0020620576106,-0.000279566680547,0.00146375596523,-0.00695350766182,0.0185132939368,-0.00838083028793,0.00593171920627],[0.000759505899623,0.000437371229054,-0.00010750079673,-0.00116010836791,0.00076778040966,0.000254542363109,0.000519436784089,-0.00227576633915,0.00138680299278,0.00142771832179,-0.00838083028793,0.017477825284,-0.00601892406121],[0.000231059661019,-0.000819445762318,0.00174441630952,0.000263849971816,0.00126548460685,-0.00216409331188,0.00205596163869,-0.0000508552511747,0.000244392693276,-0.00296310754493,0.00593171920627,-0.00601892406121,0.0160738285631]],"mean":[-122.352462769,124.941162109,-127.796890259,36.429145813,-60.4618263245,0.815955460072,-37.1921539307,-16.6563568115,-18.6026172638,-6.68643093109,-7.98167228699,-12.4495897293,-8.73309230804]},"hfc":{"dmean":3.65146875381,"dmean2":5.09060621262,"dvar":123.264083862,"dvar2":205.174331665,"max":408.248382568,"mean":12.0176038742,"median":6.19609308243,"min":0.00000103001571006,"var":448.22845459},"melbands":{"dmean":[0.0000438365968876,0.0001478385675,0.000607095949817,0.000561640888918,0.00020251746173,0.000144358113175,0.000246280978899,0.000210888727452,0.000110252018203,0.000074139003118,0.0000409821877838,0.000034471937397,0.0000314321114274,0.000038963080442,0.0000161828065757,0.0000240082117671,0.0000263193487626,0.0000126938002722,0.0000103238680822,0.00000711969141776,0.00000311765279548,0.0000033143383007,0.00000347517107002,0.00000320235471918,0.00000248298715633,0.00000320279696098,0.0000043095287765,0.00000371652663489,0.0000026818772767,0.00000286075578515,0.00000228680551118,0.00000144807745528,0.00000158709383413,0.00000146181230321,0.00000126401710077,7.88052489042e-7,3.33262079266e-7,1.747305447e-7,9.71435270003e-8,4.54251143367e-8],"dmean2":[0.0000704874328221,0.000242011039518,0.000958657823503,0.000870495045092,0.000317048747092,0.00022781881853,0.000378428230761,0.000316884164931,0.000169335064129,0.000109694963612,0.0000607500078331,0.0000533060374437,0.0000491503560625,0.0000617819314357,0.0000255848790403,0.0000399072996515,0.0000443450917373,0.0000206238491955,0.0000162619980983,0.0000116487071864,0.00000476630748381,0.0000051043680287,0.00000526452549821,0.00000489676722282,0.00000379861376132,0.00000473067120765,0.00000649814001008,0.00000581347194384,0.00000410656366512,0.00000433929972132,0.00000361220418199,0.00000215685759031,0.00000241455359173,0.00000216990633817,0.00000188779688415,0.00000122600204122,4.91457228691e-7,2.6876759307e-7,1.40354856626e-7,6.90519854629e-8],"dvar":[7.09395076015e-9,1.31494161337e-7,0.00000149657955717,9.61678097156e-7,1.58760272484e-7,1.46403436929e-7,4.66169012725e-7,3.93576499391e-7,1.56591909217e-7,4.27572466322e-8,2.12525002041e-8,1.76632202198e-8,1.01414761033e-8,1.14390363848e-8,2.94499358233e-9,7.10064540499e-9,5.46476153218e-9,1.49217493917e-9,1.54627377569e-9,4.82371698141e-10,1.91375762459e-10,1.18625442802e-10,1.21532409136e-10,1.17973825153e-10,1.24728019579e-10,2.6932614472e-10,8.83170259147e-10,8.8562523981e-10,2.9518551492e-10,4.76678030381e-10,3.22889964766e-10,8.31009566715e-11,2.18570703203e-10,1.1674503031e-10,7.00491678551e-11,3.57841395404e-11,7.86214756493e-12,4.23596531116e-12,1.06196594487e-12,1.5918661517e-13],"dvar2":[1.72691816402e-8,3.64644307638e-7,0.00000375141758013,0.00000237370954892,4.07344202813e-7,3.27788114873e-7,0.00000113532280466,9.11754170829e-7,3.61261356829e-7,9.19521667697e-8,5.1042114535e-8,4.67330920628e-8,2.38732287272e-8,2.7385082646e-8,7.25334725615e-9,1.430987151e-8,1.45483625147e-8,4.07714573214e-9,3.54668538982e-9,1.12028109012e-9,4.28405588782e-10,2.64970656527e-10,2.6795868302e-10,2.59234855804e-10,2.63346483509e-10,6.15952178151e-10,2.01277106093e-9,2.01704342118e-9,6.62831511899e-10,1.01113062367e-9,7.76127107027e-10,1.60209040478e-10,5.55479884312e-10,2.26676344361e-10,1.27769475555e-10,7.26763788039e-11,1.51750938204e-11,1.02420407225e-11,2.4645413748e-12,3.50304475098e-13],"max":[0.00158286700025,0.00879360083491,0.0192145016044,0.0189735423774,0.00919115822762,0.00924889184535,0.0146850952879,0.0135682187974,0.0159282293171,0.00482840463519,0.00370987341739,0.0039741829969,0.00245315954089,0.00351447495632,0.00166356901173,0.003959141206,0.00271855155006,0.000882202351931,0.00229347939603,0.000694336020388,0.00043686045683,0.000314401404466,0.000300478190184,0.000293946795864,0.000484060990857,0.000500968715642,0.00131752481684,0.00111911981367,0.000484050047817,0.000693398760632,0.000660489953589,0.000382570928195,0.000847647257615,0.000605660199653,0.000327042216668,0.000174881657586,0.000120625350974,0.000102605008578,0.000046283716074,0.0000191994349734],"mean":[0.000137131850352,0.000340796774253,0.00114985276014,0.00114578707144,0.000483415555209,0.000262960966211,0.000430213898653,0.000421732489485,0.000202318886295,0.000148497478222,0.0000810124038253,0.0000631401635474,0.0000610005190538,0.0000640602884232,0.0000285169589915,0.0000404787060688,0.0000444915567641,0.0000291083215416,0.000021376326913,0.0000106717607196,0.00000530914803676,0.00000586835631111,0.00000598506176175,0.00000568046561966,0.00000438831557403,0.00000523147173226,0.00000670624149279,0.00000509391747983,0.00000368059681932,0.00000378013419322,0.00000304882905766,0.00000207365974347,0.00000199894793695,0.00000184522900781,0.00000156878445523,9.14152735731e-7,4.52652727745e-7,2.35510711377e-7,1.26481879192e-7,6.21349585117e-8],"median":[0.0000267406721832,0.000118994052173,0.000321432249621,0.000541058834642,0.000213998777326,0.0000848573326948,0.000109597778646,0.0000653954411973,0.0000259878579527,0.0000164616303664,0.00000982055007626,0.00000941087182582,0.00000901276507648,0.0000123050440379,0.00000550906588614,0.00000828213069326,0.0000105707185867,0.00000477327375847,0.00000459736475023,0.00000262484468294,0.00000123459517454,0.00000155968882609,0.00000143314821344,0.00000118440004826,0.00000111448082407,0.00000101476427972,9.43833470046e-7,6.29456451406e-7,4.76911395708e-7,3.952406189e-7,2.85685160861e-7,2.14488878214e-7,1.48476232198e-7,1.31931884084e-7,1.04902042608e-7,5.4482420353e-8,3.22380202533e-8,2.21283151802e-8,1.13083560294e-8,5.30471444549e-9],"min":[1.97108562111e-11,2.25083215954e-11,1.24630201992e-11,6.37058027858e-12,2.19046981074e-12,7.42207456519e-13,1.83854152605e-13,1.4490864834e-13,5.93105209043e-14,2.16073944219e-13,2.07292177672e-13,2.26216818173e-13,1.68510320172e-13,1.58146201213e-13,1.54282118222e-13,1.31624650957e-13,1.21339814281e-13,1.44540046707e-13,1.14409973466e-13,5.4835157953e-14,7.3084801286e-14,5.33279204216e-14,1.96807139677e-14,3.92667296519e-14,3.23057281881e-14,3.24281210608e-14,1.78849600738e-14,1.22500124058e-14,7.62940024471e-15,7.22760847211e-15,1.56053403029e-14,1.94155858789e-14,1.37522897123e-14,1.73931744387e-14,2.49372699953e-14,6.33502039889e-15,6.37223097978e-15,4.95611809988e-15,1.86969021401e-14,2.71068686567e-14],"var":[4.08770617355e-8,3.00583707258e-7,0.00000422098537456,0.00000270441000794,6.22485288204e-7,2.9474455232e-7,8.66168932134e-7,0.000001215793759,4.5082938982e-7,1.35782414645e-7,5.69461136024e-8,3.55148053188e-8,3.04507494775e-8,2.92377535516e-8,6.60394805507e-9,1.86276860603e-8,1.1908724673e-8,4.14463352527e-9,3.85734510999e-9,8.89071205545e-10,3.42604056236e-10,2.38438518929e-10,2.69680971998e-10,2.60821808595e-10,2.6861518565e-10,4.91483298504e-10,1.35729716355e-9,1.32722188795e-9,4.53353937724e-10,7.69106778264e-10,5.13347087061e-10,1.89484566926e-10,3.22277676768e-10,2.37693392746e-10,1.48990736415e-10,5.2845675752e-11,1.27555448842e-11,5.38008786827e-12,1.45582200808e-12,2.77590748781e-13]},"melbands_crest":{"dmean":2.92810750008,"dmean2":4.66197633743,"dvar":8.02886009216,"dvar2":19.743598938,"max":36.7809104919,"mean":15.7803287506,"median":14.7044734955,"min":3.83364796638,"var":37.4902610779},"melbands_flatness_db":{"dmean":0.0245320498943,"dmean2":0.0363082028925,"dvar":0.000634151801933,"dvar2":0.00131382141262,"max":0.494820654392,"mean":0.255963951349,"median":0.251032143831,"min":0.0556382276118,"var":0.00444505270571},"melbands_kurtosis":{"dmean":9.0833902359,"dmean2":14.7774839401,"dvar":879.266296387,"dvar2":2506.37060547,"max":1583.11340332,"mean":29.905828476,"median":8.6084728241,"min":-1.91311824322,"var":5144.25634766},"melbands_skewness":{"dmean":0.703096151352,"dmean2":1.09855055809,"dvar":0.767498970032,"dvar2":1.80105912685,"max":30.6024513245,"mean":3.25368094444,"median":2.42221403122,"min":-3.10921263695,"var":10.6256008148},"melbands_spread":{"dmean":5.19450092316,"dmean2":7.81252145767,"dvar":132.889862061,"dvar2":223.679718018,"max":244.436401367,"mean":16.9860630035,"median":12.0937376022,"min":0.259848862886,"var":434.746520996},"mfcc":{"cov":[[18990.9316406,3176.73657227,-1076.28930664,190.206283569,-1513.12109375,-427.446075439,-568.40814209,69.90965271,-744.984741211,-95.7819366455,-167.555007935,28.5240097046,-264.586395264],[3176.73657227,2046.71948242,-328.090698242,-43.6610908508,-281.617370605,-242.964614868,-102.679664612,-11.1529560089,-219.086654663,-83.6218261719,-49.94921875,-41.6718673706,-61.9322738647],[-1076.28930664,-328.090698242,517.032897949,103.481651306,68.1151428223,35.1939125061,51.8514251709,-2.52048587799,30.79271698,-55.5351219177,-4.65574645996,75.7976074219,68.0006332397],[190.206283569,-43.6610908508,103.481651306,457.934509277,155.239517212,45.1878700256,-73.2464294434,-41.6968078613,-25.1004276276,-75.5524215698,-47.5371742249,35.3558921814,34.5484809875],[-1513.12109375,-281.617370605,68.1151428223,155.239517212,459.081085205,191.499847412,24.1276187897,-44.2553367615,109.751838684,37.849067688,12.6953086853,-37.7552185059,-15.7765712738],[-427.446075439,-242.964614868,35.1939125061,45.1878700256,191.499847412,328.097015381,117.864822388,-2.43185138702,78.2314834595,67.4365692139,38.6518173218,-26.9637832642,-21.4456062317],[-568.40814209,-102.679664612,51.8514251709,-73.2464294434,24.1276187897,117.864822388,252.796096802,77.4565734863,53.8468589783,18.1837062836,60.0542030334,16.6712741852,18.501783371],[69.90965271,-11.1529560089,-2.52048587799,-41.6968078613,-44.2553367615,-2.43185138702,77.4565734863,166.463607788,34.9939918518,-5.34473276138,14.2599029541,25.7325496674,13.0699729919],[-744.984741211,-219.086654663,30.79271698,-25.1004276276,109.751838684,78.2314834595,53.8468589783,34.9939918518,158.072418213,58.8551330566,19.8995265961,-27.828956604,-11.8013086319],[-95.7819366455,-83.6218261719,-55.5351219177,-75.5524215698,37.849067688,67.4365692139,18.1837062836,-5.34473276138,58.8551330566,138.145675659,42.7774238586,-44.3281440735,-36.0067253113],[-167.555007935,-49.94921875,-4.65574645996,-47.5371742249,12.6953086853,38.6518173218,60.0542030334,14.2599029541,19.8995265961,42.7774238586,107.903404236,30.0997619629,-1.73398590088],[28.5240097046,-41.6718673706,75.7976074219,35.3558921814,-37.7552185059,-26.9637832642,16.6712741852,25.7325496674,-27.828956604,-44.3281440735,30.0997619629,128.519638062,72.810546875],[-264.586395264,-61.9322738647,68.0006332397,34.5484809875,-15.7765712738,-21.4456062317,18.501783371,13.0699729919,-11.8013086319,-36.0067253113,-1.73398590088,72.810546875,120.245750427]],"icov":[[0.000135886759381,-0.000129866108182,0.000140281757922,-0.000223337076022,0.00046805414604,-0.000281554093817,0.000229265715461,-0.000152557593537,0.000207126926398,-0.000193241896341,0.000108309388452,-0.000243206362939,0.000320743478369],[-0.000129866108182,0.00080247130245,0.000200385067728,0.000137016962981,-0.000324436812662,0.000555273378268,-0.000352590082912,0.0000817117615952,0.000485938973725,0.000386753061321,-0.000113447858894,0.000477567285998,-0.0000506042852066],[0.000140281757922,0.000200385067728,0.0027666199021,-0.000570662610698,0.000420286902227,-0.000189587459317,-0.000440611358499,0.000432823959272,-0.000385710387491,0.000593372213189,0.000630520866252,-0.00146320171189,0.0000882680978975],[-0.000223337076022,0.000137016962981,-0.000570662610698,0.00372367282398,-0.00197883322835,-0.0003381211136,0.000812894490082,0.000209555844776,0.000206862721825,0.00171997479629,0.000589527364355,-0.000418444134993,-0.000838582811411],[0.00046805414604,-0.000324436812662,0.000420286902227,-0.00197883322835,0.00563247734681,-0.0025715501979,0.00113016006071,0.000496325839777,-0.00158911768813,-0.000114546921395,-0.000388029438909,0.00010473200382,0.000986918690614],[-0.000281554093817,0.000555273378268,-0.000189587459317,-0.0003381211136,-0.0025715501979,0.00633100420237,-0.00333841238171,0.000933624862228,-0.000255319522694,-0.00171589129604,0.0000328404312313,0.000468266196549,0.000252808909863],[0.000229265715461,-0.000352590082912,-0.000440611358499,0.000812894490082,0.00113016006071,-0.00333841238171,0.00774647388607,-0.00291868858039,-0.000423467281507,0.00154419103637,-0.00313952076249,0.00091736507602,-0.00116322701797],[-0.000152557593537,0.0000817117615952,0.000432823959272,0.000209555844776,0.000496325839777,0.000933624862228,-0.00291868858039,0.00853464007378,-0.00311223440804,0.000882795080543,0.000797449203674,-0.00198111287318,0.000324472959619],[0.000207126926398,0.000485938973725,-0.000385710387491,0.000206862721825,-0.00158911768813,-0.000255319522694,-0.000423467281507,-0.00311223440804,0.0117585537955,-0.00372944353148,0.000434640038293,0.00152009620797,0.000137230090331],[-0.000193241896341,0.000386753061321,0.000593372213189,0.00171997479629,-0.000114546921395,-0.00171589129604,0.00154419103637,0.000882795080543,-0.00372944353148,0.0137180192396,-0.00559274246916,0.00411459989846,-0.000540710519999],[0.000108309388452,-0.000113447858894,0.000630520866252,0.000589527364355,-0.000388029438909,0.0000328404312313,-0.00313952076249,0.000797449203674,0.000434640038293,-0.00559274246916,0.0157376118004,-0.00788795016706,0.00337643828243],[-0.000243206362939,0.000477567285998,-0.00146320171189,-0.000418444134993,0.00010473200382,0.000468266196549,0.00091736507602,-0.00198111287318,0.00152009620797,0.00411459989846,-0.00788795016706,0.0179340988398,-0.00876188091934],[0.000320743478369,-0.0000506042852066,0.0000882680978975,-0.000838582811411,0.000986918690614,0.000252808909863,-0.00116322701797,0.000324472959619,0.000137230090331,-0.000540710519999,0.00337643828243,-0.00876188091934,0.0147109972313]],"mean":[-742.748657227,137.475418091,-4.68187236786,28.4192905426,-3.58902001381,10.6935110092,-8.71454906464,-7.51419019699,-13.6781806946,0.72446924448,-4.9431552887,-4.56124544144,-5.94353055954]},"pitch_salience":{"dmean":0.065149217844,"dmean2":0.104894697666,"dvar":0.00383368693292,"dvar2":0.00946036726236,"max":0.83472853899,"mean":0.508738040924,"median":0.521307229996,"min":0.0960964336991,"var":0.0177353546023},"silence_rate_20dB":{"dmean":0,"dmean2":0,"dvar":0,"dvar2":0,"max":1,"mean":1,"median":1,"min":1,"var":0},"silence_rate_30dB":{"dmean":0.000343524559867,"dmean2":0.00068716716487,"dvar":0.000343407096807,"dvar2":0.00103028048761,"max":1,"mean":0.999828279018,"median":1,"min":0,"var":0.000171690582647},"silence_rate_60dB":{"dmean":0.0243902429938,"dmean2":0.0487888678908,"dvar":0.0237955208868,"dvar2":0.0536238513887,"max":1,"mean":0.245062679052,"median":0,"min":0,"var":0.185010358691},"spectral_centroid":{"dmean":190.282684326,"dmean2":281.725158691,"dvar":113866,"dvar2":185536.9375,"max":11381.9160156,"mean":935.934936523,"median":762.277404785,"min":180.667541504,"var":425483.90625},"spectral_complexity":{"dmean":1.86602544785,"dmean2":2.89194297791,"dvar":6.50235033035,"dvar2":13.0713596344,"max":50,"mean":10.4662542343,"median":10,"min":0,"var":58.7517814636},"spectral_contrast_coeffs":{"dmean":[0.0456331372261,0.0421564169228,0.0351263098419,0.0297997575253,0.0206666793674,0.0171335190535],"dmean2":[0.0730807781219,0.0664513707161,0.0565443709493,0.0489045828581,0.0326982811093,0.026351666078],"dvar":[0.00150511821266,0.00129982084036,0.000888082198799,0.000648287241347,0.000393140770029,0.000293372751912],"dvar2":[0.00383015419357,0.00311595667154,0.00205530412495,0.00168956210837,0.000832841033116,0.000622527790256],"max":[-0.273447871208,-0.373336911201,-0.490035772324,-0.569795846939,-0.515167534351,-0.526014268398],"mean":[-0.574100673199,-0.68537569046,-0.755477428436,-0.759718477726,-0.810022473335,-0.747001051903],"median":[-0.564855873585,-0.680399775505,-0.761055350304,-0.758678555489,-0.811301350594,-0.741161465645],"min":[-0.947155833244,-0.959309101105,-0.961356759071,-0.963607847691,-0.963162362576,-0.962448775768],"var":[0.0141264600679,0.00909929070622,0.00737807387486,0.00455922307447,0.00261700176634,0.0031649984885]},"spectral_contrast_valleys":{"dmean":[0.347434908152,0.323382109404,0.311459243298,0.278197437525,0.250460714102,0.25667449832],"dmean2":[0.569594800472,0.523006021976,0.501185238361,0.434058070183,0.370067238808,0.362663239241],"dvar":[0.120299004018,0.107328310609,0.100741200149,0.0904953628778,0.0899349972606,0.107600852847],"dvar2":[0.258818805218,0.222400262952,0.206352204084,0.175645306706,0.152827113867,0.183867305517],"max":[-6.000872612,-4.98371219635,-5.14878845215,-6.02242136002,-5.4762969017,-7.47514867783],"mean":[-8.44549274445,-7.85536050797,-8.58211898804,-8.84253692627,-8.68921852112,-11.7437868118],"median":[-8.12801170349,-7.22470235825,-7.98051691055,-8.32746124268,-8.21317005157,-11.4319171906],"min":[-27.7096099854,-27.6154136658,-27.2716140747,-27.0867538452,-27.1653518677,-27.192281723],"var":[2.87969994545,4.0671339035,3.77259469032,3.27210760117,3.04031419754,2.08375811577]},"spectral_decrease":{"dmean":1.23665566676e-9,"dmean2":1.83349480043e-9,"dvar":3.40687797644e-18,"dvar2":7.53963299659e-18,"max":-4.71072112747e-17,"mean":-4.62917926214e-9,"median":-3.13972114974e-9,"min":-2.88088024547e-8,"var":2.19846359212e-17},"spectral_energy":{"dmean":0.00490504642949,"dmean2":0.00726927677169,"dvar":0.0000530005527253,"dvar2":0.00011645941413,"max":0.113069288433,"mean":0.0185616277158,"median":0.0125976102427,"min":2.71219185999e-10,"var":0.00035098977969},"spectral_energyband_high":{"dmean":0.000283453322481,"dmean2":0.000398239237256,"dvar":0.00000317976946462,"dvar2":0.00000544518161405,"max":0.0657391697168,"mean":0.000459796923678,"median":0.0000510920071974,"min":6.29169355504e-11,"var":0.00000811140307633},"spectral_energyband_low":{"dmean":0.00110595545266,"dmean2":0.00177385099232,"dvar":0.00000596030622546,"dvar2":0.0000153135461005,"max":0.0420130491257,"mean":0.00264795962721,"median":0.000870659714565,"min":1.3045863001e-10,"var":0.0000192888182937},"spectral_energyband_middle_high":{"dmean":0.000990402069874,"dmean2":0.00147490738891,"dvar":0.0000046919799388,"dvar2":0.00000937642016652,"max":0.0678861886263,"mean":0.00291515886784,"median":0.00136103853583,"min":1.25414973545e-11,"var":0.0000240557455982},"spectral_energyband_middle_low":{"dmean":0.00437455205247,"dmean2":0.00654211593792,"dvar":0.00004677328252,"dvar2":0.000105149956653,"max":0.0978470146656,"mean":0.0137763191015,"median":0.00849205628037,"min":7.17907261416e-11,"var":0.00023422522645},"spectral_entropy":{"dmean":0.182965829968,"dmean2":0.269933909178,"dvar":0.0349500291049,"dvar2":0.072270154953,"max":9.81621170044,"mean":7.09710216522,"median":7.11571645737,"min":4.75570440292,"var":0.331477195024},"spectral_flux":{"dmean":0.0148611906916,"dmean2":0.0239661335945,"dvar":0.000341850100085,"dvar2":0.000837875821162,"max":0.289060086012,"mean":0.0519076399505,"median":0.0446026995778,"min":0.0000208435794775,"var":0.00171214016154},"spectral_kurtosis":{"dmean":2.56566524506,"dmean2":4.39170742035,"dvar":7.34561252594,"dvar2":20.9772930145,"max":42.424987793,"mean":5.78565883636,"median":4.57431793213,"min":-1.20794570446,"var":22.21616745},"spectral_rms":{"dmean":0.000497905013617,"dmean2":0.000729640421923,"dvar":3.68628946035e-7,"dvar2":7.77546176778e-7,"max":0.0105029279366,"mean":0.00359670817852,"median":0.00350575963967,"min":5.14396845119e-7,"var":0.00000517248508913},"spectral_rolloff":{"dmean":280.93762207,"dmean2":473.185119629,"dvar":501098.3125,"dvar2":989234.375,"max":15611.5722656,"mean":1004.55462646,"median":667.529296875,"min":21.533203125,"var":1202859.25},"spectral_skewness":{"dmean":0.300109893084,"dmean2":0.483101189137,"dvar":0.0784329622984,"dvar2":0.190248548985,"max":4.80362272263,"mean":1.65754902363,"median":1.59277462959,"min":-0.477728307247,"var":0.442872822285},"spectral_spread":{"dmean":358994.34375,"dmean2":557500.6875,"dvar":316568666112,"dvar2":522798596096,"max":39978628,"mean":3785649.75,"median":3413603.75,"min":1373994.625,"var":3172987568130},"spectral_strongpeak":{"dmean":0.395487487316,"dmean2":0.667595982552,"dvar":0.562458515167,"dvar2":1.46851742268,"max":13.5667314529,"mean":0.864287257195,"median":0.562289118767,"min":0,"var":1.02154755592},"zerocrossingrate":{"dmean":0.00755267590284,"dmean2":0.00889710336924,"dvar":0.000144496007124,"dvar2":0.000151360945893,"max":0.3056640625,"mean":0.0457345023751,"median":0.03515625,"min":0.0048828125,"var":0.00151524669491}},"metadata":{"audio_properties":{"analysis_sample_rate":44100,"bit_rate":0,"codec":"flac","downmix":"mix","equal_loudness":0,"length":135.173339844,"lossless":true,"md5_encoded":"d7cd47a96e6a8d89a8c952ccfbfa84a3","replay_gain":-3.13530731201,"sample_rate":44100},"tags":{"acoustid_id":["5ba5083b-7cfc-4f7e-b528-ad94a642d959"],"album":["Collected Works"],"albumartist":["Simon & Garfunkel"],"albumartistsort":["Simon & Garfunkel"],"artist":["Simon & Garfunkel"],"artistsort":["Simon & Garfunkel"],"asin":["B0000026VB"],"barcode":["0074644532227"],"bpm":["89.7"],"catalognumber":["C3K 45322"],"compilation":["1"],"date":["1990"],"discnumber":["2"],"disctotal":["3"],"file_name":"2-03 Cloudy.flac","genre":["Folk Rock"],"grouping":["Rock"],"isrc":["USRC10100771"],"label":["CBS"],"language":["eng"],"media":["CD"],"musicbrainz_albumartistid":["5d02f264-e225-41ff-83f7-d9b1f0b1874a"],"musicbrainz_albumid":["d5ab4092-cf98-4671-8bfe-b269a87bab87"],"musicbrainz_artistid":["5d02f264-e225-41ff-83f7-d9b1f0b1874a"],"musicbrainz_discid":["Mf9Wl5nID8rGUMhku.vqEscRpiQ-"],"musicbrainz_recordingid":["5c89d777-9384-4041-8247-0378874e4ba6"],"musicbrainz_releasegroupid":["ac8f1f79-5a29-3057-a497-112ceedb49d3"],"musicbrainz_releasetrackid":["8d4742f6-e3e5-333a-864b-373a2b1b5a3d"],"originaldate":["1990"],"releasecountry":["US"],"releasestatus":["official"],"releasetype":["album","compilation"],"script":["Latn"],"title":["Cloudy"],"totaldiscs":["3"],"tracknumber":["3"],"tracktotal":["24"]},"version":{"essentia":"2.1-beta2","essentia_build_sha":"70f2e5ece6736b2c40cc944ad0e695b16b925413","essentia_git_sha":"v2.1_beta2","extractor":"music 1.0"}},"rhythm":{"beats_count":208,"beats_loudness":{"dmean":0.0123303327709,"dmean2":0.021490605548,"dvar":0.000162258715136,