{"lowlevel":{"average_loudness":0.888799369335,"barkbands":{"dmean":[0.00193125079386,0.00679505895823,0.00307868863456,0.00117687671445,0.00169648812152,0.00174403598066,0.00118724675849,0.00169162242673,0.00079301657388,0.000637179706246,0.000648827815894,0.000409138097893,0.000395490496885,0.000123667996377,0.000125401420519,0.0000873709577718,0.0000756421723054,0.0000800456327852,0.0000953104245127,0.0000826749383123,0.0000919076774153,0.000153002198203,0.000179339811439,0.000105538201751,0.00000330606553689,0.000158588431077,0.00015008833725],"dmean2":[0.00324139022268,0.0113592054695,0.00527107343078,0.0020265521016,0.00286682811566,0.00257410830818,0.00181111705024,0.00269468221813,0.00125830236357,0.00102475949097,0.00107090885285,0.00066882756073,0.000642785860691,0.000204540134291,0.000206587545108,0.00014269730309,0.000120285752928,0.000123753678054,0.000139519906952,0.000118485637358,0.000129479652969,0.00020917893562,0.000253726640949,0.000142429344123,0.00000522987465956,0.000217685214011,0.000195752771106],"dvar":[0.0000168222250068,0.000135530208354,0.0000320371946145,0.00000685079248797,0.0000207498324016,0.0000224681552936,0.00000990459921013,0.0000391516805394,0.00000277480853583,0.00000156160422193,0.00000176819742137,9.63129082265e-7,3.31365868078e-7,3.26822124919e-8,4.80049315854e-8,2.27981598044e-8,1.89927025218e-8,2.26571419404e-8,3.8846003747e-8,2.16377706863e-8,3.49805588939e-8,1.85664006835e-7,3.04986457422e-7,1.8885552322e-7,1.32699989885e-10,3.46121964867e-7,9.36975652621e-8],"dvar2":[0.0000422713819717,0.0003629734274,0.0000883329921635,0.0000186130764632,0.000055890843214,0.0000442676573584,0.000021885307433,0.0000978636744549,0.00000650758011034,0.00000378239292331,0.00000458423937744,0.00000254317342296,8.35044318137e-7,8.34564488628e-8,1.20531524317e-7,5.86668065239e-8,4.56032012153e-8,5.3621803886e-8,8.45887484502e-8,4.55736746119e-8,7.08114100689e-8,3.62802410336e-7,5.64494541777e-7,3.18768655916e-7,2.89334972647e-10,5.97217365339e-7,1.63211140602e-7],"max":[0.0470767617226,0.159715399146,0.0691933035851,0.0293215904385,0.0665401518345,0.118387013674,0.0743317306042,0.138662040234,0.0497081764042,0.0245074238628,0.0294900089502,0.0437774173915,0.00976080168039,0.00304751470685,0.0062451614067,0.00218194699846,0.002114307601,0.00247393059544,0.00598666770384,0.00262296805158,0.00405349582434,0.0107697015628,0.0109201380983,0.0109571432695,0.000355379626853,0.0178339537233,0.0125732878223],"mean":[0.00201850454323,0.00827263761312,0.00351638905704,0.001200735569,0.00179579341784,0.00301258335821,0.00201789452694,0.00264741969295,0.00129077641759,0.00103627156932,0.00106823490933,0.000692047935445,0.000734154833481,0.000211810853216,0.000204028430744,0.00014566781465,0.000127538631205,0.000142505348776,0.000171989930095,0.000153901142767,0.000166017503943,0.000248757074587,0.000247837044299,0.000142193457577,0.00000332240733769,0.000224728268222,0.000390010478441],"median":[0.000816211279016,0.00433133449405,0.00148930959404,0.00033850048203,0.000466155470349,0.000687889754772,0.000347666675225,0.000208619705518,0.000521117588505,0.000576906313654,0.000501225644257,0.000387173873605,0.000485747761559,0.000137756200274,0.000111023895442,0.0000697488503647,0.0000530135293957,0.0000571276759729,0.0000588176844758,0.0000504418931087,0.0000452218373539,0.0000359881269105,0.000016817379219,0.00000287352531814,6.87148940415e-7,0.00000940106019698,0.000201236383873],"min":[8.42910025687e-24,4.55238059995e-23,1.36789096277e-23,3.80170845116e-23,2.66305999413e-23,5.89916306485e-23,5.34380751193e-23,7.02336306108e-23,3.8788555767e-23,9.51285093687e-23,9.08884072466e-23,4.10907358783e-23,8.33951752801e-23,1.05251759417e-22,1.29913362539e-22,7.78400546509e-23,2.261815929e-22,2.60281639074e-22,3.15310606825e-22,3.24270148199e-22,4.32366457998e-22,4.12841809806e-22,6.76639648059e-22,1.00103303526e-21,1.09091925468e-21,1.5724537847e-21,2.66766817875e-21],"var":[0.0000150974456119,0.000125207327073,0.0000331257433572,0.00000638746541881,0.0000191163890122,0.0000750446706661,0.000025639516025,0.0000859181091073,0.00000588003376834,0.00000258447221313,0.00000331572550749,0.00000159501848884,7.2021515507e-7,5.71787808212e-8,8.75143086887e-8,3.89073200324e-8,3.63627528088e-8,5.01084151949e-8,9.39160287317e-8,5.72481440031e-8,7.87697942428e-8,3.82380221708e-7,5.72773160457e-7,3.60360900231e-7,1.5684308019e-10,6.87813439981e-7,2.92697620807e-7]},"barkbands_crest":{"dmean":3.28659343719,"dmean2":5.41794776917,"dvar":8.19622898102,"dvar2":21.9037284851,"max":26.9013633728,"mean":10.7543802261,"median":9.93532752991,"min":2.20295882225,"var":22.1571617126},"barkbands_flatness_db":{"dmean":0.0263954624534,"dmean2":0.0409562177956,"dvar":0.000599022954702,"dvar2":0.00139571318869,"max":0.53098654747,"mean":0.135477989912,"median":0.124789580703,"min":0.0212599039078,"var":0.0043552108109},"barkbands_kurtosis":{"dmean":5.67259836197,"dmean2":8.98655986786,"dvar":431.847595215,"dvar2":990.885437012,"max":1614.62402344,"mean":15.6796302795,"median":3.80628013611,"min":-1.87715387344,"var":7841.09423828},"barkbands_skewness":{"dmean":0.712485551834,"dmean2":1.10296058655,"dvar":0.614940464497,"dvar2":1.42626607418,"max":39.4762878418,"mean":2.07192087173,"median":1.61994194984,"min":-2.45607352257,"var":9.02827739716},"barkbands_spread":{"dmean":7.95372533798,"dmean2":11.7399520874,"dvar":86.9720840454,"dvar2":182.619781494,"max":126.162666321,"mean":27.0314922333,"median":20.7915382385,"min":0.317086517811,"var":410.8644104},"dissonance":{"dmean":0.0204517338425,"dmean2":0.0341723002493,"dvar":0.000532998878043,"dvar2":0.00140911038034,"max":0.500000059605,"mean":0.466205686331,"median":0.476855903864,"min":0,"var":0.0010415406432},"dynamic_complexity":4.95871782303,"erbbands":{"dmean":[0.236523658037,1.45558488369,3.75736451149,3.13004636765,5.29345083237,6.12674236298,5.95797681808,18.5533332825,17.0245895386,16.6142520905,40.3970489502,19.5689697266,19.2073974609,23.2066783905,20.4722194672,16.8646354675,17.7245769501,7.78873252869,6.11244010925,4.98642921448,4.65629434586,4.17876577377,4.03559350967,4.4541888237,4.70328092575,4.0956659317,3.78723049164,4.17778110504,4.68179130554,6.08844089508,4.92670583725,3.06705284119,1.19197034836,0.10926809907,0.0229505673051,0.23127566278,0.387253552675,0.14348974824,0.0191975608468,0.00305791036226],"dmean2":[0.400045156479,2.44633579254,6.36294603348,5.31019830704,9.00757408142,10.4503746033,9.37160968781,27.0339488983,25.6819076538,26.1590213776,63.7427597046,30.4599723816,30.6609573364,37.5309715271,33.7111282349,27.5251712799,28.7749652863,12.7592391968,9.91636753082,8.22542572021,7.51815080643,6.57645750046,6.19551706314,6.6278219223,6.84584379196,5.93078756332,5.34974193573,5.81502008438,6.34387731552,8.48877620697,7.05765104294,4.19419336319,1.61868059635,0.152819171548,0.0334250405431,0.319674104452,0.531277894974,0.192548498511,0.0243015252054,0.0044142305851],"dvar":[0.214186146855,6.18021965027,47.6651611328,36.1848220825,198.89414978,280.676147461,210.580596924,3017.90698242,2007.5345459,1964.7565918,23394.0839844,1870.85876465,1427.77832031,2908.7043457,2010.17578125,1600.27648926,672.501586914,119.901451111,101.671852112,71.9238052368,67.5622558594,56.6518745422,59.5970039368,88.0016479492,80.5670318604,54.5778617859,55.543510437,88.5960617065,154.278823853,336.871765137,242.045669556,136.522155762,28.3630218506,0.213976338506,0.00375866121612,0.967930912971,2.21724319458,0.237172916532,0.00183989026118,0.0000148805556819],"dvar2":[0.5916492939,16.2314090729,126.79221344,96.0509567261,531.08984375,761.492675781,483.967102051,5670.00732422,4541.76123047,4800.71777344,57329.671875,4246.11132812,3371.81201172,6793.71533203,5206.40527344,4281.43896484,1718.21606445,305.163482666,246.361633301,188.982254028,169.421966553,134.425613403,139.435089111,196.453140259,175.801177979,117.469100952,115.301452637,177.306228638,297.207489014,653.744873047,440.494506836,230.606613159,51.465057373,0.384428799152,0.00694470014423,1.77544248104,3.90673184395,0.450974136591,0.00310920528136,0.0000290913958452],"max":[4.94586467743,40.5249633789,84.5089950562,81.2193832397,184.985687256,237.227859497,393.768737793,1477.58959961,1189.96740723,1036.32397461,3520.86254883,1467.34301758,968.556762695,1136.17553711,1226.12854004,1915.11950684,504.149169922,188.183883667,337.900299072,155.297027588,115.194519043,109.612159729,125.455886841,299.089904785,192.218566895,111.081550598,158.857467651,226.563858032,353.736236572,396.805023193,294.518463135,263.918182373,143.439056396,15.1439723969,1.55501186848,29.1739253998,47.4055252075,23.1459960938,1.30862593651,0.0864572525024],"mean":[0.269865095615,1.72390723228,4.32750272751,3.88030385971,5.33365058899,6.48338651657,8.99714374542,32.3844261169,29.379825592,27.8412837982,65.6621551514,33.7863845825,32.1854171753,40.5293579102,36.2345962524,30.7349853516,34.1634559631,15.4810962677,11.156452179,8.87679386139,8.00120639801,7.41101551056,7.39407491684,8.26885795593,8.57252216339,7.54708433151,6.95681285858,7.23596906662,7.85848522186,8.82352256775,6.84899711609,4.23630619049,1.53028690815,0.131496906281,0.0278021730483,0.298634052277,0.547083616257,0.224089995027,0.040488589555,0.0127603271976],"median":[0.135620251298,0.81840133667,1.99921703339,1.66825807095,1.40485072136,1.65023767948,2.86663961411,6.53606748581,5.58868169785,4.94106817245,6.6497592926,11.5618715286,17.1738052368,22.4318027496,17.0090866089,18.8564662933,23.7009353638,11.4785318375,6.93516683578,4.90902996063,3.82004737854,3.2427406311,3.0636343956,3.01791286469,2.84959578514,2.5060634613,2.09315180779,1.62912797928,1.28277921677,0.900218188763,0.408030748367,0.119223311543,0.0239608474076,0.0101537806913,0.00589951127768,0.006377116777,0.0186846293509,0.0255135819316,0.0120072346181,0.0118985651061],"min":[1.50430559308e-21,9.44012442375e-21,1.31955769113e-20,8.19434583104e-20,8.14617936247e-20,1.09502686478e-19,3.69067800944e-19,3.83466456319e-19,8.67870557463e-19,1.11746848159e-18,1.14459121689e-18,8.63221750721e-19,1.86183694109e-18,3.41158773606e-18,3.16726133058e-18,1.85222861789e-18,4.18666341464e-18,4.10987996069e-18,5.72721699517e-18,6.46474735935e-18,7.21177417054e-18,1.04445465513e-17,1.16130152671e-17,1.73476235347e-17,1.36915365124e-17,1.33240714514e-17,2.19062986085e-17,1.59542576451e-17,1.4542707017e-17,1.59334656333e-17,1.91743973236e-17,2.28553096904e-17,1.49772613888e-17,9.48131540747e-18,8.38813253507e-18,6.0252832571e-18,3.08369437522e-18,1.35783465649e-18,3.75202585957e-19,3.83226832435e-20],"var":[0.177259281278,5.96902894974,49.7186965942,39.9039764404,173.793045044,272.453308105,441.871124268,10437.8457031,5120.74462891,4174.84326172,54148.3789062,4575.91699219,2540.77490234,5000.00976562,4639.10839844,2519.93139648,1475.01147461,247.046264648,206.86656189,130.117385864,120.422065735,114.687492371,131.426849365,218.224884033,202.280670166,136.231124878,124.845626831,196.069320679,335.029724121,612.903015137,465.330322266,269.440368652,48.8072090149,0.347191780806,0.00643807509914,1.70022249222,4.33932876587,0.442326068878,0.00512994965538,0.000105006380181]},"erbbands_crest":{"dmean":3.02692985535,"dmean2":4.75490140915,"dvar":8.51011371613,"dvar2":19.9886112213,"max":31.7911090851,"mean":9.82241153717,"median":8.49132061005,"min":2.08515739441,"var":29.0752639771},"erbbands_flatness_db":{"dmean":0.0246292445809,"dmean2":0.0352061800659,"dvar":0.000593410979491,"dvar2":0.00109158363193,"max":0.336953490973,"mean":0.143428400159,"median":0.138065129519,"min":0.0305363498628,"var":0.00269657745957},"erbbands_kurtosis":{"dmean":1.61921358109,"dmean2":2.52946615219,"dvar":6.75254201889,"dvar2":15.9819583893,"max":67.2791748047,"mean":1.76436161995,"median":0.645731687546,"min":-1.76142311096,"var":15.1801805496},"erbbands_skewness":{"dmean":0.450941950083,"dmean2":0.674854576588,"dvar":0.179120048881,"dvar2":0.394661009312,"max":6.63679027557,"mean":0.366558104753,"median":0.274667650461,"min":-3.12522864342,"var":0.862473428249},"erbbands_spread":{"dmean":9.35828971863,"dmean2":13.6621198654,"dvar":113.859466553,"dvar2":227.614471436,"max":118.109062195,"mean":31.9668598175,"median":27.3871021271,"min":1.69477748871,"var":369.254089355},"gfcc":{"cov":[[19391.3378906,333.761169434,-405.760955811,132.868179321,-546.568481445,-211.881195068,79.2220687866,-457.759002686,91.4630813599,-302.518280029,-426.680725098,-93.5101089478,-610.557495117],[333.761169434,1841.20678711,-132.759613037,-501.776519775,261.905822754,-209.285827637,228.396636963,-86.6541061401,58.9331321716,-27.1520214081,135.159576416,-170.408309937,183.720962524],[-405.760955811,-132.759613037,409.678039551,157.379043579,-41.6962738037,194.760818481,-99.463470459,147.197006226,-43.3630027771,17.3964176178,-46.8476676941,-14.1901741028,-1.8667858839],[132.868179321,-501.776519775,157.379043579,442.410797119,48.6490631104,49.2033691406,-18.270942688,-2.52561116219,6.54481458664,-22.8900375366,-94.1878662109,28.2584323883,-100.130500793],[-546.568481445,261.905822754,-41.6962738037,48.6490631104,300.987701416,11.8041172028,110.374710083,-75.3056640625,-7.70869207382,-27.3977413177,28.3613948822,-27.3639221191,55.2865066528],[-211.881195068,-209.285827637,194.760818481,49.2033691406,11.8041172028,300.222015381,-50.6255912781,83.8414154053,-84.9257736206,-6.13251018524,-5.7712635994,15.7861843109,28.1780204773],[79.2220687866,228.396636963,-99.463470459,-18.270942688,110.374710083,-50.6255912781,225.447296143,-53.5716400146,74.7270202637,-12.3967466354,1.95728182793,-23.1333961487,-11.2667617798],[-457.759002686,-86.6541061401,147.197006226,-2.52561116219,-75.3056640625,83.8414154053,-53.5716400146,232.238174438,25.2970867157,47.1903953552,-7.43911552429,-33.8286819458,16.5643692017],[91.4630813599,58.9331321716,-43.3630027771,6.54481458664,-7.70869207382,-84.9257736206,74.7270202637,25.2970867157,153.930923462,54.2985420227,-1.36447381973,-10.0608024597,-31.3306903839],[-302.518280029,-27.1520214081,17.3964176178,-22.8900375366,-27.3977413177,-6.13251018524,-12.3967466354,47.1903953552,54.2985420227,93.9226989746,41.8525886536,8.99796390533,17.0642261505],[-426.680725098,135.159576416,-46.8476676941,-94.1878662109,28.3613948822,-5.7712635994,1.95728182793,-7.43911552429,-1.36447381973,41.8525886536,107.196525574,42.0425109863,62.2429046631],[-93.5101089478,-170.408309937,-14.1901741028,28.2584323883,-27.3639221191,15.7861843109,-23.1333961487,-33.8286819458,-10.0608024597,8.99796390533,42.0425109863,117.522766113,22.7317333221],[-610.557495117,183.720962524,-1.8667858839,-100.130500793,55.2865066528,28.1780204773,-11.2667617798,16.5643692017,-31.3306903839,17.0642261505,62.2429046631,22.7317333221,133.712295532]],"icov":[[0.0000863631939865,-0.000206417840673,0.000276341510471,-0.000185298806173,0.000279079918982,-0.000271045224508,0.000104860555439,0.0000997341339826,-0.00000874236320669,-0.000058002427977,0.000380215118639,-0.000200747643248,0.000343766936567],[-0.000206417840673,0.00274714408442,-0.00289133936167,0.00268770335242,-0.00165596848819,0.00240841205232,-0.00126583664678,0.000907083565835,-0.00148444389924,0.00298391934484,-0.00373205286451,0.00356738688424,-0.00238451571204],[0.000276341510471,-0.00289133936167,0.00858334451914,-0.00477703753859,0.00247939350083,-0.00511753652245,0.00226142047904,-0.00253531010821,0.00173975981306,-0.00391685310751,0.00480884732679,-0.00235044886358,0.0014035878703],[-0.000185298806173,0.00268770335242,-0.00477703753859,0.00819030217826,-0.00506283761933,0.00311972247437,-0.000423568097176,0.000431166932685,-0.00114769116044,0.00133504648693,0.00137049041223,-0.00143925496377,0.00204182439484],[0.000279079918982,-0.00165596848819,0.00247939350083,-0.00506283761933,0.00919646397233,-0.00303777656518,-0.00200884393416,0.00239510089159,-0.000184125412488,0.00121628504712,-0.0024065093603,0.00361542264,-0.00352812930942],[-0.000271045224508,0.00240841205232,-0.00511753652245,0.00311972247437,-0.00303777656518,0.00870659481734,-0.00217282748781,-0.00145099917427,0.00293387216516,0.00113362376578,-0.00215278123505,0.000388753454899,-0.00138533790596],[0.000104860555439,-0.00126583664678,0.00226142047904,-0.000423568097176,-0.00200884393416,-0.00217282748781,0.00887424591929,0.000421043107053,-0.00475835427642,0.00149419263471,0.00149163906462,-0.00114884017967,0.00211186753586],[0.0000997341339826,0.000907083565835,-0.00253531010821,0.000431166932685,0.00239510089159,-0.00145099917427,0.000421043107053,0.00913465768099,-0.00405308883637,0.000565435620956,-0.00206665322185,0.00543069047853,-0.00326718343422],[-0.00000874236320669,-0.00148444389924,0.00173975981306,-0.00114769116044,-0.000184125412488,0.00293387216516,-0.00475835427642,-0.00405308883637,0.0172320958227,-0.0125045683235,0.00605264399201,-0.00478843925521,0.00435366714373],[-0.000058002427977,0.00298391934484,-0.00391685310751,0.00133504648693,0.00121628504712,0.00113362376578,0.00149419263471,0.000565435620956,-0.0125045683235,0.0271185338497,-0.0159307233989,0.00746813090518,-0.00435036141425],[0.000380215118639,-0.00373205286451,0.00480884732679,0.00137049041223,-0.0024065093603,-0.00215278123505,0.00149163906462,-0.00206665322185,0.00605264399201,-0.0159307233989,0.0303957797587,-0.0148794250563,0.00161947938614],[-0.000200747643248,0.00356738688424,-0.00235044886358,-0.00143925496377,0.00361542264,0.000388753454899,-0.00114884017967,0.00543069047853,-0.00478843925521,0.00746813090518,-0.0148794250563,0.0216187424958,-0.00809923093766],[0.000343766936567,-0.00238451571204,0.0014035878703,0.00204182439484,-0.00352812930942,-0.00138533790596,0.00211186753586,-0.00326718343422,0.00435366714373,-0.00435036141425,0.00161947938614,-0.00809923093766,0.0184051748365]],"mean":[-18.9974632263,83.5229568481,-88.7155151367,-0.921800196171,-24.7194404602,-7.60963773727,12.9583454132,-18.6716442108,0.286236703396,-5.87867975235,-4.03322124481,5.1901640892,-13.8945436478]},"hfc":{"dmean":18.3002128601,"dmean2":26.6359882355,"dvar":631.967834473,"dvar2":1163.19763184,"max":560.590332031,"mean":78.7347183228,"median":78.2206573486,"min":1.17006934342e-16,"var":2812.43066406},"melbands":{"dmean":[0.00200349604711,0.00191501062363,0.000595453428105,0.000433751847595,0.000210818237974,0.00039174745325,0.0002559076529,0.000220596542931,0.000295938632917,0.000122774887132,0.0000968842141447,0.0000946018262766,0.0000762971394579,0.0000469399019494,0.0000436531699961,0.0000396387149522,0.0000129646450659,0.0000102393114503,0.0000100329743873,0.0000060731231315,0.00000566907419852,0.00000468717917101,0.0000039836668293,0.00000401248416892,0.00000377470860258,0.00000405706168749,0.00000284045859189,0.0000029477789667,0.00000244932311944,0.00000238181428358,0.00000270910595646,0.00000274679723589,0.00000315757756653,0.00000360535182153,0.00000312825477522,0.00000229202464652,0.0000017959756633,0.00000101998091395,3.05085478658e-7,2.06726404883e-8],"dmean2":[0.00334023940377,0.00320798740722,0.0010000980692,0.000739783165045,0.000333215633873,0.000572884222493,0.00038646676694,0.000352288014255,0.000466842117021,0.000193295942154,0.00015534015256,0.00015309198352,0.000126099388581,0.0000761997143854,0.0000710549284122,0.0000647585620754,0.0000214444444282,0.0000167404195963,0.0000165742148965,0.0000100119468698,0.0000092422878879,0.00000754082793719,0.00000620720811639,0.00000627350254945,0.00000574706109546,0.00000608625487075,0.00000416997909269,0.00000442067585027,0.0000035519587982,0.00000350858499587,0.00000388792159356,0.00000388861417377,0.00000445004843641,0.00000519453851666,0.00000456988300357,0.00000322575829159,0.00000249947197517,0.00000142241628964,4.3464939381e-7,3.31295879619e-8],"dvar":[0.0000130160096887,0.0000110336768557,0.00000141180476021,0.0000014068539258,2.22944279926e-7,0.00000120203378629,4.31059731909e-7,4.11655150856e-7,0.000001136175797,7.80244917564e-8,3.59282310569e-8,4.73632510989e-8,2.44354474432e-8,1.45169343213e-8,5.63460966774e-9,3.65959307302e-9,3.69568819991e-10,2.69172406586e-10,3.1253827304e-10,1.13554221581e-10,1.0574457282e-10,7.2796192685e-11,5.43303978195e-11,5.77986131178e-11,6.85290782454e-11,7.20831311307e-11,2.76076054379e-11,3.00352243077e-11,2.13584930991e-11,2.68692759015e-11,4.41843193977e-11,5.34396485397e-11,8.66176019798e-11,1.22271096026e-10,9.37758065644e-11,6.53449030996e-11,5.44310534145e-11,2.19599390755e-11,2.16286407187e-12,2.61122999342e-15],"dvar2":[0.0000352391652996,0.000028537999242,0.00000365006440006,0.00000381957352147,5.1722884109e-7,0.0000023002596663,9.63259481068e-7,0.00000104687092062,0.00000276997411675,1.79546319146e-7,8.52600834378e-8,1.10872974801e-7,6.3818255569e-8,3.7625341065e-8,1.4676025728e-8,9.31235177859e-9,9.44960998339e-10,6.69547361998e-10,7.93615895223e-10,3.02655511764e-10,2.66396793513e-10,1.80160816821e-10,1.28631091889e-10,1.40471329013e-10,1.5693711608e-10,1.64056712659e-10,6.08596159579e-11,6.83774217802e-11,4.53834504699e-11,5.91976953568e-11,9.3232407905e-11,1.10630414552e-10,1.74439282463e-10,2.47227377459e-10,1.79433079506e-10,1.20050372421e-10,9.68329513795e-11,4.20381056354e-11,4.07334322522e-12,5.80383248514e-15],"max":[0.0396178402007,0.0438949204981,0.0158840753138,0.0173673592508,0.0101783536375,0.0285785235465,0.0154322180897,0.0140137253329,0.024162242189,0.0097697833553,0.00468516442925,0.00448042433709,0.00352326082066,0.00553554017097,0.00310875987634,0.00119471957441,0.000383832550142,0.000482776638819,0.000357459677616,0.000159325631103,0.000157670016051,0.000132057451992,0.000114908667456,0.000107573709101,0.00026595412055,0.000219169101911,0.0000961142795859,0.0000848461713758,0.000107235631731,0.00011921733676,0.000141196869663,0.000190658160136,0.000239747241721,0.00024010289053,0.000180671646376,0.000159523988259,0.000176078581717,0.000122171084513,0.0000477714420413,0.00000140401675708],"mean":[0.00245178188197,0.00233445456252,0.000739194452763,0.000446891091997,0.000312606833177,0.000686397135723,0.000441807642346,0.000354546908056,0.000481101596961,0.000200417183805,0.000156376831001,0.000159400486154,0.000129662555992,0.0000819580673124,0.0000791778220446,0.0000694915652275,0.0000229682518693,0.0000172277577803,0.0000159299943334,0.00000980055665423,0.00000908236415853,0.00000770739097788,0.00000663839591653,0.00000682599193169,0.0000065627150434,0.00000693807760399,0.00000499397810927,0.00000507647018821,0.0000043526765694,0.00000394898233935,0.0000043799877858,0.000004438403721,0.00000477031926494,0.00000490590991831,0.00000415695467382,0.00000318330944538,0.00000235786728808,0.00000128119086185,3.49091379803e-7,2.12731343652e-8],"median":[0.00134330382571,0.00124224147294,0.000306852423819,0.000110636734462,0.0000995245136437,0.000140105083119,0.0000828042248031,0.0000487826146127,0.000053452586144,0.0000742930642446,0.0000821672583697,0.0000854313766467,0.0000601663341513,0.0000434172106907,0.0000521479851159,0.0000450711304438,0.0000156405003509,0.0000101544701465,0.00000829820055515,0.00000483004214402,0.00000393295613321,0.00000321327956954,0.00000270270766123,0.0000026589814297,0.00000229887791647,0.00000225088274419,0.00000165130074947,0.00000161567766099,0.00000130585306124,0.00000107787093384,8.90312151114e-7,7.44559031318e-7,6.09800281381e-7,4.36483134081e-7,2.44944999395e-7,1.34505512506e-7,4.15413232702e-8,1.21661019037e-8,8.94535823193e-9,5.86605031216e-9],"min":[1.37094054126e-23,9.0355946646e-24,1.48459378291e-23,5.37630163925e-24,1.14928048765e-23,1.0264288123e-23,1.2426097536e-23,1.41035629193e-23,9.01823814696e-24,4.88548185035e-24,1.02359727496e-23,1.4418848535e-23,1.28643902327e-23,5.07120337327e-24,5.07813391075e-24,9.85559427633e-24,7.25195333663e-24,8.26169845075e-24,1.30230183278e-23,5.46724112997e-24,9.90842665774e-24,1.17761700245e-23,9.40066055888e-24,1.24305427672e-23,1.43737114917e-23,1.15626892752e-23,8.32528537288e-24,8.98361267525e-24,1.62295856574e-23,8.52821195214e-24,9.83795376877e-24,8.48384957027e-24,7.49255591272e-24,9.73794987182e-24,1.19556303585e-23,1.1197152431e-23,1.49517177656e-23,1.03304072886e-23,9.62030073413e-24,7.39347656074e-24],"var":[0.0000115924049169,0.0000119010537674,0.00000159215505846,0.00000124917846733,4.62210664409e-7,0.00000411930614064,0.00000111199335606,8.01220494395e-7,0.00000273473256129,1.71146211869e-7,6.2632409481e-8,7.971138416e-8,5.18883034317e-8,2.58194070568e-8,1.04673931745e-8,6.81566358907e-9,6.55523191284e-10,5.04761787923e-10,5.50149426015e-10,1.80599896149e-10,1.76591463674e-10,1.34168842703e-10,1.06686659507e-10,1.1704978653e-10,1.54574728017e-10,1.56630250436e-10,6.58060342329e-11,6.5028857299e-11,4.85861142985e-11,4.87387838422e-11,8.69098473744e-11,1.07530089e-10,1.60003746363e-10,2.03601871474e-10,1.68107375242e-10,1.2571305108e-10,9.83384346176e-11,3.5723930758e-11,3.26320524421e-12,3.05720448685e-15]},"melbands_crest":{"dmean":4.77017402649,"dmean2":8.01344680786,"dvar":16.3182277679,"dvar2":46.6296844482,"max":39.9673919678,"mean":16.5486297607,"median":15.8258886337,"min":1.58644771576,"var":40.2216377258},"melbands_flatness_db":{"dmean":0.0349685736001,"dmean2":0.0539940781891,"dvar":0.000978311523795,"dvar2":0.00233589252457,"max":0.626095592976,"mean":0.236185863614,"median":0.231291368604,"min":0.00335612799972,"var":0.00607987679541},"melbands_kurtosis":{"dmean":10.5628442764,"dmean2":16.9305229187,"dvar":1211.82519531,"dvar2":3034.61401367,"max":2737.05737305,"mean":21.6700382233,"median":5.7920589447,"min":-1.76869428158,"var":12105.8164062},"melbands_skewness":{"dmean":1.03092479706,"dmean2":1.59470641613,"dvar":1.227419734,"dvar2":2.94403553009,"max":50.8108329773,"mean":2.64934635162,"median":2.10606145859,"min":-1.76080608368,"var":10.3868026733},"melbands_spread":{"dmean":8.03331661224,"dmean2":12.4309558868,"dvar":137.33114624,"dvar2":296.556335449,"max":223.68170166,"mean":21.9886894226,"median":16.9003772736,"min":0.0894224643707,"var":443.531555176},"mfcc":{"cov":[[12223.6269531,593.227294922,-350.628448486,542.359191895,-692.699462891,475.190673828,-601.343566895,328.988098145,-341.29095459,264.716583252,-203.169128418,130.268951416,-173.487686157],[593.227294922,2251.55297852,-362.333251953,-127.317481995,-118.075637817,-57.4793281555,170.740875244,-135.286697388,112.405738831,-93.0769424438,153.703903198,-88.3536758423,122.749092102],[-350.628448486,-362.333251953,537.364929199,-83.0878448486,139.39781189,-60.7930526733,20.1940402985,49.9151000977,32.0541915894,54.3939857483,-22.016828537,41.5133132935,-63.8304443359],[542.359191895,-127.317481995,-83.0878448486,398.406616211,-21.7601299286,106.282142639,-82.8911437988,47.586353302,-5.61950397491,59.4340171814,-0.451348096132,-14.214963913,-6.01070451736],[-692.699462891,-118.075637817,139.39781189,-21.7601299286,259.488494873,4.96512365341,105.631607056,-6.92731714249,32.234588623,-29.537563324,-14.2889108658,-13.5299539566,-14.2928781509],[475.190673828,-57.4793281555,-60.7930526733,106.282142639,4.96512365341,255.770294189,28.5688838959,66.099029541,-41.1396980286,2.69927978516,-47.544342041,-15.4237442017,-13.5910167694],[-601.343566895,170.740875244,20.1940402985,-82.8911437988,105.631607056,28.5688838959,200.715332031,8.56991195679,40.9700088501,-48.687046051,10.2037248611,-33.0652732849,7.43678426743],[328.988098145,-135.286697388,49.9151000977,47.586353302,-6.92731714249,66.099029541,8.56991195679,129.881744385,2.48157548904,44.9585494995,-30.1031799316,12.7416772842,-34.3047332764],[-341.29095459,112.405738831,32.0541915894,-5.61950397491,32.234588623,-41.1396980286,40.9700088501,2.48157548904,127.448486328,43.5753898621,57.8660926819,-7.10509395599,5.72646045685],[264.716583252,-93.0769424438,54.3939857483,59.4340171814,-29.537563324,2.69927978516,-48.687046051,44.9585494995,43.5753898621,121.146820068,38.7473373413,30.2170639038,-29.4496040344],[-203.169128418,153.703903198,-22.016828537,-0.451348096132,-14.2889108658,-47.544342041,10.2037248611,-30.1031799316,57.8660926819,38.7473373413,102.494750977,21.6843585968,20.0880966187],[130.268951416,-88.3536758423,41.5133132935,-14.214963913,-13.5299539566,-15.4237442017,-33.0652732849,12.7416772842,-7.10509395599,30.2170639038,21.6843585968,75.330657959,13.3093442917],[-173.487686157,122.749092102,-63.8304443359,-6.01070451736,-14.2928781509,-13.5910167694,7.43678426743,-34.3047332764,5.72646045685,-29.4496040344,20.0880966187,13.3093442917,83.7742004395]],"icov":[[0.000154830660904,-0.000148757608258,0.0000189856855286,-0.0000890799346962,0.00017210750957,-0.000175200955709,0.000308474031044,-0.000165233708685,0.000205670745345,-0.000202748880838,0.00037117570173,-0.000376964744646,0.000338125653798],[-0.000148757608258,0.000839387415908,0.0001925429533,0.000241835383349,0.000282113265712,0.000115988179459,-0.000757716305088,0.000320854742313,-0.000483441923279,0.000518979970366,-0.00125645485241,0.00111247424502,-0.000768278143369],[0.0000189856855286,0.0001925429533,0.00313576171175,0.000576438033022,-0.00151112454478,0.000830574485008,-0.000107827370812,-0.000442180316895,-0.000486191362143,-0.00136183272116,0.00134352291934,-0.00163115886971,0.00138471950777],[-0.0000890799346962,0.000241835383349,0.000576438033022,0.00407740706578,-0.00128487811889,-0.00139807502273,0.00237702485174,-0.0014533692738,0.00025150104193,-0.00128797744401,-0.00187662860844,0.00301753194071,-0.00155861594249],[0.00017210750957,0.000282113265712,-0.00151112454478,-0.00128487811889,0.00721058622003,-0.000367783795809,-0.00368484877981,0.00234217196703,-0.00185054028407,0.0013917083852,0.00206552585587,-0.00177293689921,0.00155835028272],[-0.000175200955709,0.000115988179459,0.000830574485008,-0.00139807502273,-0.000367783795809,0.00644110701978,-0.00268429843709,-0.00167208665516,0.00192800443619,-0.00144515687134,0.00185502786189,0.000410912034567,-0.000614347285591],[0.000308474031044,-0.000757716305088,-0.000107827370812,0.00237702485174,-0.00368484877981,-0.00268429843709,0.0123124625534,-0.00495758512989,-0.00166197039653,0.00466327974573,-0.00421057734638,0.00332235475071,-0.000115068280138],[-0.000165233708685,0.000320854742313,-0.000442180316895,-0.0014533692738,0.00234217196703,-0.00167208665516,-0.00495758512989,0.0152286859229,-0.00257766898721,-0.00500769307837,0.00741738360375,-0.00493680080399,0.00297245872207],[0.000205670745345,-0.000483441923279,-0.000486191362143,0.00025150104193,-0.00185054028407,0.00192800443619,-0.00166197039653,-0.00257766898721,0.0162672270089,-0.00709207961336,-0.00603551184759,0.00584620609879,-0.00321568013169],[-0.000202748880838,0.000518979970366,-0.00136183272116,-0.00128797744401,0.0013917083852,-0.00144515687134,0.00466327974573,-0.00500769307837,-0.00709207961336,0.0222650635988,-0.00870522204787,-0.00388264004141,0.00624407967553],[0.00037117570173,-0.00125645485241,0.00134352291934,-0.00187662860844,0.00206552585587,0.00185502786189,-0.00421057734638,0.00741738360375,-0.00603551184759,-0.00870522204787,0.0251140818,-0.00995249301195,0.000474648346426],[-0.000376964744646,0.00111247424502,-0.00163115886971,0.00301753194071,-0.00177293689921,0.000410912034567,0.00332235475071,-0.00493680080399,0.00584620609879,-0.00388264004141,-0.00995249301195,0.025393621996,-0.00940169021487],[0.000338125653798,-0.000768278143369,0.00138471950777,-0.00155861594249,0.00155835028272,-0.000614347285591,-0.000115068280138,0.00297245872207,-0.00321568013169,0.00624407967553,0.000474648346426,-0.00940169021487,0.0198943056166]],"mean":[-678.742370605,145.331207275,-8.95329284668,26.3103981018,-17.6175861359,26.1892280579,1.83314394951,16.3695030212,-4.1066327095,7.1168384552,1.46485042572,4.97800731659,2.69315671921]},"pitch_salience":{"dmean":0.0881005972624,"dmean2":0.147519171238,"dvar":0.0062106908299,"dvar2":0.0173038262874,"max":0.899401247501,"mean":0.539216637611,"median":0.550060689449,"min":0.00377328554168,"var":0.0161167196929},"silence_rate_20dB":{"dmean":0,"dmean2":0,"dvar":0,"dvar2":0,"max":1,"mean":1,"median":1,"min":1,"var":0},"silence_rate_30dB":{"dmean":0.0145446881652,"dmean2":0.0290924422443,"dvar":0.0143342604861,"dvar2":0.0379448868334,"max":1,"mean":0.989039957523,"median":1,"min":0,"var":0.0108402119949},"silence_rate_60dB":{"dmean":0.0122259696946,"dmean2":0.024349110201,"dvar":0.0120773306116,"dvar2":0.0273408070207,"max":1,"mean":0.0873643159866,"median":0,"min":0,"var":0.0797299519181},"spectral_centroid":{"dmean":263.062683105,"dmean2":373.75189209,"dvar":106128.429688,"dvar2":194392.203125,"max":11107.6777344,"mean":1256.86523438,"median":1010.93817139,"min":149.388412476,"var":560975.75},"spectral_complexity":{"dmean":3.73745775223,"dmean2":5.31031942368,"dvar":19.4060382843,"dvar2":30.2741279602,"max":56,"mean":17.8294868469,"median":17,"min":0,"var":111.194961548},"spectral_contrast_coeffs":{"dmean":[0.0536457449198,0.0512150749564,0.0391412712634,0.0303282458335,0.0187093745917,0.0442739725113],"dmean2":[0.0897824540734,0.0833769440651,0.0648315623403,0.0501088202,0.0306497421116,0.0667430385947],"dvar":[0.00195219088346,0.00179571425542,0.000994935049675,0.000623318250291,0.000259353662841,0.00150669214781],"dvar2":[0.00538449734449,0.00458565633744,0.00262251822278,0.00160079298075,0.000655699870549,0.00345650501549],"max":[-0.399587869644,-0.384847849607,-0.498173117638,-0.587447166443,-0.657407402992,-0.417537003756],"mean":[-0.711243152618,-0.748888492584,-0.790756285191,-0.801698684692,-0.832435011864,-0.696981072426],"median":[-0.715910971165,-0.76623237133,-0.795180976391,-0.801477849483,-0.831437289715,-0.694607555866],"min":[-0.959299206734,-0.967753767967,-0.976512849331,-0.991939663887,-0.985828816891,-0.960477888584],"var":[0.00570249184966,0.0082850009203,0.00344469491392,0.00219947681762,0.000998699106276,0.00733644003049]},"spectral_contrast_valleys":{"dmean":[0.4608733356,0.393468052149,0.312106698751,0.290436476469,0.289271980524,0.647662818432],"dmean2":[0.726405382156,0.617412805557,0.497130274773,0.451251745224,0.396539211273,0.960935950279],"dvar":[0.169199839234,0.122903771698,0.0815119966865,0.0865527838469,0.114606954157,0.315747022629],"dvar2":[0.362139344215,0.268047302961,0.163421437144,0.161911204457,0.181309208274,0.711340010166],"max":[-4.99352264404,-4.4374499321,-5.27132368088,-5.96738052368,-5.8113527298,-7.54849338531],"mean":[-7.23760080338,-6.84113502502,-7.00517559052,-7.72044372559,-7.82452058792,-11.2988624573],"median":[-6.96903610229,-6.57499504089,-6.64999485016,-7.41293239594,-7.63119745255,-11.2008628845],"min":[-26.8389148712,-27.3540935516,-27.5008029938,-27.1432209015,-27.2415218353,-27.2120990753],"var":[2.36369991302,2.05998134613,1.96817696095,1.76137661934,1.7616648674,1.92252480984]},"spectral_decrease":{"dmean":3.64470986725e-9,"dmean2":5.69836222652e-9,"dvar":2.39267931338e-17,"dvar2":5.60323279567e-17,"max":1.17046683457e-9,"mean":-7.18576531611e-9,"median":-5.41812816834e-9,"min":-5.60526842719e-8,"var":4.41476384523e-17},"spectral_energy":{"dmean":0.0143497521058,"dmean2":0.0222757514566,"dvar":0.000357189477654,"dvar2":0.000827578885946,"max":0.221238180995,"mean":0.0342624150217,"median":0.0284058731049,"min":1.05766835101e-20,"var":0.000743865035474},"spectral_energyband_high":{"dmean":0.000782887102105,"dmean2":0.0010003936477,"dvar":0.00000472500960313,"dvar2":0.00000765116692492,"max":0.0456055030227,"mean":0.00141917529982,"median":0.00026620956487,"min":7.90808172393e-21,"var":0.0000109656330096},"spectral_energyband_low":{"dmean":0.0101017141715,"dmean2":0.0165497586131,"dvar":0.000256003724644,"dvar2":0.000654359580949,"max":0.198096349835,"mean":0.0138854337856,"median":0.00849723257124,"min":8.2766882279e-23,"var":0.000282286782749},"spectral_energyband_middle_high":{"dmean":0.00151098705828,"dmean2":0.00235209031962,"dvar":0.0000052927221077,"dvar2":0.0000129735462906,"max":0.0532286949456,"mean":0.00441895844415,"median":0.00359492981806,"min":1.52420467884e-21,"var":0.0000169801969605},"spectral_energyband_middle_low":{"dmean":0.00626462139189,"dmean2":0.0097606703639,"dvar":0.000104931772512,"dvar2":0.000257570412941,"max":0.14903742075,"mean":0.0122874025255,"median":0.00560447014868,"min":2.97901014627e-22,"var":0.000266970600933},"spectral_entropy":{"dmean":0.186859458685,"dmean2":0.263050019741,"dvar":0.0387153439224,"dvar2":0.0718057304621,"max":9.81824398041,"mean":7.60828733444,"median":7.65007972717,"min":5.76102733612,"var":0.225004389882},"spectral_flux":{"dmean":0.0307146329433,"dmean2":0.0479415692389,"dvar":0.0012997277081,"dvar2":0.00275930762291,"max":0.376754581928,"mean":0.100522883236,"median":0.0935622081161,"min":0.00000103875242985,"var":0.00327440933324},"spectral_kurtosis":{"dmean":3.87533926964,"dmean2":5.49635982513,"dvar":31.3931312561,"dvar2":64.1202087402,"max":102.947761536,"mean":14.2922039032,"median":12.0667238235,"min":-1.20483362675,"var":91.0279541016},"spectral_rms":{"dmean":0.00111807137728,"dmean2":0.00169433071278,"dvar":0.00000158403543082,"dvar2":0.00000348116464011,"max":0.0146915661171,"mean":0.0052488152869,"median":0.00526431854814,"min":3.21227571452e-12,"var":0.00000587666318097},"spectral_rolloff":{"dmean":3974.78320312,"dmean2":7356.87744141,"dvar":44667836,"dvar2":102845400,"max":21985.4003906,"mean":6837.29980469,"median":1485.79101562,"min":21.533203125,"var":69700224},"spectral_skewness":{"dmean":0.365005761385,"dmean2":0.490135401487,"dvar":0.212833732367,"dvar2":0.390242218971,"max":7.81774330139,"mean":2.47898197174,"median":2.30523753166,"min":-0.00806946959347,"var":0.886213123798},"spectral_spread":{"dmean":570179.9375,"dmean2":810511.1875,"dvar":561282613248,"dvar2":890110345216,"max":41112112,"mean":4569489.5,"median":4277846,"min":1337747.25,"var":2239304302590},"spectral_strongpeak":{"dmean":0.959503650665,"dmean2":1.71718585491,"dvar":17.9553794861,"dvar2":47.4521789551,"max":77.3023605347,"mean":1.0933713913,"median":0.250050663948,"min":0,"var":14.2433099747},"zerocrossingrate":{"dmean":0.035082090646,"dmean2":0.0429577864707,"dvar":0.000977108837105,"dvar2":0.00144119444303,"max":0.58837890625,"mean":0.201921463013,"median":0.1953125,"min":0,"var":0.00724513875321}},"metadata":{"audio_properties":{"analysis_sample_rate":44100,"bit_rate":192083,"codec":"mp3","downmix":"mix","equal_loudness":0,"length":220.291671753,"lossless":false,"md5_encoded":"5fd8e2cb61759e713fe2922af8e3bf48","replay_gain":-0.667207717896,"sample_rate":44100},"tags":{"album":["Outlandos d'Amour"],"artist":["The Police"],"date":["1978-11"],"file_name":"08 - The Police - Born in the 50's.mp3","musicbrainz_albumid":["545cee74-510f-41c6-b180-661e2f745839"],"musicbrainz_artistid":["9e0e2b01-41db-4008-bd8b-988977d6019a"],"musicbrainz_recordingid":["5c9d6c6c-0249-4229-a505-99278bf7dcca"],"title":["Born in the 50's"],"tracknumber":["08/10"]},"version":{"essentia":"2.1-beta1","essentia_build_sha":"ca57ba49d9b1854bd80e60cf9ccf267278fb7d6b","essentia_git_sha":"v2.1_beta1-28-g21ef5f4-dirty","extractor":"music 1.0"}},"rhythm":{"beats_count":519,"beats_loudness":{"dmean":0.0334634967148,"dmean2":0.063886448741,"dvar":0.000680922879837,"dvar2":0.00235354504548,"max":0.138832986355,"mean":0.0524476952851,"median":0.0464383289218,"min":4.73896079711e-7,"var":0.000939713499974},"beats_loudness_band_ratio":{"dmean":[0.256784886122,0.0901486724615,0.0939424484968,0.0463301502168,0.0179429352283,0.143357098103],"dmean2":[0.481904953718,0.165119811893,0.171427845955,0.0846356898546,0.0316125638783,0.27743345499],"dvar":[0.0323143154383,0.00826100725681,0.0130532449111,0.00308607588522,0.000348112807842,0.027035901323],"dvar2":[0.107107460499,0.0244255848229,0.0362262129784,0.00987340416759,0.00103172380477,0.0934415534139],"max":[0.993295371532,0.680672347546,0.66192138195,0.408370345831,0.135164320469,0.859792292118],"mean":[0.569501399994,0.105602614582,0.0960148498416,0.0661429539323,0.0309765320271,0.157482013106],"median":[0.611286520958,0.0788685828447,0.0494055561721,0.0512980744243,0.0270658284426,0.106787383556],"min":[0.0164456795901,0.0000236996766034,0.0000259164717136,0.0000864878747961,0.0000976234805421,0.000998027389869],"var":[0