{"lowlevel":{"average_loudness":0.36108353734,"barkbands":{"dmean":[0.0000752474297769,0.000470206286991,0.000520072528161,0.000976073439233,0.00481749838218,0.00105980865192,0.000308602961013,0.000288563081995,0.000265330047114,0.000143011522596,0.0000277456256299,0.000029783210266,0.0000198054840439,0.0000541043482372,0.0000369403533114,0.0000102992771644,0.00000421234153691,0.00000502244120071,0.000012199379853,0.00000458009526483,0.00000161350931194,0.00000128230828977,9.15381292543e-7,7.29608927941e-7,6.99877205079e-7,7.06003504547e-7,0.00000288558726425],"dmean2":[0.000126547427499,0.000735102628823,0.000849550473504,0.00153848249465,0.00704958708957,0.00165493157692,0.000471198436571,0.000455007073469,0.000406988227041,0.000227367374464,0.0000432081214967,0.0000459882649011,0.0000305609137286,0.0000891024101293,0.0000560946173209,0.0000159453829838,0.00000665976176606,0.00000755470637159,0.0000186202905752,0.00000705425600245,0.00000253527014138,0.00000200975773623,0.00000147611865486,0.00000119929359244,0.00000114999988909,0.00000115966463454,0.00000411328119299],"dvar":[2.21744631546e-8,7.05559727976e-7,0.00000129595946419,0.00000702518173057,0.000164258788573,0.0000259156076936,0.00000138837856412,0.00000245881597039,0.0000018022817585,4.28263149388e-7,6.3933716099e-9,7.32818961069e-9,4.2658681032e-9,1.17240098518e-7,1.49094834256e-8,1.05023745256e-9,1.89678509011e-10,4.62833604775e-10,5.50985879144e-9,4.05238870238e-10,2.08253657374e-11,1.38767174834e-11,7.35193069618e-12,6.01520049048e-12,5.53284197971e-12,5.3618793433e-12,9.94222343342e-11],"dvar2":[5.63178339519e-8,0.00000159907801844,0.00000308605262944,0.0000166644076671,0.000332144962158,0.0000608566660958,0.00000308640028379,0.0000066955458351,0.00000424064228355,9.99370286081e-7,1.46461696104e-8,1.76101782046e-8,9.81654046939e-9,3.18026280866e-7,3.23357731702e-8,2.17831286342e-9,4.51244291932e-10,8.88395634835e-10,1.08685078715e-8,7.53020146238e-10,4.68622918248e-11,3.25199034368e-11,1.80266808425e-11,1.4867666126e-11,1.36474260712e-11,1.32693994681e-11,1.69857919396e-10],"max":[0.00215598149225,0.0140080880374,0.0239280685782,0.0533944144845,0.221763730049,0.132544219494,0.032550599426,0.0317059420049,0.029147664085,0.0109978299588,0.0019231227925,0.00185486860573,0.00233253091574,0.00942682474852,0.00254970719106,0.000670123263262,0.000272382603725,0.000589889183175,0.00188720691949,0.000529944314621,0.0000810903075035,0.0000704558115103,0.0000614705786575,0.000059105008404,0.0000564767869946,0.0000555830665689,0.000238248001551],"mean":[0.0000996776070679,0.000803287490271,0.000750726321712,0.00127792870626,0.0068288249895,0.00135172356386,0.00039811633178,0.000309459021082,0.000313525612,0.000172716216184,0.0000358047982445,0.0000433559107478,0.0000284182933683,0.0000594140401518,0.0000469726292067,0.000013043508261,0.00000495953554491,0.00000606953108218,0.0000134547126436,0.00000540782002645,0.00000176219884906,0.00000141222255934,9.42967858464e-7,6.79597292219e-7,6.3389177285e-7,6.82847485223e-7,0.00000388872786061],"median":[0.0000204026000574,0.000305663968902,0.000270711461781,0.000206886077649,0.000623877043836,0.000167789272382,0.0000535103499715,0.0000218596287596,0.00002613097422,0.0000243406702793,0.00000737397613193,0.0000116611981866,0.0000101322293631,0.00000840093616716,0.00000819185788714,0.0000032610805647,0.0000011685182244,0.00000134173490096,0.00000107400933302,5.67065796986e-7,3.19900664181e-7,2.32956068658e-7,1.6632606048e-7,9.44783593582e-8,7.58050973104e-8,1.10198264736e-7,7.72143664562e-7],"min":[1.82589810242e-16,2.57919457208e-15,2.03216693046e-15,2.67093840467e-15,1.16740427072e-14,1.33164717792e-14,1.78869387428e-15,3.45052847108e-15,3.90199745548e-15,2.03076081342e-14,7.87987296941e-15,5.79942579623e-15,8.90040113415e-15,5.38438473427e-15,8.47617145878e-15,5.34813214765e-15,5.66172280296e-15,1.34624388494e-15,1.05527371035e-14,2.02281039277e-14,3.72912319785e-14,5.42320433895e-14,6.79346783363e-14,4.85556995273e-14,6.39046717561e-14,1.23732255453e-13,1.86732587401e-13],"var":[3.31357696837e-8,0.00000164074515396,0.00000243804424827,0.0000107210526039,0.000318309874274,0.0000393531154259,0.00000250887660513,0.00000258114323515,0.00000230746400121,5.52421568045e-7,1.091639934e-8,1.37246738419e-8,8.14757683543e-9,9.61308828096e-8,2.23604867955e-8,1.60248048164e-9,2.18147999664e-10,6.1375865501e-10,7.54262607927e-9,6.68585353747e-10,2.45625412371e-11,1.6439622233e-11,7.52538743126e-12,5.5659526467e-12,5.12743493497e-12,5.00477870952e-12,1.82052248276e-10]},"barkbands_crest":{"dmean":3.04879617691,"dmean2":4.87654447556,"dvar":7.08343982697,"dvar2":16.8881435394,"max":25.7148303986,"mean":11.678071022,"median":10.7376489639,"min":3.91835021973,"var":19.2488651276},"barkbands_flatness_db":{"dmean":0.0389387980103,"dmean2":0.0595230050385,"dvar":0.00119700515643,"dvar2":0.00279479310848,"max":0.480402559042,"mean":0.219017654657,"median":0.211160674691,"min":0.0671281144023,"var":0.00406606728211},"barkbands_kurtosis":{"dmean":7.42513418198,"dmean2":11.6413946152,"dvar":131.648071289,"dvar2":303.965606689,"max":228.737380981,"mean":12.8954210281,"median":8.90330410004,"min":-1.32700586319,"var":221.604522705},"barkbands_skewness":{"dmean":0.750541865826,"dmean2":1.18680417538,"dvar":0.690362930298,"dvar2":1.73402905464,"max":9.94589519501,"mean":2.12904286385,"median":2.08196544647,"min":-1.8608546257,"var":1.23958182335},"barkbands_spread":{"dmean":2.75516963005,"dmean2":4.07101631165,"dvar":17.3948287964,"dvar2":30.9375152588,"max":52.3058662415,"mean":7.25925827026,"median":5.62738513947,"min":0.369672060013,"var":43.3132591248},"dissonance":{"dmean":0.0306580420583,"dmean2":0.0506674610078,"dvar":0.000792182399891,"dvar2":0.0021222254727,"max":0.500000178814,"mean":0.446555197239,"median":0.453553140163,"min":0.244800031185,"var":0.00137656764127},"dynamic_complexity":7.53148269653,"erbbands":{"dmean":[0.0146712400019,0.108306005597,0.469666004181,1.93146622181,9.0655632019,20.238866806,14.9398488998,7.28832578659,4.22817468643,4.87757158279,6.51666879654,5.88290262222,5.38223838806,2.66905117035,1.02731192112,1.19886600971,1.00126874447,2.20757722855,2.59974098206,1.07371127605,0.443452447653,0.234933048487,0.246551990509,0.44642084837,0.618113517761,0.212925285101,0.0812650844455,0.0582566969097,0.0449625737965,0.0395703315735,0.0237721968442,0.0162746030837,0.0116739002988,0.007912857458,0.00493224104866,0.00273211929016,0.00129830709193,0.000602358952165,0.000260512635577,0.0000589432784182],"dmean2":[0.0229858271778,0.170766457915,0.759635150433,3.03902459145,13.7046871185,30.0992946625,22.4976215363,11.676492691,6.49441766739,7.30143404007,10.1144247055,9.05904197693,8.42707920074,4.1603102684,1.5704549551,1.8423024416,1.5141146183,3.7016351223,3.87300539017,1.58782494068,0.66218316555,0.363651126623,0.362167745829,0.673027873039,0.934664547443,0.317474365234,0.124168671668,0.092424325645,0.0705521330237,0.0634273439646,0.0387582890689,0.0267540179193,0.0191941801459,0.0129998251796,0.00810282491148,0.00449018133804,0.00213235430419,0.000960094854236,0.000391142180888,0.0000829581040307],"dvar":[0.000774690066464,0.0388262420893,0.927196204662,24.1103782654,653.309448242,3732.71142578,3156.51220703,1677.17382812,263.433868408,380.947601318,1270.81530762,860.918395996,714.042541504,123.199356079,8.90838718414,11.4894657135,12.1077442169,299.674743652,84.6243209839,13.3216123581,1.6248332262,0.568367183208,0.76315921545,7.93166589737,12.0908336639,0.901785314083,0.0574998669326,0.0291446857154,0.0159669853747,0.0167962741107,0.00530458660796,0.00295101804659,0.00153837888502,0.000706900435034,0.000274701451417,0.0000842589361127,0.0000183845331776,0.00000312827160087,8.80050151864e-7,4.01885955625e-8],"dvar2":[0.00167127663735,0.0913759544492,2.08056855202,57.5658607483,1411.1907959,7501.88330078,6873.66552734,4632.53613281,587.933044434,882.472839355,3639.32617188,2116.59472656,1601.33398438,294.003723145,20.2433757782,26.4657382965,28.6085224152,858.648071289,177.048187256,28.4438667297,3.24145483971,1.2770332098,1.47888863087,15.8712797165,24.3047218323,1.57650697231,0.116755127907,0.0682711452246,0.0366372652352,0.0421863868833,0.0131187420338,0.00732004409656,0.00379650830291,0.00174346356653,0.000677449279465,0.000207882520044,0.0000455784102087,0.00000752384630687,0.00000160048261932,6.98202029525e-8],"max":[0.441008776426,3.07493567467,21.4713573456,85.0246582031,366.03338623,1327.49243164,1346.76391602,1075.21557617,383.787963867,380.346496582,823.823730469,640.546203613,681.29309082,296.113555908,53.2471580505,70.2649917603,120.209838867,552.583618164,247.829864502,96.4328384399,25.5717449188,16.773891449,19.1021194458,89.1932220459,81.8677597046,25.5856208801,5.42849588394,3.24868416786,2.57867479324,2.95798158646,1.70069181919,1.30705666542,0.942744731903,0.638514757156,0.397885143757,0.220404192805,0.102863550186,0.0363096110523,0.0230509769171,0.00516892364249],"mean":[0.0237468108535,0.180793359876,0.755996465683,2.77357316017,12.1999692917,26.3961791992,19.4455490112,9.59076881409,5.67811393738,6.21671533585,7.04404115677,6.83420562744,6.70693683624,3.46215367317,1.49944829941,1.77818310261,1.50155246258,2.51788401604,3.25193500519,1.48419487476,0.585126101971,0.286871433258,0.300085574389,0.512034535408,0.668740987778,0.251724421978,0.0927171930671,0.06341227144,0.0498989596963,0.0409707278013,0.0245315078646,0.0156324896961,0.0107057895511,0.00718332873657,0.00447576399893,0.00249459804036,0.00126366945915,0.000649337947834,0.000317492434988,0.0000929584421101],"median":[0.00519729591906,0.0765370056033,0.288890093565,0.598527908325,1.28663909435,1.80490589142,2.18419718742,1.11564099789,0.81292539835,0.645663261414,0.554282486439,0.630639374256,0.609677731991,0.687084794044,0.390160471201,0.468556195498,0.536104857922,0.518979430199,0.510557174683,0.289657235146,0.158691138029,0.077290892601,0.0731415972114,0.0673969686031,0.0473994389176,0.0266808047891,0.0153014445677,0.0114767709747,0.00857205782086,0.00653117522597,0.00452394550666,0.00262037012726,0.00136695895344,0.000875112193171,0.000538385123946,0.000310790725052,0.000215882755583,0.000111072135041,0.0000513871891599,0.0000247968437179],"min":[6.37619500927e-14,6.23274543955e-13,2.20106810382e-12,5.88754652669e-12,2.30441707383e-11,4.3349181883e-11,6.3534094652e-11,1.21870680214e-10,4.97473659489e-11,3.24401894236e-11,7.99943444818e-11,7.39550781725e-11,5.44387701584e-10,5.08091346774e-10,1.88144735902e-10,2.88926244041e-10,4.04363570405e-10,2.23030288682e-10,4.49562637117e-10,3.74296871275e-10,3.57728041633e-10,2.91571100597e-10,8.50370537875e-11,3.27030236225e-10,6.21373952292e-10,1.00177277584e-9,1.11296227789e-9,1.63463576008e-9,1.7818296838e-9,2.05135686215e-9,1.96726057666e-9,1.34455013789e-9,6.83247569633e-10,5.49663758953e-10,5.89241933024e-10,5.01553576449e-10,2.37283664939e-10,7.02638294769e-11,2.8262331711e-11,2.97874442126e-12],"var":[0.00177892390639,0.0857352539897,2.13648343086,41.2076072693,1062.92907715,6409.19775391,4535.39746094,2380.74072266,440.720458984,625.134216309,1290.02307129,1003.26800537,1167.59228516,163.591110229,16.1330547333,23.2083110809,21.4205341339,204.633865356,132.244003296,23.6801128387,2.59612941742,0.709289193153,1.08800053596,10.3298606873,17.1290607452,1.44008672237,0.0805098339915,0.0324471928179,0.0194852910936,0.0166035927832,0.00521547021344,0.00272533413954,0.00142620992847,0.000655621697661,0.000254784245044,0.0000781619746704,0.0000170895746123,0.00000342387647834,0.00000142020792282,7.41382208957e-8]},"erbbands_crest":{"dmean":3.29391670227,"dmean2":5.3015460968,"dvar":8.30222320557,"dvar2":21.0741920471,"max":32.7374572754,"mean":11.1305427551,"median":10.2198200226,"min":2.3348133564,"var":21.0091114044},"erbbands_flatness_db":{"dmean":0.0358050651848,"dmean2":0.0558292381465,"dvar":0.00100202544127,"dvar2":0.00252207089216,"max":0.427938729525,"mean":0.205985099077,"median":0.200681477785,"min":0.0493272393942,"var":0.00260893581435},"erbbands_kurtosis":{"dmean":3.23535013199,"dmean2":5.29753923416,"dvar":45.0321617126,"dvar2":113.888702393,"max":118.998352051,"mean":3.52785253525,"median":0.751411676407,"min":-1.7005674839,"var":66.0171508789},"erbbands_skewness":{"dmean":0.626666426659,"dmean2":0.943933188915,"dvar":0.452355444431,"dvar2":0.948187112808,"max":7.06682014465,"mean":1.123696208,"median":0.933054506779,"min":-4.38195323944,"var":1.56474113464},"erbbands_spread":{"dmean":5.98250007629,"dmean2":9.54031658173,"dvar":49.9982948303,"dvar2":121.403999329,"max":105.497169495,"mean":21.998500824,"median":21.2941589355,"min":1.06263756752,"var":123.494758606},"gfcc":{"cov":[[6398.59033203,-327.73324585,-39.9616279602,-106.827308655,-302.712097168,-220.486999512,-212.496871948,91.8565750122,-272.255584717,4.2303071022,-148.682510376,-189.637542725,177.112030029],[-327.73324585,897.270568848,138.042785645,-176.130966187,14.9453659058,-52.4617500305,44.8008804321,-77.0817871094,79.6213226318,-69.5567398071,11.3200817108,-14.3244962692,16.91796875],[-39.9616279602,138.042785645,666.947692871,186.592269897,-231.986541748,139.040039062,-130.832885742,123.458251953,-100.699554443,37.1018714905,-82.0322189331,13.0317049026,43.1956138611],[-106.827308655,-176.130966187,186.592269897,280.297546387,82.3763427734,28.9204139709,32.2172203064,1.54835772514,-26.7082443237,5.76538467407,-21.3042240143,-1.35158014297,-11.8271112442],[-302.712097168,14.9453659058,-231.986541748,82.3763427734,319.97555542,4.85747909546,122.631149292,-106.947219849,53.6947479248,-39.099571228,44.2584953308,-27.3684272766,-31.8059978485],[-220.486999512,-52.4617500305,139.040039062,28.9204139709,4.85747909546,219.854431152,-3.65035653114,64.8170700073,-57.5306892395,17.6121253967,-28.8362903595,8.08758544922,2.03955149651],[-212.496871948,44.8008804321,-130.832885742,32.2172203064,122.631149292,-3.65035653114,196.087478638,-34.566280365,42.1250915527,-49.488986969,2.48102593422,-7.83179998398,-25.6070327759],[91.8565750122,-77.0817871094,123.458251953,1.54835772514,-106.947219849,64.8170700073,-34.566280365,147.159881592,-22.0626888275,23.666595459,-21.297121048,7.44375610352,13.1901283264],[-272.255584717,79.6213226318,-100.699554443,-26.7082443237,53.6947479248,-57.5306892395,42.1250915527,-22.0626888275,121.802375793,27.2328090668,25.980682373,7.37037611008,-23.2077045441],[4.2303071022,-69.5567398071,37.1018714905,5.76538467407,-39.099571228,17.6121253967,-49.488986969,23.666595459,27.2328090668,86.5544586182,34.4007949829,7.40166521072,-6.72121334076],[-148.682510376,11.3200817108,-82.0322189331,-21.3042240143,44.2584953308,-28.8362903595,2.48102593422,-21.297121048,25.980682373,34.4007949829,80.8471069336,28.8313827515,-16.1410274506],[-189.637542725,-14.3244962692,13.0317049026,-1.35158014297,-27.3684272766,8.08758544922,-7.83179998398,7.44375610352,7.37037611008,7.40166521072,28.8313827515,68.5618667603,15.3645792007],[177.112030029,16.91796875,43.1956138611,-11.8271112442,-31.8059978485,2.03955149651,-25.6070327759,13.1901283264,-23.2077045441,-6.72121334076,-16.1410274506,15.3645792007,67.7444992065]],"icov":[[0.000274991471088,-0.00015089212684,0.000170894840267,0.000314956327202,-0.000605439709034,0.00110099394806,-0.000209087462281,-0.000526864489075,0.00174132979009,-0.00191434763838,0.00170801684726,-0.000301212538034,-0.000147208367707],[-0.00015089212684,0.00966447684914,-0.0186881944537,0.0241213012487,-0.0185299236327,0.0118704000488,-0.00711982604116,0.00126934167929,0.000424514262704,-0.00215326924808,0.00497610727325,-0.00710956985131,0.00484254723415],[0.000170894840267,-0.0186881944537,0.0495989695191,-0.0688007846475,0.0644964873791,-0.0457482039928,0.0223750788718,0.00561401294544,-0.0245972648263,0.03755235672,-0.0434635467827,0.0413019247353,-0.0248177275062],[0.000314956327202,0.0241213012487,-0.0688007846475,0.106621913612,-0.104399785399,0.0764428451657,-0.0348048917949,-0.0147843081504,0.0545733906329,-0.0795930251479,0.0894137918949,-0.0765984281898,0.043517306447],[-0.000605439709034,-0.0185299236327,0.0644964873791,-0.104399785399,0.118496708572,-0.0877428129315,0.0335778482258,0.025057438761,-0.0738861784339,0.105700135231,-0.117018692195,0.0962017327547,-0.0515762940049],[0.00110099394806,0.0118704000488,-0.0457482039928,0.0764428451657,-0.0877428129315,0.0744606852531,-0.027757704258,-0.0216523837298,0.0650087594986,-0.089819572866,0.0962255597115,-0.0757145509124,0.040418010205],[-0.000209087462281,-0.00711982604116,0.0223750788718,-0.0348048917949,0.0335778482258,-0.027757704258,0.0203981995583,0.00514422683045,-0.0240544844419,0.0354612618685,-0.0331489816308,0.0271651465446,-0.0134908882901],[-0.000526864489075,0.00126934167929,0.00561401294544,-0.0147843081504,0.025057438761,-0.0216523837298,0.00514422683045,0.0188931711018,-0.024066682905,0.0305245835334,-0.0324981994927,0.0243932642043,-0.0129098417237],[0.00174132979009,0.000424514262704,-0.0245972648263,0.0545733906329,-0.0738861784339,0.0650087594986,-0.0240544844419,-0.024066682905,0.0842993706465,-0.104552432895,0.103419326246,-0.0768884643912,0.040085054934],[-0.00191434763838,-0.00215326924808,0.03755235672,-0.0795930251479,0.105700135231,-0.089819572866,0.0354612618685,0.0305245835334,-0.104552432895,0.1568107903,-0.151865273714,0.109288223088,-0.0537362806499],[0.00170801684726,0.00497610727325,-0.0434635467827,0.0894137918949,-0.117018692195,0.0962255597115,-0.0331489816308,-0.0324981994927,0.103419326246,-0.151865273714,0.173572331667,-0.124481528997,0.0635261759162],[-0.000301212538034,-0.00710956985131,0.0413019247353,-0.0765984281898,0.0962017327547,-0.0757145509124,0.0271651465446,0.0243932642043,-0.0768884643912,0.109288223088,-0.124481528997,0.111762583256,-0.0546847060323],[-0.000147208367707,0.00484254723415,-0.0248177275062,0.043517306447,-0.0515762940049,0.040418010205,-0.0134908882901,-0.0129098417237,0.040085054934,-0.0537362806499,0.0635261759162,-0.0546847060323,0.0452803187072]],"mean":[-170.793579102,147.815475464,-75.3106613159,2.65732097626,-29.1476535797,-7.80717897415,-26.2897377014,-18.9374046326,-17.1591110229,-8.24250125885,-12.5619497299,-6.18201351166,-9.19033050537]},"hfc":{"dmean":2.07830381393,"dmean2":2.91346526146,"dvar":23.9630641937,"dvar2":49.3921775818,"max":96.4248962402,"mean":3.78236532211,"median":0.753231287003,"min":8.28640533967e-9,"var":60.5440673828},"melbands":{"dmean":[0.000126952611026,0.000200334645342,0.000477445777506,0.00109727901872,0.000605070556048,0.000164606783073,0.0000639063800918,0.0000555880724278,0.0000537951564183,0.0000366888489225,0.000027131238312,0.0000121088924061,0.00000362713785762,0.00000315485567626,0.00000295802738037,0.00000206886625165,0.00000458675458503,0.00000464491995444,0.00000224670907301,9.20401078019e-7,4.53059101346e-7,2.56076901906e-7,2.03550300171e-7,2.40364329329e-7,3.67646265431e-7,5.57702094284e-7,2.89312907853e-7,1.14333928991e-7,5.37684350377e-8,3.69001078582e-8,3.33940839425e-8,2.55885428402e-8,2.48602987085e-8,2.08272386004e-8,1.42063880659e-8,1.11453921647e-8,9.47738865165e-9,8.31742585916e-9,7.30196569876e-9,6.45631548224e-9],"dmean2":[0.000196698645595,0.000321115890983,0.000725585618056,0.00160707987379,0.000902727129869,0.000260150060058,0.0000985150036286,0.0000819257766125,0.0000847447081469,0.0000568664763705,0.0000428581988672,0.0000191438066395,0.00000547241415916,0.0000049023055908,0.00000460263254354,0.00000327009820467,0.00000775122771302,0.00000699238216839,0.00000343847000295,0.00000142582871376,6.87012914113e-7,4.01778891046e-7,3.10305580342e-7,3.68682378848e-7,5.6013880112e-7,8.52149923958e-7,4.43189321686e-7,1.74222165583e-7,8.23816961315e-8,5.86645754197e-8,5.32908153161e-8,4.02398114829e-8,4.00454460703e-8,3.34301581972e-8,2.32234480535e-8,1.83248456409e-8,1.55805679469e-8,1.36720910149e-8,1.19983507574e-8,1.06067021832e-8],"dvar":[5.48744694129e-8,1.47376781001e-7,0.00000155122916112,0.0000093853323051,0.00000406314393331,7.57321686251e-7,5.94109295093e-8,5.67070443935e-8,8.6101650254e-8,3.69870498673e-8,1.80743029432e-8,2.86099299807e-9,1.00986802254e-10,1.06627401353e-10,6.96040933224e-11,1.05885744617e-10,1.2411978112e-9,3.41118716607e-10,6.35438437979e-11,9.58984107402e-12,1.7407234508e-12,7.19456449711e-13,6.54789156923e-13,1.15209122624e-12,5.61007230254e-12,1.19967447434e-11,2.0035897854e-12,2.47635083012e-13,2.54452475122e-14,1.12055674188e-14,1.00680411341e-14,5.15704998507e-15,6.14177787878e-15,4.57774340014e-15,1.8770413165e-15,1.32478536401e-15,1.01710382229e-15,7.79544008995e-16,6.01935281879e-16,4.70598429423e-16],"dvar2":[1.19810678711e-7,3.26056294853e-7,0.00000347932882505,0.0000188952762983,0.00000853121582622,0.00000200564727493,1.3097179874e-7,1.33984471518e-7,2.44921437798e-7,8.9291013694e-8,4.0516351163e-8,6.99232760581e-9,2.3085382217e-10,2.64059246691e-10,1.55189652795e-10,2.89378437879e-10,3.52894491407e-9,7.40339733962e-10,1.38405675809e-10,1.9901264664e-11,3.55830881253e-12,1.70147674162e-12,1.47955757888e-12,2.21010839838e-12,1.16399338085e-11,2.47191763586e-11,3.96849090048e-12,4.83238666096e-13,5.17513346087e-14,2.64474890827e-14,2.35359522399e-14,1.18784868145e-14,1.51149116145e-14,1.14062244418e-14,4.64513672956e-15,3.30432783152e-15,2.5144539381e-15,1.92337550102e-15,1.48524675614e-15,1.16054112274e-15],"max":[0.00427848286927,0.00783386547118,0.0240462571383,0.058236271143,0.0413182787597,0.0213948488235,0.00642874930054,0.00460496544838,0.00769436219707,0.00467025721446,0.00341343670152,0.00139923579991,0.000172266183654,0.000242700145463,0.000237208834733,0.000316427176585,0.00109461403918,0.000543999078218,0.000224594652536,0.0000625276079518,0.0000300505416817,0.0000206866479857,0.0000240961908275,0.0000324881366396,0.000076353775512,0.0000840542124934,0.0000337975143339,0.0000118460138765,0.00000394453763874,0.00000197312874661,0.00000214523151953,0.00000145826265907,0.00000180861593435,0.00000144844420902,0.00000100235422451,8.62174090344e-7,7.710343084e-7,6.71066686664e-7,5.89240073623e-7,5.20887624589e-7],"mean":[0.000217083026655,0.00034456589492,0.00067923910683,0.00149521871936,0.000805100309663,0.000215844047489,0.0000843518500915,0.0000677190982969,0.0000569597177673,0.0000431552907685,0.0000332278032147,0.0000148655426528,0.00000494561209052,0.000004494064342,0.0000042948263399,0.00000291792593998,0.00000494662754136,0.00000557920839128,0.00000295137738249,0.00000119023559364,5.7624481542e-7,2.98897361972e-7,2.32491942143e-7,2.93947749697e-7,4.10232019021e-7,5.82873781241e-7,3.28210319367e-7,1.27836017327e-7,6.066997571e-8,3.93163581691e-8,3.59631364688e-8,2.82072445401e-8,2.61963108983e-8,2.12338573391e-8,1.46661998102e-8,1.10646123375e-8,8.86372930609e-9,7.61194485221e-9,6.63484778229e-9,5.84965720307e-9],"median":[0.000070140871685,0.000150930834934,0.000124006139231,0.000116564711789,0.0000825887982501,0.0000259584649029,0.0000119603482744,0.00000615265071247,0.00000441684960606,0.00000370556563212,0.00000300016313304,0.0000028555712106,0.00000117090235108,0.00000116439525755,0.00000118034927254,0.00000105270135009,8.18263742985e-7,7.53106064622e-7,5.23440746747e-7,2.56450618963e-7,1.54081917003e-7,7.19019936923e-8,5.77297356585e-8,6.71802595775e-8,5.07279018791e-8,3.91649486176e-8,2.41652049482e-8,1.47377710036e-8,9.81056835769e-9,7.55570717104e-9,6.01889871277e-9,4.89643658952e-9,4.05874533982e-9,3.339510668e-9,2.64399235839e-9,2.09882200508e-9,1.26458588046e-9,9.71292823948e-10,8.05531419346e-10,7.02685631904e-10],"min":[6.53017933103e-16,1.05681357389e-15,1.43749643841e-15,2.51430189569e-15,2.18534669798e-15,2.65491296482e-15,6.65805060112e-16,4.32550344707e-16,6.21718265757e-16,5.16747431368e-16,2.83000505117e-15,2.18035005063e-15,8.74573270622e-16,3.47066482651e-16,1.13708762746e-15,7.62109635721e-16,3.64181180397e-16,7.60741042236e-16,5.7611242369e-16,4.08200238586e-16,4.39557610052e-16,3.43473977694e-16,9.82761440548e-17,7.533166264e-17,2.67931953098e-16,4.63704798843e-16,4.60088074037e-16,6.99233268315e-16,6.50581654589e-16,8.0262893906e-16,9.50428776818e-16,7.42583991039e-16,1.43080752511e-15,1.0370108965e-15,9.90050331113e-16,1.13157884281e-15,8.44000622243e-16,4.92464955534e-16,4.46136700242e-16,4.42422169601e-16],"var":[1.28884920514e-7,3.60560449053e-7,0.00000260427532339,0.0000172144755197,0.00000644819556328,0.00000112876602998,1.03162484777e-7,8.24305388392e-8,8.63077573854e-8,4.53853203908e-8,2.90831518868e-8,3.43121508983e-9,1.77862308215e-10,1.75673933733e-10,1.46945816626e-10,9.99865260032e-11,8.65758797985e-10,4.94698004783e-10,9.78201478152e-11,1.57846982013e-11,2.58705752133e-12,8.23765480742e-13,7.35418128305e-13,1.52584444645e-12,7.03765431348e-12,1.54497786092e-11,3.17462375832e-12,3.39745050669e-13,3.5832891965e-14,1.21377398827e-14,1.12078417022e-14,6.28558713257e-15,6.40996545054e-15,4.56224481479e-15,1.86982290172e-15,1.22264250793e-15,9.40802247372e-16,7.22956914163e-16,5.57957066559e-16,4.36328482229e-16]},"melbands_crest":{"dmean":3.60857319832,"dmean2":5.88870573044,"dvar":9.32317733765,"dvar2":23.031496048,"max":32.3416671753,"mean":14.8645906448,"median":14.060587883,"min":3.16312742233,"var":21.3783340454},"melbands_flatness_db":{"dmean":0.0458867028356,"dmean2":0.0696104168892,"dvar":0.00161122775171,"dvar2":0.00369894783944,"max":0.61646515131,"mean":0.340486198664,"median":0.336402386427,"min":0.0190189089626,"var":0.00554936099797},"melbands_kurtosis":{"dmean":8.5527973175,"dmean2":13.6970663071,"dvar":140.563705444,"dvar2":353.278900146,"max":179.465393066,"mean":16.2548770905,"median":12.446928978,"min":-1.78741109371,"var":237.845169067},"melbands_skewness":{"dmean":0.769405841827,"dmean2":1.22284698486,"dvar":0.647921323776,"dvar2":1.67186832428,"max":8.47139549255,"mean":2.58088135719,"median":2.51246452332,"min":-1.49399733543,"var":1.42005050182},"melbands_spread":{"dmean":3.34080910683,"dmean2":4.85487699509,"dvar":51.4192504883,"dvar2":89.1315307617,"max":147.799575806,"mean":7.97272729874,"median":5.52444791794,"min":0.552267313004,"var":100.287277222},"mfcc":{"cov":[[5180.05615234,157.026199341,-454.580780029,257.212463379,-392.436279297,-108.618179321,-167.309188843,-106.310890198,-62.4577178955,39.9967460632,-112.108673096,-202.266448975,-79.7584609985],[157.026199341,783.278503418,154.782516479,-163.281341553,-7.34196805954,-72.1225357056,-27.8790721893,-35.5443878174,9.07940769196,-23.1945400238,-21.7381706238,0.0831791833043,-21.7177963257],[-454.580780029,154.782516479,777.152893066,30.9606666565,-1.32025384903,-28.8927326202,-20.8742084503,7.37218570709,67.0358276367,-46.0987510681,-48.8259544373,50.9576797485,-29.7760219574],[257.212463379,-163.281341553,30.9606666565,298.886077881,20.1389560699,43.6161575317,12.796125412,1.37548494339,-7.62029600143,34.6862068176,-6.67776060104,-52.7664871216,8.11374759674],[-392.436279297,-7.34196805954,-1.32025384903,20.1389560699,169.541870117,68.9439697266,34.0810813904,4.12746620178,-6.09651565552,-1.09567761421,11.8239450455,15.6000947952,14.8328676224],[-108.618179321,-72.1225357056,-28.8927326202,43.6161575317,68.9439697266,155.679016113,78.1527938843,19.2586116791,5.90720653534,18.4138851166,0.83478397131,-22.8341293335,6.05172491074],[-167.309188843,-27.8790721893,-20.8742084503,12.796125412,34.0810813904,78.1527938843,130.040115356,65.9043426514,7.67651844025,7.78657484055,-1.23240208626,-19.3324623108,-5.85095262527],[-106.310890198,-35.5443878174,7.37218570709,1.37548494339,4.12746620178,19.2586116791,65.9043426514,92.5828704834,40.8738517761,-1.99746155739,-5.06689167023,-5.15073108673,-4.58324337006],[-62.4577178955,9.07940769196,67.0358276367,-7.62029600143,-6.09651565552,5.90720653534,7.67651844025,40.8738517761,81.4258346558,25.5793514252,-14.5757074356,-4.68577766418,-8.01216602325],[39.9967460632,-23.1945400238,-46.0987510681,34.6862068176,-1.09567761421,18.4138851166,7.78657484055,-1.99746155739,25.5793514252,73.65574646,28.0214729309,-23.0336589813,0.556859135628],[-112.108673096,-21.7381706238,-48.8259544373,-6.67776060104,11.8239450455,0.83478397131,-1.23240208626,-5.06689167023,-14.5757074356,28.0214729309,69.2825164795,39.0835990906,7.86615943909],[-202.266448975,0.0831791833043,50.9576797485,-52.7664871216,15.6000947952,-22.8341293335,-19.3324623108,-5.15073108673,-4.68577766418,-23.0336589813,39.0835990906,103.978248596,37.3213615417],[-79.7584609985,-21.7177963257,-29.7760219574,8.11374759674,14.8328676224,6.05172491074,-5.85095262527,-4.58324337006,-8.01216602325,0.556859135628,7.86615943909,37.3213615417,68.3668670654]],"icov":[[0.000348502449924,-0.00023955310462,0.000337077130098,-0.000508065801114,0.000827768351883,-0.000403789425036,0.000675194023643,-0.000422249955591,0.000747229147237,-0.000826665433124,0.00137854286004,-0.000807888281997,0.000799922563601],[-0.00023955310462,0.00187705887947,-0.000684193801135,0.00141180271748,-0.000974341935944,0.00136644253507,-0.00140681141056,0.00187971885316,-0.00147097313311,0.00144187477417,-0.00192521733698,0.0022937937174,-0.00126747740433],[0.000337077130098,-0.000684193801135,0.00233768927865,-0.00160711235367,0.000883701490238,-0.000419053219957,0.000302013970213,0.000404710357543,-0.00113378034439,-0.000220785470447,0.00342014851049,-0.00386939267628,0.00287081976421],[-0.000508065801114,0.00141180271748,-0.00160711235367,0.00592491496354,-0.00185503286775,0.000177548645297,0.0000911868555704,-0.000677186471876,0.00138043740299,-0.0011263807537,-0.0023962915875,0.0050851884298,-0.00352753023617],[0.000827768351883,-0.000974341935944,0.000883701490238,-0.00185503286775,0.00972905475646,-0.00457438221201,0.0011443340918,-0.000502335024066,0.00164713710546,-0.000759905029554,0.00234262016602,-0.00354784517549,0.00148602516856],[-0.000403789425036,0.00136644253507,-0.000419053219957,0.000177548645297,-0.00457438221201,0.0139230135828,-0.010853452608,0.0082628633827,-0.00732644973323,0.00501447496936,-0.00611396925524,0.00634322687984,-0.00451424345374],[0.000675194023643,-0.00140681141056,0.000302013970213,0.0000911868555704,0.0011443340918,-0.010853452608,0.0253289602697,-0.0229057203978,0.0171635579318,-0.0139337694272,0.0119737079367,-0.00683784577996,0.00628614379093],[-0.000422249955591,0.00187971885316,0.000404710357543,-0.000677186471876,-0.000502335024066,0.0082628633827,-0.0229057203978,0.038982424885,-0.0308432523161,0.0257019754499,-0.020912239328,0.0133445309475,-0.00831086840481],[0.000747229147237,-0.00147097313311,-0.00113378034439,0.00138043740299,0.00164713710546,-0.00732644973323,0.0171635579318,-0.0308432523161,0.0473982691765,-0.0397883802652,0.0349475704134,-0.0220899507403,0.0133559098467],[-0.000826665433124,0.00144187477417,-0.000220785470447,-0.0011263807537,-0.000759905029554,0.00501447496936,-0.0139337694272,0.0257019754499,-0.0397883802652,0.058878775686,-0.0487065054476,0.0339469276369,-0.0182873215526],[0.00137854286004,-0.00192521733698,0.00342014851049,-0.0023962915875,0.00234262016602,-0.00611396925524,0.0119737079367,-0.020912239328,0.0349475704134,-0.0487065054476,0.0650576576591,-0.0425071120262,0.0226378962398],[-0.000807888281997,0.0022937937174,-0.00386939267628,0.0050851884298,-0.00354784517549,0.00634322687984,-0.00683784577996,0.0133445309475,-0.0220899507403,0.0339469276369,-0.0425071120262,0.0451753400266,-0.0246206056327],[0.000799922563601,-0.00126747740433,0.00287081976421,-0.00352753023617,0.00148602516856,-0.00451424345374,0.00628614379093,-0.00831086840481,0.0133559098467,-0.0182873215526,0.0226378962398,-0.0246206056327,0.029434395954]],"mean":[-831.771911621,191.884918213,17.59740448,19.4416980743,13.2691802979,10.2547836304,0.583088040352,-5.07693147659,-6.8347234726,0.369780927896,-3.7791159153,-11.5957565308,-5.76837110519]},"pitch_salience":{"dmean":0.0892476737499,"dmean2":0.144810035825,"dvar":0.00549089489505,"dvar2":0.0142023395747,"max":0.872485160828,"mean":0.619240164757,"median":0.635799705982,"min":0.197692230344,"var":0.0119460904971},"silence_rate_20dB":{"dmean":0,"dmean2":0,"dvar":0,"dvar2":0,"max":1,"mean":1,"median":1,"min":1,"var":0},"silence_rate_30dB":{"dmean":0.0120147876441,"dmean2":0.024040684104,"dvar":0.011870556511,"dvar2":0.028086444363,"max":1,"mean":0.988452672958,"median":1,"min":0,"var":0.0114140873775},"silence_rate_60dB":{"dmean":0.0822550803423,"dmean2":0.164586216211,"dvar":0.0754893124104,"dvar2":0.158764898777,"max":1,"mean":0.565819859505,"median":1,"min":0,"var":0.24566821754},"spectral_centroid":{"dmean":120.965011597,"dmean2":172.722137451,"dvar":53009.1757812,"dvar2":83640.140625,"max":3883.84472656,"mean":473.642913818,"median":376.902709961,"min":160.11227417,"var":131002.898438},"spectral_complexity":{"dmean":1.55175602436,"dmean2":2.40961623192,"dvar":2.8988468647,"dvar2":5.78879165649,"max":24,"mean":5.2429561615,"median":4,"min":0,"var":12.3816366196},"spectral_contrast_coeffs":{"dmean":[0.0543679594994,0.0469764135778,0.0368307754397,0.0305265579373,0.0296228621155,0.0331541895866],"dmean2":[0.085741519928,0.0775149092078,0.0596718266606,0.0495155528188,0.045176114887,0.05350952968],"dvar":[0.00210685445927,0.0013560121879,0.000976988696493,0.000669257948175,0.000584366149269,0.00138864701148],"dvar2":[0.00480023631826,0.00357774598524,0.00235932809301,0.00165871717036,0.00132561661303,0.00316956732422],"max":[-0.331891715527,-0.469125747681,-0.512090742588,-0.623081803322,-0.700835347176,-0.515763103962],"mean":[-0.63898986578,-0.782207548618,-0.826738893986,-0.834514856339,-0.863660216331,-0.826124846935],"median":[-0.656840920448,-0.791135728359,-0.834664881229,-0.835668802261,-0.864164233208,-0.84397482872],"min":[-0.946655273438,-0.949833095074,-0.955975711346,-0.969782531261,-0.968772947788,-0.914629876614],"var":[0.00950452219695,0.00397265888751,0.00297075510025,0.00207104021683,0.00209067971446,0.00232825614512]},"spectral_contrast_valleys":{"dmean":[0.397506445646,0.422261238098,0.382757842541,0.413740545511,0.539755046368,0.845281004906],"dmean2":[0.646710157394,0.660769641399,0.580260932446,0.612865149975,0.818345069885,1.31159710884],"dvar":[0.131119653583,0.149238705635,0.124828934669,0.151577085257,0.236830025911,0.485719621181],"dvar2":[0.28685900569,0.30424708128,0.252976715565,0.33708012104,0.538974285126,1.24298799038],"max":[-5.77746915817,-4.46672868729,-5.94778394699,-6.47764587402,-6.57294416428,-9.00825214386],"mean":[-7.75687599182,-7.52772378922,-8.40582561493,-8.95703125,-9.59926319122,-12.431599617],"median":[-7.76136732101,-7.62597513199,-8.44162845612,-8.95898151398,-9.68362998962,-12.4051246643],"min":[-18.7435932159,-18.6028766632,-19.1471862793,-18.8551464081,-18.7476634979,-19.8088054657],"var":[0.736020922661,0.857706010342,0.714936256409,0.708158969879,0.888255298138,1.35171937943]},"spectral_decrease":{"dmean":1.79410286627e-9,"dmean2":2.55772825142e-9,"dvar":1.77607125695e-17,"dvar2":3.56907159231e-17,"max":-4.02314113927e-21,"mean":-3.24197824142e-9,"median":-5.90154813906e-10,"min":-6.97003699202e-8,"var":4.37606932879e-17},"spectral_energy":{"dmean":0.00694738747552,"dmean2":0.00990417227149,"dvar":0.000266463059234,"dvar2":0.000535662111361,"max":0.271810621023,"mean":0.0125790396705,"median":0.00232398998924,"min":7.66785506617e-13,"var":0.000657532305922},"spectral_energyband_high":{"dmean":0.0000090099119916,"dmean2":0.0000140176962304,"dvar":6.52478293617e-10,"dvar2":1.40884015565e-9,"max":0.000490730453748,"mean":0.0000103146903712,"median":0.00000190572268366,"min":5.82737796819e-13,"var":8.56573478814e-10},"spectral_energyband_low":{"dmean":0.00113017833792,"dmean2":0.00178032717668,"dvar":0.00000524598863194,"dvar2":0.0000116673718367,"max":0.0387202873826,"mean":0.00213501485996,"median":0.000767228659242,"min":5.80865676129e-15,"var":0.0000130431335492},"spectral_energyband_middle_high":{"dmean":0.000246551120654,"dmean2":0.000368379929569,"dvar":5.33063200692e-7,"dvar2":0.00000123214954328,"max":0.0128305796534,"mean":0.000388295156881,"median":0.000105841594632,"min":8.52451383137e-14,"var":8.66727191351e-7},"spectral_energyband_middle_low":{"dmean":0.00646996730939,"dmean2":0.009287933819,"dvar":0.000255852064583,"dvar2":0.000520590576343,"max":0.258985221386,"mean":0.0105456411839,"median":0.00132256827783,"min":4.36773725098e-14,"var":0.000578559294809},"spectral_entropy":{"dmean":0.367914289236,"dmean2":0.557052254677,"dvar":0.118496268988,"dvar2":0.281336307526,"max":8.88653850555,"mean":6.61368846893,"median":6.68686676025,"min":4.30012130737,"var":0.346342146397},"spectral_flux":{"dmean":0.0178161896765,"dmean2":0.0295076258481,"dvar":0.000804812996648,"dvar2":0.00208928459324,"max":0.350529253483,"mean":0.0481966026127,"median":0.0261964164674,"min":0.000555196835194,"var":0.00245366012678},"spectral_kurtosis":{"dmean":8.99170589447,"dmean2":14.6572036743,"dvar":134.147018433,"dvar2":353.039215088,"max":152.5703125,"mean":20.7740745544,"median":17.3345565796,"min":1.9446811676,"var":193.950881958},"spectral_rms":{"dmean":0.000704076490365,"dmean2":0.00097247841768,"dvar":0.00000115858142635,"dvar2":0.00000199480541596,"max":0.0162843819708,"mean":0.0025425630156,"median":0.00150575803127,"min":2.73511133742e-8,"var":0.00000580760161029},"spectral_rolloff":{"dmean":170.194915771,"dmean2":272.255310059,"dvar":250879.265625,"dvar2":334445.09375,"max":18540.0878906,"mean":501.308654785,"median":344.53125,"min":86.1328125,"var":352996.09375},"spectral_skewness":{"dmean":0.673109769821,"dmean2":1.0616928339,"dvar":0.511380910873,"dvar2":1.30916798115,"max":9.89067649841,"mean":3.32488369942,"median":3.15011024475,"min":0.880149006844,"var":1.10508370399},"spectral_spread":{"dmean":751345.1875,"dmean2":1187659,"dvar":449638105088,"dvar2":1136158572540,"max":11489934,"mean":2786329.75,"median":2610221.25,"min":656949.625,"var":966626639872},"spectral_strongpeak":{"dmean":0.223305851221,"dmean2":0.349847406149,"dvar":0.135311037302,"dvar2":0.309838354588,"max":4.62598609924,"mean":0.362206548452,"median":0.154525771737,"min":0,"var":0.289010763168},"zerocrossingrate":{"dmean":0.00413775490597,"dmean2":0.00482050748542,"dvar":0.000120186152344,"dvar2":0.000110600027256,"max":0.5048828125,"mean":0.0200596768409,"median":0.0166015625,"min":0.0029296875,"var":0.000256365805399}},"metadata":{"audio_properties":{"analysis_sample_rate":44100,"bit_rate":141610,"codec":"mp3","downmix":"mix","equal_loudness":0,"length":50.2345352173,"lossless":false,"md5_encoded":"a3efc82f7dc000b596582b21a1ce6130","replay_gain":-3.51716041565,"sample_rate":44100},"tags":{"album":["The Complete Columbia Album Collection"],"albumartist":["Johnny Cash"],"albumartistsort":["Cash, Johnny"],"artist":["Johnny Cash"],"artists":["Johnny Cash"],"artistsort":["Cash, Johnny"],"asin":["B008DDC874"],"barcode":["886979104723"],"catalognumber":["88697910472"],"date":["2012-12-04"],"discnumber":["15/63"],"file_name":"09 - Narration 3.mp3","label":["Columbia","Legacy"],"media":["CD"],"musicbrainz album release country":["US"],"musicbrainz album status":["official"],"musicbrainz album type":["album","compilation"],"musicbrainz release track id":["ed445d92-b239-3ad8-b3fe-9d9693bb0802"],"musicbrainz_albumartistid":["d43d12a1-2dc9-4257-a2fd-0a3bb1081b86"],"musicbrainz_albumid":["de36c451-000c-4488-9375-b6d40b6636e5"],"musicbrainz_artistid":["d43d12a1-2dc9-4257-a2fd-0a3bb1081b86"],"musicbrainz_recordingid":["5cc0cc46-6093-4c2a-9ef4-2aaa2f270feb"],"musicbrainz_releasegroupid":["30578604-ce5e-4d3d-a09c-6c06fc4c526b"],"originaldate":["2012"],"script":["Latn"],"title":["Narration 3"],"tracknumber":["9/26"]},"version":{"essentia":"2.1-beta1","essentia_build_sha":"ca57ba49d9b1854bd80e60cf9ccf267278fb7d6b","essentia_git_sha":"v2.1_beta1-28-g21ef5f4-dirty","extractor":"music 1.0"}},"rhythm":{"beats_count":76,"beats_loudness":{"dmean":0.0217200797051,"dmean2":0.0381174869835,"dvar":0.000743276730645,"dvar2":0.0020247399807,"max":0.127258956432,"mean":0.0206415727735,"median":0.00376109639183,"min":0.0000663528553559,"var":0.000834294827655},"beats_loudness_band_ratio":{"dmean":[0.279641151428,0.253256350756,0.0934813469648,0.0308403205127,0.0215236544609,0.00655154231936],"dmean2":[0.