{"lowlevel":{"average_loudness":0.955285668373,"barkbands":{"dmean":[0.000481668830616,0.00823803339154,0.00485041830689,0.00167427165434,0.00171224994119,0.000797748216428,0.000531684956513,0.000535392842721,0.000943668419495,0.000361842219718,0.000298955594189,0.000449296960142,0.000343883351889,0.000589088536799,0.000536446692422,0.000589746516198,0.000853039440699,0.000241186600761,0.000215747742914,0.0000930384194362,0.000103807877167,0.0000813454462332,0.0000390755049011,0.000054178188293,0.0000333492389473,0.0000122006740639,0.00000418882609665],"dmean2":[0.000780379108619,0.0143367089331,0.00862174853683,0.00295849051327,0.00292609492317,0.0012902879389,0.000853895326145,0.00085848668823,0.00151863333303,0.000583651009947,0.000486720178742,0.000720216950867,0.000564297253732,0.000954552961048,0.000876087229699,0.000979832140729,0.0014104511356,0.0003933304979,0.000352884468157,0.000147906161146,0.000161413947353,0.000116881688882,0.0000563121793675,0.0000776116430643,0.0000473233958473,0.0000175136938196,0.00000626513974566],"dvar":[9.19301896829e-7,0.000150672145537,0.0000609008639003,0.00000745408215153,0.0000132587983899,0.00000244804300564,9.62922740655e-7,0.00000147929904415,0.00000398877773478,3.24863322021e-7,3.07716163661e-7,5.50286756607e-7,3.44496385196e-7,7.48341676626e-7,7.70592805566e-7,7.49161699787e-7,0.00000165950109476,1.89136869722e-7,1.04786963107e-7,2.59751011811e-8,3.16338812922e-8,2.74651732468e-8,7.29996108007e-9,1.90588522742e-8,8.74575611931e-9,3.77573705634e-9,6.1118810013e-10],"dvar2":[0.00000227074474424,0.000426290847827,0.000173857377376,0.0000208987494261,0.000035174725781,0.00000567295228393,0.00000235880634136,0.00000365341475117,0.00000977791751211,8.12385337667e-7,8.30997237244e-7,0.00000137690585689,8.5189674337e-7,0.00000198357292902,0.00000200560930352,0.00000195219763555,0.00000441615247837,4.74917698057e-7,2.44401036298e-7,6.23942497668e-8,7.09255942866e-8,5.4359691859e-8,1.47708600906e-8,3.68895811675e-8,1.68183920124e-8,8.74140582141e-9,1.4696893702e-9],"max":[0.0236165355891,0.106848008931,0.0754165053368,0.0256631765515,0.034867670387,0.0496249571443,0.0225890148431,0.0263829156756,0.0481501035392,0.0141946272925,0.0216784700751,0.0222735442221,0.0202081911266,0.0237271804363,0.0191290043294,0.023048652336,0.0369457378983,0.0173527933657,0.0130176665261,0.00374530232511,0.0050708046183,0.00335585791618,0.00255515240133,0.00492714997381,0.00367045262828,0.00203814962879,0.000669682689477],"mean":[0.000520175730344,0.00983527395874,0.00722303893417,0.00189108529594,0.00212966278195,0.00125742692035,0.00086272979388,0.000818883359898,0.00165425252635,0.000635544944089,0.000570542237256,0.000849144766107,0.000655192416161,0.00124509399757,0.00106748798862,0.00126703397837,0.0018657844048,0.000569527212065,0.00055847177282,0.000221747905016,0.00027415403747,0.000160272466019,0.0000833459780551,0.00011619959696,0.0000617325640633,0.0000218755394599,0.00000705256661604],"median":[0.000194671025383,0.00634604226798,0.0050762873143,0.000973954622168,0.00122884800658,0.000619460945018,0.000445422541816,0.000288657436613,0.000734095112421,0.000394477159716,0.000363489700248,0.000543522299267,0.00041504309047,0.000851796532515,0.00067427859176,0.000939951627515,0.00122474785894,0.000436147471191,0.000429061416071,0.000133831927087,0.000155354500748,0.0000460728260805,0.0000186670986295,0.0000302227235807,0.00000945546253206,0.00000139133476296,2.06130238212e-7],"min":[5.74577785763e-25,6.0665805693e-24,2.84074176224e-24,1.03304244463e-24,1.40762998864e-23,9.90756601049e-24,1.43420655477e-23,8.24027062198e-24,1.90753287977e-23,1.9195436026e-23,9.22723816633e-24,4.52226567713e-23,4.446494325e-23,3.94227462922e-23,3.21568324842e-23,6.18643338992e-23,6.90358242123e-23,7.42249070707e-23,1.32550657074e-22,1.75593571257e-22,2.71443528633e-22,3.27511268425e-22,3.93380194756e-22,5.65021863178e-22,8.23078737794e-22,1.3184742986e-21,1.84238022652e-21],"var":[9.81288735602e-7,0.000135700101964,0.0000612483490841,0.00000664004119244,0.0000112983570943,0.00000510800055054,0.00000182269991456,0.00000304700461129,0.00000908741913008,7.33187221158e-7,5.57531734557e-7,0.00000111945030312,7.56785084377e-7,0.000001728586426,0.00000172849445335,0.00000168905239661,0.00000458585736851,4.3573609787e-7,3.05663405697e-7,8.65418883222e-8,1.198088313e-7,9.03097188143e-8,2.92995903095e-8,6.39122177404e-8,2.47143461252e-8,6.66337518496e-9,9.62232626911e-10]},"barkbands_crest":{"dmean":2.96470046043,"dmean2":5.04028272629,"dvar":7.5494761467,"dvar2":21.7923030853,"max":22.8008708954,"mean":9.19663333893,"median":8.65102005005,"min":2.10728979111,"var":12.5872468948},"barkbands_flatness_db":{"dmean":0.022341767326,"dmean2":0.0365139581263,"dvar":0.000419908523327,"dvar2":0.00114818615839,"max":0.306844741106,"mean":0.122215732932,"median":0.119639255106,"min":0.01415969152,"var":0.00205266289413},"barkbands_kurtosis":{"dmean":1.70352816582,"dmean2":2.92783808708,"dvar":8.88527393341,"dvar2":24.4527854919,"max":53.3140258789,"mean":0.584781229496,"median":-0.383236646652,"min":-1.86082935333,"var":9.504155159},"barkbands_skewness":{"dmean":0.568168580532,"dmean2":0.935426414013,"dvar":0.317103654146,"dvar2":0.846200346947,"max":6.29123401642,"mean":0.953945398331,"median":0.869019389153,"min":-2.17529940605,"var":0.789337337017},"barkbands_spread":{"dmean":5.88516616821,"dmean2":9.60972976685,"dvar":32.4006919861,"dvar2":79.9725875854,"max":95.3902511597,"mean":29.8947868347,"median":29.7332668304,"min":2.32956600189,"var":122.213119507},"dissonance":{"dmean":0.0097772423178,"dmean2":0.0167183559388,"dvar":0.0000825756578706,"dvar2":0.000233015496633,"max":0.499994546175,"mean":0.483068943024,"median":0.485834658146,"min":0.383677214384,"var":0.000148323932081},"dynamic_complexity":2.29815530777,"erbbands":{"dmean":[0.162874490023,2.10296535492,5.45733451843,5.77501010895,5.64350271225,5.83132505417,5.42880392075,6.63267183304,6.91708612442,8.78741455078,13.6685361862,18.5054779053,17.7499103546,8.92001152039,10.401550293,17.7312011719,14.9590272903,27.4882965088,23.3015556335,33.5095863342,32.1339530945,47.7978935242,14.8752651215,10.6126976013,9.64665222168,4.04613876343,4.01254749298,4.14834547043,3.04022097588,1.78819048405,1.0854871273,1.11233353615,0.94929677248,0.536338031292,0.144071131945,0.0568250305951,0.0228744540364,0.00525594642386,0.000681461882778,0.000051014500059],"dmean2":[0.29255259037,3.64591956139,9.55905628204,10.2141437531,9.79884338379,9.97247695923,9.01667690277,10.7804670334,11.2462797165,14.0109891891,21.8984565735,29.9238452911,28.4144592285,14.5060768127,16.9141864777,28.2233905792,24.3001804352,44.5622444153,38.0644111633,54.8596038818,53.5300636292,79.0581741333,24.1009292603,17.3326206207,15.670999527,6.46669054031,6.33295059204,6.43430376053,4.36995220184,2.57357764244,1.56326282024,1.60007321835,1.37190175056,0.772392570972,0.202628955245,0.08093187958,0.0342051535845,0.00790304131806,0.00102497334592,0.0000762455310905],"dvar":[0.0960054919124,8.93041133881,67.5707702637,92.8078765869,132.243148804,134.837661743,82.5581817627,253.991409302,170.346755981,315.533447266,923.737792969,1788.10290527,1176.96691895,231.647171021,299.22265625,877.344299316,548.385314941,1914.04772949,1935.04797363,2423.36206055,2415.66552734,5337.05957031,616.981750488,283.481750488,215.741317749,40.5226554871,42.7499542236,61.7734565735,38.7449798584,15.6504621506,6.0837392807,8.64584541321,6.15882921219,2.458091259,0.146894127131,0.0521924905479,0.0153847988695,0.00105376879219,0.0000161603184097,5.19271701194e-8],"dvar2":[0.275129973888,25.195142746,192.797363281,261.065795898,355.026519775,361.997253418,214.489273071,584.703063965,408.996154785,748.348449707,2326.41772461,4431.39404297,2873.19995117,592.30657959,811.114013672,2145.66894531,1334.66308594,5120.80029297,5008.87207031,6359.96630859,6518.35595703,14516.3818359,1485.31713867,676.86932373,521.305419922,97.5245742798,100.750106812,140.906448364,77.9461898804,31.315662384,12.1572809219,18.4628791809,12.0884714127,4.59552001953,0.291489899158,0.110370546579,0.0372580178082,0.00262242765166,0.0000390459172195,1.24801985635e-7],"max":[2.31274652481,26.1758613586,75.4723129272,84.5794067383,117.11630249,132.992218018,193.250320435,622.424804688,425.648254395,434.187103271,713.280090332,1203.546875,861.51348877,425.86932373,614.365539551,912.374633789,717.689758301,1212.13464355,1197.4083252,887.54083252,1095.35852051,1604.3828125,1096.29089355,771.645263672,444.790527344,177.848251343,192.568374634,281.80166626,116.680511475,123.79624176,92.1476287842,116.811309814,91.8126068115,73.021522522,8.39970302582,7.81420564651,4.25726079941,1.07588887215,0.126300215721,0.00672090565786],"mean":[0.170587077737,2.6346616745,8.34800720215,7.67166519165,6.15781927109,7.15216684341,8.62302494049,10.2606010437,11.1475048065,14.5657186508,21.7637042999,32.721950531,32.818359375,18.7644634247,22.6382389069,35.9972610474,32.8092918396,61.0865287781,50.1543998718,70.5359344482,76.5332717896,104.340881348,40.0807342529,28.5142345428,25.0392990112,10.5437145233,10.3724145889,10.1788311005,6.10689258575,3.50733733177,2.31737518311,2.40605354309,1.88654410839,0.975085139275,0.282445400953,0.107286684215,0.0386021621525,0.00871197599918,0.00115577701945,0.000109864333353],"median":[0.0996157899499,1.76156163216,6.03996562958,4.83293533325,3.30792808533,3.94567012787,4.80947637558,4.88250350952,5.94894599915,6.616710186,8.45297622681,14.9099235535,18.5075798035,12.7298746109,16.3985710144,22.5443840027,23.5090789795,40.3087692261,31.6956520081,49.3623123169,57.3690872192,67.9078979492,30.4072952271,23.7509689331,18.3518772125,7.03130197525,6.32138252258,5.18776750565,1.89880120754,0.761338591576,0.528324961662,0.600824356079,0.47029197216,0.167973130941,0.0422222018242,0.00915415212512,0.0022328987252,0.000344261177815,0.0000565802038182,0.0000467473182653],"min":[1.22833531552e-22,6.63207303218e-22,3.26825845486e-21,5.7347591763e-21,1.90798336353e-20,3.59415695333e-20,6.18464009325e-20,6.17407156845e-20,1.32401488601e-19,2.89743842688e-19,2.41497913075e-19,4.54739388125e-19,6.86023016503e-19,7.0809881269e-19,6.955802613e-19,1.6846116337e-18,1.86727255169e-18,2.41751909222e-18,2.13973819405e-18,3.59237095406e-18,4.48792755682e-18,5.15785741261e-18,5.72188457535e-18,6.18761414359e-18,6.61828862465e-18,8.16829439804e-18,8.62413957154e-18,1.14153952013e-17,1.2811784436e-17,1.11660242349e-17,1.03685369248e-17,1.15440474292e-17,1.00244488151e-17,6.34687825796e-18,4.36009837368e-18,4.41599593075e-18,2.54166773523e-18,1.00552023563e-18,2.33163551416e-19,2.45224122628e-20],"var":[0.0696278586984,8.5362701416,72.3956985474,82.6198730469,103.651145935,120.552185059,152.736206055,494.880126953,308.538360596,635.235900879,1835.74719238,3900.25512695,2677.5769043,548.043701172,568.848693848,2020.11047363,1271.51123047,4545.32861328,4304.80908203,5283.29199219,5986.80322266,13883.9667969,1960.88317871,659.915283203,643.550598145,145.963867188,149.238601685,209.689483643,124.914306641,52.8012657166,22.9782524109,28.4568195343,17.772567749,6.75724220276,0.44775095582,0.117532983422,0.023698374629,0.00149894715287,0.0000248073356488,8.48961363431e-8]},"erbbands_crest":{"dmean":2.31966352463,"dmean2":3.82361531258,"dvar":4.67133617401,"dvar2":12.3157806396,"max":28.2650680542,"mean":8.38043212891,"median":7.60406398773,"min":2.48325443268,"var":12.6828556061},"erbbands_flatness_db":{"dmean":0.0168507713825,"dmean2":0.0241983644664,"dvar":0.000235217259615,"dvar2":0.0004504295066,"max":0.390856921673,"mean":0.168729141355,"median":0.169914484024,"min":0.0592619068921,"var":0.00214458210394},"erbbands_kurtosis":{"dmean":0.893967151642,"dmean2":1.44684457779,"dvar":1.03628849983,"dvar2":2.64690542221,"max":18.8818492889,"mean":0.776594400406,"median":0.334119439125,"min":-1.6277564764,"var":2.70995879173},"erbbands_skewness":{"dmean":0.306117147207,"dmean2":0.487791180611,"dvar":0.0728049203753,"dvar2":0.179758265615,"max":1.84811460972,"mean":-0.648175597191,"median":-0.640315711498,"min":-3.40613126755,"var":0.332985907793},"erbbands_spread":{"dmean":6.51653194427,"dmean2":10.4388284683,"dvar":41.4883384705,"dvar2":100.22228241,"max":81.9254074097,"mean":30.108877182,"median":28.7003707886,"min":3.22721219063,"var":122.044700623},"gfcc":{"cov":[[19001.2402344,591.586730957,287.456817627,1369.73376465,-796.052978516,696.696472168,-332.033966064,242.675765991,120.035125732,242.681732178,-291.735473633,-255.529449463,-587.848571777],[591.586730957,1361.35961914,-412.886901855,169.079421997,221.236633301,-90.6325302124,146.81439209,-63.1428070068,54.5874328613,-58.0258598328,103.716598511,-147.93170166,79.0465927124],[287.456817627,-412.886901855,625.878845215,94.0440597534,-77.1955718994,124.597869873,-10.5543260574,11.1132421494,21.2919063568,61.4316329956,-53.257686615,33.8838157654,-115.925956726],[1369.73376465,169.079421997,94.0440597534,407.009033203,26.2425136566,149.36618042,20.5657215118,16.3724422455,67.4475097656,18.2777614594,2.26230025291,-69.5029296875,-47.9402351379],[-796.052978516,221.236633301,-77.1955718994,26.2425136566,204.515365601,-25.3878288269,69.4426879883,-14.1232795715,19.1826839447,-21.2182807922,30.2980976105,-14.8418121338,36.1679191589],[696.696472168,-90.6325302124,124.597869873,149.36618042,-25.3878288269,169.419616699,13.4755992889,35.7472724915,18.9592399597,24.6262073517,-11.0543088913,-21.7498340607,-38.6507263184],[-332.033966064,146.81439209,-10.5543260574,20.5657215118,69.4426879883,13.4755992889,124.019371033,4.92844629288,20.5313129425,-11.9974269867,18.6214733124,-19.3827400208,2.63838744164],[242.675765991,-63.1428070068,11.1132421494,16.3724422455,-14.1232795715,35.7472724915,4.92844629288,82.6729812622,29.0870189667,8.48180770874,-10.0916662216,-4.77886772156,-5.97683620453],[120.035125732,54.5874328613,21.2919063568,67.4475097656,19.1826839447,18.9592399597,20.5313129425,29.0870189667,80.0395965576,25.5557079315,6.08493566513,-25.5176181793,-11.5548057556],[242.681732178,-58.0258598328,61.4316329956,18.2777614594,-21.2182807922,24.6262073517,-11.9974269867,8.48180770874,25.5557079315,66.7991104126,18.8851280212,4.78300666809,-20.7157211304],[-291.735473633,103.716598511,-53.257686615,2.26230025291,30.2980976105,-11.0543088913,18.6214733124,-10.0916662216,6.08493566513,18.8851280212,73.2038955688,7.68689155579,25.3016700745],[-255.529449463,-147.93170166,33.8838157654,-69.5029296875,-14.8418121338,-21.7498340607,-19.3827400208,-4.77886772156,-25.5176181793,4.78300666809,7.68689155579,84.7602920532,23.9356117249],[-587.848571777,79.0465927124,-115.925956726,-47.9402351379,36.1679191589,-38.6507263184,2.63838744164,-5.97683620453,-11.5548057556,-20.7157211304,25.3016700745,23.9356117249,91.6973419189]],"icov":[[0.000190055681742,-0.000379420613172,0.000249393779086,-0.00052834127564,0.000646367087029,-0.000272890785709,0.000339291989803,-0.000505350588355,0.000440129311755,-0.000740189570934,0.000913800962735,-0.000719734060112,0.000995842856355],[-0.000379420613172,0.00251212553121,0.0000645423206151,0.00015232397709,-0.00170502020046,0.00172263244167,-0.00181972642895,0.00186825334094,-0.00105008739047,0.00194151571486,-0.00323712639511,0.00378958135843,-0.00265363999642],[0.000249393779086,0.0000645423206151,0.00339560909197,-0.00108427193481,0.000808668381069,-0.0014813587768,-0.000364695151802,0.000617286481429,-0.000242442809395,-0.00223486544564,0.00258511956781,-0.00295125297271,0.00389809627086],[-0.00052834127564,0.00015232397709,-0.00108427193481,0.00693649286404,-0.00238646776415,-0.00433456012979,0.000986018916592,0.00283177266829,-0.00493661733344,0.00393609469756,-0.00320585654117,0.00266562751494,-0.00153628038242],[0.000646367087029,-0.00170502020046,0.000808668381069,-0.00238646776415,0.00960466824472,-0.0000147156324601,-0.0020144036971,-0.000753413769417,0.0000312886004394,-0.0011024348205,0.00214111292735,-0.00266808550805,0.00146301137283],[-0.000272890785709,0.00172263244167,-0.0014813587768,-0.00433456012979,-0.0000147156324601,0.0136999133974,-0.00356017891318,-0.00384923070669,0.00410247128457,-0.00239179306664,-0.00131919817068,0.00387424300425,-0.00241209426895],[0.000339291989803,-0.00181972642895,-0.000364695151802,0.000986018916592,-0.0020144036971,-0.00356017891318,0.0130669763312,-0.00163089961279,-0.00214713765308,0.00292286765762,-0.00133876618929,-0.00130650657229,0.00371005712077],[-0.000505350588355,0.00186825334094,0.000617286481429,0.00283177266829,-0.000753413769417,-0.00384923070669,-0.00163089961279,0.0187291577458,-0.00941307004541,0.00330868596211,-0.000659199606162,0.00133325892966,-0.00325171160512],[0.000440129311755,-0.00105008739047,-0.000242442809395,-0.00493661733344,0.0000312886004394,0.00410247128457,-0.00214713765308,-0.00941307004541,0.0244146771729,-0.0120579721406,0.00364067871124,0.00312873814255,0.000535646977369],[-0.000740189570934,0.00194151571486,-0.00223486544564,0.00393609469756,-0.0011024348205,-0.00239179306664,0.00292286765762,0.00330868596211,-0.0120579721406,0.0302861537784,-0.0151086924598,0.00089714420028,0.00162921077572],[0.000913800962735,-0.00323712639511,0.00258511956781,-0.00320585654117,0.00214111292735,-0.00131919817068,-0.00133876618929,-0.000659199606162,0.00364067871124,-0.0151086924598,0.0273101590574,-0.00747603271157,0.00029715889832],[-0.000719734060112,0.00378958135843,-0.00295125297271,0.00266562751494,-0.00266808550805,0.00387424300425,-0.00130650657229,0.00133325892966,0.00312873814255,0.00089714420028,-0.00747603271157,0.0246374066919,-0.0111796623096],[0.000995842856355,-0.00265363999642,0.00389809627086,-0.00153628038242,0.00146301137283,-0.00241209426895,0.00371005712077,-0.00325171160512,0.000535646977369,0.00162921077572,0.00029715889832,-0.0111796623096,0.0250612851232]],"mean":[9.70982074738,104.359802246,-141.448562622,42.4225616455,-33.0400161743,15.5662879944,-31.5645923615,11.6460313797,-15.7790298462,-2.74979305267,-13.0435428619,-6.73406362534,-4.28246879578]},"hfc":{"dmean":5.53264474869,"dmean2":8.23965263367,"dvar":42.530708313,"dvar2":87.6956176758,"max":180.194290161,"mean":28.4589366913,"median":25.1092224121,"min":1.01064702249e-16,"var":313.478271484},"melbands":{"dmean":[0.00190334802028,0.00278423260897,0.000949634704739,0.000433143228292,0.000186126431799,0.000148758932482,0.000106050887553,0.0000990038752207,0.000117630101158,0.000126391256345,0.0000902810279513,0.0000374694136553,0.0000417558730987,0.0000349129222741,0.0000587562753935,0.0000325017244904,0.0000575733320147,0.0000430407562817,0.0000376899843104,0.0000459272050648,0.0000407650950365,0.0000586984351685,0.0000290824427793,0.0000107474970719,0.00000942539190874,0.00000942786300584,0.00000515245437782,0.00000254801966548,0.00000246695071837,0.00000316435125569,0.000002390862619,0.00000195016423277,0.00000140126530823,8.83557447651e-7,6.68867812692e-7,6.49830667498e-7,7.43876739762e-7,7.15743908586e-7,6.21554420377e-7,4.25924895353e-7],"dmean2":[0.00334929442033,0.00481443479657,0.00166837999132,0.000748168851715,0.000309230788844,0.000240451685386,0.000171843304997,0.000156975569553,0.000188407837413,0.000204128125915,0.000144206511322,0.0000608303525951,0.0000678976066411,0.000056754473917,0.0000935065399972,0.0000536476654815,0.0000931836621021,0.0000705628481228,0.0000616633988102,0.0000759320173529,0.0000680748053128,0.0000979860342341,0.0000473088221042,0.0000174003689608,0.0000155617508426,0.0000154365316121,0.00000832010209706,0.00000413051429859,0.00000395383904106,0.0000050838793868,0.00000372684780814,0.00000288032742901,0.00000203893773687,0.00000130837838697,9.93365460999e-7,9.54799588726e-7,0.00000109361292289,0.00000105205538148,9.09057064291e-7,6.18391368334e-7],"dvar":[0.00000974318209046,0.0000151719023052,0.00000241574048232,9.47562057263e-7,8.36665705606e-8,1.08721316394e-7,3.74374629075e-8,3.70880997025e-8,6.63390693489e-8,7.87514622402e-8,2.98305167235e-8,4.19419565745e-9,6.12631634311e-9,2.87166113111e-9,1.12296296706e-8,3.02716496314e-9,8.61514770634e-9,6.60182530865e-9,3.93002297372e-9,4.14863920994e-9,3.89605148143e-9,8.6064568805e-9,2.85911405662e-9,2.39917669065e-10,2.42664249805e-10,2.15301790285e-10,8.32781066329e-11,1.69319211429e-11,1.81514126646e-11,3.03235977994e-11,2.30996055617e-11,1.60012419981e-11,9.92273190698e-12,3.86517814283e-12,2.35020293157e-12,2.91957430454e-12,3.87571225113e-12,3.3275754114e-12,3.20295266004e-12,1.55067386882e-12],"dvar2":[0.0000276377159025,0.0000423968995165,0.00000673864497003,0.00000252739368989,2.23153108436e-7,2.50226520393e-7,9.03902090954e-8,8.78451587027e-8,1.66367726706e-7,1.94474765181e-7,7.25970608073e-8,1.06230029218e-8,1.66130558199e-8,7.2821881858e-9,2.74932716593e-8,7.92771004399e-9,2.2989976145e-8,1.71382552594e-8,1.04429149772e-8,1.07227959845e-8,1.04453405925e-8,2.38362236615e-8,6.70211530718e-9,6.12598138883e-10,5.82725256937e-10,5.32143384913e-10,2.04647257473e-10,4.2913242404e-11,4.48992613922e-11,7.46265618745e-11,5.35587095507e-11,3.35039843091e-11,2.04750626176e-11,8.24035544661e-12,5.13885548697e-12,6.40696957294e-12,8.39183236789e-12,6.87123665258e-12,6.31917261573e-12,3.02916697802e-12],"max":[0.0262957252562,0.031271673739,0.0135405259207,0.00938956532627,0.00539845088497,0.012235628441,0.00559431966394,0.00486496882513,0.00546009512618,0.00651832763106,0.0041821859777,0.00197044503875,0.00303182168864,0.00123894051649,0.00372257945128,0.00117430672981,0.00279642571695,0.00197825557552,0.00118440331426,0.00166591571178,0.00139850284904,0.00211063446477,0.0025194035843,0.000554751779418,0.000702044635545,0.00041900301585,0.000242966576479,0.000107163512439,0.000137432012707,0.000150701249368,0.000204624433536,0.0000901794992387,0.0000803049479146,0.0000666726191412,0.0000517301959917,0.0000712830151315,0.0000677659118082,0.0000630788636045,0.0000811331774457,0.0000598700280534],"mean":[0.00221570790745,0.00422321213409,0.00130339665338,0.000492040184326,0.000300765590509,0.000236028892687,0.000170727522345,0.000161847536219,0.000183897616807,0.000221988259,0.000163409364177,0.0000738516901038,0.0000827046969789,0.0000709684900357,0.000107258398202,0.0000628730049357,0.000122675119201,0.0000820317436592,0.000074174706242,0.0000960493198363,0.0000866117406986,0.000118283256597,0.0000612789954175,0.0000243265185418,0.0000222412872972,0.0000221950540436,0.0000119124715638,0.00000560891066925,0.00000564411811865,0.00000749732862459,0.00000528508599018,0.00000369228905583,0.00000246022136707,0.00000168544272583,0.00000129055217712,0.00000135857055739,0.00000149974096075,0.00000138114876336,0.00000109001439341,7.3736896411e-7],"median":[0.0014222007012,0.00321390386671,0.000885759363882,0.000266546325292,0.000181015668204,0.000115925759019,0.0000923032639548,0.0000692003304721,0.0000700598029653,0.0000990894623101,0.0000912381510716,0.0000483123149024,0.0000542260313523,0.000045127235353,0.0000684890692355,0.00004072603042,0.0000769215839682,0.0000474906264571,0.0000487603101647,0.0000689006410539,0.0000601744904998,0.0000726025464246,0.0000385125713365,0.0000192474781215,0.0000178014470293,0.0000160433446581,0.00000743099963074,0.00000352903634848,0.00000336182824867,0.00000428442808698,0.00000242682608587,0.00000113983742267,5.19825277934e-7,3.53090399585e-7,2.7049406981e-7,3.33279018605e-7,3.6075425669e-7,3.52646736701e-7,2.13288444684e-7,1.09451903541e-7],"min":[1.64552706765e-24,1.32065314346e-24,9.14658680232e-25,1.82992774159e-24,2.75930646771e-24,1.71657158495e-24,2.404228933e-24,4.38533811998e-24,1.51042832674e-24,2.88742793112e-24,3.27384000706e-24,2.67290115225e-24,1.59527603634e-24,3.3556005095e-24,1.59479778942e-24,3.48277474819e-24,3.12730455796e-24,1.68410384503e-24,3.20791785944e-24,3.81657532378e-24,4.93000989301e-24,4.75017524459e-24,4.29084914962e-24,3.34800732886e-24,4.50733585341e-24,4.30156898046e-24,4.74440354378e-24,4.65464576669e-24,4.97296415816e-24,5.73307542212e-24,5.66489299079e-24,6.13569030662e-24,5.67494228986e-24,5.12446647273e-24,5.35936400675e-24,6.07134686688e-24,6.74804792303e-24,7.30454353773e-24,5.67493203467e-24,4.65161930183e-24],"var":[0.00000807148444437,0.0000162826963788,0.00000211446376852,7.50655374304e-7,1.44463612628e-7,2.19196962803e-7,6.71683011433e-8,7.74883943677e-8,1.30609251414e-7,1.76485613679e-7,6.80676919274e-8,9.93143700612e-9,1.10042721602e-8,7.21601667308e-9,2.22955964801e-8,5.98666627383e-9,2.09020019071e-8,1.39517215558e-8,7.97433408195e-9,9.24312892892e-9,9.1383398626e-9,1.96051814783e-8,8.36684499461e-9,4.95211704976e-10,4.99473795657e-10,5.64406132941e-10,2.35709923802e-10,4.89867174602e-11,4.97750833606e-11,8.87609638567e-11,7.17768691705e-11,4.70880869019e-11,2.70953051662e-11,1.24945522678e-11,7.37864630507e-12,9.15608908136e-12,1.15658099417e-11,9.080450801e-12,8.09382508932e-12,4.04339148968e-12]},"melbands_crest":{"dmean":3.57789826393,"dmean2":5.99179601669,"dvar":9.28713321686,"dvar2":25.712469101,"max":29.419883728,"mean":15.3396778107,"median":15.221113205,"min":1.00497913361,"var":27.1266651154},"melbands_flatness_db":{"dmean":0.0303551480174,"dmean2":0.0498119741678,"dvar":0.000758554087952,"dvar2":0.00207339832559,"max":0.403085082769,"mean":0.186581045389,"median":0.185652941465,"min":5.0477814284e-7,"var":0.00322685437277},"melbands_kurtosis":{"dmean":5.54729413986,"dmean2":9.48922252655,"dvar":78.0744018555,"dvar2":216.00642395,"max":111.695411682,"mean":6.71397638321,"median":3.87892413139,"min":-1.77992856503,"var":89.9590682983},"melbands_skewness":{"dmean":0.822283744812,"dmean2":1.3670655489,"dvar":0.713292837143,"dvar2":1.94167518616,"max":9.23482036591,"mean":2.2429664135,"median":2.09409689903,"min":-2.22265410423,"var":1.623259902},"melbands_spread":{"dmean":10.044960022,"dmean2":16.432182312,"dvar":87.0155715942,"dvar2":220.583221436,"max":167.630493164,"mean":32.9967842102,"median":29.7011795044,"min":1.56886041164,"var":336.29309082},"mfcc":{"cov":[[8586.83789062,391.129089355,555.283691406,548.258605957,211.237213135,245.635864258,24.8946685791,91.5232086182,181.468505859,115.202537537,314.070892334,352.687347412,-201.011077881],[391.129089355,1187.78881836,-382.710296631,238.704315186,47.4618263245,31.502281189,103.001914978,15.459731102,19.3234424591,33.7363052368,26.950428009,22.8754329681,-57.3356933594],[555.283691406,-382.710296631,437.127624512,-31.9113006592,-6.1966843605,49.0840454102,-27.0799484253,-0.844253659248,-7.61137151718,-5.87029457092,51.7337608337,6.86891174316,22.5352058411],[548.258605957,238.704315186,-31.9113006592,260.194396973,74.4996261597,91.4329528809,46.7314872742,29.1415901184,33.7823181152,33.1652984619,40.9542579651,51.7534408569,-20.3340530396],[211.237213135,47.4618263245,-6.1966843605,74.4996261597,115.254631042,37.1900978088,15.4023218155,6.9008641243,23.4276580811,15.7782564163,8.8630399704,11.8522853851,1.32689344883],[245.635864258,31.502281189,49.0840454102,91.4329528809,37.1900978088,124.406074524,48.1924591064,18.6013317108,10.8519001007,18.689781189,32.7305870056,12.5842638016,-6.47755384445],[24.8946685791,103.001914978,-27.0799484253,46.7314872742,15.4023218155,48.1924591064,97.1025772095,29.2965812683,12.1664438248,9.69915485382,19.0881633759,12.3842468262,-14.2884988785],[91.5232086182,15.459731102,-0.844253659248,29.1415901184,6.9008641243,18.6013317108,29.2965812683,68.6497802734,28.4278335571,4.86598205566,-0.86507588625,12.2009372711,-4.19704723358],[181.468505859,19.3234424591,-7.61137151718,33.7823181152,23.4276580811,10.8519001007,12.1664438248,28.4278335571,74.9250793457,26.5838413239,12.1986560822,20.4308662415,-13.9750127792],[115.202537537,33.7363052368,-5.87029457092,33.1652984619,15.7782564163,18.689781189,9.69915485382,4.86598205566,26.5838413239,65.0882110596,33.751285553,14.4766244888,-14.2656164169],[314.070892334,26.950428009,51.7337608337,40.9542579651,8.8630399704,32.7305870056,19.0881633759,-0.86507588625,12.1986560822,33.751285553,80.7339324951,40.4943389893,-14.3307170868],[352.687347412,22.8754329681,6.86891174316,51.7534408569,11.8522853851,12.5842638016,12.3842468262,12.2009372711,20.4308662415,14.4766244888,40.4943389893,89.4129867554,-5.99671459198],[-201.011077881,-57.3356933594,22.5352058411,-20.3340530396,1.32689344883,-6.47755384445,-14.2884988785,-4.19704723358,-13.9750127792,-14.2656164169,-14.3307170868,-5.99671459198,72.3143386841]],"icov":[[0.000202941242605,-0.000135707989102,-0.000364581646863,-0.000150690379087,-0.000184820179129,-0.000056896093156,0.0003305056307,-0.00010752731032,-0.000159878705745,0.000148258855916,-0.000149136263644,-0.000534900056664,0.000509552482981],[-0.000135707989102,0.00172205001581,0.00156675488688,-0.00137295434251,0.000311990297632,0.000637061253656,-0.00115711067338,0.000319939252222,0.000304900546325,0.000261837907601,-0.00110800168477,0.00114040274639,-0.0000593274016865],[-0.000364581646863,0.00156675488688,0.0048855561763,0.000114380934974,0.000475711887702,-0.00153724092524,0.000664223509375,-0.000521387904882,0.000312050571665,0.00158136512619,-0.00390168302692,0.00206480268389,-0.00153667025734],[-0.000150690379087,-0.00137295434251,0.000114380934974,0.0085017522797,-0.00277970777825,-0.00470051914454,0.0010211848421,-0.00130999728572,-0.000138712435728,-0.000878170831129,0.000537747866474,-0.00296870013699,0.000263558496954],[-0.000184820179129,0.000311990297632,0.000475711887702,-0.00277970777825,0.0117261251435,-0.0015159327304,-0.00068918755278,0.00188705371693,-0.0028466922231,-0.000947152846493,0.00130334461574,0.0007988550351,-0.00198629871011],[-0.000056896093156,0.000637061253656,-0.00153724092524,-0.00470051914454,-0.0015159327304,0.0153107792139,-0.00602466613054,-0.000541899469681,0.00127771613188,-0.00102398148738,-0.00252768094651,0.00283715990372,-0.000539040600415],[0.0003305056307,-0.00115711067338,0.000664223509375,0.0010211848421,-0.00068918755278,-0.00602466613054,0.0169734731317,-0.00616912404075,0.000410952285165,0.00160817243159,-0.00327126611955,-0.000943409453612,0.00222028396092],[-0.00010752731032,0.000319939252222,-0.000521387904882,-0.00130999728572,0.00188705371693,-0.000541899469681,-0.00616912404075,0.0211138818413,-0.00747789721936,0.000536466250196,0.0045314966701,-0.00155057932716,-0.000897655263543],[-0.000159878705745,0.000304900546325,0.000312050571665,-0.000138712435728,-0.0028466922231,0.00127771613188,0.000410952285165,-0.00747789721936,0.0205264613032,-0.00708451401442,0.00137666403316,-0.00225392798893,0.00213010516018],[0.000148258855916,0.000261837907601,0.00158136512619,-0.000878170831129,-0.000947152846493,-0.00102398148738,0.00160817243159,0.000536466250196,-0.00708451401442,0.0242564342916,-0.0111634163186,0.00256141205318,0.00157067202963],[-0.000149136263644,-0.00110800168477,-0.00390168302692,0.000537747866474,0.00130334461574,-0.00252768094651,-0.00327126611955,0.0045314966701,0.00137666403316,-0.0111634163186,0.0269537083805,-0.00969937071204,0.00204131100327],[-0.000534900056664,0.00114040274639,0.00206480268389,-0.00296870013699,0.0007988550351,0.00283715990372,-0.000943409453612,-0.00155057932716,-0.00225392798893,0.00256141205318,-0.00969937071204,0.0187312588096,-0.00239693652838],[0.000509552482981,-0.0000593274016865,-0.00153667025734,0.000263558496954,-0.00198629871011,-0.000539040600415,0.00222028396092,-0.000897655263543,0.00213010516018,0.00157067202963,0.00204131100327,-0.00239693652838,0.0170528832823]],"mean":[-615.754455566,125.147857666,-28.957233429,29.6293525696,18.4341506958,8.26432991028,5.3169836998,7.5589299202,9.28230953217,2.89438796043,-0.0146145699546,4.09534358978,-4.93264102936]},"pitch_salience":{"dmean":0.0835657417774,"dmean2":0.140715897083,"dvar":0.00543515244499,"dvar2":0.0157383140177,"max":0.995845854282,"mean":0.519663631916,"median":0.522620677948,"min":0.16813492775,"var":0.010834353976},"silence_rate_20dB":{"dmean":0,"dmean2":0,"dvar":0,"dvar2":0,"max":1,"mean":1,"median":1,"min":1,"var":0},"silence_rate_30dB":{"dmean":0,"dmean2":0,"dvar":0,"dvar2":0,"max":1,"mean":1,"median":1,"min":1,"var":0},"silence_rate_60dB":{"dmean":0.000699239550158,"dmean2":0.00139860145282,"dvar":0.000698738498613,"dvar2":0.0019210720202,"max":1,"mean":0.0417759120464,"median":0,"min":0,"var":0.0400321669877},"spectral_centroid":{"dmean":239.292388916,"dmean2":386.803833008,"dvar":60930.9882812,"dvar2":143856.421875,"max":12161.0605469,"mean":1789.05004883,"median":1752.53955078,"min":259.220916748,"var":624746.125},"spectral_complexity":{"dmean":3.34743475914,"dmean2":5.39353132248,"dvar":8.22943592072,"dvar2":20.3212070465,"max":58,"mean":29.8831501007,"median":31,"min":0,"var":85.2662811279},"spectral_contrast_coeffs":{"dmean":[0.0541033484042,0.0461662374437,0.0368757136166,0.0297415424138,0.0219390187413,0.0179013777524],"dmean2":[0.0928343310952,0.0770965516567,0.0606885105371,0.0490568131208,0.0360224880278,0.0279275886714],"dvar":[0.00196371809579,0.00133728783112,0.000814178725705,0.00052055780543,0.000316303194268,0.000230122896028],"dvar2":[0.00568168563768,0.00363275315613,0.00219295173883,0.00144913827535,0.000817783467937,0.000518263725098],"max":[-0.409474313259,-0.489323794842,-0.523237109184,-0.584163963795,-0.626696527004,-0.57710814476],"mean":[-0.665129721165,-0.758996725082,-0.773518741131,-0.763306438923,-0.759672105312,-0.742393255234],"median":[-0.664989829063,-0.765583872795,-0.777406334877,-0.764900922775,-0.759369909763,-0.74063283205],"min":[-0.981702625751,-0.995424151421,-0.995519042015,-0.987033486366,-0.98868060112,-0.965889632702],"var":[0.00405447324738,0.00430894875899,0.00274851149879,0.00177220231853,0.00144597550388,0.00153260549996]},"spectral_contrast_valleys":{"dmean":[0.408822655678,0.360479295254,0.28303065896,0.214151442051,0.184036746621,0.301705539227],"dmean2":[0.6799736619,0.594490289688,0.466527581215,0.354443848133,0.290676355362,0.391639262438],"dvar":[0.113981962204,0.108314998448,0.0659333989024,0.0454215295613,0.0441605001688,0.113104380667],"dvar2":[0.284664690495,0.268943488598,0.159232020378,0.103697277606,0.0891889110208,0.184243321419],"max":[-5.20454692841,-4.78418493271,-5.50719547272,-5.80206918716,-5.65560054779,-7.65623617172],"mean":[-7.0351433754,-6.82169151306,-7.08061122894,-7.07722187042,-7.17926073074,-10.2989234924],"median":[-6.69001960754,-6.55644035339,-6.84833526611,-6.81264686584,-6.90640640259,-10.1335506439],"min":[-28.1242485046,-28.3032131195,-27.9054889679,-27.6428928375,-27.4791545868,-27.4093914032],"var":[4.02563858032,3.4012773037,2.98558187485,2.99412155151,3.18929100037,3.14096331596]},"spectral_decrease":{"dmean":3.43126038693e-9,"dmean2":5.60998270061e-9,"dvar":1.8811147575e-17,"dvar2":4.72359966786e-17,"max":1.69689438317e-28,"mean":-8.96657414984e-9,"median":-8.06150435295e-9,"min":-3.64954999554e-8,"var":2.77598306327e-17},"spectral_energy":{"dmean":0.013159503229,"dmean2":0.0214345268905,"dvar":0.000270635879133,"dvar2":0.000675038376357,"max":0.139245614409,"mean":0.0364231839776,"median":0.0332068800926,"min":9.75113706393e-21,"var":0.000421585340519},"spectral_energyband_high":{"dmean":0.000290922238491,"dmean2":0.000400222692406,"dvar":3.12011877668e-7,"dvar2":5.48094249098e-7,"max":0.0128582725301,"mean":0.000810641737189,"median":0.000347027380485,"min":6.86215142125e-21,"var":0.0000015400155462},"spectral_energyband_low":{"dmean":0.0118429297581,"dmean2":0.0202291924506,"dvar":0.00027346709976,"dvar2":0.0007326361374,"max":0.129886582494,"mean":0.0185418669134,"median":0.0144218252972,"min":1.7793485047e-23,"var":0.000294934550766},"spectral_energyband_middle_high":{"dmean":0.00202565919608,"dmean2":0.00326682277955,"dvar":0.00000517633725394,"dvar2":0.0000132388231577,"max":0.061808347702,"mean":0.00929320137948,"median":0.0082744769752,"min":1.27217439862e-21,"var":0.0000293621724268},"spectral_energyband_middle_low":{"dmean":0.00428199581802,"dmean2":0.00709513016045,"dvar":0.0000378548647859,"dvar2":0.000098109805549,"max":0.0581764951348,"mean":0.00884475652128,"median":0.00694765569642,"min":1.6536292884e-22,"var":0.0000545889997738},"spectral_entropy":{"dmean":0.104122169316,"dmean2":0.154777154326,"dvar":0.00910836830735,"dvar2":0.019870987162,"max":9.82162857056,"mean":7.69252586365,"median":7.65707302094,"min":6.45967292786,"var":0.097847700119},"spectral_flux":{"dmean":0.0277558341622,"dmean2":0.0419154539704,"dvar":0.000939715886489,"dvar2":0.00172211707104,"max":0.327108204365,"mean":0.102179847658,"median":0.0931186303496,"min":6.42913708382e-11,"var":0.00241141207516},"spectral_kurtosis":{"dmean":1.78880894184,"dmean2":3.07421183586,"dvar":4.51029968262,"dvar2":14.0400829315,"max":39.519618988,"mean":5.28744935989,"median":4.64706134796,"min":-1.26393198967,"var":11.2807168961},"spectral_rms":{"dmean":0.0009938335279,"dmean2":0.00159508909564,"dvar":0.00000112918417017,"dvar2":0.00000277017329608,"max":0.0116554442793,"mean":0.00568511523306,"median":0.00569183239713,"min":3.08436457798e-12,"var":0.00000321423590322},"spectral_rolloff":{"dmean":495.690765381,"dmean2":836.371765137,"dvar":337838.3125,"dvar2":786472.8125,"max":19724.4140625,"mean":1916.83825684,"median":1894.921875,"min":86.1328125,"var":2557957.5},"spectral_skewness":{"dmean":0.194000184536,"dmean2":0.327494204044,"dvar":0.036776393652,"dvar2":0.109054408967,"max":3.80288910866,"mean":1.42574000359,"median":1.40039086342,"min":-0.140461400151,"var":0.115034297109},"spectral_spread":{"dmean":394182.21875,"dmean2":538715.5,"dvar":329088270336,"dvar2":548816977920,"max":43197476,"mean":3613089.75,"median":3103610,"min":1271754.75,"var":7901166436350},"spectral_strongpeak":{"dmean":0.46989557147,"dmean2":0.847206056118,"dvar":1.07749068737,"dvar2":3.00090241432,"max":17.263961792,"mean":0.658398032188,"median":0.37649205327,"min":0,"var":1.10208463669},"zerocrossingrate":{"dmean":0.00830419547856,"dmean2":0.0106124775484,"dvar":0.0000690943779773,"dvar2":0.0000967680462054,"max":0.517578125,"mean":0.0640521124005,"median":0.05615234375,"min":0.01171875,"var":0.00188561587129}},"metadata":{"audio_properties":{"analysis_sample_rate":44100,"bit_rate":0,"codec":"flac","downmix":"mix","equal_loudness":0,"length":265.640014648,"lossless":true,"md5_encoded":"db642df5054c5fcfb4768d9d2d1f585d","replay_gain":-15.8998661041,"sample_rate":44100},"tags":{"album":["Marauder"],"albumartist":["Interpol"],"albumartistsort":["Interpol"],"artist":["Interpol"],"artistsort":["Interpol"],"bpm":["0"],"compilation":["0"],"date":["2018-08-24"],"discnumber":["1"],"disctotal":["1"],"file_name":"01 If You Really Love Nothing.flac","genre":["Post-Punk"],"label":["Matador"],"language":["eng"],"media":["Digital Media"],"musicbrainz_albumartistid":["b23e8a63-8f47-4882-b55b-df2c92ef400e"],"musicbrainz_albumid":["fd48f802-d7a0-4b97-8b12-ebdf80e38c73"],"musicbrainz_artistid":["b23e8a63-8f47-4882-b55b-df2c92ef400e"],"musicbrainz_recordingid":["5cc275ac-2337-4532-b41d-8177f97c1704"],"musicbrainz_releasegroupid":["5c9e9907-c147-47d1-bb69-d864b0a746bc"],"musicbrainz_releasetrackid":["f4c890b9-108c-4233-9034-d586388d58f0"],"originaldate":["2018-08-24"],"releasecountry":["KG"],"script":["Latn"],"title":["If You Really Love Nothing"],"totaldiscs":["1"],"totaltracks":["13"],"tracknumber":["1"],"tracktotal":["13"]},"version":{"essentia":"2.1-beta2","essentia_build_sha":"70f2e5ece6736b2c40cc944ad0e695b16b925413","essentia_git_sha":"v2.1_beta2","extractor":"music 1.0"}},"rhythm":{"beats_count":591,"beats_loudness":{"dmean":0.0157518088818,"dmean2":0.0276117641479,"dvar":0.000185922792298,"dvar2":0.00054169021314,"max":0.119937062263,"mean":0.0458812378347,"median":0.0456312671304,"min":0,"var":0.000324916181853},"beats_loudness_band_ratio":{"dmean":[0.165579944849,0.0760081037879,0.0629147514701,0.049181163311,0.0825423598289,0.0391754172742],"dmean2":[0.290951907635,0.142865732312,0.111912786961,0.0836551934481,0.14515760541,0.0721519365907],"dvar":[0.0183890517801,0.0055675492622,0.00449592713267,0.00251775374636,0.00668872380629,0.00113986816723],"dvar2":[0.0526724904776,0.0170585121959,0.0129082696512,0.00647185137495,0.0201726406813,0.00309705687687],"max":[0.946962