{"lowlevel":{"average_loudness":0.858669877052,"barkbands":{"dmean":[0.000110736364149,0.00158789637499,0.000460089300759,0.000370491965441,0.00107159675099,0.0020140146371,0.00064577703597,0.000402667879825,0.000686012441292,0.000940984929912,0.000497826084029,0.000232588747167,0.000109622371383,0.000227453143452,0.000211034392123,0.0000953919879976,0.0000725903009879,0.0000728659942979,0.000163232791238,0.000101428937342,0.0000548030729988,0.000174260057975,0.000113065165351,0.000101115590951,0.0000222850048885,0.00000255223835666,5.23103729222e-8],"dmean2":[0.000165204313817,0.00219669868238,0.000743160140701,0.000601898587774,0.00163494271692,0.002914207289,0.000963002210483,0.000595895631704,0.00101206311956,0.00131923588924,0.00076795858331,0.000344672618667,0.000161376825417,0.000344499305356,0.000305361958453,0.000145410405821,0.000110470231448,0.000109529129986,0.000232117119594,0.000151310407091,0.0000805624003988,0.000268358882749,0.000157367569045,0.000142225631862,0.0000309933966491,0.00000353297673428,8.8144005872e-8],"dvar":[6.67026043288e-8,0.0000062016188167,0.0000011018381656,8.32285252272e-7,0.00000603920034337,0.0000192187071661,0.0000045447300181,0.00000104460355033,0.00000452417771157,0.00000771740633354,0.00000335989170708,0.0000012386627759,1.81787044085e-7,5.07466268118e-7,5.95394908487e-7,8.31100805954e-8,4.9869061769e-8,4.19984154121e-8,2.05125587627e-7,5.06557711333e-8,2.46239011403e-8,3.0242611615e-7,2.29010780117e-7,2.72294840897e-7,6.32431751413e-9,7.44205322367e-11,5.03928631679e-14],"dvar2":[1.42135291981e-7,0.0000110946775749,0.00000274144622381,0.00000212797681343,0.0000120423474073,0.0000404762431572,0.0000102869398688,0.00000231394824368,0.00000942821134231,0.0000137952602017,0.00000831991928862,0.00000239421478909,3.38916066767e-7,0.00000113579437766,0.00000114740237223,1.69903699998e-7,1.00321059904e-7,7.76810438197e-8,3.98378716682e-7,1.09052358255e-7,5.28133057287e-8,7.21816149962e-7,4.15543951249e-7,5.12832855293e-7,1.29608581645e-8,1.54734072777e-10,1.270759214e-13],"max":[0.00475102011114,0.0405328348279,0.0174803882837,0.0160901211202,0.0778013169765,0.0867398157716,0.0782393291593,0.0222576707602,0.050359249115,0.0987468510866,0.0442856997252,0.0465684719384,0.0164295695722,0.0196966864169,0.028140751645,0.00954841915518,0.00889359600842,0.0105593129992,0.0125974453986,0.00468260794878,0.00689045060426,0.0162594094872,0.0170455146581,0.0217540580779,0.00239035207778,0.000332224532031,0.00000762203808335],"mean":[0.000151822678163,0.00538202701136,0.000745058234315,0.000526253075805,0.00201473850757,0.00507460534573,0.00139976176433,0.000861195381731,0.00122466427274,0.00204973807558,0.000894865661394,0.000399856449803,0.000198334018933,0.00041055039037,0.000349480076693,0.00016712055367,0.000127328297822,0.000138132294524,0.00032088853186,0.000200236332603,0.0000993592475425,0.000253733218415,0.00018106061907,0.000172274216311,0.0000367395914509,0.00000371370788343,4.70310652645e-8],"median":[0.0000309606548399,0.00143674458377,0.000363132334314,0.000139145035064,0.00035203556763,0.000737682159524,0.000141128068208,0.000106637155113,0.000137767594424,0.000138870585943,0.0000766996527091,0.0000667677959427,0.0000441911106464,0.0000797569664428,0.0000704439516994,0.0000531776422577,0.0000513661907462,0.0000483080802951,0.0000712119363016,0.0000799797562649,0.0000483119692944,0.0000483898693346,0.0000393777772842,0.0000339029575116,0.00000937127970246,7.83601592502e-7,9.19302056701e-9],"min":[2.15193859373e-25,5.25782261989e-24,3.04422409401e-25,2.81222108786e-25,5.78378734541e-24,7.65709573147e-24,1.03386122309e-23,9.01447528045e-24,2.05531776621e-23,1.5432768301e-23,2.03113491962e-23,2.426906278e-23,2.68895861319e-23,3.6404138484e-23,4.09875560274e-23,6.19733166109e-23,6.696971546e-23,1.00781530792e-22,1.08174855102e-22,1.4960942705e-22,1.95595562338e-22,2.94968496787e-22,3.5895912637e-22,4.69728021186e-22,8.8035200851e-22,1.34310180399e-21,2.04366420805e-21],"var":[1.27695315655e-7,0.0000696646675351,0.00000152669520048,0.00000155970235483,0.000019831897589,0.0000797780085122,0.0000165344099514,0.00000371151827494,0.0000103914599094,0.0000312854936055,0.00000955091127253,0.00000303468891616,5.76124193685e-7,0.00000136756932534,0.00000146079219121,2.04513099789e-7,1.07690908635e-7,9.98727784918e-8,6.1954915509e-7,1.48249725385e-7,4.71294292481e-8,4.14414614625e-7,5.04418665059e-7,6.37686639493e-7,1.35033682014e-8,1.45716369526e-10,4.48194304207e-14]},"barkbands_crest":{"dmean":2.54614639282,"dmean2":3.96752643585,"dvar":5.78269481659,"dvar2":13.8397331238,"max":26.0677852631,"mean":12.4609642029,"median":11.6719341278,"min":2.16277432442,"var":25.5840396881},"barkbands_flatness_db":{"dmean":0.0210112929344,"dmean2":0.0306335519999,"dvar":0.000400574732339,"dvar2":0.000794123217929,"max":0.387994229794,"mean":0.162156566978,"median":0.15952052176,"min":0.0377286151052,"var":0.00278247892857},"barkbands_kurtosis":{"dmean":3.7406334877,"dmean2":5.43305110931,"dvar":71.9401168823,"dvar2":133.336135864,"max":456.528839111,"mean":7.17837095261,"median":2.88085460663,"min":-1.96375894547,"var":246.242248535},"barkbands_skewness":{"dmean":0.567999780178,"dmean2":0.818321168423,"dvar":0.426880002022,"dvar2":0.819370508194,"max":19.9828853607,"mean":1.77067875862,"median":1.52017891407,"min":-4.09296655655,"var":2.71447086334},"barkbands_spread":{"dmean":6.10460233688,"dmean2":9.01140022278,"dvar":72.8485336304,"dvar2":140.591461182,"max":132.035339355,"mean":22.1565303802,"median":17.4089756012,"min":0.604562759399,"var":309.312225342},"dissonance":{"dmean":0.0209953356534,"dmean2":0.0349145233631,"dvar":0.000408351712395,"dvar2":0.00107991811819,"max":0.499990105629,"mean":0.450241982937,"median":0.456331819296,"min":0.261342614889,"var":0.00110079022124},"dynamic_complexity":4.08734989166,"erbbands":{"dmean":[0.0330403745174,0.401108980179,0.595117866993,0.892643153667,2.32770752907,3.30612826347,11.5629119873,16.2923355103,12.1907186508,6.81871461868,10.4460697174,13.6121196747,25.3866539001,22.636384964,16.8559055328,7.86264896393,5.12858533859,9.41256427765,10.9431734085,7.81674385071,4.33743572235,3.87848997116,3.70103526115,7.02389431,6.71152067184,4.90686941147,2.89305591583,2.24431276321,7.03470802307,3.34142041206,3.78793787956,2.9407389164,1.22189509869,0.373097091913,0.0960310325027,0.0199064835906,0.00360058550723,0.000366851891158,0.0000113375426736,0.00000733780507289],"dmean2":[0.0491648502648,0.546184122562,0.939945876598,1.37285470963,4.02193307877,4.84648799896,15.8311243057,23.5505847931,18.1068916321,10.3818693161,15.0592765808,20.0263881683,34.9977989197,32.2774620056,26.8931179047,11.5485305786,7.59705305099,14.2834415436,15.7151956558,11.6458396912,6.47939586639,5.80775785446,5.46981048584,9.99498462677,9.58285140991,7.32297611237,4.36829900742,3.26241588593,10.9771947861,5.03301095963,5.34662055969,4.10778570175,1.71591091156,0.515506327152,0.135682925582,0.027422722429,0.00487862061709,0.000510061043315,0.0000150621972352,0.0000103489765024],"dvar":[0.00265994132496,0.415521383286,1.24601304531,4.28246545792,45.4174232483,89.6372375488,749.97845459,1647.78100586,1769.46838379,312.507049561,805.206970215,2125.00146484,6580.19921875,3986.25073242,5793.26513672,1078.83300781,375.386962891,859.607177734,1762.87658691,571.568359375,147.255935669,151.763031006,141.142196655,385.385955811,400.752105713,129.695159912,74.4406204224,33.9993667603,521.338195801,122.315490723,274.382293701,236.734893799,33.3247795105,2.09607315063,0.174099385738,0.00534095847979,0.000126711354824,0.00000130316016111,9.50681089407e-10,8.74838257392e-11],"dvar2":[0.00569909997284,0.738014578819,3.18442702293,9.94107246399,123.353012085,160.438537598,1339.95617676,3457.15478516,4014.4230957,717.084411621,1626.71276855,4749.37158203,10984.2871094,8180.16455078,15203.3271484,1809.4473877,673.617431641,1942.26977539,3557.0234375,1080.79797363,280.789855957,306.06741333,261.418457031,752.500793457,777.660888672,283.075775146,167.744277954,71.9245605469,1257.21057129,273.50479126,505.442596436,434.966247559,67.8293151855,4.14759588242,0.41506010294,0.0117001626641,0.000261003733613,0.00000249925938078,1.69472336164e-9,1.63097133021e-10],"max":[0.916536033154,10.0920495987,14.9835987091,33.1903762817,80.0229187012,378.723693848,735.633972168,869.221801758,1650.77453613,510.280517578,691.463012695,1025.15881348,2494.90356445,1234.75024414,1931.61743164,1657.41503906,830.991699219,918.235290527,1372.80407715,848.457458496,448.690093994,565.130737305,601.409179688,706.987487793,663.299133301,313.867004395,401.026763916,179.569778442,640.936523438,337.77456665,597.209472656,668.843139648,178.552322388,50.0080490112,20.4893932343,2.94410467148,0.419528484344,0.0387147776783,0.00108294340316,0.000218597677303],"mean":[0.0960987657309,1.3815703392,1.40242910385,1.49100196362,2.59368014336,6.52744197845,30.1441898346,38.1902923584,28.926990509,15.401227951,22.5740337372,25.19231987,57.1210250854,49.1429443359,31.7060146332,15.3243789673,11.0472126007,18.4145793915,19.7559242249,14.1685085297,8.31042861938,7.28969144821,7.42565155029,13.9125585556,13.7271995544,9.78105068207,5.39390707016,4.0032286644,10.0514450073,5.16625118256,6.00949144363,4.87463665009,2.05590891838,0.634051024914,0.147568717599,0.0294510498643,0.00537863234058,0.00052980647888,0.0000283550998574,0.0000297093265544],"median":[0.0300617087632,0.342782467604,0.638599038124,0.511880397797,0.655845940113,1.51874923706,4.1522603035,5.95456504822,3.12640762329,3.70209360123,3.11466002464,4.50893640518,4.37155294418,5.82992458344,4.25963592529,3.23702859879,2.65281581879,4.12965631485,4.30936002731,4.0227355957,3.10553836823,2.96739792824,2.77369308472,3.58304452896,3.47361278534,3.86037611961,2.65135240555,1.78543639183,1.84798681736,1.16789269447,1.23566544056,0.924216032028,0.449353724718,0.16209487617,0.0334938615561,0.00645381212234,0.00117331033107,0.000126312283101,0.0000184749387699,0.00002613664401],"min":[9.83951003356e-23,9.52154153347e-22,1.38039722908e-21,3.48169003604e-21,4.99697990508e-21,2.29044405223e-20,4.82441266174e-20,8.54129833793e-20,1.64851073173e-19,2.17292773045e-19,2.32959263654e-19,5.13389595482e-19,7.49110789352e-19,6.9351608378e-19,9.72987325537e-19,1.27052450207e-18,1.53561758702e-18,1.80746532545e-18,1.91522379821e-18,3.61905993653e-18,4.69430911965e-18,4.32424712516e-18,5.5440940968e-18,6.19370012495e-18,6.4112548299e-18,7.9468606296e-18,7.87649237489e-18,1.07013580073e-17,8.74288631156e-18,1.04685422337e-17,1.11233963092e-17,1.08537850603e-17,9.26992526603e-18,8.89593871312e-18,5.13420335582e-18,3.8124055465e-18,2.45002811748e-18,9.59890885092e-19,2.49944228461e-19,2.87126733703e-20],"var":[0.0200043674558,4.7265663147,2.98157835007,9.34311676025,40.7191467285,274.769470215,3582.80053711,6078.20605469,6557.48193359,1159.37121582,2631.29467773,4396.3046875,28472.59375,15173.1875,16106.1884766,3234.24511719,1610.18115234,2869.26538086,3934.93725586,1425.60717773,365.500579834,334.766265869,315.814453125,1144.27478027,1161.23205566,369.868774414,146.819061279,63.1012039185,681.130554199,203.936843872,582.566833496,528.845947266,71.8494110107,4.53348112106,0.265393435955,0.00949100404978,0.000255954510067,0.00000270355303655,2.53398302341e-9,5.38272204587e-10]},"erbbands_crest":{"dmean":2.96543550491,"dmean2":4.63855934143,"dvar":8.44321155548,"dvar2":19.2926177979,"max":31.469871521,"mean":12.1051683426,"median":11.0362405777,"min":2.29121661186,"var":37.2217216492},"erbbands_flatness_db":{"dmean":0.0172559749335,"dmean2":0.024932673201,"dvar":0.000293849763693,"dvar2":0.000556912564207,"max":0.327218055725,"mean":0.174498602748,"median":0.17173370719,"min":0.0384039320052,"var":0.00204346957617},"erbbands_kurtosis":{"dmean":1.47808909416,"dmean2":2.25356674194,"dvar":5.66090583801,"dvar2":11.6258640289,"max":46.3746109009,"mean":1.44340896606,"median":0.147827863693,"min":-1.88239991665,"var":15.1787805557},"erbbands_skewness":{"dmean":0.441199243069,"dmean2":0.632167994976,"dvar":0.213991373777,"dvar2":0.396033853292,"max":5.75735139847,"mean":0.673164069653,"median":0.620916903019,"min":-6.11347818375,"var":1.2565549612},"erbbands_spread":{"dmean":9.37668895721,"dmean2":13.9894609451,"dvar":114.21698761,"dvar2":240.352294922,"max":149.436080933,"mean":42.4560165405,"median":37.6958198547,"min":3.80905461311,"var":557.838562012},"gfcc":{"cov":[[27064.2832031,1594.42980957,-2389.97827148,921.745788574,-1677.60986328,427.45425415,-805.883361816,356.422424316,-249.99319458,-30.1741695404,-11.5365371704,1.48580670357,74.9235458374],[1594.42980957,1019.33227539,-293.846923828,-30.9068698883,85.8794326782,-149.411727905,92.3070526123,-19.2687721252,23.2620010376,-50.4236068726,96.8546676636,-82.8677749634,91.5243225098],[-2389.97827148,-293.846923828,894.402893066,192.454284668,124.340652466,60.7670555115,-14.2057714462,-35.6341323853,79.6277008057,23.0797710419,-23.9067325592,38.7117881775,-53.2681808472],[921.745788574,-30.9068698883,192.454284668,471.580566406,35.3065872192,77.8756103516,-16.4928398132,-9.30944824219,47.8528938293,-1.12001574039,-53.7914466858,27.4084396362,-59.7337684631],[-1677.60986328,85.8794326782,124.340652466,35.3065872192,403.018768311,10.4872817993,164.292984009,12.6635456085,-0.211478322744,3.00328421593,-18.2568740845,-33.7813148499,-2.28143167496],[427.45425415,-149.411727905,60.7670555115,77.8756103516,10.4872817993,314.794555664,68.5244369507,20.5422859192,23.7638950348,13.8045225143,-49.9109802246,-21.4366054535,-30.6138553619],[-805.883361816,92.3070526123,-14.2057714462,-16.4928398132,164.292984009,68.5244369507,244.218811035,25.7161617279,36.7263412476,13.139591217,-2.20187163353,-15.047999382,-7.93006801605],[356.422424316,-19.2687721252,-35.6341323853,-9.30944824219,12.6635456085,20.5422859192,25.7161617279,166.414016724,42.2879486084,-1.04230189323,28.2341499329,-15.0876054764,25.0988712311],[-249.99319458,23.2620010376,79.6277008057,47.8528938293,-0.211478322744,23.7638950348,36.7263412476,42.2879486084,173.917144775,43.5128288269,45.9945716858,13.0867929459,17.1922836304],[-30.1741695404,-50.4236068726,23.0797710419,-1.12001574039,3.00328421593,13.8045225143,13.139591217,-1.04230189323,43.5128288269,130.890762329,27.6506500244,22.0010643005,-23.7352848053],[-11.5365371704,96.8546676636,-23.9067325592,-53.7914466858,-18.2568740845,-49.9109802246,-2.20187163353,28.2341499329,45.9945716858,27.6506500244,173.508148193,22.1882953644,51.1179695129],[1.48580670357,-82.8677749634,38.7117881775,27.4084396362,-33.7813148499,-21.4366054535,-15.047999382,-15.0876054764,13.0867929459,22.0010643005,22.1882953644,109.228660583,12.7437839508],[74.9235458374,91.5243225098,-53.2681808472,-59.7337684631,-2.28143167496,-30.6138553619,-7.93006801605,25.0988712311,17.1922836304,-23.7352848053,51.1179695129,12.7437839508,131.290603638]],"icov":[[0.000196620370843,-0.000476337969303,0.000396365561755,-0.000548045849428,0.00065062433714,-0.000545005139429,0.000525787763763,-0.000675999326631,0.000521600421052,-0.000379171193345,0.000150744628627,-0.000311745272484,0.0000112548650577],[-0.000476337969303,0.00279259169474,-0.000454944878584,0.000834762002341,-0.0016860589385,0.00214161514305,-0.00204454665072,0.0024451087229,-0.00164155545644,0.00133486266714,-0.0011849446455,0.00230611418374,-0.000906762259547],[0.000396365561755,-0.000454944878584,0.00241707451642,-0.00151286285836,0.000492415972985,-0.00115196942352,0.00156669481657,-0.000753963773604,0.0000660042132949,-0.000422559591243,0.0000579256739002,-0.000762538053095,0.000328451831592],[-0.000548045849428,0.000834762002341,-0.00151286285836,0.00446564843878,-0.00232627196237,0.000659183948301,-0.000412984052673,0.00164479552768,-0.00244966126047,0.0016435100697,0.000388101441786,-0.000649246561807,0.00145248672925],[0.00065062433714,-0.0016860589385,0.000492415972985,-0.00232627196237,0.00635701743886,-0.00101483147591,-0.00141595862806,-0.00249471259303,0.00294164009392,-0.00188645080198,0.000833838479593,0.000308088463498,-0.000870106799994],[-0.000545005139429,0.00214161514305,-0.00115196942352,0.000659183948301,-0.00101483147591,0.00591204920784,-0.00344406999648,0.00177087401971,-0.0015902412124,0.000612759147771,0.000234612147324,0.0025760633871,-0.000557427876629],[0.000525787763763,-0.00204454665072,0.00156669481657,-0.000412984052673,-0.00141595862806,-0.00344406999648,0.00884353928268,-0.00236722105183,-0.000357853976311,-0.000794129562564,0.000672166468576,-0.00235298555344,0.00160198146477],[-0.000675999326631,0.0024451087229,-0.000753963773604,0.00164479552768,-0.00249471259303,0.00177087401971,-0.00236722105183,0.00968332588673,-0.00363805657253,0.00197727233171,-0.00169890758116,0.00283830263652,-0.00128105492331],[0.000521600421052,-0.00164155545644,0.0000660042132949,-0.00244966126047,0.00294164009392,-0.0015902412124,-0.000357853976311,-0.00363805657253,0.0098936567083,-0.00368075538427,-0.000881881045643,-0.000712716777343,-0.00143532035872],[-0.000379171193345,0.00133486266714,-0.000422559591243,0.0016435100697,-0.00188645080198,0.000612759147771,-0.000794129562564,0.00197727233171,-0.00368075538427,0.0106076868251,-0.00208620540798,-0.00115091050975,0.0028699496761],[0.000150744628627,-0.0011849446455,0.0000579256739002,0.000388101441786,0.000833838479593,0.000234612147324,0.000672166468576,-0.00169890758116,-0.000881881045643,-0.00208620540798,0.00838231202215,-0.00180346844718,-0.00197560107335],[-0.000311745272484,0.00230611418374,-0.000762538053095,-0.000649246561807,0.000308088463498,0.0025760633871,-0.00235298555344,0.00283830263652,-0.000712716777343,-0.00115091050975,-0.00180346844718,0.0130198271945,-0.00278951437213],[0.0000112548650577,-0.000906762259547,0.000328451831592,0.00145248672925,-0.000870106799994,-0.000557427876629,0.00160198146477,-0.00128105492331,-0.00143532035872,0.0028699496761,-0.00197560107335,-0.00278951437213,0.0109798107296]],"mean":[-52.8921813965,94.4082946777,-120.627197266,46.1903762817,-71.7894210815,19.4367618561,-32.1260070801,7.80263614655,-14.7092208862,1.20559322834,-3.20986771584,-0.84866297245,1.0426671505]},"hfc":{"dmean":5.38014173508,"dmean2":7.13768911362,"dvar":85.5747909546,"dvar2":145.127731323,"max":245.577575684,"mean":17.4159793854,"median":11.7887535095,"min":1.05213542416e-16,"var":363.566253662},"melbands":{"dmean":[0.000381376565201,0.000393134570913,0.000187856261618,0.000194962427486,0.000339948019246,0.000370142952306,0.000170816798345,0.0000733789493097,0.0000984620710369,0.0000865161418915,0.000130853644805,0.0000983424761216,0.0000625092943665,0.000027131756724,0.0000170927542058,0.0000103797838165,0.0000200424346986,0.0000191232666111,0.0000154893423314,0.00000808538698038,0.00000516159070685,0.00000442545069745,0.00000407084098697,0.00000325857809003,0.00000638470146441,0.00000693360516379,0.00000343264900948,0.0000036297508359,0.00000226891688726,0.00000122342748909,0.00000135801758461,0.00000338039785674,0.0000046263025979,0.00000115036766601,0.00000200738122658,0.00000240552435571,0.00000191694084606,0.00000110830285394,5.01876911585e-7,2.56863813775e-7],"dmean2":[0.000531685014721,0.000573728932068,0.000302194792312,0.000313475378789,0.000468260026537,0.000537618645467,0.000252802594332,0.00011163684394,0.000142312885146,0.000127205406898,0.000180972841918,0.000139360388857,0.0000994986039586,0.0000407471889048,0.0000253630132647,0.0000153577184392,0.000030632592825,0.000027800031603,0.0000226921238209,0.000012341425645,0.00000778159392212,0.00000666019968776,0.00000617864861852,0.00000493010747959,0.00000929782891035,0.0000101294681372,0.00000500671512782,0.00000560693342777,0.00000353303539669,0.00000182542794391,0.00000203057766157,0.00000524847200722,0.00000732671969672,0.00000172857630787,0.00000290502453026,0.00000340786709785,0.00000278982815871,0.00000163473418979,7.09813321009e-7,3.73075096149e-7],"dvar":[3.42967126699e-7,4.15993895331e-7,1.72397008669e-7,2.6941418696e-7,5.86763235333e-7,7.76243382461e-7,3.22193500324e-7,3.68909738313e-8,8.01204720347e-8,8.42340242002e-8,1.78916891969e-7,8.06881317317e-8,7.15276513574e-8,1.47950638407e-8,7.75658826058e-9,1.42195843988e-9,3.92938437344e-9,5.52777690288e-9,3.42334294245e-9,5.98130434071e-10,2.4037766222e-10,1.90063978445e-10,2.19053428174e-10,8.90409065923e-11,3.62604085646e-10,4.77514139341e-10,8.21405929385e-11,7.4813190365e-11,5.23888814274e-11,1.22185811816e-11,1.26125195357e-11,1.34233166249e-10,2.01935662636e-10,2.38768674971e-11,8.37380650931e-11,1.18034138019e-10,1.18627482837e-10,3.35255052886e-11,7.19327852491e-12,1.02670801548e-12],"dvar2":[6.11939128703e-7,9.30359533413e-7,4.32746304568e-7,6.18706849309e-7,0.00000101226316929,0.00000164088226029,7.20492209894e-7,8.76807888517e-8,1.60870143873e-7,1.82500585311e-7,3.00748666859e-7,1.60602340316e-7,1.89778191384e-7,3.26444933307e-8,1.11169962125e-8,2.69651456719e-9,8.77690098378e-9,1.12504592309e-8,6.20831608344e-9,1.25386268035e-9,4.23589413545e-10,3.98271610136e-10,4.59971449818e-10,1.64966221239e-10,7.44160122412e-10,9.28390253563e-10,1.65847682809e-10,1.70899447371e-10,1.24935756185e-10,2.76101086438e-11,2.7885964371e-11,3.26970200915e-10,4.87885176703e-10,5.42356472233e-11,1.64065122599e-10,2.1498570979e-10,2.34059688298e-10,7.70958297203e-11,1.48139590872e-11,2.35218940679e-12],"max":[0.0104915658012,0.00829643383622,0.00552981905639,0.017047168687,0.0215688161552,0.019117038697,0.0215205028653,0.00458618812263,0.00672657601535,0.0068917311728,0.0137549191713,0.00697373831645,0.00707772793248,0.00446616020054,0.00712753226981,0.00139590480831,0.00186308263801,0.00235745101236,0.00201422837563,0.000904925807845,0.000666296051349,0.00051944074221,0.000791916972958,0.000496864842717,0.000678515760228,0.000607690657489,0.000325132947182,0.000198645284399,0.000331128074322,0.000128006926388,0.000110665438115,0.0003719725064,0.000332401046762,0.000148678285768,0.000305288616801,0.000371309084585,0.000418808311224,0.000189873375348,0.000172367334017,0.0000258266754827],"mean":[0.00128685613163,0.00121257058345,0.000273937534075,0.000283620320261,0.000896513578482,0.000900494749658,0.000401011493523,0.000160394527484,0.00020633287204,0.000154498455231,0.000291103526251,0.000208062599995,0.000113358641102,0.0000495619933645,0.0000347166824213,0.0000195282536879,0.0000370747002307,0.0000322979612974,0.0000256601470028,0.0000138102604978,0.00000880936659087,0.00000744976250644,0.00000709828191248,0.0000063000920818,0.000011631173038,0.0000128402080009,0.00000676362060403,0.00000651297023069,0.00000383367341783,0.00000210492271435,0.00000225328199122,0.00000479185018776,0.00000635947299088,0.00000174110505213,0.00000310215682475,0.00000365583719031,0.00000296014877676,0.00000168185317762,8.19192450763e-7,3.97689007059e-7],"median":[0.000363566796295,0.000418321898906,0.0000939787350944,0.0000577746286581,0.000138148709084,0.000136855509481,0.0000374619048671,0.0000275401489489,0.0000212521790672,0.0000203999588848,0.0000162300257216,0.0000193786145246,0.0000110651435534,0.00000841706241772,0.00000612111671217,0.00000448018772659,0.00000699427891959,0.00000616022907707,0.00000489029616801,0.00000433077366324,0.00000303142610392,0.00000292668983093,0.00000254079736806,0.00000228827184401,0.00000272266402135,0.00000256923954112,0.00000218891477743,0.00000258728209701,0.00000174830256583,9.98558675747e-7,9.65031176747e-7,0.00000103150739506,8.6189453441e-7,4.51285842473e-7,6.78641697505e-7,6.43246210075e-7,4.86811018163e-7,3.25316733552e-7,2.02134003757e-7,1.00388056978e-7],"min":[1.44975239997e-24,8.01670872334e-25,1.0461017411e-24,1.29087660252e-24,1.75416652633e-24,1.94750943166e-24,2.84232579494e-24,1.99041774567e-24,1.78522299409e-24,3.07571068818e-24,3.57248282704e-24,2.24018550497e-24,2.70033655124e-24,2.95585609262e-24,2.47240170078e-24,2.24145892369e-24,2.64669144589e-24,2.26913137538e-24,3.26794820217e-24,3.89842161484e-24,4.8586570297e-24,4.25069415739e-24,4.06140343331e-24,3.567832492e-24,4.47497362363e-24,3.72945076439e-24,5.04138995307e-24,4.4313642095e-24,4.29830230745e-24,5.04457734556e-24,5.79530550349e-24,3.86076257852e-24,5.51407501305e-24,4.84293345414e-24,5.278332609e-24,6.10929699288e-24,5.89949075767e-24,5.11918583783e-24,5.68601671368e-24,6.53109342473e-24],"var":[0.0000038460129872,0.00000276941204902,2.71837620858e-7,5.5398885479e-7,0.00000294819415103,0.00000301910222333,0.00000125728001876,1.36216684155e-7,2.59756745891e-7,1.75895678467e-7,7.61428282203e-7,3.04314198729e-7,1.92026064383e-7,3.99988842048e-8,3.67835291115e-8,5.05049646549e-9,1.24198500373e-8,1.15382237098e-8,8.74604833001e-9,1.60589630482e-9,5.84663373271e-10,3.56806806323e-10,4.2862829952e-10,1.99883387619e-10,9.56723478218e-10,1.28856980641e-9,2.54501697494e-10,1.74244715878e-10,9.22420334559e-11,1.99835530068e-11,2.12105159825e-11,1.6870166375e-10,2.68388117286e-10,4.06407303644e-11,1.66310618055e-10,2.37242558931e-10,2.40242076233e-10,5.60520969917e-11,1.26554487376e-11,1.68710108817e-12]},"melbands_crest":{"dmean":2.84918570518,"dmean2":4.49394178391,"dvar":7.76880025864,"dvar2":19.0831851959,"max":34.0018196106,"mean":15.225189209,"median":14.7993841171,"min":1.58602929115,"var":28.9382667542},"melbands_flatness_db":{"dmean":0.0238197091967,"dmean2":0.0337597243488,"dvar":0.000559102860279,"dvar2":0.00110402063001,"max":0.497696250677,"mean":0.210143700242,"median":0.207961261272,"min":0.00236574560404,"var":0.00477273575962},"melbands_kurtosis":{"dmean":9.22477245331,"dmean2":13.6562585831,"dvar":346.3046875,"dvar2":699.922668457,"max":520.891784668,"mean":21.2787189484,"median":9.81443977356,"min":-1.91749870777,"var":1394.12805176},"melbands_skewness":{"dmean":0.779390454292,"dmean2":1.15532314777,"dvar":0.803034067154,"dvar2":1.66112852097,"max":18.7850589752,"mean":2.96598339081,"median":2.50829839706,"min":-1.88987970352,"var":5.13044452667},"melbands_spread":{"dmean":7.7052731514,"dmean2":11.3451042175,"dvar":201.600524902,"dvar2":396.09173584,"max":278.672912598,"mean":24.8496570587,"median":17.0040893555,"min":0.482432067394,"var":859.815002441},"mfcc":{"cov":[[8885.73925781,738.378051758,-36.2044868469,49.4098129272,-125.730545044,-138.423797607,-76.5978775024,93.3649978638,-128.123397827,140.138168335,-93.7784118652,-126.347221375,23.249578476],[738.378051758,1127.95861816,-243.717254639,117.133522034,-33.441242218,-65.768661499,96.8452606201,-42.2521400452,6.10074567795,53.0195541382,-22.1020050049,-8.48087692261,-18.863948822],[-36.2044868469,-243.717254639,664.511352539,51.4384498596,105.75629425,98.7651443481,-90.9443740845,32.1024436951,-0.392892450094,-14.0056381226,27.3648929596,80.6503067017,1.43191838264],[49.4098129272,117.133522034,51.4384498596,397.516296387,81.47631073,64.6033172607,-4.90901851654,40.0182914734,13.8910036087,-21.5086536407,14.7154855728,20.6116790771,21.5086631775],[-125.730545044,-33.441242218,105.75629425,81.47631073,199.474777222,23.5618476868,39.0060310364,29.3233604431,29.8685703278,27.3341751099,-16.0033931732,9.54890918732,-8.15514659882],[-138.423797607,-65.768661499,98.7651443481,64.6033172607,23.5618476868,303.458465576,38.4680480957,47.4537353516,63.1384429932,-3.05008625984,53.3713607788,21.891828537,16.4243144989],[-76.5978775024,96.8452606201,-90.9443740845,-4.90901851654,39.0060310364,38.4680480957,193.823562622,37.1256942749,34.9807128906,36.1667327881,-9.24945163727,-7.63796663284,0.746674001217],[93.3649978638,-42.2521400452,32.1024436951,40.0182914734,29.3233604431,47.4537353516,37.1256942749,145.150924683,53.2609825134,19.3458251953,12.8137197495,0.989704489708,4.30829381943],[-128.123397827,6.10074567795,-0.392892450094,13.8910036087,29.8685703278,63.1384429932,34.9807128906,53.2609825134,138.147262573,54.0583648682,20.881187439,-0.67795842886,0.930736243725],[140.138168335,53.0195541382,-14.0056381226,-21.5086536407,27.3341751099,-3.05008625984,36.1667327881,19.3458251953,54.0583648682,116.016769409,20.2555866241,7.82578706741,10.484910965],[-93.7784118652,-22.1020050049,27.3648929596,14.7154855728,-16.0033931732,53.3713607788,-9.24945163727,12.8137197495,20.881187439,20.2555866241,115.306915283,55.6379394531,27.5472202301],[-126.347221375,-8.48087692261,80.6503067017,20.6116790771,9.54890918732,21.891828537,-7.63796663284,0.989704489708,-0.67795842886,7.82578706741,55.6379394531,133.296020508,55.9088897705],[23.249578476,-18.863948822,1.43191838264,21.5086631775,-8.15514659882,16.4243144989,0.746674001217,4.30829381943,0.930736243725,10.484910965,27.5472202301,55.9088897705,109.89050293]],"icov":[[0.000138466741191,-0.00010327144264,-0.0000480333001178,-0.00000801628357294,0.000103145102912,-0.0000175329005287,0.000128416024381,-0.00022248836467,0.000277523620753,-0.0003043267061,0.000105254621303,0.000185480137588,-0.000120768723718],[-0.00010327144264,0.00122187077068,0.000324852851918,-0.000602116517257,0.000383403443266,0.000197508954443,-0.000643390987534,0.000642345112283,-0.000208328885492,-0.00045692929416,0.000227319804253,-0.000540287001058,0.000586594978813],[-0.0000480333001178,0.000324852851918,0.00229726941325,0.0000582547545491,-0.00122758594807,-0.000774618412834,0.00126893771812,-0.000383250997402,0.000342335144524,-0.0000459287766716,0.00033193139825,-0.0015971029643,0.000786499178503],[-0.00000801628357294,-0.000602116517257,0.0000582547545491,0.00336275203153,-0.00173512275796,-0.000556882179808,0.000769546721131,-0.000890338560566,0.00000486543467559,0.00137002684642,-0.000497288769111,0.000153467670316,-0.000860643922351],[0.000103145102912,0.000383403443266,-0.00122758594807,-0.00173512275796,0.00741615286097,0.000287305098027,-0.00175705412403,-0.0000852765442687,-0.000491731683724,-0.00210696342401,0.00197978550568,-0.000654978153761,0.00096444436349],[-0.0000175329005287,0.000197508954443,-0.000774618412834,-0.000556882179808,0.000287305098027,0.00465693278238,-0.00144084182102,-0.0000808059630799,-0.00206528394483,0.00156774057541,-0.00203710328788,0.000615502765868,-0.00043962354539],[0.000128416024381,-0.000643390987534,0.00126893771812,0.000769546721131,-0.00175705412403,-0.00144084182102,0.00740731600672,-0.00186240475159,0.000369720975868,-0.00153285823762,0.00121860974468,-0.000344760832377,-0.000184083735803],[-0.00022248836467,0.000642345112283,-0.000383250997402,-0.000890338560566,-0.0000852765442687,-0.0000808059630799,-0.00186240475159,0.00926273409277,-0.00326387886889,0.000428573228419,-0.000615457072854,0.000257841922576,0.00000170354758211],[0.000277523620753,-0.000208328885492,0.000342335144524,0.00000486543467559,-0.000491731683724,-0.00206528394483,0.000369720975868,-0.00326387886889,0.0118234651163,-0.00524950120598,-0.000311689422233,0.000806573138107,0.000366245949408],[-0.0003043267061,-0.00045692929416,-0.0000459287766716,0.00137002684642,-0.00210696342401,0.00156774057541,-0.00153285823762,0.000428573228419,-0.00524950120598,0.0134435323998,-0.00290449801832,0.000248972413829,-0.0013154593762],[0.000105254621303,0.000227319804253,0.00033193139825,-0.000497288769111,0.00197978550568,-0.00203710328788,0.00121860974468,-0.000615457072854,-0.000311689422233,-0.00290449801832,0.0131792286411,-0.00514656491578,0.000171425097506],[0.000185480137588,-0.000540287001058,-0.0015971029643,0.000153467670316,-0.000654978153761,0.000615502765868,-0.000344760832377,0.000257841922576,0.000806573138107,0.000248972413829,-0.00514656491578,0.0130193969235,-0.00565390055999],[-0.000120768723718,0.000586594978813,0.000786499178503,-0.000860643922351,0.00096444436349,-0.00043962354539,-0.000184083735803,0.00000170354758211,0.000366245949408,-0.0013154593762,0.000171425097506,-0.00565390055999,0.0124788479879]],"mean":[-675.47076416,105.964523315,10.5346975327,24.5120639801,-2.76213502884,7.15128135681,-0.409111171961,4.739402771,-2.40298485756,7.58780288696,-3.68075966835,-0.86986887455,0.430838406086]},"pitch_salience":{"dmean":0.0640416666865,"dmean2":0.10083771497,"dvar":0.00386884482577,"dvar2":0.00928128603846,"max":0.987164616585,"mean":0.479125857353,"median":0.479832589626,"min":0.071358256042,"var":0.0160876400769},"silence_rate_20dB":{"dmean":0,"dmean2":0,"dvar":0,"dvar2":0,"max":1,"mean":1,"median":1,"min":1,"var":0},"silence_rate_30dB":{"dmean":0.000861821288709,"dmean2":0.00172389019281,"dvar":0.000861114473082,"dvar2":0.00258300662972,"max":1,"mean":0.999569177628,"median":1,"min":0,"var":0.000430703599704},"silence_rate_60dB":{"dmean":0.034185577184,"dmean2":0.0683809816837,"dvar":0.0330195091665,"dvar2":0.0720321685076,"max":1,"mean":0.119057878852,"median":0,"min":0,"var":0.104875415564},"spectral_centroid":{"dmean":276.663482666,"dmean2":402.423461914,"dvar":146884.078125,"dvar2":278627.34375,"max":11636.4775391,"mean":1472.15148926,"median":1182.48181152,"min":210.664642334,"var":1840395.25},"spectral_complexity":{"dmean":2.32088470459,"dmean2":3.52794146538,"dvar":6.66495084763,"dvar2":13.5347976685,"max":41,"mean":10.8795061111,"median":10,"min":0,"var":36.1049346924},"spectral_contrast_coeffs":{"dmean":[0.0490785837173,0.0466940440238,0.039454318583,0.0298563186079,0.0218452643603,0.0204174481332],"dmean2":[0.079860329628,0.0740938708186,0.0626047104597,0.0485722981393,0.0344737842679,0.0302843227983],"dvar":[0.0019161690725,0.00163923983928,0.00117720477283,0.000616064004134,0.000351192866219,0.00036306824768],"dvar2":[0.00492411851883,0.00378360901959,0.00257390597835,0.00148838863242,0.000796464446466,0.000720073003322],"max":[-0.337463617325,-0.337269723415,-0.396926760674,-0.508898675442,-0.557743430138,-0.524786889553],"mean":[-0.673350632191,-0.657203912735,-0.737713575363,-0.782779991627,-0.797941505909,-0.754412889481],"median":[-0.680173456669,-0.657018780708,-0.758452653885,-0.792592406273,-0.806179761887,-0.758880376816],"min":[-0.977765679359,-0.98569470644,-0.989674031734,-0.973976075649,-0.969886243343,-0.965445876122],"var":[0.00798860192299,0.0148406196386,0.00965799205005,0.0039131315425,0.00267266202718,0.00306986318901]},"spectral_contrast_valleys":{"dmean":[0.389528334141,0.348630189896,0.304388850927,0.26706802845,0.240567043424,0.3118095994],"dmean2":[0.64496254921,0.575685620308,0.493318796158,0.419645547867,0.342336595058,0.393470555544],"dvar":[0.133368626237,0.111031375825,0.0941027998924,0.0839215442538,0.0885609984398,0.123286940157],"dvar2":[0.301690131426,0.24664349854,0.189625203609,0.156904101372,0.140032023191,0.172587275505],"max":[-5.74176120758,-5.28983020782,-6.03642892838,-6.4381480217,-5.5601811409,-7.72040224075],"mean":[-7.98710584641,-7.68209266663,-8.13007736206,-8.43483161926,-8.1291103363,-10.5971231461],"median":[-7.5915145874,-7.31735181808,-7.77140522003,-8.08772659302,-7.76084661484,-10.202963829],"min":[-28.2795295715,-28.2614021301,-27.8531608582,-27.7352695465,-27.675611496,-27.4194068909],"var":[6.38489770889,6.42195224762,6.05351686478,5.93107748032,6.1276049614,5.29613208771]},"spectral_decrease":{"dmean":1.41471323545e-9,"dmean2":2.04409378313e-9,"dvar":3.07943625622e-18,"dvar2":6.00290760794e-18,"max":9.10303181959e-25,"mean":-5.77704861726e-9,"median":-4.9678074987e-9,"min":-3.55491955872e-8,"var":2.10463004323e-17},"spectral_energy":{"dmean":0.0056651881896,"dmean2":0.00815891753882,"dvar":0.0000485310483782,"dvar2":0.0000940040845308,"max":0.14280372858,"mean":0.0233835689723,"median":0.0204192940146,"min":1.002891223e-20,"var":0.000334761105478},"spectral_energyband_high":{"dmean":0.000439713679953,"dmean2":0.000605247274507,"dvar":0.00000138775953928,"dvar2":0.00000245086334871,"max":0.030605757609,"mean":0.000854602374602,"median":0.000297777965898,"min":7.05200310432e-21,"var":0.00000379885068469},"spectral_energyband_low":{"dmean":0.00194054679014,"dmean2":0.00276432139799,"dvar":0.00000818399348645,"dvar2":0.0000162508094945,"max":0.043115645647,"mean":0.00655538216233,"median":0.00254516769201,"min":1.69702361172e-23,"var":0.0000753824933781},"spectral_energyband_middle_high":{"dmean":0.00172287935857,"dmean2":0.00232238089666,"dvar":0.0000136388698593,"dvar2":0.0000243831764237,"max":0.11887729913,"mean":0.00478279264644,"median":0.00138553534634,"min":1.15565078243e-21,"var":0.0000707950384822},"spectral_energyband_middle_low":{"dmean":0.00390287581831,"dmean2":0.00572791695595,"dvar":0.0000346829765476,"dvar2":0.0000708188017597,"max":0.128919109702,"mean":0.0117882629856,"median":0.00751628726721,"min":1.77104511259e-22,"var":0.000171219187905},"spectral_entropy":{"dmean":0.165325120091,"dmean2":0.226542547345,"dvar":0.0304950401187,"dvar2":0.0511722825468,"max":9.82061386108,"mean":7.53072309494,"median":7.51484775543,"min":5.56271648407,"var":0.288220047951},"spectral_flux":{"dmean":0.0189843531698,"dmean2":0.0297085698694,"dvar":0.000445275334641,"dvar2":0.00103515549563,"max":0.268120199442,"mean":0.0616287365556,"median":0.0547085143626,"min":6.32604593709e-11,"var":0.00135797413532},"spectral_kurtosis":{"dmean":1.1392493248,"dmean2":1.89371562004,"dvar":1.51478230953,"dvar2":4.04582118988,"max":21.6593818665,"mean":2.58822107315,"median":2.34678030014,"min":-1.24781477451,"var":4.47556352615},"spectral_rms":{"dmean":0.000584252062254,"dmean2":0.000832265475765,"dvar":3.96418215587e-7,"dvar2":7.46461239487e-7,"max":0.0118034193292,"mean":0.00432894332334,"median":0.0044633243233,"min":3.12798745239e-12,"var":0.00000407353536502},"spectral_rolloff":{"dmean":532.331176758,"dmean2":892.39074707,"dvar":1303804.375,"dvar2":2659190.25,"max":19681.3476562,"mean":1726.16784668,"median":839.794921875,"min":43.06640625,"var":7716436},"spectral_skewness":{"dmean":0.190806150436,"dmean2":0.290428817272,"dvar":0.0341921523213,"dvar2":0.0696059539914,"max":3.60482144356,"mean":1.18700504303,"median":1.1974568367,"min":-0.525883972645,"var":0.217907994986},"spectral_spread":{"dmean":463983.8125,"dmean2":648939.875,"dvar":770395668480,"dvar2":1400981684220,"max":42345776,"mean":5365733.5,"median":4622345.5,"min":1678934.25,"var":19302965051400},"spectral_strongpeak":{"dmean":0.507812023163,"dmean2":0.823846697807,"dvar":0.77276468277,"dvar2":1.83963835239,"max":11.4471960068,"mean":1.25351631641,"median":0.619198799133,"min":0,"var":1.99023294449},"zerocrossingrate":{"dmean":0.0112479319796,"dmean2":0.0124477697536,"dvar":0.000238580149016,"dvar2":0.000234412553255,"max":0.52734375,"mean":0.0665678158402,"median":0.04931640625,"min":0.00390625,"var":0.00501100160182}},"metadata":{"audio_properties":{"analysis_sample_rate":44100,"bit_rate":192000,"codec":"mp3","downmix":"mix","equal_loudness":0,"length":161.645721436,"lossless":false,"md5_encoded":"564705aa2afd47d719be05a0931020db","replay_gain":-10.7463665009,"sample_rate":44100},"tags":{"acoustid_id":["360c438c-e915-41c0-b618-54a2ce247394"],"album":["Love Is in Our Hearts"],"albumartist":["Diana Ross & The Supremes"],"albumartistsort":["Ross, Diana & Supremes, The"],"artist":["The Supremes"],"artistsort":["Supremes, The"],"asin":["B000KJTG4M"],"barcode":["602498435649"],"catalognumber":["984 356-4"],"date":["2007"],"discnumber":["1/1"],"file_name":"17 - diana ross and the supremes - Whisper you love me boy.mp3","genre":["60S/Motown/Rock  Roll/Soul/Pop/R&B"],"label":["Spectrum Music"],"media":["CD"],"musicbrainz album release country":["GB"],"musicbrainz album status":["official"],"musicbrainz album type":["album/compilation"],"musicbrainz_albumartistid":["c1839207-c3ca-4400-a93b-dec9f3e21734"],"musicbrainz_albumid":["794a9118-e8a7-4384-91bd-2284f63a9a31"],"musicbrainz_artistid":["c1aa2ec9-53e7-4d90-8d36-bac75832e986"],"musicbrainz_recordingid":["5cc56fc8-d2f7-457f-87f1-0dab4654ed6a"],"musicbrainz_releasegroupid":["792e0242-a395-324c-8a49-56097d14c860"],"originaldate":["2007"],"script":["Latn"],"title":["Whisper You Love Me Boy"],"tracknumber":["17/18"]},"version":{"essentia":"2.1-beta2","essentia_build_sha":"70f2e5ece6736b2c40cc944ad0e695b16b925413","essentia_git_sha":"v2.1_beta2","extractor":"music 1.0"}},"rhythm":{"beats_count":307,"beats_loudness":{"dmean":0.0162208750844,"dmean2":0.0272804666311,"dvar":0.000204589392524,"dvar2":0.000585524423514,"max":0.0970805734396,"mean":0.0309019405395,"median":0.0288862306625,"min