{"lowlevel":{"average_loudness":0.807061672211,"barkbands":{"dmean":[0.000158331604325,0.00426223315299,0.00264921388589,0.000879212515429,0.00086329941405,0.000413198256865,0.000395737821236,0.0004638149112,0.000540303532034,0.000364075560356,0.000451997562777,0.00030076483381,0.000595018034801,0.000429691484896,0.000335557444487,0.000324110354995,0.000400959310355,0.000360875303159,0.00026663459721,0.000160283845617,0.000151862041093,0.000121190780192,0.0000897414938663,0.0000932071561692,0.0000468810249004,0.0000254464575846,0.00000424382687925],"dmean2":[0.000267852970865,0.00663998257369,0.0047070691362,0.00148810155224,0.00144960475154,0.000644474930596,0.000626385677606,0.000751152634621,0.000840885273647,0.000564883812331,0.000720730691683,0.000483164039906,0.000965539598837,0.000688964442816,0.000537872198038,0.00052212603623,0.000653631461319,0.000566485454328,0.000421855889726,0.000259180902503,0.000238980195718,0.000188096833881,0.00013579041115,0.000137681578053,0.0000669933942845,0.0000371796122636,0.0000066576944846],"dvar":[1.47230224457e-7,0.000121390236018,0.0000409517997468,0.00000329856788994,0.00000889801140147,8.95280834357e-7,9.0383935003e-7,0.0000014320818309,0.00000158824411756,5.41900817552e-7,0.00000110757173388,3.90085659774e-7,0.00000133192622798,6.2138155954e-7,3.62255320852e-7,3.58611060847e-7,3.81572164088e-7,3.71306100533e-7,1.31948880266e-7,6.21557560976e-8,5.96687428356e-8,4.75375827591e-8,3.23090141308e-8,4.61651659123e-8,1.08716173841e-8,4.06186240198e-9,2.15427911621e-10],"dvar2":[4.0296208681e-7,0.000302456552163,0.000116857750982,0.0000094443657872,0.0000243601662078,0.0000023533152671,0.000002199696155,0.00000356480177288,0.00000368845530829,0.00000123120025819,0.00000296728762805,9.84282223726e-7,0.00000354499911737,0.00000148136962252,9.0664786967e-7,8.83223265191e-7,9.82317260423e-7,8.49868911246e-7,3.20607909998e-7,1.60540139404e-7,1.42946177561e-7,1.09095118717e-7,7.05416169922e-8,9.62915933655e-8,2.1554043883e-8,8.61597726498e-9,5.08764474993e-10],"max":[0.00317700370215,0.0884906202555,0.0924990624189,0.0482408963144,0.0539819672704,0.0407016612589,0.0344818942249,0.0307211242616,0.0298108253628,0.0201953239739,0.0328599512577,0.0131805380806,0.0284959692508,0.0193538498133,0.0115471547469,0.026739757508,0.0181785039604,0.0151216406375,0.00795725733042,0.0062065818347,0.00494517711923,0.00515003316104,0.00406365143135,0.00548967253417,0.00418173335493,0.00105012208223,0.000275478232652],"mean":[0.000175284891156,0.00403033522889,0.00283395778388,0.00129107490648,0.00119773612823,0.000991062028334,0.000667077954859,0.000615217082668,0.000902771716937,0.000654869072605,0.000793143175542,0.000501722155605,0.000982055091299,0.000773633131757,0.000614197575487,0.000668078486342,0.000868111848831,0.000827910378575,0.000604798551649,0.000386290514143,0.000356353906682,0.000272644188954,0.000185559954843,0.000200100868824,0.000089929861133,0.0000398277588829,0.0000046528157327],"median":[0.0000249136028287,0.000511356687639,0.00102055654861,0.0007370710955,0.000636473880149,0.000519062043168,0.00031002482865,0.000140996751725,0.000356619362719,0.000281996268313,0.000233797094552,0.000208244848181,0.000363226165064,0.000383838603739,0.000312693300657,0.000382835569326,0.000574750010855,0.000415874092141,0.000419260264607,0.00025385353365,0.000198109511985,0.000141891083331,0.0000736749643693,0.0000497667824675,0.0000248142114287,0.00000718349474482,8.29506461741e-7],"min":[1.97507536248e-25,4.81784886064e-24,7.25707166339e-25,1.17198037435e-24,7.27245504269e-24,1.33225922008e-23,6.7666831842e-24,9.09832330606e-24,2.20383944874e-23,1.86330760193e-23,1.17198832212e-23,2.81408772998e-23,2.4277257467e-23,2.1601387634e-23,4.84600882837e-23,3.49611541161e-23,4.44317669158e-23,9.23979840967e-23,1.09021485869e-22,1.52704576454e-22,2.44675244065e-22,3.20415963142e-22,4.22043537788e-22,5.70490625626e-22,8.87988585969e-22,1.28285191496e-21,1.84988058979e-21],"var":[1.44379399103e-7,0.000110550230602,0.0000369362205674,0.00000446028661827,0.00000684108545101,0.00000215791328628,0.00000156448368216,0.00000223630672735,0.00000301881686937,0.00000129670627302,0.00000294253140964,8.048567679e-7,0.00000295573636322,0.0000015437960883,8.54467600675e-7,9.84984012575e-7,0.00000105766730485,0.00000156166174747,4.41337078882e-7,2.04381805702e-7,2.1108671433e-7,1.5271650966e-7,9.39354194429e-8,1.57744011631e-7,3.1466598216e-8,6.44398401306e-9,2.17575873984e-10]},"barkbands_crest":{"dmean":2.35328149796,"dmean2":3.77563548088,"dvar":6.07309961319,"dvar2":13.2931833267,"max":23.6870689392,"mean":7.67695188522,"median":6.55787849426,"min":2.03468108177,"var":15.440864563},"barkbands_flatness_db":{"dmean":0.0184375550598,"dmean2":0.0280002374202,"dvar":0.000467467179988,"dvar2":0.00102015724406,"max":0.502591192722,"mean":0.0996738746762,"median":0.0858790650964,"min":0.0152206467465,"var":0.00303732394241},"barkbands_kurtosis":{"dmean":1.8112552166,"dmean2":2.84598255157,"dvar":22.0852775574,"dvar2":51.5829238892,"max":126.773872375,"mean":1.33408784866,"median":-0.594422340393,"min":-1.9289535284,"var":41.5019035339},"barkbands_skewness":{"dmean":0.503417313099,"dmean2":0.742205917835,"dvar":0.38213133812,"dvar2":0.85333186388,"max":10.3899211884,"mean":0.722781956196,"median":0.445611596107,"min":-4.07676553726,"var":1.42011451721},"barkbands_spread":{"dmean":6.67532300949,"dmean2":10.171631813,"dvar":55.5306549072,"dvar2":120.278190613,"max":149.715393066,"mean":32.6689414978,"median":30.6959514618,"min":0.940576732159,"var":319.005096436},"dissonance":{"dmean":0.0112251741812,"dmean2":0.0188453290612,"dvar":0.000161320218467,"dvar2":0.000410125940107,"max":0.500000059605,"mean":0.477704703808,"median":0.483518570662,"min":0.159660056233,"var":0.000524972798303},"dynamic_complexity":3.66779589653,"erbbands":{"dmean":[0.116513259709,1.03220260143,3.08679652214,2.76931834221,2.79470562935,3.23604226112,2.80805325508,3.31208372116,4.76135778427,7.83846139908,9.92203521729,13.3585348129,9.69452953339,11.9643936157,16.9439277649,12.6258153915,28.6099262238,17.9721736908,18.2668113708,16.92486763,18.2956771851,20.3577976227,18.575504303,15.1420698166,11.8392972946,7.45213317871,6.53705072403,5.53326416016,4.36022377014,3.24019241333,2.70919442177,1.99213445187,1.58376371861,0.700582146645,0.24335758388,0.137372329831,0.0392584502697,0.0077066658996,0.000663421524223,0.0000423317906098],"dmean2":[0.174222961068,1.73484027386,5.5335316658,4.70620536804,4.66921234131,5.50390863419,4.51070833206,5.15876626968,7.55005741119,12.5761861801,15.743519783,20.6866226196,15.1143512726,18.417016983,26.4845485687,20.2014122009,46.2451820374,28.7450351715,29.3151988983,27.1431179047,29.4812011719,32.6988334656,28.8575992584,23.5621547699,18.9363555908,12.0265197754,10.4942617416,8.57184123993,6.76202726364,5.10352468491,4.1049041748,2.93458485603,2.39048147202,1.01977157593,0.348730504513,0.201793774962,0.058011200279,0.0115816099569,0.00104589306284,0.0000663224418531],"dvar":[0.0808780044317,7.99909687042,62.6672096252,29.6060428619,39.8551216125,158.572097778,50.0443267822,51.7158203125,143.626068115,396.949005127,742.954406738,1145.81384277,469.130706787,694.850708008,1461.80493164,565.952392578,3266.68798828,1121.68762207,1121.73144531,1444.94213867,835.610778809,991.46307373,1058.69189453,446.10345459,340.982086182,115.143821716,112.66343689,89.3662567139,57.6812019348,43.3381233215,31.0105781555,21.6390686035,13.6971263885,2.62525558472,0.253647267818,0.1176289469,0.00950728263706,0.000449112325441,0.00000535993422091,2.02355607826e-8],"dvar2":[0.179745063186,21.2765636444,179.000717163,84.0164260864,107.708473206,440.352172852,130.917312622,131.25012207,355.278198242,1001.12402344,1812.78674316,2659.47485352,1158.42712402,1470.64038086,3774.52929688,1420.71289063,8704.52246094,2687.64428711,2816.29443359,3641.90429688,2108.34985352,2413.5246582,2368.85913086,1019.73547363,856.621154785,297.339080811,284.579223633,207.403030396,129.872558594,106.468940735,67.6798934937,45.3620262146,29.5297985077,5.20831680298,0.500379264355,0.245852768421,0.0204877741635,0.00100198737346,0.0000128777946884,4.91397500468e-8],"max":[2.24628424644,22.6048660278,101.146369934,92.4481201172,110.008529663,250.320953369,279.023834229,218.453842163,561.489685059,487.945098877,880.932983398,879.41973877,476.945098877,1011.66479492,1130.49597168,428.984039307,1544.40563965,975.952636719,996.884155273,1695.16674805,638.199157715,1053.61401367,804.542114258,421.055847168,454.136138916,209.997451782,195.777511597,294.731079102,187.026199341,126.307273865,122.635559082,134.528579712,103.928573608,66.7253265381,11.3294019699,6.02601766586,1.60766673088,0.364935368299,0.0464683063328,0.00295174657367],"mean":[0.122284993529,0.889506518841,3.09810805321,3.93079924583,4.02239274979,4.28420543671,5.66643428802,8.17557907104,8.34951877594,11.9370698929,14.9746227264,22.8058643341,17.9431667328,23.8355255127,31.391494751,24.9130954742,48.2192840576,35.2603797913,35.9867286682,34.7460441589,41.5343742371,47.4854164124,45.3382835388,36.8784217834,27.5271682739,18.5488319397,15.4640321732,12.856637001,9.93016529083,6.59877443314,5.55455589294,4.35310792923,3.17536568642,1.31454718113,0.47705796361,0.224654570222,0.0607422925532,0.0106327096,0.000739310809877,0.0000617187979515],"median":[0.00899535696954,0.142837420106,1.02693164349,2.20572161674,2.47937035561,2.04631352425,3.2235019207,3.99422383308,4.28883934021,4.39190578461,5.0080242157,9.03334331512,8.59330368042,10.4492521286,11.4232749939,12.5510005951,18.5667819977,19.4914073944,19.8913116455,16.5144729614,26.9869289398,31.7607440948,23.7477931976,25.2511043549,17.5874328613,12.7538518906,9.53965377808,6.59946632385,5.17758798599,3.28900122643,2.0974650383,1.23442947865,0.716715931892,0.338535994291,0.145778849721,0.0454033911228,0.0110404267907,0.00188029138371,0.000155828849529,0.0000337663150276],"min":[1.29966373992e-22,8.97456532419e-22,2.07721126904e-21,4.69764836377e-21,7.72146121513e-21,1.50135446065e-20,4.40872015348e-20,8.99959711008e-20,1.10641339365e-19,1.4468947632e-19,2.94094037228e-19,5.15541919436e-19,2.9130618007e-19,6.17112305731e-19,7.71579444632e-19,1.38289388635e-18,1.56013077428e-18,1.95479115563e-18,2.54617400841e-18,2.40306721295e-18,2.80880157815e-18,3.75541197511e-18,5.09862218177e-18,6.74251130032e-18,7.31274149047e-18,7.74156432773e-18,1.01826611693e-17,9.74237857188e-18,1.03751394804e-17,1.16140434526e-17,1.30403245131e-17,1.09121459613e-17,9.64871691112e-18,8.26892919136e-18,5.99476484199e-18,4.58401244318e-18,2.30966218497e-18,9.02531182887e-19,2.46335937382e-19,2.765089335e-20],"var":[0.0930922701955,6.08931493759,50.7262878418,38.0387535095,37.530002594,115.398910522,71.4565658569,146.514221191,228.545593262,632.381835938,1256.55053711,2203.53344727,878.906982422,2226.86425781,3751.67553711,1432.57507324,7077.85449219,2730.54272461,2642.18432617,4126.30908203,2486.69580078,3221.86230469,4721.07861328,1677.18432617,1105.98706055,405.672607422,346.188659668,320.762573242,200.674301147,95.1828308105,90.9957733154,73.8482818604,42.2063789368,7.78168535233,0.6399294734,0.200738459826,0.014489762485,0.000570811040234,0.00000521582023794,1.87894126924e-8]},"erbbands_crest":{"dmean":2.19205927849,"dmean2":3.61447048187,"dvar":4.66355514526,"dvar2":12.4476804733,"max":27.7835121155,"mean":7.67824840546,"median":6.79791688919,"min":2.27334809303,"var":12.8214731216},"erbbands_flatness_db":{"dmean":0.01741370745,"dmean2":0.0244821310043,"dvar":0.000325389788486,"dvar2":0.000594668730628,"max":0.38334235549,"mean":0.150454565883,"median":0.144050985575,"min":0.0364099666476,"var":0.00185232202057},"erbbands_kurtosis":{"dmean":0.736967682838,"dmean2":1.15197813511,"dvar":1.33040964603,"dvar2":2.99809336662,"max":51.9043884277,"mean":0.502765476704,"median":-0.0214142687619,"min":-1.7822278738,"var":6.30856704712},"erbbands_skewness":{"dmean":0.305143386126,"dmean2":0.467082232237,"dvar":0.0880816578865,"dvar2":0.194840922952,"max":4.48823165894,"mean":-0.226687610149,"median":-0.255634725094,"min":-3.59202671051,"var":0.525533497334},"erbbands_spread":{"dmean":7.73628091812,"dmean2":11.9113998413,"dvar":78.821182251,"dvar2":176.511016846,"max":139.913223267,"mean":36.1459312439,"median":33.2847518921,"min":2.03100776672,"var":288.638305664},"gfcc":{"cov":[[30862.3085938,77.6374206543,-3541.16455078,937.255249023,-1146.87878418,703.05267334,-905.319213867,494.612213135,-784.37310791,69.8211212158,-668.967102051,83.6890792847,-461.666503906],[77.6374206543,1829.61999512,-319.817840576,65.2886657715,129.037811279,-126.547149658,175.560836792,-106.904983521,111.134391785,-126.037025452,140.793823242,-48.2353515625,61.4448661804],[-3541.16455078,-319.817840576,1157.72412109,20.2126789093,118.697242737,24.48711586,48.2322502136,-7.21212911606,58.4108657837,38.4207572937,19.3473854065,-15.515917778,8.09409713745],[937.255249023,65.2886657715,20.2126789093,460.936004639,-19.8079280853,116.559333801,14.8631906509,38.5932769775,56.4081497192,-0.225621372461,16.2964744568,-43.7921524048,26.3351764679],[-1146.87878418,129.037811279,118.697242737,-19.8079280853,314.880493164,6.55608177185,105.783912659,-11.1354780197,67.4701538086,12.3619260788,32.6548995972,0.666552603245,23.1081295013],[703.05267334,-126.547149658,24.48711586,116.559333801,6.55608177185,234.976928711,65.7499008179,37.2793693542,-29.8711166382,6.28742599487,-1.00397276878,-0.444517225027,0.0272413231432],[-905.319213867,175.560836792,48.2322502136,14.8631906509,105.783912659,65.7499008179,262.49798584,13.8312807083,34.5340194702,-39.2844352722,51.0947799683,0.896648347378,19.6944408417],[494.612213135,-106.904983521,-7.21212911606,38.5932769775,-11.1354780197,37.2793693542,13.8312807083,113.729270935,33.2524147034,11.7445478439,-20.7216281891,2.34486889839,-18.7310161591],[-784.37310791,111.134391785,58.4108657837,56.4081497192,67.4701538086,-29.8711166382,34.5340194702,33.2524147034,141.833526611,17.0338630676,32.7154273987,-27.8524169922,19.7308139801],[69.8211212158,-126.037025452,38.4207572937,-0.225621372461,12.3619260788,6.28742599487,-39.2844352722,11.7445478439,17.0338630676,95.5294418335,8.27715492249,7.48376989365,6.7640080452],[-668.967102051,140.793823242,19.3473854065,16.2964744568,32.6548995972,-1.00397276878,51.0947799683,-20.7216281891,32.7154273987,8.27715492249,100.391944885,24.2193183899,32.9485321045],[83.6890792847,-48.2353515625,-15.515917778,-43.7921524048,0.666552603245,-0.444517225027,0.896648347378,2.34486889839,-27.8524169922,7.48376989365,24.2193183899,75.2670288086,20.2265281677],[-461.666503906,61.4448661804,8.09409713745,26.3351764679,23.1081295013,0.0272413231432,19.6944408417,-18.7310161591,19.7308139801,6.7640080452,32.9485321045,20.2265281677,82.5583343506]],"icov":[[0.000178511341801,-0.000210551574128,0.000425151578384,-0.000421539356466,0.00014645504416,-0.000403881422244,0.000388752378058,-0.000563685025554,0.000672743015457,-0.000536190520506,0.000860730768181,-0.000639946141746,0.000682659912854],[-0.000210551574128,0.00115347187966,-0.000207024699193,0.000347255117958,-0.000402186851716,0.000936151016504,-0.000755038345233,0.0012163441861,-0.00113600527402,0.00162527291104,-0.00206302898005,0.00145048904233,-0.000951700378209],[0.000425151578384,-0.000207024699193,0.00203127437271,-0.00105551024899,0.0000314786775562,-0.000944326689932,0.000740029499866,-0.000912791176233,0.00118120806292,-0.00131631456316,0.00178715900984,-0.00124971277546,0.00169542361982],[-0.000421539356466,0.000347255117958,-0.00105551024899,0.00411858595908,0.0000760449911468,-0.000902417581528,-0.000220607224037,0.000574031902943,-0.00263440702111,0.00173640891444,-0.00269930902869,0.00335484207608,-0.00292142899707],[0.00014645504416,-0.000402186851716,0.0000314786775562,0.0000760449911468,0.00459313578904,-0.000794247782324,-0.00134155817796,0.0010097832419,-0.00183448230382,-0.00161060807295,0.00185563764535,-0.00170858961064,0.000603148306254],[-0.000403881422244,0.000936151016504,-0.000944326689932,-0.000902417581528,-0.000794247782324,0.00775683531538,-0.002957070712,-0.000871227413882,0.00209304178134,0.000185682685697,-0.00270715053193,0.00258657243103,-0.00191603146959],[0.000388752378058,-0.000755038345233,0.000740029499866,-0.000220607224037,-0.00134155817796,-0.002957070712,0.00724848778918,-0.00295238522813,0.00126966589596,0.00198190868832,-0.00106829055585,-0.000487981567858,0.000791246595327],[-0.000563685025554,0.0012163441861,-0.000912791176233,0.000574031902943,0.0010097832419,-0.000871227413882,-0.00295238522813,0.0164373945445,-0.00941973738372,0.00069577555405,0.00240599224344,-0.00385345821269,0.00217838236131],[0.000672743015457,-0.00113600527402,0.00118120806292,-0.00263440702111,-0.00183448230382,0.00209304178134,0.00126966589596,-0.00941973738372,0.0175829529762,-0.0040001575835,-0.00207905936986,0.00537184020504,-0.000956068164669],[-0.000536190520506,0.00162527291104,-0.00131631456316,0.00173640891444,-0.00161060807295,0.000185682685697,0.00198190868832,0.00069577555405,-0.0040001575835,0.0157317835838,-0.00568633014336,0.00194842042401,-0.0030379020609],[0.000860730768181,-0.00206302898005,0.00178715900984,-0.00269930902869,0.00185563764535,-0.00270715053193,-0.00106829055585,0.00240599224344,-0.00207905936986,-0.00568633014336,0.0223008338362,-0.0115493964404,0.00220889062621],[-0.000639946141746,0.00145048904233,-0.00124971277546,0.00335484207608,-0.00170858961064,0.00258657243103,-0.000487981567858,-0.00385345821269,0.00537184020504,0.00194842042401,-0.0115493964404,0.0246415827423,-0.00875752419233],[0.000682659912854,-0.000951700378209,0.00169542361982,-0.00292142899707,0.000603148306254,-0.00191603146959,0.000791246595327,0.00217838236131,-0.000956068164669,-0.0030379020609,0.00220889062621,-0.00875752419233,0.0192827712744]],"mean":[-15.9961023331,71.0859985352,-129.677871704,40.3833198547,-52.4665794373,13.6789588928,-36.1626777649,6.96508169174,-23.8919086456,-1.03160405159,-15.7568302155,-1.04969632626,-14.0244083405]},"hfc":{"dmean":6.16774082184,"dmean2":8.69333744049,"dvar":57.0745429993,"dvar2":113.217811584,"max":132.661331177,"mean":25.7489395142,"median":21.4129772186,"min":1.05338129051e-16,"var":422.487976074},"melbands":{"dmean":[0.00107855163515,0.00153748912271,0.000476456043543,0.000216896907659,0.000102106678241,0.0000758634123486,0.0000738268499845,0.0000880305524333,0.0000877857964952,0.0000788815304986,0.0000490996389999,0.0000493048501085,0.0000633778545307,0.0000343238971254,0.0000589988958382,0.0000471645216749,0.0000380022611353,0.0000341830709658,0.0000230114310398,0.0000211856640817,0.000025415487471,0.0000245200171776,0.0000184880809684,0.0000197377266886,0.0000131030274133,0.0000107821115307,0.00000700682039678,0.00000512781161888,0.00000438696633864,0.0000044037024054,0.00000328651185555,0.0000026467466796,0.00000250317589234,0.0000016453891476,0.00000170513567355,0.00000151329913933,0.00000126658972022,0.00000132902687255,8.49830996685e-7,5.33524143975e-7],"dmean2":[0.00162780669052,0.00271888263524,0.000805413234048,0.00036712383735,0.000164665427292,0.000118306736113,0.000116455295938,0.000141745171277,0.000138011862873,0.000122376150102,0.0000766177254263,0.0000756109729991,0.000100400116935,0.0000546863957425,0.000095588977274,0.0000757486268412,0.0000612602889305,0.0000551427765458,0.0000368174041796,0.0000337648125424,0.0000412877561757,0.000039883187128,0.0000287635393761,0.0000313629170705,0.0000206383829209,0.00001724154572,0.0000113911983135,0.00000840021948534,0.00000718785258869,0.00000705129332346,0.0000051431202337,0.00000415838621848,0.00000401980423703,0.00000262230173576,0.00000263865149464,0.00000234293679569,0.00000189905074421,0.00000204494517675,0.00000129856584863,7.8152640981e-7],"dvar":[0.00000734175728212,0.0000165078381542,7.89931277723e-7,6.14615998984e-7,6.37242791868e-8,2.72014286651e-8,3.2162880359e-8,4.88576539226e-8,5.33410471348e-8,3.88459824308e-8,1.18802017113e-8,1.15837455184e-8,2.22389644478e-8,5.28047827686e-9,1.22946737235e-8,8.37948732624e-9,5.16931430994e-9,4.39572200861e-9,2.03803862675e-9,2.10366724041e-9,1.61514868147e-9,1.47311718379e-9,1.31667254877e-9,1.12601650226e-9,3.47760986674e-10,2.65681587841e-10,1.58314500398e-10,5.31006939808e-11,5.11409525839e-11,5.38612487944e-11,3.51947082589e-11,2.20370943715e-11,2.38761441174e-11,1.13820688985e-11,1.27389418458e-11,1.13747084668e-11,1.06923324361e-11,1.09675315704e-11,4.68665774592e-12,1.4147953642e-12],"dvar2":[0.000017167909391,0.0000463187061541,0.00000221294635594,0.00000169133932104,1.68266126366e-7,6.94723141237e-8,7.84599336612e-8,1.23755214076e-7,1.28869260152e-7,8.92976501632e-8,2.91155970444e-8,2.41078392804e-8,6.02800795946e-8,1.32960202848e-8,3.27255662569e-8,2.16126920805e-8,1.24412808944e-8,1.10730598024e-8,5.09815878402e-9,5.10513009644e-9,4.12005451977e-9,3.66310182187e-9,3.0506879245e-9,2.69021893651e-9,8.20538970103e-10,6.67327582082e-10,4.03825056727e-10,1.4101292356e-10,1.32225980165e-10,1.32035909983e-10,8.38716110452e-11,5.15484356589e-11,5.77327144424e-11,2.82025982429e-11,2.88796694892e-11,2.59626348198e-11,2.37597354985e-11,2.49750636838e-11,1.02126484353e-11,2.8357611398e-12],"max":[0.021725229919,0.0424824692309,0.015964763239,0.0144350081682,0.00758395483717,0.00567550165579,0.00809560343623,0.00505796168,0.00727278599516,0.00546595733613,0.00241179089062,0.00405164016411,0.00475738709792,0.00192079739645,0.00258799828589,0.00227049645036,0.00188689597417,0.00194456381723,0.000999406329356,0.00230308622122,0.00072451896267,0.00107043248136,0.00152482674457,0.000710938184056,0.000361642654752,0.000461393938167,0.00035040959483,0.000113092464744,0.000141550859553,0.00018000556156,0.000192722887732,0.0000989169857348,0.000104967752122,0.0000706168139004,0.0000944192288443,0.000074927607784,0.0000980211043498,0.0000868333881954,0.0000955167415668,0.0000422105986218],"mean":[0.00108281918801,0.00148650759365,0.000707674480509,0.000301087187836,0.000200533293537,0.000186019737157,0.000127973718918,0.000129558044137,0.000134898567921,0.000132913541165,0.0000866405534907,0.0000937992299441,0.000113653724839,0.0000585125089856,0.000100491350167,0.0000814712839201,0.0000673647373333,0.0000620955397608,0.0000432093875133,0.0000426608930866,0.0000517623848282,0.0000518738343089,0.0000394167363993,0.0000424920108344,0.0000282495529973,0.0000226337797358,0.0000152403999891,0.000011569889466,0.00000942716087593,0.00000926750090002,0.00000688731461196,0.00000570228894503,0.00000484457859784,0.00000311388976115,0.00000327560428559,0.00000287589591608,0.00000260659112428,0.00000256113230535,0.00000148174888182,9.50766605001e-7],"median":[0.000111457586172,0.000445842189947,0.000424071564339,0.000168914993992,0.000121587501781,0.0000927637374843,0.0000621830768068,0.0000441222800873,0.000046902710892,0.0000524797433172,0.0000376910975319,0.0000387122636312,0.0000368535329471,0.0000240267308982,0.0000422830053139,0.0000334683427354,0.0000340407641488,0.0000320255639963,0.0000207195807889,0.0000208896126423,0.0000330222464981,0.0000338369463861,0.0000189963302546,0.0000216084754356,0.0000185459539352,0.0000142519056681,0.00000900933719095,0.00000795923915575,0.0000057922693486,0.0000050520102377,0.00000317997933053,0.00000288539081339,0.0000024164739898,0.00000150553785261,0.00000124051950934,9.14567749533e-7,6.66601067678e-7,5.24582162598e-7,3.70860647081e-7,2.41054408434e-7],"min":[1.80641238965e-24,1.37028837022e-24,1.13380700072e-24,4.0554375248e-25,1.51530289549e-24,2.1796767181e-24,1.83935186839e-24,1.80409747732e-24,1.53906506229e-24,2.7844727083e-24,1.08843398942e-24,2.21929745428e-24,2.13811794789e-24,2.19398310504e-24,3.35414861101e-24,2.58568192956e-24,1.92458947249e-24,2.93808956453e-24,2.39111628982e-24,3.48006737756e-24,2.95028417083e-24,2.15130967438e-24,4.20977199793e-24,4.15290380413e-24,4.97958546216e-24,4.35762938069e-24,4.89516748454e-24,4.53727785792e-24,5.90442784364e-24,4.5974900331e-24,4.76979500417e-24,5.13512437799e-24,4.88107645662e-24,5.49731645198e-24,6.91126718863e-24,5.45521218446e-24,5.87082631339e-24,5.38011104856e-24,7.12802723272e-24,5.95337114079e-24],"var":[0.00000758176065574,0.0000124911584862,0.0000010180906429,4.52707780596e-7,8.34779214642e-8,7.52497939516e-8,5.48774998776e-8,7.52365849621e-8,9.09097366275e-8,7.3466900119e-8,2.25463985259e-8,3.64257388696e-8,5.7062841563e-8,1.15028893077e-8,2.72772329168e-8,2.00089278479e-8,1.14649543193e-8,9.7403543009e-9,5.18243314929e-9,6.2070504292e-9,4.06625622063e-9,3.98467259188e-9,4.45477743583e-9,3.85327458829e-9,1.07299391594e-9,7.69549535207e-10,4.48286657795e-10,1.54860374524e-10,1.31420679894e-10,1.53098964062e-10,1.07944639338e-10,7.08138825356e-11,5.4095703611e-11,2.28920927353e-11,3.36704136794e-11,2.9295541687e-11,3.1044875004e-11,3.11303795242e-11,1.20050167723e-11,3.94304120604e-12]},"melbands_crest":{"dmean":3.14288759232,"dmean2":4.92902803421,"dvar":10.0675153732,"dvar2":21.5678081512,"max":36.403213501,"mean":11.8500080109,"median":10.2563333511,"min":1.45572602749,"var":33.7719726563},"melbands_flatness_db":{"dmean":0.0248832348734,"dmean2":0.0371102504432,"dvar":0.000880754960235,"dvar2":0.0018824202707,"max":0.649944543839,"mean":0.14536704123,"median":0.127974048257,"min":0.00347347510979,"var":0.00581147382036},"melbands_kurtosis":{"dmean":5.84018564224,"dmean2":9.20869255066,"dvar":193.101516724,"dvar2":450.131896973,"max":333.730712891,"mean":7.8050327301,"median":1.79371976852,"min":-1.89151728153,"var":343.435211182},"melbands_skewness":{"dmean":0.740506768227,"dmean2":1.11010158062,"dvar":0.990749955177,"dvar2":2.2585747242,"max":14.6519422531,"mean":1.95001554489,"median":1.44467401505,"min":-1.02084434032,"var":2.85777497292},"melbands_spread":{"dmean":10.2307081223,"dmean2":15.36677742,"dvar":149.870834351,"dvar2":304.870056152,"max":288.456817627,"mean":42.8907737732,"median":41.552520752,"min":0.814890921116,"var":700.751586914},"mfcc":{"cov":[[13550.890625,-150.793563843,-1098.16589355,155.561676025,-81.738067627,88.1872406006,60.1441192627,201.492889404,80.879524231,109.568756104,-47.7156715393,-23.8890094757,-124.011665344],[-150.793563843,1234.79541016,-221.889129639,142.153442383,-16.4717884064,44.08070755,22.9872207642,86.6630783081,-18.8431091309,-41.4372558594,51.0202445984,29.4356880188,2.00773954391],[-1098.16589355,-221.889129639,752.410461426,53.071723938,92.0413894653,41.0514335632,44.1216392517,-16.3417568207,15.1189155579,10.9146900177,6.70923805237,3.11811590195,18.5538806915],[155.561676025,142.153442383,53.071723938,296.803039551,69.8488082886,50.8607521057,-3.30626416206,33.6721725464,32.848110199,52.1754341125,5.56066799164,10.3496284485,23.1240501404],[-81.738067627,-16.4717884064,92.0413894653,69.8488082886,210.67175293,38.0345497131,-21.460149765,-23.173740387,26.9529266357,34.093952179,11.9680652618,5.48389101028,13.5897397995],[88.1872406006,44.08070755,41.0514335632,50.8607521057,38.0345497131,170.562042236,99.4388885498,37.7795410156,20.9869289398,19.6030254364,-1.84323740005,22.9109916687,4.84746599197],[60.1441192627,22.9872207642,44.1216392517,-3.30626416206,-21.460149765,99.4388885498,164.641937256,69.418800354,14.636341095,-5.60037517548,1.9745811224,16.1863136292,3.32352280617],[201.492889404,86.6630783081,-16.3417568207,33.6721725464,-23.173740387,37.7795410156,69.418800354,152.732818604,33.3085746765,3.28695392609,39.2646560669,4.65567922592,-12.642165184],[80.879524231,-18.8431091309,15.1189155579,32.848110199,26.9529266357,20.9869289398,14.636341095,33.3085746765,88.263885498,45.863319397,10.6627931595,8.33200073242,1.56118798256],[109.568756104,-41.4372558594,10.9146900177,52.1754341125,34.093952179,19.6030254364,-5.60037517548,3.28695392609,45.863319397,97.5995559692,22.9666881561,11.3713884354,5.82014656067],[-47.7156715393,51.0202445984,6.70923805237,5.56066799164,11.9680652618,-1.84323740005,1.9745811224,39.2646560669,10.6627931595,22.9666881561,94.8179168701,16.4923019409,-9.16537666321],[-23.8890094757,29.4356880188,3.11811590195,10.3496284485,5.48389101028,22.9109916687,16.1863136292,4.65567922592,8.33200073242,11.3713884354,16.4923019409,66.4099349976,19.9691905975],[-124.011665344,2.00773954391,18.5538806915,23.1240501404,13.5897397995,4.84746599197,3.32352280617,-12.642165184,1.56118798256,5.82014656067,-9.16537666321,19.9691905975,66.951133728]],"icov":[[0.0000919859667192,0.000050827042287,0.000153709886945,-0.0000822283764137,-0.0000177688216354,-0.0000173001699295,-0.0000351982598659,-0.000111401226604,0.0000185535191122,-0.0000830199496704,0.0000999536714517,-0.0000233701775869,0.000167671678355],[0.000050827042287,0.00106674968265,0.000426258862717,-0.000697860028595,0.0000363644721801,-0.000243605201831,0.0000401249417337,-0.000318897858961,0.000183706360986,0.000853830599226,-0.000581140397117,-0.000318143545883,0.0000699350784998],[0.000153709886945,0.000426258862717,0.00184439390432,-0.00057021115208,-0.000624481181148,0.0000516043437528,-0.000825378054287,0.000249195814831,-0.0000926896900637,0.000368422275642,-0.00034593953751,0.000102172736661,0.0000610940114711],[-0.0000822283764137,-0.000697860028595,-0.00057021115208,0.00495383189991,-0.000895370147191,-0.00120099354535,0.00156061898451,-0.00162612879649,0.000200066759135,-0.00240528373979,0.00117274944205,0.000311385636451,-0.00152808113489],[-0.0000177688216354,0.0000363644721801,-0.000624481181148,-0.000895370147191,0.00642106449232,-0.00230638473295,0.00187600823119,0.00146695715375,-0.00166499486659,-0.0000452537569799,-0.00143796030898,0.000684830592945,-0.000862532644533],[-0.0000173001699295,-0.000243605201831,0.0000516043437528,-0.00120099354535,-0.00230638473295,0.0113690737635,-0.00718654133379,0.000250207871431,0.000398091564421,-0.00174516544212,0.00167391949799,-0.00232614949346,0.00149014464114],[-0.0000351982598659,0.0000401249417337,-0.000825378054287,0.00156061898451,0.00187600823119,-0.00718654133379,0.0129836238921,-0.00454455427825,-0.000286165974103,0.00109135336243,0.000903676031157,-0.000680394412484,-0.00150135415606],[-0.000111401226604,-0.000318897858961,0.000249195814831,-0.00162612879649,0.00146695715375,0.000250207871431,-0.00454455427825,0.0117713818327,-0.00454781018198,0.00269833998755,-0.00504194945097,0.00142221152782,0.00118532823399],[0.0000185535191122,0.000183706360986,-0.0000926896900637,0.000200066759135,-0.00166499486659,0.000398091564421,-0.000286165974103,-0.00454781018198,0.0174765493721,-0.00802401080728,0.00224068574607,-0.00121067254804,0.000407895393437],[-0.0000830199496704,0.000853830599226,0.000368422275642,-0.00240528373979,-0.0000452537569799,-0.00174516544212,0.00109135336243,0.00269833998755,-0.00802401080728,0.0172850862145,-0.00483031570911,-0.000441615702584,-0.000704884820152],[0.0000999536714517,-0.000581140397117,-0.00034593953751,0.00117274944205,-0.00143796030898,0.00167391949799,0.000903676031157,-0.00504194945097,0.00224068574607,-0.00483031570911,0.0150675214827,-0.00422351714224,0.00275722634979],[-0.0000233701775869,-0.000318143545883,0.000102172736661,0.000311385636451,0.000684830592945,-0.00232614949346,-0.000680394412484,0.00142221152782,-0.00121067254804,-0.000441615702584,-0.00422351714224,0.0190383046865,-0.00602789688855],[0.000167671678355,0.0000699350784998,0.0000610940114711,-0.00152808113489,-0.000862532644533,0.00149014464114,-0.00150135415606,0.00118532823399,0.000407895393437,-0.000704884820152,0.00275722634979,-0.00602789688855,0.0183482598513]],"mean":[-638.463317871,94.8697280884,-14.1306600571,25.6773967743,4.83835887909,7.34357452393,-0.107860401273,5.56108999252,-2.99408698082,-0.720953524113,-0.511090159416,0.818071424961,-4.7145485878]},"pitch_salience":{"dmean":0.0673889666796,"dmean2":0.106865279377,"dvar":0.0040939017199,"dvar2":0.00930812768638,"max":0.988838076591,"mean":0.591662704945,"median":0.60747975111,"min":0.11157425493,"var":0.0115965027362},"silence_rate_20dB":{"dmean":0,"dmean2":0,"dvar":0,"dvar2":0,"max":1,"mean":1,"median":1,"min":1,"var":0},"silence_rate_30dB":{"dmean":0.00037292559864,"dmean2":0.000745920755435,"dvar":0.000372786686057,"dvar2":0.00111832539551,"max":1,"mean":0.999813556671,"median":1,"min":0,"var":0.000186410659808},"silence_rate_60dB":{"dmean":0.0234943125397,"dmean2":0.0469930060208,"dvar":0.0229400489479,"dvar2":0.0516777485609,"max":1,"mean":0.0943413823843,"median":0,"min":0,"var":0.0854483395815},"spectral_centroid":{"dmean":247.063217163,"dmean2":378.092041016,"dvar":81476.65625,"dvar2":169188.984375,"max":11730.9853516,"mean":2076.9519043,"median":2088.33984375,"min":165.159606934,"var":1140766.875},"spectral_complexity":{"dmean":4.05556583405,"dmean2":6.12680673599,"dvar":18.0466899872,"dvar2":38.270652771,"max":59,"mean":25.5157089233,"median":27,"min":0,"var":191.878311157},"spectral_contrast_coeffs":{"dmean":[0.0494819357991,0.0446837246418,0.0365064144135,0.0307553764433,0.0232648383826,0.0193216782063],"dmean2":[0.0814739018679,0.0721710026264,0.0590783953667,0.0497361011803,0.0363904647529,0.0300356764346],"dvar":[0.00177970924415,0.00138188747223,0.000924341322388,0.000625625660177,0.000447978061857,0.000344309723005],"dvar2":[0.0048014242202,0.00360297574662,0.00232511828654,0.00156062433962,0.000961729558185,0.000731690786779],"max":[-0.316422045231,-0.469391345978,-0.464533150196,-0.563888788223,-0.524121880531,-0.591481566429],"mean":[-0.654779314995,-0.73783493042,-0.775993227959,-0.774456202984,-0.778851091862,-0.745095789433],"median":[-0.654207468033,-0.740007102489,-0.777801394463,-0.771853625774,-0.779806852341,-0.737192034721],"min":[-0.977751970291,-0.984572708607,-0.977362036705,-0.969806611538,-0.965943813324,-0.963693857193],"var":[0.006359515246,0.00489715533331,0.00406386330724,0.00343653722666,0.00284013408236,0.00274638575502]},"spectral_contrast_valleys":{"dmean":[0.469715774059,0.351548612118,0.3124165833,0.278125226498,0.250400573015,0.342462301254],"dmean2":[0.722056865692,0.564088523388,0.48948225379,0.429628312588,0.360782682896,0.437488764524],"dvar":[0.195596262813,0.0986417606473,0.0846255421638,0.0761388614774,0.0890484452248,0.179455772042],"dvar2":[0.400962531567,0.222409814596,0.16647015512,0.143603906035,0.155605122447,0.303911060095],"max":[-5.24267721176,-4.73603582382,-5.40798568726,-5.78665733337,-5.50432920456,-7.6507153511],"mean":[-7.85756158829,-7.30656003952,-7.62753248215,-7.75334739685,-7.44109725952,-10.1849746704],"median":[-7.54223775864,-6.91413259506,-7.16434001923,-7.24356889725,-6.87228727341,-9.74100017548],"min":[-28.2555065155,-28.0225143433,-28.1134681702,-27.6237449646,-27.6148414612,-27.3905925751],"var":[5.07425260544,5.06946134567,5.32631349564,5.37136554718,5.66169786453,4.76522493362]},"spectral_decrease":{"dmean":2.33000707617e-9,"dmean2":3.60861607263e-9,"dvar":2.00651748903e-17,"dvar2":5.12472734016e-17,"max":5.4983100304e-16,"mean":-5.08524244935e-9,"median":-3.75934749997e-9,"min":-4.33568807523e-8,"var":2.5492292e-17},"spectral_energy":{"dmean":0.0091789662838,"dmean2":0.0141427563503,"dvar":0.000295066565741,"dvar2":0.000750937848352,"max":0.168493166566,"mean":0.0215283948928,"median":0.0164552554488,"min":9.8370806449e-21,"var":0.000403653975809},"spectral_energyband_high":{"dmean":0.000464354263386,"dmean2":0.000667319109198,"dvar":5.52665255782e-7,"dvar2":0.00000111365329758,"max":0.0139496503398,"mean":0.00133378838655,"median":0.000763605290558,"min":6.8827129987e-21,"var":0.00000270843202088},"spectral_energyband_low":{"dmean":0.00694652600214,"dmean2":0.011145603843,"dvar":0.00027314768522,"dvar2":0.000711123575456,"max":0.153461560607,"mean":0.00772862276062,"median":0.00236280797981,"min":1.46226696825e-23,"var":0.000252096855547},"spectral_energyband_middle_high":{"dmean":0.00182420748752,"dmean2":0.00271188165061,"dvar":0.00000502197462993,"dvar2":0.0000112132393042,"max":0.0538890883327,"mean":0.00740106031299,"median":0.00599573645741,"min":1.19634348434e-21,"var":0.0000428307175753},"spectral_energyband_middle_low":{"dmean":0.00233353534713,"dmean2":0.00375725165941,"dvar":0.000019565493858,"dvar2":0.0000512237857038,"max":0.0695954859257,"mean":0.00584969017655,"median":0.00470227282494,"min":1.72255679886e-22,"var":0.0000299542480207},"spectral_entropy":{"dmean":0.124072805047,"dmean2":0.176785498857,"dvar":0.0247662272304,"dvar2":0.0465885698795,"max":9.8234128952,"mean":7.82449150085,"median":7.87739419937,"min":4.25669527054,"var":0.232548743486},"spectral_flux":{"dmean":0.0249828398228,"dmean2":0.0376291722059,"dvar":0.00134910759516,"dvar2":0.00275276834145,"max":0.332942992449,"mean":0.0818055197597,"median":0.0716753825545,"min":6.13806297456e-11,"var":0.00280909845605},"spectral_kurtosis":{"dmean":1.51623904705,"dmean2":2.52502465248,"dvar":10.943854332,"dvar2":27.2585544586,"max":135.030944824,"mean":4.38752651215,"median":3.27677488327,"min":-1.27919638157,"var":41.8534393311},"spectral_rms":{"dmean":0.000810917292256,"dmean2":0.0011617859127,"dvar":0.00000142291389693,"dvar2":0.00000331369892592,"max":0.0128212152049,"mean":0.0041279066354,"median":0.00400673272088,"min":3.0979270798e-12,"var":0.0000039637034206},"spectral_rolloff":{"dmean":623.403198242,"dmean2":995.425476074,"dvar":935527,"dvar2":2097802,"max":19875.1464844,"mean":2873.38500977,"median":2497.8515625,"min":64.599609375,"var":8445232},"spectral_skewness":{"dmean":0.192024722695,"dmean2":0.309273391962,"dvar":0.0664755776525,"dvar2":0.153171509504,"max":9.35332107544,"mean":1.33672726154,"median":1.2420566082,"min":-0.166700869799,"var":0.423441767693},"spectral_spread":{"dmean":528616.9375,"dmean2":732207.5625,"dvar":550331482112,"dvar2":871141539840,"max":43810688,"mean":4718555.5,"median":4150851.25,"min":801981.25,"var":13568947781600},"spectral_strongpeak":{"dmean":0.612833738327,"dmean2":1.04983520508,"dvar":0.91284519434,"dvar2":2.306027174,"max":12.3900032043,"mean":0.943681299686,"median":0.415543943644,"min":0,"var":1.49213624001},"zerocrossingrate":{"dmean":0.0123563930392,"dmean2":0.0138247106224,"dvar":0.000195472763153,"dvar2":0.000213307779632,"max":0.74072265625,"mean":0.0974679365754,"median":0.0849609375,"min":0.00537109375,"var":0.00612419378012}},"metadata":{"audio_properties":{"analysis_sample_rate":44100,"bit_rate":320000,"codec":"mp3","downmix":"mix","equal_loudness":0,"length":249.051422119,"lossless":false,"md5_encoded":"abfd03d8d90d8f4667ab0ccf0773ea2a","replay_gain":-15.801150322,"sample_rate":44100},"tags":{"album":["Моя Цыганиада"],"albumartist":["Gogol Bordello"],"artist":["Gogol Bordello"],"bpm":["124"],"composer":["Gogol Bordello"],"date":["2011"],"discnumber":["1/1"],"encodedby":["Encoded with FreeRIP"],"file_name":"H:\\iTunes\\iTunes Music\\Music\\Gogol Bordello\\Моя Цыганиада\\01 Трансмиграция (Мы с тобой заодно).mp3","genre":["Gypsy"],"initialkey":["Em"],"language":["rus"],"length":["248986"],"musicbrainz_albumid":["04b2c75b-baa9-41b1-9124-86f9008beead"],"musicbrainz_recordingid":["5ce2bad1-bcd2-42d4-b5c9-2180880e9d7f"],"musicbrainz_releasegroupid":["8d17763b-48fd-43d2-aec1-dd43b0478153"],"title":["Трансмиграция (Мы с тобой заодно)"],"tracknumber":["1/11"]},"version":{"essentia":"2.1-beta2","essentia_build_sha":"2d9f1f26377add8aeb1075a9c2973f962c4f09fd","essentia_git_sha":"v2.1_beta2-1-ge3940c0","extractor":"music 1.0"}},"rhythm":{"beats_count":522,"beats_loudness":{"dmean":0.00852867588401,"dmean2":0.0149074653164,"dvar":0.0000651273803669,"dvar2":0.000197365530767,"max":0.080309279263,"mean":0.0399541445076,"median":0.0406053811312,"min":0,"var":0.000207063189009},"beats_loudness_band_ratio":{"dmean":[0.122406288981,0.0435957498848,0.0483471564949,0.0545541718602,0.0564639158547,0.0399095714092],"dmean2":[0.212991178036,0.0734496861696,0.0824583098292,0.0923016443849,0.0977905020118,0.0671240091324],"dvar":[0.0115523422137,0.00308166863397,0.00310767604969,0.00311186746694,0.0034678124357,0.00420248275623],"dvar2":[0.0345398560166,0.00798365939409,0.00870474800467,0.00722181657329,0.00966022349894,0.00810093153268],"max":[0.984341084957,0.624646067619,0.414122194052,0.549257993698,0