{"lowlevel":{"average_loudness":0.889556646347,"barkbands":{"dmean":[0.00108458590694,0.00132150447462,0.000643874926027,0.00103552255314,0.0013336148113,0.000630120106507,0.000487226177938,0.000268478353973,0.000261354696704,0.000164666489582,0.00011824368994,0.0001312224922,0.000131415567012,0.000127615130623,0.000135569935082,0.00014708492381,0.000169352351804,0.000183569136425,0.000208013763768,0.00025153925526,0.000286827707896,0.000364621868357,0.000171681371285,0.00000149099446389,0.00000142893884458,0.000123505029478,0.00149409158621],"dmean2":[0.00186130672228,0.00224970397539,0.00105832947884,0.00178113451693,0.0022495072335,0.00104200537317,0.000772657862399,0.000453427172033,0.0004428839311,0.000268686329946,0.000198877882212,0.000207224380574,0.000213768769754,0.000205452364753,0.000218005778152,0.000233593658777,0.000274660560535,0.000290954922093,0.000336495751981,0.000397249357775,0.000441794545623,0.000544897338841,0.000268113275524,0.00000239892938225,0.00000228723706641,0.000201529590413,0.00218713819049],"dvar":[0.00000858296152728,0.00000396699624616,9.52377945396e-7,0.00000216301395994,0.00000366149629372,0.00000104132482193,5.38269603112e-7,1.33628631716e-7,1.93163870676e-7,9.87964625665e-8,4.65059066812e-8,7.76202355723e-8,6.84697951669e-8,6.67823982781e-8,7.45623367493e-8,9.46940730273e-8,1.28935113253e-7,1.52508405904e-7,1.64510993272e-7,2.43570070779e-7,3.45109640421e-7,5.47530532913e-7,1.25789114236e-7,8.14927812731e-12,6.26137509896e-12,6.88036223551e-8,0.0000083684853962],"dvar2":[0.000023897166102,0.0000113464639071,0.0000023676575438,0.00000604098613621,0.00000988941701507,0.00000281146253656,0.0000013471734519,3.51276611354e-7,5.02165164562e-7,2.44400041538e-7,1.15742793128e-7,1.87076196312e-7,1.68551494539e-7,1.76365034577e-7,1.83483408023e-7,2.3701711882e-7,3.2341498013e-7,3.89473001405e-7,3.75654394702e-7,5.56223540116e-7,7.25188044726e-7,0.00000115192256089,2.67640444918e-7,1.93101246798e-11,1.48347462786e-11,1.60285253514e-7,0.0000155597590492],"max":[0.0400113761425,0.0150633789599,0.0083523876965,0.0110946334898,0.0202651657164,0.0154404528439,0.00679092202336,0.00285254209302,0.00543193239719,0.0047136968933,0.0025947324466,0.00299147376791,0.00259604724124,0.00266138534062,0.00259289424866,0.00287910294719,0.00356900459155,0.00330279697664,0.00406941678375,0.00481755007058,0.00513047957793,0.00780007662252,0.00401995843276,0.0000294271139865,0.0000316077239404,0.00220638047904,0.0242579653859],"mean":[0.0014498278033,0.00181667518336,0.00087112368783,0.00139131676406,0.00198394665495,0.00106595584657,0.000742645526771,0.000425699894549,0.000411622371757,0.000234396517044,0.000190771985217,0.000180578892468,0.000194642168935,0.000181906216312,0.000198515932425,0.000221903130296,0.000235420389799,0.000270863150945,0.000315727404086,0.000392061221646,0.000464839860797,0.00056906696409,0.000249811302638,0.00000169052077581,0.00000169687382368,0.000165203251527,0.00287016737275],"median":[0.000469537160825,0.000915671698749,0.000433789362432,0.000636349956039,0.00107780925464,0.000517644686624,0.000383935897844,0.000271667726338,0.000271401804639,0.000116089533549,0.0000910449234652,0.0000360949670721,0.0000347338027495,0.0000261914356088,0.0000232461297855,0.0000172777945409,0.00000957644988375,0.00000428694193033,0.00000439903078586,0.00000417577939515,0.00000293036714538,0.00000237968924921,0.00000121907964967,3.7640288042e-7,4.01799638894e-7,0.00000115556258606,0.0000415984904976],"min":[2.80791210257e-15,3.40494200489e-15,1.72993445757e-15,2.23492057177e-15,1.63269818807e-14,3.16422777737e-14,2.17445080496e-14,5.45490149768e-15,1.97352002091e-14,1.16295685647e-13,8.95595988863e-14,8.37394389941e-15,5.92086406284e-15,2.98209468729e-14,1.85683343972e-14,7.09174226979e-15,2.16664738688e-15,2.98091455864e-15,1.63464759205e-15,1.67310574659e-15,1.68041648796e-15,1.62042379128e-15,1.74918656355e-15,1.06138119906e-15,1.68173934166e-15,2.36454625885e-15,1.7081386693e-14],"var":[0.00000956033454713,0.00000534710534339,0.00000141019711464,0.00000327554380419,0.00000626207565801,0.00000241018483393,9.3243096444e-7,2.4539482979e-7,2.8377161243e-7,1.35011148927e-7,8.20455383632e-8,1.31144730631e-7,1.40655345149e-7,1.31126668634e-7,1.57319448135e-7,2.0980532156e-7,2.62146357954e-7,3.39119111459e-7,4.39903857341e-7,6.73916076721e-7,0.00000103479828795,0.00000170025998614,3.3142160305e-7,1.22096447536e-11,1.07225530538e-11,1.42227349897e-7,0.0000350042500941]},"barkbands_crest":{"dmean":2.5532169342,"dmean2":4.32708597183,"dvar":4.68104076385,"dvar2":12.5583372116,"max":20.5681190491,"mean":9.33414745331,"median":9.02998638153,"min":3.93596196175,"var":8.58455276489},"barkbands_flatness_db":{"dmean":0.0427763983607,"dmean2":0.0667906403542,"dvar":0.00184644490946,"dvar2":0.00354465376586,"max":0.36283826828,"mean":0.16140639782,"median":0.172263562679,"min":0.0466840825975,"var":0.00464138248935},"barkbands_kurtosis":{"dmean":6.49650478363,"dmean2":10.8993749619,"dvar":56.3772583008,"dvar2":120.236488342,"max":71.8936386108,"mean":11.2910003662,"median":10.1074142456,"min":-1.68757617474,"var":117.577171326},"barkbands_skewness":{"dmean":0.959868073463,"dmean2":1.49388539791,"dvar":0.986487746239,"dvar2":1.95102202892,"max":6.31396389008,"mean":1.93622553349,"median":2.23195338249,"min":-1.31073975563,"var":2.83983516693},"barkbands_spread":{"dmean":14.3840284348,"dmean2":23.6562671661,"dvar":495.394287109,"dvar2":952.210021973,"max":104.975517273,"mean":28.9862422943,"median":9.87202453613,"min":2.22628831863,"var":999.94720459},"dissonance":{"dmean":0.0264435373247,"dmean2":0.0433013997972,"dvar":0.000793647777755,"dvar2":0.00189035315998,"max":0.499973624945,"mean":0.457373529673,"median":0.466784238815,"min":0.168456286192,"var":0.00146414281335},"dynamic_complexity":4.57328891754,"erbbands":{"dmean":[0.0534921400249,0.261402279139,0.587046027184,2.2191567421,5.00631332397,3.73265051842,4.23686075211,5.90857076645,5.06133794785,10.3619890213,5.03818464279,5.88398599625,5.78053283691,4.94744300842,4.4443898201,5.28085613251,5.53581285477,6.5266828537,6.45464086533,7.40596485138,8.27556419373,9.4221572876,9.42872619629,10.0911464691,10.9618654251,11.4501409531,11.256649971,12.1043968201,12.9906835556,11.9432239532,2.40916347504,0.0883026793599,0.0245764385909,0.015957955271,0.0104772029445,0.00891549233347,0.10520388186,0.603512823582,0.202203169465,0.0238617081195],"dmean2":[0.0922065973282,0.445516198874,0.964255154133,3.71583676338,8.70604801178,6.28766489029,7.22610712051,9.89841651917,8.22979259491,17.0877761841,8.453789711,9.70894527435,9.82140159607,8.06795024872,7.35172367096,8.30230331421,8.93202400208,10.5696773529,10.1946935654,11.8672046661,13.0996274948,15.2484741211,14.7428197861,15.9068470001,17.4632549286,17.8534812927,17.1578788757,18.315076828,19.9546890259,17.9696674347,3.69458985329,0.127556145191,0.0384408868849,0.0256182774901,0.0165923461318,0.0133198294789,0.158444106579,0.879187703133,0.289939552546,0.0358644761145],"dvar":[0.00731690367684,0.157921940088,0.790457367897,9.00292491913,60.5859565735,30.1207122803,42.5354385376,98.3451080322,54.0321578979,295.482208252,46.6552200317,88.2176132202,113.917640686,109.547660828,79.3945770264,116.700195312,117.522369385,173.241348267,173.190063477,230.691650391,299.66015625,393.473205566,403.715026855,430.494628906,502.561553955,479.317443848,475.908477783,643.967956543,700.699768066,605.876220703,23.7594356537,0.0245583690703,0.00190157233737,0.000796317763161,0.000328178168274,0.000246870040428,0.0458052754402,1.44086384773,0.154198557138,0.0021026392933],"dvar2":[0.0212275274098,0.439447253942,2.01178598404,24.9942779541,173.212799072,83.2083435059,119.959274292,268.355316162,138.278564453,744.307617188,118.022262573,231.231643677,298.139312744,276.630249023,191.980667114,276.227325439,282.800170898,458.10333252,417.25201416,554.560974121,748.974731445,962.507263184,992.525817871,1060.46276855,1107.67053223,1038.3605957,1000.65222168,1353.32226562,1576.44714355,1201.87585449,48.4094657898,0.0446254573762,0.00418441789225,0.00189045397565,0.000775335589424,0.000546852999832,0.0947521626949,2.62773108482,0.278002023697,0.00414418755099],"max":[0.924220025539,3.63754987717,8.0073184967,27.2518863678,76.9502182007,58.4309921265,71.3823852539,138.899536133,66.8175430298,178.818466187,65.4166107178,117.095191956,144.957855225,152.012588501,108.358291626,103.451126099,107.061103821,118.132522583,133.985717773,126.245483398,148.941238403,189.898239136,175.059906006,193.895248413,231.197067261,196.639877319,181.28288269,250.566360474,267.442901611,270.065002441,45.4443817139,1.85979390144,0.491018414497,0.338285595179,0.233990341425,0.221674412489,2.11815452576,11.1345024109,3.34533381462,0.385118126869],"mean":[0.0743047297001,0.331692159176,0.847328424454,3.19750666618,6.75510454178,5.47718286514,6.19880533218,9.80847072601,8.47843933105,14.1045398712,8.61103439331,9.37968444824,8.50457000732,7.87133169174,7.23449468613,7.57906627655,8.75481891632,9.52680110931,9.8497543335,11.1249704361,12.6469449997,13.6402521133,14.2249479294,15.393743515,17.2273159027,18.2222423553,18.1189651489,19.1956195831,19.6910972595,18.6016483307,3.67905092239,0.139393731952,0.0321596898139,0.0191254392266,0.0129896309227,0.0131882177666,0.163774818182,1.02823197842,0.369703948498,0.0469419211149],"median":[0.0343021079898,0.149977296591,0.462743908167,1.71480369568,3.00720715523,3.11817669868,4.04209661484,4.04338026047,5.15275430679,6.16633319855,5.904692173,6.13319587708,4.84252405167,4.61992883682,2.5051856041,1.64422142506,1.70356190205,1.53262734413,1.28268909454,1.252358675,0.836500942707,0.552661418915,0.282192349434,0.231657758355,0.236558243632,0.208896800876,0.134995982051,0.106062076986,0.0874204337597,0.0652545541525,0.0297791454941,0.0130094997585,0.00828953646123,0.00468370784074,0.00310170510784,0.00244574714452,0.00194569851737,0.00275341002271,0.00224587856792,0.00236895284615],"min":[1.36841614971e-13,6.43550913514e-13,1.84305175288e-12,5.15301820311e-12,1.83119387709e-11,6.1754899805e-11,1.58645055426e-10,2.85503121145e-10,3.35030947429e-10,2.32286440083e-10,1.01817283771e-10,3.91596338689e-10,2.29706631494e-9,4.59760851612e-9,2.32915220444e-9,3.93629351336e-10,3.17266324323e-10,9.39816002798e-10,1.79582582138e-9,5.06475750228e-10,2.86471457667e-10,1.47034343034e-10,1.41388803443e-10,9.70736963035e-11,1.10139383724e-10,7.55993670443e-11,5.71443344033e-11,7.09143507804e-11,6.16330736447e-11,5.50812555289e-11,4.04146195676e-11,2.8738608715e-11,1.76042791455e-11,1.58450405574e-11,1.56365718984e-11,1.03876022367e-11,4.28803173524e-12,1.39351778814e-12,6.1598566959e-13,7.59385284689e-13],"var":[0.00896066520363,0.219111904502,1.11344146729,15.1640415192,94.2799530029,40.6148643494,53.373714447,249.435089111,95.7942733765,442.930175781,91.0013046265,137.504821777,146.749481201,155.483001709,146.422180176,213.82321167,271.188293457,349.738647461,380.972869873,487.69644165,689.395996094,866.520996094,919.39855957,1072.84631348,1291.34448242,1447.80236816,1509.56970215,1857.76757812,2021.46984863,1836.79467773,69.6953048706,0.0834053084254,0.00379368592985,0.00134816672653,0.000608768954407,0.000637469114736,0.132338479161,5.20303440094,0.611098229885,0.00851378869265]},"erbbands_crest":{"dmean":2.70539593697,"dmean2":4.39995765686,"dvar":6.74600791931,"dvar2":16.5076789856,"max":21.0140666962,"mean":7.91138458252,"median":7.19775342941,"min":2.48690009117,"var":13.3843631744},"erbbands_flatness_db":{"dmean":0.0369242578745,"dmean2":0.0590383969247,"dvar":0.00112565106247,"dvar2":0.00263850577176,"max":0.338455349207,"mean":0.158112868667,"median":0.148445591331,"min":0.0590730533004,"var":0.0023331141565},"erbbands_kurtosis":{"dmean":1.51749408245,"dmean2":2.53042864799,"dvar":3.26410031319,"dvar2":8.41444396973,"max":22.6979522705,"mean":1.39479827881,"median":0.908603429794,"min":-1.588342309,"var":4.639564991},"erbbands_skewness":{"dmean":0.534063398838,"dmean2":0.881965696812,"dvar":0.36200761795,"dvar2":0.768935739994,"max":3.40523695946,"mean":0.558565735817,"median":0.765294253826,"min":-1.31579148769,"var":0.753247737885},"erbbands_spread":{"dmean":11.1654720306,"dmean2":18.7604389191,"dvar":184.754867554,"dvar2":461.632873535,"max":92.2908859253,"mean":28.3073635101,"median":25.7129707336,"min":4.32009744644,"var":242.181854248},"gfcc":{"cov":[[12321.6992188,-4651.80664062,-2248.51513672,552.791931152,-84.9766998291,-787.671264648,1436.0958252,-810.891845703,316.162506104,-75.1157836914,-102.279838562,855.635620117,-831.312683105],[-4651.80664062,3775.78759766,1433.15979004,-732.481140137,-81.0114593506,512.380310059,-852.520751953,599.965026855,-224.869903564,11.2419557571,158.34312439,-607.407226562,559.876831055],[-2248.51513672,1433.15979004,766.281311035,-211.135650635,-110.840316772,306.946289062,-438.025939941,324.669128418,-136.154037476,16.1419010162,53.3805809021,-259.114227295,232.994415283],[552.791931152,-732.481140137,-211.135650635,322.4480896,64.9719314575,-118.971710205,178.364257812,-147.787399292,39.136920929,-0.970476925373,-48.0595932007,136.65838623,-134.558502197],[-84.9766998291,-81.0114593506,-110.840316772,64.9719314575,179.63444519,-61.7031402588,80.8527374268,-115.693099976,28.8625564575,6.86317968369,-4.95465278625,23.8596611023,-21.9649124146],[-787.671264648,512.380310059,306.946289062,-118.971710205,-61.7031402588,262.039733887,-232.232894897,185.681137085,-95.1791000366,15.745136261,40.715221405,-126.996910095,121.890533447],[1436.0958252,-852.520751953,-438.025939941,178.364257812,80.8527374268,-232.232894897,416.945007324,-216.643600464,119.250656128,-26.7327213287,-47.827709198,197.215209961,-180.434402466],[-810.891845703,599.965026855,324.669128418,-147.787399292,-115.693099976,185.681137085,-216.643600464,259.053466797,-46.814994812,19.5002555847,41.7611846924,-119.898902893,134.417037964],[316.162506104,-224.869903564,-136.154037476,39.136920929,28.8625564575,-95.1791000366,119.250656128,-46.814994812,101.732437134,20.3171653748,-10.7362174988,64.4560394287,-40.7110786438],[-75.1157836914,11.2419557571,16.1419010162,-0.970476925373,6.86317968369,15.745136261,-26.7327213287,19.5002555847,20.3171653748,49.3351020813,27.4685344696,-0.595582485199,17.0586357117],[-102.279838562,158.34312439,53.3805809021,-48.0595932007,-4.95465278625,40.715221405,-47.827709198,41.7611846924,-10.7362174988,27.4685344696,54.7662696838,-14.4585990906,39.8136787415],[855.635620117,-607.407226562,-259.114227295,136.65838623,23.8596611023,-126.996910095,197.215209961,-119.898902893,64.4560394287,-0.595582485199,-14.4585990906,158.563674927,-83.8566818237],[-831.312683105,559.876831055,232.994415283,-134.558502197,-21.9649124146,121.890533447,-180.434402466,134.417037964,-40.7110786438,17.0586357117,39.8136787415,-83.8566818237,156.0078125]],"icov":[[0.000255947990809,-0.0000163382410392,0.000642600527499,0.000207940291148,0.000521161302458,-0.000207488599699,-0.000339933903888,-0.000063267601945,0.00042903132271,-0.000195407556021,-0.000280226697214,-0.00034902364132,0.000556210870855],[-0.0000163382410392,0.00320947682485,-0.00498659024015,0.00236011086963,-0.00171845057048,0.00235793297179,-0.000924521766137,0.000861586362589,-0.00188622577116,0.00404035532847,-0.00454897247255,0.00482414010912,-0.00319805392064],[0.000642600527499,-0.00498659024015,0.0147248711437,-0.00556647824124,0.00505837611854,-0.00447761965916,0.00144946551882,-0.00344503903762,0.00397770758718,-0.00528935994953,0.00510258646682,-0.00234901718795,0.00243431935087],[0.000207940291148,0.00236011086963,-0.00556647824124,0.0118996538222,-0.00574693037197,0.00194247753825,0.000840743130539,-0.00175438332371,0.00373838609084,-0.00346263125539,0.00477764010429,-0.00893697235733,0.00670343777165],[0.000521161302458,-0.00171845057048,0.00505837611854,-0.00574693037197,0.015589187853,-0.00368669372983,-0.00415201252326,0.00966972950846,-0.00283592753112,-0.00225698878057,-0.00311137409881,0.00820546410978,-0.00691408617422],[-0.000207488599699,0.00235793297179,-0.00447761965916,0.00194247753825,-0.00368669372983,0.0149971144274,-0.000138223942486,-0.00665134517476,0.00787087529898,-0.00222711521201,-0.00178116979077,0.00390151352622,-0.00302142999135],[-0.000339933903888,-0.000924521766137,0.00144946551882,0.000840743130539,-0.00415201252326,-0.000138223942486,0.0141358040273,-0.0016795466654,-0.00666290801018,0.00757368933409,0.000277149985777,-0.0109516866505,0.00886222254485],[-0.000063267601945,0.000861586362589,-0.00344503903762,-0.00175438332371,0.00966972950846,-0.00665134517476,-0.0016795466654,0.0207824073732,-0.0104087321088,0.00405764672905,-0.00700019625947,0.0090898713097,-0.00957525894046],[0.00042903132271,-0.00188622577116,0.00397770758718,0.00373838609084,-0.00283592753112,0.00787087529898,-0.00666290801018,-0.0104087321088,0.0338246785104,-0.0260883849114,0.0164021383971,-0.00970746390522,0.00332793872803],[-0.000195407556021,0.00404035532847,-0.00528935994953,-0.00346263125539,-0.00225698878057,-0.00222711521201,0.00757368933409,0.00405764672905,-0.0260883849114,0.0543313063681,-0.0323340669274,0.00904547888786,-0.00357736181468],[-0.000280226697214,-0.00454897247255,0.00510258646682,0.00477764010429,-0.00311137409881,-0.00178116979077,0.000277149985777,-0.00700019625947,0.0164021383971,-0.0323340669274,0.0482144355774,-0.0184411276132,0.00423660874367],[-0.00034902364132,0.00482414010912,-0.00234901718795,-0.00893697235733,0.00820546410978,0.00390151352622,-0.0109516866505,0.0090898713097,-0.00970746390522,0.00904547888786,-0.0184411276132,0.0442071184516,-0.0208179522306],[0.000556210870855,-0.00319805392064,0.00243431935087,0.00670343777165,-0.00691408617422,-0.00302142999135,0.00886222254485,-0.00957525894046,0.00332793872803,-0.00357736181468,0.00423660874367,-0.0208179522306,0.0318726152182]],"mean":[-67.1143875122,102.169395447,-72.0076599121,-3.15102601051,-22.0438232422,-28.2417449951,-1.04970157146,-24.9729824066,1.18171536922,-7.54491043091,-13.6129760742,-2.34931325912,-8.00995731354]},"hfc":{"dmean":64.4599685669,"dmean2":94.7264175415,"dvar":14850.8193359,"dvar2":27215.4765625,"max":1277.98059082,"mean":138.544998169,"median":37.1544189453,"min":3.36611183371e-9,"var":51704.921875},"melbands":{"dmean":[0.000433048931882,0.000295290286886,0.000431796011981,0.000318500417052,0.000145551020978,0.000127031540615,0.000081056576164,0.00010180240497,0.0000411498185713,0.0000384905833926,0.000029106709917,0.000020467223294,0.0000153950459207,0.0000140950878631,0.0000135059763124,0.0000133153080242,0.0000126573504531,0.0000104931659735,0.0000111095441753,0.0000103984339148,0.000010314125575,0.0000105137996798,0.00000848792114994,0.00000927089786273,0.00000858760176925,0.00000813559563539,0.00000873369481269,0.0000080065410657,0.00000723043694961,0.0000073263363447,0.00000738205790185,0.00000755982864575,0.00000762791114539,0.00000697453697285,0.00000180859512966,2.94086959229e-8,2.01482475148e-8,1.63353686133e-8,1.44229197474e-8,1.29196449095e-8],"dmean2":[0.000743644486647,0.00047926986008,0.000740480259992,0.000545281625818,0.000249579345109,0.000212650047615,0.000129819585709,0.000168677666807,0.0000689397493261,0.0000649234207231,0.0000494427113154,0.0000334207434207,0.0000255917129834,0.0000224103187065,0.0000211526876228,0.0000219267258217,0.0000205650121643,0.0000169423965417,0.0000181111900019,0.0000165730070876,0.0000167395774042,0.0000173229891516,0.0000135449809022,0.0000145833255374,0.0000137005654324,0.0000130557509692,0.0000140973679663,0.0000126123222799,0.0000112023599286,0.0000113644364319,0.0000109028724182,0.0000119846799862,0.0000114978220154,0.0000106724673969,0.00000282130304186,4.81926427653e-8,3.23648023937e-8,2.62748915958e-8,2.30690382352e-8,2.09130170958e-8],"dvar":[4.7046569307e-7,1.83279794896e-7,3.40980903957e-7,2.32746927509e-7,4.49338024566e-8,4.44440892977e-8,1.30898483164e-8,2.65731650018e-8,2.96217494977e-9,4.06108258133e-9,2.89255641661e-9,1.89986026911e-9,7.99255384099e-10,9.0084745219e-10,7.1140054958e-10,7.71241293052e-10,6.74673206191e-10,4.97187735427e-10,5.07662301086e-10,4.68075467275e-10,4.77224371132e-10,5.24149279535e-10,3.11541598075e-10,4.08521355633e-10,3.20625109795e-10,2.62323246458e-10,3.20536486242e-10,2.4472149307e-10,2.01862040972e-10,2.36354547045e-10,2.39182451622e-10,2.485908146e-10,2.76215245121e-10,2.11742789968e-10,1.36808498558e-11,4.47988949539e-15,1.52710193632e-15,8.8848832788e-16,6.59013073485e-16,5.22959412184e-16],"dvar2":[0.00000134941717533,4.70722625323e-7,9.66963398241e-7,6.261134331e-7,1.26414079205e-7,1.20229927347e-7,3.3422605128e-8,6.74263773703e-8,7.72099628676e-9,1.07733644228e-8,7.57308438182e-9,4.74196415468e-9,1.91689997209e-9,2.14655382358e-9,1.72298530998e-9,1.9314607691e-9,1.83235748796e-9,1.21386412033e-9,1.28363419893e-9,1.16343945589e-9,1.24218402231e-9,1.33787991796e-9,7.60157659041e-10,1.05836706066e-9,8.20202017415e-10,5.92495386087e-10,7.39323879895e-10,5.77131398227e-10,4.64336458172e-10,5.20343712562e-10,5.19192078219e-10,5.86572845851e-10,6.29754581816e-10,4.51102460941e-10,3.03594788198e-11,9.68625458569e-15,3.62701329135e-15,2.09525288558e-15,1.51774666918e-15,1.27243332804e-15],"max":[0.00786722358316,0.00400609849021,0.00431216135621,0.00510717695579,0.00213499320671,0.00308550801128,0.00096028635744,0.00171417510137,0.0004660958366,0.000757829868235,0.000725303776562,0.000637072371319,0.00030093480018,0.000364561070455,0.000262853485765,0.000302749598632,0.000229466910241,0.000228156277444,0.000218760978896,0.00018127549265,0.000193493266124,0.000229356242926,0.000185871438589,0.000207470307942,0.000171134000993,0.000169133185409,0.00015711854212,0.000140972828376,0.000125296646729,0.000133885812829,0.000165846024174,0.000150403968291,0.000156308713485,0.000157265370945,0.0000351898852387,7.20198727322e-7,4.02448193881e-7,3.149895349e-7,2.96197242733e-7,2.71862006684e-7],"mean":[0.000637932738755,0.000451851898106,0.000668805500027,0.000461842631921,0.000220898742555,0.000215116218897,0.000135886381031,0.000141943019116,0.0000659712313791,0.0000592160176893,0.0000412610352214,0.0000311276926368,0.000025157836717,0.000020073421183,0.0000195099237317,0.0000193950891116,0.0000173960288521,0.0000154061981448,0.0000154306744662,0.0000148267672557,0.0000146868960655,0.0000142592580232,0.0000126327058751,0.0000129151885631,0.0000123061181512,0.0000120881168186,0.0000129399386424,0.0000118917159853,0.0000111785320769,0.000011089074178,0.0000110728769869,0.0000108949179776,0.0000113593869173,0.0000102783651528,0.00000256916291619,3.31256799768e-8,2.23724221371e-8,1.85566300104e-8,1.65370721561e-8,1.4945989335e-8],"median":[0.000371650268789,0.000257156905718,0.000377980497433,0.000255676946836,0.00014875564375,0.0000968032909441,0.0000836341641843,0.000067618493631,0.0000439740797447,0.0000380856472475,0.0000215646632569,0.0000172653599293,0.0000101424484455,0.00000433358218288,0.00000364519314644,0.00000342207226822,0.0000026545021683,0.00000192878610505,0.00000176142100372,0.00000139104281516,9.04198202534e-7,5.94781852215e-7,3.25298600501e-7,1.91441344555e-7,1.88075276242e-7,1.564604446e-7,1.75937188374e-7,1.21595576275e-7,8.7260644932e-8,7.12891932153e-8,6.02457319587e-8,4.89995954922e-8,4.28444941747e-8,3.27322631222e-8,1.75036234396e-8,6.14877349037e-9,4.97559771162e-9,4.25308988028e-9,3.92317778264e-9,3.54828677551e-9],"min":[1.21779006794e-15,9.32820020636e-16,1.16573121124e-15,2.6482758264e-15,5.12755629785e-15,6.40930772946e-15,4.99243294342e-15,2.22521823288e-15,6.99264502655e-16,2.88226550171e-15,1.19345908888e-14,1.89953372584e-14,1.0353249833e-14,1.24768778988e-15,1.05966023987e-15,4.28672574935e-16,1.9747950596e-15,3.39852742438e-15,8.95927077102e-16,5.65955916318e-16,2.73717214598e-16,1.44464910226e-16,1.35228254164e-16,1.24901890215e-16,6.84614776665e-17,8.1696883628e-17,6.99061717674e-17,4.51822594189e-17,2.76441428066e-17,5.15351686507e-17,3.4783050637e-17,3.49891509584e-17,3.10648043004e-17,3.20137624427e-17,2.06482528498e-17,2.73585520827e-17,1.3885867708e-17,1.38264389169e-17,8.90576396444e-18,1.4023313693e-17],"var":[5.87839565469e-7,2.94639050935e-7,6.06579135365e-7,3.79030950626e-7,5.86429003135e-8,1.10229471773e-7,2.40243664962e-8,4.12157632468e-8,5.51819390182e-9,5.83826320621e-9,3.6774705503e-9,2.63294408498e-9,1.54838286637e-9,1.55627666309e-9,1.40023015405e-9,1.49124279591e-9,1.22022902893e-9,9.76539182851e-10,9.78521152994e-10,9.28985832704e-10,9.76493663707e-10,9.97355420473e-10,7.34711902428e-10,7.93052290504e-10,7.14523329393e-10,6.56623699857e-10,7.4227801683e-10,6.45894004947e-10,5.74091552075e-10,6.24854001874e-10,6.35823393935e-10,6.29250707096e-10,7.13715253564e-10,5.69203739698e-10,3.49751304307e-11,6.50729292432e-15,2.21066514805e-15,1.3826174914e-15,1.0721694342e-15,8.32867168244e-16]},"melbands_crest":{"dmean":3.64990258217,"dmean2":6.02835893631,"dvar":9.66104793549,"dvar2":25.0731143951,"max":29.303686142,"mean":12.1124954224,"median":12.0787391663,"min":2.24318027496,"var":24.0226840973},"melbands_flatness_db":{"dmean":0.0616659447551,"dmean2":0.0907723680139,"dvar":0.0036747273989,"dvar2":0.00645966874436,"max":0.524222970009,"mean":0.26701426506,"median":0.301441788673,"min":0.0496282242239,"var":0.012889332138},"melbands_kurtosis":{"dmean":6.67216300964,"dmean2":11.175620079,"dvar":56.2855224609,"dvar2":135.708053589,"max":64.4721221924,"mean":9.74678707123,"median":6.70241260529,"min":-1.45208275318,"var":118.266784668},"melbands_skewness":{"dmean":0.879925727844,"dmean2":1.42972099781,"dvar":0.666144490242,"dvar2":1.71341776848,"max":6.12508249283,"mean":2.08332705498,"median":1.96907007694,"min":-0.30005222559,"var":1.6425858736},"melbands_spread":{"dmean":13.5498304367,"dmean2":21.3499145508,"dvar":544.351928711,"dvar2":992.959960938,"max":139.887863159,"mean":26.7683830261,"median":7.75132894516,"min":1.73345553875,"var":1353.57751465},"mfcc":{"cov":[[11149.1767578,-3717.96118164,-3055.2121582,1504.21252441,-2037.75878906,948.300964355,-331.329437256,647.656921387,-222.898162842,-420.080383301,678.333374023,-300.98815918,506.256561279],[-3717.96118164,2874.19238281,1485.5489502,-967.387695312,854.719177246,-578.539855957,230.396499634,-306.188842773,106.056381226,229.58241272,-348.352752686,186.2240448,-208.773544312],[-3055.2121582,1485.5489502,1320.890625,-662.853210449,679.366027832,-441.335998535,153.077255249,-188.416107178,72.3308792114,177.799041748,-242.910934448,136.135177612,-197.728851318],[1504.21252441,-967.387695312,-662.853210449,594.526000977,-406.031860352,287.945068359,-109.83719635,135.672561646,-48.9564399719,-126.645141602,169.062149048,-110.638092041,111.794181824],[-2037.75878906,854.719177246,679.366027832,-406.031860352,543.161499023,-211.597351074,108.212265015,-169.434387207,34.53282547,100.172134399,-167.890411377,106.737861633,-121.219093323],[948.300964355,-578.539855957,-441.335998535,287.945068359,-211.597351074,249.784317017,-32.7839622498,62.7068061829,-39.1247596741,-69.6728515625,83.1723098755,-63.8469772339,69.8132400513],[-331.329437256,230.396499634,153.077255249,-109.83719635,108.212265015,-32.7839622498,93.1382446289,-16.5573577881,-2.59963440895,15.0420694351,-39.3703994751,27.7741737366,-32.5525970459],[647.656921387,-306.188842773,-188.416107178,135.672561646,-169.434387207,62.7068061829,-16.5573577881,107.098091125,9.28089141846,-29.8396167755,59.4151191711,-41.7469558716,29.7306613922],[-222.898162842,106.056381226,72.3308792114,-48.9564399719,34.53282547,-39.1247596741,-2.59963440895,9.28089141846,52.9811935425,30.4098701477,-11.2702732086,3.81288361549,-8.04881763458],[-420.080383301,229.58241272,177.799041748,-126.645141602,100.172134399,-69.6728515625,15.0420694351,-29.8396167755,30.4098701477,68.3488006592,-23.773519516,24.4841480255,-20.1888637543],[678.333374023,-348.352752686,-242.910934448,169.062149048,-167.890411377,83.1723098755,-39.3703994751,59.4151191711,-11.2702732086,-23.773519516,99.1084594727,-21.2773723602,44.3037376404],[-300.98815918,186.2240448,136.135177612,-110.638092041,106.737861633,-63.8469772339,27.7741737366,-41.7469558716,3.81288361549,24.4841480255,-21.2773723602,69.1793441772,-6.78976392746],[506.256561279,-208.773544312,-197.728851318,111.794181824,-121.219093323,69.8132400513,-32.5525970459,29.7306613922,-8.04881763458,-20.1888637543,44.3037376404,-6.78976392746,65.6417922974]],"icov":[[0.000420158787165,0.0000214529900404,0.000557179679163,0.000272377481451,0.00107178627513,-0.000103714693978,-0.0000347835230059,-0.000841871544253,0.000975390255917,-0.000420832860982,0.000179927388672,-0.000957424752414,0.000265564449364],[0.0000214529900404,0.00128535716794,-0.000696500821505,0.0006225737161,0.000127876395709,0.00121808121912,-0.00195667799562,0.00234027020633,-0.00150262971874,0.000695314025506,-0.00010102304077,0.00172887404915,-0.00204873899929],[0.000557179679163,-0.000696500821505,0.0054289791733,-0.000681019795593,-0.00131465937011,0.00321423192509,-0.0000110018863779,-0.00410401728004,0.00388469710015,-0.00506945839152,0.00280001224019,-0.00213515316136,0.00381440995261],[0.000272377481451,0.0006225737161,-0.000681019795593,0.00976364314556,-0.00097050430486,-0.00348023255356,0.00240302574821,-0.000484931428218,-0.000701391894836,0.00958087481558,-0.00928761810064,0.00672846985981,-0.00565469730645],[0.00107178627513,0.000127876395709,-0.00131465937011,-0.00097050430486,0.0161323267967,-0.00420299731195,-0.00262733316049,0.00660845125094,-0.00268047000282,-0.00471154926345,0.00820057932287,-0.0129416119307,0.0111474329606],[-0.000103714693978,0.00121808121912,0.00321423192509,-0.00348023255356,-0.00420299731195,0.0177695155144,-0.00850033760071,0.00388302141801,0.00159200374037,-0.0000270996370091,-0.00200760294683,0.0113783758134,-0.00963244400918],[-0.0000347835230059,-0.00195667799562,-0.0000110018863779,0.00240302574821,-0.00262733316049,-0.00850033760071,0.0248677134514,-0.0145508814603,0.0093135330826,-0.00154624378774,0.00457787141204,-0.011206262745,0.00944821164012],[-0.000841871544253,0.00234027020633,-0.00410401728004,-0.000484931428218,0.00660845125094,0.00388302141801,-0.0145508814603,0.0375295169652,-0.0217770505697,0.0105808628723,-0.0106915542856,0.012930159457,-0.00460283225402],[0.000975390255917,-0.00150262971874,0.00388469710015,-0.000701391894836,-0.00268047000282,0.00159200374037,0.0093135330826,-0.0217770505697,0.0407794564962,-0.0197079107165,0.00788217131048,-0.0044452319853,0.00159249571152],[-0.000420832860982,0.000695314025506,-0.00506945839152,0.00958087481558,-0.00471154926345,-0.0000270996370091,-0.00154624378774,0.0105808628723,-0.0197079107165,0.0453207679093,-0.0209435690194,0.0131412185729,-0.0133443363011],[0.000179927388672,-0.00010102304077,0.00280001224019,-0.00928761810064,0.00820057932287,-0.00200760294683,0.00457787141204,-0.0106915542856,0.00788217131048,-0.0209435690194,0.0411850959063,-0.021334823221,0.0114558162168],[-0.000957424752414,0.00172887404915,-0.00213515316136,0.00672846985981,-0.0129416119307,0.0113783758134,-0.011206262745,0.012930159457,-0.0044452319853,0.0131412185729,-0.021334823221,0.0495153293014,-0.029404271394],[0.000265564449364,-0.00204873899929,0.00381440995261,-0.00565469730645,0.0111474329606,-0.00963244400918,0.00944821164012,-0.00460283225402,0.00159249571152,-0.0133443363011,0.0114558162168,-0.029404271394,0.0507086254656]],"mean":[-738.562438965,168.790023804,0.891196966171,37.168762207,-8.60851669312,15.5214967728,-9.37754631042,-0.320163339376,4.35232257843,-0.386663943529,2.00470495224,-7.11369419098,4.91950368881]},"pitch_salience":{"dmean":0.0694278553128,"dmean2":0.115463539958,"dvar":0.00326068862341,"dvar2":0.00822435319424,"max":0.900545239449,"mean":0.66032320261,"median":0.671811699867,"min":0.321832746267,"var":0.00672998046502},"silence_rate_20dB":{"dmean":0,"dmean2":0,"dvar":0,"dvar2":0,"max":1,"mean":1,"median":1,"min":1,"var":0},"silence_rate_30dB":{"dmean":0.00263852253556,"dmean2":0.0052840160206,"dvar":0.00263151619583,"dvar2":0.00789830181748,"max":1,"mean":0.998682498932,"median":1,"min":0,"var":0.00131578033324},"silence_rate_60dB":{"dmean":0.0474934019148,"dmean2":0.0937912836671,"dvar":0.0452378615737,"dvar2":0.0849943384528,"max":1,"mean":0.192358359694,"median":0,"min":0,"var":0.155356630683},"spectral_centroid":{"dmean":437.458740234,"dmean2":663.349182129,"dvar":506976.09375,"dvar2":838593.625,"max":3868.18969727,"mean":1148.85498047,"median":458.192077637,"min":233.020767212,"var":1403434.375},"spectral_complexity":{"dmean":5.37203168869,"dmean2":8.68163776398,"dvar":79.7401733398,"dvar2":148.177062988,"max":67,"mean":16.5981559753,"median":9,"min":0,"var":314.187652588},"spectral_contrast_coeffs":{"dmean":[0.0549068972468,0.046518843621,0.040449462831,0.0263224374503,0.0308518968523,0.0718228816986],"dmean2":[0.0938780978322,0.07674048841,0.0668387487531,0.044867657125,0.0497551076114,0.100695855916],"dvar":[0.00175526412204,0.00131290149875,0.000938767858315,0.000434724934166,0.000665341620333,0.00656372215599],"dvar2":[0.00505120260641,0.00365042337216,0.00255679432303,0.00115338165779,0.00165228452533,0.0104461545125],"max":[-0.458582520485,-0.574460864067,-0.630908787251,-0.714134693146,-0.761347830296,-0.413264900446],"mean":[-0.668384194374,-0.789554715157,-0.815725624561,-0.847169578075,-0.855889856815,-0.730268836021],"median":[-0.669245660305,-0.795756220818,-0.817322194576,-0.848002791405,-0.853803098202,-0.794679164886],"min":[-0.898439764977,-0.936039984226,-0.951763153076,-0.952006697655,-0.966391980648,-0.961292684078],"var":[0.00464756600559,0.00319409463555,0.00255788909271,0.00104265566915,0.00182123132981,0.0214260220528]},"spectral_contrast_valleys":{"dmean":[0.4141946733,0.379967570305,0.46244597435,0.487624585629,0.808525979519,0.755908668041],"dmean2":[0.662860989571,0.61845678091,0.701570093632,0.718967199326,1.16444182396,1.20903539658],"dvar":[0.231989517808,0.19256362319,0.263950675726,0.338888376951,0.713406920433,0.451413273811],"dvar2":[0.354950517416,0.297395408154,0.394997447729,0.475627332926,1.11617445946,1.03094184399],"max":[-5.54258966446,-5.2519698143,-5.51030778885,-5.8874874115,-5.47959804535,-9.53135204315],"mean":[-7.34295368195,-6.74154615402,-7.64789152145,-8.09129333496,-8.30636692047,-11.6837596893],"median":[-7.24080562592,-6.53007125854,-7.52145862579,-8.17640304565,-8.63079071045,-11.5771493912],"min":[-19.4364032745,-18.232673645,-18.1131896973,-18.574174881,-19.9626731873,-20.742937088],"var":[0.628139555454,0.791031360626,1.0948805809,1.25515151024,2.52472782135,1.18441152573]},"spectral_decrease":{"dmean":9.88663262369e-10,"dmean2":1.66618230324e-9,"dvar":2.01881059235e-18,"dvar2":5.74373951432e-18,"max":7.06789871074e-9,"mean":-2.04129246839e-9,"median":-1.91021709561e-9,"min":-1.42231142419e-8,"var":3.54106300862e-18},"spectral_energy":{"dmean":0.00661630183458,"dmean2":0.00983485579491,"dvar":0.0000987014791463,"dvar2":0.000183439376997,"max":0.11618065089,"mean":0.0202707368881,"median":0.0145349372178,"min":5.38064547344e-13,"var":0.000426512531703},"spectral_energyband_high":{"dmean":0.00224292208441,"dmean2":0.00322432559915,"dvar":0.0000193449523067,"dvar2":0.0000349060028384,"max":0.0367852151394,"mean":0.00418586842716,"median":0.0000379671582778,"min":1.83663729434e-14,"var":0.0000779339534347},"spectral_energyband_low":{"dmean":0.00209765229374,"dmean2":0.00345314689912,"dvar":0.00000965721028479,"dvar2":0.0000258308846242,"max":0.0357412621379,"mean":0.00397021044046,"median":0.00276282755658,"min":7.49295933053e-15,"var":0.0000159428145707},"spectral_energyband_middle_high":{"dmean":0.00110120058525,"dmean2":0.00165239837952,"dvar":0.0000043316567826,"dvar2":0.00000798398832558,"max":0.0201780777425,"mean":0.00236844737083,"median":0.0004544161784,"min":2.73591587753e-13,"var":0.0000173571970663},"spectral_energyband_middle_low":{"dmean":0.00244531827047,"dmean2":0.00401566503569,"dvar":0.00000934656873142,"dvar2":0.0000239882665483,"max":0.0351242609322,"mean":0.00610605673864,"median":0.00510780559853,"min":1.19454373151e-13,"var":0.0000278656716546},"spectral_entropy":{"dmean":0.413508355618,"dmean2":0.639871239662,"dvar":0.191012948751,"dvar2":0.351947337389,"max":8.50444221497,"mean":7.19721269608,"median":7.16205787659,"min":5.61014413834,"var":0.496680647135},"spectral_flux":{"dmean":0.0199229102582,"dmean2":0.0310514494777,"dvar":0.000601217674557,"dvar2":0.00107499037404,"max":0.252398222685,"mean":0.081363581121,"median":0.0705141425133,"min":0.00565767660737,"var":0.00264598266222},"spectral_kurtosis":{"dmean":11.7912826538,"dmean2":19.7370147705,"dvar":263.540802002,"dvar2":674.455322266,"max":136.079498291,"mean":23.5192127228,"median":16.0993614197,"min":2.39614963531,"var":330.084533691},"spectral_rms":{"dmean":0.000706099322997,"dmean2":0.00105774996337,"dvar":6.88043144237e-7,"dvar2":0.00000121063317238,"max":0.0106464540586,"mean":0.00389823340811,"median":0.00376569083892,"min":2.29115926231e-8,"var":0.00000458010435977},"spectral_rolloff":{"dmean":5295.60302734,"dmean2":10126.0605469,"dvar":69728144,"dvar2":144223392,"max":22028.4667969,"mean":9046.4609375,"median":904.39453125,"min":193.798828125,"var":96297576},"spectral_skewness":{"dmean":0.911062657833,"dmean2":1.46807098389,"dvar":1.06837618351,"dvar2":2.53768873215,"max":9.89858436584,"mean":3.36051487923,"median":2.9732632637,"min":1.6068803072,"var":1.8490177393},"spectral_spread":{"dmean":904596.25,"dmean2":1464121.375,"dvar":1402629259260,"dvar2":2394314506240,"max":27081842,"mean":3861377.25,"median":4011331.5,"min":1254906.625,"var":2007413161980},"spectral_strongpeak":{"dmean":1.04796743393,"dmean2":1.90935707092,"dvar":36.3250465393,"dvar2":98.2220535278,"max":85.1768493652,"mean":0.734912991524,"median":0.12006162852,"min":0,"var":23.7118301392},"zerocrossingrate":{"dmean":0.0526937916875,"dmean2":0.0650407373905,"dvar":0.0023155650124,"dvar2":0.00298972357996,"max":0.6015625,"mean":0.254376530647,"median":0.216796875,"min":0.05078125,"var":0.014472566545}},"metadata":{"audio_properties":{"analysis_sample_rate":44100,"bit_rate":128000,"codec":"mp3","downmix":"mix","equal_loudness":0,"length":17.5814743042,"lossless":false,"md5_encoded":"4970f4792656eccd6a0db591ee263faf","replay_gain":-12.2970943451,"sample_rate":44100},"tags":{"album":["Adore"],"albumartist":["The Smashing Pumpkins"],"albumartistsort":["Smashing Pumpkins, The"],"artist":["The Smashing Pumpkins"],"artistsort":["Smashing Pumpkins, The"],"asin":["B000006NPY"],"barcode":["724384587925"],"composer":["Billy Corgan"],"date":["1998-06-01"],"file_name":"16 17.mp3","genre":["Unknown"],"label":["EMI Music Australia"],"length":["17560"],"lyricist":["Billy Corgan"],"musicbrainz album artist":["The Smashing Pumpkins"],"musicbrainz album artist sortname":["Smashing Pumpkins, The"],"musicbrainz album release country":["AU"],"musicbrainz album status":["official"],"musicbrainz album type":["album"],"musicbrainz non-album":["0"],"musicbrainz_albumartistid":["ba0d6274-db14-4ef5-b28d-657ebde1a396"],"musicbrainz_albumid":["b691145b-485f-4210-bd1c-249d5f25d1b1"],"musicbrainz_artistid":["ba0d6274-db14-4ef5-b28d-657ebde1a396"],"musicbrainz_recordingid":["5ce6551b-5ee5-4dfa-8ac9-6729502ecf51"],"releasedate":["1998-06-01"],"taggingdate":["2006-12-09T21:34:47"],"title":["17"],"tracknumber":["16/16"]},"version":{"essentia":"2.1-beta1","essentia_build_sha":"ec322331fa6aaecceef5ae0ec8bb6dd0710d66ba","essentia_git_sha":"v2.1_beta1-28-g21ef5f4","extractor":"music 1.0"}},"rhythm":{"beats_count":30,"beats_loudness":{"dmean":0.0152918621898,"dmean2":0.0273394919932,"dvar":0.000308958988171,"dvar2":0.000713410147,"max":0.0939012169838,"mean":0.0252488069236,"median":0.0175530351698,"min":0.001188522554,"var":0.000500137510244},"beats_loudness_band_ratio":{"dmean":[0.171712547541,0.139814674854,0.0607106015086,0.0179798286408,0.0328498035669,0.204258471727],"dmean2":[0.279326051474,0.236549854279,0.103923715651,0.0323416404426,0.0544399283826,0.309310406446],"dvar":[0.0159779824317,0.00779360719025,0.0103587443009,0.000