{"lowlevel":{"average_loudness":0.717451155186,"barkbands":{"dmean":[0.00320703396574,0.00493948115036,0.0013593948679,0.00073387438897,0.00193572498392,0.00194363261107,0.00134649197571,0.000807656615507,0.000904052169062,0.000976815470494,0.000602969841566,0.000779547845013,0.000390043482184,0.000229217243032,0.000160485797096,0.000110708555439,0.0000793286671978,0.000103572157968,0.000133986555738,0.0000976633600658,0.0000697436771588,0.0000358160104952,0.0000171307801793,0.0000120903614516,0.00000278344077742,0.0000753386120778,0.000278625200735],"dmean2":[0.00508839217946,0.0080258147791,0.0022923364304,0.00122404831927,0.00311188027263,0.00307734520175,0.00211649248376,0.00127056182828,0.0014643400209,0.00157472887076,0.000988091924228,0.00125720375217,0.000638330413494,0.000378622527933,0.000271050754236,0.000185303229955,0.000131793538458,0.000171106192283,0.000219540321268,0.000158073511557,0.000106205319753,0.000052679937653,0.0000251233668678,0.0000174310207512,0.00000439191990154,0.000105836428702,0.000423614488682],"dvar":[0.0000620294231339,0.0000943008126342,0.00000449761955679,0.00000140902750445,0.0000137534452733,0.0000285586665996,0.000014398854546,0.00000474775697512,0.00000418880381403,0.0000064019131969,0.00000228109479394,0.00000332254899149,5.99771851739e-7,1.92147581402e-7,8.77731096693e-8,5.99464797801e-8,5.3176091086e-8,1.18642411451e-7,1.97497641352e-7,1.09221261368e-7,5.51708012608e-8,7.41772465673e-9,1.49629730828e-9,8.39605829306e-10,2.49628200055e-11,4.00714590398e-8,3.35395299089e-7],"dvar2":[0.000142169723404,0.000240896290052,0.0000120115337268,0.0000037303427689,0.0000313336895488,0.0000656179836369,0.0000322220148519,0.0000100138604466,0.0000098051796158,0.0000160492127179,0.00000538592621524,0.00000773489591666,0.00000145258138673,4.77876710647e-7,2.34938369204e-7,1.60148289297e-7,1.42837464523e-7,3.02891947968e-7,4.84107204102e-7,2.70680033054e-7,1.25714052501e-7,1.52729544567e-8,3.19718540531e-9,1.71100689172e-9,5.60859275689e-11,8.03932707072e-8,7.37123741601e-7],"max":[0.112442627549,0.12664681673,0.0390766039491,0.0196342170238,0.16401129961,0.156448215246,0.100037202239,0.0886603146791,0.0444948151708,0.0860718488693,0.0492020361125,0.056546241045,0.019640346989,0.0132327992469,0.00618165265769,0.00429635355249,0.00557420682162,0.0140865948051,0.0126231126487,0.0138012515381,0.0128678651527,0.00243888562545,0.000536042905878,0.000533070415258,0.0000763149510021,0.00220845011063,0.012723153457],"mean":[0.00337100308388,0.00636951997876,0.00182288535871,0.00103518215474,0.00344690703787,0.00319844740443,0.00217280583456,0.00122587254737,0.00148473342415,0.00146908615716,0.00090583821293,0.00143105641473,0.000655027572066,0.000388640764868,0.000258386804489,0.000158539958647,0.0000999310213956,0.000129931780975,0.000169231730979,0.000134880043333,0.000120856435387,0.0000640106663923,0.0000260914530372,0.000016517320546,0.00000333663228957,0.00010398618906,0.000670224952046],"median":[0.00078430341091,0.00239626597613,0.000918308680411,0.000536818057299,0.00196272786707,0.000973221613094,0.000602105632424,0.000370510388166,0.000555786362384,0.000511856400408,0.000357359123882,0.000580727937631,0.00032666354673,0.000216928703594,0.000159518211149,0.0000771435588831,0.0000374521914637,0.0000358987053914,0.0000513509658049,0.0000363728904631,0.0000308501475956,0.0000164922021213,0.00000460935279989,0.00000169461384303,9.94876927507e-7,0.00000668639313517,0.000400923017878],"min":[2.79580445855e-23,1.65499262937e-23,9.15183726329e-24,2.79880086781e-23,2.80384547553e-23,6.62253841752e-23,6.69123431841e-23,1.73379446955e-23,5.01273142525e-23,6.91281840471e-23,9.16891452417e-23,7.36661411143e-23,5.6112199992e-23,5.66881568052e-23,1.32839392787e-22,3.38815556844e-22,8.92354785929e-23,2.97798096677e-22,3.50645264492e-22,1.63143377176e-22,5.72021545897e-22,5.39055793353e-22,7.02389128234e-22,8.10013636104e-22,1.32365134659e-21,1.68190163411e-21,2.31542434127e-21],"var":[0.0000661210942781,0.000107806365122,0.00000648593686492,0.00000227362625083,0.0000324417560478,0.0000674699622323,0.000028853679396,0.0000104325681605,0.0000094404522315,0.0000108274516606,0.00000418950548919,0.0000112367597467,0.00000126067368456,3.98394178092e-7,1.11787777257e-7,6.52459064554e-8,5.1388326483e-8,1.3630756257e-7,2.15806565507e-7,1.27616885948e-7,1.02972848026e-7,1.7675581887e-8,2.7956899018e-9,1.50082102301e-9,3.66041953692e-11,7.14073991048e-8,7.87320516338e-7]},"barkbands_crest":{"dmean":2.75720357895,"dmean2":4.51501893997,"dvar":5.61110687256,"dvar2":14.2715291977,"max":26.8666973114,"mean":9.74644184113,"median":8.81578826904,"min":2.68035554886,"var":18.2202339172},"barkbands_flatness_db":{"dmean":0.0240049660206,"dmean2":0.0372320972383,"dvar":0.000454677414382,"dvar2":0.00105517136399,"max":0.451102554798,"mean":0.138231471181,"median":0.135701775551,"min":0.0287197064608,"var":0.00228763977066},"barkbands_kurtosis":{"dmean":4.13421535492,"dmean2":6.6628575325,"dvar":135.82925415,"dvar2":312.167694092,"max":808.294555664,"mean":9.77273178101,"median":4.95889902115,"min":-1.71764039993,"var":1141.17211914},"barkbands_skewness":{"dmean":0.568166255951,"dmean2":0.899411022663,"dvar":0.377829998732,"dvar2":0.853942096233,"max":27.3089885712,"mean":2.14401340485,"median":1.88505220413,"min":-1.86110043526,"var":3.01624202728},"barkbands_spread":{"dmean":6.96198749542,"dmean2":10.9092073441,"dvar":70.0409622192,"dvar2":149.648422241,"max":113.632949829,"mean":25.3794231415,"median":21.7774658203,"min":0.491506755352,"var":246.678619385},"dissonance":{"dmean":0.0236671436578,"dmean2":0.0400179252028,"dvar":0.000527510012034,"dvar2":0.00145276857074,"max":0.500000059605,"mean":0.459707736969,"median":0.468770205975,"min":0.231486842036,"var":0.00113268918358},"dynamic_complexity":5.04654359818,"erbbands":{"dmean":[0.236797258258,0.864604532719,1.58183681965,1.94399225712,4.18851852417,7.35473918915,11.007642746,18.0131034851,18.0327415466,19.7342185974,15.2046403885,21.7835388184,24.2699642181,27.2896900177,25.6225299835,31.5390319824,18.3746833801,12.3488702774,8.74746799469,7.13981151581,5.15676355362,4.46325397491,5.24300575256,6.41788721085,6.57844114304,4.47078514099,3.42740130424,2.29722690582,1.39417421818,0.723033487797,0.457492589951,0.312065988779,0.164388045669,0.0421917438507,0.0201368201524,0.117120578885,0.181520968676,0.0877432376146,0.0366840921342,0.00580735132098],"dmean2":[0.387343525887,1.41797304153,2.63951897621,3.215321064,6.87833786011,11.9513301849,17.5084819794,28.5380306244,28.1453933716,30.8093090057,24.1821289062,35.3358383179,39.1368713379,43.9830093384,41.213558197,50.9336509705,29.904176712,20.1656742096,14.5581054688,12.0056476593,8.59951305389,7.37976074219,8.69775104523,10.5170736313,10.7440261841,7.23528623581,5.35445261002,3.44410991669,2.05720496178,1.05341374874,0.673966109753,0.458289682865,0.240305587649,0.0638222321868,0.0311596542597,0.168182328343,0.25927567482,0.12262147665,0.0547357015312,0.00890505313873],"dvar":[0.304129630327,2.39955592155,6.2208480835,9.00740432739,51.4880714417,242.728530884,1263.40771484,2492.98193359,2979.01806641,2938.50708008,1385.95471191,2703.56176758,3701.98144531,5825.48046875,3150.8371582,5563.93457031,1341.14086914,533.61114502,243.506011963,205.513305664,146.610565186,178.706604004,275.779083252,588.256591797,503.690429688,231.071578979,133.040008545,47.3577919006,11.8730144501,2.34780812263,1.14396464825,0.596945822239,0.147254854441,0.00672195106745,0.0013137551723,0.11434725672,0.244376897812,0.0400561466813,0.0103142783046,0.000100475408544],"dvar2":[0.792476654053,6.11939430237,16.1905441284,23.7326622009,129.731231689,558.031616211,2954.16552734,5594.61621094,6437.09423828,6435.27685547,3072.87011719,6588.92675781,9475.81445312,13957.3408203,7142.41210938,13318.2988281,3268.11352539,1332.35986328,638.878540039,548.480651855,390.62902832,480.162963867,727.498413086,1463.32189941,1218.58581543,567.121459961,316.096191406,96.0290145874,23.3299846649,4.97388982773,2.46973109245,1.26462340355,0.297170519829,0.0138938212767,0.00283411052078,0.227294489741,0.50012254715,0.0788670703769,0.0217348150909,0.000234931227169],"max":[7.02476644516,23.3661727905,47.1953849792,55.3463058472,155.521636963,671.703369141,1270.859375,1743.25073242,1759.46862793,1688.22216797,1431.43969727,1029.25366211,1830.82104492,3125.32202148,1564.70141602,1984.01452637,838.280456543,636.249938965,317.261932373,288.039733887,210.26020813,338.493652344,403.433410645,1324.7154541,753.053955078,647.793273926,628.346557617,267.445495605,104.373291016,24.7129840851,12.5167160034,13.52110672,6.6820898056,1.13000512123,0.527720153332,4.25411319733,5.50971412659,4.20999193192,3.32664561272,0.260484158993],"mean":[0.261782646179,1.14898395538,2.21298408508,3.11208033562,6.53366327286,12.3914337158,16.6671123505,30.6006298065,31.0520706177,32.3959960938,25.2043762207,35.7673072815,38.4755821228,43.5088424683,44.8519935608,59.3270683289,34.8588829041,23.065290451,15.4478998184,11.5671958923,7.61677503586,5.82763147354,6.68011236191,8.25235843658,8.32059955597,6.22698831558,5.68235206604,3.98308706284,2.5153222084,1.24204134941,0.672684967518,0.427888840437,0.222886413336,0.0541000440717,0.0246707722545,0.150417014956,0.245987564325,0.15531860292,0.0724051520228,0.0197149552405],"median":[0.0763123482466,0.464649349451,1.1475083828,1.7892343998,3.75696706772,6.27403354645,6.49503946304,8.24130058289,9.22020530701,9.21434211731,9.45532226562,13.2862462997,14.4647312164,16.4645042419,20.6198883057,24.8835029602,17.4932441711,13.19277668,9.99534416199,6.89312934875,3.83311223984,2.27863931656,2.00807142258,2.46332740784,2.48778295517,1.69377970695,1.5308971405,0.950635075569,0.645617365837,0.283554852009,0.116003394127,0.0478640124202,0.0230898633599,0.0122399255633,0.00769233517349,0.00755705684423,0.0133705381304,0.0298260115087,0.0248446390033,0.0157544445246],"min":[9.23187887727e-22,2.35422872475e-21,1.00081592055e-20,4.39137844119e-20,1.33645607016e-19,7.31321624045e-20,3.17666978626e-19,4.74061344957e-19,9.69039192474e-19,6.62276263779e-19,4.91309663391e-19,1.40543983132e-18,1.6151471772e-18,2.20965604891e-18,4.65047268309e-18,2.97110413371e-18,2.71609675856e-18,2.74414086967e-18,3.84037417737e-18,1.53962515301e-17,1.29124804407e-17,6.45596270124e-18,1.13584562239e-17,1.87961193576e-17,1.73258719933e-17,9.17561095977e-18,1.93249541212e-17,1.98514827052e-17,2.18594752227e-17,1.90845076064e-17,1.93331597529e-17,1.51266551705e-17,1.61725820417e-17,1.49851196046e-17,9.74793970713e-18,6.85919422471e-18,3.2260622916e-18,1.1046298113e-18,3.22683260355e-19,3.4282329235e-20],"var":[0.281106442213,3.15764784813,9.22912120819,17.446849823,80.7523117065,549.508117676,2015.43444824,7075.03417969,6723.46533203,7323.19287109,2932.20117188,5797.68554688,6392.23925781,10486.2705078,6968.22216797,18609.28125,3733.61865234,1225.69946289,400.529754639,246.441970825,151.72265625,173.94229126,301.008209229,657.25579834,545.199768066,274.360870361,220.084136963,103.323631287,29.1946372986,5.33799552917,1.98838806152,0.992182791233,0.269449830055,0.0117546627298,0.00203026947565,0.19355802238,0.415556669235,0.0956531241536,0.022187622264,0.000318415521178]},"erbbands_crest":{"dmean":2.83478283882,"dmean2":4.64198541641,"dvar":7.11871957779,"dvar2":17.6516780853,"max":30.2043437958,"mean":9.48337554932,"median":8.21266937256,"min":2.12792682648,"var":22.0384654999},"erbbands_flatness_db":{"dmean":0.0232170913368,"dmean2":0.0340859405696,"dvar":0.000417020084569,"dvar2":0.000837846717332,"max":0.346631646156,"mean":0.153181508183,"median":0.155027478933,"min":0.0246134903282,"var":0.00263920309953},"erbbands_kurtosis":{"dmean":1.22952103615,"dmean2":1.94843316078,"dvar":2.68924403191,"dvar2":6.35139274597,"max":35.434589386,"mean":1.49195408821,"median":0.728974103928,"min":-1.61755383015,"var":7.5611948967},"erbbands_skewness":{"dmean":0.373953223228,"dmean2":0.577542006969,"dvar":0.115310415626,"dvar2":0.264726787806,"max":4.216796875,"mean":0.322860598564,"median":0.28568431735,"min":-3.4425239563,"var":0.65819311142},"erbbands_spread":{"dmean":6.14169311523,"dmean2":9.30063152313,"dvar":46.3438949585,"dvar2":93.2308349609,"max":123.10962677,"mean":26.0706291199,"median":21.9494571686,"min":2.10564994812,"var":242.801605225},"gfcc":{"cov":[[19847.1230469,-872.280822754,-421.71282959,502.864624023,-236.094268799,-375.120635986,403.205383301,-217.480667114,31.1292972565,84.4931716919,-229.294143677,252.164001465,-494.642150879],[-872.280822754,1220.3034668,-145.714797974,-469.659698486,142.016220093,-101.290802002,-13.9801340103,-146.26449585,72.2091522217,-91.7688751221,98.4416503906,-144.053253174,166.782577515],[-421.71282959,-145.714797974,379.26776123,147.737564087,-69.7696914673,153.859008789,-100.014900208,117.618560791,-28.6130695343,30.3866271973,-22.213350296,25.3321743011,-11.7541065216],[502.864624023,-469.659698486,147.737564087,451.257781982,69.9232406616,-5.3631234169,100.552688599,69.0163879395,-8.84378051758,37.3903427124,-28.4849224091,79.4162445068,-93.3176803589],[-236.094268799,142.016220093,-69.7696914673,69.9232406616,249.570709229,39.355381012,78.1596755981,-21.5504379272,9.95697689056,-34.3755836487,35.7762031555,-13.7798910141,4.41427516937],[-375.120635986,-101.290802002,153.859008789,-5.3631234169,39.355381012,318.08782959,-63.1555099487,90.3366928101,-44.6237678528,20.9151992798,3.23132967949,-2.98372244835,-1.87077736855],[403.205383301,-13.9801340103,-100.014900208,100.552688599,78.1596755981,-63.1555099487,222.317703247,-42.8869743347,43.123550415,11.8570594788,-7.60093355179,30.0788192749,-40.3133583069],[-217.480667114,-146.26449585,117.618560791,69.0163879395,-21.5504379272,90.3366928101,-42.8869743347,177.024887085,20.9929695129,26.196264267,1.3257638216,5.6173453331,3.36973428726],[31.1292972565,72.2091522217,-28.6130695343,-8.84378051758,9.95697689056,-44.6237678528,43.123550415,20.9929695129,113.805877686,35.0105285645,-1.38751637936,4.04246377945,-4.86171913147],[84.4931716919,-91.7688751221,30.3866271973,37.3903427124,-34.3755836487,20.9151992798,11.8570594788,26.196264267,35.0105285645,86.6005249023,16.9016361237,18.3989562988,-13.1814184189],[-229.294143677,98.4416503906,-22.213350296,-28.4849224091,35.7762031555,3.23132967949,-7.60093355179,1.3257638216,-1.38751637936,16.9016361237,76.0336074829,8.61031913757,28.9001121521],[252.164001465,-144.053253174,25.3321743011,79.4162445068,-13.7798910141,-2.98372244835,30.0788192749,5.6173453331,4.04246377945,18.3989562988,8.61031913757,83.6674041748,-7.9231762886],[-494.642150879,166.782577515,-11.7541065216,-93.3176803589,4.41427516937,-1.87077736855,-40.3133583069,3.36973428726,-4.86171913147,-13.1814184189,28.9001121521,-7.9231762886,98.7639312744]],"icov":[[0.0000699010124663,-0.00016392384714,0.000268539442914,-0.000196940643946,0.000170896426425,-0.0000581448912271,0.0000851404620335,-0.0000752360210754,0.000158248629305,-0.000146290592966,0.000292737531709,-0.000356821197784,0.000375343748601],[-0.00016392384714,0.0053382422775,-0.00496429717168,0.00560909742489,-0.00362233631313,0.00240987539291,-0.00270724226721,0.00287215807475,-0.00389976100996,0.00347727560438,-0.00553970085457,0.00577103346586,-0.00376606849022],[0.000268539442914,-0.00496429717168,0.0110453916714,-0.00896522868425,0.00642970995978,-0.00548775726929,0.00481272721663,-0.00275187473744,0.00204202043824,-0.00190758111421,0.00500584952533,-0.00485639460385,0.00223037344404],[-0.000196940643946,0.00560909742489,-0.00896522868425,0.0141586903483,-0.00967627950013,0.0070167821832,-0.0046670450829,-0.000994432484731,0.00142181362025,-0.00171729084104,-0.00131578440778,0.000448168168077,0.000808632699773],[0.000170896426425,-0.00362233631313,0.00642970995978,-0.00967627950013,0.0136899463832,-0.00714624579996,0.0000984184953268,0.00147443986498,-0.0032897060737,0.00645772740245,-0.00433728052303,0.00153018021956,-0.0000700481614331],[-0.0000581448912271,0.00240987539291,-0.00548775726929,0.0070167821832,-0.00714624579996,0.0088773323223,-0.00119779689703,-0.0027433054056,0.00407187035307,-0.00418840255588,0.00131694949232,-0.000241631263634,0.000944907194935],[0.0000851404620335,-0.00270724226721,0.00481272721663,-0.0046670450829,0.0000984184953268,-0.00119779689703,0.0096592893824,-0.000018214856027,-0.000367197644664,-0.0028201113455,0.00443967431784,-0.00497922440991,0.00298443203792],[-0.0000752360210754,0.00287215807475,-0.00275187473744,-0.000994432484731,0.00147443986498,-0.0027433054056,-0.000018214856027,0.0119234584272,-0.00784567650408,0.0045529040508,-0.00598571496084,0.00585981411859,-0.00458317343146],[0.000158248629305,-0.00389976100996,0.00204202043824,0.00142181362025,-0.0032897060737,0.00407187035307,-0.000367197644664,-0.00784567650408,0.019995816052,-0.0132613694295,0.0104543650523,-0.00756295444444,0.00485501764342],[-0.000146290592966,0.00347727560438,-0.00190758111421,-0.00171729084104,0.00645772740245,-0.00418840255588,-0.0028201113455,0.0045529040508,-0.0132613694295,0.0259589441121,-0.0152305485681,0.00653622997925,-0.00233590393327],[0.000292737531709,-0.00553970085457,0.00500584952533,-0.00131578440778,-0.00433728052303,0.00131694949232,0.00443967431784,-0.00598571496084,0.0104543650523,-0.0152305485681,0.029203446582,-0.0125831728801,0.00133572809864],[-0.000356821197784,0.00577103346586,-0.00485639460385,0.000448168168077,0.00153018021956,-0.000241631263634,-0.00497922440991,0.00585981411859,-0.00756295444444,0.00653622997925,-0.0125831728801,0.0251336488873,-0.00779401883483],[0.000375343748601,-0.00376606849022,0.00223037344404,0.000808632699773,-0.0000700481614331,0.000944907194935,0.00298443203792,-0.00458317343146,0.00485501764342,-0.00233590393327,0.00133572809864,-0.00779401883483,0.0197009351104]],"mean":[-29.0206947327,98.8056411743,-84.1382751465,-18.4331989288,-18.2259273529,-16.8376483917,4.57563304901,-22.6187992096,-7.2857260704,-4.57084846497,-4.70486164093,-1.21099615097,-6.44454193115]},"hfc":{"dmean":41.1402397156,"dmean2":62.5739440918,"dvar":2694.36181641,"dvar2":6241.84667969,"max":1687.04162598,"mean":159.274749756,"median":146.550460815,"min":1.15939739003e-16,"var":14096.28125},"melbands":{"dmean":[0.00182125600986,0.000893683289178,0.000357986224117,0.000418240291765,0.000369670044165,0.000392557092709,0.000274204357993,0.000207624674658,0.000126152270241,0.000138432733365,0.000125926817418,0.000119002375868,0.0000841520886752,0.0000893268443178,0.000064527070208,0.0000347315290128,0.0000242408041231,0.0000149793213495,0.0000113117421279,0.00000902989086171,0.00000578102981308,0.00000481320284962,0.00000451134064861,0.00000518857314091,0.00000539243637832,0.00000530474426341,0.00000428392240792,0.00000279757387034,0.00000231081435231,0.0000018924977212,0.00000125107396798,9.1513334155e-7,5.42822249372e-7,3.77245271466e-7,2.85379400111e-7,2.15067700537e-7,1.90189226146e-7,1.33657010792e-7,6.77168543461e-8,2.51473011303e-8],"dmean2":[0.0029071897734,0.00146585900802,0.000590845593251,0.000675688148476,0.000587311922573,0.000621141749434,0.000428903236752,0.000323092681356,0.000201230970561,0.000224151895964,0.000203178016818,0.00019218106172,0.000136496222694,0.000143836077768,0.000105329156213,0.0000569078292756,0.0000399808523071,0.0000249818949669,0.0000191678664123,0.0000151824178829,0.00000968247513811,0.00000805124545877,0.00000750916069592,0.00000863155128172,0.00000888811155164,0.0000087405942395,0.00000705121328792,0.00000457198484582,0.00000366766198567,0.00000293539005725,0.00000189623403912,0.00000137246411214,8.12738107925e-7,5.62756667932e-7,4.25942062066e-7,3.2633673186e-7,2.82424679199e-7,1.97936330437e-7,1.00868433606e-7,3.99321713473e-8],"dvar":[0.0000155258658197,0.00000202060164156,2.7701960903e-7,5.85614998272e-7,0.00000110137671072,0.0000011010581602,6.36364177353e-7,3.12556579729e-7,8.65111076109e-8,1.10603892267e-7,9.95612907673e-8,1.13462206741e-7,3.83849290131e-8,4.31170548154e-8,2.57556447281e-8,4.85831996855e-9,2.32964625368e-9,7.50117634674e-10,4.80452455598e-10,3.77722242373e-10,1.90819388068e-10,2.00608293865e-10,2.39851027928e-10,2.75204831146e-10,4.44250025655e-10,3.11969616806e-10,2.08345174446e-10,9.39407371336e-11,5.02585334461e-11,4.7847722312e-11,1.25692746142e-11,5.48948213275e-12,1.54296269771e-12,6.67827284358e-13,4.52808173986e-13,2.91594276936e-13,2.24028735558e-13,9.99441889383e-14,2.34857485971e-14,2.10926746921e-15],"dvar2":[0.0000390656969103,0.00000513404211233,7.29049759229e-7,0.00000142568740102,0.00000254651536125,0.00000249394997809,0.00000139567816859,6.69523899433e-7,1.89881887991e-7,2.65576943548e-7,2.54456011817e-7,2.73503729886e-7,8.94620129088e-8,1.01461495206e-7,6.1227709125e-8,1.18352474487e-8,5.85949777587e-9,1.94352445249e-9,1.30004440546e-9,1.00802322045e-9,5.10017417188e-10,5.41213962535e-10,6.50591247542e-10,7.05303537796e-10,1.11025733052e-9,7.61756269174e-10,5.1216131336e-10,2.3486818046e-10,1.18679704952e-10,1.11293439742e-10,2.5465140413e-11,1.11790411997e-11,3.33541918043e-12,1.45737577822e-12,9.96305251841e-13,6.49616536778e-13,4.77994217558e-13,2.06951670427e-13,4.8174121349e-14,4.82269135244e-15],"max":[0.0517312139273,0.0210207458586,0.0086658122018,0.0193731300533,0.0341661646962,0.0349495969713,0.023906128481,0.0185100995004,0.0127834230661,0.006800676696,0.00936576444656,0.0139626218006,0.00508879264817,0.0084869004786,0.00488745281473,0.0019773656968,0.00137091847137,0.0006829322665,0.000546233088244,0.000390618806705,0.000250597193372,0.000379030359909,0.000545766612049,0.000596272060648,0.00120394595433,0.000552373356186,0.000419629621319,0.000446314312285,0.000328625872498,0.000406766688684,0.000106267580122,0.0000767062083469,0.000033761443774,0.000016007305021,0.00000828324937174,0.00000897679456102,0.00000780585742177,0.00000555072165298,0.00000257260671788,7.14755628906e-7],"mean":[0.00226771808229,0.00130862928927,0.000603684980888,0.000706084887497,0.000596262980253,0.000671312620398,0.000467729696538,0.000336853263434,0.000203508723644,0.000223615395953,0.000193047206267,0.000180673479917,0.000133949099109,0.000162896118127,0.000119691190775,0.00005898073141,0.0000410228749388,0.0000248128344538,0.0000179732360266,0.0000130229818751,0.00000796896983957,0.00000598816222919,0.00000546337651031,0.00000644738202027,0.0000066729990067,0.00000641053884465,0.00000531789282832,0.00000382291682399,0.00000360937269761,0.00000308615290123,0.00000204271645998,0.00000155947554958,9.17074203244e-7,6.02082025125e-7,4.04522182862e-7,2.88709884444e-7,2.53278926721e-7,1.77015877512e-7,8.76063168676e-8,2.91642177075e-8],"median":[0.000799133908004,0.000695474154782,0.000390289176721,0.000403609068599,0.000251974328421,0.000188856647583,0.000139368145028,0.0000942795013543,0.0000780484551797,0.0000799823974376,0.0000700251621311,0.0000614627206232,0.0000584678637097,0.0000698270450812,0.0000499630041304,0.0000299027415167,0.0000216515618376,0.0000150502928591,0.0000110231721919,0.00000652571270621,0.00000369207509721,0.00000227662667385,0.00000165003325492,0.0000017141344415,0.00000190301898328,0.00000188176431948,0.00000141602572512,9.94352149064e-7,9.30741748562e-7,7.59009367357e-7,4.56654049685e-7,3.84655493235e-7,2.28044029882e-7,1.1805856559e-7,6.90966430739e-8,4.02932656129e-8,2.31324932543e-8,1.61402962107e-8,1.19019514244e-8,8.5153191165e-9],"min":[7.44107406118e-24,4.19193900831e-24,1.19888847899e-23,6.83859653318e-24,8.65030632102e-24,1.26831462842e-23,1.42047564185e-23,5.95476979117e-24,3.29983731262e-24,9.23936295845e-24,8.1490609464e-24,8.68346687803e-24,1.54168995751e-23,9.73938717639e-24,6.46063315753e-24,5.05810276021e-24,5.03762669213e-24,4.81358230643e-24,1.37395809199e-23,2.43324666864e-23,1.35737008265e-23,5.9080940747e-24,6.49439837643e-24,1.53179196196e-23,1.4426249628e-23,1.55765161129e-23,7.26497427473e-24,5.1470977088e-24,9.77517937338e-24,1.67961045387e-23,9.36448655321e-24,1.21358913862e-23,1.06814354031e-23,1.05771322142e-23,1.11339701945e-23,1.09086415433e-23,8.36335816675e-24,1.09188494034e-23,1.18791013843e-23,1.23665227604e-23],"var":[0.0000164824905369,0.00000309372967422,5.06006529122e-7,0.00000111507119982,0.00000206444588002,0.00000312300358019,0.00000140777842716,7.93665265064e-7,1.79974961156e-7,2.41958019842e-7,1.6909618239e-7,1.98771957116e-7,7.50230384483e-8,1.33079183229e-7,8.7417880934e-8,1.01918251616e-8,4.76531392124e-9,1.23974908117e-9,5.64275237647e-10,4.24869001092e-10,1.89976714915e-10,1.85137932762e-10,2.28648378009e-10,3.21694754168e-10,4.83396600526e-10,3.25432181203e-10,2.25178514723e-10,1.09925811509e-10,8.23937029715e-11,8.36626809497e-11,2.66730908194e-11,1.23614781605e-11,3.32713587584e-12,1.36491946218e-12,7.55781234037e-13,4.3931817819e-13,3.68459738631e-13,1.75838307131e-13,4.13340389205e-14,2.95310689049e-15]},"melbands_crest":{"dmean":4.10767889023,"dmean2":6.66000652313,"dvar":13.822807312,"dvar2":34.8599777222,"max":39.7119102478,"mean":14.4139194489,"median":13.2802085876,"min":2.40598034859,"var":36.5016784668},"melbands_flatness_db":{"dmean":0.0305015724152,"dmean2":0.0473392046988,"dvar":0.000720959738828,"dvar2":0.00164215150289,"max":0.594911396503,"mean":0.246607333422,"median":0.246195137501,"min":0.00635239295661,"var":0.0031773855444},"melbands_kurtosis":{"dmean":5.6934967041,"dmean2":9.12098121643,"dvar":267.99130249,"dvar2":642.802429199,"max":920.588012695,"mean":10.8001947403,"median":4.20958328247,"min":-1.80795741081,"var":1794.98547363},"melbands_skewness":{"dmean":0.692410349846,"dmean2":1.07575535774,"dvar":0.573853611946,"dvar2":1.33954823017,"max":28.475818634,"mean":2.10104703903,"median":1.76961708069,"min":-1.83904707432,"var":3.91014862061},"melbands_spread":{"dmean":5.0930314064,"dmean2":8.05734729767,"dvar":40.6921463013,"dvar2":87.9620285034,"max":133.489074707,"mean":17.6394348145,"median":15.942946434,"min":0.266486793756,"var":119.76525116},"mfcc":{"cov":[[13158.4267578,674.323364258,-854.445739746,992.028259277,-714.244506836,346.964111328,-72.7285766602,97.6643981934,-87.1243591309,89.1742782593,-24.2620353699,144.327682495,-54.6363067627],[674.323364258,1767.34484863,-315.824371338,-256.043243408,-29.6198558807,-31.6524982452,-40.7258377075,-147.782104492,-0.623817443848,-75.1881637573,9.06268215179,-127.150939941,28.1218090057],[-854.445739746,-315.824371338,531.369873047,-110.038887024,117.610115051,-41.5642471313,-2.15924668312,17.7759494781,15.4423618317,30.6478595734,-15.0838718414,33.5447883606,-20.993927002],[992.028259277,-256.043243408,-110.038887024,519.156677246,-97.6024017334,48.354549408,5.71960258484,67.6692428589,-7.23444271088,22.0014820099,20.6025447845,19.6191978455,5.92972278595],[-714.244506836,-29.6198558807,117.610115051,-97.6024017334,269.777984619,1.34395456314,62.9071426392,38.2968292236,4.58434200287,16.6430511475,-9.01587963104,11.8376703262,4.5756893158],[346.964111328,-31.6524982452,-41.5642471313,48.354549408,1.34395456314,184.289657593,62.0949935913,35.4984169006,-2.89889645576,5.33797693253,-0.132423549891,29.144952774,15.4824895859],[-72.7285766602,-40.7258377075,-2.15924668312,5.71960258484,62.9071426392,62.0949935913,138.651748657,42.8302192688,-3.00035429001,-2.65791964531,-3.73925185204,14.5427427292,11.3867444992],[97.6643981934,-147.782104492,17.7759494781,67.6692428589,38.2968292236,35.4984169006,42.8302192688,117.658096313,22.9806804657,30.1938552856,-0.121636398137,20.0001296997,-2.93443083763],[-87.1243591309,-0.623817443848,15.4423618317,-7.23444271088,4.58434200287,-2.89889645576,-3.00035429001,22.9806804657,82.6376190186,29.3148040771,19.9876670837,5.32214355469,-0.126163899899],[89.1742782593,-75.1881637573,30.6478595734,22.0014820099,16.6430511475,5.33797693253,-2.65791964531,30.1938552856,29.3148040771,84.2276306152,27.1996116638,20.9838294983,-1.11148917675],[-24.2620353699,9.06268215179,-15.0838718414,20.6025447845,-9.01587963104,-0.132423549891,-3.73925185204,-0.121636398137,19.9876670837,27.1996116638,69.1473770142,21.9644489288,12.505815506],[144.327682495,-127.150939941,33.5447883606,19.6191978455,11.8376703262,29.144952774,14.5427427292,20.0001296997,5.32214355469,20.9838294983,21.9644489288,75.1008987427,17.3487854004],[-54.6363067627,28.1218090057,-20.993927002,5.92972278595,4.5756893158,15.4824895859,11.3867444992,-2.93443083763,-0.126163899899,-1.11148917675,12.505815506,17.3487854004,52.3230819702]],"icov":[[0.000135693437187,-0.000128605999635,0.000104033781099,-0.000209663718124,0.000272905279417,-0.000128002327983,0.0000413029702031,-0.0000860459476826,0.000158561422722,-0.000280589301838,0.000366625463357,-0.00057508982718,0.000373989867512],[-0.000128605999635,0.000992328161374,0.000379979523132,0.000598059210461,-0.000408338790294,-0.0000424232275691,0.0000568863906665,0.000695767928846,-0.000418643845478,0.000505265779793,-0.000811555772088,0.00182146136649,-0.000908293121029],[0.000104033781099,0.000379979523132,0.00274393288419,0.000388085260056,-0.000733708089683,0.000371191650629,0.000348026427673,0.00024404306896,-0.000270010437816,-0.000697670562658,0.000988755375147,-0.00136291608214,0.00105377414729],[-0.000209663718124,0.000598059210461,0.000388085260056,0.0030083518941,0.000498031091411,-0.0000987399107544,0.000129472158733,-0.00143777905032,0.000529396231286,0.000172650063178,-0.00135775026865,0.00130514800549,-0.000952021742705],[0.000272905279417,-0.000408338790294,-0.000733708089683,0.000498031091411,0.00579507509246,0.000374083843781,-0.00212696311064,-0.00171465496533,0.000887121597771,-0.00154164282139,0.00121102051344,-0.00118932663463,-0.0000228660992434],[-0.000128002327983,-0.0000424232275691,0.000371191650629,-0.0000987399107544,0.000374083843781,0.00734550552443,-0.00292878923938,-0.000888574984856,0.000146107224282,-0.000154709603521,0.000835993676446,-0.00202932069078,-0.00109933956992],[0.0000413029702031,0.0000568863906665,0.000348026427673,0.000129472158733,-0.00212696311064,-0.00292878923938,0.0105844000354,-0.00294407107867,0.000676050141919,0.00172460521571,-0.000294724974083,-0.000150983949425,-0.00111959816422],[-0.0000860459476826,0.000695767928846,0.00024404306896,-0.00143777905032,-0.00171465496533,-0.000888574984856,-0.00294407107867,0.0137266907841,-0.00357133289799,-0.00287678604946,0.002165496815,-0.000731561391149,0.00127573462669],[0.000158561422722,-0.000418643845478,-0.000270010437816,0.000529396231286,0.000887121597771,0.000146107224282,0.000676050141919,-0.00357133289799,0.0154522405937,-0.00395768508315,-0.00305975996889,0.000429678766523,0.000296051468467],[-0.000280589301838,0.000505265779793,-0.000697670562658,0.000172650063178,-0.00154164282139,-0.000154709603521,0.00172460521571,-0.00287678604946,-0.00395768508315,0.0178155954927,-0.00629276875407,-0.000662061793264,0.000872363161761],[0.000366625463357,-0.000811555772088,0.000988755375147,-0.00135775026865,0.00121102051344,0.000835993676446,-0.000294724974083,0.002165496815,-0.00305975996889,-0.00629276875407,0.0213826783001,-0.00708633102477,-0.00170021713711],[-0.00057508982718,0.00182146136649,-0.00136291608214,0.00130514800549,-0.00118932663463,-0.00202932069078,-0.000150983949425,-0.000731561391149,0.000429678766523,-0.000662061793264,-0.00708633102477,0.0229310542345,-0.00750050507486],[0.000373989867512,-0.000908293121029,0.00105377414729,-0.000952021742705,-0.0000228660992434,-0.00109933956992,-0.00111959816422,0.00127573462669,0.000296051468467,0.000872363161761,-0.00170021713711,-0.00750050507486,0.0240764841437]],"mean":[-693.391906738,166.603378296,-10.40899086,18.4110908508,-10.7763118744,17.51820755,4.91886472702,1.53283846378,-2.39849758148,1.95625209808,-0.383218556643,-0.219860717654,0.983252763748]},"pitch_salience":{"dmean":0.0718036815524,"dmean2":0.11601036787,"dvar":0.00401477934793,"dvar2":0.0100382491946,"max":0.827334940434,"mean":0.576077580452,"median":0.593165934086,"min":0.0150126237422,"var":0.0133635373786},"silence_rate_20dB":{"dmean":0,"dmean2":0,"dvar":0,"dvar2":0,"max":1,"mean":1,"median":1,"min":1,"var":0},"silence_rate_30dB":{"dmean":0.0290566403419,"dmean2":0.0581189878285,"dvar":0.0282132476568,"dvar2":0.0680884644389,"max":1,"mean":0.972909331322,"median":1,"min":0,"var":0.0263554565609},"silence_rate_60dB":{"dmean":0.0123687051237,"dmean2":0.0247398391366,"dvar":0.0122153507546,"dvar2":0.0268750023097,"max":1,"mean":0.109933257103,"median":0,"min":0,"var":0.0978484749794},"spectral_centroid":{"dmean":203.089248657,"dmean2":309.222900391,"dvar":87981.3671875,"dvar2":168973.578125,"max":10924.7822266,"mean":983.666259766,"median":839.878112793,"min":231.664367676,"var":289430.75},"spectral_complexity":{"dmean":3.57396674156,"dmean2":5.51894760132,"dvar":22.7368106842,"dvar2":47.3097915649,"max":58,"mean":17.5110912323,"median":18,"min":0,"var":94.5171813965},"spectral_contrast_coeffs":{"dmean":[0.0538312233984,0.0486308373511,0.0383813306689,0.0278915930539,0.0208185072988,0.0384557358921],"dmean2":[0.0891918987036,0.0809007138014,0.0638718828559,0.046585034579,0.0339005291462,0.0606176964939],"dvar":[0.00186487042811,0.00153566640802,0.000952293921728,0.000499215559103,0.000331286981236,0.0013066137908],"dvar2":[0.0048285680823,0.00418255617842,0.00261228089221,0.00136730563827,0.000816142070107,0.00311171542853],"max":[-0.355442583561,-0.424984753132,-0.541678667068,-0.580223798752,-0.679609894753,-0.397846460342],"mean":[-0.679625928402,-0.763783574104,-0.792231500149,-0.809598863125,-0.83074259758,-0.7487424016],"median":[-0.683499157429,-0.77246928215,-0.798029899597,-0.812807440758,-0.830325186253,-0.746844112873],"min":[-0.962500572205,-0.951610803604,-0.973543941975,-0.963171839714,-0.964853465557,-0.958728849888],"var":[0.0070369024761,0.00541775580496,0.00318933394738,0.00193593918812,0.00128377915826,0.00633487990126]},"spectral_contrast_valleys":{"dmean":[0.415900498629,0.340041995049,0.30338087678,0.284629195929,0.323947072029,0.593317866325],"dmean2":[0.670351326466,0.55567753315,0.488195985556,0.450341910124,0.4777110219,0.912113785744],"dvar":[0.136997804046,0.0913239493966,0.0785113424063,0.0920019969344,0.156177833676,0.278149962425],"dvar2":[0.30837264657,0.207029953599,0.1676081568,0.186476513743,0.285923480988,0.6425319314],"max":[-5.0805850029,-4.59528970718,-5.12984609604,-5.52303934097,-5.518866539,-8.95330905914],"mean":[-7.19098043442,-6.61353492737,-6.95203065872,-7.64279222488,-8.12874317169,-11.3179159164],"median":[-6.87486934662,-6.32063388824,-6.60134029388,-7.27274036407,-7.77476406097,-11.1035881042],"min":[-27.4545478821,-27.4339179993,-26.7963199615,-27.1331481934,-27.127035141,-27.2842311859],"var":[1.81970763206,1.78900945187,1.78600096703,1.81593751907,2.09901499748,1.85638701916]},"spectral_decrease":{"dmean":2.99676128357e-9,"dmean2":4.54493731539e-9,"dvar":2.05341647909e-17,"dvar2":4.67873835452e-17,"max":1.34126958429e-8,"mean":-5.97157967519e-9,"median":-4.14813694505e-9,"min":-5.96889861981e-8,"var":4.37474815592e-17},"spectral_energy":{"dmean":0.0122696319595,"dmean2":0.0182787403464,"dvar":0.000321516854456,"dvar2":0.000715756497812,"max":0.245869472623,"mean":0.0369848459959,"median":0.0309824198484,"min":1.06970786789e-20,"var":0.000951480411459},"spectral_energyband_high":{"dmean":0.000424937868956,"dmean2":0.000611186376773,"dvar":0.00000103754382508,"dvar2":0.00000217785373025,"max":0.0306890774518,"mean":0.000864285218995,"median":0.000317428959534,"min":7.86768154427e-21,"var":0.00000228166504712},"spectral_energyband_low":{"dmean":0.00744852889329,"dmean2":0.0117148738354,"dvar":0.000202778595849,"dvar2":0.000488723570015,"max":0.178637832403,"mean":0.0111554218456,"median":0.0057223783806,"min":4.41669179109e-23,"var":0.000263814814389},"spectral_energyband_middle_high":{"dmean":0.00219038268551,"dmean2":0.00341543345712,"dvar":0.0000133923813337,"dvar2":0.0000320177641697,"max":0.095619276166,"mean":0.00555752497166,"median":0.00353407370858,"min":1.64778639132e-21,"var":0.0000471533749078},"spectral_energyband_middle_low":{"dmean":0.00487063219771,"dmean2":0.00747892027721,"dvar":0.000067699867941,"dvar2":0.000153431974468,"max":0.209316596389,"mean":0.0129466522485,"median":0.00800559297204,"min":2.64696761031e-22,"var":0.000245496805292},"spectral_entropy":{"dmean":0.185299873352,"dmean2":0.273822188377,"dvar":0.0325922928751,"dvar2":0.0639590993524,"max":9.80252933502,"mean":7.39820766449,"median":7.40546321869,"min":5.48810434341,"var":0.197645500302},"spectral_flux":{"dmean":0.0237052943558,"dmean2":0.0377867333591,"dvar":0.000884804467205,"dvar2":0.00202411599457,"max":0.377358853817,"mean":0.100272618234,"median":0.0978607088327,"min":1.03426683884e-10,"var":0.0031980718486},"spectral_kurtosis":{"dmean":5.81276702881,"dmean2":8.82051753998,"dvar":54.7246055603,"dvar2":129.746276855,"max":119.88067627,"mean":22.0059299469,"median":18.7639846802,"min":-1.21055781841,"var":176.024658203},"spectral_rms":{"dmean":0.000880323408637,"dmean2":0.00127924524713,"dvar":0.00000107827133888,"dvar2":0.00000224093082579,"max":0.015487822704,"mean":0.00539278518409,"median":0.00549788586795,"min":3.23050679089e-12,"var":0.00000700066129866},"spectral_rolloff":{"dmean":4533.91748047,"dmean2":8590.94726562,"dvar":56459828,"dvar2":131626504,"max":22028.4667969,"mean":15448.3828125,"median":21059.4726562,"min":21.533203125,"var":79684512},"spectral_skewness":{"dmean":0.42773360014,"dmean2":0.636193573475,"dvar":0.241886302829,"dvar2":0.529813110828,"max":8.99910259247,"mean":3.29406452179,"median":3.09619855881,"min":0.023518441245,"var":1.1682407856},"spectral_spread":{"dmean":575374.8125,"dmean2":847792.25,"dvar":460130877440,"dvar2":769960181760,"max":40918424,"mean":4201469,"median":3937824.5,"min":1474167.25,"var":1953331544060},"spectral_strongpeak":{"dmean":4.48010349274,"dmean2":8.28009223938,"dvar":192.432922363,"dvar2":498.735626221,"max":224.443786621,"mean":4.35048246384,"median":0.319676965475,"min":0,"var":205.046646118},"zerocrossingrate":{"dmean":0.0397890992463,"dmean2":0.0493424348533,"dvar":0.00117976765614,"dvar2":0.00169720267877,"max":0.82763671875,"mean":0.304264068604,"median":0.29541015625,"min":0,"var":0.0099964523688}},"metadata":{"audio_properties":{"analysis_sample_rate":44100,"bit_rate":320000,"codec":"mp3","downmix":"mix","equal_loudness":0,"length":236.538772583,"lossless":false,"md5_encoded":"37bdebb18a1039caff328151d954214c","replay_gain":-1.30673408508},"tags":{"album":["The Revölution by Night"],"albumartist":["Blue Öyster Cult"],"albumartistsort":["Blue Öyster Cult"],"artist":["Blue Öyster Cult"],"artistsort":["Blue Öyster Cult"],"asin":["B0000025WW"],"barcode":["074643894722"],"catalognumber":["CK 38947"],"date":["1983"],"discnumber":["1/1"],"file_name":"02 Eyes on Fire.mp3","label":["Columbia Records"],"language":["eng"],"media":["CD"],"mp3gain_album_minmax":["124,182"],"mp3gain_minmax":["125,181"],"musicbrainz album release country":["US"],"musicbrainz album status":["official"],"musicbrainz album type":["album"],"musicbrainz_albumartistid":["c7423e0c-ab3e-4ab4-be10-cdff5a9d3062"],"musicbrainz_albumid":["f27f74e8-8732-46ee-bb52-ee468efbc317"],"musicbrainz_artistid":["c7423e0c-ab3e-4ab4-be10-cdff5a9d3062"],"musicbrainz_recordingid":["5ceb1bc6-0968-4933-8ba1-ab657bb23ff8"],"originaldate":["1983"],"replaygain_album_gain":["-0.11 dB"],"replaygain_album_peak":["0.714369"],"replaygain_track_gain":["-0.40 dB"],"replaygain_track_peak":["0.714369"],"script":["Latn"],"title":["Eyes on Fire"],"tracknumber":["2/9"]},"version":{"essentia":"2.1-beta1","essentia_build_sha":"bda5e90839f2e183d44a111976edb2fa785c9dca","essentia_git_sha":"v2.1_beta1-13-g0c62dac-dirty","extractor":"music 1.0"}},"rhythm":{"beats_count":507,"beats_loudness":{"dmean":0.0238107983023,"dmean2":0.0424228012562,"dvar":0.000553677498829,"dvar2":0.00164354394656,"max":0.223233699799,"mean":0.0564985126257,"median":0.0561401881278,"min":1.90725558014e-7,"var":0.00132944830693},"beats_loudness_band_ratio":{"dmean":[0.185641154647,0.08972954005,0.0861104205251,0.0644950568676,0.0148562444374,0.0867039710283],"dmean2":[0.321680814028,0.158054456115,0.154630705714,0.11136417836,