{"lowlevel":{"average_loudness":0.172878727317,"barkbands":{"dmean":[0.000161164658493,0.00383031764068,0.00200342643075,0.00156229722779,0.00237323809415,0.00135098746978,0.000728877144866,0.000373564544134,0.000413414061768,0.000242117632297,0.000126759288833,0.00014953664504,0.0000849916032166,0.0000578162580496,0.0000761783448979,0.000117193616461,0.000182397881872,0.0000869564246386,0.000020842462618,0.0000279266932921,0.0000142449143823,0.0000198037796508,0.0000376770221919,0.0000547423005628,0.0000615061362623,0.0000113865062303,8.1290579601e-7],"dmean2":[0.00024676261819,0.00641110958531,0.00335275311954,0.00260134064592,0.00391860958189,0.00220010336488,0.00112161459401,0.000560799089726,0.000618472404312,0.000366143765859,0.000186013625353,0.000222959046368,0.000133020221256,0.0000891607851372,0.000118071096949,0.000185287586646,0.000291089731036,0.000136762741022,0.0000326523550029,0.0000419229327235,0.0000207913362829,0.0000272155102721,0.0000529900898982,0.0000759265240049,0.0000896858909982,0.0000159209594131,0.00000114464637591],"dvar":[1.51255690639e-7,0.0000914692864171,0.0000311447402055,0.0000120748800327,0.0000214850442717,0.0000149209236042,0.00000428932935392,0.00000207447737921,0.00000628935640634,0.00000150766868501,7.79431047704e-7,7.30544684302e-7,3.44742403513e-7,7.00568847378e-8,2.63057444272e-7,4.72322085443e-7,0.00000194142876353,1.58405526918e-7,6.03901817442e-9,9.83283232614e-9,4.88367213336e-9,1.29895676437e-8,7.12350498588e-8,1.3249876929e-7,2.06207843689e-7,4.82323869733e-9,2.35954727978e-11],"dvar2":[3.31266619469e-7,0.000251332181506,0.0000858344137669,0.0000330950460921,0.000058091005485,0.0000399560194637,0.00000970590190263,0.00000440238318333,0.0000148187209561,0.00000318308343594,0.00000153747112108,0.00000145525109474,8.00804002665e-7,1.57426711667e-7,6.27221368177e-7,0.00000112480483949,0.0000050005560297,3.98961788051e-7,1.41907241513e-8,2.10976160986e-8,1.01541273168e-8,2.3726704157e-8,1.40589236253e-7,2.45954993261e-7,4.45373586899e-7,8.96137564155e-9,4.53204314355e-11],"max":[0.00698605272919,0.200679734349,0.118578478694,0.0741882845759,0.0953131094575,0.0900258272886,0.0659368410707,0.0870685726404,0.160593867302,0.0699888914824,0.0513276234269,0.0442111380398,0.0377246625721,0.0167826041579,0.0309302080423,0.0267843548208,0.0812713429332,0.0135250668973,0.00342613970861,0.00417761784047,0.00284069241025,0.00511375721544,0.0114280404523,0.0136160627007,0.021723780781,0.0023866861593,0.000179652342922],"mean":[0.000223820767133,0.0075523275882,0.00314762094058,0.00210690917447,0.00407448550686,0.00232340977527,0.00140821328387,0.000739610812161,0.000917994359042,0.000494221574627,0.000221261987463,0.000279934931314,0.00015784840798,0.000102366837382,0.000121291966934,0.000184210352018,0.000570182397496,0.000151078085764,0.0000422332013841,0.0000557015810045,0.0000244668644882,0.000033473745134,0.0000632710434729,0.0000883928732947,0.000090893045126,0.0000181443883776,0.00000118328159715],"median":[0.0000298461927741,0.00293001532555,0.000711060245521,0.000718128751032,0.00160938699264,0.000659947108943,0.000263365742285,0.0000985354781733,0.0000981544726528,0.0000503623159602,0.0000144598889165,0.0000254885744653,0.0000187957193702,0.0000123336576507,0.0000147849414134,0.0000172413183464,0.0000110560049507,0.0000130851058202,0.00000773764622863,0.00000585016596233,0.00000293078460345,0.00000167587006672,0.00000169134193584,0.00000170994280779,0.00000146138438595,3.85214690368e-7,3.97056822976e-8],"min":[1.20267749132e-25,2.30425639326e-24,6.0991116153e-25,5.07738143605e-25,4.55749202419e-24,5.35065734894e-24,2.28200676865e-24,8.43117496105e-24,1.03635189362e-23,1.39628301338e-23,8.92687306578e-24,1.26148861501e-23,2.06641767024e-23,2.90436970514e-23,4.33272259644e-23,4.3950457634e-23,5.87103859586e-23,5.05754030239e-23,1.19384947219e-22,1.44865053483e-22,1.7416453395e-22,3.27789805744e-22,3.82997472578e-22,5.37707787838e-22,7.60506139331e-22,1.28526307778e-21,1.95771800175e-21],"var":[2.34754580219e-7,0.000148143866681,0.0000503484043293,0.0000164578959811,0.0000422686971433,0.0000245476730925,0.0000143635652421,0.0000062809181145,0.0000208686396945,0.00000467060590381,0.0000023646371119,0.00000179830544766,8.50644255479e-7,1.83066958925e-7,3.43497589483e-7,7.00086388861e-7,0.0000149666229845,3.07959624024e-7,1.77363919107e-8,2.56407339805e-8,1.13138884927e-8,3.31577609813e-8,2.13079019318e-7,3.26250273019e-7,3.71210830963e-7,1.05376667392e-8,4.63370487813e-11]},"barkbands_crest":{"dmean":2.56570339203,"dmean2":4.22568368912,"dvar":5.72397947311,"dvar2":15.2141141891,"max":26.2376880646,"mean":12.9558677673,"median":12.2903375626,"min":3.21642923355,"var":23.3731899261},"barkbands_flatness_db":{"dmean":0.0240608081222,"dmean2":0.0361821949482,"dvar":0.000563833105844,"dvar2":0.00118276616558,"max":0.527877569199,"mean":0.228423386812,"median":0.22077652812,"min":0.0356820225716,"var":0.00653323018923},"barkbands_kurtosis":{"dmean":7.76999664307,"dmean2":12.3464136124,"dvar":301.555725098,"dvar2":701.324157715,"max":777.086730957,"mean":16.2389965057,"median":8.10338401794,"min":-1.96322906017,"var":848.675048828},"barkbands_skewness":{"dmean":0.722390830517,"dmean2":1.13032066822,"dvar":0.784804880619,"dvar2":1.83806741238,"max":19.2621994019,"mean":2.51725745201,"median":2.26651859283,"min":-4.12625789642,"var":3.70490503311},"barkbands_spread":{"dmean":3.41407513618,"dmean2":5.18619966507,"dvar":57.6365394592,"dvar2":111.220336914,"max":133.209564209,"mean":11.4678125381,"median":7.06350564957,"min":0.126564994454,"var":244.967041016},"dissonance":{"dmean":0.0278368592262,"dmean2":0.0465574339032,"dvar":0.000681798206642,"dvar2":0.00189552560914,"max":0.500000119209,"mean":0.426644831896,"median":0.43593776226,"min":0.140174761415,"var":0.00234315241687},"dynamic_complexity":4.93289279938,"erbbands":{"dmean":[0.113429546356,0.897652387619,2.1243724823,3.7435541153,8.4460477829,6.27797746658,8.96634864807,11.9317760468,12.8493976593,6.96547412872,7.4025759697,10.4353761673,7.41592788696,5.56634616852,5.77429199219,6.01303625107,3.92220425606,3.0504283905,3.18684363365,4.3421254158,6.9997677803,9.3949098587,4.87837600708,1.39502835274,1.15316367149,1.28236067295,0.774185240269,0.52400636673,0.648640275002,0.956229686737,1.08563792706,0.959908127785,1.04919195175,0.85310035944,0.346388876438,0.0828846395016,0.0152648892254,0.00188217661344,0.000149773593876,0.0000133793510031],"dmean2":[0.187646493316,1.51588892937,3.54551792145,6.17268133163,14.0962171555,10.2906188965,14.8336277008,19.4631824493,19.9858531952,10.4998836517,11.200717926,15.5125246048,11.58203125,8.19796180725,8.39503383636,9.07141494751,6.08340740204,4.7012462616,4.79585075378,6.59039545059,10.5274343491,13.8733873367,7.36031389236,2.12839508057,1.79546654224,1.91882038116,1.1515390873,0.75536519289,0.916224122047,1.36389422417,1.51682472229,1.31404387951,1.47747170925,1.25588953495,0.494496136904,0.116711772978,0.0212068539113,0.00256264093332,0.000208718396607,0.0000202899100259],"dvar":[0.0714544430375,5.36192274094,31.8669986725,85.2938537598,305.373046875,151.732131958,542.602111816,1303.20068359,1410.79199219,555.473144531,529.044677734,5291.59814453,1572.7331543,627.942077637,2198.4050293,1168.37548828,969.060546875,181.837509155,544.358032227,489.302978516,1797.53356934,4901.37207031,468.625274658,27.10222435,17.8063030243,21.8153400421,12.804974556,8.4058008194,13.5035667419,49.6005172729,57.6277122498,39.3015174866,49.6326751709,43.087223053,6.12477827072,0.253477722406,0.0100112557411,0.000119833428471,7.89013427038e-7,9.65918345308e-10],"dvar2":[0.191875994205,14.9135417938,87.6677703857,242.098236084,809.276306152,398.613891602,1438.31079102,3474.93041992,3311.97143555,1219.9864502,1253.93884277,12381.03125,3550.5234375,1283.10510254,4398.36767578,2408.75756836,2231.72631836,458.81350708,1293.39233398,1039.95727539,4076.56982422,10778.0625,1075.77819824,65.4711456299,42.5239715576,47.0010948181,27.0965385437,18.3514537811,26.5610179901,101.19229126,110.967163086,67.5732727051,91.2164001465,95.8047103882,13.0683784485,0.465451061726,0.0202211663127,0.0002277923777,0.00000147562047914,2.01090677443e-9],"max":[6.238925457,52.0635566711,130.816101074,254.622848511,437.573822021,271.03729248,620.698120117,853.236633301,1149.40600586,1293.75024414,792.8828125,4872.65234375,2433.36157227,1302.73486328,3443.2734375,2023.46276855,2047.76025391,800.79864502,1661.03918457,1236.28063965,1623.08361816,4885.55761719,907.369750977,245.658660889,176.219818115,221.40586853,175.332641602,144.249023438,162.208908081,424.77722168,377.202392578,260.415649414,270.700500488,322.143768311,138.018417358,17.274438858,4.27481508255,0.343366026878,0.0433388091624,0.00117102707736],"mean":[0.207702472806,1.71879947186,3.56472182274,5.93074893951,11.9018220901,11.6772241592,15.4276990891,20.2159862518,25.034910202,13.9727478027,15.6492214203,23.7429733276,17.4505825043,10.9943246841,12.1437368393,11.6289596558,7.87772703171,6.10327196121,5.53023481369,8.4632434845,16.5695152283,27.4091281891,10.630238533,3.07753324509,2.49824523926,2.62764286995,1.39190328121,0.897765994072,1.11401391029,1.52261304855,1.8464012146,1.61232328415,1.64157605171,1.24961233139,0.497022718191,0.128824397922,0.0245910771191,0.00307826790959,0.000232440725085,0.0000359007717634],"median":[0.067384056747,0.64476031065,1.20076239109,2.15573716164,4.56759023666,3.9200232029,4.00700855255,4.90808534622,5.11837148666,2.76371955872,3.07068872452,2.95048999786,2.18912196159,1.37469565868,0.903973996639,1.26524364948,1.21181333065,1.02735984325,0.893432497978,0.981710612774,0.972240269184,0.696596384048,0.768654823303,0.472397267818,0.422830343246,0.299504905939,0.190199628472,0.0833325013518,0.0621678605676,0.0533140897751,0.0483456067741,0.0384405069053,0.0258493088186,0.0193564370275,0.0082639362663,0.00229402096011,0.000595660996623,0.00011770662968,0.0000178264162969,0.0000203053568839],"min":[7.41800808386e-23,1.75717554948e-22,1.7941955422e-21,5.44403507935e-21,9.84773705763e-21,1.6388242852e-20,3.8071158945e-20,6.03445252834e-20,3.85894005235e-20,1.79936159209e-19,2.42669821208e-19,2.25067598719e-19,2.87418715534e-19,6.35696417457e-19,5.00944766564e-19,8.59718330634e-19,1.25273070972e-18,1.73995415258e-18,1.8356355816e-18,2.89365893526e-18,3.91954073866e-18,4.02679959433e-18,3.20207260627e-18,5.54719643769e-18,5.64455435502e-18,7.504365324e-18,7.30034205309e-18,1.05741260486e-17,1.0149702985e-17,1.08888302214e-17,9.31311319299e-18,1.04221183761e-17,9.0586327319e-18,6.78414785004e-18,4.945809249e-18,4.20399781156e-18,2.19746402707e-18,9.02414550421e-19,2.58584776194e-19,2.60040187557e-20],"var":[0.115596391261,8.39333724976,48.1958961487,134.533843994,426.597961426,448.605285645,1000.80828857,2096.07983398,4670.64013672,1647.56958008,1515.2532959,16053.6523438,5787.87890625,1788.80529785,7975.66162109,2790.32568359,2398.07202148,471.381500244,618.779541016,1140.78283691,8514.44042969,34013.5585938,1807.50524902,67.4063415527,59.9609985352,56.8233985901,29.3721466064,17.669128418,33.1455764771,109.129562378,186.656326294,110.585662842,117.424682617,74.6887207031,11.0809679031,0.572429299355,0.0194099619985,0.000260757369688,0.00000160333274835,2.79139644732e-9]},"erbbands_crest":{"dmean":2.61636090279,"dmean2":4.21154308319,"dvar":6.2943649292,"dvar2":15.263964653,"max":31.888885498,"mean":11.6397027969,"median":10.5334205627,"min":2.15528512001,"var":26.7892303467},"erbbands_flatness_db":{"dmean":0.0184132065624,"dmean2":0.0267461165786,"dvar":0.000319617567584,"dvar2":0.000649774912745,"max":0.43506449461,"mean":0.191404446959,"median":0.186691746116,"min":0.0305528044701,"var":0.00312102842145},"erbbands_kurtosis":{"dmean":1.739595294,"dmean2":2.71798491478,"dvar":7.90546894073,"dvar2":17.218914032,"max":90.4660110474,"mean":2.62985181808,"median":1.02345275879,"min":-1.87603676319,"var":30.1469402313},"erbbands_skewness":{"dmean":0.435236692429,"dmean2":0.658635556698,"dvar":0.209813982248,"dvar2":0.437802016735,"max":7.63278388977,"mean":0.934912145138,"median":0.912758708,"min":-5.7776799202,"var":1.28921675682},"erbbands_spread":{"dmean":7.30002355576,"dmean2":11.2518539429,"dvar":119.476333618,"dvar2":269.895782471,"max":180.413162231,"mean":30.8849258423,"median":27.1015110016,"min":1.08945858479,"var":401.262786865},"gfcc":{"cov":[[34281.8984375,1262.61437988,-2860.07177734,1197.28601074,-1827.28051758,464.501556396,-1564.43713379,780.652770996,-616.996826172,-46.7504768372,-373.44833374,7.02391242981,-183.966506958],[1262.61437988,2334.72119141,-343.468780518,-372.585906982,490.933227539,-176.176818848,352.718963623,-152.351730347,143.570678711,-20.5999622345,89.3794250488,-52.8843688965,70.6782989502],[-2860.07177734,-343.468780518,1088.61572266,145.636260986,109.019645691,127.394058228,66.791885376,-28.6035194397,65.1760025024,33.5922889709,19.031867981,20.7809658051,-0.725975930691],[1197.28601074,-372.585906982,145.636260986,554.543823242,-17.0158824921,89.0441665649,-99.5664901733,62.2211036682,16.2934169769,13.0847501755,-34.4188766479,-5.42478990555,2.40763568878],[-1827.28051758,490.933227539,109.019645691,-17.0158824921,566.487670898,-6.87580013275,275.159179688,-32.0782012939,161.007080078,52.1820297241,37.6041641235,-18.8677711487,47.083316803],[464.501556396,-176.176818848,127.394058228,89.0441665649,-6.87580013275,267.606048584,73.353263855,55.7071266174,5.74240064621,35.7717285156,1.92492890358,-20.2742462158,-4.66915655136],[-1564.43713379,352.718963623,66.791885376,-99.5664901733,275.159179688,73.353263855,425.371765137,-20.7998886108,94.3491287231,47.5059661865,41.0809593201,-35.9753227234,17.1621265411],[780.652770996,-152.351730347,-28.6035194397,62.2211036682,-32.0782012939,55.7071266174,-20.7998886108,212.713989258,40.4690208435,15.5841808319,-0.279347658157,1.64553689957,-12.7437953949],[-616.996826172,143.570678711,65.1760025024,16.2934169769,161.007080078,5.74240064621,94.3491287231,40.4690208435,173.870727539,45.8758773804,19.0026226044,10.588139534,27.5532188416],[-46.7504768372,-20.5999622345,33.5922889709,13.0847501755,52.1820297241,35.7717285156,47.5059661865,15.5841808319,45.8758773804,128.425292969,44.7862281799,0.916229665279,-6.22459602356],[-373.44833374,89.3794250488,19.031867981,-34.4188766479,37.6041641235,1.92492890358,41.0809593201,-0.279347658157,19.0026226044,44.7862281799,124.789772034,28.2527580261,0.116116404533],[7.02391242981,-52.8843688965,20.7809658051,-5.42478990555,-18.8677711487,-20.2742462158,-35.9753227234,1.64553689957,10.588139534,0.916229665279,28.2527580261,110.691764832,35.2156143188],[-183.966506958,70.6782989502,-0.725975930691,2.40763568878,47.083316803,-4.66915655136,17.1621265411,-12.7437953949,27.5532188416,-6.22459602356,0.116116404533,35.2156143188,93.9028930664]],"icov":[[0.000157625880092,-0.000390237255488,0.0003231310111,-0.000431194202974,0.000390830973629,-0.000530700548552,0.000440227886429,-0.000464879180072,0.000374190276489,-0.000466167577542,0.000530272314791,-0.000409609579947,0.000262441812083],[-0.000390237255488,0.00169627007563,-0.000563634675927,0.00134569569491,-0.00138384790625,0.00154419569299,-0.00129169819411,0.0014942290727,-0.00128245039377,0.00160565332044,-0.00182037381455,0.00148584134877,-0.000942844024394],[0.0003231310111,-0.000563634675927,0.00180940423161,-0.00103600742295,0.000524412142113,-0.00156743195839,0.000854048528709,-0.000407035870012,0.000261759123532,-0.000729871913791,0.000863000866957,-0.00109802698717,0.000831154757179],[-0.000431194202974,0.00134569569491,-0.00103600742295,0.00351949897595,-0.00151736999396,0.000785922282375,-0.00037424970651,0.00100007804576,-0.00135435559787,0.00120013614651,-0.00112374697346,0.00152512034401,-0.00104547140654],[0.000390830973629,-0.00138384790625,0.000524412142113,-0.00151736999396,0.00460539991036,-0.000739013019484,-0.000516963540576,-0.000774062064011,-0.000986934988759,-0.00153840507846,0.00128118693829,-0.000549135787878,-0.000114287016913],[-0.000530700548552,0.00154419569299,-0.00156743195839,0.000785922282375,-0.000739013019484,0.0070161530748,-0.00305710220709,0.000294223718811,-0.000423865305493,0.000488895457238,-0.00173685094342,0.00225516199134,-0.00160298566334],[0.000440227886429,-0.00129169819411,0.000854048528709,-0.00037424970651,-0.000516963540576,-0.00305710220709,0.00562016107142,-0.000950749905314,0.000302522501443,-0.00151545822155,0.000873719633091,-0.0000738640665077,0.000639283971395],[-0.000464879180072,0.0014942290727,-0.000407035870012,0.00100007804576,-0.000774062064011,0.000294223718811,-0.000950749905314,0.00742816133425,-0.00370157673024,0.00174091279041,-0.00187306432053,0.00108853832353,0.000316015153658],[0.000374190276489,-0.00128245039377,0.000261759123532,-0.00135435559787,-0.000986934988759,-0.000423865305493,0.000302522501443,-0.00370157673024,0.0108496230096,-0.00374215398915,0.00197231234051,-0.00202971394174,-0.0010215989314],[-0.000466167577542,0.00160565332044,-0.000729871913791,0.00120013614651,-0.00153840507846,0.000488895457238,-0.00151545822155,0.00174091279041,-0.00374215398915,0.0119622061029,-0.0052718501538,0.00178552698344,0.000378570257453],[0.000530272314791,-0.00182037381455,0.000863000866957,-0.00112374697346,0.00128118693829,-0.00173685094342,0.000873719633091,-0.00187306432053,0.00197231234051,-0.0052718501538,0.0125229628757,-0.00495485542342,0.00221637287177],[-0.000409609579947,0.00148584134877,-0.00109802698717,0.00152512034401,-0.000549135787878,0.00225516199134,-0.0000738640665077,0.00108853832353,-0.00202971394174,0.00178552698344,-0.00495485542342,0.0136219840497,-0.00580820767209],[0.000262441812083,-0.000942844024394,0.000831154757179,-0.00104547140654,-0.000114287016913,-0.00160298566334,0.000639283971395,0.000316015153658,-0.0010215989314,0.000378570257453,0.00221637287177,-0.00580820767209,0.0143103031442]],"mean":[-117.495246887,131.01071167,-78.3548049927,24.1254520416,-42.6442146301,4.83756256104,-38.3543739319,10.3101119995,-20.3747062683,-0.222459822893,-10.8443384171,-3.55268931389,-7.31879901886]},"hfc":{"dmean":3.57354831696,"dmean2":5.2605919838,"dvar":107.613502502,"dvar2":211.902801514,"max":384.009216309,"mean":11.4816532135,"median":4.4983754158,"min":1.08411078557e-16,"var":536.643737793},"melbands":{"dmean":[0.00102689920459,0.00110904604662,0.000758909154683,0.000561306020245,0.000291091215331,0.000264350237558,0.00018060777802,0.0000754537395551,0.0000611374343862,0.000066526561568,0.0000371349888155,0.0000239715973294,0.0000181746472663,0.0000171628362295,0.0000110186010716,0.00000874418765306,0.00000585938005315,0.0000051938031902,0.00000541378039998,0.00000709681489752,0.0000111941608338,0.0000133229714265,0.00000786280816101,0.00000322280220644,0.00000105988124233,7.43723660435e-7,0.00000103188097,8.86429518232e-7,5.82142888561e-7,3.44839321542e-7,3.22578245004e-7,3.84367723427e-7,4.22510055387e-7,6.05581533364e-7,6.53985694044e-7,6.42227689696e-7,6.11957489127e-7,7.51715219849e-7,8.17458044367e-7,7.34853188078e-7],"dmean2":[0.00171319034416,0.00184407271445,0.00125238124747,0.000932897150051,0.0004790679086,0.000430760788731,0.000279614032479,0.000113227564725,0.0000924568594201,0.0000988804604276,0.0000579302904953,0.0000353778523277,0.0000263679758064,0.0000252710142377,0.0000166909157997,0.0000134042502395,0.00000905169599719,0.00000783615814726,0.00000838732466946,0.0000106532534119,0.0000168243077496,0.0000185717744898,0.0000116588098535,0.0000050562598517,0.00000166435347637,0.00000116843568776,0.00000157486056196,0.00000134699689625,8.89384693892e-7,5.09657411385e-7,4.82366317556e-7,5.5822908962e-7,5.98522376549e-7,8.89086265943e-7,9.4076960977e-7,9.14691838716e-7,8.58370981405e-7,0.0000010774023167,0.00000121028597277,0.00000109801271719],"dvar":[0.00000634483467365,0.0000078666371337,0.00000256714702118,0.00000125712494992,5.08280947997e-7,6.04287151873e-7,2.64006189354e-7,8.49833625693e-8,4.31694751057e-8,1.8320852746e-7,4.07152711546e-8,1.1679869516e-8,1.80779267112e-8,1.0902301284e-8,3.6533092107e-9,2.78094836048e-9,7.70004116024e-10,1.14205567225e-9,1.09397235715e-9,1.2848661024e-9,6.18625284332e-9,1.04507140719e-8,3.47894268948e-9,1.15393528066e-10,1.81398455285e-11,9.3455217523e-12,1.30721900318e-11,1.15224730798e-11,7.31881916183e-12,3.00507166894e-12,3.80001715858e-12,4.68167908954e-12,7.54172332224e-12,2.13298840396e-11,2.29059098078e-11,1.94235860035e-11,1.70697362495e-11,2.45550715178e-11,4.41588571265e-11,3.06981662312e-11],"dvar2":[0.0000174213237187,0.000021554849809,0.00000701730732544,0.00000345644252775,0.0000013543157138,0.00000160692434292,6.11839880094e-7,1.81469928862e-7,1.03944564955e-7,4.29597832863e-7,9.11730424491e-8,2.38093189608e-8,3.60694407675e-8,2.15717594898e-8,7.71380026521e-9,6.50806963876e-9,1.9036838772e-9,2.58029064781e-9,2.51739029622e-9,2.79836198658e-9,1.42800171687e-8,1.85423925103e-8,7.52177786723e-9,2.90702878436e-10,4.44267539423e-11,2.2437648961e-11,2.99763477929e-11,2.49553242654e-11,1.57198056655e-11,6.3202026078e-12,8.98620153983e-12,9.77695355231e-12,1.55631063592e-11,4.51789890221e-11,4.76913022962e-11,3.70562955321e-11,3.13219762627e-11,4.71203805141e-11,9.91574808373e-11,6.96436588954e-11],"max":[0.0528382696211,0.0643004477024,0.036789175123,0.0231269169599,0.018304137513,0.0180430281907,0.0158524252474,0.0177948307246,0.00957048870623,0.0274588074535,0.0125657748431,0.0055216816254,0.00835045427084,0.00609802780673,0.00292137521319,0.00327382260002,0.00181028351653,0.00224318075925,0.00170427595731,0.00137529941276,0.00304196728393,0.00597850885242,0.00347481505014,0.000381357152946,0.000206255921512,0.000168881844729,0.00011796450417,0.00016339821741,0.000136077200295,0.0000643477105768,0.0000948380693444,0.0000805445306469,0.000139408119139,0.000264214846538,0.000288450857624,0.000159987175721,0.000171209336258,0.000164353958098,0.00035986880539,0.000252301106229],"mean":[0.00202131341211,0.00207455409691,0.00120731256902,0.000890716328286,0.000530671270099,0.000456520414446,0.000354565127054,0.000146424456034,0.000126377854031,0.000149712126586,0.0000853230594657,0.0000449635444966,0.0000352377282979,0.0000341076629411,0.0000206140684895,0.0000164917255461,0.0000106971883724,0.00000835033370095,0.00000927305791265,0.000012386482922,0.0000235763709497,0.0000350418922608,0.0000136078851938,0.00000605973536949,0.00000200532713279,0.00000151868573539,0.00000204643083634,0.00000167137511653,9.71154690887e-7,5.63986191082e-7,5.11640507739e-7,6.25645100172e-7,6.64082506319e-7,9.2276968644e-7,0.00000105594301658,0.00000105669107597,9.48863373651e-7,0.00000111396911961,0.00000120257993785,0.00000102797048385],"median":[0.000732862972654,0.000802297960036,0.00052627857076,0.000357519165846,0.000148898761836,0.000113199421321,0.0000725996869733,0.0000252952468145,0.0000205242522497,0.0000159612500283,0.00000939612709772,0.00000479505115436,0.00000228721273743,0.00000289313288704,0.00000265175276581,0.00000215898489841,0.00000149090681134,0.0000012002017229,0.00000106437698832,0.00000127390001126,9.67811615737e-7,6.24873052857e-7,5.97288590143e-7,6.03438707003e-7,2.97290227991e-7,2.65263651045e-7,2.47139126941e-7,1.65594087775e-7,1.16828566377e-7,6.08614243447e-8,3.63431169603e-8,3.22865787439e-8,2.85547514522e-8,2.75113549719e-8,2.70873279362e-8,2.40777655591e-8,2.15274695847e-8,1.67102580662e-8,1.49713397235e-8,1.59042592429e-8],"min":[1.23747505797e-24,2.44444797087e-25,9.80568699116e-25,1.04073157048e-24,1.41164440318e-24,1.36640007482e-24,5.29859430413e-25,2.0859839056e-24,1.67625093193e-24,1.38343759683e-24,1.46461591993e-24,2.41026233842e-24,1.26611731554e-24,1.42206653764e-24,1.33373778208e-24,2.48931093428e-24,2.93644873385e-24,1.92120269541e-24,3.61716785301e-24,3.73757405956e-24,3.88625067437e-24,3.67932614804e-24,2.50387902584e-24,2.57003171806e-24,3.41686305297e-24,3.41058963663e-24,3.34792449847e-24,4.12051711967e-24,3.94967509115e-24,3.44919412274e-24,5.27524895172e-24,4.36650209372e-24,5.23093784581e-24,4.2760094927e-24,4.34717224053e-24,4.94337477446e-24,5.50371805823e-24,5.45726006737e-24,6.30515971717e-24,5.59142282481e-24],"var":[0.0000102856001831,0.000012501499441,0.00000414686564909,0.00000205844844459,0.00000107897142243,0.00000104282594293,8.98068947208e-7,2.53949394846e-7,1.1691781765e-7,6.17210105247e-7,1.48291903201e-7,3.2137641881e-8,6.13907289448e-8,3.2787518478e-8,8.87054607546e-9,6.97730717647e-9,1.96805549635e-9,1.40857847608e-9,1.78941184092e-9,2.4749728933e-9,2.51396574669e-8,6.19117770384e-8,8.57908144525e-9,3.23774507205e-10,3.45719251837e-11,2.92634944055e-11,3.37868101552e-11,2.80807252451e-11,1.57739273032e-11,6.50663377344e-12,6.66054841489e-12,1.03044586752e-11,1.59891353629e-11,4.47248973967e-11,6.68180025198e-11,5.76111970629e-11,3.99297643561e-11,5.37373305576e-11,7.77127875939e-11,5.04246401578e-11]},"melbands_crest":{"dmean":2.94644927979,"dmean2":4.86914825439,"dvar":7.55456972122,"dvar2":19.5948886871,"max":34.7479820251,"mean":15.8442564011,"median":15.4873199463,"min":1.53133046627,"var":30.00390625},"melbands_flatness_db":{"dmean":0.0286596063524,"dmean2":0.0423639193177,"dvar":0.000837901956402,"dvar2":0.00167500262614,"max":0.701372146606,"mean":0.324432998896,"median":0.31994664669,"min":0.00295556010678,"var":0.0117037519813},"melbands_kurtosis":{"dmean":11.566617012,"dmean2":18.4057044983,"dvar":443.415100098,"dvar2":1082.67077637,"max":501.068817139,"mean":25.7640094757,"median":15.0443687439,"min":-1.93253469467,"var":1125.28991699},"melbands_skewness":{"dmean":0.817653954029,"dmean2":1.28944754601,"dvar":0.888718247414,"dvar2":2.08075332642,"max":17.4438724518,"mean":3.19982123375,"median":2.93277382851,"min":-2.44455480576,"var":3.73664927483},"melbands_spread":{"dmean":4.0306429863,"dmean2":6.20244646072,"dvar":128.053741455,"dvar2":253.780517578,"max":270.04006958,"mean":13.3057632446,"median":6.65207576752,"min":0.262522518635,"var":626.248352051},"mfcc":{"cov":[[14053.3574219,-61.2401504517,-578.445556641,85.2612228394,109.600730896,-583.934814453,-170.078140259,40.4313964844,-127.631546021,-35.3053474426,-190.759399414,-37.2717933655,23.3182849884],[-61.2401504517,2643.61987305,-370.325500488,93.0659255981,49.2472267151,167.906219482,127.065101624,58.251159668,98.7241592407,54.594417572,69.6944351196,57.087020874,-22.3366451263],[-578.445556641,-370.325500488,880.033203125,61.5475234985,92.4989395142,63.9828681946,-8.0734128952,15.5671920776,-21.7035884857,-9.75890922546,17.2245883942,-10.6904039383,26.7428398132],[85.2612228394,93.0659255981,61.5475234985,390.25,156.214767456,69.4882736206,5.0889210701,19.3467636108,60.7747421265,14.830406189,25.6385307312,8.63293266296,20.2131233215],[109.600730896,49.2472267151,92.4989395142,156.214767456,290.222442627,28.4043159485,-19.574508667,23.5782546997,56.023853302,24.4051990509,14.0153923035,24.8568992615,32.714389801],[-583.934814453,167.906219482,63.9828681946,69.4882736206,28.4043159485,291.536590576,114.001838684,11.2221679688,71.3351974487,40.3214645386,48.9863891602,23.1633148193,-19.6349620819],[-170.078140259,127.065101624,-8.0734128952,5.0889210701,-19.574508667,114.001838684,203.331954956,48.3309326172,31.004901886,66.5395355225,38.9178390503,26.1418361664,3.38286828995],[40.4313964844,58.251159668,15.5671920776,19.3467636108,23.5782546997,11.2221679688,48.3309326172,139.166793823,58.4281997681,28.3755683899,22.0714988708,12.7777490616,8.62279510498],[-127.631546021,98.7241592407,-21.7035884857,60.7747421265,56.023853302,71.3351974487,31.004901886,58.4281997681,165.734024048,61.8458518982,24.0731201172,13.7983493805,-5.39646053314],[-35.3053474426,54.594417572,-9.75890922546,14.830406189,24.4051990509,40.3214645386,66.5395355225,28.3755683899,61.8458518982,165.278686523,56.9753990173,13.5002813339,10.9113588333],[-190.759399414,69.6944351196,17.2245883942,25.6385307312,14.0153923035,48.9863891602,38.9178390503,22.0714988708,24.0731201172,56.9753990173,122.070404053,43.1692962646,17.3622684479],[-37.2717933655,57.087020874,-10.6904039383,8.63293266296,24.8568992615,23.1633148193,26.1418361664,12.7777490616,13.7983493805,13.5002813339,43.1692962646,114.858184814,49.1399040222],[23.3182849884,-22.3366451263,26.7428398132,20.2131233215,32.714389801,-19.6349620819,3.38286828995,8.62279510498,-5.39646053314,10.9113588333,17.3622684479,49.1399040222,121.782623291]],"icov":[[0.0000820576824481,2.40890756231e-7,0.0000495435488119,-0.0000477537105326,-0.000047185276344,0.000155707006343,-0.0000177360434463,-0.0000542130474059,0.0000651753289276,-0.0000505680145579,0.000107084139017,-0.0000305048652081,0.0000279508094536],[2.40890756231e-7,0.000437540409621,0.000209873149288,-0.0000530245815753,-0.0000885287154233,-0.00018963436014,-0.000120019700262,-0.000101335746876,-0.0000353406794602,0.000055087653891,-0.000124011159642,-0.00009455455438,0.000095965944638],[0.0000495435488119,0.000209873149288,0.00138763210271,-0.0000546590345039,-0.000476292771054,-0.000487045210321,0.000183070485946,-0.000429998617619,0.000567375391256,0.0000583670625929,-0.000186589255463,0.000374422466848,-0.000296424230328],[-0.0000477537105326,-0.0000530245815753,-0.0000546590345039,0.003508471651,-0.00167099118698,-0.000634323048871,0.0000513584527653,0.000123820223962,-0.000681062694639,0.000499549263623,-0.000634627707768,0.000678602664266,-0.000492772611324],[-0.000047185276344,-0.0000885287154233,-0.000476292771054,-0.00167099118698,0.00500726280734,-0.000186714634765,0.00107451551594,-0.000307345268084,-0.000924913329072,-0.000638153869659,0.000485841941554,-0.000832384219393,-0.000725755468011],[0.000155707006343,-0.00018963436014,-0.000487045210321,-0.000634323048871,-0.000186714634765,0.00609154859558,-0.00329719227739,0.00176584417932,-0.00224194908515,0.000867152644787,-0.00112480903044,-0.000459466187749,0.00131521222647],[-0.0000177360434463,-0.000120019700262,0.000183070485946,0.0000513584527653,0.00107451551594,-0.00329719227739,0.00834578927606,-0.00285822944716,0.00163994671311,-0.00285554328002,0.000462246127427,-0.00101186614484,-0.000246137060458],[-0.0000542130474059,-0.000101335746876,-0.000429998617619,0.000123820223962,-0.000307345268084,0.00176584417932,-0.00285822944716,0.00980376917869,-0.00386352511123,0.000943593913689,-0.00123354734387,0.000220641377382,-0.000350732385414],[0.0000651753289276,-0.0000353406794602,0.000567375391256,-0.000681062694639,-0.000924913329072,-0.00224194908515,0.00163994671311,-0.00386352511123,0.00992611330003,-0.00327935954556,0.00107584986836,-0.000778626126703,0.000978946103714],[-0.0000505680145579,0.000055087653891,0.0000583670625929,0.000499549263623,-0.000638153869659,0.000867152644787,-0.00285554328002,0.000943593913689,-0.00327935954556,0.00935122556984,-0.0039064292796,0.00153700413648,-0.000798612833023],[0.000107084139017,-0.000124011159642,-0.000186589255463,-0.000634627707768,0.000485841941554,-0.00112480903044,0.000462246127427,-0.00123354734387,0.00107584986836,-0.0039064292796,0.0120607670397,-0.00398820172995,0.000153156666784],[-0.0000305048652081,-0.00009455455438,0.000374422466848,0.000678602664266,-0.000832384219393,-0.000459466187749,-0.00101186614484,0.000220641377382,-0.000778626126703,0.00153700413648,-0.00398820172995,0.01265110448,-0.00475275656208],[0.0000279508094536,0.000095965944638,-0.000296424230328,-0.000492772611324,-0.000725755468011,0.00131521222647,-0.000246137060458,-0.000350732385414,0.000978946103714,-0.000798612833023,0.000153156666784,-0.00475275656208,0.0108200237155]],"mean":[-759.504882812,162.188430786,24.675113678,27.0953426361,18.0008678436,-1.25229239464,1.1033321619,1.57899570465,-0.324259370565,1.77842092514,-1.31113302708,0.578639268875,0.810824871063]},"pitch_salience":{"dmean":0.0731697231531,"dmean2":0.120551042259,"dvar":0.00475102337077,"dvar2":0.012388127856,"max":0.908952474594,"mean":0.496987581253,"median":0.499320924282,"min":0.0813465416431,"var":0.0180681440979},"silence_rate_20dB":{"dmean":0,"dmean2":0,"dvar":0,"dvar2":0,"max":1,"mean":1,"median":1,"min":1,"var":0},"silence_rate_30dB":{"dmean":0.0196377187967,"dmean2":0.0392787605524,"dvar":0.0192515347153,"dvar2":0.0441682636738,"max":1,"mean":0.969361007214,"median":1,"min":0,"var":0.0297012198716},"silence_rate_60dB":{"dmean":0.025901472196,"dmean2":0.0518073290586,"dvar":0.0252311062068,"dvar2":0.0577591843903,"max":1,"mean":0.141684293747,"median":0,"min":0,"var":0.121613897383},"spectral_centroid":{"dmean":151.249237061,"dmean2":229.980621338,"dvar":85827.6171875,"dvar2":161318.9375,"max":11943.8691406,"mean":858.278198242,"median":499.566223145,"min":106.680923462,"var":2328611.75},"spectral_complexity":{"dmean":1.57998979092,"dmean2":2.51875042915,"dvar":3.51123428345,"dvar2":7.46245145798,"max":45,"mean":8.68785476685,"median":8,"min":0,"var":36.9971656799},"spectral_contrast_coeffs":{"dmean":[0.050920765847,0.0463071987033,0.0376012846828,0.0286752022803,0.0212298184633,0.0151430424303],"dmean2":[0.0841623991728,0.0752269104123,0.0592125542462,0.0456426665187,0.0331355631351,0.0239548161626],"dvar":[0.00188025040552,0.00155501172412,0.00105024199001,0.000634817639366,0.000370608380763,0.000221673966735],"dvar2":[0.00488578015938,0.00390261528082,0.00241029052995,0.00147100351751,0.000814442930277,0.000528853852302],"max":[-0.295700669289,-0.358436495066,-0.387263029814,-0.510722279549,-0.540665030479,-0.565520048141],"mean":[-0.639161586761,-0.696990549564,-0.754775762558,-0.786766529083,-0.797474086285,-0.826591432095],"median":[-0.640879750252,-0.696122944355,-0.759742319584,-0.788214325905,-0.802974760532,-0.828656315804],"min":[-0.981800198555,-0.978553712368,-0.977343022823,-0.972496271133,-0.968207776546,-0.965467989445],"var":[0.00974675174803,0.00856647733599,0.00742790987715,0.00414509512484,0.00399811426178,0.00156693009194]},"spectral_contrast_valleys":{"dmean":[0.414673447609,0.400264114141,0.387190669775,0.323817312717,0.275438845158,0.319251269102],"dmean2":[0.671427071095,0.639106094837,0.6115629673,0.509147822857,0.408294975758,0.397479951382],"dvar":[0.143163412809,0.13490691781,0.130177587271,0.100486554205,0.0921469852328,0.148530229926],"dvar2":[0.318841874599,0.310860902071,0.295152664185,0.226003021002,0.180267125368,0.218343108892],"max":[-4.92025661469,-4.42073297501,-5.26365184784,-5.88831329346,-5.75005531311,-7.10540056229],"mean":[-7.74197006226,-7.79803419113,-8.83496189117,-9.31395149231,-9.4324798584,-11.7220945358],"median":[-7.20537233353,-7.36772108078,-8.43033885956,-8.89019584656,-8.92903232574,-11.3960876465],"min":[-28.3629550934,-28.3599452972,-28.3277854919,-27.7989807129,-27.5354728699,-27.4218845367],"var":[8.83819580078,8.64217567444,7.90317392349,7.59103679657,7.74946975708,6.94783830643]},"spectral_decrease":{"dmean":2.28820651316e-9,"dmean2":3.65216701326e-9,"dvar":1.82730334993e-17,"dvar2":4.74523308786e-17,"max":6.19912467201e-19,"mean":-6.39947472791e-9,"median":-3.98385591183e-9,"min":-7.34281115911e-8,"var":5.64253644791e-17},"spectral_energy":{"dmean":0.00884516257793,"dmean2":0.0140988696367,"dvar":0.000269739102805,"dvar2":0.000699837168213,"max":0.2811216712,"mean":0.025194555521,"median":0.0158875621855,"min":9.87606476244e-21,"var":0.000871711934451},"spectral_energyband_high":{"dmean":0.000177873545908,"dmean2":0.000243275164394,"dvar":0.00000104911748622,"dvar2":0.00000178375273663,"max":0.0379417613149,"mean":0.000345839594956,"median":0.0000183037700481,"min":6.79459483745e-21,"var":0.00000325132737089},"spectral_energyband_low":{"dmean":0.0056136152707,"dmean2":0.00917109195143,"dvar":0.000170056606294,"dvar2":0.000459224829683,"max":0.241402745247,"mean":0.0119864428416,"median":0.00545241124928,"min":1.12169354848e-23,"var":0.000327737332555},"spectral_energyband_middle_high":{"dmean":0.000683379883412,"dmean2":0.00101268803701,"dvar":0.0000055382388382,"dvar2":0.0000126845225168,"max":0.0893852859735,"mean":0.00228158966638,"median":0.00044579920359,"min":9.95103729508e-22,"var":0.0000409705789934},"spectral_energyband_middle_low":{"dmean":0.00493233231828,"dmean2":0.00786299537867,"dvar":0.0000874511169968,"dvar2":0.000226910895435,"max":0.185403734446,"mean":0.0117697557434,"median":0.00622841063887,"min":1.45257641157e-22,"var":0.000241922229179},"spectral_entropy":{"dmean":0.224598407745,"dmean2":0.334650844336,"dvar":0.0536804050207,"dvar2":0.107059851289,"max":9.82490444183,"mean":6.78530931473,"median":6.78160953522,"min":4.21200370789,"var":0.643003702164},"spectral_flux":{"dmean":0.0222810395062,"dmean2":0.0351438485086,"dvar":0.000781985756475,"dvar2":0.00175078760367,"max":0.416335910559,"mean":0.0637324005365,"median":0.0511120706797,"min":6.37129377035e-11,"var":0.0027958159335},"spectral_kurtosis":{"dmean":4.19112539291,"dmean2":6.74809598923,"dvar":32.0813102722,"dvar2":82.1635513306,"max":197.004364014,"mean":12.6695146561,"median":8.57167625427,"min":-1.45832180977,"var":172.159881592},"spectral_rms":{"dmean":0.000747728394344,"dmean2":0.00115936354268,"dvar":9.30673309085e-7,"dvar2":0.00000225442090596,"max":0.0165609493852,"mean":0.00425841473043,"median":0.00393701158464,"min":3.10405932728e-12,"var":0.00000644581041342},"spectral_rolloff":{"dmean":268.230133057,"dmean2":459.191497803,"dvar":1043213.9375,"dvar2":2265336.25,"max":20521.1425781,"mean":1172.78027344,"median":387.59765625,"min":64.599609375,"var":9639804},"spectral_skewness":{"dmean":0.391838878393,"dmean2":0.609921216965,"dvar":0.176176041365,"dvar2":0.419035792351,"max":12.0541744232,"mean":2.58122968674,"median":2.36699938774,"min":-0.411499232054,"var":1.46328508854},"spectral_spread":{"dmean":629061.5625,"dmean2":895401.25,"dvar":836264001536,"dvar2":1483441700860,"max":42858384,"mean":4680470,"median":3557509.75,"min":837716.75,"var":29349954715600},"spectral_strongpeak":{"dmean":0.333651423454,"dmean2":0.573331832886,"dvar":1.04396402836,"dvar2":2.96867394447,"max":24.1338558197,"mean":0.654491961002,"median":0.358697831631,"min":0,"var":1.70223021507},"zerocrossingrate":{"dmean":0.00739187700674,"dmean2":0.00865666940808,"dvar":0.000246456533205,"dvar2":0.000247544288868,"max":0.52685546875,"mean":0.0424753837287,"median":0.0224609375,"min":0.00146484375,"var":0.00610451633111}},"metadata":{"audio_properties":{"analysis_sample_rate":44100,"bit_rate":238131,"codec":"mp3","downmix":"mix","equal_loudness":0,"length":274.311828613,"lossless":false,"md5_encoded":"4799f3938b970fa2af443d6acbdb18db","replay_gain":-5.13370323181,"sample_rate":44100},"tags":{"acoustid_id":["5e174f0e-9669-457d-8568-1f8ffe7b478b"],"album":["Bark"],"albumartist":["Jefferson Airplane"],"albumartistsort":["Jefferson Airplane"],"artist":["Jefferson Airplane"],"artists":["Jefferson Airplane"],"artistsort":["Jefferson Airplane"],"asin":["B000002WSU"],"barcode":["078636657424"],"catalognumber":["66574-2"],"date":["1996-01-30"],"file_name":"04 - Pretty as You Feel.mp3","label":["BMG"],"media":["CD"],"musicbrainz album release country":["US"],"musicbrainz album status":["official"],"musicbrainz album type":["album"],"musicbrainz release track id":["3035ad47-8910-32a5-aafe-228a77a42bb9"],"musicbrainz_albumartistid":["39c2a93d-9afa-4a22-9bba-c087ab056e1c"],"musicbrainz_albumid":["8c4efd2f-65bc-39aa-ab56-033d7db09f2e"],"musicbrainz_artistid":["39c2a93d-9afa-4a22-9bba-c087ab056e1c"],"musicbrainz_recordingid":["5cee51cb-e836-4d1a-bafa-a3d5a8a72155"],"musicbrainz_releasegroupid":["a4f9d4f4-c2db-3134-9143-2afe22c0f061"],"originaldate":["1971"],"script":["Latn"],"title":["Pretty as You Feel"],"tracknumber":["4/11"]},"version":{"essentia":"2.1-beta1","essentia_build_sha":"65e368e5454dd45657e4cc002e00185f437e13e1","essentia_git_sha":"v2.1_beta1-28-g21ef5f4","extractor":"music 1.0"}},"rhythm":{"beats_count":492,"beats_loudness":{"dmean":0.0160997547209,"dmean2":0.0271457675844,"dvar":0.000355158088496,"dvar2":0.000987882725894,"max":0.192527830601,"mean":0.0326510593295,"median":0.022462522611,"min":0,"var":0.00106651871465},"beats_loudness_band_ratio":{"dmean":[0.241514235735,0.172447517514,0.117787867785,0.053147289902,0.0240463800728,0.0239163655788],"dmean2":[0.407679