{"lowlevel":{"average_loudness":0.787783145905,"barkbands":{"dmean":[0.0037837207783,0.00956609938294,0.00239347596653,0.000875984551385,0.00103117292747,0.00123428099323,0.000775621272624,0.000445319310529,0.000495018030051,0.000393434980651,0.000507396936882,0.000592597585637,0.000726882368326,0.000539724715054,0.000691744440701,0.000379383156542,0.000322084641084,0.000285024725599,0.000192298350157,0.000212514059967,0.000152407679707,0.0000560467487958,0.0000202294377232,0.0000056742273955,0.00000240988447331,0.0000110423752631,0.000577061029617],"dmean2":[0.00632602814585,0.0159380957484,0.0041724909097,0.00147065741476,0.00165408290923,0.00189420860261,0.00121262518223,0.000725493475329,0.000792605860624,0.000630894734059,0.000819723936729,0.000985356979072,0.00122705183458,0.00091384438565,0.00116308487486,0.000640640617348,0.000529061770067,0.000468192913104,0.000304580200464,0.000326392386341,0.000230622390518,0.0000812741127447,0.0000299937692034,0.00000881000596564,0.00000395964752897,0.0000162976666616,0.000926130684093],"dvar":[0.000076546377386,0.000374524970539,0.0000141231121233,0.00000248678429671,0.00000492008393849,0.00000884541896085,0.00000247945490628,0.00000101662249108,0.00000171265264726,0.00000102276737834,0.00000127829184748,0.00000109952782168,0.00000123356392123,8.56308815855e-7,0.00000118031755392,3.3546464806e-7,2.54046653936e-7,2.47185766966e-7,1.16448653387e-7,1.65701976584e-7,9.34530675067e-8,1.60734110466e-8,2.16476592207e-9,1.39993752701e-10,1.68757317148e-11,5.42087486011e-10,0.00000101490763882],"dvar2":[0.000196309425519,0.000960831996053,0.00004092654126,0.00000608367645327,0.0000113893538582,0.0000187140340131,0.00000577952687308,0.0000026294401323,0.00000442644659415,0.00000238845632339,0.00000317870740218,0.00000271984572464,0.00000330907278112,0.00000224562927542,0.00000317375111081,9.12768655326e-7,6.49952028198e-7,6.5140687866e-7,2.80428650967e-7,3.8010159642e-7,2.04824061711e-7,3.10800416514e-8,4.68640237727e-9,3.25503929366e-10,4.22379804743e-11,1.14459697276e-9,0.00000252664290201],"max":[0.151115387678,0.247581899166,0.0877163633704,0.0536103285849,0.0610739253461,0.0793927833438,0.0432467460632,0.0250942762941,0.0433788970113,0.0331924594939,0.0312855504453,0.0431203134358,0.0389411523938,0.0346054211259,0.0227412469685,0.016896545887,0.0117113450542,0.00983270164579,0.00843879114836,0.01018748153,0.00804792530835,0.00334248109721,0.00114534527529,0.000318029429764,0.0000761457486078,0.00051542831352,0.0296890940517],"mean":[0.0041096243076,0.0115511529148,0.00324208522215,0.00110756279901,0.00163863017224,0.00203419476748,0.00125068670604,0.00067835021764,0.000798978260718,0.000586627051234,0.000784030300565,0.00102222303394,0.00133222492877,0.00100324850064,0.00134164025076,0.000744829536416,0.000636247044895,0.000577984261326,0.000393364258343,0.000470494589536,0.000327933317749,0.000107257044874,0.0000327246089,0.00000794581319497,0.00000266820165962,0.0000189865459106,0.00218773842789],"median":[0.00150232564192,0.0045175505802,0.00151630700566,0.000501116039231,0.000746402773075,0.000783481111284,0.000575754093006,0.00031075469451,0.000311024137773,0.00024109633523,0.000350502145011,0.000623641943093,0.000958415330388,0.000625113665592,0.000825098133646,0.000489762518555,0.000378735974664,0.000291033677058,0.00021179371106,0.000209632009501,0.000149968807818,0.000046396493417,0.0000141455766425,0.00000344248405781,0.00000116122987492,0.00000883823122422,0.00153658399358],"min":[8.24785473073e-24,1.20526555166e-23,6.78602321369e-23,2.10574680398e-23,9.984460385e-23,4.78851443679e-23,6.16050889622e-23,7.25373505787e-23,4.39011475165e-23,7.13902142938e-23,7.24556561433e-23,9.29147132331e-23,6.92617665974e-23,1.27497996665e-22,9.45035422051e-23,1.69233560069e-22,1.24150070983e-22,1.49625709139e-22,2.75799050572e-22,3.86764390686e-22,4.66156967775e-22,4.77359347987e-22,5.91864389024e-22,9.47966955393e-22,1.390927727e-21,1.70327231779e-21,2.3172297599e-21],"var":[0.0000702454344719,0.000386277446523,0.000029180853744,0.00000407417655879,0.00000978931984719,0.0000233604787354,0.00000508913126396,0.00000169576765074,0.00000303447450278,0.00000170491398421,0.00000223113056563,0.00000229848114941,0.00000263198649009,0.0000017756010493,0.00000284866996481,7.36718732242e-7,5.63597836845e-7,5.55935059765e-7,2.89861588953e-7,4.76877403344e-7,2.46034574047e-7,4.09564755444e-8,3.51957241129e-9,1.85857440549e-10,1.85267062108e-11,9.33276456117e-10,0.00000581138965572]},"barkbands_crest":{"dmean":2.91573882103,"dmean2":4.81874799728,"dvar":7.06800508499,"dvar2":17.6843242645,"max":26.9193592072,"mean":9.08483505249,"median":7.9548869133,"min":2.3497736454,"var":20.0170288086},"barkbands_flatness_db":{"dmean":0.0238967556506,"dmean2":0.0377192720771,"dvar":0.000582652864978,"dvar2":0.00143230916001,"max":0.461558043957,"mean":0.115347497165,"median":0.105055265129,"min":0.026919355616,"var":0.00230692606419},"barkbands_kurtosis":{"dmean":3.19438672066,"dmean2":5.30500125885,"dvar":77.5099182129,"dvar2":194.455947876,"max":1092.33422852,"mean":5.51631259918,"median":0.720628261566,"min":-1.90898096561,"var":1427.65466309},"barkbands_skewness":{"dmean":0.592547118664,"dmean2":0.946435928345,"dvar":0.513035714626,"dvar2":1.26731026173,"max":32.1314620972,"mean":1.52777922153,"median":1.18850886822,"min":-2.38230443001,"var":3.39305186272},"barkbands_spread":{"dmean":10.2392053604,"dmean2":16.309179306,"dvar":89.638092041,"dvar2":218.352737427,"max":132.526626587,"mean":46.634677887,"median":47.1773834229,"min":0.469112247229,"var":392.276245117},"dissonance":{"dmean":0.0120960948989,"dmean2":0.0205115638673,"dvar":0.00017006615235,"dvar2":0.000468231737614,"max":0.500000119209,"mean":0.47902905941,"median":0.484901309013,"min":0.322101652622,"var":0.000373326183762},"dynamic_complexity":5.09865093231,"erbbands":{"dmean":[0.48894277215,1.48292934895,2.7218811512,2.84954929352,2.08065462112,4.49437665939,7.28935527802,11.1640462875,9.69669914246,9.53967952728,11.4131822586,11.2393360138,10.402053833,14.6509828568,20.7466259003,24.0423297882,30.917755127,29.3847904205,26.5806770325,30.6858520508,16.8414001465,16.7930755615,15.3370809555,12.4920272827,8.55192661285,10.3632717133,8.50141906738,4.13239145279,2.19413495064,1.10692560673,0.499950706959,0.183467149734,0.0656636431813,0.0292666722089,0.0164510942996,0.0139063652605,0.0204797778279,0.0290622524917,0.0281081367284,0.0131980441511],"dmean2":[0.820315957069,2.50084543228,4.72500991821,4.84593057632,3.46770977974,7.22058296204,11.4714632034,17.0729751587,15.4084100723,15.0037126541,18.4700908661,18.0042209625,16.532869339,23.4569416046,33.9187011719,39.9407463074,51.8650283813,49.9132957458,44.4584465027,51.5619239807,28.1318588257,27.450668335,25.3424625397,20.0802993774,13.3225860596,16.0055389404,12.9116191864,6.15357685089,3.19572353363,1.62880969048,0.740253329277,0.280195832253,0.103057876229,0.0477863810956,0.0270271059126,0.0219958946109,0.0299957375973,0.0405774489045,0.040158033371,0.0211050081998],"dvar":[1.29044699669,6.6651892662,16.9733772278,20.9297542572,11.8399810791,104.947929382,402.903594971,811.117980957,394.832336426,335.817199707,735.743225098,1114.3795166,675.690368652,1071.57312012,2585.94335938,1730.08691406,2193.72900391,2311.22900391,1985.75512695,2184.55249023,597.520690918,710.882141113,724.699707031,492.699401855,251.614334106,400.469299316,289.524871826,82.7889328003,26.2597312927,6.70932102203,1.33115971088,0.18351136148,0.0131813641638,0.00244455132633,0.000797557237092,0.000501147704199,0.00194463110529,0.00293077575043,0.00307382340543,0.000387819571188],"dvar2":[3.38261842728,17.1044368744,48.2231178284,54.4806938171,30.4114513397,243.288925171,934.421203613,1680.84899902,956.94934082,790.268310547,1865.81604004,2917.88598633,1618.76257324,2578.74902344,6550.10498047,4282.57470703,5757.60742188,6221.77148438,5250.08398438,5958.91113281,1601.85083008,1817.68469238,1908.38049316,1243.7578125,572.023925781,925.225708008,649.151855469,172.952224731,51.4933128357,14.2242689133,2.88719463348,0.419196665287,0.0308498051018,0.00611905846745,0.00199437118135,0.00119680690113,0.00411912472919,0.00590803893283,0.00645696092397,0.000973009970039],"max":[13.181350708,31.9837913513,83.4313430786,126.279197693,73.8011932373,303.001708984,631.666931152,968.434814453,549.73046875,464.292541504,821.560546875,1359.74365234,861.389282227,858.773376465,1707.1706543,1741.28869629,1620.41027832,1814.33215332,1256.7713623,881.669921875,495.739715576,534.025695801,567.380126953,443.625457764,527.637756348,480.32925415,443.251953125,213.425292969,149.266036987,74.9019470215,26.0818099976,12.8421792984,2.05084252357,0.955217242241,0.517604291439,0.477422118187,0.907516181469,1.10630321503,1.70643544197,0.500811100006],"mean":[0.521300137043,1.87165188789,3.74980306625,4.05464172363,3.13943266869,6.90406990051,11.1797113419,18.4499130249,15.8738441467,16.1806735992,18.8380241394,18.3271636963,16.6305103302,23.5689678192,34.5389137268,44.3567466736,60.5587806702,59.79945755,56.6787605286,63.5126838684,37.4825325012,35.3712272644,31.9528999329,25.7962932587,18.7697677612,22.7277755737,18.6493549347,8.78434276581,4.28857278824,1.96261763573,0.809900522232,0.272570014,0.0875620916486,0.0336112305522,0.0182266477495,0.0189718920738,0.0366008579731,0.071561679244,0.0975458472967,0.0602861270308],"median":[0.14887277782,0.860211193562,2.01872897148,2.16852450371,1.71899533272,2.6911418438,4.05818557739,6.91207790375,8.17642021179,7.7775220871,8.29056739807,7.28794717789,7.01121520996,11.0062179565,17.065032959,28.8343410492,44.9671211243,40.892288208,36.7932624817,40.4349479675,26.9931640625,21.4058704376,17.0529747009,12.7390060425,10.1839427948,10.0975646973,8.37112903595,4.08868122101,1.84237492085,0.90413326025,0.351665586233,0.116264566779,0.0399268269539,0.015085411258,0.00800753571093,0.00983222946525,0.0177521593869,0.0375392884016,0.0506119728088,0.0479561053216],"min":[2.60699116886e-22,4.2923072454e-21,5.19636670263e-20,9.99485242205e-20,9.61717274035e-20,5.27569901024e-19,1.89725285997e-19,4.46802383352e-19,9.26489538752e-19,1.34286041266e-18,1.54843319965e-18,1.03380143738e-18,1.70013957155e-18,2.13955207841e-18,3.09303262395e-18,4.04435071257e-18,3.55093292769e-18,6.06165480222e-18,5.96568530756e-18,5.91561151558e-18,8.93536958574e-18,8.22149369195e-18,8.12833247546e-18,1.4168394555e-17,1.23081695821e-17,1.79630641084e-17,1.61884589463e-17,1.85458227761e-17,1.48067893907e-17,1.81119069878e-17,1.9859991085e-17,1.72480988177e-17,1.73777014761e-17,1.29173790043e-17,1.23177309628e-17,6.42609031419e-18,3.28248262682e-18,1.12276915835e-18,3.47979503312e-19,3.36852599291e-20],"var":[1.17557919025,7.62957048416,29.5629882812,36.2484016418,20.3553829193,220.426895142,755.206970215,2396.42944336,704.673156738,726.188903809,1369.03076172,1865.03857422,1119.2142334,1831.95202637,4601.8984375,3741.22875977,4835.95654297,5196.08105469,5050.18701172,5365.22167969,1525.73400879,1673.62927246,1637.13452148,1160.11230469,684.146240234,1118.5625,783.160766602,206.47883606,66.5030136108,12.767496109,2.12496328354,0.247528001666,0.0182570908219,0.00274174986407,0.000876843347214,0.000693203008268,0.00331548647955,0.0089550036937,0.0193176679313,0.0031393840909]},"erbbands_crest":{"dmean":2.23304724693,"dmean2":3.72114872932,"dvar":4.45729827881,"dvar2":11.7228155136,"max":29.3371887207,"mean":7.68304014206,"median":6.88440132141,"min":2.57804703712,"var":10.0081062317},"erbbands_flatness_db":{"dmean":0.0174872856587,"dmean2":0.0269748233259,"dvar":0.000224859250011,"dvar2":0.000519808323588,"max":0.30599078536,"mean":0.146901756525,"median":0.144437298179,"min":0.0295883510262,"var":0.00100155349355},"erbbands_kurtosis":{"dmean":0.883811116219,"dmean2":1.43334949017,"dvar":1.04055905342,"dvar2":2.61147737503,"max":23.2558898926,"mean":0.895167469978,"median":0.539042234421,"min":-1.68727493286,"var":3.02469682693},"erbbands_skewness":{"dmean":0.306861251593,"dmean2":0.488729029894,"dvar":0.069532930851,"dvar2":0.171743750572,"max":2.31389951706,"mean":-0.413524806499,"median":-0.462452322245,"min":-3.00531506538,"var":0.34294116497},"erbbands_spread":{"dmean":5.57161903381,"dmean2":8.90200233459,"dvar":24.4625530243,"dvar2":61.5626335144,"max":89.8956832886,"mean":27.1717014313,"median":25.4886989594,"min":2.47751021385,"var":124.420539856},"gfcc":{"cov":[[26066.7285156,983.732788086,-836.973449707,763.111206055,-38.1713790894,-1121.58032227,703.629455566,-617.690368652,100.259811401,-191.723602295,-401.474945068,-57.3966903687,-63.9387931824],[983.732788086,876.767089844,47.9820976257,-272.308410645,130.426757812,-48.7801742554,1.30787110329,-28.3150100708,30.9202270508,-28.4149589539,58.2610435486,-68.9959945679,64.1070556641],[-836.973449707,47.9820976257,291.090820312,29.0368213654,-55.0561561584,153.382156372,-104.547698975,87.4907150269,-24.9206600189,23.3109970093,10.3149461746,7.60298347473,9.65971755981],[763.111206055,-272.308410645,29.0368213654,351.574676514,-10.5568447113,-44.261100769,86.0618591309,-36.8207359314,2.62059831619,15.3327646255,-56.9657325745,45.669128418,-30.9975662231],[-38.1713790894,130.426757812,-55.0561561584,-10.5568447113,326.822113037,47.859287262,-8.15829753876,8.12832069397,59.0974655151,1.07223784924,76.934967041,-7.7017788887,27.9449596405],[-1121.58032227,-48.7801742554,153.382156372,-44.261100769,47.859287262,253.773895264,-80.2914352417,106.226463318,-15.9333658218,9.39707183838,39.3774795532,11.9015836716,11.9552106857],[703.629455566,1.30787110329,-104.547698975,86.0618591309,-8.15829753876,-80.2914352417,190.363220215,-43.9164428711,19.015750885,-4.61738824844,-37.9489250183,4.01191186905,-8.28821659088],[-617.690368652,-28.3150100708,87.4907150269,-36.8207359314,8.12832069397,106.226463318,-43.9164428711,162.561981201,29.6619415283,25.4651927948,25.7891769409,-10.1356983185,9.98606014252],[100.259811401,30.9202270508,-24.9206600189,2.62059831619,59.0974655151,-15.9333658218,19.015750885,29.6619415283,108.698646545,30.0808162689,23.3029232025,5.9292845726,-15.9107503891],[-191.723602295,-28.4149589539,23.3109970093,15.3327646255,1.07223784924,9.39707183838,-4.61738824844,25.4651927948,30.0808162689,72.2761688232,34.7297782898,5.56884288788,17.068157196],[-401.474945068,58.2610435486,10.3149461746,-56.9657325745,76.934967041,39.3774795532,-37.9489250183,25.7891769409,23.3029232025,34.7297782898,91.1971054077,24.6308422089,21.7812728882],[-57.3966903687,-68.9959945679,7.60298347473,45.669128418,-7.7017788887,11.9015836716,4.01191186905,-10.1356983185,5.9292845726,5.56884288788,24.6308422089,74.7649002075,21.4492874146],[-63.9387931824,64.1070556641,9.65971755981,-30.9975662231,27.9449596405,11.9552106857,-8.28821659088,9.98606014252,-15.9107503891,17.068157196,21.7812728882,21.4492874146,91.5560150146]],"icov":[[0.0000672710375511,-0.000248624593951,0.000367603934137,-0.000373177055735,0.000123273974168,-0.0000187693131011,0.000146328893607,-0.0000524049937667,-0.0000108025196823,-0.0000090959983936,0.000176682005986,-0.0000455159897683,0.00000817227373773],[-0.000248624593951,0.00442342320457,-0.00574738206342,0.00445847120136,-0.00177468103357,0.00263729970902,-0.00331167480908,0.00207308679819,-0.00187128817197,0.00336689618416,-0.00319237052463,0.00325782899745,-0.00244025466964],[0.000367603934137,-0.00574738206342,0.0153627293184,-0.0088684624061,0.00524469884112,-0.00763957388699,0.00764020159841,-0.00321055646054,0.00126214430202,-0.00342382350937,0.00205330667086,-0.000976248004008,0.000694023212418],[-0.000373177055735,0.00445847120136,-0.0088684624061,0.0124729666859,-0.00655311346054,0.00523891672492,-0.00565202673897,0.000800302543212,0.00269757327624,-0.00526660867035,0.00735873915255,-0.00735592702404,0.00391655275598],[0.000123273974168,-0.00177468103357,0.00524469884112,-0.00655311346054,0.0096294535324,-0.00515857338905,0.00228271191008,0.00193999451585,-0.0063513177447,0.00789686571807,-0.0109516149387,0.00907010957599,-0.00580916414037],[-0.0000187693131011,0.00263729970902,-0.00763957388699,0.00523891672492,-0.00515857338905,0.0116916913539,-0.00254860846326,-0.00361799402162,0.0037205722183,-0.000447918864666,0.0014255043352,-0.00413911091164,0.00229236367159],[0.000146328893607,-0.00331167480908,0.00764020159841,-0.00565202673897,0.00228271191008,-0.00254860846326,0.0110664749518,-0.00111189251766,-0.000626730907243,-0.00230643129908,0.00384631869383,-0.0014787404798,0.000212931496208],[-0.0000524049937667,0.00207308679819,-0.00321055646054,0.000800302543212,0.00193999451585,-0.00361799402162,-0.00111189251766,0.0125397425145,-0.00710758380592,0.00351974903606,-0.00519634922966,0.00767048215494,-0.00491866096854],[-0.0000108025196823,-0.00187128817197,0.00126214430202,0.00269757327624,-0.0063513177447,0.0037205722183,-0.000626730907243,-0.00710758380592,0.0203000213951,-0.0141659835353,0.00909010041505,-0.0124433087185,0.0111753409728],[-0.0000090959983936,0.00336689618416,-0.00342382350937,-0.00526660867035,0.00789686571807,-0.000447918864666,-0.00230643129908,0.00351974903606,-0.0141659835353,0.0358686894178,-0.0252778269351,0.01904037036,-0.0143257929012],[0.000176682005986,-0.00319237052463,0.00205330667086,0.00735873915255,-0.0109516149387,0.0014255043352,0.00384631869383,-0.00519634922966,0.00909010041505,-0.0252778269351,0.0413577631116,-0.025432381779,0.011116117239],[-0.0000455159897683,0.00325782899745,-0.000976248004008,-0.00735592702404,0.00907010957599,-0.00413911091164,-0.0014787404798,0.00767048215494,-0.0124433087185,0.01904037036,-0.025432381779,0.0362010225654,-0.0160413533449],[0.00000817227373773,-0.00244025466964,0.000694023212418,0.00391655275598,-0.00580916414037,0.00229236367159,0.000212931496208,-0.00491866096854,0.0111753409728,-0.0143257929012,0.011116117239,-0.0160413533449,0.0216452088207]],"mean":[-10.602273941,81.8231277466,-108.650947571,1.84168887138,2.87079644203,-19.9492778778,6.11561584473,-23.8984241486,4.50302648544,-2.3047554493,1.85048305988,-3.15480136871,-6.76460170746]},"hfc":{"dmean":41.4232826233,"dmean2":65.7175445557,"dvar":2989.30786133,"dvar2":7322.87158203,"max":1932.88964844,"mean":213.964553833,"median":187.803146362,"min":1.17706146805e-16,"var":28459.1914062},"melbands":{"dmean":[0.00346587295644,0.00149265362415,0.000450363440905,0.000216986372834,0.000241261630435,0.000241785630351,0.00015512756363,0.0000969986431301,0.0000970983746811,0.0000714645138942,0.0000530716788489,0.0000595529527345,0.0000661999438307,0.0000604303531873,0.0000718692390365,0.000076520795119,0.0000565612681385,0.0000416628718085,0.0000587886279391,0.0000339470934705,0.0000204288371606,0.0000197075587494,0.0000158703933266,0.0000140007186928,0.0000108260765046,0.0000069592251748,0.00000669303381073,0.00000765876575315,0.00000648083050692,0.00000361958927897,0.00000228836211136,0.00000141602617987,9.10388280317e-7,5.5096666074e-7,3.28051527276e-7,1.73118763769e-7,9.27808585516e-8,4.95372098896e-8,3.13766044258e-8,2.24375753533e-8],"dmean2":[0.00574778718874,0.00254889810458,0.000763961870689,0.000351100316038,0.00037908682134,0.000369815970771,0.000244166352786,0.000153420769493,0.000157028451213,0.000114438807941,0.0000844680544105,0.0000955745708779,0.000107788233436,0.000100176199339,0.000120038253954,0.000129748776089,0.0000960061879596,0.0000700025775586,0.0000992923232843,0.0000571593518544,0.0000343444917235,0.0000325594519381,0.0000262965004367,0.0000231730246014,0.0000175546974788,0.0000110793325803,0.0000105655999505,0.0000120177273857,0.0000100412080428,0.00000556737313673,0.00000344184354617,0.00000209520339922,0.00000136301980547,8.30217061321e-7,4.95436779602e-7,2.65350280415e-7,1.43955830367e-7,7.78779849497e-8,5.08939166366e-8,3.69274708589e-8],"dvar":[0.0000577023602091,0.00000456983889308,4.97917937992e-7,1.98377264837e-7,3.67012631841e-7,3.42290235267e-7,9.63100248441e-8,3.56042271221e-8,5.88254422951e-8,4.55733513149e-8,1.84335089415e-8,1.9392912165e-8,2.43698643487e-8,1.08040163482e-8,1.717419984e-8,1.50504391172e-8,9.70843849757e-9,5.29333288313e-9,8.99772789609e-9,2.88101609236e-9,9.27228294145e-10,9.82680936623e-10,7.65966123861e-10,6.22254137106e-10,3.87924858902e-10,1.6666791558e-10,1.66403765767e-10,2.34107483399e-10,1.71873987265e-10,5.64034652317e-11,2.72834428661e-11,1.10942071502e-11,4.68561561079e-12,1.7764957257e-12,5.91446488139e-13,1.80902100483e-13,4.26875704652e-14,7.9383190898e-15,2.88648838447e-15,1.48937699467e-15],"dvar2":[0.00014859669318,0.0000121906568893,0.00000130499859097,4.67354880129e-7,8.47435785545e-7,7.15256021522e-7,2.29702209253e-7,8.65658122962e-8,1.48898763541e-7,1.19114908159e-7,4.39212470837e-8,4.64609613005e-8,6.13097341784e-8,2.80729750557e-8,4.07505957867e-8,4.15257765951e-8,2.55257806003e-8,1.39487585926e-8,2.41738096207e-8,7.89223264519e-9,2.48224463206e-9,2.540790911e-9,1.97519467449e-9,1.67884994795e-9,9.90254434008e-10,3.97280763842e-10,3.96690846838e-10,5.56885315639e-10,3.94965338213e-10,1.261408894e-10,5.92717194769e-11,2.2442624148e-11,9.97360874444e-12,3.98244588348e-12,1.30462275098e-12,4.19985172941e-13,9.8149271913e-14,1.8648875372e-14,7.2329066632e-15,3.74277135502e-15],"max":[0.0930394977331,0.0382655374706,0.0190533958375,0.0157498326153,0.0167070161551,0.0187171436846,0.00767674017698,0.00455792015418,0.00812134332955,0.00848370697349,0.00427770940587,0.00414980947971,0.00469335913658,0.00346155837178,0.00519616855308,0.00534080294892,0.00411211233586,0.00219592149369,0.00225568609312,0.00175018503796,0.000733057851903,0.00068705965532,0.000824702787213,0.000468183890916,0.00043616417679,0.000359092868166,0.000381110585295,0.000384013837902,0.000333398405928,0.00021611918055,0.00014185787586,0.000111836721771,0.0000581391213927,0.0000427295635745,0.0000170723105839,0.0000130809385155,0.00000523597827851,0.00000205956030186,8.7793006287e-7,7.43470934594e-7],"mean":[0.0040464354679,0.00215097353794,0.00067595258588,0.000344396801665,0.00038320152089,0.000401382741984,0.000255269755144,0.000164759359905,0.000157300455612,0.000112367197289,0.0000807855467428,0.0000907724752324,0.00010614914936,0.000106447187136,0.000127969527966,0.000140399613883,0.00010501795623,0.0000803199654911,0.000108367952635,0.0000640220605419,0.0000398461306759,0.0000376555144612,0.000030915143725,0.0000270935051958,0.000020392886654,0.0000136566313813,0.0000134030424306,0.0000155087000167,0.0000132532932184,0.00000728586701371,0.0000042995638978,0.00000257072679233,0.00000158051966537,8.85981648935e-7,5.1114756161e-7,2.50931492474e-7,1.30590137815e-7,6.48891642641e-8,3.68155284036e-8,2.45071678506e-8],"median":[0.00153118907474,0.00129667751025,0.000381300720619,0.000156184105435,0.000152553315274,0.000156489622896,0.000129114006995,0.0000805485178716,0.0000653164388495,0.0000424468089477,0.0000318315142067,0.0000390637906094,0.0000495421336382,0.0000656881529721,0.0000812695070636,0.000100678997114,0.0000660722871544,0.0000492344406666,0.0000643460807623,0.0000403584090236,0.0000274208578048,0.0000220256715693,0.0000175311979547,0.0000129820891743,0.00000951381571213,0.00000711104212314,0.00000622361312708,0.00000630909516985,0.00000550062168259,0.00000323445055983,0.00000179321739324,9.95180357677e-7,6.80952155108e-7,3.8239571154e-7,2.11811141071e-7,1.01296301125e-7,5.40181126496e-8,2.86860792897e-8,1.60878723676e-8,1.03945536623e-8],"min":[4.02840104291e-24,2.08692142734e-23,1.6279807698e-23,2.16298008261e-23,1.19009954299e-23,1.15669522796e-23,1.33805750551e-23,1.41717094575e-23,1.37045050086e-23,5.4457639974e-24,8.41226359857e-24,8.22734908036e-24,1.14175680565e-23,7.5404026932e-24,1.20489336709e-23,5.98179656022e-24,1.25318183079e-23,1.04803918348e-23,6.48348764125e-24,8.68607485219e-24,1.10487408735e-23,8.65059031095e-24,6.8811760894e-24,6.86329971242e-24,1.2177996837e-23,9.79935953784e-24,1.0213914621e-23,1.20562550889e-23,9.08362840512e-24,1.49224731141e-23,8.31841597212e-24,7.08518419696e-24,1.18964602685e-23,8.38718965469e-24,1.05835101546e-23,1.10744553724e-23,1.0092416631e-23,1.12467481161e-23,1.22103204126e-23,1.02402704639e-23],"var":[0.0000562583882129,0.00000715838905307,8.92696732535e-7,4.27994763186e-7,6.94367031429e-7,9.86452619145e-7,1.85287731824e-7,7.3623503738e-8,1.10628477046e-7,7.54605267161e-8,3.01292679694e-8,3.26075912938e-8,4.33761258023e-8,2.07169819078e-8,3.56894176434e-8,3.22459214885e-8,2.00822309893e-8,1.17645733155e-8,1.97182128403e-8,5.95160010164e-9,1.92693683232e-9,2.055637216e-9,1.62006297266e-9,1.28960542245e-9,8.16840817208e-10,3.81011722173e-10,4.13197448479e-10,5.75156922089e-10,4.28528601493e-10,1.33809643921e-10,5.99708893656e-11,2.64557889484e-11,9.63487449546e-12,2.80494442777e-12,9.03807573487e-13,2.35100404856e-13,5.65163692755e-14,1.07704076303e-14,3.32857711425e-15,1.60955222928e-15]},"melbands_crest":{"dmean":4.88421010971,"dmean2":8.03835678101,"dvar":19.0470867157,"dvar2":47.2540130615,"max":39.9043617249,"mean":16.0344619751,"median":14.6377811432,"min":2.02327203751,"var":52.286239624},"melbands_flatness_db":{"dmean":0.0340121686459,"dmean2":0.0535214096308,"dvar":0.000992401037365,"dvar2":0.00240964978002,"max":0.495951771736,"mean":0.208959817886,"median":0.200282603502,"min":0.00396991474554,"var":0.00369994528592},"melbands_kurtosis":{"dmean":6.39808368683,"dmean2":10.778096199,"dvar":213.04083252,"dvar2":569.941955566,"max":990.300170898,"mean":9.27378082275,"median":2.91951322556,"min":-1.76371777058,"var":1557.29504395},"melbands_skewness":{"dmean":0.870932519436,"dmean2":1.40995657444,"dvar":0.985292255878,"dvar2":2.47521710396,"max":30.1551303864,"mean":2.20448446274,"median":1.81358850002,"min":-1.94853544235,"var":3.97488021851},"melbands_spread":{"dmean":9.42792320251,"dmean2":15.0540113449,"dvar":84.5467376709,"dvar2":198.527603149,"max":219.773101807,"mean":31.9756660461,"median":29.5010643005,"min":0.657855629921,"var":334.236022949},"mfcc":{"cov":[[16220.2861328,1739.68139648,-1358.83532715,1709.8026123,-813.421936035,352.956085205,-268.76083374,80.5974960327,44.437084198,119.662750244,-309.018432617,-8.59872722626,-62.7635116577],[1739.68139648,1403.40905762,-210.423706055,-43.6071052551,63.2748260498,-15.1125268936,12.2453336716,-39.3470191956,13.2381286621,-17.9059696198,33.5552940369,4.92371559143,-4.81903791428],[-1358.83532715,-210.423706055,474.62789917,-174.524597168,40.8505172729,-39.3934440613,13.2969179153,6.12880373001,1.21288263798,-19.4388084412,26.1481838226,-8.5358877182,-0.729575157166],[1709.8026123,-43.6071052551,-174.524597168,474.925415039,-169.46937561,93.3578262329,-41.3954162598,0.636673629284,17.6327342987,21.6228694916,-58.1170959473,-1.99164235592,2.8561899662],[-813.421936035,63.2748260498,40.8505172729,-169.46937561,392.923553467,6.85916519165,45.7146949768,25.0475654602,-13.5758342743,13.8339138031,69.365562439,28.8241176605,12.4596605301],[352.956085205,-15.1125268936,-39.3934440613,93.3578262329,6.85916519165,135.544784546,19.6181182861,18.385597229,-2.80740594864,-6.81087493896,-16.1372089386,5.12078905106,8.16673564911],[-268.76083374,12.2453336716,13.2969179153,-41.3954162598,45.7146949768,19.6181182861,108.360183716,11.5122051239,18.914358139,-9.33208179474,1.60002553463,-3.02566123009,11.8243684769],[80.5974960327,-39.3470191956,6.12880373001,0.636673629284,25.0475654602,18.385597229,11.5122051239,102.016799927,10.0977725983,23.698184967,7.39192867279,1.44311034679,-5.38054227829],[44.437084198,13.2381286621,1.21288263798,17.6327342987,-13.5758342743,-2.80740594864,18.914358139,10.0977725983,79.1541976929,22.3577880859,5.73303031921,-1.3203394413,0.247817412019],[119.662750244,-17.9059696198,-19.4388084412,21.6228694916,13.8339138031,-6.81087493896,-9.33208179474,23.698184967,22.3577880859,80.9393310547,33.4862136841,14.8995752335,-1.5429828167],[-309.018432617,33.5552940369,26.1481838226,-58.1170959473,69.365562439,-16.1372089386,1.60002553463,7.39192867279,5.73303031921,33.4862136841,92.5211334229,25.9175949097,-0.151908323169],[-8.59872722626,4.92371559143,-8.5358877182,-1.99164235592,28.8241176605,5.12078905106,-3.02566123009,1.44311034679,-1.3203394413,14.8995752335,25.9175949097,60.1827392578,19.08111763],[-62.7635116577,-4.81903791428,-0.729575157166,2.8561899662,12.4596605301,8.16673564911,11.8243684769,-5.38054227829,0.247817412019,-1.5429828167,-0.151908323169,19.08111763,52.0729637146]],"icov":[[0.000164279670571,-0.000216079453821,0.000169202423422,-0.000427431077696,0.000125170583487,-0.0000848667987157,0.000178206915734,-0.000228956501815,0.0000733133929316,-0.000204052674235,0.000322121864883,-0.000125769816805,0.000163691365742],[-0.000216079453821,0.00110356521327,0.000247148156632,0.000699126976542,-0.000260092056124,0.000168493614183,-0.000236319887335,0.000562131404877,-0.000415855582105,0.000733639695682,-0.000877769198269,0.000245439965511,-0.000114423048217],[0.000169202423422,0.000247148156632,0.00294013158418,0.000522342219483,0.000242142603383,0.0000323286549246,0.000339551887009,-0.000425894453656,-0.000453278422356,0.000768966739997,-0.000537278247066,0.00039933717926,-0.0000677175848978],[-0.000427431077696,0.000699126976542,0.000522342219483,0.00484628230333,0.000867517839652,-0.00224399380386,0.00077388540376,0.000868474307936,-0.000983667443506,-0.00082216761075,0.000407494197134,0.000145214202348,-0.000722318305634],[0.000125170583487,-0.000260092056124,0.000242142603383,0.000867517839652,0.00375248119235,-0.00100206537172,-0.00084864749806,-0.000731072388589,0.000925151223782,-0.000492068822496,-0.0016091123689,-0.000702390214428,-0.000307238806272],[-0.0000848667987157,0.000168493614183,0.0000323286549246,-0.00224399380386,-0.00100206537172,0.0100220460445,-0.00229197577573,-0.00170105579309,0.000928009976633,0.00172526435927,0.000508460972924,-0.000998502247967,-0.000536425912287],[0.000178206915734,-0.000236319887335,0.000339551887009,0.00077388540376,-0.00084864749806,-0.00229197577573,0.0119694489986,-0.00122360780369,-0.00366712850519,0.00179055938497,0.000352594332071,0.00150156824384,-0.00260530714877],[-0.000228956501815,0.000562131404877,-0.000425894453656,0.000868474307936,-0.000731072388589,-0.00170105579309,-0.00122360780369,0.0117556340992,-0.000590611540247,-0.00343359960243,0.000220744681428,0.000327054935042,0.00143855786882],[0.0000733133929316,-0.000415855582105,-0.000453278422356,-0.000983667443506,0.000925151223782,0.000928009976633,-0.00366712850519,-0.000590611540247,0.0153924357146,-0.00478852447122,0.0000534970931767,0.000751821091399,0.0000117800836961],[-0.000204052674235,0.000733639695682,0.000768966739997,-0.00082216761075,-0.000492068822496,0.00172526435927,0.00179055938497,-0.00343359960243,-0.00478852447122,0.0191670600325,-0.00694653997198,-0.00164867867716,0.000138201285154],[0.000322121864883,-0.000877769198269,-0.000537278247066,0.000407494197134,-0.0016091123689,0.000508460972924,0.000352594332071,0.000220744681428,0.0000534970931767,-0.00694653997198,0.0181085113436,-0.00611028587446,0.00261089322157],[-0.000125769816805,0.000245439965511,0.00039933717926,0.000145214202348,-0.000702390214428,-0.000998502247967,0.00150156824384,0.000327054935042,0.000751821091399,-0.00164867867716,-0.00611028587446,0.0229037664831,-0.00857664924115],[0.000163691365742,-0.000114423048217,-0.0000677175848978,-0.000722318305634,-0.000307238806272,-0.000536425912287,-0.00260530714877,0.00143855786882,0.0000117800836961,0.000138201285154,0.00261089322157,-0.00857664924115,0.0234814826399]],"mean":[-664.031799316,143.784255981,-39.6834487915,36.1165771484,3.34454083443,24.0206489563,2.07362627983,2.19846606255,-0.956978440285,4.97583150864,4.0185956955,8.62319564819,4.15894126892]},"pitch_salience":{"dmean":0.0798617750406,"dmean2":0.130362644792,"dvar":0.00579347321764,"dvar2":0.0144463740289,"max":0.876391410828,"mean":0.552842140198,"median":0.577961862087,"min":0.00629848567769,"var":0.0165220312774},"silence_rate_20dB":{"dmean":0,"dmean2":0,"dvar":0,"dvar2":0,"max":1,"mean":1,"median":1,"min":1,"var":0},"silence_rate_30dB":{"dmean":0.0544248782098,"dmean2":0.108855985105,"dvar":0.05147318542,"dvar2":0.11758993566,"max":1,"mean":0.951752126217,"median":1,"min":0,"var":0.0459160320461},"silence_rate_60dB":{"dmean":0.00468785734847,"dmean2":0.00937625020742,"dvar":0.00466594938189,"dvar2":0.0107750697061,"max":1,"mean":0.11398845166,"median":0,"min":0,"var":0.100999481976},"spectral_centroid":{"dmean":240.234054565,"dmean2":362.443969727,"dvar":55831.8828125,"dvar2":112186.585938,"max":11070.6513672,"mean":1704.99157715,"median":1659.24511719,"min":240.858947754,"var":383280.78125},"spectral_complexity":{"dmean":3.69071578979,"dmean2":5.65685224533,"dvar":13.7459278107,"dvar2":28.8430862427,"max":62,"mean":28.0589942932,"median":30,"min":0,"var":219.517578125},"spectral_contrast_coeffs":{"dmean":[0.0507910735905,0.0468740873039,0.0369780287147,0.0282924119383,0.0212459042668,0.0366888009012],"dmean2":[0.0855470150709,0.0773739367723,0.0616124495864,0.0480962470174,0.0349656529725,0.0563916191459],"dvar":[0.00160361884627,0.00139478757046,0.000888242560904,0.000489630037919,0.000302743603243,0.00101938692387],"dvar2":[0.00453407270834,0.00380387506448,0.00243611214682,0.00139896781184,0.000786614662502,0.00237071304582],"max":[-0.3423640728,-0.424496471882,-0.548946022987,-0.622235655785,-0.633815526962,-0.451687037945],"mean":[-0.715871334076,-0.767933607101,-0.802137196064,-0.799038469791,-0.796800076962,-0.705357849598],"median":[-0.718555688858,-0.772714734077,-0.805942416191,-0.798841834068,-0.794493556023,-0.695581436157],"min":[-0.969358801842,-0.960904538631,-0.967890322208,-0.958333611488,-0.958978772163,-0.959073603153],"var":[0.00677486276254,0.00472092395648,0.00278646615334,0.0016966565745,0.00144416210242,0.00755999609828]},"spectral_contrast_valleys":{"dmean":[0.392045170069,0.327985882759,0.289671391249,0.224432423711,0.24716848135,0.502847790718],"dmean2":[0.650496602058,0.546142458916,0.475980341434,0.368271440268,0.36230379343,0.776425719261],"dvar":[0.103479489684,0.0713599696755,0.058804679662,0.0413267873228,0.0744634345174,0.187322661281],"dvar2":[0.265596568584,0.186809957027,0.143341749907,0.0950684696436,0.136347815394,0.459933310747],"max":[-5.03928184509,-4.68422889709,-5.39938354492,-5.41552019119,-5.31698083878,-8.96267700195],"mean":[-7.2236289978,-6.84026193619,-7.25226545334,-7.04357194901,-7.46133947372,-11.3065929413],"median":[-6.7888174057,-6.41721153259,-6.83251571655,-6.56583881378,-6.94503545761,-10.9879226685],"min":[-26.8186283112,-27.2667770386,-27.1818847656,-27.1674079895,-27.279340744,-27.2978153229],"var":[2.69286775589,2.50230383873,2.37500858307,2.34054875374,2.79642415047,1.82471978664]},"spectral_decrease":{"dmean":3.98653376976e-9,"dmean2":6.41780983912e-9,"dvar":4.58590883746e-17,"dvar2":1.13594873872e-16,"max":8.21699419618e-9,"mean":-6.75451206078e-9,"median":-4.88554219302e-9,"min":-8.21382926119e-8,"var":6.12287890613e-17},"spectral_energy":{"dmean":0.0149345844984,"dmean2":0.0240619257092,"dvar":0.00061507744249,"dvar2":0.00153490377124,"max":0.320213675499,"mean":0.0449001267552,"median":0.0418681837618,"min":1.07002678479e-20,"var":0.00119799969252},"spectral_energyband_high":{"dmean":0.000507500080857,"dmean2":0.000735829642508,"dvar":5.91872890254e-7,"dvar2":0.00000119104015539,"max":0.0206816829741,"mean":0.00184155197348,"median":0.0012726879213,"min":7.87600989595e-21,"var":0.00000382222788176},"spectral_energyband_low":{"dmean":0.0132084721699,"dmean2":0.0217499155551,"dvar":0.000611764786299,"dvar2":0.00154590955935,"max":0.301908433437,"mean":0.0185611955822,"median":0.0105902906507,"min":1.01127979569e-22,"var":0.000689541629981},"spectral_energyband_middle_high":{"dmean":0.00232440955006,"dmean2":0.00370729481801,"dvar":0.00000860335603647,"dvar2":0.0000213813364098,"max":0.0525925420225,"mean":0.00854103825986,"median":0.00714281154796,"min":1.43990263537e-21,"var":0.000049531696277},"spectral_energyband_middle_low":{"dmean":0.00302741234191,"dmean2":0.00469878735021,"dvar":0.0000199199766939,"dvar2":0.0000455098415841,"max":0.0884240046144,"mean":0.00768148526549,"median":0.00542040076107,"min":3.72621742864e-22,"var":0.0000642603845336},"spectral_entropy":{"dmean":0.10711337626,"dmean2":0.159891143441,"dvar":0.0116029828787,"dvar2":0.0247843675315,"max":9.80437469482,"mean":7.69280576706,"median":7.73875999451,"min":6.22446632385,"var":0.0727008804679},"spectral_flux":{"dmean":0.0245699062943,"dmean2":0.0403796136379,"dvar":0.00120652583428,"dvar2":0.00288407877088,"max":0.451104313135,"mean":0.113673605025,"median":0.116821184754,"min":1.03442102106e-10,"var":0.00380684807897},"spectral_kurtosis":{"dmean":4.01906394958,"dmean2":6.0333237648,"dvar":26.2704925537,"dvar2":59.1222877502,"max":80.4321060181,"mean":20.9985599518,"median":19.0440788269,"min":-1.21795666218,"var":104.530021667},"spectral_rms":{"dmean":0.000945323088672,"dmean2":0.0014965350274,"dvar":0.0000015243232383,"dvar2":0.00000364541870113,"max":0.0176749415696,"mean":0.00598371820524,"median":0.0063911662437,"min":3.2309883935e-12,"var":0.00000800034649728},"spectral_rolloff":{"dmean":4055.9230957,"dmean2":7648.27587891,"dvar":48030600,"dvar2":108966032,"max":22050,"mean":16160.0058594,"median":20607.2753906,"min":21.533203125,"var":65150868},"spectral_skewness":{"dmean":0.326780229807,"dmean2":0.478282243013,"dvar":0.144845142961,"dvar2":0.302257597446,"max":7.23591041565,"mean":2.94516992569,"median":2.78224396706,"min":-0.0127616608515,"var":0.941398322582},"spectral_spread":{"dmean":332030.5625,"dmean2":520884.9375,"dvar":149250424832,"dvar2":279491837952,"max":41374576,"mean":3805373.75,"median":3701355.75,"min":1976757.25,"var":770911305728},"spectral_strongpeak":{"dmean":4.3775510788,"dmean2":8.29954910278,"dvar":242.531677246,"dvar2":666.066589355,"max":172.015182495,"mean":3.62297224998,"median":0.247887551785,"min":0,"var":225.857788086},"zerocrossingrate":{"dmean":0.0403275303543,"dmean2":0.0500425323844,"dvar":0.00126422964968,"dvar2":0.00191334227566,"max":0.99951171875,"mean":0.310502111912,"median":0.310546875,"min":0,"var":0.00956466980278}},"metadata":{"audio_properties":{"analysis_sample_rate":44100,"bit_rate":320000,"codec":"mp3","downmix":"mix","equal_loudness":0,"length":406.152923584,"lossless":false,"md5_encoded":"facd4246ab185eef5ade3a56c120bf2d","replay_gain":-9.88093757629,"sample_rate":44100},"tags":{"album":["Diary of a Madman"],"albumartist":["Ozzy Osbourne"],"albumartistsort":["LBUMARTISTSORT","Osbourne, Ozzy"],"artist":["Ozzy Osbourne"],"artistsort":["Osbourne, Ozzy"],"asin":["SIN"],"composer":["B. Dailsey/B. Daisley/Bob Daisley/Ozzy Osbourne/Randy Rhoads"],"date":["1981"],"discnumber":["1/1"],"file_name":"03. Ozzy Osbourne - You Can't Kill Rock and Roll.mp3","genre":["Heavy Metal"],"label":["Jet Records"],"language":["eng"],"media":["Vinyl"],"musicbrainz album release country":["us"],"musicbrainz album status":["usicBrai"],"musicbrainz album type":["usicB"],"musicbrainz_albumartistid":["usicBrainz Album Artist Id"],"musicbrainz_albumid":["usicBrainz Album Id"],"musicbrainz_artistid":["usicBrainz Artist Id"],"musicbrainz_recordingid":["5d05b9ef-d681-4984-b226-72c37924f858"],"originaldate":["1981"],"script":["CRIP"],"title":["You Can't Kill Rock and Roll"],"tracknumber":["3/8"]},"version":{"essentia":"2.1-beta1","essentia_build_sha":"ca57ba49d9b1854bd80e60cf9ccf267278fb7d6b","essentia_git_sha":"v2.1_beta1-28-g21ef5f4-dirty","extractor":"music 1.0"}},"rhythm":{"beats_count":912,"beats_loudness":{"dmean":0.0199298728257,"dmean2":0.0353618487716,"dvar":0.000560129177757,"dvar2":0.00165994511917,"max":0.194332137704,"mean":0.0491149351001,"median":0.0487384498119,"min":2.23507101715e-9,"var":0.00106942013372},"beats_loudness_band_ratio":{"dmean":[0.255313456059,0.0699815526605,0.0565832443535,0.0690896958113,0.0685154125094,0.124948658049],"dmean2":[0.463186651468,0.119915165007,0.0987753048539,0.121017858386,0.122952215374,0.228778406978],"dvar":[0.0343765541911,0.00823613628745,0.00436617294326,0.0038230039645,0.00309090362862,0.00888190697879],"dvar2":[0.105668835342,0.022580