{"lowlevel":{"average_loudness":0.896172404289,"barkbands":{"dmean":[0.0000155306752276,0.000786327931564,0.00131452362984,0.0016116873594,0.00255506811664,0.00225370214321,0.00121943373233,0.00111126084812,0.000911794020794,0.00035758013837,0.000332555122441,0.000262188172201,0.000248085154453,0.000285857444396,0.000223451119382,0.000146765160025,0.000141145152156,0.000127595223603,0.000062999461079,0.0000764166325098,0.0000307995214825,0.0000445486475655,0.0000475890628877,0.000022381223971,0.0000113845453598,0.00000142212115861,2.38022703769e-8],"dmean2":[0.0000222022590606,0.00134070077911,0.00222191121429,0.00273732910864,0.00408651540056,0.00373944710009,0.00180338101927,0.00173608656041,0.00141679483932,0.000570360629354,0.000522804213688,0.000419336371124,0.000389658147469,0.000448021542979,0.000351810856955,0.00023163863807,0.00022191858443,0.000200271053473,0.0000950856119744,0.0001162160479,0.000044251424697,0.0000664917897666,0.0000749422761146,0.0000332248200721,0.0000169335817191,0.0000021336629743,3.88361947046e-8],"dvar":[5.7170401746e-10,0.00000116192086352,0.00000350636264557,0.00000567781353311,0.0000106267325464,0.0000163608692674,0.00000651895334158,0.00000766645007388,0.00000451954429082,0.00000135452319228,0.00000162585172347,4.84630959363e-7,6.85133613842e-7,6.7646072921e-7,3.28260682636e-7,1.15357110531e-7,9.74592566649e-8,7.63312257845e-8,1.17282494827e-8,2.3637134916e-8,2.62243449178e-9,8.34894908763e-9,8.99086938233e-9,2.05257855157e-9,8.8431462153e-10,6.72493441142e-12,3.37553916195e-15],"dvar2":[1.11580189532e-9,0.00000319173273056,0.00000963250386121,0.0000151738922796,0.0000261832738033,0.0000439959439973,0.0000140139836731,0.000019739723939,0.0000108635395009,0.00000350054392584,0.00000408668438467,0.00000121220944038,0.00000179013318302,0.00000171484521161,7.96610038378e-7,2.94800599931e-7,2.38442851241e-7,1.85228216765e-7,2.6446226542e-8,5.40224149859e-8,5.29559285312e-9,1.68984310989e-8,2.22179910025e-8,4.26486845839e-9,1.80404124972e-9,1.51826762967e-11,8.4581398214e-15],"max":[0.000360555917723,0.0134877115488,0.0287617836148,0.033273473382,0.0602799542248,0.0438251197338,0.045787923038,0.0477245897055,0.0369074754417,0.0315235070884,0.0381574518979,0.0123147796839,0.0171167794615,0.0167869087309,0.0110208233818,0.00636057648808,0.0072291539982,0.0047241197899,0.00216454314068,0.00304935569875,0.00126044254284,0.00286112958565,0.00184897938743,0.00146436272189,0.00136032036971,0.0000559250256629,0.00000126680890844],"mean":[0.0000164878692885,0.00127052539028,0.0024928720668,0.00335257709958,0.00619820086285,0.0034079910256,0.00239319656976,0.00164519879036,0.00155261531472,0.000564227637369,0.000500553636812,0.000421385047957,0.000372429873096,0.000478913076222,0.000416512484662,0.000278606486972,0.000280420295894,0.000244758382905,0.000133276567794,0.000163428616361,0.0000591658936173,0.0000847122573759,0.0000658117860439,0.0000335575641657,0.0000165211113199,0.00000182953783678,3.08148884187e-8],"median":[0.00000344378918271,0.000892197014764,0.00156322075054,0.00167951430194,0.00422225845978,0.00145745347254,0.000925904372707,0.00047730532242,0.000376603886252,0.000178181027877,0.0000868537827046,0.000112603316666,0.0000598270562477,0.0000962678677752,0.000106109146145,0.000100329561974,0.00007909964188,0.0000849690113682,0.0000618576887064,0.0000573665965931,0.0000303541091853,0.0000354572512151,0.0000268471030722,0.0000128252922877,0.00000562361310585,7.54399650305e-7,1.53641419587e-8],"min":[1.09816403649e-23,3.3287623571e-23,2.35809260017e-24,2.80762064828e-24,2.41451453535e-23,2.10729865116e-23,2.81763697296e-23,5.21382705835e-24,4.04603034864e-23,2.71157146881e-23,2.36545401348e-23,5.49441241833e-23,1.16859178683e-22,9.1829884338e-23,9.87599074835e-23,1.39482788055e-22,1.78754783029e-22,1.82550617622e-22,1.55139051695e-22,2.62085921736e-22,4.0653465861e-22,5.24090003886e-22,5.46843226261e-22,7.94361020157e-22,1.28572644837e-21,1.32118868693e-21,2.03044587802e-21],"var":[8.27605428633e-10,0.00000173338605691,0.00000806847401691,0.0000161329990078,0.0000377337019017,0.0000245311130129,0.0000208688034036,0.0000142739872899,0.0000100305014712,0.00000217648403122,0.00000297775386571,9.02249951196e-7,0.00000140095073675,0.00000145910519223,8.47669070936e-7,2.7564328775e-7,2.61991289108e-7,1.92148817746e-7,3.62879646332e-8,7.77908084615e-8,6.74887878915e-9,2.60728931778e-8,1.38913716086e-8,6.11410522211e-9,2.09212047686e-9,9.81899891256e-12,3.46322973012e-15]},"barkbands_crest":{"dmean":2.30528283119,"dmean2":3.7292201519,"dvar":4.30928707123,"dvar2":11.0196533203,"max":25.5013504028,"mean":10.7301044464,"median":10.0077676773,"min":2.88091635704,"var":15.7892246246},"barkbands_flatness_db":{"dmean":0.0209913682193,"dmean2":0.0298099927604,"dvar":0.000332982308464,"dvar2":0.000696361123119,"max":0.359236627817,"mean":0.172314703465,"median":0.165814340115,"min":0.0484589524567,"var":0.0021039119456},"barkbands_kurtosis":{"dmean":3.62543392181,"dmean2":5.63184022903,"dvar":21.8724651337,"dvar2":51.4854164124,"max":103.099189758,"mean":8.79774665833,"median":5.68278837204,"min":-1.91474699974,"var":97.7760238647},"barkbands_skewness":{"dmean":0.506501615047,"dmean2":0.778177857399,"dvar":0.234330952168,"dvar2":0.551900327206,"max":9.84174346924,"mean":2.24194169044,"median":2.16047739983,"min":-2.05015563965,"var":1.41728925705},"barkbands_spread":{"dmean":3.83623409271,"dmean2":5.96253013611,"dvar":27.6329727173,"dvar2":65.8942947388,"max":129.009796143,"mean":13.7330226898,"median":11.6080064774,"min":1.34092903137,"var":117.60433197},"dissonance":{"dmean":0.0209361836314,"dmean2":0.0347849875689,"dvar":0.000354235555278,"dvar2":0.000937455100939,"max":0.499860048294,"mean":0.448322325945,"median":0.456642836332,"min":0.262753248215,"var":0.00117287284229},"dynamic_complexity":3.41239261627,"erbbands":{"dmean":[0.0108705451712,0.230800658464,1.32399010658,3.37151074409,7.32512664795,9.8210439682,10.6882619858,21.9535274506,15.2311582565,18.6144752502,26.4525661469,19.864151001,13.2745666504,12.4271001816,10.9764308929,9.42765426636,8.87545490265,12.6936130524,14.7510938644,8.59339141846,7.34724283218,7.3182387352,7.56633520126,2.80025696754,3.99144744873,3.47641777992,1.28634166718,1.31405854225,1.46307373047,1.86246740818,1.20602846146,0.630680382252,0.299860745668,0.163598284125,0.0604209899902,0.0122164720669,0.00171427207533,0.000139476891491,0.00000660582009004,0.00000768331756262],"dmean2":[0.0177010521293,0.395191192627,2.23335003853,5.73917627335,12.1755886078,15.9060382843,17.5028266907,36.0996398926,23.4458026886,26.8960361481,41.6265525818,31.09400177,20.8632411957,19.5424118042,16.9386577606,15.2016077042,13.5362033844,19.5547580719,23.2859992981,13.0547647476,11.5586061478,11.4120492935,11.6772727966,4.20828771591,5.99300527573,5.26170063019,1.87805843353,1.86772418022,2.15831112862,2.88146805763,1.90259957314,0.97029286623,0.440801441669,0.243980512023,0.0911141559482,0.0183386746794,0.00258183921687,0.000210183177842,0.00000969244592852,0.0000118757852761],"dvar":[0.00023690488888,0.0989281758666,3.46779942513,23.9367294312,95.7407150269,174.339385986,315.85559082,1700.60302734,936.028320313,2003.52307129,4307.65380859,2185.20996094,1100.47790527,1592.48156738,1316.19458008,751.916687012,761.340820313,1527.10632324,1656.62023926,374.617858887,329.232513428,241.8203125,248.689086914,25.5286064148,56.0083389282,53.7428245544,4.28334856033,5.59033155441,9.36902141571,14.5540933609,5.98216342926,1.60870325565,0.408868670464,0.183966264129,0.0225565843284,0.000513701234013,0.0000110381215563,7.71903003738e-8,1.23267673846e-10,7.09493644391e-11],"dvar2":[0.000591132731643,0.27421849966,9.49199199677,65.0021286011,251.664245605,423.105651855,820.792724609,4534.39648438,2202.36645508,3957.05810547,11152.2480469,5333.62304688,2699.08178711,4033.83447266,3274.65649414,1886.42272949,1811.57678223,3961.54248047,4252.47167969,799.721313477,842.461364746,595.52734375,596.1875,57.9937744141,126.034873962,125.849647522,9.22759628296,11.3472309113,19.4685840607,31.2152843475,14.9775133133,3.74285936356,0.807063698769,0.369100511074,0.0496273674071,0.00117952178698,0.000024921804652,1.6882783882e-7,2.8867280788e-10,1.64099414612e-10],"max":[0.123525567353,3.94948911667,30.021194458,74.1880874634,154.115875244,250.780288696,256.08706665,490.426239014,491.00592041,969.071472168,1129.22351074,859.023681641,545.422851563,858.52154541,1013.53948975,594.565551758,683.597473145,775.091064453,757.120239258,461.61340332,410.815063477,301.522918701,285.30255127,142.471130371,140.291030884,188.523208618,42.2743988037,67.4106445313,94.8066558838,122.840087891,41.6076431274,36.3077354431,24.1757488251,17.1276721954,7.58115196228,0.697408974171,0.083920955658,0.00516590196639,0.000276565551758,0.000110255939944],"mean":[0.015410669148,0.391466498375,2.6626124382,7.45326948166,16.3657913208,22.3813552856,18.6887187958,32.4872741699,29.1077613831,36.942035675,41.3331069946,34.4003257751,23.0827941895,20.2889595032,18.7276954651,15.8709869385,14.3449707031,22.2693595886,27.3196277618,18.5759868622,14.9644699097,16.0390357971,16.069683075,6.40796375275,8.81648540497,7.62258672714,2.63910722733,2.45803666115,2.75043559074,3.1667778492,1.62571763992,0.885803937912,0.465131193399,0.242881461978,0.083614602685,0.0159292872995,0.00221330113709,0.000200125257834,0.0000199974147108,0.0000310765462928],"median":[0.0102650150657,0.279077082872,1.75631415844,4.69188070297,12.2409715652,14.1122493744,10.4133634567,11.5817070007,14.7243423462,11.4209842682,12.7286272049,9.91289520264,8.07392692566,6.00238656998,5.59509420395,4.38185501099,2.93135404587,4.56217432022,6.23904848099,6.28438806534,5.42128038406,4.70710706711,5.21604394913,3.39700675011,3.4404053688,2.72009706497,1.38685548306,1.15862119198,1.1674144268,1.26982605457,0.667555510998,0.35332134366,0.175255298615,0.0777685418725,0.0322735346854,0.0067102513276,0.000889861083124,0.0000923107436392,0.0000171241190401,0.000028464688512],"min":[1.45144651032e-21,6.20380854991e-21,2.97347438744e-21,7.68731093429e-21,2.74578694616e-20,1.10495561707e-19,9.47487182559e-20,1.97095581577e-19,3.28899134917e-19,3.34527737094e-19,5.65940483195e-19,8.7942668421e-19,7.24457188183e-19,1.7869069921e-18,1.32246782562e-18,3.17900688168e-18,4.86530555024e-18,4.60746053201e-18,6.48856395713e-18,5.42278144253e-18,8.5126984907e-18,9.52635704618e-18,1.05602409948e-17,8.4147718867e-18,9.71348349872e-18,1.37199534751e-17,1.65841225944e-17,1.50106215829e-17,1.74460745712e-17,1.67021215631e-17,1.69980338467e-17,1.40983340115e-17,1.26941816868e-17,1.19573664202e-17,1.05163317664e-17,5.29965436758e-18,2.77061850748e-18,1.04965611158e-18,2.77325121658e-19,2.93182826698e-20],"var":[0.000276508624665,0.157316714525,8.46939086914,60.1571731567,248.725189209,585.897094727,559.742370605,2699.65893555,2067.47021484,7053.21337891,8012.21533203,4586.36669922,2033.75061035,2791.48071289,2469.98608398,1375.62011719,1563.05456543,3436.98730469,3844.43212891,1425.62072754,793.773071289,755.271362305,796.037658691,71.8260574341,187.921020508,169.246536255,11.6970214844,14.5739393234,28.0353717804,35.4655723572,8.67134189606,3.6116168499,1.36073768139,0.488031089306,0.0427218638361,0.0007934505702,0.0000158478251251,1.21666218433e-7,2.57043913932e-10,3.67321451034e-10]},"erbbands_crest":{"dmean":2.33436322212,"dmean2":3.83095884323,"dvar":4.77053689957,"dvar2":12.9215955734,"max":27.5567798615,"mean":9.1235666275,"median":8.45976734161,"min":1.88452446461,"var":12.5541934967},"erbbands_flatness_db":{"dmean":0.0173956956714,"dmean2":0.0241591371596,"dvar":0.0002377795754,"dvar2":0.000450421444839,"max":0.336822420359,"mean":0.172676682472,"median":0.173499807715,"min":0.0211265198886,"var":0.00143775518518},"erbbands_kurtosis":{"dmean":0.946126997471,"dmean2":1.50262379646,"dvar":1.45187783241,"dvar2":3.493227005,"max":37.3326148987,"mean":1.02725303173,"median":0.0260326564312,"min":-1.80466032028,"var":13.3268623352},"erbbands_skewness":{"dmean":0.364507168531,"dmean2":0.568180978298,"dvar":0.113009095192,"dvar2":0.272974491119,"max":4.66480827332,"mean":0.796660244465,"median":0.755498290062,"min":-2.07561469078,"var":0.739535748959},"erbbands_spread":{"dmean":8.14074039459,"dmean2":12.3694295883,"dvar":90.6300201416,"dvar2":205.170471191,"max":139.782608032,"mean":39.3858413696,"median":36.880657196,"min":4.19187879562,"var":358.688446045},"gfcc":{"cov":[[19126.2695313,1548.99499512,-2526.32373047,171.49987793,-892.801757813,174.976654053,-491.74609375,55.822303772,-124.431640625,-214.155166626,-172.370666504,-168.147674561,-62.0986595154],[1548.99499512,867.082092285,-278.32421875,-119.379737854,47.8864173889,-117.075927734,76.633895874,-70.1017608643,32.3561286926,-114.713531494,28.9410324097,-95.6323394775,9.10844421387],[-2526.32373047,-278.32421875,929.354553223,123.299880981,68.0261306763,49.4648780823,-16.1411075592,-11.5516824722,-42.5855560303,56.2075614929,1.03230595589,28.434627533,-21.9267730713],[171.49987793,-119.379737854,123.299880981,285.323577881,13.1206321716,-12.9827003479,-72.0906906128,0.408619046211,-1.57137084007,7.54267263412,-21.1118412018,3.0334546566,27.6085586548],[-892.801757813,47.8864173889,68.0261306763,13.1206321716,203.052612305,-20.1466159821,33.121837616,-8.27790164948,26.897397995,4.75962114334,4.33820295334,-13.7744960785,10.8895254135],[174.976654053,-117.075927734,49.4648780823,-12.9827003479,-20.1466159821,205.965133667,28.1968898773,-3.46349167824,-26.484960556,15.6247806549,-10.7523097992,6.20122480392,-17.1139507294],[-491.74609375,76.633895874,-16.1411075592,-72.0906906128,33.121837616,28.1968898773,146.120300293,10.6863355637,4.31143331528,-14.3074216843,22.6139392853,-2.51762318611,-9.10380363464],[55.822303772,-70.1017608643,-11.5516824722,0.408619046211,-8.27790164948,-3.46349167824,10.6863355637,92.2553710938,23.2311229706,12.7688837051,-8.1924161911,7.88336515427,-7.52911043167],[-124.431640625,32.3561286926,-42.5855560303,-1.57137084007,26.897397995,-26.484960556,4.31143331528,23.2311229706,92.1577453613,20.3968677521,-4.22083091736,-10.0130653381,-0.03755113855],[-214.155166626,-114.713531494,56.2075614929,7.54267263412,4.75962114334,15.6247806549,-14.3074216843,12.7688837051,20.3968677521,82.9336166382,16.9732646942,9.266746521,-14.4697980881],[-172.370666504,28.9410324097,1.03230595589,-21.1118412018,4.33820295334,-10.7523097992,22.6139392853,-8.1924161911,-4.22083091736,16.9732646942,75.497795105,18.5136470795,-12.9455919266],[-168.147674561,-95.6323394775,28.434627533,3.0334546566,-13.7744960785,6.20122480392,-2.51762318611,7.88336515427,-10.0130653381,9.266746521,18.5136470795,72.1736831665,17.3761444092],[-62.0986595154,9.10844421387,-21.9267730713,27.6085586548,10.8895254135,-17.1139507294,-9.10380363464,-7.52911043167,-0.03755113855,-14.4697980881,-12.9455919266,17.3761444092,64.0908355713]],"icov":[[0.000377927237423,-0.0011860440718,0.000925117521547,-0.000860533851665,0.00106388318818,-0.00100334431045,0.00138195604086,-0.00102009507827,0.00108418881427,-0.000878655293491,0.000977299991064,-0.000815682171378,0.00107052584644],[-0.0011860440718,0.0061446246691,-0.00261688744649,0.00330582517199,-0.00345089845359,0.00397388078272,-0.00490285409614,0.00458360742778,-0.00456228479743,0.0056152138859,-0.00493547040969,0.00549162179232,-0.00407299213111],[0.000925117521547,-0.00261688744649,0.00364274880849,-0.00264935824089,0.00200969772413,-0.00244357390329,0.00313889794052,-0.00210107746534,0.00337505037896,-0.00276094325818,0.00267715402879,-0.00239301123656,0.00342905404978],[-0.000860533851665,0.00330582517199,-0.00264935824089,0.00663522398099,-0.00277702696621,0.0023829753045,-0.00109525257722,0.00206947722472,-0.00280861416832,0.00281391944736,-0.00265590823255,0.00318879890256,-0.00463992590085],[0.00106388318818,-0.00345089845359,0.00200969772413,-0.00277702696621,0.00895744003356,-0.00230025569908,0.00215997267514,-0.00203858525492,0.00134161335882,-0.0030096496921,0.00246897875331,-0.000965999206528,0.00141813617665],[-0.00100334431045,0.00397388078272,-0.00244357390329,0.0023829753045,-0.00230025569908,0.0088506815955,-0.00582209927961,0.00394003884867,-0.00140730314888,0.00118966482114,-0.000668328604661,0.0021311910823,-0.00145440897904],[0.00138195604086,-0.00490285409614,0.00313889794052,-0.00109525257722,0.00215997267514,-0.00582209927961,0.0149293961003,-0.0061246030964,0.00342684914358,-0.00068919948535,0.000254399550613,-0.00275894487277,0.00370676722378],[-0.00102009507827,0.00458360742778,-0.00210107746534,0.00206947722472,-0.00203858525492,0.00394003884867,-0.0061246030964,0.0165441129357,-0.00650209421292,0.00219890917651,-0.00029471545713,0.000709897081833,-0.000537424755748],[0.00108418881427,-0.00456228479743,0.00337505037896,-0.00280861416832,0.00134161335882,-0.00140730314888,0.00342684914358,-0.00650209421292,0.0180354006588,-0.00856128521264,0.00528986752033,-0.00196892209351,0.00286259339191],[-0.000878655293491,0.0056152138859,-0.00276094325818,0.00281391944736,-0.0030096496921,0.00118966482114,-0.00068919948535,0.00219890917651,-0.00856128521264,0.0220598634332,-0.00906725134701,0.00390365836211,-0.000731027626898],[0.000977299991064,-0.00493547040969,0.00267715402879,-0.00265590823255,0.00246897875331,-0.000668328604661,0.000254399550613,-0.00029471545713,0.00528986752033,-0.00906725134701,0.0226357840002,-0.0105938725173,0.00851222407073],[-0.000815682171378,0.00549162179232,-0.00239301123656,0.00318879890256,-0.000965999206528,0.0021311910823,-0.00275894487277,0.000709897081833,-0.00196892209351,0.00390365836211,-0.0105938725173,0.0241239536554,-0.0111384987831],[0.00107052584644,-0.00407299213111,0.00342905404978,-0.00463992590085,0.00141813617665,-0.00145440897904,0.00370676722378,-0.000537424755748,0.00286259339191,-0.000731027626898,0.00851222407073,-0.0111384987831,0.0248007699847]],"mean":[-41.9928894043,122.723678589,-115.352622986,40.978515625,-69.4308242798,3.65164756775,-46.0966949463,-0.677855610847,-20.1319961548,-9.11602973938,-16.1989212036,-10.149805069,-10.1168870926]},"hfc":{"dmean":3.66602301598,"dmean2":5.15255355835,"dvar":19.7143650055,"dvar2":37.9208450317,"max":72.4727706909,"mean":14.9250631332,"median":10.914973259,"min":1.12767785904e-16,"var":158.92326355},"melbands":{"dmean":[0.000150331688928,0.000550046679564,0.000655952317175,0.00065125641413,0.000357754412107,0.000465850054752,0.000235625469941,0.000207836841582,0.00020680425223,0.000125285630929,0.0000689213702572,0.0000525278665009,0.0000441950032837,0.0000310439500026,0.0000195327083929,0.0000249646836892,0.000024513075914,0.0000282752207568,0.0000136753851621,0.0000108046397145,0.00000848850504553,0.00000694988466421,0.0000109109987534,0.00000523689413967,0.00000221830464397,0.00000249955701292,0.00000382400048693,0.00000206736058317,8.79721426372e-7,8.22064521344e-7,7.32129763037e-7,7.73827082412e-7,0.00000107828020646,0.00000109316977159,7.90400747519e-7,5.16225838965e-7,3.36750645147e-7,2.24360363177e-7,1.76055124257e-7,1.27983781795e-7],"dmean2":[0.000254251935985,0.000931596616283,0.00111027073581,0.0010466480162,0.000583767134231,0.000768377271015,0.000357739569154,0.000304129789583,0.000324934604578,0.000195922213607,0.000108734726382,0.0000831236611702,0.0000682295285515,0.0000494673040521,0.000030947408959,0.0000385800594813,0.0000379929369956,0.0000446753256256,0.0000210632424569,0.0000169796912814,0.00001351111041,0.0000109004959086,0.0000170640923898,0.00000830725366541,0.00000342768430528,0.00000383308770324,0.00000584031477047,0.00000320049571201,0.0000013317031744,0.00000121924722407,0.00000106825973489,0.00000116308876841,0.0000016475821667,0.00000171822341599,0.00000127182954657,8.25593872378e-7,5.14224211656e-7,3.3770206187e-7,2.66607798949e-7,1.93352789779e-7],"dvar":[4.48379644524e-8,5.72194494453e-7,8.01478336143e-7,7.07906053776e-7,2.96155008073e-7,7.30935880711e-7,2.12181035408e-7,2.17055628582e-7,2.40879074909e-7,8.99463898918e-8,3.09393968223e-8,2.95124529259e-8,2.58258996411e-8,6.72559785642e-9,4.44697167978e-9,7.23105220146e-9,5.87419268783e-9,6.60831878108e-9,1.29726518416e-9,5.66575730776e-10,4.73416750246e-10,2.22779183989e-10,6.70258071267e-10,1.15126880251e-10,1.87675916474e-11,1.93338903914e-11,6.53671283768e-11,1.95723801749e-11,2.25830985856e-12,2.11245994655e-12,1.69595251471e-12,2.84715415307e-12,4.96799259717e-12,5.05426950292e-12,2.79397035022e-12,1.05083877797e-12,5.46623022454e-13,2.58298943215e-13,1.79384840857e-13,1.3276157246e-13],"dvar2":[1.21104676509e-7,0.00000157532099365,0.00000215911131818,0.00000176115850081,7.63405978432e-7,0.00000195361576516,4.90385048124e-7,4.63500441583e-7,6.1356564629e-7,2.22036433684e-7,7.61180203313e-8,7.53602478198e-8,6.40694466369e-8,1.71386531633e-8,1.07434097174e-8,1.88239948073e-8,1.52505137407e-8,1.69791558591e-8,2.79612533127e-9,1.3702462498e-9,1.20589538355e-9,5.62794533199e-10,1.59258872756e-9,2.92239982214e-10,4.39888403481e-11,4.35605163052e-11,1.49196863197e-10,4.78450473684e-11,5.11471724349e-12,4.39321625953e-12,3.52627692671e-12,6.21459090785e-12,9.94553311234e-12,1.17213252993e-11,7.165554608e-12,2.64944294802e-12,1.21901078641e-12,5.35176395387e-13,3.66523353551e-13,2.75839816483e-13],"max":[0.0022487482056,0.0110056549311,0.0117892473936,0.0137470820919,0.00846394803375,0.00964575726539,0.00840567890555,0.00991381891072,0.00821683369577,0.00460492493585,0.0027518265415,0.00395321426913,0.00516685750335,0.00163067504764,0.00132750242483,0.00173698237631,0.00170681253076,0.00157188344747,0.000954208313487,0.000457175134216,0.000501839036588,0.000265296694124,0.000627774570603,0.000246099341894,0.000131396154757,0.0000946332875174,0.000176280766027,0.000123269157484,0.0000287561542791,0.0000384438499168,0.0000317746271321,0.0000504598247062,0.0000756761801313,0.0000636423210381,0.0000267669620371,0.0000222187463805,0.0000218238001253,0.0000200087015401,0.000014217840544,0.0000147141608977],"mean":[0.000237934465986,0.00107725523412,0.00150064670015,0.00155920116231,0.000691027555149,0.000694067392033,0.000462177878944,0.000389826047467,0.000326717825374,0.000210962811252,0.000114483387733,0.0000825318420539,0.0000701386015862,0.0000493628358527,0.0000302357748296,0.0000381838071917,0.0000408754167438,0.000048525926104,0.0000272437791864,0.0000213665243791,0.0000158589573402,0.0000140735692185,0.0000212268478208,0.00000989664295048,0.00000437548033005,0.0000051500455811,0.00000788935903984,0.00000418770878241,0.00000160205058819,0.0000014719344108,0.00000130523130792,0.00000138147981943,0.00000193765731638,0.00000167768268966,0.00000100488625776,6.51851280509e-7,4.83796497974e-7,3.40413436106e-7,2.58882096205e-7,1.8360258025e-7],"median":[0.000171822830453,0.000742495467421,0.00106131110806,0.00104002095759,0.000437981041614,0.000266607385129,0.000217321692617,0.000121290220704,0.0000923340558074,0.0000519665918546,0.0000370597954316,0.0000229712968576,0.0000172376639966,0.0000130680173243,0.00000694809978086,0.00000590963145441,0.00000844015266921,0.00000996390281216,0.00000679449021845,0.00000758479973229,0.00000523646622241,0.00000408298365073,0.00000538575977771,0.00000364066681868,0.00000219894945985,0.00000232555180446,0.00000239381074607,0.00000153265693825,7.8481446053e-7,7.02771615124e-7,5.95742960741e-7,5.63984258406e-7,7.3598897643e-7,6.55107783132e-7,3.92957105078e-7,2.5597321951e-7,1.81263942522e-7,1.26376193066e-7,8.54868815736e-8,5.57719914696e-8],"min":[1.19650864341e-23,3.10710676056e-24,1.5035487694e-24,5.05424128608e-24,4.25117575697e-24,4.5560673414e-24,5.4979254526e-24,2.9093065939e-24,7.3758660299e-24,4.38051423555e-24,3.53666972523e-24,6.10978766437e-24,3.32734627289e-24,6.84828611168e-24,1.09941658983e-23,9.6509621798e-24,8.61755518282e-24,1.05293185659e-23,6.51493597566e-24,8.99591811651e-24,9.75016143863e-24,8.6605512576e-24,1.19295987374e-23,7.39599933792e-24,6.25780913019e-24,5.46805760101e-24,8.95532491205e-24,8.70474797867e-24,9.59968069893e-24,9.41506673673e-24,8.96237969513e-24,8.79931820171e-24,8.56195074419e-24,9.90596146741e-24,1.04740572817e-23,8.17022687335e-24,8.14274138169e-24,7.95144734534e-24,9.64336150498e-24,1.04413668858e-23],"var":[5.81523060816e-8,0.00000127000919292,0.00000197576696337,0.00000248902097155,6.02686270668e-7,0.00000114234057946,5.45668513041e-7,6.74872921991e-7,4.81160896015e-7,1.88089998687e-7,5.47416441066e-8,4.94259673189e-8,4.74297010555e-8,1.21162937461e-8,7.66486163428e-9,1.49192516119e-8,1.2278372985e-8,1.44059706386e-8,4.49272352654e-9,1.64306279693e-9,1.05844355502e-9,6.28258167712e-10,1.88317184069e-9,2.85414997192e-10,4.17576737077e-11,5.7489086408e-11,2.01226479923e-10,5.3070887962e-11,4.99143868599e-12,4.86458746549e-12,4.48770100941e-12,7.79312725463e-12,1.45413915284e-11,9.99066541302e-12,3.56367387856e-12,1.54825100223e-12,1.37154176905e-12,7.823674434e-13,4.92282592728e-13,3.13434147343e-13]},"melbands_crest":{"dmean":2.95158600807,"dmean2":4.79080867767,"dvar":6.68760204315,"dvar2":16.945356369,"max":33.7850341797,"mean":14.6951723099,"median":13.9114694595,"min":2.12127351761,"var":27.1335525513},"melbands_flatness_db":{"dmean":0.0242370013148,"dmean2":0.0347486846149,"dvar":0.000487260636874,"dvar2":0.00102097028866,"max":0.470452159643,"mean":0.233321771026,"median":0.22583027184,"min":0.00525421882048,"var":0.00343998731114},"melbands_kurtosis":{"dmean":7.70039558411,"dmean2":12.0481901169,"dvar":124.442810059,"dvar2":317.348693848,"max":218.922180176,"mean":20.3630046844,"median":14.557434082,"min":-1.50744378567,"var":427.452087402},"melbands_skewness":{"dmean":0.660852849483,"dmean2":1.02080214024,"dvar":0.464880973101,"dvar2":1.08554530144,"max":13.2594299316,"mean":3.1642100811,"median":3.02488899231,"min":-0.695965588093,"var":2.58686089516},"melbands_spread":{"dmean":3.86244940758,"dmean2":5.94328355789,"dvar":27.8217487335,"dvar2":62.3709869385,"max":203.256851196,"mean":13.6560811996,"median":11.232749939,"min":1.34955406189,"var":132.337188721},"mfcc":{"cov":[[10703.9667969,798.806762695,-791.128295898,-63.5159606934,-252.077941895,-48.5479774475,-281.940582275,101.356819153,-145.028564453,55.2734107971,20.8640842438,-97.0420532227,-71.6762084961],[798.806762695,1050.5201416,-146.238388062,34.1323699951,-41.0569000244,-28.0597877502,15.9210271835,35.3963813782,-22.9006576538,28.6357078552,-10.1450157166,-21.4547080994,-5.06734085083],[-791.128295898,-146.238388062,633.762329102,75.1351013184,85.775428772,65.9414901733,44.0628166199,-24.0193099976,-9.12718296051,-20.4275989532,-24.2175788879,17.9970874786,-0.417478263378],[-63.5159606934,34.1323699951,75.1351013184,281.832458496,91.166809082,-32.7573013306,-38.1206550598,-24.5984477997,13.9748134613,-4.25013923645,-34.21434021,-3.37995219231,17.6025714874],[-252.077941895,-41.0569000244,85.775428772,91.166809082,167.258392334,28.9405097961,-18.5368366241,-25.9259719849,14.3516798019,11.8619432449,-11.9204540253,-9.50181770325,-4.36377859116],[-48.5479774475,-28.0597877502,65.9414901733,-32.7573013306,28.9405097961,136.078155518,43.3523788452,-3.77595496178,2.02185368538,-1.30402743816,9.45750045776,-2.52660155296,-17.2919578552],[-281.940582275,15.9210271835,44.0628166199,-38.1206550598,-18.5368366241,43.3523788452,124.891464233,24.9238605499,-14.3520908356,-7.1121096611,2.29041481018,12.4726047516,-0.424876689911],[101.356819153,35.3963813782,-24.0193099976,-24.5984477997,-25.9259719849,-3.77595496178,24.9238605499,85.2798233032,15.1890640259,-2.09436631203,0.989645838737,-1.83332586288,11.0338964462],[-145.028564453,-22.9006576538,-9.12718296051,13.9748134613,14.3516798019,2.02185368538,-14.3520908356,15.1890640259,92.3360214233,19.2253112793,-8.07218742371,-10.9541053772,-8.6067647934],[55.2734107971,28.6357078552,-20.4275989532,-4.25013923645,11.8619432449,-1.30402743816,-7.1121096611,-2.09436631203,19.2253112793,76.0192947388,28.7612781525,-2.91859936714,-7.19400119781],[20.8640842438,-10.1450157166,-24.2175788879,-34.21434021,-11.9204540253,9.45750045776,2.29041481018,0.989645838737,-8.07218742371,28.7612781525,80.5475311279,17.4511108398,-9.85331439972],[-97.0420532227,-21.4547080994,17.9970874786,-3.37995219231,-9.50181770325,-2.52660155296,12.4726047516,-1.83332586288,-10.9541053772,-2.91859936714,17.4511108398,61.5921440125,23.2733478546],[-71.6762084961,-5.06734085083,-0.417478263378,17.6025714874,-4.36377859116,-17.2919578552,-0.424876689911,11.0338964462,-8.6067647934,-7.19400119781,-9.85331439972,23.2733478546,73.5248794556]],"icov":[[0.000130944012199,-0.0000611373325228,0.000116441529826,-0.0000656381234876,0.000195000335225,-0.000217483146116,0.000432197004557,-0.000286676280666,0.000366466265405,-0.000167729303939,0.000124135884107,0.0000263289566647,0.000180546019692],[-0.0000611373325228,0.00109691370744,0.000186181758181,-0.000326551438775,0.000193814514205,0.0000966025909293,-0.000392852118239,-0.000352355767973,0.000405842001783,-0.000621300830971,0.00033960462315,0.000207490083994,0.000146616497659],[0.000116441529826,0.000186181758181,0.00205222703516,-0.000514743209351,-0.000470360915642,-0.000870604068041,-0.000271010881988,-0.0000696704591974,0.000588875904214,0.00000229588181355,0.00068966881372,-0.000682460085955,0.000415059184888],[-0.0000656381234876,-0.000326551438775,-0.000514743209351,0.00518401619047,-0.00277499319054,0.00170839193743,0.000385138875572,0.000980762997642,-0.000885258836206,0.000582698266953,0.000999799347483,-0.000190003105672,-0.00109087291639],[0.000195000335225,0.000193814514205,-0.000470360915642,-0.00277499319054,0.00913351215422,-0.00282462337054,0.00170195754617,0.000804570561741,0.000149355677422,-0.00209865276702,0.000880563922692,0.000905914581381,0.00027540550218],[-0.000217483146116,0.0000966025909293,-0.000870604068041,0.00170839193743,-0.00282462337054,0.0103766452521,-0.00416033202782,0.00153968820814,-0.00162503763568,0.00145075866021,-0.00177567265928,0.00088592141401,0.000831711979117],[0.000432197004557,-0.000392852118239,-0.000271010881988,0.000385138875572,0.00170195754617,-0.00416033202782,0.0123518146574,-0.00443466426805,0.00316185224801,-0.000923111103475,0.0017058304511,-0.00240146624856,0.00142852263525],[-0.000286676280666,-0.000352355767973,-0.0000696704591974,0.000980762997642,0.000804570561741,0.00153968820814,-0.00443466426805,0.0155378328636,-0.00473887659609,0.00189904309809,-0.00180637277663,0.00224556797184,-0.00380828324705],[0.000366466265405,0.000405842001783,0.000588875904214,-0.000885258836206,0.000149355677422,-0.00162503763568,0.00316185224801,-0.00473887659609,0.0145658943802,-0.00494374195114,0.00347334751859,0.0000527500596945,0.00262675341219],[-0.000167729303939,-0.000621300830971,0.00000229588181355,0.000582698266953,-0.00209865276702,0.00145075866021,-0.000923111103475,0.00189904309809,-0.00494374195114,0.0180393438786,-0.00775893032551,0.00205238955095,-0.000922625651583],[0.000124135884107,0.00033960462315,0.00068966881372,0.000999799347483,0.000880563922692,-0.00177567265928,0.0017058304511,-0.00180637277663,0.00347334751859,-0.00775893032551,0.0184303913265,-0.00667273206636,0.00405406951904],[0.0000263289566647,0.000207490083994,-0.000682460085955,-0.000190003105672,0.000905914581381,0.00088592141401,-0.00240146624856,0.00224556797184,0.0000527500596945,0.00205238955095,-0.00667273206636,0.0221804007888,-0.00771533092484],[0.000180546019692,0.000146616497659,0.000415059184888,-0.00109087291639,0.00027540550218,0.000831711979117,0.00142852263525,-0.00380828324705,0.00262675341219,-0.000922625651583,0.00405406951904,-0.00771533092484,0.0180448889732]],"mean":[-671.299560547,138.218841553,10.0239467621,29.3124828339,1.04750049114,0.81771337986,-12.9389038086,0.776957988739,-7.02958011627,0.814784109592,-5.44046926498,-7.4629240036,-2.54991078377]},"pitch_salience":{"dmean":0.0620444267988,"dmean2":0.101541772485,"dvar":0.00289473915473,"dvar2":0.00757881207392,"max":0.888692975044,"mean":0.592414498329,"median":0.599718272686,"min":0.119130954146,"var":0.00938068330288},"silence_rate_20dB":{"dmean":0,"dmean2":0,"dvar":0,"dvar2":0,"max":1,"mean":1,"median":1,"min":1,"var":0},"silence_rate_30dB":{"dmean":0,"dmean2":0,"dvar":0,"dvar2":0,"max":1,"mean":1,"median":1,"min":1,"var":0},"silence_rate_60dB":{"dmean":0.00253485422581,"dmean2":0.00507077947259,"dvar":0.00252851820551,"dvar2":0.00631213979796,"max":1,"mean":0.0701161548495,"median":0,"min":0,"var":0.0651972070336},"spectral_centroid":{"dmean":164.066970825,"dmean2":251.428527832,"dvar":43143.0585938,"dvar2":91817.984375,"max":11010.6767578,"mean":847.122070313,"median":753.024108887,"min":214.658889771,"var":263510.53125},"spectral_complexity":{"dmean":2.59104347229,"dmean2":3.78111124039,"dvar":7.13230657578,"dvar2":13.4663448334,"max":46,"mean":14.9700107574,"median":14,"min":0,"var":64.1443099976},"spectral_contrast_coeffs":{"dmean":[0.048645939678,0.0459789261222,0.0369085557759,0.0293702483177,0.021570134908,0.0185526832938],"dmean2":[0.0812794417143,0.0756255760789,0.0596774965525,0.0465818084776,0.0334275700152,0.0275370683521],"dvar":[0.00159393344074,0.00148302922025,0.000947368040215,0.000579635321628,0.00032337004086,0.000237725762418],"dvar2":[0.00449184887111,0.00389652140439,0.00235670525581,0.00135023065377,0.000715968897566,0.000524632225279],"max":[-0.329398483038,-0.423044204712,-0.480561256409,-0.592613339424,-0.63289308548,-0.63472700119],"mean":[-0.570362091064,-0.705193281174,-0.75656491518,-0.772687673569,-0.787420928478,-0.768780648708],"median":[-0.568644762039,-0.707837641239,-0.763882219791,-0.777567744255,-0.79390835762,-0.767753243446],"min":[-0.962799489498,-0.962542712688,-0.967808246613,-0.960424125195,-0.958993673325,-0.961303412914],"var":[0.00652415724471,0.00589308980852,0.0051254495047,0.00353537593037,0.00251085497439,0.00160794821568]},"spectral_contrast_valleys":{"dmean":[0.430867165327,0.331643044949,0.317881077528,0.277105420828,0.271065831184,0.4023206532],"dmean2":[0.714696884155,0.526387274265,0.499142438173,0.417252779007,0.358395844698,0.496451437473],"dvar":[0.146930679679,0.0970814079046,0.103621914983,0.0849097818136,0.0885647833347,0.15882474184],"dvar2":[0.36448135972,0.200376644731,0.205338045955,0.152752071619,0.136507406831,0.283778995275],"max":[-5.5908370018,-4.71172189713,-5.36283063889,-6.16493844986,-6.25374174118,-7.95397090912],"mean":[-7.48411846161,-6.72733688354,-7.77992248535,-8.20235824585,-8.11689281464,-10.6620674133],"median":[-7.19740390778,-6.47717571259,-7.51841545105,-7.92700862885,-7.84854078293,-10.4326286316],"min":[-27.0531692505,-27.3707714081,-27.3129749298,-27.4360179901,-27.2729167938,-27.2515602112],"var":[1.85828435421,2.06801009178,2.30162405968,2.21402168274,2.02092051506,1.73312926292]},"spectral_decrease":{"dmean":1.72659675446e-9,"dmean2":2.70917666079e-9,"dvar":3.57297439588e-18,"dvar2":8.6365869854e-18,"max":3.20167576637e-18,"mean":-6.64824684193e-9,"median":-6.09269923402e-9,"min":-2.49917384565e-8,"var":1.65273333366e-17},"spectral_energy":{"dmean":0.00676142750308,"dmean2":0.0105639761314,"dvar":0.0000548558709852,"dvar2":0.000130961925606,"max":0.0979588106275,"mean":0.0264457948506,"median":0.024079112336,"min":1.03457789502e-20,"var":0.00026557451929},"spectral_energyband_high":{"dmean":0.000152051768964,"dmean2":0.000213916951907,"dvar":6.28198861818e-8,"dvar2":1.23159907162e-7,"max":0.00707424851134,"mean":0.000307820126181,"median":0.00015773542691,"min":7.14741160251e-21,"var":2.09757885727e-7},"spectral_energyband_low":{"dmean":0.0023547699675,"dmean2":0.00397205352783,"dvar":0.0000100656479844,"dvar2":0.0000277006674878,"max":0.0417576543987,"mean":0.00540843652561,"median":0.00457284925506,"min":1.03906978766e-22,"var":0.0000189064430742},"spectral_energyband_middle_high":{"dmean":0.00127630447969,"dmean2":0.00185725442134,"dvar":0.00000508042330694,"dvar2":0.0000117463123388,"max":0.0399694032967,"mean":0.00373104098253,"median":0.00172896462027,"min":1.3888713875e-21,"var":0.0000239629334828},"spectral_energyband_middle_low":{"dmean":0.00574547844008,"dmean2":0.00906478054821,"dvar":0.0000431964435847,"dvar2":0.000104570819531,"max":0.0742146521807,"mean":0.0186916999519,"median":0.0168246291578,"min":2.41727479121e-22,"var":0.000160253388458},"spectral_entropy":{"dmean":0.193295136094,"dmean2":0.266218215227,"dvar":0.0347513221204,"dvar2":0.0659071132541,"max":9.8170671463,"mean":7.24711322784,"median":7.27939748764,"min":5.44757986069,"var":0.21351698041},"spectral_flux":{"dmean":0.0190630722791,"dmean2":0.0301908310503,"dvar":0.00040210437146,"dvar2":0.000891684787348,"max":0.211161658168,"mean":0.0723799318075,"median":0.0703757107258,"min":6.89703780199e-11,"var":0.00148771330714},"spectral_kurtosis":{"dmean":2.04175662994,"dmean2":3.25391030312,"dvar":4.9641752243,"dvar2":12.1928901672,"max":48.1593818665,"mean":4.85036754608,"median":4.06398534775,"min":-1.22560620308,"var":11.8703775406},"spectral_rms":{"dmean":0.000630297814496,"dmean2":0.000977042829618,"dvar":3.98664639079e-7,"dvar2":9.21454443414e-7,"max":0.00977596919984,"mean":0.00475232535973,"median":0.0048468359746,"min":3.17701789355e-12,"var":0.00000321618540511},"spectral_rolloff":{"dmean":259.432891846,"dmean2":437.625946045,"dvar":369942.625,"dvar2":787950.1875,"max":19466.015625,"mean":874.263427734,"median":581.396484375,"min":21.533203125,"var":1489263.75},"spectral_skewness":{"dmean":0.260048061609,"dmean2":0.392193615437,"dvar":0.0595774501562,"dvar2":0.134843349457,"max":5.44503927231,"mean":1.67317092419,"median":1.6086204052,"min":-0.035588786006,"var":0.260255128145},"spectral_spread":{"dmean":627197.4375,"dmean2":855612.4375,"dvar":661727346688,"dvar2":1235628326910,"max":40966544,"mean":4246719.5,"median":3878281,"min":1526170.25,"var":2765825507330},"spectral_strongpeak":{"dmean":0.428411394358,"dmean2":0.724888384342,"dvar":0.413117796183,"dvar2":1.11147105694,"max":8.17561626434,"mean":0.90982657671,"median":0.654229283333,"min":0,"var":0.750034153461},"zerocrossingrate":{"dmean":0.0073603191413,"dmean2":0.00900797918439,"dvar":0.000112159221317,"dvar2":0.000169732928043,"max":0.51904296875,"mean":0.0420980937779,"median":0.0380859375,"min":0,"var":0.00106402358506}},"metadata":{"audio_properties":{"analysis_sample_rate":44100,"bit_rate":192000,"codec":"mp3","downmix":"mix","equal_loudness":0,"length":109.92326355,"lossless":false,"md5_encoded":"f057ffd6f79df8da3164b3a4e3ec71f5","replay_gain":-5.60280609131,"sample_rate":44100},"tags":{"acoustid_fingerprint":["AQADW0qcZYmSZAlY8UjIGHlz_GAoqQuaJ0oF3sPno2mTg5GIN_iPMH2G5NLh6ehJGd-OJk-m4RPM7AlKMhl2Q4uDUsrQH-YiOTgaxrgS_Tgch8eRR4euWqhVhM2Io2pT4h8Bb0wetFk2GtePMEIy_TiLyUdDGT9-K_CDs0X-BfWhi8cXdNmHH1NH2FqGWkcvwQ90PPiPH2JE5I3xHxuqTjmuED-ePMXVcULcKUUSRVZQC-NzsDmHS1F6JItThJZ0zHnxXsFFw3_w7Lj4B4-0oFZmND-eY2aD4z-R7DsyTVo1_D26v3hYnC-qw75Q5uh7-EEyhNuSHf5QcceX4xkzBfmiQ0uuIlx5nAJ9YaxyJGfyIsWf41me4wxC_0iWK_ja4Hg29IWfqeiP_FBbRJ0kcKrwHNtz4ZIenNiLPkHTHpdyMNomNMpOnB-6H03MaPhGDcmjMEZWH02bHH14nJQk5NoTSB8iXjmaJ0Ep4YloIvkT5PAf5NCvIM-yh7iUaCGqKD2aUU_xYD-O5EmQlTnRPzicjMrAOEmyo_nRDvkJ5cp-pDnyB8mPPcnBZDf6B3vEHs0ULS3642guZUafG_0DT8uRUkdy_aicJcUr3NGBPVnhg1V-XImPxNWHPEd1-DJKOS-eRTduM4IfIZeY48ly6HYQSccUB8eP52ARHkn-hCi-4nmMSnzw5UOb40dyI0xyBxWVebiSC48fHA363ngS4dIX9ET6HMme4RLO8Ph_fAunCP7xE9F3qDSJONPE45EiFpeOPyiaqriCL1fwN0iWI2S2NMEl5Tjnwz2uF2WiPIedIz70CX2MfDmu5PiDySLCWAt-PHug6hGDJukSogyPSzv-QzuHdCizEM_xJEHzJeiDx05w7UL-I5mM5lGOmRIXZI0O5QkRWonQRDye48cNW8HJI8_y4JKy9Gj6HOGFC9dyfMeNXUcyKgnSX_hrglKZwx8-6Ru-c0ikH7m0wLN09B8aS0ffgX-CxCGPsGJCOPpwMHmiNDGasYwxMT2uCMlzhHk_VAo5_A6ekrCPW3nwIKeQHGVWNGNmPLiO0dPxHHwaPLGOZsy2Y7qUBvmO5LiOpxGa3Rmq6MeZ4zneKcdJ7DkiJ5J86E-DJtTQGW9yKD7yvEnAK0FzHtPx5fhH5YC_4XqQ58WV6UH4ZCkaPFGSY-YXXMeRKM8RJmJ6PHnwCVeOPgYTPMNDIm6yGGJ_4dCD3MnBrUoxHVc23MYXH-fgWQifINmP-0WdF0-U4zf62DhiQz62H6UDcpJS4XqgH0d4WO0xfcaPYB20UEbJG2dyNE9XaJJ8HDRyfE9ieNqRHz8iJZaCrsSl4VmuYA-aoxZz5MH7QU2s40qWC4fmeUFzI1-Dwz9-g-9xKRX6Bz86HZdq9AjzI3lw82ApXNlxHM2k5EOZ4z-6akiWvjjxaHIGuS0qR0dzHV_wRFeEG00-aCuJZzkePegPP0pQKRyu7ZHxjEKTPChJPMsyXM5xJkVzITy-5cY5L-DDwNfwjXiSvUJ-B9ovNN2OJ_mx49h1SFMVK_jnINIPMz_OePCF_DgzFz4Jjce1J2iaRBf0RkijBlWwrz34Y77hKssz5KeQ_HiO6phy4spx7Q