{"lowlevel":{"average_loudness":0.947492778301,"barkbands":{"dmean":[0.0000231101712416,0.00210226676427,0.00231622508727,0.00117783027235,0.00169357436243,0.00110188045073,0.000778035726398,0.000551727716811,0.000558814150281,0.00046803150326,0.000346766988514,0.000491006008815,0.000353661831468,0.000427849998232,0.000310262577841,0.000178998991032,0.000216672589886,0.000254474231042,0.000426733167842,0.000116969415103,0.0001017676841,0.0000600487146585,0.0000317760059261,0.0000195383163373,0.00000540727478437,0.00000202765977519,2.86344004508e-7],"dmean2":[0.0000377170254069,0.00330038904212,0.00410345057026,0.00199569668621,0.00276607857086,0.00181908952072,0.00126423581969,0.000863039575052,0.000885031651706,0.000722148921341,0.00054287770763,0.000789316778537,0.000566317234188,0.000700126751326,0.000505594012793,0.000282343477011,0.000351994414814,0.000410126784118,0.000698823481798,0.000188283564057,0.000165627177921,0.0000928773006308,0.0000487813449581,0.0000299310686387,0.00000833570084069,0.00000322840287481,4.59631166905e-7],"dvar":[2.76848477476e-9,0.0000293435405183,0.0000337341043632,0.00000702944043951,0.00000792196533439,0.00000343513488588,0.00000186153613413,0.00000257088231592,0.00000293812058771,0.00000214471106119,0.00000109394261472,0.00000164513573964,0.00000100117586044,0.00000206756658372,5.98443932631e-7,2.39600296936e-7,2.96919722587e-7,3.40046653946e-7,6.38108645035e-7,4.0912517818e-8,3.44420811871e-8,1.30595410042e-8,5.82383297143e-9,2.91256485596e-9,1.99210550833e-10,4.34512807679e-11,9.29662380064e-13],"dvar2":[7.51080886374e-9,0.0000656634874758,0.0000963825950748,0.0000186201286851,0.0000207119810511,0.00000901201656234,0.00000463003789264,0.00000631156808595,0.00000718314913684,0.00000513289251103,0.00000245336173066,0.00000404061074732,0.0000023752920697,0.00000576554612053,0.00000150778112129,4.96494465096e-7,7.72655823766e-7,8.07364813227e-7,0.00000171956082795,1.01312132017e-7,9.20596292531e-8,3.01167730754e-8,1.04820241376e-8,6.07992323154e-9,4.33761609964e-10,1.0662604133e-10,2.34325753246e-12],"max":[0.000839957036078,0.0623120814562,0.0540015436709,0.052559286356,0.0474643558264,0.0378726869822,0.0333573147655,0.0417433530092,0.051593914628,0.0354302302003,0.0282391794026,0.0384814962745,0.0301342047751,0.0519547834992,0.0266440007836,0.0166610460728,0.0275465846062,0.015927946195,0.0139077287167,0.00401406222954,0.0043470133096,0.00405553402379,0.00598793942481,0.00403724703938,0.000557843770366,0.000150929074152,0.000019923047148],"mean":[0.0000271600129054,0.00287154456601,0.00242875819094,0.00138367246836,0.00299219344743,0.00183173432015,0.00142881448846,0.00108013965655,0.000891341129318,0.000838376814499,0.000633910764009,0.00081573688658,0.000561257940717,0.000681903969962,0.000530334014911,0.00031272371416,0.000428993836977,0.000477707159007,0.00101521844044,0.000299137260299,0.000266144168563,0.000176682719029,0.0000916289645829,0.0000571616037632,0.000012088054973,0.00000285168857772,3.78847772708e-7],"median":[0.00000605305103818,0.000518818735145,0.000477277731989,0.000285699032247,0.00190163543448,0.000925717060454,0.000745554338209,0.000446060090326,0.000324048625771,0.000244230788667,0.000149376050103,0.00027922904701,0.000179209979251,0.000248893717071,0.000193044048501,0.000131429434987,0.000200091511942,0.000224564602831,0.000192442588741,0.0000954275019467,0.0000617833138676,0.0000437020644313,0.0000209287445614,0.00000949354944169,0.00000364961442756,4.89473336529e-7,3.59502898561e-8],"min":[1.3449831915e-24,1.01880186841e-23,7.11629134903e-24,2.80606008419e-24,2.75673533336e-23,1.7475149695e-23,1.09753949531e-23,1.57635850103e-23,2.96804087761e-23,1.18196165389e-23,2.77698476171e-23,4.18658642929e-23,6.57424561508e-23,7.24791010894e-23,8.1909952144e-23,7.80726171566e-23,6.58246554571e-23,1.2637184408e-22,1.28617459709e-22,1.71462679039e-22,3.02303994437e-22,3.6085643151e-22,4.95010192783e-22,7.13377594613e-22,1.03671337809e-21,1.3805074929e-21,1.98111412683e-21],"var":[3.2823086471e-9,0.0000386265492125,0.0000260107881331,0.00000787234421296,0.0000116515839181,0.0000060039519667,0.00000455465624327,0.0000047343201004,0.00000512877022629,0.00000519100740348,0.00000382741382055,0.00000310460882247,0.00000223422239287,0.00000216578314394,9.62494596024e-7,4.19844923272e-7,5.18931813076e-7,6.60517684992e-7,0.00000230521209232,1.74512138074e-7,1.40938269055e-7,6.85276475565e-8,2.61683599234e-8,1.20315348795e-8,5.37293765035e-10,4.82377991717e-11,1.06220089148e-12]},"barkbands_crest":{"dmean":2.37192392349,"dmean2":3.88593363762,"dvar":4.58680295944,"dvar2":11.8749084473,"max":24.8770885468,"mean":9.02624607086,"median":8.41810703278,"min":2.31648087502,"var":14.2727937698},"barkbands_flatness_db":{"dmean":0.020657595247,"dmean2":0.0315756388009,"dvar":0.000505662697833,"dvar2":0.0011148864869,"max":0.402927458286,"mean":0.15112927556,"median":0.138764321804,"min":0.0351867154241,"var":0.00399335520342},"barkbands_kurtosis":{"dmean":2.34701609612,"dmean2":3.80783462524,"dvar":17.7097225189,"dvar2":47.7590942383,"max":118.247718811,"mean":3.26816606522,"median":0.949731171131,"min":-1.84307396412,"var":43.8192863464},"barkbands_skewness":{"dmean":0.507163584232,"dmean2":0.790440917015,"dvar":0.270691603422,"dvar2":0.6565502882,"max":9.6830406189,"mean":1.23369133472,"median":1.06419682503,"min":-2.18342494965,"var":1.28362965584},"barkbands_spread":{"dmean":4.182533741,"dmean2":6.5132856369,"dvar":19.8607349396,"dvar2":45.8272285461,"max":80.0667190552,"mean":21.1763439178,"median":18.4969673157,"min":1.2399481535,"var":192.720291138},"dissonance":{"dmean":0.0185288228095,"dmean2":0.0309203173965,"dvar":0.000448341772426,"dvar2":0.00117207039148,"max":0.500000059605,"mean":0.461344838142,"median":0.474469125271,"min":0.244447231293,"var":0.00131858512759},"dynamic_complexity":4.1111164093,"erbbands":{"dmean":[0.0394356995821,0.579466998577,2.38082575798,3.53247952461,4.6049861908,6.00785684586,8.62229442596,8.83502864838,9.56938552856,13.3737401962,11.8811416626,11.958694458,15.5260210037,13.5184841156,12.8054885864,22.0479984283,15.8028030396,21.9593105316,16.3216381073,14.0410642624,8.05847072601,11.2652826309,14.2727460861,15.5053024292,17.6853275299,5.53661727905,5.40339183807,2.93914723396,2.08766937256,1.53799533844,0.886216521263,0.552732050419,0.243510842323,0.0769773647189,0.0333869196475,0.0115661872551,0.00329797971062,0.000604071072303,0.0000528366217623,0.00000975558850769],"dmean2":[0.0571322031319,0.919293224812,4.16858148575,6.08194875717,7.56128549576,9.90884399414,13.9423770905,14.8416261673,15.8156147003,21.4011058807,18.6634960175,19.0413303375,24.3503646851,20.4295444489,19.8092422485,35.1896858215,24.8404464722,35.8796615601,26.9609870911,22.2390098572,12.4188022614,17.9731197357,23.014169693,25.5487861633,28.8479118347,8.8751411438,8.85415744781,4.6767745018,3.24638700485,2.34128880501,1.36920928955,0.846118211746,0.369616508484,0.117741920054,0.0509598180652,0.0182041414082,0.00525567727163,0.000964613514952,0.0000844365349622,0.0000149360830619],"dvar":[0.00908280909061,2.26887726784,37.7244606018,66.8354873657,79.4224090576,107.706245422,229.213378906,276.363464355,272.493682861,823.046875,1384.97949219,1397.04760742,2872.91357422,1535.39746094,1168.49523926,3206.34130859,2070.94604492,4283.92822266,2301.11865234,1358.88708496,438.979370117,661.938110352,1151.81335449,788.142089844,1068.76550293,96.6324539185,107.093208313,26.7587509155,16.1897583008,8.45502567291,4.88714408875,2.30615830421,0.421939194202,0.0366244465113,0.0103688165545,0.00124937505461,0.000123861187603,0.00000427408531323,3.16921315857e-8,2.44989445397e-10],"dvar2":[0.0171744469553,5.33119153976,106.577537537,180.578201294,204.992599487,288.396636963,586.113586426,743.156677246,687.456176758,2027.83996582,3514.51513672,3450.17553711,7227.02050781,3264.03393555,2595.07397461,8026.92822266,4692.66894531,11622.9990234,6364.37744141,2762.5690918,922.371582031,1643.2286377,2762.69042969,2055.26074219,2835.29345703,240.735946655,292.380462646,65.2470932007,37.8946533203,17.7190322876,9.09306526184,4.33794593811,0.915332019329,0.0818398743868,0.0231331773102,0.0030008724425,0.000306827656459,0.0000106840752778,8.22743331241e-8,5.68307512161e-10],"max":[1.16516792774,16.9187030792,56.1472625732,112.121162415,197.93421936,221.847320557,292.399902344,362.292144775,380.864898682,731.27722168,1139.64453125,1123.00732422,1274.08984375,968.676513672,841.266357422,1911.04663086,1532.66625977,2087.13696289,1587.87207031,1958.39440918,888.357299805,1170.31420898,1118.99072266,581.145202637,729.273071289,216.528701782,269.362609863,99.4941558838,133.708480835,177.997360229,167.090332031,125.845451355,38.1074714661,6.99652862549,4.19910097122,0.985187649727,0.233474254608,0.0478083342314,0.00369944330305,0.000223506867769],"mean":[0.0537997074425,0.761046946049,2.66505718231,4.105032444,7.12317895889,10.2697515488,13.6423282623,13.4767475128,16.6778678894,25.6581058502,24.1780929565,20.0867424011,28.4133758545,28.2394104004,23.4926834106,37.5554199219,27.5686664581,37.3747138977,27.4663925171,26.0721187592,16.4933872223,24.3277435303,29.1012878418,37.8741493225,41.1960105896,15.3370981216,13.2449436188,8.28801727295,5.8949637413,4.45847558975,2.55007457733,1.56689524651,0.700122177601,0.196492180228,0.0645013004541,0.0179750099778,0.00443563656881,0.000786597840488,0.0000796301683295,0.0000300748251902],"median":[0.00978617183864,0.148832470179,0.593221783638,1.01251459122,3.69650411606,6.15578269958,6.21363019943,6.64445304871,9.68522834778,12.3268127441,9.93094444275,8.00431632996,8.39936065674,8.44627571106,8.86960411072,13.9009380341,10.9366493225,13.293844223,11.3960361481,10.7240858078,7.91904735565,12.0923423767,13.3353271484,11.6390228271,8.38255500793,4.65228843689,2.74909567833,2.1200928688,1.62166762352,1.04127883911,0.544759273529,0.254585504532,0.130637258291,0.0591331720352,0.01724652946,0.00388438627124,0.000680253375322,0.0000906798086362,0.0000224762370635,0.0000281739157799],"min":[3.863890696e-22,2.70505084554e-21,8.30194167234e-21,1.364385145e-20,2.56640927604e-20,1.2426920458e-19,6.73243722274e-20,1.46392111289e-19,1.79192653085e-19,4.34690908221e-19,3.52995474847e-19,7.97669083044e-19,6.7971540244e-19,6.09977614454e-19,1.70283152746e-18,1.837683474e-18,3.28135311169e-18,4.2894687299e-18,3.72374750126e-18,5.67294360723e-18,6.62615345791e-18,4.16042069612e-18,6.78951377068e-18,8.70841355953e-18,6.61956744588e-18,7.42173825261e-18,1.12927168719e-17,1.27748549575e-17,1.47747990077e-17,1.72530685188e-17,1.54872231995e-17,1.55862135578e-17,1.09095833557e-17,9.46032652661e-18,7.46989753505e-18,4.88639162483e-18,2.80185719011e-18,1.10569191121e-18,2.79305521291e-19,2.83141435673e-20],"var":[0.0154503621161,2.69112181664,30.27617836,65.7859039307,105.640235901,161.056167603,373.270568848,404.597076416,533.835021973,2090.73217773,2643.16333008,2436.41796875,7070.72558594,6471.58886719,2720.16992188,5953.56445313,4956.59130859,5604.65966797,2675.34692383,2788.2253418,923.826477051,1498.05517578,2294.60375977,2643.62207031,3800.37524414,450.333740234,369.426574707,132.48286438,76.9884338379,46.5576629639,21.1826992035,9.46812152863,1.74906408787,0.132070407271,0.0182379875332,0.00160014012363,0.000128917075926,0.00000444886063633,3.43409531922e-8,5.56188484158e-10]},"erbbands_crest":{"dmean":2.37303829193,"dmean2":3.81005001068,"dvar":5.59328794479,"dvar2":13.2498683929,"max":31.0977687836,"mean":8.8725528717,"median":7.44014883041,"min":2.65630793571,"var":21.7392749786},"erbbands_flatness_db":{"dmean":0.0179920420051,"dmean2":0.0255104731768,"dvar":0.000474336702609,"dvar2":0.000855394988321,"max":0.381602346897,"mean":0.189190402627,"median":0.177554383874,"min":0.0632058605552,"var":0.00288300542161},"erbbands_kurtosis":{"dmean":0.966915011406,"dmean2":1.52426755428,"dvar":2.12044405937,"dvar2":5.02052116394,"max":44.2434272766,"mean":0.713467895985,"median":-0.0991934761405,"min":-1.81874632835,"var":6.85175228119},"erbbands_skewness":{"dmean":0.341507107019,"dmean2":0.532761096954,"dvar":0.111566111445,"dvar2":0.265344977379,"max":4.90722608566,"mean":0.194424033165,"median":0.079065322876,"min":-2.82816028595,"var":0.767100453377},"erbbands_spread":{"dmean":6.73982906342,"dmean2":10.4695215225,"dvar":52.9007453918,"dvar2":120.239463806,"max":96.1369781494,"mean":32.5719451904,"median":32.7484397888,"min":2.01786732674,"var":218.312820435},"gfcc":{"cov":[[14492.7382813,-2287.40991211,-1881.57849121,1359.02722168,-767.976257324,347.083251953,-442.580810547,-118.923851013,-325.905670166,167.607543945,157.224029541,56.4145355225,-193.680435181],[-2287.40991211,1913.32971191,332.41229248,-558.585388184,378.793823242,-207.707794189,251.493408203,-44.4151039124,226.898330688,-169.751052856,27.498008728,-153.00112915,127.848182678],[-1881.57849121,332.41229248,991.913146973,-70.5675888062,106.570365906,30.8238010406,47.3770103455,88.2796401978,15.217218399,48.2663536072,-85.2029800415,5.87452030182,-47.7934989929],[1359.02722168,-558.585388184,-70.5675888062,628.096618652,18.7828121185,156.241210938,-49.0716400146,16.6626167297,-45.2668228149,13.1632871628,44.1173324585,0.990129888058,-51.7838363647],[-767.976257324,378.793823242,106.570365906,18.7828121185,419.62399292,80.7124328613,93.0009231567,19.2131118774,52.3044815063,-26.2510261536,-7.99275302887,-28.1438732147,15.4566297531],[347.083251953,-207.707794189,30.8238010406,156.241210938,80.7124328613,221.570800781,56.5971260071,22.6071796417,-28.3537044525,18.3654079437,-2.67651391029,16.1786212921,-29.0855178833],[-442.580810547,251.493408203,47.3770103455,-49.0716400146,93.0009231567,56.5971260071,187.792861938,39.2624893188,34.347743988,-32.7335281372,7.96361017227,-15.6165828705,17.5253543854],[-118.923851013,-44.4151039124,88.2796401978,16.6626167297,19.2131118774,22.6071796417,39.2624893188,119.02872467,39.4194869995,18.5851459503,-23.1949081421,10.6599502563,-0.558744728565],[-325.905670166,226.898330688,15.217218399,-45.2668228149,52.3044815063,-28.3537044525,34.347743988,39.4194869995,124.42943573,5.7669506073,4.49727487564,-22.5976963043,23.3636474609],[167.607543945,-169.751052856,48.2663536072,13.1632871628,-26.2510261536,18.3654079437,-32.7335281372,18.5851459503,5.7669506073,105.803443909,6.95619249344,20.8586082458,-18.5866012573],[157.224029541,27.498008728,-85.2029800415,44.1173324585,-7.99275302887,-2.67651391029,7.96361017227,-23.1949081421,4.49727487564,6.95619249344,102.02822113,6.50885868073,5.49915122986],[56.4145355225,-153.00112915,5.87452030182,0.990129888058,-28.1438732147,16.1786212921,-15.6165828705,10.6599502563,-22.5976963043,20.8586082458,6.50885868073,81.3970184326,9.8161687851],[-193.680435181,127.848182678,-47.7934989929,-51.7838363647,15.4566297531,-29.0855178833,17.5253543854,-0.558744728565,23.3636474609,-18.5866012573,5.49915122986,9.8161687851,78.0462722778]],"icov":[[0.000181297975359,-0.00035634834785,0.000481949246023,-0.000483168580104,0.000430401065387,-0.000357071548933,0.000342316052411,-0.000339360150974,0.000528868986294,-0.000610783987213,0.000361720740329,-0.000270141055807,0.000415304617491],[-0.00035634834785,0.00392900500447,-0.00230060541071,0.00282001588494,-0.00264786509797,0.00227693794295,-0.00253072567284,0.0030284174718,-0.004294462502,0.00439729029313,-0.00311202066951,0.00378352263942,-0.00281910784543],[0.000481949246023,-0.00230060541071,0.00310768419877,-0.0019445939688,0.00154349138029,-0.00139395543374,0.00137596484274,-0.00249577080831,0.00293466867879,-0.00354385492392,0.00283132167533,-0.00229779677466,0.00279249693267],[-0.000483168580104,0.00282001588494,-0.0019445939688,0.00481127714738,-0.00225835503079,-0.000134557427373,-0.000377740216209,0.00107491051313,-0.00287182093598,0.00419803429395,-0.0039147855714,0.00338519085199,-0.00161790533457],[0.000430401065387,-0.00264786509797,0.00154349138029,-0.00225835503079,0.00517345638946,-0.00301628466696,0.00111486099195,-0.00156647630502,0.00173158431426,-0.00258748023771,0.0023377079051,-0.0017597071128,0.00136418011971],[-0.000357071548933,0.00227693794295,-0.00139395543374,-0.000134557427373,-0.00301628466696,0.00956386420876,-0.00513065233827,0.00199976423755,-0.000766025390476,0.000598140468355,-0.00032006247784,0.0000807394389994,0.000153209344717],[0.000342316052411,-0.00253072567284,0.00137596484274,-0.000377740216209,0.00111486099195,-0.00513065233827,0.0107702687383,-0.00515031116083,0.00203883927315,0.000353307259502,-0.000706499617081,-0.000481160182972,0.000582989188842],[-0.000339360150974,0.0030284174718,-0.00249577080831,0.00107491051313,-0.00156647630502,0.00199976423755,-0.00515031116083,0.0150748593733,-0.00781014561653,0.00152963260189,0.00126270332839,-0.000268839852652,-0.00165111955721],[0.000528868986294,-0.004294462502,0.00293466867879,-0.00287182093598,0.00173158431426,-0.000766025390476,0.00203883927315,-0.00781014561653,0.0170855931938,-0.00716972490773,0.00194656720851,-0.0000429293213529,0.00014285587531],[-0.000610783987213,0.00439729029313,-0.00354385492392,0.00419803429395,-0.00258748023771,0.000598140468355,0.000353307259502,0.00152963260189,-0.00716972490773,0.0179559104145,-0.00585945183411,0.00172287295572,-0.000818121072371],[0.000361720740329,-0.00311202066951,0.00283132167533,-0.0039147855714,0.0023377079051,-0.00032006247784,-0.000706499617081,0.00126270332839,0.00194656720851,-0.00585945183411,0.0151732116938,-0.00513675063848,0.00231609656475],[-0.000270141055807,0.00378352263942,-0.00229779677466,0.00338519085199,-0.0017597071128,0.0000807394389994,-0.000481160182972,-0.000268839852652,-0.0000429293213529,0.00172287295572,-0.00513675063848,0.0198601484299,-0.00725732045248],[0.000415304617491,-0.00281910784543,0.00279249693267,-0.00161790533457,0.00136418011971,0.000153209344717,0.000582989188842,-0.00165111955721,0.00014285587531,-0.000818121072371,0.00231609656475,-0.00725732045248,0.0192542914301]],"mean":[-40.5731315613,119.632293701,-139.190612793,36.4564933777,-62.3040390015,1.85950303078,-32.6910438538,-0.942371606827,-20.1679286957,-5.86709547043,-6.46926832199,-6.17667579651,-9.65767288208]},"hfc":{"dmean":4.56452226639,"dmean2":6.84223508835,"dvar":47.5773735046,"dvar2":107.911651611,"max":139.231109619,"mean":20.3360843658,"median":16.7725372314,"min":1.10818736622e-16,"var":314.276916504},"melbands":{"dmean":[0.000475207780255,0.00105876242742,0.000598875165451,0.000386291765608,0.000281049840851,0.000198723879294,0.000151444561197,0.000136043148814,0.0000955099967541,0.0000803865550552,0.0000778294561314,0.0000552228048036,0.0000464360600745,0.0000550212025701,0.0000443997814727,0.0000361175007129,0.0000439428731625,0.0000275971360679,0.0000206080439966,0.0000163277272804,0.00000967567211774,0.0000116863429866,0.0000170315306605,0.0000104802147689,0.0000136877361001,0.0000219796111196,0.00000539413395018,0.00000373374723495,0.00000464967706648,0.00000202838236874,0.00000193907635548,0.00000139239296004,0.00000109909842649,8.27489202493e-7,6.10963638792e-7,4.34567823504e-7,3.80693535362e-7,1.98747855507e-7,1.18952030448e-7,5.77293555182e-8],"dmean2":[0.000725974852685,0.00178760837298,0.001010683598,0.000634055468254,0.000454034248833,0.000331711897161,0.000248991069384,0.00021620671032,0.00015098687436,0.000127166247694,0.000122352241306,0.0000841384244268,0.0000716181675671,0.0000878231585375,0.0000697593495715,0.0000585307134315,0.0000721140895621,0.0000456611669506,0.0000331331211783,0.000025874513085,0.0000150087116708,0.000018595952497,0.0000277437047771,0.0000168476653926,0.0000226766987907,0.000036459932744,0.00000870658459462,0.0000061071973505,0.00000775077387516,0.00000324755001202,0.00000313892360282,0.00000220791048378,0.00000171756914824,0.00000128730982851,9.69932216321e-7,6.75603018863e-7,6.06390244684e-7,3.07160917146e-7,1.85928485053e-7,9.04513157707e-8],"dvar":[0.0000014186387034,0.00000736146648705,0.00000171850888364,4.21190549105e-7,2.24801709692e-7,1.28857848836e-7,6.53889600244e-8,9.29436794195e-8,9.13882303166e-8,6.1824081854e-8,7.18095876096e-8,2.60127528406e-8,1.641559777e-8,2.13417248318e-8,1.25272077156e-8,1.02069064312e-8,2.05591312863e-8,8.21730150591e-9,2.73242428683e-9,2.19068185814e-9,6.99226787582e-10,6.00141658591e-10,2.81595946561e-9,5.76372172212e-10,6.34412133937e-10,1.91503857216e-9,9.2173227384e-11,4.33183072746e-11,8.51474099561e-11,1.33097326563e-11,1.31504260606e-11,7.85216856813e-12,4.22335994302e-12,2.57024848453e-12,2.1657263656e-12,1.58117421066e-12,9.32631684554e-13,2.90269788457e-13,9.53737482328e-14,2.09225252547e-14],"dvar2":[0.0000029314146559,0.0000198674624698,0.00000456555426354,0.00000109163568141,5.84074143717e-7,3.4396256865e-7,1.65045719314e-7,2.27574162182e-7,2.33277475559e-7,1.5065100456e-7,1.80217014645e-7,5.52690906375e-8,3.57272327278e-8,5.16138598528e-8,2.92616508801e-8,2.46031515161e-8,5.65360274152e-8,2.28848602291e-8,6.39562269811e-9,4.70388439311e-9,1.50373880015e-9,1.33172295413e-9,7.24446014289e-9,1.42151501681e-9,1.66622526887e-9,5.22234167022e-9,2.40488351455e-10,1.1018313345e-10,2.39456010576e-10,3.24544592589e-11,3.30651409031e-11,1.95279313553e-11,9.62215983974e-12,5.4791258336e-12,4.92702016339e-12,2.80512115272e-12,2.01544965613e-12,6.4984698395e-13,2.3971626008e-13,4.76021572691e-14],"max":[0.0133279552683,0.0244632773101,0.0192423444241,0.0106382966042,0.00860390346497,0.00764552643523,0.00608511501923,0.00761960307136,0.0092341369018,0.00625814590603,0.00645548198372,0.00419751973823,0.00299386959523,0.00338622555137,0.00358938006684,0.00242252042517,0.0047369892709,0.00374250276946,0.00152992806397,0.00199266290292,0.000829827738926,0.00102402246557,0.00287178833969,0.000842127017677,0.000549711752683,0.000807559117675,0.000189486789168,0.00015859551786,0.000163399090525,0.0000998299874482,0.0000731243853807,0.0000914841439226,0.000088389890152,0.000105183666165,0.000101058954897,0.000109322136268,0.0000680586745148,0.0000334178876074,0.0000107899168142,0.00000591411662754],"mean":[0.000654940435197,0.00129762163851,0.000777239154559,0.000664442603011,0.000456202338682,0.000313655444188,0.000271909520961,0.000261957145995,0.000183818876394,0.000129402760649,0.000138502990012,0.000109580512799,0.0000823540176498,0.0000916616627364,0.0000749434548197,0.0000582676766498,0.0000708780426066,0.0000430079380749,0.0000363725957868,0.0000287921338895,0.0000175782715814,0.0000230030254897,0.0000321623592754,0.0000202770279429,0.0000306943438773,0.0000454416513094,0.0000126227660076,0.00000895475568541,0.00000971176541498,0.00000515636611453,0.00000473255067845,0.00000342539487974,0.00000296216398965,0.00000217984620576,0.00000153099870204,0.00000111555982585,9.31078204758e-7,5.29440626451e-7,2.86314929099e-7,1.25532352513e-7],"median":[0.000121805147501,0.000312513497192,0.0002524125739,0.00039377133362,0.000248577387538,0.000156931855599,0.000154886336531,0.000129741500132,0.0000734011046006,0.0000455767367384,0.0000387900181522,0.0000307173577312,0.000023348882678,0.0000313653763442,0.0000276994906017,0.000019966488253,0.0000230477107834,0.0000154468252731,0.0000142147891893,0.0000108428430394,0.00000758063515605,0.0000111410736281,0.0000124246635096,0.00000983135487331,0.00000864863977768,0.0000065560029725,0.00000452777021565,0.00000249396316576,0.00000164668676916,0.00000142254725688,0.00000109751931632,8.96328799627e-7,7.67556912251e-7,4.73443748206e-7,3.2744006262e-7,1.87551989939e-7,1.28733574911e-7,9.08652424414e-8,7.12371246436e-8,3.85330238828e-8],"min":[3.51226473541e-24,5.62943093208e-24,2.70099209465e-24,5.11787317328e-24,3.96206967369e-24,3.63541144474e-24,2.46322093757e-24,4.40761121321e-24,2.29662791109e-24,4.26824039607e-24,3.22329551949e-24,2.27271024009e-24,5.01037706988e-24,4.64707704074e-24,5.54193758023e-24,8.0747952142e-24,7.44761924011e-24,5.03809961424e-24,6.30434916259e-24,6.712845794e-24,8.62008427088e-24,3.21914867493e-24,7.03186666609e-24,5.81928529728e-24,6.47250827517e-24,5.0287437239e-24,3.51666026837e-24,4.93059996096e-24,6.87794885943e-24,6.36870482966e-24,7.05412753198e-24,8.05750811632e-24,7.28508549464e-24,8.9305491576e-24,8.27199071898e-24,1.01065703733e-23,9.00405127244e-24,8.11652437836e-24,6.45218958483e-24,6.80755643428e-24],"var":[0.00000211146266338,0.00000671043289913,0.00000184619693755,6.63617129248e-7,3.44141483311e-7,2.0328410244e-7,1.39817828426e-7,2.16464570713e-7,1.66973862292e-7,1.14586683253e-7,1.76219231207e-7,1.0233770098e-7,4.66342982008e-8,4.3136392236e-8,2.59097774347e-8,1.88861211114e-8,2.36742554449e-8,8.27338286769e-9,5.03698727172e-9,3.80166431668e-9,1.32574129452e-9,1.54825596788e-9,3.91200005723e-9,1.09005471316e-9,1.87776350025e-9,5.4744324629e-9,3.25479782015e-10,1.62818702965e-10,2.26566113093e-10,5.33955969717e-11,4.80586508089e-11,2.84095594272e-11,1.9827622183e-11,1.192062421e-11,7.46825691567e-12,5.42680744092e-12,3.45303473315e-12,1.06723570953e-12,2.93618807653e-13,6.11675220565e-14]},"melbands_crest":{"dmean":3.27435684204,"dmean2":5.32966756821,"dvar":8.18630886078,"dvar2":21.1293945313,"max":30.4042415619,"mean":13.0534086227,"median":12.3921737671,"min":1.51109564304,"var":23.2921276093},"melbands_flatness_db":{"dmean":0.0253740884364,"dmean2":0.0389385446906,"dvar":0.000741054536775,"dvar2":0.00165447266772,"max":0.522082567215,"mean":0.202678829432,"median":0.190599456429,"min":0.00469499221072,"var":0.00766504975036},"melbands_kurtosis":{"dmean":5.01124668121,"dmean2":8.13182353973,"dvar":79.2396240234,"dvar2":212.970932007,"max":225.011672974,"mean":8.68563652039,"median":4.43624639511,"min":-1.73298311234,"var":177.485565186},"melbands_skewness":{"dmean":0.651213884354,"dmean2":1.01403856277,"dvar":0.490549594164,"dvar2":1.18829321861,"max":11.2589330673,"mean":2.09470963478,"median":1.88422346115,"min":-1.6425601244,"var":1.79955756664},"melbands_spread":{"dmean":6.78322696686,"dmean2":10.5761489868,"dvar":62.4742393494,"dvar2":139.728515625,"max":178.003067017,"mean":26.7018985748,"median":20.6253051758,"min":1.07252752781,"var":429.158355713},"mfcc":{"cov":[[13030.1005859,-2478.87402344,-1328.44018555,613.716247559,-341.134246826,307.955596924,-103.108345032,-93.2342147827,-538.647460938,-19.0455284119,-61.9295654297,73.1786193848,-51.479221344],[-2478.87402344,2335.66918945,71.7817687988,-240.312362671,56.4353599548,-163.177658081,9.89486408234,34.2070808411,202.528198242,18.7294483185,62.2636375427,-32.5049667358,9.0044631958],[-1328.44018555,71.7817687988,751.637084961,35.8010864258,50.8667373657,-11.7489891052,24.6420555115,-0.65787011385,52.1012153625,13.7675132751,11.8419761658,33.6088371277,31.8300094604],[613.716247559,-240.312362671,35.8010864258,289.12701416,92.606010437,67.7448272705,33.5880317688,40.2118377686,-8.25853157043,33.9353523254,-9.26573467255,16.8053588867,17.7274188995],[-341.134246826,56.4353599548,50.8667373657,92.606010437,287.577148438,92.3339691162,54.4775390625,32.487487793,38.8536262512,40.6411437988,-0.843656003475,5.27364253998,22.652923584],[307.955596924,-163.177658081,-11.7489891052,67.7448272705,92.3339691162,206.963287354,95.6404724121,47.1627006531,-0.374189317226,19.5669269562,6.31227016449,5.22003364563,2.35767555237],[-103.108345032,9.89486408234,24.6420555115,33.5880317688,54.4775390625,95.6404724121,161.84664917,65.1519546509,15.9759521484,9.00781154633,9.17230224609,6.80791807175,4.44057607651],[-93.2342147827,34.2070808411,-0.65787011385,40.2118377686,32.487487793,47.1627006531,65.1519546509,136.001602173,50.7656402588,16.1025848389,6.95521736145,0.524429798126,7.96667194366],[-538.647460938,202.528198242,52.1012153625,-8.25853157043,38.8536262512,-0.374189317226,15.9759521484,50.7656402588,147.236236572,34.5240745544,19.7202301025,-4.81517505646,3.11946225166],[-19.0455284119,18.7294483185,13.7675132751,33.9353523254,40.6411437988,19.5669269562,9.00781154633,16.1025848389,34.5240745544,83.6419372559,25.8689250946,2.51265501976,1.07836437225],[-61.9295654297,62.2636375427,11.8419761658,-9.26573467255,-0.843656003475,6.31227016449,9.17230224609,6.95521736145,19.7202301025,25.8689250946,78.2077331543,24.9338989258,1.12853777409],[73.1786193848,-32.5049667358,33.6088371277,16.8053588867,5.27364253998,5.22003364563,6.80791807175,0.524429798126,-4.81517505646,2.51265501976,24.9338989258,78.1662139893,28.2055301666],[-51.479221344,9.0044631958,31.8300094604,17.7274188995,22.652923584,2.35767555237,4.44057607651,7.96667194366,3.11946225166,1.07836437225,1.12853777409,28.2055301666,63.3577804565]],"icov":[[0.000158423586981,0.0000773469510023,0.000250278419117,-0.000325636588968,0.000248406402534,-0.000226568212383,0.000142658594996,0.0000394348717236,0.000287136266707,-0.0000948118104134,-0.00000119033086321,-0.000164443918038,0.0000484688789584],[0.0000773469510023,0.000632251554634,0.000127414881717,0.000280345324427,-0.000195773201995,0.000493472442031,-0.000231119061937,0.00000277722074316,-0.000488031073473,0.0000711891771061,-0.000418174517108,0.000241529749474,-0.000179237642442],[0.000250278419117,0.000127414881717,0.00184235279448,-0.000697876443155,0.000238400825765,-0.000047350757086,-0.000174724758836,0.000491107057314,-0.000162501906743,-0.0000850664582686,0.0000190467198991,-0.000710548250936,-0.000352610630216],[-0.000325636588968,0.000280345324427,-0.000697876443155,0.00545041961595,-0.00168953894172,0.000157574482728,-0.000179269118235,-0.00136264110915,0.000131728433189,-0.00150621135253,0.000978295342065,-0.0003893871326,-0.000521655369084],[0.000248406402534,-0.000195773201995,0.000238400825765,-0.00168953894172,0.00538099324331,-0.0023211708758,-0.000105694081867,0.000640436890535,-0.000376036041416,-0.00156422145665,0.000974495778792,-0.0000844614914968,-0.00126266491134],[-0.000226568212383,0.000493472442031,-0.000047350757086,0.000157574482728,-0.0023211708758,0.00870435032994,-0.00424508331344,-0.000723566394299,0.0000489064186695,-0.000332946132403,-0.000765261240304,0.000454761291621,0.000434428104199],[0.000142658594996,-0.000231119061937,-0.000174724758836,-0.000179269118235,-0.000105694081867,-0.00424508331344,0.0102720279247,-0.00363764120266,0.00093842408387,0.000593516742811,-0.000460025796201,-0.000681635923684,0.000475255917991],[0.0000394348717236,0.00000277722074316,0.000491107057314,-0.00136264110915,0.000640436890535,-0.000723566394299,-0.00363764120266,0.0110552581027,-0.00368984718807,0.000106908933958,0.0000619616184849,0.000478159083286,-0.00120513362344],[0.000287136266707,-0.000488031073473,-0.000162501906743,0.000131728433189,-0.000376036041416,0.0000489064186695,0.00093842408387,-0.00368984718807,0.0107469633222,-0.00323251239024,-0.000948553322814,0.000537912186701,0.000181577808689],[-0.0000948118104134,0.0000711891771061,-0.0000850664582686,-0.00150621135253,-0.00156422145665,-0.000332946132403,0.000593516742811,0.000106908933958,-0.00323251239024,0.0162546765059,-0.00540240854025,0.00147850357462,0.000214165207581],[-0.00000119033086321,-0.000418174517108,0.0000190467198991,0.000978295342065,0.000974495778792,-0.000765261240304,-0.000460025796201,0.0000619616184849,-0.000948553322814,-0.00540240854025,0.0174617879093,-0.00663738604635,0.00226212013513],[-0.000164443918038,0.000241529749474,-0.000710548250936,-0.0003893871326,-0.0000844614914968,0.000454761291621,-0.000681635923684,0.000478159083286,0.000537912186701,0.00147850357462,-0.00663738604635,0.0183941200376,-0.00782318785787],[0.0000484688789584,-0.000179237642442,-0.000352610630216,-0.000521655369084,-0.00126266491134,0.000434428104199,0.000475255917991,-0.00120513362344,0.000181577808689,0.000214165207581,0.00226212013513,-0.00782318785787,0.02015469037]],"mean":[-668.215087891,135.028656006,-13.5062074661,28.3355579376,-5.84775876999,2.30370807648,-3.5247900486,1.94366145134,-10.0022039413,0.316010892391,0.278951644897,-1.61016464233,-3.48687529564]},"pitch_salience":{"dmean":0.0692727044225,"dmean2":0.113465189934,"dvar":0.00400942657143,"dvar2":0.0104987584054,"max":0.851095736027,"mean":0.594418525696,"median":0.606155097485,"min":0.187827378511,"var":0.0103660793975},"silence_rate_20dB":{"dmean":0,"dmean2":0,"dvar":0,"dvar2":0,"max":1,"mean":1,"median":1,"min":1,"var":0},"silence_rate_30dB":{"dmean":0,"dmean2":0,"dvar":0,"dvar2":0,"max":1,"mean":1,"median":1,"min":1,"var":0},"silence_rate_60dB":{"dmean":0.0201846156269,"dmean2":0.0403742007911,"dvar":0.0197768937796,"dvar2":0.0473555959761,"max":1,"mean":0.090696528554,"median":0,"min":0,"var":0.0824836269021},"spectral_centroid":{"dmean":219.757278442,"dmean2":344.572357178,"dvar":65794.390625,"dvar2":144102.703125,"max":11273.2246094,"mean":1441.67468262,"median":1284.62634277,"min":223.818756104,"var":750696.125},"spectral_complexity":{"dmean":3.2893538475,"dmean2":4.99729204178,"dvar":12.5528125763,"dvar2":25.7159442902,"max":56,"mean":22.0331039429,"median":18,"min":0,"var":194.477416992},"spectral_contrast_coeffs":{"dmean":[0.0532162897289,0.0440394245088,0.0388542413712,0.0301618967205,0.0222050528973,0.0164423715323],"dmean2":[0.0879542678595,0.0739747434855,0.0628206729889,0.0493699200451,0.0356279052794,0.0258682146668],"dvar":[0.00179566908628,0.00135860079899,0.00106146326289,0.000692219240591,0.000388162035961,0.000269948941423],"dvar2":[0.00481166830286,0.00366899720393,0.00261825113557,0.00164842326194,0.000908080837689,0.000611320312601],"max":[-0.364677906036,-0.46776124835,-0.468785047531,-0.509147405624,-0.55639898777,-0.52693271637],"mean":[-0.622742831707,-0.74580425024,-0.766722679138,-0.791500508785,-0.783801138401,-0.734268784523],"median":[-0.621276021004,-0.749510526657,-0.775983989239,-0.796092927456,-0.782017707825,-0.729902803898],"min":[-0.965233325958,-0.973127067089,-0.972459554672,-0.966187596321,-0.965710580349,-0.962150752544],"var":[0.00738607766107,0.00472849747166,0.00498688872904,0.00312379701063,0.00259287981316,0.00258806464262]},"spectral_contrast_valleys":{"dmean":[0.462630927563,0.343866556883,0.335949778557,0.323018938303,0.261805802584,0.287603825331],"dmean2":[0.752804517746,0.562358140945,0.536792993546,0.501080214977,0.387222379446,0.368668973446],"dvar":[0.172280982137,0.101666912436,0.102934032679,0.117085717618,0.124108657241,0.191976189613],"dvar2":[0.385510534048,0.24561727047,0.227132901549,0.240536078811,0.246204927564,0.347981214523],"max":[-5.16017532349,-4.78572034836,-4.99138641357,-5.53139829636,-5.62007379532,-8.09395885468],"mean":[-7.61807727814,-6.66245555878,-7.41033554077,-7.78046703339,-7.69042634964,-10.9467496872],"median":[-7.53943443298,-6.45098924637,-7.17296934128,-7.47213077545,-7.40417671204,-10.6370868683],"min":[-27.7347431183,-27.8171463013,-28.0116424561,-27.4192485809,-27.3570671082,-27.3363456726],"var":[1.4269579649,1.36420416832,1.46862566471,1.84969699383,2.24966955185,2.31201076508]},"spectral_decrease":{"dmean":1.88778392918e-9,"dmean2":2.91175106248e-9,"dvar":9.49247655547e-18,"dvar2":2.2199732659e-17,"max":1.31199258933e-28,"mean":-5.37672573131e-9,"median":-4.91092411181e-9,"min":-3.08040881691e-8,"var":1.78426547353e-17},"spectral_energy":{"dmean":0.00740434555337,"dmean2":0.0113999564201,"dvar":0.000141003911267,"dvar2":0.000328744295985,"max":0.117986373603,"mean":0.0221375804394,"median":0.0208947882056,"min":1.05085533929e-20,"var":0.000284128618659},"spectral_energyband_high":{"dmean":0.000191858242033,"dmean2":0.000288704963168,"dvar":1.11751653264e-7,"dvar2":2.26127880865e-7,"max":0.0158431623131,"mean":0.000751166197006,"median":0.000204016454518,"min":7.53146493701e-21,"var":0.00000103660090645},"spectral_energyband_low":{"dmean":0.00432868907228,"dmean2":0.00694648222998,"dvar":0.000105150909803,"dvar2":0.000262082088739,"max":0.106650993228,"mean":0.00611234782264,"median":0.00170452985913,"min":3.62147361361e-23,"var":0.000124111014884},"spectral_energyband_middle_high":{"dmean":0.00183182035107,"dmean2":0.00282316002995,"dvar":0.0000105014478322,"dvar2":0.0000239205892285,"max":0.071809887886,"mean":0.00625585019588,"median":0.00463222898543,"min":1.43830219437e-21,"var":0.0000443020508101},"spectral_energyband_middle_low":{"dmean":0.00404432788491,"dmean2":0.00644347025082,"dvar":0.0000347352142853,"dvar2":0.0000862490633153,"max":0.0715632662177,"mean":0.00997909903526,"median":0.00816588290036,"min":1.82964245793e-22,"var":0.0000650032961858},"spectral_entropy":{"dmean":0.152259498835,"dmean2":0.228861704469,"dvar":0.0389350913465,"dvar2":0.0828499421477,"max":9.80828285217,"mean":7.4163274765,"median":7.56203079224,"min":5.08990478516,"var":0.262464553118},"spectral_flux":{"dmean":0.022446108982,"dmean2":0.0345338694751,"dvar":0.000954081420787,"dvar2":0.00191540713422,"max":0.315275162458,"mean":0.0771240592003,"median":0.07405179739,"min":6.57044071928e-11,"var":0.00233340775594},"spectral_kurtosis":{"dmean":3.12440490723,"dmean2":5.33138132095,"dvar":33.7218513489,"dvar2":90.2770309448,"max":107.471412659,"mean":6.58193540573,"median":3.85611557961,"min":-1.27297019958,"var":76.7202911377},"spectral_rms":{"dmean":0.000699788914062,"dmean2":0.00105155562051,"dvar":8.73525266343e-7,"dvar2":0.00000184757891475,"max":0.0107288705185,"mean":0.00425053806975,"median":0.00451499223709,"min":3.20191291016e-12,"var":0.00000353059704139},"spectral_rolloff":{"dmean":336.710205078,"dmean2":566.218444824,"dvar":290806.15625,"dvar2":626930.0625,"max":18992.2851563,"mean":1664.11413574,"median":1248.92578125,"min":86.1328125,"var":1815385.375},"spectral_skewness":{"dmean":0.311141222715,"dmean2":0.513913810253,"dvar":0.194701835513,"dvar2":0.50339692831,"max":8.46195888519,"mean":1.56433713436,"median":1.34065270424,"min":-0.0331373214722,"var":0.797234416008},"spectral_spread":{"dmean":366748.0625,"dmean2":548154.25,"dvar":407087448064,"dvar2":822562324480,"max":42575652,"mean":3410902.5,"median":3422886.5,"min":768714.3125,"var":2379459067900},"spectral_strongpeak":{"dmean":0.507852196693,"dmean2":0.856215536594,"dvar":0.895205259323,"dvar2":2.22308111191,"max":13.0189962387,"mean":0.956843852997,"median":0.462594807148,"min":0,"var":1.66513073444},"zerocrossingrate":{"dmean":0.00708191096783,"dmean2":0.00838456582278,"dvar":0.00005786150723,"dvar2":0.0000660331861582,"max":0.51220703125,"mean":0.0576597899199,"median":0.05078125,"min":0.0048828125,"var":0.00127689668443}},"metadata":{"audio_properties":{"analysis_sample_rate":44100,"bit_rate":263444,"codec":"aac","downmix":"mix","equal_loudness":0,"length":188.662124634,"lossless":false,"md5_encoded":"3f0c61643b1594db2e04723c626e9e3f","replay_gain":-15.3050670624,"sample_rate":44100},"tags":{"album":["Boys & Girls"],"albumartistsort":["Alabama Shakes"],"artist":["Alabama Shakes"],"artistsort":["Alabama Shakes"],"asin":["B0074MZSWW"],"barcode":["880882178727"],"bpm":["0"],"catalognumber":["ATO0142"],"date":["2012-04-10"],"discnumber":["1/1"],"encodedby":["iTunes 11.0.2"],"file_name":"Alabama Shakes - Boys & Girls - 04 - Rise to the Sun.m4a","genre":["Southern Rock"],"label":["ATO Records"],"language":["English"],"media":["CD"],"musicbrainz_albumartistid":["40419b33-18e9-4d5a-a674-30b4bb14bac2"],"musicbrainz_albumid":["884363e2-e302-483f-a2bb-fd00609798c1"],"musicbrainz_artistid":["40419b33-18e9-4d5a-a674-30b4bb14bac2"],"musicbrainz_recordingid":["5d2345ee-a94b-486f-9197-f6c2abf50814"],"musicbrainz_releasegroupid":["83024532-0142-4ac5-b473-e38681350db0"],"script":["Latin"],"title":["Rise to the Sun"],"tracknumber":["4/11"]},"version":{"essentia":"2.1-beta2","essentia_build_sha":"2d9f1f26377add8aeb1075a9c2973f962c4f09fd","essentia_git_sha":"v2.1_beta2-1-ge3940c0","extractor":"music 1.0"}},"rhythm":{"beats_count":398,"beats_loudness":{"dmean":0.0225468184799,"dmean2":0.0445521809161,"dvar":0.000232230784604,"dvar2":0.000746275356505,"max":0.0798463821411,"mean":0.0291095208377,"median":0.0287083126605,"min":0.00000110010762455,"var":0.000288788112812},"beats_loudness_band_ratio":{"dmean":[0.346240073442,0.15999250114,0.157232224941,0.116432763636,0.0774883329868,0.0577553659678],"dmean2":[0.654919922352,0.275337189436,0.294129222631,0.212632149458,0.143947690725,0.104691550136],"dvar":[0.0506665334105,0.016774635762,0.0260764993727,0.0217389501631,0