{"lowlevel":{"average_loudness":0.66310274601,"barkbands":{"dmean":[0.0000332766612701,0.000466680940008,0.000228580858675,0.000232389415032,0.000943852995988,0.000307364680339,0.00023827663972,0.000232612947002,0.000626464723609,0.000608340720646,0.00028771549114,0.000344026600942,0.000107188585389,0.000292756303679,0.000244258553721,0.000155578760314,0.000114510352432,0.000130841654027,0.000316798134008,0.000388616230339,0.0000755034998292,0.0000389632696169,0.0000291420456051,0.0000275541024166,0.0000202641986107,0.00000766926586948,0.00000273035038845],"dmean2":[0.0000517615699209,0.000707031053025,0.000387719686842,0.000395503244363,0.00156734196935,0.000485459313495,0.0003978163586,0.000383962818887,0.000979518168606,0.000967944855802,0.000449263316114,0.000528696691617,0.000174539891304,0.0004702397855,0.000385306077078,0.000243269620114,0.000180347182322,0.000202299139346,0.000492671097163,0.000606660731137,0.000117559735372,0.0000596181998844,0.0000428773637395,0.0000403901467507,0.0000301740165014,0.000011079041542,0.0000043754557737],"dvar":[6.1957199371e-9,4.23917356329e-7,4.53988349136e-7,8.40460700147e-7,0.00000645331328997,3.06326114696e-7,2.17768473476e-7,2.43537272127e-7,0.00000246463559961,0.00000218324748857,7.37461448352e-7,9.59428462011e-7,7.35699359211e-8,6.42171812615e-7,5.08769232965e-7,1.0718189003e-7,6.86105181558e-8,4.7840256201e-8,3.3842746916e-7,4.91844104999e-7,2.70191460316e-8,6.34071462002e-9,3.07973779812e-9,2.22088569757e-9,1.67193348055e-9,4.24504736918e-10,1.09638631507e-10],"dvar2":[1.45844909483e-8,9.69208372226e-7,0.00000137857500704,0.00000224499785872,0.0000166937370523,7.1101709409e-7,5.79166510306e-7,5.69138308038e-7,0.00000587370413996,0.00000523085964232,0.00000164727975971,0.00000212740337702,1.83172218726e-7,0.0000017038975102,0.00000116244484616,2.55024161788e-7,1.68283676771e-7,1.13736831509e-7,8.2570181803e-7,0.00000125790029415,5.91244280201e-8,1.4423799044e-8,6.77664591109e-9,4.82834883186e-9,3.56373930366e-9,9.18094489322e-10,2.86772078306e-10],"max":[0.00164622627199,0.00837753340602,0.00962448865175,0.017543239519,0.0244386233389,0.0117578012869,0.0113664874807,0.0104123046622,0.0340860486031,0.0354914702475,0.0312369074672,0.0321812257171,0.0127704115584,0.0180634483695,0.0292883012444,0.00785171054304,0.00495854578912,0.00749253993854,0.0103198224679,0.0138533357531,0.00887418072671,0.0032287852373,0.00159935699776,0.000776454282459,0.000841455592308,0.000425331032602,0.000211304519325],"mean":[0.0000512050210091,0.00105446507223,0.000333827076247,0.000276285456493,0.000950757064857,0.000475551962154,0.000342599727446,0.000339134741807,0.00101757189259,0.00101038464345,0.000483646057546,0.000652980408631,0.000176311092218,0.00052488676738,0.000415579008404,0.000270739168627,0.000211268212297,0.000254602404311,0.000666792970151,0.000943908060435,0.000176491739694,0.00010991129966,0.0000772922721808,0.0000722312033758,0.0000514609055244,0.000019858342057,0.00000444418492407],"median":[0.0000209452664421,0.000752293737605,0.000116623028589,0.0000733640990802,0.000286914844764,0.000269375712378,0.000172327709151,0.000142922639498,0.000202096969588,0.000191157450899,0.000094843286206,0.000116452640214,0.000057481793192,0.000105085171526,0.000112744361104,0.00012617786706,0.0000957975644269,0.000156101508765,0.000245330447797,0.000395576673327,0.00010354378901,0.0000701747558196,0.0000508089215145,0.000048744637752,0.0000292064523819,0.00000732997477826,8.19673857677e-7],"min":[4.29293667279e-25,2.6835628046e-24,9.13315743148e-25,7.8357391013e-25,8.09732271507e-24,5.17579134094e-24,6.59090959172e-24,5.90419789069e-24,1.47177384657e-23,9.00632950274e-24,1.30251364193e-23,2.44389423982e-23,2.10658236546e-23,3.60832298677e-23,2.12900731441e-23,5.03907969503e-23,6.02577965776e-23,8.02968704323e-23,1.22721929822e-22,1.53582685927e-22,2.37562874144e-22,2.93501013555e-22,3.3789568192e-22,5.1524794599e-22,8.68844989149e-22,1.25261297057e-21,1.85167813243e-21],"var":[8.84647377575e-9,0.00000113781140954,6.75695844166e-7,9.93690719042e-7,0.00000539005850442,4.8716128731e-7,2.84601327394e-7,4.21413488993e-7,0.00000563052708458,0.00000505547222929,0.00000174550416432,0.00000400433737013,1.58074712431e-7,0.00000172239879248,0.00000147806804307,2.35825353911e-7,1.62335084042e-7,1.18835714602e-7,0.00000104462401396,0.00000197035592464,9.36214945568e-8,1.89935462913e-8,8.36930080794e-9,6.64381616389e-9,4.70912864259e-9,1.15763432174e-9,1.21660181929e-10]},"barkbands_crest":{"dmean":2.48206210136,"dmean2":4.0451130867,"dvar":5.84888601303,"dvar2":14.7641124725,"max":25.3016109467,"mean":8.35964393616,"median":7.28472137451,"min":2.4611749649,"var":15.2062911987},"barkbands_flatness_db":{"dmean":0.0146131617948,"dmean2":0.0228395015001,"dvar":0.000205322503462,"dvar2":0.000495352665894,"max":0.39741525054,"mean":0.0846889019012,"median":0.0792170837522,"min":0.0183059964329,"var":0.00118237850256},"barkbands_kurtosis":{"dmean":1.17739391327,"dmean2":1.96902835369,"dvar":34.8699188232,"dvar2":99.4535293579,"max":356.495422363,"mean":0.574153780937,"median":-0.562214076519,"min":-1.86800634861,"var":74.5752410889},"barkbands_skewness":{"dmean":0.39972448349,"dmean2":0.619137108326,"dvar":0.19913752377,"dvar2":0.482823342085,"max":17.1394615173,"mean":0.529475450516,"median":0.443999767303,"min":-2.26781916618,"var":1.18230164051},"barkbands_spread":{"dmean":6.59856367111,"dmean2":10.1940536499,"dvar":40.4428939819,"dvar2":91.0494155884,"max":107.495422363,"mean":36.6241149902,"median":34.0272216797,"min":1.2664475441,"var":223.837295532},"dissonance":{"dmean":0.0121587924659,"dmean2":0.0207069739699,"dvar":0.000131873341161,"dvar2":0.000361339392839,"max":0.499989628792,"mean":0.480005919933,"median":0.484039872885,"min":0.370323210955,"var":0.000245447678026},"dynamic_complexity":4.25746917725,"erbbands":{"dmean":[0.0159743465483,0.099622271955,0.21186862886,0.642826616764,1.9891256094,3.60084843636,2.1047039032,2.98886322975,3.56647539139,3.97835588455,4.8938627243,15.5292234421,17.7286319733,13.6391363144,14.9509553909,9.54001331329,4.75281190872,9.07338142395,16.4978599548,10.4800491333,6.7499628067,6.36696815491,5.45389842987,14.595905304,15.3819656372,17.836101532,6.84567975998,1.72841882706,1.30761146545,1.14541852474,0.785834848881,0.682663857937,0.417298674583,0.288117855787,0.114192217588,0.0408625900745,0.0134614780545,0.0033564993646,0.000524989445694,0.0000214485771721],"dmean2":[0.024875536561,0.150318905711,0.343690276146,1.10387921333,3.29830408096,6.10209369659,3.37945270538,4.72175312042,5.92823505402,6.55631113052,7.81043720245,24.1884670258,27.5689086914,21.4852676392,23.0414733887,14.6679229736,7.62372493744,14.1484079361,26.8630199432,16.2784805298,10.4788236618,9.91022491455,8.42000102997,22.7742233276,23.8576545715,27.8208599091,10.5388174057,2.66143512726,2.01822280884,1.7542270422,1.15754783154,1.00498044491,0.627886414528,0.432494193316,0.171241015196,0.0603540800512,0.0194841921329,0.00492379488423,0.000858325744048,0.0000351945564034],"dvar":[0.000626672175713,0.0191124081612,0.215597480536,6.33877420425,29.9516391754,98.442489624,9.86030197144,35.3510131836,60.7249794006,43.9451751709,148.502548218,1834.41491699,2002.81237793,1049.22851563,1846.34423828,600.173034668,134.873550415,460.367797852,2144.14135742,685.127807617,163.988388062,220.951370239,86.3213424683,730.829711914,987.832946777,907.374633789,189.208312988,7.98423528671,9.5315580368,5.5367846489,2.11157846451,1.58711373806,0.546101391315,0.295974731445,0.0633787885308,0.0105819217861,0.00132257933728,0.000116055096441,0.00000450018706033,5.62804824966e-9],"dvar2":[0.00155185617041,0.0421443022788,0.618274211884,18.3911151886,76.450881958,260.362762451,24.71916008,80.7648925781,161.843338013,109.97177124,335.666625977,4316.22412109,4323.36914063,2464.28833008,4062.02319336,1468.76599121,347.945068359,1041.84545898,5513.54052734,1647.80859375,359.056793213,525.140380859,205.684295654,1789.98974609,2478.83959961,2259.96435547,435.103027344,17.3153476715,22.7614383698,12.1598997116,4.56883239746,3.41819286346,1.19053757191,0.644499778748,0.134935632348,0.0229200311005,0.00290642189793,0.000268471601885,0.0000121417178889,1.55117252376e-8],"max":[0.37004968524,1.87519836426,6.64382362366,42.0357627869,47.9592132568,95.121711731,32.9152565002,150.350067139,206.884750366,102.86580658,314.321533203,1080.48840332,1129.71057129,943.984558105,1102.8503418,658.544921875,504.699035645,682.211608887,1286.12719727,816.168884277,517.996032715,308.488250732,343.315673828,652.942993164,693.231811523,641.256408691,586.313659668,99.3393325806,136.58416748,87.3720626831,49.8247337341,27.3975257874,14.4503164291,11.1168622971,5.14056873322,2.36928129196,0.703728318214,0.233725890517,0.0502803325653,0.00177772541065],"mean":[0.0348939374089,0.217602819204,0.3715467453,0.803062260151,1.8947968483,3.38924431801,3.1428861618,4.52736091614,5.16988039017,6.21951770782,7.55987453461,25.0089054108,30.057258606,25.0208492279,29.2716236115,18.4546775818,9.02955722809,17.8038024902,30.6200847626,18.5705680847,13.2670574188,12.4357347488,12.266960144,30.2754421234,36.2692832947,43.3956756592,16.6057014465,4.91002321243,3.6721405983,3.08431649208,2.13096284866,1.71509408951,1.06679546833,0.696122586727,0.287789523602,0.107419490814,0.0328504741192,0.00701821735129,0.000822231697384,0.000044590116886],"median":[0.025052536279,0.139340102673,0.185896068811,0.235626801848,0.387821495533,0.91361194849,1.80506515503,2.37565875053,2.54965782166,3.22597670555,3.2688536644,4.67784547806,8.02831554413,6.51158809662,5.25103282928,4.63576698303,3.2128777504,5.22221851349,5.96377897263,8.352602005,6.93840312958,5.71645736694,7.77846050262,13.1940431595,12.6721658707,20.251329422,7.61368274689,3.38937163353,2.50598335266,2.01060986519,1.41252744198,1.0787178278,0.695206582546,0.425006657839,0.138775035739,0.0432014279068,0.0115214763209,0.00172471033875,0.000154102657689,0.0000244515485974],"min":[1.09965026621e-22,3.87719480361e-22,1.81788752168e-21,6.41113442343e-21,5.0610544947e-21,2.8832705032e-20,3.79549723807e-20,7.55543734202e-20,9.49711522925e-20,1.60813423657e-19,2.05210081214e-19,3.72500471239e-19,2.76197054098e-19,8.4656507322e-19,7.68324178729e-19,1.38030481104e-18,1.47545808524e-18,1.72650388563e-18,1.24776803963e-18,2.6910164356e-18,2.52014883839e-18,3.81411532882e-18,5.09994112126e-18,4.83266128096e-18,5.62903975545e-18,8.39955755369e-18,7.35884853782e-18,9.22703264255e-18,1.0903497788e-17,1.07615229892e-17,1.09394619467e-17,9.4860286826e-18,8.58044210132e-18,7.95660233567e-18,6.44669000657e-18,4.13675009571e-18,2.2927908024e-18,9.53045138342e-19,2.45206965093e-19,2.59617226845e-20],"var":[0.00136592658237,0.057038359344,0.404751032591,7.32684803009,25.6507015228,77.1850357056,14.4905147552,54.7294006348,78.3839874268,77.3915176392,254.41456604,4146.48779297,5043,3687.87109375,6251.09716797,2046.57287598,312.601287842,1338.22302246,6080.23095703,1327.54333496,478.693054199,552.971679688,245.274246216,2055.3269043,3426.57592773,3601.55834961,698.046081543,34.3518104553,23.5265865326,14.8785715103,6.02099180222,4.44630384445,1.62208878994,0.782061517239,0.180806934834,0.0307125300169,0.00329152401537,0.000210242083995,0.0000044818243623,5.91287374618e-9]},"erbbands_crest":{"dmean":2.2976796627,"dmean2":3.79982233047,"dvar":4.89962339401,"dvar2":12.5973882675,"max":28.876865387,"mean":7.80857419968,"median":7.02884721756,"min":2.23452711105,"var":12.5505886078},"erbbands_flatness_db":{"dmean":0.0134962340817,"dmean2":0.0198312625289,"dvar":0.000161052535987,"dvar2":0.00030917028198,"max":0.305685669184,"mean":0.141397759318,"median":0.135549083352,"min":0.0221711602062,"var":0.0018585009966},"erbbands_kurtosis":{"dmean":0.606684327126,"dmean2":1.00279915333,"dvar":0.606602072716,"dvar2":1.47171032429,"max":13.196975708,"mean":-0.338097304106,"median":-0.627210080624,"min":-1.74174821377,"var":1.23521113396},"erbbands_skewness":{"dmean":0.34670355916,"dmean2":0.545619904995,"dvar":0.100201994181,"dvar2":0.236836239696,"max":2.80365657806,"mean":-0.199759498239,"median":-0.199407368898,"min":-3.49422860146,"var":0.407103300095},"erbbands_spread":{"dmean":6.70942735672,"dmean2":10.3949327469,"dvar":41.940990448,"dvar2":96.9887084961,"max":143.395874023,"mean":40.1324577332,"median":37.6397094727,"min":8.98138523102,"var":242.070053101},"gfcc":{"cov":[[41996.1601563,1988.87426758,-4938.65869141,973.083129883,-2024.58898926,254.793945313,-785.84967041,566.216186523,-1029.63537598,92.0481719971,-368.223724365,-239.254516602,-170.582977295],[1988.87426758,942.497497559,-435.357879639,139.577453613,-81.7100830078,34.6319656372,-45.4588317871,0.609457790852,-39.4645614624,-106.847480774,9.45832157135,-105.290000916,7.76258897781],[-4938.65869141,-435.357879639,1288.4519043,-49.2143554688,295.540649414,-84.7987594604,-1.50357890129,-30.4585533142,141.625732422,78.228187561,-80.1078033447,145.741821289,-30.4082450867],[973.083129883,139.577453613,-49.2143554688,249.641357422,-9.73791122437,9.19116210938,-75.9262008667,40.2544670105,11.6707019806,-0.402209788561,3.59253764153,11.046216011,14.2659263611],[-2024.58898926,-81.7100830078,295.540649414,-9.73791122437,254.146347046,30.0911121368,73.3068847656,-31.6578121185,43.5888290405,7.80697059631,7.59113550186,26.9092750549,4.90004301071],[254.793945313,34.6319656372,-84.7987594604,9.19116210938,30.0911121368,165.493179321,89.8867340088,8.94103717804,-8.46784687042,15.1723423004,22.2620391846,-16.5141830444,-2.00374150276],[-785.84967041,-45.4588317871,-1.50357890129,-75.9262008667,73.3068847656,89.8867340088,198.927963257,8.46178531647,3.30989408493,3.21274709702,32.0778160095,-44.4484481812,-12.9093236923],[566.216186523,0.609457790852,-30.4585533142,40.2544670105,-31.6578121185,8.94103717804,8.46178531647,128.576934814,39.2708282471,22.9855823517,-5.83812332153,13.4934902191,7.98190927505],[-1029.63537598,-39.4645614624,141.625732422,11.6707019806,43.5888290405,-8.46784687042,3.30989408493,39.2708282471,107.663787842,29.7052135468,11.9430427551,26.3510437012,14.3036470413],[92.0481719971,-106.847480774,78.228187561,-0.402209788561,7.80697059631,15.1723423004,3.21274709702,22.9855823517,29.7052135468,99.7469863892,13.4219322205,45.5579109192,-3.47044825554],[-368.223724365,9.45832157135,-80.1078033447,3.59253764153,7.59113550186,22.2620391846,32.0778160095,-5.83812332153,11.9430427551,13.4219322205,97.9461975098,-7.02558279037,13.9091205597],[-239.254516602,-105.290000916,145.741821289,11.046216011,26.9092750549,-16.5141830444,-44.4484481812,13.4934902191,26.3510437012,45.5579109192,-7.02558279037,125.448982239,30.569732666],[-170.582977295,7.76258897781,-30.4082450867,14.2659263611,4.90004301071,-2.00374150276,-12.9093236923,7.98190927505,14.3036470413,-3.47044825554,13.9091205597,30.569732666,59.8764686584]],"icov":[[0.000161611009389,-0.0000998576651909,0.000489244703203,-0.000372886453988,0.000385109655326,-0.000140055824886,0.000261588516878,-0.000538504682481,0.00105606531724,-0.000807546370197,0.000796950247604,-0.000282637629425,0.000562734727282],[-0.0000998576651909,0.00163107167464,0.000116714421893,-0.000461493560579,-0.000334644777467,-0.000288134906441,0.00025425516651,0.000477645022329,-0.00111941318028,0.0016964818351,-0.00038053523167,0.000823036651127,-0.00028388996725],[0.000489244703203,0.000116714421893,0.00331586669199,-0.00120488961693,-0.000432387721958,0.00035282727913,0.000700322270859,-0.000947246910073,0.00138437864371,-0.0025413769763,0.00378129980527,-0.00222342205234,0.00345294340514],[-0.000372886453988,-0.000461493560579,-0.00120488961693,0.00673232832924,-0.00202976143919,-0.0012942092726,0.0029939871747,-0.00119334645569,-0.00205701589584,0.00174708792474,-0.00285822083242,0.00120181986131,-0.00164800893981],[0.000385109655326,-0.000334644777467,-0.000432387721958,-0.00202976143919,0.00834336690605,-0.00105766218621,-0.00261093582958,0.0012224187376,0.000958348624408,-0.000765692675486,0.0015556308208,-0.00173900718801,0.000213651510421],[-0.000140055824886,-0.000288134906441,0.00035282727913,-0.0012942092726,-0.00105766218621,0.00965772289783,-0.00520674046129,0.000900729210116,-0.0000881811283762,-0.00158050842583,-0.000269848591415,-0.000567376962863,-0.000425195757998],[0.000261588516878,0.00025425516651,0.000700322270859,0.0029939871747,-0.00261093582958,-0.00520674046129,0.0118517857045,-0.00407936656848,0.00252562877722,-0.00113189371768,-0.00139251654036,0.00363558600657,0.00129147153348],[-0.000538504682481,0.000477645022329,-0.000947246910073,-0.00119334645569,0.0012224187376,0.000900729210116,-0.00407936656848,0.0134435966611,-0.00876591727138,0.00131835916545,0.000184527641977,-0.000566780683585,-0.00211736490019],[0.00105606531724,-0.00111941318028,0.00138437864371,-0.00205701589584,0.000958348624408,-0.0000881811283762,0.00252562877722,-0.00876591727138,0.0221996866167,-0.00821781065315,0.00231680623256,-0.000226619333262,-0.000223370836466],[-0.000807546370197,0.0016964818351,-0.0025413769763,0.00174708792474,-0.000765692675486,-0.00158050842583,-0.00113189371768,0.00131835916545,-0.00821781065315,0.0201028529555,-0.00687993690372,-0.00443774508312,0.00235467660241],[0.000796950247604,-0.00038053523167,0.00378129980527,-0.00285822083242,0.0015556308208,-0.000269848591415,-0.00139251654036,0.000184527641977,0.00231680623256,-0.00687993690372,0.0174712296575,-0.00079794425983,-0.000143403653055],[-0.000282637629425,0.000823036651127,-0.00222342205234,0.00120181986131,-0.00173900718801,-0.000567376962863,0.00363558600657,-0.000566780683585,-0.000226619333262,-0.00443774508312,-0.00079794425983,0.0162111800164,-0.00963898655027],[0.000562734727282,-0.00028388996725,0.00345294340514,-0.00164800893981,0.000213651510421,-0.000425195757998,0.00129147153348,-0.00211736490019,-0.000223370836466,0.00235467660241,-0.000143403653055,-0.00963898655027,0.0261605512351]],"mean":[-49.1262245178,52.2466125488,-124.824234009,37.0256385803,-59.3419380188,10.146484375,-27.0267353058,17.2097930908,-24.0954303741,7.33769989014,-9.18524360657,-0.0875599831343,-2.41970014572]},"hfc":{"dmean":3.9177672863,"dmean2":5.23344755173,"dvar":24.9780197144,"dvar2":45.9607505798,"max":116.098266602,"mean":16.9051761627,"median":10.6944971085,"min":1.07288124627e-16,"var":284.11505127},"melbands":{"dmean":[0.000135455877171,0.000112223417091,0.000119065582112,0.000238863838604,0.0000811763602542,0.0000647356064292,0.0000515979481861,0.000046833873057,0.0000447381971753,0.000101895253465,0.0000914021293283,0.0000626231558272,0.0000434439134551,0.0000444960023742,0.0000141885147968,0.0000121385310194,0.0000187358164112,0.0000305511093757,0.0000177402434929,0.0000127836092361,0.00000783968243923,0.00000766188350099,0.000004619032552,0.0000065616509346,0.0000134205820359,0.0000129910322357,0.0000129406489577,0.0000142622557178,0.00000637203265796,0.0000013929426359,0.00000113788212275,8.30580461297e-7,8.03624061518e-7,6.7508256052e-7,4.79486629956e-7,5.0102937621e-7,4.23934750415e-7,3.00993718838e-7,3.24693587572e-7,2.42597081979e-7],"dmean2":[0.000206258700928,0.000177576032002,0.000202232244192,0.000400306686061,0.000131363267428,0.000102324600448,0.000085358893557,0.0000772294588387,0.0000705452475813,0.000158755792654,0.000142198667163,0.0000992303539533,0.0000672015157761,0.0000677350762999,0.0000231045833061,0.0000194594085769,0.0000294047367788,0.000050168891903,0.0000277405870293,0.00002012321238,0.0000123327117763,0.0000120694248835,0.00000726672351448,0.0000102677777249,0.0000211596816371,0.0000204016705538,0.0000209062000067,0.0000225780677283,0.0000100113193184,0.00000221125173994,0.00000180468737199,0.00000130297598844,0.00000125131487039,0.00000104020091385,7.25620225239e-7,7.45708632621e-7,6.40316784484e-7,4.63182630028e-7,4.98619556311e-7,3.72366628199e-7],"dvar":[3.87298975113e-8,3.70704285046e-8,1.43319269341e-7,4.82930602175e-7,1.68927947186e-8,1.59630157981e-8,1.15064233697e-8,6.92253099288e-9,1.57474726592e-8,7.11359433581e-8,5.30004236055e-8,2.28953016546e-8,1.58285455854e-8,1.69381948467e-8,1.24026966475e-9,1.17712417591e-9,2.20634244208e-9,8.15548251154e-9,3.06894021307e-9,1.0452352317e-9,2.78973982804e-10,3.6093950051e-10,7.84839207513e-11,1.12533996011e-10,6.65172805725e-10,7.49767303798e-10,8.5650581072e-10,6.63040622406e-10,1.98198374379e-10,7.12642922104e-12,4.03933006835e-12,3.66718417785e-12,2.91613543209e-12,1.79554645891e-12,7.2455648252e-13,9.64622262276e-13,6.035639653e-13,2.76056982178e-13,3.29578730843e-13,2.37769412449e-13],"dvar2":[9.04308947725e-8,1.02803170421e-7,3.93352678429e-7,0.00000125626831959,4.353732308e-8,3.7029998623e-8,3.03859053474e-8,1.71579372932e-8,3.5829870626e-8,1.69449108967e-7,1.16584125465e-7,5.44810916381e-8,3.52896165623e-8,3.76196780394e-8,3.15006820628e-9,2.97975510932e-9,4.96439023223e-9,2.18028102239e-8,7.04249414341e-9,2.57658872016e-9,6.1292637632e-10,8.62597104856e-10,1.78588921429e-10,2.68893546318e-10,1.63547142495e-9,1.82686710204e-9,2.3098571944e-9,1.67320535205e-9,4.81319373247e-10,1.73537417075e-11,9.42014348471e-12,8.99322803727e-12,6.57843831492e-12,4.15007264665e-12,1.64402888005e-12,2.03299660093e-12,1.37031000696e-12,6.22609982234e-13,7.39485621175e-13,5.30393329083e-13],"max":[0.00276746763848,0.00266085844487,0.00602845195681,0.00657633319497,0.00125791155733,0.00291468482465,0.00276045361534,0.00157555600163,0.0034938310273,0.00654195668176,0.00545800803229,0.00371856545098,0.00476018292829,0.00429806439206,0.000891278497875,0.00175050401594,0.00147572567221,0.00213942234404,0.00213684118353,0.00101421982981,0.000741101917811,0.000431668711826,0.000286804017378,0.000275231810519,0.000583779532462,0.000680105760694,0.000623111787718,0.000542076828424,0.000550897035282,0.000105788261862,0.0000735323119443,0.0000794154693722,0.0000676781855873,0.0000423754681833,0.00002424185368,0.000033643860661,0.0000144683108374,0.0000105627359517,0.0000113673213491,0.00000978538992058],"mean":[0.000305508816382,0.00023129969486,0.000151586340507,0.000214709638385,0.000115249516966,0.0000991840715869,0.0000759045942686,0.0000723023549654,0.0000651540685794,0.000163752018125,0.000151731335791,0.00010788057989,0.0000803571165306,0.0000865533147589,0.0000228039625654,0.0000202868941415,0.0000344237996615,0.0000540272158105,0.0000303143169731,0.0000211658971239,0.000014010900486,0.0000137209817694,0.00000874835950526,0.0000131747801788,0.0000257938208961,0.0000255661489064,0.000027680032872,0.0000308031849272,0.000013270022464,0.00000330271996063,0.00000265950961875,0.00000208553183256,0.00000194164522327,0.0000016193907868,0.00000119932497,0.00000116495289149,9.90763737718e-7,7.16270676548e-7,7.20919331343e-7,5.44506178812e-7],"median":[0.000220463683945,0.000140621050377,0.0000465028060717,0.0000439696559624,0.000064738043875,0.000053493786254,0.0000380055062124,0.0000357418502972,0.00002190041414,0.0000300645006064,0.0000360554367944,0.0000232910679188,0.0000152779102791,0.0000138483974297,0.00000720778007235,0.00000646802936899,0.00000897972313396,0.00000855448342918,0.00000869609812071,0.000009328186934,0.00000690224578648,0.00000573337683818,0.00000491454329676,0.00000795902724349,0.0000102421745396,0.00000854631889524,0.000010444487998,0.0000138896484714,0.00000510079416927,0.00000207568950827,0.00000172046111402,0.00000138588916343,0.00000120033575968,0.00000101671457742,7.86753503235e-7,6.97611426403e-7,6.17186913132e-7,4.53989599691e-7,4.28618704973e-7,3.08426137963e-7],"min":[1.41337486818e-24,9.42201561523e-25,1.11764057836e-24,6.95397601943e-25,1.31616560959e-24,1.67674061734e-24,1.4316170794e-24,1.87894164178e-24,1.25125468304e-24,2.42435277469e-24,8.16846485391e-25,3.21344047742e-24,2.57141261907e-24,1.97515683703e-24,2.08727290432e-24,2.26186596645e-24,3.10383141008e-24,1.78933690371e-24,1.77740360758e-24,3.04039082166e-24,2.43633754399e-24,3.34500452983e-24,3.95701899174e-24,3.31818602006e-24,2.65573080579e-24,3.25283619103e-24,4.63926652892e-24,4.50676432368e-24,3.84222671383e-24,3.51321373508e-24,4.42015765148e-24,4.63326211414e-24,4.95619652519e-24,5.37764822481e-24,5.31735676912e-24,5.62822279161e-24,5.38315605165e-24,5.7476374e-24,5.40545083856e-24,6.03346497735e-24],"var":[9.69399351902e-8,8.11488476415e-8,1.8080450559e-7,3.85955843285e-7,2.13741984112e-8,2.45970674939e-8,1.5219223215e-8,1.25141932372e-8,2.75565295027e-8,1.64954258253e-7,1.31579355411e-7,6.83055176864e-8,4.26550954558e-8,7.21116464319e-8,2.48593079455e-9,2.45736209159e-9,6.00055072297e-9,2.12515001152e-8,8.42802450052e-9,1.89056148514e-9,7.14793113588e-10,8.34092128699e-10,1.80859272003e-10,2.91547341824e-10,1.72790737274e-9,2.04995953546e-9,2.26289298411e-9,2.09126116424e-9,5.55712420525e-10,2.4604760937e-11,1.19049986883e-11,8.55856618215e-12,6.84410948054e-12,4.38084377802e-12,1.95283459542e-12,2.56813212189e-12,1.4740136195e-12,7.85320864328e-13,8.20171784221e-13,5.69716745568e-13]},"melbands_crest":{"dmean":3.39739179611,"dmean2":5.53348588943,"dvar":10.005314827,"dvar2":26.4747371674,"max":39.3651504517,"mean":12.0575084686,"median":11.0227174759,"min":1.50649249554,"var":29.7172203064},"melbands_flatness_db":{"dmean":0.0184402335435,"dmean2":0.0286571457982,"dvar":0.000320118619129,"dvar2":0.000770164246205,"max":0.510162055492,"mean":0.121652118862,"median":0.118694290519,"min":0.00328125408851,"var":0.00205919984728},"melbands_kurtosis":{"dmean":4.36553907394,"dmean2":7.31918096542,"dvar":2780.93017578,"dvar2":8110.82763672,"max":3545.24145508,"mean":7.79014635086,"median":2.20755195618,"min":-1.66767823696,"var":3622.00561523},"melbands_skewness":{"dmean":0.508612811565,"dmean2":0.782676994801,"dvar":0.694400727749,"dvar2":1.83252060413,"max":51.2337417603,"mean":1.7500193119,"median":1.51072239876,"min":-0.826576769352,"var":3.45771598816},"melbands_spread":{"dmean":11.4939985275,"dmean2":17.9304180145,"dvar":125.507408142,"dvar2":288.78137207,"max":163.928649902,"mean":49.4526634216,"median":45.2021484375,"min":0.173169478774,"var":658.938171387},"mfcc":{"cov":[[12623.1699219,1592.56835938,-753.430847168,256.010986328,-355.594696045,-140.605606079,331.040588379,38.2906646729,-114.727210999,324.879364014,-239.913299561,-270.943267822,-19.6316814423],[1592.56835938,779.581542969,-84.2643280029,85.3775634766,-9.15735721588,-9.65344905853,29.7589015961,17.5337867737,6.75419139862,10.93841362,-37.4080657959,-10.387345314,-23.1369037628],[-753.430847168,-84.2643280029,449.774719238,90.8859024048,102.567268372,-1.37502110004,-101.675239563,-19.3776855469,80.4257202148,-95.6033554077,64.504196167,59.6019973755,23.7739315033],[256.010986328,85.3775634766,90.8859024048,206.559906006,96.6513214111,-24.7573680878,-47.5359573364,1.20692515373,28.251083374,-30.3784160614,-11.3888683319,27.6109867096,17.7416439056],[-355.594696045,-9.15735721588,102.567268372,96.6513214111,169.463394165,10.1222028732,-56.1770858765,4.81720256805,30.35962677,-45.9653091431,-1.99200201035,35.4698791504,19.7381496429],[-140.605606079,-9.65344905853,-1.37502110004,-24.7573680878,10.1222028732,157.645690918,62.9093933105,12.475610733,-2.6292514801,9.42137908936,17.2716884613,-15.3402204514,8.97972774506],[331.040588379,29.7589015961,-101.675239563,-47.5359573364,-56.1770858765,62.9093933105,171.672363281,34.7638130188,-28.627117157,81.7444915771,0.483678787947,-37.38256073,-6.15592479706],[38.2906646729,17.5337867737,-19.3776855469,1.20692515373,4.81720256805,12.475610733,34.7638130188,77.5443115234,33.0862464905,18.3211402893,-0.0991924703121,5.09419059753,3.35060501099],[-114.727210999,6.75419139862,80.4257202148,28.251083374,30.35962677,-2.6292514801,-28.627117157,33.0862464905,111.282424927,-15.4341468811,25.1310138702,28.4003391266,13.0279884338],[324.879364014,10.93841362,-95.6033554077,-30.3784160614,-45.9653091431,9.42137908936,81.7444915771,18.3211402893,-15.4341468811,139.667663574,10.5266857147,-27.8479194641,-7.67096376419],[-239.913299561,-37.4080657959,64.504196167,-11.3888683319,-1.99200201035,17.2716884613,0.483678787947,-0.0991924703121,25.1310138702,10.5266857147,80.3058319092,28.9262809753,13.7142486572],[-270.943267822,-10.387345314,59.6019973755,27.6109867096,35.4698791504,-15.3402204514,-37.38256073,5.09419059753,28.4003391266,-27.8479194641,28.9262809753,85.6967391968,33.5151443481],[-19.6316814423,-23.1369037628,23.7739315033,17.7416439056,19.7381496429,8.97972774506,-6.15592479706,3.35060501099,13.0279884338,-7.67096376419,13.7142486572,33.5151443481,63.2995452881]],"icov":[[0.000148856415763,-0.0002486895537,0.000104241211375,-0.000299261155305,0.000297912396491,0.000139310664963,-0.000106897437945,0.0000718344526831,-0.0000650179281365,-0.000139794268762,0.000142928955029,0.000386077706935,-0.000365805346519],[-0.0002486895537,0.00189523992594,0.000178598318598,-0.00046877967543,-0.0000886178895598,-0.000314398610499,-0.000159263174282,-0.0000983680874924,-0.000264709087787,0.000387614039937,0.000150824096636,-0.000967566797044,0.00132294755895],[0.000104241211375,0.000178598318598,0.0040194420144,-0.00128724332899,-0.000749332131818,-0.00000577342461838,0.000282953842543,0.00115732464474,-0.00177488324698,0.00176262215246,-0.00288228131831,0.000416257418692,0.00013248831965],[-0.000299261155305,-0.00046877967543,-0.00128724332899,0.00847518444061,-0.00442814966664,0.000989013118669,0.000330758426571,0.0000574137266085,-0.000249545992119,-0.000383884238545,0.00137851724867,-0.000924891210161,-0.000690636166837],[0.000297912396491,-0.0000886178895598,-0.000749332131818,-0.00442814966664,0.0107722533867,-0.00214052409865,0.00194721727166,-0.00124102109112,-0.000185717944987,0.0000402151672461,0.00223766686395,-0.0013510347344,-0.000944118888583],[0.000139310664963,-0.000314398610499,-0.00000577342461838,0.000989013118669,-0.00214052409865,0.00899576488882,-0.00420519243926,0.000101608646219,-0.000125585196656,0.00170095625799,-0.00244441186078,0.00302781793289,-0.00221132696606],[-0.000106897437945,-0.000159263174282,0.000282953842543,0.000330758426571,0.00194721727166,-0.00420519243926,0.0124913584441,-0.00510171614587,0.00286704278551,-0.00457933498546,-0.000425966281909,0.00149715971202,-0.000661572965328],[0.0000718344526831,-0.0000983680874924,0.00115732464474,0.0000574137266085,-0.00124102109112,0.000101608646219,-0.00510171614587,0.0190257318318,-0.00754303997383,-0.000697787385434,0.00239490834065,-0.00216347188689,0.000499430345371],[-0.0000650179281365,-0.000264709087787,-0.00177488324698,-0.000249545992119,-0.000185717944987,-0.000125585196656,0.00286704278551,-0.00754303997383,0.0142036452889,-0.000217319553485,-0.00299430661835,-0.000723557081074,-0.00054436956998],[-0.000139794268762,0.000387614039937,0.00176262215246,-0.000383884238545,0.0000402151672461,0.00170095625799,-0.00457933498546,-0.000697787385434,-0.000217319553485,0.0120063405484,-0.00437927618623,0.00222726468928,0.000150916777784],[0.000142928955029,0.000150824096636,-0.00288228131831,0.00137851724867,0.00223766686395,-0.00244441186078,-0.000425966281909,0.00239490834065,-0.00299430661835,-0.00437927618623,0.0200411379337,-0.00668432330713,-0.000440901785623],[0.000386077706935,-0.000967566797044,0.000416257418692,-0.000924891210161,-0.0013510347344,0.00302781793289,0.00149715971202,-0.00216347188689,-0.000723557081074,0.00222726468928,-0.00668432330713,0.0215733554214,-0.00943455006927],[-0.000365805346519,0.00132294755895,0.00013248831965,-0.000690636166837,-0.000944118888583,-0.00221132696606,-0.000661572965328,0.000499430345371,-0.00054436956998,0.000150916777784,-0.000440901785623,-0.00943455006927,0.0220502968878]],"mean":[-667.692260742,80.3520736694,-9.57045936584,25.4471912384,-5.20078372955,-2.82990527153,8.66389656067,1.94281244278,1.05527830124,10.3733930588,-4.06960868835,-3.50217223167,4.15768098831]},"pitch_salience":{"dmean":0.0622371025383,"dmean2":0.101528778672,"dvar":0.00322578987107,"dvar2":0.0083897812292,"max":0.825534105301,"mean":0.575159132481,"median":0.583621501923,"min":0.028850954026,"var":0.011366577819},"silence_rate_20dB":{"dmean":0,"dmean2":0,"dvar":0,"dvar2":0,"max":1,"mean":1,"median":1,"min":1,"var":0},"silence_rate_30dB":{"dmean":0,"dmean2":0,"dvar":0,"dvar2":0,"max":1,"mean":1,"median":1,"min":1,"var":0},"silence_rate_60dB":{"dmean":0.0545394085348,"dmean2":0.109096959233,"dvar":0.0515603125095,"dvar2":0.108170203865,"max":1,"mean":0.174064844847,"median":0,"min":0,"var":0.143762886524},"spectral_centroid":{"dmean":313.928070068,"dmean2":491.40725708,"dvar":115525.75,"dvar2":260941.03125,"max":11957.6308594,"mean":2643.09057617,"median":2485.2668457,"min":343.66418457,"var":2220391.5},"spectral_complexity":{"dmean":3.53009653091,"dmean2":5.00548791885,"dvar":12.0006933212,"dvar2":21.3246097565,"max":49,"mean":17.4176235199,"median":17,"min":0,"var":101.528335571},"spectral_contrast_coeffs":{"dmean":[0.0524412244558,0.0438164994121,0.0393740534782,0.0297013167292,0.0213786195964,0.0144101120532],"dmean2":[0.0838539600372,0.073304258287,0.0621410906315,0.0480601526797,0.03368800506,0.0235358960927],"dvar":[0.00264997524209,0.00123519718181,0.00110557349399,0.000589945702814,0.000313255441142,0.000147222148371],"dvar2":[0.00614436017349,0.00339403073303,0.00264188693836,0.00149526225869,0.000731516396627,0.000373898539692],"max":[-0.335389316082,-0.493554830551,-0.470233470201,-0.546517193317,-0.58373183012,-0.63907366991],"mean":[-0.727036416531,-0.770760118961,-0.759354770184,-0.784598946571,-0.776475310326,-0.773802816868],"median":[-0.737954080105,-0.772264957428,-0.773334562778,-0.791301369667,-0.780418336391,-0.768762409687],"min":[-0.983152806759,-0.988485395908,-0.97624874115,-0.972456872463,-0.967355251312,-0.965843915939],"var":[0.00823098048568,0.0042849346064,0.00813836883754,0.00426153466105,0.00372339482419,0.00181689544115]},"spectral_contrast_valleys":{"dmean":[0.354483783245,0.380427479744,0.310571104288,0.259296864271,0.199286341667,0.196318596601],"dmean2":[0.580338001251,0.616844475269,0.488838464022,0.396161019802,0.289153575897,0.267230629921],"dvar":[0.122616127133,0.141337171197,0.105671949685,0.0846109390259,0.0668507069349,0.0660095140338],"dvar2":[0.28064674139,0.316565394402,0.219493791461,0.165701329708,0.117692947388,0.111582174897],"max":[-6.33972835541,-5.21878767014,-5.75714206696,-6.0679359436,-5.55673789978,-8.4025478363],"mean":[-8.35716915131,-7.76377296448,-8.10043144226,-8.41736316681,-7.82799053192,-10.4202785492],"median":[-7.6560382843,-7.12946510315,-7.47330284119,-7.80960273743,-7.16674184799,-9.83476066589],"min":[-28.6729068756,-28.184129715,-27.8795223236,-27.8171329498,-27.6081848145,-27.4804401398],"var":[10.5881977081,11.2813959122,10.9208908081,10.5442705154,11.1173772812,8.38269042969]},"spectral_decrease":{"dmean":7.50368489566e-10,"dmean2":1.11186604368e-9,"dvar":1.0280318526e-18,"dvar2":2.39324919946e-18,"max":1.80953576635e-28,"mean":-2.49875520275e-9,"median":-1.72977376867e-9,"min":-1.39990197212e-8,"var":4.90982771953e-18},"spectral_energy":{"dmean":0.0030971027445,"dmean2":0.0045126513578,"dvar":0.000016620653696,"dvar2":0.0000376173375116,"max":0.0616581663489,"mean":0.0109642008319,"median":0.00752936303616,"min":9.98716626626e-21,"var":0.0000941247635637},"spectral_energyband_high":{"dmean":0.000353605835699,"dmean2":0.00052507413784,"dvar":3.25775488363e-7,"dvar2":7.62661443332e-7,"max":0.014833942987,"mean":0.00105066562537,"median":0.000660965568386,"min":7.18588034776e-21,"var":0.00000148598815031},"spectral_energyband_low":{"dmean":0.000730791012757,"dmean2":0.00115630554501,"dvar":0.00000185220471849,"dvar2":0.00000541898953088,"max":0.0207829978317,"mean":0.00160596508067,"median":0.00109230936505,"min":1.04853372038e-23,"var":0.00000336818425239},"spectral_energyband_middle_high":{"dmean":0.00143969489727,"dmean2":0.00202114181593,"dvar":0.00000465836410513,"dvar2":0.00000974250815489,"max":0.0538520552218,"mean":0.00495839957148,"median":0.00223776535131,"min":1.02005950202e-21,"var":0.0000403100821131},"spectral_energyband_middle_low":{"dmean":0.00205248757266,"dmean2":0.00321321096271,"dvar":0.0000128183992274,"dvar2":0.0000310376926791,"max":0.0429842919111,"mean":0.00364871346392,"median":0.00206071161665,"min":1.40421128636e-22,"var":0.0000209151294257},"spectral_entropy":{"dmean":0.095094256103,"dmean2":0.144192025065,"dvar":0.00827846862376,"dvar2":0.0182225015014,"max":9.82364082336,"mean":7.90088129044,"median":7.87831449509,"min":6.93418216705,"var":0.165303602815},"spectral_flux":{"dmean":0.0126850316301,"dmean2":0.0195626970381,"dvar":0.000228615957894,"dvar2":0.000537309970241,"max":0.189034298062,"mean":0.0555059947073,"median":0.0508574135602,"min":6.30208107921e-11,"var":0.000951086578425},"spectral_kurtosis":{"dmean":0.747685790062,"dmean2":1.2728356123,"dvar":0.600445985794,"dvar2":1.73204672337,"max":11.4697217941,"mean":3.19787049294,"median":3.1828622818,"min":-1.27142095566,"var":1.86896133423},"spectral_rms":{"dmean":0.000435812224168,"dmean2":0.000612159376033,"dvar":2.47567214728e-7,"dvar2":5.29207682121e-7,"max":0.00775592075661,"mean":0.00293439836241,"median":0.0027102988679,"min":3.12147031313e-12,"var":0.00000208609776564},"spectral_rolloff":{"dmean":627.338317871,"dmean2":1021.30328369,"dvar":675520.6875,"dvar2":1475389.875,"max":19552.1484375,"mean":3528.98095703,"median":3294.58007813,"min":21.533203125,"var":8551080},"spectral_skewness":{"dmean":0.118132263422,"dmean2":0.19507150352,"dvar":0.012194330804,"dvar2":0.0319973304868,"max":2.11763834953,"mean":1.1519523859,"median":1.18729174137,"min":-0.0866018906236,"var":0.0715972855687},"spectral_spread":{"dmean":401271.5,"dmean2":620419.625,"dvar":526573273088,"dvar2":1145142771710,"max":42951320,"mean":5518439,"median":4361214.5,"min":2168878.25,"var":34545191616500},"spectral_strongpeak":{"dmean":0.652554929256,"dmean2":1.10503876209,"dvar":1.4643599987,"dvar2":3.87180995941,"max":14.5233297348,"mean":1.04768252373,"median":0.315931081772,"min":0,"var":2.72912311554},"zerocrossingrate":{"dmean":0.01127934549,"dmean2":0.0138018019497,"dvar":0.000152867287397,"dvar2":0.000237874512095,"max":0.53271484375,"mean":0.112427912652,"median":0.09765625,"min":0.00341796875,"var":0.0053515965119}},"metadata":{"audio_properties":{"analysis_sample_rate":44100,"bit_rate":0,"codec":"flac","downmix":"mix","equal_loudness":0,"length":139.63999939,"lossless":true,"md5_encoded":"6750dd7ab9f4f0153719de1c0e9b0059","replay_gain":-13.2156867981,"sample_rate":44100},"tags":{"acoustid_id":["1cf01ef1-9e1e-4930-9d14-7b4901761a3c"],"album":["Come Together: Motown Sings The Beatles"],"albumartist":["Various Artists"],"albumartistsort":["Various Artists"],"artist":["The Supremes"],"artistsort":["Supremes, The"],"compilation":["1"],"discnumber":["1"],"disctotal":["1"],"file_name":"1ef19e1e49309d147b4901761a3c.flac","musicbrainz_albumartistid":["89ad4ac3-39f7-470e-963a-56509c546377"],"musicbrainz_albumid":["4103b65b-5184-4b82-8e81-0f726a281e0d"],"musicbrainz_artistid":["c1aa2ec9-53e7-4d90-8d36-bac75832e986"],"musicbrainz_recordingid":["5d2c43b5-93e2-40a0-b3c5-302ae09bbcb4"],"musicbrainz_releasegroupid":["c66c9acb-cef2-3263-8a1f-61122282bf18"],"musicbrainz_releasetrackid":["c1b71a24-b17a-3c46-8b13-d789587a326e"],"releasestatus":["official"],"releasetype":["album","compilation"],"script":["Latn"],"title":["Can't Buy Me Love"],"totaldiscs":["1"],"totaltracks":["15"],"tracknumber":["3"],"tracktotal":["15"]},"version":{"essentia":"2.1-beta2","essentia_build_sha":"2d9f1f26377add8aeb1075a9c2973f962c4f09fd","essentia_git_sha":"v2.1_beta2-1-ge3940c0","extractor":"music 1.0"}},"rhythm":{"beats_count":384,"beats_loudness":{"dmean":0.00711473450065,"dmean2":0.0120799466968,"dvar":0.0000332911768055,"dvar2":0.0000840441207401,"max":0.0543115288019,"mean":0.0164743606001,"median":0.0147315561771,"min":0,"var":0.0000962976846495},"beats_loudness_band_ratio":{"dmean":[0.132370322943,0.207200735807,0.117800980806,0.119196929038,0.0768169015646,0.089861869812],"dmean2":[0.226112619042,0.403371959925,0.211319565773,0.213469833136,0.131017416716,0.162631422281],"dvar":[0.0125378444791,0.0289876610041,0.0148564307019,