{"lowlevel":{"average_loudness":0.965315759182,"barkbands":{"dmean":[0.000128516301629,0.003955822438,0.00115683232434,0.000867763068527,0.00131627544761,0.00133218744304,0.00047570822062,0.000370247085812,0.00115811254364,0.000362987251719,0.000317249068758,0.000389188702684,0.000441853044322,0.000579228391871,0.00045565556502,0.000487190642161,0.000405289145419,0.000292504002573,0.00041963669355,0.000231916405028,0.000190561826457,0.000129363470478,0.0000853433157317,0.0000670185618219,0.0000249014574365,0.00000688564477969,0.00000147725450006],"dmean2":[0.00019613027689,0.00689531862736,0.00204438716173,0.00149950699415,0.00228026974946,0.00209890678525,0.000824523216579,0.000610395625699,0.00176207826007,0.000587528280448,0.000515638268553,0.000620451348368,0.000691588211339,0.000908249756321,0.000694419373758,0.000786665943451,0.000667511019856,0.000482066068798,0.000689508684445,0.000377371150535,0.000324758380884,0.000223495793762,0.000135362104629,0.0000991751585389,0.0000364371881005,0.0000101668811112,0.00000225998951464],"dvar":[7.47384376609e-8,0.0000921446990105,0.00000485107693748,0.00000143313570788,0.00000568315090277,0.00000355809879693,6.89280739152e-7,3.89411667356e-7,0.00000516786030857,3.85772523259e-7,3.44907078897e-7,5.31097327894e-7,6.65052368731e-7,7.73100452989e-7,6.45270915811e-7,8.1481067582e-7,3.72945891058e-7,1.6499262756e-7,3.24975957255e-7,1.07434360075e-7,7.28452391741e-8,4.18166337113e-8,2.5232996137e-8,2.42314381893e-8,3.57529406081e-9,1.50728082793e-10,1.43253421278e-11],"dvar2":[1.54924208573e-7,0.000246132927714,0.0000138145851452,0.00000402350769946,0.0000157116901391,0.00000837940024212,0.00000193264622794,9.69428015196e-7,0.0000123763084048,9.51662116222e-7,8.61094292759e-7,0.00000123362644899,0.00000156513203819,0.00000173376133716,0.00000132348077386,0.00000199235091713,9.425840517e-7,3.97242075678e-7,8.16251599645e-7,2.62334395984e-7,1.85112142503e-7,1.14184892652e-7,5.21873566584e-8,3.82948179833e-8,6.99356084155e-9,2.89343243809e-10,2.95473298606e-11],"max":[0.00335545488633,0.062807276845,0.0280719250441,0.0123563753441,0.0200886055827,0.0358299165964,0.0087406989187,0.00983187835664,0.0439879894257,0.0114107886329,0.0177281461656,0.0179291553795,0.0139254452661,0.0151299266145,0.0153653202578,0.0345375426114,0.0144470315427,0.0109415967017,0.0125746661797,0.00945988576859,0.0075211613439,0.00204429565929,0.00342633924447,0.00358725641854,0.0017326642992,0.000356652046321,0.0000941269026953],"mean":[0.000115511909826,0.00308227678761,0.00175256747752,0.00107254821341,0.00172516726889,0.0022351227235,0.000650743080769,0.000526776071638,0.00199464801699,0.000613751006313,0.000552874116693,0.000696260074619,0.000793238112237,0.00107777118683,0.000821610563435,0.00102623889688,0.000892472220585,0.000665840751026,0.00108953448944,0.000566621194594,0.000460718933027,0.000257719046203,0.000170257146237,0.000133114983328,0.0000565281588933,0.0000173659773282,0.00000211983910958],"median":[0.0000103299571492,0.000607829308137,0.000626434688456,0.000656532356516,0.00106306793168,0.00127201597206,0.000396069022827,0.000257641397184,0.000780870206654,0.00035644278978,0.000336151832016,0.000386543455534,0.000359512807336,0.000656586082187,0.000449569633929,0.000730892526917,0.000657524738926,0.000489690050017,0.000816869316623,0.000379779317882,0.000337244797265,0.000201966788154,0.000114254871733,0.0000691850946168,0.0000380113851861,0.0000132330524139,7.58204180329e-7],"min":[1.38961615266e-24,9.53700885546e-24,3.21491387238e-24,1.17314404279e-24,3.66796749764e-23,9.70562708509e-24,4.70816201162e-23,2.73786199397e-23,7.65151028071e-23,6.52507938584e-23,4.06684965011e-23,4.76296828078e-23,4.47826995781e-23,6.6853304834e-23,1.20673870207e-22,1.24433063789e-22,9.61943992911e-23,2.33758822775e-22,2.15863595182e-22,1.76071734561e-22,4.09548006293e-22,4.70338662635e-22,4.81754098401e-22,7.43949198486e-22,1.00229904973e-21,1.60134906546e-21,2.07041368617e-21],"var":[8.11562657077e-8,0.0000651804366498,0.0000136836088132,0.00000147325329181,0.00000487834904561,0.00000724166375221,6.5735946464e-7,6.12704639025e-7,0.0000106554261947,7.82867743965e-7,6.71859595514e-7,0.00000113944258828,0.00000147412083606,0.00000184112991519,0.00000144875764363,0.00000134284948672,7.62776664942e-7,4.80046651319e-7,0.00000109294614958,3.50320448206e-7,2.23762100404e-7,4.89831641914e-8,5.4316945608e-8,7.80102311637e-8,8.0077926512e-9,4.02050587267e-10,2.60633112315e-11]},"barkbands_crest":{"dmean":2.82815599442,"dmean2":4.76608276367,"dvar":10.2093601227,"dvar2":26.9049491882,"max":26.5179729462,"mean":7.78521490097,"median":6.14129543304,"min":2.08744096756,"var":24.8400382996},"barkbands_flatness_db":{"dmean":0.0169312115759,"dmean2":0.0281375981867,"dvar":0.000349522742908,"dvar2":0.00092749716714,"max":0.798094451427,"mean":0.100654892623,"median":0.0773085206747,"min":0.024334801361,"var":0.0120416199788},"barkbands_kurtosis":{"dmean":2.09849214554,"dmean2":3.39559054375,"dvar":136.088226318,"dvar2":235.740875244,"max":1474.44128418,"mean":5.05937051773,"median":-0.81907081604,"min":-1.73167359829,"var":2745.35839844},"barkbands_skewness":{"dmean":0.473549127579,"dmean2":0.752191305161,"dvar":0.313444375992,"dvar2":0.712780296803,"max":28.7631664276,"mean":0.486318975687,"median":0.368509858847,"min":-16.9295120239,"var":2.20852303505},"barkbands_spread":{"dmean":5.47694444656,"dmean2":8.67793273926,"dvar":32.1859931946,"dvar2":82.6090164185,"max":122.849266052,"mean":32.2108917236,"median":32.6244239807,"min":0.0788497924805,"var":139.654922485},"dissonance":{"dmean":0.00834423024207,"dmean2":0.0142229376361,"dvar":0.0000971963017946,"dvar2":0.000281199230812,"max":0.500000178814,"mean":0.48274075985,"median":0.490133136511,"min":0.188186123967,"var":0.001001637429},"dynamic_complexity":1.68592369556,"erbbands":{"dmean":[0.111933529377,0.894304692745,1.43675136566,2.03103637695,4.33554315567,4.26459646225,7.80466365814,11.2857275009,6.24781847,7.83523464203,10.587020874,26.3361377716,16.1188049316,11.7719192505,11.4655427933,15.5243825912,18.3505115509,27.2540836334,24.8386058807,19.9964981079,26.8595371246,21.0247745514,14.7902956009,20.9984779358,16.6835594177,10.4532976151,8.67301750183,6.74779224396,5.09679269791,3.09084177017,2.51589560509,1.73642003536,0.946387708187,0.373853445053,0.14542247355,0.0398034192622,0.0112617313862,0.00275012245402,0.000244823633693,0.0000127765124489],"dmean2":[0.185842946172,1.6165150404,2.55888700485,3.50566697121,7.70687818527,7.23967933655,12.4379997253,17.8864517212,10.6292266846,13.675614357,16.4314517975,40.4727134705,25.1538543701,19.0088443756,18.2551593781,24.5191440582,28.4871139526,42.5113868713,37.7948646545,31.1489238739,43.3380355835,34.7807388306,24.2875823975,34.8761138916,27.5225753784,16.8963050842,14.420422554,11.6312208176,8.85664367676,5.16305065155,4.00619935989,2.7052924633,1.36809515953,0.543126761913,0.217370286584,0.0600352063775,0.0167278647423,0.0039874096401,0.000374041497707,0.0000202772771445],"dvar":[0.0696790590882,5.03586673737,8.97080230713,7.87409639359,75.0831604004,46.9570846558,164.739624023,318.319030762,92.7307128906,216.935256958,339.265991211,3514.3659668,849.675048828,514.994873047,335.392913818,777.076477051,1226.12072754,1711.32531738,1677.86486816,1159.49255371,2687.97290039,964.37689209,388.970489502,808.744140625,566.803894043,206.095062256,174.410736084,93.6810531616,61.5351638794,28.0047931671,23.3382892609,13.4807443619,6.14698314667,0.72054028511,0.157764598727,0.00530603155494,0.000389975670259,0.0000369061272067,4.26412753995e-7,2.88899376644e-10],"dvar2":[0.174289897084,13.9405012131,25.2427024841,22.4485816956,211.82093811,126.786949158,398.346038818,729.266479492,255.212783813,608.51953125,752.863586426,8772.25,1978.81567383,1302.9564209,785.397888184,1777.26965332,2887.82495117,3956.89331055,3597.68017578,2684.23901367,6426.24902344,2473.81860352,923.492370605,2089.33837891,1375.84960938,491.618133545,416.37197876,243.565994263,170.414276123,68.5392303467,48.1582374573,24.0822620392,9.98555183411,1.33925759792,0.309042841196,0.0104822861031,0.000768590427469,0.0000690008600941,8.63845571075e-7,6.67921662423e-10],"max":[1.73337638378,15.5562782288,25.73645401,34.6895980835,79.6263504028,80.8535003662,200.364593506,447.597473145,118.108413696,142.805023193,353.313842773,1063.30114746,606.173522949,579.440917969,398.606872559,609.409545898,597.109191895,704.588012695,845.246826172,916.129516602,2347.203125,631.739196777,524.547729492,609.814819336,718.073120117,274.331787109,373.537780762,200.112533569,88.6237640381,109.619995117,107.217163086,89.8436126709,57.4705696106,20.8772373199,14.6420497894,1.79476010799,0.534782409668,0.175812497735,0.01309593115,0.000279346335446],"mean":[0.0884998962283,0.695924162865,1.92713487148,3.01485347748,4.73807096481,6.1852183342,12.2598323822,18.1731586456,9.77788543701,10.2121953964,17.5265445709,43.2694015503,29.6767921448,21.5721359253,22.0062465668,29.3927268982,36.2767448425,53.5383453369,48.6542015076,43.0754318237,60.2528343201,50.4876098633,37.1052513123,52.1965446472,44.8595428467,26.5419654846,20.7256164551,15.5838937759,10.3741731644,5.93669366837,4.95297813416,3.32992601395,1.89789676666,0.821106076241,0.314266860485,0.0982006713748,0.0272709261626,0.00561191188172,0.000351521972334,0.0000381776408176],"median":[0.0106348134577,0.169038832188,0.697851538658,1.94103860855,2.63588309288,3.77732992172,6.69750356674,9.17921543121,6.41822099686,6.15403413773,7.82756757736,16.7222194672,15.1753149033,12.7862234116,13.9659824371,16.7461605072,17.5124835968,33.3303642273,29.4415740967,28.747543335,42.9549865723,37.6396636963,28.317237854,38.5000114441,32.9848136902,18.1359596252,14.1754570007,11.9655723572,8.34722232819,4.17099046707,3.30260062218,1.89258420467,0.934910178185,0.511634290218,0.215602189302,0.0764367207885,0.0204055216163,0.00340150576085,0.000117792915262,0.0000332898380293],"min":[2.23818897691e-22,5.83347013654e-22,3.10428888157e-21,4.9477671015e-21,4.73654572429e-20,4.42914892967e-20,6.58802828989e-20,1.41695276373e-19,4.42645800774e-19,5.80129008845e-19,6.0393630085e-19,1.21317617359e-18,1.59510665891e-18,1.82221912566e-18,1.95385602795e-18,2.74179808738e-18,2.72436360161e-18,3.23474396572e-18,4.71941239688e-18,6.15677643676e-18,8.33043089708e-18,6.05301117841e-18,1.075174406e-17,1.16262079707e-17,9.5631856086e-18,9.07824435704e-18,1.36134630703e-17,1.38143662159e-17,1.75803623805e-17,1.55202012362e-17,1.40779721335e-17,1.39675567566e-17,1.1931974457e-17,1.03161970715e-17,7.38546472839e-18,5.48586761272e-18,2.77907518848e-18,1.19649845469e-18,2.93717256459e-19,2.86873021899e-20],"var":[0.0563997775316,3.22697162628,14.1630706787,10.7531757355,53.0968894958,55.0529251099,270.768218994,670.450561523,112.067993164,181.378509521,763.52734375,6268.38183594,2077.96142578,1064.22839355,773.327026367,1770.88623047,2819.04003906,4065.20556641,3704.01611328,2569.96484375,4460.29003906,2223.90014648,1288.45556641,2573.39501953,1913.19934082,665.095336914,561.797607422,190.544570923,71.2132492065,42.3256034851,49.7443847656,38.9320640564,18.4596500397,1.83040618896,0.310734927654,0.0129436301067,0.00103968440089,0.0000872201271704,7.58944395329e-7,5.58876611656e-10]},"erbbands_crest":{"dmean":1.92597138882,"dmean2":3.15589094162,"dvar":3.84461450577,"dvar2":9.9496383667,"max":26.1481723785,"mean":7.41481399536,"median":6.25815153122,"min":2.32064175606,"var":15.8053407669},"erbbands_flatness_db":{"dmean":0.0127702523023,"dmean2":0.0196152087301,"dvar":0.00013618383673,"dvar2":0.000324956432451,"max":0.579930663109,"mean":0.158041670918,"median":0.144275739789,"min":0.0251461472362,"var":0.00418901629746},"erbbands_kurtosis":{"dmean":1.51960158348,"dmean2":2.58831548691,"dvar":43.8640518188,"dvar2":148.140823364,"max":277.987121582,"mean":4.21195697784,"median":0.0270957946777,"min":-1.65020096302,"var":617.91619873},"erbbands_skewness":{"dmean":0.275816857815,"dmean2":0.429473221302,"dvar":0.0843753144145,"dvar2":0.24267745018,"max":13.1516151428,"mean":-0.151867687702,"median":-0.416305184364,"min":-2.07445430756,"var":1.7881000042},"erbbands_spread":{"dmean":6.65463638306,"dmean2":10.5549936295,"dvar":43.8488616943,"dvar2":107.63407135,"max":129.855758667,"mean":33.0761413574,"median":32.1640777588,"min":0.380370825529,"var":160.128234863},"gfcc":{"cov":[[14143.1474609,-1038.57714844,-3226.21264648,71.4774856567,-1619.07507324,80.0161819458,-644.000305176,317.010131836,-281.397827148,511.763244629,-63.6408424377,334.509796143,-93.9398345947],[-1038.57714844,860.750488281,393.783325195,43.5070304871,315.841796875,-33.9100914001,137.495437622,-44.5200538635,47.6838989258,-82.9725723267,22.4961528778,-96.4665298462,34.5984039307],[-3226.21264648,393.783325195,1366.6673584,36.3955955505,543.03717041,78.4766235352,152.708206177,-80.9984817505,89.5357513428,-132.730499268,3.72506952286,-69.3862304688,-13.9842042923],[71.4774856567,43.5070304871,36.3955955505,253.570419312,64.8517150879,8.51793766022,15.6630725861,6.80837488174,14.6233024597,-19.3097724915,29.37317276,3.25497436523,28.9672927856],[-1619.07507324,315.841796875,543.03717041,64.8517150879,394.836151123,55.4369239807,132.495742798,-12.2628917694,71.0290603638,-48.7616615295,21.5525550842,-42.2382965088,25.4227352142],[80.0161819458,-33.9100914001,78.4766235352,8.51793766022,55.4369239807,135.336807251,68.6309661865,45.3136825562,15.6696519852,20.9441070557,3.1443605423,13.9632110596,-13.8027791977],[-644.000305176,137.495437622,152.708206177,15.6630725861,132.495742798,68.6309661865,162.871459961,40.5180511475,33.7640647888,-19.7171230316,24.7809791565,-20.3073139191,5.54036855698],[317.010131836,-44.5200538635,-80.9984817505,6.80837488174,-12.2628917694,45.3136825562,40.5180511475,90.6803970337,29.2190322876,37.7444419861,5.81495189667,23.771938324,4.09334421158],[-281.397827148,47.6838989258,89.5357513428,14.6233024597,71.0290603638,15.6696519852,33.7640647888,29.2190322876,84.4125518799,28.6199550629,8.36878967285,-6.2972984314,11.1591644287],[511.763244629,-82.9725723267,-132.730499268,-19.3097724915,-48.7616615295,20.9441070557,-19.7171230316,37.7444419861,28.6199550629,98.0680999756,24.6048469543,37.9858894348,2.5585975647],[-63.6408424377,22.4961528778,3.72506952286,29.37317276,21.5525550842,3.1443605423,24.7809791565,5.81495189667,8.36878967285,24.6048469543,70.0292129517,26.5209712982,21.8895664215],[334.509796143,-96.4665298462,-69.3862304688,3.25497436523,-42.2382965088,13.9632110596,-20.3073139191,23.771938324,-6.2972984314,37.9858894348,26.5209712982,84.0300445557,20.8114395142],[-93.9398345947,34.5984039307,-13.9842042923,28.9672927856,25.4227352142,-13.8027791977,5.54036855698,4.09334421158,11.1591644287,2.5585975647,21.8895664215,20.8114395142,59.2959861755]],"icov":[[0.000342143262969,-0.000439987779828,0.000449794810265,-0.000444359029643,0.000716997194104,-0.00103491148911,0.00107789959293,-0.000666386564262,0.000485102587845,-0.00066805514507,0.000279259023955,-0.00036624938366,0.000481888011564],[-0.000439987779828,0.00262443604879,-0.000483674171846,0.000677424599417,-0.00232141674496,0.00253393268213,-0.00244587287307,0.00121017394122,-0.000447511585662,0.000952263129875,-0.000732717220671,0.00190625304822,-0.00129868474323],[0.000449794810265,-0.000483674171846,0.00281692971475,-0.0000694062691764,-0.00187346956227,-0.00218560779467,0.00206893775612,0.000665210420266,-0.00135131378192,0.00182669691276,-0.000310029776301,-0.00177182338666,0.002660096623],[-0.000444359029643,0.000677424599417,-0.0000694062691764,0.00547086680308,-0.00215271883644,0.000258983549429,0.000454690045444,-0.000232981532463,-0.00180918071419,0.00401629228145,-0.00339141278528,0.000872922420967,-0.00171862810384],[0.000716997194104,-0.00232141674496,-0.00187346956227,-0.00215271883644,0.0110730584711,-0.00371761573479,-0.000766054086853,-0.000116939801956,-0.00108532584272,-0.00253665447235,0.00114206306171,0.000419495714596,-0.00268811732531],[-0.00103491148911,0.00253393268213,-0.00218560779467,0.000258983549429,-0.00371761573479,0.0172167215496,-0.00964284781367,-0.00114025932271,0.00203607860021,-0.0032598786056,0.00291370623745,-0.00130219280254,0.00196013296954],[0.00107789959293,-0.00244587287307,0.00206893775612,0.000454690045444,-0.000766054086853,-0.00964284781367,0.0198289547116,-0.00973296444863,-0.000652901479043,0.00562757253647,-0.00762683618814,0.00265713781118,0.00206652237102],[-0.000666386564262,0.00121017394122,0.000665210420266,-0.000232981532463,-0.000116939801956,-0.00114025932271,-0.00973296444863,0.0240568351001,-0.00750412838534,-0.00267451023683,0.00461144419387,-0.00501987850294,-0.000870588235557],[0.000485102587845,-0.000447511585662,-0.00135131378192,-0.00180918071419,-0.00108532584272,0.00203607860021,-0.000652901479043,-0.00750412838534,0.0238251909614,-0.0130327297375,0.00352535187267,0.00512274354696,-0.00390769029036],[-0.00066805514507,0.000952263129875,0.00182669691276,0.00401629228145,-0.00253665447235,-0.0032598786056,0.00562757253647,-0.00267451023683,-0.0130327297375,0.027540370822,-0.0111882891506,-0.00433758366853,0.00375927635469],[0.000279259023955,-0.000732717220671,-0.000310029776301,-0.00339141278528,0.00114206306171,0.00291370623745,-0.00762683618814,0.00461144419387,0.00352535187267,-0.0111882891506,0.025425137952,-0.00681285606697,-0.00413893954828],[-0.00036624938366,0.00190625304822,-0.00177182338666,0.000872922420967,0.000419495714596,-0.00130219280254,0.00265713781118,-0.00501987850294,0.00512274354696,-0.00433758366853,-0.00681285606697,0.0233579203486,-0.00938146840781],[0.000481888011564,-0.00129868474323,0.002660096623,-0.00171862810384,-0.00268811732531,0.00196013296954,0.00206652237102,-0.000870588235557,-0.00390769029036,0.00375927635469,-0.00413893954828,-0.00938146840781,0.0267222579569]],"mean":[22.6737747192,72.3347244263,-137.384613037,42.0433387756,-56.0686531067,9.48273181915,-39.7167701721,6.71325111389,-25.9706859589,0.539004981518,-18.5466022491,-1.43822312355,-10.7630729675]},"hfc":{"dmean":6.1577205658,"dmean2":9.7184305191,"dvar":49.9699554443,"dvar2":123.175788879,"max":119.802429199,"mean":29.0607242584,"median":27.2972545624,"min":1.12165651358e-16,"var":211.513870239},"melbands":{"dmean":[0.0010587250581,0.000899588165339,0.000408630876336,0.000314148142934,0.000232772596064,0.000245789764449,0.0000972259731498,0.0000836379549582,0.000102966019767,0.000174519489519,0.0000803873845143,0.0000479667360196,0.0000391424036934,0.0000373432012566,0.0000508467674081,0.0000444917022833,0.0000563061003049,0.0000444521429017,0.0000346986453224,0.0000315642864734,0.000033869244362,0.0000252956997429,0.0000190342489077,0.0000122834317153,0.0000197249446501,0.0000171280553332,0.0000104745786302,0.00000729705834601,0.00000613833572061,0.00000524185543327,0.00000404360480388,0.00000305931348521,0.0000024869311801,0.00000161303307777,0.00000161331138315,0.00000126924567212,0.00000106787865661,7.59754186674e-7,4.85237592329e-7,2.87989621484e-7],"dmean2":[0.00181013846304,0.00160454667639,0.000712287670467,0.000547387113329,0.000373484683223,0.000389660184737,0.000166291472851,0.000144804434967,0.000157579881488,0.00026818891638,0.000125387392472,0.000077877593867,0.0000632128867437,0.000059750793298,0.0000795097876107,0.0000694931877661,0.0000882211243152,0.0000691064924467,0.0000531359328306,0.0000514442072017,0.0000547131930944,0.0000418696472479,0.000031612249586,0.0000203206564038,0.0000329947688442,0.0000285948372039,0.000016953157683,0.000011931500012,0.0000101481055026,0.00000900093800738,0.00000700559849065,0.00000529197632204,0.00000431678017776,0.0000026613299724,0.00000260449542111,0.00000198615202862,0.00000167396888173,0.00000112499787974,7.13410656772e-7,4.3588107701e-7],"dvar":[0.00000646991020403,0.00000410533175454,3.37406561357e-7,3.29800769805e-7,1.30943476506e-7,1.34579380529e-7,2.34855832559e-8,2.32935644107e-8,3.5885111771e-8,1.49277411765e-7,2.13803676985e-8,8.28636181893e-9,4.05851929841e-9,5.1241872967e-9,9.6543404382e-9,7.12586523122e-9,7.77258879481e-9,5.45690559406e-9,4.35165725676e-9,2.99392088898e-9,4.93403051749e-9,1.49949974659e-9,7.67337804408e-10,2.39165381943e-10,7.55552731491e-10,6.0453003714e-10,2.90074159137e-10,1.09778637569e-10,1.04175210125e-10,5.83879541938e-11,3.5354445066e-11,2.19956049902e-11,1.66883225988e-11,7.9960404617e-12,9.38694608155e-12,6.81225475335e-12,5.44242385533e-12,4.32085183605e-12,1.36512567743e-12,4.84447172048e-13],"dvar2":[0.0000168803417182,0.0000113657561087,9.46951388414e-7,9.19721685477e-7,3.24794854123e-7,3.12196704044e-7,6.49280664788e-8,6.47670219678e-8,7.72997168497e-8,3.69508967424e-7,4.93723533168e-8,2.08134238733e-8,9.62620383405e-9,1.26188339777e-8,2.17118305557e-8,1.65476823355e-8,1.78273609208e-8,1.19079519578e-8,9.13481734699e-9,7.6251938097e-9,1.17851461923e-8,3.80597997562e-9,1.89002991036e-9,6.06099892497e-10,1.95271554482e-9,1.52942902787e-9,6.84832079934e-10,2.63550625768e-10,2.37607794551e-10,1.4433194917e-10,9.50377762599e-11,6.09879091673e-11,4.54014395523e-11,1.85436648675e-11,2.01030234126e-11,1.38751735795e-11,9.70899922959e-12,7.41569999851e-12,2.46816954895e-12,1.033047454e-12],"max":[0.016109155491,0.0163139663637,0.00532054621726,0.00467865169048,0.00552477361634,0.00865703169256,0.00190885318443,0.0017211913364,0.0037461691536,0.00749540608376,0.00302004534751,0.00216484023258,0.00147576536983,0.00188736175187,0.00224755425006,0.00169456319418,0.00162700586952,0.00129102508072,0.00104558444582,0.00173379934859,0.0035786377266,0.000840662920382,0.000885696033947,0.00027299777139,0.000568263058085,0.000643790117465,0.000617376004811,0.00023052348115,0.000316970079439,0.000247235875577,0.0000945460924413,0.0000641899750917,0.0000483742260258,0.0000691706227371,0.000068944573286,0.0000562597524549,0.0000572795215703,0.0000503336596012,0.0000279295854853,0.0000217854230868],"mean":[0.000828721094877,0.000997059862129,0.000578344683163,0.000399834651034,0.000384297571145,0.000406819890486,0.000147969811223,0.000108143969555,0.000166048848769,0.000288850133074,0.000142632663483,0.0000833041922306,0.0000719274612493,0.0000691095556249,0.0000869942377903,0.0000808072582004,0.000102994206827,0.0000797117390903,0.0000613977463217,0.0000630520298728,0.0000704343983671,0.0000533543279744,0.0000417962437496,0.0000272034030786,0.0000444834768132,0.000040534127038,0.0000231563353736,0.0000161824882525,0.0000130235384859,0.0000115918091979,0.00000807023843663,0.00000594901985096,0.00000441010888608,0.00000289428294309,0.00000302192120216,0.00000233362402469,0.00000191429694496,0.00000141474811244,9.64124865277e-7,5.94247580921e-7],"median":[0.000137900293339,0.000351188064087,0.00037641095696,0.000240016888711,0.000234294508118,0.000219530193135,0.0000975707735051,0.0000636954428046,0.0000661408048472,0.000111198918603,0.0000713458066457,0.0000477921639686,0.000045047410822,0.000040691880713,0.0000411954606534,0.0000387607760786,0.0000614176315139,0.0000463183059765,0.000032615091186,0.0000451826126664,0.0000492596445838,0.0000388389089494,0.0000305664252664,0.0000203995077754,0.0000322135310853,0.0000301093914459,0.0000153059536387,0.000010888581528,0.00000829980763228,0.00000883221764525,0.00000602320278631,0.00000464192044092,0.0000032800264762,0.00000189444335774,0.00000201201964956,0.00000140278325489,0.00000100679108073,6.49828507449e-7,5.23972630617e-7,3.7968626998e-7],"min":[2.6294055313e-24,1.87368013676e-24,1.24466276411e-24,9.07550629324e-24,1.89661745087e-24,4.02530003069e-24,7.81052681095e-24,6.94037378945e-24,4.08767644575e-24,1.05799658026e-23,8.65239049153e-24,5.70323478622e-24,6.46602028865e-24,4.62931465417e-24,9.72316346301e-24,3.54446169882e-24,6.40641908625e-24,6.61384335596e-24,9.86329829193e-24,7.84254115307e-24,9.81234261062e-24,5.43882241586e-24,7.56171929258e-24,9.21274205834e-24,9.00125081623e-24,6.83653918394e-24,4.81213947984e-24,6.11741476603e-24,8.44879022506e-24,6.8182423441e-24,8.37288129559e-24,9.42872349672e-24,9.56129867159e-24,7.87948035381e-24,7.6611670426e-24,8.39869045783e-24,7.04962471393e-24,8.1983158436e-24,8.24044417138e-24,8.11441890861e-24],"var":[0.00000483143594465,0.0000036779133552,3.73813264787e-7,2.77763291479e-7,2.11744520584e-7,2.80975029909e-7,2.61978012617e-8,2.07347312653e-8,8.29815220982e-8,2.76152178458e-7,5.15816687141e-8,1.69992215859e-8,9.04736818796e-9,9.70945190915e-9,2.29116423611e-8,1.56500821191e-8,1.74104179962e-8,1.1165604441e-8,9.26827858905e-9,5.18083886902e-9,7.37709804355e-9,2.97304247887e-9,2.27045693357e-9,6.19777118516e-10,2.12606243721e-9,1.70463210214e-9,8.30839286259e-10,2.81798695489e-10,3.15217046909e-10,1.49094236956e-10,5.30462271331e-11,2.57529379766e-11,1.85281928688e-11,1.31886021201e-11,1.80016314355e-11,1.57840268633e-11,1.57284480579e-11,1.20274285323e-11,3.58368001073e-12,9.6009777819e-13]},"melbands_crest":{"dmean":3.71363830566,"dmean2":5.98955011368,"dvar":12.5031480789,"dvar2":29.2486019135,"max":31.800737381,"mean":11.202290535,"median":9.4945640564,"min":1.7698007822,"var":34.663898468},"melbands_flatness_db":{"dmean":0.024676784873,"dmean2":0.0393153019249,"dvar":0.000773252162617,"dvar2":0.00191311968956,"max":0.957846820354,"mean":0.137213274837,"median":0.108023621142,"min":0.00375483976677,"var":0.0173341799527},"melbands_kurtosis":{"dmean":3.43058514595,"dmean2":5.70309400558,"dvar":82.876449585,"dvar2":181.652282715,"max":679.330566406,"mean":4.08416366577,"median":1.39887428284,"min":-1.5987174511,"var":277.728088379},"melbands_skewness":{"dmean":0.644832491875,"dmean2":1.02968275547,"dvar":0.599619746208,"dvar2":1.4875382185,"max":14.2834978104,"mean":1.5213752985,"median":1.30182015896,"min":-0.808941245079,"var":1.08782863617},"melbands_spread":{"dmean":10.9308853149,"dmean2":17.3562984467,"dvar":124.273002625,"dvar2":296.916290283,"max":186.736709595,"mean":45.7102203369,"median":44.0298690796,"min":0.206639334559,"var":443.338745117},"mfcc":{"cov":[[8921.73730469,-465.076080322,-1704.39611816,-585.474182129,-825.985717773,-458.498840332,-474.981903076,-286.449737549,-257.984100342,-36.2233390808,-31.5822563171,-2.0503847599,-47.1015930176],[-465.076080322,566.421325684,90.0663909912,62.911190033,66.360534668,44.891418457,53.7636184692,16.7739505768,44.8295326233,16.934967041,29.2765235901,5.54005765915,0.829001903534],[-1704.39611816,90.0663909912,695.413574219,167.638473511,256.50012207,158.170562744,108.788253784,93.0481719971,35.5265693665,19.9634170532,10.3498029709,-6.04488515854,18.2008590698],[-585.474182129,62.911190033,167.638473511,261.530883789,135.177337646,58.3810920715,54.7682189941,37.3416748047,32.4570655823,-8.70605182648,-10.8505506516,17.2532196045,19.0373859406],[-825.985717773,66.360534668,256.50012207,135.177337646,216.422286987,98.5079421997,55.7481040955,41.3052330017,43.7982215881,25.7066364288,7.61667823792,-0.844728887081,18.963924408],[-458.498840332,44.891418457,158.170562744,58.3810920715,98.5079421997,122.488067627,75.7087936401,51.8909416199,31.6647205353,29.2857952118,26.1767597198,9.50358390808,6.2582616806],[-474.981903076,53.7636184692,108.788253784,54.7682189941,55.7481040955,75.7087936401,146.162200928,76.2521514893,31.4435558319,17.0914154053,20.2102279663,22.0072174072,6.39078617096],[-286.449737549,16.7739505768,93.0481719971,37.3416748047,41.3052330017,51.8909416199,76.2521514893,101.002906799,43.3063850403,18.311372757,19.2634029388,11.947552681,10.2219791412],[-257.984100342,44.8295326233,35.5265693665,32.4570655823,43.7982215881,31.6647205353,31.4435558319,43.3063850403,80.3335342407,41.3329162598,19.8402099609,7.29693460464,3.59230947495],[-36.2233390808,16.934967041,19.9634170532,-8.70605182648,25.7066364288,29.2857952118,17.0914154053,18.311372757,41.3329162598,76.4338684082,39.9351234436,8.15005779266,-1.18726289272],[-31.5822563171,29.2765235901,10.3498029709,-10.8505506516,7.61667823792,26.1767597198,20.2102279663,19.2634029388,19.8402099609,39.9351234436,62.7502212524,22.0210323334,3.85874605179],[-2.0503847599,5.54005765915,-6.04488515854,17.2532196045,-0.844728887081,9.50358390808,22.0072174072,11.947552681,7.29693460464,8.15005779266,22.0210323334,52.0612678528,21.5066890717],[-47.1015930176,0.829001903534,18.2008590698,19.0373859406,18.963924408,6.2582616806,6.39078617096,10.2219791412,3.59230947495,-1.18726289272,3.85874605179,21.5066890717,50.3300666809]],"icov":[[0.000274683319731,0.0000192453499039,0.000534291029908,-0.0000405529572163,0.000374640687369,-0.000224783783779,0.000596320547629,-0.00045285129454,0.00083221308887,-0.000631153583527,0.000204783005756,-0.0000930241803871,-0.0000683242615196],[0.0000192453499039,0.00201901537366,-0.0000842729787109,-0.000231917831115,-0.000113478228741,0.0000570433803659,-0.000811736506876,0.00112789520063,-0.0013439480681,0.000873477954883,-0.001381669892,0.000563415524084,-0.00000567816414332],[0.000534291029908,-0.0000842729787109,0.00399745022878,-0.000192617284483,-0.00215125922114,-0.00166561093647,0.00119964126498,-0.00259506283328,0.00326064089313,-0.00117546704132,0.00056127802236,0.000382858823286,0.000053987998399],[-0.0000405529572163,-0.000231917831115,-0.000192617284483,0.00662613473833,-0.00407183310017,0.000470839615446,-0.000744668825064,-0.000128764921101,-0.00168274948373,0.00250977440737,0.00185300887097,-0.00315476814285,0.000510892656166],[0.000374640687369,-0.000113478228741,-0.00215125922114,-0.00407183310017,0.0143196005374,-0.0061256531626,0.00131158379372,0.00206984579563,-0.00210586329922,-0.00287586264312,0.0012282616226,0.0033172974363,-0.00397934904322],[-0.000224783783779,0.0000570433803659,-0.00166561093647,0.000470839615446,-0.0061256531626,0.0196635872126,-0.00621803523973,-0.00139685580507,0.000185829921975,-0.00127037113998,-0.0042595975101,0.000338253041264,0.00128802773543],[0.000596320547629,-0.000811736506876,0.00119964126498,-0.000744668825064,0.00131158379372,-0.00621803523973,0.0160501841456,-0.00972825940698,0.00354518252425,-0.00175941188354,0.00222114566714,-0.00501721771434,0.00231514382176],[-0.00045285129454,0.00112789520063,-0.00259506283328,-0.000128764921101,0.00206984579563,-0.00139685580507,-0.00972825940698,0.022980934009,-0.0115762008354,0.00473379576579,-0.0040393169038,0.00273027829826,-0.0034126364626],[0.00083221308887,-0.0013439480681,0.00326064089313,-0.00168274948373,-0.00210586329922,0.000185829921975,0.00354518252425,-0.0115762008354,0.0276417117566,-0.0144439563155,0.00367420120165,-0.00133987865411,0.000906837871298],[-0.000631153583527,0.000873477954883,-0.00117546704132,0.00250977440737,-0.00287586264312,-0.00127037113998,-0.00175941188354,0.00473379576579,-0.0144439563155,0.0293528381735,-0.0149862421677,0.00193908973597,0.00141798215918],[0.000204783005756,-0.001381669892,0.00056127802236,0.00185300887097,0.0012282616226,-0.0042595975101,0.00222114566714,-0.0040393169038,0.00367420120165,-0.0149862421677,0.0315009467304,-0.0119185745716,0.00197778875008],[-0.0000930241803871,0.000563415524084,0.000382858823286,-0.00315476814285,0.0033172974363,0.000338253041264,-0.00501721771434,0.00273027829826,-0.00133987865411,0.00193908973597,-0.0119185745716,0.0319550521672,-0.0128505770117],[-0.0000683242615196,-0.00000567816414332,0.000053987998399,0.000510892656166,-0.00397934904322,0.00128802773543,0.00231514382176,-0.0034126364626,0.000906837871298,0.00141798215918,0.00197778875008,-0.0128505770117,0.02663888596]],"mean":[-603.954711914,93.9688110352,-18.7977790833,28.7069301605,2.36249542236,4.56192779541,-2.19743418694,1.42493891716,-1.97383356094,1.00948381424,-3.48953986168,-3.37058091164,-5.18696784973]},"pitch_salience":{"dmean":0.0776786655188,"dmean2":0.125731304288,"dvar":0.00641235616058,"dvar2":0.0161177236587,"max":0.875225186348,"mean":0.630615115166,"median":0.67170727253,"min":0.00749073037878,"var":0.0230979956686},"silence_rate_20dB":{"dmean":0,"dmean2":0,"dvar":0,"dvar2":0,"max":1,"mean":1,"median":1,"min":1,"var":0},"silence_rate_30dB":{"dmean":0,"dmean2":0,"dvar":0,"dvar2":0,"max":1,"mean":1,"median":1,"min":1,"var":0},"silence_rate_60dB":{"dmean":0.00028176952037,"dmean2":0.00056361843599,"dvar":0.000281671003904,"dvar2":0.000563327339478,"max":1,"mean":0.0126778418198,"median":0,"min":0,"var":0.0125175584108},"spectral_centroid":{"dmean":216.42906189,"dmean2":342.880096436,"dvar":47960.09375,"dvar2":110669.046875,"max":11432.4472656,"mean":2116.20166016,"median":2120.70849609,"min":115.814102173,"var":418475.0625},"spectral_complexity":{"dmean":4.08284044266,"dmean2":6.63322544098,"dvar":12.8228549957,"dvar2":31.5707950592,"max":64,"mean":36.3231430054,"median":38,"min":0,"var":107.554855347},"spectral_contrast_coeffs":{"dmean":[0.0574328303337,0.0481141321361,0.0362805351615,0.0290094986558,0.0194971840829,0.0166179090738],"dmean2":[0.0933518409729,0.0792362242937,0.0600299090147,0.0483569279313,0.0328982397914,0.02722982876],"dvar":[0.00222915248014,0.00147228501737,0.000872656353749,0.000527882541064,0.000228457545745,0.000193008920178],"dvar2":[0.00577511591837,0.00387100223452,0.00229988084175,0.00142668804619,0.000643215316813,0.00049475976266],"max":[-0.347968935966,-0.493848592043,-0.55163359642,-0.611609578133,-0.677600741386,-0.564821124077],"mean":[-0.63852339983,-0.753490865231,-0.798378586769,-0.79324477911,-0.794336795807,-0.729392886162],"median":[-0.645884752274,-0.758156895638,-0.804778397083,-0.795779407024,-0.795051693916,-0.724628329277],"min":[-0.980596840382,-0.964583456516,-0.976843893528,-0.963802158833,-0.965292751789,-0.961310088634],"var":[0.00724333198741,0.00387363904156,0.00262127513997,0.00171193259303,0.000985737657174,0.00226324680261]},"spectral_contrast_valleys":{"dmean":[0.456417560577,0.363360911608,0.278094887733,0.22471639514,0.17540769279,0.21716684103],"dmean2":[0.731532692909,0.599377155304,0.454282104969,0.370202660561,0.285810112953,0.340921252966],"dvar":[0.148181781173,0.105353534222,0.0592762306333,0.0407806113362,0.0337113440037,0.0665533915162],"dvar2":[0.363633394241,0.264008998871,0.135280147195,0.0918488427997,0.0681948140264,0.154062628746],"max":[-5.54934644699,-4.5799074173,-5.07352638245,-5.78140926361,-5.43607854843,-7.84205436707],"mean":[-7.540102005,-6.65326452255,-6.94205236435,-6.99425077438,-6.76570653915,-9.77152347565],"median":[-7.40655231476,-6.4496049881,-6.720662117,-6.71507835388,-6.49268913269,-9.56435394287],"min":[-27.8068828583,-27.6898384094,-27.5850982666,-27.4381027222,-27.2328338623,-27.3952102661],"var":[1.4902048111,1.85069918633,1.88477301598,2.05144047737,2.29752469063,1.6966085434]},"spectral_decrease":{"dmean":2.02690753071e-9,"dmean2":3.364729384e-9,"dvar":8.03233651102e-18,"dvar2":2.08767350242e-17,"max":3.19664199184e-16,"mean":-5.40864819598e-9,"median":-4.85710138776e-9,"min":-2.27065104497e-8,"var":9.63763434527e-18},"spectral_energy":{"dmean":0.00800460670143,"dmean2":0.0132547225803,"dvar":0.000118781259516,"dvar2":0.000308352056891,"max":0.0883327275515,"mean":0.0230493992567,"median":0.0212006475776,"min":1.03264314864e-20,"var":0.000151691521751},"spectral_energyband_high":{"dmean":0.000479181937408,"dmean2":0.000780188362114,"dvar":4.95394544942e-7,"dvar2":0.00000114688907615,"max":0.00971587188542,"mean":0.00136457185727,"median":0.00103635620326,"min":7.50815847702e-21,"var":0.0000013121966731},"spectral_energyband_low":{"dmean":0.00502132065594,"dmean2":0.00849302764982,"dvar":0.000115398936032,"dvar2":0.000301732274238,"max":0.0801724642515,"mean":0.00550300674513,"median":0.00212314911187,"min":3.06563086019e-23,"var":0.0000977023810265},"spectral_energyband_middle_high":{"dmean":0.0018727889983,"dmean2":0.00283841765486,"dvar":0.00000406852132073,"dvar2":0.00000940907193581,"max":0.0472024865448,"mean":0.00840843096375,"median":0.00758542912081,"min":1.44174319301e-21,"var":0.000024531780582},"spectral_energyband_middle_low":{"dmean":0.00357986544259,"dmean2":0.00593171361834,"dvar":0.0000225416424655,"dvar2":0.0000596558966208,"max":0.0514147914946,"mean":0.00843167118728,"median":0.00707063172013,"min":3.21106677129e-22,"var":0.0000358223260264},"spectral_entropy":{"dmean":0.0753192454576,"dmean2":0.118391439319,"dvar":0.00456982245669,"dvar2":0.0101887676865,"max":9.80932998657,"mean":7.79210281372,"median":7.95220565796,"min":2.41206550598,"var":0.801990509033},"spectral_flux":{"dmean":0.0228589624166,"dmean2":0.0346853584051,"dvar":0.000698888616171,"dvar2":0.00125077075791,"max":0.276835769415,"mean":0.0933518111706,"median":0.0876864492893,"min":6.4109176301e-11,"var":0.00167855224572},"spectral_kurtosis":{"dmean":3.42098617554,"dmean2":6.3192782402,"dvar":449.062225342,"dvar2":1474.39331055,"max":527.203369141,"mean":8.20336437225,"median":3.48237705231,"min":-1.25135183334,"var":885.108276367},"spectral_rms":{"dmean":0.000745471508708,"dmean2":0.00119540002197,"dvar":7.96759934474e-7,"dvar2":0.00000201309740078,"max":0.00928322505206,"mean":0.00457512075081,"median":0.00454791821539,"min":3.17404587856e-12,"var":0.00000155549457759},"spectral_rolloff":{"dmean":527.802368164,"dmean2":825.50793457,"dvar":497872.59375,"dvar2":1042079.125,"max":19250.6835938,"mean":2727.84814453,"median":2583.984375,"min":86.1328125,"var":2746153.75},"spectral_skewness":{"dmean":0.214926183224,"dmean2":0.370880335569,"dvar":0.307696253061,"dvar2":1.02608811855,"max":19.5622844696,"mean":1.51285779476,"median":1.22345733643,"min":-0.0599224418402,"var":3.03985095024},"spectral_spread":{"dmean":330627.34375,"dmean2":520835.125,"dvar":232095973376,"dvar2":515247964160,"max":41717012,"mean":3928207.75,"median":3901089.5,"min":237018.546875,"var":2326953197570},"spectral_strongpeak":{"dmean":0.725297152996,"dmean2":1.24701428413,"dvar":1.32527577877,"dvar2":3.26106548309,"max":13.5377082825,"mean":1.02452421188,"median":0.499568134546,"min":1.08269511412e-10,"var":1.85561406612},"zerocrossingrate":{"dmean":0.010552873835,"dmean2":0.0124719841406,"dvar":0.00015252486628,"dvar2":0.000156916736159,"max":0.806640625,"mean":0.0904984176159,"median":0.0859375,"min":0.0048828125,"var":0.00268697808497}},"metadata":{"audio_properties":{"analysis_sample_rate":44100,"bit_rate":191327,"codec":"mp3","downmix":"mix","equal_loudness":0,"length":164.806533813,"lossless":false,"md5_encoded":"177304d052d5353b43366ecacfae5eb1","replay_gain":-14.9983959198,"sample_rate":44100},"tags":{"acoustid_id":["91f5d680-26cc-43ea-a09b-101529d6c468"],"album":["Inferno"],"albumartist":["Motörhead"],"albumartistsort":["Motörhead"],"artist":["Motörhead"],"artistsort":["Motörhead"],"asin":["B000294SFW"],"barcode":["060768524125"],"catalognumber":["06076-85241-2"],"date":["2004-06-22"],"file_name":"11 - Smiling Like a Killer.mp3","isrc":["GBAJE0400497"],"label":["Sanctuary Records"],"media":["CD"],"musicbrainz album release country":["US"],"musicbrainz album status":["official"],"musicbrainz album type":["album"],"musicbrainz_albumartistid":["57961a97-3796-4bf7-9f02-a985a8979ae9"],"musicbrainz_albumid":["169c583d-4e30-43ad-90bb-778e131f6c80"],"musicbrainz_artistid":["57961a97-3796-4bf7-9f02-a985a8979ae9"],"musicbrainz_recordingid":["5d2d914f-94c8-4136-b8ac-19f2ef37a3d2"],"musicbrainz_releasegroupid":["0b4ec2a1-c8fe-4dd0-a0b1-d2926a85be15"],"originaldate":["2004"],"script":["Latn"],"title":["Smiling Like a Killer"],"tracknumber":["11/12"]},"version":{"essentia":"2.1-beta2","essentia_build_sha":"70f2e5ece6736b2c40cc944ad0e695b16b925413","essentia_git_sha":"v2.1_beta2","extractor":"music 1.0"}},"rhythm":{"beats_count":299,"beats_loudness":{"dmean":0.00610236544162,"dmean2":0.0103213684633,"dvar":0.0000234062790696,"dvar2":0.0000669033761369,"max":0.0480363070965,"mean":0.0225342735648,"median":0.023409543559,"min":5.84129963954e-7,"var":0.0000470237646368},"beats_loudness_band_ratio":{"dmean":[0.118901096284,0.0979274809361,0.0861773937941,0.071995511651,0.0851538404822,0.0484995394945],"dmean2":[0.209419950843,0.168323114514,0.153045743704,0.12872774899,0.145728424191,0.0830858126283],"dvar":[0.012165508233,0.00802035722882,0.00731938006356,0.00560878496617,0.00530748721212,0.00227562175132],"dvar2":[0.034957036376,0.0230139214545,0.020