{"lowlevel":{"average_loudness":0.963249385357,"barkbands":{"dmean":[0.000231996018556,0.00512837385759,0.00408562226221,0.00307687697932,0.00377476192079,0.00141093949787,0.000958749558777,0.00079957197886,0.00103042426053,0.000810658617411,0.000486761855427,0.000384878308978,0.000305162364384,0.000403396959882,0.000338486657711,0.000214780477108,0.000291552161798,0.000172817191924,0.000157876376761,0.000106209394289,0.0000716751455911,0.0000726176367607,0.0000467459722131,0.0000366790700355,0.0000194298954739,0.0000111457447929,0.00000136067433232],"dmean2":[0.000371090049157,0.00811373535544,0.00707127479836,0.0053327488713,0.00591926975176,0.00230289273895,0.00156696001068,0.00130006927066,0.00163457088638,0.00127161631826,0.000745973840822,0.000606492103543,0.00046469582594,0.000636696058791,0.000531201018021,0.000343261461239,0.000470165308798,0.000277515908238,0.000250559591223,0.000165354998899,0.000111182387627,0.000109654960397,0.0000704461781424,0.0000542440320714,0.0000292453260045,0.0000168883398146,0.0000021951304916],"dvar":[1.53496060307e-7,0.0000884255132405,0.0000489055419166,0.0000215830186789,0.0000291432406812,0.00000467750624011,0.00000301292629956,0.00000245821502176,0.0000030869348393,0.00000216757462113,0.00000114732165457,7.02096144778e-7,4.66223752937e-7,6.83441726324e-7,4.70820310738e-7,1.75935198854e-7,3.11442988732e-7,1.09136344406e-7,2.44008674599e-7,3.67319898942e-8,1.3045497127e-8,3.01293461291e-8,1.26377059928e-8,5.9584541745e-9,3.94708576934e-9,9.57750545538e-10,1.93439916862e-11],"dvar2":[3.74976963258e-7,0.000201526578167,0.000139892581501,0.0000607357396802,0.0000661681551719,0.000012109088857,0.00000761217688705,0.00000629528221907,0.00000733362503524,0.00000501067142977,0.00000251302822107,0.0000016938937506,0.00000105198557776,0.00000166586244177,0.00000107955838757,4.31219376651e-7,7.59030228892e-7,2.78881913118e-7,4.46566360779e-7,8.21504784199e-8,2.96944584477e-8,6.91345505288e-8,2.94157143088e-8,1.32995898738e-8,9.06452246596e-9,2.29493291037e-9,5.05665093131e-11],"max":[0.00506279338151,0.0902213826776,0.0651276260614,0.0542102828622,0.0514181777835,0.0403628610075,0.0307567492127,0.0277699902654,0.0258843768388,0.0345233269036,0.0228633265942,0.0204186011106,0.0137430643663,0.0293169301003,0.0211469903588,0.0102237667888,0.02293340303,0.0128683419898,0.0385551899672,0.00794332101941,0.0043739778921,0.00748068699613,0.0037562858779,0.00173177954275,0.00167035288177,0.000946029031184,0.0000886958951014],"mean":[0.000246040872298,0.00812987051904,0.00740602100268,0.00546911545098,0.00599413085729,0.00280550029129,0.00173936027568,0.00133902032394,0.00203142967075,0.00161173252854,0.000941971200518,0.000687977240887,0.000568102987017,0.000692877627444,0.000616802135482,0.00038474064786,0.000587321468629,0.000353893614374,0.00032912575989,0.000237724991166,0.000158051509061,0.000142801683978,0.0000823371010483,0.0000582866050536,0.0000314286589855,0.0000149540228449,0.00000140447968988],"median":[0.000093161703262,0.0028923866339,0.0044483076781,0.00325907114893,0.00361877167597,0.0017021833919,0.000947252265178,0.000713717890903,0.00106459087692,0.000658210192341,0.000303886103211,0.000262129819021,0.000162871394423,0.000338568701409,0.000303516600979,0.000192132851225,0.000335061660735,0.000217752181925,0.000191065089894,0.000144207442645,0.000106255727587,0.000087027947302,0.0000459728544229,0.0000287469665636,0.0000150351916091,0.00000565611117054,3.73473483251e-7],"min":[2.1841776133e-25,5.23071451929e-23,1.58133195349e-23,4.93217965493e-24,7.34734318615e-24,3.92714333043e-23,1.89548097841e-23,3.90955267888e-23,4.46860798944e-23,2.8411219932e-23,2.03152161924e-23,6.21989686952e-23,9.69999903584e-23,6.4972149254e-23,1.08484782775e-22,2.17904738064e-22,1.49506029474e-22,1.93970079733e-22,3.63296069056e-22,2.48055102836e-22,4.05149242155e-22,4.81903388749e-22,3.75778877803e-22,8.32471206033e-22,1.11931208785e-21,1.61359501398e-21,2.29769852314e-21],"var":[1.68792738009e-7,0.000133972935146,0.0000626754699624,0.0000398686934204,0.0000462674870505,0.0000101996683952,0.00000624378662906,0.00000384462964576,0.00000842325516714,0.00000749973105485,0.00000368946848539,0.00000164788673374,0.00000145650676586,0.00000129752049816,0.000001108635729,3.81314094966e-7,8.55009830047e-7,2.37028885408e-7,7.57640009397e-7,9.61802157917e-8,3.17007504691e-8,4.5382972047e-8,1.80917627546e-8,9.38790911675e-9,5.79126036016e-9,1.34928679341e-9,1.66455130929e-11]},"barkbands_crest":{"dmean":2.6077735424,"dmean2":4.33100271225,"dvar":6.04727077484,"dvar2":15.9579229355,"max":26.969417572,"mean":10.7189702988,"median":10.061164856,"min":2.60756278038,"var":14.6621856689},"barkbands_flatness_db":{"dmean":0.0210061594844,"dmean2":0.0321300663054,"dvar":0.000482626783196,"dvar2":0.00107813463546,"max":0.678385734558,"mean":0.147254601121,"median":0.135036155581,"min":0.032504376024,"var":0.00371382804587},"barkbands_kurtosis":{"dmean":17.5332202911,"dmean2":22.9857826233,"dvar":42726.8515625,"dvar2":63813.9453125,"max":14450.8583984,"mean":54.5524711609,"median":3.24303221703,"min":-1.90975773335,"var":436081.8125},"barkbands_skewness":{"dmean":0.634073257446,"dmean2":0.95163410902,"dvar":2.72482800484,"dvar2":3.77296638489,"max":114.333717346,"mean":2.35834956169,"median":1.76516973972,"min":-3.10806822777,"var":43.2261657715},"barkbands_spread":{"dmean":3.86240696907,"dmean2":6.07859897614,"dvar":21.8281860352,"dvar2":51.8673477173,"max":85.8604278564,"mean":17.0241622925,"median":16.174993515,"min":0.0344925038517,"var":75.0927734375},"dissonance":{"dmean":0.0192109942436,"dmean2":0.0323408693075,"dvar":0.000468671525596,"dvar2":0.00133445963729,"max":0.5,"mean":0.463452011347,"median":0.470696777105,"min":0.104277819395,"var":0.000865548849106},"dynamic_complexity":1.78624677658,"erbbands":{"dmean":[0.131838470697,1.26473987103,3.8729159832,8.10084247589,13.6464595795,11.1712503433,11.749168396,10.8392744064,11.212896347,16.7601490021,16.8320999146,22.6166343689,28.9762973785,18.6269321442,14.043510437,14.538444519,12.4825429916,17.3728408813,19.177154541,12.1020021439,13.3110113144,14.7244491577,10.3230419159,9.30972576141,5.80838680267,4.87795686722,3.34480452538,2.71292495728,2.68300318718,1.96745312214,1.28869318962,0.978732347488,0.477829009295,0.242623001337,0.130167677999,0.0627449899912,0.0176751520485,0.00275693763979,0.000247722840868,0.0000180230836122],"dmean2":[0.210204184055,2.0528409481,6.63179016113,14.0163974762,21.7176246643,18.3049983978,19.3869743347,17.5998020172,18.3262405396,27.2180957794,27.0196857452,35.9825439453,45.5788154602,28.3442993164,21.6189975739,23.0540847778,18.8409233093,26.7072906494,30.4017715454,18.3832836151,21.1025180817,23.7133197784,16.5030212402,14.8151111603,9.07143306732,7.58699083328,5.23521852493,4.19485044479,4.07220363617,3.00544214249,1.93549966812,1.45189726353,0.717583656311,0.364854872227,0.197564050555,0.094885982573,0.0272216815501,0.00442199967802,0.000395250041038,0.0000269279189524],"dvar":[0.0826233252883,5.28252696991,45.0981254578,147.001602173,522.547973633,215.292541504,254.745529175,396.581939697,434.821380615,904.408508301,1015.21759033,1583.30847168,2641.92651367,1698.71679688,885.481994629,1156.57592773,708.480895996,1152.11083984,1576.44238281,707.941772461,603.559204102,702.822875977,459.764160156,1123.29724121,136.905090332,75.9324645996,24.9902801514,26.0196075439,38.4119148254,28.9450950623,7.63881063461,3.82868289948,1.2700356245,0.52960640192,0.208582222462,0.0387211553752,0.00220770342276,0.0000689128282829,6.17903253897e-7,8.09953493164e-10],"dvar2":[0.187371745706,12.8357849121,124.703941345,426.981781006,1216.9005127,563.837219238,675.082092285,1016.50628662,1100.61560059,2341.37133789,2567.76831055,3829.34448242,6317.63818359,3633.70727539,2026.72412109,2941.62084961,1579.11975098,2681.1965332,3891.84521484,1469.49841309,1519.90270996,1676.00524902,1167.4050293,1980.56774902,325.715881348,163.800338745,57.3026542664,59.9286880493,88.0649108887,68.3729858398,17.5548820496,8.51721286774,2.90666079521,1.19296443462,0.489305794239,0.0929947197437,0.00537316175178,0.000177768772119,0.0000016153303477,1.94584770519e-9],"max":[2.66885209084,22.6860275269,66.0481948853,140.258666992,227.808776855,255.30607605,328.370574951,339.818511963,351.537384033,557.203918457,602.520996094,664.774841309,1378.75427246,873.443786621,738.521911621,1038.50317383,497.990020752,805.561645508,1398.16345215,960.255737305,602.962890625,1203.94750977,919.157409668,2759.67358398,435.922332764,366.696807861,165.575027466,175.735168457,276.092651367,172.602005005,90.2173309326,54.045539856,25.6621303558,23.2048549652,11.6334171295,5.93436098099,1.10742938519,0.159890681505,0.0168145988137,0.000692888046615],"mean":[0.182171329856,2.06005311012,7.14049816132,16.4710617065,17.9203948975,19.2955665588,23.1850605011,21.003780365,21.5625267029,31.4196929932,30.9050865173,45.8882484436,60.9784736633,41.594367981,30.3886146545,27.1081066132,25.0687828064,33.736656189,36.4542312622,24.027381897,26.723613739,31.0487174988,22.4558238983,19.6926841736,12.9622545242,11.1203556061,7.6717877388,5.67582893372,5.18320226669,3.65736937523,2.27847695351,1.57022356987,0.741116166115,0.38715916872,0.205553680658,0.0886037573218,0.0227089505643,0.00310204946436,0.000278139632428,0.0000573512807023],"median":[0.0557663887739,0.830716133118,4.81706428528,12.2780981064,8.05179977417,12.7787132263,15.6281833649,12.3894748688,12.4049606323,18.0936756134,19.013217926,26.0715274811,28.2805595398,16.5413017273,11.4259662628,11.7708492279,8.81853485107,16.2729492188,21.2707672119,11.2061672211,14.324344635,18.9873542786,13.7773418427,11.0323467255,8.17049789429,6.94233512878,5.08835697174,3.67757797241,3.14567947388,2.16341161728,1.26602005959,0.789428114891,0.350422799587,0.183141827583,0.0971241444349,0.0344270132482,0.00842548906803,0.00100273801945,0.0000907220382942,0.0000530106008227],"min":[8.82181458991e-22,1.36701887514e-20,2.39963173153e-20,1.66950266928e-20,2.46280829705e-20,1.91605677555e-20,1.18386541633e-19,2.11406349011e-19,1.02616627598e-19,5.51525982142e-19,4.79563957187e-19,9.78015653084e-19,6.38152575189e-19,9.59521548948e-19,2.6384520028e-18,2.68565382369e-18,3.51934000496e-18,3.26884283211e-18,4.97761310278e-18,7.95834934113e-18,1.27489038202e-17,7.48253023737e-18,8.03038105605e-18,1.53684499897e-17,1.62767455875e-17,1.04678308583e-17,1.44521290856e-17,1.76376330574e-17,2.02089041392e-17,1.37737971427e-17,9.5141710214e-18,1.31379343069e-17,1.70556784093e-17,1.26961627843e-17,7.55274132776e-18,5.42865525206e-18,3.05993340533e-18,1.19543666497e-18,3.19089961924e-19,3.37659649688e-20],"var":[0.0969131439924,7.73996734619,55.1113204956,224.818557739,669.151672363,384.790649414,553.652282715,749.359619141,899.467224121,1784.53820801,1760.67382812,4082.67089844,9061.12695312,6698.24658203,2780.61914062,2353.55175781,2227.04541016,2658.58569336,3000.22607422,2086.67895508,1414.6295166,1875.25524902,1079.34521484,3630.08276367,295.651123047,202.676330566,70.3085861206,49.6120986938,57.7993545532,39.6626739502,11.8098163605,5.98366308212,1.92143642902,0.816351056099,0.286516815424,0.0543137714267,0.00282538356259,0.0000659088836983,5.34538060037e-7,1.24059984508e-9]},"erbbands_crest":{"dmean":2.40078473091,"dmean2":3.91445875168,"dvar":5.46117210388,"dvar2":13.8573522568,"max":31.5275230408,"mean":8.78030586243,"median":7.46830558777,"min":1.91151404381,"var":20.5176773071},"erbbands_flatness_db":{"dmean":0.0166574958712,"dmean2":0.0241965763271,"dvar":0.000308601069264,"dvar2":0.000662054575514,"max":0.53683590889,"mean":0.155704975128,"median":0.147981584072,"min":0.0246009062976,"var":0.00290369056165},"erbbands_kurtosis":{"dmean":0.83032232523,"dmean2":1.32863640785,"dvar":3.29005241394,"dvar2":8.23942756653,"max":51.9279212952,"mean":0.393077611923,"median":-0.258737325668,"min":-1.75479900837,"var":6.76468896866},"erbbands_skewness":{"dmean":0.325635880232,"dmean2":0.509377837181,"dvar":0.116705782712,"dvar2":0.285319775343,"max":6.81422328949,"mean":0.364119231701,"median":0.360132366419,"min":-4.91403532028,"var":0.430764079094},"erbbands_spread":{"dmean":7.52333211899,"dmean2":11.5212211609,"dvar":65.8314437866,"dvar2":146.687805176,"max":178.772277832,"mean":39.2149772644,"median":38.043888092,"min":0.676589846611,"var":351.260101318},"gfcc":{"cov":[[14804.9199219,662.774414062,-706.082397461,587.335327148,-672.815063477,194.170181274,-519.708068848,-14.5335321426,-245.639480591,-63.6467704773,-277.474761963,-60.4410667419,-290.07623291],[662.774414062,663.719726562,-181.826080322,-18.3961086273,22.5224285126,-80.8540115356,54.0438919067,-14.5640192032,44.0167617798,-62.1797523499,44.9518661499,-74.6551208496,31.3605213165],[-706.082397461,-181.826080322,684.391296387,67.2794265747,-105.986915588,51.4794502258,-44.5111427307,81.5509262085,13.5291881561,55.4998512268,1.58307933807,68.6476135254,-18.1044712067],[587.335327148,-18.3961086273,67.2794265747,343.462982178,54.6188926697,-28.854763031,-68.6890335083,2.69210767746,50.3921356201,26.0412101746,10.6063432693,11.9214906693,27.1174907684],[-672.815063477,22.5224285126,-105.986915588,54.6188926697,284.19619751,26.47914505,74.8686065674,-5.49714040756,49.838973999,27.7865886688,42.7749404907,7.54094028473,56.1532440186],[194.170181274,-80.8540115356,51.4794502258,-28.854763031,26.47914505,199.288009644,70.4120559692,24.9928913116,-18.7152576447,33.7151565552,29.6758708954,43.4027442932,-0.524481236935],[-519.708068848,54.0438919067,-44.5111427307,-68.6890335083,74.8686065674,70.4120559692,185.066955566,60.9646186829,19.2049846649,9.54448509216,45.1482505798,14.9063644409,24.8909320831],[-14.5335321426,-14.5640192032,81.5509262085,2.69210767746,-5.49714040756,24.9928913116,60.9646186829,128.067092896,49.5319786072,32.9534072876,13.7991447449,29.3883991241,13.2268295288],[-245.639480591,44.0167617798,13.5291881561,50.3921356201,49.838973999,-18.7152576447,19.2049846649,49.5319786072,114.441429138,49.8463630676,28.0517902374,8.38470935822,30.7291431427],[-63.6467704773,-62.1797523499,55.4998512268,26.0412101746,27.7865886688,33.7151565552,9.54448509216,32.9534072876,49.8463630676,95.2858200073,45.7394218445,38.5036010742,12.1614046097],[-277.474761963,44.9518661499,1.58307933807,10.6063432693,42.7749404907,29.6758708954,45.1482505798,13.7991447449,28.0517902374,45.7394218445,91.8246536255,46.651512146,27.4830818176],[-60.4410667419,-74.6551208496,68.6476135254,11.9214906693,7.54094028473,43.4027442932,14.9063644409,29.3883991241,8.38470935822,38.5036010742,46.651512146,94.9306640625,34.5495452881],[-290.07623291,31.3605213165,-18.1044712067,27.1174907684,56.1532440186,-0.524481236935,24.8909320831,13.2268295288,30.7291431427,12.1614046097,27.4830818176,34.5495452881,81.5039520264]],"icov":[[0.000270874297712,-0.000733828754164,0.000623035884928,-0.000755404937081,0.000514274463058,-0.000807548174635,0.000707646366209,-0.000656132760923,0.000812160666101,-0.00100702850614,0.00156169605907,-0.001119746943,0.000959108467214],[-0.000733828754164,0.00457227928564,-0.00145520025399,0.00215085642412,-0.000851944088936,0.00248284055851,-0.00203344179317,0.00158830557484,-0.00354107958265,0.00546502228826,-0.00788501370698,0.00603313092142,-0.00382269360125],[0.000623035884928,-0.00145520025399,0.00341852987185,-0.00210523279384,0.00179441121873,-0.00221742014401,0.00216146861203,-0.00264970888384,0.00184713746421,-0.00267970492132,0.00373790832236,-0.00349163473584,0.00267959409393],[-0.000755404937081,0.00215085642412,-0.00210523279384,0.005944641307,-0.00249643647112,0.00216416432522,0.000372803886421,0.00126637867652,-0.00348643073812,0.00334850978106,-0.00526177650318,0.00353872124106,-0.00345805753022],[0.000514274463058,-0.000851944088936,0.00179441121873,-0.00249643647112,0.00663478439674,-0.00200116075575,-0.0012217030162,0.000885833695065,-0.000210864527617,-0.00253243674524,0.0022320416756,-0.000724517740309,-0.00095548061654],[-0.000807548174635,0.00248284055851,-0.00221742014401,0.00216416432522,-0.00200116075575,0.00996607076377,-0.00538895325735,0.00231459899805,0.000262661866145,0.000203912131838,-0.00406702328473,0.000934782729018,-0.0014833501773],[0.000707646366209,-0.00203344179317,0.00216146861203,0.000372803886421,-0.0012217030162,-0.00538895325735,0.0139127913862,-0.0083227949217,0.00258407369256,0.000870302086696,-0.00182390247937,0.000139046693221,0.00101779052056],[-0.000656132760923,0.00158830557484,-0.00264970888384,0.00126637867652,0.000885833695065,0.00231459899805,-0.0083227949217,0.0165724679828,-0.00800910498947,0.000372704904294,0.00121528387535,-0.00192035816144,-0.00133110966999],[0.000812160666101,-0.00354107958265,0.00184713746421,-0.00348643073812,-0.000210864527617,0.000262661866145,0.00258407369256,-0.00800910498947,0.0209545865655,-0.0125053012744,0.00458318181336,0.0002054690558,-0.001186156529],[-0.00100702850614,0.00546502228826,-0.00267970492132,0.00334850978106,-0.00253243674524,0.000203912131838,0.000870302086696,0.000372704904294,-0.0125053012744,0.0278613418341,-0.0169540680945,0.0036147213541,-0.00123420369346],[0.00156169605907,-0.00788501370698,0.00373790832236,-0.00526177650318,0.0022320416756,-0.00406702328473,-0.00182390247937,0.00121528387535,0.00458318181336,-0.0169540680945,0.0357788614929,-0.0192693769932,0.00687433872372],[-0.001119746943,0.00603313092142,-0.00349163473584,0.00353872124106,-0.000724517740309,0.000934782729018,0.000139046693221,-0.00192035816144,0.0002054690558,0.0036147213541,-0.0192693769932,0.0300549101084,-0.0143447229639],[0.000959108467214,-0.00382269360125,0.00267959409393,-0.00345805753022,-0.00095548061654,-0.0014833501773,0.00101779052056,-0.00133110966999,-0.001186156529,-0.00123420369346,0.00687433872372,-0.0143447229639,0.0238474998623]],"mean":[12.8721809387,110.003494263,-116.391998291,35.9945869446,-55.0923614502,9.0991230011,-33.630241394,7.09787845612,-21.4496440887,-4.05709505081,-20.9418373108,-4.14151763916,-11.4881696701]},"hfc":{"dmean":4.49450159073,"dmean2":6.40321493149,"dvar":26.6532115936,"dvar2":52.1111106873,"max":139.357223511,"mean":22.194683075,"median":20.742477417,"min":1.11407212763e-16,"var":160.519683838},"melbands":{"dmean":[0.00130115472712,0.00179361063056,0.00144762219861,0.000894282886293,0.000403829384595,0.000247698655585,0.000181357609108,0.000181037074071,0.00014841844677,0.000149188854266,0.000146277976455,0.0000755387081881,0.0000529873250343,0.0000428040148108,0.0000328061905748,0.0000307930276904,0.0000365125561075,0.0000351659364242,0.0000243881931965,0.0000138301620609,0.0000174048509507,0.0000179519192898,0.0000122352721519,0.00000829116834211,0.00000857613031258,0.00000465793846161,0.00000440074654762,0.00000335354320669,0.00000241114321398,0.00000178578079613,0.00000168559074609,0.00000161636319262,0.00000149000834426,0.00000101043247014,7.62661215958e-7,7.12299254246e-7,5.77003447688e-7,3.60401713806e-7,2.63769464937e-7,1.9342695623e-7],"dmean2":[0.00203186040744,0.00296889781021,0.00244933040813,0.00141347607132,0.000662262202241,0.000400900957175,0.00029557722155,0.00029341125628,0.000237275278778,0.000236629362917,0.000229725279496,0.000114654460049,0.0000807667383924,0.0000669480068609,0.0000512794504175,0.0000466121673526,0.0000566655071452,0.0000559702129976,0.0000378221411665,0.0000214613573917,0.00002786044206,0.0000290945299639,0.0000197711451619,0.0000133174971779,0.0000138412542583,0.00000746020668885,0.00000689846001478,0.0000053294738791,0.00000385424209526,0.00000281266670754,0.00000265392827714,0.00000249647769124,0.00000231039348364,0.00000156818475716,0.00000117164347557,0.00000107245705294,8.70380972628e-7,5.49319963739e-7,4.03390828296e-7,2.94897830599e-7],"dvar":[0.00000631455623079,0.00000827395160741,0.00000393990012526,0.00000190759715224,2.60115712081e-7,1.78317463906e-7,1.04278804258e-7,1.06878111694e-7,7.69202941342e-8,6.79025262684e-8,6.73811868523e-8,2.75191940347e-8,1.22160965788e-8,9.02434305061e-9,6.01110583531e-9,5.96354077231e-9,5.37019184677e-9,5.71109248781e-9,2.7017226234e-9,9.51035250552e-10,1.1012355472e-9,1.26534105416e-9,6.00252680893e-10,3.0066218959e-10,1.13210796293e-9,8.69224484057e-11,7.91457732685e-11,3.69892311225e-11,1.36118633726e-11,8.51692241038e-12,1.08926218739e-11,1.43968179392e-11,1.31074534906e-11,8.70608793391e-12,2.9763201452e-12,1.81336217743e-12,1.52672622808e-12,7.1742465484e-13,4.76231955347e-13,3.98834773801e-13],"dvar2":[0.0000139006033351,0.0000214884621528,0.0000110677874545,0.00000439063296653,6.74111447552e-7,4.57176923874e-7,2.63745789653e-7,2.76646289876e-7,1.91627378854e-7,1.62385646263e-7,1.59989738791e-7,5.84704125117e-8,2.72253881661e-8,2.13152979711e-8,1.42435929718e-8,1.34660824713e-8,1.25884263014e-8,1.41696263611e-8,5.8774247691e-9,2.12880157946e-9,2.74320899329e-9,2.96221069895e-9,1.51700996209e-9,7.4211020662e-10,2.00378669213e-9,2.18935786167e-10,1.89343735135e-10,8.22973494907e-11,3.24106401439e-11,1.93991541581e-11,2.57973451628e-11,3.40997750869e-11,3.05644849707e-11,2.10333851031e-11,7.0387601997e-12,4.1157051725e-12,3.48053920754e-12,1.68991600227e-12,1.08584625666e-12,9.0787116323e-13],"max":[0.0222950410098,0.0281769484282,0.0200970787555,0.0129427919164,0.00894442386925,0.00678715761751,0.00519444420934,0.00553602399305,0.00531451031566,0.00451875152066,0.00681507727131,0.00344296428375,0.00227110483684,0.00220879283734,0.00181658437941,0.00180804671254,0.00207393360324,0.00256481650285,0.00162547372747,0.00102538161445,0.00108524039388,0.00177258183248,0.00145995581988,0.000692937523127,0.00278674112633,0.000423287798185,0.000337829551427,0.000243712434894,0.000106568186311,0.000136226663017,0.000107795574877,0.000169743230799,0.000130289656227,0.0000967372543528,0.0000601554493187,0.0000365139712812,0.0000321695224557,0.0000171157516888,0.00001792990588,0.0000213119856198],"mean":[0.00201640231535,0.00351688452065,0.0028642360121,0.00132340169512,0.000840966007672,0.000490969687235,0.000349646579707,0.000335702352459,0.000263628666289,0.000296776939649,0.00029979320243,0.000161147268955,0.000109605214675,0.0000793819490355,0.00005855260315,0.0000571887903789,0.0000649951180094,0.0000612953372183,0.0000434927133028,0.000024857765311,0.0000328248024744,0.0000344075560861,0.0000242254718614,0.0000165498859133,0.0000165292021848,0.00000928401186684,0.0000089024006229,0.00000703041905581,0.0000051448873819,0.00000356986470251,0.00000320598110193,0.00000292819140668,0.00000270428790827,0.00000174680189957,0.00000131074330056,0.00000114574538657,8.8098067863e-7,5.29037720298e-7,4.08983510169e-7,2.964829946e-7],"median":[0.000727551290765,0.00287238834426,0.00225760834292,0.000739803654142,0.000607438443694,0.000293318764307,0.000202738490771,0.000191329570953,0.000151106447447,0.00015854780213,0.000131439024699,0.0000599254126428,0.0000385254170396,0.0000299146122416,0.0000232623133343,0.0000150231080625,0.0000298739760183,0.0000342116290994,0.000019016866645,0.0000114420927275,0.00001691952275,0.0000194634740183,0.0000146565553223,0.00000966067818808,0.00000857624399941,0.00000589521232541,0.00000510085510541,0.0000042631127144,0.00000329744966621,0.00000232563752434,0.0000019719896045,0.00000172348973138,0.00000160669947036,9.88745341601e-7,7.18553621937e-7,5.88441025684e-7,4.22979752557e-7,2.36744739368e-7,1.92420941403e-7,1.34355957471e-7],"min":[1.18046810354e-23,1.52922911065e-23,3.97382803991e-24,1.22250454875e-24,3.2454283927e-24,5.33294189959e-24,1.83169952318e-24,8.16586052824e-24,3.13369097864e-24,7.0712986673e-24,2.70691880664e-24,4.00048562205e-24,6.00847425831e-24,5.5123931616e-24,7.48215004852e-24,1.00542381297e-23,4.81242623078e-24,8.40899771442e-24,9.35360737246e-24,1.08242160715e-23,1.54391060096e-23,8.25463262362e-24,5.10281263531e-24,9.53963891771e-24,1.23495685619e-23,1.60622445935e-23,6.4945301162e-24,7.34984387521e-24,8.7338261805e-24,1.02537883843e-23,8.01375394621e-24,1.14382157019e-23,7.51974242609e-24,7.61599844489e-24,4.89928494404e-24,6.31483627946e-24,8.12779246753e-24,1.08860493558e-23,1.26329431762e-23,9.09568456633e-24],"var":[0.00000909579921426,0.0000116781284305,0.00000613920519754,0.00000269282031695,6.33455101706e-7,3.62394246167e-7,2.24537203053e-7,2.06621137977e-7,1.51008919147e-7,1.85740617553e-7,2.32990402083e-7,1.0744973622e-7,3.90675403139e-8,2.32733690098e-8,1.41875604598e-8,1.85107378314e-8,1.14717408906e-8,9.87172654732e-9,6.77804212756e-9,2.39420261394e-9,2.4666506615e-9,2.93107937921e-9,1.35881161878e-9,6.56652621167e-10,3.49784246012e-9,1.46296724735e-10,1.65045963008e-10,8.82686285175e-11,3.47516009025e-11,1.84503037848e-11,1.82095918205e-11,1.98986001287e-11,1.87676905267e-11,1.10634669828e-11,4.31121067665e-12,2.815878173e-12,2.19188079145e-12,1.02296469906e-12,7.07400229973e-13,5.95218861178e-13]},"melbands_crest":{"dmean":3.23928403854,"dmean2":5.36317205429,"dvar":9.76680469513,"dvar2":26.0720443726,"max":39.9960746765,"mean":15.2578687668,"median":14.4523391724,"min":1.0052022934,"var":27.7980766296},"melbands_flatness_db":{"dmean":0.0249546170235,"dmean2":0.038570702076,"dvar":0.00063498027157,"dvar2":0.00145646277815,"max":0.659191906452,"mean":0.223322421312,"median":0.21294850111,"min":4.74576218323e-8,"var":0.00378209375776},"melbands_kurtosis":{"dmean":39.023399353,"dmean2":60.4037971497,"dvar":238347.96875,"dvar2":545927.25,"max":26932.0351562,"mean":85.3636398315,"median":10.3830356598,"min":-1.81154513359,"var":1002555.1875},"melbands_skewness":{"dmean":0.920597136021,"dmean2":1.437317729,"dvar":7.00786447525,"dvar2":14.5644130707,"max":156.058731079,"mean":3.43876743317,"median":2.75697946548,"min":-3.07763028145,"var":58.8759346008},"melbands_spread":{"dmean":4.3797326088,"dmean2":6.95721054077,"dvar":27.4779987335,"dvar2":63.6364898682,"max":140.420440674,"mean":16.3451805115,"median":14.7193756104,"min":0.0334226042032,"var":95.8506240845},"mfcc":{"cov":[[7794.37060547,338.493774414,124.762794495,474.303833008,39.2697525024,169.273620605,-108.545555115,-4.68739652634,-101.978401184,20.1443347931,-7.90118265152,34.1327667236,-12.1521444321],[338.493774414,691.684936523,-76.3544540405,39.1003608704,-34.7621421814,-31.3222618103,19.5995693207,24.6609973907,2.70201230049,14.8367099762,10.6725378036,0.776922523975,-2.30658388138],[124.762794495,-76.3544540405,600.566955566,-10.1637020111,-30.1270370483,-41.2592926025,-46.576335907,15.077331543,-18.9514656067,-9.0244102478,18.4059371948,14.2108697891,23.9016876221],[474.303833008,39.1003608704,-10.1637020111,333.674407959,99.9855880737,-16.8670253754,-67.5681304932,-28.7249279022,21.0545425415,19.8803691864,-11.3506155014,5.5681347847,10.433052063],[39.2697525024,-34.7621421814,-30.1270370483,99.9855880737,162.859512329,51.5654945374,-15.0072650909,-18.032289505,16.2650089264,16.788980484,-3.07586479187,-2.81982183456,13.4467086792],[169.273620605,-31.3222618103,-41.2592926025,-16.8670253754,51.5654945374,138.058853149,64.6036224365,9.27637290955,-6.06597566605,3.24553370476,12.228263855,6.4847202301,8.51672935486],[-108.545555115,19.5995693207,-46.576335907,-67.5681304932,-15.0072650909,64.6036224365,152.302139282,61.7848052979,14.7676773071,-0.556084394455,19.330904007,15.2307691574,14.5087614059],[-4.68739652634,24.6609973907,15.077331543,-28.7249279022,-18.032289505,9.27637290955,61.7848052979,95.6550216675,37.8519096375,10.740395546,15.2090787888,10.5853357315,18.2307987213],[-101.978401184,2.70201230049,-18.9514656067,21.0545425415,16.2650089264,-6.06597566605,14.7676773071,37.8519096375,90.6718597412,39.8536376953,10.7944250107,8.2654132843,14.6425600052],[20.1443347931,14.8367099762,-9.0244102478,19.8803691864,16.788980484,3.24553370476,-0.556084394455,10.740395546,39.8536376953,78.3954086304,31.9978866577,3.42421197891,8.09912586212],[-7.90118265152,10.6725378036,18.4059371948,-11.3506155014,-3.07586479187,12.228263855,19.330904007,15.2090787888,10.7944250107,31.9978866577,78.6861343384,33.4505310059,12.5343799591],[34.1327667236,0.776922523975,14.2108697891,5.5681347847,-2.81982183456,6.4847202301,15.2307691574,10.5853357315,8.2654132843,3.42421197891,33.4505310059,81.7468643188,38.4931983948],[-12.1521444321,-2.30658388138,23.9016876221,10.433052063,13.4467086792,8.51672935486,14.5087614059,18.2307987213,14.6425600052,8.09912586212,12.5343799591,38.4931983948,88.9706802368]],"icov":[[0.000168164886418,-0.0000760673210607,-0.0000390594286728,-0.00030132336542,0.000244149559876,-0.000466453784611,0.000272086501354,-0.000261946901446,0.000294289580779,-0.000154801819008,0.000121669436339,-0.000127899533254,0.0000877339625731],[-0.0000760673210607,0.00160247238819,0.000261362554738,-0.00024734964245,0.000274529360468,0.000659604556859,-0.000420033728005,-0.000349660054781,0.000347877008608,-0.000322280742694,-0.000219126086449,0.000154768422362,-0.0000385465937143],[-0.0000390594286728,0.000261362554738,0.00190382369328,0.0000857787017594,0.000155233370606,0.000399397773435,0.000881802057847,-0.000996890827082,0.000653227267321,0.000261150853476,-0.000697840354405,0.000106804196548,-0.000600470462814],[-0.00030132336542,-0.00024734964245,0.0000857787017594,0.00482355756685,-0.00315429619513,0.00162483693566,0.000839315296616,0.000655147072393,-0.0010550650768,-0.000195227446966,0.00052586972015,-0.000720571319107,-0.000157084796228],[0.000244149559876,0.000274529360468,0.000155233370606,-0.00315429619513,0.0105031598359,-0.0054785865359,0.00183264608495,0.00109363126103,-0.00158119550906,-0.000696747913025,0.000349987822119,0.00111394643318,-0.00142487580888],[-0.000466453784611,0.000659604556859,0.000399397773435,0.00162483693566,-0.0054785865359,0.0134658208117,-0.00652729906142,0.00166423351038,0.00177351012826,-0.000462028663605,-0.00110431225039,0.000159201197675,-0.000245151954005],[0.000272086501354,-0.000420033728005,0.000881802057847,0.000839315296616,0.00183264608495,-0.00652729906142,0.0136817703024,-0.00751515338197,0.000117625015264,0.00130164064467,-0.000960409117397,-0.000854089390486,-0.000285435788101],[-0.000261946901446,-0.000349660054781,-0.000996890827082,0.000655147072393,0.00109363126103,0.00166423351038,-0.00751515338197,0.0192098002881,-0.0078540975228,0.00167471484747,-0.00161429855507,0.00145784742199,-0.00215232884511],[0.000294289580779,0.000347877008608,0.000653227267321,-0.0010550650768,-0.00158119550906,0.00177351012826,0.000117625015264,-0.0078540975228,0.0193898715079,-0.0093750692904,0.00286977016367,-0.0020082553383,-0.000216294793063],[-0.000154801819008,-0.000322280742694,0.000261150853476,-0.000195227446966,-0.000696747913025,-0.000462028663605,0.00130164064467,0.00167471484747,-0.0093750692904,0.0215846057981,-0.00974706560373,0.00427044555545,-0.00137903203722],[0.000121669436339,-0.000219126086449,-0.000697840354405,0.00052586972015,0.000349987822119,-0.00110431225039,-0.000960409117397,-0.00161429855507,0.00286977016367,-0.00974706560373,0.0207011271268,-0.0087522463873,0.00196219235659],[-0.000127899533254,0.000154768422362,0.000106804196548,-0.000720571319107,0.00111394643318,0.000159201197675,-0.000854089390486,0.00145784742199,-0.0020082553383,0.00427044555545,-0.0087522463873,0.0194725375623,-0.0075506917201],[0.0000877339625731,-0.0000385465937143,-0.000600470462814,-0.000157084796228,-0.00142487580888,-0.000245151954005,-0.000285435788101,-0.00215232884511,-0.000216294793063,-0.00137903203722,0.00196219235659,-0.0075506917201,0.0153082748875]],"mean":[-623.248474121,134.482574463,-1.14325785637,29.1584587097,1.44593095779,5.27600955963,-3.69920158386,7.1081328392,1.41808629036,2.51450920105,-2.61468219757,-4.22280454636,-7.22792291641]},"pitch_salience":{"dmean":0.0765494629741,"dmean2":0.125177532434,"dvar":0.0048656584695,"dvar2":0.0128810014576,"max":0.995756804943,"mean":0.527240216732,"median":0.533910512924,"min":0.00118111318443,"var":0.0126185100526},"silence_rate_20dB":{"dmean":0,"dmean2":0,"dvar":0,"dvar2":0,"max":1,"mean":1,"median":1,"min":1,"var":0},"silence_rate_30dB":{"dmean":0.00014325621305,"dmean2":0.000286532944301,"dvar":0.000143233861309,"dvar2":0.000429709936725,"max":1,"mean":0.999928355217,"median":1,"min":0,"var":0.0000716173890396},"silence_rate_60dB":{"dmean":0.00458419881761,"dmean2":0.00916905421764,"dvar":0.00456319749355,"dvar2":0.0105178682134,"max":1,"mean":0.0277180913836,"median":0,"min":0,"var":0.0269483998418},"spectral_centroid":{"dmean":199.147537231,"dmean2":314.493835449,"dvar":58307.7539062,"dvar2":128094.6875,"max":10877.8984375,"mean":1057.50280762,"median":979.347900391,"min":130.341766357,"var":213020.265625},"spectral_complexity":{"dmean":3.62280631065,"dmean2":5.51547288895,"dvar":11.5706748962,"dvar2":23.980342865,"max":54,"mean":22.2089958191,"median":22,"min":0,"var":89.2065887451},"spectral_contrast_coeffs":{"dmean":[0.0555822774768,0.0477578490973,0.0388664789498,0.0301168914884,0.020221658051,0.0173990596086],"dmean2":[0.0896436646581,0.0789473578334,0.0636076033115,0.0485566370189,0.0332183130085,0.028174770996],"dvar":[0.0021248923149,0.0014508315362,0.000955970899668,0.000601729028858,0.000279844767647,0.000264043250354],"dvar2":[0.0053768879734,0.00383951072581,0.00252425996587,0.00147988740355,0.000745147990528,0.000639639794827],"max":[-0.258400171995,-0.412200450897,-0.469512403011,-0.497114241123,-0.624169945717,-0.548993170261],"mean":[-0.584390938282,-0.734578073025,-0.748601555824,-0.778149724007,-0.800057172775,-0.748217403889],"median":[-0.591011285782,-0.738372921944,-0.754340410233,-0.783988714218,-0.802461504936,-0.745567798615],"min":[-0.973265588284,-0.986411869526,-0.99047935009,-0.992947936058,-0.978847622871,-0.960228919983],"var":[0.0122556546703,0.00484727462754,0.00438122171909,0.00308487610891,0.00133329350501,0.00139410072006]},"spectral_contrast_valleys":{"dmean":[0.428382992744,0.345609754324,0.304045826197,0.279081225395,0.229693487287,0.306499898434],"dmean2":[0.68360131979,0.570825874805,0.494779109955,0.435295313597,0.345866620541,0.426094144583],"dvar":[0.14893451333,0.105699546635,0.0862742438912,0.080919906497,0.0757085233927,0.120672769845],"dvar2":[0.337049901485,0.247067391872,0.19239076972,0.161684632301,0.142483577132,0.226001635194],"max":[-5.34462976456,-4.86272859573,-5.3572845459,-5.81181573868,-5.66920852661,-7.93362617493],"mean":[-7.09109830856,-6.43293523788,-7.05387496948,-7.52652168274,-7.31282234192,-10.239783287],"median":[-6.7952375412,-6.17550325394,-6.86387443542,-7.32566738129,-7.08653926849,-10.0172157288],"min":[-27.4404525757,-27.4567890167,-27.5982112885,-27.3723125458,-27.2857990265,-27.2894115448],"var":[1.85158979893,1.70815587044,1.49431061745,1.52997565269,1.47260296345,1.49192655087]},"spectral_decrease":{"dmean":2.76379163999e-9,"dmean2":4.24355972584e-9,"dvar":8.39573349772e-18,"dvar2":1.85092415407e-17,"max":4.05612738905e-28,"mean":-1.07701358942e-8,"median":-1.06157980184e-8,"min":-2.96697031388e-8,"var":2.33714240705e-17},"spectral_energy":{"dmean":0.0106749217957,"dmean2":0.016315786168,"dvar":0.000122567886137,"dvar2":0.000269213225693,"max":0.11498491466,"mean":0.0426620021462,"median":0.042209494859,"min":1.036720002e-20,"var":0.000358367979061},"spectral_energyband_high":{"dmean":0.000258076906903,"dmean2":0.000372299342416,"dvar":2.21966402592e-7,"dvar2":4.7106175316e-7,"max":0.0131445433944,"mean":0.000605032779276,"median":0.000407770916354,"min":7.25981284618e-21,"var":4.8976397693e-7},"spectral_energyband_low":{"dmean":0.00815900694579,"dmean2":0.0130936251953,"dvar":0.00011915491632,"dvar2":0.000266253715381,"max":0.1022060588,"mean":0.0191875230521,"median":0.0167642850429,"min":7.32458297131e-23,"var":0.000214553059777},"spectral_energyband_middle_high":{"dmean":0.00174636614975,"dmean2":0.00258511002176,"dvar":0.00000469202768727,"dvar2":0.000010166310858,"max":0.0427912175655,"mean":0.00651423307136,"median":0.00475776195526,"min":1.61728955883e-21,"var":0.0000304004606733},"spectral_energyband_middle_low":{"dmean":0.00679256254807,"dmean2":0.0107271447778,"dvar":0.0000584827284911,"dvar2":0.00014228920918,"max":0.0782365426421,"mean":0.02029780671,"median":0.0182856004685,"min":3.05488139973e-22,"var":0.000152722044731},"spectral_entropy":{"dmean":0.144415229559,"dmean2":0.221289590001,"dvar":0.0264803860337,"dvar2":0.0573926158249,"max":9.80389022827,"mean":7.51631307602,"median":7.59106445312,"min":4.71866512299,"var":0.149975731969},"spectral_flux":{"dmean":0.0296030249447,"dmean2":0.045785125345,"dvar":0.000812192331068,"dvar2":0.00178419903386,"max":0.305645316839,"mean":0.102218665183,"median":0.0984907597303,"min":1.01819448706e-10,"var":0.00223368429579},"spectral_kurtosis":{"dmean":1.89663672447,"dmean2":3.16211080551,"dvar":19.9536247253,"dvar2":49.8393745422,"max":131.655548096,"mean":5.0914068222,"median":3.83262276649,"min":-1.22544980049,"var":52.4138526917},"spectral_rms":{"dmean":0.000808380718809,"dmean2":0.00123068736866,"dvar":6.35975993646e-7,"dvar2":0.00000137481060847,"max":0.0105915246531,"mean":0.00622205063701,"median":0.00641716364771,"min":3.18030519454e-12,"var":0.00000290756111099},"spectral_rolloff":{"dmean":272.139221191,"dmean2":466.457763672,"dvar":239200.765625,"dvar2":532372.375,"max":18755.4199219,"mean":892.255554199,"median":732.12890625,"min":21.533203125,"var":454734.1875},"spectral_skewness":{"dmean":0.222281321883,"dmean2":0.361660242081,"dvar":0.0975224897265,"dvar2":0.241850420833,"max":9.00306510925,"mean":1.57853543758,"median":1.46540427208,"min":0.00826844200492,"var":0.376447916031},"spectral_spread":{"dmean":487809.5,"dmean2":719160.875,"dvar":476266627072,"dvar2":856692752384,"max":42125788,"mean":4171218.5,"median":3999635,"min":686428.375,"var":1757881171970},"spectral_strongpeak":{"dmean":0.418980956078,"dmean2":0.73764783144,"dvar":0.625560224056,"dvar2":1.57370448112,"max":24.1983413696,"mean":0.792680621147,"median":0.584081172943,"min":0,"var":0.858720481396},"zerocrossingrate":{"dmean":0.00666578579694,"dmean2":0.0084194233641,"dvar":0.0000834945312818,"dvar2":0.000125263075461,"max":0.517578125,"mean":0.0418689474463,"median":0.04052734375,"min":0,"var":0.000342861283571}},"metadata":{"audio_properties":{"analysis_sample_rate":44100,"bit_rate":320000,"codec":"mp3","downmix":"mix","equal_loudness":0,"length":324.1534729,"lossless":false,"md5_encoded":"c6b632f58b9837ddece5e8b57234c7d9","replay_gain":-16.7309780121,"sample_rate":44100},"tags":{"album":["Graveyard"],"albumartist":["Graveyard"],"albumartistsort":["Graveyard"],"artist":["Graveyard"],"artistsort":["Graveyard"],"asin":["B000UZ4E5M"],"catalognumber":["TPE-081"],"contentgroup":["Death Metal"],"date":["2008-02-19"],"discnumber":["1/1"],"file_name":"02 Thin Line.mp3","genre":["Death Metal; Psychedelic Rock; Hard Rock; Stoner Rock; Blues Rock"],"label":["Tee Pee Records"],"language":["eng"],"media":["CD"],"mood":["Retro"],"musicbrainz album release country":["US"],"musicbrainz album status":["official"],"musicbrainz album type":["album"],"musicbrainz_albumartistid":["679fc003-616b-44ff-97f7-d82398ad3184"],"musicbrainz_albumid":["9a311144-57b8-442b-b9d2-df4d3f7fe331"],"musicbrainz_artistid":["679fc003-616b-44ff-97f7-d82398ad3184"],"musicbrainz_recordingid":["5d417942-2986-4dbf-9154-3754df7b9795"],"originaldate":["2007-09-10"],"script":["Latn"],"title":["Thin Line"],"tracknumber":["2/9"]},"version":{"essentia":"2.1-beta2","essentia_build_sha":"70f2e5ece6736b2c40cc944ad0e695b16b925413","essentia_git_sha":"v2.1_beta2","extractor":"music 1.0"}},"rhythm":{"beats_count":675,"beats_loudness":{"dmean":0.0169254858047,"dmean2":0.0282666180283,"dvar":0.000185047509149,"dvar2":0.000527524680365,"max":0.103088602424,"mean":0.0523405224085,"median":0.054710380733,"min":9.62557464845e-8,"var":0.000368881388567},"beats_loudness_band_ratio":{"dmean":[0.185094431043,0.174293443561,0.0884521305561,0.0835407450795,0.0401698350906,0.0161255002022],"dmean2":[0.315954566002,0.316203951836,0.155585214496,0.149559438229,0.0705554783344,0.0279522966594],"dvar":[0.0213318318129,0.0183215290308,0.00914823450148,0.0109965521842,0.00262310542166,0.000286945520202],"dvar2":[0.0593462996185,0.0505423992872,0.026143893599