{"lowlevel":{"average_loudness":0.691736638546,"barkbands":{"dmean":[0.00000490831325806,0.000249271601206,0.000378419907065,0.000401036842959,0.000469710532343,0.00019300171698,0.000139519746881,0.000383735692594,0.000443376979092,0.000178409303771,0.000322550302371,0.000277110200841,0.000388159940485,0.000471339881187,0.000539560976904,0.00032540797838,0.000394901697291,0.000233818253037,0.000246285489993,0.00019702409918,0.000115713490231,0.0000727610386093,0.0000250027551374,0.0000202715418709,0.00000590210629525,7.2320392519e-7,1.96084485538e-7],"dmean2":[0.0000071500330705,0.000329766218783,0.000552862416953,0.000646244967356,0.000736053043511,0.000296839367365,0.000227213677135,0.000579682586249,0.000638223486021,0.000274901103694,0.00047136930516,0.000402311998187,0.000571430660784,0.000734965957236,0.0008203908219,0.00051175331464,0.00061381526757,0.000366067251889,0.000385274586733,0.000299105769955,0.000172887375811,0.00010895061132,0.0000373421462427,0.0000322315063386,0.00000904606622498,0.0000011450074453,3.17440679964e-7],"dvar":[1.1187053367e-10,1.59733886562e-7,3.8568458649e-7,4.43126566552e-7,7.43757254895e-7,1.61470268267e-7,1.21977620893e-7,0.000001097799327,0.00000182988003417,2.52752215602e-7,7.57425766551e-7,3.09630109996e-7,7.92210471445e-7,0.00000304914760818,0.00000305553726321,5.63869207326e-7,8.43528368932e-7,1.62353430255e-7,3.07432031832e-7,1.19867650028e-7,7.54866036345e-8,1.93852951469e-8,3.80441678161e-9,1.20863417052e-8,7.64958985044e-10,1.17089732007e-11,6.80677790608e-13],"dvar2":[2.16130668917e-10,2.94674606494e-7,8.25327845178e-7,0.0000010952305729,0.00000190630169072,3.87212850228e-7,3.0381974625e-7,0.00000222189100896,0.00000362556738764,6.10474103269e-7,0.00000160615161349,6.37152197669e-7,0.00000156496219006,0.00000749091032048,0.00000654475752526,0.00000151929293679,0.00000195475945475,4.17388946516e-7,7.67467895457e-7,2.85328610516e-7,1.83000850029e-7,4.72000643015e-8,7.66639285388e-9,3.20417328226e-8,1.39264222376e-9,2.94921830013e-11,1.87737369053e-12],"max":[0.000129007588839,0.00876028928906,0.0091349137947,0.011542414315,0.016279200092,0.00637682154775,0.00713597750291,0.0320031046867,0.0365795902908,0.0152864027768,0.0208754595369,0.0151206236333,0.0294986348599,0.0449545197189,0.0650876685977,0.0168585609645,0.026919843629,0.00971270352602,0.0142380474135,0.00717690587044,0.012129788287,0.0035161585547,0.00289946352132,0.00631195306778,0.00173933862243,0.000166211102623,0.000034227672586],"mean":[0.00000538616541235,0.000705625221599,0.000842800305691,0.00061795685906,0.00075923075201,0.000333330506692,0.000218422268517,0.000659140874632,0.000762194977142,0.000307298556436,0.000653074879665,0.000519618391991,0.000708814943209,0.000787035329267,0.000959145254456,0.000633412390016,0.000721722259186,0.000493422790896,0.000541653367691,0.00043597567128,0.000246297044214,0.000167772319401,0.0000530391771463,0.0000345338085026,0.0000100405522971,0.00000107785308501,3.14028682169e-7],"median":[8.38491473587e-7,0.000231255689869,0.000324771332089,0.000286048685666,0.000425101578003,0.000133412962896,0.0000702774996171,0.000142658216646,0.000126297120005,0.000114493901492,0.000134740083013,0.000166687459568,0.00020705955103,0.000197112327442,0.000370966794435,0.000187865167391,0.000260774511844,0.000275274447631,0.000193707834114,0.000231003257795,0.000111545188702,0.0000692794928909,0.0000232728671108,0.0000135087466333,0.00000293565381071,3.38579752679e-7,1.09106082391e-7],"min":[4.04288798039e-25,1.57932319808e-24,4.67386034759e-25,1.00615333182e-24,7.15716775456e-24,9.85422402494e-24,9.99408827458e-24,6.22843155565e-24,2.16809836993e-23,2.07269984294e-23,1.1558601398e-23,2.5911395454e-23,2.33668551844e-23,3.11400065546e-23,4.84272527374e-23,5.44639098404e-23,5.02451069629e-23,1.14172785446e-22,1.40325922591e-22,1.46564108412e-22,2.42476859116e-22,2.79647606317e-22,3.93045162374e-22,5.36537395934e-22,7.99281290773e-22,1.24503283769e-21,1.87830401814e-21],"var":[1.57512336507e-10,0.00000136143330565,0.0000014626484699,9.28256838506e-7,0.00000111845008632,3.62577651458e-7,2.98877949945e-7,0.00000277410049421,0.00000547383297089,6.07183380907e-7,0.00000265734456661,0.00000100675515569,0.00000222433709496,0.00000444981969849,0.00000525781842953,0.00000179005019163,0.00000211088445212,4.3366046043e-7,9.45361307458e-7,3.82633857043e-7,2.22393438776e-7,7.16728294492e-8,1.23550343289e-8,1.18619531975e-8,1.70683933653e-9,1.23879318262e-11,5.4501932481e-13]},"barkbands_crest":{"dmean":1.98681616783,"dmean2":3.11044716835,"dvar":3.41018247604,"dvar2":8.00547122955,"max":26.159406662,"mean":7.64997577667,"median":6.90922880173,"min":2.29919338226,"var":10.2440109253},"barkbands_flatness_db":{"dmean":0.0159315709025,"dmean2":0.0224861726165,"dvar":0.000257349922322,"dvar2":0.000500018591993,"max":0.378148913383,"mean":0.116509296,"median":0.111173644662,"min":0.024234386161,"var":0.00149509892799},"barkbands_kurtosis":{"dmean":1.20414125919,"dmean2":1.88307380676,"dvar":41.6828079224,"dvar2":131.338012695,"max":340.943450928,"mean":0.683585166931,"median":-0.401116490364,"min":-1.75933086872,"var":32.6463508606},"barkbands_skewness":{"dmean":0.39628893137,"dmean2":0.581369757652,"dvar":0.229249492288,"dvar2":0.531964242458,"max":18.1121425629,"mean":0.33220115304,"median":0.228046789765,"min":-2.78374004364,"var":1.26033556461},"barkbands_spread":{"dmean":5.15951395035,"dmean2":7.59541797638,"dvar":28.1330871582,"dvar2":59.5500259399,"max":106.137008667,"mean":27.2777576447,"median":26.3430614471,"min":1.55706071854,"var":141.336776733},"dissonance":{"dmean":0.0113620357588,"dmean2":0.0189605690539,"dvar":0.000202405077289,"dvar2":0.000555494916625,"max":0.500000119209,"mean":0.479826360941,"median":0.486112415791,"min":0.264775693417,"var":0.000392487476347},"dynamic_complexity":4.35394144058,"erbbands":{"dmean":[0.00282167410478,0.0736216008663,0.401184976101,0.839821755886,2.03756117821,1.04482746124,1.43955934048,1.61272060871,1.41243493557,4.22568702698,10.5338468552,9.15820503235,5.13992786407,6.4356212616,13.7203454971,11.4058599472,15.3626279831,16.3621444702,34.2131500244,19.9468021393,18.6007480621,23.1363830566,13.3211126328,13.0663337708,9.03384399414,9.704164505,6.13297080994,3.97245597839,3.11202502251,1.29470670223,0.683475077152,0.486835539341,0.299320161343,0.105345122516,0.0228259079158,0.00460584601387,0.00117616693024,0.000260547647486,0.00003613343506,0.00000500428768646],"dmean2":[0.00424003368244,0.0974289402366,0.571889817715,1.29160583019,3.23506331444,1.67754435539,2.29447460175,2.47062492371,2.22534489632,6.74427270889,15.4535655975,13.1686029434,8.06306934357,9.70288276672,19.7314434052,16.4290122986,22.7897911072,24.5420894623,51.4750213623,30.5517959595,28.4343910217,35.9128570557,20.7551612854,20.5776157379,13.8975486755,14.8103141785,9.23919200897,5.89838504791,4.67737674713,1.95736348629,1.02835357189,0.77702832222,0.478327989578,0.163731560111,0.0353203974664,0.00716280983761,0.00186266587116,0.000414591544541,0.0000585045199841,0.00000706540504325],"dvar":[0.0000321619481838,0.0136668710038,0.423387497663,2.27841734886,14.8872737885,3.30219340324,6.07673597336,14.0276451111,16.314825058,105.797080994,752.430541992,819.076416016,225.457336426,211.662689209,1122.23864746,521.089233398,1362.94714355,2081.64257812,21587.6894531,6726.07568359,1676.54248047,3021.38818359,556.345031738,1030.53222656,265.402618408,315.947387695,141.585922241,118.445571899,36.4481544495,11.2578401566,2.63869929314,5.55260753632,2.92569828033,0.268428713083,0.0144742075354,0.00057099229889,0.0000404586389777,0.00000113564499316,2.56992436221e-8,9.72828553825e-11],"dvar2":[0.0000752156192902,0.024304009974,0.870409667492,4.95518922806,37.1318778992,8.86673545837,15.6299724579,31.8651504517,38.4766960144,240.412307739,1526.22595215,1601.37268066,576.145141602,494.426696777,2205.88354492,1026.38476562,2892.49511719,4806.61523438,49925.4921875,14517.6640625,4298.65820312,6966.31835938,1419.42700195,2607.38012695,646.165527344,748.191650391,345.549255371,292.23638916,89.3631362915,25.6767024994,6.2781791687,15.3997783661,7.3986582756,0.495753109455,0.0308475978673,0.00138225161936,0.000102165911812,0.00000300744591186,7.17488717328e-8,2.35264224768e-10],"max":[0.0851170942187,2.63301444054,11.426609993,30.2833099365,67.3840560913,28.8142547607,44.2200050354,71.7699432373,128.53477478,346.669372559,745.943725586,926.391845703,565.991027832,322.86920166,850.688476562,614.803588867,1004.61279297,1060.15344238,4120.83007812,3886.84790039,1040.7052002,1607.07080078,544.80670166,925.213500977,303.375762939,366.296661377,372.390899658,539.479492188,173.138748169,120.674232483,67.8992614746,125.699272156,100.326782227,32.8249588013,6.77071905136,1.24613583088,0.34594258666,0.0429660454392,0.00711435126141,0.000380417593988],"mean":[0.00561280967668,0.209731072187,0.979567706585,1.6073166132,2.85663294792,1.81829833984,2.48570847511,2.74606251717,2.46166920662,7.26630401611,18.8214969635,16.269536972,9.29971408844,13.1344528198,29.4553127289,23.4786338806,29.4581871033,33.9719009399,60.8412399292,36.4887161255,37.5551986694,44.4604644775,29.2745666504,29.7191829681,21.4652290344,21.4067401886,13.4632892609,8.71479511261,6.95565509796,2.66068983078,1.46754276752,0.874756217003,0.473415762186,0.177698850632,0.0398342683911,0.00742620555684,0.00169880536851,0.000369329936802,0.0000605072309554,0.0000195401862584],"median":[0.00215261476114,0.0706247091293,0.359975814819,0.801476240158,1.33545780182,1.10477888584,1.34859895706,0.972317993641,0.874827980995,2.2833108902,3.97605657578,3.28081512451,3.81416106224,5.15301895142,9.18466091156,8.83408355713,9.48978996277,9.42127037048,20.8463668823,14.4898986816,12.0263605118,16.5064315796,15.5099849701,12.0222892761,9.8575668335,11.0283241272,7.2033033371,3.68853664398,2.74917578697,1.16695594788,0.633562505245,0.37220364809,0.164343893528,0.0532934106886,0.0114796701819,0.00233145616949,0.000523002585396,0.000110488581413,0.0000264660957328,0.0000157754493557],"min":[6.62201840041e-23,4.37015612899e-22,1.39163171909e-21,3.84907737757e-21,1.24414394165e-20,1.90984645861e-20,5.07645071697e-20,7.4558712919e-20,1.36047713666e-19,2.318864104e-19,2.65809836953e-19,5.03746634094e-19,5.80435582659e-19,8.24324719789e-19,5.60226681415e-19,1.42630546227e-18,1.55681770913e-18,2.23945295573e-18,2.44018156626e-18,3.34897616075e-18,3.09090883772e-18,4.02727232805e-18,6.3309963902e-18,7.27887588901e-18,7.84020809732e-18,7.85345787637e-18,8.60826349405e-18,9.28174567698e-18,9.41976737963e-18,1.05307743399e-17,8.74097469716e-18,1.09572397124e-17,1.02611647454e-17,8.59301772818e-18,6.32287140863e-18,4.37784015705e-18,2.19663291735e-18,8.90958098937e-19,2.40021266435e-19,2.9146019076e-20],"var":[0.0000672369569656,0.121936306357,2.21895456314,6.67791938782,20.6257686615,5.33024597168,12.5578126907,35.153793335,49.5419120789,303.513122559,1975.34875488,2557.00097656,498.43963623,625.525268555,4465.27832031,1737.78381348,3479.78442383,5211.40185547,35172.3242188,9285.49511719,5700.69091797,8055.41357422,1667.43835449,3185.25390625,909.774963379,994.212463379,392.125335693,376.38192749,134.085342407,23.6296672821,7.07119035721,5.65123462677,2.90072512627,0.580403327942,0.0254407357424,0.00068679638207,0.000040478676965,0.00000104886203189,1.94732194814e-8,2.83173567928e-10]},"erbbands_crest":{"dmean":2.41196727753,"dmean2":3.81074953079,"dvar":5.51165533066,"dvar2":12.2152032852,"max":30.6265106201,"mean":9.02797603607,"median":7.91370582581,"min":2.61085796356,"var":18.9640407562},"erbbands_flatness_db":{"dmean":0.0148321334273,"dmean2":0.0217859428376,"dvar":0.000212360129808,"dvar2":0.000436399597675,"max":0.367834687233,"mean":0.186372563243,"median":0.185445606709,"min":0.0242360215634,"var":0.00173832511064},"erbbands_kurtosis":{"dmean":0.898477435112,"dmean2":1.39725697041,"dvar":1.27568686008,"dvar2":3.11011123657,"max":19.562330246,"mean":0.899883508682,"median":0.424553394318,"min":-1.76389527321,"var":3.55893993378},"erbbands_skewness":{"dmean":0.299897789955,"dmean2":0.447346299887,"dvar":0.0798255950212,"dvar2":0.176467746496,"max":3.05599045753,"mean":-0.373698979616,"median":-0.424988210201,"min":-3.15206646919,"var":0.484090656042},"erbbands_spread":{"dmean":5.54865455627,"dmean2":8.41648101807,"dvar":33.2136116028,"dvar2":73.6122970581,"max":152.895217896,"mean":28.8575820923,"median":26.2500190735,"min":2.67656111717,"var":246.553115845},"gfcc":{"cov":[[32387.0332031,1918.36120605,-5289.33642578,1136.3494873,-1771.72497559,271.62487793,-788.01171875,-42.8150405884,-459.216522217,-229.377975464,-272.876556396,-418.50769043,-173.554702759],[1918.36120605,1411.65942383,-220.642715454,-50.2741355896,157.68182373,-3.1567466259,130.504592896,-130.978225708,69.1300582886,-61.1736106873,-15.9224996567,-81.8339385986,-6.97176027298],[-5289.33642578,-220.642715454,1234.82836914,-26.5136508942,346.091552734,20.4334316254,111.436828613,25.2751636505,74.4425354004,45.2565078735,25.9140663147,80.0625228882,26.3500785828],[1136.3494873,-50.2741355896,-26.5136508942,395.359710693,37.3104743958,22.3278102875,-66.5650024414,8.94167613983,-4.99730539322,-4.54554176331,-7.27136516571,10.2682876587,46.7754249573],[-1771.72497559,157.68182373,346.091552734,37.3104743958,393.186798096,58.4151687622,95.6198425293,-19.5929203033,41.1472167969,4.98736000061,-1.54478466511,30.9721508026,51.0845413208],[271.62487793,-3.1567466259,20.4334316254,22.3278102875,58.4151687622,188.477081299,55.5538520813,9.6989736557,-28.3348655701,-6.91428184509,-1.76304066181,-0.789999961853,-4.51754140854],[-788.01171875,130.504592896,111.436828613,-66.5650024414,95.6198425293,55.5538520813,153.15524292,10.6431674957,26.4000244141,-2.65039253235,7.11223268509,0.661836624146,-7.7106590271],[-42.8150405884,-130.978225708,25.2751636505,8.94167613983,-19.5929203033,9.6989736557,10.6431674957,104.521759033,31.4238433838,17.4529571533,3.64486217499,-1.27884399891,-6.84969139099],[-459.216522217,69.1300582886,74.4425354004,-4.99730539322,41.1472167969,-28.3348655701,26.4000244141,31.4238433838,101.16191864,36.3919487,9.89366436005,-4.53063964844,1.10343468189],[-229.377975464,-61.1736106873,45.2565078735,-4.54554176331,4.98736000061,-6.91428184509,-2.65039253235,17.4529571533,36.3919487,71.2133255005,26.7870826721,3.77273797989,-3.3875207901],[-272.876556396,-15.9224996567,25.9140663147,-7.27136516571,-1.54478466511,-1.76304066181,7.11223268509,3.64486217499,9.89366436005,26.7870826721,69.2136611938,24.3615570068,5.96794843674],[-418.50769043,-81.8339385986,80.0625228882,10.2682876587,30.9721508026,-0.789999961853,0.661836624146,-1.27884399891,-4.53063964844,3.77273797989,24.3615570068,76.1102981567,38.242805481],[-173.554702759,-6.97176027298,26.3500785828,46.7754249573,51.0845413208,-4.51754140854,-7.7106590271,-6.84969139099,1.10343468189,-3.3875207901,5.96794843674,38.242805481,77.0760192871]],"icov":[[0.000528167642187,-0.00107257196214,0.00163338519633,-0.00134751514997,0.00112585909665,-0.00130867538974,0.0014404457761,-0.00141834060196,0.00137339637149,-0.0013703641016,0.00165304087568,-0.0011232488323,0.000896231620573],[-0.00107257196214,0.00346517423168,-0.0029248171486,0.00273977709003,-0.00279073230922,0.00276895728894,-0.00383000797592,0.00467044580728,-0.00443422188982,0.00421548821032,-0.00398690346628,0.00359198334627,-0.00194543239195],[0.00163338519633,-0.0029248171486,0.00639403238893,-0.00408992450684,0.00225558271632,-0.00377078936435,0.00398513255641,-0.00419104751199,0.00359890353866,-0.00427495222539,0.00508781149983,-0.00439414475113,0.00356665696017],[-0.00134751514997,0.00273977709003,-0.00408992450684,0.00661000236869,-0.00341247604229,0.00248578935862,-0.00168499920983,0.00304294843227,-0.0038716448471,0.00391876371577,-0.00426452234387,0.00338259642012,-0.00401084078476],[0.00112585909665,-0.00279073230922,0.00225558271632,-0.00341247604229,0.00739926239476,-0.00389765482396,0.00131438835524,-0.00195653899573,0.0020473676268,-0.0034980464261,0.00467402301729,-0.00259069842286,-0.000851927441545],[-0.00130867538974,0.00276895728894,-0.00377078936435,0.00248578935862,-0.00389765482396,0.010512361303,-0.00671837851405,0.00220442540012,0.00037254585186,0.00231406046078,-0.0040026018396,0.00304293795489,-0.0012960502645],[0.0014404457761,-0.00383000797592,0.00398513255641,-0.00168499920983,0.00131438835524,-0.00671837851405,0.0153530659154,-0.005834473297,0.00160772190429,-0.00164451485034,0.00310973008163,-0.00374079612084,0.00382972112857],[-0.00141834060196,0.00467044580728,-0.00419104751199,0.00304294843227,-0.00195653899573,0.00220442540012,-0.005834473297,0.0179399903864,-0.0100222695619,0.00455539627001,-0.00454360805452,0.00406373525038,-0.00206936197355],[0.00137339637149,-0.00443422188982,0.00359890353866,-0.0038716448471,0.0020473676268,0.00037254585186,0.00160772190429,-0.0100222695619,0.0222191568464,-0.0127143412828,0.0053758234717,-0.00197967328131,0.00143482966814],[-0.0013703641016,0.00421548821032,-0.00427495222539,0.00391876371577,-0.0034980464261,0.00231406046078,-0.00164451485034,0.00455539627001,-0.0127143412828,0.0264241620898,-0.0125920800492,0.00501995766535,-0.00109909742605],[0.00165304087568,-0.00398690346628,0.00508781149983,-0.00426452234387,0.00467402301729,-0.0040026018396,0.00310973008163,-0.00454360805452,0.0053758234717,-0.0125920800492,0.0252807643265,-0.0110067687929,0.00365845346823],[-0.0011232488323,0.00359198334627,-0.00439414475113,0.00338259642012,-0.00259069842286,0.00304293795489,-0.00374079612084,0.00406373525038,-0.00197967328131,0.00501995766535,-0.0110067687929,0.0256012640893,-0.0124739594758],[0.000896231620573,-0.00194543239195,0.00356665696017,-0.00401084078476,-0.000851927441545,-0.0012960502645,0.00382972112857,-0.00206936197355,0.00143482966814,-0.00109909742605,0.00365845346823,-0.0124739594758,0.0225560311228]],"mean":[-68.6556472778,83.399017334,-158.16444397,45.7269134521,-50.2972145081,9.57599258423,-28.5100288391,-3.92133688927,-19.7911891937,-9.0564994812,-15.9726247787,-12.3423233032,-10.8287096024]},"hfc":{"dmean":4.95146131516,"dmean2":6.78178787231,"dvar":76.6995697021,"dvar2":160.555496216,"max":252.717651367,"mean":18.1004104614,"median":12.1585903168,"min":1.07409462097e-16,"var":392.532287598},"melbands":{"dmean":[0.000043905361963,0.000168979619048,0.000176898596692,0.000113664602395,0.0000476757995784,0.0000359430268873,0.0000225276398851,0.0000555425249331,0.0000932613256737,0.0000527913143742,0.0000261667482846,0.0000254795631918,0.0000484006959596,0.0000359238147212,0.0000366248423234,0.0000322190244333,0.0000305331232084,0.0000639203572064,0.0000316535588354,0.0000222645903705,0.0000234454219026,0.0000285866444756,0.0000128529163703,0.0000118255629786,0.0000119012229334,0.00000894296954357,0.00000613935435467,0.00000721865626474,0.00000460109004052,0.00000327542761624,0.00000213980274566,0.00000198866678147,0.00000117231309105,6.25985478564e-7,4.27128810543e-7,3.35088429892e-7,2.96398269484e-7,2.33184579201e-7,1.44679219716e-7,8.02541109124e-8],"dmean2":[0.0000607563451922,0.000234606734011,0.000276177044725,0.000180065850145,0.000076491618529,0.0000551460616407,0.0000358942197636,0.000087121661636,0.000135813243105,0.0000764479264035,0.0000412019508076,0.0000388681401091,0.0000699095762684,0.0000515760548296,0.0000556947306904,0.0000467666395707,0.0000468787329737,0.0000963660640991,0.0000490057609568,0.0000344603649864,0.0000363280596503,0.0000449207072961,0.0000198541783902,0.0000187091536645,0.000019005017748,0.0000142190210681,0.00000966679726844,0.000011097659808,0.00000706326090949,0.00000505838715981,0.00000324404550156,0.00000302656349049,0.00000181213124506,9.66503080235e-7,6.54825157653e-7,5.28685802692e-7,4.79736684156e-7,3.75313561563e-7,2.3447476849e-7,1.22038741779e-7],"dvar":[5.26884758045e-9,6.95627520031e-8,7.81733646704e-8,4.76979415964e-8,5.63252378072e-9,6.39614805564e-9,3.4997797993e-9,1.83186816827e-8,5.82025521112e-8,2.48029223826e-8,6.1158877962e-9,3.55270302066e-9,1.73837122475e-8,6.00631766545e-9,8.38294855754e-9,6.15482731448e-9,8.3162143838e-9,9.10385864472e-8,1.50947521149e-8,3.64680907694e-9,2.74560685298e-9,5.18630649537e-9,8.15414791244e-10,3.75633274485e-10,1.0060969835e-9,3.02195296564e-10,1.08782823027e-10,1.86494181209e-10,8.26535367926e-11,7.74107861146e-11,2.59231299621e-11,1.42509528483e-11,6.35171429342e-12,3.50874776282e-12,9.12590098975e-13,1.27135747676e-12,1.89613711017e-12,1.42873657783e-12,4.68343029289e-13,2.49592772665e-13],"dvar2":[1.11589963936e-8,1.34976019694e-7,1.86243923395e-7,1.24505362464e-7,1.44697471782e-8,1.49142636019e-8,8.42090042141e-9,3.94973405093e-8,1.191544996e-7,4.88618141503e-8,1.56016639608e-8,8.30240409755e-9,3.54359279697e-8,1.19958221134e-8,1.72537717447e-8,1.21256391594e-8,1.99377367949e-8,2.11944112039e-7,3.21538706771e-8,8.96176555187e-9,6.83132350687e-9,1.2171390118e-8,1.98508431914e-9,9.63801372045e-10,2.58133203701e-9,7.83726805675e-10,2.60141908015e-10,4.45252501535e-10,2.11380024595e-10,1.94286989275e-10,6.35427335749e-11,3.45896505882e-11,1.58849652182e-11,7.28639284325e-12,2.23030925325e-12,3.4235966926e-12,5.22124184166e-12,3.58250842186e-12,1.20888303708e-12,3.85530583152e-13],"max":[0.00129951362032,0.00498135853559,0.00448079546914,0.00402295263484,0.00124663836323,0.00139859737828,0.00164762267377,0.00366831338033,0.00496070459485,0.00497774593532,0.00286583695561,0.00163257133681,0.00326171843335,0.00223207543604,0.00402022479102,0.00253373454325,0.00225229375064,0.00826926529408,0.00577994575724,0.00198920583352,0.00143714679871,0.00234927958809,0.000871458556503,0.000374817376724,0.00092426512856,0.000268169183983,0.000182271236554,0.000274847610854,0.000269308686256,0.00043357902905,0.000207874836633,0.0000996510352707,0.0000611540235695,0.0000877981583471,0.0000319064638461,0.0000590264971834,0.0000708039005985,0.0000683932594256,0.0000355775664502,0.0000377693831979],"mean":[0.000116347750009,0.000448506820248,0.000323245330947,0.000171670879354,0.0000847648334457,0.0000618288540863,0.0000378289660148,0.0000959349199547,0.000166285899468,0.0000916512944968,0.0000450262050435,0.0000470630147902,0.000100682162156,0.0000682533209329,0.0000658827411826,0.00006072513861,0.0000578618964937,0.000107209860289,0.000054134925449,0.0000403930935136,0.0000446550075139,0.0000505914467794,0.0000266684055532,0.0000242811056523,0.0000245842657023,0.0000184918226296,0.0000128544024847,0.0000146322190631,0.00000926590382733,0.00000619984712102,0.00000446674584964,0.00000435439505964,0.00000233358218793,0.00000115709792681,8.79339381754e-7,6.18017509169e-7,4.95838037295e-7,3.60432551361e-7,2.09460424117e-7,1.34710688826e-7],"median":[0.0000418344716309,0.000170791041455,0.000182882969966,0.0000894178083399,0.0000500886635564,0.0000224604591494,0.0000131336037157,0.0000256196417467,0.0000298163777188,0.0000173272710526,0.0000160559648066,0.0000180264360097,0.0000238141292357,0.0000223244824156,0.0000213232451642,0.0000161745574587,0.0000131058786792,0.0000306031797663,0.0000227165000979,0.0000128721476358,0.0000129075006043,0.0000168502483575,0.00001202547719,0.0000133486910272,0.00000831964462122,0.00000729779458197,0.00000612913845544,0.0000067024125201,0.00000483195799461,0.00000247677417065,0.00000184828104466,0.000001671928203,9.39562085023e-7,4.95664153277e-7,3.64647149809e-7,2.68666354941e-7,1.92251945919e-7,1.23962422549e-7,6.59676402393e-8,3.51755460315e-8],"min":[4.80393414313e-25,1.26827317378e-24,1.06761575292e-24,1.31229249976e-24,1.67309805211e-24,1.85440451776e-24,2.35086939529e-24,2.75188644203e-24,1.96449715683e-24,3.5213571462e-24,2.66064343707e-24,2.44266539174e-24,1.71628483401e-24,2.98844334497e-24,1.56492017567e-24,1.31063954034e-24,3.19571201187e-24,2.55839542806e-24,3.34671596356e-24,3.81880148925e-24,3.68027159784e-24,2.64994451105e-24,4.43099936133e-24,5.47598052551e-24,4.30033677972e-24,4.60134243533e-24,3.83604007218e-24,3.8047696259e-24,4.00832137742e-24,3.78386638963e-24,5.77819195501e-24,4.10397549535e-24,5.65310188684e-24,5.33939044306e-24,4.53782887727e-24,5.36042384138e-24,5.4217518603e-24,6.28996862271e-24,5.54767851546e-24,6.6630158172e-24],"var":[3.25310871574e-8,4.69607783771e-7,1.86509481637e-7,6.49441176392e-8,1.22312266981e-8,1.55660480061e-8,9.78708580845e-9,5.10293531875e-8,1.63562106081e-7,7.65824239579e-8,1.35718662975e-8,9.70735580808e-9,6.44909121661e-8,1.91857267851e-8,2.1373933734e-8,1.86080697517e-8,1.95298248684e-8,1.42114274126e-7,2.11982005283e-8,7.56939222413e-9,8.77096617558e-9,1.2039631514e-8,2.1245196713e-9,1.05847886012e-9,2.7797004698e-9,8.02919564169e-10,3.14264003709e-10,5.37942523859e-10,1.98048341615e-10,2.12878853434e-10,7.79782904914e-11,5.72806524435e-11,1.38998005814e-11,8.21006544e-12,2.42103667843e-12,1.73697200286e-12,1.89396957319e-12,1.43216905349e-12,4.65877174078e-13,6.45672480325e-13]},"melbands_crest":{"dmean":3.01034188271,"dmean2":4.64876413345,"dvar":7.53109741211,"dvar2":17.1556415558,"max":39.6969261169,"mean":12.3788881302,"median":11.2645759583,"min":1.47605705261,"var":33.3216819763},"melbands_flatness_db":{"dmean":0.0205505210906,"dmean2":0.0285975113511,"dvar":0.000475745066069,"dvar2":0.000824834685773,"max":0.390946090221,"mean":0.143571838737,"median":0.134608596563,"min":0.00339784682728,"var":0.00395505037159},"melbands_kurtosis":{"dmean":2.86807084084,"dmean2":4.38508939743,"dvar":155.732299805,"dvar2":407.242401123,"max":740.504211426,"mean":4.77543449402,"median":0.8362865448,"min":-1.70425724983,"var":287.023712158},"melbands_skewness":{"dmean":0.511303067207,"dmean2":0.748620867729,"dvar":0.392827063799,"dvar2":0.814830958843,"max":25.5717487335,"mean":1.41096735001,"median":1.06942510605,"min":-2.43526315689,"var":2.67492341995},"melbands_spread":{"dmean":9.53943729401,"dmean2":14.0417289734,"dvar":100.127586365,"dvar2":209.790557861,"max":161.430435181,"mean":45.2141685486,"median":41.2056846619,"min":1.10914158821,"var":689.396728516},"mfcc":{"cov":[[13062.8242188,507.765289307,-1289.17175293,316.643585205,-394.778930664,43.2013282776,-156.983901978,-45.6125907898,-129.21257019,-26.103685379,-75.8733520508,-36.5474205017,-160.319351196],[507.765289307,1543.94555664,-118.840232849,84.2804641724,52.7694244385,188.553146362,53.3379402161,43.0127563477,62.2917327881,29.683927536,-0.116056382656,54.33776474,-37.1156997681],[-1289.17175293,-118.840232849,454.7918396,36.9681777954,73.7754058838,11.9306716919,17.2792110443,19.3925743103,8.07637405396,26.1175842285,0.769512534142,10.6410703659,31.5134181976],[316.643585205,84.2804641724,36.9681777954,304.052734375,112.549751282,39.059513092,-18.1132068634,1.79626595974,36.9589157104,8.83409023285,-49.7262496948,4.21197843552,36.8028182983],[-394.778930664,52.7694244385,73.7754058838,112.549751282,220.986572266,77.3171081543,41.2701301575,20.994594574,51.3524513245,11.5528001785,-39.4308433533,4.95270967484,36.4731369019],[43.2013282776,188.553146362,11.9306716919,39.059513092,77.3171081543,182.958862305,78.2655410767,38.4596138,31.1653633118,1.00136840343,-14.7408227921,10.4247083664,-2.28216433525],[-156.983901978,53.3379402161,17.2792110443,-18.1132068634,41.2701301575,78.2655410767,125.764511108,52.2666549683,16.6967029572,5.0090880394,-0.664094507694,6.13761377335,0.762975811958],[-45.6125907898,43.0127563477,19.3925743103,1.79626595974,20.994594574,38.4596138,52.2666549683,86.4094085693,33.454460144,7.22101640701,-0.81582403183,6.06044960022,10.3895339966],[-129.21257019,62.2917327881,8.07637405396,36.9589157104,51.3524513245,31.1653633118,16.6967029572,33.454460144,91.8162155151,27.6408061981,-5.72051429749,2.47710323334,13.9980268478],[-26.103685379,29.683927536,26.1175842285,8.83409023285,11.5528001785,1.00136840343,5.0090880394,7.22101640701,27.6408061981,80.6784591675,32.8432197571,7.9750752449,-3.67623901367],[-75.8733520508,-0.116056382656,0.769512534142,-49.7262496948,-39.4308433533,-14.7408227921,-0.664094507694,-0.81582403183,-5.72051429749,32.8432197571,108.204200745,24.5334434509,-19.6038284302],[-36.5474205017,54.33776474,10.6410703659,4.21197843552,4.95270967484,10.4247083664,6.13761377335,6.06044960022,2.47710323334,7.9750752449,24.5334434509,66.6865234375,22.1856307983],[-160.319351196,-37.1156997681,31.5134181976,36.8028182983,36.4731369019,-2.28216433525,0.762975811958,10.3895339966,13.9980268478,-3.67623901367,-19.6038284302,22.1856307983,75.2479400635]],"icov":[[0.000132599816425,0.0000101151372291,0.000364068633644,-0.000264683651039,0.000247844989644,-0.00016250454064,0.000146636841237,-0.000185604672879,0.000263964844635,-0.000217737746425,0.000160919589689,-0.0000643441526336,0.000164714612765],[0.0000101151372291,0.000830288219731,0.00025328042102,-0.000189033118659,0.000108685620944,-0.000819661305286,0.000222767950618,-0.000160431867698,-0.000251446588663,-0.000261386885541,0.000239903820329,-0.000870156276505,0.000712877663318],[0.000364068633644,0.00025328042102,0.00350695010275,-0.000772612751462,-0.000156292429892,-0.000505291274749,0.000469766644528,-0.00111048668623,0.00143176654819,-0.00152700429317,0.000328150345013,-0.000312581541948,-0.000144523757626],[-0.000264683651039,-0.000189033118659,-0.000772612751462,0.00519021833315,-0.00239492789842,-0.00031433076947,0.00160118949134,0.000301994063193,-0.000843418587465,-0.000340888160281,0.00112901255488,-0.0000436814516434,-0.00133143831044],[0.000247844989644,0.000108685620944,-0.000156292429892,-0.00239492789842,0.00828506145626,-0.00227715307847,-0.00153057975695,0.00120420637541,-0.00217516627163,-0.000804483133834,0.00157077785116,0.000156525624334,-0.00168878328986],[-0.00016250454064,-0.000819661305286,-0.000505291274749,-0.00031433076947,-0.00227715307847,0.00991440471262,-0.00504752993584,-0.000120900389447,-0.001308934181,0.00149751815479,0.000270577555057,-0.00104930100497,0.00178365991451],[0.000146636841237,0.000222767950618,0.000469766644528,0.00160118949134,-0.00153057975695,-0.00504752993584,0.0146014327183,-0.00717969005927,0.00218036095612,-0.00114055816084,0.000256190425716,-0.00029315619031,0.000566340633668],[-0.000185604672879,-0.000160431867698,-0.00111048668623,0.000301994063193,0.00120420637541,-0.000120900389447,-0.00717969005927,0.0184939485043,-0.00632462231442,0.00124502775725,-0.000603601511102,0.000131290478748,-0.00218382920139],[0.000263964844635,-0.000251446588663,0.00143176654819,-0.000843418587465,-0.00217516627163,-0.001308934181,0.00218036095612,-0.00632462231442,0.017249615863,-0.00591737451032,0.000975884497166,0.00110583018977,-0.00145274540409],[-0.000217737746425,-0.000261386885541,-0.00152700429317,-0.000340888160281,-0.000804483133834,0.00149751815479,-0.00114055816084,0.00124502775725,-0.00591737451032,0.0174508672208,-0.00588379334658,0.000190031554666,0.000852867087815],[0.000160919589689,0.000239903820329,0.000328150345013,0.00112901255488,0.00157077785116,0.000270577555057,0.000256190425716,-0.000603601511102,0.000975884497166,-0.00588379334658,0.0145755019039,-0.00649843085557,0.00434336764738],[-0.0000643441526336,-0.000870156276505,-0.000312581541948,-0.0000436814516434,0.000156525624334,-0.00104930100497,-0.00029315619031,0.000131290478748,0.00110583018977,0.000190031554666,-0.00649843085557,0.0210923794657,-0.00864503066987],[0.000164714612765,0.000712877663318,-0.000144523757626,-0.00133143831044,-0.00168878328986,0.00178365991451,0.000566340633668,-0.00218382920139,-0.00145274540409,0.000852867087815,0.00434336764738,-0.00864503066987,0.0198644194752]],"mean":[-677.832519531,98.269241333,-36.2441749573,30.3540554047,-1.15881109238,12.4288473129,0.366247117519,3.84839105606,-0.516915619373,1.6618206501,-4.16797685623,-0.979994416237,-5.6706161499]},"pitch_salience":{"dmean":0.0619047135115,"dmean2":0.0960550159216,"dvar":0.00329575478099,"dvar2":0.00758415320888,"max":0.930651962757,"mean":0.567883014679,"median":0.577084481716,"min":0.0218639969826,"var":0.0124772973359},"silence_rate_20dB":{"dmean":0,"dmean2":0,"dvar":0,"dvar2":0,"max":1,"mean":1,"median":1,"min":1,"var":0},"silence_rate_30dB":{"dmean":0,"dmean2":0,"dvar":0,"dvar2":0,"max":1,"mean":1,"median":1,"min":1,"var":0},"silence_rate_60dB":{"dmean":0.0393821075559,"dmean2":0.0787775889039,"dvar":0.0378333441913,"dvar2":0.0790196284652,"max":1,"mean":0.158520027995,"median":0,"min":0,"var":0.133385717869},"spectral_centroid":{"dmean":245.562271118,"dmean2":354.729492188,"dvar":81338.8515625,"dvar2":161068.1875,"max":11837.7626953,"mean":2228.21972656,"median":2127.05395508,"min":244.830383301,"var":1758210.25},"spectral_complexity":{"dmean":4.06891870499,"dmean2":5.594227314,"dvar":20.1013660431,"dvar2":33.9062805176,"max":58,"mean":19.9246444702,"median":19,"min":0,"var":148.535934448},"spectral_contrast_coeffs":{"dmean":[0.0468805730343,0.0432399772108,0.0343962796032,0.0291043259203,0.0213410258293,0.0186160299927],"dmean2":[0.0766097158194,0.0695892944932,0.0547783635557,0.0465283468366,0.0335886143148,0.0290368776768],"dvar":[0.00154969247524,0.00125805544667,0.000804109266028,0.000581567757763,0.000329083821271,0.000327533227392],"dvar2":[0.0039942949079,0.00318728620186,0.00198967312463,0.00138192449231,0.000747793121263,0.000746409001295],"max":[-0.317882210016,-0.424487382174,-0.485124111176,-0.55081820488,-0.597577214241,-0.560648500919],"mean":[-0.653734445572,-0.753476083279,-0.779467105865,-0.764132142067,-0.780540645123,-0.719076037407],"median":[-0.653310418129,-0.763173222542,-0.785449624062,-0.766104221344,-0.779318451881,-0.713946580887],"min":[-0.979766428471,-0.98148971796,-0.976346313953,-0.971077978611,-0.967992663383,-0.964931845665],"var":[0.00709152547643,0.00733021087945,0.00512581085786,0.00405788933858,0.00269588036463,0.00319299264811]},"spectral_contrast_valleys":{"dmean":[0.413157999516,0.354594796896,0.315854489803,0.292757213116,0.276978760958,0.322364151478],"dmean2":[0.663028240204,0.577965021133,0.487382203341,0.424468904734,0.364439368248,0.427520036697],"dvar":[0.133065328002,0.120285354555,0.100110314786,0.0974703878164,0.11122585088,0.17313234508],"dvar2":[0.299338370562,0.25958481431,0.18053779006,0.155429169536,0.160027697682,0.282575845718],"max":[-6.36238193512,-5.2728509903,-5.85165309906,-5.62772989273,-5.30205345154,-8.35160732269],"mean":[-8.51856899261,-7.87223482132,-8.01788330078,-8.04897785187,-7.77299070358,-11.0753145218],"median":[-7.99746227264,-7.35618591309,-7.50786685944,-7.53133964539,-7.23401641846,-10.6249275208],"min":[-28.0391998291,-28.1855163574,-28.0263500214,-27.723482132,-27.5090961456,-27.4139957428],"var":[7.24809646606,7.77658748627,7.71629619598,7.76185274124,8.0387878418,5.84238576889]},"spectral_decrease":{"dmean":6.73536781903e-10,"dmean2":9.47058209633e-10,"dvar":8.58066037361e-19,"dvar2":1.71268883202e-18,"max":2.13494534346e-28,"mean":-2.79171197271e-9,"median":-2.38932429397e-9,"min":-1.79838668402e-8,"var":4.80420337275e-18},"spectral_energy":{"dmean":0.00291000469588,"dmean2":0.00407292833552,"dvar":0.0000172592153831,"dvar2":0.0000342818602803,"max":0.0823484584689,"mean":0.0121783316135,"median":0.0101748984307,"min":9.96916216324e-21,"var":0.0000967389132711},"spectral_energyband_high":{"dmean":0.000299988489132,"dmean2":0.000437676470028,"dvar":4.27184914997e-7,"dvar2":0.00000102895739928,"max":0.0295355543494,"mean":0.000771399587393,"median":0.000428735686,"min":7.17575303981e-21,"var":0.0000012789205357},"spectral_energyband_low":{"dmean":0.000674185110256,"dmean2":0.000940450292546,"dvar":9.83714244285e-7,"dvar2":0.0000019234564661,"max":0.0166459344327,"mean":0.00188027846161,"median":0.000876427395269,"min":1.27458638816e-23,"var":0.00000613873453403},"spectral_energyband_middle_high":{"dmean":0.00195305782836,"dmean2":0.00275225611404,"dvar":0.0000134717574838,"dvar2":0.0000278524694295,"max":0.0783249288797,"mean":0.00647422904149,"median":0.00383750791661,"min":1.16166753184e-21,"var":0.0000575038829993},"spectral_energyband_middle_low":{"dmean":0.00142088078428,"dmean2":0.0021386272274,"dvar":0.0000041857274482,"dvar2":0.00000929607995204,"max":0.0382770635188,"mean":0.00343817402609,"median":0.00244561489671,"min":1.40365214175e-22,"var":0.0000131998631332},"spectral_entropy":{"dmean":0.116450726986,"dmean2":0.162743031979,"dvar":0.0146007621661,"dvar2":0.0243632532656,"max":9.82202148438,"mean":7.70611953735,"median":7.70349597931,"min":6.15871429443,"var":0.159504383802},"spectral_flux":{"dmean":0.0124973729253,"dmean2":0.0186663586646,"dvar":0.00022088062542,"dvar2":0.000497630273458,"max":0.23497736454,"mean":0.0528407990932,"median":0.0496763475239,"min":6.36945982069e-11,"var":0.000873564800713},"spectral_kurtosis":{"dmean":1.55807220936,"dmean2":2.68207764626,"dvar":2.59924697876,"dvar2":7.25334787369,"max":22.1935100555,"mean":3.79191327095,"median":3.33392357826,"min":-1.28624880314,"var":5.37824344635},"spectral_rms":{"dmean":0.000397784955567,"dmean2":0.000542360707186,"dvar":2.05332611358e-7,"dvar2":3.64896919791e-7,"max":0.00896325614303,"mean":0.0031210873276,"median":0.00315067125484,"min":3.11865550745e-12,"var":0.00000214013311961},"spectral_rolloff":{"dmean":442.876922607,"dmean2":694.020935059,"dvar":422161.34375,"dvar2":910698.5,"max":19552.1484375,"mean":2713.54980469,"median":2454.78515625,"min":21.533203125,"var":6040271.5},"spectral_skewness":{"dmean":0.195414423943,"dmean2":0.3191883564,"dvar":0.0333848744631,"dvar2":0.0837813913822,"max":3.18605804443,"mean":1.11430180073,"median":1.07507872581,"min":-0.0875974223018,"var":0.132883056998},"spectral_spread":{"dmean":322516.6875,"dmean2":510877.5,"dvar":464161996800,"dvar2":946382176256,"max":43268356,"mean":3998110.25,"median":3242976,"min":1748545.5,"var":23871627460600},"spectral_strongpeak":{"dmean":0.711856365204,"dmean2":1.15760648251,"dvar":1.45117092133,"dvar2":3.32475924492,"max":18.3128261566,"mean":1.42156708241,"median":0.471963226795,"min":0,"var":3.67665195465},"zerocrossingrate":{"dmean":0.00896063633263,"dmean2":0.00993739347905,"dvar":0.000112825488031,"dvar2":0.000129907217342,"max":0.52490234375,"mean":0.0895925685763,"median":0.07958984375,"min":0.00732421875,"var":0.00424387026578}},"metadata":{"audio_properties":{"analysis_sample_rate":44100,"bit_rate":320000,"codec":"vorbis","downmix":"mix","equal_loudness":0,"length":136.787307739,"lossless":false,"md5_encoded":"fc521dfd26041b722149816195611957","replay_gain":-12.6888370514,"sample_rate":44100},"tags":{"album":["Picture Book"],"albumartist":["The Kinks"],"albumartistsort":["Kinks, The"],"artist":["The Kinks"],"artistsort":["Kinks, The"],"asin":["B001GJ5WHU"],"barcode":["600753130490"],"catalognumber":["5313049","531 3049"],"compilation":["1"],"composer":["Ray Davies"],"date":["2008-12-08"],"discnumber":["1"],"discsubtitle":["Volume One"],"disctotal":["6"],"file_name":"1-28 The Kinks - I'm on an Island.ogg","isrc":["GBAJE6500028"],"label":["Sanctuary Records","Universal UMC"],"language":["eng"],"lyricist":["Ray Davies"],"media":["CD"],"musicbrainz_albumartistid":["17b53d9f-5c63-4a09-a593-dde4608e0db9"],"musicbrainz_albumid":["3fd31369-76de-448a-a3c7-bdc3bf9e72ff"],"musicbrainz_artistid":["17b53d9f-5c63-4a09-a593-dde4608e0db9"],"musicbrainz_recordingid":["5d44be01-2c6c-418f-9ff0-14060c241851"],"musicbrainz_releasegroupid":["fd13f3ca-36c3-3e06-9193-96041156faba"],"musicbrainz_workid":["91607d67-86be-4b84-b1d4-0cec9e9c5d93"],"originaldate":["2008-12-08"],"releasecountry":["GB"],"releasestatus":["official"],"releasetype":["album","compilation"],"script":["Latn"],"title":["I'm on an Island"],"totaldiscs":["6"],"totaltracks":["33"],"tracknumber":["28"],"tracktotal":["33"]},"version":{"essentia":"2.1-beta2","essentia_build_sha":"cead25079874084f62182a551b7393616cd33d87","essentia_git_sha":"v2.1_beta2-1-ge3940c0","extractor":"music 1.0"}},"rhythm":{"beats_count":284,"beats_loudness":{"dmean":0.008266617544,"dmean2":0.0149307129905,"dvar":0.0000500643327541,"dvar2":0.000155566885951,"max":0.0558962859213,"mean":0.0180834177881,"median":0.0167852081358,"min":0,"var":0.000112138259283},"beats_loudness_band_ratio":{"dmean":[0.228094384074,0.0911518260837,0.115369871259,