{"lowlevel":{"average_loudness":0.439615786076,"barkbands":{"dmean":[0.0000278445077129,0.0014173706295,0.00147297128569,0.00115948263556,0.00128129217774,0.000786240911111,0.000561003340408,0.00054634915432,0.00055158539908,0.000712716544513,0.000329728645738,0.000300963030895,0.000340082508046,0.000253130303463,0.000289634015644,0.000199054673431,0.000163181801327,0.000121344361105,0.000102290447103,0.0000995285663521,0.0000564580550417,0.0000406279250456,0.0000294648416457,0.0000254152728303,0.0000245921692112,0.0000186274392036,0.0000013991788137],"dmean2":[0.0000448511673312,0.00227140076458,0.0023423305247,0.00185568875168,0.00203243503347,0.00123325164896,0.000881210900843,0.000845417613164,0.000840327062178,0.0011046139989,0.000516167725436,0.000473135762149,0.000527486205101,0.000393025577068,0.000448478967883,0.000313506112434,0.000262950983597,0.000190251143067,0.000160064155352,0.000155785310199,0.0000859377832967,0.0000618110934738,0.0000428061321145,0.0000349885085598,0.0000326579101966,0.000024706188924,0.00000213717930819],"dvar":[3.71550945566e-9,0.0000116091923701,0.0000123870586322,0.00000686797375238,0.00000755576456868,0.00000310536665893,0.00000224912423619,0.00000264025288743,0.0000021100597678,0.00000692139201419,0.00000176769299287,0.00000111074621145,0.00000148213723605,9.86652821666e-7,0.00000158107502557,5.95529002112e-7,2.75024234497e-7,1.93710988583e-7,6.98391033893e-8,6.26359550893e-8,1.79539938472e-8,8.83780693073e-9,4.12224165913e-9,2.58421106736e-9,2.97664204396e-9,1.84899318079e-9,1.14788482539e-11],"dvar2":[9.22518594848e-9,0.0000309583774651,0.0000312277588819,0.0000178855389095,0.0000186990237125,0.000007715781976,0.00000554948110221,0.00000622691095487,0.00000472417150377,0.000016209864043,0.00000413066027249,0.00000259110652223,0.00000343982674167,0.00000222087260227,0.00000369934286937,0.00000161067146109,6.8530499675e-7,4.79612708659e-7,1.49694528773e-7,1.48688158674e-7,4.02862205817e-8,2.06869543717e-8,8.94731577716e-9,5.12092857008e-9,5.27380183968e-9,3.41462680353e-9,2.70277411563e-11],"max":[0.00135969475377,0.0690227374434,0.0799613818526,0.0575885623693,0.0586128309369,0.0510521121323,0.0470967367291,0.046880826354,0.0465479567647,0.115821644664,0.0636739730835,0.0400343984365,0.0426127165556,0.0385222956538,0.0446106418967,0.0485669337213,0.0170407518744,0.0271013211459,0.0155619038269,0.0113587528467,0.00430291192606,0.0040174392052,0.00264092977159,0.00152124289889,0.00257863011211,0.00126800208818,0.00008444616833],"mean":[0.000069375259045,0.00289991684258,0.00270859966986,0.002011743607,0.00237103924155,0.00146266794764,0.00101785140578,0.000896171841305,0.000969785440248,0.00116817641538,0.000539658707567,0.000501770759001,0.00059317384148,0.000417871022364,0.000488430028781,0.000326159963151,0.000280923675746,0.000223927170737,0.000205342599656,0.000200048176339,0.000127579522086,0.0000944887215155,0.0000791027850937,0.0000718000737834,0.0000689297085046,0.0000459262701042,0.00000232582669923],"median":[0.00000447586262453,0.000495342537761,0.000686106621288,0.000454900902696,0.00101372331847,0.000565334572457,0.00035824731458,0.000262604851741,0.000230551726418,0.000229554105317,0.0000951298279688,0.0000949026434682,0.0000773891588324,0.0000481950846734,0.00005900956603,0.000046607630793,0.0000613586380496,0.0000649440698908,0.0000710631866241,0.0000586912065046,0.000047345594794,0.0000366424501408,0.0000256741659541,0.0000141775490192,0.0000100893312265,0.00000346648539562,4.77958010947e-8],"min":[1.63755107253e-23,9.52196448913e-24,6.99061555164e-24,4.79862077051e-24,5.04032672635e-23,2.35563017085e-23,4.14028155633e-23,5.99762615868e-23,3.38678623213e-23,6.74231905737e-23,4.3919979204e-23,9.60326638729e-23,1.21164970831e-22,8.93117835306e-23,1.2240360867e-22,1.89414742482e-22,1.17087430853e-22,3.19382769927e-22,1.6709250322e-22,2.29013086057e-22,3.17143692377e-22,3.5319637755e-22,6.55780398676e-22,7.48642630571e-22,1.10132716992e-21,1.78907615047e-21,2.05411584512e-21],"var":[1.45601530832e-8,0.0000238457378146,0.0000239107594098,0.0000158051498147,0.0000140834154081,0.00000695266999173,0.00000423435722041,0.00000498296139995,0.00000578068511459,0.0000146994980241,0.00000348549087903,0.00000278794550468,0.00000467289100925,0.00000227796954277,0.0000038958201003,0.00000149923107529,5.44249814993e-7,3.60214613693e-7,1.69804152961e-7,1.52679305643e-7,5.13959399484e-8,2.41855495631e-8,1.67665952233e-8,1.50218983919e-8,1.64189390972e-8,7.73861152936e-9,2.50585108219e-11]},"barkbands_crest":{"dmean":2.09095358849,"dmean2":3.37394809723,"dvar":3.85964727402,"dvar2":9.7056427002,"max":25.7455539703,"mean":9.26614189148,"median":8.56907081604,"min":2.42706251144,"var":12.6694154739},"barkbands_flatness_db":{"dmean":0.0178880430758,"dmean2":0.0259372666478,"dvar":0.000299150357023,"dvar2":0.000596877071075,"max":0.435201346874,"mean":0.139205053449,"median":0.131763771176,"min":0.0270898528397,"var":0.00278740539216},"barkbands_kurtosis":{"dmean":2.26377820969,"dmean2":3.4356276989,"dvar":17.053194046,"dvar2":37.2530059814,"max":129.325714111,"mean":4.45198869705,"median":2.30276226997,"min":-1.84542500973,"var":63.2680206299},"barkbands_skewness":{"dmean":0.417764365673,"dmean2":0.62590521574,"dvar":0.190188139677,"dvar2":0.405416637659,"max":9.67675685883,"mean":1.58831846714,"median":1.46859312057,"min":-3.00669622421,"var":1.32202744484},"barkbands_spread":{"dmean":4.05945682526,"dmean2":5.96297168732,"dvar":22.572517395,"dvar2":46.9603843689,"max":94.4005203247,"mean":19.5680751801,"median":17.4217433929,"min":0.52253061533,"var":132.060119629},"dissonance":{"dmean":0.0198900680989,"dmean2":0.033443108201,"dvar":0.000354381510988,"dvar2":0.000971086032223,"max":0.500000059605,"mean":0.457889199257,"median":0.46429246664,"min":0.251368701458,"var":0.000842361769173},"dynamic_complexity":6.68989753723,"erbbands":{"dmean":[0.0254306606948,0.382309406996,1.49157559872,2.77101707458,4.06027173996,4.62304496765,5.18863248825,6.97529745102,7.56751203537,10.6583757401,10.4789218903,12.8544044495,20.3672409058,17.0389652252,11.7500991821,12.9754676819,15.8270940781,12.7304639816,15.6915817261,9.75977039337,10.4898490906,7.47445678711,6.75419235229,4.96952581406,4.66325855255,4.89587640762,2.42441797256,2.42124438286,1.50664699078,1.09992909431,0.796382188797,0.639433205128,0.395093351603,0.294461369514,0.176856577396,0.0962841361761,0.0334943644702,0.00559438718483,0.000126719853142,0.00000850721153256],"dmean2":[0.0405390523374,0.611953020096,2.37494087219,4.4182062149,6.51449012756,7.42353010178,8.16816329956,10.9982662201,11.948925972,16.6561985016,16.0708999634,19.3398094177,31.3378047943,26.2734146118,18.1867866516,20.0542564392,24.323595047,19.5485363007,24.0814571381,14.9954805374,16.5786323547,11.8804359436,10.5881891251,7.80598926544,7.22875642776,7.74414539337,3.75326180458,3.66017627716,2.29349374771,1.64938318729,1.17335033417,0.91043806076,0.542527854443,0.40400621295,0.240945994854,0.130568251014,0.0458600893617,0.00777688110247,0.000176500878297,0.0000118156976896],"dvar":[0.00327117764391,0.879433691502,13.3589143753,37.9909439087,71.4682312012,137.433319092,146.987426758,304.744842529,319.293060303,1145.91784668,921.335327148,1247.38391113,5592.921875,4468.24121094,1774.22277832,2001.6081543,3173.73925781,2351.16015625,4942.30908203,976.857116699,1271.33618164,482.425384521,533.930969238,120.567565918,182.349304199,151.415283203,26.3730297089,42.4512481689,12.2787380219,6.46888256073,2.79827523232,1.67607283592,0.682422280312,0.462664484978,0.159732952714,0.0494293086231,0.00614006118849,0.000167575912201,8.62167013338e-8,2.19853843464e-10],"dvar2":[0.00832508411258,2.35030388832,33.5383377075,97.2296142578,178.843231201,349.626434326,369.658172607,747.665771484,796.514282227,2879.60107422,2101.24536133,2641.71069336,12956.0029297,10661.1367188,4215.30908203,4747.74267578,7391.25488281,5252.30810547,11574.8046875,2341.58691406,3355.68676758,1188.7199707,1270.03942871,292.005828857,366.001098633,377.778778076,62.5479011536,95.0015029907,28.5160598755,14.9736175537,5.97562932968,3.46819591522,1.39166212082,0.917587220669,0.294249922037,0.09375513345,0.0119714727625,0.000340143917128,1.74880241843e-7,4.0807929258e-10],"max":[1.00291836262,19.6708812714,79.7951812744,127.561286926,173.00390625,304.576171875,237.873504639,621.804748535,536.463134766,1355.16662598,830.477233887,1294.80322266,4247.26025391,2870.77197266,2299.93652344,1808.31872559,2344.68823242,2242.3269043,2916.0090332,1017.23358154,1823.49780273,649.785095215,1274.11108398,364.621612549,844.086181641,299.509552002,117.562583923,263.736358643,121.141830444,118.486938477,62.7861824036,37.8184318542,26.9531650543,28.7439365387,21.7830429077,8.19326210022,1.79040229321,0.24414382875,0.00620229169726,0.000246504932875],"mean":[0.0563844032586,0.757865488529,2.84841442108,5.53842020035,7.05717325211,7.89000463486,9.32607269287,12.6248664856,14.5075006485,18.4753627777,18.5362949371,23.5879020691,35.2393341064,28.3781642914,21.4191608429,23.9654884338,29.4194908142,22.4824886322,28.0078639984,17.4492015839,18.4223079681,14.4786539078,13.4737386703,10.6518774033,10.0235681534,9.79089164734,5.51644229889,5.21091938019,3.5078253746,2.70933413506,2.09390902519,1.71191096306,1.09664309025,0.779692649841,0.467317163944,0.232739761472,0.078800342977,0.0121239153668,0.00028275049408,0.0000326714252878],"median":[0.00850242748857,0.149444103241,0.812645316124,1.50006198883,2.59190654755,3.07992148399,3.51061058044,4.49844932556,5.56402778625,5.76345729828,6.13546276093,6.1232585907,8.33746814728,5.38450050354,5.25507164001,4.73865222931,4.12739706039,3.32312822342,3.01465272903,2.91426801682,3.17808771133,3.16743659973,3.90651416779,3.92601156235,3.39211320877,2.87919402122,1.98752164841,1.88108706474,1.3455824852,0.921766340733,0.668776750565,0.404825508595,0.187750160694,0.122680574656,0.0594171360135,0.0202133916318,0.00577158574015,0.000623639207333,0.0000259713597188,0.000018896698748],"min":[3.58192378813e-22,1.87890259317e-21,7.84286693369e-21,1.91088366555e-20,2.69445441148e-20,1.76667903985e-19,1.74550153596e-19,2.09940649589e-19,4.17741150289e-19,1.19022253198e-18,1.07776267481e-18,1.06785387826e-18,1.70668226001e-18,1.93330410525e-18,3.02832724771e-18,4.61688956381e-18,5.10277131972e-18,5.1964321533e-18,5.25772003284e-18,8.1317528673e-18,1.01554841503e-17,7.93012842017e-18,1.48387003644e-17,1.13636095591e-17,9.88641884066e-18,1.05656557191e-17,1.13794955628e-17,1.59103211197e-17,1.23568243457e-17,1.77536153598e-17,1.82521488432e-17,1.56971219343e-17,1.29742501529e-17,1.21567665787e-17,8.10584474333e-18,5.8214986278e-18,3.53592001316e-18,1.09465701165e-18,2.9012819733e-19,3.19695193176e-20],"var":[0.00810562353581,1.72242438793,24.9239425659,98.6622619629,146.74836731,202.222686768,278.962341309,678.606445312,736.295959473,2095.84375,1838.92724609,3750.72583008,13394.4990234,8515.66503906,3897.78881836,5744.69140625,10817.7373047,5417.57666016,12834.1386719,2486.77612305,3254.60400391,1236.91809082,1227.49072266,365.654144287,502.695037842,362.576202393,84.7469940186,99.680015564,33.6809272766,20.6857738495,11.6555070877,8.17148590088,3.72782206535,2.05839729309,0.829517960548,0.20864354074,0.0228727068752,0.000549247954041,2.86551994577e-7,1.35089894826e-9]},"erbbands_crest":{"dmean":2.49487829208,"dmean2":3.9494073391,"dvar":5.98858356476,"dvar2":13.9391965866,"max":33.352558136,"mean":9.4146938324,"median":8.23041343689,"min":2.23509788513,"var":21.7693405151},"erbbands_flatness_db":{"dmean":0.0147615997121,"dmean2":0.0205916073173,"dvar":0.000213912921026,"dvar2":0.000402330042562,"max":0.414980113506,"mean":0.164727076888,"median":0.158288583159,"min":0.0450652092695,"var":0.00350990053266},"erbbands_kurtosis":{"dmean":0.847840368748,"dmean2":1.31134223938,"dvar":1.53953456879,"dvar2":3.51841664314,"max":50.3892669678,"mean":0.626959264278,"median":0.00853478908539,"min":-1.81111228466,"var":4.68190860748},"erbbands_skewness":{"dmean":0.315691709518,"dmean2":0.476485013962,"dvar":0.0922219827771,"dvar2":0.208973810077,"max":5.50432872772,"mean":0.522768437862,"median":0.515867471695,"min":-3.95492243767,"var":0.481612682343},"erbbands_spread":{"dmean":6.53342008591,"dmean2":9.54407119751,"dvar":52.2286338806,"dvar2":100.781936646,"max":157.316757202,"mean":37.8126754761,"median":34.6614952087,"min":1.85038053989,"var":429.155670166},"gfcc":{"cov":[[19877.7421875,-1947.99914551,2235.81933594,2261.77929688,829.780273438,1103.90344238,391.717163086,852.448364258,-185.756118774,578.62902832,-541.149902344,319.865692139,-241.801315308],[-1947.99914551,1240.19396973,-362.401733398,-171.321289062,44.9129333496,-217.255508423,100.75138855,-233.37663269,124.855499268,-186.243713379,121.685493469,-143.71522522,92.9789123535],[2235.81933594,-362.401733398,1477.16918945,450.9269104,300.780273438,389.136627197,-17.2649288177,280.840820312,-53.681427002,192.953216553,-162.888748169,73.2029342651,-135.272323608],[2261.77929688,-171.321289062,450.9269104,732.399047852,140.41645813,133.050231934,88.9147720337,95.3849487305,23.2250995636,44.5078964233,-47.885974884,-5.59289216995,-8.88850498199],[829.780273438,44.9129333496,300.780273438,140.41645813,381.061431885,198.579956055,46.8400230408,91.4051437378,4.15133523941,62.4386291504,-58.7965049744,-5.3862695694,-21.9207057953],[1103.90344238,-217.255508423,389.136627197,133.050231934,198.579956055,333.066101074,56.5412445068,139.97505188,-27.0487384796,86.6088256836,-57.4378013611,23.526758194,-56.0832672119],[391.717163086,100.75138855,-17.2649288177,88.9147720337,46.8400230408,56.5412445068,179.8309021,36.8622550964,12.3174877167,-8.33974266052,22.9086265564,-3.31807255745,-3.06722712517],[852.448364258,-233.37663269,280.840820312,95.3849487305,91.4051437378,139.97505188,36.8622550964,202.011672974,20.7347946167,80.0606231689,-44.609577179,40.6673240662,-29.6053352356],[-185.756118774,124.855499268,-53.681427002,23.2250995636,4.15133523941,-27.0487384796,12.3174877167,20.7347946167,134.034927368,23.0988044739,17.8653450012,-14.2791366577,32.2120094299],[578.62902832,-186.243713379,192.953216553,44.5078964233,62.4386291504,86.6088256836,-8.33974266052,80.0606231689,23.0988044739,146.845489502,0.0467906072736,39.6460418701,-22.7801322937],[-541.149902344,121.685493469,-162.888748169,-47.885974884,-58.7965049744,-57.4378013611,22.9086265564,-44.609577179,17.8653450012,0.0467906072736,138.346084595,17.9670906067,23.3584899902],[319.865692139,-143.71522522,73.2029342651,-5.59289216995,-5.3862695694,23.526758194,-3.31807255745,40.6673240662,-14.2791366577,39.6460418701,17.9670906067,102.564857483,11.9417095184],[-241.801315308,92.9789123535,-135.272323608,-8.88850498199,-21.9207057953,-56.0832672119,-3.06722712517,-29.6053352356,32.2120094299,-22.7801322937,23.3584899902,11.9417095184,104.04434967]],"icov":[[0.000119476324471,-0.0000359607220162,0.0000923089392018,-0.000350977556081,0.0000152757402248,-0.0000988613028312,-0.0000908677757252,-0.000145656056702,0.000247126765316,-0.000333410367602,0.000416129623773,-0.000351333408616,0.000103028753074],[-0.0000359607220162,0.0029305065982,-0.00113085855264,0.00126625294797,-0.00175869150553,0.00133338780142,-0.00215997849591,0.00273063033819,-0.00297913956456,0.00290099647827,-0.00230909045786,0.00255423458293,-0.00122025154997],[0.0000923089392018,-0.00113085855264,0.00207793270238,-0.00142979295924,0.000372288282961,-0.00124592857901,0.00158306898084,-0.00190773932263,0.00165018066764,-0.00189880735707,0.00183189765085,-0.00186295737512,0.00159116520081],[-0.000350977556081,0.00126625294797,-0.00142979295924,0.00342961284332,-0.000850398559123,0.000906312838197,-0.0016441087937,0.00158238119911,-0.00218682526611,0.00212428788655,-0.00197934941389,0.00253982329741,-0.00150703859981],[0.0000152757402248,-0.00175869150553,0.000372288282961,-0.000850398559123,0.00522226234898,-0.00282180448994,0.000725178222638,-0.00140369450673,0.00148699618876,-0.00238704006188,0.00213593267836,-0.000545936287381,-0.000180167597136],[-0.0000988613028312,0.00133338780142,-0.00124592857901,0.000906312838197,-0.00282180448994,0.00743114436045,-0.00241002463736,-0.000713132205419,0.00011387293489,0.0000946085347096,-0.000908778049052,0.00158477516379,0.000180947361514],[-0.0000908677757252,-0.00215997849591,0.00158306898084,-0.0016441087937,0.000725178222638,-0.00241002463736,0.00928886327893,-0.00377922062762,0.00159368780442,0.000117959622003,-0.000898683385458,-0.00142387347296,0.00158662337344],[-0.000145656056702,0.00273063033819,-0.00190773932263,0.00158238119911,-0.00140369450673,-0.000713132205419,-0.00377922062762,0.0127082653344,-0.00562785193324,0.000893019954674,-0.00000368076143786,-0.000434818590293,-0.000310715782689],[0.000247126765316,-0.00297913956456,0.00165018066764,-0.00218682526611,0.00148699618876,0.00011387293489,0.00159368780442,-0.00562785193324,0.0137093514204,-0.00638319784775,0.00191067566629,0.000378538301447,-0.00209883321077],[-0.000333410367602,0.00290099647827,-0.00189880735707,0.00212428788655,-0.00238704006188,0.0000946085347096,0.000117959622003,0.000893019954674,-0.00638319784775,0.0151875335723,-0.00537574570626,0.000186510529602,0.000638065685052],[0.000416129623773,-0.00230909045786,0.00183189765085,-0.00197934941389,0.00213593267836,-0.000908778049052,-0.000898683385458,-0.00000368076143786,0.00191067566629,-0.00537574570626,0.0133614027873,-0.00577698508278,0.00107065355405],[-0.000351333408616,0.00255423458293,-0.00186295737512,0.00253982329741,-0.000545936287381,0.00158477516379,-0.00142387347296,-0.000434818590293,0.000378538301447,0.000186510529602,-0.00577698508278,0.0172588564456,-0.00549098290503],[0.000103028753074,-0.00122025154997,0.00159116520081,-0.00150703859981,-0.000180167597136,0.000180947361514,0.00158662337344,-0.000310715782689,-0.00209883321077,0.000638065685052,0.00107065355405,-0.00549098290503,0.0140784922987]],"mean":[-59.840461731,92.6202011108,-122.473426819,21.9494438171,-68.4465408325,6.76059007645,-39.0915603638,6.08941173553,-28.591791153,0.171330273151,-18.2129707336,-0.957557022572,-13.8060445786]},"hfc":{"dmean":3.6654856205,"dmean2":5.11972665787,"dvar":47.0019302368,"dvar2":95.1893005371,"max":148.998703003,"mean":15.2088136673,"median":7.59243011475,"min":1.1550956538e-16,"var":368.906402588},"melbands":{"dmean":[0.000305160850985,0.00066793023143,0.000495328800753,0.000299936102238,0.000183212032425,0.000153378190589,0.000115954528155,0.000118974989164,0.000087717839051,0.000080193633039,0.000104025006294,0.0000729088060325,0.0000426006881753,0.0000316224723065,0.000042726394895,0.0000275634865829,0.0000257732244791,0.0000260301621893,0.0000179016587936,0.0000138501864058,0.0000128986112031,0.00000850429114507,0.00000905413526198,0.00000498759072798,0.00000442639475295,0.00000398350539399,0.0000037330048599,0.00000329957060785,0.00000188536819223,0.00000135976245019,0.0000016187101437,0.00000103471813873,6.40156201825e-7,6.81444760176e-7,5.06711614889e-7,4.56902085944e-7,4.47053224661e-7,3.09413962896e-7,3.11960292265e-7,2.50318066719e-7],"dmean2":[0.000485807715449,0.0010615719948,0.000780617294367,0.000480578833958,0.000286585767753,0.000241368936258,0.000182483316166,0.000185934215551,0.000134596790303,0.000121319200844,0.000160649724421,0.000112902132969,0.0000660913356114,0.0000495670064993,0.0000646393891657,0.0000429975516454,0.0000396673494834,0.0000398740194214,0.0000275255806628,0.000021648576876,0.0000205921551242,0.000013626222426,0.0000142979515658,0.00000787594854046,0.00000705812362867,0.00000627177814749,0.00000584506642554,0.00000526599114892,0.00000297825090456,0.00000213445036934,0.00000250091557064,0.00000160163017426,9.86313921203e-7,0.00000103699733245,7.69066275552e-7,6.90985132223e-7,6.61265858071e-7,4.54786231785e-7,4.52195450862e-7,3.55035183475e-7],"dvar":[4.97837618241e-7,0.00000260707679445,0.00000107466712507,4.03111130254e-7,1.8433047444e-7,1.34443851607e-7,7.65504140077e-8,1.39184123782e-7,6.02123151339e-8,4.67501450885e-8,1.48906337927e-7,8.52755448477e-8,2.68108824031e-8,9.68576063798e-9,2.60184833678e-8,8.09949174396e-9,1.12044569178e-8,1.2856909315e-8,5.50693712853e-9,3.58141227785e-9,1.81444714809e-9,7.2054090472e-10,1.59355806328e-9,1.44282086278e-10,9.96733182101e-11,1.76442804811e-10,1.1352104673e-10,6.68053251607e-11,1.8449292441e-11,1.12768067453e-11,2.14878514287e-11,5.84758283462e-12,2.67523156405e-12,2.66863679592e-12,1.16567020793e-12,9.45573914307e-13,8.97839745259e-13,4.42918108873e-13,5.02259150069e-13,3.64057769391e-13],"dvar2":[0.00000128700276036,0.00000661612693875,0.00000271116959993,0.00000100361125988,4.59790214791e-7,3.30501592316e-7,1.90077500406e-7,3.46984876387e-7,1.38730996468e-7,1.01767966498e-7,3.45494669318e-7,2.05030843858e-7,6.2195915973e-8,2.28446896955e-8,5.9467986091e-8,1.89967437336e-8,2.52898555431e-8,2.99233562373e-8,1.23540004893e-8,9.66988622508e-9,4.61607596591e-9,1.7855532608e-9,3.99948918428e-9,3.23031407179e-10,2.45110931552e-10,3.3151700829e-10,2.5792720737e-10,1.669110683e-10,4.50171462607e-11,2.7524909435e-11,4.90239654427e-11,1.39406758706e-11,6.4176905977e-12,6.43347181084e-12,2.6237525607e-12,2.16970083393e-12,2.0038107458e-12,1.0048173231e-12,1.08890782675e-12,7.72711050961e-13],"max":[0.0122001795098,0.0332557186484,0.0205290541053,0.0148156769574,0.00884430203587,0.0122911464423,0.00836228299886,0.0148159749806,0.00692966766655,0.00698322383687,0.021598175168,0.0132414875552,0.00774232111871,0.00441960059106,0.00612726202235,0.00348217994906,0.00478762853891,0.00503570213914,0.0027017428074,0.00403037108481,0.00242346525192,0.000893549760804,0.00226337765343,0.000516731466632,0.000313475058647,0.00109594478272,0.000684643571731,0.000206256343517,0.000119652511785,0.000117744151794,0.000184639706276,0.0000830417047837,0.0000785412194091,0.0000697903815308,0.00004668092879,0.0000294372875942,0.0000309031966026,0.0000170206585608,0.0000262432549789,0.0000274245394394],"mean":[0.000664456514642,0.00136843102518,0.00101496034767,0.000534657912795,0.000336480879923,0.000282084045466,0.00022237446683,0.000203008385142,0.000152375549078,0.000144267367432,0.000174994129338,0.00011526922026,0.0000727397855371,0.0000550767181267,0.0000747165831854,0.0000491179671371,0.0000413370580645,0.0000440595285909,0.0000295730078506,0.0000227924065257,0.0000211539718293,0.0000147261362144,0.0000155645284394,0.00000961764817475,0.00000845661543281,0.00000752043843022,0.00000726043344912,0.00000612046915194,0.00000366870403923,0.00000277255458059,0.00000313332202495,0.00000214942383536,0.00000142203839459,0.00000152592872382,0.00000119826358969,0.00000106589357074,0.00000107089658741,7.68661323036e-7,7.40512007269e-7,6.14536190824e-7],"median":[0.000107501000457,0.000400985591114,0.00033459358383,0.000226061500143,0.000133975874633,0.000104850834759,0.0000853004530654,0.0000607410038356,0.000046628920245,0.0000356846903742,0.0000384040868084,0.0000191108847503,0.0000146540623973,0.0000134113397507,0.0000104671071313,0.00000742213069316,0.00000518886099599,0.00000404090496886,0.00000392762922274,0.00000352125334757,0.00000356500777343,0.00000320242952512,0.00000278701099887,0.00000329210297423,0.00000291233800453,0.00000236511573348,0.000001994133072,0.00000174124397745,0.00000119456115044,9.69845586951e-7,0.00000104715309135,7.73329475123e-7,5.01212412019e-7,4.83800931761e-7,3.80406618206e-7,2.94251265132e-7,2.09853652677e-7,1.20183329955e-7,1.14636833359e-7,9.24647949319e-8],"min":[3.86802325429e-24,3.76133533889e-24,2.88699839636e-24,5.81357788863e-24,6.79407322369e-24,4.47683375764e-24,6.79581897287e-24,1.38226574396e-23,7.88247408095e-24,5.9398867469e-24,8.45202928794e-24,7.56774461218e-24,8.51757495169e-24,9.32500090946e-24,9.65474397898e-24,9.27804475293e-24,9.86565225288e-24,7.16097400843e-24,1.02023617531e-23,1.17823657381e-23,1.18437430608e-23,8.18628255935e-24,8.75870685345e-24,1.4750823292e-23,8.23533708588e-24,5.56372828501e-24,7.0471011479e-24,6.49064852611e-24,5.57578562952e-24,8.57256407881e-24,9.40510657894e-24,6.51685645754e-24,7.29951454946e-24,1.03391920436e-23,9.95715380699e-24,1.0516744123e-23,1.04842320097e-23,8.59920706702e-24,9.60579673753e-24,1.12644856536e-23],"var":[0.00000116602359412,0.00000512633005201,0.00000282273504126,7.38952223855e-7,3.39660971349e-7,3.04226773551e-7,1.74626862304e-7,2.53851993648e-7,1.21491723348e-7,1.31460680564e-7,3.4828161688e-7,1.56732085088e-7,5.83106718466e-8,2.45596325499e-8,7.07956928636e-8,2.46693279138e-8,2.41711290982e-8,3.22746522841e-8,1.22299592675e-8,8.82423289994e-9,4.06521305507e-9,1.43383815931e-9,2.82498180404e-9,4.30773250404e-10,2.53812526552e-10,3.81312259545e-10,2.93594260015e-10,1.48043410864e-10,4.49036433037e-11,2.59506617584e-11,4.28183669077e-11,1.40252731304e-11,6.3977009454e-12,7.18232244512e-12,4.10775450113e-12,3.2375781743e-12,3.52501599958e-12,1.95631661912e-12,1.86407595089e-12,1.35745841651e-12]},"melbands_crest":{"dmean":2.68641805649,"dmean2":4.34386348724,"dvar":6.21789693832,"dvar2":15.9843702316,"max":33.6722259521,"mean":12.8645944595,"median":12.0423698425,"min":1.70461440086,"var":22.0225715637},"melbands_flatness_db":{"dmean":0.0201010685414,"dmean2":0.029269689694,"dvar":0.000417880801251,"dvar2":0.000839112675749,"max":0.561502993107,"mean":0.197849601507,"median":0.192208737135,"min":0.00437120208517,"var":0.00342004164122},"melbands_kurtosis":{"dmean":5.36194324493,"dmean2":8.05424308777,"dvar":107.070640564,"dvar2":224.440536499,"max":328.109924316,"mean":13.2255563736,"median":7.0274643898,"min":-1.8166218996,"var":437.666290283},"melbands_skewness":{"dmean":0.566125452518,"dmean2":0.846046507359,"dvar":0.38460072875,"dvar2":0.793730676174,"max":14.4557800293,"mean":2.48111796379,"median":2.20088744164,"min":-1.64707922935,"var":2.84702777863},"melbands_spread":{"dmean":4.79327297211,"dmean2":7.20510053635,"dvar":41.6631698608,"dvar2":87.5745239258,"max":223.788543701,"mean":20.5586872101,"median":17.236530304,"min":0.452417254448,"var":203.822570801},"mfcc":{"cov":[[15715.6640625,-526.982910156,711.078369141,1411.66015625,908.102233887,774.09576416,655.223571777,592.078552246,594.83416748,381.517120361,89.4858703613,188.518737793,146.106628418],[-526.982910156,966.730407715,-134.579971313,-35.1607589722,-29.1451225281,13.7248277664,-30.9604816437,-12.1645336151,-20.9583301544,-51.5047225952,5.13492822647,-30.9518852234,-4.09982538223],[711.078369141,-134.579971313,908.523254395,212.610870361,313.77722168,134.669525146,138.07901001,77.3152770996,126.268760681,62.7126541138,82.8093109131,43.1275291443,57.2497367859],[1411.66015625,-35.1607589722,212.610870361,539.334960938,145.527069092,110.700447083,67.3590011597,70.0757446289,83.0220718384,43.9844856262,0.302529066801,29.7201824188,36.5963516235],[908.102233887,-29.1451225281,313.77722168,145.527069092,401.915893555,159.060775757,118.047546387,51.9903907776,141.845153809,68.3632659912,34.3295288086,27.7602291107,38.9955329895],[774.09576416,13.7248277664,134.669525146,110.700447083,159.060775757,212.544662476,121.844078064,59.0096321106,70.9293212891,38.7803916931,33.341178894,23.1253700256,13.956864357],[655.223571777,-30.9604816437,138.07901001,67.3590011597,118.047546387,121.844078064,222.484146118,94.0117721558,47.0445632935,40.9473609924,29.4656009674,34.6277694702,15.8239393234],[592.078552246,-12.1645336151,77.3152770996,70.0757446289,51.9903907776,59.0096321106,94.0117721558,143.713348389,60.5309638977,28.8185367584,17.9838447571,15.6280403137,7.67416906357],[594.83416748,-20.9583301544,126.268760681,83.0220718384,141.845153809,70.9293212891,47.0445632935,60.5309638977,180.924255371,63.7793807983,15.9069576263,14.5663766861,25.6891384125],[381.517120361,-51.5047225952,62.7126541138,43.9844856262,68.3632659912,38.7803916931,40.9473609924,28.8185367584,63.7793807983,116.146064758,36.0920829773,14.8751163483,11.3178396225],[89.4858703613,5.13492822647,82.8093109131,0.302529066801,34.3295288086,33.341178894,29.4656009674,17.9838447571,15.9069576263,36.0920829773,109.972434998,31.666015625,11.2792434692],[188.518737793,-30.9518852234,43.1275291443,29.7201824188,27.7602291107,23.1253700256,34.6277694702,15.6280403137,14.5663766861,14.8751163483,31.666015625,99.1353988647,37.9591369629],[146.106628418,-4.09982538223,57.2497367859,36.5963516235,38.9955329895,13.956864357,15.8239393234,7.67416906357,25.6891384125,11.3178396225,11.2792434692,37.9591369629,100.116256714]],"icov":[[0.000106335748569,0.0000466360215796,0.0000543668684259,-0.000194196443772,-0.0000717166767572,-0.000152002918185,-0.0000396808245569,-0.000208938785363,-0.0000620902428636,-0.0000976020673988,0.0000362365790352,-0.0000365515406884,-0.00000522272421222],[0.0000466360215796,0.00113601807971,0.000231779937167,-0.0000806106836535,-0.0000922389808693,-0.0003498091246,0.00012137916201,-0.000142341654282,-0.0000878919527167,0.000561733788345,-0.000409711879911,0.000412673340179,-0.000199448768399],[0.0000543668684259,0.000231779937167,0.00174856337253,-0.00046899355948,-0.00112820626236,0.000216238840949,-0.000406023580581,-0.000199861082365,-0.000193362313439,0.000387263222365,-0.0010734036332,0.000244658556767,-0.000375506584533],[-0.000194196443772,-0.0000806106836535,-0.00046899355948,0.00271789659746,-0.0000451654523204,-0.000636483193375,0.000572151853703,-0.0004048255214,0.0000766090524849,-0.000259700464085,0.000837483035866,-0.000346800370608,-0.000351447291905],[-0.0000717166767572,-0.0000922389808693,-0.00112820626236,-0.0000451654523204,0.00536551792175,-0.0020665503107,-0.000863507098984,0.00147637259215,-0.00245673884638,-0.000447953294497,0.000360602978617,0.000137118564453,-0.000427531515015],[-0.000152002918185,-0.0003498091246,0.000216238840949,-0.000636483193375,-0.0020665503107,0.00924857892096,-0.00346844736487,0.000370280671632,-0.000785317097325,0.000541489571333,-0.00147295568604,0.000121196186228,0.000612235686276],[-0.0000396808245569,0.00012137916201,-0.000406023580581,0.000572151853703,-0.000863507098984,-0.00346844736487,0.0089311869815,-0.00443978654221,0.00185795896687,-0.00118913862389,0.000543821312021,-0.00152166653425,0.00000783479117672],[-0.000208938785363,-0.000142341654282,-0.000199861082365,-0.0004048255214,0.00147637259215,0.000370280671632,-0.00443978654221,0.011641703546,-0.00325359683484,0.000516627915204,-0.000776507600676,0.000225485258852,0.000522489484865],[-0.0000620902428636,-0.0000878919527167,-0.000193362313439,0.0000766090524849,-0.00245673884638,-0.000785317097325,0.00185795896687,-0.00325359683484,0.0099950665608,-0.00362227973528,0.00108465366066,0.0000362561950169,-0.00109942164272],[-0.0000976020673988,0.000561733788345,0.000387263222365,-0.000259700464085,-0.000447953294497,0.000541489571333,-0.00118913862389,0.000516627915204,-0.00362227973528,0.0125357471406,-0.00374774145894,0.00042961150757,0.0000579247898713],[0.0000362365790352,-0.000409711879911,-0.0010734036332,0.000837483035866,0.000360602978617,-0.00147295568604,0.000543821312021,-0.000776507600676,0.00108465366066,-0.00374774145894,0.0122330635786,-0.00344421854243,0.000349504465703],[-0.0000365515406884,0.000412673340179,0.000244658556767,-0.000346800370608,0.000137118564453,0.000121196186228,-0.00152166653425,0.000225485258852,0.0000362561950169,0.00042961150757,-0.00344421854243,0.0134951164946,-0.00457649305463],[-0.00000522272421222,-0.000199448768399,-0.000375506584533,-0.000351447291905,-0.000427531515015,0.000612235686276,0.00000783479117672,0.000522489484865,-0.00109942164272,0.0000579247898713,0.000349504465703,-0.00457649305463,0.0123422835022]],"mean":[-697.633117676,119.954582214,-0.350862622261,15.272687912,-8.13153171539,-1.86357629299,-3.80578923225,-0.251306831837,-5.28319168091,-1.62888932228,-3.12202715874,-2.69706511497,-3.83530068398]},"pitch_salience":{"dmean":0.0603745095432,"dmean2":0.0965400487185,"dvar":0.00290622469038,"dvar2":0.00711794150993,"max":0.970185875893,"mean":0.564605534077,"median":0.569838941097,"min":0.132556796074,"var":0.0108539909124},"silence_rate_20dB":{"dmean":0,"dmean2":0,"dvar":0,"dvar2":0,"max":1,"mean":1,"median":1,"min":1,"var":0},"silence_rate_30dB":{"dmean":0.00317088305019,"dmean2":0.00634220335633,"dvar":0.00316107599065,"dvar2":0.00878319982439,"max":1,"mean":0.998070001602,"median":1,"min":0,"var":0.00192630046513},"silence_rate_60dB":{"dmean":0.0241262838244,"dmean2":0.0482558943331,"dvar":0.0235422179103,"dvar2":0.0512965656817,"max":1,"mean":0.262131243944,"median":0,"min":0,"var":0.193424358964},"spectral_centroid":{"dmean":197.384552002,"dmean2":294.571136475,"dvar":52866.703125,"dvar2":104624.921875,"max":10915.6953125,"mean":1220.77258301,"median":1110.96411133,"min":135.37310791,"var":332075.28125},"spectral_complexity":{"dmean":2.63348722458,"dmean2":3.94195508957,"dvar":11.6610355377,"dvar2":22.2005977631,"max":58,"mean":14.3219604492,"median":12,"min":0,"var":118.969924927},"spectral_contrast_coeffs":{"dmean":[0.0459140501916,0.0419578142464,0.0362740382552,0.029848260805,0.0218897983432,0.0167329553515],"dmean2":[0.0755585357547,0.0684540867805,0.0572418048978,0.047444794327,0.0346903912723,0.0252344086766],"dvar":[0.00144017965067,0.00120174582116,0.000923833111301,0.000632665236481,0.000345965847373,0.000247859075898],"dvar2":[0.00383961317129,0.00321469176561,0.00229823542759,0.00149770011194,0.000827347161248,0.000506654323544],"max":[-0.294801801443,-0.402904689312,-0.454348087311,-0.427613735199,-0.577997088432,-0.539139389992],"mean":[-0.618471622467,-0.738880217075,-0.749564707279,-0.772311985493,-0.777688145638,-0.764764904976],"median":[-0.629419445992,-0.74392926693,-0.756104707718,-0.782614827156,-0.782543420792,-0.77110016346],"min":[-0.961092352867,-0.993993103504,-0.986336112022,-0.970600962639,-0.967535257339,-0.963751852512],"var":[0.00769229186699,0.00562115712091,0.00520981429145,0.00382466265,0.00229143537581,0.00308801024221]},"spectral_contrast_valleys":{"dmean":[0.412095040083,0.341912478209,0.330947607756,0.306774675846,0.24806599319,0.243518471718],"dmean2":[0.665455460548,0.541002094746,0.507444739342,0.457321435213,0.356454700232,0.305983185768],"dvar":[0.158983409405,0.114221468568,0.114119298756,0.110301271081,0.0930201783776,0.0996467545629],"dvar2":[0.348518460989,0.229525506496,0.211807638407,0.188045442104,0.146045923233,0.14339838922],"max":[-5.21258878708,-4.61150455475,-5.03141021729,-5.62938833237,-5.68823575974,-7.85441923141],"mean":[-8.21792221069,-7.10362148285,-7.82828855515,-8.39285373688,-8.35193824768,-10.8632421494],"median":[-7.56057071686,-6.91556119919,-7.72897815704,-8.28157043457,-8.06860923767,-10.4534139633],"min":[-27.3851966858,-27.3586349487,-27.0617694855,-27.0602474213,-27.2270317078,-27.3384628296],"var":[3.56865215302,1.26425242424,1.36719059944,1.60582697392,2.20242500305,2.93252563477]},"spectral_decrease":{"dmean":1.38994304955e-9,"dmean2":2.07674433206e-9,"dvar":6.20723859003e-18,"dvar2":1.3487414807e-17,"max":-5.63557435124e-29,"mean":-4.89196017028e-9,"median":-3.05044989268e-9,"min":-4.18611918462e-8,"var":2.76408688257e-17},"spectral_energy":{"dmean":0.00550603261217,"dmean2":0.00819439534098,"dvar":0.0000966338484432,"dvar2":0.000208279394428,"max":0.161701902747,"mean":0.0198428742588,"median":0.0124225597829,"min":1.07028439016e-20,"var":0.00045213708654},"spectral_energyband_high":{"dmean":0.000165754419868,"dmean2":0.000215234977077,"dvar":9.66178461681e-8,"dvar2":1.76671719032e-7,"max":0.00865791924298,"mean":0.000574869860429,"median":0.00021857972024,"min":7.65768025847e-21,"var":6.51712355193e-7},"spectral_energyband_low":{"dmean":0.0027882468421,"dmean2":0.0043522962369,"dvar":0.0000376506359316,"dvar2":0.0000930484457058,"max":0.123858191073,"mean":0.00679598376155,"median":0.00249432888813,"min":3.46555210025e-23,"var":0.000100256351288},"spectral_energyband_middle_high":{"dmean":0.00161229097284,"dmean2":0.00238939817064,"dvar":0.0000150097466758,"dvar2":0.0000343810461345,"max":0.100208498538,"mean":0.00462884129956,"median":0.00138100655749,"min":1.52806552819e-21,"var":0.0000746450532461},"spectral_energyband_middle_low":{"dmean":0.00325651629828,"dmean2":0.00489270919934,"dvar":0.0000340068618243,"dvar2":0.0000771217237343,"max":0.0994227305055,"mean":0.00925844814628,"median":0.00539325363934,"min":3.33072674698e-22,"var":0.000117307259643},"spectral_entropy":{"dmean":0.134298086166,"dmean2":0.194390565157,"dvar":0.020749296993,"dvar2":0.0401055328548,"max":9.79977893829,"mean":7.44646978378,"median":7.51147079468,"min":4.81565332413,"var":0.196474149823},"spectral_flux":{"dmean":0.0150966262445,"dmean2":0.0235227607191,"dvar":0.000435464957263,"dvar2":0.000982858007774,"max":0.318964630365,"mean":0.0572974272072,"median":0.0456287711859,"min":1.04860446715e-10,"var":0.0022890092805},"spectral_kurtosis":{"dmean":1.66933906078,"dmean2":2.78771543503,"dvar":6.72969770432,"dvar2":19.8732471466,"max":69.7140274048,"mean":5.14939641953,"median":3.76723670959,"min":-1.2264071703,"var":25.2568264008},"spectral_rms":{"dmean":0.000507567776367,"dmean2":0.000738049624488,"dvar":5.10816221322e-7,"dvar2":0.00000102986757611,"max":0.0125601729378,"mean":0.00367700890638,"median":0.00348131731153,"min":3.2313771884e-12,"var":0.00000583852170166},"spectral_rolloff":{"dmean":345.928314209,"dmean2":569.694763184,"dvar":476680.1875,"dvar2":1026120.125,"max":18626.2207031,"mean":1291.66430664,"median":1033.59375,"min":107.666015625,"var":1190927.75},"spectral_skewness":{"dmean":0.206169128418,"dmean2":0.327222824097,"dvar":0.0520367920399,"dvar2":0.136692926288,"max":6.26333475113,"mean":1.65979409218,"median":1.54414772987,"min":-0.00677938666195,"var":0.372061431408},"spectral_spread":{"dmean":441787.28125,"dmean2":587741.3125,"dvar":464862412800,"dvar2":683999625216,"max":47618892,"mean":4667589,"median":4306348,"min":1103505.5,"var":3220369571840},"spectral_strongpeak":{"dmean":0.440391480923,"dmean2":0.739368736744,"dvar":0.916083276272,"dvar2":2.36132407188,"max":17.5630664825,"mean":0.85164219141,"median":0.386674553156,"min":0,"var":1.95822703838},"zerocrossingrate":{"dmean":0.00834591686726,"dmean2":0.0096511784941,"dvar":0.000111795539851,"dvar2":0.000156744557898,"max":0.4931640625,"mean":0.0599127300084,"median":0.05419921875,"min":0.00390625,"var":0.000918844307307}},"metadata":{"audio_properties":{"analysis_sample_rate":44100,"bit_rate":192000,"codec":"mp3","downmix":"mix","equal_loudness":0,"length":336.848968506,"lossless":false,"md5_encoded":"e5b0c29b7ec2a29b6f9155747ffc38b8","replay_gain":-12.621011734,"sample_rate":44100},"tags":{"album":["Van Halen III"],"albumartist":["Van Halen"],"artist":["Van Halen"],"date":["1998"],"file_name":"314826.mp3","genre":["Hard Rock"],"musicbrainz_recordingid":["5d5d97d1-677a-44fc-b6cb-7d49f8d4affe"],"title":["Josephina"],"tracknumber":["8"]},"version":{"essentia":"2.1-beta2","essentia_build_sha":"70f2e5ece6736b2c40cc944ad0e695b16b925413","essentia_git_sha":"v2.1_beta2","extractor":"music 1.0"}},"rhythm":{"beats_count":991,"beats_loudness":{"dmean":0.0128073850647,"dmean2":0.0222580842674,"dvar":0.000232058315305,"dvar2":0.000679920660332,"max":0.153179824352,"mean":0.0286666341126,"median":0.0232704486698,"min":6.66955699558e-8,"var":0.000729126681108},"beats_loudness_band_ratio":{"dmean":[0.156862035394,0.143345534801,0.130311831832,0.100774206221,0.0532261617482,0.0415468327701],"dmean2":[0.265495300293,0.247143179178,0.223796933889,0.173016309738,0.0920308977365,0.0743150115013],"dvar":[0.0214323159307,0.0139406686649,0.0139769883826,0.0124542163685,0.00641765119508,0.00387203809805],"dvar2":[0.0569965317845,0.0383479744196,0.0401006415486,0.0339085124433,0.0178885031492,0.011268180795],"max":[0.942483246326,0.921349823475,0.845633387566,0.761562645435,0.908207654953,0.797997415066],"mean":[0.31792485714,0.245985493064,0.234266713262,0.146432593465,0.071707226336,0.0536150895059],"median":[0.294245839119,0.213496416807,0.19503095746,0.0985845625401,0.0435843616724,0.0388312079012],"min":[0.000171430743649,0.000809954712167,0.00762356352061,0.00220245029777,0.0022399595473,