{"lowlevel":{"average_loudness":0.902230083942,"barkbands":{"dmean":[0.000351681141183,0.00736469589174,0.00170721777249,0.00128464307636,0.0018464862369,0.00146161683369,0.000665837433189,0.000616885081399,0.00079863355495,0.000854852842167,0.000732561748009,0.000832494755741,0.000611077179201,0.000437733018771,0.00028274039505,0.000255366117926,0.000262374727754,0.000217033113586,0.000192792911548,0.000177411115146,0.000139828000101,0.0000973863352556,0.0000909740483621,0.000104187711258,0.0000887954010977,0.0000382269900001,0.0000172876298166],"dmean2":[0.000571283046156,0.0119900358841,0.00279555097222,0.00201353966258,0.00305979675613,0.00246220408008,0.00106376165058,0.000957792217378,0.00123100052588,0.00130249839276,0.00113288301509,0.0013332401868,0.00101895676926,0.000699124590028,0.000442872318672,0.000416055496316,0.000423387304181,0.000349631824065,0.000310448318487,0.000276263599517,0.000226173549891,0.000145797312143,0.000143252502312,0.000162293057656,0.000128134372062,0.0000583072942391,0.0000279813721136],"dvar":[5.30054251158e-7,0.000273678771919,0.0000137547986014,0.0000102654639704,0.0000136343087433,0.00000936850301514,0.00000199640885512,0.00000198393695428,0.00000347345394403,0.0000034695060549,0.00000395229062633,0.00000327898510477,0.00000192777702068,7.74673424075e-7,2.64250672899e-7,2.27520871476e-7,1.46760982034e-7,8.74782912774e-8,9.62563930784e-8,7.85617757515e-8,5.69539118089e-8,6.48536371273e-8,9.68463922391e-8,1.14934877615e-7,5.37129345446e-8,8.11259326383e-9,2.12625472784e-9],"dvar2":[0.00000123869108393,0.000642415543552,0.0000355351148755,0.0000228484241234,0.0000347624809365,0.0000259675161942,0.00000455871440863,0.00000433206832895,0.00000748704451325,0.00000770664155425,0.00000871139764058,0.00000872882810654,0.00000499680982102,0.00000190866944649,6.10237520959e-7,5.49078265522e-7,3.71557149492e-7,2.22742286837e-7,2.39026434201e-7,1.75417341097e-7,1.43167397937e-7,1.36864301226e-7,2.35975065266e-7,3.02653432982e-7,1.12007839448e-7,1.88044602112e-8,5.38385336313e-9],"max":[0.015616630204,0.16269724071,0.0633818656206,0.044587071985,0.0413229353726,0.0333963409066,0.041313610971,0.0747347474098,0.044603202492,0.0620229318738,0.0542289055884,0.0288413520902,0.0416386201978,0.0167306549847,0.00979588832706,0.0111669665202,0.00722073297948,0.00559862842783,0.0087518626824,0.00424281600863,0.00381994410418,0.0045431018807,0.00572929438204,0.00579884648323,0.00776144070551,0.00206230278127,0.000459859700641],"mean":[0.000434374407632,0.00873937364668,0.00214859447442,0.00153706723358,0.00221220147796,0.00212680548429,0.00118659774307,0.00112643023022,0.00124031060841,0.00155186932534,0.00127313565463,0.00136459525675,0.000944414932746,0.00073467992479,0.000493741536047,0.000423404737376,0.000495657615829,0.000428635394201,0.000343473628163,0.000335885968525,0.000251785473665,0.000146603444591,0.000144098288729,0.000148696824908,0.000133003020892,0.0000473983163829,0.0000162465767062],"median":[0.000095659524959,0.00166992272716,0.000604612927418,0.000346427084878,0.000873751938343,0.00109652685933,0.000618566118646,0.000440496689407,0.000409732863773,0.000498743611388,0.000392175628804,0.000471712672152,0.000290498777758,0.000249865581281,0.000265022972599,0.000243481918005,0.000335193413775,0.000279025902273,0.00021795250359,0.000204040625249,0.000114025911898,0.0000581608983339,0.0000428726016253,0.0000331930641551,0.0000354565490852,0.0000111622193799,0.0000018266321149],"min":[2.64872867139e-16,4.02707309333e-16,2.79284656281e-16,2.93260408743e-16,7.49181689484e-16,5.52153090926e-16,3.2056184235e-16,2.89054254885e-16,2.62583310613e-16,1.58038877903e-16,6.94212123179e-17,1.91267411324e-16,1.62378862967e-16,8.21502911003e-17,1.02559258797e-16,5.31987671671e-16,5.20626736387e-16,3.71915861755e-16,3.30792968031e-16,2.07201543664e-16,2.88524144609e-16,6.43449531294e-16,4.58343133226e-16,2.52489007222e-16,3.89922670483e-16,7.77236691247e-16,2.15867913619e-15],"var":[7.27766064301e-7,0.000342644314514,0.0000151333615577,0.0000148676017488,0.000014327782992,0.0000102714784589,0.00000426045653512,0.00000557371777177,0.00000710965286999,0.0000104565860966,0.00000919494232221,0.00000643669682177,0.00000345002081303,0.00000190832406588,5.38551091722e-7,3.86728174817e-7,3.29325047232e-7,2.19420968506e-7,1.83616990057e-7,1.81954419531e-7,1.17443008207e-7,9.33135240189e-8,1.50331359805e-7,1.57220213737e-7,1.06527380694e-7,1.08400257659e-8,1.93570071083e-9]},"barkbands_crest":{"dmean":2.94083857536,"dmean2":4.74075984955,"dvar":7.81632900238,"dvar2":19.4008560181,"max":25.0321846008,"mean":9.59816265106,"median":8.45681190491,"min":2.01968121529,"var":20.6582279205},"barkbands_flatness_db":{"dmean":0.0248604919761,"dmean2":0.036943692714,"dvar":0.000745359691791,"dvar2":0.00152484839782,"max":0.478091388941,"mean":0.116214960814,"median":0.102502569556,"min":0.0114854760468,"var":0.00367124378681},"barkbands_kurtosis":{"dmean":5.21044778824,"dmean2":8.13735389709,"dvar":400.197845459,"dvar2":951.068664551,"max":637.811096191,"mean":6.27709150314,"median":0.59027659893,"min":-1.92555367947,"var":622.943359375},"barkbands_skewness":{"dmean":0.65741276741,"dmean2":0.993840873241,"dvar":0.83925306797,"dvar2":1.88345789909,"max":19.5206203461,"mean":1.42179429531,"median":0.958215773106,"min":-3.06904768944,"var":3.15362644196},"barkbands_spread":{"dmean":6.60467433929,"dmean2":10.0398187637,"dvar":70.9583969116,"dvar2":152.832931519,"max":121.19984436,"mean":24.3499031067,"median":22.5585327148,"min":0.299127012491,"var":198.723587036},"dissonance":{"dmean":0.0181755479425,"dmean2":0.0301053188741,"dvar":0.000330839538947,"dvar2":0.000851232965942,"max":0.500000119209,"mean":0.46434789896,"median":0.471041023731,"min":0.158000558615,"var":0.000756409077439},"dynamic_complexity":2.90933012962,"erbbands":{"dmean":[0.264946401119,1.53419959545,2.20086359978,2.9328687191,4.63487005234,5.26970100403,16.4382610321,8.49421405792,9.88993358612,9.9256105423,13.7404289246,17.8305034637,28.6023197174,22.6060276031,25.2046813965,37.8327140808,26.5959339142,25.3959960938,13.441400528,13.0544776917,14.9261674881,12.0721187592,11.4549865723,11.2319736481,9.02235507965,8.45859050751,6.16409873962,5.17925357819,3.12013530731,3.2041862011,2.46059727669,2.20269775391,1.65286910534,1.07111501694,0.576163172722,0.211933687329,0.0629833340645,0.0178583655506,0.00337921292521,0.000139507159474],"dmean2":[0.411580234766,2.564868927,3.65033507347,4.52002811432,7.47099399567,8.82572650909,28.6696338654,13.8493080139,15.5239992142,15.6791372299,21.2632484436,27.2483558655,44.295009613,34.8019332886,39.3517417908,60.0112915039,43.6410865784,40.7174072266,20.8945732117,20.5115470886,24.0071277618,19.4091472626,18.3271636963,18.0643444061,14.5809841156,13.2353134155,9.86254787445,8.25077915192,4.76209878922,4.71615695953,3.79033851624,3.50500059128,2.53722047806,1.55479049683,0.869204342365,0.322068303823,0.0977190807462,0.0284713264555,0.00550736207515,0.000225314419367],"dvar":[0.345497071743,12.6450738907,25.479391098,39.9883880615,121.437995911,100.529174805,2000.22192383,208.323898315,350.463348389,639.16607666,627.084411621,1956.37438965,4396.15625,2782.44189453,5442.98974609,7231.23535156,3443.83569336,2884.2980957,683.293273926,573.804260254,618.570556641,303.172302246,250.097549438,284.587188721,234.530014038,202.387863159,104.338951111,92.8647537231,46.6756477356,97.7823944092,68.1390151978,55.2177886963,26.8115615845,9.33302783966,2.10322713852,0.238246500492,0.0242513362318,0.00207199249417,0.0000846617040224,1.2226055901e-7],"dvar2":[0.77946126461,31.4125080109,65.8363342285,82.9557189941,299.394317627,263.041229248,5501.72851562,548.134216309,825.702697754,1400.26330566,1447.89282227,4120.33935547,10234.5859375,6521.14208984,12049.5234375,18854.1660156,8704.81445312,7143.55078125,1611.3692627,1375.24523926,1506.13793945,759.160705566,653.163513184,701.833679199,579.804443359,452.704681396,256.670654297,226.179962158,104.760475159,175.839141846,156.12437439,151.941040039,64.4064865112,19.7911968231,4.60148382187,0.535789847374,0.057883951813,0.00509840250015,0.000215906824451,3.1537760492e-7],"max":[5.57005834579,36.4070587158,75.1543121338,97.6491928101,115.231681824,129.453918457,466.06817627,217.342376709,330.835327148,1195.33813477,653.229309082,1125.24572754,2303.25708008,1604.07434082,2185.14599609,1427.34436035,1337.45141602,977.162231445,527.165588379,593.138427734,736.55090332,358.567932129,372.539154053,323.532958984,526.743408203,227.595092773,129.018615723,223.15864563,135.964431763,174.100845337,153.809951782,141.087265015,83.6456222534,95.2136917114,44.4395942688,12.3514089584,4.21410894394,0.621755182743,0.0834997743368,0.0031977230683],"mean":[0.292308747768,1.77672624588,2.71895742416,4.19217920303,5.24146747589,6.48556423187,17.8820552826,13.9694852829,18.0758285522,18.6701812744,26.1519260406,29.9556293488,50.3954238892,47.979347229,44.3268356323,62.8202095032,45.3682937622,45.7052612305,25.7897491455,24.1198673248,27.9863395691,24.7078495026,23.4548854828,20.961555481,16.5538959503,15.8104801178,11.3900403976,9.10399627686,4.96136760712,5.16284561157,3.91480994225,3.21615886688,2.40965747833,1.63644361496,0.815437912941,0.282944977283,0.0737606436014,0.018377924338,0.00315864337608,0.000154159351951],"median":[0.0454954952002,0.321124851704,0.858314156532,1.2739803791,1.68810486794,2.75908493996,5.39881515503,8.29600143433,9.98840522766,9.05702781677,12.9399528503,11.7370376587,18.4082489014,17.1880874634,17.2172050476,21.928981781,16.7801856995,16.2764625549,12.8241691589,14.7434387207,17.4871902466,17.5474948883,15.805475235,14.2654838562,10.8890800476,9.61079216003,5.78272724152,3.62367463112,2.08884477615,1.76636886597,1.03253650665,0.752933204174,0.541650533676,0.412177860737,0.205239921808,0.0689348727465,0.015709893778,0.00272086029872,0.000359569618013,0.0000543937239854],"min":[1.45783789229e-14,8.23440911269e-14,2.85636585998e-13,7.22927631387e-13,1.52014555457e-12,2.69883312747e-12,3.93522931255e-12,4.57457422637e-12,4.57177004587e-12,5.25076553418e-12,6.64002967193e-12,6.05881837756e-12,5.04600961709e-12,4.36265260029e-12,3.50664137484e-12,8.35881190653e-12,7.76669527303e-12,4.67843645768e-12,3.04576936588e-12,1.05972227521e-11,3.69594979621e-11,2.85095645008e-11,1.96786770906e-11,2.01540936717e-11,1.5478229809e-11,1.07179404241e-11,6.70322174504e-12,2.09119891542e-11,2.08768592691e-11,1.04999663478e-11,1.19451540673e-11,9.3172422902e-12,3.96836903616e-12,3.4291653718e-12,3.21239020627e-12,2.00516578168e-12,1.61033805648e-12,6.5616999681e-13,2.70797815595e-13,4.23507257909e-14],"var":[0.43091288209,14.4584093094,26.6586856842,75.7875137329,119.475761414,105.423118591,1781.29736328,323.21105957,731.609313965,1705.11035156,1490.02026367,4165.55810547,11435.9677734,10521.3408203,11283.9042969,14012.671875,6618.46386719,7360.28759766,1471.14562988,1065.85827637,1314.63745117,749.223571777,652.4140625,594.296936035,434.733459473,429.359405518,214.695632935,186.11428833,70.0147857666,181.482803345,115.686172485,72.5594558716,42.4520683289,18.1094646454,3.58842253685,0.360966265202,0.0295233447105,0.00212104734965,0.0000751843035687,1.08510121777e-7]},"erbbands_crest":{"dmean":2.73897719383,"dmean2":4.41012001038,"dvar":6.92478656769,"dvar2":16.6247558594,"max":33.6349411011,"mean":8.97750854492,"median":7.78284835815,"min":2.33440899849,"var":20.3481445312},"erbbands_flatness_db":{"dmean":0.0196926519275,"dmean2":0.0271391104907,"dvar":0.000400649296353,"dvar2":0.00070693762973,"max":0.395157039165,"mean":0.149933949113,"median":0.147169917822,"min":0.0415452197194,"var":0.00182125146966},"erbbands_kurtosis":{"dmean":0.914221405983,"dmean2":1.4082993269,"dvar":2.84337878227,"dvar2":5.80122280121,"max":79.0047073364,"mean":0.422222524881,"median":-0.182698845863,"min":-1.85556030273,"var":6.41661024094},"erbbands_skewness":{"dmean":0.349707603455,"dmean2":0.524918735027,"dvar":0.128273248672,"dvar2":0.26563847065,"max":6.30850505829,"mean":0.360878884792,"median":0.303243815899,"min":-3.55996632576,"var":0.529210984707},"erbbands_spread":{"dmean":8.91434669495,"dmean2":13.2777757645,"dvar":112.269233704,"dvar2":244.067840576,"max":190.023605347,"mean":38.3649940491,"median":33.4067192078,"min":1.13020396233,"var":454.391143799},"gfcc":{"cov":[[5680.23632812,-581.768737793,-405.276641846,-363.812164307,86.2925643921,25.6298236847,9.77614021301,47.2825737,-202.263793945,95.5481185913,-80.0625,134.362442017,-8.4398059845],[-581.768737793,1397.15686035,-144.91633606,295.698974609,210.603500366,-4.84889793396,207.711044312,27.4557991028,72.3759078979,-49.169719696,45.6541938782,-88.4595565796,42.1395149231],[-405.276641846,-144.91633606,1179.45703125,529.981750488,65.4143371582,290.739349365,35.1660499573,7.41563510895,27.2813434601,-32.2033538818,-35.9908027649,-54.8953285217,-2.30786108971],[-363.812164307,295.698974609,529.981750488,672.816223145,144.643463135,204.500045776,102.378700256,6.64244222641,46.2483520508,-43.3535881042,6.85518836975,-68.3061752319,37.832069397],[86.2925643921,210.603500366,65.4143371582,144.643463135,301.619873047,85.9253387451,105.003227234,52.7530326843,1.39926409721,-5.56580257416,18.7204990387,-14.8628358841,-6.50607395172],[25.6298236847,-4.84889793396,290.739349365,204.500045776,85.9253387451,345.54864502,120.877929688,51.5922431946,-13.6734285355,6.70187234879,25.0313339233,0.0441038236022,5.05313158035],[9.77614021301,207.711044312,35.1660499573,102.378700256,105.003227234,120.877929688,215.138961792,69.4874267578,2.78312826157,10.1208896637,29.1137866974,-9.62053394318,9.16038322449],[47.2825737,27.4557991028,7.41563510895,6.64244222641,52.7530326843,51.5922431946,69.4874267578,133.223190308,40.831829071,19.633605957,35.6703186035,9.4011516571,7.28352546692],[-202.263793945,72.3759078979,27.2813434601,46.2483520508,1.39926409721,-13.6734285355,2.78312826157,40.831829071,144.310211182,29.4454402924,16.689950943,-10.44739151,6.53220891953],[95.5481185913,-49.169719696,-32.2033538818,-43.3535881042,-5.56580257416,6.70187234879,10.1208896637,19.633605957,29.4454402924,101.745880127,29.7675209045,26.0496616364,11.3255767822],[-80.0625,45.6541938782,-35.9908027649,6.85518836975,18.7204990387,25.0313339233,29.1137866974,35.6703186035,16.689950943,29.7675209045,108.817810059,43.5949020386,16.3776683807],[134.362442017,-88.4595565796,-54.8953285217,-68.3061752319,-14.8628358841,0.0441038236022,-9.62053394318,9.4011516571,-10.44739151,26.0496616364,43.5949020386,91.6573028564,31.8950386047],[-8.4398059845,42.1395149231,-2.30786108971,37.832069397,-6.50607395172,5.05313158035,9.16038322449,7.28352546692,6.53220891953,11.3255767822,16.3776683807,31.8950386047,82.1613845825]],"icov":[[0.000219750683755,0.0000707101935404,0.0000952007540036,-0.000022605076083,-0.000123772129882,-0.0000359389377991,-0.0000126307350001,-0.000164849028806,0.000283649394987,-0.000244596070843,0.000396775605623,-0.000328528200043,0.0000674292386975],[0.0000707101935404,0.00126994855236,0.000404486461775,-0.000459581351606,-0.000516114814673,0.000395179085899,-0.00106625654735,0.000512766186148,-0.000473840569612,0.000547036761418,-0.000614446296822,0.00112183880992,-0.000763597199693],[0.0000952007540036,0.000404486461775,0.0017554583028,-0.00136346940417,0.0000737979571568,-0.000844709808007,0.000349964975612,-0.000206308322959,-0.0000989261243376,-0.0000554569160158,0.000745374942198,-0.000146966005559,0.000440505129518],[-0.000022605076083,-0.000459581351606,-0.00136346940417,0.00374317937531,-0.000889562128577,-0.000886625028215,-0.000269263255177,0.00125698384363,-0.000988722429611,0.00107871287037,-0.00117205863353,0.00220663566142,-0.00231888564304],[-0.000123772129882,-0.000516114814673,0.0000737979571568,-0.000889562128577,0.00473702559248,-0.000174655317096,-0.00096787896473,-0.00134125852492,0.000589304720052,-0.0000669921282679,0.0000736729125492,-0.000584993860684,0.00145112955943],[-0.0000359389377991,0.000395179085899,-0.000844709808007,-0.000886625028215,-0.000174655317096,0.00521203922108,-0.00237569329329,-0.000776170170866,0.00104401097633,-0.00042444531573,-0.000576077320147,-0.000592790194787,0.000497907225508],[-0.0000126307350001,-0.00106625654735,0.000349964975612,-0.000269263255177,-0.00096787896473,-0.00237569329329,0.00870493333787,-0.00328267691657,0.0013883622596,-0.00116429291666,-0.000117949464766,0.000680396100506,-0.000121180768474],[-0.000164849028806,0.000512766186148,-0.000206308322959,0.00125698384363,-0.00134125852492,-0.000776170170866,-0.00328267691657,0.0117988660932,-0.00389784364961,0.000768154393882,-0.00285227387212,0.000879657105543,-0.00117186200805],[0.000283649394987,-0.000473840569612,-0.0000989261243376,-0.000988722429611,0.000589304720052,0.00104401097633,0.0013883622596,-0.00389784364961,0.00984762795269,-0.00350645557046,0.0000142324479384,0.00101332226768,0.000202064969926],[-0.000244596070843,0.000547036761418,-0.0000554569160158,0.00107871287037,-0.0000669921282679,-0.00042444531573,-0.00116429291666,0.000768154393882,-0.00350645557046,0.0129530793056,-0.00279410020448,-0.000838219828438,-0.00134582701139],[0.000396775605623,-0.000614446296822,0.000745374942198,-0.00117205863353,0.0000736729125492,-0.000576077320147,-0.000117949464766,-0.00285227387212,0.0000142324479384,-0.00279410020448,0.0149405449629,-0.0082584740594,0.00183557125274],[-0.000328528200043,0.00112183880992,-0.000146966005559,0.00220663566142,-0.000584993860684,-0.000592790194787,0.000680396100506,0.000879657105543,0.00101332226768,-0.000838219828438,-0.0082584740594,0.0210867039859,-0.00829769484699],[0.0000674292386975,-0.000763597199693,0.000440505129518,-0.00231888564304,0.00145112955943,0.000497907225508,-0.000121180768474,-0.00117186200805,0.000202064969926,-0.00134582701139,0.00183557125274,-0.00829769484699,0.0168762654066]],"mean":[11.6722698212,75.8585128784,-120.570610046,24.6772441864,-54.9833106995,12.5249242783,-31.9992198944,11.4336805344,-23.8832073212,5.01250171661,-10.7887840271,2.45662069321,-6.89232063293]},"hfc":{"dmean":7.76042747498,"dmean2":11.4878463745,"dvar":135.429962158,"dvar2":292.919036865,"max":176.370376587,"mean":24.3364543915,"median":19.0588035583,"min":7.75442279832e-11,"var":449.472747803},"melbands":{"dmean":[0.00216820673086,0.00140471057966,0.000556833925657,0.000309352850309,0.000507108983584,0.000212298924453,0.000148023318616,0.000114371759992,0.00011614660616,0.000117816714919,0.000143582976307,0.0000898782236618,0.0000880526058609,0.000098231517768,0.0000732662520022,0.0000607939509791,0.0000510973804921,0.0000226401461987,0.0000204571897484,0.0000180811912287,0.0000194162767002,0.0000145922713273,0.0000120290733321,0.00000974301019596,0.00000993403500615,0.00000748144657337,0.00000662397906126,0.00000585468842473,0.00000414747682953,0.00000375170861844,0.00000304341460833,0.00000186585168649,0.00000185131182207,0.00000185295039046,0.00000159022954449,0.00000125122528516,0.0000014330880731,0.00000129594582177,0.00000103265267626,8.72287159837e-7],"dmean2":[0.00344103667885,0.00232492899522,0.000862625078298,0.000495334505104,0.000885209185071,0.00034744979348,0.000232390928431,0.000179241062142,0.000179585709702,0.000180509276106,0.000221824462642,0.000138840143336,0.000135549227707,0.000157946531544,0.000116502815217,0.000100783676316,0.0000819906636025,0.0000357501885446,0.0000319456594298,0.0000290697262244,0.0000314879871439,0.0000235619281739,0.0000195025495486,0.0000155933666974,0.0000160825638886,0.0000120785525723,0.0000107734567791,0.00000920665661397,0.00000661229660182,0.00000619508409727,0.0000048374358812,0.00000293312336908,0.00000279895607491,0.00000285858891402,0.00000248669289249,0.00000204227467293,0.00000228058161156,0.00000200983822651,0.00000154111626216,0.00000127687133045],"dvar":[0.000023247423087,0.0000102127514765,0.00000149338279698,4.10709560583e-7,0.00000178199968559,1.34909313942e-7,8.23049930432e-8,8.75589094562e-8,5.0209404634e-8,7.86456624269e-8,1.09991304953e-7,4.46299921464e-8,7.18132611155e-8,4.58505020617e-8,2.19059188566e-8,2.23312177638e-8,1.24153114456e-8,2.00540251072e-9,1.46293788195e-9,1.19225596062e-9,1.03920960726e-9,4.90289531196e-10,3.25888122044e-10,1.79912321152e-10,2.35081232258e-10,1.53229415267e-10,1.16285481244e-10,1.07295866636e-10,4.38369687772e-11,4.45916463476e-11,3.94395349712e-11,1.71011503569e-11,2.65291087709e-11,3.79970013786e-11,3.19208895427e-11,1.43923536283e-11,2.4337643012e-11,2.09727860079e-11,8.50131076646e-12,6.15145044278e-12],"dvar2":[0.0000531476034666,0.0000258523559751,0.00000332986792273,0.00000100930594726,0.00000490599177283,3.60165245183e-7,1.89733995626e-7,1.87930226048e-7,1.13930049395e-7,1.69012650986e-7,2.55930615367e-7,1.02626728449e-7,1.55682840841e-7,1.23655610196e-7,5.52692647204e-8,5.79203387474e-8,3.09000469656e-8,4.82795448065e-9,3.27720739435e-9,2.87400592214e-9,2.53378051873e-9,1.24438170879e-9,8.58075943633e-10,4.57596238679e-10,5.8604382458e-10,3.68405861373e-10,2.95955981944e-10,2.36465153014e-10,1.01375415007e-10,1.15779004439e-10,9.6340706246e-11,3.96001599567e-11,5.7080260657e-11,7.78064973561e-11,7.36902205922e-11,3.81633162572e-11,6.72168015692e-11,5.15193061823e-11,1.73422699812e-11,1.3378176171e-11],"max":[0.0463978983462,0.0367111600935,0.0148734990507,0.00654349010438,0.0140566481277,0.00510010682046,0.0064876335673,0.0159462522715,0.0051897848025,0.00601020827889,0.0116199888289,0.00590943451971,0.00884867738932,0.00367875699885,0.00244450219907,0.00532373832539,0.00214212434366,0.000902029860299,0.00107065902557,0.000898487225641,0.00082536804257,0.000476023240481,0.000402874895371,0.000264457223238,0.000306440429995,0.000518196728081,0.000211295555346,0.000176739005838,0.0000943866471061,0.0000874774559634,0.000153382992721,0.000108447296952,0.000104523256596,0.000111853703856,0.000107252242742,0.0000714050474926,0.0000910500384634,0.0000730184547137,0.000100403565739,0.0000734382192604],"mean":[0.00252806628123,0.00177401001565,0.000764363037888,0.000379961420549,0.000558389816433,0.000347008113749,0.000275919388514,0.000215657433728,0.000214550484088,0.00018771928444,0.000245685630944,0.000183149619261,0.000150362160639,0.000162280251971,0.000116216215247,0.0000962501289905,0.0000857265258674,0.000038854432205,0.0000356126656698,0.0000303421875287,0.0000341275808751,0.0000269052161457,0.0000234040144278,0.0000180862352863,0.0000169391478266,0.0000124243206301,0.0000112987818284,0.0000102315798358,0.0000072971456575,0.00000618066769675,0.0000049355048759,0.00000278744505522,0.00000263707192971,0.00000292293771054,0.00000238070811065,0.0000019803833311,0.00000192749462258,0.00000178185257482,0.00000149895015511,0.0000013153018017],"median":[0.000454166176496,0.00053676625248,0.000240325112827,0.000162503682077,0.000184095755685,0.000203501156648,0.000151880638441,0.000101032776001,0.000101284851553,0.0000668283610139,0.0000813629158074,0.0000606563698966,0.0000510331592523,0.0000558968022233,0.0000412830377172,0.0000294842029689,0.0000270218988589,0.0000171876818058,0.0000201717630262,0.0000176346329681,0.0000200908543775,0.0000177816364157,0.000014525802726,0.000012359872926,0.0000108943295345,0.00000735194498702,0.00000707088747731,0.00000569858593735,0.00000366257154383,0.00000263697711489,0.00000175964635218,0.00000111349095278,9.57399834078e-7,9.2154914455e-7,5.89743933688e-7,4.98135420912e-7,4.16686418703e-7,3.75056345092e-7,3.49167351033e-7,3.34538469815e-7],"min":[1.33585049951e-16,1.37585996842e-16,1.46162112789e-16,1.51653374446e-16,1.38008692753e-16,1.03276364831e-16,6.91157047391e-17,5.85251657728e-17,5.42128019243e-17,3.65243353096e-17,2.48436120006e-17,1.82217780798e-17,9.85746586486e-18,1.92205291863e-17,2.23577440083e-17,1.39802291636e-17,8.18033070313e-18,4.2966407994e-18,9.52638517033e-18,1.93726675533e-17,4.95191177397e-17,2.947877812e-17,2.35759345508e-17,1.53394556549e-17,1.67806392012e-17,1.08066183946e-17,9.82314117816e-18,6.30537157559e-18,3.04893210997e-18,6.74536507343e-18,1.48803455995e-17,1.43345652139e-17,8.33455108371e-18,4.33837412925e-18,5.37133411715e-18,1.17595072992e-17,3.13865866576e-18,2.94340433653e-18,2.2844197346e-18,2.82196078092e-18],"var":[0.0000295797181025,0.0000114895883598,0.00000229529678109,4.21681050966e-7,0.00000158633270075,1.99753927177e-7,1.7799663965e-7,2.47439260193e-7,1.1237298736e-7,1.59667905564e-7,2.85362034447e-7,1.72641136942e-7,1.48282097712e-7,9.04213024455e-8,3.96266344183e-8,4.19866523771e-8,2.98032922785e-8,3.82926979015e-9,2.8085371806e-9,1.94577776114e-9,2.18399698326e-9,1.0433903741e-9,7.82401088362e-10,3.855699926e-10,4.45820491635e-10,2.98689850631e-10,2.0579893345e-10,2.09681841334e-10,9.66760629884e-11,8.10900582793e-11,6.81073877851e-11,2.39762012327e-11,3.70589635368e-11,6.52540382839e-11,4.9631333765e-11,2.44269344335e-11,2.85409248318e-11,2.8414560635e-11,1.6645568604e-11,1.13940454294e-11]},"melbands_crest":{"dmean":3.91591334343,"dmean2":6.42471790314,"dvar":13.8107328415,"dvar2":36.5264320374,"max":34.5058250427,"mean":13.3861627579,"median":12.0875530243,"min":2.38926625252,"var":35.3775253296},"melbands_flatness_db":{"dmean":0.0317995287478,"dmean2":0.0470478460193,"dvar":0.00118066254072,"dvar2":0.00239939102903,"max":0.609373509884,"mean":0.179411709309,"median":0.162655457854,"min":0.0124415848404,"var":0.00608634250239},"melbands_kurtosis":{"dmean":12.0590667725,"dmean2":18.8493919373,"dvar":1272.22314453,"dvar2":3196.69873047,"max":830.556762695,"mean":18.8836212158,"median":4.0285487175,"min":-1.70169210434,"var":2923.55834961},"melbands_skewness":{"dmean":0.885074198246,"dmean2":1.34920620918,"dvar":1.4292011261,"dvar2":3.37978363037,"max":21.8555412292,"mean":2.49464297295,"median":1.77054929733,"min":-1.9387075901,"var":5.99486446381},"melbands_spread":{"dmean":8.5743598938,"dmean2":13.407330513,"dvar":161.438079834,"dvar2":368.053741455,"max":236.730163574,"mean":27.8304615021,"median":25.9530258179,"min":0.298157930374,"var":363.443084717},"mfcc":{"cov":[[5803.52197266,-209.715454102,-790.766967773,-302.829650879,-170.602996826,-85.4954223633,59.4385986328,-53.2207641602,-47.4643707275,-50.4580421448,15.9780855179,-86.1819915771,-143.672103882],[-209.715454102,962.346923828,-300.863037109,164.615219116,-16.0494060516,-5.27060937881,70.9006958008,39.5791397095,54.4885635376,15.2934093475,44.7758331299,33.6371040344,17.9969158173],[-790.766967773,-300.863037109,1150.72302246,259.120941162,234.532745361,264.159698486,85.582321167,96.8416900635,72.8265380859,76.7591705322,-18.2596988678,-16.5095672607,-9.71956062317],[-302.829650879,164.615219116,259.120941162,440.173095703,158.298156738,124.98009491,78.1467437744,61.215461731,61.5130767822,54.3498458862,7.36854219437,-15.3546075821,-16.4883460999],[-170.602996826,-16.0494060516,234.532745361,158.298156738,261.092376709,110.049331665,70.0491943359,68.7257766724,29.1005020142,45.9151191711,11.1801261902,-7.54842996597,3.95657491684],[-85.4954223633,-5.27060937881,264.159698486,124.98009491,110.049331665,263.213195801,134.130371094,68.7483215332,52.1714897156,26.9909172058,28.6965351105,-0.0433140322566,-24.1029777527],[59.4385986328,70.9006958008,85.582321167,78.1467437744,70.0491943359,134.130371094,264.764251709,110.034248352,32.4743652344,28.9740619659,36.4540481567,7.63167285919,-6.26906871796],[-53.2207641602,39.5791397095,96.8416900635,61.215461731,68.7257766724,68.7483215332,110.034248352,147.549301147,37.5146598816,34.0180244446,26.4326152802,11.2513246536,12.3166618347],[-47.4643707275,54.4885635376,72.8265380859,61.5130767822,29.1005020142,52.1714897156,32.4743652344,37.5146598816,115.052062988,49.8605117798,12.6897916794,14.520152092,2.68567323685],[-50.4580421448,15.2934093475,76.7591705322,54.3498458862,45.9151191711,26.9909172058,28.9740619659,34.0180244446,49.8605117798,102.937599182,35.1186065674,11.7029743195,11.0165739059],[15.9780855179,44.7758331299,-18.2596988678,7.36854219437,11.1801261902,28.6965351105,36.4540481567,26.4326152802,12.6897916794,35.1186065674,90.4733657837,36.964214325,3.71551775932],[-86.1819915771,33.6371040344,-16.5095672607,-15.3546075821,-7.54842996597,-0.0433140322566,7.63167285919,11.2513246536,14.520152092,11.7029743195,36.964214325,88.7469100952,46.0288505554],[-143.672103882,17.9969158173,-9.71956062317,-16.4883460999,3.95657491684,-24.1029777527,-6.26906871796,12.3166618347,2.68567323685,11.0165739059,3.71551775932,46.0288505554,87.8246459961]],"icov":[[0.000212976985495,0.0000985224032775,0.00018657601322,0.0000590430099692,0.00000338645281772,-0.0000435078363807,-0.000112890716991,0.00000267896712103,-0.0000533335551154,-0.0000502848452015,-0.0000179958096851,0.0000910973758437,0.000300381390844],[0.0000985224032775,0.00149140274152,0.000635578471702,-0.000835971673951,0.000231398604228,0.0000383108126698,-0.000298265251331,-0.000149082290591,-0.000626414781436,0.000288165610982,-0.00040987788816,-0.000105379964225,-0.000175766050234],[0.00018657601322,0.000635578471702,0.00173858634662,-0.000530159159098,-0.000423046818469,-0.00127268687356,0.000293110642815,-0.000426954851719,-0.0000783103678259,-0.000688372005243,0.000849786039907,-0.000168902901351,0.000159743940458],[0.0000590430099692,-0.000835971673951,-0.000530159159098,0.00379210244864,-0.00149178109132,-0.000436830683611,-0.0000801411588327,0.0000997331881081,-0.000515080231708,-0.000717795745004,0.000467492995085,0.000409504718846,0.000720161595382],[0.00000338645281772,0.000231398604228,-0.000423046818469,-0.00149178109132,0.00619236053899,-0.00127039197832,0.0000935326461331,-0.0014239033917,0.000897397054359,-0.00133594183717,0.0000180975948751,0.000874248624314,-0.00110884523019],[-0.0000435078363807,0.0000383108126698,-0.00127268687356,-0.000436830683611,-0.00127039197832,0.00773231172934,-0.00286208023317,0.000443989847554,-0.00213341088966,0.00188539491501,-0.00190499506425,-0.000244625902269,0.00164841115475],[-0.000112890716991,-0.000298265251331,0.000293110642815,-0.0000801411588327,0.0000935326461331,-0.00286208023317,0.00693077035248,-0.00405668979511,0.000789062527474,-0.000337551377015,-0.000446972058853,-0.0000490940838063,0.00023063820845],[0.00000267896712103,-0.000149082290591,-0.000426954851719,0.0000997331881081,-0.0014239033917,0.000443989847554,-0.00405668979511,0.01147135254,-0.00191847409587,-0.000253131554928,-0.00157955335453,0.000795079569798,-0.00196538609453],[-0.0000533335551154,-0.000626414781436,-0.0000783103678259,-0.000515080231708,0.000897397054359,-0.00213341088966,0.000789062527474,-0.00191847409587,0.01313765347,-0.00618711719289,0.00284977490082,-0.00292565044947,0.00142231222708],[-0.0000502848452015,0.000288165610982,-0.000688372005243,-0.000717795745004,-0.00133594183717,0.00188539491501,-0.000337551377015,-0.000253131554928,-0.00618711719289,0.0161247514188,-0.00680418731645,0.00265994668007,-0.00270290556364],[-0.0000179958096851,-0.00040987788816,0.000849786039907,0.000467492995085,0.0000180975948751,-0.00190499506425,-0.000446972058853,-0.00157955335453,0.00284977490082,-0.00680418731645,0.0183602105826,-0.00898696295917,0.00460202293471],[0.0000910973758437,-0.000105379964225,-0.000168902901351,0.000409504718846,0.000874248624314,-0.000244625902269,-0.0000490940838063,0.000795079569798,-0.00292565044947,0.00265994668007,-0.00898696295917,0.0208882316947,-0.010804221034],[0.000300381390844,-0.000175766050234,0.000159743940458,0.000720161595382,-0.00110884523019,0.00164841115475,0.00023063820845,-0.00196538609453,0.00142231222708,-0.00270290556364,0.00460202293471,-0.010804221034,0.0186244100332]],"mean":[-632.147399902,111.220466614,-7.64683675766,17.3103904724,0.136265918612,1.76070475578,4.37599468231,2.27648687363,0.391560286283,-0.275009006262,-1.30041754246,3.64093470573,2.77321076393]},"pitch_salience":{"dmean":0.0850614532828,"dmean2":0.135970011353,"dvar":0.00650912662968,"dvar2":0.0166819412261,"max":0.938232600689,"mean":0.546461045742,"median":0.557766199112,"min":0.0853960067034,"var":0.0149626899511},"silence_rate_20dB":{"dmean":0,"dmean2":0,"dvar":0,"dvar2":0,"max":1,"mean":1,"median":1,"min":1,"var":0},"silence_rate_30dB":{"dmean":0.0256260912865,"dmean2":0.0512564480305,"dvar":0.0249729696661,"dvar2":0.067764557898,"max":1,"mean":0.983943402767,"median":1,"min":0,"var":0.0158001109958},"silence_rate_60dB":{"dmean":0.0296197682619,"dmean2":0.0591612569988,"dvar":0.0287414882332,"dvar2":0.0621427036822,"max":1,"mean":0.0539933443069,"median":0,"min":0,"var":0.0510844662786},"spectral_centroid":{"dmean":266.363098145,"dmean2":403.013061523,"dvar":94414.890625,"dvar2":195098.609375,"max":4776.890625,"mean":1528.73754883,"median":1548.67089844,"min":136.888381958,"var":338785.34375},"spectral_complexity":{"dmean":4.61485958099,"dmean2":6.78132820129,"dvar":29.2687149048,"dvar2":58.931312561,"max":58,"mean":22.0794506073,"median":22,"min":0,"var":147.832901001},"spectral_contrast_coeffs":{"dmean":[0.0565116330981,0.0510957092047,0.0427117682993,0.0336922034621,0.025936467573,0.0214225966483],"dmean2":[0.092280857265,0.0824185907841,0.067537240684,0.0525230057538,0.0403720140457,0.0330302715302],"dvar":[0.0024553607218,0.00188572541811,0.00124001794029,0.00077543896623,0.00051260960754,0.000430636748206],"dvar2":[0.0059072622098,0.00480949459597,0.00291813514195,0.00175838579889,0.00107974593993,0.000995813985355],"max":[-0.339722633362,-0.444756567478,-0.447600990534,-0.439526408911,-0.573435425758,-0.631542026997],"mean":[-0.673078835011,-0.709998965263,-0.744217455387,-0.767582893372,-0.774827897549,-0.769552528858],"median":[-0.686857581139,-0.710985958576,-0.751105904579,-0.769623398781,-0.777168989182,-0.773820102215],"min":[-0.979920327663,-0.978068768978,-0.969822108746,-0.973070561886,-0.949607431889,-0.916304886341],"var":[0.00792388897389,0.00539530767128,0.0054376097396,0.00332328071818,0.00231093983166,0.00185474788304]},"spectral_contrast_valleys":{"dmean":[0.523377895355,0.438068896532,0.375734418631,0.355121791363,0.352362662554,0.35865020752],"dmean2":[0.776557922363,0.679498016834,0.566355884075,0.513429939747,0.492629289627,0.437075614929],"dvar":[0.264716535807,0.199218183756,0.150876179338,0.154330685735,0.170897394419,0.200941428542],"dvar2":[0.456316828728,0.416561633348,0.290388643742,0.281472921371,0.313888669014,0.332483559847],"max":[-5.00682973862,-4.80041122437,-5.17456769943,-5.58219385147,-5.66660356522,-7.44520902634],"mean":[-7.41708803177,-6.85312843323,-7.21610021591,-7.60822153091,-7.44879674911,-9.86816310883],"median":[-7.24909591675,-6.69818258286,-7.02878236771,-7.45343399048,-7.31503200531,-9.84774112701],"min":[-18.3684196472,-18.9005298615,-20.2166538239,-20.1731376648,-20.2524814606,-22.2703018188],"var":[1.29977142811,0.822170972824,0.922484576702,0.900515556335,0.773150324821,0.850393235683]},"spectral_decrease":{"dmean":3.2091420632e-9,"dmean2":4.8246269202e-9,"dvar":2.46540006975e-17,"dvar2":5.28943653634e-17,"max":-1.1414154403e-21,"mean":-7.37149719043e-9,"median":-5.24427878901e-9,"min":-4.93999579021e-8,"var":4.96082580312e-17},"spectral_energy":{"dmean":0.0125848408788,"dmean2":0.0188119113445,"dvar":0.000359940255294,"dvar2":0.000769546371885,"max":0.187654420733,"mean":0.0300290118903,"median":0.0218503698707,"min":1.13414399739e-14,"var":0.000753805099521},"spectral_energyband_high":{"dmean":0.000545882969163,"dmean2":0.000797641347162,"dvar":0.00000142617795973,"dvar2":0.00000302212606584,"max":0.0196904111654,"mean":0.00105422607157,"median":0.000508755911142,"min":5.00859517909e-15,"var":0.00000290106891043},"spectral_energyband_low":{"dmean":0.00882190838456,"dmean2":0.0139599880204,"dvar":0.0003345485311,"dvar2":0.000753609638195,"max":0.183902606368,"mean":0.0121665932238,"median":0.00385580072179,"min":9.59186462218e-16,"var":0.000479081063531},"spectral_energyband_middle_high":{"dmean":0.00240631634369,"dmean2":0.00366185745224,"dvar":0.0000111451436169,"dvar2":0.0000266237457254,"max":0.0640701651573,"mean":0.00776921678334,"median":0.00513766985387,"min":2.62773993611e-15,"var":0.0000643387029413},"spectral_energyband_middle_low":{"dmean":0.00487351790071,"dmean2":0.00756164779887,"dvar":0.0000576310776523,"dvar2":0.000134270871058,"max":0.0864632800221,"mean":0.0102811418474,"median":0.00710111204535,"min":2.51553263456e-15,"var":0.000103433936602},"spectral_entropy":{"dmean":0.171463191509,"dmean2":0.238727271557,"dvar":0.0426444970071,"dvar2":0.0778447762132,"max":8.79769802094,"mean":7.68155288696,"median":7.70523357391,"min":5.08005952835,"var":0.159595072269},"spectral_flux":{"dmean":0.0334401987493,"dmean2":0.0525545850396,"dvar":0.00150208023842,"dvar2":0.00342885730788,"max":0.388515889645,"mean":0.0950419679284,"median":0.0821170806885,"min":0.000451966247056,"var":0.00331210158765},"spectral_kurtosis":{"dmean":1.29314529896,"dmean2":2.06774735451,"dvar":2.25045442581,"dvar2":5.63841342926,"max":29.5247383118,"mean":4.11135292053,"median":3.86765289307,"min":-1.26433384418,"var":5.98627233505},"spectral_rms":{"dmean":0.00104252737947,"dmean2":0.00149305898231,"dvar":0.00000163160279953,"dvar2":0.00000307010827783,"max":0.0135306129232,"mean":0.00489414203912,"median":0.00461708055809,"min":3.32638228073e-9,"var":0.00000534407035957},"spectral_rolloff":{"dmean":691.361938477,"dmean2":1146.67419434,"dvar":1726261,"dvar2":3803113.75,"max":17807.9589844,"mean":1811.50683594,"median":1464.2578125,"min":64.599609375,"var":2999736},"spectral_skewness":{"dmean":0.20372068882,"dmean2":0.318503260612,"dvar":0.0458385534585,"dvar2":0.109762072563,"max":4.26634502411,"mean":1.49036943913,"median":1.48694574833,"min":-0.133747249842,"var":0.143261745572},"spectral_spread":{"dmean":647249,"dmean2":891531.625,"dvar":676798726144,"dvar2":1289057992700,"max":16396529,"mean":4901774.5,"median":4484522,"min":1894719.375,"var":3050337468420},"spectral_strongpeak":{"dmean":0.615081429482,"dmean2":1.04956400394,"dvar":0.84868645668,"dvar2":2.14423584938,"max":9.05762195587,"mean":1.0692884922,"median":0.58608353138,"min":0,"var":1.59777498245},"zerocrossingrate":{"dmean":0.0141468718648,"dmean2":0.0161970593035,"dvar":0.000333681877237,"dvar2":0.000394085713197,"max":0.49072265625,"mean":0.069753497839,"median":0.06298828125,"min":0.00244140625,"var":0.00170817784965}},"metadata":{"audio_properties":{"analysis_sample_rate":44100,"bit_rate":224000,"codec":"mp3","downmix":"mix","equal_loudness":0,"length":279.066131592,"lossless":false,"md5_encoded":"22e4fd0e18c11aa77b27054c7fbebfe0","replay_gain":-14.1331481934,"sample_rate":44100},"tags":{"album":["Scream"],"albumartist":["Chris Cornell"],"artist":["Chris Cornell"],"date":["2009"],"discnumber":["1"],"file_name":"2214303.mp3","musicbrainz_recordingid":["5d6ff023-0b51-46f9-9fa8-44858b7cfe6f"],"title":["Time"],"tracknumber":["2"]},"version":{"essentia":"2.1-beta2","essentia_build_sha":"70f2e5ece6736b2c40cc944ad0e695b16b925413","essentia_git_sha":"v2.1_beta2","extractor":"music 1.0"}},"rhythm":{"beats_count":539,"beats_loudness":{"dmean":0.030824650079,"dmean2":0.0531727075577,"dvar":0.000753422034904,"dvar2":0.00224122428335,"max":0.216516554356,"mean":0.0693079158664,"median":0.0706246048212,"min":0.00208976771683,"var":0.00130542099942},"beats_loudness_band_ratio":{"dmean":[0.227070823312,0.137486353517,0.0794571340084,0.0840578153729,0.0369268283248,0.0302329938859],"dmean2":[0.398506343365,0.252932041883,0.135735079646,0.15423925221,0.0641363859177,0.0539222806692],"dvar":[0.0372452661395,0.0163968857378,0.00803071074188,0.00921290647238,0.0025409727823,0.00193077302538],"dvar2":[0.0929716452956,0.0405948683619,0.0214820746332,0.0268932152539,0.00732595147565,0.00538645265624],"max":[0.996633052826,0.715719938278,0.710569739342,0.569030642509,0.474308609962,0.621897876263],"mean":[0.58738297224,0.133438065648,0.117320798337,0.106017537415,0.0578132458031,0.0359894968569],"median":[0.631667912006,0.0837973803282,0.0725237578154,0.0699280574918,0.0323090218008,0.0208728797734],"min":[0.00372912851162,0.00272354506887,0.00017928602756,0.000119919197459,0.0000341967061104,0.000168707367266],"var":[0.0951753333211,0.0164