{"lowlevel":{"average_loudness":0.903872072697,"barkbands":{"dmean":[0.00101628736593,0.0194060318172,0.00584777398035,0.0012957007857,0.00154111755546,0.00139951263554,0.00105978467036,0.0016747462796,0.0014843037352,0.00086310331244,0.000867972965352,0.000745548459236,0.000548491312657,0.0003606340033,0.000277606217423,0.00032073238981,0.000250585348113,0.00019637751393,0.000182559408131,0.000126738916151,0.000128740633954,0.0000918285513762,0.0000763197240303,0.0000646597909508,0.0000391025459976,0.000038552825572,0.00000877318598214],"dmean2":[0.00153709703591,0.0313748791814,0.0101183885708,0.00216539180838,0.00265166698955,0.00236130994745,0.00177192536648,0.00267241732217,0.00243413122371,0.0014042352559,0.00143959384877,0.00127987132873,0.00091167568462,0.000597689067945,0.000460505252704,0.00054426479619,0.000415505841374,0.000330733601004,0.000295392354019,0.000208792902413,0.000203406831133,0.00014011975145,0.000118509822641,0.000103699814645,0.0000629476635368,0.0000635751712252,0.0000141149794217],"dvar":[0.00000374227875,0.00115400343202,0.000212195358472,0.00000898358848644,0.0000104146365629,0.0000113114792839,0.0000111781209853,0.0000318464881275,0.0000231512112805,0.0000124230773508,0.00000716184968041,0.00000624287440587,0.0000027874875741,0.00000169426800767,0.00000121452387702,0.00000119314552194,8.2358127429e-7,4.47002946657e-7,4.48371139328e-7,1.7772512706e-7,2.01577677217e-7,6.3032025821e-8,3.88087997294e-8,4.0164344739e-8,8.9536236203e-9,1.24429044845e-8,6.09242267746e-10],"dvar2":[0.00000842148165248,0.00293202535249,0.00054368522251,0.0000235262468777,0.0000275690890703,0.0000291778596875,0.000027554715416,0.0000788608231233,0.0000597526995989,0.0000300408682961,0.0000183257143362,0.0000167049183801,0.00000710146878191,0.00000438738288722,0.0000032288805869,0.000003225753062,0.00000226884048971,0.00000118174762065,0.00000120453319141,4.77352728012e-7,5.09783262714e-7,1.3457956527e-7,8.17474514747e-8,9.25384782136e-8,2.14132924725e-8,3.16050936533e-8,1.4999368414e-9],"max":[0.020124739036,0.273362904787,0.141931325197,0.0396291837096,0.0793126001954,0.0719100758433,0.0973707810044,0.164701297879,0.134669885039,0.15797123313,0.0855656787753,0.0551028028131,0.0488572493196,0.0335197784007,0.0384598337114,0.030701437965,0.0333131924272,0.0160761680454,0.0185081940144,0.00925129652023,0.00637650024146,0.00573074817657,0.00403080508113,0.00724718067795,0.00250787870027,0.00152109947521,0.000387885578675],"mean":[0.00136363261845,0.0268265418708,0.00540073635057,0.00139680574648,0.00160548475105,0.00133889296558,0.000989248161204,0.00166338740382,0.00149134581443,0.000864398141857,0.000854335143231,0.000651734124403,0.000582461303566,0.000347292370861,0.000276490580291,0.000307384645566,0.000263993220869,0.000192043313291,0.000177298774361,0.000125442747958,0.000132326284074,0.000110234752356,0.0000876124249771,0.0000646210246487,0.0000343484316545,0.0000295196678053,0.00000718772253094],"median":[0.000386694155168,0.00541724683717,0.000431093503721,0.000240871187998,0.000535946106538,0.000234632156207,0.000101268647995,0.000108674459625,0.000138650269946,0.0000726091311662,0.0000953125054366,0.0000402777295676,0.0000905228516785,0.0000523350063304,0.000040149774577,0.0000448051832791,0.0000494996165799,0.0000300632054859,0.0000288006995106,0.0000206540444196,0.0000196377259272,0.0000240942372329,0.0000154094432219,0.00000796496078692,0.00000189378238247,1.6110536194e-7,7.12959433713e-8],"min":[5.51871657201e-25,9.74848589807e-24,1.87486993622e-24,3.00676897823e-24,6.07295653756e-24,1.45070700055e-23,2.16692714815e-24,6.43808080754e-24,1.7704410029e-23,2.58140721064e-23,2.38430210932e-23,3.28123790519e-23,4.1842719114e-23,3.95818437596e-23,4.84749819776e-23,8.35769351436e-23,1.05244287326e-22,1.02421225515e-22,1.55676638314e-22,2.05722832422e-22,2.56892414946e-22,3.47080446237e-22,4.24993978548e-22,6.45956871596e-22,1.05248635528e-21,1.31462990804e-21,2.04781081438e-21],"var":[0.00000577884111408,0.00186499871779,0.000188623875147,0.00000825057486509,0.0000100821052911,0.0000105021827039,0.0000111537301564,0.0000351426715497,0.000023923937988,0.0000128552737806,0.0000078567845776,0.00000529441695107,0.00000311023268296,0.0000015308746697,0.00000111156327876,0.00000103283787212,6.93956963005e-7,3.82170100011e-7,3.60601546845e-7,1.48662238075e-7,1.98007015229e-7,9.12238320439e-8,5.51171730478e-8,4.99519252628e-8,9.14063758017e-9,9.89977344545e-9,5.27681232043e-10]},"barkbands_crest":{"dmean":4.09828996658,"dmean2":6.61029481888,"dvar":12.6881055832,"dvar2":29.5607833862,"max":26.6442375183,"mean":14.4922218323,"median":13.86723423,"min":2.58104228973,"var":35.4318733215},"barkbands_flatness_db":{"dmean":0.0467106625438,"dmean2":0.0703681856394,"dvar":0.00209690514021,"dvar2":0.00430663814768,"max":0.726023316383,"mean":0.20438323915,"median":0.198333799839,"min":0.0261486247182,"var":0.00643853517249},"barkbands_kurtosis":{"dmean":24.3384819031,"dmean2":39.5550460815,"dvar":3945.73168945,"dvar2":9673.484375,"max":1368.39941406,"mean":26.6123218536,"median":5.71673679352,"min":-1.96802008152,"var":4704.73828125},"barkbands_skewness":{"dmean":1.72378075123,"dmean2":2.61515760422,"dvar":4.4775519371,"dvar2":10.1804161072,"max":29.0176086426,"mean":3.04004669189,"median":2.13459229469,"min":-6.46837234497,"var":10.9190168381},"barkbands_spread":{"dmean":7.82478046417,"dmean2":12.1948413849,"dvar":108.50478363,"dvar2":246.444824219,"max":121.347648621,"mean":15.1282262802,"median":11.0272188187,"min":0.0621777884662,"var":212.909881592},"dissonance":{"dmean":0.0333687439561,"dmean2":0.0545939616859,"dvar":0.00133469945285,"dvar2":0.00321312760934,"max":0.500000119209,"mean":0.445935100317,"median":0.461682647467,"min":0.12231682986,"var":0.00269952067174},"dynamic_complexity":5.8465256691,"erbbands":{"dmean":[0.628031313419,4.28795099258,7.3771648407,4.77660369873,4.80562925339,4.88935375214,9.05459594727,11.2750530243,11.3845338821,24.5784626007,39.6652984619,33.3464431763,24.7689399719,30.0524482727,33.6623039246,27.3797569275,24.6268081665,18.7797737122,15.2294864655,13.8563871384,17.753408432,13.8828611374,10.9697980881,9.61947727203,8.14787101746,6.09722185135,5.6582069397,4.14944076538,3.43755674362,2.6862859726,2.15128874779,1.65306937695,0.899847686291,0.391934275627,0.332785606384,0.19536344707,0.0702184066176,0.00953560136259,0.00140010763425,0.000114308575576],"dmean2":[0.947559952736,7.11312198639,12.7397289276,7.77181625366,8.45292472839,8.267370224,14.9748058319,19.0868816376,18.8082847595,40.6477966309,63.2238502502,54.4212303162,39.6671829224,48.9602661133,55.4428482056,46.3674812317,40.5374450684,31.0751609802,24.840883255,22.1130599976,30.2206668854,23.0713977814,18.1936569214,15.8590431213,13.2665405273,10.0084581375,9.37530326843,6.29811382294,5.33769989014,4.09175825119,3.34311318398,2.63607001305,1.44525551796,0.628092288971,0.542118608952,0.321809083223,0.116972960532,0.0153500009328,0.00224228855222,0.000176856090548],"dvar":[1.31469094753,65.7828598022,350.681884766,98.6178436279,141.942687988,120.079170227,459.273925781,811.299621582,1197.90368652,7683.56542969,18915.7890625,12408.0625,7449.8125,12893.4824219,10305.6669922,7937.68212891,5250.67285156,4814.25537109,3269.83056641,2022.76904297,3730.42602539,2594.34448242,1307.24450684,1229.19787598,813.23626709,439.864318848,453.332275391,154.189376831,99.7500305176,47.0272140503,32.6992645264,24.6805610657,7.90660429001,0.826817750931,0.762338340282,0.309795230627,0.0436593368649,0.000715835485607,0.0000152490420078,6.88577159735e-8],"dvar2":[2.96216416359,170.400009155,934.061828613,234.88508606,393.888031006,296.137969971,1158.96826172,2109.62915039,2869.2722168,20272.7226563,47249.78125,31800.1210938,17568.25,32763.6679688,26183.7929688,21193.7441406,13154.3408203,12853.203125,8520.59570313,4809.29736328,10233.9306641,7134.42822266,3499.12548828,3273.16772461,2186.38818359,1189.39685059,1234.08984375,343.528808594,220.323959351,96.3547668457,70.111946106,55.5432319641,18.8226451874,1.84926259518,1.89326286316,0.784408867359,0.112360775471,0.00177204562351,0.0000369445260731,1.63886483051e-7],"max":[12.0228214264,67.5317459106,167.554321289,110.922195435,153.531845093,438.095367432,440.765563965,834.005126953,886.672790527,3494.75244141,3948.77954102,2660.41235352,3559.83081055,3619.09448242,2637.22167969,2160.50024414,1933.50622559,1903.97460938,2086.05957031,1386.61669922,1300.6348877,1850.95947266,1096.12231445,993.822692871,787.927185059,463.924560547,354.010253906,227.920639038,221.564788818,143.172653198,120.669052124,174.731674194,120.075965881,36.1858100891,15.4458312988,7.68017292023,3.1090836525,0.397439539433,0.0673052072525,0.00395580334589],"mean":[0.995780229568,5.0511469841,7.03740882874,5.36385202408,4.7793674469,5.23710393906,9.40143585205,10.6938714981,11.2991924286,23.5329761505,40.3875274658,34.6701126099,25.904466629,30.8660030365,34.0763473511,25.8090324402,27.1098136902,19.3128528595,15.5220661163,15.4020261765,17.2460765839,14.8742456436,11.3933897018,9.27825069427,8.03712654114,6.06115055084,5.55200147629,4.64000225067,4.02396965027,3.24251794815,2.4252884388,1.68076837063,0.881597101688,0.370462477207,0.27266022563,0.151498183608,0.052627723664,0.00772568583488,0.00118058896624,0.000128547733766],"median":[0.25094628334,0.715291678905,0.602960765362,0.852459669113,1.34110891819,1.55454003811,1.88422870636,1.98156273365,1.83867919445,2.43758606911,3.69412398338,4.32834243774,2.44004011154,3.48002195358,4.05964946747,2.43803262711,4.70805358887,2.98919939995,2.53363585472,3.05388784409,2.50484275818,2.79422998428,1.92076468468,1.57962334156,1.39126873016,1.04721474648,0.874262392521,0.773582041264,0.861532092094,0.632966339588,0.419591248035,0.231068342924,0.0942667648196,0.0315387882292,0.00876815337688,0.00158776133321,0.000190974824363,0.0000495106069138,0.0000356712007488,0.0000362466671504],"min":[2.42492838283e-22,2.06489100351e-21,3.06191869534e-21,1.33862824322e-20,1.4034371172e-20,1.84457431502e-20,8.77508995207e-20,1.35099157223e-19,5.39375138383e-20,4.31630307643e-20,2.42702029553e-19,4.08692285526e-19,5.15787126789e-19,9.07721224243e-19,9.90681959611e-19,1.57672567173e-18,2.34604179511e-18,2.22680950007e-18,2.78412285137e-18,3.3128190622e-18,4.89106726324e-18,5.78822611484e-18,6.61287431395e-18,8.36482010387e-18,7.50584101421e-18,9.55893224589e-18,9.48214755117e-18,1.54504897628e-17,1.04540128062e-17,1.42472811156e-17,1.36541868262e-17,1.35057649817e-17,1.08391083947e-17,8.75976079606e-18,6.55731052425e-18,4.85285151894e-18,2.37788514676e-18,1.07849069715e-18,2.69067817042e-19,3.05018165676e-20],"var":[2.64876317978,82.0144882202,293.551635742,112.729515076,104.401062012,139.860488892,484.841918945,732.575073242,1332.62634277,7136.98925781,20269.359375,12562.2373047,8401.54394531,12537.7216797,11732.0244141,7098.32177734,6232.72753906,4251.36083984,2987.83789063,2450.84423828,3098.59375,2170.42431641,1162.38366699,986.666870117,683.166015625,359.176727295,372.049530029,196.37953186,134.26701355,72.4823913574,44.6743812561,31.9810943604,8.72974395752,1.03075039387,0.672892987728,0.251016050577,0.0332960486412,0.0006156580057,0.0000136059652505,7.15582828548e-8]},"erbbands_crest":{"dmean":3.92082476616,"dmean2":6.44114637375,"dvar":12.618396759,"dvar2":31.2497787476,"max":32.0382919312,"mean":10.3156471252,"median":9.19417572021,"min":1.94043779373,"var":25.4384727478},"erbbands_flatness_db":{"dmean":0.0337715484202,"dmean2":0.0474987402558,"dvar":0.00101914722472,"dvar2":0.00187546992674,"max":0.452062934637,"mean":0.176829576492,"median":0.170391172171,"min":0.0222546625882,"var":0.00442746607587},"erbbands_kurtosis":{"dmean":2.54516744614,"dmean2":4.15956640244,"dvar":63.1960220337,"dvar2":162.168762207,"max":395.144927979,"mean":1.9665927887,"median":0.193497866392,"min":-1.88436377048,"var":69.3605422974},"erbbands_skewness":{"dmean":0.708763241768,"dmean2":1.09501814842,"dvar":0.592229962349,"dvar2":1.33759653568,"max":15.4890127182,"mean":0.424086153507,"median":0.37002903223,"min":-6.13246774673,"var":1.3532191515},"erbbands_spread":{"dmean":15.0300474167,"dmean2":22.9401607513,"dvar":282.073791504,"dvar2":667.120666504,"max":206.118453979,"mean":39.8057899475,"median":34.9600028992,"min":1.13524913788,"var":675.163452148},"gfcc":{"cov":[[21422.4960938,520.364379883,-439.688690186,536.012634277,-151.925109863,518.98425293,242.431182861,474.712097168,121.226348877,299.741851807,-4.2703037262,148.115859985,83.9722671509],[520.364379883,2121.58129883,-153.498809814,-176.675476074,186.680725098,-57.3375587463,223.480575562,-125.508766174,267.971984863,-217.648132324,143.213470459,-191.615127563,47.6291465759],[-439.688690186,-153.498809814,1977.87573242,411.347290039,564.269592285,329.792602539,147.341018677,155.920837402,-101.723022461,253.778411865,-94.3015899658,104.732383728,-65.3885040283],[536.012634277,-176.675476074,411.347290039,863.150146484,240.765991211,121.306015015,63.8312606812,41.6373138428,87.0011520386,61.2049293518,56.2140884399,24.7361755371,73.5249557495],[-151.925109863,186.680725098,564.269592285,240.765991211,819.239624023,233.325042725,190.688842773,107.499610901,15.7945384979,146.022369385,-26.8912773132,8.25583362579,-2.89847445488],[518.98425293,-57.3375587463,329.792602539,121.306015015,233.325042725,458.350860596,235.199981689,82.8373718262,17.8073234558,79.9896850586,8.61492538452,-6.29862308502,-11.0015516281],[242.431182861,223.480575562,147.341018677,63.8312606812,190.688842773,235.199981689,479.699432373,137.036407471,44.3276023865,42.0237541199,48.2473602295,29.2031078339,19.2327041626],[474.712097168,-125.508766174,155.920837402,41.6373138428,107.499610901,82.8373718262,137.036407471,244.681915283,59.8298950195,69.8718109131,14.9964265823,51.7940368652,22.0031890869],[121.226348877,267.971984863,-101.723022461,87.0011520386,15.7945384979,17.8073234558,44.3276023865,59.8298950195,252.078475952,13.0553388596,78.4206619263,-21.53490448,47.7617530823],[299.741851807,-217.648132324,253.778411865,61.2049293518,146.022369385,79.9896850586,42.0237541199,69.8718109131,13.0553388596,207.178024292,18.3120098114,53.4332885742,3.74009847641],[-4.2703037262,143.213470459,-94.3015899658,56.2140884399,-26.8912773132,8.61492538452,48.2473602295,14.9964265823,78.4206619263,18.3120098114,166.130554199,41.0029640198,53.8174324036],[148.115859985,-191.615127563,104.732383728,24.7361755371,8.25583362579,-6.29862308502,29.2031078339,51.7940368652,-21.53490448,53.4332885742,41.0029640198,171.205993652,51.3416519165],[83.9722671509,47.6291465759,-65.3885040283,73.5249557495,-2.89847445488,-11.0015516281,19.2327041626,22.0031890869,47.7617530823,3.74009847641,53.8174324036,51.3416519165,144.848495483]],"icov":[[0.0000717944421922,-0.00016542171943,0.000115873946925,-0.000156686437549,0.000139244075399,-0.000194798049051,0.000140611839015,-0.000282152090222,0.000194604261196,-0.000310901086777,0.000247994583333,-0.00021085604385,0.0000832537480164],[-0.00016542171943,0.00162038579583,-0.000647087639663,0.001003909274,-0.000940057681873,0.00109577621333,-0.00119108962826,0.00172287295572,-0.00176484824624,0.00217530620284,-0.00172150821891,0.00170095171779,-0.000715283094905],[0.000115873946925,-0.000647087639663,0.00116878631525,-0.000780059141107,0.000120835895359,-0.00083412748063,0.000586525944527,-0.000983107252978,0.00101027521305,-0.00147476687562,0.00120347482152,-0.00119501212612,0.000761090544984],[-0.000156686437549,0.001003909274,-0.000780059141107,0.00218281568959,-0.000886692490894,0.000627083296422,-0.00065027870005,0.00134807499126,-0.00153096287977,0.00158943899442,-0.00152889173478,0.00122428417671,-0.00119008333422],[0.000139244075399,-0.000940057681873,0.000120835895359,-0.000886692490894,0.00242162891664,-0.000993848661892,0.00028352875961,-0.00119126576465,0.000985602848232,-0.00209439639002,0.00148949655704,-0.000611266412307,0.000241647430812],[-0.000194798049051,0.00109577621333,-0.00083412748063,0.000627083296422,-0.000993848661892,0.004332175944,-0.00228753988631,0.0013022335479,-0.00114446145017,0.0010087848641,-0.00142449862324,0.00200794031844,-0.000358299585059],[0.000140611839015,-0.00119108962826,0.000586525944527,-0.00065027870005,0.00028352875961,-0.00228753988631,0.00423702225089,-0.00267945835367,0.00138985016383,-0.00100034591742,0.000412792316638,-0.00149938929826,0.000526997668203],[-0.000282152090222,0.00172287295572,-0.000983107252978,0.00134807499126,-0.00119126576465,0.0013022335479,-0.00267945835367,0.00803926214576,-0.00358459306881,0.00143831514288,-0.00095715286443,0.000318826118018,-0.000933941861149],[0.000194604261196,-0.00176484824624,0.00101027521305,-0.00153096287977,0.000985602848232,-0.00114446145017,0.00138985016383,-0.00358459306881,0.00771601498127,-0.00275387428701,-0.000528455013409,0.00028966323589,-0.000386012485251],[-0.000310901086777,0.00217530620284,-0.00147476687562,0.00158943899442,-0.00209439639002,0.0010087848641,-0.00100034591742,0.00143831514288,-0.00275387428701,0.00999615434557,-0.00332838180475,0.000707434373908,-0.000422719487688],[0.000247994583333,-0.00172150821891,0.00120347482152,-0.00152889173478,0.00148949655704,-0.00142449862324,0.000412792316638,-0.00095715286443,-0.000528455013409,-0.00332838180475,0.0107810823247,-0.00399920716882,-0.000574079575017],[-0.00021085604385,0.00170095171779,-0.00119501212612,0.00122428417671,-0.000611266412307,0.00200794031844,-0.00149938929826,0.000318826118018,0.00028966323589,0.000707434373908,-0.00399920716882,0.0106273954734,-0.00370183470659],[0.0000832537480164,-0.000715283094905,0.000761090544984,-0.00119008333422,0.000241647430812,-0.000358299585059,0.000526997668203,-0.000933941861149,-0.000386012485251,-0.000422719487688,-0.000574079575017,-0.00370183470659,0.00975149124861]],"mean":[-82.4997406006,103.163475037,-109.842018127,36.9080963135,-50.4761619568,20.6383590698,-22.3938808441,5.99349880219,-6.91067743301,-3.39253926277,-4.28641891479,-1.13910925388,-4.17501115799]},"hfc":{"dmean":10.086566925,"dmean2":15.5576314926,"dvar":313.355255127,"dvar2":787.59954834,"max":217.337097168,"mean":16.2258739471,"median":10.268368721,"min":1.11792837747e-16,"var":433.791442871},"melbands":{"dmean":[0.00542962085456,0.00430901208892,0.000846988055855,0.000338773766998,0.000292958284263,0.000256815750618,0.000183073803782,0.000287693750579,0.000331595976604,0.000199613001314,0.000125094855321,0.000123937948956,0.00011902134429,0.0000908045767574,0.000064682244556,0.0000486252502014,0.0000351640228473,0.0000262620633293,0.0000205457017728,0.0000189315887837,0.000021922038286,0.000014999322957,0.0000111500776256,0.0000105404724309,0.00000766284392739,0.00000714985071681,0.00000491154469273,0.00000383882934329,0.0000031290271636,0.00000387012869396,0.00000214414944821,0.00000198156590159,0.00000178346033408,0.00000142802628034,0.00000128236013097,0.00000115945283596,9.83238692243e-7,7.29171574676e-7,3.79715373811e-7,3.08261462578e-7],"dmean2":[0.00857880618423,0.007283792831,0.00139030325226,0.000590541458223,0.000481000781292,0.000433152075857,0.000303612468997,0.000470811850391,0.000532409234438,0.000326880079228,0.000199897011044,0.000203097311896,0.000196640292415,0.000155994988745,0.000108519314381,0.000080289762991,0.0000587980175624,0.0000435322872363,0.0000338389036187,0.0000307800946757,0.0000379576013074,0.000025120756618,0.0000184946129593,0.0000180022398126,0.0000127289367811,0.0000120669992612,0.00000792117953097,0.00000639201107333,0.00000518115757586,0.00000633307536191,0.00000325530709233,0.00000313474743052,0.00000274678950518,0.00000220343849833,0.00000201097554964,0.00000182810583738,0.00000158588773047,0.00000118042851227,6.10979498106e-7,4.94978962706e-7],"dvar":[0.000089524393843,0.0000943424092839,0.00000317527383231,5.98520841777e-7,4.20551998559e-7,3.96570612793e-7,2.8956824849e-7,9.58658006311e-7,0.00000127422015339,4.52829141295e-7,2.05215414439e-7,2.43529228783e-7,1.30031310164e-7,9.269811585e-8,5.11354087962e-8,2.3319710607e-8,1.8947901026e-8,9.75379954582e-9,6.89880197413e-9,4.99059016335e-9,6.37155972427e-9,3.30647131896e-9,1.70715763748e-9,1.55117674261e-9,8.329566481e-10,8.30615964897e-10,2.63108312915e-10,1.9391632744e-10,1.19078982785e-10,2.3347199174e-10,4.11468879802e-11,3.71353434114e-11,2.34163660684e-11,1.41441094947e-11,1.25268042467e-11,1.01004864195e-11,9.9216069388e-12,6.04601568463e-12,8.65584730628e-13,5.71105933812e-13],"dvar2":[0.000215399777517,0.00024827584275,0.00000769027701608,0.00000162869741871,0.00000104526270661,0.00000102619912923,6.94192237916e-7,0.00000249477420766,0.00000318772663377,0.00000115566194836,4.8213212267e-7,6.13179793163e-7,3.29421311562e-7,2.49364120464e-7,1.31669693815e-7,5.88684478942e-8,5.04690476077e-8,2.50082301534e-8,1.81987012127e-8,1.26772068398e-8,1.78031029918e-8,9.1599146046e-9,4.75310901749e-9,4.22999146821e-9,2.22553731e-9,2.30650321065e-9,6.83315848349e-10,5.3219145757e-10,3.21581927754e-10,6.2047167404e-10,9.02326338648e-11,8.40345432129e-11,5.07832977059e-11,2.97613080014e-11,2.73546428564e-11,2.26411042692e-11,2.24770497353e-11,1.461877841e-11,1.9713000763e-12,1.29095833416e-12],"max":[0.0892175808549,0.0763206258416,0.0190970879048,0.0145856942981,0.0130293322727,0.0168086960912,0.0113264005631,0.034716937691,0.0272591728717,0.0153810540214,0.0201259534806,0.0160962138325,0.0102276932448,0.0058778654784,0.00835933722556,0.00543690798804,0.00370480725542,0.00346507807262,0.00274636084214,0.00305653503165,0.00187035591807,0.00231035263278,0.00118874828331,0.000745495781302,0.000887944363058,0.000791790429503,0.000365027517546,0.000348718633177,0.000193296538782,0.000208459226997,0.000144505131175,0.000158084090799,0.000109509834147,0.0000908576912479,0.0000805957170087,0.000101918027212,0.0000998808027362,0.000101747027657,0.000031262403354,0.0000303779579554],"mean":[0.00803865678608,0.00478261569515,0.000960915989708,0.000345308013493,0.000316180405207,0.000244602531893,0.00017805043899,0.000280804961221,0.000336553057423,0.000202461756999,0.000126573097077,0.000123423713376,0.000119581738545,0.0000792875216575,0.000063211286033,0.0000529861899849,0.0000337395867973,0.0000252798017755,0.0000210093057831,0.0000197609606403,0.0000202798782993,0.0000155545112648,0.0000119033011288,0.00000955516770773,0.00000722581444279,0.00000661053172735,0.00000487944635097,0.00000373076113647,0.00000308148105432,0.00000369425379176,0.00000239182213591,0.00000226177212426,0.0000020941645289,0.00000168183726146,0.00000143036413647,0.00000119972742141,9.68266249401e-7,6.99294901096e-7,3.72895158307e-7,2.81460472706e-7],"median":[0.00181598879863,0.000507480639499,0.000174981338205,0.000117059375043,0.0000731893378543,0.0000448647915618,0.0000233106839005,0.0000240689096245,0.0000288216633635,0.0000204143598239,0.00000951623587753,0.0000129195286718,0.0000143233764902,0.00000515764531883,0.00000750989693188,0.00000877453294379,0.00000464275035483,0.00000384149643651,0.00000331783803631,0.00000343946680914,0.00000274994499705,0.00000266778283731,0.00000207094421967,0.00000137954748425,0.0000011350132354,0.00000101232274119,7.6827632256e-7,5.75953777116e-7,4.93845789151e-7,4.37771092265e-7,3.98759567588e-7,4.55180583003e-7,4.23012210149e-7,2.94086362373e-7,2.31900799008e-7,1.72417571775e-7,1.14387212591e-7,6.82250131945e-8,3.33746825731e-8,2.10860520156e-8],"min":[3.35724449563e-24,3.15269562392e-24,2.87158365984e-24,6.52986714045e-25,3.22573053589e-24,2.86696428759e-24,6.46241558875e-25,7.69528537536e-25,2.08780696315e-24,2.47472765716e-24,2.47964502161e-24,3.60505094951e-24,3.54373042476e-24,3.49127472444e-24,3.44857920567e-24,4.58382656779e-24,3.78639311111e-24,3.55160049559e-24,4.18537292456e-24,5.40622431667e-24,5.4523762295e-24,4.79757119107e-24,6.58553902668e-24,5.29429915372e-24,6.21983494394e-24,4.9111292961e-24,5.26942518609e-24,6.19224690036e-24,5.80661698001e-24,6.83990209797e-24,8.72753738136e-24,5.50306685355e-24,6.81169164314e-24,6.4407250693e-24,6.9576048782e-24,7.11387349036e-24,6.85928835472e-24,6.58638508e-24,7.32478570856e-24,7.01447543858e-24],"var":[0.000165178993484,0.0000925423373701,0.00000348178582499,5.13626844167e-7,4.71334487884e-7,3.64673581998e-7,3.18909656016e-7,9.56680423769e-7,0.00000137426582114,4.49558399396e-7,2.28479521525e-7,2.3180838582e-7,1.47009515672e-7,7.79808217999e-8,5.01774870543e-8,2.61360177944e-8,1.60371538271e-8,8.9171052764e-9,6.55174181574e-9,4.98057950438e-9,4.86051288107e-9,2.65347988027e-9,1.43067779845e-9,1.17504006525e-9,6.55985210596e-10,6.15385853386e-10,2.354152151e-10,1.51589407693e-10,1.006279296e-10,1.99736407969e-10,5.3804533745e-11,4.74322248145e-11,3.32331315245e-11,2.07930096752e-11,1.65280532316e-11,1.28728173954e-11,1.27979831593e-11,6.51978688052e-12,9.86714941524e-13,7.06251246721e-13]},"melbands_crest":{"dmean":5.06089067459,"dmean2":8.09589195251,"dvar":19.6104564667,"dvar2":45.4463386536,"max":37.5452651978,"mean":20.0211696625,"median":19.4427013397,"min":1.00285565853,"var":62.1100769043},"melbands_flatness_db":{"dmean":0.0538852103055,"dmean2":0.0802050456405,"dvar":0.00278909108602,"dvar2":0.00560963153839,"max":0.885105907917,"mean":0.281736165285,"median":0.27520263195,"min":1.98459375156e-7,"var":0.0107316942886},"melbands_kurtosis":{"dmean":47.6145515442,"dmean2":77.28074646,"dvar":12146.2978516,"dvar2":29644.2949219,"max":2489.91430664,"mean":58.8857383728,"median":14.6853981018,"min":-1.88539636135,"var":15593.2597656},"melbands_skewness":{"dmean":2.14533853531,"dmean2":3.2640542984,"dvar":6.68693161011,"dvar2":15.0742177963,"max":37.2690238953,"mean":4.48787403107,"median":3.25422692299,"min":-3.45264935493,"var":18.0685005188},"melbands_spread":{"dmean":9.57062530518,"dmean2":15.1033353806,"dvar":270.658721924,"dvar2":648.043579102,"max":265.424224854,"mean":16.946308136,"median":10.4232749939,"min":0.0862094461918,"var":489.507659912},"mfcc":{"cov":[[16357.5058594,883.120300293,-625.566162109,367.664093018,-261.528594971,288.614837646,3.10262489319,401.643768311,103.717147827,302.009216309,105.25415802,174.54598999,55.8345909119],[883.120300293,2107.74975586,-78.8481903076,-92.0550689697,60.2702903748,67.9302520752,56.8964653015,116.870300293,53.5623054504,87.6433792114,50.6225624084,24.7243804932,22.2301940918],[-625.566162109,-78.8481903076,1241.16137695,293.411712646,246.107681274,219.82635498,183.620498657,36.224822998,97.7923278809,18.0069580078,37.8299789429,72.4717941284,27.2844829559],[367.664093018,-92.0550689697,293.411712646,717.423400879,288.705963135,160.164016724,95.1350708008,54.1486167908,96.3368148804,34.8554840088,41.5976676941,52.5429725647,62.2904281616],[-261.528594971,60.2702903748,246.107681274,288.705963135,589.841186523,197.981460571,104.57019043,-11.156791687,94.3643264771,89.9943618774,24.8162097931,36.4253463745,39.760887146],[288.614837646,67.9302520752,219.82635498,160.164016724,197.981460571,427.384368896,237.823547363,83.4583969116,108.635543823,89.4083251953,74.0976638794,61.9709701538,18.0652370453],[3.10262489319,56.8964653015,183.620498657,95.1350708008,104.57019043,237.823547363,431.204711914,128.27003479,145.808227539,48.288860321,71.228515625,84.5676422119,13.8201971054],[401.643768311,116.870300293,36.224822998,54.1486167908,-11.156791687,83.4583969116,128.27003479,256.986694336,97.2099304199,51.4492607117,62.1444473267,45.1262969971,45.132610321],[103.717147827,53.5623054504,97.7923278809,96.3368148804,94.3643264771,108.635543823,145.808227539,97.2099304199,226.84916687,74.2150039673,53.2508201599,62.2221603394,9.51836490631],[302.009216309,87.6433792114,18.0069580078,34.8554840088,89.9943618774,89.4083251953,48.288860321,51.4492607117,74.2150039673,187.283187866,70.3902740479,32.295249939,23.368473053],[105.25415802,50.6225624084,37.8299789429,41.5976676941,24.8162097931,74.0976638794,71.228515625,62.1444473267,53.2508201599,70.3902740479,158.326431274,65.6324920654,22.0675201416],[174.54598999,24.7243804932,72.4717941284,52.5429725647,36.4253463745,61.9709701538,84.5676422119,45.1262969971,62.2221603394,32.295249939,65.6324920654,129.198440552,37.1382331848],[55.8345909119,22.2301940918,27.2844829559,62.2904281616,39.760887146,18.0652370453,13.8201971054,45.132610321,9.51836490631,23.368473053,22.0675201416,37.1382331848,115.942993164]],"icov":[[0.0000736482907087,-0.0000256577404798,0.0000475975684822,-0.0000761733026593,0.0000777302266215,-0.0000761587434681,0.0000596310128458,-0.0000971361660049,0.000045352287998,-0.00012287471327,0.0000893957912922,-0.000135289737955,0.0000624525855528],[-0.0000256577404798,0.000512258091476,0.0000190491155081,0.00014761343482,-0.000129814419779,-0.00000455510553365,1.98294376474e-8,-0.000198003705009,-0.00000563597177461,-0.0000862851447891,-0.0000611054201727,0.0000377840733563,-0.0000299670828099],[0.0000475975684822,0.0000190491155081,0.00101531774271,-0.000281991902739,-0.000145583151607,-0.000306814763462,-0.000123166653793,-0.00000203145009436,-0.0000369498193322,0.000147472324898,0.0000948245142354,-0.000338576588547,0.0000629109345027],[-0.0000761733026593,0.00014761343482,-0.000281991902739,0.00205195951276,-0.000863396038767,-0.000185228433111,0.000141948359669,-0.000156654219609,-0.000444713368779,0.000566870963667,-0.000302887434373,0.000125409569591,-0.000718932889868],[0.0000777302266215,-0.000129814419779,-0.000145583151607,-0.000863396038767,0.00276371859945,-0.000818786269519,-0.0000122379378809,0.000876904232427,-0.000482719595311,-0.00101351866033,0.000535877363291,0.0000381048921554,-0.000544806476682],[-0.0000761587434681,-0.00000455510553365,-0.000306814763462,-0.000185228433111,-0.000818786269519,0.00424869125709,-0.00182915793266,-0.000122458295664,0.000144255987834,-0.000838886131532,-0.000589993142057,0.000131823617266,0.000321066676406],[0.0000596310128458,1.98294376474e-8,-0.000123166653793,0.000141948359669,-0.0000122379378809,-0.00182915793266,0.00430355779827,-0.00115551170893,-0.00130330305547,0.00067510624649,-0.0000900171435205,-0.00125203689095,0.000539132277481],[-0.0000971361660049,-0.000198003705009,-0.00000203145009436,-0.000156654219609,0.000876904232427,-0.000122458295664,-0.00115551170893,0.00605223886669,-0.00180533912499,-0.000183193013072,-0.00110067764763,0.000791640137322,-0.00218939967453],[0.000045352287998,-0.00000563597177461,-0.0000369498193322,-0.000444713368779,-0.000482719595311,0.000144255987834,-0.00130330305547,-0.00180533912499,0.00735635496676,-0.0018986815121,0.000391263049096,-0.00202994351275,0.00158254185226],[-0.00012287471327,-0.0000862851447891,0.000147472324898,0.000566870963667,-0.00101351866033,-0.000838886131532,0.00067510624649,-0.000183193013072,-0.0018986815121,0.00804317183793,-0.00290449359454,0.000839291547891,-0.000975683971774],[0.0000893957912922,-0.0000611054201727,0.0000948245142354,-0.000302887434373,0.000535877363291,-0.000589993142057,-0.0000900171435205,-0.00110067764763,0.000391263049096,-0.00290449359454,0.00975849665701,-0.00400898419321,0.000436497590272],[-0.000135289737955,0.0000377840733563,-0.000338576588547,0.000125409569591,0.0000381048921554,0.000131823617266,-0.00125203689095,0.000791640137322,-0.00202994351275,0.000839291547891,-0.00400898419321,0.012274662964,-0.00329355057329],[0.0000624525855528,-0.0000299670828099,0.0000629109345027,-0.000718932889868,-0.000544806476682,0.000321066676406,0.000539132277481,-0.00218939967453,0.00158254185226,-0.000975683971774,0.000436497590272,-0.00329355057329,0.0109354676679]],"mean":[-721.07232666,124.828910828,7.18679952621,22.0002212524,5.42970705032,14.8144855499,1.21256363392,13.8795156479,2.17020750046,5.92730855942,3.02309417725,4.82971191406,2.20357346535]},"pitch_salience":{"dmean":0.120519563556,"dmean2":0.194429859519,"dvar":0.012036010623,"dvar2":0.0289472620934,"max":0.99594861269,"mean":0.44765624404,"median":0.45293238759,"min":0.0065722214058,"var":0.0334585085511},"silence_rate_20dB":{"dmean":0,"dmean2":0,"dvar":0,"dvar2":0,"max":1,"mean":1,"median":1,"min":1,"var":0},"silence_rate_30dB":{"dmean":0.120278500021,"dmean2":0.240577951074,"dvar":0.105821311474,"dvar2":0.224647477269,"max":1,"mean":0.846314489841,"median":1,"min":0,"var":0.13005413115},"silence_rate_60dB":{"dmean":0.0278503037989,"dmean2":0.0557054579258,"dvar":0.0270741358399,"dvar2":0.0595697425306,"max":1,"mean":0.161952838302,"median":0,"min":0,"var":0.135735839605},"spectral_centroid":{"dmean":397.307647705,"dmean2":598.630004883,"dvar":270326.34375,"dvar2":531784.6875,"max":11371.9794922,"mean":1159.53222656,"median":897.830505371,"min":54.0441703796,"var":828866.375},"spectral_complexity":{"dmean":4.40052223206,"dmean2":6.47454071045,"dvar":31.306388855,"dvar2":61.1685562134,"max":69,"mean":10.8215999603,"median":9,"min":0,"var":88.2919616699},"spectral_contrast_coeffs":{"dmean":[0.0620429627597,0.076234459877,0.0576836615801,0.046797581017,0.0351633429527,0.0318041779101],"dmean2":[0.0998401716352,0.118860952556,0.0899813324213,0.0716843232512,0.0543783940375,0.0490829907358],"dvar":[0.00283864233643,0.00457063224167,0.0026275368873,0.00173280679155,0.00109336024616,0.000940257217735],"dvar2":[0.00679014855996,0.010576274246,0.0060832737945,0.00400180043653,0.00246130255982,0.00226696301252],"max":[-0.224152982235,-0.267981857061,-0.346234083176,-0.410396069288,-0.514350950718,-0.533433258533],"mean":[-0.68255096674,-0.71789252758,-0.77533519268,-0.785574018955,-0.795234680176,-0.76102077961],"median":[-0.697641611099,-0.738259255886,-0.793661832809,-0.79405349493,-0.804259359837,-0.761866748333],"min":[-0.994645297527,-0.997676372528,-0.99748134613,-0.988244175911,-0.988557994366,-0.965276360512],"var":[0.0101922405884,0.0141453593969,0.00867139548063,0.00552647700533,0.00362210697494,0.00351298763417]},"spectral_contrast_valleys":{"dmean":[0.550771176815,0.681350290775,0.644143521786,0.575852811337,0.528840839863,0.592674136162],"dmean2":[0.855990827084,1.08258879185,1.00072515011,0.871868669987,0.76082855463,0.801933348179],"dvar":[0.304421961308,0.444489061832,0.422649353743,0.352918058634,0.323153704405,0.397738695145],"dvar2":[0.60240405798,0.998999118805,0.949497640133,0.773431122303,0.653997182846,0.71313560009],"max":[-4.88443088531,-4.62140703201,-4.81796455383,-5.23326873779,-5.20446395874,-7.54873847961],"mean":[-7.79081201553,-7.68636274338,-8.06318664551,-8.48879241943,-8.53819084167,-11.0721616745],"median":[-7.15933656693,-7.34148740768,-7.84960365295,-8.22468948364,-8.23630142212,-10.9419317245],"min":[-27.9010105133,-27.8117160797,-27.6010627747,-27.6395740509,-27.365606308,-27.3731040955],"var":[3.97781968117,2.6555287838,2.67459583282,2.5195543766,2.57136487961,2.45096325874]},"spectral_decrease":{"dmean":7.3270984835e-9,"dmean2":1.17066525362e-8,"dvar":1.25590210364e-16,"dvar2":3.27106918873e-16,"max":2.9615667534e-28,"mean":-1.21119390073e-8,"median":-6.23843554592e-9,"min":-8.44399252742e-8,"var":2.15708811714e-16},"spectral_energy":{"dmean":0.02826756984,"dmean2":0.0451860651374,"dvar":0.00183306168765,"dvar2":0.00476666726172,"max":0.321822136641,"mean":0.047184869647,"median":0.0250861607492,"min":1.02223287061e-20,"var":0.003168691881},"spectral_energyband_high":{"dmean":0.000458387832623,"dmean2":0.000701872399077,"dvar":0.00000110092310024,"dvar2":0.00000246962781603,"max":0.0144644575194,"mean":0.000524291128386,"median":0.000122378885862,"min":7.2437240217e-21,"var":0.00000144518753586},"spectral_energyband_low":{"dmean":0.0238375142217,"dmean2":0.0384999364614,"dvar":0.00176965643186,"dvar2":0.00451904302463,"max":0.312720239162,"mean":0.0342863872647,"median":0.00683604879305,"min":3.60508487053e-23,"var":0.00278224376962},"spectral_energyband_middle_high":{"dmean":0.00344286952168,"dmean2":0.00548561383039,"dvar":0.0000564713191125,"dvar2":0.000142329867231,"max":0.166109383106,"mean":0.00446980493143,"median":0.00126270437613,"min":1.29653341363e-21,"var":0.0000782958668424},"spectral_energyband_middle_low":{"dmean":0.00650930125266,"dmean2":0.0106285912916,"dvar":0.000109163513116,"dvar2":0.000280419131741,"max":0.185896649957,"mean":0.00872313696891,"median":0.00469659408554,"min":1.9674416906e-22,"var":0.000144139572512},"spectral_entropy":{"dmean":0.304410606623,"dmean2":0.452079594135,"dvar":0.0946001783013,"dvar2":0.193741217256,"max":9.8130531311,"mean":7.35247945786,"median":7.3757147789,"min":4.1792216301,"var":0.303601741791},"spectral_flux":{"dmean":0.0507874377072,"dmean2":0.0819891542196,"dvar":0.00375423557125,"dvar2":0.00885652378201,"max":0.503169357777,"mean":0.117308318615,"median":0.102263532579,"min":6.55018816964e-11,"var":0.008255478926},"spectral_kurtosis":{"dmean":2.8108458519,"dmean2":4.58353424072,"dvar":13.8273458481,"dvar2":34.06508255,"max":143.286071777,"mean":5.41028356552,"median":4.26321315765,"min":-1.27845823765,"var":23.6225070953},"spectral_rms":{"dmean":0.0017579162959,"dmean2":0.00267772632651,"dvar":0.00000439335690317,"dvar2":0.0000105917570181,"max":0.0177192781121,"mean":0.00556796602905,"median":0.00494715105742,"min":3.15800619162e-12,"var":0.000015031775547},"spectral_rolloff":{"dmean":535.453979492,"dmean2":896.739257813,"dvar":1165822,"dvar2":2613586,"max":19358.3496094,"mean":1034.35681152,"median":516.796875,"min":43.06640625,"var":2610191},"spectral_skewness":{"dmean":0.400046646595,"dmean2":0.617169499397,"dvar":0.167103409767,"dvar2":0.367819994688,"max":10.0530691147,"mean":1.67774355412,"median":1.64120686054,"min":-0.643994033337,"var":0.468720287085},"spectral_spread":{"dmean":1001015.4375,"dmean2":1487083.875,"dvar":1625453494270,"dvar2":3321439191040,"max":41416772,"mean":4506973.5,"median":3947054.75,"min":809206.75,"var":5466887290880},"spectral_strongpeak":{"dmean":0.455279439688,"dmean2":0.75242960453,"dvar":0.588150382042,"dvar2":1.48394322395,"max":9.84479141235,"mean":0.695645868778,"median":0.40038561821,"min":0,"var":0.852079868317},"zerocrossingrate":{"dmean":0.0124934129417,"dmean2":0.01447202079,"dvar":0.000260563421762,"dvar2":0.000311186915496,"max":0.51025390625,"mean":0.0412872806191,"median":0.03173828125,"min":0.001953125,"var":0.00173206161708}},"metadata":{"audio_properties":{"analysis_sample_rate":44100,"bit_rate":320031,"codec":"mp3","downmix":"mix","equal_loudness":0,"length":266.788574219,"lossless":false,"md5_encoded":"5d9a40323a323bd347ad8a63d5cd93ac","replay_gain":-13.4133167267,"sample_rate":44100},"tags":{"acoustid_fingerprint":["AQADtElEa5GSJAk88jgn_Mhh7ThpnDw8bUZ-6LOQPse5D9fR_PiRj9DOBrkUHn7AHc1xXDqaD2wjHT-Oe8hraLyRE704eBJfPFJ2fMc_VA-6qIEWSgEnncdJJnDE4E6Y4dJlfIMYXph3XLpwRlyCJzIaPsd0JjjT4xHP4SGHbVKyRcZ3nLiSoWGESl8SPK9WhCe0NNuRawvaH82ZBjfxLEcbT4MvpUN9SWiTBn5GlDzeIIl-IkyTVChFBQ05a2h2JyGqS7g0PDkR6gijHleOb6RQi0ezaanAPkHIcEJ_7BmuhPBD6OFx6Q1yJicc98HzI2eOxketY1QuCY_eCNmHPll2NN8LsnqOZkw5OJOc4lKK6AkSXvBRSnmIq8KlUPiRXFIi5Hxw7WrQ_oMVKRNRNceZCNMzsH6C6Ty-I352KKUufA8eZTR8BpeS41kc6D8q5ccj0Qqk9UWuH32iTAVzHs1aEXM4PGF41JcQZlDE8EqRPvBFCXV6sBoL81dxXRKiFvqiIb0o44rRj0ejVUfEG3r2gOGg-QXzPJGgJQm1I8-OUcvRVFmDMo9xjPeRVkzEEQqzDPlxJroQqS-hU0fa5GC0BeuPPxk-TYjORYSugvGRRkwU7QiVoz_c69CySUIeSceLB6eOZw0VXInRE-kTKLp8PIqIW-GCUTl049UcZEloD-Wa4uORVd0UaHmiHKWoK8iroQmV5UTXBK-D47wQKeTRKjSOcsmhpZqM-LJQ9miyB88a_BHWObDD4w5CijmaF4_h8N9w58KPEs2LXDluB0zCtugmIuyCtzru4P4hfnjxHJfj4MlRH4yVwekLKZIUHt-FOMcP4xG34OiNJifySAkUacqR1sGeqMKJ6sWP-OEOKU6GmOJxfKIFN8mnoL_AI87R8EWtZC--kEXt52h6xF54dFny4y7yZTl03vBx_CfcJDukpDa-IBcaRQlToWuiC9l2Qd8Q-hQa58QVHL5W44mi9ZisIY0MrWsF3UxwPqichYHy7cST46i-o88zhGniRXj6TDjuI1RyND3yJMKJdPKDTwk-EU2OfgkJPfgRPg6s40wYfMj0iccXiE06hFTzgM8TnJlQNLXxJfJw6mieI5yOczvxHVdonNCSx0UPWRfo-AidJMd1Hk8ON0cpMQe97MGPGwmfIzcuR0PTL0YlHleUozryNS8uRfiHc4T1Hkm_44mOaxIT9MP1oNlTRaiWJHPwCckRJg_RfngecI-Ldccr4Tp65ggTkeh4-D2a8MF_XMTDF2kTBnvW4ocfsD2exjgv4f-RHfJFIg1N4cqY48zR1CO6MgXf4-Th_ciV40oaxA9-NN9RJ7mDayUuMriRH65CpkIe_MEU7kPXLMePP0YbhUhjHcqPXID7wz-YC-EDG1qzg_lMPE-Poyku5EezozLORGiyHD_SQ8xjIvxR5Ybr4EtmFU0NPgvKCw4XxUKWKakoSMPRRE-D_jJyBvRROwhXycd9KNciFc7G4-TxHu2JKVsYQ55yHE19lNMyxORDnM9ws8MThkXTF73xScYPh8aVYJ3Q7EX45SPkSxj1HOFx402UIBch8chzuAlTtNEVgmyO6zHuwEfyiMeNJh-6aEeo6cjDDJd43IH3C8yOI9zEI92SwXWMeqjzoxnDQ9Z2cDq0d0LTG3oy_PB-IR9xR0ejDD_8Ie8FUV2CwJp6vFIOPwyYZ8jBNGI6