{"lowlevel":{"average_loudness":0.352945059538,"barkbands":{"dmean":[0.00000427811937698,0.000621773011517,0.00168869597837,0.00191320967861,0.00126720033586,0.000355497002602,0.000459796719952,0.000404929043725,0.000252067344263,0.000103176789708,0.000190109989489,0.0000845928443596,0.0000745484794606,0.0000510732679686,0.0000896198907867,0.000126395651023,0.00015822018031,0.00011296273442,0.000107884690806,0.0000463395335828,0.0000263150577666,0.0000172965537786,0.0000120010445244,0.0000098121654446,0.0000097250995168,0.00000543632495464,0.00000156872670232],"dmean2":[0.00000683527196088,0.00108297262341,0.00273042800836,0.00320327398367,0.0020671216771,0.000553211488295,0.000661353697069,0.000576004851609,0.00035396477324,0.000146964928717,0.000264430098468,0.000124992177007,0.000104151469714,0.0000742756019463,0.000120950346172,0.000173714492121,0.000224606279517,0.000160599636729,0.000150950771058,0.0000682836544001,0.0000379449156753,0.0000237725034822,0.0000169327977346,0.0000142437320392,0.0000150728155859,0.00000884051314642,0.00000254781252806],"dvar":[3.36911359922e-10,0.00000155483360231,0.0000109392512968,0.0000110270175355,0.0000084138209786,8.63074319568e-7,0.00000617367595623,0.0000103267921077,0.00000117116189813,1.62508200674e-7,0.00000174807678377,6.16880129201e-7,1.55491406417e-7,4.92850951161e-8,1.93033187657e-7,3.28489790036e-7,4.59375854689e-7,5.23541075381e-7,1.42367824196e-7,2.40826381059e-8,9.42134104065e-9,4.50633530491e-9,2.31394481354e-9,1.78416870167e-9,2.79080758503e-9,1.04983965965e-9,6.98843552471e-11],"dvar2":[8.25167489893e-10,0.00000465170978714,0.0000257094070548,0.0000307965783577,0.0000220253550651,0.00000181357563633,0.000011079030628,0.0000178421305463,0.0000020743289042,2.61431750914e-7,0.00000311690450872,0.00000138443010655,3.05840245574e-7,9.70989688653e-8,3.27032608993e-7,5.49198603039e-7,8.58150087879e-7,0.00000100844022199,2.71574975841e-7,5.19708365232e-8,2.02790815251e-8,9.33593558017e-9,5.03053687595e-9,4.05060429642e-9,7.38183647542e-9,2.88244472735e-9,1.87291668285e-10],"max":[0.000521309615579,0.0224437378347,0.0780980885029,0.0568475835025,0.0915663912892,0.0467266403139,0.158780127764,0.240771144629,0.0684588849545,0.0238197799772,0.0820927247405,0.0461759269238,0.0155455861241,0.00659290514886,0.0265526436269,0.0253292378038,0.0381633043289,0.0570265874267,0.0184883922338,0.00456859963015,0.00292488886043,0.00151512899902,0.00100828311406,0.00116456870455,0.0012058907887,0.000884533626959,0.000210476777283],"mean":[0.00000432726847066,0.00108243420254,0.00367095205002,0.00358703453094,0.00245766201988,0.000843439251184,0.0011384828249,0.000910264730919,0.000630174879916,0.000242180802161,0.000480066868477,0.000146754769958,0.000141532975249,0.0000857697741594,0.000165713674505,0.000286592607154,0.000353808456566,0.000231955185882,0.000242997499299,0.0000767001474742,0.0000387453183066,0.000025471450499,0.000017918744561,0.0000138793620863,0.0000116697938211,0.00000585969974054,0.00000173088972133],"median":[2.55277825545e-7,0.000526081887074,0.00177326006815,0.00211082887836,0.00136092142202,0.000218244254938,0.000100911405752,0.0000250659722951,0.0000180467413884,0.00000660641762806,0.00000333867819791,0.00000448815353593,0.00000323150106851,0.0000015519384533,0.00000150938171828,0.00000188644310128,0.00000286095018964,0.00000339940265803,0.00000381691370421,0.00000342969451594,0.00000219173807636,0.00000174746401171,0.0000012026175682,7.87698013482e-7,4.89707531415e-7,2.64199002231e-7,1.50547663225e-7],"min":[1.20516777113e-10,2.6277202636e-11,1.47315779935e-18,4.47505435174e-19,2.83294522247e-19,5.89992129523e-20,1.93065118193e-20,8.14332575091e-21,5.00943163902e-21,2.21593184076e-21,1.13337728846e-21,7.87457313411e-22,4.54373430578e-22,2.74977625489e-22,1.69088119361e-22,1.16615616301e-22,6.64181944022e-23,5.2578084204e-23,2.86022725769e-23,2.00672614326e-23,1.27577362383e-23,1.14571625631e-23,6.10075402371e-24,6.32896556713e-24,6.72016800092e-24,1.107455398e-23,9.92359408636e-24],"var":[3.57065210732e-10,0.00000266142228611,0.0000262998419203,0.0000231883514061,0.0000130544622152,0.00000369955273527,0.0000326684275933,0.0000334208889399,0.00000721977266949,0.00000120739059639,0.0000102864050859,0.00000120311699447,5.92833430346e-7,1.47824749774e-7,7.11483494342e-7,0.00000159473052008,0.00000174773856543,0.00000234579124481,6.70116946822e-7,5.26478167728e-8,1.54871386826e-8,7.41171835017e-9,3.70200448074e-9,2.41440489823e-9,2.52262588596e-9,7.97066967984e-10,5.79581452276e-11]},"barkbands_crest":{"dmean":2.20029640198,"dmean2":3.56532931328,"dvar":4.83233070374,"dvar2":12.2302427292,"max":26.9169902802,"mean":12.4852561951,"median":11.9090662003,"min":2.55941939354,"var":21.3771305084},"barkbands_flatness_db":{"dmean":0.0303182415664,"dmean2":0.0420142710209,"dvar":0.0014575565001,"dvar2":0.00235357461497,"max":1,"mean":0.264611005783,"median":0.259851932526,"min":0.0193152166903,"var":0.0165979098529},"barkbands_kurtosis":{"dmean":22.1022148132,"dmean2":31.55352211,"dvar":220951.59375,"dvar2":431994.71875,"max":43891.65625,"mean":43.952796936,"median":15.989906311,"min":-1.90093255043,"var":253860.0625},"barkbands_skewness":{"dmean":0.864505171776,"dmean2":1.28717315197,"dvar":4.31549263,"dvar2":7.98376607895,"max":167.309158325,"mean":3.36859893799,"median":2.65119743347,"min":-2.02857255936,"var":14.7361841202},"barkbands_spread":{"dmean":3.47607159615,"dmean2":5.12175989151,"dvar":46.8013343811,"dvar2":93.3942108154,"max":128.796340942,"mean":10.2542762756,"median":3.97636771202,"min":0.00306499213912,"var":181.263595581},"dissonance":{"dmean":0.0262061581016,"dmean2":0.0427512787282,"dvar":0.000787735334598,"dvar2":0.0020420611836,"max":0.500000178814,"mean":0.425692349672,"median":0.437854766846,"min":0.122098863125,"var":0.00314546469599},"dynamic_complexity":4.6672129631,"erbbands":{"dmean":[0.00592401297763,0.19358484447,1.53043854237,4.29914093018,5.93814325333,3.58212399483,2.99245142937,2.90455794334,4.53017711639,9.93904399872,7.16586494446,5.75756549835,4.03030920029,4.3019490242,6.4408364296,3.20031714439,3.11670732498,2.8334877491,2.70857906342,5.94040775299,6.12567234039,8.3349275589,5.59754323959,5.77331495285,4.07629537582,2.05152654648,1.36963868141,0.856423199177,0.650466799736,0.457164049149,0.336622625589,0.228961348534,0.157193779945,0.110951215029,0.0682901591063,0.0297345928848,0.00864403508604,0.00205792346969,0.000267838622676,0.000016412768673],"dmean2":[0.0102585740387,0.334597796202,2.50055480003,7.1545920372,9.91211700439,5.66645669937,4.72440385818,4.40921497345,6.63068246841,13.9407997131,9.91023826599,8.19868373871,5.43097925186,5.97004175186,8.75961685181,4.4395813942,4.3154335022,4.00272464752,3.62664318085,7.81329536438,8.18460845947,11.8333501816,7.72907018661,7.97723579407,5.59128713608,2.96017694473,1.98257005215,1.20390737057,0.89555478096,0.645073592663,0.476293176413,0.332323849201,0.229850277305,0.168950453401,0.108059130609,0.0482004843652,0.0141267888248,0.00340151973069,0.000432630622527,0.0000257498304563],"dvar":[0.000237491112784,0.137662246823,8.22929763794,47.7517585754,194.724334717,55.2563972473,58.0177154541,75.0913619995,633.403320312,4941.81494141,2687.28833008,613.405212402,287.062286377,595.356018066,2065.30297852,505.712982178,264.677337646,159.11529541,130.827102661,840.695861816,543.848144531,1291.41479492,1093.15002441,434.494415283,180.186004639,46.8101196289,24.957868576,10.0652093887,6.53873491287,3.15601825714,1.9373139143,1.06860876083,0.451747387648,0.321855783463,0.155532896519,0.0314954146743,0.00264296936803,0.000141778422403,0.00000198571387955,4.33450830783e-9],"dvar2":[0.000666095234919,0.406121939421,20.1329689026,132.426696777,530.190795898,129.068878174,137.751922607,147.496551514,950.372253418,10035.6582031,5108.95166016,1109.22644043,399.97543335,1040.54309082,3556.58447266,922.35559082,518.374694824,326.872497559,208.905334473,1303.46801758,888.711853027,2478.37329102,2152.3215332,837.662719727,324.395080566,101.037063599,54.2124671936,20.1577625275,13.0801753998,6.89231109619,4.35788011551,2.47002792358,1.04595124722,0.828664958477,0.421089679003,0.0864975899458,0.00726749235764,0.000391605164623,0.00000528039936398,1.11062528063e-8],"max":[0.406636059284,6.73136138916,67.3597946167,129.162338257,370.463134766,172.363525391,242.246749878,571.484619141,2202.53051758,4338.89257812,5203.44921875,1464.0949707,1091.70532227,1806.79504395,3736.78930664,1674.45214844,878.598266602,379.298492432,573.179504395,1949.13623047,987.146789551,1794.54968262,2530.69799805,640.329711914,617.620239258,177.968795776,133.563034058,70.2699584961,58.7880783081,46.3625068665,32.8074264526,31.8364448547,13.3975172043,15.1990232468,9.6769323349,4.65013504028,1.39419972897,0.327088177204,0.0394795648754,0.00174059567507],"mean":[0.0103260520846,0.366633445024,3.38933539391,8.78966808319,10.823638916,7.50723743439,6.61535692215,6.90226888657,12.1244850159,23.4896659851,18.1455974579,15.2550516129,10.5911417007,10.5628681183,14.8967370987,6.57192993164,6.44568157196,5.28014993668,5.30412244797,13.8684616089,16.1279144287,19.8354301453,12.9171533585,13.0071763992,9.34993457794,3.54625201225,2.09881663322,1.25024950504,0.946335375309,0.690083265305,0.488496631384,0.321097671986,0.216056019068,0.138905853033,0.077302493155,0.0320336148143,0.00922869052738,0.00224337168038,0.000300713145407,0.0000331331393681],"median":[0.00581988506019,0.199643969536,1.77614784241,5.76441478729,6.35804176331,3.78278017044,2.59983062744,1.61216759682,1.47523665428,1.14352369308,0.768067419529,0.520489692688,0.323485016823,0.243510186672,0.18240763247,0.224380925298,0.189526289701,0.0998159646988,0.0715211927891,0.0963732227683,0.126217737794,0.163489282131,0.189660161734,0.161619871855,0.209948718548,0.167701855302,0.113520301878,0.083738297224,0.0649372637272,0.0485014170408,0.0319335386157,0.0181572847068,0.0123975686729,0.00634498754516,0.0030801766552,0.00130891718436,0.000448876904557,0.000136849150294,0.0000316377627314,0.0000172899399331],"min":[1.88290147918e-8,2.30767849274e-9,3.01024039029e-10,1.07243040837e-10,5.70643948761e-11,3.58946622425e-11,2.47874533399e-11,1.82365719748e-11,1.40598487713e-11,1.1236662642e-11,9.23671469172e-12,7.76301158772e-12,6.63809849102e-12,5.75137463696e-12,5.03006230418e-12,4.42508399714e-12,3.90137575024e-12,3.43330767462e-12,3.00112582355e-12,2.58905613962e-12,2.18378830644e-12,1.77381406005e-12,1.34878989488e-12,8.99369662945e-13,4.17667338432e-13,1.16537489836e-13,6.79371760671e-13,1.29656257519e-12,1.95977218828e-12,2.65772191581e-12,3.36675132218e-12,4.0441209409e-12,4.6190863634e-12,4.98090674608e-12,4.96392120117e-12,4.33081999082e-12,2.75860541007e-12,1.61585290504e-13,4.88457711778e-12,6.90209521481e-12],"var":[0.000255422550254,0.257745325565,19.2172603607,105.76058197,259.725646973,123.657936096,198.605728149,317.087402344,4707.14746094,20635.921875,9030.31835938,4374.77294922,2497.08789062,3671.83520508,9607.35546875,1666.77258301,1109.7565918,502.430297852,496.394836426,4845.06298828,3576.95068359,5414.21044922,5651.09912109,2047.64770508,867.081726074,97.9930801392,42.4677581787,17.3342761993,10.895201683,5.12301206589,2.84640932083,1.40992379189,0.586334943771,0.320233404636,0.127431795001,0.0240942295641,0.0019852227997,0.000107097665023,0.00000169137183548,4.71727856777e-9]},"erbbands_crest":{"dmean":2.35071539879,"dmean2":3.71230244637,"dvar":6.36072254181,"dvar2":14.1410713196,"max":35.7714080811,"mean":12.528336525,"median":11.7553272247,"min":2.13647603989,"var":32.7866172791},"erbbands_flatness_db":{"dmean":0.0211011189967,"dmean2":0.0294904336333,"dvar":0.000647761742584,"dvar2":0.00115475885104,"max":0.404971271753,"mean":0.205576151609,"median":0.215819984674,"min":0.0325322933495,"var":0.00420404644683},"erbbands_kurtosis":{"dmean":4.01684093475,"dmean2":6.07258653641,"dvar":83.613243103,"dvar2":162.587844849,"max":319.90246582,"mean":14.0694055557,"median":3.71756148338,"min":-1.88465678692,"var":1602.09301758},"erbbands_skewness":{"dmean":0.579812765121,"dmean2":0.832519054413,"dvar":0.609507918358,"dvar2":1.12097299099,"max":16.6366767883,"mean":2.00027823448,"median":1.52124297619,"min":-3.80548739433,"var":7.20070505142},"erbbands_spread":{"dmean":8.56906032562,"dmean2":12.6604270935,"dvar":170.508850098,"dvar2":345.277740479,"max":180.821838379,"mean":30.0430316925,"median":20.8288021088,"min":1.28462898731,"var":671.099609375},"gfcc":{"cov":[[26176.3984375,1551.46374512,-4173.71875,399.450469971,-1132.86413574,-364.15814209,-843.204162598,436.402008057,-367.997406006,-433.940155029,-437.37588501,-306.049743652,-425.741729736],[1551.46374512,1961.8470459,26.2749290466,-308.167358398,-32.3302650452,-261.658721924,91.912612915,-57.9242210388,9.18734169006,-187.361724854,37.4576683044,-69.9481048584,26.0197067261],[-4173.71875,26.2749290466,2446.23779297,423.983703613,53.6608428955,202.078521729,77.5203399658,-364.545623779,-179.914718628,126.414909363,-28.0066509247,19.2114524841,21.0177459717],[399.450469971,-308.167358398,423.983703613,752.03125,173.283065796,12.6215600967,-149.980804443,-99.3396072388,-46.0234680176,20.0734634399,-60.1370429993,-80.863861084,-20.4976425171],[-1132.86413574,-32.3302650452,53.6608428955,173.283065796,366.711029053,44.3102378845,-0.831644237041,-34.4344100952,36.0147361755,-2.91374373436,0.363876461983,-25.480304718,29.0586624146],[-364.15814209,-261.658721924,202.078521729,12.6215600967,44.3102378845,264.807647705,82.0534667969,-53.8670120239,-68.2408828735,28.7738666534,-28.2267150879,31.1843681335,-7.60478448868],[-843.204162598,91.912612915,77.5203399658,-149.980804443,-0.831644237041,82.0534667969,199.666168213,41.7320022583,-6.39520740509,-32.5204582214,16.1735897064,25.9954624176,9.59337043762],[436.402008057,-57.9242210388,-364.545623779,-99.3396072388,-34.4344100952,-53.8670120239,41.7320022583,174.056777954,75.1789321899,-25.2199211121,5.27494859695,2.1987247467,-10.241689682],[-367.997406006,9.18734169006,-179.914718628,-46.0234680176,36.0147361755,-68.2408828735,-6.39520740509,75.1789321899,144.282791138,42.5473670959,27.7221794128,-21.0149555206,8.20596218109],[-433.940155029,-187.361724854,126.414909363,20.0734634399,-2.91374373436,28.7738666534,-32.5204582214,-25.2199211121,42.5473670959,127.904914856,31.1225070953,-1.39896285534,-11.6123065948],[-437.37588501,37.4576683044,-28.0066509247,-60.1370429993,0.363876461983,-28.2267150879,16.1735897064,5.27494859695,27.7221794128,31.1225070953,90.1055831909,33.6097183228,1.46616995335],[-306.049743652,-69.9481048584,19.2114524841,-80.863861084,-25.480304718,31.1843681335,25.9954624176,2.1987247467,-21.0149555206,-1.39896285534,33.6097183228,86.4249420166,23.8679504395],[-425.741729736,26.0197067261,21.0177459717,-20.4976425171,29.0586624146,-7.60478448868,9.59337043762,-10.241689682,8.20596218109,-11.6123065948,1.46616995335,23.8679504395,68.7720718384]],"icov":[[0.000350637739757,-0.000788158795331,0.000751968706027,-0.000855559017509,0.00105859874748,-0.00100281008054,0.00140556064434,-0.00128535612021,0.00155252788682,-0.000956618867349,0.00118648051284,-0.000401925877668,0.000805796240456],[-0.000788158795331,0.00279327458702,-0.00181790604256,0.00247267447412,-0.00237192981876,0.00318110920489,-0.0036512222141,0.00418541347608,-0.00400810036808,0.00399229442701,-0.00343451509252,0.00222843093798,-0.00170465162955],[0.000751968706027,-0.00181790604256,0.00249215052463,-0.00247220695019,0.00242039118893,-0.00172472849954,0.00155973574147,-0.00113487802446,0.00357205653563,-0.00347345951013,0.00352184846997,-0.00183220719919,0.00179253995884],[-0.000855559017509,0.00247267447412,-0.00247220695019,0.00486639980227,-0.00368180358782,0.00247003766708,-0.00133405916858,0.00274307560176,-0.00307262013666,0.00370715768076,-0.00347763067111,0.00358607177623,-0.00178040575702],[0.00105859874748,-0.00237192981876,0.00242039118893,-0.00368180358782,0.00723931798711,-0.00462045660242,0.0039952355437,-0.00252220453694,0.00208581029437,-0.00112436700147,0.00210730242543,0.00000694591881256,0.000624922802672],[-0.00100281008054,0.00318110920489,-0.00172472849954,0.00247003766708,-0.00462045660242,0.0122612128034,-0.00984867010266,0.00722322938964,-0.00183713028673,-0.0012607149547,0.00213803187944,-0.00273153814487,0.000518168439157],[0.00140556064434,-0.0036512222141,0.00155973574147,-0.00133405916858,0.0039952355437,-0.00984867010266,0.017542604357,-0.0112907849252,0.00639264192432,0.000742783478927,-0.000501385540701,0.00162377243396,0.00111246237066],[-0.00128535612021,0.00418541347608,-0.00113487802446,0.00274307560176,-0.00252220453694,0.00722322938964,-0.0112907849252,0.0212382674217,-0.0140139693394,0.00708282645792,-0.000720599084161,-0.00238754996099,0.0019381432794],[0.00155252788682,-0.00400810036808,0.00357205653563,-0.00307262013666,0.00208581029437,-0.00183713028673,0.00639264192432,-0.0140139693394,0.0246963761747,-0.0134122353047,0.00321180792525,0.00320419226773,-0.00133512273896],[-0.000956618867349,0.00399229442701,-0.00347345951013,0.00370715768076,-0.00112436700147,-0.0012607149547,0.000742783478927,0.00708282645792,-0.0134122353047,0.022409658879,-0.0114850942045,0.00543748401105,-0.000237211817876],[0.00118648051284,-0.00343451509252,0.00352184846997,-0.00347763067111,0.00210730242543,0.00213803187944,-0.000501385540701,-0.000720599084161,0.00321180792525,-0.0114850942045,0.0260430704802,-0.0143193313852,0.00793219637126],[-0.000401925877668,0.00222843093798,-0.00183220719919,0.00358607177623,0.00000694591881256,-0.00273153814487,0.00162377243396,-0.00238754996099,0.00320419226773,0.00543748401105,-0.0143193313852,0.025650812313,-0.0106508200988],[0.000805796240456,-0.00170465162955,0.00179253995884,-0.00178040575702,0.000624922802672,0.000518168439157,0.00111246237066,0.0019381432794,-0.00133512273896,-0.000237211817876,0.00793219637126,-0.0106508200988,0.0226689372212]],"mean":[-140.557327271,111.517150879,-63.7120513916,41.6151313782,-45.9697761536,-8.82604026794,-34.2594909668,-0.356034636497,-27.9742832184,-9.67962837219,-18.4446983337,-8.22200298309,-17.3732013702]},"hfc":{"dmean":2.74291801453,"dmean2":3.66620111465,"dvar":44.6653709412,"dvar2":81.6482696533,"max":216.494033813,"mean":8.973695755,"median":2.76783561707,"min":5.75989176355e-8,"var":285.678588867},"melbands":{"dmean":[0.000107526677311,0.000618871010374,0.000788879697211,0.000326467852574,0.000111506233225,0.0000665852494421,0.000074623945693,0.000105833649286,0.0000572675380681,0.0000344939544448,0.0000196241817321,0.0000168394290085,0.0000265080961981,0.0000104138289316,0.00000754089705879,0.00000758716123528,0.00000516677255291,0.00000418177251049,0.00000732631042411,0.00000833861304272,0.00000792207902123,0.00000916034150578,0.0000079956053014,0.00000434633602708,0.00000504114268551,0.00000390845070797,0.00000211013866647,0.00000133150126658,9.7632721463e-7,6.40940243102e-7,4.75415362189e-7,3.96209060227e-7,3.17232291991e-7,2.42018870722e-7,2.10347550933e-7,1.64307408568e-7,1.34431004994e-7,1.13809946356e-7,1.05762566704e-7,9.13478714892e-8],"dmean2":[0.000186885910807,0.00101928052027,0.00130501750391,0.000532970647328,0.000174786313437,0.000101783189166,0.000108244043076,0.000149578787386,0.0000784103685874,0.0000488224977744,0.0000266682254733,0.0000234940089285,0.0000367916472896,0.0000144496516441,0.0000108081330836,0.0000105702965811,0.00000743983446228,0.00000578407389185,0.00000966561219684,0.0000111993876999,0.0000107602363641,0.0000127759294628,0.0000116263590826,0.00000598748283664,0.00000713351982995,0.00000532705644218,0.00000311209396386,0.00000194953076971,0.00000142554688409,9.29855218601e-7,6.75041576415e-7,5.55817564418e-7,4.57920549479e-7,3.49009326328e-7,3.03348912212e-7,2.44014614736e-7,1.98805423679e-7,1.69413510775e-7,1.57151248459e-7,1.42566051409e-7],"dvar":[5.05002901718e-8,0.00000127107068693,0.00000178171865173,5.39791074061e-7,6.74794620181e-8,3.94598878017e-8,1.56593046086e-7,6.03859518833e-7,1.22938800473e-7,2.06148396131e-8,7.03551306103e-9,8.58057891406e-9,3.60946650346e-8,7.84613707339e-9,5.41193267978e-9,1.97649918654e-9,5.46062473017e-10,3.41750377997e-10,1.26125154765e-9,1.71788372416e-9,8.91293983063e-10,1.17635745589e-9,4.43368008973e-9,5.2673648776e-10,3.62135682552e-10,2.1996152122e-10,5.125320654e-11,2.26387623925e-11,1.33596033541e-11,5.27530579983e-12,3.25693486937e-12,2.53019480367e-12,1.6762068079e-12,8.51791239539e-13,7.33831073164e-13,6.1216282694e-13,3.76352649132e-13,2.25659944832e-13,2.56639056794e-13,2.40954066595e-13],"dvar2":[1.48156033219e-7,0.00000317472563438,0.00000488686873723,0.00000144858631757,1.58640887093e-7,7.8554684535e-8,2.37113894741e-7,0.00000117802585464,2.3248907155e-7,3.67929935408e-8,9.87767645455e-9,1.51169583518e-8,6.3638275094e-8,1.54399035779e-8,1.02989368145e-8,4.01736999223e-9,1.13780851407e-9,5.9171295641e-10,2.01267247313e-9,2.71825451037e-9,1.51374224266e-9,2.11895812008e-9,9.39054167759e-9,9.59090029617e-10,7.24810766961e-10,3.93068522175e-10,1.04301511872e-10,5.04133540469e-11,3.00405186837e-11,1.15512391319e-11,6.64500659359e-12,5.23718048095e-12,3.84155814798e-12,1.84038743446e-12,1.66027033701e-12,1.49873744058e-12,8.81556275461e-13,5.26859697363e-13,6.3457046692e-13,6.38200917894e-13],"max":[0.00468990858644,0.02697510086,0.0235483646393,0.022437710315,0.00667607085779,0.0117077575997,0.0352552272379,0.0486112982035,0.0342062711716,0.00802313350141,0.00526664126664,0.00675291521475,0.0105590159073,0.00630803592503,0.00737020233646,0.00195772922598,0.000740535440855,0.000855880731251,0.00177577836439,0.00206870236434,0.00128859013785,0.00138241180684,0.00571565888822,0.00223213597201,0.00060798600316,0.00100140681025,0.000369861896615,0.000125874285004,0.0000937774966587,0.0000488466976094,0.0000396632603952,0.0000458775139123,0.0000304389814119,0.0000204480056709,0.0000179874332389,0.0000222463477257,0.0000203592317121,0.0000119709930004,0.000016275625967,0.0000149189399963],"mean":[0.000188145626453,0.00134668429382,0.00166931084823,0.000642714090645,0.000250916520599,0.000159487404744,0.000197973509785,0.00024620493059,0.000144103411003,0.0000874715697137,0.0000496855936944,0.0000383535989386,0.0000635769174551,0.0000181478208106,0.0000138115947266,0.000014969631593,0.00000880004427017,0.00000695499875292,0.0000149590960064,0.0000193210653379,0.0000193923551706,0.0000205338910746,0.0000181354389497,0.00000843224188429,0.0000108429276224,0.00000872917189554,0.00000401979195885,0.00000197888630282,0.00000142219744248,9.11578410978e-7,6.57963767026e-7,5.52956748834e-7,4.4228906404e-7,3.62986099844e-7,2.99999726394e-7,2.16077836512e-7,1.87234832083e-7,1.53830541194e-7,1.35281183589e-7,1.09701836948e-7],"median":[0.0000992472705548,0.000734184985049,0.0011496860534,0.000396830379032,0.000108782478492,0.0000361885176972,0.0000225495859922,0.00000896199071576,0.00000503518731421,0.00000242884789259,0.00000124189114104,9.05403794604e-7,4.77650814901e-7,5.02425223203e-7,4.89314913921e-7,2.89373076612e-7,1.57796506528e-7,1.01730492474e-7,1.15681601187e-7,1.26772505382e-7,1.49926620452e-7,1.60264221449e-7,1.70488107187e-7,1.53704007744e-7,1.2111632941e-7,1.40929955705e-7,1.36299320275e-7,1.02929917034e-7,7.05338365492e-8,5.1179299021e-8,4.2888750329e-8,3.55713432043e-8,2.97703159902e-8,2.48306193384e-8,1.91251672277e-8,1.23419416909e-8,1.01004911102e-8,8.84440432003e-9,6.71804745167e-9,4.64105909259e-9],"min":[1.72023811862e-10,1.36282679489e-18,2.7762624125e-19,7.28840922312e-20,2.44221360006e-20,1.00856686138e-20,4.63164839818e-21,2.30494160416e-21,1.24323458823e-21,6.96220513635e-22,4.0275499251e-22,2.41803537935e-22,1.49008150957e-22,9.58234453391e-23,6.3010296359e-23,4.05414678073e-23,2.82268852265e-23,1.73367771814e-23,1.23899077531e-23,8.99955713187e-24,6.23451209551e-24,3.93715113542e-24,3.31880685359e-24,2.2710887365e-24,1.37860572518e-24,1.05002011182e-24,8.2643854096e-25,5.66534559973e-25,4.75991521158e-25,2.80460217063e-25,2.25335504475e-25,2.90358621835e-25,1.54463303977e-25,1.32277540116e-25,1.14359242581e-25,5.37660845684e-26,1.15150765892e-25,5.83664070558e-26,9.18155823884e-26,5.57206723503e-26],"var":[7.36500638254e-8,0.00000293357265946,0.00000356034138349,8.00481302576e-7,2.00340252832e-7,1.66138107716e-7,0.00000114858357847,0.00000239069186136,5.28728264726e-7,1.42529117397e-7,6.02600707111e-8,4.91428231442e-8,1.77380115929e-7,1.5202447301e-8,1.39202915861e-8,7.52537765436e-9,1.53259560598e-9,1.01164210342e-9,5.59565727087e-9,9.00405083826e-9,5.22979970441e-9,4.68661731645e-9,2.38015953613e-8,1.51880441557e-9,1.56328594514e-9,1.00069474929e-9,1.69243397075e-10,3.76140056602e-11,2.12928980003e-11,8.73718458694e-12,5.39991966073e-12,3.99223232597e-12,2.3126476862e-12,1.45026373723e-12,1.0717349317e-12,7.12775595924e-13,4.82119877875e-13,2.90234362151e-13,2.8124068829e-13,2.20174247757e-13]},"melbands_crest":{"dmean":3.03853058815,"dmean2":5.02763462067,"dvar":8.90991783142,"dvar2":23.8189544678,"max":40,"mean":18.2841377258,"median":17.7443084717,"min":4.17225170135,"var":39.0769348145},"melbands_flatness_db":{"dmean":0.0346543490887,"dmean2":0.0478595755994,"dvar":0.0019176894566,"dvar2":0.00313350302167,"max":1,"mean":0.355080276728,"median":0.359082400799,"min":0.0265206191689,"var":0.0190071128309},"melbands_kurtosis":{"dmean":747753.375,"dmean2":1308680.75,"dvar":1516344109430000,"dvar2":2653661918400000,"max":2028737024,"mean":29532010,"median":26.3203735352,"min":-1.89174354076,"var":59039105782100000},"melbands_skewness":{"dmean":13.3143901825,"dmean2":23.0292129517,"dvar":406560.75,"dvar2":712230.9375,"max":33275.4101562,"mean":488.286437988,"median":3.14838838577,"min":-1.38491368294,"var":15879749},"melbands_spread":{"dmean":3.7059109211,"dmean2":5.59482908249,"dvar":73.8485641479,"dvar2":156.427810669,"max":174.582000732,"mean":10.631072998,"median":3.43900847435,"min":8.61001669961e-9,"var":289.473510742},"mfcc":{"cov":[[13150.328125,67.3288116455,-2565.2512207,-127.134155273,-231.038284302,-774.984680176,-397.033599854,330.961608887,21.4974193573,259.708251953,-62.5448150635,41.0900840759,157.724090576],[67.3288116455,2237.52612305,231.20072937,12.9555511475,-129.720046997,-154.816253662,25.3649501801,66.8619689941,0.174794152379,-114.744255066,-47.2338638306,51.5275154114,22.0969257355],[-2565.2512207,231.20072937,1864.5826416,391.188140869,99.2445755005,426.340362549,191.748016357,-171.980758667,-39.6753349304,-139.326828003,20.0620250702,-58.9249000549,-134.859802246],[-127.134155273,12.9555511475,391.188140869,609.871704102,301.698852539,106.133605957,-3.87729120255,-60.4422454834,-14.3981170654,35.631893158,-12.9972400665,-43.6674346924,-58.4375457764],[-231.038284302,-129.720046997,99.2445755005,301.698852539,343.772186279,150.70980835,-3.11507725716,-60.756816864,-0.261990457773,25.8173999786,-12.4884748459,-25.3109931946,-38.0523796082],[-774.984680176,-154.816253662,426.340362549,106.133605957,150.70980835,353.536804199,137.789855957,-62.1459846497,3.45244431496,-40.5880203247,-1.75167870522,-24.7111053467,-53.9289016724],[-397.033599854,25.3649501801,191.748016357,-3.87729120255,-3.11507725716,137.789855957,165.586181641,48.4595108032,5.70340156555,-42.4168739319,0.334420591593,-16.7686481476,-21.1081676483],[330.961608887,66.8619689941,-171.980758667,-60.4422454834,-60.756816864,-62.1459846497,48.4595108032,160.871749878,32.6911239624,-6.62389087677,-7.12313842773,-8.47779464722,15.8684282303],[21.4974193573,0.174794152379,-39.6753349304,-14.3981170654,-0.261990457773,3.45244431496,5.70340156555,32.6911239624,93.5610351562,35.9580841064,0.817355215549,-2.98328828812,-15.4848527908],[259.708251953,-114.744255066,-139.326828003,35.631893158,25.8173999786,-40.5880203247,-42.4168739319,-6.62389087677,35.9580841064,110.300941467,32.4253387451,5.62178611755,1.24183046818],[-62.5448150635,-47.2338638306,20.0620250702,-12.9972400665,-12.4884748459,-1.75167870522,0.334420591593,-7.12313842773,0.817355215549,32.4253387451,94.129524231,40.6257286072,-2.35830950737],[41.0900840759,51.5275154114,-58.9249000549,-43.6674346924,-25.3109931946,-24.7111053467,-16.7686481476,-8.47779464722,-2.98328828812,5.62178611755,40.6257286072,86.9249191284,44.0373268127],[157.724090576,22.0969257355,-134.859802246,-58.4375457764,-38.0523796082,-53.9289016724,-21.1081676483,15.8684282303,-15.4848527908,1.24183046818,-2.35830950737,44.0373268127,100.108863831]],"icov":[[0.000117850890092,-0.0000177441852429,0.000179535461939,-0.000175469918759,0.000212484941585,-0.000111417255539,0.000198136869585,-0.000165030796779,0.000119415963127,-0.0000932457987801,0.0000587339491176,-0.0000138443465403,0.0000734540517442],[-0.0000177441852429,0.00056126806885,-0.000164238605066,-0.0000742893462302,-0.0000196601231437,0.000605778070167,-0.00034160411451,-0.0000261815930571,-0.00027604738716,0.000535404949915,0.000425767037086,-0.000698209507391,0.000158262759214],[0.000179535461939,-0.000164238605066,0.00161025323905,-0.00148906197865,0.00164452858735,-0.00140548939817,-0.0000473301806778,0.00105039752088,-0.000368341919966,0.00145286065526,-0.00105696695391,0.000758243259043,0.000311424315441],[-0.000175469918759,-0.0000742893462302,-0.00148906197865,0.00456915097311,-0.00434311106801,0.00172919419128,-0.00048007487203,-0.000671830552164,0.0012623895891,-0.00230939756148,0.00102856080048,-0.0000689846128807,0.000518509128597],[0.000212484941585,-0.0000196601231437,0.00164452858735,-0.00434311106801,0.00860518217087,-0.00478337705135,0.0027137058787,0.000286631344352,-0.0000986022205325,0.000243476752075,0.0000529988246853,0.000279467378277,0.00043060752796],[-0.000111417255539,0.000605778070167,-0.00140548939817,0.00172919419128,-0.00478337705135,0.0100335134193,-0.00798982009292,0.00397727405652,-0.00193038664293,0.00100511743221,0.000661106198095,-0.000762529321946,0.000469548889669],[0.000198136869585,-0.00034160411451,-0.0000473301806778,-0.00048007487203,0.0027137058787,-0.00798982009292,0.0159989204258,-0.00767890270799,0.00150607025716,0.00126061483752,-0.00144208525307,0.0011189780198,0.000428323284723],[-0.000165030796779,-0.0000261815930571,0.00105039752088,-0.000671830552164,0.000286631344352,0.00397727405652,-0.00767890270799,0.012945712544,-0.00536734517664,0.00327892927453,-0.00182448746637,0.00315160327591,-0.00243125157431],[0.000119415963127,-0.00027604738716,-0.000368341919966,0.0012623895891,-0.0000986022205325,-0.00193038664293,0.00150607025716,-0.00536734517664,0.0163003988564,-0.00823006220162,0.00395525433123,-0.00328826787882,0.00436755875126],[-0.0000932457987801,0.000535404949915,0.00145286065526,-0.00230939756148,0.000243476752075,0.00100511743221,0.00126061483752,0.00327892927453,-0.00823006220162,0.0183302592486,-0.00819565169513,0.00408638641238,-0.00247315713204],[0.0000587339491176,0.000425767037086,-0.00105696695391,0.00102856080048,0.0000529988246853,0.000661106198095,-0.00144208525307,-0.00182448746637,0.00395525433123,-0.00819565169513,0.0192411784083,-0.0119953379035,0.00579486321658],[-0.0000138443465403,-0.000698209507391,0.000758243259043,-0.0000689846128807,0.000279467378277,-0.000762529321946,0.0011189780198,0.00315160327591,-0.00328826787882,0.00408638641238,-0.0119953379035,0.0233535021544,-0.010526037775],[0.0000734540517442,0.000158262759214,0.000311424315441,0.000518509128597,0.00043060752796,0.000469548889669,0.000428323284723,-0.00243125157431,0.00436755875126,-0.00247315713204,0.00579486321658,-0.010526037775,0.0169260986149]],"mean":[-791.146240234,144.145858765,34.2634887695,51.3573150635,11.1205406189,0.376443564892,1.17514717579,2.26933288574,-5.72047185898,-4.68473100662,-4.67334032059,-3.14312553406,-3.93584513664]},"pitch_salience":{"dmean":0.0663077682257,"dmean2":0.108473286033,"dvar":0.00450812047347,"dvar2":0.011575541459,"max":0.912896454334,"mean":0.496383190155,"median":0.503693044186,"min":0.0000164827997651,"var":0.0194466579705},"silence_rate_20dB":{"dmean":0,"dmean2":0,"dvar":0,"dvar2":0,"max":1,"mean":1,"median":1,"min":1,"var":0},"silence_rate_30dB":{"dmean":0.00276421266608,"dmean2":0.00552893476561,"dvar":0.00275656883605,"dvar2":0.00586694059893,"max":1,"mean":0.994656324387,"median":1,"min":0,"var":0.00531489728019},"silence_rate_60dB":{"dmean":0.0422003120184,"dmean2":0.0844084024429,"dvar":0.0404165051877,"dvar2":0.0885291695595,"max":1,"mean":0.137276574969,"median":0,"min":0,"var":0.118437670171},"spectral_centroid":{"dmean":169.83354187,"dmean2":245.59362793,"dvar":99954.3984375,"dvar2":183724.390625,"max":11290.9765625,"mean":714.755371094,"median":362.286560059,"min":150.455230713,"var":500675.0625},"spectral_complexity":{"dmean":2.00442266464,"dmean2":3.00700330734,"dvar":17.8401622772,"dvar2":31.2714138031,"max":55,"mean":7.54615831375,"median":5,"min":0,"var":63.6186485291},"spectral_contrast_coeffs":{"dmean":[0.0466127246618,0.0441182591021,0.0335017181933,0.0241684094071,0.0182653367519,0.0137595012784],"dmean2":[0.0767259448767,0.0713635832071,0.0531480312347,0.0383065380156,0.0285234116018,0.0220087002963],"dvar":[0.00171365286224,0.00174252630677,0.000956726551522,0.000539350148756,0.000343199208146,0.00021489354549],"dvar2":[0.00452148122713,0.00418775202706,0.00213611195795,0.00112435023766,0.000677993171848,0.000496062450111],"max":[-0.283488810062,-0.27040502429,-0.404126018286,-0.452626436949,-0.521207213402,-0.603671073914],"mean":[-0.58462703228,-0.707605540752,-0.787951588631,-0.824712693691,-0.824325978756,-0.805366873741],"median":[-0.577580094337,-0.716497957706,-0.81592297554,-0.852931857109,-0.852472245693,-0.809301495552],"min":[-0.968355238438,-0.997899591923,-0.998354196548,-0.9945551157,-0.987427651882,-0.960101664066],"var":[0.00789333693683,0.0115118129179,0.00995710492134,0.00673730066046,0.00585519289598,0.00155898218509]},"spectral_contrast_valleys":{"dmean":[0.417490720749,0.433913230896,0.414936363697,0.353548943996,0.301366835833,0.27663898468],"dmean2":[0.660800933838,0.691233336926,0.632087886333,0.51598829031,0.408768802881,0.355425328016],"dvar":[0.169367149472,0.212082251906,0.224286362529,0.189962074161,0.170697778463,0.18574924767],"dvar2":[0.369209527969,0.475377649069,0.442234456539,0.33742493391,0.281753659248,0.31011351943],"max":[-5.6209692955,-4.95578289032,-5.45903921127,-5.92582035065,-5.55461883545,-8.00607299805],"mean":[-8.0245885849,-8.22514533997,-9.31640529633,-9.69162082672,-9.13859272003,-11.7017068863],"median":[-7.54372310638,-7.91212368011,-9.21397018433,-9.68750190735,-9.08562278748,-11.7316131592],"min":[-27.4100532532,-27.0603733063,-26.977481842,-26.9357337952,-27.2154769897,-27.2640895844],"var":[5.03313159943,5.70868587494,5.47785520554,5.53946638107,6.02010583878,4.66238021851]},"spectral_decrease":{"dmean":1.34594058121e-9,"dmean2":2.08795336576e-9,"dvar":5.14061648711e-18,"dvar2":1.17709571333e-17,"max":-3.35759836885e-16,"mean":-4.26053725633e-9,"median":-3.0855376032e-9,"min":-6.64204833356e-8,"var":2.08285087401e-17},"spectral_energy":{"dmean":0.00528391404077,"dmean2":0.00814875401556,"dvar":0.0000803462244221,"dvar2":0.000181700495887,"max":0.264701366425,"mean":0.0168940909207,"median":0.0120398625731,"min":1.27717458831e-9,"var":0.000339207967045},"spectral_energyband_high":{"dmean":0.0000952842965489,"dmean2":0.000130428612465,"dvar":1.37278917123e-7,"dvar2":2.90157004201e-7,"max":0.00807459652424,"mean":0.000148683917359,"median":0.0000116082292152,"min":7.28166073391e-23,"var":2.18396607465e-7},"spectral_energyband_low":{"dmean":0.00282835541293,"dmean2":0.00465124798939,"dvar":0.0000210095931834,"dvar2":0.0000536242914677,"max":0.109915055335,"mean":0.00647132983431,"median":0.00460736313835,"min":7.42667205511e-10,"var":0.0000489249287057},"spectral_energyband_middle_high":{"dmean":0.00074213964399,"dmean2":0.000950320565607,"dvar":0.00000512422275278,"dvar2":0.00000862852903083,"max":0.104453079402,"mean":0.00235722307116,"median":0.0000701035023667,"min":4.88407136705e-21,"var":0.0000430493855674},"spectral_energyband_middle_low":{"dmean":0.00358609878458,"dmean2":0.00565880071372,"dvar":0.0000494586020068,"dvar2":0.00011644672486,"max":0.245020121336,"mean":0.00969131849706,"median":0.00630872882903,"min":8.23069835101e-19,"var":0.00016934578889},"spectral_entropy":{"dmean":0.273922711611,"dmean2":0.379715561867,"dvar":0.114539511502,"dvar2":0.188733845949,"max":9.80881977081,"mean":6.59372138977,"median":6.57068920135,"min":4.41339349747,"var":0.812258601189},"spectral_flux":{"dmean":0.0184243917465,"dmean2":0.0288121085614,"dvar":0.000521880749147,"dvar2":0.00122954184189,"max":0.409308373928,"mean":0.0477811805904,"median":0.038106970489,"min":0,"var":0.00159314542543},"spectral_kurtosis":{"dmean":3.35461187363,"dmean2":5.40597200394,"dvar":17.3419742584,"dvar2":42.2695159912,"max":126.744445801,"mean":10.2900428772,"median":7.65115690231,"min":-1.23396515846,"var":102.559288025},"spectral_rms":{"dmean":0.000609536422417,"dmean2":0.000916713732295,"dvar":5.78837784815e-7,"dvar2":0.0000012643951095,"max":0.0160700101405,"mean":0.00357040786184,"median":0.0034272740595,"min":0.00000111625445243,"var":0.00000373443913304},"spectral_rolloff":{"dmean":240.150909424,"dmean2":410.132843018,"dvar":539160.25,"dvar2":1226063.125,"max":15159.375,"mean":744.704650879,"median":279.931640625,"min":21.533203125,"var":1374892.5},"spectral_skewness":{"dmean":0.363620817661,"dmean2":0.547812640667,"dvar":0.146230816841,"dvar2":0.302246689796,"max":9.59491252899,"mean":2.3011636734,"median":2.09645152092,"min":-0.243848487735,"var":1.30416238308},"spectral_spread":{"dmean":532619.5625,"dmean2":806406.0625,"dvar":761990217728,"dvar2":1673419685890,"max":49935780,"mean":4723461,"median":3709767.5,"min":897455.125,"var":24639363350500},"spectral_strongpeak":{"dmean":0.273766279221,"dmean2":0.44580951333,"dvar":0.599228799343,"dvar2":1.496265769,"max":28.2084655762,"mean":0.720960557461,"median":0.391010075808,"min":0,"var":1.71689891815},"zerocrossingrate":{"dmean":0.00707524176687,"dmean2":0.00783729180694,"dvar":0.000151248983457,"dvar2":0.000154399036546,"max":0.33056640625,"mean":0.0308286584914,"median":0.01904296875,"min":0,"var":0.00110736838542}},"metadata":{"audio_properties":{"analysis_sample_rate":44100,"bit_rate":0,"codec":"flac","downmix":"mix","equal_loudness":0,"length":252,"lossless":true,"md5_encoded":"00d08e0fbb4364beea3e2092e58d6e02","replay_gain":-2.34907150269},"tags":{"album":["L.A. Woman"],"albumartist":["The Doors"],"albumartistsort":["Doors, The"],"artist":["The Doors"],"artistsort":["Doors, The"],"asin":["B0000264WB"],"barcode":["07559750112"],"catalognumber":["7559-75011-2"],"date":["1991-02-22"],"discnumber":["1"],"disctotal":["1"],"file_name":"04 Cars Hiss by My Window.flac","genre":["Rock"],"label":["Elektra"],"media":["CD"],"musicbrainz_albumartistid":["9efff43b-3b29-4082-824e-bc82f646f93d"],"musicbrainz_albumid":["ce32e713-b9ee-4158-b84d-e49f9c582eae"],"musicbrainz_artistid":["9efff43b-3b29-4082-824e-bc82f646f93d"],"musicbrainz_recordingid":["5de2b982-9029-4315-929e-94f1c63ca62e"],"musicbrainz_releasegroupid":["7be633bd-d1f6-3d89-8939-803ae0ed0de8"],"musicbrainz_releasetrackid":["c0333bb1-c946-3daf-bffb-e96e1c47b33a"],"originaldate":["1971-04"],"releasecountry":["XE"],"releasestatus":["official"],"releasetype":["album"],"script":["Latn"],"title":["Cars Hiss by My Window"],"totaldiscs":["1"],"totaltracks":["10"],"tracknumber":["4"],"tracktotal":["10"]},"version":{"essentia":"2.1-beta1","essentia_build_sha":"7598a69e7b456135ce4c070efb04a3d0ebb71fdd","essentia_git_sha":"v2.1_beta1-6-g5578087","extractor":"music 1.0"}},"rhythm":{"beats_count":299,"beats_loudness":{"dmean":0.0233119949698,"dmean2":0.0424571149051,"dvar":0.000701647950336,"dvar2":0.00195696740411,"max":0.245826870203,"mean":0.0316143259406,"median":0.024700500071,"min":1.11646105694e-8,"var":0.000713233777788},"beats_loudness_band_ratio":{"dmean":[0.259804785252,0.157760754228,0.114040590823,0.047454867512,0.0837655887008,0.076090157032],"dmean2":[0.458367288113,0.288615077734,0.204858317971,0.0870711877942,0.154602766037,0.147111266851],"dvar":[0.0339434966445,0.0