{"lowlevel":{"average_loudness":0.961299180984,"barkbands":{"dmean":[0.00505538098514,0.00744447624311,0.00226290058345,0.00234187836759,0.00143820280209,0.00230200099759,0.000958812015597,0.000819459324703,0.00103541882709,0.0012074598344,0.000790070916992,0.000887057802174,0.000946874381043,0.000869907496963,0.000468709389679,0.000298332539387,0.000271703407634,0.000168588609085,0.000131321983645,0.000132361674332,0.000121895041957,0.000153867003974,0.0000811031641206,0.0000149756924657,0.00000234403682953,0.0000124795215015,0.00024104527256],"dmean2":[0.00849858764559,0.0123188011348,0.00386279611848,0.00384988659061,0.00236983387731,0.00370982708409,0.00160683819558,0.00139425671659,0.0017081850674,0.00203676288947,0.00132931442931,0.00149907520972,0.00161314546131,0.00145490083378,0.000793992076069,0.000499372312333,0.000448483449873,0.000267365743639,0.000209205027204,0.000203762843739,0.000176790548721,0.000226763819228,0.000120974713354,0.0000220819401875,0.00000393267418985,0.0000177996680577,0.000378990866011],"dvar":[0.000108826141513,0.00013439549366,0.0000122437149912,0.0000133970415845,0.00000359339219358,0.0000125845417642,0.00000231139415519,0.00000107596861199,0.00000222170956476,0.00000385525527236,0.00000129515763092,0.0000013661704088,0.00000116242449621,0.00000113095643428,4.03906398105e-7,1.55894028353e-7,1.23549810382e-7,6.63511556809e-8,8.7428254858e-8,1.07059918264e-7,4.34695550666e-8,6.78303209156e-8,1.92997706705e-8,6.49008236042e-10,1.35341104643e-11,3.65014546366e-10,5.90231650222e-8],"dvar2":[0.000266801303951,0.000339077436365,0.0000335774602718,0.0000342090606864,0.0000089508612291,0.0000317012236337,0.00000582911434321,0.00000289651370622,0.00000564786569157,0.0000100333354567,0.00000351566882273,0.000003652327905,0.00000320260596709,0.00000306404126604,0.00000108780182018,3.92492808032e-7,3.26516897076e-7,1.64552645288e-7,2.1005222095e-7,2.1201330469e-7,8.4975575021e-8,1.45206911384e-7,4.0831281467e-8,1.36503419679e-9,3.39296438168e-11,7.06293357133e-10,1.46302824078e-7],"max":[0.090450450778,0.102140523493,0.0605238154531,0.0850177481771,0.0517025627196,0.0814062058926,0.0355713330209,0.0204786304384,0.0242696888745,0.051142886281,0.0213626772165,0.028078418225,0.0156815946102,0.0160314980894,0.0160442832857,0.0175261255354,0.00642387103289,0.00537517294288,0.0124227562919,0.0108207138255,0.00701064197347,0.00410804571584,0.00269796815701,0.000441843032604,0.0000522650152561,0.000267559749773,0.003705132287],"mean":[0.0046080024913,0.00887092296034,0.00296254991554,0.00326575012878,0.00263070035726,0.00401302380487,0.00158575735986,0.00126671884209,0.00184282485861,0.0019583539106,0.00131479487754,0.00162019080017,0.00180944695603,0.00170888053253,0.000933375849854,0.000641603022814,0.000565609079786,0.000348944071447,0.000276303035207,0.000290813157335,0.000299483363051,0.000356807606295,0.000180170070962,0.0000300405718008,0.00000238120401264,0.0000313697892125,0.0008862685645],"median":[0.00101598107722,0.00433139875531,0.0015833536163,0.00162170897238,0.00178886135109,0.0026570991613,0.000920284423046,0.000929119996727,0.00116324890405,0.00137668009847,0.000930035836063,0.0012441171566,0.00148902996443,0.0012938764412,0.000722503114957,0.000502535025589,0.000437277747551,0.000211537757423,0.000172716609086,0.000151814892888,0.000197550194571,0.000196203356609,0.0000880426887306,0.0000131067608891,0.00000102012495518,0.0000180037968676,0.000807497301139],"min":[3.74127268322e-25,1.7962844017e-24,1.80381585398e-24,1.45766822472e-24,5.54073101747e-24,7.63008118977e-24,4.24604066691e-24,9.23878393454e-24,1.26517354207e-23,1.98860648159e-23,7.36754512507e-24,2.99853161377e-23,2.86999556451e-23,2.83318668358e-23,4.34255085669e-23,5.10566775958e-23,4.44095241937e-23,8.47313352596e-23,1.32360207118e-22,1.47157167729e-22,2.37676747793e-22,2.98501280977e-22,4.27322796915e-22,6.23854024017e-22,9.50290674562e-22,1.33032998185e-21,1.89175014595e-21],"var":[0.0000983640638879,0.000148583945702,0.0000208334968193,0.0000236742816924,0.00000839968197397,0.0000224982577492,0.0000046545578698,0.00000163977244938,0.0000051117658586,0.00000537562527825,0.00000198172415367,0.00000227022019317,0.00000215341515286,0.00000232929414778,7.2263014772e-7,3.58125703315e-7,2.57623270272e-7,1.71062183085e-7,1.73143746451e-7,2.71848591638e-7,1.30498506223e-7,1.8600907481e-7,5.26366363829e-8,1.74526515462e-9,1.44529119575e-11,1.25554866504e-9,2.5672790116e-7]},"barkbands_crest":{"dmean":2.35301399231,"dmean2":3.86850333214,"dvar":4.58182430267,"dvar2":11.6515760422,"max":19.6882019043,"mean":7.05664873123,"median":6.28487634659,"min":1.96397864819,"var":10.0118074417},"barkbands_flatness_db":{"dmean":0.0196477919817,"dmean2":0.0304602552205,"dvar":0.000435219350038,"dvar2":0.000993150169961,"max":0.349260956049,"mean":0.0929305627942,"median":0.0849825069308,"min":0.0277175996453,"var":0.00127412029542},"barkbands_kurtosis":{"dmean":2.00005722046,"dmean2":3.30498313904,"dvar":19.2232322693,"dvar2":46.9477043152,"max":144.953475952,"mean":2.63924312592,"median":1.48527860641,"min":-1.86321747303,"var":25.6735877991},"barkbands_skewness":{"dmean":0.467153310776,"dmean2":0.742101073265,"dvar":0.322329729795,"dvar2":0.714214801788,"max":11.1930685043,"mean":1.28159701824,"median":1.18511009216,"min":-3.07346773148,"var":0.908227086067},"barkbands_spread":{"dmean":6.48047447205,"dmean2":10.1713037491,"dvar":51.1738929749,"dvar2":121.307319641,"max":112.878364563,"mean":32.2646560669,"median":31.2592658997,"min":2.54219007492,"var":130.489852905},"dissonance":{"dmean":0.0118366228417,"dmean2":0.0202399734408,"dvar":0.000117872201372,"dvar2":0.000334912590915,"max":0.500000059605,"mean":0.4818816185,"median":0.484538733959,"min":0.349488228559,"var":0.000171450243215},"dynamic_complexity":1.592269063,"erbbands":{"dmean":[0.421903222799,1.05081534386,2.4445233345,5.02896595001,5.72312927246,5.85673379898,12.2502841949,20.0957565308,15.4364624023,11.8751802444,20.1937866211,22.1282424927,31.6846256256,35.6543388367,32.0271720886,32.1334266663,43.3790740967,40.1699409485,32.4688720703,17.5968704224,15.6467962265,14.013381958,9.24219036102,8.14794063568,5.39490604401,6.03870868683,5.60119438171,4.90205192566,5.90142965317,4.3263926506,1.88443887234,0.559117972851,0.126687452197,0.0280972216278,0.0166495833546,0.0138602834195,0.0268126484007,0.0365640521049,0.0119588896632,0.00518439430743],"dmean2":[0.697657644749,1.78330385685,4.18492746353,8.39876174927,9.37915706635,9.53011989594,19.6771850586,32.8117637634,25.7894153595,20.1455440521,33.9931221008,36.1739349365,53.2034835815,60.0778617859,53.7213745117,54.2435112,73.9196777344,67.3902587891,54.547668457,29.4946327209,26.2439479828,22.9489860535,14.5880765915,13.0035619736,8.33662319183,9.19078636169,8.56095790863,6.98963737488,8.7171497345,6.47345972061,2.78822469711,0.799403786659,0.192927405238,0.0465800277889,0.0278505366296,0.0218674447387,0.0373860448599,0.0513434968889,0.0165542233735,0.00806096754968],"dvar":[0.6144567132,2.13067793846,16.0128192902,54.6902427673,84.7116622925,66.2968978882,440.175109863,945.592590332,709.365478516,227.605041504,729.48260498,1162.41418457,2427.92456055,3923.41455078,1742.76538086,1910.5411377,2472.3347168,2118.78930664,1800.35119629,530.644287109,425.055786133,301.766418457,199.374664307,245.937942505,162.93510437,247.189788818,122.672843933,60.0358467102,100.591636658,57.3883476257,10.0316286087,0.897397994995,0.0482745990157,0.00177834741771,0.000670220353641,0.000334933487466,0.00178890267853,0.00353698409162,0.000253203645116,0.0000236369833146],"dvar2":[1.52276241779,5.79888010025,43.5434951782,142.495788574,212.065353394,159.884796143,1119.84667969,2360.23779297,1811.45788574,614.917419434,1926.34606934,2811.76367188,6323.14550781,10226.640625,4603.30029297,5138.80029297,6773.55615234,5787.81103516,4864.88476562,1392.18066406,1101.38244629,785.328857422,491.841339111,614.175964355,360.102203369,485.747924805,266.013153076,117.755912781,215.579116821,128.74206543,20.9689788818,1.83363282681,0.103778645396,0.00444921385497,0.00168183830101,0.000780129514169,0.00333297462203,0.00667294953018,0.000512168509886,0.000058078312577],"max":[6.44304227829,15.2465105057,62.9660987854,171.684448242,277.893798828,204.233764648,612.868591309,631.040527344,651.837158203,374.999450684,469.824981689,755.248046875,1337.99890137,1997.97912598,687.850646973,1409.88378906,781.960632324,644.714660645,920.56652832,684.554504395,725.220153809,316.679412842,284.339172363,673.544616699,407.916381836,578.162719727,349.876739502,259.905548096,185.640258789,147.866867065,59.7376060486,14.1886014938,4.61560773849,0.602837741375,0.364190489054,0.320453047752,0.601511001587,0.916272222996,0.386647075415,0.0902285799384],"mean":[0.435161739588,1.32548630238,3.32401132584,7.6247010231,8.88768100739,10.4072952271,20.5307636261,33.2838897705,25.7477550507,21.0959815979,33.0465621948,40.8435974121,54.7387657166,60.5899009705,60.7620277405,65.5153656006,85.6858291626,84.1193771362,68.351600647,39.7240943909,35.8093452454,31.1435089111,19.9763793945,17.2717990875,12.3169460297,13.3846559525,12.9285297394,11.9241600037,13.4853925705,9.42809581757,4.25623846054,1.25022280216,0.220700189471,0.0334204733372,0.0178350936621,0.0232245475054,0.0690343007445,0.103770121932,0.0447007156909,0.026693193242],"median":[0.146680116653,0.776255726814,1.88149929047,4.36039352417,5.32152080536,6.21910953522,12.8198080063,21.7005691528,14.5356836319,15.9100914001,23.2494316101,25.6971225739,38.7653274536,42.6329956055,46.1941108704,52.4876365662,70.4667892456,67.9583206177,52.1555480957,31.2730331421,29.1187725067,24.7281074524,12.9574365616,10.7309875488,7.4268951416,7.33058738708,8.17193031311,7.57348251343,7.28289222717,4.94043540955,2.16196107864,0.585930764675,0.0971011668444,0.0181451700628,0.00840079318732,0.0144957955927,0.039229772985,0.0668331980705,0.034503556788,0.0260138474405],"min":[8.68852473861e-23,5.80785045869e-22,3.02237275738e-21,4.60545811515e-21,8.10787169126e-21,1.81597616093e-20,2.33118495922e-20,6.13559733021e-20,1.06445795288e-19,1.80905059125e-19,2.7797993851e-19,2.53119981628e-19,4.9945889169e-19,5.58312430382e-19,9.3448816848e-19,1.58202820965e-18,1.79986622396e-18,1.43114839796e-18,2.69201380862e-18,2.7735448657e-18,3.80336735753e-18,3.66498500414e-18,5.54954976653e-18,5.29668354841e-18,6.79003034497e-18,6.92493729902e-18,8.59572426314e-18,9.65764218993e-18,9.07798296797e-18,1.14037054849e-17,1.05189919792e-17,1.0856412186e-17,1.05461747885e-17,8.73291299491e-18,6.4504689812e-18,4.40929742215e-18,2.35423129676e-18,9.16210268677e-19,2.41086287323e-19,2.69630506654e-20],"var":[0.60103815794,2.50063443184,22.7216720581,98.209312439,157.173934937,169.26600647,726.404785156,1625.71142578,1393.50646973,401.420410156,1192.08312988,2957.72192383,3905.91040039,5326.26074219,3182.11035156,3173.46801758,4573.28125,4683.65185547,3539.35473633,1149.02929688,935.136413574,702.346191406,494.733093262,521.41418457,385.483398438,601.496765137,317.037536621,188.807373047,272.953887939,136.806976318,28.3301029205,2.67586421967,0.109789930284,0.00206645624712,0.000724036653992,0.000674012117088,0.00625287694857,0.0120146470144,0.00140973948874,0.000161578544066]},"erbbands_crest":{"dmean":1.77126646042,"dmean2":3.0203666687,"dvar":2.76696395874,"dvar2":7.59636640549,"max":25.5905590057,"mean":6.29561328888,"median":5.86028385162,"min":2.62415575981,"var":4.82797718048},"erbbands_flatness_db":{"dmean":0.0143033433706,"dmean2":0.0222346745431,"dvar":0.000154712644871,"dvar2":0.000360754289431,"max":0.269732773304,"mean":0.137024149299,"median":0.133095219731,"min":0.0546756312251,"var":0.000886522931978},"erbbands_kurtosis":{"dmean":0.603031277657,"dmean2":0.988368213177,"dvar":0.533670961857,"dvar2":1.27725052834,"max":16.75066185,"mean":0.3041677773,"median":0.0710232257843,"min":-1.52579164505,"var":1.39584231377},"erbbands_skewness":{"dmean":0.256472557783,"dmean2":0.408708423376,"dvar":0.0495346337557,"dvar2":0.120064377785,"max":1.85105586052,"mean":0.0215746834874,"median":0.0851701796055,"min":-3.411267519,"var":0.251755207777},"erbbands_spread":{"dmean":5.48463058472,"dmean2":8.70715999603,"dvar":28.9316978455,"dvar2":66.6782226562,"max":124.739341736,"mean":30.773141861,"median":29.6629924774,"min":6.39208555222,"var":123.651657104},"gfcc":{"cov":[[26013.1640625,1787.04650879,-2212.79711914,-70.7980957031,-672.824707031,-239.600402832,81.0742950439,-720.006286621,138.20690918,-235.979644775,-181.40663147,105.950569153,-299.368988037],[1787.04650879,1076.18115234,-194.986557007,-328.857269287,178.845870972,-81.1107940674,-4.42190504074,-27.5356483459,-3.87483501434,5.08709669113,66.5930786133,-80.8011016846,105.888092041],[-2212.79711914,-194.986557007,451.469696045,103.248275757,-7.10397148132,162.39024353,-58.1602745056,79.2322845459,-7.98927974701,34.9628219604,-11.4732465744,30.250579834,9.01005554199],[-70.7980957031,-328.857269287,103.248275757,323.862182617,-19.5887470245,-3.57297182083,60.916759491,3.92851519585,-5.75668668747,-32.2924690247,-30.9896259308,38.7683906555,-65.1631317139],[-672.824707031,178.845870972,-7.10397148132,-19.5887470245,188.013778687,-18.9812698364,29.1050033569,56.2057037354,-16.8367538452,15.6576452255,41.5319023132,-44.5329856873,54.3924217224],[-239.600402832,-81.1107940674,162.39024353,-3.57297182083,-18.9812698364,205.962768555,-35.8039665222,32.9870681763,29.9776229858,28.7151069641,-20.022939682,31.9613418579,1.97610843182],[81.0742950439,-4.42190504074,-58.1602745056,60.916759491,29.1050033569,-35.8039665222,112.040527344,-14.7432432175,29.2132301331,-11.9200153351,5.61368227005,8.35236930847,-18.7918052673],[-720.006286621,-27.5356483459,79.2322845459,3.92851519585,56.2057037354,32.9870681763,-14.7432432175,139.695587158,-23.5826759338,31.5715847015,20.2917518616,-24.3391304016,48.2955627441],[138.20690918,-3.87483501434,-7.98927974701,-5.75668668747,-16.8367538452,29.9776229858,29.2132301331,-23.5826759338,96.0032272339,24.2134552002,4.79197406769,36.5079727173,-19.8931751251],[-235.979644775,5.08709669113,34.9628219604,-32.2924690247,15.6576452255,28.7151069641,-11.9200153351,31.5715847015,24.2134552002,65.9781112671,37.9087371826,5.44099235535,27.6948852539],[-181.40663147,66.5930786133,-11.4732465744,-30.9896259308,41.5319023132,-20.022939682,5.61368227005,20.2917518616,4.79197406769,37.9087371826,62.9885978699,8.58140468597,32.816204071],[105.950569153,-80.8011016846,30.250579834,38.7683906555,-44.5329856873,31.9613418579,8.35236930847,-24.3391304016,36.5079727173,5.44099235535,8.58140468597,69.626121521,-4.29607391357],[-299.368988037,105.888092041,9.01005554199,-65.1631317139,54.3924217224,1.97610843182,-18.7918052673,48.2955627441,-19.8931751251,27.6948852539,32.816204071,-4.29607391357,79.8766937256]],"icov":[[0.000414926500525,-0.00149061065167,0.00291119096801,-0.00235970783979,0.00223247241229,-0.00183956231922,0.00101226277184,0.0000268731055257,0.000684970291331,-0.00140076887328,0.000630213529803,-0.000454707420431,0.000397785479436],[-0.00149061065167,0.00731478258967,-0.0104781650007,0.00982983969152,-0.0090446928516,0.0065223663114,-0.00369855924509,0.00120791140944,-0.00373446848243,0.0072832563892,-0.00398687599227,0.0035992928315,-0.00330893672071],[0.00291119096801,-0.0104781650007,0.0245836656541,-0.0182265359908,0.0152718015015,-0.0154528180137,0.00898330844939,-0.000981110497378,0.00569622498006,-0.0113562019542,0.00494595710188,-0.00420848559588,0.00294621661305],[-0.00235970783979,0.00982983969152,-0.0182265359908,0.0218469891697,-0.0164749994874,0.0132027296349,-0.00929920468479,-0.0023303180933,0.000723472214304,0.00603264756501,0.00124966620933,-0.00621868157759,0.00535785546526],[0.00223247241229,-0.0090446928516,0.0152718015015,-0.0164749994874,0.0257728938013,-0.0128489285707,0.00261173443869,0.000304946996039,-0.00117701548152,-0.00034260834218,-0.00797976739705,0.0119630219415,-0.00786059070379],[-0.00183956231922,0.0065223663114,-0.0154528180137,0.0132027296349,-0.0128489285707,0.0184945296496,-0.00364833301865,-0.00272313691676,-0.00224653282203,-0.000543088070117,0.00729389721528,-0.00702753895894,0.00230740802363],[0.00101226277184,-0.00369855924509,0.00898330844939,-0.00929920468479,0.00261173443869,-0.00364833301865,0.0176050122827,-0.000144202684169,-0.00466285133734,0.000617420417257,-0.00137096026447,-0.000698770629242,0.00178829056676],[0.0000268731055257,0.00120791140944,-0.000981110497378,-0.0023303180933,0.000304946996039,-0.00272313691676,-0.000144202684169,0.0143304038793,-0.00157854286954,0.0000401694160246,-0.00413830997422,0.0102565372363,-0.010284951888],[0.000684970291331,-0.00373446848243,0.00569622498006,0.000723472214304,-0.00117701548152,-0.00224653282203,-0.00466285133734,-0.00157854286954,0.0274960082024,-0.0217156391591,0.0140597075224,-0.0214568823576,0.0156267955899],[-0.00140076887328,0.0072832563892,-0.0113562019542,0.00603264756501,-0.00034260834218,-0.000543088070117,0.000617420417257,0.0000401694160246,-0.0217156391591,0.0520639047027,-0.0352584570646,0.0227999519557,-0.016083009541],[0.000630213529803,-0.00398687599227,0.00494595710188,0.00124966620933,-0.00797976739705,0.00729389721528,-0.00137096026447,-0.00413830997422,0.0140597075224,-0.0352584570646,0.0522062666714,-0.0287052877247,0.00827603135258],[-0.000454707420431,0.0035992928315,-0.00420848559588,-0.00621868157759,0.0119630219415,-0.00702753895894,-0.000698770629242,0.0102565372363,-0.0214568823576,0.0227999519557,-0.0287052877247,0.0505861416459,-0.0241473671049],[0.000397785479436,-0.00330893672071,0.00294621661305,0.00535785546526,-0.00786059070379,0.00230740802363,0.00178829056676,-0.010284951888,0.0156267955899,-0.016083009541,0.00827603135258,-0.0241473671049,0.0391394160688]],"mean":[38.2725372314,84.8213806152,-108.026184082,0.732138395309,-20.7651939392,-11.7062568665,5.45056962967,-31.9052772522,7.77523565292,-10.2307081223,-7.38486146927,3.96441268921,-11.2477741241]},"hfc":{"dmean":29.7061424255,"dmean2":46.9607925415,"dvar":680.678833008,"dvar2":1723.60180664,"max":465.417999268,"mean":178.890258789,"median":182.09677124,"min":1.09391962562e-16,"var":4784.69287109},"melbands":{"dmean":[0.00301930983551,0.00121295358986,0.000892745854799,0.000356742093572,0.000364195817383,0.000442908931291,0.000220365982386,0.00013419118477,0.000172613348695,0.000144646226545,0.000163941876963,0.000152084932779,0.000108436179289,0.000109969849291,0.0000920730963117,0.0000913291587494,0.0000828746997286,0.0000625915636192,0.0000322152227454,0.0000220333586185,0.000020379495254,0.0000172662239493,0.0000112896541395,0.00000813012593426,0.00000727437281967,0.00000455160761703,0.00000422457696914,0.00000449486424259,0.00000403860076403,0.00000310584414365,0.00000313093232762,0.00000374116984858,0.00000324443340105,0.00000235258244174,0.00000130760361117,5.46176408989e-7,2.93378576544e-7,1.10491342298e-7,3.02058182911e-8,2.15397619741e-8],"dmean2":[0.00497894594446,0.00206147297285,0.0014743336942,0.000582978827879,0.000584901019465,0.000720590294804,0.00036902166903,0.000228435339523,0.000289015995804,0.000237069980358,0.000275689875707,0.000256929575698,0.0001826169173,0.000185979995877,0.00015661692305,0.000155610367074,0.000139731462696,0.000105235754745,0.000054278607422,0.000036875524529,0.0000342801395163,0.0000286885151581,0.000018278544303,0.0000131741926452,0.0000117625577332,0.00000730333158572,0.00000659639999867,0.0000070629075708,0.00000639358540866,0.00000470821851195,0.00000462552452518,0.00000564274387216,0.00000500438636664,0.0000036034302866,0.00000199114492716,8.16686736016e-7,4.31542275692e-7,1.72342510041e-7,5.02108044032e-8,3.61793439652e-8],"dvar":[0.0000285164096567,0.00000344199884239,0.00000171246631453,2.2619813933e-7,3.39923047932e-7,4.4416418632e-7,1.33601218977e-7,2.61695447534e-8,5.26787395927e-8,4.93081770969e-8,6.41515001121e-8,7.39803098782e-8,2.21624052443e-8,2.16487272553e-8,1.27242589798e-8,1.08528421805e-8,9.6763637103e-9,6.83969458848e-9,2.0694044256e-9,9.51802969773e-10,7.2844014154e-10,4.86520823628e-10,2.66702410157e-10,1.78574932619e-10,2.04477254573e-10,1.28521013276e-10,9.54001252995e-11,1.4270659654e-10,7.7674394694e-11,2.95960478347e-11,2.31699503334e-11,4.16621216692e-11,3.13187323298e-11,1.70565783719e-11,4.86683349871e-12,7.79745246236e-13,2.74262925738e-13,4.24018255945e-14,2.05743858196e-15,1.15347559741e-15],"dvar2":[0.0000701872922946,0.00000936823926168,0.00000441211932412,5.63436003631e-7,8.6094200924e-7,0.00000111472047593,3.40916045616e-7,7.21107866752e-8,1.38819984841e-7,1.20132796155e-7,1.68053063021e-7,1.9240776794e-7,5.85383475027e-8,5.78993706313e-8,3.50798394777e-8,2.96261184474e-8,2.64206008183e-8,1.85510344863e-8,5.61133894905e-9,2.43520514864e-9,1.94864879788e-9,1.30288102529e-9,6.63909260901e-10,4.63409505214e-10,5.23965482113e-10,3.13866321822e-10,1.90335594508e-10,3.10776238077e-10,1.82408199656e-10,6.38958261301e-11,4.88277369926e-11,9.26532253698e-11,7.38552760615e-11,3.92277703376e-11,1.06916784454e-11,1.7051517533e-12,5.82095623872e-13,9.49329861683e-14,5.07526217775e-15,2.8906104703e-15],"max":[0.0447531864047,0.0258617233485,0.0283185113221,0.0130017362535,0.0165496170521,0.0125571051612,0.00835630111396,0.00340120308101,0.00396220572293,0.00475427927449,0.00654094386846,0.00874046236277,0.00242910766974,0.00292998738587,0.00210008118302,0.00194631703198,0.00138018000871,0.0013821128523,0.00151449942496,0.00147276837379,0.000724123092368,0.000405781582231,0.000335470336722,0.000320670340443,0.000625826884061,0.000360492645996,0.000384349434171,0.000377173040761,0.000248015392572,0.000195978456759,0.000128809217131,0.000135724738357,0.0000871841839398,0.0000758034366299,0.0000416929760831,0.0000106112029243,0.00000877954971656,0.00000437344533566,8.35821197143e-7,4.87130876081e-7],"mean":[0.003357604146,0.00173348886892,0.00140964612365,0.000650958449114,0.000657511758618,0.000760824594181,0.000372711539967,0.000231826707022,0.000279626692645,0.000258816377027,0.000274187332252,0.000247068295721,0.000191988787265,0.00019346101908,0.000175432534888,0.000173792883288,0.000157308764756,0.000119376425573,0.0000641720253043,0.0000444263350801,0.0000416417715314,0.0000349053298123,0.0000213868352148,0.00001586174767,0.0000140274332807,0.00000916419139685,0.00000870928215591,0.00000896483197721,0.00000844615533424,0.00000684962742525,0.00000695927064953,0.00000790771991888,0.00000660639943817,0.0000047551084208,0.0000027350874916,0.00000119880724014,5.69716178234e-7,1.69590279597e-7,3.37788925719e-8,2.16868389913e-8],"median":[0.00135371857323,0.00108067819383,0.000829099328257,0.000431491062045,0.000447178608738,0.000504496740177,0.000216598418774,0.000178058224265,0.000189952290384,0.000158912487677,0.000190253951587,0.000171878142282,0.000141131386044,0.000145379744936,0.000141623720992,0.000143564131577,0.000121311379189,0.0000874542965903,0.0000490829625051,0.0000336534867529,0.0000326338704326,0.0000269716401817,0.0000140620686579,0.0000093191738415,0.00000854248901305,0.00000542736643183,0.00000461711715616,0.00000462127127321,0.00000488117348141,0.00000438518509327,0.00000425458347308,0.00000405960690841,0.00000371050236936,0.0000022815952434,0.00000134037759381,6.28100224276e-7,2.26482342214e-7,6.40103223759e-8,1.66519527056e-8,9.11669228998e-9],"min":[9.70360641788e-25,1.44458151534e-24,8.03504234382e-25,1.41523924233e-24,8.06552343616e-25,1.34581070659e-24,1.59679932675e-24,2.25949622829e-24,1.89775321336e-24,1.68806787108e-24,2.20024784392e-24,1.95969358556e-24,1.87849218828e-24,3.2969901164e-24,2.82317836583e-24,3.1611143475e-24,2.35213058666e-24,2.53174948162e-24,3.42657708616e-24,2.91918490737e-24,3.6505145812e-24,3.04441460392e-24,2.73581951476e-24,4.52911314756e-24,3.53407279513e-24,3.41079947363e-24,4.71396810677e-24,4.72001827548e-24,4.38591004414e-24,4.36986776877e-24,4.78206889099e-24,4.49156455176e-24,5.25123089817e-24,5.28479259095e-24,5.69701027925e-24,5.40784424254e-24,5.74781647142e-24,6.15941017075e-24,6.3723047964e-24,6.27370546629e-24],"var":[0.0000290792504529,0.00000453270376966,0.00000318304614666,5.39722918802e-7,5.98658459694e-7,7.92188018295e-7,2.66319489128e-7,4.42354632924e-8,8.8940645071e-8,1.24007925706e-7,1.01521024476e-7,9.76746576953e-8,3.73549937649e-8,3.54340734532e-8,2.15424158512e-8,1.97578060579e-8,1.9109622329e-8,1.25880479374e-8,3.65734509344e-9,1.92722615644e-9,1.40215905553e-9,9.93319426712e-10,5.59746637929e-10,3.95655980201e-10,3.78300057946e-10,2.32630678609e-10,2.37751179855e-10,2.944496591e-10,1.70145009193e-10,7.32426688743e-11,6.63398433409e-11,1.03890285263e-10,6.54019685631e-11,3.85414339332e-11,1.24527289522e-11,2.15848909926e-12,6.97177287689e-13,8.21991807303e-14,2.5476633471e-15,1.22683648569e-15]},"melbands_crest":{"dmean":4.73920536041,"dmean2":7.71736812592,"dvar":23.609664917,"dvar2":54.6219100952,"max":38.5636329651,"mean":12.6139850616,"median":10.7887706757,"min":1.00239598751,"var":45.6821899414},"melbands_flatness_db":{"dmean":0.0268254894763,"dmean2":0.0408916994929,"dvar":0.000699678785168,"dvar2":0.00153212074656,"max":0.444394171238,"mean":0.181525468826,"median":0.176554217935,"min":3.23575335415e-7,"var":0.00310768024065},"melbands_kurtosis":{"dmean":4.45406675339,"dmean2":7.48482179642,"dvar":356.264434814,"dvar2":952.299316406,"max":705.321716309,"mean":5.77129602432,"median":2.84103965759,"min":-1.88947689533,"var":365.1456604},"melbands_skewness":{"dmean":0.651787519455,"dmean2":1.04968166351,"dvar":0.853013813496,"dvar2":2.00724768639,"max":24.9971008301,"mean":1.83448004723,"median":1.63446199894,"min":-1.96261656284,"var":1.76210713387},"melbands_spread":{"dmean":7.48012971878,"dmean2":11.6915483475,"dvar":96.5062713623,"dvar2":199.320892334,"max":226.64390564,"mean":31.6237621307,"median":27.9989967346,"min":1.00359475613,"var":540.640380859},"mfcc":{"cov":[[6922.00537109,1310.34960938,-276.083984375,201.102767944,-370.646636963,327.237518311,-254.146820068,148.062103271,-174.943008423,62.4168319702,-73.8930511475,26.1042423248,-78.0458908081],[1310.34960938,1488.47851562,-298.84161377,-144.108352661,85.5968704224,-31.1715812683,68.0396118164,-120.492584229,54.238193512,-33.6136894226,36.8985328674,-26.2847633362,83.6944046021],[-276.083984375,-298.84161377,394.941833496,-55.7256164551,48.6592445374,88.8815765381,-47.9913101196,57.0218009949,1.31387722492,-1.299705863,0.389167904854,13.9660043716,-22.8881511688],[201.102767944,-144.108352661,-55.7256164551,339.092529297,-58.0024337769,9.27150058746,23.5418262482,59.6072158813,-38.0183029175,25.3688755035,-25.9478397369,0.40102955699,-24.7386074066],[-370.646636963,85.5968704224,48.6592445374,-58.0024337769,176.872467041,-40.8146209717,82.6787185669,-34.8257446289,59.3904037476,-18.7684364319,32.1885566711,-7.89493465424,27.9303398132],[327.237518311,-31.1715812683,88.8815765381,9.27150058746,-40.8146209717,191.321868896,-77.7379150391,75.6440811157,-28.2476177216,27.3426437378,-10.3988409042,31.3979625702,-17.7521629333],[-254.146820068,68.0396118164,-47.9913101196,23.5418262482,82.6787185669,-77.7379150391,148.374389648,-33.4378318787,47.6570320129,-12.543507576,17.7173442841,-19.0586605072,23.5537776947],[148.062103271,-120.492584229,57.0218009949,59.6072158813,-34.8257446289,75.6440811157,-33.4378318787,106.047332764,-6.60120105743,26.0468025208,-15.4627008438,12.5372877121,-23.0466423035],[-174.943008423,54.238193512,1.31387722492,-38.0183029175,59.3904037476,-28.2476177216,47.6570320129,-6.60120105743,75.418548584,5.39803361893,21.732635498,-5.39428043365,19.8626003265],[62.4168319702,-33.6136894226,-1.299705863,25.3688755035,-18.7684364319,27.3426437378,-12.543507576,26.0468025208,5.39803361893,49.7689628601,9.99467468262,16.7547855377,-5.86648511887],[-73.8930511475,36.8985328674,0.389167904854,-25.9478397369,32.1885566711,-10.3988409042,17.7173442841,-15.4627008438,21.732635498,9.99467468262,53.811416626,12.745475769,19.9319763184],[26.1042423248,-26.2847633362,13.9660043716,0.40102955699,-7.89493465424,31.3979625702,-19.0586605072,12.5372877121,-5.39428043365,16.7547855377,12.745475769,48.9890327454,9.82882404327],[-78.0458908081,83.6944046021,-22.8881511688,-24.7386074066,27.9303398132,-17.7521629333,23.5537776947,-23.0466423035,19.8626003265,-5.86648511887,19.9319763184,9.82882404327,49.8303756714]],"icov":[[0.000256718543824,-0.000323397107422,-0.0000211178212339,-0.00013694287918,0.000393849302782,-0.00017334378208,0.000109023727418,-0.000260890286881,0.00021782334079,-0.0000127679368234,-0.0000825473107398,-0.0000430293403042,0.000366040068911],[-0.000323397107422,0.00142573483754,0.00092845549807,0.000463301636046,-0.000944054801948,-0.000646437460091,-0.0000656615084154,0.000951701833401,-0.000535134051461,0.000264554633759,0.0000280252079392,0.000785327400081,-0.00139629386831],[-0.0000211178212339,0.00092845549807,0.00437277276069,0.000802090624347,-0.00245348247699,-0.00163023883943,0.00113831029739,-0.0012574121356,-0.0000792286300566,0.00143822038081,-0.000475002889289,0.000121572273201,0.00085594621487],[-0.00013694287918,0.000463301636046,0.000802090624347,0.00454162526876,0.000231382800848,0.000462125579361,-0.00253026909195,-0.00261392979883,0.00291336234659,-0.00182356568985,0.000861957785673,0.000224183997489,-0.000112468835141],[0.000393849302782,-0.000944054801948,-0.00245348247699,0.000231382800848,0.012321584858,-0.000610251910985,-0.00465919915587,0.00122809642926,-0.00465401355177,0.0032378914766,-0.00299254851416,-0.000691800320055,0.000406731473049],[-0.00017334378208,-0.000646437460091,-0.00163023883943,0.000462125579361,-0.000610251910985,0.0105220470577,0.00254568737,-0.00565173383802,0.00244804914109,-0.00224433629774,0.000693270470947,-0.00328150810674,-0.000301877269521],[0.000109023727418,-0.0000656615084154,0.00113831029739,-0.00253026909195,-0.00465919915587,0.00254568737,0.0138439312577,0.000422914919909,-0.00442426791415,0.000905802939087,-0.000472637417261,0.00215463619679,-0.00164775794838],[-0.000260890286881,0.000951701833401,-0.0012574121356,-0.00261392979883,0.00122809642926,-0.00565173383802,0.000422914919909,0.019336245954,-0.00578110478818,-0.00365543086082,0.00349517143331,-0.000789911544416,0.00279078283347],[0.00021782334079,-0.000535134051461,-0.0000792286300566,0.00291336234659,-0.00465401355177,0.00244804914109,-0.00442426791415,-0.00578110478818,0.02552398853,-0.00753640197217,-0.0028549588751,0.00420917151496,-0.00520133785903],[-0.0000127679368234,0.000264554633759,0.00143822038081,-0.00182356568985,0.0032378914766,-0.00224433629774,0.000905802939087,-0.00365543086082,-0.00753640197217,0.0316004008055,-0.00802730489522,-0.00775562506169,0.00602271873504],[-0.0000825473107398,0.0000280252079392,-0.000475002889289,0.000861957785673,-0.00299254851416,0.000693270470947,-0.000472637417261,0.00349517143331,-0.0028549588751,-0.00802730489522,0.0281939953566,-0.00547647941858,-0.00620669359341],[-0.0000430293403042,0.000785327400081,0.000121572273201,0.000224183997489,-0.000691800320055,-0.00328150810674,0.00215463619679,-0.000789911544416,0.00420917151496,-0.00775562506169,-0.00547647941858,0.0303539671004,-0.00977182295173],[0.000366040068911,-0.00139629386831,0.00085594621487,-0.000112468835141,0.000406731473049,-0.000301877269521,-0.00164775794838,0.00279078283347,-0.00520133785903,0.00602271873504,-0.00620669359341,-0.00977182295173,0.0322504118085]],"mean":[-608.764160156,144.652908325,-28.7090911865,27.0240631104,-15.010725975,34.1208686829,-13.4761629105,13.0217123032,-5.54730939865,4.79127073288,-2.36938858032,3.93816208839,-1.86994719505]},"pitch_salience":{"dmean":0.0791293010116,"dmean2":0.128739744425,"dvar":0.0068506905809,"dvar2":0.0163791906089,"max":0.996066510677,"mean":0.640877485275,"median":0.669006109238,"min":0.0560421533883,"var":0.0123994220048},"silence_rate_20dB":{"dmean":0,"dmean2":0,"dvar":0,"dvar2":0,"max":1,"mean":1,"median":1,"min":1,"var":0},"silence_rate_30dB":{"dmean":0.0362024381757,"dmean2":0.0724137946963,"dvar":0.0348932258785,"dvar2":0.0908190608025,"max":1,"mean":0.974883019924,"median":1,"min":0,"var":0.0244845896959},"silence_rate_60dB":{"dmean":0.00517177674919,"dmean2":0.0103448275477,"dvar":0.005144987721,"dvar2":0.0119617404416,"max":1,"mean":0.0306574739516,"median":0,"min":0,"var":0.0297161508352},"spectral_centroid":{"dmean":206.770462036,"dmean2":308.062835693,"dvar":54421.5898438,"dvar2":111955.023438,"max":11764.1181641,"mean":1578.43945312,"median":1317.21655273,"min":386.37322998,"var":1824617.625},"spectral_complexity":{"dmean":3.61457943916,"dmean2":5.56724119186,"dvar":10.5876150131,"dvar2":22.3412284851,"max":61,"mean":30.860748291,"median":31,"min":0,"var":97.0813522339},"spectral_contrast_coeffs":{"dmean":[0.0564675070345,0.0499150790274,0.035805284977,0.0273144897074,0.0189332161099,0.041750703007],"dmean2":[0.0930163264275,0.0841246321797,0.061396241188,0.0468316748738,0.0318169370294,0.0641626045108],"dvar":[0.00196073250845,0.00154452491552,0.000802782713436,0.000445123412646,0.000231934987823,0.00122758606449],"dvar2":[0.00528059527278,0.0043815812096,0.00232408428565,0.00131658802275,0.000643286097329,0.00306891696528],"max":[-0.403775990009,-0.509741485119,-0.594561457634,-0.680386126041,-0.654841840267,-0.434342324734],"mean":[-0.685663342476,-0.768434345722,-0.811901092529,-0.807947933674,-0.808226287365,-0.644293248653],"median":[-0.685417711735,-0.769951343536,-0.813173651695,-0.807062208652,-0.807797670364,-0.629159450531],"min":[-0.985140800476,-0.994688272476,-0.997907817364,-0.988466084003,-0.989235401154,-0.96478074789],"var":[0.00675113964826,0.00388173782267,0.00200509862043,0.00127799774054,0.000974975642748,0.00656466092914]},"spectral_contrast_valleys":{"dmean":[0.406542152166,0.339216589928,0.276086866856,0.220553666353,0.208774164319,0.524529993534],"dmean2":[0.669909179211,0.570444881916,0.462522268295,0.363253027201,0.306877106428,0.830649971962],"dvar":[0.131157770753,0.0946823507547,0.0720080435276,0.0594402477145,0.063908174634,0.22046995163],"dvar2":[0.296169489622,0.212873250246,0.150256291032,0.110616572201,0.100038528442,0.55181568861],"max":[-5.16835594177,-4.54118967056,-4.93402481079,-5.43001937866,-5.16955757141,-9.10993671417],"mean":[-7.00305509567,-6.31581258774,-6.50660800934,-6.8218870163,-7.35090255737,-11.1660680771],"median":[-6.58976745605,-5.87941074371,-6.06859779358,-6.40295171738,-6.9531993866,-10.8366279602],"min":[-28.1254024506,-28.1015911102,-27.7777900696,-27.6920719147,-27.6031684875,-27.3942871094],"var":[7.40692186356,7.83925914764,7.62580442429,7.3106212616,6.98094892502,4.85961961746]},"spectral_decrease":{"dmean":4.03355704393e-9,"dmean2":6.49449249934e-9,"dvar":2.76429516665e-17,"dvar2":6.72520734365e-17,"max":3.14330352148e-28,"mean":-9.0680973841e-9,"median":-7.61214202782e-9,"min":-4.90987659418e-8,"var":4.19729706957e-17},"spectral_energy":{"dmean":0.0153073547408,"dmean2":0.0245837382972,"dvar":0.00038804646465,"dvar2":0.000948731147218,"max":0.204118162394,"mean":0.0504508316517,"median":0.0465179048479,"min":9.85867377474e-21,"var":0.000708350620698},"spectral_energyband_high":{"dmean":0.000443959987024,"dmean2":0.000589401868638,"dvar":4.27736779329e-7,"dvar2":7.65506058542e-7,"max":0.0161627531052,"mean":0.00148867105599,"median":0.00111061136704,"min":7.07621429311e-21,"var":0.00000174533988684},"spectral_energyband_low":{"dmean":0.0122549729422,"dmean2":0.0201042648405,"dvar":0.000343509454979,"dvar2":0.000841550761834,"max":0.152490332723,"mean":0.0170188415796,"median":0.00986327417195,"min":1.99435427991e-23,"var":0.000406088947784},"spectral_energyband_middle_high":{"dmean":0.00283953407779,"dmean2":0.00453215511516,"dvar":0.00000934208765102,"dvar2":0.0000237607637246,"max":0.0715924873948,"mean":0.0110483085737,"median":0.0100650349632,"min":1.08608541798e-21,"var":0.0000399909476982},"spectral_energyband_middle_low":{"dmean":0.00503112003207,"dmean2":0.00802897196263,"dvar":0.000034057906305,"dvar2":0.000086085696239,"max":0.0994138419628,"mean":0.0152018023655,"median":0.0130489412695,"min":1.60349383311e-22,"var":0.000105094783066},"spectral_entropy":{"dmean":0.0924822837114,"dmean2":0.135773256421,"dvar":0.00785444490612,"dvar2":0.0156177654862,"max":9.82247638702,"mean":7.81914281845,"median":7.81499481201,"min":6.69453811646,"var":0.117825001478},"spectral_flux":{"dmean":0.0285109635442,"dmean2":0.0478050820529,"dvar":0.00112892105244,"dvar2":0.00301716011018,"max":0.336224108934,"mean":0.131117671728,"median":0.127257585526,"min":6.34017907619e-11,"var":0.00226034712978},"spectral_kurtosis":{"dmean":2.58904027939,"dmean2":3.8079726696,"dvar":14.983253479,"dvar2":34.5696334839,"max":81.466796875,"mean":13.4174308777,"median":11.4596691132,"min":-1.26902914047,"var":78.1768722534},"spectral_rms":{"dmean":0.000985834980384,"dmean2":0.00155145663302,"dvar":0.00000122652556911,"dvar2":0.00000287153943646,"max":0.0141116855666,"mean":0.00672633713111,"median":0.0067367143929,"min":3.10132518624e-12,"var":0.00000397677649744},"spectral_rolloff":{"dmean":5449.43701172,"dmean2":10195.4794922,"dvar":55142908,"dvar2":118026944,"max":21963.8671875,"mean":12514.1416016,"median":18766.1875,"min":43.06640625,"var":81138672},"spectral_skewness":{"dmean":0.23822593689,"dmean2":0.34067517519,"dvar":0.0737333148718,"dvar2":0.150633051991,"max":6.51721477509,"mean":2.25932097435,"median":2.13268303871,"min":-0.0790235176682,"var":0.660082697868},"spectral_spread":{"dmean":352070.21875,"dmean2":531194.5,"dvar":338926698496,"dvar2":664437719040,"max":43549480,"mean":4615791.5,"median":3967533.5,"min":1659635.5,"var":22322863931400},"spectral_strongpeak":{"dmean":1.53373277187,"dmean2":2.87420010567,"dvar":47.2472572327,"dvar2":127.285491943,"max":87.1912307739,"mean":1.33844876289,"median":0.294585824013,"min":0,"var":38.1171417236},"zerocrossingrate":{"dmean":0.0324900336564,"dmean2":0.0412300601602,"dvar":0.000800625479314,"dvar2":0.00124489155132,"max":0.5302734375,"mean":0.260359287262,"median":0.26123046875,"min":0.01318359375,"var":0.00490842061117}},"metadata":{"audio_properties":{"analysis_sample_rate":44100,"bit_rate":192000,"codec":"mp3","downmix":"mix","equal_loudness":0,"length":188.551834106,"lossless":false,"md5_encoded":"ad9cd5eb8f78713f3925732bfa2f0de2","replay_gain":-9.36617088318,"sample_rate":44100},"tags":{"album":["Iron Fist"],"albumartist":["Motörhead"],"albumartistsort":["Motörhead"],"artist":["Motörhead"],"artistsort":["Motörhead"],"asin":["B000110PG2"],"composer":["\"Fast\" Eddie Clarke/\"Philthy Animal\" Taylor/Lemmy Kilmister"],"date":["1982"],"discnumber":["1/1"],"file_name":"10. Motörhead - (Don't Let 'em) Grind Ya Down.mp3","genre":["Heavy Metal"],"label":["Bronze Records Ltd."],"musicbrainz album release country":["GB"],"musicbrainz album status":["official"],"musicbrainz album type":["album"],"musicbrainz_albumartistid":["57961a97-3796-4bf7-9f02-a985a8979ae9"],"musicbrainz_albumid":["99c3b030-dd36-47e2-9b30-43816bb50c5d"],"musicbrainz_artistid":["57961a97-3796-4bf7-9f02-a985a8979ae9"],"musicbrainz_recordingid":["5e26723d-40a2-4174-a8c0-52aef1b0fd01"],"musicip_puid":["ab4dad16-493b-1b45-8204-113fcba0ba6f"],"title":["(Don't Let 'em) Grind Ya Down"],"tracknumber":["10/12"]},"version":{"essentia":"2.1-beta1","essentia_build_sha":"ca57ba49d9b1854bd80e60cf9ccf267278fb7d6b","essentia_git_sha":"v2.1_beta1-28-g21ef5f4-dirty","extractor":"music 1.0"}},"rhythm":{"beats_count":418,"beats_loudness":{"dmean":0.0169910043478,"dmean2":0.0288567356765,"dvar":0.000187407815247,"dvar2":0.000515493797138,"max":0.116121500731,"mean":0.0528267547488,"median":0.0511791333556,"min":0,"var":0.000423953228164},"beats_loudness_band_ratio":{"dmean":[0.164699241519,0.0805383697152,0.0610762089491,0.0702875331044,0.0390387363732,0.0759746059775],"dmean2":[0.283223807812,0.138753905892,0.105557098985,0.124561086297,0.0671261698008,0.125578537583],"dvar":[0.0164372865111,0.00636581378058,0.00428663985804,0.0036900495179,0.00119417509995,0.00677110115066],"dvar2":[0.045775000006,0.0168693158776,0.012521349825,0.0110491281375