{"lowlevel":{"average_loudness":0.870784819126,"barkbands":{"dmean":[0.00121069396846,0.00301495660096,0.00160879199393,0.00262148724869,0.00383645994589,0.00196207896806,0.000450716848718,0.00047155469656,0.00052406929899,0.000235451152548,0.000108301763248,0.000100352270238,0.0000423008314101,0.0000691657041898,0.0000312180127366,0.0000126238983285,0.0000127168123072,0.0000124202033476,0.00000828750944493,0.00000446081276095,0.00000304235663862,0.00000225737699111,0.00000176264154561,0.00000167766324921,0.00000171904196122,0.00000217812953451,0.0000450257684861],"dmean2":[0.00211206567474,0.00493130786344,0.00266004656442,0.004180803895,0.00575629528612,0.00285314302891,0.000681814213749,0.000702823745087,0.00079093122622,0.000359007681254,0.000163003976922,0.000155116256792,0.000065765423642,0.000106095321826,0.0000490970815008,0.0000197124609258,0.0000208005058084,0.0000204789739655,0.0000136015614771,0.00000718577484804,0.00000502985267303,0.00000375096897187,0.00000292958452519,0.00000277172125607,0.00000282645441985,0.00000355665883944,0.0000675335613778],"dvar":[0.00000295003042083,0.0000206370223168,0.00000613803649685,0.0000252638255915,0.0000545923321624,0.0000269731990556,0.00000171962335571,0.0000030757339573,0.00000483686380903,8.72999180501e-7,3.40330132076e-7,7.9688739163e-8,6.95718060939e-9,2.46715199381e-8,5.22605825282e-9,5.15120224254e-10,8.82206863118e-10,1.04679509505e-9,3.48778450565e-10,7.83583822828e-11,3.54929106938e-11,2.10078378304e-11,1.41502096498e-11,1.29309887451e-11,1.25622810765e-11,1.63464866643e-11,9.43460864988e-9],"dvar2":[0.00000812086364022,0.0000556177583348,0.0000161986554303,0.0000574171572225,0.000117215313367,0.0000488993682666,0.00000323140943692,0.00000632475394013,0.00000990360695141,0.00000185989881629,7.41999315323e-7,1.84671264947e-7,1.58283111062e-8,5.05887811642e-8,1.27820607432e-8,1.19143939159e-9,2.35265074089e-9,2.85595302962e-9,9.18621623214e-10,1.84173412632e-10,8.88365422891e-11,5.24538364133e-11,3.4944470928e-11,3.18472678784e-11,3.08171370367e-11,3.97925581375e-11,2.19733369278e-8],"max":[0.0247009322047,0.0665415376425,0.0370597243309,0.128685161471,0.131095170975,0.135019868612,0.0640263333917,0.0592357292771,0.0823489651084,0.0314707234502,0.030669817701,0.00904579740018,0.00211783545092,0.00795807410032,0.00235944497399,0.000356856646249,0.000427097314969,0.000829850090668,0.000265501672402,0.000206088967388,0.000121880533698,0.0000800612324383,0.000067451124778,0.0000653763709124,0.0000626708206255,0.0000612823278061,0.00160931970458],"mean":[0.00151149067096,0.00487387459725,0.00223918817937,0.0037876481656,0.00610093632713,0.00329053169116,0.000671375193633,0.000699682044797,0.000751713407226,0.000295975361951,0.000149120183778,0.000147936792928,0.0000665427287458,0.000109484681161,0.0000476305722259,0.0000180659189937,0.0000162436317623,0.0000147253149407,0.00000948639990384,0.00000532973763256,0.00000333933803631,0.00000237027370531,0.00000181444988812,0.000001728156235,0.0000018030375486,0.0000024611090339,0.0000561365886824],"median":[0.000717480608728,0.00296776695177,0.00111279194243,0.00115683104377,0.0021459707059,0.000578699400648,0.000139411509736,0.0000782040006015,0.0000677488060319,0.000041464871174,0.0000233284044953,0.0000309354509227,0.0000242288879235,0.0000333878633683,0.0000170799448824,0.0000070623495958,0.00000540368955626,0.00000457306714452,0.00000298846543956,0.00000185989472357,0.00000121142966236,8.14150723727e-7,5.55386122869e-7,4.98777524172e-7,5.38535914529e-7,8.86626878582e-7,0.0000184988730325],"min":[2.01521457749e-25,2.54424720772e-24,4.50713015792e-25,6.14342587666e-25,8.19201915585e-24,9.80659260348e-24,5.20143681454e-24,6.5603069162e-24,9.48632927546e-24,1.29648177479e-23,1.55493887641e-23,3.2886894853e-23,2.74524194551e-23,2.73751805062e-23,4.51745015462e-23,5.72706138323e-23,5.9801797109e-23,8.43264476669e-23,1.14625301305e-22,1.86961801586e-22,2.33771596011e-22,3.14175328697e-22,3.70552226233e-22,5.79116901667e-22,8.89227337404e-22,1.3214909027e-21,1.9191185959e-21],"var":[0.00000440260737378,0.0000347017339664,0.0000100729512269,0.0000550743170606,0.000119627773529,0.0000758531386964,0.00000421063032263,0.00000803873172117,0.0000106022635009,0.000001401412419,6.6472381377e-7,1.70565328972e-7,1.61216142658e-8,6.06004917358e-8,1.08590603176e-8,8.66727078996e-10,9.8978825136e-10,9.81940972977e-10,3.59858587373e-10,1.00186844931e-10,3.81915020442e-11,2.19320204359e-11,1.46973249543e-11,1.35862007408e-11,1.36568716405e-11,1.9313134425e-11,1.16351133173e-8]},"barkbands_crest":{"dmean":3.0479362011,"dmean2":5.03891897202,"dvar":6.24105072021,"dvar2":16.7810077667,"max":26.4081172943,"mean":11.7635784149,"median":11.0372505188,"min":3.92707467079,"var":15.4919052124},"barkbands_flatness_db":{"dmean":0.0387062057853,"dmean2":0.0608524866402,"dvar":0.00103965203743,"dvar2":0.00254171644337,"max":0.434218227863,"mean":0.225859716535,"median":0.225507482886,"min":0.0634097382426,"var":0.00331290927716},"barkbands_kurtosis":{"dmean":13.1158809662,"dmean2":21.3687171936,"dvar":342.401763916,"dvar2":928.086730957,"max":283.98336792,"mean":25.4317188263,"median":18.2097969055,"min":-1.84165585041,"var":698.287841797},"barkbands_skewness":{"dmean":1.00778925419,"dmean2":1.60106623173,"dvar":0.942949652672,"dvar2":2.39928746223,"max":13.8808221817,"mean":3.18794417381,"median":2.98906373978,"min":-2.34214472771,"var":3.67739272118},"barkbands_spread":{"dmean":3.47043681145,"dmean2":5.4789557457,"dvar":30.7783889771,"dvar2":72.6363983154,"max":128.485549927,"mean":8.17493724823,"median":5.6882390976,"min":0.556861102581,"var":72.7973480225},"dissonance":{"dmean":0.0264470726252,"dmean2":0.0439922399819,"dvar":0.00060816569021,"dvar2":0.00160571851302,"max":0.500000059605,"mean":0.451261758804,"median":0.459357589483,"min":0.206262588501,"var":0.00127468048595},"dynamic_complexity":3.97383880615,"erbbands":{"dmean":[0.107510402799,0.654478311539,1.6142026186,5.22431707382,10.7035865784,14.4374494553,17.7077312469,13.64747715,6.72185707092,7.43335008621,10.8353967667,12.3632440567,7.73671483994,6.17673921585,3.79593133926,3.9738919735,2.05305981636,2.76229596138,2.66129088402,0.932299256325,0.671798169613,0.71639329195,0.690511226654,0.525205850601,0.350057899952,0.208833828568,0.140174567699,0.11015689373,0.0830103680491,0.0637262538075,0.0487404875457,0.0368919894099,0.027055580169,0.018936669454,0.0124145122245,0.00748029910028,0.0041741412133,0.00241857394576,0.00210115779191,0.00229267752729],"dmean2":[0.172894448042,1.08210086823,2.63655519485,8.36947536469,16.3698348999,22.106595993,26.5314464569,19.9972686768,9.86672115326,11.0796699524,16.0959892273,18.4541893005,11.4053602219,9.23626613617,5.61759233475,6.03657388687,3.08130884171,4.24519395828,4.03450632095,1.41989850998,1.04059958458,1.17143702507,1.13015985489,0.873941779137,0.561581611633,0.336095631123,0.228783518076,0.183612495661,0.138179585338,0.105878792703,0.080890737474,0.0610509738326,0.0446774624288,0.0311859827489,0.0203736945987,0.0122206779197,0.00681065768003,0.00397963868454,0.00330252852291,0.00328470184468],"dvar":[0.0256567951292,1.10749840736,5.55977392197,95.693107605,497.00177002,1060.39782715,1681.73352051,1545.76831055,419.871673584,609.864135742,1642.18457031,3228.97363281,728.536437988,707.037231445,245.192672729,136.239852905,15.8484802246,35.1615905762,37.696182251,2.86079502106,1.47137737274,2.91405701637,3.12354111671,1.60533607006,0.577801883221,0.169326990843,0.080826587975,0.0475266724825,0.0280336327851,0.0178369320929,0.010811297223,0.00629684142768,0.00332881137729,0.00157082930673,0.000638191180769,0.00021512292733,0.0000590646195633,0.0000177588990482,0.0000210516373045,0.0000115414413813],"dvar2":[0.0641624331474,3.10192990303,14.6905870438,223.542327881,1046.22509766,2276.66430664,3278.96655273,2843.53930664,759.394958496,1284.03393555,3239.83886719,6208.86816406,1470.29174805,1607.64538574,433.205078125,315.354278564,33.8572654724,77.9245681763,77.6543121338,6.49262332916,3.40958333015,7.79815626144,8.48743247986,4.4155497551,1.44708049297,0.401310771704,0.198880493641,0.121182747185,0.070196069777,0.0442059971392,0.0266676936299,0.015510847792,0.00819736532867,0.00385869201273,0.00156369479373,0.000525430426933,0.000143775949255,0.0000445082187071,0.0000538652675459,0.0000249327076745],"max":[2.01720046997,15.5214128494,32.6085586548,217.87437439,625.525146484,722.208435059,883.303466797,1432.30822754,1108.82470703,923.301269531,1412.81567383,2614.671875,1054.28674316,1008.61547852,805.515563965,417.572723389,98.5650177002,202.212646484,238.754699707,43.904586792,19.1189041138,26.1426887512,41.5602684021,22.7815704346,13.908788681,9.95883464813,8.89600086212,3.92939710617,2.90449690819,2.34981107712,1.87227082253,1.4435801506,1.04525184631,0.70843064785,0.441865205765,0.244119405746,0.113095097244,0.0576485805213,0.0762375444174,0.0501031279564],"mean":[0.178687483072,0.961812973022,2.47428917885,8.09523773193,16.5671253204,21.0700416565,28.7355709076,22.8955421448,10.9055252075,10.8598051071,16.9875602722,17.7945632935,10.7410612106,8.00067424774,5.87845754623,6.05529785156,3.46751928329,4.60337257385,4.45335435867,1.53986740112,0.978341639042,0.924908936024,0.83964163065,0.590580224991,0.416068792343,0.250980108976,0.159156262875,0.11856367439,0.0874259397388,0.0661014094949,0.0501588247716,0.037989616394,0.0278726760298,0.0196716524661,0.0131602697074,0.00817791186273,0.00478032324463,0.00280427001417,0.00274762627669,0.00509290164337],"median":[0.098895162344,0.536356449127,1.37455058098,3.12650966644,5.23720121384,6.6724896431,6.3771686554,4.25584316254,2.37324404716,1.95510387421,1.81596827507,1.57110726833,1.49984049797,1.20970249176,1.16707277298,1.32327604294,1.22386348248,1.64703536034,1.38109266758,0.676258206367,0.379000782967,0.314146637917,0.263029932976,0.192256510258,0.132230103016,0.0895052850246,0.0575639158487,0.0429669953883,0.0304754637182,0.0211969427764,0.0152571359649,0.011066172272,0.00805822573602,0.00573468301445,0.00402913335711,0.00270219566301,0.0017636870034,0.00112897285726,0.00121787120588,0.00361791439354],"min":[5.52109106306e-23,3.74141379269e-22,1.69877129204e-21,3.30823535069e-21,9.11111737408e-21,2.42173118638e-20,4.27354720916e-20,6.63960429355e-20,8.16527430992e-20,1.81615865765e-19,2.2829349971e-19,2.32428704839e-19,4.31051597869e-19,7.92655748146e-19,6.13787143066e-19,1.4355203577e-18,1.69962754675e-18,2.0857510106e-18,2.41051039089e-18,2.65498817043e-18,3.29187919178e-18,4.01709966088e-18,4.51533784078e-18,6.30982387524e-18,6.17961861579e-18,8.91181479062e-18,9.47607190957e-18,8.27875444268e-18,1.04949913337e-17,1.14857469124e-17,1.06273625656e-17,1.00390055395e-17,8.96302140644e-18,7.46699909419e-18,6.28276638381e-18,4.44843340488e-18,2.30594586927e-18,9.14646587127e-19,2.5898513161e-19,2.81729961817e-20],"var":[0.0491176173091,1.60655403137,9.70546531677,206.010559082,1196.76721191,1970.9732666,4367.40234375,4258.13037109,1115.8269043,1479.61291504,4929.64599609,7259.14599609,1429.76196289,1118.25439453,727.531616211,297.017333984,43.3064842224,82.033416748,103.365837097,6.26486349106,2.50583815575,3.20075368881,3.02086806297,1.47920095921,0.670844316483,0.216780334711,0.0902791768312,0.0488039329648,0.0292313415557,0.0186139903963,0.0112519329414,0.00658775819466,0.00351144885644,0.00168606627267,0.000702271063346,0.000244930793997,0.0000703523473931,0.0000204156713153,0.0000224297655222,0.0000252287900366]},"erbbands_crest":{"dmean":3.18526887894,"dmean2":5.16649770737,"dvar":7.67861938477,"dvar2":18.8539924622,"max":29.322845459,"mean":10.4258747101,"median":9.60487174988,"min":2.49537920952,"var":21.5149974823},"erbbands_flatness_db":{"dmean":0.0331030115485,"dmean2":0.0517926253378,"dvar":0.000790236110333,"dvar2":0.00189489813056,"max":0.373035997152,"mean":0.172619879246,"median":0.168136373162,"min":0.0335054919124,"var":0.00311836786568},"erbbands_kurtosis":{"dmean":2.27847313881,"dmean2":3.62944936752,"dvar":11.1211500168,"dvar2":27.0839729309,"max":55.5011177063,"mean":2.75191831589,"median":1.13085532188,"min":-1.80889940262,"var":24.4819793701},"erbbands_skewness":{"dmean":0.529589414597,"dmean2":0.831483602524,"dvar":0.220042333007,"dvar2":0.530430912971,"max":6.1704120636,"mean":1.14686059952,"median":1.08708953857,"min":-2.16632318497,"var":1.03127419949},"erbbands_spread":{"dmean":6.92138051987,"dmean2":10.9113664627,"dvar":45.1824569702,"dvar2":108.894180298,"max":97.6566238403,"mean":25.6014518738,"median":23.0066337585,"min":1.54347813129,"var":186.895736694},"gfcc":{"cov":[[25238.8125,3107.08862305,-959.577636719,-564.830932617,-603.330505371,-327.16394043,-529.00201416,-393.333251953,-284.652435303,-159.566543579,-88.4430618286,-277.107025146,-11.2656040192],[3107.08862305,1213.57165527,-48.3442077637,-309.637908936,15.6359052658,-124.800178528,-33.6386146545,-191.840896606,-8.89891338348,-84.4395904541,14.1179285049,-120.129112244,1.17654931545],[-959.577636719,-48.3442077637,496.06817627,80.7731399536,-9.26428699493,130.905609131,-44.6476669312,12.0030832291,-11.3260660172,32.0047416687,4.37474250793,-18.0630283356,-26.0956115723],[-564.830932617,-309.637908936,80.7731399536,323.966705322,109.957626343,16.1359214783,9.9741859436,25.5461006165,-9.34260749817,2.58655667305,-6.59415578842,18.1273727417,-27.3630447388],[-603.330505371,15.6359052658,-9.26428699493,109.957626343,297.300476074,-15.3552207947,103.746131897,-36.3173103333,12.8216724396,-53.57970047,24.4799880981,-1.42250752449,-0.632379889488],[-327.16394043,-124.800178528,130.905609131,16.1359214783,-15.3552207947,280.63583374,33.741859436,31.9328594208,-82.7737731934,-12.3904151917,-36.8618545532,13.240272522,10.5855875015],[-529.00201416,-33.6386146545,-44.6476669312,9.9741859436,103.746131897,33.741859436,151.555679321,35.9487037659,7.49517774582,-54.6588516235,-8.27190303802,12.1573972702,14.873462677],[-393.333251953,-191.840896606,12.0030832291,25.5461006165,-36.3173103333,31.9328594208,35.9487037659,119.046791077,44.0564575195,26.5351200104,-7.54525184631,25.2275657654,7.22222423553],[-284.652435303,-8.89891338348,-11.3260660172,-9.34260749817,12.8216724396,-82.7737731934,7.49517774582,44.0564575195,117.31338501,63.2332801819,36.6201629639,1.55166256428,0.994313359261],[-159.566543579,-84.4395904541,32.0047416687,2.58655667305,-53.57970047,-12.3904151917,-54.6588516235,26.5351200104,63.2332801819,108.795936584,46.1970558167,15.2044763565,-3.28732943535],[-88.4430618286,14.1179285049,4.37474250793,-6.59415578842,24.4799880981,-36.8618545532,-8.27190303802,-7.54525184631,36.6201629639,46.1970558167,72.4840698242,32.4537010193,12.3326339722],[-277.107025146,-120.129112244,-18.0630283356,18.1273727417,-1.42250752449,13.240272522,12.1573972702,25.2275657654,1.55166256428,15.2044763565,32.4537010193,71.316619873,36.5053787231],[-11.2656040192,1.17654931545,-26.0956115723,-27.3630447388,-0.632379889488,10.5855875015,14.873462677,7.22222423553,0.994313359261,-3.28732943535,12.3326339722,36.5053787231,61.1727676392]],"icov":[[0.0000929590605665,-0.00034682644764,0.000252754922258,-0.000250128563493,0.000131013744976,-0.000048114470701,0.000303916021949,-0.000393858994357,0.000347641238477,-0.0000677213829476,-0.0000890777664608,0.0000656387201161,-0.0000284873804048],[-0.00034682644764,0.00334589905106,-0.0010298701236,0.00219444441609,-0.000146858335938,-0.0000320083236147,-0.000623585714493,0.00354962190613,-0.00284305424429,0.0032672516536,-0.00245162029751,0.00339901843108,-0.00116175331641],[0.000252754922258,-0.0010298701236,0.00357868056744,-0.00165601493791,0.000648316112347,-0.00240224367008,0.00244504725561,-0.00138759939,-0.00061253196327,0.00139705301262,-0.00262675923295,0.00183123920579,0.000365753541701],[-0.000250128563493,0.00219444441609,-0.00165601493791,0.00679561123252,-0.00381255918182,0.00146058469545,0.000490971142426,0.000110868626507,0.00113136367872,-0.00135611160658,0.00295801414177,-0.00223716627806,0.00246783765033],[0.000131013744976,-0.000146858335938,0.000648316112347,-0.00381255918182,0.00887423194945,-0.00180961051956,-0.0039057417307,0.0046821506694,-0.00503982091323,0.00645439699292,-0.00693570077419,0.00313775544055,-0.000645595311653],[-0.000048114470701,-0.0000320083236147,-0.00240224367008,0.00146058469545,-0.00180961051956,0.00917952880263,-0.00452765356749,-0.00333889829926,0.0114883510396,-0.00979794003069,0.00577550195158,-0.00084140553372,-0.0018673123559],[0.000303916021949,-0.000623585714493,0.00244504725561,0.000490971142426,-0.0039057417307,-0.00452765356749,0.0182507056743,-0.00681995134801,-0.00603041658178,0.0130526479334,-0.00452960655093,0.0000284429352178,0.00013710471103],[-0.000393858994357,0.00354962190613,-0.00138759939,0.000110868626507,0.0046821506694,-0.00333889829926,-0.00681995134801,0.0242190044373,-0.0156091684476,0.00255204434507,0.00630156695843,-0.00662326440215,0.00181479554158],[0.000347641238477,-0.00284305424429,-0.00061253196327,0.00113136367872,-0.00503982091323,0.0114883510396,-0.00603041658178,-0.0156091684476,0.0372022353113,-0.0252446606755,0.00141629227437,0.00673537934199,-0.00463375775144],[-0.0000677213829476,0.0032672516536,0.00139705301262,-0.00135611160658,0.00645439699292,-0.00979794003069,0.0130526479334,0.00255204434507,-0.0252446606755,0.0435033924878,-0.0243558790535,0.00592825515196,0.002321976237],[-0.0000890777664608,-0.00245162029751,-0.00262675923295,0.00295801414177,-0.00693570077419,0.00577550195158,-0.00452960655093,0.00630156695843,0.00141629227437,-0.0243558790535,0.0460059717298,-0.0268656630069,0.00494506303221],[0.0000656387201161,0.00339901843108,0.00183123920579,-0.00223716627806,0.00313775544055,-0.00084140553372,0.0000284429352178,-0.00662326440215,0.00673537934199,0.00592825515196,-0.0268656630069,0.044892527163,-0.0204844195396],[-0.0000284873804048,-0.00116175331641,0.000365753541701,0.00246783765033,-0.000645595311653,-0.0018673123559,0.00013710471103,0.00181479554158,-0.00463375775144,0.002321976237,0.00494506303221,-0.0204844195396,0.0291204191744]],"mean":[-116.555534363,128.078903198,-49.8361968994,-3.75326371193,-11.9181632996,-10.6986436844,-16.7461700439,-16.7990722656,-9.94387626648,-9.18070793152,-3.42078375816,-8.71891880035,-2.39745807648]},"hfc":{"dmean":58.4251556396,"dmean2":85.6740646362,"dvar":5691.35253906,"dvar2":12731.0537109,"max":1038.46447754,"mean":153.895019531,"median":116.904518127,"min":1.04687455547e-16,"var":20476.5722656},"melbands":{"dmean":[0.000891122734174,0.000801237940323,0.00104074110277,0.000873628305271,0.000605691748206,0.000314866163535,0.0000967590676737,0.0000858906641952,0.000092513349955,0.0000769925027271,0.000039049780753,0.0000268929143203,0.0000134866013468,0.0000115586726679,0.00000822155743663,0.00000358658030564,0.0000059017206695,0.00000520395178683,0.00000187699527032,9.49330740241e-7,7.85642384926e-7,7.62411104915e-7,7.11757706995e-7,5.93505831148e-7,4.20501294229e-7,2.91493222448e-7,1.98731569867e-7,1.27040564735e-7,9.1113236067e-8,7.41108934221e-8,6.07686843068e-8,4.85373981007e-8,4.00505548726e-8,3.35997576428e-8,2.86238446279e-8,2.47052724944e-8,2.17001812075e-8,1.91879134803e-8,1.71623444345e-8,1.55525494705e-8],"dmean2":[0.00144283275586,0.00131341535598,0.00162564532366,0.00132426363416,0.000905681052245,0.000459181406768,0.00014327612007,0.000127693812829,0.000137556155096,0.000115335860755,0.0000581401400268,0.0000404845304729,0.0000202693354368,0.0000177846341103,0.0000123610952869,0.00000557691646463,0.00000922266463022,0.00000798903602117,0.00000294552728519,0.00000147020136865,0.00000123494612581,0.0000012417455082,0.00000119076173632,9.81204607342e-7,7.10134258952e-7,4.74618673252e-7,3.22213026038e-7,2.05372742812e-7,1.48587147919e-7,1.23302214661e-7,1.01705509792e-7,8.09055293871e-8,6.65664146027e-8,5.58746542367e-8,4.75589558846e-8,4.09208240626e-8,3.59140379658e-8,3.17005479644e-8,2.83066032836e-8,2.56023522383e-8],"dvar":[0.00000170975852143,0.00000132853085688,0.00000358406555279,0.00000308199673782,0.0000016319002043,7.5525417742e-7,7.98286947656e-8,8.52975574617e-8,1.24319299744e-7,1.27304872422e-7,1.91688886986e-8,1.32674449205e-8,3.92354770895e-9,1.15147802404e-9,4.95560426028e-10,4.0083662084e-11,1.77852108041e-10,1.60356797285e-10,1.64520948948e-11,2.81977175984e-12,2.10493601716e-12,3.31800949563e-12,3.28534335153e-12,2.74981426518e-12,1.07027841451e-12,4.51802739101e-13,1.75215541403e-13,6.92355312079e-14,3.5732291556e-14,2.25741293876e-14,1.51722642154e-14,9.45860008155e-15,6.78063257398e-15,5.05048815811e-15,3.72437930512e-15,2.80761204114e-15,2.18149650972e-15,1.68072078455e-15,1.31910558458e-15,1.05152491193e-15],"dvar2":[0.00000441255224359,0.00000359557975571,0.00000813004407973,0.00000662551383357,0.00000329414751832,0.00000137193592309,1.44945886404e-7,1.80782990356e-7,2.50512897537e-7,2.38717916545e-7,3.92693735307e-8,2.99033402484e-8,7.85274156812e-9,2.64968069708e-9,1.09323294861e-9,9.54130108255e-11,4.03441835495e-10,3.24251320238e-10,3.90342203005e-11,6.44855913459e-12,4.9734370268e-12,8.88034264179e-12,9.00206992283e-12,7.54963713073e-12,2.97198008391e-12,1.14746873028e-12,4.32210636638e-13,1.6717513875e-13,8.80240297969e-14,5.76567263442e-14,3.90475073607e-14,2.37355420014e-14,1.68661742558e-14,1.25137327258e-14,9.19764532413e-15,6.91295479045e-15,5.3740865077e-15,4.14142402352e-15,3.24333870646e-15,2.58225384333e-15],"max":[0.017916880548,0.0139314113185,0.0424693226814,0.0353152118623,0.0243666488677,0.0292993821204,0.0148140536621,0.00932549498975,0.0132107203826,0.0165380351245,0.00546437921003,0.00448201643303,0.00281347520649,0.00106223975308,0.000650357222185,0.000151960368385,0.000514779530931,0.000579292478506,0.000128024330479,0.000025565870601,0.0000267523155344,0.000031358878914,0.0000296403341054,0.0000489823542011,0.0000144339128383,0.0000128843948914,0.00000711914071871,0.00000793920753495,0.00000607171932643,0.00000344315276379,0.00000229086276704,0.0000016851250848,0.00000142816156767,0.0000012577910411,0.00000109010352389,9.65620984061e-7,8.51311881434e-7,7.4473945233e-7,6.5356664436e-7,5.78040896926e-7],"mean":[0.00155258621089,0.00128372071777,0.00167991861235,0.00136056065094,0.00100117758848,0.000536188017577,0.000152056192746,0.000122475408716,0.000142409437103,0.000108044681838,0.0000516159270774,0.0000332846539095,0.0000195979846467,0.0000170909042936,0.0000123670961329,0.00000585115549256,0.00000922399794945,0.00000834692036733,0.00000291546371045,0.00000138096231694,0.00000108102676677,9.62073158917e-7,8.46127363729e-7,6.86575219788e-7,4.55326926385e-7,3.37670343242e-7,2.34883202666e-7,1.4987919883e-7,1.03458816625e-7,8.01341926149e-8,6.45277751232e-8,5.08678432709e-8,4.15208525339e-8,3.46542563534e-8,2.93351334335e-8,2.54406806732e-8,2.23061267235e-8,1.97386338385e-8,1.76935781582e-8,1.61734057258e-8],"median":[0.000951711903326,0.000779040798079,0.000646118482109,0.000456407258753,0.000252606288996,0.0000971432091319,0.0000336925259035,0.0000202015107789,0.0000135352875077,0.00000942205315368,0.00000703370460542,0.00000483205258206,0.00000349896436092,0.00000368700193576,0.00000289363151751,0.00000240850386035,0.00000300016699839,0.00000233009541262,0.0000011143156371,5.70610893647e-7,3.9241263039e-7,3.18477134442e-7,2.55726433807e-7,2.08238333244e-7,1.46363205999e-7,1.05262394356e-7,7.67517391864e-8,5.33291171223e-8,3.6495293898e-8,2.87205423888e-8,2.305687552e-8,1.77302048598e-8,1.36384006311e-8,1.08220117312e-8,8.86440432168e-9,7.50399387073e-9,6.45137276933e-9,5.70408564826e-9,5.07780262282e-9,4.73700456638e-9],"min":[8.50868429207e-25,7.59427075037e-25,7.14885720353e-25,1.16259342262e-24,1.875677927e-24,1.56930900332e-24,1.34807049726e-24,1.8716302817e-24,1.50856819273e-24,1.347305598e-24,2.09170689425e-24,3.27281705168e-24,1.8215555608e-24,2.85039465871e-24,2.32226332672e-24,3.26240842647e-24,2.83715007854e-24,3.28054690248e-24,3.55471728502e-24,3.8241436553e-24,2.75903648006e-24,3.04591994774e-24,3.75989448444e-24,3.86586098655e-24,4.58305624512e-24,3.74483355204e-24,4.86074435565e-24,4.84946206699e-24,5.09679283774e-24,5.51153685309e-24,3.65069838579e-24,5.36185207405e-24,4.80810366745e-24,5.70456953888e-24,4.85338467784e-24,4.90190514554e-24,5.65520065128e-24,5.59512021587e-24,5.37939357957e-24,6.68205260856e-24],"var":[0.0000032885670862,0.00000223844131142,0.00000862122305989,0.00000663084256303,0.00000418940044256,0.00000213634757529,2.0951817703e-7,2.063969049e-7,3.78411158408e-7,2.82100046434e-7,3.50002657967e-8,2.04868744191e-8,9.74896074979e-9,2.65381716602e-9,1.04046649074e-9,9.60045931642e-11,3.80686482337e-10,4.21615520274e-10,3.38624892016e-11,4.93815318497e-12,3.37766403388e-12,3.59946642804e-12,3.15884189465e-12,2.41902635076e-12,9.34692752884e-13,4.92470105494e-13,2.06773576668e-13,8.36358367002e-14,3.95329758241e-14,2.30830809924e-14,1.51003138487e-14,9.83412959762e-15,7.08855996701e-15,5.24719885462e-15,3.85968985383e-15,2.93720342339e-15,2.28192835924e-15,1.76848906799e-15,1.40222196308e-15,1.13204809906e-15]},"melbands_crest":{"dmean":3.80026483536,"dmean2":6.20161724091,"dvar":10.1680545807,"dvar2":26.257068634,"max":38.2959022522,"mean":16.4603595734,"median":15.6828956604,"min":1.1985912323,"var":32.872013092},"melbands_flatness_db":{"dmean":0.045487549156,"dmean2":0.0716916844249,"dvar":0.00145993137266,"dvar2":0.00355120445602,"max":0.599763512611,"mean":0.354709714651,"median":0.357463151217,"min":0.000159503746545,"var":0.00630202982575},"melbands_kurtosis":{"dmean":12.5815162659,"dmean2":20.2339878082,"dvar":356.837554932,"dvar2":905.107177734,"max":443.260192871,"mean":24.5523223877,"median":16.226852417,"min":-1.58708322048,"var":818.28137207},"melbands_skewness":{"dmean":0.926570117474,"dmean2":1.45594346523,"dvar":0.831448912621,"dvar2":2.04291582108,"max":17.5207862854,"mean":3.10058450699,"median":2.84608817101,"min":-1.51809060574,"var":3.44521141052},"melbands_spread":{"dmean":2.27926468849,"dmean2":3.62841939926,"dvar":12.9824972153,"dvar2":34.7307929993,"max":161.990066528,"mean":7.54532766342,"median":4.48552894592,"min":0.415748357773,"var":268.694641113},"mfcc":{"cov":[[8320.04785156,1844.63439941,-143.564712524,-13.6223974228,-252.108581543,-88.7186203003,-188.274871826,-169.830825806,-167.563583374,-28.2801952362,-16.7767868042,-101.755088806,-124.283096313],[1844.63439941,1736.07629395,53.3866653442,-60.3927764893,26.597694397,24.8653621674,-16.9999198914,-86.6716842651,-79.9611968994,4.81559658051,10.9140233994,-63.9491577148,-80.3583526611],[-143.564712524,53.3866653442,497.275512695,-57.5736465454,43.8506202698,65.4134521484,-0.496456414461,-26.4952487946,-16.7514190674,15.6533765793,15.6592025757,10.1075582504,-9.35877037048],[-13.6223974228,-60.3927764893,-57.5736465454,315.377990723,114.910720825,-8.65873432159,-8.41401576996,2.38088297844,1.96951258183,-4.89042711258,15.7703180313,28.8112812042,24.3519191742],[-252.108581543,26.597694397,43.8506202698,114.910720825,159.406600952,76.5943222046,41.4980583191,6.26746463776,-4.98610258102,-6.85440206528,6.8812379837,15.6553678513,12.5887737274],[-88.7186203003,24.8653621674,65.4134521484,-8.65873432159,76.5943222046,146.692993164,100.611068726,31.3813896179,0.366753160954,-19.2511177063,-27.7439823151,-14.7138442993,-3.98683333397],[-188.274871826,-16.9999198914,-0.496456414461,-8.41401576996,41.4980583191,100.611068726,145.224075317,93.056678772,26.5402164459,-24.9159755707,-42.1311225891,-21.9580783844,0.0979683771729],[-169.830825806,-86.6716842651,-26.4952487946,2.38088297844,6.26746463776,31.3813896179,93.056678772,122.431976318,61.7340698242,-10.2723054886,-30.7962532043,-11.7183542252,5.49353075027],[-167.563583374,-79.9611968994,-16.7514190674,1.96951258183,-4.98610258102,0.366753160954,26.5402164459,61.7340698242,76.9370269775,28.4725837708,-6.85640716553,-0.425258994102,6.74862337112],[-28.2801952362,4.81559658051,15.6533765793,-4.89042711258,-6.85440206528,-19.2511177063,-24.9159755707,-10.2723054886,28.4725837708,58.526348114,39.0660667419,11.0583219528,0.996066451073],[-16.7767868042,10.9140233994,15.6592025757,15.7703180313,6.8812379837,-27.7439823151,-42.1311225891,-30.7962532043,-6.85640716553,39.0660667419,69.2899169922,41.7016296387,7.85099172592],[-101.755088806,-63.9491577148,10.1075582504,28.8112812042,15.6553678513,-14.7138442993,-21.9580783844,-11.7183542252,-0.425258994102,11.0583219528,41.7016296387,60.5478515625,33.7785415649],[-124.283096313,-80.3583526611,-9.35877037048,24.3519191742,12.5887737274,-3.98683333397,0.0979683771729,5.49353075027,6.74862337112,0.996066451073,7.85099172592,33.7785415649,48.0284500122]],"icov":[[0.000198479072424,-0.000217769193114,0.0000682395475451,-0.000267258379608,0.000634339114185,-0.000551455479581,0.000658141681924,-0.000532384903636,0.000646049098577,-0.000411202694522,0.0004467642284,-0.000272674224107,0.000182051124284],[-0.000217769193114,0.00091790658189,-0.0000723637931515,0.000443753524451,-0.00104208209086,0.000800097943284,-0.00102870399132,0.000930378504563,-0.000193069397938,0.000200281530851,-0.000826628296636,0.000951596826781,0.000457245856524],[0.0000682395475451,-0.0000723637931515,0.00249817804433,0.000595648714807,-0.000558243889827,-0.00190126488451,0.00192363304086,-0.00142629514448,0.00214278348722,-0.00278522446752,0.0021852881182,-0.00233873934485,0.00143230007961],[-0.000267258379608,0.000443753524451,0.000595648714807,0.00584553135559,-0.00633210502565,0.00347188301384,-0.000495233165566,0.000382730737329,-0.00118645653129,0.00133837980684,-0.000479470647406,-0.0000531832920387,-0.000637037621345],[0.000634339114185,-0.00104208209086,-0.000558243889827,-0.00633210502565,0.0169286038727,-0.0103098172694,0.00230271182954,-0.000868178671226,0.000759841816034,0.0013008445967,-0.0032500543166,-0.000218406465137,-0.00164752476849],[-0.000551455479581,0.000800097943284,-0.00190126488451,0.00347188301384,-0.0103098172694,0.0255531165749,-0.0219223424792,0.0134415635839,-0.00621795700863,0.00331561383791,0.000515808700584,0.000137542461744,0.00173547037411],[0.000658141681924,-0.00102870399132,0.00192363304086,-0.000495233165566,0.00230271182954,-0.0219223424792,0.0400640442967,-0.0316971801221,0.0177206508815,-0.0109908459708,0.0109418183565,-0.00280181248672,-0.000351798866177],[-0.000532384903636,0.000930378504563,-0.00142629514448,0.000382730737329,-0.000868178671226,0.0134415635839,-0.0316971801221,0.0478523857892,-0.0410980135202,0.0312824174762,-0.0214659590274,0.0128324851394,-0.00474851671606],[0.000646049098577,-0.000193069397938,0.00214278348722,-0.00118645653129,0.000759841816034,-0.00621795700863,0.0177206508815,-0.0410980135202,0.0672636702657,-0.0608835704625,0.0472148880363,-0.029167233035,0.0109238596633],[-0.000411202694522,0.000200281530851,-0.00278522446752,0.00133837980684,0.0013008445967,0.00331561383791,-0.0109908459708,0.0312824174762,-0.0608835704625,0.0909522548318,-0.0753606036305,0.0481646694243,-0.0204585418105],[0.0004467642284,-0.000826628296636,0.0021852881182,-0.000479470647406,-0.0032500543166,0.000515808700584,0.0109418183565,-0.0214659590274,0.0472148880363,-0.0753606036305,0.0984020754695,-0.0715186446905,0.0329121425748],[-0.000272674224107,0.000951596826781,-0.00233873934485,-0.0000531832920387,-0.000218406465137,0.000137542461744,-0.00280181248672,0.0128324851394,-0.029167233035,0.0481646694243,-0.0715186446905,0.0848570913076,-0.0458255298436],[0.000182051124284,0.000457245856524,0.00143230007961,-0.000637037621345,-0.00164752476849,0.00173547037411,-0.000351798866177,-0.00474851671606,0.0109238596633,-0.0204585418105,0.0329121425748,-0.0458255298436,0.0495175383985]],"mean":[-781.536193848,190.159637451,20.3911952972,25.4955310822,18.3526859283,12.3907299042,4.93221664429,-1.06692504883,-3.51382946968,0.464543998241,0.395106703043,-3.85225248337,-5.026034832]},"pitch_salience":{"dmean":0.0801157802343,"dmean2":0.130003020167,"dvar":0.00438275188208,"dvar2":0.0111968880519,"max":0.985127687454,"mean":0.55433011055,"median":0.564948439598,"min":0.0786807537079,"var":0.0156799219549},"silence_rate_20dB":{"dmean":0,"dmean2":0,"dvar":0,"dvar2":0,"max":1,"mean":1,"median":1,"min":1,"var":0},"silence_rate_30dB":{"dmean":0.0217161811888,"dmean2":0.0434389151633,"dvar":0.0212456677109,"dvar2":0.0484927371144,"max":1,"mean":0.972406506538,"median":1,"min":0,"var":0.0268332716078},"silence_rate_60dB":{"dmean":0.0286532957107,"dmean2":0.0573152340949,"dvar":0.0278341304511,"dvar2":0.0612721927464,"max":1,"mean":0.10072376579,"median":0,"min":0,"var":0.0905758589506},"spectral_centroid":{"dmean":108.747489929,"dmean2":174.023773193,"dvar":40033.625,"dvar2":88557.5078125,"max":11841.2236328,"mean":592.19317627,"median":360.229125977,"min":141.832580566,"var":1720338.875},"spectral_complexity":{"dmean":2.04735326767,"dmean2":3.12880849838,"dvar":4.19534158707,"dvar2":8.46146678925,"max":25,"mean":7.42611598969,"median":6,"min":0,"var":21.228345871},"spectral_contrast_coeffs":{"dmean":[0.0564292930067,0.0517226159573,0.0364514887333,0.0291196573526,0.0287619996816,0.0229930132627],"dmean2":[0.0907934606075,0.0845658630133,0.0590810142457,0.0464883968234,0.0461040362716,0.0375920422375],"dvar":[0.00201931386255,0.00166245480068,0.000905265391339,0.000602962507401,0.000622185238171,0.000654608593322],"dvar2":[0.00510717090219,0.00433116452768,0.00232158857398,0.00155309017282,0.00155848043505,0.00162551889662],"max":[-0.305649280548,-0.461316287518,-0.521790325642,-0.649932026863,-0.700893640518,-0.640529513359],"mean":[-0.662642538548,-0.759818017483,-0.834341585636,-0.839783906937,-0.868928492069,-0.846815526485],"median":[-0.664852142334,-0.768419206142,-0.844527006149,-0.845586895943,-0.866047441959,-0.853248000145],"min":[-0.977371394634,-0.980538368225,-0.978314340115,-0.979033589363,-0.96955281496,-0.965635538101],"var":[0.00993243604898,0.00665015634149,0.00363953458145,0.00223018112592,0.00170684955083,0.00142591807526]},"spectral_contrast_valleys":{"dmean":[0.398025810719,0.460233658552,0.439035058022,0.385128259659,0.534887969494,0.659788608551],"dmean2":[0.643300294876,0.712003827095,0.670633733273,0.573009729385,0.833452641964,1.05635511875],"dvar":[0.122121296823,0.170167759061,0.160764664412,0.134467184544,0.253814250231,0.337505578995],"dvar2":[0.27314260602,0.355456054211,0.34224653244,0.274033874273,0.594149291515,0.795797407627],"max":[-5.1338262558,-4.51530265808,-5.37366724014,-6.43620538712,-6.50030374527,-8.95587730408],"mean":[-7.24593877792,-7.39375257492,-8.16800308228,-8.74448490143,-9.2379322052,-11.7936401367],"median":[-6.78967761993,-6.99352836609,-7.81335067749,-8.37193107605,-8.95744800568,-11.4999933243],"min":[-28.4264907837,-28.2174091339,-27.7069854736,-27.7228431702,-27.5619659424,-27.457321167],"var":[7.11659002304,7.19325447083,6.50678253174,5.96394300461,5.6804728508,4.61836528778]},"spectral_decrease":{"dmean":2.35284614014e-9,"dmean2":3.49664830424e-9,"dvar":1.04677655111e-17,"dvar2":2.22437254327e-17,"max":5.64468338737e-9,"mean":-4.66668526045e-9,"median":-2.50677612001e-9,"min":-4.80011195236e-8,"var":3.55081703968e-17},"spectral_energy":{"dmean":0.0107909208164,"dmean2":0.0151308085769,"dvar":0.000185489581781,"dvar2":0.000359553494491,"max":0.224064946175,"mean":0.03157190606,"median":0.0235949009657,"min":9.98448439161e-21,"var":0.000874959107023},"spectral_energyband_high":{"dmean":0.0000422794182668,"dmean2":0.000066553693614,"dvar":7.48414308305e-9,"dvar2":1.87988682399e-8,"max":0.00161348166876,"mean":0.0000497231449117,"median":0.0000172663203557,"min":7.16152456392e-21,"var":8.3821847241e-9},"spectral_energyband_low":{"dmean":0.00474109034985,"dmean2":0.00755459209904,"dvar":0.0000416131515522,"dvar2":0.000106765393866,"max":0.087401881814,"mean":0.00985413976014,"median":0.0069990362972,"min":1.67956817093e-23,"var":0.0000981359844445},"spectral_energyband_middle_high":{"dmean":0.000448970473371,"dmean2":0.000632660929114,"dvar":0.00000143026568367,"dvar2":0.00000266126039605,"max":0.0439728237689,"mean":0.000831057666801,"median":0.000268601055723,"min":1.0688888056e-21,"var":0.00000402426348955},"spectral_energyband_middle_low":{"dmean":0.00712590105832,"dmean2":0.0102154789492,"dvar":0.000121771765407,"dvar2":0.000236093532294,"max":0.178217723966,"mean":0.0153940562159,"median":0.00713215768337,"min":1.21920182085e-22,"var":0.000439985306002},"spectral_entropy":{"dmean":0.364180296659,"dmean2":0.575499713421,"dvar":0.103817746043,"dvar2":0.249229073524,"max":9.82772827148,"mean":6.77459192276,"median":6.74424552917,"min":4.75391769409,"var":0.491301178932},"spectral_flux":{"dmean":0.0229686815292,"dmean2":0.0360724329948,"dvar":0.00053593586199,"dvar2":0.00125112163369,"max":0.29368814826,"mean":0.0850029289722,"median":0.0811436623335,"min":6.28142954318e-11,"var":0.00215766159818},"spectral_kurtosis":{"dmean":11.5265750885,"dmean2":18.818649292,"dvar":167.200561523,"dvar2":444.614746094,"max":176.698303223,"mean":26.125541687,"median":22.0420398712,"min":-1.27539277077,"var":278.45892334},"spectral_rms":{"dmean":0.000904550193809,"dmean2":0.00123637774959,"dvar":8.05888987543e-7,"dvar2":0.00000144267573887,"max":0.0147851258516,"mean":0.00493113743141,"median":0.0047978553921,"min":3.12105116057e-12,"var":0.00000648559444016},"spectral_rolloff":{"dmean":3519.36547852,"dmean2":6929.94091797,"dvar":58931004,"dvar2":139793536,"max":22050,"mean":15678.1123047,"median":21877.734375,"min":21.533203125,"var":92580832},"spectral_skewness":{"dmean":0.815364837646,"dmean2":1.30762338638,"dvar":0.606767714024,"dvar2":1.59986245632,"max":10.9328384399,"mean":3.76283788681,"median":3.60436797142,"min":-0.108058966696,"var":1.51586484909},"spectral_spread":{"dmean":835718.5625,"dmean2":1344485.875,"dvar":765739008000,"dvar2":1779505561600,"max":43025900,"mean":4071269.25,"median":3430975.5,"min":826388.5625,"var":20986204258300},"spectral_strongpeak":{"dmean":8.41632652283,"dmean2":15.8394737244,"dvar":431.50012207,"dvar2":1199.1697998,"max":255.80770874,"mean":6.52518844604,"median":0.358560442924,"min":0,"var":349.621490479},"zerocrossingrate":{"dmean":0.0506619587541,"dmean2":0.0636643618345,"dvar":0.0016836746363,"dvar2":0.0027778162621,"max":0.685546875,"mean":0.317119300365,"median":0.31689453125,"min":0.0048828125,"var":0.0149836624041}},"metadata":{"audio_properties":{"analysis_sample_rate":44100,"bit_rate":262015,"codec":"mp3","downmix":"mix","equal_loudness":0,"length":153.965713501,"lossless":false,"md5_encoded":"1fcbd53a65ef8117d062bc9b4c2ab51a","replay_gain":-2.00971221924,"sample_rate":44100},"tags":{"album":["The Best of Johnny Cash"],"albumartist":["Johnny Cash"],"albumartistsort":["Cash, Johnny"],"artist":["Johnny Cash"],"artists":["Johnny Cash"],"artistsort":["Cash, Johnny"],"asin":["B0000263YA"],"barcode":["5099746255725"],"catalognumber":["COL 462557 2"],"date":["1995"],"file_name":"15 - In Them Old Cottonfields Back Home.mp3","label":["Columbia"],"media":["CD"],"musicbrainz album release country":["DE"],"musicbrainz album status":["official"],"musicbrainz album type":["album","compilation"],"musicbrainz release track id":["aff82078-eca4-45c5-bc7a-7173127b4163"],"musicbrainz_albumartistid":["d43d12a1-2dc9-4257-a2fd-0a3bb1081b86"],"musicbrainz_albumid":["7d95bc48-4d05-4d4e-a5e6-bf9f49875322"],"musicbrainz_artistid":["d43d12a1-2dc9-4257-a2fd-0a3bb1081b86"],"musicbrainz_recordingid":["5e28deb2-a314-4009-bbca-88e7d9dfe06e"],"musicbrainz_releasegroupid":["98801ac4-2880-3786-bc50-06acfb569877"],"originaldate":["1988"],"script":["Latn"],"title":["In Them Old Cottonfields Back Home"],"tracknumber":["15/20"]},"version":{"essentia":"2.1-beta1","essentia_build_sha":"ca57ba49d9b1854bd80e60cf9ccf267278fb7d6b","essentia_git_sha":"v2.1_beta1-28-g21ef5f4-dirty","extractor":"music 1.0"}},"rhythm":{"beats_count":232,"beats_loudness":{"dmean":0.0263398010284,"dmean2":0.0460619516671,"dvar":0.000818733591586,"dvar2":0.00243753800169,"max":0.182652726769,"mean":0.0381742343307,"median":0.0308888033032,"min":0,"var":0.000851212767884},"beats_loudness_band_ratio":{"dmean":[0.191262558103,0.175023779273,0.0785538032651,0.0215