{"lowlevel":{"average_loudness":0.666284143925,"barkbands":{"dmean":[0.000086145264504,0.000898919592146,0.000262959336396,0.000148528852151,0.000216298751184,0.000120752811199,0.000158913084306,0.000183395735803,0.000175617547939,0.000606080458965,0.000218248664169,0.000193329906324,0.000127608902403,0.000372952868929,0.000623644387815,0.000471545936307,0.000318622187478,0.000540092936717,0.000252704834566,0.000179742681212,0.000295957375783,0.000174647269887,0.0000700685122865,0.0000391039902752,0.0000183941410796,0.00000307921504827,4.09652926692e-7],"dmean2":[0.000143799552461,0.00157087156549,0.000442284945166,0.000258000567555,0.000355243333615,0.000195565095055,0.000257676496403,0.000297136750305,0.000280519307125,0.000918786216062,0.000345010019373,0.000301086693071,0.000197185494471,0.00059508200502,0.00100296142045,0.000751183950342,0.000520306697581,0.000874916790053,0.000408406427596,0.000286323629552,0.000471074454254,0.000271809723927,0.000104871876829,0.0000558573083254,0.0000262787270913,0.00000466653727926,6.51811433272e-7],"dvar":[9.79498722131e-8,0.00000581606127525,2.96665916721e-7,6.99653739389e-8,1.78712951993e-7,4.9338463981e-8,1.38641894409e-7,4.56393138393e-7,2.46707372753e-7,0.00000189977106402,5.54145685783e-7,4.16570941297e-7,2.74432522929e-7,6.5480764988e-7,0.00000136770825065,8.29208943287e-7,4.12629390212e-7,9.97968754746e-7,2.7151145332e-7,1.21814281329e-7,2.42338785483e-7,1.00315531881e-7,2.66660933335e-8,2.33659029902e-8,1.23886501058e-8,1.50559148482e-10,1.22911327383e-12],"dvar2":[2.49486276971e-7,0.0000165843448485,8.47214494115e-7,1.9518087413e-7,4.65128692895e-7,1.24729723439e-7,3.40051457215e-7,0.0000011038065395,5.61204046789e-7,0.00000433044533565,0.00000121299069633,9.32720354285e-7,5.93701486196e-7,0.00000155544637437,0.00000336353582497,0.00000204084176403,0.00000103821082575,0.00000256170073953,6.58955741528e-7,3.06287461171e-7,5.99744680585e-7,2.28553147963e-7,5.30691757206e-8,3.91485137641e-8,2.21371809772e-8,2.83571138793e-10,2.74393853993e-12],"max":[0.00436799181625,0.0345747321844,0.00846686214209,0.0031869339291,0.00558663206175,0.00477877166122,0.0105110835284,0.0198308974504,0.0173745360225,0.0265909768641,0.0338839367032,0.0239062290639,0.0171628501266,0.0170932970941,0.0232043042779,0.026757247746,0.0190457645804,0.022866871208,0.014210681431,0.0112095465884,0.00997780542821,0.00702856248245,0.00508332950994,0.00823700241745,0.00674647139385,0.0008466768777,0.0000421248550992],"mean":[0.0000684873230057,0.00126135325991,0.000555340840947,0.000182361574844,0.000320713996189,0.000197089073481,0.000273132871371,0.000261743494775,0.000301280640997,0.00120482151397,0.000359895697329,0.000347158114891,0.000218821995077,0.000616823264863,0.00120959349442,0.000897320453078,0.00060691969702,0.00110813311767,0.000494911917485,0.000405183091061,0.000743329641409,0.000412173743825,0.000169411403476,0.0000824014787213,0.0000325926921505,0.00000458217891719,5.61269928312e-7],"median":[0.00000101192756574,0.000665344472509,0.00041138092638,0.0000960056640906,0.00019454897847,0.000106348641566,0.000106866711576,0.0000564679285162,0.000113880341814,0.000290445634164,0.000136544011184,0.000100746612588,0.0000420468350057,0.000226150310482,0.000552287732717,0.000428907456808,0.000318581180181,0.000648979446851,0.000287208211375,0.000258569489233,0.000448430510005,0.000234269042267,0.0000885711488081,0.0000429053689004,0.0000141357722896,0.00000164749792475,1.3025869805e-7],"min":[1.31215588878e-22,3.39815592658e-23,4.30186835317e-23,2.81252168331e-23,5.57811560909e-23,2.91372086231e-23,7.81462273454e-23,1.06923065374e-22,6.12223588945e-23,1.02075824345e-22,9.37543957133e-23,8.40369420255e-23,1.30679062488e-22,3.60740822367e-23,2.13845474416e-22,1.54181324069e-22,1.5738456635e-22,1.98408854896e-22,1.7725388996e-22,2.52537599826e-22,2.63410829404e-22,8.88174277516e-22,6.99569827711e-22,6.61429097142e-22,1.24064288355e-21,1.90908660759e-21,2.7051061794e-21],"var":[8.01548765139e-8,0.00000577709852223,3.94345022414e-7,6.88214925049e-8,1.94654930397e-7,9.68550324387e-8,3.29729545001e-7,7.04692581621e-7,4.93721188377e-7,0.00000525570658283,0.00000129397687942,0.00000110019311705,7.54047562168e-7,0.00000140981262575,0.0000032110929169,0.00000190683238088,8.31823854242e-7,0.00000228323960982,5.16304226039e-7,2.76183214964e-7,7.98408166247e-7,3.24633987248e-7,9.22633205391e-8,5.97870410957e-8,2.56156251766e-8,3.02469049807e-10,2.4301457114e-12]},"barkbands_crest":{"dmean":2.02137160301,"dmean2":3.30668759346,"dvar":4.04685926437,"dvar2":10.1921634674,"max":23.8738746643,"mean":7.53150987625,"median":6.58772754669,"min":2.05197119713,"var":12.4163503647},"barkbands_flatness_db":{"dmean":0.0144757600501,"dmean2":0.0223748739809,"dvar":0.000220347312279,"dvar2":0.000525654177181,"max":0.317955553532,"mean":0.102758340538,"median":0.0957014486194,"min":0.0240020733327,"var":0.00120140414219},"barkbands_kurtosis":{"dmean":1.0399286747,"dmean2":1.59500265121,"dvar":9.49614334106,"dvar2":19.6785182953,"max":101.353149414,"mean":0.403711020947,"median":-0.609929561615,"min":-1.93033492565,"var":28.1132354736},"barkbands_skewness":{"dmean":0.370500534773,"dmean2":0.575128376484,"dvar":0.196785509586,"dvar2":0.43562078476,"max":9.28000640869,"mean":0.0400567911565,"median":-0.165333330631,"min":-6.32452726364,"var":1.20968258381},"barkbands_spread":{"dmean":6.38593196869,"dmean2":9.92474937439,"dvar":47.695098877,"dvar2":111.988304138,"max":109.71787262,"mean":35.0514564514,"median":33.8310012817,"min":1.82670795918,"var":208.216262817},"dissonance":{"dmean":0.0095387743786,"dmean2":0.0162830390036,"dvar":0.000129329360789,"dvar2":0.000359271216439,"max":0.499957025051,"mean":0.484236627817,"median":0.488774657249,"min":0.234964177012,"var":0.000234522405663},"dynamic_complexity":5.37057256699,"erbbands":{"dmean":[0.0252880398184,0.213116675615,0.377620249987,0.294335514307,0.762655854225,0.646162211895,0.753409981728,1.19340789318,1.81962299347,3.39993238449,3.34456062317,3.32744908333,8.65141582489,20.5187988281,7.48104286194,6.74713182449,5.99262857437,9.3663110733,30.8362865448,31.4424591064,18.2031745911,19.0433216095,21.1554889679,22.4951076508,9.6740398407,8.81959629059,10.2369413376,13.1136159897,6.55144262314,3.12753462791,1.74613940716,0.904853343964,0.645020604134,0.291129350662,0.086093313992,0.021187139675,0.00437715323642,0.000629369227681,0.0000716604699846,0.00000780707796366],"dmean2":[0.0420000329614,0.376304000616,0.648522973061,0.507404208183,1.29000365734,1.05270719528,1.24168121815,1.93749892712,2.96076273918,5.50691509247,5.36445188522,5.35746860504,13.1997365952,30.8259067535,11.6949853897,10.4174623489,9.14649868011,14.7028999329,49.6060752869,50.3821983337,29.2830657959,30.9762649536,33.9914855957,36.5436439514,15.6646699905,14.0370016098,16.3807086945,20.9944515228,10.148557663,4.6348528862,2.59613347054,1.35473203659,0.898041427135,0.410171449184,0.123337142169,0.0314663983881,0.00680244760588,0.000986942555755,0.000113529706141,0.0000117427844089],"dvar":[0.00562716182321,0.345118135214,0.787907540798,0.249437615275,2.51851916313,1.47511136532,2.05709218979,5.19281101227,16.1090831757,91.3764572144,196.180435181,97.4757919312,424.819854736,2542.94775391,485.800842285,651.040344238,628.79675293,469.569122314,3358.44433594,4089.02001953,1130.6607666,1529.06994629,1638.14282227,1745.63146973,378.609313965,326.387390137,291.516906738,485.790496826,127.798179626,53.7027778625,15.8578414917,7.89366960526,9.23592948914,2.85345482826,0.267891079187,0.00883737578988,0.000245392526267,0.00000310350083055,3.7111892226e-8,2.61533100732e-10],"dvar2":[0.0139771224931,1.01917088032,2.30914378166,0.70324409008,6.80442762375,3.81214427948,5.36322975159,13.0011119843,38.1252708435,223.625869751,474.122497559,230.333679199,957.25958252,5754.81494141,1143.78430176,1438.67407227,1360.70849609,1064.72473145,8129.80615234,10108.5419922,2705.51171875,3780.25341797,4227.41162109,4263.91992188,950.127929688,799.916320801,742.579956055,1212.20947266,288.83102417,105.524528503,30.4013118744,15.6189012527,15.8695287704,5.05746126175,0.460191249847,0.0146785769612,0.000495968619362,0.00000644713827569,8.29272863712e-8,5.19918441633e-10],"max":[1.19867920876,8.86349201202,14.6341505051,6.62263822556,22.5530319214,16.6618404388,30.470407486,58.2804145813,169.998474121,281.01550293,468.837310791,295.388366699,678.237609863,1111.48620605,879.586791992,1032.57006836,830.197998047,461.34664917,983.943054199,1397.55493164,1296.07348633,1111.203125,1286.92724609,778.585083008,573.635925293,484.945465088,382.84564209,427.7890625,273.036651611,249.239135742,144.589675903,127.376487732,186.868988037,95.0994338989,37.8636169434,6.68708133698,0.847804367542,0.0763595327735,0.00743421632797,0.000806326104794],"mean":[0.0287800841033,0.302871257067,0.760937929153,0.506387650967,0.986830174923,0.9610683918,1.09775745869,1.95477890968,3.15246295929,5.77255535126,4.75903654099,5.85906982422,17.9361591339,42.4788017273,15.9250431061,12.7463693619,11.074511528,17.7424449921,61.2532806396,64.7745437622,37.5798492432,38.9532241821,49.662776947,45.9903106689,20.6980876923,20.0336532593,24.7131214142,30.9144420624,16.7369861603,7.64231061935,4.40214061737,2.09890294075,1.2490606308,0.521750926971,0.143631994724,0.0339502729475,0.00629908544943,0.000866988732014,0.000109713706479,0.0000239404871536],"median":[0.00574617413804,0.181553453207,0.616858303547,0.316717088223,0.525456547737,0.501157701015,0.660023570061,1.00117993355,1.42706108093,1.63275134563,1.36515772343,2.47855186462,8.15042686462,11.5335817337,7.07409954071,4.03558588028,2.49245047569,7.96263027191,30.6677188873,29.7574539185,21.1344013214,22.531791687,31.2391586304,27.3674850464,13.0289134979,12.4629878998,15.2826662064,18.3461914062,9.89856815338,3.6792883873,2.371789217,1.25381326675,0.588978648186,0.225020959973,0.0562260150909,0.0132447434589,0.00221554120071,0.000261307228357,0.0000346892738889,0.0000169075519807],"min":[2.31964304318e-21,4.37291858104e-21,3.67211484865e-20,7.18984677573e-20,2.19386005284e-19,1.25510195219e-19,1.76742880153e-19,2.47580844204e-19,6.61165515312e-19,1.49529656466e-18,2.46384885795e-18,1.51699578688e-18,1.97813998278e-18,4.07150498413e-18,4.64815699097e-18,3.56107085327e-18,4.38890907441e-18,3.22715292924e-18,7.6126167964e-18,1.09235081142e-17,7.95947513394e-18,7.82915613715e-18,1.05519418917e-17,9.67114922215e-18,1.26278608268e-17,1.06659621217e-17,1.10370659502e-17,1.7189258152e-17,3.16065612795e-17,2.12840966605e-17,1.67565517018e-17,1.65408792463e-17,1.10926053381e-17,1.56990294128e-17,8.34242088006e-18,5.91749169712e-18,3.44440736763e-18,1.68943099474e-18,3.1062909333e-19,4.14371378032e-20],"var":[0.00642192689702,0.288049131632,0.771238684654,0.33528187871,2.33478522301,1.98137807846,2.28067660332,10.8555021286,34.2392730713,213.893951416,247.781799316,204.862609863,1027.09912109,7783.27197266,1465.8482666,1670.84020996,1758.15844727,1067.29785156,8022.28125,9469.55078125,2890.57299805,3145.78051758,4203.51757812,3607.75830078,752.609191895,723.000183105,846.139709473,1431.55273438,471.33380127,168.318161011,74.1120376587,18.4351444244,22.2678470612,5.80174589157,0.590663194656,0.0207952745259,0.000414495269069,0.00000516020145369,7.91813263845e-8,8.48441317203e-10]},"erbbands_crest":{"dmean":2.19800639153,"dmean2":3.56986927986,"dvar":4.42586708069,"dvar2":10.9486627579,"max":27.8124485016,"mean":8.49865436554,"median":7.68572425842,"min":2.25397253036,"var":13.1820001602},"erbbands_flatness_db":{"dmean":0.0148125337437,"dmean2":0.0228001587093,"dvar":0.000214612198761,"dvar2":0.000507672608364,"max":0.336902916431,"mean":0.176256984472,"median":0.178712114692,"min":0.0283651184291,"var":0.00172155944165},"erbbands_kurtosis":{"dmean":0.752672493458,"dmean2":1.18004310131,"dvar":0.889694750309,"dvar2":2.01063323021,"max":21.5846557617,"mean":0.665687441826,"median":0.309846878052,"min":-1.74887406826,"var":2.69618964195},"erbbands_skewness":{"dmean":0.271322876215,"dmean2":0.421317785978,"dvar":0.0646390616894,"dvar2":0.146219238639,"max":2.69382715225,"mean":-0.363967001438,"median":-0.398318350315,"min":-3.99342942238,"var":0.366300821304},"erbbands_spread":{"dmean":5.28031349182,"dmean2":8.18103599548,"dvar":38.1895523071,"dvar2":88.1675796509,"max":132.829437256,"mean":29.1595649719,"median":25.2948322296,"min":3.87137317657,"var":253.138473511},"gfcc":{"cov":[[18225.6679688,372.121704102,-2600.64501953,473.422546387,-926.929199219,336.795318604,-299.772033691,278.439605713,169.101409912,-21.4772090912,-152.552108765,-178.067428589,104.309089661],[372.121704102,825.449768066,-61.9350471497,-35.860408783,53.7615737915,-111.671394348,52.3362731934,-44.0284004211,27.0156288147,-61.5856285095,-2.99124288559,-31.3201828003,24.6424465179],[-2600.64501953,-61.9350471497,1088.91003418,64.8198471069,142.85987854,65.3669052124,-99.8961334229,85.9521636963,-73.6637268066,62.1430511475,50.8239746094,20.6905345917,-56.7217521667],[473.422546387,-35.860408783,64.8198471069,253.993331909,30.2674446106,38.4802703857,-19.9170303345,39.3939170837,32.0639228821,-0.522295057774,3.0661919117,-14.9571008682,19.5833015442],[-926.929199219,53.7615737915,142.85987854,30.2674446106,209.791137695,10.9250879288,58.3483810425,-7.94017267227,8.79096698761,5.05715990067,-13.3287239075,18.4003620148,11.560051918],[336.795318604,-111.671394348,65.3669052124,38.4802703857,10.9250879288,180.062667847,20.5262508392,63.0778121948,-21.437795639,15.860956192,23.4775772095,-2.44831943512,-5.06125164032],[-299.772033691,52.3362731934,-99.8961334229,-19.9170303345,58.3483810425,20.5262508392,181.720230103,-2.00096273422,10.0155391693,-22.7045631409,0.403012394905,28.2225074768,6.60505723953],[278.439605713,-44.0284004211,85.9521636963,39.3939170837,-7.94017267227,63.0778121948,-2.00096273422,118.675537109,11.4087944031,14.1170854568,7.43887233734,-4.21368074417,3.66818833351],[169.101409912,27.0156288147,-73.6637268066,32.0639228821,8.79096698761,-21.437795639,10.0155391693,11.4087944031,102.15297699,35.2744255066,-7.505464077,-11.9855442047,10.165148735],[-21.4772090912,-61.5856285095,62.1430511475,-0.522295057774,5.05715990067,15.860956192,-22.7045631409,14.1170854568,35.2744255066,88.8077774048,27.2201862335,-1.5772241354,-20.2197494507],[-152.552108765,-2.99124288559,50.8239746094,3.0661919117,-13.3287239075,23.4775772095,0.403012394905,7.43887233734,-7.505464077,27.2201862335,74.5741729736,18.6753940582,-16.8003826141],[-178.067428589,-31.3201828003,20.6905345917,-14.9571008682,18.4003620148,-2.44831943512,28.2225074768,-4.21368074417,-11.9855442047,-1.5772241354,18.6753940582,63.6327133179,15.5403261185],[104.309089661,24.6424465179,-56.7217521667,19.5833015442,11.560051918,-5.06125164032,6.60505723953,3.66818833351,10.165148735,-20.2197494507,-16.8003826141,15.5403261185,70.3744888306]],"icov":[[0.00027990154922,-0.000500475056469,0.000835549843032,-0.000787791796029,0.000850050128065,-0.000888610084075,0.00079900433775,-0.000721110729501,0.000481836585095,-0.000906135363039,0.00130387558602,-0.00107022200245,0.000629760965239],[-0.000500475056469,0.00256177899428,-0.0015944581246,0.00182950682938,-0.00210616341792,0.00264915288426,-0.00188717793208,0.00130792311393,-0.00153805501759,0.00318752834573,-0.00397469429299,0.00388085586019,-0.00197188812308],[0.000835549843032,-0.0015944581246,0.00405809469521,-0.00264451326802,0.00109021808021,-0.00248328968883,0.00355984619819,-0.00348099251278,0.00293080997653,-0.00353509979323,0.00356502016075,-0.00394683051854,0.00309982593171],[-0.000787791796029,0.00182950682938,-0.00264451326802,0.00728425011039,-0.00339745543897,0.00170679797884,-0.00135473720729,0.0012741656974,-0.00392517214641,0.00486654601991,-0.00540022319183,0.0047651976347,-0.00326611939818],[0.000850050128065,-0.00210616341792,0.00109021808021,-0.00339745543897,0.0100353909656,-0.00356229883619,-0.000487455865368,-0.0000707830695319,0.000881551823113,-0.00452266307548,0.00711225811392,-0.0048652458936,0.000791955622844],[-0.000888610084075,0.00264915288426,-0.00248328968883,0.00170679797884,-0.00356229883619,0.0117835374549,-0.00444027315825,-0.00186919525731,0.00197185110301,0.00135625945404,-0.00686020217836,0.0065343696624,-0.0031160346698],[0.00079900433775,-0.00188717793208,0.00355984619819,-0.00135473720729,-0.000487455865368,-0.00444027315825,0.0108860991895,-0.00278508709744,-0.00071922846837,0.000567513226997,0.00323266745545,-0.00732260709628,0.00426260428503],[-0.000721110729501,0.00130792311393,-0.00348099251278,0.0012741656974,-0.0000707830695319,-0.00186919525731,-0.00278508709744,0.0141325928271,-0.00407438119873,0.00231299432926,-0.00265375897288,0.0030261373613,-0.0031961358618],[0.000481836585095,-0.00153805501759,0.00293080997653,-0.00392517214641,0.000881551823113,0.00197185110301,-0.00071922846837,-0.00407438119873,0.0183663126081,-0.01206038706,0.00473972084001,0.000744870165363,-0.00159525568597],[-0.000906135363039,0.00318752834573,-0.00353509979323,0.00486654601991,-0.00452266307548,0.00135625945404,0.000567513226997,0.00231299432926,-0.01206038706,0.024393774569,-0.0116802770644,0.00391223654151,0.00178849278018],[0.00130387558602,-0.00397469429299,0.00356502016075,-0.00540022319183,0.00711225811392,-0.00686020217836,0.00323266745545,-0.00265375897288,0.00473972084001,-0.0116802770644,0.0273210834712,-0.0139291882515,0.00756621174514],[-0.00107022200245,0.00388085586019,-0.00394683051854,0.0047651976347,-0.0048652458936,0.0065343696624,-0.00732260709628,0.0030261373613,0.000744870165363,0.00391223654151,-0.0139291882515,0.0292107220739,-0.0112403808162],[0.000629760965239,-0.00197188812308,0.00309982593171,-0.00326611939818,0.000791955622844,-0.0031160346698,0.00426260428503,-0.0031961358618,-0.00159525568597,0.00178849278018,0.00756621174514,-0.0112403808162,0.0218190979213]],"mean":[-41.7147407532,58.7346763611,-154.518936157,58.945514679,-54.7362518311,17.7508335114,-26.2930049896,9.22655582428,-14.0776414871,-3.61448526382,-20.5105438232,-0.0144290803,-1.91099905968]},"hfc":{"dmean":5.72547197342,"dmean2":8.29852962494,"dvar":85.7119369507,"dvar2":170.020706177,"max":211.100418091,"mean":24.3997573853,"median":18.2956562042,"min":1.22962039182e-16,"var":530.692626953},"melbands":{"dmean":[0.000233871833188,0.000228160162806,0.0000681226229062,0.0000477077119285,0.0000280615931842,0.000025576346161,0.0000289294002869,0.0000392924739572,0.0000251219116763,0.0000234698327404,0.0000475661290693,0.0000904784974409,0.0000268491858151,0.0000241802499659,0.0000151203084897,0.0000112910202006,0.0000204066800507,0.0000525241957803,0.0000498724548379,0.0000367785978597,0.0000212264785659,0.0000192349798454,0.0000233913269767,0.0000287385355477,0.0000186025517905,0.0000104639520941,0.00000492739536639,0.00000695584867572,0.00000677131538396,0.00000736857009542,0.00000936462129175,0.00000464815548185,0.00000245142018684,0.0000017609219185,0.00000116301782782,7.34873822239e-7,5.74571402012e-7,5.11762664246e-7,3.52891504463e-7,2.28800473678e-7],"dmean2":[0.000405051308917,0.000398061878514,0.000116682203952,0.0000789065015852,0.0000458794711449,0.0000414911992266,0.0000468799880764,0.0000634466050542,0.000040187198465,0.0000377907272195,0.0000727295409888,0.000136147675221,0.0000422528137278,0.0000378608237952,0.0000231510239246,0.000017653712348,0.0000323265703628,0.0000849001735332,0.0000799649133114,0.0000588594157307,0.0000341083541571,0.0000314552853524,0.0000379637604055,0.0000469047226943,0.000030364801205,0.0000173590542545,0.00000806743446446,0.0000111795261546,0.0000110150149339,0.0000119498872664,0.000015141379663,0.00000740762516216,0.00000370659086002,0.00000270798523161,0.00000173934313352,0.00000113865701223,8.80366769707e-7,7.34431353067e-7,5.01750037074e-7,3.32884866339e-7],"dvar":[4.18455556428e-7,3.43322568597e-7,1.44959111381e-8,8.78980888075e-9,2.70085820375e-9,2.28609198238e-9,4.0937253587e-9,1.33815314385e-8,1.12035092314e-8,4.52897719327e-9,1.23042367406e-8,4.77296424606e-8,7.04302838272e-9,5.16764142588e-9,5.57413804003e-9,1.68224556507e-9,2.46735898379e-9,1.0430090569e-8,9.90732118566e-9,6.57015197802e-9,1.72811009946e-9,1.62365110246e-9,2.67513233787e-9,3.19786797043e-9,1.28959665169e-9,4.97896279761e-10,1.76402920049e-10,2.03697364531e-10,1.24851989858e-10,1.83649082053e-10,2.62612570578e-10,6.33146243767e-11,3.0435428483e-11,1.77423492564e-11,7.65294251581e-12,2.66749621523e-12,3.91813925055e-12,5.60577018832e-12,3.40371394264e-12,2.06398591794e-12],"dvar2":[0.00000113054318263,0.00000101659054508,4.00556352531e-8,2.3277038963e-8,6.97590119003e-9,5.69572256026e-9,9.7361398943e-9,3.28232836466e-8,2.69556945653e-8,1.06326698557e-8,2.76457559067e-8,1.08482780092e-7,1.61185074177e-8,1.20701795225e-8,1.15846194859e-8,3.75459485724e-9,5.67486058145e-9,2.53463863231e-8,2.44328273169e-8,1.64409570402e-8,4.14589962361e-9,4.06079880833e-9,6.3609277845e-9,8.32231084047e-9,3.14024406478e-9,1.28851218584e-9,4.72864747358e-10,4.97958119183e-10,3.2029429109e-10,4.76587935783e-10,6.62245647209e-10,1.51984536068e-10,6.69216349003e-11,3.6535930531e-11,1.51049554808e-11,5.47617983945e-12,8.23710891162e-12,9.86820521132e-12,5.98837255825e-12,4.05461558425e-12],"max":[0.00846942234784,0.00883694365621,0.00161165138707,0.00138266431168,0.001037114067,0.00114336539991,0.00246137543581,0.00359900202602,0.00357554783113,0.00194707268383,0.00350508559495,0.0045508784242,0.00322063756175,0.00231443438679,0.00321114831604,0.00171878666151,0.000991565058939,0.00169143814128,0.00243063480593,0.00248610414565,0.00137826881837,0.00116991205141,0.00170816096943,0.0015331171453,0.000724066921975,0.000656975491438,0.000617032928858,0.000416931870859,0.000219779467443,0.000319679907989,0.000388312328141,0.000171602689079,0.000188727877685,0.000130244676257,0.000114771581138,0.0000574928671995,0.0000944850180531,0.00015673985763,0.0000899535953067,0.0000833777739899],"mean":[0.000303197419271,0.000416020629928,0.000111903405923,0.000069173736847,0.0000413570269302,0.0000422875418735,0.000050751681556,0.0000655350304442,0.000034689084714,0.0000406527724408,0.0000955207797233,0.000184680844541,0.0000509325327585,0.0000452060558018,0.0000260706965491,0.0000191615345102,0.0000339560501743,0.0000965683502727,0.000095495932328,0.00006960031169,0.0000369143126591,0.0000344546169799,0.0000443098069809,0.0000551610137336,0.0000353921459464,0.0000185918870557,0.0000102189815152,0.0000138734567372,0.0000148627113958,0.0000155732996063,0.0000196071632672,0.0000103937418316,0.00000542063662579,0.00000376492630494,0.00000272914780908,0.0000016609665181,0.00000116277294637,9.47498790538e-7,6.24295125817e-7,3.7808680986e-7],"median":[0.000126380793517,0.000340621947544,0.0000770624901634,0.0000390723180317,0.0000251157216553,0.0000220442216232,0.0000227320470003,0.0000174992273969,0.00000971492227109,0.0000153724249685,0.0000407032857765,0.0000454094915767,0.0000210035977943,0.0000127991934278,0.0000053478420341,0.00000457000896859,0.0000128205456349,0.0000427809100074,0.0000438101887994,0.0000267782743322,0.0000173023563548,0.0000171664069057,0.0000236971627601,0.0000308257367578,0.000020051276806,0.0000104996643131,0.0000060934994508,0.00000818845728645,0.00000916638691706,0.00000913411440706,0.0000110344290079,0.00000611800896877,0.00000248144033321,0.00000173761770839,0.00000134093750148,0.00000102787487322,6.58128215036e-7,4.36523549752e-7,2.72214464303e-7,1.52317284119e-7],"min":[2.16085520687e-23,1.50749867484e-23,1.80046520673e-23,1.41915145993e-23,5.41104622896e-24,5.24201542507e-24,1.26680459088e-23,1.933830978e-23,1.77857368552e-23,9.17263636992e-24,9.89470521115e-24,1.64432565221e-23,1.50491925745e-23,1.09390126881e-23,8.43452209787e-24,1.17024241517e-23,4.90317323944e-24,9.62098152109e-24,1.71600896936e-23,1.24548751818e-23,9.55278844014e-24,8.77416773833e-24,5.95472798154e-24,1.24229389369e-23,6.79668356442e-24,8.91408799709e-24,8.95223178844e-24,6.59024497641e-24,6.15840397866e-24,5.83576184058e-24,1.26435241676e-23,1.86500601946e-23,1.54269891061e-23,1.10175114479e-23,7.75214558194e-24,1.42532824082e-23,8.18243922902e-24,7.96289056163e-24,9.47088968982e-24,1.36118312072e-23],"var":[4.57321817748e-7,2.9328657547e-7,1.62132920423e-8,9.58703516574e-9,3.16556270086e-9,4.82916284739e-9,9.03779007189e-9,2.84505858872e-8,1.38278775097e-8,9.71628111301e-9,2.94355242403e-8,1.44681379766e-7,1.82985253616e-8,1.55033212934e-8,1.26558434843e-8,3.96347443754e-9,4.94333640688e-9,2.34989272485e-8,2.13358575252e-8,1.43495029192e-8,3.67899422038e-9,2.98279978495e-9,5.89405546592e-9,6.69060939984e-9,2.43775510889e-9,7.51588458137e-10,2.77338457755e-10,3.99934058093e-10,3.34520411371e-10,3.82669812504e-10,6.73248068406e-10,1.83655840535e-10,9.43235906048e-11,4.47510153934e-11,3.90947274553e-11,6.67265721843e-12,8.13169757224e-12,1.33978010977e-11,7.16800230283e-12,3.59152833342e-12]},"melbands_crest":{"dmean":2.78624224663,"dmean2":4.49661493301,"dvar":7.85208034515,"dvar2":19.1552696228,"max":36.6685295105,"mean":11.9065055847,"median":10.4187393188,"min":1.90373945236,"var":32.5312538147},"melbands_flatness_db":{"dmean":0.0177553333342,"dmean2":0.027671104297,"dvar":0.000379610661184,"dvar2":0.000905486522242,"max":0.413446426392,"mean":0.117876589298,"median":0.103019528091,"min":0.00553573621437,"var":0.00282225687988},"melbands_kurtosis":{"dmean":3.17573857307,"dmean2":4.91782855988,"dvar":137.109603882,"dvar2":288.883056641,"max":388.027404785,"mean":5.00237083435,"median":-0.044084072113,"min":-1.87870419025,"var":455.050109863},"melbands_skewness":{"dmean":0.498470872641,"dmean2":0.781967103481,"dvar":0.48346889019,"dvar2":1.08609235287,"max":16.6740589142,"mean":1.25239312649,"median":0.72140699625,"min":-3.20586967468,"var":3.28332591057},"melbands_spread":{"dmean":11.0292615891,"dmean2":17.2683925629,"dvar":150.943084717,"dvar2":351.826812744,"max":251.587005615,"mean":60.0941085815,"median":60.501865387,"min":0.999375522137,"var":697.690246582},"mfcc":{"cov":[[11698.8466797,-370.143066406,-876.857055664,17.4591941833,-301.168426514,32.813495636,-271.654815674,76.4080734253,103.473876953,176.813018799,-80.9010696411,-15.2720270157,-0.629117548466],[-370.143066406,820.066650391,11.123210907,84.1655578613,14.058098793,-14.3963890076,8.26455307007,3.70653653145,10.3300533295,-25.1895904541,-5.45992994308,-29.0046634674,-37.2616424561],[-876.857055664,11.123210907,656.193786621,29.5402851105,201.04536438,-47.5279884338,80.993057251,-15.7511749268,-43.2508087158,25.8476848602,23.6575870514,38.8742752075,34.2037658691],[17.4591941833,84.1655578613,29.5402851105,237.991943359,56.8907928467,26.59375,-18.7397708893,24.5572872162,37.8520812988,7.17359113693,-9.97332954407,-11.4150724411,-9.43514633179],[-301.168426514,14.058098793,201.04536438,56.8907928467,202.910766602,10.3424930573,30.6219749451,-7.62300825119,16.7969474792,20.5576477051,2.44984793663,5.84735155106,-0.0214757882059],[32.813495636,-14.3963890076,-47.5279884338,26.59375,10.3424930573,115.340988159,33.3793067932,22.3236732483,15.3116674423,2.40099191666,14.9753465652,4.16762065887,6.46453142166],[-271.654815674,8.26455307007,80.993057251,-18.7397708893,30.6219749451,33.3793067932,143.905044556,56.211353302,-4.68392324448,-5.21285676956,11.3200950623,13.6431350708,5.67139673233],[76.4080734253,3.70653653145,-15.7511749268,24.5572872162,-7.62300825119,22.3236732483,56.211353302,101.459465027,37.6986618042,-3.39169025421,-8.14848613739,-0.615542888641,5.69250202179],[103.473876953,10.3300533295,-43.2508087158,37.8520812988,16.7969474792,15.3116674423,-4.68392324448,37.6986618042,105.67993927,27.9479026794,-14.1957731247,-15.6588563919,-4.94748878479],[176.813018799,-25.1895904541,25.8476848602,7.17359113693,20.5576477051,2.40099191666,-5.21285676956,-3.39169025421,27.9479026794,81.9727401733,25.5052871704,1.83813655376,0.415797948837],[-80.9010696411,-5.45992994308,23.6575870514,-9.97332954407,2.44984793663,14.9753465652,11.3200950623,-8.14848613739,-14.1957731247,25.5052871704,80.3402938843,35.3882484436,10.3303422928],[-15.2720270157,-29.0046634674,38.8742752075,-11.4150724411,5.84735155106,4.16762065887,13.6431350708,-0.615542888641,-15.6588563919,1.83813655376,35.3882484436,72.2156829834,29.5158042908],[-0.629117548466,-37.2616424561,34.2037658691,-9.43514633179,-0.0214757882059,6.46453142166,5.67139673233,5.69250202179,-4.94748878479,0.415797948837,10.3303422928,29.5158042908,67.8285446167]],"icov":[[0.000109110580524,0.0000285082114715,0.000132500368636,-0.00000846548573463,0.0000237267649936,-0.0000267227442237,0.000198184323381,-0.000210620841244,0.000144895180711,-0.000391102861613,0.00024517881684,-0.00015457898553,-0.00000476955892736],[0.0000285082114715,0.00134927511681,0.00000873586213856,-0.00054009933956,0.0000789979167166,0.000358264514944,-0.000287030852633,0.000190103222849,-0.000224881106988,0.000554667029064,-0.000428215193097,0.00043198390631,0.000493315106723],[0.000132500368636,0.00000873586213856,0.00305354269221,-0.000355793599738,-0.00260819378309,0.00179487350397,-0.00131548161153,0.0000712249311619,0.00154061114881,-0.00126009411179,0.000188301128219,-0.000486993434606,-0.00134780607186],[-0.00000846548573463,-0.00054009933956,-0.000355793599738,0.00554404547438,-0.00151037354954,-0.00161982083227,0.00245024776086,-0.00226492248476,-0.000629249145277,0.0000904562402866,0.000281873857602,0.0000222477992793,0.000693873269483],[0.0000237267649936,0.0000789979167166,-0.00260819378309,-0.00151037354954,0.008605257608,-0.00142527965363,-0.00134402152617,0.00253214826807,-0.00242073461413,-0.000627671484835,0.000933790230192,-0.000559535517823,0.00111572432797],[-0.0000267227442237,0.000358264514944,0.00179487350397,-0.00161982083227,-0.00142527965363,0.0114894174039,-0.003543761326,0.00024009590561,-0.000901153427549,0.000747553363908,-0.0029064072296,0.000990180997178,-0.00181171565782],[0.000198184323381,-0.000287030852633,-0.00131548161153,0.00245024776086,-0.00134402152617,-0.003543761326,0.0130135621876,-0.0086020315066,0.00271918298677,-0.000218526081881,-0.000305138615659,-0.00107924710028,0.00153527152725],[-0.000210620841244,0.000190103222849,0.0000712249311619,-0.00226492248476,0.00253214826807,0.00024009590561,-0.0086020315066,0.0182804260403,-0.00694306008518,0.0024247278925,0.000664638646413,0.00000327561792801,-0.00170945841819],[0.000144895180711,-0.000224881106988,0.00154061114881,-0.000629249145277,-0.00242073461413,-0.000901153427549,0.00271918298677,-0.00694306008518,0.0156196895987,-0.00667890626937,0.00336254015565,0.000664018443786,-0.000166959056514],[-0.000391102861613,0.000554667029064,-0.00126009411179,0.0000904562402866,-0.000627671484835,0.000747553363908,-0.000218526081881,0.0024247278925,-0.00667890626937,0.018593326211,-0.0082244426012,0.00299441511743,0.0000408317573601],[0.00024517881684,-0.000428215193097,0.000188301128219,0.000281873857602,0.000933790230192,-0.0029064072296,-0.000305138615659,0.000664638646413,0.00336254015565,-0.0082244426012,0.0205811671913,-0.00971998460591,0.00134915707167],[-0.00015457898553,0.00043198390631,-0.000486993434606,0.0000222477992793,-0.000559535517823,0.000990180997178,-0.00107924710028,0.00000327561792801,0.000664018443786,0.00299441511743,-0.00971998460591,0.0224575381726,-0.00778206530958],[-0.00000476955892736,0.000493315106723,-0.00134780607186,0.000693873269483,0.00111572432797,-0.00181171565782,0.00153527152725,-0.00170945841819,-0.000166959056514,0.0000408317573601,0.00134915707167,-0.00778206530958,0.0191467925906]],"mean":[-659.505004883,71.7749252319,-27.4813632965,35.9060211182,-1.02782702446,13.1071281433,-2.79052305222,12.9924440384,12.5119743347,2.83319044113,-2.91927838326,-5.60129261017,-6.99093389511]},"pitch_salience":{"dmean":0.0603170655668,"dmean2":0.0964854434133,"dvar":0.003271919908,"dvar2":0.00804408825934,"max":0.867154598236,"mean":0.565146327019,"median":0.575668513775,"min":0.0869391188025,"var":0.0116062676534},"silence_rate_20dB":{"dmean":0,"dmean2":0,"dvar":0,"dvar2":0,"max":1,"mean":1,"median":1,"min":1,"var":0},"silence_rate_30dB":{"dmean":0,"dmean2":0,"dvar":0,"dvar2":0,"max":1,"mean":1,"median":1,"min":1,"var":0},"silence_rate_60dB":{"dmean":0.0339289754629,"dmean2":0.0678656250238,"dvar":0.032778903842,"dvar2":0.0722976028919,"max":1,"mean":0.197105050087,"median":0,"min":0,"var":0.158251434565},"spectral_centroid":{"dmean":200.098999023,"dmean2":306.245941162,"dvar":54217.1601562,"dvar2":101616.914062,"max":10970.7851562,"mean":2567.52368164,"median":2666.95776367,"min":287.979125977,"var":319440.5},"spectral_complexity":{"dmean":3.51594662666,"dmean2":5.43422698975,"dvar":14.8953924179,"dvar2":31.1102638245,"max":56,"mean":21.0825519562,"median":22,"min":0,"var":153.155700684},"spectral_contrast_coeffs":{"dmean":[0.0425173081458,0.0414610542357,0.0361173264682,0.0316526852548,0.0223724190146,0.0197882205248],"dmean2":[0.0699601173401,0.0685466527939,0.0579249113798,0.0519076250494,0.036778781563,0.0314860157669],"dvar":[0.00122968899086,0.00113749608863,0.000895060074981,0.000698292977177,0.000347881956259,0.000355845375452],"dvar2":[0.00330116436817,0.00306488783099,0.0022415581625,0.00179502391256,0.000911368755624,0.000858928775415],"max":[-0.418985188007,-0.490402907133,-0.498340219259,-0.525704503059,-0.570016443729,-0.530649244785],"mean":[-0.69580411911,-0.788148403168,-0.760879814625,-0.742031991482,-0.772165417671,-0.691945791245],"median":[-0.696934700012,-0.796396017075,-0.766687750816,-0.738476991653,-0.770819485188,-0.685880541801],"min":[-0.983227014542,-0.993273496628,-0.965096056461,-0.958073914051,-0.966509819031,-0.961806476116],"var":[0.00394251290709,0.00382029195316,0.00547508988529,0.00441454770043,0.00220583681948,0.0036990812514]},"spectral_contrast_valleys":{"dmean":[0.435190439224,0.369455188513,0.310554563999,0.27740624547,0.221822828054,0.256548553705],"dmean2":[0.701081931591,0.593578875065,0.499183267355,0.438078790903,0.343359321356,0.371165812016],"dvar":[0.154087513685,0.118941918015,0.0967542231083,0.0875175371766,0.0784679353237,0.125108167529],"dvar2":[0.337297618389,0.254337161779,0.194054841995,0.169868960977,0.133358567953,0.251046568155],"max":[-6.00040864944,-5.56758546829,-5.58228063583,-5.89276075363,-5.44543981552,-7.1595082283],"mean":[-8.28374767303,-7.69943284988,-7.75968790054,-7.97017765045,-7.34015703201,-10.2990036011],"median":[-8.04103565216,-7.39314222336,-7.42493772507,-7.6406378746,-6.94103813171,-9.90551376343],"min":[-27.7743587494,-26.9507465363,-27.2013282776,-27.3976554871,-27.2571640015,-27.1543731689],"var":[1.68493056297,1.8743480444,2.00001764297,1.92974555492,1.97013795376,1.85943615437]},"spectral_decrease":{"dmean":7.1081518449e-10,"dmean2":1.10762199412e-9,"dvar":1.19142814772e-18,"dvar2":2.87437053095e-18,"max":-5.62107969716e-30,"mean":-2.68215027965e-9,"median":-2.19035833915e-9,"min":-2.37236523759e-8,"var":5.19697519737e-18},"spectral_energy":{"dmean":0.00312125380151,"dmean2":0.00478801922873,"dvar":0.0000218720961129,"dvar2":0.0000508092052769,"max":0.102534681559,"mean":0.0123361423612,"median":0.0100462045521,"min":1.1174230222e-20,"var":0.000109389970021},"spectral_energyband_high":{"dmean":0.000529679760803,"dmean2":0.000779357447755,"dvar":8.37761604089e-7,"dvar2":0.00000170334146787,"max":0.0236827563494,"mean":0.00170984875876,"median":0.0011056169169,"min":8.19474342704e-21,"var":0.00000389814249502},"spectral_energyband_low":{"dmean":0.00113734905608,"dmean2":0.00197768374346,"dvar":0.00000818765329313,"dvar2":0.0000235507741309,"max":0.0411782748997,"mean":0.00194126914721,"median":0.0013954146998,"min":1.42680072859e-22,"var":0.00000860486670717},"spectral_energyband_middle_high":{"dmean":0.00182842451613,"dmean2":0.00275421491824,"dvar":0.00000802466274763,"dvar2":0.0000171128449438,"max":0.0764525085688,"mean":0.0071700415574,"median":0.00543448980898,"min":1.50191099003e-21,"var":0.0000485614073114},"spectral_energyband_middle_low":{"dmean":0.000717111106496,"dmean2":0.00114322989248,"dvar":0.00000151154165451,"dvar2":0.00000364524430552,"max":0.0247308779508,"mean":0.00162183993962,"median":0.00103915820364,"min":3.67133669101e-22,"var":0.00000348546814166},"spectral_entropy":{"dmean":0.101934082806,"dmean2":0.156906381249,"dvar":0.0125351473689,"dvar2":0.0316537022591,"max":9.81074237823,"mean":7.85134410858,"median":7.87075424194,"min":6.40012836456,"var":0.068434163928},"spectral_flux":{"dmean":0.0133454315364,"dmean2":0.0207868441939,"dvar":0.000227680298849,"dvar2":0.000499496178236,"max":0.241327702999,"mean":0.0597422495484,"median":0.0575652867556,"min":0.00000588501416132,"var":0.00123535806779},"spectral_kurtosis":{"dmean":1.04762792587,"dmean2":1.81467628479,"dvar":1.16583454609,"dvar2":3.48237204552,"max":21.7807979584,"mean":2.82790446281,"median":2.5698723793,"min":-1.13308060169,"var":2.22883844376},"spectral_rms":{"dmean":0.000400832737796,"dmean2":0.000603749242146,"dvar":2.40855342781e-7,"dvar2":5.25838061094e-7,"max":0.0100016919896,"mean":0.00311731756665,"median":0.00313068274409,"min":3.30177031549e-12,"var":0.00000231754370361},"spectral_rolloff":{"dmean":590.001647949,"dmean2":957.230163574,"dvar":683259,"dvar2":1500676.875,"max":18755.4199219,"mean":3392.35058594,"median":3273.046875,"min":21.533203125,"var":2195725.25},"spectral_skewness":{"dmean":0.152384698391,"dmean2":0.255966484547,"dvar":0.020380653441,"dvar2":0.0571884326637,"max":3.17249894142,"mean":0.964983224869,"median":0.942067563534,"min":-0.0643444210291,"var":0.0645215064287},"spectral_spread":{"dmean":349348.03125,"dmean2":535353.125,"dvar":316370124800,"dvar2":507855863808,"max":38909396,"mean":3865755.5,"median":3592048.5,"min":1804773.125,"var":1827317481470},"spectral_strongpeak":{"dmean":0.935876905918,"dmean2":1.59098172188,"dvar":1.91269826889,"dvar2":4.79972696304,"max":15.333650589,"mean":1.59754216671,"median":0.817812740803,"min":0,"var":3.86306357384},"zerocrossingrate":{"dmean":0.00947675388306,"dmean2":0.0111439246684,"dvar":0.000122078941786,"dvar2":0.000137558206916,"max":0.505859375,"mean":0.106312021613,"median":0.10791015625,"min":0.0068359375,"var":0.00116698478814}},"metadata":{"audio_properties":{"analysis_sample_rate":44100,"bit_rate":320000,"codec":"vorbis","downmix":"mix","equal_loudness":0,"length":205.289077759,"lossless":false,"md5_encoded":"31292a2903f673b5f53d9f185902f782","replay_gain":-12.9965801239,"sample_rate":44100},"tags":{"album":["High Time"],"albumartist":["MC5"],"albumartistsort":["MC5"],"artist":["MC5"],"artistsort":["MC5"],"asin":["B0000032UJ"],"barcode":["081227103422"],"catalognumber":["R2 71034"],"date":["1992"],"discnumber":["1"],"disctotal":["1"],"file_name":"06 Poison.ogg","label":["Rhino"],"media":["CD"],"musicbrainz_albumartistid":["08b736bb-1c82-40b4-8b0b-49e2182a067a"],"musicbrainz_albumid":["389425ee-9246-381d-a330-f80687bfc0af"],"musicbrainz_artistid":["08b736bb-1c82-40b4-8b0b-49e2182a067a"],"musicbrainz_recordingid":["5e4adea3-60c7-4b2f-b869-288ee1de17b1"],"musicbrainz_releasegroupid":["07cd1d15-3936-3b76-b3da-5603f9f19a86"],"originaldate":["1971"],"releasecountry":["US"],"releasestatus":["official"],"releasetype":["album"],"script":["Latn"],"title":["Poison"],"totaldiscs":["1"],"totaltracks":["8"],"tracknumber":["6"],"tracktotal":["8"]},"version":{"essentia":"2.1-beta2","essentia_build_sha":"cead25079874084f62182a551b7393616cd33d87","essentia_git_sha":"v2.1_beta2-1-ge3940c0","extractor":"music 1.0"}},"rhythm":{"beats_count":506,"beats_loudness":{"dmean":0.00804842822254,"dmean2":0.0142656769603,"dvar":0.0000988745669019,"dvar2":0.000292528246064,"max":0.0934725254774,"mean":0.0152280637994,"median":0.0125216543674,"min":3.61775442936e-10,"var":0.000154015157023},"beats_loudness_band_ratio":{"dmean":[0.125009655952,0.0418526120484,0.0561820492148,0.122456334531,0.143674507737,0.097065962851],"dmean2":[0.21438921988,0.074290856719,0.09738201648,0.214618772268,0.244013696909,0.168620973825],"dvar":[0.0185794848949,0.00337697728537,0.00511731952429,0.0175535790622,0.0134279355407,0.00930978730321],"dvar2":[0.0463151112199,0