{"lowlevel":{"average_loudness":0.577871441841,"barkbands":{"dmean":[0.0000369363951904,0.00121480808593,0.000777608947828,0.000674103677738,0.00178619206417,0.00183895649388,0.00104761135299,0.000666498672217,0.000804031791631,0.000253974722,0.000310645642458,0.000253659876762,0.000249062519288,0.000311815092573,0.000207438934012,0.000217323278775,0.000134356814669,0.000108730928332,0.0000680142547935,0.0000439994801127,0.0000226839911193,0.0000274636167887,0.0000209707995964,0.0000152639586304,0.0000068370277404,0.00000200796785066,6.23226128482e-8],"dmean2":[0.0000556671875529,0.002122676,0.00135420646984,0.00117209134623,0.00288184126839,0.00290971575305,0.00160363363102,0.00101209490094,0.00121704686899,0.000380837183911,0.000485724071041,0.000389540567994,0.000390753266402,0.000487719808007,0.000320876162732,0.000338269775966,0.000203012692509,0.000166722529684,0.000101522957266,0.0000681244346197,0.0000350416121364,0.0000396666764573,0.000028646132705,0.0000207056673389,0.0000094202650871,0.00000278811444332,1.02540077762e-7],"dvar":[3.69411989887e-9,0.00000678439937474,0.00000211354290514,0.00000200533872885,0.00000818238277134,0.0000131740071083,0.00000455982399217,0.00000248826540883,0.00000281697771243,4.56752246691e-7,8.91953959581e-7,7.33949264031e-7,4.22528160016e-7,6.04558522355e-7,3.87493003018e-7,2.97969450003e-7,1.43346952086e-7,7.80389726174e-8,5.30787360731e-8,3.02796649976e-8,1.06171675895e-8,1.95655367463e-8,1.42945753012e-8,1.16840137565e-8,1.48327261584e-9,1.51849810504e-10,4.56457788234e-14],"dvar2":[7.23502546762e-9,0.000018979262677,0.0000059659132603,0.00000557512203159,0.0000215854652197,0.0000313620039378,0.0000107713985926,0.00000580777896175,0.00000673183194522,0.00000111766996724,0.00000214630290429,0.00000163406173215,9.95667505777e-7,0.00000152261543462,8.71815245773e-7,6.6904834739e-7,3.19280132999e-7,1.8329414786e-7,1.07815885997e-7,7.79759545821e-8,2.62755204261e-8,4.00160011793e-8,2.03255297038e-8,1.76860535106e-8,2.63603494588e-9,2.22082574552e-10,1.19519804752e-13],"max":[0.000820855377242,0.0321022681892,0.0170610118657,0.0550905540586,0.0615480430424,0.0977143198252,0.0583194904029,0.0299616139382,0.039463441819,0.0187355428934,0.0302820410579,0.0418931879103,0.0188759248704,0.0259902887046,0.0211126673967,0.0185543224216,0.0186700951308,0.00823578145355,0.0110430708155,0.00768913375214,0.00507977604866,0.00850384030491,0.00616286322474,0.00721043674275,0.00208409363404,0.000776851200499,0.00000612780377196],"mean":[0.0000786575837992,0.00216565420851,0.00140353606548,0.000969330605585,0.00376565568149,0.00379951903597,0.00217344122939,0.00121467176359,0.00146089040209,0.000467206060421,0.000504650059156,0.00043483931222,0.000403595971875,0.000554710393772,0.000342100509442,0.000403808051487,0.000225028095883,0.000205512202228,0.000131499517011,0.0000716408103472,0.0000362906102964,0.0000420905489591,0.0000376453645003,0.0000259197549894,0.0000107269852379,0.000002904833309,7.9571506717e-8],"median":[0.0000561442866456,0.00114126852714,0.000876280362718,0.000460773531813,0.00230376049876,0.00155956833623,0.000751118408516,0.000390526518459,0.000532925594598,0.000139855605084,0.000164950193721,0.000120418029837,0.000127489867737,0.000200539390789,0.0000850531068863,0.000136893620947,0.0000715306232451,0.0000605494933552,0.0000380147430405,0.0000157930626301,0.0000108651838673,0.00000797287066234,0.00000789022487879,0.00000416575039708,0.00000187980015198,4.73616864838e-7,2.85934476096e-8],"min":[1.90786527618e-25,1.83534268006e-24,7.73290565889e-25,1.55833740259e-25,7.16188672049e-24,5.60361230352e-24,5.35178423674e-24,7.75514561996e-24,7.42696449503e-24,7.92669289013e-24,9.99396442341e-24,2.0315405519e-23,2.05568600648e-23,3.40744460597e-23,2.34840941145e-23,4.88099260071e-23,4.63973684779e-23,7.85431569094e-23,1.09522317881e-22,1.3271785772e-22,1.98865687402e-22,2.79316385711e-22,3.78155330746e-22,4.89424300267e-22,8.45039464192e-22,1.11893656481e-21,1.81317061309e-21],"var":[6.4356480145e-9,0.00000827902022138,0.00000290439038508,0.00000325551923197,0.0000228533590416,0.0000417839510192,0.0000157344475156,0.00000514517842021,0.00000645736554361,0.0000013462130255,0.00000152892960159,0.00000184179191365,8.24390951948e-7,0.00000105779099613,8.00719931249e-7,6.60901207539e-7,2.51930885042e-7,1.7834813093e-7,1.11950576809e-7,4.30223714432e-8,1.33390942736e-8,4.73313015448e-8,4.93789187317e-8,3.79384204052e-8,3.68048436172e-9,3.85838583306e-10,4.26021624391e-14]},"barkbands_crest":{"dmean":2.1159901619,"dmean2":3.44733834267,"dvar":3.99650430679,"dvar2":10.5086011887,"max":23.8276767731,"mean":9.487408638,"median":8.76490402222,"min":2.76113533974,"var":12.799533844},"barkbands_flatness_db":{"dmean":0.0177942123264,"dmean2":0.0263239573687,"dvar":0.000298670463962,"dvar2":0.000632147595752,"max":0.336179822683,"mean":0.162152469158,"median":0.15856128931,"min":0.0458890385926,"var":0.00205708132125},"barkbands_kurtosis":{"dmean":2.10675621033,"dmean2":3.30062174797,"dvar":8.9564332962,"dvar2":21.4701499939,"max":71.9062347412,"mean":3.95484447479,"median":2.5775372982,"min":-1.89376401901,"var":27.5627403259},"barkbands_skewness":{"dmean":0.40359428525,"dmean2":0.625863015652,"dvar":0.169923618436,"dvar2":0.396803319454,"max":7.1159954071,"mean":1.43157303333,"median":1.41781020164,"min":-2.30169725418,"var":0.929665148258},"barkbands_spread":{"dmean":3.38529729843,"dmean2":5.11287355423,"dvar":23.845911026,"dvar2":46.0784797668,"max":118.358879089,"mean":14.2080183029,"median":12.4165897369,"min":1.20816683769,"var":79.9778289795},"dissonance":{"dmean":0.0224821772426,"dmean2":0.0372273661196,"dvar":0.000482746283524,"dvar2":0.00129980850033,"max":0.500000119209,"mean":0.448106795549,"median":0.455861568451,"min":0.186717033386,"var":0.00131793331821},"dynamic_complexity":4.25844240189,"erbbands":{"dmean":[0.0236707665026,0.319399386644,0.920037508011,1.40651071072,3.68724894524,7.84316730499,9.24232292175,17.4718265533,12.4702377319,21.0078887939,13.7915067673,14.3619432449,13.1372289658,8.21628570557,10.5946598053,10.1030826569,11.2499866486,13.2989816666,12.3336496353,12.4722909927,10.2983379364,7.62215995789,6.64863872528,3.32234144211,3.40163064003,1.72211742401,0.895427942276,0.973269104958,0.860407292843,0.965860962868,0.564026474953,0.4219186306,0.187550023198,0.091541737318,0.0415980219841,0.014235005714,0.0026653893292,0.000220400674152,0.0000135605514515,0.00000628148609394],"dmean2":[0.0397718884051,0.563070952892,1.61556971073,2.42612576485,6.35780572891,12.422495842,14.9325294495,27.2697849274,19.5589141846,30.8987541199,20.7753276825,21.9034175873,20.2202033997,12.6616897583,16.4743232727,15.4716300964,17.5416641235,20.959815979,18.7215232849,19.1599178314,16.050737381,11.489988327,9.98723888397,4.96988582611,5.02924489975,2.60771012306,1.38988804817,1.4836858511,1.24812972546,1.36986303329,0.778194248676,0.573466718197,0.261008292437,0.127166986465,0.0580021031201,0.019323753193,0.00383674050681,0.000342532002833,0.0000210164871532,0.00000961711157288],"dvar":[0.00254015624523,0.475781738758,3.12905883789,7.40137720108,43.2470436096,201.554153442,258.12600708,1456.6973877,709.119934082,2409.28344727,1087.66381836,959.20690918,1126.95861816,626.734680176,1055.27416992,1476.93505859,800.667297363,1286.64868164,943.241027832,1317.95288086,734.283935547,490.741882324,275.0206604,120.732414246,116.835494995,48.1964454651,17.474571228,18.0208683014,13.8652706146,33.8597679138,12.0338516235,10.7514839172,1.17372584343,0.243261739612,0.0632146820426,0.00899778679013,0.000190874445252,7.55302266953e-7,1.79049708393e-9,8.02538868694e-11],"dvar2":[0.00679256021976,1.35013687611,8.89008140564,20.5906581879,126.353485107,519.174316406,673.617248535,3396.51269531,1828.72802734,5142.96337891,2592.42504883,2260.47827148,2664.99487305,1614.71972656,2503.61865234,3272.31689453,1904.20446777,3420.65991211,2103.05053711,2842.80273438,1717.77966309,1108.50646973,611.592346191,249.22265625,243.975112915,125.126083374,45.1099624634,41.4435272217,26.4489765167,62.8126411438,19.9639511108,16.6526966095,1.86386620998,0.432667553425,0.101882234216,0.0133707532659,0.000324705732055,0.00000167278824392,4.2368815123e-9,1.77632644704e-10],"max":[0.774961352348,8.55417633057,22.2858219147,83.3190765381,144.107055664,342.178161621,326.521575928,1165.48693848,579.127685547,1491.73596191,716.623718262,1130.35119629,1142.0480957,679.721740723,1062.91589355,2129.74316406,948.109985352,1393.87414551,1139.0144043,1370.89233398,1209.15002441,1306.43127441,492.460449219,542.19317627,442.219421387,361.245422363,237.062728882,197.493865967,211.583358765,357.161987305,168.038040161,225.943603516,55.8565711975,26.2720470428,15.5202407837,7.42558240891,0.694925010204,0.0311099607497,0.00125624588691,0.000171168983798],"mean":[0.0378019139171,0.569137573242,1.69898271561,2.41236400604,6.07232570648,15.8055181503,18.7774486542,35.8003311157,27.1860084534,41.4371376038,28.0456123352,26.8955307007,22.6300182343,16.3958148956,18.2864608765,18.1696891785,20.2088623047,23.8762874603,22.3324642181,22.4305801392,19.3887729645,13.9120874405,13.0609378815,6.88100481033,6.75461673737,2.97510480881,1.49247336388,1.47449195385,1.35428595543,1.55907523632,0.995792865753,0.732974112034,0.303533285856,0.142028748989,0.0661537349224,0.0216246824712,0.00352046289481,0.000276670034509,0.000026686298952,0.0000250830780715],"median":[0.0215741060674,0.289943724871,1.11382055283,1.50632429123,3.65925788879,8.18927764893,10.4214057922,12.712305069,10.5628890991,12.5947704315,11.7910423279,10.9721288681,6.70351648331,6.16272306442,7.39761924744,5.77666282654,7.08669471741,9.330078125,7.41876602173,6.27707147598,7.15951299667,5.0185918808,4.22042608261,2.33008670807,1.72593462467,0.763040781021,0.450615793467,0.376099467278,0.266791701317,0.289052605629,0.215941101313,0.108899205923,0.0563430786133,0.0254264213145,0.0108308158815,0.00352130993269,0.000587138754781,0.0000647714186925,0.0000155674679263,0.0000202234732569],"min":[6.96815983711e-23,3.39820628746e-22,1.75187968009e-21,2.4914128731e-21,9.98395447903e-21,1.99151164173e-20,4.46993991986e-20,5.07288834734e-20,9.24653249491e-20,1.56466305195e-19,2.03210204062e-19,1.88815542419e-19,4.82677051422e-19,4.3057457315e-19,8.31048974386e-19,1.12846016097e-18,1.45937345483e-18,1.93080457223e-18,1.13903835344e-18,2.10631017113e-18,3.12399895736e-18,3.12427771723e-18,5.21358415689e-18,6.06334266426e-18,6.2612890528e-18,7.79841314251e-18,9.07702757436e-18,9.81216200989e-18,1.01395319722e-17,1.11369686887e-17,1.03495001902e-17,9.45250387955e-18,8.58578816962e-18,8.18972995643e-18,6.18914194618e-18,3.72471654335e-18,2.08042272668e-18,9.73769528204e-19,2.31184237457e-19,2.41624659117e-20],"var":[0.00279792491347,0.580548584461,4.08836650848,11.5471286774,68.3080291748,564.013366699,624.376037598,4717.32275391,2104.24511719,7499.97460938,2433.07788086,2274.95361328,2466.02197266,1304.72790527,1825.95373535,3300.72827148,1708.08947754,2107.05395508,1988.63098145,3114.40039062,1458.07629395,876.565490723,682.520263672,252.678314209,285.191345215,59.5343437195,17.8466186523,30.9357814789,36.2166595459,95.0779953003,35.0336608887,36.7983131409,3.14957618713,0.57595962286,0.175477817655,0.0246406514198,0.000392833317164,0.00000113732949103,2.67089927952e-9,4.70519012641e-10]},"erbbands_crest":{"dmean":2.37691569328,"dmean2":3.78911352158,"dvar":5.18795013428,"dvar2":12.7799749374,"max":29.1979751587,"mean":9.19445228577,"median":8.35404014587,"min":2.38088417053,"var":15.0058727264},"erbbands_flatness_db":{"dmean":0.0167925003916,"dmean2":0.0238514989614,"dvar":0.000277721032035,"dvar2":0.000526535150129,"max":0.36980548501,"mean":0.189884051681,"median":0.188950136304,"min":0.0396054238081,"var":0.00170232809614},"erbbands_kurtosis":{"dmean":0.799615204334,"dmean2":1.24618446827,"dvar":1.21148097515,"dvar2":2.8141412735,"max":28.7367630005,"mean":0.417507261038,"median":-0.18677675724,"min":-1.84285020828,"var":3.89021587372},"erbbands_skewness":{"dmean":0.340961486101,"dmean2":0.515133440495,"dvar":0.100260853767,"dvar2":0.22055581212,"max":4.6818113327,"mean":0.517328262329,"median":0.501697063446,"min":-3.13477921486,"var":0.518085002899},"erbbands_spread":{"dmean":5.57133436203,"dmean2":8.30727958679,"dvar":48.7173042297,"dvar2":98.6602249146,"max":123.283149719,"mean":29.9596767426,"median":28.7828712463,"min":2.02315044403,"var":173.559616089},"gfcc":{"cov":[[30795.9453125,2319.09179688,-3517.36767578,1009.65496826,-1556.62731934,314.448760986,-1167.01574707,231.652297974,-355.69039917,-29.3610992432,-66.5374755859,-121.650772095,-210.034042358],[2319.09179688,1138.67858887,-301.277923584,-189.490844727,91.8731384277,-78.8034667969,24.6678886414,-70.3686904907,41.4556465149,-92.5109786987,35.8885307312,-63.3322906494,-7.67201709747],[-3517.36767578,-301.277923584,884.659423828,-7.45324420929,128.242782593,75.7574157715,137.678878784,-17.6812019348,14.0818490982,41.6747245789,-39.8309936523,60.9060440063,17.969499588],[1009.65496826,-189.490844727,-7.45324420929,365.05279541,-57.5541648865,30.3782176971,-46.2890739441,45.2961006165,15.8699131012,36.1297225952,-10.8792295456,24.0404815674,7.59393072128],[-1556.62731934,91.8731384277,128.242782593,-57.5541648865,303.523651123,-14.9087352753,78.7773895264,-15.5512123108,65.8923721313,13.3888912201,12.9006948471,-9.68832683563,22.9426651001],[314.448760986,-78.8034667969,75.7574157715,30.3782176971,-14.9087352753,203.516082764,40.284954071,19.8277397156,-17.3333206177,32.080745697,7.44629621506,0.380087673664,-10.1236886978],[-1167.01574707,24.6678886414,137.678878784,-46.2890739441,78.7773895264,40.284954071,211.499176025,30.1009902954,6.61514472961,-21.0143470764,38.0992088318,-1.00913536549,1.00029730797],[231.652297974,-70.3686904907,-17.6812019348,45.2961006165,-15.5512123108,19.8277397156,30.1009902954,130.275100708,23.4799556732,1.40970802307,8.88609695435,8.38453578949,-3.82011771202],[-355.69039917,41.4556465149,14.0818490982,15.8699131012,65.8923721313,-17.3333206177,6.61514472961,23.4799556732,123.546066284,30.998254776,4.55866527557,-8.73923683167,11.6730079651],[-29.3610992432,-92.5109786987,41.6747245789,36.1297225952,13.3888912201,32.080745697,-21.0143470764,1.40970802307,30.998254776,109.922485352,4.98659324646,3.15588641167,4.83318996429],[-66.5374755859,35.8885307312,-39.8309936523,-10.8792295456,12.9006948471,7.44629621506,38.0992088318,8.88609695435,4.55866527557,4.98659324646,97.0344543457,10.2198562622,0.584193110466],[-121.650772095,-63.3322906494,60.9060440063,24.0404815674,-9.68832683563,0.380087673664,-1.00913536549,8.38453578949,-8.73923683167,3.15588641167,10.2198562622,76.6823120117,16.2244930267],[-210.034042358,-7.67201709747,17.969499588,7.59393072128,22.9426651001,-10.1236886978,1.00029730797,-3.82011771202,11.6730079651,4.83318996429,0.584193110466,16.2244930267,57.0592727661]],"icov":[[0.000377332093194,-0.00105287646875,0.000953765353188,-0.000999768031761,0.00103115581442,-0.00105871073902,0.00110415718518,-0.000893658376299,0.000957484007813,-0.000711218279321,0.000560533371754,-0.000487322715344,0.000395629554987],[-0.00105287646875,0.00420705229044,-0.00221053650603,0.00320404418744,-0.00315856561065,0.00296505680308,-0.00327141094021,0.00322421314195,-0.00339579489082,0.00293151126243,-0.0018074857071,0.00168808188755,-0.000986021477729],[0.000953765353188,-0.00221053650603,0.00420771585777,-0.0023929818999,0.00205862498842,-0.00305259926245,0.00148613750935,-0.00145295495167,0.00212008482777,-0.0021680991631,0.00273382663727,-0.00274151330814,0.00121572182979],[-0.000999768031761,0.00320404418744,-0.0023929818999,0.00600504176691,-0.00233470695093,0.00238896952942,-0.00234184088185,0.00155816087499,-0.00319065060467,0.00148417055607,-0.00125819665845,0.000613966782112,-0.00142160279211],[0.00103115581442,-0.00315856561065,0.00205862498842,-0.00233470695093,0.00754868984222,-0.00247357646003,0.00160229427274,-0.0016610288294,0.000492763181683,-0.00243339757435,0.00134166923817,-0.000666536216158,-0.000298900034977],[-0.00105871073902,0.00296505680308,-0.00305259926245,0.00238896952942,-0.00247357646003,0.0089540053159,-0.0043707783334,0.00179726118222,-0.00124369363766,-0.000197475164896,-0.00175547890831,0.00200988887809,-0.000357195356628],[0.00110415718518,-0.00327141094021,0.00148613750935,-0.00234184088185,0.00160229427274,-0.0043707783334,0.0108170183375,-0.00479730265215,0.00321012199856,0.0000845845133881,-0.00151718815323,-0.000137253227876,0.000928292633034],[-0.000893658376299,0.00322421314195,-0.00145295495167,0.00155816087499,-0.0016610288294,0.00179726118222,-0.00479730265215,0.0119208088145,-0.00521509489045,0.00264613819309,-0.00121731474064,-0.000256088213064,0.000191159371752],[0.000957484007813,-0.00339579489082,0.00212008482777,-0.00319065060467,0.000492763181683,-0.00124369363766,0.00321012199856,-0.00521509489045,0.0139194028452,-0.00534521881491,0.0012470689835,0.000465914257802,-0.000539433094673],[-0.000711218279321,0.00293151126243,-0.0021680991631,0.00148417055607,-0.00243339757435,-0.000197475164896,0.0000845845133881,0.00264613819309,-0.00534521881491,0.0136868786067,-0.0028237036895,0.00138072983827,-0.0010490079876],[0.000560533371754,-0.0018074857071,0.00273382663727,-0.00125819665845,0.00134166923817,-0.00175547890831,-0.00151718815323,-0.00121731474064,0.0012470689835,-0.0028237036895,0.0134908575565,-0.00387615570799,0.00116904743481],[-0.000487322715344,0.00168808188755,-0.00274151330814,0.000613966782112,-0.000666536216158,0.00200988887809,-0.000137253227876,-0.000256088213064,0.000465914257802,0.00138072983827,-0.00387615570799,0.0172002092004,-0.00523868855089],[0.000395629554987,-0.000986021477729,0.00121572182979,-0.00142160279211,-0.000298900034977,-0.000357195356628,0.000928292633034,0.000191159371752,-0.000539433094673,-0.0010490079876,0.00116904743481,-0.00523868855089,0.0203858651221]],"mean":[-75.0188598633,135.623443604,-118.819602966,21.5020885468,-55.2077102661,3.72867918015,-43.9669494629,1.56787788868,-15.0606451035,-3.45517611504,-10.0095653534,-2.6707406044,-8.86782073975]},"hfc":{"dmean":3.23848414421,"dmean2":4.47705554962,"dvar":28.8845367432,"dvar2":52.08253479,"max":156.930999756,"mean":12.6211109161,"median":8.69061279297,"min":1.07121212815e-16,"var":188.421188354},"melbands":{"dmean":[0.000273811077932,0.000459349656012,0.000295611418551,0.000392862508306,0.000325800123392,0.000373313989257,0.000190042657778,0.000213684761547,0.000118935546197,0.0000944620769587,0.0000663898317725,0.0000332389827236,0.000042771371227,0.0000248425567406,0.0000344575928466,0.0000223676433961,0.0000257842912106,0.0000231623580476,0.0000157712129294,0.0000153827550093,0.0000125817887238,0.00000746796558815,0.00000889096736501,0.00000445390105597,0.00000277168351204,0.00000267197174253,0.00000246751574196,9.48737181261e-7,5.82043469421e-7,5.69235169223e-7,5.98241683747e-7,4.95760275498e-7,5.76685351916e-7,5.15330611961e-7,3.50828770479e-7,2.87789191589e-7,2.65932584398e-7,1.37453511684e-7,1.06407689771e-7,7.0903638516e-8],"dmean2":[0.000473162566777,0.000806096475571,0.000512713973876,0.000640781072434,0.00052012532251,0.000584687048104,0.000296290469123,0.000314524775604,0.000179153677891,0.000144573845319,0.000102048550616,0.000051013630582,0.0000665345942252,0.0000386406136386,0.0000537497617188,0.0000348908324668,0.0000407698971685,0.0000353682880814,0.0000242504593189,0.0000236006198975,0.0000199492897082,0.0000114863778435,0.0000133732628456,0.00000678601827531,0.0000042377837417,0.00000401619627155,0.0000037907884689,0.00000149341099132,9.13173607842e-7,8.92883804227e-7,9.16191766009e-7,7.38600590466e-7,8.5290480456e-7,7.25950201286e-7,5.01733779856e-7,3.96104496758e-7,3.74820700699e-7,1.96212468495e-7,1.52699001887e-7,1.01430430277e-7],"dvar":[3.48952227114e-7,8.32792807159e-7,3.15082615998e-7,4.17214124582e-7,2.8999687629e-7,6.18334809133e-7,1.51180941543e-7,2.3605743138e-7,7.75477175807e-8,4.02386710618e-8,2.80235461503e-8,1.06921076437e-8,1.71293450535e-8,8.42594527484e-9,1.03033430676e-8,3.53349505211e-9,5.34977973032e-9,3.39167116614e-9,2.4581621183e-9,1.7808903241e-9,1.26923049848e-9,5.28304233693e-10,5.55988532991e-10,1.23324073176e-10,9.44818806525e-11,7.9944759146e-11,8.08085265369e-11,1.85380443635e-11,5.55162730023e-12,8.12565119357e-12,7.14208943722e-12,4.60860342943e-12,1.02985103084e-11,9.32784318536e-12,4.59152724522e-12,3.92927790999e-12,4.86831191679e-12,6.29689280319e-13,3.44070583656e-13,1.47007175855e-13],"dvar2":[9.66286734183e-7,0.00000237009976445,8.84922656041e-7,0.00000112788529805,7.45531622215e-7,0.00000144686669046,3.85873136111e-7,5.09846927343e-7,1.87248502925e-7,9.63697885936e-8,6.62632473336e-8,2.76358242957e-8,4.0375915944e-8,1.92989855208e-8,2.35283028616e-8,8.12829092922e-9,1.41761633543e-8,7.63666818671e-9,5.50112089215e-9,3.82184417447e-9,3.02934033414e-9,1.22216836651e-9,1.225391566e-9,2.73378153448e-10,2.01657565646e-10,1.69916705706e-10,1.94673874243e-10,4.97888015538e-11,1.40645889032e-11,2.11303249203e-11,1.60960758611e-11,9.31887293026e-12,2.22885061102e-11,1.55231036358e-11,8.879249766e-12,5.90216460775e-12,8.62768623905e-12,1.090167236e-12,5.92994891472e-13,2.84198689972e-13],"max":[0.00673169549555,0.0108423903584,0.0189132411033,0.0127761503682,0.0107370549813,0.0232718996704,0.00780766177922,0.0138075659052,0.00564570305869,0.0064007518813,0.00555243529379,0.00294824200682,0.00478281127289,0.00425347452983,0.00360548705794,0.00204186025076,0.00289428071119,0.00156087602954,0.00162436580285,0.00164323078934,0.0018466191832,0.00133395125158,0.000538184656762,0.000360234465916,0.000468102371087,0.000371992995497,0.000377379328711,0.000236320498516,0.000115293216368,0.000162348689628,0.000158907074365,0.00012261379743,0.000158951050253,0.000192254796275,0.000107989602839,0.000129902167828,0.000151858577738,0.0000390621971746,0.0000303935430566,0.0000214812989725],"mean":[0.000478565139929,0.00087725679623,0.000514862767886,0.000778984860517,0.000707631814294,0.00077857245924,0.000422632758273,0.000413784000557,0.000232069811318,0.000169744947925,0.000111520290375,0.0000648388595437,0.0000693843030604,0.0000423641104135,0.0000573500474275,0.0000389391134377,0.0000442077034677,0.0000387758336728,0.000026754107239,0.0000279523319477,0.0000213323328353,0.0000123357185657,0.0000157617650984,0.00000845961767482,0.00000518141769135,0.00000508681341671,0.00000427114491686,0.00000141516750318,9.16144188068e-7,8.38970777295e-7,8.53202834605e-7,7.31940076548e-7,8.6709661673e-7,8.42923213895e-7,5.80488801916e-7,4.88060834414e-7,4.28035662026e-7,2.10219013752e-7,1.5999671632e-7,1.05300806297e-7],"median":[0.000281266577076,0.000564481713809,0.000326147361193,0.000464392767753,0.000408236286603,0.000295066274703,0.000167158636032,0.000126488623209,0.0000925019412534,0.0000635691685602,0.0000294064557238,0.0000223044426093,0.0000248597425525,0.0000125858805404,0.000014794186427,0.0000134751644509,0.0000156720216182,0.0000111657536763,0.00000649369894745,0.00000733937395125,0.00000764714968682,0.00000384256873076,0.00000494535561302,0.00000247102616413,0.00000167994267031,0.00000131843205509,8.44525402499e-7,3.28560986418e-7,2.463666533e-7,2.44595213417e-7,1.80594469157e-7,1.28418406575e-7,1.62041558838e-7,1.52268825104e-7,1.28600674998e-7,8.55298196711e-8,5.55791785928e-8,3.96914288103e-8,2.60784887018e-8,1.80173405084e-8],"min":[8.57601455641e-25,9.6445818728e-25,7.55289203766e-25,1.31817750072e-24,1.65382243311e-24,1.22907319629e-24,1.2911768627e-24,1.70845085358e-24,1.29612114703e-24,9.44398144713e-25,2.15015833189e-24,1.39281409616e-24,2.77579622442e-24,2.26519515668e-24,2.38470817547e-24,3.20451076919e-24,3.16441060279e-24,1.56519558674e-24,2.16684569826e-24,3.30013313546e-24,2.26190580392e-24,2.23260218509e-24,3.94420631292e-24,3.92026911761e-24,4.00438377822e-24,3.75052045031e-24,4.37534640776e-24,4.85459163502e-24,4.89668761951e-24,2.77354087109e-24,4.76098342786e-24,4.88742244818e-24,5.32272220656e-24,5.24397140569e-24,4.52433462262e-24,5.29646102703e-24,5.01529127889e-24,5.21642241073e-24,5.01559341261e-24,5.58344034131e-24],"var":[3.93659888687e-7,0.00000103685442809,5.11470091169e-7,0.0000010015070302,8.35607636418e-7,0.00000202654791792,4.8700150046e-7,6.89156877343e-7,1.72883915184e-7,9.25668359741e-8,6.29359178106e-8,2.34139854172e-8,2.94340463114e-8,1.781830683e-8,2.23739231586e-8,7.41299643892e-9,8.3079374491e-9,6.73281119745e-9,5.52569057177e-9,4.24974899715e-9,2.16772488848e-9,8.56177240216e-10,1.16762466362e-9,3.04386044148e-10,1.74230532779e-10,1.73026162842e-10,1.58378365978e-10,1.71655415576e-11,6.12111967016e-12,8.0468348998e-12,1.36667829831e-11,1.06553325191e-11,2.2440396763e-11,2.9353776354e-11,1.06557141583e-11,1.31834612671e-11,1.40780330102e-11,1.42071163861e-12,8.15930005851e-13,3.09087201363e-13]},"melbands_crest":{"dmean":2.4917678833,"dmean2":4.10188865662,"dvar":5.41949939728,"dvar2":14.2523069382,"max":29.5712471008,"mean":11.6764469147,"median":10.9856929779,"min":1.47081315517,"var":16.8147544861},"melbands_flatness_db":{"dmean":0.0215603746474,"dmean2":0.0318731814623,"dvar":0.000486053497298,"dvar2":0.00101650564466,"max":0.469967275858,"mean":0.238707199693,"median":0.235775083303,"min":0.00272134551778,"var":0.00452419929206},"melbands_kurtosis":{"dmean":3.85917925835,"dmean2":6.08979034424,"dvar":34.8061485291,"dvar2":86.0094909668,"max":137.070129395,"mean":8.82766056061,"median":6.50400543213,"min":-1.6624969244,"var":93.217918396},"melbands_skewness":{"dmean":0.486927002668,"dmean2":0.755077004433,"dvar":0.266547173262,"dvar2":0.631268203259,"max":9.2208814621,"mean":2.12860298157,"median":2.05231881142,"min":-1.76004254818,"var":1.17388880253},"melbands_spread":{"dmean":4.16624689102,"dmean2":6.50652885437,"dvar":40.9514961243,"dvar2":92.7399749756,"max":173.390838623,"mean":17.6516265869,"median":13.8388519287,"min":1.05427920818,"var":350.589141846},"mfcc":{"cov":[[12276.3466797,679.473449707,-935.59375,337.914367676,-36.455242157,-120.83416748,-246.396636963,56.3426322937,-272.1328125,147.048828125,17.3319702148,31.4075737,54.3044166565],[679.473449707,1586.2355957,-146.287704468,-36.8735542297,67.087348938,6.79838752747,5.9225859642,35.8738212585,-24.532831192,19.4077243805,0.35199379921,6.39491128922,-24.8606452942],[-935.59375,-146.287704468,549.07611084,16.9100112915,-17.7983798981,77.8140640259,37.9021911621,14.1341819763,46.235748291,-49.5168876648,1.37381625175,-0.792500972748,4.23052120209],[337.914367676,-36.8735542297,16.9100112915,260.180145264,40.7624359131,-5.56390714645,-33.3713340759,13.2954788208,24.3476676941,-4.66764497757,3.83542275429,6.78763771057,27.5901870728],[-36.455242157,67.087348938,-17.7983798981,40.7624359131,169.461120605,35.8545913696,-34.2133178711,-23.357416153,30.2659358978,16.6765022278,4.45044517517,4.13055372238,8.54646682739],[-120.83416748,6.79838752747,77.8140640259,-5.56390714645,35.8545913696,163.999481201,35.8299331665,-24.0383586884,21.0077877045,4.0677728653,17.935049057,9.04071521759,-4.59556436539],[-246.396636963,5.9225859642,37.9021911621,-33.3713340759,-34.2133178711,35.8299331665,165.760604858,50.9784317017,-4.60481071472,0.705469727516,8.50981616974,15.4522867203,-7.76361465454],[56.3426322937,35.8738212585,14.1341819763,13.2954788208,-23.357416153,-24.0383586884,50.9784317017,140.405395508,1.88200426102,10.2931022644,2.01109218597,6.09756183624,6.68477964401],[-272.1328125,-24.532831192,46.235748291,24.3476676941,30.2659358978,21.0077877045,-4.60481071472,1.88200426102,116.922210693,9.94187641144,4.04087495804,7.38815593719,7.74048423767],[147.048828125,19.4077243805,-49.5168876648,-4.66764497757,16.6765022278,4.0677728653,0.705469727516,10.2931022644,9.94187641144,118.133293152,24.7478713989,0.125603541732,4.44162511826],[17.3319702148,0.35199379921,1.37381625175,3.83542275429,4.45044517517,17.935049057,8.50981616974,2.01109218597,4.04087495804,24.7478713989,78.4572677612,12.8160934448,2.45339488983],[31.4075737,6.39491128922,-0.792500972748,6.78763771057,4.13055372238,9.04071521759,15.4522867203,6.09756183624,7.38815593719,0.125603541732,12.8160934448,76.6073608398,15.1118030548],[54.3044166565,-24.8606452942,4.23052120209,27.5901870728,8.54646682739,-4.59556436539,-7.76361465454,6.68477964401,7.74048423767,4.44162511826,2.45339488983,15.1118030548,74.3676376343]],"icov":[[0.000110494118417,-0.0000345076732629,0.000164701938047,-0.000169349237694,0.000111764740723,-0.000103945130832,0.000178051253897,-0.0000916311691981,0.000232557213167,-0.0000953191411099,0.000011459520465,-0.0000650042056805,-0.0000368862311007],[-0.0000345076732629,0.00068670156179,0.00012029435311,0.000168766418938,-0.000366489693988,-0.0000587901668041,-0.0000338513636962,-0.000261956040049,0.0000724940182408,0.0000437881790276,0.0000236991236306,-0.0000619533166173,0.000245447357884],[0.000164701938047,0.00012029435311,0.00246745883487,-0.000351138878614,0.000553300546017,-0.00126050540712,0.00011315048323,-0.000532378908247,-0.000468383281259,0.000871661526617,-0.000084518105723,0.000218199144001,-0.00021682024817],[-0.000169349237694,0.000168766418938,-0.000351138878614,0.00463085062802,-0.00112817715853,0.000303998938762,0.000612724339589,-0.000707912666257,-0.000872335745953,0.000615461729467,-0.000345238833688,-0.0000290944662993,-0.00117060297634],[0.000111764740723,-0.000366489693988,0.000553300546017,-0.00112817715853,0.00754452776164,-0.0019679213874,0.00160078285262,0.000548237061594,-0.00123172451276,-0.000879016355611,0.000257926731138,-0.000283167610178,-0.000458123802673],[-0.000103945130832,-0.0000587901668041,-0.00126050540712,0.000303998938762,-0.0019679213874,0.00824644602835,-0.00257337698713,0.00221049017273,-0.000876131583937,-0.000217479508137,-0.00137342582457,-0.00029921301757,0.00049386639148],[0.000178051253897,-0.0000338513636962,0.00011315048323,0.000612724339589,0.00160078285262,-0.00257337698713,0.0085276439786,-0.00337109691463,0.000736464804504,-0.0000858065250213,-0.000194318199647,-0.00153862056322,0.000722725875676],[-0.0000916311691981,-0.000261956040049,-0.000532378908247,-0.000707912666257,0.000548237061594,0.00221049017273,-0.00337109691463,0.00915245246142,-0.000600830186158,-0.000951437803451,0.0000174320339283,-0.000026720117603,-0.000704555597622],[0.000232557213167,0.0000724940182408,-0.000468383281259,-0.000872335745953,-0.00123172451276,-0.000876131583937,0.000736464804504,-0.000600830186158,0.0101652033627,-0.00116336042993,0.000206780649023,-0.000895909382962,-0.000390324334148],[-0.0000953191411099,0.0000437881790276,0.000871661526617,0.000615461729467,-0.000879016355611,-0.000217479508137,-0.0000858065250213,-0.000951437803451,-0.00116336042993,0.00994843430817,-0.00309564406052,0.000884228211362,-0.000580172985792],[0.000011459520465,0.0000236991236306,-0.000084518105723,-0.000345238833688,0.000257926731138,-0.00137342582457,-0.000194318199647,0.0000174320339283,0.000206780649023,-0.00309564406052,0.0144094834104,-0.00224412581883,0.000140090603963],[-0.0000650042056805,-0.0000619533166173,0.000218199144001,-0.0000290944662993,-0.000283167610178,-0.00029921301757,-0.00153862056322,-0.000026720117603,-0.000895909382962,0.000884228211362,-0.00224412581883,0.0144956288859,-0.00295012956485],[-0.0000368862311007,0.000245447357884,-0.00021682024817,-0.00117060297634,-0.000458123802673,0.00049386639148,0.000722725875676,-0.000704555597622,-0.000390324334148,-0.000580172985792,0.000140090603963,-0.00295012956485,0.0148944016546]],"mean":[-703.047729492,161.541305542,-2.94947719574,18.1299362183,6.50745868683,0.300239622593,-12.196182251,1.74676370621,-8.11351776123,0.775432229042,-0.866766214371,-1.46069920063,-1.86265170574]},"pitch_salience":{"dmean":0.0594985149801,"dmean2":0.0975093692541,"dvar":0.0028716258239,"dvar2":0.00776523165405,"max":0.833229243755,"mean":0.602257370949,"median":0.607974171638,"min":0.195197820663,"var":0.00903574749827},"silence_rate_20dB":{"dmean":0,"dmean2":0,"dvar":0,"dvar2":0,"max":1,"mean":1,"median":1,"min":1,"var":0},"silence_rate_30dB":{"dmean":0.00117894739378,"dmean2":0.0023580933921,"dvar":0.00117750489153,"dvar2":0.0028576720506,"max":1,"mean":0.998989582062,"median":1,"min":0,"var":0.00100940675475},"silence_rate_60dB":{"dmean":0.0212210528553,"dmean2":0.0424456782639,"dvar":0.0207753963768,"dvar2":0.0467158518732,"max":1,"mean":0.125631526113,"median":0,"min":0,"var":0.109862774611},"spectral_centroid":{"dmean":156.484176636,"dmean2":237.002975464,"dvar":58303.5351562,"dvar2":120124.023438,"max":11863.7353516,"mean":1024.32177734,"median":768.321044922,"min":224.901977539,"var":2065542.125},"spectral_complexity":{"dmean":2.34021043777,"dmean2":3.60215592384,"dvar":8.10491085052,"dvar2":16.6969146729,"max":50,"mean":15.1945095062,"median":14,"min":0,"var":76.0988540649},"spectral_contrast_coeffs":{"dmean":[0.0466979444027,0.0421781055629,0.0355759598315,0.0300784688443,0.0220825392753,0.0167347956449],"dmean2":[0.0782845020294,0.0683106780052,0.0562817193568,0.0470181293786,0.0335363596678,0.0254603326321],"dvar":[0.00156065786723,0.00130948983133,0.000919294310734,0.000650940288324,0.00036225974327,0.000248306401772],"dvar2":[0.00429513212293,0.00334875285625,0.00221127108671,0.00147499598097,0.000777526176535,0.000536338775419],"max":[-0.273490995169,-0.388788580894,-0.476350605488,-0.54239743948,-0.560493052006,-0.580392003059],"mean":[-0.631684839725,-0.709146916866,-0.758227050304,-0.753901124001,-0.775495946407,-0.780529201031],"median":[-0.633271336555,-0.709055781364,-0.764179289341,-0.751907706261,-0.776186347008,-0.777196764946],"min":[-0.978583574295,-0.983167111874,-0.984565675259,-0.982280015945,-0.978233575821,-0.971209347248],"var":[0.00824491307139,0.00614852830768,0.00497568398714,0.00387569935992,0.00299376202747,0.00181050249375]},"spectral_contrast_valleys":{"dmean":[0.396282374859,0.30733576417,0.292626917362,0.288779973984,0.264788240194,0.305023610592],"dmean2":[0.656743109226,0.496703386307,0.459127098322,0.432321846485,0.368509978056,0.403510034084],"dvar":[0.148907586932,0.0904447585344,0.0844321101904,0.095609292388,0.102979131043,0.142277181149],"dvar2":[0.342335104942,0.191485390067,0.166164785624,0.175535142422,0.173517227173,0.246028751135],"max":[-5.46733045578,-4.7549071312,-5.33638286591,-5.75607156754,-5.56319475174,-7.55590295792],"mean":[-7.78421735764,-7.04027366638,-8.09471416473,-8.58750915527,-8.83420276642,-11.5449695587],"median":[-7.2204656601,-6.50681495667,-7.5654964447,-8.04018115997,-8.32300567627,-11.10987854],"min":[-28.3841018677,-28.4119491577,-28.272687912,-27.9089126587,-27.6870956421,-27.4040908813],"var":[8.23921585083,8.74432277679,7.97777032852,7.91494989395,7.78855419159,6.01008653641]},"spectral_decrease":{"dmean":1.35389166545e-9,"dmean2":2.10801931466e-9,"dvar":3.55216087731e-18,"dvar2":8.10261377586e-18,"max":2.23555688672e-28,"mean":-5.24261967172e-9,"median":-4.28498747596e-9,"min":-3.11641201733e-8,"var":1.96931338662e-17},"spectral_energy":{"dmean":0.00533027946949,"dmean2":0.00825085490942,"dvar":0.000055071675888,"dvar2":0.000124126730952,"max":0.124305464327,"mean":0.0209315326065,"median":0.0170523822308,"min":1.00863350435e-20,"var":0.000316685502185},"spectral_energyband_high":{"dmean":0.0000941258476814,"dmean2":0.000127169099869,"dvar":1.74979888357e-7,"dvar2":2.81522318346e-7,"max":0.0213544797152,"mean":0.000175907436642,"median":0.0000440114090452,"min":7.10547096051e-21,"var":5.95759217958e-7},"spectral_energyband_low":{"dmean":0.00194652343635,"dmean2":0.00335063389502,"dvar":0.000013943875274,"dvar2":0.0000387141408282,"max":0.0416283458471,"mean":0.00402430910617,"median":0.00291559519246,"min":1.14821678761e-23,"var":0.0000180125571205},"spectral_energyband_middle_high":{"dmean":0.00120763015002,"dmean2":0.00170664093457,"dvar":0.00000463049354948,"dvar2":0.00000930912483454,"max":0.0517251379788,"mean":0.00362994102761,"median":0.00207619578578,"min":1.17054175002e-21,"var":0.0000220663278014},"spectral_energyband_middle_low":{"dmean":0.00413758913055,"dmean2":0.00641445210204,"dvar":0.0000343049614457,"dvar2":0.0000802394206403,"max":0.111948743463,"mean":0.0135069908574,"median":0.00986464973539,"min":1.69940909554e-22,"var":0.000175533758011},"spectral_entropy":{"dmean":0.165790304542,"dmean2":0.235273510218,"dvar":0.0308327507228,"dvar2":0.0555540658534,"max":9.82117271423,"mean":7.12311506271,"median":7.11989927292,"min":5.44604730606,"var":0.342486590147},"spectral_flux":{"dmean":0.0166601222008,"dmean2":0.0257350318134,"dvar":0.000378981610993,"dvar2":0.000773976265918,"max":0.277139037848,"mean":0.0610683374107,"median":0.0555997565389,"min":6.37843666773e-11,"var":0.00163227575831},"spectral_kurtosis":{"dmean":3.40695595741,"dmean2":5.69108057022,"dvar":17.1486434937,"dvar2":45.4423675537,"max":93.5211486816,"mean":9.26525592804,"median":7.25051355362,"min":-1.28899466991,"var":58.2141189575},"spectral_rms":{"dmean":0.000534002261702,"dmean2":0.000816911982838,"dvar":3.96930062152e-7,"dvar2":8.78062678566e-7,"max":0.0110124303028,"mean":0.00405785860494,"median":0.00407878309488,"min":3.13692951823e-12,"var":0.00000395490314986},"spectral_rolloff":{"dmean":269.062927246,"dmean2":450.452026367,"dvar":333946.53125,"dvar2":664488.375,"max":19789.0136719,"mean":1269.99645996,"median":732.12890625,"min":86.1328125,"var":6442239},"spectral_skewness":{"dmean":0.329468160868,"dmean2":0.523545384407,"dvar":0.113865323365,"dvar2":0.27586004138,"max":8.01572799683,"mean":2.14871072769,"median":2.0241651535,"min":-0.089188337326,"var":0.657839596272},"spectral_spread":{"dmean":451083.9375,"dmean2":658897.75,"dvar":452757651456,"dvar2":803747266560,"max":42502472,"mean":3993808.75,"median":3134446.5,"min":869786.625,"var":27001995919400},"spectral_strongpeak":{"dmean":0.41378235817,"dmean2":0.687211275101,"dvar":0.428444981575,"dvar2":1.07616519928,"max":10.4837703705,"mean":0.826774060726,"median":0.469041824341,"min":0,"var":0.828690767288},"zerocrossingrate":{"dmean":0.00603116769344,"dmean2":0.00733022252098,"dvar":0.000083440070739,"dvar2":0.000102836042061,"max":0.53125,"mean":0.0465088710189,"median":0.03515625,"min":0.00537109375,"var":0.00433987379074}},"metadata":{"audio_properties":{"analysis_sample_rate":44100,"bit_rate":0,"codec":"flac","downmix":"mix","equal_loudness":0,"length":275.733337402,"lossless":true,"md5_encoded":"14e7b8ffb96cd14376892174808effd2","replay_gain":-5.94804000854,"sample_rate":44100},"tags":{"acoustid_id":["d6d468e6-c7a4-4623-aee5-39374f360704"],"album":["Original Album Series"],"albumartist":["Fleetwood Mac"],"albumartistsort":["Fleetwood Mac"],"artist":["Fleetwood Mac"],"artistsort":["Fleetwood Mac"],"asin":["B008MMFBQ6"],"barcode":["081227971939"],"catalognumber":["8122797193"],"date":["2012-09-17"],"discnumber":["4"],"discsubtitle":["Bare Trees"],"disctotal":["5"],"file_name":"4-06 Sentimental Lady.flac","genre":["Classic Rock","Soft Rock"],"grouping":["Rock"],"label":["Rhino"],"media":["CD"],"mood":["Mellow"],"musicbrainz_albumartistid":["bd13909f-1c29-4c27-a874-d4aaf27c5b1a"],"musicbrainz_albumid":["7f35b656-b91a-4468-901d-6431405951b0"],"musicbrainz_artistid":["bd13909f-1c29-4c27-a874-d4aaf27c5b1a"],"musicbrainz_recordingid":["5e679876-ca96-4717-9b82-0716020a45f8"],"musicbrainz_releasegroupid":["2bae1a72-73ea-4166-b730-44930d157396"],"musicbrainz_releasetrackid":["4beb0873-ba70-4b24-99db-c7d1f3462c77"],"originaldate":["2012-09-17"],"originalyear":["2012"],"releasecountry":["XE"],"releasestatus":["official"],"releasetype":["album","compilation"],"script":["Latn"],"title":["Sentimental Lady"],"totaldiscs":["5"],"totaltracks":["10"],"tracknumber":["6"],"tracktotal":["10"],"website":["http://www.fleetwoodmac.com/"]},"version":{"essentia":"2.1-beta2","essentia_build_sha":"70f2e5ece6736b2c40cc944ad0e695b16b925413","essentia_git_sha":"v2.1_beta2","extractor":"music 1.0"}},"rhythm":{"beats_count":690,"beats_loudness":{"dmean":0.0143890865147,"dmean2":0.0270376130939,"dvar":0.00017441259115,"dvar2":0.000535266823135,"max":0.117033950984,"mean":0.0269250627