{"lowlevel":{"average_loudness":0.928115844727,"barkbands":{"dmean":[0.0138367265463,0.0232696887106,0.00472810165957,0.00181858078577,0.00360580766574,0.00129021331668,0.000437841517851,0.000403656100389,0.000657542026602,0.000952793168835,0.00067363132257,0.000447800033726,0.000312028074404,0.000172261570697,0.000249860575423,0.000326577195665,0.000173978492967,0.000141217882629,0.000156028560014,0.000122422119603,0.0000849196876516,0.000050067617849,0.00000919105787034,0.00000449455365015,0.00000368886890101,0.00000676653826304,0.0000761929622968],"dmean2":[0.0225284919143,0.0356112532318,0.00780778052285,0.0030408652965,0.00575063051656,0.0020409184508,0.000703597499523,0.000665091560222,0.00106203008909,0.00151358230505,0.00104125787038,0.000719571544323,0.000458484602859,0.000256799481576,0.000375148811145,0.000484517368022,0.000269525073236,0.000211065038457,0.000236482053879,0.000178814516403,0.000128555315314,0.0000718584196875,0.0000137191182148,0.00000707979461367,0.00000594173707213,0.0000100616243799,0.00010605584248],"dvar":[0.000966917839833,0.00304818083532,0.000149919345859,0.0000115621005534,0.0000924056002987,0.0000082565293269,0.00000117175602554,9.61164687396e-7,0.00000202097953661,0.00000413520683651,0.00000220964966502,9.36957803788e-7,7.34074546926e-7,1.60705013741e-7,4.84711108584e-7,8.0391737356e-7,1.76027853627e-7,1.4631334011e-7,1.7160594723e-7,1.12847779121e-7,5.97732849883e-8,4.28226201166e-8,4.95559482339e-10,6.21061396755e-11,4.80205736286e-11,1.50634157925e-10,2.90063812969e-8],"dvar2":[0.00238521606661,0.00685201724991,0.000342248793459,0.0000295794125122,0.000208522717003,0.0000184633900062,0.00000274739795714,0.00000233529908655,0.0000049049504014,0.00000998448285827,0.00000522936079506,0.00000230440650739,0.0000015584104176,3.34261699209e-7,0.00000109146117211,0.00000151659503445,4.0412544422e-7,3.28114680315e-7,3.95741977854e-7,2.2951925871e-7,1.35593538175e-7,8.26253625519e-8,1.00181729579e-9,1.42527392666e-10,1.13579617933e-10,3.07805503308e-10,5.32929149699e-8],"max":[0.437870323658,0.520057618618,0.166301935911,0.0897668898106,0.170158982277,0.0611767992377,0.0344631187618,0.0399018116295,0.0275185145438,0.0468037389219,0.0414705052972,0.029050571844,0.0134175652638,0.00558929285035,0.0119744036347,0.0122350472957,0.00586863514036,0.0063896663487,0.00841125193983,0.00565692456439,0.00325140473433,0.00846929475665,0.000523501017597,0.000120515636809,0.000110337547085,0.000221780268475,0.00342862540856],"mean":[0.0146861569956,0.0244951527566,0.00429899198934,0.00190446607303,0.00399760203436,0.00159078405704,0.000540026638191,0.00045772959129,0.000769757723901,0.0011425036937,0.000811185396742,0.000556590443011,0.000365932122804,0.000214917788981,0.000283981236862,0.000394534639781,0.000204850119189,0.000163518940099,0.000181892799446,0.000141391559737,0.0000935643911362,0.0000641976730549,0.0000124046600831,0.00000527202564626,0.00000408684172726,0.00000910908420337,0.000114143142127],"median":[0.00260464008898,0.00300608109683,0.000812146521639,0.000527198193595,0.00116562843323,0.000578330771532,0.000210496596992,0.000147143757204,0.000248780008405,0.000431841879617,0.000205744363484,0.000174843953573,0.0000838664273033,0.0000619020502199,0.0000607227229921,0.0000676712370478,0.0000493002153235,0.0000402787263738,0.0000346036758856,0.0000235246225202,0.0000168264050444,0.0000109595130198,0.00000451503365184,0.00000199467740458,0.00000166439485838,0.00000375922786588,0.0000392470683437],"min":[6.45384624649e-14,3.13200799931e-14,1.14868086153e-14,5.22955049965e-15,7.27285781919e-15,1.40581465333e-15,1.73515768624e-15,1.36365835294e-15,6.97200569236e-15,1.17556729664e-14,9.82829946984e-15,6.1434596627e-15,3.1192767553e-14,2.50114785518e-14,1.14510824596e-14,4.26764294408e-15,1.57820483163e-14,3.46955909912e-14,7.88213014281e-14,5.78615524634e-14,7.58810942141e-14,8.13055406421e-14,1.02872327627e-13,1.67031197359e-13,1.65290971557e-13,2.28619613475e-13,5.26382539986e-13],"var":[0.00103031576145,0.00368340988643,0.000150054009282,0.0000135776363095,0.000109158514533,0.000012347433767,0.00000153589758156,0.00000123408574382,0.00000265391236098,0.00000469412771054,0.00000300717215396,0.00000113165538096,9.43031238876e-7,2.27317727308e-7,6.17925479673e-7,0.00000117800220778,2.19347100483e-7,1.73280312765e-7,2.0389245492e-7,1.50939186483e-7,6.74991085248e-8,7.17204429179e-8,8.05759015066e-10,8.2969006665e-11,5.52376443197e-11,2.44286452178e-10,5.23481773484e-8]},"barkbands_crest":{"dmean":4.07877349854,"dmean2":6.69935941696,"dvar":10.9077110291,"dvar2":26.7334976196,"max":25.7643737793,"mean":12.2801809311,"median":11.7819747925,"min":2.36920332909,"var":25.1445827484},"barkbands_flatness_db":{"dmean":0.0415032878518,"dmean2":0.0630198717117,"dvar":0.00137726066168,"dvar2":0.0030931152869,"max":0.477967172861,"mean":0.175048008561,"median":0.168186843395,"min":0.0275177434087,"var":0.00465450016782},"barkbands_kurtosis":{"dmean":14.9251527786,"dmean2":23.568353653,"dvar":836.301025391,"dvar2":2002.30822754,"max":435.418334961,"mean":17.8542003632,"median":6.30673837662,"min":-1.80663895607,"var":1076.8302002},"barkbands_skewness":{"dmean":1.26203107834,"dmean2":1.87177252769,"dvar":1.93324327469,"dvar2":4.10472011566,"max":18.1210689545,"mean":2.66286015511,"median":2.06501364708,"min":-2.42033791542,"var":5.50696134567},"barkbands_spread":{"dmean":6.25998067856,"dmean2":9.58771800995,"dvar":59.2878684998,"dvar2":124.803489685,"max":118.585914612,"mean":15.360704422,"median":11.1733894348,"min":0.30992975831,"var":186.730422974},"dissonance":{"dmean":0.0226540006697,"dmean2":0.0378065556288,"dvar":0.000564594753087,"dvar2":0.00149722944479,"max":0.500000059605,"mean":0.465553760529,"median":0.47475373745,"min":0.178809538484,"var":0.00101403926965},"dynamic_complexity":3.6503443718,"erbbands":{"dmean":[1.27629315853,3.61064386368,5.75185441971,5.70304822922,6.50289726257,15.1199941635,14.2824611664,9.9073600769,6.8135433197,6.10341978073,10.1524648666,14.8879337311,21.5356884003,33.1598358154,25.2256698608,17.0043888092,13.4457902908,9.27181434631,11.7378768921,12.4914598465,18.0940036774,10.0000419617,6.50333738327,8.83483505249,6.45618152618,5.95490503311,4.34253311157,3.0597205162,1.8917607069,0.90126144886,0.229746326804,0.116455055773,0.0672280415893,0.0426262058318,0.0253498740494,0.016382323578,0.0143255768344,0.0169351007789,0.00918852072209,0.0016066764947],"dmean2":[2.07769060135,5.59765672684,9.4739780426,9.32096290588,10.566737175,24.3120365143,23.0005645752,15.7389640808,10.9056940079,9.87475204468,16.5387954712,24.0664234161,34.0777511597,52.9703636169,37.8804779053,26.2077713013,19.6775531769,13.169875145,17.2607364655,17.8093299866,26.6920452118,15.0480880737,9.50957202911,13.1263542175,9.66233634949,8.74929141998,6.5733923912,4.62661504745,2.74952363968,1.28726041317,0.341282069683,0.179904952645,0.10737221688,0.0686420500278,0.0408856980503,0.0261359345168,0.0212468672544,0.0240184739232,0.0132874771953,0.00220777234063],"dvar":[11.6510362625,68.4305877686,186.256484985,122.25844574,177.47164917,1986.47106934,1819.28942871,626.669555664,288.408233643,216.378936768,643.241516113,1219.97875977,1962.95959473,6308.44775391,3076.52685547,1346.15930176,1272.89416504,524.828918457,1001.32849121,1022.65563965,2565.64428711,565.257324219,257.496307373,570.10760498,265.925231934,263.308654785,169.155639648,79.0930938721,42.4601287842,22.7104244232,0.347052872181,0.0436467751861,0.0147981699556,0.00640988862142,0.0023336475715,0.000845278322231,0.000716965354513,0.00350257474929,0.000561366323382,0.00000966874449659],"dvar2":[29.3877696991,152.865158081,434.027832031,301.49319458,431.446563721,4457.58642578,4128.57080078,1413.14819336,688.97277832,506.662902832,1552.75097656,3056.31884766,4544.89160156,15805.9677734,7057.35400391,3125.57836914,2769.04394531,1019.95849609,2273.05737305,1950.14916992,4931.27734375,1204.91064453,549.878356934,1261.03173828,566.18939209,543.297485352,382.079376221,182.485916138,83.8180923462,45.5085258484,0.694184720516,0.0957876294851,0.0343836694956,0.015117989853,0.00552243227139,0.00200092163868,0.00146186060738,0.00691150780767,0.00114671664778,0.0000176665926119],"max":[31.1112422943,88.735748291,158.912963867,179.20892334,254.930801392,854.095947266,1130.46826172,631.233520508,432.853179932,438.796478271,1015.62902832,860.813598633,1602.18908691,1829.58642578,1634.82495117,1153.84863281,543.441040039,396.478515625,566.634277344,697.417480469,745.099365234,314.560272217,293.652984619,508.429840088,319.636566162,282.246673584,209.391906738,119.541160583,259.803253174,186.482925415,15.5773334503,3.82075452805,2.09719634056,1.24166059494,0.765993475914,0.543086946011,0.527076661587,2.3564119339,0.430776298046,0.0547185540199],"mean":[1.19036543369,3.703322649,5.37198448181,6.07622671127,7.3887887001,15.9871082306,16.0806236267,12.1539125443,8.59544372559,7.74242401123,11.8849134445,17.4898452759,26.9797916412,39.3641166687,32.4383354187,22.0430908203,16.5191364288,11.8193464279,13.9360294342,15.7972888947,21.7879009247,12.069685936,7.98839473724,10.5925760269,7.63586091995,6.82190513611,4.70311737061,3.40540623665,2.34157109261,1.20807254314,0.308488070965,0.144680678844,0.0744847729802,0.0474125407636,0.0276801250875,0.0193870253861,0.0192578695714,0.0224546976388,0.0117622977123,0.00285718869418],"median":[0.134699881077,0.479194790125,1.07642531395,1.60817170143,2.80310869217,3.84706640244,4.95275354385,4.47487354279,3.34775829315,3.1965200901,3.69957780838,5.78168964386,9.37076950073,14.2668352127,9.31542110443,7.10859966278,4.44999408722,3.42061233521,3.60925483704,3.35508298874,3.78332853317,2.90422821045,2.12821054459,2.28254890442,1.41853952408,1.14126300812,0.75811624527,0.638241589069,0.408611387014,0.249388903379,0.110468037426,0.056456591934,0.0266144908965,0.0190920233727,0.0105813350528,0.00855149980634,0.00740992324427,0.00516197364777,0.00297966692597,0.0015247114934],"min":[2.04667164293e-12,6.23011494824e-12,1.30481190089e-11,1.71813240718e-11,1.58305400039e-11,2.75909711744e-11,2.79572025252e-11,6.33973949726e-12,1.60791657766e-11,3.13240267058e-11,4.79721262714e-11,1.41274228427e-10,2.94714808113e-10,3.82518794417e-10,4.09908662569e-10,3.14922893319e-10,1.28225841056e-9,1.66926328315e-9,7.67273244939e-10,3.6944003412e-10,4.00859984095e-10,9.94841431456e-10,1.97525373835e-9,2.91041679645e-9,3.59106810954e-9,3.03077718478e-9,2.59620169807e-9,3.24312909861e-9,3.3392801857e-9,2.78425149602e-9,2.92569257709e-9,2.7994313534e-9,3.1992890559e-9,1.5289288724e-9,1.51110213231e-9,7.63325180841e-10,4.57923365893e-10,2.38995628843e-10,6.06507344347e-11,7.78999607876e-12],"var":[10.9343576431,80.8693084717,182.862625122,138.01348877,207.30065918,2285.60375977,2155.40136719,883.239379883,381.586639404,283.699157715,841.540710449,1486.89855957,2628.06225586,6407.02050781,4433.40917969,1753.55236816,1635.66491699,771.637451172,1265.85656738,1689.35827637,3642.55053711,771.972900391,345.641052246,709.430358887,352.427642822,344.463226318,188.913742065,88.5140609741,70.6588363647,34.720413208,0.568054914474,0.064559802413,0.0183367393911,0.00739471334964,0.00267100031488,0.001022542594,0.00116161443293,0.0056623108685,0.00078392616706,0.0000194996555365]},"erbbands_crest":{"dmean":3.44221758842,"dmean2":5.69485616684,"dvar":10.3147935867,"dvar2":25.4926166534,"max":32.0224189758,"mean":9.32960987091,"median":8.28318023682,"min":2.16156172752,"var":19.8074207306},"erbbands_flatness_db":{"dmean":0.0263099260628,"dmean2":0.0404104478657,"dvar":0.000503155286424,"dvar2":0.00114167027641,"max":0.398532867432,"mean":0.152691200376,"median":0.148970901966,"min":0.0510417185724,"var":0.00200541503727},"erbbands_kurtosis":{"dmean":1.61106014252,"dmean2":2.59889054298,"dvar":7.79552841187,"dvar2":19.4280815125,"max":91.5613250732,"mean":1.20059478283,"median":0.422783136368,"min":-1.69645547867,"var":11.1727838516},"erbbands_skewness":{"dmean":0.50495249033,"dmean2":0.769046545029,"dvar":0.229228690267,"dvar2":0.505838274956,"max":8.4432888031,"mean":0.262335449457,"median":0.243441045284,"min":-3.80489611626,"var":0.690391600132},"erbbands_spread":{"dmean":9.85805606842,"dmean2":15.0292282104,"dvar":96.3858566284,"dvar2":208.390365601,"max":116.13848877,"mean":30.6526908875,"median":27.3049354553,"min":1.08704447746,"var":280.929931641},"gfcc":{"cov":[[13739.5722656,911.75769043,-510.561737061,800.184753418,304.474487305,-132.252685547,344.783050537,18.6615104675,207.109420776,166.871856689,-51.9914474487,188.470108032,-133.409378052],[911.75769043,1025.75915527,273.737701416,-291.257019043,-71.9570922852,68.8451919556,-110.458854675,17.8953208923,-74.8508148193,-7.64912414551,27.8752613068,-56.7611961365,103.228263855],[-510.561737061,273.737701416,545.006958008,127.96131897,-97.2558822632,152.009689331,-87.0493087769,112.311386108,-24.2046413422,42.8658561707,40.9744415283,-0.857178866863,31.6251487732],[800.184753418,-291.257019043,127.96131897,670.168823242,213.308181763,4.53734540939,175.349411011,30.6374378204,113.192779541,56.940322876,-1.08952760696,100.625846863,-95.2495574951],[304.474487305,-71.9570922852,-97.2558822632,213.308181763,299.149658203,36.475933075,115.895080566,-9.57955265045,40.7768554688,-12.8136148453,3.03853654861,8.02239322662,-10.2968883514],[-132.252685547,68.8451919556,152.009689331,4.53734540939,36.475933075,278.547332764,10.8372993469,109.547691345,-31.2346744537,37.3445167542,24.5240020752,-2.79485368729,26.7962627411],[344.783050537,-110.458854675,-87.0493087769,175.349411011,115.895080566,10.8372993469,274.807220459,4.65663814545,58.7778282166,-13.2584629059,-15.5805253983,35.7169456482,-38.8453063965],[18.6615104675,17.8953208923,112.311386108,30.6374378204,-9.57955265045,109.547691345,4.65663814545,184.707351685,58.7697257996,67.2696380615,37.7043991089,1.60817337036,19.6265163422],[207.109420776,-74.8508148193,-24.2046413422,113.192779541,40.7768554688,-31.2346744537,58.7778282166,58.7697257996,153.546234131,73.3472213745,13.6619386673,27.8590679169,-18.1626758575],[166.871856689,-7.64912414551,42.8658561707,56.940322876,-12.8136148453,37.3445167542,-13.2584629059,67.2696380615,73.3472213745,116.436042786,45.1752090454,17.7275314331,4.0594496727],[-51.9914474487,27.8752613068,40.9744415283,-1.08952760696,3.03853654861,24.5240020752,-15.5805253983,37.7043991089,13.6619386673,45.1752090454,73.8041915894,30.9475917816,16.8047180176],[188.470108032,-56.7611961365,-0.857178866863,100.625846863,8.02239322662,-2.79485368729,35.7169456482,1.60817337036,27.8590679169,17.7275314331,30.9475917816,86.708732605,7.79394340515],[-133.409378052,103.228263855,31.6251487732,-95.2495574951,-10.2968883514,26.7962627411,-38.8453063965,19.6265163422,-18.1626758575,4.0594496727,16.8047180176,7.79394340515,88.1504364014]],"icov":[[0.000158764494699,-0.000481382274302,0.000778953603003,-0.000772048137151,0.000493743282277,-0.00019894792058,0.000102279191196,-0.000180499337148,0.0000457569840364,0.0000431339503848,-0.000071339236456,0.000163478020113,-0.0000996869857772],[-0.000481382274302,0.0032413804438,-0.00444171624258,0.00448822882026,-0.00334439333528,0.00163118634373,-0.000826218980365,0.000629376561847,0.00063879811205,-0.00180645391811,0.00171796348877,-0.00189513224177,0.000582993670832],[0.000778953603003,-0.00444171624258,0.0117354085669,-0.0114261489362,0.0101571725681,-0.00590657815337,0.00253951363266,-0.000290474010399,-0.00291015813127,0.00733342999592,-0.00887757632881,0.00975870527327,-0.00611827010289],[-0.000772048137151,0.00448822882026,-0.0114261489362,0.0154342567548,-0.0131293777376,0.0066580530256,-0.00266072247177,-0.00168524216861,0.00459800101817,-0.0107186604291,0.0128776095808,-0.0156657397747,0.0103684412315],[0.000493743282277,-0.00334439333528,0.0101571725681,-0.0131293777376,0.0163190811872,-0.0078632440418,0.000867162190843,0.00344733055681,-0.00719555374235,0.01222729031,-0.0143324742094,0.0157127976418,-0.00995859224349],[-0.00019894792058,0.00163118634373,-0.00590657815337,0.0066580530256,-0.0078632440418,0.010346705094,-0.00216969940811,-0.0054858843796,0.00802560895681,-0.00917287450284,0.00845813844353,-0.00835540145636,0.00450594956055],[0.000102279191196,-0.000826218980365,0.00253951363266,-0.00266072247177,0.000867162190843,-0.00216969940811,0.00619551725686,-0.000200988390134,-0.00295424531214,0.00398929277435,-0.000967012427282,0.000107065046905,0.000254496349953],[-0.000180499337148,0.000629376561847,-0.000290474010399,-0.00168524216861,0.00344733055681,-0.0054858843796,-0.000200988390134,0.0125210862607,-0.00740347150713,0.00264214584604,-0.00711198197678,0.00688735442236,-0.00443326355889],[0.0000457569840364,0.00063879811205,-0.00291015813127,0.00459800101817,-0.00719555374235,0.00802560895681,-0.00295424531214,-0.00740347150713,0.0196894071996,-0.0161105301231,0.0115066766739,-0.0104394806549,0.00592807354406],[0.0000431339503848,-0.00180645391811,0.00733342999592,-0.0107186604291,0.01222729031,-0.00917287450284,0.00398929277435,0.00264214584604,-0.0161105301231,0.0307332128286,-0.0218937043101,0.0155947897583,-0.00858558993787],[-0.000071339236456,0.00171796348877,-0.00887757632881,0.0128776095808,-0.0143324742094,0.00845813844353,-0.000967012427282,-0.00711198197678,0.0115066766739,-0.0218937043101,0.0388935394585,-0.0256361626089,0.0101230917498],[0.000163478020113,-0.00189513224177,0.00975870527327,-0.0156657397747,0.0157127976418,-0.00835540145636,0.000107065046905,0.00688735442236,-0.0104394806549,0.0155947897583,-0.0256361626089,0.0371026732028,-0.0163351073861],[-0.0000996869857772,0.000582993670832,-0.00611827010289,0.0103684412315,-0.00995859224349,0.00450594956055,0.000254496349953,-0.00443326355889,0.00592807354406,-0.00858558993787,0.0101230917498,-0.0163351073861,0.0236066002399]],"mean":[-41.9518356323,102.274215698,-88.1814880371,4.86192846298,-20.3191223145,-7.12811470032,-2.48141789436,-8.39587593079,-13.2335147858,-9.72530937195,-10.9539489746,3.33524394035,-0.722958683968]},"hfc":{"dmean":12.8046350479,"dmean2":17.7196044922,"dvar":471.398162842,"dvar2":897.158752441,"max":556.50958252,"mean":25.4353218079,"median":17.3036994934,"min":2.02107113267e-8,"var":962.301025391},"melbands":{"dmean":[0.00893204193562,0.00346862990409,0.000970222579781,0.000762056966778,0.000553476449568,0.000221649563173,0.000100195742561,0.0000683674879838,0.0000883399916347,0.0000959788594628,0.000110339053208,0.000138334988151,0.0000904533808352,0.0000548341886315,0.0000432828528574,0.0000242792102654,0.0000165658548212,0.000018088869183,0.0000185897897609,0.000018902188458,0.0000216481494135,0.0000114962967928,0.00000584771350987,0.00000689863099979,0.00000745467377783,0.00000594734956394,0.00000385000566894,0.00000404099137086,0.00000325392898048,0.00000166140409874,0.00000183253166597,0.00000103690365449,0.00000101146770248,3.1698272096e-7,1.3034448898e-7,9.54933128128e-8,6.26878531307e-8,4.95832530589e-8,4.03173956443e-8,3.47571393888e-8],"dmean2":[0.0138434888795,0.00548397330567,0.00156963744666,0.00122217147145,0.00088638602756,0.000350502843503,0.000160484487424,0.000111260560516,0.000143055105582,0.000155407484272,0.000175517227035,0.000222855698667,0.000137580311275,0.0000866923073772,0.0000663577884552,0.0000359193509212,0.0000240304852923,0.0000270811033261,0.0000278789175354,0.0000282755772787,0.000032166379242,0.0000177556903509,0.00000874732540979,0.0000104797445601,0.0000111967201519,0.00000919696594792,0.00000564990796192,0.0000060067245613,0.00000500596433994,0.00000251765732173,0.0000028049789762,0.00000154520387241,0.00000144517957779,4.7658838298e-7,1.97865830387e-7,1.4653147673e-7,9.86642376688e-8,7.93400971588e-8,6.50624372156e-8,5.60172885855e-8],"dvar":[0.000493532221299,0.0000544611102669,0.00000318850084113,0.00000395193137592,0.00000285946248368,2.78867787529e-7,6.01770224762e-8,2.47476368287e-8,4.60456064388e-8,4.78411514848e-8,5.22331866648e-8,1.09284059135e-7,4.10474676471e-8,1.40910829671e-8,1.37229463348e-8,3.89344423368e-9,1.59679691691e-9,2.2303092706e-9,2.6003037501e-9,2.63267052603e-9,3.608981336e-9,8.15217504613e-10,1.7991798329e-10,3.86650239603e-10,4.25262186576e-10,2.55674592609e-10,1.01532442176e-10,1.29817170902e-10,1.06292051549e-10,2.00282082585e-11,2.9810480473e-11,7.85194652353e-12,4.1354423358e-11,1.71242013625e-12,1.02944928515e-13,4.09072054659e-14,1.22172830527e-14,7.86704634949e-15,5.97461719719e-15,4.15067997605e-15],"dvar2":[0.00116797187366,0.000123753692606,0.00000773696683609,0.00000888558133738,0.00000653734832667,6.30788917988e-7,1.43372247408e-7,5.89911302029e-8,1.12418824472e-7,1.18819009742e-7,1.21334693404e-7,2.7440478334e-7,9.57984909178e-8,3.43110855283e-8,3.30099325652e-8,7.85617704224e-9,3.16757997609e-9,5.11102360434e-9,5.70381564202e-9,5.06822450674e-9,7.11891612326e-9,1.85349979809e-9,3.75254188834e-10,9.03128238861e-10,9.64453517049e-10,5.95576032936e-10,2.14392295583e-10,2.73015277052e-10,2.48045889384e-10,4.44389872123e-11,7.01648114609e-11,1.67314322119e-11,7.77908570893e-11,3.87668369628e-12,2.17854936022e-13,8.72228857066e-14,2.79208961181e-14,1.82529925013e-14,1.41200883586e-14,9.79561500951e-15],"max":[0.208248138428,0.0871617421508,0.0328841134906,0.0416325442493,0.0416715405881,0.0129006262869,0.00630631344393,0.00408488465473,0.00684668542817,0.00509581388906,0.00826305244118,0.00726215541363,0.00669382326305,0.00431150011718,0.0017374039162,0.000950374582317,0.000692293513566,0.000879306520801,0.00101055263076,0.000984893646091,0.000928703520913,0.000349751440808,0.000359006720828,0.000360151025234,0.000474765314721,0.000254369311733,0.000207022254472,0.000210540471016,0.000158687689691,0.0000751674742787,0.0000803567963885,0.0000872550226632,0.000274158112006,0.0000400242388423,0.00000823832851893,0.00000438148163084,0.00000181613597761,0.00000126640827602,0.00000180324127541,0.00000102926617274],"mean":[0.00934298615903,0.00350855803117,0.00107215426397,0.000842077773996,0.00062369403895,0.000274525111308,0.00012652829173,0.00008489798347,0.000102294179669,0.000111112138256,0.000135629612487,0.000160880124895,0.000111957248009,0.0000692767134751,0.0000507712247781,0.0000287813436444,0.0000207216307899,0.0000213123694266,0.0000212190443563,0.0000236220294028,0.0000252543395618,0.000013262804714,0.00000700080181559,0.00000787188491813,0.00000875994828675,0.00000662494312564,0.00000447756838184,0.00000451568757853,0.00000336690050062,0.0000018969908524,0.00000198178759092,0.00000123971676658,0.00000132067657432,4.07748643738e-7,1.70011503542e-7,1.21424733379e-7,7.35988265887e-8,5.39196527427e-8,4.27036468409e-8,3.87578538152e-8],"median":[0.00147214415483,0.000647125067189,0.000337789242622,0.000258377345745,0.000188060948858,0.000102604986751,0.0000492094004585,0.0000334496689902,0.0000310398609145,0.0000357411736331,0.000045952743676,0.0000577668906772,0.0000294127530651,0.0000218653622142,0.0000130167236421,0.00000736441779736,0.00000571083046452,0.00000536932748219,0.00000438455936091,0.00000435093988926,0.00000426121550845,0.00000301234194922,0.00000175626655619,0.00000192288030121,0.00000178962295649,0.0000011115387224,7.77994387136e-7,7.11700749889e-7,4.7944280368e-7,3.68389919458e-7,3.52709179197e-7,2.3515828218e-7,1.67221358538e-7,1.15948779467e-7,6.10116401845e-8,4.53098536468e-8,2.72397961965e-8,1.81521837561e-8,1.49928602866e-8,1.58856998667e-8],"min":[1.78430810708e-14,7.35302694654e-15,2.93614653803e-15,1.4994427107e-15,1.09318421574e-15,1.64502956901e-16,2.77705283941e-16,3.12014803456e-16,4.6831207574e-16,9.7583807117e-16,1.51175624041e-15,1.55762805083e-15,1.38820494423e-15,7.49189259841e-16,1.21461136504e-15,3.83504924188e-15,2.87495264276e-15,1.1987015452e-15,7.31043167133e-16,3.07928266532e-16,5.15514204336e-16,8.34308447744e-16,2.15097134813e-15,1.11447216541e-15,2.4602624642e-15,3.29382843463e-15,2.10145782544e-15,1.94538776974e-15,1.35928554535e-15,2.19753825495e-15,1.5375649108e-15,2.00880957342e-15,1.33820585991e-15,1.648047018e-15,1.66063202177e-15,1.18377121307e-15,2.16458316759e-15,2.16765556785e-15,1.6713878579e-15,1.1490521796e-15],"var":[0.000544736918528,0.0000599366067036,0.00000380608366868,0.00000469367614642,0.00000330440821017,4.04147215249e-7,8.03083608503e-8,3.31351976968e-8,6.01050729188e-8,5.90444457771e-8,6.85748133833e-8,1.08941343058e-7,5.75959511195e-8,1.75440035832e-8,1.51347769872e-8,5.23587706525e-9,2.34034946978e-9,2.80389178542e-9,3.48515460935e-9,4.00451982685e-9,4.98206187416e-9,9.98593208124e-10,2.68202265952e-10,4.24255353071e-10,5.08093289664e-10,2.92685126135e-10,1.37111058618e-10,1.62856311769e-10,1.10812754806e-10,2.41538698764e-11,3.21395410285e-11,1.20668943587e-11,6.90471638198e-11,2.07976431216e-12,1.59973569764e-13,5.99455652218e-14,1.68642226919e-14,9.92645110667e-15,6.84008412248e-15,4.81547590228e-15]},"melbands_crest":{"dmean":5.68028211594,"dmean2":8.96655082703,"dvar":21.4012298584,"dvar2":49.1588935852,"max":38.9840354919,"mean":18.3800296783,"median":17.3303604126,"min":1.61885285378,"var":66.2585296631},"melbands_flatness_db":{"dmean":0.0470168441534,"dmean2":0.0706734880805,"dvar":0.00166882947087,"dvar2":0.00359860667959,"max":0.614000737667,"mean":0.275648027658,"median":0.272706896067,"min":0.00359242293052,"var":0.00705012958497},"melbands_kurtosis":{"dmean":27.0946998596,"dmean2":43.2681350708,"dvar":4701.29882812,"dvar2":11910.2587891,"max":1578.96337891,"mean":30.3578968048,"median":8.75690841675,"min":-1.84181749821,"var":4907.56396484},"melbands_skewness":{"dmean":1.61179757118,"dmean2":2.39056396484,"dvar":4.09606695175,"dvar2":8.98862743378,"max":30.4269313812,"mean":3.38992190361,"median":2.52893233299,"min":-2.77870798111,"var":9.863945961},"melbands_spread":{"dmean":7.15167331696,"dmean2":11.0088825226,"dvar":108.351661682,"dvar2":232.010070801,"max":179.311920166,"mean":16.4457263947,"median":10.9729404449,"min":0.132970228791,"var":348.186645508},"mfcc":{"cov":[[9133.83398438,266.378112793,-862.461425781,994.504211426,-58.699836731,327.442138672,27.9426994324,163.389404297,162.411972046,146.610473633,154.670791626,218.44543457,121.759963989],[266.378112793,1185.68981934,195.475326538,-343.576141357,5.62978172302,-108.706268311,21.2346000671,-99.6323165894,6.19500160217,-74.5987319946,-11.092792511,-56.6696853638,-0.52083081007],[-862.461425781,195.475326538,698.870300293,-84.7107696533,96.6613998413,-48.2295036316,32.6255874634,-7.00251674652,-4.13563156128,0.399176210165,35.177772522,21.832201004,2.04558348656],[994.504211426,-343.576141357,-84.7107696533,657.639221191,34.8137397766,160.880187988,-10.2804069519,117.132980347,31.17045784,67.2705383301,33.2302589417,87.4537124634,22.7806968689],[-58.699836731,5.62978172302,96.6613998413,34.8137397766,251.419723511,37.0013122559,50.0993766785,5.37420225143,20.7979450226,25.6242294312,4.51441812515,38.2079200745,13.854221344],[327.442138672,-108.706268311,-48.2295036316,160.880187988,37.0013122559,192.079772949,80.113067627,70.7174224854,25.9537296295,17.6514282227,7.83394813538,9.73532962799,14.4889392853],[27.9426994324,21.2346000671,32.6255874634,-10.2804069519,50.0993766785,80.113067627,178.514678955,72.2048034668,29.3946971893,5.32160615921,3.75651860237,-3.25579786301,8.51134109497],[163.389404297,-99.6323165894,-7.00251674652,117.132980347,5.37420225143,70.7174224854,72.2048034668,142.186080933,44.903755188,28.1783065796,18.8023357391,17.7230625153,13.9081430435],[162.411972046,6.19500160217,-4.13563156128,31.17045784,20.7979450226,25.9537296295,29.3946971893,44.903755188,109.915687561,51.9359817505,30.3350696564,24.1221313477,17.9246006012],[146.610473633,-74.5987319946,0.399176210165,67.2705383301,25.6242294312,17.6514282227,5.32160615921,28.1783065796,51.9359817505,106.246536255,56.3687591553,34.7251663208,16.9875888824],[154.670791626,-11.092792511,35.177772522,33.2302589417,4.51441812515,7.83394813538,3.75651860237,18.8023357391,30.3350696564,56.3687591553,99.8195037842,44.8964538574,22.200881958],[218.44543457,-56.6696853638,21.832201004,87.4537124634,38.2079200745,9.73532962799,-3.25579786301,17.7230625153,24.1221313477,34.7251663208,44.8964538574,95.1755371094,34.8890075684],[121.759963989,-0.52083081007,2.04558348656,22.7806968689,13.854221344,14.4889392853,8.51134109497,13.9081430435,17.9246006012,16.9875888824,22.200881958,34.8890075684,69.5454025269]],"icov":[[0.000181567374966,-0.000179279741133,0.000242893453105,-0.000284392153844,0.0000639714853605,-0.000090992260084,-0.0000582481552556,0.0000604050655966,-0.0000588970833633,-0.0000155295147124,-0.000153415021487,-0.000238214604906,-0.0000445022706117],[-0.000179279741133,0.00131144491024,-0.00047153927153,0.000556490500458,-0.00011524745787,0.000380754441721,-0.000269484386081,0.000607570458669,-0.00070540694287,0.000948610191699,-0.000323622603901,0.000779419147875,-0.000327210931573],[0.000242893453105,-0.00047153927153,0.00202094390988,-0.000313097349135,-0.000610502320342,0.000428694329457,-0.000355834839866,-0.00021542487957,0.000294359750114,0.000203656236408,-0.000995647511445,-0.000535336264875,0.000194052641746],[-0.000284392153844,0.000556490500458,-0.000313097349135,0.00332162505947,-0.000177698777406,-0.00209009391256,0.00181563012302,-0.00192439521197,0.000699365569744,-0.000843584712129,0.000910578120966,-0.00185437197797,0.000722140772268],[0.0000639714853605,-0.00011524745787,-0.000610502320342,-0.000177698777406,0.00516867963597,-0.00083171017468,-0.00154082663357,0.00140374456532,-0.000271455995971,-0.00148578628432,0.00180707103573,-0.00250423653051,0.000127093313495],[-0.000090992260084,0.000380754441721,0.000428694329457,-0.00209009391256,-0.00083171017468,0.0094285029918,-0.0037651474122,-0.000684876402374,-0.000536728999577,0.000843690882903,-0.000753098167479,0.00230427179486,-0.00134999642614],[-0.0000582481552556,-0.000269484386081,-0.000355834839866,0.00181563012302,-0.00154082663357,-0.0037651474122,0.00992050115019,-0.00481845065951,-0.000279452098766,0.000447773432825,0.000088076449174,0.000473044638056,0.0000537840387551],[0.0000604050655966,0.000607570458669,-0.00021542487957,-0.00192439521197,0.00140374456532,-0.000684876402374,-0.00481845065951,0.0128858201206,-0.00356591120362,0.000226622199989,-0.000610130780842,0.000350755115505,-0.000706215447281],[-0.0000588970833633,-0.00070540694287,0.000294359750114,0.000699365569744,-0.000271455995971,-0.000536728999577,-0.000279452098766,-0.00356591120362,0.0140054952353,-0.00627654278651,0.000496362103149,-0.00139027147088,-0.000764294643886],[-0.0000155295147124,0.000948610191699,0.000203656236408,-0.000843584712129,-0.00148578628432,0.000843690882903,0.000447773432825,0.000226622199989,-0.00627654278651,0.0180069264024,-0.00830637384206,0.000832825840916,-0.000222220201977],[-0.000153415021487,-0.000323622603901,-0.000995647511445,0.000910578120966,0.00180707103573,-0.000753098167479,0.000088076449174,-0.000610130780842,0.000496362103149,-0.00830637384206,0.0178663805127,-0.00621892046183,-0.000777229841333],[-0.000238214604906,0.000779419147875,-0.000535336264875,-0.00185437197797,-0.00250423653051,0.00230427179486,0.000473044638056,0.000350755115505,-0.00139027147088,0.000832825840916,-0.00621892046183,0.0195063240826,-0.00670878682286],[-0.0000445022706117,-0.000327210931573,0.000194052641746,0.000722140772268,0.000127093313495,-0.00134999642614,0.0000537840387551,-0.000706215447281,-0.000764294643886,-0.000222220201977,-0.000777229841333,-0.00670878682286,0.018467888236]],"mean":[-702.180908203,159.892166138,-7.28995990753,29.6467456818,-1.09239304066,14.5892810822,8.40764904022,12.0499477386,5.68058872223,-2.38076686859,-4.37325763702,-4.4865694046,2.0016438961]},"pitch_salience":{"dmean":0.119278237224,"dmean2":0.188281968236,"dvar":0.00988348014653,"dvar2":0.0233389940113,"max":0.851805746555,"mean":0.505674540997,"median":0.530623674393,"min":0.0429118610919,"var":0.0290383603424},"silence_rate_20dB":{"dmean":0.0310844834894,"dmean2":0.0621743649244,"dvar":0.030119612813,"dvar2":0.0767116099596,"max":1,"mean":0.978121221066,"median":1,"min":0,"var":0.0213978439569},"silence_rate_30dB":{"dmean":0.100894331932,"dmean2":0.20180618763,"dvar":0.0907211229205,"dvar2":0.175679594278,"max":1,"mean":0.855009555817,"median":1,"min":0,"var":0.123956277966},"silence_rate_60dB":{"dmean":0.0357732065022,"dmean2":0.071552619338,"dvar":0.0344952493906,"dvar2":0.0792899280787,"max":1,"mean":0.0957631543279,"median":0,"min":0,"var":0.0865882113576},"spectral_centroid":{"dmean":297.13949585,"dmean2":441.934875488,"dvar":144074.21875,"dvar2":256344.8125,"max":11271.703125,"mean":1031.45910645,"median":808.544067383,"min":171.117233276,"var":484266},"spectral_complexity":{"dmean":4.97021770477,"dmean2":6.90013885498,"dvar":35.5790367126,"dvar2":60.4454460144,"max":63,"mean":14.9064941406,"median":13,"min":0,"var":112.295776367},"spectral_contrast_coeffs":{"dmean":[0.0674860402942,0.0540362782776,0.0426414608955,0.0326079763472,0.0266814120114,0.0474897399545],"dmean2":[0.1071966663,0.0878917351365,0.0696758329868,0.0523643754423,0.0412850305438,0.072451017797],"dvar":[0.00306037720293,0.00184446480125,0.00113976572175,0.00068715994712,0.000497671833728,0.00181242555846],"dvar2":[0.00712200021371,0.00485846726224,0.00295906933025,0.00171309104189,0.00113724288531,0.003898199182],"max":[-0.274259567261,-0.421661287546,-0.551702558994,-0.534610748291,-0.602016270161,-0.409804105759],"mean":[-0.680663228035,-0.783564507961,-0.803234875202,-0.826779186726,-0.829182505608,-0.751182079315],"median":[-0.690246939659,-0.790711641312,-0.806359410286,-0.830596029758,-0.829765915871,-0.764728844166],"min":[-0.953732013702,-0.968459129333,-0.973190069199,-0.962391257286,-0.958460330963,-0.959198951721],"var":[0.00927766319364,0.00493223639205,0.00287259463221,0.00194699293934,0.00182591972407,0.0067197419703]},"spectral_contrast_valleys":{"dmean":[0.510372459888,0.477247089148,0.433032333851,0.426877111197,0.466706752777,0.683211624622],"dmean2":[0.783143520355,0.742169678211,0.642131447792,0.596275210381,0.638002038002,1.0718626976],"dvar":[0.195096045732,0.175992295146,0.158425211906,0.159907385707,0.20683786273,0.326244771481],"dvar2":[0.387509435415,0.374073773623,0.299985557795,0.278476059437,0.360224276781,0.771869778633],"max":[-4.57671737671,-4.69174003601,-4.72033071518,-5.22781085968,-5.2257938385,-8.69287586212],"mean":[-7.10950660706,-6.92858409882,-7.07575893402,-7.83220291138,-7.99835443497,-11.312625885],"median":[-6.88327121735,-6.72746753693,-6.9476442337,-7.7082452774,-7.89726924896,-11.2204875946],"min":[-27.6283359528,-28.0858421326,-27.5340175629,-27.1403369904,-27.2947654724,-27.2302703857],"var":[2.14763402939,1.58326864243,1.4312710762,1.41697955132,1.58212316036,1.35102438927]},"spectral_decrease":{"dmean":1.0446816745e-8,"dmean2":1.51767949319e-8,"dvar":3.80534766101e-16,"dvar2":8.22691232053e-16,"max":1.42410672144e-9,"mean":-1.47539651607e-8,"median":-6.5092038426e-9,"min":-2.01627585739e-7,"var":5.6514620576e-16},"spectral_energy":{"dmean":0.0402405932546,"dmean2":0.0582701787353,"dvar":0.00547678628936,"dvar2":0.0118079576641,"max":0.763724982738,"mean":0.0579920038581,"median":0.0268037263304,"min":1.86212482066e-12,"var":0.00820485502481},"spectral_energyband_high":{"dmean":0.000273890851531,"dmean2":0.00039166409988,"dvar":5.37452592653e-7,"dvar2":0.00000109350662569,"max":0.0177947636694,"mean":0.000356260250555,"median":0.0000959437311394,"min":1.25262625793e-12,"var":7.74095042289e-7},"spectral_energyband_low":{"dmean":0.0331714265049,"dmean2":0.0492281764746,"dvar":0.00505998684093,"dvar2":0.011113227345,"max":0.680729329586,"mean":0.0392736643553,"median":0.00915845856071,"min":8.4922425537e-14,"var":0.00675034383312},"spectral_energyband_middle_high":{"dmean":0.00279482803307,"dmean2":0.00380899012089,"dvar":0.000034377866541,"dvar2":0.0000633491581539,"max":0.0846641138196,"mean":0.00425372971222,"median":0.00186932343058,"min":2.58627971469e-13,"var":0.0000582694447075},"spectral_energyband_middle_low":{"dmean":0.00626193219796,"dmean2":0.00974292680621,"dvar":0.000121780358313,"dvar2":0.000270737247774,"max":0.18575938046,"mean":0.00955034419894,"median":0.00546533893794,"min":2.68248100734e-14,"var":0.000185937198694},"spectral_entropy":{"dmean":0.239138886333,"dmean2":0.36522474885,"dvar":0.0546736568213,"dvar2":0.121955737472,"max":9.79268932343,"mean":7.39289045334,"median":7.46263980865,"min":4.70134878159,"var":0.207963317633},"spectral_flux":{"dmean":0.0567483343184,"dmean2":0.0900287553668,"dvar":0.00494775688276,"dvar2":0.011104545556,"max":0.72113096714,"mean":0.140216648579,"median":0.113782100379,"min":0.00000405312493967,"var":0.0112690143287},"spectral_kurtosis":{"dmean":3.96188116074,"dmean2":6.18315410614,"dvar":26.5015983582,"dvar2":66.516784668,"max":120.898719788,"mean":13.8592634201,"median":11.1857767105,"min":-1.20321023464,"var":89.5790252686},"spectral_rms":{"dmean":0.00215113046579,"dmean2":0.00294827017933,"dvar":0.00000677182970321,"dvar2":0.0000122718674902,"max":0.0272964742035,"mean":0.00609582616016,"median":0.00511370459571,"min":4.26228474737e-8,"var":0.0000194184740394},"spectral_rolloff":{"dmean":807.99798584,"dmean2":1446.64111328,"dvar":8023199.5,"dvar2":19095998,"max":21899.2675781,"mean":2327.64624023,"median":624.462890625,"min":21.533203125,"var":29137392},"spectral_skewness":{"dmean":0.398163408041,"dmean2":0.588693499565,"dvar":0.166622713208,"dvar2":0.379535645247,"max":9.22786140442,"mean":2.48353457451,"median":2.29044985771,"min":-0.000357230805093,"var":0.876771509647},"spectral_spread":{"dmean":554191.875,"dmean2":869348.5,"dvar":333277265920,"dvar2":652990939136,"max":39868412,"mean":3710186.25,"median":3590247,"min":1217014.875,"var":1007243689980},"spectral_strongpeak":{"dmean":0.591746747494,"dmean2":1.02944362164,"dvar":8.42565822601,"dvar2":21.6071720123,"max":102.555381775,"mean":0.59164172411,"median":0.20608125627,"min":0,"var":8.21203136444},"zerocrossingrate":{"dmean":0.023830473423,"dmean2":0.0277814902365,"dvar":0.000557774328627,"dvar2":0.000663626997266,"max":0.63623046875,"mean":0.106235973537,"median":0.0791015625,"min":0.00048828125,"var":0.00991804059595}},"metadata":{"audio_properties":{"analysis_sample_rate":44100,"bit_rate":160000,"codec":"mp3","downmix":"mix","equal_loudness":0,"length":267.415496826,"lossless":false,"md5_encoded":"168ad8faee9238b8ed5ee9c5cba46a71","replay_gain":-8.47407722473,"sample_rate":44100},"tags":{"album":["New Whirl Odor"],"album artist credit":["Public Enemy"],"albumartist":["Public Enemy"],"albumartistsort":["Public Enemy"],"artist":["Public Enemy"],"artist credit":["Public Enemy"],"artistsort":["Public Enemy"],"asin":["B000B5KRSY"],"bpm":["0"],"catalognumber":["SJR1005CV"],"composer":["Public Enemy"],"date":["2005-11-01"],"discnumber":["1/1"],"encodedby":["iTunes v6.0.5.20"],"file_name":"08 - Public Enemy - Preachin' to the Quiet.mp3","genre":["Hip Hop / Rap"],"label":["SLAMjamz Records"],"language":["eng"],"media":["CD"],"musicbrainz album release country":["US"],"musicbrainz album status":["Official"],"musicbrainz album type":["album"],"musicbrainz_albumartistid":["bf2e15d0-4b77-469e-bfb4-f8414415baca"],"musicbrainz_albumid":["0c09b808-51c4-4bbb-b786-66556911e4a9"],"musicbrainz_artistid":["bf2e15d0-4b77-469e-bfb4-f8414415baca"],"musicbrainz_recordingid":["5e81eccd-53a9-4d80-bbe3-ab5316757633"],"musicbrainz_releasegroupid":["4022f7a0-2c42-369c-a4dd-5b7741f536c1"],"originaldate":["2005-11-01"],"replaygain_album_gain":["0.00 dB"],"replaygain_album_peak":["0.000000"],"replaygain_track_gain":["-6.44 dB"],"replaygain_track_peak":["1.079193"],"script":["Latn"],"title":["Preachin' to the Quiet"],"tracknumber":["8/15"]},"version":{"essentia":"2.1-beta1","essentia_build_sha":"5a811adb4c06fd6d02ca903f7349a26d851abfa8","essentia_git_sha":"v2.1_beta1-34-gf95df8b","extractor":"music 1.0"}},"rhythm":{"beats_count":394,"beats_loudness":{"dmean":0.110673189163,"dmean2":0.212580606341,"dvar":0.010013859719,"dvar2":0.0326352454722,"max":0.487555801868,"mean":0.126059010625,"median":0.100077807903,"min":4.6518569552e-10,"var":