{"lowlevel":{"average_loudness":0.928402602673,"barkbands":{"dmean":[0.0105148404837,0.0189180355519,0.00278726243414,0.000886625726707,0.00129406829365,0.00100125558674,0.00106420891825,0.000825489580166,0.000715729082003,0.000822130648885,0.000933368923143,0.00143299158663,0.00105184235144,0.001044595032,0.000781326030847,0.000543306930922,0.000252866273513,0.00019460254407,0.000162667172845,0.00012840834097,0.000118227158964,0.0000561488159292,0.0000311083422275,0.00000986974464467,0.00000348843764186,0.0000237431286223,0.00036890982301],"dmean2":[0.0181979238987,0.0316204838455,0.00463905371726,0.00148464017548,0.00220614182763,0.00163024326321,0.00171657081228,0.00136027811095,0.00116090558004,0.00134030357003,0.00152113905642,0.00236617401242,0.00172872724943,0.00169592374004,0.0012697391212,0.000884549575858,0.000409898930229,0.000310425966745,0.00025521175121,0.000201863658731,0.000178343674634,0.0000831984580145,0.0000436302107119,0.0000144401619764,0.00000588343436903,0.0000322379419231,0.000542288762517],"dvar":[0.000608601199929,0.000805493327789,0.0000156608384714,0.00000155605027885,0.00000793354229245,0.00000274922626886,0.00000416241528001,0.00000276416835732,0.00000221677328227,0.00000309555412059,0.00000307396908283,0.00000427081931775,0.00000261423519987,0.00000229461625167,0.0000017650073687,8.55945756939e-7,2.22115417614e-7,1.27358987356e-7,1.18161750606e-7,9.18045088838e-8,1.48903126274e-7,2.19111768729e-8,3.80976494796e-9,2.67210475968e-10,2.86506599695e-11,1.87065185564e-9,3.26036825982e-7],"dvar2":[0.00158749113325,0.00215771375224,0.000042183612095,0.00000400842645831,0.0000214732499444,0.00000660631303617,0.0000100446759461,0.00000677298248775,0.0000055566665651,0.00000780527352617,0.00000710622907718,0.0000106767729449,0.00000656426709611,0.00000578127719564,0.00000426363340011,0.00000211235237657,5.54146481591e-7,3.00694921407e-7,2.75366176083e-7,2.14442735569e-7,3.23520168877e-7,4.51889512476e-8,7.70439534392e-9,5.72738245719e-10,7.28582888465e-11,3.58374752096e-9,7.45369391097e-7],"max":[0.263186991215,0.308215707541,0.054843172431,0.0277805775404,0.0433615520597,0.0430165044963,0.0415197387338,0.0379876494408,0.0348839983344,0.0448112264276,0.0489319227636,0.0528233274817,0.0441720820963,0.0334566496313,0.0549065358937,0.0248763635755,0.0117814028636,0.0116095552221,0.00773742934689,0.00784017331898,0.0101943491027,0.00669670896605,0.00167060713284,0.000492148159537,0.0000712850669515,0.00101182039361,0.0205069426447],"mean":[0.00976140424609,0.027870580554,0.00395401706919,0.00119361211546,0.00168087088969,0.00146261125337,0.00156981381588,0.00119597127195,0.00109904271085,0.00116773450281,0.00129106279928,0.00223380490206,0.00171528651845,0.00181136478204,0.00140318728518,0.000929456786253,0.000405228784075,0.000301167747239,0.000264799513388,0.00020571135974,0.00020326586673,0.0000984776634141,0.0000576843231102,0.000017085685613,0.00000343127271663,0.0000457796049886,0.00109496770892],"median":[0.00309471599758,0.0177537202835,0.00227452651598,0.00072831788566,0.00090233492665,0.000742278876714,0.000624669832177,0.000490229343995,0.000407565297792,0.000438482442405,0.000645587453619,0.00146704737563,0.000986997853033,0.00124852394219,0.00092465011403,0.000602881482337,0.000224899224122,0.000130980813992,0.000108641557745,0.000079926699982,0.0000611193390796,0.000035885219404,0.0000197002846107,0.00000678568039802,0.00000146542004131,0.0000152803459059,0.000764808617532],"min":[1.20000542715e-23,5.32393263474e-23,6.65313927866e-23,2.52207824413e-23,3.50502386004e-23,1.05747713113e-22,1.22030763029e-23,8.28729619827e-23,4.37986366196e-23,1.37259929486e-22,7.74642539374e-23,6.33082207239e-23,8.23477068375e-23,7.15662060063e-23,1.88988543024e-22,1.36809433111e-22,1.14440417552e-22,1.81316649839e-22,1.92708457643e-22,4.73488401214e-22,4.01255626675e-22,6.02322538926e-22,8.82811739921e-22,8.53970177433e-22,1.21897472988e-21,1.71200900911e-21,2.38772247136e-21],"var":[0.000477646797663,0.000985017279163,0.000022744468879,0.00000225926169151,0.00000764458582125,0.00000496497477798,0.00000764830929256,0.00000498072085975,0.000004643322427,0.00000498058079756,0.00000497184328196,0.0000069150996751,0.00000523536664332,0.00000416893590227,0.00000339767643709,0.00000155126167556,3.38984733617e-7,2.12080436768e-7,2.00860696964e-7,1.5569712275e-7,2.72902553888e-7,4.51394015499e-8,1.02226174192e-8,7.20120629794e-10,2.90843425732e-11,5.63547919441e-9,0.00000123600443658]},"barkbands_crest":{"dmean":3.17888331413,"dmean2":5.15029907227,"dvar":7.29433631897,"dvar2":18.4164047241,"max":25.168340683,"mean":11.4861745834,"median":10.8640623093,"min":2.46064639091,"var":25.0215644836},"barkbands_flatness_db":{"dmean":0.0307728517801,"dmean2":0.0474963225424,"dvar":0.000870684394613,"dvar2":0.0020733748097,"max":0.42731565237,"mean":0.144375815988,"median":0.131110444665,"min":0.0324275158346,"var":0.00422107800841},"barkbands_kurtosis":{"dmean":8.65709781647,"dmean2":13.2075567245,"dvar":453.448699951,"dvar2":997.986022949,"max":399.640106201,"mean":12.2502975464,"median":1.9446387291,"min":-1.79850363731,"var":950.086547852},"barkbands_skewness":{"dmean":0.877972483635,"dmean2":1.34171438217,"dvar":1.18497896194,"dvar2":2.60352301598,"max":15.548078537,"mean":2.23367261887,"median":1.45101726055,"min":-1.9335694313,"var":4.82220697403},"barkbands_spread":{"dmean":7.82958459854,"dmean2":12.066245079,"dvar":61.7124290466,"dvar2":141.208312988,"max":106.352767944,"mean":29.8667240143,"median":29.4532012939,"min":0.498803168535,"var":273.28918457},"dissonance":{"dmean":0.0123968916014,"dmean2":0.021314131096,"dvar":0.000150324107381,"dvar2":0.000414813694078,"max":0.500000119209,"mean":0.482295274734,"median":0.486271262169,"min":0.336280047894,"var":0.000221156078624},"dynamic_complexity":1.88345122337,"erbbands":{"dmean":[1.06091856956,2.61633563042,3.51268076897,2.73852324486,3.44923138618,4.67238712311,6.14766168594,9.49315261841,12.2376232147,19.2305202484,17.5473613739,15.8351564407,20.0122890472,28.6618595123,42.0764007568,56.4576911926,48.4160385132,47.3825492859,45.836265564,34.7803077698,24.4749603271,13.6613721848,10.7716226578,9.31991767883,7.39430189133,5.95119380951,5.59938383102,3.8292825222,2.10726308823,1.46210205555,0.811720848083,0.327726870775,0.112824581563,0.0412748791277,0.0247372053564,0.0233965497464,0.0490957461298,0.0525081306696,0.0254505965859,0.00830093305558],"dmean2":[1.78937864304,4.3155837059,5.73746538162,4.56120920181,5.86854219437,7.98292207718,10.3169870377,15.3882074356,20.1907234192,30.5224876404,28.8695964813,25.6482982635,32.5906257629,46.5704345703,68.8461074829,93.0087661743,79.5588302612,76.7222061157,74.2565307617,55.8547210693,39.6680030823,22.0601425171,17.2661266327,14.5166292191,11.6260690689,9.2992143631,8.54966545105,5.75531101227,3.12947893143,2.13377308846,1.13784658909,0.466005891562,0.169595614076,0.0688716694713,0.0416412092745,0.0357631854713,0.065936088562,0.0705022141337,0.0355686284602,0.0122997201979],"dvar":[3.46926808357,10.5426635742,21.9931507111,14.3737955093,40.421207428,115.152862549,137.049041748,286.985717773,531.627258301,1734.0123291,1616.7064209,1059.50695801,2201.11376953,2951.62963867,5109.70605469,6584.00585938,5326.52197266,5100.99462891,4777.02783203,3979.07983398,1817.61328125,678.868041992,389.633636475,348.63269043,279.732147217,179.132354736,288.309173584,186.696670532,37.7616157532,8.99008369446,2.67488288879,0.371149837971,0.0259065125138,0.00372762675397,0.0014253606787,0.00104156532325,0.00822581537068,0.00857341475785,0.00189520453569,0.000172994608874],"dvar2":[9.37371444702,27.7742729187,56.351600647,37.4708557129,108.193473816,307.923400879,360.70703125,674.472473145,1346.44238281,3966.17602539,3927.02832031,2601.67138672,5668.99023438,7183.19970703,12117.1494141,16328.6806641,13416.4882812,13023.1523438,11523.515625,9606.91308594,4444.76220703,1675.17590332,929.947021484,808.43963623,668.864318848,409.086334229,623.563293457,423.988952637,77.3908843994,18.7844829559,5.50860595703,0.788074016571,0.0572731681168,0.00945780146867,0.00362674007192,0.00232531293295,0.0158272832632,0.0168745126575,0.0040270970203,0.000405523023801],"max":[20.2207355499,39.0713729858,65.8625717163,65.7994537354,129.587051392,185.431793213,256.28112793,474.799316406,518.684570312,838.586791992,1153.66943359,977.339477539,1249.04699707,1436.23925781,1847.30883789,2695.56274414,1581.2467041,1819.8918457,1871.71374512,2566.32373047,1237.0513916,603.091247559,670.824951172,392.176055908,653.715148926,308.565216064,420.959686279,520.07598877,282.363922119,109.407196045,47.4083633423,16.8961982727,2.99542760849,0.808007359505,0.503535151482,0.698590636253,2.09713149071,1.99011695385,1.17465233803,0.510238409042],"mean":[1.35054826736,4.03748941422,5.54010105133,4.12538146973,4.5964217186,5.61168432236,7.97818565369,13.6357030869,17.9980487823,28.9501056671,26.6936244965,25.1814651489,30.0533218384,43.7157173157,65.0054779053,91.524055481,83.6570129395,86.7390136719,86.0319747925,65.7548599243,43.8113899231,23.2662143707,16.9329814911,15.2484235764,11.8494205475,9.85255718231,9.47736549377,6.41187095642,3.6447224617,2.65275168419,1.49186217785,0.583728134632,0.185676604509,0.0469660162926,0.0254727173597,0.0379487760365,0.0955534130335,0.113857321441,0.0672240108252,0.0282497629523],"median":[0.707728207111,2.70279741287,3.20645833015,2.72151756287,2.60669112206,2.68350052834,4.10629892349,6.49307012558,8.78632068634,10.1074638367,10.8956851959,9.87271499634,11.2604198456,20.7100276947,39.3831748962,61.6177902222,52.1281394958,60.4161262512,61.9915466309,43.8399581909,29.1462860107,13.3471374512,7.83624696732,6.10773324966,5.09516954422,3.83739757538,2.90663456917,1.9737496376,1.27069497108,0.959506034851,0.506257593632,0.204009875655,0.0859008580446,0.0252201706171,0.0118116233498,0.0193406175822,0.0309050269425,0.0419976375997,0.0296640340239,0.0202723070979],"min":[1.77641418826e-21,1.1629496214e-20,5.88761052127e-20,9.90227087822e-20,8.90747891664e-20,1.11209250554e-19,3.07305274834e-19,1.19852122148e-18,2.6643415152e-19,1.0459814651e-18,1.29681209514e-18,9.85977266479e-19,2.98833037676e-18,3.89196543217e-18,2.89093296156e-18,3.24334250819e-18,3.86535172314e-18,3.01230393206e-18,7.36399690995e-18,9.44852431363e-18,6.15571516404e-18,6.67014788597e-18,6.32147802289e-18,1.27428885628e-17,1.66678001851e-17,1.91720067716e-17,1.3794384841e-17,1.72669039418e-17,2.10297386221e-17,2.23385898141e-17,2.42472445574e-17,1.55670841789e-17,1.79884999122e-17,1.06412095691e-17,1.00286492383e-17,7.06280307813e-18,3.02808095468e-18,1.20447133842e-18,3.34607172282e-19,3.65064789617e-20],"var":[3.51203966141,17.3945465088,42.0045280457,20.7151184082,45.7405014038,111.94758606,159.446472168,516.881286621,815.384765625,3554.58422852,3027.18139648,2393.38500977,3727.76342773,5088.30566406,8203.98144531,11145.3886719,10691.5976562,9635.17285156,9134.99609375,8355.8515625,3210.88891602,1047.64904785,610.706848145,650.574279785,424.018218994,330.649108887,548.10546875,298.368041992,73.1801071167,22.2824077606,7.02781391144,1.00781655312,0.0639662221074,0.00403998838738,0.00145681411959,0.00235001905821,0.0252141151577,0.0295687299222,0.00815257336944,0.000649041554425]},"erbbands_crest":{"dmean":2.4432785511,"dmean2":4.02823972702,"dvar":5.09411430359,"dvar2":12.9599094391,"max":29.439037323,"mean":8.29951763153,"median":7.43028020859,"min":2.43216323853,"var":11.7403850555},"erbbands_flatness_db":{"dmean":0.0225908234715,"dmean2":0.0343440622091,"dvar":0.000399098120397,"dvar2":0.000906732049771,"max":0.415418326855,"mean":0.152385666966,"median":0.145291849971,"min":0.0476926155388,"var":0.00194602680858},"erbbands_kurtosis":{"dmean":1.12775731087,"dmean2":1.76914083958,"dvar":1.72620439529,"dvar2":3.98042440414,"max":35.1442184448,"mean":1.38365828991,"median":0.807988166809,"min":-1.74421703815,"var":5.78852653503},"erbbands_skewness":{"dmean":0.356143862009,"dmean2":0.550247311592,"dvar":0.0987566411495,"dvar2":0.223027616739,"max":3.72080659866,"mean":-0.449389249086,"median":-0.425486296415,"min":-4.02202558517,"var":0.384981185198},"erbbands_spread":{"dmean":5.82787370682,"dmean2":8.93885326385,"dvar":34.8488769531,"dvar2":72.5070037842,"max":92.4834213257,"mean":24.7548313141,"median":22.4142665863,"min":1.46174371243,"var":139.701644897},"gfcc":{"cov":[[6271.68261719,-784.079528809,-203.749572754,625.148742676,-480.614807129,-256.631469727,341.860321045,51.3052902222,232.079025269,156.548461914,-37.710018158,299.735961914,-296.231567383],[-784.079528809,933.712463379,72.62134552,-317.088500977,222.652542114,88.8600387573,-116.463973999,99.0540618896,28.9053401947,6.10747051239,72.6285095215,-96.4499435425,152.133789062],[-203.749572754,72.62134552,436.809936523,139.242340088,-15.8877162933,214.001815796,-54.5461769104,128.410324097,-8.04383277893,50.0863304138,13.2471418381,17.6514873505,9.59252262115],[625.148742676,-317.088500977,139.242340088,394.992980957,-26.8847732544,-3.6651661396,131.603591919,21.4345817566,-4.10632276535,26.6284103394,-11.7885780334,62.8474884033,-63.8150062561],[-480.614807129,222.652542114,-15.8877162933,-26.8847732544,208.809295654,35.1000556946,8.20568943024,1.3739593029,-8.05387783051,-20.3655967712,30.5478610992,-33.2652816772,59.8031692505],[-256.631469727,88.8600387573,214.001815796,-3.6651661396,35.1000556946,250.254364014,-56.0613174438,94.2666854858,-15.3328838348,31.0861225128,14.5538301468,3.6860678196,26.5548439026],[341.860321045,-116.463973999,-54.5461769104,131.603591919,8.20568943024,-56.0613174438,205.169509888,-7.69594764709,31.0320682526,5.28900814056,0.129002451897,26.0927867889,-36.2012825012],[51.3052902222,99.0540618896,128.410324097,21.4345817566,1.3739593029,94.2666854858,-7.69594764709,173.854736328,41.4134216309,43.3983268738,19.9435787201,-4.2298874855,28.3767910004],[232.079025269,28.9053401947,-8.04383277893,-4.10632276535,-8.05387783051,-15.3328838348,31.0320682526,41.4134216309,121.661834717,46.048286438,9.66806793213,26.1886558533,-23.5915393829],[156.548461914,6.10747051239,50.0863304138,26.6284103394,-20.3655967712,31.0861225128,5.28900814056,43.3983268738,46.048286438,78.1190261841,33.3509521484,15.4857873917,-2.68827271461],[-37.710018158,72.6285095215,13.2471418381,-11.7885780334,30.5478610992,14.5538301468,0.129002451897,19.9435787201,9.66806793213,33.3509521484,64.4986114502,24.8660774231,23.6461963654],[299.735961914,-96.4499435425,17.6514873505,62.8474884033,-33.2652816772,3.6860678196,26.0927867889,-4.2298874855,26.1886558533,15.4857873917,24.8660774231,87.9655303955,-5.89420175552],[-296.231567383,152.133789062,9.59252262115,-63.8150062561,59.8031692505,26.5548439026,-36.2012825012,28.3767910004,-23.5915393829,-2.68827271461,23.6461963654,-5.89420175552,97.7605361938]],"icov":[[0.000356805336196,-0.000396924384404,0.000744110904634,-0.000767374411225,0.000740671588574,-0.000113249174319,0.0000400055178034,-0.000357902608812,0.0000876002523,-0.000539485889021,0.00059203337878,-0.00105315085966,0.000620919337962],[-0.000396924384404,0.00369806610979,-0.00277032307349,0.00342925498262,-0.00318892276846,0.00127914338373,-0.000338272569934,-0.000232818478253,-0.00146443629637,0.00121454894543,-0.00265520787798,0.00315535976551,-0.00238918932155],[0.000744110904634,-0.00277032307349,0.00891480315477,-0.00669075269252,0.00490996288136,-0.0057744779624,0.00241225305945,-0.00123203149997,-0.000582450826187,-0.0000383955484722,0.0000118243142424,-0.0010183181148,0.000933647330385],[-0.000767374411225,0.00342925498262,-0.00669075269252,0.0117550194263,-0.00806047115475,0.00570795824751,-0.00391366006806,-0.00268810708076,0.00622170232236,-0.00600386364385,0.00560509366915,-0.00511210504919,0.00305172638036],[0.000740671588574,-0.00318892276846,0.00490996288136,-0.00806047115475,0.0157100148499,-0.00688477186486,-0.00012708066788,0.00434038648382,-0.00785159971565,0.0101448558271,-0.0107687870041,0.00841700471938,-0.00608714856207],[-0.000113249174319,0.00127914338373,-0.0057744779624,0.00570795824751,-0.00688477186486,0.0118412226439,-0.000304562679958,-0.00485608261079,0.00694888597354,-0.00748761883005,0.00695384619758,-0.00684719113633,0.00362698058598],[0.0000400055178034,-0.000338272569934,0.00241225305945,-0.00391366006806,-0.00012708066788,-0.000304562679958,0.00812251213938,-0.00040978071047,-0.00221896357834,0.00140042882413,-0.00141054147389,0.000220413145144,0.00100095453672],[-0.000357902608812,-0.000232818478253,-0.00123203149997,-0.00268810708076,0.00434038648382,-0.00485608261079,-0.00040978071047,0.012981322594,-0.00847043842077,0.00419623404741,-0.00680757453665,0.00893721822649,-0.00735515635461],[0.0000876002523,-0.00146443629637,-0.000582450826187,0.00622170232236,-0.00785159971565,0.00694888597354,-0.00221896357834,-0.00847043842077,0.0242663230747,-0.0192998740822,0.0163558349013,-0.0169173013419,0.0115645145997],[-0.000539485889021,0.00121454894543,-0.0000383955484722,-0.00600386364385,0.0101448558271,-0.00748761883005,0.00140042882413,0.00419623404741,-0.0192998740822,0.0386778004467,-0.0282125230879,0.0177789889276,-0.00800957903266],[0.00059203337878,-0.00265520787798,0.0000118243142424,0.00560509366915,-0.0107687870041,0.00695384619758,-0.00141054147389,-0.00680757453665,0.0163558349013,-0.0282125230879,0.0450621023774,-0.025415269658,0.00647532101721],[-0.00105315085966,0.00315535976551,-0.0010183181148,-0.00511210504919,0.00841700471938,-0.00684719113633,0.000220413145144,0.00893721822649,-0.0169173013419,0.0177789889276,-0.025415269658,0.0343597978354,-0.0125148082152],[0.000620919337962,-0.00238918932155,0.000933647330385,0.00305172638036,-0.00608714856207,0.00362698058598,0.00100095453672,-0.00735515635461,0.0115645145997,-0.00800957903266,0.00647532101721,-0.0125148082152,0.0232228878886]],"mean":[28.6222839355,94.4395294189,-100.141059875,-5.58075428009,3.15990638733,0.515331923962,3.34690189362,-18.0536804199,6.01533126831,-0.746666014194,-0.186867326498,-0.13498622179,-7.12950706482]},"hfc":{"dmean":54.9424781799,"dmean2":86.4431991577,"dvar":6291.53271484,"dvar2":16384.4667969,"max":1801.64135742,"mean":179.490844727,"median":143.593582153,"min":1.17249251939e-16,"var":16085.8466797},"melbands":{"dmean":[0.00744858942926,0.00217389594764,0.000473806430819,0.000284497480607,0.000211351609323,0.000206364464248,0.000190269376617,0.000199711503228,0.000145852027345,0.0000985672595561,0.000103057362139,0.000118036667118,0.000138205272378,0.000160664276336,0.000133188106702,0.000100977638795,0.0000956628355198,0.0000834590537124,0.0000562084314879,0.0000439587638539,0.0000279033993138,0.0000159696828632,0.0000107954001578,0.0000096075982583,0.00000785684824223,0.00000618451849732,0.00000480633661937,0.00000401509259973,0.00000373426973965,0.00000319986725117,0.00000207391076401,0.00000129243596803,0.00000101028626887,7.65729851082e-7,5.25177540567e-7,3.3446872294e-7,1.58391117111e-7,8.78738717347e-8,4.78755488587e-8,3.19761390699e-8],"dmean2":[0.0125408321619,0.00353216985241,0.000788031786215,0.000485856900923,0.000354770250851,0.00033394707134,0.000311830226565,0.000317811820423,0.000239026849158,0.00016018259339,0.000168348531588,0.000192146442714,0.000224771370995,0.000265744136414,0.000220649177209,0.000166757134139,0.000156410795171,0.000136084476253,0.0000913110634428,0.0000715827700333,0.0000455257104477,0.0000260595807049,0.0000175683271664,0.0000154319513967,0.0000124288862935,0.00000978241405392,0.00000770725455368,0.00000637499078948,0.00000579368543185,0.00000496593384014,0.00000316292403113,0.00000196480459635,0.00000153652547397,0.00000112802581498,7.53633855766e-7,4.87840111418e-7,2.32589485449e-7,1.33957925641e-7,7.7805182741e-8,5.39858433513e-8],"dvar":[0.000162374664797,0.00000657779401081,4.27777308687e-7,3.74890731791e-7,1.67811592178e-7,1.25407339624e-7,1.23806714214e-7,1.67498583892e-7,1.17873554473e-7,4.04116917707e-8,5.82764769774e-8,5.42789280189e-8,6.67853115033e-8,5.85473500792e-8,3.70016195461e-8,2.68421320726e-8,2.15310382856e-8,1.58281991958e-8,1.08833493329e-8,5.67075986169e-9,2.63991806193e-9,9.99465621376e-10,3.93676286015e-10,3.4932839954e-10,2.63955440838e-10,1.85730264501e-10,1.19640949925e-10,9.20749795852e-11,1.35113073507e-10,1.15457976513e-10,5.64155284988e-11,1.68575535475e-11,5.36329270925e-12,2.4766907275e-12,1.19249326126e-12,4.75946213864e-13,7.72039496135e-14,1.71558815467e-14,4.34197177927e-15,2.43622959839e-15],"dvar2":[0.000437065231381,0.00001646066994,0.00000112120289941,0.00000101225839444,4.4038850433e-7,2.96463042559e-7,3.12857139306e-7,3.91022581425e-7,2.85719579551e-7,9.96313431756e-8,1.5058083136e-7,1.31355903932e-7,1.51552768557e-7,1.45526101392e-7,9.30798620402e-8,6.87301593416e-8,5.45261755747e-8,3.87692509207e-8,2.66980038077e-8,1.38574653974e-8,6.52424159142e-9,2.53339660361e-9,9.53917167479e-10,8.50053527568e-10,6.29233665173e-10,4.43723086052e-10,2.92261631563e-10,2.16561171773e-10,3.0089292169e-10,2.72181416294e-10,1.30316396563e-10,3.62955360211e-11,1.12568175267e-11,5.35756378497e-12,2.54331451732e-12,1.05616470431e-12,1.69263813577e-13,3.87448591006e-14,1.07501101797e-14,6.19789211747e-15],"max":[0.13873539865,0.0368319153786,0.0106620611623,0.0107192266732,0.00788495689631,0.00959159154445,0.00698250997812,0.00759502174333,0.0103365788236,0.0059255133383,0.00607851194218,0.00649534026161,0.00799559708685,0.00555299362168,0.00431707082316,0.00470364047214,0.003191689495,0.0030286796391,0.00476411590353,0.00262486911379,0.00166228727903,0.000834188365843,0.000423389312346,0.000768687692471,0.000360144622391,0.000379515433451,0.00047851409181,0.000224921415793,0.000307840120513,0.000323682877934,0.000309072958771,0.000177248351974,0.000111359171569,0.0000557027851755,0.0000383035585401,0.0000185945937119,0.00000693889387549,0.00000255966415352,8.87156261342e-7,6.58193584968e-7],"mean":[0.00996124651283,0.00375118711963,0.000749930273741,0.000365548214177,0.000277088372968,0.000303206645185,0.000285986432573,0.000301348540233,0.000217177948798,0.000152072374476,0.000149836661876,0.000172903557541,0.000200180307729,0.000247464660788,0.000214118830627,0.000165651174029,0.000162101830938,0.000145158701343,0.0000998376999632,0.000074679745012,0.0000456836896774,0.0000252149784501,0.0000159354622156,0.0000143689612742,0.0000121415514514,0.00000956075109571,0.00000699455904396,0.00000642269242235,0.0000059577510001,0.00000510254994879,0.00000325909672938,0.00000209171798815,0.00000171893339029,0.00000134547838115,9.21176479096e-7,5.66880942188e-7,2.69116327445e-7,1.42264653391e-7,6.27380600804e-8,3.10034771189e-8],"median":[0.00571772269905,0.00249443296343,0.000521496869624,0.000194810694666,0.000143776735058,0.00014942267444,0.000133726454806,0.000109987937321,0.0000820726054371,0.0000579752704652,0.0000528131640749,0.0000771899067331,0.00010752138769,0.000161641510203,0.00013939019118,0.0000951633046498,0.000108041967906,0.000100519871921,0.000063990279159,0.0000476294080727,0.0000285134010483,0.0000136873341035,0.00000779075890023,0.00000581823087487,0.0000045529518502,0.0000039844649109,0.00000280484732684,0.00000236883352045,0.00000179455184934,0.00000147749153712,9.74751401372e-7,6.89019429956e-7,6.22985623977e-7,4.67365254053e-7,2.98447645264e-7,1.76158735599e-7,9.83079004868e-8,6.37947152882e-8,3.33274350339e-8,1.2761893764e-8],"min":[1.51483587012e-23,2.63875392746e-23,1.71466964131e-23,6.6933940618e-24,1.08102642775e-23,2.39460952368e-23,3.47957000076e-24,1.44302507305e-23,9.80255284679e-24,6.34648577341e-24,1.5346523716e-23,1.63194558471e-23,1.15689228541e-23,4.40722624909e-24,1.51238693032e-23,4.33728860225e-24,5.82359484441e-24,9.81018744263e-24,1.54271453005e-23,1.2436306185e-23,5.54689162671e-24,6.86937946342e-24,4.8942421507e-24,8.26471899916e-24,1.04183842122e-23,7.45748236801e-24,1.9966217817e-23,1.0862069562e-23,7.01898851182e-24,1.2942698877e-23,8.4199952243e-24,1.00542231414e-23,1.57489879281e-23,1.0961415549e-23,1.33061144743e-23,1.37101327423e-23,7.84362504795e-24,1.34678262267e-23,1.07613312356e-23,8.05655359463e-24],"var":[0.000165382225532,0.0000146612819663,6.02860609433e-7,3.73330436787e-7,1.87627819059e-7,2.31387858207e-7,2.02287779416e-7,3.48341359313e-7,2.33250347037e-7,8.56880788547e-8,9.75822445071e-8,8.94914151672e-8,1.09522552805e-7,9.20746998645e-8,6.49142322118e-8,5.22889607169e-8,3.73844635249e-8,2.81251981704e-8,1.99289651448e-8,1.09541060667e-8,4.31800017964e-9,1.43286849053e-9,5.50421763723e-10,5.47372314141e-10,4.58737881015e-10,2.83533446721e-10,1.66040931004e-10,1.59327009919e-10,2.37954961291e-10,1.8246638922e-10,8.33386276655e-11,2.89538410608e-11,1.12739617988e-11,5.821842574e-12,2.83994117285e-12,1.10638256369e-12,2.01623846742e-13,3.96797598576e-14,6.29048594762e-15,2.4613769478e-15]},"melbands_crest":{"dmean":5.0783457756,"dmean2":8.26006698608,"dvar":21.7524471283,"dvar2":54.4679222107,"max":37.7829399109,"mean":19.4401321411,"median":18.8665218353,"min":2.33847641945,"var":60.9778213501},"melbands_flatness_db":{"dmean":0.0391550846398,"dmean2":0.0598480738699,"dvar":0.00124846200924,"dvar2":0.00295748980716,"max":0.61310172081,"mean":0.254404604435,"median":0.240107312799,"min":0.00752472877502,"var":0.00691024027765},"melbands_kurtosis":{"dmean":12.4397544861,"dmean2":19.2149333954,"dvar":667.799255371,"dvar2":1472.86157227,"max":423.928497314,"mean":18.5958747864,"median":4.00702285767,"min":-1.82742643356,"var":1562.2644043},"melbands_skewness":{"dmean":1.1148815155,"dmean2":1.72551584244,"dvar":1.58870720863,"dvar2":3.67748522758,"max":16.5197544098,"mean":2.94363617897,"median":2.10751080513,"min":-3.0038433075,"var":6.71257543564},"melbands_spread":{"dmean":7.83164405823,"dmean2":12.3735790253,"dvar":66.0601119995,"dvar2":159.718231201,"max":155.772521973,"mean":23.6668987274,"median":23.5796108246,"min":0.30396270752,"var":220.899734497},"mfcc":{"cov":[[5557.33886719,-791.578308105,-290.613098145,733.812866211,-699.727172852,29.8241252899,-282.333648682,204.419296265,-120.78717041,199.634674072,0.127806887031,153.745834351,10.004732132],[-791.578308105,1145.13574219,-75.8215713501,-296.820831299,282.474334717,-107.077377319,62.3672676086,-79.6781311035,124.129707336,-38.4761428833,69.9222488403,-10.3400821686,89.8002471924],[-290.613098145,-75.8215713501,466.772369385,-28.5492668152,109.302612305,36.9040107727,46.4096946716,45.2159919739,29.7806415558,29.2618675232,23.1735630035,29.1739940643,20.30818367],[733.812866211,-296.820831299,-28.5492668152,421.953796387,-142.245651245,53.2012786865,21.3725662231,67.6862487793,-13.0917453766,37.7218055725,7.36609697342,24.0004959106,-3.97696375847],[-699.727172852,282.474334717,109.302612305,-142.245651245,288.656677246,-5.17797088623,67.2305679321,-21.6770381927,53.1046676636,-34.7353096008,21.6795749664,-9.71718883514,38.6320228577],[29.8241252899,-107.077377319,36.9040107727,53.2012786865,-5.17797088623,136.74432373,24.5870018005,30.4155311584,-23.4097976685,10.7825994492,-17.2733402252,14.434926033,-2.66649317741],[-282.333648682,62.3672676086,46.4096946716,21.3725662231,67.2305679321,24.5870018005,160.920898438,15.7749319077,35.9204292297,-17.007314682,18.7192058563,-20.2508430481,14.6717834473],[204.419296265,-79.6781311035,45.2159919739,67.6862487793,-21.6770381927,30.4155311584,15.7749319077,104.501945496,17.7512550354,33.3636054993,1.15442407131,21.8483409882,2.62421250343],[-120.78717041,124.129707336,29.7806415558,-13.0917453766,53.1046676636,-23.4097976685,35.9204292297,17.7512550354,98.3943252563,21.3755016327,32.3828239441,0.570325672626,24.181552887],[199.634674072,-38.4761428833,29.2618675232,37.7218055725,-34.7353096008,10.7825994492,-17.007314682,33.3636054993,21.3755016327,85.3114089966,31.2391872406,25.373916626,4.2454533577],[0.127806887031,69.9222488403,23.1735630035,7.36609697342,21.6795749664,-17.2733402252,18.7192058563,1.15442407131,32.3828239441,31.2391872406,70.6874008179,24.785987854,23.5991268158],[153.745834351,-10.3400821686,29.1739940643,24.0004959106,-9.71718883514,14.434926033,-20.2508430481,21.8483409882,0.570325672626,25.373916626,24.785987854,69.6688079834,30.9221630096],[10.004732132,89.8002471924,20.30818367,-3.97696375847,38.6320228577,-2.66649317741,14.6717834473,2.62421250343,24.181552887,4.2454533577,23.5991268158,30.9221630096,67.3068466187]],"icov":[[0.000348375266185,-0.00000837663537823,0.0000931307877181,-0.00038039352512,0.000494054402225,0.000136224596645,0.000402182224207,-0.000400504563004,0.000221727852477,-0.000267109426204,0.00000250563334703,-0.0000955229988904,-0.000461218762212],[-0.00000837663537823,0.00170045159757,0.000651129987091,0.000735332432669,-0.0010650716722,0.000465624703793,-0.000178412199602,0.000401939381845,-0.00109588354826,0.000116271126899,-0.00066582596628,0.0000437641028839,-0.00116777955554],[0.0000931307877181,0.000651129987091,0.00293803913519,0.000326813402353,-0.00140280229971,-0.0000945546853472,-0.000459445669549,-0.000791699043475,-0.000192859806702,-0.00100025872234,-0.000158097711392,-0.00101947388612,-0.000161127070896],[-0.00038039352512,0.000735332432669,0.000326813402353,0.00411850074306,0.000770172919147,-0.000807054457255,-0.00140151300002,-0.000889754854143,-0.000503565650433,0.000325980683556,-0.00109547318425,-0.0000273692658084,-0.000356595381163],[0.000494054402225,-0.0010650716722,-0.00140280229971,0.000770172919147,0.00758731877431,-0.00109392905142,-0.000419040850829,-0.000359074881999,-0.00129213184118,0.002359400969,-0.00106610415969,0.000845776172355,-0.00217590038665],[0.000136224596645,0.000465624703793,-0.0000945546853472,-0.000807054457255,-0.00109392905142,0.0102787604555,-0.00266915233806,-0.001130683464,0.00295883161016,-0.00292233400978,0.00423162197694,-0.00311305653304,0.0000681827150402],[0.000402182224207,-0.000178412199602,-0.000459445669549,-0.00140151300002,-0.000419040850829,-0.00266915233806,0.0103634716943,-0.00258479849435,-0.00178725644946,0.00367429014295,-0.00471891509369,0.00541618885472,-0.00221285573207],[-0.000400504563004,0.000401939381845,-0.000791699043475,-0.000889754854143,-0.000359074881999,-0.001130683464,-0.00258479849435,0.0150981098413,-0.00390378222801,-0.00410360237584,0.0048422627151,-0.00481347832829,0.00202064262703],[0.000221727852477,-0.00109588354826,-0.000192859806702,-0.000503565650433,-0.00129213184118,0.00295883161016,-0.00178725644946,-0.00390378222801,0.0175536442548,-0.00464056665078,-0.00322948768735,0.00390300084837,-0.00381638715044],[-0.000267109426204,0.000116271126899,-0.00100025872234,0.000325980683556,0.002359400969,-0.00292233400978,0.00367429014295,-0.00410360237584,-0.00464056665078,0.0212202314287,-0.00983879156411,-0.0010286004981,0.00234568398446],[0.00000250563334703,-0.00066582596628,-0.000158097711392,-0.00109547318425,-0.00106610415969,0.00423162197694,-0.00471891509369,0.0048422627151,-0.00322948768735,-0.00983879156411,0.026838760823,-0.00908706430346,-0.000964211765677],[-0.0000955229988904,0.0000437641028839,-0.00101947388612,-0.0000273692658084,0.000845776172355,-0.00311305653304,0.00541618885472,-0.00481347832829,0.00390300084837,-0.0010286004981,-0.00908706430346,0.0278911702335,-0.0123049933463],[-0.000461218762212,-0.00116777955554,-0.000161127070896,-0.000356595381163,-0.00217590038665,0.0000681827150402,-0.00221285573207,0.00202064262703,-0.00381638715044,0.00234568398446,-0.000964211765677,-0.0123049933463,0.0253810696304]],"mean":[-635.386962891,160.649139404,-30.797618866,19.2792663574,9.91203594208,32.3180427551,4.00328683853,9.20337200165,1.64608991146,10.2833690643,2.83556461334,8.56919193268,6.29600286484]},"pitch_salience":{"dmean":0.0973386615515,"dmean2":0.156614497304,"dvar":0.0077440328896,"dvar2":0.0194919854403,"max":0.953599214554,"mean":0.481311112642,"median":0.500744223595,"min":0.0720408111811,"var":0.0240044035017},"silence_rate_20dB":{"dmean":0.000120423894259,"dmean2":0.000240862282226,"dvar":0.000120396638522,"dvar2":0.000361184414942,"max":1,"mean":0.999939799309,"median":1,"min":0,"var":0.0000602015097684},"silence_rate_30dB":{"dmean":0.131262049079,"dmean2":0.262539893389,"dvar":0.114024475217,"dvar2":0.231900513172,"max":1,"mean":0.844481885433,"median":1,"min":0,"var":0.131318628788},"silence_rate_60dB":{"dmean":0.0012042389717,"dmean2":0.00240862276405,"dvar":0.00120277958922,"dvar2":0.00240278732963,"max":1,"mean":0.0219158288091,"median":0,"min":0,"var":0.0214357916266},"spectral_centroid":{"dmean":226.002304077,"dmean2":331.412445068,"dvar":66540.2734375,"dvar2":125268.703125,"max":10876.3037109,"mean":1323.31921387,"median":1258.93347168,"min":152.449447632,"var":303132.78125},"spectral_complexity":{"dmean":4.64017343521,"dmean2":6.70175218582,"dvar":19.9025478363,"dvar2":37.252986908,"max":63,"mean":27.2155456543,"median":27,"min":0,"var":115.358055115},"spectral_contrast_coeffs":{"dmean":[0.0520712025464,0.0489958636463,0.0397042706609,0.0290728323162,0.0245667863637,0.0378652513027],"dmean2":[0.0862212702632,0.0819066911936,0.0663320198655,0.0484872423112,0.039951261133,0.0583779886365],"dvar":[0.00167213741224,0.00151031056885,0.000966774357948,0.000532029545866,0.00049098697491,0.0012672963785],"dvar2":[0.00455004582182,0.00412899628282,0.00264103664085,0.00145094410982,0.00120729184709,0.00279721012339],"max":[-0.421497642994,-0.46909686923,-0.557400465012,-0.637359619141,-0.63442581892,-0.409469842911],"mean":[-0.729121685028,-0.781475484371,-0.800155460835,-0.799002945423,-0.807874560356,-0.737202227116],"median":[-0.734086751938,-0.788878619671,-0.804981052876,-0.802726447582,-0.807734370232,-0.730686068535],"min":[-0.967741906643,-0.972695529461,-0.961460292339,-0.950821042061,-0.964673519135,-0.957360744476],"var":[0.00415675761178,0.00396983558312,0.00231343554333,0.00145250547212,0.00140780583024,0.00697709666565]},"spectral_contrast_valleys":{"dmean":[0.400095969439,0.387368768454,0.337126106024,0.289581477642,0.370688855648,0.539819657803],"dmean2":[0.65997081995,0.630135118961,0.531294703484,0.436753422022,0.550929486752,0.847935855389],"dvar":[0.112764291465,0.107891045511,0.0892347544432,0.0800729617476,0.166618749499,0.22033905983],"dvar2":[0.285316586494,0.262343913317,0.197334811091,0.156028389931,0.36170476675,0.572060167789],"max":[-4.94825363159,-4.42352485657,-4.59670448303,-5.04987239838,-5.36898088455,-8.89584255219],"mean":[-6.51397037506,-6.36495447159,-6.50796318054,-6.55540466309,-7.42532539368,-10.7882194519],"median":[-6.39507007599,-6.26572704315,-6.413418293,-6.39546918869,-7.26315736771,-10.672252655],"min":[-27.3480072021,-27.2512969971,-27.0902862549,-27.483707428,-27.3490600586,-27.2673892975],"var":[0.839985787868,0.671845316887,0.558287203312,0.526927232742,0.952901184559,0.722006797791]},"spectral_decrease":{"dmean":8.19840995092e-9,"dmean2":1.36128051054e-8,"dvar":1.72759662017e-16,"dvar2":4.54116756457e-16,"max":1.42066092224e-8,"mean":-1.39955993461e-8,"median":-1.05365520753e-8,"min":-1.4437752327e-7,"var":1.7136429435e-16},"spectral_energy":{"dmean":0.0312936753035,"dmean2":0.0519408807158,"dvar":0.00243625952862,"dvar2":0.00640384061262,"max":0.559672236443,"mean":0.0691027566791,"median":0.0559657923877,"min":1.08673866044e-20,"var":0.00262700719759},"spectral_energyband_high":{"dmean":0.000464905955596,"dmean2":0.000643585110083,"dvar":7.66978473621e-7,"dvar2":0.0000015750295006,"max":0.0189818125218,"mean":0.00117740710266,"median":0.000606309971772,"min":8.02481435671e-21,"var":0.0000024570538244},"spectral_energyband_low":{"dmean":0.0265956111252,"dmean2":0.0447231270373,"dvar":0.00187245779671,"dvar2":0.00501794414595,"max":0.475252211094,"mean":0.0398154780269,"median":0.0254852287471,"min":1.39756958241e-22,"var":0.00198154244572},"spectral_energyband_middle_high":{"dmean":0.00423898454756,"dmean2":0.00658388296142,"dvar":0.0000261292170762,"dvar2":0.0000614928649156,"max":0.0950876101851,"mean":0.0114698391408,"median":0.00966829806566,"min":1.5378028738e-21,"var":0.0000817194304545},"spectral_energyband_middle_low":{"dmean":0.00373086635955,"dmean2":0.00598516874015,"dvar":0.0000284718225885,"dvar2":0.0000722472541383,"max":0.0788585022092,"mean":0.00849762372673,"median":0.0063294749707,"min":3.44667364904e-22,"var":0.0000608534755884},"spectral_entropy":{"dmean":0.153795585036,"dmean2":0.22772346437,"dvar":0.0236737858504,"dvar2":0.0534882433712,"max":9.78318023682,"mean":7.61145114899,"median":7.66468811035,"min":6.02475786209,"var":0.0990777313709},"spectral_flux":{"dmean":0.0448588803411,"dmean2":0.073530331254,"dvar":0.00332158291712,"dvar2":0.00774544663727,"max":0.570479333401,"mean":0.145400419831,"median":0.130814418197,"min":1.0424675706e-10,"var":0.00520962290466},"spectral_kurtosis":{"dmean":5.87248373032,"dmean2":8.99186325073,"dvar":55.8415222168,"dvar2":137.876373291,"max":108.365638733,"mean":20.924489975,"median":17.1759910583,"min":-1.19080412388,"var":149.214309692},"spectral_rms":{"dmean":0.00164186977781,"dmean2":0.00264434842393,"dvar":0.00000414291480411,"dvar2":0.0000104089085653,"max":0.0233671069145,"mean":0.00775554589927,"median":0.00738923344761,"min":3.25612171774e-12,"var":0.00000726939242668},"spectral_rolloff":{"dmean":4626.34179688,"dmean2":8782.62988281,"dvar":56550336,"dvar2":131665744,"max":22028.4667969,"mean":7694.59912109,"median":2045.65429688,"min":43.06640625,"var":80176688},"spectral_skewness":{"dmean":0.434540629387,"dmean2":0.65228253603,"dvar":0.232676371932,"dvar2":0.55169069767,"max":9.15171051025,"mean":3.06737875938,"median":2.83698749542,"min":0.00929875392467,"var":0.904347121716},"spectral_spread":{"dmean":492524.1875,"dmean2":740274.375,"dvar":269350322176,"dvar2":546935504896,"max":40465400,"mean":3637397.5,"median":3585769.75,"min":1459012.125,"var":883356336128},"spectral_strongpeak":{"dmean":2.98337101936,"dmean2":5.69266891479,"dvar":201.347167969,"dvar2":564.287841797,"max":262.944488525,"mean":2.25651359558,"median":0.284158796072,"min":0,"var":145.012176514},"zerocrossingrate":{"dmean":0.0404041558504,"dmean2":0.0510337278247,"dvar":0.00138508912642,"dvar2":0.00220902031288,"max":0.75830078125,"mean":0.218685910106,"median":0.2080078125,"min":0.013671875,"var":0.00745439715683}},"metadata":{"audio_properties":{"analysis_sample_rate":44100,"bit_rate":274353,"codec":"mp3","downmix":"mix","equal_loudness":0,"length":385.620666504,"lossless":false,"md5_encoded":"86785ac4d025e39d3597d98a1289593a","replay_gain":-10.4719562531,"sample_rate":44100},"tags":{"album":["The World Needs a Hero"],"albumartist":["Megadeth"],"albumartistsort":["Megadeth"],"artist":["Megadeth"],"artistsort":["Megadeth"],"asin":["B00005EBQE"],"barcode":["060768450325"],"catalognumber":["0607684503-2"],"date":["2001"],"discnumber":["1/1"],"encoding":["LAME v3.97"],"file_name":"04. Megadeth - 1000 Times Goodbye.mp3","genre":["Thrash Metal"],"isrc":["GBAJE0100018"],"label":["Sanctuary Records"],"musicbrainz album release country":["US"],"musicbrainz album status":["official"],"musicbrainz album type":["album"],"musicbrainz_albumartistid":["a9044915-8be3-4c7e-b11f-9e2d2ea0a91e"],"musicbrainz_albumid":["771f1527-4c83-4f68-b85e-676cb1235536"],"musicbrainz_artistid":["a9044915-8be3-4c7e-b11f-9e2d2ea0a91e"],"musicbrainz_recordingid":["5e90848d-dd22-4088-bd88-04d7e0053e79"],"musicip_puid":["1d1e0f07-464e-666b-07a7-9ceb7cf194c6"],"replaygain_track_gain":["-10.90 dB"],"title":["1000 Times Goodbye"],"tracknumber":["4/12"]},"version":{"essentia":"2.1-beta1","essentia_build_sha":"ca57ba49d9b1854bd80e60cf9ccf267278fb7d6b","essentia_git_sha":"v2.1_beta1-28-g21ef5f4-dirty","extractor":"music 1.0"}},"rhythm":{"beats_count":1001,"beats_loudness":{"dmean":0.0312007293105,"dmean2":0.0555679276586,"dvar":0.000842631212436,"dvar2":0.00257220584899,"max":0.209188506007,"mean":0.0736330151558,"median":0.0666531398892,"min":0.0000119980486488,"var":0.00116066646297},"beats_loudness_band_ratio":{"dmean":[0.228909865022,0.0483214296401,0.0585988909006,0.090316131711,0.0616709664464,0.0651312321424],"dmean2":[0.420514941216,0.0877015218139,0.104873046279,0.160763457417,0.11379224062,0.117094166577],"dvar":[0.0287232324481,0.00285976426676,0.0