{"lowlevel":{"average_loudness":0.859752714634,"barkbands":{"dmean":[0.000330197450239,0.00689344946295,0.00409194920212,0.00193981523626,0.00220376066864,0.000446035410278,0.000312399148243,0.000193437255803,0.00013489984849,0.0000696527422406,0.0000473739928566,0.0000918466685107,0.000212291968637,0.000168051745277,0.0000975118164206,0.0000895967023098,0.000401691970183,0.000440081756096,0.000288118026219,0.000245918316068,0.000261759967543,0.00010405730427,0.0000660459554638,0.0000235849784076,0.0000146948095789,0.00000728494387658,4.70753889203e-7],"dmean2":[0.000529876677319,0.0111506404355,0.00654753670096,0.00326317665167,0.00396892474964,0.00073746801354,0.000502491020598,0.000318540551234,0.000213858933421,0.000112565947347,0.0000789527985035,0.000152617445565,0.000338238605764,0.000270876422292,0.000160468393005,0.000149216080899,0.000676621799357,0.000726832950022,0.000477387337014,0.000409718835726,0.000420886935899,0.000164819983183,0.000104204838863,0.0000356591663149,0.0000209493919101,0.0000109974553197,7.53656252073e-7],"dvar":[7.34656737222e-7,0.000149287880049,0.0000413279885834,0.00000862989327288,0.0000410999418818,7.12336770903e-7,2.84305059495e-7,9.40230648894e-8,3.96058545959e-8,1.67910414461e-8,8.67136762395e-9,2.48943639036e-8,1.88052453609e-7,1.63367275263e-7,3.55185285628e-8,3.89497074593e-8,2.00453257548e-7,2.40005590513e-7,1.17770127872e-7,1.00921333512e-7,2.35508082369e-7,4.39891678639e-8,1.69833267449e-8,1.57429314029e-9,8.86630768804e-10,5.67943969632e-10,1.51735286662e-12],"dvar2":[0.00000170245732534,0.000394563772716,0.000108853571874,0.000024330260203,0.000123893405544,0.00000185440615041,7.54465531827e-7,2.50621980058e-7,9.59012496082e-8,4.02382376308e-8,2.24822880313e-8,6.50855227491e-8,4.16454355445e-7,3.4800478943e-7,9.28792047716e-8,1.05767426817e-7,5.38184565357e-7,6.5116563519e-7,3.14069040996e-7,2.68751279009e-7,5.78432718612e-7,1.09229418399e-7,4.15689029865e-8,3.58666008005e-9,1.78312165033e-9,1.22466803365e-9,3.44946402171e-12],"max":[0.0121051631868,0.145168557763,0.071946978569,0.0371057018638,0.068776704371,0.0189815890044,0.00771310785785,0.00453139096498,0.00429315818474,0.00227258563973,0.00177068402991,0.00247916253284,0.0134833538905,0.0110408272594,0.00498653296381,0.00360070355237,0.00547227123752,0.00719027407467,0.00549820810556,0.00592446234077,0.00985329505056,0.00383894215338,0.00269261561334,0.000798482622486,0.000765345641412,0.000481845578179,0.0000239159890043],"mean":[0.000345092819771,0.0148191917688,0.00891244690865,0.00314184604213,0.00264258985408,0.000802871596534,0.00063434895128,0.000339061283739,0.000302889908198,0.000119266391266,0.0000719884046703,0.000155019632075,0.000417639967054,0.000315608282108,0.000178738177055,0.000156130205141,0.000932420312893,0.00116842042189,0.000800936482847,0.000727377075236,0.000625682761893,0.000239619301283,0.000169927952811,0.0000725662030163,0.0000431956432294,0.0000137795777846,6.40150574327e-7],"median":[0.0000838942505652,0.0107460413128,0.00634398451075,0.00209766253829,0.00131633272395,0.000511769088916,0.000450022489531,0.000228781253099,0.000208884652238,0.0000768973332015,0.0000421605800511,0.000104280290543,0.00018901086878,0.000195902626729,0.000130754517158,0.000108377433207,0.000870956399012,0.00109662674367,0.000758090638556,0.000662053236738,0.000282354158117,0.0000958188757068,0.0000785534357419,0.0000410112043028,0.0000184121890925,0.00000322658866025,8.50381667306e-8],"min":[6.41631929061e-24,7.97025931134e-23,1.15954577684e-23,3.72744114123e-24,3.27702444132e-23,5.91196848615e-23,7.23943837391e-23,8.414252948e-23,7.56489524659e-23,6.76065597134e-23,6.38697697815e-23,1.89357830901e-22,1.1364667202e-22,5.18548628369e-23,1.17446053331e-22,5.94211433233e-23,1.44245753496e-22,1.0125658914e-22,3.1159165146e-22,4.19859768854e-22,4.05018909712e-22,6.33334339806e-22,5.09430368182e-22,8.42166849294e-22,1.15706129097e-21,1.5521052628e-21,2.46207522439e-21],"var":[7.60302157232e-7,0.000239111934206,0.0000856963233673,0.0000122015671877,0.0000313958989864,0.00000114101794679,4.92256674534e-7,1.50082826167e-7,1.20816451954e-7,2.52368650422e-8,1.13164873028e-8,3.68044617005e-8,6.37169648599e-7,4.00566676717e-7,4.65342573364e-8,4.34801812332e-8,4.00392707434e-7,6.07030870015e-7,2.6808839948e-7,2.55875562516e-7,7.00936368503e-7,1.38556089269e-7,5.83488066752e-8,7.80897657648e-9,3.82229403684e-9,9.50263645549e-10,2.41205861708e-12]},"barkbands_crest":{"dmean":2.31992530823,"dmean2":3.82854819298,"dvar":5.48107528687,"dvar2":15.1279830933,"max":24.277797699,"mean":11.4641771317,"median":11.3930435181,"min":2.67941975594,"var":13.0654430389},"barkbands_flatness_db":{"dmean":0.0189289543778,"dmean2":0.0290316659957,"dvar":0.000408813648392,"dvar2":0.000928300549276,"max":0.378311514854,"mean":0.148113161325,"median":0.142452180386,"min":0.0410991087556,"var":0.00252299010754},"barkbands_kurtosis":{"dmean":2.81136417389,"dmean2":4.34544897079,"dvar":34.7045440674,"dvar2":67.0628585815,"max":198.624099731,"mean":4.47949647903,"median":1.53068947792,"min":-1.89932537079,"var":153.680587769},"barkbands_skewness":{"dmean":0.528612196445,"dmean2":0.823352694511,"dvar":0.381470948458,"dvar2":0.870601713657,"max":12.0735187531,"mean":1.82063233852,"median":1.71812653542,"min":-6.11354017258,"var":2.10890746117},"barkbands_spread":{"dmean":6.68639421463,"dmean2":10.4864463806,"dvar":45.7124519348,"dvar2":108.320838928,"max":97.0643005371,"mean":34.011341095,"median":33.0222358704,"min":0.74482446909,"var":237.087814331},"dissonance":{"dmean":0.00453590089455,"dmean2":0.00775248091668,"dvar":0.000022044428988,"dvar2":0.0000630603899481,"max":0.500000059605,"mean":0.490349084139,"median":0.491270512342,"min":0.418971031904,"var":0.0000343091778632},"dynamic_complexity":4.65015172958,"erbbands":{"dmean":[0.191232860088,1.66477227211,4.05920982361,6.20551395416,8.60377311707,5.98430395126,4.23529815674,3.2932305336,4.00505876541,4.37425041199,3.95665454865,2.90697002411,2.36545872688,2.01233959198,2.21267056465,3.96397447586,9.54402828217,7.5269112587,5.77300882339,5.07549667358,5.78818893433,21.8814411163,24.3922653198,14.8167610168,14.9547109604,11.1861810684,15.2845468521,5.12008285522,4.31403923035,2.83851027489,1.75680410862,0.610441029072,0.3821862638,0.214654952288,0.0879709422588,0.0407196171582,0.0117525327951,0.00196444010362,0.0000484154552396,0.0000135696964207],"dmean2":[0.311838567257,2.72983145714,6.38636493683,10.2764968872,15.5914239883,10.3880558014,6.84497690201,5.46615695953,6.58807706833,7.02134227753,6.58638334274,4.62416028976,3.75738692284,3.24939703941,3.6733109951,6.52692079544,15.2807798386,12.0648040771,9.31534481049,8.40535640717,9.5332736969,36.5873756409,40.3085250854,24.3941650391,25.0913658142,18.7157154083,24.5679721832,8.25120830536,6.82375669479,4.49140501022,2.78300833702,0.941883683205,0.586549699306,0.316020548344,0.127812683582,0.0612741559744,0.0179238822311,0.00304772751406,0.000074838688306,0.0000217694741877],"dvar":[0.1708650738,8.0172958374,40.0924568176,87.9906234741,533.134643555,240.155822754,84.3842086792,34.8337516785,48.0995941162,43.1065063477,46.7907714844,18.5062408447,15.9510364532,16.9027900696,20.526599884,43.6096801758,429.480407715,225.013168335,162.863723755,87.5001525879,114.773857117,594.397155762,754.16217041,344.637390137,294.207214355,209.244537354,793.451782227,83.8573608398,82.3196792603,35.7560424805,11.2575111389,1.19667387009,0.420228898525,0.158976435661,0.0444208234549,0.016193177551,0.00150158815086,0.0000334877222485,1.66864779771e-8,4.23437368502e-10],"dvar2":[0.421029478312,22.0493755341,105.808830261,242.861358643,1639.30664062,707.503112793,202.845901489,96.4261245728,130.622909546,111.820671082,126.810997009,44.7450904846,37.9776878357,39.6258163452,55.0429992676,111.235603333,964.092956543,471.349273682,369.943878174,230.553207397,303.257202148,1587.51123047,2029.61450195,903.748840332,807.976074219,554.079162598,1968.77893066,212.011978149,208.738922119,84.6407852173,28.4521656036,2.78088378906,0.96374219656,0.342117547989,0.0898364260793,0.0348017811775,0.00336019857787,0.0000722022014088,3.5276876531e-8,1.09245479329e-9],"max":[4.12983560562,39.8413963318,81.2851104736,121.834632874,273.017242432,193.063705444,181.841567993,90.6194229126,95.4054107666,104.991729736,104.180145264,81.4250183105,87.8379364014,59.1886062622,90.2769470215,111.214988708,722.123168945,351.726409912,350.826171875,138.651184082,186.901184082,329.757385254,368.293609619,275.411407471,287.112823486,212.607208252,568.563659668,128.941497803,186.7215271,134.44493103,62.9101791382,24.5013103485,13.6659049988,7.57093763351,6.23890781403,2.56356573105,0.90559309721,0.131684824824,0.00294326618314,0.000230222722166],"mean":[0.282658517361,3.79997491837,9.6821937561,12.349480629,9.9266462326,8.05936813354,7.24762582779,5.95526885986,7.79610538483,9.77530860901,7.40618848801,6.38338565826,4.65781974792,3.32676625252,3.75527310371,7.15665531158,18.8824367523,16.8173503876,11.6702060699,9.43802452087,12.9876117706,55.0659294128,67.4074859619,43.2134437561,42.061882019,34.6252708435,36.5235671997,12.8469400406,9.49090480804,7.26826334,4.45972585678,1.83849036694,1.12303876877,0.627960801125,0.236320778728,0.0837859585881,0.0207889638841,0.00326084159315,0.0000989507971099,0.0000485662640131],"median":[0.155097812414,2.81846237183,7.182305336,10.2022171021,4.97829723358,4.26001691818,3.66625070572,3.82230830193,5.25815105438,6.9750957489,5.55973052979,4.59582614899,3.07249879837,2.01941537857,2.45420765877,4.72166633606,8.36911964417,10.1421508789,8.31534194946,6.83220672607,10.7548694611,52.2131118774,64.3642730713,40.5914077759,39.9070625305,31.652923584,20.0775680542,6.2928647995,3.62487030029,3.04430866241,2.12954497337,1.02485632896,0.591965198517,0.289593696594,0.0869800150394,0.0223557315767,0.00461485143751,0.000655178213492,0.0000427449631388,0.0000458680297015],"min":[2.21167194138e-21,1.75417688344e-20,2.21068752375e-20,1.02798161431e-20,9.64298594534e-20,5.99371646811e-20,2.29016662361e-19,5.7701544932e-19,1.25499046375e-18,9.11245634038e-19,2.12961805284e-18,2.03797719432e-18,1.24068561583e-18,3.09467850657e-18,2.68208764127e-18,9.23390403189e-18,5.97850371192e-18,2.80448307497e-18,4.40347820654e-18,5.01224136476e-18,4.34043835847e-18,6.56856183494e-18,6.65096639475e-18,9.42691918321e-18,2.05239375299e-17,2.06181153513e-17,1.57870695541e-17,1.72610690097e-17,2.05061415662e-17,1.95742746296e-17,1.42119704296e-17,1.40233699413e-17,1.6284428441e-17,1.22380221846e-17,9.388016879e-18,4.97918102363e-18,3.35883119056e-18,1.14053565374e-18,2.57889013901e-19,4.28158475515e-20],"var":[0.181723073125,14.1917552948,88.3486404419,133.137893677,400.082244873,199.25793457,157.244049072,50.0649681091,78.9890823364,100.659141541,64.6709594727,47.2451782227,37.465587616,24.8804550171,25.4431877136,76.1009750366,1384.05065918,698.435974121,318.741973877,116.262184143,153.612197876,1282.38635254,1892.71435547,812.036682129,704.487731934,542.590820312,2067.3059082,256.632415771,229.461761475,123.205307007,38.7772750854,5.26668262482,2.02972817421,0.738255739212,0.142167448997,0.029538821429,0.00233411206864,0.0000566452290514,3.08631662449e-8,9.75202363307e-10]},"erbbands_crest":{"dmean":1.62832534313,"dmean2":2.73095297813,"dvar":2.249168396,"dvar2":5.8902926445,"max":28.3614253998,"mean":7.09445953369,"median":6.62825965881,"min":2.80353546143,"var":5.53688192368},"erbbands_flatness_db":{"dmean":0.011745759286,"dmean2":0.0177972819656,"dvar":0.000199232948944,"dvar2":0.000394710834371,"max":0.421634465456,"mean":0.150628253818,"median":0.136069908738,"min":0.0596108213067,"var":0.00271947355941},"erbbands_kurtosis":{"dmean":0.82223457098,"dmean2":1.33220279217,"dvar":1.72616887093,"dvar2":4.47500753403,"max":67.5617675781,"mean":0.581186950207,"median":0.212603092194,"min":-1.8592787981,"var":5.7919588089},"erbbands_skewness":{"dmean":0.253204226494,"dmean2":0.403740674257,"dvar":0.0630845725536,"dvar2":0.150201529264,"max":3.32521677017,"mean":-1.03589713573,"median":-1.08357572556,"min":-6.38485431671,"var":0.27667555213},"erbbands_spread":{"dmean":8.64251613617,"dmean2":13.9708366394,"dvar":75.8086547852,"dvar2":190.927032471,"max":135.126281738,"mean":51.7596817017,"median":50.7618026733,"min":1.84993028641,"var":380.405883789},"gfcc":{"cov":[[23539.9882812,2042.40380859,-1232.87219238,223.547576904,-715.412109375,186.101745605,-133.188278198,1.51885461807,72.0217895508,-230.388809204,34.9211959839,-253.423934937,-87.5819091797],[2042.40380859,1613.49975586,-780.994140625,2.83600783348,382.342071533,-428.425628662,264.860229492,-151.911132812,156.651412964,-169.349090576,270.795349121,-262.563171387,160.193695068],[-1232.87219238,-780.994140625,997.873962402,68.53565979,-229.459487915,336.368560791,-233.461517334,121.74130249,-84.9227142334,71.0333175659,-180.180618286,171.434265137,-109.863273621],[223.547576904,2.83600783348,68.53565979,149.156784058,-3.9253821373,55.6203536987,13.9800281525,-20.160243988,23.6835098267,-13.110707283,13.8125,-12.3737878799,15.4584722519],[-715.412109375,382.342071533,-229.459487915,-3.9253821373,310.480255127,-132.302978516,143.342956543,-50.5264396667,48.9693222046,-12.4603347778,108.994728088,-75.6367111206,41.5055809021],[186.101745605,-428.425628662,336.368560791,55.6203536987,-132.302978516,247.157455444,-89.4742355347,47.1318664551,-52.0200805664,30.8357772827,-85.9176483154,73.1024932861,-59.9376792908],[-133.188278198,264.860229492,-233.461517334,13.9800281525,143.342956543,-89.4742355347,154.053833008,-17.4272003174,53.8902320862,-20.9526462555,68.8949279785,-58.363193512,43.9506721497],[1.51885461807,-151.911132812,121.74130249,-20.160243988,-50.5264396667,47.1318664551,-17.4272003174,112.474464417,19.4254245758,24.4590244293,-28.6618366241,28.1062297821,-24.4000663757],[72.0217895508,156.651412964,-84.9227142334,23.6835098267,48.9693222046,-52.0200805664,53.8902320862,19.4254245758,81.8824157715,5.79334592819,46.3521461487,-33.9271469116,21.9970989227],[-230.388809204,-169.349090576,71.0333175659,-13.110707283,-12.4603347778,30.8357772827,-20.9526462555,24.4590244293,5.79334592819,78.7287902832,-5.5143404007,33.1111984253,-28.532087326],[34.9211959839,270.795349121,-180.180618286,13.8125,108.994728088,-85.9176483154,68.8949279785,-28.6618366241,46.3521461487,-5.5143404007,111.12323761,-35.1281013489,38.6585159302],[-253.423934937,-262.563171387,171.434265137,-12.3737878799,-75.6367111206,73.1024932861,-58.363193512,28.1062297821,-33.9271469116,33.1111984253,-35.1281013489,90.5956192017,-11.464884758],[-87.5819091797,160.193695068,-109.863273621,15.4584722519,41.5055809021,-59.9376792908,43.9506721497,-24.4000663757,21.9970989227,-28.532087326,38.6585159302,-11.464884758,71.0242385864]],"icov":[[0.000158305309014,-0.000773548556026,0.000597453326918,-0.000578718958423,0.000519899534993,-0.000831302604638,0.000401602417696,-0.000538116146345,0.000245941453613,-0.000485435099108,0.000669033324812,-0.000850685988553,0.000778655172326],[-0.000773548556026,0.0066625084728,-0.00318537768908,0.00387969822623,-0.00284947734326,0.00540789589286,-0.00171235599555,0.00374065455981,-0.00300291576423,0.00598477106541,-0.00684844376519,0.00812107138336,-0.00480627920479],[0.000597453326918,-0.00318537768908,0.00562887033448,-0.00432898523286,0.000130667118356,-0.00477700773627,0.00495029287413,-0.00393198896199,0.000125929916976,-0.00154102640226,0.00545770768076,-0.00716460868716,0.00426342338324],[-0.000578718958423,0.00387969822623,-0.00432898523286,0.0152643611655,-0.000253403093666,-0.00205033132806,-0.00371745158918,0.00775602832437,-0.00736542185768,0.00433892151341,-0.00674898503348,0.00869701802731,-0.0069984360598],[0.000519899534993,-0.00284947734326,0.000130667118356,-0.000253403093666,0.0101781580597,-0.00144215463661,-0.00563451554626,0.00022682621784,0.0033174699638,-0.00394302839413,-0.00280755362473,0.000821085995995,0.00277415663004],[-0.000831302604638,0.00540789589286,-0.00477700773627,-0.00205033132806,-0.00144215463661,0.016803285107,-0.00370318675414,0.00110617768951,0.0025900141336,0.00355147058144,-0.00358996982686,0.00296983658336,0.000587193120737],[0.000401602417696,-0.00171235599555,0.00495029287413,-0.00371745158918,-0.00563451554626,-0.00370318675414,0.0200079083443,-0.00469919247553,-0.00405963463709,0.000360933307093,0.00336381606758,-0.00164607551415,-0.00169841700699],[-0.000538116146345,0.00374065455981,-0.00393198896199,0.00775602832437,0.00022682621784,0.00110617768951,-0.00469919247553,0.0189592223614,-0.0124617479742,0.00408452004194,-0.00212167389691,0.00126775342505,0.000211303384276],[0.000245941453613,-0.00300291576423,0.000125929916976,-0.00736542185768,0.0033174699638,0.0025900141336,-0.00405963463709,-0.0124617479742,0.0324896238744,-0.011954780668,-0.00403446611017,0.00711577059701,-0.004168165382],[-0.000485435099108,0.00598477106541,-0.00154102640226,0.00433892151341,-0.00394302839413,0.00355147058144,0.000360933307093,0.00408452004194,-0.011954780668,0.0279806461185,-0.00763784907758,-0.00441960338503,0.00744288181886],[0.000669033324812,-0.00684844376519,0.00545770768076,-0.00674898503348,-0.00280755362473,-0.00358996982686,0.00336381606758,-0.00212167389691,-0.00403446611017,-0.00763784907758,0.0288663487881,-0.0130781913176,0.00234145019203],[-0.000850685988553,0.00812107138336,-0.00716460868716,0.00869701802731,0.000821085995995,0.00296983658336,-0.00164607551415,0.00126775342505,0.00711577059701,-0.00441960338503,-0.0130781913176,0.0405581817031,-0.0191746186465],[0.000778655172326,-0.00480627920479,0.00426342338324,-0.0069984360598,0.00277415663004,0.000587193120737,-0.00169841700699,0.000211303384276,-0.004168165382,0.00744288181886,0.00234145019203,-0.0191746186465,0.0339075997472]],"mean":[-23.4357681274,88.3959655762,-119.859474182,82.0260391235,-39.6257514954,4.65966176987,-27.5606231689,13.3350830078,-21.5280647278,3.05071854591,-7.56806850433,-7.22062206268,-17.6048431396]},"hfc":{"dmean":4.90111589432,"dmean2":7.76566314697,"dvar":63.8688316345,"dvar2":163.494934082,"max":114.255714417,"mean":24.4440631866,"median":22.0723228455,"min":1.1824664647e-16,"var":237.829437256},"melbands":{"dmean":[0.00180486822501,0.00205722032115,0.00105891947169,0.000567781273276,0.000142863427754,0.0000745660581742,0.0000624265521765,0.0000458042341052,0.0000325108594552,0.000017698510419,0.0000118140796985,0.0000084535613496,0.00000674199191053,0.0000101237792478,0.0000111997587737,0.0000247911539191,0.0000145262038131,0.0000116130340757,0.00000825429196993,0.00000598538281338,0.00000794388779468,0.000022159274522,0.0000318775382766,0.0000204628868232,0.0000132238037622,0.0000119975475172,0.000010713149095,0.00000861873559188,0.0000120962840811,0.00000523239305039,0.00000282194150714,0.0000022517610887,0.00000252617019214,0.00000168838460013,0.00000115139107493,6.46096964374e-7,3.57572758958e-7,2.93952069796e-7,2.36882996774e-7,1.97077113739e-7],"dmean2":[0.00293739209883,0.00326311890967,0.00177344342228,0.00103023229167,0.000232498321566,0.000124083730043,0.000101707380963,0.0000740645846236,0.000053906798712,0.0000282130222331,0.0000187722889677,0.0000137282077048,0.0000111704048322,0.000017000020307,0.0000182387630048,0.0000393743721361,0.0000235120987782,0.0000188274461834,0.0000135886903081,0.0000100500492408,0.0000131215474539,0.0000372141512344,0.0000534648352186,0.0000340510778187,0.0000218042914639,0.0000201130078494,0.0000180198458111,0.0000145370186146,0.0000195420343516,0.000008549793165,0.00000463576543552,0.00000364569314115,0.00000399329610445,0.00000272622742159,0.00000183756355909,0.00000103460320133,5.62439765872e-7,4.60194684138e-7,3.67473063534e-7,2.95289339647e-7],"dvar":[0.0000120272407003,0.00000995652862912,0.00000259905596067,0.00000278850188806,8.4189295535e-8,1.78486647684e-8,1.15222391628e-8,4.68368233086e-9,3.04342107071e-9,6.69652722163e-10,4.00115635069e-10,3.02531222296e-10,1.87054705059e-10,3.41476513732e-10,4.29087126941e-10,2.43929765276e-9,9.89296755627e-10,7.87497234089e-10,2.27253979523e-10,1.74980183121e-10,1.7599997848e-10,6.34848118519e-10,1.21046983548e-9,5.24992438411e-10,2.70555994275e-10,1.91328508592e-10,1.48871776018e-10,1.20865775721e-10,5.46217238107e-10,8.97934851474e-11,2.87924441233e-11,2.24633957269e-11,2.83016630964e-11,1.32042527953e-11,4.71194567739e-12,1.39446342928e-12,3.62104253917e-13,2.49911826259e-13,1.64099148766e-13,1.42475590245e-13],"dvar2":[0.0000311287803925,0.0000264269292529,0.00000739698543839,0.00000846939838084,2.08906854482e-7,4.90596576697e-8,3.09371266383e-8,1.21799113018e-8,8.11380562737e-9,1.6166576966e-9,9.62028234852e-10,7.17073456169e-10,4.92625717996e-10,9.20403475657e-10,1.00589414576e-9,5.35383692934e-9,2.11294937102e-9,1.72788272579e-9,5.98686489273e-10,4.80528894453e-10,4.65517818737e-10,1.69754643675e-9,3.26597993094e-9,1.36070477108e-9,7.12121528412e-10,5.22191900831e-10,4.06340128212e-10,3.24418353292e-10,1.35517141953e-9,2.32214220075e-10,7.42820527311e-11,5.88801507551e-11,6.83768666687e-11,3.27620673646e-11,1.21689915089e-11,3.50661210138e-12,8.87537439376e-13,5.9682196251e-13,3.85335318341e-13,3.17187140268e-13],"max":[0.0373398736119,0.0497277155519,0.02159598656,0.0175412390381,0.00513917393982,0.00237812241539,0.00155914551578,0.0010858734604,0.00081107893493,0.000540943583474,0.00042478175601,0.000265585287707,0.000270757358521,0.00027691872674,0.000612923526205,0.00150554871652,0.000832456513308,0.000864998146426,0.000381264282623,0.000219609035412,0.000223554350669,0.000335263990564,0.000452918146038,0.000367711501895,0.000239509739913,0.00020525380387,0.000155459580128,0.000172877378645,0.000531776633579,0.000188541249372,0.0000841437213239,0.000095051334938,0.000104656195617,0.000068788540375,0.000036084868043,0.000022398224246,0.000011751513739,0.0000100509887488,0.00000697638961356,0.00000719986473996],"mean":[0.00343083660118,0.00541496276855,0.00210308050737,0.000648222514428,0.000261479639448,0.000137096008984,0.000124719619635,0.000100438017398,0.000060576650867,0.0000386837818951,0.0000224858722504,0.0000132446248244,0.0000107545411083,0.0000167458383658,0.0000216376320168,0.0000491678874823,0.000029395439924,0.0000206438871828,0.0000145661279021,0.00000994876063487,0.0000154952649609,0.0000504769159306,0.0000744955177652,0.0000509458623128,0.0000327500601998,0.0000300709907606,0.000027117324862,0.0000221154277824,0.0000267121868092,0.0000120948734548,0.00000576780075789,0.00000443387489213,0.00000567568122278,0.00000369497843167,0.00000271538874586,0.00000161768423368,9.27983194288e-7,7.93685501321e-7,6.36068989479e-7,5.07905326685e-7],"median":[0.00236787111498,0.00433820579201,0.00173132412601,0.000331756542437,0.00015127217921,0.0000903061591089,0.0000867505877977,0.0000725104546291,0.0000437058552052,0.0000275206020888,0.0000143880715768,0.00000763795651437,0.00000659051420371,0.0000112723146231,0.0000120898175737,0.0000226893680519,0.0000179206799658,0.0000135473092087,0.0000104949212982,0.00000665574043524,0.0000124210928334,0.0000469152146252,0.0000694140762789,0.0000466042693006,0.0000298893228319,0.000028207552532,0.0000250637167483,0.0000199113019335,0.000014814278984,0.00000616036550127,0.00000270385885415,0.00000174078013515,0.00000197625377041,0.00000153738983499,0.0000012542367358,8.27997951092e-7,5.24427889559e-7,4.10511233895e-7,3.12184425866e-7,2.14332217752e-7],"min":[2.13092124874e-23,1.64216464665e-23,4.24286313518e-24,6.0740242608e-24,6.35473923063e-24,1.39619892081e-23,1.71070845516e-23,9.94599536949e-24,1.7523719861e-23,1.20857600645e-23,5.46980058918e-24,1.21171117635e-23,8.26723704317e-24,1.62442616256e-23,2.38599847581e-23,9.45060176506e-24,4.46061674959e-24,5.83385358605e-24,9.92328800833e-24,4.48780878499e-24,5.32887019403e-24,6.19681046069e-24,8.23131941729e-24,4.97722479591e-24,7.345994234e-24,1.29516587592e-23,1.73093626872e-23,1.18846036891e-23,9.67070657939e-24,1.0297034528e-23,9.19343942085e-24,1.08703983554e-23,1.3439796421e-23,9.57571273805e-24,8.07023007614e-24,8.33902575213e-24,8.50762583795e-24,1.218605584e-23,9.73110965891e-24,1.02382304695e-23],"var":[0.0000157457125169,0.0000232438651437,0.0000037360891838,0.00000197714257411,1.52450411406e-7,2.61034909244e-8,1.92604012739e-8,1.05412922835e-8,4.74827954733e-9,1.85629711602e-9,9.29312959919e-10,4.3017611695e-10,2.35445413166e-10,4.4250061948e-10,1.1570895353e-9,8.70399574637e-9,2.80253198426e-9,1.60991753262e-9,2.9900759646e-10,1.91440835406e-10,2.33690650164e-10,1.22766163901e-9,2.53639442782e-9,1.3623555617e-9,5.66768909582e-10,4.02975902647e-10,3.41208283849e-10,2.58988358537e-10,1.22456556007e-9,2.37299235817e-10,6.35545296945e-11,4.96094207381e-11,9.2523974593e-11,3.36649874644e-11,1.48955067031e-11,4.66207020905e-12,1.3430207467e-12,1.05675494397e-12,6.86919867775e-13,5.53682479639e-13]},"melbands_crest":{"dmean":2.51466298103,"dmean2":4.07501459122,"dvar":6.15531873703,"dvar2":17.2313728333,"max":34.0650177002,"mean":17.1792488098,"median":17.4230194092,"min":2.27515935898,"var":17.1278972626},"melbands_flatness_db":{"dmean":0.0238357968628,"dmean2":0.0370531342924,"dvar":0.0006639767671,"dvar2":0.00154041638598,"max":0.472732424736,"mean":0.212914794683,"median":0.206223249435,"min":0.00678105140105,"var":0.0035496794153},"melbands_kurtosis":{"dmean":10.5627784729,"dmean2":16.4743919373,"dvar":326.98828125,"dvar2":696.673522949,"max":445.914550781,"mean":26.8934268951,"median":17.4962158203,"min":-1.93763494492,"var":1271.66870117},"melbands_skewness":{"dmean":0.848742902279,"dmean2":1.33640217781,"dvar":0.94005459547,"dvar2":2.19604802132,"max":16.3802261353,"mean":4.32011175156,"median":4.12868785858,"min":-3.32035684586,"var":4.8029088974},"melbands_spread":{"dmean":7.93789243698,"dmean2":12.8640995026,"dvar":135.036819458,"dvar2":363.503814697,"max":227.620101929,"mean":27.5847930908,"median":20.7644729614,"min":0.554369866848,"var":556.76965332},"mfcc":{"cov":[[19488.3203125,1889.94580078,-449.984130859,964.971740723,-243.711303711,-278.469726562,-265.222259521,-5.01253318787,-338.449127197,-21.4674797058,218.743835449,188.313140869,-114.964881897],[1889.94580078,1394.10583496,-804.09954834,477.971801758,14.4317750931,-165.32661438,90.5747680664,-76.0742797852,-87.8925704956,88.8158187866,-2.18976187706,86.1314086914,-38.6204376221],[-449.984130859,-804.09954834,1066.5291748,-295.188842773,88.734954834,141.906646729,-116.711280823,104.109069824,59.3873672485,-93.7819213867,-6.24447774887,-74.6045608521,65.2190628052],[964.971740723,477.971801758,-295.188842773,298.752960205,12.5270271301,-33.7529754639,40.5101356506,-27.3581218719,-27.2164878845,44.9396438599,18.6016654968,51.6481895447,-23.0099773407],[-243.711303711,14.4317750931,88.734954834,12.5270271301,102.703125,36.3696327209,21.2108726501,10.3722372055,-3.43787765503,11.940618515,4.9958691597,0.390152722597,8.68635177612],[-278.469726562,-165.32661438,141.906646729,-33.7529754639,36.3696327209,121.965591431,21.4652805328,12.3246946335,6.26003026962,-25.1313476562,2.50005888939,-13.5381212234,-0.273732364178],[-265.222259521,90.5747680664,-116.711280823,40.5101356506,21.2108726501,21.4652805328,81.6300888062,10.8045387268,-1.02753353119,14.6896495819,3.05384421349,17.1625366211,-8.51080799103],[-5.01253318787,-76.0742797852,104.109069824,-27.3581218719,10.3722372055,12.3246946335,10.8045387268,67.1983566284,24.9815368652,3.32962417603,-2.17267346382,-5.38283872604,11.0419216156],[-338.449127197,-87.8925704956,59.3873672485,-27.2164878845,-3.43787765503,6.26003026962,-1.02753353119,24.9815368652,63.3353614807,13.7475624084,3.56243824959,-7.9176363945,8.31693553925],[-21.4674797058,88.8158187866,-93.7819213867,44.9396438599,11.940618515,-25.1313476562,14.6896495819,3.32962417603,13.7475624084,67.0371322632,26.8402900696,19.5499076843,-3.38012433052],[218.743835449,-2.18976187706,-6.24447774887,18.6016654968,4.9958691597,2.50005888939,3.05384421349,-2.17267346382,3.56243824959,26.8402900696,57.3574333191,28.299659729,0.236001327634],[188.313140869,86.1314086914,-74.6045608521,51.6481895447,0.390152722597,-13.5381212234,17.1625366211,-5.38283872604,-7.9176363945,19.5499076843,28.299659729,56.9302940369,12.9918460846],[-114.964881897,-38.6204376221,65.2190628052,-23.0099773407,8.68635177612,-0.273732364178,-8.51080799103,11.0419216156,8.31693553925,-3.38012433052,0.236001327634,12.9918460846,46.9811782837]],"icov":[[0.000102157566289,-0.000142553399201,-0.0000605707282375,-0.000247890333412,0.000298875413137,-0.0000411823893955,0.000524710805621,-0.000525670475326,0.000481215538457,0.000277557730442,-0.000557983876206,0.00000828641441331,0.000193868254428],[-0.000142553399201,0.00279606902041,0.00111047900282,-0.00262133730575,-0.0019294845406,0.00217375648208,-0.00110264308751,0.000514089944772,0.000540884968359,0.0000201267048396,0.00144629564602,0.000583912944421,-0.00108997174539],[-0.0000605707282375,0.00111047900282,0.00370363285765,0.00038179528201,-0.00388233154081,-0.00131527532358,0.00468416931108,-0.00378285162151,-0.00093985494459,0.00319421011955,-0.0012198695913,0.000700069533195,-0.00153323472477],[-0.000247890333412,-0.00262133730575,0.00038179528201,0.00966387800872,-0.00113848317415,-0.00264227739535,0.000438272661995,0.000919751066249,-0.00205489690416,-0.00201654899865,0.00164176954422,-0.00527967419475,0.00317040039226],[0.000298875413137,-0.0019294845406,-0.00388233154081,-0.00113848317415,0.0176979247481,-0.00368976034224,-0.00511049106717,0.00125041068532,0.00509241828695,-0.00721498159692,-0.000540194625501,0.00260036997497,-0.00267320964485],[-0.0000411823893955,0.00217375648208,-0.00131527532358,-0.00264227739535,-0.00368976034224,0.0158261079341,-0.00823950581253,0.00246537360363,-0.00068510818528,0.00577232195064,-0.00324136507697,0.00344156497158,0.00052140862681],[0.000524710805621,-0.00110264308751,0.00468416931108,0.000438272661995,-0.00511049106717,-0.00823950581253,0.02859223634,-0.012521609664,0.000763507152442,0.00258825812489,-0.000227370677749,-0.00794702302665,0.00535888690501],[-0.000525670475326,0.000514089944772,-0.00378285162151,0.000919751066249,0.00125041068532,0.00246537360363,-0.012521609664,0.0269702002406,-0.0076630525291,-0.00573260104284,0.00544966664165,0.00103127199691,-0.00335428630933],[0.000481215538457,0.000540884968359,-0.00093985494459,-0.00205489690416,0.00509241828695,-0.00068510818528,0.000763507152442,-0.0076630525291,0.0253406781703,-0.00725699122995,-0.00275504868478,0.00526260398328,-0.00353526300751],[0.000277557730442,0.0000201267048396,0.00319421011955,-0.00201654899865,-0.00721498159692,0.00577232195064,0.00258825812489,-0.00573260104284,-0.00725699122995,0.0312457811087,-0.0142291290686,0.0000321791012539,0.00205299607478],[-0.000557983876206,0.00144629564602,-0.0012198695913,0.00164176954422,-0.000540194625501,-0.00324136507697,-0.000227370677749,0.00544966664165,-0.00275504868478,-0.0142291290686,0.0348722226918,-0.0176429133862,0.00524764368311],[0.00000828641441331,0.000583912944421,0.000700069533195,-0.00527967419475,0.00260036997497,0.00344156497158,-0.00794702302665,0.00103127199691,0.00526260398328,0.0000321791012539,-0.0176429133862,0.0389853976667,-0.0168215539306],[0.000193868254428,-0.00108997174539,-0.00153323472477,0.00317040039226,-0.00267320964485,0.00052140862681,0.00535888690501,-0.00335428630933,-0.00353526300751,0.00205299607478,0.00524764368311,-0.0168215539306,0.0322000384331]],"mean":[-652.210449219,96.9381790161,-6.29915904999,67.3407440186,14.4967985153,7.93698167801,11.0421380997,7.1209230423,-3.01684117317,6.76267290115,8.49015808105,10.421541214,-3.93168020248]},"pitch_salience":{"dmean":0.0707848444581,"dmean2":0.114316858351,"dvar":0.00442598387599,"dvar2":0.0120073407888,"max":0.958760023117,"mean":0.511265158653,"median":0.517216086388,"min":0.118159249425,"var":0.0140401571989},"silence_rate_20dB":{"dmean":0,"dmean2":0,"dvar":0,"dvar2":0,"max":1,"mean":1,"median":1,"min":1,"var":0},"silence_rate_30dB":{"dmean":0.0139587726444,"dmean2":0.0279220771044,"dvar":0.0137644577771,"dvar2":0.0388297513127,"max":1,"mean":0.990749776363,"median":1,"min":0,"var":0.0091642094776},"silence_rate_60dB":{"dmean":0.00162311317399,"dmean2":0.00324675324373,"dvar":0.00162057636771,"dvar2":0.0032362844795,"max":1,"mean":0.0847127586603,"median":0,"min":0,"var":0.0775320455432},"spectral_centroid":{"dmean":249.823730469,"dmean2":396.870849609,"dvar":69258.984375,"dvar2":154792.546875,"max":10854.8662109,"mean":2246.2175293,"median":2264.76464844,"min":172.504165649,"var":363308.90625},"spectral_complexity":{"dmean":3.92079210281,"dmean2":6.04350662231,"dvar":16.4187679291,"dvar2":32.6063423157,"max":64,"mean":29.6778640747,"median":32,"min":0,"var":164.163375854},"spectral_contrast_coeffs":{"dmean":[0.0459182709455,0.0398943759501,0.0301139745861,0.0247207954526,0.0185597334057,0.0156866256148],"dmean2":[0.0769449174404,0.0666154921055,0.0502221882343,0.0411815084517,0.031154487282,0.0256501529366],"dvar":[0.00162282399833,0.00103817449417,0.000554641126655,0.000415522052208,0.000223069509957,0.000213412524317],"dvar2":[0.00466212350875,0.00283340644091,0.00155657716095,0.00110630341806,0.000605797511525,0.000535422004759],"max":[-0.396473765373,-0.566120445728,-0.50342220068,-0.567760467529,-0.591486752033,-0.554920434952],"mean":[-0.661110281944,-0.784126341343,-0.828985691071,-0.822458922863,-0.793455123901,-0.724663496017],"median":[-0.653011620045,-0.784288048744,-0.830809593201,-0.824751734734,-0.789678573608,-0.721482157707],"min":[-0.959085583687,-0.958155214787,-0.958168268204,-0.957608938217,-0.961696386337,-0.957895338535],"var":[0.00570181617513,0.00339790200815,0.00220816349611,0.00189923762809,0.00135341659188,0.00279494212009]},"spectral_contrast_valleys":{"dmean":[0.363710552454,0.339932382107,0.305379748344,0.241316080093,0.172898203135,0.203810378909],"dmean2":[0.598822951317,0.558562874794,0.480045586824,0.378710567951,0.269144803286,0.280425876379],"dvar":[0.113597609103,0.109127007425,0.0907653719187,0.0680717304349,0.0595318302512,0.107766479254],"dvar2":[0.263729333878,0.23408485949,0.173841580749,0.119547724724,0.0888804420829,0.196180388331],"max":[-5.09089231491,-5.06162500381,-5.89931297302,-5.85890674591,-5.41978931427,-8.30090618134],"mean":[-7.00495147705,-7.11143779755,-7.97529459,-7.81590223312,-6.78923797607,-10.4289150238],"median":[-6.55976295471,-6.64120006561,-7.53460168839,-7.39505338669,-6.34695768356,-9.86203193665],"min":[-27.5414333344,-27.2770843506,-27.2441329956,-27.1583099365,-27.2778320312,-27.3601264954],"var":[2.4670112133,2.62337088585,2.5221581459,2.37330436707,2.18076872826,2.27535057068]},"spectral_decrease":{"dmean":3.03405300883e-9,"dmean2":4.90894169758e-9,"dvar":2.1812294495e-17,"dvar2":5.71004960602e-17,"max":6.39124847426e-29,"mean":-9.52039158619e-9,"median":-8.65866311983e-9,"min":-5.46910676746e-8,"var":4.47251031641e-17},"spectral_energy":{"dmean":0.011718435213,"dmean2":0.0189671870321,"dvar":0.00032438323251,"dvar2":0.000851583317854,"max":0.209740146995,"mean":0.0381492339075,"median":0.0351713448763,"min":1.04840990582e-20,"var":0.000672390393447},"spectral_energyband_high":{"dmean":0.000455052533653,"dmean2":0.000699363299645,"dvar":5.61385093079e-7,"dvar2":0.00000128101601149,"max":0.0146598685533,"mean":0.00156595918816,"median":0.000966078136116,"min":7.40840485723e-21,"var":0.00000277244294011},"spectral_energyband_low":{"dmean":0.00971982534975,"dmean2":0.0155283519998,"dvar":0.000240557725192,"dvar2":0.000609554059338,"max":0.19503171742,"mean":0.0260387640446,"median":0.0218640044332,"min":9.68103418859e-23,"var":0.000499998684973},"spectral_energyband_middle_high":{"dmean":0.00107285461854,"dmean2":0.00169194513001,"dvar":0.0000024513255994,"dvar2":0.00000595867368247,"max":0.0230637360364,"mean":0.00463593471795,"median":0.00433407444507,"min":1.48349046943e-21,"var":0.00000836695289763},"spectral_energyband_middle_low":{"dmean":0.00396997807547,"dmean2":0.00688885385171,"dvar":0.0000713380431989,"dvar2":0.000208972371183,"max":0.0933834239841,"mean":0.00790758244693,"median":0.00599132385105,"min":3.40532850237e-22,"var":0.0000768269746914},"spectral_entropy":{"dmean":0.0765455886722,"dmean2":0.117870233953,"dvar":0.007837748155,"dvar2":0.0163262616843,"max":9.79014778137,"mean":7.75986242294,"median":7.79451465607,"min":5.89973020554,"var":0.068871088326},"spectral_flux":{"dmean":0.0227061621845,"dmean2":0.0353818200529,"dvar":0.000989583437331,"dvar2":0.00213538156822,"max":0.290831178427,"mean":0.0819491073489,"median":0.0681228488684,"min":1.02391886636e-10,"var":0.0027515173424},"spectral_kurtosis":{"dmean":1.46936130524,"dmean2":2.64578771591,"dvar":4.69662427902,"dvar2":15.0009946823,"max":27.197057724,"mean":3.23878145218,"median":2.69348096848,"min":-1.1910867691,"var":5.25168609619},"spectral_rms":{"dmean":0.00082397746155,"dmean2":0.00131304562092,"dvar":0.00000123341601466,"dvar2":0.00000317961121254,"max":0.0143047031015,"mean":0.00561640458182,"median":0.00585777312517,"min":3.19818542309e-12,"var":0.00000567483584746},"spectral_rolloff":{"dmean":559.820922852,"dmean2":942.595703125,"dvar":583118.25,"dvar2":1274038.25,"max":19509.0820312,"mean":1751.13684082,"median":1539.62402344,"min":64.599609375,"var":2276802.5},"spectral_skewness":{"dmean":0.181309223175,"dmean2":0.314812898636,"dvar":0.0464460253716,"dvar2":0.144434511662,"max":2.63145589828,"mean":0.820987761021,"median":0.84765213728,"min":-0.300861626863,"var":0.0956622138619},"spectral_spread":{"dmean":290304.46875,"dmean2":441811.5,"dvar":260831379456,"dvar2":348768567296,"max":40702228,"mean":3835247.25,"median":3861266,"min":1274798.125,"var":1600577601540},"spectral_strongpeak":{"dmean":0.194631516933,"dmean2":0.335377752781,"dvar":0.22896322608,"dvar2":0.624217271805,"max":8.19009590149,"mean":0.447523117065,"median":0.353251487017,"min":0,"var":0.306982845068},"zerocrossingrate":{"dmean":0.00890231598169,"dmean2":0.0109607251361,"dvar":0.0000844050009619,"dvar2":0.000117369381769,"max":0.50732421875,"mean":0.0680892467499,"median":0.06298828125,"min":0.00537109375,"var":0.00106409471482}},"metadata":{"audio_properties":{"analysis_sample_rate":44100,"bit_rate":192000,"codec":"mp3","downmix":"mix","equal_loudness":0,"length":143.046524048,"lossless":false,"md5_encoded":"27ad6b3129284424ae00a7d0172a8947","replay_gain":-12.8385009766,"sample_rate":44100},"tags":{"acoustid_id":["fe2faed8-6376-4f17-a9e9-e35c5c0a8cb8"],"album":["26 Songs"],"albumartist":["Melvins"],"albumartistsort":["Melvins"],"artist":["Melvins"],"artistsort":["Melvins"],"asin":["B00008A7SJ"],"catalognumber":["IPC-038"],"date":["2003"],"discnumber":["1/1"],"file_name":"09 - Over From Underground.mp3","genre":["General Rock"],"label":["Ipecac Recordings"],"media":["CD"],"musicbrainz album release country":["US"],"musicbrainz album status":["official"],"musicbrainz album type":["ep"],"musicbrainz_albumartistid":["9ccfbc94-a4f4-42f7-b6f5-d903ab77cccb"],"musicbrainz_albumid":["ebd67c0f-8338-443a-bd17-d6e90d12adda"],"musicbrainz_artistid":["9ccfbc94-a4f4-42f7-b6f5-d903ab77cccb"],"musicbrainz_recordingid":["5eb0b38f-68c3-4731-b5fe-9a43f8e36f22"],"musicbrainz_releasegroupid":["8a68e5b6-7e98-333c-bc52-ed6a5c5ca01f"],"originaldate":["1986"],"originalyear":["1986"],"script":["Latn"],"title":["Over From Underground"],"tracknumber":["9/25"]},"version":{"essentia":"2.1-beta2","essentia_build_sha":"c0e182ba78c2de26e491b7b7a4a2c98c1ed34208","essentia_git_sha":"v2.1_beta2-2-gbb40004","extractor":"music 1.0"}},"rhythm":{"beats_count":326,"beats_loudness":{"dmean":0.022786943242,"dmean2":0.039426997304,"dvar":0.000434599758592,"dvar2":0.00123918009922,"max":0.135705456138,"mean":0.0499585568905,"median":0.0510862544179,"min":2.91902836125e-7,"var":0.000767975056078},"beats_loudness_band_ratio":{"dmean":[0.221896156669,0.115783728659,0.0394301451743,0.0410522334278,0.059489775449,0.0660472735763],"dmean2":[0.393030971289,0.212616324425,0.0707159563899,0.0746281966567,0.103198803961,0.118411757052],"dvar":[0.0326548740268,0.0120460838079,0.001844529761,0.0035224712