{"lowlevel":{"average_loudness":0.868215084076,"barkbands":{"dmean":[0.0000765384611441,0.00326366326772,0.00135262252297,0.00111692759674,0.00201357342303,0.000244821887463,0.0000856344413478,0.000182948933798,0.000401378638344,0.000649383931886,0.000503167742863,0.000519881839864,0.000390597735532,0.000650296453387,0.000626290449873,0.000279050756944,0.000198968235054,0.000137625611387,0.000096625633887,0.0000696986608091,0.0000332748095389,0.0000736957517802,0.000106467297883,0.000204398544156,0.000231244193856,0.0000534284044988,8.9014997684e-7],"dmean2":[0.000105588769657,0.00542548811063,0.00229910784401,0.00182757561561,0.00325066968799,0.000359841564205,0.000127293227706,0.00027836218942,0.000630054797512,0.00101106171496,0.000784369418398,0.000839371234179,0.00062708457699,0.00100657052826,0.000983458128758,0.000419895601226,0.000313242082484,0.000212853148696,0.000146427832078,0.000105725084723,0.0000494520063512,0.000103911741462,0.000144790028571,0.000276672042673,0.000307144888211,0.0000719746676623,0.00000117230285923],"dvar":[2.36719071012e-8,0.0000237032381847,0.00000436326081399,0.00000340793440046,0.0000151483945956,1.92485813955e-7,2.25570335743e-8,1.64818089843e-7,6.7010677185e-7,0.00000249382242146,0.00000177428580628,0.00000572984936298,0.00000180254642146,0.00000523011522091,0.00000359876912626,0.00000152832831191,1.82024734841e-7,8.52176711419e-8,4.27546105186e-8,2.88661681225e-8,7.33645144635e-9,5.70372051811e-8,1.35455209715e-7,3.89438071124e-7,5.05364653236e-7,2.59069263819e-8,5.8112334389e-12],"dvar2":[4.16489314148e-8,0.0000631864895695,0.0000118678326544,0.00000904202352103,0.0000394671478716,4.18662637003e-7,5.04483566033e-8,3.80464996397e-7,0.00000161602849857,0.00000647573688184,0.00000387573754779,0.0000152181864905,0.00000391246612708,0.0000124149655676,0.00000818135322334,0.00000333983280143,3.89473370888e-7,2.01595298677e-7,9.82076429068e-8,6.7938316306e-8,1.5915350815e-8,1.17502111152e-7,2.53912787684e-7,7.49395326238e-7,9.60430156738e-7,5.05278627827e-8,1.03688758968e-11],"max":[0.00226372200996,0.047753110528,0.0226785689592,0.025789193809,0.0602534487844,0.0130901178345,0.00539282476529,0.0117879454046,0.0135571686551,0.0393971279263,0.0328018702567,0.0531220734119,0.0381611511111,0.0670711621642,0.0514614954591,0.0473159961402,0.0171352457255,0.0069070989266,0.00487083615735,0.00550351431593,0.00101872882806,0.00665865698829,0.0147535931319,0.0193039365113,0.0205704513937,0.00244359043427,0.0000730245592422],"mean":[0.000124161946587,0.00715227657929,0.0029229123611,0.00197983905673,0.00341835292056,0.000553648918867,0.000198592111701,0.000327758112689,0.000707587809302,0.00115385244135,0.000930888694711,0.000918708217796,0.000649971712846,0.00132548518013,0.00124901975505,0.000535076425876,0.000425986101618,0.000317111174809,0.000215797583223,0.000147743485286,0.0000508032244397,0.000110040571599,0.000181935087312,0.000353344337782,0.000339686899679,0.0000695369162713,0.00000141414909649],"median":[0.0000406588078476,0.00518011068925,0.00174089055508,0.000867614988238,0.00207090377808,0.000290392374154,0.0000896001292858,0.000103922720882,0.000253607810009,0.00043811352225,0.000278806197457,0.000155091809575,0.000133847817779,0.000139394789585,0.000268115429208,0.000116623006761,0.000187756595551,0.000086587810074,0.0000827481853776,0.0000599833110755,0.00001750899537,0.0000171072351804,0.0000366846725228,0.0000901274179341,0.0000445853802375,0.0000104531391116,4.01881408152e-7],"min":[2.83164925284e-25,2.39654148348e-24,1.42667555608e-24,8.24437299451e-25,8.96987939575e-24,7.05878733335e-24,4.72196676192e-24,8.55311707978e-24,7.88723801196e-24,1.44321439967e-23,1.44251988653e-23,2.19512064247e-23,1.98941127748e-23,3.4257023183e-23,4.67310503299e-23,4.84787274892e-23,3.16834181223e-23,8.4212542463e-23,1.26736638606e-22,1.55021139078e-22,1.78974957263e-22,3.24901565089e-22,4.53562203888e-22,5.97914056021e-22,9.22683521618e-22,1.30783050763e-21,1.98043578218e-21],"var":[4.45398171678e-8,0.0000476786408399,0.00000965341860137,0.00000964513219515,0.0000195947595785,7.38130381706e-7,1.23836400689e-7,4.29065721619e-7,0.00000155811289915,0.00000555451742912,0.00000526833218828,0.0000127496959976,0.00000361538104698,0.0000180879887921,0.0000103587626654,0.00000455963663626,7.87400892932e-7,3.25600950646e-7,1.21415467902e-7,7.39750802836e-8,1.14616964808e-8,1.1652477383e-7,3.88088153613e-7,9.70655833044e-7,0.00000121594314351,4.00895920905e-8,1.19344993957e-11]},"barkbands_crest":{"dmean":2.5487408638,"dmean2":4.19498634338,"dvar":5.97899723053,"dvar2":15.4624271393,"max":24.3458614349,"mean":10.7732477188,"median":10.012052536,"min":3.25094294548,"var":16.1583480835},"barkbands_flatness_db":{"dmean":0.0178763046861,"dmean2":0.0271882172674,"dvar":0.000287203671178,"dvar2":0.000651086797006,"max":0.323778927326,"mean":0.129711911082,"median":0.125703305006,"min":0.0369061157107,"var":0.00158869754523},"barkbands_kurtosis":{"dmean":2.68374848366,"dmean2":4.19208574295,"dvar":16.9357624054,"dvar2":40.3480682373,"max":74.007774353,"mean":4.55193948746,"median":1.97983241081,"min":-1.95880818367,"var":57.1911811829},"barkbands_skewness":{"dmean":0.516399860382,"dmean2":0.783807992935,"dvar":0.263455361128,"dvar2":0.581864714622,"max":7.74052429199,"mean":1.58051812649,"median":1.57499718666,"min":-6.06151533127,"var":2.07947158813},"barkbands_spread":{"dmean":6.79327201843,"dmean2":9.73883342743,"dvar":80.0083312988,"dvar2":144.781433105,"max":146.241836548,"mean":27.8963871002,"median":23.1699314117,"min":1.68226003647,"var":412.000488281},"dissonance":{"dmean":0.0173541847616,"dmean2":0.0294318627566,"dvar":0.000318430771586,"dvar2":0.000891839794349,"max":0.500000119209,"mean":0.465894877911,"median":0.471352815628,"min":0.252091258764,"var":0.000586601381656},"dynamic_complexity":4.11658382416,"erbbands":{"dmean":[0.0972667634487,0.76528608799,1.44539499283,2.93234109879,5.76851034164,7.18897342682,3.50923299789,1.40951001644,1.03255057335,2.23178005219,4.75769233704,7.66775035858,18.7533931732,17.6979198456,17.6317882538,22.2325191498,15.7645120621,32.1102561951,30.1434955597,25.1699295044,11.1149282455,8.19801902771,7.62991380692,5.33944129944,4.42114686966,3.24912381172,1.32356476784,1.44014787674,2.49736642838,3.26267457008,3.05280303955,4.26040220261,3.37841796875,2.72295594215,1.56013011932,0.42939183116,0.057961281389,0.00426471279934,0.000188296762644,0.0000170857711055],"dmean2":[0.152071595192,1.30197107792,2.43091535568,4.85637950897,9.31849861145,11.7243976593,5.19658136368,2.1219189167,1.49767482281,3.49846959114,7.18282985687,11.845533371,29.7161846161,27.0447216034,27.1155586243,35.481880188,24.6616249084,49.8955917358,46.358505249,39.6015892029,16.5827713013,12.4653987885,11.6229810715,7.98725652695,6.61905622482,4.96858549118,1.97877442837,2.08345723152,3.50857186317,4.57021951675,4.11049556732,6.10444974899,4.57648706436,3.63784980774,2.13050031662,0.580848455429,0.0761013478041,0.00554555188864,0.000240132198087,0.0000232861093536],"dvar":[0.0277097783983,1.24884605408,4.13574552536,25.030166626,104.633041382,221.695114136,35.0208625793,9.02951049805,3.93785953522,22.1997585297,114.701042175,288.359344482,1283.75024414,2664.8293457,1975.08752441,10775.2753906,2556.40454102,13310.765625,8377.66894531,7969.28076172,885.462646484,341.284881592,315.429382324,128.985610962,112.745849609,77.0111694336,10.3584766388,13.2400617599,109.098297119,118.190406799,93.647315979,138.433959961,134.300842285,72.9279327393,23.5525989532,1.63308537006,0.0305683985353,0.000148032675497,2.60622613268e-7,1.13541276381e-9],"dvar2":[0.0626003965735,3.50687837601,10.8854513168,66.9823608398,280.398101807,579.598693848,79.6541519165,20.5505161285,8.33933734894,59.1852340698,262.603424072,661.722839355,3214.37280273,6894.36962891,4120.52685547,28037.8085938,5623.36376953,31978.9316406,19513.1171875,18729.7519531,1844.74621582,677.996887207,731.413269043,292.970001221,250.507659912,189.784423828,22.9601631165,28.1384601593,233.344070435,234.780288696,163.861129761,274.053131104,270.291168213,134.130157471,46.6674385071,3.21607923508,0.0582497790456,0.000267807190539,4.36857931163e-7,1.98471794555e-9],"max":[1.4490493536,11.8614397049,22.759185791,67.3961639404,155.054824829,252.94329834,206.888442993,85.8040161133,90.8618927002,88.3043212891,320.094696045,356.415283203,603.873168945,1306.04602051,1208.7244873,2551.55273438,1359.16748047,3698.87109375,2640.51367188,3432.81005859,830.870239258,812.890136719,409.283355713,245.957565308,302.176391602,321.140380859,45.7832107544,56.3913040161,380.109619141,382.982421875,315.106079102,318.626312256,326.070892334,251.864425659,121.327667236,22.1404914856,2.68048214912,0.216243118048,0.0127819683403,0.000654225877952],"mean":[0.176591947675,1.68774497509,3.62310957909,5.77338123322,9.47003650665,11.1366825104,7.60806131363,3.11410164833,2.72372341156,4.26024580002,8.93254852295,14.8883514404,33.6278495789,35.2836341858,35.3064613342,41.3595924377,30.988986969,68.4862213135,65.1546554565,53.4404411316,25.3129501343,20.2812957764,18.6756858826,13.413731575,10.2998914719,7.0918469429,2.25536942482,2.24903917313,3.74983096123,5.01714897156,5.392100811,7.34387874603,5.53745794296,4.11610126495,2.19422411919,0.564410448074,0.0766006335616,0.00596556020901,0.000308941467665,0.0000498160079587],"median":[0.055757664144,1.34763073921,2.46544122696,2.70376014709,5.98609447479,5.56575250626,4.35083293915,1.48494815826,1.22426009178,1.79399037361,3.347042799,5.71652889252,14.930264473,10.7513599396,12.1034593582,8.83311367035,6.54234695435,8.49643325806,10.8315019608,12.359621048,10.0516424179,8.29831123352,5.06884765625,4.51953792572,4.24145126343,3.13322877884,0.941609740257,0.690192997456,0.592520475388,0.80098772049,1.25135278702,2.11177420616,1.03319096565,0.53901129961,0.274629771709,0.0847942531109,0.0113389063627,0.00103123532608,0.0000923674087971,0.000035050783481],"min":[5.77021775455e-23,2.30431647291e-22,3.2003139282e-21,8.58741915007e-21,1.04708585139e-20,2.26086717545e-20,4.37516247001e-20,4.55995106456e-20,7.29391320537e-20,8.23467476331e-20,1.91190843247e-19,2.05327838129e-19,2.18795605122e-19,5.31267036471e-19,9.31914189209e-19,1.33589224318e-18,1.22197892628e-18,2.18242981264e-18,2.26370051462e-18,2.20561982112e-18,3.09146139437e-18,2.965971478e-18,5.62665458015e-18,4.76890550806e-18,7.86109192624e-18,7.70586486685e-18,7.86632715234e-18,9.3942844265e-18,1.01199186927e-17,1.1268032148e-17,1.23964454699e-17,1.20343488111e-17,9.72273634105e-18,7.96466982819e-18,6.67863186393e-18,4.1532155394e-18,2.23054959721e-18,9.51298546479e-19,2.53980740603e-19,2.6962152399e-20],"var":[0.0572518445551,2.37357163429,12.295791626,73.4336013794,134.285675049,287.989562988,124.604850769,28.7318000793,28.8612918854,50.9785690308,299.910125732,695.659179688,2784.90356445,6856.13330078,6272.11523438,24394.109375,6739.09521484,44292.71875,27865.4355469,24554.8398438,3450.90429688,1955.17700195,1217.17651367,519.041687012,314.617034912,174.97744751,16.3735179901,23.7361698151,191.697296143,289.18838501,285.162384033,328.755767822,321.488494873,190.656402588,51.874458313,2.59280347824,0.0489814393222,0.000265836570179,5.57281168767e-7,2.95384516846e-9]},"erbbands_crest":{"dmean":2.32286500931,"dmean2":3.77959632874,"dvar":5.14304828644,"dvar2":13.1791563034,"max":28.1582984924,"mean":8.57908344269,"median":7.51217222214,"min":2.20252370834,"var":17.6475334167},"erbbands_flatness_db":{"dmean":0.0139199979603,"dmean2":0.0202321186662,"dvar":0.000190157981706,"dvar2":0.000360436184565,"max":0.28855997324,"mean":0.136516496539,"median":0.130384370685,"min":0.0236987061799,"var":0.00178853305988},"erbbands_kurtosis":{"dmean":0.897129774094,"dmean2":1.40200507641,"dvar":1.90975117683,"dvar2":4.58968830109,"max":37.7481536865,"mean":0.972615361214,"median":0.0646458864212,"min":-1.58277583122,"var":7.77107191086},"erbbands_skewness":{"dmean":0.297000586987,"dmean2":0.455944210291,"dvar":0.0774431303144,"dvar2":0.165817156434,"max":2.36328744888,"mean":-0.0375371426344,"median":0.0405793637037,"min":-5.12635421753,"var":0.455890089273},"erbbands_spread":{"dmean":8.65103340149,"dmean2":12.959277153,"dvar":92.6941299438,"dvar2":190.679611206,"max":140.866882324,"mean":42.8974990845,"median":40.9482460022,"min":4.1409611702,"var":485.291625977},"gfcc":{"cov":[[37479.1523438,1961.30786133,-3031.19091797,895.352539062,-1149.11889648,1180.13781738,-1250.0435791,650.154602051,-868.970336914,-107.108764648,-385.322570801,-216.346862793,-149.542861938],[1961.30786133,1127.12719727,-395.714324951,-34.7068481445,121.654632568,-74.8594436646,11.5861330032,31.3708992004,12.0309295654,-108.996520996,104.587081909,-79.7362213135,13.9674243927],[-3031.19091797,-395.714324951,774.197937012,39.48021698,-33.1324310303,-22.4148044586,71.3053512573,-71.4574050903,72.7578811646,44.6591873169,-35.0997924805,95.5290679932,11.8821020126],[895.352539062,-34.7068481445,39.48021698,241.564056396,-53.2157554626,14.8340797424,-44.030090332,21.7862854004,9.58069896698,-10.8430376053,-15.5744714737,25.9902038574,24.3954563141],[-1149.11889648,121.654632568,-33.1324310303,-53.2157554626,242.232940674,-43.1333999634,70.5609664917,23.2685680389,49.0593452454,8.35118103027,64.3264312744,-1.22317123413,17.6872310638],[1180.13781738,-74.8594436646,-22.4148044586,14.8340797424,-43.1333999634,210.156967163,20.9605102539,13.7788562775,-42.9236183167,33.545463562,-17.9952411652,4.54750013351,0.387291193008],[-1250.0435791,11.5861330032,71.3053512573,-44.030090332,70.5609664917,20.9605102539,194.063537598,-2.22450661659,23.3632278442,16.6537227631,46.2127685547,12.6688632965,9.90160274506],[650.154602051,31.3708992004,-71.4574050903,21.7862854004,23.2685680389,13.7788562775,-2.22450661659,125.240715027,28.6197814941,6.56198978424,19.078119278,-3.64762926102,4.19671344757],[-868.970336914,12.0309295654,72.7578811646,9.58069896698,49.0593452454,-42.9236183167,23.3632278442,28.6197814941,119.238479614,29.747877121,22.6811485291,7.05507564545,19.7348766327],[-107.108764648,-108.996520996,44.6591873169,-10.8430376053,8.35118103027,33.545463562,16.6537227631,6.56198978424,29.747877121,102.302696228,23.8528270721,29.0748100281,1.01160371304],[-385.322570801,104.587081909,-35.0997924805,-15.5744714737,64.3264312744,-17.9952411652,46.2127685547,19.078119278,22.6811485291,23.8528270721,121.732757568,9.83187198639,7.01865196228],[-216.346862793,-79.7362213135,95.5290679932,25.9902038574,-1.22317123413,4.54750013351,12.6688632965,-3.64762926102,7.05507564545,29.0748100281,9.83187198639,95.7742538452,23.5777740479],[-149.542861938,13.9674243927,11.8821020126,24.3954563141,17.6872310638,0.387291193008,9.90160274506,4.19671344757,19.7348766327,1.01160371304,7.01865196228,23.5777740479,66.5623168945]],"icov":[[0.000215050968109,-0.000477822439279,0.000481346971355,-0.000568562594708,0.000574477191549,-0.000831027806271,0.000803843897302,-0.000901908671949,0.000938425189815,-0.000716036767699,0.000541235669516,-0.0003079851449,0.000280013715383],[-0.000477822439279,0.00248282123357,-0.000441083015176,0.00129619252402,-0.00152245617937,0.00184398470446,-0.00179363100324,0.00230524851941,-0.00276070740074,0.00322793074884,-0.00235962867737,0.000955518393312,-0.000795724801719],[0.000481346971355,-0.000441083015176,0.00326647772454,-0.00152179854922,0.00154973950703,-0.00173023948446,0.000962548481766,-0.000704521138687,0.000287513714284,-0.001018957817,0.00158473651391,-0.00235871132463,0.00124676758423],[-0.000568562594708,0.00129619252402,-0.00152179854922,0.00660390593112,-0.000487558019813,0.00160102196969,-0.000989986234345,0.00142406206578,-0.0033302612137,0.0032320888713,-0.00171175971627,-0.000378366734367,-0.00226756720804],[0.000574477191549,-0.00152245617937,0.00154973950703,-0.000487558019813,0.00749458232895,-0.00139072001912,0.00064995943103,-0.0029861307703,0.00103803689126,-0.00183761247899,-0.000179675815161,-0.000836666091345,-0.000344166182913],[-0.000831027806271,0.00184398470446,-0.00173023948446,0.00160102196969,-0.00139072001912,0.00983828958124,-0.00476930616423,0.00199492764659,-0.000171980689629,-0.000796697568148,-0.000670134148095,0.00204249611124,-0.00222563673742],[0.000803843897302,-0.00179363100324,0.000962548481766,-0.000989986234345,0.00064995943103,-0.00476930616423,0.0100424606353,-0.00298214913346,0.00279272138141,-0.00191371608526,-0.000230837657,-0.00132953340653,0.00061889376957],[-0.000901908671949,0.00230524851941,-0.000704521138687,0.00142406206578,-0.0029861307703,0.00199492764659,-0.00298214913346,0.0138054927811,-0.00761060509831,0.00395624293014,-0.00341845722869,0.000761051895097,-0.000263909983914],[0.000938425189815,-0.00276070740074,0.000287513714284,-0.0033302612137,0.00103803689126,-0.000171980689629,0.00279272138141,-0.00761060509831,0.0183650702238,-0.00883239787072,0.00289310864173,0.00144263112452,-0.00248040957376],[-0.000716036767699,0.00322793074884,-0.001018957817,0.0032320888713,-0.00183761247899,-0.000796697568148,-0.00191371608526,0.00395624293014,-0.00883239787072,0.01848866418,-0.00576374167576,-0.00305497623049,0.00126705027651],[0.000541235669516,-0.00235962867737,0.00158473651391,-0.00171175971627,-0.000179675815161,-0.000670134148095,-0.000230837657,-0.00341845722869,0.00289310864173,-0.00576374167576,0.0135135911405,-0.0019924454391,0.000867761147674],[-0.0003079851449,0.000955518393312,-0.00235871132463,-0.000378366734367,-0.000836666091345,0.00204249611124,-0.00132953340653,0.000761051895097,0.00144263112452,-0.00305497623049,-0.0019924454391,0.0155068458989,-0.00563653325662],[0.000280013715383,-0.000795724801719,0.00124676758423,-0.00226756720804,-0.000344166182913,-0.00222563673742,0.00061889376957,-0.000263909983914,-0.00248040957376,0.00126705027651,0.000867761147674,-0.00563653325662,0.0190783087164]],"mean":[-30.1389980316,80.7294235229,-101.044868469,31.8479557037,-39.6130371094,38.7975120544,-43.4039802551,18.3974647522,-30.6381015778,-9.98129463196,-18.139043808,-5.64551210403,-6.83856105804]},"hfc":{"dmean":8.58262252808,"dmean2":11.5199012756,"dvar":288.337646484,"dvar2":515.567382812,"max":331.368011475,"mean":25.2006950378,"median":11.6665267944,"min":1.09009599979e-16,"var":1058.49145508},"melbands":{"dmean":[0.000890672847163,0.000797942164354,0.000515641528182,0.000512034224812,0.000146649734234,0.0000342128878401,0.0000160990093718,0.000026401507057,0.0000417271112383,0.0000545064831385,0.0000958279488259,0.0000739102761145,0.0000699999873177,0.0000518669730809,0.0000575380036025,0.0000331102819473,0.0000690073793521,0.0000517500120623,0.0000417657211074,0.000028302307328,0.0000128252495415,0.0000100227944131,0.00000784555959399,0.00000733150181986,0.00000456315638075,0.00000340468750437,0.00000330251282321,0.00000203105696528,8.33729416172e-7,8.37629329453e-7,8.55632151797e-7,0.00000132511513584,0.00000174252375018,0.00000196039786715,0.00000172289026068,0.00000230130399359,0.00000285054898086,0.00000241577822635,0.00000239370592681,0.00000238694838117],"dmean2":[0.00145300361328,0.00133787537925,0.000851409742609,0.000832919497043,0.000222493850742,0.0000510204517923,0.0000235623410845,0.0000412385088566,0.0000631664443063,0.0000850450451253,0.00015160854673,0.000112940499093,0.000108378997538,0.0000821766443551,0.0000918287478271,0.000051232163969,0.000107019732241,0.0000796024978627,0.0000653612005408,0.000043736436055,0.0000197594326892,0.0000157226731972,0.0000119714268294,0.000011443297808,0.00000696901224728,0.00000518358456247,0.00000495952281199,0.0000031704914818,0.00000126002043999,0.00000127836381125,0.00000125546739582,0.00000190435252989,0.00000252876589002,0.0000028251929507,0.00000239188011619,0.00000325910013999,0.00000417517230744,0.00000339117559633,0.00000325571318172,0.00000324738971358],"dvar":[0.00000200073554879,0.00000105901324332,6.15514238689e-7,0.0000011137135516,5.93969389229e-8,4.74961581176e-9,8.42274527901e-10,2.79963940919e-9,8.08292721644e-9,1.27515900061e-8,3.37845094123e-8,5.12174587186e-8,3.34386101031e-8,4.38684324422e-8,6.62840520249e-8,1.13481499753e-8,6.46052455977e-8,2.60049546341e-8,1.91982465481e-8,1.55049448836e-8,9.92501969499e-10,4.75151473722e-10,3.77951198116e-10,2.90308971307e-10,1.08914238739e-10,6.3199952216e-11,6.81593739782e-11,4.05450222007e-11,3.85638049272e-12,5.04509671886e-12,4.79527485428e-12,3.25492618969e-11,2.99484187449e-11,5.69387210991e-11,3.58729608518e-11,5.05590881661e-11,7.27777629828e-11,7.69526248279e-11,6.45769410168e-11,6.020912241e-11],"dvar2":[0.00000507511367687,0.00000281940151581,0.00000166769109455,0.00000289111153506,1.49839223695e-7,1.07323439025e-8,1.79550296853e-9,7.34659355572e-9,1.8624215059e-8,2.98617308658e-8,8.41163654286e-8,1.34331529011e-7,7.01876530229e-8,1.10997675051e-7,1.68495830621e-7,2.52925058675e-8,1.55348331532e-7,6.11956352259e-8,4.44103953612e-8,3.35380363481e-8,2.12965689528e-9,9.87915860229e-10,8.31782531741e-10,7.32585103691e-10,2.53395276983e-10,1.44238052058e-10,1.51021070649e-10,1.03969867438e-10,8.65261334804e-12,1.17381850767e-11,1.01356692137e-11,7.02220850912e-11,6.38374006434e-11,1.23766594196e-10,6.81730435992e-11,1.10018744115e-10,1.55490384457e-10,1.68504224463e-10,1.20345997057e-10,1.19012300015e-10],"max":[0.0123303933069,0.01156639494,0.0096924835816,0.0167356356978,0.00572726363316,0.00189559347928,0.00131421431433,0.000997850089334,0.00237495405599,0.00236989953555,0.00304518430494,0.00597229739651,0.00526358745992,0.00608705915511,0.00668735615909,0.00253849988803,0.00833820924163,0.00471640052274,0.00398182729259,0.00423510884866,0.00126809917856,0.000830912322272,0.000428476574598,0.00055576703744,0.000232474762015,0.000236291220062,0.000212480023038,0.000194395528524,0.0000368181827071,0.0000295062254736,0.0000423417259299,0.000200713489903,0.000130158587126,0.000336017837981,0.000230549499975,0.000310151430313,0.000259198131971,0.000284290639684,0.00025145575637,0.000248963595368],"mean":[0.00180982309394,0.00207841466181,0.00105537776835,0.00080631126184,0.000300650135614,0.0000763789721532,0.0000414193636971,0.0000491663413413,0.0000773152496549,0.000101512814581,0.000168735758052,0.000140257499879,0.000130303102196,0.0000955148570938,0.0000998037066893,0.0000598743245064,0.000138707531733,0.000102059304481,0.0000842316221679,0.0000553639620193,0.0000260627839452,0.000022276693926,0.0000176130361069,0.0000163802451425,0.0000101506375358,0.00000706209766577,0.00000723797393221,0.00000400525595978,0.00000133894752707,0.0000011857946447,0.0000012903761899,0.00000192229617824,0.00000247503840001,0.00000293476659863,0.00000286255203719,0.00000390786090065,0.0000046418454076,0.00000384402937925,0.00000372850058739,0.00000339192774845],"median":[0.00100075080991,0.00177770876326,0.00061739917146,0.00045304291416,0.000179820344783,0.0000369409717678,0.0000187565547094,0.0000201274815481,0.0000268865551334,0.0000399892815039,0.0000740865943953,0.0000373434595531,0.000042694126023,0.0000214152460103,0.0000184282107512,0.0000121003567983,0.000015046450244,0.0000156150563271,0.000016554227841,0.000012117748156,0.0000118663792819,0.00000942672158999,0.00000438264578406,0.0000043339214244,0.00000312120369017,0.00000281698771687,0.00000271201179203,0.00000161502737228,4.78891251987e-7,3.81863571874e-7,3.33251307438e-7,2.80125192376e-7,3.72877991595e-7,4.46916061492e-7,5.71183932152e-7,0.0000011183509514,0.00000123659140172,6.93850779498e-7,5.31009561655e-7,3.97745822056e-7],"min":[9.24727602219e-25,1.42528933026e-24,2.18125858143e-24,1.98857851647e-24,1.37293351945e-24,1.36786232712e-24,1.07405946461e-24,9.31780610357e-25,1.03977556967e-24,1.07185114712e-24,8.85000764247e-25,1.83563554467e-24,2.09246065085e-24,3.01869655512e-24,3.06455816713e-24,2.90805269949e-24,3.46443097113e-24,2.03428373681e-24,2.88735318655e-24,3.59449125743e-24,3.15461768352e-24,1.89547261648e-24,4.47296912807e-24,3.76093459755e-24,3.32778724614e-24,4.41748538516e-24,4.15799590128e-24,4.58691850811e-24,4.76320209915e-24,4.0671463407e-24,5.43765135185e-24,5.65115931686e-24,5.87146529072e-24,5.55703480023e-24,6.04896372756e-24,6.33785524067e-24,6.12671780268e-24,5.90885256446e-24,6.78631477668e-24,5.36401394736e-24],"var":[0.00000407026755056,0.00000269060160463,0.00000163023071309,0.00000133973139782,1.57628079478e-7,1.58374824366e-8,6.24899643142e-9,6.52179510396e-9,2.13375219715e-8,3.00299873857e-8,7.25789064404e-8,1.26104211517e-7,9.66227133858e-8,9.12428248512e-8,1.70565670032e-7,2.65442992031e-8,2.09512748484e-7,7.89322811556e-8,5.40982547648e-8,4.74948613771e-8,3.56163809556e-9,2.47252263108e-9,1.37311784165e-9,9.40061140042e-10,3.77754105774e-10,1.58955459906e-10,2.00793950911e-10,6.76067257732e-11,6.23058115518e-12,6.75121200264e-12,8.95765839976e-12,5.46805031809e-11,5.99193056283e-11,1.25379054361e-10,1.00632530087e-10,1.07769321245e-10,1.45518389005e-10,1.59290830526e-10,1.7454036827e-10,1.35549307889e-10]},"melbands_crest":{"dmean":3.15233039856,"dmean2":5.06669092178,"dvar":8.70021724701,"dvar2":21.6837940216,"max":31.9737949371,"mean":16.4031352997,"median":16.0951404572,"min":1.70559847355,"var":32.5491638184},"melbands_flatness_db":{"dmean":0.0231747478247,"dmean2":0.0345418266952,"dvar":0.000506820739247,"dvar2":0.00109738414176,"max":0.454420894384,"mean":0.205775856972,"median":0.202852219343,"min":0.00325614004396,"var":0.00371144688688},"melbands_kurtosis":{"dmean":7.85282230377,"dmean2":12.5258846283,"dvar":136.639038086,"dvar2":333.09274292,"max":183.398880005,"mean":17.1962509155,"median":11.5059223175,"min":-1.92291760445,"var":406.178283691},"melbands_skewness":{"dmean":0.747603833675,"dmean2":1.16711103916,"dvar":0.575191378593,"dvar2":1.34724724293,"max":11.2990112305,"mean":3.13878965378,"median":3.09847450256,"min":-1.37289023399,"var":3.61280417442},"melbands_spread":{"dmean":7.12416124344,"dmean2":10.8563461304,"dvar":114.230888367,"dvar2":232.522949219,"max":282.704223633,"mean":27.2098255157,"median":19.8657474518,"min":1.24852287769,"var":678.86126709},"mfcc":{"cov":[[13634.4541016,1501.31335449,-357.9168396,-208.75390625,539.736328125,42.0821113586,285.618591309,217.607940674,-66.2199707031,219.172607422,-95.8451843262,-196.294082642,-151.538513184],[1501.31335449,1324.52978516,-267.594482422,36.4751968384,160.659927368,-57.8994903564,103.472846985,98.2416992188,-61.5879135132,84.4757995605,-45.9962539673,11.5011949539,-19.3942661285],[-357.9168396,-267.594482422,596.398681641,53.15574646,-48.6448822021,95.333480835,-72.3245239258,1.3401273489,43.1536178589,-53.312374115,-38.695514679,9.23063564301,43.1313018799],[-208.75390625,36.4751968384,53.15574646,210.046554565,42.3304710388,-32.7309761047,-46.9960136414,25.3570842743,8.04789829254,-14.3304767609,-29.2313098907,22.0354099274,43.1823234558],[539.736328125,160.659927368,-48.6448822021,42.3304710388,179.971588135,-26.28956604,-8.76066303253,20.4480724335,1.45668506622,39.355670929,-17.4976902008,4.01717185974,-4.41568946838],[42.0821113586,-57.8994903564,95.333480835,-32.7309761047,-26.28956604,166.324066162,44.0129966736,-8.0705499649,22.9047489166,-29.8892841339,16.9988040924,-9.11761569977,-1.42768311501],[285.618591309,103.472846985,-72.3245239258,-46.9960136414,-8.76066303253,44.0129966736,161.124252319,42.7812767029,-18.4839553833,25.2507076263,16.7920970917,2.00161027908,-8.95640945435],[217.607940674,98.2416992188,1.3401273489,25.3570842743,20.4480724335,-8.0705499649,42.7812767029,97.0496444702,13.8827648163,13.1310100555,-11.4053850174,5.38519144058,10.1360588074],[-66.2199707031,-61.5879135132,43.1536178589,8.04789829254,1.45668506622,22.9047489166,-18.4839553833,13.8827648163,99.5454788208,7.72552347183,1.93158531189,-7.96917009354,2.7575070858],[219.172607422,84.4757995605,-53.312374115,-14.3304767609,39.355670929,-29.8892841339,25.2507076263,13.1310100555,7.72552347183,106.189361572,19.2941417694,2.9850025177,-14.3625478745],[-95.8451843262,-45.9962539673,-38.695514679,-29.2313098907,-17.4976902008,16.9988040924,16.7920970917,-11.4053850174,1.93158531189,19.2941417694,107.442947388,17.2581043243,-2.71963953972],[-196.294082642,11.5011949539,9.23063564301,22.0354099274,4.01717185974,-9.11761569977,2.00161027908,5.38519144058,-7.96917009354,2.9850025177,17.2581043243,77.3205337524,32.273147583],[-151.538513184,-19.3942661285,43.1313018799,43.1823234558,-4.41568946838,-1.42768311501,-8.95640945435,10.1360588074,2.7575070858,-14.3625478745,-2.71963953972,32.273147583,79.6313095093]],"icov":[[0.000101987920061,-0.0000746046061977,-0.0000152050242832,0.000138265852001,-0.000267687079031,-0.00005332348519,-0.0000571315795241,-0.000126619474031,0.0000645192048978,-0.0000431954504165,0.0000160479503393,0.000259998807451,-0.0000117880672406],[-0.0000746046061977,0.00111363932956,0.000395678362111,-0.000232971084188,-0.00040287754382,-0.000152526336024,-0.000169965802343,-0.000715072499588,0.000583485583775,-0.000435451569501,0.000533016107511,-0.000389874418033,0.000165572753758],[-0.0000152050242832,0.000395678362111,0.00251640565693,-0.000353793817339,0.000538303749636,-0.00195130810607,0.00153080688324,-0.000987789360806,0.0000166954050655,-0.000338330428349,0.00114357552957,-0.000503735267557,-0.000629307702184],[0.000138265852001,-0.000232971084188,-0.000353793817339,0.00679383333772,-0.00167510623578,0.00068784650648,0.00158093229402,-0.00184911140241,-0.000065759413701,0.000827027251944,0.000764239404816,-0.000364528037608,-0.00262823374942],[-0.000267687079031,-0.00040287754382,0.000538303749636,-0.00167510623578,0.00802316144109,-0.000471410749014,0.00150410202332,-0.000476865709061,-0.000123171819723,-0.00254609016702,0.00108340114821,-0.00114154908806,0.000720289885066],[-0.00005332348519,-0.000152526336024,-0.00195130810607,0.00068784650648,-0.000471410749014,0.00982957985252,-0.00462162075564,0.00271174684167,-0.00299702282064,0.0036197421141,-0.00200198823586,0.000987354200333,0.000118504096463],[-0.0000571315795241,-0.000169965802343,0.00153080688324,0.00158093229402,0.00150410202332,-0.00462162075564,0.0112550463527,-0.00580878229812,0.0031656853389,-0.00281251058914,0.0000283217468677,-0.000779939524364,-0.000130573127535],[-0.000126619474031,-0.000715072499588,-0.000987789360806,-0.00184911140241,-0.000476865709061,0.00271174684167,-0.00580878229812,0.015394937247,-0.00383554887958,0.000502119306475,0.000750843028072,-0.000265935639618,-0.00111129134893],[0.0000645192048978,0.000583485583775,0.0000166954050655,-0.000065759413701,-0.000123171819723,-0.00299702282064,0.0031656853389,-0.00383554887958,0.0126119526103,-0.00267209112644,-0.000164584052982,0.00157516030595,-0.000487468700157],[-0.0000431954504165,-0.000435451569501,-0.000338330428349,0.000827027251944,-0.00254609016702,0.0036197421141,-0.00281251058914,0.000502119306475,-0.00267209112644,0.0133163779974,-0.00283533753827,-0.00050639064284,0.00169269321486],[0.0000160479503393,0.000533016107511,0.00114357552957,0.000764239404816,0.00108340114821,-0.00200198823586,0.0000283217468677,0.000750843028072,-0.000164584052982,-0.00283533753827,0.0118089979514,-0.00342517555691,0.000344101019436],[0.000259998807451,-0.000389874418033,-0.000503735267557,-0.000364528037608,-0.00114154908806,0.000987354200333,-0.000779939524364,-0.000265935639618,0.00157516030595,-0.00050639064284,-0.00342517555691,0.017770094797,-0.00669389078394],[-0.0000117880672406,0.000165572753758,-0.000629307702184,-0.00262823374942,0.000720289885066,0.000118504096463,-0.000130573127535,-0.00111129134893,-0.000487468700157,0.00169269321486,0.000344101019436,-0.00669389078394,0.0175575371832]],"mean":[-661.521850586,111.847038269,7.55940914154,6.54341888428,30.0534133911,8.8998670578,13.5736312866,16.457195282,1.37579739094,8.84308338165,-9.6044178009,-8.39490699768,-5.6926612854]},"pitch_salience":{"dmean":0.0662278831005,"dmean2":0.106627903879,"dvar":0.00365334702656,"dvar2":0.0091118235141,"max":0.82036280632,"mean":0.496725142002,"median":0.496366322041,"min":0.123129427433,"var":0.0120781017467},"silence_rate_20dB":{"dmean":0,"dmean2":0,"dvar":0,"dvar2":0,"max":1,"mean":1,"median":1,"min":1,"var":0},"silence_rate_30dB":{"dmean":0,"dmean2":0,"dvar":0,"dvar2":0,"max":1,"mean":1,"median":1,"min":1,"var":0},"silence_rate_60dB":{"dmean":0.00320051214658,"dmean2":0.00640204874799,"dvar":0.00319020915776,"dvar2":0.00732134608552,"max":1,"mean":0.0751999989152,"median":0,"min":0,"var":0.0695438608527},"spectral_centroid":{"dmean":229.686065674,"dmean2":347.486114502,"dvar":88494.6953125,"dvar2":177429.546875,"max":11675.5898438,"mean":1461.64074707,"median":1227.65454102,"min":205.987838745,"var":1895543},"spectral_complexity":{"dmean":2.68362927437,"dmean2":4.05505752563,"dvar":9.22237873077,"dvar2":18.5825958252,"max":46,"mean":16.1673603058,"median":16,"min":0,"var":62.6140899658},"spectral_contrast_coeffs":{"dmean":[0.0493296422064,0.0388262569904,0.0367382988334,0.0296153407544,0.0223821755499,0.0142318764701],"dmean2":[0.0810123980045,0.0626504272223,0.0588111057878,0.0477605089545,0.0349276252091,0.0219306070358],"dvar":[0.00171779037919,0.00104449316859,0.000882882450242,0.000625307206064,0.000396467599785,0.000188863472431],"dvar2":[0.00443502468988,0.00266176811419,0.00222933897749,0.00145728094503,0.000893873278983,0.00043257890502],"max":[-0.34728500247,-0.507383346558,-0.471282809973,-0.480666011572,-0.536103606224,-0.662140786648],"mean":[-0.665194153786,-0.735269427299,-0.751484394073,-0.753948807716,-0.761267364025,-0.830334544182],"median":[-0.665877223015,-0.73314255476,-0.754766941071,-0.766140937805,-0.761999726295,-0.830827355385],"min":[-0.977860808372,-0.980414927006,-0.981050670147,-0.968817949295,-0.97071814537,-0.964795291424],"var":[0.00834769010544,0.00517298746854,0.00533837266266,0.00618987623602,0.00374162383378,0.00109037465882]},"spectral_contrast_valleys":{"dmean":[0.360625952482,0.329224228859,0.301796734333,0.258654028177,0.230724304914,0.282122939825],"dmean2":[0.598085820675,0.538248181343,0.479663461447,0.402459621429,0.332395583391,0.339080661535],"dvar":[0.115745708346,0.10347032547,0.0970002636313,0.0821582451463,0.0851746499538,0.135006695986],"dvar2":[0.279531240463,0.239983156323,0.201380848885,0.156220063567,0.146776914597,0.192953392863],"max":[-5.47567081451,-5.75214338303,-4.94522953033,-5.75697422028,-6.12377166748,-7.106112957],"mean":[-7.34031677246,-7.99416208267,-7.78083753586,-8.19587135315,-8.43143177032,-10.1686515808],"median":[-6.74571418762,-7.49357652664,-7.28989124298,-7.71476840973,-7.9602022171,-9.81281661987],"min":[-28.3199481964,-28.1142787933,-27.8016548157,-27.7617053986,-27.5817909241,-27.4053153992],"var":[8.13969993591,7.55711460114,7.71630954742,7.50629329681,7.30144453049,6.57228374481]},"spectral_decrease":{"dmean":1.61727953252e-9,"dmean2":2.5766651035e-9,"dvar":3.53503120759e-18,"dvar2":8.80751724154e-18,"max":3.50227278738e-17,"mean":-6.37899333356e-9,"median":-5.77091263665e-9,"min":-2.61829988801e-8,"var":1.62276226396e-17},"spectral_energy":{"dmean":0.00658221403137,"dmean2":0.0102703096345,"dvar":0.0000587313988945,"dvar2":0.000140671007102,"max":0.109619796276,"mean":0.0263615362346,"median":0.0234659612179,"min":9.90542078846e-21,"var":0.000287688453682},"spectral_energyband_high":{"dmean":0.000646875880193,"dmean2":0.000839615124278,"dvar":0.00000300827673527,"dvar2":0.00000525056702827,"max":0.034805290401,"mean":0.00115191400982,"median":0.000289731018711,"min":7.07877580651e-21,"var":0.00000858055227582},"spectral_energyband_low":{"dmean":0.00423134909943,"dmean2":0.00696884328499,"dvar":0.0000279821852018,"dvar2":0.0000748683742131,"max":0.0634247437119,"mean":0.011476396583,"median":0.0106500750408,"min":1.56271310063e-23,"var":0.0000663772443659},"spectral_energyband_middle_high":{"dmean":0.00211261725053,"dmean2":0.00314865261316,"dvar":0.0000196575638256,"dvar2":0.0000449991130154,"max":0.0796837210655,"mean":0.00751712685451,"median":0.00258448719978,"min":1.14839437282e-21,"var":0.000134179193992},"spectral_energyband_middle_low":{"dmean":0.0030575832352,"dmean2":0.0048727481626,"dvar":0.0000211441893043,"dvar2":0.0000543429741811,"max":0.063635148108,"mean":0.00767931202427,"median":0.00616970658302,"min":1.14566559566e-22,"var":0.0000403217272833},"spectral_entropy":{"dmean":0.156917154789,"dmean2":0.213615819812,"dvar":0.0261010471731,"dvar2":0.0441187135875,"max":9.81710720062,"mean":7.64785575867,"median":7.55347061157,"min":6.06732702255,"var":0.26363953948},"spectral_flux":{"dmean":0.0211949106306,"dmean2":0.0337704494596,"dvar":0.000543429283425,"dvar2":0.00130291178357,"max":0.262587696314,"mean":0.0738273411989,"median":0.0661325529218,"min":6.43551739676e-11,"var":0.00191484158859},"spectral_kurtosis":{"dmean":1.0984826088,"dmean2":1.65477371216,"dvar":1.33720254898,"dvar2":2.96433568001,"max":27.0649776459,"mean":4.30642366409,"median":4.37868022919,"min":-1.28700625896,"var":8.03773498535},"spectral_rms":{"dmean":0.000608760863543,"dmean2":0.000939335383009,"dvar":4.0405046775e-7,"dvar2":9.43437839851e-7,"max":0.010341476649,"mean":0.00471868086606,"median":0.00478472746909,"min":3.10866935492e-12,"var":0.00000345266471413},"spectral_rolloff":{"dmean":645.854797363,"dmean2":1060.81555176,"dvar":2089940.75,"dvar2":4392516.5,"max":20930.2734375,"mean":2002.75427246,"median":1033.59375,"min":64.599609375,"var":11079933},"spectral_skewness":{"dmean":0.178858935833,"dmean2":0.257878452539,"dvar":0.0330386571586,"dvar2":0.0612760297954,"max":4.05440616608,"mean":1.71032464504,"median":1.79328405857,"min":-0.531662642956,"var":0.282864511013},"spectral_spread":{"dmean":721435.6875,"dmean2":935051.0625,"dvar":952973131776,"dvar2":1613541015550,"max":46775028,"mean":6349348,"median":5137373,"min":2330261,"var":23925937406000},"spectral_strongpeak":{"dmean":0.538704991341,"dmean2":0.928942322731,"dvar":1.95812880993,"dvar2":5.06909179688,"max":21.1548652649,"mean":0.979950129986,"median":0.342564821243,"min":0,"var":4.04464197159},"zerocrossingrate":{"dmean":0.0135511523113,"dmean2":0.0147766815498,"dvar":0.000317972997436,"dvar2":0.000315161800245,"max":0.62841796875,"mean":0.0760283619165,"median":0.0546875,"min":0.00537109375,"var":0.00647431565449}},"metadata":{"audio_properties":{"analysis_sample_rate":44100,"bit_rate":0,"codec":"flac","downmix":"mix","equal_loudness":0,"length":145.093338013,"lossless":true,"md5_encoded":"8acbc983d84eb1c7f94ea72c57881d94","replay_gain":-12.2735710144,"sample_rate":44100},"tags":{"album":["Greatest Hits"],"albumartist":["Bee Gees"],"albumartistsort":["Bee Gees"],"artist":["Bee Gees"],"artistsort":["Bee Gees"],"barcode":["4607147861974"],"catalognumber":["16036-1","16036-2"],"date":["2008"],"discnumber":["1"],"disctotal":["2"],"file_name":"04. Massachusetts.flac","genre":["Pop"],"isrc":["GBA076800190"],"label":["Star Mark","Star Mark"],"language":["eng"],"media":["CD"],"musicbrainz_albumartistid":["bf0f7e29-dfe1-416c-b5c6-f9ebc19ea810"],"musicbrainz_albumid":["084a82ee-cabf-4884-8ae5-dbe166a2391b"],"musicbrainz_artistid":["bf0f7e29-dfe1-416c-b5c6-f9ebc19ea810"],"musicbrainz_recordingid":["5f129a78-842b-4264-8d0a-fee59cf05d3d"],"musicbrainz_releasegroupid":["2ac2dfb7-e337-4545-9f9d-b5ba3118b3fe"],"musicbrainz_workid":["78ccdd9f-8b27-37f4-93cd-33bce8635886"],"musicip_puid":["c70f425e-717d-d2e9-6ca2-61f4710492e4"],"originaldate":["2008"],"releasecountry":["RU"],"releasestatus":["bootleg"],"releasetype":["album","compilation"],"script":["Latn"],"title":["Massachusetts"],"totaldiscs":["2"],"totaltracks":["23"],"tracknumber":["4"],"tracktotal":["23"],"writer":["Maurice Gibb","Robin Gibb","Barry Gibb"]},"version":{"essentia":"2.1-beta2","essentia_build_sha":"70f2e5ece6736b2c40cc944ad0e695b16b925413","essentia_git_sha":"v2.1_beta2","extractor":"music 1.0"}},"rhythm":{"beats_count":247,"beats_loudness":{"dmean":0.0128063010052,"dmean2":0.0219282004982,"dvar":0.000131365392008,"dvar2":0.00036423644633,"max":0.088359028101,"mean":0.0348549298942,"median":0.0324967689812,"min":0,"var":0.000315833662171},"beats_loudness_band_ratio":{"dmean":[0.264592826366,0.129288241267,0.0471610091627,0.11316626519,0.0695398449898,0.20