{"lowlevel":{"average_loudness":0.946576416492,"barkbands":{"dmean":[0.00223842635751,0.00704466365278,0.00451809028164,0.00163549883291,0.00242831325158,0.000779359717853,0.000759355898481,0.000869163428433,0.000781121081673,0.000780240865424,0.000506449316163,0.00049606570974,0.00037823812454,0.000361673213774,0.000367472181097,0.000326336768921,0.000284632202238,0.000265501992544,0.000207220480661,0.000120205091662,0.000106867169961,0.000117814794066,0.0000922956387512,0.0000494449923281,0.000038259448047,0.0000340720871463,0.0000110872260848],"dmean2":[0.00347456149757,0.0115739330649,0.00782687962055,0.00281226076186,0.00411777943373,0.00127720832825,0.00122156564612,0.0014462089166,0.00125295715407,0.00119352864567,0.000780803093221,0.000786762393545,0.000603238528129,0.000571201613639,0.000575647689402,0.000506976619363,0.000439311843365,0.000412287539802,0.000330053677317,0.000190271806787,0.000167288439116,0.000179837064934,0.000141920230817,0.000071778515121,0.0000535173312528,0.0000489751982968,0.0000152904358401],"dvar":[0.0000290244934149,0.000169040737092,0.0000864041066961,0.00000433424384028,0.0000179544240382,0.00000163332151715,0.00000160687829975,0.00000267955806521,0.00000279620530819,0.00000215784370994,8.6578495484e-7,0.00000109928157599,5.342032523e-7,5.83210237437e-7,5.13840632266e-7,3.77806514962e-7,2.65692108314e-7,2.20217785341e-7,9.78922116701e-8,4.03687536732e-8,4.44194299121e-8,4.66389273868e-8,2.71286015874e-8,1.47179664012e-8,5.52125722919e-9,8.73483507746e-9,5.82073056421e-10],"dvar2":[0.0000657538112137,0.000419533927925,0.000235543455346,0.0000122061383081,0.0000466000528832,0.00000402175692216,0.00000409827771364,0.00000709073719918,0.00000693358015269,0.00000491737273478,0.0000019358337795,0.00000277917047242,0.00000126918348542,0.00000141619455007,0.00000122022765936,8.62429260451e-7,5.45612067526e-7,5.00345947785e-7,2.46560858841e-7,9.6200437838e-8,1.08132262255e-7,1.04854244398e-7,6.35280343886e-8,3.13117531903e-8,1.1891087226e-8,2.18152393927e-8,1.29866795096e-9],"max":[0.0485012680292,0.133309364319,0.0890974700451,0.0319428369403,0.0497955679893,0.0201445817947,0.0170288681984,0.032109759748,0.0505486652255,0.0346408188343,0.0188784692436,0.0253124665469,0.0131379216909,0.0149281630293,0.026796894148,0.0129405157641,0.0124028706923,0.0109065854922,0.00508706457913,0.00640629325062,0.00795358512551,0.00660462584347,0.0037947492674,0.00330990389921,0.00223575858399,0.00199348293245,0.000439671042841],"mean":[0.0021268571727,0.0105931824073,0.00655188737437,0.00269164843485,0.0039305142127,0.00133992929477,0.00131476426031,0.00144367502071,0.00131959933788,0.00152060005348,0.000963821075857,0.000905004970264,0.000667321379296,0.000634527823422,0.000692313362379,0.000654844858218,0.000607358640991,0.000511531776283,0.000405858474551,0.000253162521403,0.000225279480219,0.00025024075876,0.000182008749107,0.00010349729564,0.0000738606831874,0.000047416666348,0.0000153744331328],"median":[0.000341458828188,0.00581727363169,0.00417802063748,0.00187999242917,0.00255272304639,0.000726956292056,0.000792476697825,0.00087879417697,0.000698198680766,0.000730337924324,0.000432315660873,0.000433704524767,0.00033705480746,0.000296116340905,0.000379640667234,0.000335528893629,0.000338328682119,0.000284645910142,0.000226574498811,0.00015917258861,0.000135739493999,0.000133374836878,0.000092351976491,0.0000472661085951,0.0000312279589707,0.000013745682736,0.00000382213693229],"min":[3.74923847804e-17,4.58889760645e-17,1.81151280291e-17,8.41261873557e-18,6.34412126498e-18,3.163292518e-17,4.42152819741e-17,2.06205406449e-17,1.08337209674e-17,7.00038237474e-18,8.96752126897e-18,2.55486941373e-17,4.92548004467e-18,1.45770499017e-17,3.91415579287e-17,1.00488944838e-16,1.0115575829e-16,5.30772602908e-16,5.96324495931e-17,1.25436182717e-16,9.48331404127e-17,1.81965944006e-16,1.80620710102e-16,6.15143450437e-17,1.43696743987e-16,5.87731068749e-16,5.82968784821e-16],"var":[0.0000304869354295,0.000207224555197,0.0000744538992876,0.00000715264195605,0.0000213397306652,0.00000302770968119,0.00000254812925959,0.00000385477778764,0.00000413123598264,0.00000568639597986,0.00000269521547125,0.00000236568325818,0.00000104686523628,0.00000108669371457,0.00000110284076982,0.00000100342344922,8.91898878308e-7,5.84196868658e-7,2.47354648764e-7,1.01732922531e-7,1.08874743887e-7,1.34581313205e-7,6.38610870851e-8,3.51091493656e-8,1.31977744289e-8,9.6806314076e-9,7.82568954083e-10]},"barkbands_crest":{"dmean":2.11055397987,"dmean2":3.48865938187,"dvar":4.16572475433,"dvar2":11.2567186356,"max":22.3949832916,"mean":8.48391437531,"median":7.91170549393,"min":2.44306564331,"var":9.36148738861},"barkbands_flatness_db":{"dmean":0.0200487151742,"dmean2":0.0303179156035,"dvar":0.000496445922181,"dvar2":0.00113774556667,"max":0.423596262932,"mean":0.117861002684,"median":0.106991499662,"min":0.0233407877386,"var":0.00343399494886},"barkbands_kurtosis":{"dmean":2.29116415977,"dmean2":3.6962082386,"dvar":15.9495410919,"dvar2":41.0026550293,"max":63.8626022339,"mean":3.2079577446,"median":1.27558708191,"min":-1.88869702816,"var":34.8224639893},"barkbands_skewness":{"dmean":0.470011591911,"dmean2":0.740406394005,"dvar":0.286886334419,"dvar2":0.681338846684,"max":7.18459177017,"mean":1.54833626747,"median":1.36539566517,"min":-1.40479695797,"var":0.932738184929},"barkbands_spread":{"dmean":5.22236537933,"dmean2":8.20133590698,"dvar":39.3369178772,"dvar2":89.9142303467,"max":97.8341217041,"mean":23.996547699,"median":22.8046684265,"min":1.38983917236,"var":146.839141846},"dissonance":{"dmean":0.0156051674858,"dmean2":0.0261327885091,"dvar":0.000255777442362,"dvar2":0.000646493339445,"max":0.500000178814,"mean":0.469576686621,"median":0.476443856955,"min":0.0688341110945,"var":0.000685451785102},"dynamic_complexity":2.33618927002,"erbbands":{"dmean":[0.244909867644,1.73439240456,5.34749031067,4.82413291931,7.53472805023,7.58703374863,6.26095724106,6.70733213425,10.1550769806,9.85152339935,22.600605011,17.7573108673,16.862657547,25.9754161835,16.8165893555,20.3031005859,16.6347560883,17.2116737366,17.530172348,17.8121337891,16.1944847107,14.0632143021,14.0985364914,11.1275663376,9.2505979538,5.59827280045,5.15008306503,3.97685146332,4.24403238297,3.63687562943,2.51920413971,1.09203279018,0.853956639767,0.459623336792,0.286749243736,0.163366824389,0.0575224757195,0.0128127429634,0.00175879523158,0.000125005390146],"dmean2":[0.388186365366,2.97928833961,9.32444190979,8.40082359314,12.8718576431,12.7584295273,10.520939827,11.1238489151,16.2485332489,16.1893386841,37.4150238037,28.5321006775,26.2017593384,39.4752578735,26.3981895447,31.7993011475,26.5384159088,26.9875392914,27.3960189819,27.9214363098,24.8415412903,21.126285553,21.5446338654,17.7762126923,14.6947946548,8.82174301147,8.1504983902,6.12734937668,6.51816082001,5.59362602234,3.90105414391,1.61879432201,1.24778056145,0.65874171257,0.405017226934,0.236529037356,0.0836724489927,0.0179891064763,0.0024392446503,0.000169260776602],"dvar":[0.227925717831,13.0467586517,128.023391724,53.3233451843,163.889343262,156.29498291,102.972648621,153.511581421,257.957946777,374.126098633,1827.76611328,1445.99365234,1844.42700195,2257.80371094,830.203735352,2084.00219727,996.051513672,1558.1262207,1067.67834473,1347.92895508,943.259277344,696.337219238,630.412841797,336.326538086,228.712921143,97.8194503784,81.6860733032,68.6173248291,69.3856430054,36.9968910217,20.8208618164,5.78990840912,4.81690740585,0.932957470417,0.314021945,0.217737331986,0.0239976290613,0.000788441917393,0.000015566150978,6.23170777203e-8],"dvar2":[0.552252590656,35.4909477234,348.264007568,150.531173706,436.978210449,407.011352539,269.293548584,393.95135498,653.186584473,977.708496094,4805.64208984,3579.33691406,4232.03369141,5198.51123047,2024.38903809,5274.39648438,2400.96142578,3766.33911133,2563.48510742,3143.0534668,2154.14111328,1374.390625,1414.90686035,844.16784668,576.848022461,231.548843384,203.832962036,153.864578247,155.58203125,85.4197311401,50.189125061,12.7247447968,10.4345283508,2.08723306656,0.669199168682,0.539733409882,0.0606812126935,0.00181026326027,0.000035706358176,1.32072216275e-7],"max":[4.38681697845,35.2137145996,108.670768738,104.827476501,174.205108643,169.581542969,160.593322754,214.746887207,206.217712402,385.223602295,763.675964355,1388.54833984,1252.18310547,974.182373047,650.276428223,1183.17907715,707.539855957,824.126586914,817.799560547,1723.83764648,832.689941406,819.578674316,663.946350098,476.051422119,347.575683594,369.337738037,248.318115234,296.699798584,287.44732666,133.90133667,82.9644699097,67.126914978,78.6360321045,37.2653465271,12.5702362061,10.1337909698,4.01366186142,0.554389357567,0.0712289959192,0.00470405211672],"mean":[0.312683522701,2.35142970085,7.72776556015,8.30267238617,11.688829422,12.882894516,10.2717485428,10.9274702072,18.6775054932,18.2249145508,39.1453704834,31.8624477386,32.5846710205,54.8145484924,35.9100494385,39.4546699524,32.3221664429,32.8406944275,35.7196311951,35.9338874817,35.8037109375,32.5807228088,30.438079834,20.7804031372,19.2523078918,12.1001329422,10.5601425171,8.25214672089,8.78263759613,7.75410938263,4.74785041809,2.31533288956,1.68395745754,0.907980978489,0.511582493782,0.234633788466,0.0776973664761,0.0175934564322,0.00244612433016,0.000207883538678],"median":[0.141784280539,1.30436956882,4.84140253067,6.07053565979,7.94593477249,8.29937362671,5.80838871002,5.64003229141,11.1904287338,11.7546739578,24.2850322723,18.2689476013,15.3155708313,24.8493213654,21.4267883301,18.7825737,17.42162323,16.1033039093,20.4408111572,19.6910057068,20.692773819,18.9354629517,17.544095993,13.3658752441,10.0145635605,7.67126083374,6.49120569229,4.83302879333,4.68231248856,4.04753255844,2.37287163734,1.08908987045,0.748806715012,0.398837476969,0.193116977811,0.0740268006921,0.0214309711009,0.00440633902326,0.000632926123217,0.0000868868519319],"min":[1.84887789452e-15,8.56116528581e-15,2.04966845227e-14,2.72503035219e-14,1.97938843457e-14,1.87781342938e-14,9.63810194848e-14,3.17235956471e-13,5.84498432727e-13,6.20431440598e-13,3.68911037786e-13,2.43440684278e-13,2.86038662374e-13,1.61080201369e-13,6.74771002962e-13,9.35827695718e-13,2.64378417162e-13,6.62295793295e-13,1.20822742002e-12,3.94500924983e-12,5.41284421798e-12,6.80581459245e-12,2.43827510266e-11,1.50059582815e-11,4.03863617895e-12,5.87422645248e-12,2.65469937699e-12,4.24522483139e-12,8.3175957441e-12,6.23879203507e-12,4.08334997759e-12,1.61730416386e-12,7.58144686353e-13,1.25019981347e-12,1.32983771564e-12,2.44186745477e-12,1.01412270508e-12,3.37262986636e-13,7.693643628e-14,9.55350842923e-15],"var":[0.271960496902,11.751115799,107.619926453,61.3396911621,178.920135498,214.741760254,178.536605835,226.486297607,485.34753418,518.888793945,2658.31298828,2183.28027344,3492.29150391,8276.81054688,2166.90551758,4630.52441406,2090.40063477,2806.8215332,2790.01171875,2714.68847656,2597.55517578,2506.43359375,2008.70458984,593.377563477,653.393188477,241.801437378,199.376708984,183.025436401,188.775222778,108.030380249,44.3459892273,14.905339241,10.3355369568,2.10871338844,0.685236215591,0.253276079893,0.0254131946713,0.00102723622695,0.0000199345759029,9.37276212198e-8]},"erbbands_crest":{"dmean":2.09677767754,"dmean2":3.36414837837,"dvar":4.25577163696,"dvar2":10.6394901276,"max":27.6244525909,"mean":8.03073883057,"median":7.03910636902,"min":2.20989274979,"var":14.7034597397},"erbbands_flatness_db":{"dmean":0.0158808324486,"dmean2":0.0214365907013,"dvar":0.000344556436175,"dvar2":0.000627958739642,"max":0.373499035835,"mean":0.136879578233,"median":0.128643557429,"min":0.045723810792,"var":0.00222706026398},"erbbands_kurtosis":{"dmean":0.56490457058,"dmean2":0.890208303928,"dvar":0.459610283375,"dvar2":1.07637369633,"max":11.5275554657,"mean":0.132906779647,"median":-0.180144071579,"min":-1.76761043072,"var":1.50800585747},"erbbands_skewness":{"dmean":0.271765381098,"dmean2":0.418932199478,"dvar":0.0683633834124,"dvar2":0.158532217145,"max":3.21100687981,"mean":0.0674572810531,"median":0.0829452946782,"min":-3.14031243324,"var":0.340757519007},"erbbands_spread":{"dmean":7.11641407013,"dmean2":10.9030103683,"dvar":64.9841918945,"dvar2":147.146408081,"max":134.504638672,"mean":38.6901550293,"median":36.2840042114,"min":7.12619972229,"var":257.057556152},"gfcc":{"cov":[[7317.57958984,-2125.45654297,157.63999939,54.2265663147,-293.84463501,431.411956787,-121.629043579,348.704620361,-125.241279602,106.854621887,-354.360473633,50.7532691956,-257.00213623],[-2125.45654297,1475.44189453,-257.956756592,-45.570148468,165.639129639,-133.362762451,94.9080886841,-159.630737305,121.859367371,-114.539604187,133.893096924,-76.0640258789,135.354827881],[157.63999939,-257.956756592,472.611206055,76.655090332,37.2247505188,35.0835151672,24.1215667725,24.8694248199,-38.8467063904,40.2908248901,-23.0821628571,25.2617263794,-18.5017299652],[54.2265663147,-45.570148468,76.655090332,272.639678955,-8.42694282532,11.8914909363,-3.4602189064,34.4047241211,16.4123020172,-39.1982383728,-12.1894721985,-24.2303581238,0.143922999501],[-293.84463501,165.639129639,37.2247505188,-8.42694282532,212.02494812,9.31541538239,27.212266922,1.03835523129,21.2928180695,-2.12358403206,3.20559048653,7.83321523666,7.29547548294],[431.411956787,-133.362762451,35.0835151672,11.8914909363,9.31541538239,162.016693115,44.0600776672,22.2091445923,-22.0391960144,12.0098114014,-22.4905567169,-14.8785905838,-28.4698886871],[-121.629043579,94.9080886841,24.1215667725,-3.4602189064,27.212266922,44.0600776672,101.919723511,12.5375394821,6.97566890717,-1.46963799,17.7002983093,-4.85498571396,0.1790599823],[348.704620361,-159.630737305,24.8694248199,34.4047241211,1.03835523129,22.2091445923,12.5375394821,104.298950195,23.8819026947,2.43853402138,-27.5255870819,10.0077466965,-17.3464546204],[-125.241279602,121.859367371,-38.8467063904,16.4123020172,21.2928180695,-22.0391960144,6.97566890717,23.8819026947,82.3952560425,4.51375150681,4.48200464249,-10.8461666107,20.3571720123],[106.854621887,-114.539604187,40.2908248901,-39.1982383728,-2.12358403206,12.0098114014,-1.46963799,2.43853402138,4.51375150681,71.4083786011,15.299071312,11.0472726822,-11.166806221],[-354.360473633,133.893096924,-23.0821628571,-12.1894721985,3.20559048653,-22.4905567169,17.7002983093,-27.5255870819,4.48200464249,15.299071312,78.5202178955,16.860578537,15.8348493576],[50.7532691956,-76.0640258789,25.2617263794,-24.2303581238,7.83321523666,-14.8785905838,-4.85498571396,10.0077466965,-10.8461666107,11.0472726822,16.860578537,62.2005310059,13.4069328308],[-257.00213623,135.354827881,-18.5017299652,0.143922999501,7.29547548294,-28.4698886871,0.1790599823,-17.3464546204,20.3571720123,-11.166806221,15.8348493576,13.4069328308,65.593421936]],"icov":[[0.000314280419843,0.000224396208068,0.000117268202303,0.00000780506707088,0.000244331167778,-0.000589089817367,0.000215443607885,-0.000297232414596,-0.000139138079248,-0.0000857573322719,0.00078372011194,-0.000434344779933,0.000367503234884],[0.000224396208068,0.00306012993678,0.000345384643879,0.00097557483241,-0.00154249859042,0.000642621074803,-0.00175912026316,0.00263641355559,-0.00329161575064,0.0046588066034,-0.0034174406901,0.00360266491771,-0.00228439457715],[0.000117268202303,0.000345384643879,0.00310066621751,-0.00142174365465,-0.000709727872163,0.000363391562132,-0.00149547995534,0.000202583280043,0.00172656797804,-0.00265659624711,0.00189476762898,-0.00113672262523,-0.000294400320854],[0.00000780506707088,0.00097557483241,-0.00142174365465,0.00554873095825,-0.000140339368954,-0.000535652565304,0.00107661704533,-0.00110401783604,-0.00242120563053,0.00568668497726,-0.00353132258169,0.00384347280487,-0.00112108897883],[0.000244331167778,-0.00154249859042,-0.000709727872163,-0.000140339368954,0.00650016637519,-0.00155804259703,0.000209743942833,-0.0009089022642,-0.000685753650032,-0.00168326077983,0.00320384488441,-0.00406201044098,0.00228337571025],[-0.000589089817367,0.000642621074803,0.000363391562132,-0.000535652565304,-0.00155804259703,0.0105620557442,-0.00567226950079,0.000487179437187,0.00272332737222,-0.00145476160105,0.000211148289964,0.00391111755744,-0.000571839278564],[0.000215443607885,-0.00175912026316,-0.00149547995534,0.00107661704533,0.000209743942833,-0.00567226950079,0.0157139971852,-0.00501130754128,0.000483519339468,0.000632152950857,-0.00360423978418,0.0000812174694147,0.0010075630853],[-0.000297232414596,0.00263641355559,0.000202583280043,-0.00110401783604,-0.0009089022642,0.000487179437187,-0.00501130754128,0.019241688773,-0.0105376653373,0.00446313433349,0.00207935716026,-0.00419737864286,0.00325555959716],[-0.000139138079248,-0.00329161575064,0.00172656797804,-0.00242120563053,-0.000685753650032,0.00272332737222,0.000483519339468,-0.0105376653373,0.0243189558387,-0.0111703593284,0.00332312635146,0.00347852706909,-0.00575258489698],[-0.0000857573322719,0.0046588066034,-0.00265659624711,0.00568668497726,-0.00168326077983,-0.00145476160105,0.000632152950857,0.00446313433349,-0.0111703593284,0.0292600970715,-0.0133530199528,0.00456752069294,0.000760947528761],[0.00078372011194,-0.0034174406901,0.00189476762898,-0.00353132258169,0.00320384488441,0.000211148289964,-0.00360423978418,0.00207935716026,0.00332312635146,-0.0133530199528,0.0281404554844,-0.0133850416169,0.00359784043394],[-0.000434344779933,0.00360266491771,-0.00113672262523,0.00384347280487,-0.00406201044098,0.00391111755744,0.0000812174694147,-0.00419737864286,0.00347852706909,0.00456752069294,-0.0133850416169,0.0308942124248,-0.0118113327771],[0.000367503234884,-0.00228439457715,-0.000294400320854,-0.00112108897883,0.00228337571025,-0.000571839278564,0.0010075630853,0.00325555959716,-0.00575258489698,0.000760947528761,0.00359784043394,-0.0118113327771,0.0251352507621]],"mean":[31.221704483,97.6778717041,-109.961585999,34.5215072632,-45.4973678589,15.0420570374,-26.3581123352,7.72987937927,-17.0302371979,-2.57411980629,-17.3670883179,-0.779585778713,-12.4149065018]},"hfc":{"dmean":6.42716741562,"dmean2":8.85730648041,"dvar":66.5222473145,"dvar2":135.859161377,"max":128.529998779,"mean":25.2323627472,"median":22.480091095,"min":3.23500913557e-11,"var":300.01461792},"melbands":{"dmean":[0.00194673193619,0.0026071134489,0.00084464304382,0.000602813088335,0.000223472103244,0.000148135848576,0.000158299357281,0.000115057446237,0.000190212958842,0.000103733720607,0.0000859275605762,0.000109375447209,0.0000640722355456,0.0000530433935637,0.0000511744947289,0.0000323461499647,0.0000353979448846,0.0000298025079246,0.0000260009437625,0.0000240133122134,0.0000208542769542,0.0000156099522428,0.0000165738638316,0.0000124533562484,0.00000948664364842,0.00000872885630088,0.00000483711210109,0.00000391071216654,0.0000038508705984,0.00000253415441875,0.00000249306913247,0.00000268126950687,0.0000023092252377,0.00000207501625482,0.00000168299663983,9.23500408589e-7,6.62902095883e-7,6.95416758845e-7,4.93972549975e-7,3.71685814571e-7],"dmean2":[0.00306078884751,0.0045200525783,0.00145871983841,0.00102810526732,0.000375021103537,0.000243331392994,0.000252964091487,0.000189722923096,0.000313977099722,0.000166159836226,0.000133711160743,0.000166513913427,0.000100215438579,0.0000838434643811,0.0000811700156191,0.0000519477725902,0.0000555742444703,0.0000470401682833,0.0000403576013923,0.0000373486327589,0.0000325005348714,0.0000235876741499,0.0000255374307017,0.0000196197433979,0.0000153719156515,0.0000140772990562,0.0000077312661233,0.00000625320035397,0.00000618152853349,0.00000405086211686,0.00000390301602238,0.00000418752506448,0.00000363273261428,0.00000322461164615,0.00000264459026766,0.00000143889758419,9.95142158899e-7,0.00000104259947875,7.3332574857e-7,5.45774128113e-7],"dvar":[0.0000121065786516,0.0000305145513266,0.00000138668588079,0.00000109353584321,1.2940509464e-7,6.71122180051e-8,6.4396772359e-8,4.97228320739e-8,1.32221899207e-7,5.29268966432e-8,4.70914400807e-8,4.06747311388e-8,1.28207817696e-8,1.17111227382e-8,1.29164634544e-8,3.96802946057e-9,6.80826328647e-9,3.23501270216e-9,2.98200264481e-9,2.38301689492e-9,1.61822188982e-9,9.8879060495e-10,9.69721858368e-10,4.78476980259e-10,2.5837687545e-10,2.13534634419e-10,6.71681044118e-11,5.06599415195e-11,4.52218852642e-11,2.57967570916e-11,2.78880200183e-11,3.27766945529e-11,1.55266268592e-11,1.28663173865e-11,9.14514037414e-12,3.21810178332e-12,2.43788019286e-12,3.24756476051e-12,1.30769386205e-12,6.08093490926e-13],"dvar2":[0.0000266028073383,0.0000828386400826,0.00000386780129702,0.00000291860760626,3.36554933256e-7,1.69738271438e-7,1.62951977245e-7,1.31434021e-7,3.47812857626e-7,1.29042703634e-7,1.07564154916e-7,9.4014545482e-8,3.02729787904e-8,2.88107351309e-8,3.19330979437e-8,9.54121404106e-9,1.6317157403e-8,7.69513786025e-9,6.85203627171e-9,5.46365708232e-9,3.77676023788e-9,1.90688642654e-9,2.05959960198e-9,1.13477349739e-9,6.61306287508e-10,5.53573520357e-10,1.65056995849e-10,1.22917828693e-10,1.15778983623e-10,6.25081653105e-11,6.23485776896e-11,7.88286103059e-11,3.72525968406e-11,3.01098486422e-11,2.25476165516e-11,7.6033407001e-12,5.51805953361e-12,7.22084978616e-12,2.89489374312e-12,1.41152660307e-12],"max":[0.0324170589447,0.0498763844371,0.0141496434808,0.0127929337323,0.00504535902292,0.00439496710896,0.00343959918246,0.0055562434718,0.00578941544518,0.00772389303893,0.00621543079615,0.00453661801293,0.00293732341379,0.0033178399317,0.00234385742806,0.00138208793942,0.00182963849511,0.00123327516485,0.00202922848985,0.00114755250979,0.0010079187341,0.00107389583718,0.000736891524866,0.000545457645785,0.000389606662793,0.000268504722044,0.00017451212625,0.00026950109168,0.000154713576194,0.000162065334735,0.00018997801817,0.000220643021748,0.000073760849773,0.0000939072415349,0.0000574550613237,0.0000395281240344,0.0000464566110168,0.0000596108620812,0.0000427277882409,0.0000296085108857],"mean":[0.00295438780449,0.00380564155057,0.00154944427777,0.00096717919223,0.000385346676921,0.000250431447057,0.000286784954369,0.000213686551433,0.000333724718075,0.000179047885467,0.000159135321155,0.000223808994633,0.000128033483634,0.0000986771774478,0.0000961322439252,0.0000575246485823,0.0000621090730419,0.0000559355685255,0.0000485930031573,0.0000465927514597,0.0000416792572651,0.0000331818082486,0.0000335736331181,0.0000226429801842,0.0000157652066264,0.0000165308065334,0.00000975521743385,0.00000758963187764,0.00000712538485459,0.00000501879821968,0.00000471307021144,0.00000500759779243,0.00000474322041555,0.00000414347732658,0.00000297479141409,0.00000170420685208,0.00000132371269501,0.00000128000397126,9.25347876546e-7,7.01817498339e-7],"median":[0.00152887904551,0.00235259719193,0.00117111380678,0.000649136782158,0.000230134421145,0.00012890684593,0.000172431784449,0.000146284204675,0.00020550750196,0.0000992030763882,0.0000690665910952,0.000096359734016,0.000067144719651,0.0000521466754435,0.0000421087788709,0.0000313037417072,0.0000280329113593,0.0000303187134705,0.0000257548545051,0.0000224762588914,0.0000231632748182,0.0000185614153452,0.0000175889617822,0.0000124553052956,0.00000944748535403,0.0000080604941104,0.00000559371710551,0.00000460510591438,0.00000411597375205,0.00000303614456243,0.00000255804320659,0.00000260434489974,0.00000249155596066,0.00000212628265217,0.00000143781164752,7.86242196682e-7,5.95144797444e-7,5.62072671073e-7,3.87414701208e-7,3.05953733459e-7],"min":[1.64247728668e-17,1.11641531523e-17,4.61205427954e-18,1.14754156334e-18,2.83023713654e-18,7.09948026649e-18,9.06794761278e-18,6.39328722623e-18,2.63613506991e-18,1.52117842564e-18,1.42055831478e-18,5.76888115205e-19,1.68943347628e-18,3.10170375151e-18,1.24842988752e-18,5.64177037527e-19,1.28115211858e-18,1.57832595602e-18,3.49902858502e-18,7.07135364412e-18,5.96789470697e-18,6.82394681804e-18,9.71007303305e-18,3.07069130278e-17,1.03179556575e-17,9.03422159805e-19,5.7375749508e-18,3.1135822719e-18,7.41624804809e-19,3.0767278601e-18,2.0383279189e-18,4.14270869125e-18,4.22994729456e-18,3.98566059375e-18,3.09928797053e-18,6.55483921878e-19,1.13687455235e-18,6.29637164373e-19,3.76060423951e-19,1.31439774817e-18],"var":[0.0000178155605681,0.0000259479147644,0.00000174674914888,0.0000012268340015,2.10968380543e-7,1.11443625883e-7,1.15791429778e-7,6.90324313268e-8,1.92260372955e-7,7.82679592248e-8,9.05672550289e-8,1.43896784266e-7,3.51804345655e-8,2.5541524451e-8,2.82102270432e-8,7.36812610924e-9,1.181851772e-8,7.95518229069e-9,5.78212233648e-9,5.77678216374e-9,3.82053721992e-9,3.28423688245e-9,3.05593661487e-9,1.15427400971e-9,3.91793292254e-10,5.48546097434e-10,1.65628621929e-10,1.09649331281e-10,9.58655099748e-11,5.8522735269e-11,6.95533422523e-11,7.43275857529e-11,4.22583253112e-11,3.33284649878e-11,1.78016906771e-11,7.24921511708e-12,5.54938039965e-12,6.49490444066e-12,2.82001700637e-12,1.25433181637e-12]},"melbands_crest":{"dmean":3.11613202095,"dmean2":5.14431095123,"dvar":9.70325088501,"dvar2":23.7557468414,"max":35.0650405884,"mean":14.1494169235,"median":13.5269775391,"min":3.81914925575,"var":23.1794872284},"melbands_flatness_db":{"dmean":0.0254305191338,"dmean2":0.039230812341,"dvar":0.000765371660236,"dvar2":0.00180592306424,"max":0.573971629143,"mean":0.201079234481,"median":0.19133476913,"min":0.0373563542962,"var":0.00499401241541},"melbands_kurtosis":{"dmean":6.47132921219,"dmean2":10.5827980042,"dvar":141.676620483,"dvar2":366.00100708,"max":213.416473389,"mean":12.2116584778,"median":7.19925689697,"min":-1.4624131918,"var":265.657775879},"melbands_skewness":{"dmean":0.690082073212,"dmean2":1.09661316872,"dvar":0.700029730797,"dvar2":1.68600451946,"max":12.133099556,"mean":2.7526307106,"median":2.46798181534,"min":-0.274936556816,"var":2.03520798683},"melbands_spread":{"dmean":5.90969371796,"dmean2":9.42595005035,"dvar":45.8346862793,"dvar2":107.666160583,"max":118.234466553,"mean":22.4044075012,"median":21.2208347321,"min":1.30426025391,"var":155.56968689},"mfcc":{"cov":[[6440.20361328,-1340.74682617,-177.681564331,-182.968322754,-145.535491943,-6.45362043381,-29.4015598297,147.081878662,140.176437378,90.5243377686,109.213401794,-7.82653093338,-2.18586468697],[-1340.74682617,1096.13330078,-194.039169312,18.0286388397,45.1580581665,29.3641109467,-6.83555841446,-14.30037117,-4.44309234619,-12.850476265,-44.8922996521,9.27423286438,6.73635911942],[-177.681564331,-194.039169312,376.815124512,76.6157073975,11.3053131104,22.3323192596,46.7605361938,-10.0736150742,-11.1072282791,3.27056360245,1.53874111176,-17.6481723785,-10.8190460205],[-182.968322754,18.0286388397,76.6157073975,222.200469971,54.6351737976,-17.379529953,-19.5884342194,31.2538585663,14.6307239532,6.20060348511,-18.0042457581,1.19859445095,-3.58548688889],[-145.535491943,45.1580581665,11.3053131104,54.6351737976,142.213623047,21.1044960022,1.49216592312,10.9985847473,20.4857521057,-1.53461277485,-3.21013903618,-0.0353394560516,-5.60742664337],[-6.45362043381,29.3641109467,22.3323192596,-17.379529953,21.1044960022,112.313720703,55.3754081726,1.94370818138,1.14382040501,7.21756839752,11.0743532181,-4.74757671356,-7.95460414886],[-29.4015598297,-6.83555841446,46.7605361938,-19.5884342194,1.49216592312,55.3754081726,103.408599854,24.2639198303,-11.3441772461,2.84473514557,19.3000335693,0.819202721119,-4.38509750366],[147.081878662,-14.30037117,-10.0736150742,31.2538585663,10.9985847473,1.94370818138,24.2639198303,89.8205032349,35.372718811,5.3679523468,9.07918262482,8.18058204651,-0.378878593445],[140.176437378,-4.44309234619,-11.1072282791,14.6307239532,20.4857521057,1.14382040501,-11.3441772461,35.372718811,85.292388916,27.5247974396,-0.357690542936,5.38039016724,5.78953456879],[90.5243377686,-12.850476265,3.27056360245,6.20060348511,-1.53461277485,7.21756839752,2.84473514557,5.3679523468,27.5247974396,68.4724502563,17.9605922699,-5.70570039749,1.00803887844],[109.213401794,-44.8922996521,1.53874111176,-18.0042457581,-3.21013903618,11.0743532181,19.3000335693,9.07918262482,-0.357690542936,17.9605922699,61.702507019,20.8399581909,-7.02737092972],[-7.82653093338,9.27423286438,-17.6481723785,1.19859445095,-0.0353394560516,-4.74757671356,0.819202721119,8.18058204651,5.38039016724,-5.70570039749,20.8399581909,58.5851593018,16.2874164581],[-2.18586468697,6.73635911942,-10.8190460205,-3.58548688889,-5.60742664337,-7.95460414886,-4.38509750366,-0.378878593445,5.78953456879,1.00803887844,-7.02737092972,16.2874164581,54.7260856628]],"icov":[[0.00025949080009,0.000344241765561,0.000252237834502,0.000108061321953,0.000178462956683,-0.000200613416382,0.000196170949494,-0.000345004606061,-0.000243883478106,-0.0000970846886048,-0.000179695023689,0.000164860975929,-0.0000171577012225],[0.000344241765561,0.00156435952522,0.00103293312714,-0.00015623762738,-0.0000200680624403,-0.000625268847216,-0.00009890065121,-0.0000637095872662,-0.000198368346901,-0.000269693176961,0.000782168004662,-0.000245482486207,0.000113302441605],[0.000252237834502,0.00103293312714,0.00403251685202,-0.00177651597187,0.00033380658715,-0.000197292043595,-0.00236183870584,0.0016307203332,-0.00075835181633,0.000261762615992,-0.000175052904524,0.00102993682958,0.000137709314004],[0.000108061321953,-0.00015623762738,-0.00177651597187,0.00674294680357,-0.00226785219274,0.000543854024727,0.00254318560474,-0.00377368158661,0.00157774647232,-0.00203493377194,0.00246022921056,-0.00153548212256,0.000781926035415],[0.000178462956683,-0.0000200680624403,0.00033380658715,-0.00226785219274,0.00874534994364,-0.00207637250423,0.000190339560504,0.000473549182061,-0.00272805592977,0.00170129316393,-0.000940755591728,0.000550623808522,0.0005123988376],[-0.000200613416382,-0.000625268847216,-0.000197292043595,0.000543854024727,-0.00207637250423,0.0135949067771,-0.00785237643868,0.0027700830251,-0.00169500196353,-0.00040687865112,-0.000471665727673,0.000801217742264,0.00110665976536],[0.000196170949494,-0.00009890065121,-0.00236183870584,0.00254318560474,0.000190339560504,-0.00785237643868,0.0183883458376,-0.00802575517446,0.00515539385378,-0.00108430732507,-0.00254575582221,0.0000706346763764,-0.000857640581671],[-0.000345004606061,-0.0000637095872662,0.0016307203332,-0.00377368158661,0.000473549182061,0.0027700830251,-0.00802575517446,0.0186796169728,-0.00868133362383,0.00337612186559,-0.00227089901455,0.0000394398048229,0.000559478707146],[-0.000243883478106,-0.000198368346901,-0.00075835181633,0.00157774647232,-0.00272805592977,-0.00169500196353,0.00515539385378,-0.00868133362383,0.0197262745351,-0.0085300412029,0.00420743227005,-0.00322331138887,-0.000634942378383],[-0.0000970846886048,-0.000269693176961,0.000261762615992,-0.00203493377194,0.00170129316393,-0.00040687865112,-0.00108430732507,0.00337612186559,-0.0085300412029,0.0211857985705,-0.0093586826697,0.00657356297597,-0.00264657032676],[-0.000179695023689,0.000782168004662,-0.000175052904524,0.00246022921056,-0.000940755591728,-0.000471665727673,-0.00254575582221,-0.00227089901455,0.00420743227005,-0.0093586826697,0.0267149824649,-0.01255404111,0.00653250375763],[0.000164860975929,-0.000245482486207,0.00102993682958,-0.00153548212256,0.000550623808522,0.000801217742264,0.0000706346763764,0.0000394398048229,-0.00322331138887,0.00657356297597,-0.01255404111,0.0253264568746,-0.00861110817641],[-0.0000171577012225,0.000113302441605,0.000137709314004,0.000781926035415,0.0005123988376,0.00110665976536,-0.000857640581671,0.000559478707146,-0.000634942378383,-0.00264657032676,0.00653250375763,-0.00861110817641,0.0220027249306]],"mean":[-613.582580566,127.057884216,-0.118997372687,27.026884079,6.11888504028,11.7516880035,1.23772120476,11.9577636719,3.78462553024,3.5543653965,1.23804593086,-1.18369805813,0.847152352333]},"pitch_salience":{"dmean":0.0680928528309,"dmean2":0.113204650581,"dvar":0.00403383513913,"dvar2":0.0105651747435,"max":0.929451882839,"mean":0.563314139843,"median":0.571129620075,"min":0.115592084825,"var":0.011095136404},"silence_rate_20dB":{"dmean":0,"dmean2":0,"dvar":0,"dvar2":0,"max":1,"mean":1,"median":1,"min":1,"var":0},"silence_rate_30dB":{"dmean":0.0479118078947,"dmean2":0.0958337783813,"dvar":0.045612540096,"dvar2":0.123952545226,"max":1,"mean":0.970641255379,"median":1,"min":0,"var":0.0284938141704},"silence_rate_60dB":{"dmean":0.00105999573134,"dmean2":0.00212021637708,"dvar":0.00105870328844,"dvar2":0.00211504870094,"max":1,"mean":0.0185479596257,"median":0,"min":0,"var":0.0182032212615},"spectral_centroid":{"dmean":234.653778076,"dmean2":367.874786377,"dvar":70820.046875,"dvar2":165505.390625,"max":4129.28466797,"mean":1334.25427246,"median":1293.03027344,"min":188.699630737,"var":280131.75},"spectral_complexity":{"dmean":4.03900766373,"dmean2":6.02629089355,"dvar":17.0824337006,"dvar2":33.7264328003,"max":61,"mean":24.7099094391,"median":25,"min":0,"var":121.079147339},"spectral_contrast_coeffs":{"dmean":[0.0511037297547,0.0443110615015,0.0362974144518,0.0297511294484,0.0216165464371,0.015533500351],"dmean2":[0.0865505114198,0.0734987407923,0.0588272474706,0.0481835901737,0.0349282287061,0.025079768151],"dvar":[0.00187035929412,0.00132889684755,0.000869853654876,0.000611263676547,0.000336228637025,0.000190708495211],"dvar2":[0.00526547199115,0.00353570794687,0.00216172449291,0.00151407951489,0.000804765091743,0.000464360287879],"max":[-0.393851071596,-0.465863317251,-0.492702901363,-0.544856011868,-0.571045815945,-0.59218776226],"mean":[-0.662052214146,-0.740551233292,-0.761084139347,-0.778479754925,-0.791271448135,-0.751187682152],"median":[-0.666162371635,-0.749293088913,-0.768186211586,-0.782863497734,-0.794188261032,-0.751060009003],"min":[-0.897815465927,-0.944812476635,-0.963428616524,-0.954091072083,-0.928344130516,-0.904650568962],"var":[0.00428684102371,0.00451023271307,0.00361718330532,0.00239558657631,0.00139110221062,0.000683108344674]},"spectral_contrast_valleys":{"dmean":[0.355150550604,0.339946269989,0.303336411715,0.272359311581,0.262095242739,0.325183421373],"dmean2":[0.593289852142,0.549433887005,0.473136514425,0.416330724955,0.369963437319,0.39822947979],"dvar":[0.104304611683,0.0947247222066,0.0817079693079,0.0752571076155,0.0931864902377,0.172689408064],"dvar2":[0.248666480184,0.208209067583,0.162360593677,0.137598827481,0.163235783577,0.292664945126],"max":[-4.90067863464,-4.42112255096,-5.14738082886,-5.6296582222,-5.71631002426,-7.77513170242],"mean":[-6.5703125,-6.45571327209,-6.97030353546,-7.35569953918,-7.23647880554,-10.0080108643],"median":[-6.44783496857,-6.31604814529,-6.77201271057,-7.15498542786,-7.03111791611,-9.68850135803],"min":[-23.0247440338,-21.7114562988,-21.9171199799,-21.5804615021,-21.0690574646,-23.1192779541],"var":[0.65782225132,0.7299015522,0.782329618931,0.753068387508,0.81954240799,1.45420598984]},"spectral_decrease":{"dmean":3.52810247684e-9,"dmean2":5.40282929506e-9,"dvar":2.77781576464e-17,"dvar2":6.01229610789e-17,"max":-1.1329685954e-22,"mean":-9.99892435516e-9,"median":-7.78131248325e-9,"min":-4.68108218854e-8,"var":5.11779556662e-17},"spectral_energy":{"dmean":0.0137006957084,"dmean2":0.020858483389,"dvar":0.000407588959206,"dvar2":0.000876236939803,"max":0.178476274014,"mean":0.0400269217789,"median":0.0317497998476,"min":3.36185725051e-15,"var":0.000778314541094},"spectral_energyband_high":{"dmean":0.00041873723967,"dmean2":0.000588433234952,"dvar":4.84202018924e-7,"dvar2":0.00000102505271116,"max":0.0146350963041,"mean":0.00103295117151,"median":0.000614715972915,"min":1.82170783043e-15,"var":0.00000165483277215},"spectral_energyband_low":{"dmean":0.0109245711938,"dmean2":0.017471941188,"dvar":0.000384777697036,"dvar2":0.000891958537977,"max":0.166555598378,"mean":0.0202953927219,"median":0.0123139154166,"min":8.77715789326e-17,"var":0.000542070134543},"spectral_energyband_middle_high":{"dmean":0.00194896210451,"dmean2":0.00286617712118,"dvar":0.00000596232757744,"dvar2":0.0000129055888465,"max":0.0459983721375,"mean":0.00747709674761,"median":0.00626868754625,"min":9.96655388156e-16,"var":0.0000337759920512},"spectral_energyband_middle_low":{"dmean":0.0046286820434,"dmean2":0.00749294320121,"dvar":0.0000413030429627,"dvar2":0.000100284189102,"max":0.0775280743837,"mean":0.0124400714412,"median":0.0105683105066,"min":1.25272917116e-16,"var":0.0000758194219088},"spectral_entropy":{"dmean":0.140557944775,"dmean2":0.200049191713,"dvar":0.0298261903226,"dvar2":0.056652083993,"max":8.64906978607,"mean":7.65342712402,"median":7.76832485199,"min":5.13725662231,"var":0.211166605353},"spectral_flux":{"dmean":0.0298808626831,"dmean2":0.0448143854737,"dvar":0.00137790339068,"dvar2":0.00258865975775,"max":0.376932442188,"mean":0.102310061455,"median":0.0879137739539,"min":0.0000452223612228,"var":0.00357266748324},"spectral_kurtosis":{"dmean":1.5229279995,"dmean2":2.54017472267,"dvar":9.37238693237,"dvar2":23.8100605011,"max":82.5083847046,"mean":4.99375915527,"median":3.9053850174,"min":-0.76220369339,"var":34.7670249939},"spectral_rms":{"dmean":0.000953604583628,"dmean2":0.00142865069211,"dvar":0.00000145019851061,"dvar2":0.00000289971967504,"max":0.0131955752149,"mean":0.00590769574046,"median":0.00556555623189,"min":1.81103854136e-9,"var":0.00000414975011154},"spectral_rolloff":{"dmean":395.795379639,"dmean2":658.88873291,"dvar":414163.71875,"dvar2":878109,"max":18798.4863281,"mean":1250.02868652,"median":1012.06054688,"min":64.599609375,"var":991485.1875},"spectral_skewness":{"dmean":0.193684220314,"dmean2":0.308667421341,"dvar":0.0629210993648,"dvar2":0.147053658962,"max":6.93992376328,"mean":1.57037889957,"median":1.51265382767,"min":0.173467308283,"var":0.308323293924},"spectral_spread":{"dmean":454301.8125,"dmean2":604384.1875,"dvar":285883629568,"dvar2":499971883008,"max":13516363,"mean":4405060.5,"median":4385184,"min":921021.6875,"var":1491241795580},"spectral_strongpeak":{"dmean":0.415074378252,"dmean2":0.746120691299,"dvar":0.67096221447,"dvar2":1.77112054825,"max":11.6292123795,"mean":0.568946361542,"median":0.308855324984,"min":0,"var":0.776632606983},"zerocrossingrate":{"dmean":0.00853374227881,"dmean2":0.0102759571746,"dvar":0.0000945273131947,"dvar2":0.000119260221254,"max":0.46533203125,"mean":0.0529791638255,"median":0.048828125,"min":0.00439453125,"var":0.000678306387272}},"metadata":{"audio_properties":{"analysis_sample_rate":44100,"bit_rate":250309,"codec":"mp3","downmix":"mix","equal_loudness":0,"length":219.036727905,"lossless":false,"md5_encoded":"bdfb9a1c29aa1bdd701da9549fbc688d","replay_gain":-15.9765272141,"sample_rate":44100},"tags":{"album":["Cage the Elephant"],"albumartist":["Cage the Elephant"],"albumartistsort":["Cage the Elephant"],"artist":["Cage the Elephant"],"artistsort":["Cage the Elephant"],"asin":["B0026FTOKY"],"barcode":["884977057829"],"catalognumber":["8497705782"],"date":["2009-04-21"],"discnumber":["1/1"],"file_name":"09 Back Stabbin' Betty.mp3","label":["Universal Music Canada"],"media":["CD"],"musicbrainz album release country":["CA"],"musicbrainz album status":["official"],"musicbrainz album type":["album"],"musicbrainz_albumartistid":["b41b38d4-ef3e-4f37-8c75-cfe9af999696"],"musicbrainz_albumid":["297da0f4-735b-47f0-8492-064a3dc6ae74"],"musicbrainz_artistid":["b41b38d4-ef3e-4f37-8c75-cfe9af999696"],"musicbrainz_recordingid":["5f26a172-5cbb-413e-8acd-fceb7d73d988"],"musicbrainz_releasegroupid":["fbd0f91f-e5a3-3fef-8363-663ec65ce1ff"],"originaldate":["2008-06-23"],"originalyear":["2008"],"script":["Latn"],"title":["Back Stabbin' Betty"],"tracknumber":["9/11"]},"version":{"essentia":"2.1-beta2","essentia_build_sha":"9d802f11a06d563db11312c01732e940832f6a11","essentia_git_sha":"v2.1_beta2","extractor":"music 1.0"}},"rhythm":{"beats_count":376,"beats_loudness":{"dmean":0.0336798503995,"dmean2":0.0628977119923,"dvar":0.00061003130395,"dvar2":0.00197708490305,"max":0.154005780816,"mean":0.0629766359925,"median":0.0568692460656,"min":0.00000215993759412,"var":0.000907684792764},"beats_loudness_band_ratio":{"dmean":[0.327815383673,0.153859704733,0.117350369692,0.0818721652031,0.0630174577236,0.0390100553632],"dmean2":[0.624302387238,0.291814297438,0.217848241329,0.144736260176,0.115533322096,0.0715892463923],"dvar":[0.0345668792725,0.0120917372406,0.0079020