{"lowlevel":{"average_loudness":0.91193407774,"barkbands":{"dmean":[0.0109348753467,0.0172008108348,0.00706692179665,0.00308993807994,0.00359997246414,0.00119296240155,0.000613473705016,0.000447625410743,0.000592229422182,0.000202022652957,0.000139549883897,0.000150056206621,0.000161728312378,0.000168795493664,0.00017048085283,0.000115684997581,0.0000991187407635,0.000106060004327,0.0000768157333368,0.0000568884570384,0.0000354615185643,0.0000146986149048,0.0000108834537969,0.00000885222016223,0.00000441497422798,0.0000125533761093,0.0000590567615291],"dmean2":[0.0187655705959,0.0294471569359,0.0125622386113,0.00541984615847,0.00580394826829,0.00197615171783,0.00101349211764,0.000741396739613,0.000960448989645,0.000334308540914,0.000237411455601,0.000248009862844,0.000266513321549,0.000268333649728,0.00026705552591,0.000180880975677,0.000155405854457,0.000155728965183,0.00011239041487,0.0000842517183628,0.0000531592813786,0.0000227325162996,0.00001720052569,0.0000141813115988,0.00000794811057858,0.0000188239246199,0.0000829192213132],"dvar":[0.000545741582755,0.000709792366251,0.000083684521087,0.0000207234170375,0.0000319832943205,0.00000528061491423,0.00000191389040083,9.14523013762e-7,0.00000178958123342,1.7120575535e-7,6.08346581998e-8,7.93151144762e-8,1.27284252471e-7,1.38472046274e-7,1.7764799054e-7,1.15646287213e-7,9.77515028922e-8,1.91384060599e-7,8.94672922414e-8,4.65059564192e-8,1.0529173089e-8,1.08132314214e-9,2.81087014775e-10,1.58469765088e-10,7.41520872483e-11,3.26931620664e-10,3.39116290604e-8],"dvar2":[0.00137531966902,0.00174781784881,0.000247744115768,0.000060636732087,0.0000756594745326,0.0000133661815198,0.00000430065711043,0.00000230939349422,0.0000046089735406,4.25256359904e-7,1.65576622635e-7,2.02404237371e-7,3.48218151203e-7,3.31506072371e-7,4.35933174003e-7,2.79405128367e-7,2.21053298333e-7,4.14596087239e-7,1.72387288444e-7,9.41272162436e-8,2.17662154967e-8,2.25590635061e-9,6.29646612627e-10,3.72199410181e-10,2.00066588296e-10,6.85579204518e-10,5.9771501526e-8],"max":[0.298136949539,0.321592628956,0.121778726578,0.0649022683501,0.101621896029,0.0419795885682,0.0382856763899,0.0218871068209,0.0270874910057,0.0123207876459,0.004723764956,0.0134685346857,0.0103964572772,0.0109640667215,0.013485298492,0.0120392236859,0.0157995242625,0.0236356034875,0.0169740468264,0.0111364535987,0.00343374721706,0.00177940761205,0.000655071809888,0.000291926291538,0.000247145304456,0.000412495573983,0.00707460194826],"mean":[0.0114644384012,0.0260262452066,0.00833005644381,0.00404702452943,0.00653631379828,0.00190835888498,0.000930620997678,0.000678933633026,0.00092017831048,0.000303651759168,0.000198945082957,0.000230386154726,0.000269336887868,0.000292404554784,0.000296805606922,0.000194881868083,0.000165330668096,0.000193006038899,0.000145177051309,0.000120164244436,0.000072813447332,0.0000321118786815,0.000028453026971,0.000023496673748,0.00000613681140749,0.0000424144527642,0.000163089775015],"median":[0.00447706039995,0.0154263507575,0.00523249013349,0.00219763116911,0.00307044084184,0.000577219587285,0.000297146674711,0.000203146541025,0.000221591151785,0.000117503092042,0.000078182973084,0.000093181792181,0.0000964337596088,0.0000849480420584,0.0000697773502907,0.0000307157315547,0.0000233585342357,0.0000216135540541,0.000020934989152,0.0000209776153497,0.000014105055925,0.000012109934687,0.0000161865755217,0.000015355348296,0.00000339038251695,0.0000256371458818,0.000074025549111],"min":[2.43481770485e-25,3.02549515561e-24,1.15347320448e-24,4.22657128394e-25,6.59215086436e-24,7.8872593112e-24,5.98522179427e-24,7.44090997811e-24,9.65265349758e-24,1.47980807934e-23,1.99619374577e-23,2.08130237111e-23,1.94046545598e-23,3.83340772223e-23,3.33615871695e-23,4.48406650774e-23,5.32074311233e-23,4.52490394354e-23,1.26005269884e-22,1.53572096258e-22,2.44618976194e-22,3.18717122784e-22,3.70342805751e-22,5.64169994375e-22,7.99310977187e-22,1.24786072102e-21,1.97986669162e-21],"var":[0.000576120219193,0.00105069531128,0.00009384045552,0.0000293790271826,0.0000952689442784,0.0000126030154206,0.00000466485062134,0.00000185729004443,0.00000368824998986,3.55856172973e-7,1.02062180929e-7,1.54425521259e-7,2.56398124066e-7,3.45386752088e-7,4.36471452758e-7,2.81083032405e-7,2.52691535252e-7,5.28962630142e-7,3.24238953908e-7,1.74174516587e-7,3.67298902404e-8,4.25967439099e-9,1.3716764391e-9,7.05890790265e-10,9.06227870523e-11,2.5415152205e-9,1.41842093626e-7]},"barkbands_crest":{"dmean":3.30666303635,"dmean2":5.75294876099,"dvar":7.02698707581,"dvar2":20.7736320496,"max":26.9079284668,"mean":12.6210737228,"median":12.1196537018,"min":2.88881397247,"var":17.8855400085},"barkbands_flatness_db":{"dmean":0.0446999110281,"dmean2":0.0761341527104,"dvar":0.00250590965152,"dvar2":0.00673163123429,"max":0.672106385231,"mean":0.225707024336,"median":0.201413571835,"min":0.0423932410777,"var":0.0101317875087},"barkbands_kurtosis":{"dmean":23.928976059,"dmean2":41.8756713867,"dvar":57742.7421875,"dvar2":200606.65625,"max":13192.9746094,"mean":37.8278808594,"median":19.9562988281,"min":-1.65476870537,"var":30986.1582031},"barkbands_skewness":{"dmean":1.19266438484,"dmean2":1.9838103056,"dvar":4.49602985382,"dvar2":14.2057771683,"max":102.853286743,"mean":3.98569393158,"median":3.47574973106,"min":-2.14789295197,"var":7.09830141068},"barkbands_spread":{"dmean":3.69305229187,"dmean2":5.89964914322,"dvar":27.6054725647,"dvar2":63.4378700256,"max":90.0595626831,"mean":10.2741174698,"median":7.07963132858,"min":0.0326540023088,"var":115.776535034},"dissonance":{"dmean":0.0256522838026,"dmean2":0.0434861555696,"dvar":0.000708118721377,"dvar2":0.0020399838686,"max":0.500000178814,"mean":0.451163232327,"median":0.461297392845,"min":0.224959954619,"var":0.00159632891882},"dynamic_complexity":3.74853825569,"erbbands":{"dmean":[0.818976104259,3.40331912041,7.51048374176,9.43479824066,10.672917366,13.4597358704,13.0188064575,8.66264915466,7.64986610413,10.5247964859,10.097120285,14.5927801132,6.42267799377,5.90469169617,6.27841186523,5.55688095093,7.2209148407,7.8049659729,9.20711231232,6.91048812866,6.00609397888,5.36676454544,5.44565868378,4.87827682495,3.45700550079,2.77200889587,1.84547138214,1.0937371254,0.56487095356,0.385333389044,0.313573181629,0.228097617626,0.130012229085,0.055963087827,0.0285338256508,0.0305861905217,0.0294584669173,0.0113451797515,0.00422313064337,0.00185358291492],"dmean2":[1.41764199734,5.89885187149,13.3170900345,16.5228977203,18.1900100708,21.453710556,21.352689743,14.3882341385,12.7096261978,17.3335838318,16.4933280945,23.5203075409,10.5776672363,9.85939884186,10.6654129028,9.03888988495,11.8107328415,12.4594478607,14.5306043625,10.7618160248,9.29107379913,8.25239372253,7.94496774673,7.15638303757,5.09799051285,4.1083779335,2.76046156883,1.63844585419,0.872634828091,0.600813031197,0.49882760644,0.366862088442,0.211175695062,0.0972677469254,0.0528102368116,0.0492095127702,0.0444734059274,0.016697043553,0.00570097053424,0.00262612989172],"dvar":[1.5170892477,38.1136512756,97.7852859497,180.15713501,283.082122803,694.393737793,601.719421387,278.622619629,264.565673828,636.420898438,509.5184021,1132.07434082,166.008514404,161.247207642,117.833061218,129.62260437,223.845840454,305.869415283,452.663116455,330.52444458,337.082244873,285.688781738,500.413452148,455.516113281,174.820022583,108.039260864,29.3336143494,9.44254875183,1.775862813,0.479564636946,0.230759769678,0.106152042747,0.0356828123331,0.00998237542808,0.0035497599747,0.00203489442356,0.0018351651961,0.00031757922261,0.000128699990455,0.0000175301993295],"dvar2":[3.91343927383,98.0271682739,282.541534424,519.096069336,719.684875488,1588.58215332,1552.41906738,705.122741699,594.410644531,1548.16699219,1280.51184082,2857.49633789,417.095458984,404.687042236,325.193267822,316.854919434,579.613464355,764.571533203,1115.0579834,747.319396973,806.741699219,640.536804199,1150.40844727,1004.96990967,347.588592529,227.903991699,62.9152450562,19.0010662079,3.51008939743,1.06090831757,0.533825933933,0.250769138336,0.0850826948881,0.0262650158256,0.00974616222084,0.00470578158274,0.00402092467993,0.000626638764516,0.000208556244615,0.0000315972793032],"max":[16.7391490936,73.7339096069,140.538787842,234.196517944,359.553833008,609.221923828,477.233520508,396.715362549,571.005310059,647.474731445,552.402587891,730.339477539,438.195678711,387.34777832,179.487869263,687.062988281,354.27722168,570.699157715,487.167724609,567.58001709,731.436401367,872.478515625,1112.45837402,1281.12255859,568.807250977,522.577148438,233.372039795,123.635978699,78.0261306763,31.6031036377,12.8716640472,6.66809749603,4.49281644821,2.86578297615,1.68824267387,1.21800804138,1.05869233608,0.574909329414,0.546679139137,0.156328648329],"mean":[1.16238486767,4.31772708893,9.11933135986,13.3542156219,16.3414173126,23.0663356781,21.0101337433,13.6824293137,11.8170166016,16.4112491608,16.9711704254,22.5976276398,10.3314685822,9.16868114471,9.60825538635,9.20694255829,12.4476547241,14.2162494659,16.7622642517,12.9113788605,10.3955545425,9.41434955597,10.0939731598,9.17396450043,6.71526002884,5.84329462051,3.80730319023,2.23238682747,1.21606087685,0.924122869968,0.80713891983,0.610176920891,0.312094002962,0.0959581881762,0.0345296412706,0.0772588700056,0.097044788301,0.038166936487,0.011422325857,0.00654072780162],"median":[0.650437891483,2.43105363846,5.91006660461,8.01422691345,8.14425754547,8.55462265015,7.64098930359,4.54075670242,4.27193260193,4.92071390152,4.66255474091,5.29737138748,4.22906923294,3.7486333847,3.8531255722,3.97120428085,4.68671751022,4.57655715942,4.66146945953,2.8719534874,1.58625030518,1.39739704132,1.1721984148,1.21775925159,1.03330230713,1.02101659775,0.708399057388,0.505034446716,0.411072134972,0.439925730228,0.471661806107,0.397732973099,0.201247245073,0.0583018623292,0.0175219997764,0.0481527149677,0.0580758862197,0.0203631687909,0.00477147381753,0.00458883866668],"min":[2.16812755779e-23,5.74217532709e-22,2.65656889319e-21,4.71209171275e-21,4.63572775569e-21,2.92670588641e-20,6.4511260211e-20,8.45933443274e-20,6.28313274728e-20,1.43141162235e-19,1.73171644181e-19,2.05410336471e-19,3.21288866486e-19,7.99856768969e-19,1.08174058638e-18,1.16793280621e-18,1.1385150583e-18,1.85945093862e-18,2.57731735847e-18,1.83377587279e-18,3.94514363298e-18,4.02633885473e-18,4.21615984811e-18,6.73794939924e-18,6.20531332716e-18,7.79729231278e-18,9.46397439311e-18,1.1069747029e-17,1.06190568451e-17,1.14252469224e-17,1.13078451781e-17,1.17749673049e-17,8.54478482666e-18,7.8744351767e-18,5.87691972884e-18,4.33275054186e-18,2.09091820109e-18,8.94933632359e-19,2.58487840966e-19,2.649641094e-20],"var":[2.29639339447,39.048034668,103.978042603,257.076385498,632.897399902,2028.54760742,1308.96508789,625.219238281,655.562805176,1496.05004883,1154.67602539,2308.18164062,369.272918701,289.117980957,210.165512085,271.48059082,483.20803833,771.764160156,1109.11755371,978.061157227,824.932128906,783.652404785,1310.50830078,1347.7565918,639.463256836,397.152862549,104.30242157,32.0593070984,6.8816242218,2.14657759666,1.05511617661,0.495919913054,0.129300102592,0.0164536982775,0.00351201114245,0.00812573172152,0.013496292755,0.00252496800385,0.000701456854586,0.0000880254883668]},"erbbands_crest":{"dmean":3.09842133522,"dmean2":5.26362419128,"dvar":8.38052940369,"dvar2":22.9756278992,"max":26.1629753113,"mean":9.34329414368,"median":8.33007049561,"min":2.200111866,"var":19.4077281952},"erbbands_flatness_db":{"dmean":0.0278200507164,"dmean2":0.047588352114,"dvar":0.00116280419752,"dvar2":0.00322049716488,"max":0.373019218445,"mean":0.138309419155,"median":0.126148313284,"min":0.0209265332669,"var":0.00272191176191},"erbbands_kurtosis":{"dmean":3.62162518501,"dmean2":6.15209770203,"dvar":79.8374099731,"dvar2":225.53225708,"max":183.240386963,"mean":4.07384967804,"median":0.977202653885,"min":-1.89529502392,"var":108.784301758},"erbbands_skewness":{"dmean":0.613576054573,"dmean2":0.989643096924,"dvar":0.582290112972,"dvar2":1.56928622723,"max":11.0346670151,"mean":1.05834150314,"median":0.901531875134,"min":-3.7279291153,"var":2.15488648415},"erbbands_spread":{"dmean":9.92294120789,"dmean2":16.2880783081,"dvar":107.564590454,"dvar2":268.959533691,"max":145.059341431,"mean":37.8116874695,"median":36.4175186157,"min":1.89614808559,"var":371.941833496},"gfcc":{"cov":[[23544.3828125,285.091278076,-3856.6105957,-614.744506836,346.152313232,-604.762207031,-179.278518677,-28.9967136383,-131.924209595,100.372871399,157.533325195,-93.8112564087,-58.53358078],[285.091278076,933.906860352,188.259994507,-154.611068726,20.2247714996,-27.3709259033,-57.7153282166,-20.7829036713,39.7972717285,17.9712924957,70.0079956055,-92.553276062,1.66459488869],[-3856.6105957,188.259994507,1561.27111816,67.4176177979,-431.520263672,274.524719238,-95.1999511719,29.6162014008,61.911945343,-32.0707817078,-93.0231018066,64.9849090576,-75.6924438477],[-614.744506836,-154.611068726,67.4176177979,621.548400879,254.553817749,-100.008880615,79.5394821167,10.7155418396,-77.4043045044,-5.20813655853,-10.9037179947,6.37757444382,55.8310623169],[346.152313232,20.2247714996,-431.520263672,254.553817749,470.92767334,-45.3596038818,51.6738967896,-24.9786148071,-33.4742851257,-28.636888504,51.2939376831,-40.6144218445,65.9875030518],[-604.762207031,-27.3709259033,274.524719238,-100.008880615,-45.3596038818,296.139251709,15.504699707,-23.2816543579,-12.1093397141,-27.7950134277,-43.565826416,44.462474823,-17.4432106018],[-179.278518677,-57.7153282166,-95.1999511719,79.5394821167,51.6738967896,15.504699707,219.730911255,5.93438148499,-21.5284194946,8.96908092499,8.48211479187,1.74131560326,49.2206039429],[-28.9967136383,-20.7829036713,29.6162014008,10.7155418396,-24.9786148071,-23.2816543579,5.93438148499,117.929908752,33.8639793396,5.83710622787,8.95099449158,6.48692560196,5.12578248978],[-131.924209595,39.7972717285,61.911945343,-77.4043045044,-33.4742851257,-12.1093397141,-21.5284194946,33.8639793396,108.343162537,20.6811618805,-2.0211892128,-9.5760345459,-23.2267074585],[100.372871399,17.9712924957,-32.0707817078,-5.20813655853,-28.636888504,-27.7950134277,8.96908092499,5.83710622787,20.6811618805,79.7507705688,41.4256134033,-1.94216644764,7.38525104523],[157.533325195,70.0079956055,-93.0231018066,-10.9037179947,51.2939376831,-43.565826416,8.48211479187,8.95099449158,-2.0211892128,41.4256134033,84.6570510864,12.1114044189,22.1853942871],[-93.8112564087,-92.553276062,64.9849090576,6.37757444382,-40.6144218445,44.462474823,1.74131560326,6.48692560196,-9.5760345459,-1.94216644764,12.1114044189,74.5292892456,18.3392410278],[-58.53358078,1.66459488869,-75.6924438477,55.8310623169,65.9875030518,-17.4432106018,49.2206039429,5.12578248978,-23.2267074585,7.38525104523,22.1853942871,18.3392410278,84.193069458]],"icov":[[0.000112561450806,-0.000209800433367,0.000588034978136,-0.000400673976401,0.000625469780061,-0.000387956446502,0.000258159969235,-0.00000614905002294,-0.000255044986261,0.000363159168046,-0.000256995699601,-0.0000442200471298,0.000130755273858],[-0.000209800433367,0.00225164485164,-0.00168334576301,0.00123386748601,-0.00123166071717,0.000679367862176,-0.000126397018903,0.000528158503585,0.000142436780152,0.00036663498031,-0.00239963503554,0.00356443342753,-0.00151112151798],[0.000588034978136,-0.00168334576301,0.00654479442164,-0.00712420139462,0.0101011488587,-0.00741281593218,0.00321992859244,0.0013619591482,-0.00681737391278,0.00883916579187,-0.00849500112236,0.00445259176195,-0.00175516330637],[-0.000400673976401,0.00123386748601,-0.00712420139462,0.0123685505241,-0.0152431530878,0.0113105522469,-0.00451965956017,-0.0036043394357,0.0120796160772,-0.0156318843365,0.0176961198449,-0.011354948394,0.00475623412058],[0.000625469780061,-0.00123166071717,0.0101011488587,-0.0152431530878,0.0233750548214,-0.0152052408084,0.005902282428,0.00516933714971,-0.0156977958977,0.0236076489091,-0.0262882262468,0.0180596876889,-0.00899551529437],[-0.000387956446502,0.000679367862176,-0.00741281593218,0.0113105522469,-0.0152052408084,0.015708161518,-0.0052524106577,-0.00258604297414,0.0118243517354,-0.0154795181006,0.0198570657521,-0.0152060929686,0.00665158778429],[0.000258159969235,-0.000126397018903,0.00321992859244,-0.00451965956017,0.005902282428,-0.0052524106577,0.00748237920925,0.000753981876187,-0.00391428312287,0.0051805190742,-0.006651064381,0.00582727743313,-0.00511148199439],[-0.00000614905002294,0.000528158503585,0.0013619591482,-0.0036043394357,0.00516933714971,-0.00258604297414,0.000753981876187,0.011469793506,-0.007548334077,0.00704101519659,-0.00848550908267,0.00458885589615,-0.00359011744149],[-0.000255044986261,0.000142436780152,-0.00681737391278,0.0120796160772,-0.0156977958977,0.0118243517354,-0.00391428312287,-0.007548334077,0.0246045421809,-0.0209229681641,0.0215640887618,-0.0131955528632,0.00899661611766],[0.000363159168046,0.00036663498031,0.00883916579187,-0.0156318843365,0.0236076489091,-0.0154795181006,0.0051805190742,0.00704101519659,-0.0209229681641,0.0439403839409,-0.039289213717,0.0234547313303,-0.0109917549416],[-0.000256995699601,-0.00239963503554,-0.00849500112236,0.0176961198449,-0.0262882262468,0.0198570657521,-0.006651064381,-0.00848550908267,0.0215640887618,-0.039289213717,0.0564112216234,-0.0328930579126,0.0113148596138],[-0.0000442200471298,0.00356443342753,0.00445259176195,-0.011354948394,0.0180596876889,-0.0152060929686,0.00582727743313,0.00458885589615,-0.0131955528632,0.0234547313303,-0.0328930579126,0.0413543097675,-0.0155975446105],[0.000130755273858,-0.00151112151798,-0.00175516330637,0.00475623412058,-0.00899551529437,0.00665158778429,-0.00511148199439,-0.00359011744149,0.00899661611766,-0.0109917549416,0.0113148596138,-0.0155975446105,0.0227636434138]],"mean":[-41.1906280518,99.4861831665,-41.9835395813,19.8079280853,-18.254442215,4.39813232422,-13.0756282806,-9.04466342926,-7.26280736923,-4.2053232193,-9.06536483765,-4.070561409,-10.9492950439]},"hfc":{"dmean":30.1765766144,"dmean2":45.0892562866,"dvar":1772.75097656,"dvar2":3961.1003418,"max":803.077941895,"mean":102.335655212,"median":75.2800140381,"min":1.08382008122e-16,"var":10668.3251953},"melbands":{"dmean":[0.00598068116233,0.00394424796104,0.00157165038399,0.000805477204267,0.000497578759678,0.000198786641704,0.000117410527309,0.000109719396278,0.0000906814530026,0.0000860169384396,0.0000315797115036,0.0000248100041063,0.0000199712794711,0.0000180331990123,0.0000153255150508,0.0000160716172104,0.0000156341666298,0.0000158317161549,0.0000121288521768,0.00000849316893436,0.00000731831869416,0.00000621064646111,0.00000488346540806,0.00000557173507332,0.00000411340579376,0.00000285687360702,0.00000239114888245,0.00000187522402939,0.00000128425153889,9.24237326672e-7,5.96452139234e-7,3.56737956508e-7,2.73680115015e-7,2.18792465034e-7,1.99843086079e-7,1.73846970597e-7,1.42053835361e-7,1.05415921325e-7,6.79368810097e-8,4.31608420115e-8],"dmean2":[0.0102325035259,0.00691426545382,0.00273571629077,0.00131516880356,0.000802799884696,0.000329160742695,0.000194441759959,0.000180719682248,0.000148473249283,0.000139103038236,0.0000522680202266,0.000041533701733,0.0000339592261298,0.0000300632382277,0.000024857938115,0.0000266427396127,0.0000251827677857,0.0000251834644587,0.0000191028502741,0.000013330355614,0.0000116236442409,0.00000984841062746,0.00000722388813301,0.00000846325201564,0.00000622452898824,0.0000043476211431,0.00000364985658052,0.00000285111741505,0.00000196876567315,0.00000143049203416,9.26455641093e-7,5.66614232866e-7,4.36958458749e-7,3.52280125071e-7,3.24239380234e-7,2.81304608052e-7,2.33853867826e-7,1.72344030602e-7,1.14029255371e-7,7.69527233047e-8],"dvar":[0.0000788914767327,0.000033185860957,0.00000448328682978,0.00000160795013926,8.12620669421e-7,1.41798750519e-7,6.34327577131e-8,6.05756298455e-8,3.9755011727e-8,3.80128959421e-8,4.17155243682e-9,2.9175311056e-9,1.2448133635e-9,1.13534048829e-9,9.18629949886e-10,1.44826362014e-9,1.31917576862e-9,1.32092203842e-9,9.8803598636e-10,5.94686910826e-10,5.42058065101e-10,4.33788338583e-10,2.52722870409e-10,5.80259451599e-10,3.45280137815e-10,1.39383157793e-10,1.08918769837e-10,4.35159130951e-11,1.58446051418e-11,6.44067871952e-12,2.98199507621e-12,7.97613548559e-13,3.44818954206e-13,1.36147427425e-13,9.78955550521e-14,6.65828611864e-14,4.20384044144e-14,2.31594156016e-14,1.09192914584e-14,6.7463120695e-15],"dvar2":[0.000197215165826,0.0000902383690118,0.0000128728934214,0.00000384300346923,0.00000204356661015,3.5786243302e-7,1.38756007573e-7,1.49106298863e-7,1.02099967592e-7,9.6500329505e-8,1.0544391138e-8,7.31618987615e-9,3.41493655576e-9,2.94477109364e-9,2.24549867589e-9,4.12092138191e-9,3.3023357382e-9,3.29098637231e-9,2.40092257187e-9,1.41953915289e-9,1.33953936832e-9,1.07085518231e-9,5.28856014537e-10,1.32685917809e-9,8.09370293009e-10,2.94880869722e-10,2.4296151202e-10,9.40753933087e-11,3.64014859922e-11,1.39143453703e-11,6.36133984031e-12,1.63740386267e-12,8.43610120996e-13,3.20218921908e-13,2.35819772997e-13,1.61162478762e-13,1.0398190013e-13,5.69461944505e-14,2.75798755714e-14,1.78296979503e-14],"max":[0.116017267108,0.0705348029733,0.0345653109252,0.0232664719224,0.019367011264,0.00775785790756,0.00877864658833,0.00598738016561,0.00469008414075,0.004282834474,0.00222297129221,0.00159265776165,0.000708727980964,0.00152401125524,0.000983330770396,0.00126216455828,0.00128291745204,0.000800320121925,0.00120253616478,0.00087039952632,0.00084167526802,0.00102403922938,0.000715841655619,0.00107520271558,0.00102805451024,0.00054792012088,0.000451390282251,0.000368389068171,0.000178573522135,0.0000941030812101,0.0000686384300934,0.0000542924208276,0.0000258019099419,0.0000175306449819,0.00000843336056278,0.00000494859295941,0.00000387393856727,0.00000296519669973,0.00000284860789179,0.00000271077669822],"mean":[0.00925361644477,0.00514159398153,0.00239492068067,0.00139357394073,0.00084236334078,0.000317028374411,0.000185067212442,0.00017266786017,0.000148871200508,0.000131916967803,0.0000477463217976,0.0000368986911781,0.0000297856367979,0.0000272048546321,0.0000246066956606,0.0000268269504886,0.0000265936087089,0.0000272513698292,0.0000212204449781,0.0000143217584991,0.0000116668416013,0.00000988238025457,0.00000858630755829,0.00000954960887611,0.00000723868924979,0.00000516321688337,0.00000426049837188,0.00000384808436138,0.00000246123022407,0.00000177924675882,0.00000111744998321,6.97104439951e-7,5.58808210371e-7,4.91898674682e-7,4.68521051289e-7,4.30585089362e-7,3.51175259539e-7,2.41874488438e-7,1.34285556896e-7,6.14392021703e-8],"median":[0.00546660181135,0.00351907685399,0.00154863321222,0.000651429640129,0.000307201436954,0.000101408892078,0.0000653881288599,0.0000535161743755,0.0000361756392522,0.0000320576764352,0.0000179376111191,0.0000139315779961,0.0000118389980344,0.0000109014781629,0.00000971159988694,0.00000910426297196,0.00000795648065832,0.00000736969013815,0.0000047536486818,0.00000262305934484,0.0000014907275272,0.00000137297024594,0.00000106354116269,0.00000105033586806,9.35950879466e-7,7.33185288482e-7,6.25406869403e-7,6.23699634161e-7,4.32843393128e-7,3.37677022344e-7,2.55213052469e-7,2.21339945483e-7,2.26950007232e-7,2.41205327711e-7,2.61121158474e-7,2.70958821602e-7,2.25768445716e-7,1.53438719508e-7,8.51036361382e-8,3.38348300488e-8],"min":[5.89570284482e-25,1.44901412477e-24,1.23239982273e-24,1.19356203099e-24,2.2758615422e-24,1.75557227646e-24,8.43678948132e-25,1.43723150107e-24,1.5589935623e-24,1.2685557832e-24,1.29114225143e-24,3.02448541365e-24,3.58967881148e-24,2.8990938034e-24,2.91343549187e-24,2.15127733108e-24,3.31990337025e-24,3.37532479315e-24,2.76922836574e-24,2.35369982822e-24,3.67320655957e-24,3.40547466252e-24,5.39999547097e-24,2.27513401523e-24,4.61483511225e-24,3.98979340134e-24,3.6296937809e-24,3.92892844377e-24,4.48782535107e-24,4.79614493056e-24,4.68501415053e-24,4.74968417868e-24,5.50729948674e-24,5.88636647879e-24,5.06082866907e-24,6.0262382226e-24,6.21179408473e-24,4.84856710429e-24,5.59511824372e-24,6.41295795429e-24],"var":[0.000131795313791,0.0000334140859195,0.0000069907064244,0.00000453978555015,0.00000197017197934,3.37576267384e-7,1.63691282751e-7,1.44775626154e-7,8.88066082894e-8,7.65680994164e-8,8.81411565956e-9,5.18598319843e-9,2.1856787491e-9,2.07167039079e-9,1.8489111353e-9,2.79346012988e-9,3.08518455228e-9,3.00958924448e-9,2.45838749358e-9,1.4609683463e-9,1.16979370635e-9,9.57376622424e-10,7.3014710944e-10,1.43011258391e-9,9.1057561491e-10,4.41531061712e-10,3.00789421148e-10,1.57200003015e-10,4.73422551162e-11,2.14199647602e-11,8.39155134269e-12,2.66998792867e-12,1.09270925641e-12,5.51823994485e-13,3.84211380159e-13,2.73305222854e-13,1.65305242368e-13,7.97797768061e-14,2.6143133204e-14,9.33874576655e-15]},"melbands_crest":{"dmean":4.73124885559,"dmean2":8.15431976318,"dvar":14.9809684753,"dvar2":42.6274642944,"max":39.9081840515,"mean":19.677898407,"median":18.8813114166,"min":1.5680232048,"var":42.6520729065},"melbands_flatness_db":{"dmean":0.0511363819242,"dmean2":0.0868763849139,"dvar":0.00308450940065,"dvar2":0.00823976844549,"max":0.806734621525,"mean":0.350381195545,"median":0.329286873341,"min":0.00320158689283,"var":0.0132324863225},"melbands_kurtosis":{"dmean":34.1514930725,"dmean2":57.9677505493,"dvar":45362.0703125,"dvar2":153296.125,"max":12885.5,"mean":57.5990905762,"median":30.1985378265,"min":-1.56471955776,"var":28272.8964844},"melbands_skewness":{"dmean":1.40410161018,"dmean2":2.31764030457,"dvar":3.92368626595,"dvar2":11.3573274612,"max":90.9537887573,"mean":4.64152097702,"median":4.08475875854,"min":-0.265130579472,"var":8.01844024658},"melbands_spread":{"dmean":2.93332028389,"dmean2":4.75976991653,"dvar":26.8629112244,"dvar2":66.6215209961,"max":157.774581909,"mean":7.71091604233,"median":4.51869869232,"min":0.0422847047448,"var":178.090881348},"mfcc":{"cov":[[13446.6132812,369.89630127,-2450.39282227,-486.595916748,-602.505310059,-257.971374512,-174.5287323,-236.209350586,-159.682144165,111.468772888,-144.770248413,189.829620361,-87.6146316528],[369.89630127,1253.51159668,305.277374268,-225.991134644,29.6230220795,-11.780418396,-52.8445358276,-60.9736022949,-83.7801208496,106.130981445,73.3792495728,-28.4531459808,-46.3203048706],[-2450.39282227,305.277374268,1336.43579102,-105.756996155,63.6230201721,2.10635900497,-104.100860596,91.3985671997,-30.6208229065,19.486825943,21.2517318726,-16.1141052246,20.1188545227],[-486.595916748,-225.991134644,-105.756996155,721.220581055,136.631729126,17.7130355835,127.035110474,-22.4533519745,73.9296417236,-46.0169448853,11.2796316147,-20.3409557343,24.0182132721],[-602.505310059,29.6230220795,63.6230201721,136.631729126,283.736053467,65.6444396973,2.98844766617,31.6277256012,-1.3755300045,-9.73835659027,18.3411712646,-36.1426773071,-8.73687934875],[-257.971374512,-11.780418396,2.10635900497,17.7130355835,65.6444396973,228.608673096,106.237289429,33.1643028259,27.2165679932,-38.5149040222,-20.6025218964,-17.3137245178,9.82221221924],[-174.5287323,-52.8445358276,-104.100860596,127.035110474,2.98844766617,106.237289429,200.187545776,31.4539527893,40.0385665894,-31.3086967468,-30.7164039612,-7.93635463715,23.7855854034],[-236.209350586,-60.9736022949,91.3985671997,-22.4533519745,31.6277256012,33.1643028259,31.4539527893,120.390632629,45.0241088867,-13.8399248123,-17.6936950684,-3.35726571083,10.7181978226],[-159.682144165,-83.7801208496,-30.6208229065,73.9296417236,-1.3755300045,27.2165679932,40.0385665894,45.0241088867,98.3363952637,3.91392993927,-7.4406876564,-0.352957129478,14.1658115387],[111.468772888,106.130981445,19.486825943,-46.0169448853,-9.73835659027,-38.5149040222,-31.3086967468,-13.8399248123,3.91392993927,86.157043457,32.6332206726,-1.50282633305,-15.3795576096],[-144.770248413,73.3792495728,21.2517318726,11.2796316147,18.3411712646,-20.6025218964,-30.7164039612,-17.6936950684,-7.4406876564,32.6332206726,87.0606231689,9.63934612274,-13.1204271317],[189.829620361,-28.4531459808,-16.1141052246,-20.3409557343,-36.1426773071,-17.3137245178,-7.93635463715,-3.35726571083,-0.352957129478,-1.50282633305,9.63934612274,74.7819976807,33.045791626],[-87.6146316528,-46.3203048706,20.1188545227,24.0182132721,-8.73687934875,9.82221221924,23.7855854034,10.7181978226,14.1658115387,-15.3795576096,-13.1204271317,33.045791626,64.7447128296]],"icov":[[0.000179789713002,-0.00015809146862,0.000394537404645,-0.000104213067971,0.000326140609104,-0.000134886795422,0.000419272691943,-0.000342353974702,0.000410294800531,-0.000312210439006,0.000562118599191,-0.000471226376249,0.000203867035452],[-0.00015809146862,0.00124120688997,-0.000608680653386,0.000451961561339,-0.000542204768863,0.000103884682176,-0.000874642573763,0.000953959941398,0.000108720822027,-0.000742767180782,-0.000978388707153,0.000677727744915,0.0000256040184468],[0.000394537404645,-0.000608680653386,0.00184972083662,-0.000409288826631,0.000860955100507,-0.000601698819082,0.00179510260932,-0.00203589373268,0.00157206284348,-0.00082702585496,0.00108941853978,-0.000495968386531,-0.000505999894813],[-0.000104213067971,0.000451961561339,-0.000409288826631,0.00264544528909,-0.00184486550279,0.00152201170567,-0.00238453689963,0.00255982321687,-0.00266185076907,0.00168507511262,-0.00136948085856,0.00075639388524,-0.000380383775337],[0.000326140609104,-0.000542204768863,0.000860955100507,-0.00184486550279,0.00604941276833,-0.00251847761683,0.00287100113928,-0.00346787995659,0.00302267097868,-0.00104281422682,-0.0000952993796091,0.00132997869514,-0.000419148389483],[-0.000134886795422,0.000103884682176,-0.000601698819082,0.00152201170567,-0.00251847761683,0.00763252191246,-0.00473264837638,0.00154001673218,-0.0026043173857,0.00314111146145,-0.000844298512675,0.000849246396683,0.000211503385799],[0.000419272691943,-0.000874642573763,0.00179510260932,-0.00238453689963,0.00287100113928,-0.00473264837638,0.0108549986035,-0.00380239775404,0.00151985243428,-0.00112229585648,0.00285765342414,0.000150275896885,-0.00208131363615],[-0.000342353974702,0.000953959941398,-0.00203589373268,0.00255982321687,-0.00346787995659,0.00154001673218,-0.00380239775404,0.0150024518371,-0.00829171668738,0.0029514268972,-0.000185269906069,0.000287524366286,0.000444922858151],[0.000410294800531,0.000108720822027,0.00157206284348,-0.00266185076907,0.00302267097868,-0.0026043173857,0.00151985243428,-0.00829171668738,0.0180404502898,-0.00585492094979,0.00153371412307,0.0000489697886223,-0.00230288808234],[-0.000312210439006,-0.000742767180782,-0.00082702585496,0.00168507511262,-0.00104281422682,0.00314111146145,-0.00112229585648,0.0029514268972,-0.00585492094979,0.0182163603604,-0.00597452837974,0.00139801634941,0.00166833936237],[0.000562118599191,-0.000978388707153,0.00108941853978,-0.00136948085856,-0.0000952993796091,-0.000844298512675,0.00285765342414,-0.000185269906069,0.00153371412307,-0.00597452837974,0.0176493264735,-0.00617033895105,0.00429747486487],[-0.000471226376249,0.000677727744915,-0.000495968386531,0.00075639388524,0.00132997869514,0.000849246396683,0.000150275896885,0.000287524366286,0.0000489697886223,0.00139801634941,-0.00617033895105,0.0221756454557,-0.0125789809972],[0.000203867035452,0.0000256040184468,-0.000505999894813,-0.000380383775337,-0.000419148389483,0.000211503385799,-0.00208131363615,0.000444922858151,-0.00230288808234,0.00166833936237,0.00429747486487,-0.0125789809972,0.0248315054923]],"mean":[-708.57434082,153.120239258,33.399017334,34.9884681702,19.7150497437,21.9818897247,6.2702960968,8.06133556366,-0.610717952251,10.8264608383,0.0789224281907,1.61846888065,-4.40001249313]},"pitch_salience":{"dmean":0.100603915751,"dmean2":0.173321485519,"dvar":0.00688983174041,"dvar2":0.0198984947056,"max":0.816143095493,"mean":0.499425113201,"median":0.51528263092,"min":0.0125887254253,"var":0.0181155707687},"silence_rate_20dB":{"dmean":0.000892777403351,"dmean2":0.00178571429569,"dvar":0.000892001437023,"dvar2":0.00267546600662,"max":1,"mean":0.99955368042,"median":1,"min":0,"var":0.000446127261966},"silence_rate_30dB":{"dmean":0.0957057401538,"dmean2":0.191428571939,"dvar":0.0865433588624,"dvar2":0.186915740371,"max":1,"mean":0.847437977791,"median":1,"min":0,"var":0.129290089011},"silence_rate_60dB":{"dmean":0.000535666476935,"dmean2":0.00107142853085,"dvar":0.0005353600136,"dvar2":0.00142745219637,"max":1,"mean":0.0426709502935,"median":0,"min":0,"var":0.0408502593637},"spectral_centroid":{"dmean":169.622299194,"dmean2":263.075653076,"dvar":69072.9609375,"dvar2":139449.296875,"max":11606.3056641,"mean":710.311584473,"median":463.096618652,"min":89.3915481567,"var":1044817.5},"spectral_complexity":{"dmean":2.91866803169,"dmean2":4.30267858505,"dvar":12.3939886093,"dvar2":19.6552791595,"max":60,"mean":13.4592933655,"median":11,"min":0,"var":112.71282196},"spectral_contrast_coeffs":{"dmean":[0.0578560642898,0.0539111793041,0.0445253811777,0.0344782173634,0.0281100813299,0.0184608660638],"dmean2":[0.0993133857846,0.0926832482219,0.0761071592569,0.0588326156139,0.0485653020442,0.0298206266016],"dvar":[0.00200413819402,0.00199526641518,0.0014224993065,0.00100417295471,0.000829394208267,0.000373919086996],"dvar2":[0.00587309757248,0.00575553672388,0.00402613729239,0.00276286317967,0.00223583169281,0.000878780381754],"max":[-0.421807795763,-0.445598840714,-0.52341657877,-0.596703350544,-0.617489933968,-0.580998361111],"mean":[-0.674987912178,-0.774684309959,-0.809219837189,-0.827219128609,-0.834860622883,-0.792305827141],"median":[-0.676166534424,-0.77968198061,-0.815524101257,-0.829370498657,-0.833307504654,-0.801453590393],"min":[-0.98022711277,-0.976180672646,-0.981258809566,-0.996159791946,-0.984718382359,-0.977329850197],"var":[0.00639078672975,0.00499882176518,0.00432744016871,0.00315283425152,0.00243175821379,0.00295575219207]},"spectral_contrast_valleys":{"dmean":[0.378866523504,0.589245975018,0.588635206223,0.528907895088,0.537216961384,0.413030236959],"dmean2":[0.653685152531,1.02461028099,1.02554237843,0.914022624493,0.937186539173,0.731323838234],"dvar":[0.137886330485,0.401015400887,0.489645183086,0.510280132294,0.560745060444,0.358964681625],"dvar2":[0.35682374239,1.131716609,1.36164367199,1.36101257801,1.44588112831,0.939906418324],"max":[-4.68410158157,-4.52376031876,-5.49395418167,-5.43376636505,-5.34191131592,-8.69703865051],"mean":[-6.4666018486,-7.09107398987,-7.92758464813,-8.27820301056,-8.55641841888,-10.901884079],"median":[-6.18827772141,-6.64695644379,-7.41377687454,-7.7482881546,-8.10316848755,-10.4712600708],"min":[-27.9963970184,-27.8915519714,-27.7643795013,-27.7020626068,-27.4654121399,-27.4382953644],"var":[3.95564675331,4.60983371735,4.69795036316,5.07282781601,5.05411577225,3.04695248604]},"spectral_decrease":{"dmean":7.65133201241e-9,"dmean2":1.28602657412e-8,"dvar":1.04714368695e-16,"dvar2":2.72028654417e-16,"max":7.84055709246e-10,"mean":-1.54479025127e-8,"median":-1.21269092546e-8,"min":-1.27187078647e-7,"var":1.8760245858e-16},"spectral_energy":{"dmean":0.0293055828661,"dmean2":0.0491038039327,"dvar":0.00151177786756,"dvar2":0.00392632605508,"max":0.487307846546,"mean":0.0675860643387,"median":0.0566154979169,"min":9.88576151642e-21,"var":0.00289091235027},"spectral_energyband_high":{"dmean":0.000123664460261,"dmean2":0.00017078408564,"dvar":6.79882958821e-8,"dvar2":1.08666512233e-7,"max":0.0122251752764,"mean":0.000364521838492,"median":0.000183182681212,"min":6.9416924304e-21,"var":4.14390711967e-7},"spectral_energyband_low":{"dmean":0.0252484288067,"dmean2":0.0429864227772,"dvar":0.00114170718007,"dvar2":0.00297352625057,"max":0.403666287661,"mean":0.0446461886168,"median":0.0330194830894,"min":7.49460458449e-24,"var":0.00189042766578},"spectral_energyband_middle_high":{"dmean":0.000878617167473,"dmean2":0.0012637245236,"dvar":0.00000226514794122,"dvar2":0.00000411149358115,"max":0.0494315214455,"mean":0.00229643867351,"median":0.00104798295069,"min":1.2919411072e-21,"var":0.000012187275388},"spectral_energyband_middle_low":{"dmean":0.00645671738312,"dmean2":0.0106080537662,"dvar":0.0000687798892614,"dvar2":0.000179976690561,"max":0.111832022667,"mean":0.0151221835986,"median":0.0102809406817,"min":1.64646668382e-22,"var":0.000237491869484},"spectral_entropy":{"dmean":0.352747291327,"dmean2":0.603669881821,"dvar":0.197556197643,"dvar2":0.537774980068,"max":9.82448005676,"mean":7.05670881271,"median":7.21596813202,"min":4.11044216156,"var":0.564640402794},"spectral_flux":{"dmean":0.038820605725,"dmean2":0.0635196641088,"dvar":0.00207415223122,"dvar2":0.00528932455927,"max":0.538842141628,"mean":0.140931248665,"median":0.132226854563,"min":6.30681271097e-11,"var":0.00509750330821},"spectral_kurtosis":{"dmean":3.74233198166,"dmean2":6.27541732788,"dvar":43.4027519226,"dvar2":120.604118347,"max":134.838607788,"mean":12.5341663361,"median":9.6716709137,"min":-1.25103962421,"var":86.881072998},"spectral_rms":{"dmean":0.00164786761161,"dmean2":0.00275676208548,"dvar":0.00000286948193207,"dvar2":0.0000075269476838,"max":0.0218041799963,"mean":0.0075022620149,"median":0.00743200071156,"min":3.10558306502e-12,"var":0.00000965342860582},"spectral_rolloff":{"dmean":2627.24316406,"dmean2":5076.50878906,"dvar":40395828,"dvar2":108296448,"max":22050,"mean":3544.68847656,"median":279.931640625,"min":21.533203125,"var":53417896},"spectral_skewness":{"dmean":0.390150010586,"dmean2":0.64670085907,"dvar":0.311303287745,"dvar2":0.824207007885,"max":8.93898010254,"mean":2.60985684395,"median":2.40025615692,"min":-0.0776589885354,"var":0.905247032642},"spectral_spread":{"dmean":645755.8125,"dmean2":1066980.875,"dvar":670303911936,"dvar2":1641634332670,"max":42533640,"mean":5057627.5,"median":4547477,"min":910743,"var":12014605828100},"spectral_strongpeak":{"dmean":1.20451843739,"dmean2":2.28429865837,"dvar":73.8482437134,"dvar2":198.073638916,"max":134.686386108,"mean":1.0294905901,"median":0.29612326622,"min":0,"var":54.1352615356},"zerocrossingrate":{"dmean":0.0301591809839,"dmean2":0.0393767878413,"dvar":0.000851515098475,"dvar2":0.0013113321038,"max":0.5791015625,"mean":0.144991457462,"median":0.13330078125,"min":0,"var":0.00947865191847}},"metadata":{"audio_properties":{"analysis_sample_rate":44100,"bit_rate":949427,"codec":"alac","downmix":"mix","equal_loudness":0,"length":260.079986572,"lossless":true,"md5_encoded":"c51694e16e75cbb21d7dd7f7cf9515f7","replay_gain":-8.30915260315,"sample_rate":44100},"tags":{"album":["Delta Machine"],"albumartistsort":["Depeche Mode"],"artist":["Depeche Mode"],"artistsort":["Depeche Mode"],"date":["2013-03-22"],"file_name":"15 - Happens All the Time.m4a","isrc":["USQX91300038"],"label":["Venusnote Ltd"],"language":["eng"],"media":["Digital Media"],"mixer":["Flood"],"musicbrainz_albumartistid":["8538e728-ca0b-4321-b7e5-cff6565dd4c0"],"musicbrainz_albumid":["a1897ff1-c34f-495e-9d71-960d409b96df"],"musicbrainz_artistid":["8538e728-ca0b-4321-b7e5-cff6565dd4c0"],"musicbrainz_recordingid":["5f4d5b7a-8665-4335-b5cb-bd3ca53d3001"],"musicbrainz_releasegroupid":["b5d1452c-fd48-4313-a5b2-a4a287c54140"],"musicbrainz_workid":["31e7f045-9f31-484b-a53f-f78522b06034"],"producer":["Ben Hillier"],"script":["Latn"],"title":["Happens All the Time"],"tracknumber":["15/17"]},"version":{"essentia":"2.1-beta1","essentia_build_sha":"ca57ba49d9b1854bd80e60cf9ccf267278fb7d6b","essentia_git_sha":"v2.1_beta1-28-g21ef5f4-dirty","extractor":"music 1.0"}},"rhythm":{"beats_count":638,"beats_loudness":{"dmean":0.0476726666093,"dmean2":0.0856866389513,"dvar":0.00296018598601,"dvar2":0.00816764682531,"max":0.38329860568,"mean":0.0758497640491,"median":0.0629085749388,"min":0,"var":0.00304761854932},"beats_loudness_band_ratio":{"dmean":[0.164618626237,0.0958689376712,0.0347281582654,0.0225053746253,0.0383496023715,0.0549462810159],"dmean2":[0.284447818995,0.169764026999,0.0615033321083,0.0398385934532,0.0723165869713,0.0941702499986],"dvar":[0.0180731583387,0.0101497005671,0.00225571566261,0.000870174204465,0.00260434369557,0.0034359912388],"dvar2":[0.05275901407,0.0271793529391,0.00652902619913,0.00258021824993,0.00689242035151,0.00959132332355],"max":[0.997776508331,0.581997454166,0.353938430548,0.256934642792,0.345276743174,0.389076501