{"lowlevel":{"average_loudness":0.944468796253,"barkbands":{"dmean":[0.000427384162322,0.00628717336804,0.00429567182437,0.00313310232013,0.00350023549981,0.00145126902498,0.000736801361199,0.000499887159094,0.000818748841994,0.000514472078066,0.000455515983049,0.000299493636703,0.000224819843424,0.000315056619002,0.000242187088588,0.000207563018193,0.000151667336468,0.000121799683257,0.0000853929377627,0.0000288724295388,0.0000129137988552,0.00000378433787773,0.00000242464034272,0.00000341043482877,0.00000247444586421,5.97960479354e-7,3.41451027452e-8],"dmean2":[0.000697843788657,0.0102642979473,0.00689005339518,0.00509145250544,0.00566559517756,0.00241627264768,0.00118559470866,0.000801171874627,0.00130207045004,0.000828283082228,0.000731838459615,0.000477886816952,0.0003609417181,0.000512087426614,0.000387894455343,0.000334728538292,0.000236690262682,0.000191168874153,0.000137836468639,0.0000461282688775,0.0000200950053113,0.00000567828237763,0.00000351232188223,0.00000460349156128,0.0000032852287859,8.18936371161e-7,5.04299499937e-8],"dvar":[0.00000169183533671,0.000127852079459,0.000041903629608,0.0000207735447475,0.0000450342267868,0.00000499406996823,0.00000148533172251,0.00000133483274567,0.0000027366361337,0.0000015554754782,0.00000302373268823,6.13291376794e-7,2.92966376492e-7,4.51757443898e-7,3.13175661404e-7,2.36997806269e-7,7.07161973423e-8,3.79834332875e-8,3.40013244227e-8,1.93071780785e-9,3.43731737518e-10,2.93381603733e-11,1.58840475495e-11,8.80027786754e-11,1.19559084855e-10,1.15961788782e-11,1.99818036873e-14],"dvar2":[0.00000379760513169,0.000319276383379,0.000104897517303,0.0000495251260872,0.000109036111098,0.0000139566918733,0.00000359989553544,0.00000311325561597,0.00000718422870705,0.00000392875654143,0.00000756022427595,0.00000138598977628,7.31592876946e-7,0.00000107647917957,7.3470175721e-7,5.76084971726e-7,1.67967399989e-7,9.01049332924e-8,7.37032905818e-8,4.82268092128e-9,8.47935055504e-10,6.56252135967e-11,3.24915823413e-11,1.54809429165e-10,2.05774605688e-10,2.41424033542e-11,4.73395262335e-14],"max":[0.0503785423934,0.124091312289,0.106209501624,0.0730641931295,0.0808383971453,0.0350959077477,0.0209943763912,0.0334674566984,0.0580298304558,0.0297760032117,0.0515436269343,0.0180099606514,0.0186607986689,0.0270351320505,0.0214240010828,0.0178730022162,0.00751761626452,0.00540550472215,0.0122477579862,0.00106918613892,0.000428435218055,0.000081494312326,0.0000914549964364,0.000452543143183,0.000518812332302,0.000177628360689,0.00000841046130517],"mean":[0.000476738612633,0.0138643840328,0.0128980465233,0.00687344837934,0.00549209117889,0.00224547996186,0.00114673224743,0.000687515013851,0.00144753896166,0.000788307224866,0.000774641579483,0.000483229610836,0.000379286182579,0.000554218015168,0.000440884585259,0.000385013117921,0.00029072619509,0.000244501163252,0.000175963825313,0.0000628718335065,0.0000298594804917,0.00000887427449925,0.00000575916828893,0.00000771094346419,0.00000523081598658,0.00000125421183839,8.58909885437e-8],"median":[0.000109523898573,0.0114805418998,0.00639171246439,0.00363844633102,0.003296908224,0.00146802549716,0.000594357494265,0.00026860635262,0.000825083814561,0.000312357791699,0.000107731772005,0.000154356268467,0.000143078883411,0.000263425434241,0.000223876340897,0.000217252410948,0.000171849038452,0.000148002800415,0.000123761157738,0.0000459763105027,0.0000214912488445,0.00000568871109863,0.00000333302386935,0.00000320132903653,0.00000190622745322,4.61476872715e-7,4.20243893018e-8],"min":[3.30399046807e-24,9.79948417787e-24,5.3375543693e-24,6.33146122721e-25,1.8068922143e-23,2.63581936489e-23,1.08924501732e-23,2.51295759212e-23,2.61327876893e-23,1.05681518216e-23,1.72861985756e-23,3.5150221987e-23,6.57875032639e-23,3.80942161754e-23,9.40448542986e-23,6.17646786787e-23,1.08929220698e-22,1.06646522295e-22,1.80387119257e-22,2.24654837815e-22,3.45766595244e-22,3.15501650004e-22,4.47136357525e-22,6.38294091333e-22,1.00134353092e-21,1.48051011506e-21,2.1754244265e-21],"var":[0.00000227081022786,0.000215846128413,0.000207530596526,0.000100282632047,0.0000563698959013,0.00000644411375106,0.00000266388019554,0.00000197504596144,0.00000566618155062,0.00000347405489265,0.00000886495854502,0.0000013221053905,9.10627875328e-7,0.00000108958943201,5.2812379181e-7,4.79504990381e-7,1.59919878229e-7,9.89545299035e-8,5.59674333545e-8,4.04269373533e-9,9.19449572034e-10,9.46341338626e-11,5.19388247688e-11,2.31366273362e-10,2.66140554039e-10,2.11690283358e-11,2.84414859557e-14]},"barkbands_crest":{"dmean":2.6306951046,"dmean2":4.26821994781,"dvar":6.59363937378,"dvar2":16.6296825409,"max":24.6427021027,"mean":12.8589344025,"median":12.4766921997,"min":3.13290905952,"var":16.7438373566},"barkbands_flatness_db":{"dmean":0.0210461169481,"dmean2":0.0309375859797,"dvar":0.000412683992181,"dvar2":0.000871340394951,"max":0.410071372986,"mean":0.20377779007,"median":0.199708208442,"min":0.0386170037091,"var":0.00231564324349},"barkbands_kurtosis":{"dmean":4.58440303802,"dmean2":7.02495527267,"dvar":56.9457359314,"dvar2":120.02205658,"max":281.568908691,"mean":10.1613254547,"median":6.87865400314,"min":-1.88795864582,"var":160.682815552},"barkbands_skewness":{"dmean":0.603511989117,"dmean2":0.92087906599,"dvar":0.393839001656,"dvar2":0.86781668663,"max":12.5409936905,"mean":2.55930256844,"median":2.48403048515,"min":-2.7512178421,"var":1.8371950388},"barkbands_spread":{"dmean":2.9252436161,"dmean2":4.51984119415,"dvar":12.3644704819,"dvar2":27.444070816,"max":84.8595733643,"mean":10.788769722,"median":9.79585838318,"min":0.505499541759,"var":40.7521057129},"dissonance":{"dmean":0.0175462551415,"dmean2":0.0298743657768,"dvar":0.000330672744894,"dvar2":0.000889635412022,"max":0.499999940395,"mean":0.466354697943,"median":0.472620487213,"min":0.10612949729,"var":0.000636322598439},"dynamic_complexity":2.18687701225,"erbbands":{"dmean":[0.199122950435,1.43167567253,4.25596237183,7.7175655365,12.8343696594,11.109916687,9.32229137421,12.8849925995,11.8415307999,10.5336465836,11.4129371643,18.7262458801,18.3884525299,14.8027591705,15.992067337,11.2362756729,9.85380077362,14.6312446594,13.3344659805,12.3081378937,9.31561660767,8.11704730988,6.95837068558,5.29501819611,2.97005605698,1.32155013084,0.782709419727,0.305156618357,0.145943105221,0.0893971771002,0.0691212117672,0.06987067312,0.0593984350562,0.0342658162117,0.0148399258032,0.00447581429034,0.000723732460756,0.0000860719810589,0.00000936330161494,0.0000134432830237],"dmean2":[0.328547239304,2.36585903168,6.87557411194,12.6925735474,20.9829082489,18.0686283112,15.3330698013,21.6693115234,19.3966445923,16.7572994232,18.1949958801,29.6982212067,29.6519203186,23.0108757019,25.7068462372,17.8194828033,15.7260828018,23.8511943817,21.3764724731,19.5472927094,14.7750673294,12.5662994385,10.80032444,8.45791816711,4.78315353394,2.09488773346,1.22891056538,0.470901250839,0.219558611512,0.133139848709,0.0986599624157,0.0964403897524,0.0817343592644,0.0464864373207,0.0196637567133,0.00616438593715,0.000964935112279,0.000117901035992,0.0000133824005388,0.0000208182882488],"dvar":[0.207979559898,5.60584640503,37.5816612244,98.3292770386,580.45513916,352.452789307,212.50894165,458.913330078,431.590820312,536.50201416,634.37701416,1460.2121582,2107.84155273,1882.11303711,3504.16259766,700.845825195,598.125305176,907.707214355,731.801391602,1132.38684082,289.475219727,217.497390747,129.674713135,104.050476074,29.353471756,3.75231575966,1.25507366657,0.200089529157,0.0432468727231,0.0174393877387,0.013997678645,0.0264575704932,0.0350222103298,0.0210679545999,0.00443693157285,0.000736879999749,0.0000109130251076,1.08979214986e-7,4.18945489411e-10,2.68845445905e-10],"dvar2":[0.508783459663,14.7504329681,95.4389648438,255.043151855,1436.32556152,904.790161133,572.961975098,1278.38244629,1101.28466797,1210.91381836,1522.09887695,3542.22973633,5837.32958984,4614.25439453,8792.64257812,1571.65673828,1456.51367188,2244.41699219,1787.68969727,2556.94262695,707.711730957,518.637695312,299.754638672,224.345016479,75.8301925659,9.3532333374,3.09723377228,0.474366486073,0.0960383415222,0.0377607829869,0.027839364484,0.0486647896469,0.0666294172406,0.0370991677046,0.00735712843016,0.0015819252003,0.0000194137865037,2.06956556781e-7,8.62982629801e-10,6.20275719676e-10],"max":[4.93068408966,27.4494056702,97.702041626,144.3021698,331.697113037,229.198577881,228.837768555,313.314819336,364.491210938,369.647186279,901.771118164,1539.03820801,1825.24157715,1324.35473633,2148.51171875,670.010009766,1026.13818359,1023.99957275,686.091918945,1426.19482422,482.183746338,463.362487793,347.291809082,634.713928223,206.807235718,33.8226203918,25.0084991455,9.50176239014,3.5164949894,2.68114590645,2.7919242382,6.82358503342,8.57109546661,7.69330453873,3.394572258,1.37367832661,0.157562717795,0.0138349961489,0.00102634634823,0.000200672031497],"mean":[0.335499405861,3.43630504608,13.0647935867,20.6885604858,21.3548774719,17.992477417,15.3985843658,18.9820423126,18.1868858337,14.904132843,18.3078689575,33.0445747375,30.3126354218,25.5416736603,28.4845581055,19.894285202,17.807767868,27.1194629669,26.6325092316,22.8694133759,19.0538253784,16.3979492188,14.3771114349,10.9402971268,6.57408761978,3.00165605545,1.7997906208,0.732048213482,0.344634562731,0.212458997965,0.161368310452,0.158569008112,0.126958981156,0.0711673274636,0.0306589622051,0.00899618212134,0.00165771367028,0.000210169600905,0.0000381584832212,0.000055918655562],"median":[0.252957761288,2.85151529312,9.66055870056,16.20835495,11.3054361343,10.2931537628,9.27657604218,11.7388772964,9.408411026,6.90719795227,9.06901931763,18.2460346222,14.4101867676,8.17057991028,5.3571100235,6.70624828339,7.38034534454,13.2025213242,14.3673810959,11.8796157837,12.2324810028,9.73271179199,8.77561950684,7.17732810974,4.83045530319,2.21843194962,1.31076967716,0.519466400146,0.223767310381,0.137447461486,0.0875939428806,0.0724473148584,0.0502172932029,0.0259468760341,0.0110197328031,0.00325409253128,0.000633892137557,0.0000850727083161,0.0000324788634316,0.0000568327595829],"min":[2.50640774313e-22,1.14540321421e-21,5.04970539899e-21,5.42249122492e-21,3.06856509964e-20,3.5322670414e-20,1.01341140943e-19,1.35606916872e-19,2.07016837542e-19,4.21190157401e-19,4.85787405622e-19,6.17965749328e-19,5.67377502714e-19,5.45887505497e-19,7.86538747516e-19,1.87892587216e-18,3.33464008675e-18,2.607860589e-18,3.12989468717e-18,4.69599367297e-18,3.65593647541e-18,5.74665243085e-18,5.96878061741e-18,9.3709463527e-18,8.8284209228e-18,1.14449056969e-17,1.69421230548e-17,9.55788834395e-18,1.22904579908e-17,1.07831769233e-17,1.3878191472e-17,1.09119672903e-17,1.16052116452e-17,1.02675820126e-17,7.86919995061e-18,5.09402181679e-18,2.60263156676e-18,1.03388208749e-18,2.66567224201e-19,3.01044047509e-20],"var":[0.227266132832,11.2410306931,154.249588013,368.454803467,841.395141602,501.682891846,366.224639893,533.462890625,706.217224121,722.620544434,1050.24157715,3281.27001953,4523.83984375,5113.85791016,10105.7871094,1757.67919922,1736.70385742,2355.1940918,1611.85742188,2027.97802734,603.528198242,507.152099609,358.988983154,198.409667969,54.3998298645,8.76783943176,3.23979902267,0.575719594955,0.141455203295,0.0542911626399,0.0453548766673,0.072659894824,0.0797939896584,0.0433155670762,0.0108801629394,0.00122842239216,0.0000274641206488,2.4032144097e-7,1.04488251385e-9,8.57795223741e-10]},"erbbands_crest":{"dmean":2.33058738708,"dmean2":3.80826544762,"dvar":6.29885387421,"dvar2":15.6799488068,"max":30.1933879852,"mean":8.19274997711,"median":6.91381168365,"min":2.50511240959,"var":17.5165138245},"erbbands_flatness_db":{"dmean":0.0132965473458,"dmean2":0.0196103826165,"dvar":0.000195538115804,"dvar2":0.000384114071494,"max":0.395440161228,"mean":0.185190215707,"median":0.178599879146,"min":0.0532259382308,"var":0.00144434417598},"erbbands_kurtosis":{"dmean":0.687568724155,"dmean2":1.08987295628,"dvar":1.41278731823,"dvar2":3.17690300941,"max":29.437953949,"mean":-0.115605160594,"median":-0.710757017136,"min":-1.80044555664,"var":3.4588739872},"erbbands_skewness":{"dmean":0.321321606636,"dmean2":0.495977342129,"dvar":0.106184266508,"dvar2":0.234226033092,"max":4.92720508575,"mean":0.231982454658,"median":0.205753192306,"min":-4.46657705307,"var":0.471676826477},"erbbands_spread":{"dmean":6.14026546478,"dmean2":9.53471279144,"dvar":36.4788208008,"dvar2":81.8650970459,"max":138.389312744,"mean":37.7955245972,"median":38.6891288757,"min":2.83167171478,"var":185.506088257},"gfcc":{"cov":[[5166.47363281,18.9895553589,-455.526672363,336.195037842,-136.042694092,287.131988525,-96.0404052734,97.3992538452,-14.5804157257,-0.331852674484,-0.91632181406,-44.271812439,-29.1141014099],[18.9895553589,649.022583008,51.7229423523,-0.0259904097766,198.867111206,-66.0609741211,171.7293396,-76.7391815186,128.316223145,-50.3735733032,52.607925415,-31.3721675873,41.4761695862],[-455.526672363,51.7229423523,539.480041504,100.020263672,57.9462814331,58.1943359375,-17.3849639893,59.4464492798,1.75057649612,-7.45447397232,-15.9329557419,-25.2399787903,-2.06895756721],[336.195037842,-0.0259904097766,100.020263672,295.818267822,92.8302993774,27.3418292999,11.1033086777,20.2994289398,90.0582504272,4.06289672852,7.83971500397,-12.7026920319,-4.94366312027],[-136.042694092,198.867111206,57.9462814331,92.8302993774,234.08833313,31.3712673187,87.1748733521,-13.9542045593,79.5810852051,3.94205999374,14.976266861,-5.20959663391,15.8966083527],[287.131988525,-66.0609741211,58.1943359375,27.3418292999,31.3712673187,151.578857422,31.7371101379,42.317527771,-27.6585540771,12.5404577255,9.63610935211,-3.96557664871,-5.85027933121],[-96.0404052734,171.7293396,-17.3849639893,11.1033086777,87.1748733521,31.7371101379,182.668548584,5.58828449249,37.4839172363,-4.58667087555,42.146686554,3.88968467712,4.10466194153],[97.3992538452,-76.7391815186,59.4464492798,20.2994289398,-13.9542045593,42.317527771,5.58828449249,99.8474884033,19.0954990387,24.0702972412,-1.94806480408,11.5480546951,3.13470697403],[-14.5804157257,128.316223145,1.75057649612,90.0582504272,79.5810852051,-27.6585540771,37.4839172363,19.0954990387,145.918197632,27.7807216644,14.3563508987,-3.19639992714,19.0799560547],[-0.331852674484,-50.3735733032,-7.45447397232,4.06289672852,3.94205999374,12.5404577255,-4.58667087555,24.0702972412,27.7807216644,79.4632263184,28.2786769867,19.2686691284,6.10352659225],[-0.91632181406,52.607925415,-15.9329557419,7.83971500397,14.976266861,9.63610935211,42.146686554,-1.94806480408,14.3563508987,28.2786769867,79.6565246582,31.1379451752,9.52790355682],[-44.271812439,-31.3721675873,-25.2399787903,-12.7026920319,-5.20959663391,-3.96557664871,3.88968467712,11.5480546951,-3.19639992714,19.2686691284,31.1379451752,66.8326797485,26.742017746],[-29.1141014099,41.4761695862,-2.06895756721,-4.94366312027,15.8966083527,-5.85027933121,4.10466194153,3.13470697403,19.0799560547,6.10352659225,9.52790355682,26.742017746,56.4881019592]],"icov":[[0.000667887215968,-0.00191092572641,0.00138977821916,-0.0019161485834,0.0014372067526,-0.00219550845213,0.00155030644964,-0.00149476609658,0.00149356585462,-0.000990049098618,0.00109787867405,-0.000559259846341,0.000651064678095],[-0.00191092572641,0.0110784722492,-0.0051639568992,0.0078700883314,-0.00664864247665,0.00821132957935,-0.00719446875155,0.00706086074933,-0.0084624979645,0.00727234408259,-0.00759604061022,0.00573803298175,-0.00512980530038],[0.00138977821916,-0.0051639568992,0.00550081627443,-0.0051505244337,0.00258710840717,-0.00498311500996,0.00447790091857,-0.00559069449082,0.00503667024896,-0.00256156688556,0.0027321272064,-0.0006573178689,0.00142524798866],[-0.0019161485834,0.0078700883314,-0.0051505244337,0.0116670327261,-0.00623838277534,0.00567000871524,-0.00426864298061,0.00551167968661,-0.00978842563927,0.00635562976822,-0.00596611108631,0.00284619675949,-0.00130823731888],[0.0014372067526,-0.00664864247665,0.00258710840717,-0.00623838277534,0.0121202254668,-0.00803598109633,0.00148380512837,-0.000354117830284,0.00126336538233,-0.00457792868838,0.00626107119024,-0.00420978246257,0.00184483872727],[-0.00219550845213,0.00821132957935,-0.00498311500996,0.00567000871524,-0.00803598109633,0.0185119248927,-0.00747395306826,0.000395314738853,-0.000250779528869,0.00257756793872,-0.00666592735797,0.00650404207408,-0.00429571280256],[0.00155030644964,-0.00719446875155,0.00447790091857,-0.00426864298061,0.00148380512837,-0.00747395306826,0.0138719370589,-0.00664904434234,0.00378701696172,-0.000795030326117,-0.000774390646257,-0.00231619924307,0.00407523289323],[-0.00149476609658,0.00706086074933,-0.00559069449082,0.00551167968661,-0.000354117830284,0.000395314738853,-0.00664904434234,0.021369934082,-0.0105684055015,0.00101986282971,0.000379539385904,-0.00232869782485,-0.00174146145582],[0.00149356585462,-0.0084624979645,0.00503667024896,-0.00978842563927,0.00126336538233,-0.000250779528869,0.00378701696172,-0.0105684055015,0.0218410044909,-0.0104395737872,0.00456300890073,0.00121856690384,-0.00135480077006],[-0.000990049098618,0.00727234408259,-0.00256156688556,0.00635562976822,-0.00457792868838,0.00257756793872,-0.000795030326117,0.00101986282971,-0.0104395737872,0.0237327013165,-0.0118978722021,0.00149443151895,-0.00156993337441],[0.00109787867405,-0.00759604061022,0.0027321272064,-0.00596611108631,0.00626107119024,-0.00666592735797,-0.000774390646257,0.000379539385904,0.00456300890073,-0.0118978722021,0.0269562378526,-0.0137922465801,0.00503099197522],[-0.000559259846341,0.00573803298175,-0.0006573178689,0.00284619675949,-0.00420978246257,0.00650404207408,-0.00231619924307,-0.00232869782485,0.00121856690384,0.00149443151895,-0.0137922465801,0.0300697926432,-0.0146025763825],[0.000651064678095,-0.00512980530038,0.00142524798866,-0.00130823731888,0.00184483872727,-0.00429571280256,0.00407523289323,-0.00174146145582,-0.00135480077006,-0.00156993337441,0.00503099197522,-0.0146025763825,0.0272707715631]],"mean":[-27.0639400482,153.113616943,-118.541069031,35.3702201843,-30.4763336182,2.52248930931,-32.0151748657,8.69814968109,-19.8732376099,-6.85131216049,-11.7288408279,-13.8220510483,-4.66510868073]},"hfc":{"dmean":3.54023909569,"dmean2":5.16908693314,"dvar":22.3663902283,"dvar2":44.7673721313,"max":78.1050491333,"mean":15.1446485519,"median":12.918296814,"min":1.1405396573e-16,"var":104.938011169},"melbands":{"dmean":[0.00172922539059,0.00196151272394,0.00137862400152,0.00089550082339,0.000327826448483,0.000284682930214,0.000168820624822,0.000110890854558,0.000102269390482,0.00011847816495,0.0000926215579966,0.0000612346484559,0.0000604625602136,0.0000347064415109,0.0000274096146313,0.0000231790327234,0.0000301359905279,0.0000239166656684,0.0000167984417203,0.0000169022277987,0.0000110397722892,0.00000942561473494,0.00000764120522945,0.00000557931798539,0.00000471018984172,0.00000314161889037,0.00000140227393786,8.79573235579e-7,5.98340193392e-7,3.17460688848e-7,1.59437320235e-7,9.23183449686e-8,6.69433291023e-8,4.87801692373e-8,4.07354185938e-8,4.43674501582e-8,4.62995934924e-8,4.4595402926e-8,3.79132316652e-8,2.82354370995e-8],"dmean2":[0.00282727065496,0.00318556115963,0.00223877676763,0.00146136002149,0.000536051404197,0.000476853747386,0.000275039375992,0.000176668385393,0.000162276584888,0.000188333477126,0.00014954416838,0.0000957370793913,0.0000976032679318,0.0000548040807189,0.0000438598071923,0.0000369337030861,0.0000493412699143,0.0000385005150747,0.0000265675407718,0.000027318697903,0.0000176972771442,0.000014956747691,0.0000118765710795,0.00000888634622243,0.00000762299941925,0.00000512864698976,0.00000227594955504,0.00000141431894463,9.57721567829e-7,5.01035344769e-7,2.5252307978e-7,1.42249135138e-7,1.03389332651e-7,7.48334230138e-8,6.04879204502e-8,6.41514930066e-8,6.54646612475e-8,6.29971310673e-8,5.32599848668e-8,3.96441350858e-8],"dvar":[0.000012271558262,0.00000710231097401,0.00000314977091875,0.00000302788953377,2.26286871907e-7,2.11846924003e-7,8.12563811792e-8,6.28739798003e-8,4.6974776069e-8,5.38282947105e-8,5.30563433188e-8,3.01332825359e-8,5.70715421588e-8,9.3020826597e-9,3.99037336507e-9,3.0806337481e-9,4.21559986918e-9,2.51481790947e-9,1.62648117197e-9,2.03838679269e-9,4.10851241917e-10,3.31664140596e-10,1.66488323128e-10,7.90891727109e-11,9.2061254453e-11,4.21563027542e-11,5.62291229203e-12,1.69948723063e-12,7.652098356e-13,2.17147263712e-13,6.09168748431e-14,1.79396462149e-14,9.97474892533e-15,5.97945671994e-15,4.64717723193e-15,8.18353512803e-15,1.31339734485e-14,1.86960144496e-14,1.81478774066e-14,1.75685593867e-14],"dvar2":[0.0000301736763504,0.000018525224732,0.0000079556948549,0.00000742854535929,6.16882573468e-7,5.89471937928e-7,2.0578953297e-7,1.42903076039e-7,1.11906580003e-7,1.37196366268e-7,1.46162321357e-7,7.2935918638e-8,1.43522484564e-7,2.0907158671e-8,9.57211643282e-9,7.47595407802e-9,1.04487059005e-8,6.01374328113e-9,3.71443209524e-9,4.70969396815e-9,1.03138952934e-9,8.35507718566e-10,3.50709489227e-10,1.90108956355e-10,2.00312086363e-10,1.00590466512e-10,1.4520177595e-11,4.32810775067e-12,1.96403223546e-12,5.48192405098e-13,1.50127753653e-13,4.15896531352e-14,2.37297754011e-14,1.34528169786e-14,9.73211125539e-15,1.68349712561e-14,2.56349761161e-14,3.70328428838e-14,3.59735502563e-14,3.12967696463e-14],"max":[0.0379307195544,0.0393433719873,0.0246291272342,0.0204448066652,0.006297968328,0.00685006426647,0.00505413580686,0.00399919971824,0.00642788643017,0.00829524174333,0.00882758572698,0.00511247711256,0.00832892674953,0.00254782638513,0.00142140174285,0.00223196111619,0.00234782719053,0.00147990009282,0.00160240463447,0.0017862530658,0.000721857824828,0.000619452155661,0.000397426541895,0.000214685525862,0.000608037866186,0.00035331241088,0.0000698324147379,0.0000301923628285,0.0000141131195051,0.0000104567061499,0.00000576044976697,0.00000206363642974,0.0000017607457039,0.00000233166861108,0.00000121997663882,0.00000301387285617,0.00000542559246242,0.00000621294020675,0.00000482077757624,0.0000082252190623],"mean":[0.00347901461646,0.00621422473341,0.00374760571867,0.00142621377017,0.000574344187044,0.000429653649917,0.000265283859335,0.000152854147018,0.000165161778568,0.000207774515729,0.000147686325363,0.00009970471001,0.000104070364614,0.0000577110477025,0.0000434162357124,0.0000402974692406,0.0000522429727425,0.0000442974123871,0.0000303980523313,0.0000296307571261,0.0000207330394915,0.0000174082742888,0.0000144940340761,0.0000109886486825,0.00000877617276274,0.00000606724779573,0.0000028862605177,0.00000175253933321,0.00000125525377825,6.71806958508e-7,3.39545579209e-7,1.98924027472e-7,1.42973433981e-7,1.0648857085e-7,8.880977731e-8,9.51012140149e-8,9.84331052223e-8,9.19788547549e-8,7.49752118168e-8,5.55241932432e-8],"median":[0.00297237723134,0.00610789982602,0.00301633775234,0.000851702992804,0.000391677662265,0.000271961413091,0.000142571181641,0.0000680607772665,0.0000807256365079,0.000117132738524,0.0000657646160107,0.0000321110164805,0.0000156683090609,0.000016993846657,0.0000164870452863,0.0000160328181664,0.0000239521723415,0.0000219905796257,0.0000152201646415,0.0000149655352288,0.0000134025276566,0.00000988521696854,0.00000844123860588,0.00000642135091766,0.00000542367752132,0.00000423319943366,0.00000207663674701,0.00000123735208035,8.9749204335e-7,4.7450674856e-7,2.22973596919e-7,1.23636880289e-7,8.96254022109e-8,6.68549233751e-8,4.85090012603e-8,4.59381226392e-8,4.2740857964e-8,3.66941534935e-8,2.74999365502e-8,1.94061371417e-8],"min":[2.98731803489e-24,2.33612913485e-24,9.63158834761e-25,3.32309036831e-24,4.21791974779e-24,3.62303145612e-24,3.08909667167e-24,5.7784574067e-24,3.75787657825e-24,3.93739173799e-24,2.05962648503e-24,1.13352094003e-24,2.41519981882e-24,3.62811172035e-24,5.54850642498e-24,6.50908736091e-24,4.19480375668e-24,4.39069685211e-24,7.7642956176e-24,4.97070683268e-24,4.35732409152e-24,5.64029118017e-24,5.86725908437e-24,5.37305981536e-24,7.34392426298e-24,5.6304193748e-24,5.44596712908e-24,7.27879985095e-24,9.81909920428e-24,8.07325220227e-24,3.85869339637e-24,6.64117462531e-24,4.86341741083e-24,5.62231146241e-24,7.180803605e-24,5.98856695893e-24,7.12431958646e-24,6.06196691629e-24,8.17440310298e-24,8.38177964661e-24],"var":[0.0000164490647876,0.0000248859796557,0.0000119627884487,0.00000365329492524,3.87324320172e-7,2.56315615843e-7,1.35994923767e-7,8.28569284295e-8,8.24701089641e-8,1.2054421461e-7,1.14478872604e-7,7.63418341876e-8,1.56183816102e-7,2.27099725691e-8,8.10547717833e-9,1.02326884743e-8,9.87422055232e-9,5.35769695276e-9,2.69750777271e-9,4.10063760725e-9,7.1209393937e-10,6.78943845589e-10,4.3784531556e-10,2.04746067323e-10,1.56799004336e-10,6.57591828213e-11,1.03042166813e-11,3.45522655626e-12,1.68626701144e-12,4.96363692336e-13,1.52106409065e-13,5.18910001773e-14,2.58215469812e-14,1.53158667931e-14,1.3521700239e-14,2.23195942929e-14,3.20024056897e-14,4.09535686613e-14,3.63715066637e-14,3.32484453652e-14]},"melbands_crest":{"dmean":3.02994894981,"dmean2":4.8316988945,"dvar":9.11011981964,"dvar2":22.3626689911,"max":34.1251220703,"mean":17.5319862366,"median":17.1195373535,"min":1.71085047722,"var":27.7569980621},"melbands_flatness_db":{"dmean":0.0251414403319,"dmean2":0.0369343012571,"dvar":0.000624245440122,"dvar2":0.00132339238189,"max":0.545383393764,"mean":0.296752423048,"median":0.292995750904,"min":0.00409991294146,"var":0.00359564647079},"melbands_kurtosis":{"dmean":9.69409751892,"dmean2":15.0520219803,"dvar":203.691055298,"dvar2":437.37890625,"max":491.168273926,"mean":24.2881164551,"median":19.0921707153,"min":-1.76336932182,"var":567.115783691},"melbands_skewness":{"dmean":0.805796086788,"dmean2":1.24004280567,"dvar":0.635088145733,"dvar2":1.39248335361,"max":16.9623718262,"mean":3.78213858604,"median":3.76587724686,"min":-1.76587867737,"var":2.93683791161},"melbands_spread":{"dmean":3.29030704498,"dmean2":5.16859340668,"dvar":27.9589347839,"dvar2":68.02003479,"max":185.274719238,"mean":10.3032655716,"median":8.03884124756,"min":0.447546035051,"var":84.6720657349},"mfcc":{"cov":[[4389.74707031,-227.016830444,-319.486083984,45.5961685181,-14.1137695312,116.853057861,11.2983083725,76.7001342773,11.9571819305,38.2300758362,33.0649452209,38.3122367859,2.46649837494],[-227.016830444,669.66986084,-41.5059585571,62.2458572388,14.7232475281,70.6890411377,42.3907394409,42.7729110718,37.1675872803,24.0803127289,19.7705020905,-0.64163506031,26.3737945557],[-319.486083984,-41.5059585571,444.600860596,34.6728363037,94.8807067871,-27.1910266876,29.7871761322,13.8540868759,25.7351074219,12.5005683899,-9.18264389038,20.1195354462,-28.089969635],[45.5961685181,62.2458572388,34.6728363037,255.801315308,84.0060653687,61.9061775208,-34.4008369446,41.8409614563,41.1689796448,43.7568054199,44.52551651,5.42542886734,19.6139431],[-14.1137695312,14.7232475281,94.8807067871,84.0060653687,177.509689331,47.5060157776,-11.4828901291,14.8579673767,44.7463607788,29.1382751465,10.2828607559,11.4381494522,-4.39715433121],[116.853057861,70.6890411377,-27.1910266876,61.9061775208,47.5060157776,126.710586548,51.5491027832,34.7755355835,16.134016037,30.4481506348,27.1816902161,2.34293842316,14.1194000244],[11.2983083725,42.3907394409,29.7871761322,-34.4008369446,-11.4828901291,51.5491027832,145.278808594,44.3405647278,-9.593334198,5.95510387421,11.8383588791,3.72320866585,7.01674699783],[76.7001342773,42.7729110718,13.8540868759,41.8409614563,14.8579673767,34.7755355835,44.3405647278,93.3363113403,32.9522628784,19.0671730042,21.3698501587,4.33469629288,9.71258735657],[11.9571819305,37.1675872803,25.7351074219,41.1689796448,44.7463607788,16.134016037,-9.593334198,32.9522628784,88.5456161499,37.6103134155,13.3536930084,6.12350463867,1.14899122715],[38.2300758362,24.0803127289,12.5005683899,43.7568054199,29.1382751465,30.4481506348,5.95510387421,19.0671730042,37.6103134155,81.4689025879,41.301109314,5.23516559601,2.32237076759],[33.0649452209,19.7705020905,-9.18264389038,44.52551651,10.2828607559,27.1816902161,11.8383588791,21.3698501587,13.3536930084,41.301109314,82.984664917,21.8659687042,7.0591917038],[38.3122367859,-0.64163506031,20.1195354462,5.42542886734,11.4381494522,2.34293842316,3.72320866585,4.33469629288,6.12350463867,5.23516559601,21.8659687042,53.9145278931,21.0014514923],[2.46649837494,26.3737945557,-28.089969635,19.6139431,-4.39715433121,14.1194000244,7.01674699783,9.71258735657,1.14899122715,2.32237076759,7.0591917038,21.0014514923,63.1555938721]],"icov":[[0.000266479037236,0.00013354344992,0.000233420811128,-0.0000421710610681,0.0000280810163531,-0.000240167180891,0.0000451893902209,-0.000276351929642,0.000053818908782,-0.000144682519021,0.000203121991944,-0.000425508944318,0.000267002586043],[0.00013354344992,0.00172708241735,0.000245264003752,-0.000293226214126,0.000191282844753,-0.000686024548486,-0.000360642123269,-0.000184310469194,-0.000660189485643,0.0000575810299779,0.000114133683383,0.0000347384266206,-0.000305605877656],[0.000233420811128,0.000245264003752,0.00343809742481,-0.000901683582924,-0.00183340464719,0.0020809348207,-0.00195419718511,-0.000204132724321,-0.0000756298977649,-0.000730827916414,0.00136292702518,-0.00213374337181,0.00193875934929],[-0.0000421710610681,-0.000293226214126,-0.000901683582924,0.00685711111873,-0.00159805791918,-0.00275609805249,0.00386364758015,-0.00261508231051,0.000356812553946,-0.000376752839657,-0.00268545094877,0.00205851020291,-0.00230571557768],[0.0000280810163531,0.000191282844753,-0.00183340464719,-0.00159805791918,0.00933489669114,-0.00407960265875,0.0015411847271,0.000909980852157,-0.00290683982894,-0.000318688165862,0.00132485223003,-0.00187312602066,0.00139009056147],[-0.000240167180891,-0.000686024548486,0.0020809348207,-0.00275609805249,-0.00407960265875,0.0151224480942,-0.00630474509671,-0.0000841535875225,0.000620421953499,-0.00215778220445,-0.000810077646747,0.00121785071678,-0.00112049328163],[0.0000451893902209,-0.000360642123269,-0.00195419718511,0.00386364758015,0.0015411847271,-0.00630474509671,0.0128646893427,-0.00609273696318,0.00326448096894,-0.000434592948295,-0.000910557922907,0.000252067111433,-0.000921188213397],[-0.000276351929642,-0.000184310469194,-0.000204132724321,-0.00261508231051,0.000909980852157,-0.0000841535875225,-0.00609273696318,0.0176282860339,-0.00682017207146,0.00192718964536,-0.00233808672056,0.00138539576437,-0.00128895347007],[0.000053818908782,-0.000660189485643,-0.0000756298977649,0.000356812553946,-0.00290683982894,0.000620421953499,0.00326448096894,-0.00682017207146,0.0186591781676,-0.00769997481257,0.00264402176253,-0.00187570403796,0.00074610178126],[-0.000144682519021,0.0000575810299779,-0.000730827916414,-0.000376752839657,-0.000318688165862,-0.00215778220445,-0.000434592948295,0.00192718964536,-0.00769997481257,0.0214777551591,-0.00983687024564,0.00351477018557,-0.000733290973585],[0.000203121991944,0.000114133683383,0.00136292702518,-0.00268545094877,0.00132485223003,-0.000810077646747,-0.000910557922907,-0.00233808672056,0.00264402176253,-0.00983687024564,0.0210730973631,-0.00953281112015,0.00324686802924],[-0.000425508944318,0.0000347384266206,-0.00213374337181,0.00205851020291,-0.00187312602066,0.00121785071678,0.000252067111433,0.00138539576437,-0.00187570403796,0.00351477018557,-0.00953281112015,0.0274381898344,-0.0103837279603],[0.000267002586043,-0.000305605877656,0.00193875934929,-0.00230571557768,0.00139009056147,-0.00112049328163,-0.000921188213397,-0.00128895347007,0.00074610178126,-0.000733290973585,0.00324686802924,-0.0103837279603,0.0212807767093]],"mean":[-669.110290527,178.0597229,-15.1250619888,38.1600379944,19.4843273163,0.907111644745,6.61436033249,3.35264396667,2.66870713234,6.24809598923,-2.15473604202,-2.70284461975,-7.5850520134]},"pitch_salience":{"dmean":0.0810345262289,"dmean2":0.130460649729,"dvar":0.00533986277878,"dvar2":0.0133522348478,"max":0.9415974617,"mean":0.520177006721,"median":0.522605538368,"min":0.141878202558,"var":0.0148778147995},"silence_rate_20dB":{"dmean":0,"dmean2":0,"dvar":0,"dvar2":0,"max":1,"mean":1,"median":1,"min":1,"var":0},"silence_rate_30dB":{"dmean":0.0181757733226,"dmean2":0.036355573684,"dvar":0.0178482532501,"dvar2":0.046334259212,"max":1,"mean":0.986812949181,"median":1,"min":0,"var":0.01301450748},"silence_rate_60dB":{"dmean":0.017510805279,"dmean2":0.0350254923105,"dvar":0.0172031093389,"dvar2":0.0395592078567,"max":1,"mean":0.0427748225629,"median":0,"min":0,"var":0.0409463793039},"spectral_centroid":{"dmean":156.056747437,"dmean2":242.664733887,"dvar":41669.15625,"dvar2":91886.53125,"max":11614.6992188,"mean":768.754516602,"median":709.686950684,"min":151.632751465,"var":232477.078125},"spectral_complexity":{"dmean":3.36872434616,"dmean2":4.9261803627,"dvar":10.5654745102,"dvar2":18.628944397,"max":45,"mean":18.7606391907,"median":18,"min":0,"var":78.9357147217},"spectral_contrast_coeffs":{"dmean":[0.0489319339395,0.0494735613465,0.0406597293913,0.028970932588,0.0209625437856,0.0159442555159],"dmean2":[0.0801209583879,0.0815975368023,0.066669985652,0.0472388379276,0.0338189639151,0.0254121962935],"dvar":[0.00168304040562,0.00163019623142,0.00111430173274,0.000607761321589,0.000317096943036,0.00022900714248],"dvar2":[0.004291750025,0.00425327382982,0.00282230135053,0.00149897462688,0.000742301403079,0.000529029057361],"max":[-0.255076855421,-0.428946793079,-0.442210584879,-0.519016265869,-0.522309780121,-0.631844103336],"mean":[-0.61219471693,-0.745659768581,-0.766558229923,-0.798505306244,-0.792681753635,-0.781146407127],"median":[-0.625689446926,-0.752843081951,-0.775148749352,-0.805493831635,-0.795955359936,-0.780179917812],"min":[-0.979225099087,-0.972355008125,-0.970787107944,-0.968044400215,-0.965428888798,-0.961889028549],"var":[0.00782095175236,0.00447768345475,0.00392516236752,0.00227983552031,0.00124910846353,0.00112888508011]},"spectral_contrast_valleys":{"dmean":[0.38311573863,0.381615072489,0.338704973459,0.289426147938,0.232127159834,0.217880398035],"dmean2":[0.623642921448,0.608068466187,0.534765422344,0.444238394499,0.344473540783,0.276944607496],"dvar":[0.135657653213,0.129177644849,0.110832430422,0.0927616879344,0.0747366920114,0.0730164721608],"dvar2":[0.300363272429,0.274484097958,0.218319907784,0.170238032937,0.127471476793,0.108424238861],"max":[-5.07504701614,-4.65213346481,-5.09121084213,-5.5584192276,-6.20849895477,-8.93398189545],"mean":[-6.66992950439,-6.54168367386,-7.21525096893,-7.44484043121,-7.68722915649,-11.1860370636],"median":[-6.31879806519,-6.43238592148,-7.16495990753,-7.30740833282,-7.50357532501,-11.0778884888],"min":[-27.7250652313,-27.5518188477,-27.4143257141,-27.5158042908,-27.4595241547,-27.3328495026],"var":[1.28005325794,0.951641976833,0.967969834805,0.960452795029,0.918275117874,0.933609545231]},"spectral_decrease":{"dmean":3.18606607763e-9,"dmean2":4.96081353774e-9,"dvar":1.53253241013e-17,"dvar2":3.58543884966e-17,"max":1.23982486468e-28,"mean":-1.28229169505e-8,"median":-1.31155584171e-8,"min":-4.77897188489e-8,"var":4.64422771762e-17},"spectral_energy":{"dmean":0.012248897925,"dmean2":0.0190414953977,"dvar":0.000224979390623,"dvar2":0.000524464005139,"max":0.182765096426,"mean":0.0497703067958,"median":0.0508199930191,"min":1.0092828896e-20,"var":0.00069297599839},"spectral_energyband_high":{"dmean":0.0000308095040964,"dmean2":0.0000440469520981,"dvar":2.08584505224e-9,"dvar2":4.03824618189e-9,"max":0.001050892286,"mean":0.0000867941707838,"median":0.0000610745628364,"min":7.70658165763e-21,"var":7.91226639762e-9},"spectral_energyband_low":{"dmean":0.00952320173383,"dmean2":0.0151686295867,"dvar":0.000169480641489,"dvar2":0.000418309151428,"max":0.166656032205,"mean":0.0307826865464,"median":0.0307471007109,"min":5.04824499657e-23,"var":0.000452113803476},"spectral_energyband_middle_high":{"dmean":0.00149480137043,"dmean2":0.00223940960132,"dvar":0.00000631606371826,"dvar2":0.0000142570670505,"max":0.0624666176736,"mean":0.00439578806981,"median":0.00271690869704,"min":1.07838371216e-21,"var":0.0000336051016347},"spectral_energyband_middle_low":{"dmean":0.00680912844837,"dmean2":0.0107415644452,"dvar":0.00009341508121,"dvar2":0.000209184057894,"max":0.136325389147,"mean":0.0181949362159,"median":0.0134465601295,"min":2.34306355353e-22,"var":0.000248542346526},"spectral_entropy":{"dmean":0.141587615013,"dmean2":0.214975386858,"dvar":0.0206693932414,"dvar2":0.043367497623,"max":9.8152885437,"mean":7.16897630692,"median":7.23433732986,"min":5.25652742386,"var":0.127934470773},"spectral_flux":{"dmean":0.0283644609153,"dmean2":0.043506976217,"dvar":0.000923865416553,"dvar2":0.00200711144134,"max":0.306460916996,"mean":0.0912995710969,"median":0.077703550458,"min":6.51203813096e-11,"var":0.00257367198355},"spectral_kurtosis":{"dmean":3.40336751938,"dmean2":5.99223852158,"dvar":13.176402092,"dvar2":39.033290863,"max":59.0768051147,"mean":8.67457675934,"median":7.20278024673,"min":-1.24436426163,"var":30.0224514008},"spectral_rms":{"dmean":0.000855837075505,"dmean2":0.00130106823053,"dvar":9.14032682431e-7,"dvar2":0.00000191385993276,"max":0.0133531801403,"mean":0.00661112461239,"median":0.00704134069383,"min":3.13793912729e-12,"var":0.00000484924794364},"spectral_rolloff":{"dmean":183.810958862,"dmean2":305.560699463,"dvar":154141.109375,"dvar2":338943.375,"max":19056.8847656,"mean":548.856933594,"median":344.53125,"min":43.06640625,"var":619803},"spectral_skewness":{"dmean":0.326105475426,"dmean2":0.557710289955,"dvar":0.0952814891934,"dvar2":0.268854290247,"max":5.98838090897,"mean":1.92904365063,"median":1.82026386261,"min":-0.0509916171432,"var":0.320643693209},"spectral_spread":{"dmean":264329.65625,"dmean2":398167.4375,"dvar":270204010496,"dvar2":419328065536,"max":42852776,"mean":2942762.25,"median":2819286.75,"min":1171211.625,"var":2153056305150},"spectral_strongpeak":{"dmean":0.274707198143,"dmean2":0.465123772621,"dvar":0.24596041441,"dvar2":0.646128237247,"max":14.0557384491,"mean":0.718046605587,"median":0.607688426971,"min":0,"var":0.3689430058},"zerocrossingrate":{"dmean":0.00481284176931,"dmean2":0.00592031562701,"dvar":0.0000589403061895,"dvar2":0.0000996355011011,"max":0.5185546875,"mean":0.025743579492,"median":0.02294921875,"min":0.00146484375,"var":0.000431900960393}},"metadata":{"audio_properties":{"analysis_sample_rate":44100,"bit_rate":0,"codec":"flac","downmix":"mix","equal_loudness":0,"length":209.493331909,"lossless":true,"md5_encoded":"ccf8612c841563943a4a238d2676d993","replay_gain":-7.91472053528},"tags":{"album":["Deep Purple in Rock"],"albumartist":["Deep Purple"],"albumartistsort":["Deep Purple"],"artist":["Deep Purple"],"artistsort":["Deep Purple"],"asin":["B000002KBA"],"barcode":["077774623926"],"catalognumber":["CDP 7 46239 2"],"composer":["Ian Paice","Roger Glover","Jon Lord","Ritchie Blackmore","Ian Gillan"],"date":["1987"],"discnumber":["1"],"disctotal":["1"],"engineer":["Andy Knight"],"file_name":"05 Into the Fire.flac","genre":["Rock","Classic Hard Rock"],"label":["EMI"],"media":["CD"],"musicbrainz_albumartistid":["79491354-3d83-40e3-9d8e-7592d58d790a"],"musicbrainz_albumid":["a39bc48e-24e1-3c08-a6a7-12d437dbbb3a"],"musicbrainz_artistid":["79491354-3d83-40e3-9d8e-7592d58d790a"],"musicbrainz_recordingid":["5f50bef9-332d-4573-9f58-31b504180fb0"],"musicbrainz_releasegroupid":["ebdb53c3-fbae-34b1-81cb-f825c9a56822"],"musicbrainz_releasetrackid":["bfcbbd3e-f759-3c14-8b73-ac002ff750a8"],"originaldate":["1970-06"],"performer":["Roger Glover (bass guitar)","Ian Paice (drums)","Ritchie Blackmore (guitar)","Jon Lord (organ)","Ian Gillan (vocals)"],"releasecountry":["XE"],"releasestatus":["official"],"releasetype":["album"],"script":["Latn"],"title":["Into the Fire"],"totaldiscs":["1"],"totaltracks":["7"],"tracknumber":["5"],"tracktotal":["7"]},"version":{"essentia":"2.1-beta1","essentia_build_sha":"7598a69e7b456135ce4c070efb04a3d0ebb71fdd","essentia_git_sha":"v2.1_beta1-6-g5578087","extractor":"music 1.0"}},"rhythm":{"beats_count":349,"beats_loudness":{"dmean":0.0218557175249,"dmean2":0.0378990322351,"dvar":0.00034393495298,"dvar2":0.000944697880186,"max":0.151762112975,"mean":0.0662407726049,"median":0.0654150620103,"min":0.000228980497923,"var":0.00057