{"lowlevel":{"average_loudness":0.87976872921,"barkbands":{"dmean":[0.0000194850708795,0.00223930575885,0.00343277212232,0.00301188556477,0.00164953921922,0.00183249975089,0.000693318259437,0.000665285391733,0.000763146730606,0.000373848975869,0.000325991306454,0.0000925169952097,0.000159103117767,0.0001128212607,0.000138902352774,0.0000724164710846,0.000119486998301,0.00012591171253,0.000103383899841,0.000069388828706,0.0000563873290957,0.0000665894622216,0.0000760242401157,0.0000517951011716,0.0000304125023831,0.0000190792907233,6.647369446e-7],"dmean2":[0.0000306368383463,0.00337496376596,0.00586534431204,0.00481725437567,0.0026295450516,0.00314643792808,0.000991051085293,0.000935562478844,0.00104477000423,0.000534696911927,0.0004247718025,0.00014651651145,0.000247219431913,0.000173981738044,0.000211061065784,0.000112542307761,0.000186507939361,0.000201106464374,0.000165249177371,0.000107930325612,0.0000788273464423,0.0000940118334256,0.000108625827124,0.0000738017479307,0.0000481926217617,0.0000318368292938,0.0000011765604313],"dvar":[1.71172664931e-9,0.0000590767340327,0.0000632485753158,0.0000621159560978,0.00000656480779071,0.00000759941121942,0.0000019172211978,0.00000190864511751,0.00000270326722784,8.41273163132e-7,3.53435780198e-7,1.56134689178e-7,2.93371357429e-7,1.43171419609e-7,3.06429228658e-7,1.40723159348e-7,3.08059497911e-7,1.31942499593e-7,9.89091546444e-8,2.98029085855e-8,3.04232017356e-8,9.53522487634e-8,2.05081377658e-7,3.44829729215e-8,5.78938630369e-9,8.02028310432e-9,5.67484644345e-12],"dvar2":[4.15575884816e-9,0.000126362167066,0.000153616187163,0.00014494957577,0.0000182491421583,0.0000218370823859,0.00000435998163084,0.00000452817039331,0.00000633858917354,0.00000204568209483,8.46303407798e-7,3.34669152835e-7,6.71665247864e-7,3.13186632184e-7,6.48406853543e-7,3.28306043684e-7,6.1298936771e-7,2.84005267304e-7,2.1300873243e-7,6.82745948666e-8,5.84762922529e-8,1.93556431327e-7,4.48737580427e-7,6.88255923365e-8,1.35592888029e-8,2.18417799402e-8,1.58235057002e-11],"max":[0.00103126186877,0.0903092995286,0.0837482511997,0.10040050745,0.0469491258264,0.0720745697618,0.043006170541,0.0411741882563,0.062156740576,0.0301318764687,0.0178441200405,0.0212731957436,0.0199898555875,0.0195237658918,0.024215221405,0.0177180245519,0.0244893468916,0.0112716937438,0.0118667306378,0.0073496857658,0.00711459666491,0.0158176776022,0.0318634398282,0.00623922049999,0.00261669652537,0.00174585636705,0.0000411028231611],"mean":[0.0000595140918449,0.00318421260454,0.00379954953678,0.00409046281129,0.00433498295024,0.00349929463118,0.00191111385357,0.00142370769754,0.00178728508763,0.000843785237521,0.000742768112104,0.00014085364819,0.000256775529124,0.000188893507584,0.000236195803154,0.00011234680278,0.000182923176908,0.000202588664251,0.000183303010999,0.000139053387102,0.000109458480438,0.000117248957395,0.000121987861348,0.000084456645709,0.0000402855330321,0.0000199908972718,5.10980726176e-7],"median":[0.00000800983343652,0.000594553770497,0.0012442949228,0.0013074016897,0.00317054381594,0.00243246159516,0.00140045047738,0.000855594233144,0.00118632987142,0.00040047938819,0.00041918430361,0.0000304339391732,0.0000536729457963,0.0000441627089458,0.0000414583300881,0.0000283204608422,0.0000368126165995,0.0000476316345157,0.000037735375372,0.0000340288461302,0.0000197787667275,0.0000135070622491,0.0000122623059724,0.0000100841261883,0.00000470336817671,0.00000139364385632,4.28113686723e-8],"min":[4.01047861618e-25,2.72493461477e-24,4.11515232317e-25,9.91790245493e-25,6.73101326064e-24,5.83365203209e-24,5.49231467941e-24,5.94581582547e-24,1.82393460752e-23,1.40880712688e-23,1.50395290284e-23,1.93937319917e-23,3.06667752084e-23,4.20176789964e-23,5.13746421832e-23,6.37510115054e-23,8.77201209702e-23,1.05773594061e-22,9.91653504344e-23,1.44042303113e-22,2.90234750754e-22,2.70143788784e-22,4.30771318139e-22,5.25861596153e-22,8.8290362644e-22,1.29503768286e-21,1.81413774394e-21],"var":[9.75429781391e-9,0.0000891895469977,0.0000658479184494,0.0000893850883585,0.0000176999055839,0.0000157275735546,0.00000514354815095,0.00000455957251688,0.00000547666513739,0.00000204126945391,9.61354885476e-7,3.48983547838e-7,6.59108081891e-7,2.84245487592e-7,7.36364540899e-7,2.41001458789e-7,6.82881534431e-7,2.92312307693e-7,2.1739776912e-7,7.33593665814e-8,7.52646727165e-8,1.87735963664e-7,3.4604420307e-7,7.05417519953e-8,9.09931330284e-9,6.15995210396e-9,3.68619761451e-12]},"barkbands_crest":{"dmean":2.07059621811,"dmean2":3.41741681099,"dvar":3.71694946289,"dvar2":9.55185985565,"max":24.2300701141,"mean":8.59253978729,"median":7.86579656601,"min":2.70862460136,"var":9.35650253296},"barkbands_flatness_db":{"dmean":0.0210272800177,"dmean2":0.0328533761203,"dvar":0.000656672753394,"dvar2":0.00147487560753,"max":0.42928019166,"mean":0.183859467506,"median":0.170125737786,"min":0.0176946278661,"var":0.00468113413081},"barkbands_kurtosis":{"dmean":2.78458404541,"dmean2":4.45253753662,"dvar":20.4392089844,"dvar2":54.4883728027,"max":97.8560180664,"mean":5.41430902481,"median":3.95575094223,"min":-1.86709153652,"var":36.7086105347},"barkbands_skewness":{"dmean":0.467128932476,"dmean2":0.707854032516,"dvar":0.260039806366,"dvar2":0.59018778801,"max":8.39624881744,"mean":1.71273005009,"median":1.6603307724,"min":-2.07992815971,"var":1.0352241993},"barkbands_spread":{"dmean":3.44827342033,"dmean2":5.52009105682,"dvar":23.7951030731,"dvar2":56.39503479,"max":83.2851257324,"mean":13.249958992,"median":10.8885364532,"min":1.18278872967,"var":81.669090271},"dissonance":{"dmean":0.0266453921795,"dmean2":0.0433900803328,"dvar":0.00067861872958,"dvar2":0.00170736014843,"max":0.5,"mean":0.426502287388,"median":0.440741986036,"min":0.092528603971,"var":0.00294499867596},"dynamic_complexity":3.86214375496,"erbbands":{"dmean":[0.0248978231102,0.666134357452,3.59144997597,7.49184036255,6.11397600174,5.79480743408,10.8888845444,15.876335144,9.98493289948,14.2813434601,13.2452068329,19.931596756,11.8552379608,10.497209549,11.0826444626,4.32977962494,7.49728393555,5.76093006134,6.04876613617,6.36257839203,3.80535387993,6.27136564255,6.73770666122,6.01998472214,4.35209560394,3.40956664085,2.62569928169,2.05283522606,2.44292831421,2.33316659927,2.17586922646,1.4893206358,0.662951290607,0.363845795393,0.207830935717,0.110804736614,0.0299915187061,0.00221362966113,0.000108836735308,0.0000133603716677],"dmean2":[0.0419867262244,1.00609779358,6.01395750046,11.9960699081,10.0403785706,9.15420627594,17.5476589203,27.8983058929,15.615111351,20.4191761017,17.9649486542,26.828710556,16.2246170044,15.0762929916,14.3126564026,6.69284820557,11.5979595184,8.78109073639,9.252409935,9.57128334045,5.94620752335,9.72052574158,10.5710983276,9.72906303406,6.86552762985,5.2812871933,3.96143436432,2.81169867516,3.34366607666,3.4861369133,3.16332960129,2.13236427307,0.92873775959,0.557957172394,0.330612629652,0.18325676024,0.0504118911922,0.00367914047092,0.000186329867574,0.0000198480101972],"dvar":[0.0042390669696,5.26260328293,96.7821502686,363.308227539,140.785491943,91.9305648804,420.520751953,570.980712891,331.233856201,762.439453125,1018.3694458,1705.23242188,776.798156738,704.852111816,451.184265137,331.611572266,657.078125,366.704559326,680.513122559,672.503112793,366.934112549,944.50793457,452.457366943,289.80847168,226.897979736,69.7001113892,58.2768554688,55.096321106,114.246643066,180.082519531,182.456512451,36.9802436829,4.69072198868,0.828633069992,0.288153558969,0.190116599202,0.0231737047434,0.0000437556846009,1.54639693051e-7,6.10304196069e-10],"dvar2":[0.0109296981245,11.3281497955,228.861206055,788.506958008,371.728424072,257.220306396,1164.91491699,1716.91064453,815.011291504,1823.7947998,2270.00292969,3818.51733398,1763.46582031,1779.37243652,1092.88696289,741.854370117,1498.32006836,785.173217773,1558.87194824,1290.27685547,867.337402344,1855.09265137,927.82800293,680.346923828,493.459136963,159.51600647,120.275177002,105.853065491,227.624526978,385.000061035,419.492279053,77.621963501,8.58367061615,1.78243649006,0.698612391949,0.510176479816,0.0634124055505,0.000116573944979,4.26705668133e-7,1.31340072151e-9],"max":[0.896033525467,26.9865188599,108.915893555,247.84211731,199.600418091,189.482269287,449.666320801,511.047973633,553.193359375,825.361999512,1122.32055664,1753.13183594,1142.42919922,888.195739746,950.489807129,897.361938477,1007.36798096,847.12878418,1404.52734375,1221.94274902,968.864624023,1473.81152344,743.596862793,623.057373047,825.479309082,301.381866455,323.837921143,305.908996582,470.031555176,769.635620117,973.606689453,250.183502197,84.5661849976,38.1567840576,11.4920129776,7.81177711487,3.17915654182,0.129075571895,0.00952727161348,0.000336883909767],"mean":[0.0503281727433,0.872168600559,4.0212392807,10.6404094696,11.5925712585,15.29874897,22.5012798309,29.0346488953,24.0258159637,35.9166793823,31.4644031525,46.7293930054,30.2794418335,23.6327800751,26.3273658752,7.66820812225,12.6129951477,10.3257818222,10.3622760773,10.9396390915,6.27405023575,9.80265712738,11.2747278214,10.3228292465,8.34131908417,6.91041231155,5.12593984604,3.81807947159,4.26627492905,3.85249900818,3.45442318916,2.25480222702,1.12380897999,0.519628405571,0.253450185061,0.11571072042,0.0313728116453,0.00241989945062,0.00010689033661,0.0000359555706382],"median":[0.0110069131479,0.172304064035,1.29269719124,3.52830815315,7.12699174881,10.7470436096,14.4230508804,20.1066532135,16.8780288696,26.0890312195,17.7910175323,30.5390777588,18.6876964569,13.1024942398,15.3315467834,2.58175563812,2.87320184708,2.55618262291,2.44417023659,2.27534389496,1.81785714626,2.10906839371,2.73540234566,2.35792851448,1.79303717613,1.59224367142,1.11645853519,0.609625220299,0.489092826843,0.410664826632,0.341873705387,0.220678344369,0.138647735119,0.0650327056646,0.0257960725576,0.00881776493043,0.00209061196074,0.000259385182289,0.0000203029940167,0.0000264652244368],"min":[6.90335270494e-23,4.66316809927e-22,1.28281990614e-21,6.24993638986e-21,1.25192517474e-20,2.81569340144e-20,4.50620112685e-20,7.66912879357e-20,6.83227792267e-20,1.07031581333e-19,2.3168972236e-19,4.41814691054e-19,4.72032632806e-19,8.49246947863e-19,7.10068795018e-19,1.00671644219e-18,1.54038804101e-18,2.29208149503e-18,2.98194082012e-18,3.4092989273e-18,4.00278405961e-18,5.34826611782e-18,5.7659906728e-18,7.33722851815e-18,6.37386750699e-18,7.73468135785e-18,9.99159237401e-18,1.154237487e-17,1.02947805383e-17,1.13440442561e-17,1.19086066047e-17,9.67947148629e-18,9.20816547995e-18,8.20839280541e-18,5.96418521552e-18,4.20632177549e-18,2.21636717202e-18,8.88585951736e-19,2.4654337877e-19,2.69967970495e-20],"var":[0.00872881989926,7.50180721283,98.9608459473,591.625366211,228.930236816,249.976852417,740.706176758,1091.33557129,830.17779541,1940.27124023,2536.4621582,3724.30200195,2047.78515625,1485.89111328,1198.28027344,682.403259277,1524.04345703,827.954406738,1371.96496582,1653.08569336,583.995056152,2102.98583984,1068.36694336,541.853027344,511.484130859,184.471282959,129.970947266,125.654670715,240.043121338,288.075042725,292.825073242,66.8156509399,11.3404226303,1.5930005312,0.3817717731,0.154963374138,0.0177236571908,0.0000408961750509,1.08036353197e-7,1.28800581312e-9]},"erbbands_crest":{"dmean":2.03987145424,"dmean2":3.22741603851,"dvar":3.76111149788,"dvar2":9.53422832489,"max":27.2918434143,"mean":8.61049461365,"median":7.96742630005,"min":2.30590629578,"var":10.5611801147},"erbbands_flatness_db":{"dmean":0.0187197886407,"dmean2":0.0256468988955,"dvar":0.000656547083054,"dvar2":0.00109798822086,"max":0.436623722315,"mean":0.195585519075,"median":0.182432383299,"min":0.0358181223273,"var":0.00501273805276},"erbbands_kurtosis":{"dmean":1.06367170811,"dmean2":1.65094602108,"dvar":2.09313368797,"dvar2":5.32275390625,"max":24.0691394806,"mean":1.33559882641,"median":0.717306375504,"min":-1.74627101421,"var":5.96263933182},"erbbands_skewness":{"dmean":0.3286203444,"dmean2":0.496394425631,"dvar":0.106386289001,"dvar2":0.247633501887,"max":3.88787221909,"mean":0.770741522312,"median":0.789983689785,"min":-2.29036307335,"var":0.506127178669},"erbbands_spread":{"dmean":7.21320724487,"dmean2":10.4478445053,"dvar":98.1857299805,"dvar2":190.983276367,"max":122.585693359,"mean":32.3666877747,"median":28.142244339,"min":3.00374007225,"var":437.871490479},"gfcc":{"cov":[[21563.7148438,-1798.9934082,-722.574035645,1216.59277344,-985.899719238,640.989868164,-733.442932129,412.790527344,-631.643371582,261.49331665,-398.249328613,157.392456055,-613.342346191],[-1798.9934082,2470.25439453,-334.388336182,-764.023498535,377.001403809,-527.061950684,440.812286377,-215.988983154,216.126724243,-241.971481323,274.34588623,-159.882461548,278.077484131],[-722.574035645,-334.388336182,861.915466309,-72.0772781372,-154.380874634,202.689926147,-87.3122177124,80.3314971924,14.7333536148,-11.9406738281,-94.48828125,105.359855652,-57.5420379639],[1216.59277344,-764.023498535,-72.0772781372,640.971252441,-32.4102935791,124.397827148,-93.2561340332,95.8639984131,-28.670501709,113.987319946,-56.1220817566,26.5063228607,-54.6208343506],[-985.899719238,377.001403809,-154.380874634,-32.4102935791,449.679504395,-96.5509643555,92.5854797363,-6.80419874191,82.139251709,53.8363838196,91.079826355,-39.4949531555,48.4731903076],[640.989868164,-527.061950684,202.689926147,124.397827148,-96.5509643555,346.756072998,-122.43057251,38.9909324646,-22.4228248596,71.5565261841,-46.8796615601,50.8907775879,-92.1488113403],[-733.442932129,440.812286377,-87.3122177124,-93.2561340332,92.5854797363,-122.43057251,284.083770752,-19.3939437866,31.7315444946,-23.7488689423,82.6196899414,-23.3904685974,69.1313171387],[412.790527344,-215.988983154,80.3314971924,95.8639984131,-6.80419874191,38.9909324646,-19.3939437866,154.055007935,-5.92268371582,16.9899368286,-23.8886699677,33.299156189,-23.5422859192],[-631.643371582,216.126724243,14.7333536148,-28.670501709,82.139251709,-22.4228248596,31.7315444946,-5.92268371582,142.231674194,3.56843686104,12.028295517,-16.4953536987,47.1168518066],[261.49331665,-241.971481323,-11.9406738281,113.987319946,53.8363838196,71.5565261841,-23.7488689423,16.9899368286,3.56843686104,135.790802002,2.95115184784,5.97281599045,-31.3595619202],[-398.249328613,274.34588623,-94.48828125,-56.1220817566,91.079826355,-46.8796615601,82.6196899414,-23.8886699677,12.028295517,2.95115184784,137.284988403,-1.4609348774,26.3993797302],[157.392456055,-159.882461548,105.359855652,26.5063228607,-39.4949531555,50.8907775879,-23.3904685974,33.299156189,-16.4953536987,5.97281599045,-1.4609348774,87.0351638794,-12.590795517],[-613.342346191,278.077484131,-57.5420379639,-54.6208343506,48.4731903076,-92.1488113403,69.1313171387,-23.5422859192,47.1168518066,-31.3595619202,26.3993797302,-12.590795517,113.231414795]],"icov":[[0.000118330979603,-0.000340236379998,0.000215568754356,-0.000276151346043,0.000283432163997,-0.000198237321456,0.000232691250858,-0.000349654932506,0.000463338568807,-0.000396822375478,0.00046959464089,-0.000379599368898,0.000501047412399],[-0.000340236379998,0.00297332834452,-0.000565870839637,0.00207361741923,-0.00134351989254,0.00139338185545,-0.00154054770246,0.00163111672737,-0.00285984040238,0.00296760862693,-0.00321713415906,0.00252124061808,-0.00240116985515],[0.000215568754356,-0.000565870839637,0.00223407684825,0.0000899730584933,0.00073141354369,-0.00114296050742,0.000264210888417,-0.00119821797125,0.0000612657240708,-0.000443616794655,0.00182726595085,-0.00237891729921,0.00124348234385],[-0.000276151346043,0.00207361741923,0.0000899730584933,0.00374653143808,-0.000799924018793,0.000573617580812,-0.000865751702804,0.00000588914917898,-0.00197169627063,0.000535768165719,-0.00155989988707,0.0014129083138,-0.00190664303955],[0.000283432163997,-0.00134351989254,0.00073141354369,-0.000799924018793,0.0041866498068,-0.0000453391367046,0.00064613961149,-0.00157972401939,0.000012922318092,-0.00320568191819,0.0000370644520444,-0.000505363976117,0.00131043163128],[-0.000198237321456,0.00139338185545,-0.00114296050742,0.000573617580812,-0.0000453391367046,0.00577235454693,0.000193927757209,0.00112189969514,-0.00203329138458,-0.000483481737319,-0.00187203974929,0.000143655197462,0.00119663437363],[0.000232691250858,-0.00154054770246,0.000264210888417,-0.000865751702804,0.00064613961149,0.000193927757209,0.00600116001442,-0.00142976769712,0.00157180987298,-0.00165096612182,-0.000684738100972,-0.00061675690813,-0.000339775462635],[-0.000349654932506,0.00163111672737,-0.00119821797125,0.00000588914917898,-0.00157972401939,0.00112189969514,-0.00142976769712,0.00946797523648,-0.00199734070338,0.00205351319164,-0.000928106310312,-0.000918333127629,-0.000560985587072],[0.000463338568807,-0.00285984040238,0.0000612657240708,-0.00197169627063,0.000012922318092,-0.00203329138458,0.00157180987298,-0.00199734070338,0.0124559411779,-0.00344866653904,0.00355680263601,-0.000739540962968,-0.00147172191646],[-0.000396822375478,0.00296760862693,-0.000443616794655,0.000535768165719,-0.00320568191819,-0.000483481737319,-0.00165096612182,0.00205351319164,-0.00344866653904,0.0138371801004,-0.00371120334603,0.00239040376619,-0.000592341180891],[0.00046959464089,-0.00321713415906,0.00182726595085,-0.00155989988707,0.0000370644520444,-0.00187203974929,-0.000684738100972,-0.000928106310312,0.00355680263601,-0.00371120334603,0.0144513482228,-0.00563670368865,0.00280237058178],[-0.000379599368898,0.00252124061808,-0.00237891729921,0.0014129083138,-0.000505363976117,0.000143655197462,-0.00061675690813,-0.000918333127629,-0.000739540962968,0.00239040376619,-0.00563670368865,0.0181585922837,-0.00395334511995],[0.000501047412399,-0.00240116985515,0.00124348234385,-0.00190664303955,0.00131043163128,0.00119663437363,-0.000339775462635,-0.000560985587072,-0.00147172191646,-0.000592341180891,0.00280237058178,-0.00395334511995,0.0170136131346]],"mean":[-57.5548400879,133.735076904,-102.434936523,19.7906799316,-73.8074493408,-3.83599352837,-34.5251159668,7.00911092758,-24.1948051453,-8.56069660187,-16.3076133728,-5.85630702972,-9.11949729919]},"hfc":{"dmean":4.54818105698,"dmean2":6.22094154358,"dvar":93.2778091431,"dvar2":170.602539062,"max":400.452758789,"mean":15.0513248444,"median":10.5943527222,"min":1.07476172559e-16,"var":309.056060791},"melbands":{"dmean":[0.00038884638343,0.00156291935127,0.00121022260282,0.000374878494767,0.000350833666744,0.000348411063896,0.000150165564264,0.000150852574734,0.000116905444884,0.000114592839964,0.0000579028928769,0.0000425168509537,0.0000487376237288,0.0000108890653792,0.0000157832528203,0.0000132969580591,0.000011267606169,0.0000096258117992,0.00000926470784179,0.00000692138746672,0.00000453588563687,0.00000637437278783,0.00000743883174437,0.00000641733049633,0.00000509772871737,0.00000387280942959,0.00000269957035925,0.00000230665705203,0.00000188634180631,0.000001471041287,0.00000121482116811,0.00000137116262522,0.00000151650590396,0.00000133403511882,0.00000129133900373,0.00000135889592912,7.3511807841e-7,4.99305144785e-7,3.94806306758e-7,2.93751014624e-7],"dmean2":[0.000612982315943,0.00252975220792,0.00195116142277,0.00060309690889,0.000565451802686,0.000609010457993,0.000232798876823,0.000216851563891,0.000158077076776,0.000155862391694,0.0000799902918516,0.0000622125880909,0.0000624879394309,0.0000174502420123,0.0000245842165896,0.0000204359184863,0.0000174483702722,0.0000150150426634,0.0000139048524943,0.0000105700801214,0.00000722433833289,0.00000997494498733,0.0000118414909593,0.000010376686987,0.00000834290767671,0.00000616204442849,0.000004305022685,0.00000363647677659,0.00000293934272122,0.00000221493701247,0.00000175787249646,0.00000193501659851,0.00000222953235607,0.00000203717650038,0.00000191807066585,0.00000204756588573,0.0000010633078773,7.12099335942e-7,6.00292082709e-7,4.56683835637e-7],"dvar":[0.0000015819609871,0.0000198221896426,0.00000847463252285,3.37862786637e-7,4.07632029464e-7,2.66423796802e-7,7.60344036621e-8,8.39697733568e-8,6.65955539603e-8,6.40615098746e-8,1.9489640124e-8,1.34205997426e-8,7.35872784929e-9,2.20109641624e-9,2.98616842365e-9,2.07751327252e-9,1.49568835095e-9,1.63014424182e-9,1.58897650593e-9,1.04060937645e-9,5.53752987908e-10,1.00394503821e-9,1.09854925157e-9,3.28085447698e-10,2.14170320367e-10,1.55871648921e-10,7.35021835063e-11,3.20698086143e-11,3.01994713958e-11,1.89246691235e-11,2.36899996148e-11,3.97652778761e-11,4.77332652571e-11,6.77825157114e-11,7.98004926028e-11,3.36039980564e-11,9.41449349035e-12,2.99699371223e-12,1.26190540222e-12,5.4074708036e-13],"dvar2":[0.00000347612649421,0.0000456624547951,0.0000194002805074,9.45139447595e-7,0.00000112949180675,7.89538830759e-7,1.82366036938e-7,2.03871522331e-7,1.5033211298e-7,1.48875926698e-7,4.43931398308e-8,3.36512187005e-8,1.72215628425e-8,5.34307531552e-9,6.88991130815e-9,4.63462335176e-9,3.28464944133e-9,3.78072417817e-9,3.10494208122e-9,2.26166418926e-9,1.36999822598e-9,1.91783366965e-9,2.5194715203e-9,7.22674697862e-10,5.21537590892e-10,3.33496563698e-10,1.68816960411e-10,7.66961008591e-11,6.64907018333e-11,3.65929855861e-11,4.98852556485e-11,8.27154247873e-11,1.05362774061e-10,1.46108652954e-10,1.87791990292e-10,7.53340931303e-11,2.0000515133e-11,5.77391520012e-12,2.53450363995e-12,1.24967365015e-12],"max":[0.0159102641046,0.0502462573349,0.037983506918,0.0101285520941,0.0140850832686,0.011862386018,0.00798046123236,0.009336842224,0.00839345902205,0.00988368410617,0.00561592914164,0.00393767142668,0.00261311978102,0.00196297420189,0.00181539880577,0.00172045140062,0.0016791857779,0.00197881343774,0.00158628995996,0.00136062933598,0.00127213913947,0.00139140093233,0.0016287160106,0.000556208542548,0.000575963058509,0.000486490956973,0.000573945697397,0.000194688909687,0.000232636899455,0.000173319247551,0.000243582006078,0.000275490921922,0.000351255584974,0.000507218472194,0.000673528178595,0.00024279554782,0.000119789627206,0.0000702232355252,0.0000441890515503,0.0000268477651844],"mean":[0.000651654205285,0.0018253789749,0.00182622880675,0.000956291158218,0.000794995285105,0.000650318223052,0.000372789712856,0.000368723034626,0.000274948775768,0.000268154632067,0.000141745753353,0.0000897365025594,0.00011386188271,0.0000167746529769,0.0000260862325376,0.0000226936263061,0.0000187817768165,0.0000154714216478,0.0000158719412866,0.0000111923509394,0.0000067212522481,0.00000955454197538,0.0000112957031888,0.000010021957678,0.00000810804885987,0.00000685576969772,0.00000500864098285,0.00000437414928456,0.0000034034719647,0.00000260267324848,0.00000204232992473,0.00000228131921176,0.00000248812852988,0.00000204625735023,0.00000200911063075,0.00000191934054783,0.00000111966528493,8.23133177619e-7,5.8169496242e-7,3.91904450225e-7],"median":[0.000124866899569,0.000546326220501,0.000756340683438,0.000686818500981,0.000543575210031,0.000455855159089,0.000266977178399,0.000267894909484,0.000163940552738,0.000177417881787,0.0000842498848215,0.0000416199436586,0.000065246145823,0.00000469724000141,0.00000479181835544,0.00000504435047333,0.00000412090912505,0.00000339423513651,0.00000279221171695,0.00000244177545028,0.00000181478094419,0.00000187524619832,0.00000226405177273,0.00000225902908824,0.00000173249713953,0.00000129619502331,0.0000011447267525,9.53506855694e-7,7.25184975181e-7,4.53306682857e-7,2.60124750184e-7,2.44101698854e-7,2.54826289847e-7,1.94330880277e-7,1.79196774752e-7,1.61821404276e-7,1.02976031258e-7,7.92560470586e-8,7.14467986995e-8,4.19185361977e-8],"min":[1.21114879741e-24,7.69359425479e-25,1.52772794779e-24,1.85170168308e-24,1.83915208937e-24,1.94186749847e-24,9.55776970233e-25,9.52225124007e-25,1.94364164665e-24,2.49174555625e-24,1.87430313966e-24,2.39024380965e-24,1.96698699906e-24,2.67146877806e-24,2.72715683594e-24,2.05504852799e-24,3.76875930887e-24,4.19886362933e-24,3.23636161988e-24,3.86347113244e-24,4.32585840216e-24,4.67425842652e-24,3.80665855334e-24,5.01225100896e-24,5.21011901766e-24,3.31998186191e-24,4.00747808512e-24,4.40589149644e-24,5.65059567574e-24,5.98630292814e-24,5.87049893611e-24,5.35260859639e-24,5.70652315291e-24,5.85206365119e-24,6.55358187698e-24,5.65262383713e-24,4.93363944203e-24,4.69394523927e-24,6.01472282554e-24,5.61135063457e-24],"var":[0.00000274419426205,0.000022635118512,0.0000131513188535,8.99957342426e-7,7.85066049502e-7,5.34438868272e-7,1.94627531869e-7,2.05122347552e-7,1.63330128089e-7,1.27259667693e-7,5.02860793006e-8,2.72403735124e-8,2.15553388472e-8,4.02769861907e-9,6.84210776924e-9,4.82036366378e-9,3.0153359809e-9,3.03170666349e-9,4.02788113973e-9,2.13456807785e-9,7.28332893996e-10,2.24490515066e-9,2.08007167046e-9,6.80844713941e-10,3.54998003216e-10,3.4551642103e-10,1.59892515894e-10,7.53340376192e-11,5.78159221887e-11,4.46730083481e-11,4.55490575813e-11,7.80618902851e-11,8.26199386683e-11,1.0221853225e-10,1.12379952566e-10,5.97058930074e-11,1.67024415132e-11,6.81298203617e-12,2.58963488674e-12,8.75235105745e-13]},"melbands_crest":{"dmean":3.05577325821,"dmean2":4.95636606216,"dvar":9.83475971222,"dvar2":21.907699585,"max":34.2143058777,"mean":11.7660017014,"median":10.4439344406,"min":1.49851322174,"var":24.6728019714},"melbands_flatness_db":{"dmean":0.0243490636349,"dmean2":0.0386114530265,"dvar":0.00086001411546,"dvar2":0.00196448317729,"max":0.542058229446,"mean":0.258843153715,"median":0.244042426348,"min":0.0038092888426,"var":0.00694078858942},"melbands_kurtosis":{"dmean":5.8473739624,"dmean2":9.12345600128,"dvar":116.579269409,"dvar2":289.900604248,"max":279.063537598,"mean":11.94094944,"median":7.79954910278,"min":-1.63014447689,"var":202.931289673},"melbands_skewness":{"dmean":0.625111103058,"dmean2":0.929106891155,"dvar":0.591362178326,"dvar2":1.25487089157,"max":13.4079942703,"mean":2.33169078827,"median":2.09456515312,"min":-0.564395904541,"var":2.03893136978},"melbands_spread":{"dmean":3.39568185806,"dmean2":5.3687915802,"dvar":30.0946941376,"dvar2":61.8271942139,"max":161.562469482,"mean":14.1576566696,"median":11.4741563797,"min":1.05950164795,"var":167.079696655},"mfcc":{"cov":[[13370.359375,-1434.89953613,-399.71383667,646.476135254,-48.4709434509,252.626327515,110.429504395,86.5332107544,-307.56362915,122.62084198,83.751083374,21.087097168,-98.1559371948],[-1434.89953613,2772.22338867,-337.51361084,-143.233383179,-140.954620361,-287.382659912,55.4643821716,-3.73734712601,57.667427063,-53.2530593872,-19.4188575745,9.08536720276,39.4405937195],[-399.71383667,-337.51361084,909.733093262,-205.109436035,-20.2834854126,34.7728919983,-142.293380737,115.334480286,29.7424640656,-33.2301597595,-22.1227092743,-49.7545547485,-12.7004289627],[646.476135254,-143.233383179,-205.109436035,417.788299561,9.11282920837,-14.3299245834,57.5478057861,-21.2044906616,45.8001174927,35.9034423828,8.45998001099,24.171453476,5.15790319443],[-48.4709434509,-140.954620361,-20.2834854126,9.11282920837,293.301055908,68.4809036255,-26.301492691,-5.07326889038,-2.64161920547,33.4843177795,45.7762985229,11.4822235107,17.2113170624],[252.626327515,-287.382659912,34.7728919983,-14.3299245834,68.4809036255,223.934753418,10.4568710327,-19.9333705902,-23.4408626556,34.6872673035,37.4131507874,34.4672012329,-2.4608540535],[110.429504395,55.4643821716,-142.293380737,57.5478057861,-26.301492691,10.4568710327,187.165939331,6.64226961136,-26.3557987213,-11.3304538727,38.3407516479,49.0308074951,19.3385276794],[86.5332107544,-3.73734712601,115.334480286,-21.2044906616,-5.07326889038,-19.9333705902,6.64226961136,124.972755432,18.8154621124,-12.7411050797,-0.466976225376,-0.0334081910551,13.3431797028],[-307.56362915,57.667427063,29.7424640656,45.8001174927,-2.64161920547,-23.4408626556,-26.3557987213,18.8154621124,142.732406616,29.0305023193,-23.9639873505,-13.6553964615,1.4856351614],[122.62084198,-53.2530593872,-33.2301597595,35.9034423828,33.4843177795,34.6872673035,-11.3304538727,-12.7411050797,29.0305023193,110.975288391,20.5664176941,-9.69415664673,-12.763794899],[83.751083374,-19.4188575745,-22.1227092743,8.45998001099,45.7762985229,37.4131507874,38.3407516479,-0.466976225376,-23.9639873505,20.5664176941,103.553878784,35.5781135559,-3.75319600105],[21.087097168,9.08536720276,-49.7545547485,24.171453476,11.4822235107,34.4672012329,49.0308074951,-0.0334081910551,-13.6553964615,-9.69415664673,35.5781135559,97.338760376,22.1401386261],[-98.1559371948,39.4405937195,-12.7004289627,5.15790319443,17.2113170624,-2.4608540535,19.3385276794,13.3431797028,1.4856351614,-12.763794899,-3.75319600105,22.1401386261,76.2449798584]],"icov":[[0.0000992345158011,0.0000312572010444,0.0000501202230225,-0.000170219864231,0.0000684216065565,-0.0000950778849074,0.0000569360927329,-0.000223806986469,0.000295772391837,-0.0000985025326372,0.00000827806070447,0.0000456419911643,0.000102560086816],[0.0000312572010444,0.000493373023346,0.000239485583734,0.000292219832772,0.000157916845637,0.000552277138922,-0.0000218469867832,-0.0000298513150483,-0.000227117183385,0.0000163116837939,-0.000183401061804,-0.000131717693876,-0.000165533274412],[0.0000501202230225,0.000239485583734,0.00180181534961,0.000594119541347,0.00039198299055,-0.000418900017394,0.00119171012193,-0.00159973371774,-0.000340489466907,0.000572365475819,-0.000462076306576,0.000411331478972,0.0000365398700524],[-0.000170219864231,0.000292219832772,0.000594119541347,0.00349343777634,-0.000127049017465,0.000815087521914,-0.000769512320403,0.000579665182158,-0.00178681663238,-0.000466880126623,-0.00000859255578689,-0.000687898311298,-0.000202953597181],[0.0000684216065565,0.000157916845637,0.00039198299055,-0.000127049017465,0.0043385210447,-0.00101758679375,0.00138300890103,-0.000393630383769,0.0000741472395021,-0.000509553297888,-0.00207671429962,0.000419615069404,-0.00152464071289],[-0.0000950778849074,0.000552277138922,-0.000418900017394,0.000815087521914,-0.00101758679375,0.00661849090829,-0.000621991639491,0.00140798417851,0.000239905537455,-0.00185435079038,-0.000427894730819,-0.00239287456498,0.000180356219062],[0.0000569360927329,-0.0000218469867832,0.00119171012193,-0.000769512320403,0.00138300890103,-0.000621991639491,0.00804320257157,-0.00168974569533,0.00102076795883,0.000827264448162,-0.00245755608194,-0.00180365238339,-0.00122007518075],[-0.000223806986469,-0.0000298513150483,-0.00159973371774,0.000579665182158,-0.000393630383769,0.00140798417851,-0.00168974569533,0.0105843031779,-0.00202877004631,0.000701198063325,-0.000490310485475,-0.000159164963407,-0.00168878596742],[0.000295772391837,-0.000227117183385,-0.000340489466907,-0.00178681663238,0.0000741472395021,0.000239905537455,0.00102076795883,-0.00202877004631,0.00989116728306,-0.00319804158062,0.00226656440645,-0.000159141985932,0.0000792456849013],[-0.0000985025326372,0.0000163116837939,0.000572365475819,-0.000466880126623,-0.000509553297888,-0.00185435079038,0.000827264448162,0.000701198063325,-0.00319804158062,0.0120767904446,-0.00309244403616,0.00239689322188,0.000950104091316],[0.00000827806070447,-0.000183401061804,-0.000462076306576,-0.00000859255578689,-0.00207671429962,-0.000427894730819,-0.00245755608194,-0.000490310485475,0.00226656440645,-0.00309244403616,0.0142315793782,-0.00436772033572,0.00260026031174],[0.0000456419911643,-0.000131717693876,0.000411331478972,-0.000687898311298,0.000419615069404,-0.00239287456498,-0.00180365238339,-0.000159164963407,-0.000159141985932,0.00239689322188,-0.00436772033572,0.0149971395731,-0.00361022353172],[0.000102560086816,-0.000165533274412,0.0000365398700524,-0.000202953597181,-0.00152464071289,0.000180356219062,-0.00122007518075,-0.00168878596742,0.0000792456849013,0.000950104091316,0.00260026031174,-0.00361022353172,0.0156419351697]],"mean":[-697.94140625,157.618011475,20.8113212585,23.2063980103,-10.8259124756,-12.8956537247,-7.28964138031,2.45670056343,-3.05409431458,1.54069459438,-5.34708547592,-6.83336114883,-7.04597806931]},"pitch_salience":{"dmean":0.0648998022079,"dmean2":0.103895924985,"dvar":0.00417676661164,"dvar2":0.00947970896959,"max":0.861918866634,"mean":0.609885931015,"median":0.62771743536,"min":0.105052806437,"var":0.0113039081916},"silence_rate_20dB":{"dmean":0,"dmean2":0,"dvar":0,"dvar2":0,"max":1,"mean":1,"median":1,"min":1,"var":0},"silence_rate_30dB":{"dmean":0.0371216461062,"dmean2":0.0742485895753,"dvar":0.0357401743531,"dvar2":0.0948543399572,"max":1,"mean":0.974873304367,"median":1,"min":0,"var":0.0244967136532},"silence_rate_60dB":{"dmean":0.00228440901265,"dmean2":0.00456914398819,"dvar":0.00227925507352,"dvar2":0.00526241678745,"max":1,"mean":0.0870868712664,"median":0,"min":0,"var":0.0795029103756},"spectral_centroid":{"dmean":148.619400024,"dmean2":239.051300049,"dvar":60209.671875,"dvar2":120782.265625,"max":11587.265625,"mean":873.879150391,"median":690.612365723,"min":234.067993164,"var":795015.5},"spectral_complexity":{"dmean":2.34865784645,"dmean2":3.70000720024,"dvar":11.7146987915,"dvar2":22.8137245178,"max":53,"mean":13.9153404236,"median":12,"min":0,"var":62.2137527466},"spectral_contrast_coeffs":{"dmean":[0.0477922558784,0.0378993675113,0.0349864214659,0.0294012818485,0.0218358263373,0.0179825425148],"dmean2":[0.0805182531476,0.0635492280126,0.0549969933927,0.0480684153736,0.035576403141,0.0287137776613],"dvar":[0.00149418367073,0.000982579309493,0.000849778298289,0.000630143273156,0.000380178738851,0.000283779809251],"dvar2":[0.00421558786184,0.00273782177828,0.00209497287869,0.00156547233928,0.000912209507078,0.000629566551652],"max":[-0.314535737038,-0.454265773296,-0.424274027348,-0.506229579449,-0.536083519459,-0.4945089221],"mean":[-0.594738841057,-0.714399337769,-0.662164151669,-0.774900555611,-0.79174464941,-0.769244670868],"median":[-0.59197807312,-0.71222358942,-0.662539958954,-0.782926142216,-0.801708698273,-0.769786775112],"min":[-0.983028948307,-0.977325499058,-0.979071259499,-0.970987081528,-0.969442248344,-0.964879751205],"var":[0.00784804113209,0.00394967151806,0.00603120448068,0.00450850324705,0.00334885902703,0.00263696932234]},"spectral_contrast_valleys":{"dmean":[0.411431908607,0.264930069447,0.313435614109,0.293194532394,0.279288470745,0.355584472418],"dmean2":[0.710007071495,0.426207333803,0.505686700344,0.455500006676,0.415387690067,0.469025790691],"dvar":[0.1571983248,0.0814613103867,0.103615954518,0.122238561511,0.177767470479,0.281815290451],"dvar2":[0.37551420927,0.150979906321,0.201486676931,0.208245590329,0.303633481264,0.450714021921],"max":[-5.23527336121,-4.4614944458,-4.9081788063,-5.71376943588,-5.57661628723,-7.47747278214],"mean":[-7.51370429993,-6.59656906128,-8.2165813446,-8.8350019455,-8.54206562042,-11.2492723465],"median":[-7.19388103485,-6.26266336441,-7.89940547943,-8.53371906281,-8.1558675766,-10.8583984375],"min":[-28.1586608887,-28.0630702972,-27.8627967834,-27.6155014038,-27.544336319,-27.4167537689],"var":[3.51321578026,3.66090106964,3.52520895004,3.42450547218,3.92626786232,4.21686077118]},"spectral_decrease":{"dmean":2.47732856451e-9,"dmean2":3.8127883073e-9,"dvar":2.17756437764e-17,"dvar2":4.81056348176e-17,"max":1.53923318384e-28,"mean":-7.00759450467e-9,"median":-5.38907407588e-9,"min":-5.09593256481e-8,"var":4.37211639808e-17},"spectral_energy":{"dmean":0.00965247955173,"dmean2":0.0147581398487,"dvar":0.000324071996147,"dvar2":0.000707969884388,"max":0.19953520596,"mean":0.0278136059642,"median":0.0215122699738,"min":9.76500203271e-21,"var":0.000677139381878},"spectral_energyband_high":{"dmean":0.000292011129204,"dmean2":0.000393992348108,"dvar":0.00000107548987671,"dvar2":0.00000200535669137,"max":0.0575042404234,"mean":0.000558356288821,"median":0.000125593229313,"min":7.08696925666e-21,"var":0.00000253807047557},"spectral_energyband_low":{"dmean":0.00676847621799,"dmean2":0.0106899766251,"dvar":0.000257511448581,"dvar2":0.000575989251956,"max":0.168279960752,"mean":0.00960125494748,"median":0.00363555480726,"min":1.08234098556e-23,"var":0.00035841105273},"spectral_energyband_middle_high":{"dmean":0.000998175470158,"dmean2":0.00136964709964,"dvar":0.00000457497299067,"dvar2":0.00000838067535369,"max":0.0621379949152,"mean":0.00296849035658,"median":0.00193325860891,"min":1.18234492669e-21,"var":0.0000170939674717},"spectral_energyband_middle_low":{"dmean":0.00538757909089,"dmean2":0.00850417371839,"dvar":0.0000853706951602,"dvar2":0.000202521507163,"max":0.125658616424,"mean":0.0174665600061,"median":0.0143153555691,"min":1.77801106992e-22,"var":0.000208291996387},"spectral_entropy":{"dmean":0.178690209985,"dmean2":0.269195318222,"dvar":0.06219304353,"dvar2":0.125723466277,"max":9.82684993744,"mean":7.01289129257,"median":7.08024263382,"min":5.03401708603,"var":0.460770219564},"spectral_flux":{"dmean":0.0222791023552,"dmean2":0.0369315519929,"dvar":0.0013763672905,"dvar2":0.00353920506313,"max":0.380951493979,"mean":0.0707756429911,"median":0.0598350204527,"min":6.43946215795e-11,"var":0.00256304303184},"spectral_kurtosis":{"dmean":5.18952798843,"dmean2":8.62705612183,"dvar":137.658859253,"dvar2":334.600036621,"max":201.593811035,"mean":13.1023750305,"median":5.12207698822,"min":-1.2976398468,"var":593.390625},"spectral_rms":{"dmean":0.000742335047107,"dmean2":0.00112632568926,"dvar":0.00000110289613531,"dvar2":0.00000225498115469,"max":0.0139523651451,"mean":0.00471026729792,"median":0.00458122044802,"min":3.08655640109e-12,"var":0.00000494848427479},"spectral_rolloff":{"dmean":210.055160522,"dmean2":354.435241699,"dvar":305361.25,"dvar2":606665.625,"max":19401.4160156,"mean":936.30456543,"median":667.529296875,"min":64.599609375,"var":2450558.5},"spectral_skewness":{"dmean":0.416589409113,"dmean2":0.668540358543,"dvar":0.435170263052,"dvar2":0.997674226761,"max":11.6898736954,"mean":2.30893397331,"median":1.81698167324,"min":-0.296852529049,"var":2.69106554985},"spectral_spread":{"dmean":582252.5625,"dmean2":855815.3125,"dvar":1153422196740,"dvar2":2125863452670,"max":43835756,"mean":4145731.75,"median":3822784.5,"min":417800.46875,"var":11289478823900},"spectral_strongpeak":{"dmean":0.381965845823,"dmean2":0.643147408962,"dvar":0.283227026463,"dvar2":0.714903771877,"max":9.87347221375,"mean":0.735649585724,"median":0.565530657768,"min":0,"var":0.485345155001},"zerocrossingrate":{"dmean":0.00705647980794,"dmean2":0.00897734053433,"dvar":0.000122170080431,"dvar2":0.000177945810719,"max":0.5205078125,"mean":0.0445122271776,"median":0.037109375,"min":0.0048828125,"var":0.00176785746589}},"metadata":{"audio_properties":{"analysis_sample_rate":44100,"bit_rate":320026,"codec":"mp3","downmix":"mix","equal_loudness":0,"length":325.250610352,"lossless":false,"md5_encoded":"757c66419406dd27de1bdedd30063c1d","replay_gain":-6.29818916321,"sample_rate":44100},"tags":{"album":["Door to Door"],"albumartist":["The Cars"],"artist":["The Cars"],"asin":["B000002H52"],"barcode":["886972668925"],"bpm":["128"],"composer":["Ric Ocasek"],"date":["1987"],"discnumber":["1/1"],"file_name":"copy2378919150012036418.mp3","genre":["Rock"],"initialkey":["Em"],"isrc":["USEA28700049"],"label":["Elektra"],"language":["eng"],"length":["325200"],"musicbrainz_recordingid":["5f956842-d25a-4318-a36b-70aafe75f4a8"],"musicip_puid":["366c444e-185d-176d-dc1a-28af45a5bd22"],"title":["Fine Line"],"tracknumber":["4/11"]},"version":{"essentia":"2.1-beta2","essentia_build_sha":"cead25079874084f62182a551b7393616cd33d87","essentia_git_sha":"v2.1_beta2-1-ge3940c0","extractor":"music 1.0"}},"rhythm":{"beats_count":692,"beats_loudness":{"dmean":0.0490639619529,"dmean2":0.0963008478284,"dvar":0.000924173742533,"dvar2":0.00312258373015,"max":0.148722335696,"mean":0.0535988174379,"median":0.0538430064917,"min":0,"var":0.00141062028706},"beats_loudness_band_ratio":{"dmean":[0.377326667309,0.267930567265,0.137095600367,0.0541116297245,0.0334836989641,0.0342511050403],"dmean2":[0.71959322691,0.525094211102,0.245122671127,0.0985635519028,0.060664601624,0.0582279264927],"dvar":[0.0441888347268,0.0295187160373,0.0116446064785,0.00382940820418,0.00418952805921,0.00164080027025],"dvar2":[0.141303390265,0.0936481878161,0.0381307452917,0.0111991707236,0.0118464194238,0.00425186241046],"max":[0.954142510891,0.839676976204,0.659641087055,0.399760305882,0.470632374287,0.437128454447],"mean":[0.53155374527,0.226224198937,0.16233511269