{"lowlevel":{"average_loudness":0.9311414361,"barkbands":{"dmean":[0.00143831723835,0.0173437818885,0.0113807842135,0.00250864820555,0.00226960750297,0.0014988851035,0.00107863498852,0.000259441731032,0.00038006293471,0.000328718480887,0.000487474142574,0.000337593228323,0.000213119768887,0.0000863736058818,0.000170814470039,0.0000896447672858,0.0000207473440241,0.000016278701878,0.0000154770386871,0.0000160681720445,0.0000163131171576,0.0000107082641989,0.00000681081883158,0.00000536175230081,0.00000506331252836,0.00000526786288901,0.0000107359001049],"dmean2":[0.00226818141527,0.0281611010432,0.0176434256136,0.00396634358913,0.00350997433998,0.00235176691785,0.00167587446049,0.000405579601647,0.000624199747108,0.000514270446729,0.000732860877179,0.000524561735801,0.000339241756592,0.000141222655657,0.000267507421086,0.000140824675327,0.0000317752783303,0.0000245108767558,0.0000230454388657,0.0000239160781348,0.0000239532164414,0.0000153741457325,0.000010050702258,0.0000081715061242,0.00000773570263846,0.00000794584593677,0.0000154324479809],"dvar":[0.00000418775334765,0.000447267113486,0.000221896989387,0.0000124300722746,0.0000106961342681,0.00000554859161639,0.00000534181981493,2.59707434225e-7,3.97068674829e-7,3.44298626942e-7,8.49605044095e-7,3.61077127309e-7,1.43576841083e-7,3.10648431423e-8,8.51161274795e-8,4.60819329362e-8,7.36179117666e-9,2.5065913789e-9,1.46741196971e-9,1.62232904888e-9,3.14735593143e-9,1.00970731776e-9,1.49812454109e-10,5.75126925251e-11,5.30369255458e-11,5.64968211103e-11,3.84080461879e-10],"dvar2":[0.00000978464413492,0.00125499628484,0.00057922169799,0.0000329721260641,0.0000263553793047,0.0000141323471325,0.000012348207747,6.00969599418e-7,0.00000100935335468,8.14194550003e-7,0.00000198617931346,8.65491472268e-7,3.38326003657e-7,7.8745074461e-8,2.08045022987e-7,1.10310850232e-7,1.60997348786e-8,5.36471089774e-9,3.02885250214e-9,3.15929216121e-9,7.11530301345e-9,2.07575867606e-9,2.88445489716e-10,1.21949367271e-10,1.12119660778e-10,1.18155915607e-10,7.04473368529e-10],"max":[0.022098897025,0.203602984548,0.222479954362,0.0541795268655,0.0608621090651,0.0362678579986,0.0713087245822,0.0127553930506,0.0131644308567,0.0110255368054,0.0182523336262,0.013040211983,0.00850380398333,0.00397378951311,0.00427676923573,0.00590571621433,0.00603594491258,0.00251059071161,0.00124937866349,0.00149274070282,0.00191457534675,0.001342015923,0.000433943147073,0.000101053177787,0.0000971954577835,0.00014102156274,0.000593779317569],"mean":[0.001724789734,0.032105281949,0.0219390131533,0.00388365727849,0.00477883918211,0.00275666639209,0.00212986767292,0.000431504129665,0.000656808377244,0.00060578394914,0.000968211039435,0.000646452303044,0.000389964290662,0.000139180730912,0.000341285165632,0.000153172775754,0.000028540747735,0.0000225689309445,0.0000227277796512,0.0000254515271081,0.0000235009883909,0.0000148323679241,0.00000891731542652,0.00000629557507636,0.00000580115101911,0.00000645022009849,0.0000226945849136],"median":[0.000720939133316,0.0264253132045,0.0155312865973,0.00242683058605,0.00249104388058,0.00155211868696,0.000835456943605,0.000208134879358,0.000357761571649,0.000240974070039,0.000318486534525,0.000321528350469,0.000184648830327,0.0000701240205672,0.00014848736464,0.0000502232069266,0.000010438402569,0.00000840176289785,0.00000938881021284,0.0000100776387626,0.00000624644144409,0.00000433591867477,0.00000313331997859,0.00000256575776802,0.00000222611697609,0.00000256253747466,0.0000127515086206],"min":[4.03063080756e-25,2.54177117056e-24,1.32347253233e-24,9.27732077584e-25,1.05095355121e-23,6.54330933027e-24,6.37535808254e-24,6.37464100798e-24,1.07030651802e-23,1.64047159338e-23,2.10406258595e-23,1.94262235947e-23,3.24078669569e-23,3.72946867153e-23,4.22996241948e-23,4.21656945458e-23,8.7255090622e-23,9.51252845053e-23,1.40247844294e-22,1.37641435241e-22,2.16506396913e-22,3.14142108187e-22,3.71029455526e-22,5.91083808003e-22,8.33658662576e-22,1.19180338157e-21,1.98442628241e-21],"var":[0.00000614138298261,0.000710203079507,0.000526108779013,0.0000205330670724,0.0000376401803805,0.000014085496332,0.0000158479415404,5.65055870538e-7,8.70084647886e-7,8.63287539232e-7,0.00000305515891341,9.71444137576e-7,3.58113737775e-7,4.92804304031e-8,2.36201771031e-7,9.96527944608e-8,9.9606136672e-9,4.29237356769e-9,3.23036797312e-9,4.15448297986e-9,6.41819841718e-9,2.05742023418e-9,3.58867741079e-10,9.01904106954e-11,8.1616560732e-11,9.92077461848e-11,1.25269850049e-9]},"barkbands_crest":{"dmean":2.86284685135,"dmean2":4.71269893646,"dvar":6.33914709091,"dvar2":17.5922050476,"max":25.2117347717,"mean":13.6328935623,"median":13.354013443,"min":4.04725694656,"var":16.1835365295},"barkbands_flatness_db":{"dmean":0.0435429513454,"dmean2":0.0677731335163,"dvar":0.00139004876837,"dvar2":0.00357605493627,"max":0.498581945896,"mean":0.237577691674,"median":0.232983827591,"min":0.0548669584095,"var":0.00426337076351},"barkbands_kurtosis":{"dmean":9.97389030457,"dmean2":16.1139717102,"dvar":223.260864258,"dvar2":582.049682617,"max":259.226806641,"mean":20.5142536163,"median":13.4237613678,"min":-1.96270620823,"var":533.416503906},"barkbands_skewness":{"dmean":0.8484993577,"dmean2":1.34097087383,"dvar":0.728812038898,"dvar2":1.90146517754,"max":14.5157518387,"mean":3.29681372643,"median":3.12186312675,"min":-2.17044615746,"var":3.39900374413},"barkbands_spread":{"dmean":2.43939328194,"dmean2":3.84649181366,"dvar":15.1760978699,"dvar2":34.5245285034,"max":145.425613403,"mean":8.58598709106,"median":5.45906162262,"min":0.320088088512,"var":258.085754395},"dissonance":{"dmean":0.0244065821171,"dmean2":0.04070578143,"dvar":0.000471451930935,"dvar2":0.00129100831691,"max":0.500000119209,"mean":0.452919453382,"median":0.458421587944,"min":0.28841227293,"var":0.000976731884293},"dynamic_complexity":2.54332351685,"erbbands":{"dmean":[0.25779864192,4.77019548416,13.626414299,9.32555770874,5.68976736069,9.53047561646,12.7572364807,10.3991699219,12.9429273605,13.9416694641,4.88369655609,8.39821052551,8.81077480316,17.4633045197,16.885887146,15.3108701706,9.08840274811,4.88674020767,5.90093946457,8.82836341858,3.03122496605,1.16903173923,0.910267949104,0.81655818224,0.756245613098,0.75981169939,0.693499922752,0.612067461014,0.408765763044,0.264361590147,0.189160585403,0.123700484633,0.0843531340361,0.0572324842215,0.0356793999672,0.0197515953332,0.00982246827334,0.00452679442242,0.00134888745379,0.000173848660779],"dmean2":[0.412125200033,7.78268909454,21.3673992157,14.8299951553,8.87376308441,14.8213291168,20.5445175171,15.9925231934,20.4169921875,21.2385139465,7.7319560051,13.7401809692,14.075753212,25.0884342194,27.3382987976,24.0385913849,14.5042610168,7.96661806107,9.34660339355,13.7446250916,4.67326211929,1.77437710762,1.35888266563,1.21453487873,1.12817776203,1.12941658497,1.01809453964,0.91485786438,0.59052503109,0.385714113712,0.28007337451,0.187303155661,0.128847241402,0.0874128565192,0.0544905886054,0.0301669184119,0.0148312766105,0.00649731932208,0.00190555222798,0.000254230602877],"dvar":[0.107955381274,33.3911018372,276.736236572,159.362548828,67.9999237061,237.665740967,409.165588379,343.91293335,718.931274414,941.44543457,71.9511032104,213.981750488,217.93927002,1598.13647461,1253.74389648,779.308349609,253.969696045,99.3138122559,127.401092529,275.724517822,72.6879348755,21.1999359131,8.33319282532,5.48998785019,3.13792037964,3.56480908394,4.33192014694,5.21865367889,1.56275677681,0.38899102807,0.117580920458,0.0308281108737,0.0146606937051,0.00677288929,0.00263227312826,0.000805678544566,0.000197490939172,0.000102316153061,0.0000124191446957,8.17757523919e-8],"dvar2":[0.303017318249,92.66015625,738.39276123,406.24609375,166.951446533,570.788879395,1090.10424805,822.639160156,1707.39978027,2049.96875,178.985244751,543.969665527,538.81463623,2992.39355469,3349.72241211,1923.67565918,622.458984375,263.974273682,308.483673096,679.798522949,163.715332031,47.7456169128,18.4415245056,10.4921112061,6.78624486923,6.73117113113,8.97177028656,12.1622819901,3.21131515503,0.798020064831,0.232522636652,0.0648763254285,0.0310049299151,0.0143190240487,0.00556460628286,0.0017036779318,0.000413204310462,0.000196946391952,0.0000226920947171,1.5568066658e-7],"max":[3.56805801392,57.1557807922,211.803115845,273.712036133,157.976455688,358.604980469,331.292144775,435.607849121,581.110656738,1171.52770996,264.150177002,358.146606445,303.801452637,800.269714355,705.184387207,612.268249512,373.964599609,223.883651733,367.1534729,326.317962646,417.738616943,318.26083374,152.690734863,105.014144897,69.9555130005,67.6064987183,61.0425796509,83.3892440796,51.0153388977,23.3974285126,11.7530431747,3.0949048996,1.61530029774,1.09879803658,0.684715986252,0.378484874964,0.270902484655,0.362394779921,0.108804948628,0.0153386825696],"mean":[0.465372532606,8.71405506134,26.9293327332,18.7272033691,10.7316274643,20.0748977661,22.9307689667,20.248790741,24.2134895325,27.1852245331,9.28510093689,14.4714775085,16.6155490875,35.2440414429,31.0083198547,30.5549201965,18.4835453033,9.21581935883,12.0984992981,17.6552734375,5.5975856781,1.75081932545,1.2834662199,1.17489016056,1.16468322277,1.21119523048,1.02710556984,0.852254092693,0.571471452713,0.352455258369,0.24559263885,0.15059581399,0.0971909835935,0.0656663775444,0.0409404598176,0.0227333605289,0.0121151050553,0.00626238621771,0.00217600981705,0.000509633624461],"median":[0.349881589413,7.02724170685,20.9125823975,13.7835216522,7.19325733185,8.18584442139,15.1661148071,10.422129631,10.7453012466,10.0066318512,5.09437417984,7.74221086502,9.04450035095,8.26437759399,14.9380321503,14.3444766998,9.72889137268,4.7245759964,6.56339168549,6.6294593811,2.26921439171,0.714126825333,0.486720085144,0.442597985268,0.496648520231,0.482803553343,0.311338067055,0.211934864521,0.161937326193,0.117763876915,0.0865340083838,0.0598991364241,0.0382864177227,0.0252050124109,0.0157362259924,0.0087773501873,0.00479155685753,0.0020484989509,0.000776149448939,0.000368931010598],"min":[8.05849624349e-23,5.69460587854e-22,2.65267876132e-21,7.76221359279e-21,1.6224772899e-20,2.97284059261e-20,3.60586640576e-20,5.91897036001e-20,1.41799281411e-19,1.73438952765e-19,2.23504382458e-19,3.28759806683e-19,7.31739686296e-19,6.51489983687e-19,1.19924727926e-18,9.09159277738e-19,1.35068729901e-18,1.76153756951e-18,3.27820941178e-18,3.32945593906e-18,3.21371000351e-18,5.42834257779e-18,4.82081357304e-18,5.52939385655e-18,7.22989687058e-18,7.45689756455e-18,8.38046787952e-18,9.73929732409e-18,1.06262715144e-17,1.00299768632e-17,1.00402984228e-17,1.11959797536e-17,1.02412023956e-17,8.09174131389e-18,6.35153693917e-18,3.86702510952e-18,2.54666845562e-18,8.7492930322e-19,2.44885346931e-19,2.7662703292e-20],"var":[0.181746318936,52.2714881897,581.08581543,411.558898926,144.549575806,973.819274902,789.013183594,1051.08972168,1852.51977539,2898.02880859,157.674926758,443.973052979,493.796966553,5245.94873047,2748.22827148,2178.97680664,678.993164062,193.85194397,298.336578369,717.043212891,145.099655151,29.102930069,13.8683776855,11.3138570786,7.25751543045,9.20156383514,10.4109134674,9.50628566742,3.31873130798,0.771015286446,0.272372812033,0.0532286167145,0.0225730556995,0.010427753441,0.00405374076217,0.00124036043417,0.00035187555477,0.000240669920458,0.0000356690106855,2.95137908779e-7]},"erbbands_crest":{"dmean":2.41990423203,"dmean2":3.85904145241,"dvar":4.57533597946,"dvar2":11.2090234756,"max":25.8123607635,"mean":8.68753147125,"median":8.07888889313,"min":1.92119157314,"var":11.4917163849},"erbbands_flatness_db":{"dmean":0.0353386700153,"dmean2":0.0553651787341,"dvar":0.000988407176919,"dvar2":0.00248683686368,"max":0.370552062988,"mean":0.174090921879,"median":0.170352131128,"min":0.0278198719025,"var":0.0028914550785},"erbbands_kurtosis":{"dmean":0.883021175861,"dmean2":1.40234482288,"dvar":1.17606770992,"dvar2":2.76467442513,"max":15.7229356766,"mean":0.274352699518,"median":-0.0596317946911,"min":-1.78577804565,"var":2.58573770523},"erbbands_skewness":{"dmean":0.354363203049,"dmean2":0.547805666924,"dvar":0.0959754735231,"dvar2":0.226775631309,"max":3.61285758018,"mean":0.313501507044,"median":0.37292149663,"min":-2.25169920921,"var":0.526842832565},"erbbands_spread":{"dmean":6.39619112015,"dmean2":9.89108085632,"dvar":44.1208763123,"dvar2":106.402938843,"max":164.806030273,"mean":31.6139526367,"median":30.4255466461,"min":2.9040286541,"var":181.404159546},"gfcc":{"cov":[[27534.9472656,3951.91210938,-978.385314941,-82.3011474609,-201.735946655,70.9322662354,-326.847503662,-392.331695557,-294.122833252,-172.930511475,-349.782470703,-231.363510132,-94.7081298828],[3951.91210938,2165.03125,-123.729362488,-398.116699219,195.127487183,-40.8106269836,73.9343719482,-351.450317383,46.0630683899,-54.9304389954,21.967048645,-193.965087891,53.6265525818],[-978.385314941,-123.729362488,400.463012695,191.033660889,-54.5833473206,73.1598205566,-9.81248474121,121.594726562,-24.7529354095,40.8096618652,23.6155910492,8.30990123749,-64.1781616211],[-82.3011474609,-398.116699219,191.033660889,364.056762695,0.77723890543,-5.31896305084,47.4162063599,98.3713912964,6.94174480438,28.6962947845,-24.1468677521,36.0530967712,-69.3106307983],[-201.735946655,195.127487183,-54.5833473206,0.77723890543,177.045013428,-0.692468166351,61.656791687,-82.0937652588,45.5087928772,-12.5329666138,0.46533536911,-35.497756958,39.5773887634],[70.9322662354,-40.8106269836,73.1598205566,-5.31896305084,-0.692468166351,167.417724609,-9.11629676819,56.9587554932,-53.0733261108,4.32605075836,20.0053501129,28.7694206238,-7.55962896347],[-326.847503662,73.9343719482,-9.81248474121,47.4162063599,61.656791687,-9.11629676819,174.620834351,-32.8825073242,38.038318634,-14.5796327591,20.3770961761,19.8237304688,-16.8968429565],[-392.331695557,-351.450317383,121.594726562,98.3713912964,-82.0937652588,56.9587554932,-32.8825073242,167.361526489,-17.2474689484,26.7589073181,1.34676086903,33.8457450867,-20.1807022095],[-294.122833252,46.0630683899,-24.7529354095,6.94174480438,45.5087928772,-53.0733261108,38.038318634,-17.2474689484,93.0957260132,18.0036125183,-8.0913143158,-12.5597333908,10.2278718948],[-172.930511475,-54.9304389954,40.8096618652,28.6962947845,-12.5329666138,4.32605075836,-14.5796327591,26.7589073181,18.0036125183,51.7044296265,20.1262207031,-6.61702680588,-1.44605576992],[-349.782470703,21.967048645,23.6155910492,-24.1468677521,0.46533536911,20.0053501129,20.3770961761,1.34676086903,-8.0913143158,20.1262207031,60.2293663025,28.0412254333,-2.54778409004],[-231.363510132,-193.965087891,8.30990123749,36.0530967712,-35.497756958,28.7694206238,19.8237304688,33.8457450867,-12.5597333908,-6.61702680588,28.0412254333,84.6968231201,-1.71943604946],[-94.7081298828,53.6265525818,-64.1781616211,-69.3106307983,39.5773887634,-7.55962896347,-16.8968429565,-20.1807022095,10.2278718948,-1.44605576992,-2.54778409004,-1.71943604946,82.3575134277]],"icov":[[0.000243010741542,-0.000950153451413,0.00149788381532,-0.00143416388892,0.000799420580734,-0.000532205333002,0.000651992158964,-0.000573097320739,0.000786584219895,-0.000744828954339,0.00131117971614,-0.000825294584502,0.00033130479278],[-0.000950153451413,0.00493608880788,-0.00601173425093,0.00479535665363,-0.000788674049545,0.0000840252469061,-0.00253944424912,0.00502700638026,-0.00578128034249,0.00733118597418,-0.00953311566263,0.00829174462706,-0.00313336891122],[0.00149788381532,-0.00601173425093,0.0157369691879,-0.0162444859743,0.0119814518839,-0.00904822908342,0.00601254217327,-0.0032703387551,-0.00162489921786,0.00575607223436,-0.00573577079922,0.00576326949522,-0.00168117135763],[-0.00143416388892,0.00479535665363,-0.0162444859743,0.0310558583587,-0.0295896809548,0.0205643493682,-0.0100068217143,-0.00772864697501,0.0191218778491,-0.0351948030293,0.0345348306,-0.0294933933765,0.0183258075267],[0.000799420580734,-0.000788674049545,0.0119814518839,-0.0295896809548,0.0452599897981,-0.0273768249899,0.0055655958131,0.0176139995456,-0.0330544523895,0.0503651835024,-0.0492879487574,0.0464972518384,-0.0285022184253],[-0.000532205333002,0.0000840252469061,-0.00904822908342,0.0205643493682,-0.0273768249899,0.0265618003905,-0.00583846587688,-0.0134690245613,0.0262372083962,-0.035366460681,0.0335373394191,-0.0325021743774,0.0171644520015],[0.000651992158964,-0.00253944424912,0.00601254217327,-0.0100068217143,0.0055655958131,-0.00583846587688,0.0127119710669,0.00120885809883,-0.00822512060404,0.0128933023661,-0.0114129958674,0.00404535559937,-0.00065989641007],[-0.000573097320739,0.00502700638026,-0.0032703387551,-0.00772864697501,0.0176139995456,-0.0134690245613,0.00120885809883,0.0240639895201,-0.0187540948391,0.0221260730177,-0.0245247595012,0.022396478802,-0.0141148874536],[0.000786584219895,-0.00578128034249,-0.00162489921786,0.0191218778491,-0.0330544523895,0.0262372083962,-0.00822512060404,-0.0187540948391,0.0537283197045,-0.0644422620535,0.0626703202724,-0.0497341379523,0.0246017370373],[-0.000744828954339,0.00733118597418,0.00575607223436,-0.0351948030293,0.0503651835024,-0.035366460681,0.0128933023661,0.0221260730177,-0.0644422620535,0.120875373483,-0.107237674296,0.0849812328815,-0.0415645167232],[0.00131117971614,-0.00953311566263,-0.00573577079922,0.0345348306,-0.0492879487574,0.0335373394191,-0.0114129958674,-0.0245247595012,0.0626703202724,-0.107237674296,0.126351624727,-0.092008471489,0.0430444404483],[-0.000825294584502,0.00829174462706,0.00576326949522,-0.0294933933765,0.0464972518384,-0.0325021743774,0.00404535559937,0.022396478802,-0.0497341379523,0.0849812328815,-0.092008471489,0.0900963321328,-0.0389849580824],[0.00033130479278,-0.00313336891122,-0.00168117135763,0.0183258075267,-0.0285022184253,0.0171644520015,-0.00065989641007,-0.0141148874536,0.0246017370373,-0.0415645167232,0.0430444404483,-0.0389849580824,0.0370870530605]],"mean":[-53.3262443542,140.810394287,-65.6170425415,5.15465021133,-22.3944377899,14.8453102112,-13.6522626877,-9.32545471191,-13.3294000626,2.27203679085,-8.6526889801,-2.83148360252,-5.55191230774]},"hfc":{"dmean":3.76415038109,"dmean2":5.76213312149,"dvar":14.1105480194,"dvar2":34.5262641907,"max":88.5287399292,"mean":15.0869817734,"median":13.5103292465,"min":1.05123551783e-16,"var":95.5635375977},"melbands":{"dmean":[0.00360643747263,0.00676003564149,0.00146694050636,0.000503507268149,0.000421525066486,0.000246762094321,0.000203317234991,0.000131371052703,0.0000405922510254,0.0000568469040445,0.0000445729565399,0.0000683156686136,0.0000555577134946,0.0000389358319808,0.0000309113493131,0.0000171566753124,0.0000093161015684,0.00000873117551237,0.0000140492848004,0.00000930595524551,0.00000277924914371,0.00000124649841382,9.91999286271e-7,7.41898247725e-7,6.73933470807e-7,5.82774760005e-7,5.29451995135e-7,5.23793005414e-7,4.65369737412e-7,4.07277411796e-7,3.41969609963e-7,2.46963566042e-7,1.85845919987e-7,1.34465466317e-7,1.13626519749e-7,9.07839634579e-8,7.0200556479e-8,5.99440781457e-8,5.2791538252e-8,4.67076013422e-8],"dmean2":[0.00583333335817,0.0107436235994,0.00231979414821,0.000777924316935,0.000667530519422,0.000379010220058,0.000319129321724,0.000200201000553,0.0000653719907859,0.0000934365671128,0.0000714706766303,0.0000991626948235,0.0000878455830389,0.0000616090692347,0.000048908219469,0.0000277401886706,0.0000153545424837,0.0000140303727676,0.0000218934492295,0.0000145706371768,0.00000432489514424,0.00000193306027541,0.00000152136919951,0.00000111887231924,0.00000100960539839,8.77719685377e-7,7.90036438048e-7,7.85254144375e-7,6.99463669207e-7,6.01798319622e-7,5.15877843554e-7,3.56885948349e-7,2.75602445754e-7,1.98130777562e-7,1.68547444446e-7,1.36551150831e-7,1.07140330385e-7,9.15591016337e-8,8.06320130664e-8,7.13374816996e-8],"dvar":[0.0000197209392354,0.000060846676206,0.00000371053329218,5.65369532524e-7,4.01584543397e-7,1.67648082083e-7,1.76432351395e-7,7.85751552712e-8,5.49586998133e-9,9.71220348589e-9,5.6479585453e-9,2.37804762548e-8,1.10170388368e-8,4.77064165949e-9,2.64479882439e-9,9.25106824479e-10,4.11218753493e-10,3.17750603607e-10,6.2250987698e-10,4.02050309711e-10,1.04797455436e-10,3.35392651152e-11,1.08417571795e-11,5.35836913035e-12,4.03119161316e-12,2.03663366553e-12,1.52454481331e-12,2.02768813025e-12,2.30688406745e-12,2.42016714828e-12,1.60595289237e-12,5.97342271133e-13,3.78225445755e-13,7.70483530492e-14,4.79459476136e-14,2.18969824505e-14,9.83376452642e-15,7.42646639714e-15,5.76233464698e-15,4.51154608125e-15],"dvar2":[0.0000572780118091,0.00016283300647,0.00000939378242037,0.00000137125311994,0.00000105700326003,4.07547958048e-7,4.23217187517e-7,1.7074735581e-7,1.41002658438e-8,2.45431053258e-8,1.39605047522e-8,4.5063487164e-8,2.9025637005e-8,1.2099676816e-8,6.80449119272e-9,2.3756652201e-9,1.07844910779e-9,7.76134656544e-10,1.54182178136e-9,9.97311344619e-10,2.46402370729e-10,7.99356275616e-11,2.60507275474e-11,1.04016196698e-11,8.10260712691e-12,4.50764122209e-12,3.29039118001e-12,4.12014086043e-12,5.37960821723e-12,5.7192154658e-12,3.73784293448e-12,1.2499586869e-12,8.72612258059e-13,1.50913691808e-13,9.67803718025e-14,4.58016566026e-14,2.08425805911e-14,1.57023154109e-14,1.21827749305e-14,9.53798570344e-15],"max":[0.0442277044058,0.0801682844758,0.0424481369555,0.0149465166032,0.0104582896456,0.00856874790043,0.00985378213227,0.0104930149391,0.00265400786884,0.00245829694904,0.00153861998115,0.00310581712984,0.00200647348538,0.00132306560408,0.000987370265648,0.000735831912607,0.000402295350796,0.000697456416674,0.000408843567129,0.000364481005818,0.000613641517702,0.000408393971156,0.000135536727612,0.000120366967167,0.0000872878663358,0.0000498254375998,0.0000458954673377,0.0000561650849704,0.0000520281610079,0.0000608002774243,0.0000403156627726,0.0000277070794255,0.0000290917269012,0.0000092168138508,0.000007742046364,0.0000052555574257,0.00000131452952701,0.0000011487560414,0.00000101243938389,8.97029678981e-7],"mean":[0.00668950378895,0.0139756249264,0.00312687107362,0.00105792540126,0.000844935013447,0.00047939576325,0.000394161150325,0.000252367521171,0.0000698091025697,0.0000960720717558,0.0000790572667029,0.000134047964821,0.000105863487988,0.0000808374534245,0.0000635024989606,0.0000307895752485,0.0000152331494974,0.0000163070144481,0.0000273474161077,0.0000171034862433,0.00000437031712863,0.0000016930827087,0.00000134156687182,0.00000102730029994,9.36556261877e-7,8.55384485021e-7,8.32291391362e-7,7.96014660409e-7,6.54915538689e-7,5.70818372125e-7,4.63150087171e-7,3.37578484277e-7,2.45463951387e-7,1.76125297457e-7,1.46516200061e-7,1.14355827918e-7,8.26403052656e-8,6.87224641638e-8,6.0507602484e-8,5.35367128407e-8],"median":[0.00544588081539,0.0118689928204,0.00240709725767,0.0005290004774,0.000538694206625,0.00025706528686,0.000166131620063,0.0000939654419199,0.0000377602482331,0.000050832357374,0.0000402316436521,0.0000301540112559,0.0000461065392301,0.0000408104424423,0.0000304346267512,0.0000156688984134,0.00000675437968312,0.00000860300406202,0.0000109597222036,0.00000545064585822,0.00000161202569871,6.22055267741e-7,4.82271502733e-7,3.72092415546e-7,3.46945626006e-7,3.56500549969e-7,3.53353470928e-7,3.05762853259e-7,2.00609065359e-7,1.48244112097e-7,1.11923874613e-7,9.38160695796e-8,7.63807435078e-8,6.11628934166e-8,5.11947249038e-8,4.25956372396e-8,3.35401040275e-8,2.63533159739e-8,2.31882602009e-8,2.05297556732e-8],"min":[6.58107506003e-25,1.25179239036e-24,1.38950837453e-24,2.18817117233e-24,9.63673467894e-25,1.22259990231e-24,1.94439421995e-24,2.03575299024e-24,2.01657025961e-24,1.77654729907e-24,3.43721645319e-24,2.13919454581e-24,3.73265906169e-24,2.1508138753e-24,3.45318220905e-24,2.98285288495e-24,2.61083140686e-24,4.44910253581e-24,3.45366499192e-24,3.11811807551e-24,3.47049652263e-24,5.07889437266e-24,3.30461820414e-24,4.85769619712e-24,3.74425965573e-24,4.95040549728e-24,4.3638298274e-24,4.88974761569e-24,4.43940822415e-24,4.75620687508e-24,4.91857850963e-24,4.49642945696e-24,4.4559502429e-24,5.92982955922e-24,4.66881883615e-24,5.87067761311e-24,6.24665384813e-24,6.37743791432e-24,6.60259577717e-24,6.52885700406e-24],"var":[0.0000308364469674,0.000122352139442,0.0000102173635241,0.0000020327229322,9.46120223944e-7,5.01371687278e-7,4.89905460199e-7,2.40697517029e-7,1.02715809192e-8,2.0347817653e-8,1.22425154458e-8,7.53458664349e-8,3.01650224799e-8,1.48161864999e-8,8.24779800013e-9,2.02329464294e-9,6.77502054458e-10,6.29053364953e-10,1.65113545059e-9,9.89902937398e-10,1.53989793139e-10,3.83870921161e-11,1.73093119699e-11,9.67463175544e-12,7.68471224155e-12,4.20795646591e-12,3.6086290206e-12,4.48244696569e-12,4.43037273534e-12,4.22401523481e-12,2.87751853595e-12,1.23219370905e-12,5.73157894843e-13,1.6498971243e-13,1.06493705185e-13,4.41878148926e-14,1.55078840801e-14,1.1433069457e-14,8.87136145659e-15,6.94604963825e-15]},"melbands_crest":{"dmean":3.22369194031,"dmean2":5.02889728546,"dvar":7.88233947754,"dvar2":20.8030853271,"max":38.4550743103,"mean":20.0937595367,"median":20.4050636292,"min":1.6355060339,"var":27.8061695099},"melbands_flatness_db":{"dmean":0.0511024184525,"dmean2":0.0795056223869,"dvar":0.00189758080523,"dvar2":0.00487934285775,"max":0.653478503227,"mean":0.365792453289,"median":0.365998864174,"min":0.00297136325389,"var":0.0077069378458},"melbands_kurtosis":{"dmean":16.378824234,"dmean2":26.3658275604,"dvar":1060.30578613,"dvar2":2563.17871094,"max":1311.81604004,"mean":36.5295906067,"median":24.8830032349,"min":-1.69183683395,"var":2517.28051758},"melbands_skewness":{"dmean":0.99327391386,"dmean2":1.55807960033,"dvar":1.18286168575,"dvar2":2.98314642906,"max":32.8549385071,"mean":4.33432722092,"median":4.13686800003,"min":-1.36108994484,"var":5.35158777237},"melbands_spread":{"dmean":2.56703352928,"dmean2":4.09740447998,"dvar":26.3560504913,"dvar2":66.7322769165,"max":217.789093018,"mean":9.28399181366,"median":4.29258680344,"min":0.366347461939,"var":553.481079102},"mfcc":{"cov":[[9733.08300781,1859.42126465,-127.123168945,196.357940674,30.3371219635,138.02911377,-73.3233718872,-24.6149024963,32.6917724609,-15.2519273758,-188.947601318,-104.27734375,36.5633201599],[1859.42126465,2335.36621094,-54.3406982422,-190.804290771,38.5231361389,240.141723633,60.0916900635,-184.973480225,-32.0238838196,65.1028823853,-96.8378067017,-82.9312667847,115.184997559],[-127.123168945,-54.3406982422,420.399047852,101.695411682,54.6438369751,-37.6148719788,59.4278755188,58.3790168762,-3.79363942146,2.54705286026,91.7918701172,62.6615753174,-24.7089366913],[196.357940674,-190.804290771,101.695411682,318.412078857,2.56634998322,15.8533210754,-3.90171384811,38.5342025757,35.9954299927,44.631111145,29.7408866882,27.0149784088,-2.55722737312],[30.3371219635,38.5231361389,54.6438369751,2.56634998322,125.034156799,20.7756614685,16.4416427612,-12.6025094986,15.7769441605,13.7348213196,3.3314769268,-13.4375114441,3.30790257454],[138.02911377,240.141723633,-37.6148719788,15.8533210754,20.7756614685,138.275009155,50.4972686768,5.55558252335,1.80313146114,6.48738527298,-12.8336114883,-2.4197807312,21.7799930573],[-73.3233718872,60.0916900635,59.4278755188,-3.90171384811,16.4416427612,50.4972686768,114.005966187,44.7788238525,-8.42998409271,-10.135933876,16.9378490448,17.9528827667,7.66522455215],[-24.6149024963,-184.973480225,58.3790168762,38.5342025757,-12.6025094986,5.55558252335,44.7788238525,115.939186096,15.0998630524,-29.5505180359,28.8625812531,40.8444061279,-11.2472877502],[32.6917724609,-32.0238838196,-3.79363942146,35.9954299927,15.7769441605,1.80313146114,-8.42998409271,15.0998630524,66.153503418,36.0181846619,-6.67535972595,-12.6236381531,2.85203361511],[-15.2519273758,65.1028823853,2.54705286026,44.631111145,13.7348213196,6.48738527298,-10.135933876,-29.5505180359,36.0181846619,79.8979187012,10.1424226761,-23.3471832275,8.14868450165],[-188.947601318,-96.8378067017,91.7918701172,29.7408866882,3.3314769268,-12.8336114883,16.9378490448,28.8625812531,-6.67535972595,10.1424226761,68.298034668,41.766204834,-11.8203697205],[-104.27734375,-82.9312667847,62.6615753174,27.0149784088,-13.4375114441,-2.4197807312,17.9528827667,40.8444061279,-12.6236381531,-23.3471832275,41.766204834,72.6521759033,7.8279914856],[36.5633201599,115.184997559,-24.7089366913,-2.55722737312,3.30790257454,21.7799930573,7.66522455215,-11.2472877502,2.85203361511,8.14868450165,-11.8203697205,7.8279914856,47.0952758789]],"icov":[[0.000147422601003,-0.000184741642443,0.0000825398310553,-0.000243432426942,-0.000131776076159,0.000181834984687,0.000165191551787,-0.00033831098699,0.0000511813996127,0.000126081664348,0.000315651763231,-0.00000685128088662,0.000240401452174],[-0.000184741642443,0.00102240755223,-0.000725006568246,0.000885364599526,0.000573941040784,-0.00166761456057,-0.000163420641911,0.00131242617499,0.000215716398088,-0.000751338899136,0.000377394724637,0.000286960974336,-0.00145457300823],[0.0000825398310553,-0.000725006568246,0.00495843496174,-0.00178935553413,-0.00238118460402,0.00313622597605,-0.00226604146883,-0.000551883655135,-0.000209067031392,0.00117758917622,-0.00427139829844,-0.00121538492385,0.00210617855191],[-0.000243432426942,0.000885364599526,-0.00178935553413,0.00527061102912,0.000782797287684,-0.00259597506374,0.00149507727474,-0.000864660949446,0.000258427317021,-0.00482925772667,0.0023765664082,-0.0024415939115,-0.000111041037599],[-0.000131776076159,0.000573941040784,-0.00238118460402,0.000782797287684,0.0107861338183,-0.00287464726716,-0.00106061529368,0.00386515376158,-0.00466514192522,0.00288871931843,-0.00317768100649,0.00444099167362,-0.00259373872541],[0.000181834984687,-0.00166761456057,0.00313622597605,-0.00259597506374,-0.00287464726716,0.0136379003525,-0.00545030180365,-0.00206023920327,0.000741454248782,-0.000294194731396,0.00111954682507,-0.00159453577362,0.000283881439827],[0.000165191551787,-0.000163420641911,-0.00226604146883,0.00149507727474,-0.00106061529368,-0.00545030180365,0.0158063024282,-0.00762746063992,0.00466578127816,-0.00207130541094,0.0000874215693329,0.00185506045818,-0.00284598232247],[-0.00033831098699,0.00131242617499,-0.000551883655135,-0.000864660949446,0.00386515376158,-0.00206023920327,-0.00762746063992,0.0226531736553,-0.0140376407653,0.0128436153755,-0.0079236663878,-0.00226560002193,0.00106468133163],[0.0000511813996127,0.000215716398088,-0.000209067031392,0.000258427317021,-0.00466514192522,0.000741454248782,0.00466578127816,-0.0140376407653,0.0325895436108,-0.0219061933458,0.0146425599232,-0.00363078224473,0.00130527082365],[0.000126081664348,-0.000751338899136,0.00117758917622,-0.00482925772667,0.00288871931843,-0.000294194731396,-0.00207130541094,0.0128436153755,-0.0219061933458,0.0399557426572,-0.0271989610046,0.019693762064,-0.0102538652718],[0.000315651763231,0.000377394724637,-0.00427139829844,0.0023765664082,-0.00317768100649,0.00111954682507,0.0000874215693329,-0.0079236663878,0.0146425599232,-0.0271989610046,0.0507343895733,-0.0295173134655,0.0159781910479],[-0.00000685128088662,0.000286960974336,-0.00121538492385,-0.0024415939115,0.00444099167362,-0.00159453577362,0.00185506045818,-0.00226560002193,-0.00363078224473,0.019693762064,-0.0295173134655,0.0423923060298,-0.0195267070085],[0.000240401452174,-0.00145457300823,0.00210617855191,-0.000111041037599,-0.00259373872541,0.000283881439827,-0.00284598232247,0.00106468133163,0.00130527082365,-0.0102538652718,0.0159781910479,-0.0195267070085,0.0354229845107]],"mean":[-708.739868164,191.398376465,20.0204925537,16.4902267456,11.5458431244,26.8142852783,11.7375383377,1.70094347,2.68151450157,5.41223049164,-2.93270802498,-0.163059145212,8.07487392426]},"pitch_salience":{"dmean":0.0975937768817,"dmean2":0.153721287847,"dvar":0.00694840634242,"dvar2":0.0182876437902,"max":0.837345182896,"mean":0.44360858202,"median":0.447345972061,"min":0.0349982269108,"var":0.0189637038857},"silence_rate_20dB":{"dmean":0,"dmean2":0,"dvar":0,"dvar2":0,"max":1,"mean":1,"median":1,"min":1,"var":0},"silence_rate_30dB":{"dmean":0.146865665913,"dmean2":0.293766409159,"dvar":0.125296145678,"dvar2":0.282461732626,"max":1,"mean":0.77865332365,"median":1,"min":0,"var":0.172352343798},"silence_rate_60dB":{"dmean":0.000238805965637,"dmean2":0.000477668974781,"dvar":0.000238748936681,"dvar2":0.000477440800751,"max":1,"mean":0.036891117692,"median":0,"min":0,"var":0.0355301611125},"spectral_centroid":{"dmean":112.076576233,"dmean2":169.378936768,"dvar":34276.1367188,"dvar2":72036.84375,"max":11677.4482422,"mean":621.55682373,"median":393.576599121,"min":121.053146362,"var":1403504.375},"spectral_complexity":{"dmean":2.21349263191,"dmean2":3.50417971611,"dvar":3.90403294563,"dvar2":8.83417129517,"max":43,"mean":13.8433618546,"median":14,"min":0,"var":31.7211666107},"spectral_contrast_coeffs":{"dmean":[0.0502799898386,0.0487873442471,0.0376525595784,0.034134555608,0.0319532230496,0.0242334119976],"dmean2":[0.0813334733248,0.0791137591004,0.0610537230968,0.0551146268845,0.0519871152937,0.0399822853506],"dvar":[0.00158672675025,0.00148611224722,0.000870804884471,0.000758555717766,0.000760748866014,0.00124786340166],"dvar2":[0.00427418248728,0.00396513193846,0.00224573211744,0.00188820529729,0.00192075432278,0.00299141090363],"max":[-0.337544471025,-0.483009845018,-0.579318165779,-0.626287519932,-0.692719817162,-0.400318771601],"mean":[-0.645163655281,-0.750859320164,-0.800994634628,-0.809491813183,-0.890492916107,-0.826162219048],"median":[-0.64053273201,-0.748362660408,-0.80146497488,-0.802069425583,-0.894548296928,-0.841669499874],"min":[-0.980759680271,-0.97962808609,-0.975664973259,-0.980300366879,-0.969097554684,-0.965891420841],"var":[0.00722790835425,0.00537826912478,0.00330693461001,0.00368150393479,0.00237901159562,0.00304479990155]},"spectral_contrast_valleys":{"dmean":[0.387795478106,0.380483627319,0.33174058795,0.36085793376,0.623951494694,0.805857598782],"dmean2":[0.619382381439,0.608914613724,0.527792811394,0.562727749348,0.992781996727,1.31062161922],"dvar":[0.119823262095,0.123442925513,0.10303157568,0.145405113697,0.341188490391,0.597451090813],"dvar2":[0.265784978867,0.280776321888,0.219141364098,0.32013463974,0.820447385311,1.5374366045],"max":[-4.76827716827,-4.64331865311,-5.25145196915,-6.09711170197,-6.21748685837,-8.73729801178],"mean":[-6.63644742966,-6.81536245346,-7.29697465897,-7.98178958893,-8.55601215363,-11.1075754166],"median":[-6.16147089005,-6.39834451675,-6.89121627808,-7.53551292419,-8.21300125122,-10.6961097717],"min":[-28.0140781403,-28.0573406219,-27.9358215332,-27.547492981,-27.557882309,-27.3882827759],"var":[6.82176923752,6.14598369598,5.78154993057,5.36291790009,5.05984163284,4.23601150513]},"spectral_decrease":{"dmean":6.97323265797e-9,"dmean2":1.11422240323e-8,"dvar":5.70142839881e-17,"dvar2":1.5596453392e-16,"max":1.64520519199e-28,"mean":-1.92090894302e-8,"median":-1.81784578501e-8,"min":-8.59415081322e-8,"var":1.35654722018e-16},"spectral_energy":{"dmean":0.0265831816941,"dmean2":0.0424728505313,"dvar":0.000826661940664,"dvar2":0.0022603420075,"max":0.329524725676,"mean":0.0738679990172,"median":0.0699651613832,"min":1.00169116488e-20,"var":0.00198823073879},"spectral_energyband_high":{"dmean":0.0000630924041616,"dmean2":0.0000905545894057,"dvar":1.65845381872e-8,"dvar2":3.02154177234e-8,"max":0.00382903870195,"mean":0.0000938150624279,"median":0.0000344990985468,"min":7.07724665329e-21,"var":4.63516585114e-8},"spectral_energyband_low":{"dmean":0.0256626363844,"dmean2":0.0410606116056,"dvar":0.000809532008134,"dvar2":0.00222399574704,"max":0.282488584518,"mean":0.0576841086149,"median":0.0516457259655,"min":1.65400087344e-23,"var":0.00164679973386},"spectral_energyband_middle_high":{"dmean":0.000994451809675,"dmean2":0.0014630255755,"dvar":0.00000212093732443,"dvar2":0.00000452621816294,"max":0.0365080349147,"mean":0.00325598567724,"median":0.00201194221154,"min":1.17665139569e-21,"var":0.0000153271521413},"spectral_energyband_middle_low":{"dmean":0.0049759526737,"dmean2":0.0076474356465,"dvar":0.0000354207550117,"dvar2":0.0000871785377967,"max":0.108287110925,"mean":0.0147874765098,"median":0.0115186143667,"min":1.70835566173e-22,"var":0.000170688901562},"spectral_entropy":{"dmean":0.342665880919,"dmean2":0.534403443336,"dvar":0.0969258099794,"dvar2":0.236065387726,"max":9.82457256317,"mean":6.93803071976,"median":6.88809776306,"min":4.59740972519,"var":0.407241672277},"spectral_flux":{"dmean":0.0374077707529,"dmean2":0.0626964345574,"dvar":0.00135414663237,"dvar2":0.00361539423466,"max":0.406276106834,"mean":0.10987624526,"median":0.103010945022,"min":6.41943581625e-11,"var":0.00309267011471},"spectral_kurtosis":{"dmean":9.17997741699,"dmean2":15.3245096207,"dvar":148.671127319,"dvar2":399.93069458,"max":115.949028015,"mean":17.9466323853,"median":13.4965171814,"min":-1.27247297764,"var":207.3775177},"spectral_rms":{"dmean":0.00148609874304,"dmean2":0.00235108821653,"dvar":0.0000020640470666,"dvar2":0.00000561228898732,"max":0.0179300736636,"mean":0.00798847991973,"median":0.0082618817687,"min":3.12611525208e-12,"var":0.00000825052302389},"spectral_rolloff":{"dmean":131.634078979,"dmean2":222.172042847,"dvar":167959.8125,"dvar2":449050.90625,"max":19207.6171875,"mean":671.223571777,"median":215.33203125,"min":21.533203125,"var":5553040.5},"spectral_skewness":{"dmean":0.670299172401,"dmean2":1.08156907558,"dvar":0.532481908798,"dvar2":1.40350401402,"max":8.87224388123,"mean":3.07494568825,"median":2.949634552,"min":-0.074555657804,"var":1.23756313324},"spectral_spread":{"dmean":872415.4375,"dmean2":1390930.875,"dvar":837789876224,"dvar2":1934134214660,"max":46838908,"mean":3785025.75,"median":3302120.75,"min":667566.5,"var":16252057681900},"spectral_strongpeak":{"dmean":0.282060712576,"dmean2":0.469868510962,"dvar":0.114658124745,"dvar2":0.291123151779,"max":4.36071205139,"mean":0.633512377739,"median":0.582131326199,"min":0,"var":0.191910356283},"zerocrossingrate":{"dmean":0.00422417232767,"dmean2":0.00623051309958,"dvar":0.000413658213802,"dvar2":0.00104808888864,"max":0.51806640625,"mean":0.0196495316923,"median":0.01171875,"min":0,"var":0.00285802129656}},"metadata":{"audio_properties":{"analysis_sample_rate":44100,"bit_rate":192000,"codec":"mp3","downmix":"mix","equal_loudness":0,"length":194.455505371,"lossless":false,"md5_encoded":"71dfdfe2526b01160d7477800f61095d","replay_gain":2.01465415955,"sample_rate":44100},"tags":{"acoustid_id":["29be4342-d0fe-4a50-8788-7cc75bb1eb4d"],"album":["First Impressions of Earth"],"albumartist":["The Strokes"],"artist":["The Strokes"],"date":["2006"],"discnumber":["1/1"],"file_name":"07 - The Strokes - Ask Me Anything.mp3","musicbrainz_albumartistid":["f181961b-20f7-459e-89de-920ef03c7ed0"],"musicbrainz_albumid":["1a9c8458-e405-3a31-a079-3fb8876570be"],"musicbrainz_artistid":["f181961b-20f7-459e-89de-920ef03c7ed0"],"musicbrainz_recordingid":["5f96cced-2229-43d8-982b-8f40bc967b4b"],"musicbrainz_releasegroupid":["5ef51a9b-55eb-3400-99a8-47b892e11df7"],"replaygain_album_gain":["+0.13 dB"],"replaygain_album_peak":["0.623519"],"replaygain_track_gain":["+0.04 dB"],"replaygain_track_peak":["0.353936"],"title":["Ask Me Anything"],"tracknumber":["7/14"]},"version":{"essentia":"2.1-beta1","essentia_build_sha":"e76a03f03bb3900de42a1fa0d9be1e72f12def64","essentia_git_sha":"v2.1_beta1-28-g21ef5f4-dirty","extractor":"music 1.0"}},"rhythm":{"beats_count":432,"beats_loudness":{"dmean":0.0394486002624,"dmean2":0.0670136660337,"dvar":0.00102692330256,"dvar2":0.00302475970238,"max":0.226080074906,"mean":0.0758519098163,"median":0.0741273164749,"min":0,"var":0.00167192914523},"beats_loudness_band_ratio":{"dmean":[0.131246760488,0.0840302109718,0.0374210551381,0.0409069806337,0.00932103581727,0.00657588103786],"dmean2":[0.221788734198,0.143889442086,0.0632020160556,0.0719062611461,0.0165165029466,0.0123881408945],"dvar":[0.0145337376744,0.0064892093651,0.00235072243959,0.00472669955343,0.000145452097058,0.00101150758564],"dvar2":[0.0394796542823,0.0184562187642,0.00616465322673,0.0128229008988,0.000388732587453,0.00219315709546],"max":[0.989629507065,0.563807070255,0.493653714657,0.637931764126,0.0922431796789,0.448873758316],"mean":[0.786643147469,0.110569700599,0.0508367270231,0.0428612157702,0.0100988922