{"lowlevel":{"average_loudness":0.846533358097,"barkbands":{"dmean":[0.0000089987543106,0.000402146892156,0.000405234022764,0.000435596826719,0.00138291285839,0.000971125205979,0.000862845976371,0.000479402864585,0.00067253963789,0.000431422959082,0.000389932916733,0.000245579431066,0.000223428520258,0.000244074777584,0.000180644143256,0.000123371995869,0.000106765146484,0.000146281221532,0.000232117512496,0.000121988530736,0.000068545981776,0.0000878701175679,0.0000320928083966,0.0000243077302002,0.00000706812670614,6.62426089093e-7,1.93855829167e-8],"dmean2":[0.0000152800075739,0.00065432471456,0.000636187556665,0.000705963757355,0.00220109336078,0.00154157611541,0.00129047187511,0.000716393813491,0.00102370395325,0.000673781498335,0.000585840723943,0.000383359758416,0.000341341947205,0.000380070705432,0.000279684376437,0.000191238053958,0.000165369507158,0.000215791893424,0.00034787209006,0.000178443544428,0.000099419579783,0.000123914782307,0.0000462607604277,0.0000338944410032,0.0000104250557342,9.35916716571e-7,3.04984411059e-8],"dvar":[4.37882285986e-10,6.8102252726e-7,9.38790606142e-7,0.00000110277733256,0.00000559989712201,0.00000421274580731,0.00000540688643014,0.0000029005768738,0.00000394613107346,0.00000127198700284,0.00000131762817546,7.93617346062e-7,6.74086265917e-7,8.74460340583e-7,4.47608954346e-7,1.81107267849e-7,9.28001142597e-8,1.71468187204e-7,4.47345087196e-7,9.48916607513e-8,4.34083879952e-8,5.81013956946e-8,2.06950279136e-8,1.95352019006e-8,7.94145083027e-10,2.99738445869e-12,3.88449521369e-15],"dvar2":[1.14913212279e-9,0.00000174406443421,0.00000221736058847,0.00000294313917948,0.0000140602487591,0.00000996360540739,0.0000105622211777,0.00000626043356533,0.00000872200962476,0.00000288974365503,0.00000269988572654,0.00000181794246146,0.00000130908085794,0.00000201503394237,0.00000106991137727,4.16285701021e-7,2.01731779725e-7,3.51521805442e-7,9.65053118307e-7,2.06185873708e-7,8.68371117235e-8,1.1479113482e-7,4.57803075449e-8,3.65179921857e-8,1.8406182134e-9,6.38311625778e-12,9.16013701116e-15],"max":[0.000865692389198,0.0140770990402,0.0171855892986,0.0355967618525,0.0658904388547,0.0627485588193,0.0714806839824,0.0506526194513,0.0577167756855,0.0343919470906,0.0350057072937,0.0322980359197,0.0291399676353,0.0317840464413,0.0180618651211,0.0127790616825,0.0148069467396,0.0114966602996,0.0155780883506,0.00796060729772,0.0104199489579,0.00676140515134,0.00755910808221,0.00907186791301,0.00128214259166,0.0000405605387641,0.00000151074164023],"mean":[0.0000164603006851,0.000687261635903,0.000638472323772,0.000705490703695,0.00294347782619,0.00207827775739,0.00199105544016,0.000863081717398,0.00140997976996,0.000887842208613,0.000751748273615,0.000417352566728,0.000403995334636,0.000443103199359,0.000338276149705,0.000219309469685,0.000202453738893,0.000285860325675,0.000460461829789,0.000257513631368,0.000147567174281,0.000203568226425,0.0000566114504181,0.000039730919525,0.0000121042367027,0.00000118766934065,2.63325503624e-8],"median":[0.000010526207916,0.000433404988144,0.000257190375123,0.000250875018537,0.00146558461711,0.000906924600713,0.000394090369809,0.00021658015612,0.000256172002992,0.000153960238094,0.00013252471399,0.000115534749057,0.000084939521912,0.0000798421533545,0.0000572847638978,0.000059804693592,0.0000681909732521,0.0000601130450377,0.0000774604050093,0.0000759679460316,0.0000457385867776,0.0000394137459807,0.0000149194938786,0.00000811548579804,0.00000243658882937,2.43243107434e-7,9.39518240983e-9],"min":[3.02172011105e-25,1.63491560658e-24,5.9246288951e-25,6.53850467432e-25,7.57887070638e-24,8.25489058114e-24,1.48076859638e-23,4.96341341918e-24,1.3793316547e-23,9.84195802673e-24,1.68338452221e-23,2.00813946646e-23,3.16735889154e-23,3.91713615653e-23,3.71007531504e-23,4.21573547083e-23,8.66364532784e-23,1.01014307868e-22,1.19657678522e-22,1.59496012516e-22,2.93487205333e-22,3.15257671103e-22,3.72569135308e-22,5.19481743535e-22,9.4474577757e-22,1.34555709254e-21,1.85077946208e-21],"var":[5.32079491578e-10,9.19105787034e-7,0.00000175979494088,0.00000182634539669,0.0000186376255442,0.0000144161886055,0.0000265615526587,0.0000067895734901,0.0000137768183777,0.00000430739873991,0.00000425346388511,0.00000184639509371,0.00000183671238574,0.00000224060113396,0.00000138166308261,3.85219010468e-7,2.61551690528e-7,4.6514341534e-7,0.00000129812428895,2.98082085237e-7,9.24843632788e-8,2.45164756052e-7,4.24149781963e-8,3.66518868589e-8,1.52944024112e-9,6.81499258068e-12,4.96145017228e-15]},"barkbands_crest":{"dmean":2.33050584793,"dmean2":3.73009371758,"dvar":4.90062427521,"dvar2":12.1379127502,"max":26.9556026459,"mean":10.8257102966,"median":9.57852172852,"min":2.71402812004,"var":26.9661045074},"barkbands_flatness_db":{"dmean":0.0183206163347,"dmean2":0.0268079303205,"dvar":0.000333832751494,"dvar2":0.000642477185465,"max":0.57406270504,"mean":0.164987325668,"median":0.147176489234,"min":0.0394497998059,"var":0.00565462792292},"barkbands_kurtosis":{"dmean":12.7984199524,"dmean2":19.9074363708,"dvar":13568.9482422,"dvar2":34234.2148438,"max":5174.55664062,"mean":27.1367530823,"median":2.53628826141,"min":-1.88697683811,"var":40088.9414062},"barkbands_skewness":{"dmean":0.600233674049,"dmean2":0.932617068291,"dvar":1.76134490967,"dvar2":4.94685029984,"max":50.1096382141,"mean":2.03033733368,"median":1.50786876678,"min":-5.99438381195,"var":8.58406162262},"barkbands_spread":{"dmean":3.96968436241,"dmean2":5.87622785568,"dvar":26.5067462921,"dvar2":50.8665390015,"max":120.640289307,"mean":17.6665554047,"median":15.2210798264,"min":0.0319345593452,"var":197.63583374},"dissonance":{"dmean":0.0207458008081,"dmean2":0.0340222418308,"dvar":0.000409384083468,"dvar2":0.00105139170773,"max":0.500000119209,"mean":0.446372896433,"median":0.458182573318,"min":0.139217972755,"var":0.00215111160651},"dynamic_complexity":4.07820367813,"erbbands":{"dmean":[0.00516571477056,0.11280695349,0.434298217297,0.913862109184,3.13562297821,5.57337427139,6.27690696716,8.87192153931,10.4357662201,13.3580284119,9.82336711884,15.2574119568,13.4628562927,12.5760707855,12.7514772415,9.3797826767,9.60885810852,10.0681467056,10.9974212646,7.28953170776,5.27602148056,5.97551012039,6.85146093369,10.889330864,9.72995471954,5.16068649292,2.81391429901,2.94164681435,3.57776069641,1.61073029041,0.823120892048,0.528764367104,0.407471120358,0.119098179042,0.0335360169411,0.00602710014209,0.000672978523653,0.0000572617755097,0.00000541327153769,0.00000482478253616],"dmean2":[0.00865470711142,0.181772843003,0.681113541126,1.44860124588,5.04208803177,8.74282836914,10.1095304489,13.7599868774,15.5261278152,19.802438736,15.0367822647,23.0538349152,20.3441905975,18.3895988464,19.1610069275,14.5909147263,14.3166666031,15.5624523163,16.9515953064,11.1151714325,7.95982313156,9.08746528625,9.94994354248,15.9447202682,14.2658395767,7.53183460236,4.06943559647,4.19410610199,5.08136463165,2.26856851578,1.19042515755,0.720255672932,0.589964091778,0.175550639629,0.0491016954184,0.00864441599697,0.000939567922615,0.000078411976574,0.00000776054457674,0.00000698013809597],"dvar":[0.000106563951704,0.0544109195471,0.994422316551,4.48872756958,33.2125473022,133.160171509,199.268280029,383.165374756,712.568786621,1552.92553711,1288.78967285,2181.78735352,1138.11499023,1262.50610352,1362.04980469,1240.38879395,1193.00170898,1294.640625,1892.43457031,654.954162598,277.112731934,301.227325439,361.513885498,1066.90991211,984.969970703,156.676849365,83.610206604,69.1937866211,109.721801758,22.0968894958,18.1012992859,8.10419654846,6.03003501892,0.268601715565,0.0168173704296,0.000298008642858,0.00000315771922033,2.02561700746e-8,1.67777403082e-10,3.84551765431e-11],"dvar2":[0.000287321367068,0.135700300336,2.27311372757,12.0810213089,83.4763793945,319.029724121,503.401763916,859.044372559,1329.15637207,3287.43212891,3151.56738281,4626.38574219,2523.47265625,2650.76831055,2755.87988281,2910.97680664,2361.69604492,2832.69799805,4407.7109375,1543.13684082,607.113342285,645.38269043,654.790161133,2073.52124023,2190.3347168,322.792297363,166.35786438,135.333786011,221.297866821,43.6697120667,40.9407463074,15.0466833115,12.1471633911,0.613772213459,0.036044228822,0.000630295486189,0.00000604836259299,3.80119722365e-8,3.77367748161e-10,7.460802115e-11],"max":[0.216362267733,3.90040826797,19.3907775879,83.6979217529,138.428634644,393.051330566,375.31137085,682.744995117,921.260925293,1088.89074707,1216.38513184,1559.84216309,947.194885254,1001.82269287,966.873535156,1295.00622559,1618.47644043,1195.03955078,1455.91687012,681.733825684,563.946594238,852.265869141,632.648498535,1071.97241211,947.30480957,392.039794922,443.15725708,384.780822754,272.974456787,182.867263794,217.335678101,176.28894043,164.520629883,23.0915126801,6.44326210022,0.551520884037,0.0615165755153,0.00533854402602,0.000373142102035,0.000118639145512],"mean":[0.0107541158795,0.186909407377,0.703227758408,1.66275513172,5.45195865631,11.3178939819,12.709192276,19.0670166016,23.6838150024,30.6805896759,19.2523803711,32.4120826721,28.9065723419,27.5694599152,25.3328075409,18.1691493988,19.1851902008,20.080078125,23.4640979767,13.8589868546,10.9720144272,12.1869812012,14.7748098373,22.4543247223,20.5675678253,11.6482934952,6.16512537003,6.60106992722,8.20408821106,3.46906614304,1.47803544998,0.900674045086,0.626641869545,0.202838242054,0.0550514869392,0.0108533175662,0.00125518417917,0.000110164401121,0.0000157337999553,0.0000206190761673],"median":[0.00647362135351,0.110018566251,0.329720616341,0.779071509838,2.42081832886,4.63104009628,5.41560125351,8.52027606964,7.61411142349,6.22233772278,6.03533840179,6.17099237442,6.38516902924,5.1049618721,5.92724275589,5.25174283981,4.7030878067,3.79566049576,4.61444234848,3.39318156242,3.68735933304,4.01053380966,3.68377566338,4.334628582,4.22785377502,3.55543351173,2.0756893158,1.71108555794,1.44519221783,0.912907063961,0.381957858801,0.197298914194,0.115532018244,0.0404445193708,0.0110702775419,0.00210251449607,0.000309864059091,0.0000366551685147,0.00000988337160379,0.0000160269646585],"min":[6.63588341968e-23,4.9779602036e-22,2.17788032089e-21,6.95474637444e-21,1.06139486429e-20,2.33008700621e-20,4.52122091732e-20,5.8258123747e-20,1.10449459312e-19,1.73787686942e-19,2.66986010236e-19,3.74053657936e-19,3.65084254211e-19,6.8876739498e-19,1.29480959427e-18,1.10735733598e-18,1.67547800877e-18,2.43976900993e-18,2.10505409737e-18,3.51922047736e-18,3.1067005428e-18,5.36607697077e-18,5.75273758502e-18,7.01566619092e-18,6.89429770195e-18,9.01707517793e-18,7.5982470148e-18,1.00219217783e-17,1.08939959643e-17,1.31750416292e-17,1.22514084485e-17,1.12734625888e-17,9.59028818137e-18,8.67587889168e-18,5.71706542111e-18,3.98503441802e-18,2.5366430266e-18,9.47110737833e-19,2.43514139969e-19,2.67185299371e-20],"var":[0.000187391095096,0.0741917714477,1.67901754379,7.92115688324,77.8302078247,415.382080078,541.91192627,1178.40612793,2937.48242188,6871.76953125,2309.92578125,8439.31640625,3497.4934082,4834.17431641,4411.31640625,3454.00683594,3610.58935547,3569.76635742,6808.703125,1293.93444824,696.365356445,933.522399902,1176.81018066,3299.50268555,2674.90942383,569.958068848,161.996139526,202.626174927,455.856323242,61.9724617004,34.1523971558,16.9544353485,9.92829036713,0.516274690628,0.0294570364058,0.000623523781542,0.00000745648503653,4.49065069574e-8,3.66071256641e-10,2.85251988696e-10]},"erbbands_crest":{"dmean":2.53772306442,"dmean2":3.98796653748,"dvar":5.76023244858,"dvar2":13.6341590881,"max":32.8402786255,"mean":10.3997974396,"median":8.8829574585,"min":2.37616705894,"var":30.6585502625},"erbbands_flatness_db":{"dmean":0.0154038481414,"dmean2":0.0221287701279,"dvar":0.000243904447416,"dvar2":0.000457971618744,"max":0.486187458038,"mean":0.196225404739,"median":0.189749971032,"min":0.0341621823609,"var":0.00306487665512},"erbbands_kurtosis":{"dmean":1.90477871895,"dmean2":2.99627780914,"dvar":62.1743202209,"dvar2":152.306289673,"max":400.772796631,"mean":5.4879450798,"median":0.201871871948,"min":-1.83809375763,"var":1089.29650879},"erbbands_skewness":{"dmean":0.374677032232,"dmean2":0.558927297592,"dvar":0.177663877606,"dvar2":0.357854455709,"max":14.9729099274,"mean":0.964368522167,"median":0.674760878086,"min":-4.02891016006,"var":2.94348192215},"erbbands_spread":{"dmean":6.32755947113,"dmean2":9.46770858765,"dvar":51.1294250488,"dvar2":108.366424561,"max":113.010368347,"mean":33.5498390198,"median":30.9777870178,"min":0.452228933573,"var":277.691986084},"gfcc":{"cov":[[23704.3066406,1530.21777344,-3552.01391602,872.286865234,-1433.12329102,612.35559082,-112.231147766,434.594390869,-375.764556885,-179.905792236,-209.157302856,-362.953521729,-157.929580688],[1530.21777344,1363.99658203,153.046630859,-41.3605957031,87.039680481,-26.1568622589,70.4598846436,-167.264694214,-5.80784130096,-107.796646118,39.0144538879,-66.4421234131,-12.7749319077],[-3552.01391602,153.046630859,1291.01318359,20.5089454651,175.673706055,-144.78302002,-155.772796631,-175.184539795,-5.70798969269,-8.69978809357,67.8805465698,41.2040977478,17.4086608887],[872.286865234,-41.3605957031,20.5089454651,440.004089355,55.5135002136,-1.73709273338,-55.7554359436,23.2070865631,32.7593841553,0.133883833885,-19.1828613281,-35.2156257629,-1.66671597958],[-1433.12329102,87.039680481,175.673706055,55.5135002136,382.829772949,102.28276062,111.023162842,-5.04881858826,50.1566810608,27.7561969757,-0.565438508987,20.5599880219,6.09412527084],[612.35559082,-26.1568622589,-144.78302002,-1.73709273338,102.28276062,411.961669922,175.77406311,67.9392929077,-34.3464584351,-4.22223091125,-40.0458221436,-11.5467348099,-38.2983436584],[-112.231147766,70.4598846436,-155.772796631,-55.7554359436,111.023162842,175.77406311,287.482177734,107.787132263,38.7630805969,9.41268730164,-16.8935413361,-14.4630632401,-40.3596687317],[434.594390869,-167.264694214,-175.184539795,23.2070865631,-5.04881858826,67.9392929077,107.787132263,221.404190063,80.5652236938,61.5888023376,-4.43968105316,-13.6843423843,-22.6607398987],[-375.764556885,-5.80784130096,-5.70798969269,32.7593841553,50.1566810608,-34.3464584351,38.7630805969,80.5652236938,179.061935425,69.7115249634,12.6541004181,-7.45721673965,-0.608956336975],[-179.905792236,-107.796646118,-8.69978809357,0.133883833885,27.7561969757,-4.22223091125,9.41268730164,61.5888023376,69.7115249634,129.585067749,31.6914138794,9.06944084167,-3.11875391006],[-209.157302856,39.0144538879,67.8805465698,-19.1828613281,-0.565438508987,-40.0458221436,-16.8935413361,-4.43968105316,12.6541004181,31.6914138794,100.166923523,37.6487922668,14.6585617065],[-362.953521729,-66.4421234131,41.2040977478,-35.2156257629,20.5599880219,-11.5467348099,-14.4630632401,-13.6843423843,-7.45721673965,9.06944084167,37.6487922668,93.4441452026,33.8568687439],[-157.929580688,-12.7749319077,17.4086608887,-1.66671597958,6.09412527084,-38.2983436584,-40.3596687317,-22.6607398987,-0.608956336975,-3.11875391006,14.6585617065,33.8568687439,78.1533432007]],"icov":[[0.000503223738633,-0.00116559502203,0.00118027883582,-0.00124161294661,0.00158117408864,-0.000977201969363,0.00126300589181,-0.00130093167536,0.00120996299665,-0.000757387198973,0.000451559753856,-0.000445866346126,0.000297511200188],[-0.00116559502203,0.00376539910212,-0.00274201459251,0.00295159802772,-0.00381593732163,0.00234568258747,-0.00352969346568,0.00403347285464,-0.00327993463725,0.00267260964029,-0.00214853230864,0.00226918980479,-0.00077137502376],[0.00118027883582,-0.00274201459251,0.00382926501334,-0.0028382812161,0.00298672472127,-0.00210330076516,0.00358178862371,-0.00257067685015,0.00271656527184,-0.00159624812659,0.000464355223812,-0.00111978733912,0.00121955806389],[-0.00124161294661,0.00295159802772,-0.0028382812161,0.00579463178292,-0.00475849723443,0.00218887720257,-0.00171722087543,0.00246747140773,-0.00345927593298,0.00254731834866,-0.00118382181972,0.00233673350886,-0.000713957822882],[0.00158117408864,-0.00381593732163,0.00298672472127,-0.00475849723443,0.00921992585063,-0.00381170562468,0.00178567657713,-0.00276661943644,0.00282941479236,-0.00360028096475,0.0023496884387,-0.00265488610603,-0.0000744198696339],[-0.000977201969363,0.00234568258747,-0.00210330076516,0.00218887720257,-0.00381170562468,0.00577187445015,-0.00439683487639,0.00206086342223,-0.000649617053568,0.00110401888378,0.0000203536965273,0.000571004173253,0.000164365119417],[0.00126300589181,-0.00352969346568,0.00358178862371,-0.00171722087543,0.00178567657713,-0.00439683487639,0.0110299307853,-0.0065577365458,0.00223927549087,-0.000430708576459,0.000972359150182,-0.00128376635257,0.00301557150669],[-0.00130093167536,0.00403347285464,-0.00257067685015,0.00246747140773,-0.00276661943644,0.00206086342223,-0.0065577365458,0.0125288944691,-0.00600312044844,0.0000651755472063,-0.00174128788058,0.00193244148977,-0.000427159218816],[0.00120996299665,-0.00327993463725,0.00271656527184,-0.00345927593298,0.00282941479236,-0.000649617053568,0.00223927549087,-0.00600312044844,0.0121150035411,-0.00568619277328,0.00162884581368,-0.000458913418697,-0.000132376793772],[-0.000757387198973,0.00267260964029,-0.00159624812659,0.00254731834866,-0.00360028096475,0.00110401888378,-0.000430708576459,0.0000651755472063,-0.00568619277328,0.0137844206765,-0.00499683013186,0.00144274323247,0.000752446881961],[0.000451559753856,-0.00214853230864,0.000464355223812,-0.00118382181972,0.0023496884387,0.0000203536965273,0.000972359150182,-0.00174128788058,0.00162884581368,-0.00499683013186,0.0151614267379,-0.00656222552061,0.0000690378292347],[-0.000445866346126,0.00226918980479,-0.00111978733912,0.00233673350886,-0.00265488610603,0.000571004173253,-0.00128376635257,0.00193244148977,-0.000458913418697,0.00144274323247,-0.00656222552061,0.0173690915108,-0.00608626985922],[0.000297511200188,-0.00077137502376,0.00121955806389,-0.000713957822882,-0.0000744198696339,0.000164365119417,0.00301557150669,-0.000427159218816,-0.000132376793772,0.000752446881961,0.0000690378292347,-0.00608626985922,0.0171560551971]],"mean":[-73.4886169434,108.876190186,-134.042770386,38.7919960022,-75.995765686,0.231955185533,-37.457649231,-4.19572162628,-21.5873603821,-5.1401424408,-9.14221858978,-4.99387550354,-4.55807161331]},"hfc":{"dmean":3.68899345398,"dmean2":4.86974668503,"dvar":41.6965293884,"dvar2":67.6440734863,"max":156.100067139,"mean":14.954120636,"median":8.34587001801,"min":1.08151727657e-16,"var":313.158569336},"melbands":{"dmean":[0.0000775278676883,0.000199883957976,0.000207881748793,0.000313743570587,0.000222921313252,0.00019598758081,0.000161193791428,0.000136141577968,0.000090383393399,0.0000958496893873,0.0000694449117873,0.0000536294755875,0.0000472020146844,0.000026005314794,0.0000290827301797,0.0000203896488529,0.0000213441981032,0.0000209674199141,0.000012503560356,0.0000105301769509,0.00000578663730266,0.0000069900283961,0.00000592929382037,0.00000696735924066,0.00000994923811959,0.00000938692392083,0.00000594499988438,0.00000323620497511,0.00000191661206372,0.00000169171016751,0.00000188486478692,0.00000236121195485,0.00000149625088852,7.59817737617e-7,5.08315565639e-7,4.04613984983e-7,3.20010002497e-7,3.35866133128e-7,1.82738403964e-7,7.9788698315e-8],"dmean2":[0.000127693478134,0.000312920659781,0.000331882969476,0.000497892906424,0.000357408222044,0.000304621324176,0.000240763372858,0.000202270312002,0.000138494244311,0.000144315592479,0.000105450431874,0.0000793638682808,0.0000700276868884,0.0000402000914619,0.0000446838566859,0.0000306581932819,0.0000332425479428,0.0000325902292388,0.0000193293872144,0.0000164088414749,0.00000885675308382,0.0000108141730379,0.00000905277829588,0.00000996913786366,0.0000148367380461,0.0000141254613482,0.00000878206265043,0.00000485482314616,0.00000283306439997,0.00000251296592069,0.00000274630701824,0.00000342230873684,0.0000021467174065,0.00000109885263555,7.5648767961e-7,5.86808369007e-7,4.43153282959e-7,4.92840968036e-7,2.72584600225e-7,1.21767868677e-7],"dvar":[2.38849349188e-8,1.85604974945e-7,1.80562778951e-7,3.10733923925e-7,2.04268530979e-7,1.66660598211e-7,1.70372643993e-7,1.57150239488e-7,1.0380473725e-7,8.08107927242e-8,2.978889313e-8,2.22523777182e-8,1.92557152445e-8,7.14007564184e-9,1.55895065745e-8,5.08905451113e-9,6.52007381419e-9,7.74006458926e-9,2.21140283863e-9,1.44758660614e-9,3.02934233254e-10,4.42358594199e-10,3.61141644367e-10,3.73008457455e-10,1.02698305415e-9,1.08679465427e-9,2.53152748764e-10,6.38545952225e-11,4.49570380923e-11,3.29583617342e-11,2.85596754579e-11,5.53400589243e-11,1.56499899845e-11,6.43938981998e-12,6.6912057492e-12,5.42141678772e-12,3.42918640532e-12,5.22034845907e-12,8.01776342801e-13,1.02809023773e-13],"dvar2":[6.35472545696e-8,4.11579776483e-7,4.83540532059e-7,7.72128544213e-7,5.1872387985e-7,3.78604710249e-7,3.18106117447e-7,3.28263894289e-7,2.52954066582e-7,1.64470108643e-7,6.68429649409e-8,4.65608600564e-8,3.76241509059e-8,1.63499453976e-8,3.36983063676e-8,1.00272332659e-8,1.43138834119e-8,1.78250338934e-8,5.18237808222e-9,3.35710237387e-9,6.72624567155e-10,9.61306034775e-10,8.36588243125e-10,6.9498007349e-10,2.00843919274e-9,2.55107268643e-9,5.38081135204e-10,1.3641150709e-10,9.24632662103e-11,6.62548557684e-11,5.82677586736e-11,1.17667472987e-10,3.13093891091e-11,1.29567103574e-11,1.53947393028e-11,1.20707714657e-11,6.20820192129e-12,1.08361375428e-11,1.90774674703e-12,2.35054190738e-13],"max":[0.00285523477942,0.00791247282177,0.0135683845729,0.0161061715335,0.0109109077603,0.0132359545678,0.015294036828,0.0108789801598,0.00956425536424,0.00979659706354,0.00456621451303,0.00453971093521,0.00406387774274,0.00312683102675,0.00663085235283,0.00308931199834,0.00258218380623,0.00312219723128,0.0012653634185,0.00103627308272,0.000595819903538,0.000912257004529,0.000837136700284,0.000492836814374,0.00112504081335,0.000859257474076,0.000475815613754,0.000230700010434,0.0003784475266,0.000337978301104,0.000177390305907,0.000220438261749,0.000120447562949,0.000111277673568,0.000146882099216,0.000155087793246,0.000113626905659,0.00015938578872,0.0000375473537133,0.0000122385181385],"mean":[0.000144506979268,0.000338105979608,0.000376120209694,0.000627404486295,0.00047414805158,0.000424830330303,0.000378761527827,0.000306837522658,0.000168353217305,0.000203578660148,0.000142624310683,0.000111883418867,0.0000921841783565,0.0000457509377156,0.0000527135998709,0.0000374384217139,0.000038142552512,0.0000410318061768,0.0000217549204535,0.0000181315863301,0.0000111169492811,0.0000131423421408,0.0000113214709927,0.0000138753648571,0.0000186825727724,0.0000173410535353,0.0000117511690405,0.00000667900940243,0.00000380861615668,0.00000344140153175,0.00000393553500544,0.00000510234804096,0.00000318324077853,0.00000143400404795,8.54177812926e-7,6.48774687306e-7,5.1046055205e-7,4.8930360208e-7,2.85669301547e-7,1.31398465442e-7],"median":[0.0000996644012048,0.000174748551217,0.000187128927791,0.000290955620585,0.000216585336602,0.000193098152522,0.00010659507825,0.0000601313513471,0.0000392501424358,0.000034662134567,0.0000293866287393,0.0000193644336832,0.0000184669152077,0.0000128966457851,0.0000120168697322,0.00000695644712323,0.00000623736923444,0.00000691497507432,0.00000399753389502,0.00000427527083957,0.00000363369758816,0.00000399196005674,0.0000031114743706,0.00000275355296253,0.00000320838830703,0.0000027579098969,0.00000276610717265,0.00000195258257918,0.00000123823713238,0.00000104296168502,8.53156166158e-7,7.74874251874e-7,6.75126671013e-7,3.7832273847e-7,2.1197838862e-7,1.40019125183e-7,9.98388927087e-8,8.47412309213e-8,4.89507563373e-8,2.57024730388e-8],"min":[7.712934659e-25,9.66418703844e-25,1.35900884257e-24,8.74160237687e-25,1.26061550376e-24,1.34952979133e-24,2.15883836564e-24,1.45557419345e-24,2.1105206352e-24,1.92162808866e-24,1.64792589506e-24,2.33303896947e-24,3.14452913861e-24,2.69980328127e-24,2.76545110251e-24,4.4599434568e-24,3.81838575955e-24,2.2469275047e-24,2.93894113988e-24,3.73228671934e-24,3.09176736026e-24,4.99531810963e-24,4.75060911809e-24,4.37673795839e-24,4.06268809329e-24,3.91013304384e-24,4.31749726543e-24,5.0956253236e-24,4.92714080589e-24,4.17740148511e-24,5.28949814625e-24,5.75010456248e-24,4.72968142714e-24,6.31829030693e-24,5.95880402584e-24,5.61562389409e-24,5.90410796055e-24,5.68105714517e-24,5.96122582882e-24,6.84066098217e-24],"var":[3.37259571381e-8,3.17618940926e-7,3.33073330694e-7,9.51315655584e-7,6.07414165188e-7,5.55020051252e-7,7.97913003225e-7,6.89494584094e-7,2.22906152203e-7,3.36099532205e-7,9.18091203062e-8,8.22985910531e-8,6.50639293553e-8,1.41455034353e-8,4.75598618266e-8,1.5621711924e-8,1.64814775161e-8,2.38296316013e-8,4.30750013436e-9,3.00595348612e-9,7.22631954275e-10,1.31547106541e-9,8.02778621356e-10,1.13083009623e-9,2.8728717183e-9,2.44329600996e-9,8.08657141249e-10,1.90745322315e-10,7.51103276797e-11,6.43051445426e-11,8.62563215298e-11,2.11700115771e-10,5.33948441017e-11,1.60250389347e-11,1.21998409638e-11,9.50794651344e-12,6.48679894522e-12,7.57353034453e-12,1.39258743426e-12,1.93778654689e-13]},"melbands_crest":{"dmean":2.92492675781,"dmean2":4.67064905167,"dvar":7.42122840881,"dvar2":18.5360202789,"max":35.0612602234,"mean":13.4816398621,"median":12.3238611221,"min":1.00220274925,"var":34.8457221985},"melbands_flatness_db":{"dmean":0.0215431042016,"dmean2":0.0307731591165,"dvar":0.000503661460243,"dvar2":0.00091771024745,"max":0.680066764355,"mean":0.211241438985,"median":0.193342193961,"min":-1.29429722051e-7,"var":0.00887259934098},"melbands_kurtosis":{"dmean":7.40344715118,"dmean2":11.4877252579,"dvar":404.519989014,"dvar2":1038.43579102,"max":851.048217773,"mean":20.9153385162,"median":8.06063365936,"min":-1.8649481535,"var":2917.92993164},"melbands_skewness":{"dmean":0.609977960587,"dmean2":0.934865117073,"dvar":0.578952968121,"dvar2":1.35855960846,"max":18.5940952301,"mean":2.62053418159,"median":2.20912623405,"min":-2.82077717781,"var":4.8995423317},"melbands_spread":{"dmean":5.54853057861,"dmean2":8.32026386261,"dvar":88.3632507324,"dvar2":189.565979004,"max":251.88973999,"mean":22.5800170898,"median":17.0697078705,"min":0.181720137596,"var":518.134338379},"mfcc":{"cov":[[13068.5703125,99.6212539673,-1329.05297852,-151.296936035,-701.386108398,28.6055088043,285.233428955,413.913238525,207.655212402,212.822189331,318.330352783,-141.859008789,-242.856674194],[99.6212539673,1509.86450195,216.289260864,23.6349201202,13.6773748398,116.409362793,63.0325050354,9.86810970306,-55.7342224121,-36.3702888489,-44.9054450989,5.87799835205,-17.3656749725],[-1329.05297852,216.289260864,798.709716797,130.560287476,170.790145874,-6.88347864151,-70.7721939087,-103.632377625,-119.766189575,-70.5712509155,-110.810440063,26.3765869141,41.6139183044],[-151.296936035,23.6349201202,130.560287476,425.883422852,136.751296997,-39.9715156555,-89.5592956543,-55.7404937744,-5.94685268402,25.637556076,-57.344707489,43.0838470459,67.1268234253],[-701.386108398,13.6773748398,170.790145874,136.751296997,267.370635986,74.5186843872,-14.8288173676,-34.495174408,-4.57237672806,-1.40461826324,-53.5917472839,33.5971107483,23.7280731201],[28.6055088043,116.409362793,-6.88347864151,-39.9715156555,74.5186843872,251.346542358,110.309692383,67.1592178345,34.6805610657,9.85663032532,18.4295272827,-19.0799369812,-58.1601028442],[285.233428955,63.0325050354,-70.7721939087,-89.5592956543,-14.8288173676,110.309692383,214.951965332,99.5771331787,35.7824020386,2.32019972801,53.2162094116,-9.56194019318,-46.3126220703],[413.913238525,9.86810970306,-103.632377625,-55.7404937744,-34.495174408,67.1592178345,99.5771331787,170.556335449,72.6268081665,32.7817268372,54.1149139404,-7.06354522705,-28.3475170135],[207.655212402,-55.7342224121,-119.766189575,-5.94685268402,-4.57237672806,34.6805610657,35.7824020386,72.6268081665,147.270553589,93.3795013428,51.4521942139,4.40139007568,1.9162042141],[212.822189331,-36.3702888489,-70.5712509155,25.637556076,-1.40461826324,9.85663032532,2.32019972801,32.7817268372,93.3795013428,164.553070068,60.5172233582,19.3962936401,25.1271781921],[318.330352783,-44.9054450989,-110.810440063,-57.344707489,-53.5917472839,18.4295272827,53.2162094116,54.1149139404,51.4521942139,60.5172233582,147.629898071,20.5748786926,-7.91706180573],[-141.859008789,5.87799835205,26.3765869141,43.0838470459,33.5971107483,-19.0799369812,-9.56194019318,-7.06354522705,4.40139007568,19.3962936401,20.5748786926,121.197601318,61.2083320618],[-242.856674194,-17.3656749725,41.6139183044,67.1268234253,23.7280731201,-58.1601028442,-46.3126220703,-28.3475170135,1.9162042141,25.1271781921,-7.91706180573,61.2083320618,128.596939087]],"icov":[[0.000110148335807,-0.0000213417242776,0.000131765016704,-0.000120893702842,0.000229092576774,-0.0000027098501505,-0.000040513357817,-0.000145103957038,0.000108467094833,-0.000117145900731,-0.0000242040296143,0.0000120524819067,0.000149574421812],[-0.0000213417242776,0.000752732797991,-0.000235327126575,-0.0000859118226799,0.000292421114864,-0.000444831384812,-0.000167812569998,-0.0000131053884616,0.000237293847022,-0.0000642253071419,0.00025800691219,-0.000172183266841,-0.0000292694785458],[0.000131765016704,-0.000235327126575,0.0019489985425,-0.000198914916837,-0.000705179059878,0.000102006662928,0.0000434112043877,-0.000028678759918,0.0012528533116,-0.000209715726669,0.000404809747124,-0.0000214391202462,-0.0000668038192089],[-0.000120893702842,-0.0000859118226799,-0.000198914916837,0.00346249621361,-0.00182475964539,0.000557126186322,0.000799090077635,0.0000742094343877,-0.00016087689437,-0.000559486274142,0.000663205282763,-0.000273409707006,-0.000807454518508],[0.000229092576774,0.000292421114864,-0.000705179059878,-0.00182475964539,0.00709831761196,-0.00284485775046,-0.000137918541441,0.000835012993775,-0.000749013444874,-0.000168612474226,0.0015872764634,-0.00157966965344,0.0000845620888867],[-0.0000027098501505,-0.000444831384812,0.000102006662928,0.000557126186322,-0.00284485775046,0.00702989054844,-0.00234558293596,-0.00100095686503,-0.000469161575893,-0.00040179330972,-0.000165060730069,0.000507001299411,0.00208392948844],[-0.000040513357817,-0.000167812569998,0.0000434112043877,0.000799090077635,-0.000137918541441,-0.00234558293596,0.00823934189975,-0.00316706160083,0.0000364880506822,0.00107046740595,-0.00155018432997,-0.000406760635087,0.000591902644373],[-0.000145103957038,-0.0000131053884616,-0.000028678759918,0.0000742094343877,0.000835012993775,-0.00100095686503,-0.00316706160083,0.0105735277757,-0.00427280878648,0.000886031368282,-0.000832314020954,-0.000153620785568,0.000190609178389],[0.000108467094833,0.000237293847022,0.0012528533116,-0.00016087689437,-0.000749013444874,-0.000469161575893,0.0000364880506822,-0.00427280878648,0.0142181897536,-0.00664648134261,-0.000259819324128,0.000509955279995,-0.000259181193542],[-0.000117145900731,-0.0000642253071419,-0.000209715726669,-0.000559486274142,-0.000168612474226,-0.00040179330972,0.00107046740595,0.000886031368282,-0.00664648134261,0.0112848235294,-0.00328982877545,0.000140715419548,-0.00181524071377],[-0.0000242040296143,0.00025800691219,0.000404809747124,0.000663205282763,0.0015872764634,-0.000165060730069,-0.00155018432997,-0.000832314020954,-0.000259819324128,-0.00328982877545,0.0108189517632,-0.00284156040289,0.00106791907456],[0.0000120524819067,-0.000172183266841,-0.0000214391202462,-0.000273409707006,-0.00157966965344,0.000507001299411,-0.000406760635087,-0.000153620785568,0.000509955279995,0.000140715419548,-0.00284156040289,0.0120483068749,-0.00545508647338],[0.000149574421812,-0.0000292694785458,-0.0000668038192089,-0.000807454518508,0.0000845620888867,0.00208392948844,0.000591902644373,0.000190609178389,-0.000259181193542,-0.00181524071377,0.00106791907456,-0.00545508647338,0.0127006880939]],"mean":[-696.23626709,122.916229248,-3.65039467812,28.4439792633,-13.0446796417,1.31810462475,-8.29214668274,-2.49975085258,-8.73581886292,-4.02849912643,-4.3279094696,-5.65961694717,-2.5235888958]},"pitch_salience":{"dmean":0.0614795535803,"dmean2":0.0993000045419,"dvar":0.00329989218153,"dvar2":0.00818167068064,"max":0.996074140072,"mean":0.56015431881,"median":0.58653819561,"min":0.0336937792599,"var":0.0198975801468},"silence_rate_20dB":{"dmean":0,"dmean2":0,"dvar":0,"dvar2":0,"max":1,"mean":1,"median":1,"min":1,"var":0},"silence_rate_30dB":{"dmean":0,"dmean2":0,"dvar":0,"dvar2":0,"max":1,"mean":1,"median":1,"min":1,"var":0},"silence_rate_60dB":{"dmean":0.0328674949706,"dmean2":0.0657434985042,"dvar":0.0317896194756,"dvar2":0.0686746537685,"max":1,"mean":0.12058480829,"median":0,"min":0,"var":0.106035113335},"spectral_centroid":{"dmean":209.974136353,"dmean2":305.111541748,"dvar":77816.7421875,"dvar2":133266.375,"max":11718.7285156,"mean":1335.21081543,"median":1096.8704834,"min":180.682861328,"var":1452571.375},"spectral_complexity":{"dmean":2.4280538559,"dmean2":3.56179618835,"dvar":8.25168037415,"dvar2":15.1106309891,"max":49,"mean":14.2471208572,"median":13,"min":0,"var":76.6319198608},"spectral_contrast_coeffs":{"dmean":[0.0493166819215,0.0442388989031,0.0361742004752,0.028830640018,0.0226860195398,0.0169377885759],"dmean2":[0.0797185003757,0.0705516785383,0.057472512126,0.0457914993167,0.0338309369981,0.0256688147783],"dvar":[0.00185423705261,0.0014357714681,0.000959531695116,0.000603172753472,0.000443460099632,0.000254613405559],"dvar2":[0.00462113926187,0.0034340233542,0.00218986184336,0.00137170683593,0.000832244637422,0.000515901017934],"max":[-0.23543548584,-0.293590754271,-0.435188561678,-0.524464011192,-0.585253953934,-0.523477315903],"mean":[-0.608565032482,-0.68008005619,-0.741936922073,-0.763824045658,-0.780909121037,-0.734651684761],"median":[-0.615014851093,-0.685302138329,-0.749332785606,-0.764755487442,-0.786689996719,-0.731314301491],"min":[-0.975970685482,-0.997010529041,-0.998491346836,-0.988639652729,-0.989288449287,-0.963163197041],"var":[0.013458840549,0.0105607043952,0.00713483523577,0.00402057683095,0.00379040418193,0.00339186098427]},"spectral_contrast_valleys":{"dmean":[0.415420234203,0.344140827656,0.323062956333,0.262013584375,0.236974343657,0.28329128027],"dmean2":[0.665323734283,0.546582043171,0.506127119064,0.3961378932,0.334494769573,0.354579627514],"dvar":[0.173877224326,0.113322250545,0.10679936409,0.0815625339746,0.0839199051261,0.11908646673],"dvar2":[0.367067694664,0.224624842405,0.202444717288,0.13649007678,0.123575992882,0.173939526081],"max":[-5.87809324265,-5.03265571594,-5.62193107605,-6.03760433197,-5.81535577774,-7.4877986908],"mean":[-8.30485057831,-7.4703669548,-8.19489097595,-8.59194564819,-8.30843830109,-11.0948543549],"median":[-7.73676776886,-6.99315929413,-7.7746963501,-8.21907520294,-7.9205327034,-10.8039541245],"min":[-27.9900627136,-28.1416282654,-27.9826087952,-27.7780323029,-27.4722919464,-27.4113731384],"var":[5.23501682281,5.37406587601,5.12602043152,4.82373905182,4.81829452515,3.71304607391]},"spectral_decrease":{"dmean":9.73833791384e-10,"dmean2":1.45359357884e-9,"dvar":1.4911180618e-18,"dvar2":3.18277303501e-18,"max":1.35144752323e-21,"mean":-4.0023859782e-9,"median":-3.25350635322e-9,"min":-1.92357045847e-8,"var":9.70467650674e-18},"spectral_energy":{"dmean":0.0039239814505,"dmean2":0.00580697786063,"dvar":0.0000242631940637,"dvar2":0.0000502264665556,"max":0.0763493478298,"mean":0.0164622683078,"median":0.0131741091609,"min":1.01701202001e-20,"var":0.000168678772752},"spectral_energyband_high":{"dmean":0.000217008899199,"dmean2":0.000291797274258,"dvar":3.40874407811e-7,"dvar2":6.45785746656e-7,"max":0.0217550862581,"mean":0.00055900902953,"median":0.000182033501915,"min":7.03234706345e-21,"var":0.00000112673421881},"spectral_energyband_low":{"dmean":0.000831455748994,"dmean2":0.00129502336495,"dvar":0.00000268483677246,"dvar2":0.00000612239955444,"max":0.0380452051759,"mean":0.00164660508744,"median":0.0010241989512,"min":1.32080559083e-23,"var":0.00000517878424944},"spectral_energyband_middle_high":{"dmean":0.00128491304349,"dmean2":0.00180274771992,"dvar":0.00000578224671699,"dvar2":0.0000104349510366,"max":0.0633098557591,"mean":0.00444414652884,"median":0.00158751010895,"min":1.21373881393e-21,"var":0.0000448925966339},"spectral_energyband_middle_low":{"dmean":0.00309035158716,"dmean2":0.00480520352721,"dvar":0.0000185811404663,"dvar2":0.0000431429543823,"max":0.0717901363969,"mean":0.0102683389559,"median":0.00777308596298,"min":1.84071225902e-22,"var":0.0000909531372599},"spectral_entropy":{"dmean":0.155192896724,"dmean2":0.217460989952,"dvar":0.0271501410753,"dvar2":0.0484202280641,"max":9.82032108307,"mean":7.25736522675,"median":7.37799263,"min":3.00706362724,"var":0.535781741142},"spectral_flux":{"dmean":0.0167578011751,"dmean2":0.0267474390566,"dvar":0.000348118861439,"dvar2":0.00080286670709,"max":0.276605993509,"mean":0.0588501319289,"median":0.0533702522516,"min":6.45945796851e-11,"var":0.00136891030706},"spectral_kurtosis":{"dmean":1.84657418728,"dmean2":3.16915440559,"dvar":4.88015794754,"dvar2":13.5087852478,"max":47.9545593262,"mean":4.38704299927,"median":3.21169376373,"min":-1.28540933132,"var":20.6762695312},"spectral_rms":{"dmean":0.000469397404231,"dmean2":0.00068440468749,"dvar":2.74932887123e-7,"dvar2":5.30021054601e-7,"max":0.00863059516996,"mean":0.00364105170593,"median":0.00358507875353,"min":3.14993148752e-12,"var":0.00000280348285742},"spectral_rolloff":{"dmean":351.971740723,"dmean2":570.693969727,"dvar":417566.75,"dvar2":842407.1875,"max":19552.1484375,"mean":1558.39318848,"median":968.994140625,"min":21.533203125,"var":4766089.5},"spectral_skewness":{"dmean":0.232850387692,"dmean2":0.372387111187,"dvar":0.054882787168,"dvar2":0.129442244768,"max":6.05031251907,"mean":1.45133447647,"median":1.30593931675,"min":-0.168855473399,"var":0.497953623533},"spectral_spread":{"dmean":372701.5,"dmean2":557978.625,"dvar":457142665216,"dvar2":946299863040,"max":46309924,"mean":4288305,"median":3805917,"min":1826917,"var":13513339699200},"spectral_strongpeak":{"dmean":0.496105641127,"dmean2":0.81326931715,"dvar":0.779617071152,"dvar2":1.90129947662,"max":14.4292125702,"mean":1.14955890179,"median":0.667533695698,"min":0,"var":1.93309319019},"zerocrossingrate":{"dmean":0.00743567431346,"dmean2":0.00851898174733,"dvar":0.000114401991596,"dvar2":0.000154386492795,"max":0.52587890625,"mean":0.0566521212459,"median":0.046875,"min":0,"var":0.00306299282238}},"metadata":{"audio_properties":{"analysis_sample_rate":44100,"bit_rate":298206,"codec":"mp3","downmix":"mix","equal_loudness":0,"length":179.43510437,"lossless":false,"md5_encoded":"b61402ec547cfa7d5446b220d4abb5f5","replay_gain":-10.1003551483,"sample_rate":44100},"tags":{"album":["The Temptations Sing Smokey"],"albumartist":["The Temptations"],"artist":["The Temptations"],"date":["1998"],"file_name":"121103.mp3","genre":["Soul"],"musicbrainz_recordingid":["5f9758f8-2b92-4d11-95ea-da6451fe17d0"],"title":["07 Who's loving you"],"tracknumber":["7"]},"version":{"essentia":"2.1-beta2","essentia_build_sha":"70f2e5ece6736b2c40cc944ad0e695b16b925413","essentia_git_sha":"v2.1_beta2","extractor":"music 1.0"}},"rhythm":{"beats_count":435,"beats_loudness":{"dmean":0.0111223673448,"dmean2":0.0188496857882,"dvar":0.000089249740995,"dvar2":0.000219306733925,"max":0.0744293704629,"mean":0.0205967053771,"median":0.0177940446883,"min":0,"var":0.000174971297383},"beats_loudness_band_ratio":{"dmean":[0.152993097901,0.156923532486,0.148834779859,0.106782115996,0.0688584446907,0.0720926448703],"dmean2":[0.259115248919,0.267234653234,0.250982493162,0.186108201742,0.118798546493,0.126022279263],"dvar":[0.0218491144478,0.0242935400456,0.0223142765462,0.0152861773968,0.00584196811542,0.00539371371269],"dvar2":[0.0569748468697,0.060448218137,0.057578407228,0.0397832505405,0.0151817984879,0.0148022389039],"max":[0.940824687481,0.998429715633,0.987623989582,0.820522785187,0.522456765175,0.443841278553],"mean":[0.231454595923,0.285454213619,0.236062213778,0.139051631093,0.0889270231128,0.0803926736116],"median":[0.169850066304,0.206428349018,0.179382398725,0.0840246528387,0.0662877485156,0.0559774190187],"min":[0,0,0,0,0,0],"var":[0.0377467982471,0.0573044344783,0.0391587540507,0.0224001966417,0.0082011