{"lowlevel":{"average_loudness":0.961460113525,"barkbands":{"dmean":[0.013968215324,0.0225049909204,0.00415190216154,0.00448847096413,0.00426862575114,0.00164550100453,0.00102722318843,0.00117940362543,0.000973539892584,0.000484303251142,0.000288785173325,0.000270606047707,0.00016641698312,0.000239804110606,0.000238244552747,0.000172244646819,0.000196619439521,0.000199485351914,0.000330083596054,0.000212700222619,0.000250574870734,0.000343069405062,0.000205605523661,0.0000338948666467,0.00000365601340491,0.0000576188722334,0.000158569848281],"dmean2":[0.0228791143745,0.0377018637955,0.00711254077032,0.00737184239551,0.00693836156279,0.00267787557095,0.00168743275572,0.00202466407791,0.00168114271946,0.000822556088679,0.000476604647702,0.000439903058577,0.000280838488834,0.000398989388486,0.000393060763599,0.00030024634907,0.000328456284478,0.000317573343636,0.000517033273354,0.000318683771184,0.000366647931514,0.000514857820235,0.000306290137814,0.0000508042903675,0.00000598455608269,0.0000829924538266,0.000229815617786],"dvar":[0.00046483220649,0.00197200174443,0.0000381153113267,0.0000584227673244,0.0000432335982623,0.0000110474275061,0.00000517477292306,0.0000077016211435,0.00000391327148463,8.83626739778e-7,2.98290416367e-7,2.56918355035e-7,1.20692305927e-7,2.08804536328e-7,2.64505359837e-7,3.31864953296e-7,3.11446399337e-7,2.44059123133e-7,6.52197400086e-7,2.16649141294e-7,3.00153686794e-7,4.00014755542e-7,8.969762888e-8,1.90550464296e-9,3.31487441663e-11,5.47723777444e-9,6.85291325908e-8],"dvar2":[0.00117535283789,0.00499298237264,0.00010162802937,0.000134058456752,0.000103610080259,0.0000271001026704,0.0000118253146866,0.0000201658040169,0.0000101615423773,0.00000216644389184,7.37570928777e-7,6.21320964456e-7,3.22447476719e-7,5.36469940471e-7,6.64827950914e-7,9.10207802463e-7,8.09512073374e-7,5.75837987071e-7,0.00000147073239987,4.51920101341e-7,5.88308921579e-7,8.51575634897e-7,2.09352805314e-7,4.69052308105e-9,7.85452744512e-11,1.20803047565e-8,1.34812367492e-7],"max":[0.253539502621,0.365607827902,0.0660790652037,0.15457829833,0.112680621445,0.0657494664192,0.0599577799439,0.0518889836967,0.0326794609427,0.0217267777771,0.0109421946108,0.013544715941,0.00778962019831,0.00895604584366,0.0139742735773,0.00845388323069,0.011541322805,0.0146752055734,0.0163555555046,0.0103520611301,0.010697029531,0.0126701975241,0.00577875273302,0.000643415958621,0.0000887589412741,0.00167579634581,0.00433846190572],"mean":[0.0193467326462,0.0263177175075,0.00445947982371,0.00486104004085,0.00482983514667,0.00194410106633,0.00116641551722,0.00112384208478,0.000950171553995,0.000488019024488,0.000303771696053,0.000321700121276,0.000179611699423,0.000264146452537,0.000268610601779,0.000156377544045,0.000193823914742,0.000229609606322,0.000382013298804,0.000287972856313,0.000335627817549,0.000424545083661,0.000250472978223,0.0000479561385873,0.00000365716414308,0.000077946264355,0.00021942058811],"median":[0.0079521201551,0.00812037568539,0.00225128885359,0.00189675821457,0.00194464984816,0.000666014209855,0.000247580435826,0.000198711029952,0.000189699203474,0.000144975783769,0.0000790358972154,0.000116311872262,0.000064812200435,0.0000991216365946,0.0000913509356906,0.0000327564775944,0.0000334164506057,0.0000453006687167,0.0000618666235823,0.0000721488977433,0.0000869434516062,0.00013284740271,0.000110942717583,0.00002825131196,0.0000011605770851,0.0000414806672779,0.000075358657341],"min":[2.55107929537e-23,9.56290242581e-24,5.53952327142e-23,3.28344640018e-23,2.11733927276e-23,6.86202333548e-23,3.36859509965e-23,7.77477768576e-23,5.37176348023e-23,7.17287870835e-23,6.48563634058e-23,4.70506809915e-23,1.48069772512e-22,3.93456146284e-23,1.34552962756e-22,1.72096506688e-22,9.87443132812e-23,3.17671333037e-22,3.06141266316e-22,3.74396036191e-22,4.00075364543e-22,4.45553233595e-22,6.47642029951e-22,8.6689285502e-22,1.19013740831e-21,1.96701186869e-21,2.38299627315e-21],"var":[0.000706212886143,0.00189321418293,0.0000389838169212,0.0000728230734239,0.0000569367257413,0.000014238955373,0.00000908024958335,0.00000792542505224,0.00000470962095278,9.79895958153e-7,3.89147260194e-7,3.73780920881e-7,1.19909756791e-7,2.3304954766e-7,3.04172090182e-7,2.52301219916e-7,3.15996487643e-7,3.35513902883e-7,9.75284592641e-7,4.03371615221e-7,5.85706857237e-7,7.24460221591e-7,1.38653817316e-7,3.09816061694e-9,3.94931413961e-11,1.00174428752e-8,1.51450052499e-7]},"barkbands_crest":{"dmean":3.88459420204,"dmean2":6.49284791946,"dvar":10.3345222473,"dvar2":28.2741470337,"max":25.9679203033,"mean":12.3405447006,"median":12.0084342957,"min":2.23084664345,"var":21.3393268585},"barkbands_flatness_db":{"dmean":0.0457693226635,"dmean2":0.071180164814,"dvar":0.00163678522222,"dvar2":0.0040862634778,"max":0.514378607273,"mean":0.174312487245,"median":0.168965756893,"min":0.024284362793,"var":0.00449726497754},"barkbands_kurtosis":{"dmean":19.1631641388,"dmean2":31.5146408081,"dvar":1075.8190918,"dvar2":2782.02734375,"max":517.644714355,"mean":22.8875980377,"median":11.2002477646,"min":-1.9034845829,"var":1284.26611328},"barkbands_skewness":{"dmean":1.54901051521,"dmean2":2.39995241165,"dvar":2.50133061409,"dvar2":6.20207214355,"max":20.9610099792,"mean":3.38449406624,"median":2.98373365402,"min":-2.6932156086,"var":5.70188045502},"barkbands_spread":{"dmean":10.8593406677,"dmean2":16.917509079,"dvar":179.443237305,"dvar2":384.505584717,"max":108.927650452,"mean":19.6969947815,"median":12.3237361908,"min":0.292862057686,"var":385.501647949},"dissonance":{"dmean":0.0194256715477,"dmean2":0.032727342099,"dvar":0.000451109459391,"dvar2":0.0012167613022,"max":0.500000119209,"mean":0.473141133785,"median":0.48022416234,"min":0.29124006629,"var":0.000631518079899},"dynamic_complexity":2.3581161499,"erbbands":{"dmean":[1.19816362858,3.25813961029,4.3848772049,11.3549098969,11.7566080093,16.5915660858,16.6184597015,12.1399698257,15.0716943741,15.7327327728,28.6488494873,22.2271766663,16.9812545776,13.7933759689,9.73313045502,11.1979150772,7.75490808487,9.54597091675,14.5885887146,10.3148956299,9.43566131592,10.7755441666,10.611954689,16.8352565765,13.6335468292,9.63141727448,9.99907970428,10.1317052841,11.0105419159,12.5762643814,5.03048086166,1.19058847427,0.415330499411,0.0532085299492,0.0262237340212,0.0451150499284,0.112203672528,0.150004595518,0.022939613089,0.00146813259926],"dmean2":[2.02722597122,5.48400211334,7.44133710861,18.7446403503,18.8765735626,27.4336051941,27.7661552429,19.6033248901,24.6170444489,26.1763038635,49.4295425415,38.2469520569,28.7538986206,23.272277832,15.861041069,18.1610946655,12.8671617508,15.8086986542,23.7983112335,17.393239975,16.343536377,17.776052475,16.7300491333,27.1658535004,20.6117954254,14.3723373413,14.7675476074,14.8349266052,16.3752212524,19.3673152924,7.42951726913,1.7733694315,0.613804399967,0.0838119313121,0.0425740592182,0.0670732408762,0.163027316332,0.221338406205,0.032292753458,0.00219495035708],"dvar":[6.11952400208,40.3563766479,46.0549697876,328.654785156,343.915557861,831.360656738,947.693603516,719.447387695,1219.59216309,1124.85473633,4860.90380859,2060.42285156,1116.04089355,621.298156738,325.237182617,469.397705078,235.102172852,323.769714355,810.631103516,870.525878906,967.191345215,864.224914551,732.718261719,1751.90759277,1239.19335938,459.98034668,536.335144043,467.566619873,531.597229004,438.366729736,50.0905036926,2.66017341614,0.238735094666,0.00482242787257,0.0016369180521,0.00259445840493,0.0218866374344,0.0554313063622,0.00179664266761,0.0000082169781308],"dvar2":[15.8321142197,105.431945801,122.511421204,760.758666992,802.217895508,2045.87573242,2326.37133789,1805.92529297,2836.24755859,2776.76416016,12747.5009766,5422.87060547,2735.71582031,1612.98876953,772.102783203,1151.171875,613.406494141,835.722290039,2051.55859375,2288.18579102,2689.58129883,2201.07592773,1711.75695801,4285.26953125,2711.36401367,965.069396973,1076.19311523,923.481323242,1089.48291016,1057.76623535,114.356018066,6.4405913353,0.537007629871,0.0113759161904,0.00388656090945,0.00583730544895,0.0505482591689,0.123277634382,0.0032449234277,0.0000179987346201],"max":[21.7771911621,65.3899688721,90.4387893677,377.633117676,343.768676758,480.367980957,504.226318359,752.481018066,1024.08776855,794.501464844,1389.98474121,809.914550781,780.395080566,705.07043457,542.267578125,655.02154541,369.914703369,378.90826416,698.604797363,716.475646973,606.240600586,515.423950195,833.555358887,922.764892578,904.585571289,590.543457031,499.958862305,567.722167969,596.692443848,313.232086182,149.672851562,35.2919044495,6.377784729,1.14566075802,0.62875264883,0.659458816051,2.55115532875,4.13254928589,0.734513282776,0.037392500788],"mean":[1.44924592972,3.3527469635,4.92459487915,12.8135967255,13.7487182617,17.2779140472,18.4958877563,14.4210090637,17.4482688904,16.8580131531,27.7293930054,21.7285556793,16.5883426666,14.6386270523,11.3062639236,13.4939575195,8.99262428284,10.9527454376,16.8701515198,10.6158151627,8.76062297821,11.1080064774,12.3146848679,18.4187068939,16.9825363159,13.2068033218,13.5405101776,13.2624855042,14.0716171265,14.3093624115,6.16467571259,1.62439465523,0.588486492634,0.0686223655939,0.0282514300197,0.0655711367726,0.151944875717,0.186781525612,0.0328960232437,0.0020650329534],"median":[0.313796192408,1.30219709873,2.64792776108,5.86170959473,6.35183286667,5.97184991837,6.33885145187,4.44329166412,3.72980833054,3.50004243851,5.09976005554,4.38031816483,3.90290331841,5.10109567642,3.68310070038,4.97947502136,3.54420161247,4.60865020752,6.25123786926,3.33156394958,1.84671807289,1.97751832008,2.28089475632,3.24781441689,3.0639321804,3.347189188,3.43183660507,3.71460008621,4.34217786789,4.88910341263,2.8631093502,0.877407252789,0.354108661413,0.0415136143565,0.0113294180483,0.0424479581416,0.0794359967113,0.0700605735183,0.0103101972491,0.000707146769855],"min":[3.11850524055e-22,3.08470008952e-21,4.38876474432e-20,1.15471647627e-19,4.12718955512e-20,9.23594652177e-20,3.45237606376e-19,5.51089385875e-19,2.60283003841e-19,1.50869864834e-18,1.1307201218e-18,1.35035570298e-18,2.23152546354e-18,2.68703790365e-18,1.59320693524e-18,1.97055101425e-18,5.67287991432e-18,4.12500206306e-18,4.05414453102e-18,8.52720723864e-18,9.45881774917e-18,6.36001843558e-18,1.32609799045e-17,2.01024823903e-17,1.34787873132e-17,2.0473843472e-17,1.64116885239e-17,1.57150717536e-17,1.77556088651e-17,1.57177021879e-17,2.09611421883e-17,1.6272346641e-17,1.66930407744e-17,1.28371052617e-17,9.30085851222e-18,7.16461164074e-18,3.60798192017e-18,1.29280585264e-18,2.881220517e-19,3.92576784479e-20],"var":[5.98303747177,34.3031082153,44.3166007996,414.241424561,475.691955566,923.051391602,1156.30090332,917.777038574,1994.60095215,1663.12365723,5067.83007812,2444.45019531,1239.15966797,679.65057373,490.105773926,655.491149902,263.271362305,362.111022949,956.37121582,784.675537109,733.604675293,958.601928711,1035.62939453,2135.66845703,1984.64111328,863.46081543,1027.30871582,879.926574707,991.647583008,598.296569824,77.9082565308,4.17535305023,0.422068893909,0.0066802771762,0.00197848654352,0.0046716472134,0.0369875766337,0.0974574759603,0.00425101444125,0.0000145158646774]},"erbbands_crest":{"dmean":3.07968735695,"dmean2":5.15259218216,"dvar":7.67097806931,"dvar2":19.5820560455,"max":28.7502155304,"mean":8.19944190979,"median":7.34383106232,"min":1.96186816692,"var":13.8556756973},"erbbands_flatness_db":{"dmean":0.0262258201838,"dmean2":0.0403780341148,"dvar":0.000514593382832,"dvar2":0.00116180279292,"max":0.37030595541,"mean":0.120256818831,"median":0.113600544631,"min":0.0486932918429,"var":0.0014268620871},"erbbands_kurtosis":{"dmean":2.14621114731,"dmean2":3.45979738235,"dvar":9.34826660156,"dvar2":21.8718032837,"max":43.0154724121,"mean":1.28421986103,"median":0.0150232315063,"min":-1.91730868816,"var":13.7379732132},"erbbands_skewness":{"dmean":0.707805633545,"dmean2":1.06463611126,"dvar":0.441542893648,"dvar2":0.935540676117,"max":5.74827003479,"mean":0.344163417816,"median":0.401578903198,"min":-4.38746166229,"var":1.40405440331},"erbbands_spread":{"dmean":20.7084445953,"dmean2":32.337146759,"dvar":363.913269043,"dvar2":847.047973633,"max":169.385192871,"mean":53.1529083252,"median":49.0622138977,"min":2.75416016579,"var":771.889526367},"gfcc":{"cov":[[4925.64941406,259.180664062,-271.184844971,-108.509849548,-13.9821310043,-172.063278198,31.3086605072,28.8788166046,17.9681587219,-4.94576597214,67.0692443848,-0.30743214488,3.09534597397],[259.180664062,1601.73425293,335.731719971,-479.79699707,-129.393341064,209.894790649,-154.940170288,24.9828453064,-77.6226806641,120.287918091,1.58768010139,-123.808166504,103.747894287],[-271.184844971,335.731719971,594.670471191,146.55871582,-139.647506714,153.016357422,-64.40284729,-4.14080667496,-24.4253692627,42.4809646606,-29.4139175415,49.9130706787,-34.3924255371],[-108.509849548,-479.79699707,146.55871582,461.949127197,183.884674072,-49.9734954834,105.277961731,-8.08757781982,18.6846389771,-59.2063331604,7.77291202545,65.2326889038,-37.2682991028],[-13.9821310043,-129.393341064,-139.647506714,183.884674072,331.067199707,57.0225601196,88.3389587402,14.6325378418,-19.5325508118,-38.3364105225,28.7603759766,-15.1040449142,47.8437004089],[-172.063278198,209.894790649,153.016357422,-49.9734954834,57.0225601196,300.32043457,19.9335441589,-3.00730466843,-67.0718154907,14.8475818634,-18.6852645874,9.80127620697,20.4392242432],[31.3086605072,-154.940170288,-64.40284729,105.277961731,88.3389587402,19.9335441589,215.310806274,34.4510192871,10.7327566147,-48.5609283447,3.23567342758,14.5585269928,10.9562578201],[28.8788166046,24.9828453064,-4.14080667496,-8.08757781982,14.6325378418,-3.00730466843,34.4510192871,193.281738281,76.0239486694,33.5310287476,15.8514070511,-0.511506199837,37.2982063293],[17.9681587219,-77.6226806641,-24.4253692627,18.6846389771,-19.5325508118,-67.0718154907,10.7327566147,76.0239486694,164.568145752,68.5540390015,20.1224689484,12.8021373749,-25.5326766968],[-4.94576597214,120.287918091,42.4809646606,-59.2063331604,-38.3364105225,14.8475818634,-48.5609283447,33.5310287476,68.5540390015,125.754867554,55.2309494019,-5.29188871384,7.67972326279],[67.0692443848,1.58768010139,-29.4139175415,7.77291202545,28.7603759766,-18.6852645874,3.23567342758,15.8514070511,20.1224689484,55.2309494019,85.1573791504,37.324962616,16.6243991852],[-0.30743214488,-123.808166504,49.9130706787,65.2326889038,-15.1040449142,9.80127620697,14.5585269928,-0.511506199837,12.8021373749,-5.29188871384,37.324962616,103.748847961,22.2957324982],[3.09534597397,103.747894287,-34.3924255371,-37.2682991028,47.8437004089,20.4392242432,10.9562578201,37.2982063293,-25.5326766968,7.67972326279,16.6243991852,22.2957324982,117.02305603]],"icov":[[0.000276073202258,-0.000916101038456,0.00216751126572,-0.00268286303617,0.00215934636071,-0.00121215661056,0.000546684605069,-0.000262294488493,0.0000110052278615,0.0000570958145545,-0.000201283837669,-0.0000191136350622,-0.0000203203235287],[-0.000916101038456,0.0135096963495,-0.0319024063647,0.0418388694525,-0.033460188657,0.020786235109,-0.00932642258704,0.00289417617023,0.0017687875079,-0.00181485922076,0.00249368301593,-0.00210674037226,0.00254778913222],[0.00216751126572,-0.0319024063647,0.0835811346769,-0.109985649586,0.0923219099641,-0.0599526464939,0.0270357131958,-0.00620085373521,-0.00898378156126,0.0115546090528,-0.0164424329996,0.0167018268257,-0.0136301163584],[-0.00268286303617,0.0418388694525,-0.109985649586,0.153365433216,-0.131787255406,0.0867329910398,-0.0396006852388,0.00522972131148,0.0217622164637,-0.0309480894357,0.0404005609453,-0.0404254123569,0.0290101449937],[0.00215934636071,-0.033460188657,0.0923219099641,-0.131787255406,0.122662350535,-0.0816375464201,0.0358025506139,-0.00109259341843,-0.0294736307114,0.0451576709747,-0.0562042593956,0.052876483649,-0.0356082990766],[-0.00121215661056,0.020786235109,-0.0599526464939,0.0867329910398,-0.0816375464201,0.0607302747667,-0.0265726763755,-0.00118932442274,0.0267971232533,-0.0394539274275,0.046769104898,-0.0427754335105,0.0271840114146],[0.000546684605069,-0.00932642258704,0.0270357131958,-0.0396006852388,0.0358025506139,-0.0265726763755,0.0181353744119,-0.000558269792236,-0.0128065384924,0.0206672586501,-0.0221704188734,0.0192572865635,-0.0125982556492],[-0.000262294488493,0.00289417617023,-0.00620085373521,0.00522972131148,-0.00109259341843,-0.00118932442274,-0.000558269792236,0.0100638885051,-0.0105438521132,0.010627631098,-0.0118241077289,0.0111886989325,-0.0086666662246],[0.0000110052278615,0.0017687875079,-0.00898378156126,0.0217622164637,-0.0294736307114,0.0267971232533,-0.0128065384924,-0.0105438521132,0.0380132012069,-0.048481028527,0.0491427406669,-0.0430477149785,0.0273470040411],[0.0000570958145545,-0.00181485922076,0.0115546090528,-0.0309480894357,0.0451576709747,-0.0394539274275,0.0206672586501,0.010627631098,-0.048481028527,0.0839187577367,-0.0852785035968,0.0684603750706,-0.0387599170208],[-0.000201283837669,0.00249368301593,-0.0164424329996,0.0404005609453,-0.0562042593956,0.046769104898,-0.0221704188734,-0.0118241077289,0.0491427406669,-0.0852785035968,0.105903655291,-0.081896468997,0.0433599203825],[-0.0000191136350622,-0.00210674037226,0.0167018268257,-0.0404254123569,0.052876483649,-0.0427754335105,0.0192572865635,0.0111886989325,-0.0430477149785,0.0684603750706,-0.081896468997,0.0811778306961,-0.0433305799961],[-0.0000203203235287,0.00254778913222,-0.0136301163584,0.0290101449937,-0.0356082990766,0.0271840114146,-0.0125982556492,-0.0086666662246,0.0273470040411,-0.0387599170208,0.0433599203825,-0.0433305799961,0.035878200084]],"mean":[9.94636917114,70.9333114624,-66.8349304199,34.8416366577,-36.6126708984,0.864672541618,-2.60387039185,-17.2712440491,-3.73700022697,-3.6533677578,-14.5767068863,5.92465734482,-20.6231861115]},"hfc":{"dmean":13.8839569092,"dmean2":20.0209083557,"dvar":328.132507324,"dvar2":717.70880127,"max":274.128570557,"mean":24.3302631378,"median":16.6612644196,"min":1.19729973214e-16,"var":713.172851562},"melbands":{"dmean":[0.00845030788332,0.00273948255926,0.00185946770944,0.000977612449788,0.000614034826867,0.000281178974546,0.000221429974772,0.000186750316061,0.000234784674831,0.000133152163471,0.0000835574173834,0.0000568497816857,0.0000360586927854,0.0000286721897282,0.000025747309337,0.0000158043549163,0.0000187024361367,0.0000253910511674,0.0000166150275618,0.0000120400927699,0.0000113839014375,0.0000111300614662,0.000011564146007,0.00000877253114595,0.0000148863109644,0.0000119670839922,0.00000834912589198,0.00000624020412943,0.00000646323132969,0.0000060950178522,0.00000612552548773,0.00000653241522741,0.00000648519744573,0.00000678399510434,0.00000331057049152,0.00000119277979138,5.72616613681e-7,3.6331357478e-7,8.52909352034e-8,3.39766259572e-8],"dmean2":[0.0139465359971,0.00455496180803,0.00302486331202,0.0015800583642,0.0010226117447,0.000453943648608,0.000360970036127,0.00031351056532,0.000405010156101,0.000230064470088,0.000141724420246,0.0000962636986515,0.000058875677496,0.000046755772928,0.0000423893980042,0.0000269636075245,0.0000310607974825,0.0000417314258812,0.0000276561422652,0.0000207626562769,0.0000198773050215,0.000018623759388,0.0000187573841686,0.0000138905388667,0.0000243766717176,0.0000185323387996,0.0000128889587359,0.00000944339353737,0.00000975856983132,0.00000907112826098,0.00000923716197576,0.00000991556044028,0.00000973833266471,0.0000105606759462,0.00000494147525387,0.00000177614879249,8.82405572611e-7,5.44259989965e-7,1.30856122382e-7,5.56724550904e-8],"dvar":[0.000272883713478,0.0000201832790481,0.00000801756414148,0.00000247154389399,0.00000112224165605,3.51702908574e-7,2.47215012905e-7,1.62165349593e-7,3.21250979596e-7,7.17366503977e-8,2.79238872025e-8,1.05843858123e-8,4.75082062579e-9,2.88180213026e-9,2.52633403086e-9,1.24149668324e-9,1.2750832612e-9,2.48098541711e-9,1.56258928019e-9,1.59764568242e-9,1.48059287053e-9,9.99926808021e-10,1.02838426663e-9,4.49751430542e-10,1.49149248507e-9,1.04362407605e-9,4.39619951553e-10,2.13136050475e-10,2.56340726423e-10,2.13232917434e-10,1.71727077003e-10,1.96531457775e-10,1.48003775902e-10,1.25107382787e-10,2.15196003378e-11,3.19969181359e-12,5.89211405361e-13,1.86580948174e-13,1.09158321759e-14,2.84837274887e-15],"dvar2":[0.000690582557581,0.000051731007261,0.0000185249573406,0.00000592854166825,0.00000272551687885,8.6837019353e-7,5.68703796944e-7,4.1092880565e-7,8.39607082526e-7,1.8727251927e-7,6.80834091327e-8,2.73554690011e-8,1.15091260966e-8,6.89757451156e-9,6.31240437698e-9,3.39931705007e-9,3.27030047487e-9,6.31833163567e-9,4.05260047742e-9,4.27678426007e-9,4.15732603898e-9,2.56431254009e-9,2.54477994233e-9,1.04861042072e-9,3.72654307412e-9,2.33375208047e-9,1.00896246913e-9,4.67620220324e-10,5.53296297667e-10,4.26688573363e-10,3.65014102277e-10,4.26584240154e-10,3.10662523484e-10,3.08083225597e-10,4.83864441569e-11,7.66476639102e-12,1.4916630214e-12,4.22477862156e-13,2.54113340071e-14,6.75725488815e-15],"max":[0.142641380429,0.0528018511832,0.056572958827,0.030908672139,0.014824652113,0.0152636570856,0.0138022024184,0.00847261864692,0.0119956815615,0.00440263841301,0.0039842016995,0.00273967953399,0.00159722112585,0.00160405389033,0.00132625340484,0.000495475134812,0.000819375622086,0.00103976286482,0.00110656034667,0.000807669246569,0.000836026621982,0.000733021879569,0.000818436441477,0.000656854419503,0.000875088444445,0.00072397547774,0.000457971356809,0.000424497848144,0.000427122315159,0.000267837982392,0.000356631178875,0.000329894945025,0.000286662601866,0.000168600614415,0.000112521534902,0.0000381965764973,0.0000156404330482,0.00000620348691882,0.000001438094273,8.43222551339e-7],"mean":[0.0109309349209,0.00315571227111,0.00221097492613,0.00110028136987,0.000685052480549,0.000338964484399,0.000258069107076,0.00019223234267,0.000227844226174,0.000128414860228,0.0000803476286819,0.0000592458200117,0.0000396596478822,0.0000343029641954,0.0000299883922708,0.0000165067795024,0.0000207817320188,0.0000286679132842,0.0000180406786967,0.0000112763791549,0.0000100550314528,0.0000110327828224,0.0000122576657304,0.0000102410676845,0.0000155973630172,0.0000140746906254,0.0000103619486254,0.0000082973492681,0.00000845111208037,0.0000079652045315,0.00000759069689593,0.00000794745847088,0.00000807308697404,0.00000750510298531,0.00000402740124628,0.00000150843357005,7.72182374931e-7,4.97029247981e-7,1.17358013085e-7,3.39204895283e-8],"median":[0.00346672092564,0.0016338233836,0.00110151688568,0.00046529356041,0.000226799937082,0.000109174317913,0.0000544455724594,0.0000376421885449,0.0000412199151469,0.0000250403099926,0.0000179414837476,0.0000205534870474,0.0000112278521556,0.0000123075888041,0.0000103030824903,0.00000616155739408,0.00000823989194032,0.0000102040557977,0.00000582477196076,0.00000270017153525,0.0000017496338387,0.00000198025713871,0.00000180735753474,0.00000217023989535,0.00000257154488281,0.00000217077877096,0.00000213661769521,0.00000212089230445,0.00000205709739021,0.00000205608694159,0.00000209234372051,0.00000229570059673,0.00000276934952126,0.0000026424038424,0.00000191859044207,7.46094826809e-7,4.37624464666e-7,2.89234748152e-7,7.56663354196e-8,1.07420410345e-8],"min":[3.92438815483e-24,1.7014128338e-23,1.74219252498e-23,3.85663289168e-24,1.12854409546e-23,1.24513742171e-23,4.64654968722e-24,1.86446044326e-23,8.0508296199e-24,8.72104821156e-24,1.11085814951e-23,1.07880168223e-23,7.06400328165e-24,3.6899438214e-24,8.47758995899e-24,1.49638583349e-23,6.20124070354e-24,5.15762032442e-24,1.01705588257e-23,1.22905215342e-23,1.09097940691e-23,4.91876152536e-24,1.01354671371e-23,1.45037331239e-23,1.69487033699e-23,1.03367205424e-23,1.02523968337e-23,1.3572143615e-23,1.11778277054e-23,6.7816249986e-24,9.47825291751e-24,9.56894036718e-24,9.00067889207e-24,8.95943645509e-24,1.37854326712e-23,8.82579474027e-24,9.02329474537e-24,1.17430954534e-23,1.08770460863e-23,1.06570177915e-23],"var":[0.000285333837382,0.0000194878412003,0.0000105869148683,0.00000309659412778,0.0000014189470221,4.73056616102e-7,4.29084053621e-7,2.14312194657e-7,3.4531780102e-7,8.4585884963e-8,3.08764853685e-8,1.14845004617e-8,6.63152244229e-9,4.34333680133e-9,3.33548100251e-9,1.07075337485e-9,1.43529399477e-9,2.84438272935e-9,1.62773694523e-9,1.29120336645e-9,1.0908359771e-9,1.03771624627e-9,1.27240828984e-9,6.28239849032e-10,1.68726632666e-9,1.56177881738e-9,6.62443822019e-10,3.69946517864e-10,4.42545750046e-10,3.83375747814e-10,2.86641654856e-10,3.30565325113e-10,2.74183065141e-10,1.57995214134e-10,3.38180386472e-11,4.49487625939e-12,8.86260357637e-13,3.14636093872e-13,1.68484001165e-14,3.38685763971e-15]},"melbands_crest":{"dmean":5.41093349457,"dmean2":8.68834877014,"dvar":22.2758407593,"dvar2":52.4664077759,"max":39.2392158508,"mean":20.4004211426,"median":19.0356616974,"min":1.83066189289,"var":70.0120315552},"melbands_flatness_db":{"dmean":0.0531805306673,"dmean2":0.0799925625324,"dvar":0.00220134994015,"dvar2":0.00509555125609,"max":0.631225585938,"mean":0.267938435078,"median":0.266707837582,"min":0.00555016566068,"var":0.0070587946102},"melbands_kurtosis":{"dmean":49.9843292236,"dmean2":82.1329879761,"dvar":13622.5644531,"dvar2":34600.3632812,"max":4452.54296875,"mean":59.5595741272,"median":27.6291007996,"min":-1.85912060738,"var":13815.6210938},"melbands_skewness":{"dmean":2.30065155029,"dmean2":3.58288788795,"dvar":6.91036558151,"dvar2":16.9236717224,"max":48.4621620178,"mean":5.11860942841,"median":4.37847423553,"min":-3.32610464096,"var":13.4374103546},"melbands_spread":{"dmean":10.8485689163,"dmean2":16.7976932526,"dvar":364.210388184,"dvar2":771.733520508,"max":236.509277344,"mean":17.113615036,"median":8.70785331726,"min":0.0559007376432,"var":659.110717773},"mfcc":{"cov":[[4162.234375,49.9415512085,-598.977905273,52.7787437439,-127.943832397,-138.418075562,-31.2449417114,20.7516098022,-61.103515625,57.077457428,9.75151824951,14.7296037674,-16.0776309967],[49.9415512085,1533.48352051,295.164276123,-530.108642578,32.413269043,-60.0979194641,63.7680931091,-230.293273926,66.9070892334,1.64172554016,46.7783126831,-76.3561325073,28.1869354248],[-598.977905273,295.164276123,718.456787109,-57.4880981445,-7.40006303787,79.2439804077,-56.3513946533,-17.4877796173,-25.1353664398,-17.8607902527,17.2853946686,-6.58053016663,25.9471511841],[52.7787437439,-530.108642578,-57.4880981445,509.426483154,45.1273803711,22.2795734406,-0.324682861567,114.221672058,-14.2017507553,8.76004695892,-10.8006954193,47.0618019104,-13.9153985977],[-127.943832397,32.413269043,-7.40006303787,45.1273803711,240.930419922,54.6122016907,63.0388565063,-5.26990175247,36.8333091736,-21.0000495911,18.1203136444,4.39444637299,32.1171836853],[-138.418075562,-60.0979194641,79.2439804077,22.2795734406,54.6122016907,258.226776123,92.8006057739,47.7903327942,-43.3917884827,-5.01570081711,-47.0801467896,-22.5150165558,-16.7098693848],[-31.2449417114,63.7680931091,-56.3513946533,-0.324682861567,63.0388565063,92.8006057739,235.989990234,56.2587852478,46.0337409973,-27.6446971893,-29.4834899902,-39.1769828796,9.44600391388],[20.7516098022,-230.293273926,-17.4877796173,114.221672058,-5.26990175247,47.7903327942,56.2587852478,184.724014282,40.0408210754,6.10685157776,-23.0314788818,8.87324619293,-9.58310604095],[-61.103515625,66.9070892334,-25.1353664398,-14.2017507553,36.8333091736,-43.3917884827,46.0337409973,40.0408210754,143.257659912,32.1236915588,20.182723999,3.63991451263,20.9336967468],[57.077457428,1.64172554016,-17.8607902527,8.76004695892,-21.0000495911,-5.01570081711,-27.6446971893,6.10685157776,32.1236915588,103.022163391,45.5999717712,22.2246208191,-4.11406469345],[9.75151824951,46.7783126831,17.2853946686,-10.8006954193,18.1203136444,-47.0801467896,-29.4834899902,-23.0314788818,20.182723999,45.5999717712,113.863204956,53.2306861877,26.5366420746],[14.7296037674,-76.3561325073,-6.58053016663,47.0618019104,4.39444637299,-22.5150165558,-39.1769828796,8.87324619293,3.63991451263,22.2246208191,53.2306861877,98.8917541504,39.567653656],[-16.0776309967,28.1869354248,25.9471511841,-13.9153985977,32.1171836853,-16.7098693848,9.44600391388,-9.58310604095,20.9336967468,-4.11406469345,26.5366420746,39.567653656,86.0781326294]],"icov":[[0.000305182737065,-0.000165541874594,0.000327235989971,-0.000127272243844,0.000136870497954,0.0000607389847573,0.000103939339169,-0.000267672236077,0.000344826054061,-0.000142647520988,-0.0000513803934155,0.000115652299428,-0.000216489614104],[-0.000165541874594,0.00155187991913,-0.000839208485559,0.00121858192142,-0.000389299209928,0.00054301781347,-0.00102751736995,0.00146395084448,-0.000628049427178,-0.000424100348027,0.0000659835714032,0.0000646213666187,0.000519698369317],[0.000327235989971,-0.000839208485559,0.00234307814389,-0.000607233319897,0.000672168040182,-0.00139865733217,0.00159875908867,-0.000923455751035,0.000138025963679,0.00103190017398,-0.00116566044744,0.00105902587529,-0.00138078897726],[-0.000127272243844,0.00121858192142,-0.000607233319897,0.00364970392548,-0.00137788918801,0.00100980931893,-0.00080491224071,-0.000681168516167,0.000680628581904,-0.00101525010541,0.000984416459687,-0.0016334427055,0.00130620214622],[0.000136870497954,-0.000389299209928,0.000672168040182,-0.00137788918801,0.00620814692229,-0.00256144697778,0.000107744461275,0.00120235281065,-0.00255764881149,0.00292283971794,-0.00263715581968,0.00106343394145,-0.00187802244909],[0.0000607389847573,0.00054301781347,-0.00139865733217,0.00100980931893,-0.00256144697778,0.00778776034713,-0.00372176035307,-0.00126495759469,0.00442186323926,-0.00408023223281,0.0036767416168,-0.00142415123992,0.00140425597783],[0.000103939339169,-0.00102751736995,0.00159875908867,-0.00080491224071,0.000107744461275,-0.00372176035307,0.00825545284897,-0.00223016971722,-0.00266464031301,0.00319083011709,-0.00167175463866,0.00358156533912,-0.00250350637361],[-0.000267672236077,0.00146395084448,-0.000923455751035,-0.000681168516167,0.00120235281065,-0.00126495759469,-0.00223016971722,0.00992941949517,-0.00425162678584,0.000245644099778,0.00140977825504,-0.00208678888157,0.00186520442367],[0.000344826054061,-0.000628049427178,0.000138025963679,0.000680628581904,-0.00255764881149,0.00442186323926,-0.00266464031301,-0.00425162678584,0.0129751767963,-0.00576503248885,0.00116285146214,0.000631377100945,-0.0021094805561],[-0.000142647520988,-0.000424100348027,0.00103190017398,-0.00101525010541,0.00292283971794,-0.00408023223281,0.00319083011709,0.000245644099778,-0.00576503248885,0.0163983274251,-0.0074131609872,0.000226293952437,0.00179873546585],[-0.0000513803934155,0.0000659835714032,-0.00116566044744,0.000984416459687,-0.00263715581968,0.0036767416168,-0.00167175463866,0.00140977825504,0.00116285146214,-0.0074131609872,0.0173229984939,-0.00813496857882,0.000279303640127],[0.000115652299428,0.0000646213666187,0.00105902587529,-0.0016334427055,0.00106343394145,-0.00142415123992,0.00358156533912,-0.00208678888157,0.000631377100945,0.000226293952437,-0.00813496857882,0.0200205259025,-0.0087191555649],[-0.000216489614104,0.000519698369317,-0.00138078897726,0.00130620214622,-0.00187802244909,0.00140425597783,-0.00250350637361,0.00186520442367,-0.0021094805561,0.00179873546585,0.000279303640127,-0.0087191555649,0.0180106479675]],"mean":[-654.388122559,118.220954895,24.5466251373,45.9629974365,-7.58864402771,33.2828941345,-5.13072824478,16.4336395264,-6.28473043442,12.3403396606,-0.35628542304,0.876395702362,-4.91898345947]},"pitch_salience":{"dmean":0.121723502874,"dmean2":0.199935272336,"dvar":0.0112903285772,"dvar2":0.0281901527196,"max":0.895020604134,"mean":0.496327459812,"median":0.518307805061,"min":0.0250839851797,"var":0.0296690370888},"silence_rate_20dB":{"dmean":0.00143266480882,"dmean2":0.002865586197,"dvar":0.00143054896034,"dvar2":0.004289903678,"max":1,"mean":0.999283730984,"median":1,"min":0,"var":0.000715728441719},"silence_rate_30dB":{"dmean":0.155981376767,"dmean2":0.31199067831,"dvar":0.131648823619,"dvar2":0.244926080108,"max":1,"mean":0.792192697525,"median":1,"min":0,"var":0.164637818933},"silence_rate_60dB":{"dmean":0.0195200573653,"dmean2":0.0390436090529,"dvar":0.0191394034773,"dvar2":0.0471918433905,"max":1,"mean":0.020861312747,"median":0,"min":0,"var":0.0204297993332},"spectral_centroid":{"dmean":495.350097656,"dmean2":745.814941406,"dvar":328374.875,"dvar2":603182.4375,"max":10972.3125,"mean":1266.0657959,"median":876.37298584,"min":150.742767334,"var":963941.625},"spectral_complexity":{"dmean":5.78330945969,"dmean2":8.43234539032,"dvar":35.1357841492,"dvar2":66.201713562,"max":63,"mean":15.448384285,"median":13,"min":0,"var":109.429008484},"spectral_contrast_coeffs":{"dmean":[0.0659334212542,0.0571736320853,0.0469473488629,0.0396638996899,0.0315202474594,0.0424627736211],"dmean2":[0.104612074792,0.0930573120713,0.0757266134024,0.0625706464052,0.0487227253616,0.0632614642382],"dvar":[0.00263431039639,0.00210056547076,0.00143501278944,0.00106491311453,0.000734111643396,0.00124221388251],"dvar2":[0.00639174692333,0.00538144214079,0.00359239708632,0.00248933699913,0.00174693088047,0.00275076529942],"max":[-0.339782714844,-0.454008281231,-0.539010941982,-0.573249876499,-0.609052538872,-0.412639439106],"mean":[-0.683985114098,-0.781829357147,-0.817245364189,-0.821119248867,-0.824676215649,-0.686484277248],"median":[-0.689997375011,-0.78863543272,-0.823254168034,-0.824253976345,-0.827308893204,-0.687763750553],"min":[-0.991693496704,-0.98158121109,-0.96566516161,-0.982599496841,-0.971585810184,-0.960030078888],"var":[0.0081590777263,0.00534829497337,0.00358761264943,0.00276225665584,0.00201880559325,0.00389487482607]},"spectral_contrast_valleys":{"dmean":[0.506566941738,0.621107757092,0.603721857071,0.516857624054,0.48553532362,0.474797129631],"dmean2":[0.774593234062,0.960311710835,0.930252194405,0.787184000015,0.686176002026,0.700842857361],"dvar":[0.213229626417,0.302807629108,0.298846811056,0.240652114153,0.194886475801,0.170556098223],"dvar2":[0.43773072958,0.717545509338,0.714469730854,0.568796098232,0.419984519482,0.395038366318],"max":[-4.59696054459,-4.27731895447,-5.26197004318,-5.40781211853,-5.26306056976,-8.7513217926],"mean":[-6.52710056305,-6.64146375656,-7.34902524948,-7.79249000549,-7.56832885742,-10.4429368973],"median":[-6.41937208176,-6.60329771042,-7.28183364868,-7.72475576401,-7.58919334412,-10.3660650253],"min":[-27.180305481,-27.5095710754,-27.4363956451,-27.2339935303,-27.1525669098,-27.2439842224],"var":[0.999796032906,1.04838216305,0.900084614754,0.717395305634,0.727094471455,0.493138849735]},"spectral_decrease":{"dmean":1.00620951571e-8,"dmean2":1.54702100019e-8,"dvar":1.99866820676e-16,"dvar2":4.65847527501e-16,"max":2.17102529374e-29,"mean":-1.78168111375e-8,"median":-1.25005055196e-8,"min":-1.2881120881e-7,"var":3.04910632248e-16},"spectral_energy":{"dmean":0.038557626307,"dmean2":0.0591634549201,"dvar":0.00286014890298,"dvar2":0.00665529351681,"max":0.489138484001,"mean":0.069451764226,"median":0.049518994987,"min":1.07779242747e-20,"var":0.0044089499861},"spectral_energyband_high":{"dmean":0.00107225286774,"dmean2":0.00151704624295,"dvar":0.00000291323999591,"dvar2":0.00000563821868127,"max":0.0308832917362,"mean":0.00150096567813,"median":0.000558801169973,"min":7.84238306534e-21,"var":0.00000669649716656},"spectral_energyband_low":{"dmean":0.0316772125661,"dmean2":0.0502523481846,"dvar":0.00284456415102,"dvar2":0.00682743173093,"max":0.469184368849,"mean":0.0467658042908,"median":0.0234526712447,"min":9.85484738283e-23,"var":0.00355729204603},"spectral_energyband_middle_high":{"dmean":0.00203973264433,"dmean2":0.00323394848965,"dvar":0.0000107714449769,"dvar2":0.0000274642952718,"max":0.0322046615183,"mean":0.00284740002826,"median":0.00151652831119,"min":1.57265835842e-21,"var":0.0000143665247379},"spectral_energyband_middle_low":{"dmean":0.0103868590668,"dmean2":0.0164950173348,"dvar":0.000158581897267,"dvar2":0.000374932773411,"max":0.170959413052,"mean":0.0150469327345,"median":0.00938919000328,"min":3.16150282994e-22,"var":0.000262040644884},"spectral_entropy":{"dmean":0.278414547443,"dmean2":0.430359065533,"dvar":0.072764262557,"dvar2":0.164587587118,"max":9.80608081818,"mean":7.64504861832,"median":7.73511075974,"min":5.35003614426,"var":0.171863257885},"spectral_flux":{"dmean":0.0571135096252,"dmean2":0.0899853855371,"dvar":0.00397635716945,"dvar2":0.0084126079455,"max":0.608983278275,"mean":0.153073742986,"median":0.130649462342,"min":1.0381678156e-10,"var":0.00784946698695},"spectral_kurtosis":{"dmean":2.02103066444,"dmean2":3.03621649742,"dvar":5.18118286133,"dvar2":11.638674736,"max":35.4421730042,"mean":5.141289711,"median":4.41546010971,"min":-1.21448707581,"var":9.38496780396},"spectral_rms":{"dmean":0.0021218820475,"dmean2":0.00310552096926,"dvar":0.00000497274368172,"dvar2":0.0000104447080957,"max":0.0218450967222,"mean":0.00739183695987,"median":0.0069506270811,"min":3.24269148859e-12,"var":0.0000131182514451},"spectral_rolloff":{"dmean":655.319763184,"dmean2":1108.96594238,"dvar":1649651.5,"dvar2":3553982.5,"max":19099.9511719,"mean":959.894775391,"median":279.931640625,"min":21.533203125,"var":2818534.25},"spectral_skewness":{"dmean":0.339884310961,"dmean2":0.509116828442,"dvar":0.11185400933,"dvar2":0.247769474983,"max":4.82646751404,"mean":1.5286822319,"median":1.45027911663,"min":-0.0126425148919,"var":0.260104507208},"spectral_spread":{"dmean":893674.375,"dmean2":1310369.625,"dvar":699702444032,"dvar2":1397383233540,"max":40022900,"mean":5224124.5,"median":5207460,"min":1553827.75,"var":1638188318720},"spectral_strongpeak":{"dmean":0.336624503136,"dmean2":0.58091378212,"dvar":0.286705553532,"dvar2":0.748118698597,"max":8.53140449524,"mean":0.407136380672,"median":0.301818013191,"min":0,"var":0.322244763374},"zerocrossingrate":{"dmean":0.0136727495119,"dmean2":0.0156069416553,"dvar":0.000228981705732,"dvar2":0.000271817611065,"max":0.49560546875,"mean":0.0404784679413,"median":0.02880859375,"min":0.00048828125,"var":0.00134304910898}},"metadata":{"audio_properties":{"analysis_sample_rate":44100,"bit_rate":131370,"codec":"mp3","downmix":"mix","equal_loudness":0,"length":259.317565918,"lossless":false,"md5_encoded":"3b974213580b4df5fc5acceb43dc428c","replay_gain":-11.3526916504,"sample_rate":44100},"tags":{"album":["Rebirth of a Nation (feat. Paris)"],"albumartist":["Public Enemy"],"albumartistsort":["Public Enemy feat. Paris"],"artist":["Public Enemy"],"artists":["Public Enemy"],"artistsort":["Public Enemy"],"catalognumber":["GFK-31021"],"date":["2005"],"file_name":"12 - Coinsequences (feat. Paris).mp3","label":["Guerrilla Funk Recordings"],"media":["CD"],"musicbrainz album release country":["US"],"musicbrainz album status":["promotion"],"musicbrainz album type":["album"],"musicbrainz release track id":["d8c818f7-3c17-35a7-af07-da0531cc706a"],"musicbrainz_albumartistid":["bf2e15d0-4b77-469e-bfb4-f8414415baca","431945b6-0754-480a-8634-3e8c2f8ccf27"],"musicbrainz_albumid":["104eeda1-ece0-4275-b0ae-2c4d3f9902c8"],"musicbrainz_artistid":["bf2e15d0-4b77-469e-bfb4-f8414415baca"],"musicbrainz_recordingid":["5fb3d94e-2d6a-4a67-be1c-921ca96ef0c7"],"musicbrainz_releasegroupid":["0131b7fb-f4b5-3e4f-bd31-45166ccc36e4"],"originaldate":["2005"],"script":["Latn"],"title":["Coinsequences (feat. Paris)"],"tracknumber":["12/14"]},"version":{"essentia":"2.1-beta1","essentia_build_sha":"ca57ba49d9b1854bd80e60cf9ccf267278fb7d6b","essentia_git_sha":"v2.1_beta1-28-g21ef5f4-dirty","extractor":"music 1.0"}},"rhythm":{"beats_count":418,"beats_loudness":{"dmean":0.0490997768939,"dmean2":0.0784627944231,"dvar":0.0020792230498,"dvar2":0.00480009568855,"max":0.342078059912,"mean":0.0730690360069,"median":0.0533312670887,"min":0.0000150580735863,"var":0.00308664585464},"beats_loudness_band_ratio":{"dmean":[0.247461467981,0.156037092209,0.117440477014,0.0376525707543,0.035104572773,0.0647593736649],"dmean2":[0.404087394476,0.278525620699,0.207989767194,0.0642011612654,0.0604898557067,0.113918751478],"dvar":[0.0389099866152,0.0230598282069,0.0231324415654,0.00246991869062,0.002757294802,0.0108615458012],"dvar2":[0.0965375080705,0.05756