{"lowlevel":{"average_loudness":0.939222812653,"barkbands":{"dmean":[0.000422115437686,0.0100989677012,0.0107781495899,0.00372121739201,0.00224648485892,0.00145481002983,0.000597936916165,0.000328586203977,0.000276894046692,0.000195896063815,0.000113424313895,0.0000880174920894,0.0000992290151771,0.0000921159007703,0.0000972538691713,0.000106031351606,0.000109874432383,0.000160581839737,0.0001609128376,0.000105879313196,0.0000845073809614,0.0000846788243507,0.0000461669260403,0.0000313068085234,0.0000194517924683,0.0000154372719408,0.00000152287145738],"dmean2":[0.000682617770508,0.0174137353897,0.0174686964601,0.00613712426275,0.0036319992505,0.00235960516147,0.000990906031802,0.00055482191965,0.000448733713711,0.000323152868077,0.000188635181985,0.000150205101818,0.000162980883033,0.000153012908413,0.000163568212884,0.000177077352419,0.000185953555047,0.000266127084615,0.000268163625151,0.000172018641024,0.00013799793669,0.00013780372683,0.0000735380090191,0.0000469879341836,0.0000279681044049,0.0000230060159083,0.00000246314948527],"dvar":[7.74733109665e-7,0.000323366170051,0.000251854391536,0.0000404910751968,0.0000170364655787,0.00000470271425002,0.00000207996890822,3.35902115012e-7,1.56343958224e-7,6.92049155759e-8,2.65391459919e-8,3.37193064581e-8,3.06294509755e-8,2.77605760601e-8,3.64132688446e-8,4.44131060817e-8,3.47772832754e-8,5.62395818804e-8,3.37777059656e-8,1.80700538976e-8,1.741702782e-8,2.14774136253e-8,5.82190828879e-9,3.01921176948e-9,1.32235333794e-9,1.35961064629e-9,1.79595505134e-11],"dvar2":[0.00000188749038443,0.000914433505386,0.000682073703501,0.000108297899715,0.0000447231577709,0.0000124918215079,0.00000515157216796,9.31513909563e-7,4.00372442755e-7,1.83365116868e-7,6.91239776529e-8,9.20741172195e-8,7.93069148131e-8,7.24894846371e-8,9.4726289035e-8,1.2118799475e-7,9.51715648512e-8,1.48246144249e-7,9.15666120704e-8,4.66377017005e-8,4.59078819404e-8,5.69658986649e-8,1.47667433836e-8,6.70499744615e-9,2.54165932745e-9,3.1073548179e-9,4.55404325361e-11],"max":[0.00986092723906,0.25893509388,0.191661268473,0.113988026977,0.094797603786,0.0283445268869,0.0202208030969,0.00965634919703,0.00458461605012,0.00348700513132,0.00223171245307,0.00318236532621,0.00297818472609,0.00236146524549,0.00301063526422,0.00454373471439,0.00533126946539,0.00540403369814,0.00333747151308,0.00235352385789,0.00262810755521,0.0029855822213,0.00133949064184,0.0014831504086,0.000971588713583,0.00102766987402,0.0000882829335751],"mean":[0.000465050921775,0.0160513054579,0.023610221222,0.00702014705166,0.0041434103623,0.00279526156373,0.000834906066302,0.000524141592905,0.000509213423356,0.000357778888429,0.000179373790161,0.00012166731176,0.000157898786711,0.000146596154082,0.000141393815284,0.000177048175829,0.000207692937693,0.000358950725058,0.000434834742919,0.000294148601824,0.000228317745496,0.000224027739023,0.000139895215398,0.000101275152701,0.0000630963259027,0.0000359349614882,0.00000209546078622],"median":[0.0000503720839333,0.00987006723881,0.0182626731694,0.00446324190125,0.00256814574823,0.00198692828417,0.000414042151533,0.000326041830704,0.000368175038602,0.000265664537437,0.000119522970635,0.0000630363283562,0.0000875175464898,0.0000833783706184,0.0000739828974474,0.000110809975013,0.000152475608047,0.000247614167165,0.000384158629458,0.000240582274273,0.000167186270119,0.000150944586494,0.0000924413106986,0.0000644139945507,0.000038227532059,0.0000141616692417,2.06964131166e-7],"min":[2.31053168316e-25,2.83765771053e-24,8.8842382893e-25,5.7650142308e-25,6.70412888099e-24,4.09421176392e-24,2.27140033656e-24,4.89714555326e-24,1.2753075648e-23,1.34668212179e-23,1.54566597424e-23,1.65450637551e-23,2.17159870354e-23,2.69787842122e-23,4.62301394323e-23,5.45918252139e-23,7.09061187553e-23,1.05182491119e-22,1.30808637625e-22,1.54850745122e-22,2.35684173499e-22,3.0120420874e-22,4.13791295413e-22,5.67270306085e-22,8.39291306144e-22,1.31062759383e-21,1.89488721227e-21],"var":[0.00000107733569621,0.000386201834772,0.000506312120706,0.000084355197032,0.0000271048356808,0.00000796826316218,0.00000235280799643,4.40732065954e-7,2.71423743925e-7,1.23368138816e-7,3.87054299722e-8,3.27890461449e-8,4.22459862648e-8,3.71964965495e-8,4.43622312218e-8,5.163929373e-8,4.56975364216e-8,1.484681178e-7,1.00610357379e-7,6.69521469376e-8,5.20230791778e-8,7.08975349539e-8,2.64969486352e-8,1.57000190626e-8,6.38313046863e-9,3.28086047219e-9,2.55692324952e-11]},"barkbands_crest":{"dmean":2.30230116844,"dmean2":3.75782608986,"dvar":4.79106044769,"dvar2":13.1071414948,"max":26.8956604004,"mean":12.7263832092,"median":12.5498561859,"min":1.9395134449,"var":16.4622116089},"barkbands_flatness_db":{"dmean":0.0215184092522,"dmean2":0.03363577649,"dvar":0.000461810530396,"dvar2":0.00111218553502,"max":0.607924044132,"mean":0.172347128391,"median":0.162722229958,"min":0.0111163994297,"var":0.00467976136133},"barkbands_kurtosis":{"dmean":8.49820899963,"dmean2":13.2483892441,"dvar":858.552856445,"dvar2":1927.32250977,"max":1138.31359863,"mean":20.4086055756,"median":12.0872993469,"min":-1.9299172163,"var":2620.09326172},"barkbands_skewness":{"dmean":0.696708440781,"dmean2":1.10109066963,"dvar":0.751685380936,"dvar2":1.84850347042,"max":25.1715278625,"mean":3.46783018112,"median":3.34357595444,"min":-5.94194936752,"var":3.6242787838},"barkbands_spread":{"dmean":4.06900548935,"dmean2":6.53888463974,"dvar":24.5847415924,"dvar2":64.1845855713,"max":123.759246826,"mean":15.404302597,"median":12.7038955688,"min":0.036778151989,"var":130.744644165},"dissonance":{"dmean":0.00994598958641,"dmean2":0.0169567205012,"dvar":0.0001471931173,"dvar2":0.000419311661972,"max":0.500000059605,"mean":0.477772384882,"median":0.483071684837,"min":0.100587151945,"var":0.000795225263573},"dynamic_complexity":4.02480173111,"erbbands":{"dmean":[0.220196545124,2.6076464653,10.6972894669,13.3861665726,7.61848831177,8.6342716217,9.92364692688,11.888671875,7.29257106781,11.0310192108,6.15604448318,6.14202356339,7.05949497223,4.90882778168,4.48965549469,2.95177578926,4.36914968491,4.04774093628,5.68094158173,4.60706472397,5.92727518082,6.33548116684,8.30855751038,9.73834228516,5.78519868851,5.30482625961,3.8360877037,3.09990739822,2.85180616379,2.54976320267,1.26297533512,0.862998306751,0.422707945108,0.251603662968,0.139874070883,0.0697418823838,0.0298056788743,0.00590062234551,0.000136749789817,0.0000237963267864],"dmean2":[0.392025798559,4.47032642365,17.522310257,21.8356304169,12.6648073196,13.8004455566,16.0949420929,19.4511966705,12.0476169586,18.6574668884,10.2643232346,9.97912120819,11.6513023376,8.02945137024,7.53073596954,4.87322950363,7.15118980408,6.65124845505,9.54804801941,7.73734760284,9.95164775848,10.6579771042,13.6710996628,16.3036975861,9.52509975433,8.69282627106,6.22132062912,5.1020898819,4.64652824402,4.1561627388,2.00467586517,1.33858931065,0.637114048004,0.373894453049,0.2046071738,0.103622123599,0.0457659587264,0.00912992842495,0.000209974212339,0.0000387355394196],"dvar":[0.196505069733,20.1101455688,238.698898315,467.403625488,169.972290039,322.998474121,206.974029541,369.426116943,219.744735718,807.832946777,88.7629394531,83.0547409058,105.083297729,43.6576194763,63.6227149963,26.2403125763,55.5642433167,59.3769683838,123.308334351,114.864196777,128.213119507,109.632453918,194.113021851,129.056182861,55.3281440735,46.40366745,29.5394611359,27.1105690002,24.9979667664,23.0056324005,4.44399213791,2.59260582924,0.501304686069,0.215884238482,0.0700183063745,0.0216717720032,0.00573454424739,0.000270743854344,1.36830166753e-7,1.16494269786e-9],"dvar2":[0.564048409462,56.8179473877,645.010498047,1233.65576172,489.128326416,832.206359863,535.948486328,978.289733887,551.12298584,2154.60083008,236.440475464,210.564147949,279.302276611,113.013938904,168.351165771,67.747177124,141.942504883,153.798095703,320.695983887,310.764801025,347.163726807,298.475891113,500.403717041,351.953460693,144.594497681,121.876708984,75.3532028198,73.1842498779,66.7678146362,61.381942749,11.0460996628,5.98052787781,1.14728748798,0.449897199869,0.143454372883,0.0469112209976,0.0135711720213,0.000654405390378,3.29788008457e-7,3.14544856828e-9],"max":[4.66811323166,65.6299285889,193.021957397,354.256866455,387.261871338,446.762023926,182.141906738,281.626525879,203.574554443,443.886016846,148.450180054,132.491897583,163.480239868,87.1559371948,106.573074341,74.3974914551,100.135566711,143.432800293,234.087722778,212.573165894,215.170227051,285.477874756,337.474456787,226.37512207,154.927856445,133.296218872,92.1920776367,89.2266464233,92.634513855,100.174461365,49.4863853455,49.0092010498,17.120967865,12.541683197,6.33017015457,3.35412788391,2.23254299164,0.487870901823,0.010222081095,0.000467687030323],"mean":[0.272093355656,4.55259513855,24.7912101746,27.7934799194,14.5823287964,14.2901029587,19.7239570618,21.481924057,11.518040657,15.3507413864,10.968501091,11.3804235458,12.5493059158,9.27967453003,6.84549951553,4.90864086151,7.09029865265,6.7612080574,8.66906356812,7.19547700882,10.405705452,12.8402385712,18.5534420013,25.6237297058,16.7479305267,14.63763237,10.4845867157,8.48328876495,7.56889247894,6.35371303558,3.80776619911,2.59022116661,1.35959851742,0.780679225922,0.420722723007,0.186428636312,0.0591680817306,0.0100631788373,0.000258865446085,0.0000744127537473],"median":[0.126905977726,3.11436653137,19.5537147522,21.0864543915,9.56933689117,8.05561351776,12.8587493896,13.4296522141,7.05452537537,7.47856903076,7.34648513794,8.06690788269,9.19729042053,7.00166654587,4.34460544586,2.91659474373,3.94801473618,3.70824432373,4.83083152771,3.79153585434,6.7385559082,9.53259086609,12.4897403717,22.4291954041,13.5742902756,11.9329204559,7.90332555771,6.30179786682,5.14994955063,3.96831846237,2.48259830475,1.59745907784,0.916595876217,0.495398759842,0.242357298732,0.0891978815198,0.019640058279,0.00206782971509,0.0000840988868731,0.0000693171168678],"min":[5.59290454225e-23,7.87225224222e-22,9.17261914119e-22,4.01459993399e-21,3.99334486576e-21,1.98577081441e-20,5.63541026109e-20,6.81738737918e-20,1.3639313912e-19,1.0448307664e-19,3.00843650081e-19,3.23284258768e-19,5.08801483118e-19,6.8958956081e-19,8.19126975314e-19,9.59307515965e-19,1.30683638679e-18,2.08161469395e-18,2.60171339628e-18,3.31915381812e-18,3.59762975481e-18,4.49996344832e-18,4.77057434495e-18,5.92176863447e-18,6.2379848934e-18,7.54441327335e-18,9.55696769193e-18,9.34103136584e-18,1.07501724168e-17,1.00486182054e-17,1.14419377728e-17,1.0533756326e-17,9.52784928001e-18,7.66732486775e-18,5.47616561131e-18,4.40784737454e-18,2.31301557518e-18,9.15964079047e-19,2.42608273801e-19,2.66553669425e-20],"var":[0.180561989546,25.878446579,528.025939941,857.411621094,298.172515869,452.768859863,475.589569092,604.991882324,256.203216553,827.64453125,143.857727051,147.018508911,159.896881104,80.3887481689,72.6472320557,35.7931442261,80.615447998,79.1037063599,154.960205078,118.046287537,160.583526611,160.317276001,442.925506592,367.080535889,191.86730957,164.593994141,103.907165527,71.7833633423,76.1763305664,68.7736816406,21.1592121124,11.5480337143,2.47026705742,0.94967186451,0.296051353216,0.0712629407644,0.0110310437158,0.000445848068921,2.34215420392e-7,2.526120646e-9]},"erbbands_crest":{"dmean":1.4874048233,"dmean2":2.38089799881,"dvar":2.34950304031,"dvar2":5.75273942947,"max":28.155330658,"mean":6.81234836578,"median":5.48969459534,"min":2.04297637939,"var":18.5230979919},"erbbands_flatness_db":{"dmean":0.00868835579604,"dmean2":0.0130206057802,"dvar":0.00010254848894,"dvar2":0.000208937912248,"max":0.490397334099,"mean":0.123012445867,"median":0.107862070203,"min":0.035383593291,"var":0.00290882308036},"erbbands_kurtosis":{"dmean":0.595565378666,"dmean2":0.927019476891,"dvar":10.9717931747,"dvar2":20.4026012421,"max":211.681182861,"mean":0.128447771072,"median":-1.15127086639,"min":-1.78976416588,"var":62.6257781982},"erbbands_skewness":{"dmean":0.26157438755,"dmean2":0.406674087048,"dvar":0.0760828927159,"dvar2":0.173296496272,"max":11.5952100754,"mean":0.34315726161,"median":0.209954172373,"min":-3.2173807621,"var":0.899343490601},"erbbands_spread":{"dmean":7.31374597549,"dmean2":11.503900528,"dvar":50.8061561584,"dvar2":119.796943665,"max":143.334671021,"mean":69.2026519775,"median":71.2826004028,"min":0.608261823654,"var":441.575836182},"gfcc":{"cov":[[42933.1210938,2321.12060547,-2114.67529297,2375.64086914,-1643.29699707,656.731201172,-839.48828125,741.94934082,-642.887268066,296.749664307,-529.237060547,-33.4859313965,-651.24798584],[2321.12060547,1416.94592285,-409.790618896,111.100975037,4.01891183853,-335.263000488,72.2245407104,-151.376144409,72.9970932007,-206.64074707,93.2812652588,-145.42590332,127.652099609],[-2114.67529297,-409.790618896,605.80657959,-129.981658936,124.814605713,110.970619202,4.39317655563,6.90017604828,-37.1127510071,45.8328819275,-35.7033729553,41.9350891113,-23.0411338806],[2375.64086914,111.100975037,-129.981658936,330.278717041,-78.0549316406,74.6922454834,-14.309844017,61.8560562134,-20.800069809,4.78031253815,5.57223892212,2.29897522926,-26.9725780487],[-1643.29699707,4.01891183853,124.814605713,-78.0549316406,220.69631958,24.0248603821,89.2180786133,-38.6359176636,35.8850898743,-8.81505203247,40.5512466431,-10.2973184586,31.8593521118],[656.731201172,-335.263000488,110.970619202,74.6922454834,24.0248603821,221.857498169,-10.7494878769,74.4526748657,-47.5635643005,76.5948181152,-32.9451370239,40.8508148193,-61.1667976379],[-839.48828125,72.2245407104,4.39317655563,-14.309844017,89.2180786133,-10.7494878769,118.765716553,1.43208527565,40.802822113,-22.4201526642,48.4019050598,-15.6728754044,25.7174568176],[741.94934082,-151.376144409,6.90017604828,61.8560562134,-38.6359176636,74.4526748657,1.43208527565,113.196334839,7.86778354645,50.7266807556,-20.7889156342,24.5720596313,-29.4046440125],[-642.887268066,72.9970932007,-37.1127510071,-20.800069809,35.8850898743,-47.5635643005,40.802822113,7.86778354645,99.9566574097,12.3556852341,29.738368988,-11.3102149963,32.896938324],[296.749664307,-206.64074707,45.8328819275,4.78031253815,-8.81505203247,76.5948181152,-22.4201526642,50.7266807556,12.3556852341,98.4570007324,-5.64650011063,37.7958717346,-31.1200828552],[-529.237060547,93.2812652588,-35.7033729553,5.57223892212,40.5512466431,-32.9451370239,48.4019050598,-20.7889156342,29.738368988,-5.64650011063,77.8044967651,7.98567724228,33.2017936707],[-33.4859313965,-145.42590332,41.9350891113,2.29897522926,-10.2973184586,40.8508148193,-15.6728754044,24.5720596313,-11.3102149963,37.7958717346,7.98567724228,61.9404907227,2.11811232567],[-651.24798584,127.652099609,-23.0411338806,-26.9725780487,31.8593521118,-61.1667976379,25.7174568176,-29.4046440125,32.896938324,-31.1200828552,33.2017936707,2.11811232567,71.1509933472]],"icov":[[0.000211157341255,-0.000859389489051,0.00032660519355,-0.000584243913181,0.000489991041832,-0.000582511827815,0.00026956104557,-0.000686807092279,0.00103121530265,-0.00130893685855,0.00105229381006,-0.000470340397442,0.000731074542273],[-0.000859389489051,0.00545689510182,-0.000806365220342,0.0011908741435,-0.00251109455712,0.00426818197593,-0.000979184638709,0.00320329284295,-0.00375936808996,0.00596409011632,-0.00495228543878,0.00456378469244,-0.00447272555903],[0.00032660519355,-0.000806365220342,0.00315958890133,-0.000421047763666,-0.00100122764707,-0.000881896645296,0.000464543321868,-0.00105064420495,0.00251543382183,-0.00212797033601,0.00285993516445,-0.00153590855189,0.00100517913233],[-0.000584243913181,0.0011908741435,-0.000421047763666,0.00725258653983,0.000457580696093,-0.00268550752662,0.000597056641709,-0.000683234597091,-0.00342466169968,0.00604719156399,-0.00605607032776,0.00126040203031,-0.000866047805175],[0.000489991041832,-0.00251109455712,-0.00100122764707,0.000457580696093,0.0124515201896,-0.00687176547945,-0.00550691504031,0.00340014789253,-0.000596328522079,-0.00325771560892,0.00110891996883,0.000657851924188,-0.000934167183004],[-0.000582511827815,0.00426818197593,-0.000881896645296,-0.00268550752662,-0.00687176547945,0.0172441285104,-0.00273541780189,-0.00126495794393,0.00421691732481,-0.00327629013918,0.000974499271251,0.000333054806106,0.000226992735406],[0.00026956104557,-0.000979184638709,0.000464543321868,0.000597056641709,-0.00550691504031,-0.00273541780189,0.0216680653393,-0.00897719431669,-0.00271949335001,0.00706731714308,-0.0109057957307,0.00395439658314,0.00249300408177],[-0.000686807092279,0.00320329284295,-0.00105064420495,-0.000683234597091,0.00340014789253,-0.00126495794393,-0.00897719431669,0.0223071780056,-0.00847422983497,-0.000582262349781,0.00428275857121,-0.00354493199848,-0.00100842793472],[0.00103121530265,-0.00375936808996,0.00251543382183,-0.00342466169968,-0.000596328522079,0.00421691732481,-0.00271949335001,-0.00847422983497,0.0273725800216,-0.0191547200084,0.00464582070708,0.00625191675499,-0.00631497893482],[-0.00130893685855,0.00596409011632,-0.00212797033601,0.00604719156399,-0.00325771560892,-0.00327629013918,0.00706731714308,-0.000582262349781,-0.0191547200084,0.0379363819957,-0.0138589637354,-0.0069454642944,0.0068922303617],[0.00105229381006,-0.00495228543878,0.00285993516445,-0.00605607032776,0.00110891996883,0.000974499271251,-0.0109057957307,0.00428275857121,0.00464582070708,-0.0138589637354,0.0342479683459,-0.012776080519,-0.000610759190749],[-0.000470340397442,0.00456378469244,-0.00153590855189,0.00126040203031,0.000657851924188,0.000333054806106,0.00395439658314,-0.00354493199848,0.00625191675499,-0.0069454642944,-0.012776080519,0.0374859012663,-0.0164976194501],[0.000731074542273,-0.00447272555903,0.00100517913233,-0.000866047805175,-0.000934167183004,0.000226992735406,0.00249300408177,-0.00100842793472,-0.00631497893482,0.0068922303617,-0.000610759190749,-0.0164976194501,0.0347738936543]],"mean":[-20.9822845459,95.028717041,-87.6556015015,62.0582351685,-51.6615982056,7.33654928207,-29.6309680939,12.1104707718,-25.4379825592,-3.2385737896,-17.1464576721,-1.98390495777,-14.2381734848]},"hfc":{"dmean":4.03371334076,"dmean2":6.23067235947,"dvar":33.2193260193,"dvar2":79.1202774048,"max":81.9952316284,"mean":19.2969112396,"median":18.0949268341,"min":1.05873559753e-16,"var":148.360137939},"melbands":{"dmean":[0.00236874027178,0.00466152047738,0.0020410513971,0.000589873408899,0.000310431612888,0.000262327987002,0.000118351657875,0.000110075125122,0.0000489163685415,0.0000380171622965,0.0000354278708983,0.0000205980850296,0.0000154456974997,0.0000107970117824,0.00000838362848299,0.00000995506161416,0.000007737668966,0.0000100352244772,0.00000661384865452,0.00000626601558906,0.0000076016199273,0.00000671102543492,0.00000677035222907,0.00000835213722894,0.00000916061071621,0.00000554726557311,0.00000401582155973,0.00000386260580854,0.00000289999093184,0.00000238828124566,0.00000206503818845,0.00000187524608464,0.00000175507489075,0.00000138066673117,8.1804103047e-7,6.56665690713e-7,5.67981658151e-7,3.19563838502e-7,3.01179255757e-7,2.12038116842e-7],"dmean2":[0.00412835786119,0.00769762555137,0.0033352158498,0.000956689123996,0.000498258450534,0.000427911960287,0.000194239750272,0.000185914017493,0.000081413454609,0.0000618384437985,0.0000585096604482,0.000033820320823,0.0000258715699601,0.0000184529253602,0.0000138770865306,0.0000163664935826,0.0000128448436953,0.0000169467366504,0.000011114748304,0.000010485347957,0.0000128750825752,0.0000113503883767,0.0000112593170343,0.0000139362791742,0.0000154387107614,0.00000927812106966,0.00000659752413412,0.00000640678354102,0.00000478959509564,0.00000394193330067,0.00000344978661815,0.00000310815789817,0.00000289145941679,0.00000226593260777,0.00000132766126626,0.00000103122135897,8.99652036424e-7,4.95914491694e-7,4.633966455e-7,3.24384444639e-7],"dvar":[0.0000199222577066,0.0000468884063594,0.0000103730271803,0.00000121566733924,2.00910704962e-7,1.74125531771e-7,6.61243291233e-8,7.26795832406e-8,5.26780574717e-9,3.09778824814e-9,2.5825013239e-9,7.55088158666e-10,5.95567928308e-10,5.1673537671e-10,1.98779021021e-10,3.59275276196e-10,2.06366951305e-10,3.69565905656e-10,1.69239802728e-10,2.07713221623e-10,2.15372539247e-10,1.33290226079e-10,8.8497244255e-11,1.59524615739e-10,1.13569466331e-10,4.52151718844e-11,2.95454147259e-11,2.62111790605e-11,1.67983474353e-11,1.79774424514e-11,1.15270328005e-11,1.11478448001e-11,8.98448503095e-12,6.87085674814e-12,1.86990245336e-12,1.25777838665e-12,1.26689923743e-12,2.81055669189e-13,2.71366262794e-13,1.46689911194e-13],"dvar2":[0.0000565926929994,0.000129254578496,0.0000278196566796,0.00000324637039739,5.03663386553e-7,4.61617531755e-7,1.63047346291e-7,1.94559504507e-7,1.41421736544e-8,7.88757681391e-9,6.87547885292e-9,1.96446681144e-9,1.56036106258e-9,1.41096512252e-9,5.21238163742e-10,9.3710039728e-10,5.39407296607e-10,9.64189617036e-10,4.4015865952e-10,5.70113678489e-10,5.87520976314e-10,3.64339669545e-10,2.33253222293e-10,4.21643081561e-10,3.16466575168e-10,1.20457865904e-10,7.5165706992e-11,6.9750878684e-11,4.42339845308e-11,4.51536689983e-11,3.18563127266e-11,3.02084017523e-11,2.45027123591e-11,1.84575688067e-11,4.82401315074e-12,3.13172816672e-12,2.98770860482e-12,6.65651615859e-13,6.18273281964e-13,3.17420758731e-13],"max":[0.0589790381491,0.0841190889478,0.0516489520669,0.0240441877395,0.00707612233236,0.00577168213204,0.00325087853707,0.00436808541417,0.00119610724505,0.000764019379858,0.00080678879749,0.000359433877748,0.000356443488272,0.000411458779126,0.000219545385335,0.000339866324794,0.000235582047026,0.000429910578532,0.000224482806516,0.000325032131514,0.000291621487122,0.000320666615153,0.000181019466254,0.000290656375,0.000200638445676,0.00011259533494,0.000106931198388,0.000116158495075,0.0000692025059834,0.000108020452899,0.0000577441751375,0.0000644962856313,0.0000494796695421,0.0000556747545488,0.0000288077371806,0.0000296138714475,0.0000316881669278,0.0000108195545181,0.0000124192829389,0.00000983671543509],"mean":[0.00345599162392,0.0107453623787,0.00446442142129,0.00101579609327,0.00064810650656,0.000485480879433,0.000181609808351,0.000159312927281,0.0000875810219441,0.0000698822987033,0.0000616150573478,0.0000375166127924,0.0000238002576225,0.0000150669857248,0.0000132516188387,0.0000153535493155,0.0000121650346045,0.0000148005101437,0.00000976074352366,0.00000976685532805,0.0000124596699607,0.0000122439068946,0.0000143439810927,0.0000180367005669,0.0000218926397793,0.0000138541890919,0.0000101559280665,0.00000951891252043,0.00000689954595146,0.0000053327189562,0.00000493370589538,0.00000439715813627,0.00000405293076255,0.00000315560146191,0.00000216161470235,0.00000185045507806,0.00000148697040459,9.26215534491e-7,8.44191504257e-7,5.89814987961e-7],"median":[0.00195949664339,0.00895545817912,0.0035114090424,0.000604859145824,0.000445960322395,0.000326491310261,0.000106540072011,0.0000814955565147,0.0000601926731179,0.0000499388224853,0.0000448729151685,0.000027921552828,0.0000155308262038,0.00000811501558928,0.00000794659536041,0.00000780248137744,0.00000661191552354,0.00000822685433377,0.00000510950485477,0.00000543379519513,0.00000786218879512,0.00000870153053256,0.0000107587793536,0.0000119874075608,0.0000193253727048,0.0000115878101496,0.00000758067653805,0.00000752826190364,0.00000505612433699,0.00000359578484677,0.00000358441911885,0.00000285958662971,0.00000267167797574,0.00000185190197044,0.00000137114955123,0.00000120625099953,8.56837971241e-7,6.17329078523e-7,5.47666559214e-7,3.62289938494e-7],"min":[7.68026743587e-25,6.96350644524e-25,8.66845031906e-25,1.11174532221e-24,1.587849897e-24,1.59607643434e-24,1.99959633951e-24,9.932098993e-25,2.29703654104e-24,1.82790845489e-24,2.44236207473e-24,2.23453962747e-24,2.59033423674e-24,1.37506127452e-24,2.33245600126e-24,3.45874131185e-24,2.8358155231e-24,3.15166477993e-24,3.75302113938e-24,3.46762349121e-24,3.50599210792e-24,4.01195565962e-24,3.00843150259e-24,4.15467479687e-24,4.46591986702e-24,4.04381222955e-24,4.1290206458e-24,4.04622969379e-24,4.57736855799e-24,3.89495417674e-24,4.68890915125e-24,5.34605316227e-24,4.48860316792e-24,4.96869089863e-24,5.43255097166e-24,5.70643401163e-24,6.19616753906e-24,5.70139200715e-24,5.77694476592e-24,5.73204122547e-24],"var":[0.0000209791178349,0.0000904887419892,0.0000192710067495,0.00000187767943771,4.59335780079e-7,2.80627830307e-7,7.69345476215e-8,7.69579528992e-8,8.55703330416e-9,5.33966160177e-9,3.92458820997e-9,1.37899303088e-9,7.58729523653e-10,4.95434582248e-10,2.66840438634e-10,4.57612003846e-10,2.69161054556e-10,4.67518468383e-10,2.03808983579e-10,2.10945219625e-10,2.54361365304e-10,1.73475026011e-10,1.91045498865e-10,4.10173783827e-10,2.71856093192e-10,1.23535029428e-10,9.79193393036e-11,7.71211219885e-11,4.86477698403e-11,4.14477098476e-11,2.58690586313e-11,2.89292166611e-11,2.41861444067e-11,1.8235867677e-11,7.16471630288e-12,5.14288394857e-12,4.64246870113e-12,1.1849389742e-12,1.06199760357e-12,5.67747726003e-13]},"melbands_crest":{"dmean":2.78160643578,"dmean2":4.50996828079,"dvar":7.42003393173,"dvar2":19.7998771667,"max":34.5822753906,"mean":19.3967151642,"median":19.700044632,"min":1.55768275261,"var":33.69373703},"melbands_flatness_db":{"dmean":0.0244323983788,"dmean2":0.0382933653891,"dvar":0.000629217771348,"dvar2":0.00154564820696,"max":0.712589800358,"mean":0.254651248455,"median":0.249116957188,"min":0.00316741340794,"var":0.00668605929241},"melbands_kurtosis":{"dmean":19.2717075348,"dmean2":30.4331130981,"dvar":625.766052246,"dvar2":1605.10498047,"max":408.768157959,"mean":57.1508369446,"median":46.936164856,"min":-1.757132411,"var":2135.59594727},"melbands_skewness":{"dmean":1.01684308052,"dmean2":1.60368263721,"dvar":1.1293412447,"dvar2":2.86423611641,"max":16.9512252808,"mean":5.90050077438,"median":5.8572883606,"min":-2.88978505135,"var":5.49425268173},"melbands_spread":{"dmean":3.22637462616,"dmean2":5.23545503616,"dvar":28.6374816895,"dvar2":69.4158325195,"max":195.718170166,"mean":11.9721031189,"median":7.1865735054,"min":0.176580518484,"var":395.325775146},"mfcc":{"cov":[[16885.2773438,1366.81274414,265.770019531,813.954956055,55.4445457458,90.923866272,-15.4021081924,189.98109436,40.664024353,173.63458252,219.889831543,97.2894668579,14.1863946915],[1366.81274414,1370.26623535,-159.446990967,347.881744385,-37.3996238708,-62.98462677,-30.2602748871,4.10128307343,-33.4997444153,4.04632806778,-69.1276168823,-39.9983062744,-87.5839004517],[265.770019531,-159.446990967,370.689117432,-16.496591568,69.0411453247,46.0677604675,47.2075119019,15.0457792282,2.15559720993,-25.3396339417,16.4851703644,-23.369140625,-2.08207726479],[813.954956055,347.881744385,-16.496591568,239.992614746,-3.80843043327,-12.0720758438,4.08560228348,41.1584892273,-8.75396156311,16.9005870819,-8.14245128632,-0.0734327733517,-15.1334085464],[55.4445457458,-37.3996238708,69.0411453247,-3.80843043327,101.994468689,66.9794692993,45.1568336487,11.3348760605,14.8898000717,-3.09824252129,13.2472219467,3.66026377678,13.6888370514],[90.923866272,-62.98462677,46.0677604675,-12.0720758438,66.9794692993,103.349838257,53.6816177368,12.632440567,8.6019153595,-0.394915878773,17.2670764923,10.5501298904,21.8696060181],[-15.4021081924,-30.2602748871,47.2075119019,4.08560228348,45.1568336487,53.6816177368,99.2215118408,36.8746757507,15.5544996262,1.18019545078,12.2513065338,11.8418722153,15.4663572311],[189.98109436,4.10128307343,15.0457792282,41.1584892273,11.3348760605,12.632440567,36.8746757507,62.4026794434,20.9321994781,12.4658308029,9.92948436737,5.20604419708,6.28187847137],[40.664024353,-33.4997444153,2.15559720993,-8.75396156311,14.8898000717,8.6019153595,15.5544996262,20.9321994781,50.5194740295,23.2172298431,13.9661169052,12.3940448761,3.43226718903],[173.63458252,4.04632806778,-25.3396339417,16.9005870819,-3.09824252129,-0.394915878773,1.18019545078,12.4658308029,23.2172298431,47.9959106445,24.3485946655,14.8846578598,2.87426781654],[219.889831543,-69.1276168823,16.4851703644,-8.14245128632,13.2472219467,17.2670764923,12.2513065338,9.92948436737,13.9661169052,24.3485946655,49.8313140869,25.8498706818,18.0213184357],[97.2894668579,-39.9983062744,-23.369140625,-0.0734327733517,3.66026377678,10.5501298904,11.8418722153,5.20604419708,12.3940448761,14.8846578598,25.8498706818,49.2367210388,25.595582962],[14.1863946915,-87.5839004517,-2.08207726479,-15.1334085464,13.6888370514,21.8696060181,15.4663572311,6.28187847137,3.43226718903,2.87426781654,18.0213184357,25.595582962,53.1706161499]],"icov":[[0.0000838713604026,-0.0000712405962986,-0.000100750708953,-0.00019364192849,0.0000745057986933,-0.000151872096467,0.000204247771762,-0.00011860585073,-0.0000190171904251,-0.0000222663402383,-0.000413388828747,-0.0000298723607557,-0.0000439778086729],[-0.0000712405962986,0.00153591821436,0.000677814241499,-0.00205872743391,-0.000302715430735,0.000374172697775,-0.000727242208086,0.00141376291867,-0.000225763200433,0.000269709969871,0.000927387038246,0.000411820597947,0.00144556723535],[-0.000100750708953,0.000677814241499,0.0040375883691,-0.000692901958246,-0.0019538323395,0.000565089227166,-0.00142953975592,0.000467271864181,-0.000529808632564,0.00316482805647,-0.00288557237945,0.00311532709748,0.00107695639599],[-0.00019364192849,-0.00205872743391,-0.000692901958246,0.00960421748459,-0.00123593828175,0.000609042413998,0.00141591427382,-0.00732052046806,0.00514311995357,-0.00426022941247,0.00313879968598,-0.00293404469267,0.000134471963975],[0.0000745057986933,-0.000302715430735,-0.0019538323395,-0.00123593828175,0.0201060585678,-0.0106762060896,-0.00228647864424,0.00271381437778,-0.00625839084387,0.00338625279255,-0.00253407005221,0.00236826296896,-0.00144765607547],[-0.000151872096467,0.000374172697775,0.000565089227166,0.000609042413998,-0.0106762060896,0.0208492968231,-0.00697266869247,0.00158372335136,0.00222385325469,-0.000492107588798,-0.0015165101504,0.000689035223331,-0.00306811812334],[0.000204247771762,-0.000727242208086,-0.00142953975592,0.00141591427382,-0.00228647864424,-0.00697266869247,0.019828222692,-0.0111514506862,0.000423630146543,0.000978117343038,0.000905962195247,-0.00438270904124,-0.000176500558155],[-0.00011860585073,0.00141376291867,0.000467271864181,-0.00732052046806,0.00271381437778,0.00158372335136,-0.0111514506862,0.0306909531355,-0.0115492865443,0.000986174913123,-0.00291222543456,0.00600428925827,-0.00264827464707],[-0.0000190171904251,-0.000225763200433,-0.000529808632564,0.00514311995357,-0.00625839084387,0.00222385325469,0.000423630146543,-0.0115492865443,0.034492585808,-0.0164259634912,0.00475328043103,-0.00737245613709,0.00361341820098],[-0.0000222663402383,0.000269709969871,0.00316482805647,-0.00426022941247,0.00338625279255,-0.000492107588798,0.000978117343038,0.000986174913123,-0.0164259634912,0.0413901545107,-0.0201341826469,0.00189221836627,0.003027332481],[-0.000413388828747,0.000927387038246,-0.00288557237945,0.00313879968598,-0.00253407005221,-0.0015165101504,0.000905962195247,-0.00291222543456,0.00475328043103,-0.0201341826469,0.0439696498215,-0.0160149075091,-0.00263690785505],[-0.0000298723607557,0.000411820597947,0.00311532709748,-0.00293404469267,0.00236826296896,0.000689035223331,-0.00438270904124,0.00600428925827,-0.00737245613709,0.00189221836627,-0.0160149075091,0.0388574488461,-0.0132582318038],[-0.0000439778086729,0.00144556723535,0.00107695639599,0.000134471963975,-0.00144765607547,-0.00306811812334,-0.000176500558155,-0.00264827464707,0.00361341820098,0.003027332481,-0.00263690785505,-0.0132582318038,0.0301587618887]],"mean":[-648.741088867,112.339439392,22.9018115997,53.3248519897,7.12387228012,5.71739149094,5.63131284714,10.9072151184,-0.480468928814,3.23478150368,0.538044273853,-3.21487236023,-5.26631832123]},"pitch_salience":{"dmean":0.0768852159381,"dmean2":0.123356372118,"dvar":0.00514494022354,"dvar2":0.0136677548289,"max":0.964963197708,"mean":0.480663388968,"median":0.476199388504,"min":0.0376410894096,"var":0.0192825980484},"silence_rate_20dB":{"dmean":0,"dmean2":0,"dvar":0,"dvar2":0,"max":1,"mean":1,"median":1,"min":1,"var":0},"silence_rate_30dB":{"dmean":0.101269066334,"dmean2":0.202564105392,"dvar":0.0910127982497,"dvar2":0.201778709888,"max":1,"mean":0.884004116058,"median":1,"min":0,"var":0.102529831231},"silence_rate_60dB":{"dmean":0.00205101910979,"dmean2":0.00410256395116,"dvar":0.00204679719172,"dvar2":0.00408583879471,"max":1,"mean":0.0644706487656,"median":0,"min":0,"var":0.0603155083954},"spectral_centroid":{"dmean":210.351974487,"dmean2":336.50958252,"dvar":72027.7265625,"dvar2":155898.15625,"max":11887.6962891,"mean":1281.70080566,"median":1043.53625488,"min":177.632736206,"var":1932256.625},"spectral_complexity":{"dmean":3.80899882317,"dmean2":5.76333332062,"dvar":17.6531982422,"dvar2":33.6373558044,"max":55,"mean":20.051525116,"median":19,"min":0,"var":117.191574097},"spectral_contrast_coeffs":{"dmean":[0.0468863807619,0.0451324470341,0.0324310809374,0.0227542556822,0.0171857997775,0.0140446247533],"dmean2":[0.0777298361063,0.0753281190991,0.0545568577945,0.0388554111123,0.0293536726385,0.0231571216136],"dvar":[0.00156283797696,0.00136090873275,0.000652233546134,0.000333101896103,0.000184969307156,0.000159639763297],"dvar2":[0.00436035869643,0.00379824289121,0.00182993605267,0.000962158781476,0.000522131100297,0.0004119494115],"max":[-0.274288892746,-0.4859816432,-0.514655828476,-0.643969357014,-0.571486115456,-0.610275506973],"mean":[-0.610514640808,-0.753238677979,-0.810211420059,-0.83657926321,-0.807053506374,-0.749710202217],"median":[-0.603214740753,-0.751474380493,-0.809892296791,-0.835722327232,-0.803251504898,-0.743869006634],"min":[-0.987115383148,-0.981049537659,-0.987293541431,-0.973106741905,-0.970871567726,-0.964808046818],"var":[0.00866748858243,0.00499266386032,0.00248644337989,0.00110270618461,0.00128243514337,0.00228130747564]},"spectral_contrast_valleys":{"dmean":[0.375745385885,0.352087080479,0.304828137159,0.270585000515,0.172282874584,0.155544951558],"dmean2":[0.622843742371,0.572338461876,0.488634169102,0.422205328941,0.267126172781,0.21911329031],"dvar":[0.137574538589,0.129091486335,0.107018858194,0.105584062636,0.0787174701691,0.0742231830955],"dvar2":[0.289761424065,0.255070030689,0.198400333524,0.181978598237,0.119442991912,0.111757211387],"max":[-4.93271446228,-4.57837533951,-5.7271695137,-6.03825950623,-5.89800024033,-8.30334472656],"mean":[-7.05660867691,-7.0593547821,-7.81673383713,-8.25664806366,-7.61695146561,-10.4146633148],"median":[-6.40417861938,-6.41629695892,-7.19970607758,-7.651471138,-6.91739368439,-9.59506225586],"min":[-28.2033462524,-28.0104598999,-27.7603626251,-27.6704807281,-27.5287857056,-27.3820304871],"var":[9.33702850342,9.27489471436,8.46820068359,8.27728176117,8.79236793518,7.15960931778]},"spectral_decrease":{"dmean":5.43486766702e-9,"dmean2":8.97253382703e-9,"dvar":6.45346130707e-17,"dvar2":1.76788613935e-16,"max":1.3243248571e-23,"mean":-1.52548622623e-8,"median":-1.39024312062e-8,"min":-1.09810429194e-7,"var":1.15678574922e-16},"spectral_energy":{"dmean":0.0207823198289,"dmean2":0.0342909917235,"dvar":0.000941732781939,"dvar2":0.0025770207867,"max":0.420811444521,"mean":0.0593257062137,"median":0.0543210506439,"min":9.95647980424e-21,"var":0.0017070916947},"spectral_energyband_high":{"dmean":0.000227057913435,"dmean2":0.000334383134032,"dvar":1.30286451849e-7,"dvar2":2.9401448387e-7,"max":0.00749978004023,"mean":0.000951794616412,"median":0.000730235711671,"min":6.63466544368e-21,"var":8.90759054073e-7},"spectral_energyband_low":{"dmean":0.0191789586097,"dmean2":0.0316334627569,"dvar":0.000844543916173,"dvar2":0.00234534987248,"max":0.365063905716,"mean":0.0451471693814,"median":0.0389112532139,"min":1.6100415995e-23,"var":0.00140524085145},"spectral_energyband_middle_high":{"dmean":0.000697662646417,"dmean2":0.00108367833309,"dvar":0.00000119082233141,"dvar2":0.00000283251483779,"max":0.0126287424937,"mean":0.00235226843506,"median":0.00198161508888,"min":1.13724379237e-21,"var":0.00000320552294397},"spectral_energyband_middle_low":{"dmean":0.0057538356632,"dmean2":0.00933940894902,"dvar":0.0000761610208428,"dvar2":0.00020065769786,"max":0.138308465481,"mean":0.0159765314311,"median":0.0128841679543,"min":1.41653493453e-22,"var":0.000174243672518},"spectral_entropy":{"dmean":0.108368709683,"dmean2":0.167174220085,"dvar":0.0157803967595,"dvar2":0.0334754362702,"max":9.8237323761,"mean":7.63010787964,"median":7.74522447586,"min":3.00724887848,"var":0.454152345657},"spectral_flux":{"dmean":0.0308982972056,"dmean2":0.0493092425168,"dvar":0.00153176416643,"dvar2":0.00339270266704,"max":0.489853233099,"mean":0.0961005091667,"median":0.0834148675203,"min":6.41375216826e-11,"var":0.00414208183065},"spectral_kurtosis":{"dmean":1.12260472775,"dmean2":1.91427433491,"dvar":6.28836631775,"dvar2":15.1121416092,"max":121.149711609,"mean":3.56476831436,"median":2.35067462921,"min":-1.27349102497,"var":56.4495811462},"spectral_rms":{"dmean":0.0011891432805,"dmean2":0.00192445749417,"dvar":0.00000213527050619,"dvar2":0.0000056997801039,"max":0.0202619768679,"mean":0.007035641931,"median":0.00727984542027,"min":3.11667120063e-12,"var":0.00000837840434542},"spectral_rolloff":{"dmean":208.424972534,"dmean2":359.895874023,"dvar":352689.125,"dvar2":828181.4375,"max":19638.28125,"mean":900.052368164,"median":279.931640625,"min":43.06640625,"var":7992733.5},"spectral_skewness":{"dmean":0.148485139012,"dmean2":0.245282515883,"dvar":0.0377598926425,"dvar2":0.0987424403429,"max":9.30808448792,"mean":1.25625491142,"median":1.15339064598,"min":-0.0757274031639,"var":0.520384907722},"spectral_spread":{"dmean":332987.46875,"dmean2":527948.5625,"dvar":611558227968,"dvar2":1267934822400,"max":42791044,"mean":5564369,"median":5053570,"min":840912.125,"var":22677486043100},"spectral_strongpeak":{"dmean":0.255101412535,"dmean2":0.425866186619,"dvar":0.0837011560798,"dvar2":0.212105765939,"max":3.39940547943,"mean":0.67371326685,"median":0.609694242477,"min":0,"var":0.194922506809},"zerocrossingrate":{"dmean":0.00744064012542,"dmean2":0.00984500162303,"dvar":0.000109580403659,"dvar2":0.000199725007406,"max":0.52978515625,"mean":0.0512776039541,"median":0.0361328125,"min":0.00341796875,"var":0.00521109532565}},"metadata":{"audio_properties":{"analysis_sample_rate":44100,"bit_rate":192000,"codec":"mp3","downmix":"mix","equal_loudness":0,"length":181.133056641,"lossless":false,"md5_encoded":"97d95f9c9df7a52a7f96cd7c431f881e","replay_gain":-4.43967819214,"sample_rate":44100},"tags":{"album":["Prick"],"albumartist":["Melvins"],"albumartistsort":["Melvins"],"artist":["Melvins"],"artistsort":["Melvins"],"contentgroup":["Rock"],"date":["1994-08-05"],"discnumber":["1/1"],"file_name":"10 - Larry.mp3","genre":["Rock","Grunge","Stoner Rock","Sludge Metal","Experimental","Alternative"],"language":["eng"],"musicbrainz album release country":["US"],"musicbrainz album status":["official"],"musicbrainz album type":["album"],"musicbrainz_albumartistid":["9ccfbc94-a4f4-42f7-b6f5-d903ab77cccb"],"musicbrainz_albumid":["14b5483c-0210-4a84-ad38-030d2c89c25d"],"musicbrainz_artistid":["9ccfbc94-a4f4-42f7-b6f5-d903ab77cccb"],"musicbrainz_recordingid":["5fcfd27d-c6d6-45ba-a47d-8306ed55a4b5"],"musicip_puid":["76fc9d47-098d-34c3-af5e-9ba887e2ad24"],"script":["Latn"],"title":["Larry"],"tracknumber":["10/11"]},"version":{"essentia":"2.1-beta2","essentia_build_sha":"2d9f1f26377add8aeb1075a9c2973f962c4f09fd","essentia_git_sha":"v2.1_beta2-1-ge3940c0","extractor":"music 1.0"}},"rhythm":{"beats_count":530,"beats_loudness":{"dmean":0.0345245078206,"dmean2":0.0621271505952,"dvar":0.00109067047015,"dvar2":0.00342747452669,"max":0.26430156827,"mean":0.0715116411448,"median":0.0694676712155,"min":0,"var":0.00152974750381},"beats_loudness_band_ratio":{"dmean":[0.170259922743,0.117287322879,0.0459427386522,0.0156708676368,0.0195584278554,0.0259660407901],"dmean2":[0.299728155136,0.201870977879,0.0838136598468,0.0279004611075,0.0348513536155,0.0451041720808],"dvar":[0.0217557065189,0.0125890141353,0.00211335788481,0.000673367932905,0.000687384570483,0.0038960292004],"dvar2":[0.0624044463038,0.0341032259166,0.006173864007,0.00196571531706,0.00198790500872,0.011035268195],"max":[