{"lowlevel":{"average_loudness":0.678826987743,"barkbands":{"dmean":[0.0121099920943,0.0243265572935,0.00323234009556,0.0009751355974,0.00126113067381,0.00053143966943,0.000665375613607,0.000522970687598,0.000701266515534,0.00063955434598,0.000529614568222,0.000650509435218,0.00074721762212,0.000700650271028,0.000534066348337,0.000209508114494,0.000165047633345,0.000150634063175,0.000144277481013,0.0000791359852883,0.0000386606516258,0.0000202434657695,0.00000962072408583,0.0000046570548875,0.00000377670835405,0.00000377335345547,0.0000537472114956],"dmean2":[0.0210248939693,0.042380284518,0.00562064861879,0.00165218138136,0.00215745042078,0.000903139996808,0.00108060962521,0.000839843356516,0.00113460037392,0.0010387749644,0.000888972135726,0.00109402707312,0.00125418615062,0.00118364358786,0.000901923805941,0.000347805500496,0.000282146473182,0.000251858233241,0.000239831162617,0.000129700711113,0.0000644262763672,0.0000335712575179,0.0000157339654834,0.00000787253611634,0.00000640802954877,0.00000636555660094,0.0000873578756],"dvar":[0.000947259075474,0.00317587796599,0.0000316755431413,0.00000287675288746,0.00000602974751018,8.61490889292e-7,0.00000312791325996,0.00000208528649637,0.0000026767095278,0.00000164167033745,7.98554879111e-7,0.00000115533293865,0.00000143288798427,0.00000124455334571,7.65278059589e-7,2.12805431943e-7,8.30532727036e-8,7.77936648433e-8,1.00602690623e-7,2.40290027875e-8,4.66705518676e-9,1.72542891086e-9,5.02650865375e-10,7.79958736485e-11,4.90872481551e-11,4.62840772653e-11,1.51339456522e-8],"dvar2":[0.00262716878206,0.00895296689123,0.0000859253850649,0.00000779077436164,0.0000168912356457,0.00000228291378335,0.00000737792743166,0.00000509915844304,0.00000658852650304,0.00000394346898247,0.00000214811461774,0.00000300755937133,0.00000386109422834,0.00000342362341144,0.00000205546302823,5.02239799971e-7,2.28464131169e-7,2.07243104455e-7,2.58994305113e-7,6.0516114786e-8,1.23756747072e-8,4.57801352383e-9,1.29519606151e-9,2.0363100095e-10,1.32281338661e-10,1.24870391804e-10,3.93318231318e-8],"max":[0.36834064126,0.64738047123,0.103698089719,0.0368203483522,0.0473927259445,0.0214944593608,0.0568227693439,0.0480035319924,0.0388987287879,0.033898640424,0.0139108551666,0.0327004566789,0.0286033991724,0.0221599247307,0.017245458439,0.0163565650582,0.00460480852053,0.00699399551377,0.013554633595,0.00474066054448,0.00139311945532,0.000861073262058,0.000470534781925,0.000143479657709,0.00010353270045,0.0000940278332564,0.00291729043238],"mean":[0.0137092070654,0.0315092988312,0.0040727914311,0.00140513537917,0.00185167614836,0.000748166698031,0.00108306284528,0.000930889102165,0.00121088628657,0.00112370576244,0.000886237306986,0.00119910598733,0.00140762282535,0.00136053434107,0.00104522460606,0.000394958915422,0.000346126587829,0.000343356776284,0.000342846265994,0.000199539164896,0.000102144942502,0.0000460704650322,0.000015819512555,0.0000048929332479,0.00000371070609617,0.00000392086940337,0.000170936866198],"median":[0.00487247714773,0.0100920069963,0.00198708591051,0.000628051813692,0.0010319763096,0.000410341337556,0.000355771830073,0.000327154033585,0.000419319840148,0.000492487917654,0.000500917783938,0.000717306975275,0.000837487401441,0.000860837637447,0.000671610468999,0.000232094927924,0.000199554051505,0.000188350852113,0.000171522930032,0.0000896329438547,0.0000636460681562,0.0000276642203971,0.00000750544268158,0.00000150728976678,9.54883603299e-7,0.00000120096456158,0.0000845814865897],"min":[5.42901687481e-24,1.14485040258e-23,7.31206138216e-24,1.10615432971e-23,2.47584499975e-23,1.87155672042e-23,4.01102669701e-23,2.83419611e-23,5.68262516399e-23,7.13654756158e-23,1.0566916781e-22,5.5047458651e-23,9.22277479133e-23,8.51256205618e-23,6.98375088404e-23,1.39655062655e-22,9.16595156261e-23,1.99701009059e-22,2.7881406433e-22,2.28723946447e-22,3.06572400889e-22,4.23202140955e-22,4.96346586265e-22,8.55615551955e-22,1.02984531524e-21,1.83167595202e-21,2.08986252799e-21],"var":[0.000816366227809,0.00295858643949,0.0000373147013306,0.00000463493233838,0.00000724114624973,0.00000115970613024,0.00000734065906727,0.00000629092573945,0.00000636766844764,0.00000462894831799,0.00000151920789904,0.000002482957143,0.00000316576210935,0.00000282633345705,0.00000174553304078,4.3631669655e-7,1.95548850002e-7,2.08627582765e-7,2.64832920038e-7,8.71395329227e-8,1.71265881477e-8,3.64274121978e-9,6.728717028e-10,8.55144080547e-11,5.17387521715e-11,5.09672200277e-11,5.98595590873e-8]},"barkbands_crest":{"dmean":3.10411691666,"dmean2":5.13455820084,"dvar":7.25514030457,"dvar2":18.6020812988,"max":25.0417251587,"mean":12.339214325,"median":12.2034797668,"min":2.28097486496,"var":18.7261295319},"barkbands_flatness_db":{"dmean":0.0351076647639,"dmean2":0.058014433831,"dvar":0.00112879171502,"dvar2":0.00317853083834,"max":0.44811502099,"mean":0.170374810696,"median":0.157184660435,"min":0.0430512689054,"var":0.00390644837171},"barkbands_kurtosis":{"dmean":9.63180923462,"dmean2":16.6353988647,"dvar":479.183624268,"dvar2":1432.33618164,"max":371.227966309,"mean":14.1615829468,"median":3.28107666969,"min":-1.84653663635,"var":983.496826172},"barkbands_skewness":{"dmean":0.94761633873,"dmean2":1.56987249851,"dvar":1.18027949333,"dvar2":3.12764644623,"max":15.2086076736,"mean":2.43725943565,"median":1.87368512154,"min":-7.29981613159,"var":4.76087808609},"barkbands_spread":{"dmean":5.6083316803,"dmean2":9.24014663696,"dvar":38.5008010864,"dvar2":97.1759338379,"max":126.653198242,"mean":18.3913383484,"median":18.1823043823,"min":0.417543321848,"var":131.416305542},"dissonance":{"dmean":0.0155240958557,"dmean2":0.0263637304306,"dvar":0.000331907911459,"dvar2":0.000927890825551,"max":0.500000178814,"mean":0.472483575344,"median":0.482130348682,"min":0.191579595208,"var":0.000916940683965},"dynamic_complexity":6.42768907547,"erbbands":{"dmean":[1.2588288784,3.60783028603,4.27976894379,2.95587038994,4.16144227982,4.03200006485,3.9592165947,4.92307138443,8.92245769501,9.22751808167,13.0839824677,16.5219287872,21.5629863739,13.8338956833,26.2584896088,25.5388450623,33.3718185425,31.9642543793,31.387922287,18.3420600891,9.37176704407,9.10423660278,8.60781097412,7.31380939484,5.71574735641,3.7025141716,2.16413545609,1.2306637764,0.732130944729,0.474804490805,0.251859337091,0.12453366071,0.0665637403727,0.0430987812579,0.0264757275581,0.0146272350103,0.00705422088504,0.00506260618567,0.00505631230772,0.00121781986672],"dmean2":[2.22312188148,6.20849657059,7.44728517532,4.95339155197,7.16900491714,6.8538351059,6.74266910553,8.33857345581,14.8213853836,14.8454990387,21.2677726746,26.6638088226,35.093875885,22.8629989624,43.8195343018,42.9110794067,55.8914756775,53.5078849792,53.2071533203,30.5565223694,15.6514568329,15.5283288956,14.4108018875,12.1004934311,9.42176246643,6.08023262024,3.59090900421,2.05344986916,1.21235096455,0.78716480732,0.412611275911,0.208176404238,0.113151729107,0.0731405690312,0.0449053868651,0.024758098647,0.011883828789,0.00820418912917,0.0081581370905,0.00198679580353],"dvar":[11.7901754379,45.9022331238,52.6871185303,24.18800354,55.4304847717,77.4601669312,50.8974227905,77.8430023193,419.149963379,793.56829834,1147.58361816,1708.71484375,2210.91894531,680.62689209,2114.88183594,1977.46069336,2990.91088867,2723.77758789,2426.99609375,1460.66088867,302.60357666,260.226745605,243.649429321,248.977325439,149.338821411,53.4408416748,16.5091762543,5.15136528015,2.44248342514,1.10491251945,0.350607186556,0.067132756114,0.0152431093156,0.00638786051422,0.00240365532227,0.000721035525203,0.000158923474373,0.000156360008987,0.000178704634891,0.00000723835546523],"dvar2":[33.4065208435,127.696815491,143.197280884,65.4877319336,155.943328857,213.936752319,139.315124512,208.00769043,1077.1628418,1851.76062012,2983.92260742,4219.53564453,5322.671875,1775.98840332,5622.47216797,5145.47314453,7951.19726562,7397.63134766,6773.92626953,3682.70166016,767.471069336,715.570007324,660.140441895,631.110412598,367.291625977,135.612197876,42.4678916931,13.5885190964,6.47343111038,2.93262243271,0.895648121834,0.171258300543,0.0407610610127,0.0171969495714,0.00648164888844,0.00194737897255,0.000428281753557,0.00038676141412,0.000465006945888,0.0000187738842214],"max":[37.420009613,73.2914886475,127.654060364,86.8562545776,110.388961792,202.744613647,145.058334351,162.311447144,494.613861084,938.028564453,1076.63806152,1071.22741699,1365.16638184,648.435058594,1063.82397461,1515.40356445,1133.3515625,1284.29541016,959.089111328,959.228210449,509.741760254,267.564544678,356.470397949,647.25177002,466.147918701,204.192718506,95.5133743286,45.3002128601,33.7622528076,20.041847229,15.857419014,5.20064544678,1.67991685867,1.20373237133,0.70336163044,0.384741067886,0.174215957522,0.268816530704,0.287648648024,0.063479475677],"mean":[1.54367649555,4.59960842133,5.69028377533,4.68216609955,5.88451957703,5.38932752609,5.63665437698,6.92976522446,14.1491203308,16.2557792664,23.7711963654,29.2881450653,37.8270111084,26.0298442841,46.0562553406,50.1074409485,65.7039718628,66.8391036987,68.0725097656,37.8535766602,20.5537071228,20.6503601074,20.2134933472,17.7678642273,14.2708387375,9.43254089355,5.63912916183,3.14993429184,1.69114089012,0.948875129223,0.404271453619,0.147230193019,0.0666353628039,0.0423710457981,0.0261146929115,0.0147169101983,0.00753035629168,0.00742576643825,0.0124053377658,0.00401454046369],"median":[0.366096824408,1.71309065819,3.07639884949,2.34619522095,2.58566617966,2.73068571091,3.0730240345,3.423579216,4.73316383362,5.27364730835,9.22969245911,10.5907230377,14.6800060272,16.438287735,25.5322647095,32.4822235107,40.2397460938,44.7827606201,48.3057937622,23.1303958893,13.2397193909,12.4515829086,11.575094223,9.77575683594,7.08584880829,4.18663978577,2.94984340668,2.13401412964,1.04972887039,0.506567716599,0.18948738277,0.0541826337576,0.0180849730968,0.0108312061056,0.00686514563859,0.00411319453269,0.00246991822496,0.00337869068608,0.00630176858976,0.00200296286494],"min":[6.33128100011e-22,1.98589767839e-21,1.25772731359e-20,2.90793502574e-20,5.04979385238e-20,9.04613894423e-20,6.19310447736e-20,1.9449687736e-19,6.15844082755e-19,3.64221970121e-19,1.14538334572e-18,1.1522451191e-18,1.31926694684e-18,3.35538908524e-18,4.09334503384e-18,1.81960482133e-18,4.31172443787e-18,5.34909908869e-18,2.54204968588e-18,4.9865507893e-18,7.01211179583e-18,5.73587219951e-18,1.05948345152e-17,1.39027091053e-17,1.24562191953e-17,8.75201176808e-18,1.00330332955e-17,1.62480705444e-17,1.58819620596e-17,1.88277672879e-17,1.40021262888e-17,1.35844778344e-17,1.47948233959e-17,1.12420073916e-17,8.36251226996e-18,6.87220784369e-18,3.07867256172e-18,1.22519883021e-18,3.04157025422e-19,2.92311346686e-20],"var":[9.92814159393,48.9733200073,63.911441803,43.8013153076,79.3542556763,79.6668395996,69.0157241821,106.164070129,940.547180176,2209.25170898,3076.98095703,4004.46166992,6377.64648438,1432.89892578,4221.25878906,4248.97314453,6732.75634766,6418.79638672,6235.24560547,3243.30102539,716.562866211,660.41619873,680.644958496,663.367126465,455.471343994,190.87020874,63.1647949219,16.1974906921,5.05827569962,1.81457901001,0.454360038042,0.0754869878292,0.0162770971656,0.00673847552389,0.00253962818533,0.000772575382143,0.000178455346031,0.000186859018868,0.000333029776812,0.0000339161379088]},"erbbands_crest":{"dmean":2.63807535172,"dmean2":4.46293735504,"dvar":6.53259277344,"dvar2":18.6767368317,"max":28.3010082245,"mean":8.97313117981,"median":7.86537647247,"min":2.21561551094,"var":15.6630306244},"erbbands_flatness_db":{"dmean":0.0247415024787,"dmean2":0.0404943414032,"dvar":0.000478000321891,"dvar2":0.00131929013878,"max":0.394656389952,"mean":0.16073949635,"median":0.157235622406,"min":0.0531996525824,"var":0.00166398647707},"erbbands_kurtosis":{"dmean":1.19473433495,"dmean2":2.00163459778,"dvar":3.91090774536,"dvar2":10.6595020294,"max":40.1038551331,"mean":1.42190623283,"median":0.687918663025,"min":-1.84503436089,"var":12.0562562943},"erbbands_skewness":{"dmean":0.359231829643,"dmean2":0.578273355961,"dvar":0.146987110376,"dvar2":0.384526640177,"max":4.95112848282,"mean":-0.0931247025728,"median":-0.316210508347,"min":-4.99777317047,"var":0.865040779114},"erbbands_spread":{"dmean":6.67979812622,"dmean2":10.9263448715,"dvar":50.7141571045,"dvar2":130.585769653,"max":128.022293091,"mean":28.4706840515,"median":24.9288597107,"min":2.37170004845,"var":217.508026123},"gfcc":{"cov":[[21201.1445312,1168.93835449,-3315.19433594,-158.683288574,1237.95825195,-2.47329497337,1184.77978516,-495.002105713,433.90536499,-273.104156494,300.372772217,-65.2367858887,116.76537323],[1168.93835449,1189.79284668,-199.094329834,-161.646453857,29.9379577637,-98.958480835,37.6743927002,-72.5362701416,74.1511154175,11.4574575424,21.2995815277,-30.2986507416,-24.1969470978],[-3315.19433594,-199.094329834,1034.15014648,206.294876099,-291.300262451,77.0890884399,-242.670547485,135.986404419,-130.6275177,71.6347122192,-70.9430923462,36.6557769775,-11.9578504562],[-158.683288574,-161.646453857,206.294876099,322.876922607,95.1446609497,-42.785194397,107.479232788,-66.0306167603,-2.02954363823,-54.0437889099,-4.90763092041,9.21951007843,16.1218757629],[1237.95825195,29.9379577637,-291.300262451,95.1446609497,269.487304688,27.1376285553,146.855072021,-57.4289283752,20.2615947723,-44.2150688171,35.3682403564,5.1597032547,24.3024692535],[-2.47329497337,-98.958480835,77.0890884399,-42.785194397,27.1376285553,194.31729126,-58.5259399414,91.2312545776,-50.4819908142,39.4395599365,5.96542358398,30.8680553436,4.20937013626],[1184.77978516,37.6743927002,-242.670547485,107.479232788,146.855072021,-58.5259399414,290.436096191,-94.0511169434,111.812263489,-55.5198326111,35.2379379272,-10.5808610916,15.2154006958],[-495.002105713,-72.5362701416,135.986404419,-66.0306167603,-57.4289283752,91.2312545776,-94.0511169434,188.891174316,-26.2598838806,61.2922401428,-12.3851709366,5.83527946472,-1.66867864132],[433.90536499,74.1511154175,-130.6275177,-2.02954363823,20.2615947723,-50.4819908142,111.812263489,-26.2598838806,137.93951416,11.2026538849,27.8838043213,-9.62750816345,-8.91720867157],[-273.104156494,11.4574575424,71.6347122192,-54.0437889099,-44.2150688171,39.4395599365,-55.5198326111,61.2922401428,11.2026538849,86.1763000488,27.8749389648,9.7987203598,-5.38893651962],[300.372772217,21.2995815277,-70.9430923462,-4.90763092041,35.3682403564,5.96542358398,35.2379379272,-12.3851709366,27.8838043213,27.8749389648,79.7717971802,35.4155273438,-3.92787623405],[-65.2367858887,-30.2986507416,36.6557769775,9.21951007843,5.1597032547,30.8680553436,-10.5808610916,5.83527946472,-9.62750816345,9.7987203598,35.4155273438,58.4187660217,20.6056346893],[116.76537323,-24.1969470978,-11.9578504562,16.1218757629,24.3024692535,4.20937013626,15.2154006958,-1.66867864132,-8.91720867157,-5.38893651962,-3.92787623405,20.6056346893,54.2187004089]],"icov":[[0.000142698234413,-0.000187507364899,0.000782844726928,-0.000759920862038,0.000592705153394,-0.000594463141169,-0.000146415550262,-0.0000676770432619,0.000206866170629,-0.000145549405715,-0.0000838159830892,0.000113596281153,-0.000202577735763],[-0.000187507364899,0.00143027340528,-0.00198216084391,0.00303494022228,-0.00253127561882,0.00196125963703,-0.00000700276132193,0.000652148562949,-0.000780050235335,0.000224424002226,0.000046383098379,0.0000122130477394,0.000599622027948],[0.000782844726928,-0.00198216084391,0.0109847290441,-0.0131744518876,0.0116682844236,-0.00655802479014,0.000370242807548,-0.0017648722278,0.00363977369852,-0.00536734983325,0.0033332137391,-0.00291770533659,0.000305868859868],[-0.000759920862038,0.00303494022228,-0.0131744518876,0.0210445709527,-0.0161486975849,0.009601527825,-0.00279783783481,0.00272496347316,-0.00284550501965,0.00576219707727,-0.00133433437441,0.000226016709348,0.00111191580072],[0.000592705153394,-0.00253127561882,0.0116682844236,-0.0161486975849,0.0208831764758,-0.0106152929366,-0.00109005440027,-0.00154245784506,0.00450581638142,-0.00191979587544,-0.00245038745925,0.002174585592,-0.00376251921989],[-0.000594463141169,0.00196125963703,-0.00655802479014,0.009601527825,-0.0106152929366,0.0148899955675,-0.00144139211625,-0.00215425528586,0.00161533989012,-0.0027877765242,0.00449133245274,-0.00780155556276,0.00507334526628],[-0.000146415550262,-0.00000700276132193,0.000370242807548,-0.00279783783481,-0.00109005440027,-0.00144139211625,0.0111740389839,0.000578795443289,-0.0077991145663,0.00631211511791,-0.00571569195017,0.00556596182287,-0.00447639310732],[-0.0000676770432619,0.000652148562949,-0.0017648722278,0.00272496347316,-0.00154245784506,-0.00215425528586,0.000578795443289,0.00982177164406,-0.00104734802153,-0.00426600081846,0.00236609834246,0.000593016622588,-0.000414456008002],[0.000206866170629,-0.000780050235335,0.00363977369852,-0.00284550501965,0.00450581638142,0.00161533989012,-0.0077991145663,-0.00104734802153,0.016695311293,-0.00916557759047,0.00275233481079,-0.00343064777553,0.00420464528725],[-0.000145549405715,0.000224424002226,-0.00536734983325,0.00576219707727,-0.00191979587544,-0.0027877765242,0.00631211511791,-0.00426600081846,-0.00916557759047,0.0324851423502,-0.0214509796351,0.0147555470467,-0.00874971970916],[-0.0000838159830892,0.000046383098379,0.0033332137391,-0.00133433437441,-0.00245038745925,0.00449133245274,-0.00571569195017,0.00236609834246,0.00275233481079,-0.0214509796351,0.0411326698959,-0.0323899388313,0.0173697117716],[0.000113596281153,0.0000122130477394,-0.00291770533659,0.000226016709348,0.002174585592,-0.00780155556276,0.00556596182287,0.000593016622588,-0.00343064777553,0.0147555470467,-0.0323899388313,0.0485477074981,-0.022757165134],[-0.000202577735763,0.000599622027948,0.000305868859868,0.00111191580072,-0.00376251921989,0.00507334526628,-0.00447639310732,-0.000414456008002,0.00420464528725,-0.00874971970916,0.0173697117716,-0.022757165134,0.0311495810747]],"mean":[-39.1912879944,112.040786743,-104.327156067,16.4121856689,-9.40501499176,-2.39224910736,1.67130720615,-9.06106567383,-3.49085474014,0.291920512915,-4.49393558502,-5.3856344223,-7.34796142578]},"hfc":{"dmean":4.86504745483,"dmean2":7.86740875244,"dvar":55.211730957,"dvar2":137.85093689,"max":132.216995239,"mean":23.4833927155,"median":21.0049343109,"min":1.11214843639e-16,"var":483.951873779},"melbands":{"dmean":[0.0091636646539,0.00287086749449,0.000510494515765,0.000296947284369,0.000143082113937,0.00011059451208,0.000133496330818,0.0000974871436483,0.000116120369057,0.000105111212179,0.000108246604213,0.0000572113494854,0.0000756423469284,0.000073120900197,0.0000762673225836,0.0000768758982304,0.0000667349449941,0.0000580028900004,0.0000371903042833,0.0000182881994988,0.0000108224367068,0.0000101813184301,0.0000100212555481,0.00000676523222864,0.00000661513922751,0.00000594689618083,0.00000350720506503,0.00000241690895564,0.00000165545134223,9.46806778757e-7,7.2123833661e-7,4.76350521694e-7,3.56463147e-7,2.39159078319e-7,1.59625102469e-7,1.05438125786e-7,6.5407391503e-8,4.74716870258e-8,4.02320594617e-8,3.49861686288e-8],"dmean2":[0.0161240380257,0.0049508488737,0.00085912423674,0.000509390141815,0.000241548375925,0.000187362718862,0.000219561901758,0.000156392939971,0.000189081067219,0.000169277991517,0.000176316636498,0.0000947023872868,0.000126316037495,0.000123616788187,0.000127329447423,0.000128665982629,0.000111977067718,0.0000987486491795,0.0000623359374003,0.0000303327724396,0.0000182366547961,0.0000174567776412,0.0000171436113305,0.0000113140686153,0.0000110222545118,0.00000994803940557,0.00000579270545131,0.0000039950473365,0.00000274986450677,0.0000015838525087,0.00000120899733247,7.9350309079e-7,6.01178896886e-7,3.97033545596e-7,2.62704617171e-7,1.7478491543e-7,1.10602762504e-7,8.07999072094e-8,6.82823255715e-8,5.93842734986e-8],"dvar":[0.000552239071112,0.0000207500434044,6.62792274397e-7,3.61804467275e-7,6.79795277847e-8,3.71477746341e-8,1.03534752327e-7,8.75206254136e-8,8.60277111769e-8,6.73302764653e-8,5.50685719247e-8,1.23033965238e-8,1.64271991565e-8,1.32209105885e-8,2.04267376347e-8,1.60489719292e-8,1.24757058018e-8,8.48342818216e-9,4.38611325038e-9,2.15447260032e-9,3.61996044251e-10,3.29242660912e-10,3.17643106262e-10,1.76217304637e-10,2.05319081181e-10,1.57605650752e-10,5.14196532575e-11,2.36083912836e-11,1.10049582294e-11,2.99778062617e-12,1.68571146625e-12,8.92044901488e-13,6.69339095868e-13,2.85151486841e-13,1.45960405763e-13,6.21355248612e-14,1.73566588483e-14,7.89640451144e-15,5.54444389163e-15,4.22279974931e-15],"dvar2":[0.00156188511755,0.0000568310097151,0.00000177821414127,0.00000101369244021,1.85043731449e-7,9.97663178737e-8,2.5509402235e-7,2.04878674026e-7,2.25323930181e-7,1.65297308286e-7,1.32738307457e-7,3.19902824231e-8,4.42488321539e-8,3.58059608629e-8,5.24263086277e-8,4.28879971537e-8,3.40542456456e-8,2.39498838539e-8,1.15877032414e-8,4.94341767521e-9,9.83085501893e-10,9.07983244147e-10,8.86902273844e-10,4.66693683698e-10,5.25455456923e-10,4.1193343181e-10,1.2938997096e-10,6.14441830749e-11,2.8474370431e-11,8.10015943209e-12,4.48866551567e-12,2.35775982071e-12,1.81212401855e-12,7.56962960195e-13,3.76536611136e-13,1.59954636884e-13,4.47552964741e-14,2.12102420181e-14,1.49017252802e-14,1.13768544214e-14],"max":[0.25730329752,0.0579436644912,0.0134975835681,0.011013478972,0.00472397962585,0.0035977892112,0.00919839274138,0.00989888980985,0.00949258450419,0.00578109826893,0.00670352950692,0.00272746174596,0.00256415549666,0.00243468745612,0.00366961583495,0.00257503124885,0.00246117892675,0.00166811258532,0.00174717744812,0.00165425147861,0.000366217456758,0.000318241014611,0.00035101256799,0.000372699287254,0.000589542556554,0.000461036572233,0.000324543361785,0.00012398060062,0.0000935080752242,0.0000372936228814,0.0000244925140578,0.000018639550035,0.000021684800231,0.0000115552329589,0.0000103301708805,0.00000616937813902,0.00000275892557511,0.00000118530124382,0.00000109001427973,9.84613052424e-7],"mean":[0.0116677638143,0.0040130391717,0.000862822344061,0.000415595073719,0.000206131342566,0.00015954276023,0.000214810759644,0.000173228603671,0.000203603995033,0.000182104573469,0.000184703472769,0.0000987096282188,0.000131501932628,0.000136376969749,0.000140099407872,0.000139029492857,0.000123814068502,0.000116942384921,0.0000708931111149,0.0000330249968101,0.0000217753604375,0.0000204101834242,0.0000217003926082,0.0000147962382471,0.0000145171088661,0.0000127450202854,0.00000814364466351,0.00000558409283258,0.0000038497037167,0.0000022886415536,0.00000165960477716,0.00000102192223039,6.88726800036e-7,4.41424106157e-7,2.50178175065e-7,1.36832582598e-7,6.86533496719e-8,4.64072691386e-8,3.9379852268e-8,3.42531834008e-8],"median":[0.00395249109715,0.00215857988223,0.000471747480333,0.000201502698474,0.000114467584353,0.0000798587134341,0.000072989569162,0.0000537178602826,0.0000775552616687,0.0000637767880107,0.0000692343674018,0.0000565978407394,0.0000750133767724,0.0000845128379297,0.0000802541326266,0.0000805110612419,0.0000736095535103,0.0000770797487348,0.0000433969653386,0.0000182926396519,0.0000132435743581,0.0000112631241791,0.0000126624599943,0.00000795460800873,0.00000739797633287,0.00000601882220508,0.0000038548350858,0.0000022482940949,0.00000179896574082,0.00000139708845381,0.00000110265546027,6.13259999227e-7,3.6667859149e-7,2.26585996188e-7,1.13509088351e-7,5.18157321494e-8,2.10021191549e-8,1.15675007351e-8,9.89687087838e-9,8.65358806834e-9],"min":[5.28708817618e-24,7.0717285965e-24,4.37756507905e-24,6.49626127146e-24,2.3169876222e-24,4.71544209337e-24,9.01761021368e-24,3.14324585914e-24,1.12657312649e-23,6.87374738625e-24,6.85274712009e-24,1.36575078313e-23,1.4663330729e-23,6.87626385254e-24,6.02876454965e-24,9.01965336343e-24,9.89377041098e-24,3.21820559172e-24,6.39165476555e-24,7.30946839636e-24,5.9785219986e-24,5.97283233932e-24,5.19335572343e-24,1.23740690039e-23,1.0824927624e-23,9.1367842195e-24,7.62089096022e-24,5.70972474489e-24,6.30694530382e-24,6.63700707315e-24,1.02595439135e-23,9.97337357607e-24,6.65678933807e-24,9.56282432858e-24,8.74480791316e-24,7.69880280753e-24,8.59080885383e-24,9.53084469634e-24,1.16113880255e-23,8.99974961393e-24],"var":[0.000473374035209,0.0000267530558631,0.00000126705674575,4.32595811617e-7,9.07360444558e-8,5.37850795013e-8,2.32320175542e-7,2.56117971276e-7,2.17566295646e-7,1.56816184926e-7,1.56084865921e-7,2.42181563692e-8,3.26725668742e-8,2.84164585196e-8,4.17396783803e-8,3.30799814208e-8,2.57499355172e-8,1.99210088425e-8,9.69654312399e-9,4.31128821532e-9,7.61068041921e-10,7.20824788747e-10,7.81850972853e-10,4.20539630896e-10,4.83117490457e-10,3.84225457006e-10,1.50299231394e-10,7.44584879864e-11,3.54237125744e-11,9.17085157814e-12,4.51144113386e-12,1.88506068394e-12,1.00315860219e-12,4.31915625227e-13,1.82285149431e-13,6.7956958691e-14,1.84362091159e-14,8.2631621543e-15,5.85501995669e-15,4.43980154358e-15]},"melbands_crest":{"dmean":4.60348558426,"dmean2":7.67321252823,"dvar":16.2322349548,"dvar2":43.2092170715,"max":38.2123832703,"mean":20.3262958527,"median":20.1316795349,"min":2.17163872719,"var":47.9038619995},"melbands_flatness_db":{"dmean":0.0420697443187,"dmean2":0.0698723196983,"dvar":0.00146742467768,"dvar2":0.00405883416533,"max":0.587570548058,"mean":0.276851981878,"median":0.264264583588,"min":0.00538265658543,"var":0.00574820442125},"melbands_kurtosis":{"dmean":16.8568096161,"dmean2":29.140417099,"dvar":1311.85778809,"dvar2":3700.3671875,"max":698.406311035,"mean":26.472869873,"median":8.71300125122,"min":-1.88961148262,"var":2757.7722168},"melbands_skewness":{"dmean":1.23928773403,"dmean2":2.06879210472,"dvar":2.11379551888,"dvar2":5.63993835449,"max":21.5705986023,"mean":3.44007253647,"median":2.86046504974,"min":-3.5430521965,"var":6.36536312103},"melbands_spread":{"dmean":7.00872755051,"dmean2":11.6417512894,"dvar":79.4145126343,"dvar2":211.562652588,"max":314.882324219,"mean":18.3954296112,"median":15.1562614441,"min":0.271061778069,"var":395.090820312},"mfcc":{"cov":[[17140.6777344,789.133972168,-3568.19189453,-32.6645126343,-377.72668457,790.346862793,319.780548096,544.321472168,20.5428295135,238.350357056,220.367630005,120.442001343,148.222427368],[789.133972168,884.531982422,-201.061447144,-131.60319519,3.42206645012,-28.762922287,-8.69279670715,-35.9214897156,8.61083030701,32.075843811,47.9702301025,16.048538208,25.2269973755],[-3568.19189453,-201.061447144,1270.46362305,24.3310909271,127.018684387,-183.954208374,-41.801815033,-120.877304077,12.6670064926,-53.1093902588,-41.6316871643,7.16329431534,-37.2663230896],[-32.6645126343,-131.60319519,24.3310909271,385.212432861,-25.1906223297,103.139274597,36.1363449097,55.4035758972,13.1596250534,-0.807509064674,-6.9746594429,-38.3601226807,-27.7317218781],[-377.72668457,3.42206645012,127.018684387,-25.1906223297,181.204559326,-9.87611103058,53.2024459839,-7.2736530304,-3.35498285294,-26.0485610962,-21.3284378052,7.33295583725,0.324614584446],[790.346862793,-28.762922287,-183.954208374,103.139274597,-9.87611103058,187.272491455,56.1217193604,62.8706893921,-2.94991517067,-4.67560005188,3.53162169456,-4.52187156677,9.68464660645],[319.780548096,-8.69279670715,-41.801815033,36.1363449097,53.2024459839,56.1217193604,113.835876465,44.3330574036,8.34103775024,-15.6212253571,-1.58509850502,6.40643787384,-3.03954744339],[544.321472168,-35.9214897156,-120.877304077,55.4035758972,-7.2736530304,62.8706893921,44.3330574036,101.609390259,22.976228714,12.3720445633,6.96746444702,5.51953220367,4.28640985489],[20.5428295135,8.61083030701,12.6670064926,13.1596250534,-3.35498285294,-2.94991517067,8.34103775024,22.976228714,75.3026733398,34.608631134,8.79666614532,-9.60702419281,-11.8109426498],[238.350357056,32.075843811,-53.1093902588,-0.807509064674,-26.0485610962,-4.67560005188,-15.6212253571,12.3720445633,34.608631134,73.184967041,32.549949646,2.83382868767,1.17067956924],[220.367630005,47.9702301025,-41.6316871643,-6.9746594429,-21.3284378052,3.53162169456,-1.58509850502,6.96746444702,8.79666614532,32.549949646,68.8916473389,38.3520088196,10.6833724976],[120.442001343,16.048538208,7.16329431534,-38.3601226807,7.33295583725,-4.52187156677,6.40643787384,5.51953220367,-9.60702419281,2.83382868767,38.3520088196,84.5216522217,41.8862762451],[148.222427368,25.2269973755,-37.2663230896,-27.7317218781,0.324614584446,9.68464660645,-3.03954744339,4.28640985489,-11.8109426498,1.17067956924,10.6833724976,41.8862762451,61.5994224548]],"icov":[[0.000173856635229,-0.0000694172995281,0.000388905144064,0.0000812382568256,0.00012886391778,-0.000276066624792,-0.000235456856899,-0.000232291786233,0.000086925982032,-0.000311422452796,0.000101243902463,-0.000326706591295,0.00015639141202],[-0.0000694172995281,0.00136774952989,0.000104878738057,0.000273829617072,-0.000282540102489,0.000269386189757,-0.000102808211523,0.000826840172522,-0.000388940388802,0.000147259270307,-0.00117280520499,0.000786462100223,-0.000718598603271],[0.000388905144064,0.000104878738057,0.00212594214827,-0.00033059460111,-0.000492774299346,0.000341508130077,-0.000206768832868,0.000687216641381,-0.00078611128265,0.0000993724388536,0.000527701631654,-0.0016713521909,0.000941799255088],[0.0000812382568256,0.000273829617072,-0.00033059460111,0.00372544047423,0.000702822871972,-0.00204665283673,-0.000421908101998,-0.00135549274273,0.000236264400883,-0.000189541242435,-0.000712172943167,0.00150575186126,0.000709662912413],[0.00012886391778,-0.000282540102489,-0.000492774299346,0.000702822871972,0.00801356881857,0.0000819615161163,-0.00477876607329,0.00070851232158,0.000219603636651,-0.000140893200296,0.00260601192713,-0.00126588204876,-0.0000627096378594],[-0.000276066624792,0.000269386189757,0.000341508130077,-0.00204665283673,0.0000819615161163,0.00978058576584,-0.00251883175224,-0.00217093154788,0.000942078011576,0.00159495766275,-0.00133672682568,0.0023116923403,-0.00286193448119],[-0.000235456856899,-0.000102808211523,-0.000206768832868,-0.000421908101998,-0.00477876607329,-0.00251883175224,0.0155833894387,-0.00435119215399,-0.00224528345279,0.00451226392761,-0.00129360356368,-0.00150267151184,0.00251642800868],[-0.000232291786233,0.000826840172522,0.000687216641381,-0.00135549274273,0.00070851232158,-0.00217093154788,-0.00435119215399,0.0175229422748,-0.00487153604627,-0.00115651625674,0.0014893716434,-0.00237051164731,-0.00062910548877],[0.000086925982032,-0.000388940388802,-0.00078611128265,0.000236264400883,0.000219603636651,0.000942078011576,-0.00224528345279,-0.00487153604627,0.0204429458827,-0.0104292249307,0.00103845924605,0.00160281918943,0.00250773644075],[-0.000311422452796,0.000147259270307,0.0000993724388536,-0.000189541242435,-0.000140893200296,0.00159495766275,0.00451226392761,-0.00115651625674,-0.0104292249307,0.0262453816831,-0.0125370668247,0.00540120014921,-0.00327987526543],[0.000101243902463,-0.00117280520499,0.000527701631654,-0.000712172943167,0.00260601192713,-0.00133672682568,-0.00129360356368,0.0014893716434,0.00103845924605,-0.0125370668247,0.0303018409759,-0.0174064207822,0.0072823013179],[-0.000326706591295,0.000786462100223,-0.0016713521909,0.00150575186126,-0.00126588204876,0.0023116923403,-0.00150267151184,-0.00237051164731,0.00160281918943,0.00540120014921,-0.0174064207822,0.0299288854003,-0.0172626450658],[0.00015639141202,-0.000718598603271,0.000941799255088,0.000709662912413,-0.0000627096378594,-0.00286193448119,0.00251642800868,-0.00062910548877,0.00250773644075,-0.00327987526543,0.0072823013179,-0.0172626450658,0.0286777745932]],"mean":[-691.170776367,161.035873413,-23.3789234161,37.0552635193,4.99358844757,23.9538116455,10.3848142624,7.18348455429,4.13861751556,9.35347270966,9.29366970062,0.672178268433,1.39384460449]},"pitch_salience":{"dmean":0.101318873465,"dmean2":0.167302772403,"dvar":0.00773632247001,"dvar2":0.0210991166532,"max":0.843620836735,"mean":0.460900038481,"median":0.474260210991,"min":0.0371077209711,"var":0.0231705140322},"silence_rate_20dB":{"dmean":0.0160952303559,"dmean2":0.0321931578219,"dvar":0.0158364120871,"dvar2":0.0417208783329,"max":1,"mean":0.989186942577,"median":1,"min":0,"var":0.0106951734051},"silence_rate_30dB":{"dmean":0.112498953938,"dmean2":0.225016772747,"dvar":0.0998446419835,"dvar2":0.216456070542,"max":1,"mean":0.77359598875,"median":1,"min":0,"var":0.175157621503},"silence_rate_60dB":{"dmean":0.026322407648,"dmean2":0.0526492297649,"dvar":0.0256268009543,"dvar2":0.0639423727989,"max":1,"mean":0.185247272253,"median":0,"min":0,"var":0.150918200612},"spectral_centroid":{"dmean":187.545135498,"dmean2":300.422302246,"dvar":47716.1875,"dvar2":100017.171875,"max":10620.8818359,"mean":1264.30859375,"median":1266.66992188,"min":120.659126282,"var":762158.3125},"spectral_complexity":{"dmean":2.72881221771,"dmean2":4.45489597321,"dvar":8.23565673828,"dvar2":19.6384277344,"max":59,"mean":22.6792964935,"median":26,"min":0,"var":231.649658203},"spectral_contrast_coeffs":{"dmean":[0.0515586212277,0.0469658337533,0.0382680408657,0.030201934278,0.0205310769379,0.0437350235879],"dmean2":[0.0881164371967,0.0795436576009,0.0638907626271,0.0509648062289,0.0344735719264,0.0725671797991],"dvar":[0.00164258247241,0.00131321069784,0.000918018224183,0.000551099947188,0.00030896710814,0.00150923558977],"dvar2":[0.00488793244585,0.00376594788395,0.0025490236003,0.00155751197599,0.000827906129416,0.00408046320081],"max":[-0.408403724432,-0.472200632095,-0.560207724571,-0.638896584511,-0.669323563576,-0.500659883022],"mean":[-0.716322124004,-0.785165846348,-0.804301559925,-0.806350708008,-0.817508637905,-0.743053853512],"median":[-0.719335615635,-0.789808869362,-0.805884718895,-0.800098896027,-0.808396220207,-0.741497576237],"min":[-0.955530643463,-0.975424706936,-0.966398775578,-0.975167393684,-0.972250163555,-0.95914375782],"var":[0.00418491102755,0.00364736421034,0.00315548456274,0.00259618973359,0.00197466439568,0.00587218254805]},"spectral_contrast_valleys":{"dmean":[0.412460237741,0.397426068783,0.340987205505,0.302692234516,0.252919465303,0.690796196461],"dmean2":[0.69987487793,0.661729216576,0.565189778805,0.494787245989,0.405365884304,1.13460707664],"dvar":[0.119799003005,0.127569332719,0.108329802752,0.113625779748,0.105306848884,0.328167319298],"dvar2":[0.313302516937,0.323056638241,0.262288480997,0.262865781784,0.22629134357,0.906447172165],"max":[-4.67359352112,-4.64004182816,-5.11861133575,-5.28684139252,-5.47182655334,-8.73689174652],"mean":[-6.9296541214,-6.93497419357,-7.25647258759,-7.44364738464,-7.80930042267,-11.3163471222],"median":[-6.48563480377,-6.51078128815,-6.56567525864,-6.67340278625,-7.19265460968,-11.1666183472],"min":[-27.0917682648,-27.8239917755,-27.323759079,-27.0671901703,-27.2134037018,-27.2936878204],"var":[2.28899216652,2.04235196114,2.67539024353,2.92962789536,2.42929315567,1.4816172123]},"spectral_decrease":{"dmean":9.41095024132e-9,"dmean2":1.64458011653e-8,"dvar":4.75427681893e-16,"dvar2":1.33036201718e-15,"max":3.78164264988e-16,"mean":-1.67966067721e-8,"median":-1.16046070531e-8,"min":-2.40805661633e-7,"var":4.99571932538e-16},"spectral_energy":{"dmean":0.0357377268374,"dmean2":0.0624203495681,"dvar":0.0068072588183,"dvar2":0.0190413035452,"max":0.914056420326,"mean":0.0655242055655,"median":0.0465346798301,"min":1.04206517203e-20,"var":0.0073102125898},"spectral_energyband_high":{"dmean":0.000125404301798,"dmean2":0.000201970760827,"dvar":6.99126943005e-8,"dvar2":1.77225203402e-7,"max":0.00507154082879,"mean":0.000397527066525,"median":0.000232446516748,"min":7.37001850693e-21,"var":2.82650063355e-7},"spectral_energyband_low":{"dmean":0.0330591499805,"dmean2":0.0581280253828,"dvar":0.00613871682435,"dvar2":0.0172839593142,"max":0.840670526028,"mean":0.0462629310787,"median":0.022161308676,"min":4.82297282776e-23,"var":0.00558242527768},"spectral_energyband_middle_high":{"dmean":0.00206402107142,"dmean2":0.00335393217392,"dvar":0.00000831644774735,"dvar2":0.00002157288327,"max":0.0522334836423,"mean":0.00826078467071,"median":0.00728676933795,"min":1.30245827652e-21,"var":0.0000614532546024},"spectral_energyband_middle_low":{"dmean":0.00296700466424,"dmean2":0.00489091640338,"dvar":0.00002052335185,"dvar2":0.0000536259613,"max":0.082928262651,"mean":0.00784900784492,"median":0.00552180968225,"min":2.88930366091e-22,"var":0.0000772588828113},"spectral_entropy":{"dmean":0.154612198472,"dmean2":0.255193889141,"dvar":0.0425892062485,"dvar2":0.123040512204,"max":9.79075717926,"mean":7.50139808655,"median":7.63565635681,"min":5.08641624451,"var":0.185022890568},"spectral_flux":{"dmean":0.0409355275333,"dmean2":0.0676245689392,"dvar":0.00502171460539,"dvar2":0.0110778920352,"max":0.766199231148,"mean":0.119187101722,"median":0.11111664772,"min":1.0265095024e-10,"var":0.0109977712855},"spectral_kurtosis":{"dmean":2.37888979912,"dmean2":4.03098392487,"dvar":25.1236400604,"dvar2":69.0875854492,"max":115.964187622,"mean":10.6155729294,"median":9.78184127808,"min":-1.30205082893,"var":37.4188537598},"spectral_rms":{"dmean":0.00165015936363,"dmean2":0.00279266573489,"dvar":0.00000691972854838,"dvar2":0.0000186308698176,"max":0.0298623908311,"mean":0.00656145112589,"median":0.00673792883754,"min":3.18849330619e-12,"var":0.0000208731635212},"spectral_rolloff":{"dmean":351.916381836,"dmean2":603.148071289,"dvar":318567.53125,"dvar2":750929.8125,"max":18733.8867188,"mean":925.241516113,"median":667.529296875,"min":43.06640625,"var":2610892.75},"spectral_skewness":{"dmean":0.237659871578,"dmean2":0.396266996861,"dvar":0.114435777068,"dvar2":0.310826033354,"max":8.54944992065,"mean":2.03505921364,"median":1.93221449852,"min":-0.367543399334,"var":0.40355065465},"spectral_spread":{"dmean":487155.90625,"dmean2":793680.875,"dvar":371179487232,"dvar2":721656676352,"max":50378068,"mean":3412734.25,"median":3123950.5,"min":707742.1875,"var":1980709994500},"spectral_strongpeak":{"dmean":0.244919642806,"dmean2":0.429188579321,"dvar":0.228518873453,"dvar2":0.620080947876,"max":7.54946374893,"mean":0.326326400042,"median":0.220242917538,"min":0,"var":0.219444364309},"zerocrossingrate":{"dmean":0.00843487586826,"dmean2":0.0111067201942,"dvar":0.0000900103259482,"dvar2":0.000131835593493,"max":0.62451171875,"mean":0.0450469963253,"median":0.037109375,"min":0.0009765625,"var":0.0028802822344}},"metadata":{"audio_properties":{"analysis_sample_rate":44100,"bit_rate":320000,"codec":"mp3","downmix":"mix","equal_loudness":0,"length":276.984954834,"lossless":false,"md5_encoded":"1db7c7a8ad8cac81ca930a8c8fae63d4","replay_gain":-8.25794410706,"sample_rate":48000},"tags":{"album":["Battle for the Sun"],"albumartist":["Placebo"],"albumartistsort":["Placebo"],"artist":["Placebo"],"artistsort":["Placebo"],"asin":["B0026UV77C"],"barcode":["5051083043786"],"catalognumber":["BATTLE09CDX"],"composer":["Placebo"],"date":["2009"],"discnumber":["1/1"],"file_name":"12. Placebo - Come Undone.mp3","genre":["Alternative Rock"],"isrc":["JEA000900012"],"label":["Dreambrother"],"length":["276986"],"lyricist":["Placebo"],"musicbrainz album release country":["GB"],"musicbrainz album status":["official"],"musicbrainz album type":["album"],"musicbrainz_albumartistid":["847e8284-8582-4b0e-9c26-b042a4f49e57"],"musicbrainz_albumid":["cdb4318d-e7ff-4a88-98a2-cf7da8d99bad"],"musicbrainz_artistid":["847e8284-8582-4b0e-9c26-b042a4f49e57"],"musicbrainz_recordingid":["5fd633c1-63f7-4bad-9d0a-c9a3abab467f"],"musicip_puid":["d9482072-9cec-b95d-fa9f-c53a13ccccb5"],"title":["Come Undone"],"tracknumber":["12/13"]},"version":{"essentia":"2.1-beta1","essentia_build_sha":"ca57ba49d9b1854bd80e60cf9ccf267278fb7d6b","essentia_git_sha":"v2.1_beta1-28-g21ef5f4-dirty","extractor":"music 1.0"}},"rhythm":{"beats_count":667,"beats_loudness":{"dmean":0.0351041257381,"dmean2":0.0615748688579,"dvar":0.00173816096503,"dvar2":0.00508736772463,"max":0.431214243174,"mean":0.0727830007672,"median":0.0694926604629,"min":1.15114469068e-8,"var":0.0033037874382},"beats_loudness_band_ratio":{"dmean":[0.159767180681,0.0564341843128,0.0644057244062,0.0557543709874,0.039563704282,0.0204382315278],"dmean2":[0.277445286512,0.100500017405,0.114001944661,0.0987243875861,0.0699659958482,0.035988073796],"dvar":[0.0235436707735