{"lowlevel":{"average_loudness":0.973844408989,"barkbands":{"dmean":[0.000261379958829,0.00909851770848,0.00472787488252,0.00221742852591,0.00281899166293,0.000826173345558,0.00063264684286,0.000492009567097,0.000690849148668,0.00049910240341,0.000337384175509,0.000492403865792,0.000469435908599,0.000427485007094,0.000410482956795,0.000653440889437,0.000791450671386,0.000513895007316,0.000390340108424,0.000120438911836,0.000104534730781,0.0000621930448688,0.000030827246519,0.0000237482672674,0.0000235901679844,0.0000209282534342,0.00000762674562793],"dmean2":[0.000413098314311,0.0158409383148,0.00816355086863,0.00386763527058,0.00517597422004,0.00136334472336,0.00108591699973,0.000839048880152,0.00110748596489,0.00085598428268,0.000568152056076,0.000801715010311,0.000780399597716,0.000711878179573,0.000679049699102,0.00110696197953,0.00132582138758,0.000860756088514,0.000655870011542,0.000201230315724,0.000173372580321,0.000102807614894,0.0000505094321852,0.0000386585852539,0.0000357469834853,0.0000310260693368,0.000011121182979],"dvar":[2.8511135497e-7,0.000338676647516,0.0000463270152977,0.0000123462286865,0.0000283336430584,0.00000202883461498,0.00000160751596923,0.00000139655037401,0.00000202745945899,9.21121852571e-7,3.37299780995e-7,6.7980147378e-7,6.38441520096e-7,4.52818511576e-7,2.55256480841e-7,4.09679870472e-7,7.10617428012e-7,3.12187751206e-7,1.63544413567e-7,1.52600847514e-8,1.45944119012e-8,7.18412884737e-9,3.36055316907e-9,4.02304767277e-9,8.02386956877e-9,6.56008847244e-9,5.0168769139e-10],"dvar2":[6.91686580012e-7,0.000912105781026,0.000132749511977,0.0000345555563399,0.0000794119769125,0.00000508862831339,0.0000043181385081,0.00000383985707231,0.00000548583238924,0.00000249655272455,8.79894855643e-7,0.00000167414702901,0.00000167764426351,0.00000116307830922,6.52110088595e-7,0.0000011242493656,0.00000191459184862,8.51327627061e-7,4.3838218744e-7,4.15620569072e-8,3.86550880194e-8,1.85435329314e-8,8.94799701001e-9,9.52975831581e-9,1.63955267141e-8,1.3916114483e-8,1.01370500882e-9],"max":[0.00456353602931,0.122786000371,0.0668377280235,0.0353566110134,0.0415759459138,0.0304379779845,0.0219192281365,0.020568145439,0.0283589530736,0.0204838756472,0.0153174446896,0.0158793125302,0.0198835413903,0.0120296003297,0.0103794950992,0.00955078564584,0.013666539453,0.010711078532,0.00850400794297,0.00197454704903,0.00210154079832,0.00159025250468,0.00229769013822,0.00212583364919,0.00357221835293,0.00366934225895,0.000747550395317],"mean":[0.000236548075918,0.00992884859443,0.00790109951049,0.00279451953247,0.00263960752636,0.00131189764943,0.000891331350431,0.000649674213491,0.00120824202895,0.000725467340089,0.00051431148313,0.000864536850713,0.000821430934593,0.000766513345297,0.000810423167422,0.00142897618935,0.00176975305658,0.00124486302957,0.00101691635791,0.000325698434608,0.000288795854431,0.000158581664436,0.0000664576946292,0.0000554518373974,0.0000493708939757,0.0000378344811907,0.0000123134796013],"median":[0.0000246069175773,0.00531788356602,0.00608489941806,0.00165252829902,0.00126590183936,0.000781486276537,0.000502125010826,0.000294337165542,0.000620913808234,0.000389345048461,0.000291172967991,0.000502839859109,0.000481028604554,0.000490583013743,0.000636929238681,0.00127597292885,0.00150376639795,0.00107615732122,0.000948100816458,0.000310708564939,0.000270707794698,0.000141250464367,0.0000508742123202,0.0000390251771023,0.0000270396285487,0.000013774269064,0.00000204949697036],"min":[4.43135789565e-15,9.68570486131e-15,1.10234502529e-14,1.66418087806e-14,7.64086940963e-14,1.42944792288e-13,2.25290028603e-13,3.16092990541e-13,5.94048085462e-13,7.45216063337e-13,8.42951630806e-13,5.85030667574e-13,1.82003826073e-13,2.10272351289e-13,3.9266325109e-13,9.85889023414e-14,9.11255229261e-13,1.73828358934e-13,2.96532438361e-13,4.45153923488e-13,5.49886416783e-13,6.54511492747e-13,6.42748332856e-13,1.33517394189e-12,8.98664118381e-13,7.44401719086e-13,1.22946553112e-12],"var":[2.81800510038e-7,0.000257262872765,0.0000570015108678,0.0000117632935144,0.0000188931917364,0.00000311186249746,0.0000017879636971,0.00000180565359642,0.0000048345173127,0.00000132921968543,5.58755061775e-7,0.00000131299339046,0.00000117240858799,8.85324425326e-7,4.85064845179e-7,6.56348788652e-7,0.00000142105727718,6.38356539184e-7,3.05669118461e-7,2.69424322852e-8,2.39360424814e-8,1.13938662949e-8,4.19780388228e-9,7.05940417234e-9,1.73340914955e-8,1.31857076369e-8,1.04989639205e-9]},"barkbands_crest":{"dmean":2.93542075157,"dmean2":4.93823003769,"dvar":9.49218463898,"dvar2":26.103717804,"max":23.6809597015,"mean":9.13447380066,"median":8.47752475739,"min":2.52359056473,"var":13.5982589722},"barkbands_flatness_db":{"dmean":0.0204221587628,"dmean2":0.0326522774994,"dvar":0.000487730081659,"dvar2":0.00122339685913,"max":0.376493930817,"mean":0.103271618485,"median":0.0969725698233,"min":0.0302514862269,"var":0.00112248468213},"barkbands_kurtosis":{"dmean":2.12747907639,"dmean2":3.64121079445,"dvar":22.3508644104,"dvar2":57.5972824097,"max":109.420715332,"mean":0.591034054756,"median":-0.610407114029,"min":-1.83165097237,"var":20.0526561737},"barkbands_skewness":{"dmean":0.599914729595,"dmean2":0.965218544006,"dvar":0.497364938259,"dvar2":1.24115681648,"max":8.49761104584,"mean":0.975944876671,"median":0.833150565624,"min":-2.93241167068,"var":0.854020178318},"barkbands_spread":{"dmean":7.02225065231,"dmean2":11.5748186111,"dvar":51.2090873718,"dvar2":128.259155273,"max":112.022331238,"mean":33.5069732666,"median":35.0663490295,"min":0.839888095856,"var":107.766075134},"dissonance":{"dmean":0.00738972891122,"dmean2":0.0126681262627,"dvar":0.0000771283885115,"dvar2":0.000172675878275,"max":0.500000119209,"mean":0.488485008478,"median":0.490610897541,"min":0,"var":0.0000995865921141},"dynamic_complexity":1.35673725605,"erbbands":{"dmean":[0.24004162848,2.12425518036,4.94987010956,7.00459289551,6.04344844818,12.2871170044,6.7548160553,7.8840265274,9.46313858032,8.48778152466,11.6211299896,15.6958503723,15.8849334717,14.7118558884,13.1370315552,20.8418445587,20.659822464,20.7264118195,20.4607086182,20.6602077484,41.8454399109,38.0668449402,28.1823234558,23.7702541351,13.8987665176,5.84185791016,4.05224370956,4.33525419235,2.47411441803,1.30021524429,0.790729045868,0.518286824226,0.449630469084,0.270255982876,0.175944313407,0.0967268869281,0.0389018729329,0.0089372554794,0.00109551940113,0.0000987776584225],"dmean2":[0.423545211554,3.71490883827,8.58858013153,12.1525335312,10.9560165405,22.6823101044,11.7723388672,13.0311107635,15.9484844208,14.7802000046,19.5758914948,25.5097885132,26.6909370422,24.905708313,21.6187152863,33.9524726868,34.2651748657,34.3036384583,33.9562759399,34.3143463135,70.6427993774,63.7458534241,46.9946403503,40.1952285767,23.359085083,9.76414012909,6.73054981232,7.20849943161,4.08745098114,2.15422034264,1.3038380146,0.8453566432,0.731656312943,0.420913398266,0.265132218599,0.142883226275,0.0587828494608,0.0135304350406,0.00160072045401,0.000144484714838],"dvar":[0.271068930626,17.81873703,55.851474762,113.545455933,85.4705886841,634.878845215,126.549560547,226.411056519,356.472503662,395.654052734,859.955078125,1220.27734375,995.41394043,684.29107666,465.983825684,1216.07946777,1239.44543457,1196.59924316,747.632873535,488.295471191,1723.69030762,1656.69543457,967.928344727,630.07623291,186.357269287,35.7913703918,24.0380973816,24.223985672,11.3130636215,5.43407058716,2.07855939865,1.30224406719,1.60673868656,0.864484131336,0.550666332245,0.150465801358,0.0221937038004,0.00109033822082,0.00000934793115448,6.5782401748e-8],"dvar2":[0.723910152912,48.4857215881,157.569976807,322.457427979,238.734558105,1789.29272461,350.273010254,560.049499512,908.856872559,1143.2142334,2284.54394531,3483.58642578,2672.81982422,1849.61328125,1149.86303711,2997.42285156,3252.45239258,3060.97094727,1943.72619629,1261.97180176,4689.58056641,4539.17382813,2613.85498047,1736.74768066,500.902404785,96.7522125244,64.4621276855,64.4968185425,29.6399154663,14.2671995163,5.42658758163,3.25398039818,3.7702395916,1.957939744,1.06959807873,0.298255383968,0.0507588200271,0.00216788798571,0.0000189569400391,1.2635946689e-7],"max":[3.18984460831,28.7032012939,71.0544815063,98.1354675293,79.7631530762,195.229736328,201.535247803,309.726196289,459.399261475,276.003448486,618.665649414,831.150939941,702.178466797,466.322357178,642.987060547,709.928894043,1099.97070313,716.520263672,565.650146484,298.831085205,564.600524902,644.103149414,628.187988281,458.069946289,238.190322876,81.1373901367,84.1629257202,79.8992004395,70.6876678467,83.2387084961,50.6323509216,44.3600883484,41.3693847656,37.1967887878,41.8209686279,19.2395458221,5.87439584732,1.5513625145,0.0825131237507,0.0118294265121],"mean":[0.216200441122,2.51454234123,8.44699764252,10.6620740891,6.79206418991,10.5235910416,8.72513866425,11.7500095367,14.2726278305,11.7755470276,17.0020294189,27.2328681946,25.084569931,22.8072624207,23.422252655,38.1788711548,38.6475219727,39.6198577881,41.1259231567,48.6106987,96.9039840698,93.3742446899,70.564956665,61.9221496582,37.7440299988,16.4875297546,10.8846683502,11.6301813126,6.52281236649,2.66461324692,1.71770381927,1.2751339674,0.978815853596,0.585420846939,0.339056581259,0.178216025233,0.0655454844236,0.0147735886276,0.00184201775119,0.000182770294487],"median":[0.0748375058174,1.49835252762,6.54223585129,7.52618360519,4.1096329689,4.21842622757,5.16333866119,6.10487318039,8.29344367981,6.98930835724,7.44615888596,14.1156549454,13.2312030792,12.6154499054,13.8267230988,22.911907196,23.6853294373,24.6870231628,31.4070644379,40.9707527161,87.1632843018,81.3540649414,60.7860107422,56.3762817383,35.513584137,15.7655591965,10.2103805542,10.7850847244,5.90945339203,2.05148482323,1.3231010437,0.941076099873,0.666118562222,0.366116076708,0.157137200236,0.0737170726061,0.0211488697678,0.00349092483521,0.000383516889997,0.0000712713081157],"min":[2.9960373917e-13,2.21457639553e-12,1.06324610574e-11,3.77545147923e-11,1.11071381259e-10,2.83683410096e-10,6.48565590122e-10,1.35544475643e-9,2.62671084883e-9,4.76523975834e-9,8.141297414e-9,1.31330146758e-8,1.99881782237e-8,2.85741226236e-8,3.80010938272e-8,1.99060732342e-8,1.05155697483e-8,1.0922756033e-8,2.07556585252e-8,1.19004051058e-8,9.7366914531e-9,5.99749867547e-8,1.42223965938e-8,1.12772253757e-8,1.84574098228e-8,2.33985044673e-8,2.25092815498e-8,2.04461461095e-8,1.90755340412e-8,2.44096867164e-8,1.79815184964e-8,2.33851444875e-8,1.64109223988e-8,7.82425413348e-9,7.64201590897e-9,3.85201337494e-9,1.14200437995e-9,3.11008024889e-10,1.54151802434e-10,2.51369237925e-11],"var":[0.199663415551,13.4448699951,62.2183685303,117.152267456,67.0205383301,407.869750977,124.491500854,329.766479492,450.651367188,355.58404541,1313.3572998,2581.30834961,1671.62536621,1028.0480957,945.135375977,2338.2199707,2306.75512695,2400.23852539,1377.94677734,1022.71520996,2831.16821289,3488.8137207,2112.41918945,1203.5579834,374.255645752,65.4805908203,34.5547866821,41.3323974609,17.9677295685,6.422747612,2.68425488472,2.19320869446,2.85413241386,1.84761214256,1.13524007797,0.321214944124,0.0400597266853,0.0021335480269,0.0000201992188522,1.32983899448e-7]},"erbbands_crest":{"dmean":1.86681044102,"dmean2":3.16600656509,"dvar":3.04879593849,"dvar2":8.22748374939,"max":25.7815647125,"mean":6.82809877396,"median":6.33362150192,"min":2.61685180664,"var":5.27909946442},"erbbands_flatness_db":{"dmean":0.0133265210316,"dmean2":0.0210492573678,"dvar":0.000150718347868,"dvar2":0.000365345360478,"max":0.32706835866,"mean":0.144933208823,"median":0.139525547624,"min":0.0346000418067,"var":0.00125399127137},"erbbands_kurtosis":{"dmean":0.958934426308,"dmean2":1.58335149288,"dvar":0.952811181545,"dvar2":2.56436491013,"max":15.0460271835,"mean":0.727140545845,"median":0.508691847324,"min":-1.75278270245,"var":1.86797511578},"erbbands_skewness":{"dmean":0.317612826824,"dmean2":0.517353832722,"dvar":0.0861124545336,"dvar2":0.220920994878,"max":3.22470426559,"mean":-0.790811359882,"median":-0.838741242886,"min":-3.24050283432,"var":0.262308895588},"erbbands_spread":{"dmean":8.0336971283,"dmean2":13.3750705719,"dvar":71.7336578369,"dvar2":194.590042114,"max":97.5762329102,"mean":33.373134613,"median":31.6853713989,"min":3.53506684303,"var":131.928070068},"gfcc":{"cov":[[3080.14990234,-414.606262207,559.920166016,242.642608643,-20.093667984,360.881011963,-13.8529500961,230.128265381,36.3858909607,112.688102722,35.0547828674,115.461631775,-54.7747612],[-414.606262207,479.079864502,-125.677780151,51.8585472107,-24.8915519714,-49.1821746826,32.1663131714,-53.917766571,4.53675603867,-52.6727523804,13.9968032837,-46.3388366699,22.6602268219],[559.920166016,-125.677780151,684.785095215,97.1231079102,192.678237915,128.678894043,11.9278717041,90.895111084,-2.69114637375,43.4051017761,-3.41847515106,32.0226669312,-34.7889442444],[242.642608643,51.8585472107,97.1231079102,276.206817627,49.8378181458,117.918296814,8.43440532684,42.9204368591,32.8905105591,7.41852855682,19.9801273346,-7.22570419312,5.1144490242],[-20.093667984,-24.8915519714,192.678237915,49.8378181458,230.339859009,44.4647674561,47.8940391541,22.8928050995,-6.11515283585,27.3968811035,6.70761966705,12.1649007797,-4.76797628403],[360.881011963,-49.1821746826,128.678894043,117.918296814,44.4647674561,170.089874268,41.7974739075,66.6373901367,15.4738397598,15.3434944153,16.2547264099,10.5718641281,-8.08207798004],[-13.8529500961,32.1663131714,11.9278717041,8.43440532684,47.8940391541,41.7974739075,84.8177108765,37.3170204163,12.3638000488,3.67693519592,4.71985006332,6.43399477005,6.194480896],[230.128265381,-53.917766571,90.895111084,42.9204368591,22.8928050995,66.6373901367,37.3170204163,90.1359481812,33.9804496765,23.3849315643,8.23122596741,11.877038002,-7.09138393402],[36.3858909607,4.53675603867,-2.69114637375,32.8905105591,-6.11515283585,15.4738397598,12.3638000488,33.9804496765,53.4257392883,27.8436565399,12.8906326294,-0.276226013899,1.05123329163],[112.688102722,-52.6727523804,43.4051017761,7.41852855682,27.3968811035,15.3434944153,3.67693519592,23.3849315643,27.8436565399,61.1569137573,26.6093063354,17.9353141785,-1.03742277622],[35.0547828674,13.9968032837,-3.41847515106,19.9801273346,6.70761966705,16.2547264099,4.71985006332,8.23122596741,12.8906326294,26.6093063354,49.2682342529,24.3804893494,8.34248638153],[115.461631775,-46.3388366699,32.0226669312,-7.22570419312,12.1649007797,10.5718641281,6.43399477005,11.877038002,-0.276226013899,17.9353141785,24.3804893494,51.4793968201,18.4892692566],[-54.7747612,22.6602268219,-34.7889442444,5.1144490242,-4.76797628403,-8.08207798004,6.194480896,-7.09138393402,1.05123329163,-1.03742277622,8.34248638153,18.4892692566,41.0971984863]],"icov":[[0.000668369000778,-0.00000677609841659,-0.000206586410059,-0.000318392936606,0.000684611382894,-0.000937679142226,0.000570225936826,-0.000889777846169,0.000836082617752,-0.00113745452836,0.00101616512984,-0.00166258297395,0.000906442466658],[-0.00000677609841659,0.00408517662436,-0.000568474875763,-0.00116653647274,0.000581203785259,0.00200949236751,-0.00373537652194,0.00279745366424,-0.00188176590018,0.00419990578666,-0.00548403197899,0.00502572068945,-0.00208287313581],[-0.000206586410059,-0.000568474875763,0.00293106772006,0.0000607510410191,-0.00238422653638,-0.00104435160756,0.00247565913014,-0.00243465229869,0.00120282336138,-0.000975381000899,0.00234202062711,-0.00220566615462,0.0016979672946],[-0.000318392936606,-0.00116653647274,0.0000607510410191,0.00741783156991,-0.00233640172519,-0.00517987506464,0.0043451115489,-0.00025962429936,-0.00486052129418,0.00300961919129,-0.00200172816403,0.0028680851683,-0.00332599459216],[0.000684611382894,0.000581203785259,-0.00238422653638,-0.00233640172519,0.00869337189943,0.000816464191303,-0.00605237530544,0.00157178845257,0.00453756470233,-0.00535321608186,0.000791484373622,-0.000548637530301,0.00105207331944],[-0.000937679142226,0.00200949236751,-0.00104435160756,-0.00517987506464,0.000816464191303,0.015598195605,-0.00755740795285,-0.00326008861884,0.00333598791622,0.0021577833686,-0.0059971162118,0.00406142836437,0.000500950496644],[0.000570225936826,-0.00373537652194,0.00247565913014,0.0043451115489,-0.00605237530544,-0.00755740795285,0.0250000208616,-0.0111619560048,-0.00130015634932,0.000819878128823,0.00447852537036,-0.00475308764726,-0.00222485745326],[-0.000889777846169,0.00279745366424,-0.00243465229869,-0.00025962429936,0.00157178845257,-0.00326008861884,-0.0111619560048,0.030127665028,-0.0167217440903,0.00338551658206,-0.000642822182272,-0.00126432103571,0.0028777057305],[0.000836082617752,-0.00188176590018,0.00120282336138,-0.00486052129418,0.00453756470233,0.00333598791622,-0.00130015634932,-0.0167217440903,0.0427012071013,-0.0213678255677,0.00144111562986,0.00492736883461,-0.00187289703172],[-0.00113745452836,0.00419990578666,-0.000975381000899,0.00300961919129,-0.00535321608186,0.0021577833686,0.000819878128823,0.00338551658206,-0.0213678255677,0.0404823124409,-0.0197892859578,0.00257520121522,-0.000341066799592],[0.00101616512984,-0.00548403197899,0.00234202062711,-0.00200172816403,0.000791484373622,-0.0059971162118,0.00447852537036,-0.000642822182272,0.00144111562986,-0.0197892859578,0.0453492552042,-0.0251633226871,0.0063150008209],[-0.00166258297395,0.00502572068945,-0.00220566615462,0.0028680851683,-0.000548637530301,0.00406142836437,-0.00475308764726,-0.00126432103571,0.00492736883461,0.00257520121522,-0.0251633226871,0.0489193014801,-0.0229390989989],[0.000906442466658,-0.00208287313581,0.0016979672946,-0.00332599459216,0.00105207331944,0.000500950496644,-0.00222485745326,0.0028777057305,-0.00187289703172,-0.000341066799592,0.0063150008209,-0.0229390989989,0.0386703424156]],"mean":[47.8823928833,82.7321472168,-131.589523315,43.5869407654,-30.6959209442,7.03313112259,-31.9454803467,12.3452062607,-22.0701293945,-0.572795271873,-18.3299980164,0.527649044991,-13.0783700943]},"hfc":{"dmean":6.32914352417,"dmean2":10.1540927887,"dvar":49.1401634216,"dvar2":122.158729553,"max":132.54927063,"mean":31.0251483917,"median":29.821603775,"min":2.26014108762e-7,"var":148.526107788},"melbands":{"dmean":[0.00235925521702,0.00252721132711,0.00110198440962,0.000672160065733,0.000302944419673,0.000169268081663,0.000141344906297,0.0000928037334234,0.00010183671111,0.0000983500867733,0.0000803130096756,0.000060945370933,0.0000430827276432,0.0000533285528945,0.0000549220094399,0.0000446437370556,0.0000412725385104,0.0000352817405656,0.0000302454027405,0.0000349106521753,0.0000589734554524,0.0000483581716253,0.0000324011671182,0.0000245295177592,0.0000214961655729,0.0000149546449393,0.00000623040205028,0.00000400838280257,0.00000274545755019,0.00000295252925753,0.0000026783022804,0.00000171385090653,9.315826901e-7,6.92825437909e-7,4.83540247842e-7,4.77987896375e-7,2.98026776591e-7,3.54009841885e-7,2.80350320736e-7,2.28969668115e-7],"dmean2":[0.00413094321266,0.00434148591012,0.001922236057,0.00123607052956,0.000540035602171,0.000279194005998,0.000238934633671,0.000161236384884,0.000169890816323,0.000158803770319,0.000135332389618,0.000103463084088,0.0000715103160474,0.0000863493551151,0.0000911271563382,0.0000743643686292,0.0000684953629388,0.0000587588438066,0.0000502683251398,0.0000590868003201,0.0000995848313323,0.0000813515944174,0.0000545856601093,0.0000414271198679,0.0000365337327821,0.0000252741592703,0.0000105207200249,0.00000672633223076,0.00000461213630842,0.00000494495907333,0.00000449127674074,0.00000286273279926,0.00000155052134687,0.00000115966827252,8.02742817996e-7,7.79041613441e-7,4.92447270517e-7,5.79424465741e-7,4.50511208783e-7,3.60208389338e-7],"dvar":[0.0000245016035478,0.000016932559447,0.00000286825434159,0.00000152856409841,3.01039762007e-7,1.00177750539e-7,7.62858007874e-8,4.65071572364e-8,6.55952234752e-8,4.33825952939e-8,2.59149643966e-8,1.18275904626e-8,5.40468025889e-9,8.38499936151e-9,7.61471241617e-9,5.97036375893e-9,4.82494089127e-9,2.35359021161e-9,1.35087951936e-9,1.15809040135e-9,3.54664764224e-9,2.64305333175e-9,1.45159673171e-9,7.23736515162e-10,5.20175569285e-10,2.57419918714e-10,3.63038869799e-11,1.7303627281e-11,1.08651143638e-11,1.14166384679e-11,8.82899395954e-12,5.15412061988e-12,2.16068330762e-12,1.8532035715e-12,7.9053235312e-13,5.7900028088e-13,5.81402222373e-13,8.86266049698e-13,9.72647852017e-13,5.99734454806e-13],"dvar2":[0.0000656184129184,0.0000464980657853,0.00000818092030386,0.00000428227212979,8.42054134864e-7,2.46497307899e-7,1.97351852194e-7,1.33767443344e-7,1.71491166157e-7,1.22945948533e-7,6.96613042805e-8,3.19863175946e-8,1.34356783477e-8,2.06771471056e-8,1.94747435955e-8,1.56826764908e-8,1.22602008545e-8,6.22830675923e-9,3.46769724047e-9,3.18592929816e-9,9.63143076405e-9,7.2520407457e-9,3.86312581924e-9,2.00124516958e-9,1.4372271151e-9,6.82441769762e-10,1.0002719486e-10,4.74828613928e-11,2.96334623506e-11,3.09243707031e-11,2.36819158034e-11,1.38001120947e-11,5.59443030096e-12,4.9805663066e-12,2.08336061076e-12,1.49449474064e-12,1.44978744721e-12,2.12143367109e-12,2.39299443976e-12,1.37886956627e-12],"max":[0.0314033553004,0.0321740470827,0.0150132291019,0.00986703671515,0.0077736149542,0.00679018348455,0.00586935132742,0.00288575375453,0.00530224945396,0.00478054210544,0.00352350459434,0.00201537483372,0.0025118177291,0.00230086478405,0.00167573301587,0.00196845340542,0.00136176287197,0.000925585569348,0.000666059786454,0.000488866993692,0.000918011006434,0.000629653222859,0.000939526886214,0.000392737827497,0.000423967489041,0.000334822078003,0.0000946397340158,0.0000565582340641,0.0000552528872504,0.0000459713301098,0.0000428784296673,0.000049595375458,0.0000273620007647,0.0000552091951249,0.000027937696359,0.0000263176807493,0.0000287228031084,0.0000367770626326,0.000047781966714,0.0000308349954139],"mean":[0.00239396607503,0.00418353406712,0.00171955942642,0.000615372031461,0.000344568368746,0.000259788590483,0.000213932726183,0.000128145009512,0.000150893538375,0.000172044485225,0.000121766759548,0.0000901466773939,0.0000710511376383,0.0000934558629524,0.0000978499374469,0.0000780295886216,0.0000730148894945,0.000064731517341,0.0000599785671511,0.0000751547122491,0.000125277045299,0.000105082654045,0.0000707508443156,0.0000570562951907,0.0000502061047882,0.0000353764371539,0.0000158669554366,0.00000960978468356,0.00000636853474134,0.00000707822664481,0.00000657222790323,0.00000417747423853,0.00000195270513359,0.00000123307199829,9.10420340006e-7,0.00000106114782739,6.62518914396e-7,7.13466079105e-7,5.77104970034e-7,4.64087406726e-7],"median":[0.00111679092515,0.00324166892096,0.0012804265134,0.000292632525088,0.00019270053599,0.000142504941323,0.000125207719975,0.0000739658717066,0.000064313186158,0.0000912230971153,0.0000621543586021,0.0000480381531816,0.0000413294073951,0.0000543184214621,0.0000610077622696,0.0000458761605842,0.0000441390620836,0.0000479276459373,0.0000470507002319,0.0000657628770568,0.000111280336569,0.0000904136904865,0.0000579441984883,0.0000493265870318,0.000044831631385,0.0000323955064232,0.0000148390390677,0.00000893063224794,0.00000583423161515,0.00000642263603368,0.00000602343379796,0.00000374438172912,0.00000160693241469,8.76411661466e-7,6.68487189159e-7,7.91931711319e-7,4.590488345e-7,4.76796003568e-7,3.80051432103e-7,2.7670503755e-7],"min":[2.8856510924e-15,4.68972327335e-15,8.24763011115e-15,1.35220204174e-14,2.11157300819e-14,3.04134227026e-14,4.19873012227e-14,5.54552639974e-14,7.00554455483e-14,8.55204782316e-14,1.00330415633e-13,1.12884507785e-13,1.21487902746e-13,7.13000215509e-14,3.32341034033e-14,2.05838221901e-14,1.90909825248e-14,2.89133104123e-14,2.53017262496e-14,7.51286460479e-15,1.11871563106e-14,4.68030426698e-14,2.81800170492e-14,5.34831807138e-15,9.15306767418e-15,1.1130323788e-14,1.39708970575e-14,1.62513486148e-14,1.43165932261e-14,1.27463567723e-14,1.16740266136e-14,8.73466050329e-15,1.71368944561e-14,1.2256419363e-14,9.84119724053e-15,1.02424494531e-14,1.56377037377e-14,1.34348742797e-14,3.25107042321e-15,7.45394753408e-15],"var":[0.0000183248248504,0.0000160554536706,0.00000283107283394,0.00000101951559373,2.35477813249e-7,1.50567814217e-7,9.52266745458e-8,4.48878409998e-8,1.10134493525e-7,9.84006476301e-8,4.22268904288e-8,1.76952390518e-8,1.04675628165e-8,1.5932505093e-8,1.4980347629e-8,1.07663842286e-8,9.32619403926e-9,4.10547862373e-9,2.6420061694e-9,2.04513184165e-9,5.51380896496e-9,4.91075491382e-9,3.01877545184e-9,1.35467081996e-9,9.06814678903e-10,4.3305092845e-10,6.65162022684e-11,2.78943708409e-11,1.44754434134e-11,1.75406078551e-11,1.44920967587e-11,7.97893955767e-12,2.70884595137e-12,1.94232087011e-12,9.14934903014e-13,1.04407498272e-12,8.8376653001e-13,1.47791132631e-12,1.5909045999e-12,1.31402798798e-12]},"melbands_crest":{"dmean":3.42103552818,"dmean2":5.6229186058,"dvar":10.0792312622,"dvar2":25.2826328278,"max":31.8040790558,"mean":15.3104858398,"median":15.0908374786,"min":2.98785829544,"var":27.2090206146},"melbands_flatness_db":{"dmean":0.0280216820538,"dmean2":0.0441690795124,"dvar":0.000968505162746,"dvar2":0.00226534903049,"max":0.514313280582,"mean":0.169043287635,"median":0.160271927714,"min":0.0494418554008,"var":0.00201663398184},"melbands_kurtosis":{"dmean":7.12908267975,"dmean2":12.0849323273,"dvar":177.895309448,"dvar2":473.314788818,"max":221.209655762,"mean":7.971367836,"median":4.20472717285,"min":-1.81217694283,"var":166.053222656},"melbands_skewness":{"dmean":0.876157402992,"dmean2":1.41195201874,"dvar":1.18351757526,"dvar2":3.00421881676,"max":11.4128808975,"mean":2.43570327759,"median":2.19959020615,"min":-2.09737658501,"var":2.00690817833},"melbands_spread":{"dmean":10.5555438995,"dmean2":17.0994091034,"dvar":95.6477127075,"dvar2":240.846862793,"max":143.192764282,"mean":34.1894416809,"median":34.2272567749,"min":0.704115450382,"var":200.610626221},"mfcc":{"cov":[[2440.20092773,-203.285446167,266.866668701,80.8179092407,58.310459137,104.435066223,79.2924499512,139.415374756,40.8210601807,102.747436523,94.7501983643,64.7018432617,1.39275932312],[-203.285446167,283.500091553,-19.6276493073,7.73100376129,-23.1329631805,-17.1729240417,9.78155422211,-12.8580780029,-14.8082237244,-22.3299503326,-8.91432380676,-12.5086889267,-6.7691283226],[266.866668701,-19.6276493073,431.806854248,60.7794952393,138.93812561,62.9208602905,48.0761375427,70.9108047485,9.73202037811,63.9214668274,11.9075040817,13.7175264359,1.23291659355],[80.8179092407,7.73100376129,60.7794952393,153.098495483,89.5955810547,48.971408844,30.2802715302,18.3113193512,21.8915901184,17.0033073425,14.3534736633,14.611207962,4.39349222183],[58.310459137,-23.1329631805,138.93812561,89.5955810547,173.703369141,74.0806121826,60.1461257935,31.7369651794,14.5904226303,32.4984321594,17.2898330688,22.8230495453,2.81859731674],[104.435066223,-17.1729240417,62.9208602905,48.971408844,74.0806121826,95.0643463135,57.438999176,32.9059791565,15.7301244736,19.560218811,12.377828598,14.2369842529,2.76757478714],[79.2924499512,9.78155422211,48.0761375427,30.2802715302,60.1461257935,57.438999176,94.4911956787,53.1741714478,23.7561798096,16.6165866852,11.4287776947,20.1217060089,6.00274991989],[139.415374756,-12.8580780029,70.9108047485,18.3113193512,31.7369651794,32.9059791565,53.1741714478,83.4309997559,32.7197608948,25.1905822754,10.2375917435,16.5859985352,3.56267261505],[40.8210601807,-14.8082237244,9.73202037811,21.8915901184,14.5904226303,15.7301244736,23.7561798096,32.7197608948,56.1921005249,27.4461288452,12.0525960922,8.46103191376,4.32756567001],[102.747436523,-22.3299503326,63.9214668274,17.0033073425,32.4984321594,19.560218811,16.6165866852,25.1905822754,27.4461288452,63.7870063782,29.1798782349,14.8050460815,-2.1313958168],[94.7501983643,-8.91432380676,11.9075040817,14.3534736633,17.2898330688,12.377828598,11.4287776947,10.2375917435,12.0525960922,29.1798782349,49.1630592346,25.3842353821,6.98287153244],[64.7018432617,-12.5086889267,13.7175264359,14.611207962,22.8230495453,14.2369842529,20.1217060089,16.5859985352,8.46103191376,14.8050460815,25.3842353821,48.2548713684,20.7359390259],[1.39275932312,-6.7691283226,1.23291659355,4.39349222183,2.81859731674,2.76757478714,6.00274991989,3.56267261505,4.32756567001,-2.1313958168,6.98287153244,20.7359390259,43.0070724487]],"icov":[[0.000555122387595,0.00038158611278,-0.000290595518891,-0.000337246310664,0.000632375653367,-0.000337037403369,-0.0000688536456437,-0.000634725671262,0.000430549844168,-0.0000873327226145,-0.0008423551335,-0.000141329015605,0.000284559966531],[0.00038158611278,0.00425982521847,-0.00048155800323,-0.00129406410269,0.00153630657587,0.00116478058044,-0.00263018067926,0.000596985104494,0.00110717164353,0.000889472838026,-0.00110471900553,0.000759303860832,0.000692079775035],[-0.000290595518891,-0.00048155800323,0.00432787835598,0.000274462508969,-0.00333610060625,-0.0000489052654302,0.00165350933094,-0.00344995153137,0.00282553769648,-0.00396382855251,0.00206727487966,0.00126010808162,-0.00136568397284],[-0.000337246310664,-0.00129406410269,0.000274462508969,0.0106556816027,-0.00558927562088,-0.00240858690813,0.0025019145105,0.000530491233803,-0.00424261158332,0.00194699969143,-0.000759675342124,-0.000368318025721,-0.00033669709228],[0.000632375653367,0.00153630657587,-0.00333610060625,-0.00558927562088,0.0150122921914,-0.00431698560715,-0.00547850690782,0.00308250100352,0.00167453638278,-0.00162057357375,-0.000304151588352,-0.00284854322672,0.00186519883573],[-0.000337037403369,0.00116478058044,-0.0000489052654302,-0.00240858690813,-0.00431698560715,0.0214355681092,-0.00994786899537,0.000508274068125,0.000808296434116,-0.000770370010287,-0.000700737233274,0.00171103270259,-0.000139121431857],[-0.0000688536456437,-0.00263018067926,0.00165350933094,0.0025019145105,-0.00547850690782,-0.00994786899537,0.0266564227641,-0.0122915077955,-0.00245056627318,0.00226582260802,0.000437578943092,-0.00348367448896,-0.000450412015198],[-0.000634725671262,0.000596985104494,-0.00344995153137,0.000530491233803,0.00308250100352,0.000508274068125,-0.0122915077955,0.0270425230265,-0.0104032419622,-0.00035280600423,0.00273909047246,-0.0043558976613,0.0020847201813],[0.000430549844168,0.00110717164353,0.00282553769648,-0.00424261158332,0.00167453638278,0.000808296434116,-0.00245056627318,-0.0104032419622,0.0314324386418,-0.0131924692541,0.000652571266983,0.00374447950162,-0.00417323596776],[-0.0000873327226145,0.000889472838026,-0.00396382855251,0.00194699969143,-0.00162057357375,-0.000770370010287,0.00226582260802,-0.00035280600423,-0.0131924692541,0.0336470901966,-0.0159646030515,-0.00116803275887,0.00607659760863],[-0.0008423551335,-0.00110471900553,0.00206727487966,-0.000759675342124,-0.000304151588352,-0.000700737233274,0.000437578943092,0.00273909047246,0.000652571266983,-0.0159646030515,0.0385850518942,-0.0158807579428,0.000183983109309],[-0.000141329015605,0.000759303860832,0.00126010808162,-0.000368318025721,-0.00284854322672,0.00171103270259,-0.00348367448896,-0.0043558976613,0.00374447950162,-0.00116803275887,-0.0158807579428,0.0395288541913,-0.0158658474684],[0.000284559966531,0.000692079775035,-0.00136568397284,-0.00033669709228,0.00186519883573,-0.000139121431857,-0.000450412015198,0.0020847201813,-0.00417323596776,0.00607659760863,0.000183983109309,-0.0158658474684,0.0315430909395]],"mean":[-590.570922852,113.016624451,-29.0295276642,39.2817344666,16.9014263153,5.7991476059,4.34733963013,8.73671722412,5.60844182968,-2.32824373245,2.48403167725,2.66990494728,-2.72512340546]},"pitch_salience":{"dmean":0.0861614942551,"dmean2":0.143429115415,"dvar":0.00639011338353,"dvar2":0.0175571814179,"max":0.997051477432,"mean":0.566663146019,"median":0.579072713852,"min":0.177818074822,"var":0.012082150206},"silence_rate_20dB":{"dmean":0,"dmean2":0,"dvar":0,"dvar2":0,"max":1,"mean":1,"median":1,"min":1,"var":0},"silence_rate_30dB":{"dmean":0.00183748465497,"dmean2":0.00367534463294,"dvar":0.00183425447904,"dvar2":0.0052958955057,"max":1,"mean":0.998979270458,"median":1,"min":0,"var":0.0010196272051},"silence_rate_60dB":{"dmean":0.00408329907805,"dmean2":0.00816743262112,"dvar":0.00406527239829,"dvar2":0.00912350136787,"max":1,"mean":0.0179646834731,"median":0,"min":0,"var":0.0176396928728},"spectral_centroid":{"dmean":280.420806885,"dmean2":468.175445557,"dvar":85188.046875,"dvar2":207544.890625,"max":11249.2148438,"mean":1976.67529297,"median":2029.69641113,"min":178.101043701,"var":161989.96875},"spectral_complexity":{"dmean":3.9418129921,"dmean2":6.25359869003,"dvar":10.8824005127,"dvar2":24.9128437042,"max":58,"mean":37.9608039856,"median":40,"min":0,"var":63.4413986206},"spectral_contrast_coeffs":{"dmean":[0.0561018437147,0.0472838059068,0.0371934995055,0.0287941265851,0.0223099850118,0.0175289921463],"dmean2":[0.0944164916873,0.0782244428992,0.0616746209562,0.0483743324876,0.0374071076512,0.028415678069],"dvar":[0.00209208577871,0.00145244691521,0.000881982559804,0.000501945556607,0.000306110188831,0.00026670427178],"dvar2":[0.00593943009153,0.00380480708554,0.00227985181846,0.00139318883885,0.000849699194077,0.000597252859734],"max":[-0.302067130804,-0.500598549843,-0.535183370113,-0.550142586231,-0.569128870964,-0.613047301769],"mean":[-0.639537215233,-0.766433775425,-0.797253012657,-0.800638735294,-0.765792429447,-0.722786724567],"median":[-0.6423817873,-0.772161304951,-0.802926123142,-0.803878366947,-0.76663929224,-0.722307741642],"min":[-0.946433186531,-0.974121749401,-0.994829058647,-0.97326540947,-0.971879541874,-0.959835290909],"var":[0.00418495200574,0.00343929976225,0.00222907029092,0.00116302573588,0.000727901700884,0.000918700476177]},"spectral_contrast_valleys":{"dmean":[0.443484097719,0.387442797422,0.329753547907,0.246381238103,0.186736285686,0.218303740025],"dmean2":[0.73195797205,0.640098869801,0.527815759182,0.394062459469,0.288162410259,0.335390388966],"dvar":[0.160107806325,0.14448453486,0.115899048746,0.0888604745269,0.0857860594988,0.0788026452065],"dvar2":[0.370547622442,0.30369001627,0.21755348146,0.139188155532,0.11683742702,0.141904488206],"max":[-4.91323900223,-4.56149673462,-5.14167118073,-5.45428466797,-5.54297018051,-7.59954214096],"mean":[-6.86637163162,-6.53515148163,-6.76543283463,-6.66885328293,-6.52656555176,-9.90754127502],"median":[-6.69404220581,-6.47921276093,-6.75020599365,-6.62362766266,-6.43332672119,-9.79431438446],"min":[-27.5359268188,-26.8179302216,-27.5663452148,-27.2172489166,-27.3935070038,-27.1883563995],"var":[0.933739483356,0.420383632183,0.374816715717,0.288409888744,0.305500328541,0.641357064247]},"spectral_decrease":{"dmean":4.0365173426e-9,"dmean2":6.85918299936e-9,"dvar":3.3673056973e-17,"dvar2":8.72359033854e-17,"max":7.74929598492e-17,"mean":-9.46059497409e-9,"median":-8.0055535534e-9,"min":-4.03191720011e-8,"var":3.54308223921e-17},"spectral_energy":{"dmean":0.0155488708988,"dmean2":0.0263809021562,"dvar":0.000484450050863,"dvar2":0.00125467148609,"max":0.15512496233,"mean":0.0385205373168,"median":0.0331775322556,"min":4.87758756995e-11,"var":0.00052433431847},"spectral_energyband_high":{"dmean":0.000241058223764,"dmean2":0.000379896169761,"dvar":1.31555367489e-7,"dvar2":3.06544535533e-7,"max":0.0118752978742,"mean":0.000814720871858,"median":0.000735872949008,"min":2.05495655214e-11,"var":2.70571121064e-7},"spectral_energyband_low":{"dmean":0.0126327117905,"dmean2":0.0213277172297,"dvar":0.000468545418698,"dvar2":0.00122681749053,"max":0.138551786542,"mean":0.0200364645571,"median":0.0144423767924,"min":3.0496909658e-14,"var":0.000432553701103},"spectral_energyband_middle_high":{"dmean":0.00239490461536,"dmean2":0.00385911413468,"dvar":0.00000632737419437,"dvar2":0.000016040952687,"max":0.0396461449564,"mean":0.0100148115307,"median":0.00907873921096,"min":6.54938906927e-12,"var":0.0000233174432651},"spectral_energyband_middle_low":{"dmean":0.00569992465898,"dmean2":0.0101141473278,"dvar":0.0000644613028271,"dvar2":0.000178937989403,"max":0.0589884594083,"mean":0.00976557843387,"median":0.00743977120146,"min":1.570802299e-12,"var":0.0000650238871458},"spectral_entropy":{"dmean":0.0810740664601,"dmean2":0.126505106688,"dvar":0.0117103410885,"dvar2":0.0229208823293,"max":9.79310512543,"mean":7.81658029556,"median":7.83707714081,"min":5.37048387527,"var":0.034382160753},"spectral_flux":{"dmean":0.0330014154315,"dmean2":0.0518414527178,"dvar":0.00148371083196,"dvar2":0.00287842261605,"max":0.343681871891,"mean":0.113120228052,"median":0.0990501716733,"min":0.0000223735369218,"var":0.00287520838901},"spectral_kurtosis":{"dmean":1.43153870106,"dmean2":2.44194722176,"dvar":4.37311553955,"dvar2":10.9771986008,"max":60.5420722961,"mean":5.40888690948,"median":4.96994638443,"min":-1.21378231049,"var":6.91496896744},"spectral_rms":{"dmean":0.00109734677244,"dmean2":0.00181712547783,"dvar":0.00000175946433956,"dvar2":0.00000445998193754,"max":0.0123020904139,"mean":0.00588688720018,"median":0.0056893164292,"min":2.18142659492e-7,"var":0.00000292547770187},"spectral_rolloff":{"dmean":567.287231445,"dmean2":959.546325684,"dvar":480773.34375,"dvar2":1060660.5,"max":21404.0039063,"mean":2044.05493164,"median":2282.51953125,"min":86.1328125,"var":728334.375},"spectral_skewness":{"dmean":0.168275177479,"dmean2":0.279806703329,"dvar":0.0455659776926,"dvar2":0.107697471976,"max":5.57232713699,"mean":1.41455388069,"median":1.36786568165,"min":0.0151175502688,"var":0.101554788649},"spectral_spread":{"dmean":348141.71875,"dmean2":543703.6875,"dvar":286249844736,"dvar2":415534088192,"max":40971204,"mean":3475067.5,"median":3434496.75,"min":1145748.625,"var":780433096704},"spectral_strongpeak":{"dmean":0.278184652328,"dmean2":0.48179551959,"dvar":0.274063795805,"dvar2":0.730697393417,"max":10.0627746582,"mean":0.54737496376,"median":0.415721654892,"min":0,"var":0.381592094898},"zerocrossingrate":{"dmean":0.0093162227422,"dmean2":0.0121264737099,"dvar":0.00008109468763,"dvar2":0.000130977990921,"max":0.3701171875,"mean":0.0655467137694,"median":0.06494140625,"min":0.00244140625,"var":0.000372818263713}},"metadata":{"audio_properties":{"analysis_sample_rate":44100,"bit_rate":0,"codec":"flac","downmix":"mix","equal_loudness":0,"length":227.440002441,"lossless":true,"md5_encoded":"6a7705a99d7711e001961ee5c92daa43","replay_gain":-14.2608757019,"sample_rate":44100},"tags":{"acoustid_id":["ef08b24a-37fb-49a6-8ad2-eb2afd7d1297"],"album":["Kerrang! Field of Screams!"],"albumartist":["Various Artists"],"albumartistsort":["Various Artists"],"artist":["Mastodon"],"artistsort":["Mastodon"],"catalognumber":["# 1060"],"compilation":["1"],"composer":["Mastodon"],"composersort":["Mastodon"],"date":["2005-06-11"],"discnumber":["1"],"disctotal":["1"],"file_name":"01. Blood and Thunder.flac","genre":["Rock","Punk","Progressive Metal","Nu Metal","Metal"],"label":["Kerrang!"],"language":["eng"],"lyricist":["Mastodon"],"media":["CD"],"musicbrainz_albumartistid":["89ad4ac3-39f7-470e-963a-56509c546377"],"musicbrainz_albumid":["eb0e1f46-e6db-4443-a404-4c08b39aef8f"],"musicbrainz_artistid":["bc5e2ad6-0a4a-4d90-b911-e9a7e6861727"],"musicbrainz_recordingid":["5fe2946e-ab9e-4271-bf80-e745fb08ccc3"],"musicbrainz_releasegroupid":["fa538c2d-ce18-3448-b388-ded5de995486"],"musicbrainz_releasetrackid":["458fc539-09b9-3020-9133-92f6a6c59d16"],"musicbrainz_workid":["01f106ae-2317-477c-b8d1-4510421314e3"],"originaldate":["2005-06-11"],"originalyear":["2005"],"performer":["Neil Fallon (guest vocals)"],"releasecountry":["GB"],"releasestatus":["promotion"],"releasetype":["album","compilation"],"script":["Latn"],"title":["Blood and Thunder"],"totaldiscs":["1"],"totaltracks":["15"],"tracknumber":["1"],"tracktotal":["15"],"work":["Blood and Thunder"]},"version":{"essentia":"2.1-beta2","essentia_build_sha":"2d9f1f26377add8aeb1075a9c2973f962c4f09fd","essentia_git_sha":"v2.1_beta2-1-ge3940c0","extractor":"music 1.0"}},"rhythm":{"beats_count":393,"beats_loudness":{"dmean":0.0161019489169,"dmean2":0.0280519127846,"dvar":0.000222020331421,"dvar2":0.000634513271507,"max":0.11017947644,"mean":0.0428936369717,"median":0.0396411493421,"min":0.00104377325624,"var":0.000311368581606},"beats_loudness_band_ratio":{"dmean":[0.243143290281,0.