{"lowlevel":{"average_loudness":0.679162919521,"barkbands":{"dmean":[0.00127207313199,0.00988099910319,0.00472908373922,0.00181376293767,0.00225792545825,0.000931376358494,0.000491806596983,0.000350928166881,0.000598636921495,0.000374179770006,0.000197138957446,0.000310661416734,0.000212449958781,0.000170248822542,0.000180757677299,0.000130393193103,0.00013720188872,0.000155468587764,0.00014293588174,0.000181978743058,0.000111994704639,0.000112189554784,0.000136050613946,0.0000386902684113,0.00000261414561464,0.0000279041159956,0.000107231913717],"dmean2":[0.00227296794765,0.0159033313394,0.00792471598834,0.00298375426792,0.00365413236432,0.00149500614498,0.000801491551101,0.00056686217431,0.000952994800173,0.000608811038546,0.000315645098453,0.000479667913169,0.000346404238371,0.00027310141013,0.000291705189738,0.000216883592657,0.000230698045925,0.000239950182731,0.000218931993004,0.000271553872153,0.000164683136973,0.000166669182363,0.000211263424717,0.0000604848319199,0.00000437230664829,0.0000406192011724,0.000146824953845],"dvar":[0.00000387853970096,0.000553621735889,0.0000906537898118,0.0000114257700261,0.0000266733495664,0.00000448862829217,0.00000144549994729,9.68324798123e-7,0.00000326848748955,8.22219874408e-7,1.98585127009e-7,3.23713805983e-7,1.42160502037e-7,9.5661725652e-8,9.72641558405e-8,7.84529632369e-8,9.37686621683e-8,9.38770696735e-8,7.34210843234e-8,1.57148249968e-7,5.61228858942e-8,1.0271287465e-7,1.58886223289e-7,1.14990807987e-8,4.13250336728e-11,5.67456703848e-9,3.62123167008e-8],"dvar2":[0.0000111461267807,0.00133601471316,0.000245843955781,0.0000297101450997,0.0000683763137204,0.0000115435223051,0.00000386044712286,0.00000237838366957,0.00000769550388213,0.00000215003319681,4.90893455662e-7,7.20266712051e-7,3.6486980548e-7,2.31214045243e-7,2.46757309696e-7,2.08290998671e-7,2.49424488175e-7,2.18121954276e-7,1.78322224542e-7,3.55832298737e-7,1.23525737195e-7,2.3928845394e-7,3.88605144508e-7,2.73686566743e-8,1.04882574847e-10,1.20921335167e-8,6.88170231911e-8],"max":[0.0270123165101,0.412904500961,0.234522253275,0.0774107053876,0.170111864805,0.0878193750978,0.0395167097449,0.0336443409324,0.0530968233943,0.0195689126849,0.012787363492,0.0165119338781,0.0106327170506,0.0106813255697,0.00621368270367,0.00838300772011,0.00741587718949,0.0107976952568,0.00689566368237,0.00802124012262,0.00669190334156,0.00656694173813,0.00956567656249,0.00189109810162,0.000172444910277,0.00118850322906,0.00514106545597],"mean":[0.00142461550422,0.0117055801675,0.00582285970449,0.00240173470229,0.00350755499676,0.001447790768,0.000765427830629,0.000518730434123,0.00094474456273,0.00055486074416,0.000300075276755,0.000594622106291,0.000356696284143,0.000299454201013,0.000324349734001,0.000187641751836,0.000187693862244,0.000288853450911,0.000278726394754,0.000345722888596,0.000211068094359,0.000165279372595,0.000161608550115,0.0000434049943578,0.00000246484682975,0.0000367179200111,0.000263303460088],"median":[0.000873086042702,0.00344545720145,0.00211413018405,0.00108566961717,0.00149592733942,0.000602777814493,0.000240391353145,0.000147634782479,0.000231989310123,0.000167977545061,0.000119910284411,0.000234171777265,0.000183290278073,0.000148980267113,0.000153683286044,0.0000819786437205,0.0000711599204806,0.000112161884317,0.00013087275147,0.00013890666014,0.0000862333617988,0.0000525595314684,0.0000176040593942,0.00000327601833305,6.23111134246e-7,0.00000470935401609,0.000153349421453],"min":[2.35357818587e-23,6.81068269005e-24,1.28927048171e-23,9.90375975662e-24,2.37280509271e-23,3.93287961139e-23,3.785841934e-23,7.33647836267e-23,1.06704153318e-22,6.13028795048e-23,2.90803853943e-23,7.91665211076e-23,7.67455196112e-23,1.98466397566e-22,1.4130429944e-22,2.60524658719e-22,1.09008952447e-22,1.73852296493e-22,2.56039864566e-22,3.128274494e-22,4.54507625284e-22,5.58643323225e-22,7.99733301761e-22,1.07647641058e-21,9.99386751974e-22,1.79594259774e-21,2.54804526059e-21],"var":[0.00000338331324201,0.0006047328352,0.000104354490759,0.000015396710296,0.0000438181377831,0.00000695816697771,0.00000282430187326,0.00000180002575689,0.00000729692555979,0.00000141509428886,3.71804816268e-7,0.00000109553946004,2.74933739774e-7,2.0915439336e-7,2.23814168976e-7,9.71955387286e-8,1.12257090734e-7,2.21203706019e-7,1.57817069635e-7,3.41335407938e-7,1.23992208501e-7,1.25280678276e-7,1.63535759157e-7,1.28121353526e-8,3.88278784125e-11,8.15722600578e-9,1.23274503494e-7]},"barkbands_crest":{"dmean":3.14430499077,"dmean2":5.11814022064,"dvar":7.51353645325,"dvar2":18.9959716797,"max":26.5775909424,"mean":10.7244758606,"median":10.0097103119,"min":2.19858813286,"var":19.3686637878},"barkbands_flatness_db":{"dmean":0.0263954922557,"dmean2":0.0408085137606,"dvar":0.000542242836673,"dvar2":0.00131953484379,"max":0.430646538734,"mean":0.13244253397,"median":0.126091957092,"min":0.0215614978224,"var":0.00238061021082},"barkbands_kurtosis":{"dmean":5.29320907593,"dmean2":8.35078048706,"dvar":92.5799331665,"dvar2":204.883483887,"max":281.763824463,"mean":8.92839622498,"median":4.47784328461,"min":-1.8903118372,"var":262.151123047},"barkbands_skewness":{"dmean":0.710288226604,"dmean2":1.1058858633,"dvar":0.555982232094,"dvar2":1.300162673,"max":15.9785346985,"mean":2.35772275925,"median":2.12793135643,"min":-1.82070112228,"var":2.13052225113},"barkbands_spread":{"dmean":7.97226858139,"dmean2":12.3944330215,"dvar":78.928237915,"dvar2":175.448623657,"max":117.441009521,"mean":26.7308387756,"median":23.3577823639,"min":0.541124045849,"var":286.567749023},"dissonance":{"dmean":0.0135946413502,"dmean2":0.0229533426464,"dvar":0.000184487827937,"dvar2":0.000508322555106,"max":0.500000059605,"mean":0.47715446353,"median":0.481935381889,"min":0.34548792243,"var":0.000333366100676},"dynamic_complexity":5.35098314285,"erbbands":{"dmean":[0.224888399243,2.48050642014,5.54588794708,5.4118437767,6.4105682373,7.90994977951,10.4283103943,7.45546293259,7.11566162109,7.01504325867,8.56672859192,13.4361629486,11.9302368164,9.14041137695,8.80331897736,10.0151185989,9.64461040497,8.04710865021,9.11993503571,7.73989772797,7.20832300186,7.3349275589,7.9215464592,7.88736104965,6.7694940567,8.84429168701,5.94806671143,3.91586303711,3.81744027138,4.3475189209,3.80928301811,1.68790531158,0.263421535492,0.0408851131797,0.0151938116178,0.0310410149395,0.0683110877872,0.0394173711538,0.0118713192642,0.0022154788021],"dmean2":[0.364284902811,4.01431083679,9.20247459412,8.79050540924,10.5858774185,12.9042892456,16.6637001038,11.9028787613,11.6300430298,11.3024635315,13.6791667938,21.4951725006,19.2599239349,14.6464080811,13.788690567,15.5729417801,15.5463504791,12.8317890167,14.6520938873,12.5489702225,11.987077713,12.1985263824,12.3254871368,11.8796844482,10.2777528763,13.3041620255,8.78162479401,5.74840545654,5.62020683289,6.74450206757,5.92251443863,2.62635779381,0.407262861729,0.0664537623525,0.025309221819,0.0488199144602,0.100156068802,0.0540080070496,0.015866836533,0.0030966559425],"dvar":[0.237678095698,36.4279060364,134.384475708,105.382202148,213.196853638,389.797515869,698.376098633,276.948577881,339.193939209,303.172454834,724.784606934,1771.22924805,1082.13549805,421.577697754,288.18927002,313.246490479,297.969329834,193.360687256,249.810409546,186.16569519,245.548126221,257.108184814,237.728546143,210.398162842,192.488250732,390.470458984,171.004959106,70.4442749023,95.3338623047,210.253189087,118.996528625,22.0029258728,0.598486602306,0.0126899294555,0.00103348761331,0.00869090575725,0.0352147966623,0.0106815472245,0.000690445071086,0.0000135584668897],"dvar2":[0.589573442936,88.1782302856,360.420623779,263.846466064,554.036560059,1024.71557617,1761.1730957,653.99230957,893.775146484,751.745849609,1670.47265625,4169.11425781,2790.79589844,1056.45996094,691.256408691,716.349365234,748.106384277,449.633209229,626.610046387,469.949707031,645.181335449,682.638977051,559.206604004,485.582794189,463.008483887,895.218017578,376.585235596,150.875900269,213.60836792,527.977294922,286.558013916,51.5374488831,1.42034387589,0.0320774540305,0.00263710133731,0.0212133862078,0.076139524579,0.0214908625931,0.00132360402495,0.0000263918300334],"max":[7.86763286591,112.68271637,200.735198975,271.402648926,714.387939453,681.471862793,837.925415039,603.167541504,548.024597168,591.133300781,1168.04943848,1570.08361816,877.704833984,451.558288574,498.574005127,450.997436523,563.232421875,408.346191406,347.66619873,259.587158203,388.184356689,254.989151001,442.415344238,425.854827881,304.106781006,441.931121826,429.508087158,195.256652832,198.082839966,396.578613281,228.4581604,89.2820129395,20.6880741119,2.8021068573,1.04946291447,2.59036326408,3.20938038826,1.68733549118,0.580032289028,0.110273770988],"mean":[0.266718566418,2.85941267014,6.83427095413,7.7456111908,9.36307907104,11.0284538269,15.0712823868,11.4244127274,10.7514657974,11.5698537827,13.6162748337,21.021604538,18.768404007,15.3211584091,16.7615127563,20.3055458069,17.3150844574,15.2950639725,16.9155368805,13.886882782,10.851483345,10.6935606003,14.397110939,16.0263214111,13.3484687805,16.6263542175,11.2667999268,7.2264752388,6.00832128525,5.31004047394,4.48177909851,1.96736609936,0.286508142948,0.0417323671281,0.0153668988496,0.0333439409733,0.0877536982298,0.0602865889668,0.0245117731392,0.00736487517133],"median":[0.0835293680429,0.789258599281,2.48801374435,3.53461933136,4.19894218445,4.10031032562,5.07607316971,4.57148218155,3.46605086327,3.60371375084,3.95547747612,5.14173603058,5.57729244232,6.19482374191,7.57997131348,9.57054615021,9.23097515106,8.72215843201,8.99351882935,6.51762914658,4.8114027977,4.38571643829,5.83724546432,7.04241132736,6.34498882294,6.57013463974,4.32106637955,3.02153420448,2.11464118958,0.954516649246,0.426375299692,0.135153278708,0.0288261380047,0.0103754475713,0.00516001274809,0.00565560534596,0.00973948277533,0.0141942901537,0.0101288398728,0.00551057420671],"min":[2.55220610428e-22,1.5544084842e-21,1.05986845757e-20,3.32563215451e-20,3.39144600446e-20,1.05857256282e-19,1.33090025988e-19,4.48038397983e-19,3.61953944279e-19,9.97315844726e-19,1.89138610732e-18,2.79465265377e-18,2.3888316414e-18,1.55894604485e-18,1.94598478404e-18,2.59025218851e-18,3.49065214055e-18,6.14518474125e-18,8.71469599628e-18,1.71192439306e-17,9.23891509204e-18,6.29043972477e-18,8.86037077396e-18,1.37157513976e-17,1.24846328494e-17,1.4853129703e-17,1.87626747911e-17,1.56676164018e-17,1.69998023589e-17,2.3337603964e-17,2.30053652166e-17,2.22148303595e-17,1.77927310766e-17,1.07111832586e-17,7.20678627145e-18,6.30860626538e-18,3.31406396902e-18,1.71775593366e-18,3.55186159302e-19,3.25420995538e-20],"var":[0.262388288975,39.1423530579,148.668640137,151.147689819,298.7684021,546.106628418,1091.91015625,475.545715332,555.477233887,790.255981445,1465.90649414,3757.08984375,2091.69311523,792.462890625,768.024963379,1049.26660156,630.87310791,448.043701172,571.76184082,397.878234863,317.290039062,312.490356445,528.435913086,557.635314941,399.441802979,810.444763184,386.381896973,144.249298096,137.221343994,192.192184448,127.259933472,25.1092433929,0.672161877155,0.0121991978958,0.0010191135807,0.0091724935919,0.0488622672856,0.0176428277045,0.00165135948919,0.0000649829162285]},"erbbands_crest":{"dmean":2.12913203239,"dmean2":3.48143577576,"dvar":4.22878026962,"dvar2":10.3977794647,"max":28.1519889832,"mean":6.97981977463,"median":6.16927099228,"min":2.4105386734,"var":9.83304023743},"erbbands_flatness_db":{"dmean":0.0187385417521,"dmean2":0.0271453522146,"dvar":0.000278313324088,"dvar2":0.00056528596906,"max":0.298234045506,"mean":0.125691100955,"median":0.12142547965,"min":0.0428563095629,"var":0.00126255513169},"erbbands_kurtosis":{"dmean":0.754272580147,"dmean2":1.20058941841,"dvar":1.50911235809,"dvar2":3.59439492226,"max":31.4531440735,"mean":-0.0812501236796,"median":-0.504842281342,"min":-1.86394834518,"var":3.02742958069},"erbbands_skewness":{"dmean":0.364303201437,"dmean2":0.550763785839,"dvar":0.132587090135,"dvar2":0.289792299271,"max":4.84156894684,"mean":-0.024503082037,"median":-0.021484805271,"min":-4.28393030167,"var":0.53791475296},"erbbands_spread":{"dmean":10.4354143143,"dmean2":15.7851428986,"dvar":108.207878113,"dvar2":240.834396362,"max":148.810501099,"mean":48.6289253235,"median":46.3080177307,"min":3.2582821846,"var":400.050689697},"gfcc":{"cov":[[16537.8300781,402.408752441,-436.223144531,55.5396537781,-555.239624023,-31.101146698,189.724121094,-232.423294067,290.272674561,-38.3795051575,31.4794273376,190.280822754,-307.665100098],[402.408752441,1079.11132812,-151.016174316,-316.330718994,140.888473511,-218.148971558,59.8884658813,-38.4032096863,-36.4919166565,17.2206001282,50.3127098083,-119.390731812,104.263534546],[-436.223144531,-151.016174316,487.253204346,209.435638428,-106.342506409,192.537658691,-106.160720825,122.707374573,-21.2339916229,26.3279457092,-9.33823680878,26.4241600037,-52.4502258301],[55.5396537781,-316.330718994,209.435638428,425.116882324,35.9327774048,36.6362342834,36.1578788757,14.3850803375,40.5262641907,-11.3836603165,-27.4311885834,67.4263458252,-76.1566772461],[-555.239624023,140.888473511,-106.342506409,35.9327774048,262.196166992,-33.3363838196,83.9177246094,-41.6105690002,-14.4144659042,-6.52989006042,12.885515213,-31.0586853027,49.732257843],[-31.101146698,-218.148971558,192.537658691,36.6362342834,-33.3363838196,298.799072266,-28.6688976288,55.39037323,-13.553437233,1.97024142742,5.00203514099,30.3482093811,-39.3684959412],[189.724121094,59.8884658813,-106.160720825,36.1578788757,83.9177246094,-28.6688976288,217.066757202,-73.3873596191,63.5508956909,15.8206501007,-2.83478689194,11.4620170593,2.19271636009],[-232.423294067,-38.4032096863,122.707374573,14.3850803375,-41.6105690002,55.39037323,-73.3873596191,193.350692749,1.69529819489,28.9144191742,8.41781806946,-20.8724746704,-7.40689706802],[290.272674561,-36.4919166565,-21.2339916229,40.5262641907,-14.4144659042,-13.553437233,63.5508956909,1.69529819489,150.817443848,37.7576026917,0.714917361736,19.5080127716,-34.8287086487],[-38.3795051575,17.2206001282,26.3279457092,-11.3836603165,-6.52989006042,1.97024142742,15.8206501007,28.9144191742,37.7576026917,119.554489136,24.814031601,-12.2906799316,34.5195808411],[31.4794273376,50.3127098083,-9.33823680878,-27.4311885834,12.885515213,5.00203514099,-2.83478689194,8.41781806946,0.714917361736,24.814031601,69.6781616211,22.9458427429,5.53526735306],[190.280822754,-119.390731812,26.4241600037,67.4263458252,-31.0586853027,30.3482093811,11.4620170593,-20.8724746704,19.5080127716,-12.2906799316,22.9458427429,96.7322769165,0.312468111515],[-307.665100098,104.263534546,-52.4502258301,-76.1566772461,49.732257843,-39.3684959412,2.19271636009,-7.40689706802,-34.8287086487,34.5195808411,5.53526735306,0.312468111515,127.767402649]],"icov":[[0.0000978853859124,-0.000241744171944,0.000437471986515,-0.00039238811587,0.000475784763694,-0.000327929563355,0.0000718505398254,0.0000526387957507,-0.0000353388968506,-0.0000917516154004,0.0000199969945243,-0.0000880462830537,0.000108769439976],[-0.000241744171944,0.00285487179644,-0.00305010587908,0.00329234986566,-0.00248596980236,0.00295646558516,-0.00135677237995,0.000116419287224,-0.000219919951633,0.00125728012063,-0.00182172667701,0.00163579161745,-0.000617571233306],[0.000437471986515,-0.00305010587908,0.00927362497896,-0.00729211000726,0.00560038955882,-0.00624962011352,0.00274041877128,-0.00107063155156,0.000854354409967,-0.00206180545501,0.000610709073953,0.000550005119294,-0.000449646788184],[-0.00039238811587,0.00329234986566,-0.00729211000726,0.0107809314504,-0.00749622145668,0.00603567669168,-0.00221769046038,-0.000667912594508,0.000546029245015,-0.00104851752985,0.00399349909276,-0.00607549678534,0.00485187303275],[0.000475784763694,-0.00248596980236,0.00560038955882,-0.00749622145668,0.0114666912705,-0.00482758274302,-0.000923597894143,0.000945477280766,-0.000517526234034,0.00275637442246,-0.00536981970072,0.00694715045393,-0.00554506992921],[-0.000327929563355,0.00295646558516,-0.00624962011352,0.00603567669168,-0.00482758274302,0.00886793155223,-0.00201770104468,-0.000867285183631,0.00103322346695,-0.000023606366085,0.000548376468942,-0.00283629167825,0.00269689038396],[0.0000718505398254,-0.00135677237995,0.00274041877128,-0.00221769046038,-0.000923597894143,-0.00201770104468,0.00832387153059,0.00189497985411,-0.00238721980713,-0.00221235258505,0.00214491784573,-0.00157019030303,0.000646000786219],[0.0000526387957507,0.000116419287224,-0.00107063155156,-0.000667912594508,0.000945477280766,-0.000867285183631,0.00189497985411,0.00763748027384,-0.00171615404543,0.00000973360147327,-0.00258628977463,0.00376262515783,-0.00139848596882],[-0.0000353388968506,-0.000219919951633,0.000854354409967,0.000546029245015,-0.000517526234034,0.00103322346695,-0.00238721980713,-0.00171615404543,0.0111928563565,-0.00600069575012,0.00397142535076,-0.00537399295717,0.00574528239667],[-0.0000917516154004,0.00125728012063,-0.00206180545501,-0.00104851752985,0.00275637442246,-0.000023606366085,-0.00221235258505,0.00000973360147327,-0.00600069575012,0.0168394781649,-0.0106580620632,0.0100916866213,-0.00950824841857],[0.0000199969945243,-0.00182172667701,0.000610709073953,0.00399349909276,-0.00536981970072,0.000548376468942,0.00214491784573,-0.00258628977463,0.00397142535076,-0.0106580620632,0.0271579995751,-0.0165731739253,0.00906429346651],[-0.0000880462830537,0.00163579161745,0.000550005119294,-0.00607549678534,0.00694715045393,-0.00283629167825,-0.00157019030303,0.00376262515783,-0.00537399295717,0.0100916866213,-0.0165731739253,0.0270684473217,-0.0118150692433],[0.000108769439976,-0.000617571233306,-0.000449646788184,0.00485187303275,-0.00554506992921,0.00269689038396,0.000646000786219,-0.00139848596882,0.00574528239667,-0.00950824841857,0.00906429346651,-0.0118150692433,0.0179684311152]],"mean":[-25.5102844238,85.2550201416,-91.6854171753,26.3481616974,-18.3389167786,-15.3996210098,4.74744939804,-23.4425888062,-5.58454942703,-10.9143953323,-7.57420110703,-2.42865252495,-13.6672506332]},"hfc":{"dmean":24.0345745087,"dmean2":35.7668838501,"dvar":1782.58056641,"dvar2":4111.14501953,"max":1011.55718994,"mean":71.5956344604,"median":55.3399543762,"min":1.216688581e-16,"var":5741.93945312},"melbands":{"dmean":[0.00241550290957,0.00302171870135,0.000937336706556,0.000473331747344,0.000369961286196,0.000165882069268,0.000103254023998,0.0000745084325899,0.0000772314888309,0.0000872121236171,0.0000619530983386,0.0000408927626268,0.0000285801816062,0.0000369278095604,0.000026284262276,0.0000208114561246,0.0000151467547767,0.0000154707395268,0.0000133303583425,0.00000948435808823,0.00000876339981914,0.0000082471915448,0.00000710509584678,0.00000822340098239,0.00000678917058394,0.00000555893439014,0.00000519854620507,0.00000662408001517,0.00000462102207166,0.00000267890459327,0.00000227576833822,0.00000216112994167,0.00000247175580625,0.00000249482513937,0.00000228286512538,0.00000193009373106,6.81790538692e-7,1.94589901525e-7,7.1162411075e-8,2.1265133654e-8],"dmean2":[0.00386810861528,0.00492539582774,0.00151693751104,0.000779838243034,0.000589075847529,0.000264509755652,0.000168671715073,0.000120722710562,0.000123247096781,0.000138886680361,0.000100675708381,0.0000658031349303,0.0000454656656075,0.0000571141026739,0.0000419254720327,0.0000336458688253,0.0000243524555117,0.00002498943104,0.0000216497737711,0.0000155843972607,0.0000146492629938,0.0000139263138408,0.000011625863408,0.0000128644496726,0.0000104384898805,0.00000868339247972,0.00000801927672001,0.0000101606938188,0.00000705059346728,0.0000040236895984,0.00000345880994246,0.00000322974074152,0.00000380120536647,0.00000396115547119,0.00000358742408935,0.00000302769694827,0.00000107100947844,3.06996923882e-7,1.15994694738e-7,3.56897302822e-8],"dvar":[0.0000309850620397,0.0000438212846348,0.00000283491340269,0.00000130534499476,8.58983298713e-7,1.36385310157e-7,6.79703617834e-8,3.2525743876e-8,5.98964859932e-8,7.82921318887e-8,2.86350019252e-8,9.093355402e-9,3.85756493415e-9,5.24902565857e-9,2.33507124747e-9,1.45456835465e-9,7.21940396353e-10,7.74356301303e-10,5.99425176162e-10,3.90769472336e-10,3.7311287393e-10,3.28863380972e-10,2.13934925331e-10,2.98186531023e-10,1.53514242984e-10,1.29280697259e-10,1.13095227627e-10,2.3119477166e-10,1.12541420627e-10,3.51936986498e-11,2.45863225612e-11,2.77465862786e-11,6.31362809256e-11,7.06912375859e-11,4.140340501e-11,3.02502745075e-11,3.72248152442e-12,3.55526995647e-13,6.54754232061e-14,2.50194940246e-15],"dvar2":[0.0000743204436731,0.000111126479169,0.00000707392428012,0.00000348564162778,0.00000214201645576,3.28534127902e-7,1.81217288286e-7,8.15616019167e-8,1.36950987439e-7,1.83959244282e-7,7.41169046137e-8,2.2913095421e-8,9.41101419016e-9,1.17038752023e-8,5.44492495536e-9,3.60531315913e-9,1.71711167507e-9,1.95486515864e-9,1.52007384457e-9,1.0256362426e-9,9.79044401106e-10,8.78903783086e-10,5.37009436918e-10,7.18383796894e-10,3.61646018687e-10,3.26426302655e-10,2.6864893643e-10,5.467155062e-10,2.60217625225e-10,7.9091261318e-11,5.49762249613e-11,6.20849482935e-11,1.54381202266e-10,1.81583650893e-10,1.00242696088e-10,7.16285433744e-11,8.90651007807e-12,8.60609760539e-13,1.68532478554e-13,6.40778561125e-15],"max":[0.0963152498007,0.126938164234,0.0407297760248,0.0449643097818,0.0224326364696,0.0139953009784,0.00771766528487,0.0054445983842,0.011098115705,0.00978165492415,0.00449650548398,0.0021153348498,0.00187937158626,0.00224304269068,0.00139331899118,0.00124185241293,0.000927111192141,0.000641801918391,0.000526206509676,0.000622681458481,0.000563680776395,0.00035786171793,0.0002606564085,0.00073381367838,0.000327618443407,0.000310677773086,0.000187100013136,0.000345128879417,0.000406047300203,0.000200484879315,0.000139164520078,0.000120595017506,0.00018355960492,0.000236672844039,0.000134885573061,0.000105567800347,0.000044457243348,0.0000165226483659,0.00000711101392881,0.00000151741494392],"mean":[0.0029456182383,0.00382715906017,0.00144338910468,0.000710054067895,0.000541035959031,0.000260197819443,0.000159731920576,0.000120097989566,0.00011856942001,0.00013401331671,0.0000939106466831,0.0000650069487165,0.0000495050517202,0.0000678341966704,0.0000452107997262,0.0000346958549926,0.0000269506654149,0.0000266715687758,0.0000234582767007,0.0000143205161294,0.0000123601539599,0.0000111357148853,0.0000107083433249,0.0000148842582348,0.0000128720548673,0.00000990953230939,0.00000947043463384,0.0000116313522085,0.00000823341088108,0.00000460625506093,0.00000392589208786,0.00000339815596817,0.00000314166163662,0.00000288294904749,0.00000263431184067,0.00000221281243284,7.61836417951e-7,1.98408315555e-7,6.69300348477e-8,2.00620071666e-8],"median":[0.000927652581595,0.0014135108795,0.000735284818802,0.000313269032631,0.000185150332982,0.000106402709207,0.0000526850672031,0.0000370257694158,0.0000322841988236,0.0000312903212034,0.0000269214870059,0.0000244707989623,0.0000218383993342,0.0000250619541475,0.0000210317248275,0.000017376138203,0.0000143950956044,0.0000131346532726,0.0000104218634078,0.00000634084790363,0.00000497094151797,0.00000421910817749,0.00000425407233706,0.00000554277266929,0.00000545485818293,0.00000448219452664,0.00000421441336584,0.00000429114470535,0.00000293473908641,0.00000183055942671,0.0000015826165054,0.00000121322557334,7.26189341549e-7,4.27757328225e-7,2.51635867698e-7,1.48911084352e-7,4.80861146457e-8,1.42991884999e-8,8.80497008637e-9,5.46888223596e-9],"min":[2.9674079745e-24,4.61633828671e-24,5.54955206011e-24,4.31440966384e-24,5.32989768536e-24,9.12235122037e-24,6.18831758419e-24,1.18689550554e-23,1.63910228862e-23,1.63771562892e-23,1.12189084259e-23,5.97824471399e-24,5.21208209802e-24,8.18461964056e-24,6.41282266465e-24,8.0255908041e-24,1.3296332599e-23,1.680781439e-23,1.50063337615e-23,2.15324617013e-23,9.41944491475e-24,6.92524738159e-24,5.95677034243e-24,8.50716514319e-24,1.17957629628e-23,7.52105509064e-24,1.11972526163e-23,9.1379888101e-24,1.04577759815e-23,1.32084172066e-23,8.09151433222e-24,8.71856093312e-24,1.28799434143e-23,1.3238116242e-23,1.30345593628e-23,1.47706473666e-23,1.18988552502e-23,1.28464759904e-23,1.08721827588e-23,8.86739216467e-24],"var":[0.0000347818531736,0.0000496824177389,0.00000440346548203,0.00000196380960915,0.00000136594621836,2.34419445633e-7,1.14909845195e-7,7.97616195314e-8,1.21399011732e-7,1.62753636346e-7,5.32093373806e-8,1.59740629613e-8,8.16416090288e-9,1.64618221277e-8,6.07661920782e-9,2.8185136447e-9,1.53745471909e-9,1.64156821469e-9,1.30679722599e-9,5.45363976201e-10,4.69451755247e-10,3.87107762512e-10,3.20973164714e-10,6.38976094258e-10,3.78763465037e-10,2.28484231535e-10,2.3210716682e-10,4.36694375106e-10,2.30522059774e-10,6.43645969856e-11,4.58098420308e-11,4.22687024271e-11,6.24346338518e-11,6.1334888557e-11,4.39848331368e-11,3.32885385923e-11,4.08656138443e-12,3.81773361839e-13,5.83992422021e-14,2.31077406626e-15]},"melbands_crest":{"dmean":3.7872774601,"dmean2":6.21150588989,"dvar":9.40393447876,"dvar2":24.2427482605,"max":37.5256233215,"mean":15.9476099014,"median":15.7485780716,"min":2.13326931,"var":25.9935646057},"melbands_flatness_db":{"dmean":0.0344339571893,"dmean2":0.0529202073812,"dvar":0.000880005129147,"dvar2":0.00211215927266,"max":0.58353215456,"mean":0.234007716179,"median":0.229701533914,"min":0.00619646906853,"var":0.00399103807285},"melbands_kurtosis":{"dmean":13.8445940018,"dmean2":22.0634784698,"dvar":463.761993408,"dvar2":1160.75354004,"max":457.988098145,"mean":24.6384487152,"median":14.5642242432,"min":-1.76594877243,"var":976.178649902},"melbands_skewness":{"dmean":1.1027033329,"dmean2":1.70411574841,"dvar":1.28133308887,"dvar2":3.05697226524,"max":16.6977481842,"mean":3.79633569717,"median":3.42307543755,"min":-1.51748514175,"var":4.36560487747},"melbands_spread":{"dmean":7.22386455536,"dmean2":11.4231424332,"dvar":101.524482727,"dvar2":223.670516968,"max":203.695144653,"mean":19.4301624298,"median":15.2885885239,"min":0.350630581379,"var":286.524017334},"mfcc":{"cov":[[12581.1152344,886.873962402,-654.456359863,572.269165039,-757.280273438,437.435852051,-441.725921631,322.742431641,-326.251495361,319.991119385,-126.091522217,73.328453064,-65.580696106],[886.873962402,1398.19262695,-354.97958374,-31.7388401031,-73.1129226685,-125.350334167,98.4005050659,-183.45652771,48.2866401672,-99.665397644,122.094276428,-120.751861572,-24.0417995453],[-654.456359863,-354.97958374,669.621154785,-58.6237983704,132.212524414,-5.97582435608,-12.4927978516,79.2139892578,-30.6404247284,79.1438751221,-31.1043758392,75.3501586914,-13.7266397476],[572.269165039,-31.7388401031,-58.6237983704,457.470245361,-29.4509563446,69.4682998657,-30.8158016205,39.0081443787,9.80653476715,2.35604810715,4.22740936279,9.89771652222,11.6907749176],[-757.280273438,-73.1129226685,132.212524414,-29.4509563446,252.821365356,-45.4818191528,73.573059082,4.69493579865,14.9055356979,-23.2194061279,7.56329965591,1.86065733433,-0.660434663296],[437.435852051,-125.350334167,-5.97582435608,69.4682998657,-45.4818191528,274.442993164,4.34147834778,72.1790771484,-14.8220157623,32.1171760559,-66.4984893799,50.4273109436,49.0206871033],[-441.725921631,98.4005050659,-12.4927978516,-30.8158016205,73.573059082,4.34147834778,175.59413147,-33.3917121887,45.4320144653,-59.7279663086,15.8168420792,-14.0339174271,20.7319736481],[322.742431641,-183.45652771,79.2139892578,39.0081443787,4.69493579865,72.1790771484,-33.3917121887,192.733139038,-56.207862854,57.9559860229,-39.3431930542,30.0038261414,-14.8079977036],[-326.251495361,48.2866401672,-30.6404247284,9.80653476715,14.9055356979,-14.8220157623,45.4320144653,-56.207862854,144.09942627,-11.3562335968,31.9648838043,-3.19073009491,26.81798172],[319.991119385,-99.665397644,79.1438751221,2.35604810715,-23.2194061279,32.1171760559,-59.7279663086,57.9559860229,-11.3562335968,138.686386108,11.6140270233,40.5107192993,-14.2475137711],[-126.091522217,122.094276428,-31.1043758392,4.22740936279,7.56329965591,-66.4984893799,15.8168420792,-39.3431930542,31.9648838043,11.6140270233,120.015808105,6.46341562271,-5.41530942917],[73.328453064,-120.751861572,75.3501586914,9.89771652222,1.86065733433,50.4273109436,-14.0339174271,30.0038261414,-3.19073009491,40.5107192993,6.46341562271,97.1362304688,33.6474952698],[-65.580696106,-24.0417995453,-13.7266397476,11.6907749176,-0.660434663296,49.0206871033,20.7319736481,-14.8079977036,26.81798172,-14.2475137711,-5.41530942917,33.6474952698,90.0072784424]],"icov":[[0.000138679693919,-0.0001441094646,0.0000878269493114,-0.000128852916532,0.000227664582781,-0.0000761375849834,0.000121359757031,-0.000134741247166,0.000190409467905,-0.000251901277807,0.000188443460502,-0.000167595644598,0.0000630805297988],[-0.0001441094646,0.00121240701992,0.000214913336094,0.000165431891219,0.0000676490089973,0.000108294734673,-0.000631824834272,0.000665449420922,0.0000468085199827,0.000314074626658,-0.00107437360566,0.00101353367791,0.0000189000438695],[0.0000878269493114,0.000214913336094,0.00225708284415,0.0000938732264331,-0.000864085857756,0.000407926243497,-0.000115604510938,-0.000179141788976,0.000287755421596,-0.00110021291766,0.000828855321743,-0.00150162365753,0.000573397090193],[-0.000128852916532,0.000165431891219,0.0000938732264331,0.00255549349822,-0.000245119939791,-0.000678991666064,0.000631299102679,-0.000488181802211,-0.000653320050333,0.000848536787089,-0.000898395257536,0.000271165306913,-0.0000514768653375],[0.000227664582781,0.0000676490089973,-0.000864085857756,-0.000245119939791,0.00592281483114,0.00096551264869,-0.00222818832844,-0.000754262844566,0.000202063427423,0.000216220098082,0.000101444231404,-0.000202571522095,0.0000466146084364],[-0.0000761375849834,0.000108294734673,0.000407926243497,-0.000678991666064,0.00096551264869,0.00627888180315,-0.00184424431063,-0.00120799569413,0.00012935763516,-0.00147793919314,0.00331314350478,-0.0019990419969,-0.00238852226175],[0.000121359757031,-0.000631824834272,-0.000115604510938,0.000631299102679,-0.00222818832844,-0.00184424431063,0.00920048076659,-0.000513912644237,-0.00195874972269,0.00331444269978,-0.00139356451109,0.000472234009067,-0.000547755276784],[-0.000134741247166,0.000665449420922,-0.000179141788976,-0.000488181802211,-0.000754262844566,-0.00120799569413,-0.000513912644237,0.00830540806055,0.00211816816591,-0.00226854882203,0.00106819451321,-0.000454282213468,0.00149669894017],[0.000190409467905,0.0000468085199827,0.000287755421596,-0.000653320050333,0.000202063427423,0.00012935763516,-0.00195874972269,0.00211816816591,0.00950519368052,-0.00188997585792,-0.00124260340817,0.000796208274551,-0.00249302014709],[-0.000251901277807,0.000314074626658,-0.00110021291766,0.000848536787089,0.000216220098082,-0.00147793919314,0.00331444269978,-0.00226854882203,-0.00188997585792,0.0125775290653,-0.00335978134535,-0.00271477061324,0.00265898928046],[0.000188443460502,-0.00107437360566,0.000828855321743,-0.000898395257536,0.000101444231404,0.00331314350478,-0.00139356451109,0.00106819451321,-0.00124260340817,-0.00335978134535,0.0131546743214,-0.00413000956178,0.000960244680755],[-0.000167595644598,0.00101353367791,-0.00150162365753,0.000271165306913,-0.000202571522095,-0.0019990419969,0.000472234009067,-0.000454282213468,0.000796208274551,-0.00271477061324,-0.00413000956178,0.017858510837,-0.00680338172242],[0.0000630805297988,0.0000189000438695,0.000573397090193,-0.0000514768653375,0.0000466146084364,-0.00238852226175,-0.000547755276784,0.00149669894017,-0.00249302014709,0.00265898928046,0.000960244680755,-0.00680338172242,0.0166937541217]],"mean":[-682.393188477,135.06578064,-10.1808195114,50.5671157837,-6.38161468506,26.6179885864,2.14261674881,11.6648788452,-6.54359292984,7.10978984833,-3.22770619392,0.443697929382,-2.67624664307]},"pitch_salience":{"dmean":0.0844767391682,"dmean2":0.138877660036,"dvar":0.0053404700011,"dvar2":0.0141266612336,"max":0.834903419018,"mean":0.551091551781,"median":0.565505027771,"min":0.0765746161342,"var":0.012710319832},"silence_rate_20dB":{"dmean":0.000610593822785,"dmean2":0.00122128077783,"dvar":0.00061026943149,"dvar2":0.00183061999269,"max":1,"mean":0.999694705009,"median":1,"min":0,"var":0.000305140478304},"silence_rate_30dB":{"dmean":0.0462524816394,"dmean2":0.0925120189786,"dvar":0.0441108308733,"dvar2":0.0953940227628,"max":1,"mean":0.946958720684,"median":1,"min":0,"var":0.0502240136266},"silence_rate_60dB":{"dmean":0.0216760803014,"dmean2":0.0433554686606,"dvar":0.0212083440274,"dvar2":0.0475928336382,"max":1,"mean":0.127375409007,"median":0,"min":0,"var":0.111160479486},"spectral_centroid":{"dmean":312.772216797,"dmean2":477.386352539,"dvar":109210.359375,"dvar2":226428.75,"max":11230.1582031,"mean":1433.34533691,"median":1331.04284668,"min":132.213668823,"var":486255.125},"spectral_complexity":{"dmean":4.20439624786,"dmean2":6.09617567062,"dvar":27.2772521973,"dvar2":49.2076568604,"max":65,"mean":18.1570625305,"median":17,"min":0,"var":164.726989746},"spectral_contrast_coeffs":{"dmean":[0.0548201948404,0.0487706586719,0.0382033251226,0.0284628849477,0.0217379182577,0.0493843741715],"dmean2":[0.0906374230981,0.080944404006,0.0627323240042,0.0464546717703,0.0347974598408,0.0767799094319],"dvar":[0.00191362760961,0.00145961693488,0.000965794548392,0.000506845419295,0.000327629852109,0.00172060180921],"dvar2":[0.00509141664952,0.00400632154197,0.00256266049109,0.00131874985527,0.000781885231845,0.00407023122534],"max":[-0.302514344454,-0.488311707973,-0.512571454048,-0.620493352413,-0.561636567116,-0.390055239201],"mean":[-0.665305137634,-0.777234613895,-0.802301704884,-0.809868037701,-0.805478334427,-0.680016338825],"median":[-0.667679071426,-0.780801355839,-0.809757828712,-0.811184406281,-0.806207597256,-0.674530386925],"min":[-0.961523890495,-0.968309342861,-0.978795051575,-0.973329901695,-0.956945896149,-0.961171329021],"var":[0.00659196032211,0.00417083036155,0.00369227840565,0.0019978589844,0.00157152907923,0.00666428357363]},"spectral_contrast_valleys":{"dmean":[0.443466335535,0.400278031826,0.343896359205,0.311393588781,0.297503173351,0.66157323122],"dmean2":[0.702332854271,0.639148771763,0.531639039516,0.469378679991,0.407208293676,1.02810811996],"dvar":[0.150431782007,0.121160075068,0.101755052805,0.101445816457,0.115967802703,0.320043236017],"dvar2":[0.32336011529,0.265773564577,0.210593387485,0.193733662367,0.188496142626,0.75388532877],"max":[-4.7311630249,-4.44827747345,-5.30111694336,-5.70409631729,-5.46587514877,-8.49552249908],"mean":[-7.07326745987,-7.04289913177,-7.50282096863,-7.82091093063,-7.63799190521,-11.4066457748],"median":[-6.79384708405,-6.74223995209,-7.18312501907,-7.49744272232,-7.36559915543,-11.2097682953],"min":[-27.1919364929,-27.426902771,-27.2938728333,-27.3731746674,-27.2482051849,-27.1915359497],"var":[1.73331058025,1.86205840111,1.68958246708,1.56997072697,1.59451591969,1.61133658886]},"spectral_decrease":{"dmean":4.13952827572e-9,"dmean2":6.43590958305e-9,"dvar":6.43563457225e-17,"dvar2":1.52088815556e-16,"max":4.64234900521e-10,"mean":-7.68408003893e-9,"median":-4.78580819419e-9,"min":-1.39383985243e-7,"var":9.71381817599e-17},"spectral_energy":{"dmean":0.0166206452996,"dmean2":0.025417374447,"dvar":0.00101019977592,"dvar2":0.00234230002388,"max":0.559347033501,"mean":0.0354953818023,"median":0.0240883212537,"min":1.1040601779e-20,"var":0.00171732949093},"spectral_energyband_high":{"dmean":0.000537605781574,"dmean2":0.000741933006793,"dvar":0.00000148727053784,"dvar2":0.00000316236537401,"max":0.0240169968456,"mean":0.000992519082502,"median":0.00040742586134,"min":8.22762708756e-21,"var":0.00000268563917416},"spectral_energyband_low":{"dmean":0.0137639706954,"dmean2":0.0218433756381,"dvar":0.000859703286551,"dvar2":0.00207005394623,"max":0.52490645647,"mean":0.0194357298315,"median":0.00843550171703,"min":3.43654820912e-23,"var":0.00107490341179},"spectral_energyband_middle_high":{"dmean":0.00117562746163,"dmean2":0.00175226200372,"dvar":0.0000031239578675,"dvar2":0.00000704194098944,"max":0.0309805814177,"mean":0.00345375644974,"median":0.00236999848858,"min":1.53352378932e-21,"var":0.000013133982975},"spectral_energyband_middle_low":{"dmean":0.00432412326336,"dmean2":0.0068000331521,"dvar":0.0000544319373148,"dvar2":0.000135805865284,"max":0.231009736657,"mean":0.0097144478932,"median":0.00592609075829,"min":3.22140425703e-22,"var":0.000147271639435},"spectral_entropy":{"dmean":0.166621014476,"dmean2":0.239601403475,"dvar":0.0291945897043,"dvar2":0.0582947097719,"max":9.79505443573,"mean":7.64237117767,"median":7.68829154968,"min":5.34395027161,"var":0.121106795967},"spectral_flux":{"dmean":0.0298003870994,"dmean2":0.0470175407827,"dvar":0.00167912058532,"dvar2":0.00380204804242,"max":0.606144845486,"mean":0.0971374586225,"median":0.0863404944539,"min":1.0507426873e-10,"var":0.00441635353491},"spectral_kurtosis":{"dmean":2.10630679131,"dmean2":2.98415493965,"dvar":7.23128700256,"dvar2":14.7638931274,"max":51.1786804199,"mean":8.99025535583,"median":7.83311748505,"min":-1.23078966141,"var":26.5899467468},"spectral_rms":{"dmean":0.00113323773257,"dmean2":0.00166242709383,"dvar":0.00000233881337408,"dvar2":0.00000487073975819,"max":0.023360317573,"mean":0.00508778914809,"median":0.00484776264057,"min":3.28196866385e-12,"var":0.00000874396664585},"spectral_rolloff":{"dmean":3129.63330078,"dmean2":5791.48339844,"dvar":34711372,"dvar2":85183960,"max":22028.4667969,"mean":4963.9375,"median":1485.79101562,"min":21.533203125,"var":54586592},"spectral_skewness":{"dmean":0.242754757404,"dmean2":0.342373371124,"dvar":0.0748709663749,"dvar2":0.141074553132,"max":5.34070301056,"mean":1.73112690449,"median":1.60253167152,"min":0.0107796704397,"var":0.355284631252},"spectral_spread":{"dmean":491260.09375,"dmean2":707847.875,"dvar":307318718464,"dvar2":515887792128,"max":40942144,"mean":4252754.5,"median":4081892.5,"min":1421888.75,"var":1112023236610},"spectral_strongpeak":{"dmean":0.862506210804,"dmean2":1.59778666496,"dvar":29.1106948853,"dvar2":82.557220459,"max":94.2500076294,"mean":0.871157348156,"median":0.28104364872,"min":0,"var":23.6141986847},"zerocrossingrate":{"dmean":0.0302408281714,"dmean2":0.0378455035388,"dvar":0.000704512291122,"dvar2":0.00108525948599,"max":0.50146484375,"mean":0.176182448864,"median":0.16748046875,"min":0,"var":0.00610688095912}},"metadata":{"audio_properties":{"analysis_sample_rate":44100,"bit_rate":128000,"codec":"mp3","downmix":"mix","equal_loudness":0,"length":304.222045898,"lossless":false,"md5_encoded":"36858644f736546e81636ec585821b83","replay_gain":-0.93127822876},"tags":{"album":["A"],"albumartist":["Jethro Tull"],"albumartistsort":["Jethro Tull"],"artist":["Jethro Tull"],"artistsort":["Jethro Tull"],"asin":["B00014EJ2U"],"barcode":["094632130129"],"catalognumber":["CDP 32 1301"],"date":["1992"],"discnumber":["1/1"],"file_name":"03 Working John - Working Joe.mp3","genre":["Progressive Rock"],"label":["Chrysalis"],"language":["eng"],"media":["CD"],"mp3gain_album_minmax":["000,210"],"mp3gain_minmax":["142,192"],"musicbrainz album release country":["GB"],"musicbrainz album status":["official"],"musicbrainz album type":["album"],"musicbrainz_albumartistid":["ece57992-dc2e-4f67-a269-fa43626c1a3d"],"musicbrainz_albumid":["f23651a3-2dc5-3103-b3ef-9283c50de9bd"],"musicbrainz_artistid":["ece57992-dc2e-4f67-a269-fa43626c1a3d"],"musicbrainz_recordingid":["5fe30b21-1fcc-4a63-beb6-fc50cbea1878"],"originaldate":["1980-08-29"],"replaygain_album_gain":["-5.61 dB"],"replaygain_album_peak":["2.720521"],"replaygain_track_gain":["0.02 dB"],"replaygain_track_peak":["0.832323"],"script":["Latn"],"title":["Working John - Working Joe"],"tracknumber":["3/10"]},"version":{"essentia":"2.1-beta1","essentia_build_sha":"eef087cf131c10083d474ad51def18efd0e38295","essentia_git_sha":"v2.1_beta1-7-ge0e83e8-dirty","extractor":"music 1.0"}},"rhythm":{"beats_count":555,"beats_loudness":{"dmean":0.0421065986156,"dmean2":0.0777423903346,"dvar":0.00180445052683,"dvar2":0.00579603528604,"max":0.375707089901,"mean":0.0649449154735,"median":0.0573132187128,"min":5.00954300264e-8,"var":0.00251504289918},"beats_loudness_ban