{"lowlevel":{"average_loudness":0.742493569851,"barkbands":{"dmean":[0.0000256714174611,0.000150519961608,0.000354839779902,0.0018919929862,0.00301631703041,0.000364780746168,0.000358454912202,0.000365408370271,0.00022504584922,0.000437600014266,0.000351285969373,0.000704501057044,0.000637417018879,0.000326591631165,0.000569865107536,0.00015766225988,0.000117224735732,0.0000410192114941,0.000019269022232,0.0000100060369732,0.00000725822928871,0.00000259481953435,0.00000122887979614,1.09877966281e-7,5.34776773975e-8,1.28613821815e-8,4.08136235919e-9],"dmean2":[0.0000402658370149,0.000242496593273,0.000602568965405,0.00349380355328,0.00542656285688,0.000560755026527,0.000515152933076,0.00050968414871,0.000309790571919,0.000620746635832,0.000480449642055,0.000932633411139,0.00102350662928,0.000480118062114,0.000862145738211,0.000244222726906,0.00017714157002,0.0000663504542899,0.0000302798562188,0.0000145523554238,0.0000103855500129,0.00000370088105228,0.00000180310860287,1.6792485269e-7,8.28512725093e-8,2.13736655041e-8,7.05027369818e-9],"dvar":[6.95540780526e-9,2.14636216356e-7,0.00000104322634797,0.0000110392793431,0.0000239697219513,6.17563443939e-7,7.45284012282e-7,5.03808280428e-7,3.92084302803e-7,4.64705777858e-7,4.04991965297e-7,0.00000168097028563,0.00000120653101021,3.61653263781e-7,8.65400522798e-7,7.21992279296e-8,5.53659944558e-8,7.0491865678e-9,1.26924759591e-9,3.05315883686e-10,2.0046335425e-10,2.30852073568e-11,5.75965664051e-12,5.77750466826e-14,1.70659283417e-14,1.97282470215e-16,3.03281304817e-17],"dvar2":[1.53147361459e-8,5.40874623312e-7,0.0000027687462989,0.0000381597492378,0.0000834025267977,0.00000165471033142,0.00000126569977965,9.58591499511e-7,6.94650509558e-7,9.94893071038e-7,6.63491334763e-7,0.00000293249127026,0.00000304198397316,8.01059002242e-7,0.00000225892335948,1.69563605823e-7,1.13264135848e-7,1.71665828219e-8,3.00061886449e-9,5.8569471495e-10,3.5087427408e-10,3.68009026031e-11,1.06035250025e-11,1.01149943727e-13,2.71196131144e-14,5.54017251624e-16,8.46408591328e-17],"max":[0.00216062739491,0.00553457066417,0.0121601819992,0.0362134613097,0.0501748733222,0.0143711389974,0.0212699193507,0.0116898342967,0.0138969365507,0.0100987013429,0.0137909362093,0.0301865395159,0.0149331232533,0.00991591904312,0.0104082934558,0.00472745392472,0.00425658002496,0.00141848926432,0.000671317626256,0.000266788585577,0.000284012436168,0.0000892893076525,0.0000551759621885,0.00000706495848135,0.00000365609184882,2.03908342655e-7,1.35385050726e-7],"mean":[0.0000272501056315,0.000137345225085,0.000555820413865,0.0027412280906,0.00661460869014,0.00146317994222,0.00130881241057,0.00137684005313,0.000570554926526,0.00149989605416,0.00114119541831,0.0018041258445,0.00175222510006,0.000924823980313,0.00122602342162,0.000371250207536,0.00023397289624,0.00009540701285,0.0000535653998668,0.0000453788379673,0.0000348466601281,0.0000111166627903,0.00000596947984377,4.4280946554e-7,2.21283457336e-7,5.18937710581e-8,1.07020774465e-8],"median":[0.00000496140955875,0.000012075356608,0.0000982019482763,0.00123906205408,0.00431861588731,0.00101662892848,0.000281111104414,0.00075294583803,0.000193378014956,0.00105952529702,0.000518045970239,0.000721104792319,0.00117623573169,0.000560043263249,0.000691487512086,0.000196617591428,0.000120286007586,0.0000466431156383,0.0000309304377879,0.0000167088637681,0.0000178910086106,0.00000692857111062,0.00000206459367291,3.24600193835e-7,1.51000222104e-7,5.695293126e-8,9.66470459218e-9],"min":[1.45784619174e-23,3.41637482696e-23,7.79561497326e-23,1.13617017161e-23,2.58670456939e-23,1.01435073653e-22,4.70501855868e-23,2.16346649424e-23,3.34628674434e-23,5.30288708796e-23,7.75455192324e-23,1.09716339798e-22,4.38108481864e-23,1.07084725062e-22,1.06602712116e-22,1.58926757865e-22,1.5016309381e-22,2.10123401474e-22,2.10244620996e-22,1.47894607525e-22,2.64562642056e-22,5.14356293353e-22,5.76857048676e-22,8.92178308279e-22,1.38802259841e-21,1.77306083521e-21,2.31503054191e-21],"var":[8.71498428978e-9,1.8597134499e-7,0.00000126273494061,0.000014571468455,0.000056448741816,0.00000323241783917,0.00000569849953536,0.00000311138592224,0.00000107494736312,0.00000275762386082,0.00000350992036147,0.00000871549127623,0.00000407299103244,0.00000127889586565,0.00000208029564419,2.4744952043e-7,1.42191709074e-7,1.7868336144e-8,4.48618386883e-9,3.19756843226e-9,1.64604685438e-9,1.76290398946e-10,6.79527129011e-11,3.23422658013e-13,1.06626906198e-13,1.00755045532e-15,3.93812847964e-17]},"barkbands_crest":{"dmean":1.59560501575,"dmean2":2.73777699471,"dvar":2.21489548683,"dvar2":5.93400096893,"max":23.8326053619,"mean":7.77417802811,"median":7.28023195267,"min":3.07113862038,"var":6.37951612473},"barkbands_flatness_db":{"dmean":0.0139997908846,"dmean2":0.0235911048949,"dvar":0.000156466150656,"dvar2":0.000467986479634,"max":0.317386806011,"mean":0.176326587796,"median":0.179689735174,"min":0.0280279424042,"var":0.00160021311603},"barkbands_kurtosis":{"dmean":0.597887635231,"dmean2":1.04953467846,"dvar":0.611555218697,"dvar2":1.80689358711,"max":12.2544937134,"mean":-0.125937223434,"median":-0.535920619965,"min":-1.8482862711,"var":1.86283385754},"barkbands_skewness":{"dmean":0.324542164803,"dmean2":0.559463500977,"dvar":0.10602286458,"dvar2":0.322504431009,"max":3.34928441048,"mean":0.580896556377,"median":0.646163642406,"min":-2.56270217896,"var":0.481628596783},"barkbands_spread":{"dmean":2.20171833038,"dmean2":3.66313147545,"dvar":24.6306285858,"dvar2":63.206237793,"max":130.235458374,"mean":17.2060432434,"median":15.3424568176,"min":6.99983024597,"var":100.370948792},"dissonance":{"dmean":0.0194232668728,"dmean2":0.0335220620036,"dvar":0.00042274830048,"dvar2":0.00118205603212,"max":0.499996781349,"mean":0.450393468142,"median":0.454493165016,"min":0.259535700083,"var":0.000960950332228},"dynamic_complexity":9.19131660461,"erbbands":{"dmean":[0.00341856176965,0.042104177177,0.32213050127,2.67371487617,14.5743713379,5.81094455719,3.37544584274,2.90764808655,4.05141401291,4.19148588181,9.67342567444,5.84064722061,5.36724710464,18.0823497772,11.6778421402,35.9755592346,27.5144042969,22.5208587646,31.3868579865,12.888343811,6.58417367935,3.90451836586,2.60803961754,1.46290457249,0.597661316395,0.489493489265,0.355905532837,0.216755151749,0.101659841835,0.0399733930826,0.0364319272339,0.0041997586377,0.00220461445861,0.00103822129313,0.000205219446798,0.0000726255675545,0.0000261274381046,0.0000080819163486,0.00000296999473903,0.00000673263184581],"dmean2":[0.00530884182081,0.0690955668688,0.543604016304,4.85375499725,27.1915893555,9.85595035553,5.12512207031,4.75206899643,6.02386569977,5.46053218842,13.6106319427,7.74449157715,7.70020961761,25.4241352081,16.4704380035,47.6038627625,44.3626441956,33.2350463867,47.713508606,18.9082794189,10.1760921478,5.99956083298,4.05921030045,2.30959534645,0.869282960892,0.712403953075,0.506471514702,0.314280211926,0.142159074545,0.0592431724072,0.0531049594283,0.00611791340634,0.003375176806,0.00151811190881,0.000333670323016,0.000121267716167,0.0000440925141447,0.0000138046189022,0.00000504386252942,0.000011522855857],"dvar":[0.0000960983816185,0.018490916118,0.85099196434,22.0849246979,682.247009277,110.621109009,38.9432449341,60.235118866,71.3257064819,105.134109497,375.654327393,256.337799072,89.7372894287,832.992858887,458.209106445,4530.32128906,2404.03564453,1466.71411133,3042.74609375,568.881652832,115.54283905,58.3967704773,32.8680992126,8.35056972504,1.13977217674,0.823739111423,0.549800097942,0.126110479236,0.0393124967813,0.00634213676676,0.00507346307859,0.0000712527689757,0.0000184324890142,0.0000109033571789,7.58548495128e-8,6.99902757972e-9,7.48805129014e-10,6.89676649124e-11,2.10222464436e-11,1.10248872531e-10],"dvar2":[0.000208977508009,0.0465449094772,2.16182947159,69.236869812,2504.73339844,278.472686768,76.9418106079,174.586212158,142.491271973,148.286727905,708.363464355,434.543823242,181.197067261,1726.3894043,829.596191406,7864.51123047,5993.14208984,3137.96020508,8114.17773438,1050.07165527,267.841125488,122.492889404,70.1462554932,19.4240150452,2.20216560364,1.52500653267,0.998298048973,0.218047469854,0.059138700366,0.0119409542531,0.00939775537699,0.000125830149045,0.000031963467336,0.0000137337174237,1.66155587067e-7,1.89768343262e-8,2.10999417938e-9,2.00175126475e-10,5.66265610791e-11,3.09847619784e-10],"max":[0.174279287457,1.69703316689,9.58763694763,57.6400985718,236.684875488,168.108184814,135.74281311,162.112503052,150.021697998,279.486541748,323.643035889,354.407623291,129.346481323,394.943389893,472.028991699,1531.81506348,750.304870605,583.061340332,604.792480469,500.626434326,200.811080933,138.200241089,96.009262085,55.1103897095,18.1382369995,16.0769138336,15.2206192017,6.71148729324,3.65169382095,1.38024175167,1.56881570816,0.164394438267,0.127190127969,0.116315595806,0.00590887432918,0.00130148266908,0.000293530902127,0.000122801080579,0.000067548804509,0.000149353116285],"mean":[0.00355123728514,0.0394103974104,0.47832468152,5.18894100189,23.5939922333,16.7672290802,13.4527111053,9.43881225586,17.3279247284,15.0815515518,36.7018547058,18.432888031,22.1573123932,62.2381057739,43.6968650818,91.5403747559,77.7370147705,72.9736862183,67.2372970581,37.2814216614,16.7035675049,8.67007064819,6.68758487701,4.03757047653,2.18432474136,2.29190421104,1.66675102711,1.04198241234,0.466531634331,0.177916064858,0.168259307742,0.0190063025802,0.00890810228884,0.00400638021529,0.00089669728186,0.000307920854539,0.000090578047093,0.0000231901358347,0.0000136270891744,0.000028004818887],"median":[0.000499961490277,0.00728065241128,0.17352168262,2.74795413017,9.93129062653,9.98822689056,7.75136184692,4.89239597321,5.6402964592,5.63374710083,19.3622150421,8.71933937073,14.7455310822,38.510017395,21.7783794403,38.7037696838,50.0290756226,51.7787780762,36.5679893494,22.3449306488,10.8401470184,4.97075891495,3.57558250427,2.44668078423,1.15118134022,0.833313286304,0.728094816208,0.728314995766,0.265087306499,0.0994239524007,0.0454405993223,0.0090145226568,0.0061118430458,0.00223466171883,0.000918237026781,0.000333358417265,0.0000967754604062,0.0000239560231421,0.0000121729253806,0.0000240017307078],"min":[2.18400440587e-21,4.47490534614e-21,6.48535126518e-20,7.96220857812e-20,3.42815052856e-20,1.41379177057e-19,2.78414854567e-19,1.053896136e-18,7.19130196737e-19,5.79492028074e-19,5.15425390367e-19,7.53052925357e-19,1.42706998395e-18,2.28427394402e-18,3.2188515514e-18,4.31913887129e-18,2.11947681853e-18,4.63930781277e-18,5.56776304285e-18,4.95164376745e-18,1.19399029831e-17,9.67194993298e-18,1.11526015751e-17,1.02059041174e-17,8.60842727581e-18,7.07261178583e-18,9.40100196025e-18,1.41784778866e-17,1.96601260511e-17,1.5377977456e-17,1.72529196263e-17,1.4994556081e-17,1.61495219005e-17,1.24773486969e-17,1.22095696531e-17,7.63748184561e-18,2.7658690432e-18,1.42114478583e-18,3.39325746538e-19,3.04231568612e-20],"var":[0.000116682436783,0.0151268690825,0.908599019051,45.7784309387,1148.88989258,531.095092773,323.298339844,236.785903931,812.969360352,685.122619629,2330.84741211,799.260253906,579.646484375,5109.54882812,4153.16601562,22846.5136719,8579.33105469,6598.65283203,6867.85546875,2742.53417969,390.769348145,157.253356934,84.9693527222,30.3849487305,7.4234495163,9.43629932404,4.49035358429,1.32522153854,0.331551462412,0.0453802347183,0.0607338696718,0.000685773149598,0.000124042140669,0.0000608326154179,5.16517275173e-7,4.23029753449e-8,3.1767495301e-9,1.99087663022e-10,1.3036917379e-10,6.37844554952e-10]},"erbbands_crest":{"dmean":1.55610525608,"dmean2":2.45576357841,"dvar":2.47265648842,"dvar2":6.12840366364,"max":19.3457660675,"mean":8.0942697525,"median":7.59721326828,"min":2.70819067955,"var":7.00541305542},"erbbands_flatness_db":{"dmean":0.00929340999573,"dmean2":0.0142941819504,"dvar":0.0000971488261712,"dvar2":0.000216041444219,"max":0.354653149843,"mean":0.243341237307,"median":0.250279545784,"min":0.0570494756103,"var":0.00229923427105},"erbbands_kurtosis":{"dmean":0.519790410995,"dmean2":0.869479119778,"dvar":0.318998068571,"dvar2":1.01261901855,"max":5.06494998932,"mean":0.333210557699,"median":0.126794099808,"min":-1.32689094543,"var":0.763065993786},"erbbands_skewness":{"dmean":0.187406182289,"dmean2":0.301754593849,"dvar":0.0305682402104,"dvar2":0.0788896605372,"max":1.00623452663,"mean":-0.482040733099,"median":-0.479370713234,"min":-1.90348005295,"var":0.165960356593},"erbbands_spread":{"dmean":3.34729266167,"dmean2":5.7743844986,"dvar":9.90303707123,"dvar2":30.4113254547,"max":74.3575515747,"mean":21.5610523224,"median":20.6693477631,"min":7.60713529587,"var":40.5204315186},"gfcc":{"cov":[[31772.1757812,9204.61914062,-4102.65429688,1096.65917969,-534.66973877,-660.980773926,-19.0516242981,-1682.66796875,58.3251228333,-1099.72009277,-33.1734275818,-1038.50341797,176.523376465],[9204.61914062,3331.72167969,-1139.61755371,48.2925109863,76.4733886719,-194.401260376,-79.0699691772,-462.988800049,-62.984085083,-328.484100342,-71.9198532104,-299.106994629,-35.3935699463],[-4102.65429688,-1139.61755371,671.291503906,-85.6399688721,92.5796585083,135.047836304,39.7374687195,218.531143188,-12.0677080154,154.517288208,-12.7915077209,120.192596436,-14.3635282516],[1096.65917969,48.2925109863,-85.6399688721,371.165710449,-141.208862305,15.5305757523,92.3867340088,-78.5143051147,49.8782653809,0.966601133347,6.12412071228,-41.5864105225,70.2420883179],[-534.66973877,76.4733886719,92.5796585083,-141.208862305,255.046722412,50.9264984131,-22.5708599091,110.545219421,-7.52957963943,5.02836704254,16.2465114594,37.638130188,-27.5846691132],[-660.980773926,-194.401260376,135.047836304,15.5305757523,50.9264984131,94.8648223877,43.0093650818,50.1336097717,1.95944869518,25.8719596863,5.58783340454,25.471414566,20.4282817841],[-19.0516242981,-79.0699691772,39.7374687195,92.3867340088,-22.5708599091,43.0093650818,93.04246521,19.2775669098,29.7427463531,16.8691520691,13.2853889465,5.19913101196,23.3408031464],[-1682.66796875,-462.988800049,218.531143188,-78.5143051147,110.545219421,50.1336097717,19.2775669098,194.97744751,52.0958518982,61.5284957886,24.0205631256,67.1720962524,-29.2580680847],[58.3251228333,-62.984085083,-12.0677080154,49.8782653809,-7.52957963943,1.95944869518,29.7427463531,52.0958518982,92.7298431396,22.8055076599,16.8430213928,3.44948220253,-5.9141163826],[-1099.72009277,-328.484100342,154.517288208,0.966601133347,5.02836704254,25.8719596863,16.8691520691,61.5284957886,22.8055076599,85.1414794922,11.1704111099,48.9516334534,4.7963681221],[-33.1734275818,-71.9198532104,-12.7915077209,6.12412071228,16.2465114594,5.58783340454,13.2853889465,24.0205631256,16.8430213928,11.1704111099,56.5576858521,25.2772960663,10.2333803177],[-1038.50341797,-299.106994629,120.192596436,-41.5864105225,37.638130188,25.471414566,5.19913101196,67.1720962524,3.44948220253,48.9516334534,25.2772960663,77.5855712891,15.1209669113],[176.523376465,-35.3935699463,-14.3635282516,70.2420883179,-27.5846691132,20.4282817841,23.3408031464,-29.2580680847,-5.9141163826,4.7963681221,10.2333803177,15.1209669113,76.0768585205]],"icov":[[0.00118593289517,-0.00214130990207,0.00188781111501,-0.00123503024224,0.00081407406833,-0.000392593588913,-0.0000533215570613,0.00116214167792,-0.00215810467489,0.00244801887311,-0.00280674966052,0.00258946977556,-0.00184657750651],[-0.00214130990207,0.00540441926569,-0.00136703078169,0.00237472378649,-0.00414372654632,0.00112913583871,-0.00140654481947,0.000477386522107,0.0036958756391,-0.0047178636305,0.00682568782941,-0.00334046501666,0.00417219288647],[0.00188781111501,-0.00136703078169,0.0117908800021,-0.00202788528986,-0.000786310003605,-0.00508472649381,-0.00198197225109,-0.000183646625374,0.00164856109768,-0.00341446977109,0.00170051609166,0.00453213835135,-0.0000862425440573],[-0.00123503024224,0.00237472378649,-0.00202788528986,0.00737556489184,0.000366159219993,0.000084633626102,-0.00379289942794,0.00074539281195,-0.000701518496498,-0.00366681162268,0.0023005658295,0.00111005711369,-0.0020153389778],[0.00081407406833,-0.00414372654632,-0.000786310003605,0.000366159219993,0.0131142176688,-0.00647977367043,0.0050456081517,-0.00880122277886,0.0010502996156,0.00338835828006,-0.0060022380203,-0.000460959563497,-0.00197403761558],[-0.000392593588913,0.00112913583871,-0.00508472649381,0.000084633626102,-0.00647977367043,0.0250352919102,-0.00972399115562,0.00100518134423,0.000768736703321,0.00165057287086,0.00115685909986,0.00140062451828,-0.00578225869685],[-0.0000533215570613,-0.00140654481947,-0.00198197225109,-0.00379289942794,0.0050456081517,-0.00972399115562,0.0225195828825,-0.00475850468501,-0.00246181897819,0.000669183151331,-0.00465562799945,-0.000295758305583,-0.00124998856336],[0.00116214167792,0.000477386522107,-0.000183646625374,0.00074539281195,-0.00880122277886,0.00100518134423,-0.00475850468501,0.026626277715,-0.0154692232609,0.00529495999217,-0.00228529633023,-0.00350113352761,0.00450842408463],[-0.00215810467489,0.0036958756391,0.00164856109768,-0.000701518496498,0.0010502996156,0.000768736703321,-0.00246181897819,-0.0154692232609,0.0277272574604,-0.0136417355388,0.00403891503811,0.000296036916552,0.00507980724797],[0.00244801887311,-0.0047178636305,-0.00341446977109,-0.00366681162268,0.00338835828006,0.00165057287086,0.000669183151331,0.00529495999217,-0.0136417355388,0.0362125150859,-0.00735077494755,-0.00812296476215,-0.00325804087333],[-0.00280674966052,0.00682568782941,0.00170051609166,0.0023005658295,-0.0060022380203,0.00115685909986,-0.00465562799945,-0.00228529633023,0.00403891503811,-0.00735077494755,0.034875202924,-0.0157437231392,0.00516299437732],[0.00258946977556,-0.00334046501666,0.00453213835135,0.00111005711369,-0.000460959563497,0.00140062451828,-0.000295758305583,-0.00350113352761,0.000296036916552,-0.00812296476215,-0.0157437231392,0.044360473752,-0.0156949087977],[-0.00184657750651,0.00417219288647,-0.0000862425440573,-0.0020153389778,-0.00197403761558,-0.00578225869685,-0.00124998856336,0.00450842408463,0.00507980724797,-0.00325804087333,0.00516299437732,-0.0156949087977,0.027194397524]],"mean":[-123.33240509,141.56312561,-167.43536377,-2.28168320656,-47.9455947876,-4.38748979568,-34.4978866577,-30.0793819427,-26.935956955,-14.0625562668,-20.4073429108,-14.9213314056,-11.276714325]},"hfc":{"dmean":3.24313139915,"dmean2":4.89924430847,"dvar":31.696313858,"dvar2":60.9488563538,"max":93.7490005493,"mean":17.1480388641,"median":15.2531700134,"min":1.15489633636e-16,"var":254.643554688},"melbands":{"dmean":[0.0000348889261659,0.000125475038658,0.000910083414055,0.000763394054957,0.000118647454656,0.000064638137701,0.000069292349508,0.0000448509163107,0.0000733587658033,0.000038067872083,0.0000273522364296,0.0000767407254898,0.0000464478507638,0.000077737175161,0.0000463887990918,0.0000824363887659,0.0000396399773308,0.0000470084341941,0.0000271563403658,0.0000181858085853,0.00000728784834791,0.00000507764207214,0.00000404473257731,0.0000028112099244,0.00000115100465337,5.62118600556e-7,4.05353262067e-7,3.41732828701e-7,2.70717237072e-7,1.62918084357e-7,1.28321872239e-7,7.79904922865e-8,2.60325609958e-8,2.572994795e-8,2.82985563871e-8,7.81322917476e-9,1.28724542137e-9,1.58961199759e-9,1.62989943764e-9,7.75799979813e-10],"dmean2":[0.0000550449767616,0.000209346238989,0.00168960588053,0.00137437949888,0.000185531855095,0.000102669524495,0.000101493555121,0.000059479738411,0.000104128237581,0.0000507685945195,0.0000395727329305,0.000107715452032,0.0000630703361821,0.000105015045847,0.0000626151304459,0.000131601351313,0.0000579906991334,0.0000713424524292,0.0000413038833358,0.0000270410291705,0.0000114001650218,0.00000781555991125,0.00000624150152362,0.00000460070577901,0.00000185930230145,8.51218146636e-7,5.89376838889e-7,5.13968018367e-7,3.91447144921e-7,2.30100013709e-7,1.89125003658e-7,1.10281611398e-7,3.93700467782e-8,3.97446200395e-8,4.18722478912e-8,1.14563629694e-8,2.1094561653e-9,2.55514542857e-9,2.38810304865e-9,1.1778777953e-9],"dvar":[9.67295488152e-9,1.42547079918e-7,0.00000254114752352,0.00000159053126936,4.15000585008e-8,2.53371119641e-8,2.29439400812e-8,8.76034178532e-9,2.18602149715e-8,1.28219648232e-8,2.21724882898e-9,1.5212343385e-8,7.67327534845e-9,1.97256309065e-8,7.46251593853e-9,2.09670005802e-8,4.85708584463e-9,6.66455246545e-9,1.85708182165e-9,9.32724342206e-10,1.8434342941e-10,1.07860789744e-10,9.3620181052e-11,3.37430708375e-11,5.18399472654e-12,1.0114779023e-12,6.1932419913e-13,4.07820207726e-13,3.69066051591e-13,7.88169917244e-14,4.72028659378e-14,2.16264401271e-14,6.77566641981e-15,2.36043624323e-15,3.21097421282e-15,2.88587169154e-16,6.13810945188e-18,6.40192175105e-18,2.61295453265e-17,5.1607976261e-18],"dvar2":[2.30819505731e-8,3.62422241551e-7,0.0000091438751042,0.00000555381575396,8.6469974292e-8,7.24643030026e-8,4.34774953817e-8,1.28494797025e-8,4.17313543721e-8,2.18554951914e-8,4.56536897175e-9,3.16081205654e-8,1.23895276261e-8,3.53189015811e-8,1.31510340395e-8,5.33480992715e-8,1.07036219887e-8,1.77630568032e-8,4.53628912211e-9,1.94859572922e-9,4.18385437406e-10,2.3955698536e-10,2.03045968927e-10,8.3814066798e-11,1.27257804988e-11,2.14629594479e-12,1.13533412272e-12,8.12165710119e-13,6.97925712449e-13,1.3756483203e-13,8.38504612966e-14,3.41778031386e-14,1.05916108336e-14,5.04936033374e-15,6.11950006524e-15,5.22559877331e-16,1.6341685883e-17,1.47264569183e-17,3.22614567141e-17,7.40203729196e-18],"max":[0.00114907231182,0.00413819076493,0.0143476175144,0.0124912522733,0.0039624706842,0.00317999487743,0.0032499099616,0.00250384956598,0.00244195060804,0.002502535237,0.000615345023107,0.0017134695081,0.00196380214766,0.00307727651671,0.00202110153623,0.00198027165607,0.00113215658348,0.000866113288794,0.000464508775622,0.000458131689811,0.000253910198808,0.000205091448152,0.000149167681229,0.0000873676763149,0.0000473355248687,0.0000165639612533,0.0000142204253279,0.0000114873764687,0.0000139139592648,0.00000488816340294,0.000005238425274,0.00000299441285279,0.00000265828407464,8.1728302348e-7,0.00000135415064051,3.55342848479e-7,5.00213559462e-8,4.02982820447e-8,2.00187173505e-7,6.38245154505e-8],"mean":[0.0000349379261024,0.000167809266713,0.00146741315257,0.00158498226665,0.00046685806592,0.000226570220548,0.000280632637441,0.000165491524967,0.000277208397165,0.000104088932858,0.000109582673758,0.000256164639723,0.000157556554768,0.000200470312848,0.000135691458127,0.000219483903493,0.000118838943308,0.0000993074718281,0.0000629515852779,0.0000456771595054,0.0000146910979311,0.00000968921813183,0.00000751135712562,0.00000597000189373,0.00000290217872134,0.00000176457183443,0.00000146509603383,0.00000151440951868,0.00000118275420391,6.9683142101e-7,5.69524559069e-7,3.36755704211e-7,8.38264213598e-8,1.06235354735e-7,1.27052587118e-7,2.89026864664e-8,3.92071264343e-9,5.70297808977e-9,5.92965143653e-9,2.55275489636e-9],"median":[0.00000374040064344,0.0000352820934495,0.000734598259442,0.000895946053788,0.000252841826295,0.000133398963953,0.0000775604494265,0.0000816658430267,0.000149156068801,0.0000423077362939,0.0000729906314518,0.000153161061462,0.0000684082115185,0.0000882381282281,0.0000751681363909,0.000134930800414,0.0000805875388323,0.0000527024749317,0.0000370531270164,0.0000236935538851,0.00000818014541437,0.00000512086899107,0.00000336094331033,0.00000286611702904,0.00000173925820945,7.91724573901e-7,5.47631827885e-7,4.2509236664e-7,4.32048295806e-7,3.83766149525e-7,3.82324117254e-7,1.74699550826e-7,3.79465774358e-8,5.56398731533e-8,3.12740553454e-8,7.433406779e-9,3.13649906047e-9,3.90306009734e-9,2.57893661981e-9,1.50489332107e-9],"min":[1.41968678094e-23,2.44277074412e-23,1.28168495302e-23,5.41842326171e-24,9.60807260124e-24,2.2553200381e-23,1.08528982651e-23,5.80439081453e-24,4.40227496362e-24,4.88736486133e-24,7.35149259451e-24,9.00634764654e-24,1.07765341629e-23,1.32605782674e-23,6.64229244122e-24,4.73337684605e-24,9.18813590898e-24,9.57837593246e-24,7.43048123695e-24,6.96508722389e-24,1.44465123092e-23,1.01984576804e-23,8.56555504967e-24,9.95360314406e-24,7.9397185614e-24,9.37753825688e-24,4.56880389514e-24,4.42727751558e-24,5.12597714136e-24,7.46663394337e-24,8.73191871483e-24,1.26886903987e-23,7.26314806173e-24,9.09835249392e-24,9.12663000192e-24,1.00084621091e-23,8.92711840152e-24,1.22209866009e-23,9.38329536377e-24,1.07431834904e-23],"var":[1.01865706981e-8,1.41141796917e-7,0.00000373105604012,0.00000359608179679,3.61926709047e-7,1.09105172896e-7,2.16710873246e-7,5.97388734036e-8,1.33744734399e-7,3.55546845299e-8,1.4295390649e-8,9.08198387606e-8,7.03399578583e-8,9.8892904532e-8,4.15100060991e-8,6.99160054296e-8,1.89122726368e-8,1.52468739856e-8,5.41611422378e-9,3.94096977274e-9,4.17349516058e-10,2.37710323647e-10,1.71345812539e-10,7.37731056799e-11,1.77014444769e-11,5.46506503246e-12,4.89004800194e-12,4.66274935329e-12,2.81146200071e-12,6.93704696551e-13,4.63631303488e-13,1.89935090225e-13,2.97272379239e-14,1.7711868891e-14,3.76031569435e-14,2.67728649309e-15,1.58278363234e-17,3.80198480786e-17,1.51211805583e-16,2.62690873871e-17]},"melbands_crest":{"dmean":2.52285432816,"dmean2":4.34885263443,"dvar":6.10872507095,"dvar2":18.3313312531,"max":33.8942871094,"mean":11.7144565582,"median":11.6307449341,"min":1.56631970406,"var":15.8292827606},"melbands_flatness_db":{"dmean":0.0182513017207,"dmean2":0.0315491296351,"dvar":0.000309333379846,"dvar2":0.000995553680696,"max":0.400897234678,"mean":0.232379764318,"median":0.237732902169,"min":0.00483343517408,"var":0.00343715166673},"melbands_kurtosis":{"dmean":1.29880940914,"dmean2":2.311450243,"dvar":3.16226816177,"dvar2":10.0525598526,"max":38.4116821289,"mean":1.1536796093,"median":0.612788438797,"min":-1.5062097311,"var":4.5396695137},"melbands_skewness":{"dmean":0.399968743324,"dmean2":0.708279788494,"dvar":0.156342476606,"dvar2":0.52129817009,"max":5.1168847084,"mean":1.23087418079,"median":1.2034150362,"min":-0.516988813877,"var":0.388019382954},"melbands_spread":{"dmean":4.24416589737,"dmean2":7.13559627533,"dvar":29.117275238,"dvar2":77.0451049805,"max":180.624053955,"mean":27.7442531586,"median":23.7948474884,"min":7.56872987747,"var":437.942932129},"mfcc":{"cov":[[21269.3339844,5997.34472656,-3017.58935547,1131.46435547,-1096.38391113,686.437011719,-655.40246582,-224.727462769,-381.81036377,-294.074829102,-321.653900146,-387.632293701,-332.773193359],[5997.34472656,2623.50708008,-1066.37719727,54.0013847351,-67.0955886841,116.355125427,-126.975662231,-52.5140190125,-119.773338318,-167.615661621,-37.5062599182,-77.1031417847,-151.664978027],[-3017.58935547,-1066.37719727,645.903686523,-55.1982574463,62.1528701782,-10.75157547,108.006767273,9.26697254181,94.2244186401,81.8512191772,10.6539993286,39.9669456482,58.4859161377],[1131.46435547,54.0013847351,-55.1982574463,256.99432373,-111.40763855,86.9768447876,-32.1043052673,-5.32897186279,22.6922035217,36.0857162476,-16.5470085144,-13.6939954758,11.0522899628],[-1096.38391113,-67.0955886841,62.1528701782,-111.40763855,245.016571045,-60.7800750732,69.713508606,60.83385849,33.3631019592,9.39164447784,58.2344360352,36.7279243469,21.9792976379],[686.437011719,116.355125427,-10.75157547,86.9768447876,-60.7800750732,125.168624878,19.4993438721,-15.5012369156,15.7475271225,6.55109262466,-45.7268295288,-14.2291498184,5.16787576675],[-655.40246582,-126.975662231,108.006767273,-32.1043052673,69.713508606,19.4993438721,107.477836609,26.8470973969,20.86743927,9.30799007416,-8.26310253143,4.67009115219,31.5436286926],[-224.727462769,-52.5140190125,9.26697254181,-5.32897186279,60.83385849,-15.5012369156,26.8470973969,94.7138290405,30.7306060791,33.1031112671,44.5840911865,34.2753372192,14.9835786819],[-381.81036377,-119.773338318,94.2244186401,22.6922035217,33.3631019592,15.7475271225,20.86743927,30.7306060791,78.7792892456,36.0267715454,19.8816604614,24.2473239899,4.63317155838],[-294.074829102,-167.615661621,81.8512191772,36.0857162476,9.39164447784,6.55109262466,9.30799007416,33.1031112671,36.0267715454,80.6534423828,26.188501358,4.76386356354,8.1901922226],[-321.653900146,-37.5062599182,10.6539993286,-16.5470085144,58.2344360352,-45.7268295288,-8.26310253143,44.5840911865,19.8816604614,26.188501358,109.07509613,44.3894462585,-1.57793581486],[-387.632293701,-77.1031417847,39.9669456482,-13.6939954758,36.7279243469,-14.2291498184,4.67009115219,34.2753372192,24.2473239899,4.76386356354,44.3894462585,80.4070510864,21.6475086212],[-332.773193359,-151.664978027,58.4859161377,11.0522899628,21.9792976379,5.16787576675,31.5436286926,14.9835786819,4.63317155838,8.1901922226,-1.57793581486,21.6475086212,56.5934257507]],"icov":[[0.00100078945979,-0.00131555343978,0.00171019032132,-0.00197246205062,0.0017864939291,-0.00217784219421,0.00190791324712,-0.0013881319901,0.000553996360395,0.000113252528536,0.0000398082302127,0.00171103642788,-0.000928992871195],[-0.00131555343978,0.00340104382485,0.0005469568423,0.00298346951604,-0.00280688377097,0.00106963329017,-0.00342279369943,0.00274592894129,-0.00140637112781,0.000484903488541,-0.000499064044561,-0.00259710033424,0.00342869688757],[0.00171019032132,0.0005469568423,0.0107327150181,-0.00162086903583,0.0033056747634,-0.00525480182841,-0.00117004651111,0.00207208585925,-0.00355612230487,-0.00183778058272,-0.000393523194361,0.00127321411856,0.000105425497168],[-0.00197246205062,0.00298346951604,-0.00162086903583,0.0117194037884,-0.000974966678768,-0.0000531715486431,-0.00173967832234,0.00299258320592,-0.00453101750463,-0.00259664049372,-0.00169039540924,-0.00148936640471,-0.0023863054812],[0.0017864939291,-0.00280688377097,0.0033056747634,-0.000974966678768,0.0119884796441,-0.000671822053846,-0.00129007990472,-0.00380645669065,-0.00281742960215,0.000440627714852,-0.00251709925942,0.00361083564349,-0.00439555384219],[-0.00217784219421,0.00106963329017,-0.00525480182841,-0.0000531715486431,-0.000671822053846,0.0222174338996,-0.0101172793657,0.00453816074878,-0.00447730859742,-0.00225082063116,0.00518527487293,-0.00567532656714,0.0011789809214],[0.00190791324712,-0.00342279369943,-0.00117004651111,-0.00173967832234,-0.00129007990472,-0.0101172793657,0.0245916321874,-0.00897987559438,0.00177434517536,0.00280805234797,0.00168958527502,0.0084722051397,-0.0100547196344],[-0.0013881319901,0.00274592894129,0.00207208585925,0.00299258320592,-0.00380645669065,0.00453816074878,-0.00897987559438,0.0229001212865,-0.0052510057576,-0.00735976593569,-0.00310196750797,-0.00777711765841,0.000860087398905],[0.000553996360395,-0.00140637112781,-0.00355612230487,-0.00453101750463,-0.00281742960215,-0.00447730859742,0.00177434517536,-0.0052510057576,0.0254566147923,-0.00479345908388,0.00132543756627,-0.00492143351585,0.00648193061352],[0.000113252528536,0.000484903488541,-0.00183778058272,-0.00259664049372,0.000440627714852,-0.00225082063116,0.00280805234797,-0.00735976593569,-0.00479345908388,0.023218922317,-0.00528960116208,0.00713035231456,-0.00105311523657],[0.0000398082302127,-0.000499064044561,-0.000393523194361,-0.00169039540924,-0.00251709925942,0.00518527487293,0.00168958527502,-0.00310196750797,0.00132543756627,-0.00528960116208,0.0183641072363,-0.00850719865412,0.00444016093388],[0.00171103642788,-0.00259710033424,0.00127321411856,-0.00148936640471,0.00361083564349,-0.00567532656714,0.0084722051397,-0.00777711765841,-0.00492143351585,0.00713035231456,-0.00850719865412,0.0266051441431,-0.0125140249729],[-0.000928992871195,0.00342869688757,0.000105425497168,-0.0023863054812,-0.00439555384219,0.0011789809214,-0.0100547196344,0.000860087398905,0.00648193061352,-0.00105311523657,0.00444016093388,-0.0125140249729,0.0332612507045]],"mean":[-739.726745605,171.411621094,-52.4185676575,3.22943973541,-10.2092285156,14.1423540115,-10.0617275238,-12.3107385635,-11.5905838013,-10.2580595016,-10.2299146652,-11.5352077484,-12.3160867691]},"pitch_salience":{"dmean":0.0595320090652,"dmean2":0.101736024022,"dvar":0.00314729008824,"dvar2":0.00916910264641,"max":0.889039337635,"mean":0.541703045368,"median":0.536031126976,"min":0.144993036985,"var":0.00916504114866},"silence_rate_20dB":{"dmean":0,"dmean2":0,"dvar":0,"dvar2":0,"max":1,"mean":1,"median":1,"min":1,"var":0},"silence_rate_30dB":{"dmean":0.00558659201488,"dmean2":0.011176305823,"dvar":0.00555510865524,"dvar2":0.0160811264068,"max":1,"mean":0.996928215027,"median":1,"min":0,"var":0.00306240166537},"silence_rate_60dB":{"dmean":0.00558659201488,"dmean2":0.011176305823,"dvar":0.00555525207892,"dvar2":0.0132868569344,"max":1,"mean":0.231499582529,"median":0,"min":0,"var":0.177906706929},"spectral_centroid":{"dmean":128.190078735,"dmean2":218.815231323,"dvar":30750.0839844,"dvar2":62881.7304688,"max":11565.9570312,"mean":1060.63122559,"median":915.612731934,"min":468.606231689,"var":425105.375},"spectral_complexity":{"dmean":1.49553072453,"dmean2":2.43475842476,"dvar":2.75720238686,"dvar2":6.6112036705,"max":32,"mean":15.631108284,"median":18,"min":0,"var":75.0572357178},"spectral_contrast_coeffs":{"dmean":[0.0573773235083,0.0373636782169,0.0351751372218,0.0314899049699,0.0207945741713,0.0117647526786],"dmean2":[0.0912454351783,0.0578398071229,0.0528304949403,0.0485736951232,0.0329081527889,0.0178322326392],"dvar":[0.00221884087659,0.00126165489201,0.00138642801903,0.000922617036849,0.000364017381798,0.000143900266266],"dvar2":[0.00520197488368,0.00277890148573,0.00302152219228,0.00207024673,0.000803169969004,0.000277366285445],"max":[-0.230772331357,-0.407035410404,-0.463090419769,-0.522309720516,-0.601156234741,-0.63406419754],"mean":[-0.481945723295,-0.668327689171,-0.707505822182,-0.697684764862,-0.733807682991,-0.733165085316],"median":[-0.463001549244,-0.662789523602,-0.703180670738,-0.683622121811,-0.716147124767,-0.705063462257],"min":[-0.952578902245,-0.964220166206,-0.956608057022,-0.964106917381,-0.955512404442,-0.960088312626],"var":[0.0171536356211,0.0111950226128,0.00807932578027,0.00621406035498,0.00427316315472,0.00497586000711]},"spectral_contrast_valleys":{"dmean":[0.593133687973,0.326487541199,0.315022826195,0.289263129234,0.219840824604,0.123218230903],"dmean2":[0.878701686859,0.520692586899,0.494985461235,0.449786752462,0.338764816523,0.200796857476],"dvar":[0.284480899572,0.132083714008,0.150498732924,0.120902784169,0.0943019017577,0.0486952960491],"dvar2":[0.502701640129,0.246365919709,0.28770455718,0.201960742474,0.135726124048,0.0612341277301],"max":[-6.1722035408,-5.26619720459,-5.23996019363,-5.87719631195,-6.91393518448,-10.9737815857],"mean":[-9.52405357361,-8.010887146,-7.9906129837,-8.39601230621,-9.4540681839,-12.6822843552],"median":[-9.05077934265,-7.37116956711,-7.34028434753,-7.73226642609,-8.9158372879,-12.2985839844],"min":[-27.4463787079,-27.9643611908,-27.511346817,-27.0806903839,-27.4489974976,-27.2837944031],"var":[4.42985582352,4.02279853821,3.7216322422,3.34898281097,2.24464654922,0.817794382572]},"spectral_decrease":{"dmean":1.51761803124e-9,"dmean2":2.6265329911e-9,"dvar":5.59477545294e-18,"dvar2":1.65602352727e-17,"max":3.40741634695e-16,"mean":-5.94579274704e-9,"median":-5.0404413976e-9,"min":-3.16895523156e-8,"var":2.91300288476e-17},"spectral_energy":{"dmean":0.00597177678719,"dmean2":0.0102865835652,"dvar":0.0000865981419338,"dvar2":0.000250681856414,"max":0.128089651465,"mean":0.0239961240441,"median":0.0203559752554,"min":1.02064151728e-20,"var":0.000473085907288},"spectral_energyband_high":{"dmean":0.0000123265645016,"dmean2":0.0000167983926076,"dvar":5.99539140556e-10,"dvar2":9.55461709751e-10,"max":0.000408919353504,"mean":0.0000731304826331,"median":0.0000410865395679,"min":7.56012545277e-21,"var":7.0008230324e-9},"spectral_energyband_low":{"dmean":0.00076322053792,"dmean2":0.00127797084861,"dvar":0.00000350965819962,"dvar2":0.00000890820774657,"max":0.026317588985,"mean":0.00168833706994,"median":0.000701461627614,"min":1.35363167082e-22,"var":0.00000735622870707},"spectral_energyband_middle_high":{"dmean":0.00183696975,"dmean2":0.00265943119302,"dvar":0.0000106858651634,"dvar2":0.0000199012956728,"max":0.0584932528436,"mean":0.00897076539695,"median":0.007521730382,"min":1.30829761426e-21,"var":0.0000839157728478},"spectral_energyband_middle_low":{"dmean":0.00496508460492,"dmean2":0.00885364506394,"dvar":0.0000602170875936,"dvar2":0.000209865102079,"max":0.0784808248281,"mean":0.0143686616793,"median":0.0113854864612,"min":2.49309076131e-22,"var":0.000181585448445},"spectral_entropy":{"dmean":0.114012897015,"dmean2":0.184986025095,"dvar":0.013108856976,"dvar2":0.0312234368175,"max":9.8038816452,"mean":6.93416595459,"median":6.86260604858,"min":6.00692605972,"var":0.220277652144},"spectral_flux":{"dmean":0.0137761747465,"dmean2":0.0205250307918,"dvar":0.000415418529883,"dvar2":0.000907161971554,"max":0.244572848082,"mean":0.0487248040736,"median":0.0430201813579,"min":1.01026804977e-10,"var":0.00155620940495},"spectral_kurtosis":{"dmean":5.32414531708,"dmean2":9.4421043396,"dvar":34.0768165588,"dvar2":105.313056946,"max":64.1951141357,"mean":11.7816553116,"median":9.77439117432,"min":-1.23220050335,"var":69.0162200928},"spectral_rms":{"dmean":0.00051814870676,"dmean2":0.000885014480446,"dvar":4.67841459795e-7,"dvar2":0.00000127919577153,"max":0.0111787980422,"mean":0.00411269441247,"median":0.00445639854297,"min":3.15554722109e-12,"var":0.00000649663797958},"spectral_rolloff":{"dmean":216.438705444,"dmean2":365.704803467,"dvar":526380.5625,"dvar2":927745.375,"max":19422.9492188,"mean":2083.52270508,"median":1421.19140625,"min":21.533203125,"var":10490602},"spectral_skewness":{"dmean":0.40260335803,"dmean2":0.708076000214,"dvar":0.168155312538,"dvar2":0.510783493519,"max":6.06152963638,"mean":2.20111322403,"median":2.10141205788,"min":-0.0620460137725,"var":0.391019314528},"spectral_spread":{"dmean":193839.015625,"dmean2":311310.3125,"dvar":334864941056,"dvar2":397196984320,"max":41185308,"mean":2581099.5,"median":2132521.5,"min":962182.1875,"var":3386612121600},"spectral_strongpeak":{"dmean":0.367124974728,"dmean2":0.671711742878,"dvar":0.475214362144,"dvar2":1.40553331375,"max":7.9719247818,"mean":0.706291258335,"median":0.556434035301,"min":0,"var":0.568907737732},"zerocrossingrate":{"dmean":0.00467672524974,"dmean2":0.00597956962883,"dvar":0.000128990854137,"dvar2":0.000161234565894,"max":0.5048828125,"mean":0.0466716960073,"median":0.04296875,"min":0.0009765625,"var":0.00049381662393}},"metadata":{"audio_properties":{"analysis_sample_rate":44100,"bit_rate":150953,"codec":"mp3","downmix":"mix","equal_loudness":0,"length":83.121635437,"lossless":false,"md5_encoded":"21d7a5232d6f3fbcda48075832400dcb","replay_gain":12.876367569,"sample_rate":44100},"tags":{"acoustid_id":["e37ec348-a5b3-4022-ac5a-bdc354919747"],"album":["Uh Huh Her"],"albumartist":["PJ Harvey"],"albumartistsort":["Harvey, PJ"],"artist":["PJ Harvey"],"artists":["PJ Harvey"],"artistsort":["Harvey, PJ"],"barcode":["602498667132"],"catalognumber":["986 6713"],"date":["2004"],"file_name":"11 - The End.mp3","isrc":["GBAAN0400189"],"label":["Island Records"],"media":["CD"],"musicbrainz album release country":["AU"],"musicbrainz album status":["official"],"musicbrainz album type":["album"],"musicbrainz release track id":["e7296a71-e770-3997-85ee-fc7528773d02"],"musicbrainz_albumartistid":["e795e03d-b5d5-4a5f-834d-162cfb308a2c"],"musicbrainz_albumid":["28d0653b-06a9-4311-adaf-843e9aca072e"],"musicbrainz_artistid":["e795e03d-b5d5-4a5f-834d-162cfb308a2c"],"musicbrainz_recordingid":["5ffa641f-0fcb-49fb-bab9-5f8751c801b0"],"musicbrainz_releasegroupid":["08fdd0c0-ea57-367f-afa6-2743004807ef"],"originaldate":["2004"],"performer:accordion, acoustic guitar, autoharp, bass guitar, electric guitar, melodica and piano":["PJ Harvey"],"performer:drums and percussion":["Rob Ellis"],"performer:lead vocals":["PJ Harvey"],"script":["Latn"],"title":["The End"],"tracknumber":["11/14"]},"version":{"essentia":"2.1-beta1","essentia_build_sha":"65e368e5454dd45657e4cc002e00185f437e13e1","essentia_git_sha":"v2.1_beta1-28-g21ef5f4","extractor":"music 1.0"}},"rhythm":{"beats_count":194,"beats_loudness":{"dmean":0.0195631589741,"dmean2":0.0339224040508,"dvar":0.000497886678204,"dvar2":0.00151358137373,"max":0.111046269536,"mean":0.0291141327471,"