{"lowlevel":{"average_loudness":0.965716719627,"barkbands":{"dmean":[0.00772099336609,0.0214662160724,0.00378803932108,0.00234629539773,0.00257207336836,0.00186111405492,0.00107709865551,0.000698432908393,0.00119962973986,0.00107488548383,0.000300929619698,0.000265108508756,0.000332078110659,0.000396153976908,0.000290570693323,0.000204238720471,0.000145161306136,0.0000883697139216,0.0000851868462632,0.0000543908354302,0.0000392972287955,0.0000290518510155,0.0000247778334597,0.0000116322917165,0.00000394012931793,0.000020355806555,0.000435331137851],"dmean2":[0.0130514455959,0.0357375741005,0.00644611753523,0.00380196562037,0.00421927589923,0.00294147944078,0.00172392465174,0.00113439629786,0.00174679351039,0.00149686902296,0.000480437360238,0.000421577657107,0.000535534578376,0.000630171387456,0.000467034085887,0.000324722233927,0.000224289615289,0.000140823321999,0.000130284388433,0.0000829634664115,0.0000595978199271,0.0000415861177316,0.0000343794454238,0.0000166742411238,0.00000644988131171,0.0000267317718681,0.000629221962299],"dvar":[0.000637767312583,0.00229725893587,0.0000321407533193,0.0000167527468875,0.0000205486994673,0.0000169142113009,0.00000368069845536,0.00000244642478719,0.00000355298107024,0.00000377901164939,2.44711799269e-7,1.17333449623e-7,1.82943821869e-7,3.38605730121e-7,1.41092485251e-7,1.18796364745e-7,7.48547464013e-8,1.66858580286e-8,2.55923247039e-8,1.58689417162e-8,4.91832663485e-9,1.52372081619e-9,1.31352340116e-9,3.35674155139e-10,3.99038579957e-11,9.16929532302e-10,2.84021211883e-7],"dvar2":[0.00160783831961,0.00614909548312,0.0000894755212357,0.0000398995871365,0.0000536880143045,0.0000411753644585,0.00000892642401595,0.0000061209220803,0.00000783842369856,0.00000709936193743,6.06486992183e-7,2.80487284954e-7,4.4315063974e-7,7.67773485677e-7,3.44632525184e-7,2.81016326653e-7,1.67682372876e-7,4.20025259018e-8,5.96827547383e-8,3.24980220512e-8,1.10500923967e-8,2.83467538331e-9,2.38184627577e-9,6.04986616359e-10,9.80761652447e-11,1.57424595582e-9,6.03064336246e-7],"max":[0.277557849884,0.537260591984,0.0756516009569,0.158933013678,0.0984764769673,0.104799196124,0.0547733977437,0.0500820055604,0.0845027640462,0.0328378602862,0.0129749812186,0.00780831929296,0.0107057029381,0.0160530470312,0.00807735975832,0.0103584639728,0.00728876423091,0.00231436360627,0.00498050218448,0.00435262639076,0.00138927833177,0.000731920590624,0.00082819146337,0.000315454293741,0.0000967896849033,0.00090444216039,0.013661772944],"mean":[0.00608608685434,0.0292495749891,0.00495555158705,0.00353445089422,0.0040691094473,0.00303548341617,0.00184423394967,0.00110589293763,0.00244840956293,0.00188000081107,0.000517577631399,0.000504570605699,0.000663410290144,0.000836795254145,0.000599003629759,0.00041617633542,0.000305702036712,0.000207367163966,0.000215030726395,0.000127172315842,0.0000983997306321,0.0000760270340834,0.0000539050524822,0.0000200514095923,0.00000431986427429,0.0000448708851764,0.00170863547828],"median":[0.000818025553599,0.0180886797607,0.00284516299143,0.00155271519907,0.00226060603745,0.00141138699837,0.000879819737747,0.000486282340717,0.00128103466704,0.000790679012425,0.000339333026204,0.000362701481208,0.000478755915537,0.000542237306945,0.000445680663688,0.000259836931946,0.00014486258442,0.000127289735246,0.0000928542867769,0.0000580834785069,0.0000568638861296,0.0000498253721162,0.0000318211168633,0.00000962413923844,0.00000197902159016,0.0000268665917247,0.00126465549693],"min":[7.38268631341e-14,2.15263005039e-14,1.37448934206e-14,2.96102186281e-14,5.72619412282e-14,4.47700416236e-14,6.19763165484e-14,6.26035071764e-14,1.16050710166e-13,6.71908682122e-14,8.67205003012e-14,8.19487639097e-14,1.17083236552e-13,1.1806048218e-13,1.2268280196e-13,1.52585965239e-13,1.20606487037e-13,1.81100658558e-13,2.13502230218e-13,2.0735099564e-13,2.12752423101e-13,1.59000674497e-13,1.06736898508e-13,2.41215061163e-13,7.77257652771e-13,1.82662457208e-12,1.76508569046e-12],"var":[0.000499601359479,0.00198963144794,0.0000386227329727,0.0000358358774974,0.0000314370154229,0.0000292118584184,0.00000896359870239,0.00000478878519061,0.000013934427443,0.00000987290241028,4.52490127145e-7,2.66607599997e-7,4.4627375928e-7,0.00000108044662284,3.27984537307e-7,2.65939064548e-7,2.16297323163e-7,5.31960999695e-8,9.98701352728e-8,4.9414129677e-8,1.42010012638e-8,6.31542373952e-9,3.94459931385e-9,8.45583825182e-10,4.67803608351e-11,2.84582779564e-9,0.00000219547268898]},"barkbands_crest":{"dmean":3.1438498497,"dmean2":5.1921377182,"dvar":8.47860908508,"dvar2":23.434671402,"max":26.4670410156,"mean":11.6199131012,"median":11.0531730652,"min":2.88139438629,"var":20.9747066498},"barkbands_flatness_db":{"dmean":0.0255940426141,"dmean2":0.040881421417,"dvar":0.000692540197633,"dvar2":0.00182066031266,"max":0.42880538106,"mean":0.135824680328,"median":0.129474848509,"min":0.0350150130689,"var":0.00198355340399},"barkbands_kurtosis":{"dmean":6.74807024002,"dmean2":11.2981472015,"dvar":414.672302246,"dvar2":1336.82263184,"max":756.124511719,"mean":11.5329666138,"median":5.48641967773,"min":-1.79326820374,"var":1251.63525391},"barkbands_skewness":{"dmean":0.696189880371,"dmean2":1.10915350914,"dvar":0.89187079668,"dvar2":2.35432100296,"max":24.7701702118,"mean":2.60119986534,"median":2.23309493065,"min":-1.56540155411,"var":2.9982624054},"barkbands_spread":{"dmean":8.16951942444,"dmean2":12.9048757553,"dvar":84.3249435425,"dvar2":256.22644043,"max":120.540328979,"mean":30.8544864655,"median":28.3943805695,"min":0.483663618565,"var":265.695465088},"dissonance":{"dmean":0.0179866719991,"dmean2":0.0304022356868,"dvar":0.000286348600639,"dvar2":0.000793299695943,"max":0.500000059605,"mean":0.468064874411,"median":0.47364911437,"min":0.242024347186,"var":0.000579788698815},"dynamic_complexity":2.93087410927,"erbbands":{"dmean":[0.972076952457,3.70968675613,4.77388000488,5.81946468353,9.83007144928,7.53102779388,10.0448684692,17.074546814,18.3841075897,12.1079273224,18.3088932037,30.004447937,16.1922302246,37.3485374451,10.7175674438,9.77271366119,14.4998979568,18.4532985687,17.5387573242,9.61533927917,9.6133146286,7.81849193573,4.70043754578,5.49117136002,3.69017148018,2.57704424858,1.90807878971,1.36131691933,1.01889514923,0.960161626339,0.696748137474,0.373201549053,0.120386607945,0.0441876649857,0.0288744270802,0.0235984940082,0.0462310351431,0.0352363102138,0.0166429616511,0.0125105250627],"dmean2":[1.63986039162,6.22199583054,8.09070587158,9.45010280609,16.1103115082,12.5644130707,16.133556366,27.2251148224,29.4816837311,19.4701366425,28.6377620697,43.9596786499,24.5755596161,51.4485626221,16.2362365723,15.8590679169,23.5747127533,29.408372879,27.9469337463,15.2572813034,15.156873703,11.8515033722,7.31416654587,8.63170719147,5.80041360855,3.91518640518,2.9218275547,2.03708577156,1.4787324667,1.36132991314,0.974811315536,0.524269282818,0.177794992924,0.0718456283212,0.0470115765929,0.0358378812671,0.060923282057,0.0451433025301,0.0221687965095,0.0175824724138],"dvar":[7.12776231766,46.9572944641,48.3152427673,98.1198959351,304.902191162,266.675354004,476.213745117,1730.51086426,1197.64501953,716.133972168,1135.61499023,2520.17480469,870.983154297,4662.21630859,196.443130493,155.168914795,377.973999023,850.467834473,507.28704834,133.987304688,278.805847168,261.684753418,42.7236938477,111.777366638,53.38073349,38.440196991,14.13671875,4.85176372528,1.9820971489,1.84517514706,1.08174288273,0.338196277618,0.0381358638406,0.00493663456291,0.00209908047691,0.00120479892939,0.00502951908857,0.00252188136801,0.000598087790422,0.000255616556387],"dvar2":[19.0861721039,128.625595093,133.587265015,244.760681152,780.314941406,720.993591309,1169.28088379,4238.42675781,2948.57763672,1741.43713379,2800.44555664,5425.42773438,2224.47729492,7966.04833984,450.436279297,403.708404541,941.488830566,1925.69177246,1186.52624512,322.825561523,649.341369629,576.581298828,100.308586121,277.004486084,124.470603943,80.199508667,31.2582321167,10.6183328629,3.7468931675,3.57115364075,2.02596998215,0.597464382648,0.0717026665807,0.0121546806768,0.00509817665443,0.00253376644105,0.00856813415885,0.00424166489393,0.0010951514123,0.000475957087474],"max":[25.2180538177,95.5782623291,79.9618225098,270.159576416,528.175842285,523.313781738,687.289916992,1211.98474121,969.295166016,907.921203613,1115.140625,2636.72729492,777.634643555,1232.57128906,259.87802124,197.873657227,459.117736816,1046.87976074,660.436950684,293.743988037,510.29486084,443.306854248,136.477096558,217.90864563,186.855773926,215.935165405,91.2077102661,52.2499160767,25.7360534668,29.9583759308,22.5961780548,12.1542434692,3.47543430328,1.08648073673,0.68666100502,0.665660917759,2.00259113312,1.32056629658,0.588911771774,0.326194107533],"mean":[1.02163505554,5.79492950439,6.99532794952,9.4012966156,14.8682069778,11.2326021194,15.1998300552,27.1827220917,30.3546161652,21.1595401764,33.9884719849,60.3240394592,32.4042510986,65.9139938354,22.9856948853,20.4687824249,30.1490726471,40.8593254089,39.4318656921,24.212884903,20.8635540009,17.5308513641,12.1466636658,12.6754903793,9.13764095306,6.11516809464,4.55150270462,3.45657992363,2.62788534164,2.27908062935,1.45048391819,0.704144120216,0.185238048434,0.0513861589134,0.0326347872615,0.0355718657374,0.100791357458,0.105045802891,0.0707914978266,0.0580208450556],"median":[0.46415618062,3.90040636063,4.70771312714,4.59635448456,7.44415140152,6.09075403214,6.76266813278,12.6309137344,13.7757387161,10.5569620132,18.9304351807,31.4407310486,20.2576503754,27.1372642517,16.5790252686,16.1355781555,22.262512207,27.3847007751,29.0343284607,19.3873558044,12.4692249298,8.06359481812,7.72741556168,5.45096921921,4.09325885773,2.86273431778,2.37471985817,2.16695022583,1.73898780346,1.41068816185,0.852105379105,0.361567318439,0.0828565508127,0.0247082617134,0.0154935484752,0.0192796140909,0.0581491701305,0.0656136125326,0.0419278740883,0.0482031404972],"min":[1.55359601052e-12,2.18938300649e-12,1.11040491038e-11,6.4441674219e-11,1.37039685155e-10,1.81752168871e-10,4.02014144196e-10,3.16722897908e-10,7.63158980455e-10,1.05605102441e-9,1.28960986334e-9,2.13721329523e-9,3.12449999207e-9,2.75291300866e-9,3.47610651374e-9,3.89752319307e-9,4.45838033158e-9,6.50389608836e-9,6.20155304887e-9,7.49363238128e-9,8.57235082918e-9,8.04054334225e-9,9.71500924152e-9,8.6736662297e-9,1.062939603e-8,9.54548085019e-9,8.74842598364e-9,8.81755024551e-9,6.65091981489e-9,4.21792645255e-9,2.8182851608e-9,3.26362115111e-9,5.20279463956e-9,6.63329435824e-9,6.47276854338e-9,5.46688383452e-9,3.67107588772e-9,1.44234757471e-9,2.74960249014e-10,2.02103733055e-11],"var":[5.27747392654,48.8100509644,58.5344429016,194.296264648,564.10546875,310.310577393,782.692687988,2740.6484375,2767.08691406,1299.19055176,2375.21728516,10520.8388672,1746.47766113,12727.3818359,525.308410645,320.05291748,886.92956543,2426.36376953,1582.20031738,410.272705078,685.033874512,769.045959473,162.735198975,351.72958374,181.874557495,115.605041504,40.9183311462,14.5949821472,7.46981096268,6.81696987152,2.92804884911,0.907343745232,0.0839561969042,0.00598602974787,0.00255220802501,0.00232154736295,0.0154090933502,0.0142378183082,0.00615598866716,0.00155345164239]},"erbbands_crest":{"dmean":2.37905359268,"dmean2":3.68310546875,"dvar":4.84133863449,"dvar2":10.5828542709,"max":29.9632415771,"mean":8.29156112671,"median":7.1529083252,"min":2.02896499634,"var":16.9658718109},"erbbands_flatness_db":{"dmean":0.0155829265714,"dmean2":0.0229169391096,"dvar":0.000175588036655,"dvar2":0.00038168602623,"max":0.287004977465,"mean":0.122445456684,"median":0.121620945632,"min":0.0212948713452,"var":0.000991977402009},"erbbands_kurtosis":{"dmean":0.700236558914,"dmean2":1.06245982647,"dvar":0.746777713299,"dvar2":1.68244707584,"max":18.4758663177,"mean":0.498484104872,"median":0.0834662914276,"min":-1.66039323807,"var":2.51711964607},"erbbands_skewness":{"dmean":0.291108965874,"dmean2":0.439652830362,"dvar":0.058668423444,"dvar2":0.134292557836,"max":3.46197009087,"mean":0.244473278522,"median":0.231294423342,"min":-2.24321866035,"var":0.337983697653},"erbbands_spread":{"dmean":5.87619829178,"dmean2":8.77145957947,"dvar":29.6164512634,"dvar2":65.804397583,"max":144.127639771,"mean":33.0656700134,"median":31.141500473,"min":5.01893663406,"var":176.485610962},"gfcc":{"cov":[[13107.4638672,1066.74597168,-886.680908203,-232.745223999,238.739013672,-332.537597656,317.67300415,-204.845153809,371.673583984,-130.236358643,28.9952812195,30.0763835907,-10.8482656479],[1066.74597168,566.35949707,-47.0973587036,-174.389450073,46.4225578308,-70.4101028442,0.430746376514,-81.0347213745,45.4245910645,5.11475992203,27.5641994476,-36.4517593384,30.6180934906],[-886.680908203,-47.0973587036,315.007019043,49.9206809998,-99.0862579346,117.294143677,-128.501693726,13.1493301392,-83.5475311279,41.913520813,8.72076892853,4.76969337463,-7.99242639542],[-232.745223999,-174.389450073,49.9206809998,255.765686035,83.5949707031,-8.30746841431,52.6244049072,15.1410837173,-18.4110851288,-8.08515453339,10.1684837341,32.6620292664,-17.5976848602],[238.739013672,46.4225578308,-99.0862579346,83.5949707031,193.129318237,-31.0731430054,97.6607131958,7.01171445847,27.294834137,-37.4147605896,-2.27006292343,0.485556542873,17.6700763702],[-332.537597656,-70.4101028442,117.294143677,-8.30746841431,-31.0731430054,187.154846191,-19.4382896423,36.4301071167,-36.5372390747,1.3750897646,-19.5695590973,4.91343927383,5.56097126007],[317.67300415,0.430746376514,-128.501693726,52.6244049072,97.6607131958,-19.4382896423,196.95085144,22.5118503571,61.3299102783,-42.7606315613,-13.9734792709,17.3602333069,-4.54067802429],[-204.845153809,-81.0347213745,13.1493301392,15.1410837173,7.01171445847,36.4301071167,22.5118503571,118.047859192,11.7172603607,18.9106369019,-4.16412353516,-11.966422081,22.4876861572],[371.673583984,45.4245910645,-83.5475311279,-18.4110851288,27.294834137,-36.5372390747,61.3299102783,11.7172603607,127.388587952,26.6677265167,7.05919790268,15.8911314011,-23.3234176636],[-130.236358643,5.11475992203,41.913520813,-8.08515453339,-37.4147605896,1.3750897646,-42.7606315613,18.9106369019,26.6677265167,88.4451217651,44.5376396179,3.11643886566,-1.61582660675],[28.9952812195,27.5641994476,8.72076892853,10.1684837341,-2.27006292343,-19.5695590973,-13.9734792709,-4.16412353516,7.05919790268,44.5376396179,62.2224121094,27.9585208893,7.99102449417],[30.0763835907,-36.4517593384,4.76969337463,32.6620292664,0.485556542873,4.91343927383,17.3602333069,-11.966422081,15.8911314011,3.11643886566,27.9585208893,72.6226730347,14.0692205429],[-10.8482656479,30.6180934906,-7.99242639542,-17.5976848602,17.6700763702,5.56097126007,-4.54067802429,22.4876861572,-23.3234176636,-1.61582660675,7.99102449417,14.0692205429,66.76171875]],"icov":[[0.000128964282339,-0.000399589072913,0.000591485877521,-0.000372123060515,0.000289962510578,-0.000229341661907,0.000228298726142,-0.000138551287819,-0.000104271726741,0.000197865636437,0.0000194356271095,-0.00022000761237,0.000193889529328],[-0.000399589072913,0.00604167534038,-0.00521800247952,0.00488981464878,-0.00308489520103,0.0020220305305,-0.00246249418706,0.00496222544461,-0.00359936081804,0.00187998090405,-0.00541014363989,0.00644526258111,-0.00528503302485],[0.000591485877521,-0.00521800247952,0.013377356343,-0.00721973273903,0.00498021533713,-0.00595155684277,0.00587681587785,-0.0041351816617,0.00482169399038,-0.00328762759455,0.00444767903537,-0.00589907355607,0.00547349452972],[-0.000372123060515,0.00488981464878,-0.00721973273903,0.0126477396116,-0.00816798675805,0.00480993883684,-0.00433214381337,0.00102885905653,0.00298847584054,-0.00268235849217,-0.000340241647791,-0.00263352249749,0.00286129978485],[0.000289962510578,-0.00308489520103,0.00498021533713,-0.00816798675805,0.0134789273143,-0.00314619438723,-0.000300585234072,-0.000159992530826,-0.00394005747512,0.00625801784918,-0.00438122916967,0.00512367766351,-0.00514724012464],[-0.000229341661907,0.0020220305305,-0.00595155684277,0.00480993883684,-0.00314619438723,0.0102550368756,-0.00288890092634,-0.00158131448552,0.00283001083881,-0.00284585845657,0.00474086310714,-0.00341697200201,0.000977846095338],[0.000228298726142,-0.00246249418706,0.00587681587785,-0.00433214381337,-0.000300585234072,-0.00288890092634,0.01253591571,-0.0043436512351,-0.00302861258388,0.0051199439913,0.000361195852747,-0.00358798052184,0.00314272358082],[-0.000138551287819,0.00496222544461,-0.0041351816617,0.00102885905653,-0.000159992530826,-0.00158131448552,-0.0043436512351,0.0177363362163,-0.00755068799481,-0.000350925547536,-0.00482596177608,0.0125330118462,-0.0133275967091],[-0.000104271726741,-0.00359936081804,0.00482169399038,0.00298847584054,-0.00394005747512,0.00283001083881,-0.00302861258388,-0.00755068799481,0.0250688865781,-0.0184711143374,0.0165609680116,-0.018343128264,0.0163373742253],[0.000197865636437,0.00187998090405,-0.00328762759455,-0.00268235849217,0.00625801784918,-0.00284585845657,0.0051199439913,-0.000350925547536,-0.0184711143374,0.0391018614173,-0.0322837606072,0.0175383426249,-0.0082218805328],[0.0000194356271095,-0.00541014363989,0.00444767903537,-0.000340241647791,-0.00438122916967,0.00474086310714,0.000361195852747,-0.00482596177608,0.0165609680116,-0.0322837606072,0.0515243038535,-0.0280655380338,0.0100934896618],[-0.00022000761237,0.00644526258111,-0.00589907355607,-0.00263352249749,0.00512367766351,-0.00341697200201,-0.00358798052184,0.0125330118462,-0.018343128264,0.0175383426249,-0.0280655380338,0.0399151779711,-0.0209652055055],[0.000193889529328,-0.00528503302485,0.00547349452972,0.00286129978485,-0.00514724012464,0.000977846095338,0.00314272358082,-0.0133275967091,0.0163373742253,-0.0082218805328,0.0100934896618,-0.0209652055055,0.0335458107293]],"mean":[28.5497646332,90.2788543701,-79.883605957,-1.19910264015,-9.55069828033,-10.3385276794,5.5385055542,-17.8499946594,8.18311405182,-9.18093490601,-6.83957958221,-2.51102662086,-10.086769104]},"hfc":{"dmean":174.896972656,"dmean2":271.396759033,"dvar":129102.59375,"dvar2":269072.09375,"max":5524.17529297,"mean":499.535827637,"median":386.323181152,"min":7.64742438264e-8,"var":244537.375},"melbands":{"dmean":[0.00745811127126,0.00320054916665,0.00106359738857,0.000629925169051,0.000321839674143,0.000380828831112,0.00025770344655,0.000132496279548,0.00017029956507,0.000177993642865,0.0000841125365696,0.000163373770192,0.0000384049890272,0.0000323391213897,0.0000293044158752,0.0000332470481226,0.0000372143731511,0.0000313159107463,0.0000201100447157,0.0000158123948495,0.00000968793210632,0.00000926660504774,0.00000689740818416,0.00000410771781389,0.00000491956961923,0.00000310758491651,0.0000024445910185,0.00000176399566953,0.00000132548200327,0.00000109757047539,8.14296640783e-7,6.40162852505e-7,6.107273407e-7,5.40282542261e-7,4.53448421922e-7,3.2671167105e-7,2.05679683063e-7,9.79507461807e-8,4.42730012651e-8,3.53047902024e-8],"dmean2":[0.0123767480254,0.00539286853746,0.00170906574931,0.00103652814869,0.000515088904649,0.000603706808761,0.000411537592299,0.000214257321204,0.000260190485278,0.000261055189185,0.000128087151097,0.000225188327022,0.0000600785897404,0.0000512451442773,0.0000485418568132,0.0000532355879841,0.0000596719510213,0.0000501465437992,0.0000325372602674,0.0000254017504631,0.0000153891833179,0.0000141286827784,0.000011100329175,0.00000651218715575,0.00000783923496783,0.000004925016583,0.00000385367002309,0.00000271529916063,0.00000209417112274,0.0000017054401269,0.00000124196196793,9.64173182183e-7,9.03935870156e-7,7.88796967299e-7,6.57576265439e-7,4.65609531375e-7,2.96504254038e-7,1.45296368714e-7,7.12704348871e-8,5.79631169728e-8],"dvar":[0.000349323439877,0.00002461108852,0.00000311550911647,0.00000128659451093,4.36851848917e-7,7.65216327636e-7,2.23433559654e-7,8.94314950983e-8,8.08985518574e-8,8.68351222039e-8,2.43815012624e-8,9.12833257871e-8,3.15853254662e-9,1.75427472549e-9,1.50324197534e-9,2.05413397403e-9,3.35798544526e-9,1.75973247085e-9,8.15487732897e-10,6.13935235982e-10,2.49494869209e-10,4.44937392485e-10,9.95811974547e-11,4.50489992532e-11,9.3535415524e-11,3.6573206269e-11,2.71994492901e-11,2.01323228921e-11,7.50153151402e-12,4.11807480477e-12,1.54352973545e-12,8.08948123331e-13,7.55694064183e-13,6.18432713893e-13,4.69208764724e-13,2.72083272796e-13,1.09350808302e-13,2.79329189038e-14,4.85743537339e-15,3.26172863878e-15],"dvar2":[0.000921256840229,0.0000674727125443,0.00000769462531025,0.0000033937731132,0.00000107190726339,0.00000187724072021,5.50881679828e-7,2.20116177729e-7,1.91713368736e-7,1.87133977647e-7,6.22987812449e-8,1.56609871738e-7,7.61508012204e-9,4.0827572434e-9,3.92285803841e-9,4.73400119105e-9,7.67100249988e-9,4.0532763812e-9,2.04800176817e-9,1.47370504688e-9,5.85247073026e-10,9.84559989092e-10,2.49917503359e-10,1.12461241708e-10,2.35061414777e-10,8.63757815273e-11,6.51607309776e-11,4.33561797575e-11,1.70652433157e-11,9.83249766329e-12,3.47976725559e-12,1.66878132406e-12,1.60345868527e-12,1.24863953812e-12,9.43217075625e-13,5.37028754799e-13,2.0374529158e-13,5.36976265861e-14,1.15188501776e-14,8.08880296321e-15],"max":[0.183248504996,0.0619253069162,0.0578697323799,0.0259835254401,0.0183879304677,0.0239946488291,0.0127788949758,0.00922652427107,0.0105547364801,0.0154369678348,0.00415158923715,0.00544845499098,0.00116458442062,0.00101165263914,0.00118934025522,0.00149183301255,0.0017771263374,0.0014309376711,0.000723578501493,0.000685597595293,0.000462404917926,0.000593303935602,0.00021770017338,0.000156861584401,0.000200131340534,0.000173605221789,0.000150064763147,0.000150088599185,0.0000689352673362,0.0000406895596825,0.0000227970704145,0.0000158497041411,0.0000213591065403,0.0000146318780025,0.000012923518625,0.0000126867844301,0.00000601528745392,0.00000318309957947,9.96086441774e-7,8.8860122105e-7],"mean":[0.00906553026289,0.00520442333072,0.00182288023643,0.000979789998382,0.000502224778756,0.000625249056611,0.000435316760559,0.000222468428547,0.000324971100781,0.000354273739504,0.000155996211106,0.00028399832081,0.0000743349519325,0.0000606866560702,0.0000550035983906,0.0000688494183123,0.0000768237587181,0.000065462612838,0.0000408374689869,0.0000321621591866,0.0000200746544579,0.0000185879143828,0.0000140106849358,0.000009585677617,0.0000103979555206,0.00000708410652805,0.0000054407364587,0.00000371248779629,0.00000288096521217,0.00000240720578404,0.00000189082697943,0.00000150281550759,0.00000139562030199,0.0000011728965319,8.81753692283e-7,6.16417821675e-7,3.54693412419e-7,1.43750597204e-7,5.17556877355e-8,3.82757683326e-8],"median":[0.00486252363771,0.003818315221,0.000982208410278,0.000526392483152,0.000238734006416,0.000292559125228,0.000210146914469,0.000105642204289,0.000177906331373,0.000185496348422,0.0000918926743907,0.000112774556328,0.0000528699602,0.0000427840459452,0.0000417039736931,0.0000480477719975,0.0000489758240292,0.000046134711738,0.00003002748781,0.0000216634143726,0.0000117566032714,0.00000755493283577,0.00000908188485482,0.00000519939658261,0.00000433590594184,0.00000314486669595,0.0000024303817554,0.00000169040924902,0.00000143720569667,0.00000131300214434,0.00000120683910154,9.91754518509e-7,8.60681950599e-7,7.17063073807e-7,5.14046348599e-7,3.36501869924e-7,1.66689744674e-7,5.80480019607e-8,2.28533085789e-8,1.73711498519e-8],"min":[1.34825740931e-14,4.57792212409e-15,1.35009665665e-14,1.09857733804e-14,1.30752579716e-14,7.64161022464e-15,1.17675839437e-14,1.22106626432e-14,9.20649258327e-15,1.649443013e-14,1.52846095833e-14,1.01863936597e-14,1.14312093726e-14,8.67155400762e-15,1.17451570523e-14,1.15294075963e-14,1.14940922516e-14,9.89333042437e-15,9.07317467957e-15,9.85647602084e-15,9.69215925236e-15,7.76323060334e-15,9.30435707593e-15,8.02888893472e-15,6.40996545054e-15,8.91998877105e-15,5.82261544074e-15,6.64910826254e-15,6.05706357263e-15,5.16454537962e-15,4.69659525165e-15,3.82419620872e-15,2.89709853092e-15,2.09281978344e-15,1.63388865053e-15,1.72223249286e-15,2.08686005962e-15,3.2736902263e-15,4.63325666895e-15,5.8699057137e-15],"var":[0.00028347177431,0.0000293028970191,0.00000663807759338,0.00000199602231987,7.36110735033e-7,0.00000127524310756,5.17439445957e-7,1.67667437267e-7,1.98262796403e-7,3.58413473123e-7,4.66982257308e-8,2.47279501764e-7,6.94085144914e-9,3.98575394911e-9,2.7871644992e-9,5.53049206431e-9,9.49831235886e-9,5.61580071334e-9,1.68455915883e-9,1.34019162434e-9,6.13983974773e-10,1.14628895265e-9,2.42242559345e-10,1.45984557776e-10,2.60542643016e-10,1.16116782856e-10,7.28378607429e-11,5.24838367211e-11,1.94048648677e-11,9.83669048993e-12,4.28719950166e-12,2.52870554357e-12,2.64790489882e-12,1.88542389166e-12,1.13003844563e-12,6.5333551286e-13,2.70362887893e-13,5.88777412784e-14,6.48558982262e-15,3.73342095832e-15]},"melbands_crest":{"dmean":4.03016281128,"dmean2":6.49857616425,"dvar":14.373208046,"dvar2":35.6806297302,"max":37.2897834778,"mean":16.381860733,"median":15.9351863861,"min":2.00753045082,"var":31.110918045},"melbands_flatness_db":{"dmean":0.0315377600491,"dmean2":0.0503861568868,"dvar":0.000896649726201,"dvar2":0.00227300426923,"max":0.478782176971,"mean":0.251178234816,"median":0.24708391726,"min":0.0108908973634,"var":0.0026525715366},"melbands_kurtosis":{"dmean":10.0848340988,"dmean2":16.5205516815,"dvar":397.112976074,"dvar2":1073.76599121,"max":462.279693604,"mean":16.945728302,"median":9.07761001587,"min":-1.33847856522,"var":923.180847168},"melbands_skewness":{"dmean":0.914965033531,"dmean2":1.43418800831,"dvar":1.13694822788,"dvar2":2.81064105034,"max":17.6978206635,"mean":3.05671882629,"median":2.69237327576,"min":-0.491526305676,"var":3.27843928337},"melbands_spread":{"dmean":4.41683578491,"dmean2":7.05933570862,"dvar":22.4882164001,"dvar2":61.8596076965,"max":102.411102295,"mean":14.846244812,"median":13.8959617615,"min":0.51155424118,"var":65.3214645386},"mfcc":{"cov":[[8044.78369141,1233.29284668,-585.685058594,367.814025879,-169.389587402,207.901412964,-255.932327271,212.190048218,-48.7709541321,190.168838501,-5.77017498016,31.8116168976,-76.4963531494],[1233.29284668,898.064697266,-98.4568328857,-45.9498825073,-24.1025600433,32.2413673401,-73.0775985718,-54.6416015625,-11.7190694809,6.37629127502,25.2464962006,-25.3317222595,-11.4033918381],[-585.685058594,-98.4568328857,431.739868164,-143.802886963,63.6200637817,1.96511101723,16.3282775879,-76.8461761475,-50.7518997192,-53.3833427429,-4.35478019714,22.8001213074,-10.297326088],[367.814025879,-45.9498825073,-143.802886963,314.020568848,2.87365198135,30.8440799713,24.4650802612,55.4886894226,-0.740103960037,13.3097753525,-9.18822574615,9.66995048523,46.9563179016],[-169.389587402,-24.1025600433,63.6200637817,2.87365198135,131.278213501,0.727479636669,40.8174514771,-25.1625518799,12.8886241913,-32.3865737915,6.65581655502,-3.26845288277,11.1839962006],[207.901412964,32.2413673401,1.96511101723,30.8440799713,0.727479636669,128.239486694,4.36571121216,56.581943512,-17.157875061,14.6066379547,-19.5229492188,11.6552562714,-12.8540239334],[-255.932327271,-73.0775985718,16.3282775879,24.4650802612,40.8174514771,4.36571121216,134.666885376,27.5329856873,37.5234985352,-22.1813697815,-14.1979818344,-22.1151599884,15.3947849274],[212.190048218,-54.6416015625,-76.8461761475,55.4886894226,-25.1625518799,56.581943512,27.5329856873,143.183166504,43.4756088257,40.8239860535,-23.5169048309,-6.10016775131,-10.7694320679],[-48.7709541321,-11.7190694809,-50.7518997192,-0.740103960037,12.8886241913,-17.157875061,37.5234985352,43.4756088257,93.8279800415,30.2494297028,15.6070251465,-19.7495117188,6.18593740463],[190.168838501,6.37629127502,-53.3833427429,13.3097753525,-32.3865737915,14.6066379547,-22.1813697815,40.8239860535,30.2494297028,83.0456161499,28.5369701385,13.0082349777,-11.1199493408],[-5.77017498016,25.2464962006,-4.35478019714,-9.18822574615,6.65581655502,-19.5229492188,-14.1979818344,-23.5169048309,15.6070251465,28.5369701385,74.2674789429,24.4759254456,13.8751783371],[31.8116168976,-25.3317222595,22.8001213074,9.66995048523,-3.26845288277,11.6552562714,-22.1151599884,-6.10016775131,-19.7495117188,13.0082349777,24.4759254456,59.3054008484,18.6546707153],[-76.4963531494,-11.4033918381,-10.297326088,46.9563179016,11.1839962006,-12.8540239334,15.3947849274,-10.7694320679,6.18593740463,-11.1199493408,13.8751783371,18.6546707153,69.2457427979]],"icov":[[0.000209588150028,-0.000295357778668,0.000102349127701,-0.000224355258979,-0.0000559292675462,0.0000298617869703,0.000204371550353,-0.000307370530209,0.000183625365025,-0.000214889325434,0.000120564662211,-0.000228345277719,0.00025803403696],[-0.000295357778668,0.00179839681368,0.000309818075038,0.000594265700784,0.000236774532823,-0.00119300629012,0.000406498322263,0.00136303144973,-0.000458887574496,0.000517256674357,-0.000857695878949,0.00154020544142,-0.000644125102554],[0.000102349127701,0.000309818075038,0.00381658435799,0.00163386121858,-0.00139319186565,-0.000707556726411,-0.000770569313318,0.00102900271304,0.00147775979713,0.000412517925724,0.000464534707135,-0.00167268724181,0.000340492028045],[-0.000224355258979,0.000594265700784,0.00163386121858,0.00524644600227,-0.00118718715385,-0.000482341449242,-0.000941532955039,-0.00108713377267,0.00251693208702,-0.00110616046004,0.00041635191883,0.000616064702626,-0.00397411035374],[-0.0000559292675462,0.000236774532823,-0.00139319186565,-0.00118718715385,0.0110914064571,-0.00228182133287,-0.00174423330463,0.0027066715993,-0.00464612338692,0.00504871550947,-0.00238987873308,-0.000431619089795,0.000989805324934],[0.0000298617869703,-0.00119300629012,-0.000707556726411,-0.000482341449242,-0.00228182133287,0.0128710120916,-0.00119774846826,-0.00646744389087,0.00541881797835,-0.00272239325568,0.00220832042396,-0.00292381201871,0.00150051340461],[0.000204371550353,0.000406498322263,-0.000770569313318,-0.000941532955039,-0.00174423330463,-0.00119774846826,0.0118840988725,-0.00203087739646,-0.00446227006614,0.00372332870029,0.00000817923864815,0.00318121258169,-0.00194407743402],[-0.000307370530209,0.00136303144973,0.00102900271304,-0.00108713377267,0.0027066715993,-0.00646744389087,-0.00203087739646,0.017018020153,-0.00843159947544,-0.00373320002109,0.00606964761391,-0.00209874939173,0.00173856003676],[0.000183625365025,-0.000458887574496,0.00147775979713,0.00251693208702,-0.00464612338692,0.00541881797835,-0.00446227006614,-0.00843159947544,0.0246548131108,-0.00900555029511,-0.00473654875532,0.00856591854244,-0.0049299118109],[-0.000214889325434,0.000517256674357,0.000412517925724,-0.00110616046004,0.00504871550947,-0.00272239325568,0.00372332870029,-0.00373320002109,-0.00900555029511,0.0264145061374,-0.00987572874874,-0.00447959126905,0.00616203946993],[0.000120564662211,-0.000857695878949,0.000464534707135,0.00041635191883,-0.00238987873308,0.00220832042396,0.00000817923864815,0.00606964761391,-0.00473654875532,-0.00987572874874,0.0249203834683,-0.00967215932906,-0.00203378940932],[-0.000228345277719,0.00154020544142,-0.00167268724181,0.000616064702626,-0.000431619089795,-0.00292381201871,0.00318121258169,-0.00209874939173,0.00856591854244,-0.00447959126905,-0.00967215932906,0.0306727290154,-0.00998149532825],[0.00025803403696,-0.000644125102554,0.000340492028045,-0.00397411035374,0.000989805324934,0.00150051340461,-0.00194407743402,0.00173856003676,-0.0049299118109,0.00616203946993,-0.00203378940932,-0.00998149532825,0.0227135587484]],"mean":[-637.753417969,156.086837769,-10.171081543,29.3285102844,0.481542021036,24.8168067932,-4.01324653625,14.5968103409,1.35037565231,12.8632249832,1.99463737011,1.28252875805,-2.62172532082]},"pitch_salience":{"dmean":0.0793357491493,"dmean2":0.127671420574,"dvar":0.00565039878711,"dvar2":0.0143724791706,"max":0.950710177422,"mean":0.513479292393,"median":0.524688959122,"min":0.0975119397044,"var":0.0130446022376},"silence_rate_20dB":{"dmean":0.0162074547261,"dmean2":0.0324186645448,"dvar":0.0159430075437,"dvar2":0.0434054322541,"max":1,"mean":0.989813625813,"median":1,"min":0,"var":0.0100830690935},"silence_rate_30dB":{"dmean":0.113915257156,"dmean2":0.227856889367,"dvar":0.100946567953,"dvar2":0.199082523584,"max":1,"mean":0.775436997414,"median":1,"min":0,"var":0.174127683043},"silence_rate_60dB":{"dmean":0.000926140288357,"dmean2":0.00185249513015,"dvar":0.000925263098907,"dvar2":0.00184901291505,"max":1,"mean":0.0282440092415,"median":0,"min":0,"var":0.0274458117783},"spectral_centroid":{"dmean":160.457565308,"dmean2":244.525680542,"dvar":33958.171875,"dvar2":62431.5742188,"max":11067.5380859,"mean":1009.22644043,"median":904.704040527,"min":201.172012329,"var":228718.359375},"spectral_complexity":{"dmean":3.05441069603,"dmean2":4.78823661804,"dvar":7.46925973892,"dvar2":16.30610466,"max":57,"mean":22.9796276093,"median":22,"min":0,"var":72.9202804565},"spectral_contrast_coeffs":{"dmean":[0.0537591017783,0.0516519024968,0.0375582277775,0.0265715960413,0.0179500672966,0.0374425463378],"dmean2":[0.0897396728396,0.0850393623114,0.0599779002368,0.0445420257747,0.0297830216587,0.0587850436568],"dvar":[0.00181328924373,0.00156545639038,0.000882306252606,0.000418298703153,0.000200311056687,0.000997753930278],"dvar2":[0.00497242156416,0.00440605543554,0.00220876070671,0.00114659056999,0.000546641473193,0.00260160746984],"max":[-0.391466498375,-0.435209751129,-0.517260611057,-0.644446134567,-0.717202544212,-0.491829752922],"mean":[-0.689626812935,-0.749226987362,-0.776047646999,-0.804008543491,-0.817178845406,-0.721839547157],"median":[-0.692634224892,-0.751761674881,-0.781237602234,-0.803606748581,-0.815894007683,-0.718838810921],"min":[-0.964334487915,-0.966356277466,-0.959813058376,-0.970637738705,-0.968067348003,-0.959402620792],"var":[0.0047145546414,0.00448771519586,0.0038415750023,0.00147103646304,0.00104871741496,0.00422058720142]},"spectral_contrast_valleys":{"dmean":[0.396268695593,0.356556743383,0.279451876879,0.219182819128,0.205918267369,0.519605338573],"dmean2":[0.64651453495,0.579569458961,0.453768372536,0.356880366802,0.315280646086,0.807986795902],"dvar":[0.120994739234,0.0942695140839,0.0670044571161,0.048624701798,0.0603628456593,0.19656381011],"dvar2":[0.274478167295,0.220776543021,0.142672285438,0.100572504103,0.110354818404,0.495047420263],"max":[-4.590924263,-4.50973939896,-5.19332075119,-5.91448497772,-5.788210392,-8.7774810791],"mean":[-6.48451089859,-6.37357997894,-6.8377866745,-7.09735393524,-7.53740167618,-10.8162708282],"median":[-6.31639099121,-6.14434051514,-6.63187599182,-6.87302112579,-7.40026760101,-10.6904354095],"min":[-27.2263889313,-27.1616458893,-27.4972915649,-27.015712738,-27.4379024506,-27.3360595703],"var":[1.40343630314,1.57074975967,1.42917191982,1.42411148548,1.27092444897,0.976885676384]},"spectral_decrease":{"dmean":8.86756357232e-9,"dmean2":1.43455531898e-8,"dvar":3.30080666262e-16,"dvar2":8.3831300776e-16,"max":4.05932638614e-8,"mean":-1.05618322976e-8,"median":-6.56827747747e-9,"min":-1.71465359244e-7,"var":3.35336876277e-16},"spectral_energy":{"dmean":0.035636536777,"dmean2":0.056250076741,"dvar":0.00486777350307,"dvar2":0.0120229786262,"max":0.672971785069,"mean":0.0851721093059,"median":0.0674372687936,"min":7.18552517834e-12,"var":0.00573843065649},"spectral_energyband_high":{"dmean":0.000341642473359,"dmean2":0.000456859706901,"dvar":2.01622924578e-7,"dvar2":3.98835794613e-7,"max":0.0123262070119,"mean":0.00134348659776,"median":0.000902922998648,"min":5.11781892906e-12,"var":0.00000177675769919},"spectral_energyband_low":{"dmean":0.0286629870534,"dmean2":0.0470054112375,"dvar":0.00415376853198,"dvar2":0.0107265710831,"max":0.623887240887,"mean":0.040502268821,"median":0.025551257655,"min":8.1182443038e-14,"var":0.00376096251421},"spectral_energyband_middle_high":{"dmean":0.00170944945421,"dmean2":0.00238291407004,"dvar":0.00000481782672068,"dvar2":0.00000931170961849,"max":0.0449079610407,"mean":0.00612775050104,"median":0.00504501350224,"min":1.31877961242e-12,"var":0.0000222023172682},"spectral_energyband_middle_low":{"dmean":0.00597164640203,"dmean2":0.00930708926171,"dvar":0.0000668438224238,"dvar2":0.000164911776665,"max":0.209737822413,"mean":0.0162320230156,"median":0.0129221510142,"min":4.01405986358e-13,"var":0.000188553487533},"spectral_entropy":{"dmean":0.131745025516,"dmean2":0.203291714191,"dvar":0.0157002676278,"dvar2":0.0392973385751,"max":9.8062543869,"mean":7.58248186111,"median":7.60948228836,"min":5.9206237793,"var":0.0818738490343},"spectral_flux":{"dmean":0.0427804663777,"dmean2":0.0692611262202,"dvar":0.00442640623078,"dvar2":0.0101772742346,"max":0.76428604126,"mean":0.15093241632,"median":0.129304647446,"min":0.000055534306739,"var":0.00857066456228},"spectral_kurtosis":{"dmean":3.10340762138,"dmean2":4.70933914185,"dvar":12.845038414,"dvar2":30.0854263306,"max":105.865081787,"mean":17.2411937714,"median":16.518119812,"min":-1.1630641222,"var":44.2260627747},"spectral_rms":{"dmean":0.00155899615493,"dmean2":0.00235844007693,"dvar":0.00000534443324796,"dvar2":0.0000121235334518,"max":0.0256233848631,"mean":0.00845325086266,"median":0.0081112543121,"min":8.37273432808e-8,"var":0.000011637355783},"spectral_rolloff":{"dmean":3208.94433594,"dmean2":6194.8359375,"dvar":47454536,"dvar2":113547928,"max":22050,"mean":18240.5546875,"median":21597.8027344,"min":21.533203125,"var":55403556},"spectral_skewness":{"dmean":0.263702899218,"dmean2":0.396074980497,"dvar":0.0823646858335,"dvar2":0.184174180031,"max":7.98826265335,"mean":2.93010282516,"median":2.89183783531,"min":-0.0575150027871,"var":0.371789962053},"spectral_spread":{"dmean":433851.5625,"dmean2":654639,"dvar":303505408000,"dvar2":667384020992,"max":40081116,"mean":4669262.5,"median":4491683.5,"min":1683866.125,"var":1276846931970},"spectral_strongpeak":{"dmean":14.0599508286,"dmean2":24.9024505615,"dvar":1088.33630371,"dvar2":2691.07128906,"max":290.422576904,"mean":14.2247915268,"median":0.505613088608,"min":0,"var":1276.40673828},"zerocrossingrate":{"dmean":0.0495297946036,"dmean2":0.060322266072,"dvar":0.00185911136214,"dvar2":0.00273411674425,"max":0.94580078125,"mean":0.352672725916,"median":0.34130859375,"min":0,"var":0.0157098900527}},"metadata":{"audio_properties":{"analysis_sample_rate":44100,"bit_rate":189501,"codec":"mp3","downmix":"mix","equal_loudness":0,"length":200.569229126,"lossless":false,"md5_encoded":"5c69f06c3f1a2fd6e1d65ff82512b34a","replay_gain":0.376091003418,"sample_rate":44100},"tags":{"acoustid_id":["8b086f77-c0c9-4a3c-906d-bbc275bd3ce4"],"album":["In My Head"],"albumartist":["Black Flag"],"albumartistsort":["Black Flag"],"artist":["Black Flag"],"artists":["Black Flag"],"artistsort":["Black Flag"],"asin":["B000000M0F"],"barcode":["018861004525"],"catalognumber":["SST CD 045"],"date":["1993-05-01"],"file_name":"07 - I Can See You.mp3","label":["SST Records"],"media":["CD"],"musicbrainz album release country":["US"],"musicbrainz album status":["official"],"musicbrainz album type":["album"],"musicbrainz release track id":["af1afb84-c72f-3609-864a-587d3c6e4988"],"musicbrainz_albumartistid":["9941a936-196a-4a62-ae53-a69cbc33f20e"],"musicbrainz_albumid":["d1050ce1-b246-4fd5-9bd1-ec3c56473243"],"musicbrainz_artistid":["9941a936-196a-4a62-ae53-a69cbc33f20e"],"musicbrainz_recordingid":["5ffab760-1c72-4690-982d-a687a878a688"],"musicbrainz_releasegroupid":["46d32ab1-a694-3243-be78-5bcfb5597564"],"musicbrainz_workid":["01a1ff77-fc1a-49ba-939d-e800e4196abf"],"originaldate":["1985"],"performer:background vocals":["Kira Roessler","Henry Rollins"],"performer:bass":["Kira Roessler"],"performer:drums":["Bill Stevenson"],"performer:guitar":["Greg Ginn"],"performer:vocals":["Henry Rollins"],"script":["Latn"],"title":["I Can See You"],"tracknumber":["7/12"],"work":["I Can See You"],"writer":["Greg Ginn"]},"version":{"essentia":"2.1-beta1","essentia_build_sha":"ca57ba49d9b1854bd80e60cf9ccf267278fb7d6b","essentia_git_sha":"v2.1_beta1-28-g21ef5f4-dirty","extractor":"music 1.0"}},"rhythm":{"beats_count":360,"beats_loudness":{"dmean":0.07624245435,"dmean2":0.133744686842,"dvar":0.00354198599234,"dvar2":0.0108347954229,"max":0.426636755466,"mean":0.153709098697,"median":0.143928304315,"min":1.39879867689e-8,"var":0