{"lowlevel":{"average_loudness":0.934719741344,"barkbands":{"dmean":[0.00529064191505,0.0104713821784,0.004013849888,0.00356293236837,0.00314915645868,0.00159439619165,0.000763012038078,0.000437481707195,0.00080612587044,0.000851837045047,0.000686470360961,0.000563889276236,0.00026031199377,0.000243864124059,0.000238078442635,0.000206186756259,0.000176078799996,0.000152635591803,0.000125109887449,0.000069628636993,0.0000508893244842,0.0000261454460997,0.0000110021064756,0.00000665604193273,0.00000292777349387,0.00000754826578486,0.0000902204556041],"dmean2":[0.00888406205922,0.0177952609956,0.00652927206829,0.00565625261515,0.00501850387082,0.00252355495468,0.00121073366608,0.000689934822731,0.00126147898845,0.00136133434717,0.00109807390254,0.000897922087461,0.000412416440668,0.000389956403524,0.000378456606995,0.000321419094689,0.000276971783023,0.000239221379161,0.000192591964151,0.000108028565592,0.0000787994358689,0.0000417809387727,0.0000179336147994,0.0000111049794214,0.00000486991348225,0.0000119607657325,0.000133088993607],"dvar":[0.000103302445496,0.000292674085358,0.0000288539631583,0.0000293463108392,0.000022019374228,0.00000966652442003,0.00000382106100005,0.00000120043239349,0.00000411296605307,0.00000245065143645,0.00000183328302228,9.50729258875e-7,3.40070215543e-7,1.61082340355e-7,1.40833392948e-7,9.52802707843e-8,6.14714110725e-8,6.46435793783e-8,4.30729478751e-8,1.60437885199e-8,1.02777102384e-8,3.402816251e-9,7.95852772573e-10,2.97063040833e-10,2.50621450676e-11,2.7681265613e-10,1.14316387467e-8],"dvar2":[0.000263426627498,0.000804863055237,0.0000776501037763,0.0000690534652676,0.0000553386671527,0.0000210609559872,0.00000891752642929,0.00000258636259787,0.00000952949631028,0.00000587979820921,0.00000452026915809,0.00000225970779866,8.19072909053e-7,3.87274553759e-7,3.28025237195e-7,2.09239587434e-7,1.45781811511e-7,1.62744669296e-7,1.07294816587e-7,3.51876074944e-8,2.41808244539e-8,8.81465922475e-9,2.13496931245e-9,7.91957721624e-10,6.23950474621e-11,6.82192080603e-10,2.4595738779e-8],"max":[0.10904469341,0.181510865688,0.0777357667685,0.102024868131,0.0716403871775,0.0827860459685,0.0409933626652,0.029959321022,0.0584247857332,0.0446789041162,0.0306078884751,0.019503261894,0.0132300844416,0.00804512482136,0.00723988888785,0.00851073395461,0.00462830252945,0.00468750996515,0.00472908420488,0.00351757789031,0.00277167302556,0.00158019270748,0.000578203296755,0.000322500709444,0.0000847757910378,0.000515280058607,0.00620610592887],"mean":[0.00610080221668,0.0141206439584,0.00591999245808,0.005004724022,0.00536109367386,0.00268083601259,0.00123062671628,0.000651788432151,0.00128967803903,0.0014358573826,0.00117150042206,0.000951904745307,0.000424598896643,0.000430583400885,0.000441096432041,0.000339829362929,0.000229795608902,0.000179862341611,0.000217820823309,0.0000868388960953,0.0000657398268231,0.0000311381736537,0.000011884815649,0.00000672352325637,0.0000028938864034,0.00000900741815713,0.000272504170425],"median":[0.00213098526001,0.00783138163388,0.00373142468743,0.00280996086076,0.00335502089001,0.0013949990971,0.00045766774565,0.000249137461651,0.000583813816775,0.000750404840801,0.000568158691749,0.000502715120092,0.000199265676201,0.000254872691585,0.000268474163022,0.000206840530154,0.000129202206153,0.0000871516604093,0.000160790514201,0.0000419845891884,0.0000326597873936,0.0000162737815117,0.00000534068749403,0.00000272063857665,0.00000112994939627,0.00000468172765977,0.000229160999879],"min":[2.92479375771e-25,4.6719514028e-24,5.93727975883e-25,4.22101129368e-25,5.72731870966e-24,5.67264828235e-24,5.90091899034e-24,7.43847713108e-24,1.17783464918e-23,1.46471480364e-23,1.21755632011e-23,2.58424427e-23,2.42147244631e-23,3.60866661458e-23,3.99890316708e-23,4.64277995762e-23,7.31031910396e-23,9.10297837426e-23,1.02442966521e-22,1.7557090255e-22,2.48192882126e-22,3.204581956e-22,3.13520612011e-22,5.84905550367e-22,8.12654717171e-22,1.29739734885e-21,1.94393865909e-21],"var":[0.0001098865323,0.000325237255311,0.0000486687677039,0.0000460246192233,0.0000405859318562,0.000022497275495,0.00000739943425287,0.00000223102688324,0.00000888313206815,0.00000602192312726,0.00000342030307365,0.0000020416496227,6.29973612831e-7,3.35573133725e-7,3.26175069176e-7,2.09441012089e-7,8.06557949318e-8,6.86873207201e-8,5.7509002005e-8,2.28834320382e-8,1.42476324072e-8,3.35557648334e-9,6.4900573804e-10,2.29626664905e-10,2.63761477937e-11,2.63517985211e-10,7.30825249207e-8]},"barkbands_crest":{"dmean":2.68786549568,"dmean2":4.39671850204,"dvar":5.34740686417,"dvar2":14.0172290802,"max":23.5356578827,"mean":9.74107265472,"median":9.0968170166,"min":2.72813463211,"var":12.4115276337},"barkbands_flatness_db":{"dmean":0.0280563011765,"dmean2":0.0435731075704,"dvar":0.000553687510546,"dvar2":0.00132436642889,"max":0.332303136587,"mean":0.14954611659,"median":0.147349447012,"min":0.0326709412038,"var":0.00172866741195},"barkbands_kurtosis":{"dmean":4.77404880524,"dmean2":7.61489725113,"dvar":37.0160064697,"dvar2":89.1624298096,"max":107.206916809,"mean":8.94182300568,"median":6.27265739441,"min":-1.89423191547,"var":87.2968521118},"barkbands_skewness":{"dmean":0.649143338203,"dmean2":1.02982246876,"dvar":0.351882696152,"dvar2":0.876689732075,"max":8.42617416382,"mean":2.32556414604,"median":2.20698547363,"min":-2.1786711216,"var":1.47288060188},"barkbands_spread":{"dmean":5.07908678055,"dmean2":8.05735015869,"dvar":28.8478469849,"dvar2":71.1872177124,"max":138.003753662,"mean":18.1971969604,"median":16.2425804138,"min":1.7406463623,"var":125.003990173},"dissonance":{"dmean":0.0194525830448,"dmean2":0.0328903496265,"dvar":0.000362787803169,"dvar2":0.000989395426586,"max":0.5,"mean":0.467299520969,"median":0.473650336266,"min":0.280441343784,"var":0.000617645273451},"dynamic_complexity":2.57290768623,"erbbands":{"dmean":[0.48394382,1.84805560112,4.09197998047,9.13747406006,11.0574436188,10.112323761,11.6954555511,14.1866436005,12.367562294,9.71647548676,10.7703752518,17.2165317535,19.782491684,31.3705234528,25.9246044159,20.1755828857,12.0127067566,12.000790596,12.3681554794,12.4308958054,10.0435285568,9.63095664978,8.00859737396,7.16115140915,5.98347616196,3.19707322121,2.2834842205,1.76984798908,1.01538515091,0.541734814644,0.269180089235,0.172461509705,0.0885791555047,0.0341835357249,0.0208174549043,0.016432216391,0.0162740908563,0.0128995319828,0.00743327615783,0.00257594371215],"dmean2":[0.837822020054,3.1031806469,6.76031112671,14.3070354462,17.9862499237,16.136932373,18.7071170807,22.2230014801,19.6282367706,15.1481895447,17.0598659515,26.7345371246,31.7382392883,49.1209068298,41.3084182739,31.7393321991,18.8364257812,19.0294036865,19.5131378174,19.2652931213,15.6924695969,15.0384931564,12.4439411163,11.3719644547,9.07434844971,4.93441390991,3.52241802216,2.7418115139,1.61120688915,0.880434453487,0.43425565958,0.286484926939,0.146691918373,0.0567149072886,0.0345482937992,0.0269448142499,0.0259542334825,0.0192315224558,0.010588365607,0.00383775052615],"dvar":[0.869303941727,6.94284486771,31.1924858093,184.053756714,263.070404053,357.170684814,410.807189941,952.203979492,990.418945312,736.615112305,829.515258789,2284.13696289,2043.48681641,3274.37182617,2094.58349609,1352.48693848,743.857055664,394.626373291,464.129943848,470.239654541,202.702896118,179.662399292,136.79473877,243.036117554,91.2606658936,34.7424087524,19.5767688751,12.5011539459,6.07013177872,1.96260046959,0.413882374763,0.213725507259,0.0441621020436,0.00331015093252,0.00124484696425,0.00101890380029,0.00146587623749,0.000574156001676,0.0001017340619,0.00000802621525509],"dvar2":[2.4400510788,18.9476089478,90.3134841919,424.526306152,698.172241211,858.747131348,1000.82104492,1943.66699219,2458.91674805,1359.63366699,1886.91357422,5065.91015625,5198.86035156,7391.43212891,5068.49023438,3035.94873047,1781.55151367,941.562316895,1096.01403809,903.072570801,482.834136963,423.585540771,322.918945312,654.944824219,220.51071167,74.8794021606,44.6996536255,29.4129238129,16.0775508881,5.18396663666,1.08744132519,0.57061868906,0.117686621845,0.00823552999645,0.0030950573273,0.00262133451179,0.00365376006812,0.00133835431188,0.000215688400203,0.0000172299878614],"max":[8.2133398056,31.9895439148,77.0545425415,249.180099487,237.331848145,345.369445801,562.419433594,1001.0927124,653.99822998,1013.43310547,961.46282959,1579.64147949,981.246826172,1786.4942627,1007.97412109,814.380432129,689.358764648,454.052124023,520.979797363,882.005310059,271.903106689,227.723861694,179.946182251,407.100341797,233.840942383,178.239959717,131.01234436,95.2358169556,81.5620117188,29.75116539,15.1422176361,8.49642562866,4.01396942139,0.958889603615,0.597064614296,1.10116517544,1.17645871639,0.56420725584,0.341335535049,0.152400359511],"mean":[0.559476256371,2.63054132462,6.34927892685,13.8774337769,17.1644229889,15.925702095,18.883731842,23.3185138702,20.1324825287,15.6386709213,16.950504303,27.9148693085,34.1032371521,57.8028831482,48.4323196411,36.4619483948,21.1740722656,22.399066925,22.8014240265,23.4415225983,16.3763046265,12.8047409058,9.85510635376,9.16361522675,11.0782852173,4.19774103165,2.9530184269,2.29367399216,1.23193120956,0.597306251526,0.299050033092,0.175702720881,0.0906540229917,0.0347166284919,0.0210305359215,0.018164081499,0.0190359633416,0.0185519326478,0.0158117804676,0.0115407733247],"median":[0.244508713484,1.51119947433,4.17457103729,8.12865543365,10.3075532913,8.91530418396,11.3269844055,10.24243927,7.11268234253,6.31733942032,6.81533288956,12.3149642944,16.5647468567,28.723859787,29.9305267334,20.1763248444,10.769156456,13.6608390808,13.3462877274,14.3804321289,10.4416761398,7.27104759216,5.08055257797,5.25593280792,8.3299369812,2.19563150406,1.44736850262,1.20099020004,0.64164185524,0.271777719259,0.13649982214,0.0711057782173,0.0385852269828,0.0146140474826,0.00856467615813,0.00905241817236,0.00936475209892,0.0108196204528,0.0110381040722,0.010799665004],"min":[9.68041004184e-23,3.05418442535e-22,1.28589628696e-21,4.88196423753e-21,7.66318052486e-21,1.27593239565e-20,3.50157444015e-20,6.9455073163e-20,8.41981781768e-20,1.60830083592e-19,2.60667099988e-19,3.62286005596e-19,5.20875114737e-19,7.28154168533e-19,1.00250226717e-18,1.57451399756e-18,1.38158280508e-18,1.95926620275e-18,2.71360177504e-18,2.17608637132e-18,2.78115927003e-18,4.83847346553e-18,5.89418671054e-18,5.42373518177e-18,5.09587180623e-18,8.08820180805e-18,8.43647793315e-18,1.05334750846e-17,9.92017939018e-18,1.01180128686e-17,1.01917651192e-17,1.08492272952e-17,9.31324636907e-18,8.42380635335e-18,5.9655297976e-18,3.8468791257e-18,2.41136631603e-18,9.94273991421e-19,2.40926563917e-19,2.47690187141e-20],"var":[0.772984027863,10.0228319168,51.0346870422,309.363098145,439.70223999,578.813293457,707.527526855,2479.38330078,1847.44238281,1803.16748047,1462.01879883,4967.64892578,3764.27319336,9664.94042969,4072.56518555,3042.68188477,1397.12390137,854.401672363,1059.0625,1399.79089355,387.152313232,238.060241699,170.45413208,207.73374939,140.268814087,50.7582969666,27.9649066925,17.0922012329,5.63789081573,1.70392334461,0.363430857658,0.164760023355,0.0353382192552,0.00349539611489,0.00132105778903,0.000943509454373,0.00133729842491,0.000714053283446,0.000342282437487,0.0000591218522459]},"erbbands_crest":{"dmean":2.58318376541,"dmean2":4.13129091263,"dvar":5.84891653061,"dvar2":13.9842290878,"max":27.89503479,"mean":8.3183927536,"median":7.34522533417,"min":2.44630694389,"var":16.0072059631},"erbbands_flatness_db":{"dmean":0.0223530419171,"dmean2":0.0331269726157,"dvar":0.000334507058142,"dvar2":0.000742922828067,"max":0.290605962276,"mean":0.14520534873,"median":0.14350771904,"min":0.0397367961705,"var":0.00109846878331},"erbbands_kurtosis":{"dmean":0.775858461857,"dmean2":1.21081340313,"dvar":0.904245257378,"dvar2":1.992410779,"max":22.8983917236,"mean":0.244233012199,"median":-0.125990986824,"min":-1.67966413498,"var":2.26558685303},"erbbands_skewness":{"dmean":0.308275878429,"dmean2":0.482603490353,"dvar":0.0770994648337,"dvar2":0.176613688469,"max":3.28787183762,"mean":0.0244444161654,"median":-0.0325171276927,"min":-2.89373421669,"var":0.347515314817},"erbbands_spread":{"dmean":7.20439291,"dmean2":10.9427719116,"dvar":39.8467674255,"dvar2":87.0129394531,"max":106.539169312,"mean":32.2098083496,"median":31.1012916565,"min":3.45242166519,"var":147.73991394},"gfcc":{"cov":[[36631.0703125,3319.41967773,-2671.52539062,-104.970092773,38.9713439941,-524.164794922,370.501159668,-357.724182129,-99.5466308594,-359.136383057,-135.386062622,-107.139022827,-23.2677192688],[3319.41967773,901.096618652,-192.148101807,-170.891052246,77.9037017822,-103.947250366,110.225753784,-87.9494247437,4.03486871719,-64.8998260498,12.7966604233,-38.5649337769,49.207901001],[-2671.52539062,-192.148101807,420.428924561,27.8242473602,-56.5257873535,104.058433533,-74.4752197266,96.5132522583,-7.78864574432,54.8980026245,21.6935348511,9.16980171204,12.1219110489],[-104.970092773,-170.891052246,27.8242473602,222.651229858,38.7301101685,-12.3804769516,21.6747360229,10.481180191,23.8142871857,18.908246994,-0.137069299817,33.4348258972,-33.4720115662],[38.9713439941,77.9037017822,-56.5257873535,38.7301101685,178.527328491,25.4278869629,68.0904159546,-42.5787506104,10.0396461487,-22.4197101593,7.53153038025,-1.49098420143,14.246887207],[-524.164794922,-103.947250366,104.058433533,-12.3804769516,25.4278869629,189.5493927,-27.9967937469,40.4766349792,-22.1612644196,28.6759624481,4.41198062897,4.10744571686,25.0144176483],[370.501159668,110.225753784,-74.4752197266,21.6747360229,68.0904159546,-27.9967937469,151.960784912,-14.536904335,26.4496078491,-29.8197288513,1.97688853741,17.1656131744,3.47411966324],[-357.724182129,-87.9494247437,96.5132522583,10.481180191,-42.5787506104,40.4766349792,-14.536904335,123.711296082,21.2582302094,37.400604248,14.3909492493,2.45356917381,11.7179050446],[-99.5466308594,4.03486871719,-7.78864574432,23.8142871857,10.0396461487,-22.1612644196,26.4496078491,21.2582302094,101.198608398,46.084903717,12.5424365997,20.0998420715,-1.16739153862],[-359.136383057,-64.8998260498,54.8980026245,18.908246994,-22.4197101593,28.6759624481,-29.8197288513,37.400604248,46.084903717,97.1334838867,46.8389549255,17.2205238342,4.19077920914],[-135.386062622,12.7966604233,21.6935348511,-0.137069299817,7.53153038025,4.41198062897,1.97688853741,14.3909492493,12.5424365997,46.8389549255,67.8939666748,25.7557296753,9.77720451355],[-107.139022827,-38.5649337769,9.16980171204,33.4348258972,-1.49098420143,4.10744571686,17.1656131744,2.45356917381,20.0998420715,17.2205238342,25.7557296753,60.5593833923,19.1505489349],[-23.2677192688,49.207901001,12.1219110489,-33.4720115662,14.246887207,25.0144176483,3.47411966324,11.7179050446,-1.16739153862,4.19077920914,9.77720451355,19.1505489349,62.1758460999]],"icov":[[0.000139279407449,-0.000621264625806,0.000976100971457,-0.000617106969003,0.000476198998513,-0.00044403001084,0.00030956682167,-0.000488867226522,0.000273770769127,0.0000270282616839,0.000129677413497,-0.000202863026061,0.00021106316126],[-0.000621264625806,0.00470406748354,-0.00415540393442,0.00367662101053,-0.00214438093826,0.0026415118482,-0.00245477305725,0.00314752943814,-0.00197635986842,0.000866528891493,-0.0023298820015,0.00314710009843,-0.00289186812006],[0.000976100971457,-0.00415540393442,0.0103911720216,-0.00501332012936,0.00409200275317,-0.0045440425165,0.00310820993036,-0.00506694987416,0.0020059668459,0.000396959425416,-0.000179771188414,-0.000993060762994,0.000946043932345],[-0.000617106969003,0.00367662101053,-0.00501332012936,0.011662456207,-0.00715051637962,0.00482353195548,-0.00187919463497,-0.000279185886029,0.00171936815605,-0.00524603249505,0.00569029385224,-0.00773660233244,0.00584457442164],[0.000476198998513,-0.00214438093826,0.00409200275317,-0.00715051637962,0.0141531657428,-0.00654420116916,-0.00221609603614,0.0039721080102,-0.00477757584304,0.0075548752211,-0.00882712285966,0.00916653778404,-0.00604104809463],[-0.00044403001084,0.0026415118482,-0.0045440425165,0.00482353195548,-0.00654420116916,0.0110471928492,-0.000829150725622,-0.00143894483335,0.00480497768149,-0.00720713520423,0.00594601826742,-0.00355968950316,-0.000664152845275],[0.00030956682167,-0.00245477305725,0.00310820993036,-0.00187919463497,-0.00221609603614,-0.000829150725622,0.0118547091261,-0.00336737534963,-0.00254609272815,0.00515412492678,-0.000911995652132,-0.00467607425526,0.00244307820685],[-0.000488867226522,0.00314752943814,-0.00506694987416,-0.000279185886029,0.0039721080102,-0.00143894483335,-0.00336737534963,0.015984268859,-0.00608635786921,0.00195983517915,-0.00616869563237,0.00886241998523,-0.00699801091105],[0.000273770769127,-0.00197635986842,0.0020059668459,0.00171936815605,-0.00477757584304,0.00480497768149,-0.00254609272815,-0.00608635786921,0.0223726220429,-0.0182400438935,0.0138280242682,-0.0114059057087,0.00564015330747],[0.0000270282616839,0.000866528891493,0.000396959425416,-0.00524603249505,0.0075548752211,-0.00720713520423,0.00515412492678,0.00195983517915,-0.0182400438935,0.0359587483108,-0.0260993670672,0.0111296288669,-0.00515616359189],[0.000129677413497,-0.0023298820015,-0.000179771188414,0.00569029385224,-0.00882712285966,0.00594601826742,-0.000911995652132,-0.00616869563237,0.0138280242682,-0.0260993670672,0.039710752666,-0.0211018826813,0.00810858234763],[-0.000202863026061,0.00314710009843,-0.000993060762994,-0.00773660233244,0.00916653778404,-0.00355968950316,-0.00467607425526,0.00886241998523,-0.0114059057087,0.0111296288669,-0.0211018826813,0.0394289642572,-0.0184056181461],[0.00021106316126,-0.00289186812006,0.000946043932345,0.00584457442164,-0.00604104809463,-0.000664152845275,0.00244307820685,-0.00699801091105,0.00564015330747,-0.00515616359189,0.00810858234763,-0.0184056181461,0.0290942657739]],"mean":[-21.5855293274,111.186431885,-87.9320907593,2.42918372154,-7.42753982544,-14.0956954956,0.938165068626,-16.4187831879,-10.3500299454,-14.4048032761,-7.34701776505,-3.31358933449,-2.1523501873]},"hfc":{"dmean":32.0563583374,"dmean2":49.7011642456,"dvar":1030.46923828,"dvar2":2487.36254883,"max":615.972473145,"mean":134.945922852,"median":132.392791748,"min":1.0938088496e-16,"var":4309.36230469},"melbands":{"dmean":[0.00364507106133,0.00212493306026,0.00151003780775,0.000749606580939,0.000405065802624,0.000312067102641,0.000176481931703,0.000100442790426,0.0000977756790235,0.000112330162665,0.00010014102736,0.00013140172814,0.0000922219187487,0.0000739543247619,0.000033666510717,0.0000237545937125,0.0000237983276747,0.0000209085446841,0.0000160268573381,0.0000166451118275,0.0000118733178169,0.0000108112699309,0.00000827783424029,0.00000699502925272,0.00000588231068832,0.00000568526911593,0.00000301805243907,0.00000197960275727,0.0000014166927258,0.00000138816892559,9.27194605538e-7,6.43180044335e-7,3.84919246699e-7,2.74976457604e-7,1.67596212464e-7,1.10457435198e-7,1.05498592973e-7,6.86584087362e-8,3.7095215788e-8,2.68737228026e-8],"dmean2":[0.00622416799888,0.00352469482459,0.0023672466632,0.00120640464593,0.000641787424684,0.000487679906655,0.000278556603007,0.000157476984896,0.000155089306645,0.000174911139766,0.000161332980497,0.00020671535458,0.0001481124782,0.000116821160191,0.0000528907548869,0.0000373584844056,0.0000381118843507,0.0000332468589477,0.0000253074667853,0.000026055615308,0.0000188486046682,0.0000171061983565,0.0000130909083964,0.0000110118471639,0.0000094545976026,0.00000856146289152,0.00000477939465782,0.00000308345192934,0.00000219063099394,0.00000220723086386,0.0000014380087805,0.00000102927617718,6.27255474228e-7,4.54276090522e-7,2.73093064607e-7,1.78832735287e-7,1.77343991936e-7,1.13737755214e-7,6.19360349674e-8,4.47331096609e-8],"dvar":[0.0000437288326793,0.00000738097196518,0.00000451992036687,0.00000130688908939,4.71876262509e-7,4.2364453634e-7,1.93475614196e-7,7.22989668134e-8,7.56669109592e-8,8.5559079821e-8,5.19375582542e-8,5.74412091225e-8,3.01658289459e-8,1.66704641202e-8,4.62048577177e-9,2.36972663714e-9,1.67720293209e-9,1.47088152769e-9,5.91938442707e-10,7.49212525353e-10,2.96155766577e-10,2.37742409093e-10,1.51357579248e-10,1.35830124925e-10,1.83304593726e-10,7.43232766998e-11,3.1059918526e-11,1.43689071058e-11,7.49942122291e-12,8.98385879577e-12,3.18302849356e-12,2.26196730617e-12,1.01844867175e-12,6.39364646296e-13,1.81978686135e-13,6.24202905618e-14,1.01967425389e-13,2.93112769841e-14,5.01806119579e-15,2.13080921112e-15],"dvar2":[0.000120937278552,0.0000213179500861,0.0000106470461105,0.00000333340472025,0.00000111149449822,8.86378700216e-7,4.7827046501e-7,1.35027676151e-7,1.77398135293e-7,1.95142249027e-7,1.32033179057e-7,1.30414690602e-7,7.49351229956e-8,4.00593442862e-8,1.08026227963e-8,5.76167114019e-9,4.05758449062e-9,3.47568951398e-9,1.27165766806e-9,1.55903367993e-9,7.20791759612e-10,5.72641045693e-10,3.66425473297e-10,3.40985850666e-10,4.99891184003e-10,1.81089795936e-10,7.33436783529e-11,3.10659102609e-11,1.68429749314e-11,2.25451393665e-11,7.25538249272e-12,6.00661100719e-12,2.6828630463e-12,1.73741327315e-12,4.85258914214e-13,1.61152246604e-13,2.77020810804e-13,7.76794264763e-14,1.3150723525e-14,5.30669910751e-15],"max":[0.0637697502971,0.0303321480751,0.0368516333401,0.0187115799636,0.0152731668204,0.0195589046925,0.00871570594609,0.00991723500192,0.00935872737318,0.00893237628043,0.00469989376143,0.00767040718347,0.00384278595448,0.00279436772689,0.00134866463486,0.00130010629073,0.000945670064539,0.000970373570453,0.000636462820694,0.000968694395851,0.000305926485453,0.000239832574152,0.000228728531511,0.00021309927979,0.000367714528693,0.000193069674424,0.000121449244034,0.0001235067175,0.000081869897258,0.0000597132493567,0.0000522166810697,0.0000479941809317,0.0000259765347437,0.0000197266308533,0.0000103679976746,0.00000552956271349,0.00000584020381211,0.0000028869903872,0.0000015497782897,7.82173060543e-7],"mean":[0.00480565940961,0.00343882711604,0.00247600371949,0.00121259386651,0.000671358080581,0.000524756324012,0.000292307551717,0.000158549504704,0.000147925762576,0.000180151982931,0.000167490739841,0.000231765443459,0.000162156240549,0.000127083723783,0.0000574488076381,0.0000402840996685,0.0000415565045842,0.0000362790779036,0.0000298657032545,0.000028678579838,0.0000174049437192,0.0000138042987601,0.0000101262676253,0.00000809066659713,0.00000663963874104,0.0000106310126284,0.00000411558312408,0.00000241323164119,0.00000181814118605,0.00000167805626461,0.00000120322226849,7.60735019867e-7,4.34684352513e-7,2.88032282469e-7,1.82304674468e-7,1.2058161758e-7,1.0148608709e-7,6.97650861525e-8,3.76463908935e-8,2.63476831464e-8],"median":[0.00258310930803,0.00241400208324,0.00159623567015,0.000731847132556,0.0003965467331,0.000239732529735,0.000107663472591,0.0000651393056614,0.0000589045375818,0.0000816343454062,0.0000784367730375,0.000109938780952,0.0000925352796912,0.0000698730946169,0.0000278344559774,0.0000204950392799,0.0000244223156187,0.0000198622765311,0.000019277958927,0.0000171108476934,0.0000102502981463,0.00000762874879001,0.00000526700569026,0.00000391140838474,0.00000312956490234,0.00000781216658652,0.00000243036151915,0.00000115231989639,8.79371214069e-7,7.72810494709e-7,6.25247650987e-7,3.90757861624e-7,1.97863982976e-7,1.23516144868e-7,8.11827760572e-8,5.28946415557e-8,3.80711000503e-8,2.88464754306e-8,1.63350577509e-8,1.0047349619e-8],"min":[1.65432986789e-24,5.23816016322e-25,1.12388441243e-24,1.02549225691e-24,1.06884026226e-24,1.33922963449e-24,1.37636161312e-24,1.99551516762e-24,1.95979041824e-24,1.95941294829e-24,2.10774206987e-24,2.55606868282e-24,2.68402192165e-24,2.29903235913e-24,3.10608045252e-24,2.4597592187e-24,3.38479546275e-24,2.98072493266e-24,2.85811050722e-24,2.29337366265e-24,2.36629399257e-24,4.11781448221e-24,3.7796992319e-24,3.70277661617e-24,3.50995968384e-24,3.0825613535e-24,3.75198339286e-24,4.30786211833e-24,4.68579038966e-24,4.86530831042e-24,5.47023564597e-24,5.05620515531e-24,4.71547285894e-24,2.91657358055e-24,3.94143465013e-24,5.1588051935e-24,6.14160124138e-24,5.48042181241e-24,5.62508194191e-24,5.94087873949e-24],"var":[0.0000434522844444,0.000012161613995,0.00000798550718173,0.00000222043672693,9.17747058793e-7,0.00000109610505206,3.73011175725e-7,1.73996795638e-7,1.25113942318e-7,1.83967785006e-7,9.4075232937e-8,1.6705845951e-7,5.24816492486e-8,3.50558053697e-8,9.30889143547e-9,4.57791360375e-9,3.34932725998e-9,3.25554871949e-9,1.44436529403e-9,1.94343985349e-9,4.9914705702e-10,3.01660862956e-10,1.78484407809e-10,1.461721022e-10,1.45991635447e-10,1.21320634094e-10,3.94257855529e-11,2.04663092029e-11,1.09050763211e-11,1.03971180623e-11,4.67171570526e-12,2.08305399839e-12,9.11284285879e-13,4.9407011685e-13,1.51517009659e-13,5.69711920868e-14,7.28112570778e-14,2.33569623197e-14,4.50319052474e-15,2.23391916707e-15]},"melbands_crest":{"dmean":4.19208574295,"dmean2":6.94831085205,"dvar":14.2686309814,"dvar2":39.9872779846,"max":36.3208694458,"mean":15.8641891479,"median":15.0678710938,"min":1.60710322857,"var":32.033946991},"melbands_flatness_db":{"dmean":0.0354053601623,"dmean2":0.0547474697232,"dvar":0.000876388279721,"dvar2":0.00208357861266,"max":0.487199723721,"mean":0.263827323914,"median":0.265607237816,"min":0.00270973960869,"var":0.00392305012792},"melbands_kurtosis":{"dmean":7.31480932236,"dmean2":11.7845058441,"dvar":85.7452545166,"dvar2":217.472183228,"max":128.839050293,"mean":13.3161869049,"median":9.171833992,"min":-1.65378034115,"var":199.536651611},"melbands_skewness":{"dmean":0.80620354414,"dmean2":1.27912759781,"dvar":0.571431338787,"dvar2":1.42657494545,"max":9.43490982056,"mean":2.90792608261,"median":2.76394033432,"min":-0.621442437172,"var":1.91335940361},"melbands_spread":{"dmean":4.84746360779,"dmean2":7.76537370682,"dvar":31.2776165009,"dvar2":80.5707244873,"max":198.05581665,"mean":16.098110199,"median":12.3361263275,"min":1.24163937569,"var":331.714385986},"mfcc":{"cov":[[11766.9238281,2580.94677734,-782.723571777,753.766906738,-146.120559692,264.2628479,-16.1520214081,169.980056763,-32.5504074097,78.9817276001,-33.1963615417,-2.41095614433,1.49247741699],[2580.94677734,1563.93322754,-159.94418335,108.299827576,-18.7754096985,80.7309494019,70.0756454468,23.5928192139,33.663192749,-15.1227426529,-16.8651199341,-57.8640937805,28.7344932556],[-782.723571777,-159.94418335,350.597961426,-108.557243347,43.7279396057,-67.561126709,12.5983123779,-20.1276054382,18.080160141,-1.95790147781,21.1751937866,24.1497707367,6.12184715271],[753.766906738,108.299827576,-108.557243347,292.544586182,-27.126373291,31.8050460815,-17.1093387604,47.3394927979,-7.75228881836,7.39397096634,11.0445413589,18.741859436,-9.32564353943],[-146.120559692,-18.7754096985,43.7279396057,-27.126373291,133.860565186,37.1682853699,31.4214248657,-8.08988952637,7.69429445267,7.167096138,0.504164040089,-2.42012786865,7.44170475006],[264.2628479,80.7309494019,-67.561126709,31.8050460815,37.1682853699,143.173156738,37.0480079651,21.8194084167,2.27433013916,-1.95464670658,-14.8255376816,2.93601131439,-2.04789590836],[-16.1520214081,70.0756454468,12.5983123779,-17.1093387604,31.4214248657,37.0480079651,107.228233337,28.2912807465,7.1251912117,-15.899772644,-7.3290772438,-18.1554660797,10.0911493301],[169.980056763,23.5928192139,-20.1276054382,47.3394927979,-8.08988952637,21.8194084167,28.2912807465,82.2127227783,25.3017444611,4.11609792709,-16.8854522705,-1.72592890263,-4.49592494965],[-32.5504074097,33.663192749,18.080160141,-7.75228881836,7.69429445267,2.27433013916,7.1251912117,25.3017444611,68.5020294189,12.6186599731,3.42021727562,-1.32488143444,1.96349692345],[78.9817276001,-15.1227426529,-1.95790147781,7.39397096634,7.167096138,-1.95464670658,-15.899772644,4.11609792709,12.6186599731,70.2488098145,21.2298469543,3.17712068558,3.89387893677],[-33.1963615417,-16.8651199341,21.1751937866,11.0445413589,0.504164040089,-14.8255376816,-7.3290772438,-16.8854522705,3.42021727562,21.2298469543,71.2230911255,30.75299263,12.211523056],[-2.41095614433,-57.8640937805,24.1497707367,18.741859436,-2.42012786865,2.93601131439,-18.1554660797,-1.72592890263,-1.32488143444,3.17712068558,30.75299263,69.5441741943,16.276473999],[1.49247741699,28.7344932556,6.12184715271,-9.32564353943,7.44170475006,-2.04789590836,10.0911493301,-4.49592494965,1.96349692345,3.89387893677,12.211523056,16.276473999,58.9801864624]],"icov":[[0.000178837537533,-0.00028009378002,0.000174860993866,-0.000223787268624,0.0000174120978045,-0.0000312808842864,0.000102916201286,-0.000176579647814,0.000241428526351,-0.000278515130049,0.00013134231267,-0.000267236348009,0.000100952165667],[-0.00028009378002,0.00120222277474,-0.0000843790403451,0.0000247745556408,0.000227132550208,-0.000260903674643,-0.000570991891436,0.000678062904626,-0.000963177764788,0.000617773563135,-0.000289439834887,0.0011499337852,-0.000720418465789],[0.000174860993866,-0.0000843790403451,0.00435798801482,0.000893764197826,-0.00148351513781,0.00232350174338,-0.00113651424181,0.0000925597705645,-0.000820740009658,-0.0000214539304579,-0.0000108234571599,-0.00248580123298,0.000912000483368],[-0.000223787268624,0.0000247745556408,0.000893764197826,0.00516527844593,-0.000103794576717,-0.000325848755892,0.00143334281165,-0.0035577302333,0.00136922230013,0.00062547752168,-0.00201248726808,-0.000674260139931,0.000718750292435],[0.0000174120978045,0.000227132550208,-0.00148351513781,-0.000103794576717,0.00982659868896,-0.00312815816142,-0.00249631376937,0.0028120179195,-0.00117083813529,-0.00180069741327,0.000696406466886,0.000569718598854,-0.000824084738269],[-0.0000312808842864,-0.000260903674643,0.00232350174338,-0.000325848755892,-0.00312815816142,0.0105240540579,-0.00356894452125,-0.000309829280013,-0.000164863580721,-0.000814243510831,0.00273753516376,-0.0040241247043,0.00178529252298],[0.000102916201286,-0.000570991891436,-0.00113651424181,0.00143334281165,-0.00249631376937,-0.00356894452125,0.0156953707337,-0.00766530632973,0.00197734381072,0.00463361572474,-0.00440087588504,0.00612473115325,-0.00360924378037],[-0.000176579647814,0.000678062904626,0.0000925597705645,-0.0035577302333,0.0028120179195,-0.000309829280013,-0.00766530632973,0.0216567851603,-0.0082348883152,-0.00329533801414,0.00750603200868,-0.00357331242412,0.00162249384448],[0.000241428526351,-0.000963177764788,-0.000820740009658,0.00136922230013,-0.00117083813529,-0.000164863580721,0.00197734381072,-0.0082348883152,0.0191099029034,-0.00231276080012,-0.00248305825517,0.00104282191023,-0.000316385034239],[-0.000278515130049,0.000617773563135,-0.0000214539304579,0.00062547752168,-0.00180069741327,-0.000814243510831,0.00463361572474,-0.00329533801414,-0.00231276080012,0.0186108667403,-0.00751545652747,0.00429780455306,-0.00181956088636],[0.00013134231267,-0.000289439834887,-0.0000108234571599,-0.00201248726808,0.000696406466886,0.00273753516376,-0.00440087588504,0.00750603200868,-0.00248305825517,-0.00751545652747,0.0232390873134,-0.0106945335865,-0.000128449988551],[-0.000267236348009,0.0011499337852,-0.00248580123298,-0.000674260139931,0.000569718598854,-0.0040241247043,0.00612473115325,-0.00357331242412,0.00104282191023,0.00429780455306,-0.0106945335865,0.0241962503642,-0.00671550165862],[0.000100952165667,-0.000720418465789,0.000912000483368,0.000718750292435,-0.000824084738269,0.00178529252298,-0.00360924378037,0.00162249384448,-0.000316385034239,-0.00181956088636,-0.000128449988551,-0.00671550165862,0.0202399194241]],"mean":[-670.72442627,169.645492554,-16.9651927948,33.419757843,3.32316207886,16.4301185608,8.52987098694,10.0399532318,2.16869449615,0.360901743174,-6.27773857117,-4.93861722946,-0.818812251091]},"pitch_salience":{"dmean":0.0787583738565,"dmean2":0.130258947611,"dvar":0.00483872788027,"dvar2":0.013392762281,"max":0.891482234001,"mean":0.564852774143,"median":0.577658176422,"min":0.185049086809,"var":0.0112177673727},"silence_rate_20dB":{"dmean":0,"dmean2":0,"dvar":0,"dvar2":0,"max":1,"mean":1,"median":1,"min":1,"var":0},"silence_rate_30dB":{"dmean":0.0749841704965,"dmean2":0.149987325072,"dvar":0.069356225431,"dvar2":0.166507050395,"max":1,"mean":0.930977702141,"median":1,"min":0,"var":0.0642560124397},"silence_rate_60dB":{"dmean":0.00101329956669,"dmean2":0.00202685594559,"dvar":0.00101229711436,"dvar2":0.00202268036082,"max":1,"mean":0.0582573451102,"median":0,"min":0,"var":0.054863628},"spectral_centroid":{"dmean":231.691467285,"dmean2":358.841156006,"dvar":77275.4140625,"dvar2":165201.71875,"max":11709.6816406,"mean":1070.09240723,"median":842.102233887,"min":201.369491577,"var":1722579.25},"spectral_complexity":{"dmean":4.78860044479,"dmean2":7.04560422897,"dvar":23.0034351349,"dvar2":46.5103530884,"max":51,"mean":20.028875351,"median":19,"min":0,"var":77.2417221069},"spectral_contrast_coeffs":{"dmean":[0.0561843439937,0.0493610315025,0.0379638336599,0.0275474060327,0.0210706107318,0.0471703000367],"dmean2":[0.0916394367814,0.08179949224,0.062062907964,0.0453713051975,0.0345952138305,0.0725062638521],"dvar":[0.00207272567786,0.00147921452299,0.0009022129816,0.000495511456393,0.000300965068163,0.00151428126264],"dvar2":[0.00543274311349,0.00408543087542,0.00241653784178,0.0013005877845,0.000799514178652,0.00350449513644],"max":[-0.373556494713,-0.472409546375,-0.54290163517,-0.600060343742,-0.701693177223,-0.517882227898],"mean":[-0.661151528358,-0.761680066586,-0.784717440605,-0.80976831913,-0.812550544739,-0.75090521574],"median":[-0.66026866436,-0.763319015503,-0.785047113895,-0.810887217522,-0.808512091637,-0.751062572002],"min":[-0.980348706245,-0.978397607803,-0.981241881847,-0.971059858799,-0.966695427895,-0.965715706348],"var":[0.00785273406655,0.00432598078623,0.0033296495676,0.0021184918005,0.00125318742357,0.00472419476137]},"spectral_contrast_valleys":{"dmean":[0.405037909746,0.365701198578,0.281601637602,0.302250415087,0.42277559638,0.598019719124],"dmean2":[0.663375377655,0.594117939472,0.449819356203,0.453935265541,0.579927384853,0.942743778229],"dvar":[0.13172082603,0.100925855339,0.0724438801408,0.0834579765797,0.147274464369,0.262002080679],"dvar2":[0.294501334429,0.223331287503,0.143748819828,0.153909921646,0.258830308914,0.682601571083],"max":[-4.8869934082,-4.60151100159,-5.03626775742,-5.92101764679,-5.53525924683,-8.8059463501],"mean":[-6.90790510178,-6.93699598312,-7.11851453781,-7.74268817902,-8.01938438416,-11.3942327499],"median":[-6.3427362442,-6.425740242,-6.56281757355,-7.19959449768,-7.52288103104,-11.0076112747],"min":[-28.203496933,-27.9943618774,-27.8046131134,-27.6485233307,-27.4726314545,-27.3791713715],"var":[8.36982917786,8.33082389832,8.22423267365,7.74355697632,7.46019363403,5.24769020081]},"spectral_decrease":{"dmean":5.23761078952e-9,"dmean2":8.45818881601e-9,"dvar":4.88838231769e-17,"dvar2":1.26562193906e-16,"max":7.2218758751e-10,"mean":-1.10449791535e-8,"median":-9.04740460328e-9,"min":-7.41110923741e-8,"var":8.05136778624e-17},"spectral_energy":{"dmean":0.0203455295414,"dmean2":0.0326157957315,"dvar":0.00071367144119,"dvar2":0.00183078518603,"max":0.29115229845,"mean":0.0539263263345,"median":0.0471002012491,"min":1.00711606413e-20,"var":0.0012838189723},"spectral_energyband_high":{"dmean":0.000178488946403,"dmean2":0.000263963011093,"dvar":7.68305810084e-8,"dvar2":1.77351950015e-7,"max":0.00494811218232,"mean":0.000333897507517,"median":0.000232262667851,"min":7.09191860784e-21,"var":1.46101285736e-7},"spectral_energyband_low":{"dmean":0.0163490921259,"dmean2":0.027174865827,"dvar":0.000558324274607,"dvar2":0.00151568721049,"max":0.235944792628,"mean":0.0272848401219,"median":0.0200854428113,"min":1.84892650986e-23,"var":0.000706718012225},"spectral_energyband_middle_high":{"dmean":0.00204052799381,"dmean2":0.00305015873164,"dvar":0.00000644647252557,"dvar2":0.0000148573071783,"max":0.0541689582169,"mean":0.00567930983379,"median":0.00461036060005,"min":1.19294176465e-21,"var":0.0000238603679463},"spectral_energyband_middle_low":{"dmean":0.00671388674527,"dmean2":0.0103200618178,"dvar":0.0000811400386738,"dvar2":0.000188170626643,"max":0.167524561286,"mean":0.0165348742157,"median":0.0119908973575,"min":1.75705576884e-22,"var":0.000230443503824},"spectral_entropy":{"dmean":0.216584384441,"dmean2":0.314125150442,"dvar":0.0349609702826,"dvar2":0.0705736353993,"max":9.82758235931,"mean":7.42069625854,"median":7.41811704636,"min":5.68429660797,"var":0.197574689984},"spectral_flux":{"dmean":0.0338348373771,"dmean2":0.054839272052,"dvar":0.00167431822047,"dvar2":0.00386772025377,"max":0.452511578798,"mean":0.120976395905,"median":0.113260790706,"min":6.37819311256e-11,"var":0.00374360778369},"spectral_kurtosis":{"dmean":4.92617511749,"dmean2":7.44547748566,"dvar":24.4812774658,"dvar2":58.4121551514,"max":107.640609741,"mean":17.3816413879,"median":16.4022674561,"min":-1.26617991924,"var":51.9653053284},"spectral_rms":{"dmean":0.00125945499167,"dmean2":0.00196720077656,"dvar":0.00000196796872842,"dvar2":0.00000483480516777,"max":0.016853813082,"mean":0.00676859822124,"median":0.00677874777466,"min":3.13456899326e-12,"var":0.00000679701315676},"spectral_rolloff":{"dmean":4412.92578125,"dmean2":8474.69921875,"dvar":58722976,"dvar2":134337984,"max":22050,"mean":8765.97070312,"median":1830.32226562,"min":43.06640625,"var":95121504},"spectral_skewness":{"dmean":0.455593198538,"dmean2":0.657495617867,"dvar":0.17559581995,"dvar2":0.364538609982,"max":7.85352087021,"mean":2.7471075058,"median":2.70878219604,"min":-0.0702577456832,"var":0.542823910713},"spectral_spread":{"dmean":497240.09375,"dmean2":787839.75,"dvar":505688686592,"dvar2":1158238568450,"max":49225592,"mean":4210354.5,"median":3513999.5,"min":1116533.5,"var":21675183702000},"spectral_strongpeak":{"dmean":1.26976203918,"dmean2":2.38367033005,"dvar":43.2860794067,"dvar2":121.663780212,"max":92.1608047485,"mean":1.10283112526,"median":0.281102061272,"min":0,"var":30.7577724457},"zerocrossingrate":{"dmean":0.0366791673005,"dmean2":0.0466918498278,"dvar":0.000946783169638,"dvar2":0.00147155066952,"max":0.7412109375,"mean":0.237023442984,"median":0.220947265625,"min":0.0322265625,"var":0.00867252331227}},"metadata":{"audio_properties":{"analysis_sample_rate":44100,"bit_rate":221149,"codec":"mp3","downmix":"mix","equal_loudness":0,"length":183.30229187,"lossless":false,"md5_encoded":"1174189817df230cfd4d0eb17aeb8c15","replay_gain":-9.35603141785,"sample_rate":44100},"tags":{"album":["All the Roadrunning"],"albumartist":["Mark Knopfler & Emmylou Harris"],"albumartistsort":["Knopfler, Mark & Harris, Emmylou"],"artist":["Mark Knopfler & Emmylou Harris"],"artistsort":["Knopfler, Mark & Harris, Emmylou"],"asin":["B000EXZ9P4"],"barcode":["602498773857"],"catalognumber":["987 7385"],"date":["2006"],"discnumber":["1/1"],"encoding":["LAME"],"file_name":"04. Mark Knopfler & Emmylou Harris - Red Staggerwing.mp3","genre":["Country"],"label":["Mercury"],"language":["eng"],"musicbrainz album release country":["GB"],"musicbrainz album status":["official"],"musicbrainz album type":["album"],"musicbrainz_albumartistid":["9541a456-6c13-401a-932c-bcf76e28840f"],"musicbrainz_albumid":["09abc52c-98f8-45f9-8de9-6bf6ee732e53"],"musicbrainz_artistid":["9541a456-6c13-401a-932c-bcf76e28840f"],"musicbrainz_recordingid":["60320620-8c0d-4346-9590-159ab60904fb"],"musicip_puid":["8ccf13f2-1aab-a086-081a-96f4c8587cff"],"release type":["Normal Release"],"rip date":["2006-04-20"],"ripping tool":["EAC"],"source":["CD (LP)"],"title":["Red Staggerwing"],"tracknumber":["4/12"]},"version":{"essentia":"2.1-beta1","essentia_build_sha":"ca57ba49d9b1854bd80e60cf9ccf267278fb7d6b","essentia_git_sha":"v2.1_beta1-28-g21ef5f4-dirty","extractor":"music 1.0"}},"rhythm":{"beats_count":374,"beats_loudness":{"dmean":0.0268603377044,"dmean2":0.0468539148569,"dvar":0.000572680553887,"dvar2":0.00178416364361,"max":0.167453318834,"mean":0.0681469291449,"median":0.0669201314449,"min":0,"var":0.00103028409649},"beats_loudness_band_ratio":{"dmean":[0.162509977818,0.0890901982784,0.0596566125751,0.0498222820461,0.0170132052153,0.0517480820417],"dmean2":[0.28040638566,0.152644515038,0.106231123209,0.085825920105,0.0293702892959,0.0925277173519],"dvar":[0.0152475433424,0.0