{"lowlevel":{"average_loudness":0.968874156475,"barkbands":{"dmean":[0.00925289560109,0.0340221114457,0.00446726894006,0.00272859376855,0.00242381752469,0.00231412565336,0.000547133793589,0.000475729902973,0.000453765969723,0.000406037084758,0.000321252038702,0.000198185589397,0.00022961164359,0.00026771944249,0.000265868555289,0.000266899121925,0.000288696406642,0.000193458239664,0.00014514857321,0.000116435679956,0.0000927832152229,0.0000858912608237,0.0000412320405303,0.0000200787108042,0.00000337706433129,0.0000287118709821,0.000230633580941],"dmean2":[0.0153615223244,0.0579722821712,0.00764505844563,0.00458835624158,0.00396426022053,0.00352818798274,0.00088105618488,0.000774087675381,0.000724179204553,0.000650879053865,0.00052405311726,0.000322124047671,0.000381836493034,0.000451858155429,0.00045462581329,0.000429191946751,0.000461167423055,0.000301129708532,0.000231533966144,0.000189079277334,0.000135618276545,0.000124692101963,0.0000575424273848,0.0000279816540569,0.00000553567724637,0.0000395124479837,0.000350182934199],"dvar":[0.000466755067464,0.00397390592843,0.0000563678295293,0.0000261939112534,0.0000314951612381,0.0000437526396126,0.00000388889111491,0.00000307713548864,0.00000187104012639,0.00000119942876609,5.72552437461e-7,9.0232767036e-8,9.64429958117e-8,1.20974718243e-7,1.52799913167e-7,1.13016739078e-7,1.54121991613e-7,7.31864204795e-8,4.224083483e-8,4.01581807807e-8,2.78185172675e-8,2.73631659553e-8,3.76583830786e-9,8.43588865429e-10,4.43855230348e-11,1.53885859611e-9,5.1867491635e-8],"dvar2":[0.00117110286374,0.0101985223591,0.000147309576278,0.0000649321591482,0.0000754354841774,0.0000940602476476,0.00000850193919177,0.00000767647998146,0.00000467987956654,0.000002924488399,0.00000141800489928,2.15748286791e-7,2.44031610919e-7,3.25911912569e-7,4.15922784214e-7,2.85776792452e-7,3.87699628845e-7,1.72864929482e-7,1.02389854817e-7,1.04188167427e-7,5.0792809958e-8,5.61380915087e-8,6.72134214952e-9,1.64980251682e-9,1.0496931796e-10,2.82380741012e-9,1.22980509332e-7],"max":[0.208091080189,0.47290289402,0.0883792191744,0.0932184532285,0.0840894281864,0.151868835092,0.104217596352,0.0633183121681,0.0356456488371,0.0260908529162,0.0200013834983,0.00595510704443,0.00599219696596,0.00437145819888,0.00513780908659,0.00425136880949,0.00519951246679,0.00328474445269,0.00310396123677,0.00544179743156,0.00619224598631,0.00712823495269,0.00235734274611,0.000358562596375,0.000102825426438,0.000547116738744,0.00414633238688],"mean":[0.00920747406781,0.0294976830482,0.00471618631855,0.0031132211443,0.00271954224445,0.00300762313418,0.00068823969923,0.00054418516811,0.000562953122426,0.000533204816747,0.000456198496977,0.000323731306707,0.000395164766815,0.000440833624452,0.000427275634138,0.000494676933158,0.000529495126102,0.000376362673705,0.000295917649055,0.000226343050599,0.000215213702177,0.000188842444913,0.0000900988452486,0.0000392670590372,0.00000335202616952,0.0000683325706632,0.00104405242018],"median":[0.00318240001798,0.00938047654927,0.00225376989692,0.00134938012343,0.000893071119208,0.000574270321522,0.000228117365623,0.000140053394716,0.000169442093465,0.000174948218046,0.000246573239565,0.000222031376325,0.000302270665998,0.00032927718712,0.000317775760777,0.000375797215383,0.000358207675163,0.000256510742474,0.0002168219944,0.000162095791893,0.000137621900649,0.000116159237223,0.0000533482889296,0.000021074043616,0.00000118798709536,0.0000457983187516,0.000996970571578],"min":[1.93474685058e-12,1.01080819062e-12,2.8077664976e-13,8.02106387495e-14,6.5407889608e-13,1.05236815356e-12,3.26634823789e-13,2.95853104385e-13,5.37282024426e-13,3.69975859844e-13,6.69288517836e-13,1.32236268376e-12,5.35544915706e-13,2.17406672634e-13,4.8135399746e-13,1.37481985431e-12,6.69044789188e-13,4.62566291694e-13,2.32595605103e-12,1.29160278393e-12,1.50067490986e-12,2.08570096957e-12,3.29497995728e-12,4.34200635516e-12,6.26386616187e-12,7.50697854573e-12,1.1568129267e-11],"var":[0.000395875395043,0.00318753207102,0.0000526303483639,0.0000314749813697,0.0000361673264706,0.0000831742290757,0.0000054689303397,0.00000319671244142,0.00000222668313654,0.00000162090702815,7.49836317482e-7,1.47198349509e-7,1.49133185801e-7,1.69229508629e-7,1.77369216203e-7,2.0993383032e-7,2.99821891758e-7,1.51397543391e-7,8.4154230251e-8,6.53130030059e-8,8.98857166476e-8,7.68950556562e-8,1.20705170303e-8,2.30164109993e-9,4.64827724922e-11,4.8808264097e-9,3.05358440755e-7]},"barkbands_crest":{"dmean":4.01598644257,"dmean2":6.67136716843,"dvar":11.3347415924,"dvar2":29.4292526245,"max":25.8460445404,"mean":12.3278388977,"median":11.8267650604,"min":2.78046321869,"var":21.7189064026},"barkbands_flatness_db":{"dmean":0.0358275771141,"dmean2":0.0575876049697,"dvar":0.00103823794052,"dvar2":0.00269300187938,"max":0.452326804399,"mean":0.131180509925,"median":0.121075436473,"min":0.0314994566143,"var":0.00301672983915},"barkbands_kurtosis":{"dmean":8.74320793152,"dmean2":14.7638406754,"dvar":193.210571289,"dvar2":514.908569336,"max":259.490478516,"mean":11.6706848145,"median":4.69701194763,"min":-1.84608006477,"var":554.809020996},"barkbands_skewness":{"dmean":1.07744657993,"dmean2":1.73297202587,"dvar":1.32698392868,"dvar2":3.33765506744,"max":13.3612985611,"mean":2.70504927635,"median":2.25882506371,"min":-2.13211846352,"var":2.91515731812},"barkbands_spread":{"dmean":13.6389551163,"dmean2":21.4686393738,"dvar":142.159179688,"dvar2":321.709594727,"max":123.325271606,"mean":36.4648208618,"median":34.0733222961,"min":0.612030208111,"var":429.87701416},"dissonance":{"dmean":0.00999745819718,"dmean2":0.0168790146708,"dvar":0.000113185655209,"dvar2":0.000305872177705,"max":0.499999970198,"mean":0.484187424183,"median":0.488557487726,"min":0.336602479219,"var":0.000203810865059},"dynamic_complexity":3.96289563179,"erbbands":{"dmean":[1.39270353317,6.19831418991,6.46482992172,7.12141799927,9.764087677,6.32561588287,11.8580722809,21.9593048096,9.05633544922,9.75484275818,8.97056293488,10.1560535431,12.5879411697,13.4137201309,9.20487785339,8.23647403717,9.53485965729,11.2891225815,13.8770666122,12.7323064804,14.0600967407,15.5051708221,11.44252491,8.02543926239,6.97481966019,5.51907062531,3.89685535431,3.74127006531,3.19535040855,1.99948441982,1.08123910427,0.716344594955,0.165791258216,0.0398233234882,0.0240834448487,0.0264776274562,0.0686210915446,0.072347804904,0.0200871638954,0.00510440347716],"dmean2":[2.38725185394,10.6321239471,11.0041561127,11.9297418594,16.091342926,10.2879009247,18.8272514343,33.2895240784,14.3049783707,15.7366514206,14.5360546112,16.0740699768,20.2302036285,21.3213043213,14.9132318497,13.3126182556,15.757019043,18.8736534119,23.6001777649,21.6144218445,22.4199981689,24.3009681702,17.6290435791,12.6808519363,11.1994457245,8.97627162933,5.92226839066,5.49421405792,4.6224193573,2.86065483093,1.50714838505,0.977766752243,0.239309489727,0.0643729865551,0.0392672680318,0.0390250235796,0.0925062671304,0.101236872375,0.0279698576778,0.0078257760033],"dvar":[7.341609478,166.514450073,150.547683716,136.26171875,559.692016602,259.381408691,1087.12658691,5007.12255859,1169.77185059,991.224060059,941.53918457,1033.25085449,1239.26525879,1390.5168457,331.999603271,148.718475342,172.81111145,214.155975342,358.282867432,383.045196533,318.183532715,484.274963379,244.887313843,134.468597412,108.536491394,90.700843811,47.1244125366,46.9648399353,39.4956741333,13.298699379,2.44115591049,1.11579418182,0.0547595359385,0.00572752952576,0.00219985144213,0.00141346268356,0.00929256435484,0.0100300414488,0.000557141378522,0.0000254886672337],"dvar2":[19.1283111572,432.652862549,388.688873291,347.400726318,1350.07800293,624.904052734,2642.23144531,10233.0322266,2492.78686523,2333.4296875,2409.67333984,2538.66186523,3087.82885742,3340.88012695,817.065673828,363.445648193,439.95880127,569.215820312,961.106506348,1034.56982422,778.716674805,1198.46008301,582.804199219,316.995025635,271.385498047,232.467803955,93.7711181641,90.7701721191,81.3511199951,25.5311088562,4.53609275818,2.14905047417,0.111003033817,0.0134181696922,0.00519370054826,0.00295715639368,0.0167976357043,0.01885731332,0.00103401136585,0.0000608901282249],"max":[20.1733798981,110.274749756,115.509567261,205.611480713,399.002288818,294.189361572,607.534057617,1821.3729248,1839.63256836,901.811035156,758.449401855,867.102111816,896.191223145,996.340881348,495.296325684,248.476913452,231.709640503,215.754821777,213.092285156,278.896240234,238.02053833,338.983612061,223.51524353,146.06791687,189.561141968,245.035675049,252.031265259,224.110900879,248.478805542,142.492156982,36.3326225281,12.6902160645,3.23333787918,1.16691458225,0.725390136242,0.541053056717,1.32943844795,2.38924956322,0.591654121876,0.103509560227],"mean":[1.21160542965,5.18841552734,6.29446125031,8.64562797546,10.8517990112,7.07243347168,14.6348733902,27.9542999268,11.9543771744,12.344950676,10.9763298035,12.7765054703,15.9438257217,19.2418422699,15.1576576233,14.2008571625,17.483045578,20.4587268829,24.4762630463,22.0681209564,27.1656017303,29.7530326843,23.4982833862,16.4703178406,14.4196434021,10.9324111938,8.82015705109,8.54376983643,6.89478635788,4.33319330215,2.34603714943,1.43839216232,0.312253206968,0.0473016351461,0.0255247242749,0.0489107891917,0.161341845989,0.195601150393,0.0782268643379,0.0265620574355],"median":[0.414048969746,1.42572808266,2.66549444199,4.49578380585,3.6658205986,2.27381658554,4.0673160553,4.44973564148,3.09988069534,3.96197557449,3.04751968384,3.79787015915,5.2012629509,8.19195842743,9.44174957275,10.2020702362,13.6212406158,16.2061500549,18.241191864,17.1864910126,20.333366394,20.3283653259,16.8613014221,11.424703598,10.6291217804,7.87241649628,6.05943441391,5.42410755157,4.14435195923,2.65118551254,1.38054251671,0.735296845436,0.182185739279,0.0231794305146,0.010238584131,0.0309900883585,0.102154299617,0.142786338925,0.0675591826439,0.025721674785],"min":[4.48228364147e-11,1.87511506322e-10,2.36768549211e-10,4.64049410009e-10,6.99358182477e-10,2.65643418373e-9,7.52055218101e-9,1.23650014672e-8,5.84978288032e-9,7.24094917359e-9,5.66977353955e-9,1.04834319004e-8,1.3781020769e-8,1.24583117156e-8,4.51449366778e-8,4.53499460207e-8,2.61585899608e-8,1.50227741358e-8,1.99257677025e-8,4.97161423141e-8,7.03021214576e-8,2.98479854166e-8,2.60650931949e-8,1.2527094384e-7,6.03156422585e-8,4.87078857248e-8,9.20622937883e-8,5.48710872295e-8,7.69303198922e-8,6.4376621367e-8,1.05009512197e-7,8.26691604061e-8,7.3517760768e-8,6.32275458656e-8,4.65491218904e-8,2.77292340201e-8,1.53602748298e-8,9.36041999466e-9,1.58045987408e-9,1.13645350075e-10],"var":[5.67536783218,128.171676636,128.058914185,160.155776978,624.483154297,294.080596924,1496.97497559,9598.15234375,1868.03503418,1201.55407715,1018.2520752,1240.08459473,1556.80285645,1821.4440918,522.50970459,247.567443848,274.210144043,315.129516602,521.281677246,443.727630615,635.90411377,976.741149902,533.505249023,272.939910889,202.685638428,150.002197266,136.691390991,140.748535156,107.387443542,39.5859718323,7.46937608719,3.12620449066,0.134298652411,0.0064126807265,0.00234666280448,0.00304366461933,0.0294483862817,0.0336586870253,0.0027620550245,0.000178681628313]},"erbbands_crest":{"dmean":2.16566419601,"dmean2":3.55250382423,"dvar":5.47695350647,"dvar2":13.5242319107,"max":29.0219707489,"mean":6.77527809143,"median":5.73020362854,"min":2.01922774315,"var":13.2739238739},"erbbands_flatness_db":{"dmean":0.0153830591589,"dmean2":0.0241199415177,"dvar":0.000211034581298,"dvar2":0.000545483955648,"max":0.298282504082,"mean":0.103009849787,"median":0.098395884037,"min":0.0278923865408,"var":0.000780584348831},"erbbands_kurtosis":{"dmean":0.90410977602,"dmean2":1.44397616386,"dvar":1.42270958424,"dvar2":3.84565973282,"max":25.3063583374,"mean":0.441591948271,"median":0.0374054908752,"min":-1.72188007832,"var":2.87957787514},"erbbands_skewness":{"dmean":0.350912988186,"dmean2":0.542442023754,"dvar":0.101979441941,"dvar2":0.236216321588,"max":4.45850038528,"mean":-0.285141378641,"median":-0.392107069492,"min":-3.16744422913,"var":0.647741496563},"erbbands_spread":{"dmean":9.98637485504,"dmean2":15.6769008636,"dvar":82.4820251465,"dvar2":200.928817749,"max":157.916320801,"mean":44.1520271301,"median":42.3439025879,"min":6.88862752914,"var":259.321136475},"gfcc":{"cov":[[22583.3554688,1686.40661621,-1263.82788086,131.987457275,240.681793213,-752.773620605,246.888336182,-493.920013428,358.773773193,-202.16973877,83.927482605,174.117385864,-120.986358643],[1686.40661621,814.503173828,-76.3654403687,-218.902679443,118.073852539,-126.80620575,43.7607078552,-61.7896003723,-13.5531196594,-21.9279251099,69.8835144043,-83.2555999756,82.3189163208],[-1263.82788086,-76.3654403687,404.313018799,62.4642181396,-111.315803528,164.131011963,-49.8658714294,59.7946891785,-15.0977573395,22.2439479828,-41.159576416,8.56635665894,-17.6263866425],[131.987457275,-218.902679443,62.4642181396,281.000946045,102.945381165,51.3768959045,19.2121315002,25.4266910553,29.3617420197,-10.0005588531,-29.8318977356,25.6344833374,-47.3086738586],[240.681793213,118.073852539,-111.315803528,102.945381165,325.751953125,30.6926345825,86.6379699707,4.22876358032,-4.73748064041,-31.1977844238,19.3101081848,-54.4254646301,37.3427772522],[-752.773620605,-126.80620575,164.131011963,51.3768959045,30.6926345825,221.805282593,30.3152389526,59.6481666565,-20.7818279266,-3.2101726532,-38.8927497864,-4.59210205078,-9.62098026276],[246.888336182,43.7607078552,-49.8658714294,19.2121315002,86.6379699707,30.3152389526,126.310829163,-13.5938692093,29.7071228027,-26.1390953064,-8.42639541626,1.12392258644,-8.09843063354],[-493.920013428,-61.7896003723,59.7946891785,25.4266910553,4.22876358032,59.6481666565,-13.5938692093,120.455680847,16.0229320526,31.3169536591,0.801258027554,-20.3906955719,9.01776885986],[358.773773193,-13.5531196594,-15.0977573395,29.3617420197,-4.73748064041,-20.7818279266,29.7071228027,16.0229320526,101.372688293,35.9720687866,12.4975805283,25.0401649475,-30.5212402344],[-202.16973877,-21.9279251099,22.2439479828,-10.0005588531,-31.1977844238,-3.2101726532,-26.1390953064,31.3169536591,35.9720687866,74.7952270508,36.2510757446,4.92466259003,1.03021430969],[83.927482605,69.8835144043,-41.159576416,-29.8318977356,19.3101081848,-38.8927497864,-8.42639541626,0.801258027554,12.4975805283,36.2510757446,61.8927154541,13.8496599197,23.5507354736],[174.117385864,-83.2555999756,8.56635665894,25.6344833374,-54.4254646301,-4.59210205078,1.12392258644,-20.3906955719,25.0401649475,4.92466259003,13.8496599197,78.7386627197,-2.08599734306],[-120.986358643,82.3189163208,-17.6263866425,-47.3086738586,37.3427772522,-9.62098026276,-8.09843063354,9.01776885986,-30.5212402344,1.03021430969,23.5507354736,-2.08599734306,74.6574401855]],"icov":[[0.000116944058391,-0.000542202265933,0.000658702279907,-0.000624521635473,0.000410237116739,-0.000362788210623,0.000256789440755,0.000161100455443,-0.000326264707837,0.0000602031286689,0.000362135178875,-0.000362304330338,0.0000450069419458],[-0.000542202265933,0.00573621084914,-0.00498059950769,0.0051009953022,-0.00294205360115,0.00336762634106,-0.0020750220865,0.000684814236593,-0.00084229989443,0.00335526629351,-0.0062104598619,0.00561727164313,-0.00182390632108],[0.000658702279907,-0.00498059950769,0.0104801682755,-0.00783527642488,0.00716832093894,-0.00827654544264,0.00348003557883,0.0014682749752,-0.00250634294935,-0.000700985372532,0.00277321739122,-0.000216780070332,-0.00227930094115],[-0.000624521635473,0.0051009953022,-0.00783527642488,0.0157300196588,-0.0128223961219,0.00766489841044,-0.000297137536108,-0.00471543427557,0.00449330825359,-0.00350274238735,0.00600417749956,-0.00915038585663,0.00915562082082],[0.000410237116739,-0.00294205360115,0.00716832093894,-0.0128223961219,0.0173528529704,-0.00926446914673,-0.00213283509947,0.00529922870919,-0.00765083171427,0.00954334996641,-0.0133797796443,0.016109155491,-0.011857803911],[-0.000362788210623,0.00336762634106,-0.00827654544264,0.00766489841044,-0.00926446914673,0.0157765075564,-0.00556998886168,-0.00670222518966,0.00910452194512,-0.00696916738525,0.00868230313063,-0.00819081906229,0.00632484350353],[0.000256789440755,-0.0020750220865,0.00348003557883,-0.000297137536108,-0.00213283509947,-0.00556998886168,0.0158614516258,0.00199296977371,-0.00805079564452,0.00568696158007,0.00193085079081,-0.00265870895237,0.00111314724199],[0.000161100455443,0.000684814236593,0.0014682749752,-0.00471543427557,0.00529922870919,-0.00670222518966,0.00199296977371,0.0165764708072,-0.00939046312124,0.00230320426635,-0.0067324526608,0.0130459815264,-0.00981829501688],[-0.000326264707837,-0.00084229989443,-0.00250634294935,0.00449330825359,-0.00765083171427,0.00910452194512,-0.00805079564452,-0.00939046312124,0.0297484509647,-0.0214843992144,0.013870017603,-0.0185799151659,0.0154803683981],[0.0000602031286689,0.00335526629351,-0.000700985372532,-0.00350274238735,0.00954334996641,-0.00696916738525,0.00568696158007,0.00230320426635,-0.0214843992144,0.0457614175975,-0.0366581045091,0.0215277802199,-0.00856935512275],[0.000362135178875,-0.0062104598619,0.00277321739122,0.00600417749956,-0.0133797796443,0.00868230313063,0.00193085079081,-0.0067324526608,0.013870017603,-0.0366581045091,0.0608104355633,-0.0327710136771,0.00680584926158],[-0.000362304330338,0.00561727164313,-0.000216780070332,-0.00915038585663,0.016109155491,-0.00819081906229,-0.00265870895237,0.0130459815264,-0.0185799151659,0.0215277802199,-0.0327710136771,0.0463173128664,-0.0198688525707],[0.0000450069419458,-0.00182390632108,-0.00227930094115,0.00915562082082,-0.011857803911,0.00632484350353,0.00111314724199,-0.00981829501688,0.0154803683981,-0.00856935512275,0.00680584926158,-0.0198688525707,0.0325398147106]],"mean":[9.16876029968,62.9720649719,-82.6828842163,22.9160556793,-1.83769893646,-10.774679184,5.73230981827,-19.6571083069,4.66650247574,-9.28010654449,-6.74848937988,4.66823291779,-11.3814926147]},"hfc":{"dmean":51.5016822815,"dmean2":81.1372146606,"dvar":3151.40429688,"dvar2":7537.93994141,"max":1209.1484375,"mean":181.926025391,"median":166.332504272,"min":5.33917386747e-7,"var":10621.8955078},"melbands":{"dmean":[0.0111555550247,0.00506376754493,0.00128007493913,0.000569616036955,0.000376087700715,0.00046322189155,0.000132368484628,0.000107383697468,0.0000714138659532,0.0000666534906486,0.0000641263250145,0.0000551931188966,0.0000376819371013,0.0000213739931496,0.0000248044671025,0.0000225393414439,0.0000221586033149,0.00002447857878,0.0000204658590519,0.0000187334790098,0.0000164882494573,0.0000161945081345,0.0000165939327417,0.00000972675479716,0.00000673780459692,0.00000566184007766,0.00000501554086441,0.0000036330675357,0.00000264885261458,0.00000254597466665,0.00000229555098485,0.00000200713611775,0.0000016775018139,0.00000101757052562,6.44398596705e-7,6.05884167726e-7,4.07907094768e-7,1.37027228675e-7,4.38390657109e-8,3.09710870283e-8],"dmean2":[0.0189030580223,0.00862198043615,0.00212168460712,0.00092957605375,0.000596806872636,0.000699936412275,0.000210199068533,0.000173572072526,0.000115818154882,0.000105796760181,0.000103383390524,0.0000876866397448,0.0000613842348685,0.0000347690001945,0.0000411001747125,0.0000376084608433,0.0000372434733436,0.0000417126102548,0.0000350353147951,0.0000308693488478,0.0000263613001152,0.0000258583149844,0.0000266194911092,0.0000154806893988,0.0000108467738755,0.00000923201605474,0.00000819800879981,0.00000602912587055,0.00000419388743467,0.00000382086500395,0.00000348616640622,0.00000300372653328,0.00000252408199231,0.00000148468257066,9.34113757012e-7,8.58416854044e-7,5.77831883675e-7,2.03340832172e-7,7.02631766103e-8,5.08091382301e-8],"dvar":[0.000422032288043,0.000107448511699,0.00000473322234029,0.00000181807820354,9.871491784e-7,0.00000205514697882,2.31836423836e-7,1.2897596946e-7,5.27304351294e-8,4.47650556623e-8,3.23397095769e-8,2.32237979958e-8,6.3653522453e-9,1.2840153385e-9,1.17965515134e-9,9.79304748405e-10,8.37540259369e-10,1.11873843522e-9,9.87194215263e-10,6.35681229877e-10,4.54887766344e-10,6.20219597902e-10,4.78889650157e-10,1.80646789194e-10,9.7596812576e-11,6.79644604484e-11,6.38207681147e-11,4.13872269789e-11,2.10084779434e-11,2.36408306126e-11,1.69813937217e-11,1.61661291992e-11,1.1522396752e-11,3.13595395311e-12,8.87329218349e-13,8.3010768398e-13,3.82310529805e-13,3.8437779164e-14,5.59713484667e-15,3.77732945224e-15],"dvar2":[0.0010802152101,0.000278371444438,0.0000116630089906,0.00000435897027273,0.00000238181883105,0.00000425435518991,4.96092752655e-7,3.02801623775e-7,1.34443340016e-7,1.1076888029e-7,8.06588218438e-8,5.56769741422e-8,1.55784629641e-8,3.03531333401e-9,3.02010882969e-9,2.49815967912e-9,2.24966467677e-9,3.00951841226e-9,2.70419953097e-9,1.67488101166e-9,1.11523945634e-9,1.56107593519e-9,1.21375964834e-9,4.36838482054e-10,2.37469738318e-10,1.70939803978e-10,1.68972350001e-10,1.05293218589e-10,4.74165498532e-11,4.6129843001e-11,3.68784447424e-11,3.62240654139e-11,2.62286459912e-11,5.91889167886e-12,1.75730307042e-12,1.68738851017e-12,7.95390446215e-13,8.23966410509e-14,1.28467081536e-14,8.93875648007e-15],"max":[0.141201257706,0.0850756764412,0.0333051271737,0.0217482447624,0.0171413775533,0.0357303731143,0.0247428454459,0.0117091303691,0.00483908131719,0.00617311429232,0.00463340710849,0.00391512457281,0.00179631926585,0.000852583383676,0.000603052496444,0.000751184532419,0.000399982207455,0.000439774710685,0.000390634406358,0.00032681794255,0.00027794088237,0.000415607501054,0.00027156190481,0.000158854934853,0.00013735423272,0.000141962096677,0.000208376557566,0.000147139755427,0.000153670989675,0.000193033527466,0.000147331011249,0.00013834987476,0.000133861482027,0.0000839152780827,0.0000257062074525,0.0000122767432913,0.00000858357452671,0.00000269111183115,0.00000108774054297,9.48129809331e-7],"mean":[0.00999713689089,0.00461912434548,0.00161418505013,0.000628331210464,0.000470864470117,0.00059909792617,0.000173858381459,0.000133286157507,0.0000866726841195,0.0000812048383523,0.0000789428886492,0.0000771581544541,0.0000572143326281,0.0000349711517629,0.0000404782767873,0.0000387765176129,0.0000372741415049,0.0000407727020502,0.0000311101757688,0.0000318581260217,0.0000301130439766,0.0000287727907562,0.000029251577871,0.0000177189249371,0.0000126093127619,0.0000110242863229,0.00000932636066864,0.00000667632320983,0.00000541510826224,0.00000536687684871,0.00000483458688905,0.00000401343731937,0.00000332350623466,0.00000205063906833,0.00000131626200073,0.00000119858634662,7.55162034238e-7,2.43581212089e-7,5.35044719641e-8,3.04655785044e-8],"median":[0.0034332650248,0.0017138782423,0.000820308225229,0.000206444470678,0.00013477858738,0.000101707817521,0.0000480271737615,0.000040747836465,0.000024056629627,0.0000237111016759,0.0000250771627179,0.0000311709591188,0.0000332498239004,0.0000236529449467,0.0000292208060273,0.0000296920370602,0.0000285871046799,0.0000296734251606,0.0000222870567086,0.0000237595522776,0.0000215757881961,0.0000186147226486,0.0000204379939532,0.0000117104227684,0.00000845326121635,0.00000790462763689,0.0000068010826908,0.00000460059845864,0.00000373982356905,0.0000033195560718,0.0000030329611036,0.00000236280266108,0.00000198964198717,0.0000012184523257,7.88302770616e-7,6.14050748027e-7,3.78016835612e-7,1.39557585044e-7,2.56058765302e-8,1.05873487755e-8],"min":[4.39930427157e-13,1.73452588013e-13,7.56289901039e-14,1.17074088596e-13,2.23413559246e-13,2.30238896524e-13,9.17994182731e-14,8.23889974256e-14,4.83573853974e-14,7.2327757119e-14,6.91404195723e-14,4.43332707784e-14,1.2179328184e-13,1.62855948345e-13,8.04479367237e-14,4.69049915553e-14,2.5150491905e-14,2.61540175774e-14,4.37116502391e-14,9.00151941917e-14,8.79344611449e-14,3.62396981727e-14,2.05622364025e-14,2.14882297611e-14,1.19385892231e-13,5.78257941205e-14,2.16994306502e-14,3.61558859566e-14,7.3563808582e-14,2.5015725575e-14,3.57283308299e-14,4.60621293983e-14,3.71759203012e-14,3.54814037851e-14,5.41779857468e-14,5.30848456826e-14,5.64036630715e-14,4.96880335e-14,5.07589643602e-14,5.61479607654e-14],"var":[0.000342598592397,0.0000855722028064,0.00000588396369494,0.00000201942111744,0.00000142258659253,0.00000398554266212,3.62958331834e-7,1.53205292008e-7,6.00122405103e-8,5.1662595979e-8,4.03961166739e-8,3.05967517988e-8,9.28574017678e-9,2.00322780586e-9,1.85400095276e-9,1.44901235455e-9,1.15125153854e-9,1.5996641789e-9,1.06188202675e-9,9.43929490127e-10,8.6865264981e-10,1.09822617667e-9,8.80362005518e-10,3.57264995365e-10,1.76977307809e-10,1.22188495433e-10,9.68059035711e-11,6.52028014914e-11,5.05285709107e-11,6.53677459383e-11,4.38701644456e-11,3.78765907527e-11,2.67148126537e-11,8.91595738212e-12,2.42750090862e-12,2.13239820766e-12,9.35607602677e-13,8.58150288568e-14,7.12784493158e-15,3.93510416174e-15]},"melbands_crest":{"dmean":5.38313007355,"dmean2":9.02617931366,"dvar":19.7845039368,"dvar2":50.7914924622,"max":38.0962295532,"mean":20.1082324982,"median":19.6498775482,"min":5.36219406128,"var":42.4664459229},"melbands_flatness_db":{"dmean":0.0459122620523,"dmean2":0.0740433037281,"dvar":0.00151321163867,"dvar2":0.0038223459851,"max":0.621253430843,"mean":0.235845282674,"median":0.227214485407,"min":0.0204446371645,"var":0.00474484497681},"melbands_kurtosis":{"dmean":23.6998939514,"dmean2":39.9433021545,"dvar":1428.77624512,"dvar2":3906.32324219,"max":604.544067383,"mean":33.0135116577,"median":16.6405029297,"min":-1.78865647316,"var":2763.24047852},"melbands_skewness":{"dmean":1.65817475319,"dmean2":2.67377495766,"dvar":3.07293605804,"dvar2":7.8621006012,"max":20.020866394,"mean":4.39849662781,"median":3.76249790192,"min":-0.0207615215331,"var":6.33622312546},"melbands_spread":{"dmean":9.07531547546,"dmean2":14.7759475708,"dvar":94.2646865845,"dvar2":232.790100098,"max":216.909988403,"mean":18.341588974,"median":14.7285804749,"min":0.370596915483,"var":225.282089233},"mfcc":{"cov":[[12092.2470703,1546.90698242,-845.829101562,844.332458496,-250.093383789,296.106292725,-409.776489258,241.23840332,-275.053222656,118.385002136,-150.629730225,209.739212036,-93.7105407715],[1546.90698242,1090.08081055,-207.341873169,20.5917358398,-12.9566297531,-12.6369686127,61.2202186584,-77.9665908813,-8.70732784271,-20.3486328125,29.067276001,-63.3554840088,18.1203556061],[-845.829101562,-207.341873169,531.346008301,-129.981048584,-17.9084854126,-1.8933467865,-38.9630775452,14.0117340088,15.508272171,2.57581996918,5.57253789902,8.38855171204,-24.0172042847],[844.332458496,20.5917358398,-129.981048584,291.303222656,63.5128211975,72.1007232666,-21.2285041809,58.0960578918,-12.4839553833,32.6715774536,-14.6740026474,32.5507583618,2.245626688],[-250.093383789,-12.9566297531,-17.9084854126,63.5128211975,204.725860596,26.7804756165,103.926811218,5.00143623352,57.154460907,7.53362226486,27.4522399902,-16.155418396,19.1805152893],[296.106292725,-12.6369686127,-1.8933467865,72.1007232666,26.7804756165,181.684783936,30.474319458,91.1887817383,5.29309749603,27.7718505859,-25.6695423126,12.3064956665,-18.0274715424],[-409.776489258,61.2202186584,-38.9630775452,-21.2285041809,103.926811218,30.474319458,165.334381104,9.30344963074,59.7190437317,-13.3180351257,14.8827466965,-50.9593505859,14.0407581329],[241.23840332,-77.9665908813,14.0117340088,58.0960578918,5.00143623352,91.1887817383,9.30344963074,129.10723877,23.0944423676,36.7749595642,-26.6952972412,23.6628246307,-25.4446144104],[-275.053222656,-8.70732784271,15.508272171,-12.4839553833,57.154460907,5.29309749603,59.7190437317,23.0944423676,79.9477615356,22.4506130219,25.0000591278,-11.3861837387,5.98253440857],[118.385002136,-20.3486328125,2.57581996918,32.6715774536,7.53362226486,27.7718505859,-13.3180351257,36.7749595642,22.4506130219,69.9976425171,22.0850372314,29.2341041565,-6.01018667221],[-150.629730225,29.067276001,5.57253789902,-14.6740026474,27.4522399902,-25.6695423126,14.8827466965,-26.6952972412,25.0000591278,22.0850372314,71.6993484497,16.2745113373,21.8592433929],[209.739212036,-63.3554840088,8.38855171204,32.5507583618,-16.155418396,12.3064956665,-50.9593505859,23.6628246307,-11.3861837387,29.2341041565,16.2745113373,76.1753540039,10.0965881348],[-93.7105407715,18.1203556061,-24.0172042847,2.245626688,19.1805152893,-18.0274715424,14.0407581329,-25.4446144104,5.98253440857,-6.01018667221,21.8592433929,10.0965881348,48.5031738281]],"icov":[[0.000188155507203,-0.000301278487314,0.000152437583893,-0.000306293688482,0.00000883061056811,-0.0000618798294454,0.000386810832424,-0.000308268907247,0.000215511972783,0.0000406813815061,0.000133046080009,-0.000333568168571,0.000253496167716],[-0.000301278487314,0.00161681591999,0.0000946557483985,0.000235741215874,0.000534581893589,-0.00022605790582,-0.00103070598561,0.00117852026597,-0.000182443458471,-0.000201044182177,-0.000965329119936,0.00146673526615,-0.000401637371397],[0.000152437583893,0.0000946557483985,0.00265892781317,0.00120169727597,-0.000729176681489,-0.000598537793849,0.0019487865502,-0.000765472184867,-0.000531366444193,0.000665537954774,-0.000646011671051,-0.00000105552180685,0.00105969235301],[-0.000306293688482,0.000235741215874,0.00120169727597,0.00666087586433,-0.003667779034,-0.000947646854911,0.0024799767416,-0.00202408037148,0.00161926064175,-0.00138944294304,0.000616311095655,0.000612875213847,-0.0018519553123],[0.00000883061056811,0.000534581893589,-0.000729176681489,-0.003667779034,0.0102559337392,-0.000530799501576,-0.00625013047829,0.00309532997198,-0.00378933409229,0.000240060093347,-0.00103662908077,-0.00125523575116,0.0000318229940603],[-0.0000618798294454,-0.00022605790582,-0.000598537793849,-0.000947646854911,-0.000530799501576,0.0101546309888,-0.00350002944469,-0.00586436409503,0.00379466102459,-0.00251340027899,0.0017380284844,-0.000687488878611,0.000213631996303],[0.000386810832424,-0.00103070598561,0.0019487865502,0.0024799767416,-0.00625013047829,-0.00350002944469,0.0185424145311,-0.00458926986903,-0.00546724861488,0.00474810600281,-0.00317238713615,0.00839912891388,-0.00367788225412],[-0.000308268907247,0.00117852026597,-0.000765472184867,-0.00202408037148,0.00309532997198,-0.00586436409503,-0.00458926986903,0.0215919110924,-0.00862736999989,-0.0046179885976,0.00848976895213,-0.00754374498501,0.00616675708443],[0.000215511972783,-0.000182443458471,-0.000531366444193,0.00161926064175,-0.00378933409229,0.00379466102459,-0.00546724861488,-0.00862736999989,0.0276644341648,-0.00816349405795,-0.00581952417269,0.00510329892859,-0.00275128032081],[0.0000406813815061,-0.000201044182177,0.000665537954774,-0.00138944294304,0.000240060093347,-0.00251340027899,0.00474810600281,-0.0046179885976,-0.00816349405795,0.0274936575443,-0.0100864516571,-0.0050678383559,0.00573582248762],[0.000133046080009,-0.000965329119936,-0.000646011671051,0.000616311095655,-0.00103662908077,0.0017380284844,-0.00317238713615,0.00848976895213,-0.00581952417269,-0.0100864516571,0.0282478705049,-0.00903455913067,-0.0046847932972],[-0.000333568168571,0.00146673526615,-0.00000105552180685,0.000612875213847,-0.00125523575116,-0.000687488878611,0.00839912891388,-0.00754374498501,0.00510329892859,-0.0050678383559,-0.00903455913067,0.028848785907,-0.0105603132397],[0.000253496167716,-0.000401637371397,0.00105969235301,-0.0018519553123,0.0000318229940603,0.000213631996303,-0.00367788225412,0.00616675708443,-0.00275128032081,0.00573582248762,-0.0046847932972,-0.0105603132397,0.0315937437117]],"mean":[-648.732849121,122.522415161,-14.8309326172,48.7887611389,6.50083351135,31.3309288025,-1.43353140354,18.1048717499,-0.702450454235,8.37366294861,-2.46328735352,6.78338241577,-2.04087686539]},"pitch_salience":{"dmean":0.101992584765,"dmean2":0.167821452022,"dvar":0.00818836688995,"dvar2":0.0217747092247,"max":0.789407908916,"mean":0.487329721451,"median":0.507359266281,"min":0.099442102015,"var":0.0165743660182},"silence_rate_20dB":{"dmean":0.00176652439404,"dmean2":0.00353356893174,"dvar":0.00176329328679,"dvar2":0.00528810685501,"max":1,"mean":0.999116897583,"median":1,"min":0,"var":0.000882441410795},"silence_rate_30dB":{"dmean":0.158398345113,"dmean2":0.31684333086,"dvar":0.133306071162,"dvar2":0.222035422921,"max":1,"mean":0.809243440628,"median":1,"min":0,"var":0.154359474778},"silence_rate_60dB":{"dmean":0.000588841445278,"dmean2":0.00117785634939,"dvar":0.000588497787248,"dvar2":0.00117651210167,"max":1,"mean":0.0471003837883,"median":0,"min":0,"var":0.0448818691075},"spectral_centroid":{"dmean":328.919372559,"dmean2":499.134094238,"dvar":99364.953125,"dvar2":198312.53125,"max":11084.34375,"mean":1598.24523926,"median":1543.43139648,"min":118.230484009,"var":493085.78125},"spectral_complexity":{"dmean":4.78845882416,"dmean2":6.83362770081,"dvar":22.7787246704,"dvar2":40.6653137207,"max":58,"mean":23.9824848175,"median":25,"min":0,"var":131.883987427},"spectral_contrast_coeffs":{"dmean":[0.0600919313729,0.0525854937732,0.0364796221256,0.0254565775394,0.018901951611,0.0335433520377],"dmean2":[0.100573725998,0.0865883678198,0.0605897977948,0.042994260788,0.0313011147082,0.0527772456408],"dvar":[0.00225672777742,0.00178906158544,0.000866048445459,0.000408559455536,0.000222392161959,0.000822092231829],"dvar2":[0.00635049818084,0.00474246405065,0.00227358285338,0.00114862201735,0.000599034072366,0.00206135190092],"max":[-0.395934551954,-0.402778536081,-0.572511732578,-0.697412133217,-0.719919800758,-0.458614826202],"mean":[-0.705788850784,-0.77826654911,-0.823884189129,-0.822780013084,-0.814456701279,-0.685405135155],"median":[-0.709057986736,-0.786966204643,-0.829229950905,-0.821516036987,-0.810497999191,-0.673105955124],"min":[-0.976864933968,-0.967921257019,-0.958767831326,-0.960558235645,-0.972470343113,-0.960096716881],"var":[0.00554461032152,0.00592147186399,0.00248005776666,0.00116005190648,0.00119722506497,0.00466102547944]},"spectral_contrast_valleys":{"dmean":[0.46064800024,0.411509811878,0.320264667273,0.279377371073,0.242897689342,0.447375327349],"dmean2":[0.736052274704,0.653981626034,0.513168811798,0.447560817003,0.370029866695,0.68974006176],"dvar":[0.163869783282,0.134793236852,0.0963467955589,0.0930561497808,0.10112195462,0.179654017091],"dvar2":[0.358382225037,0.310643613338,0.202579855919,0.190877348185,0.200293064117,0.42779019475],"max":[-4.60498666763,-4.78972387314,-5.39588546753,-5.55658149719,-5.69224643707,-8.73624801636],"mean":[-6.76901054382,-6.99661111832,-7.2778377533,-7.29600667953,-7.28320598602,-10.8642683029],"median":[-6.54275035858,-6.74884319305,-6.9885559082,-6.94383525848,-6.94680643082,-10.6492919922],"min":[-26.7926616669,-27.2884788513,-27.4324550629,-27.5572662354,-27.3736457825,-27.298620224],"var":[2.43538594246,2.39311933517,2.23211026192,2.32871580124,2.16953516006,1.39737427235]},"spectral_decrease":{"dmean":1.24355157283e-8,"dmean2":2.02659595772e-8,"dvar":4.37122681496e-16,"dvar2":1.07363734229e-15,"max":3.69628194719e-9,"mean":-1.3332171811e-8,"median":-6.07373662476e-9,"min":-1.41893210071e-7,"var":4.15510741726e-16},"spectral_energy":{"dmean":0.0480853281915,"dmean2":0.0777147263288,"dvar":0.00645996397361,"dvar2":0.0157544277608,"max":0.559717714787,"mean":0.0668199583888,"median":0.0385582074523,"min":5.5502991092e-11,"var":0.00642157858238},"spectral_energyband_high":{"dmean":0.000399567448767,"dmean2":0.00052760692779,"dvar":2.8702888244e-7,"dvar2":4.94589926348e-7,"max":0.017143798992,"mean":0.00141608482227,"median":0.0011730188271,"min":3.66456899548e-11,"var":0.00000128542774291},"spectral_energyband_low":{"dmean":0.0432436540723,"dmean2":0.0722041875124,"dvar":0.00590038811788,"dvar2":0.0147953731939,"max":0.523114144802,"mean":0.0428069867194,"median":0.0175721552223,"min":2.06522732943e-12,"var":0.00507867103443},"spectral_energyband_middle_high":{"dmean":0.00151766557246,"dmean2":0.00228164740838,"dvar":0.0000040555328269,"dvar2":0.00000917504530662,"max":0.0288919638842,"mean":0.00432001752779,"median":0.00367748457938,"min":8.61045609812e-12,"var":0.0000104437413029},"spectral_energyband_middle_low":{"dmean":0.00655157677829,"dmean2":0.0103096915409,"dvar":0.000113800095278,"dvar2":0.000265511567704,"max":0.15403945744,"mean":0.0108024021611,"median":0.00482305511832,"min":3.5123074154e-12,"var":0.000224968389375},"spectral_entropy":{"dmean":0.1267939955,"dmean2":0.199180826545,"dvar":0.0203499495983,"dvar2":0.0583838112652,"max":9.80410957336,"mean":7.85082864761,"median":7.87884902954,"min":5.03894042969,"var":0.0921948328614},"spectral_flux":{"dmean":0.062628775835,"dmean2":0.100726902485,"dvar":0.00675949361175,"dvar2":0.0145393144339,"max":0.625678658485,"mean":0.155133470893,"median":0.120838686824,"min":0.0000248700107477,"var":0.0117491642013},"spectral_kurtosis":{"dmean":2.00930523872,"dmean2":3.13211512566,"dvar":8.92243671417,"dvar2":26.7593460083,"max":57.8960952759,"mean":12.1267995834,"median":10.5752248764,"min":-1.19227349758,"var":29.967382431},"spectral_rms":{"dmean":0.00230852491222,"dmean2":0.00352787855081,"dvar":0.00000902812735148,"dvar2":0.0000201181501325,"max":0.0233680568635,"mean":0.00711042433977,"median":0.00613333191723,"min":2.32699932212e-7,"var":0.0000146325864989},"spectral_rolloff":{"dmean":6086.73632812,"dmean2":11409.0341797,"dvar":65838108,"dvar2":130736552,"max":22050,"mean":12881.9570312,"median":19875.1464844,"min":21.533203125,"var":92844600},"spectral_skewness":{"dmean":0.196642190218,"dmean2":0.299544721842,"dvar":0.0592816360295,"dvar2":0.171450451016,"max":6.24024963379,"mean":2.22700452805,"median":2.12437129021,"min":-0.004171051085,"var":0.273098349571},"spectral_spread":{"dmean":428792.84375,"dmean2":674859.5625,"dvar":358583959552,"dvar2":725615312896,"max":40855372,"mean":4868589,"median":4763736,"min":2137502.75,"var":1376793264130},"spectral_strongpeak":{"dmean":3.59354925156,"dmean2":6.84678554535,"dvar":191.095077515,"dvar2":536.105957031,"max":130.091827393,"mean":3.35761857033,"median":0.225142151117,"min":0,"var":188.461639404},"zerocrossingrate":{"dmean":0.0533585101366,"dmean2":0.0664949640632,"dvar":0.00180583901238,"dvar2":0.00294638960622,"max":0.88037109375,"mean":0.269723296165,"median":0.26416015625,"min":0.005859375,"var":0.0129966903478}},"metadata":{"audio_properties":{"analysis_sample_rate":44100,"bit_rate":212046,"codec":"mp3","downmix":"mix","equal_loudness":0,"length":157.728408813,"lossless":false,"md5_encoded":"89f9da8d6df16dc090e071f2095e7f95","replay_gain":-1.96471786499,"sample_rate":44100},"tags":{"acoustid_id":["5b9c17a1-18c1-430c-b598-d0911db39693"],"album":["Loose Nut"],"albumartist":["Black Flag"],"albumartistsort":["Black Flag"],"artist":["Black Flag"],"artists":["Black Flag"],"artistsort":["Black Flag"],"asin":["B000000M07"],"barcode":["018861003528"],"catalognumber":["SST CD 035"],"date":["1985"],"file_name":"04 - Best One Yet.mp3","label":["SST Records"],"media":["CD"],"musicbrainz album release country":["US"],"musicbrainz album status":["official"],"musicbrainz album type":["album"],"musicbrainz release track id":["8b7804d2-a70b-30c3-85ef-2fa973163457"],"musicbrainz_albumartistid":["9941a936-196a-4a62-ae53-a69cbc33f20e"],"musicbrainz_albumid":["bcd918ec-55aa-4c63-bc3d-49f54c50134b"],"musicbrainz_artistid":["9941a936-196a-4a62-ae53-a69cbc33f20e"],"musicbrainz_recordingid":["603acc3c-09f9-4b49-ad43-36727cea5ad1"],"musicbrainz_releasegroupid":["216eb671-acb1-3135-b5de-9b38c5066a25"],"originaldate":["1985"],"script":["Latn"],"title":["Best One Yet"],"tracknumber":["4/9"]},"version":{"essentia":"2.1-beta1","essentia_build_sha":"ca57ba49d9b1854bd80e60cf9ccf267278fb7d6b","essentia_git_sha":"v2.1_beta1-28-g21ef5f4-dirty","extractor":"music 1.0"}},"rhythm":{"beats_count":280,"beats_loudness":{"dmean":0.0433786474168,"dmean2":0.0740228965878,"dvar":0.00179395324085,"dvar2":0.00513565633446,"max":0.314299851656,"mean":0.102591447532,"median":0.0994027256966,"min":5.56649926153e-9,"var":0.00292756571434},"beats_loudness_band_ratio":{"dmean":[0.150685563684,0.0650924220681,0.0360814072192,0.0136340325698,0.026257680729,0.0789409205317],"dmean2":[0.249981701374,0.109621077776,0.0644841268659,0.0243280883878,0.04636201635,0.134083241224],"dvar":[0.0150561640039,0.00778496917337,0.00384713499807,0.00025