{"lowlevel":{"average_loudness":0.957859575748,"barkbands":{"dmean":[0.0000269778665825,0.00165616569575,0.00132396828849,0.00119688687846,0.00203597405925,0.00122619280592,0.00132792943623,0.000774871441536,0.000923541141674,0.000537286221515,0.000381652120268,0.000415539689129,0.00025897557498,0.000321410829201,0.00023678157595,0.000199177258764,0.000178172209417,0.000225790616241,0.000450574472779,0.000403959187679,0.000270365242613,0.00018288224237,0.0000720776079106,0.0000284505968011,0.0000211984606722,0.00000458027125205,5.35182152817e-7],"dmean2":[0.0000450245133834,0.00251469272189,0.00216882675886,0.00214537116699,0.00346471765079,0.00194940052461,0.0022395637352,0.00127801136114,0.00155232695397,0.000870628107805,0.00062136357883,0.000680601981003,0.000422228855314,0.000528110889718,0.000384273880627,0.000325372908264,0.000293307530228,0.000366685999325,0.000719651579857,0.000631022732705,0.000410653767176,0.000264387141215,0.000103954327642,0.0000398053853132,0.0000297917176795,0.00000647763772577,7.69746350215e-7],"dvar":[1.68583214055e-9,0.00000512144060849,0.00000646442458674,0.00000313658597406,0.0000111722565634,0.00000461612489744,0.00000854505287862,0.00000420678225055,0.00000515380179422,0.00000149630602664,9.59748035712e-7,8.63338698309e-7,2.2237472308e-7,4.77614207739e-7,1.820824167e-7,1.61967832923e-7,1.11868224906e-7,9.57781338684e-8,4.13195209603e-7,3.11699949407e-7,1.08024224232e-7,7.0824214049e-8,1.66357576603e-8,2.33185915022e-9,1.3774001939e-9,1.00796204716e-10,1.20799225657e-12],"dvar2":[4.30028546106e-9,0.0000126359209389,0.0000152886841533,0.0000092368636615,0.0000303770448227,0.0000107851656139,0.0000241964462475,0.0000114674985525,0.0000147924274643,0.00000398202882934,0.00000237085146182,0.00000223171241487,5.28263399246e-7,0.00000132738705361,4.59620849824e-7,3.96544407977e-7,3.01500818978e-7,2.50283619607e-7,0.00000103628644865,7.80596622008e-7,2.47846458024e-7,1.55072513053e-7,3.72842379193e-8,5.23803000974e-9,2.92774249289e-9,2.45287068434e-10,2.8526313256e-12],"max":[0.0011154130334,0.0313021540642,0.0270678568631,0.0168870203197,0.025665268302,0.0405053794384,0.0400740318,0.0498471260071,0.0446760654449,0.0212577898055,0.0227453764528,0.0176813248545,0.0130408052355,0.0175588391721,0.00998767651618,0.0106041720137,0.00799905788153,0.00583724025637,0.0131205618382,0.0154264159501,0.00491567654535,0.00462153833359,0.0017816479085,0.000674506300129,0.000495322456118,0.000286820199108,0.0000162908399943],"mean":[0.0000308466987917,0.00290276738815,0.00162932951935,0.00139379117172,0.00260393251665,0.00208973628469,0.0020174246747,0.00120013172273,0.00136459514033,0.000794419669546,0.000576948397793,0.000683678430505,0.000428666942753,0.000538434600458,0.000412083638366,0.000324340042425,0.000308447051793,0.000480038987007,0.00105920038186,0.00101603427902,0.000682116020471,0.000398895615945,0.000127499559312,0.0000486265926156,0.0000367674510926,0.00000671187672197,8.17307579837e-7],"median":[0.0000150204969032,0.00143834098708,0.000617885030806,0.000693885143846,0.00123950326815,0.00100409751758,0.000445873272838,0.000359362107702,0.000406979321269,0.000239002998569,0.000171554958797,0.000212823841139,0.000222112939809,0.000212441169424,0.000207348843105,0.000165792938787,0.000165881181601,0.000335126474965,0.000726825906895,0.000774859741796,0.000525728450157,0.000247645337367,0.0000596763711656,0.000026586561944,0.0000180443039426,0.0000026945801892,3.54323674401e-7],"min":[3.69280087838e-25,1.03648355451e-24,4.06247490363e-25,1.53328428957e-24,1.13668032796e-23,8.81589611364e-24,3.34096792857e-24,9.17034867329e-24,9.3639722159e-24,1.16487500557e-23,9.90876586793e-24,1.62894538892e-23,2.02817558682e-23,3.22160790936e-23,5.02580190382e-23,5.82091563612e-23,5.81987875734e-23,9.28629892013e-23,1.30837730815e-22,1.77159378112e-22,2.20768366259e-22,2.73175412797e-22,3.9572784481e-22,5.17946834784e-22,8.52258462865e-22,1.16589865357e-21,1.91630444506e-21],"var":[2.07732409052e-9,0.0000132962586576,0.00000823240588943,0.00000355458291779,0.0000128121046146,0.0000118480547826,0.0000166874870047,0.0000086031632236,0.0000095602536021,0.00000281302959593,0.00000196659493668,0.00000205145443033,5.16003240136e-7,0.00000102374792732,3.69358815533e-7,2.84334021217e-7,2.2351629525e-7,2.48278070103e-7,0.00000124052166939,9.97643383016e-7,3.41586712693e-7,1.84427847216e-7,3.01258218371e-8,3.85602172415e-9,2.68978306295e-9,1.34574296151e-10,1.64162097544e-12]},"barkbands_crest":{"dmean":2.87299966812,"dmean2":4.75624370575,"dvar":6.33780813217,"dvar2":16.8596248627,"max":25.2502613068,"mean":9.07530879974,"median":8.07560634613,"min":2.1493563652,"var":17.9344100952},"barkbands_flatness_db":{"dmean":0.0201035253704,"dmean2":0.0307032167912,"dvar":0.000370261375792,"dvar2":0.00082462222781,"max":0.296286642551,"mean":0.110070347786,"median":0.10382963717,"min":0.0298781916499,"var":0.00133672973607},"barkbands_kurtosis":{"dmean":1.60331964493,"dmean2":2.60053038597,"dvar":6.50067949295,"dvar2":16.304813385,"max":60.0335426331,"mean":1.07202613354,"median":-0.202523872256,"min":-1.88703155518,"var":12.4142694473},"barkbands_skewness":{"dmean":0.478265583515,"dmean2":0.764989733696,"dvar":0.217811360955,"dvar2":0.538677752018,"max":5.89004087448,"mean":0.953179717064,"median":0.883895993233,"min":-2.2086660862,"var":0.932090163231},"barkbands_spread":{"dmean":7.02795696259,"dmean2":11.0019178391,"dvar":39.1031303406,"dvar2":91.3618774414,"max":148.555206299,"mean":32.5475463867,"median":32.4408988953,"min":1.69997370243,"var":167.474243164},"dissonance":{"dmean":0.0134135726839,"dmean2":0.0228183995932,"dvar":0.000191070008441,"dvar2":0.000537523417734,"max":0.500000119209,"mean":0.476968944073,"median":0.482089042664,"min":0.352265805006,"var":0.000335038552294},"dynamic_complexity":2.2375254631,"erbbands":{"dmean":[0.0244463253766,0.45569679141,1.48898291588,2.37366557121,7.80767917633,5.57476997375,6.4728012085,11.1025819778,13.0644187927,23.8066692352,16.5960197449,19.3867912292,18.5082740784,11.16792202,13.8858003616,16.1809253693,10.91451931,15.7045688629,11.7870941162,11.6959142685,9.58011722565,9.74559688568,10.9659538269,18.827381134,21.6121749878,18.7221622467,13.1504068375,9.41940402985,6.64283561707,3.37319517136,1.901466012,0.926191747189,0.40446048975,0.221771538258,0.177904337645,0.0364288017154,0.00681046722457,0.000953502720222,0.0000935729622142,0.0000104576683952],"dmean2":[0.0367545410991,0.694796264172,2.43093132973,4.11459589005,13.7350950241,9.39106369019,10.5732975006,17.4585380554,21.3092288971,39.7928085327,28.0535373688,32.2735977173,30.1191272736,18.2192611694,22.4375476837,26.4010066986,17.8697948456,25.6208362579,19.1768455505,18.8905315399,15.607544899,15.8734340668,17.7332954407,30.1524753571,33.977016449,29.2732486725,20.0872516632,14.2030420303,9.60908222198,4.87071084976,2.71965670586,1.33413398266,0.573260843754,0.313210219145,0.256263077259,0.0518963187933,0.00964262615889,0.00135609530844,0.000133023830131,0.0000152125758177],"dvar":[0.00102012220304,0.405938059092,8.23462867737,10.9460010529,196.211486816,71.0749053955,133.672790527,523.644470215,590.452087402,3008.13134766,1380.80981445,2163.92114258,1741.82739258,667.394287109,1142.6126709,1414.24987793,344.156219482,986.588134766,566.489501953,402.300323486,311.600494385,347.894744873,228.271636963,719.009460449,1006.47076416,729.743347168,245.756835938,138.074188232,91.5343933105,34.1504592896,11.0646858215,2.66672825813,0.442620486021,0.13113579154,0.136670604348,0.00616790959612,0.000206509372219,0.00000394767221223,3.43518138379e-8,1.95141638959e-10],"dvar2":[0.00209033745341,1.037083745,20.5781803131,30.5174598694,555.444213867,187.935531616,320.352966309,1149.14746094,1549.70812988,8163.66455078,4001.32128906,5969.20263672,4671.08154297,1789.08044434,2791.64257813,3630.87939453,868.645446777,2620.39038086,1519.23217773,1026.3560791,799.854064941,933.506103516,608.209350586,1869.15942383,2392.22241211,1840.29467773,586.578613281,313.047363281,199.073455811,78.5602416992,24.2618904114,5.82800722122,1.01636266708,0.290697306395,0.298663377762,0.0145734529942,0.000496079679579,0.00000944573093875,8.00999728767e-8,4.45849829278e-10],"max":[0.490904152393,8.20367527008,29.8357257843,40.6690750122,123.913764954,130.496398926,245.802505493,501.905395508,401.680236816,879.983703613,681.145019531,1021.08428955,730.970092773,585.945373535,1078.74243164,885.81262207,420.510650635,892.918334961,682.098693848,465.238677979,353.399078369,460.268676758,237.440460205,640.029052734,795.625610352,867.623901367,263.564941406,187.801376343,152.556594849,86.8778457642,47.031337738,22.7045879364,10.0634098053,6.12018728256,6.40538358688,2.19613742828,0.298482775688,0.0360106341541,0.00291773397475,0.000209298246773],"mean":[0.0434597991407,0.791552484035,2.0061480999,3.31228280067,8.62915706635,7.6827917099,10.3649396896,18.3955574036,20.8581142426,37.6813049316,27.4865722656,30.1526851654,28.8461399078,18.7653560638,23.4935817719,28.3273715973,20.2906665802,28.8751106262,21.1671924591,21.1926765442,17.2594470978,18.4702682495,24.3878765106,44.6405563354,53.3831367493,47.456161499,34.1589508057,23.7384223938,14.9287834167,6.12524271011,3.40449595451,1.62739920616,0.70580548048,0.387821137905,0.283635556698,0.0566165372729,0.0101677570492,0.00143211812247,0.000158877955982,0.0000374787596229],"median":[0.0236988663673,0.401466786861,1.0777438879,1.82367181778,3.29751753807,4.15084600449,5.40899419785,7.77965641022,8.0994682312,7.72931909561,9.9042596817,9.69264411926,9.97949123383,7.64655256271,8.2111158371,9.80050086975,11.9877490997,13.0003957748,10.8704023361,12.0389051437,10.0652942657,10.3660840988,16.9985370636,31.6750354767,36.9017333984,36.4079093933,26.9842815399,18.0662345886,9.53573703766,3.08437585831,1.56846356392,0.806577086449,0.411068588495,0.229436025023,0.0996997058392,0.0219109486789,0.00420437892899,0.000589484581724,0.0000806013704278,0.0000352042043232],"min":[4.09369395563e-23,4.67638461176e-22,1.86437543561e-21,4.08226233875e-21,8.97959808006e-21,3.39663527034e-20,5.05538022957e-20,8.39963008709e-20,5.75177453999e-20,1.54103127733e-19,2.2455898604e-19,2.99937783913e-19,3.66574471783e-19,4.84306804024e-19,5.25747673834e-19,9.59980737586e-19,1.04121876593e-18,1.82350373715e-18,3.31705381334e-18,2.63170696529e-18,3.59803672767e-18,3.90188001899e-18,5.89178995471e-18,5.93931230809e-18,6.48618167697e-18,8.49316296617e-18,6.27886540005e-18,9.78263083484e-18,7.61141076707e-18,9.01242311416e-18,1.1626195563e-17,1.0486762541e-17,8.97504282228e-18,6.53445180162e-18,5.98443459691e-18,3.86908768438e-18,2.20605078221e-18,9.62685514791e-19,2.28066722976e-19,2.68728249708e-20],"var":[0.00304851960391,0.965849280357,9.5591468811,16.891740799,192.140640259,92.9048690796,311.637359619,1248.49499512,1187.30297852,6202.99511719,2806.68334961,4377.74804688,3404.70776367,1455.49487305,2727.97607422,3459.24121094,820.538024902,2518.96679688,1020.58837891,850.980895996,504.768493652,777.67791748,629.499267578,2109.74243164,3213.11254883,2333.38867188,814.309692383,428.342224121,242.746063232,61.9599189758,21.0582427979,4.88340473175,0.745951712132,0.239538282156,0.240922808647,0.00915425084531,0.000289025891107,0.00000541863619219,4.9439925931e-8,4.86950979539e-10]},"erbbands_crest":{"dmean":2.57486391068,"dmean2":4.2317943573,"dvar":7.25558185577,"dvar2":18.2105064392,"max":28.6707553864,"mean":8.2138671875,"median":6.82014322281,"min":2.4884531498,"var":19.4112567902},"erbbands_flatness_db":{"dmean":0.016543507576,"dmean2":0.0243822038174,"dvar":0.000269248499535,"dvar2":0.000567161652725,"max":0.328549861908,"mean":0.157325163484,"median":0.154148966074,"min":0.0393518321216,"var":0.00119781075045},"erbbands_kurtosis":{"dmean":0.788852214813,"dmean2":1.33215391636,"dvar":1.65774440765,"dvar2":4.58491659164,"max":28.332075119,"mean":-0.341426849365,"median":-0.690880060196,"min":-1.83359849453,"var":2.02852606773},"erbbands_skewness":{"dmean":0.402584761381,"dmean2":0.642898917198,"dvar":0.150434106588,"dvar2":0.383753091097,"max":5.12637042999,"mean":-0.107361234725,"median":-0.227488681674,"min":-3.31849312782,"var":0.657100915909},"erbbands_spread":{"dmean":8.78788089752,"dmean2":14.2159805298,"dvar":67.5671005249,"dvar2":170.659606934,"max":117.761512756,"mean":45.8167953491,"median":44.4468460083,"min":6.21523189545,"var":240.71434021},"gfcc":{"cov":[[29993.3652344,1807.77270508,-3306.17114258,1178.85119629,-1662.2454834,178.683059692,-855.466064453,-45.2774467468,-866.302246094,-84.5463867188,-493.037322998,-104.902183533,-213.469451904],[1807.77270508,687.515197754,-206.472518921,112.434059143,-84.0196380615,-65.3213500977,48.8689498901,-34.6829414368,-2.37660074234,29.4568462372,79.093711853,-41.7650108337,9.61324119568],[-3306.17114258,-206.472518921,764.52734375,-30.2734527588,148.827987671,-21.5212478638,21.4912796021,7.97143125534,106.826225281,43.2354125977,26.4169597626,48.8382301331,-4.77488517761],[1178.85119629,112.434059143,-30.2734527588,261.831848145,-8.45544433594,-10.5298604965,-35.4852333069,-12.0847969055,-3.85771870613,-6.34227275848,-38.1888809204,23.0820903778,14.6342172623],[-1662.2454834,-84.0196380615,148.827987671,-8.45544433594,233.654144287,52.3272819519,74.8429412842,-5.82405614853,36.8917388916,-12.1227989197,21.402803421,11.2169027328,40.5684967041],[178.683059692,-65.3213500977,-21.5212478638,-10.5298604965,52.3272819519,166.14755249,50.7834701538,-4.71119880676,-25.4397087097,-10.8234167099,-19.6328411102,7.37508821487,-0.889819264412],[-855.466064453,48.8689498901,21.4912796021,-35.4852333069,74.8429412842,50.7834701538,163.485427856,31.9518356323,36.3687667847,14.8650865555,48.2044067383,-9.86321735382,9.33421516418],[-45.2774467468,-34.6829414368,7.97143125534,-12.0847969055,-5.82405614853,-4.71119880676,31.9518356323,113.90586853,51.0323944092,20.8723602295,14.4677934647,-7.1924123764,-1.9745721817],[-866.302246094,-2.37660074234,106.826225281,-3.85771870613,36.8917388916,-25.4397087097,36.3687667847,51.0323944092,140.609786987,59.0145950317,32.1855506897,-4.42798185349,-8.9358587265],[-84.5463867188,29.4568462372,43.2354125977,-6.34227275848,-12.1227989197,-10.8234167099,14.8650865555,20.8723602295,59.0145950317,115.514732361,61.2529907227,1.72815108299,-16.7374248505],[-493.037322998,79.093711853,26.4169597626,-38.1888809204,21.402803421,-19.6328411102,48.2044067383,14.4677934647,32.1855506897,61.2529907227,122.345458984,21.0714492798,12.1581230164],[-104.902183533,-41.7650108337,48.8382301331,23.0820903778,11.2169027328,7.37508821487,-9.86321735382,-7.1924123764,-4.42798185349,1.72815108299,21.0714492798,77.9372024536,35.676738739],[-213.469451904,9.61324119568,-4.77488517761,14.6342172623,40.5684967041,-0.889819264412,9.33421516418,-1.9745721817,-8.9358587265,-16.7374248505,12.1581230164,35.676738739,79.397644043]],"icov":[[0.000536707811989,-0.00111676042434,0.00141908845399,-0.00138619192876,0.00153505720664,-0.00167268817313,0.00202428502962,-0.00173294974957,0.00187824398745,-0.00133961171377,0.00126244395506,-0.000991098582745,0.00101590203121],[-0.00111676042434,0.00505671557039,-0.0026045856066,0.00114588683937,-0.00169191788882,0.00396306673065,-0.00549869937822,0.00529313459992,-0.00438094930723,0.0034305122681,-0.00544112920761,0.00487308204174,-0.0034220169764],[0.00141908845399,-0.0026045856066,0.0056912060827,-0.00348435388878,0.00278187380172,-0.00364266196266,0.00528098735958,-0.00421834317967,0.00398085918278,-0.00396400596946,0.00371906906366,-0.00426783645526,0.00388784706593],[-0.00138619192876,0.00114588683937,-0.00348435388878,0.0091113941744,-0.00528212357312,0.00465962011367,-0.00422421563417,0.00370116718113,-0.00485003367066,0.00197822856717,0.00087536330102,-0.00122227543034,-0.00212844554335],[0.00153505720664,-0.00169191788882,0.00278187380172,-0.00528212357312,0.0128860278055,-0.00708154402673,0.00331134349108,-0.00227633770555,0.00271268701181,-0.00103790930007,0.000442082731752,0.00101132586133,-0.00207214732654],[-0.00167268817313,0.00396306673065,-0.00364266196266,0.00465962011367,-0.00708154402673,0.0142983254045,-0.0100882947445,0.00537059875205,-0.00302075478248,0.00185106752906,-0.000219033376197,-0.000118093339552,-0.000819950946607],[0.00202428502962,-0.00549869937822,0.00528098735958,-0.00422421563417,0.00331134349108,-0.0100882947445,0.0186305698007,-0.00914961006492,0.00543986912817,-0.00347755220719,0.00106789928395,-0.00179526314605,0.00350396265276],[-0.00173294974957,0.00529313459992,-0.00421834317967,0.00370116718113,-0.00227633770555,0.00537059875205,-0.00914961006492,0.0179840754718,-0.0108569776639,0.00509656127542,-0.00573816243559,0.00561075750738,-0.00527977151796],[0.00187824398745,-0.00438094930723,0.00398085918278,-0.00485003367066,0.00271268701181,-0.00302075478248,0.00543986912817,-0.0108569776639,0.019994629547,-0.0109076043591,0.0065974034369,-0.00405843788758,0.00514850066975],[-0.00133961171377,0.0034305122681,-0.00396400596946,0.00197822856717,-0.00103790930007,0.00185106752906,-0.00347755220719,0.00509656127542,-0.0109076043591,0.0202413313091,-0.0128992544487,0.00463136658072,-0.000599855673499],[0.00126244395506,-0.00544112920761,0.00371906906366,0.00087536330102,0.000442082731752,-0.000219033376197,0.00106789928395,-0.00573816243559,0.0065974034369,-0.0128992544487,0.0227265041322,-0.0111868474633,0.00318865571171],[-0.000991098582745,0.00487308204174,-0.00426783645526,-0.00122227543034,0.00101132586133,-0.000118093339552,-0.00179526314605,0.00561075750738,-0.00405843788758,0.00463136658072,-0.0111868474633,0.0258728098124,-0.0128467092291],[0.00101590203121,-0.0034220169764,0.00388784706593,-0.00212844554335,-0.00207214732654,-0.000819950946607,0.00350396265276,-0.00527977151796,0.00514850066975,-0.000599855673499,0.00318865571171,-0.0128467092291,0.0226102676243]],"mean":[-5.88419818878,82.1093978882,-132.450942993,54.0839767456,-65.5958862305,2.62445092201,-23.880525589,4.30598497391,-25.9531536102,7.74352455139,-12.1582098007,-6.18958091736,-9.87481498718]},"hfc":{"dmean":6.12754058838,"dmean2":8.4573431015,"dvar":45.9582290649,"dvar2":93.4591369629,"max":94.0228118896,"mean":26.5396671295,"median":24.5289077759,"min":1.0781262331e-16,"var":252.951263428},"melbands":{"dmean":[0.000346778106177,0.000706917431671,0.000569614989217,0.000517258537002,0.00019782637537,0.000239126733504,0.000231448313571,0.000242795795202,0.000153428045451,0.000117732262879,0.0000923499901546,0.000045730612328,0.0000489432641189,0.0000459120201413,0.0000350837144651,0.0000266951592494,0.0000325708824676,0.0000203988420253,0.0000195938664547,0.0000154973386088,0.0000115573284347,0.0000112071020339,0.0000100228489828,0.0000105342724055,0.0000172203181137,0.0000191704002646,0.0000150747519001,0.0000138028326546,0.00000959708813753,0.00000801251917437,0.00000534604396307,0.00000429896454079,0.00000350018353856,0.0000014569495761,0.00000105086019175,0.0000011876887811,4.16709639239e-7,2.9434667681e-7,2.43858011117e-7,1.7587744594e-7],"dmean2":[0.000516513944604,0.00112484174315,0.000995202222839,0.000890108931344,0.00032259064028,0.000377953343559,0.000382709404221,0.000403404585086,0.000260341592366,0.000195763888769,0.000150478954311,0.0000745021825423,0.0000796562235337,0.0000745630532037,0.0000576767233724,0.0000433408786193,0.0000535064646101,0.000033389620512,0.0000318035963573,0.0000251939545706,0.0000191070994333,0.0000184988421097,0.0000163921940839,0.0000171173105628,0.0000278810603049,0.0000308426788251,0.0000239441287704,0.0000219040994125,0.0000150786190716,0.0000126065933728,0.0000081490697994,0.00000645167301627,0.00000518265960636,0.00000215780937651,0.00000151204312715,0.00000179236326403,5.97422115334e-7,4.26369297202e-7,3.58848666338e-7,2.52915441479e-7],"dvar":[2.11443278886e-7,0.00000141473742588,6.73610657032e-7,7.62720901548e-7,1.04582561278e-7,2.11963239849e-7,2.12230872876e-7,3.2404710737e-7,1.45564044374e-7,7.05343410345e-8,4.49822721293e-8,1.14397087358e-8,1.42391849423e-8,1.21525767227e-8,5.3804467548e-9,2.67130695342e-9,4.65282479212e-9,2.17564166682e-9,1.43833034372e-9,1.15628961961e-9,4.65926019988e-10,4.95094021336e-10,2.53356752244e-10,1.9806688234e-10,6.49688081111e-10,8.80892303545e-10,4.47700376771e-10,5.11092113076e-10,1.42085065935e-10,1.04381336907e-10,4.67132443838e-11,3.55939236418e-11,4.00818059298e-11,7.51678320282e-12,3.55096637858e-12,5.50842487942e-12,5.40470825646e-13,2.50228115138e-13,1.78115890635e-13,8.86278558681e-14],"dvar2":[4.60611204289e-7,0.00000370147040485,0.00000193117944036,0.00000208653841582,2.53852647347e-7,4.74213379675e-7,5.87553472542e-7,8.79434480794e-7,4.27609535336e-7,1.93664078552e-7,1.20676972415e-7,3.05162721759e-8,3.51370239571e-8,3.17520409965e-8,1.36296760544e-8,6.49413944842e-9,1.26360015784e-8,5.99587135497e-9,3.70031627561e-9,2.76757861073e-9,1.21242160755e-9,1.35398170453e-9,6.68539390514e-10,5.29540911121e-10,1.69904434966e-9,2.29902163973e-9,1.04089004083e-9,1.30087318695e-9,3.58275326073e-10,2.58472826475e-10,1.10814246668e-10,8.24330534388e-11,9.47922018657e-11,1.82753291667e-11,8.05961374029e-12,1.27862677043e-11,1.23154069408e-12,5.88531990069e-13,4.29959073987e-13,1.98548290439e-13],"max":[0.00716783525422,0.0118420561776,0.00719581637532,0.00679661752656,0.00769447535276,0.00976553652436,0.00716624874622,0.0093591157347,0.00595736363903,0.00548184663057,0.00374350952916,0.00240974547341,0.0033621864859,0.0019146068953,0.0023139140103,0.00153582391795,0.00195984984748,0.00155129260384,0.00108860840555,0.00111452583224,0.000422194018029,0.000483128300402,0.000374584808014,0.000245468283538,0.000604691158514,0.000717812625226,0.000681032426655,0.00081153656356,0.000290510331979,0.00015308179718,0.000106520419649,0.000107765161374,0.000153669257998,0.0000402506739192,0.0000283526478597,0.0000400598000851,0.00000916194676392,0.00000706095852365,0.00001232640534,0.00000554949883735],"mean":[0.000633511052001,0.00109814677853,0.000746039440855,0.000632454582956,0.000335767428624,0.000402725068852,0.000361960177543,0.000387120206142,0.000243286980549,0.000178233007318,0.000140406627906,0.0000727672959329,0.0000773947322159,0.0000772568528191,0.0000570209085708,0.0000447072416137,0.0000558066312806,0.0000328040805471,0.0000326921472151,0.000024916645998,0.000019170665837,0.0000190443442989,0.0000192738116311,0.0000227981672651,0.0000370932684746,0.0000418434137828,0.0000341003069479,0.0000315207435051,0.0000225914081966,0.0000179310118256,0.0000122523206301,0.00000925784388528,0.00000599042641625,0.0000023450329536,0.0000018081551616,0.00000191983008335,6.73028068832e-7,4.89659441882e-7,4.12007011619e-7,2.92125321266e-7],"median":[0.000323742686305,0.000666742795147,0.00040128143155,0.000278642808553,0.000197291039512,0.000180866598384,0.000118644551549,0.0000819084380055,0.0000689639273332,0.000056257846154,0.0000420976975875,0.0000265994476649,0.0000245032370003,0.0000223463557631,0.0000237530020968,0.0000222685357585,0.0000220253659791,0.0000146776692418,0.0000168054375536,0.0000127469211293,0.0000108430467662,0.00000973715759756,0.0000118898906294,0.0000165164856298,0.0000249986696872,0.0000263359925157,0.000024948412829,0.0000233899645536,0.0000174805390998,0.000013396108443,0.00000877515503817,0.00000610960614722,0.00000290854609375,0.00000111134113467,8.29627936128e-7,7.5915522757e-7,3.40998923321e-7,2.73860166544e-7,2.4215401595e-7,1.66986225736e-7],"min":[3.07877718773e-25,1.02144727401e-24,1.08654249819e-24,1.17307629936e-24,1.83397716183e-24,1.98595437067e-24,7.72880703345e-25,1.4372474755e-24,1.61748819007e-24,1.89146106156e-24,1.81650625936e-24,1.58706912192e-24,1.11391350641e-24,2.02580131271e-24,2.85828169004e-24,1.84014861791e-24,2.64471357438e-24,4.05640718276e-24,3.58700615073e-24,3.18784766029e-24,3.46149009767e-24,2.6312266167e-24,3.74378594476e-24,4.15590620874e-24,4.58709245194e-24,4.58585670133e-24,3.77739654692e-24,3.3624328338e-24,2.94802270383e-24,4.79624866576e-24,4.4901079201e-24,3.55327366957e-24,5.43611622852e-24,4.01538878227e-24,5.66859117071e-24,5.33316435837e-24,5.50414838185e-24,6.15898260814e-24,6.72844078523e-24,4.46894712074e-24],"var":[6.43056637273e-7,0.00000189626575775,8.4258061861e-7,8.16012459381e-7,2.50926007084e-7,5.17336331995e-7,4.17914151285e-7,6.87107217345e-7,2.87351156203e-7,1.38522707971e-7,8.8396660658e-8,2.43001565536e-8,3.12759276255e-8,2.90478308074e-8,1.11500320088e-8,6.47291420464e-9,1.09919247038e-8,3.49847950609e-9,2.66152744288e-9,2.12033390845e-9,7.05729641393e-10,1.01469810332e-9,5.82870307575e-10,5.12329567659e-10,1.67190838951e-9,2.3517960912e-9,1.31477773113e-9,1.41081046845e-9,3.9830508336e-10,2.71338146396e-10,1.30599739356e-10,9.0945043163e-11,7.01445915241e-11,1.07249573805e-11,6.09489325329e-12,9.42352879757e-12,8.3747857824e-13,3.87160274543e-13,2.73891478074e-13,1.52483399713e-13]},"melbands_crest":{"dmean":3.55464863777,"dmean2":5.92580795288,"dvar":9.98952579498,"dvar2":26.9817848206,"max":31.6604976654,"mean":12.3169603348,"median":11.4833984375,"min":1.5957647562,"var":23.8436813354},"melbands_flatness_db":{"dmean":0.0263221487403,"dmean2":0.0407763123512,"dvar":0.000619492551778,"dvar2":0.00142922392115,"max":0.348131775856,"mean":0.152703568339,"median":0.146661713719,"min":0.00252033304423,"var":0.00285092834383},"melbands_kurtosis":{"dmean":4.92328453064,"dmean2":8.07617378235,"dvar":59.2424430847,"dvar2":149.972991943,"max":145.415390015,"mean":8.49366664886,"median":5.21888780594,"min":-1.76064360142,"var":141.748184204},"melbands_skewness":{"dmean":0.681546211243,"dmean2":1.10258460045,"dvar":0.511395871639,"dvar2":1.31303465366,"max":10.651845932,"mean":2.27957057953,"median":2.1051928997,"min":-0.997331619263,"var":1.84772098064},"melbands_spread":{"dmean":10.8961334229,"dmean2":17.5106887817,"dvar":113.026092529,"dvar2":284.304443359,"max":162.81628418,"mean":38.3627967834,"median":34.4667015076,"min":1.83182215691,"var":553.401550293},"mfcc":{"cov":[[10101.4853516,870.715148926,-367.854949951,433.313842773,-236.814544678,105.297286987,-32.2109451294,12.4808073044,-112.085243225,-57.2407226563,-196.013595581,-222.098724365,-150.051223755],[870.715148926,648.639038086,-2.37759399414,162.949920654,-83.3227462769,12.4574069977,59.3459701538,-55.6570091248,-23.246339798,11.889591217,54.7715492249,49.3700332642,16.8741703033],[-367.854949951,-2.37759399414,354.149505615,63.536075592,30.9104537964,-3.7431833744,-56.9695205688,-17.7977142334,2.37695479393,-23.341878891,32.4799194336,55.6573371887,20.4866008759],[433.313842773,162.949920654,63.536075592,278.246276855,18.8989944458,8.42701816559,-31.1268787384,-9.41618537903,16.7284507751,-12.5226240158,0.0633701756597,24.7820854187,-3.90355920792],[-236.814544678,-83.3227462769,30.9104537964,18.8989944458,135.873840332,22.8224201202,-8.914935112,13.8177223206,20.8833560944,-3.23009371758,-29.5338802338,-11.5216083527,10.5500001907],[105.297286987,12.4574069977,-3.7431833744,8.42701816559,22.8224201202,173.330947876,35.0927276611,29.6201839447,4.72005414963,2.11443257332,-11.6242275238,-13.5937547684,-10.5140857697],[-32.2109451294,59.3459701538,-56.9695205688,-31.1268787384,-8.914935112,35.0927276611,147.891036987,23.3871383667,-2.38514471054,7.5035777092,4.16289186478,-13.7631311417,7.20217132568],[12.4808073044,-55.6570091248,-17.7977142334,-9.41618537903,13.8177223206,29.6201839447,23.3871383667,102.958831787,33.745929718,2.7282345295,-14.4271268845,-15.1536998749,-10.276930809],[-112.085243225,-23.246339798,2.37695479393,16.7284507751,20.8833560944,4.72005414963,-2.38514471054,33.745929718,79.4192199707,31.8432922363,3.04713654518,3.07652997971,-0.677174270153],[-57.2407226563,11.889591217,-23.341878891,-12.5226240158,-3.23009371758,2.11443257332,7.5035777092,2.7282345295,31.8432922363,90.3381729126,45.1151351929,22.2790679932,12.446554184],[-196.013595581,54.7715492249,32.4799194336,0.0633701756597,-29.5338802338,-11.6242275238,4.16289186478,-14.4271268845,3.04713654518,45.1151351929,105.121353149,66.0221099854,19.2624282837],[-222.098724365,49.3700332642,55.6573371887,24.7820854187,-11.5216083527,-13.5937547684,-13.7631311417,-15.1536998749,3.07652997971,22.2790679932,66.0221099854,97.1747283936,41.9998207092],[-150.051223755,16.8741703033,20.4866008759,-3.90355920792,10.5500001907,-10.5140857697,7.20217132568,-10.276930809,-0.677174270153,12.446554184,19.2624282837,41.9998207092,68.9930419922]],"icov":[[0.00014681518951,-0.000181630530278,0.000106748040707,-0.000193331638002,0.000218605797272,-0.0000681985839037,0.000195218293811,-0.00017356807075,0.000265418377239,-0.000169511607965,0.000232794409385,0.000297393562505,0.0000181888754014],[-0.000181630530278,0.00266682240181,0.00000206664435609,-0.0014128658222,0.00113785103895,-0.000209393838304,-0.00153468560893,0.00137646042276,-0.0000749094542698,0.0000735615103622,-0.000721115618944,-0.000671617686749,-0.000372312235413],[0.000106748040707,0.00000206664435609,0.00373881799169,-0.000621318758931,-0.000716677866876,-0.000333679985488,0.00117823446635,0.000193794679944,-0.000334383192239,0.00188532855827,-0.00125628011301,-0.00113408418838,-0.000251355639193],[-0.000193331638002,-0.0014128658222,-0.000621318758931,0.00545477354899,-0.0015898749698,-0.0000655087715131,0.000952842005063,0.000169131337316,-0.00182029139251,0.00111809559166,0.000733264256269,-0.00211507012136,0.0014403203968],[0.000218605797272,0.00113785103895,-0.000716677866876,-0.0015898749698,0.010223582387,-0.00137210695539,0.00010652893252,0.000144662248204,-0.00150680553634,-0.000868003000505,0.00287616648711,0.00135295430664,-0.00292682298459],[-0.0000681985839037,-0.000209393838304,-0.000333679985488,-0.0000655087715131,-0.00137210695539,0.00667458027601,-0.00154331512749,-0.0016339084832,0.000805934949312,-0.000808587879874,0.000577449623961,-0.000362702616258,0.00135632616002],[0.000195218293811,-0.00153468560893,0.00117823446635,0.000952842005063,0.00010652893252,-0.00154331512749,0.00934062618762,-0.0025661312975,0.000843454094138,0.000247742776992,-0.00178194139153,0.00330164702609,-0.00265361368656],[-0.00017356807075,0.00137646042276,0.000193794679944,0.000169131337316,0.000144662248204,-0.0016339084832,-0.0025661312975,0.0136797325686,-0.00636034784839,0.00166286376771,0.000408982654335,-0.000669594388455,0.00120334292296],[0.000265418377239,-0.0000749094542698,-0.000334383192239,-0.00182029139251,-0.00150680553634,0.000805934949312,0.000843454094138,-0.00636034784839,0.0197072532028,-0.00837105512619,0.00260334601626,-0.000670996319968,0.00129487051163],[-0.000169511607965,0.0000735615103622,0.00188532855827,0.00111809559166,-0.000868003000505,-0.000808587879874,0.000247742776992,0.00166286376771,-0.00837105512619,0.0192457139492,-0.00981055293232,0.00195508892648,-0.00265715504065],[0.000232794409385,-0.000721115618944,-0.00125628011301,0.000733264256269,0.00287616648711,0.000577449623961,-0.00178194139153,0.000408982654335,0.00260334601626,-0.00981055293232,0.0242146104574,-0.0147969285026,0.00503485416993],[0.000297393562505,-0.000671617686749,-0.00113408418838,-0.00211507012136,0.00135295430664,-0.000362702616258,0.00330164702609,-0.000669594388455,-0.000670996319968,0.00195508892648,-0.0147969285026,0.0282681435347,-0.0131148546934],[0.0000181888754014,-0.000372312235413,-0.000251355639193,0.0014403203968,-0.00292682298459,0.00135632616002,-0.00265361368656,0.00120334292296,0.00129487051163,-0.00265715504065,0.00503485416993,-0.0131148546934,0.0229615587741]],"mean":[-624.758605957,97.8394012451,-10.3944559097,45.8030204773,-15.4256238937,7.37296247482,5.01253843307,-4.31762361526,-2.33142566681,3.79005050659,2.00816774368,-0.0187934748828,-2.09349226952]},"pitch_salience":{"dmean":0.0732697024941,"dmean2":0.119729779661,"dvar":0.00408951565623,"dvar2":0.0106487711892,"max":0.942302405834,"mean":0.566591024399,"median":0.57516002655,"min":0.130114600062,"var":0.0126275476068},"silence_rate_20dB":{"dmean":0,"dmean2":0,"dvar":0,"dvar2":0,"max":1,"mean":1,"median":1,"min":1,"var":0},"silence_rate_30dB":{"dmean":0,"dmean2":0,"dvar":0,"dvar2":0,"max":1,"mean":1,"median":1,"min":1,"var":0},"silence_rate_60dB":{"dmean":0.00274382648058,"dmean2":0.00548833748326,"dvar":0.00273639638908,"dvar2":0.00620696647093,"max":1,"mean":0.0441451556981,"median":0,"min":0,"var":0.0421956479549},"spectral_centroid":{"dmean":345.576416016,"dmean2":552.684082031,"dvar":103014.703125,"dvar2":248857.296875,"max":11658.625,"mean":2311.59204102,"median":2244.21313477,"min":532.867126465,"var":1669286.375},"spectral_complexity":{"dmean":4.97929668427,"dmean2":6.95921182632,"dvar":26.7714633942,"dvar2":45.2366142273,"max":61,"mean":27.6207752228,"median":28,"min":0,"var":169.76739502},"spectral_contrast_coeffs":{"dmean":[0.0571889393032,0.0542083084583,0.0408478602767,0.0297630000859,0.0214943401515,0.0196957420558],"dmean2":[0.0953650549054,0.0888936594129,0.0666085109115,0.0485835857689,0.0343922078609,0.0300174150616],"dvar":[0.00243559340015,0.00190896121785,0.00111431488767,0.000566281087231,0.000325362780131,0.000294432422379],"dvar2":[0.00647391472012,0.00508145987988,0.00288813025691,0.0014552018838,0.000770977698267,0.000663315993734],"max":[-0.374191433191,-0.42833340168,-0.488833457232,-0.595899939537,-0.600413501263,-0.544592380524],"mean":[-0.657205939293,-0.714601695538,-0.771048665047,-0.790320575237,-0.778122901917,-0.688583433628],"median":[-0.660964369774,-0.720536053181,-0.779751718044,-0.794707894325,-0.779013216496,-0.680577933788],"min":[-0.982440710068,-0.977390348911,-0.975647270679,-0.97071158886,-0.967400848866,-0.964252054691],"var":[0.00746681820601,0.00800615269691,0.00558659993112,0.00301852682605,0.00211587920785,0.00290768104605]},"spectral_contrast_valleys":{"dmean":[0.412950277328,0.346354722977,0.313646912575,0.27721208334,0.214932844043,0.315873324871],"dmean2":[0.68236130476,0.568943619728,0.493721574545,0.4218313694,0.307030469179,0.383204877377],"dvar":[0.127075448632,0.0948725640774,0.0853051915765,0.0899342745543,0.0648129954934,0.11212836206],"dvar2":[0.301821708679,0.210712596774,0.169502869248,0.160929501057,0.0980173945427,0.173592552543],"max":[-5.67833185196,-5.16618728638,-5.52852201462,-5.74994659424,-5.49325370789,-8.39624595642],"mean":[-7.66151857376,-7.02463674545,-7.65464258194,-7.81861591339,-7.18276357651,-10.3499708176],"median":[-7.20165252686,-6.56994009018,-7.21770429611,-7.36797952652,-6.71289777756,-9.96256351471],"min":[-28.2831726074,-28.1811904907,-27.9139938354,-27.6133060455,-27.524564743,-27.4498577118],"var":[7.33880758286,7.74876070023,7.36847639084,7.2747387886,7.62961912155,5.63115787506]},"spectral_decrease":{"dmean":1.47542666973e-9,"dmean2":2.38748620873e-9,"dvar":2.12354799471e-18,"dvar2":5.52879373701e-18,"max":2.55936116989e-17,"mean":-5.49756506985e-9,"median":-5.57206858431e-9,"min":-1.36725715194e-8,"var":6.73031534937e-18},"spectral_energy":{"dmean":0.00578674348071,"dmean2":0.00924224406481,"dvar":0.0000321785737469,"dvar2":0.0000820494387881,"max":0.0540488995612,"mean":0.0231562666595,"median":0.0237459130585,"min":1.00536097105e-20,"var":0.000113582187623},"spectral_energyband_high":{"dmean":0.000648550048936,"dmean2":0.000906593340915,"dvar":6.97760526691e-7,"dvar2":0.00000145399496887,"max":0.015657061711,"mean":0.00184607948177,"median":0.00139694160316,"min":6.98945160946e-21,"var":0.00000250055859397},"spectral_energyband_low":{"dmean":0.00278313853778,"dmean2":0.00433765538037,"dvar":0.0000154514455062,"dvar2":0.0000392287292925,"max":0.0384984016418,"mean":0.00514120236039,"median":0.00347291794606,"min":1.72220168523e-23,"var":0.000028622445825},"spectral_energyband_middle_high":{"dmean":0.00171618873719,"dmean2":0.0026006498374,"dvar":0.00000402580371883,"dvar2":0.0000095733521448,"max":0.0294725503772,"mean":0.0058999992907,"median":0.00450902059674,"min":1.13664854948e-21,"var":0.0000234220933635},"spectral_energyband_middle_low":{"dmean":0.00486366683617,"dmean2":0.00817797798663,"dvar":0.0000292154945782,"dvar2":0.0000811192730907,"max":0.0520183108747,"mean":0.0111052319407,"median":0.00935601536185,"min":1.65267621821e-22,"var":0.0000659805955365},"spectral_entropy":{"dmean":0.122880928218,"dmean2":0.174892470241,"dvar":0.0163801498711,"dvar2":0.0324498265982,"max":9.82439804077,"mean":7.79736328125,"median":7.79555225372,"min":6.41227674484,"var":0.130701720715},"spectral_flux":{"dmean":0.0185600426048,"dmean2":0.0301770418882,"dvar":0.000335540913511,"dvar2":0.000793687417172,"max":0.189312189817,"mean":0.0858220458031,"median":0.086841262877,"min":6.37914929214e-11,"var":0.00104006915353},"spectral_kurtosis":{"dmean":0.919066786766,"dmean2":1.61211001873,"dvar":0.733633816242,"dvar2":2.17851662636,"max":11.1627435684,"mean":2.33589434624,"median":2.15929150581,"min":-1.25387632847,"var":1.54472386837},"spectral_rms":{"dmean":0.000594162440393,"dmean2":0.000936844444368,"dvar":3.24727750467e-7,"dvar2":7.87649071299e-7,"max":0.00726158590987,"mean":0.00455124070868,"median":0.00481318449602,"min":3.13183658694e-12,"var":0.00000187762827863},"spectral_rolloff":{"dmean":715.391479492,"dmean2":1193.67687988,"dvar":733566.875,"dvar2":1635504.125,"max":19875.1464844,"mean":2736.42163086,"median":2799.31640625,"min":86.1328125,"var":6781395.5},"spectral_skewness":{"dmean":0.147630602121,"dmean2":0.242474153638,"dvar":0.0157357268035,"dvar2":0.0420711971819,"max":1.79772496223,"mean":0.803223967552,"median":0.801224768162,"min":-0.0832380652428,"var":0.065608561039},"spectral_spread":{"dmean":341787.8125,"dmean2":505991.75,"dvar":303966388224,"dvar2":533578711040,"max":42787116,"mean":4581930.5,"median":3950287.25,"min":2242694.25,"var":22079327961100},"spectral_strongpeak":{"dmean":0.65180003643,"dmean2":1.1173876524,"dvar":1.04422390461,"dvar2":2.6560485363,"max":16.1093196869,"mean":0.999493479729,"median":0.548432230949,"min":0,"var":1.46891856194},"zerocrossingrate":{"dmean":0.0102756470442,"dmean2":0.0123315835372,"dvar":0.0000934300915105,"dvar2":0.000146484439028,"max":0.63232421875,"mean":0.0876041948795,"median":0.08056640625,"min":0.01220703125,"var":0.00383865088224}},"metadata":{"audio_properties":{"analysis_sample_rate":44100,"bit_rate":192000,"codec":"mp3","downmix":"mix","equal_loudness":0,"length":186.174697876,"lossless":false,"md5_encoded":"fd220a7da00e0894db1941877b16854e","replay_gain":-14.0577163696,"sample_rate":44100},"tags":{"acoustid_fingerprint":["AQADtNIyMWKUJMgb6OKq4jseTgibh0j9oOSsQHsLuwitREZvPD1-4t1x28GPnIeXKCy0S8ev4wp1NJvRt0JtThBza-hlPMEXfIuF_sb_wRfamfhRKzvEkYGfoydOVBwpNM_xHJ0_aNkifHgto_aR8iiZB3083BzxGY6PExePPCH6D_eDbzz65dCyIt-D_0cliYF9PEcjaiUuxEq-4Dz0D9E_XEGfwzs-fLvxZvjSCj2ua-hTI9-hXcOMnEHIbFGPKx92NGfxQ3GiHz08ZrFx84XXHOb0HJV4fFvRPCnKvPhe5PNwCo1YlPLxHeUNH5Vr5Dn04P2iouRxHP4yaKIPHV2Q85GIbTx6JSKOab2QHv-hRWyMiNRxGbUCI-QIXokMdWMQ7oF_XMcX44K9DYy8CleKR9KLUIoSHlp6RHiwJz9ufEaZg2uOZh2OTzrO45wH5lmKZOF4I8coPkKtwE2Nh0euxA20P7iKK-mRPBn-oDfRfMfxEU-UDM9OfA_KH2EK_QgT_ug_nJkFP_hx5cLjo5Z5eI_RIyf859Bp_EfSD01SPagfDRe2C7cysIt-5Eh-oSn61vi44zqsB9eRfxDjLOAjUcJzKMRPNJLCTKicoZQNnxBHPuhxtEkohKkY4-jR9LhRxcOU7vjAjwgfCs0D9Whf1PoEPTl6I0soJsWN_5jkXGiO8leEpjlyvdCuIX101DxePOPxR-h1NPmK43hIfMG9iej0oNmR59DSpEW4Cd-DJs-FUrtx5cclpig7NAuu4soV-MZxXehFoxknvDniToaPJzgd6FeMk4fQGNNpQ1WY4UZ1HVOcED2aH5cu7EITB9PyozJzNE92KEYbIz0PlmGO57iG_-hV_EL2fFDJo1F-hI1CBV-IpggfHX3EQIsa4iKPOfgjhBeLBsd1XFkSFY3-o8fz4O-EZE-MMGky_KhxHg8P_0OvEzkJTUdokTqeSC2uE2ZU5Bq-RtDDPEj14zSuLMd_fMaXxESuJ6jEwIl8XCIeH76uQD-8HGGqHtc83FqOpjZqHX_xMaGFd5jyHV2SHb0KPwSjk0HuxtARnoOno8ykDHkeDXrGBFmSf_gUNEoi4flxIl1kQg-eHWHEMAzK3Lgu5CIePPiDJ8sTNDoqWseXHv3hX9BzREYtV_h39EuP5sZ1_MedKD4as0P3FzmP6XugJdVyIb90PMPRwityaKaOUGcPKvHQjDp-HO15IVn2HLmC54Jj5vgbPLGEkB50ZPmON5aCo81R7sPJBEyzw_OD7kbMQxfyHffB9Gh2CVfwY0qo8PjRpEe-GnrwIz_saMe-B58d9Dkuf3gC18vBx8f1oHGYSuBd_HiOJsd_nO3x5CiZGT34C7bmI2wI7Ue0M8J9NA7DCKeCpzhz1H6ROtVw5cQO7V2hHuSPMxdySpjI9DjsonaOdwi0MGKOXgMmykcavkKXMcKPNgjzNDjZoFYO_Yh_4jmsMHngmNnRI1cK7UFOvDo-scUZsPIKP0fFH6fKI6ag6_jjESc5hJlEhP_AEV07ONJhSpOOM3AvBsWFJvTxsvihPUc-ZsL1HXUiNnA-K7Big9E4_EGtI4x_PMeXQx8eFU1oTYasFR-HPKgXfPiCLwdzJp8Qpsuh7wzyE5fwMIerzBT2Cxfu41uGC--C_Eg23fCHj_hzvMGFUntw7BaP80TfRXCPhB_Cn7