{"lowlevel":{"average_loudness":0.560670614243,"barkbands":{"dmean":[0.00307037704624,0.00617277156562,0.00344472262077,0.00112869718578,0.00210690032691,0.00104338605888,0.00109124125447,0.000656410469674,0.000785825890489,0.000500176742207,0.000549058546312,0.000745733443182,0.000269779557129,0.000142711607623,0.0000908821893972,0.0000809506454971,0.0000670775189064,0.0000657859418425,0.0000562562963751,0.0000288377450488,0.0000226954707614,0.0000101529112726,0.0000056956332628,0.00000239713540395,0.00000171837666585,0.00000346945375895,0.0000424683203164],"dmean2":[0.00505594862625,0.0107714589685,0.0062575279735,0.00194146530703,0.00353470724076,0.00162639771588,0.0016657494707,0.00106028467417,0.00124523765408,0.000796249427367,0.000892879907042,0.00123852700926,0.000441775162471,0.000237187574385,0.000152396416524,0.000134783374961,0.000110592860437,0.000108682717837,0.0000902540414245,0.000044250402425,0.0000337001947628,0.0000155661291501,0.00000836404888105,0.00000379516177418,0.00000284246902993,0.00000513084887643,0.0000665606494294],"dvar":[0.000125646038214,0.000458939321106,0.0000274116409855,0.00000576475213165,0.0000419917269028,0.00000905098204385,0.0000166265544976,0.00000275340312328,0.00000777572859079,0.00000196743417291,0.000001936627541,0.00000233176183428,3.30613772803e-7,8.33139992551e-8,4.42845333737e-8,3.42630741557e-8,2.78619154415e-8,5.2746571555e-8,3.31572636014e-8,7.8915984858e-9,3.85150400461e-9,5.71608482769e-10,2.24759280631e-10,2.63192020261e-11,1.6272776529e-11,5.74566436096e-11,5.5749995731e-9],"dvar2":[0.000295317266136,0.00129068596289,0.0000870863586897,0.0000154318222485,0.000109801723738,0.000019909315597,0.0000367061984434,0.00000680317134538,0.0000188661251741,0.00000470551594844,0.00000460681212644,0.00000617111254542,8.87429791874e-7,2.16124789176e-7,1.14082531866e-7,9.07129802385e-8,7.14291630288e-8,1.40057764497e-7,8.21318408839e-8,1.79693060431e-8,7.77633246685e-9,1.30815502875e-9,4.38281327897e-10,6.10884190455e-11,3.91456485282e-11,1.21986365453e-10,1.32644251138e-8],"max":[0.200712114573,0.318126112223,0.0786607861519,0.0398491695523,0.121303901076,0.105380371213,0.137597635388,0.0427722819149,0.102977089584,0.0387052483857,0.0567601434886,0.0408234186471,0.012593309395,0.00710082659498,0.00503598246723,0.00390361761674,0.00370971462689,0.00443969061598,0.00327568221837,0.00369244534522,0.00167487096041,0.000620376202278,0.000827532901894,0.000137222246849,0.0000965365252341,0.000260654080193,0.00152168038767],"mean":[0.00310072442517,0.00688570039347,0.00401924271137,0.00134164327756,0.00266569643281,0.00184072938282,0.00175468740053,0.00093103107065,0.00118954200298,0.000787180964835,0.000909891736228,0.00133528176229,0.000471835810458,0.000255005375948,0.000160629919264,0.00015544964117,0.000120388940559,0.0000998891264317,0.0000966578372754,0.0000572311946598,0.0000474250446132,0.0000222684629989,0.0000113055157271,0.00000371819396605,0.00000168968097114,0.00000709054165782,0.000159017203259],"median":[0.000416963361204,0.00156427081674,0.00205741683021,0.000474941742141,0.000845867733005,0.000657951808535,0.000325023778714,0.000257290899754,0.000223400420509,0.000206011725822,0.000219972949708,0.000297290447634,0.00013755261898,0.0000609131857345,0.0000407898551202,0.0000244723705691,0.0000190488972294,0.0000112050111056,0.0000111526242108,0.00000844766327646,0.00000760248894949,0.00000416616876464,0.00000198856514544,0.00000110722112368,3.98212108621e-7,0.00000155743987307,0.0000339539838023],"min":[1.58279290416e-24,3.59974585992e-24,1.12617625057e-24,3.15733807035e-24,1.26467790076e-23,2.25445733981e-23,1.73171029904e-23,2.42738937641e-23,5.04162897793e-23,1.60076396417e-23,2.81461216471e-23,5.22153344053e-23,5.46944023752e-23,2.21581057075e-23,9.7943474312e-23,1.00186231109e-22,1.18776931098e-22,1.72507560017e-22,1.04020940767e-22,2.00705159572e-22,2.5934427037e-22,3.44554071857e-22,4.89371692711e-22,7.19445588426e-22,8.43921275947e-22,1.45891506671e-21,2.13625492033e-21],"var":[0.000123662961414,0.00035600096453,0.000031355615647,0.00000671954649079,0.0000439672876382,0.0000216014905163,0.0000361916827387,0.00000407973720939,0.0000123677909869,0.0000036631936382,0.0000045564543143,0.00000524636834598,6.28284396953e-7,1.57938274015e-7,7.45514654454e-8,6.58918892782e-8,5.10357729411e-8,6.02359691015e-8,4.98711969499e-8,1.79729084948e-8,1.05449124987e-8,1.61460778081e-9,6.85087042651e-10,4.34186783749e-11,1.72701540568e-11,1.70648717379e-10,4.18294234805e-8]},"barkbands_crest":{"dmean":3.12821269035,"dmean2":5.3940076828,"dvar":6.78916597366,"dvar2":19.9920463562,"max":24.7121315002,"mean":10.5240106583,"median":9.82195472717,"min":2.5749027729,"var":16.0142993927},"barkbands_flatness_db":{"dmean":0.0311366785318,"dmean2":0.051016304642,"dvar":0.000750367587898,"dvar2":0.00204357784241,"max":0.439903199673,"mean":0.177525058389,"median":0.171744048595,"min":0.0278380904347,"var":0.00411190465093},"barkbands_kurtosis":{"dmean":5.73459148407,"dmean2":10.0881633759,"dvar":79.8307800293,"dvar2":261.031188965,"max":169.023330688,"mean":9.19640922546,"median":5.47680950165,"min":-1.73722231388,"var":133.009109497},"barkbands_skewness":{"dmean":0.729023933411,"dmean2":1.23788869381,"dvar":0.507037699223,"dvar2":1.51467776299,"max":9.50028800964,"mean":1.98684966564,"median":1.7780880928,"min":-1.96563589573,"var":1.34924316406},"barkbands_spread":{"dmean":3.82053852081,"dmean2":6.1683177948,"dvar":20.153886795,"dvar2":45.9617118835,"max":102.688514709,"mean":13.993314743,"median":11.2482042313,"min":0.580407440662,"var":106.945137024},"dissonance":{"dmean":0.0278162620962,"dmean2":0.0470779389143,"dvar":0.000770246959291,"dvar2":0.00210997252725,"max":0.500000059605,"mean":0.447069108486,"median":0.460707992315,"min":0.165058419108,"var":0.00207489565946},"dynamic_complexity":4.97939014435,"erbbands":{"dmean":[0.271918743849,1.15136396885,3.64271998405,3.68123245239,5.04929208755,8.11873531342,8.71627807617,8.63339805603,13.4933977127,16.31432724,13.1345777512,17.8471088409,13.3324050903,18.5464992523,25.1571216583,27.3759498596,12.5429916382,7.45526313782,5.49218654633,3.93479657173,4.24050235748,3.6218059063,3.50157499313,3.42140364647,2.05452489853,1.39423120022,1.10354363918,0.737617850304,0.386185079813,0.248102813959,0.148196697235,0.06810695678,0.0328520052135,0.0195341613144,0.0121353957802,0.00735760480165,0.00691486336291,0.0054813916795,0.00271463999525,0.00138038466685],"dmean2":[0.471762537956,2.03320217133,6.60765457153,6.52422237396,8.71231269836,13.558599472,13.8484773636,13.5071344376,20.5304069519,25.7014408112,20.9558353424,28.3827972412,20.6806697845,29.4673671722,41.2910041809,45.1182937622,20.427028656,12.2367038727,9.12475013733,6.58250045776,7.06606006622,5.95967531204,5.78621387482,5.58902788162,3.20381832123,2.14749145508,1.6415926218,1.11641430855,0.589352846146,0.372622340918,0.217587858438,0.10521748662,0.0531104952097,0.0322425216436,0.020058279857,0.0119272088632,0.0102471644059,0.00771287176758,0.00389986042865,0.00215714238584],"dvar":[1.06903851032,11.7668209076,29.8669490814,38.0493125916,283.046722412,720.198486328,513.563903809,650.375854492,3168.35351562,2146.54833984,1148.06945801,4455.08447266,1501.69055176,3717.82299805,2820.91772461,3595.03125,680.499633789,244.862304688,137.479568481,82.0246200562,94.5596313477,87.3633956909,148.626907349,132.490341187,36.5657310486,18.0241641998,10.7687778473,3.77470326424,0.831110298634,0.426610052586,0.152179330587,0.0218153763562,0.00542442360893,0.0020912042819,0.000805038551334,0.000265756651061,0.000224867748329,0.000164233511896,0.0000418523814005,0.00000518047681908],"dvar2":[2.91474604607,34.0184173584,93.7819061279,109.773208618,768.33972168,1824.54431152,1135.82617188,1529.77380371,7153.06738281,4726.43945312,2707.32543945,11139.6621094,3477.24243164,9201.97363281,7516.97412109,9399.54785156,1799.51098633,622.745178223,349.204650879,215.906173706,247.166107178,223.572509766,392.353637695,340.442230225,85.1094284058,40.5386619568,22.5894145966,8.15257835388,1.88600158691,0.880037069321,0.307664513588,0.0495113022625,0.0128723178059,0.00503238057718,0.00193468888756,0.000634538359009,0.000484747375594,0.00031873822445,0.0000836856124806,0.0000121981256598],"max":[15.253443718,57.8220176697,71.5812759399,113.498138428,383.550872803,635.080871582,840.134338379,898.848937988,1554.18005371,1970.38452148,766.352111816,1888.21899414,1416.2434082,2513.61572266,1564.22558594,1816.5489502,573.709533691,360.83026123,287.914428711,150.220001221,233.569168091,214.792312622,233.189987183,188.44480896,204.144119263,169.104949951,115.10597229,59.0427436829,25.3168048859,28.9603099823,20.4296798706,4.3481926918,1.80154955387,1.08384525776,0.678462445736,0.396557211876,0.345857322216,0.442433744669,0.204940840602,0.046011980623],"mean":[0.270698130131,1.31702566147,4.29448843002,4.83242225647,5.78336668015,10.0887327194,13.9093503952,14.9105033875,21.7363548279,25.4601917267,20.9226417542,26.8276901245,21.8516521454,31.4220619202,45.3771362305,50.4385414124,24.652135849,14.5594587326,10.5775518417,7.65243959427,8.63181209564,6.79169273376,5.47097826004,5.55511474609,3.96927022934,2.76732325554,2.23274707794,1.53651106358,0.853334605694,0.521616697311,0.29189106822,0.120569892228,0.0439771525562,0.0199677199125,0.0121322385967,0.00950198341161,0.014641020447,0.0147512890399,0.0088281640783,0.0062741166912],"median":[0.0357120670378,0.410840213299,2.25406479836,2.41646623611,1.6463842392,3.01142311096,4.47771930695,5.94493150711,4.21743535995,6.9197769165,5.52384376526,4.94156360626,5.79031467438,8.32377815247,11.7279195786,11.2107772827,7.6791343689,3.91752147675,2.70133638382,1.74483323097,1.4397149086,1.09821462631,0.66685128212,0.640672922134,0.510325074196,0.412319004536,0.36344435811,0.243715703487,0.158710286021,0.0911458283663,0.0537260174751,0.0313114747405,0.0133075965568,0.00537852803245,0.00300433579832,0.003046924714,0.00322227925062,0.00264425901696,0.00212526973337,0.00189756928012],"min":[1.3430211761e-22,7.99767481526e-22,2.50797849772e-21,6.38660819515e-21,1.99032127713e-20,4.86687966202e-20,6.76719302563e-20,2.6757762532e-19,2.18802662006e-19,4.31991559388e-19,5.66405823989e-19,1.44396225283e-18,9.11650642346e-19,5.21960685893e-19,1.61670868741e-18,2.18232207237e-18,2.46010627927e-18,2.11544658779e-18,3.80420446431e-18,7.32410447055e-18,6.09072565126e-18,7.66413443213e-18,1.01867937637e-17,7.80224133438e-18,6.83588882454e-18,9.91946966922e-18,1.00739506117e-17,1.23214838812e-17,1.00665225298e-17,1.04150162034e-17,1.26820055881e-17,1.33081928924e-17,1.27052146218e-17,8.76966049363e-18,7.00928697404e-18,4.57745745042e-18,2.37752697756e-18,1.10094606584e-18,2.9427487959e-19,3.20704062718e-20],"var":[0.829082727432,9.33747577667,33.9649047852,46.8778114319,236.081726074,847.366333008,1299.98181152,1124.47558594,6601.67529297,4338.38232422,2204.06713867,6721.01123047,2679.47192383,7422.37402344,5868.62744141,8020.43896484,1502.38049316,499.260528564,269.653045654,151.861816406,194.013977051,160.520187378,175.568481445,169.419006348,74.0259780884,41.4003639221,27.0503406525,9.93481636047,2.37088227272,1.21491348743,0.448125362396,0.0449759438634,0.00726334331557,0.00224979477935,0.000861288863234,0.000340174097801,0.00065906601958,0.000714640016668,0.000214975108975,0.0000540115615877]},"erbbands_crest":{"dmean":2.70468449593,"dmean2":4.47214508057,"dvar":6.00039958954,"dvar2":15.4754152298,"max":31.6506118774,"mean":9.48668670654,"median":8.70268249512,"min":2.00107908249,"var":15.6719865799},"erbbands_flatness_db":{"dmean":0.0256277956069,"dmean2":0.0397024527192,"dvar":0.00051761243958,"dvar2":0.00128160614986,"max":0.36119017005,"mean":0.175758764148,"median":0.172800689936,"min":0.0257917363197,"var":0.00216597388498},"erbbands_kurtosis":{"dmean":1.37235879898,"dmean2":2.22985649109,"dvar":3.6129117012,"dvar2":8.93384742737,"max":53.6023216248,"mean":1.74344921112,"median":0.810814619064,"min":-1.77797305584,"var":10.7153568268},"erbbands_skewness":{"dmean":0.382463753223,"dmean2":0.616805911064,"dvar":0.116497799754,"dvar2":0.295005947351,"max":5.64883518219,"mean":0.425319969654,"median":0.249386548996,"min":-2.95770120621,"var":0.71473389864},"erbbands_spread":{"dmean":5.60625934601,"dmean2":8.98129177094,"dvar":33.8458251953,"dvar2":79.4950714111,"max":96.647605896,"mean":22.5413856506,"median":20.1931877136,"min":1.45213842392,"var":142.249511719},"gfcc":{"cov":[[14853.0380859,-1423.16040039,-2741.58813477,271.188323975,621.413452148,-442.98336792,866.748657227,41.9661140442,317.48425293,28.4398708344,16.1675643921,270.139312744,-231.718399048],[-1423.16040039,907.436096191,396.299682617,-363.728912354,-71.1253356934,74.7612457275,-116.362350464,-69.8905029297,10.6163568497,-34.0177116394,30.2447357178,-90.9809417725,81.2161483765],[-2741.58813477,396.299682617,858.792724609,23.180639267,-230.539306641,141.386657715,-241.021575928,44.1956481934,-111.315444946,2.94644021988,-22.439573288,-88.7765197754,42.0205192566],[271.188323975,-363.728912354,23.180639267,400.458068848,32.1094589233,-80.1243133545,58.7003898621,7.78260707855,-48.5020179749,6.73718595505,-32.4308166504,18.8087692261,-68.1770858765],[621.413452148,-71.1253356934,-230.539306641,32.1094589233,290.108215332,63.9807090759,100.736045837,-28.5891666412,75.6790084839,-21.1419029236,12.5241575241,32.7847633362,-7.58886814117],[-442.98336792,74.7612457275,141.386657715,-80.1243133545,63.9807090759,220.257659912,-40.7385139465,47.3112411499,-6.19286108017,7.72743940353,1.42765653133,-5.56990432739,38.8587760925],[866.748657227,-116.362350464,-241.021575928,58.7003898621,100.736045837,-40.7385139465,214.08795166,-27.4374427795,53.5774993896,-12.5226163864,1.35498797894,31.6905345917,-31.1390705109],[41.9661140442,-69.8905029297,44.1956481934,7.78260707855,-28.5891666412,47.3112411499,-27.4374427795,133.393280029,21.3601226807,20.1206645966,-4.80282735825,-8.72542381287,-4.62079286575],[317.48425293,10.6163568497,-111.315444946,-48.5020179749,75.6790084839,-6.19286108017,53.5774993896,21.3601226807,136.907394409,20.4297847748,9.92511367798,17.5791873932,-23.6380615234],[28.4398708344,-34.0177116394,2.94644021988,6.73718595505,-21.1419029236,7.72743940353,-12.5226163864,20.1206645966,20.4297847748,65.7094726562,22.4048233032,2.01202869415,7.77919864655],[16.1675643921,30.2447357178,-22.439573288,-32.4308166504,12.5241575241,1.42765653133,1.35498797894,-4.80282735825,9.92511367798,22.4048233032,56.1939849854,32.7436599731,14.0759735107],[270.139312744,-90.9809417725,-88.7765197754,18.8087692261,32.7847633362,-5.56990432739,31.6905345917,-8.72542381287,17.5791873932,2.01202869415,32.7436599731,73.0018692017,10.2356643677],[-231.718399048,81.2161483765,42.0205192566,-68.1770858765,-7.58886814117,38.8587760925,-31.1390705109,-4.62079286575,-23.6380615234,7.77919864655,14.0759735107,10.2356643677,73.2314987183]],"icov":[[0.000207830526051,-0.000331422605086,0.000982759869657,-0.000523301889189,0.000364415027434,-0.000366564490832,-0.000016127652998,-0.000321962288581,0.0000567478564335,-0.00010361479508,0.000214221479837,-0.000209735619137,0.000196642518858],[-0.000331422605086,0.00531360832974,-0.00475216563791,0.00484736450016,-0.00204872526228,0.00261722109281,-0.00121666514315,0.00250397925265,-0.00166235282086,0.00288215884939,-0.00471963733435,0.00553829362616,-0.00237213680521],[0.000982759869657,-0.00475216563791,0.011558082886,-0.010149509646,0.00888868793845,-0.00920243840665,0.00384719343856,-0.000130131214974,-0.00419575115666,0.00501866871491,-0.00363347143866,0.00350674730726,-0.00194843788631],[-0.000523301889189,0.00484736450016,-0.010149509646,0.0160077568144,-0.0116426926106,0.0116634564474,-0.00463622389361,-0.00238216412254,0.0108735151589,-0.0114477248862,0.0107354586944,-0.00889439508319,0.00808340869844],[0.000364415027434,-0.00204872526228,0.00888868793845,-0.0116426926106,0.0167448911816,-0.0133337341249,0.00247519393452,0.00526302633807,-0.0129872336984,0.0143489763141,-0.0129286516458,0.0104381311685,-0.0070094615221],[-0.000366564490832,0.00261722109281,-0.00920243840665,0.0116634564474,-0.0133337341249,0.017370281741,-0.00330084632151,-0.00583162903786,0.0103439530358,-0.0115876216441,0.0111520746723,-0.00918087083846,0.00341537245549],[-0.000016127652998,-0.00121666514315,0.00384719343856,-0.00463622389361,0.00247519393452,-0.00330084632151,0.0092189181596,0.00201956508681,-0.00463899550959,0.00440040184185,-0.00264970702119,0.0015956213465,-0.000848565541673],[-0.000321962288581,0.00250397925265,-0.000130131214974,-0.00238216412254,0.00526302633807,-0.00583162903786,0.00201956508681,0.0133601501584,-0.00847309082747,0.00567372702062,-0.00732988584787,0.00836904253811,-0.00369579531252],[0.0000567478564335,-0.00166235282086,-0.00419575115666,0.0108735151589,-0.0129872336984,0.0103439530358,-0.00463899550959,-0.00847309082747,0.0251594185829,-0.020739460364,0.0183499827981,-0.0183232035488,0.0145700415596],[-0.00010361479508,0.00288215884939,0.00501866871491,-0.0114477248862,0.0143489763141,-0.0115876216441,0.00440040184185,0.00567372702062,-0.020739460364,0.0412321984768,-0.0320103913546,0.0248696934432,-0.0155944721773],[0.000214221479837,-0.00471963733435,-0.00363347143866,0.0107354586944,-0.0129286516458,0.0111520746723,-0.00264970702119,-0.00732988584787,0.0183499827981,-0.0320103913546,0.0547811053693,-0.0368713289499,0.0130923418328],[-0.000209735619137,0.00553829362616,0.00350674730726,-0.00889439508319,0.0104381311685,-0.00918087083846,0.0015956213465,0.00836904253811,-0.0183232035488,0.0248696934432,-0.0368713289499,0.0456104129553,-0.0177828297019],[0.000196642518858,-0.00237213680521,-0.00194843788631,0.00808340869844,-0.0070094615221,0.00341537245549,-0.000848565541673,-0.00369579531252,0.0145700415596,-0.0155944721773,0.0130923418328,-0.0177828297019,0.0287477206439]],"mean":[-64.2991638184,125.561508179,-76.4711685181,-10.3188276291,-24.750667572,-6.08505725861,-1.80687785149,-18.6008453369,-7.8690738678,-8.53838253021,-3.26596975327,-2.19143295288,-8.59167766571]},"hfc":{"dmean":17.1613388062,"dmean2":28.675901413,"dvar":979.789489746,"dvar2":2494.51318359,"max":717.994018555,"mean":55.177192688,"median":30.2320308685,"min":1.11696024528e-16,"var":3316.77807617},"melbands":{"dmean":[0.00211023841985,0.00170198793057,0.000662947073579,0.000467850797577,0.000316351448419,0.000195221204194,0.000211228994885,0.000172498970642,0.000115479189844,0.000112346242531,0.0000685947743477,0.0000774608633947,0.0000759714384913,0.0000947589869611,0.0000468733087473,0.000024331457098,0.000014165311768,0.0000101496916614,0.00000665556126478,0.00000560200624022,0.00000534119362783,0.00000409697622672,0.0000034482150113,0.00000324922075379,0.00000295085374091,0.00000195641314349,0.00000116021669783,9.48793228872e-7,7.56432996241e-7,6.16835677647e-7,4.1511134441e-7,2.42071280354e-7,1.83975046752e-7,1.32589732971e-7,9.83969030699e-8,6.27277003673e-8,3.57022500452e-8,2.42745485934e-8,1.86432700389e-8,1.58190314181e-8],"dmean2":[0.00361851719208,0.00306159211323,0.00116659700871,0.000787330325693,0.000508089142386,0.000303384964354,0.000320719875162,0.00027367437724,0.000184221018571,0.000178221103852,0.000106266874354,0.00012350610632,0.000123896985315,0.000157777656568,0.0000774664877099,0.0000397139156121,0.0000235802417592,0.000016917634639,0.0000112220122901,0.00000940658628679,0.00000896371238923,0.00000678680225974,0.00000567247525396,0.00000542422685612,0.00000487825400342,0.00000312594943352,0.00000182950941507,0.00000148773017372,0.00000115380521493,9.33817204896e-7,6.50879997011e-7,3.77967893428e-7,2.9000685231e-7,2.01057744675e-7,1.46365266573e-7,9.65926645335e-8,5.64676376769e-8,3.94594188435e-8,3.06285485863e-8,2.61740922269e-8],"dvar":[0.0000607732254139,0.0000085718693299,0.00000162546530191,0.00000243424324253,5.84314307162e-7,3.17552945717e-7,7.02391730556e-7,2.14645012875e-7,1.00874778752e-7,1.8489377851e-7,4.11017637703e-8,6.24780298608e-8,2.81630683219e-8,3.98000032931e-8,9.1041920669e-9,2.98801539067e-9,8.8400553544e-10,4.37399894082e-10,2.59231525135e-10,1.80980383457e-10,1.39665987109e-10,9.83111023145e-11,1.21786178364e-10,1.25824517472e-10,9.76746947212e-11,3.50751303002e-11,1.16378235174e-11,8.7427053444e-12,5.75985483267e-12,2.88090428249e-12,1.17325756315e-12,3.21700267336e-13,2.06882538986e-13,1.36605340212e-13,7.78017244813e-14,2.1682046146e-14,6.14524732574e-15,2.98422052823e-15,1.82769783567e-15,1.38603368115e-15],"dvar2":[0.000164615863468,0.0000256607181655,0.00000454439668829,0.0000063473080445,0.00000136141306939,7.39475012779e-7,0.00000158259774707,4.84417853386e-7,2.36856692482e-7,4.53171509207e-7,9.48014431401e-8,1.5427040978e-7,7.09213807681e-8,1.05845508358e-7,2.46137563664e-8,7.66700392063e-9,2.28218643983e-9,1.14126630368e-9,6.69449773394e-10,4.85575468723e-10,3.69418190482e-10,2.54443854875e-10,3.14633902265e-10,3.38468419958e-10,2.528497689e-10,8.54217876989e-11,2.77228847517e-11,2.03566226376e-11,1.28495027119e-11,6.10196832299e-12,2.77028031591e-12,7.67374011557e-13,4.8284618491e-13,2.75157582266e-13,1.5979164064e-13,5.01220531822e-14,1.42637417584e-14,7.09601470397e-15,4.39594853032e-15,3.33553337233e-15],"max":[0.109200850129,0.0427621640265,0.0216025188565,0.0329979881644,0.0223988052458,0.0184849295765,0.025708341971,0.0177861507982,0.00781976338476,0.0152459228411,0.00745387282223,0.00987271405756,0.00528807099909,0.00553877372295,0.00252082175575,0.00152590021025,0.00076191307744,0.000444514502306,0.000418649549829,0.000210796366446,0.000251141143963,0.000214128129301,0.000191995175555,0.000241576664848,0.000165656645549,0.000185064171092,0.000139392999699,0.00010084421956,0.0000985479564406,0.0000656128468108,0.000033939970308,0.000015760644601,0.0000145556805364,0.0000175013828994,0.0000158446891874,0.00000339874577548,0.00000247562297773,0.00000131079934818,9.94501419882e-7,8.85186864252e-7],"mean":[0.00233194930479,0.0021028984338,0.000881023646798,0.000564533751458,0.000489509664476,0.000341131089954,0.000339937367244,0.000262487243162,0.000178155198228,0.00016664879513,0.00010713217489,0.000124335725559,0.000133739609737,0.000163261211128,0.0000853823148645,0.0000423943565693,0.0000249437889579,0.0000178399695869,0.0000114033346108,0.00000990921580524,0.0000101558562164,0.00000731901582185,0.00000523749531567,0.0000047646258281,0.00000453048141935,0.00000339390817317,0.00000218133732233,0.00000173961632299,0.00000141273142162,0.00000116755279578,8.06312641544e-7,4.98669635363e-7,3.67493640852e-7,2.56996287362e-7,1.82688964401e-7,1.11230683331e-7,5.72529756937e-8,3.23813118541e-8,2.02266186022e-8,1.54482879822e-8],"median":[0.000412715831771,0.00106820871588,0.000438221090008,0.000163886725204,0.000167645586771,0.000129332853248,0.0000643415769446,0.0000725963182049,0.000043559455662,0.0000292930271826,0.0000268218245765,0.0000306090441882,0.0000350572154275,0.0000355816555384,0.0000224234099733,0.000012075430277,0.00000630218710285,0.0000042514143388,0.00000279732739727,0.00000172424893208,0.00000155987129347,0.00000116945557238,5.84631322909e-7,5.1614313179e-7,4.92588128509e-7,3.92391712012e-7,2.83606652829e-7,2.51606763868e-7,2.2411667544e-7,1.74019135102e-7,1.16889175672e-7,8.93243878863e-8,6.79263791881e-8,4.2592468219e-8,3.11594057223e-8,2.4079771066e-8,1.60603619292e-8,9.62791979475e-9,5.6595235165e-9,3.54652107681e-9],"min":[1.00663946735e-24,1.31480689529e-24,2.73544066431e-24,3.11609464729e-24,2.03387313471e-24,7.15425212465e-24,3.3377974966e-24,4.75232252398e-24,3.92387933955e-24,8.04953194371e-24,4.01866649934e-24,1.87352453395e-24,4.16552084545e-24,6.71938071774e-24,4.99615114674e-24,6.06213178822e-24,2.16427243399e-24,4.91413998375e-24,8.01472661171e-24,6.65743068199e-24,5.95483960536e-24,7.1934735e-24,7.09177276324e-24,6.8368405288e-24,5.50682735349e-24,4.13815052748e-24,5.58116329431e-24,6.10938100657e-24,5.0306062245e-24,6.29120161231e-24,6.92323499742e-24,4.91800145788e-24,6.17208124904e-24,5.91949627023e-24,7.16689362066e-24,7.28426902361e-24,7.88760877658e-24,8.9577593368e-24,7.97693070802e-24,6.05155276905e-24],"var":[0.0000495101594424,0.00000909498157853,0.00000180098834335,0.00000243989484261,0.0000012389892845,5.99625025188e-7,0.00000147610592194,4.08303975519e-7,1.9646809335e-7,2.77883003719e-7,7.02764992866e-8,1.2079743783e-7,6.34190797655e-8,8.20013781322e-8,1.9584804889e-8,5.74124614516e-9,1.59650137554e-9,7.9459172575e-10,4.18409862313e-10,2.95511004555e-10,2.74883699136e-10,1.80585407739e-10,1.5771463302e-10,1.39126418719e-10,1.18797929827e-10,6.04726060893e-11,2.33857343213e-11,1.83670786913e-11,1.24182235675e-11,6.89112222146e-12,2.67602454952e-12,8.19780766707e-13,4.9559699877e-13,3.72070755282e-13,2.14126242779e-13,4.49604275251e-14,1.05548462155e-14,3.9962874691e-15,2.04986144873e-15,1.46583921962e-15]},"melbands_crest":{"dmean":4.63807153702,"dmean2":8.10535430908,"dvar":14.2861680984,"dvar2":41.5911979675,"max":36.2932052612,"mean":15.8850097656,"median":15.1849489212,"min":1.94076728821,"var":31.8840274811},"melbands_flatness_db":{"dmean":0.0391146875918,"dmean2":0.0641838908195,"dvar":0.00113738677464,"dvar2":0.00312324333936,"max":0.60283690691,"mean":0.298547148705,"median":0.291743397713,"min":0.00470289681107,"var":0.00644411891699},"melbands_kurtosis":{"dmean":7.50146484375,"dmean2":13.1776580811,"dvar":146.939682007,"dvar2":465.312988281,"max":230.797348022,"mean":10.7049131393,"median":6.11158037186,"min":-1.78071081638,"var":216.759872437},"melbands_skewness":{"dmean":0.863228499889,"dmean2":1.46418583393,"dvar":0.715899050236,"dvar2":2.09468269348,"max":12.700343132,"mean":2.31500220299,"median":2.08479356766,"min":-1.447052598,"var":2.00890994072},"melbands_spread":{"dmean":4.13027906418,"dmean2":6.84871244431,"dvar":22.4424343109,"dvar2":56.0424232483,"max":133.466400146,"mean":12.9218168259,"median":10.2590618134,"min":0.493468642235,"var":97.0712127686},"mfcc":{"cov":[[12084.9238281,-910.598510742,-2970.13623047,704.227539062,-592.49395752,306.750732422,-108.919319153,516.752319336,-22.9167766571,155.545654297,252.781661987,195.596008301,93.8186264038],[-910.598510742,1253.35571289,299.369659424,-444.647247314,61.3484344482,-24.2266693115,-6.5726351738,-107.480010986,35.8854217529,-24.0220470428,-40.5301132202,-2.44104743004,24.3464450836],[-2970.13623047,299.369659424,1117.21655273,-122.761871338,133.840164185,-142.141983032,35.2404518127,-162.337783813,-8.26877975464,-33.0820655823,-63.6658859253,-60.5440559387,-55.64245224],[704.227539062,-444.647247314,-122.761871338,460.691436768,-87.8001937866,19.8556938171,3.69302415848,43.2754859924,-54.0741691589,25.2059764862,8.88682079315,-1.87849414349,-49.8862037659],[-592.49395752,61.3484344482,133.840164185,-87.8001937866,228.42098999,36.0397415161,18.6133537292,2.81719064713,35.1514587402,-16.204744339,10.3806171417,-3.38904571533,29.9451026917],[306.750732422,-24.2266693115,-142.141983032,19.8556938171,36.0397415161,162.557846069,42.6688804626,40.7055587769,18.785949707,4.92849063873,-18.0189533234,14.7568063736,33.4684906006],[-108.919319153,-6.5726351738,35.2404518127,3.69302415848,18.6133537292,42.6688804626,108.268577576,11.8155975342,8.56277179718,-15.7294092178,-23.6441612244,-11.1230211258,5.26077127457],[516.752319336,-107.480010986,-162.337783813,43.2754859924,2.81719064713,40.7055587769,11.8155975342,129.573394775,25.9022331238,16.5642280579,26.7642650604,20.5423793793,9.48332977295],[-22.9167766571,35.8854217529,-8.26877975464,-54.0741691589,35.1514587402,18.785949707,8.56277179718,25.9022331238,80.2045516968,26.9309577942,15.0123529434,8.48118019104,15.2707185745],[155.545654297,-24.0220470428,-33.0820655823,25.2059764862,-16.204744339,4.92849063873,-15.7294092178,16.5642280579,26.9309577942,70.7173461914,27.3729152679,9.84680843353,-5.03564977646],[252.781661987,-40.5301132202,-63.6658859253,8.88682079315,10.3806171417,-18.0189533234,-23.6441612244,26.7642650604,15.0123529434,27.3729152679,76.2269363403,29.7166061401,6.31367444992],[195.596008301,-2.44104743004,-60.5440559387,-1.87849414349,-3.38904571533,14.7568063736,-11.1230211258,20.5423793793,8.48118019104,9.84680843353,29.7166061401,59.9923439026,28.1121673584],[93.8186264038,24.3464450836,-55.64245224,-49.8862037659,29.9451026917,33.4684906006,5.26077127457,9.48332977295,15.2707185745,-5.03564977646,6.31367444992,28.1121673584,64.6226577759]],"icov":[[0.000290045252768,-0.0000952429545578,0.000676124123856,-0.000276723032584,0.000302236556308,0.0000450536244898,-0.0000488048681291,-0.00023763604986,0.0000523539092683,-0.0000330120237777,-0.000387684092857,0.0000602088148298,-0.000144452977111],[-0.0000952429545578,0.00135942315683,-0.00042029391625,0.00138039048761,0.0000841203000164,-0.000359928380931,0.000138901741593,0.00058424967574,0.00000589459523326,-0.000153381246491,0.00050487194676,-0.000591163232457,0.000574713281821],[0.000676124123856,-0.00042029391625,0.00320118968375,-0.000741940690205,-0.000678671116475,0.00174476986285,-0.00108019448817,0.000770181941334,-0.0000381604804716,-0.000632299925201,0.00056097691413,-0.000526780087966,0.000880212988704],[-0.000276723032584,0.00138039048761,-0.000741940690205,0.00455726170912,0.000408972526202,-0.00114561710507,-0.000266754825134,-0.000271334021818,0.00247462722473,-0.00145543983672,0.000349615700543,-0.000944655039348,0.00290482654236],[0.000302236556308,0.0000841203000164,-0.000678671116475,0.000408972526202,0.00722569040954,-0.00279385573231,0.000535980332643,-0.00080100732157,-0.00200150976889,0.00288882036693,-0.00439240178093,0.00310741830617,-0.00279109738767],[0.0000450536244898,-0.000359928380931,0.00174476986285,-0.00114561710507,-0.00279385573231,0.0111526111141,-0.00351227191277,-0.00119155400898,-0.000345633132383,-0.00294366828166,0.00599722983316,-0.00265552592464,-0.0029108969029],[-0.0000488048681291,0.000138901741593,-0.00108019448817,-0.000266754825134,0.000535980332643,-0.00351227191277,0.0121491532773,-0.00153110036626,-0.00194893532898,0.00307669048198,0.00123805261683,0.00222186744213,-0.000698391871992],[-0.00023763604986,0.00058424967574,0.000770181941334,-0.000271334021818,-0.00080100732157,-0.00119155400898,-0.00153110036626,0.0119516924024,-0.00341201433912,0.000387491832953,-0.00187887961511,-0.00208563171327,0.00186494039372],[0.0000523539092683,0.00000589459523326,-0.0000381604804716,0.00247462722473,-0.00200150976889,-0.000345633132383,-0.00194893532898,-0.00341201433912,0.0197056978941,-0.00858054496348,-0.000508120981976,0.000405982515076,-0.0018870967906],[-0.0000330120237777,-0.000153381246491,-0.000632299925201,-0.00145543983672,0.00288882036693,-0.00294366828166,0.00307669048198,0.000387491832953,-0.00858054496348,0.0220088176429,-0.00734792975709,0.000856450176798,0.00240428862162],[-0.000387684092857,0.00050487194676,0.00056097691413,0.000349615700543,-0.00439240178093,0.00599722983316,0.00123805261683,-0.00187887961511,-0.000508120981976,-0.00734792975709,0.0250637959689,-0.0111463852227,0.00217748805881],[0.0000602088148298,-0.000591163232457,-0.000526780087966,-0.000944655039348,0.00310741830617,-0.00265552592464,0.00222186744213,-0.00208563171327,0.000405982515076,0.000856450176798,-0.0111463852227,0.0290537942201,-0.0125661101192],[-0.000144452977111,0.000574713281821,0.000880212988704,0.00290482654236,-0.00279109738767,-0.0029108969029,-0.000698391871992,0.00186494039372,-0.0018870967906,0.00240428862162,0.00217748805881,-0.0125661101192,0.0269391033798]],"mean":[-729.107055664,184.982223511,4.69216871262,16.7322902679,-4.8328909874,18.3439884186,5.66012620926,6.50571107864,-3.21155714989,0.0619820989668,-2.92441558838,5.14111042023,2.95617818832]},"pitch_salience":{"dmean":0.0887609273195,"dmean2":0.151790887117,"dvar":0.00561629468575,"dvar2":0.0167312752455,"max":0.919947385788,"mean":0.570525169373,"median":0.583883166313,"min":0.131905063987,"var":0.0121874539182},"silence_rate_20dB":{"dmean":0,"dmean2":0,"dvar":0,"dvar2":0,"max":1,"mean":1,"median":1,"min":1,"var":0},"silence_rate_30dB":{"dmean":0.0416414700449,"dmean2":0.0832901299,"dvar":0.0399102196097,"dvar2":0.0877641513944,"max":1,"mean":0.957325518131,"median":1,"min":0,"var":0.0408567637205},"silence_rate_60dB":{"dmean":0.0224622022361,"dmean2":0.0449282862246,"dvar":0.0219567343593,"dvar2":0.0515460409224,"max":1,"mean":0.080856949091,"median":0,"min":0,"var":0.0743135139346},"spectral_centroid":{"dmean":134.495330811,"dmean2":212.932846069,"dvar":38406.2460938,"dvar2":80132.0078125,"max":11602.671875,"mean":727.616638184,"median":611.212768555,"min":133.591842651,"var":276520.0625},"spectral_complexity":{"dmean":2.56034564972,"dmean2":4.01123189926,"dvar":8.22912693024,"dvar2":16.4836368561,"max":57,"mean":15.0179681778,"median":12,"min":0,"var":99.8544616699},"spectral_contrast_coeffs":{"dmean":[0.0560720786452,0.0455803759396,0.0358751006424,0.0296372398734,0.0257440917194,0.0312336254865],"dmean2":[0.0963870733976,0.0753719732165,0.0595107264817,0.0492873080075,0.0422217957675,0.0493215061724],"dvar":[0.00199316139333,0.00136594846845,0.00082428927999,0.000548803305719,0.000510562967975,0.00098452961538],"dvar2":[0.00568107049912,0.00369317829609,0.00223432853818,0.00145916664042,0.00134206423536,0.00234432634898],"max":[-0.356668591499,-0.427757799625,-0.541479885578,-0.641070485115,-0.64444309473,-0.543684303761],"mean":[-0.667845785618,-0.764727056026,-0.809041678905,-0.822052776814,-0.847154200077,-0.776844501495],"median":[-0.671532273293,-0.773389220238,-0.815002858639,-0.820925593376,-0.834077119827,-0.788637518883],"min":[-0.968230724335,-0.974668264389,-0.973680019379,-0.983014643192,-0.972014546394,-0.96466332674],"var":[0.00552119268104,0.00444313511252,0.00298466603272,0.00215327227488,0.00323952222243,0.00613969005644]},"spectral_contrast_valleys":{"dmean":[0.400060534477,0.336377888918,0.294268250465,0.309762179852,0.428900569677,0.626675605774],"dmean2":[0.67705655098,0.549624443054,0.476126909256,0.491148322821,0.667356491089,0.98802113533],"dvar":[0.103419959545,0.075331248343,0.0608188770711,0.0885919257998,0.213550537825,0.271010130644],"dvar2":[0.279646188021,0.190228834748,0.142600700259,0.209217444062,0.534073233604,0.709792375565],"max":[-4.91843128204,-4.71453523636,-4.90245103836,-5.74416017532,-5.87339305878,-8.84379005432],"mean":[-7.14511013031,-6.69847106934,-7.14371109009,-8.04497241974,-8.55505275726,-11.5888948441],"median":[-7.10847663879,-6.5893163681,-7.0260014534,-7.94467830658,-8.37539482117,-11.4453840256],"min":[-27.6398143768,-27.4594020844,-27.6199913025,-27.6315231323,-27.4678821564,-27.3748950958],"var":[1.21145963669,1.37946534157,1.77909386158,2.10636973381,2.26354312897,1.36701130867]},"spectral_decrease":{"dmean":3.65306629391e-9,"dmean2":6.0910250177e-9,"dvar":7.1325441645e-17,"dvar2":1.88216636876e-16,"max":2.46037183682e-11,"mean":-6.71050903733e-9,"median":-3.49470652417e-9,"min":-1.19572320045e-7,"var":9.03179254082e-17},"spectral_energy":{"dmean":0.0144457546994,"dmean2":0.023953044787,"dvar":0.00109590194188,"dvar2":0.00284649129026,"max":0.468097001314,"mean":0.0303317867219,"median":0.0168875921518,"min":1.03658623138e-20,"var":0.00156064843759},"spectral_energyband_high":{"dmean":0.0000715616697562,"dmean2":0.000103514896182,"dvar":2.75395599658e-8,"dvar2":5.41172084922e-8,"max":0.00535050407052,"mean":0.000222397575271,"median":0.0000609258713666,"min":7.45585707473e-21,"var":1.27248384274e-7},"spectral_energyband_low":{"dmean":0.0104841515422,"dmean2":0.0181172601879,"dvar":0.000795698724687,"dvar2":0.00214209314436,"max":0.399439454079,"mean":0.0138134155422,"median":0.0057667423971,"min":1.66005979851e-23,"var":0.000741624855436},"spectral_energyband_middle_high":{"dmean":0.00150740030222,"dmean2":0.00233445991762,"dvar":0.00000907952744456,"dvar2":0.0000217288234126,"max":0.0839394032955,"mean":0.0043175984174,"median":0.00146269565448,"min":1.36792186718e-21,"var":0.0000385085731978},"spectral_energyband_middle_low":{"dmean":0.00466191815212,"dmean2":0.00740926014259,"dvar":0.000102164864074,"dvar2":0.00026060838718,"max":0.160066589713,"mean":0.00990867428482,"median":0.00470230728388,"min":2.21660422793e-22,"var":0.000212123050005},"spectral_entropy":{"dmean":0.237112849951,"dmean2":0.373839378357,"dvar":0.0592834241688,"dvar2":0.152816846967,"max":9.81101799011,"mean":7.06054735184,"median":7.13856506348,"min":4.90028619766,"var":0.34964454174},"spectral_flux":{"dmean":0.0241900775582,"dmean2":0.0391414873302,"dvar":0.00161797390319,"dvar2":0.00367874721996,"max":0.588655471802,"mean":0.0901229530573,"median":0.0727339535952,"min":6.40676123265e-11,"var":0.00449070893228},"spectral_kurtosis":{"dmean":9.09938335419,"dmean2":14.4725112915,"dvar":175.907226562,"dvar2":463.997009277,"max":147.572677612,"mean":23.9169139862,"median":17.6411628723,"min":-1.32947790623,"var":322.829772949},"spectral_rms":{"dmean":0.00103710009716,"dmean2":0.00170429609716,"dvar":0.00000218995160139,"dvar2":0.00000540218707101,"max":0.0213700719178,"mean":0.00465975608677,"median":0.00405902694911,"min":3.18010006349e-12,"var":0.00000787867702456},"spectral_rolloff":{"dmean":3288.74023438,"dmean2":6379.38476562,"dvar":47387736,"dvar2":135183424,"max":22050,"mean":3606.51342773,"median":1012.06054688,"min":43.06640625,"var":46027544},"spectral_skewness":{"dmean":0.63343244791,"dmean2":0.983749628067,"dvar":0.620978832245,"dvar2":1.60197126865,"max":9.65201377869,"mean":3.42394828796,"median":3.10255146027,"min":-0.0954024493694,"var":1.8115568161},"spectral_spread":{"dmean":568874.625,"dmean2":901164.3125,"dvar":467440107520,"dvar2":1189467521020,"max":53059216,"mean":3338937.75,"median":3321667.5,"min":949422.125,"var":2148731191300},"spectral_strongpeak":{"dmean":0.56630218029,"dmean2":1.02135300636,"dvar":8.45015907288,"dvar2":24.7552871704,"max":97.040222168,"mean":0.660641133785,"median":0.254260748625,"min":0,"var":5.68082046509},"zerocrossingrate":{"dmean":0.0285905022174,"dmean2":0.0378236547112,"dvar":0.000588754017372,"dvar2":0.000987740349956,"max":0.51611328125,"mean":0.172380447388,"median":0.16552734375,"min":0.02294921875,"var":0.00406025722623}},"metadata":{"audio_properties":{"analysis_sample_rate":44100,"bit_rate":320000,"codec":"mp3","downmix":"mix","equal_loudness":0,"length":268.748809814,"lossless":false,"md5_encoded":"523e4c253d3f8c396d78fa302019ef1d","replay_gain":-6.12777519226,"sample_rate":44100},"tags":{"album":["Forbidden"],"albumartist":["Black Sabbath"],"albumartistsort":["Black Sabbath","Black Sabbath"],"artist":["Black Sabbath"],"artistsort":["Black Sabbath"],"asin":["B000000QHE"],"barcode":["724383062027"],"catalognumber":["30620-2"],"composer":["Black Sabbath/Tony Martin"],"date":["1995"],"discnumber":["1/1"],"file_name":"03. Black Sabbath - Can't Get Close Enough.mp3","genre":["Heavy Metal"],"label":["I.R.S. Records"],"language":["eng"],"media":["CD"],"musicbrainz album release country":["US"],"musicbrainz album status":["official"],"musicbrainz album type":["album"],"musicbrainz_albumartistid":["5182c1d9-c7d2-4dad-afa0-ccfeada921a8"],"musicbrainz_albumid":["ff1b1fda-a908-4a7d-a233-070259807376"],"musicbrainz_artistid":["5182c1d9-c7d2-4dad-afa0-ccfeada921a8"],"musicbrainz_recordingid":["60857ff7-1bd4-4b4c-b077-d56b3bd0c70b"],"script":["Latn"],"title":["Can't Get Close Enough"],"tracknumber":["3/10"]},"version":{"essentia":"2.1-beta1","essentia_build_sha":"ca57ba49d9b1854bd80e60cf9ccf267278fb7d6b","essentia_git_sha":"v2.1_beta1-28-g21ef5f4-dirty","extractor":"music 1.0"}},"rhythm":{"beats_count":613,"beats_loudness":{"dmean":0.0216288994998,"dmean2":0.0400795154274,"dvar":0.000838257314172,"dvar2":0.00273815263063,"max":0.201687335968,"mean":0.0355527512729,"median":0.0180019456893,"min":3.99228294867e-9,"var":0.00145645090379},"beats_loudness_band_ratio":{"dmean":[0.210567653179,0.141734078526,0.097083799541,0.0755330622196,0.0208088308573,0.0477710328996],"dmean2":[0.368796855211,0.245130777359,0.168898850679,0.132580190897,0.0398026257753,0.0865062698722],"dvar":[0.022731570527,0.0158253032714,0.0123087214306,0.00736979721114,0.00