{"lowlevel":{"average_loudness":0.782453894615,"barkbands":{"dmean":[0.000164285462233,0.00257570622489,0.000762120762374,0.000536699371878,0.00125081953593,0.000496249704156,0.000480000948301,0.000609941256698,0.000797767192125,0.000589277595282,0.000470136321383,0.000379301345674,0.000483461335534,0.00028113310691,0.000213129736949,0.000115136739623,0.0000649034263915,0.0000567981223867,0.0000554477337573,0.0000578376602789,0.0000584059707762,0.0000341570412274,0.0000214795363718,0.0000374631636078,0.0000247146526817,0.0000011920342331,1.24062495388e-7],"dmean2":[0.000276612117887,0.00422408478335,0.00117194314953,0.000859955849592,0.00203200126998,0.000764527649153,0.000638904923107,0.000779135618359,0.000944271858316,0.000709763495252,0.000625051208772,0.000514579471201,0.000665489991661,0.000365763437003,0.000287905626465,0.000160846801009,0.0000896371275303,0.0000805233721621,0.0000820192144602,0.0000863399181981,0.0000972688794718,0.0000531478071935,0.0000331962473865,0.0000574891382712,0.0000381730933441,0.00000181150596745,2.13981749653e-7],"dvar":[2.45635931151e-7,0.0000350206391886,0.00000192935863197,5.96022402988e-7,0.00000357691624231,0.0000010318905197,0.00000217754518417,0.0000034715867514,0.00000752233972889,0.00000750983781472,0.00000320105755236,0.00000231319859267,0.00000582396205573,0.00000230765522247,0.00000230821706282,6.64261563088e-7,1.87773380844e-7,3.05126413025e-8,2.06566639349e-8,2.1197825717e-8,2.00252259219e-8,1.09854685348e-8,1.54828310173e-8,7.31101437168e-8,5.47936380713e-8,4.31803967582e-11,4.77856426304e-12],"dvar2":[6.2510770249e-7,0.0000831567667774,0.00000471692828796,0.00000148613560214,0.00000998290670395,0.0000026470688681,0.00000381714380637,0.00000626258361081,0.0000123954387163,0.0000098431164588,0.00000501180420542,0.00000419694379161,0.0000100795759863,0.0000038146965835,0.0000037832239741,0.00000131504407364,4.01658979854e-7,5.58207347012e-8,4.40815597358e-8,4.16670644654e-8,4.97531722488e-8,2.2936013977e-8,3.60918477327e-8,1.92693320855e-7,1.20319185726e-7,1.03579957111e-10,1.07723803836e-11],"max":[0.00734998984262,0.0819574892521,0.0400922708213,0.0153675200418,0.0296144578606,0.0402199402452,0.0436158888042,0.0592114590108,0.0852204561234,0.11070433259,0.0603292733431,0.0413194410503,0.0962954387069,0.0733190849423,0.0961780175567,0.0371663793921,0.0262832250446,0.00691768573597,0.00392237911001,0.00684555945918,0.00402839528397,0.00368763064034,0.00699987029657,0.0145212383941,0.0124274902046,0.000363655242836,0.0000924085907172],"mean":[0.00017528742319,0.00622698152438,0.00242341309786,0.00169631803874,0.00279936846346,0.00139214005321,0.00126921292394,0.00154066493269,0.00218104943633,0.00137044151779,0.00109777215403,0.000723646604456,0.00104841345455,0.000748160178773,0.000428928906331,0.000196781242266,0.000114043192298,0.000104923703475,0.0000985749138636,0.000101845427707,0.0000854335812619,0.0000498077934026,0.000023572207283,0.0000373184957425,0.000025555907996,0.0000015126947801,1.99465659989e-7],"median":[0.0000315562356263,0.00450286827981,0.00153650832362,0.00113212096039,0.00188182177953,0.000581029104069,0.000329802976921,0.000171001753188,0.000129949068651,0.0000405732389481,0.0000578787112318,0.0000461684176116,0.0000372383328795,0.0000715417991159,0.0000200233844225,0.0000146731154018,0.0000130248545247,0.0000138884124681,0.0000142253229569,0.0000172151685547,0.0000183387874131,0.0000104315004137,0.00000190811215361,0.00000185270266684,0.00000129816987737,3.08304464625e-7,1.24195949525e-7],"min":[1.23870538516e-24,3.20493083762e-24,1.38631595306e-24,9.54258215775e-25,1.19634243042e-23,9.37791138809e-24,3.08550952391e-24,9.58996666574e-24,1.29703587069e-23,1.129872695e-23,1.24000493489e-23,1.83356297041e-23,1.80916397593e-23,4.35111252186e-23,3.96283833976e-23,6.46943061323e-23,7.93761814035e-23,7.22616973348e-23,1.46409870328e-22,1.7292603495e-22,1.8959354254e-22,3.18079117327e-22,3.88264766262e-22,5.5580145497e-22,8.85387894581e-22,1.30465214287e-21,2.00676601545e-21],"var":[2.38028690092e-7,0.0000499568632222,0.00000843380075821,0.00000304976833831,0.00000888503018359,0.00000787525277701,0.00000955313316808,0.0000158459697559,0.0000377626347472,0.0000331907940563,0.0000134457695822,0.00000812269354356,0.0000258316285908,0.0000107690930236,0.00000792424907559,0.00000147512366766,3.24800055296e-7,1.03580482858e-7,5.08442745684e-8,6.74881306395e-8,4.10803799866e-8,2.49728184798e-8,1.56853268152e-8,6.36929868847e-8,5.71948319816e-8,4.36066044385e-11,4.35301230825e-12]},"barkbands_crest":{"dmean":1.91980314255,"dmean2":3.0835506916,"dvar":3.79422450066,"dvar2":9.94794654846,"max":26.8870849609,"mean":10.9425621033,"median":10.3039102554,"min":3.43628954887,"var":14.8237085342},"barkbands_flatness_db":{"dmean":0.0196464341134,"dmean2":0.0284762233496,"dvar":0.000449282350019,"dvar2":0.000910353148356,"max":0.495231211185,"mean":0.214494347572,"median":0.211859717965,"min":0.0433469191194,"var":0.00347172445618},"barkbands_kurtosis":{"dmean":3.14944624901,"dmean2":4.66530227661,"dvar":143.532012939,"dvar2":226.028213501,"max":877.580627441,"mean":8.08529281616,"median":2.89242339134,"min":-1.95503079891,"var":1042.66894531},"barkbands_skewness":{"dmean":0.454723566771,"dmean2":0.66024595499,"dvar":0.303599983454,"dvar2":0.591608643532,"max":29.1408977509,"mean":1.68895757198,"median":1.45428907871,"min":-2.47559595108,"var":3.90871787071},"barkbands_spread":{"dmean":3.47085237503,"dmean2":5.25523614883,"dvar":26.4401607513,"dvar2":55.1350250244,"max":129.699829102,"mean":14.679854393,"median":12.7822685242,"min":0.614825427532,"var":96.5931091309},"dissonance":{"dmean":0.033160187304,"dmean2":0.0551495589316,"dvar":0.00103404466063,"dvar2":0.00283378385939,"max":0.500000059605,"mean":0.419607371092,"median":0.43014845252,"min":0.188426151872,"var":0.00286347046494},"dynamic_complexity":4.08639097214,"erbbands":{"dmean":[0.106769882143,0.494844436646,0.857967734337,1.09945595264,3.27590298653,5.30653142929,3.76300859451,4.16244888306,5.30288028717,11.3518342972,13.6691617966,17.4008331299,21.7173633575,13.1480293274,18.7652263641,17.3457393646,24.5470752716,13.9404239655,11.4204111099,10.6472396851,3.67295527458,2.98779368401,2.69856572151,3.70252275467,1.91748058796,3.23572993279,1.68405056,2.87627792358,1.21265673637,0.688907325268,0.616003990173,0.70783406496,0.682586550713,0.386557608843,0.088980384171,0.011945059523,0.00145637465175,0.000343534047715,0.0000172991585714,0.00000690407659931],"dmean2":[0.177853167057,0.813505709171,1.35518395901,1.72993254662,5.26055240631,8.58681869507,5.60135936737,6.41417598724,7.93674039841,15.0164937973,16.481338501,20.6203632355,24.9489421844,16.5192241669,24.7636871338,23.2894496918,33.8159828186,18.3293991089,15.0230903625,14.0625038147,4.8636879921,4.02067804337,3.70778608322,5.28210735321,2.83612108231,4.85722255707,2.70986509323,4.80068302155,1.90677416325,1.06539058685,0.947744846344,1.09435629845,1.05736744404,0.595419049263,0.135588899255,0.0181849785149,0.00216742348857,0.000544224923942,0.0000282630553556,0.00000986677787296],"dvar":[0.07508918643,1.22312009335,2.38747024536,2.82491254807,19.8158359528,81.8318634033,60.2972488403,84.0186233521,233.469497681,1272.52563477,1646.67797852,4814.93066406,7876.35058594,3744.75878906,4877.30566406,4337.45849609,14241.8496094,4737.44287109,4631.45410156,8862.23535156,370.43145752,249.599487305,72.1032485962,125.423957825,28.9301242828,58.2661132813,24.1337070465,49.4883346558,17.3870410919,5.84680271149,13.1962852478,26.4329471588,36.3016204834,15.4885940552,0.109393700957,0.00191810040269,0.0000915189739317,0.0000332895579049,4.65121274829e-8,2.23562515722e-10],"dvar2":[0.183136746287,3.12973618507,6.30485725403,7.23151016235,49.2398796082,241.078811646,152.243728638,213.693237305,470.802276611,2463.74902344,2573.6862793,8550.93066406,10754.3740234,5782.11865234,8040.96972656,7617.53027344,25580.2382813,8611.22558594,7413.11230469,16508.1953125,703.51574707,499.465057373,127.504966736,258.565856934,63.2331047058,119.80241394,56.9464492798,126.244880676,38.1843338013,12.9808073044,30.881439209,68.6690597534,93.409538269,34.0923576355,0.239753305912,0.00474314810708,0.000207886259886,0.0000740608520573,1.14852014121e-7,4.97264895927e-10],"max":[4.15999698639,17.4036922455,41.0073547363,33.6710510254,67.3460845947,134.752853394,161.095092773,371.785980225,484.118774414,891.837280273,1651.24047852,2711.57836914,3895.02636719,2970.65551758,2815.80297852,1754.24206543,5309.00878906,3175.26660156,3760.59130859,5067.56640625,719.870361328,815.874328613,404.670318604,291.586120605,259.641265869,251.842803955,193.95300293,168.281585693,161.958572388,71.8428344727,206.808654785,275.535644531,336.925720215,212.06942749,13.2169513702,1.74805927277,0.515979528427,0.288589805365,0.0119327958673,0.000674080278259],"mean":[0.164973154664,1.42236089706,2.89454269409,4.21462678909,6.98486804962,11.0582094193,9.89645385742,11.6418600082,12.8027667999,28.033821106,39.2351722717,49.0666275024,59.6206207275,32.7480163574,44.3022575378,37.1602058411,54.8304748535,39.1130256653,26.5638313293,20.1611976624,6.64233350754,5.60431146622,5.57749605179,7.009953022,3.73196005821,5.76410293579,2.76095795631,4.11519002914,1.82656824589,0.917389571667,0.669412851334,0.705812036991,0.679925978184,0.390345722437,0.0996142476797,0.0139253214002,0.00203611399047,0.000410077511333,0.0000430587169831,0.0000317750018439],"median":[0.0821699649096,1.07036590576,2.10209774971,3.25838756561,5.06480741501,6.5796289444,4.87746334076,4.73069620132,4.78541755676,6.66358375549,4.83365297318,4.20031118393,3.09820985794,2.20410776138,3.31628322601,3.45424294472,3.33827996254,5.03812837601,1.64777624607,1.62691938877,0.855450689793,0.745103776455,0.94242310524,1.0111900568,0.916336655617,1.11807274818,0.60048776865,0.861422717571,0.413041621447,0.151852399111,0.0571202710271,0.041775342077,0.0272665377706,0.0169952623546,0.00763052841648,0.00198315642774,0.000499034067616,0.000128199608298,0.0000318707207043,0.0000243233243964],"min":[1.83848464205e-22,4.83508474567e-22,1.89487206614e-21,5.2938222305e-21,1.7859608138e-20,3.92988726886e-20,1.13567107888e-20,1.07428130426e-19,1.08422181803e-19,1.50053419475e-19,2.59967667082e-19,2.5924029098e-19,5.52205459317e-19,8.41896879433e-19,9.5683652068e-19,8.83241641195e-19,1.12340815538e-18,2.18424692165e-18,2.64623908109e-18,3.1580275134e-18,3.37836878304e-18,4.75410062946e-18,4.37106844296e-18,4.91637692203e-18,7.44519461324e-18,7.28551649497e-18,7.27187628667e-18,8.89486255114e-18,1.02509325212e-17,1.18164586844e-17,1.09167988522e-17,1.08146445281e-17,1.05603270216e-17,8.56031927856e-18,6.22278007297e-18,4.57707322503e-18,2.53806577725e-18,9.46053187419e-19,2.62932799385e-19,2.79737522829e-20],"var":[0.0859259516001,1.94519722462,8.45174980164,13.2662935257,49.9986000061,175.231704712,235.742706299,610.20123291,781.581298828,4372.43603516,10153.5097656,19871.1152344,45252.8867188,18133.7949219,20925.8085938,15796.2646484,62442.8007813,21795.2988281,19323.4550781,22189.1328125,810.30267334,555.499084473,276.321411133,314.744934082,72.0727615356,183.055465698,51.3473892212,92.4903335571,35.990737915,11.7117328644,13.082324028,21.4042682648,34.5611610413,15.9570360184,0.129059061408,0.0018900934374,0.000109786051326,0.0000309909664793,3.83472453791e-8,7.61128882143e-10]},"erbbands_crest":{"dmean":2.5801949501,"dmean2":3.85331964493,"dvar":6.68661499023,"dvar2":14.9384212494,"max":34.4243583679,"mean":13.835852623,"median":12.7248010635,"min":2.43238806725,"var":40.8018226624},"erbbands_flatness_db":{"dmean":0.0198418144137,"dmean2":0.0267527569085,"dvar":0.000414493697463,"dvar2":0.000755502609536,"max":0.395040631294,"mean":0.210712641478,"median":0.210408896208,"min":0.0224778987467,"var":0.00334569066763},"erbbands_kurtosis":{"dmean":1.61963558197,"dmean2":2.36306619644,"dvar":7.85154247284,"dvar2":15.893743515,"max":74.7587814331,"mean":2.77966809273,"median":0.897870242596,"min":-1.90547251701,"var":34.6101989746},"erbbands_skewness":{"dmean":0.413971841335,"dmean2":0.600350022316,"dvar":0.200860530138,"dvar2":0.392813771963,"max":5.2284412384,"mean":0.383187532425,"median":0.479241132736,"min":-5.97311878204,"var":1.3824852705},"erbbands_spread":{"dmean":7.4207906723,"dmean2":11.0506696701,"dvar":100.068382263,"dvar2":211.855163574,"max":159.370178223,"mean":32.5773391724,"median":24.3057594299,"min":1.24523890018,"var":627.591369629},"gfcc":{"cov":[[29004.5957031,3187.49291992,-3324.55175781,868.022033691,-1422.2800293,453.689361572,-583.478820801,27.6110954285,-579.598449707,-10.6402854919,-45.3236351013,-276.539245605,-7.41796541214],[3187.49291992,1462.35864258,-399.258422852,-404.508056641,204.593582153,-172.139160156,78.6460876465,-164.920959473,26.5019931793,-2.64057016373,-7.45672702789,-68.5604248047,-45.4821891785],[-3324.55175781,-399.258422852,1231.94018555,192.808853149,-36.6370391846,-41.4460868835,-104.40663147,8.19556045532,73.2929763794,72.9961547852,13.7980604172,-10.8517417908,-63.0659103394],[868.022033691,-404.508056641,192.808853149,951.291503906,-194.445526123,-264.321960449,-9.10285377502,-88.7793731689,-105.830619812,154.91015625,14.5301427841,58.9432792664,32.4747161865],[-1422.2800293,204.593582153,-36.6370391846,-194.445526123,512.633483887,-19.1550960541,-36.438583374,-152.60256958,47.855758667,28.7119846344,42.7527580261,42.1219215393,1.91151595116],[453.689361572,-172.139160156,-41.4460868835,-264.321960449,-19.1550960541,551.486206055,-111.583625793,13.8888874054,-80.6906051636,-100.977371216,43.6673812866,-7.25131082535,11.9395360947],[-583.478820801,78.6460876465,-104.40663147,-9.10285377502,-36.438583374,-111.583625793,479.23336792,24.3602848053,-100.003288269,-91.2773666382,-66.4908065796,35.2509040833,32.5692558289],[27.6110954285,-164.920959473,8.19556045532,-88.7793731689,-152.60256958,13.8888874054,24.3602848053,357.545471191,111.381324768,-130.439620972,-103.707359314,-63.5469093323,7.23616552353],[-579.598449707,26.5019931793,73.2929763794,-105.830619812,47.855758667,-80.6906051636,-100.003288269,111.381324768,287.558502197,64.5780487061,-103.766586304,-100.545341492,-33.3945388794],[-10.6402854919,-2.64057016373,72.9961547852,154.91015625,28.7119846344,-100.977371216,-91.2773666382,-130.439620972,64.5780487061,227.557312012,46.7641983032,-37.97057724,-45.4621963501],[-45.3236351013,-7.45672702789,13.7980604172,14.5301427841,42.7527580261,43.6673812866,-66.4908065796,-103.707359314,-103.766586304,46.7641983032,193.03855896,69.8615722656,-26.2433261871],[-276.539245605,-68.5604248047,-10.8517417908,58.9432792664,42.1219215393,-7.25131082535,35.2509040833,-63.5469093323,-100.545341492,-37.97057724,69.8615722656,162.329742432,56.6675643921],[-7.41796541214,-45.4821891785,-63.0659103394,32.4747161865,1.91151595116,11.9395360947,32.5692558289,7.23616552353,-33.3945388794,-45.4621963501,-26.2433261871,56.6675643921,123.475234985]],"icov":[[0.000752104213461,-0.00255779596046,0.00167160178535,-0.00205437047407,0.00184740882833,-0.00194656231906,0.00171740946826,-0.00173446396366,0.00158191588707,-0.00120286236051,0.0013489787234,-0.000765818578657,0.000928512308747],[-0.00255779596046,0.00987798441201,-0.0053994669579,0.0075972918421,-0.00627511879429,0.00743221864104,-0.00577145675197,0.00690416712314,-0.00532350130379,0.00472762715071,-0.00466672377661,0.00350089580752,-0.00307250698097],[0.00167160178535,-0.0053994669579,0.00468659261242,-0.00467583397403,0.00413056183606,-0.00422870460898,0.00390789331868,-0.0036266061943,0.00314175686799,-0.00247420486994,0.00292249885388,-0.00175891222898,0.00262881629169],[-0.00205437047407,0.0075972918421,-0.00467583397403,0.00794574338943,-0.00442451005802,0.00663195271045,-0.00414030998945,0.00488808657974,-0.00248419307172,0.00165089475922,-0.00254766899161,0.00175233790651,-0.00297981710173],[0.00184740882833,-0.00627511879429,0.00413056183606,-0.00442451005802,0.00752561539412,-0.00444084079936,0.00426095584407,-0.00230211368762,0.00228358525783,-0.00205848645419,0.0027091735974,-0.00252640317194,0.00199179677293],[-0.00194656231906,0.00743221864104,-0.00422870460898,0.00663195271045,-0.00444084079936,0.00845873728395,-0.00331498496234,0.00536360964179,-0.00266256486066,0.00440912228078,-0.00372920720838,0.00350604671985,-0.00297085125931],[0.00171740946826,-0.00577145675197,0.00390789331868,-0.00414030998945,0.00426095584407,-0.00331498496234,0.00710164709017,-0.00416092202067,0.00585243152454,-0.00256230519153,0.00512020895258,-0.0021957627032,0.00242275930941],[-0.00173446396366,0.00690416712314,-0.0036266061943,0.00488808657974,-0.00230211368762,0.00536360964179,-0.00416092202067,0.0117644965649,-0.0079110302031,0.00892412383109,-0.004342621658,0.00421346258372,-0.00248439004645],[0.00158191588707,-0.00532350130379,0.00314175686799,-0.00248419307172,0.00228358525783,-0.00266256486066,0.00585243152454,-0.0079110302031,0.014247296378,-0.00843098759651,0.00851261802018,-0.00126488681417,0.00267300847918],[-0.00120286236051,0.00472762715071,-0.00247420486994,0.00165089475922,-0.00205848645419,0.00440912228078,-0.00256230519153,0.00892412383109,-0.00843098759651,0.0149176893756,-0.00702503183857,0.00565457111225,-0.00114623270929],[0.0013489787234,-0.00466672377661,0.00292249885388,-0.00254766899161,0.0027091735974,-0.00372920720838,0.00512020895258,-0.004342621658,0.00851261802018,-0.00702503183857,0.0144919613376,-0.00682222470641,0.00567421782762],[-0.000765818578657,0.00350089580752,-0.00175891222898,0.00175233790651,-0.00252640317194,0.00350604671985,-0.0021957627032,0.00421346258372,-0.00126488681417,0.00565457111225,-0.00682222470641,0.0141964638606,-0.00630880147219],[0.000928512308747,-0.00307250698097,0.00262881629169,-0.00297981710173,0.00199179677293,-0.00297085125931,0.00242275930941,-0.00248439004645,0.00267300847918,-0.00114623270929,0.00567421782762,-0.00630880147219,0.0133144296706]],"mean":[-87.3157043457,131.892837524,-91.4535598755,33.4823722839,-49.3252449036,12.1822032928,-22.4777545929,0.85048443079,-21.3048629761,4.64105463028,-9.60935688019,-8.51614284515,-7.88741540909]},"hfc":{"dmean":4.00898456573,"dmean2":5.16547679901,"dvar":82.5677337646,"dvar2":153.468719482,"max":313.919464111,"mean":14.7557535172,"median":8.01476860046,"min":1.09528811323e-16,"var":391.767822266},"melbands":{"dmean":[0.000804560957476,0.000470246741315,0.000249870005064,0.000286938855425,0.000158796014148,0.0000952651098487,0.0000882090171217,0.000123121018987,0.000112744237413,0.000114227812446,0.000108276573883,0.000052941548347,0.0000696920542396,0.0000408809719374,0.0000549093601876,0.0000420096839662,0.0000273287860182,0.0000187761143025,0.0000145706580952,0.0000118644875329,0.00000364334869118,0.00000341699842465,0.00000265356516138,0.00000314106864607,0.00000327751945406,0.00000139162477808,0.00000176878143066,0.00000213504858948,0.00000116254341265,0.00000142237320233,0.00000157222609687,7.23443406514e-7,6.09062794865e-7,3.3919943121e-7,3.14013789193e-7,4.94716402955e-7,3.92456456666e-7,4.17374820927e-7,6.09110145433e-7,2.31581026355e-7],"dmean2":[0.00132377119735,0.000762698648032,0.000393625581637,0.000469360908028,0.000242017762503,0.000148030681885,0.000129596301122,0.000162712283782,0.000134690359118,0.000135113761644,0.000124002210214,0.0000672062742524,0.0000921323953662,0.0000557139137527,0.0000744932840462,0.0000562353852729,0.000035855176975,0.0000245892460953,0.0000196273995243,0.0000159999635798,0.00000490031834488,0.00000462459911432,0.00000369683357349,0.00000451456298833,0.00000472229839943,0.00000209131189877,0.00000267910513685,0.00000323991139339,0.00000185860926649,0.00000237830545302,0.00000260494061877,0.0000011418962913,9.63012212196e-7,5.30053910097e-7,4.87484101086e-7,7.80499874509e-7,6.10281290392e-7,6.4530314603e-7,9.29010866457e-7,3.65966030813e-7],"dvar":[0.00000378456729777,8.02622764695e-7,1.1653474985e-7,1.87278700992e-7,8.31311552929e-8,4.3091052504e-8,5.98275704533e-8,1.43328605873e-7,1.08495363804e-7,1.85947243381e-7,2.00424139507e-7,6.8046055901e-8,7.03897384824e-8,2.72494489195e-8,6.14812307731e-8,4.03158715301e-8,2.23559677437e-8,1.15826148672e-8,1.32901041283e-8,1.0542464679e-8,5.76058478696e-10,5.22807519499e-10,1.08028912205e-10,9.26127785572e-11,1.07973241459e-10,1.19304748372e-11,3.66647476269e-11,2.55970626639e-11,1.26013834784e-11,1.38025649937e-11,1.34666123738e-11,7.67494835047e-12,4.2304194002e-12,1.54327451426e-12,1.44805261532e-12,2.77702773971e-11,4.3357600496e-12,6.87341850103e-12,5.86186654772e-11,3.73290027361e-12],"dvar2":[0.00000895511493582,0.00000216046419155,2.85464636818e-7,5.21396827935e-7,2.21905651188e-7,1.14389195005e-7,1.14464590695e-7,2.84584842802e-7,1.67614132351e-7,3.24245405636e-7,2.71254862128e-7,1.06073748896e-7,1.15115383892e-7,4.9689937498e-8,1.00795872982e-7,7.14034840144e-8,3.97355215398e-8,1.81154327095e-8,2.17338183006e-8,2.0116468491e-8,1.14888643044e-9,1.10873921155e-9,1.89032720033e-10,1.71315794883e-10,2.26298882411e-10,2.6548298282e-11,7.89791981815e-11,5.3811503864e-11,3.07782584141e-11,3.51295728618e-11,3.36150308977e-11,1.80390806459e-11,9.19173244462e-12,3.65068955968e-12,3.29319666155e-12,6.8961544808e-11,1.12789708129e-11,1.80145273698e-11,1.38646705228e-10,8.00691977998e-12],"max":[0.0269410423934,0.0151691166684,0.00592229748145,0.00647589052096,0.00502510275692,0.00795894116163,0.00728932255879,0.00863414816558,0.012769327499,0.0160983614624,0.0200501848012,0.0129105979577,0.00911786220968,0.00633265124634,0.0100460350513,0.00851890444756,0.00648467149585,0.00446207309142,0.00758931552991,0.0053552412428,0.00135540636256,0.00134683516808,0.00037744603469,0.000375358038582,0.000277071638266,0.0000746079458622,0.00036405044375,0.000178126123501,0.000112955473014,0.000104247417767,0.0000933193296078,0.0000994722940959,0.0000657061755192,0.0000330885995936,0.0000531042169314,0.00030660853372,0.0000954594579525,0.000140908901813,0.000416249386035,0.000094020346296],"mean":[0.00162166589871,0.00171371723991,0.000861106964294,0.000631266681012,0.00039962111623,0.00026027217973,0.000217425462324,0.000297218764899,0.00032840037602,0.000310779432766,0.000288677314529,0.000118293144624,0.000164465367561,0.0000817677500891,0.000118964264402,0.0000955126233748,0.0000728497325326,0.0000441658339696,0.000028606655178,0.0000207661814784,0.00000606596904618,0.00000579211791774,0.00000532384501639,0.00000573251782043,0.00000586434452998,0.00000244858256337,0.00000315314650834,0.00000366546601072,0.00000167241921645,0.0000019952628918,0.00000221631194108,0.00000100322006347,8.40370773858e-7,3.99295259967e-7,3.44630109339e-7,4.825240012e-7,3.88248679428e-7,4.28772437999e-7,5.62874788557e-7,2.48498565725e-7],"median":[0.00110235693865,0.0013300892897,0.000672432826832,0.000438717688667,0.000222713308176,0.000105616447399,0.0000789772675489,0.0000656374031678,0.0000263812271442,0.0000204611023946,0.0000108823132905,0.00000590267700318,0.00000969066240941,0.00000618735020907,0.00000694435721016,0.00000679644927004,0.00000719158606444,0.00000187219507097,0.00000155812335834,0.00000129010368255,5.79303161885e-7,5.89286969443e-7,4.37983061374e-7,7.56449708206e-7,6.10411291291e-7,3.4898641843e-7,6.56803251786e-7,6.15801639015e-7,1.47178269572e-7,3.29660821308e-7,4.18514900957e-7,1.79949665835e-7,1.08190675974e-7,3.24802407192e-8,2.76447948977e-8,2.51972984699e-8,2.29899121962e-8,1.80436998676e-8,1.52928887331e-8,1.26577326398e-8],"min":[1.93802416814e-24,7.09810386504e-25,1.34668338396e-24,2.3050119248e-24,3.85757074869e-25,2.36051736138e-24,1.21745761389e-24,1.93096346861e-24,2.09613753153e-24,1.27751734169e-24,2.32205546187e-24,3.14103783746e-24,1.85176084765e-24,2.52340747476e-24,2.58262824899e-24,2.76735462388e-24,4.0467945182e-24,3.53989734963e-24,2.77630563135e-24,4.37540675562e-24,3.78060484422e-24,4.33163483614e-24,3.22698640245e-24,3.58540121322e-24,3.7303252167e-24,4.59992011912e-24,4.45962515143e-24,4.86659533699e-24,4.75671924023e-24,3.88292444236e-24,5.25138827592e-24,5.54310903867e-24,5.28775121378e-24,5.55048015497e-24,5.52775622773e-24,5.23110153445e-24,6.09297269974e-24,6.68404921551e-24,6.48045841537e-24,6.99198264759e-24],"var":[0.00000486447288495,0.00000212402051147,5.31226987732e-7,4.29068933272e-7,2.83718577521e-7,2.97153491147e-7,2.25770293127e-7,4.50577346101e-7,6.8602508918e-7,8.01030296316e-7,0.00000112948464448,3.17017338602e-7,2.92223518272e-7,1.06284524293e-7,2.26241610335e-7,2.00179670173e-7,9.87276678188e-8,5.15703213466e-8,4.12490130941e-8,2.52096761244e-8,1.04619124475e-9,9.46807521274e-10,3.70504765757e-10,2.87026291623e-10,2.48674969505e-10,3.06842294628e-11,8.09118744227e-11,7.80589134997e-11,2.34912870406e-11,2.63728275329e-11,2.5307523438e-11,1.32809223688e-11,8.89036934348e-12,2.52188135826e-12,1.73549054901e-12,2.31690396035e-11,3.51462782489e-12,8.39112026391e-12,5.37857119953e-11,4.03233826538e-12]},"melbands_crest":{"dmean":2.22092151642,"dmean2":3.56074762344,"dvar":5.41372251511,"dvar2":13.5605630875,"max":39.9376144409,"mean":13.7060060501,"median":13.130566597,"min":1.38950681686,"var":23.2153587341},"melbands_flatness_db":{"dmean":0.025259276852,"dmean2":0.0357704460621,"dvar":0.000774883839767,"dvar2":0.00151152722538,"max":0.585631728172,"mean":0.303467720747,"median":0.301768958569,"min":0.000626246794127,"var":0.00645486824214},"melbands_kurtosis":{"dmean":7.1112241745,"dmean2":10.2177419662,"dvar":495.764678955,"dvar2":830.313659668,"max":1398.24255371,"mean":19.4374732971,"median":6.36366271973,"min":-1.91361379623,"var":3178.71337891},"melbands_skewness":{"dmean":0.621286332607,"dmean2":0.896950781345,"dvar":0.643540561199,"dvar2":1.19260644913,"max":35.7480278015,"mean":2.62865066528,"median":2.10010266304,"min":-1.24265944958,"var":6.74124145508},"melbands_spread":{"dmean":3.56667113304,"dmean2":5.37350654602,"dvar":42.1520309448,"dvar2":85.6885986328,"max":274.147460938,"mean":17.1186618805,"median":13.3645191193,"min":0.605956196785,"var":321.06463623},"mfcc":{"cov":[[11272.4345703,920.87878418,-792.889587402,-49.2318572998,-364.615814209,5.40435123444,186.107330322,91.2053833008,-85.0248260498,-14.6193218231,-52.3190994263,-5.24814224243,-104.373886108],[920.87878418,2255.73339844,-387.473693848,-153.385452271,34.402759552,97.8626022339,15.9508323669,-64.0310134888,-10.8967342377,46.395236969,59.1859893799,-16.7069091797,-17.1024837494],[-792.889587402,-387.473693848,1145.20300293,202.236236572,82.4930953979,-12.7989654541,-60.2497406006,-89.7660064697,-31.1936435699,24.2691459656,54.9794769287,65.9156265259,8.32387256622],[-49.2318572998,-153.385452271,202.236236572,1035.72717285,-147.672790527,-22.9348468781,-49.1336326599,-223.583572388,35.1657447815,-127.83745575,72.765625,86.7359161377,-10.5261039734],[-364.615814209,34.402759552,82.4930953979,-147.672790527,512.994995117,68.8655853271,-151.126464844,-94.3604049683,-82.7075805664,26.932975769,9.57476329803,49.8077163696,47.2503128052],[5.40435123444,97.8626022339,-12.7989654541,-22.9348468781,68.8655853271,345.228881836,107.368614197,-118.027397156,-97.5009307861,-99.3745727539,-10.6732597351,-13.6801652908,26.9532279968],[186.107330322,15.9508323669,-60.2497406006,-49.1336326599,-151.126464844,107.368614197,334.225128174,129.357391357,-84.4098892212,-128.074157715,-95.3843765259,-27.542924881,-8.4479341507],[91.2053833008,-64.0310134888,-89.7660064697,-223.583572388,-94.3604049683,-118.027397156,129.357391357,365.597747803,98.6237564087,-6.31194591522,-105.337814331,-77.5922927856,-13.7670030594],[-85.0248260498,-10.8967342377,-31.1936435699,35.1657447815,-82.7075805664,-97.5009307861,-84.4098892212,98.6237564087,270.728210449,114.685142517,-13.0673627853,-73.1392822266,-32.5243339539],[-14.6193218231,46.395236969,24.2691459656,-127.83745575,26.932975769,-99.3745727539,-128.074157715,-6.31194591522,114.685142517,289.447418213,82.3500976563,-67.3407058716,-48.7332687378],[-52.3190994263,59.1859893799,54.9794769287,72.765625,9.57476329803,-10.6732597351,-95.3843765259,-105.337814331,-13.0673627853,82.3500976563,205.13760376,51.5228271484,-63.5925064087],[-5.24814224243,-16.7069091797,65.9156265259,86.7359161377,49.8077163696,-13.6801652908,-27.542924881,-77.5922927856,-73.1392822266,-67.3407058716,51.5228271484,211.463973999,46.5965919495],[-104.373886108,-17.1024837494,8.32387256622,-10.5261039734,47.2503128052,26.9532279968,-8.4479341507,-13.7670030594,-32.5243339539,-48.7332687378,-63.5925064087,46.5965919495,168.859771729]],"icov":[[0.000100118741102,-0.0000346206616086,0.000057143453887,-0.0000250428784057,0.0000895490229595,-0.0000443917779194,0.0000544818722119,-0.0000588137991144,0.000122388984892,-0.0000886028210516,0.000111006651423,-0.0000803083530627,0.0000959273893386],[-0.0000346206616086,0.00050382653717,0.000149898129166,0.0000769836551626,-0.0000880058651092,-0.0000456007001048,-0.000172638116055,0.000180184579222,-0.000148909617565,-0.0000153142009367,-0.000243178423261,0.0000405391219829,-0.000070872141805],[0.000057143453887,0.000149898129166,0.00103869719896,-0.000239095796132,-0.000139363211929,-0.0000573259967496,-0.0000279698488157,-0.0000455355184386,0.000207313089049,-0.000361132930266,-0.000029668719435,-0.000243999762461,0.0000192968836927],[-0.0000250428784057,0.0000769836551626,-0.000239095796132,0.00171174737625,0.000258188170847,0.000884932582267,-0.000550851458684,0.00178730057087,-0.00134767999407,0.00159072352108,-0.000674077484291,0.000182744362974,-0.0000893096075743],[0.0000895490229595,-0.0000880058651092,-0.000139363211929,0.000258188170847,0.0033332996536,-0.00147539365571,0.00274640321732,-0.000772939063609,0.00176830170676,-0.000717948365491,0.00137718184851,-0.00090285326587,0.000347743974999],[-0.0000443917779194,-0.0000456007001048,-0.0000573259967496,0.000884932582267,-0.00147539365571,0.00618800101802,-0.00383398123085,0.00392483919859,-0.00168534612749,0.00253695412539,-0.00178128783591,0.00228760810569,-0.0013153096661],[0.0000544818722119,-0.000172638116055,-0.0000279698488157,-0.000550851458684,0.00274640321732,-0.00383398123085,0.00881920289248,-0.00442521460354,0.00418896740302,-0.000412932422478,0.00309395277873,-0.00103482208215,0.0020455524791],[-0.0000588137991144,0.000180184579222,-0.0000455355184386,0.00178730057087,-0.000772939063609,0.00392483919859,-0.00442521460354,0.00785450357944,-0.00392567412928,0.00228048558347,-0.000181716211955,0.00155655003618,-0.000491598562803],[0.000122388984892,-0.000148909617565,0.000207313089049,-0.00134767999407,0.00176830170676,-0.00168534612749,0.00418896740302,-0.00392567412928,0.00827497243881,-0.00335393985733,0.0025133844465,-0.0000258561067312,0.0012096358696],[-0.0000886028210516,-0.0000153142009367,-0.000361132930266,0.00159072352108,-0.000717948365491,0.00253695412539,-0.000412932422478,0.00228048558347,-0.00335393985733,0.00795727875084,-0.00365011487156,0.00294999871403,-0.000516337808222],[0.000111006651423,-0.000243178423261,-0.000029668719435,-0.000674077484291,0.00137718184851,-0.00178128783591,0.00309395277873,-0.000181716211955,0.0025133844465,-0.00365011487156,0.0102781280875,-0.00358622521162,0.00433339271694],[-0.0000803083530627,0.0000405391219829,-0.000243999762461,0.000182744362974,-0.00090285326587,0.00228760810569,-0.00103482208215,0.00155655003618,-0.0000258561067312,0.00294999871403,-0.00358622521162,0.00793949048966,-0.0027545557823],[0.0000959273893386,-0.000070872141805,0.0000192968836927,-0.0000893096075743,0.000347743974999,-0.0013153096661,0.0020455524791,-0.000491598562803,0.0012096358696,-0.000516337808222,0.00433339271694,-0.0027545557823,0.00861861370504]],"mean":[-731.343811035,159.657943726,21.1838569641,30.9935855865,1.96156454086,13.847951889,9.82155513763,-2.88126516342,0.30473959446,1.73966872692,6.65863656998,1.50245547295,-4.28973484039]},"pitch_salience":{"dmean":0.0508102811873,"dmean2":0.0810176730156,"dvar":0.00232069031335,"dvar2":0.00574212707579,"max":0.965367615223,"mean":0.498836874962,"median":0.497495263815,"min":0.00645156670362,"var":0.0120182335377},"silence_rate_20dB":{"dmean":0,"dmean2":0,"dvar":0,"dvar2":0,"max":1,"mean":1,"median":1,"min":1,"var":0},"silence_rate_30dB":{"dmean":0.00766038941219,"dmean2":0.0153232244775,"dvar":0.00760134216398,"dvar2":0.0166855081916,"max":1,"mean":0.988192141056,"median":1,"min":0,"var":0.0116687593982},"silence_rate_60dB":{"dmean":0.00287264608778,"dmean2":0.00574620906264,"dvar":0.0028643454425,"dvar2":0.00635162368417,"max":1,"mean":0.0668581426144,"median":0,"min":0,"var":0.062388934195},"spectral_centroid":{"dmean":166.779571533,"dmean2":253.584472656,"dvar":66060.0703125,"dvar2":132436.53125,"max":11869.4121094,"mean":1040.68115234,"median":798.459594727,"min":164.831283569,"var":1586084.5},"spectral_complexity":{"dmean":1.48675394058,"dmean2":2.36807656288,"dvar":2.96130228043,"dvar2":6.58223581314,"max":36,"mean":10.3218450546,"median":10,"min":0,"var":22.7502861023},"spectral_contrast_coeffs":{"dmean":[0.0378232672811,0.0376782417297,0.0366874486208,0.0328522138298,0.0262306649238,0.0232384558767],"dmean2":[0.063109472394,0.059245377779,0.0566967613995,0.0514733567834,0.0401774644852,0.0355548448861],"dvar":[0.00104442087468,0.00114914996084,0.00120158970822,0.000991044682451,0.000562162487768,0.000568194198422],"dvar2":[0.00286969728768,0.00271383952349,0.00249460665509,0.00223015667871,0.00121700856835,0.00111756741535],"max":[-0.368360638618,-0.329093128443,-0.357192754745,-0.443977922201,-0.541663229465,-0.578726232052],"mean":[-0.686507999897,-0.663513839245,-0.681187570095,-0.704662978649,-0.762461006641,-0.783741414547],"median":[-0.682611882687,-0.663224995136,-0.685623466969,-0.698677659035,-0.763973891735,-0.79521971941],"min":[-0.980555832386,-0.981512725353,-0.986240625381,-0.975355625153,-0.968643903732,-0.964957296848],"var":[0.00479980558157,0.00902261957526,0.012627677992,0.0080330139026,0.00438858661801,0.00439359107986]},"spectral_contrast_valleys":{"dmean":[0.286432206631,0.287250697613,0.344159215689,0.359955608845,0.345593690872,0.413698703051],"dmean2":[0.475560098886,0.464927643538,0.55564981699,0.572553277016,0.501070141792,0.530713796616],"dvar":[0.0856294706464,0.0890923365951,0.130404829979,0.15896050632,0.154646635056,0.287928104401],"dvar2":[0.183867171407,0.187451243401,0.280351817608,0.351218789816,0.295176595449,0.414803892374],"max":[-5.25734519958,-5.14561367035,-5.25738859177,-6.38901185989,-6.38843488693,-7.6877207756],"mean":[-7.16102457047,-7.8336057663,-8.94505214691,-9.56032752991,-9.41177845001,-11.5016489029],"median":[-6.66935348511,-7.35537624359,-8.55311203003,-9.19845962524,-9.13931751251,-11.4472112656],"min":[-28.6253318787,-27.9593658447,-27.6335372925,-27.5859050751,-27.4858016968,-27.3804264069],"var":[7.10482788086,6.7308216095,6.07680749893,5.70732688904,5.69498538971,4.83312368393]},"spectral_decrease":{"dmean":1.38552391782e-9,"dmean2":1.99507832477e-9,"dvar":4.68804694882e-18,"dvar2":9.16561200052e-18,"max":7.15167412721e-23,"mean":-6.52397114109e-9,"median":-5.05495068026e-9,"min":-4.92378795514e-8,"var":2.86712083054e-17},"spectral_energy":{"dmean":0.00550186121836,"dmean2":0.00785949360579,"dvar":0.0000739702372812,"dvar2":0.000141170108691,"max":0.203101679683,"mean":0.0259613301605,"median":0.0199239309877,"min":1.01217164017e-20,"var":0.000470786530059},"spectral_energyband_high":{"dmean":0.000167027203133,"dmean2":0.000253650185186,"dvar":4.59359540628e-7,"dvar2":0.00000106984714421,"max":0.0351484492421,"mean":0.000256347499089,"median":0.0000783376599429,"min":7.20924981565e-21,"var":6.01572310188e-7},"spectral_energyband_low":{"dmean":0.00302925775759,"dmean2":0.00491332588717,"dvar":0.0000433447894466,"dvar2":0.000101607569377,"max":0.0945720300078,"mean":0.00948715303093,"median":0.00722728576511,"min":1.89225516839e-23,"var":0.0000791029888205},"spectral_energyband_middle_high":{"dmean":0.00187875714619,"dmean2":0.00237929401919,"dvar":0.0000239641722146,"dvar2":0.000035679237044,"max":0.162422761321,"mean":0.00557467760518,"median":0.00148256472312,"min":1.09662651818e-21,"var":0.000139380019391},"spectral_energyband_middle_low":{"dmean":0.00286017428152,"dmean2":0.00406623212621,"dvar":0.0000178839600267,"dvar2":0.0000340099286404,"max":0.110016994178,"mean":0.0117081971839,"median":0.00847084354609,"min":1.29266181052e-22,"var":0.000133022695081},"spectral_entropy":{"dmean":0.243540018797,"dmean2":0.340939164162,"dvar":0.0804919153452,"dvar2":0.151664495468,"max":9.82675457001,"mean":6.68052005768,"median":6.57794475555,"min":5.03775072098,"var":0.498199611902},"spectral_flux":{"dmean":0.0171979516745,"dmean2":0.0276744440198,"dvar":0.000516310159583,"dvar2":0.00126654317137,"max":0.342679619789,"mean":0.0545548126101,"median":0.04511635378,"min":6.54239787345e-11,"var":0.00167507375591},"spectral_kurtosis":{"dmean":3.83643841743,"dmean2":6.09419965744,"dvar":20.8573150635,"dvar2":49.7114486694,"max":69.9551467896,"mean":9.81550788879,"median":6.65512084961,"min":-1.25835347176,"var":86.6931762695},"spectral_rms":{"dmean":0.000483639509184,"dmean2":0.000695494643878,"dvar":3.84163286071e-7,"dvar2":7.35645244276e-7,"max":0.0140765048563,"mean":0.0046046054922,"median":0.00440885266289,"min":3.14242664008e-12,"var":0.00000412567032981},"spectral_rolloff":{"dmean":175.626113892,"dmean2":304.414855957,"dvar":303931.53125,"dvar2":635482.25,"max":19810.546875,"mean":1025.76403809,"median":645.99609375,"min":21.533203125,"var":4874380.5},"spectral_skewness":{"dmean":0.400666803122,"dmean2":0.617831170559,"dvar":0.163092330098,"dvar2":0.361108273268,"max":6.67442083359,"mean":2.25579786301,"median":2.06516075134,"min":-0.334695577621,"var":1.12015080452},"spectral_spread":{"dmean":702910.4375,"dmean2":983130.6875,"dvar":1100890767360,"dvar2":1919605145600,"max":42311540,"mean":4441688,"median":3449541.25,"min":1158675.125,"var":20644871798800},"spectral_strongpeak":{"dmean":0.571964144707,"dmean2":0.939516961575,"dvar":1.66828811169,"dvar2":3.69002771378,"max":21.7040042877,"mean":1.28955101967,"median":0.324118584394,"min":0,"var":4.826171875},"zerocrossingrate":{"dmean":0.00626224977896,"dmean2":0.00773417251185,"dvar":0.0000834151142044,"dvar2":0.0000981808116194,"max":0.5234375,"mean":0.0426147133112,"median":0.03369140625,"min":0,"var":0.0033204916399}},"metadata":{"audio_properties":{"analysis_sample_rate":44100,"bit_rate":256046,"codec":"mp3","downmix":"mix","equal_loudness":0,"length":145.475921631,"lossless":false,"md5_encoded":"834a0429162635d18413ec8ce673c272","replay_gain":-8.23339271545,"sample_rate":44100},"tags":{"album":["The Monkees Present: Micky, David & Michael"],"albumartist":["The Monkees"],"artist":["The Monkees"],"bpm":["114"],"composer":["5Poor Late Sixties Slow"],"contentgroup":["Slow"],"date":["1969"],"discnumber":["1/1"],"file_name":"C:\\Users\\KMC\\Music\\iTunes\\iTunes Media\\Music\\The Monkees\\The Monkees Present_ Micky, David & Mich\\09 French Song.mp3","genre":["60's Oldies"],"initialkey":["E"],"language":["eng"],"musicbrainz_recordingid":["6087b11e-5503-49e7-8d27-64ec12de4530"],"musicip_puid":["00398202-b85f-74a8-ddba-1510e591065a"],"title":["French Song"],"tracknumber":["9/17"]},"version":{"essentia":"2.1-beta2","essentia_build_sha":"2d9f1f26377add8aeb1075a9c2973f962c4f09fd","essentia_git_sha":"v2.1_beta2-1-ge3940c0","extractor":"music 1.0"}},"rhythm":{"beats_count":276,"beats_loudness":{"dmean":0.018968725577,"dmean2":0.0324792154133,"dvar":0.000437708338723,"dvar2":0.00126171158627,"max":0.12130074203,"mean":0.0317312143743,"median":0.0255978889763,"min":0,"var":0.000619135680608},"beats_loudness_band_ratio":{"dmean":[0.258082181215,0.118217274547,0.16308568418,0.141891628504,0.0467891208827,0.0328373089433],"dmean2":[0.460070580244,0.211633041501,0.282034188509,0.260236382484,0.0829543098807,0.063053034246],"dvar":[0.0377805642784,0.0142210638151,0.0274147316813,0.0289282761514,0.00890045147389,0.00674457708374],"dvar2":[0.107468485832,0.0385333895683,0.0823746919632,0.0806729570031,0.0247208960354,0.0205370895565],"max":[0.997657120228,0.790164113045,0.79753446579,0.824874639511,0.812842130661,0.6077182