{"lowlevel":{"average_loudness":0.949578344822,"barkbands":{"dmean":[0.016218803823,0.0201952103525,0.00380018237047,0.00179497769568,0.00189473142382,0.001482582069,0.00112207466736,0.000713280576747,0.000793574901763,0.000449193554232,0.0004795891291,0.000454145891126,0.000418195966631,0.000406345265219,0.000392774527427,0.000452340726042,0.000386511615943,0.000300452520605,0.000188845049706,0.000119556156278,0.000090063411335,0.0000504321760673,0.0000264715781668,0.00000776067281549,0.00000428786415796,0.0000248835403909,0.000435446127085],"dmean2":[0.025094974786,0.034313775599,0.00648112641647,0.00304472516291,0.00321125308983,0.00239436747506,0.00178781326395,0.00114438717719,0.00122035923414,0.00072810536949,0.00078514427878,0.000736676098313,0.000685587758198,0.000677258707583,0.000660521211103,0.000757383590098,0.000639841135126,0.00049670424778,0.000304523011437,0.000187979836483,0.000135350157507,0.0000756602821639,0.0000400167700718,0.0000122204901345,0.00000716218937669,0.0000366380954802,0.000650409958325],"dvar":[0.000891454634257,0.00117751443759,0.0000240197696257,0.00000664402341499,0.0000131668712129,0.00000682879817759,0.00000404974161938,0.00000503138335262,0.00000322413029608,8.51153345138e-7,7.28406007511e-7,8.85563792963e-7,4.05536923154e-7,3.99861789901e-7,3.15613249313e-7,5.08384857767e-7,3.40194645787e-7,3.34057403961e-7,1.42993116015e-7,7.28704137032e-8,6.61520189738e-8,3.12706518457e-8,6.12949868639e-9,1.83195458803e-10,4.22533293076e-11,4.2505621245e-9,3.31154609512e-7],"dvar2":[0.00196710135788,0.00314237736166,0.0000674484181218,0.0000180559691216,0.0000363481303793,0.0000161524512805,0.00000927860946831,0.0000116422779683,0.00000714639918442,0.00000208856204154,0.00000175302704974,0.00000198727320821,9.65694312072e-7,9.07891376301e-7,7.89295484083e-7,0.00000136572828069,8.71871520758e-7,8.60641534928e-7,3.39855432685e-7,1.49799973315e-7,1.28625430307e-7,6.07426571264e-8,1.28864581228e-8,4.04393601938e-10,1.06597487781e-10,8.51245474109e-9,6.48289358196e-7],"max":[0.363948762417,0.32713213563,0.0676119700074,0.0305070318282,0.0513582080603,0.0522773377597,0.06969050318,0.0671292021871,0.042264405638,0.0251459535211,0.0248350109905,0.0243742857128,0.0207529366016,0.0223905239254,0.0122883403674,0.0206335671246,0.00800655037165,0.0104366997257,0.0157246254385,0.00849128328264,0.011289938353,0.00662248348817,0.00302711757831,0.000430429616245,0.0000881777523318,0.00224762456492,0.0128426076844],"mean":[0.0184676870704,0.0292423050851,0.0057318136096,0.00259884539992,0.0026702794712,0.00238274410367,0.00191954092588,0.000962841324508,0.00112703267951,0.000656424614135,0.000798257766291,0.000827709853183,0.000736983842216,0.000710227584932,0.000695982773323,0.000810284633189,0.000725955120288,0.00055539276218,0.000375350035029,0.00025239927345,0.000194725857,0.000108070300485,0.0000471119856229,0.0000134589772642,0.00000427599115937,0.0000488714103994,0.00150886946358],"median":[0.00634476263076,0.0189828891307,0.00335918180645,0.00148348615039,0.00159227149561,0.0012235394679,0.000982252764516,0.000331650051521,0.000407722953241,0.000332249619532,0.000444354634965,0.000442052958533,0.00046698548249,0.000471602019388,0.000497053784784,0.000546998460777,0.00048003505799,0.000359852943802,0.000224811956286,0.00015422909928,0.000105602135591,0.0000495099884574,0.0000189454985957,0.00000749395985622,0.00000188697345038,0.0000214752981265,0.00126771174837],"min":[1.36327293159e-24,6.15514361654e-24,2.78934510768e-24,1.44306769126e-24,9.4284797387e-24,5.95945444166e-24,1.92368748894e-23,1.40255824411e-23,2.3748207901e-23,2.18009489326e-23,3.45315373117e-23,4.89421075404e-23,4.81781841061e-23,6.19568893715e-23,6.0432172703e-23,8.03386485059e-23,1.51007818689e-22,1.48728641761e-22,1.92197667051e-22,2.47276945196e-22,3.04503338641e-22,3.90109160924e-22,4.2469610467e-22,6.93385814547e-22,9.35926691303e-22,1.53277324813e-21,2.21780753742e-21],"var":[0.00112606247421,0.00123258191161,0.0000449656690762,0.0000111563558676,0.000013278176084,0.0000128613646666,0.00000998685572995,0.00000748209822632,0.00000565434720556,0.00000132501668304,0.0000014142846112,0.00000223899814955,9.80069103207e-7,0.00000102448757389,5.8495555777e-7,8.26165830858e-7,6.12995506799e-7,4.9742976671e-7,2.65052733539e-7,1.78681119678e-7,1.7432985544e-7,7.79905349191e-8,1.10841655854e-8,3.48052808796e-10,4.47691814176e-11,8.52699244547e-9,0.00000156651879024]},"barkbands_crest":{"dmean":2.9744386673,"dmean2":4.83964061737,"dvar":6.44833469391,"dvar2":16.169008255,"max":24.824213028,"mean":11.7487630844,"median":11.4672966003,"min":2.70131969452,"var":19.8313503265},"barkbands_flatness_db":{"dmean":0.0319065712392,"dmean2":0.0496507361531,"dvar":0.00096397526795,"dvar2":0.00225936458446,"max":0.54757720232,"mean":0.147753834724,"median":0.134185031056,"min":0.0363970845938,"var":0.00374100729823},"barkbands_kurtosis":{"dmean":8.40755748749,"dmean2":13.594004631,"dvar":276.932891846,"dvar2":707.291503906,"max":313.811920166,"mean":11.7193670273,"median":5.47691440582,"min":-1.73312413692,"var":376.027587891},"barkbands_skewness":{"dmean":0.927726447582,"dmean2":1.44416034222,"dvar":1.2428715229,"dvar2":2.8720459938,"max":15.2401971817,"mean":2.71096849442,"median":2.29511141777,"min":-2.00823259354,"var":2.78806447983},"barkbands_spread":{"dmean":9.30531406403,"dmean2":14.3047742844,"dvar":91.6812973022,"dvar2":188.79447937,"max":111.612876892,"mean":29.8100566864,"median":27.5067310333,"min":0.30771201849,"var":343.796295166},"dissonance":{"dmean":0.0132249072194,"dmean2":0.0224125236273,"dvar":0.00021612366254,"dvar2":0.000590587733313,"max":0.5,"mean":0.478466808796,"median":0.483775317669,"min":0.233540773392,"var":0.000367916130926},"dynamic_complexity":1.79570281506,"erbbands":{"dmean":[1.19497489929,2.74483466148,4.24487066269,4.89096641541,6.62052106857,6.25280761719,8.93806648254,13.2595376968,18.2715473175,12.8454408646,15.4364805222,16.6452598572,15.0520610809,16.0235729218,17.0451755524,17.3513908386,18.6791572571,17.184129715,20.1267223358,19.5662212372,22.7040805817,20.3098239899,16.7124347687,12.5739374161,7.94218969345,5.28883123398,4.18112325668,3.35501432419,1.97842824459,1.17816650867,0.677803039551,0.243060469627,0.102599352598,0.049246519804,0.0304958801717,0.027024557814,0.048815857619,0.0571795031428,0.0310096945614,0.0094733145088],"dmean2":[2.01308274269,4.70517063141,7.26475334167,8.3494720459,11.2073612213,10.6934986115,14.8126811981,21.2585258484,29.0219917297,20.8933315277,24.6255950928,25.4936141968,23.9361934662,25.9640007019,27.7625312805,28.189447403,30.5599899292,28.741027832,33.3542175293,33.0539398193,37.7757301331,33.4369621277,27.3858261108,20.4500751495,12.6356544495,8.26720523834,6.4704914093,4.99791574478,2.9633231163,1.79255902767,1.02299153805,0.375792711973,0.162854239345,0.081835411489,0.0508200526237,0.0423013158143,0.0709128901362,0.081784710288,0.0436342284083,0.0142604187131],"dvar":[4.6568031311,17.0633525848,28.1105976105,45.9869728088,134.381912231,155.068710327,172.326751709,695.049072266,1257.81420898,662.93347168,2128.12451172,1219.31982422,1880.66784668,841.674499512,811.236083984,1212.58056641,859.165344238,584.967773438,871.565307617,810.625244141,1178.50952148,1034.42907715,1032.83032227,508.456848145,284.646881104,161.626953125,113.960205078,120.795028687,51.2534942627,15.0629043579,3.80749893188,0.302807122469,0.0247154049575,0.00542090879753,0.00210386770777,0.00195165560581,0.0169093925506,0.0231167450547,0.00451369583607,0.000124956859509],"dvar2":[12.2166090012,46.9000358582,79.1319580078,127.752365112,367.335601807,428.346557617,448.17791748,1623.28625488,2784.37915039,1586.52612305,4876.39404297,2568.0690918,4559.84863281,2020.45654297,1895.99682617,2900.14111328,2049.00561523,1514.60083008,1993.54821777,2166.80151367,3115.92285156,2631.36132812,2649.04418945,1227.60180664,660.128723145,338.449371338,254.535858154,233.562515259,100.050170898,30.9002571106,8.00623226166,0.627677202225,0.0568649917841,0.0136673813686,0.00530240498483,0.00431396020576,0.0339811369777,0.0405104868114,0.00761475227773,0.000271528057056],"max":[19.7854824066,42.469078064,64.1724472046,78.4898986816,202.602539062,205.440841675,212.247146606,562.818847656,1280.05273438,709.225097656,1521.40002441,697.598327637,1025.03759766,610.358154297,910.654602051,1208.0513916,899.504638672,487.2472229,702.112792969,630.627685547,986.046386719,462.586547852,627.575256348,515.452941895,712.331970215,447.887695312,488.658203125,582.181091309,295.783660889,153.06199646,71.0746765137,17.3400859833,5.38148641586,1.02704632282,0.623813092709,1.08990442753,4.81723403931,6.74610376358,2.63929057121,0.220772117376],"mean":[1.40622580051,4.47768974304,7.1910572052,7.75577688217,9.37553119659,8.15580368042,13.4732465744,21.1651763916,30.6167030334,20.3918418884,22.9737148285,24.4891014099,21.7773208618,27.4748344421,32.426071167,33.2069664001,34.4489479065,32.6626739502,38.2817764282,37.4141578674,44.2026252747,39.8509140015,32.4255065918,24.3787784576,16.7132377625,11.3588342667,8.90334510803,7.07226896286,4.16195726395,2.31356906891,1.20957708359,0.438011407852,0.165172100067,0.0541979521513,0.031655240804,0.0450381040573,0.0996911078691,0.139109998941,0.0949098989367,0.0385927818716],"median":[0.717829704285,2.93232560158,4.57913589478,4.69501876831,5.21268987656,4.36857318878,7.61961841583,9.9271774292,13.3935213089,10.4436101913,8.610039711,9.05419635773,9.25072860718,16.1429443359,18.8343658447,19.9461021423,22.2511253357,23.2386398315,26.9790439606,27.2169036865,31.2511768341,26.5242156982,21.7324848175,14.918255806,10.1820173264,6.82053756714,5.28324174881,3.52929782867,1.93996334076,1.00446355343,0.48757353425,0.21449649334,0.0971236005425,0.0281246416271,0.0149828577414,0.0265978127718,0.0444825440645,0.0679074004292,0.0631127282977,0.0334620922804],"min":[2.89159501785e-22,1.08510778581e-21,3.9317110244e-21,3.98282335455e-21,6.9761747144e-21,3.43004367356e-20,1.07931301808e-19,7.06497546121e-20,3.96795308667e-19,3.07618698737e-19,4.61479048961e-19,7.71206437875e-19,5.09624114238e-19,1.1320724587e-18,1.56008610652e-18,2.49856480108e-18,2.2357298158e-18,2.93250106208e-18,3.03702360429e-18,4.38517766267e-18,4.80917845055e-18,8.00979087624e-18,8.85948569071e-18,1.06708673028e-17,9.49736022981e-18,1.1108034738e-17,9.41233102592e-18,1.5041984963e-17,1.6524152e-17,1.30807488296e-17,1.19560942164e-17,1.23307094266e-17,1.28456500374e-17,1.04862993199e-17,6.86524546448e-18,4.76773794263e-18,2.71992205531e-18,1.21867340915e-18,2.91694153627e-19,2.97421384167e-20],"var":[4.49410295486,23.2076759338,54.7154121399,78.9633712769,151.278747559,161.841339111,294.559997559,1347.27819824,3110.88671875,1164.18884277,3555.76513672,2292.3293457,2565.68188477,1472.75378418,1973.33898926,2566.22021484,2060.18579102,1230.16748047,2029.23388672,1378.4888916,2142.56518555,1848.37268066,1542.39904785,950.722412109,577.846862793,385.773712158,262.652099609,311.666320801,123.673828125,30.0624599457,6.81751251221,0.570321857929,0.0424861833453,0.00589526258409,0.00225226674229,0.00335703254677,0.0346838310361,0.0708882883191,0.0173210017383,0.000717363262083]},"erbbands_crest":{"dmean":2.13965368271,"dmean2":3.49038124084,"dvar":4.40199518204,"dvar2":10.5119152069,"max":27.7984409332,"mean":7.28127717972,"median":6.36673069,"min":2.35360956192,"var":10.9149036407},"erbbands_flatness_db":{"dmean":0.0187654048204,"dmean2":0.0290162451565,"dvar":0.000349020439899,"dvar2":0.000892964657396,"max":0.342948436737,"mean":0.127037912607,"median":0.122916556895,"min":0.0414475686848,"var":0.00121929787565},"erbbands_kurtosis":{"dmean":0.854644834995,"dmean2":1.36475157738,"dvar":3.29576945305,"dvar2":8.24932098389,"max":82.8776931763,"mean":0.341080129147,"median":-0.141898393631,"min":-1.67979848385,"var":5.18654823303},"erbbands_skewness":{"dmean":0.33947378397,"dmean2":0.523527681828,"dvar":0.099076859653,"dvar2":0.220344528556,"max":6.67802286148,"mean":-0.303066909313,"median":-0.342503279448,"min":-2.59510946274,"var":0.521475672722},"erbbands_spread":{"dmean":6.92849111557,"dmean2":11.0430259705,"dvar":40.2392616272,"dvar2":102.074684143,"max":102.023002625,"mean":34.9286308289,"median":34.0557060242,"min":2.27177405357,"var":129.040100098},"gfcc":{"cov":[[4348.54589844,-837.903076172,-586.214416504,284.079956055,-24.9702949524,-563.906188965,49.0722045898,-137.092819214,136.179641724,-52.2657966614,-81.7765884399,89.0431442261,-130.964172363],[-837.903076172,907.707214355,117.116592407,-354.82421875,74.1765899658,211.069030762,-49.8551177979,57.3922271729,-45.0225944519,12.2792816162,99.495513916,-83.4875488281,102.350845337],[-586.214416504,117.116592407,316.292358398,20.8246002197,-69.6109237671,169.856216431,-60.2831764221,62.5145874023,-49.4503288269,26.0284843445,-4.21428823471,-4.17208337784,20.4299201965],[284.079956055,-354.82421875,20.8246002197,328.360565186,59.6040496826,-60.4497489929,49.2895507812,-34.3958358765,13.2464990616,-12.7072134018,-48.4277648926,40.7987937927,-41.7657318115],[-24.9702949524,74.1765899658,-69.6109237671,59.6040496826,264.128540039,-17.2909755707,44.3783149719,-36.6912689209,15.4009513855,-20.3542232513,23.8665771484,-12.1509876251,24.9336338043],[-563.906188965,211.069030762,169.856216431,-60.4497489929,-17.2909755707,382.298461914,15.8559608459,111.287109375,-79.4910354614,39.2856521606,29.2014484406,-1.10016655922,49.3634757996],[49.0722045898,-49.8551177979,-60.2831764221,49.2895507812,44.3783149719,15.8559608459,155.532089233,2.4215490818,30.2490921021,-2.35527276993,-9.1394071579,33.0483551025,-10.4402980804],[-137.092819214,57.3922271729,62.5145874023,-34.3958358765,-36.6912689209,111.287109375,2.4215490818,123.139190674,7.799700737,30.8350849152,10.4447727203,-9.65034866333,22.9997196198],[136.179641724,-45.0225944519,-49.4503288269,13.2464990616,15.4009513855,-79.4910354614,30.2490921021,7.799700737,108.210853577,34.3874168396,12.0436496735,7.27296304703,-13.8942899704],[-52.2657966614,12.2792816162,26.0284843445,-12.7072134018,-20.3542232513,39.2856521606,-2.35527276993,30.8350849152,34.3874168396,82.6335754395,40.2437286377,13.456240654,12.651922226],[-81.7765884399,99.495513916,-4.21428823471,-48.4277648926,23.8665771484,29.2014484406,-9.1394071579,10.4447727203,12.0436496735,40.2437286377,80.8759078979,24.4585514069,29.3749103546],[89.0431442261,-83.4875488281,-4.17208337784,40.7987937927,-12.1509876251,-1.10016655922,33.0483551025,-9.65034866333,7.27296304703,13.456240654,24.4585514069,76.3482208252,8.73484802246],[-130.964172363,102.350845337,20.4299201965,-41.7657318115,24.9336338043,49.3634757996,-10.4402980804,22.9997196198,-13.8942899704,12.651922226,29.3749103546,8.73484802246,75.3627166748]],"icov":[[0.000395739567466,0.0000132254517666,0.000790628662799,-0.000320063496474,0.000147212995216,0.000217484688619,0.000360739591997,-0.000290253927233,0.000023321234039,-0.000114452937851,0.00033198975143,-0.000507932913024,0.000178419330041],[0.0000132254517666,0.00369270658121,-0.00204112241045,0.00339773134328,-0.00121011573356,-0.000676745199598,-0.00125466880854,0.00101015029941,-0.000518416927662,0.00188208965119,-0.00364721799269,0.00363355129957,-0.0016053164145],[0.000790628662799,-0.00204112241045,0.00826573465019,-0.0039300317876,0.0019969525747,-0.00169879454188,0.00401505781338,-0.00162109883968,0.000351429975126,-0.00191984185949,0.00375862466171,-0.00321102002636,0.000524491362739],[-0.000320063496474,0.00339773134328,-0.0039300317876,0.00881965924054,-0.00393506512046,0.000329615402734,-0.00171866302844,0.000733014487196,0.00035660029971,-0.000376293697627,0.00140631536487,-0.00117064651567,0.00112316582818],[0.000147212995216,-0.00121011573356,0.0019969525747,-0.00393506512046,0.00724046118557,-0.000844674417749,-0.00133350770921,0.0022026936058,-0.00191653857473,0.00301668350585,-0.00415122928098,0.00406361464411,-0.00323475338519],[0.000217484688619,-0.000676745199598,-0.00169879454188,0.000329615402734,-0.000844674417749,0.00726343272254,-0.00256594712846,-0.00488216802478,0.00645392946899,-0.00377175910398,0.000129935680889,-0.000843879475724,0.000466807076009],[0.000360739591997,-0.00125466880854,0.00401505781338,-0.00171866302844,-0.00133350770921,-0.00256594712846,0.0115621173754,-0.00118577526882,-0.00364375044592,0.000124959144159,0.00589905772358,-0.00788636039943,0.00229746382684],[-0.000290253927233,0.00101015029941,-0.00162109883968,0.000733014487196,0.0022026936058,-0.00488216802478,-0.00118577526882,0.0150582073256,-0.00556825147942,0.000362828926882,-0.00142469292041,0.00509094260633,-0.00444356771186],[0.000023321234039,-0.000518416927662,0.000351429975126,0.00035660029971,-0.00191653857473,0.00645392946899,-0.00364375044592,-0.00556825147942,0.0192481055856,-0.010259879753,0.000598571146838,-0.000729600607883,0.00357058341615],[-0.000114452937851,0.00188208965119,-0.00191984185949,-0.000376293697627,0.00301668350585,-0.00377175910398,0.000124959144159,0.000362828926882,-0.010259879753,0.025393711403,-0.0137619040906,0.00387935223989,-0.00230419775471],[0.00033198975143,-0.00364721799269,0.00375862466171,0.00140631536487,-0.00415122928098,0.000129935680889,0.00589905772358,-0.00142469292041,0.000598571146838,-0.0137619040906,0.0320323891938,-0.0161659941077,-0.000360140606062],[-0.000507932913024,0.00363355129957,-0.00321102002636,-0.00117064651567,0.00406361464411,-0.000843879475724,-0.00788636039943,0.00509094260633,-0.000729600607883,0.00387935223989,-0.0161659941077,0.0281458497047,-0.00678045861423],[0.000178419330041,-0.0016053164145,0.000524491362739,0.00112316582818,-0.00323475338519,0.000466807076009,0.00229746382684,-0.00444356771186,0.00357058341615,-0.00230419775471,-0.000360140606062,-0.00678045861423,0.0206499081105]],"mean":[39.0080299377,89.58152771,-88.803276062,8.74833679199,1.37040734291,-15.0210113525,2.35258936882,-13.8554553986,3.60084033012,-4.86285591125,-2.20271706581,2.7863945961,-7.63401699066]},"hfc":{"dmean":46.8702278137,"dmean2":73.6482009888,"dvar":2670.77685547,"dvar2":6496.45996094,"max":1186.13098145,"mean":202.547576904,"median":191.48085022,"min":1.19298052585e-16,"var":13024.7167969},"melbands":{"dmean":[0.00837521906942,0.00244547869079,0.000869512092322,0.000442564487457,0.0002915195073,0.000300622254144,0.000256696628639,0.000144364617881,0.000128561994643,0.000106349529233,0.0000770065162214,0.0000656127449474,0.0000622994775767,0.0000526093135704,0.0000486275857838,0.000037283742131,0.0000346610468114,0.0000352799834218,0.0000309391289193,0.000032878251659,0.0000268787771347,0.0000227807649935,0.0000194445055968,0.0000152649972733,0.0000106423012767,0.00000676437593938,0.00000538977110409,0.00000357246835847,0.00000287097554974,0.00000240536996898,0.00000201510988518,0.00000129800662307,8.31478189411e-7,6.39786435386e-7,4.47508398338e-7,2.45787674658e-7,1.21784594853e-7,7.77797808382e-8,5.1605667295e-8,3.92291497064e-8],"dmean2":[0.0138472327963,0.00418087234721,0.00147602986544,0.000755502958782,0.000482702278532,0.000480569986394,0.000409368425608,0.000233413447859,0.000202986717341,0.000163923803484,0.000122830140754,0.000106762250653,0.000101986901427,0.0000844290625537,0.0000798381879576,0.000061727121647,0.0000582927641517,0.0000584758454352,0.0000524406059412,0.0000556028644496,0.0000449879480584,0.0000376709394914,0.000032317271689,0.0000253713569691,0.0000174623855855,0.0000109482298285,0.00000868629285833,0.00000566201197216,0.00000453431812275,0.00000370525299331,0.00000308701987706,0.00000200623412638,0.0000012895392274,9.80246909421e-7,6.8765996275e-7,3.795712189e-7,1.93547137428e-7,1.24019535974e-7,8.47684589189e-8,6.55974687902e-8],"dvar":[0.000217323860852,0.00000899895712791,0.00000142885619425,7.84229484907e-7,1.87428454979e-7,3.26805064788e-7,2.36206645354e-7,1.16325900024e-7,1.25251730765e-7,5.53177521567e-8,4.70810981312e-8,1.39951170652e-8,1.15835430137e-8,1.29913084734e-8,7.13696568511e-9,3.17347192968e-9,2.53033438646e-9,2.95071433953e-9,2.07239891914e-9,2.83334644635e-9,1.54476686998e-9,1.26285881752e-9,1.02094011023e-9,9.41064226545e-10,3.54574286598e-10,2.08572867311e-10,1.31582730822e-10,7.5430973967e-11,4.2056871874e-11,4.92720378387e-11,4.65959285045e-11,2.16229013861e-11,9.69408667922e-12,3.77941601626e-12,1.68309680429e-12,4.73922387879e-13,5.39599052561e-14,1.53916542191e-14,5.41179514396e-15,3.58210021636e-15],"dvar2":[0.000554214289878,0.0000248969336099,0.00000395560300603,0.00000218753325498,4.86481383177e-7,7.58944452173e-7,5.36345851287e-7,2.71783562766e-7,2.81568475202e-7,1.2174098174e-7,1.13960048509e-7,3.35746221936e-8,2.73685518692e-8,2.74747478102e-8,1.78549388608e-8,8.08259681406e-9,6.29612895153e-9,6.53164278219e-9,5.40855005227e-9,7.67466801221e-9,4.10420186725e-9,3.26454352439e-9,2.61773203114e-9,2.47176124013e-9,8.67502847335e-10,5.02660968404e-10,3.00812319498e-10,1.63422136934e-10,9.25779522487e-11,1.04365523168e-10,9.7778111996e-11,4.43411765638e-11,2.06093562355e-11,8.11009679552e-12,3.73090490793e-12,9.72552008545e-13,1.20018591961e-13,3.61755947192e-14,1.34124516235e-14,9.03159298515e-15],"max":[0.138118460774,0.0434195809066,0.0136929024011,0.0122522134334,0.00666384631768,0.0115944975987,0.0164647717029,0.0110380873084,0.0103626204655,0.00560663454235,0.00498331012204,0.00279503571801,0.00388804264367,0.00336459325626,0.00252561806701,0.00117334013339,0.00129591894802,0.00174141023308,0.000883548695128,0.00140493165236,0.000914429256227,0.000549507967662,0.000508843222633,0.000634757278021,0.000440376374172,0.000603962456807,0.000376471696654,0.000291836011456,0.000261905224761,0.000260216009337,0.000365933432477,0.000171894804225,0.000108961867227,0.0000730101965019,0.0000491738137498,0.0000192856332433,0.00000735772982807,0.00000470234908789,0.00000127447412979,8.12312748621e-7],"mean":[0.0113274613395,0.0045709987171,0.00147645385005,0.000606483547017,0.000446641526651,0.000497107801493,0.000434658519225,0.000214990810491,0.000191048224224,0.000151690765051,0.000106914929347,0.000108243279101,0.000111352514068,0.0000962154517765,0.0000855425969348,0.0000655847106827,0.0000610296119703,0.000062377032009,0.0000529900717083,0.0000549201504327,0.0000497027431265,0.0000412675726693,0.000034960656194,0.0000264013287961,0.0000191624894796,0.0000128757283164,0.0000103196762211,0.00000693909123584,0.00000573448551222,0.00000466611072625,0.00000396131190428,0.00000253141070061,0.00000160815147865,0.00000113723012873,7.61592389154e-7,4.10642542192e-7,2.11352130464e-7,1.25216757851e-7,6.51970566423e-8,3.85374114842e-8],"median":[0.0065049873665,0.00330391991884,0.000961463956628,0.000363134342479,0.00026211651857,0.000245198578341,0.000206440570764,0.0000960558536462,0.0000693286929163,0.0000538601925655,0.0000427067898272,0.0000619131533313,0.0000635022443021,0.0000494413870911,0.0000526571820956,0.0000432071174146,0.0000415241411247,0.0000406729741371,0.0000366433378076,0.0000363281469618,0.0000343563224305,0.0000268008479907,0.0000225734402193,0.0000161745265359,0.0000114090671559,0.00000752991400077,0.00000600703515374,0.00000395974120693,0.00000343163651451,0.000002397877779,0.00000185819089893,0.0000011238425941,7.5678696021e-7,4.4793156917e-7,2.9785218203e-7,1.72099390738e-7,1.11827809235e-7,7.37467331646e-8,3.74192161701e-8,1.64829749849e-8],"min":[2.57237384608e-24,2.82952494903e-24,7.08723582696e-25,1.11092293472e-24,4.22359994074e-24,1.37654374138e-24,5.64489339469e-24,3.65507340837e-24,4.0813355818e-24,4.44793107737e-24,2.50675225447e-24,4.61452351219e-24,4.56991106142e-24,7.38010852384e-24,7.34782596902e-24,2.97307889833e-24,5.87797497091e-24,4.60163746931e-24,5.48119726268e-24,4.30935937633e-24,4.79994014037e-24,7.39585734296e-24,1.0285760128e-23,6.87454886893e-24,8.16605222144e-24,8.64187339794e-24,5.21231441756e-24,7.04072241862e-24,6.30147415902e-24,4.61921565686e-24,8.44681255077e-24,9.18227151701e-24,6.81839617198e-24,6.82454139843e-24,6.7495033714e-24,6.75379714131e-24,7.41075892546e-24,7.3052503571e-24,8.02563892461e-24,8.4330485057e-24],"var":[0.000232898426475,0.0000183943539014,0.00000242184250965,7.34866148377e-7,3.10550547056e-7,6.51625157388e-7,5.61724732506e-7,1.88958480862e-7,2.34982394431e-7,9.60423278684e-8,6.48312123985e-8,2.40826452114e-8,2.5305446627e-8,3.62854173375e-8,1.57604151951e-8,6.23813312117e-9,5.45669243124e-9,7.38253058685e-9,3.50433215779e-9,4.10827194486e-9,2.71295963472e-9,2.12799466937e-9,1.70222513862e-9,1.25604393553e-9,6.32165819692e-10,3.58288065883e-10,2.74284234214e-10,1.64089575261e-10,9.79196307371e-11,1.09239964297e-10,1.12890717607e-10,5.01738685321e-11,1.76456661782e-11,6.98277937208e-12,2.76747049756e-12,8.02792836548e-13,9.89387676062e-14,2.542261818e-14,6.81336277409e-15,3.77423693495e-15]},"melbands_crest":{"dmean":5.11021757126,"dmean2":8.37197685242,"dvar":21.2319126129,"dvar2":50.8036994934,"max":39.1130828857,"mean":19.9637489319,"median":19.061498642,"min":1.9588176012,"var":53.2802124023},"melbands_flatness_db":{"dmean":0.0383961088955,"dmean2":0.0605209544301,"dvar":0.00125316006597,"dvar2":0.00299136526883,"max":0.707567811012,"mean":0.259416788816,"median":0.248098880053,"min":0.00718719698489,"var":0.0057573071681},"melbands_kurtosis":{"dmean":15.6301059723,"dmean2":25.8356876373,"dvar":1146.68994141,"dvar2":3071.69970703,"max":644.140808105,"mean":22.3190193176,"median":11.8124914169,"min":-1.6678699255,"var":1249.05383301},"melbands_skewness":{"dmean":1.2289904356,"dmean2":1.95197212696,"dvar":2.34238576889,"dvar2":5.8088054657,"max":22.8628120422,"mean":3.71916604042,"median":3.21900081635,"min":-0.364807128906,"var":4.73574733734},"melbands_spread":{"dmean":6.57845878601,"dmean2":10.366019249,"dvar":63.1065444946,"dvar2":138.446472168,"max":179.721817017,"mean":17.00050354,"median":14.461350441,"min":0.273807346821,"var":175.017288208},"mfcc":{"cov":[[3584.09179688,-910.480529785,-628.796386719,560.557312012,-260.094573975,-125.821891785,-341.00390625,19.8784885406,-93.7635955811,27.3775577545,-45.2210998535,38.7410888672,-82.364730835],[-910.480529785,1019.75628662,60.2169342041,-405.868774414,137.591644287,-40.5554046631,138.798629761,-70.9244537354,32.7305335999,-37.6080932617,55.031414032,-22.5060005188,41.1572341919],[-628.796386719,60.2169342041,472.753204346,-175.751312256,21.0048503876,15.6981754303,66.5744171143,8.57328510284,18.5494041443,8.91918849945,12.4173984528,-14.3255729675,10.0663967133],[560.557312012,-405.868774414,-175.751312256,433.749603271,-27.7306118011,24.3359203339,-113.759864807,19.7754039764,-21.3895645142,2.91463541985,-45.112247467,19.0960693359,-24.2077178955],[-260.094573975,137.591644287,21.0048503876,-27.7306118011,206.966888428,22.9963169098,66.5994262695,-23.9745464325,23.3825702667,-29.910900116,15.0288095474,-5.49960231781,21.3136825562],[-125.821891785,-40.5554046631,15.6981754303,24.3359203339,22.9963169098,148.214401245,75.1428604126,44.2584571838,8.00071907043,5.68425178528,-15.5614938736,9.89152908325,8.59576511383],[-341.00390625,138.798629761,66.5744171143,-113.759864807,66.5994262695,75.1428604126,178.289474487,40.8041534424,42.2359848022,-18.197101593,5.3920416832,-12.2155160904,25.7439060211],[19.8784885406,-70.9244537354,8.57328510284,19.7754039764,-23.9745464325,44.2584571838,40.8041534424,101.652015686,22.6844711304,18.5508995056,-12.1054735184,4.27299451828,-7.67089557648],[-93.7635955811,32.7305335999,18.5494041443,-21.3895645142,23.3825702667,8.00071907043,42.2359848022,22.6844711304,81.361328125,26.3438339233,13.8104362488,-3.74633789062,8.39583015442],[27.3775577545,-37.6080932617,8.91918849945,2.91463541985,-29.910900116,5.68425178528,-18.197101593,18.5508995056,26.3438339233,76.0261154175,27.3613967896,9.7561712265,-5.97326612473],[-45.2210998535,55.031414032,12.4173984528,-45.112247467,15.0288095474,-15.5614938736,5.3920416832,-12.1054735184,13.8104362488,27.3613967896,64.6588134766,23.0809459686,12.5886898041],[38.7410888672,-22.5060005188,-14.3255729675,19.0960693359,-5.49960231781,9.89152908325,-12.2155160904,4.27299451828,-3.74633789062,9.7561712265,23.0809459686,52.682220459,23.598526001],[-82.364730835,41.1572341919,10.0663967133,-24.2077178955,21.3136825562,8.59576511383,25.7439060211,-7.67089557648,8.39583015442,-5.97326612473,12.5886898041,23.598526001,55.1143722534]],"icov":[[0.000544289941899,0.00037302749115,0.000596403377131,-0.0000443299795734,0.000233731727349,0.000333911215421,0.000277766550425,-0.000149532716023,0.0000941913458519,0.000153355693328,-0.000215942040086,-0.0000314567114401,0.00017848306743],[0.00037302749115,0.00215891259722,0.000890569004696,0.00168150372338,-0.000613054959103,0.000525033974554,-0.00028496212326,0.000711963046342,-0.000219553767238,0.000428171566455,-0.000294858386042,0.00000437807148046,0.000053893236327],[0.000596403377131,0.000890569004696,0.00332383508794,0.0014144385932,-0.0000925493368413,0.000157115544425,0.000106716826849,-0.000167338075698,0.0000563834364584,-0.000270667020231,-0.00000899090446183,0.00040375298704,-0.0000301792933897],[-0.0000443299795734,0.00168150372338,0.0014144385932,0.00555862206966,-0.00143669673707,-0.00147881777957,0.00298130116425,-0.000411992950831,-0.00117900653277,0.000690000830218,0.00215937802568,-0.00144285440911,0.00057650951203],[0.000233731727349,-0.000613054959103,-0.0000925493368413,-0.00143669673707,0.00722578167915,-0.0010120740626,-0.00160650210455,0.00197097961791,-0.00194793799892,0.00327837304212,-0.00304765277542,0.00135488680098,-0.000650764675811],[0.000333911215421,0.000525033974554,0.000157115544425,-0.00147881777957,-0.0010120740626,0.0124913034961,-0.00742763839662,-0.000961405574344,0.00326433172449,-0.00503544462845,0.00550641026348,-0.00531536946073,0.00118272309192],[0.000277766550425,-0.00028496212326,0.000106716826849,0.00298130116425,-0.00160650210455,-0.00742763839662,0.016753859818,-0.00615786155686,-0.00527289602906,0.00735783809796,-0.00493492884561,0.00701449299231,-0.00526075996459],[-0.000149532716023,0.000711963046342,-0.000167338075698,-0.000411992950831,0.00197097961791,-0.000961405574344,-0.00615786155686,0.0164197068661,-0.00276503851637,-0.00402534333989,0.00536002917215,-0.00585493445396,0.00491144647822],[0.0000941913458519,-0.000219553767238,0.0000563834364584,-0.00117900653277,-0.00194793799892,0.00326433172449,-0.00527289602906,-0.00276503851637,0.0192827060819,-0.00891430303454,-0.000228449091082,0.00293512223288,-0.00300923222676],[0.000153355693328,0.000428171566455,-0.000270667020231,0.000690000830218,0.00327837304212,-0.00503544462845,0.00735783809796,-0.00402534333989,-0.00891430303454,0.0253490824252,-0.0132057629526,0.00275084143505,0.00172615179326],[-0.000215942040086,-0.000294858386042,-0.00000899090446183,0.00215937802568,-0.00304765277542,0.00550641026348,-0.00493492884561,0.00536002917215,-0.000228449091082,-0.0132057629526,0.0314340442419,-0.016176359728,0.00256848521531],[-0.0000314567114401,0.00000437807148046,0.00040375298704,-0.00144285440911,0.00135488680098,-0.00531536946073,0.00701449299231,-0.00585493445396,0.00293512223288,0.00275084143505,-0.016176359728,0.0372602939606,-0.0169521067291],[0.00017848306743,0.000053893236327,-0.0000301792933897,0.00057650951203,-0.000650764675811,0.00118272309192,-0.00526075996459,0.00491144647822,-0.00300923222676,0.00172615179326,0.00256848521531,-0.0169521067291,0.0291546545923]],"mean":[-627.395935059,153.924240112,-22.5468616486,41.4850578308,9.90827465057,21.3942070007,1.77991449833,11.828997612,2.02350258827,5.06392240524,2.18882393837,7.74508857727,3.50460219383]},"pitch_salience":{"dmean":0.0973215475678,"dmean2":0.156085863709,"dvar":0.00741529557854,"dvar2":0.0173315759748,"max":0.940277457237,"mean":0.482016921043,"median":0.499388694763,"min":0.0430371947587,"var":0.0204240642488},"silence_rate_20dB":{"dmean":0.00105240999255,"dmean2":0.00210504163988,"dvar":0.00105124409311,"dvar2":0.0031528971158,"max":1,"mean":0.999473869801,"median":1,"min":0,"var":0.000525855866726},"silence_rate_30dB":{"dmean":0.124184384942,"dmean2":0.248394906521,"dvar":0.108766406775,"dvar2":0.214466631413,"max":1,"mean":0.789434909821,"median":1,"min":0,"var":0.166214540601},"silence_rate_60dB":{"dmean":0.000420964002842,"dmean2":0.000842016655952,"dvar":0.000420797412517,"dvar2":0.000841235741973,"max":1,"mean":0.00199936865829,"median":0,"min":0,"var":0.00199518864974},"spectral_centroid":{"dmean":228.173858643,"dmean2":345.321868896,"dvar":58507.2617188,"dvar2":111384.523438,"max":11542.3681641,"mean":1353.76293945,"median":1287.18798828,"min":141.812042236,"var":412003.34375},"spectral_complexity":{"dmean":4.24668502808,"dmean2":6.48605394363,"dvar":15.7750720978,"dvar2":31.2547626495,"max":63,"mean":28.1481628418,"median":29,"min":0,"var":110.111862183},"spectral_contrast_coeffs":{"dmean":[0.0546255074441,0.0503927133977,0.0378302186728,0.0290035251528,0.0238022692502,0.0354138500988],"dmean2":[0.0903793722391,0.0830248147249,0.0625629723072,0.0486745759845,0.0389495790005,0.055318903178],"dvar":[0.0018137183506,0.00154785811901,0.000883169879671,0.000529375276528,0.000456555484561,0.00094918202376],"dvar2":[0.00505048548803,0.00426479615271,0.00238486099988,0.00145426951349,0.00109155999962,0.00224512070417],"max":[-0.39436891675,-0.44296169281,-0.560987591743,-0.605783939362,-0.639609456062,-0.459055900574],"mean":[-0.706107378006,-0.759971141815,-0.806666135788,-0.805754721165,-0.798331797123,-0.7233543396],"median":[-0.709745168686,-0.764523983002,-0.813158690929,-0.808767259121,-0.79455524683,-0.712657034397],"min":[-0.982278347015,-0.992223203182,-0.970948457718,-0.978063464165,-0.967832386494,-0.961361289024],"var":[0.00503096962348,0.00452930945903,0.00258989771828,0.00136728328653,0.00217060185969,0.00551633676514]},"spectral_contrast_valleys":{"dmean":[0.400051593781,0.370031744242,0.315141737461,0.275530040264,0.280342936516,0.527635037899],"dmean2":[0.659297168255,0.603857517242,0.509852588177,0.4428409338,0.433332830667,0.83428555727],"dvar":[0.1093782112,0.100897945464,0.0784932374954,0.0744977518916,0.114165820181,0.2139647156],"dvar2":[0.269073873758,0.237838789821,0.185857996345,0.164232552052,0.260791897774,0.563727378845],"max":[-4.73168039322,-4.74028921127,-5.26638841629,-5.44000005722,-5.30183982849,-8.83708190918],"mean":[-6.3270740509,-6.33261632919,-6.75611877441,-6.89697504044,-7.14194965363,-10.6941347122],"median":[-6.27600955963,-6.26499128342,-6.68812417984,-6.76898813248,-6.93098211288,-10.6255559921],"min":[-27.6523189545,-27.837682724,-27.4687366486,-27.4636135101,-27.40691185,-27.3601875305],"var":[0.597732424736,0.67357057333,0.586959481239,0.687212228775,0.959995985031,0.647059381008]},"spectral_decrease":{"dmean":9.17380660326e-9,"dmean2":1.47777834414e-8,"dvar":2.10087345211e-16,"dvar2":4.99831918713e-16,"max":6.20759665892e-9,"mean":-1.66298832482e-8,"median":-1.18699139406e-8,"min":-1.4035475715e-7,"var":2.72115369415e-16},"spectral_energy":{"dmean":0.0347003936768,"dmean2":0.0559980198741,"dvar":0.00289231725037,"dvar2":0.00691229570657,"max":0.541283547878,"mean":0.0811368003488,"median":0.0640206411481,"min":1.07477079485e-20,"var":0.00387333310209},"spectral_energyband_high":{"dmean":0.000463989155833,"dmean2":0.000673909496982,"dvar":7.53135338982e-7,"dvar2":0.00000128793953991,"max":0.0333774536848,"mean":0.0015351792099,"median":0.00118397234473,"min":7.64522085049e-21,"var":0.0000029121888474},"spectral_energyband_low":{"dmean":0.0303443223238,"dmean2":0.0495594739914,"dvar":0.00248304056004,"dvar2":0.00614652782679,"max":0.485963106155,"mean":0.0493584722281,"median":0.0328076630831,"min":2.25322403467e-23,"var":0.00298477360047},"spectral_energyband_middle_high":{"dmean":0.00219168630429,"dmean2":0.00346822361462,"dvar":0.00000768554309616,"dvar2":0.0000187034620467,"max":0.0385214425623,"mean":0.00693117221817,"median":0.00595794059336,"min":1.38178966324e-21,"var":0.0000238616066781},"spectral_energyband_middle_low":{"dmean":0.00502969883382,"dmean2":0.0081503642723,"dvar":0.0000482915420434,"dvar2":0.000124579280964,"max":0.0898680463433,"mean":0.0118342796341,"median":0.00938761234283,"min":2.62238266554e-22,"var":0.0000985072474577},"spectral_entropy":{"dmean":0.133233264089,"dmean2":0.20404060185,"dvar":0.026203000918,"dvar2":0.0656515210867,"max":9.81491851807,"mean":7.63483905792,"median":7.70753335953,"min":4.38663816452,"var":0.119498245418},"spectral_flux":{"dmean":0.0466141141951,"dmean2":0.0774228200316,"dvar":0.00351659487933,"dvar2":0.008829632774,"max":0.608114957809,"mean":0.151074707508,"median":0.137483000755,"min":6.71936950525e-11,"var":0.0056435810402},"spectral_kurtosis":{"dmean":4.05894470215,"dmean2":6.42122936249,"dvar":38.7314033508,"dvar2":100.241333008,"max":116.73387146,"mean":17.6060619354,"median":15.7454051971,"min":-1.25736916065,"var":76.0337524414},"spectral_rms":{"dmean":0.00170084775891,"dmean2":0.00270631466992,"dvar":0.00000412478493672,"dvar2":0.00000927762539504,"max":0.0229800231755,"mean":0.0084180040285,"median":0.00790311116725,"min":3.23814282679e-12,"var":0.0000082952738012},"spectral_rolloff":{"dmean":4796.65332031,"dmean2":9076.34765625,"dvar":56018284,"dvar2":132400792,"max":22028.4667969,"mean":8893.69726562,"median":2562.45117188,"min":21.533203125,"var":91472304},"spectral_skewness":{"dmean":0.304876804352,"dmean2":0.472232669592,"dvar":0.159367263317,"dvar2":0.400678873062,"max":8.15602588654,"mean":2.75999569893,"median":2.61777114868,"min":-0.0760814100504,"var":0.545368611813},"spectral_spread":{"dmean":447495.3125,"dmean2":711993.25,"dvar":290728968192,"dvar2":686757511168,"max":41952064,"mean":3967933.5,"median":3921109,"min":754018.25,"var":1422674493440},"spectral_strongpeak":{"dmean":1.74572479725,"dmean2":3.30372595787,"dvar":89.6270217896,"dvar2":255.643692017,"max":158.152374268,"mean":1.31018912792,"median":0.257688373327,"min":0,"var":62.1875076294},"zerocrossingrate":{"dmean":0.038342718035,"dmean2":0.0468391776085,"dvar":0.00116222654469,"dvar2":0.00168052688241,"max":0.66845703125,"mean":0.218586444855,"median":0.220703125,"min":0.00244140625,"var":0.00917805731297}},"metadata":{"audio_properties":{"analysis_sample_rate":44100,"bit_rate":285160,"codec":"mp3","downmix":"mix","equal_loudness":0,"length":220.631271362,"lossless":false,"md5_encoded":"fd9a3d70c323f936d1222087c60986a4","replay_gain":0.545728683472},"tags":{"album":["Consolers of the Lonely"],"albumartist":["The Raconteurs"],"albumartistsort":["Raconteurs, The"],"artist":["The Raconteurs"],"artistsort":["Raconteurs, The"],"date":["2008-03-25"],"discnumber":["1/1"],"file_name":"10 - Attention.mp3","mp3gain_album_minmax":["072,203"],"mp3gain_minmax":["084,203"],"musicbrainz album release country":["US"],"musicbrainz album type":["album"],"musicbrainz_albumartistid":["be407b02-f3e6-4ed5-9489-f8e5f0ab36dc"],"musicbrainz_albumid":["0ed51cc9-4840-45ab-8b6d-f71dd9cbad15"],"musicbrainz_artistid":["be407b02-f3e6-4ed5-9489-f8e5f0ab36dc"],"musicbrainz_recordingid":["6093dd21-cd82-4998-a15f-a9d868d3c0d5"],"musicbrainz_releasegroupid":["3d8c32dc-5962-3118-9c42-1f1a8d27434d"],"title":["Attention"],"tracknumber":["10/14"]},"version":{"essentia":"2.1-beta1","essentia_build_sha":"de1f7ffc9d3406fe9025cc52cfcd6ebfe2259f32","essentia_git_sha":"v2.1_beta1-5-gf9dded9","extractor":"music 1.0"}},"rhythm":{"beats_count":532,"beats_loudness":{"dmean":0.0628487542272,"dmean2":0.117528274655,"dvar":0.00317955692299,"dvar2":0.0101848868653,"max":0.347798734903,"mean":0.0984939411283,"median":0.0828970298171,"min":0.00953703094274,"var":0.00353698059916},"beats_loudness_band_ratio":{"dmean":[0.265653163195,0.0776808783412,0.0583893172443,0.0407982766628,0.0613917969167,0.0894108191133],"dmean2":[0.500678777695,0.1461468786,0.106234304607,0.0748532935977,0.118544325233,0.168124437332],"dvar":[0.0362519882619,0.0046567004174,0.00454604020342,0.00205658678897,0.00286231259815,0.0060289609246],"dvar2":[0.136913523078,0.0143010485917,0.0146838417277,0.00627813534811,0.00976557750255,0.0207963250577],"max":[0.994073152542,0.527287721634,0.433235228062,0.450271308422,0.329409152269,0.626603603363],"mean":[0.660