{"lowlevel":{"average_loudness":0.825636148453,"barkbands":{"dmean":[0.00275021442212,0.00476910267025,0.00166299683042,0.000884818378836,0.00165712926537,0.00114122161176,0.00133085693233,0.00138369377237,0.00082789408043,0.000937593635172,0.000569093506783,0.000970228109509,0.000618907855824,0.000328705878928,0.000251704303082,0.000173186155735,0.000138276824146,0.0000935021889745,0.0000719184536138,0.0000640869984636,0.0000442084456154,0.0000277014587482,0.000050436174206,0.0000460480368929,0.00000942619499256,0.000066867491114,0.000154341454618],"dmean2":[0.00434755953029,0.00817858520895,0.00291621498764,0.00148845545482,0.00274343206547,0.00181160867214,0.00218403106555,0.00223350641318,0.00137729966082,0.00154081988148,0.00094405078562,0.00158831395674,0.00101642881054,0.000544736278243,0.000416353665059,0.000283491739538,0.000223571289098,0.000147525235661,0.000111278626719,0.0000957858937909,0.0000635098840576,0.0000367053653463,0.0000631617658655,0.0000573225079279,0.0000123473673739,0.0000786968666944,0.000212966799154],"dvar":[0.0000305282446789,0.000090430417913,0.00000891699801286,0.00000263517654275,0.00000922617800825,0.0000116898927445,0.0000169906597876,0.0000195240882022,0.0000038397120079,0.0000045982528718,0.00000111538565761,0.00000282273799712,0.00000121187531477,3.45591217865e-7,2.46313220487e-7,1.92749297412e-7,1.28159911128e-7,3.86515921491e-8,2.39449686745e-8,3.1318890592e-8,1.4391386749e-8,1.71320280185e-9,7.26328774903e-9,6.58858123614e-9,2.2630114449e-10,1.27240378234e-8,5.68912419396e-8],"dvar2":[0.0000718590381439,0.00024722807575,0.0000265581293206,0.00000683359894538,0.0000231299072766,0.0000251719757216,0.0000433689710917,0.0000487008292112,0.00000998920131678,0.0000123310464915,0.0000028197073334,0.00000712351675247,0.00000308723519993,9.40996017107e-7,6.50994650186e-7,4.97920837006e-7,3.48102105363e-7,9.67972155763e-8,6.10393300349e-8,6.87978101155e-8,3.1411182988e-8,3.32308291995e-9,1.21357146554e-8,1.07804325467e-8,3.95381283269e-10,1.90810744982e-8,1.21238798556e-7],"max":[0.0866867899895,0.108592748642,0.058099001646,0.0345804207027,0.0864288434386,0.0946617871523,0.147853910923,0.131083160639,0.0408168956637,0.065952308476,0.0233413912356,0.0334486700594,0.0212109517306,0.012985794805,0.0117638148367,0.0147646991536,0.0118516869843,0.0037036628928,0.00390266999602,0.0052886349149,0.00495409872383,0.000738403236028,0.00109348935075,0.00117551942822,0.000189737213077,0.0015835944796,0.00795684102923],"mean":[0.00405568443239,0.00598446233198,0.002028234303,0.00110554404091,0.0026893466711,0.00176660390571,0.00193094217684,0.0020461906679,0.00120945216622,0.00138105917722,0.000880723819137,0.00170084391721,0.00112146930769,0.000623203406576,0.000469392689411,0.000304567976855,0.000262060173554,0.000179299953743,0.000146873615449,0.000145501864608,0.0000998927353066,0.0000607770198258,0.0000855617690831,0.0000725215795683,0.0000147950395331,0.000114076807222,0.000576122489292],"median":[0.00166674063075,0.00311442278326,0.000844700552989,0.000453574059065,0.00132662046235,0.000543649483006,0.000577159924433,0.000507800723426,0.000476406217786,0.000577884726226,0.000428858445957,0.000744172779378,0.00050498690689,0.000303236040054,0.000225733194384,0.000128425017465,0.000105850864202,0.0000696942734066,0.0000500860987813,0.0000370882771676,0.0000295264435408,0.0000189143374882,0.0000141258060466,0.00000800492853159,0.00000308833341478,0.000014264276615,0.000348937523086],"min":[1.57427014955e-24,5.08534094398e-24,2.54402198794e-24,2.92486529753e-24,3.15752842248e-23,6.28048138704e-23,6.50708199761e-23,9.19756437452e-24,8.10963525608e-23,1.99568414163e-23,4.4159158675e-23,5.42052770595e-23,4.66204930518e-23,6.85476455297e-23,5.21023190366e-23,1.34686627348e-22,7.76435273113e-23,2.04950808964e-22,3.12306649741e-22,3.40077355639e-22,4.98340069327e-22,3.51866673608e-22,7.11236335815e-22,6.84638419959e-22,1.35979506e-21,1.63817193131e-21,2.42962131004e-21],"var":[0.0000447517086286,0.0000845163012855,0.0000119740479931,0.00000399716191168,0.0000207552075153,0.000024152066544,0.0000294565870718,0.0000397271069232,0.00000590821673541,0.00000655182066112,0.00000183647966878,0.00000693797846907,0.00000279919822788,7.53508857088e-7,5.11781536261e-7,3.4203091559e-7,2.42162769837e-7,8.27853199326e-8,5.88672648405e-8,1.17395728694e-7,4.79459885128e-8,7.32754745769e-9,1.92687323874e-8,1.53866661634e-8,5.71642400082e-10,3.57230938164e-8,5.88614170738e-7]},"barkbands_crest":{"dmean":2.84132838249,"dmean2":4.68600225449,"dvar":6.14152956009,"dvar2":16.0221309662,"max":24.1733932495,"mean":9.46347141266,"median":8.60435581207,"min":2.35209059715,"var":17.7848300934},"barkbands_flatness_db":{"dmean":0.0250763241202,"dmean2":0.0370113030076,"dvar":0.000506144831888,"dvar2":0.00109285220969,"max":0.426511436701,"mean":0.126333624125,"median":0.115951001644,"min":0.0183783303946,"var":0.00358284148388},"barkbands_kurtosis":{"dmean":3.84233164787,"dmean2":6.12058544159,"dvar":55.6406555176,"dvar2":130.580596924,"max":183.783416748,"mean":6.74145412445,"median":2.80223059654,"min":-1.80378139019,"var":158.279388428},"barkbands_skewness":{"dmean":0.571591079235,"dmean2":0.908734560013,"dvar":0.366890370846,"dvar2":0.879240036011,"max":11.0010700226,"mean":1.76760745049,"median":1.4623196125,"min":-2.44526386261,"var":1.78093397617},"barkbands_spread":{"dmean":7.0827999115,"dmean2":10.399723053,"dvar":56.9077453613,"dvar2":106.715057373,"max":112.582046509,"mean":28.3860931396,"median":25.295841217,"min":0.578927338123,"var":335.966156006},"dissonance":{"dmean":0.0190488472581,"dmean2":0.0326069146395,"dvar":0.000393168942537,"dvar2":0.00110542948823,"max":0.500000119209,"mean":0.4698163867,"median":0.476878345013,"min":0.254849046469,"var":0.000681282253936},"dynamic_complexity":4.41812515259,"erbbands":{"dmean":[0.218009144068,0.884538710117,1.83405458927,2.45835113525,3.83222079277,6.44222927094,6.14727210999,11.5926046371,16.9092578888,28.4573612213,21.2381229401,18.6136646271,26.9553012848,23.6410770416,28.0131092072,36.7893981934,27.9178009033,15.1877708435,15.4669485092,10.7725200653,8.53101921082,7.34245920181,4.97390365601,4.32462358475,3.18486762047,3.0921151638,2.39322853088,1.31731832027,1.00846898556,1.13566410542,1.5286141634,1.28627562523,0.563704073429,0.152343407273,0.0516257248819,0.149273589253,0.156438782811,0.0494742840528,0.0135674579069,0.0036260986235],"dmean2":[0.373648732901,1.53391766548,3.20374560356,4.18484115601,6.3434381485,10.9027700424,10.049700737,18.3314476013,27.5924091339,46.1474189758,34.5435829163,31.1357307434,44.6119995117,38.3696212769,45.6434288025,60.8469696045,45.6480865479,24.8122386932,25.4655818939,17.5758247375,13.6620311737,11.7813882828,7.78978824615,6.76608610153,4.86156320572,4.65228700638,3.43458533287,1.86482572556,1.36574947834,1.43949234486,1.93719434738,1.60681724548,0.712340056896,0.194053441286,0.0677372589707,0.187422081828,0.189772263169,0.0557317994535,0.0170828495175,0.0050894478336],"dvar":[0.187226831913,3.08719348907,10.1826505661,17.473859787,53.0043907166,158.624252319,221.048690796,1476.84033203,3171.94042969,6203.62939453,3563.9230957,1994.4901123,4599.49707031,2858.83398438,2280.79052734,3874.2043457,2386.36083984,795.421569824,792.419921875,467.285095215,568.183776855,328.25201416,115.224975586,89.5432510376,46.9999771118,77.2893447876,55.5149230957,6.60361814499,2.41433858871,3.02975797653,6.97491788864,5.13778829575,0.99170601368,0.0622132010758,0.00629225140437,0.06860204041,0.0726441666484,0.00564536219463,0.00056249811314,0.0000288613391604],"dvar2":[0.510718822479,8.59034538269,30.0067424774,48.2194824219,141.004959106,404.568206787,529.45690918,3064.93212891,8430.93945312,15716.2265625,8964.11328125,5270.77099609,12358.0097656,7330.02636719,5565.24707031,10317.8466797,6042.47070312,2074.47241211,2129.20068359,1196.68493652,1517.4564209,847.561401367,285.005828857,225.445663452,111.196044922,172.419525146,117.148262024,13.48898983,4.94235372543,5.15827703476,12.0744047165,8.6223154068,1.67073321342,0.105564296246,0.0108130117878,0.116093747318,0.114454574883,0.0079980622977,0.0011683923658,0.0000624602398602],"max":[4.34681510925,22.2166252136,58.0208282471,69.3721694946,250.600662231,350.230316162,436.021820068,1189.15551758,1547.75805664,1875.57836914,1469.72937012,1128.42248535,2142.26342773,1492.35888672,875.202331543,1097.82556152,972.335205078,832.306335449,542.305603027,584.702453613,858.321289062,486.224029541,255.721862793,233.466369629,186.373962402,286.925537109,282.051086426,93.1820297241,32.0669937134,23.6054897308,32.4236564636,32.4170455933,13.3446846008,3.0519452095,0.958216488361,2.90183496475,3.6343691349,1.20992946625,0.638026833534,0.172177776694],"mean":[0.264539331198,1.03386104107,2.27956271172,3.36659097672,6.03767776489,9.26945590973,9.54035663605,17.7764167786,24.2162094116,43.6194419861,33.2471313477,27.6897583008,39.6761169434,38.4402160645,49.7371139526,66.1640625,53.0051269531,32.7940330505,31.3441944122,21.0345039368,16.2727603912,14.6445379257,10.2042541504,8.72853755951,6.84281539917,6.87903118134,5.36676931381,3.06695151329,2.20257997513,2.18117213249,2.52187657356,2.0272090435,0.867470741272,0.239762619138,0.0816627666354,0.232551038265,0.261204659939,0.1063760221,0.0434586144984,0.0157144553959],"median":[0.131332173944,0.475382864475,1.07402324677,1.59580481052,2.8509516716,4.26259851456,3.7573018074,5.303586483,6.86758422852,13.3295621872,10.2596645355,11.3219432831,17.097650528,17.706943512,25.2287101746,31.6388778687,25.3511695862,16.1832695007,15.7819843292,10.3806667328,6.79906463623,6.12416887283,4.41476917267,2.86541748047,2.25471353531,1.80417966843,1.44833803177,0.991698622704,0.679906070232,0.561779856682,0.371955573559,0.217975199223,0.104729875922,0.0429288968444,0.0189857315272,0.0265451855958,0.0308453403413,0.0263704601675,0.0138958226889,0.0113239018247],"min":[1.46788662402e-22,1.32688322768e-21,2.37296489069e-21,8.36963558104e-21,7.81669781485e-20,7.89602378936e-20,2.6868007613e-19,3.13529111009e-19,9.33071311488e-19,4.56861468288e-19,3.10356511469e-19,1.6582013077e-18,1.28581659005e-18,1.67358035305e-18,1.68175858437e-18,2.41772588738e-18,2.30745133799e-18,3.09628902722e-18,3.84005902155e-18,4.88078706258e-18,8.54347788129e-18,8.33182469642e-18,1.29912296894e-17,9.85717304292e-18,1.73639620061e-17,1.65052856646e-17,2.35361620526e-17,1.5345689288e-17,1.27501851229e-17,1.78777702067e-17,1.92268637355e-17,1.52942138384e-17,1.22322401921e-17,1.29220658096e-17,9.77760736698e-18,6.34816121509e-18,3.11474611503e-18,1.10567329965e-18,2.76334185133e-19,3.91819171048e-20],"var":[0.176769971848,2.81046438217,12.3325748444,26.4381732941,100.132972717,301.567169189,437.603637695,3079.34619141,4829.01220703,12483.8125,7046.76513672,3047.56713867,5926.91503906,4764.64257812,5288.84863281,8960.80566406,5767.56933594,2025.82006836,1908.76721191,1018.41168213,1089.78100586,678.820617676,254.980560303,212.947280884,135.004455566,269.137481689,198.778869629,28.5678043365,10.1242084503,9.8523979187,17.5554771423,12.0850067139,2.21279501915,0.154486641288,0.0165844596922,0.160379990935,0.191807448864,0.0239680446684,0.00494803162292,0.000298676866805]},"erbbands_crest":{"dmean":2.56908416748,"dmean2":4.28943872452,"dvar":5.50089406967,"dvar2":14.304810524,"max":28.4003238678,"mean":8.46311187744,"median":7.54700469971,"min":2.42020010948,"var":14.263584137},"erbbands_flatness_db":{"dmean":0.0232003573328,"dmean2":0.0322540178895,"dvar":0.00045375037007,"dvar2":0.000875869591255,"max":0.311439484358,"mean":0.139014557004,"median":0.133794158697,"min":0.034155793488,"var":0.00270784762688},"erbbands_kurtosis":{"dmean":1.1724793911,"dmean2":1.88521909714,"dvar":2.33978104591,"dvar2":5.76699399948,"max":40.0381584167,"mean":1.42453920841,"median":0.708139181137,"min":-1.85069668293,"var":10.4595632553},"erbbands_skewness":{"dmean":0.388963878155,"dmean2":0.591660320759,"dvar":0.124691568315,"dvar2":0.272407829762,"max":3.75059247017,"mean":0.288535505533,"median":0.328654170036,"min":-5.66430187225,"var":0.852707266808},"erbbands_spread":{"dmean":7.34500694275,"dmean2":10.757065773,"dvar":81.443069458,"dvar2":145.172058105,"max":136.611694336,"mean":29.5717277527,"median":25.2175521851,"min":3.49770569801,"var":324.226409912},"gfcc":{"cov":[[23359.5214844,869.363342285,-1146.29467773,19.1510772705,30.9016208649,-469.302337646,344.186859131,-823.481140137,337.911834717,-514.204406738,-87.5624694824,211.773620605,-444.000701904],[869.363342285,1928.38842773,-300.276702881,-367.933990479,362.246582031,-349.313446045,146.426818848,-229.62109375,90.626159668,-128.109542847,121.687187195,-172.734573364,122.664382935],[-1146.29467773,-300.276702881,713.00982666,257.877655029,-247.060211182,273.48651123,-141.663208008,167.441116333,-53.8494262695,52.2132797241,-65.2832183838,52.6319236755,-54.63022995],[19.1510772705,-367.933990479,257.877655029,399.089385986,-59.5554733276,3.38561463356,64.0997161865,50.3438110352,-34.2207450867,31.0760746002,-45.7887992859,36.6876068115,-35.412612915],[30.9016208649,362.246582031,-247.060211182,-59.5554733276,285.839111328,-89.4348373413,83.6935501099,-109.536552429,13.6106529236,-41.737361908,40.1646308899,-50.1334114075,55.6613426208],[-469.302337646,-349.313446045,273.48651123,3.38561463356,-89.4348373413,347.64465332,-135.286712646,99.4185409546,-42.8566055298,21.5472412109,-38.8850135803,52.1821136475,-31.5145893097],[344.186859131,146.426818848,-141.663208008,64.0997161865,83.6935501099,-135.286712646,244.848190308,-39.09815979,59.6756744385,9.82325267792,18.4115581512,-23.002904892,12.5559520721],[-823.481140137,-229.62109375,167.441116333,50.3438110352,-109.536552429,99.4185409546,-39.09815979,198.501220703,12.5313224792,47.5828933716,-11.2134370804,12.4254999161,-16.4379501343],[337.911834717,90.626159668,-53.8494262695,-34.2207450867,13.6106529236,-42.8566055298,59.6756744385,12.5313224792,103.771713257,28.5287418365,22.5506038666,4.42480993271,-9.52334880829],[-514.204406738,-128.109542847,52.2132797241,31.0760746002,-41.737361908,21.5472412109,9.82325267792,47.5828933716,28.5287418365,87.1059570312,30.5313816071,15.2891988754,9.01199531555],[-87.5624694824,121.687187195,-65.2832183838,-45.7887992859,40.1646308899,-38.8850135803,18.4115581512,-11.2134370804,22.5506038666,30.5313816071,72.8934555054,15.1036062241,26.2229328156],[211.773620605,-172.734573364,52.6319236755,36.6876068115,-50.1334114075,52.1821136475,-23.002904892,12.4254999161,4.42480993271,15.2891988754,15.1036062241,84.8170776367,6.23135614395],[-444.000701904,122.664382935,-54.63022995,-35.412612915,55.6613426208,-31.5145893097,12.5559520721,-16.4379501343,-9.52334880829,9.01199531555,26.2229328156,6.23135614395,84.2774429321]],"icov":[[0.000117872121336,-0.000231209094636,0.000614221382421,-0.000622968538664,0.000617424899247,-0.000470794737339,0.000149480372784,0.000420498923631,-0.000573400233407,0.000591987627558,-0.0000506144788233,-0.000346603075741,0.000483090057969],[-0.000231209094636,0.00281918351538,-0.00370809272863,0.00323947402649,-0.00230714445934,0.00252596475184,-0.00108637067024,0.000322471925756,-0.00115966342855,0.00347225787118,-0.00417918013409,0.00437244214118,-0.00319602922536],[0.000614221382421,-0.00370809272863,0.010827710852,-0.00980332866311,0.00846893433481,-0.00818740110844,0.00346504873596,0.00134865706787,-0.00323424232192,0.000855705700815,0.000925351225305,-0.00107298453804,0.00195876928046],[-0.000622968538664,0.00323947402649,-0.00980332866311,0.0139994509518,-0.00975323654711,0.00934458710253,-0.0051103848964,-0.00337412487715,0.00819261372089,-0.00659592915326,0.00550866359845,-0.00457847258076,0.00182544684503],[0.000617424899247,-0.00230714445934,0.00846893433481,-0.00975323654711,0.0158656165004,-0.00916322041303,0.00152914749924,0.00555359991267,-0.00788341090083,0.010101865977,-0.00877874717116,0.00785083416849,-0.00486730784178],[-0.000470794737339,0.00252596475184,-0.00818740110844,0.00934458710253,-0.00916322041303,0.0124451825395,-0.0011468877783,-0.00405428232625,0.00650434289128,-0.00605307845399,0.00595454126596,-0.00592497177422,0.00251578795724],[0.000149480372784,-0.00108637067024,0.00346504873596,-0.0051103848964,0.00152914749924,-0.0011468877783,0.00828406214714,0.000930267910007,-0.00512819318101,0.000104933351395,-0.0000278629613604,0.00150074402336,-0.000717062910553],[0.000420498923631,0.000322471925756,0.00134865706787,-0.00337412487715,0.00555359991267,-0.00405428232625,0.000930267910007,0.0108039779589,-0.00686598056927,0.0042001013644,-0.00468762079254,0.00527103664353,-0.00216901558451],[-0.000573400233407,-0.00115966342855,-0.00323424232192,0.00819261372089,-0.00788341090083,0.00650434289128,-0.00512819318101,-0.00686598056927,0.0250763334334,-0.0178259182721,0.0103613855317,-0.0121503612027,0.00949089601636],[0.000591987627558,0.00347225787118,0.000855705700815,-0.00659592915326,0.010101865977,-0.00605307845399,0.000104933351395,0.0042001013644,-0.0178259182721,0.0395447947085,-0.0270207542926,0.0164697300643,-0.0113368006423],[-0.0000506144788233,-0.00417918013409,0.000925351225305,0.00550866359845,-0.00877874717116,0.00595454126596,-0.0000278629613604,-0.00468762079254,0.0103613855317,-0.0270207542926,0.0420958325267,-0.0233074948192,0.008530465886],[-0.000346603075741,0.00437244214118,-0.00107298453804,-0.00457847258076,0.00785083416849,-0.00592497177422,0.00150074402336,0.00527103664353,-0.0121503612027,0.0164697300643,-0.0233074948192,0.0351093187928,-0.0158835183829],[0.000483090057969,-0.00319602922536,0.00195876928046,0.00182544684503,-0.00486730784178,0.00251578795724,-0.000717062910553,-0.00216901558451,0.00949089601636,-0.0113368006423,0.008530465886,-0.0158835183829,0.0257432069629]],"mean":[-13.7715301514,83.0583953857,-84.8530578613,-11.9876117706,-22.2885913849,-1.75579941273,-7.0260643959,-9.27320289612,-5.577231884,-4.40511989594,-3.11594152451,-1.2442510128,-9.73613643646]},"hfc":{"dmean":28.0267410278,"dmean2":40.6054153442,"dvar":1323.41687012,"dvar2":2668.07446289,"max":653.721496582,"mean":101.404090881,"median":89.0529327393,"min":1.1701680757e-16,"var":6418.52441406},"melbands":{"dmean":[0.0016460820334,0.000989918247797,0.000424880883656,0.000371485104552,0.000235254017753,0.00025182418176,0.000258393440163,0.000327307585394,0.000165166202351,0.000118512558402,0.00013925107487,0.000102182602859,0.0000846099283081,0.000117282361316,0.0000753021522542,0.0000592895557929,0.0000291876294796,0.0000290829066216,0.0000183272131835,0.0000131463348225,0.000010391363503,0.00000874154011399,0.0000057078559621,0.00000451146479463,0.00000379774132853,0.00000261795389633,0.0000022890035325,0.00000229890451919,0.00000176137007202,0.00000113267776669,7.32230432732e-7,6.09887251812e-7,5.77865819196e-7,7.03584362327e-7,8.91624722499e-7,9.52947516453e-7,7.60326372529e-7,4.59769182726e-7,2.24277201255e-7,9.68732720708e-8],"dmean2":[0.00276864343323,0.00171988655347,0.000712416542228,0.000622200372163,0.000383711507311,0.000398244097596,0.000419586140197,0.000526769086719,0.000271397468168,0.000197609871975,0.000230598976486,0.000166564626852,0.000139249314088,0.000191154802451,0.000124391328427,0.0000973796340986,0.0000480371709273,0.0000484554147988,0.0000303343822452,0.0000216231965169,0.000016712157958,0.0000141177997648,0.00000918589194043,0.00000716511249266,0.00000606492949373,0.00000407996685681,0.00000352169172402,0.00000352120014213,0.00000258851696344,0.00000165268738783,0.00000107034929897,8.73238434451e-7,7.82009635714e-7,9.29213626932e-7,0.00000117717354442,0.00000124407631574,9.75534817371e-7,6.04345018473e-7,2.87917515607e-7,1.2984619957e-7],"dvar":[0.000010600108908,0.00000290064804176,4.80857750063e-7,4.39036057287e-7,2.8276303965e-7,6.2463999484e-7,7.05924605882e-7,9.08188042104e-7,1.90653921095e-7,7.72738815158e-8,1.21150392829e-7,5.38969082697e-8,2.0784709065e-8,4.35247144992e-8,1.47642191806e-8,1.30530661835e-8,3.03583691519e-9,2.71973621402e-9,1.44772027699e-9,1.03234920612e-9,9.57582679817e-10,4.6296136369e-10,2.09532349804e-10,9.89273732377e-11,7.32421970295e-11,3.25130096457e-11,3.12633981203e-11,4.72063776957e-11,3.20058320125e-11,8.92662593149e-12,1.81204779914e-12,1.00521988736e-12,7.94719867171e-13,1.27299624834e-12,2.45090059359e-12,2.90444621479e-12,1.86907954391e-12,6.9642902556e-13,1.50637559067e-13,2.53908053166e-14],"dvar2":[0.0000279310115729,0.00000821339835966,0.00000129618160827,0.00000117689114632,6.53652648452e-7,0.00000132801142172,0.00000184510440704,0.00000229255715567,4.83485791847e-7,2.02171847263e-7,3.25720662886e-7,1.38837393138e-7,5.21492893313e-8,1.08753866357e-7,3.97448722822e-8,3.24749009906e-8,8.0802244895e-9,7.44139905251e-9,3.87567888893e-9,2.65889621431e-9,2.65705812907e-9,1.21332588421e-9,5.4346360745e-10,2.51255710682e-10,1.89640178561e-10,8.25792906278e-11,7.58068469109e-11,1.07227442203e-10,6.97371188574e-11,1.88562412212e-11,4.01429063601e-12,2.25200565661e-12,1.61075883534e-12,2.32261519045e-12,4.5483499779e-12,5.20803105503e-12,3.29400265744e-12,1.24998394881e-12,2.69608987913e-13,4.62351138549e-14],"max":[0.0363134779036,0.0224381182343,0.0121679827571,0.0167026650161,0.0173490010202,0.0229924153537,0.0249919071794,0.0261176899076,0.0101378643885,0.00717308185995,0.0111237531528,0.00587947061285,0.00261743320152,0.00426645902917,0.00219990732148,0.00265504047275,0.00158970546909,0.00090671912767,0.000887600996066,0.00140425737482,0.00126186804846,0.00057066406589,0.000517173437402,0.000234954321058,0.000189808575669,0.000170705083292,0.000164686134667,0.000224826784688,0.00019199649978,0.000142768025398,0.0000423647979915,0.0000235872448684,0.0000117169392979,0.0000169430823007,0.0000203617637453,0.0000203060662898,0.0000203914150916,0.0000129171048684,0.00000424764630225,0.00000197368194677],"mean":[0.00227288738824,0.0012676960323,0.000647593114991,0.000571775075514,0.000368493550923,0.000386574451113,0.00037702685222,0.000499496527482,0.000250917597441,0.000171018473338,0.000199981004698,0.00015754623746,0.000141122829518,0.000201473580091,0.000134348185384,0.000103459133243,0.0000559225882171,0.0000542206034879,0.0000331963165081,0.0000229874640354,0.0000181423420145,0.0000161286970979,0.0000106159959614,0.00000822632773634,0.00000702453007762,0.00000512698989041,0.00000455624604001,0.00000466359324491,0.00000368380483451,0.00000234707295022,0.00000156675616836,0.00000123751306091,0.00000113632233933,0.00000123868596802,0.00000143123395446,0.00000147555272179,0.00000115520276722,6.81414348946e-7,3.39042912856e-7,1.48554178736e-7],"median":[0.00126820150763,0.000648122979328,0.000341578677762,0.000288512965199,0.000146279402543,0.000113674432214,0.000110734901682,0.000141594777233,0.0000782736024121,0.0000687139981892,0.0000831545839901,0.0000667549029458,0.000070939946454,0.0000871255906532,0.0000669786240906,0.0000438472925453,0.0000266526731139,0.0000260826709564,0.0000156367968884,0.0000102523226815,0.00000687326155457,0.00000633322088106,0.00000448442551715,0.00000291675314656,0.00000214122201214,0.00000178066579792,0.00000118687285067,0.00000113093733489,8.90974263257e-7,6.96688175594e-7,4.91442904149e-7,3.81147629014e-7,3.299636262e-7,2.90583727747e-7,2.16527951125e-7,1.64381617651e-7,1.18812749861e-7,7.77068436264e-8,5.04417982938e-8,2.95953803686e-8],"min":[2.73848961171e-24,1.67744408405e-24,2.83706626207e-24,4.70379140666e-24,9.09563802354e-24,9.09782237939e-24,1.36565675091e-23,3.94718150183e-24,2.62087952264e-24,1.20419112311e-23,6.52877496253e-24,5.99719906939e-24,5.88756909724e-24,5.73276382206e-24,5.56939309517e-24,5.31318566708e-24,5.07808500137e-24,6.86747120889e-24,5.09101324832e-24,7.85335406949e-24,1.00210120973e-23,4.82901755334e-24,1.72652054092e-23,7.7429490415e-24,7.1667374262e-24,1.0128991378e-23,8.1756416146e-24,1.04768301278e-23,1.52711543674e-23,9.62679937027e-24,8.32239419766e-24,7.34864796208e-24,6.51924118406e-24,1.19898109126e-23,1.1160378891e-23,1.05495631033e-23,8.40955070591e-24,8.77276908795e-24,8.22207948951e-24,1.14849675434e-23],"var":[0.0000110574565042,0.0000032032605759,8.24656865461e-7,7.94911272806e-7,6.56113627429e-7,0.00000129023089812,0.00000114978104193,0.00000186982742889,3.53636295358e-7,1.18839402319e-7,1.54619257842e-7,8.81275070697e-8,4.15528482733e-8,1.02463033613e-7,3.39992816123e-8,2.74857203664e-8,6.37740571463e-9,5.99462834927e-9,2.73680589302e-9,1.7122004925e-9,1.67553437791e-9,9.29612165024e-10,3.4677372085e-10,1.88011092805e-10,1.56024693165e-10,7.34228927657e-11,8.17945433607e-11,1.48506956732e-10,1.09810320559e-10,2.75675697547e-11,6.97038086972e-12,3.52537725574e-12,2.67552559968e-12,3.48955239704e-12,5.7903326231e-12,6.53556419053e-12,4.07955917311e-12,1.42755046065e-12,3.31540323624e-13,6.02359823262e-14]},"melbands_crest":{"dmean":4.37223243713,"dmean2":7.29287147522,"dvar":13.8182840347,"dvar2":36.6520767212,"max":38.7068099976,"mean":15.2129659653,"median":14.099111557,"min":1.93379974365,"var":45.283290863},"melbands_flatness_db":{"dmean":0.0326895043254,"dmean2":0.0485903844237,"dvar":0.000794021878392,"dvar2":0.00171395740472,"max":0.51990044117,"mean":0.223990157247,"median":0.213561713696,"min":0.00633839098737,"var":0.00529432762414},"melbands_kurtosis":{"dmean":6.33347892761,"dmean2":10.3654232025,"dvar":191.804153442,"dvar2":496.242218018,"max":509.810424805,"mean":10.1955604553,"median":3.96223497391,"min":-1.95112383366,"var":415.114807129},"melbands_skewness":{"dmean":0.75118470192,"dmean2":1.20619094372,"dvar":0.645419478416,"dvar2":1.63893210888,"max":18.9372768402,"mean":2.12961244583,"median":1.73105788231,"min":-1.28212654591,"var":2.83013367653},"melbands_spread":{"dmean":6.31770801544,"dmean2":9.94396591187,"dvar":66.5206298828,"dvar2":136.171432495,"max":353.407684326,"mean":25.7293014526,"median":20.7681503296,"min":0.488829165697,"var":1391.02307129},"mfcc":{"cov":[[12346.2587891,210.73677063,-765.026794434,-109.362030029,-146.887908936,166.480102539,-162.406204224,199.049530029,-179.018218994,20.868970871,-158.183853149,100.153671265,-44.7060699463],[210.73677063,2089.53979492,-512.872741699,-54.6957550049,77.2382965088,-42.9684906006,47.7317047119,-128.458404541,11.4158735275,-57.6823234558,49.9420204163,-34.0378227234,18.2642803192],[-765.026794434,-512.872741699,988.609130859,-20.4202651978,79.7384109497,18.4857749939,-14.924621582,114.297843933,3.59129500389,85.8153839111,6.5348815918,12.8256597519,-30.3900032043],[-109.362030029,-54.6957550049,-20.4202651978,456.222290039,-96.9475860596,-9.68597221375,59.8592758179,-17.9301700592,37.9205322266,19.7156562805,15.2587652206,-10.5722389221,8.98775005341],[-146.887908936,77.2382965088,79.7384109497,-96.9475860596,193.428817749,40.7941551208,2.99971461296,14.553853035,-23.8605461121,-24.0868835449,-18.6574382782,-5.04940032959,-12.7622451782],[166.480102539,-42.9684906006,18.4857749939,-9.68597221375,40.7941551208,149.764907837,36.0542030334,8.39622783661,-1.74123752117,-12.1336660385,-20.4795532227,2.66820549965,-0.450089842081],[-162.406204224,47.7317047119,-14.924621582,59.8592758179,2.99971461296,36.0542030334,90.9351501465,10.7169561386,16.0384521484,3.33697938919,-1.87855184078,-6.77096652985,4.14881706238],[199.049530029,-128.458404541,114.297843933,-17.9301700592,14.553853035,8.39622783661,10.7169561386,96.5651855469,21.0264129639,23.612701416,0.808180451393,9.17528533936,-7.81082057953],[-179.018218994,11.4158735275,3.59129500389,37.9205322266,-23.8605461121,-1.74123752117,16.0384521484,21.0264129639,72.279586792,29.020690918,15.5771951675,4.65272521973,5.1457324028],[20.868970871,-57.6823234558,85.8153839111,19.7156562805,-24.0868835449,-12.1336660385,3.33697938919,23.612701416,29.020690918,79.0017471313,31.2701663971,14.3143520355,3.98638772964],[-158.183853149,49.9420204163,6.5348815918,15.2587652206,-18.6574382782,-20.4795532227,-1.87855184078,0.808180451393,15.5771951675,31.2701663971,66.373336792,25.5956344604,11.8312397003],[100.153671265,-34.0378227234,12.8256597519,-10.5722389221,-5.04940032959,2.66820549965,-6.77096652985,9.17528533936,4.65272521973,14.3143520355,25.5956344604,58.014919281,25.462228775],[-44.7060699463,18.2642803192,-30.3900032043,8.98775005341,-12.7622451782,-0.450089842081,4.14881706238,-7.81082057953,5.1457324028,3.98638772964,11.8312397003,25.462228775,48.1652755737]],"icov":[[0.000134500864078,-0.0000687705396558,0.000179656679393,-0.0000733981432859,0.000187837853446,-0.000251829362242,0.000396763149183,-0.000600983330514,0.000585041649174,-0.000451698666438,0.000570665753912,-0.000463658478111,0.000273566169199],[-0.0000687705396558,0.000699433439877,0.000181223542313,0.000183118681889,-0.000592893280555,0.000397953641368,-0.000682346813846,0.000963060359936,-0.000677350035403,0.000481515686261,-0.00114534655586,0.0007888575783,-0.000290481257252],[0.000179656679393,0.000181223542313,0.0017267925432,-0.00023316021543,-0.000558355357498,-0.000370338500943,0.000830455857795,-0.00183295155875,0.00129126897082,-0.00214985874481,0.000714144029189,-0.000538498687092,0.000860114174429],[-0.0000733981432859,0.000183118681889,-0.00023316021543,0.00292048486881,0.00109831697773,0.000418029318098,-0.00227363128215,0.00133843743242,-0.00127232028171,0.000404578138841,-0.000789442914538,0.000899944279809,-0.000301216379739],[0.000187837853446,-0.000592893280555,-0.000558355357498,0.00109831697773,0.0074651776813,-0.00184830045328,0.00000279579990092,-0.00184862408787,0.00217561819591,0.00118343799841,0.00130708876532,-0.000960751727689,0.00135910580866],[-0.000251829362242,0.000397953641368,-0.000370338500943,0.000418029318098,-0.00184830045328,0.00895220413804,-0.00453404197469,0.00166882923804,-0.00154124642722,0.00144035427365,0.00134401314426,-0.00136144831777,-0.00000619746242592],[0.000396763149183,-0.000682346813846,0.000830455857795,-0.00227363128215,0.00000279579990092,-0.00453404197469,0.0162729918957,-0.00444371765479,0.000268643198069,-0.00190537481103,0.00151663739234,0.00165668339469,-0.00170804513618],[-0.000600983330514,0.000963060359936,-0.00183295155875,0.00133843743242,-0.00184862408787,0.00166882923804,-0.00444371765479,0.0176822841167,-0.00690093776211,0.00015667565458,-0.00096365128411,-0.00127482018434,0.00208167498931],[0.000585041649174,-0.000677350035403,0.00129126897082,-0.00127232028171,0.00217561819591,-0.00154124642722,0.000268643198069,-0.00690093776211,0.0214277338237,-0.00740972580388,0.00111799826846,-0.000816813553683,-0.000246941985097],[-0.000451698666438,0.000481515686261,-0.00214985874481,0.000404578138841,0.00118343799841,0.00144035427365,-0.00190537481103,0.00015667565458,-0.00740972580388,0.0223755389452,-0.00968235731125,0.00108529685531,-0.000772904080804],[0.000570665753912,-0.00114534655586,0.000714144029189,-0.000789442914538,0.00130708876532,0.00134401314426,0.00151663739234,-0.00096365128411,0.00111799826846,-0.00968235731125,0.0267974082381,-0.0120163615793,0.0020856927149],[-0.000463658478111,0.0007888575783,-0.000538498687092,0.000899944279809,-0.000960751727689,-0.00136144831777,0.00165668339469,-0.00127482018434,-0.000816813553683,0.00108529685531,-0.0120163615793,0.0309587158263,-0.0152709037066],[0.000273566169199,-0.000290481257252,0.000860114174429,-0.000301216379739,0.00135910580866,-0.00000619746242592,-0.00170804513618,0.00208167498931,-0.000246941985097,-0.000772904080804,0.0020856927149,-0.0152709037066,0.030220458284]],"mean":[-672.373168945,149.368515015,-5.5075750351,9.87537384033,1.49873566628,14.000043869,4.27346372604,7.90498590469,-2.32583713531,6.1603064537,0.362669050694,6.72503614426,1.2745257616]},"pitch_salience":{"dmean":0.0764200240374,"dmean2":0.126387149096,"dvar":0.00437258370221,"dvar2":0.0112925535068,"max":0.868675351143,"mean":0.570066273212,"median":0.587802529335,"min":0.0971287786961,"var":0.0151256676763},"silence_rate_20dB":{"dmean":0,"dmean2":0,"dvar":0,"dvar2":0,"max":1,"mean":1,"median":1,"min":1,"var":0},"silence_rate_30dB":{"dmean":0.0130951059982,"dmean2":0.0261931195855,"dvar":0.0129215242341,"dvar2":0.0337180830538,"max":1,"mean":0.990013301373,"median":1,"min":0,"var":0.00988651812077},"silence_rate_60dB":{"dmean":0.00909998919815,"dmean2":0.0182019975036,"dvar":0.0090180626139,"dvar2":0.0209783632308,"max":1,"mean":0.0660230815411,"median":0,"min":0,"var":0.0616622753441},"spectral_centroid":{"dmean":207.040908813,"dmean2":303.909454346,"dvar":63785.96875,"dvar2":115429.671875,"max":11347.5869141,"mean":1204.64953613,"median":1015.93182373,"min":211.183563232,"var":977169.8125},"spectral_complexity":{"dmean":3.16013765335,"dmean2":4.68701457977,"dvar":10.023308754,"dvar2":18.5978431702,"max":53,"mean":19.9770298004,"median":21,"min":0,"var":128.888717651},"spectral_contrast_coeffs":{"dmean":[0.0535997003317,0.0483363345265,0.0375587716699,0.0276325047016,0.0218085981905,0.0232000350952],"dmean2":[0.090084515512,0.0804449543357,0.0630662664771,0.0462761856616,0.0350610800087,0.0355122573674],"dvar":[0.00175923737697,0.00148936524056,0.000875457481015,0.000460144248791,0.000355430849595,0.000581815373152],"dvar2":[0.00495863100514,0.00402022246271,0.00246931542642,0.0012993151322,0.000870138115715,0.00131375866476],"max":[-0.367417573929,-0.41543674469,-0.542677640915,-0.638696193695,-0.557747542858,-0.444265305996],"mean":[-0.699643611908,-0.772396624088,-0.805281639099,-0.815912604332,-0.821381807327,-0.781036674976],"median":[-0.703683257103,-0.782764554024,-0.808501541615,-0.814926981926,-0.820909261703,-0.79411482811],"min":[-0.954295873642,-0.966168045998,-0.961467146873,-0.966631829739,-0.969663023949,-0.963215827942],"var":[0.00658278027549,0.00531449634582,0.00269583147019,0.00169581768569,0.00209527253173,0.00369739742018]},"spectral_contrast_valleys":{"dmean":[0.39498013258,0.359026104212,0.32548096776,0.277737975121,0.290828257799,0.527940869331],"dmean2":[0.650358438492,0.576268434525,0.511916875839,0.421293020248,0.409278512001,0.691639661789],"dvar":[0.120757289231,0.101821057498,0.0983620658517,0.0912850871682,0.122129298747,0.246959581971],"dvar2":[0.279263794422,0.215128585696,0.186266556382,0.162754178047,0.212346732616,0.496988147497],"max":[-4.99620580673,-4.28929901123,-4.87381410599,-5.50019454956,-5.94320392609,-8.52732467651],"mean":[-7.15346431732,-6.63213253021,-6.89213371277,-7.44736528397,-7.95460748672,-10.7110242844],"median":[-6.86059856415,-6.34815645218,-6.50195550919,-7.03688716888,-7.64841461182,-10.5214424133],"min":[-27.5546016693,-27.7302646637,-27.5178527832,-27.3345966339,-27.2557353973,-27.360452652],"var":[2.7370300293,2.40762591362,2.46416974068,2.47553992271,2.26623702049,2.13357257843]},"spectral_decrease":{"dmean":2.78181189195e-9,"dmean2":4.41373293469e-9,"dvar":1.53717173531e-17,"dvar2":3.66687279573e-17,"max":1.1833864999e-9,"mean":-6.66725341603e-9,"median":-5.294103822e-9,"min":-4.67123015824e-8,"var":3.35736000849e-17},"spectral_energy":{"dmean":0.0112864319235,"dmean2":0.0173824746162,"dvar":0.000240951834712,"dvar2":0.000552459910978,"max":0.199582055211,"mean":0.0343612879515,"median":0.0292229391634,"min":1.08446585246e-20,"var":0.000705677724909},"spectral_energyband_high":{"dmean":0.000315382174449,"dmean2":0.000362439110177,"dvar":1.81348326578e-7,"dvar2":2.76252819731e-7,"max":0.00763434125111,"mean":0.000889790826477,"median":0.000351919385139,"min":7.78584963256e-21,"var":0.00000122465894492},"spectral_energyband_low":{"dmean":0.00706606078893,"dmean2":0.011704640463,"dvar":0.000151978412759,"dvar2":0.000388762739021,"max":0.148890256882,"mean":0.0113843884319,"median":0.00758919212967,"min":1.737668881e-23,"var":0.000183056501555},"spectral_energyband_middle_high":{"dmean":0.00231181480922,"dmean2":0.00354575342499,"dvar":0.0000124787284221,"dvar2":0.0000296180642181,"max":0.0711801797152,"mean":0.00693647610024,"median":0.00440650805831,"min":1.59820220464e-21,"var":0.0000581665917707},"spectral_energyband_middle_low":{"dmean":0.00484205037355,"dmean2":0.00768534559757,"dvar":0.0000655137555441,"dvar2":0.000158177121193,"max":0.14971780777,"mean":0.0111880898476,"median":0.00664824061096,"min":2.80045495136e-22,"var":0.000179021764779},"spectral_entropy":{"dmean":0.189494952559,"dmean2":0.256463766098,"dvar":0.0363163389266,"dvar2":0.067868553102,"max":9.80726623535,"mean":7.60257768631,"median":7.64344120026,"min":5.67440700531,"var":0.207516819239},"spectral_flux":{"dmean":0.0220114924014,"dmean2":0.0344653651118,"dvar":0.000700076809153,"dvar2":0.00149752153084,"max":0.353548049927,"mean":0.100084267557,"median":0.0982428789139,"min":1.04137691526e-10,"var":0.00281179021113},"spectral_kurtosis":{"dmean":5.3169093132,"dmean2":7.49029636383,"dvar":55.4094352722,"dvar2":126.537361145,"max":83.9247817993,"mean":16.5876140594,"median":12.607006073,"min":-1.42679381371,"var":176.646240234},"spectral_rms":{"dmean":0.000868940260261,"dmean2":0.00131208042149,"dvar":9.52064397097e-7,"dvar2":0.00000201698162527,"max":0.0139540033415,"mean":0.00529279140756,"median":0.00533949304372,"min":3.25271493767e-12,"var":0.00000550953473066},"spectral_rolloff":{"dmean":4723.2421875,"dmean2":8801.39648438,"dvar":51329248,"dvar2":120622624,"max":22028.4667969,"mean":8475.7578125,"median":2454.78515625,"min":21.533203125,"var":80495736},"spectral_skewness":{"dmean":0.410592615604,"dmean2":0.558327496052,"dvar":0.239394143224,"dvar2":0.506011128426,"max":7.41497325897,"mean":2.76830840111,"median":2.55039811134,"min":-0.343930453062,"var":1.18961882591},"spectral_spread":{"dmean":775938.5625,"dmean2":947833.625,"dvar":859982594048,"dvar2":1188288266240,"max":41122752,"mean":4832623.5,"median":4309072,"min":1454001.625,"var":5752471683070},"spectral_strongpeak":{"dmean":1.06058144569,"dmean2":1.96866571903,"dvar":28.4953422546,"dvar2":80.8533248901,"max":119.297386169,"mean":0.966714084148,"median":0.191974163055,"min":0,"var":19.538351059},"zerocrossingrate":{"dmean":0.0322906114161,"dmean2":0.041989531368,"dvar":0.000804706884082,"dvar2":0.00133357313462,"max":0.70361328125,"mean":0.221000686288,"median":0.21923828125,"min":0.00390625,"var":0.00645502330735}},"metadata":{"audio_properties":{"analysis_sample_rate":44100,"bit_rate":320000,"codec":"mp3","downmix":"mix","equal_loudness":0,"length":209.214691162,"lossless":false,"md5_encoded":"d1858b249a8e898781b22c51b55a17bc","replay_gain":-11.4857692719,"sample_rate":44100},"tags":{"album":["Point of Entry"],"albumartist":["Judas Priest"],"albumartistsort":["Judas Priest"],"artist":["Judas Priest"],"artistsort":["Judas Priest"],"asin":["B00005K9LL"],"date":["1981"],"discnumber":["1/1"],"file_name":"07. Judas Priest - You Say Yes.mp3","genre":["Heavy Metal"],"musicbrainz album release country":["GB"],"musicbrainz album status":["official"],"musicbrainz album type":["album"],"musicbrainz_albumartistid":["6b335658-22c8-485d-93de-0bc29a1d0349"],"musicbrainz_albumid":["1f0415cb-04cb-45e9-8513-612ef27aa001"],"musicbrainz_artistid":["6b335658-22c8-485d-93de-0bc29a1d0349"],"musicbrainz_recordingid":["60ba33d7-ea35-408c-8d98-884c4fc7a69d"],"musicip_puid":["420f5c5c-62a4-2a70-1b9f-315563665b30"],"title":["You Say Yes"],"tracknumber":["7/10"]},"version":{"essentia":"2.1-beta1","essentia_build_sha":"ca57ba49d9b1854bd80e60cf9ccf267278fb7d6b","essentia_git_sha":"v2.1_beta1-28-g21ef5f4-dirty","extractor":"music 1.0"}},"rhythm":{"beats_count":302,"beats_loudness":{"dmean":0.0203829072416,"dmean2":0.0352637059987,"dvar":0.000425504549639,"dvar2":0.00134842249099,"max":0.148051589727,"mean":0.0474072657526,"median":0.0440027825534,"min":1.86677473479e-9,"var":0.000763823220041},"beats_loudness_band_ratio":{"dmean":[0.188257202506,0.108244426548,0.126609414816,0.0806873142719,0.0356467440724,0.0789049342275],"dmean2":[0.330653488636,0.19601175189,0.225049242377,0.141963079572,0.0649523288012,0.138265058398],"dvar":[0.0206262823194,0.0143399694934,0.02064810507,0.00574002927169,0.000890791008715,0.00419919472188],"dvar2":[0.0593942590058,0.0427080206573,0.0574642233551,0.0154031766579,0.00251610437408,0.0123044298962],"max":[0.944773733616,0.785327494144,0.856575787067,0.590946018696,0.207239493728,0.843085646629],"mean":[0.403