{"lowlevel":{"average_loudness":0.870042085648,"barkbands":{"dmean":[0.0000495740823681,0.00113526207861,0.000972082954831,0.00125640211627,0.000971376372036,0.000351765251253,0.000415855494794,0.000383022415917,0.000447129044915,0.00033461782732,0.000489213969558,0.000604433997069,0.000396930263378,0.000633469142485,0.000396016665036,0.000473793596029,0.000434382236563,0.00033966396586,0.000404479971621,0.000221217022045,0.000147918166476,0.000074917996244,0.0000329050089931,0.0000387675099773,0.0000627602275927,0.000049779566325,0.0000214984356717],"dmean2":[0.0000714021443855,0.00176986877341,0.00175295909867,0.00215295446105,0.00166462000925,0.000586941605434,0.000688317115419,0.000635057396721,0.000730043917429,0.000537445826922,0.000764346274082,0.000926702923607,0.000637510151137,0.00100339518394,0.000630192749668,0.000751296523958,0.000698746356647,0.000546142400708,0.00065311929211,0.000354484305717,0.000234797771554,0.000120788456115,0.0000492827493872,0.0000561659908271,0.0000948767337832,0.0000730531100999,0.0000303120123135],"dvar":[1.36963613784e-8,0.00000766820539866,0.0000050119710977,0.00000527861629962,0.00000272518286693,5.08414132128e-7,9.34687363952e-7,0.00000101773002825,8.95639345799e-7,7.8106336332e-7,0.00000130519367758,0.00000191988124243,7.5969575164e-7,0.00000184610178167,8.52116613714e-7,7.11111965757e-7,5.19670606991e-7,2.36336148873e-7,2.99317605368e-7,9.27539716145e-8,4.3224229529e-8,1.90556583846e-8,5.25423393682e-9,9.17600306849e-9,3.60949492517e-8,1.38982816367e-8,2.71167754917e-9],"dvar2":[2.8678160291e-8,0.0000177294623427,0.000014597804693,0.0000136562694024,0.0000075327329796,0.00000124345592667,0.00000231935518968,0.00000264181880993,0.00000227237569561,0.000001971988695,0.00000290237198897,0.00000390464992961,0.00000165084088621,0.00000456557927464,0.00000201506509256,0.00000160295132901,0.00000123853715195,5.8077949916e-7,7.56564304538e-7,2.08772391375e-7,9.7991701864e-8,4.76460968457e-8,1.10819193821e-8,1.85664283947e-8,8.645148597e-8,3.12463477314e-8,5.54966872457e-9],"max":[0.00153247674461,0.0424109399319,0.0280455090106,0.0427545458078,0.022748472169,0.0135063007474,0.0187630038708,0.0227183755487,0.0309963561594,0.0264608357102,0.0222449190915,0.0369479097426,0.0398502200842,0.0265018176287,0.0275315716863,0.015220541507,0.016681458801,0.013253740035,0.0152370315045,0.0105002224445,0.00494509935379,0.00543943652883,0.0016575763002,0.00330510991625,0.00548030156642,0.00268390518613,0.00134956231341],"mean":[0.000096573283372,0.00120059226174,0.00115949299652,0.00167891976889,0.00168486346956,0.000527004362084,0.000618712976575,0.000564476009458,0.000810619501863,0.000556031649467,0.00082044955343,0.00112216873094,0.000723628792912,0.0011900071986,0.000657332304399,0.000972518115304,0.000958419113886,0.000820417364594,0.00109969067853,0.000611295516137,0.000445020938059,0.000207510820474,0.0000791244528955,0.0000920649108593,0.000101318037196,0.0000805410963949,0.0000383127626264],"median":[0.0000625143875368,0.000227179494686,0.000753511034418,0.00101517117582,0.00132301042322,0.000244514609221,0.000283003668301,0.00026882608654,0.000417559291236,0.000246641720878,0.000339319638442,0.000472472485853,0.00039960371214,0.000449351646239,0.000368344248272,0.000535294529982,0.000674780400004,0.000598891405389,0.000862533692271,0.000467886828119,0.000369935034541,0.000169546692632,0.000047866411478,0.0000504970848851,0.0000339639664162,0.0000167051566677,0.00000557089060749],"min":[1.10764033658e-25,1.37373874922e-24,1.87735078051e-25,1.62986822799e-25,8.00943177731e-24,8.10994212297e-24,4.73651730131e-24,6.43783665509e-24,1.10304913653e-23,1.44755203024e-23,9.21062160022e-24,1.51554095399e-23,1.69444198552e-23,3.59121006938e-23,3.66135242563e-23,5.02660906629e-23,5.4642078809e-23,8.34515819903e-23,1.06556819344e-22,1.77789608556e-22,2.0642927314e-22,2.46686650047e-22,3.99013317951e-22,5.91069368693e-22,7.93247325264e-22,1.21280399483e-21,1.89212960698e-21],"var":[1.66953970648e-8,0.00000818256285129,0.00000341357304023,0.00000552558276468,0.00000291700916932,7.43408577364e-7,0.00000134321624046,0.00000109444738428,0.00000151349820499,0.00000123592417367,0.00000263307424575,0.0000052028153732,0.00000175094476162,0.00000530030547452,0.00000123429879295,0.00000190015191492,0.00000112348493531,6.21445849447e-7,8.95220523489e-7,3.11719361434e-7,1.29701007268e-7,3.66736720991e-8,1.16938503325e-8,2.37167441242e-8,5.30161017309e-8,2.6060364533e-8,6.67406396815e-9]},"barkbands_crest":{"dmean":1.8380112648,"dmean2":3.01319932938,"dvar":3.45183825493,"dvar2":8.72187232971,"max":24.4084186554,"mean":6.45068979263,"median":5.62407779694,"min":2.12971591949,"var":10.4129629135},"barkbands_flatness_db":{"dmean":0.0118955112994,"dmean2":0.0185966044664,"dvar":0.000130014130264,"dvar2":0.000301960593788,"max":0.322016060352,"mean":0.0751447305083,"median":0.0683427229524,"min":0.0147431194782,"var":0.00158496503718},"barkbands_kurtosis":{"dmean":0.60986739397,"dmean2":0.990144968033,"dvar":1.08053278923,"dvar2":2.60620522499,"max":38.6548614502,"mean":-0.162238359451,"median":-0.838216423988,"min":-1.77969312668,"var":7.40612459183},"barkbands_skewness":{"dmean":0.336313575506,"dmean2":0.533952057362,"dvar":0.1206580773,"dvar2":0.288946598768,"max":5.24256563187,"mean":0.263031721115,"median":0.184594288468,"min":-2.25856351852,"var":0.661841213703},"barkbands_spread":{"dmean":5.10979127884,"dmean2":7.91206932068,"dvar":25.2231941223,"dvar2":56.3308982849,"max":90.6090011597,"mean":34.1319351196,"median":34.4937019348,"min":3.47281146049,"var":112.687774658},"dissonance":{"dmean":0.00882340874523,"dmean2":0.0150538003072,"dvar":0.0000926210195757,"dvar2":0.000260589207755,"max":0.500000119209,"mean":0.484163939953,"median":0.489381581545,"min":0.282959520817,"var":0.000452665641205},"dynamic_complexity":2.63064622879,"erbbands":{"dmean":[0.0376527756453,0.252004563808,0.922842204571,2.71322989464,4.26630163193,3.05102872849,2.52392697334,3.39288759232,4.86511325836,8.0151052475,7.79820919037,8.83305454254,11.2574186325,10.5750732422,23.4871139526,21.2879085541,17.1319179535,26.1546764374,24.3349590302,19.8175888062,25.6528491974,23.5361194611,18.1623821259,18.8898735046,17.421415329,10.2391147614,6.44339036942,5.43972349167,2.94192862511,1.23312461376,0.874415755272,0.731713831425,0.746654808521,0.73635494709,0.440271437168,0.246367648244,0.0805394798517,0.0237079523504,0.00378791312687,0.000183210446266],"dmean2":[0.0574450977147,0.415784776211,1.67722725868,4.6800122261,7.3497543335,5.23573684692,4.14209890366,5.7042131424,8.07765197754,13.0739946365,12.8460035324,14.5293149948,18.1259326935,16.5840549469,36.3073196411,32.1684837341,27.2880764008,40.7963562012,38.2170677185,30.9327869415,40.7162132263,37.6521644592,29.3082675934,30.2202186584,28.0250263214,16.3299255371,10.2402496338,8.69998550415,4.73169898987,1.87420499325,1.30749547482,1.08259868622,1.09360802174,1.11799442768,0.673275232315,0.378264904022,0.116495467722,0.0335641205311,0.00537635944784,0.000261435750872],"dvar":[0.0100190490484,0.368525922298,4.73879098892,21.4184837341,64.1447296143,26.1637096405,22.2731399536,50.5867805481,129.147155762,380.58215332,474.633575439,395.686920166,781.950256348,606.113891602,3144.68261719,2541.19140625,1153.84899902,3317.98706055,3097.11938477,2113.06201172,1947.51965332,1679.52856445,706.212768555,750.53125,539.866577148,201.487533569,77.4956741333,74.5445175171,30.3714199066,5.67690944672,4.31837844849,3.69029116631,3.61714720726,5.34837245941,1.67240869999,0.365434348583,0.0367355793715,0.00310102384537,0.0000828874035506,1.91365685964e-7],"dvar2":[0.0216324664652,0.932203173637,13.8724317551,58.1290168762,176.37197876,72.3867111206,53.8501396179,128.51713562,323.19744873,943.104187012,1254.43371582,1024.66650391,1966.22631836,1414.15942383,6905.36523438,5225.16796875,2574.78271484,7887.09033203,7347.99707031,5045.17138672,4443.47363281,4030.93945312,1713.2109375,1867.33874512,1313.70556641,471.19229126,177.644332886,171.903274536,75.5660171509,11.6843547821,9.22627258301,7.96333885193,7.4108042717,12.9018306732,3.97081327438,0.879259824753,0.0786798745394,0.00635845959187,0.000170466402778,3.95026916067e-7],"max":[1.54544043541,8.11417102814,25.0457324982,63.0645713806,153.737091064,78.4321365356,106.663650513,156.628585815,286.576690674,626.885742188,521.07409668,510.262634277,825.548156738,938.196289062,1391.81323242,1752.83178711,1368.88317871,1372.7767334,1519.84375,1798.7244873,936.499023438,1166.82214355,689.283203125,749.354064941,661.134765625,303.877532959,161.770294189,270.72253418,221.394882202,76.361541748,52.6855506897,80.6423339844,73.1352844238,72.4096221924,35.7025489807,13.0494689941,4.64249944687,1.49263370037,0.23668012023,0.0124603100121],"mean":[0.0373250022531,0.267658621073,1.08161425591,3.852902174,6.59398460388,4.80058240891,3.83447742462,4.84853029251,7.27342367172,12.236536026,12.1480569839,15.578119278,21.1014003754,20.8539447784,42.4702720642,42.5478134155,35.5355529785,51.6788368225,46.6476974487,38.4790229797,57.7857475281,56.1594696045,47.2835502625,51.1125259399,49.7697486877,29.3063545227,18.5544872284,16.3512325287,8.56415939331,3.27634978294,2.09186148643,1.68355357647,1.64301681519,1.20902204514,0.696213126183,0.37042093277,0.133755654097,0.0414679870009,0.00672053173184,0.000340068334481],"median":[0.00339675392024,0.0694390535355,0.662016272545,2.5934278965,4.77960634232,3.35752344131,2.14680433273,2.16515088081,3.21857142448,6.10544872284,6.36611032486,8.48029613495,10.2689561844,11.9291582108,16.5519275665,20.3032054901,21.7368507385,22.0087604523,23.1093177795,22.3222923279,35.3298416138,39.9516792297,35.7413787842,39.6582107544,39.6409034729,22.8284397125,15.0768556595,13.6192407608,7.09646081924,2.140594244,1.25461661816,0.951372802258,0.854020237923,0.47441381216,0.197720259428,0.0837374031544,0.0272795669734,0.0072644110769,0.000985819031484,0.0000701428652974],"min":[3.14424684474e-23,4.53476325335e-22,9.35590548205e-22,3.27857458455e-21,1.29892817824e-20,2.33133133142e-20,3.14226010675e-20,6.45183623321e-20,6.17253869938e-20,1.29916379547e-19,2.61138851431e-19,3.26447371581e-19,3.96695271512e-19,6.43017379468e-19,1.10353069506e-18,8.23576121335e-19,1.23090472207e-18,1.59038221685e-18,2.00513709003e-18,1.87390922854e-18,3.67827324709e-18,3.9336102537e-18,5.05677883689e-18,6.59994093148e-18,6.79655018256e-18,7.75796566492e-18,8.9877053031e-18,8.81386833428e-18,8.70305260198e-18,1.10503297913e-17,1.1003503924e-17,1.06039095137e-17,8.66333056179e-18,8.05140219695e-18,5.75678994284e-18,3.4152124415e-18,2.22343584394e-18,8.83695453159e-19,2.61727235341e-19,2.62228468018e-20],"var":[0.0108282351866,0.349859029055,3.20297503471,21.2031421661,62.2790184021,29.1416187286,31.16056633,68.6855163574,198.285964966,490.459747314,494.51083374,568.11907959,1361.52709961,1207.92102051,6677.14257812,7005.26904297,3008.50073242,9443.79003906,6797.75244141,3386.01733398,5712.18603516,3743.41088867,1980.16308594,2050.39086914,1794.81213379,675.322753906,238.127700806,192.094299316,59.7371368408,15.7365045547,8.97964286804,7.90914201736,8.86320304871,7.85986042023,2.48552632332,0.572347700596,0.0737045183778,0.00733610615134,0.000204422802199,4.59772621753e-7]},"erbbands_crest":{"dmean":1.89886462688,"dmean2":3.0808608532,"dvar":4.08976984024,"dvar2":10.1023693085,"max":29.4180431366,"mean":7.429251194,"median":6.20001554489,"min":2.35339665413,"var":14.7785596848},"erbbands_flatness_db":{"dmean":0.0146378176287,"dmean2":0.0211188998073,"dvar":0.000246608979069,"dvar2":0.000451530737337,"max":0.37092512846,"mean":0.150909125805,"median":0.147450789809,"min":0.0204349495471,"var":0.00222289585508},"erbbands_kurtosis":{"dmean":0.618007838726,"dmean2":0.982094049454,"dvar":0.503374695778,"dvar2":1.21779453754,"max":16.557516098,"mean":0.490225881338,"median":0.145329475403,"min":-1.56242644787,"var":1.9881093502},"erbbands_skewness":{"dmean":0.246637552977,"dmean2":0.385732680559,"dvar":0.0483572520316,"dvar2":0.113346882164,"max":3.78041100502,"mean":-0.363287329674,"median":-0.439456343651,"min":-2.40020632744,"var":0.353632569313},"erbbands_spread":{"dmean":5.31465768814,"dmean2":8.33228111267,"dvar":31.6477146149,"dvar2":70.938949585,"max":132.921630859,"mean":31.2721672058,"median":29.6649875641,"min":5.60374307632,"var":166.519241333},"gfcc":{"cov":[[35890.0078125,24.3348121643,-3483.66113281,823.938171387,-865.075805664,214.65171814,-958.62322998,-17.8164558411,-1087.30310059,-37.446849823,-509.260955811,-66.9366531372,-458.887237549],[24.3348121643,1087.59020996,-628.424926758,332.743011475,-113.447891235,-31.5956554413,185.677886963,-14.3669281006,92.1745147705,-23.8136539459,28.3525772095,-78.3898468018,59.3570518494],[-3483.66113281,-628.424926758,1452.44799805,-357.128540039,273.093200684,18.8975028992,-79.3652420044,75.7261123657,46.9988670349,40.0768203735,-9.45567798615,82.1887817383,-25.8363819122],[823.938171387,332.743011475,-357.128540039,378.035552979,-28.2832164764,108.471389771,31.2707462311,-9.66084861755,13.2387905121,-20.5430107117,39.5274772644,-24.1876831055,35.5409698486],[-865.075805664,-113.447891235,273.093200684,-28.2832164764,243.032531738,42.1246910095,70.6588592529,27.7507896423,28.3200111389,46.3467025757,2.07474708557,32.8253211975,7.68739318848],[214.65171814,-31.5956554413,18.8975028992,108.471389771,42.1246910095,205.510284424,4.88529825211,1.20704495907,-15.8574638367,-2.93633794785,34.5844955444,1.77048432827,3.6218252182],[-958.62322998,185.677886963,-79.3652420044,31.2707462311,70.6588592529,4.88529825211,214.400405884,31.613779068,61.5950393677,21.3412322998,26.077539444,3.04938054085,31.0733833313],[-17.8164558411,-14.3669281006,75.7261123657,-9.66084861755,27.7507896423,1.20704495907,31.613779068,101.21043396,42.9796829224,12.5945091248,-7.80144309998,6.11185646057,10.1537284851],[-1087.30310059,92.1745147705,46.9988670349,13.2387905121,28.3200111389,-15.8574638367,61.5950393677,42.9796829224,121.374732971,29.9870872498,25.861284256,-4.28947973251,26.6664123535],[-37.446849823,-23.8136539459,40.0768203735,-20.5430107117,46.3467025757,-2.93633794785,21.3412322998,12.5945091248,29.9870872498,77.735458374,28.5613937378,13.8874902725,-1.18347716331],[-509.260955811,28.3525772095,-9.45567798615,39.5274772644,2.07474708557,34.5844955444,26.077539444,-7.80144309998,25.861284256,28.5613937378,83.8195343018,27.0185279846,21.7252464294],[-66.9366531372,-78.3898468018,82.1887817383,-24.1876831055,32.8253211975,1.77048432827,3.04938054085,6.11185646057,-4.28947973251,13.8874902725,27.0185279846,73.6545333862,22.3627185822],[-458.887237549,59.3570518494,-25.8363819122,35.5409698486,7.68739318848,3.6218252182,31.0733833313,10.1537284851,26.6664123535,-1.18347716331,21.7252464294,22.3627185822,64.6991577148]],"icov":[[0.000114116592158,-0.0000163800523296,0.000295503123198,-0.000178942238563,0.00012929654622,-0.000171562889591,0.000392388930777,-0.000571952085011,0.000758038600907,-0.000705600250512,0.00076251005521,-0.0005974873784,0.000561397289857],[-0.0000163800523296,0.00207684002817,0.000151681277202,-0.00153470993973,0.000724766403437,0.0009265585104,-0.00163472315762,0.000722733209841,-0.000971458328422,0.000176532426849,0.000120671487821,0.0012487048516,-0.000652697926853],[0.000295503123198,0.000151681277202,0.00230509391986,0.000810392957646,-0.00137542712037,-0.000860366853885,0.0021366388537,-0.00208549946547,0.000817041553091,-0.000645262654871,0.00129050796386,-0.00202783383429,0.00186377996579],[-0.000178942238563,-0.00153470993973,0.000810392957646,0.00652254931629,-0.00192793377209,-0.00272102165036,0.00142264866736,0.0000892102980288,-0.00162817188539,0.00290677393787,-0.00323016010225,0.00149282754865,-0.0021435378585],[0.00012929654622,0.000724766403437,-0.00137542712037,-0.00192793377209,0.00880506914109,-0.00152904377319,-0.00353879132308,0.000653351773508,0.000775285996497,-0.00575076416135,0.00549893081188,-0.00293527240865,0.000141737938975],[-0.000171562889591,0.0009265585104,-0.000860366853885,-0.00272102165036,-0.00152904377319,0.00800915900618,-0.00105613539927,-0.000164858123753,0.00109151832294,0.00237727141939,-0.00515939807519,0.00306739308871,-0.000383437814889],[0.000392388930777,-0.00163472315762,0.0021366388537,0.00142264866736,-0.00353879132308,-0.00105613539927,0.00995116587728,-0.00393736315891,0.000777546083555,-0.00102531921584,0.0000225561743719,-0.00184528483078,0.000963765371125],[-0.000571952085011,0.000722733209841,-0.00208549946547,0.0000892102980288,0.000653351773508,-0.000164858123753,-0.00393736315891,0.016490008682,-0.00886498577893,0.00169063697103,0.00164075847715,0.000735134177376,-0.0034871220123],[0.000758038600907,-0.000971458328422,0.000817041553091,-0.00162817188539,0.000775285996497,0.00109151832294,0.000777546083555,-0.00886498577893,0.0205383244902,-0.00837718136609,0.000569809286389,0.00139153550845,-0.000937625707593],[-0.000705600250512,0.000176532426849,-0.000645262654871,0.00290677393787,-0.00575076416135,0.00237727141939,-0.00102531921584,0.00169063697103,-0.00837718136609,0.0247891824692,-0.0132626509294,0.00300537282601,0.00107721355744],[0.00076251005521,0.000120671487821,0.00129050796386,-0.00323016010225,0.00549893081188,-0.00515939807519,0.0000225561743719,0.00164075847715,0.000569809286389,-0.0132626509294,0.0283431950957,-0.0123827429488,0.00123958149925],[-0.0005974873784,0.0012487048516,-0.00202783383429,0.00149282754865,-0.00293527240865,0.00306739308871,-0.00184528483078,0.000735134177376,0.00139153550845,0.00300537282601,-0.0123827429488,0.0258742831647,-0.0113690644503],[0.000561397289857,-0.000652697926853,0.00186377996579,-0.0021435378585,0.000141737938975,-0.000383437814889,0.000963765371125,-0.0034871220123,-0.000937625707593,0.00107721355744,0.00123958149925,-0.0113690644503,0.0259670615196]],"mean":[-1.11626982689,56.5764083862,-137.293655396,30.2564811707,-43.085105896,0.515511035919,-29.2805843353,3.34348201752,-31.7668876648,-3.01494932175,-22.0782356262,-6.49915218353,-14.7842626572]},"hfc":{"dmean":6.09075927734,"dmean2":8.7256860733,"dvar":60.3741798401,"dvar2":120.694320679,"max":153.283889771,"mean":29.3859863281,"median":26.8361587524,"min":1.04678508761e-16,"var":329.616333008},"melbands":{"dmean":[0.000320885446854,0.00041604458238,0.00051718467148,0.000245543807978,0.0000950928151724,0.0000725777717889,0.000076473079389,0.0000885826011654,0.0000638974306639,0.0000595454184804,0.0000576156417083,0.000043188840209,0.0000724218771211,0.0000703352416167,0.0000561987835681,0.0000355553602276,0.0000555164042453,0.0000471236708108,0.0000295252666547,0.0000293211523967,0.0000334933392878,0.0000285045098281,0.0000215385971387,0.0000154290137289,0.0000175123550434,0.0000178457794391,0.000010955610378,0.00000678737933413,0.00000443390126748,0.00000418313948103,0.00000342441830981,0.00000223123788601,8.82637607447e-7,7.35857497602e-7,5.52649908059e-7,5.13859049533e-7,4.49752462828e-7,4.91264756874e-7,7.06115031335e-7,6.30569218174e-7],"dmean2":[0.000489280733746,0.000744373071939,0.000888994603883,0.000421617005486,0.000156768641318,0.000121259254229,0.000127070990857,0.00014452628966,0.00010560121882,0.0000976421652013,0.0000927063156269,0.0000682038808009,0.000112290457764,0.000107006046164,0.0000894405093277,0.0000562288114452,0.0000869464493007,0.0000744565113564,0.0000469077167509,0.000045526852773,0.0000535806902917,0.0000458980102849,0.0000349184738297,0.000024794946512,0.0000282598775811,0.0000290428688459,0.0000174747201527,0.0000109864449769,0.00000712782866685,0.00000671656835038,0.00000556967324883,0.00000364945640285,0.0000014110534039,0.00000114007718821,8.45310239583e-7,7.81295568686e-7,6.78860942571e-7,7.31200771042e-7,0.00000106817606138,9.83379550235e-7],"dvar":[6.53740983125e-7,9.36131868912e-7,8.34895104163e-7,1.77402299073e-7,2.95407396322e-8,2.21901998998e-8,3.16745882856e-8,4.36098019918e-8,2.92082624753e-8,1.7599452562e-8,2.05735108949e-8,1.12726006307e-8,2.9965498527e-8,3.0153394448e-8,1.56244244209e-8,5.981679152e-9,1.61643409768e-8,1.29288313389e-8,4.76477080014e-9,3.67543973034e-9,3.51163587098e-9,2.54664023203e-9,1.11767073374e-9,5.35677391333e-10,6.77074007971e-10,6.10283656943e-10,2.34950919831e-10,9.36543551044e-11,3.93258724196e-11,3.17842904773e-11,3.54281118331e-11,1.69330816729e-11,2.64367846191e-12,2.11687221571e-12,1.56669816009e-12,1.80687311901e-12,1.36048756896e-12,1.50806244662e-12,3.68814917842e-12,4.34562889146e-12],"dvar2":[0.00000144199339047,0.00000266962024398,0.00000222514472625,4.8821107157e-7,7.42659906905e-8,5.58937998107e-8,7.93509613572e-8,1.09174038698e-7,7.74923591962e-8,4.51948487523e-8,5.18151601625e-8,2.66498094703e-8,6.62359909143e-8,6.11826607155e-8,3.73075899063e-8,1.27474306666e-8,3.84616853921e-8,3.12489660814e-8,1.11356897037e-8,7.98650567901e-9,7.99616728386e-9,6.10568440251e-9,2.68460720321e-9,1.31612731824e-9,1.70615344075e-9,1.53790979951e-9,5.22959509031e-10,2.22607071665e-10,9.35802130231e-11,7.50391693227e-11,8.38239616607e-11,4.34272201533e-11,6.23613573975e-12,4.48379527951e-12,3.40262019949e-12,4.08164344337e-12,3.02840998806e-12,3.18415671434e-12,8.27618789473e-12,1.08067287757e-11],"max":[0.0129150031134,0.0109099391848,0.0148028749973,0.00622172607109,0.00391354365274,0.00320777390152,0.00405628653243,0.0063574295491,0.00347222597338,0.00379529874772,0.00417074840516,0.00415677716956,0.00369946262799,0.00470029050484,0.00760724721476,0.00361121841706,0.00309320935048,0.00327215157449,0.00203528767452,0.00134573900141,0.00121081771795,0.00141699239612,0.000909288064577,0.000460823415779,0.00070299959043,0.00056300876895,0.000623365282081,0.00022361826268,0.000132693719934,0.000149070459884,0.000206017779419,0.000178770642378,0.0000663682076265,0.0000417720548285,0.0000285674141196,0.0000347632194462,0.0000558104729862,0.0000479330374219,0.0000583489672863,0.0000631800357951],"mean":[0.00033289071871,0.000497001979966,0.000776203523856,0.000413618836319,0.000148168488522,0.000106544655864,0.000115774499136,0.000136026006658,0.0000964361897786,0.000107081454189,0.000105080238427,0.0000786803066148,0.000125956095872,0.0001317896822,0.000103726742964,0.000066607593908,0.000102371181129,0.0000828066185932,0.0000492951985507,0.0000549688666069,0.000069938650995,0.0000594156990701,0.0000485943855892,0.0000360827580153,0.0000416570546804,0.0000434223838965,0.0000277938088402,0.000016848793166,0.0000110383934953,0.0000107506084532,0.00000914972497412,0.00000568902351006,0.00000218147465603,0.00000166331403761,0.00000123450001865,0.00000103835770915,9.92552372736e-7,0.00000107198980004,0.0000012732190271,9.34402180519e-7],"median":[0.0000484513911942,0.000274989026366,0.000542298308574,0.000320446968544,0.000088199005404,0.0000482459727209,0.0000530719080416,0.000070670437708,0.0000487659744977,0.0000557835810469,0.0000492801191285,0.0000412441622757,0.0000493894112878,0.0000520272114954,0.0000525363429915,0.0000364467487088,0.0000390504974348,0.0000343011088262,0.0000282057262666,0.0000290555726679,0.0000416173497797,0.0000406286781072,0.0000345645421476,0.0000254098849837,0.0000308966154989,0.0000326362205669,0.0000209012487176,0.0000125462420328,0.00000846312741487,0.00000862357592268,0.00000747644435251,0.00000461022409581,0.00000152953896304,9.95575874185e-7,7.22323079572e-7,5.57156397463e-7,5.5293622836e-7,5.6776002566e-7,5.60048476927e-7,3.26849885823e-7],"min":[3.60153386247e-25,8.49332122594e-25,4.69603325548e-25,1.68831872885e-24,1.09993173572e-24,1.72977652486e-24,8.33297735835e-25,1.51936631802e-24,2.1135865431e-24,1.67330611418e-24,1.85983878332e-24,2.09485957686e-24,1.86194247814e-24,2.21597398328e-24,1.80255032387e-24,2.76522292449e-24,2.38495390564e-24,1.82506224474e-24,2.62976880175e-24,2.74518309649e-24,3.37803689694e-24,3.00349638876e-24,3.19453305924e-24,3.66121350723e-24,4.53765375015e-24,4.03324031013e-24,5.08651398014e-24,4.15749891891e-24,4.66031688774e-24,4.28483960724e-24,3.89152026521e-24,3.82818065098e-24,5.26366334603e-24,5.64745758706e-24,5.34871280681e-24,4.77745523799e-24,5.90772922653e-24,4.73925464865e-24,5.79869090006e-24,6.35240578007e-24],"var":[7.18355181561e-7,7.10188885478e-7,8.38598509745e-7,1.86599450558e-7,3.96760704291e-8,3.15410240148e-8,4.76985881903e-8,5.49878684808e-8,3.09056105152e-8,2.77183147546e-8,3.51731621606e-8,2.12590336446e-8,6.28001330938e-8,8.4818239543e-8,4.38957279414e-8,1.22407186609e-8,4.45122871895e-8,2.90848412021e-8,6.78473943694e-9,7.9758590843e-9,9.63940127718e-9,5.07669817296e-9,2.68750133259e-9,1.36334044054e-9,1.63977131873e-9,1.74195757818e-9,7.27555682367e-10,2.58947197018e-10,1.02075126129e-10,8.50947159958e-11,7.31797955567e-11,2.87806427995e-11,6.74407404921e-12,5.01697164715e-12,3.20962006972e-12,3.34361618254e-12,2.76615817925e-12,3.59132081712e-12,7.04531398499e-12,5.56637635291e-12]},"melbands_crest":{"dmean":2.98323130608,"dmean2":4.9306230545,"dvar":8.18219852448,"dvar2":21.3002586365,"max":29.8879947662,"mean":10.2356147766,"median":9.54312515259,"min":1.62281620502,"var":17.9028835297},"melbands_flatness_db":{"dmean":0.0169318001717,"dmean2":0.0269833952188,"dvar":0.000303740263917,"dvar2":0.000752657651901,"max":0.387521862984,"mean":0.118974164128,"median":0.110313504934,"min":0.00215111090802,"var":0.00232105352916},"melbands_kurtosis":{"dmean":1.93706774712,"dmean2":3.16333889961,"dvar":14.7334794998,"dvar2":38.8552131653,"max":116.425460815,"mean":2.45481491089,"median":0.519795775414,"min":-1.72549080849,"var":60.9182243347},"melbands_skewness":{"dmean":0.464783936739,"dmean2":0.7370672822,"dvar":0.264293551445,"dvar2":0.633038461208,"max":9.58404254913,"mean":1.26191926003,"median":1.11301577091,"min":-0.903639554977,"var":1.06784129143},"melbands_spread":{"dmean":9.05081272125,"dmean2":14.5846834183,"dvar":76.02684021,"dvar2":188.367645264,"max":158.054275513,"mean":51.3942604065,"median":51.6181907654,"min":2.73148608208,"var":412.355072021},"mfcc":{"cov":[[11851.5048828,1079.70739746,-614.347106934,354.389678955,193.090820312,153.985321045,155.891159058,-82.865447998,-182.027893066,-211.341293335,-143.725952148,-85.8160171509,-77.5065460205],[1079.70739746,675.44744873,-214.211090088,214.685958862,-116.083000183,7.49574279785,27.6944541931,-1.96745598316,57.7166023254,-5.07057714462,33.4084129333,13.9179868698,-18.2265834808],[-614.347106934,-214.211090088,558.554870605,-135.603591919,167.677383423,-47.83618927,-39.9274215698,10.0103912354,-36.9170379639,36.3024101257,-20.1270065308,-20.8528728485,8.95013713837],[354.389678955,214.685958862,-135.603591919,219.896255493,-22.9088745117,35.8740959167,28.6530647278,19.0796470642,46.0709342957,-2.4156973362,18.9143314362,21.7915420532,-2.37471437454],[193.090820312,-116.083000183,167.677383423,-22.9088745117,203.730377197,40.7923736572,9.26134777069,9.0566701889,-12.5270824432,13.2628326416,-13.4217662811,-5.35476922989,11.0309076309],[153.985321045,7.49574279785,-47.83618927,35.8740959167,40.7923736572,158.672698975,67.6209564209,21.2997894287,-11.0590000153,11.9248723984,7.03949022293,2.55568623543,0.311399132013],[155.891159058,27.6944541931,-39.9274215698,28.6530647278,9.26134777069,67.6209564209,111.635566711,33.4752845764,16.5994052887,1.68083453178,14.406750679,9.96607017517,4.28611755371],[-82.865447998,-1.96745598316,10.0103912354,19.0796470642,9.0566701889,21.2997894287,33.4752845764,85.0695800781,34.4580764771,14.6648492813,2.09437513351,5.43185997009,6.18390655518],[-182.027893066,57.7166023254,-36.9170379639,46.0709342957,-12.5270824432,-11.0590000153,16.5994052887,34.4580764771,96.0559082031,35.5142669678,23.5370559692,9.87844181061,2.5895819664],[-211.341293335,-5.07057714462,36.3024101257,-2.4156973362,13.2628326416,11.9248723984,1.68083453178,14.6648492813,35.5142669678,82.8681411743,33.3053703308,7.07402610779,-3.83241224289],[-143.725952148,33.4084129333,-20.1270065308,18.9143314362,-13.4217662811,7.03949022293,14.406750679,2.09437513351,23.5370559692,33.3053703308,67.329788208,28.1888694763,6.04226779938],[-85.8160171509,13.9179868698,-20.8528728485,21.7915420532,-5.35476922989,2.55568623543,9.96607017517,5.43185997009,9.87844181061,7.07402610779,28.1888694763,59.2726325989,28.0898990631],[-77.5065460205,-18.2265834808,8.95013713837,-2.37471437454,11.0309076309,0.311399132013,4.28611755371,6.18390655518,2.5895819664,-3.83241224289,6.04226779938,28.0898990631,56.6413841248]],"icov":[[0.000140268355608,-0.000278694438748,0.000229806828429,0.0000182224430318,-0.000463045318611,0.0001751230011,-0.000222871763981,-0.00000618721605861,0.00044101968524,0.00000911191636987,0.000225117531954,0.000115191251098,0.0000727783190086],[-0.000278694438748,0.00298940809444,-0.000411150831496,-0.00224540894851,0.00190731394105,-0.000165130026289,0.000106688283267,0.000635084696114,-0.00125531188678,0.0000921749669942,-0.000943458755501,0.000259780063061,0.000138918898301],[0.000229806828429,-0.000411150831496,0.00366443954408,0.00112360995263,-0.00336513807997,0.0020288513042,-0.000221238922677,-0.00119571003597,0.0022899445612,-0.00178926892113,0.000453157961601,0.000781199021731,-0.000219791327254],[0.0000182224430318,-0.00224540894851,0.00112360995263,0.00837244931608,-0.0013812474208,-0.00156336568762,0.000676822732203,-0.000879910308868,-0.00276431255043,0.00172117073089,-0.0000137546285259,-0.00258582481183,0.00132498249877],[-0.000463045318611,0.00190731394105,-0.00336513807997,-0.0013812474208,0.00964781269431,-0.00337202451192,0.000613522308413,0.000922776351217,-0.00224420032464,-0.000222066548304,0.000671271583997,-0.000202770330361,-0.0014370525023],[0.0001751230011,-0.000165130026289,0.0020288513042,-0.00156336568762,-0.00337202451192,0.011496421881,-0.00627483334392,-0.00147248909343,0.005679378286,-0.00395890604705,0.000419125339249,0.00141242577229,-0.000243239817792],[-0.000222871763981,0.000106688283267,-0.000221238922677,0.000676822732203,0.000613522308413,-0.00627483334392,0.0148184318095,-0.00389290647581,-0.00309062609449,0.00350602832623,-0.00336019671522,-0.000874905090313,0.000182255374966],[-0.00000618721605861,0.000635084696114,-0.00119571003597,-0.000879910308868,0.000922776351217,-0.00147248909343,-0.00389290647581,0.0165875758976,-0.00608997000381,-0.000954309420194,0.00329894945025,-0.00093274115352,-0.00101555336732],[0.00044101968524,-0.00125531188678,0.0022899445612,-0.00276431255043,-0.00224420032464,0.005679378286,-0.00309062609449,-0.00608997000381,0.0202801842242,-0.00782620627433,-0.00115504430141,0.00213643233292,-0.00136663019657],[0.00000911191636987,0.0000921749669942,-0.00178926892113,0.00172117073089,-0.000222066548304,-0.00395890604705,0.00350602832623,-0.000954309420194,-0.00782620627433,0.0208577029407,-0.00934146717191,0.00023824784148,0.00294832955115],[0.000225117531954,-0.000943458755501,0.000453157961601,-0.0000137546285259,0.000671271583997,0.000419125339249,-0.00336019671522,0.00329894945025,-0.00115504430141,-0.00934146717191,0.0260797664523,-0.0109025035053,0.00173883687239],[0.000115191251098,0.000259780063061,0.000781199021731,-0.00258582481183,-0.000202770330361,0.00141242577229,-0.000874905090313,-0.00093274115352,0.00213643233292,0.00023824784148,-0.0109025035053,0.0294711627066,-0.0133248893544],[0.0000727783190086,0.000138918898301,-0.000219791327254,0.00132498249877,-0.0014370525023,-0.000243239817792,0.000182255374966,-0.00101555336732,-0.00136663019657,0.00294832955115,0.00173883687239,-0.0133248893544,0.0249524191022]],"mean":[-623.535522461,90.9626464844,-33.1949920654,29.3224811554,-0.758967101574,2.17660570145,7.06698656082,-0.358802616596,1.71206402779,-5.23275327682,-1.40002810955,-2.81090974808,-6.39384126663]},"pitch_salience":{"dmean":0.0554791614413,"dmean2":0.0909981355071,"dvar":0.00246516242623,"dvar2":0.00648072408512,"max":0.845618844032,"mean":0.636369228363,"median":0.64609503746,"min":0.182812526822,"var":0.00804273784161},"silence_rate_20dB":{"dmean":0,"dmean2":0,"dvar":0,"dvar2":0,"max":1,"mean":1,"median":1,"min":1,"var":0},"silence_rate_30dB":{"dmean":0,"dmean2":0,"dvar":0,"dvar2":0,"max":1,"mean":1,"median":1,"min":1,"var":0},"silence_rate_60dB":{"dmean":0.003167898627,"dmean2":0.00633635465056,"dvar":0.0031578631606,"dvar2":0.00770428450778,"max":1,"mean":0.0535855703056,"median":0,"min":0,"var":0.0507141575217},"spectral_centroid":{"dmean":207.47769165,"dmean2":330.783538818,"dvar":52411.3125,"dvar2":124384.765625,"max":11615.8017578,"mean":2430.56787109,"median":2395.90185547,"min":311.605560303,"var":1482777.625},"spectral_complexity":{"dmean":4.11985206604,"dmean2":6.33001852036,"dvar":13.793097496,"dvar2":28.9661560059,"max":61,"mean":32.8167190552,"median":35,"min":0,"var":138.367019653},"spectral_contrast_coeffs":{"dmean":[0.0527395419776,0.0433553643525,0.0353036858141,0.0277800522745,0.0195497907698,0.0183157306165],"dmean2":[0.0837021023035,0.0725111588836,0.057858735323,0.0457173138857,0.0324449054897,0.028105834499],"dvar":[0.00198780139908,0.00127118953969,0.000850929645821,0.000512690865435,0.000252156110946,0.000329794653226],"dvar2":[0.00479525700212,0.00351539650001,0.00220703775994,0.00133864278905,0.000674784299918,0.000674066192005],"max":[-0.318806737661,-0.43672850728,-0.526308476925,-0.613930702209,-0.645299971104,-0.565149307251],"mean":[-0.622484743595,-0.779863536358,-0.779975712299,-0.791439414024,-0.786760270596,-0.716928601265],"median":[-0.614903092384,-0.785397231579,-0.784977138042,-0.794622480869,-0.785822451115,-0.715621292591],"min":[-0.981331169605,-0.980119228363,-0.97559773922,-0.975477993488,-0.96750164032,-0.965780615807],"var":[0.00911094248295,0.0042372122407,0.00376651156694,0.00249655754305,0.00164061738178,0.00405622459948]},"spectral_contrast_valleys":{"dmean":[0.443732470274,0.349637538195,0.276825875044,0.237249195576,0.165081143379,0.213864177465],"dmean2":[0.710996508598,0.575969040394,0.450317054987,0.371915578842,0.259476959705,0.288531064987],"dvar":[0.177108213305,0.106587320566,0.0683344453573,0.0561297312379,0.0401600860059,0.0867547914386],"dvar2":[0.373057961464,0.250611871481,0.148363947868,0.108159892261,0.0695176273584,0.148644179106],"max":[-5.55573654175,-4.61632966995,-5.34748888016,-5.49059391022,-5.45664310455,-7.72777891159],"mean":[-8.13750457764,-7.25432777405,-7.41836357117,-7.45310592651,-7.0613026619,-10.3036003113],"median":[-7.68750429153,-6.78047037125,-6.89877891541,-6.91532230377,-6.49404144287,-9.73830127716],"min":[-28.2262058258,-27.9413948059,-28.0036754608,-27.8033409119,-27.6434020996,-27.456489563],"var":[7.50095081329,8.02875709534,8.13939476013,8.28786468506,8.4759016037,6.49167537689]},"spectral_decrease":{"dmean":1.24547405722e-9,"dmean2":1.95996707752e-9,"dvar":2.96610486088e-18,"dvar2":7.11297323664e-18,"max":1.97267394933e-28,"mean":-4.30598623424e-9,"median":-3.92388210813e-9,"min":-2.37277522075e-8,"var":7.13899137563e-18},"spectral_energy":{"dmean":0.00509925931692,"dmean2":0.00792331807315,"dvar":0.0000470743434562,"dvar2":0.00011044407438,"max":0.0953059569001,"mean":0.0189171880484,"median":0.0174456238747,"min":9.69043056958e-21,"var":0.000129909079988},"spectral_energyband_high":{"dmean":0.000360371137504,"dmean2":0.000522096583154,"dvar":3.04855007016e-7,"dvar2":6.51257721529e-7,"max":0.0121440924704,"mean":0.00127614103258,"median":0.0010840841569,"min":7.00588697737e-21,"var":9.67338451119e-7},"spectral_energyband_low":{"dmean":0.00223461026326,"dmean2":0.00370267941616,"dvar":0.0000186487777682,"dvar2":0.0000468894650112,"max":0.0522429645061,"mean":0.00321161397733,"median":0.00185065949336,"min":9.64595054647e-24,"var":0.000020687293727},"spectral_energyband_middle_high":{"dmean":0.00214447593316,"dmean2":0.00321196625009,"dvar":0.00000840058964968,"dvar2":0.0000174128254002,"max":0.0705224573612,"mean":0.00922312866896,"median":0.00764063000679,"min":1.11063436545e-21,"var":0.0000468605030619},"spectral_energyband_middle_low":{"dmean":0.00265531218611,"dmean2":0.00437583588064,"dvar":0.0000186028846656,"dvar2":0.0000465361954411,"max":0.0615517124534,"mean":0.00605053361505,"median":0.00474009709433,"min":1.64406816801e-22,"var":0.0000271438348136},"spectral_entropy":{"dmean":0.074637696147,"dmean2":0.112224459648,"dvar":0.00559792807326,"dvar2":0.011180408299,"max":9.82186031342,"mean":7.89887905121,"median":7.8962931633,"min":5.87900876999,"var":0.141446471214},"spectral_flux":{"dmean":0.0170869119465,"dmean2":0.0262418650091,"dvar":0.000371187081328,"dvar2":0.000755195505917,"max":0.251922994852,"mean":0.0794937834144,"median":0.0768002569675,"min":6.48102543854e-11,"var":0.00139215146191},"spectral_kurtosis":{"dmean":1.08940911293,"dmean2":1.8436075449,"dvar":1.36381268501,"dvar2":3.95977663994,"max":22.6637592316,"mean":4.49182224274,"median":4.33439874649,"min":-1.27475750446,"var":4.71663427353},"spectral_rms":{"dmean":0.000528048200067,"dmean2":0.000805884599686,"dvar":3.94484459321e-7,"dvar2":8.71195254604e-7,"max":0.00964268762618,"mean":0.00404992699623,"median":0.00412554480135,"min":3.07474857207e-12,"var":0.00000205388232644},"spectral_rolloff":{"dmean":454.821655273,"dmean2":745.820495605,"dvar":515513.53125,"dvar2":1162008.125,"max":19616.7480469,"mean":3202.4050293,"median":3122.31445312,"min":21.533203125,"var":5370990.5},"spectral_skewness":{"dmean":0.161189630628,"dmean2":0.254583835602,"dvar":0.02576671727,"dvar2":0.0602298080921,"max":3.84721159935,"mean":1.28980112076,"median":1.30319046974,"min":-0.0733744651079,"var":0.1969717592},"spectral_spread":{"dmean":437580.625,"dmean2":621294.375,"dvar":452040753152,"dvar2":838082428928,"max":42927684,"mean":4619313,"median":3717855.25,"min":1938368.625,"var":23898399703000},"spectral_strongpeak":{"dmean":0.77364385128,"dmean2":1.32046055794,"dvar":1.42423784733,"dvar2":3.55694317818,"max":15.3984775543,"mean":1.24786913395,"median":0.406802147627,"min":0,"var":2.96739649773},"zerocrossingrate":{"dmean":0.0101458001882,"dmean2":0.0121536180377,"dvar":0.000128566374769,"dvar2":0.000173425942194,"max":0.53759765625,"mean":0.107929229736,"median":0.099609375,"min":0.005859375,"var":0.00352977309376}},"metadata":{"audio_properties":{"analysis_sample_rate":44100,"bit_rate":0,"codec":"flac","downmix":"mix","equal_loudness":0,"length":263.866668701,"lossless":true,"md5_encoded":"63ed8ce53fdff0579ea400e4f9b4dc49","replay_gain":-11.5250759125},"tags":{"acoustid_id":["f4b304bb-61ba-4aba-9e5d-3c9e27e12278"],"album":["Appetite for Destruction"],"albumartist":["Guns N' Roses"],"albumartistsort":["Guns N' Roses"],"artist":["Guns N' Roses"],"artists":["Guns N' Roses"],"artistsort":["Guns N' Roses"],"asin":["B000000OQF"],"barcode":["720642414828"],"catalognumber":["GED 24148 GEFD 24148"],"date":["1987"],"discnumber":["1"],"disctotal":["1"],"file_name":"04 Out ta Get Me.flac","genre":["Hard Rock"],"grouping":["Rock"],"isrc":["USGF18714804"],"label":["Geffen Records"],"language":["eng"],"media":["CD"],"mixer":["Steve Thompson","Michael Barbiero"],"mood":["Angry; Feel Good"],"musicbrainz_albumartistid":["eeb1195b-f213-4ce1-b28c-8565211f8e43"],"musicbrainz_albumid":["617908f2-7a0b-3aad-ae02-5a5c125fa1a7"],"musicbrainz_artistid":["eeb1195b-f213-4ce1-b28c-8565211f8e43"],"musicbrainz_recordingid":["60ffd26d-998d-4f37-a234-414eb8148613"],"musicbrainz_releasegroupid":["446be795-6318-3165-bd63-b41b33230df4"],"musicbrainz_releasetrackid":["44e50b11-3e37-366b-8caa-0f943fcc799c"],"musicbrainz_workid":["4f130a68-a29d-4b06-9354-e95dabe93f2e"],"originaldate":["1987-07-07"],"originalyear":["1987"],"producer":["Mike Clink"],"releasecountry":["XE"],"releasestatus":["official"],"releasetype":["album"],"replaygain_album_gain":["-6.34 dB"],"replaygain_album_peak":["1.000000"],"replaygain_track_gain":["-6.54 dB"],"replaygain_track_peak":["0.958649"],"script":["Latn"],"title":["Out ta Get Me"],"totaldiscs":["1"],"totaltracks":["12"],"tracknumber":["4"],"tracktotal":["12"],"work":["Out ta Get Me"]},"version":{"essentia":"2.1-beta1","essentia_build_sha":"ed039d7e5a6e3dec64cf0be7c36ef885fb432306","essentia_git_sha":"v2.1_beta1-7-ge0e83e8","extractor":"music 1.0"}},"rhythm":{"beats_count":612,"beats_loudness":{"dmean":0.009767