{"lowlevel":{"average_loudness":0.946423888206,"barkbands":{"dmean":[0.00889539904892,0.0172498952597,0.00300959637389,0.00188048067503,0.00517331575975,0.00262005673721,0.00168978166766,0.000990772270598,0.000794489460532,0.000529603625182,0.000323075015331,0.000304625107674,0.000288525712676,0.000163572782185,0.000208046767511,0.000153846704052,0.000126349405036,0.000164344470249,0.000193385989405,0.000252550729783,0.000316850841045,0.000249126082053,0.000117038027383,0.00000428660996477,0.00000397623125536,0.0000283099070657,0.000137380993692],"dmean2":[0.0140342861414,0.0266443639994,0.00506529165432,0.00306879193522,0.00842659268528,0.00415803631768,0.00273131835274,0.00163025106303,0.00125620840117,0.000852944736835,0.00050050043501,0.000497008732054,0.000480856571812,0.000262721645413,0.000345247361111,0.00023713921837,0.000200049908017,0.000250634620897,0.000268955045613,0.000364259409253,0.000454545865068,0.000362337043043,0.000174124041223,0.00000710724407327,0.00000662432967147,0.0000426332298957,0.000193479296286],"dvar":[0.000614038435742,0.00124099932145,0.0000334546421072,0.0000129787194965,0.0000683617254253,0.0000250585471804,0.000017356211174,0.00000473624641018,0.00000317488274959,0.00000156029057052,6.21545098056e-7,3.33043487899e-7,2.4717485303e-7,1.32445549639e-7,2.90268303615e-7,7.7400876819e-8,5.80309738041e-8,9.05165862264e-8,1.1382115872e-7,3.04434877307e-7,5.32248691343e-7,3.7541826714e-7,8.08285776088e-8,5.73193610631e-11,5.16697240549e-11,4.03308320074e-9,8.00077373242e-8],"dvar2":[0.00137194513809,0.00292754732072,0.0000901301245904,0.0000320100334648,0.000168324433616,0.0000626808250672,0.0000435820911662,0.0000115391385407,0.00000713775625627,0.0000035863336052,0.00000118462355658,8.40675966174e-7,6.51965592624e-7,2.95113238735e-7,7.61205228628e-7,1.84426838246e-7,1.43173636502e-7,2.13699820506e-7,2.31120267813e-7,6.32795035926e-7,0.00000109424809125,8.12419557406e-7,1.81190557669e-7,1.43088998983e-10,1.28684077283e-10,9.15599684959e-9,1.63010810184e-7],"max":[0.386675328016,0.386172533035,0.0733735263348,0.123529702425,0.119898498058,0.0733405426145,0.0920702442527,0.0438320674002,0.0585675165057,0.0447109900415,0.0350745245814,0.0100154615939,0.00633152062073,0.00542372837663,0.00637851422653,0.00468187592924,0.0034705507569,0.0034359768033,0.00455326959491,0.004972868599,0.0066138538532,0.00505828205496,0.00253898184747,0.000105774968688,0.000101316123619,0.000552010373212,0.00237380713224],"mean":[0.0105689037591,0.0323516875505,0.00330626033247,0.00221250904724,0.00626634387299,0.00314378365874,0.00211390876211,0.00125287100673,0.000941380858421,0.00064397265669,0.000387904699892,0.000364868028555,0.000362795835827,0.000204724463401,0.000237999367528,0.000196755907382,0.00014843660756,0.000197453933652,0.000234163046116,0.000262317218585,0.000324432563502,0.000235175641137,0.000109256812721,0.00000418989793616,0.00000376190087081,0.0000275890670309,0.000163136370247],"median":[0.00115793873556,0.00504856090993,0.00132346979808,0.000955246388912,0.00278524309397,0.000901863910258,0.00041735812556,0.000415850779973,0.0002328233968,0.000148596271174,0.000102426565718,0.000125054357341,0.000152299675392,0.0000621284416411,0.0000553402787773,0.0000760213297326,0.0000413873785874,0.000045370477892,0.0000362146674888,0.0000235464067373,0.0000194617896341,0.00000898294638318,0.00000542613497601,0.00000127804673866,9.46787622524e-7,0.00000320943308907,0.0000342782404914],"min":[1.88103213561e-11,1.03872888069e-9,2.75869682653e-9,3.24207150015e-9,3.23316164952e-8,3.17228732172e-8,5.25288879061e-9,1.50114987107e-9,2.96742648231e-8,1.83668333875e-8,4.35129310361e-9,2.48295745076e-10,6.91107282513e-10,5.35558764003e-10,1.01070540826e-10,2.41834642589e-11,7.00342995402e-12,5.0078960076e-12,4.70239689201e-12,4.12252697257e-12,5.36664766446e-12,4.85493329566e-12,4.79178545801e-12,6.93041891237e-12,8.83752446224e-12,9.79884055841e-12,7.45259465251e-10],"var":[0.00073557626456,0.00331072742119,0.0000327509296767,0.0000162768465088,0.0000836395847728,0.0000324394713971,0.0000312759439112,0.00000644114425086,0.00000501082558912,0.00000256322937275,0.0000011687359347,4.02699441793e-7,3.17898042113e-7,2.00431713893e-7,3.35931304107e-7,1.08552043798e-7,7.00934279507e-8,1.19485889627e-7,1.88674945889e-7,3.71018330725e-7,6.53018332741e-7,4.18088063725e-7,8.70536354114e-8,6.23649326625e-11,5.55596124663e-11,4.4267465249e-9,1.05314562404e-7]},"barkbands_crest":{"dmean":3.4424905777,"dmean2":5.5149102211,"dvar":8.68648815155,"dvar2":20.5156822205,"max":26.2843494415,"mean":12.6842451096,"median":11.9580726624,"min":2.45183777809,"var":28.1354198456},"barkbands_flatness_db":{"dmean":0.045106690377,"dmean2":0.0668125897646,"dvar":0.00157035549637,"dvar2":0.00328595400788,"max":0.482056200504,"mean":0.1950763762,"median":0.194286525249,"min":0.0337113589048,"var":0.00555903045461},"barkbands_kurtosis":{"dmean":15.0133924484,"dmean2":23.7009391785,"dvar":842.412841797,"dvar2":1984.69506836,"max":705.296936035,"mean":20.7266216278,"median":8.41549301147,"min":-1.80082368851,"var":1410.12280273},"barkbands_skewness":{"dmean":1.27180051804,"dmean2":1.89625704288,"dvar":1.89391028881,"dvar2":4.02235031128,"max":22.0185165405,"mean":2.79406356812,"median":2.2014670372,"min":-2.06418323517,"var":5.78138303757},"barkbands_spread":{"dmean":8.35779380798,"dmean2":12.1361761093,"dvar":145.679473877,"dvar2":268.925598145,"max":97.0771179199,"mean":15.2398042679,"median":8.14835453033,"min":0.303368389606,"var":305.713378906},"dissonance":{"dmean":0.0276746079326,"dmean2":0.0442254804075,"dvar":0.000794601859525,"dvar2":0.00198560790159,"max":0.499999910593,"mean":0.452702283859,"median":0.463898926973,"min":0.140480160713,"var":0.00170659821015},"dynamic_complexity":2.47177958488,"erbbands":{"dmean":[0.958157718182,2.43572020531,3.40082120895,4.51075124741,11.3389081955,20.2339000702,20.8539581299,21.4660682678,24.5795288086,21.938533783,19.5699596405,16.9164600372,18.7375564575,12.0638628006,12.7414903641,12.3715438843,12.4598693848,8.75812244415,11.755774498,8.4266462326,8.17370414734,7.28273439407,8.46317672729,10.4002943039,9.14138221741,11.1770772934,15.7911138535,10.8603649139,8.99775409698,5.6006321907,3.24271702766,0.266027092934,0.0698932036757,0.0451355651021,0.0280506256968,0.0160530563444,0.0403665862978,0.0859780162573,0.0256949793547,0.00147739204112],"dmean2":[1.52122855186,3.75681853294,5.64174413681,7.29636049271,18.6957244873,33.1177749634,33.1915206909,34.38671875,39.6964187622,35.0628204346,31.7391872406,26.845708847,29.934053421,19.0648670197,19.7460784912,19.9234981537,20.5924377441,14.0504045486,19.8262310028,13.216044426,12.3034105301,11.451341629,12.9043064117,15.1190538406,12.782544136,15.8451910019,23.0998382568,15.3553876877,12.8009872437,8.38520908356,4.97163486481,0.417779684067,0.115649111569,0.0751431062818,0.0467045046389,0.0265956204385,0.0615761168301,0.125659540296,0.0361361540854,0.00206978060305],"dvar":[4.59096240997,22.8559303284,38.9939727783,67.4309692383,374.257965088,1445.12634277,1650.79077148,1866.23327637,3817.73852539,3221.62084961,1828.07763672,1429.67456055,2295.2590332,583.963684082,934.167480469,538.167724609,460.886627197,350.724639893,1110.04870605,323.332977295,194.189300537,189.071777344,228.315719604,361.579284668,273.182373047,562.948608398,1432.44189453,605.194458008,468.169372559,188.760177612,65.2519760132,0.249454006553,0.0145823368803,0.00661283079535,0.00256338529289,0.000790736929048,0.00768772512674,0.0428525097668,0.0033572090324,0.00000474568787467],"dvar2":[11.3693494797,52.7623558044,105.442123413,164.664337158,918.9375,3605.12695312,4025.5402832,4708.74169922,9614.95996094,7540.65039062,4401.10302734,3300.43237305,5281.77246094,1311.68273926,1791.45605469,1340.83068848,1191.89782715,839.590148926,2980.03198242,752.08416748,438.991455078,467.74017334,534.422058105,791.050048828,536.95703125,1161.6895752,3107.20019531,1196.18054199,968.652282715,416.703979492,153.648529053,0.591535508633,0.0363196916878,0.0164713133126,0.00638249563053,0.00196906458586,0.0177196729928,0.0907300487161,0.00685882661492,0.0000098404889286],"max":[21.2870903015,54.9038925171,68.0504760742,299.782989502,263.585876465,636.022949219,737.602478027,761.274169922,1009.10797119,1748.45458984,683.48651123,1189.89123535,1742.60461426,559.366516113,1323.61157227,444.523925781,284.547363281,244.750549316,392.294158936,339.403533936,242.671127319,197.224121094,170.746200562,221.82611084,242.398300171,205.925140381,316.707061768,216.978149414,176.796157837,123.69229126,68.1726303101,5.03791809082,1.68392527103,1.1448996067,0.714065611362,0.395206987858,0.815910696983,1.76386547089,0.497139692307,0.0302865747362],"mean":[1.6601048708,4.47372150421,4.1416721344,5.73127126694,13.3548564911,22.8461723328,25.1504383087,25.5458011627,29.7389144897,30.3350524902,25.5793628693,20.6550273895,23.9039211273,15.868601799,15.8269147873,15.6786289215,16.3974113464,11.7598304749,13.3831224442,10.473608017,10.9701833725,8.66736412048,10.2851247787,12.0402412415,11.2614984512,11.9122304916,15.3234062195,11.2512044907,8.67727947235,5.22527456284,2.98393154144,0.272001802921,0.0692416056991,0.0431048348546,0.0267295241356,0.015902152285,0.0401669256389,0.0836467966437,0.0270279087126,0.0029005468823],"median":[0.161515235901,0.972570776939,1.87587916851,2.92385005951,6.13278579712,8.44899559021,9.56386566162,7.42959785461,6.61406230927,8.05290317535,8.33537483215,5.48945045471,5.50892925262,5.05332660675,4.68472957611,5.87913227081,7.11731958389,4.3451499939,3.21408700943,3.20845866203,4.27863931656,2.61400818825,2.47151207924,2.16249608994,1.56738138199,1.14088535309,0.994918465614,0.567580461502,0.343923896551,0.227409750223,0.141707748175,0.0602071136236,0.0222769137472,0.0114761125296,0.0069481479004,0.0051302453503,0.00579135585576,0.00419309362769,0.00254661729559,0.00154114037286],"min":[1.94551539323e-8,3.02714539657e-7,0.00000240385429606,0.0000129523559735,0.0000256327657553,0.000111474553705,0.000363765429938,0.00017093779752,0.0000744059288991,0.0000685663835611,0.000198980094865,0.000732642714866,0.000813382503111,0.000518397486303,0.0000679313743603,0.0000169478225871,0.0000320105755236,0.0000282182045339,0.0000137330644066,0.00000196970859179,8.47213300403e-7,4.34635040847e-7,2.95668826311e-7,2.67198004167e-7,2.05003189535e-7,1.98790843342e-7,2.27358597726e-7,1.98328010015e-7,1.70739681948e-7,1.57816458568e-7,1.38217487233e-7,1.50946334543e-7,9.87212231962e-8,1.0522470717e-7,5.74419942723e-8,3.77142725938e-8,1.86117254941e-8,1.05669748507e-8,1.05358708424e-8,7.503661692e-8],"var":[9.72099494934,60.0791740417,39.9148597717,86.8914260864,449.735412598,1644.52990723,2021.66040039,2342.17236328,5517.26074219,7785.45507812,2694.68115234,2179.7878418,4373.96679688,965.422241211,1668.72949219,676.706054688,611.954101562,503.881195068,1215.67126465,445.266418457,307.537689209,226.520126343,312.357452393,505.766937256,460.572052002,715.911315918,1601.91796875,778.153320312,552.116455078,203.35446167,65.6994781494,0.278172105551,0.0159933790565,0.00712008820847,0.00276107736863,0.000863532884978,0.00840086955577,0.0493036173284,0.00417748885229,0.0000106893457996]},"erbbands_crest":{"dmean":3.39627027512,"dmean2":5.50873756409,"dvar":9.65720176697,"dvar2":22.9013938904,"max":32.4212799072,"mean":9.47813510895,"median":8.32893753052,"min":2.07303762436,"var":22.986574173},"erbbands_flatness_db":{"dmean":0.0343567766249,"dmean2":0.0526424199343,"dvar":0.000867674418259,"dvar2":0.00194583437406,"max":0.408192545176,"mean":0.16504496336,"median":0.157534480095,"min":0.0539890192449,"var":0.00297011248767},"erbbands_kurtosis":{"dmean":2.17135930061,"dmean2":3.42506694794,"dvar":10.3073530197,"dvar2":24.6501159668,"max":76.0341110229,"mean":1.7908103466,"median":0.426435112953,"min":-1.87426364422,"var":18.6505680084},"erbbands_skewness":{"dmean":0.67916226387,"dmean2":0.975245535374,"dvar":0.393397331238,"dvar2":0.756318330765,"max":7.41442060471,"mean":0.516744911671,"median":0.537474393845,"min":-3.77850174904,"var":1.37723183632},"erbbands_spread":{"dmean":13.0118227005,"dmean2":20.093667984,"dvar":195.988693237,"dvar2":454.186889648,"max":138.630844116,"mean":34.2156295776,"median":30.1829853058,"min":1.66168904305,"var":443.223388672},"gfcc":{"cov":[[5211.65527344,-1476.36315918,-457.790527344,686.074707031,-160.284515381,72.8357620239,368.959503174,-82.0454559326,198.133392334,136.677749634,-163.791625977,308.147064209,-283.439575195],[-1476.36315918,1704.72521973,278.065612793,-756.544006348,28.6561489105,91.0144500732,-338.258666992,167.318771362,-150.327819824,-36.2359237671,131.85987854,-186.073532104,271.460021973],[-457.790527344,278.065612793,636.360046387,94.4519729614,-40.6703109741,286.914611816,-157.222290039,230.364135742,-64.1315917969,108.350708008,51.3548965454,-27.6609897614,99.3839645386],[686.074707031,-756.544006348,94.4519729614,753.229919434,176.773025513,32.9738960266,266.163024902,-114.61290741,69.1256942749,39.8616027832,-52.8006782532,124.635627747,-165.382766724],[-160.284515381,28.6561489105,-40.6703109741,176.773025513,319.743774414,99.8415603638,82.3723754883,-58.0964546204,-10.9405469894,-22.0209331512,33.372127533,-3.42794442177,-7.3212723732],[72.8357620239,91.0144500732,286.914611816,32.9738960266,99.8415603638,450.955078125,-73.7611999512,179.386871338,-86.6059265137,73.3135070801,36.3714599609,5.25198984146,72.6862335205],[368.959503174,-338.258666992,-157.222290039,266.163024902,82.3723754883,-73.7611999512,354.358520508,-84.4169387817,131.197280884,-5.73640918732,-27.2141590118,77.4671936035,-97.1221923828],[-82.0454559326,167.318771362,230.364135742,-114.61290741,-58.0964546204,179.386871338,-84.4169387817,333.527130127,40.3786048889,97.999671936,62.2211685181,-19.2182712555,109.661903381],[198.133392334,-150.327819824,-64.1315917969,69.1256942749,-10.9405469894,-86.6059265137,131.197280884,40.3786048889,219.252532959,70.1237716675,-0.215256482363,40.5094184875,-43.2674942017],[136.677749634,-36.2359237671,108.350708008,39.8616027832,-22.0209331512,73.3135070801,-5.73640918732,97.999671936,70.1237716675,123.143180847,53.2050704956,14.9038114548,13.8124399185],[-163.791625977,131.85987854,51.3548965454,-52.8006782532,33.372127533,36.3714599609,-27.2141590118,62.2211685181,-0.215256482363,53.2050704956,101.43624115,20.0888023376,44.4410591125],[308.147064209,-186.073532104,-27.6609897614,124.635627747,-3.42794442177,5.25198984146,77.4671936035,-19.2182712555,40.5094184875,14.9038114548,20.0888023376,119.085113525,-0.0286031942815],[-283.439575195,271.460021973,99.3839645386,-165.382766724,-7.3212723732,72.6862335205,-97.1221923828,109.661903381,-43.2674942017,13.8124399185,44.4410591125,-0.0286031942815,157.018371582]],"icov":[[0.000402507837862,-0.000145441023051,0.000812949961983,-0.000505829870235,0.000463329895865,-0.000353096984327,0.000114640009997,-0.000342741375789,0.000352568458766,-0.00100764632225,0.00091191631509,-0.000799106433988,0.000353582698153],[-0.000145441023051,0.00273944740184,-0.00372765911743,0.00518718361855,-0.0043606935069,0.00250675086863,-0.00110871100333,0.0000654516697978,0.00163734552916,-0.00134684552904,0.00170163309667,-0.00181756552774,0.000816775253043],[0.000812949961983,-0.00372765911743,0.0118826394901,-0.013425366953,0.0127551145852,-0.00887818075716,0.0038874335587,0.00069614633685,-0.00608932645991,0.00622841296718,-0.00962803419679,0.0101397559047,-0.00662562204525],[-0.000505829870235,0.00518718361855,-0.013425366953,0.0220287926495,-0.0208504963666,0.0132025834173,-0.00603700289503,-0.00406755553558,0.0139103149995,-0.0180596411228,0.0215569268912,-0.0207767151296,0.0131583306938],[0.000463329895865,-0.0043606935069,0.0127551145852,-0.0208504963666,0.026028405875,-0.0164013952017,0.00420863507316,0.00730292592198,-0.01661275886,0.0224633701146,-0.0273161195219,0.0241302959621,-0.0141683407128],[-0.000353096984327,0.00250675086863,-0.00887818075716,0.0132025834173,-0.0164013952017,0.0148390429094,-0.00362969120033,-0.00667458958924,0.0142325181514,-0.0173186566681,0.0190597474575,-0.0167791880667,0.00938437134027],[0.000114640009997,-0.00110871100333,0.0038874335587,-0.00603700289503,0.00420863507316,-0.00362969120033,0.00737058836967,0.00113672658335,-0.00671685580164,0.00644973246381,-0.00549122039229,0.00326583976857,-0.00191726838239],[-0.000342741375789,0.0000654516697978,0.00069614633685,-0.00406755553558,0.00730292592198,-0.00667458958924,0.00113672658335,0.0106228692457,-0.00946841388941,0.00821301620454,-0.0120648127049,0.0111136455089,-0.00865716487169],[0.000352568458766,0.00163734552916,-0.00608932645991,0.0139103149995,-0.01661275886,0.0142325181514,-0.00671685580164,-0.00946841388941,0.0254919081926,-0.028016872704,0.0264009609818,-0.022207185626,0.0134190041572],[-0.00100764632225,-0.00134684552904,0.00622841296718,-0.0180596411228,0.0224633701146,-0.0173186566681,0.00644973246381,0.00821301620454,-0.028016872704,0.049593552947,-0.0422094091773,0.0298317857087,-0.0152673097327],[0.00091191631509,0.00170163309667,-0.00962803419679,0.0215569268912,-0.0273161195219,0.0190597474575,-0.00549122039229,-0.0120648127049,0.0264009609818,-0.0422094091773,0.0551074668765,-0.0374909378588,0.0178204420954],[-0.000799106433988,-0.00181756552774,0.0101397559047,-0.0207767151296,0.0241302959621,-0.0167791880667,0.00326583976857,0.0111136455089,-0.022207185626,0.0298317857087,-0.0374909378588,0.0429691895843,-0.0215755160898],[0.000353582698153,0.000816775253043,-0.00662562204525,0.0131583306938,-0.0141683407128,0.00938437134027,-0.00191726838239,-0.00865716487169,0.0134190041572,-0.0152673097327,0.0178204420954,-0.0215755160898,0.0234963279217]],"mean":[-21.0890331268,113.442909241,-82.3600616455,15.0060796738,-23.1627120972,-17.3218383789,-3.96779680252,-16.2233276367,-5.28198432922,-4.36640071869,-6.42890453339,1.52469849586,-8.27577018738]},"hfc":{"dmean":16.5394439697,"dmean2":24.2396659851,"dvar":512.483398438,"dvar2":1142.42248535,"max":530.577453613,"mean":38.4104003906,"median":27.2815952301,"min":0.00101636932231,"var":1326.29553223},"melbands":{"dmean":[0.00646987790242,0.00206543575041,0.000919538608287,0.00115268619265,0.000759607297368,0.000490508216899,0.00036046927562,0.000232299236814,0.000155113055371,0.000109634303953,0.0000947819644352,0.000050537615607,0.0000457368187199,0.0000326852023136,0.0000348203320755,0.0000261248806055,0.0000153205601237,0.0000191944000107,0.0000138313125717,0.0000107199903141,0.00000983634527074,0.00000723800485503,0.00000892251591722,0.00000724134724805,0.00000887915211933,0.00000664216076984,0.0000066059819801,0.00000779025867814,0.0000117609333756,0.00000651928166917,0.00000647184651825,0.00000561903243579,0.00000404927277486,0.00000276837454294,0.00000228946601055,4.77463231618e-7,5.64316486873e-8,4.7482764387e-8,4.15682173127e-8,3.66815413599e-8],"dmean2":[0.00999082345515,0.00329296290874,0.00148963485844,0.0018955541309,0.00120721478015,0.000781861483119,0.000581235275604,0.000375689211069,0.000250193319516,0.000173784443177,0.000152081425767,0.0000807114774943,0.0000706119826646,0.0000532121230208,0.0000574758742005,0.0000434369976574,0.0000246551899181,0.0000322824562318,0.0000227874243137,0.0000167961807165,0.0000149312872963,0.0000114157592179,0.0000145871808854,0.0000107982659756,0.0000131757678901,0.00000956086842052,0.0000093740882221,0.0000114129352369,0.0000176089779416,0.00000948595788941,0.00000919450940273,0.00000811379504739,0.00000616340639681,0.00000415828026235,0.00000353212499249,7.5976026892e-7,9.35344601771e-8,7.90678953422e-8,6.92422474913e-8,6.10982269222e-8],"dvar":[0.000191705985344,0.0000119760161397,0.00000223863798965,0.00000396456471208,0.00000173669707237,8.950640904e-7,7.60242471642e-7,3.2028339092e-7,1.12494838334e-7,6.61804833157e-8,5.78227101755e-8,1.04517194899e-8,1.46882852547e-8,3.92653021208e-9,4.18622825293e-9,2.17747508913e-9,1.14226483827e-9,2.8830762222e-9,1.06644582054e-9,4.83733220147e-10,2.7843474748e-10,1.80414183593e-10,3.4791627912e-10,1.56341661839e-10,2.78520678743e-10,1.47673262507e-10,1.62552596383e-10,2.9991603645e-10,8.66681892919e-10,2.21570109482e-10,2.25620730432e-10,1.94293137135e-10,1.04171220261e-10,4.80424831861e-11,3.349444333e-11,1.20869839745e-12,9.80376261943e-15,7.33998518026e-15,5.64286446142e-15,4.39723940853e-15],"dvar2":[0.000445777957793,0.0000297785991279,0.00000547620265934,0.0000098592527138,0.00000419750995206,0.00000226204315368,0.00000194492736227,7.59308306897e-7,2.68922804025e-7,1.51806062831e-7,1.33277012537e-7,2.40088109393e-8,2.69264930353e-8,1.00137391712e-8,1.06482707096e-8,5.8139852932e-9,2.67806909982e-9,7.65679342152e-9,2.75484635104e-9,1.16357057323e-9,6.36030117462e-10,4.40559866366e-10,9.17475817541e-10,3.4027983209e-10,6.22472573486e-10,3.04992753275e-10,3.27788879373e-10,6.44667819127e-10,1.93470639509e-9,4.67319127839e-10,4.62034466242e-10,4.15453865754e-10,2.38425390542e-10,1.06851243131e-10,7.91520599064e-11,2.98333211433e-12,2.4476716159e-14,1.82965943692e-14,1.40580550537e-14,1.09514245003e-14],"max":[0.145578578115,0.0418870560825,0.0451666787267,0.0309131778777,0.0198996514082,0.0149103822187,0.0137166939676,0.0157382581383,0.00519951991737,0.00829796027392,0.00845464412123,0.0025277051609,0.00573719618842,0.000816324201878,0.00119345181156,0.000596952217165,0.000452874606708,0.000639651203528,0.00046035082778,0.000367518601706,0.00027451684582,0.00018215237651,0.000255339517025,0.000182010859135,0.000188123449334,0.000215746942558,0.000149043378769,0.000150907741045,0.000255922233919,0.00014093471691,0.000148024584632,0.00012347001757,0.0000873595199664,0.0000726387079339,0.0000493445077154,0.000009564733773,0.00000137567462843,0.00000119712478863,0.00000105554943275,9.34377624162e-7],"mean":[0.0120053067803,0.003259974299,0.0012057335116,0.00134614063427,0.00092998117907,0.000590013922192,0.00044304630137,0.0003202156513,0.000196480876184,0.000130153028294,0.000119143602205,0.0000637356351945,0.0000553589161427,0.0000387725740438,0.0000434562716691,0.0000326090012095,0.0000198201123567,0.0000213679631997,0.0000158925176947,0.0000130232356241,0.0000128145111375,0.00000850257401908,0.00000945504871197,0.00000904469288798,0.00000989080672298,0.00000827573421702,0.00000751066409066,0.00000801256919658,0.0000109139418782,0.00000680748689774,0.00000653110191706,0.0000053009352996,0.00000368550968233,0.00000258430554823,0.00000207986954592,4.58483498278e-7,5.52995551573e-8,4.49359269794e-8,3.92813461758e-8,3.46725741451e-8],"median":[0.00150230596773,0.00126541231293,0.000657960190438,0.000572937191464,0.000374644412659,0.000166025100043,0.0000952284317464,0.0000943622435443,0.0000602338514,0.0000325508735841,0.0000260412816715,0.0000189692345884,0.0000148349354276,0.0000127412331494,0.0000171046704054,0.0000132131672217,0.0000065008484853,0.00000491238142786,0.00000395477945858,0.00000446660851594,0.00000469516635349,0.00000246707531915,0.00000210752796193,0.00000208613028008,0.00000164109610523,0.00000130887951855,8.30939541174e-7,6.91942489084e-7,6.44783995085e-7,4.59286212617e-7,2.77270544302e-7,2.03056600867e-7,1.43150202803e-7,1.17994119364e-7,8.70516743134e-8,5.26938421785e-8,1.70647886932e-8,1.1408317846e-8,9.81024150803e-9,8.68327454384e-9],"min":[2.30093999409e-10,9.57256163225e-10,2.57977372797e-9,3.77734954427e-9,1.16484546453e-8,4.27742552489e-9,1.09183329045e-9,5.96417859544e-10,2.62461274936e-9,3.10249892443e-9,3.7651037843e-9,2.10906114795e-9,3.52939871773e-10,1.84900497691e-11,8.9254333091e-11,5.11036213346e-11,5.13303670402e-11,2.45700976925e-11,3.68130612799e-12,2.2432203664e-12,6.19105895022e-13,4.58307816611e-13,3.20744895487e-13,2.23945062256e-13,2.18165410867e-13,1.59058150765e-13,1.38877299417e-13,1.26699621931e-13,1.33520242931e-13,1.42477419836e-13,1.08731667875e-13,1.03350630192e-13,7.99001774574e-14,9.19601647977e-14,8.02356973722e-14,7.94147665922e-14,9.39147170404e-14,5.95129007923e-14,7.76234613154e-14,9.6659835626e-14],"var":[0.000466589379357,0.0000213489383896,0.00000300062970382,0.00000454409382655,0.00000224765881285,0.00000118566401852,0.00000115483271657,7.12944370207e-7,1.65394169471e-7,1.00961912608e-7,1.09462050091e-7,1.61015378808e-8,2.70274647107e-8,4.71217687092e-9,5.28254728849e-9,2.73798872463e-9,1.64630686861e-9,3.21279780557e-9,1.28832344792e-9,6.1085198011e-10,4.34297903196e-10,2.22539986439e-10,3.3429659041e-10,2.43780634568e-10,3.65285662829e-10,2.45132386612e-10,2.37880382059e-10,3.53555629218e-10,9.03424390852e-10,2.71039773958e-10,2.77512207658e-10,2.17856579998e-10,1.05787087423e-10,5.10100121864e-11,3.3184240078e-11,1.19049171562e-12,1.06647106239e-14,7.87754278177e-15,6.06264551975e-15,4.72865079002e-15]},"melbands_crest":{"dmean":4.74189662933,"dmean2":7.52119493484,"dvar":17.1994380951,"dvar2":39.7464637756,"max":39.443321228,"mean":19.1130752563,"median":17.4844322205,"min":3.19181919098,"var":68.2524414062},"melbands_flatness_db":{"dmean":0.0555366054177,"dmean2":0.0800303444266,"dvar":0.00223324866965,"dvar2":0.00453724525869,"max":0.644361495972,"mean":0.306428492069,"median":0.311730593443,"min":0.0531617961824,"var":0.00861418433487},"melbands_kurtosis":{"dmean":31.1887989044,"dmean2":50.3733596802,"dvar":7279.01806641,"dvar2":18339.4902344,"max":2055.66699219,"mean":38.995136261,"median":13.0091552734,"min":-1.8376159668,"var":7878.03515625},"melbands_skewness":{"dmean":1.65464937687,"dmean2":2.50278425217,"dvar":5.11155319214,"dvar2":11.3945436478,"max":33.4148178101,"mean":3.80883288383,"median":2.87043857574,"min":-1.56771028042,"var":11.7566709518},"melbands_spread":{"dmean":9.46280765533,"dmean2":13.7323198318,"dvar":310.284973145,"dvar2":581.525024414,"max":164.369003296,"mean":14.9557228088,"median":7.40766620636,"min":0.0947159528732,"var":527.557250977},"mfcc":{"cov":[[5496.00683594,-1577.09863281,-648.443786621,673.056640625,-619.569335938,540.299499512,-279.502685547,315.43572998,-24.7655735016,120.19329834,112.084098816,-45.1703453064,103.880615234],[-1577.09863281,1810.10742188,274.31640625,-801.600036621,325.296875,-473.840606689,132.331314087,-251.616577148,43.4116325378,-122.063529968,-86.6208343506,44.5847663879,-51.3205604553],[-648.443786621,274.31640625,787.229125977,-227.320251465,265.822631836,-131.472640991,141.08656311,-53.181842804,93.9541778564,25.4137172699,29.6386470795,78.9392623901,-14.2310256958],[673.056640625,-801.600036621,-227.320251465,778.349975586,-219.557189941,335.162384033,-97.1574401855,152.738891602,-59.0291976929,63.9925003052,56.6078224182,-33.0508270264,30.8099632263],[-619.569335938,325.296875,265.822631836,-219.557189941,455.912536621,-34.8904457092,198.35256958,-55.9162635803,35.7855110168,-13.7747392654,-5.52742958069,35.3690681458,0.258551120758],[540.299499512,-473.840606689,-131.472640991,335.162384033,-34.8904457092,415.980255127,45.8751716614,124.167533875,-37.435760498,30.5644378662,18.254283905,-36.8941764832,31.2666225433],[-279.502685547,132.331314087,141.08656311,-97.1574401855,198.35256958,45.8751716614,253.877319336,29.7337627411,21.8210048676,-10.8213720322,-15.5794019699,11.6725263596,2.17457008362],[315.43572998,-251.616577148,-53.181842804,152.738891602,-55.9162635803,124.167533875,29.7337627411,159.783370972,43.6867103577,39.3319015503,29.848323822,-2.31297039986,26.5567436218],[-24.7655735016,43.4116325378,93.9541778564,-59.0291976929,35.7855110168,-37.435760498,21.8210048676,43.6867103577,132.399932861,67.5370635986,26.4733371735,29.8572101593,15.1745672226],[120.19329834,-122.063529968,25.4137172699,63.9925003052,-13.7747392654,30.5644378662,-10.8213720322,39.3319015503,67.5370635986,127.713012695,73.5994262695,18.6279697418,23.8982028961],[112.084098816,-86.6208343506,29.6386470795,56.6078224182,-5.52742958069,18.254283905,-15.5794019699,29.848323822,26.4733371735,73.5994262695,111.728820801,49.4047164917,23.60912323],[-45.1703453064,44.5847663879,78.9392623901,-33.0508270264,35.3690681458,-36.8941764832,11.6725263596,-2.31297039986,29.8572101593,18.6279697418,49.4047164917,98.0664672852,39.3879814148],[103.880615234,-51.3205604553,-14.2310256958,30.8099632263,0.258551120758,31.2666225433,2.17457008362,26.5567436218,15.1745672226,23.8982028961,23.60912323,39.3879814148,71.8417282104]],"icov":[[0.000288696348434,0.000185557320947,0.0000936230208026,0.000166235069628,0.00020503406995,-0.000225665033213,0.000130831860588,-0.000118562813441,-0.000112477500807,0.000123274105135,-0.000187953366549,0.000025835037377,-0.000169941486092],[0.000185557320947,0.00135016418062,0.000169566148543,0.00079513079254,-0.0000949209061218,0.000418969255406,-0.000324559776345,0.0008179100696,-0.000608719710726,0.000831271521747,-0.000344933418091,0.000131358479848,-0.000192355393665],[0.0000936230208026,0.000169566148543,0.00195641699247,0.0000759651666158,-0.000606073474046,0.000215439140447,-0.000551509205252,0.000535917351954,-0.00106097944081,0.00000963457569014,-0.000261487235548,-0.00115771917626,0.00100928847678],[0.000166235069628,0.00079513079254,0.0000759651666158,0.00323877180927,0.000409679545555,-0.00144457106944,0.000899575126823,-0.00124466523994,0.00141173205338,-0.000818890170194,-0.000183951022336,-0.000363232393283,0.000247614749242],[0.00020503406995,-0.0000949209061218,-0.000606073474046,0.000409679545555,0.00462975120172,-0.00087625492597,-0.0028786782641,0.00217109080404,-0.00123781431466,0.000864545174409,-0.00116554123815,0.00028261175612,-0.000808810000308],[-0.000225665033213,0.000418969255406,0.000215439140447,-0.00144457106944,-0.00087625492597,0.00550219602883,-0.00146924541332,-0.00182527350262,0.00176564359572,-0.00067411956843,0.000170795174199,0.00167264649644,-0.00150637084153],[0.000130831860588,-0.000324559776345,-0.000551509205252,0.000899575126823,-0.0028786782641,-0.00146924541332,0.00789997074753,-0.00392489787191,0.00148938409984,-0.000880454026628,0.0021830231417,-0.00136104493868,0.00095256959321],[-0.000118562813441,0.0008179100696,0.000535917351954,-0.00124466523994,0.00217109080404,-0.00182527350262,-0.00392489787191,0.0146352294832,-0.00814135931432,0.00420285062864,-0.00441638985649,0.00321520864964,-0.00309883942828],[-0.000112477500807,-0.000608719710726,-0.00106097944081,0.00141173205338,-0.00123781431466,0.00176564359572,0.00148938409984,-0.00814135931432,0.018026381731,-0.011836502701,0.00659013912082,-0.00499231740832,0.00181387923658],[0.000123274105135,0.000831271521747,0.00000963457569014,-0.000818890170194,0.000864545174409,-0.00067411956843,-0.000880454026628,0.00420285062864,-0.011836502701,0.0220281034708,-0.0141803417355,0.00750478450209,-0.00475008133799],[-0.000187953366549,-0.000344933418091,-0.000261487235548,-0.000183951022336,-0.00116554123815,0.000170795174199,0.0021830231417,-0.00441638985649,0.00659013912082,-0.0141803417355,0.0226744096726,-0.012004878372,0.00400428753346],[0.000025835037377,0.000131358479848,-0.00115771917626,-0.000363232393283,0.00028261175612,0.00167264649644,-0.00136104493868,0.00321520864964,-0.00499231740832,0.00750478450209,-0.012004878372,0.0225975606591,-0.0117795867845],[-0.000169941486092,-0.000192355393665,0.00100928847678,0.000247614749242,-0.000808810000308,-0.00150637084153,0.00095256959321,-0.00309883942828,0.00181387923658,-0.00475008133799,0.00400428753346,-0.0117795867845,0.0222360733896]],"mean":[-686.285217285,167.322921753,-1.39046895504,44.4601097107,-3.59732341766,17.2506732941,-0.947695851326,5.62891864777,-1.73924160004,0.954308450222,1.89189958572,1.57338917255,3.02242493629]},"pitch_salience":{"dmean":0.100363627076,"dmean2":0.158270999789,"dvar":0.0076271914877,"dvar2":0.0172053538263,"max":0.871630072594,"mean":0.508579969406,"median":0.540146946907,"min":0.0371301397681,"var":0.0314653106034},"silence_rate_20dB":{"dmean":0.00496041215956,"dmean2":0.00992177054286,"dvar":0.00493521569297,"dvar2":0.0136384051293,"max":1,"mean":0.996947705746,"median":1,"min":0,"var":0.00304311444052},"silence_rate_30dB":{"dmean":0.0723075419664,"dmean2":0.144628882408,"dvar":0.0670822933316,"dvar2":0.143738240004,"max":1,"mean":0.805131614208,"median":1,"min":0,"var":0.156885892153},"silence_rate_60dB":{"dmean":0.0177430119365,"dmean2":0.0353940092027,"dvar":0.0174289084971,"dvar2":0.0400546193123,"max":1,"mean":0.0316673032939,"median":0,"min":0,"var":0.0306652169675},"spectral_centroid":{"dmean":412.430450439,"dmean2":558.938537598,"dvar":313705.4375,"dvar2":467925.9375,"max":4104.73291016,"mean":1021.94219971,"median":607.916137695,"min":144.297866821,"var":821606.375},"spectral_complexity":{"dmean":6.11656951904,"dmean2":8.60417842865,"dvar":60.583366394,"dvar2":106.61592865,"max":65,"mean":16.1482257843,"median":13,"min":0,"var":142.246536255},"spectral_contrast_coeffs":{"dmean":[0.0650450885296,0.0582804121077,0.0457085520029,0.0349641442299,0.0304623246193,0.0662323310971],"dmean2":[0.103109434247,0.0945365354419,0.0733425170183,0.056434430182,0.0472096689045,0.0943089649081],"dvar":[0.00265601533465,0.00211701076478,0.00132076803129,0.000772361294366,0.000624722917564,0.00468513183296],"dvar2":[0.00638308050111,0.00530700059608,0.00328558939509,0.00190783373546,0.00146836030763,0.00787140335888],"max":[-0.274085581303,-0.433869063854,-0.482660800219,-0.565436244011,-0.669707238674,-0.338649600744],"mean":[-0.664544939995,-0.750702679157,-0.806039333344,-0.817311346531,-0.828698992729,-0.732377767563],"median":[-0.674807965755,-0.759155750275,-0.814672827721,-0.820003449917,-0.826828956604,-0.777282357216],"min":[-0.911879777908,-0.952171504498,-0.954465329647,-0.979085743427,-0.967768847942,-0.931881904602],"var":[0.0100347958505,0.00597524596378,0.00402345787734,0.00223272084258,0.00187742919661,0.0149792786688]},"spectral_contrast_valleys":{"dmean":[0.4503942132,0.489754885435,0.478610873222,0.466806709766,0.569327950478,0.813869893551],"dmean2":[0.707566559315,0.756653904915,0.736956000328,0.705313622952,0.776037931442,1.32905590534],"dvar":[0.145126745105,0.167479321361,0.167722508311,0.192531824112,0.274818122387,0.461877733469],"dvar2":[0.3375248909,0.382665395737,0.390919625759,0.429068505764,0.534647583961,1.16651308537],"max":[-4.56885433197,-4.50084352493,-5.30955171585,-5.63219499588,-5.51625442505,-8.71856212616],"mean":[-6.68324136734,-6.53034687042,-7.28149366379,-7.7470946312,-7.77154493332,-11.1859912872],"median":[-6.6064453125,-6.4884390831,-7.23711776733,-7.72178888321,-7.81384038925,-11.121006012],"min":[-13.1772489548,-11.8488111496,-13.2018556595,-14.535451889,-16.2277507782,-17.5453414917],"var":[0.751638650894,0.630076408386,0.579103708267,0.633668243885,1.05871891975,1.07280611992]},"spectral_decrease":{"dmean":7.81268383321e-9,"dmean2":1.18712533137e-8,"dvar":1.48671169963e-16,"dvar2":3.21522510061e-16,"max":1.18727472298e-9,"mean":-1.68559353142e-8,"median":-8.99555363532e-9,"min":-1.3449992764e-7,"var":4.08502920516e-16},"spectral_energy":{"dmean":0.0300582852215,"dmean2":0.0456310659647,"dvar":0.00211942847818,"dvar2":0.0045869727619,"max":0.510807335377,"mean":0.0671017020941,"median":0.0380769073963,"min":2.07939450547e-7,"var":0.00587517302483},"spectral_energyband_high":{"dmean":0.000992898596451,"dmean2":0.00142760737799,"dvar":0.00000525374571225,"dvar2":0.0000109388129204,"max":0.0190054606646,"mean":0.00101446709596,"median":0.0000882886961335,"min":6.83225767628e-11,"var":0.00000629103442407},"spectral_energyband_low":{"dmean":0.0233447775245,"dmean2":0.0356771498919,"dvar":0.00197785673663,"dvar2":0.00440557161346,"max":0.488340109587,"mean":0.044234983623,"median":0.0111776180565,"min":6.67141364374e-9,"var":0.00507789710537},"spectral_energyband_middle_high":{"dmean":0.00179878319614,"dmean2":0.00270267087035,"dvar":0.0000078202374425,"dvar2":0.0000169747072505,"max":0.0727175921202,"mean":0.00295303040184,"median":0.00156461750157,"min":1.9919836447e-8,"var":0.0000148987091961},"spectral_energyband_middle_low":{"dmean":0.00970996636897,"dmean2":0.0152643043548,"dvar":0.000145736601553,"dvar2":0.000361531128874,"max":0.193726211786,"mean":0.0161989424378,"median":0.0110664200038,"min":1.43575704215e-7,"var":0.000256637722487},"spectral_entropy":{"dmean":0.350185185671,"dmean2":0.519135773182,"dvar":0.110203489661,"dvar2":0.21892118454,"max":8.2203130722,"mean":7.21803474426,"median":7.235912323,"min":4.97123479843,"var":0.355057626963},"spectral_flux":{"dmean":0.043898191303,"dmean2":0.0705034136772,"dvar":0.00236471486278,"dvar2":0.0055865868926,"max":0.616697311401,"mean":0.132171735168,"median":0.118123814464,"min":0.000456003792351,"var":0.00573908723891},"spectral_kurtosis":{"dmean":6.02734994888,"dmean2":9.58212375641,"dvar":58.9113388062,"dvar2":147.481796265,"max":120.047721863,"mean":14.2038221359,"median":10.8373718262,"min":2.61791276932,"var":110.835929871},"spectral_rms":{"dmean":0.00170182238799,"dmean2":0.00248732371256,"dvar":0.0000034784879972,"dvar2":0.00000708509060132,"max":0.0223237238824,"mean":0.00703129498288,"median":0.00609493255615,"min":0.000014243165424,"var":0.0000160264353326},"spectral_rolloff":{"dmean":1259.88635254,"dmean2":2266.68554688,"dvar":13403481,"dvar2":34906728,"max":22028.4667969,"mean":1728.47973633,"median":452.197265625,"min":21.533203125,"var":15924985},"spectral_skewness":{"dmean":0.589971065521,"dmean2":0.860641658306,"dvar":0.375867933035,"dvar2":0.787139832973,"max":8.84032535553,"mean":2.41935634613,"median":2.37455868721,"min":0.510017454624,"var":1.18093800545},"spectral_spread":{"dmean":716140.25,"dmean2":1137589.625,"dvar":405172060160,"dvar2":978548097024,"max":14703776,"mean":3580808.5,"median":3572199.5,"min":1014543.25,"var":977283383296},"spectral_strongpeak":{"dmean":0.499500542879,"dmean2":0.860238552094,"dvar":3.58630943298,"dvar2":9.82195568085,"max":60.5551872253,"mean":0.704661071301,"median":0.449466884136,"min":0,"var":2.98238611221},"zerocrossingrate":{"dmean":0.0261507835239,"dmean2":0.031233323738,"dvar":0.000605863751844,"dvar2":0.000839163083583,"max":0.5458984375,"mean":0.100937195122,"median":0.0849609375,"min":0,"var":0.00516169192269}},"metadata":{"audio_properties":{"analysis_sample_rate":44100,"bit_rate":137172,"codec":"mp3","downmix":"mix","equal_loudness":0,"length":243.408981323,"lossless":false,"md5_encoded":"05041ec872eea243171dc6a6035a7297","replay_gain":-4.49624824524,"sample_rate":44100},"tags":{"acoustid_id":["41e52cd2-933a-49e9-932c-d18d6378e01b"],"album":["LateNightTales: Arctic Monkeys"],"albumartist":["Matt Helders"],"albumartistsort":["Helders, Matt"],"artist":["Mos Def"],"artistsort":["Mos Def"],"asin":["B001FBJUJK"],"barcode":["8801571302119"],"catalognumber":["ALNCD21"],"date":["2008"],"discnumber":["1/1"],"file_name":"12 - Mos Def - Ms. Fat Booty.mp3","fmps_playcount":["1"],"genre":["Various"],"label":["LateNightTales"],"media":["CD"],"musicbrainz album release country":["GB"],"musicbrainz album status":["official"],"musicbrainz_albumartistid":["e7ae3e08-43f5-4c19-81e9-34f16b00fbc2"],"musicbrainz_albumid":["017e2201-4d11-433b-b970-76b0effbb66d"],"musicbrainz_artistid":["9f4551c6-1324-4ac5-b3fe-a5c5cfacd54d"],"musicbrainz_recordingid":["6101bd43-5728-46ef-8cb1-e6aa1575fabc"],"musicbrainz_releasegroupid":["8eb3c027-e1cc-4661-befd-2768e6a55afc"],"originaldate":["2008"],"script":["Latn"],"title":["Ms. Fat Booty"],"tracknumber":["12/20"]},"version":{"essentia":"2.1-beta1","essentia_build_sha":"ca57ba49d9b1854bd80e60cf9ccf267278fb7d6b","essentia_git_sha":"v2.1_beta1-28-g21ef5f4-dirty","extractor":"music 1.0"}},"rhythm":{"beats_count":732,"beats_loudness":{"dmean":0.0892082229257,"dmean2":0.161275550723,"dvar":0.00821735151112,"dvar2":0.0214955545962,"max":0.422574192286,"mean":0.0834060236812,"median":0.0475019104779,"min":0.00176406058017,"var":0.00720915058628},"beats_loudness_band_ratio":{"dmean":[0.370208442211,0.144023507833,0.104936257005,0.0573165155947,0.0696080625057,0.197800010443],"dmean2":[0.626456260681,0.246606364846,0.179822385311,0.0982924923301,0.11209654063,0.368382960558],"dvar":[0.0696160197258,0.0228856503963,0.0127477059141,0.00255617173389,0.00322313793004,0.0351169072092],"dvar2":[0.178898021579,0.06228861212