{"lowlevel":{"average_loudness":0.928563475609,"barkbands":{"dmean":[0.0000305448520521,0.00243420759216,0.00265341578051,0.00175078888424,0.00152372056618,0.00126700650435,0.000732222630177,0.000442342512542,0.000356246542651,0.000293638266157,0.000242376321694,0.000279174390016,0.000249892385909,0.000187908808584,0.000237218948314,0.000262084446149,0.000351257040165,0.000239281231188,0.000144670848385,0.000102768128272,0.0000823102600407,0.0000781847556937,0.0000597483449383,0.0000516018335475,0.0000395447568735,0.000016746656911,0.00000423169512942],"dmean2":[0.0000510861827934,0.00405770773068,0.00473379297182,0.00296683586203,0.00245323521085,0.0020536496304,0.0011930721812,0.000672222813591,0.000554794736672,0.000438021932496,0.000372463196982,0.000432841916336,0.000395539507736,0.000299056147924,0.00037924037315,0.000413344154367,0.000543437548913,0.000386051047826,0.000230732141063,0.000167339647305,0.000135568989208,0.000127795356093,0.0000928309527808,0.0000749010214349,0.000054542630096,0.0000231335052376,0.0000062524650275],"dvar":[5.83358383821e-9,0.0000327305679093,0.0000470785562356,0.0000119717115012,0.00000603699845669,0.00000430852014688,0.00000131050092023,0.00000171778742697,8.99000042409e-7,5.94402649767e-7,3.70999600818e-7,2.67514877805e-7,2.64657359139e-7,1.19916990116e-7,2.13225348489e-7,3.13528261131e-7,5.38817062079e-7,2.46127825676e-7,7.01716231788e-8,4.03285227435e-8,4.26614228388e-8,6.40491322201e-8,4.73566288406e-8,5.42034328532e-8,3.96921038259e-8,3.53495410721e-9,2.19633214393e-10],"dvar2":[1.59354467399e-8,0.000087910957518,0.000138093237183,0.0000330484763253,0.0000158833117894,0.0000124943853734,0.00000335717277267,0.00000410700567954,0.00000224428436013,0.0000012799354181,8.53710275805e-7,6.02567354235e-7,6.29977591871e-7,2.92697023951e-7,5.15885801633e-7,7.24061692381e-7,0.00000118707453112,5.83475070925e-7,1.66475771834e-7,1.02066337604e-7,1.04983890026e-7,1.41563234024e-7,9.74063425474e-8,9.9842871748e-8,6.61335661789e-8,6.49782139206e-9,4.70207428549e-10],"max":[0.000974467431661,0.0644082203507,0.0736637488008,0.044395506382,0.042416729033,0.031252104789,0.0451028943062,0.0464990288019,0.0359869413078,0.0326878093183,0.0249583162367,0.0159345380962,0.0146541548893,0.00712845940143,0.0122067360207,0.0200148764998,0.0244693923742,0.0141033940017,0.0069044069387,0.0044778729789,0.00803694501519,0.00804109871387,0.00744287436828,0.00810969527811,0.0099018542096,0.00318730412982,0.000348953297362],"mean":[0.0000415762333432,0.00531808752567,0.0043261051178,0.0026601315476,0.00377908931114,0.003183667548,0.00159505871125,0.000870308373123,0.000730339379515,0.00067192921415,0.000525725365151,0.00060777971521,0.00060981157003,0.000402396079153,0.000538376392797,0.000602826767135,0.000901113613509,0.000588004593737,0.00034707429586,0.00022671604529,0.000152343593072,0.000115503797133,0.000101462501334,0.0000956961594056,0.0000758300593589,0.0000277801900666,0.00000536842526344],"median":[0.00000322857886204,0.0033273587469,0.00158402463421,0.00118307664525,0.00263633090071,0.00204701791517,0.000960114528425,0.000339076359523,0.000329150090693,0.000282822962618,0.000240111534367,0.000303668814013,0.00028737320099,0.000228549615713,0.000292783923214,0.000326767447405,0.000403530837502,0.000304873945424,0.000191767845536,0.000127634630189,0.0000558313804504,0.000013610075257,0.0000114177300929,0.0000140824204209,0.0000124462021631,0.00000393140908272,6.13781196535e-7],"min":[2.34325262771e-23,1.23905325309e-23,2.04884027155e-23,5.45947834423e-24,4.08319895014e-23,1.4998563166e-22,3.90413352e-23,6.4541753055e-23,1.47980571276e-23,4.50652758652e-23,4.27975973744e-23,1.14887354586e-22,6.95585550026e-23,1.22997071884e-22,1.25451514772e-22,7.04621604596e-23,1.50980290599e-22,2.34651788077e-22,3.62823636038e-22,4.39871213645e-22,5.35099069e-22,5.5625689908e-22,6.4690249494e-22,7.37125362329e-22,1.06811847346e-21,1.81889100323e-21,2.73960502316e-21],"var":[7.8813586768e-9,0.0000504896743223,0.0000483373332827,0.0000155742654897,0.000014466752873,0.0000121176026369,0.00000408929417972,0.00000352500910594,0.0000016356358401,0.00000238399456975,0.00000106732159111,9.51517449721e-7,0.00000105370725123,3.33518926254e-7,6.4797086452e-7,0.00000121946129639,0.00000295836434816,8.47611374866e-7,2.17894111643e-7,9.31898327394e-8,8.01349457902e-8,1.17047619597e-7,1.12526272744e-7,1.36972190035e-7,1.31724675612e-7,8.20663625944e-9,3.55389773166e-10]},"barkbands_crest":{"dmean":1.92686021328,"dmean2":3.13101863861,"dvar":3.93719053268,"dvar2":11.1168956757,"max":26.229095459,"mean":9.91994953156,"median":9.28025341034,"min":2.25829482079,"var":14.2733612061},"barkbands_flatness_db":{"dmean":0.0163037981838,"dmean2":0.0255948118865,"dvar":0.0003020807344,"dvar2":0.000756732770242,"max":0.429408967495,"mean":0.16151407361,"median":0.138786524534,"min":0.0256939306855,"var":0.00625678617507},"barkbands_kurtosis":{"dmean":2.37853121758,"dmean2":3.75631856918,"dvar":16.9425315857,"dvar2":40.5138778687,"max":138.976348877,"mean":5.64099836349,"median":2.01908969879,"min":-1.90539085865,"var":84.1932678223},"barkbands_skewness":{"dmean":0.423342198133,"dmean2":0.660387575626,"dvar":0.238404855132,"dvar2":0.591453552246,"max":9.26858520508,"mean":1.85796153545,"median":1.64679646492,"min":-8.83106708527,"var":1.60504961014},"barkbands_spread":{"dmean":3.90888619423,"dmean2":6.13389587402,"dvar":29.6706867218,"dvar2":69.4286499023,"max":122.778396606,"mean":20.4180221558,"median":19.4550323486,"min":0.764305830002,"var":219.056472778},"dissonance":{"dmean":0.0120206214488,"dmean2":0.0201876293868,"dvar":0.000157372327521,"dvar2":0.000429070612881,"max":0.500000059605,"mean":0.463325500488,"median":0.47322177887,"min":0.255511701107,"var":0.000949638721067},"dynamic_complexity":3.09224867821,"erbbands":{"dmean":[0.0477594584227,0.65502166748,2.66034984589,4.64635705948,5.25237035751,5.19318056107,11.4370536804,7.70643234253,8.15264320374,10.6451625824,9.65414047241,8.89105606079,7.82407855988,10.0003099442,8.77738666534,12.4356012344,10.5607757568,9.87454223633,11.2312555313,11.0952177048,13.2897224426,16.6561965942,14.2354450226,8.16603088379,6.61665201187,4.72313690186,3.59570097923,3.09767770767,2.96128559113,1.98088645935,1.69165015221,1.21706938744,0.819245576859,0.50911039114,0.253980845213,0.0825927183032,0.0305463317782,0.00696723209694,0.000690749904606,0.0000357511889888],"dmean2":[0.0778116956353,1.09959459305,4.72790002823,8.03827190399,8.80929279327,8.27096843719,18.6332473755,11.8812818527,12.7848157883,17.2211399078,14.6218662262,13.8793449402,11.7417211533,14.9158382416,13.8913011551,19.1322803497,16.7673721313,15.653637886,17.9968719482,17.4290809631,20.969953537,25.4241867065,22.9011135101,13.0851106644,10.5576896667,7.67396497726,5.9333524704,5.06572914124,4.88658761978,3.19170379639,2.60889554024,1.83009004593,1.16928744316,0.717811286449,0.349803417921,0.113075301051,0.0428385362029,0.0100985029712,0.00101800833363,0.0000533001875738],"dvar":[0.0162467882037,2.30160784721,44.5991325378,96.5775222778,114.925285339,84.1270675659,387.238922119,219.154785156,164.918899536,321.687805176,856.987548828,488.318450928,383.691589355,770.303955078,540.129333496,584.316589355,475.179718018,305.55758667,488.454467773,493.716064453,661.236572266,1638.1751709,895.372741699,260.915344238,142.111663818,90.2868652344,68.5685653687,76.6841125488,95.139175415,46.2744636536,38.342048645,23.453704834,16.9691581726,6.66111564636,1.72897481918,0.119746305048,0.0117654204369,0.00068924354855,0.0000057163965721,1.06499262742e-8],"dvar2":[0.0407412350178,6.30193805695,131.554229736,270.055908203,317.148712158,211.091064453,1181.43859863,527.140930176,418.073120117,764.698364258,2091.14233398,1212.70422363,827.989685059,1683.91479492,1307.7310791,1278.37573242,1098.73034668,750.693664551,1196.07739258,1165.60241699,1492.60327148,3543.79125977,2145.36499023,645.989562988,348.076385498,228.802398682,176.419036865,183.725723267,213.23576355,96.8586273193,77.416557312,47.0056152344,30.4938430786,11.5812072754,2.98386335373,0.189112007618,0.0243609696627,0.00149959232658,0.0000120542563309,2.33317614118e-8],"max":[1.49795818329,17.40442276,75.21849823,123.823486328,142.166824341,225.816574097,290.602752686,344.472076416,375.811676025,536.339782715,936.813964844,798.144348145,738.506103516,1408.05310059,1217.83056641,815.715637207,647.793762207,334.431396484,754.500244141,747.79473877,762.719421387,1741.10009766,896.68371582,500.491699219,264.184234619,220.678268433,207.957717896,390.035461426,295.956207275,254.449295044,209.073104858,159.452011108,159.083892822,122.246566772,72.7008361816,24.0548400879,4.09995079041,1.05513882637,0.050047557801,0.00318059138954],"mean":[0.089082621038,1.43000435829,4.96222877502,7.4780626297,10.2753887177,11.6551656723,27.1525325775,20.1023635864,20.9041423798,21.8833370209,20.452911377,19.1502666473,18.5948390961,23.6207122803,20.0637073517,27.6047096252,27.27227211,25.5450077057,26.7398166656,28.4904403687,36.0158691406,47.0822181702,37.0985183716,21.4247245789,15.9725503922,10.5511817932,7.32729053497,5.26693630219,4.35352754593,3.07928180695,2.92542767525,2.17216658592,1.52764368057,0.968616604805,0.464583605528,0.151344567537,0.0470718704164,0.00942457746714,0.000907400914002,0.0000739192473702],"median":[0.0391245260835,0.951753497124,2.66994357109,3.95054721832,5.91057634354,7.24757146835,14.6728878021,12.020813942,13.6135053635,12.473528862,9.50066184998,9.36145877838,9.39481925964,10.4997205734,10.4030017853,13.8021936417,13.7130670547,15.3399944305,14.6777172089,17.5644645691,20.858959198,20.4685916901,18.7414417267,13.2033052444,9.0739402771,6.11553287506,3.4413626194,1.37194001675,0.537402153015,0.379434138536,0.310823887587,0.283083319664,0.227713257074,0.158023878932,0.0688488632441,0.0248161144555,0.00536962132901,0.000865504785907,0.000118433294119,0.000043763058784],"min":[6.6462599067e-22,2.09947082857e-21,1.71870666792e-20,2.547176519e-20,6.18902350426e-20,1.72631340144e-19,6.22071718792e-19,1.23560745065e-18,7.64248504755e-19,5.52877802058e-19,1.56602888224e-18,5.36384079138e-19,1.01023144281e-18,1.33989383279e-18,2.81582806386e-18,4.54914802114e-18,3.85601368121e-18,5.23314201529e-18,4.72866606639e-18,7.21294297675e-18,4.95745636561e-18,9.26020010357e-18,1.21323490342e-17,1.47489032914e-17,2.19687110401e-17,2.06996058765e-17,2.32101155793e-17,1.94614505028e-17,1.84495918923e-17,1.73082133416e-17,1.87062312948e-17,1.60312135663e-17,1.33667200566e-17,1.12393190546e-17,7.5266024204e-18,6.42661557388e-18,3.29044155188e-18,1.54863389434e-18,3.46058505586e-19,3.94633717706e-20],"var":[0.0236674901098,3.40954852104,49.6306419373,109.307685852,174.826095581,222.797439575,1145.37341309,689.252502441,580.055541992,833.516967773,1911.55737305,954.424133301,1194.39672852,3260.8347168,1448.09960938,2101.69726562,2056.06225586,1106.14587402,1696.87438965,1841.85534668,2864.14672852,10602.8242188,3260.10644531,835.343200684,432.345672607,198.770751953,132.227676392,140.511398315,166.196014404,100.770606995,92.9347839355,56.2565307617,43.0667037964,21.03698349,5.26551914215,0.363668382168,0.0217532794923,0.00108881504275,0.00000945394913288,1.73824279415e-8]},"erbbands_crest":{"dmean":1.61599993706,"dmean2":2.53242993355,"dvar":2.76629114151,"dvar2":7.3420343399,"max":28.040845871,"mean":8.21584892273,"median":7.12776660919,"min":2.04322171211,"var":17.7685565948},"erbbands_flatness_db":{"dmean":0.012608059682,"dmean2":0.0184148624539,"dvar":0.000221487061935,"dvar2":0.000454214081401,"max":0.375003308058,"mean":0.178911164403,"median":0.165378749371,"min":0.0212816502899,"var":0.00496579241008},"erbbands_kurtosis":{"dmean":0.642218768597,"dmean2":0.991997003555,"dvar":0.997273504734,"dvar2":2.11247348785,"max":62.4411773682,"mean":0.530348539352,"median":-0.187263965607,"min":-1.79579544067,"var":8.77997589111},"erbbands_skewness":{"dmean":0.241146788001,"dmean2":0.370562523603,"dvar":0.0567300841212,"dvar2":0.128450036049,"max":6.24001264572,"mean":0.24638402462,"median":-0.0142493555322,"min":-3.35489869118,"var":0.953898072243},"erbbands_spread":{"dmean":5.93935489655,"dmean2":9.39079189301,"dvar":65.3309402466,"dvar2":160.304107666,"max":177.894226074,"mean":35.6358604431,"median":33.6813392639,"min":4.30936717987,"var":250.647537231},"gfcc":{"cov":[[15763.5478516,-2398.08959961,-149.995315552,1619.49108887,-424.80065918,2369.54516602,-225.114425659,1167.74902344,145.945999146,118.079696655,-123.879898071,319.68927002,-347.043884277],[-2398.08959961,2261.66015625,-665.443481445,-455.290161133,369.083465576,-1063.4387207,213.095672607,-491.139160156,-71.8231201172,-99.0270843506,88.6784744263,-224.576187134,180.837280273],[-149.995315552,-665.443481445,1073.94506836,321.862243652,33.9144058228,554.440795898,44.026599884,164.306304932,98.7976226807,106.622390747,-12.4409227371,84.7426834106,-143.79524231],[1619.49108887,-455.290161133,321.862243652,676.160583496,88.0155944824,663.155212402,149.79864502,240.509170532,123.749046326,15.5904026031,-36.3242111206,3.56012010574,-104.517692566],[-424.80065918,369.083465576,33.9144058228,88.0155944824,343.382476807,32.2414016724,150.524749756,3.88039183617,30.6115283966,-1.80891013145,-2.00111460686,-58.8530349731,-16.4129543304],[2369.54516602,-1063.4387207,554.440795898,663.155212402,32.2414016724,1158.53674316,104.382026672,437.689941406,134.649414062,58.3229141235,-34.8358154297,70.4063796997,-179.78225708],[-225.114425659,213.095672607,44.026599884,149.79864502,150.524749756,104.382026672,278.888397217,8.08455085754,37.5384101868,-10.7979068756,-16.4395427704,-45.8259048462,-24.5460758209],[1167.74902344,-491.139160156,164.306304932,240.509170532,3.88039183617,437.689941406,8.08455085754,297.218048096,71.6439971924,36.892868042,-9.77173423767,44.5428924561,-52.8411521912],[145.945999146,-71.8231201172,98.7976226807,123.749046326,30.6115283966,134.649414062,37.5384101868,71.6439971924,112.007339478,21.6045703888,9.32975959778,7.37484025955,-15.9567060471],[118.079696655,-99.0270843506,106.622390747,15.5904026031,-1.80891013145,58.3229141235,-10.7979068756,36.892868042,21.6045703888,70.813369751,24.101682663,23.2314071655,-14.900645256],[-123.879898071,88.6784744263,-12.4409227371,-36.3242111206,-2.00111460686,-34.8358154297,-16.4395427704,-9.77173423767,9.32975959778,24.101682663,77.8538360596,25.2287139893,18.1968135834],[319.68927002,-224.576187134,84.7426834106,3.56012010574,-58.8530349731,70.4063796997,-45.8259048462,44.5428924561,7.37484025955,23.2314071655,25.2287139893,95.2989273071,8.60897827148],[-347.043884277,180.837280273,-143.79524231,-104.517692566,-16.4129543304,-179.78225708,-24.5460758209,-52.8411521912,-15.9567060471,-14.900645256,18.1968135834,8.60897827148,90.5163955688]],"icov":[[0.000199736256036,-0.00027016401873,0.000386710948078,-0.000400383141823,0.000314775417792,-0.000361937651178,0.000370453082724,-0.000329045200488,0.000304196408251,-0.000548184092622,0.00068566086702,-0.000969483109657,0.000621882965788],[-0.00027016401873,0.00247945752926,-0.000349384732544,0.000413786183344,-0.001950333477,0.00176168174949,-0.00150523264892,0.00137578428257,-0.000724282697774,0.00168369978201,-0.00378818647005,0.00400038668886,-0.00199572066776],[0.000386710948078,-0.000349384732544,0.00245277234353,-0.000879594590515,0.000224112576689,-0.00117606192362,0.000699988624547,0.000323157029925,-0.0000574844416406,-0.00279225246049,0.00194802891929,-0.00313981762156,0.0025819807779],[-0.000400383141823,0.000413786183344,-0.000879594590515,0.00497978366911,-0.000707960280124,-0.00157273374498,-0.00155930535402,0.000785188982263,-0.00253266072832,0.00196179258637,-0.00066713464912,0.00254829064943,-0.0014573908411],[0.000314775417792,-0.001950333477,0.000224112576689,-0.000707960280124,0.00577539810911,-0.00116707710549,-0.000600801606197,-0.00170352007262,0.000503443821799,-0.00164882536046,0.00216949847527,-0.00125481933355,0.00171420467086],[-0.000361937651178,0.00176168174949,-0.00117606192362,-0.00157273374498,-0.00116707710549,0.00571027351543,-0.00166329997592,-0.00252697058022,-0.00009101012256,0.00230051064864,-0.00337538053282,0.00212066411041,0.00145177938975],[0.000370453082724,-0.00150523264892,0.000699988624547,-0.00155930535402,-0.000600801606197,-0.00166329997592,0.00667238188908,0.0000393269692722,-0.000128789790324,-0.00108446693048,0.00296606798656,-0.00195680465549,0.00154746102635],[-0.000329045200488,0.00137578428257,0.000323157029925,0.000785188982263,-0.00170352007262,-0.00252697058022,0.0000393269692722,0.0100555373356,-0.00296491524205,-0.00122595904395,-0.000549935211893,0.00108574877959,-0.00275444425642],[0.000304196408251,-0.000724282697774,-0.0000574844416406,-0.00253266072832,0.000503443821799,-0.00009101012256,-0.000128789790324,-0.00296491524205,0.0134825436398,-0.00282317888923,-0.000687402905896,-0.00104289653245,-0.000108270542114],[-0.000548184092622,0.00168369978201,-0.00279225246049,0.00196179258637,-0.00164882536046,0.00230051064864,-0.00108446693048,-0.00122595904395,-0.00282317888923,0.0230607427657,-0.00949961319566,0.00260890461504,0.000584559398703],[0.00068566086702,-0.00378818647005,0.00194802891929,-0.00066713464912,0.00216949847527,-0.00337538053282,0.00296606798656,-0.000549935211893,-0.000687402905896,-0.00949961319566,0.0237833335996,-0.0114639652893,0.00131802889518],[-0.000969483109657,0.00400038668886,-0.00313981762156,0.00254829064943,-0.00125481933355,0.00212066411041,-0.00195680465549,0.00108574877959,-0.00104289653245,0.00260890461504,-0.0114639652893,0.0254202391952,-0.00953440833837],[0.000621882965788,-0.00199572066776,0.0025819807779,-0.0014573908411,0.00171420467086,0.00145177938975,0.00154746102635,-0.00275444425642,-0.000108270542114,0.000584559398703,0.00131802889518,-0.00953440833837,0.0225630998611]],"mean":[-21.0951538086,114.209243774,-126.539718628,21.9037342072,-41.986579895,-9.32564735413,-40.5296440125,3.45440196991,-28.1105804443,-1.44363749027,-13.5503540039,-4.00719642639,-9.61873817444]},"hfc":{"dmean":4.7126250267,"dmean2":7.13931369781,"dvar":77.4617385864,"dvar2":164.797012329,"max":207.146530151,"mean":20.7255268097,"median":16.1637687683,"min":1.26847021969e-16,"var":357.244812012},"melbands":{"dmean":[0.000552836398128,0.00119137717411,0.000803882139735,0.000352770526661,0.000340636703186,0.000185300566955,0.000138164599775,0.000109370834252,0.0000772230778239,0.0000571030759602,0.0000393054724555,0.0000411116561736,0.0000291788437607,0.000033960386645,0.0000210459729715,0.0000286822778435,0.0000198917296075,0.0000180840197572,0.0000168284059328,0.0000203589988814,0.0000168305759871,0.0000201834027393,0.0000158879174705,0.0000110005248644,0.00000706175387677,0.00000581569702263,0.0000042535762077,0.00000319356445289,0.00000248784817813,0.00000215133968595,0.00000179086998742,0.00000177545359747,0.00000152435768541,0.00000105751928459,0.00000105921424165,9.3465956752e-7,7.05264710632e-7,6.30585589079e-7,4.98103986502e-7,4.32716547039e-7],"dmean2":[0.000911889248528,0.00207909056917,0.00137979711872,0.000567856477574,0.000552040874027,0.00028990075225,0.000218831512029,0.000175406297785,0.000117116571346,0.0000891144445632,0.0000590363779338,0.0000614272066741,0.000045452528866,0.0000526721778442,0.0000329198737745,0.0000452142994618,0.000031653631595,0.0000290638599836,0.0000268875937763,0.0000319384998875,0.0000268159328698,0.000030983464967,0.0000253429607255,0.0000178445243364,0.0000114478043542,0.00000933072897169,0.00000698111398378,0.00000522155778526,0.00000412756844526,0.00000355541442332,0.00000295789686788,0.00000294588039651,0.00000252070981333,0.00000170338375938,0.00000166099709986,0.00000144705859384,0.00000106888296614,9.09601112653e-7,7.20926152553e-7,6.22616425972e-7],"dvar":[0.00000189715547094,0.00000828288011689,0.00000252147333413,3.79262672823e-7,2.95783337378e-7,1.04281113522e-7,4.63084575131e-8,4.38080007825e-8,5.31053636621e-8,2.00458796229e-8,1.00677528536e-8,1.3729787085e-8,5.49518608395e-9,3.87083964881e-9,2.7807831593e-9,2.97586599807e-9,1.31984978502e-9,1.32209654335e-9,1.25986454602e-9,1.97598248874e-9,9.96943860798e-10,2.65576094449e-9,1.15681186852e-9,4.54945220385e-10,2.05685551924e-10,1.1526100907e-10,6.3245277071e-11,4.21863759204e-11,3.04295685871e-11,3.22268566e-11,2.73025751313e-11,3.46861185607e-11,2.6305162909e-11,1.50173710273e-11,1.57888233737e-11,1.27371602848e-11,8.19629867449e-12,1.08852501665e-11,5.81113889647e-12,5.48138227516e-12],"dvar2":[0.00000493060088047,0.0000239888358919,0.00000701989074514,9.90608327811e-7,8.78009188909e-7,2.6224404337e-7,1.19099262008e-7,1.03048442668e-7,1.31426617145e-7,4.89336997589e-8,2.17111821854e-8,3.00199118897e-8,1.31684236848e-8,8.79111006213e-9,6.50907638899e-9,7.01622582255e-9,3.2353917323e-9,3.24989346545e-9,3.03789171596e-9,4.55258453158e-9,2.28418839399e-9,5.91373394698e-9,2.6015631871e-9,1.09881659327e-9,5.18328269195e-10,2.74742617545e-10,1.62528476788e-10,1.07516939796e-10,7.99868921098e-11,8.02350894058e-11,6.53017223629e-11,7.92008264527e-11,6.01367428077e-11,3.30161141482e-11,3.32063508635e-11,2.66516912706e-11,1.67330004019e-11,2.06531371866e-11,1.0795814763e-11,1.02299540367e-11],"max":[0.0147470487282,0.031510937959,0.0170806087554,0.0117911398411,0.00857959967107,0.00684035103768,0.00733921024948,0.00572789041325,0.00617747008801,0.00439049815759,0.00382920494303,0.00591669837013,0.00337248994038,0.00174767081626,0.00228749215603,0.00120822142344,0.000700172851793,0.00113544415217,0.000882716733031,0.00213204789907,0.000812487851363,0.00199949857779,0.000941943726502,0.000503497722093,0.000442706339527,0.000282842724118,0.000168666112586,0.000160664159921,0.000137020950206,0.000206545053516,0.000228545148275,0.000198207126232,0.00017962208949,0.000135089139803,0.000125680642668,0.000141208467539,0.00010205853323,0.000129891661345,0.0000878653445398,0.000114593996841],"mean":[0.00115256523713,0.00243281084113,0.00139373796992,0.000757479167078,0.000832091551274,0.000485969969304,0.000340683880495,0.000225414696615,0.000156820417033,0.000118481264508,0.0000895109042176,0.0000932097536861,0.0000638299752609,0.0000747892700019,0.0000479254558741,0.0000706584105501,0.0000437170347141,0.0000402532714361,0.0000370373600163,0.0000470522718388,0.000040390612412,0.0000526192343386,0.0000392607689719,0.0000267522500508,0.0000161946591106,0.0000128960236907,0.00000917976467463,0.00000645091677143,0.00000481226288684,0.00000372980684915,0.00000278756147054,0.00000250006860369,0.00000213343378164,0.00000156906321536,0.0000017282392264,0.00000157518377364,0.00000121009520626,0.000001098077405,9.31459112508e-7,7.82676011113e-7],"median":[0.000676315976307,0.00179753580596,0.000880644773133,0.000437660492025,0.000511154183187,0.000309135240968,0.00021693733288,0.000123600271763,0.0000697132927598,0.0000551791672478,0.0000425553298555,0.0000383055994462,0.0000319211394526,0.0000370114357793,0.0000251423552982,0.0000319926766679,0.0000246548006544,0.0000207173015951,0.0000205015385291,0.000025553674277,0.0000227125583478,0.000020463610781,0.0000186754423339,0.000014180927792,0.00000956133862928,0.00000670738972985,0.00000516925229022,0.00000350098139279,0.00000219875755647,0.00000128065153149,5.50146239675e-7,2.78916161278e-7,2.25673204568e-7,1.84204168363e-7,1.66687982528e-7,1.8125757606e-7,1.56062171186e-7,1.40259544423e-7,1.57276318191e-7,1.18273845828e-7],"min":[6.37275405269e-24,7.28036810643e-24,5.13846480949e-24,8.45514844396e-24,1.85919952988e-23,2.85517476136e-23,1.08559227578e-23,6.90022392481e-24,1.2137831984e-23,2.63507763843e-24,5.22776346953e-24,5.5065646628e-24,7.09768212028e-24,1.17212337511e-23,1.0009988555e-23,7.39125670616e-24,1.08340594778e-23,7.87349605499e-24,1.00980151768e-23,6.21614465262e-24,5.83567191044e-24,8.07347781649e-24,1.10729297154e-23,1.13682374287e-23,1.08297522973e-23,1.79370466877e-23,1.55155418981e-23,1.21184402052e-23,1.5119923421e-23,1.11678699142e-23,1.12979925205e-23,1.0056663877e-23,1.09989803164e-23,9.26742195198e-24,9.99637833778e-24,1.20118374868e-23,9.02328291245e-24,9.42743213142e-24,9.10922694149e-24,9.73288459594e-24],"var":[0.00000285009241452,0.00000986533268588,0.00000305055664285,8.36645313029e-7,8.89426928552e-7,3.22631137806e-7,1.60777190672e-7,1.01169504774e-7,1.11984249429e-7,4.04970386114e-8,3.10602032982e-8,5.80736418954e-8,1.47542609241e-8,1.40500144852e-8,6.84168277587e-9,1.4986111907e-8,3.95789578889e-9,4.25797574977e-9,3.12579162554e-9,8.77889760886e-9,3.70672159633e-9,1.59564432778e-8,4.14492484779e-9,1.69710934195e-9,5.40617550726e-10,3.40920874864e-10,1.5085149796e-10,8.31836544091e-11,5.6919011171e-11,5.58040870458e-11,4.82253403877e-11,5.69138867978e-11,4.49846791761e-11,3.08459091602e-11,3.57226505321e-11,2.80132826658e-11,1.87473404856e-11,2.47705328471e-11,1.58362715302e-11,1.57799381201e-11]},"melbands_crest":{"dmean":2.55403327942,"dmean2":4.11961364746,"dvar":6.2348742485,"dvar2":17.7001018524,"max":31.5550403595,"mean":15.0122318268,"median":14.3917131424,"min":2.79332542419,"var":24.4438438416},"melbands_flatness_db":{"dmean":0.020005768165,"dmean2":0.0314162485301,"dvar":0.000489650818054,"dvar2":0.00123699009418,"max":0.550673663616,"mean":0.234110504389,"median":0.212814122438,"min":0.0058768982999,"var":0.00809174403548},"melbands_kurtosis":{"dmean":5.56160068512,"dmean2":8.94556713104,"dvar":95.1523971558,"dvar2":250.682067871,"max":158.375823975,"mean":13.9226140976,"median":10.0633573532,"min":-1.79608225822,"var":205.638000488},"melbands_skewness":{"dmean":0.586659491062,"dmean2":0.926857948303,"dvar":0.537294924259,"dvar2":1.40066933632,"max":10.2063894272,"mean":2.92955422401,"median":2.83017659187,"min":-1.98105144501,"var":1.75580489635},"melbands_spread":{"dmean":4.76778841019,"dmean2":7.47666120529,"dvar":49.5668907166,"dvar2":110.892021179,"max":184.411483765,"mean":20.0799808502,"median":17.2195854187,"min":0.678206980228,"var":260.910064697},"mfcc":{"cov":[[11490.4511719,-1651.69274902,209.409057617,216.915420532,418.90914917,906.61114502,422.205047607,982.498474121,534.440429688,384.140411377,301.606079102,175.136627197,185.319610596],[-1651.69274902,1850.94311523,-564.797058105,131.6615448,-100.943733215,-424.454681396,-76.2035140991,-404.503417969,-198.599212646,-154.207672119,-154.742462158,-27.598859787,-55.6505088806],[209.409057617,-564.797058105,802.503967285,59.4484481812,118.79863739,342.353790283,65.6504745483,185.675888062,88.0739059448,80.6782302856,132.206756592,49.3239173889,61.2936248779],[216.915420532,131.6615448,59.4484481812,263.109161377,77.7402191162,103.088531494,77.4300918579,61.5659751892,61.497215271,43.3235244751,25.4680080414,39.7311325073,15.5365390778],[418.90914917,-100.943733215,118.79863739,77.7402191162,243.304794312,161.278457642,78.9689025879,122.392982483,92.6769638062,69.2973556519,63.3981666565,53.077457428,31.7303695679],[906.61114502,-424.454681396,342.353790283,103.088531494,161.278457642,448.826873779,204.039199829,284.156036377,156.633361816,125.014015198,143.886611938,65.6068496704,46.7776603699],[422.205047607,-76.2035140991,65.6504745483,77.4300918579,78.9689025879,204.039199829,222.3487854,161.576751709,99.0156784058,81.7719802856,71.7201919556,33.2921485901,16.7440338135],[982.498474121,-404.503417969,185.675888062,61.5659751892,122.392982483,284.156036377,161.576751709,312.180206299,163.929672241,114.736801147,106.651199341,59.9066963196,41.0911750793],[534.440429688,-198.599212646,88.0739059448,61.497215271,92.6769638062,156.633361816,99.0156784058,163.929672241,156.735168457,92.7976989746,61.4147987366,35.0945701599,24.3655376434],[384.140411377,-154.207672119,80.6782302856,43.3235244751,69.2973556519,125.014015198,81.7719802856,114.736801147,92.7976989746,119.816207886,67.725112915,23.7582435608,16.3273677826],[301.606079102,-154.742462158,132.206756592,25.4680080414,63.3981666565,143.886611938,71.7201919556,106.651199341,61.4147987366,67.725112915,109.504089355,45.1032409668,24.8458595276],[175.136627197,-27.598859787,49.3239173889,39.7311325073,53.077457428,65.6068496704,33.2921485901,59.9066963196,35.0945701599,23.7582435608,45.1032409668,80.658821106,36.9573554993],[185.319610596,-55.6505088806,61.2936248779,15.5365390778,31.7303695679,46.7776603699,16.7440338135,41.0911750793,24.3655376434,16.3273677826,24.8458595276,36.9573554993,83.9454116821]],"icov":[[0.000132189205033,0.0000664286417305,0.000154416076839,-0.000076038093539,-0.0000307773952954,-0.000140719115734,0.000134969712235,-0.000333094561938,0.0000286337162834,-0.0000504121053382,0.000022987362172,0.0000654067262076,-0.000154390771058],[0.0000664286417305,0.00117923226207,0.00050249270862,-0.000923036772292,-0.00027671753196,0.000471314880997,-0.000909718335606,0.00119392003398,0.000298532017041,0.00039572204696,-0.000152865235577,-0.000446869758889,-0.0000436014270235],[0.000154416076839,0.00050249270862,0.00253642140888,-0.000554442405701,-0.00015285005793,-0.00209648697637,0.00125370977912,0.000199852933292,0.000450480729342,0.000242321941187,-0.00123911921401,0.000551663339138,-0.000933035218623],[-0.000076038093539,-0.000923036772292,-0.000554442405701,0.0056247683242,-0.000436290312791,-0.00112055032514,-0.000507468357682,0.000459363334812,-0.00142893777229,-0.000957275507972,0.00195477460511,-0.00191062723752,0.000448984617833],[-0.0000307773952954,-0.00027671753196,-0.00015285005793,-0.000436290312791,0.0063456739299,-0.0014178478159,0.000559754204005,0.0000368433866242,-0.00177511340007,-0.00091933371732,0.000184753429494,-0.00199465733021,-0.000143823184771],[-0.000140719115734,0.000471314880997,-0.00209648697637,-0.00112055032514,-0.0014178478159,0.0099798804149,-0.00432988116518,-0.00322501175106,0.000317437399644,0.000925779750105,-0.00360051030293,0.000800872745458,0.000219187961193],[0.000134969712235,-0.000909718335606,0.00125370977912,-0.000507468357682,0.000559754204005,-0.00432988116518,0.0107483202592,-0.00308745447546,-0.000572389981244,-0.00181561743375,-0.000725670775864,0.00101846118923,0.000131747394335],[-0.000333094561938,0.00119392003398,0.000199852933292,0.000459363334812,0.0000368433866242,-0.00322501175106,-0.00308745447546,0.0143116079271,-0.00666415365413,0.000124176396639,-0.000652519171126,-0.00274570146576,0.00000147927937633],[0.0000286337162834,0.000298532017041,0.000450480729342,-0.00142893777229,-0.00177511340007,0.000317437399644,-0.000572389981244,-0.00666415365413,0.0189641788602,-0.00769945327193,0.00196745060384,-0.000278419232927,-0.000526052550413],[-0.0000504121053382,0.00039572204696,0.000242321941187,-0.000957275507972,-0.00091933371732,0.000925779750105,-0.00181561743375,0.000124176396639,-0.00769945327193,0.0199095122516,-0.00829849299043,0.00325209181756,-0.00010633689817],[0.000022987362172,-0.000152865235577,-0.00123911921401,0.00195477460511,0.000184753429494,-0.00360051030293,-0.000725670775864,-0.000652519171126,0.00196745060384,-0.00829849299043,0.0228990130126,-0.00824799016118,0.00068818568252],[0.0000654067262076,-0.000446869758889,0.000551663339138,-0.00191062723752,-0.00199465733021,0.000800872745458,0.00101846118923,-0.00274570146576,-0.000278419232927,0.00325209181756,-0.00824799016118,0.0218685530126,-0.0067795147188],[-0.000154390771058,-0.0000436014270235,-0.000933035218623,0.000448984617833,-0.000143823184771,0.000219187961193,0.000131747394335,0.00000147927937633,-0.000526052550413,-0.00010633689817,0.00068818568252,-0.0067795147188,0.015682220459]],"mean":[-657.694702148,143.817352295,-19.7798500061,27.5480365753,10.6498937607,-8.09061527252,-0.637441635132,-4.93875169754,-5.99119186401,-3.67563700676,-5.89619874954,1.21936821938,-3.24355530739]},"pitch_salience":{"dmean":0.0580762922764,"dmean2":0.0949541032314,"dvar":0.00334858102724,"dvar2":0.00933088175952,"max":0.813336014748,"mean":0.559337556362,"median":0.568202614784,"min":0.113536134362,"var":0.0112686734647},"silence_rate_20dB":{"dmean":0,"dmean2":0,"dvar":0,"dvar2":0,"max":1,"mean":1,"median":1,"min":1,"var":0},"silence_rate_30dB":{"dmean":0,"dmean2":0,"dvar":0,"dvar2":0,"max":1,"mean":1,"median":1,"min":1,"var":0},"silence_rate_60dB":{"dmean":0.00394406588748,"dmean2":0.0078888386488,"dvar":0.0039282203652,"dvar2":0.00925978831947,"max":1,"mean":0.0513578914106,"median":0,"min":0,"var":0.0487162582576},"spectral_centroid":{"dmean":172.441741943,"dmean2":271.664428711,"dvar":49220.7851562,"dvar2":114807.023438,"max":10988.8095703,"mean":1216.47399902,"median":1203.60864258,"min":180.337966919,"var":416966.46875},"spectral_complexity":{"dmean":2.98063826561,"dmean2":4.73706865311,"dvar":11.5417222977,"dvar2":25.1149291992,"max":62,"mean":23.0180149078,"median":24,"min":0,"var":136.935821533},"spectral_contrast_coeffs":{"dmean":[0.0406779833138,0.0390769690275,0.0297922547907,0.0238757804036,0.0190622135997,0.0198973510414],"dmean2":[0.0678742751479,0.0639156997204,0.0481619350612,0.0392765812576,0.0311716645956,0.0327589400113],"dvar":[0.00133793649729,0.00108580046799,0.000611253024545,0.000385117949918,0.000276686972938,0.000395101174945],"dvar2":[0.0037039492745,0.00288473023102,0.00155601359438,0.00100256490987,0.000671042478643,0.00105059030466],"max":[-0.253330141306,-0.407731354237,-0.490636885166,-0.499134242535,-0.534204959869,-0.587114691734],"mean":[-0.581687152386,-0.695475637913,-0.764622867107,-0.770168483257,-0.775964319706,-0.756314992905],"median":[-0.595736980438,-0.699821412563,-0.771074175835,-0.77551317215,-0.781938314438,-0.761575937271],"min":[-0.960746824741,-0.969369888306,-0.958836078644,-0.965422213078,-0.958548784256,-0.959062755108],"var":[0.0105613181368,0.00788880418986,0.00380830350332,0.00282765179873,0.00234202877618,0.00251683779061]},"spectral_contrast_valleys":{"dmean":[0.325653016567,0.293862640858,0.24377669394,0.20977665484,0.201597809792,0.311177462339],"dmean2":[0.547509670258,0.479456812143,0.39629483223,0.342105180025,0.318760514259,0.47460731864],"dvar":[0.0837793052197,0.0715161040425,0.0503408126533,0.0434362106025,0.0618638321757,0.164156034589],"dvar2":[0.217636674643,0.172488898039,0.117810599506,0.0940483883023,0.128792688251,0.357000619173],"max":[-5.07430124283,-4.83325958252,-5.49972391129,-5.72757434845,-5.54369974136,-7.15939664841],"mean":[-7.61567592621,-6.82392692566,-7.40868377686,-7.69475650787,-7.63059902191,-11.0597391129],"median":[-6.94431638718,-6.56472492218,-7.06118965149,-7.26873826981,-7.23778867722,-10.4846029282],"min":[-27.5119934082,-27.218662262,-27.2846050262,-27.1815109253,-27.2703132629,-27.2333297729],"var":[2.44131278992,1.35353934765,1.71244347095,1.78268742561,1.87028992176,3.75546741486]},"spectral_decrease":{"dmean":1.90862836646e-9,"dmean2":3.17910942016e-9,"dvar":9.63948392112e-18,"dvar2":2.66520802825e-17,"max":8.68808046746e-17,"mean":-7.2121473238e-9,"median":-6.97193458521e-9,"min":-3.45271438107e-8,"var":1.99237385861e-17},"spectral_energy":{"dmean":0.00746861798689,"dmean2":0.0124069722369,"dvar":0.000143713667057,"dvar2":0.000396539195208,"max":0.133174225688,"mean":0.0291001908481,"median":0.0283275861293,"min":1.11521701875e-20,"var":0.000316200021189},"spectral_energyband_high":{"dmean":0.000323199055856,"dmean2":0.000483760115458,"dvar":8.56293013385e-7,"dvar2":0.00000164894993304,"max":0.0261480007321,"mean":0.000679078395478,"median":0.000211841412238,"min":7.89058006851e-21,"var":0.00000250477455666},"spectral_energyband_low":{"dmean":0.00503615476191,"dmean2":0.00857927463949,"dvar":0.000131342792884,"dvar2":0.00036413417547,"max":0.121884867549,"mean":0.0111917043105,"median":0.010278198868,"min":5.10077429761e-23,"var":0.000179136986844},"spectral_energyband_middle_high":{"dmean":0.0012067911448,"dmean2":0.00182091526221,"dvar":0.0000036620829178,"dvar2":0.00000801294754638,"max":0.0376058891416,"mean":0.0057846782729,"median":0.00437419535592,"min":1.60801568479e-21,"var":0.0000323269123328},"spectral_energyband_middle_low":{"dmean":0.00397267285734,"dmean2":0.0064687053673,"dvar":0.000028167380151,"dvar2":0.000074927607784,"max":0.0693088695407,"mean":0.0130901765078,"median":0.0116952070966,"min":3.26898153107e-22,"var":0.0000684509650455},"spectral_entropy":{"dmean":0.118782639503,"dmean2":0.180107623339,"dvar":0.0203202664852,"dvar2":0.0439617484808,"max":9.8030872345,"mean":7.32011795044,"median":7.47193193436,"min":4.92433977127,"var":0.41870072484},"spectral_flux":{"dmean":0.0187136698514,"dmean2":0.0292984973639,"dvar":0.000654504401609,"dvar2":0.00130554300267,"max":0.271062493324,"mean":0.0687232837081,"median":0.0622782185674,"min":1.05603838174e-10,"var":0.00208426453173},"spectral_kurtosis":{"dmean":2.8601629734,"dmean2":4.90351057053,"dvar":14.7292842865,"dvar2":44.7675170898,"max":70.7085113525,"mean":7.61872243881,"median":5.98300266266,"min":-1.19179999828,"var":37.9332923889},"spectral_rms":{"dmean":0.000605357636232,"dmean2":0.000986600993201,"dvar":6.57617079014e-7,"dvar2":0.00000180679785444,"max":0.0113985119388,"mean":0.00502250343561,"median":0.00525705888867,"min":3.29850968588e-12,"var":0.00000316487307828},"spectral_rolloff":{"dmean":333.104125977,"dmean2":551.192810059,"dvar":439324.6875,"dvar2":966684.625,"max":20994.8730469,"mean":1353.28991699,"median":947.4609375,"min":86.1328125,"var":2812683.5},"spectral_skewness":{"dmean":0.285464584827,"dmean2":0.476623117924,"dvar":0.100305818021,"dvar2":0.289197564125,"max":6.46289873123,"mean":1.77408206463,"median":1.66145265102,"min":0.018468586728,"var":0.394598692656},"spectral_spread":{"dmean":402133.71875,"dmean2":582458.75,"dvar":402240634880,"dvar2":701492625408,"max":40671660,"mean":3627201.25,"median":3285523.5,"min":1174518.25,"var":2937374900220},"spectral_strongpeak":{"dmean":0.33644887805,"dmean2":0.580288350582,"dvar":0.687578678131,"dvar2":1.72556555271,"max":15.9061775208,"mean":0.807382881641,"median":0.507206082344,"min":0,"var":1.41890978813},"zerocrossingrate":{"dmean":0.00695923343301,"dmean2":0.00827329233289,"dvar":0.000108916974568,"dvar2":0.000113458219857,"max":0.6943359375,"mean":0.0501924864948,"median":0.04443359375,"min":0.00634765625,"var":0.00162203120999}},"metadata":{"audio_properties":{"analysis_sample_rate":44100,"bit_rate":0,"codec":"flac","downmix":"mix","equal_loudness":0,"length":259.040008545,"lossless":true,"md5_encoded":"70d3cc13c0d5297db101ef0942bb16c6","replay_gain":-13.5466766357,"sample_rate":44100},"tags":{"acoustid_id":["bfa35281-ba9a-495e-b3f6-e0e42924d94a"],"album":["Oceania"],"album artist":["The Smashing Pumpkins"],"albumartist":["The Smashing Pumpkins"],"albumartistsort":["Smashing Pumpkins, The"],"artist":["The Smashing Pumpkins"],"artistsort":["Smashing Pumpkins, The"],"asin":["B007P6VLRS"],"barcode":["818610010001"],"catalognumber":["MM 001"],"composer":["Billy Corgan"],"date":["2012-06-18"],"disc":["1"],"discnumber":["1"],"disctotal":["1"],"ensemble":["The Smashing Pumpkins"],"file_name":"04. The Smashing Pumpkins - Violet Rays.flac","genre":["Alternative Rock"],"isrc":["QMQJZ1200004"],"label":["Martha’s Music"],"language":["eng"],"lyricist":["Billy Corgan"],"media":["CD"],"musicbrainz_albumartistid":["ba0d6274-db14-4ef5-b28d-657ebde1a396"],"musicbrainz_albumid":["83675dbd-ec66-4d0a-93a8-cd386c8236c1"],"musicbrainz_artistid":["ba0d6274-db14-4ef5-b28d-657ebde1a396"],"musicbrainz_recordingid":["615abf00-3982-4694-b020-21734e488760"],"musicbrainz_workid":["b98f9111-2d79-4698-9304-752471846c91"],"originaldate":["2012-06-18"],"releasecountry":["US"],"releasestatus":["official"],"releasetype":["album"],"replaygain_album_gain":["-8.020000 dB"],"replaygain_track_gain":["-8.350000 dB"],"replaygain_track_peak":["1.000000"],"script":["Latn"],"title":["Violet Rays"],"totaldiscs":["1"],"totaltracks":["13"],"tracknumber":["4"],"tracktotal":["13"],"year":["2012"]},"version":{"essentia":"2.1-beta1","essentia_build_sha":"ca57ba49d9b1854bd80e60cf9ccf267278fb7d6b","essentia_git_sha":"v2.1_beta1-28-g21ef5f4-dirty","extractor":"music 1.0"}},"rhythm":{"beats_count":527,"beats_loudness":{"dmean":0.010164193809,"dmean2":0.0176294371486,"dvar":0.000110041604785,"dvar2":0.000310912291752,"max":0.0981639027596,"mean":0.03139161