{"lowlevel":{"average_loudness":0.919222950935,"barkbands":{"dmean":[3.04335060264e-7,0.0000768350655562,0.000257263600361,0.000248554337304,0.000312118325382,0.000319943210343,0.000398659467464,0.000273637560895,0.000397971947677,0.000292800221359,0.000309441675199,0.000395207869587,0.000304250715999,0.000679960125126,0.000686375831719,0.000575463054702,0.000821893394459,0.000385091960197,0.000406631676015,0.000453692977317,0.000309437891701,0.000101526587969,0.000018277010895,0.0000076118344623,0.00000939215169637,0.00000304239756588,8.97488519058e-7],"dmean2":[4.67351554789e-7,0.000115511749755,0.000397772964789,0.000393540190998,0.000499040645082,0.000500007008668,0.000606558111031,0.000420883647166,0.000609809532762,0.000455519242678,0.000487271463498,0.000589757983107,0.000477030669572,0.00103312323336,0.00107508467045,0.000896160549019,0.00130965618882,0.00060998526169,0.000640668265987,0.000718053255696,0.000491666898597,0.000167492922628,0.0000296933121717,0.0000124191556097,0.0000150674959514,0.00000480989001517,0.00000154753445258],"dvar":[4.01980705667e-12,1.51275671101e-7,8.94319839517e-7,6.9981803108e-7,9.22947720028e-7,5.40814880878e-7,7.11921416041e-7,3.38495169672e-7,8.98709402009e-7,4.64403939304e-7,4.41149040853e-7,6.45238515062e-7,3.0162206599e-7,0.00000172726595338,0.00000157635940923,0.00000103615593616,0.00000206077424991,3.30850042474e-7,3.31831330413e-7,3.59926787041e-7,1.55656920242e-7,2.62483368374e-8,5.49306600206e-9,1.06565878344e-9,2.2076995787e-9,4.15801587605e-10,3.35036443033e-11],"dvar2":[8.60146589371e-12,3.55689309117e-7,0.00000226062184083,0.00000183134091003,0.00000228181716011,0.00000126610166262,0.00000166909558175,7.22292725186e-7,0.00000167403936757,9.63872480497e-7,9.48440856519e-7,0.00000121311427392,6.33220167856e-7,0.0000034614542983,0.00000347873174178,0.00000211534165828,0.00000439623090642,7.56702718263e-7,7.2802691875e-7,8.06209186521e-7,3.62813182164e-7,6.96399311551e-8,1.46292054026e-8,2.87808865629e-9,6.06960703919e-9,1.04711384008e-9,9.71041719255e-11],"max":[0.0000817416294012,0.00986293144524,0.0250938311219,0.0217520482838,0.0330945923924,0.0208135582507,0.0239393152297,0.0129243051633,0.0241149328649,0.0135056897998,0.00913626328111,0.0170774497092,0.0111774681136,0.0216484554112,0.020378222689,0.018318073824,0.0237215422094,0.00755768734962,0.0117367487401,0.00950532220304,0.00513688614592,0.00545027153566,0.00299142743461,0.00123038876336,0.00170163472649,0.000961369893048,0.00025231204927],"mean":[9.74394083642e-7,0.000173921085661,0.000581818574574,0.000637900026049,0.000644948333502,0.0007229236071,0.000963514088653,0.000586673908401,0.000748286896851,0.000492618302815,0.000509866629727,0.000695094815455,0.000539562664926,0.00122758571524,0.00128776940983,0.0010701615829,0.00161980453413,0.000766247627325,0.000933108502068,0.00116038229316,0.000888301350642,0.000255555380136,0.0000598112310399,0.0000311809162667,0.0000391982357542,0.0000109061511466,0.0000021879770884],"median":[5.8974912065e-8,0.00000531814066562,0.0000157439299073,0.0000254999213212,0.0000974956565187,0.000174488726771,0.000209507008549,0.000122158322483,0.000214646861423,0.000170277693542,0.000170950195752,0.000277249026112,0.000252973928582,0.000490862934384,0.000520039408002,0.000519720837474,0.000935322546866,0.000552012585104,0.00074814906111,0.000982236349955,0.000801434507594,0.000188367557712,0.0000198318739422,0.00000511983853357,0.00000119034370982,1.28856441961e-7,0.00000125442977605],"min":[4.87861678832e-24,3.15229953686e-23,1.88300750977e-23,1.55935996847e-23,5.05067311044e-23,7.06253852472e-23,7.11824851294e-23,1.34574195736e-23,5.02880115298e-23,1.58638413427e-22,9.69230669538e-23,7.5016279709e-23,1.04199797623e-22,2.39840018965e-22,1.11416328738e-22,1.65544896963e-22,9.7187562549e-23,1.62247079726e-22,2.59367519678e-22,2.20482912208e-22,3.49090110414e-22,4.60495546561e-22,4.98608206304e-22,7.01122104025e-22,1.21271745994e-21,1.78482715631e-21,2.57212154786e-21],"var":[2.81168768823e-11,4.07792128954e-7,0.00000331105547957,0.00000388501348425,0.00000187645002825,0.0000020271743324,0.00000387655381928,0.00000141642749441,0.0000023575553314,9.52191044234e-7,9.03197474145e-7,0.00000153655082613,7.11773338935e-7,0.00000406392246077,0.00000423643086833,0.00000257793203673,0.00000526310259374,7.18808280453e-7,9.05024535314e-7,0.00000106460083771,5.15155306857e-7,8.80347243992e-8,2.58747263615e-8,1.03092823167e-8,2.40432438403e-8,2.20416085384e-9,2.84852974541e-11]},"barkbands_crest":{"dmean":1.90805351734,"dmean2":3.07510232925,"dvar":3.73736023903,"dvar2":8.95142841339,"max":24.8997612,"mean":8.49190044403,"median":7.44786643982,"min":2.0018529892,"var":18.2753696442},"barkbands_flatness_db":{"dmean":0.0159652754664,"dmean2":0.0258629843593,"dvar":0.000275826954748,"dvar2":0.000677280942909,"max":0.368816375732,"mean":0.16095238924,"median":0.156680703163,"min":0.0223085712641,"var":0.00321567920037},"barkbands_kurtosis":{"dmean":1.12433433533,"dmean2":1.72815728188,"dvar":7.37542629242,"dvar2":16.4058818817,"max":101.961219788,"mean":2.97369408607,"median":-0.271831870079,"min":-1.86556446552,"var":154.301742554},"barkbands_skewness":{"dmean":0.302361935377,"dmean2":0.463032901287,"dvar":0.119026727974,"dvar2":0.274122565985,"max":8.80978298187,"mean":0.420757591724,"median":0.065415173769,"min":-7.08614635468,"var":2.56805443764},"barkbands_spread":{"dmean":2.96583008766,"dmean2":4.60371303558,"dvar":14.728146553,"dvar2":35.5089759827,"max":80.0467376709,"mean":19.7749538422,"median":18.7801361084,"min":0.818046331406,"var":124.383300781},"dissonance":{"dmean":0.00838931649923,"dmean2":0.0142116062343,"dvar":0.0000910383532755,"dvar2":0.00024894438684,"max":0.500000178814,"mean":0.483784258366,"median":0.488191694021,"min":0.369775533676,"var":0.000221930444241},"dynamic_complexity":3.31599712372,"erbbands":{"dmean":[0.000906179950107,0.0232622288167,0.219976201653,0.641134917736,0.865484952927,1.02524697781,2.13042116165,2.71613430977,4.52730035782,6.96098661423,4.9297246933,9.30162143707,8.5436296463,10.4628648758,10.5381507874,15.8835020065,12.8581809998,22.2650127411,34.2491569519,31.8843173981,32.7236595154,42.7101020813,20.4046154022,20.4640617371,21.4211483002,20.3800525665,12.6893997192,12.7177019119,3.89331793785,0.839644670486,0.544728636742,0.177553191781,0.129341438413,0.0823410823941,0.0981557741761,0.0176622122526,0.00592265324667,0.000969555811025,0.0000982669371297,0.0000114133272291],"dmean2":[0.00135926145595,0.0354163274169,0.337570399046,0.995217204094,1.4222266674,1.61572575569,3.30999851227,4.34571838379,7.01757764816,10.5343017578,7.59183835983,14.1940078735,13.1120500565,16.4446182251,16.7346782684,23.9882049561,19.9007492065,33.9939880371,52.1869621277,50.8172683716,50.2986221313,68.085067749,32.6767120361,32.2961463928,34.1432991028,32.5504417419,20.3353824615,20.1823997498,6.31127166748,1.37336611748,0.89381301403,0.285032004118,0.214271381497,0.130507066846,0.164297476411,0.0281329993159,0.00957986526191,0.001670073485,0.00017427802959,0.0000188246776816],"dvar":[0.0000304561654048,0.0125967105851,0.72748696804,4.30732965469,15.4421339035,9.20015907288,21.1707229614,47.0888595581,105.286117554,271.664642334,84.0765991211,647.304504395,379.987030029,614.40637207,614.817504883,1029.4699707,511.115966797,1543.68249512,3834.74267578,3193.40942383,3478.3894043,6029.09082031,970.828125,1074.74499512,816.868041992,760.678894043,271.000579834,293.284973145,33.8225708008,6.93699836731,5.62756681442,0.487245023251,0.385213375092,0.155063122511,0.252493530512,0.0108074806631,0.00146938522812,0.0000656603951938,0.00000109986888219,1.84757975585e-9],"dvar2":[0.0000728029481252,0.0298865698278,1.88654232025,10.7230911255,43.8501815796,21.4097499847,47.5795211792,113.893440247,268.570831299,578.038635254,177.293167114,1185.73400879,735.37677002,1314.40905762,1326.64306641,1966.12353516,1043.3494873,3139.09570312,7549.59814453,7391.44335938,7215.77587891,13059.1738281,2338.40478516,2386.76342773,1863.79846191,1754.63586426,615.211853027,700.547058105,88.6281967163,18.7358436584,15.2057647705,1.28094780445,1.02529847622,0.402981370687,0.732778608799,0.0268810410053,0.00380401685834,0.000177629175596,0.00000317144622386,5.27104315751e-9],"max":[0.203639000654,2.77880764008,23.9777450562,57.2785339355,113.57447052,98.9031982422,85.7035140991,177.907165527,247.454238892,399.964569092,156.178863525,720.318847656,446.577636719,514.962890625,428.967193604,607.213562012,386.925964355,565.821533203,982.934082031,870.512390137,1120.15136719,1340.28295898,392.456390381,840.799987793,446.149475098,543.542114258,272.916259766,255.509307861,204.157623291,80.1499557495,105.477607727,26.2942123413,23.3381462097,17.7687416077,14.9180011749,4.74758577347,1.59682691097,0.358932197094,0.0473855547607,0.00199928064831],"mean":[0.00246080453508,0.0562778748572,0.528086364269,1.70175659657,1.81152665615,2.18403124809,4.61277580261,5.52251386642,10.2315759659,17.3799724579,11.6610136032,16.643781662,16.3726577759,19.0350170135,19.0455970764,28.9110889435,26.8849372864,46.6038246155,70.3105239868,64.5044403076,72.0801239014,87.8389053345,45.1042366028,47.5799026489,53.0119972229,52.0022850037,35.2115402222,33.518447876,11.4859542847,2.98730587959,1.70152497292,0.697074234486,0.534945070744,0.371154606342,0.31031242013,0.0749491155148,0.0183702930808,0.00202587316744,0.000185836615856,0.000060272977862],"median":[0.000120842290926,0.00171370012686,0.0162230022252,0.0832628756762,0.126054257154,0.348393619061,0.987860798836,1.47325563431,2.81047868729,3.67883682251,3.77998447418,4.92245483398,6.10540819168,6.92838573456,8.24186706543,12.6662540436,14.6490478516,23.6864814758,36.869594574,33.8422584534,40.2811126709,52.853263855,34.7605743408,36.2809524536,45.8796539307,44.4645690918,31.4906578064,29.4344329834,9.38012123108,1.69071912766,0.496191799641,0.149028971791,0.0656641945243,0.0210573319346,0.00567612424493,0.000572056684177,0.000351428403519,0.000116002178402,0.0000575558624405,0.0000536051229574],"min":[1.42172223141e-21,5.81032947618e-21,1.88083729915e-20,3.31702850678e-20,7.92110868767e-20,1.46018354899e-19,4.73575066155e-19,6.91817468392e-19,5.50807213889e-19,1.12983183322e-18,3.94682120696e-19,1.0738337737e-18,2.98629199693e-18,5.07286915417e-18,3.61314931746e-18,2.91406051789e-18,5.02418130331e-18,1.10622254757e-17,7.87743536079e-18,5.94404212683e-18,9.30825267971e-18,5.68986648179e-18,9.22074358835e-18,1.14798350526e-17,1.25365020369e-17,1.19903610005e-17,1.05173525072e-17,1.55432597229e-17,1.86946458032e-17,1.43747364131e-17,1.40827631636e-17,1.14335733225e-17,1.33009062584e-17,1.38255042028e-17,8.99005863194e-18,5.74777863725e-18,3.62446514824e-18,1.450303833e-18,3.63858398392e-19,3.53106019781e-20],"var":[0.0000899256046978,0.0374096482992,2.68241763115,23.3381347656,22.4580688477,21.319393158,78.2196273804,117.487098694,356.544586182,1188.32043457,346.009857178,1570.3079834,903.218139648,1373.00732422,1197.66601562,2442.78759766,1331.89819336,4132.16894531,9968.18066406,7871.98828125,10379.8701172,15166.1660156,2067.10058594,2840.56518555,2181.640625,2116.31176758,849.581848145,821.11328125,131.852493286,31.938741684,24.9326190948,4.5474281311,3.43930387497,2.01816940308,1.65152060986,0.0951294749975,0.00655824318528,0.000102879886981,8.71487998211e-7,2.61549404357e-9]},"erbbands_crest":{"dmean":2.00422286987,"dmean2":3.26060318947,"dvar":4.33684873581,"dvar2":10.5699939728,"max":26.7828121185,"mean":8.47420501709,"median":7.45597600937,"min":2.50040769577,"var":16.3397598267},"erbbands_flatness_db":{"dmean":0.0129272006452,"dmean2":0.0205124933273,"dvar":0.000179429538548,"dvar2":0.000420331431087,"max":0.420576840639,"mean":0.243645325303,"median":0.244643628597,"min":0.0419239588082,"var":0.00364302075468},"erbbands_kurtosis":{"dmean":0.522685170174,"dmean2":0.81454128027,"dvar":0.442260921001,"dvar2":1.04086065292,"max":14.75963974,"mean":0.0655507296324,"median":-0.412692546844,"min":-1.89267957211,"var":3.07622408867},"erbbands_skewness":{"dmean":0.235406473279,"dmean2":0.363592982292,"dvar":0.0522767305374,"dvar2":0.12363576144,"max":3.46008825302,"mean":-0.0472467839718,"median":-0.100154832006,"min":-3.06105232239,"var":0.470414966345},"erbbands_spread":{"dmean":3.66506004333,"dmean2":5.63073062897,"dvar":17.6309928894,"dvar2":41.2346496582,"max":116.94745636,"mean":28.2567577362,"median":25.4829406738,"min":2.86855983734,"var":266.270996094},"gfcc":{"cov":[[13216.5263672,-49.6829566956,-1553.63623047,30.6567173004,-975.290344238,-95.6303253174,-702.954101562,-53.2276268005,-104.126213074,-121.071098328,-112.053756714,-32.084777832,108.982299805],[-49.6829566956,2510.34912109,1171.30871582,183.419052124,-70.4292984009,-417.03125,98.6177978516,-203.160888672,-162.277084351,-242.012420654,-120.367797852,-96.7565689087,-86.3936920166],[-1553.63623047,1171.30871582,2211.82470703,404.733001709,266.457427979,204.026382446,-37.7436408997,239.600448608,-275.821777344,-4.57099628448,-257.6875,6.35734558105,-232.395431519],[30.6567173004,183.419052124,404.733001709,375.591125488,213.421920776,92.5122909546,-42.0053596497,15.357626915,-46.7898788452,-44.2406425476,-95.849609375,-67.4074630737,-62.5273895264],[-975.290344238,-70.4292984009,266.457427979,213.421920776,349.314788818,195.812133789,65.0338668823,39.7459907532,-7.01346254349,13.2784938812,-31.5336475372,-44.7934303284,-49.9034347534],[-95.6303253174,-417.03125,204.026382446,92.5122909546,195.812133789,389.576049805,47.9789428711,158.684631348,-67.6043167114,51.404296875,-43.2843894958,3.79970407486,-54.9458732605],[-702.954101562,98.6177978516,-37.7436408997,-42.0053596497,65.0338668823,47.9789428711,224.490921021,55.6458320618,26.8762149811,-27.7567234039,13.5596570969,-21.675195694,-10.7366313934],[-53.2276268005,-203.160888672,239.600448608,15.357626915,39.7459907532,158.684631348,55.6458320618,253.299423218,33.1143455505,66.1864395142,-51.6557731628,4.8715262413,-53.7387657166],[-104.126213074,-162.277084351,-275.821777344,-46.7898788452,-7.01346254349,-67.6043167114,26.8762149811,33.1143455505,169.093338013,67.8605117798,52.1751785278,-17.2462291718,17.6066188812],[-121.071098328,-242.012420654,-4.57099628448,-44.2406425476,13.2784938812,51.404296875,-27.7567234039,66.1864395142,67.8605117798,145.547683716,59.2128715515,32.6938209534,-14.4403362274],[-112.053756714,-120.367797852,-257.6875,-95.849609375,-31.5336475372,-43.2843894958,13.5596570969,-51.6557731628,52.1751785278,59.2128715515,130.372390747,56.5672492981,43.621421814],[-32.084777832,-96.7565689087,6.35734558105,-67.4074630737,-44.7934303284,3.79970407486,-21.675195694,4.8715262413,-17.2462291718,32.6938209534,56.5672492981,117.571456909,61.5909347534],[108.982299805,-86.3936920166,-232.395431519,-62.5273895264,-49.9034347534,-54.9458732605,-10.7366313934,-53.7387657166,17.6066188812,-14.4403362274,43.621421814,61.5909347534,118.728118896]],"icov":[[0.000283830187982,-0.000519979279488,0.000792188860942,-0.000667573069222,0.000873521377798,-0.000818511063699,0.0011108671315,-0.000770417682361,0.000383346981835,-0.000266603863565,0.000403120619012,-0.000379797711503,0.0002598859719],[-0.000519979279488,0.00250528682955,-0.00288573792204,0.0009070339147,-0.000540576409549,0.00258716731332,-0.00345105561428,0.00274427700788,-0.00106755679008,0.00183883239515,-0.00211298372597,0.00248084496707,-0.00109903374687],[0.000792188860942,-0.00288573792204,0.00508340913802,-0.00237396196462,0.000323200889397,-0.00148958654609,0.0038893611636,-0.00449653482065,0.00417971750721,-0.00384869473055,0.00489324564114,-0.00519592314959,0.00344557198696],[-0.000667573069222,0.0009070339147,-0.00237396196462,0.00831311568618,-0.00609555048868,0.00157075747848,0.000727961305529,0.00120642664842,-0.00206120894291,0.00358327431604,-0.000537219399121,0.00240660971031,-0.000528735981788],[0.000873521377798,-0.000540576409549,0.000323200889397,-0.00609555048868,0.0123029071838,-0.00693548191339,-0.000345806445694,0.00249201059341,-0.00314906961285,-0.000518170068972,-0.000783198338468,0.00150586408563,-0.000804060837254],[-0.000818511063699,0.00258716731332,-0.00148958654609,0.00157075747848,-0.00693548191339,0.0122719192877,-0.00469337264076,-0.00273407390341,0.00734715163708,-0.00290757650509,-0.000392313319026,0.00135710614268,-0.000355319847586],[0.0011108671315,-0.00345105561428,0.0038893611636,0.000727961305529,-0.000345806445694,-0.00469337264076,0.0141490614042,-0.00795717537403,0.000163700780831,0.00485574547201,-0.00304202223197,-0.0000348656540154,0.00152803061064],[-0.000770417682361,0.00274427700788,-0.00449653482065,0.00120642664842,0.00249201059341,-0.00273407390341,-0.00795717537403,0.0164863876998,-0.00963992811739,-0.00128961983137,0.00611693970859,-0.00298505253159,0.00163647800218],[0.000383346981835,-0.00106755679008,0.00417971750721,-0.00206120894291,-0.00314906961285,0.00734715163708,0.000163700780831,-0.00963992811739,0.0215883571655,-0.0110307503492,-0.000855734280776,0.00513012381271,-0.00319472327828],[-0.000266603863565,0.00183883239515,-0.00384869473055,0.00358327431604,-0.000518170068972,-0.00290757650509,0.00485574547201,-0.00128961983137,-0.0110307503492,0.0240358188748,-0.013687511906,0.00114315736573,0.0032235532999],[0.000403120619012,-0.00211298372597,0.00489324564114,-0.000537219399121,-0.000783198338468,-0.000392313319026,-0.00304202223197,0.00611693970859,-0.000855734280776,-0.013687511906,0.0297624580562,-0.0169107690454,0.00567005202174],[-0.000379797711503,0.00248084496707,-0.00519592314959,0.00240660971031,0.00150586408563,0.00135710614268,-0.0000348656540154,-0.00298505253159,0.00513012381271,0.00114315736573,-0.0169107690454,0.0301788393408,-0.0169064346701],[0.0002598859719,-0.00109903374687,0.00344557198696,-0.000528735981788,-0.000804060837254,-0.000355319847586,0.00152803061064,0.00163647800218,-0.00319472327828,0.0032235532999,0.00567005202174,-0.0169064346701,0.0217795614153]],"mean":[-57.830329895,59.9422225952,-200.815414429,35.2117576599,-60.6582717896,-19.1123180389,-21.3798732758,-14.0101928711,-15.0094738007,-1.69530689716,-14.0403642654,-10.619934082,-4.15156364441]},"hfc":{"dmean":4.7962269783,"dmean2":7.54802083969,"dvar":34.4175453186,"dvar2":79.8622817993,"max":120.25038147,"mean":32.0448799133,"median":34.0023231506,"min":1.15634793907e-16,"var":372.807067871},"melbands":{"dmean":[0.0000143427350849,0.000084411498392,0.000110946544737,0.0000651281807222,0.0000674453403917,0.0000610864517512,0.0000726015641703,0.0000739039314794,0.0000415484755649,0.0000620909850113,0.0000434471730841,0.0000433024761151,0.0000353491159331,0.0000316257282975,0.0000532238882442,0.0000316505138471,0.0000498645094922,0.0000643173334538,0.0000603462212894,0.0000401759061788,0.0000467653444503,0.0000552510828129,0.0000234101316892,0.0000178635054908,0.0000192157622223,0.0000168328733707,0.0000203707295441,0.0000151627591549,0.00000883630127646,0.00000974525028141,0.00000790708782006,0.00000315179431709,0.00000100415843463,4.58733069308e-7,4.21481729518e-7,1.52086300886e-7,1.34630312232e-7,1.11619520737e-7,1.14307475485e-7,7.50914281866e-8],"dmean2":[0.0000211984988709,0.00012950861128,0.000175020541064,0.000104608887341,0.000104646300315,0.0000964818245848,0.000110677799967,0.000112140623969,0.0000637562479824,0.0000940172758419,0.0000666972118779,0.0000678583237459,0.0000560117696295,0.0000481287352159,0.0000808286204119,0.0000482299146825,0.0000763990974519,0.0000979561227723,0.0000948406959651,0.0000630966897006,0.0000726949583623,0.0000880860388861,0.0000375816962332,0.0000280922122329,0.0000303839806293,0.000026651792723,0.000032363946957,0.0000245136088779,0.0000143055012813,0.000015573012206,0.000012675567632,0.00000511328471475,0.00000164543450865,7.51696063617e-7,6.85872805661e-7,2.4752949912e-7,2.20593108224e-7,1.84440580142e-7,1.89757443536e-7,1.23600372604e-7],"dvar":[5.8804827674e-9,1.06279209433e-7,1.38998075272e-7,5.5537931587e-8,2.13125819215e-8,2.16607070058e-8,2.50005722791e-8,2.88177517405e-8,6.07126793284e-9,2.95956290586e-8,9.87244419548e-9,1.0626822089e-8,5.84145309901e-9,3.50272943983e-9,1.60557043216e-8,3.85358100985e-9,8.42803427048e-9,1.66292526416e-8,1.51610173305e-8,5.3973541192e-9,8.1356343884e-9,1.01951602716e-8,1.48407042211e-9,7.77052644452e-10,1.02159347648e-9,6.37561170524e-10,8.98046470521e-10,4.6515005736e-10,1.48635104225e-10,1.78976375387e-10,1.1534959099e-10,2.2436325367e-11,7.15359542436e-12,2.17907246067e-12,3.0257862188e-12,3.81421782179e-13,2.74832375824e-13,2.59548296484e-13,3.23603557145e-13,1.20183309377e-13],"dvar2":[1.37210065532e-8,2.7108896461e-7,3.7184673829e-7,1.43123017438e-7,4.91544369652e-8,5.1757616859e-8,6.17477979858e-8,6.06712191598e-8,1.25934205286e-8,5.36448929722e-8,1.91243163528e-8,2.28116334711e-8,1.31364812361e-8,6.95790269845e-9,3.10093923872e-8,7.48580131216e-9,1.70130078914e-8,3.19358655076e-8,3.3570621838e-8,1.14749347802e-8,1.65756635084e-8,2.18417355313e-8,3.58497942443e-9,1.67700076048e-9,2.22724216847e-9,1.39346234551e-9,2.00634131531e-9,1.07396536109e-9,3.46884437841e-10,4.07381711698e-10,2.74073180817e-10,5.67440539001e-11,2.10734641543e-11,5.84951791865e-12,8.18619737969e-12,1.01170591002e-12,7.67644411578e-13,6.95886761843e-13,8.85764551983e-13,3.25376851113e-13],"max":[0.00236848462373,0.00918769650161,0.00951030664146,0.00840760022402,0.00265261973254,0.00400648033246,0.00372612918727,0.00394968036562,0.00126188399736,0.0048015890643,0.00226444588043,0.002269749064,0.00126578647178,0.000974511087406,0.00268006674014,0.00147110479884,0.00131349370349,0.00197206507437,0.00229554832913,0.00107955746353,0.00183611374814,0.00178443954792,0.000588911643717,0.000541810062714,0.000837402592879,0.000542940164451,0.000547156261746,0.000444849254563,0.000213256105781,0.000244868366281,0.000175066539668,0.000158448281582,0.000101410470961,0.0000355729061994,0.0000728311861167,0.0000245261708187,0.0000155491143232,0.000017306956579,0.0000192366096599,0.0000138214099934],"mean":[0.0000341943050444,0.000206998331123,0.000291517470032,0.000140088333865,0.000146825201227,0.000131257431349,0.000173295673449,0.00018322491087,0.0000926103457459,0.000109024578705,0.0000795669839135,0.0000743329728721,0.0000616833931417,0.0000591293719481,0.0000859574065544,0.000056655939261,0.0000920270977076,0.000113952657557,0.000107529456727,0.0000720215539332,0.0000868751230882,0.000105143160908,0.0000449120416306,0.0000354517687811,0.0000386906758649,0.0000361927704944,0.0000421740223828,0.0000330722905346,0.0000207270386454,0.0000224216073548,0.0000180493661901,0.00000738090693631,0.00000247316165769,0.00000124950793179,0.0000011210190678,4.77620687889e-7,4.18060608354e-7,3.95261110953e-7,3.43198109931e-7,2.93323125788e-7],"median":[0.00000122952314996,0.00000601574811299,0.0000157879767357,0.0000141736200021,0.0000364124643966,0.0000347582172253,0.0000438401766587,0.0000382534708478,0.0000268012227025,0.0000306945221382,0.0000276356222457,0.0000244082857535,0.0000234164399444,0.0000270045893558,0.0000313174168696,0.0000230116202147,0.0000388667103834,0.000048562840675,0.0000394693815906,0.0000346086526406,0.0000412746267102,0.0000564905494684,0.0000325020482705,0.0000252917398029,0.0000268988515018,0.0000284041852865,0.0000322183113894,0.0000255316190305,0.0000176280918822,0.0000186406541616,0.0000151562435349,0.00000561178103453,0.00000131338697429,5.59204465844e-7,2.93529723194e-7,1.13153220127e-7,6.95765578484e-8,5.13610629582e-8,2.11959623186e-8,1.52723664826e-8],"min":[1.11501844416e-23,8.35248293031e-24,7.65719749452e-24,6.94538936708e-24,1.55672233315e-23,1.39357753602e-23,1.10755108683e-23,1.04435756963e-23,3.77569142407e-24,6.80035807852e-24,1.68893904962e-23,2.2916055887e-23,1.43286123138e-23,7.80540079279e-24,1.08317402268e-23,1.21927430139e-23,2.06177127951e-23,1.41874014786e-23,7.18401900205e-24,8.9237673204e-24,1.10026769186e-23,4.93752773743e-24,6.8704917573e-24,9.83284668327e-24,9.11099714537e-24,9.77566610056e-24,8.28090642493e-24,7.76339394959e-24,4.56602237159e-24,8.87871784068e-24,9.23588487071e-24,1.09825033787e-23,7.97507372945e-24,8.61564377285e-24,8.80635168554e-24,6.41512298305e-24,6.97725303677e-24,9.24742985006e-24,9.5253913009e-24,1.28403236642e-23],"var":[1.62495243927e-8,4.11794900401e-7,5.95738868014e-7,1.02643376465e-7,7.32482661192e-8,6.55288587836e-8,1.12847430955e-7,1.27712439735e-7,2.43478890383e-8,7.11182792656e-8,2.27546372855e-8,2.2569222935e-8,1.17482832351e-8,8.81265194153e-9,3.17749737633e-8,1.00182289131e-8,2.00966017161e-8,3.78507856169e-8,3.73730237868e-8,1.27928245774e-8,2.11074961953e-8,2.57818992822e-8,2.61150323588e-9,1.79025372304e-9,2.44014985995e-9,1.44439438188e-9,2.06991312979e-9,1.15049980653e-9,3.71865815918e-10,4.223887351e-10,2.80459849789e-10,6.20137899365e-11,2.23151948309e-11,7.3739122447e-12,1.13061218374e-11,2.17103722153e-12,1.8044051496e-12,1.83525677294e-12,1.7780150182e-12,1.2889223109e-12]},"melbands_crest":{"dmean":2.75809025764,"dmean2":4.47583866119,"dvar":7.91698217392,"dvar2":19.0056705475,"max":34.1736564636,"mean":11.9036159515,"median":10.4158782959,"min":2.17259287834,"var":37.4176254272},"melbands_flatness_db":{"dmean":0.0158833619207,"dmean2":0.0255062058568,"dvar":0.000280911684968,"dvar2":0.000693928333931,"max":0.473050177097,"mean":0.15693873167,"median":0.142227619886,"min":0.00492709223181,"var":0.0046937149018},"melbands_kurtosis":{"dmean":2.08621001244,"dmean2":3.19230008125,"dvar":27.77784729,"dvar2":64.8688049316,"max":224.690765381,"mean":7.75068044662,"median":0.706201791763,"min":-1.77565515041,"var":633.383728027},"melbands_skewness":{"dmean":0.364476174116,"dmean2":0.559376418591,"dvar":0.164737537503,"dvar2":0.392062246799,"max":11.9874944687,"mean":1.26551747322,"median":0.738803863525,"min":-3.13248348236,"var":4.06515073776},"melbands_spread":{"dmean":6.32460403442,"dmean2":9.90489768982,"dvar":58.0765838623,"dvar2":135.999908447,"max":156.206130981,"mean":37.4762458801,"median":36.3315200806,"min":0.893571853638,"var":403.061157227},"mfcc":{"cov":[[11261.1425781,85.0748748779,-1586.40649414,-57.0808486938,-756.858703613,-123.04397583,-623.049072266,-208.10017395,-184.444763184,-144.76373291,-232.851776123,-127.74622345,-48.3452796936],[85.0748748779,2122.07714844,906.940246582,472.734313965,-78.8805541992,-104.695678711,17.1414089203,-49.176574707,-55.2503738403,-201.613510132,-83.6612243652,-57.7112617493,-59.5828819275],[-1586.40649414,906.940246582,1681.23815918,324.999908447,478.270477295,29.1304016113,262.350891113,135.676361084,78.2792282104,4.81816339493,25.8928928375,-44.8313560486,-34.517868042],[-57.0808486938,472.734313965,324.999908447,365.373626709,156.889144897,15.0347633362,5.87056589127,-15.6384344101,18.4541740417,-24.0932483673,-19.1644630432,-34.6057434082,-57.1469917297],[-756.858703613,-78.8805541992,478.270477295,156.889144897,437.855102539,157.099258423,142.942703247,61.6923789978,51.6042289734,74.505531311,39.8321304321,-24.5873279572,-38.100189209],[-123.04397583,-104.695678711,29.1304016113,15.0347633362,157.099258423,179.885375977,115.827209473,32.5208358765,0.692224085331,18.6149349213,13.3613843918,-19.2146320343,-29.3441543579],[-623.049072266,17.1414089203,262.350891113,5.87056589127,142.942703247,115.827209473,247.906051636,132.325485229,50.0753364563,38.3624687195,35.2918663025,-15.7084178925,-29.2288284302],[-208.10017395,-49.176574707,135.676361084,-15.6384344101,61.6923789978,32.5208358765,132.325485229,154.19960022,84.3846588135,46.7583274841,25.9014034271,-12.5637989044,-17.9882640839],[-184.444763184,-55.2503738403,78.2792282104,18.4541740417,51.6042289734,0.692224085331,50.0753364563,84.3846588135,121.34614563,78.6876754761,31.2410869598,1.31042706966,-8.06898117065],[-144.76373291,-201.613510132,4.81816339493,-24.0932483673,74.505531311,18.6149349213,38.3624687195,46.7583274841,78.6876754761,146.99458313,83.2338027954,13.2659645081,-3.74332118034],[-232.851776123,-83.6612243652,25.8928928375,-19.1644630432,39.8321304321,13.3613843918,35.2918663025,25.9014034271,31.2410869598,83.2338027954,113.129966736,54.3866004944,12.0217809677],[-127.74622345,-57.7112617493,-44.8313560486,-34.6057434082,-24.5873279572,-19.2146320343,-15.7084178925,-12.5637989044,1.31042706966,13.2659645081,54.3866004944,107.391983032,70.9092788696],[-48.3452796936,-59.5828819275,-34.517868042,-57.1469917297,-38.100189209,-29.3441543579,-29.2288284302,-17.9882640839,-8.06898117065,-3.74332118034,12.0217809677,70.9092788696,118.247573853]],"icov":[[0.000134885834996,-0.0000346788692696,0.0000399488635594,-0.000109312655695,0.000245744653512,-0.000388918211684,0.000553072779439,-0.000489029509481,0.000333074189257,-0.000318742590025,0.000244903872954,0.0000424044992542,0.00000380190112992],[-0.0000346788692696,0.00145637546666,-0.00107923115138,-0.00174258719198,0.00219630659558,-0.000729474122636,-0.000269062002189,0.000611753785051,-0.000140664487844,0.000957762473263,-0.000606335524935,0.000320489052683,0.0000058335886024],[0.0000399488635594,-0.00107923115138,0.00231998227537,0.000775407999754,-0.00356837827712,0.0030947343912,-0.00167937006336,-0.000070957801654,-0.000270633492619,0.000855850521475,-0.000555707374588,0.000813979655504,-0.000706174061634],[-0.000109312655695,-0.00174258719198,0.000775407999754,0.0067669134587,-0.00456075789407,0.00188827258535,0.000161455391208,0.00183473771904,-0.00283209607005,0.00166746345349,-0.0000233032442338,-0.000576123886276,0.00209941202775],[0.000245744653512,0.00219630659558,-0.00356837827712,-0.00456075789407,0.0114680919796,-0.00876564625651,0.00247221114114,-0.000967903935816,0.00134233094286,-0.00377958640456,0.00119113270193,-0.000329456204781,-0.00000654241512166],[-0.000388918211684,-0.000729474122636,0.0030947343912,0.00188827258535,-0.00876564625651,0.0173847898841,-0.00987042952329,0.00472933333367,-0.000414251437178,0.00317447911948,-0.00164249096997,0.0014013821492,0.000457700254628],[0.000553072779439,-0.000269062002189,-0.00167937006336,0.000161455391208,0.00247221114114,-0.00987042952329,0.0167191270739,-0.0127278314903,0.00429598102346,-0.00239534163848,0.00024509607465,-0.000883181812242,0.000943981809542],[-0.000489029509481,0.000611753785051,-0.000070957801654,0.00183473771904,-0.000967903935816,0.00472933333367,-0.0127278314903,0.0235125757754,-0.0143086751923,0.00592009164393,-0.0038181587588,0.00325650838204,-0.000086861946329],[0.000333074189257,-0.000140664487844,-0.000270633492619,-0.00283209607005,0.00134233094286,-0.000414251437178,0.00429598102346,-0.0143086751923,0.0244562290609,-0.0145439701155,0.00772797316313,-0.00460368581116,0.001015949063],[-0.000318742590025,0.000957762473263,0.000855850521475,0.00166746345349,-0.00377958640456,0.00317447911948,-0.00239534163848,0.00592009164393,-0.0145439701155,0.0256727095693,-0.0184774566442,0.00905161350965,-0.00244273524731],[0.000244903872954,-0.000606335524935,-0.000555707374588,-0.0000233032442338,0.00119113270193,-0.00164249096997,0.00024509607465,-0.0038181587588,0.00772797316313,-0.0184774566442,0.0286990385503,-0.0173461977392,0.0065037147142],[0.0000424044992542,0.000320489052683,0.000813979655504,-0.000576123886276,-0.000329456204781,0.0014013821492,-0.000883181812242,0.00325650838204,-0.00460368581116,0.00905161350965,-0.0173461977392,0.0269158612937,-0.0137479575351],[0.00000380190112992,0.0000058335886024,-0.000706174061634,0.00209941202775,-0.00000654241512166,0.000457700254628,0.000943981809542,-0.000086861946329,0.001015949063,-0.00244273524731,0.0065037147142,-0.0137479575351,0.0171763915569]],"mean":[-670.143981934,79.2215805054,-73.8193740845,35.3738899231,-27.8942584991,1.76505053043,-10.7455501556,-11.7822322845,0.470974773169,-4.60631132126,-3.81483530998,-0.0282369554043,-4.83569049835]},"pitch_salience":{"dmean":0.0541625581682,"dmean2":0.0872589051723,"dvar":0.00266190688126,"dvar2":0.0065663587302,"max":0.917171061039,"mean":0.665704250336,"median":0.692059397697,"min":0.114658303559,"var":0.0147789102048},"silence_rate_20dB":{"dmean":0,"dmean2":0,"dvar":0,"dvar2":0,"max":1,"mean":1,"median":1,"min":1,"var":0},"silence_rate_30dB":{"dmean":0,"dmean2":0,"dvar":0,"dvar2":0,"max":1,"mean":1,"median":1,"min":1,"var":0},"silence_rate_60dB":{"dmean":0.00452591106296,"dmean2":0.00905387010425,"dvar":0.00450503034517,"dvar2":0.00942453555763,"max":1,"mean":0.0936651602387,"median":0,"min":0,"var":0.0848924815655},"spectral_centroid":{"dmean":149.638473511,"dmean2":234.991348267,"dvar":38510.4414062,"dvar2":76938.5703125,"max":11300.8955078,"mean":2456.15893555,"median":2734.5925293,"min":197.212936401,"var":574981.8125},"spectral_complexity":{"dmean":4.89884567261,"dmean2":8.2204618454,"dvar":26.5470314026,"dvar2":65.7252044678,"max":62,"mean":25.6106338501,"median":24,"min":0,"var":211.610656738},"spectral_contrast_coeffs":{"dmean":[0.0485911220312,0.0491171777248,0.0424531251192,0.0372573621571,0.030958533287,0.0154285673052],"dmean2":[0.079737521708,0.0819134786725,0.0702800229192,0.0624367333949,0.0526855438948,0.0252974983305],"dvar":[0.00172030972317,0.00183399335947,0.00144752208143,0.00115095591173,0.000900486600585,0.000192818057258],"dvar2":[0.00462865270674,0.00488726468757,0.00380352907814,0.00308540370315,0.00245229480788,0.000476071232697],"max":[-0.346190690994,-0.454507708549,-0.460742175579,-0.506367981434,-0.570724189281,-0.492424726486],"mean":[-0.639935314655,-0.745237767696,-0.774508237839,-0.748481273651,-0.760903477669,-0.614826917648],"median":[-0.643703699112,-0.753556489944,-0.783493161201,-0.753910958767,-0.769882678986,-0.593705415726],"min":[-0.966672897339,-0.970028996468,-0.964938044548,-0.958459854126,-0.959234952927,-0.960700452328],"var":[0.0118422629312,0.00748270982876,0.00481349835172,0.00694499304518,0.00503374170512,0.00404792511836]},"spectral_contrast_valleys":{"dmean":[0.453750044107,0.439515918493,0.391822844744,0.378526926041,0.307742655277,0.225995495915],"dmean2":[0.752922475338,0.741758704185,0.661860704422,0.644979476929,0.523579001427,0.379610806704],"dvar":[0.1586561203,0.178796872497,0.152538537979,0.15573720634,0.130419850349,0.0918353796005],"dvar2":[0.405142247677,0.453265368938,0.375888794661,0.390348881483,0.308969527483,0.208200126886],"max":[-5.81196689606,-5.26791000366,-5.66992235184,-5.85678052902,-5.59628629684,-8.01242637634],"mean":[-9.47794151306,-7.47344017029,-7.65411758423,-7.56450176239,-7.04066371918,-11.3119010925],"median":[-9.58520317078,-7.26848602295,-7.43722438812,-7.31379175186,-6.71270942688,-11.1884803772],"min":[-27.0333766937,-27.1648235321,-27.3274383545,-27.2674846649,-27.3311500549,-27.237827301],"var":[1.87571072578,1.79564166069,1.59349024296,1.51539194584,1.45461606979,1.57541942596]},"spectral_decrease":{"dmean":5.25118004635e-10,"dmean2":8.23853985032e-10,"dvar":4.63333019208e-19,"dvar2":1.15168904693e-18,"max":6.35726020183e-17,"mean":-3.64153152077e-9,"median":-3.78200581963e-9,"min":-2.1050739818e-8,"var":2.64055821144e-18},"spectral_energy":{"dmean":0.0023235110566,"dmean2":0.0036575391423,"dvar":0.00000828834345157,"dvar2":0.0000203065283131,"max":0.0833931043744,"mean":0.0166504979134,"median":0.0174431279302,"min":1.02718149478e-20,"var":0.000054236905271},"spectral_energyband_high":{"dmean":0.000447315978818,"dmean2":0.000702738645487,"dvar":3.18989407333e-7,"dvar2":7.33948866127e-7,"max":0.013591485098,"mean":0.00182980822865,"median":0.00166111649014,"min":7.51845946058e-21,"var":0.00000230292585002},"spectral_energyband_low":{"dmean":0.000408919149777,"dmean2":0.000620185048319,"dvar":0.00000183931717856,"dvar2":0.00000448247283202,"max":0.0413501635194,"mean":0.00115939776879,"median":0.0000477477551613,"min":5.93042278262e-23,"var":0.00000913106759981},"spectral_energyband_middle_high":{"dmean":0.00176960707176,"dmean2":0.00276917312294,"dvar":0.00000431869057138,"dvar2":0.00000997335973807,"max":0.0310222990811,"mean":0.00970257259905,"median":0.0105068087578,"min":1.57429484721e-21,"var":0.0000386200008506},"spectral_energyband_middle_low":{"dmean":0.00116883590817,"dmean2":0.00180255027954,"dvar":0.00000399964665121,"dvar2":0.0000099255130408,"max":0.0415008366108,"mean":0.00447005406022,"median":0.00259036011994,"min":2.84991514172e-22,"var":0.0000228525022976},"spectral_entropy":{"dmean":0.170851826668,"dmean2":0.291097402573,"dvar":0.0402494668961,"dvar2":0.110945053399,"max":9.80117511749,"mean":7.51716995239,"median":7.61693096161,"min":5.78529691696,"var":0.165430650115},"spectral_flux":{"dmean":0.0228158924729,"dmean2":0.0394403934479,"dvar":0.000624119129498,"dvar2":0.00184579752386,"max":0.193825989962,"mean":0.0697891116142,"median":0.0699214488268,"min":1.01349963144e-10,"var":0.00135478272568},"spectral_kurtosis":{"dmean":2.16567659378,"dmean2":3.84343528748,"dvar":5.35742044449,"dvar2":15.9684915543,"max":30.8654060364,"mean":4.05996799469,"median":3.27399730682,"min":-1.16675817966,"var":8.86953830719},"spectral_rms":{"dmean":0.000270866352366,"dmean2":0.00042402886902,"dvar":9.98121834073e-8,"dvar2":2.33553222984e-7,"max":0.00901992898434,"mean":0.00383583176881,"median":0.0041252495721,"min":3.16564092648e-12,"var":0.00000153080588916},"spectral_rolloff":{"dmean":314.170074463,"dmean2":518.225646973,"dvar":231290.4375,"dvar2":515700.1875,"max":21425.5371094,"mean":3191.93408203,"median":3531.4453125,"min":64.599609375,"var":2119226},"spectral_skewness":{"dmean":0.235256865621,"dmean2":0.412284404039,"dvar":0.0546261034906,"dvar2":0.158581569791,"max":4.41106176376,"mean":0.85042899847,"median":0.757537722588,"min":-0.0185193438083,"var":0.176419064403},"spectral_spread":{"dmean":181048.078125,"dmean2":290445.65625,"dvar":209051844608,"dvar2":258675195904,"max":40395716,"mean":2859014,"median":2599445.75,"min":1384035.5,"var":1319190134780},"spectral_strongpeak":{"dmean":1.09227538109,"dmean2":1.8275949955,"dvar":2.26544523239,"dvar2":6.06970882416,"max":14.7245330811,"mean":2.35427355766,"median":1.52094244957,"min":0,"var":5.37531375885},"zerocrossingrate":{"dmean":0.00647958833724,"dmean2":0.00790898501873,"dvar":0.0000936548167374,"dvar2":0.0000994767251541,"max":0.791015625,"mean":0.0943717285991,"median":0.1025390625,"min":0.0068359375,"var":0.00215222965926}},"metadata":{"audio_properties":{"analysis_sample_rate":44100,"bit_rate":0,"codec":"flac","downmix":"mix","equal_loudness":0,"length":102.599998474,"lossless":true,"md5_encoded":"8f11926afb5b7f299fec57a902b5c5d0","replay_gain":-13.792755127},"tags":{"album":["Van Halen"],"albumartist":["Van Halen"],"albumartistsort":["Van Halen"],"artist":["Van Halen"],"artists":["Van Halen"],"artistsort":["Van Halen"],"asin":["B00004Y6O9"],"barcode":["093624773726"],"catalognumber":["9362-47737-2"],"date":["2000-07"],"discnumber":["1"],"disctotal":["1"],"engineer":["Donn Landee"],"file_name":"02 Eruption.flac","genre":["Hard Rock"],"isrc":["USWB17700030"],"label":["Warner Bros. Records"],"media":["HDCD"],"musicbrainz_albumartistid":["b665b768-0d83-4363-950c-31ed39317c15"],"musicbrainz_albumid":["74d8b208-8aa7-3698-9767-14e847969e5e"],"musicbrainz_artistid":["b665b768-0d83-4363-950c-31ed39317c15"],"musicbrainz_recordingid":["619f18ad-b7c8-4b0e-826e-585de75b33f8"],"musicbrainz_releasegroupid":["43a0e8b5-6059-397f-81e6-b8df5a648496"],"musicbrainz_releasetrackid":["11b3328c-f759-31f2-803f-3f7fc47126a2"],"originaldate":["1978-02-10"],"performer":["Alex Van Halen (drums)","Eddie Van Halen (guitar)","Michael Anthony (electric bass guitar)","Michael Anthony (background vocals)","David Lee Roth (lead vocals)"],"producer":["Ted Templeman"],"releasecountry":["XE"],"releasestatus":["official"],"releasetype":["album"],"script":["Latn"],"title":["Eruption"],"totaldiscs":["1"],"totaltracks":["11"],"tracknumber":["2"],"tracktotal":["11"]},"version":{"essentia":"2.1-beta1","essentia_build_sha":"7598a69e7b456135ce4c070efb04a3d0ebb71fdd","essentia_git_sha":"v2.1_beta1-6-g5578087","extractor":"music 1.0"}},"rhythm":{"beats_count":232,"beats_loudness":{"dmean":0.00359318056144,"dmean2":0.00595428841189,"dvar":0.0000203897670872,"dvar2":0.0000572901626583,"max":0.0565907880664,"mean":0.0167205389589,"median