{"lowlevel":{"average_loudness":0.887274026871,"barkbands":{"dmean":[0.00031831357046,0.00274685164914,0.000778095854912,0.000504826079123,0.00146607332863,0.000673264497891,0.000332440860802,0.000310079398332,0.000255007646047,0.000385908671888,0.000424858182669,0.000204728959943,0.00013365324412,0.000161477117217,0.0000985603765002,0.0001536612981,0.000103487327578,0.0000751592015149,0.000310296309181,0.000261186331045,0.0000697420109645,0.0000690815140842,0.0000555116093892,0.0000503499832121,0.0000877314887475,0.0000549769065401,0.0000199698406504],"dmean2":[0.000471514562378,0.00455111823976,0.00125776894856,0.000856903148815,0.00229990878142,0.000988840358332,0.000516385305673,0.000466000812594,0.000354488875018,0.000549204065464,0.000602288811933,0.000294135010336,0.000187122044736,0.000241345551331,0.0001459592022,0.000226058487897,0.000161766816746,0.000115328570246,0.000469202845125,0.00037282606354,0.0000989395848592,0.0000913835101528,0.000074005634815,0.0000678393116686,0.000111286477477,0.0000690735687385,0.0000302600565192],"dvar":[2.73026927289e-7,0.0000236473715631,0.00000197492499865,0.0000011140832612,0.00000764782998885,0.00000231922126659,0.00000148405263189,0.00000125123381167,0.00000107807284166,0.00000114333886359,0.00000250861967288,4.55497058738e-7,3.07385732867e-7,5.62296349926e-7,1.503149889e-7,3.34001157398e-7,8.3784790661e-8,4.36560902983e-8,6.36196830328e-7,5.72086264583e-7,2.96827789015e-8,3.24973825627e-8,2.89638748541e-8,5.84848613983e-8,4.43452528032e-8,1.46351570862e-8,3.75551412191e-9],"dvar2":[6.09981384514e-7,0.0000657880664221,0.00000492772187499,0.00000298458553516,0.0000187094428838,0.00000453115444543,0.00000305430239678,0.00000259197645391,0.00000206063555197,0.00000204170305551,0.00000475870911032,8.78812386418e-7,5.68725738503e-7,0.00000120769129808,2.83319991468e-7,6.64506160319e-7,2.0933977396e-7,9.98277513986e-8,0.00000136815117457,0.00000114507713533,6.34849826042e-8,6.19246875999e-8,5.02510566491e-8,1.05668235051e-7,7.80130520184e-8,2.64267008276e-8,9.12413433696e-9],"max":[0.00932422000915,0.0668310523033,0.0184754319489,0.0166736394167,0.0462512560189,0.0530628450215,0.0485011972487,0.0362919606268,0.037859171629,0.0304358657449,0.0493163056672,0.0220937840641,0.0173140112311,0.0292878132313,0.0150498179719,0.0323890522122,0.00641324045137,0.00812777969986,0.021196320653,0.0280336085707,0.00551149714738,0.00600759545341,0.00662458967417,0.0152726620436,0.00672890106216,0.00153731321916,0.00129439635202],"mean":[0.000470554135973,0.00509199872613,0.00170578795951,0.000683301012032,0.00248253019527,0.00142023933586,0.000535260129254,0.000547420349903,0.000437446957221,0.000840595632326,0.000869820185471,0.000439596682554,0.000251273391768,0.000300828512991,0.000157770511578,0.00028119556373,0.000170217288542,0.000126167404233,0.000569399213418,0.000538855965715,0.000134394838824,0.000133097011712,0.000106481908006,0.0000923655170482,0.000144979785546,0.0000818351254566,0.0000218387613131],"median":[0.000183439289685,0.00363382161595,0.000969140033703,0.00022038113093,0.00103455793578,0.000378460390493,0.0000963644124568,0.0000509066740051,0.0000676727504469,0.000101292629552,0.0000496568900417,0.0000295019017358,0.000018325921701,0.0000319061146001,0.0000310715404339,0.0000321016486851,0.0000380230994779,0.0000314585449814,0.000104127611849,0.0000883736211108,0.0000490523634653,0.0000447807724413,0.0000386802348658,0.0000325746077579,0.0000339898542734,0.0000152937955136,0.00000149014374529],"min":[5.93966507699e-24,1.64034095801e-23,1.62127687206e-23,1.65653927007e-23,5.79850252008e-23,3.30042237131e-23,6.69054516952e-23,2.526608199e-23,6.27249811468e-23,9.15557457071e-23,6.234119085e-23,1.0631672795e-22,7.34222505659e-23,1.4147522351e-22,1.43162363484e-22,2.04370989887e-22,1.01170268824e-22,1.61290235624e-22,3.2088319599e-22,2.35611825487e-22,4.22082539072e-22,4.2243077383e-22,7.04701538294e-22,7.79227613525e-22,1.08419911903e-21,1.31331340647e-21,2.18271193616e-21],"var":[5.06392041189e-7,0.0000308064263663,0.00000462772186438,0.00000129925354031,0.0000143675088111,0.0000122334786283,0.00000335276786245,0.00000358780425813,0.00000299920566249,0.00000408261121265,0.00000787007684266,0.00000177339632046,0.00000106657876131,0.00000168299732195,3.68527878436e-7,0.0000010182642427,1.52753543148e-7,9.00505625623e-8,0.0000017042032141,0.00000227112241191,8.40134575242e-8,9.00243293245e-8,6.17062738684e-8,1.12919792628e-7,1.00002033321e-7,2.860665127e-8,4.1066279266e-9]},"barkbands_crest":{"dmean":2.50869131088,"dmean2":4.07358646393,"dvar":5.82420969009,"dvar2":15.0873184204,"max":25.5983791351,"mean":11.011423111,"median":10.3608951569,"min":2.67981147766,"var":18.6180496216},"barkbands_flatness_db":{"dmean":0.0234094168991,"dmean2":0.033396076411,"dvar":0.000636451004539,"dvar2":0.00119883241132,"max":0.375679194927,"mean":0.147890642285,"median":0.136990100145,"min":0.0193710010499,"var":0.00416293088347},"barkbands_kurtosis":{"dmean":5.85257005692,"dmean2":8.79852676392,"dvar":160.663833618,"dvar2":344.231048584,"max":355.434020996,"mean":11.3344650269,"median":2.69076871872,"min":-1.95240986347,"var":495.500335693},"barkbands_skewness":{"dmean":0.691985726357,"dmean2":0.994195640087,"dvar":0.69185167551,"dvar2":1.42724120617,"max":16.0716342926,"mean":2.17378544807,"median":1.73505759239,"min":-2.28164243698,"var":3.94267106056},"barkbands_spread":{"dmean":7.56071901321,"dmean2":10.88971138,"dvar":101.153366089,"dvar2":196.275497437,"max":115.00617981,"mean":27.6790485382,"median":23.4562530518,"min":0.633365035057,"var":441.16394043},"dissonance":{"dmean":0.0183617006987,"dmean2":0.0301724262536,"dvar":0.000312653341098,"dvar2":0.000804607523605,"max":0.500000119209,"mean":0.456612616777,"median":0.462294876575,"min":0.284919589758,"var":0.000839673855808},"dynamic_complexity":4.49649381638,"erbbands":{"dmean":[0.0959056541324,0.606059730053,0.972692668438,1.30411124229,2.49755144119,5.8129529953,7.11323738098,5.54666852951,3.88833880424,7.44104909897,4.73556280136,5.58202409744,10.697013855,10.3020792007,16.8597316742,7.9560675621,5.72826337814,9.22264289856,4.08277082443,7.41429710388,6.20278692245,5.34196853638,3.64607715607,12.3604640961,16.2692298889,10.9112634659,4.44581651688,2.20590496063,2.82819366455,1.70087981224,1.70484495163,1.20977210999,0.836353003979,0.855723679066,0.724969804287,0.18265928328,0.114359855652,0.0383454933763,0.00356314145029,0.0000835712053231],"dmean2":[0.15788140893,1.01796293259,1.56606566906,2.14281821251,4.19050741196,9.1000623703,10.2558517456,8.29200839996,6.06774139404,11.3649597168,6.88060855865,7.7046046257,15.1551065445,14.4648456573,23.5503807068,11.1383666992,7.6547908783,13.2635612488,6.15635204315,10.8809404373,8.7400598526,8.26713752747,5.43435764313,18.6862983704,23.4079799652,15.5457849503,6.43866634369,3.04028534889,3.90764284134,2.27368664742,2.28655028343,1.62060701847,1.13821160793,1.12265193462,0.944047570229,0.232174664736,0.145639970899,0.0505682565272,0.00574066117406,0.000133990411996],"dvar":[0.0324904285371,1.08189237118,2.65106034279,6.99851560593,28.3019371033,158.447723389,219.109527588,195.412460327,156.700698853,708.67401123,435.714263916,558.457763672,938.165100098,1256.72106934,3816.8215332,614.50793457,442.287078857,1738.70910645,149.285598755,899.095703125,541.886413574,232.649978638,93.328338623,1219.00976563,2220.31396484,929.042724609,119.699951172,36.9064865112,52.0122642517,40.4298324585,24.0052833557,28.0743579865,13.9534664154,5.74041795731,3.1902551651,0.145808696747,0.0660121664405,0.00907072331756,0.000156024136231,8.22778289944e-8],"dvar2":[0.0901062637568,3.03880763054,6.64697551727,18.0007820129,73.7227630615,387.159667969,481.007751465,389.173370361,354.284088135,1513.9954834,811.976501465,1041.15185547,1716.61096191,2296.69995117,7275.93066406,1202.43969727,763.098083496,3554.68408203,326.408813477,1753.90917969,1003.69140625,576.785644531,216.225143433,2621.05200195,4488.65380859,1809.68737793,263.064819336,76.6970062256,108.726951599,85.974937439,42.4443016052,46.2556686401,25.7010326385,9.33202266693,6.24365663528,0.263370096684,0.120344743133,0.0182641129941,0.000401969766244,2.16281947019e-7],"max":[2.547965765,13.5254106522,25.1310958862,38.5818138123,54.8511390686,222.078781128,341.4503479,610.256591797,441.577789307,1073.93591309,856.889648438,1019.55413818,1016.41003418,1216.64440918,1787.95727539,1113.40100098,725.465759277,1746.2578125,298.74710083,1227.61303711,973.252990723,343.216094971,402.866668701,818.474609375,1850.87097168,809.555175781,310.805358887,240.041625977,238.076751709,289.991943359,205.417373657,317.480529785,230.631195068,111.371253967,39.1250152588,5.87290334702,3.23197364807,1.71694481373,0.287408202887,0.00689447438344],"mean":[0.129946604371,1.16910946369,2.36778616905,2.13523221016,3.03220033646,9.51646232605,14.6344165802,11.0029764175,6.42378854752,14.0282754898,8.48446750641,10.4970541,25.244972229,21.7587013245,37.3237075806,19.257062912,12.0337543488,18.0409965515,7.70006322861,13.6633148193,12.0873250961,9.45781898499,7.05990457535,20.710308075,33.4306335449,24.4018974304,9.19207954407,4.63813304901,5.25792980194,3.06897783279,3.27246427536,2.27960824966,1.46467387676,1.42724180222,1.13989818096,0.299105167389,0.165880039334,0.0507740750909,0.00353067694232,0.000102062411315],"median":[0.063380420208,0.868168711662,1.54932820797,0.903023898602,1.46578001976,3.14489746094,4.99139499664,3.24617958069,2.10252571106,1.57583451271,1.39548563957,2.19456481934,3.36078763008,2.98496174812,2.54060292244,1.73354911804,1.40991842747,2.05222129822,2.06140804291,2.25986909866,2.13079071045,2.16102910042,2.00498819351,4.04143285751,5.1039056778,4.48888397217,2.77524423599,1.84034180641,1.71186161041,1.02222180367,1.19720196724,0.814932882786,0.495733827353,0.372932076454,0.235012218356,0.0676913931966,0.028166346252,0.00571450591087,0.000219466979615,0.0000334695141646],"min":[3.26185679181e-22,4.35638870128e-21,2.04071014737e-20,4.55602421847e-20,1.44602609431e-19,1.67996414528e-19,2.77371417923e-19,3.85764881048e-19,8.59728566995e-19,1.00716456729e-18,7.9118662368e-19,1.37760499691e-18,1.66817886365e-18,2.24478909787e-18,3.03266808477e-18,3.55281021409e-18,3.61080550119e-18,7.64423081223e-18,5.28111476851e-18,8.57320344378e-18,9.28342733517e-18,6.73480197701e-18,9.49355602617e-18,1.22769468227e-17,1.20064513178e-17,9.1410075132e-18,1.11021063346e-17,2.03457992219e-17,1.44994702864e-17,2.1957434914e-17,1.8392039974e-17,1.91183624545e-17,1.1301542889e-17,1.29315916215e-17,6.7763587038e-18,4.76395317774e-18,2.39715866183e-18,9.87694183238e-19,3.50302691761e-19,3.26558498127e-20],"var":[0.034834638238,1.53190946579,7.24833536148,10.5797538757,25.0053043365,277.097747803,773.019836426,956.219299316,287.49798584,2293.48950195,1167.90307617,1500.80126953,4020.32177734,3499.45019531,12816.3662109,3307.67871094,1702.98181152,5395.75341797,387.204406738,2302.01367188,1864.54760742,466.260498047,204.424438477,2447.84057617,7318.54980469,3939.24731445,364.717773438,102.470275879,132.274612427,71.1111907959,51.3489379883,56.5771064758,27.4704475403,13.2037181854,6.15550041199,0.310678094625,0.126480072737,0.0146451452747,0.000140833595651,7.21435853279e-8]},"erbbands_crest":{"dmean":2.72476506233,"dmean2":4.23702049255,"dvar":7.33015394211,"dvar2":16.5788993835,"max":31.4861984253,"mean":10.4457092285,"median":9.29235649109,"min":2.25815606117,"var":26.6086273193},"erbbands_flatness_db":{"dmean":0.0193390417844,"dmean2":0.0262692216784,"dvar":0.000426084327046,"dvar2":0.000735231617,"max":0.309213280678,"mean":0.134225860238,"median":0.127007752657,"min":0.0323008447886,"var":0.00251371483319},"erbbands_kurtosis":{"dmean":1.28819918633,"dmean2":1.94480454922,"dvar":5.57799386978,"dvar2":12.053689003,"max":67.2432632446,"mean":1.06731772423,"median":-0.137948721647,"min":-1.87923371792,"var":16.7518291473},"erbbands_skewness":{"dmean":0.431703001261,"dmean2":0.619209647179,"dvar":0.232476502657,"dvar2":0.460357636213,"max":6.99723386765,"mean":0.426337271929,"median":0.358590781689,"min":-5.56125831604,"var":1.27653408051},"erbbands_spread":{"dmean":11.4548377991,"dmean2":16.8576335907,"dvar":193.996734619,"dvar2":417.603851318,"max":172.557266235,"mean":50.1154136658,"median":43.8791656494,"min":2.83619189262,"var":727.275268555},"gfcc":{"cov":[[11399.0078125,-798.346435547,-1356.39892578,-459.473266602,-697.760314941,-28.1430969238,35.1331672668,285.719390869,-249.307632446,136.120285034,169.982574463,-47.4964904785,-58.4093399048],[-798.346435547,1535.41577148,100.574745178,68.5975494385,182.246322632,-89.8786392212,6.13243436813,-179.275924683,-6.77536296844,-84.8392791748,69.1676940918,-148.779418945,58.0905761719],[-1356.39892578,100.574745178,1494.11535645,259.355102539,168.299285889,-36.9408187866,-197.940826416,-238.865509033,17.8863201141,-53.4145126343,-202.656768799,110.190330505,-71.4881896973],[-459.473266602,68.5975494385,259.355102539,431.011505127,59.1786842346,-31.6341114044,-77.1499557495,-18.3889865875,46.2237892151,-43.4006271362,-27.2005443573,-5.10577487946,16.3560218811],[-697.760314941,182.246322632,168.299285889,59.1786842346,258.29586792,13.7855606079,31.2595272064,-39.0922088623,11.7574911118,-23.3075962067,-29.0082073212,-0.769110500813,-22.990819931],[-28.1430969238,-89.8786392212,-36.9408187866,-31.6341114044,13.7855606079,300.428863525,95.0179443359,-45.2063598633,-41.5913009644,27.813703537,-10.2153244019,-2.49800610542,-34.7279968262],[35.1331672668,6.13243436813,-197.940826416,-77.1499557495,31.2595272064,95.0179443359,171.990356445,45.9357833862,-15.1239337921,15.3981132507,31.2996883392,-32.9695053101,-14.2862224579],[285.719390869,-179.275924683,-238.865509033,-18.3889865875,-39.0922088623,-45.2063598633,45.9357833862,213.518539429,55.9354362488,-14.5661211014,13.7248210907,2.48011684418,5.08981895447],[-249.307632446,-6.77536296844,17.8863201141,46.2237892151,11.7574911118,-41.5913009644,-15.1239337921,55.9354362488,123.95765686,16.7874145508,-11.3907213211,-2.13510942459,9.23891925812],[136.120285034,-84.8392791748,-53.4145126343,-43.4006271362,-23.3075962067,27.813703537,15.3981132507,-14.5661211014,16.7874145508,117.206863403,31.2025184631,-12.6096076965,-17.1794223785],[169.982574463,69.1676940918,-202.656768799,-27.2005443573,-29.0082073212,-10.2153244019,31.2996883392,13.7248210907,-11.3907213211,31.2025184631,111.252418518,-16.155122757,19.3003349304],[-47.4964904785,-148.779418945,110.190330505,-5.10577487946,-0.769110500813,-2.49800610542,-32.9695053101,2.48011684418,-2.13510942459,-12.6096076965,-16.155122757,128.214569092,14.3904733658],[-58.4093399048,58.0905761719,-71.4881896973,16.3560218811,-22.990819931,-34.7279968262,-14.2862224579,5.08981895447,9.23891925812,-17.1794223785,19.3003349304,14.3904733658,98.5800552368]],"icov":[[0.000124122554553,2.16283709165e-7,0.0000826198593131,0.000013460300579,0.000241508663748,0.0000405183673138,0.0000824718954391,-0.00013334803225,0.000304446235532,-0.000128494750243,0.0000610739080003,-0.0000160420113389,0.000159991381224],[2.16283709165e-7,0.00117278262042,-0.000109851891466,0.000165891149663,-0.000651916721836,0.000320457882481,-0.000190942781046,0.00118672673125,-0.000591276853811,0.00130455521867,-0.00123631127644,0.00142331630923,-0.000609204755165],[0.0000826198593131,-0.000109851891466,0.00158008176368,-0.000581101630814,-0.000149571103975,0.000339899735991,0.000521522248164,0.00134237599559,-0.000178280373802,-0.000139506562846,0.00197992357425,-0.00127018010244,0.00123724841978],[0.000013460300579,0.000165891149663,-0.000581101630814,0.00315756746568,-0.000662599923089,-0.000543532776646,0.0014334123116,-0.000372963841073,-0.00102227274328,0.00123134383466,-0.00112092844211,0.00123704993166,-0.000804825802334],[0.000241508663748,-0.000651916721836,-0.000149571103975,-0.000662599923089,0.00588878057897,0.000451292406069,-0.00230845669284,0.000560416781809,-0.000286769238301,0.000214841624256,0.00120935461018,-0.00114641233813,0.0016925035743],[0.0000405183673138,0.000320457882481,0.000339899735991,-0.000543532776646,0.000451292406069,0.00519196875393,-0.00361906480975,0.00217241467908,0.000666638894472,-0.000681978883222,0.00152389891446,-0.000783561146818,0.00110419129487],[0.0000824718954391,-0.000190942781046,0.000521522248164,0.0014334123116,-0.00230845669284,-0.00361906480975,0.0113065810874,-0.00349751859903,0.00142290303484,-0.000454818160506,-0.00184928893577,0.00203658966348,0.000159723524121],[-0.00013334803225,0.00118672673125,0.00134237599559,-0.000372963841073,0.000560416781809,0.00217241467908,-0.00349751859903,0.0102508477867,-0.00525524048135,0.00369881559163,-0.0000418109120801,-0.000776205095463,0.00137550919317],[0.000304446235532,-0.000591276853811,-0.000178280373802,-0.00102227274328,-0.000286769238301,0.000666638894472,0.00142290303484,-0.00525524048135,0.0128701897338,-0.00500162271783,0.00255667301826,0.000219208013732,-0.00139573053457],[-0.000128494750243,0.00130455521867,-0.000139506562846,0.00123134383466,0.000214841624256,-0.000681978883222,-0.000454818160506,0.00369881559163,-0.00500162271783,0.0133307082579,-0.00523463450372,0.00178293103818,0.00195909314789],[0.0000610739080003,-0.00123631127644,0.00197992357425,-0.00112092844211,0.00120935461018,0.00152389891446,-0.00184928893577,-0.0000418109120801,0.00255667301826,-0.00523463450372,0.0155860343948,-0.00199522194453,-0.00097253464628],[-0.0000160420113389,0.00142331630923,-0.00127018010244,0.00123704993166,-0.00114641233813,-0.000783561146818,0.00203658966348,-0.000776205095463,0.000219208013732,0.00178293103818,-0.00199522194453,0.0113852517679,-0.00316395796835],[0.000159991381224,-0.000609204755165,0.00123724841978,-0.000804825802334,0.0016925035743,0.00110419129487,0.000159723524121,0.00137550919317,-0.00139573053457,0.00195909314789,-0.00097253464628,-0.00316395796835,0.0134889129549]],"mean":[-35.6794815063,64.3773422241,-82.9954833984,41.6674079895,-49.2859268188,14.7863197327,-28.6214027405,13.7924127579,-30.1799736023,6.88991785049,-13.2619981766,7.53642225266,-5.50000572205]},"hfc":{"dmean":5.50590133667,"dmean2":6.70413303375,"dvar":74.3790359497,"dvar2":115.104614258,"max":266.98449707,"mean":17.2826824188,"median":10.6254873276,"min":1.11440736738e-16,"var":394.645751953},"melbands":{"dmean":[0.000792908598669,0.000586895970628,0.000241184956394,0.000275880884146,0.000270882475888,0.000120571188745,0.0000617002879153,0.0000799921908765,0.0000370349189325,0.0000373437869712,0.0000546800511074,0.0000424508034484,0.0000590568051848,0.0000278460174741,0.0000152572947627,0.0000144350160554,0.000018687105694,0.00000706108176018,0.00000759628073865,0.0000130352264023,0.00000663331002215,0.00000574048408453,0.00000499458110426,0.00000333588673129,0.0000119977348731,0.0000108273743535,0.0000128025239974,0.0000076374881246,0.00000369764688912,0.00000173415048721,0.00000130219802941,0.00000176701223609,0.00000124848247651,8.77963088897e-7,9.67845835476e-7,0.00000105180481569,6.85018505919e-7,5.81586846238e-7,7.0608734859e-7,7.48812226448e-7],"dmean2":[0.00130198255647,0.000958701421041,0.000396421586629,0.000445732846856,0.000394836853957,0.00017913908232,0.0000962141857599,0.000121919860248,0.0000534349128429,0.0000516198415426,0.0000774847940193,0.0000601218562224,0.0000842140725581,0.0000390083550883,0.0000208844285225,0.0000201442908292,0.0000273716614174,0.0000107407631731,0.0000110719684017,0.0000191194558283,0.00000954858478508,0.00000891050058272,0.00000773622468841,0.00000511741882292,0.0000183490355994,0.0000159583614732,0.0000180751922016,0.0000113531359602,0.00000555559790882,0.00000255630607171,0.00000185298142696,0.00000253269013228,0.00000169549389284,0.00000124097903154,0.00000133194305363,0.00000146165939441,9.5882774076e-7,8.28813313092e-7,9.95742084342e-7,0.00000100264571756],"dvar":[0.00000205173114409,9.15077407626e-7,1.9810397589e-7,2.9545233815e-7,2.81289885606e-7,8.32433286746e-8,3.88126721873e-8,7.56148068604e-8,3.25790097122e-8,2.29106742466e-8,2.47052920344e-8,2.16004778508e-8,5.43487992388e-8,7.58205409568e-9,2.5941568893e-9,3.53399620678e-9,7.92493182189e-9,5.18596665611e-10,9.63995328007e-10,2.88342305588e-9,7.63512475466e-10,2.92129431756e-10,2.40807013219e-10,6.42228700776e-11,1.27960286811e-9,8.98822904993e-10,1.73893910382e-9,5.39000843958e-10,1.05130584793e-10,2.19525560924e-11,1.16160614114e-11,1.86019567805e-11,1.55531247603e-11,1.26541156026e-11,6.27644507548e-12,1.69876526041e-11,1.02135608998e-11,8.26119207764e-12,7.49150047552e-12,3.74491019792e-12],"dvar2":[0.00000568497580389,0.00000239714267991,5.06168134962e-7,7.35143146358e-7,6.5856937681e-7,1.63246568263e-7,8.41546494712e-8,1.64678809256e-7,5.67538336327e-8,4.52266526452e-8,4.44915109199e-8,3.98407848934e-8,1.02583221917e-7,1.42347742482e-8,4.22055546068e-9,6.11283201835e-9,1.64156634952e-8,1.14336129453e-9,1.80606729572e-9,5.75563907645e-9,1.47586931565e-9,7.22261139785e-10,5.83705084267e-10,1.45494408188e-10,2.75842104713e-9,1.80917114623e-9,3.37784800131e-9,1.13827924864e-9,2.32567298752e-10,4.8317801149e-11,2.45944063726e-11,3.94951779614e-11,3.20597090542e-11,2.88509910407e-11,1.22001055092e-11,3.03167491111e-11,1.67174642185e-11,1.60178207503e-11,1.45059225048e-11,6.46441017035e-12],"max":[0.0208518914878,0.0125300670043,0.00653973035514,0.00717677501962,0.0104923797771,0.011842909269,0.00633648224175,0.0100528886542,0.00788404978812,0.00553431455046,0.00525538949296,0.00500490004197,0.00797424372286,0.00283158919774,0.00203281338327,0.00240967748687,0.00351408333518,0.000611771014519,0.00118220283184,0.00345930550247,0.00101983489003,0.00036190028186,0.000672397087328,0.000233670129091,0.000850017939229,0.00105083803646,0.00186584633775,0.000679692311678,0.000325982546201,0.000153763219714,0.000126282888232,0.000131553519168,0.000140751522849,0.000174198183231,0.000102430283732,0.000227172335144,0.000195256565348,0.000180018090759,0.000143442171975,0.0000776766901254],"mean":[0.00132113602012,0.00141003273893,0.000392108369851,0.000399065640522,0.000550492433831,0.000244474853389,0.0000996083545033,0.000151687156176,0.0000653061870253,0.0000667793210596,0.000125784194097,0.0000822095462354,0.000126577666379,0.0000621755607426,0.0000320258332067,0.0000269317151833,0.000035491426388,0.0000117448089441,0.0000122168567032,0.0000236470914388,0.0000115397688205,0.00000917301440495,0.00000830277349451,0.00000595774918111,0.0000181888462976,0.0000195247685042,0.0000250494213105,0.0000148320787048,0.00000653012193652,0.00000333438856615,0.00000240432177634,0.00000321042057294,0.0000021693472263,0.00000147459866184,0.00000179848848347,0.00000189230229353,0.00000121211553505,9.72063503468e-7,0.00000113169880933,0.00000120481558952],"median":[0.000834296981338,0.0010787139181,0.000206018041354,0.000152874024934,0.000202471739613,0.0000716052891221,0.0000265171656793,0.0000149287243403,0.00000912393261387,0.0000115742514026,0.0000143191628013,0.00000878166065377,0.00000757214547775,0.00000446763306172,0.00000259160424321,0.00000232907473219,0.00000321843526763,0.00000263116953647,0.00000239624091591,0.00000274615422313,0.00000204551497518,0.00000201765351449,0.00000159038813763,0.00000164039488482,0.00000299016915051,0.0000032056418604,0.00000300662986774,0.0000026874517971,0.00000157572662829,0.00000105466779132,8.25419874673e-7,9.88801389212e-7,6.64631897962e-7,4.62913874344e-7,6.70580220685e-7,6.37965968053e-7,4.14641704083e-7,3.13770897264e-7,3.04394404793e-7,2.91127832952e-7],"min":[4.08998149732e-24,9.73196557299e-24,1.10541974243e-23,1.10315310839e-23,1.00502417604e-23,7.31725366464e-24,1.29624054113e-23,9.17203052474e-24,6.70285250405e-24,9.11334479542e-24,8.35232436927e-24,9.22254996597e-24,9.94888181154e-24,8.24947820647e-24,5.91750202986e-24,9.27832874286e-24,1.50691633772e-23,8.19718619478e-24,1.01798555514e-23,1.21256204172e-23,8.49026143171e-24,6.138285659e-24,6.86740021141e-24,8.85680959562e-24,9.4848091405e-24,1.18243276162e-23,5.96696834178e-24,6.26157988532e-24,5.2246454968e-24,1.06726301376e-23,1.17129349344e-23,7.63568289106e-24,8.22350259458e-24,1.40653930955e-23,1.07984518743e-23,8.27975942118e-24,1.09719531529e-23,6.62430483486e-24,9.98449020394e-24,1.13490081553e-23],"var":[0.00000247215871241,0.00000200802469408,2.73982266208e-7,4.07461072882e-7,8.52670325457e-7,4.27324778229e-7,7.96494248334e-8,2.59058822394e-7,9.80987664434e-8,5.64964786065e-8,1.03708977406e-7,5.86513522194e-8,1.68125680489e-7,2.81035390515e-8,1.17910126107e-8,1.24072645491e-8,2.46646791879e-8,1.14863230039e-9,2.37277841819e-9,7.52925100045e-9,2.27849294987e-9,5.1137777346e-10,4.6291318001e-10,1.54430468413e-10,2.346219663e-9,2.45610198846e-9,5.94288529498e-9,1.71518799164e-9,2.60814841946e-10,6.02202732125e-11,2.91932346352e-11,4.80103075351e-11,3.24322270429e-11,1.86118499085e-11,1.29168377383e-11,3.17131633454e-11,2.01477116241e-11,1.51551774602e-11,1.42356603935e-11,8.2323444936e-12]},"melbands_crest":{"dmean":3.21013951302,"dmean2":5.03365087509,"dvar":10.3315916061,"dvar2":23.3974494934,"max":37.4925079346,"mean":16.748884201,"median":15.7549667358,"min":2.200299263,"var":39.0397987366},"melbands_flatness_db":{"dmean":0.0276225414127,"dmean2":0.0385746508837,"dvar":0.000899320759345,"dvar2":0.00162874499802,"max":0.505379676819,"mean":0.229001894593,"median":0.218412607908,"min":0.00438524968922,"var":0.0076621491462},"melbands_kurtosis":{"dmean":15.4558296204,"dmean2":23.6408901215,"dvar":868.63470459,"dvar2":2038.8380127,"max":556.387390137,"mean":33.0437583923,"median":14.2767162323,"min":-1.57695496082,"var":2414.32397461},"melbands_skewness":{"dmean":0.979537069798,"dmean2":1.43671095371,"dvar":1.40880155563,"dvar2":3.07648968697,"max":17.4474124908,"mean":3.68275594711,"median":3.09981417656,"min":-0.751721858978,"var":6.84643602371},"melbands_spread":{"dmean":7.85071992874,"dmean2":11.0687503815,"dvar":159.592895508,"dvar2":317.361358643,"max":242.832382202,"mean":25.1999702454,"median":17.610332489,"min":0.469521939754,"var":635.889465332},"mfcc":{"cov":[[9690.45898438,-692.434875488,-934.581054688,-582.351501465,-713.484191895,-535.639709473,214.511230469,-103.579948425,-201.000320435,154.841430664,-68.138710022,-4.31080150604,200.167861938],[-692.434875488,1316.79516602,110.413856506,114.337364197,124.03565979,96.2355651855,44.0416870117,-77.5614700317,-60.784160614,-15.2007274628,-63.0500984192,-37.3901176453,-37.7842216492],[-934.581054688,110.413856506,935.446899414,230.24949646,227.695281982,202.493759155,-152.365188599,-36.4160003662,14.4424648285,-154.426818848,37.859413147,-21.2589664459,-155.23097229],[-582.351501465,114.337364197,230.24949646,437.761749268,188.371261597,-33.789478302,-98.3522109985,1.91507744789,20.9938201904,-18.4859390259,-23.6641960144,-13.0941381454,-13.1172294617],[-713.484191895,124.03565979,227.695281982,188.371261597,237.523178101,68.543838501,-63.1136207581,17.013425827,24.2054901123,-42.9131889343,-6.90186977386,-9.31916618347,-44.1783752441],[-535.639709473,96.2355651855,202.493759155,-33.789478302,68.543838501,331.859466553,57.037563324,-19.3703613281,-6.20928049088,-45.0771980286,12.4388809204,14.3690338135,-40.7315406799],[214.511230469,44.0416870117,-152.365188599,-98.3522109985,-63.1136207581,57.037563324,191.021057129,19.9818515778,-25.7162666321,40.7037506104,-12.0638160706,5.25682878494,37.4319190979],[-103.579948425,-77.5614700317,-36.4160003662,1.91507744789,17.013425827,-19.3703613281,19.9818515778,159.57119751,51.9280815125,-25.9521389008,15.4876365662,3.67543578148,-9.38620948792],[-201.000320435,-60.784160614,14.4424648285,20.9938201904,24.2054901123,-6.20928049088,-25.7162666321,51.9280815125,109.844436646,22.8847160339,11.6039361954,10.2876882553,1.21377241611],[154.841430664,-15.2007274628,-154.426818848,-18.4859390259,-42.9131889343,-45.0771980286,40.7037506104,-25.9521389008,22.8847160339,140.645675659,10.1286201477,0.79032766819,44.3751487732],[-68.138710022,-63.0500984192,37.859413147,-23.6641960144,-6.90186977386,12.4388809204,-12.0638160706,15.4876365662,11.6039361954,10.1286201477,101.718147278,37.0566558838,-18.3015136719],[-4.31080150604,-37.3901176453,-21.2589664459,-13.0941381454,-9.31916618347,14.3690338135,5.25682878494,3.67543578148,10.2876882553,0.79032766819,37.0566558838,94.2608413696,23.8264102936],[200.167861938,-37.7842216492,-155.23097229,-13.1172294617,-44.1783752441,-40.7315406799,37.4319190979,-9.38620948792,1.21377241611,44.3751487732,-18.3015136719,23.8264102936,126.36000824]],"icov":[[0.000148286024341,0.0000523774870089,-0.0000036632757201,0.0000589785668126,0.000272078701528,0.000192311956198,-0.0000871019947226,0.0000516009895364,0.000188715333934,-0.0000106668685476,0.000111682573333,-0.0000271275384875,-0.00000764153719501],[0.0000523774870089,0.000918132718652,0.0000383538972528,-0.000112805719255,-0.000386845436879,-0.0000072643333624,-0.000458126509329,0.000452547130408,0.000335808465024,-0.0000190325426956,0.000416333117755,0.0000510935242346,0.000312835909426],[-0.0000036632757201,0.0000383538972528,0.00238221138716,-0.000839112268295,-0.000623827800155,-0.00105924182571,0.000610920658801,0.00116510502994,-0.000802443595603,0.0018343932461,-0.00118724966887,0.00067472003866,0.00126701651607],[0.0000589785668126,-0.000112805719255,-0.000839112268295,0.00431017484516,-0.00291291461326,0.00122905476019,0.000815899053123,-0.000432939908933,0.000598843907937,-0.00110295554623,0.00109731638804,-0.000372267852072,-0.000995948910713],[0.000272078701528,-0.000386845436879,-0.000623827800155,-0.00291291461326,0.00921537727118,-0.00149680883624,0.00126037676819,-0.00134644028731,-0.000368726497982,0.0000675895207678,0.000851962191518,-0.0000532101039425,0.000763850810472],[0.000192311956198,-0.0000072643333624,-0.00105924182571,0.00122905476019,-0.00149680883624,0.00527526903898,-0.00308459810913,0.00154422980268,-0.00072376918979,0.00118982128333,-0.000177166526555,-0.000878734339494,0.000454260094557],[-0.0000871019947226,-0.000458126509329,0.000610920658801,0.000815899053123,0.00126037676819,-0.00308459810913,0.0097240107134,-0.00387594290078,0.00363367353566,-0.00359840248711,0.00168391875923,-0.000422231270932,-0.00133364112116],[0.0000516009895364,0.000452547130408,0.00116510502994,-0.000432939908933,-0.00134644028731,0.00154422980268,-0.00387594290078,0.0108199156821,-0.00631735054776,0.00532322749496,-0.0027024850715,0.00126999057829,0.000979256932624],[0.000188715333934,0.000335808465024,-0.000802443595603,0.000598843907937,-0.000368726497982,-0.00072376918979,0.00363367353566,-0.00631735054776,0.0147360563278,-0.0059012058191,0.00176990090404,-0.00197405857034,-0.000470635073725],[-0.0000106668685476,-0.0000190325426956,0.0018343932461,-0.00110295554623,0.0000675895207678,0.00118982128333,-0.00359840248711,0.00532322749496,-0.0059012058191,0.0131998769939,-0.00426866067573,0.00270939199254,-0.00168921786826],[0.000111682573333,0.000416333117755,-0.00118724966887,0.00109731638804,0.000851962191518,-0.000177166526555,0.00168391875923,-0.0027024850715,0.00176990090404,-0.00426866067573,0.0146803818643,-0.00650400714949,0.00297886622138],[-0.0000271275384875,0.0000510935242346,0.00067472003866,-0.000372267852072,-0.0000532101039425,-0.000878734339494,-0.000422231270932,0.00126999057829,-0.00197405857034,0.00270939199254,-0.00650400714949,0.0145546151325,-0.00385290966369],[-0.00000764153719501,0.000312835909426,0.00126701651607,-0.000995948910713,0.000763850810472,0.000454260094557,-0.00133364112116,0.000979256932624,-0.000470635073725,-0.00168921786826,0.00297886622138,-0.00385290966369,0.0121096540242]],"mean":[-691.936096191,100.621505737,23.1706485748,36.0884933472,7.7766752243,8.3899641037,12.6192159653,6.22174596786,0.610169529915,3.93945336342,-5.21264600754,-4.80947589874,4.04332923889]},"pitch_salience":{"dmean":0.0732827857137,"dmean2":0.116905450821,"dvar":0.00535280909389,"dvar2":0.0129764666781,"max":0.881024718285,"mean":0.480942338705,"median":0.482752978802,"min":0.0735841840506,"var":0.012821440585},"silence_rate_20dB":{"dmean":0,"dmean2":0,"dvar":0,"dvar2":0,"max":1,"mean":1,"median":1,"min":1,"var":0},"silence_rate_30dB":{"dmean":0,"dmean2":0,"dvar":0,"dvar2":0,"max":1,"mean":1,"median":1,"min":1,"var":0},"silence_rate_60dB":{"dmean":0.0423038452864,"dmean2":0.084619782865,"dvar":0.0405150018632,"dvar2":0.0900349095464,"max":1,"mean":0.111031726003,"median":0,"min":0,"var":0.0987048819661},"spectral_centroid":{"dmean":294.282867432,"dmean2":421.346984863,"dvar":162098.765625,"dvar2":280908.5,"max":11545.9589844,"mean":1547.10083008,"median":1377.35473633,"min":152.241821289,"var":937722.5625},"spectral_complexity":{"dmean":2.21580672264,"dmean2":3.14322471619,"dvar":6.58396863937,"dvar2":12.6403617859,"max":43,"mean":10.3269510269,"median":10,"min":0,"var":46.35105896},"spectral_contrast_coeffs":{"dmean":[0.0484968684614,0.0475135445595,0.0396825410426,0.0312214586884,0.0256873648614,0.0166427027434],"dmean2":[0.079170614481,0.0753676369786,0.0594610571861,0.0477833300829,0.0387540496886,0.0265317689627],"dvar":[0.00185290118679,0.00175299227703,0.00129116000608,0.000740324147046,0.000599956489168,0.000234603096033],"dvar2":[0.00466674007475,0.0041090217419,0.00251844059676,0.00151671981439,0.00113587104715,0.000550140743144],"max":[-0.361705541611,-0.291003376245,-0.432449519634,-0.448543339968,-0.505950570107,-0.605903148651],"mean":[-0.673304319382,-0.70606815815,-0.735092401505,-0.773809790611,-0.772185623646,-0.786911606789],"median":[-0.665815114975,-0.715262055397,-0.748963832855,-0.790471673012,-0.78310918808,-0.787542462349],"min":[-0.961144506931,-0.962925314903,-0.974925458431,-0.968056261539,-0.959385216236,-0.960326433182],"var":[0.00720347743481,0.0086965886876,0.0096593759954,0.00622547743842,0.00529345078394,0.00118723453488]},"spectral_contrast_valleys":{"dmean":[0.434312969446,0.458670556545,0.392941087484,0.320739477873,0.279766112566,0.328754127026],"dmean2":[0.66427308321,0.692702949047,0.594480335712,0.475971341133,0.381171941757,0.382157504559],"dvar":[0.176674336195,0.22885915637,0.17941391468,0.127054110169,0.125451937318,0.162954241037],"dvar2":[0.325377762318,0.412090152502,0.317451059818,0.197094768286,0.178687036037,0.225890561938],"max":[-5.3567070961,-5.18048191071,-5.95162820816,-6.59218788147,-5.98029518127,-7.02328538895],"mean":[-7.46530294418,-7.78917074203,-8.32779693604,-8.67897701263,-8.16507911682,-10.1765737534],"median":[-7.3600063324,-7.62874603271,-8.19031143188,-8.54274940491,-7.99522972107,-10.0347604752],"min":[-27.8135166168,-27.2957763672,-27.2817344666,-27.4231891632,-27.4783535004,-27.2894134521],"var":[1.16828048229,1.26513600349,1.26221704483,1.08603990078,1.18099606037,1.41907727718]},"spectral_decrease":{"dmean":1.34345512492e-9,"dmean2":1.98522509542e-9,"dvar":3.0327437718e-18,"dvar2":6.94704080576e-18,"max":-5.86235621331e-29,"mean":-4.52215731528e-9,"median":-4.08538936014e-9,"min":-2.27516938622e-8,"var":1.11108306085e-17},"spectral_energy":{"dmean":0.00536687299609,"dmean2":0.00781444367021,"dvar":0.0000463012038381,"dvar2":0.000103019665403,"max":0.0882451012731,"mean":0.0186352226883,"median":0.01680412516,"min":1.0610923456e-20,"var":0.000185542259715},"spectral_energyband_high":{"dmean":0.000443343102233,"dmean2":0.000558547151741,"dvar":7.51836694235e-7,"dvar2":0.00000125570579712,"max":0.0323577784002,"mean":0.000953072798438,"median":0.000404305988923,"min":7.46272816681e-21,"var":0.00000242626583713},"spectral_energyband_low":{"dmean":0.00334625528194,"dmean2":0.00528549263254,"dvar":0.0000301926411339,"dvar2":0.0000783754585427,"max":0.0794368982315,"mean":0.0076143280603,"median":0.00578745920211,"min":4.76565387885e-23,"var":0.0000539149477845},"spectral_energyband_middle_high":{"dmean":0.00126750010531,"dmean2":0.00165149488021,"dvar":0.00000635774495095,"dvar2":0.0000097471402114,"max":0.0589139983058,"mean":0.00414959480986,"median":0.00109360646456,"min":1.74450008196e-21,"var":0.0000452644162579},"spectral_energyband_middle_low":{"dmean":0.00267236959189,"dmean2":0.0040176929906,"dvar":0.000015211155187,"dvar2":0.0000345184525941,"max":0.0575002729893,"mean":0.00652171066031,"median":0.00424327142537,"min":3.22728878073e-22,"var":0.0000508178491145},"spectral_entropy":{"dmean":0.19143871963,"dmean2":0.258306950331,"dvar":0.0464547500014,"dvar2":0.0838721692562,"max":9.81160545349,"mean":7.50698757172,"median":7.5442943573,"min":5.34306669235,"var":0.286616235971},"spectral_flux":{"dmean":0.0206806138158,"dmean2":0.0311078000814,"dvar":0.000482916919282,"dvar2":0.00101406429894,"max":0.254505544901,"mean":0.0637386366725,"median":0.0572101250291,"min":1.03009337171e-10,"var":0.00159633043222},"spectral_kurtosis":{"dmean":0.962039470673,"dmean2":1.52800893784,"dvar":1.18987870216,"dvar2":2.91197347641,"max":15.5124225616,"mean":3.4330868721,"median":3.08643054962,"min":-1.23831808567,"var":4.27195358276},"spectral_rms":{"dmean":0.000612806121353,"dmean2":0.000864056753926,"dvar":4.84482029606e-7,"dvar2":9.46943202962e-7,"max":0.00927861966193,"mean":0.00390780344605,"median":0.00404898356646,"min":3.21747121133e-12,"var":0.00000290977436634},"spectral_rolloff":{"dmean":618.895935059,"dmean2":999.207946777,"dvar":1764134.625,"dvar2":3761043,"max":18712.3535156,"mean":1696.59912109,"median":818.26171875,"min":21.533203125,"var":4586243.5},"spectral_skewness":{"dmean":0.16777060926,"dmean2":0.254369497299,"dvar":0.0315427556634,"dvar2":0.066076926887,"max":3.24472332001,"mean":1.42519307137,"median":1.3799469471,"min":-0.555876135826,"var":0.171479731798},"spectral_spread":{"dmean":771928.9375,"dmean2":1095153.875,"dvar":1203905888260,"dvar2":2275642441730,"max":40252768,"mean":6057053.5,"median":5815129,"min":2543068.75,"var":4064215826430},"spectral_strongpeak":{"dmean":0.516135692596,"dmean2":0.880011677742,"dvar":1.56907045841,"dvar2":3.83012509346,"max":19.8158760071,"mean":0.872483074665,"median":0.29391425848,"min":0,"var":2.73198533058},"zerocrossingrate":{"dmean":0.014605938457,"dmean2":0.0152476215735,"dvar":0.000316088524414,"dvar2":0.000296629208606,"max":0.51123046875,"mean":0.0713444650173,"median":0.0615234375,"min":0.00390625,"var":0.00258479570039}},"metadata":{"audio_properties":{"analysis_sample_rate":44100,"bit_rate":192031,"codec":"mp3","downmix":"mix","equal_loudness":0,"length":162.455505371,"lossless":false,"md5_encoded":"945637411aefeebbebd41b0de0f769cb","replay_gain":-4.15351486206,"sample_rate":44100},"tags":{"acoustid_fingerprint":["AQADtEo0RswjnAOTJjkRHvKNZkRTDg_yqOiP9MfDZ8g5sDy-F0-LPDzEB30U5MblkEOeHM8NLdcRPtNxHZcbXBqNy08QpqKIZNdxFZuO58F_XEmOWsuDZkduH6oWsci3xeh1NC_CRwmaH28ePL3wHH1SeAuhWZnRJ-HR5At-QX86oYyOXGjeKXgiH_1wq0PIPImhH9Gb4xSOJ8sXPCf84brxFVl8NIYmKjs25clxLsdz7Cj54Tu-4cmHXsMPJ2FOQooaZglxIefxo-fhRotmgTGP62guM0Ik6YnxLM8QWjim53jQJ8kTeDyuSMj09II4RPLxMPhmFEev4k0eVDou4jkFb2FjhFbwQEucJOiqEU9xXcQVQUvV5qic4yJKJ9CYZ8ifDjiVJXhxPTg7eEfOCG_iFP_RRIeeeVin6fAl4c5R_Lh2_Epwom0SaNmGb0eVHdEikoEpHSEZCA_jI1ot4nkENhtDeE8y5IlsKGeQYz8eOYGXNBmDa8O9HE1FI4sOzceUJjSuHH0EX_B64gpLBU8v3EibRkfooUdzBcoTnGqO80UpmPehPcuGH-F-wXFgPmlQMrOCPNKhGPlwKceOP3gS5bjREf6RX8GPPjiV8bhV_M-QI_qgmWi0JDr-43geRKuOfHqg6zWuByUjNBd-Hn2Wo5mUsXgunDnCfZiS4wkfPBeaSEO_HP8zxNyhI9eD5kMfXNFw-XjyofqOtA4aJzd0IZfgJ7i24qlSXBeFCo0i54iucPhB_ThjRcGkKMqDZgseHnc2yEySB46k5MPX44ffHXqgHFx-TIkl9BkRXjElNE2OSzmRXxB3Ix-u48lqNF3U48f7CN-RbPmE_AqOXRR8KThz5AfTJxCliKmC8D2uI_-hk0GzJUdv4SJx65DyIkwuHeeCnbGKMzDzHJF_3IfyXIjzHLWL1EqgU4KfGiUzPGIe6PfRpEdo5cfLEP2Oazl6RL-QuDwePC_OPDJuEX-LqhQoOUdSRUcsHq5CWD6eE57sw_kyElWf4NHxHWePTFWgHWFq9FrQjFFyjPnxXbjyBa4SBTk1JD9-fMlMPKJSpQivVIUP7TxyKdPwJRe8P4id5cCX40ZzGdXT49mg88EkZXkCqybGE3dgCzVvaA-mXAqeG3-gKjlC7kWjSUrxKEOPO8f5BCHDK0genMaD7wuuHiZz8NNw6sHj461xdUL3gMmPpC_yLTnsPikuHZOiF36fodmJs0fyH6GTHM3YHD_uK3ioIxeeQfmF8BWaMSmPpEk27MElKoc-rhny-McTVFKS6JhC_EaepUGS56gPLzh6aTS-PLia4zmSczrSyWmGJ_iN_mie4BPyhA-SJofT48euB30yeI2KMvMnXIifoEnKxKgX4REX4Rc2ljh-Qnv24HSK_-jlINSj4zKuS_gTpCd-qE0cnMhDJcJzODqlwIyyHOWCB2_RVIyP7nhCB2F2oY2iRISu5Phx4tHRdMpRZvJxErV0NMfxoNaGN4d_TH9x8QleTPINNx5qpdCuoLmG_3jIVMHjHpV2uEfPKXjRx_AYN0MTZbnwPDgLXVlwVfiDkquOhsxxHdcZ4ht64U8C57