{"lowlevel":{"average_loudness":0.00285468017682,"barkbands":{"dmean":[0.0000352755487256,0.000769547594246,0.000780895003118,0.000574693258386,0.000922004750464,0.000386968866223,0.000508549506776,0.000527462398168,0.000453083077446,0.000423556135502,0.000570482632611,0.000350242858985,0.000949948094785,0.000277562561678,0.000362057209713,0.000205718373763,0.000180163930054,0.000150899388245,0.000121557299281,0.0000754716238589,0.0000540502078366,0.0000474196531286,0.0000458239737782,0.0000488157347718,0.000021916030164,0.00000639609970676,0.00000299856651509],"dmean2":[0.0000534589162271,0.00126064557116,0.00130699679721,0.000911180162802,0.00150179699995,0.000622039427981,0.000809547898825,0.00081275094999,0.000702264602296,0.000643372302875,0.00086815742543,0.00053598015802,0.00146855169442,0.000419041956775,0.000560820975807,0.000308196933474,0.00027552258689,0.000232460239204,0.000191802275367,0.000115943177661,0.000085229461547,0.0000712299734005,0.0000682779500494,0.0000741984913475,0.0000330656876031,0.00000974422891886,0.00000454996643384],"dvar":[5.43704281597e-8,0.0000181533159775,0.0000305758148897,0.0000338469944836,0.0000844632959343,0.00000559600039196,0.00000504935451318,0.00000611290215602,0.0000041317148316,0.00000377704009225,0.0000174264896486,0.00000419696152676,0.0000565569680475,0.00000294952178592,0.00000536734023626,0.00000229100760407,9.84039388641e-7,7.12583869245e-7,5.39281586498e-7,2.24526999659e-7,8.1280852271e-8,1.18904779356e-7,1.28938026478e-7,4.68350208394e-7,5.87659947371e-8,5.88000981239e-9,4.69301442152e-9],"dvar2":[1.53194832819e-7,0.0000462015123048,0.000073436916864,0.0000744868739275,0.000224098053877,0.0000155823217938,0.0000126218465084,0.0000139356943691,0.00000976547016762,0.00000889229431777,0.0000400882563554,0.00000938834546105,0.000122340978123,0.00000632297269476,0.000011734261534,0.00000465622088086,0.00000219054822992,0.00000155599741447,0.00000120555762351,4.82728751194e-7,1.84657224622e-7,2.57677385207e-7,2.6868229952e-7,0.00000107307744202,1.32159982513e-7,1.2082631784e-8,1.05371267267e-8],"max":[0.0206201020628,0.200603365898,0.372778952122,0.41080147028,0.660581171513,0.187364295125,0.0813791006804,0.103511825204,0.102477699518,0.0647159963846,0.282342970371,0.107362486422,0.493532627821,0.0956838354468,0.168516263366,0.110251285136,0.0734703615308,0.0422905795276,0.0314601548016,0.0333430171013,0.0128811970353,0.0176559705287,0.0223406162113,0.065553471446,0.0167919546366,0.00521215191111,0.00694877235219],"mean":[0.0000654420437058,0.00168991286773,0.0012609452242,0.000681261299178,0.00118324696086,0.000562442524824,0.00069808185799,0.000752234947868,0.00064677716,0.000600486295298,0.000709022337105,0.000479424372315,0.00115335499868,0.000347857916495,0.000426699582022,0.000274864461971,0.000218900851905,0.000193248779397,0.000141700016684,0.0000940011959756,0.0000672131354804,0.0000575332451263,0.0000555378792342,0.0000619435304543,0.0000280196727545,0.00000817188265501,0.00000340849646818],"median":[0.00000487772831548,0.00000128645251607,0.00000235504239754,0.00000712112796464,0.000042438859964,0.0000228969311138,0.0000217558153963,0.0000128360152303,0.000018547032596,0.0000111686422315,0.00000825483220979,0.00000852186713018,0.00000687136434863,0.00000411058681493,0.00000472640840599,0.00000364504398931,0.00000329984095515,0.00000253001553574,0.00000188148032976,0.0000012229679669,6.88849695507e-7,3.982366934e-7,2.88128148895e-7,2.71494343451e-7,1.3574758384e-7,4.47913706125e-8,5.21781160501e-8],"min":[2.7699622036e-24,5.17549946241e-24,4.48964052001e-24,1.12543146727e-24,1.96248240608e-23,2.1127463668e-23,2.35827001499e-23,1.01504594387e-23,1.42801478552e-23,3.22996951941e-23,2.82996686891e-23,3.78686082674e-23,7.17809718101e-23,8.18271533034e-23,4.72424436112e-23,8.36288863674e-23,1.49838701584e-22,1.26221581855e-22,1.33759280333e-22,2.49473714558e-22,2.97144566438e-22,3.61259066116e-22,4.08808319821e-22,7.36538449816e-22,9.62959503021e-22,1.2519844062e-21,2.17375088017e-21],"var":[6.29104448535e-8,0.0000621024373686,0.0000542776324437,0.0000445884179499,0.0000963569182204,0.00000738483049645,0.00000725087375031,0.0000104503860712,0.00000645645377517,0.00000557565044801,0.0000205311771424,0.00000663692298986,0.0000860416039359,0.00000439684527009,0.00000712468317943,0.0000044096577767,0.00000141453006108,0.0000011708295915,7.3043059956e-7,3.72963825157e-7,1.47314068499e-7,2.08469032259e-7,2.28696620752e-7,7.32033811346e-7,9.56546699626e-8,1.02912673938e-8,5.59376456266e-9]},"barkbands_crest":{"dmean":3.10944962502,"dmean2":5.06363248825,"dvar":7.74700307846,"dvar2":19.7869281769,"max":26.7979660034,"mean":10.7101516724,"median":9.80949211121,"min":1.89270949364,"var":21.7363605499},"barkbands_flatness_db":{"dmean":0.0289740040898,"dmean2":0.0432272814214,"dvar":0.000805418414529,"dvar2":0.00170903059188,"max":0.456220775843,"mean":0.173342823982,"median":0.165203392506,"min":0.0172833260149,"var":0.0055571240373},"barkbands_kurtosis":{"dmean":5.45279216766,"dmean2":8.66207122803,"dvar":246.43977356,"dvar2":585.238769531,"max":926.336914062,"mean":7.04180240631,"median":1.66105151176,"min":-1.94598114491,"var":481.536712646},"barkbands_skewness":{"dmean":0.825370848179,"dmean2":1.24474823475,"dvar":0.999800622463,"dvar2":2.14633727074,"max":23.3747444153,"mean":0.997461557388,"median":0.786978960037,"min":-12.2217187881,"var":4.06958675385},"barkbands_spread":{"dmean":7.20814275742,"dmean2":11.6153068542,"dvar":116.76234436,"dvar2":293.927154541,"max":123.771034241,"mean":18.4492664337,"median":14.0498027802,"min":0.182674378157,"var":252.54460144},"dissonance":{"dmean":0.0288993995637,"dmean2":0.0477899760008,"dvar":0.00106915773358,"dvar2":0.00277830450796,"max":0.500000059605,"mean":0.445762842894,"median":0.46309441328,"min":0.12296358496,"var":0.00302484119311},"dynamic_complexity":13.4012937546,"erbbands":{"dmean":[0.00925055798143,0.224364370108,0.975391983986,0.988986253738,3.3977265358,2.7232773304,2.39847779274,3.50331735611,6.58187532425,8.99879455566,11.2320270538,11.3444337845,10.059425354,18.0033931732,19.8744411469,17.1507129669,43.1636390686,19.7108192444,18.2253189087,13.248003006,10.4781160355,9.07921791077,9.28317642212,5.28415203094,5.95044517517,3.66820979118,2.74607777596,1.87782204151,1.85298323631,1.28323948383,1.41270518303,1.27147638798,0.651432037354,0.289424419403,0.138008028269,0.0407625325024,0.00960980635136,0.00189439719543,0.000456698879134,0.0000522318296134],"dmean2":[0.0157896634191,0.366681814194,1.61152923107,1.59057152271,5.53653812408,4.42095899582,3.87908697128,5.60487651825,10.5509710312,14.0289773941,17.1925582886,17.4518699646,14.8342094421,27.07721138,30.1626529694,25.8293037415,66.5340270996,29.1164569855,27.8975009918,19.6306381226,15.489824295,13.707113266,14.295797348,8.16805076599,9.27286815643,5.63795804977,4.24740409851,2.91087841988,2.75140881538,1.94400203228,2.10341024399,1.89591503143,0.998169004917,0.44364836812,0.209144085646,0.062542103231,0.0148112745956,0.00289774523117,0.000712497916538,0.0000788158358773],"dvar":[0.00162377301604,1.67086076736,46.4764785767,61.4736061096,2048.40527344,338.842132568,133.236679077,590.33795166,935.191894531,1651.90185547,3140.58300781,2569.40771484,1948.44555664,10199.6699219,19328.265625,9000.75097656,115508.992188,13669.7558594,12580.2802734,7773.39941406,4973.58105469,2376.93994141,2682.68481445,1099.75085449,1345.22888184,542.305969238,202.024917603,106.669448853,206.262161255,81.6928405762,146.725265503,424.154327393,59.0203704834,9.87226581573,2.86570191383,0.256977796555,0.0128033896908,0.000676869356539,0.0000821082066977,0.0000017889370838],"dvar2":[0.00464402092621,4.16595935822,109.277038574,140.955490112,4918.31005859,955.786193848,336.263763428,1654.5489502,2372.73999023,3995.12158203,7070.26318359,6104.10498047,4215.17773438,22158.6523438,42460.5546875,20237.5449219,255788.265625,26955.7480469,28001.0234375,16538.9667969,9660.65527344,5340.72900391,5871.66699219,2308.30322266,3108.8840332,1146.6217041,458.220367432,225.43838501,416.082458496,187.881576538,302.703582764,1003.7074585,125.780303955,22.5133342743,6.06805229187,0.50312101841,0.0311830677092,0.00171585287899,0.000207684730412,0.00000354367398359],"max":[1.20092606544,66.1677780151,450.608337402,533.071899414,3191.75073242,1111.11547852,439.495330811,2045.67407227,1382.86938477,1856.05554199,2163.75585938,2642.09570312,1898.73291016,5757.06738281,5911.00683594,4836.78076172,20489.8222656,6876.54101562,4454.20800781,6238.09863281,6568.61914062,2756.9453125,2655.32495117,2230.14819336,1326.68359375,1682.73327637,580.74822998,509.849456787,778.871765137,429.204528809,795.49206543,2122.4206543,565.992858887,190.598648071,112.362281799,36.6655082703,7.54918384552,2.28160786629,0.628126561642,0.139890223742],"mean":[0.0165347922593,0.482003033161,1.77961623669,1.41748249531,4.02159738541,3.55021071434,3.47513103485,4.9224448204,8.7679233551,12.7369184494,16.8947982788,16.5168457031,16.0348510742,25.4326629639,25.0595016479,23.6853790283,52.7030334473,27.2123012543,22.0668106079,17.1022834778,14.7358407974,11.5908718109,11.8008108139,6.77418994904,7.02246236801,4.62063407898,3.40328216553,2.38511681557,2.25235843658,1.55625975132,1.70879411697,1.48488652706,0.864856362343,0.384669810534,0.170360088348,0.0517354570329,0.0117139732465,0.00229499209672,0.000495864544064,0.0000675931660226],"median":[0.0000784736621426,0.000326096371282,0.00365319056436,0.0296623744071,0.0847354233265,0.116434186697,0.164683952928,0.232398793101,0.359506189823,0.378291249275,0.424838453531,0.492352128029,0.481984943151,0.445906639099,0.453989863396,0.426256716251,0.391807734966,0.299749076366,0.302335381508,0.253520488739,0.229611158371,0.204215720296,0.159484446049,0.123834773898,0.0850337222219,0.0602838471532,0.0375780239701,0.0234498940408,0.0155939757824,0.0101562179625,0.00833792425692,0.00604912266135,0.00402345973998,0.00191822717898,0.000720952695701,0.000256452825852,0.0000827485855552,0.0000773730498622,0.00000662801267026,0.00000300176361634],"min":[1.44796996875e-22,1.78598189721e-21,5.80788388115e-21,3.89134436817e-21,3.34159544786e-20,6.56760080617e-20,1.38877937981e-19,1.32786670423e-19,3.61414493272e-19,2.7072845967e-19,1.80911379302e-19,4.56063342394e-19,1.00476781147e-18,9.8343223853e-19,1.49038714433e-18,1.83508984919e-18,3.74240621434e-18,3.66325288793e-18,4.33846346476e-18,3.59411341002e-18,5.01765360751e-18,7.7655310588e-18,6.21836789159e-18,7.63858695891e-18,8.38008820362e-18,1.27098625496e-17,1.32298042944e-17,1.21777149277e-17,1.31142463357e-17,1.47049568398e-17,1.24718876505e-17,1.36590142522e-17,1.13402723125e-17,8.46755759031e-18,7.883715316e-18,4.76453758084e-18,2.31087979483e-18,1.12450499687e-18,3.05675987521e-19,2.92984497221e-20],"var":[0.00409171916544,5.40092325211,97.749382019,90.5722961426,2533.72021484,368.072601318,209.407608032,683.898010254,1212.22644043,2472.24755859,5586.45751953,4082.25634766,3564.62719727,16309.6728516,23551.2050781,13923.6835938,164322.578125,26902.0859375,15496.5947266,11431.5458984,12342.5175781,3375.67578125,4151.84472656,1514.61193848,1909.4552002,914.698730469,366.500152588,233.428894043,412.063049316,134.946838379,255.816345215,517.537414551,120.128517151,16.8515510559,4.68610239029,0.459625065327,0.0163077209145,0.000693117326591,0.0000823961672722,0.00000238952179643]},"erbbands_crest":{"dmean":3.40010643005,"dmean2":5.5369925499,"dvar":9.60410118103,"dvar2":23.6794490814,"max":32.9435882568,"mean":11.4288282394,"median":10.3300199509,"min":1.75188875198,"var":28.9141788483},"erbbands_flatness_db":{"dmean":0.0251016691327,"dmean2":0.0366966091096,"dvar":0.000671792950016,"dvar2":0.00128883891739,"max":0.47197535634,"mean":0.212688431144,"median":0.210563749075,"min":0.0209789462388,"var":0.00644519180059},"erbbands_kurtosis":{"dmean":2.18694663048,"dmean2":3.47001028061,"dvar":17.5819072723,"dvar2":40.2447128296,"max":170.736587524,"mean":2.46439218521,"median":0.675583600998,"min":-1.88016319275,"var":34.7412796021},"erbbands_skewness":{"dmean":0.560246765614,"dmean2":0.854196727276,"dvar":0.383830815554,"dvar2":0.80678075552,"max":10.78266716,"mean":0.280930101871,"median":0.240056455135,"min":-7.08893442154,"var":1.43687200546},"erbbands_spread":{"dmean":8.10391139984,"dmean2":12.8025569916,"dvar":123.83506012,"dvar2":295.720092773,"max":149.367736816,"mean":26.2995357513,"median":20.8739242554,"min":0.962101519108,"var":411.530029297},"gfcc":{"cov":[[23264.5566406,2266.08569336,-4467.078125,-109.413467407,-949.512512207,-223.397247314,-546.171081543,-325.22744751,-302.514434814,-508.733734131,48.3575134277,-702.47277832,114.897567749],[2266.08569336,5199.65869141,-208.583877563,-1091.52709961,653.537597656,-485.385375977,327.558013916,-330.23916626,127.116470337,-187.09727478,28.2603034973,-310.724060059,-147.63734436],[-4467.078125,-208.583877563,2312.80712891,375.702484131,80.0113983154,169.656723022,-18.0998249054,32.5194358826,30.7382354736,74.9938049316,-103.580810547,101.692825317,-122.653045654],[-109.413467407,-1091.52709961,375.702484131,1102.8223877,3.7876291275,112.931365967,-68.1782073975,44.7586402893,31.0753631592,45.1475372314,-47.0964393616,16.1133441925,-15.5245656967],[-949.512512207,653.537597656,80.0113983154,3.7876291275,649.061645508,71.611869812,163.548782349,21.0187683105,85.9669189453,38.1251831055,-12.9197292328,-18.3311538696,-34.0033073425],[-223.397247314,-485.385375977,169.656723022,112.931365967,71.611869812,463.148925781,166.101425171,59.0543212891,16.5524120331,33.0845298767,-4.11779403687,15.5891828537,-28.4272899628],[-546.171081543,327.558013916,-18.0998249054,-68.1782073975,163.548782349,166.101425171,494.686920166,87.9947967529,59.9340057373,44.2885284424,39.6522407532,12.4919157028,-11.9500255585],[-325.22744751,-330.23916626,32.5194358826,44.7586402893,21.0187683105,59.0543212891,87.9947967529,242.541183472,54.7985458374,45.538608551,8.72928714752,23.9527416229,20.9365749359],[-302.514434814,127.116470337,30.7382354736,31.0753631592,85.9669189453,16.5524120331,59.9340057373,54.7985458374,293.33770752,123.675392151,26.8100242615,9.57135009766,-19.9151916504],[-508.733734131,-187.09727478,74.9938049316,45.1475372314,38.1251831055,33.0845298767,44.2885284424,45.538608551,123.675392151,208.030441284,55.2177124023,25.4327640533,-3.87327122688],[48.3575134277,28.2603034973,-103.580810547,-47.0964393616,-12.9197292328,-4.11779403687,39.6522407532,8.72928714752,26.8100242615,55.2177124023,146.453567505,37.6068572998,8.64767551422],[-702.47277832,-310.724060059,101.692825317,16.1133441925,-18.3311538696,15.5891828537,12.4919157028,23.9527416229,9.57135009766,25.4327640533,37.6068572998,163.200027466,51.7534141541],[114.897567749,-147.63734436,-122.653045654,-15.5245656967,-34.0033073425,-28.4272899628,-11.9500255585,20.9365749359,-19.9151916504,-3.87327122688,8.64767551422,51.7534141541,136.293395996]],"icov":[[0.00013248740288,-0.000177855428774,0.000280051521258,-0.00021122416365,0.000302510423353,-0.000305400666548,0.000253150617937,-0.000138261209941,0.000101206118416,-0.00000906920467969,0.0000282849014184,0.000152003878611,-0.0000661585072521],[-0.000177855428774,0.000812135636806,-0.000517135253176,0.000730469124392,-0.000894172058906,0.00105113815516,-0.000831375538837,0.000864373403601,-0.000621648097876,0.000708060979377,-0.000460546667455,0.000765432137996,0.000105831495603],[0.000280051521258,-0.000517135253176,0.00118444138207,-0.000681177014485,0.000720815907698,-0.000904259679373,0.000713053334039,-0.000491086160764,0.0004293647944,-0.00045671602129,0.000703848141711,-0.000551158853341,0.000535619386937],[-0.00021122416365,0.000730469124392,-0.000681177014485,0.00170269107912,-0.00086247024592,0.00073085015174,-0.000535183644388,0.000590431329329,-0.000584897701629,0.000361591111869,-0.000114528083941,0.000500769121572,0.000091838890512],[0.000302510423353,-0.000894172058906,0.000720815907698,-0.00086247024592,0.00287350337021,-0.00128830142785,0.000433669105405,-0.000762969604693,0.000229740646319,-0.000678659067489,0.000746778270695,-0.000326184759615,0.000020997986212],[-0.000305400666548,0.00105113815516,-0.000904259679373,0.00073085015174,-0.00128830142785,0.00409082090482,-0.00201003579423,0.000770869315602,-0.000513022532687,0.000544411188457,-0.000281036598608,0.000477776688058,0.000679662451148],[0.000253150617937,-0.000831375538837,0.000713053334039,-0.000535183644388,0.000433669105405,-0.00201003579423,0.00364928389899,-0.00158272392582,0.000424496101914,-0.000585742236581,-0.000212020328036,-0.000574449950363,-0.00000424244581154],[-0.000138261209941,0.000864373403601,-0.000491086160764,0.000590431329329,-0.000762969604693,0.000770869315602,-0.00158272392582,0.00576266506687,-0.00128825614229,0.000308675691485,-0.000267564930255,0.000766278186347,-0.000828838092275],[0.000101206118416,-0.000621648097876,0.0004293647944,-0.000584897701629,0.000229740646319,-0.000513022532687,0.000424496101914,-0.00128825614229,0.00533935334533,-0.00332740158774,0.000634672062006,-0.000899829436094,0.000733531021979],[-0.00000906920467969,0.000708060979377,-0.00045671602129,0.000361591111869,-0.000678659067489,0.000544411188457,-0.000585742236581,0.000308675691485,-0.00332740158774,0.00824103038758,-0.0030135945417,0.00110789027531,-0.000231201018323],[0.0000282849014184,-0.000460546667455,0.000703848141711,-0.000114528083941,0.000746778270695,-0.000281036598608,-0.000212020328036,-0.000267564930255,0.000634672062006,-0.0030135945417,0.00923404376954,-0.00296348356642,0.000794344872702],[0.000152003878611,0.000765432137996,-0.000551158853341,0.000500769121572,-0.000326184759615,0.000477776688058,-0.000574449950363,0.000766278186347,-0.000899829436094,0.00110789027531,-0.00296348356642,0.0100977187976,-0.00363404466771],[-0.0000661585072521,0.000105831495603,0.000535619386937,0.000091838890512,0.000020997986212,0.000679662451148,-0.00000424244581154,-0.000828838092275,0.000733531021979,-0.000231201018323,0.000794344872702,-0.00363404466771,0.00970408320427]],"mean":[-210.911941528,86.3288040161,-121.676040649,1.67234146595,-52.2516517639,-0.806500136852,-32.3991584778,0.632678806782,-20.5216293335,-2.78802776337,-12.8478460312,-2.69705033302,-11.1693754196]},"hfc":{"dmean":6.52611017227,"dmean2":9.2126121521,"dvar":633.321105957,"dvar2":1221.8614502,"max":1258.87561035,"mean":11.2963342667,"median":0.992099702358,"min":1.12402886757e-16,"var":1671.55639648},"melbands":{"dmean":[0.000141539509059,0.00043328924221,0.000258603977272,0.000223637660383,0.0000860446380102,0.0000800273919594,0.000100487202872,0.0000996819944703,0.0000908309957595,0.00006976442819,0.0000506135511387,0.0000716394060873,0.0000697183932061,0.0000455063309346,0.0000584902518312,0.000103044170828,0.0000298047725664,0.0000284838788502,0.0000247035459324,0.0000158146813192,0.0000120066006275,0.00000947500484472,0.0000100480892797,0.00000687212786943,0.00000396243012801,0.00000557788234801,0.00000252325753536,0.00000268165331363,0.00000186714930805,0.00000136426058361,0.00000103500258319,0.0000011723981288,7.84854080393e-7,6.78135450016e-7,8.34976617625e-7,8.56014878536e-7,7.57142174734e-7,5.19913385233e-7,3.13117084261e-7,2.29895462667e-7],"dmean2":[0.000235972198425,0.000708757550456,0.000409756117733,0.000363951199688,0.000138840579893,0.000126990722492,0.000159982606419,0.000155563262524,0.000139289724757,0.000107161744381,0.0000753710774006,0.000108532498416,0.00010637602827,0.0000680801022099,0.0000900704617379,0.000157446716912,0.0000444662473456,0.000044080621592,0.000037766960304,0.0000243201830017,0.0000178346508619,0.0000143383667819,0.0000154265744641,0.0000107297464638,0.00000619737829766,0.00000884354358277,0.00000391104367736,0.00000416277998738,0.00000288869682663,0.0000021468417799,0.0000016298022274,0.00000174597960267,0.00000121593677704,0.00000104271794044,0.00000126224574615,0.00000132277898501,0.00000113378905553,8.07641811207e-7,4.65535009653e-7,3.61216450528e-7],"dvar":[5.18316312537e-7,0.00000831041143101,0.00000771549730416,0.00000554246616957,1.67181838151e-7,2.75824987739e-7,2.1354642854e-7,2.09244930716e-7,1.96022398313e-7,9.52620169414e-8,5.04026509418e-8,1.58899922553e-7,2.68803972858e-7,5.66932492063e-8,1.30251194719e-7,8.94393792805e-7,3.16816937129e-8,3.67897925457e-8,3.69590722471e-8,1.38446836218e-8,6.36669961196e-9,3.1835052372e-9,2.50777043576e-9,2.29071539515e-9,8.19951051501e-10,1.30081678762e-9,2.55652637948e-10,4.1019584951e-10,1.07860533005e-10,6.50443865435e-11,3.77751545322e-11,1.03959105213e-10,3.23832904936e-11,2.33447410708e-11,4.92110519001e-11,1.23138013675e-10,1.76263587059e-10,4.23367521596e-11,1.0152423173e-11,7.61820467821e-12],"dvar2":[0.00000138990287724,0.0000195129396161,0.0000173311418621,0.0000144535979416,4.34153776041e-7,7.66598930113e-7,5.44564898064e-7,5.05053264988e-7,4.4359373419e-7,2.2393527388e-7,1.1038604697e-7,3.48928608673e-7,6.26504856882e-7,1.2663214477e-7,2.94235661613e-7,0.00000190209459561,6.15257320646e-8,8.42217389163e-8,7.90173757537e-8,2.93738295909e-8,1.23934231766e-8,7.18056725191e-9,5.47601253231e-9,5.23296872501e-9,1.75069503339e-9,3.01281799509e-9,5.96260096852e-10,8.68569494106e-10,2.46052400676e-10,1.53599313824e-10,8.13180564552e-11,2.08437295202e-10,7.92221080403e-11,5.43056849489e-11,9.9602756598e-11,2.92588453465e-10,4.1859826716e-10,9.60235779779e-11,2.04160438555e-11,1.86808346569e-11],"max":[0.0303582251072,0.184121951461,0.200137525797,0.17047098279,0.0154393576086,0.0436579436064,0.021751133725,0.0219385251403,0.0223165675998,0.0142255825922,0.00939221214503,0.0212884861976,0.0328399688005,0.0142121333629,0.0151478387415,0.068556137383,0.0101074473932,0.00677982438356,0.0168785136193,0.00963919330388,0.00754277314991,0.00438228948042,0.00262970803306,0.0029762336053,0.00193121051416,0.00134634959977,0.000794321415015,0.00160937837791,0.000524739909451,0.000487988960231,0.000233089318499,0.000591014744714,0.000254540354945,0.000244505325099,0.000355290365405,0.000937452714425,0.00144258735236,0.000503349816427,0.000230768404435,0.000152585023898],"mean":[0.000297535210848,0.000862260931171,0.000354972085916,0.000280026491964,0.000126541097416,0.000113555004646,0.000137573486427,0.000142996141221,0.000133580309921,0.000100041950645,0.000077501324995,0.000099172219052,0.0000854384124978,0.0000605065142736,0.000069432258897,0.000127504186821,0.0000397267685912,0.0000328496535076,0.0000301941054204,0.0000199589703698,0.0000164302018675,0.0000116106411951,0.0000123863301269,0.00000868362258188,0.00000480178778162,0.00000628553698334,0.00000303089814224,0.00000324051438838,0.00000227712780543,0.00000166018355685,0.00000126595432448,0.00000140062377341,9.12741597858e-7,8.05934121217e-7,0.00000100006047887,9.84745383903e-7,8.59929059516e-7,6.56063889437e-7,4.19443495048e-7,2.91608102998e-7],"median":[7.88390480011e-7,8.99955978184e-7,0.00000729124712961,0.00000872331020219,0.00000551613857169,0.00000473993532069,0.00000523212383996,0.00000326787767335,0.00000298974737234,0.00000269000247499,0.00000202986120712,0.00000151597771492,0.00000125135613871,0.00000110934411168,8.37390928154e-7,6.43559133096e-7,4.13097609453e-7,4.0656487954e-7,3.30489399403e-7,2.54805314626e-7,2.20600526291e-7,1.92776838048e-7,1.43100464811e-7,1.06390274368e-7,8.41895868575e-8,5.8870448072e-8,4.28881250514e-8,3.33209868586e-8,2.23094751561e-8,1.49780916558e-8,1.06190576332e-8,7.78723752148e-9,6.12584960535e-9,4.36238778434e-9,4.17064738301e-9,3.96218613474e-9,3.05444425308e-9,2.72168287907e-9,2.08821648862e-9,1.28080412942e-9],"min":[2.22181608993e-24,4.21753044493e-24,1.38146288077e-24,4.2841694699e-24,5.63850401579e-24,3.0382465005e-24,5.25574397141e-24,3.05442012121e-24,1.18735507618e-24,2.81053470046e-24,5.17630686154e-24,3.38012067302e-24,4.60398788037e-24,5.9551768434e-24,4.0979624031e-24,6.72683308671e-24,6.42091519425e-24,6.41152143859e-24,3.53740218258e-24,6.90250136625e-24,5.32945986756e-24,8.52482379455e-24,5.89242374725e-24,5.83653689642e-24,5.45297103063e-24,6.11824622542e-24,5.12017822484e-24,9.3109599742e-24,8.81295839562e-24,6.39418898121e-24,6.3038817625e-24,6.33734248109e-24,7.89978168921e-24,7.04701279548e-24,5.96534210502e-24,6.92239091625e-24,7.43077705979e-24,7.6362429823e-24,6.68774739544e-24,6.7149544192e-24],"var":[0.00000168228291386,0.0000205875730899,0.0000105847502709,0.00000636715958535,2.53192922628e-7,3.31223361627e-7,2.88713721375e-7,3.15617171509e-7,3.36366525744e-7,1.53483114218e-7,8.87604514332e-8,2.49730277346e-7,2.97242792158e-7,8.32188504774e-8,1.65518898143e-7,0.00000137880613238,5.85885047144e-8,4.079629079e-8,5.10475572923e-8,2.06695762728e-8,1.56044404065e-8,4.30252411476e-9,3.90639032233e-9,3.33054051005e-9,1.01070019021e-9,1.68617309004e-9,3.32655569757e-10,6.52402687429e-10,2.02162619978e-10,1.0112528176e-10,6.91186136104e-11,1.97797972445e-10,4.4068668853e-11,3.61676105731e-11,8.90891249661e-11,1.54814341902e-10,2.12202352912e-10,7.48388434557e-11,2.24408200356e-11,1.07595833285e-11]},"melbands_crest":{"dmean":4.20803499222,"dmean2":6.78157329559,"dvar":14.5521631241,"dvar2":36.2345809937,"max":38.915309906,"mean":14.9293260574,"median":13.6719894409,"min":1.76132249832,"var":47.0606384277},"melbands_flatness_db":{"dmean":0.0338723510504,"dmean2":0.0494554825127,"dvar":0.00121666165069,"dvar2":0.00233698426746,"max":0.613487124443,"mean":0.237063497305,"median":0.231138348579,"min":0.00561620201916,"var":0.0100494027138},"melbands_kurtosis":{"dmean":9.00197029114,"dmean2":14.7447147369,"dvar":845.532165527,"dvar2":2275.28393555,"max":1173.24719238,"mean":12.7435159683,"median":3.12110495567,"min":-1.94801259041,"var":1376.44958496},"melbands_skewness":{"dmean":0.922523677349,"dmean2":1.4115126133,"dvar":1.44088315964,"dvar2":3.38379454613,"max":29.1564369202,"mean":1.80610346794,"median":1.35486209393,"min":-8.99391937256,"var":5.58465719223},"melbands_spread":{"dmean":11.5094270706,"dmean2":18.2731876373,"dvar":487.610656738,"dvar2":1147.96447754,"max":295.964630127,"mean":27.4639759064,"median":17.3714256287,"min":0.314334750175,"var":1024.13842773},"mfcc":{"cov":[[21293.8457031,2774.97680664,-3603.7097168,-298.736633301,-881.890441895,-360.281768799,-385.017364502,-263.289428711,-413.693756104,-88.1030426025,-241.478561401,-90.7689285278,-269.717224121],[2774.97680664,4929.50683594,-491.429901123,-450.448272705,-52.3326187134,-167.973922729,18.3736076355,-126.411697388,-96.3079833984,-61.7921791077,44.7490119934,-86.5388565063,-100.647964478],[-3603.7097168,-491.429901123,1884.96850586,264.471893311,183.639144897,194.954376221,-27.0601406097,47.3499832153,40.0584144592,16.5571060181,29.9036922455,8.80301094055,28.0955677032],[-298.736633301,-450.448272705,264.471893311,762.817993164,189.435028076,78.8827667236,-24.0690975189,1.24316966534,43.7113952637,23.1116600037,4.94464159012,16.6163768768,23.178358078],[-881.890441895,-52.3326187134,183.639144897,189.435028076,466.86227417,107.176734924,-32.781337738,2.79809617996,28.6202011108,36.3230743408,2.22254276276,-11.8203048706,6.4491276741],[-360.281768799,-167.973922729,194.954376221,78.8827667236,107.176734924,395.708831787,108.923347473,87.5628967285,61.4187965393,64.8112716675,90.9038391113,16.4208488464,27.3031272888],[-385.017364502,18.3736076355,-27.0601406097,-24.0690975189,-32.781337738,108.923347473,356.169647217,131.960647583,55.6875038147,14.9365320206,33.9809188843,5.64368963242,-2.54273033142],[-263.289428711,-126.411697388,47.3499832153,1.24316966534,2.79809617996,87.5628967285,131.960647583,235.26159668,90.1258239746,22.5866203308,42.4245452881,2.06332564354,21.0826244354],[-413.693756104,-96.3079833984,40.0584144592,43.7113952637,28.6202011108,61.4187965393,55.6875038147,90.1258239746,207.127944946,93.0311431885,50.5965080261,23.9241504669,32.2562942505],[-88.1030426025,-61.7921791077,16.5571060181,23.1116600037,36.3230743408,64.8112716675,14.9365320206,22.5866203308,93.0311431885,215.31552124,103.352790833,39.196647644,45.4709281921],[-241.478561401,44.7490119934,29.9036922455,4.94464159012,2.22254276276,90.9038391113,33.9809188843,42.4245452881,50.5965080261,103.352790833,202.750335693,69.4312286377,41.4815139771],[-90.7689285278,-86.5388565063,8.80301094055,16.6163768768,-11.8203048706,16.4208488464,5.64368963242,2.06332564354,23.9241504669,39.196647644,69.4312286377,149.969345093,62.5876045227],[-269.717224121,-100.647964478,28.0955677032,23.178358078,6.4491276741,27.3031272888,-2.54273033142,21.0826244354,32.2562942505,45.4709281921,41.4815139771,62.5876045227,152.200515747]],"icov":[[0.0000947455991991,-0.0000479959926452,0.000174418659299,-0.0000864931862452,0.000177279580384,-0.000124618774862,0.000168467828189,-0.0001002193967,0.000172448664671,-0.000147366343299,0.000176463276148,-0.0000774252403062,0.000139900090289],[-0.0000479959926452,0.000255891383858,-0.0000513319682796,0.000166186320712,-0.000157290633069,0.000151150568854,-0.000159423914738,0.000203825795325,-0.0000901463063201,0.000170097744558,-0.000323208165355,0.000200875409064,-0.00000924462347029],[0.000174418659299,-0.0000513319682796,0.000920225633308,-0.00028720262344,0.000206840602914,-0.000473961379612,0.000437316251919,-0.000256987957982,0.000298902305076,-0.000173098756932,0.000290141470032,-0.000122892000945,0.000228001968935],[-0.0000864931862452,0.000166186320712,-0.00028720262344,0.00166967953555,-0.000719917181414,0.0000431982043665,-0.000127724415506,0.000297469698125,-0.000443061609985,0.000255868391832,-0.000161817340995,-0.0000261170553131,-0.000192920051632],[0.000177279580384,-0.000157290633069,0.000206840602914,-0.000719917181414,0.00297273532487,-0.000942745944485,0.00072441296652,-0.000197715853574,0.000226399861276,-0.000693160924129,0.000756299588829,0.0000720287280274,0.000287604692858],[-0.000124618774862,0.000151150568854,-0.000473961379612,0.0000431982043665,-0.000942745944485,0.00373529829085,-0.00111177947838,-0.000304029177641,-0.000270073913271,0.0000257196152234,-0.00157359556761,0.000522228132468,-0.000382878672099],[0.000168467828189,-0.000159423914738,0.000437316251919,-0.000127724415506,0.00072441296652,-0.00111177947838,0.00415910966694,-0.00209792377427,0.000146952923387,-0.000226067146286,0.000487187586259,-0.000453628366813,0.000750830571633],[-0.0001002193967,0.000203825795325,-0.000256987957982,0.000297469698125,-0.000197715853574,-0.000304029177641,-0.00209792377427,0.00677574751899,-0.00265115103684,0.0013008863898,-0.00124992767815,0.00107040104922,-0.000877664424479],[0.000172448664671,-0.0000901463063201,0.000298902305076,-0.000443061609985,0.000226399861276,-0.000270073913271,0.000146952923387,-0.00265115103684,0.00763626629487,-0.00317957159132,0.000749561120756,-0.000586669077165,0.0000353305149474],[-0.000147366343299,0.000170097744558,-0.000173098756932,0.000255868391832,-0.000693160924129,0.0000257196152234,-0.000226067146286,0.0013008863898,-0.00317957159132,0.00786140467972,-0.00358120491728,0.000552264857106,-0.00124074949417],[0.000176463276148,-0.000323208165355,0.000290141470032,-0.000161817340995,0.000756299588829,-0.00157359556761,0.000487187586259,-0.00124992767815,0.000749561120756,-0.00358120491728,0.00871894787997,-0.00321835861541,0.000359774800017],[-0.0000774252403062,0.000200875409064,-0.000122892000945,-0.0000261170553131,0.0000720287280274,0.000522228132468,-0.000453628366813,0.00107040104922,-0.000586669077165,0.000552264857106,-0.00321835861541,0.00951767619699,-0.00330764218234],[0.000139900090289,-0.00000924462347029,0.000228001968935,-0.000192920051632,0.000287604692858,-0.000382878672099,0.000750830571633,-0.000877664424479,0.0000353305149474,-0.00124074949417,0.000359774800017,-0.00330764218234,0.00861529354006]],"mean":[-847.820739746,120.736618042,-8.90848827362,3.96360754967,-1.97035002708,-3.70980024338,-2.5759704113,-0.936839878559,-3.5413851738,-0.710674166679,-2.98859024048,-0.272458463907,-2.35641908646]},"pitch_salience":{"dmean":0.0892515778542,"dmean2":0.143023446202,"dvar":0.00647101178765,"dvar2":0.0160656329244,"max":0.932040512562,"mean":0.572176218033,"median":0.589708924294,"min":0.056755181402,"var":0.0223058387637},"silence_rate_20dB":{"dmean":0.0015514298575,"dmean2":0.00310302036814,"dvar":0.0015487113269,"dvar2":0.00371292210184,"max":1,"mean":0.99813836813,"median":1,"min":0,"var":0.00185848132242},"silence_rate_30dB":{"dmean":0.0119977248833,"dmean2":0.0239966902882,"dvar":0.0118489628658,"dvar2":0.025700064376,"max":1,"mean":0.97207570076,"median":1,"min":0,"var":0.0271548330784},"silence_rate_60dB":{"dmean":0.0618503391743,"dmean2":0.123707078397,"dvar":0.0580267719924,"dvar2":0.118744313717,"max":1,"mean":0.624107956886,"median":1,"min":0,"var":0.234595626593},"spectral_centroid":{"dmean":321.343170166,"dmean2":471.531433105,"dvar":255972.046875,"dvar2":450637.15625,"max":11625.2705078,"mean":1424.03039551,"median":1064.4934082,"min":156.163208008,"var":1300413.25},"spectral_complexity":{"dmean":1.71360599995,"dmean2":2.49513864517,"dvar":8.18965625763,"dvar2":14.749625206,"max":59,"mean":6.55124616623,"median":3,"min":0,"var":75.7058410645},"spectral_contrast_coeffs":{"dmean":[0.0509606450796,0.0488839820027,0.0398079790175,0.0343163795769,0.0266861449927,0.0206496473402],"dmean2":[0.0780715048313,0.0770342722535,0.0622332654893,0.0525106415153,0.0403144694865,0.0309945624322],"dvar":[0.00203929282725,0.00184769555926,0.0013031095732,0.00108952971641,0.000738937873393,0.000457908521639],"dvar2":[0.00416699238122,0.00407563475892,0.00282618077472,0.00224048481323,0.0015227739932,0.000895809731446],"max":[-0.214823201299,-0.242955118418,-0.398079276085,-0.380666732788,-0.454119116068,-0.499088406563],"mean":[-0.654142856598,-0.761828839779,-0.790222287178,-0.791485548019,-0.801950335503,-0.797187566757],"median":[-0.659299492836,-0.776643157005,-0.809859335423,-0.808607578278,-0.814790725708,-0.808367073536],"min":[-0.967212319374,-0.983640611172,-0.979762196541,-0.968364655972,-0.967305958271,-0.962246835232],"var":[0.0185083355755,0.010242447257,0.00907328817993,0.00771467806771,0.00569369737059,0.00398397538811]},"spectral_contrast_valleys":{"dmean":[0.421712726355,0.405108273029,0.397043019533,0.371365338564,0.362692862749,0.369907021523],"dmean2":[0.698847532272,0.649882674217,0.600021541119,0.536811590195,0.498880654573,0.486971199512],"dvar":[0.124055869877,0.133037254214,0.154601171613,0.149551048875,0.16717094183,0.221251383424],"dvar2":[0.31131079793,0.29488453269,0.291285872459,0.267500191927,0.286583781242,0.364906698465],"max":[-4.97848129272,-3.77599644661,-4.19414186478,-4.79553413391,-5.13242959976,-6.68880796432],"mean":[-9.98352622986,-8.58661746979,-8.97486591339,-9.51117897034,-9.75203132629,-12.4082365036],"median":[-10.5533981323,-8.50612735748,-8.85662651062,-9.44994735718,-9.77278995514,-12.60795784],"min":[-27.8608951569,-27.8626327515,-27.8754615784,-27.5604553223,-27.451417923,-27.4015922546],"var":[2.75922679901,3.03097820282,2.91659045219,2.68245983124,2.45371341705,2.26469278336]},"spectral_decrease":{"dmean":1.40404532445e-9,"dmean2":2.05464179004e-9,"dvar":4.03115685093e-17,"dvar2":9.08867742067e-17,"max":1.52278328835e-11,"mean":-3.03042346772e-9,"median":-2.638873009e-10,"min":-4.01407447725e-7,"var":9.64532762127e-17},"spectral_energy":{"dmean":0.00584793370217,"dmean2":0.00851761549711,"dvar":0.000644708867185,"dvar2":0.00143359811045,"max":1.56593191624,"mean":0.0124621251598,"median":0.00117572629824,"min":1.03666798009e-20,"var":0.00157782703172},"spectral_energyband_high":{"dmean":0.000249286065809,"dmean2":0.000369570887415,"dvar":0.00000264069694822,"dvar2":0.00000533256115887,"max":0.102995544672,"mean":0.000340697966749,"median":0.0000043672675929,"min":7.33233251365e-21,"var":0.00000570990277993},"spectral_energyband_low":{"dmean":0.00150729797315,"dmean2":0.00247829663567,"dvar":0.000085168176156,"dvar2":0.000203570059966,"max":0.580146551132,"mean":0.00320852128789,"median":0.0000154404260684,"min":3.23131152958e-23,"var":0.000238302789512},"spectral_energyband_middle_high":{"dmean":0.00277058477513,"dmean2":0.00396159989759,"dvar":0.00012752879411,"dvar2":0.000257685693214,"max":0.594420969486,"mean":0.00447421474382,"median":0.00016723520821,"min":1.41107682486e-21,"var":0.000290030380711},"spectral_energyband_middle_low":{"dmean":0.00252243853174,"dmean2":0.00381755759008,"dvar":0.000312686432153,"dvar2":0.000770883285441,"max":1.3834284544,"mean":0.00472023664042,"median":0.000504083349369,"min":2.11174908884e-22,"var":0.000479183217976},"spectral_entropy":{"dmean":0.21595980227,"dmean2":0.312299311161,"dvar":0.0612347349524,"dvar2":0.108923614025,"max":9.82461547852,"mean":7.19222593307,"median":7.236951828,"min":4.03651666641,"var":0.587806761265},"spectral_flux":{"dmean":0.0151066463441,"dmean2":0.0236719027162,"dvar":0.00084283092292,"dvar2":0.00202841823921,"max":1.00224220753,"mean":0.0413408465683,"median":0.0212289560586,"min":6.65647328923e-11,"var":0.00323578366078},"spectral_kurtosis":{"dmean":4.80074834824,"dmean2":7.98458814621,"dvar":62.664691925,"dvar2":173.0675354,"max":168.304824829,"mean":12.6777486801,"median":7.03463125229,"min":-1.23500263691,"var":297.181427002},"spectral_rms":{"dmean":0.000532076286618,"dmean2":0.000721941876691,"dvar":0.00000106187894744,"dvar2":0.00000198777115656,"max":0.0390862934291,"mean":0.00208368292078,"median":0.001071004197,"min":3.18022539726e-12,"var":0.00000781660946814},"spectral_rolloff":{"dmean":629.904663086,"dmean2":1044.37890625,"dvar":1884263,"dvar2":4001020,"max":19401.4160156,"mean":1873.68005371,"median":1152.02636719,"min":21.533203125,"var":5219767.5},"spectral_skewness":{"dmean":0.443177014589,"dmean2":0.708573639393,"dvar":0.265994995832,"dvar2":0.687301695347,"max":10.4400100708,"mean":2.26293420792,"median":1.95098042488,"min":-0.821602761745,"var":1.8495541811},"spectral_spread":{"dmean":559883.25,"dmean2":833127.375,"dvar":637199187968,"dvar2":1225721380860,"max":41701432,"mean":3841970,"median":3381909.25,"min":559271.625,"var":4937498492930},"spectral_strongpeak":{"dmean":0.484421759844,"dmean2":0.759640276432,"dvar":1.43242883682,"dvar2":3.21423149109,"max":32.0979537964,"mean":0.795031964779,"median":0.220680832863,"min":0,"var":3.04619836807},"zerocrossingrate":{"dmean":0.0145916733891,"dmean2":0.0166263356805,"dvar":0.000575569283683,"dvar2":0.000603875203524,"max":0.5126953125,"mean":0.0715042948723,"median":0.0498046875,"min":0,"var":0.00455669313669}},"metadata":{"audio_properties":{"analysis_sample_rate":44100,"bit_rate":356000,"codec":"vorbis","downmix":"mix","equal_loudness":0,"length":448.988311768,"lossless":false,"md5_encoded":"5192cded2987e35058e5b61882389f0e","replay_gain":3.08320045471,"sample_rate":44100},"tags":{"acoustid_id":["bfbf1e20-aee1-4014-b105-0f41365422ed"],"album":["Creative Anarchy"],"albumartist":["Various Artists"],"albumartistsort":["Various Artists"],"artist":["Igor Stravinsky"],"artistsort":["Stravinsky, Igor Fyodorovitch"],"catalognumber":["PAND-39102"],"compilation":["1"],"composer":["Игорь Фёдорович Стравинский"],"composersort":["Stravinsky, Igor Fyodorovitch"],"conductor":["Kent Nagano"],"date":["1998"],"discnumber":["1"],"disctotal":["1"],"file_name":"08 Igor Stravinsky - The Royal March.ogg","label":["Pangæa"],"media":["CD"],"musicbrainz_albumartistid":["89ad4ac3-39f7-470e-963a-56509c546377"],"musicbrainz_albumid":["4d015829-36cb-4f3b-bf0a-9bfd30778fff"],"musicbrainz_artistid":["c278de2c-9696-4fdf-a919-0781cd945e2c"],"musicbrainz_recordingid":["61eff33d-6154-4dc2-a251-5ab244f051aa"],"musicbrainz_releasegroupid":["ff0bb6ed-495f-4ff2-83d4-0eb75a26ae01"],"musicbrainz_releasetrackid":["9b471471-6145-4a53-84b5-ea830739392f"],"musicbrainz_workid":["6a9d1cf4-eb16-49a6-952d-cbf30258c4fa"],"originaldate":["1998"],"originalyear":["1998"],"performer":["London Sinfonietta (orchestra)","Vanessa Redgrave (spoken vocals)","Sting (spoken vocals)","Ian McKellen (spoken vocals)"],"releasecountry":["US"],"releasestatus":["promotion"],"releasetype":["album","compilation"],"script":["Latn"],"title":["The Royal March"],"totaldiscs":["1"],"totaltrack