{"lowlevel":{"average_loudness":0.950663924217,"barkbands":{"dmean":[0.000191949788132,0.00462124543265,0.00143238867167,0.00105770793743,0.00122429267503,0.000801387534011,0.000553572899662,0.00108536088374,0.00099794997368,0.00120487611275,0.000485451688292,0.000601247185841,0.000493554689456,0.0004554419138,0.000327805930283,0.000357923127012,0.000494841835462,0.000440527801402,0.000263401423581,0.000243479924393,0.000126280414406,0.0000990514163277,0.0000507609911438,0.0000257688716374,0.0000115085804282,0.00000223579854719,6.40511302663e-7],"dmean2":[0.000283983186819,0.00692871538922,0.00241291779093,0.00173453334719,0.00194178766105,0.00121894921176,0.000857300881762,0.00167412555311,0.00159402063582,0.00189617380966,0.000771102379076,0.000969558081124,0.000807843636721,0.000753700966015,0.000540377630387,0.000604429573286,0.00084756326396,0.000743591634091,0.000442659918917,0.000412641005823,0.000211565740756,0.000157988673891,0.0000800706402515,0.0000378669865313,0.0000172971940628,0.00000336085577146,8.93982758043e-7],"dvar":[1.88303346249e-7,0.000116849201731,0.00000422858647653,0.00000200981753551,0.00000267238988272,0.0000017537339545,0.0000014815581153,0.00000497125256516,0.00000394179687646,0.0000059494418565,0.0000010750849242,0.00000112720829293,0.00000100042359463,4.94240680382e-7,4.5043967134e-7,1.56716339461e-7,2.63981917215e-7,2.8072531677e-7,2.19903483867e-7,1.189725225e-7,2.65436774782e-8,1.5334991943e-8,8.08788236384e-9,1.10552074162e-8,2.30159669101e-9,1.04905910348e-10,8.13714980813e-13],"dvar2":[3.82601399451e-7,0.000237987464061,0.0000113088954095,0.00000487757097289,0.00000650196807328,0.00000410990605815,0.00000279572213913,0.0000111131730591,0.00000933212959353,0.000015225235984,0.00000253066355071,0.00000275909633274,0.00000264806499217,0.00000126486543195,0.00000114965985176,4.17177432155e-7,7.51713173486e-7,7.75824958055e-7,6.16557997546e-7,3.26058710698e-7,6.94858570682e-8,3.42814630017e-8,1.93337470478e-8,2.48865941188e-8,4.87906559599e-9,2.32578761805e-10,1.61889750737e-12],"max":[0.00411898130551,0.0833029448986,0.0249807350338,0.0290645584464,0.0348389521241,0.0296124946326,0.070306263864,0.0459428280592,0.0332076996565,0.0522832907736,0.0338571853936,0.0446229502559,0.0278385281563,0.0134646603838,0.0275422893465,0.0134082278237,0.00878037884831,0.0115837128833,0.0254088696092,0.00845518801361,0.00231934152544,0.00236433837563,0.0024251556024,0.00430660229176,0.00158815144096,0.000409558415413,0.0000118508123705],"mean":[0.000211205900996,0.0050519425422,0.00208255741745,0.00161878042854,0.00290082697757,0.00194564345293,0.00103700417094,0.00202750181779,0.00170071364846,0.0021570539102,0.00091442395933,0.00107143248897,0.00086787895998,0.000841619330458,0.000659107754473,0.000790871737991,0.00115569925401,0.00109400250949,0.000702077813912,0.000658119621221,0.000327634654241,0.000282504654024,0.000103164718894,0.0000492474318889,0.0000206516815524,0.00000377077935809,0.00000179246944754],"median":[0.0000499820307596,0.00140591990203,0.00125674367882,0.00102891889401,0.00185468618292,0.000917335739359,0.00046236126218,0.000657891039737,0.000762691313867,0.000859928200953,0.000442070682766,0.000574250123464,0.000385795137845,0.000552675337531,0.000446994206868,0.000692876987159,0.00102331978269,0.000916678807698,0.00055000197608,0.000521777197719,0.000257650914136,0.000207961245906,0.000055978565797,0.0000256396288023,0.0000105319977592,0.0000018229457055,8.10582378108e-7],"min":[2.86304640991e-25,1.12096612012e-24,1.44154587997e-24,2.08481106665e-24,8.0996104117e-24,1.18323550648e-23,1.04856693142e-23,9.90974957748e-24,1.62092582895e-23,1.12731986223e-23,8.85083634085e-24,2.41167321614e-23,4.725488237e-23,2.7359296003e-23,4.58667995657e-23,9.53905310961e-23,6.00992292247e-23,1.34980790424e-22,1.44442489095e-22,2.04698020064e-22,2.98102710583e-22,3.58002850248e-22,3.7055505351e-22,5.8880572917e-22,8.47160174741e-22,1.33175351607e-21,1.95970981874e-21],"var":[2.24771639523e-7,0.000133406851091,0.00000544286012882,0.00000365832897842,0.0000115815973913,0.00000707808112566,0.00000603499938734,0.0000162885116879,0.00000819656452222,0.0000138342275022,0.0000023021641482,0.00000221412733481,0.00000227728241953,0.00000103196020973,7.90878971202e-7,3.34914318501e-7,5.27712700205e-7,6.62681713948e-7,4.1649633431e-7,3.29711099312e-7,6.11313524246e-8,5.46554623782e-8,1.72217280436e-8,1.89516509153e-8,4.14163858764e-9,1.43754314008e-10,4.40278889735e-12]},"barkbands_crest":{"dmean":2.62082624435,"dmean2":4.15679216385,"dvar":8.60605621338,"dvar2":17.5667858124,"max":26.1683769226,"mean":8.20045471191,"median":6.77648258209,"min":2.13262891769,"var":19.8627567291},"barkbands_flatness_db":{"dmean":0.0159664545208,"dmean2":0.0246431399137,"dvar":0.000269699463388,"dvar2":0.000594986893702,"max":0.408198297024,"mean":0.105102188885,"median":0.094783872366,"min":0.0375700034201,"var":0.00181059318129},"barkbands_kurtosis":{"dmean":0.94365978241,"dmean2":1.49535512924,"dvar":2.44456076622,"dvar2":5.57368612289,"max":41.2178535461,"mean":0.291731923819,"median":-0.405418276787,"min":-1.78490042686,"var":6.82562923431},"barkbands_skewness":{"dmean":0.36137843132,"dmean2":0.546990156174,"dvar":0.150883108377,"dvar2":0.309277683496,"max":5.89571809769,"mean":0.721703886986,"median":0.651629805565,"min":-3.24031376839,"var":0.554416656494},"barkbands_spread":{"dmean":4.87678050995,"dmean2":7.81003427505,"dvar":24.9092998505,"dvar2":61.7694091797,"max":121.284065247,"mean":28.8950157166,"median":28.4479904175,"min":0.883166909218,"var":109.520606995},"dissonance":{"dmean":0.0118875233456,"dmean2":0.0201021749526,"dvar":0.000252283643931,"dvar2":0.000677147705574,"max":0.500000119209,"mean":0.476975411177,"median":0.482864916325,"min":0.116798989475,"var":0.000729068880901},"dynamic_complexity":1.74115562439,"erbbands":{"dmean":[0.17785872519,0.903410077095,1.32322335243,3.00502848625,2.35426211357,5.23197984695,5.7874994278,8.26871776581,7.3449845314,14.9095230103,20.7803134918,21.5111732483,44.2511291504,18.1135463715,18.9698867798,26.6538619995,23.2614631653,21.5974388123,18.7544746399,12.9439201355,21.6179237366,22.8058586121,27.0202903748,14.0642185211,13.5509519577,10.4739141464,5.05211782455,5.25633096695,3.51477789879,2.30914354324,1.33638811111,0.659916937351,0.392215162516,0.166207134724,0.0675299167633,0.0153219737113,0.00365672842599,0.000610340503044,0.000108265950985,0.0000147311802721],"dmean2":[0.272418022156,1.37777733803,2.18921995163,4.93467140198,3.76785421371,8.40755462646,9.09300899506,12.4071054459,11.4751329422,22.7889881134,32.1242141724,34.2833747864,69.1683197021,28.9480438232,29.8824520111,43.1003990173,38.1744995117,35.5388031006,31.0003433228,21.5190525055,36.4918556213,38.8288383484,45.6326332092,23.8527812958,22.6858253479,17.6266994476,8.60224151611,8.82328033447,5.63002204895,3.38381934166,2.1467757225,0.991578996181,0.569556057453,0.247068747878,0.102719806135,0.0234449561685,0.00545369507745,0.000844194495585,0.000151144413394,0.000020577774194],"dvar":[0.191809877753,4.28034925461,3.36663794518,17.7042675018,8.40560626984,56.527923584,68.6435852051,224.670928955,232.948532104,1226.55419922,2217.68920898,1946.51965332,8947.43457031,1353.35083008,1925.31604004,1979.9909668,2431.63378906,1282.70397949,1349.97753906,545.400634766,487.787322998,532.540588379,1007.04925537,358.39276123,840.43536377,211.207473755,35.5302314758,46.9752044678,18.3021736145,11.2823038101,7.08440208435,5.35946798325,2.63974523544,0.487776190042,0.0782240778208,0.00724684633315,0.0000841526052682,7.94972436324e-7,2.20990354904e-8,2.44449349651e-10],"dvar2":[0.404089272022,8.97373771667,9.05417156219,43.4742279053,20.1853313446,140.678756714,163.726257324,517.924194336,511.197875977,2583.39648438,4976.99609375,4688.00048828,22834.0058594,3502.22680664,4303.09667969,4956.88916016,6513.69873047,3258.38818359,3593.31298828,1290.79418945,1281.86437988,1505.63220215,2770.85571289,1004.29675293,2311.3894043,573.496459961,97.006111145,123.935653687,41.8452644348,21.7033500671,17.5226097107,12.1413316727,5.88602876663,1.0453979969,0.164607554674,0.0151988863945,0.000189513521036,0.00000145433170928,4.49659012247e-8,4.86318707527e-10],"max":[3.57050228119,16.3557052612,20.8860492706,49.9444732666,107.714073181,150.776443481,148.382995605,378.026611328,605.834472656,1486.77209473,1215.34057617,1014.93310547,1955.53466797,959.945922852,1852.68664551,1106.53283691,1437.93920898,756.939086914,1848.87011719,1118.0177002,709.505004883,340.152740479,572.688537598,386.577636719,1703.60510254,365.948455811,93.1521911621,100.293983459,81.7648849487,62.5783424377,87.8361206055,99.7989578247,56.0206108093,23.406578064,10.1848163605,3.53900241852,0.311278045177,0.0194418560714,0.0021725287661,0.000227848955547],"mean":[0.180667430162,0.999246895313,2.01731824875,4.63351345062,5.01341438293,10.920882225,13.4009723663,19.6519737244,15.7312822342,29.7347698212,38.5045433044,39.1998977661,82.5303726196,36.5296859741,38.0153579712,50.4685783386,44.622718811,41.7982406616,40.2049827576,31.0741500854,52.7926635742,61.5414772034,68.1449661255,38.6565132141,37.9534683228,29.3233375549,14.0322637558,13.7235593796,10.1547422409,5.82747983932,2.65880131721,1.30122292042,0.680434703827,0.305956333876,0.110766097903,0.0241483431309,0.00625542132184,0.00143597077113,0.00029062552494,0.0000611545838183],"median":[0.0376334935427,0.32038974762,1.38790678978,2.9625415802,3.29541683197,6.41057682037,8.09320068359,8.06380271912,7.81868934631,10.8843889236,13.9940929413,19.3126068115,31.9294433594,20.4955215454,20.0629920959,27.9237976074,22.2340774536,25.8136405945,29.191860199,24.1780796051,47.150604248,55.9958190918,58.1640777588,31.6138420105,29.3854179382,23.3001022339,11.8768196106,10.4859428406,7.54078245163,3.43144321442,1.51909577847,0.680490136147,0.321933209896,0.151235342026,0.0516740754247,0.00850105285645,0.00360442954116,0.00092269142624,0.000144523000927,0.0000506293363287],"min":[1.8537764267e-23,3.96322936233e-22,2.53773801663e-21,7.25462600368e-21,1.57191862146e-20,2.47040963451e-20,6.62971690029e-20,1.27914835109e-19,1.31568983013e-19,1.50698103365e-19,3.05416278658e-19,4.67471765704e-19,5.63421976724e-19,8.44074122203e-19,1.34303432738e-18,1.39356358568e-18,2.23840801983e-18,1.79573755873e-18,2.72056766978e-18,2.93845304018e-18,4.44139451146e-18,4.89066194474e-18,5.85965440151e-18,7.32262795315e-18,6.77426304172e-18,9.87700552529e-18,1.07624816915e-17,1.0635301018e-17,1.23343481941e-17,1.1386201516e-17,1.14291843021e-17,9.83030621663e-18,7.70013664111e-18,8.99931809172e-18,6.42805445455e-18,4.57732882383e-18,2.60952425601e-18,1.03216496393e-18,2.72211723756e-19,2.78041899508e-20],"var":[0.204904988408,4.7285284996,4.16893720627,25.865316391,44.6779060364,177.107666016,249.259994507,892.520019531,790.249328613,4433.48779297,6930.3203125,3866.72900391,22217.4765625,3086.99169922,3734.21069336,4090.37426758,5273.77246094,2856.82543945,2311.85620117,1134.21081543,1121.76623535,1236.52575684,2367.31933594,914.870788574,1477.58154297,612.422424316,90.3190231323,118.652481079,68.503868103,36.2474212646,12.8453397751,9.08622646332,4.56820058823,0.925450205803,0.126892760396,0.0108208209276,0.000126163300592,0.00000225261373998,1.0333221212e-7,1.51182466546e-9]},"erbbands_crest":{"dmean":2.04429125786,"dmean2":3.357660532,"dvar":4.60697984695,"dvar2":11.719042778,"max":29.754983902,"mean":7.72206258774,"median":6.36922740936,"min":2.2372674942,"var":16.8213005066},"erbbands_flatness_db":{"dmean":0.0138349961489,"dmean2":0.0199165698141,"dvar":0.000174212560523,"dvar2":0.000317660684232,"max":0.462657511234,"mean":0.171028539538,"median":0.166160315275,"min":0.0306745078415,"var":0.00169641233515},"erbbands_kurtosis":{"dmean":0.487342983484,"dmean2":0.771697878838,"dvar":0.477044254541,"dvar2":1.08188331127,"max":52.8740158081,"mean":-0.00850212667137,"median":-0.388667106628,"min":-1.71164178848,"var":7.66288471222},"erbbands_skewness":{"dmean":0.268698722124,"dmean2":0.420421600342,"dvar":0.0533792935312,"dvar2":0.126646861434,"max":4.47430515289,"mean":-0.12012425065,"median":-0.170071557164,"min":-3.98224401474,"var":0.430653601885},"erbbands_spread":{"dmean":4.70189332962,"dmean2":7.29194831848,"dvar":18.6201515198,"dvar2":41.7721176147,"max":104.34815979,"mean":33.9430236816,"median":33.1398048401,"min":1.16734135151,"var":122.868247986},"gfcc":{"cov":[[15426.0126953,518.274536133,-1496.03759766,1003.55200195,-578.507995605,232.394744873,-350.463806152,181.595870972,36.624546051,-78.1924972534,-367.870788574,-380.424560547,-235.260314941],[518.274536133,870.464782715,-340.497497559,59.6828689575,115.847541809,-304.6222229,72.1611633301,-102.329574585,17.8300132751,-31.8425273895,17.4258480072,22.9812526703,68.7674407959],[-1496.03759766,-340.497497559,559.038146973,-42.2283172607,3.48846626282,155.184692383,-63.2828407288,86.7404708862,30.0516700745,69.5346221924,49.2705307007,43.5547790527,10.0020399094],[1003.55200195,59.6828689575,-42.2283172607,336.765686035,65.173576355,-15.5039548874,-18.490442276,-3.61349964142,65.3202514648,8.29338359833,-40.794090271,-59.6622924805,9.00028419495],[-578.507995605,115.847541809,3.48846626282,65.173576355,184.531433105,-8.13316631317,93.0866546631,-15.8592796326,14.5194196701,2.76375722885,17.1206035614,25.2062549591,30.6143741608],[232.394744873,-304.6222229,155.184692383,-15.5039548874,-8.13316631317,276.702606201,13.4458122253,117.332351685,-4.99976062775,39.4256019592,6.24802494049,0.670010268688,-22.6614303589],[-350.463806152,72.1611633301,-63.2828407288,-18.490442276,93.0866546631,13.4458122253,190.525436401,-9.3285074234,19.9126300812,-30.4749889374,21.837518692,21.1834888458,0.683035194874],[181.595870972,-102.329574585,86.7404708862,-3.61349964142,-15.8592796326,117.332351685,-9.3285074234,153.781356812,30.147605896,57.8678779602,-1.26329088211,-6.96037483215,2.22318482399],[36.624546051,17.8300132751,30.0516700745,65.3202514648,14.5194196701,-4.99976062775,19.9126300812,30.147605896,99.5858764648,39.0418624878,5.14208841324,-26.4488544464,-1.87857401371],[-78.1924972534,-31.8425273895,69.5346221924,8.29338359833,2.76375722885,39.4256019592,-30.4749889374,57.8678779602,39.0418624878,97.744178772,29.9736042023,7.80862760544,11.0670156479],[-367.870788574,17.4258480072,49.2705307007,-40.794090271,17.1206035614,6.24802494049,21.837518692,-1.26329088211,5.14208841324,29.9736042023,85.3220977783,58.1149139404,19.9023723602],[-380.424560547,22.9812526703,43.5547790527,-59.6622924805,25.2062549591,0.670010268688,21.1834888458,-6.96037483215,-26.4488544464,7.80862760544,58.1149139404,92.6417007446,40.3657722473],[-235.260314941,68.7674407959,10.0020399094,9.00028419495,30.6143741608,-22.6614303589,0.683035194874,2.22318482399,-1.87857401371,11.0670156479,19.9023723602,40.3657722473,72.3488006592]],"icov":[[0.000365631509339,-0.00053949363064,0.00103128224146,-0.00132537679747,0.00150463497266,-0.00137373770121,0.000552702345885,-0.000268747593509,-0.000202743962291,0.000203562667593,0.000599711434916,-0.00118944549467,0.0011223568581],[-0.00053949363064,0.00350746349432,-0.000345161708537,0.00196449528448,-0.00362176657654,0.00465129083022,-0.000865244714078,-0.000598428305238,0.000130757820443,-0.000213238585275,-0.0018764315173,0.00188532588072,-0.00276848603971],[0.00103128224146,-0.000345161708537,0.00622242828831,-0.00306117744185,0.00251544476487,-0.00444619962946,0.00376247055829,-0.00129821966402,-0.00285856262781,0.00120677077211,0.000614379649051,-0.0047956937924,0.00299727614038],[-0.00132537679747,0.00196449528448,-0.00306117744185,0.00969345029444,-0.00821932032704,0.00396455684677,0.00041364345816,0.00176514312625,-0.00297432905063,0.00043388287304,-0.00154917000327,0.00655569555238,-0.00567314727232],[0.00150463497266,-0.00362176657654,0.00251544476487,-0.00821932032704,0.017048439011,-0.00626083603129,-0.0040962966159,0.000860296422616,0.00172615784686,-0.00262048398145,0.00431134179235,-0.00606756610796,0.00249203015119],[-0.00137373770121,0.00465129083022,-0.00444619962946,0.00396455684677,-0.00626083603129,0.0149770090356,-0.00458803121001,-0.00496270693839,0.0047544632107,-0.00203954125755,-0.00350764254108,0.00498826056719,-0.00261313118972],[0.000552702345885,-0.000865244714078,0.00376247055829,0.00041364345816,-0.0040962966159,-0.00458803121001,0.0126888314262,-0.00110791972838,-0.00702287256718,0.00730053987354,-0.00185753719416,-0.00389883248135,0.0036457455717],[-0.000268747593509,-0.000598428305238,-0.00129821966402,0.00176514312625,0.000860296422616,-0.00496270693839,-0.00110791972838,0.0139011628926,-0.00263567408547,-0.00603873562068,0.00382154691033,0.000665984058287,-0.00324793369509],[-0.000202743962291,0.000130757820443,-0.00285856262781,-0.00297432905063,0.00172615784686,0.0047544632107,-0.00702287256718,-0.00263567408547,0.0209126770496,-0.00815040618181,-0.00395307596773,0.00920077692717,-0.00136848539114],[0.000203562667593,-0.000213238585275,0.00120677077211,0.00043388287304,-0.00262048398145,-0.00203954125755,0.00730053987354,-0.00603873562068,-0.00815040618181,0.0219539664686,-0.00820791628212,0.000280881533399,-0.000238205931964],[0.000599711434916,-0.0018764315173,0.000614379649051,-0.00154917000327,0.00431134179235,-0.00350764254108,-0.00185753719416,0.00382154691033,-0.00395307596773,-0.00820791628212,0.0286787897348,-0.0193459372967,0.00487593282014],[-0.00118944549467,0.00188532588072,-0.0047956937924,0.00655569555238,-0.00606756610796,0.00498826056719,-0.00389883248135,0.000665984058287,0.00920077692717,0.000280881533399,-0.0193459372967,0.0363799296319,-0.0164458099753],[0.0011223568581,-0.00276848603971,0.00299727614038,-0.00567314727232,0.00249203015119,-0.00261313118972,0.0036457455717,-0.00324793369509,-0.00136848539114,-0.000238205931964,0.00487593282014,-0.0164458099753,0.026422008872]],"mean":[19.9413509369,100.137138367,-151.004501343,42.513835907,-52.0206680298,1.18012928963,-23.6069068909,2.40189099312,-17.169462204,-6.57605409622,-13.490149498,-0.422467976809,-7.77627325058]},"hfc":{"dmean":4.82981491089,"dmean2":7.52901220322,"dvar":26.6363620758,"dvar2":63.714389801,"max":127.665557861,"mean":30.0004520416,"median":29.103061676,"min":1.092253353e-16,"var":180.878707886},"melbands":{"dmean":[0.00142751086969,0.000796976441052,0.000471357692732,0.000212096478208,0.000236807929468,0.000176083456608,0.000109055581561,0.000182102055987,0.000165397228557,0.000147002036101,0.000221107562538,0.0000747365047573,0.0000668480133754,0.0000592751639488,0.0000727838560124,0.0000413107773056,0.0000456069101347,0.0000340260630765,0.0000214715291804,0.0000206453896681,0.0000302930566249,0.0000271970129688,0.0000316989644489,0.0000209235586226,0.0000127573403006,0.00000988167812466,0.0000127586827148,0.00000654005634715,0.00000335518484462,0.00000353942277798,0.00000343314081874,0.00000241851898863,0.00000170172563685,0.00000126540544443,9.32692785227e-7,4.98142128436e-7,3.95559112576e-7,3.1676458434e-7,1.93663652226e-7,1.34832987442e-7],"dmean2":[0.00215520896018,0.00124150968622,0.000765899603721,0.000344853906427,0.000369958026567,0.000266217481112,0.000169242193806,0.000279306521406,0.000256735365838,0.000233387356275,0.00034540364868,0.000119392265333,0.000105290782813,0.0000946794389165,0.000117864328786,0.0000681747405906,0.0000753409331082,0.0000562691093364,0.0000352986753569,0.0000345560038113,0.0000515199681104,0.0000465338926006,0.0000536859879503,0.000035581204429,0.0000216992448259,0.000016559895812,0.000021607553208,0.0000109671473183,0.00000575340300202,0.00000605404375165,0.00000576039064981,0.00000398167321691,0.00000260446950051,0.00000192118909581,0.00000155477425778,7.81725020715e-7,6.01240913056e-7,4.64700576686e-7,2.97066605981e-7,2.04262661896e-7],"dvar":[0.0000118197203847,0.00000142695353134,3.8354309595e-7,7.42574925994e-8,1.09524791014e-7,9.49779774828e-8,4.81158615173e-8,1.642286378e-7,1.46649142607e-7,8.33827229485e-8,2.20955016061e-7,2.53109639914e-8,2.34405757027e-8,1.27876385037e-8,1.55056714135e-8,7.16695902625e-9,5.74024339173e-9,4.20992840588e-9,2.00633221148e-9,7.48463679923e-10,9.42391387149e-10,8.24669887933e-10,1.1879891515e-9,6.99375002355e-10,3.03119473966e-10,4.48814457821e-10,4.11735784356e-10,7.1764608145e-11,1.51342410826e-11,2.09819609603e-11,1.83057579511e-11,8.45961495299e-12,5.98816569247e-12,3.26377878716e-12,3.01123102148e-12,2.36788800373e-12,2.09406580617e-12,1.69241671458e-12,7.03244699887e-13,2.99108990614e-13],"dvar2":[0.0000244142211159,0.00000300197530123,9.2960198117e-7,1.93297509554e-7,2.57377450907e-7,2.19359634457e-7,1.02044538153e-7,3.5967255485e-7,3.32576945539e-7,1.99240631105e-7,5.64813376513e-7,6.51966090004e-8,5.37131690237e-8,2.92676265445e-8,3.93563901468e-8,1.91100877345e-8,1.46035814552e-8,1.11584537166e-8,4.70690286747e-9,1.95253391233e-9,2.51904497262e-9,2.33145569517e-9,3.35087713133e-9,1.96642280237e-9,8.52998616185e-10,1.25007260099e-9,1.14227083348e-9,1.95302135575e-10,4.1310729143e-11,5.57844360982e-11,4.94880733615e-11,2.19312554228e-11,1.15808239734e-11,6.81392615942e-12,7.92059300092e-12,5.42276249946e-12,4.82496551393e-12,3.82010265434e-12,1.63281118227e-12,6.46426705567e-13],"max":[0.0269093755633,0.0107576716691,0.00975581258535,0.00722022540867,0.0068688262254,0.00730271218345,0.0100818034261,0.0133511051536,0.00847566872835,0.00594932073727,0.009880322963,0.00427568797022,0.00535641238093,0.00610890425742,0.00322419730946,0.00262032868341,0.00169843004551,0.00324176019058,0.00189081311692,0.000946113839746,0.000731216743588,0.000440480711404,0.000468907004688,0.000675611139741,0.000341273553204,0.00126592244487,0.000670678971801,0.000195292988792,0.000069497655204,0.0000717671355233,0.0000740268078516,0.0000647232882329,0.000039632392145,0.0000347692002833,0.00005801908992,0.0000519014211022,0.0000707785293343,0.0000495455242344,0.000027630245313,0.000019477945898],"mean":[0.00150288071018,0.00117360288277,0.000829168129712,0.000499625748489,0.000551442848518,0.000420816591941,0.000230274992646,0.000360176025424,0.000295497069601,0.000259833264863,0.000406913837651,0.000139181123814,0.000127035775222,0.00011258199811,0.000133487803396,0.0000742119082133,0.0000797186003183,0.0000670826339046,0.0000436132213508,0.0000443444223492,0.0000672587775625,0.000063157742261,0.0000703844416421,0.000049617185141,0.0000291136548185,0.0000242915175477,0.000030820043321,0.0000164242064784,0.00000838254982227,0.00000786654800322,0.00000835209630168,0.00000637523999103,0.00000408207552027,0.00000282633345705,0.00000171216288436,9.1109012601e-7,7.28675104256e-7,4.97745531902e-7,3.41312471619e-7,2.30986032079e-7],"median":[0.000357856915798,0.000710352207534,0.000576545950025,0.000349514884874,0.000325631321175,0.000180443676072,0.000111090936116,0.000123053352581,0.000106689956738,0.000118854120956,0.000151902466314,0.0000705261627445,0.000060499569372,0.0000612973381067,0.0000729341700207,0.0000339145917678,0.000046889152145,0.0000485224809381,0.0000302376283798,0.0000364645638911,0.0000593922595726,0.0000554391299374,0.0000603560110903,0.0000412020817748,0.0000228952885664,0.0000187127479876,0.000023128806788,0.0000130320941025,0.00000715136775398,0.0000061261926021,0.00000625051598035,0.00000496921438753,0.00000244012653638,0.00000154027429744,9.55759674071e-7,4.61636091131e-7,3.6619741195e-7,2.10147561575e-7,1.55961004111e-7,1.13107368804e-7],"min":[3.04919909461e-25,1.12889032652e-24,1.88749526058e-24,1.0718470056e-24,2.8937703728e-24,2.94608269765e-24,2.36124133847e-24,1.71181988129e-24,1.92004661976e-24,2.6797315044e-24,2.51084979523e-24,2.44264073984e-24,2.49875162717e-24,4.44522607332e-24,3.16791275078e-24,4.19772254203e-24,2.61982422396e-24,3.69147973358e-24,3.18704262773e-24,4.96875321864e-24,4.5342466599e-24,3.80651853053e-24,4.94230547351e-24,5.49171514512e-24,5.01522304242e-24,4.80863733185e-24,3.98689867625e-24,5.4023545595e-24,6.1841717257e-24,6.31203937312e-24,5.53233004326e-24,5.69080628266e-24,5.83152526309e-24,5.9077288321e-24,6.41590750522e-24,5.96377227182e-24,5.15524821968e-24,4.62049755583e-24,6.02151531236e-24,7.44425159291e-24],"var":[0.0000131121169034,0.00000195772327061,6.99899317169e-7,2.98896537743e-7,4.38224276422e-7,3.76124091872e-7,1.87547712471e-7,5.88054547279e-7,4.30633690485e-7,1.75627363319e-7,5.46437718185e-7,5.66242448485e-8,4.82455035922e-8,2.84270171846e-8,3.31757661343e-8,1.51327963493e-8,1.18868399568e-8,6.79690570493e-9,3.74784425716e-9,1.64239344347e-9,1.91465332477e-9,1.60191560017e-9,2.30714203298e-9,1.53783785706e-9,6.41710518057e-10,6.07942307607e-10,1.01198793789e-9,1.84956799876e-10,3.3254093923e-11,3.94855294295e-11,4.77012179756e-11,2.71177975908e-11,1.7784941922e-11,9.89460163109e-12,5.11414174897e-12,3.73742399876e-12,3.46299334694e-12,2.80197544854e-12,1.16714092818e-12,5.48839511165e-13]},"melbands_crest":{"dmean":3.52496409416,"dmean2":5.50546741486,"dvar":13.3579092026,"dvar2":26.8543586731,"max":35.9811592102,"mean":11.9164800644,"median":10.5300121307,"min":1.61548793316,"var":30.7565040588},"melbands_flatness_db":{"dmean":0.0210704300553,"dmean2":0.0319547131658,"dvar":0.00048925424926,"dvar2":0.000976524257567,"max":0.472044736147,"mean":0.152668118477,"median":0.141252785921,"min":0.00445981603116,"var":0.00280937342905},"melbands_kurtosis":{"dmean":2.84699249268,"dmean2":4.3774523735,"dvar":25.8632526398,"dvar2":56.0281105042,"max":94.4871063232,"mean":4.39260292053,"median":2.51528167725,"min":-1.62492012978,"var":43.4744338989},"melbands_skewness":{"dmean":0.505751669407,"dmean2":0.753479123116,"dvar":0.354861646891,"dvar2":0.695317685604,"max":8.23933410645,"mean":1.71009719372,"median":1.58983778954,"min":-2.77705979347,"var":1.14185571671},"melbands_spread":{"dmean":7.73721790314,"dmean2":12.1621112823,"dvar":57.7550926208,"dvar2":127.580657959,"max":157.949752808,"mean":36.4007644653,"median":34.4844856262,"min":1.96384596825,"var":287.063018799},"mfcc":{"cov":[[6517.37548828,247.59916687,-70.6478652954,243.136749268,9.32390117645,167.664855957,-99.3167495728,100.772476196,84.3996276855,229.86428833,142.439453125,4.36123371124,-172.793014526],[247.59916687,844.136901855,-304.101257324,249.817474365,-62.3994140625,-59.8388938904,-24.9618759155,-43.7246665955,8.36130809784,-78.8141708374,-11.8112783432,-26.4890651703,0.327504456043],[-70.6478652954,-304.101257324,406.66973877,-128.157333374,104.652366638,-14.6092357635,-16.6440677643,15.4998407364,-3.48334574699,43.4471435547,12.5574150085,34.7510299683,37.16456604],[243.136749268,249.817474365,-128.157333374,330.276275635,23.5031337738,32.5185775757,-48.7382087708,-38.4637489319,26.71916008,-2.3444545269,-11.2628297806,-11.8135938644,-16.7676124573],[9.32390117645,-62.3994140625,104.652366638,23.5031337738,139.006896973,19.5744628906,8.94711303711,-4.68865680695,23.3640060425,27.3114395142,9.46036243439,11.2994422913,10.6278362274],[167.664855957,-59.8388938904,-14.6092357635,32.5185775757,19.5744628906,112.704696655,43.1849060059,38.1386756897,12.9998607635,21.1864852905,9.60073471069,8.10882377625,-6.83158254623],[-99.3167495728,-24.9618759155,-16.6440677643,-48.7382087708,8.94711303711,43.1849060059,116.990707397,65.0538635254,15.4755210876,-6.02624225616,6.88692235947,10.9305744171,13.941286087],[100.772476196,-43.7246665955,15.4998407364,-38.4637489319,-4.68865680695,38.1386756897,65.0538635254,98.4030456543,24.0285663605,16.0026512146,7.21742630005,5.12943410873,4.09419536591],[84.3996276855,8.36130809784,-3.48334574699,26.71916008,23.3640060425,12.9998607635,15.4755210876,24.0285663605,82.0578689575,52.5638999939,24.8917484283,9.32785511017,-7.43910360336],[229.86428833,-78.8141708374,43.4471435547,-2.3444545269,27.3114395142,21.1864852905,-6.02624225616,16.0026512146,52.5638999939,97.7712249756,48.62657547,19.5085048676,-9.3747844696],[142.439453125,-11.8112783432,12.5574150085,-11.2628297806,9.46036243439,9.60073471069,6.88692235947,7.21742630005,24.8917484283,48.62657547,69.6066894531,34.8841514587,8.69231700897],[4.36123371124,-26.4890651703,34.7510299683,-11.8135938644,11.2994422913,8.10882377625,10.9305744171,5.12943410873,9.32785511017,19.5085048676,34.8841514587,61.7367095947,30.4260597229],[-172.793014526,0.327504456043,37.16456604,-16.7676124573,10.6278362274,-6.83158254623,13.941286087,4.09419536591,-7.43910360336,-9.3747844696,8.69231700897,30.4260597229,65.3194885254]],"icov":[[0.000209762874874,-0.000145655227243,-0.000045277269237,-0.0000439793548139,-0.0000301724758174,-0.000265959650278,0.000361502432497,-0.000438726507127,0.000319995189784,-0.000403703132179,-0.000255231774645,-0.000097672935226,0.000555499107577],[-0.000145655227243,0.00248318118975,0.00123013171833,-0.0015309000155,0.000034830027289,0.00196943571791,-0.000310620787786,-0.000109915017674,-0.00103208620567,0.00236644502729,-0.00146853574552,0.000676852941979,-0.00111491256393],[-0.000045277269237,0.00123013171833,0.00545724341646,0.00127759156749,-0.00402384484187,0.00146515213419,0.00272954301909,-0.00236264755949,0.00110430317,-0.00098548992537,0.00118200969882,-0.0015974676935,-0.00195837416686],[-0.0000439793548139,-0.0015309000155,0.00127759156749,0.00603943224996,-0.00211180187762,-0.00353379780427,0.00364859122783,0.000773621664848,-0.00211879704148,0.00020343833603,0.00196389853954,-0.000816563027911,-0.000231538579101],[-0.0000301724758174,0.000034830027289,-0.00402384484187,-0.00211180187762,0.0118494108319,-0.00153330306057,-0.00401588482782,0.00447057560086,-0.00272527942434,-0.00110727804713,0.000148400722537,0.00141758599784,-0.000993445399217],[-0.000265959650278,0.00196943571791,0.00146515213419,-0.00353379780427,-0.00153330306057,0.0152509398758,-0.00536005431786,-0.00325071415864,0.003143472597,-0.00259065837599,0.000392460555304,-0.00175203254912,0.00148817151785],[0.000361502432497,-0.000310620787786,0.00272954301909,0.00364859122783,-0.00401588482782,-0.00536005431786,0.0203012246639,-0.0109342290089,-0.00326344836503,0.00624881498516,-0.00253748008981,-0.00147091993131,-0.00166532280855],[-0.000438726507127,-0.000109915017674,-0.00236264755949,0.000773621664848,0.00447057560086,-0.00325071415864,-0.0109342290089,0.021183533594,-0.00467083696276,-0.00191227172036,0.00232133548707,0.00212345574982,-0.00178303360008],[0.000319995189784,-0.00103208620567,0.00110430317,-0.00211879704148,-0.00272527942434,0.003143472597,-0.00326344836503,-0.00467083696276,0.024384021759,-0.0147138116881,0.00138361926656,-0.00156338792294,0.00265034008771],[-0.000403703132179,0.00236644502729,-0.00098548992537,0.00020343833603,-0.00110727804713,-0.00259065837599,0.00624881498516,-0.00191227172036,-0.0147138116881,0.0307716391981,-0.0157303642482,0.00144270271994,0.00239046895877],[-0.000255231774645,-0.00146853574552,0.00118200969882,0.00196389853954,0.000148400722537,0.000392460555304,-0.00253748008981,0.00232133548707,0.00138361926656,-0.0157303642482,0.0322507433593,-0.0140527794138,-0.000269192183623],[-0.000097672935226,0.000676852941979,-0.0015974676935,-0.000816563027911,0.00141758599784,-0.00175203254912,-0.00147091993131,0.00212345574982,-0.00156338792294,0.00144270271994,-0.0140527794138,0.0311211794615,-0.0123928198591],[0.000555499107577,-0.00111491256393,-0.00195837416686,-0.000231538579101,-0.000993445399217,0.00148817151785,-0.00166532280855,-0.00178303360008,0.00265034008771,0.00239046895877,-0.000269192183623,-0.0123928198591,0.0250771064311]],"mean":[-601.628601074,118.151298523,-33.1280784607,37.7113685608,-6.7637834549,5.90611886978,-2.68337965012,8.88751411438,1.12269842625,-3.07639598846,-0.0556267127395,-1.27956938744,-3.08600640297]},"pitch_salience":{"dmean":0.0678187906742,"dmean2":0.105110786855,"dvar":0.0046431007795,"dvar2":0.00938076898456,"max":0.839803636074,"mean":0.601345956326,"median":0.62336063385,"min":0.121102876961,"var":0.0121573349461},"silence_rate_20dB":{"dmean":0,"dmean2":0,"dvar":0,"dvar2":0,"max":1,"mean":1,"median":1,"min":1,"var":0},"silence_rate_30dB":{"dmean":0,"dmean2":0,"dvar":0,"dvar2":0,"max":1,"mean":1,"median":1,"min":1,"var":0},"silence_rate_60dB":{"dmean":0.000243042901275,"dmean2":0.000486144883325,"dvar":0.000242983092903,"dvar2":0.000485910626594,"max":1,"mean":0.0213851761073,"median":0,"min":0,"var":0.0209278203547},"spectral_centroid":{"dmean":185.663619995,"dmean2":296.311981201,"dvar":31543.0585938,"dvar2":72754.984375,"max":11790.3974609,"mean":1943.86560059,"median":1909.99182129,"min":345.488220215,"var":645855.0625},"spectral_complexity":{"dmean":3.68598866463,"dmean2":6.07316493988,"dvar":9.53981113434,"dvar2":24.2922229767,"max":64,"mean":35.503036499,"median":37,"min":0,"var":84.6473388672},"spectral_contrast_coeffs":{"dmean":[0.0480029247701,0.0450311675668,0.0380056537688,0.0274567548186,0.0196963474154,0.0186021123081],"dmean2":[0.0764698311687,0.0740587338805,0.0620879344642,0.0466502085328,0.0336491726339,0.0287706311792],"dvar":[0.00153246510308,0.00132977135945,0.000920983264223,0.000463789998321,0.000229629178648,0.000295490201097],"dvar2":[0.00382436136715,0.00344162411056,0.002391227521,0.00130560353864,0.000656982243527,0.000589825795032],"max":[-0.313807457685,-0.444564223289,-0.515040516853,-0.623604059219,-0.579857170582,-0.537375748158],"mean":[-0.645754992962,-0.737320125103,-0.754683613777,-0.790368855,-0.784196197987,-0.684405624866],"median":[-0.647283732891,-0.745316743851,-0.76249140501,-0.791781067848,-0.783787786961,-0.683075428009],"min":[-0.975105047226,-0.979556322098,-0.976360619068,-0.969769120216,-0.965230941772,-0.964446306229],"var":[0.00691061606631,0.00524810701609,0.00428004609421,0.0013072200818,0.000943728839047,0.00306752836332]},"spectral_contrast_valleys":{"dmean":[0.366768956184,0.306735605001,0.25640591979,0.202466100454,0.147841185331,0.27202680707],"dmean2":[0.590187609196,0.513420760632,0.425097346306,0.337515562773,0.24600289762,0.367238670588],"dvar":[0.102023661137,0.06466717273,0.0474976934493,0.0318483002484,0.0238503068686,0.111474521458],"dvar2":[0.244056090713,0.167415633798,0.115364402533,0.0756588801742,0.0484165251255,0.184336781502],"max":[-5.44341754913,-5.01020860672,-5.22470712662,-5.69728136063,-5.62056875229,-7.71284723282],"mean":[-7.23264694214,-6.63599824905,-6.91061210632,-7.06423807144,-6.72266864777,-10.4455814362],"median":[-6.99646043777,-6.43465232849,-6.69421958923,-6.81853485107,-6.46250915527,-10.0970554352],"min":[-28.1116924286,-27.7640895844,-27.7567234039,-27.6361484528,-27.4491424561,-27.3247585297],"var":[3.06184196472,3.12299227715,3.06330323219,3.14719629288,3.21408557892,2.74431443214]},"spectral_decrease":{"dmean":2.09464268153e-9,"dmean2":3.11681525034e-9,"dvar":7.17340043475e-18,"dvar2":1.44160640109e-17,"max":2.66626078539e-28,"mean":-7.30111482383e-9,"median":-6.74937128409e-9,"min":-2.60909356342e-8,"var":1.43368730478e-17},"spectral_energy":{"dmean":0.00817406829447,"dmean2":0.012154863216,"dvar":0.00010335148545,"dvar2":0.000207994075026,"max":0.101319342852,"mean":0.0302771441638,"median":0.028408434242,"min":1.01067859532e-20,"var":0.000220840141992},"spectral_energyband_high":{"dmean":0.000283850531559,"dmean2":0.000446750113042,"dvar":1.63345319493e-7,"dvar2":3.69677366052e-7,"max":0.00874251034111,"mean":0.0010057821637,"median":0.000798759399913,"min":7.16851197827e-21,"var":5.50939319055e-7},"spectral_energyband_low":{"dmean":0.00599300395697,"dmean2":0.00889902282506,"dvar":0.000112575486128,"dvar2":0.00022160091612,"max":0.0882898792624,"mean":0.0082332836464,"median":0.0042477818206,"min":8.55599011119e-24,"var":0.000147866099724},"spectral_energyband_middle_high":{"dmean":0.00210071727633,"dmean2":0.0033278001938,"dvar":0.0000066944980972,"dvar2":0.0000167335838341,"max":0.0648262798786,"mean":0.00997077487409,"median":0.00864625908434,"min":1.23959982011e-21,"var":0.0000360292178812},"spectral_energyband_middle_low":{"dmean":0.00362525414675,"dmean2":0.00569576304406,"dvar":0.0000151612739501,"dvar2":0.0000368722357962,"max":0.0753211975098,"mean":0.0126414373517,"median":0.0110418973491,"min":1.73502282064e-22,"var":0.0000653569950373},"spectral_entropy":{"dmean":0.0766857564449,"dmean2":0.118112199008,"dvar":0.00600815098733,"dvar2":0.0120056373999,"max":9.81865215302,"mean":7.776263237,"median":7.80849075317,"min":4.53916883469,"var":0.126958847046},"spectral_flux":{"dmean":0.0217143669724,"dmean2":0.0353305898607,"dvar":0.000566433707718,"dvar2":0.00150689866859,"max":0.268654972315,"mean":0.0927266329527,"median":0.0888675898314,"min":6.09766404036e-11,"var":0.0013080695644},"spectral_kurtosis":{"dmean":1.45874166489,"dmean2":2.57978463173,"dvar":2.98224759102,"dvar2":9.33112812042,"max":57.66979599,"mean":3.69637775421,"median":3.13950800896,"min":-1.27410495281,"var":11.5151758194},"spectral_rms":{"dmean":0.000681070960127,"dmean2":0.000997407827526,"dvar":5.48677462575e-7,"dvar2":0.00000103633522031,"max":0.00994224008173,"mean":0.0052487696521,"median":0.00526455556974,"min":3.14010818216e-12,"var":0.00000198903398996},"spectral_rolloff":{"dmean":451.228881836,"dmean2":729.379943848,"dvar":423911.375,"dvar2":1037243.5625,"max":19659.8144531,"mean":2236.8203125,"median":2304.05273438,"min":43.06640625,"var":2444941.5},"spectral_skewness":{"dmean":0.177178904414,"dmean2":0.303842782974,"dvar":0.0297828409821,"dvar2":0.0889452695847,"max":6.4528169632,"mean":1.07239925861,"median":1.04745137691,"min":-0.117668710649,"var":0.183967337012},"spectral_spread":{"dmean":285962.71875,"dmean2":426283.125,"dvar":210814189568,"dvar2":417038073856,"max":42617712,"mean":3561736.75,"median":3266961,"min":1464952.625,"var":8095610175490},"spectral_strongpeak":{"dmean":0.650273919106,"dmean2":1.10650384426,"dvar":0.800374746323,"dvar2":2.02073717117,"max":10.9558668137,"mean":1.18912553787,"median":0.670952856541,"min":0,"var":1.4757386446},"zerocrossingrate":{"dmean":0.00790002197027,"dmean2":0.00969269126654,"dvar":0.0000641082588118,"dvar2":0.0000936126089073,"max":0.5322265625,"mean":0.0732209458947,"median":0.0703125,"min":0.013671875,"var":0.00149182078894}},"metadata":{"audio_properties":{"analysis_sample_rate":44100,"bit_rate":0,"codec":"flac","downmix":"mix","equal_loudness":0,"length":191.066665649,"lossless":true,"md5_encoded":"e07b1e6d542c5ab059488976a41fb2d6","replay_gain":-13.5532779694,"sample_rate":44100},"tags":{"album":["Cut the Crap"],"albumartist":["The Clash"],"albumartistsort":["Clash, The"],"artist":["The Clash"],"artistsort":["Clash, The"],"asin":["B00004UBBA"],"barcode":["5099749535022"],"catalognumber":["495350 2"],"date":["2000"],"discnumber":["1"],"disctotal":["1"],"file_name":"01-02 Dirty Punk.flac","genre":["Alternative"],"isrc":["GBBBN9902150"],"label":["Columbia"],"media":["CD"],"musicbrainz_albumartistid":["8f92558c-2baa-4758-8c38-615519e9deda"],"musicbrainz_albumid":["91a48102-e906-3f38-a699-e6371f1a7e87"],"musicbrainz_artistid":["8f92558c-2baa-4758-8c38-615519e9deda"],"musicbrainz_recordingid":["62287c5d-3da7-4abd-a3e1-a529d05b33ea"],"musicbrainz_releasegroupid":["baa6b405-9291-39c1-9722-602c391dda81"],"originaldate":["1985-11-04"],"releasecountry":["XE"],"releasestatus":["official"],"releasetype":["album"],"script":["Latn"],"title":["Dirty Punk"],"totaldiscs":["1"],"totaltracks":["13"],"tracknumber":["2"],"tracktotal":["13"]},"version":{"essentia":"2.1-beta1","essentia_build_sha":"ca57ba49d9b1854bd80e60cf9ccf267278fb7d6b","essentia_git_sha":"v2.1_beta1-28-g21ef5f4-dirty","extractor":"music 1.0"}},"rhythm":{"beats_count":480,"beats_loudness":{"dmean":0.0102785602212,"dmean2":0.0185102839023,"dvar":0.0000911813112907,"dvar2":0.00027125296765,"max":0.0762438327074,"mean":0.0335921905935,"median":0.033300884068,"min":0,"var":0.000143809855217},"beats_loudness_band_ratio":{"dmean":[0.153064355254,0.0870345979929,0.135803520679,0.0839759707451,0.0642805546522,0.0415793471038],"dmean2":[0.270377606153,0.145838052034,0.2328299582,0.140965551138,0.114536173642,0.0746092423797],"dvar":[0.0198576897383,0.00675685470924,0.0179650261998,0.00793107226491,0.00350088230334,0.0013851422118],"dvar2":[0.0560135878623,0.017815336585,0.056131079793,0.0190200004727,0.0113821495324,0.00