{"lowlevel":{"average_loudness":0.862386882305,"barkbands":{"dmean":[0.000104067534267,0.00446966523305,0.00290236598812,0.00197154446505,0.00178374815732,0.000853086647112,0.000431241991464,0.000553832855076,0.000304686953314,0.000523208931554,0.000311062525725,0.000340160419,0.000720814161468,0.000560668413527,0.000693124835379,0.000438428367488,0.00028474823921,0.000281949702185,0.000271691213129,0.000143012977787,0.000108730157081,0.0000726748548914,0.0000761929768487,0.0000574015502934,0.0000256625371549,0.0000113748237709,0.0000032210491554],"dmean2":[0.000163610864547,0.00771438702941,0.00528011796996,0.0034067532979,0.00314417784102,0.00141733605415,0.000698899850249,0.000849826959893,0.000479152164189,0.000799027620815,0.00050805619685,0.000521923706401,0.00107470201328,0.000854963203892,0.00107879785355,0.000682813639287,0.000444370234618,0.000433108856669,0.000414517126046,0.000220884001465,0.000164750468684,0.000106672967377,0.000113352078188,0.000081949379819,0.0000368226246792,0.0000173212793015,0.00000521127549291],"dvar":[8.42676115553e-8,0.000184842414455,0.0000764521828387,0.0000263337369688,0.0000129699192257,0.00000173887224264,8.68121105668e-7,0.00000164003995451,6.27862789315e-7,0.00000190849937098,0.00000199649389288,8.65327706379e-7,0.00000249058143709,0.00000271284693554,0.00000255190752796,0.00000148458559579,2.77168908269e-7,3.01114539525e-7,2.90449463591e-7,7.07025265001e-8,4.58503848222e-8,2.90673192183e-8,3.34469731911e-8,2.4429587242e-8,3.48496875802e-9,7.84215581362e-10,9.11821382288e-11],"dvar2":[1.93248467895e-7,0.000490602164064,0.000221794165554,0.0000696716597304,0.0000369343761122,0.0000047551679927,0.00000213518205783,0.00000356808686774,0.00000136564574404,0.00000452149060948,0.00000528452255821,0.00000180231995728,0.00000528310738446,0.00000613599604549,0.00000556692066311,0.00000324794677908,6.40466907953e-7,6.68740767651e-7,6.27635074579e-7,1.7359762694e-7,1.05395443484e-7,6.03993441928e-8,7.78413635771e-8,5.34752260251e-8,7.27367011066e-9,1.88329107864e-9,2.24345944599e-10],"max":[0.00286655221134,0.114662230015,0.0870067849755,0.0525397360325,0.0472698882222,0.0228502713144,0.0303548071533,0.0190201159567,0.0214629545808,0.0332140550017,0.0631380453706,0.0221283789724,0.042237367481,0.0444456674159,0.0354742668569,0.0265058763325,0.00898552872241,0.012622019276,0.0135324699804,0.00906626787037,0.00605368847027,0.0045176721178,0.00452976441011,0.00528664793819,0.00188053341117,0.000528070260771,0.00014852618915],"mean":[0.000107012267108,0.00460578128695,0.00338257127441,0.00213972781785,0.00256045581773,0.00170661089942,0.000802911410574,0.0010382279288,0.000497924163938,0.000979648903012,0.00043199051288,0.00057341135107,0.00152453663759,0.00103266409133,0.00121363578364,0.000684247352183,0.000515940773766,0.000520317349583,0.000523334427271,0.000282528693788,0.000187233585166,0.000104142942291,0.0000996164890239,0.0000922550825635,0.0000401966099162,0.0000139262465382,0.0000029298453228],"median":[0.00000844133955979,0.00074923352804,0.000945584150031,0.000668763881549,0.00158071646001,0.00107201200444,0.000422228360549,0.000317213241942,0.00020270179084,0.000346743734553,0.000141512820846,0.000225359530305,0.000565903144889,0.000253381760558,0.000446903548436,0.000235186191276,0.000225774390856,0.000225322917686,0.00027247107937,0.000171884210431,0.0000981534540188,0.0000331649935106,0.0000229003562708,0.0000218570530706,0.0000124248390421,0.00000337404480888,2.80148640286e-7],"min":[1.14580606086e-20,9.13635849966e-20,1.65541717286e-19,2.85640044573e-19,1.37795365354e-18,2.31136142075e-18,2.90352389125e-18,2.90419680268e-18,2.99945057932e-18,1.25837704458e-18,2.55906934057e-19,1.04248662701e-18,3.2259171214e-18,3.26088990411e-18,1.49795522655e-18,5.71116100589e-18,7.52300832064e-18,2.43014186837e-18,5.75531673417e-18,3.8395801667e-17,3.45295727188e-17,2.37179349922e-17,3.88717911699e-17,1.93849743465e-17,3.85395027917e-17,9.027777737e-17,3.19166948492e-15],"var":[8.87147777462e-8,0.000139728072099,0.0000544564063603,0.000022058677132,0.0000106522147689,0.00000395554707211,0.00000162931860359,0.00000421282675234,0.00000123317454381,0.00000387663067158,0.00000172090597061,0.00000177205345153,0.00000853082292451,0.00000847257524583,0.00000675439514453,0.00000263688502855,6.40180360278e-7,7.37387438221e-7,6.09175742738e-7,1.18749071021e-7,7.42699768352e-8,4.94174656751e-8,5.20363094836e-8,5.0624567649e-8,7.27771887199e-9,9.67041335898e-10,8.41568204013e-11]},"barkbands_crest":{"dmean":2.46232318878,"dmean2":4.0082116127,"dvar":6.9198384285,"dvar2":18.102060318,"max":26.4251441956,"mean":8.94823169708,"median":8.13425254822,"min":2.36180090904,"var":14.1821327209},"barkbands_flatness_db":{"dmean":0.0208930056542,"dmean2":0.0307980086654,"dvar":0.0004874401493,"dvar2":0.00105069892015,"max":0.327537000179,"mean":0.129884615541,"median":0.122118748724,"min":0.0243740268052,"var":0.0023161075078},"barkbands_kurtosis":{"dmean":2.5145637989,"dmean2":4.09315299988,"dvar":38.8985862732,"dvar2":94.8122634888,"max":224.440963745,"mean":3.32417798042,"median":-0.114689029753,"min":-1.9040555954,"var":178.952560425},"barkbands_skewness":{"dmean":0.55028295517,"dmean2":0.840723156929,"dvar":0.528387367725,"dvar2":1.19707763195,"max":11.8519506454,"mean":1.12385892868,"median":0.844777166843,"min":-13.7427186966,"var":2.10444831848},"barkbands_spread":{"dmean":5.47454500198,"dmean2":8.2663640976,"dvar":44.5820846558,"dvar2":96.5581970215,"max":105.29763031,"mean":24.6512794495,"median":23.9688796997,"min":1.03539085388,"var":147.632843018},"dissonance":{"dmean":0.0139871928841,"dmean2":0.0232861544937,"dvar":0.000190718652448,"dvar2":0.000505929579958,"max":0.500000059605,"mean":0.470249205828,"median":0.475731104612,"min":0.294752508402,"var":0.000515121151693},"dynamic_complexity":3.27565860748,"erbbands":{"dmean":[0.122182555497,1.06485211849,3.07821369171,5.47818088531,5.7217206955,6.74211740494,6.27256250381,7.42939567566,6.6416592598,5.84602117538,13.149433136,7.96869325638,11.0829277039,16.0964508057,12.6940498352,15.4258384705,33.6432113647,27.8854541779,39.0928649902,22.4846076965,20.4939823151,13.2995204926,13.7637434006,16.1877059937,10.2171564102,6.51299524307,5.17152023315,3.58442544937,2.50331783295,2.51534700394,2.17224359512,1.39969813824,0.871099352837,0.385000497103,0.133566364646,0.056646514684,0.0204495470971,0.00438585598022,0.000575040234253,0.0000315072320518],"dmean2":[0.212829634547,1.85340869427,5.59850645065,9.5332403183,10.2731399536,11.6744499207,10.1970701218,12.6130342484,10.8108100891,9.46398162842,19.9444732666,12.230969429,16.999420166,24.3205871582,20.6429615021,23.1125411987,49.3913345337,41.9417686462,59.0311813354,34.7503318787,31.9665699005,20.4149723053,20.9633140564,24.3785152435,15.5015544891,10.0323619843,7.86198282242,5.3662610054,3.63696670532,3.69199776649,3.27467131615,2.04562711716,1.25182652473,0.553572356701,0.193364709616,0.0844945833087,0.0317654162645,0.00686072325334,0.00093137769727,0.0000489233498229],"dvar":[0.143857106566,10.8202705383,89.9476776123,203.159057617,211.691711426,161.46774292,95.4582443237,172.182556152,176.470565796,215.429916382,1001.09509277,420.776702881,1070.17236328,2220.91137695,2634.5234375,1512.6072998,5481.60107422,4876.79345703,8722.2734375,2710.96191406,3480.60522461,610.193481445,731.517211914,1199.79907227,288.902923584,134.017868042,88.4577178955,63.7541885376,37.1985054016,39.1519622803,29.1585388184,12.5325460434,5.67455625534,0.93625742197,0.0859449505806,0.0177693832666,0.00262536853552,0.000146112593939,0.00000289588751912,5.32188160207e-9],"dvar2":[0.386346340179,29.4530143738,260.341278076,555.097473145,601.159362793,442.959899902,237.747787476,483.299804688,437.669799805,541.408203125,2087.02709961,864.630737305,2400.71044922,5045.58496094,6834.0546875,2989.0168457,11483.7324219,11367.1347656,17723.8085938,6225.22802734,7897.11132813,1426.96130371,1651.54943848,2563.74609375,649.254272461,323.097045898,203.536499023,144.729660034,77.1001434326,85.9293212891,70.7747039795,27.3746318817,12.3617315292,1.94115352631,0.189150556922,0.0413217581809,0.00647628027946,0.000351510301698,0.00000717325383448,1.2570364305e-8],"max":[2.64876794815,27.7152423859,99.001373291,111.17931366,202.807250977,159.879257202,217.233276367,244.657455444,341.37399292,394.468780518,518.551086426,604.370788574,908.424255371,1406.86230469,1832.79614258,931.453308105,2091.90332031,1811.94348145,2207.19628906,1075.03173828,1609.51452637,466.908782959,659.933044434,970.328857422,334.52633667,363.332489014,200.348526001,239.048706055,220.557754517,213.604492188,182.112472534,95.1359863281,79.051612854,31.252073288,11.0323524475,3.23721337318,0.878832221031,0.21815302968,0.0267128180712,0.00104881147854],"mean":[0.10407628864,1.14548265934,3.80604434013,5.94309139252,7.08253240585,9.1020822525,12.8197746277,13.4447031021,13.5337190628,10.7108125687,25.2912254333,14.5423994064,20.5473327637,27.9626598358,20.6401576996,30.7124347687,73.3992538452,59.0523986816,73.4028167725,41.7256088257,35.8746185303,25.6621608734,27.8648338318,31.7930030823,21.15076828,13.3027706146,9.48180484772,5.78959655762,3.75944185257,3.29704165459,2.78940057755,2.10386395454,1.40481853485,0.620275557041,0.196990206838,0.0753408744931,0.0234068743885,0.00444730604067,0.000533913145773,0.0000503110641148],"median":[0.0121717778966,0.252454817295,1.21512818336,1.76955270767,3.72000098228,4.5417175293,7.09983682632,7.73589992523,7.96652030945,5.52198076248,7.28328275681,6.41748476028,8.63035869598,9.32210350037,9.28970146179,14.4001550674,26.4619483948,22.679731369,25.0452785492,18.5165786743,14.4970655441,12.2368831635,12.8425216675,14.6886339188,12.8535776138,8.27381420135,5.33250761032,2.61659312248,1.2983725071,0.834159910679,0.64528220892,0.455459564924,0.336328148842,0.174435660243,0.0593551173806,0.0206865873188,0.00511564034969,0.000700088916346,0.000066839842475,0.00002924231012],"min":[2.08234137211e-18,2.41504445734e-17,1.54278461899e-16,6.35642058042e-16,2.00154944227e-15,5.11683624887e-15,1.12272345216e-14,2.14548668274e-14,3.60527139555e-14,5.30054041566e-14,6.67140089916e-14,6.86684799192e-14,5.24432893759e-14,2.44929758035e-14,1.30609642906e-14,5.43099873613e-14,1.39594038369e-13,1.76713014339e-13,1.0849729047e-13,1.28193693182e-13,3.92708679161e-13,4.02852447581e-13,1.26790098602e-13,3.52008976438e-13,2.84758056978e-13,1.83233072812e-12,1.85579112841e-12,1.32725091768e-12,9.08638127847e-13,6.59551243915e-13,1.1621322394e-12,5.55715304502e-13,3.19786243926e-13,3.74690458781e-13,2.76246229667e-13,3.89659496076e-13,1.48906183065e-13,1.82824499355e-13,1.36024641529e-13,7.97547791698e-14],"var":[0.105271838605,7.83088541031,63.1857032776,159.78503418,149.987548828,165.444549561,282.831756592,338.585998535,380.990478516,358.364959717,2813.92749023,901.130004883,1973.01647949,3946.07055664,2675.76855469,3946.17871094,20398.7070313,17822.3046875,26770.7089844,5503.81494141,6375.04345703,1328.4564209,1880.44555664,2578.80151367,677.955200195,246.001708984,154.447982788,99.7506942749,62.3037490845,64.3355331421,40.9996109009,25.5973892212,11.5746240616,1.96265041828,0.158347949386,0.0257503762841,0.00291803036816,0.000149688945385,0.00000262651769845,5.78013459318e-9]},"erbbands_crest":{"dmean":2.54760336876,"dmean2":4.02832460403,"dvar":6.05522871017,"dvar2":14.2542800903,"max":29.4364261627,"mean":9.79147052765,"median":8.4850063324,"min":2.59756493568,"var":23.5792369843},"erbbands_flatness_db":{"dmean":0.0198623389006,"dmean2":0.0266552083194,"dvar":0.000394740171032,"dvar2":0.00065182952676,"max":0.371164381504,"mean":0.172002926469,"median":0.169630020857,"min":0.0440211743116,"var":0.00200291839428},"erbbands_kurtosis":{"dmean":0.84358638525,"dmean2":1.31112241745,"dvar":1.22112965584,"dvar2":2.948117733,"max":20.7767429352,"mean":0.606288552284,"median":-0.0538003146648,"min":-1.85114443302,"var":4.79917526245},"erbbands_skewness":{"dmean":0.315360695124,"dmean2":0.48274526,"dvar":0.0990370959044,"dvar2":0.228546828032,"max":3.85455727577,"mean":-0.07728151232,"median":-0.136357665062,"min":-3.27677226067,"var":0.569352865219},"erbbands_spread":{"dmean":7.9492521286,"dmean2":12.0117349625,"dvar":91.3395462036,"dvar2":207.552276611,"max":136.815536499,"mean":34.335735321,"median":31.1464958191,"min":2.18399214745,"var":308.445983887},"gfcc":{"cov":[[9180.48046875,-982.330688477,-723.265930176,618.401245117,80.5914611816,622.844482422,44.0189971924,429.316802979,44.6223449707,196.636016846,135.547988892,67.7975006104,-148.128540039],[-982.330688477,1300.7010498,-300.274261475,-84.666885376,299.877075195,-223.121292114,218.224700928,-177.508499146,75.4433441162,6.13228607178,95.1588363647,-56.4282531738,128.325775146],[-723.265930176,-300.274261475,951.026489258,117.722007751,-43.6671867371,149.00138855,-72.8403167725,114.976821899,26.6353549957,-31.7796096802,-98.3031845093,55.6342468262,-63.0336112976],[618.401245117,-84.666885376,117.722007751,389.260284424,109.542778015,47.1391143799,77.2200622559,84.8433074951,60.8843460083,-10.5188493729,6.78087234497,33.9028701782,8.80351257324],[80.5914611816,299.877075195,-43.6671867371,109.542778015,385.593505859,55.6837120056,154.600616455,2.25926351547,62.8239364624,39.6245918274,37.3323326111,26.6105804443,26.3687973022],[622.844482422,-223.121292114,149.00138855,47.1391143799,55.6837120056,323.989074707,44.9995765686,68.5183563232,19.5508136749,63.6409759521,24.363161087,12.4264612198,-37.4206619263],[44.0189971924,218.224700928,-72.8403167725,77.2200622559,154.600616455,44.9995765686,242.726364136,-12.1068401337,52.7941894531,35.2041282654,34.5331001282,20.8378486633,18.6842365265],[429.316802979,-177.508499146,114.976821899,84.8433074951,2.25926351547,68.5183563232,-12.1068401337,224.027954102,9.79337215424,-1.6095212698,2.49001789093,-5.85467100143,-7.31891965866],[44.6223449707,75.4433441162,26.6353549957,60.8843460083,62.8239364624,19.5508136749,52.7941894531,9.79337215424,119.165283203,32.5509681702,14.8045377731,21.6744861603,9.422123909],[196.636016846,6.13228607178,-31.7796096802,-10.5188493729,39.6245918274,63.6409759521,35.2041282654,-1.6095212698,32.5509681702,104.958755493,50.3408203125,10.9453678131,-4.99767351151],[135.547988892,95.1588363647,-98.3031845093,6.78087234497,37.3323326111,24.363161087,34.5331001282,2.49001789093,14.8045377731,50.3408203125,105.389320374,13.5652656555,14.2009801865],[67.7975006104,-56.4282531738,55.6342468262,33.9028701782,26.6105804443,12.4264612198,20.8378486633,-5.85467100143,21.6744861603,10.9453678131,13.5652656555,109.536193848,22.9011383057],[-148.128540039,128.325775146,-63.0336112976,8.80351257324,26.3687973022,-37.4206619263,18.6842365265,-7.31891965866,9.422123909,-4.99767351151,14.2009801865,22.9011383057,90.2525863647]],"icov":[[0.000229629687965,-0.0000609458402323,0.000439981027739,-0.000457036483567,0.00012829239131,-0.000490433769301,0.000255047576502,-0.000382419268135,0.0000975579387159,-0.000285224465188,0.000300626765238,-0.000438614690211,0.000528784119524],[-0.0000609458402323,0.00230547157116,-0.000535285391379,0.00105709233321,-0.00152551592328,0.00162416580133,-0.00144880998414,0.0013270516647,-0.00107358745299,0.00108507508412,-0.00233532604761,0.0026085821446,-0.00245065242052],[0.000439981027739,-0.000535285391379,0.00249096215703,-0.00134054466616,0.000606404675636,-0.00187539553735,0.00123581057414,-0.00142066366971,-0.0000546280643903,-0.000495192129165,0.00242167874239,-0.00234788795933,0.00222091027535],[-0.000457036483567,0.00105709233321,-0.00134054466616,0.00479742558673,-0.00146539334673,0.00151089916471,-0.00176505721174,0.000133567664307,-0.00185062852688,0.00239129085094,-0.0019739898853,0.00132549193222,-0.00192664866336],[0.00012829239131,-0.00152551592328,0.000606404675636,-0.00146539334673,0.00480994815007,-0.00156720250379,-0.000796161184553,-0.000863471825141,0.0000787697936175,-0.0011954351794,0.001462383545,-0.00192705134396,0.00117023522034],[-0.000490433769301,0.00162416580133,-0.00187539553735,0.00151089916471,-0.00156720250379,0.00643231160939,-0.00211081421003,0.000603899534326,-0.000242749942117,-0.00124449690338,-0.00245603127405,0.0024454225786,-0.00123825343326],[0.000255047576502,-0.00144880998414,0.00123581057414,-0.00176505721174,-0.000796161184553,-0.00211081421003,0.00735293328762,-0.000557387073059,-0.000542089343071,-0.00126446795184,0.0013693360379,-0.00226202560589,0.00164896564092],[-0.000382419268135,0.0013270516647,-0.00142066366971,0.000133567664307,-0.000863471825141,0.000603899534326,-0.000557387073059,0.0067929555662,-0.000857253267895,0.00149208796211,-0.00249416031875,0.00307706044987,-0.00256705819629],[0.0000975579387159,-0.00107358745299,-0.0000546280643903,-0.00185062852688,0.0000787697936175,-0.000242749942117,-0.000542089343071,-0.000857253267895,0.0115806749091,-0.00419766409323,0.00171501305886,-0.00215359870344,0.000583185523283],[-0.000285224465188,0.00108507508412,-0.000495192129165,0.00239129085094,-0.0011954351794,-0.00124449690338,-0.00126446795184,0.00149208796211,-0.00419766409323,0.0165590178221,-0.00758966058493,0.0011384121608,-0.000113491907541],[0.000300626765238,-0.00233532604761,0.00242167874239,-0.0019739898853,0.001462383545,-0.00245603127405,0.0013693360379,-0.00249416031875,0.00171501305886,-0.00758966058493,0.017000541091,-0.00450695119798,0.00163576728664],[-0.000438614690211,0.0026085821446,-0.00234788795933,0.00132549193222,-0.00192705134396,0.0024454225786,-0.00226202560589,0.00307706044987,-0.00215359870344,0.0011384121608,-0.00450695119798,0.0145632354543,-0.00660154875368],[0.000528784119524,-0.00245065242052,0.00222091027535,-0.00192664866336,0.00117023522034,-0.00123825343326,0.00164896564092,-0.00256705819629,0.000583185523283,-0.000113491907541,0.00163576728664,-0.00660154875368,0.0171171035618]],"mean":[-9.27384090424,97.3606109619,-133.676040649,31.8038749695,-50.2423019409,5.88570690155,-40.9167404175,-0.481404334307,-27.6362380981,0.667857170105,-12.9189710617,-6.66385555267,-10.504696846]},"hfc":{"dmean":6.58843040466,"dmean2":9.38196659088,"dvar":85.4589157104,"dvar2":170.6118927,"max":161.459762573,"mean":22.1438331604,"median":17.7772350311,"min":1.11702154471e-10,"var":347.885864258},"melbands":{"dmean":[0.00116728397552,0.0015144556528,0.000939914374612,0.00043982535135,0.000225368392421,0.000161436517374,0.0000993705543806,0.0000701249300619,0.000103518541437,0.0000476195200463,0.0000576546335651,0.0000690002052579,0.0000425067228207,0.0000374342198484,0.000057175719121,0.0000712120599928,0.0000565308473597,0.0000670563749736,0.0000374084411305,0.000035823086364,0.0000233719292737,0.0000152542334035,0.0000141016753332,0.0000141881337186,0.0000146298471009,0.00000917550823942,0.00000574399064135,0.00000440730718765,0.00000369127837985,0.00000295920881399,0.00000196389737539,0.00000145060187151,0.00000145881620028,0.00000141987391089,0.00000136449352794,0.00000102370609056,8.39204176373e-7,6.74210355101e-7,4.94184916988e-7,2.8422084597e-7],"dmean2":[0.00201390287839,0.00268809427507,0.00164420541842,0.000780803500675,0.000372412032448,0.00027275973116,0.000161787553225,0.000112845162221,0.00015728463768,0.0000737409864087,0.0000888217036845,0.000104198290501,0.0000693892361596,0.0000576008387725,0.000086265077698,0.000105843188067,0.0000851176446304,0.000100498727988,0.0000591291791352,0.000055302731198,0.000036698373151,0.00002381458944,0.000022123731469,0.0000215903273784,0.0000224264877033,0.0000141183336382,0.00000878369155544,0.00000690055640007,0.00000574603927816,0.00000461904483018,0.00000296570351566,0.00000213963699025,0.00000220660558625,0.00000211647375181,0.00000210438520298,0.00000152872667059,0.00000124594896533,9.85906922324e-7,7.18531509847e-7,4.12399003835e-7],"dvar":[0.0000127769271785,0.0000215214840864,0.00000585819407206,8.72039890965e-7,1.15259773281e-7,7.43153947269e-8,4.03493771728e-8,2.97207751743e-8,6.20352622605e-8,1.68885456731e-8,2.91565172006e-8,4.01378841275e-8,3.86677889708e-8,8.82530937218e-9,2.78509748597e-8,1.97431990756e-8,2.43707738434e-8,2.78695306832e-8,6.74974387493e-9,9.37397004463e-9,4.32204405598e-9,7.82585385384e-10,8.96682339491e-10,8.85320039501e-10,1.08949016475e-9,2.64559624208e-10,8.6220794393e-11,7.64724741864e-11,5.56034107646e-11,4.50098257276e-11,1.8911911967e-11,1.25490156461e-11,1.40550999658e-11,1.32998646818e-11,1.32161746824e-11,5.70718645954e-12,5.3231902393e-12,3.71475896918e-12,1.56224555861e-12,5.52911286634e-13],"dvar2":[0.0000337748788297,0.0000608098853263,0.0000161244843184,0.00000247627463068,2.99473811083e-7,2.07327033763e-7,9.9661775721e-8,7.43311829865e-8,1.30952571453e-7,3.44497408378e-8,6.6934845222e-8,9.09871999966e-8,1.03499907311e-7,1.9720884481e-8,6.09967898413e-8,4.31745483809e-8,5.5566296453e-8,5.65590418944e-8,1.54686432552e-8,2.04748786814e-8,9.87486448167e-9,1.82735904186e-9,2.09842898613e-9,1.91326154919e-9,2.36152852828e-9,6.10397732359e-10,1.96043251077e-10,1.9291987452e-10,1.35689029457e-10,1.12940649888e-10,4.19416654185e-11,2.62841692855e-11,3.16928566724e-11,3.02291282284e-11,3.33729155422e-11,1.30909215759e-11,1.19218636699e-11,8.35673197308e-12,3.33921258699e-12,1.21338746342e-12],"max":[0.0279677435756,0.0449798069894,0.0206276047975,0.0119970729575,0.00845378544182,0.00499509973451,0.00595529284328,0.00400668242946,0.00399427162483,0.00410111388192,0.00444147130474,0.00561947841197,0.00896702427417,0.0025337820407,0.00478315446526,0.00329801510088,0.00418796250597,0.00332782207988,0.00145838200115,0.00265425769612,0.00207488960586,0.000486260018079,0.000859771098476,0.000737100548577,0.000868746603373,0.000344679516274,0.000264328176854,0.000306678935885,0.000209811332752,0.000241941597778,0.000117783965834,0.000135386595502,0.000103388651041,0.000133793379064,0.000137371127494,0.0000507405711687,0.0000589463270444,0.0000605074419582,0.0000346503184119,0.0000277500439552],"mean":[0.00111291871872,0.00187086022925,0.0010772930691,0.000568715739064,0.000434262125054,0.000301035266602,0.000199167450774,0.000125975449919,0.000196543653146,0.0000807323522167,0.000103768048575,0.000117584924737,0.0000632077426417,0.0000649771027383,0.000114975766337,0.000150143532665,0.000106237028376,0.000117628660519,0.0000642908198643,0.000056746230257,0.0000382255311706,0.0000268050207524,0.0000249437143793,0.0000264989012067,0.0000260761171376,0.0000171470928763,0.0000115766597446,0.00000808475215308,0.00000642650229565,0.00000448508762929,0.00000296630742014,0.00000214141732613,0.00000187931789242,0.00000180977644959,0.00000166946790614,0.0000013734162394,0.00000125935207507,0.00000102903493371,7.90701506048e-7,4.29841804817e-7],"median":[0.000161108589964,0.00061851326609,0.000407184008509,0.000317132216878,0.000264334463282,0.000182892763405,0.000115974573418,0.0000597310354351,0.0000556059567316,0.0000347886671079,0.0000413492743974,0.0000341167178703,0.0000239544751821,0.0000286250942736,0.0000409380772908,0.0000582412758376,0.0000267261639237,0.0000360385965905,0.0000279804207821,0.0000193927498913,0.0000150263049363,0.0000125483575175,0.0000100137876871,0.0000109873481051,0.0000108310241558,0.00000938755147217,0.00000715471696822,0.00000460939736513,0.00000346600131707,0.00000214302031054,0.00000116899741442,7.51838058477e-7,4.84931092615e-7,4.15604887394e-7,3.76873003916e-7,2.89852152946e-7,2.50554592185e-7,2.15304822859e-7,2.02154552653e-7,1.1815075851e-7],"min":[2.20738364806e-20,6.41129921331e-20,1.41693441066e-19,2.44743614703e-19,3.68369867302e-19,4.81783954855e-19,5.67192421052e-19,5.94977107635e-19,5.47597546317e-19,4.23124441716e-19,2.55346570891e-19,1.03705068037e-19,3.476600048e-20,8.752672065e-20,2.26633167275e-19,3.44095192402e-19,3.27712182437e-19,1.88218498963e-19,1.10039009707e-19,2.63242966265e-19,5.10835468546e-19,4.78916119671e-19,1.67529884662e-19,1.09451750246e-19,3.17393078446e-19,1.77127932728e-19,3.52081181776e-19,1.47912342593e-18,1.45705528116e-18,5.62450608191e-19,8.91577243626e-19,6.33980948264e-19,2.24660600008e-19,4.19196238535e-19,6.68450184774e-19,6.24805240524e-19,2.54741436574e-19,2.7766380042e-19,1.93475994313e-19,3.33381911e-19],"var":[0.0000096464782473,0.0000153031251102,0.00000450447805633,6.84291137532e-7,2.59853464968e-7,1.47690258245e-7,8.51852561823e-8,5.11504865131e-8,1.68778910847e-7,3.42709007839e-8,5.23930800966e-8,7.49286854784e-8,3.35078169655e-8,1.59607385086e-8,7.47004094137e-8,6.91458552637e-8,8.73583232419e-8,7.55591003099e-8,1.40078428856e-8,1.67930789274e-8,7.68010188779e-9,1.59193136451e-9,1.82989212671e-9,2.50084908338e-9,2.11694173302e-9,5.66967084392e-10,1.88297363812e-10,1.14375967031e-10,8.36741925747e-11,5.59365748165e-11,3.05675103285e-11,2.03799026266e-11,2.12129393912e-11,2.09816313629e-11,1.61989987396e-11,9.68443381044e-12,1.05669856545e-11,6.83432780854e-12,3.46885844701e-12,9.70353138119e-13]},"melbands_crest":{"dmean":3.18039751053,"dmean2":5.05487728119,"dvar":10.1783618927,"dvar2":24.8454437256,"max":31.7234535217,"mean":13.4692783356,"median":12.4333877563,"min":1.98649442196,"var":28.2390518188},"melbands_flatness_db":{"dmean":0.0270984955132,"dmean2":0.039920207113,"dvar":0.000962165999226,"dvar2":0.00208206218667,"max":0.418264001608,"mean":0.185569673777,"median":0.174393698573,"min":0.00727293174714,"var":0.00402987888083},"melbands_kurtosis":{"dmean":6.78170490265,"dmean2":10.9673709869,"dvar":272.33291626,"dvar2":652.186584473,"max":470.201873779,"mean":11.061258316,"median":3.21776866913,"min":-1.85171961784,"var":1018.30273438},"melbands_skewness":{"dmean":0.748584270477,"dmean2":1.15401375294,"dvar":1.10905647278,"dvar2":2.52296900749,"max":17.3592281342,"mean":2.21191835403,"median":1.81478011608,"min":-1.37276721001,"var":3.45228815079},"melbands_spread":{"dmean":7.99494218826,"dmean2":12.1668720245,"dvar":105.167205811,"dvar2":231.086166382,"max":193.051025391,"mean":30.3194942474,"median":29.4555873871,"min":0.697078764439,"var":312.781921387},"mfcc":{"cov":[[7815.34375,-815.863342285,-663.559631348,163.79006958,172.027450562,188.847930908,287.591918945,252.613815308,63.6468391418,285.633880615,210.691055298,195.578720093,66.8850708008],[-815.863342285,1205.0880127,-414.287780762,99.5753326416,-45.2414016724,68.9061965942,56.1663856506,-108.527175903,26.6123542786,-18.0683288574,2.39010238647,23.7584400177,28.9488811493],[-663.559631348,-414.287780762,906.522033691,-68.8484268188,116.320091248,-24.940114975,-69.0643081665,98.7660140991,24.5859127045,0.659469664097,-7.21895551682,-12.1220111847,-10.0198478699],[163.79006958,99.5753326416,-68.8484268188,406.409515381,56.479221344,29.2138175964,27.1295928955,76.5526123047,76.4741134644,-11.5870246887,-1.61484193802,34.0881652832,28.3419456482],[172.027450562,-45.2414016724,116.320091248,56.479221344,243.269058228,25.9288158417,40.3037605286,65.5534973145,48.7091712952,32.6688117981,17.8946800232,32.9188346863,9.15279579163],[188.847930908,68.9061965942,-24.940114975,29.2138175964,25.9288158417,309.956604004,62.4016304016,40.2457084656,31.3437309265,21.9584178925,49.737701416,26.7356681824,46.1675338745],[287.591918945,56.1663856506,-69.0643081665,27.1295928955,40.3037605286,62.4016304016,181.931015015,46.34425354,25.5341396332,50.1900024414,42.3640060425,21.4418830872,15.481754303],[252.613815308,-108.527175903,98.7660140991,76.5526123047,65.5534973145,40.2457084656,46.34425354,157.553375244,59.0927658081,22.358373642,12.9482564926,13.8664541245,25.362487793],[63.6468391418,26.6123542786,24.5859127045,76.4741134644,48.7091712952,31.3437309265,25.5341396332,59.0927658081,112.656738281,33.643196106,7.11132764816,4.23026657104,19.7304782867],[285.633880615,-18.0683288574,0.659469664097,-11.5870246887,32.6688117981,21.9584178925,50.1900024414,22.358373642,33.643196106,115.205696106,43.0736541748,9.07121562958,1.45258069038],[210.691055298,2.39010238647,-7.21895551682,-1.61484193802,17.8946800232,49.737701416,42.3640060425,12.9482564926,7.11132764816,43.0736541748,99.3523483276,40.1885871887,12.3770046234],[195.578720093,23.7584400177,-12.1220111847,34.0881652832,32.9188346863,26.7356681824,21.4418830872,13.8664541245,4.23026657104,9.07121562958,40.1885871887,112.155792236,34.0503463745],[66.8850708008,28.9488811493,-10.0198478699,28.3419456482,9.15279579163,46.1675338745,15.481754303,25.362487793,19.7304782867,1.45258069038,12.3770046234,34.0503463745,79.5678482056]],"icov":[[0.000207606732147,0.000215415464481,0.0002714820439,-0.0000388001426472,-0.0000839564381749,-0.0000531146033609,-0.0000578948965995,-0.000232927865,0.000104765465949,-0.000361985177733,-0.0000858231578604,-0.000238479842665,0.0000171413248609],[0.000215415464481,0.00134552572854,0.000647550041322,-0.000251010787906,-0.000100917000964,-0.000241629590164,-0.000418330950197,0.000810545636341,-0.000557774561457,-0.0000600083076279,0.00000295660606753,-0.000351033610059,-0.000235652332776],[0.0002714820439,0.000647550041322,0.00189350184519,0.000345721404301,-0.000766650773585,-0.0000518188717251,0.000663038168568,-0.00112072692718,-0.0000964783612289,-0.000260138505837,-0.00024018494878,-0.00019598925428,0.000147882892634],[-0.0000388001426472,-0.000251010787906,0.000345721404301,0.00330800237134,-0.000341768551152,0.0000863482127897,0.000114595604828,-0.00130135496147,-0.00181156839244,0.00117489427794,0.000223899231059,-0.00076284550596,0.000090288114734],[-0.0000839564381749,-0.000100917000964,-0.000766650773585,-0.000341768551152,0.0053929919377,-0.0000572316930629,-0.000706988852471,-0.000813787570223,-0.00119390990585,-0.000590945826843,0.000409037282225,-0.00144210399594,0.00080263853306],[-0.0000531146033609,-0.000241629590164,-0.0000518188717251,0.0000863482127897,-0.0000572316930629,0.00400533108041,-0.000720561773051,-0.000405811530072,-0.000412432971643,0.00047642851132,-0.00166660465766,0.000484787335154,-0.00180723308586],[-0.0000578948965995,-0.000418330950197,0.000663038168568,0.000114595604828,-0.000706988852471,-0.000720561773051,0.00778198381886,-0.00227906974033,0.000566582428291,-0.00213497737423,-0.00150132284034,0.0000718104129191,0.0000565403315704],[-0.000232927865,0.000810545636341,-0.00112072692718,-0.00130135496147,-0.000813787570223,-0.000405811530072,-0.00227906974033,0.0112927630544,-0.00377692957409,0.000688826316036,0.000243947593844,0.000465274526505,-0.00191683508456],[0.000104765465949,-0.000557774561457,-0.0000964783612289,-0.00181156839244,-0.00119390990585,-0.000412432971643,0.000566582428291,-0.00377692957409,0.0141651760787,-0.00419035227969,0.000927677610889,0.00134328566492,-0.00193689356092],[-0.000361985177733,-0.0000600083076279,-0.000260138505837,0.00117489427794,-0.000590945826843,0.00047642851132,-0.00213497737423,0.000688826316036,-0.00419035227969,0.0134114753455,-0.00461144978181,0.00109215872362,0.000906438042875],[-0.0000858231578604,0.00000295660606753,-0.00024018494878,0.000223899231059,0.000409037282225,-0.00166660465766,-0.00150132284034,0.000243947593844,0.000927677610889,-0.00461144978181,0.0153898261487,-0.00476853270084,0.000596255355049],[-0.000238479842665,-0.000351033610059,-0.00019598925428,-0.00076284550596,-0.00144210399594,0.000484787335154,0.0000718104129191,0.000465274526505,0.00134328566492,0.00109215872362,-0.00476853270084,0.012889505364,-0.00482967682183],[0.0000171413248609,-0.000235652332776,0.000147882892634,0.000090288114734,0.00080263853306,-0.00180723308586,0.0000565403315704,-0.00191683508456,-0.00193689356092,0.000906438042875,0.000596255355049,-0.00482967682183,0.0166197679937]],"mean":[-645.204406738,123.948783875,-18.7128829956,25.1881752014,6.50374269485,4.42325735092,0.492187350988,-6.01579141617,-7.31392335892,1.14307677746,-4.6055560112,-2.54876208305,-5.20904588699]},"pitch_salience":{"dmean":0.0679983198643,"dmean2":0.110131032765,"dvar":0.00453084241599,"dvar2":0.0119214374572,"max":0.99514734745,"mean":0.558712899685,"median":0.562361419201,"min":0.0522174090147,"var":0.0127880033106},"silence_rate_20dB":{"dmean":0,"dmean2":0,"dvar":0,"dvar2":0,"max":1,"mean":1,"median":1,"min":1,"var":0},"silence_rate_30dB":{"dmean":0.00596379116178,"dmean2":0.0119288526475,"dvar":0.00592800555751,"dvar2":0.0177507493645,"max":1,"mean":0.997018396854,"median":1,"min":0,"var":0.00297281797975},"silence_rate_60dB":{"dmean":0.0161874331534,"dmean2":0.0323783159256,"dvar":0.0159233212471,"dvar2":0.0362244062126,"max":1,"mean":0.0649558082223,"median":0,"min":0,"var":0.0607356540859},"spectral_centroid":{"dmean":261.742797852,"dmean2":401.871673584,"dvar":93406.28125,"dvar2":215045.984375,"max":4249.01367188,"mean":1517.37158203,"median":1564.00439453,"min":189.345748901,"var":350229.25},"spectral_complexity":{"dmean":3.8769967556,"dmean2":5.66439437866,"dvar":19.5937252045,"dvar2":35.1491355896,"max":60,"mean":21.3015651703,"median":21,"min":0,"var":108.921760559},"spectral_contrast_coeffs":{"dmean":[0.0489356070757,0.0442276410758,0.0379934050143,0.0333675295115,0.0246394108981,0.0213593337685],"dmean2":[0.0795061886311,0.0730472505093,0.0604208596051,0.0531605929136,0.0379540622234,0.0324122570455],"dvar":[0.00170649040956,0.00144343799911,0.00105061253998,0.000801904301625,0.000482205156004,0.000409803236835],"dvar2":[0.00441534724087,0.00368344318122,0.00253769452684,0.0019109871937,0.00103711360134,0.00085420475807],"max":[-0.277552217245,-0.475957751274,-0.435277312994,-0.52665501833,-0.535119473934,-0.587109088898],"mean":[-0.607273638248,-0.716194570065,-0.757508575916,-0.751390755177,-0.775876104832,-0.753216683865],"median":[-0.612822234631,-0.718245148659,-0.761873185635,-0.75999891758,-0.782106995583,-0.756271839142],"min":[-0.983050346375,-0.995931982994,-0.977693080902,-0.948113977909,-0.943438649178,-0.923457086086],"var":[0.00735751725733,0.00452296296135,0.00365329673514,0.00411710934713,0.00283612008207,0.00284857931547]},"spectral_contrast_valleys":{"dmean":[0.449128478765,0.344649851322,0.3217677176,0.290456533432,0.290668487549,0.433266550303],"dmean2":[0.724180996418,0.556709885597,0.510382592678,0.440271288157,0.403020858765,0.536536872387],"dvar":[0.225100129843,0.101676560938,0.0927858948708,0.0829041227698,0.0981587171555,0.230131521821],"dvar2":[0.508743584156,0.244948744774,0.208048582077,0.158417373896,0.164886176586,0.314991831779],"max":[-4.93624067307,-4.83036279678,-5.49830579758,-5.5614323616,-5.41154336929,-7.66439390182],"mean":[-7.63326501846,-6.88978052139,-7.4717001915,-7.53533983231,-7.49805831909,-10.4571218491],"median":[-7.37257957458,-6.76046514511,-7.32999277115,-7.32219934464,-7.27747392654,-10.2705984116],"min":[-22.3602619171,-21.8512229919,-22.6158542633,-23.1627616882,-22.2744674683,-23.6023769379],"var":[1.57727265358,0.836014032364,0.962549328804,1.14232397079,1.1695138216,1.6186414957]},"spectral_decrease":{"dmean":2.83983725424e-9,"dmean2":4.61525262452e-9,"dvar":3.60862372961e-17,"dvar2":9.24205457334e-17,"max":2.94563674811e-16,"mean":-6.26757312716e-9,"median":-4.7428025951e-9,"min":-4.84655551247e-8,"var":3.9431693183e-17},"spectral_energy":{"dmean":0.0111852902919,"dmean2":0.0180421546102,"dvar":0.000528325734194,"dvar2":0.00134604354389,"max":0.187415972352,"mean":0.0256637502462,"median":0.0196186993271,"min":5.75702925612e-15,"var":0.0006128908135},"spectral_energyband_high":{"dmean":0.000365477782907,"dmean2":0.00050623860443,"dvar":4.63580647647e-7,"dvar2":9.35437981298e-7,"max":0.0141069879755,"mean":0.000668647699058,"median":0.000334589130944,"min":2.62096960177e-15,"var":9.83606014415e-7},"spectral_energyband_low":{"dmean":0.00752296717837,"dmean2":0.0126598160714,"dvar":0.000429198436905,"dvar2":0.00112539180554,"max":0.167677342892,"mean":0.00929555669427,"median":0.00367389409803,"min":3.90945358128e-19,"var":0.000349827954778},"spectral_energyband_middle_high":{"dmean":0.00238600000739,"dmean2":0.00350254937075,"dvar":0.0000144122859638,"dvar2":0.0000313706259476,"max":0.0714768469334,"mean":0.00803743302822,"median":0.00533334631473,"min":3.98666512188e-17,"var":0.0000720332973287},"spectral_energyband_middle_low":{"dmean":0.0043396865949,"dmean2":0.00727486377582,"dvar":0.0000729562598281,"dvar2":0.000195820175577,"max":0.0992743596435,"mean":0.00902389641851,"median":0.0069265072234,"min":1.33134727862e-17,"var":0.0000762721319916},"spectral_entropy":{"dmean":0.164756461978,"dmean2":0.226673811674,"dvar":0.0314488373697,"dvar2":0.0573119334877,"max":8.93472385406,"mean":7.5295214653,"median":7.55404567719,"min":5.73481655121,"var":0.17395581305},"spectral_flux":{"dmean":0.0301224347204,"dmean2":0.044787760824,"dvar":0.00202414416708,"dvar2":0.00357537250966,"max":0.385551303625,"mean":0.0841377601027,"median":0.0673720985651,"min":0.0000203498111659,"var":0.00428184121847},"spectral_kurtosis":{"dmean":1.85350954533,"dmean2":3.04659175873,"dvar":5.64791870117,"dvar2":14.4643087387,"max":53.8307113647,"mean":5.03133058548,"median":4.17658185959,"min":-1.15845644474,"var":16.1784591675},"spectral_rms":{"dmean":0.000879900355358,"dmean2":0.00134758336935,"dvar":0.0000020712168407,"dvar2":0.00000485633245262,"max":0.0135220130906,"mean":0.0045272866264,"median":0.00437495065853,"min":2.36993957792e-9,"var":0.00000454152086604},"spectral_rolloff":{"dmean":476.169342041,"dmean2":781.260559082,"dvar":710833.6875,"dvar2":1461484.5,"max":21382.4707031,"mean":1758.03808594,"median":1658.05664063,"min":64.599609375,"var":1860634.5},"spectral_skewness":{"dmean":0.232077628374,"dmean2":0.367491692305,"dvar":0.0598447173834,"dvar2":0.136539965868,"max":5.5231924057,"mean":1.48915708065,"median":1.40781080723,"min":0.0918248966336,"var":0.284742921591},"spectral_spread":{"dmean":539144.375,"dmean2":739409.5,"dvar":424663711744,"dvar2":704037060608,"max":15484353,"mean":3983148.25,"median":3706299.25,"min":1338952.125,"var":2215473315840},"spectral_strongpeak":{"dmean":0.685459792614,"dmean2":1.17271780968,"dvar":1.68696439266,"dvar2":3.95704197884,"max":13.3124485016,"mean":1.22326564789,"median":0.469911307096,"min":1.44425257531e-7,"var":3.3270983696},"zerocrossingrate":{"dmean":0.00980613287538,"dmean2":0.0114337587729,"dvar":0.000159959003213,"dvar2":0.00017346162349,"max":0.89208984375,"mean":0.0634016394615,"median":0.060546875,"min":0.005859375,"var":0.00136686640326}},"metadata":{"audio_properties":{"analysis_sample_rate":44100,"bit_rate":0,"codec":"flac","downmix":"mix","equal_loudness":0,"length":218.013336182,"lossless":true,"md5_encoded":"c84b56bf4e258a965e5e5abb03a19699","replay_gain":-15.8536500931,"sample_rate":44100},"tags":{"acoustid_id":["19035998-e759-438c-ac77-515a4a246a1b"],"album":["Into the Wild Life"],"albumartist":["Halestorm"],"albumartistsort":["Halestorm"],"artist":["Halestorm"],"artistsort":["Halestorm"],"asin":["B00S5OZKDA"],"barcode":["075678670541"],"catalognumber":["548260-2"],"date":["2015-04-07"],"discnumber":["1"],"disctotal":["1"],"file_name":"5998e759438cac77515a4a246a1b.flac","isrc":["USAT21405460"],"label":["Atlantic"],"media":["CD"],"musicbrainz_albumartistid":["eaed2193-e026-493b-ac57-113360407b06"],"musicbrainz_albumid":["e21961e1-436b-498f-9ea3-db142d173d2d"],"musicbrainz_artistid":["eaed2193-e026-493b-ac57-113360407b06"],"musicbrainz_recordingid":["622a1c27-cdaa-43f7-b805-d1984484f0db"],"musicbrainz_releasegroupid":["ef9aec95-a02f-4cc9-8f88-3f2ede7c2b05"],"musicbrainz_releasetrackid":["d860b348-6f53-4768-a8f9-c616fa4d043f"],"originaldate":["2015-04-07"],"originalyear":["2015"],"releasecountry":["US"],"releasestatus":["official"],"releasetype":["album"],"script":["Latn"],"title":["New Modern Love"],"totaldiscs":["1"],"totaltracks":["15"],"tracknumber":["6"],"tracktotal":["15"]},"version":{"essentia":"2.1-beta2","essentia_build_sha":"2d9f1f26377add8aeb1075a9c2973f962c4f09fd","essentia_git_sha":"v2.1_beta2-1-ge3940c0","extractor":"music 1.0"}},"rhythm":{"beats_count":536,"beats_loudness":{"dmean":0.0185600016266,"dmean2":0.0335500314832,"dvar":0.0002155166585,"dvar2":0.000684986589476,"max":0.149945154786,"mean":0.0359240174294,"median":0.0359710641205,"min":0.00000327007182932,"var":0.000403195095714},"beats_loudness_band_ratio":{"dmean":[0.286683350801,0.149069294333,0.0862988382578,0.104