{"lowlevel":{"average_loudness":0.482708513737,"barkbands":{"dmean":[0.00000277277354144,0.000798119406682,0.00217510969378,0.00125214282889,0.0010592690669,0.000366648921045,0.000488233956276,0.000161327116075,0.000339973805239,0.000304100074572,0.000159875955433,0.000174223314389,0.000278224004433,0.0001761707681,0.000199611968128,0.000270071497653,0.000373576331185,0.000189854108612,0.000153347034939,0.00012516429706,0.0000828388001537,0.0000712853798177,0.000073537856224,0.0000616338220425,0.0000387553227483,0.0000298953982565,0.00000189378306459],"dmean2":[0.00000483236726723,0.00132809288334,0.00378383649513,0.00201184744947,0.00177050824277,0.000585125235375,0.000765517295804,0.000254312384641,0.000529578479473,0.000487268174766,0.000260742963292,0.000276455102721,0.000455369794508,0.000286335824057,0.00032001818181,0.000433966401033,0.000607738678809,0.000308576709358,0.000240521098021,0.000198839072254,0.00012764580606,0.000103553080407,0.000104023849417,0.0000881602682057,0.0000541763947695,0.0000441970951215,0.00000292738991448],"dvar":[7.98472954422e-11,0.0000064816053964,0.0000528509262949,0.00000945947158471,0.00000751069455873,7.67067831475e-7,0.00000143585702972,1.35714614657e-7,6.84067231305e-7,6.20080072622e-7,1.84311005569e-7,1.51967398665e-7,6.27043164059e-7,2.15643737533e-7,1.98541897589e-7,4.4453528858e-7,7.17194097888e-7,1.70898545093e-7,9.91288473529e-8,5.84528443426e-8,4.66505980512e-8,4.32994866628e-8,5.06162010083e-8,5.05536199569e-8,2.17432916116e-8,9.86696768734e-9,5.45793653328e-11],"dvar2":[2.25759244632e-10,0.0000166291065398,0.000143444558489,0.0000217261258513,0.0000206671556953,0.00000193882374333,0.00000355864517587,3.31859325797e-7,0.00000160799140758,0.00000161333923643,4.93659229051e-7,3.86801758623e-7,0.00000169053635091,5.76557681597e-7,4.7637971079e-7,0.00000113346231956,0.00000190745686268,4.46727426606e-7,2.34498173768e-7,1.41931678854e-7,1.06273347455e-7,8.79209380855e-8,9.71243778736e-8,1.09168226459e-7,4.86774958119e-8,2.26847340912e-8,1.29038266183e-10],"max":[0.000202424271265,0.0272445902228,0.0826774090528,0.0560993924737,0.0472292341292,0.0282747112215,0.0229144003242,0.0126519668847,0.0235704667866,0.0162629000843,0.0114862564951,0.00856971833855,0.0179896838963,0.0108354082331,0.0106115285307,0.0170385781676,0.0221134014428,0.00800466816872,0.00715243443847,0.00442574406043,0.00685336627066,0.00573589280248,0.00699331518263,0.00950589030981,0.00623813085258,0.00193099060562,0.000231212106883],"mean":[0.00000266045526587,0.000873070966918,0.00205014599487,0.00164656538982,0.00157533830497,0.00068003317574,0.000857944134623,0.000291867298074,0.000594405864831,0.000493707309943,0.000245800067205,0.00030680524651,0.000452770211268,0.000279201252852,0.000365290004993,0.000540219014511,0.00082523067249,0.0004176327202,0.000312534888508,0.000271565368166,0.000140567150083,0.000120750970382,0.000126801925944,0.000101842313597,0.0000593168078922,0.0000362045611837,0.0000018760928242],"median":[4.76523723592e-7,0.000145416357554,0.000347684428561,0.000399378070142,0.000572090910282,0.000197988963919,0.000137845607242,0.0000820467466838,0.000135646550916,0.000092401416623,0.0000541271074326,0.0000975019065663,0.0000706056453055,0.0000664097024128,0.0000782304050517,0.0000891164527275,0.000158503957209,0.0000867728958838,0.000104121674667,0.0000880630395841,0.0000461234376417,0.0000337762539857,0.0000283022236545,0.0000196028468054,0.0000106380266516,0.00000504198806084,1.35049731398e-7],"min":[1.29738274702e-13,1.2086986685e-13,2.34796126904e-14,9.37651411864e-15,2.94926369025e-14,1.82457164882e-14,2.13391655149e-14,5.07767706869e-15,3.04081397581e-15,2.83129487059e-15,2.6007145029e-15,5.08780080647e-15,3.16793477471e-15,8.66111602062e-15,3.30790929858e-14,2.09278225988e-14,2.85509586113e-15,3.46586167325e-15,4.30833355984e-15,2.59117187207e-14,1.49603026907e-14,2.72595310989e-14,2.99617135843e-14,2.27028970303e-14,4.67249225151e-14,1.06348164595e-13,1.59143572344e-13],"var":[6.40580852251e-11,0.00000582381699132,0.0000382805774279,0.000013936753021,0.000009103569937,0.00000165350866155,0.00000311596818392,2.70288467163e-7,0.00000188183969385,0.00000126491647734,3.31224811134e-7,3.34375215516e-7,0.0000011287917232,3.50420236828e-7,4.67064751319e-7,0.00000126332827222,0.00000243324802796,6.59349836951e-7,2.90183663765e-7,1.71373372382e-7,7.52893996037e-8,7.98984061134e-8,1.08620042738e-7,8.94854466083e-8,3.09986809555e-8,1.29954766948e-8,6.01024160996e-11]},"barkbands_crest":{"dmean":2.26092743874,"dmean2":3.73934626579,"dvar":4.68387842178,"dvar2":12.5506820679,"max":24.0716533661,"mean":8.26161956787,"median":7.36069011688,"min":1.98442184925,"var":13.0179395676},"barkbands_flatness_db":{"dmean":0.0189881268889,"dmean2":0.029516544193,"dvar":0.000379166391212,"dvar2":0.000901228748262,"max":0.376588284969,"mean":0.112972587347,"median":0.105612367392,"min":0.015091416426,"var":0.0016627702862},"barkbands_kurtosis":{"dmean":2.24118542671,"dmean2":3.6393828392,"dvar":29.1341457367,"dvar2":72.9704666138,"max":130.606674194,"mean":2.01717638969,"median":-0.343699574471,"min":-1.92602527142,"var":51.6755905151},"barkbands_skewness":{"dmean":0.548527181149,"dmean2":0.843357384205,"dvar":0.44559571147,"dvar2":1.01990640163,"max":9.94341754913,"mean":1.05852305889,"median":0.789157569408,"min":-3.74155211449,"var":1.6288408041},"barkbands_spread":{"dmean":7.1238822937,"dmean2":11.1110525131,"dvar":79.4934539795,"dvar2":175.303146362,"max":140.202941895,"mean":30.8136386871,"median":29.1290512085,"min":0.865113377571,"var":224.99861145},"dissonance":{"dmean":0.0126049313694,"dmean2":0.0207872316241,"dvar":0.000151345477207,"dvar2":0.000396275252569,"max":0.500000059605,"mean":0.471748381853,"median":0.476702332497,"min":0.29304087162,"var":0.00041311327368},"dynamic_complexity":7.33490180969,"erbbands":{"dmean":[0.00578299025074,0.263424813747,2.15702819824,2.89180016518,4.8793129921,3.1648516655,2.85415744781,3.43352556229,4.76094007492,7.74186182022,3.5915722847,5.83394384384,8.28614616394,9.79574203491,5.49457120895,6.9152264595,10.1366634369,11.5410003662,8.35063266754,11.781496048,17.1967849731,15.7446632385,11.8604850769,6.78809785843,7.58648824692,5.71614265442,3.94223380089,2.85090684891,2.43342852592,2.46136713028,2.08454465866,1.6374309063,0.835123300552,0.477344065905,0.264400303364,0.146898016334,0.057464081794,0.00528200250119,0.000298955768812,0.0000131527076519],"dmean2":[0.00947841629386,0.44266924262,3.77505159378,4.66652727127,8.08117103577,5.25506782532,4.6832652092,5.48589897156,7.56692504883,11.8931159973,5.65283060074,9.10523033142,12.8962879181,15.6902770996,8.82569599152,10.8155927658,16.2636680603,19.0600738525,13.3768882751,18.7125873566,28.0089435577,25.2488994598,19.1944026947,10.78698349,11.8548250198,9.11979007721,6.19783592224,4.27954435349,3.54744720459,3.54459047318,2.96263051033,2.35462021828,1.18490684032,0.673020839691,0.375415325165,0.215802446008,0.0863354802132,0.00758827291429,0.000470692291856,0.0000192212410184],"dvar":[0.000344324071193,0.712372660637,51.6922988892,45.8019104004,197.849243164,48.9381141663,35.7666091919,87.6341018677,154.820220947,448.786071777,68.989944458,165.367416382,444.735443115,628.551025391,162.712219238,260.213165283,697.485717773,1404.28210449,388.52935791,895.442321777,1753.14868164,1157.16040039,629.021606445,195.614883423,228.166366577,126.834640503,98.4662094116,59.3444023132,52.0379638672,57.8421478271,40.2967376709,30.8178691864,11.7040529251,4.73265123367,0.72063845396,0.234975010157,0.0482795909047,0.000277296290733,0.0000015291368527,1.27486177171e-9],"dvar2":[0.000848307623528,1.85649347305,142.324234009,104.525215149,514.066162109,135.407653809,97.8153305054,224.86630249,373.079498291,1102.66638184,166.155136108,397.257385254,1053.39013672,1585.99401855,421.384277344,645.26373291,1813.55175781,3842.64208984,956.950195313,2148.17089844,4641.67480469,3000.83398438,1659.40515137,484.954711914,530.045166016,303.398193359,233.08946228,130.14213562,105.630088806,119.028816223,76.490447998,66.8470001221,25.0233821869,11.1769390106,1.54243552685,0.553442001343,0.114341236651,0.000577806320507,0.00000383936276194,2.95231084024e-9],"max":[0.240734130144,8.955742836,76.0734176636,90.9005889893,243.063735962,114.760437012,105.236778259,332.382629395,325.174316406,498.674926758,298.653137207,337.367218018,529.780395508,473.821014404,340.182983398,335.700073242,601.034729004,1116.30212402,456.177703857,920.407958984,1129.80981445,762.023742676,531.126831055,495.857940674,386.997192383,215.875442505,286.407623291,208.221298218,198.633239746,258.85458374,157.809463501,199.631851196,155.787002563,102.557128906,24.7862567902,12.7512626648,4.39438915253,0.376055449247,0.0423871427774,0.00106822222006],"mean":[0.00667171739042,0.284449070692,2.07517004013,3.94501209259,6.01465559006,4.92517471313,4.78944635391,6.12255382538,8.58308506012,14.2110729218,6.79078674316,10.8260784149,15.2367649078,17.1138381958,10.5571250916,13.2338695526,18.1780166626,19.1071586609,15.6066646576,23.1026649475,36.4379310608,38.7779998779,29.4611968994,15.6360425949,16.9206619263,12.7112016678,7.18728876114,4.75080919266,4.03136634827,4.22538805008,3.57762527466,2.75249361992,1.31631553173,0.727860510349,0.390210479498,0.184794798493,0.0678352564573,0.00620247470215,0.000305727153318,0.0000265257658612],"median":[0.0016773622483,0.0509356372058,0.37347766757,1.17847752571,1.76331591606,1.769739151,1.61597239971,1.52453684807,1.94001495838,2.22190332413,2.31021690369,2.91435718536,3.13331747055,3.48356962204,3.4229362011,4.41338968277,3.79161262512,3.67514228821,4.09812927246,4.48194122314,6.39741134644,8.20305252075,6.49301862717,4.9279499054,5.6983165741,4.48672962189,2.36116933823,1.49392127991,1.14828801155,1.04781866074,0.793284058571,0.490163385868,0.267327547073,0.119284138083,0.0724435448647,0.0310470536351,0.00748826842755,0.00073948915815,0.0000351042108377,0.0000131453125505],"min":[5.55223358609e-12,2.00313758636e-11,3.10007783333e-11,2.93727230039e-11,5.81496448215e-11,1.11574263717e-10,1.04663923362e-10,1.7491939841e-10,3.23994137075e-10,2.00359243085e-10,9.43402370113e-11,5.39690479806e-11,1.33420330339e-10,7.85476336751e-11,1.2737504107e-10,1.99611327467e-10,1.5374707063e-10,3.15280357377e-10,1.43567369104e-9,1.34777355942e-9,1.04174724402e-9,1.87916807115e-10,2.01702238245e-10,1.06817589496e-10,3.16143472512e-10,1.05315156596e-9,1.09459374897e-9,5.22138554615e-10,9.16913323046e-10,1.31648758561e-9,6.83829326498e-10,6.72867206397e-10,2.62671107087e-10,3.01797448143e-10,4.24345197869e-10,4.53068804696e-10,1.58346988299e-10,6.68229985235e-11,4.05622688215e-11,1.5805743216e-12],"var":[0.000331380346324,0.612593948841,36.8193092346,61.982673645,233.753967285,74.8432159424,65.9524612427,164.289245605,353.027832031,1016.12652588,138.63999939,479.401580811,1182.05004883,1386.40563965,392.004699707,610.397827148,1499.85339355,2221.92553711,874.295959473,2146.17236328,5059.92919922,4694.20458984,2720.44287109,724.838684082,723.855041504,374.442260742,166.666442871,96.7568283081,93.3628845215,108.537910461,87.7576446533,60.7379989624,17.7973384857,5.84569454193,1.15381288528,0.290372669697,0.0606901459396,0.000398400181439,0.00000149831657836,1.9124710704e-9]},"erbbands_crest":{"dmean":2.05616927147,"dmean2":3.35064506531,"dvar":3.62726068497,"dvar2":9.13395118713,"max":27.8665847778,"mean":7.63858604431,"median":7.06384372711,"min":2.45071768761,"var":8.66767215729},"erbbands_flatness_db":{"dmean":0.0154929347336,"dmean2":0.0217052102089,"dvar":0.000232375168707,"dvar2":0.000408174819313,"max":0.26504817605,"mean":0.148530125618,"median":0.149419426918,"min":0.0417552478611,"var":0.00126216828357},"erbbands_kurtosis":{"dmean":0.724682867527,"dmean2":1.12075376511,"dvar":1.25566446781,"dvar2":2.60919070244,"max":25.280210495,"mean":0.0726527869701,"median":-0.327369630337,"min":-1.75960278511,"var":2.84706401825},"erbbands_skewness":{"dmean":0.31822270155,"dmean2":0.485813647509,"dvar":0.106691941619,"dvar2":0.217110991478,"max":2.42794322968,"mean":-0.277028113604,"median":-0.277067363262,"min":-4.32482910156,"var":0.49739331007},"erbbands_spread":{"dmean":8.75727176666,"dmean2":13.2044820786,"dvar":98.8477554321,"dvar2":222.564086914,"max":167.448135376,"mean":43.1279258728,"median":38.3672904968,"min":6.67019176483,"var":377.649108887},"gfcc":{"cov":[[18376.609375,369.834503174,-671.67388916,94.2425765991,70.3011550903,409.424560547,-429.653839111,432.342437744,49.7837409973,221.857025146,73.7901611328,117.855278015,-44.8983383179],[369.834503174,1254.16662598,-394.766967773,-56.9235801697,228.665481567,-77.2511444092,123.461463928,-15.0058288574,109.442947388,-84.6632614136,103.143005371,-76.1534805298,64.2801513672],[-671.67388916,-394.766967773,905.278991699,78.7037811279,4.84777545929,165.473648071,11.3695678711,-48.4322814941,-117.840103149,70.953742981,-61.8751602173,39.2584686279,-74.224899292],[94.2425765991,-56.9235801697,78.7037811279,368.398925781,-20.2054462433,27.6569957733,2.05182409286,-30.8875160217,11.3646526337,-23.6627998352,-0.595172405243,-29.5276908875,15.04824543],[70.3011550903,228.665481567,4.84777545929,-20.2054462433,354.234985352,7.27271461487,88.1049041748,71.8731536865,39.6084861755,7.72820234299,-19.3674449921,20.0861701965,17.137134552],[409.424560547,-77.2511444092,165.473648071,27.6569957733,7.27271461487,211.202270508,50.4544792175,9.29152202606,-29.4003829956,22.2976322174,18.4995384216,1.0861287117,-22.6191749573],[-429.653839111,123.461463928,11.3695678711,2.05182409286,88.1049041748,50.4544792175,193.448150635,15.079539299,-0.509395718575,-6.33434200287,1.97364640236,-7.90630626678,-2.83262634277],[432.342437744,-15.0058288574,-48.4322814941,-30.8875160217,71.8731536865,9.29152202606,15.079539299,141.032836914,50.2529945374,12.2415494919,-2.07582855225,18.2357330322,9.30045318604],[49.7837409973,109.442947388,-117.840103149,11.3646526337,39.6084861755,-29.4003829956,-0.509395718575,50.2529945374,108.737541199,5.11912584305,14.5598964691,-7.68267774582,22.1018867493],[221.857025146,-84.6632614136,70.953742981,-23.6627998352,7.72820234299,22.2976322174,-6.33434200287,12.2415494919,5.11912584305,82.8436584473,14.0007009506,17.3588829041,-16.1341876984],[73.7901611328,103.143005371,-61.8751602173,-0.595172405243,-19.3674449921,18.4995384216,1.97364640236,-2.07582855225,14.5598964691,14.0007009506,98.9590301514,7.71640634537,6.33995485306],[117.855278015,-76.1534805298,39.2584686279,-29.5276908875,20.0861701965,1.0861287117,-7.90630626678,18.2357330322,-7.68267774582,17.3588829041,7.71640634537,78.9729537964,11.1408596039],[-44.8983383179,64.2801513672,-74.224899292,15.04824543,17.137134552,-22.6191749573,-2.83262634277,9.30045318604,22.1018867493,-16.1341876984,6.33995485306,11.1408596039,71.3086395264]],"icov":[[0.0000944718049141,-0.000154990513693,0.000169272345374,-0.000150792940985,0.0000573547404201,-0.000346256099874,0.000370684516383,-0.000373819319066,0.000300211308058,-0.000406680628657,0.000278374907793,-0.000250862212852,0.000176456145709],[-0.000154990513693,0.00193177931942,-0.0000886742564035,0.000740448478609,-0.00131622655317,0.000905460328795,-0.00118826655671,0.00168525846675,-0.00155937008094,0.00215124571696,-0.00248968717642,0.0019703283906,-0.000867407710757],[0.000169272345374,-0.0000886742564035,0.00219934643246,-0.000753012252972,-0.000223936949624,-0.00171627348755,0.000759851478506,-0.000111393739644,0.00166588730644,-0.00194687058683,0.00164432264864,-0.00128275551833,0.00128622271586],[-0.000150792940985,0.000740448478609,-0.000753012252972,0.00354155432433,-0.000331453600666,0.0002473781351,-0.000704863050487,0.00161118037067,-0.0019128494896,0.00211667316034,-0.0012468729401,0.00195748545229,-0.0014967774041],[0.0000573547404201,-0.00131622655317,-0.000223936949624,-0.000331453600666,0.00466826278716,-0.000243044894887,-0.00106242776383,-0.00227039027959,-0.00000862276829139,-0.00154429243412,0.00250594317913,-0.00202009524219,-0.000139544703416],[-0.000346256099874,0.000905460328795,-0.00171627348755,0.0002473781351,-0.000243044894887,0.00796869397163,-0.00306567456573,0.000078650577052,0.000174243425136,0.00112973281648,-0.00356707372703,0.00211231340654,-0.000230112389545],[0.000370684516383,-0.00118826655671,0.000759851478506,-0.000704863050487,-0.00106242776383,-0.00306567456573,0.00808056071401,-0.00183504563756,0.00194734532852,-0.00125193188433,0.00146392651368,-0.000638717436232,0.00117023056373],[-0.000373819319066,0.00168525846675,-0.000111393739644,0.00161118037067,-0.00227039027959,0.000078650577052,-0.00183504563756,0.0123283900321,-0.00654316227883,0.00205020583235,-0.000946260581259,-0.000514359911904,-0.00066433014581],[0.000300211308058,-0.00155937008094,0.00166588730644,-0.0019128494896,-0.00000862276829139,0.000174243425136,0.00194734532852,-0.00654316227883,0.0162896737456,-0.00494697317481,0.000547967210878,0.0010636781808,-0.00166265864391],[-0.000406680628657,0.00215124571696,-0.00194687058683,0.00211667316034,-0.00154429243412,0.00112973281648,-0.00125193188433,0.00205020583235,-0.00494697317481,0.0187527369708,-0.00563550554216,-0.00012135066936,0.00204018084332],[0.000278374907793,-0.00248968717642,0.00164432264864,-0.0012468729401,0.00250594317913,-0.00356707372703,0.00146392651368,-0.000946260581259,0.000547967210878,-0.00563550554216,0.0156547855586,-0.00466423574835,0.000734062225092],[-0.000250862212852,0.0019703283906,-0.00128275551833,0.00195748545229,-0.00202009524219,0.00211231340654,-0.000638717436232,-0.000514359911904,0.0010636781808,-0.00012135066936,-0.00466423574835,0.0181750040501,-0.00526717072353],[0.000176456145709,-0.000867407710757,0.00128622271586,-0.0014967774041,-0.000139544703416,-0.000230112389545,0.00117023056373,-0.00066433014581,-0.00166265864391,0.00204018084332,0.000734062225092,-0.00526717072353,0.0183995179832]],"mean":[-64.5266265869,71.047088623,-126.817886353,38.1166877747,-60.6996955872,6.62972927094,-45.3036422729,5.68429517746,-32.5817184448,-5.82873010635,-23.2400112152,-2.87297677994,-18.2619838715]},"hfc":{"dmean":4.49957895279,"dmean2":6.32903909683,"dvar":71.8160018921,"dvar2":133.851318359,"max":195.596130371,"mean":15.774430275,"median":7.92573738098,"min":6.14154460621e-9,"var":387.30178833},"melbands":{"dmean":[0.000128861734993,0.000864637258928,0.000585000845604,0.00027000749833,0.000104756531073,0.0000726813086658,0.0000811329155113,0.0000717310031177,0.0000298967770505,0.0000434430512541,0.0000431899316027,0.0000430748368672,0.0000224463001359,0.0000197287481569,0.0000209215631912,0.0000272040397249,0.0000203080780921,0.0000140224756251,0.0000134288566187,0.0000168568312802,0.0000230623445532,0.0000175007226062,0.0000199939731829,0.0000106724382931,0.00000559552017876,0.00000643425710223,0.00000564781157664,0.00000378948311663,0.00000284380575977,0.00000197304757421,0.00000170301848357,0.00000140589691,0.00000151072458721,0.00000138321820486,0.00000126981524318,0.00000114604415558,0.00000100096440292,6.34249943232e-7,4.82466020912e-7,3.8976438077e-7],"dmean2":[0.000212580649531,0.00149320857599,0.00093822076451,0.00044891340076,0.000172446991201,0.00011630631343,0.000128578714794,0.000109966305899,0.0000469608166895,0.0000678180731484,0.0000676361232763,0.0000691870955052,0.0000363958461094,0.0000314712997351,0.0000331629526045,0.0000448928512924,0.0000335116383212,0.0000226455322263,0.0000215637992369,0.0000265725266217,0.0000378839285986,0.0000283364024654,0.0000324833708873,0.0000174284414243,0.00000890204228199,0.0000101769337562,0.00000890891806193,0.00000614848795522,0.00000452898484582,0.00000311663916364,0.00000257818714999,0.00000209413678931,0.00000226408110393,0.00000201635384656,0.00000184126963632,0.00000165571952948,0.00000147672653839,9.10516916974e-7,7.03335729213e-7,5.61065405691e-7],"dvar":[1.6966048122e-7,0.00000812085545476,0.00000187780801753,5.17861167282e-7,4.40616823028e-8,3.64310501766e-8,3.96201755848e-8,3.63694709904e-8,4.6634438533e-9,1.01475547964e-8,1.18691350082e-8,1.27197719024e-8,3.37967431818e-9,2.10190620464e-9,2.71088507198e-9,6.60162724486e-9,4.03699340623e-9,1.17018816859e-9,9.6090368995e-10,1.74699699151e-9,3.01663893865e-9,1.57700863479e-9,2.22216134382e-9,7.69269647982e-10,1.47730133682e-10,1.78803097328e-10,1.29049881892e-10,6.06925273927e-11,4.62133872836e-11,3.38246028408e-11,2.03084736528e-11,1.73484074328e-11,2.08108408978e-11,1.88672428375e-11,1.57174707277e-11,1.32178755788e-11,1.29558100359e-11,5.88056036158e-12,6.14401194851e-12,2.99968231678e-12],"dvar2":[4.27750819654e-7,0.0000220415440708,0.00000424124482379,0.00000139686335388,1.2146065842e-7,9.29708434683e-8,9.59214219165e-8,8.93876404007e-8,1.10651701135e-8,2.44114914949e-8,2.85136980693e-8,3.23590114704e-8,8.86480222562e-9,5.39305045066e-9,6.80102729689e-9,1.78717947108e-8,1.10094013905e-8,2.95918956006e-9,2.30762275955e-9,4.21793844296e-9,8.01949617824e-9,4.07584366258e-9,5.96056226598e-9,2.03935046628e-9,3.64669072717e-10,4.28282270759e-10,3.19508391966e-10,1.48400139399e-10,1.13245815503e-10,8.04735028614e-11,4.45421546869e-11,3.63360001809e-11,4.44269933342e-11,3.92692857398e-11,3.0966000597e-11,2.71943214475e-11,2.99916723401e-11,1.21447400747e-11,1.50696868179e-11,7.13348694351e-12],"max":[0.00446848105639,0.029727300629,0.0218394249678,0.0122881866992,0.00294254883192,0.0066378810443,0.0048737837933,0.00442998623475,0.00227777357213,0.0026701525785,0.00268050422892,0.00205609737895,0.00165602157358,0.00120609090663,0.00121723301709,0.00214275158942,0.00184465153143,0.000901183171663,0.000754313543439,0.0009904964827,0.00145407184027,0.00103789335117,0.00139920739457,0.000646237749606,0.000433370005339,0.000299914216157,0.000266849674517,0.000153032568051,0.000122754994663,0.000251634191955,0.000122850484331,0.0000937142685871,0.000135040128953,0.000149821149535,0.00008856911154,0.0000931640825002,0.00014511741756,0.0000852249140735,0.000146464328282,0.0000787616227171],"mean":[0.000143381519592,0.000855007150676,0.000801370770205,0.000385116552934,0.000178992340807,0.000131327280542,0.000147232261952,0.000133783891215,0.0000519312998222,0.0000774534346419,0.0000777589593781,0.0000720103416825,0.000037426380004,0.0000339732905559,0.0000352271999873,0.0000458286849607,0.0000318660204357,0.0000236384366872,0.0000250552329817,0.0000329997092194,0.0000453518769064,0.0000391383655369,0.0000389428860217,0.0000220135079871,0.0000107465912151,0.0000128655101435,0.0000117060753837,0.00000752919231672,0.00000492029039378,0.00000297739006783,0.00000271031626653,0.00000217636215893,0.00000245054229708,0.00000227259397434,0.00000208682035918,0.00000187197122159,0.00000160370507274,9.52125162712e-7,7.12572273187e-7,5.72005944832e-7],"median":[0.0000275913153018,0.00015593651915,0.000246782845352,0.000137106064358,0.0000627647750662,0.0000350090049324,0.0000319357386616,0.0000221962145588,0.0000173838743649,0.0000183773154276,0.0000145375252032,0.0000129866893985,0.00000980587901722,0.0000109501588668,0.00000904443550098,0.00000742501197237,0.00000608455684414,0.00000550520962861,0.00000529520821146,0.00000539380243936,0.00000761514365877,0.00000809007724456,0.00000716287377145,0.00000413024190493,0.00000331385263053,0.00000405886657973,0.00000344336149283,0.00000243290196522,0.00000141368889217,8.87304395292e-7,8.08872584912e-7,5.70785232412e-7,6.41910219201e-7,5.25076416125e-7,4.54688347418e-7,3.51324160874e-7,2.64427001184e-7,1.8674680291e-7,1.16579215614e-7,8.64193054895e-8],"min":[4.78162838101e-14,1.9981412358e-14,5.81363646798e-15,6.33731924631e-15,4.04995801774e-15,3.96923831896e-15,4.8369071064e-15,1.90050518793e-15,6.29830353233e-16,4.00134234997e-16,6.59469888942e-16,2.8523935084e-16,3.79940784246e-16,5.74093838298e-16,3.983925235e-16,3.0587368224e-16,5.7829342765e-16,2.08236887918e-15,2.39527513187e-15,1.52132591277e-15,1.08427671138e-15,1.64899633018e-16,1.56133874335e-16,1.65652883536e-16,6.01342636748e-17,2.07029993023e-16,1.84656623573e-16,9.06418533065e-16,9.80685005452e-16,3.72117720294e-16,2.02068299011e-16,4.31419979239e-16,7.39896884893e-16,7.18984700217e-16,3.43612229353e-16,4.01262218185e-16,3.97163187525e-16,1.59928528999e-16,1.93864268756e-16,2.51961517454e-16],"var":[1.56503745075e-7,0.00000605092100159,0.00000271920157502,6.39166046312e-7,8.13250267129e-8,7.1054955697e-8,9.06123034383e-8,8.46613517069e-8,9.16430664688e-9,2.86119696824e-8,3.09262127018e-8,2.68735380615e-8,6.55459464483e-9,4.30398561235e-9,5.28552712709e-9,1.20681331595e-8,6.22128970562e-9,2.35139530069e-9,2.26276886117e-9,4.73652939093e-9,7.9996640423e-9,5.57935075918e-9,5.70549785195e-9,2.67512878516e-9,4.04684369348e-10,5.02565489224e-10,3.54967166771e-10,1.4867659881e-10,7.90678286733e-11,4.52517814886e-11,3.29705499014e-11,2.91757867865e-11,3.586042574e-11,3.44253063556e-11,3.14445622318e-11,2.84030039072e-11,2.2433740629e-11,9.32267023995e-12,6.80525687885e-12,3.64964699087e-12]},"melbands_crest":{"dmean":3.48984122276,"dmean2":5.77759504318,"dvar":11.2538919449,"dvar2":29.9965190887,"max":32.9279136658,"mean":13.6818113327,"median":12.3958454132,"min":2.26700115204,"var":38.9857902527},"melbands_flatness_db":{"dmean":0.0251560788602,"dmean2":0.0391524024308,"dvar":0.000761346716899,"dvar2":0.00177796254866,"max":0.479567974806,"mean":0.157505258918,"median":0.144917905331,"min":0.0194093622267,"var":0.0034878954757},"melbands_kurtosis":{"dmean":7.0901017189,"dmean2":11.3680763245,"dvar":314.361022949,"dvar2":794.218200684,"max":379.407165527,"mean":11.058590889,"median":3.58162808418,"min":-1.88693606853,"var":526.118469238},"melbands_skewness":{"dmean":0.760498285294,"dmean2":1.17197775841,"dvar":0.975564360619,"dvar2":2.28442215919,"max":15.3783521652,"mean":2.4208548069,"median":1.92007708549,"min":-1.21999621391,"var":3.43215084076},"melbands_spread":{"dmean":10.7691640854,"dmean2":16.70054245,"dvar":249.755706787,"dvar2":511.602172852,"max":251.828689575,"mean":37.878036499,"median":34.5690917969,"min":0.562990963459,"var":705.252502441},"mfcc":{"cov":[[15574.8837891,734.153808594,-973.114379883,-10.8698244095,382.864776611,-137.524536133,-90.0333786011,293.303710938,88.0933685303,294.14239502,-64.2281799316,157.804443359,374.026550293],[734.153808594,1229.73144531,-411.194213867,17.3564491272,87.1738052368,-25.5640640259,66.2490539551,68.1742935181,43.6704750061,33.4136619568,4.35647726059,48.4392814636,45.188873291],[-973.114379883,-411.194213867,802.49621582,11.6695337296,-1.39628553391,150.440979004,68.7370452881,-55.9508972168,-64.2358703613,-32.5369415283,18.8346366882,-41.2028465271,-29.8435344696],[-10.8698244095,17.3564491272,11.6695337296,292.520202637,56.5419158936,34.0909118652,-0.372554719448,11.5592575073,42.9458045959,-17.1623573303,2.69130659103,-13.1167154312,-0.749265670776],[382.864776611,87.1738052368,-1.39628553391,56.5419158936,209.241424561,22.771818161,11.7775678635,34.4002685547,42.4762496948,24.9250888824,-1.87874019146,11.2617111206,50.7282104492],[-137.524536133,-25.5640640259,150.440979004,34.0909118652,22.771818161,174.920898438,95.5864486694,12.774023056,11.9732284546,-6.77067661285,27.4103813171,8.50926399231,-17.1701507568],[-90.0333786011,66.2490539551,68.7370452881,-0.372554719448,11.7775678635,95.5864486694,172.954940796,46.8427658081,17.8529529572,8.46232700348,29.7150592804,15.8249635696,2.27425956726],[293.303710938,68.1742935181,-55.9508972168,11.5592575073,34.4002685547,12.774023056,46.8427658081,120.163551331,45.0310516357,23.0050354004,9.01545715332,17.8218421936,14.9285354614],[88.0933685303,43.6704750061,-64.2358703613,42.9458045959,42.4762496948,11.9732284546,17.8529529572,45.0310516357,132.569473267,19.5804481506,2.49756813049,11.7295675278,8.09978675842],[294.14239502,33.4136619568,-32.5369415283,-17.1623573303,24.9250888824,-6.77067661285,8.46232700348,23.0050354004,19.5804481506,94.3522491455,17.4992580414,8.98978042603,16.5493412018],[-64.2281799316,4.35647726059,18.8346366882,2.69130659103,-1.87874019146,27.4103813171,29.7150592804,9.01545715332,2.49756813049,17.4992580414,83.3404998779,22.0486068726,-2.38236951828],[157.804443359,48.4392814636,-41.2028465271,-13.1167154312,11.2617111206,8.50926399231,15.8249635696,17.8218421936,11.7295675278,8.98978042603,22.0486068726,71.3419876099,21.009437561],[374.026550293,45.188873291,-29.8435344696,-0.749265670776,50.7282104492,-17.1701507568,2.27425956726,14.9285354614,8.09978675842,16.5493412018,-2.38236951828,21.009437561,103.866233826]],"icov":[[0.0000824302769615,-0.00000469737233288,0.0000825882307254,-8.66142386258e-7,-0.0000657524942653,-0.0000835665050545,0.0000910794042284,-0.000141417345731,0.0000946803120314,-0.000187248297152,0.000100997880509,-0.0000612189905951,-0.000197286033654],[-0.00000469737233288,0.00108668161556,0.000599598803092,-0.0000582949578529,-0.000411628017901,0.0000537078740308,-0.000674616312608,0.0000214359642996,0.000190833030501,-0.0000343187530234,0.0000800019624876,-0.000234118517255,-0.0000226194588322],[0.0000825882307254,0.000599598803092,0.00211460283026,0.0000357899371011,-0.00044007692486,-0.0015293356264,-0.000427928753197,0.000485387106892,0.000877852202393,0.0000016477713416,-0.000110348126327,0.000838438456412,-0.000289550749585],[-8.66142386258e-7,-0.0000582949578529,0.0000357899371011,0.0040155639872,-0.000955992843956,-0.000884469482116,0.000670613022521,-0.000140262942296,-0.00118738412857,0.00116822298151,-0.000606004905421,0.00116338685621,0.0000511386351718],[-0.0000657524942653,-0.000411628017901,-0.00044007692486,-0.000955992843956,0.00658423453569,-0.00109205744229,0.000789550773334,-0.000842889829073,-0.00125392491464,-0.00102900527418,0.00056895322632,0.000092259280791,-0.00275375624187],[-0.0000835665050545,0.0000537078740308,-0.0015293356264,-0.000884469482116,-0.00109205744229,0.0106037091464,-0.00513794505969,0.000843576446641,-0.000758901820518,0.000974924652837,-0.00122618267778,-0.00134467147291,0.00225698784925],[0.0000910794042284,-0.000674616312608,-0.000427928753197,0.000670613022521,0.000789550773334,-0.00513794505969,0.0102530587465,-0.00344330142252,-0.000133196968818,-0.000253879028605,-0.00137140555307,0.00000828335487313,-0.00109945924487],[-0.000141417345731,0.0000214359642996,0.000485387106892,-0.000140262942296,-0.000842889829073,0.000843576446641,-0.00344330142252,0.0117473974824,-0.00272456207313,-0.00106796890032,0.000038305635826,-0.00106663804036,0.000175718058017],[0.0000946803120314,0.000190833030501,0.000877852202393,-0.00118738412857,-0.00125392491464,-0.000758901820518,-0.000133196968818,-0.00272456207313,0.00989885162562,-0.00149208656512,0.000707991654053,-0.000812324578874,0.000347516819602],[-0.000187248297152,-0.0000343187530234,0.0000016477713416,0.00116822298151,-0.00102900527418,0.000974924652837,-0.000253879028605,-0.00106796890032,-0.00149208656512,0.0129817612469,-0.00323868682608,0.000831263838336,-0.00067358952947],[0.000100997880509,0.0000800019624876,-0.000110348126327,-0.000606004905421,0.00056895322632,-0.00122618267778,-0.00137140555307,0.000038305635826,0.000707991654053,-0.00323868682608,0.014939722605,-0.00468042911962,0.0008595836116],[-0.0000612189905951,-0.000234118517255,0.000838438456412,0.00116338685621,0.000092259280791,-0.00134467147291,0.00000828335487313,-0.00106663804036,-0.000812324578874,0.000831263838336,-0.00468042911962,0.0178774353117,-0.00333521002904],[-0.000197286033654,-0.0000226194588322,-0.000289550749585,0.0000511386351718,-0.00275375624187,0.00225698784925,-0.00109945924487,0.000175718058017,0.000347516819602,-0.00067358952947,0.0008595836116,-0.00333521002904,0.0127566391602]],"mean":[-700.27557373,98.1586837769,-7.5303902626,26.7664356232,2.87995934486,-0.0121379764751,-4.1429271698,3.39281988144,-7.0958199501,-2.82045006752,-8.01362323761,-2.95118904114,-4.91723775864]},"pitch_salience":{"dmean":0.0721699818969,"dmean2":0.120413601398,"dvar":0.00482564186677,"dvar2":0.0133680757135,"max":0.816906929016,"mean":0.537799954414,"median":0.548939108849,"min":0.0764822438359,"var":0.0119849033654},"silence_rate_20dB":{"dmean":0,"dmean2":0,"dvar":0,"dvar2":0,"max":1,"mean":1,"median":1,"min":1,"var":0},"silence_rate_30dB":{"dmean":0.000364199222531,"dmean2":0.000728464743588,"dvar":0.000364078616258,"dvar2":0.00109221460298,"max":1,"mean":0.99981790781,"median":1,"min":0,"var":0.000182048795978},"silence_rate_60dB":{"dmean":0.0318674333394,"dmean2":0.0637406632304,"dvar":0.0308497976512,"dvar2":0.0667910724878,"max":1,"mean":0.327476322651,"median":0,"min":0,"var":0.220273062587},"spectral_centroid":{"dmean":300.664611816,"dmean2":466.64050293,"dvar":133590.265625,"dvar2":277127.8125,"max":5083.99804688,"mean":1797.51477051,"median":1849.75854492,"min":158.947387695,"var":512673.5},"spectral_complexity":{"dmean":2.66903400421,"dmean2":4.07457637787,"dvar":11.7537765503,"dvar2":23.2166423798,"max":58,"mean":15.7868719101,"median":13,"min":0,"var":172.729598999},"spectral_contrast_coeffs":{"dmean":[0.0499775521457,0.0404931865633,0.0346534736454,0.0292705949396,0.0226083733141,0.0181850921363],"dmean2":[0.0836615785956,0.06664211303,0.0554518178105,0.0464962795377,0.0356763340533,0.028589643538],"dvar":[0.00179280142765,0.00108893355355,0.000793217914179,0.000581502914429,0.000370010442566,0.000304453627905],"dvar2":[0.00484861619771,0.0028987438418,0.00198541907594,0.00138664362021,0.000864672940224,0.000714579771738],"max":[-0.277356594801,-0.4743514359,-0.500546872616,-0.588590443134,-0.606070280075,-0.603579878807],"mean":[-0.606619536877,-0.743940353394,-0.760821998119,-0.765733003616,-0.770727217197,-0.763607263565],"median":[-0.60674571991,-0.746845960617,-0.761904239655,-0.765654444695,-0.772461175919,-0.764509022236],"min":[-0.956095635891,-0.968846201897,-0.979676187038,-0.949543833733,-0.931619226933,-0.921937584877],"var":[0.00620696600527,0.0043121445924,0.00328578753397,0.00281925220042,0.0022750038188,0.0019491550047]},"spectral_contrast_valleys":{"dmean":[0.443428009748,0.328571438789,0.298866420984,0.272027909756,0.265878498554,0.347112566233],"dmean2":[0.723897099495,0.52564650774,0.470845967531,0.411737591028,0.375668138266,0.439473986626],"dvar":[0.150021746755,0.0780921429396,0.0711939558387,0.0658640488982,0.0925265997648,0.205409318209],"dvar2":[0.355866879225,0.182028740644,0.156239435077,0.129972174764,0.172237113118,0.346487253904],"max":[-5.56842470169,-5.24431800842,-5.3919301033,-5.84084177017,-5.61458063126,-7.21466684341],"mean":[-8.45755672455,-7.6921916008,-8.21827888489,-8.5487947464,-8.03888893127,-10.6709356308],"median":[-8.03632545471,-7.41244125366,-7.91442012787,-8.18483161926,-7.76080513,-10.4066152573],"min":[-18.7713279724,-18.5694999695,-19.1194496155,-18.6458587646,-18.9882354736,-20.1578521729],"var":[2.3456993103,2.10090374947,2.193816185,2.36754631996,2.04134988785,2.09808802605]},"spectral_decrease":{"dmean":1.27047572462e-9,"dmean2":1.97000238344e-9,"dvar":7.62589469959e-18,"dvar2":1.8044323023e-17,"max":-9.10474727557e-20,"mean":-3.24287263709e-9,"median":-1.74169212386e-9,"min":-3.16490798014e-8,"var":1.6577612683e-17},"spectral_energy":{"dmean":0.00507041905075,"dmean2":0.00777119351551,"dvar":0.000114555936307,"dvar2":0.000266874936642,"max":0.123658783734,"mean":0.0136701483279,"median":0.00752148311585,"min":9.00690546451e-13,"var":0.000280521227978},"spectral_energyband_high":{"dmean":0.000352098752046,"dmean2":0.000486834120238,"dvar":8.84814255642e-7,"dvar2":0.0000016284677713,"max":0.0223066024482,"mean":0.000695190217812,"median":0.000246953306487,"min":4.2768517677e-13,"var":0.00000201791544896},"spectral_energyband_low":{"dmean":0.00315464427695,"dmean2":0.00525526003912,"dvar":0.0000926187567529,"dvar2":0.000241508809268,"max":0.104304671288,"mean":0.00361056160182,"median":0.00102357205469,"min":2.12251887615e-13,"var":0.0000787385797594},"spectral_energyband_middle_high":{"dmean":0.00109512510244,"dmean2":0.00167861569207,"dvar":0.00000380453070647,"dvar2":0.00000907259709493,"max":0.0357726402581,"mean":0.00435943715274,"median":0.00166531896684,"min":8.84971552962e-14,"var":0.00003436809493},"spectral_energyband_middle_low":{"dmean":0.00250100530684,"dmean2":0.00395167060196,"dvar":0.0000274830290437,"dvar2":0.0000662708262098,"max":0.0996621400118,"mean":0.00572732044384,"median":0.00305961770937,"min":8.83314756517e-14,"var":0.0000635128162685},"spectral_entropy":{"dmean":0.153748244047,"dmean2":0.224628165364,"dvar":0.0324826873839,"dvar2":0.0644791871309,"max":8.81451797485,"mean":7.64737510681,"median":7.657330513,"min":5.94286203384,"var":0.125727176666},"spectral_flux":{"dmean":0.0162817053497,"dmean2":0.025278205052,"dvar":0.000728465092834,"dvar2":0.00164117780514,"max":0.295553475618,"mean":0.0557351820171,"median":0.0443647243083,"min":0.0000199097867153,"var":0.00232824007981},"spectral_kurtosis":{"dmean":1.22979557514,"dmean2":2.05546879768,"dvar":2.21095538139,"dvar2":5.87931680679,"max":35.7254219055,"mean":3.82439661026,"median":3.59330224991,"min":-0.908708691597,"var":5.29284191132},"spectral_rms":{"dmean":0.000533035607077,"dmean2":0.000792300212197,"dvar":7.67038500271e-7,"dvar2":0.00000165757410286,"max":0.0109837483615,"mean":0.00298767420463,"median":0.00270888023078,"min":2.96432531854e-8,"var":0.00000441058273282},"spectral_rolloff":{"dmean":735.483764648,"dmean2":1213.30773926,"dvar":1677142.875,"dvar2":3692876.25,"max":17958.6914063,"mean":2442.35913086,"median":2368.65234375,"min":107.666015625,"var":3662061.5},"spectral_skewness":{"dmean":0.18701711297,"dmean2":0.299341350794,"dvar":0.040319673717,"dvar2":0.0937625169754,"max":4.83453178406,"mean":1.33771729469,"median":1.36634421349,"min":-0.189661830664,"var":0.151737108827},"spectral_spread":{"dmean":564689.1875,"dmean2":778364.125,"dvar":564147716096,"dvar2":1008632201220,"max":13718951,"mean":4693633.5,"median":4350020,"min":1906591.125,"var":2516964605950},"spectral_strongpeak":{"dmean":0.486248463392,"dmean2":0.845870137215,"dvar":1.00146102905,"dvar2":2.6636133194,"max":10.3020572662,"mean":0.737700462341,"median":0.313451230526,"min":0,"var":1.43833613396},"zerocrossingrate":{"dmean":0.0145937986672,"dmean2":0.0167834125459,"dvar":0.000343874038663,"dvar2":0.000415059737861,"max":0.49169921875,"mean":0.0846746116877,"median":0.07861328125,"min":0.0048828125,"var":0.00198245421052}},"metadata":{"audio_properties":{"analysis_sample_rate":44100,"bit_rate":192020,"codec":"mp3","downmix":"mix","equal_loudness":0,"length":255.007339478,"lossless":false,"md5_encoded":"656f49421d4e0dd42397e7002c47d337","replay_gain":-4.70639801025,"sample_rate":44100},"tags":{"acoustid_fingerprint":["AQADtAqTRFGyJgpySD_CHk2z49vxT7gIZ-ON5BryC1cWsfC4eMITPOjDHFToTehv_GgmH32TgxF1NM-FPghT6cKTa9BIxigT68hRizb8GD_h6uBRnbjwBPmWFeXcBJ5E9Ie84jmHMLGUD4x9lISbwPXxOETzo8fW9Didh2gU400Q7YH0K0H4KYOP5svxJPiCHk3646JxKkNzgWGWCMcs5Tr6NAjjEMp35Lhz9GB-fDt-7HjY4cnR7BY-Hs95_HiO0NCRG8fzE_9xk_iUYjuOV0bzkig1ReCD8JGRsMdf-D_-gPnRsjRco8d8_MeLJ0dNHbZ4nCRwdAxCP1BPHfEflOyIJ8Mfo2n0o5bo4-mGyzIa56g3I8mRXzjxL_hy_KmOKdfRZ2nxZrgy_DhzPGfxo6mFSvSCS3rwsMPJI6wGLRPxHmHyJygvPMHewD0elSp28fimnNgY_XiObLqOBzofInv4DeUNn8Ee44kOn9EC76HQj8Xxo9mUolLSXHiGN4cr8XgU5DL0tAhzDv2q4CLJ4TnuDHZ2argSHtci5P8gVkceXTiPf0GVw8yJwx4eGn5S1DrO4_hR68NVD55-3MfzwD7cFZEOnXgiPgnyXMTHHRNFXThTNOWJ88IjFn92pGOPpA6H38HR6ET1XXiYcMdOFAl35E_AWMlRZ9nRPNQR0YfXQ88VIy9yHU51HId-ER-TBl-Nh0dHodnxomoPfRyR4kKzS7jx46IwhQFzhLeg5ZFxSwbN4Slz5LqK5k8wHX_QRsSTHKWYGTk0vchPXIwFu0faE3qfGDmcB-UlBfuR6wsSXSeuxviPNgqu5biD5uGDS0iOXEczJk9B9vixF02VE18NL3Ea_GieGtMv5CVUbQijnUHPFPxkNJcy9E-G72jIBRXt4LVy8ENuMeiPKf6FM3MRDw-iP4OOsDkabgpRMnnwo_qFnUHzPKjtoFle4cxe2BGP6scj9viOMPugWTzCbFo-4Tl-wTuJm0cV7B_OodlBOxnRjDnu41eK5igznNlxusqQkwvUI_yO5sezHJ_BpNvRH7cRNlPyQcvm4zT2hMVzVG3gSdnxXcSROy5MhUbFFfuI7kczKTv4CD_8xXgW48eTI8wWHvU4KdCP20hffLgOJmF0tOfwH3uPppIQcoyhOkHOHCeaM0fZoz7c-DiufzBJcug85MKejIcOq9GD6wOnH8_RRt_hC95x8UcYH5-u4j9xEnkeXJBCHbaQRzbRR9gbPPg-5Jbw9EO9Y3uF_sOPH9KT4ywa3tB-6DoeCoqmJaLgA82N8cOVQ3k8NCd6Hk-g46E4CVN4eF3Q57gG9cmhDdcbpA5vHH_xGz-O_Dq0GxcuZ8fzDlfw7NidQsuPPtBRbrpgKlGCh4hpy_DVCX1eXAqO7wjj3FBEWTo-Ic_B3UWX3GhyPDkYP8N15Ie_HFd2WDsqBq8QouF2_FFW4aUR-_gFKRa8Qy-eCzdJomOxY_yFo9