{"lowlevel":{"average_loudness":0.97945022583,"barkbands":{"dmean":[0.000559182080906,0.0165418405086,0.00157324282918,0.000972809328232,0.000819391047116,0.00103826355189,0.00075802061474,0.000668740947731,0.00115620228462,0.00102938769851,0.000705124111846,0.000547404575627,0.000493659696076,0.000479034992168,0.000485009513795,0.000401403231081,0.000509117962793,0.000421438977355,0.000240613488131,0.00019205926219,0.00016324405442,0.000123768171761,0.000133413050207,0.000150667241542,0.00016215503274,0.0000717491202522,0.0000304656878143],"dmean2":[0.000800230947789,0.0264448486269,0.00263068103231,0.00184518063907,0.00142902892549,0.00162627943791,0.00118521519471,0.00105135142803,0.00184446980711,0.00161936343648,0.00111061625648,0.000876664242242,0.000789597455878,0.000747509824578,0.000768464698922,0.000638238212559,0.000776847591624,0.00065224186983,0.000385088438634,0.000297026097542,0.000260983098997,0.000196722961846,0.000218634639168,0.000240950743319,0.000258055661106,0.000119670323329,0.0000527692245669],"dvar":[6.7812487714e-7,0.000517403474078,0.0000129339123305,0.00000782808820077,0.0000037316272028,0.00000450935613117,0.00000349854576598,0.00000346693241227,0.00000608348045716,0.0000048466804401,0.00000269456609203,0.00000144326463669,0.00000221743835027,0.00000180215170076,0.00000171949920968,0.0000014999426412,0.00000191659819393,8.68833126333e-7,2.20726320777e-7,1.77956124503e-7,1.4027777695e-7,1.04410197821e-7,9.29095307356e-8,1.02554260195e-7,1.50205238469e-7,2.7161524585e-8,4.51658843659e-9],"dvar2":[0.00000137901656672,0.00125722028315,0.000033021922718,0.00002255495383,0.0000100788183772,0.0000105854724097,0.00000810984329291,0.00000784129224485,0.0000144897003338,0.0000111900499178,0.00000630152953818,0.00000341651298186,0.00000500971282236,0.00000427656323154,0.00000406435401601,0.0000035775356082,0.00000446068952442,0.00000192468360183,5.13076429343e-7,3.60331966931e-7,3.13184926881e-7,2.41768560727e-7,2.15346986465e-7,2.32052357774e-7,3.30942981464e-7,6.66249846404e-8,1.23497798654e-8],"max":[0.00908119976521,0.172615453601,0.037442214787,0.0308757741004,0.0237139295787,0.0399551466107,0.0430277101696,0.0445966497064,0.0376100614667,0.0500407628715,0.0284558814019,0.0252788942307,0.0428883507848,0.0366831049323,0.0300275925547,0.0438808724284,0.0384552441537,0.0235279519111,0.00972922705114,0.012483175844,0.0120624024421,0.0090285949409,0.00776006700471,0.00793027784675,0.0111454250291,0.0037504110951,0.000529987039044],"mean":[0.00137819943484,0.0289403107017,0.00197071558796,0.000682314916048,0.000960904348176,0.00181142694782,0.00127027835697,0.000950083951466,0.00166703527793,0.00150081282482,0.00110510666855,0.000844278663862,0.000699220923707,0.000654225528706,0.000711920612957,0.000595678400714,0.000859777326696,0.000714151305147,0.000358968187356,0.000285488174995,0.000203982694075,0.000149402796524,0.00014533335343,0.000180941831786,0.000193426545593,0.0000741047697375,0.0000270939490292],"median":[0.000745864235796,0.017229128629,0.000603202963248,0.0000336726188834,0.000183030380867,0.000488532125019,0.000325210916344,0.00023512885673,0.000533173792064,0.00038116221549,0.000269226700766,0.000313836819259,0.000207678662264,0.000192857711227,0.000171103863977,0.000170570245245,0.000208122291951,0.000194488602574,0.000149163155584,0.000115757648018,0.0000715509813745,0.0000492874787597,0.0000407757288485,0.0000559611689823,0.000056757391576,0.0000179368071258,0.00000685960731062],"min":[1.01813165104e-12,1.41817818339e-13,5.57820323678e-15,8.02127654374e-16,1.73681869668e-14,2.09724976575e-15,5.50848090557e-14,1.81400135527e-14,6.29062977381e-14,8.54166523211e-14,9.38430106193e-14,1.74270428817e-13,5.15023984018e-14,1.00008841269e-13,4.17349091213e-14,1.4567353942e-13,1.19902568776e-13,3.68652347147e-13,1.58303302107e-13,3.73011192246e-13,2.14747924304e-13,4.71085139214e-13,1.30866346405e-12,1.31542064567e-12,1.91150784437e-12,2.66700615585e-12,5.32761942201e-12],"var":[0.00000228917792811,0.000992678105831,0.0000134929441629,0.00000472561396236,0.00000465369112135,0.0000122095379993,0.00000860520140122,0.00000708991865395,0.0000109165530375,0.00000998744872049,0.00000639351492282,0.00000286156887341,0.00000376631578547,0.00000273955402008,0.00000334874744112,0.0000028495414881,0.00000502939064972,0.00000230451769312,3.51439950919e-7,3.07448715375e-7,1.82657046821e-7,1.26175024207e-7,1.17829500823e-7,1.61385258934e-7,2.4553915523e-7,3.10819991967e-8,3.24566173937e-9]},"barkbands_crest":{"dmean":3.54245209694,"dmean2":5.69574689865,"dvar":11.33481884,"dvar2":25.9544734955,"max":26.2430210114,"mean":14.7798118591,"median":14.3151912689,"min":2.34576010704,"var":36.0339889526},"barkbands_flatness_db":{"dmean":0.0340990833938,"dmean2":0.0530048087239,"dvar":0.00114985415712,"dvar2":0.00256893015467,"max":0.496633529663,"mean":0.158317252994,"median":0.14916369319,"min":0.0227639563382,"var":0.00439041107893},"barkbands_kurtosis":{"dmean":12.0647583008,"dmean2":18.8400382996,"dvar":1470.38134766,"dvar2":3241.91235352,"max":973.917419434,"mean":17.9047374725,"median":2.17016983032,"min":-1.96844530106,"var":3865.39770508},"barkbands_skewness":{"dmean":1.07588458061,"dmean2":1.62082874775,"dvar":2.17553210258,"dvar2":4.43872117996,"max":27.209980011,"mean":2.34706950188,"median":1.53950464725,"min":-3.39066147804,"var":9.95151996613},"barkbands_spread":{"dmean":9.11291599274,"dmean2":14.5410737991,"dvar":139.927719116,"dvar2":324.686218262,"max":131.042480469,"mean":23.779920578,"median":20.3223762512,"min":0.273874133825,"var":299.190368652},"dissonance":{"dmean":0.019711624831,"dmean2":0.0327335633337,"dvar":0.000394045957364,"dvar2":0.00103609717917,"max":0.5,"mean":0.465370118618,"median":0.473876148462,"min":0.234990373254,"var":0.000896874174941},"dynamic_complexity":2.30557632446,"erbbands":{"dmean":[0.550586044788,3.70491790771,2.88099265099,2.29913759232,3.05977940559,2.52858233452,5.57118082047,8.74289035797,10.5315608978,10.7535181046,18.4908752441,21.553653717,27.9981937408,34.8462333679,20.6109447479,20.8294334412,20.4505710602,22.5074748993,23.2006187439,21.3181152344,21.9844989777,27.876127243,22.2214889526,15.5229377747,10.6558208466,8.95610237122,7.06505298615,5.94318294525,4.64880514145,4.03379011154,3.56539964676,3.11602950096,2.66726326942,2.17457318306,0.937810242176,0.372580200434,0.120084151626,0.0293616894633,0.00475750304759,0.000311809184495],"dmean2":[0.77278059721,6.23890256882,4.80589675903,4.23784780502,5.7143611908,4.28195714951,8.68398475647,13.7881641388,16.5197753906,16.793888092,29.242980957,34.7758255005,43.9307937622,55.6581077576,31.9474220276,32.7636985779,32.2743644714,34.5956497192,36.4832763672,32.9319953918,33.5556182861,41.5664024353,33.4772720337,23.7070732117,17.3232975006,13.8154792786,10.9992027283,9.73797225952,7.50626039505,6.46052408218,5.79705905914,5.04877948761,4.29620742798,3.49893546104,1.5046402216,0.615365445614,0.201092347503,0.0502171218395,0.00821955315769,0.00052898505237],"dvar":[0.549413383007,29.7936229706,34.1310462952,39.3814125061,72.6899108887,35.5275802612,175.913818359,370.818572998,650.414123535,777.813415527,2128.74731445,2335.01074219,4026.37207031,5590.44628906,2339.31176758,2154.27124023,3585.20117188,3756.00512695,4635.51464844,3041.47973633,4392.53173828,5870.92285156,2646.54760742,968.008422852,412.845825195,405.348907471,263.133789062,190.137573242,132.980010986,124.154045105,64.1021728516,50.1569976807,30.1623954773,28.4677124023,5.11287307739,0.877858400345,0.0709647163749,0.0041213571094,0.00010838072194,4.20180697347e-7],"dvar2":[1.0013229847,80.691192627,89.2169876099,110.606155396,208.925842285,88.9449005127,405.936309814,870.447570801,1540.65820312,1689.54272461,4994.32714844,5765.12890625,9248.23730469,13725.703125,5195.8984375,4881.46777344,7874.70214844,8489.36621094,10984.4560547,7233.54492188,9821.7109375,13388.8642578,5375.37109375,2145.7902832,1032.63879395,840.044250488,537.229064941,449.135437012,309.336151123,286.111022949,145.805541992,115.378952026,69.5474014282,63.657081604,11.7062063217,2.10094475746,0.17733117938,0.01103696879,0.000294017751003,0.00000114867282264],"max":[7.56203889847,36.9903488159,53.6012611389,59.3587112427,76.0583267212,102.404258728,355.316101074,315.381835938,414.484954834,628.024902344,899.194396973,723.966552734,1651.89599609,1827.40100098,1323.1619873,1193.39257812,2026.74206543,1262.82495117,2058.23535156,1488.40771484,2721.1015625,2534.56201172,1628.95617676,766.220092773,269.136108398,570.829772949,572.267150879,416.349975586,262.706115723,341.401397705,158.01133728,181.830200195,134.469421387,163.200119019,60.0887031555,22.9748592377,6.38979053497,0.783211350441,0.10730291903,0.00493672071025],"mean":[1.11584246159,5.21899271011,4.14908313751,1.8891146183,2.43724632263,3.25019550323,9.44058799744,14.8671607971,17.5697364807,18.0204334259,27.0849971771,30.5519542694,47.4456634521,55.0575485229,34.7773170471,33.4020271301,32.3041496277,33.4970550537,35.0883026123,33.5345573425,37.2551651001,49.5179672241,41.0721855164,26.3878574371,15.3762722015,13.3349609375,9.54530906677,7.27870035172,5.53937959671,4.5669169426,4.04981851578,3.67622470856,3.1298391819,2.55185890198,1.10357952118,0.404335647821,0.120135039091,0.0274025723338,0.00427030073479,0.000334551063133],"median":[0.58322429657,3.13358736038,2.31305360794,0.320291221142,0.263107925653,0.7735709548,2.25307822227,4.08799552917,5.06273984909,5.3021478653,8.2985458374,12.0415182114,14.0470333099,16.5729560852,12.8836450577,14.2863740921,11.9467926025,11.2577409744,10.4039793015,9.97338008881,11.0964860916,12.4565153122,10.9519548416,9.76140594482,6.75940704346,5.42740154266,3.47906780243,2.63784313202,1.91248047352,1.22228610516,1.22266042233,1.11388766766,0.93087387085,0.753217220306,0.304228484631,0.0963567569852,0.0294164568186,0.00704977381974,0.00110345787834,0.000122662022477],"min":[1.26634952524e-11,9.80402044271e-12,8.32612711416e-12,4.00389010141e-12,8.78249296205e-12,7.09648867447e-11,8.36590519082e-11,2.35937849119e-11,4.83670714591e-10,7.50082940204e-10,6.03967265089e-10,1.52965762279e-9,9.9997932157e-10,5.72805269883e-9,3.51197027015e-9,6.9060757113e-9,2.77286482664e-9,5.73322944675e-9,2.01029126679e-9,3.48440210018e-9,9.01243346618e-9,8.84402062695e-9,1.9862827827e-8,9.66523661106e-9,1.01108064143e-8,1.60825468498e-8,1.11106626122e-8,8.53675086177e-9,1.69603886491e-8,2.91718098566e-8,3.42325598979e-8,2.68708362228e-8,2.03339656224e-8,1.26720971494e-8,1.55718691275e-8,1.21975292089e-8,5.52606671533e-9,2.33617614143e-9,5.53683654481e-10,9.04353814057e-11],"var":[1.64714348316,38.7783966064,36.8723754883,25.3909568787,47.5229072571,62.0304336548,529.189331055,873.357421875,1384.52392578,1919.80371094,3937.81787109,3280.18969727,9687.41699219,11427.9326172,5839.66064453,4019.26074219,6624.60791016,5717.53027344,7527.91015625,5346.09326172,10241.2773438,16935.5585938,8257.12011719,1994.30102539,547.36114502,672.445800781,396.89440918,234.025939941,159.132476807,148.262451172,86.095161438,75.6304473877,44.447517395,43.5576019287,7.9301815033,1.1165138483,0.0756297707558,0.00338577618822,0.000079497556726,3.12981057959e-7]},"erbbands_crest":{"dmean":3.02715754509,"dmean2":4.9034705162,"dvar":7.66961336136,"dvar2":18.5178222656,"max":28.9535083771,"mean":9.96164989471,"median":8.91316127777,"min":2.20571422577,"var":21.2989635468},"erbbands_flatness_db":{"dmean":0.0233966559172,"dmean2":0.0346480235457,"dvar":0.000552758283447,"dvar2":0.00109833385795,"max":0.424519121647,"mean":0.145168125629,"median":0.14080491662,"min":0.0323053151369,"var":0.00251111784019},"erbbands_kurtosis":{"dmean":1.39652478695,"dmean2":2.22295355797,"dvar":3.68134045601,"dvar2":8.9652929306,"max":36.5213890076,"mean":1.32224929333,"median":0.529470443726,"min":-1.85902738571,"var":7.56128644943},"erbbands_skewness":{"dmean":0.459609121084,"dmean2":0.694513678551,"dvar":0.193265423179,"dvar2":0.427657485008,"max":4.60637569427,"mean":0.183292537928,"median":0.21235601604,"min":-4.55129814148,"var":0.908378124237},"erbbands_spread":{"dmean":11.1247425079,"dmean2":17.2863616943,"dvar":174.0050354,"dvar2":397.660583496,"max":203.021438599,"mean":37.7937965393,"median":31.8404197693,"min":3.63095331192,"var":572.134338379},"gfcc":{"cov":[[4034.6706543,21.4897575378,-198.711395264,185.286209106,40.2026443481,80.5364303589,39.3159103394,46.8127441406,-3.41650724411,29.3483600616,-77.9399642944,-1.09910070896,-58.1116981506],[21.4897575378,1194.98413086,167.006698608,-79.7671508789,125.894966125,-50.3482933044,111.597068787,-8.42018795013,-7.85687398911,46.074836731,93.6884155273,32.2539520264,-3.52976942062],[-198.711395264,167.006698608,1658.48864746,458.014404297,123.673049927,137.752838135,93.5461883545,29.6718864441,-38.423828125,14.6760816574,-9.21148109436,-12.2856378555,-33.2268486023],[185.286209106,-79.7671508789,458.014404297,521.569641113,178.5025177,-7.33653593063,21.1351737976,61.9973297119,52.1521339417,-17.8676166534,-45.107383728,-1.99450087547,-5.45439291],[40.2026443481,125.894966125,123.673049927,178.5025177,454.158203125,139.111740112,85.8403015137,99.6694030762,76.4629516602,25.1937828064,21.3531475067,11.4607925415,1.26589715481],[80.5364303589,-50.3482933044,137.752838135,-7.33653593063,139.111740112,306.408081055,143.465805054,5.88438558578,17.2310333252,41.8159179688,10.3795442581,-27.2349128723,-19.117565155],[39.3159103394,111.597068787,93.5461883545,21.1351737976,85.8403015137,143.465805054,238.195144653,60.5440406799,21.2881660461,59.9392280579,48.6502456665,14.4926376343,-5.74531555176],[46.8127441406,-8.42018795013,29.6718864441,61.9973297119,99.6694030762,5.88438558578,60.5440406799,194.231613159,96.9712219238,20.559677124,33.9531745911,31.9514942169,23.3088588715],[-3.41650724411,-7.85687398911,-38.423828125,52.1521339417,76.4629516602,17.2310333252,21.2881660461,96.9712219238,152.543731689,53.7033348083,23.5011482239,29.3163509369,17.60181427],[29.3483600616,46.074836731,14.6760816574,-17.8676166534,25.1937828064,41.8159179688,59.9392280579,20.559677124,53.7033348083,137.126022339,74.1260757446,34.1888008118,21.2623634338],[-77.9399642944,93.6884155273,-9.21148109436,-45.107383728,21.3531475067,10.3795442581,48.6502456665,33.9531745911,23.5011482239,74.1260757446,127.89339447,69.3338623047,24.4631156921],[-1.09910070896,32.2539520264,-12.2856378555,-1.99450087547,11.4607925415,-27.2349128723,14.4926376343,31.9514942169,29.3163509369,34.1888008118,69.3338623047,142.718826294,52.2040672302],[-58.1116981506,-3.52976942062,-33.2268486023,-5.45439291,1.26589715481,-19.117565155,-5.74531555176,23.3088588715,17.60181427,21.2623634338,24.4631156921,52.2040672302,105.118782043]],"icov":[[0.000292189302854,-0.000103748083347,0.000154427150846,-0.000290642870823,0.000153366083396,-0.000308515533106,0.000186295990716,-0.000351858296199,0.000393876805902,-0.0004164565471,0.000451453059213,-0.000276581180515,0.000272600271273],[-0.000103748083347,0.00124590483028,-0.000385650317185,0.00081209623022,-0.000861283973791,0.00137165666092,-0.00117178459186,0.00099265796598,-0.00060004054103,0.000471394538181,-0.000855785387103,0.000389273918699,-0.000108641856059],[0.000154427150846,-0.000385650317185,0.00110467802733,-0.00133922311943,0.000560212938581,-0.00111980712973,0.000550532073248,-0.000785629497841,0.00120099459309,-0.000662009173539,0.00024392324849,-0.000319921469782,0.000380914920243],[-0.000290642870823,0.00081209623022,-0.00133922311943,0.00425752671435,-0.00197776709683,0.00242678518407,-0.00145578361116,0.0011079965625,-0.00199092878029,0.000923485204112,0.000815334322397,0.000194571897737,-0.000335677032126],[0.000153366083396,-0.000861283973791,0.000560212938581,-0.00197776709683,0.0041267927736,-0.00285596749745,0.00112626049668,-0.00195637228899,0.000220921487198,-0.000118705531349,-0.000105159568193,-0.000399731274229,0.000266580143943],[-0.000308515533106,0.00137165666092,-0.00111980712973,0.00242678518407,-0.00285596749745,0.007833016105,-0.00482709472999,0.00314549100585,-0.00224777171388,0.000496834691148,-0.00034501083428,0.00178675563075,-0.000386040279409],[0.000186295990716,-0.00117178459186,0.000550532073248,-0.00145578361116,0.00112626049668,-0.00482709472999,0.00872651301324,-0.00401185173541,0.00298089091666,-0.00289097381756,-0.000103903294075,-0.00103723199572,0.00126211007591],[-0.000351858296199,0.00099265796598,-0.000785629497841,0.0011079965625,-0.00195637228899,0.00314549100585,-0.00401185173541,0.0110064120963,-0.00729602389038,0.00407688505948,-0.00325061241165,0.00120312394574,-0.00186016375665],[0.000393876805902,-0.00060004054103,0.00120099459309,-0.00199092878029,0.000220921487198,-0.00224777171388,0.00298089091666,-0.00729602389038,0.01403908059,-0.00676286546513,0.00332658970729,-0.00221557496116,0.00118644698523],[-0.0004164565471,0.000471394538181,-0.000662009173539,0.000923485204112,-0.000118705531349,0.000496834691148,-0.00289097381756,0.00407688505948,-0.00676286546513,0.0149994008243,-0.00846279039979,0.00208487967029,-0.00231340248138],[0.000451453059213,-0.000855785387103,0.00024392324849,0.000815334322397,-0.000105159568193,-0.00034501083428,-0.000103903294075,-0.00325061241165,0.00332658970729,-0.00846279039979,0.0177239328623,-0.00688397465274,0.00144263636321],[-0.000276581180515,0.000389273918699,-0.000319921469782,0.000194571897737,-0.000399731274229,0.00178675563075,-0.00103723199572,0.00120312394574,-0.00221557496116,0.00208487967029,-0.00688397465274,0.0121165877208,-0.00469058426097],[0.000272600271273,-0.000108641856059,0.000380914920243,-0.000335677032126,0.000266580143943,-0.000386040279409,0.00126211007591,-0.00186016375665,0.00118644698523,-0.00231340248138,0.00144263636321,-0.00469058426097,0.0124340895563]],"mean":[18.8858852386,59.7178573608,-103.289260864,22.7248706818,-41.05884552,22.9557876587,-20.3467845917,28.6497917175,-10.5463104248,12.1136522293,-2.31507182121,9.16694545746,-1.01139104366]},"hfc":{"dmean":10.7846975327,"dmean2":16.5558643341,"dvar":229.930206299,"dvar2":526.905822754,"max":210.214294434,"mean":27.6452217102,"median":21.3474140167,"min":2.10328835237e-7,"var":509.7862854},"melbands":{"dmean":[0.00477529549971,0.00259693083353,0.000430313812103,0.000192640654859,0.000168996033608,0.000197687346372,0.000160974566825,0.000120919372421,0.000166451034602,0.000143369732541,0.000144691162859,0.000145801808685,0.000081247977505,0.0000585035450058,0.0000582956199651,0.0000473484178656,0.0000438910574303,0.0000395922579628,0.0000398915763071,0.0000256178227573,0.000029008517231,0.0000319340324495,0.0000252062127402,0.0000203259805858,0.0000131319666252,0.00000826015366329,0.00000783111681812,0.00000588600642004,0.0000048733904805,0.00000413330963056,0.00000327646421283,0.00000267287236966,0.00000240192684942,0.00000242051714849,0.00000221891878027,0.00000181117786724,0.0000020697113996,0.00000198817133423,0.00000187417424513,0.00000184348766652],"dmean2":[0.00733404001221,0.00439324835315,0.000792032107711,0.00034405986662,0.000266613264102,0.000311069918098,0.00025158788776,0.000188873207662,0.000264347268967,0.000229745666729,0.000227123440709,0.000233343715081,0.000126439001178,0.0000928957670112,0.0000932632974582,0.0000738073285902,0.0000681619058014,0.0000623820887995,0.0000629287969787,0.0000399780801672,0.0000444346842414,0.0000486099525006,0.0000379909361072,0.0000308540511469,0.0000203535037144,0.0000133147314045,0.0000128067422338,0.00000907934554562,0.0000075638195085,0.00000667149288347,0.000005419828085,0.00000436591608377,0.00000379311222787,0.00000397427402277,0.00000363376739188,0.00000297359611068,0.00000338924814969,0.00000325955306835,0.00000295759627988,0.00000298929603559],"dvar":[0.0000413833440689,0.0000184450436791,0.00000137081497087,2.41475277107e-7,1.4374838031e-7,1.72995626713e-7,1.42398079106e-7,9.55623917775e-8,1.58344306556e-7,9.91278170659e-8,1.06884748163e-7,9.69703393139e-8,3.63502223877e-8,2.13696100815e-8,2.16148414722e-8,2.4454093861e-8,1.48198466832e-8,1.63287268151e-8,1.28687505097e-8,6.36711972035e-9,9.91668525074e-9,9.27234822257e-9,4.30266799967e-9,2.0894086461e-9,7.7099288065e-10,2.60456239909e-10,2.37696806682e-10,2.11710121656e-10,1.41066464066e-10,1.22541962688e-10,5.39312414172e-11,4.48771332595e-11,4.94204711876e-11,4.29674559821e-11,2.50502379257e-11,1.86294538823e-11,2.44989844383e-11,1.80230465968e-11,1.61029210799e-11,2.30915078725e-11],"dvar2":[0.0000911901297513,0.000050236521929,0.00000386178953704,6.72126589052e-7,3.33661603236e-7,4.08300280696e-7,3.36179283522e-7,2.07272208286e-7,3.79443605425e-7,2.37539765635e-7,2.45389372822e-7,2.38652006601e-7,8.20623142772e-8,4.97192473858e-8,4.8204125136e-8,5.0289610698e-8,3.3807232569e-8,3.91097927377e-8,3.06341192413e-8,1.4367382839e-8,2.19397779944e-8,2.21514397936e-8,9.28962684554e-9,4.55252502363e-9,1.74853187485e-9,6.20444751132e-10,5.8387927826e-10,4.3121956006e-10,2.93868790413e-10,2.90271973125e-10,1.2649238601e-10,1.06466412075e-10,1.14465222023e-10,1.01318779755e-10,5.78695598386e-11,4.48899355188e-11,5.61245251662e-11,4.29379136413e-11,3.46476909663e-11,5.29881659384e-11],"max":[0.0546318590641,0.0335718542337,0.0112219965085,0.00519371870905,0.0094729475677,0.006751623936,0.00627817120403,0.00727577414364,0.00733486469835,0.00477237114683,0.00840181857347,0.00732581084594,0.00388888223097,0.00366315594874,0.00434267288074,0.00574844423681,0.00244065048173,0.00450709927827,0.00260359747335,0.00229169311933,0.00430062133819,0.00316089531407,0.00182559771929,0.00102171604522,0.000705365790054,0.000389962515328,0.000374126509996,0.000447300466476,0.00042691041017,0.000378252618248,0.000217191860429,0.000180954491952,0.000197370027308,0.00022142623493,0.0001006574239,0.000151139160153,0.000171348074218,0.0000957002630457,0.000136017421028,0.000153986358782],"mean":[0.00874284561723,0.0038741810713,0.000354040443199,0.00019067026733,0.000287674483843,0.000344750122167,0.000271849072305,0.000195100932615,0.000232868405874,0.000205812903005,0.000240232679062,0.000224927425734,0.000130897533381,0.0000911469542189,0.0000838640044094,0.0000686901257723,0.0000606305111432,0.0000535948311153,0.0000579516563448,0.0000370137677237,0.0000451259074907,0.0000522266309417,0.0000420617143391,0.0000334240285156,0.0000203357540158,0.0000118776306408,0.0000100946826933,0.00000853810252011,0.00000641725273454,0.00000479401705888,0.00000393807658838,0.00000310656105285,0.00000279754613075,0.0000025258846108,0.00000240996359935,0.00000207419270737,0.0000023623490506,0.00000218703394239,0.00000225008921007,0.00000210303778658],"median":[0.00495056482032,0.00262338039465,0.0000531022960786,0.0000338210993505,0.0000695256894687,0.0000987789971987,0.0000770046608523,0.0000502150942339,0.0000655020485283,0.0000690472952556,0.0000624431704637,0.0000607751062489,0.0000394300295739,0.0000307611917378,0.0000302068110614,0.0000199145761144,0.0000182756739378,0.0000148054250531,0.0000130933776745,0.0000107843588921,0.0000119884089145,0.0000126870372696,0.00000937782624533,0.00000950231151364,0.00000728395434635,0.0000049744385251,0.00000392384436054,0.00000314159706249,0.00000211329938793,0.00000153099063027,0.00000140940596793,0.00000107952803319,7.64219237226e-7,5.90030424519e-7,6.67274946409e-7,6.71235170557e-7,6.39093968857e-7,5.92486969708e-7,6.98829182966e-7,5.94386790453e-7],"min":[1.26755797156e-13,6.38581781177e-15,7.52488082594e-16,2.50217196036e-15,3.44403977518e-15,3.93152883567e-16,8.93611373727e-15,7.07401852888e-15,5.18208954954e-15,9.90183887033e-15,4.3556907484e-15,2.26790344181e-14,1.04148833383e-14,2.04184457834e-14,1.02970483499e-14,6.72826476201e-15,1.1053042196e-14,3.21111354974e-15,2.75214959431e-15,7.78969784184e-15,1.02678621356e-14,6.45858133007e-15,1.93380010491e-14,1.43193376129e-14,6.69543545904e-15,7.62879376912e-15,1.02623530333e-14,1.02275442144e-14,7.28725907336e-15,6.35586969137e-15,4.24482641758e-15,8.00191855865e-15,1.1549300165e-14,1.99962743981e-14,1.70449151484e-14,2.21341448994e-14,1.58503818523e-14,1.25030236883e-14,1.86141148339e-14,7.44734914742e-15],"var":[0.0000947795488173,0.0000220282090595,8.8572136292e-7,2.19207962004e-7,4.35649695874e-7,4.26565605949e-7,3.18270906519e-7,2.33021708596e-7,2.72736201623e-7,1.65089602433e-7,2.58619962779e-7,1.9963343334e-7,8.63918572236e-8,4.46062209392e-8,3.42819497234e-8,4.54102853098e-8,2.18617408621e-8,2.33226664648e-8,2.52932395028e-8,1.24374013311e-8,2.13286952544e-8,2.22914202652e-8,1.07602762256e-8,4.85796958216e-9,1.3867150761e-9,4.0530140355e-10,3.00094088468e-10,3.51696477496e-10,2.11618417234e-10,1.35032540705e-10,6.91686152798e-11,5.11210900001e-11,5.93845458918e-11,4.83177629851e-11,3.21809662251e-11,2.34781031422e-11,3.79505177284e-11,2.42189809874e-11,2.76361451085e-11,3.27367508102e-11]},"melbands_crest":{"dmean":3.61433649063,"dmean2":5.29657554626,"dvar":11.5371084213,"dvar2":23.2955741882,"max":36.652015686,"mean":20.3389053345,"median":19.7269191742,"min":2.82922625542,"var":61.740650177},"melbands_flatness_db":{"dmean":0.039909131825,"dmean2":0.061390183866,"dvar":0.00165812449995,"dvar2":0.00351627543569,"max":0.631550610065,"mean":0.237140744925,"median":0.227271333337,"min":0.0241261199117,"var":0.00793912447989},"melbands_kurtosis":{"dmean":28.6424789429,"dmean2":43.837474823,"dvar":8306.33300781,"dvar2":15358.7119141,"max":3073.75976562,"mean":50.474281311,"median":9.23770904541,"min":-1.82849168777,"var":33254.984375},"melbands_skewness":{"dmean":1.43339896202,"dmean2":2.18205237389,"dvar":3.62994790077,"dvar2":7.55508947372,"max":42.6226158142,"mean":3.85146713257,"median":2.73785686493,"min":-2.63899874687,"var":17.5910778046},"melbands_spread":{"dmean":9.61230182648,"dmean2":14.9264879227,"dvar":158.184020996,"dvar2":335.894622803,"max":234.772506714,"mean":25.2443313599,"median":18.5912761688,"min":0.211576223373,"var":640.825622559},"mfcc":{"cov":[[4050.08300781,-82.3838272095,-557.963317871,10.4977769852,-75.4595031738,27.130235672,-56.2547264099,49.0024490356,17.4700374603,22.2121429443,25.6769714355,11.7671365738,-42.6734771729],[-82.3838272095,1165.66113281,81.8822174072,-1.76021313667,11.3797063828,28.348777771,113.593215942,-3.6687297821,-29.682434082,-19.4597816467,82.1507949829,47.6858291626,33.7901039124],[-557.963317871,81.8822174072,1312.79382324,327.246704102,123.891464233,133.800033569,126.594055176,7.06183719635,35.5771980286,-5.31410074234,4.83406114578,-23.8773441315,8.67658901215],[10.4977769852,-1.76021313667,327.246704102,519.523864746,201.190155029,0.283020913601,14.2555818558,55.5735969543,79.3932723999,-24.3183631897,22.8880958557,56.6119728088,-1.10055875778],[-75.4595031738,11.3797063828,123.891464233,201.190155029,377.662811279,66.706741333,43.6619720459,76.1904830933,97.1962585449,27.0468425751,33.0592422485,39.3128967285,-3.38427209854],[27.130235672,28.348777771,133.800033569,0.283020913601,66.706741333,285.320037842,127.676475525,22.2465076447,29.8433799744,49.4849243164,35.0310630798,-7.99000930786,18.8799133301],[-56.2547264099,113.593215942,126.594055176,14.2555818558,43.6619720459,127.676475525,230.585510254,55.0587348938,33.691116333,53.2032051086,36.9494094849,19.4792613983,33.976688385],[49.0024490356,-3.6687297821,7.06183719635,55.5735969543,76.1904830933,22.2465076447,55.0587348938,159.888580322,66.1111679077,11.662768364,38.8738365173,38.1398353577,15.1178627014],[17.4700374603,-29.682434082,35.5771980286,79.3932723999,97.1962585449,29.8433799744,33.691116333,66.1111679077,152.107559204,49.6278495789,21.8037376404,39.0522537231,10.6342000961],[22.2121429443,-19.4597816467,-5.31410074234,-24.3183631897,27.0468425751,49.4849243164,53.2032051086,11.662768364,49.6278495789,140.769439697,41.8560409546,-2.90006804466,21.969203949],[25.6769714355,82.1507949829,4.83406114578,22.8880958557,33.0592422485,35.0310630798,36.9494094849,38.8738365173,21.8037376404,41.8560409546,121.432098389,61.4443740845,21.9588890076],[11.7671365738,47.6858291626,-23.8773441315,56.6119728088,39.3128967285,-7.99000930786,19.4792613983,38.1398353577,39.0522537231,-2.90006804466,61.4443740845,132.373916626,39.0673980713],[-42.6734771729,33.7901039124,8.67658901215,-1.10055875778,-3.38427209854,18.8799133301,33.976688385,15.1178627014,10.6342000961,21.969203949,21.9588890076,39.0673980713,98.5387496948]],"icov":[[0.000275391852483,-8.35041646496e-7,0.000146574282553,-0.00014042427938,0.000129475971335,-0.000145601574332,0.0000772309722379,-0.000115298484161,0.00000286355225398,-0.0000745982542867,-0.000018042510419,-0.00000124233702081,0.000149312996655],[-8.35041646496e-7,0.000994768342935,-0.0000283459175989,0.0000783606665209,-0.0000988824904198,0.000211382299312,-0.000650393485557,0.000363551022019,0.000103465739812,0.000557226245292,-0.000850059324875,0.0000673983013257,-0.000186211094842],[0.000146574282553,-0.0000283459175989,0.00110659375787,-0.000793414365035,0.000107988336822,-0.000371288158931,-0.000439391093096,0.000242916139541,-0.0000688173095114,0.000217028369661,-0.000112369300041,0.000580040679779,-0.0000899065707927],[-0.00014042427938,0.0000783606665209,-0.000793414365035,0.00320422975346,-0.001347974292,0.000569964293391,0.000107016676338,-0.000018503418687,-0.000786472053733,0.000886614259798,-0.000201953735086,-0.000780365022365,0.0000700033269823],[0.000129475971335,-0.0000988824904198,0.000107988336822,-0.001347974292,0.0040699201636,-0.000896340527106,0.000241998204729,-0.000934853742365,-0.00126965763047,-0.000440612027887,0.0000563536923437,-0.00030000435072,0.000778554647695],[-0.000145601574332,0.000211382299312,-0.000371288158931,0.000569964293391,-0.000896340527106,0.00530560174957,-0.00267635309137,0.000755755114369,-0.000500699563418,0.000117274132208,-0.0014710893156,0.00137733737938,-0.00052729609888],[0.0000772309722379,-0.000650393485557,-0.000439391093096,0.000107016676338,0.000241998204729,-0.00267635309137,0.00736942933872,-0.00231575872749,0.000521687034052,-0.00214369921014,0.000881974585354,-0.000929900095798,-0.000774509215262],[-0.000115298484161,0.000363551022019,0.000242916139541,-0.000018503418687,-0.000934853742365,0.000755755114369,-0.00231575872749,0.00931868050247,-0.00345778116025,0.00223844568245,-0.00272096693516,0.00044944867841,-0.000702031247783],[0.00000286355225398,0.000103465739812,-0.0000688173095114,-0.000786472053733,-0.00126965763047,-0.000500699563418,0.000521687034052,-0.00345778116025,0.0112233022228,-0.00455451663584,0.00259403744712,-0.00333160720766,0.000913004216272],[-0.0000745982542867,0.000557226245292,0.000217028369661,0.000886614259798,-0.000440612027887,0.000117274132208,-0.00214369921014,0.00223844568245,-0.00455451663584,0.0116758737713,-0.00534311961383,0.00406417436898,-0.0024066993501],[-0.000018042510419,-0.000850059324875,-0.000112369300041,-0.000201953735086,0.0000563536923437,-0.0014710893156,0.000881974585354,-0.00272096693516,0.00259403744712,-0.00534311961383,0.0146217532456,-0.0070864460431,0.00115091667976],[-0.00000124233702081,0.0000673983013257,0.000580040679779,-0.000780365022365,-0.00030000435072,0.00137733737938,-0.000929900095798,0.00044944867841,-0.00333160720766,0.00406417436898,-0.0070864460431,0.0138573218137,-0.00456731813028],[0.000149312996655,-0.000186211094842,-0.0000899065707927,0.0000700033269823,0.000778554647695,-0.00052729609888,-0.000774509215262,-0.000702031247783,0.000913004216272,-0.0024066993501,0.00115091667976,-0.00456731813028,0.0127803944051]],"mean":[-633.888916016,102.821983337,0.700051665306,14.4024114609,10.4870910645,1.69636762142,13.2059698105,13.4216918945,11.188832283,8.99473285675,8.89538955688,8.93662929535,7.0452580452]},"pitch_salience":{"dmean":0.0939653739333,"dmean2":0.151377737522,"dvar":0.00959319341928,"dvar2":0.0230062231421,"max":0.851043701172,"mean":0.406651854515,"median":0.422030746937,"min":0.0153389191255,"var":0.029162844643},"silence_rate_20dB":{"dmean":0,"dmean2":0,"dvar":0,"dvar2":0,"max":1,"mean":1,"median":1,"min":1,"var":0},"silence_rate_30dB":{"dmean":0.0612620897591,"dmean2":0.122538290918,"dvar":0.0575094483793,"dvar2":0.129634141922,"max":1,"mean":0.941968917847,"median":1,"min":0,"var":0.0546573325992},"silence_rate_60dB":{"dmean":0.00806080177426,"dmean2":0.0160082913935,"dvar":0.00799572188407,"dvar2":0.0185177642852,"max":1,"mean":0.0366148538888,"median":0,"min":0,"var":0.0352745912969},"spectral_centroid":{"dmean":318.534362793,"dmean2":481.881713867,"dvar":151514.140625,"dvar2":315129.71875,"max":5932.47412109,"mean":1605.92419434,"median":1499.21130371,"min":114.807983398,"var":560977.8125},"spectral_complexity":{"dmean":4.86526966095,"dmean2":7.33479213715,"dvar":31.4702224731,"dvar2":63.3179931641,"max":56,"mean":18.7556705475,"median":18,"min":0,"var":100.086997986},"spectral_contrast_coeffs":{"dmean":[0.0499997697771,0.0551480166614,0.0456896647811,0.037014760077,0.0269380863756,0.0196230914444],"dmean2":[0.0827870965004,0.0877874866128,0.0724686011672,0.0577853322029,0.0413168855011,0.0289766471833],"dvar":[0.00170739612076,0.00223843893036,0.00146762037184,0.00102814857382,0.000590242503677,0.000303149223328],"dvar2":[0.0043257237412,0.00536061171442,0.00335394148715,0.00223052897491,0.00119416799862,0.000630175170954],"max":[-0.322535187006,-0.334582448006,-0.432292401791,-0.422862112522,-0.504115462303,-0.604164779186],"mean":[-0.692192614079,-0.715986549854,-0.750433325768,-0.77141726017,-0.775774419308,-0.795578122139],"median":[-0.693124353886,-0.729085087776,-0.760928332806,-0.783358097076,-0.787988245487,-0.796024441719],"min":[-0.958162248135,-0.95273578167,-0.934260368347,-0.930295944214,-0.935990571976,-0.925991117954],"var":[0.00561091350392,0.0085785575211,0.00629388121888,0.0045668464154,0.00320141855627,0.00144677015487]},"spectral_contrast_valleys":{"dmean":[0.476032614708,0.440206378698,0.39005830884,0.361995339394,0.339224874973,0.396823734045],"dmean2":[0.759713709354,0.713609516621,0.612428665161,0.544887244701,0.487930446863,0.544755041599],"dvar":[0.219467177987,0.188077837229,0.154065042734,0.123272024095,0.13685451448,0.213206961751],"dvar2":[0.461250543594,0.440350979567,0.335763067007,0.244898974895,0.26858496666,0.45809456706],"max":[-5.0423541069,-4.94444131851,-5.0634522438,-5.7097029686,-5.4083442688,-7.32549858093],"mean":[-7.51282453537,-6.96895313263,-7.23394775391,-7.63869571686,-7.42305707932,-9.6088142395],"median":[-7.37384700775,-6.78015995026,-7.01449680328,-7.44056177139,-7.3695397377,-9.69153118134],"min":[-18.4741249084,-18.193775177,-17.7254676819,-17.9970607758,-17.1001338959,-18.3312568665],"var":[1.33106529713,0.770110011101,0.732982039452,0.722236871719,0.588415086269,0.596851229668]},"spectral_decrease":{"dmean":4.7287351812e-9,"dmean2":7.36108951571e-9,"dvar":3.15721836532e-17,"dvar2":7.55608247569e-17,"max":4.11142678844e-19,"mean":-1.23016228315e-8,"median":-1.03007122831e-8,"min":-4.71784709077e-8,"var":7.39179977383e-17},"spectral_energy":{"dmean":0.0181852001697,"dmean2":0.0282497201115,"dvar":0.000447964295745,"dvar2":0.0010679474799,"max":0.179374501109,"mean":0.0489366091788,"median":0.0421182252467,"min":1.75257013763e-11,"var":0.00106562976725},"spectral_energyband_high":{"dmean":0.000816950632725,"dmean2":0.00129386165645,"dvar":0.00000236545224652,"dvar2":0.00000532747981197,"max":0.0242404080927,"mean":0.00111673516221,"median":0.000480710121337,"min":1.29926772466e-11,"var":0.00000346596107192},"spectral_energyband_low":{"dmean":0.017052019015,"dmean2":0.0269368756562,"dvar":0.000522812537383,"dvar2":0.00126973469742,"max":0.175347670913,"mean":0.0326132066548,"median":0.0208922661841,"min":5.5663243112e-13,"var":0.00112381170038},"spectral_energyband_middle_high":{"dmean":0.00299581093714,"dmean2":0.00442174775526,"dvar":0.0000163281220011,"dvar2":0.0000331315241056,"max":0.0581623241305,"mean":0.00797598436475,"median":0.0047795730643,"min":1.55373945047e-12,"var":0.0000711629254511},"spectral_energyband_middle_low":{"dmean":0.00407639332116,"dmean2":0.00670517142862,"dvar":0.0000349800975528,"dvar2":0.0000910664311959,"max":0.0490749105811,"mean":0.00771909905598,"median":0.00468592066318,"min":1.57195667616e-13,"var":0.0000628315028735},"spectral_entropy":{"dmean":0.200583532453,"dmean2":0.291360795498,"dvar":0.0437295995653,"dvar2":0.0900342836976,"max":9.01284599304,"mean":7.69964265823,"median":7.7048368454,"min":5.79151344299,"var":0.159738689661},"spectral_flux":{"dmean":0.0403409190476,"dmean2":0.0632271915674,"dvar":0.00162270490546,"dvar2":0.00348806078546,"max":0.359301865101,"mean":0.111802227795,"median":0.101749651134,"min":0.0000124284815683,"var":0.00356812588871},"spectral_kurtosis":{"dmean":1.29519760609,"dmean2":1.99497449398,"dvar":2.0083823204,"dvar2":4.74751138687,"max":34.7442092896,"mean":4.61673736572,"median":4.35856962204,"min":-1.35301136971,"var":7.14733743668},"spectral_rms":{"dmean":0.00121499889065,"dmean2":0.00184404570609,"dvar":0.00000151799338255,"dvar2":0.00000330378657054,"max":0.0132287377492,"mean":0.00649203453213,"median":0.00641022250056,"min":1.30760255956e-7,"var":0.00000559642921871},"spectral_rolloff":{"dmean":645.486816406,"dmean2":1101.24914551,"dvar":1488838.625,"dvar2":3436765.75,"max":19315.2832031,"mean":1446.6854248,"median":904.39453125,"min":64.599609375,"var":3427237.5},"spectral_skewness":{"dmean":0.202114611864,"dmean2":0.30785959959,"dvar":0.0424065180123,"dvar2":0.0910059288144,"max":4.18151950836,"mean":1.65414059162,"median":1.66575491428,"min":-0.0569711737335,"var":0.170118868351},"spectral_spread":{"dmean":856834.125,"dmean2":1220995.5,"dvar":1082299711490,"dvar2":2202798915580,"max":18998360,"mean":5452681,"median":4983749,"min":1268736.125,"var":4382288510980},"spectral_strongpeak":{"dmean":0.578346252441,"dmean2":0.982734560966,"dvar":1.50205135345,"dvar2":3.6558303833,"max":17.3456630707,"mean":0.980932474136,"median":0.475819557905,"min":0,"var":2.39342284203},"zerocrossingrate":{"dmean":0.0136201456189,"dmean2":0.0164830777794,"dvar":0.000249093020102,"dvar2":0.000307894544676,"max":0.4990234375,"mean":0.0575448870659,"median":0.048828125,"min":0.001953125,"var":0.00206732796505}},"metadata":{"audio_properties":{"analysis_sample_rate":44100,"bit_rate":320000,"codec":"mp3","downmix":"mix","equal_loudness":0,"length":201.639190674,"lossless":false,"md5_encoded":"54f4d8fa61c6369b6662e23b0792f172","replay_gain":-10.2631072998,"sample_rate":44100},"tags":{"acoustid_id":["b874ed87-1480-4d6b-9192-ed2add2a4ee4"],"album":["Humanz"],"albumartist":["Gorillaz"],"albumartistsort":["Gorillaz"],"albumsort":["Humanz"],"artist":["Gorillaz feat. Danny Brown & Kelela"],"artistsort":["Gorillaz feat. Brown, Danny & Kelela"],"barcode":["0190295851194"],"catalognumber":["0190295851194"],"date":["2017-04-28"],"discnumber":["1/2"],"file_name":"07-Submission.mp3","label":["Parlophone"],"media":["12\" Vinyl"],"musicbrainz album release country":["US"],"musicbrainz album status":["official"],"musicbrainz album type":["album"],"musicbrainz_albumartistid":["e21857d5-3256-4547-afb3-4b6ded592596"],"musicbrainz_albumid":["103206aa-1d4a-4152-b77f-2de96e974999"],"musicbrainz_artistid":["e21857d5-3256-4547-afb3-4b6ded592596","960afc67-9c21-46dd-9c7f-ff2b509e3150","045494aa-e913-4e62-bf4e-dcc276e0075a"],"musicbrainz_recordingid":["62889293-1dbb-4b04-9072-aafb929c660b"],"musicbrainz_releasegroupid":["066f840f-e357-436f-bb0a-47ad7cfcd84a"],"originaldate":["2017-04-27"],"originalyear":["2017"],"script":["Latn"],"title":["Submission"],"titlesort":["Submission"],"tracknumber":["7/11"]},"version":{"essentia":"2.1-beta2","essentia_build_sha":"cead25079874084f62182a551b7393616cd33d87","essentia_git_sha":"v2.1_beta2-1-ge3940c0","extractor":"music 1.0"}},"rhythm":{"beats_count":462,"beats_loudness":{"dmean":0.0310278683901,"dmean2":0.0554903894663,"dvar":0.000537936168257,"dvar2":0.00162777584046,"max":0.165973305702,"mean":0.0869159027934,"median":0.0869707763195,"min":0.000178063288331,"var":0.00104770495091},"beats_loudness_band_ratio":{"dmean":[0.121838957071,0.0359485559165,0.0475546568632,0.0453376434743,0.0551754124463,0.0222595091909],"dmean2":[0.217473998666,0.0653247982264,0.0843