{"lowlevel":{"average_loudness":0.487052947283,"barkbands":{"dmean":[0.00320991175249,0.0119741903618,0.00216705817729,0.000662979844492,0.000722476630472,0.000892104697414,0.000499523244798,0.00027841058909,0.000606476969551,0.00156684021931,0.000812414858956,0.00101071514655,0.000542949535884,0.000421773351263,0.000365799176507,0.000354666641215,0.000279584666714,0.000136247341288,0.000122088444186,0.0000726860162104,0.0000627213375992,0.0000450117768196,0.0000315792167385,0.0000108862504931,0.00000208216783903,0.0000118880852824,0.00032627521432],"dmean2":[0.00553778558969,0.0200477745384,0.00357828801498,0.00111485633533,0.00114977534395,0.00131882086862,0.000712435226887,0.000434184708865,0.000923372106627,0.00227093999274,0.00122433411889,0.00157573574688,0.000884504348505,0.000669375178404,0.000595122401137,0.000584716326557,0.000463166827103,0.000217239590711,0.000195772270672,0.000110150649562,0.0000931434551603,0.000062796912971,0.000043697640649,0.000015521340174,0.00000342568569067,0.0000166860354511,0.000509624311235],"dvar":[0.0000541673143744,0.000576395366807,0.0000123537656691,0.00000106779839371,0.00000167718167177,0.00000748540696804,0.00000165077779002,4.27580346241e-7,0.00000325520795741,0.000045291169954,0.0000167229991348,0.00000530173974767,0.0000019229157715,7.40327209314e-7,4.9644330602e-7,5.55743156383e-7,7.7180328617e-7,7.91089860286e-8,8.76195684896e-8,2.91414981035e-8,2.26319993857e-8,1.07523678849e-8,5.564809058e-9,5.22659637792e-10,1.42179124377e-11,5.33644683998e-10,3.08600561993e-7],"dvar2":[0.000140297735925,0.00152694131248,0.0000316940895573,0.00000285491296381,0.00000422676748713,0.0000168203841895,0.00000282230325865,9.35123750878e-7,0.00000711109623808,0.0000757290763431,0.0000321081606671,0.0000127107377921,0.0000049887203204,0.00000183306246981,0.00000125697704334,0.00000145212004554,0.00000208477126762,1.97832548565e-7,2.24834295182e-7,6.7012805971e-8,5.41401625753e-8,2.08465689155e-8,1.08322035786e-8,9.81906667086e-10,3.60001473076e-11,9.86780213097e-10,7.84198391557e-7],"max":[0.0701079964638,0.258823573589,0.0442482568324,0.021558072418,0.0358059406281,0.117667891085,0.0614663213491,0.0212264228612,0.069147542119,0.329453289509,0.194448471069,0.0482131876051,0.0284874178469,0.0225179102272,0.0158155597746,0.0142230708152,0.0313723683357,0.00495564145967,0.00467218598351,0.00378919159994,0.00307702412829,0.00269027543254,0.00228349608369,0.000561925058719,0.0000561130145798,0.000708970415872,0.0138058839366],"mean":[0.00383775238879,0.0137967281044,0.00284517975524,0.000952940958086,0.00121416815091,0.0015971197281,0.00091064121807,0.000440802192315,0.000968697015196,0.00264486577362,0.00127956899814,0.00169759837445,0.000853848468978,0.000755045795813,0.000636616896372,0.000586500042118,0.000452727632364,0.000229705809033,0.000193614774616,0.000121374017908,0.0000961210680543,0.0000626504697721,0.0000384938866773,0.000012924218936,0.00000217344518205,0.0000152286984303,0.00100117607508],"median":[0.0014880115632,0.00712960213423,0.0016516840551,0.000556520826649,0.000538357242476,0.000370925321477,0.000302992673824,0.000176841116627,0.000337044970365,0.000423114455771,0.000327083427692,0.000499890709762,0.000280261301668,0.000349136593286,0.00026546639856,0.000210796337342,0.000157233313075,0.0000880942243384,0.0000687910433044,0.0000418813724536,0.0000302171301882,0.0000150087298607,0.00000702319175616,0.00000283352528641,7.8929559777e-7,0.00000447600359621,0.00063786766259],"min":[8.95944730193e-25,1.82411983206e-23,3.29371421372e-23,4.73344547695e-24,2.3143427688e-23,5.16841280935e-23,3.06562865138e-23,5.82494576871e-23,5.0714447647e-23,6.50794785134e-23,2.20017787196e-23,1.00914109911e-22,6.50598579649e-23,1.13901467781e-22,9.1084612731e-23,1.11555029418e-22,1.23275053845e-22,1.98214870844e-22,2.00375112791e-22,3.65001952365e-22,3.95872566076e-22,4.18846442312e-22,6.98043804689e-22,9.20926368662e-22,1.19434570987e-21,1.69960796422e-21,2.23106040063e-21],"var":[0.0000480608650832,0.000476914836327,0.0000141985246955,0.00000153730172769,0.00000355665702045,0.0000149283314386,0.00000488018758915,9.45647570916e-7,0.00000626282235316,0.000121659235447,0.0000376883072022,0.000011237482795,0.00000305877779283,0.00000154271992869,0.00000103914339888,0.00000107077948996,0.00000141740065374,1.44403472291e-7,1.24793743339e-7,5.64736843955e-8,3.78010938107e-8,2.18307203426e-8,9.25429688436e-9,8.5541990158e-10,1.5439522924e-11,9.05871155865e-10,0.00000131540446091]},"barkbands_crest":{"dmean":3.20271253586,"dmean2":5.16595602036,"dvar":8.3969078064,"dvar2":21.53972435,"max":25.1035232544,"mean":10.6726341248,"median":9.96211910248,"min":2.978110075,"var":19.7749156952},"barkbands_flatness_db":{"dmean":0.0280174706131,"dmean2":0.0447318479419,"dvar":0.000764402910136,"dvar2":0.00199870043434,"max":0.561901092529,"mean":0.142186015844,"median":0.133030816913,"min":0.0375063940883,"var":0.0026206318289},"barkbands_kurtosis":{"dmean":6.00542116165,"dmean2":9.96401977539,"dvar":198.289733887,"dvar2":527.762512207,"max":289.996948242,"mean":8.96644592285,"median":3.04563999176,"min":-1.76147079468,"var":391.397857666},"barkbands_skewness":{"dmean":0.74005573988,"dmean2":1.19681060314,"dvar":0.938993692398,"dvar2":2.45734715462,"max":14.9169635773,"mean":2.0670735836,"median":1.66962170601,"min":-4.14037561417,"var":3.01225566864},"barkbands_spread":{"dmean":8.36298084259,"dmean2":13.2802753448,"dvar":66.3041763306,"dvar2":167.975753784,"max":119.879806519,"mean":31.0075130463,"median":31.0239315033,"min":0.261900186539,"var":222.679519653},"dissonance":{"dmean":0.02134725824,"dmean2":0.0357334092259,"dvar":0.000452446402051,"dvar2":0.00119966827333,"max":0.500000059605,"mean":0.466215133667,"median":0.474025160074,"min":0.218087524176,"var":0.000829807540867},"dynamic_complexity":4.34674882889,"erbbands":{"dmean":[0.515817046165,2.14832520485,3.04048585892,2.00509738922,2.30627512932,2.05772280693,4.96736049652,8.0543050766,6.40980815887,8.55753707886,6.40308094025,13.9478092194,18.4089660645,63.052318573,32.6672477722,41.2582473755,27.3758487701,22.3953647614,18.5546875,16.3007831573,19.9080047607,12.1340866089,6.87287044525,7.29755735397,5.264087677,3.42682862282,2.90421962738,2.14284682274,1.6970692873,1.30977153778,0.83533424139,0.359431743622,0.117373161018,0.0267727617174,0.0150052895769,0.01663746126,0.0259077753872,0.0251435246319,0.0126600842923,0.00952771585435],"dmean2":[0.875847041607,3.57962107658,5.0017619133,3.29407858849,3.90943980217,3.24849820137,7.25260543823,12.0171012878,9.55211257935,11.882188797,10.0324087143,21.0895633698,27.1580982208,91.1510009766,48.9685058594,64.4408111572,44.2883872986,35.6572265625,30.0823535919,26.3055896759,33.1935195923,19.6949901581,10.8405761719,11.8332681656,8.22264194489,5.22391176224,4.38259601593,3.13079214096,2.3953332901,1.82366716862,1.17205071449,0.510702848434,0.169852435589,0.0428018979728,0.0245228912681,0.0246376767755,0.0361617989838,0.0345973446965,0.0176655743271,0.0145748341456],"dvar":[1.43245923519,15.0047512054,25.8173332214,9.03387641907,19.6224765778,16.312871933,168.523773193,863.010131836,354.073394775,777.208129883,231.468826294,2107.95849609,2304.63671875,76535.40625,18952.5625,8610.3828125,5095.54638672,2159.6418457,1446.3215332,1448.68164062,2276.85546875,877.754211426,172.340148926,300.484008789,151.327194214,69.3121109009,48.2225379944,28.1737289429,15.650223732,9.46300601959,3.91601991653,0.639697909355,0.0509042963386,0.0020257148426,0.000717894290574,0.000705694896169,0.00259165884927,0.00247277971357,0.000421317003202,0.000299535080558],"dvar2":[3.87311220169,39.4479179382,64.6247024536,23.1172714233,58.8709449768,37.5295829773,336.80569458,1978.05187988,750.83215332,1147.49682617,531.625671387,4758.46826172,4364.79736328,130554.617188,36963.4375,20879.9335938,13327.7949219,5362.13134766,3697.4621582,3720.81689453,6070.74414062,2283.96166992,407.406188965,793.04510498,376.652191162,160.45753479,117.525802612,63.9792785645,31.6976222992,18.3869552612,7.5696182251,1.2108476162,0.0970943197608,0.00491600017995,0.00181390729267,0.00144675490446,0.00476170005277,0.00452831713483,0.000803106988315,0.000703782425262],"max":[10.8832368851,49.0264205933,70.2619018555,45.4848670959,77.5488510132,187.512451172,357.775024414,1489.25671387,570.665405273,1797.66564941,478.187438965,1557.54724121,1568.79821777,13710.8076172,6414.80664062,2237.48168945,1456.70739746,1141.84082031,1007.68182373,1240.38720703,970.25958252,936.722351074,245.905670166,323.211761475,238.343338013,189.942138672,130.585388184,134.714767456,107.219482422,82.3091125488,66.6692276001,19.1502914429,4.66871881485,0.626747012138,0.400622606277,0.54680788517,1.36528277397,1.06500542164,0.532185554504,0.587778389454],"mean":[0.557101666927,2.44100689888,3.94337892532,3.18790221214,3.34078598022,3.31918096542,8.9384098053,14.0584783554,11.4218330383,15.6299734116,11.0824298859,22.8200359344,31.8443031311,109.210609436,58.9414291382,70.7828216553,45.792098999,41.3477630615,33.9166297913,30.7749462128,33.9862785339,21.7679805756,12.7669429779,11.7108850479,8.605260849,5.77644968033,4.54728841782,3.24159026146,2.3686041832,1.67414712906,1.01509332657,0.429411709309,0.138972654939,0.0304494891316,0.0162201132625,0.0206677746028,0.0329413600266,0.0363992378116,0.0322732143104,0.0364445745945],"median":[0.234838470817,1.23126983643,2.22433757782,2.0894818306,1.58205890656,1.53143632412,2.41777300835,2.90559077263,3.19509577751,5.01697206497,4.83437728882,8.09217453003,9.67632770538,17.8965396881,17.8640632629,23.5312728882,16.2856121063,18.2800559998,16.0027980804,13.9754629135,11.8555173874,8.85704135895,5.76557207108,4.43742895126,2.98737120628,2.05509805679,1.50065922737,0.92146396637,0.569638848305,0.338867038488,0.186020225286,0.0852261036634,0.0352592244744,0.0123656326905,0.00629918882623,0.00782302208245,0.00928416009992,0.012218773365,0.0197653658688,0.0220597274601],"min":[1.83937119549e-22,5.75642743094e-21,2.95114875039e-20,2.27889066552e-20,4.95737160545e-20,7.06502716e-20,2.79701637407e-19,4.59199235795e-19,2.37714259707e-19,8.81346467015e-19,1.22579801916e-18,1.15286612494e-18,1.94575007154e-18,1.8231772076e-18,1.95116810455e-18,3.16710437305e-18,2.21982706173e-18,4.22152246002e-18,5.31168198728e-18,4.93520437995e-18,6.21090341374e-18,7.92531340182e-18,8.57807222887e-18,1.01574065181e-17,1.48521767909e-17,1.76795016313e-17,1.20314247276e-17,1.95131476367e-17,1.46477258676e-17,1.71003593972e-17,1.82949670204e-17,1.66824445907e-17,1.64335227833e-17,1.21329346781e-17,7.80684873039e-18,4.89595590066e-18,3.16037153646e-18,1.06173222474e-18,3.19392141342e-19,3.30554329785e-20],"var":[1.09512424469,13.4616479874,29.1742858887,13.4431734085,28.0487480164,29.9514484406,417.98348999,1547.20996094,781.527832031,2527.62670898,502.404083252,3973.72363281,5597.37353516,202761.34375,42064.4257812,17287.671875,8256.11816406,4645.69921875,2770.71850586,3332.63623047,4310.57910156,1815.99133301,355.729888916,420.243988037,245.736572266,127.498352051,79.2429122925,49.9091567993,30.4317035675,17.6955814362,6.33499622345,1.03902256489,0.082726880908,0.00248423125595,0.000798981811386,0.0011278281454,0.004397676792,0.00468970416114,0.00161195779219,0.00184237805661]},"erbbands_crest":{"dmean":2.86063933372,"dmean2":4.53828954697,"dvar":7.01786708832,"dvar2":17.0013771057,"max":32.8582763672,"mean":9.82708358765,"median":8.60295963287,"min":2.11895704269,"var":24.2370605469},"erbbands_flatness_db":{"dmean":0.024049507454,"dmean2":0.034092374146,"dvar":0.000426216836786,"dvar2":0.000844326219521,"max":0.359695225954,"mean":0.155153289437,"median":0.153142690659,"min":0.0481011196971,"var":0.00213814200833},"erbbands_kurtosis":{"dmean":1.20997405052,"dmean2":1.88583910465,"dvar":3.83056497574,"dvar2":8.29538154602,"max":52.1516151428,"mean":1.38829469681,"median":0.720350980759,"min":-1.74819302559,"var":7.95306825638},"erbbands_skewness":{"dmean":0.364417791367,"dmean2":0.547902584076,"dvar":0.116014748812,"dvar2":0.253785312176,"max":5.53581237793,"mean":-0.141430601478,"median":-0.216207996011,"min":-2.95737028122,"var":0.567291617393},"erbbands_spread":{"dmean":6.9216709137,"dmean2":10.2282619476,"dvar":60.1865692139,"dvar2":129.129119873,"max":137.0052948,"mean":25.9552745819,"median":23.0638637543,"min":1.26456201077,"var":214.203918457},"gfcc":{"cov":[[18164.1601562,985.117797852,-750.110961914,318.189971924,30.8126964569,-622.761108398,396.595245361,-658.871643066,188.066574097,-222.871185303,68.27759552,69.8516921997,-158.766494751],[985.117797852,1053.04162598,-65.4816513062,-313.227996826,259.567443848,-140.428833008,61.0634231567,-89.5986480713,50.5433921814,-48.634311676,53.0481719971,-84.0904693604,109.351226807],[-750.110961914,-65.4816513062,455.321350098,214.374252319,-105.697944641,123.940994263,-61.8676872253,89.4147338867,-6.92901611328,63.1967926025,-48.3937149048,-1.22741782665,-50.670009613],[318.189971924,-313.227996826,214.374252319,485.285308838,-78.7253036499,32.9217453003,51.7011871338,16.9823589325,15.1746234894,24.0777111053,-49.919757843,29.8693962097,-121.917724609],[30.8126964569,259.567443848,-105.697944641,-78.7253036499,263.281585693,35.090133667,61.3934822083,-24.3996982574,13.5220661163,-33.6842193604,20.8345661163,-34.4565467834,51.6666183472],[-622.761108398,-140.428833008,123.940994263,32.9217453003,35.090133667,233.493423462,8.01094913483,71.9529571533,-21.9002323151,19.900428772,-14.0005731583,6.32764720917,4.49863910675],[396.595245361,61.0634231567,-61.8676872253,51.7011871338,61.3934822083,8.01094913483,179.652069092,-19.202878952,36.7049217224,-28.8895664215,-5.82240104675,-3.48871779442,-25.68998909],[-658.871643066,-89.5986480713,89.4147338867,16.9823589325,-24.3996982574,71.9529571533,-19.202878952,148.651519775,9.3653421402,28.7475681305,-9.73351287842,-1.35846078396,16.9510478973],[188.066574097,50.5433921814,-6.92901611328,15.1746234894,13.5220661163,-21.9002323151,36.7049217224,9.3653421402,103.912574768,25.7770061493,-3.32509112358,-1.17079389095,-19.7982692719],[-222.871185303,-48.634311676,63.1967926025,24.0777111053,-33.6842193604,19.900428772,-28.8895664215,28.7475681305,25.7770061493,86.0925064087,27.3314285278,1.49416136742,-10.3617343903],[68.27759552,53.0481719971,-48.3937149048,-49.919757843,20.8345661163,-14.0005731583,-5.82240104675,-9.73351287842,-3.32509112358,27.3314285278,82.2294616699,36.7800559998,23.5482540131],[69.8516921997,-84.0904693604,-1.22741782665,29.8693962097,-34.4565467834,6.32764720917,-3.48871779442,-1.35846078396,-1.17079389095,1.49416136742,36.7800559998,81.7071456909,20.7235832214],[-158.766494751,109.351226807,-50.670009613,-121.917724609,51.6666183472,4.49863910675,-25.68998909,16.9510478973,-19.7982692719,-10.3617343903,23.5482540131,20.7235832214,109.374435425]],"icov":[[0.0000881122105056,-0.000211571648833,0.000292283861199,-0.000270238990197,0.000263549474766,-0.000130972795887,0.0000308609451167,0.000217288063141,-0.000103450896859,0.000074313582445,0.00000737915434001,-0.000077305623563,0.0000294418605336],[-0.000211571648833,0.00398979242891,-0.00401547458023,0.00250295875594,-0.00278500374407,0.00299641722813,-0.00164461543318,0.00115721253678,-0.00201344722882,0.00274365395308,-0.00414844183251,0.00434631248936,-0.00277449493296],[0.000292283861199,-0.00401547458023,0.00853147078305,-0.00439442042261,0.00390814337879,-0.00484817707911,0.00301110930741,-0.00161716085859,0.00178798567504,-0.00421590358019,0.00523640261963,-0.00334378704429,0.00223446683958],[-0.000270238990197,0.00250295875594,-0.00439442042261,0.0068361829035,-0.00394247705117,0.00349664967507,-0.00257793115452,-0.00058512709802,0.00146209949162,-0.00174056889955,0.00277962279506,-0.0040661226958,0.00416511297226],[0.000263549474766,-0.00278500374407,0.00390814337879,-0.00394247705117,0.0107664112002,-0.00575208757073,0.000234313265537,0.00181868788786,-0.00322206225246,0.0042814547196,-0.00524147413671,0.00689935358241,-0.00484959874302],[-0.000130972795887,0.00299641722813,-0.00484817707911,0.00349664967507,-0.00575208757073,0.0100642638281,-0.00291048642248,-0.0021943624597,0.00276079494506,-0.00216766004451,0.00186704087537,-0.00248231017031,0.00078818469774],[0.0000308609451167,-0.00164461543318,0.00301110930741,-0.00257793115452,0.000234313265537,-0.00291048642248,0.00918671023101,-0.000388484389987,-0.00279444293119,0.00281384470873,-0.000140598451253,-0.00064578698948,0.00235083838925],[0.000217288063141,0.00115721253678,-0.00161716085859,-0.00058512709802,0.00181868788786,-0.0021943624597,-0.000388484389987,0.0112638175488,-0.00399961974472,0.00123638717923,-0.00291825574823,0.00500079849735,-0.00577484117821],[-0.000103450896859,-0.00201344722882,0.00178798567504,0.00146209949162,-0.00322206225246,0.00276079494506,-0.00279444293119,-0.00399961974472,0.017799993977,-0.0125758638605,0.0116005176678,-0.0108327148482,0.00727853178978],[0.000074313582445,0.00274365395308,-0.00421590358019,-0.00174056889955,0.0042814547196,-0.00216766004451,0.00281384470873,0.00123638717923,-0.0125758638605,0.0295729637146,-0.0224641282111,0.0162883382291,-0.00571698090062],[0.00000737915434001,-0.00414844183251,0.00523640261963,0.00277962279506,-0.00524147413671,0.00186704087537,-0.000140598451253,-0.00291825574823,0.0116005176678,-0.0224641282111,0.0380236543715,-0.0265236012638,0.00931172352284],[-0.000077305623563,0.00434631248936,-0.00334378704429,-0.0040661226958,0.00689935358241,-0.00248231017031,-0.00064578698948,0.00500079849735,-0.0108327148482,0.0162883382291,-0.0265236012638,0.0370025597513,-0.0163411423564],[0.0000294418605336,-0.00277449493296,0.00223446683958,0.00416511297226,-0.00484959874302,0.00078818469774,0.00235083838925,-0.00577484117821,0.00727853178978,-0.00571698090062,0.00931172352284,-0.0163411423564,0.0232104174793]],"mean":[-18.4750156403,93.71925354,-99.1265869141,-3.85649514198,0.234357267618,-5.35293340683,8.62260055542,-14.5385093689,3.7394695282,-10.5479574203,-1.28927719593,-1.72014582157,-3.62449383736]},"hfc":{"dmean":45.1136703491,"dmean2":65.7671279907,"dvar":7904.83496094,"dvar2":16285.7724609,"max":3803.55810547,"mean":172.037628174,"median":108.415657043,"min":1.17270626286e-16,"var":40386.078125},"melbands":{"dmean":[0.00391148682684,0.00196817098185,0.0003412241349,0.000152607419295,0.000152005435666,0.000176637404365,0.0000965187937254,0.0000842156223371,0.0000580611194891,0.0000900997401914,0.0000931311951717,0.000266198272584,0.000121473720355,0.000124095298816,0.0000746190853533,0.0000512196638738,0.0000416808397858,0.0000293678949674,0.0000239645178226,0.0000235877469095,0.0000263052752416,0.0000150721780301,0.00000905129218154,0.00000653032020637,0.00000625650591246,0.00000476357490697,0.00000287004286292,0.00000232168417824,0.00000197276835934,0.00000154088047566,0.00000120865206554,0.00000100637555533,8.70151836807e-7,6.97817483797e-7,5.28213320194e-7,3.27900437469e-7,1.83356647199e-7,9.29772951963e-8,3.69002819411e-8,1.888744805e-8],"dmean2":[0.00659674080089,0.0032287160866,0.000561539782211,0.000250606593909,0.00022258257377,0.000262094748905,0.000142107382999,0.000118911753816,0.0000908903239178,0.00013641458645,0.000137512543006,0.000384321145248,0.000181634924957,0.000193465413759,0.000119381962577,0.0000824563830975,0.0000662727034069,0.0000476843888464,0.000038906950067,0.0000381634381483,0.0000441711308667,0.0000247551597568,0.0000144914738485,0.000010525351172,0.0000102787307696,0.00000765962886362,0.0000045384299483,0.0000036062676827,0.00000304834952658,0.00000235646416513,0.00000179541927992,0.00000145666035678,0.00000123704012367,9.87620069282e-7,7.51624781969e-7,4.70331286806e-7,2.64542961759e-7,1.35526136091e-7,5.69367308856e-8,3.11760182115e-8],"dvar":[0.0000730957617634,0.0000102451786006,2.44568013841e-7,8.72949428299e-8,1.3664025289e-7,3.63886471177e-7,6.87739500904e-8,6.92828976412e-8,1.96368556971e-8,8.726593137e-8,5.89311923704e-8,0.00000140440852192,3.91891205709e-7,8.56467536892e-8,2.52562006864e-8,1.25409460594e-8,7.85569120865e-9,3.41779693436e-9,1.91341964495e-9,2.93651392091e-9,4.7477621834e-9,1.96692595544e-9,2.85095863584e-10,1.79288570101e-10,2.27965410438e-10,1.29217164746e-10,4.54627793744e-11,3.29200763871e-11,2.21242503484e-11,1.44748830977e-11,9.79264933032e-12,5.71615367886e-12,4.26212233909e-12,2.92718627115e-12,1.72253335727e-12,5.57148999245e-13,1.72842100875e-13,3.46434679717e-14,3.92877259046e-15,1.2017711926e-15],"dvar2":[0.000195178872673,0.0000254987044173,6.42882582724e-7,2.27294762567e-7,2.75030572539e-7,8.28331849334e-7,1.42556629612e-7,1.04957216251e-7,4.49225261434e-8,1.94086126726e-7,1.12404720198e-7,0.00000237758172261,7.52425648898e-7,2.03384800557e-7,6.34315924231e-8,3.22858468849e-8,1.96881568826e-8,8.65729887778e-9,4.75425920854e-9,7.59256835181e-9,1.27482753243e-8,5.24333287899e-9,7.16897430308e-10,4.51187059936e-10,6.0971450111e-10,3.3027539037e-10,1.09371595114e-10,7.69713251469e-11,5.43376836581e-11,3.57238093274e-11,2.24336989957e-11,1.20588252925e-11,8.64802760653e-12,5.91365758446e-12,3.44482949111e-12,1.09736525422e-12,3.42453902692e-13,6.76843021734e-14,8.71542946726e-15,3.0502039713e-15],"max":[0.079362899065,0.0429035201669,0.00828945729882,0.00954707991332,0.0094354795292,0.0288002677262,0.00752152781934,0.0168018452823,0.00392038095742,0.0106029566377,0.00818442739546,0.0588580444455,0.0298689100891,0.0072278981097,0.00300899846479,0.00200669653714,0.00262780208141,0.00159707968123,0.000966374063864,0.00138436257839,0.00172491220292,0.00152630836237,0.000302528322209,0.000222366332309,0.000291456643026,0.000187616795301,0.000184246484423,0.000123024350614,0.0000988423635135,0.0000648031927994,0.0000964846258285,0.0000624434323981,0.000064215157181,0.0000475740307593,0.0000489005906275,0.000015197763787,0.00000975297552941,0.0000044588559831,9.49269747252e-7,5.15863348483e-7],"mean":[0.00454719876871,0.00251571345143,0.000566684815567,0.000231206300668,0.000277428422123,0.000314144359436,0.000176942412509,0.000151238054968,0.0000964603532339,0.000143533587107,0.000155690446263,0.00045446731383,0.000201306989766,0.000207862292882,0.000122809316963,0.0000853442761581,0.0000739732349757,0.0000510860008944,0.0000435931578977,0.0000397978401452,0.0000410450338677,0.0000243502781814,0.0000148645021909,0.0000103587835838,0.00000936175274546,0.00000722211052562,0.00000460179990114,0.00000365594746654,0.00000295871927847,0.00000226584893426,0.0000017370639398,0.00000137453207572,0.00000111681185899,8.57409077071e-7,6.29926773854e-7,3.85025430205e-7,2.13379422576e-7,1.08165984614e-7,4.21883470381e-8,1.94090397088e-8],"median":[0.00229386799037,0.0014423399698,0.000379996286938,0.000106975989183,0.0000830822100397,0.0000679309814586,0.0000546109840798,0.0000503095725435,0.0000403499434469,0.0000485359814775,0.0000448448154202,0.0000686523781042,0.0000537376508873,0.0000620682912995,0.0000419161951868,0.0000336091288773,0.0000305246612697,0.0000247600164585,0.000018718850697,0.0000158189795911,0.0000118174611998,0.00000836545132188,0.00000646526905257,0.00000407292600357,0.00000330073635268,0.00000243846761805,0.00000153292739924,0.00000123515428641,9.52701441292e-7,6.57650673475e-7,4.5326100917e-7,3.26948679685e-7,2.32250357612e-7,1.57987599891e-7,1.09775825763e-7,7.05623364183e-8,4.29688284953e-8,2.59195989116e-8,1.45114986694e-8,6.74822375757e-9],"min":[3.46447751392e-24,1.49428746348e-23,5.2050253428e-24,4.09568496166e-24,8.58631865755e-24,9.84460149962e-24,4.07917607507e-24,1.12034270306e-23,1.00818198624e-23,6.08815670391e-24,9.3701426859e-24,8.4239560949e-24,3.71234825996e-24,1.1659846962e-23,4.70243141046e-24,4.07653970193e-24,9.26740775249e-24,9.14563760544e-24,8.17519511933e-24,6.8800117307e-24,5.52669836526e-24,7.6349334732e-24,8.71189821392e-24,7.73425658319e-24,7.949220391e-24,8.85354765578e-24,1.57701688434e-23,9.74963605727e-24,6.64962174789e-24,7.51375576068e-24,1.18688761693e-23,7.62169323176e-24,6.89049569213e-24,9.9892107476e-24,8.13427374873e-24,1.04829469553e-23,1.05900135239e-23,1.05194522825e-23,1.23384330013e-23,9.32829203715e-24],"var":[0.0000582445609325,0.000011175943655,3.793680321e-7,1.4875409704e-7,3.59570890396e-7,6.89496914674e-7,1.60937162264e-7,2.2264107713e-7,4.32558415753e-8,1.61343592708e-7,1.41769959328e-7,0.00000374422052118,8.68169308887e-7,1.82235964985e-7,4.75145114365e-8,2.26247074409e-8,1.64729367924e-8,6.46784359404e-9,4.75149608548e-9,5.93951643424e-9,8.58044746366e-9,3.70394226401e-9,5.59022106383e-10,2.96465296756e-10,2.95930557836e-10,1.82689224859e-10,7.97276827891e-11,5.64202955189e-11,3.49600799698e-11,2.18789257544e-11,1.66247675348e-11,1.03924611972e-11,7.79109329135e-12,4.99635229023e-12,2.62865272084e-12,8.59026933787e-13,2.65195932705e-13,5.36503994171e-14,5.45667687874e-15,1.28226716879e-15]},"melbands_crest":{"dmean":4.52896738052,"dmean2":7.2866601944,"dvar":15.9107933044,"dvar2":40.2200279236,"max":37.2372360229,"mean":17.7381534576,"median":17.0622596741,"min":1.925162673,"var":45.811668396},"melbands_flatness_db":{"dmean":0.0357156693935,"dmean2":0.0566108077765,"dvar":0.0011431890307,"dvar2":0.0029599131085,"max":0.733885169029,"mean":0.249904438853,"median":0.241001233459,"min":0.00608259951696,"var":0.00477941473946},"melbands_kurtosis":{"dmean":12.1553993225,"dmean2":20.3451976776,"dvar":1229.97766113,"dvar2":3390.40527344,"max":1116.50695801,"mean":15.3497581482,"median":4.43194580078,"min":-1.75860595703,"var":1444.5020752},"melbands_skewness":{"dmean":1.08642625809,"dmean2":1.71203875542,"dvar":2.00549173355,"dvar2":5.07105398178,"max":27.1117420197,"mean":2.59992671013,"median":2.05670547485,"min":-2.43959188461,"var":5.45296621323},"melbands_spread":{"dmean":6.74359416962,"dmean2":10.8305997849,"dvar":49.9659233093,"dvar2":125.371322632,"max":246.408752441,"mean":22.6029224396,"median":20.5841350555,"min":0.292682856321,"var":280.228393555},"mfcc":{"cov":[[9686.45800781,508.737792969,-719.799194336,562.25213623,-350.633666992,261.348419189,-159.988021851,226.869064331,-279.162872314,89.3596420288,-142.891586304,79.9879608154,-60.7050094604],[508.737792969,1388.22668457,-310.178222656,-172.840637207,143.817428589,-45.1711807251,78.0285491943,-87.1288757324,90.9403076172,-61.3093185425,30.9466362,-28.6770362854,55.2302932739],[-719.799194336,-310.178222656,580.53717041,95.9393844604,13.5651922226,18.0872135162,-30.916267395,19.0855407715,7.35501861572,49.949382782,41.0596847534,20.9544010162,-30.5034503937],[562.25213623,-172.840637207,95.9393844604,372.701080322,-51.6979370117,57.5149497986,-30.165802002,56.867061615,-33.4958953857,57.1873474121,12.3460197449,23.2315101624,-45.5970687866],[-350.633666992,143.817428589,13.5651922226,-51.6979370117,189.689590454,16.2832927704,46.8958473206,-13.3454246521,47.0009651184,-17.8724136353,12.1406574249,-0.0895943939686,24.6764297485],[261.348419189,-45.1711807251,18.0872135162,57.5149497986,16.2832927704,171.576782227,42.2742042542,54.7086181641,-3.77229166031,41.7435264587,-5.35172080994,17.2342605591,-13.8609685898],[-159.988021851,78.0285491943,-30.916267395,-30.165802002,46.8958473206,42.2742042542,136.586364746,32.2059555054,26.5026931763,-8.66804504395,3.91625332832,-14.012969017,12.8807086945],[226.869064331,-87.1288757324,19.0855407715,56.867061615,-13.3454246521,54.7086181641,32.2059555054,122.485580444,24.437002182,29.4941997528,-15.3926095963,9.27823257446,-9.02027416229],[-279.162872314,90.9403076172,7.35501861572,-33.4958953857,47.0009651184,-3.77229166031,26.5026931763,24.437002182,112.977752686,28.1875591278,13.297908783,-7.78175973892,4.50309228897],[89.3596420288,-61.3093185425,49.949382782,57.1873474121,-17.8724136353,41.7435264587,-8.66804504395,29.4941997528,28.1875591278,93.9076156616,31.3492774963,7.32445764542,-20.1848754883],[-142.891586304,30.9466362,41.0596847534,12.3460197449,12.1406574249,-5.35172080994,3.91625332832,-15.3926095963,13.297908783,31.3492774963,77.1246490479,26.3528347015,-1.77050590515],[79.9879608154,-28.6770362854,20.9544010162,23.2315101624,-0.0895943939686,17.2342605591,-14.012969017,9.27823257446,-7.78175973892,7.32445764542,26.3528347015,75.5557098389,25.7807598114],[-60.7050094604,55.2302932739,-30.5034503937,-45.5970687866,24.6764297485,-13.8609685898,12.8807086945,-9.02027416229,4.50309228897,-20.1848754883,-1.77050590515,25.7807598114,72.9226760864]],"icov":[[0.000180537768756,-0.000153697706992,0.000202910319786,-0.000194770414964,0.00014489388559,-0.000128934174427,0.000239267465076,-0.000355204712832,0.000473442691145,-0.000260225002421,0.000286098831566,-0.00016579318617,0.0000343442661688],[-0.000153697706992,0.00116615113802,0.000347693043295,0.000179484355613,-0.0005032136105,-0.0000478550027765,-0.000340433267411,0.000884148175828,-0.00122411281336,0.000819746463094,-0.00101777049713,0.000558633997571,-0.000342527433531],[0.000202910319786,0.000347693043295,0.00243701669388,-0.000509471225087,-0.000501273083501,-0.000126083032228,0.000665994419251,-0.00041927077109,0.00022743435693,-0.00048131562653,-0.000781976094004,-0.000225309588131,0.000495974556543],[-0.000194770414964,0.000179484355613,-0.000509471225087,0.00391064444557,-0.0000515396532137,-0.00013158742513,0.000233793747611,-0.00103884388227,0.000966811843682,-0.00115248735528,-0.000394707021769,-0.000800436537247,0.00165138149168],[0.00014489388559,-0.0005032136105,-0.000501273083501,-0.0000515396532137,0.0077021215111,-0.00202824547887,-0.00101350760087,0.00118578854017,-0.00294846412726,0.00257474672981,-0.000999678857625,0.000304907938698,-0.00164363440126],[-0.000128934174427,-0.0000478550027765,-0.000126083032228,-0.00013158742513,-0.00202824547887,0.00988620147109,-0.00386869511567,-0.00145748467185,0.00263441051356,-0.00570886163041,0.00411751866341,-0.00412764912471,0.0026788006071],[0.000239267465076,-0.000340433267411,0.000665994419251,0.000233793747611,-0.00101350760087,-0.00386869511567,0.0118860118091,-0.00440474040806,-0.000545184593648,0.00372155336663,-0.0046863425523,0.00524949841201,-0.00306081864983],[-0.000355204712832,0.000884148175828,-0.00041927077109,-0.00103884388227,0.00118578854017,-0.00145748467185,-0.00440474040806,0.0143940309063,-0.00490242103115,-0.00195964728482,0.005093913991,-0.00362314539962,0.0012548394734],[0.000473442691145,-0.00122411281336,0.00022743435693,0.000966811843682,-0.00294846412726,0.00263441051356,-0.000545184593648,-0.00490242103115,0.0155362905934,-0.00722396746278,0.000825597904623,0.000635463220533,-0.00015431738575],[-0.000260225002421,0.000819746463094,-0.00048131562653,-0.00115248735528,0.00257474672981,-0.00570886163041,0.00372155336663,-0.00195964728482,-0.00722396746278,0.0218602027744,-0.0108133051544,0.00416955910623,0.000144727062434],[0.000286098831566,-0.00101777049713,-0.000781976094004,-0.000394707021769,-0.000999678857625,0.00411751866341,-0.0046863425523,0.005093913991,0.000825597904623,-0.0108133051544,0.024477802217,-0.0118070617318,0.00473833829165],[-0.00016579318617,0.000558633997571,-0.000225309588131,-0.000800436537247,0.000304907938698,-0.00412764912471,0.00524949841201,-0.00362314539962,0.000635463220533,0.00416955910623,-0.0118070617318,0.0238298717886,-0.0110155139118],[0.0000343442661688,-0.000342527433531,0.000495974556543,0.00165138149168,-0.00164363440126,0.0026788006071,-0.00306081864983,0.0012548394734,-0.00015431738575,0.000144727062434,0.00473833829165,-0.0110155139118,0.0210614595562]],"mean":[-676.646118164,157.705001831,-28.4891548157,24.4361572266,5.1310133934,23.9989471436,6.78358697891,15.4135217667,4.32006120682,6.83910369873,-0.0154961785302,5.81820249557,3.30252146721]},"pitch_salience":{"dmean":0.0800185278058,"dmean2":0.130476370454,"dvar":0.00554700708017,"dvar2":0.0146015714854,"max":0.821428179741,"mean":0.482152789831,"median":0.490388453007,"min":0.0788614675403,"var":0.0128400633112},"silence_rate_20dB":{"dmean":0.000223763709073,"dmean2":0.000447577476734,"dvar":0.000223707640544,"dvar2":0.000447381724371,"max":1,"mean":0.999776244164,"median":1,"min":0,"var":0.000223682611249},"silence_rate_30dB":{"dmean":0.0601924359798,"dmean2":0.120398342609,"dvar":0.0565706528723,"dvar2":0.132975652814,"max":1,"mean":0.927732408047,"median":1,"min":0,"var":0.0670465826988},"silence_rate_60dB":{"dmean":0.00111881853081,"dmean2":0.00223788735457,"dvar":0.0011175153777,"dvar2":0.00245686504059,"max":1,"mean":0.0437409095466,"median":0,"min":0,"var":0.0418278537691},"spectral_centroid":{"dmean":213.074691772,"dmean2":324.468963623,"dvar":62874.3867188,"dvar2":132525.765625,"max":10801.9589844,"mean":1281.88977051,"median":1186.27868652,"min":112.207618713,"var":355246.3125},"spectral_complexity":{"dmean":3.56254196167,"dmean2":5.27067232132,"dvar":19.3132038116,"dvar2":35.6245002747,"max":56,"mean":18.9480934143,"median":18,"min":0,"var":103.587341309},"spectral_contrast_coeffs":{"dmean":[0.0498211123049,0.0456821285188,0.0394465252757,0.0308474879712,0.0225078705698,0.03752072528],"dmean2":[0.0828662887216,0.0736345723271,0.0636597648263,0.0504145734012,0.0363512188196,0.0570925921202],"dvar":[0.0015124802012,0.00130470900331,0.000958536344115,0.000582825043239,0.000354771589627,0.00113340455573],"dvar2":[0.00416092947125,0.00335669796914,0.002443887759,0.00152635702398,0.000885326007847,0.00256085442379],"max":[-0.445066452026,-0.462336212397,-0.447815209627,-0.586937606335,-0.615953922272,-0.527504622936],"mean":[-0.721648454666,-0.773444652557,-0.764197766781,-0.782143294811,-0.800467133522,-0.746451079845],"median":[-0.72415804863,-0.782302320004,-0.769830465317,-0.783041119576,-0.806200623512,-0.743244171143],"min":[-0.970336258411,-0.98783826828,-0.971249401569,-0.983944296837,-0.966789364815,-0.961012125015],"var":[0.00440679024905,0.00510991597548,0.00435015233234,0.0026654410176,0.00219582137652,0.00463484833017]},"spectral_contrast_valleys":{"dmean":[0.407939463854,0.367516011,0.297680586576,0.284413129091,0.33347761631,0.581232666969],"dmean2":[0.658713877201,0.592527031898,0.477114915848,0.440265804529,0.445769160986,0.870381772518],"dvar":[0.13177382946,0.105430267751,0.0793740302324,0.0950194448233,0.154718995094,0.255434811115],"dvar2":[0.289703458548,0.233753755689,0.164734229445,0.184397488832,0.263970077038,0.61567825079],"max":[-4.93688249588,-4.68343782425,-5.15375757217,-5.58361196518,-5.54468536377,-9.0442905426],"mean":[-7.02029800415,-6.96280241013,-7.07842540741,-7.51518011093,-7.8881611824,-11.2284088135],"median":[-6.77220630646,-6.75193500519,-6.85870265961,-7.25803613663,-7.66789484024,-11.0529899597],"min":[-27.014913559,-27.1735630035,-26.8992195129,-27.6109981537,-27.1963596344,-27.2684173584],"var":[2.36809754372,1.90773439407,1.86203122139,1.82661890984,1.93643069267,1.43173480034]},"spectral_decrease":{"dmean":4.70569494482e-9,"dmean2":7.61065432897e-9,"dvar":6.66655229729e-17,"dvar2":1.67824980415e-16,"max":1.91863129828e-8,"mean":-7.39763006408e-9,"median":-4.91098761657e-9,"min":-8.85870861111e-8,"var":7.28080735574e-17},"spectral_energy":{"dmean":0.0182116180658,"dmean2":0.0287491288036,"dvar":0.000947132590227,"dvar2":0.00235336460173,"max":0.4369815588,"mean":0.0435247272253,"median":0.0318878889084,"min":1.08314026322e-20,"var":0.00163656601217},"spectral_energyband_high":{"dmean":0.000356921053026,"dmean2":0.00051107746549,"dvar":3.30014557903e-7,"dvar2":7.06066543898e-7,"max":0.0114004751667,"mean":0.00082656822633,"median":0.000488429039251,"min":7.6722294284e-21,"var":0.0000010180802974},"spectral_energyband_low":{"dmean":0.0151880215853,"dmean2":0.025162069127,"dvar":0.000858460087329,"dvar2":0.00222610379569,"max":0.305176138878,"mean":0.0203130282462,"median":0.0120472284034,"min":5.27338558337e-23,"var":0.000768704281654},"spectral_energyband_middle_high":{"dmean":0.00327032362111,"dmean2":0.00484123732895,"dvar":0.0000686412095092,"dvar2":0.000125498336274,"max":0.350994050503,"mean":0.00927335675806,"median":0.00425854232162,"min":1.71922543294e-21,"var":0.000253868725849},"spectral_energyband_middle_low":{"dmean":0.00237588956952,"dmean2":0.00351138203405,"dvar":0.0000166672180058,"dvar2":0.0000356038435712,"max":0.120819099247,"mean":0.00631803227589,"median":0.00378252263181,"min":2.97684197785e-22,"var":0.0000588128204981},"spectral_entropy":{"dmean":0.178602620959,"dmean2":0.24828389287,"dvar":0.0327602438629,"dvar2":0.0641003251076,"max":9.79322814941,"mean":7.50572824478,"median":7.50832843781,"min":4.91327095032,"var":0.144955918193},"spectral_flux":{"dmean":0.03411943838,"dmean2":0.0564544983208,"dvar":0.00227691419423,"dvar2":0.00506223691627,"max":0.461666673422,"mean":0.106679290533,"median":0.0935923755169,"min":1.04074027174e-10,"var":0.00444709695876},"spectral_kurtosis":{"dmean":5.72512769699,"dmean2":8.16843032837,"dvar":37.2120285034,"dvar2":82.0564651489,"max":83.0738067627,"mean":21.5158634186,"median":19.4695701599,"min":-1.30878198147,"var":125.498924255},"spectral_rms":{"dmean":0.00119485484902,"dmean2":0.00182258931454,"dvar":0.00000266584993369,"dvar2":0.00000624058293397,"max":0.0206476021558,"mean":0.00589293893427,"median":0.00557764619589,"min":3.25072629405e-12,"var":0.00000773629744799},"spectral_rolloff":{"dmean":4663.69580078,"dmean2":8908.90332031,"dvar":57095684,"dvar2":126555408,"max":22006.9335938,"mean":12016.1210938,"median":19681.3476562,"min":43.06640625,"var":93162408},"spectral_skewness":{"dmean":0.455813199282,"dmean2":0.620279848576,"dvar":0.217893972993,"dvar2":0.4257607162,"max":7.07230997086,"mean":3.11870145798,"median":3.06179189682,"min":0.0219140890986,"var":0.989459812641},"spectral_spread":{"dmean":508449.5625,"dmean2":752734.875,"dvar":469391933440,"dvar2":732190867456,"max":47882520,"mean":3954886.75,"median":3731216.25,"min":1149373.625,"var":1765185683460},"spectral_strongpeak":{"dmean":3.2304289341,"dmean2":5.95970201492,"dvar":195.828613281,"dvar2":516.786132812,"max":323.415100098,"mean":2.72065210342,"median":0.222741901875,"min":0,"var":167.171783447},"zerocrossingrate":{"dmean":0.0396946743131,"dmean2":0.0509181134403,"dvar":0.00113592424896,"dvar2":0.00182006240357,"max":0.6171875,"mean":0.256720691919,"median":0.255859375,"min":0.00341796875,"var":0.00959410704672}},"metadata":{"audio_properties":{"analysis_sample_rate":44100,"bit_rate":259867,"codec":"mp3","downmix":"mix","equal_loudness":0,"length":207.517807007,"lossless":false,"md5_encoded":"213aa97f140c9ac069961d4bb5e4b592","replay_gain":-9.06652641296,"sample_rate":44100},"tags":{"acoustid_id":["78b53c04-154f-4c85-bf31-02414f25f167"],"album":["The Best of Roxy Music"],"albumartist":["Roxy Music"],"albumartistsort":["Roxy Music"],"artist":["Roxy Music"],"artistsort":["Roxy Music"],"asin":["B00005CDUE"],"barcode":["724381039526"],"catalognumber":["7243 8 10395 2 6/CDV 2939"],"date":["2001"],"discnumber":["1/1"],"encoding":["LAME v3.97 (beta)"],"file_name":"04 - Over You.mp3","isrc":["GBAAA9900107"],"label":["Virgin/Virgin"],"media":["CD"],"musicbrainz album release country":["XE"],"musicbrainz album status":["official"],"musicbrainz album type":["album/compilation"],"musicbrainz_albumartistid":["331ce348-1b08-40b9-8ed7-0763b92bd003"],"musicbrainz_albumid":["30383f9e-8c24-4d31-af81-2899b689ec83"],"musicbrainz_artistid":["331ce348-1b08-40b9-8ed7-0763b92bd003"],"musicbrainz_recordingid":["6298f433-3ac3-40a7-9986-f94321ab8f21"],"musicbrainz_releasegroupid":["526ad4b7-32eb-3e9e-9d1a-38958e05c831"],"originaldate":["2001"],"script":["Latn"],"title":["Over You"],"tracknumber":["4/18"]},"version":{"essentia":"2.1-beta1","essentia_build_sha":"ca57ba49d9b1854bd80e60cf9ccf267278fb7d6b","essentia_git_sha":"v2.1_beta1-28-g21ef5f4-dirty","extractor":"music 1.0"}},"rhythm":{"beats_count":440,"beats_loudness":{"dmean":0.0273401308805,"dmean2":0.0481590665877,"dvar":0.00101267138962,"dvar2":0.00292613659985,"max":0.437739193439,"mean":0.057023037225,"median":0.0498743355274,"min":5.91983850828e-10,"var":0.00157347868662},"beats_loudness_band_ratio":{"dmean":[0.184195965528,0.0637010261416,0.0408630594611,0.0717146918178,0.0419984161854,0.0894662588835],"dmean2":[0.309365510941,0.113293252885,0.0698856562376,0.121646478772,0.0782394483685