{"lowlevel":{"average_loudness":0.693365931511,"barkbands":{"dmean":[0.0000177939018613,0.00507563864812,0.00255134282634,0.000939924269915,0.00215361570008,0.0013304783497,0.000899399048649,0.000680615194142,0.000713060493581,0.000354939489625,0.000280177424429,0.000271402794169,0.000247321586357,0.000153376007802,0.00010346648196,0.0000428835483035,0.0000331120245392,0.0000312415650114,0.0000158190941875,0.0000149355073518,0.00000780870323069,0.00000659984107187,0.00000606355933996,0.00000406337949244,0.00000638379742668,0.00000345955072589,1.81097959739e-7],"dmean2":[0.0000267110717687,0.00902680587023,0.00457055494189,0.00148647662718,0.00346957403235,0.00202091294341,0.00129148119595,0.000987453269772,0.001030110172,0.000516491418239,0.000418568670284,0.000425400357926,0.000379623321351,0.000234520543017,0.000152845590492,0.000063231542299,0.0000484555384901,0.0000460737537651,0.0000235686366068,0.0000222852013394,0.0000113266232802,0.00000944129624258,0.00000870577423484,0.00000576671391173,0.00000990209355223,0.00000562033346796,2.71501875204e-7],"dvar":[3.48955375706e-9,0.000596307043452,0.000162311334861,0.00000486697217639,0.0000138473014886,0.00000834861020849,0.00000340183942171,0.00000314438216265,0.00000368495921066,9.54864617597e-7,5.56679708552e-7,5.36473066859e-7,3.77535087637e-7,1.59950175771e-7,1.19579809166e-7,2.84214500823e-8,1.95026945704e-8,8.83965878273e-9,3.48337381162e-9,4.14900203083e-9,1.34893407555e-9,9.48573775084e-10,7.20438375623e-10,3.11063813596e-10,1.50978396452e-9,6.78368361484e-10,6.86731433438e-13],"dvar2":[7.81224951396e-9,0.00168949598446,0.000465556426207,0.0000127792309286,0.0000371638961951,0.0000195190787053,0.00000750360459278,0.00000699910697222,0.00000859601277625,0.00000207900052374,0.00000117851220693,0.00000136164612741,8.50294497923e-7,3.57851945409e-7,2.32916022469e-7,5.94012128374e-8,3.44601929214e-8,1.91764186752e-8,7.56046425465e-9,9.71472324807e-9,2.6223205829e-9,1.88899873521e-9,1.44561151938e-9,6.14309991764e-10,3.73493858064e-9,1.74747816217e-9,1.66437686116e-12],"max":[0.00125501444563,0.356103181839,0.192745566368,0.0515393801033,0.0691622272134,0.0715153515339,0.0532152876258,0.0486694127321,0.0697619840503,0.0288001894951,0.0221973154694,0.0199623331428,0.0325195416808,0.013414805755,0.0119979195297,0.00444691441953,0.0153056178242,0.0036268630065,0.00257834978402,0.00282993167639,0.00110411143396,0.000805359741207,0.000823824608233,0.000513200240675,0.00165884126909,0.00131907965988,0.0000380799428967],"mean":[0.0000362895625585,0.00981752201915,0.00339420209639,0.00176518515218,0.00505600543693,0.00310922809877,0.00208033365197,0.00143178971484,0.00164383125957,0.000670482171699,0.000520279863849,0.000515072664712,0.00048490363406,0.000288545008516,0.000179395734449,0.0000756438384997,0.0000740356554161,0.0000627412082395,0.0000284921243292,0.0000245663650276,0.0000119736523629,0.00000974928116193,0.00000934335275815,0.00000627118242846,0.00000657677355775,0.00000305456069327,4.40827903958e-7],"median":[0.00000526751500729,0.00575650576502,0.00115919939708,0.00074408238288,0.00301106949337,0.00146783981472,0.000935389311053,0.000437605951447,0.00050098693464,0.000156945883646,0.000153151660925,0.000140112286317,0.000125165606732,0.000058784004068,0.0000299809780699,0.000011813403944,0.0000120383811009,0.0000141521641126,0.00000673062004353,0.00000451271989732,0.00000194278709387,0.00000148070864725,0.00000183262181963,0.00000109824770789,5.4128560123e-7,2.37126627667e-7,2.74944710554e-7],"min":[1.01000307164e-24,1.1095886751e-24,8.88414263991e-25,1.78709929975e-24,4.37202372562e-24,5.59200145428e-24,1.03364980837e-23,6.37082252676e-24,1.0035651778e-23,1.31339029832e-23,1.16721350484e-23,1.31017064142e-23,2.83008330478e-23,2.5962676146e-23,4.19564223694e-23,5.49649690439e-23,5.86361383702e-23,9.14137255007e-23,1.51858980673e-22,1.08661866271e-22,2.36648350852e-22,3.14921830927e-22,3.45050107594e-22,5.17983639878e-22,8.79665888849e-22,1.27461928682e-21,1.93421444013e-21],"var":[5.3898756569e-9,0.000398292293539,0.000101425961475,0.00000962549711403,0.0000379615739803,0.0000244749426201,0.0000105101844383,0.00000941592497838,0.0000110250430225,0.00000235566380979,0.00000143316697176,0.00000124164171211,0.00000209521613215,4.56863688214e-7,3.12055192353e-7,7.14592545137e-8,1.99549845092e-7,2.20269384954e-8,6.61382992817e-9,7.09824643508e-9,1.99031813253e-9,1.49105483516e-9,1.11093567678e-9,5.13452891315e-10,1.3451375569e-9,5.26601373618e-10,6.95140830748e-13]},"barkbands_crest":{"dmean":1.72123527527,"dmean2":2.76328325272,"dvar":3.38118195534,"dvar2":8.97451210022,"max":25.6098308563,"mean":11.0955991745,"median":10.128203392,"min":3.19610881805,"var":18.1033096313},"barkbands_flatness_db":{"dmean":0.0171266831458,"dmean2":0.0248447842896,"dvar":0.000417518313043,"dvar2":0.000925412343349,"max":0.442802786827,"mean":0.224901124835,"median":0.221663072705,"min":0.0352812409401,"var":0.00312605057843},"barkbands_kurtosis":{"dmean":3.00971007347,"dmean2":4.72029447556,"dvar":58.7109870911,"dvar2":139.942260742,"max":413.931976318,"mean":6.7875213623,"median":3.2827911377,"min":-1.74418902397,"var":287.72845459},"barkbands_skewness":{"dmean":0.413348138332,"dmean2":0.630390524864,"dvar":0.303069770336,"dvar2":0.736650764942,"max":18.4562168121,"mean":1.67156326771,"median":1.46705782413,"min":-2.35768008232,"var":1.94670724869},"barkbands_spread":{"dmean":1.77394247055,"dmean2":2.68613576889,"dvar":7.31212472916,"dvar2":16.5333957672,"max":114.728721619,"mean":8.8558139801,"median":7.79663181305,"min":0.46664583683,"var":31.0926952362},"dissonance":{"dmean":0.0292734075338,"dmean2":0.0484125316143,"dvar":0.000696649076417,"dvar2":0.00185030780267,"max":0.5,"mean":0.424985408783,"median":0.429730772972,"min":0.0185718555003,"var":0.00184323848225},"dynamic_complexity":4.63270187378,"erbbands":{"dmean":[0.0742986500263,1.3808131218,3.43063426018,2.41427707672,4.98027181625,8.65402030945,8.79744148254,12.4569149017,11.6592168808,16.5347480774,14.9874334335,15.1356620789,13.0560445786,10.9259643555,10.0970115662,10.3248806,11.2031879425,9.03156089783,5.40681600571,3.55102753639,2.28383564949,1.78924834728,1.59838807583,1.13671517372,0.72671353817,0.664483368397,0.423720836639,0.258645117283,0.231819912791,0.211440458894,0.165997564793,0.0955324992537,0.0690437853336,0.0617809146643,0.0484751164913,0.0240637417883,0.0044998312369,0.000388563610613,0.0000372009453713,0.0000133496205308],"dmean2":[0.130774185061,2.46720480919,6.18292951584,3.88921117783,8.35131931305,13.6675443649,12.9964122772,19.2170734406,17.19298172,23.5576725006,21.4111766815,21.7019405365,18.7180423737,15.9088363647,15.2383317947,16.0629653931,17.1361370087,13.8170499802,7.97681903839,5.22102355957,3.28652048111,2.58296561241,2.34873008728,1.67525053024,1.09153831005,0.977322936058,0.604519426823,0.371645063162,0.330674409866,0.306800484657,0.239859595895,0.135592341423,0.100660264492,0.0943031832576,0.0768623128533,0.0390522703528,0.00728873210028,0.000608393922448,0.0000566802700632,0.0000219258763536],"dvar":[0.121597282588,44.8739585876,302.504760742,47.3578300476,93.4493560791,281.890167236,336.652801514,813.466369629,721.200256348,1334.37414551,1747.68920898,1743.35083008,1184.67578125,741.245666504,865.381286621,678.622375488,782.676940918,510.693969727,326.489654541,161.700820923,84.3604354858,64.9842758179,20.6732673645,18.7043743134,11.4130544662,7.76470088959,3.65629816055,1.55969953537,1.18832063675,0.871670365334,0.597140848637,0.192922070622,0.088781401515,0.122596852481,0.103384502232,0.0325141884387,0.0010684087174,0.00000610580036664,2.78625993388e-8,1.97510585664e-9],"dvar2":[0.334930241108,127.924949646,872.376037598,123.24571228,270.859771729,756.353210449,718.633422852,1945.80310059,1705.02587891,2992.63427734,3914.72509766,4054.77954102,2612.34277344,1581.36584473,1948.19238281,1693.10632324,1733.40881348,1190.41064453,665.676208496,313.065551758,173.799316406,114.123855591,43.515838623,42.2147750854,27.2017440796,16.8561878204,7.16020870209,3.11407637596,2.38467359543,1.70547711849,1.26301324368,0.368514418602,0.188957363367,0.29888767004,0.259443879128,0.0839843824506,0.00271886750124,0.0000150579526235,6.81385898815e-8,5.34456567891e-9],"max":[5.45446634293,94.5090713501,267.634490967,149.675140381,174.629669189,304.217254639,508.190246582,711.213256836,544.129577637,987.1640625,1312.76281738,1504.7590332,1083.05175781,1031.03869629,777.590576172,632.993896484,1540.70483398,558.073913574,739.018066406,510.668701172,287.598571777,1004.70257568,169.030410767,227.668991089,170.697891235,105.298599243,45.0723495483,44.0768051147,30.8424396515,28.9097862244,28.2645721436,15.5945320129,9.79562854767,14.8134174347,14.7139034271,9.05335903168,1.61481964588,0.1100358814,0.00709305284545,0.000647569890134],"mean":[0.151333779097,2.60103535652,5.09411811829,4.50755167007,9.58550930023,19.3410720825,22.0793914795,27.1766204834,27.0561580658,36.6568336487,33.4109802246,35.2392997742,27.3484535217,21.860666275,20.487033844,20.793296814,23.2951583862,18.7173728943,10.5618276596,6.27612257004,4.52107429504,4.44839763641,3.33957076073,2.3102080822,1.3215187788,1.13349938393,0.659928977489,0.395502150059,0.339305430651,0.336770385504,0.249820560217,0.144943609834,0.102279663086,0.0735446289182,0.0449012629688,0.0206394698471,0.00410193623975,0.00049503747141,0.0000881780360942,0.0000405261598644],"median":[0.0842751190066,1.44959688187,2.14147353172,2.2248647213,4.91518115997,9.99847888947,9.78175926208,12.6561450958,13.4928188324,14.0824270248,11.2310371399,11.0820951462,9.41023445129,7.49372291565,5.78842258453,6.63848781586,6.61629629135,4.62087154388,2.32846546173,1.21956920624,0.787445247173,0.709648430347,0.780884206295,0.50691640377,0.320785224438,0.220682993531,0.108574062586,0.059603497386,0.0502563081682,0.0619615837932,0.048563297838,0.0241643469781,0.0175197347999,0.00823035091162,0.00272473064251,0.00109138258267,0.000408028485253,0.000155604720931,0.0000560486150789,0.0000317561789416],"min":[1.0818415735e-22,3.11506959354e-22,1.96443339162e-21,5.38918428057e-21,1.20867663418e-20,1.68025327075e-20,3.8344496901e-20,7.29029622889e-20,1.23638569836e-19,1.49823165997e-19,2.68015875948e-19,2.78553950157e-19,3.75000598792e-19,5.31427612907e-19,9.89504468009e-19,7.91513928708e-19,1.48057481771e-18,1.86840971824e-18,2.02819412922e-18,3.36293793551e-18,3.54777144339e-18,3.75208257314e-18,5.39972998681e-18,6.11252971862e-18,7.17141189255e-18,6.71621357429e-18,9.76947700874e-18,9.77409267656e-18,1.08695900003e-17,1.09952436984e-17,1.11046333714e-17,1.13819688328e-17,9.05300707655e-18,7.92091859123e-18,6.74593624165e-18,4.04348217292e-18,2.37620555653e-18,9.39401207728e-19,2.46552968895e-19,2.76910794644e-20],"var":[0.0883215218782,29.4899578094,187.277755737,61.8157730103,196.102081299,741.306945801,1337.27185059,1870.23986816,1696.13305664,4088.99145508,5106.61865234,5231.03564453,3125.15991211,2090.22875977,2204.56103516,1558.82775879,4260.07177734,1777.47583008,916.221008301,393.214935303,237.751022339,820.920410156,60.6272888184,40.0626525879,19.2987480164,14.3693685532,5.54187679291,2.27393841743,1.83362615108,1.45174920559,0.862977385521,0.329197645187,0.129046261311,0.11988568306,0.086414322257,0.0251603443176,0.000848931260407,0.00000526440362592,2.77709606422e-8,2.112551023e-9]},"erbbands_crest":{"dmean":2.17064571381,"dmean2":3.37215685844,"dvar":4.44204235077,"dvar2":10.2211399078,"max":33.0215606689,"mean":9.6879119873,"median":8.86511135101,"min":2.18582868576,"var":15.5559902191},"erbbands_flatness_db":{"dmean":0.0143768787384,"dmean2":0.0196473840624,"dvar":0.000211983744521,"dvar2":0.000379848148441,"max":0.418923646212,"mean":0.207415595651,"median":0.212193310261,"min":0.0239434670657,"var":0.00177818979137},"erbbands_kurtosis":{"dmean":1.04427146912,"dmean2":1.58388829231,"dvar":2.76875448227,"dvar2":5.58187627792,"max":64.8718338013,"mean":1.35029351711,"median":0.655598640442,"min":-1.77208042145,"var":8.91607189178},"erbbands_skewness":{"dmean":0.303791821003,"dmean2":0.457931637764,"dvar":0.0788123011589,"dvar2":0.177501291037,"max":5.15544128418,"mean":0.612511336803,"median":0.609759569168,"min":-2.71660470963,"var":0.476582735777},"erbbands_spread":{"dmean":3.91643381119,"dmean2":5.75798845291,"dvar":26.0731239319,"dvar2":53.2199935913,"max":146.02947998,"mean":21.6186313629,"median":19.0908203125,"min":0.825583517551,"var":151.053390503},"gfcc":{"cov":[[28743.3632812,3273.47583008,-3550.09228516,288.684509277,-1412.10827637,253.112487793,-764.611694336,-74.8116455078,-339.253692627,-170.456954956,6.34564113617,-166.97013855,-125.730422974],[3273.47583008,1299.15209961,-269.353393555,-258.690063477,139.554794312,-93.0988388062,-10.8644657135,-30.2179279327,8.84504795074,-106.29485321,55.0803070068,-34.7626800537,-6.77001857758],[-3550.09228516,-269.353393555,916.63482666,-30.3363857269,197.926025391,10.870470047,114.932472229,48.3833274841,38.1938972473,69.9594802856,-10.6642408371,67.282699585,6.27368450165],[288.684509277,-258.690063477,-30.3363857269,301.500579834,-72.7225341797,7.96706962585,-10.7955560684,-5.36480522156,10.3795871735,10.8363704681,-1.4679120779,6.81531667709,15.74933815],[-1412.10827637,139.554794312,197.926025391,-72.7225341797,349.914306641,-30.6871032715,43.5648994446,33.7270317078,28.8418674469,-29.0628566742,-14.9982042313,-2.84847927094,20.9458293915],[253.112487793,-93.0988388062,10.870470047,7.96706962585,-30.6871032715,165.696578979,28.6975593567,-1.44353294373,4.532807827,37.2860221863,6.30539274216,-4.5087723732,-7.70134735107],[-764.611694336,-10.8644657135,114.932472229,-10.7955560684,43.5648994446,28.6975593567,151.628311157,26.2713394165,7.74689531326,10.9651279449,19.6831531525,-0.24481099844,1.79053354263],[-74.8116455078,-30.2179279327,48.3833274841,-5.36480522156,33.7270317078,-1.44353294373,26.2713394165,113.673728943,23.2437019348,6.45074796677,-6.30998182297,7.68064594269,6.85419464111],[-339.253692627,8.84504795074,38.1938972473,10.3795871735,28.8418674469,4.532807827,7.74689531326,23.2437019348,119.165847778,33.7169952393,5.28415107727,0.303609967232,15.7101335526],[-170.456954956,-106.29485321,69.9594802856,10.8363704681,-29.0628566742,37.2860221863,10.9651279449,6.45074796677,33.7169952393,100.573356628,16.1267585754,2.30432868004,-4.46265745163],[6.34564113617,55.0803070068,-10.6642408371,-1.4679120779,-14.9982042313,6.30539274216,19.6831531525,-6.30998182297,5.28415107727,16.1267585754,99.0303039551,13.7389297485,-9.61364364624],[-166.97013855,-34.7626800537,67.282699585,6.81531667709,-2.84847927094,-4.5087723732,-0.24481099844,7.68064594269,0.303609967232,2.30432868004,13.7389297485,71.7273483276,23.2270278931],[-125.730422974,-6.77001857758,6.27368450165,15.74933815,20.9458293915,-7.70134735107,1.79053354263,6.85419464111,15.7101335526,-4.46265745163,-9.61364364624,23.2270278931,66.0552062988]],"icov":[[0.00106344732922,-0.00391199020669,0.00228191167116,-0.0032841633074,0.00303647317924,-0.00333331059664,0.00314140925184,-0.00343413534574,0.00332011375576,-0.00304658757523,0.00281234434806,-0.00178710732143,0.00115150061902],[-0.00391199020669,0.0156456623226,-0.00799420010298,0.0130634633824,-0.0115900058299,0.0126712536439,-0.0116477534175,0.0129809081554,-0.0127272661775,0.0121667226776,-0.0112014515325,0.00682796817273,-0.00425900937989],[0.00228191167116,-0.00799420010298,0.00672010844573,-0.00679061934352,0.00539657473564,-0.00684366747737,0.00564738316461,-0.00723407510668,0.00697343237698,-0.00769267883152,0.00660927407444,-0.00579726556316,0.00341551587917],[-0.0032841633074,0.0130634633824,-0.00679061934352,0.0145016266033,-0.00885270163417,0.0105569185689,-0.0096967658028,0.0109415613115,-0.0110274655744,0.0101307528093,-0.00927401147783,0.00578424800187,-0.00463591935113],[0.00303647317924,-0.0115900058299,0.00539657473564,-0.00885270163417,0.0128830214962,-0.00924608297646,0.00860051158816,-0.0105022843927,0.00867547281086,-0.00708082923666,0.00823920313269,-0.003665226046,0.00182970496826],[-0.00333331059664,0.0126712536439,-0.00684366747737,0.0105569185689,-0.00924608297646,0.0175272617489,-0.0113866962492,0.0111921085045,-0.0103063955903,0.00729759922251,-0.00870215985924,0.00579119985923,-0.00314900069498],[0.00314140925184,-0.0116477534175,0.00564738316461,-0.0096967658028,0.00860051158816,-0.0113866962492,0.0176417846233,-0.0118378968909,0.0102019440383,-0.0085359159857,0.00605972064659,-0.00344440457411,0.00234665465541],[-0.00343413534574,0.0129809081554,-0.00723407510668,0.0109415613115,-0.0105022843927,0.0111921085045,-0.0118378968909,0.0210486203432,-0.0125532867387,0.00976043753326,-0.00809708237648,0.00444373302162,-0.00345196132548],[0.00332011375576,-0.0127272661775,0.00697343237698,-0.0110274655744,0.00867547281086,-0.0103063955903,0.0102019440383,-0.0125532867387,0.0209883470088,-0.0137091502547,0.00840947311372,-0.00441223056987,0.000913008872885],[-0.00304658757523,0.0121667226776,-0.00769267883152,0.0101307528093,-0.00708082923666,0.00729759922251,-0.0085359159857,0.00976043753326,-0.0137091502547,0.0234920196235,-0.0107422443107,0.00646487856284,-0.00291111832485],[0.00281234434806,-0.0112014515325,0.00660927407444,-0.00927401147783,0.00823920313269,-0.00870215985924,0.00605972064659,-0.00809708237648,0.00840947311372,-0.0107422443107,0.0199625287205,-0.00905483216047,0.00620069773868],[-0.00178710732143,0.00682796817273,-0.00579726556316,0.00578424800187,-0.003665226046,0.00579119985923,-0.00344440457411,0.00444373302162,-0.00441223056987,0.00646487856284,-0.00905483216047,0.0224212557077,-0.00977633148432],[0.00115150061902,-0.00425900937989,0.00341551587917,-0.00463591935113,0.00182970496826,-0.00314900069498,0.00234665465541,-0.00345196132548,0.000913008872885,-0.00291111832485,0.00620069773868,-0.00977633148432,0.0209485962987]],"mean":[-97.463684082,159.735595703,-84.9796447754,2.64106202126,-42.3683242798,6.26391124725,-27.0124359131,2.02495217323,-16.0050010681,-2.52012443542,-2.60487556458,-3.36877775192,-10.4453315735]},"hfc":{"dmean":2.83798861504,"dmean2":4.18867778778,"dvar":34.2777824402,"dvar2":78.0685119629,"max":116.16481781,"mean":10.7420358658,"median":7.13628959656,"min":1.05648831324e-16,"var":137.043838501},"melbands":{"dmean":[0.00106685305946,0.00187305430882,0.000487506564241,0.000458737311419,0.000333881529514,0.000271113414783,0.000180685237865,0.000172339103301,0.000126870421809,0.0000972761481535,0.0000655926560285,0.0000447664424428,0.0000361872189387,0.0000292888053082,0.000029033923056,0.0000244298880716,0.00001680330206,0.00000895298580872,0.00000678626565787,0.00000331658770847,0.00000281695270132,0.00000214587589653,0.00000145352851177,0.00000154658323481,9.30123519538e-7,5.62213301691e-7,5.59126476674e-7,4.35822926192e-7,3.04615582536e-7,1.9487096381e-7,1.4497207701e-7,1.43935068309e-7,1.22410000358e-7,1.19982672686e-7,1.06521540033e-7,7.33449496693e-8,5.47895986358e-8,4.74782559934e-8,5.3716391335e-8,5.25310213106e-8],"dmean2":[0.00189679022878,0.0033713937737,0.000796835171059,0.000754875072744,0.000498272536788,0.000416497932747,0.000265664566541,0.000246278214036,0.000181455616257,0.000140190095408,0.0000939292513067,0.0000653130191495,0.0000540768269275,0.0000457503010693,0.0000454561195511,0.0000370102425222,0.0000258593063336,0.0000132558679979,0.0000100553415905,0.00000492277195008,0.00000408187224821,0.00000312816905534,0.00000219916137212,0.00000227217060456,0.00000138994334975,8.3987799826e-7,8.73863541528e-7,6.40629821191e-7,4.3526424065e-7,2.91047228984e-7,2.11728689692e-7,2.09768060699e-7,1.76443151645e-7,1.7757898263e-7,1.58410173867e-7,1.07281287853e-7,7.89232359466e-8,6.85629970576e-8,8.19528978013e-8,8.11365765685e-8],"dvar":[0.0000259690386883,0.0000881509186001,0.00000158657246629,6.64662252348e-7,4.18396354007e-7,3.81127847504e-7,1.53059147578e-7,1.41452076718e-7,1.27434390151e-7,7.28543341211e-8,3.00106215434e-8,1.2865944754e-8,1.05823492191e-8,7.95788501762e-9,4.53417170476e-9,4.73362993247e-9,2.0820147828e-9,9.25107435101e-10,5.28665500266e-10,1.53636062206e-10,1.44720083139e-10,1.26885515983e-10,2.002910858e-11,2.04518780383e-11,1.39801538401e-11,5.96467623556e-12,9.09919709025e-12,3.35946916986e-12,1.83514510012e-12,8.38131647418e-13,5.25631404721e-13,4.67982477857e-13,3.38313958011e-13,2.64495402576e-13,2.41148979041e-13,1.29939394205e-13,5.87309064229e-14,3.84240843353e-14,6.20318819098e-14,1.0351646569e-13],"dvar2":[0.000072887953138,0.000252719415585,0.00000418653826273,0.00000185347971637,9.57009433478e-7,9.13353574106e-7,3.56308163418e-7,3.19968080476e-7,2.91147728149e-7,1.70063728433e-7,6.62681216568e-8,2.71257416529e-8,2.22731841859e-8,2.0425524383e-8,1.06312008086e-8,1.03461488266e-8,4.84473972051e-9,1.88843429783e-9,9.93595539178e-10,3.17837672847e-10,2.97715102571e-10,2.12687784051e-10,4.30764521275e-11,4.46568199086e-11,3.21229154387e-11,1.33548840389e-11,2.4741193469e-11,6.9823504617e-12,3.65797279619e-12,1.67176992735e-12,1.11033610691e-12,9.93648197577e-13,6.85199997869e-13,5.29130558813e-13,5.29121180464e-13,2.66192829498e-13,1.14774292501e-13,8.02457397948e-14,1.41991643053e-13,2.58766017511e-13],"max":[0.0773131474853,0.140567928553,0.0268976129591,0.0170962326229,0.0149927260354,0.0158218890429,0.00774046266451,0.00906308740377,0.0131910583004,0.0106441788375,0.00536166504025,0.00456297164783,0.00353061687201,0.00286862044595,0.00246707908809,0.00445312308148,0.0012666946277,0.0011075551156,0.000869309704285,0.000533653597813,0.000374758528778,0.00143613701221,0.000231968384469,0.000154351087986,0.000200577633223,0.000147835671669,0.000178197660716,0.0000545113616681,0.0000375384443032,0.0000206762251764,0.0000288661467494,0.0000180866863957,0.0000201237508008,0.0000154740992002,0.0000180158476724,0.0000128196898004,0.00000807452943263,0.00000558504325454,0.00000824265134725,0.0000143603174365],"mean":[0.00212557823397,0.00311960186809,0.000945890962612,0.0010071657598,0.000836008461192,0.000600938103162,0.00042819432565,0.000378976692446,0.000273665500572,0.000222415925236,0.000132249027956,0.0000862121960381,0.0000701240860508,0.0000564587207919,0.0000538365165994,0.0000500410678796,0.000031882449548,0.0000164224493346,0.0000114420099635,0.00000568181803828,0.000005119765774,0.0000050905578064,0.00000283441249849,0.00000300862325275,0.00000175464128915,9.8751297628e-7,8.94925221928e-7,7.16955867119e-7,4.53509613862e-7,2.85921458953e-7,2.07857723922e-7,1.95923050228e-7,1.82255860182e-7,1.88853462646e-7,1.55510605282e-7,1.05831205133e-7,8.0819319237e-8,7.02034412825e-8,7.07264788957e-8,5.88845487925e-8],"median":[0.00123755214736,0.00168864976149,0.000490167294629,0.000584605382755,0.000404320453526,0.000284978828859,0.000215222127736,0.000140911113704,0.0000813143124105,0.0000687868669047,0.0000416314760514,0.0000269294487225,0.0000197976733034,0.0000156498717843,0.0000161688240041,0.0000125033120639,0.00000618554759058,0.00000312398083224,0.00000204082789423,9.1178992534e-7,7.98418000159e-7,6.70676456593e-7,6.39084362319e-7,6.57381292513e-7,3.40202092275e-7,2.3414506245e-7,1.83582656632e-7,1.17116357501e-7,6.46126778747e-8,3.97363493221e-8,2.69351918547e-8,2.55857202092e-8,2.82906569282e-8,3.51388003139e-8,3.00928491015e-8,1.70174541125e-8,1.28429595847e-8,1.27552990392e-8,9.52882661664e-9,5.72599079263e-9],"min":[1.53385394576e-24,9.33502102067e-25,1.40452828617e-24,1.09423566695e-24,1.39973516731e-24,1.42896108334e-24,2.20250201396e-24,1.76576731758e-24,2.53638344779e-24,1.40184428555e-24,1.52380070238e-24,1.54699666426e-24,2.34734752578e-24,1.31906063051e-24,2.23008690209e-24,2.7447247683e-24,1.79104084327e-24,2.5745305918e-24,3.2794476248e-24,3.09663088496e-24,3.92040716827e-24,3.40822581492e-24,3.80989722178e-24,3.79423399408e-24,4.2193783516e-24,4.96556740388e-24,5.39697373927e-24,3.1348509986e-24,5.13386377826e-24,5.40752238729e-24,5.16301849959e-24,5.24673517987e-24,5.13346658679e-24,5.70029588492e-24,5.594756551e-24,5.58064067396e-24,5.89134458553e-24,5.56678393773e-24,5.84821677098e-24,6.43320643601e-24],"var":[0.0000178220852831,0.0000552166784473,0.00000227477448789,0.00000161122432019,0.00000151742960952,8.97678887668e-7,3.92360732349e-7,4.360737762e-7,3.63197386832e-7,2.11874436218e-7,7.76330466579e-8,3.62608361115e-8,2.77148899386e-8,1.75762142618e-8,1.24083605613e-8,3.04108773719e-8,5.77054448669e-9,2.47670173259e-9,1.25090016123e-9,3.86175563749e-10,3.87869014684e-10,1.52829360278e-9,5.35282165814e-11,4.97380608921e-11,2.81575786992e-11,9.73250906949e-12,1.32468263789e-11,6.12703551089e-12,2.80727698032e-12,1.19260092253e-12,7.14706668414e-13,6.63732252753e-13,5.46937386874e-13,4.20464092146e-13,3.25846229339e-13,1.98360750568e-13,9.88351720886e-14,5.87370253889e-14,7.43363839451e-14,9.37385274112e-14]},"melbands_crest":{"dmean":1.98977804184,"dmean2":3.14132523537,"dvar":4.78293132782,"dvar2":12.2841653824,"max":35.0539054871,"mean":13.956905365,"median":13.0901794434,"min":1.54740953445,"var":27.3050117493},"melbands_flatness_db":{"dmean":0.0203262511641,"dmean2":0.0291053298861,"dvar":0.000660145597067,"dvar2":0.00141042540781,"max":0.603708982468,"mean":0.327434808016,"median":0.323809325695,"min":0.00286766304635,"var":0.00661711627617},"melbands_kurtosis":{"dmean":5.07532739639,"dmean2":7.92334842682,"dvar":211.786193848,"dvar2":511.808685303,"max":626.905334473,"mean":11.8247404099,"median":5.71978759766,"min":-1.80825734138,"var":846.924743652},"melbands_skewness":{"dmean":0.490129470825,"dmean2":0.744778096676,"dvar":0.446591049433,"dvar2":1.09090602398,"max":18.1003608704,"mean":2.21663784981,"median":1.93653261662,"min":-1.44314980507,"var":2.30118370056},"melbands_spread":{"dmean":2.1974697113,"dmean2":3.38939642906,"dvar":15.7163982391,"dvar2":40.0397720337,"max":163.504547119,"mean":11.3054990768,"median":8.59520626068,"min":0.448106050491,"var":247.128540039},"mfcc":{"cov":[[12320.6621094,1402.03723145,-978.792602539,-167.89201355,-330.896728516,-20.7929420471,-159.533554077,-45.7999229431,-270.207885742,45.6628875732,-45.7539520264,-83.5112304688,-19.4055614471],[1402.03723145,2054.54516602,-94.9372024536,-59.0874710083,150.351638794,-58.6828269958,60.4876670837,83.2041931152,-44.5768966675,0.849556148052,25.2934455872,-5.77559566498,-19.8181991577],[-978.792602539,-94.9372024536,508.191802979,58.0470352173,-16.0507698059,65.8216171265,14.215130806,1.02071297169,28.2540874481,-9.89878559113,34.4536819458,56.5477333069,25.694726944],[-167.89201355,-59.0874710083,58.0470352173,231.201965332,40.5630302429,-16.4305114746,-2.81210803986,12.8502388,23.7132415771,-4.97213554382,-24.1887245178,3.83423805237,16.7898349762],[-330.896728516,150.351638794,-16.0507698059,40.5630302429,213.520828247,3.07419490814,-4.23677253723,25.8624477386,29.6687202454,5.15789270401,2.6319258213,-19.2202281952,-1.5640411377],[-20.7929420471,-58.6828269958,65.8216171265,-16.4305114746,3.07419490814,145.736175537,18.3020210266,-13.5293865204,7.92641639709,13.7106018066,28.3293476105,-3.96054840088,-19.6287746429],[-159.533554077,60.4876670837,14.215130806,-2.81210803986,-4.23677253723,18.3020210266,140.320266724,37.4012680054,-13.4481611252,10.6346826553,5.57553052902,11.2310533524,2.14171981812],[-45.7999229431,83.2041931152,1.02071297169,12.8502388,25.8624477386,-13.5293865204,37.4012680054,92.6669540405,23.0027446747,-6.11274242401,-1.15763795376,2.53471374512,7.96846485138],[-270.207885742,-44.5768966675,28.2540874481,23.7132415771,29.6687202454,7.92641639709,-13.4481611252,23.0027446747,124.434242249,19.1251964569,-2.00213551521,-0.344071507454,-11.4587574005],[45.6628875732,0.849556148052,-9.89878559113,-4.97213554382,5.15789270401,13.7106018066,10.6346826553,-6.11274242401,19.1251964569,102.128707886,33.4340934753,-7.08363723755,0.686429858208],[-45.7539520264,25.2934455872,34.4536819458,-24.1887245178,2.6319258213,28.3293476105,5.57553052902,-1.15763795376,-2.00213551521,33.4340934753,86.5226516724,21.4752368927,-5.58479785919],[-83.5112304688,-5.77559566498,56.5477333069,3.83423805237,-19.2202281952,-3.96054840088,11.2310533524,2.53471374512,-0.344071507454,-7.08363723755,21.4752368927,91.5901031494,37.13073349],[-19.4055614471,-19.8181991577,25.694726944,16.7898349762,-1.5640411377,-19.6287746429,2.14171981812,7.96846485138,-11.4587574005,0.686429858208,-5.58479785919,37.13073349,80.072807312]],"icov":[[0.000127589897602,-0.000105857179733,0.000250919663813,-0.0000661720405333,0.000296704703942,-0.000216287313378,0.000255743885646,-0.00010294488311,0.000197605841095,-0.000115750975965,0.0000736470683478,-0.0000180371444003,-0.0000629707719781],[-0.000105857179733,0.000654189963825,-0.000180890943739,0.00024371422478,-0.00068913976429,0.000445679266704,-0.000337049248628,-0.000352025293978,0.00018851479399,0.0000334144388034,-0.000167941223481,-0.000130795364385,0.000358670455171],[0.000250919663813,-0.000180890943739,0.00295316032134,-0.000833324098494,0.000873759621754,-0.0015447633341,0.000349270092556,-0.0000618643462076,-0.000255049671978,0.000498409674037,-0.000776404922362,-0.000963941100053,-0.000769601552747],[-0.0000661720405333,0.00024371422478,-0.000833324098494,0.00507759349421,-0.00123793177772,0.000744227494579,-0.00013405153004,-0.000259322812781,-0.000533413083758,-0.000253766775131,0.00153413857333,-0.000138527830131,-0.000468261510832],[0.000296704703942,-0.00068913976429,0.000873759621754,-0.00123793177772,0.00635555945337,-0.0010510510765,0.00100162648596,-0.00116273527965,-0.000802861875854,0.0000547422823729,-0.00075417739572,0.00153904035687,-0.00104569341056],[-0.000216287313378,0.000445679266704,-0.0015447633341,0.000744227494579,-0.0010510510765,0.00900812074542,-0.00208948506042,0.00189292791765,-0.000907969661057,0.000173268083017,-0.00241188681684,0.00102081533987,0.00167973863427],[0.000255743885646,-0.000337049248628,0.000349270092556,-0.00013405153004,0.00100162648596,-0.00208948506042,0.00962103996426,-0.00485186418518,0.0026693304535,-0.00226549082436,0.00148210511543,-0.0018350117607,0.000983145786449],[-0.00010294488311,-0.000352025293978,-0.0000618643462076,-0.000259322812781,-0.00116273527965,0.00189292791765,-0.00485186418518,0.0149854375049,-0.00408176658675,0.00269168033265,-0.00173705315683,0.001520757447,-0.00239157979377],[0.000197605841095,0.00018851479399,-0.000255049671978,-0.000533413083758,-0.000802861875854,-0.000907969661057,0.0026693304535,-0.00408176658675,0.0108411125839,-0.00349036231637,0.00242094462737,-0.00210911221802,0.00311298412271],[-0.000115750975965,0.0000334144388034,0.000498409674037,-0.000253766775131,0.0000547422823729,0.000173268083017,-0.00226549082436,0.00269168033265,-0.00349036231637,0.0133107881993,-0.0065290206112,0.00359601643868,-0.00302671757527],[0.0000736470683478,-0.000167941223481,-0.000776404922362,0.00153413857333,-0.00075417739572,-0.00241188681684,0.00148210511543,-0.00173705315683,0.00242094462737,-0.0065290206112,0.0174121838063,-0.00606870930642,0.00386198237538],[-0.0000180371444003,-0.000130795364385,-0.000963941100053,-0.000138527830131,0.00153904035687,0.00102081533987,-0.0018350117607,0.001520757447,-0.00210911221802,0.00359601643868,-0.00606870930642,0.0170559566468,-0.0081853074953],[-0.0000629707719781,0.000358670455171,-0.000769601552747,-0.000468261510832,-0.00104569341056,0.00167973863427,0.000983145786449,-0.00239157979377,0.00311298412271,-0.00302671757527,0.00386198237538,-0.0081853074953,0.0180467460304]],"mean":[-741.829833984,198.831893921,15.4609050751,11.9176034927,6.41871213913,3.20222759247,4.12324476242,5.15494346619,-7.75557756424,2.85559821129,4.53495550156,1.64056396484,-0.135668203235]},"pitch_salience":{"dmean":0.0559776946902,"dmean2":0.0902768447995,"dvar":0.0035728989169,"dvar2":0.00960969459265,"max":0.961619377136,"mean":0.530716180801,"median":0.543509662151,"min":0.10245782882,"var":0.0157312080264},"silence_rate_20dB":{"dmean":0,"dmean2":0,"dvar":0,"dvar2":0,"max":1,"mean":1,"median":1,"min":1,"var":0},"silence_rate_30dB":{"dmean":0.0272474512458,"dmean2":0.0544999539852,"dvar":0.0265045277774,"dvar2":0.0552390664816,"max":1,"mean":0.969882309437,"median":1,"min":0,"var":0.0292105544358},"silence_rate_60dB":{"dmean":0.00704355863854,"dmean2":0.0140884229913,"dvar":0.00699412357062,"dvar2":0.0153728062287,"max":1,"mean":0.103790193796,"median":0,"min":0,"var":0.0930077061057},"spectral_centroid":{"dmean":80.1957321167,"dmean2":122.143951416,"dvar":36588.3125,"dvar2":82377.25,"max":11945.0966797,"mean":682.094909668,"median":485.246459961,"min":118.16204834,"var":1633351.625},"spectral_complexity":{"dmean":1.70843374729,"dmean2":2.67976641655,"dvar":5.18442153931,"dvar2":10.2419433594,"max":45,"mean":11.8630342484,"median":12,"min":0,"var":34.4884567261},"spectral_contrast_coeffs":{"dmean":[0.0396609790623,0.0371118336916,0.0318241976202,0.0287817902863,0.0196982510388,0.0124972462654],"dmean2":[0.0663539022207,0.0590323992074,0.049551256001,0.0453801713884,0.0300909969956,0.0195106118917],"dvar":[0.00113671645522,0.000952935952228,0.000715968722943,0.000594664306846,0.000322990497807,0.000158356764587],"dvar2":[0.00318930763751,0.00241727964021,0.00170971383341,0.00137675064616,0.000671342771966,0.000337383215083],"max":[-0.343705713749,-0.446001082659,-0.516485571861,-0.546200931072,-0.57909065485,-0.665829658508],"mean":[-0.65158200264,-0.710609853268,-0.74269926548,-0.748846769333,-0.789221167564,-0.822594046593],"median":[-0.648307561874,-0.709154844284,-0.744234144688,-0.749376773834,-0.789944648743,-0.820303678513],"min":[-0.981886565685,-0.991218388081,-0.987980425358,-0.977416217327,-0.967864573002,-0.964522480965],"var":[0.00750317703933,0.00592494104058,0.00516024976969,0.00455206492916,0.00289527629502,0.00168250291608]},"spectral_contrast_valleys":{"dmean":[0.31418132782,0.28593096137,0.267238080502,0.26183745265,0.251357525587,0.224609285593],"dmean2":[0.513857364655,0.451511561871,0.414853692055,0.394975870848,0.349133104086,0.292674034834],"dvar":[0.100425288081,0.0758358836174,0.0763035565615,0.0832276046276,0.100126437843,0.109220705926],"dvar2":[0.227508947253,0.156894028187,0.149471372366,0.14530134201,0.152836486697,0.162234991789],"max":[-4.64201879501,-4.37172460556,-5.00050163269,-5.9856338501,-6.2149720192,-8.21192359924],"mean":[-7.27105283737,-7.0507850647,-8.05884742737,-9.0688495636,-9.57376098633,-11.9747018814],"median":[-6.78533935547,-6.60085201263,-7.61896753311,-8.62834644318,-9.2000169754,-11.7304430008],"min":[-28.6097869873,-28.2299900055,-27.7136268616,-27.7738056183,-27.7793979645,-27.4250659943],"var":[7.02021121979,7.40092658997,6.86228704453,6.34649372101,5.95969343185,4.53716850281]},"spectral_decrease":{"dmean":2.80833800659e-9,"dmean2":4.70533700891e-9,"dvar":9.76043807532e-17,"dvar2":2.69684517205e-16,"max":1.61453776689e-28,"mean":-8.03646837966e-9,"median":-6.33272234651e-9,"min":-1.43064085023e-7,"var":9.45265343381e-17},"spectral_energy":{"dmean":0.0108254682273,"dmean2":0.0180960260332,"dvar":0.0014184860047,"dvar2":0.0039148228243,"max":0.545591652393,"mean":0.0313057936728,"median":0.0246097370982,"min":9.60968271684e-21,"var":0.00140437611844},"spectral_energyband_high":{"dmean":0.0000372809408873,"dmean2":0.0000516763939231,"dvar":3.04150518105e-8,"dvar2":6.21837941139e-8,"max":0.00593288475648,"mean":0.0000588377224631,"median":0.0000112694506242,"min":6.88421064797e-21,"var":4.29004209934e-8},"spectral_energyband_low":{"dmean":0.00757290748879,"dmean2":0.0133990217,"dvar":0.00133684871253,"dvar2":0.00377531023696,"max":0.516433060169,"mean":0.0140452152118,"median":0.00883295666426,"min":1.11827233762e-23,"var":0.000876288628206},"spectral_energyband_middle_high":{"dmean":0.000898471858818,"dmean2":0.00128455657978,"dvar":0.00000333806337949,"dvar2":0.00000740663881516,"max":0.0404230579734,"mean":0.00277736852877,"median":0.00123227306176,"min":1.20433700558e-21,"var":0.0000170587027242},"spectral_energyband_middle_low":{"dmean":0.00429397961125,"dmean2":0.00647804746404,"dvar":0.0000537634114153,"dvar2":0.000124100843095,"max":0.152473464608,"mean":0.0153383789584,"median":0.010898607783,"min":1.37404145881e-22,"var":0.000239236396737},"spectral_entropy":{"dmean":0.15075455606,"dmean2":0.215289890766,"dvar":0.0273786317557,"dvar2":0.0501618646085,"max":9.82490730286,"mean":6.63797664642,"median":6.5660738945,"min":4.88549518585,"var":0.337653428316},"spectral_flux":{"dmean":0.0213157050312,"dmean2":0.0349379330873,"dvar":0.00227011484094,"dvar2":0.00452872365713,"max":0.649656116962,"mean":0.0595152154565,"median":0.0444442592561,"min":6.37254832236e-11,"var":0.00419529201463},"spectral_kurtosis":{"dmean":5.68769693375,"dmean2":9.38409614563,"dvar":38.7717437744,"dvar2":98.6493530273,"max":108.710243225,"mean":19.5328884125,"median":16.2517547607,"min":-1.26323759556,"var":184.578857422},"spectral_rms":{"dmean":0.000673269270919,"dmean2":0.00106234638952,"dvar":0.00000243035219682,"dvar2":0.00000624391441306,"max":0.0230712927878,"mean":0.00489425938576,"median":0.00489994883537,"min":3.06191118467e-12,"var":0.00000658852741253},"spectral_rolloff":{"dmean":115.513000488,"dmean2":192.640686035,"dvar":108938.367188,"dvar2":250474.6875,"max":20112.0117188,"mean":811.346740723,"median":495.263671875,"min":21.533203125,"var":4869037.5},"spectral_skewness":{"dmean":0.437505066395,"dmean2":0.69775146246,"dvar":0.187921464443,"dvar2":0.440631628036,"max":8.52921104431,"mean":3.26489043236,"median":3.15796518326,"min":-0.0950653105974,"var":1.29770040512},"spectral_spread":{"dmean":385401.46875,"dmean2":564576.875,"dvar":505268469760,"dvar2":1007778791420,"max":49563704,"mean":3281502.5,"median":2409373.75,"min":824781.3125,"var":22400932511700},"spectral_strongpeak":{"dmean":0.25063636899,"dmean2":0.429566919804,"dvar":0.264724045992,"dvar2":0.647985696793,"max":10.0254602432,"mean":0.640809595585,"median":0.429086893797,"min":0,"var":0.574637830257},"zerocrossingrate":{"dmean":0.00373442377895,"dmean2":0.00485049886629,"dvar":0.0000411768851336,"dvar2":0.0000728272352717,"max":0.52685546875,"mean":0.0295837540179,"median":0.02099609375,"min":0.00244140625,"var":0.00351018714719}},"metadata":{"audio_properties":{"analysis_sample_rate":44100,"bit_rate":0,"codec":"flac","downmix":"mix","equal_loudness":0,"length":250.533340454,"lossless":true,"md5_encoded":"bbd8c1eadab5d02fe93875aff9ce50e6","replay_gain":-3.39341545105,"sample_rate":44100},"tags":{"album":["Surf's Up"],"albumartist":["The Beach Boys"],"albumartistsort":["Beach Boys, The"],"artist":["The Beach Boys"],"artistsort":["Beach Boys, The"],"asin":["B00005LXOK"],"barcode":["5099746783525"],"catalognumber":["467835 2"],"date":["1991"],"discnumber":["1"],"disctotal":["1"],"engineer":["Stephen W. Desper"],"file_name":"01-04 Disney Girls (1957).flac","genre":["Pop"],"isrc":["USBR19900005"],"label":["Epic"],"media":["CD"],"mixer":["Stephen W. Desper"],"musicbrainz_albumartistid":["ebfc1398-8d96-47e3-82c3-f782abcdb13d"],"musicbrainz_albumid":["30f4bea8-27a1-3f55-b436-a804e45fa701"],"musicbrainz_artistid":["ebfc1398-8d96-47e3-82c3-f782abcdb13d"],"musicbrainz_recordingid":["629a1d0e-b9ee-4f47-b5d8-22e888950135"],"musicbrainz_releasegroupid":["a42b6a80-b542-344c-921d-15a07fdb580e"],"originaldate":["1971-08-30"],"performer":["The Beach Boys"],"producer":["The Beach Boys"],"releasecountry":["XE"],"releasestatus":["official"],"releasetype":["album"],"script":["Latn"],"title":["Disney Girls (1957)"],"totaldiscs":["1"],"totaltracks":["10"],"tracknumber":["4"],"tracktotal":["10"]},"version":{"essentia":"2.1-beta1","essentia_build_sha":"ca57ba49d9b1854bd80e60cf9ccf267278fb7d6b","essentia_git_sha":"v2.1_beta1-28-g21ef5f4-dirty","extractor":"music 1.0"}},"rhythm":{"beats_count":353,"beats_loudness":{"dmean":0.0237476155162,"dmean2":0.0407171286643,"dvar":0.000529750192072,"dvar2":0.00146224326454,"max":0.196645066142,"mean":0.0424343347549,"median":0.0375180281699,"min":0,"var":0.00101468537468},"beats_loudness_band_ratio":{"dmean":[0.172993838787,0.137915119529,0.118457049131,0.0537620186806,0.0171782206744,0.0116501264274],"dmean2":[0.293735265732,0.233100607991,0.2021291