{"lowlevel":{"average_loudness":0.150838688016,"barkbands":{"dmean":[0.000025083852961,0.000455804285593,0.000291007512715,0.00027541644522,0.000577582861297,0.000423189252615,0.000223697992624,0.00045228030649,0.000758983020205,0.000521696696524,0.00066036003409,0.000165569334058,0.000264686474111,0.000591488671489,0.000195539629203,0.000126056882436,0.000165390010807,0.000135592577863,0.0000618669510004,0.0000288652172458,0.00000947118860495,0.00000969153279584,0.00000772496059653,0.0000039498327169,0.00000193517507796,6.39717995909e-7,2.83772134679e-8],"dmean2":[0.0000381967838621,0.000758841400966,0.000475267093861,0.000460601877421,0.000959039549343,0.0006969080423,0.000340215658071,0.000697599549312,0.00114133628085,0.000776469765697,0.00108778011054,0.000261715002125,0.000435096386354,0.0010009004036,0.000318564882036,0.00020298056188,0.000270626536803,0.000222313392442,0.0000987352468655,0.0000468562648166,0.0000146528291225,0.000013866880181,0.0000113070245789,0.00000575903368372,0.00000282641258309,9.17507236409e-7,4.2599218375e-8],"dvar":[6.47023812306e-9,0.00000172531895259,7.209019941e-7,0.00000145687272379,0.00000280501103589,0.00000157547367508,8.4589942162e-7,0.00000290432308248,0.00000437903872808,0.00000287769785245,0.00000431422176916,2.48951010917e-7,3.78290167191e-7,0.00000454386781712,2.84153259145e-7,1.15607221574e-7,2.35667826587e-7,1.09008944094e-7,1.56637902649e-8,6.9610899267e-9,1.40154066131e-9,2.32816166346e-9,1.86300908034e-9,4.44497438856e-10,2.05730335545e-10,1.68755998758e-11,4.08846472844e-14],"dvar2":[1.33631923305e-8,0.00000502637749378,0.00000202917181014,0.00000383367614631,0.00000796405947767,0.00000428555449616,0.0000020422282887,0.00000660835075905,0.00000996690596367,0.00000610395909462,0.0000117289737318,6.07445315381e-7,9.87599605651e-7,0.0000127150697153,6.57454791053e-7,2.84939545736e-7,6.72575311e-7,2.87535641519e-7,3.83412590566e-8,1.8024760351e-8,3.06126191063e-9,4.27038360229e-9,3.45435191562e-9,8.37381664009e-10,3.97003402375e-10,3.67763874909e-11,9.33137912101e-14],"max":[0.00253166304901,0.027459744364,0.0202220082283,0.0259462185204,0.055508878082,0.0352226644754,0.0208595637232,0.0335086882114,0.0455989167094,0.0472417920828,0.03345900774,0.0125695541501,0.0113295167685,0.0359655730426,0.0188575889915,0.0104375248775,0.0266870036721,0.00949841272086,0.00381460599601,0.00172416982241,0.00095377524849,0.0019659162499,0.00204291148111,0.000820802990347,0.000812698039226,0.000156832567882,0.000010049159755],"mean":[0.0000508000484842,0.00132499984466,0.000751508341637,0.0005128121702,0.00148189719766,0.000938804296311,0.000406046601711,0.000764778757002,0.00139999599196,0.00110196566675,0.00106694130227,0.000323501473758,0.00048819129006,0.000968831067439,0.000369739689631,0.000242202397203,0.000333366275299,0.000281798827928,0.000140483913128,0.0000683551770635,0.0000191228700714,0.0000182444127859,0.0000146867578223,0.00000747766762288,0.00000345049829775,0.00000103667207441,4.29322071227e-8],"median":[0.0000150421765284,0.00041418816545,0.000242941314355,0.0000729244493414,0.000535887957085,0.000352294271579,0.000137579350849,0.0000902629617485,0.000243296584813,0.000129052234115,0.0000932759430725,0.0000522087611898,0.000106953782961,0.00011332284339,0.000117643794511,0.0000806349271443,0.000108937514597,0.000112472196633,0.000045114022214,0.0000157598715305,0.00000368925088878,0.00000341249415214,0.00000226527208724,0.00000126421787172,4.13168578461e-7,7.13312289236e-8,5.08962560986e-9],"min":[1.76325166481e-25,3.24307679834e-24,1.44016754275e-24,1.98685268602e-24,1.11688141807e-23,7.69977783961e-24,8.78202715953e-24,7.53964696445e-24,8.43813113651e-24,1.37860385163e-23,1.1378393224e-23,2.55492909436e-23,2.00852727048e-23,3.33977895742e-23,3.91127018684e-23,4.87844142454e-23,7.24380109026e-23,8.74591468501e-23,1.22961592076e-22,1.28941574256e-22,2.03900992871e-22,3.11217314873e-22,4.26901482082e-22,5.31776311137e-22,8.84126524926e-22,1.25561139932e-21,1.97298853134e-21],"var":[1.56153081576e-8,0.00000428255452789,0.00000193555683836,0.00000217027991312,0.00000614630744167,0.00000278414290733,0.00000111180031581,0.00000626609107712,0.00000946765703702,0.0000126859904412,0.00000892739080882,7.09099367668e-7,0.00000110229007078,0.00000925546555663,7.42243855711e-7,3.19515123692e-7,6.69301812195e-7,3.12705083161e-7,5.54645467332e-8,2.66260400394e-8,2.72619593567e-9,6.57373488977e-9,6.29857765944e-9,1.20969878559e-9,5.6900084644e-10,3.00223873539e-11,5.83408579151e-14]},"barkbands_crest":{"dmean":1.89573252201,"dmean2":3.10309481621,"dvar":3.22560787201,"dvar2":8.74658870697,"max":23.5245552063,"mean":9.00850486755,"median":8.38375663757,"min":1.93137967587,"var":11.0430240631},"barkbands_flatness_db":{"dmean":0.0131790759042,"dmean2":0.0201162453741,"dvar":0.000175312758074,"dvar2":0.000368418899598,"max":0.395414173603,"mean":0.169470101595,"median":0.156605497003,"min":0.0142224719748,"var":0.00318444008008},"barkbands_kurtosis":{"dmean":0.93175637722,"dmean2":1.51029396057,"dvar":3.82189631462,"dvar2":9.38529205322,"max":106.067268372,"mean":0.885822236538,"median":0.137316048145,"min":-1.82884514332,"var":8.04098033905},"barkbands_skewness":{"dmean":0.307181239128,"dmean2":0.48401299119,"dvar":0.10082501173,"dvar2":0.243045538664,"max":9.28316497803,"mean":0.630612969398,"median":0.612865030766,"min":-2.29155731201,"var":0.770427703857},"barkbands_spread":{"dmean":3.15319633484,"dmean2":4.90944576263,"dvar":13.2044124603,"dvar2":28.1548843384,"max":109.718086243,"mean":19.3956832886,"median":17.5279064178,"min":1.78628396988,"var":127.093017578},"dissonance":{"dmean":0.0204747449607,"dmean2":0.0348375067115,"dvar":0.000496424559969,"dvar2":0.00139717455022,"max":0.5,"mean":0.449418097734,"median":0.460183978081,"min":0,"var":0.00154649454635},"dynamic_complexity":6.47788524628,"erbbands":{"dmean":[0.0113417403772,0.112447425723,0.323719680309,0.57867616415,1.43507659435,2.35218667984,2.40468215942,3.89171934128,3.61517310143,4.33992099762,13.9501562119,16.8209915161,11.8142347336,21.8949108124,18.0407276154,7.43419742584,9.36138534546,23.3558826447,18.3435535431,8.89025115967,6.00214385986,7.25317764282,6.97191667557,5.08499860764,2.3190433979,1.39213562012,0.546152949333,0.324833512306,0.338783591986,0.318119585514,0.210806652904,0.109775818884,0.0532402954996,0.0254761669785,0.0124845337123,0.0042112278752,0.000931586429942,0.0000987417370197,0.000006403268344,0.00000319052560371],"dmean2":[0.018672907725,0.187644615769,0.530199050903,0.968884825706,2.39366722107,3.85822558403,3.78397798538,6.57800960541,5.63315963745,6.61391019821,21.459733963,25.0042572021,17.4604549408,34.079044342,29.0782833099,11.9193925858,15.2069673538,39.2457084656,30.2286205292,14.5163679123,9.74211502075,11.723739624,11.452580452,8.2895898819,3.7054977417,2.25820493698,0.856682479382,0.488219499588,0.482802897692,0.468256235123,0.306870877743,0.160198822618,0.077061355114,0.037235531956,0.0184357576072,0.0061827134341,0.0013774074614,0.000145828948007,0.00000941878442973,0.00000495261429023],"dvar":[0.00130559504032,0.110822819173,0.811157107353,5.7043762207,21.0726356506,47.3841552734,127.071540833,129.57749939,190.677001953,293.16619873,2109.28662109,2154.48095703,1332.37231445,3575.50708008,2531.57104492,400.162872314,461.768463135,4555.67138672,3123.84448242,432.631774902,297.879302979,368.876495361,318.176605225,166.522415161,25.795583725,15.5211057663,3.41970705986,2.11231970787,3.2540872097,2.69675517082,1.36133098602,0.34897518158,0.076561152935,0.031868994236,0.00953415688127,0.000731430831365,0.0000422631819674,4.50123479823e-7,1.55142965141e-9,3.80852155368e-11],"dvar2":[0.00326486094855,0.334195554256,2.3478167057,15.6740789413,59.4762191772,134.346557617,331.922241211,373.922698975,478.827667236,676.297546387,4821.45166016,4655.5546875,2474.03857422,8146.58886719,6687.64599609,1039.97900391,1217.24353027,12513.5361328,8266.15527344,1068.4777832,806.340087891,980.294311523,857.175048828,393.054779053,64.5321884155,40.6596221924,7.78837156296,4.36599731445,5.77995681763,5.5197019577,2.65760135651,0.634362280369,0.149675354362,0.0595682822168,0.01957112737,0.00159636244643,0.0000882698877831,9.59634462561e-7,3.43605788267e-9,9.08425418222e-11],"max":[0.872716903687,6.72665214539,18.459936142,69.0688095093,125.87752533,217.93371582,424.88659668,280.797180176,311.358093262,659.78314209,887.684387207,1061.85522461,1238.38110352,1551.24572754,751.561706543,490.961883545,383.318481445,1221.2388916,973.814331055,621.64453125,979.788696289,969.928771973,506.267364502,627.481567383,137.461257935,78.0737380981,43.1822814941,36.2401847839,86.9414291382,65.9077682495,51.1422538757,25.9864521027,11.1164922714,10.3502836227,5.4115729332,1.11101150513,0.283693820238,0.0275497213006,0.00213538273238,0.000136252201628],"mean":[0.0363026149571,0.302904576063,0.849790632725,1.36120247841,2.95468425751,5.67851305008,5.35271310806,8.66783905029,7.4668340683,7.77240085602,23.9102210999,31.2410259247,27.4395599365,42.2710876465,32.2756156921,15.7312870026,19.1602325439,41.4068450928,33.84532547,17.2470664978,13.3018627167,15.9462566376,16.2433280945,11.6807918549,5.6633181572,3.43024778366,1.27066874504,0.629184603691,0.626635372639,0.608506143093,0.397535532713,0.205198600888,0.100831098855,0.0456868633628,0.0214906986803,0.00707168085501,0.00146722630598,0.000150562773342,0.0000155682682816,0.0000158959774126],"median":[0.00574965635315,0.103952288628,0.297600269318,0.318080037832,0.884320735931,1.95126783848,1.87149310112,2.9918820858,2.88212800026,2.31883215904,3.42454361916,5.87445020676,6.6074962616,5.22786998749,5.27519798279,3.54910802841,4.59697151184,8.14434146881,6.42753982544,6.48828935623,5.09459638596,5.43126630783,6.44719600677,4.87572240829,1.7672393322,0.857280373573,0.221758440137,0.13582970202,0.102706700563,0.114095933735,0.0678578168154,0.0329708829522,0.0168126169592,0.00604088557884,0.00241865287535,0.000601752661169,0.0000863723325892,0.0000119026381071,0.00000505583557242,0.00000785806787462],"min":[1.31876237798e-22,7.20122216513e-22,1.67606391195e-21,8.85337387288e-21,4.54788343646e-21,2.15263899335e-20,4.50012813481e-20,5.46407789177e-20,1.02669088943e-19,1.63716181373e-19,2.44202173293e-19,3.68036901257e-19,4.25957018326e-19,4.43962258719e-19,9.12539861504e-19,1.4075656855e-18,1.20461382028e-18,1.56477839195e-18,2.52241365891e-18,2.52359383884e-18,2.77954419988e-18,4.29987714354e-18,4.77186309234e-18,5.48063280021e-18,5.47058793244e-18,7.04541408729e-18,9.17573172814e-18,8.88207103015e-18,1.19802048769e-17,9.41430798759e-18,1.19194517697e-17,1.11334515167e-17,9.55954932262e-18,7.58629921803e-18,6.40847467587e-18,3.80640145602e-18,2.29744307296e-18,9.1632535018e-19,2.54857474504e-19,2.82330992543e-20],"var":[0.00425120815635,0.238033637404,2.08011746407,10.15122509,34.7729454041,102.6641922,150.443481445,249.30418396,272.307891846,442.788360596,4442.39013672,4968.97363281,5207.92480469,12751.4082031,5624.75683594,1217.03076172,1413.93383789,10156.9404297,7467.71142578,1045.16467285,860.39050293,1332.24121094,1080.22265625,507.561401367,95.8465957642,60.3948745728,9.59611988068,4.05258703232,8.64161109924,8.11510848999,4.37638473511,1.05079102516,0.199075236917,0.0917177796364,0.0232289414853,0.0015282627428,0.000066128144681,6.78195590353e-7,2.48609266507e-9,3.95090876681e-10]},"erbbands_crest":{"dmean":2.33954024315,"dmean2":3.8550889492,"dvar":5.10754537582,"dvar2":13.36561203,"max":27.7756576538,"mean":9.36698150635,"median":8.61835384369,"min":2.70290017128,"var":14.1886119843},"erbbands_flatness_db":{"dmean":0.0134871155024,"dmean2":0.0205108486116,"dvar":0.00019687875465,"dvar2":0.000390423752833,"max":0.380065947771,"mean":0.224801942706,"median":0.220971986651,"min":0.0446474961936,"var":0.00237501645461},"erbbands_kurtosis":{"dmean":0.756713032722,"dmean2":1.22704160213,"dvar":1.12940239906,"dvar2":2.76060724258,"max":33.2928771973,"mean":0.470897585154,"median":-0.0724741816521,"min":-1.6675671339,"var":3.59642601013},"erbbands_skewness":{"dmean":0.29534855485,"dmean2":0.471646547318,"dvar":0.0727221444249,"dvar2":0.178883388638,"max":3.17328882217,"mean":-0.0578694529831,"median":-0.00230545923114,"min":-3.24654579163,"var":0.517897307873},"erbbands_spread":{"dmean":4.01310968399,"dmean2":6.28824520111,"dvar":22.9616985321,"dvar2":52.9934959412,"max":97.8524627686,"mean":23.0330085754,"median":21.5350875854,"min":2.71739935875,"var":107.833007813},"gfcc":{"cov":[[31121.484375,1400.98974609,-3776.50512695,1400.07287598,-1347.69458008,580.066467285,-338.097473145,456.749481201,-206.893661499,-187.036468506,-8.94931602478,-144.216949463,53.1921653748],[1400.98974609,1752.51611328,100.055656433,-661.364074707,84.6098480225,-165.350952148,-56.7662811279,-251.461181641,-93.8516540527,-194.940109253,31.7751579285,-89.90209198,76.3086547852],[-3776.50512695,100.055656433,1181.75524902,-386.040313721,63.0490722656,52.8848724365,36.5630073547,-182.504882813,-36.8241920471,59.3594741821,-90.3372421265,66.2224273682,21.4790287018],[1400.07287598,-661.364074707,-386.040313721,764.495788574,26.5025691986,123.072654724,32.7194519043,191.507324219,134.476287842,81.2442855835,25.1798171997,43.5429916382,-39.7963104248],[-1347.69458008,84.6098480225,63.0490722656,26.5025691986,319.134399414,-38.0793457031,42.9045562744,7.2019329071,64.2474517822,10.1648178101,11.2819070816,17.8014545441,2.90245294571],[580.066467285,-165.350952148,52.8848724365,123.072654724,-38.0793457031,197.640335083,76.743309021,35.5979766846,16.0013237,51.1314125061,-10.9246435165,18.2442340851,2.46363043785],[-338.097473145,-56.7662811279,36.5630073547,32.7194519043,42.9045562744,76.743309021,200.936950684,39.3745803833,16.7481060028,31.7214241028,21.3500709534,-2.77812719345,14.9344444275],[456.749481201,-251.461181641,-182.504882813,191.507324219,7.2019329071,35.5979766846,39.3745803833,158.687469482,62.09217453,21.9962310791,20.4529190063,5.19178342819,-12.8610286713],[-206.893661499,-93.8516540527,-36.8241920471,134.476287842,64.2474517822,16.0013237,16.7481060028,62.09217453,128.757247925,38.8976020813,18.5561618805,14.1571464539,-4.16543149948],[-187.036468506,-194.940109253,59.3594741821,81.2442855835,10.1648178101,51.1314125061,31.7214241028,21.9962310791,38.8976020813,135.444656372,3.31304001808,38.0381393433,-5.85921669006],[-8.94931602478,31.7751579285,-90.3372421265,25.1798171997,11.2819070816,-10.9246435165,21.3500709534,20.4529190063,18.5561618805,3.31304001808,95.2923660278,2.36721467972,12.6225204468],[-144.216949463,-89.90209198,66.2224273682,43.5429916382,17.8014545441,18.2442340851,-2.77812719345,5.19178342819,14.1571464539,38.0381393433,2.36721467972,93.3023605347,22.4076538086],[53.1921653748,76.3086547852,21.4790287018,-39.7963104248,2.90245294571,2.46363043785,14.9344444275,-12.8610286713,-4.16543149948,-5.85921669006,12.6225204468,22.4076538086,79.9025650024]],"icov":[[0.000186958204722,-0.000505149015225,0.000528847856913,-0.00038795886212,0.000655355630443,-0.000672617228702,0.000295649835607,-0.00042373634642,0.000451234489447,-0.000337911042152,0.00060707621742,-0.00026912780595,-0.000125636346638],[-0.000505149015225,0.00258961156942,-0.00111422582995,0.00193532346748,-0.00218737847172,0.00158384651877,-0.000764014665037,0.00257442751899,-0.00193295045756,0.00195847824216,-0.00210899231024,0.00114764960017,-0.00023145286832],[0.000528847856913,-0.00111422582995,0.00307793286629,-0.0000859115752974,0.00148312537931,-0.00265577249229,0.000483079929836,0.000439679104602,0.000482449220726,-0.00116542878095,0.00268747075461,-0.00181022635661,-0.000126851242385],[-0.00038795886212,0.00193532346748,-0.0000859115752974,0.00414564460516,-0.00188579154201,-0.00024626054801,-0.000227915632422,0.000515763123985,-0.00285491300747,0.00101314135827,-0.00131796242204,-0.000410317181377,0.00094831478782],[0.000655355630443,-0.00218737847172,0.00148312537931,-0.00188579154201,0.00647839624435,-0.000713052577339,-0.000399756710976,-0.00134417635854,-0.000402221397962,-0.00108819070738,0.00238646473736,-0.00185757677536,0.00000297821179629],[-0.000672617228702,0.00158384651877,-0.00265577249229,-0.00024626054801,-0.000713052577339,0.010521242395,-0.00395593466237,0.000928510096855,-0.00117531546857,-0.000332359195454,-0.000838383159135,0.000741387892049,-0.0000443411117885],[0.000295649835607,-0.000764014665037,0.000483079929836,-0.000227915632422,-0.000399756710976,-0.00395593466237,0.00769485393539,-0.00276656448841,0.0016816786956,-0.0015731343301,-0.000809551624116,0.00155459076632,-0.00179334892891],[-0.00042373634642,0.00257442751899,0.000439679104602,0.000515763123985,-0.00134417635854,0.000928510096855,-0.00276656448841,0.0141908405349,-0.00557150086388,0.0023427172564,-0.00190004461911,0.000195652755792,0.000910205650143],[0.000451234489447,-0.00193295045756,0.000482449220726,-0.00285491300747,-0.000402221397962,-0.00117531546857,0.0016816786956,-0.00557150086388,0.0141115328297,-0.00377937080339,0.000110956447315,0.0000670268273097,-0.000744056538679],[-0.000337911042152,0.00195847824216,-0.00116542878095,0.00101314135827,-0.00108819070738,-0.000332359195454,-0.0015731343301,0.0023427172564,-0.00377937080339,0.0118172094226,-0.00194120127708,-0.00277625722811,0.00164809427224],[0.00060707621742,-0.00210899231024,0.00268747075461,-0.00131796242204,0.00238646473736,-0.000838383159135,-0.000809551624116,-0.00190004461911,0.000110956447315,-0.00194120127708,0.014709261246,-0.00172357424162,-0.00196110759862],[-0.00026912780595,0.00114764960017,-0.00181022635661,-0.000410317181377,-0.00185757677536,0.000741387892049,0.00155459076632,0.000195652755792,0.0000670268273097,-0.00277625722811,-0.00172357424162,0.0155265377834,-0.00513109751046],[-0.000125636346638,-0.00023145286832,-0.000126851242385,0.00094831478782,0.00000297821179629,-0.0000443411117885,-0.00179334892891,0.000910205650143,-0.000744056538679,0.00164809427224,-0.00196110759862,-0.00513109751046,0.015640117228]],"mean":[-125.547096252,143.299346924,-145.657943726,15.7341709137,-43.4027671814,5.80333471298,-34.5336685181,5.39614725113,-16.7983989716,-10.2333717346,-5.09098529816,-6.99221801758,-6.3248925209]},"hfc":{"dmean":2.40294122696,"dmean2":3.71997833252,"dvar":20.6600933075,"dvar2":50.0825500488,"max":107.756446838,"mean":11.0915822983,"median":4.92503976822,"min":1.09413819983e-16,"var":238.039932251},"melbands":{"dmean":[0.000111500186904,0.000158754104632,0.00012250119471,0.000126589278807,0.0000896946003195,0.0000859870124259,0.0000529089957126,0.0000552700767003,0.000132725734147,0.000096935822512,0.0000621803847025,0.000090757610451,0.0000855270918692,0.0000210504003917,0.0000222210837819,0.0000215335094254,0.0000527142146893,0.0000404359234381,0.0000110815499283,0.0000116519186122,0.00000789250316302,0.00000737208074497,0.00000832129171613,0.00000801739952294,0.00000416313650931,0.00000219205367102,0.00000124879375107,9.14263921459e-7,4.20507490162e-7,2.41343826701e-7,1.94207615323e-7,1.9850533306e-7,2.10750002339e-7,1.74564320332e-7,1.3340707028e-7,9.78726859557e-8,5.97956670845e-8,4.1419564667e-8,2.69985083179e-8,2.14477591243e-8],"dmean2":[0.000184657765203,0.000262151006609,0.000204292184208,0.000210079495446,0.000142517295899,0.000143995071994,0.0000817494947114,0.0000834997917991,0.00020337443857,0.00014437410573,0.0000923686966416,0.000141393276863,0.000139974319609,0.0000331853261741,0.0000356248965545,0.0000348493340425,0.0000890740411705,0.0000672946844134,0.0000179164380825,0.0000188801222976,0.0000128583824335,0.0000119545766211,0.0000136482995003,0.0000133477378768,0.00000679297181705,0.00000355496467819,0.00000203494118978,0.00000148681965584,6.64312665322e-7,3.80480486228e-7,2.92941678026e-7,2.86207921363e-7,3.09277822907e-7,2.60046448375e-7,1.96612035097e-7,1.46838203818e-7,8.74920900173e-8,6.09588681755e-8,4.02765714114e-8,3.15894901348e-8],"dvar":[1.06141229139e-7,1.9078701996e-7,2.27554480148e-7,1.16402787853e-7,1.4205697596e-7,6.12692971913e-8,3.83901266332e-8,4.07255917878e-8,1.48419687207e-7,7.10346697019e-8,3.69031170067e-8,6.6026693446e-8,6.9476591591e-8,4.08213329806e-9,2.9884505981e-9,2.81264478375e-9,2.73796842976e-8,1.86267872238e-8,1.08600051174e-9,1.00107211409e-9,7.99600663459e-10,3.98506005972e-10,5.36183764055e-10,4.93125096312e-10,1.28879407146e-10,2.55760343459e-11,1.09149841943e-11,6.93803087898e-12,2.02163719792e-12,1.04951681026e-12,7.38393016435e-13,1.10451459177e-12,1.25545786874e-12,8.6885994276e-13,5.42050182951e-13,3.10484277177e-13,1.0041676556e-13,4.66947952472e-14,2.05909762304e-14,2.80713325577e-14],"dvar2":[2.91177769896e-7,5.63016385513e-7,6.13520057868e-7,3.31660203301e-7,3.82275317179e-7,1.74874273284e-7,9.48684828472e-8,9.26577925497e-8,3.42486885074e-7,1.54334770741e-7,6.99371511814e-8,1.49222188384e-7,1.87490954318e-7,1.03293196219e-8,7.56013562864e-9,7.10830949657e-9,7.59046372423e-8,5.07522521787e-8,2.41108644161e-9,2.37926878199e-9,2.20599116751e-9,1.11227849153e-9,1.40009093208e-9,1.35084976538e-9,3.0233515691e-10,6.48508469148e-11,2.79029924166e-11,1.81970983421e-11,4.90135753164e-12,2.42469976389e-12,1.53594780124e-12,2.07745843098e-12,2.58546005785e-12,1.77243441278e-12,1.09605998323e-12,6.19061334313e-13,1.89700929661e-13,9.2715006679e-14,4.22253174808e-14,5.35127701157e-14],"max":[0.00736725330353,0.00797552708536,0.0109743652865,0.00834555178881,0.0140843214467,0.00598827982321,0.00440164050087,0.00671987701207,0.00698009971529,0.00591978896409,0.00642909528688,0.00685125496238,0.00402238732204,0.00177383353002,0.00161403766833,0.00117749220226,0.00298651796766,0.00244762562215,0.0014531853376,0.00110026705079,0.00157285190653,0.00102799932938,0.000901518680621,0.000767703924794,0.000563984969631,0.000143750352436,0.0000783573268563,0.0000561636334169,0.0000328666501446,0.0000300045303447,0.0000207663288165,0.0000435217225458,0.0000452102904092,0.0000367678658222,0.0000339590369549,0.0000284752622974,0.0000139539915835,0.00000797879602032,0.00000719538320482,0.00000994445508695],"mean":[0.000345327105606,0.000439801573521,0.000280366861261,0.000312345800921,0.000214843355934,0.000189513506484,0.000109061904368,0.0000952963164309,0.000225928801228,0.000183443393325,0.000138335046358,0.000174473098014,0.000140964431921,0.0000419027237513,0.0000419563984906,0.0000411508226534,0.0000888280410436,0.0000686728453729,0.0000206982531381,0.0000215133695747,0.000015353974959,0.0000155399993673,0.0000165445271705,0.0000158942020789,0.00000852849461808,0.00000474943271911,0.00000278765151052,0.00000212314580494,9.01835619516e-7,4.39988866674e-7,3.44338246805e-7,3.31153046318e-7,3.89431392023e-7,3.12277876446e-7,2.38708224742e-7,1.72300033796e-7,1.06812493073e-7,7.47178816596e-8,4.96990999466e-8,3.51399300769e-8],"median":[0.0000876018384588,0.000183063806617,0.0000753239000915,0.000109552660433,0.0000743326818338,0.00006777831004,0.0000420264841523,0.0000226957981795,0.0000284136549453,0.0000354022122337,0.0000281579632428,0.0000181265513675,0.0000145031945067,0.00000736848596716,0.00000860027648741,0.0000101727127912,0.0000142548587974,0.00000895905213838,0.00000646003354632,0.00000731666659703,0.0000048169058573,0.00000505208436152,0.00000504213676322,0.00000574595833314,0.00000295060090139,0.0000013187714103,7.33979106826e-7,4.64250774712e-7,1.35633484888e-7,6.48177262974e-8,6.71092621474e-8,4.40444622996e-8,7.28832247887e-8,4.8747700987e-8,3.85507412659e-8,2.4036218349e-8,1.65967524168e-8,1.17680798439e-8,7.60795249022e-9,3.71592445703e-9],"min":[1.22745060801e-24,1.10933692987e-24,2.2184701364e-24,9.72445896983e-25,1.47494487019e-24,1.4784343964e-24,1.69879835154e-24,1.17472284929e-24,2.13032912974e-24,1.17555411147e-24,1.98733073573e-24,1.48362086103e-24,2.41129259076e-24,2.45201536562e-24,3.23564612304e-24,2.23783706606e-24,2.85926500516e-24,3.38371354001e-24,2.72207775501e-24,3.33373880724e-24,2.96176801346e-24,3.2206843899e-24,3.58795633369e-24,4.14370608041e-24,3.653107567e-24,3.96466620936e-24,3.96610114735e-24,4.63848634548e-24,4.73021233053e-24,4.67042101265e-24,5.57233475749e-24,5.61488630914e-24,5.42777441888e-24,5.26027439959e-24,5.60408325348e-24,5.87544114968e-24,5.88848062601e-24,5.91995065411e-24,5.74533353172e-24,6.04828570161e-24],"var":[2.99369133927e-7,4.84031716041e-7,3.79572497877e-7,2.7201738817e-7,1.92262731957e-7,1.15907539566e-7,5.7038075596e-8,6.74921238897e-8,3.05609319184e-7,1.60886600042e-7,1.44294986626e-7,2.51370295246e-7,1.42578144846e-7,1.17573355496e-8,8.93656260104e-9,9.33603594433e-9,5.75218486176e-8,3.97445312217e-8,2.39479036601e-9,2.46934117598e-9,1.75862635565e-9,1.31217448018e-9,1.57627233488e-9,1.32807764786e-9,3.47957329616e-10,7.8064256448e-11,3.55627680082e-11,2.6149245963e-11,5.78878871921e-12,1.70701668946e-12,1.41170679747e-12,2.56983063301e-12,3.29971770394e-12,2.50763407435e-12,1.6271397207e-12,8.80254799173e-13,2.75906467812e-13,1.14681715188e-13,5.36321204461e-14,7.6301507159e-14]},"melbands_crest":{"dmean":2.22705554962,"dmean2":3.59834599495,"dvar":4.55191612244,"dvar2":11.7631931305,"max":29.6557292938,"mean":11.6631259918,"median":10.8532590866,"min":1.44874095917,"var":20.2692909241},"melbands_flatness_db":{"dmean":0.0149763934314,"dmean2":0.0224754475057,"dvar":0.000258978048805,"dvar2":0.000515434483532,"max":0.522915422916,"mean":0.2303712219,"median":0.213856831193,"min":0.00307801668532,"var":0.00687382044271},"melbands_kurtosis":{"dmean":1.75571811199,"dmean2":2.84051680565,"dvar":23.799987793,"dvar2":61.2277297974,"max":281.885467529,"mean":3.08538484573,"median":1.55357062817,"min":-1.78129577637,"var":37.5680999756},"melbands_skewness":{"dmean":0.36158657074,"dmean2":0.567665159702,"dvar":0.172927677631,"dvar2":0.428340375423,"max":13.7931690216,"mean":1.34710681438,"median":1.2880089283,"min":-1.67918491364,"var":0.992614865303},"melbands_spread":{"dmean":5.09242582321,"dmean2":8.11180877686,"dvar":34.4710502625,"dvar2":85.33543396,"max":162.829437256,"mean":28.5988140106,"median":24.2682991028,"min":1.28259074688,"var":427.346984863},"mfcc":{"cov":[[14661.8007813,993.536315918,-1965.26025391,980.444580078,-231.949996948,-38.0052223206,82.5333633423,490.559997559,-7.30883741379,406.750030518,21.7241439819,23.400056839,12.8214826584],[993.536315918,2088.85083008,166.088729858,-328.974731445,11.9458112717,-35.0676345825,-5.30359983444,-55.903213501,-120.706268311,-74.8215637207,-110.442710876,-124.918067932,-100.941360474],[-1965.26025391,166.088729858,954.014648438,-347.056732178,-86.3822250366,163.957611084,-15.508234024,-146.60244751,5.72675800323,-117.199539185,-69.2912521362,-33.1557540894,-43.2213096619],[980.444580078,-328.974731445,-347.056732178,420.457183838,98.4441604614,8.54020023346,-5.52308511734,105.582145691,54.7385787964,63.483165741,71.0768203735,48.6144371033,67.1820983887],[-231.949996948,11.9458112717,-86.3822250366,98.4441604614,216.544067383,-1.98326873779,-43.8666610718,30.2060661316,22.9033889771,-6.59427595139,14.8463201523,30.0807609558,16.0876159668],[-38.0052223206,-35.0676345825,163.957611084,8.54020023346,-1.98326873779,195.14251709,39.5888404846,-10.7190170288,50.0635566711,-6.32302856445,21.891576767,8.02761268616,13.8716897964],[82.5333633423,-5.30359983444,-15.508234024,-5.52308511734,-43.8666610718,39.5888404846,141.178237915,25.6998081207,8.88643074036,31.4690475464,11.1020507813,-7.06816959381,0.208440303802],[490.559997559,-55.903213501,-146.60244751,105.582145691,30.2060661316,-10.7190170288,25.6998081207,133.662139893,25.6704597473,38.2382354736,25.6475601196,8.48926544189,22.6927623749],[-7.30883741379,-120.706268311,5.72675800323,54.7385787964,22.9033889771,50.0635566711,8.88643074036,25.6704597473,110.313659668,21.6348628998,17.5543746948,16.2588653564,17.4712905884],[406.750030518,-74.8215637207,-117.199539185,63.483165741,-6.59427595139,-6.32302856445,31.4690475464,38.2382354736,21.6348628998,121.14691925,39.1118354797,2.81791305542,16.0763778687],[21.7241439819,-110.442710876,-69.2912521362,71.0768203735,14.8463201523,21.891576767,11.1020507813,25.6475601196,17.5543746948,39.1118354797,93.6413345337,36.2943878174,22.9774055481],[23.400056839,-124.918067932,-33.1557540894,48.6144371033,30.0807609558,8.02761268616,-7.06816959381,8.48926544189,16.2588653564,2.81791305542,36.2943878174,88.3815231323,36.8914413452],[12.8214826584,-100.941360474,-43.2213096619,67.1820983887,16.0876159668,13.8716897964,0.208440303802,22.6927623749,17.4712905884,16.0763778687,22.9774055481,36.8914413452,80.2896194458]],"icov":[[0.000180867806193,-0.00017776140885,0.000344930420397,-0.000379415403586,0.000589515082538,-0.000465796387289,0.000297970225802,-0.000351821741788,0.000124415251776,-0.000403976504458,0.000601945794187,-0.000494499574415,0.000420570169808],[-0.00017776140885,0.00080049992539,-0.000250874523772,0.000874693971127,-0.000937151024118,0.000287137925625,-0.000302009633742,0.000171870458871,0.000354103394784,0.000453629967524,-0.000388860469684,0.00105343118776,-0.000282414694084],[0.000344930420397,-0.000250874523772,0.00285402801819,0.00086310133338,0.00132191972807,-0.00276735401712,0.00115037499927,-0.00000524114375366,-0.000179121634574,0.0000986920204014,0.00154169672169,-0.000812650599983,0.000606837624218],[-0.000379415403586,0.000874693971127,0.00086310133338,0.00610896712169,-0.00245447829366,-0.000424256722908,0.000256645260379,-0.000905186927412,-0.000826543662697,0.00068979273783,-0.00220812228508,0.00142331887037,-0.0026468152646],[0.000589515082538,-0.000937151024118,0.00132191972807,-0.00245447829366,0.00797927286476,-0.00176701240707,0.00281028216705,-0.00190913991537,-0.000509963720106,-0.000528826552909,0.00207465421408,-0.0033051352948,0.00187359913252],[-0.000465796387289,0.000287137925625,-0.00276735401712,-0.000424256722908,-0.00176701240707,0.00964211020619,-0.00349315465428,0.00199129898101,-0.00330216623843,0.00204021995887,-0.00387784535997,0.00197006459348,-0.00205029197969],[0.000297970225802,-0.000302009633742,0.00115037499927,0.000256645260379,0.00281028216705,-0.00349315465428,0.00977610051632,-0.00271493033506,0.000594125536736,-0.00253850640729,0.00115987705067,-0.000808397540823,0.00117813050747],[-0.000351821741788,0.000171870458871,-0.00000524114375366,-0.000905186927412,-0.00190913991537,0.00199129898101,-0.00271493033506,0.0116673279554,-0.00203978316858,0.0000138345340019,-0.00195342092775,0.0020433687605,-0.00216397433542],[0.000124415251776,0.000354103394784,-0.000179121634574,-0.000826543662697,-0.000509963720106,-0.00330216623843,0.000594125536736,-0.00203978316858,0.0122953355312,-0.00226643728092,0.00128995697014,-0.00125304074027,0.000253060046816],[-0.000403976504458,0.000453629967524,0.0000986920204014,0.00068979273783,-0.000528826552909,0.00204021995887,-0.00253850640729,0.0000138345340019,-0.00226643728092,0.0127867106348,-0.00562846241519,0.00341829727404,-0.0021600543987],[0.000601945794187,-0.000388860469684,0.00154169672169,-0.00220812228508,0.00207465421408,-0.00387784535997,0.00115987705067,-0.00195342092775,0.00128995697014,-0.00562846241519,0.0183819476515,-0.00737714767456,0.00187129399274],[-0.000494499574415,0.00105343118776,-0.000812650599983,0.00142331887037,-0.0033051352948,0.00197006459348,-0.000808397540823,0.0020433687605,-0.00125304074027,0.00341829727404,-0.00737714767456,0.018773784861,-0.00740536302328],[0.000420570169808,-0.000282414694084,0.000606837624218,-0.0026468152646,0.00187359913252,-0.00205029197969,0.00117813050747,-0.00216397433542,0.000253060046816,-0.0021600543987,0.00187129399274,-0.00740536302328,0.0184059794992]],"mean":[-743.182617188,162.126159668,-27.0597648621,12.0448150635,7.89220285416,-1.43042719364,-2.33140444756,8.53374671936,-7.77483510971,4.639503479,0.14290420711,-5.4979596138,-5.28206729889]},"pitch_salience":{"dmean":0.0485391058028,"dmean2":0.0792179629207,"dvar":0.0018747941358,"dvar2":0.00493355328217,"max":0.984620511532,"mean":0.545265376568,"median":0.541054427624,"min":0.182738676667,"var":0.0092160385102},"silence_rate_20dB":{"dmean":0,"dmean2":0,"dvar":0,"dvar2":0,"max":1,"mean":1,"median":1,"min":1,"var":0},"silence_rate_30dB":{"dmean":0,"dmean2":0,"dvar":0,"dvar2":0,"max":1,"mean":1,"median":1,"min":1,"var":0},"silence_rate_60dB":{"dmean":0.0330982096493,"dmean2":0.0662053972483,"dvar":0.0320052206516,"dvar2":0.0715971440077,"max":1,"mean":0.310185819864,"median":0,"min":0,"var":0.213952705264},"spectral_centroid":{"dmean":148.158843994,"dmean2":231.866638184,"dvar":48570.46875,"dvar2":102663.742188,"max":11673.0263672,"mean":1433.33654785,"median":1229.92236328,"min":254.366592407,"var":1742327.375},"spectral_complexity":{"dmean":1.75149214268,"dmean2":2.83163738251,"dvar":3.76255965233,"dvar2":8.48439311981,"max":53,"mean":13.7045974731,"median":12,"min":0,"var":74.5569076538},"spectral_contrast_coeffs":{"dmean":[0.0348414890468,0.0369110219181,0.0323033668101,0.0272307787091,0.0201667975634,0.0120715107769],"dmean2":[0.0576963946223,0.0605021119118,0.0517702400684,0.0448911264539,0.0320914126933,0.019334487617],"dvar":[0.00090923969401,0.00103080715053,0.000788092846051,0.000518860295415,0.000316452700645,0.000115569397167],"dvar2":[0.0025228257291,0.00267261383124,0.00201743282378,0.0013517010957,0.000715310394298,0.00027485168539],"max":[-0.381464272738,-0.427360892296,-0.463809221983,-0.538576126099,-0.522734463215,-0.629669010639],"mean":[-0.657319068909,-0.70461589098,-0.720222473145,-0.728899657726,-0.739831387997,-0.786623477936],"median":[-0.651671290398,-0.702190279961,-0.726946234703,-0.728403627872,-0.733500957489,-0.780043423176],"min":[-0.975813210011,-0.994888484478,-0.995219409466,-0.990745186806,-0.967806816101,-0.964488565922],"var":[0.00874614249915,0.00581354275346,0.00621352531016,0.00428364239633,0.0040031876415,0.00272146705538]},"spectral_contrast_valleys":{"dmean":[0.301784306765,0.279790490866,0.249927610159,0.220165833831,0.185215443373,0.18112693727],"dmean2":[0.500363469124,0.455866247416,0.404997825623,0.35853728652,0.289582043886,0.257816523314],"dvar":[0.100330725312,0.0870221927762,0.0798737630248,0.0692754089832,0.0654595866799,0.0861054882407],"dvar2":[0.235873356462,0.18552146852,0.167256996036,0.142590776086,0.118471361697,0.140575662255],"max":[-5.6077375412,-4.50329971313,-5.51587772369,-6.07264375687,-6.06256341934,-8.01319313049],"mean":[-8.42880344391,-7.91913461685,-8.38233947754,-8.88642215729,-9.27427768707,-12.3640937805],"median":[-8.06595420837,-7.58125257492,-7.98429822922,-8.44009876251,-8.70990753174,-11.9237718582],"min":[-28.1014652252,-28.0626811981,-28.0372467041,-27.6710014343,-27.5576248169,-27.410402298],"var":[6.83132219315,7.0162653923,7.00292396545,6.67708539963,6.90249061584,5.02574682236]},"spectral_decrease":{"dmean":6.48649522983e-10,"dmean2":1.01611252745e-9,"dvar":1.61705082999e-18,"dvar2":3.94748000462e-18,"max":1.641321795e-28,"mean":-3.1993383498e-9,"median":-1.54643819972e-9,"min":-2.91013950715e-8,"var":1.59493905144e-17},"spectral_energy":{"dmean":0.00262831430882,"dmean2":0.00411117589101,"dvar":0.000026061106837,"dvar2":0.000063332488935,"max":0.114695504308,"mean":0.0130810402334,"median":0.00631117494777,"min":9.92259851866e-21,"var":0.000267851399258},"spectral_energyband_high":{"dmean":0.0000384139602829,"dmean2":0.0000557283601665,"dvar":2.28710153038e-8,"dvar2":4.12030267682e-8,"max":0.00530089344829,"mean":0.0000923602783587,"median":0.0000195645843633,"min":7.04101953519e-21,"var":7.70882877532e-8},"spectral_energyband_low":{"dmean":0.000706331979018,"dmean2":0.00116899248678,"dvar":0.00000366587960343,"dvar2":0.0000103182846942,"max":0.0481521487236,"mean":0.00236257887445,"median":0.000977703835815,"min":1.57851745555e-23,"var":0.000011719073882},"spectral_energyband_middle_high":{"dmean":0.00148140417878,"dmean2":0.00233117328025,"dvar":0.00000957222982834,"dvar2":0.0000238305001403,"max":0.0579140409827,"mean":0.00517433183268,"median":0.00178659567609,"min":1.18016499478e-21,"var":0.0000735008361517},"spectral_energyband_middle_low":{"dmean":0.00182406243403,"dmean2":0.00285307015292,"dvar":0.0000170378316398,"dvar2":0.0000416970578954,"max":0.0903752073646,"mean":0.00579812005162,"median":0.00250974134542,"min":1.4426313368e-22,"var":0.0000622813313385},"spectral_entropy":{"dmean":0.110752590001,"dmean2":0.168542087078,"dvar":0.0155631564558,"dvar2":0.0298797339201,"max":9.82333183289,"mean":7.01769542694,"median":7.11243629456,"min":5.18788337708,"var":0.356109470129},"spectral_flux":{"dmean":0.0104982824996,"dmean2":0.0168835036457,"dvar":0.00020966619195,"dvar2":0.00050944724353,"max":0.244238570333,"mean":0.0425885356963,"median":0.0333288572729,"min":6.40848832334e-11,"var":0.00129448540974},"spectral_kurtosis":{"dmean":4.88578939438,"dmean2":8.4922246933,"dvar":47.1741485596,"dvar2":135.749237061,"max":167.882171631,"mean":13.5149927139,"median":8.19598484039,"min":-1.28859364986,"var":248.735610962},"spectral_rms":{"dmean":0.0002985651372,"dmean2":0.000460368726635,"dvar":1.64831476468e-7,"dvar2":3.78903934006e-7,"max":0.0105781871825,"mean":0.00296976929531,"median":0.00248137931339,"min":3.11136359732e-12,"var":0.00000394248218072},"spectral_rolloff":{"dmean":259.193878174,"dmean2":444.884490967,"dvar":221030.96875,"dvar2":478650.75,"max":19595.2148438,"mean":1762.55883789,"median":1464.2578125,"min":86.1328125,"var":5026516},"spectral_skewness":{"dmean":0.373279303312,"dmean2":0.638064205647,"dvar":0.160250037909,"dvar2":0.449734926224,"max":9.86496067047,"mean":2.19234728813,"median":1.78472304344,"min":-0.0795278996229,"var":1.57380104065},"spectral_spread":{"dmean":266101.0625,"dmean2":413478.75,"dvar":499100647424,"dvar2":971462934528,"max":43064924,"mean":3047299.75,"median":2399783,"min":497676.40625,"var":21505014497300},"spectral_strongpeak":{"dmean":0.515613496304,"dmean2":0.866918325424,"dvar":0.850972950459,"dvar2":2.1962223053,"max":12.1221113205,"mean":1.0777567625,"median":0.345580637455,"min":0,"var":2.37425112724},"zerocrossingrate":{"dmean":0.00504323281348,"dmean2":0.00634401291609,"dvar":0.0000612630901742,"dvar2":0.0000995909431367,"max":0.525390625,"mean":0.0568585060537,"median":0.0478515625,"min":0.0078125,"var":0.00347778131254}},"metadata":{"audio_properties":{"analysis_sample_rate":44100,"bit_rate":0,"codec":"flac","downmix":"mix","equal_loudness":0,"length":171.160003662,"lossless":true,"md5_encoded":"afa2dd2a01061bf5275546c4aea128f7","replay_gain":-9.67361831665,"sample_rate":44100},"tags":{"acoustid_id":["a1f5b3eb-d25d-436e-b553-07569d4afbc6"],"album":["Tales From the Brothers Gibb: A History in Song 1967-1990"],"albumartist":["Bee Gees"],"albumartistsort":["Bee Gees"],"artist":["Bee Gees"],"artistsort":["Bee Gees"],"asin":["B000001FWW"],"barcode":["042284391122"],"catalognumber":["843 911-2"],"compilation":["1"],"date":["1990-10-20"],"discnumber":["2"],"disctotal":["4"],"file_name":"12. Elisa.flac","genre":["Other"],"label":["Polydor"],"language":["eng"],"media":["CD"],"musicbrainz_albumartistid":["bf0f7e29-dfe1-416c-b5c6-f9ebc19ea810"],"musicbrainz_albumid":["a5d0fe06-fa9c-4ded-ad08-6a4dd0722484"],"musicbrainz_artistid":["bf0f7e29-dfe1-416c-b5c6-f9ebc19ea810"],"musicbrainz_recordingid":["630989de-b2de-4847-9dfc-1dbebd05a7af"],"originaldate":["1990-10-19"],"releasecountry":["DE"],"releasestatus":["official"],"releasetype":["compilation"],"script":["Latn"],"title":["Elisa"],"totaldiscs":["4"],"totaltracks":["17"],"tracknumber":["12"],"tracktotal":["17"]},"version":{"essentia":"2.1-beta2","essentia_build_sha":"2d9f1f26377add8aeb1075a9c2973f962c4f09fd","essentia_git_sha":"v2.1_beta2-1-ge3940c0","extractor":"music 1.0"}},"rhythm":{"beats_count":349,"beats_loudness":{"dmean":0.00758582353592,"dmean2":0.0136200701818,"dvar":0.000104247541458,"dvar2":0.00032144668512,"max":0.0918115898967,"mean":0.0152554605156,"median":0.00819834228605,"min":0,"var":0.000340790080372},"beats_loudness_band_ratio":{"dmean":[0.142048940063,0.115111425519,0.128385275602,0.104435011744,0.0786286965013,0.016412012279],"dmean2":[0.245963305235,0.193802163005,0.221630528569,0.181539043784,0.139093920588,0.0299444533885],"dvar":[0.016591925174,0.013475