{"lowlevel":{"average_loudness":0.935470283031,"barkbands":{"dmean":[0.00000802798604127,0.00142550969031,0.00114503514487,0.00230531091802,0.00188529677689,0.000730919768102,0.000372576614609,0.000289501709631,0.000687439809553,0.000412907771533,0.000436595059,0.000990637694485,0.000622706022114,0.000920850026887,0.000606159912422,0.000455309578683,0.000517923792358,0.000200650334591,0.000129622756504,0.000102568912553,0.0000629372152616,0.0000666479099891,0.0000193530904653,0.0000081559874161,0.0000118628886412,0.00000564466972719,0.0000015372360167],"dmean2":[0.0000131128008434,0.0023380771745,0.00186807685532,0.00371896196157,0.00292314309627,0.001153096091,0.000576201069634,0.000473159539979,0.0010382089531,0.000615058583207,0.000645275169518,0.00147936551366,0.000943951657973,0.00145010428969,0.000901925668586,0.000665460131131,0.000764791562688,0.000297681021038,0.000199517788133,0.000156504233018,0.0000920025049709,0.0000997382885544,0.000027542027965,0.0000116849769256,0.000016863386918,0.00000820210880192,0.00000228555882131],"dvar":[3.9741734903e-10,0.00000491089394927,0.00000247693492383,0.0000252379559242,0.0000208413948712,0.00000225087387662,9.27455232613e-7,0.0000011119670944,0.00000520567891726,0.0000017840206965,0.00000169347708834,0.00000655988878862,0.00000317224248647,0.0000034333631902,0.00000109941368009,7.72303678787e-7,0.00000100968634342,3.02275424247e-7,5.08571389446e-8,3.23992921381e-8,1.35149216263e-8,1.92543563315e-8,1.91723814602e-9,2.78920275765e-10,8.66681393319e-10,1.48735426753e-10,1.48274083983e-11],"dvar2":[1.06156061719e-9,0.0000126123686641,0.00000646685521133,0.0000613101001363,0.0000491573191539,0.00000528728241989,0.00000198772386284,0.00000262997286882,0.0000110107912406,0.00000357476460522,0.00000327731618199,0.0000139385219882,0.00000705670026946,0.00000843887210067,0.00000252827430813,0.00000154223732807,0.00000186689953807,6.68094514822e-7,1.17769168639e-7,7.49814788037e-8,2.86587571452e-8,4.2583373272e-8,4.12982092968e-9,5.64059687846e-10,1.68982894344e-9,3.17712828268e-10,3.27083117535e-11],"max":[0.000433223205619,0.0292663350701,0.0265652965754,0.0607652589679,0.0525215119123,0.0388933569193,0.0364619940519,0.024363251403,0.0464608967304,0.0363269634545,0.0377701744437,0.0490627363324,0.0335603170097,0.0341086871922,0.0233267433941,0.0308719910681,0.0504557564855,0.032428290695,0.00474339956418,0.0043220394291,0.00394263723865,0.00388978631236,0.00109009258449,0.000413510919316,0.00112726795487,0.00024089080398,0.0000528130512976],"mean":[0.0000146511338244,0.00303480424918,0.00217860052362,0.0030578286387,0.00277759414166,0.00121767527889,0.000555664824788,0.000370638648747,0.001009932952,0.000712858571205,0.000768214813434,0.00214918679558,0.00104700413067,0.00220036087558,0.00131263083313,0.000822462199721,0.00126387679484,0.000397681695176,0.000242330133915,0.000196092223632,0.000131508015329,0.000129126259708,0.0000299405091937,0.0000109592792796,0.0000131363058244,0.00000581170934311,0.00000142733097164],"median":[0.00000242602914113,0.00188608455937,0.00178142893128,0.00126716378145,0.000919154030271,0.000650370377116,0.000218427710934,0.000128119281726,0.000159185292432,0.000226460280828,0.000192707113456,0.000561228662264,0.000253949634498,0.000636216427665,0.000665213214234,0.000310175149934,0.000614594784565,0.000183213036507,0.000133097273647,0.000103731603303,0.0000522164409631,0.0000589620722167,0.00000649916410111,0.00000241124325839,0.00000146241666243,5.16243346738e-7,1.00740990661e-7],"min":[1.03901826321e-24,4.88683632452e-24,1.17250072672e-24,2.13355468337e-25,1.19858792299e-23,1.44320745769e-23,1.52439213112e-23,1.04535697752e-23,4.80604276833e-24,3.46062487503e-23,2.19032973242e-23,3.8843375289e-23,3.25973481909e-23,3.93324942938e-23,5.32795203882e-23,7.39118933744e-23,6.43379997495e-23,1.02054821712e-22,1.26889374699e-22,2.1808174583e-22,2.43678149124e-22,3.50943315074e-22,3.73415778697e-22,6.3547095379e-22,8.97585577442e-22,1.39797340346e-21,1.99513237445e-21],"var":[6.43784026089e-10,0.0000111374110929,0.00000414923260905,0.0000268869898719,0.0000253122434515,0.00000400031149184,0.00000208421397474,0.00000128652004605,0.00000977959643933,0.0000040793406697,0.00000525416862729,0.0000290919197141,0.00000538224639968,0.0000112495599751,0.00000335362778969,0.00000193007190319,0.00000400453336624,7.40058567317e-7,1.18147049477e-7,7.59950893325e-8,4.99481842553e-8,5.12314173307e-8,4.38264624592e-9,5.58390056415e-10,1.33471156349e-9,1.8624650433e-10,1.55129312174e-11]},"barkbands_crest":{"dmean":2.08972096443,"dmean2":3.34782671928,"dvar":3.95004367828,"dvar2":9.69977283478,"max":25.9334583282,"mean":8.91819095612,"median":8.11992549896,"min":2.94279885292,"var":12.0097455978},"barkbands_flatness_db":{"dmean":0.0208691526204,"dmean2":0.0277994126081,"dvar":0.000413182307966,"dvar2":0.00075832096627,"max":0.319931536913,"mean":0.153020247817,"median":0.151892259717,"min":0.0250174757093,"var":0.00182600540575},"barkbands_kurtosis":{"dmean":1.4162273407,"dmean2":2.26316690445,"dvar":7.02423191071,"dvar2":16.8869552612,"max":49.9880256653,"mean":0.595286726952,"median":-0.668999195099,"min":-1.97669124603,"var":12.2403554916},"barkbands_skewness":{"dmean":0.488997548819,"dmean2":0.72344994545,"dvar":0.292267471552,"dvar2":0.604061722755,"max":5.11562299728,"mean":0.359414637089,"median":0.328287363052,"min":-5.11147785187,"var":1.13236153126},"barkbands_spread":{"dmean":4.87095308304,"dmean2":7.38702774048,"dvar":36.8361968994,"dvar2":73.0746154785,"max":161.550308228,"mean":25.9984912872,"median":25.9632797241,"min":1.16511070728,"var":166.536773682},"dissonance":{"dmean":0.0194849930704,"dmean2":0.0330865010619,"dvar":0.000441221811343,"dvar2":0.00118507409934,"max":0.500000059605,"mean":0.468218505383,"median":0.476719856262,"min":0.196007087827,"var":0.0008147424669},"dynamic_complexity":3.40052342415,"erbbands":{"dmean":[0.0168207101524,0.39504006505,1.22210979462,4.31261730194,9.90509414673,3.69265770912,4.63577079773,7.00098609924,5.83575057983,5.78342723846,6.20883083344,16.603717804,15.3368339539,9.38352680206,22.5280342102,41.4972572327,27.9578380585,45.1511802673,30.1625709534,30.3672351837,20.2145900726,23.189207077,12.8753614426,6.15273094177,6.14787769318,4.88237905502,2.51101255417,2.84020495415,2.68302345276,1.12265908718,0.447909504175,0.203792497516,0.132976382971,0.12197496742,0.0876915901899,0.0332610271871,0.0082053784281,0.00233407737687,0.000222519098315,0.0000189702477655],"dmean2":[0.0267109218985,0.64848959446,2.01334786415,6.90771627426,15.5304660797,5.91208457947,7.2429766655,11.1306819916,8.98565769196,9.01358699799,9.72431945801,24.9971141815,22.5810127258,14.1814432144,31.9678134918,62.2787895203,41.1233940125,68.5684661865,44.6754455566,45.8474311829,29.281791687,33.5342826843,18.7588977814,9.44339752197,9.32514381409,7.45185947418,3.71238327026,4.22597885132,4.00641727448,1.61704611778,0.644905984402,0.293212503195,0.189472526312,0.173173680902,0.126112222672,0.0483103133738,0.0119680734351,0.00343205523677,0.000327972287778,0.0000266158858722],"dvar":[0.000673769565765,0.368183344603,2.75411772728,60.729347229,738.992736816,60.2812232971,98.8074111938,238.138122559,179.449417114,302.619812012,548.183776855,3361.80419922,1985.51965332,491.882873535,4475.70703125,11645.2363281,5339.67480469,7633.38867188,2965.43457031,2730.37231445,1981.17102051,1825.20080566,989.417114258,97.0698547363,160.070800781,72.5892105103,16.1004810333,38.7136878967,29.4936199188,10.2157907486,0.911129057407,0.152404308319,0.0938056334853,0.111790046096,0.0432551391423,0.00547161931172,0.000317348807584,0.00003043930883,2.96692974189e-7,1.247110748e-9],"dvar2":[0.00162242131773,0.93922829628,6.92772340775,149.959503174,1741.04394531,149.007156372,240.828933716,575.727783203,406.918731689,634.774841309,1230.05297852,6980.91796875,4066.33764648,1034.05114746,8365.140625,24314.1015625,11253.6660156,17716.3613281,6547.24902344,6364.84667969,3954.78881836,3447.90893555,2129.17993164,225.567855835,365.494018555,171.698043823,33.647895813,83.42162323,65.0106658936,23.3096733093,1.97428655624,0.322062283754,0.180064722896,0.219793140888,0.0868851691484,0.0114163039252,0.000684926169924,0.0000668782013236,6.48056527552e-7,2.59956989268e-9],"max":[0.316557049751,8.04638004303,21.0713577271,108.0703125,317.681854248,93.3204269409,270.36239624,482.034729004,434.939453125,872.240600586,565.700866699,1356.43078613,1170.3638916,712.46472168,1914.91247559,2356.94995117,1654.0534668,1836.21484375,1038.48620605,1111.26452637,2098.52783203,1615.51513672,1541.57983398,275.138366699,294.644134521,232.169708252,106.332389832,214.587844849,147.93031311,117.905830383,29.7476997375,10.0815591812,8.35547351837,13.891702652,8.00061988831,1.97592926025,0.221093416214,0.0744221657515,0.00735864741728,0.000515964697115],"mean":[0.0426901876926,0.834965109825,2.49215483665,7.00897073746,12.2615318298,6.26967954636,7.57263183594,10.9059429169,8.79954242706,8.31373405457,8.73292446136,25.1888160706,27.8247871399,18.1203308105,49.0573692322,88.8909683228,52.9463500977,107.42540741,69.8909606934,81.7133331299,50.1139221191,57.575378418,27.7545566559,11.8347187042,11.5837802887,9.62746906281,5.29622840881,5.99464559555,5.28283166885,2.0416996479,0.69516658783,0.28217458725,0.170538321137,0.139200091362,0.0933928862214,0.0352774709463,0.00821532402188,0.00219884235412,0.000221892943955,0.0000418387171521],"median":[0.0226891152561,0.537990748882,2.15111398697,3.74885416031,3.97737669945,2.34724354744,3.92766141891,5.49938726425,3.76434445381,2.98217439651,3.16251707077,4.5165719986,7.92986011505,8.17786598206,9.87440490723,28.0430355072,21.7543067932,47.0673484802,41.4667282104,48.905960083,28.9537029266,29.7404251099,14.2279396057,6.72356987,6.27368927002,5.20786094666,2.54179477692,2.20120429993,2.41841888428,0.650434792042,0.162803724408,0.0657120049,0.0329531766474,0.0179859362543,0.00883598998189,0.00331341777928,0.000703104655258,0.00013116527407,0.000032555180951,0.0000313548916893],"min":[1.64364622209e-22,8.37617305438e-22,1.90956542723e-21,5.92026694946e-21,2.05539841935e-20,2.89480094857e-20,4.95381925246e-20,8.89497104105e-20,1.55791196568e-19,2.38463168354e-19,3.97971947239e-19,1.51637728842e-19,5.56439124788e-19,7.06595360228e-19,1.37355419006e-18,1.79201793431e-18,2.06169308287e-18,2.70372317058e-18,2.30548326852e-18,2.96055820128e-18,4.392809231e-18,4.42995998026e-18,6.31392048722e-18,6.47733456673e-18,8.31476492346e-18,9.08418682256e-18,1.04314167134e-17,1.00991200634e-17,1.24425252203e-17,1.23009209984e-17,9.58589254359e-18,1.17303996407e-17,9.49254190274e-18,8.91632209777e-18,6.88625212972e-18,4.83913024694e-18,2.42138760915e-18,9.62368497821e-19,2.72390239672e-19,2.85625174709e-20],"var":[0.00258150836453,0.797879517078,4.78523588181,81.5309448242,763.377929688,102.82308197,153.196899414,403.936157227,292.875823975,725.698852539,771.799621582,6523.23291016,5079.7109375,1062.95239258,22580.1582031,46651.34375,9907.40332031,22983.0195312,8248.09960938,9421.70507812,5954,7244.31640625,2890.67211914,237.837966919,333.801605225,176.873657227,51.9137229919,134.164428711,83.0004882812,22.1895389557,2.10462164879,0.310320258141,0.173594802618,0.172481462359,0.0625089481473,0.00746600702405,0.000373091344954,0.0000327319503413,3.18835049029e-7,1.81035442193e-9]},"erbbands_crest":{"dmean":2.7869758606,"dmean2":4.21124267578,"dvar":7.71753501892,"dvar2":16.8595752716,"max":33.4587783813,"mean":12.2043132782,"median":11.1504468918,"min":2.21891999245,"var":30.0869884491},"erbbands_flatness_db":{"dmean":0.0231971237808,"dmean2":0.0285635944456,"dvar":0.000546669354662,"dvar2":0.00083048234228,"max":0.412608712912,"mean":0.209353849292,"median":0.214195519686,"min":0.0309010278434,"var":0.00291246944107},"erbbands_kurtosis":{"dmean":1.51151323318,"dmean2":2.21080708504,"dvar":4.35835027695,"dvar2":8.86581230164,"max":58.2169532776,"mean":3.06981611252,"median":2.11610746384,"min":-1.65412569046,"var":16.1574878693},"erbbands_skewness":{"dmean":0.368118882179,"dmean2":0.539690554142,"dvar":0.146701604128,"dvar2":0.306682348251,"max":4.536028862,"mean":-0.615258932114,"median":-0.686982154846,"min":-4.00843429565,"var":0.919321537018},"erbbands_spread":{"dmean":5.72048044205,"dmean2":8.3302526474,"dvar":47.7026252747,"dvar2":97.8679733276,"max":125.323394775,"mean":22.1626567841,"median":19.265045166,"min":0.880494236946,"var":182.552490234},"gfcc":{"cov":[[17083.1425781,1453.51464844,-1514.36706543,496.041046143,-664.055053711,246.758605957,-357.888946533,24.4111690521,-320.434417725,-6.63933563232,-245.589950562,-14.3261394501,-119.482086182],[1453.51464844,1307.06787109,-430.124847412,49.4386978149,210.168884277,-90.8694000244,150.388748169,-148.877197266,79.7240753174,-63.8096466064,14.7634735107,-59.7716712952,55.2854042053],[-1514.36706543,-430.124847412,1010.90216064,-165.634719849,-157.114089966,46.5692138672,-92.1348114014,195.855163574,-118.063972473,17.566942215,-6.3365111351,22.2836227417,-72.23802948],[496.041046143,49.4386978149,-165.634719849,321.594085693,103.252243042,-26.3501701355,8.9757976532,-36.2691612244,86.0240936279,11.4916963577,-14.7107934952,-10.553103447,6.96298313141],[-664.055053711,210.168884277,-157.114089966,103.252243042,389.240081787,-25.9051761627,48.4794311523,-68.4964447021,126.610855103,40.8013877869,0.229549527168,-9.71273040771,23.5909805298],[246.758605957,-90.8694000244,46.5692138672,-26.3501701355,-25.9051761627,180.678283691,65.1544952393,32.6429824829,-11.9739274979,14.8310146332,16.8278808594,11.4322986603,-4.00903272629],[-357.888946533,150.388748169,-92.1348114014,8.9757976532,48.4794311523,65.1544952393,204.885284424,-4.30649709702,18.2565402985,-18.605512619,40.5544166565,2.75474643707,26.0508842468],[24.4111690521,-148.877197266,195.855163574,-36.2691612244,-68.4964447021,32.6429824829,-4.30649709702,166.683029175,1.21984231472,6.19442081451,4.09332418442,25.5375041962,-17.6041164398],[-320.434417725,79.7240753174,-118.063972473,86.0240936279,126.610855103,-11.9739274979,18.2565402985,1.21984231472,182.962509155,35.0514221191,-2.20489478111,-11.3434314728,20.6127662659],[-6.63933563232,-63.8096466064,17.566942215,11.4916963577,40.8013877869,14.8310146332,-18.605512619,6.19442081451,35.0514221191,97.2781524658,17.085483551,-6.341152668,-6.21559810638],[-245.589950562,14.7634735107,-6.3365111351,-14.7107934952,0.229549527168,16.8278808594,40.5544166565,4.09332418442,-2.20489478111,17.085483551,77.8434143066,16.1884841919,-0.937019407749],[-14.3261394501,-59.7716712952,22.2836227417,-10.553103447,-9.71273040771,11.4322986603,2.75474643707,25.5375041962,-11.3434314728,-6.341152668,16.1884841919,72.052696228,15.3303842545],[-119.482086182,55.2854042053,-72.23802948,6.96298313141,23.5909805298,-4.00903272629,26.0508842468,-17.6041164398,20.6127662659,-6.21559810638,-0.937019407749,15.3303842545,65.3934555054]],"icov":[[0.000284858979285,-0.000623501720838,0.000652986927889,-0.000627337023616,0.000632948300336,-0.000982825178653,0.000978387543,-0.000870795280207,0.000951496826019,-0.000820880930405,0.00102612341288,-0.000540994515177,0.000686538522132],[-0.000623501720838,0.00251813349314,-0.00118294393178,0.00157809816301,-0.00179002131335,0.00271731405519,-0.00279668346047,0.00221411627717,-0.00220526498742,0.00255900504999,-0.00255569303408,0.00204655970447,-0.00179844070226],[0.000652986927889,-0.00118294393178,0.00312807830051,-0.000980211538263,0.00123301707208,-0.00228933687322,0.00260382774286,-0.00363294128329,0.00300439447165,-0.00205048918724,0.00244740722701,-0.000986773404293,0.00227706762962],[-0.000627337023616,0.00157809816301,-0.000980211538263,0.0052942559123,-0.00186000298709,0.00254368875176,-0.00239388993941,0.00223969761282,-0.00345988431945,0.00186555378605,-0.00150117906742,0.00101970287506,-0.000736030342523],[0.000632948300336,-0.00179002131335,0.00123301707208,-0.00186000298709,0.00553465308622,-0.00175549532287,0.00116738036741,-0.000278177380096,-0.000160185445566,-0.00347135239281,0.0031288897153,-0.00237383786589,0.00190760439727],[-0.000982825178653,0.00271731405519,-0.00228933687322,0.00254368875176,-0.00175549532287,0.0107956267893,-0.00671625742689,0.00252676242962,-0.00299602001905,0.00103053054772,-0.00284841842949,0.00113029801287,-0.00150538329035],[0.000978387543,-0.00279668346047,0.00260382774286,-0.00239388993941,0.00116738036741,-0.00671625742689,0.011594302021,-0.00412083789706,0.00337705900893,-0.0000458067079308,-0.000842087029014,-0.000260981760221,-0.000297501857858],[-0.000870795280207,0.00221411627717,-0.00363294128329,0.00223969761282,-0.000278177380096,0.00252676242962,-0.00412083789706,0.0124157844111,-0.00577413802966,0.00232465751469,-0.00240899459459,-0.00171519105788,-0.0000667370040901],[0.000951496826019,-0.00220526498742,0.00300439447165,-0.00345988431945,-0.000160185445566,-0.00299602001905,0.00337705900893,-0.00577413802966,0.0122882816941,-0.00505366967991,0.00366701139137,-0.0000328450951201,-0.0000289816271106],[-0.000820880930405,0.00255900504999,-0.00205048918724,0.00186555378605,-0.00347135239281,0.00103053054772,-0.0000458067079308,0.00232465751469,-0.00505366967991,0.0165465511382,-0.00789497140795,0.00429947208613,-0.00212287157774],[0.00102612341288,-0.00255569303408,0.00244740722701,-0.00150117906742,0.0031288897153,-0.00284841842949,-0.000842087029014,-0.00240899459459,0.00366701139137,-0.00789497140795,0.0210363324732,-0.00711429677904,0.00534545117989],[-0.000540994515177,0.00204655970447,-0.000986773404293,0.00101970287506,-0.00237383786589,0.00113029801287,-0.000260981760221,-0.00171519105788,-0.0000328450951201,0.00429947208613,-0.00711429677904,0.0196383353323,-0.00763621460646],[0.000686538522132,-0.00179844070226,0.00227706762962,-0.000736030342523,0.00190760439727,-0.00150538329035,-0.000297501857858,-0.0000667370040901,-0.0000289816271106,-0.00212287157774,0.00534545117989,-0.00763621460646,0.0216548852623]],"mean":[-32.4256057739,114.70929718,-147.946334839,36.5161895752,-27.2068996429,9.44443321228,-28.7077140808,-10.3104085922,-19.1220607758,0.995833098888,-20.3434696198,-1.24674940109,-9.54141712189]},"hfc":{"dmean":5.77408075333,"dmean2":7.94660234451,"dvar":53.2367706299,"dvar2":97.9147033691,"max":147.567092896,"mean":23.8730716705,"median":21.0671901703,"min":1.06671246414e-16,"var":271.254547119},"melbands":{"dmean":[0.00027674602461,0.000593956036028,0.000962514081039,0.000474566040793,0.000153852699441,0.000149631756358,0.0000850058058859,0.0000628016423434,0.0000532029007445,0.000111218090751,0.0000770740225562,0.0000392445326725,0.000063312749262,0.000117021052574,0.0000889576767804,0.0000628219058854,0.0000972232664935,0.0000595419296587,0.000041428815166,0.0000389774540963,0.0000288765768346,0.0000313273994834,0.0000171471092472,0.00000705745060259,0.00000550568802282,0.00000497188239024,0.00000408771529692,0.00000334699416271,0.00000200673161999,0.00000135119364586,0.0000020412453523,0.00000194078756977,9.56454300649e-7,5.54120333618e-7,3.06100531589e-7,1.44743708574e-7,1.19070740823e-7,8.84713458049e-8,1.06238303488e-7,1.02120843337e-7],"dmean2":[0.000447041908046,0.000972206587903,0.00152061099652,0.000741452444345,0.000240232839133,0.000236623076489,0.000130046100821,0.0000984303769656,0.0000832869118312,0.000167104619322,0.000113709073048,0.0000590263080085,0.000091157737188,0.000169938080944,0.000126475206343,0.0000944305429584,0.000149271872942,0.0000879920407897,0.0000622867082711,0.0000568416107853,0.0000417063565692,0.0000456983361801,0.000024742585083,0.0000103418788058,0.0000086676900537,0.00000773254942033,0.00000619470347374,0.00000517832631886,0.00000305517392007,0.00000202972250918,0.00000308605513055,0.00000293638822768,0.00000143181296153,8.02982128789e-7,4.5089291234e-7,2.1219669577e-7,1.7460385493e-7,1.28870567551e-7,1.52244780338e-7,1.46793126987e-7],"dvar":[1.87862482903e-7,6.26904864021e-7,0.00000439375253336,0.00000143753425164,9.46490246179e-8,1.00946770942e-7,3.76099933419e-8,3.51134339382e-8,4.12287342044e-8,1.47734084521e-7,5.20492733358e-8,1.11872502373e-8,3.4874307886e-8,1.00750199294e-7,6.60359731341e-8,2.97712237085e-8,3.92203638455e-8,1.15910916421e-8,5.77051206818e-9,4.7693284877e-9,4.16446965801e-9,3.4576372876e-9,2.08432493487e-9,2.57730642383e-10,8.48209558146e-11,1.01105734895e-10,7.24107163119e-11,3.49170137248e-11,1.08578701585e-11,6.14973740334e-12,2.20555969321e-11,1.73650174101e-11,5.53351678714e-12,2.59111026905e-12,4.53648268039e-13,8.1198407915e-14,5.61250061725e-14,3.78928693165e-14,9.46508090004e-14,8.32338348635e-14],"dvar2":[4.69939152481e-7,0.00000153132180003,0.0000105447870737,0.00000338690756507,2.27433119449e-7,2.40960986275e-7,8.33565962921e-8,7.4830083463e-8,8.67535945304e-8,3.05797925648e-7,1.06004243605e-7,2.27573195843e-8,6.87123673515e-8,2.02126813065e-7,1.06865087446e-7,6.28585397067e-8,9.23261254115e-8,2.60292623011e-8,1.41351454985e-8,9.73835945217e-9,8.19028755927e-9,6.74779654375e-9,4.27928403823e-9,5.10786468677e-10,2.06893016608e-10,2.38934760866e-10,1.63287133814e-10,8.42867997619e-11,2.39830048182e-11,1.41757465141e-11,4.91237918399e-11,3.88277084096e-11,1.24716938166e-11,5.96510991643e-12,1.03010883244e-12,1.80505567091e-13,1.21825198041e-13,7.73381941713e-14,1.89938559672e-13,1.68882892696e-13],"max":[0.00551564292982,0.00949320849031,0.0251918938011,0.0142913991585,0.00743679283187,0.00945570319891,0.00724352383986,0.00842341315001,0.00556695507839,0.00902087520808,0.00576000381261,0.00374298845418,0.00577181857079,0.00714071514085,0.00635380158201,0.00341612612829,0.00422035576776,0.00171516509727,0.00181713711936,0.00140689965338,0.00310092116706,0.00210703071207,0.00267552840523,0.000516068539582,0.000268135539955,0.000272542616585,0.000205545351491,0.000197477158508,0.0000799269691925,0.000101930170786,0.000157077709446,0.000107585059595,0.0000816383035271,0.0000526135845575,0.0000198669640668,0.00000872431337484,0.00000544014028492,0.00000495015956403,0.0000109538887045,0.0000120841650642],"mean":[0.000637464807369,0.00128846219741,0.00141642277595,0.000664955645334,0.000260459491983,0.000239478235017,0.000130426837131,0.0000873184908414,0.0000719707168173,0.000166618381627,0.000135898430017,0.0000672023670631,0.000125446720631,0.000240363893681,0.000154759181896,0.000111709967314,0.000227335651289,0.00012065404735,0.000102388628875,0.0000873835160746,0.0000620438877377,0.0000739837705623,0.0000329035792674,0.0000140999618452,0.00000913998792385,0.00000841108976601,0.00000748408547224,0.00000609808512309,0.00000362710557056,0.00000254826181845,0.00000387820182368,0.00000348590037902,0.00000168752865193,8.94353263448e-7,4.45371455271e-7,1.95398641267e-7,1.58062618993e-7,1.12957152965e-7,1.25300942955e-7,1.12642268846e-7],"median":[0.000356651114998,0.00118017755449,0.000779054185841,0.000214961124584,0.000132170520374,0.000122654717416,0.0000554669459234,0.0000299366947729,0.0000233223763644,0.0000268396197498,0.000036278845073,0.0000272437937383,0.000026409070415,0.0000580919004278,0.0000583397631999,0.0000262093599304,0.0000732053158572,0.0000558624706173,0.0000578402868996,0.0000412171830249,0.0000278070201603,0.0000334828218911,0.00001499717564,0.00000697419818607,0.00000473464933748,0.00000428307839684,0.0000038879488784,0.00000311846292789,0.00000169291763541,0.00000102989645256,0.00000132386674068,0.00000150711969127,7.05284946889e-7,1.88428757042e-7,9.34499482241e-8,4.35359801543e-8,3.43805091063e-8,2.11518624837e-8,1.82142372296e-8,1.29541177785e-8],"min":[2.42707848633e-24,7.58905588675e-25,1.39755061425e-24,2.80815924306e-24,1.64213319082e-24,2.02336254922e-24,2.77426307325e-24,2.00051694019e-24,2.83097665031e-24,7.59326544575e-25,2.85695522043e-24,2.10075946757e-24,3.08286269836e-24,4.08225144931e-24,4.19179346347e-24,2.88623872331e-24,4.01582660008e-24,2.45109377887e-24,4.04944469641e-24,3.42159976828e-24,4.28173898945e-24,4.07656612877e-24,4.25923791542e-24,4.98795093763e-24,4.85120781617e-24,3.53507188747e-24,7.59666583068e-24,5.81546997151e-24,5.55928542039e-24,5.46783829768e-24,5.64826538063e-24,5.32195701149e-24,6.40789859488e-24,5.15426608785e-24,6.15621252307e-24,4.25557799525e-24,6.34831869172e-24,6.93294429744e-24,6.41377126989e-24,6.70361927685e-24],"var":[5.47622619251e-7,0.00000117568140467,0.0000048146230256,0.00000164886273524,1.63300740041e-7,1.75897582722e-7,7.09388956466e-8,7.44869339542e-8,6.66203519017e-8,2.8354764936e-7,1.32395427954e-7,2.0892523267e-8,1.46457381334e-7,4.0409003077e-7,1.58883281642e-7,6.17244779733e-8,1.2167031116e-7,2.99510496404e-8,1.97028509064e-8,1.55244297417e-8,1.27990471555e-8,1.3236195251e-8,5.13540099334e-9,7.83029030504e-10,1.69620317791e-10,2.01097236086e-10,1.41108125185e-10,8.0536972924e-11,2.77266525711e-11,1.93768265322e-11,6.56063953164e-11,4.29996420415e-11,1.27871940467e-11,5.23708030067e-12,9.49752754741e-13,1.51124623341e-13,1.1018808343e-13,7.19182133009e-14,1.46699438621e-13,1.21666565711e-13]},"melbands_crest":{"dmean":2.88661074638,"dmean2":4.67112398148,"dvar":7.49612092972,"dvar2":18.5727958679,"max":38.6096420288,"mean":12.6380701065,"median":12.1011724472,"min":1.59624087811,"var":17.8412284851},"melbands_flatness_db":{"dmean":0.0237087216228,"dmean2":0.0342532806098,"dvar":0.00059795047855,"dvar2":0.00124088546727,"max":0.45068398118,"mean":0.206602156162,"median":0.202589735389,"min":0.00291910837404,"var":0.00273039890453},"melbands_kurtosis":{"dmean":2.9723982811,"dmean2":4.75530576706,"dvar":30.7987442017,"dvar2":74.4867706299,"max":106.157180786,"mean":3.27372574806,"median":0.934436798096,"min":-1.8432264328,"var":51.3233032227},"melbands_skewness":{"dmean":0.614823400974,"dmean2":0.915515244007,"dvar":0.466460555792,"dvar2":0.974603593349,"max":8.92253017426,"mean":1.35647141933,"median":1.3224915266,"min":-4.0877571106,"var":1.69352054596},"melbands_spread":{"dmean":8.32680511475,"dmean2":12.6269025803,"dvar":96.5382080078,"dvar2":201.866729736,"max":283.858917236,"mean":37.4300003052,"median":36.0263633728,"min":1.60297238827,"var":414.52166748},"mfcc":{"cov":[[9269.32226562,740.641296387,-275.382629395,230.813522339,-150.129211426,163.32484436,-74.6452941895,15.4236593246,-57.8841438293,-83.6212844849,-27.152929306,-84.3438415527,-98.1570587158],[740.641296387,1275.66748047,-265.325775146,137.408050537,37.0161743164,104.263092041,41.2417297363,-10.9045095444,52.2083320618,-42.628818512,7.34778881073,-8.2038269043,15.4549808502],[-275.382629395,-265.325775146,767.850830078,-202.393386841,-46.9337348938,-176.851699829,70.4521484375,47.3305244446,-90.2203979492,24.7757015228,-22.04413414,-15.0187091827,37.5069274902],[230.813522339,137.408050537,-202.393386841,343.769348145,86.9332351685,71.9533081055,-53.8724517822,-14.8571977615,63.6297874451,-6.13822221756,36.5290794373,9.82781600952,-18.9150753021],[-150.129211426,37.0161743164,-46.9337348938,86.9332351685,221.543212891,31.2792644501,-61.1865310669,-29.2267570496,53.655708313,22.0730438232,27.2494182587,25.9553508759,1.00195336342],[163.32484436,104.263092041,-176.851699829,71.9533081055,31.2792644501,194.031356812,21.9141311646,-5.56293821335,52.159614563,2.25957322121,25.283706665,11.6952028275,-17.3429813385],[-74.6452941895,41.2417297363,70.4521484375,-53.8724517822,-61.1865310669,21.9141311646,168.944839478,42.6349563599,-26.9007225037,-8.60553741455,-5.05991029739,15.8722677231,13.0123739243],[15.4236593246,-10.9045095444,47.3305244446,-14.8571977615,-29.2267570496,-5.56293821335,42.6349563599,135.897216797,18.2496528625,2.40741920471,1.74294519424,8.83849906921,23.8964157104],[-57.8841438293,52.2083320618,-90.2203979492,63.6297874451,53.655708313,52.159614563,-26.9007225037,18.2496528625,122.867233276,25.2044582367,14.6632823944,12.5457162857,-3.38051486015],[-83.6212844849,-42.628818512,24.7757015228,-6.13822221756,22.0730438232,2.25957322121,-8.60553741455,2.40741920471,25.2044582367,115.574134827,27.2105693817,-2.91932201385,16.2984313965],[-27.152929306,7.34778881073,-22.04413414,36.5290794373,27.2494182587,25.283706665,-5.05991029739,1.74294519424,14.6632823944,27.2105693817,90.8732910156,22.8778934479,-9.84320068359],[-84.3438415527,-8.2038269043,-15.0187091827,9.82781600952,25.9553508759,11.6952028275,15.8722677231,8.83849906921,12.5457162857,-2.91932201385,22.8778934479,91.0301055908,19.3648929596],[-98.1570587158,15.4549808502,37.5069274902,-18.9150753021,1.00195336342,-17.3429813385,13.0123739243,23.8964157104,-3.38051486015,16.2984313965,-9.84320068359,19.3648929596,95.9744949341]],"icov":[[0.000123596808407,-0.0000747393714846,-0.0000181570558198,-0.0000780869086157,0.000124673795654,-0.000135984897497,0.000160227980814,-0.0000960271499935,0.000166788930073,-0.0000149262023115,0.0000691563327564,0.0000101716477729,0.000119909993373],[-0.0000747393714846,0.00096811709227,0.000266090792138,-0.000156643756782,-0.000212507206015,-0.00000248705896411,-0.000608850910794,0.000231747617363,-0.000372737122234,0.000441975163994,-0.000191416751477,0.00045181644964,-0.000539562432095],[-0.0000181570558198,0.000266090792138,0.00209672981873,0.000671170244459,-0.000547836243641,0.00156216253527,-0.000991871231236,-0.000422795128543,0.000531619938556,-0.000327924703015,-0.00024447918986,0.00048507982865,-0.000269323063549],[-0.0000780869086157,-0.000156643756782,0.000671170244459,0.00413344288245,-0.00105964788236,-0.000274341640761,0.000538262655027,-0.0000975713483058,-0.000929898757022,0.000690811837558,-0.00119773554616,0.000264421105385,0.0000842475856189],[0.000124673795654,-0.000212507206015,-0.000547836243641,-0.00105964788236,0.00645222887397,-0.000760929542594,0.00202891882509,0.00114970689174,-0.00158597051632,-0.000571853131987,-0.000452884676633,-0.0017180822324,-0.000257763749687],[-0.000135984897497,-0.00000248705896411,0.00156216253527,-0.000274341640761,-0.000760929542594,0.00814186129719,-0.00282284477726,0.000728435523342,-0.00249931123108,0.000121354518342,-0.00141814630479,0.000340315775247,0.000554572383408],[0.000160227980814,-0.000608850910794,-0.000991871231236,0.000538262655027,0.00202891882509,-0.00282284477726,0.00895399041474,-0.00233716215007,0.00213707471266,-0.000186157922144,0.000643671315629,-0.00218439823948,0.000205921693123],[-0.0000960271499935,0.000231747617363,-0.000422795128543,-0.0000975713483058,0.00114970689174,0.000728435523342,-0.00233716215007,0.00935417786241,-0.0032319414895,0.00074709294131,-0.000947687309235,0.000136234477395,-0.00224749022163],[0.000166788930073,-0.000372737122234,0.000531619938556,-0.000929898757022,-0.00158597051632,-0.00249931123108,0.00213707471266,-0.0032319414895,0.0125595331192,-0.00284433551133,0.00124173040967,-0.00137661513872,0.00124998926185],[-0.0000149262023115,0.000441975163994,-0.000327924703015,0.000690811837558,-0.000571853131987,0.000121354518342,-0.000186157922144,0.00074709294131,-0.00284433551133,0.0110126649961,-0.00402177125216,0.00235923659056,-0.00281387707219],[0.0000691563327564,-0.000191416751477,-0.00024447918986,-0.00119773554616,-0.000452884676633,-0.00141814630479,0.000643671315629,-0.000947687309235,0.00124173040967,-0.00402177125216,0.0143978055567,-0.00410650996491,0.00289013586007],[0.0000101716477729,0.00045181644964,0.00048507982865,0.000264421105385,-0.0017180822324,0.000340315775247,-0.00218439823948,0.000136234477395,-0.00137661513872,0.00235923659056,-0.00410650996491,0.0139520736411,-0.00354356248863],[0.000119909993373,-0.000539562432095,-0.000269323063549,0.0000842475856189,-0.000257763749687,0.000554572383408,0.000205921693123,-0.00224749022163,0.00124998926185,-0.00281387707219,0.00289013586007,-0.00354356248863,0.0129186809063]],"mean":[-664.63104248,141.545516968,-41.9660301208,35.5918388367,9.58992099762,25.3146152496,-2.27672672272,0.0534471198916,4.24027347565,-5.25357580185,-0.387489438057,-4.00872755051,0.754690587521]},"pitch_salience":{"dmean":0.063828766346,"dmean2":0.101119555533,"dvar":0.00353758432902,"dvar2":0.00906748510897,"max":0.868659615517,"mean":0.518174827099,"median":0.508645355701,"min":0.199624091387,"var":0.0111400047317},"silence_rate_20dB":{"dmean":0,"dmean2":0,"dvar":0,"dvar2":0,"max":1,"mean":1,"median":1,"min":1,"var":0},"silence_rate_30dB":{"dmean":0.000212449536775,"dmean2":0.000424944213592,"dvar":0.000212360799196,"dvar2":0.000637061253656,"max":1,"mean":0.999893784523,"median":1,"min":0,"var":0.000106191306259},"silence_rate_60dB":{"dmean":0.0104100275785,"dmean2":0.0208222679794,"dvar":0.0103005748242,"dvar2":0.0242122858763,"max":1,"mean":0.0577801391482,"median":0,"min":0,"var":0.0544436238706},"spectral_centroid":{"dmean":209.63130188,"dmean2":312.05670166,"dvar":71006.421875,"dvar2":145789.375,"max":11747.8066406,"mean":1605.55859375,"median":1571.96459961,"min":201.893035889,"var":687280.9375},"spectral_complexity":{"dmean":3.60973024368,"dmean2":5.07107210159,"dvar":14.7824287415,"dvar2":26.1198959351,"max":50,"mean":18.1618690491,"median":17,"min":0,"var":72.7417984009},"spectral_contrast_coeffs":{"dmean":[0.0504062362015,0.0449813976884,0.0429157949984,0.0397645607591,0.0306118968874,0.0238181911409],"dmean2":[0.0816161781549,0.0738099887967,0.0657761394978,0.0578660033643,0.0435211360455,0.0338824726641],"dvar":[0.00208754697815,0.00137919269037,0.00141147139948,0.00136787514202,0.000787538767327,0.00052324810531],"dvar2":[0.00506522785872,0.00361001654528,0.00299591268413,0.00249953195453,0.00145370804239,0.00103646528441],"max":[-0.322710067034,-0.406168341637,-0.446682989597,-0.419219493866,-0.501606345177,-0.534751057625],"mean":[-0.641810595989,-0.760117411613,-0.740519046783,-0.691996634007,-0.734110057354,-0.707104086876],"median":[-0.647770643234,-0.76522475481,-0.74707621336,-0.686214923859,-0.738174557686,-0.701836109161],"min":[-0.980398058891,-0.976342737675,-0.977285683155,-0.970131754875,-0.965220928192,-0.965300261974],"var":[0.0071784555912,0.00448314612731,0.00615473231301,0.00750599429011,0.00472831586376,0.00377295189537]},"spectral_contrast_valleys":{"dmean":[0.413125753403,0.411151587963,0.382829546928,0.389863401651,0.38983643055,0.456493854523],"dmean2":[0.665255486965,0.629506409168,0.570301473141,0.552260696888,0.510749280453,0.51358550787],"dvar":[0.156450837851,0.167769521475,0.139833182096,0.147207990289,0.16513119638,0.249685183167],"dvar2":[0.338197261095,0.326164484024,0.260266214609,0.273858517408,0.274810940027,0.347983777523],"max":[-5.67334032059,-4.96094751358,-5.31229877472,-5.61819934845,-5.97439479828,-8.38946819305],"mean":[-7.49474000931,-7.19158267975,-7.67233562469,-7.91740512848,-8.10336685181,-11.3907747269],"median":[-7.16126346588,-6.94499444962,-7.42085123062,-7.66687440872,-7.80613851547,-11.2948513031],"min":[-28.3708057404,-27.9529056549,-27.7881145477,-27.6818752289,-27.4086303711,-27.379611969],"var":[3.11359858513,3.15223145485,3.16200757027,3.07463955879,3.04030632973,2.50992774963]},"spectral_decrease":{"dmean":1.84969062289e-9,"dmean2":2.69346611681e-9,"dvar":7.71183959242e-18,"dvar2":1.64899183031e-17,"max":5.64149671497e-16,"mean":-6.22289464403e-9,"median":-5.7057509828e-9,"min":-3.42306414325e-8,"var":1.7738557364e-17},"spectral_energy":{"dmean":0.00739053962752,"dmean2":0.010689704679,"dvar":0.000118085234135,"dvar2":0.000249744247412,"max":0.13359464705,"mean":0.0256519913673,"median":0.0234782770276,"min":1.01098256804e-20,"var":0.000289184623398},"spectral_energyband_high":{"dmean":0.000179496812052,"dmean2":0.000253608857747,"dvar":8.61917115458e-8,"dvar2":1.72435733248e-7,"max":0.0073977727443,"mean":0.000420553260483,"median":0.000199717993382,"min":7.07668604455e-21,"var":3.43138026437e-7},"spectral_energyband_low":{"dmean":0.00274602882564,"dmean2":0.00437620235607,"dvar":0.0000137477945827,"dvar2":0.0000312019365083,"max":0.0656093731523,"mean":0.00676830578595,"median":0.00565399741754,"min":3.38650255775e-23,"var":0.0000336371740559},"spectral_energyband_middle_high":{"dmean":0.00280611519702,"dmean2":0.00407378794625,"dvar":0.0000155125489982,"dvar2":0.0000301727595797,"max":0.0565446652472,"mean":0.0108715109527,"median":0.00916407257318,"min":1.31947535677e-21,"var":0.0000768414756749},"spectral_energyband_middle_low":{"dmean":0.00494383228943,"dmean2":0.0073533761315,"dvar":0.000099772347312,"dvar2":0.000225606607273,"max":0.119792662561,"mean":0.00933560915291,"median":0.00597943598405,"min":1.4046155618e-22,"var":0.000142051503644},"spectral_entropy":{"dmean":0.196537062526,"dmean2":0.256203353405,"dvar":0.0386432334781,"dvar2":0.0668780431151,"max":9.82009506226,"mean":7.24245071411,"median":7.27924966812,"min":5.53597640991,"var":0.236321926117},"spectral_flux":{"dmean":0.027630282566,"dmean2":0.0433997362852,"dvar":0.000877972517628,"dvar2":0.00218138378114,"max":0.315998792648,"mean":0.081906363368,"median":0.0744455754757,"min":6.48121278868e-11,"var":0.00225008558482},"spectral_kurtosis":{"dmean":2.82716488838,"dmean2":4.87763595581,"dvar":9.36645412445,"dvar2":25.8051662445,"max":32.8859863281,"mean":6.39721727371,"median":5.44394397736,"min":-1.24801814556,"var":15.7828979492},"spectral_rms":{"dmean":0.00068155588815,"dmean2":0.000962715712376,"dvar":7.46580155919e-7,"dvar2":0.00000144405794344,"max":0.0114164892584,"mean":0.00467311823741,"median":0.00478598335758,"min":3.14058024378e-12,"var":0.00000318818911182},"spectral_rolloff":{"dmean":288.918212891,"dmean2":476.764953613,"dvar":286172.90625,"dvar2":604272.9375,"max":21533.203125,"mean":2000.1796875,"median":1787.25585938,"min":107.666015625,"var":4536653},"spectral_skewness":{"dmean":0.298604995012,"dmean2":0.497442871332,"dvar":0.083387978375,"dvar2":0.222372427583,"max":4.20550584793,"mean":1.57045459747,"median":1.54519498348,"min":-0.0894166082144,"var":0.223933070898},"spectral_spread":{"dmean":432221.375,"dmean2":571262.125,"dvar":362475323392,"dvar2":620713148416,"max":42403948,"mean":3396257.75,"median":2898072,"min":1547436,"var":8089562513410},"spectral_strongpeak":{"dmean":1.09445607662,"dmean2":1.88138616085,"dvar":2.56104373932,"dvar2":6.09216880798,"max":21.6744670868,"mean":1.90851390362,"median":0.602433025837,"min":0,"var":5.29636383057},"zerocrossingrate":{"dmean":0.00727660441771,"dmean2":0.00855578947812,"dvar":0.0000882009771885,"dvar2":0.000110520370072,"max":0.74951171875,"mean":0.0669649615884,"median":0.05908203125,"min":0.00439453125,"var":0.00316131021827}},"metadata":{"audio_properties":{"analysis_sample_rate":44100,"bit_rate":0,"codec":"flac","downmix":"mix","equal_loudness":0,"length":218.57333374,"lossless":true,"md5_encoded":"01b13085f8a30d47ca8954d52a57b139","replay_gain":-13.1672039032,"sample_rate":44100},"tags":{"acoustid_id":["88c4be8a-eb20-4c8d-9a5d-14fef41c2991"],"album":["Green River"],"albumartist":["Creedence Clearwater Revival"],"albumartistsort":["Creedence Clearwater Revival"],"artist":["Creedence Clearwater Revival"],"artistsort":["Creedence Clearwater Revival"],"date":["1969"],"file_name":"03 - Tombstone Shadow.flac","musicbrainz_albumartistid":["109958eb-a335-4c5e-907e-597ff4c6af46"],"musicbrainz_albumid":["93912645-7b45-4038-b9b4-ae354ce5b198"],"musicbrainz_artistid":["109958eb-a335-4c5e-907e-597ff4c6af46"],"musicbrainz_recordingid":["63137644-545f-40f0-8b43-369f37516e05"],"musicbrainz_releasegroupid":["6c08878c-d6a1-37b6-84c3-9566748545c1"],"title":["Tombstone Shadow"],"totaltracks":["14"],"tracknumber":["3"],"tracktotal":["14"]},"version":{"essentia":"2.1-beta1","essentia_build_sha":"ca57ba49d9b1854bd80e60cf9ccf267278fb7d6b","essentia_git_sha":"v2.1_beta1-28-g21ef5f4-dirty","extractor":"music 1.0"}},"rhythm":{"beats_count":401,"beats_loudness":{"dmean":0.0171745419502,"dmean2":0.0323232188821,"dvar":0.000185623357538,"dvar2":0.000616585544776,"max":0.103517279029,"mean":0.0411173813045,"median":0.0404504947364,"min":0,"var":0.000308711081743},"beats_loudness_band_ratio":{"dmean":[0.173407748342,0.108730204403,0.0660977438092,0.111012674868,0.115086659789,0.0236286707222],"dmean2":[0.30107614398,0.195646092296,0.1152144894,0.190135791898,0.205453023314,0.0404812470078],"dvar":[0.0147830219939,0.00632071774453,0.00761745171621,0.013777339831,0.00830264296383,0.0035046944