{"lowlevel":{"average_loudness":0.888899743557,"barkbands":{"dmean":[0.00199873303063,0.00473996950313,0.00138792349026,0.000789189420175,0.000744443270378,0.000896697107237,0.000375805568183,0.000238295047893,0.000287147791823,0.000395357754314,0.000379824545234,0.00063565565506,0.000628059438895,0.000402095844038,0.000511988007929,0.000437458133092,0.000304685207084,0.000288400042336,0.000257284729742,0.000233468745137,0.000195104992599,0.000181464944035,0.000102034318843,0.0000371262685803,0.00000171999192844,0.0000644909232506,0.000465852936031],"dmean2":[0.00343102100305,0.0080203358084,0.00234342063777,0.0012963413028,0.00123031926341,0.00136764917988,0.000606408284511,0.000389895052649,0.000469802966109,0.000647000968456,0.000634992204141,0.00104763684794,0.00104136310983,0.000673446396831,0.00085786433192,0.000736808520742,0.000510810234118,0.000475927139632,0.000423879740993,0.00037953275023,0.000299302802887,0.000267240247922,0.000152320964844,0.0000562129644095,0.00000283641998067,0.0000943299819482,0.000706201186404],"dvar":[0.0000203003273782,0.0000663768441882,0.00000667821814204,0.00000199299256565,0.00000152532550146,0.0000022719905246,5.46642354493e-7,2.32876644191e-7,3.00807357689e-7,5.1517929478e-7,6.18836452304e-7,0.00000136659980399,0.00000148727679061,3.99734261691e-7,5.26531664491e-7,3.81567531349e-7,2.27577999112e-7,2.52308495874e-7,2.51993412803e-7,1.94051068547e-7,1.53945094894e-7,1.81380656272e-7,6.30578753658e-8,8.60064996999e-9,7.73140579335e-12,2.29909584704e-8,2.64918980974e-7],"dvar2":[0.0000539779684914,0.000182782241609,0.0000184772961802,0.00000524890037923,0.00000400057706429,0.00000470990698886,0.00000128495321405,5.9145799014e-7,7.52612606902e-7,0.00000129155159811,0.00000160922991199,0.00000356144437319,0.00000379380821869,0.00000105225421976,0.00000139252233566,0.00000103217337255,5.92680635236e-7,6.50905747079e-7,6.55476014799e-7,4.89799276693e-7,3.44935926933e-7,3.89390976352e-7,1.35124281542e-7,1.85956103849e-8,1.92550055761e-11,4.89363571887e-8,5.81028473334e-7],"max":[0.0649441182613,0.119054324925,0.059103358537,0.029350053519,0.0328226648271,0.0517216399312,0.0288645196706,0.0184365063906,0.019630625844,0.023535342887,0.0358462184668,0.0445995777845,0.0388404354453,0.0164322778583,0.0201583839953,0.0183602180332,0.00775385648012,0.00925526767969,0.00750210275874,0.00686991401017,0.00891920924187,0.00965829566121,0.00580898392946,0.00185150816105,0.0000393687732867,0.00296396086924,0.0104770567268],"mean":[0.0021017359104,0.00694865826517,0.0020355663728,0.00125878071412,0.00113940262236,0.00181051041,0.000637283839751,0.000367802393157,0.000442527903942,0.000600291707087,0.000560102635063,0.00103858439252,0.00103517307434,0.000675811083056,0.000953840091825,0.000852158933412,0.000596235855483,0.000579673156608,0.000529027485754,0.000465842400445,0.000389992899727,0.000293022341793,0.000137355833431,0.0000410562024626,0.00000182001690519,0.0000859146821313,0.00202207709663],"median":[0.00074047583621,0.0045546926558,0.00093414040748,0.00046719313832,0.000620841863565,0.000885345449205,0.000365258194506,0.000205504416954,0.000242149370024,0.000326666166075,0.000316189252771,0.000602528802119,0.000618102552835,0.000467110367026,0.00072325282963,0.000671158079058,0.000406329374528,0.000324055174133,0.000266176182777,0.000233780403505,0.00017811357975,0.0000973961141426,0.0000338956051564,0.00000602108866588,7.57237557991e-7,0.0000217906781472,0.00183056271635],"min":[4.2117435191e-23,7.5573805576e-24,1.31869396796e-23,1.85828476678e-23,1.58284877524e-23,3.35952162152e-23,8.78008877051e-23,6.99118258486e-23,1.53060283303e-22,4.59145666712e-23,5.19871800543e-23,3.16642456468e-23,1.1319165705e-22,6.51559790885e-23,1.32007996501e-22,1.70188447796e-22,1.39607137778e-22,1.12668257306e-22,2.90949067459e-22,4.04960975767e-22,5.95220518859e-22,5.87276626435e-22,6.37973548748e-22,8.03439105237e-22,1.22099047776e-21,1.83639124502e-21,2.57819554963e-21],"var":[0.000018385147996,0.0000772439379944,0.0000112198704301,0.00000495059202876,0.00000230618093155,0.0000078842149378,0.00000130103296669,3.70096245206e-7,4.84947861423e-7,8.58965165662e-7,7.5965385804e-7,0.00000212152372114,0.00000264533764494,6.18388412477e-7,9.78910975391e-7,7.30236592972e-7,4.30914241178e-7,5.0300343446e-7,4.92439312438e-7,3.82171862157e-7,3.42495894756e-7,3.40662438703e-7,9.67464899304e-8,1.13584857075e-8,8.65800660332e-12,3.41747785626e-8,0.0000024217997634]},"barkbands_crest":{"dmean":2.5401134491,"dmean2":4.11164283752,"dvar":5.84905099869,"dvar2":14.856095314,"max":26.1166172028,"mean":8.59873104095,"median":7.66141366959,"min":2.01156163216,"var":17.9817123413},"barkbands_flatness_db":{"dmean":0.0203176029027,"dmean2":0.0316119790077,"dvar":0.000441366079031,"dvar2":0.001071466133,"max":0.320627689362,"mean":0.0995069667697,"median":0.0911190360785,"min":0.0199451576918,"var":0.00187970709521},"barkbands_kurtosis":{"dmean":2.23889422417,"dmean2":3.53346323967,"dvar":24.7378463745,"dvar2":56.8224449158,"max":151.993835449,"mean":2.641040802,"median":0.0557987689972,"min":-1.88243699074,"var":64.9282302856},"barkbands_skewness":{"dmean":0.51578950882,"dmean2":0.78769081831,"dvar":0.392392039299,"dvar2":0.903130710125,"max":10.4177837372,"mean":1.13849592209,"median":0.900672078133,"min":-3.21743988991,"var":1.74731230736},"barkbands_spread":{"dmean":10.0792379379,"dmean2":15.6789083481,"dvar":109.370941162,"dvar2":249.24256897,"max":132.305419922,"mean":51.9307823181,"median":53.8981781006,"min":1.26276838779,"var":473.556182861},"dissonance":{"dmean":0.00967127457261,"dmean2":0.01637782529,"dvar":0.000169356906554,"dvar2":0.000449200480944,"max":0.500000119209,"mean":0.483419954777,"median":0.489271193743,"min":0.102117240429,"var":0.00041090499144},"dynamic_complexity":3.21009778976,"erbbands":{"dmean":[0.225860551,0.829502642155,1.52673745155,2.23764514923,2.05911803246,2.77622795105,3.95245409012,9.19957256317,6.58354854584,4.85451507568,5.8226890564,6.0972867012,8.48019313812,12.7874279022,18.5364608765,26.5861377716,27.3498191833,18.6351985931,23.1116123199,25.3252067566,19.8062438965,16.9699268341,14.3911142349,14.0190038681,11.9621133804,11.2790880203,9.36245918274,6.57550907135,6.4608745575,5.14100265503,2.65984654427,1.22301959991,0.368801504374,0.0325674600899,0.0133302826434,0.0526078119874,0.144373446703,0.138850167394,0.0433624945581,0.00947911292315],"dmean2":[0.385424971581,1.41198718548,2.57677483559,3.65452408791,3.37909841537,4.63614702225,6.38034677505,13.9427108765,10.3867082596,8.01133728027,9.55007171631,10.0277004242,13.7843055725,21.0089626312,30.6699199677,43.6995620728,45.080291748,30.8539390564,38.7011833191,42.1826438904,33.2591705322,28.3172168732,23.7383422852,22.9330005646,19.5802116394,18.4143276215,14.7808570862,9.91842842102,9.60195064545,7.66555976868,3.96885085106,1.83029127121,0.56560331583,0.0516827553511,0.0216557029635,0.0799868404865,0.210919067264,0.198553994298,0.0623566247523,0.014571223408],"dvar":[0.202331483364,1.63509011269,7.02819252014,14.5405139923,11.2633304596,24.7800960541,62.6908149719,248.843032837,175.562942505,102.650840759,136.235305786,146.121612549,235.606918335,562.124267578,1743.22375488,2132.24243164,3040.92700195,850.963623047,1108.53430176,1361.01220703,797.807617188,670.16027832,614.614074707,710.758361816,558.217163086,429.684234619,362.911437988,171.09425354,231.567810059,167.431396484,41.9371261597,8.99614524841,0.887482583523,0.00317696086131,0.000404251826694,0.0171287879348,0.118013359606,0.092243745923,0.00364748458378,0.000114395763376],"dvar2":[0.561148583889,4.49194478989,19.3498535156,37.8226623535,29.0330905914,64.7278289795,142.208786011,503.4375,401.256561279,270.547973633,341.439208984,368.069824219,581.415405273,1442.82629395,4353.70019531,5543.10253906,7696.63671875,2209.66748047,2925.88110352,3599.83300781,2130.79516602,1730.30688477,1581.43505859,1844.52514648,1419.44506836,1093.1418457,864.266601562,370.595916748,501.217498779,364.669494629,88.8946456909,19.2261104584,1.95508110523,0.00717941904441,0.000989292748272,0.0377708785236,0.251753181219,0.195429816842,0.00729889282957,0.000266622751951],"max":[5.92765760422,19.6620750427,50.8032836914,71.0014419556,71.6272354126,138.551773071,286.418884277,627.633666992,527.430053711,480.805145264,446.115142822,504.595184326,381.770843506,749.098083496,1831.12207031,1406.90734863,1680.83642578,850.284057617,681.856506348,1205.82983398,680.40435791,383.837524414,441.441192627,382.286407471,355.106903076,345.907501221,488.251647949,386.550628662,409.778656006,259.473510742,141.697723389,61.9842910767,15.8145132065,1.04721188545,0.278525114059,2.46307945251,6.92491531372,6.22807073593,1.2316429615,0.245173603296],"mean":[0.288313865662,1.21114313602,2.25156188011,4.05467557907,3.20144701004,3.91024279594,6.90315151215,18.058259964,12.1432733536,7.93919849396,9.09553432465,9.55334472656,13.5304737091,20.6162071228,29.8015708923,45.0628013611,47.2072639465,34.9528808594,45.2580718994,50.986415863,41.4694366455,35.2379074097,30.4221057892,29.2827548981,25.1848926544,22.7153167725,18.3508472443,13.0469455719,10.6017093658,7.24432992935,3.5992372036,1.47643077374,0.378769665956,0.0365849845111,0.0152871720493,0.0570511855185,0.190958276391,0.24667583406,0.148734778166,0.0458431653678],"median":[0.158579319715,0.728438913822,1.27970659733,1.49210190773,1.7461130619,1.91322100163,3.50007939339,8.22434043884,6.6097240448,4.47056484222,5.150785923,5.36575841904,7.78759860992,12.1262388229,17.1219291687,27.046081543,28.5979976654,24.7923736572,35.6900405884,40.3748245239,32.8272209167,25.1826286316,18.6213569641,15.0444107056,12.9019298553,11.6021823883,8.58129501343,5.67735338211,3.58238792419,1.98576545715,0.86576873064,0.258023798466,0.0503029376268,0.0146789038554,0.00745419831946,0.0120954001322,0.0448256134987,0.103631153703,0.100739851594,0.0437824353576],"min":[4.95953039337e-22,1.25372247504e-21,1.27254984087e-20,4.91908542155e-20,2.14456105768e-20,4.64971664001e-20,2.9881620455e-19,2.2938447339e-19,1.27024770675e-18,1.43297760449e-18,1.22919008006e-18,2.82445638483e-18,2.61943346616e-18,2.50866963944e-18,1.35356475017e-18,1.44739536257e-18,4.42627406345e-18,4.48704040561e-18,6.87935096187e-18,8.20439255997e-18,7.81280856671e-18,6.40328825342e-18,7.27095728901e-18,7.43022016261e-18,1.97659075622e-17,2.16073836593e-17,2.62412742662e-17,1.99445736114e-17,1.74767844786e-17,2.22756066279e-17,1.67961471834e-17,1.5102306282e-17,1.48862003839e-17,1.32334505066e-17,8.53614575234e-18,7.19688243798e-18,3.24241110282e-18,1.33599471018e-18,3.49672250887e-19,3.83581163005e-20],"var":[0.189831614494,2.31741261482,9.48474884033,50.6995353699,17.7243080139,34.0784378052,141.56652832,907.641845703,463.787261963,161.153549194,201.84564209,228.685470581,396.484771729,871.096008301,2343.24121094,3590.37915039,5550.72900391,1557.30871582,2007.95056152,2620.90063477,1639.69616699,1364.40014648,1246.12438965,1443.38195801,1113.97802734,878.319030762,721.549682617,405.945892334,430.675567627,262.575805664,67.0739593506,12.9997444153,1.06348419189,0.00398292066529,0.000491099664941,0.0204622168094,0.174521490932,0.172573819757,0.0226607117802,0.00113488361239]},"erbbands_crest":{"dmean":1.89658164978,"dmean2":3.10959506035,"dvar":3.98258185387,"dvar2":9.8297996521,"max":30.2189369202,"mean":7.03754091263,"median":5.95660018921,"min":2.55631232262,"var":12.3185825348},"erbbands_flatness_db":{"dmean":0.0169557966292,"dmean2":0.0254573710263,"dvar":0.000244390248554,"dvar2":0.000499134883285,"max":0.363081395626,"mean":0.136282116175,"median":0.130370467901,"min":0.0430316366255,"var":0.00128806044813},"erbbands_kurtosis":{"dmean":0.875583231449,"dmean2":1.37492346764,"dvar":2.18409061432,"dvar2":4.43787908554,"max":40.5967674255,"mean":0.80444419384,"median":0.383978366852,"min":-1.82394611835,"var":5.2191491127},"erbbands_skewness":{"dmean":0.306158214808,"dmean2":0.472077012062,"dvar":0.0977865234017,"dvar2":0.206191688776,"max":4.31942749023,"mean":-0.318953037262,"median":-0.407972931862,"min":-4.69276857376,"var":0.464774727821},"erbbands_spread":{"dmean":6.23000001907,"dmean2":9.608045578,"dvar":56.4180412292,"dvar2":118.580360413,"max":146.124252319,"mean":31.1750183105,"median":28.5000839233,"min":1.575268507,"var":243.58946228},"gfcc":{"cov":[[10732.2265625,1051.78283691,-279.278991699,211.393325806,464.606811523,-42.5138015747,299.987945557,-81.897064209,132.087371826,106.429656982,166.935256958,25.7860622406,40.0743293762],[1051.78283691,1793.57592773,1.6620246172,-387.555877686,410.83782959,-80.7900009155,45.220703125,9.03105068207,45.3559417725,54.8713645935,147.884597778,-111.500717163,222.284561157],[-279.278991699,1.6620246172,373.604278564,164.122787476,-84.3352966309,100.212402344,-106.204811096,33.7091026306,-61.7790260315,10.81802845,-34.1126708984,-14.6363687515,-39.9220581055],[211.393325806,-387.555877686,164.122787476,433.565063477,30.7173900604,19.7601394653,77.7937088013,-42.5336990356,-16.2226581573,-11.1223659515,-52.6176757812,13.8914299011,-116.137145996],[464.606811523,410.83782959,-84.3352966309,30.7173900604,472.394592285,38.0432929993,155.312088013,44.4155349731,73.8413543701,20.9697933197,90.9596176147,-60.6893920898,69.0816345215],[-42.5138015747,-80.7900009155,100.212402344,19.7601394653,38.0432929993,227.129745483,-12.1179876328,68.2155685425,-33.8953323364,-5.41007947922,-13.1331892014,-11.5191164017,-12.0532636642],[299.987945557,45.220703125,-106.204811096,77.7937088013,155.312088013,-12.1179876328,229.904052734,3.14518094063,63.380821228,1.66544151306,16.5411376953,-1.46591174603,-12.8528604507],[-81.897064209,9.03105068207,33.7091026306,-42.5336990356,44.4155349731,68.2155685425,3.14518094063,152.072494507,35.1742973328,30.453540802,23.6125030518,-32.3135681152,37.1555366516],[132.087371826,45.3559417725,-61.7790260315,-16.2226581573,73.8413543701,-33.8953323364,63.380821228,35.1742973328,123.944587708,39.8597373962,32.5169067383,11.2635087967,3.79189133644],[106.429656982,54.8713645935,10.81802845,-11.1223659515,20.9697933197,-5.41007947922,1.66544151306,30.453540802,39.8597373962,78.9693069458,51.6736450195,5.68746566772,28.8346862793],[166.935256958,147.884597778,-34.1126708984,-52.6176757812,90.9596176147,-13.1331892014,16.5411376953,23.6125030518,32.5169067383,51.6736450195,96.7750244141,22.1526088715,51.1595993042],[25.7860622406,-111.500717163,-14.6363687515,13.8914299011,-60.6893920898,-11.5191164017,-1.46591174603,-32.3135681152,11.2635087967,5.68746566772,22.1526088715,80.9921417236,6.64058828354],[40.0743293762,222.284561157,-39.9220581055,-116.137145996,69.0816345215,-12.0532636642,-12.8528604507,37.1555366516,3.79189133644,28.8346862793,51.1595993042,6.64058828354,119.860145569]],"icov":[[0.000125740727526,-0.00022516628087,0.000422138051363,-0.000444352976047,0.000160962124937,-0.000207245742786,0.000125607519294,-0.0000983335630735,-0.000020793206204,-0.0001020924974,-0.000103722275526,-0.000112421876111,0.0000916474164114],[-0.00022516628087,0.00230545247905,-0.00329464115202,0.00334196654148,-0.00165586220101,0.00134979619179,-0.00157096795738,0.00236855936237,-0.000432465370977,0.000460566137917,-0.00073818891542,0.00232060323469,-0.00178264500573],[0.000422138051363,-0.00329464115202,0.010535207577,-0.00825641304255,0.0037979753688,-0.00423340918496,0.0049887583591,-0.00368812563829,0.000519144290593,-0.00107012304943,-0.000650742847938,-0.000395256909542,0.00108212640043],[-0.000444352976047,0.00334196654148,-0.00825641304255,0.0125920288265,-0.00764347985387,0.00557959638536,-0.00438346434385,0.000647128676064,0.005211064592,-0.00614532129839,0.00803396105766,-0.0066429162398,0.00594991864637],[0.000160962124937,-0.00165586220101,0.0037979753688,-0.00764347985387,0.0119831096381,-0.00652261357754,-0.00102397345472,0.00415369356051,-0.00876440666616,0.0104493713006,-0.014898612164,0.0146360155195,-0.0087721189484],[-0.000207245742786,0.00134979619179,-0.00423340918496,0.00557959638536,-0.00652261357754,0.0102782165632,-0.00111634819768,-0.00565721886232,0.00741126853973,-0.00524764275178,0.00806842278689,-0.00886705797166,0.00606458913535],[0.000125607519294,-0.00157096795738,0.0049887583591,-0.00438346434385,-0.00102397345472,-0.00111634819768,0.00938795786351,-0.00247433851473,-0.00159368058667,-0.000176892412128,0.00146543746814,-0.00263580214232,0.00215085805394],[-0.0000983335630735,0.00236855936237,-0.00368812563829,0.000647128676064,0.00415369356051,-0.00565721886232,-0.00247433851473,0.0180266350508,-0.0107152881101,0.00585367297754,-0.0104369595647,0.0168320480734,-0.0113243702799],[-0.000020793206204,-0.000432465370977,0.000519144290593,0.005211064592,-0.00876440666616,0.00741126853973,-0.00159368058667,-0.0107152881101,0.0231322254986,-0.0163429845124,0.0139683587477,-0.018180064857,0.0132234627381],[-0.0001020924974,0.000460566137917,-0.00107012304943,-0.00614532129839,0.0104493713006,-0.00524764275178,-0.000176892412128,0.00585367297754,-0.0163429845124,0.0359095297754,-0.0273884516209,0.0192523095757,-0.0130128450692],[-0.000103722275526,-0.00073818891542,-0.000650742847938,0.00803396105766,-0.014898612164,0.00806842278689,0.00146543746814,-0.0104369595647,0.0139683587477,-0.0273884516209,0.0442491360009,-0.0296291075647,0.0106637747958],[-0.000112421876111,0.00232060323469,-0.000395256909542,-0.0066429162398,0.0146360155195,-0.00886705797166,-0.00263580214232,0.0168320480734,-0.018180064857,0.0192523095757,-0.0296291075647,0.0438986495137,-0.0195038411766],[0.0000916474164114,-0.00178264500573,0.00108212640043,0.00594991864637,-0.0087721189484,0.00606458913535,0.00215085805394,-0.0113243702799,0.0132234627381,-0.0130128450692,0.0106637747958,-0.0195038411766,0.0263918340206]],"mean":[13.1010332108,57.4679336548,-107.608154297,8.80070781708,-4.82430553436,-21.3942718506,7.11775016785,-28.2781200409,5.18141937256,-7.2782626152,-3.37582421303,5.25180721283,-10.6048536301]},"hfc":{"dmean":22.2603225708,"dmean2":33.8685150146,"dvar":572.546142578,"dvar2":1298.24975586,"max":588.052001953,"mean":122.596473694,"median":127.626182556,"min":1.20905535831e-16,"var":5683.33251953},"melbands":{"dmean":[0.00165713194292,0.000845481525175,0.000357086217264,0.000165971083334,0.000133467881824,0.000193399304408,0.000093434813607,0.0000508508564963,0.0000530323959538,0.0000377199648938,0.0000455476110801,0.0000551654920855,0.0000546953451703,0.0000740164032322,0.0000679209988448,0.0000586730420764,0.0000352909992216,0.000039331134758,0.0000422917983087,0.0000355198608304,0.0000242105816142,0.0000192868683371,0.000016530191715,0.0000138983596116,0.000012141696061,0.0000102406247606,0.00000867939525051,0.0000079431811173,0.00000648659579383,0.00000509937717652,0.00000375932586394,0.00000382128109777,0.00000369637700715,0.00000259982948592,0.00000165773997196,0.00000105954950413,6.51354866932e-7,3.17446023246e-7,6.2302092374e-8,1.57286557112e-8],"dmean2":[0.00281129777431,0.0014290852705,0.000583414104767,0.000272778939689,0.000217985725612,0.000293698394671,0.000147528015077,0.0000837177867652,0.0000870347939781,0.0000620213759248,0.0000741676340112,0.0000906907152967,0.0000907676876523,0.00012205116218,0.00011216722487,0.0000980343102128,0.0000587878166698,0.0000661230078549,0.0000709363303031,0.0000599316699663,0.0000409723543271,0.0000324147331412,0.0000276790815406,0.000023078331651,0.0000200807480724,0.0000168823153217,0.0000142075232361,0.0000131233555294,0.0000104849541458,0.00000798632936494,0.000005762803994,0.00000581928452448,0.00000555623864784,0.00000396371842726,0.00000251286974162,0.00000159534545219,9.90946432466e-7,4.92389972351e-7,9.95416655769e-8,2.59764245669e-8],"dvar":[0.000009942129509,0.00000157197382578,3.58402076017e-7,7.17130532735e-8,6.24248031045e-8,1.06803156541e-7,3.30927392156e-8,1.15020437619e-8,1.12098943461e-8,5.77352521347e-9,6.9239911582e-9,1.03772794802e-8,1.33961783888e-8,2.08765893461e-8,1.52489754157e-8,1.17463168081e-8,3.18502579866e-9,3.40797057241e-9,3.69610186901e-9,2.68670330428e-9,1.25634924686e-9,8.34019797669e-10,8.18327683394e-10,5.92749127559e-10,5.31112875901e-10,3.82903680984e-10,2.92933843848e-10,2.06107242384e-10,1.7592244328e-10,1.09960839045e-10,5.50734249871e-11,7.90150306296e-11,8.9965909722e-11,4.4649603459e-11,1.70657186299e-11,6.80290025701e-12,2.73250432697e-12,6.86318840301e-13,2.55574759896e-14,6.55988054133e-16],"dvar2":[0.0000273928981187,0.00000432471097156,9.28331814976e-7,1.80834803132e-7,1.50812212496e-7,2.18238653815e-7,7.57080655944e-8,3.02561637966e-8,2.77478626742e-8,1.46757130892e-8,1.7120392215e-8,2.66342308208e-8,3.40495844853e-8,5.40904991908e-8,3.91509900055e-8,2.99790166025e-8,8.37805469445e-9,9.02308627815e-9,9.8158112749e-9,7.22554327481e-9,3.4011082839e-9,2.19245310795e-9,2.15120321556e-9,1.54164381261e-9,1.39837419422e-9,9.94010873612e-10,7.49616702045e-10,5.36139965757e-10,4.37716835e-10,2.47763892736e-10,1.24312546368e-10,1.75659486956e-10,2.01020006196e-10,9.95981491725e-11,3.69542903222e-11,1.48749398216e-11,5.96423908525e-12,1.53416558971e-12,5.9772269057e-14,1.63465913287e-15],"max":[0.0440867096186,0.0194138865918,0.0110729057342,0.00577557366341,0.00751171028242,0.0125566609204,0.00717451516539,0.0045666997321,0.00334710162133,0.00310759060085,0.00234586256556,0.00322869908996,0.00507553340867,0.00538541795686,0.00407755747437,0.00255728513002,0.00167543638963,0.00132883840706,0.00173266977072,0.00150633242447,0.000589624920394,0.000463440665044,0.000641280319542,0.000363821105566,0.000349941925379,0.000316851626849,0.000301694875816,0.000237013780861,0.000355646188837,0.000308908027364,0.000244839320658,0.000256168859778,0.000223488503252,0.000138390008942,0.000103470607428,0.0000532770172867,0.0000395195638703,0.0000151700678543,0.00000402081650464,3.65239259281e-7],"mean":[0.00232208543457,0.00135726667941,0.000658036733512,0.000251918594586,0.000227255994105,0.000388670072425,0.000173578431713,0.0000803716029623,0.0000794496809249,0.0000577777609578,0.0000701310709701,0.0000851329532452,0.0000845863251016,0.000117982446682,0.000113719324872,0.0000956783187576,0.0000604707056482,0.0000694537884556,0.0000757590096327,0.0000640140424366,0.0000447110542154,0.0000366841086361,0.0000307313821395,0.0000262336889136,0.0000234352646657,0.0000198077250388,0.0000164790544659,0.0000146640441017,0.0000117506306196,0.00000945752435655,0.00000691663444741,0.00000613635120317,0.00000528183090864,0.00000345371154253,0.00000218596528612,0.00000136589869726,7.18774742836e-7,3.13082949788e-7,6.04167098572e-8,1.64628861654e-8],"median":[0.00144089828245,0.000879051862285,0.000285128073301,0.000132204848342,0.000118865238619,0.000186622783076,0.0000954512797762,0.0000437558774138,0.0000426538681495,0.0000316008299706,0.0000390437198803,0.0000481807837787,0.00004804562559,0.0000653450915706,0.0000683383550495,0.0000585952075198,0.0000414944479417,0.000051741990319,0.0000564975161979,0.0000487367979076,0.0000328330315824,0.0000252669706242,0.0000198594934773,0.0000140041674968,0.0000115604052553,0.00000948457272898,0.00000822794572741,0.00000718816636436,0.00000524737879459,0.00000418475292463,0.00000291474566438,0.00000208393907997,0.00000144241005273,9.10698702228e-7,5.25076643498e-7,2.84629834368e-7,9.31653048042e-8,3.16485362362e-8,1.42243727907e-8,6.63677113266e-9],"min":[5.34653594514e-24,4.74989243796e-24,7.3656195156e-24,1.4057307074e-24,9.01761021368e-24,5.37380844436e-24,1.89421674992e-23,1.64810587367e-23,9.83949125868e-24,2.08797708101e-23,1.34527826492e-23,9.7040548853e-24,5.42458387095e-24,2.82879347776e-24,6.34994019531e-24,1.17354726904e-23,7.14329721326e-24,9.84602933786e-24,9.77584359426e-24,1.34773493555e-23,8.45702751063e-24,5.98568879992e-24,7.97063007597e-24,5.76077785053e-24,5.17554127203e-24,1.30241030115e-23,1.41612649391e-23,1.34012826539e-23,1.46280686466e-23,1.62696771463e-23,1.06091307791e-23,8.05205156544e-24,1.50160414838e-23,1.14124396718e-23,9.38774690586e-24,9.80791946753e-24,8.82902039252e-24,1.13722077656e-23,8.90528904255e-24,1.18207801087e-23],"var":[0.0000102252488432,0.00000242657301897,0.00000110980045065,1.19912755281e-7,1.27455294319e-7,3.87734218066e-7,8.75934773603e-8,1.84634725287e-8,1.67101443793e-8,8.66022809021e-9,1.14258424944e-8,1.6092334576e-8,1.77227228448e-8,3.06902272484e-8,2.64290136442e-8,2.11354347357e-8,5.07389197324e-9,5.48855183524e-9,6.60009114029e-9,4.64473925987e-9,2.22321006049e-9,1.58298973929e-9,1.34742206281e-9,1.11954101545e-9,9.91904780534e-10,7.25031812365e-10,5.22382748169e-10,3.88363341486e-10,3.10938080839e-10,2.26868732134e-10,1.19430396128e-10,1.40519623715e-10,1.44475820196e-10,6.31669577755e-11,2.59837602823e-11,1.01439421099e-11,3.62827541449e-12,7.94142854775e-13,2.58018941228e-14,7.29087685695e-16]},"melbands_crest":{"dmean":4.32675266266,"dmean2":7.02787160873,"dvar":16.7497444153,"dvar2":43.4224014282,"max":37.7305870056,"mean":14.9144563675,"median":14.1846723557,"min":2.09223175049,"var":39.9318580627},"melbands_flatness_db":{"dmean":0.0296092722565,"dmean2":0.0452990122139,"dvar":0.000802914611995,"dvar2":0.0018807038432,"max":0.443137049675,"mean":0.179483130574,"median":0.17221903801,"min":0.00794897601008,"var":0.00440327357501},"melbands_kurtosis":{"dmean":5.27567481995,"dmean2":8.43968391418,"dvar":144.468566895,"dvar2":342.451843262,"max":402.394775391,"mean":8.45024108887,"median":2.62391352654,"min":-1.90999853611,"var":404.480285645},"melbands_skewness":{"dmean":0.73515099287,"dmean2":1.15367269516,"dvar":0.75023496151,"dvar2":1.81200301647,"max":17.0874919891,"mean":2.09528255463,"median":1.77235865593,"min":-3.27906537056,"var":3.1321349144},"melbands_spread":{"dmean":11.1415176392,"dmean2":17.3564853668,"dvar":197.037857056,"dvar2":452.279846191,"max":222.613479614,"mean":40.2089309692,"median":36.5412750244,"min":0.830076336861,"var":734.132324219},"mfcc":{"cov":[[9631.71777344,1164.91589355,-848.804870605,580.093566895,-165.98777771,426.429443359,-56.5148620605,195.810028076,-163.174316406,212.733917236,-93.6087188721,200.370407104,48.0810966492],[1164.91589355,1957.37683105,-352.913696289,-128.149169922,208.135925293,-65.3431396484,134.543426514,-170.799758911,146.390594482,-102.167015076,109.12940979,-5.9157333374,154.886978149],[-848.804870605,-352.913696289,601.002075195,-42.2162246704,1.878723979,-26.3920879364,-56.4081840515,-18.2739830017,-60.5996704102,-26.2733001709,-46.1101226807,-19.0218868256,-75.4924926758],[580.093566895,-128.149169922,-42.2162246704,429.478485107,-28.4375152588,125.151130676,8.4172039032,46.4517059326,-32.2740516663,50.8975410461,6.17187166214,12.952082634,-2.27411699295],[-165.98777771,208.135925293,1.878723979,-28.4375152588,292.458007812,7.93577051163,114.216125488,-16.3299007416,68.9543609619,-2.4645819664,58.8772583008,12.6120405197,45.9064559937],[426.429443359,-65.3431396484,-26.3920879364,125.151130676,7.93577051163,194.86781311,37.5232925415,71.8253707886,-27.7789134979,26.5121822357,-15.7882480621,21.7285442352,-5.19022846222],[-56.5148620605,134.543426514,-56.4081840515,8.4172039032,114.216125488,37.5232925415,186.463058472,17.3950214386,69.8443374634,0.733746290207,39.5774078369,3.7991733551,35.4129333496],[195.810028076,-170.799758911,-18.2739830017,46.4517059326,-16.3299007416,71.8253707886,17.3950214386,128.850341797,7.34415197372,48.876537323,-11.1632070541,17.0347805023,-18.9328117371],[-163.174316406,146.390594482,-60.5996704102,-32.2740516663,68.9543609619,-27.7789134979,69.8443374634,7.34415197372,124.438163757,21.0810585022,51.0640144348,-0.946281552315,28.7208766937],[212.733917236,-102.167015076,-26.2733001709,50.8975410461,-2.4645819664,26.5121822357,0.733746290207,48.876537323,21.0810585022,95.0336303711,26.8873538971,27.0232086182,-3.9541580677],[-93.6087188721,109.12940979,-46.1101226807,6.17187166214,58.8772583008,-15.7882480621,39.5774078369,-11.1632070541,51.0640144348,26.8873538971,91.1564025879,21.080242157,34.7371406555],[200.370407104,-5.9157333374,-19.0218868256,12.952082634,12.6120405197,21.7285442352,3.7991733551,17.0347805023,-0.946281552315,27.0232086182,21.080242157,63.0930747986,17.1879653931],[48.0810966492,154.886978149,-75.4924926758,-2.27411699295,45.9064559937,-5.19022846222,35.4129333496,-18.9328117371,28.7208766937,-3.9541580677,34.7371406555,17.1879653931,80.7984085083]],"icov":[[0.00019317951228,-0.000201170914806,0.000186846998986,-0.000163619886735,0.0000372822105419,-0.000116733041068,0.0000435108377133,-0.000124761500047,0.000327044603182,-0.000488717691042,0.000491501239594,-0.000458507303847,0.000109725129732],[-0.000201170914806,0.0010331569938,0.000197267771,0.000292990094749,-0.000277713086689,-0.00018399945111,-0.00000590085255681,0.00102828128729,-0.00100454839412,0.00125831458718,-0.000759933725931,0.000447828206234,-0.00062863517087],[0.000186846998986,0.000197267771,0.00241174339317,-0.00000797597294877,-0.000673183705658,0.0000227784912568,0.000296770158457,0.000491897866596,0.000698552583344,0.000102410413092,0.000588105584029,-0.000579456216656,0.00176006008405],[-0.000163619886735,0.000292990094749,-0.00000797597294877,0.00328336749226,0.000284372566966,-0.00189275701996,-0.000128309999127,0.000548694457393,0.000554199388716,-0.000972232839558,-0.00128884741571,0.00130183913279,-0.000445076264441],[0.0000372822105419,-0.000277713086689,-0.000673183705658,0.000284372566966,0.00531189935282,-0.000629430636764,-0.00235615880229,0.000551331031602,-0.000855920312461,0.0000524792849319,-0.00148973846808,-0.000537757587153,-0.000945688982029],[-0.000116733041068,-0.00018399945111,0.0000227784912568,-0.00189275701996,-0.000629430636764,0.00922515429556,-0.00225701695308,-0.004147533793,0.00289639364928,0.0000287140974251,0.0014172893716,-0.00149971409701,0.0000393170266761],[0.0000435108377133,-0.00000590085255681,0.000296770158457,-0.000128309999127,-0.00235615880229,-0.00225701695308,0.00934490095824,-0.00120412895922,-0.0038463389501,0.00205873837695,-0.00103744491935,0.000711611530278,-0.00116249639541],[-0.000124761500047,0.00102828128729,0.000491897866596,0.000548694457393,0.000551331031602,-0.004147533793,-0.00120412895922,0.014375153929,-0.00324833136983,-0.00455206492916,0.0028432069812,-0.0015373416245,0.0019311697688],[0.000327044603182,-0.00100454839412,0.000698552583344,0.000554199388716,-0.000855920312461,0.00289639364928,-0.0038463389501,-0.00324833136983,0.0161889288574,-0.00439896713942,-0.0039208563976,0.00293149612844,-0.000911449256819],[-0.000488717691042,0.00125831458718,0.000102410413092,-0.000972232839558,0.0000524792849319,0.0000287140974251,0.00205873837695,-0.00455206492916,-0.00439896713942,0.0199371147901,-0.00671337591484,-0.00398251926526,0.00222286465578],[0.000491501239594,-0.000759933725931,0.000588105584029,-0.00128884741571,-0.00148973846808,0.0014172893716,-0.00103744491935,0.0028432069812,-0.0039208563976,-0.00671337591484,0.0214761476964,-0.00555942812935,-0.00324942008592],[-0.000458507303847,0.000447828206234,-0.000579456216656,0.00130183913279,-0.000537757587153,-0.00149971409701,0.000711611530278,-0.0015373416245,0.00293149612844,-0.00398251926526,-0.00555942812935,0.0229480303824,-0.00528177479282],[0.000109725129732,-0.00062863517087,0.00176006008405,-0.000445076264441,-0.000945688982029,0.0000393170266761,-0.00116249639541,0.0019311697688,-0.000911449256819,0.00222286465578,-0.00324942008592,-0.00528177479282,0.0196034032851]],"mean":[-647.72088623,122.967697144,-38.145565033,42.1638565063,-4.7898144722,28.8911018372,-5.79156923294,10.5480632782,-4.91827487946,5.07148885727,-3.23491215706,5.94564914703,3.19839572906]},"pitch_salience":{"dmean":0.0749480500817,"dmean2":0.120874777436,"dvar":0.00551139237359,"dvar2":0.0140497768298,"max":0.963790655136,"mean":0.592342674732,"median":0.612453699112,"min":0.0769504457712,"var":0.0142190810293},"silence_rate_20dB":{"dmean":0,"dmean2":0,"dvar":0,"dvar2":0,"max":1,"mean":1,"median":1,"min":1,"var":0},"silence_rate_30dB":{"dmean":0.000100135184766,"dmean2":0.000200280395802,"dvar":0.000100124998426,"dvar2":0.000300379848341,"max":1,"mean":0.999949932098,"median":1,"min":0,"var":0.0000500625392306},"silence_rate_60dB":{"dmean":0.0177239272743,"dmean2":0.0354496277869,"dvar":0.0174089428037,"dvar2":0.0382057726383,"max":1,"mean":0.0832582339644,"median":0,"min":0,"var":0.0763463973999},"spectral_centroid":{"dmean":249.41734314,"dmean2":365.561920166,"dvar":88218.7265625,"dvar2":159262,"max":11492.5175781,"mean":1969.74902344,"median":1945.42700195,"min":231.969696045,"var":647330.5625},"spectral_complexity":{"dmean":4.11155080795,"dmean2":6.24634504318,"dvar":18.9932136536,"dvar2":36.615688324,"max":67,"mean":29.2028636932,"median":30,"min":0,"var":242.223709106},"spectral_contrast_coeffs":{"dmean":[0.0496945306659,0.0477234758437,0.0363257080317,0.0276087895036,0.0196438524872,0.0426536165178],"dmean2":[0.0819545909762,0.0788575783372,0.0606891289353,0.0464901439846,0.0327309109271,0.0654393956065],"dvar":[0.001573460293,0.00143126561306,0.0008368351846,0.000468296551844,0.000250401586527,0.00129382300656],"dvar2":[0.0041368752718,0.00383532699198,0.00226372922771,0.0012848515762,0.00067473546369,0.00306551577523],"max":[-0.306768000126,-0.444115996361,-0.561250150204,-0.584310412407,-0.609633803368,-0.395813643932],"mean":[-0.713213384151,-0.770190238953,-0.812656521797,-0.807277858257,-0.803994119167,-0.658706665039],"median":[-0.71994304657,-0.778012692928,-0.816616177559,-0.809119224548,-0.80300539732,-0.654184281826],"min":[-0.983972907066,-0.974642157555,-0.969899177551,-0.971129238605,-0.959410071373,-0.9591101408],"var":[0.00573572982103,0.00525981513783,0.00241850153543,0.00131201779004,0.000866535119712,0.00625215889886]},"spectral_contrast_valleys":{"dmean":[0.407986730337,0.364150345325,0.317440211773,0.261753976345,0.247468650341,0.6070535779],"dmean2":[0.670201063156,0.595969557762,0.508999824524,0.413232326508,0.368511289358,0.908611118793],"dvar":[0.137188449502,0.104268118739,0.0857922807336,0.0704468712211,0.0944706723094,0.265541136265],"dvar2":[0.316195785999,0.24190030992,0.179534435272,0.135546192527,0.168506398797,0.584572732449],"max":[-5.36992835999,-4.89875268936,-5.20313882828,-5.20489263535,-5.31166124344,-8.77269649506],"mean":[-7.28988313675,-6.85201454163,-7.06611585617,-6.99382066727,-7.08671998978,-11.0973176956],"median":[-6.83428668976,-6.55829906464,-6.77071094513,-6.60681581497,-6.81657886505,-10.9694690704],"min":[-27.6461429596,-27.183057785,-27.108789444,-27.0761737823,-27.3582019806,-27.3420295715],"var":[1.93755280972,1.34625995159,1.26974368095,1.34844899178,1.19989204407,1.04831802845]},"spectral_decrease":{"dmean":2.2307931058e-9,"dmean2":3.66124286444e-9,"dvar":1.05355455176e-17,"dvar2":2.81031304392e-17,"max":3.95170340894e-9,"mean":-5.10982944846e-9,"median":-4.40303260518e-9,"min":-4.27263096014e-8,"var":1.69664239668e-17},"spectral_energy":{"dmean":0.00865461211652,"dmean2":0.0142092946917,"dvar":0.000151051324792,"dvar2":0.000403648853535,"max":0.16526414454,"mean":0.030405478552,"median":0.0303680337965,"min":1.09103143702e-20,"var":0.000355603813659},"spectral_energyband_high":{"dmean":0.00090672384249,"dmean2":0.00130569399334,"dvar":0.00000209466998058,"dvar2":0.00000425008011007,"max":0.030953777954,"mean":0.00269808340818,"median":0.0019000293687,"min":8.19203731859e-21,"var":0.00000747707281334},"spectral_energyband_low":{"dmean":0.00659071514383,"dmean2":0.0111306719482,"dvar":0.000116880335554,"dvar2":0.000320321938489,"max":0.146051898599,"mean":0.0114065250382,"median":0.00833283457905,"min":5.16059709105e-23,"var":0.000154607841978},"spectral_energyband_middle_high":{"dmean":0.00243419548497,"dmean2":0.00384475523606,"dvar":0.000014151589312,"dvar2":0.0000342572602676,"max":0.0877979025245,"mean":0.0076116444543,"median":0.00636725872755,"min":1.3595321232e-21,"var":0.0000418342460762},"spectral_energyband_middle_low":{"dmean":0.00207291194238,"dmean2":0.00322442222387,"dvar":0.00000741332951293,"dvar2":0.0000176949488377,"max":0.0566560700536,"mean":0.00575534487143,"median":0.00464306026697,"min":3.87404062217e-22,"var":0.0000236921350734},"spectral_entropy":{"dmean":0.109490536153,"dmean2":0.157866671681,"dvar":0.015917558223,"dvar2":0.0296404585242,"max":9.80058956146,"mean":7.82515239716,"median":7.88074111938,"min":5.94756364822,"var":0.0919814556837},"spectral_flux":{"dmean":0.0195499490947,"dmean2":0.0310912262648,"dvar":0.00057854456827,"dvar2":0.00127390597481,"max":0.326628357172,"mean":0.0957699716091,"median":0.0957627743483,"min":1.04452453631e-10,"var":0.00203966209665},"spectral_kurtosis":{"dmean":3.03875732422,"dmean2":4.41859769821,"dvar":12.7253694534,"dvar2":26.9155101776,"max":76.0236282349,"mean":16.1947479248,"median":15.199382782,"min":-1.1625328064,"var":66.5756530762},"spectral_rms":{"dmean":0.000716033158824,"dmean2":0.00114209519234,"dvar":7.2687271313e-7,"dvar2":0.00000187670821106,"max":0.0126977683976,"mean":0.00507128471509,"median":0.0054431008175,"min":3.26254648297e-12,"var":0.00000394610879084},"spectral_rolloff":{"dmean":3932.54443359,"dmean2":7166.04541016,"dvar":36490592,"dvar2":81095256,"max":21985.4003906,"mean":12604.96875,"median":17872.5585938,"min":21.533203125,"var":71182680},"spectral_skewness":{"dmean":0.271552085876,"dmean2":0.395550638437,"dvar":0.0904029160738,"dvar2":0.181779637933,"max":6.80256462097,"mean":2.51705431938,"median":2.45662117004,"min":-0.0419774129987,"var":0.611280679703},"spectral_spread":{"dmean":419503.34375,"dmean2":614585.0625,"dvar":245395456000,"dvar2":425021046784,"max":39825392,"mean":4156847,"median":3947543,"min":1538120.375,"var":896988413952},"spectral_strongpeak":{"dmean":1.17709028721,"dmean2":2.15530967712,"dvar":34.2411956787,"dvar2":90.5486679077,"max":113.20249939,"mean":1.14597702026,"median":0.207316786051,"min":0,"var":34.5477294922},"zerocrossingrate":{"dmean":0.0311595220119,"dmean2":0.038417186588,"dvar":0.000746834499296,"dvar2":0.00109551951755,"max":0.66650390625,"mean":0.266891688108,"median":0.26904296875,"min":0.015625,"var":0.00826585665345}},"metadata":{"audio_properties":{"analysis_sample_rate":44100,"bit_rate":192000,"codec":"mp3","downmix":"mix","equal_loudness":0,"length":463.751831055,"lossless":false,"md5_encoded":"27ab5d7195cfe15874ee26fe62f8d016","replay_gain":-5.34525680542,"sample_rate":44100},"tags":{"album":["The Real Thing"],"album artist credit":["Faith No More"],"albumartist":["Faith No More"],"albumartistsort":["Faith No More"],"artist":["Faith No More"],"artist credit":["Faith No More"],"artistsort":["Faith No More"],"bpm":["0"],"date":["1992-06-01"],"discnumber":["1/1"],"file_name":"10 - Faith No More - War Pigs.mp3","genre":["Rock - Alternative Metal / Punk"],"language":["eng"],"length":["463000"],"musicbrainz album release country":["JP"],"musicbrainz album status":["Official"],"musicbrainz album type":["album"],"musicbrainz_albumartistid":["b15ebd71-a252-417d-9e1c-3e6863da68f8"],"musicbrainz_albumid":["754f6a64-e4e4-31e3-a2f0-c0c91490e5cc"],"musicbrainz_artistid":["b15ebd71-a252-417d-9e1c-3e6863da68f8"],"musicbrainz_recordingid":["633ee337-88a9-4425-858c-3d1a7be5ac81"],"musicbrainz_releasegroupid":["1ba7c980-4882-31fb-9918-12791f59d303"],"originaldate":["1989-06-20"],"replaygain_album_gain":["0.00 dB"],"replaygain_album_peak":["0.000000"],"replaygain_track_gain":["0.00 dB"],"replaygain_track_peak":["0.000000"],"script":["Latn"],"title":["War Pigs"],"tracknumber":["10/11"]},"version":{"essentia":"2.1-beta1","essentia_build_sha":"ca57ba49d9b1854bd80e60cf9ccf267278fb7d6b","essentia_git_sha":"v2.1_beta1-28-g21ef5f4-dirty","extractor":"music 1.0"}},"rhythm":{"beats_count":960,"beats_loudness":{"dmean":0.0132937980816,"dmean2":0.0223563108593,"dvar":0.000168955870322,"dvar2":0.000490199599881,"max":0.116073787212,"mean":0.0332062318921,"median":0.0351684689522,"min":0.00000923385050555,"var":0.00040197870112},"beats_loudness_band_ratio":{"dmean":[0.179320767522,0.0873546972871,0.046421866864,0.0787021815777,0.064971730113,0.126234099269],"dmean2":[0.312234580517,0.151579171419,0.0815008953214,0.135530427098,0.115123748779,0.216967761