{"lowlevel":{"average_loudness":0.914730846882,"barkbands":{"dmean":[0.000181750219781,0.00121424207464,0.00174828968011,0.000846314185765,0.00213506328873,0.00227812398225,0.000519754015841,0.000551336968783,0.00115408515558,0.0009355727816,0.000610399234574,0.000524347182363,0.000314269884257,0.000228568227612,0.00017867970746,0.000191460349015,0.0000652555681881,0.0000743018390494,0.0000993037974695,0.0000577368482482,0.0000282626369881,0.000157551199663,0.000166357713169,0.0000386402352888,0.0000727514125174,0.0000369315130229,7.1124702572e-7],"dmean2":[0.000314865756081,0.00203887885436,0.00256893946789,0.00139632879291,0.00323809077963,0.00329432613216,0.000793890794739,0.000846288050525,0.00178987835534,0.00142239534762,0.000966002873611,0.000836819817778,0.000506819400471,0.000353247392923,0.000287707400275,0.000305475841742,0.000105543789687,0.000118263313198,0.000156115187565,0.0000892922107596,0.0000414558271586,0.000222199669224,0.000230327088502,0.0000542055277037,0.000107781459519,0.0000587261638429,0.0000011220658962],"dvar":[1.18545052885e-7,0.00000843818634166,0.0000189597776625,0.00000295744621326,0.0000158718430612,0.0000171072024386,0.00000193381674762,0.00000189807155948,0.00000858376006363,0.00000517583566761,0.00000233927266891,0.00000247963544098,9.26827908643e-7,4.18159345372e-7,1.70196869931e-7,3.42680294807e-7,1.71746545874e-8,2.53900420688e-8,5.97750684506e-8,1.54054919932e-8,4.9727506557e-9,2.88173936269e-7,2.81041621975e-7,1.57941961731e-8,9.06782560151e-8,2.4898676898e-8,1.03971787777e-11],"dvar2":[3.28059343246e-7,0.0000242211826844,0.0000392474503315,0.00000812937105366,0.0000343592400895,0.0000344546388078,0.00000470697250421,0.00000438458846475,0.0000195696611627,0.0000118159186968,0.00000525386667505,0.00000617173964201,0.00000223569463742,9.95776531454e-7,4.17943908815e-7,8.94128106665e-7,4.30447428812e-8,6.31561434261e-8,1.44513109035e-7,3.49619391216e-8,1.06598108118e-8,6.18969693278e-7,5.70509484987e-7,3.34343752684e-8,2.04883903621e-7,6.12368253883e-8,2.36353454169e-11],"max":[0.00555683067068,0.0282790102065,0.040755495429,0.0293589942157,0.0992409810424,0.0815705731511,0.0362940616906,0.0368795916438,0.0626989752054,0.045468211174,0.0300383120775,0.0408682636917,0.0401312075555,0.0163229368627,0.00793762877584,0.0131810670719,0.00287958793342,0.00482635851949,0.00620394432917,0.00427365954965,0.00120223371778,0.00877165142447,0.00873494055122,0.00461981631815,0.00637604761869,0.00368814053945,0.000045194356062],"mean":[0.000264625618001,0.00282884761691,0.00290212081745,0.00148925778922,0.00501601491123,0.00548340100795,0.00108027958777,0.000913211435545,0.00186129426584,0.00185087765567,0.00107085064519,0.00083141529467,0.000516543048434,0.000359544006642,0.000296303682262,0.00032296864083,0.000129976746393,0.00015243665257,0.000198716981686,0.000130011467263,0.0000560824992135,0.000223012932111,0.000250968296314,0.0000658472272335,0.0000807330434327,0.0000361161801266,6.66541382088e-7],"median":[0.000112714289571,0.00191332923714,0.000563912908547,0.000492460676469,0.00157404015772,0.00187525933143,0.000353326700861,0.000204328607651,0.000335045653628,0.000293666729704,0.00021845883748,0.000168376034708,0.000146698745084,0.0000827888070489,0.0000820432032924,0.0000894738259376,0.0000511393518536,0.0000599972190685,0.0000682456011418,0.0000606103822065,0.0000210033922485,0.0000351307462552,0.0000247406114795,0.000012464419342,0.00000578235494686,5.45904697447e-7,8.95345309004e-9],"min":[4.04641517471e-25,4.09836156672e-24,1.32717268441e-24,1.13370218082e-24,7.44048714867e-24,5.65930470013e-24,1.03523526101e-23,5.6315604621e-24,5.27197636225e-24,1.64436130873e-23,1.15399874361e-23,3.03226930142e-23,2.1505416394e-23,2.74514412676e-23,4.29377148484e-23,5.54124172602e-23,6.87307433013e-23,9.59002235932e-23,1.23602752976e-22,1.69035953568e-22,2.75419513813e-22,3.18080581453e-22,3.77780161122e-22,6.09834362766e-22,8.31686888966e-22,1.39169866498e-21,1.99391099057e-21],"var":[1.55079987962e-7,0.0000117620893434,0.0000333605457854,0.00000619517504674,0.0000792261271272,0.0000779519614298,0.00000495460972161,0.00000467314930575,0.0000195536558749,0.0000187187288248,0.000007012275546,0.00000480783137391,0.00000205651258511,8.58584314756e-7,3.55544585773e-7,7.06475361767e-7,5.29588177756e-8,7.22804074371e-8,1.45756800407e-7,4.32543281192e-8,1.05963575692e-8,4.18816256342e-7,5.35054994089e-7,3.68081138902e-8,1.03471919033e-7,2.41667432732e-8,1.0741785933e-11]},"barkbands_crest":{"dmean":2.41912889481,"dmean2":3.81247091293,"dvar":5.14115476608,"dvar2":11.9535541534,"max":26.5652427673,"mean":10.9299764633,"median":9.97039318085,"min":3.07380127907,"var":19.7741222382},"barkbands_flatness_db":{"dmean":0.0194018669426,"dmean2":0.028061715886,"dvar":0.000374274881324,"dvar2":0.000758180394769,"max":0.414186805487,"mean":0.161443069577,"median":0.161619469523,"min":0.027253177017,"var":0.00291055091657},"barkbands_kurtosis":{"dmean":3.22886013985,"dmean2":4.94230508804,"dvar":47.3008155823,"dvar2":112.004165649,"max":203.146759033,"mean":5.89469385147,"median":2.50726890564,"min":-1.90726399422,"var":118.761352539},"barkbands_skewness":{"dmean":0.509466588497,"dmean2":0.756496310234,"dvar":0.345197767019,"dvar2":0.739969730377,"max":11.1945915222,"mean":1.58636653423,"median":1.38783800602,"min":-2.71042251587,"var":2.01062083244},"barkbands_spread":{"dmean":4.90933609009,"dmean2":7.12230968475,"dvar":45.8790435791,"dvar2":88.8039779663,"max":100.062576294,"mean":18.4331035614,"median":14.8440771103,"min":0.518593549728,"var":197.330978394},"dissonance":{"dmean":0.0258459094912,"dmean2":0.0432275384665,"dvar":0.000536690815352,"dvar2":0.00148150394671,"max":0.500000059605,"mean":0.440028876066,"median":0.446414530277,"min":0.220958068967,"var":0.00133073015604},"dynamic_complexity":3.98416733742,"erbbands":{"dmean":[0.0300424750894,0.324137657881,1.90248966217,2.02799129486,4.23380947113,7.93623733521,17.1013240814,18.5704574585,8.40884113312,6.81076574326,17.6682224274,24.2781047821,23.444519043,32.6994743347,19.6522960663,18.929189682,13.7746305466,13.0819339752,8.04920005798,8.73457622528,7.80115413666,3.51751637459,3.75636291504,5.72165870667,3.42153096199,2.73191952705,1.35508882999,1.64364743233,5.49564886093,3.56007385254,6.20360183716,1.78625011444,0.439535677433,0.284289628267,0.839054524899,0.336586803198,0.0248429402709,0.00234350282699,0.000148248393089,0.000013579012375],"dmean2":[0.0497998073697,0.540450513363,2.83808016777,3.27598071098,7.085064888,11.6529359818,25.262298584,26.0170459747,12.5831480026,10.4258289337,27.016784668,37.2876548767,35.7722625732,49.0870819092,31.1216964722,29.6715087891,22.3218135834,20.3198471069,12.7264499664,14.0422706604,12.4314117432,5.66000986099,5.88642168045,9.09769821167,5.26362371445,4.25884962082,1.98360145092,2.36274576187,7.69041585922,5.11588001251,8.73247051239,2.42450404167,0.616023182869,0.403766423464,1.2578420639,0.517864644527,0.0378557518125,0.00366874993779,0.000226254167501,0.0000196254495677],"dvar":[0.00345874205232,0.756804287434,24.5883483887,15.642575264,101.421363831,326.737304688,986.789672852,1483.8638916,505.91583252,314.364501953,1953.89575195,3855.31030273,4797.83544922,5752.22070312,2548.3449707,3559.95336914,1882.27441406,1309.27026367,329.396606445,545.34387207,473.640197754,56.3141517639,66.7558135986,230.221466064,62.2202796936,32.2523384094,6.98572349548,21.0431175232,337.216491699,147.909042358,423.876708984,26.1484298706,1.90156030655,0.67089509964,14.553565979,1.92294371128,0.0100351832807,0.000132565197418,4.00190231176e-7,8.82001638391e-10],"dvar2":[0.00940350629389,2.11330604553,54.7369880676,39.8147468567,280.583740234,664.52557373,1985.10827637,2809.69482422,1204.97912598,743.252319336,4471.71044922,8816.33984375,10806.2939453,12659.1044922,6014.16357422,9168.14941406,4678.26220703,3034.84228516,782.521728516,1472.39648438,1207.83691406,142.327545166,165.678955078,573.674743652,143.398895264,76.8897094727,14.2337808609,44.9270591736,706.237121582,322.859466553,877.223754883,52.3788948059,3.936606884,1.45220923424,33.218662262,4.47859287262,0.0228045061231,0.000308261311147,8.63502805259e-7,1.80615666867e-9],"max":[0.918162047863,8.50234031677,46.7705841064,62.1339225769,119.060287476,429.957183838,584.338867188,928.909423828,669.894226074,433.754699707,1067.93969727,1189.90893555,1705.65039062,1310.95837402,1355.66333008,1124.66052246,1721.49206543,899.653564453,361.707489014,519.431335449,496.434173584,184.513397217,301.980834961,420.801727295,233.037948608,165.314849854,51.5279579163,93.045249939,309.191833496,213.665313721,361.713623047,162.450820923,48.9444160461,18.4336433411,83.3225631714,26.6378574371,1.93755578995,0.373751163483,0.0104676811025,0.000582789478358],"mean":[0.0861898884177,0.638481259346,3.03860855103,4.21143913269,6.97465181351,18.0712757111,43.7315711975,42.3005752563,18.7366027832,13.6735115051,30.9073982239,40.5462875366,45.7963638306,66.4270019531,36.5764083862,33.2709999084,24.3368244171,23.1053409576,15.0230484009,16.1973247528,14.2548151016,7.82224082947,8.33985042572,11.0345134735,7.83780765533,6.15499448776,3.01827645302,3.03753042221,7.95663833618,5.04871702194,9.06392192841,2.91842627525,0.764788746834,0.434770137072,0.857242584229,0.338846594095,0.0265376437455,0.00234825117514,0.000162596959854,0.0000404428319598],"median":[0.0521563105285,0.363214343786,0.718619704247,1.57146918774,3.14759516716,4.44145822525,12.3157644272,14.9667072296,7.11815547943,6.62105131149,6.30411148071,9.23644161224,10.8178768158,13.6033792496,11.0350227356,6.9745054245,8.21862602234,7.05695295334,4.69929504395,5.08500766754,4.44227933884,3.05536055565,3.2890651226,4.08762216568,2.69296813011,2.87644267082,1.46687614918,0.98352086544,1.264980793,0.736255586147,0.79184627533,0.459511101246,0.156706869602,0.0716680139303,0.0262298919261,0.00524717429653,0.000571749696974,0.0000541882545804,0.0000210785437957,0.0000332374402205],"min":[7.54558456272e-23,8.36697733436e-22,3.15700730728e-21,5.53191574929e-21,1.22815487968e-20,2.3599533962e-20,3.1471485503e-20,5.71025588936e-20,1.35321642958e-19,2.32454528384e-19,2.08939373307e-19,1.50188598882e-19,3.23996047685e-19,6.52908856932e-19,9.70690451772e-19,1.44971570758e-18,1.0632612681e-18,1.89754467378e-18,2.36364709367e-18,2.71721965625e-18,3.73021522647e-18,3.62111382599e-18,4.1472081402e-18,6.55636753835e-18,7.47604845009e-18,7.82438992246e-18,1.0178391263e-17,1.10780651573e-17,1.01164602506e-17,1.16265992271e-17,1.18468732884e-17,1.12714235885e-17,9.40854005718e-18,8.36795511839e-18,6.84732376933e-18,4.47684664533e-18,2.52513859864e-18,8.38334677824e-19,2.29011001344e-19,2.85322025939e-20],"var":[0.00983333215117,0.81895762682,36.740272522,38.2116546631,112.889663696,1441.53710938,5060.37255859,6086.46875,1382.14038086,674.099121094,4974.80175781,8549.63769531,16424.453125,20987.7539062,6133.75439453,8077.20507812,3703.46655273,2999.21435547,790.61517334,1119.73791504,1053.46630859,197.94770813,225.604232788,471.81237793,210.007827759,90.3757400513,18.1666812897,40.3777313232,516.572692871,212.400436401,763.277893066,58.285610199,4.32269144058,1.17452383041,15.5294094086,2.06751084328,0.0114581137896,0.000138017901918,4.67945881155e-7,1.62912106028e-9]},"erbbands_crest":{"dmean":3.05926275253,"dmean2":4.82786130905,"dvar":7.8844575882,"dvar2":18.6010055542,"max":32.1018257141,"mean":11.7447824478,"median":10.6682405472,"min":2.48721122742,"var":28.3994140625},"erbbands_flatness_db":{"dmean":0.0178658850491,"dmean2":0.0246973261237,"dvar":0.000299345818348,"dvar2":0.000525017036125,"max":0.404558300972,"mean":0.186599716544,"median":0.186666622758,"min":0.0402317047119,"var":0.00237405649386},"erbbands_kurtosis":{"dmean":1.32896792889,"dmean2":2.04425835609,"dvar":4.87938547134,"dvar2":10.8926973343,"max":70.3334579468,"mean":1.42905569077,"median":0.490371227264,"min":-1.93225169182,"var":13.1529979706},"erbbands_skewness":{"dmean":0.405621647835,"dmean2":0.600096285343,"dvar":0.151296779513,"dvar2":0.312425106764,"max":7.02391529083,"mean":0.759892404079,"median":0.668852925301,"min":-3.39662480354,"var":0.828789412975},"erbbands_spread":{"dmean":8.55043888092,"dmean2":12.3018379211,"dvar":103.029930115,"dvar2":192.172439575,"max":138.515609741,"mean":36.382938385,"median":31.2724304199,"min":2.19148159027,"var":500.359008789},"gfcc":{"cov":[[29130.1308594,2035.8651123,-2354.99731445,594.757263184,-1712.1270752,504.991943359,-950.015075684,6.63299226761,-683.877990723,-166.854934692,-257.941589355,43.7449989319,-119.092605591],[2035.8651123,2029.67712402,-501.281707764,110.985061646,396.04510498,-157.623901367,219.175003052,10.3916759491,115.528617859,-147.889434814,335.498657227,-310.447601318,248.901626587],[-2354.99731445,-501.281707764,1224.73095703,268.617034912,128.274414062,150.854934692,-64.5996627808,-10.8595180511,67.1150970459,128.551727295,-37.8043518066,122.252037048,-94.9327697754],[594.757263184,110.985061646,268.617034912,440.513366699,107.667167664,34.2938194275,-50.0019721985,54.5877838135,70.8880615234,17.8443241119,10.3709478378,-3.09543538094,-4.37452363968],[-1712.1270752,396.04510498,128.274414062,107.667167664,481.025756836,-19.999502182,201.082397461,56.4875831604,98.7348861694,-1.35803210735,89.280670166,-91.129524231,56.0782279968],[504.991943359,-157.623901367,150.854934692,34.2938194275,-19.999502182,324.307556152,67.2207565308,22.1323986053,-45.6000099182,47.3255691528,-46.0153579712,10.9352407455,-87.5394134521],[-950.015075684,219.175003052,-64.5996627808,-50.0019721985,201.082397461,67.2207565308,281.810302734,42.7034492493,25.6351299286,4.33001661301,36.4929924011,-65.16796875,-5.43378639221],[6.63299226761,10.3916759491,-10.8595180511,54.5877838135,56.4875831604,22.1323986053,42.7034492493,147.774291992,41.0028419495,-9.84450817108,-1.10730183125,-25.2781429291,6.27599239349],[-683.877990723,115.528617859,67.1150970459,70.8880615234,98.7348861694,-45.6000099182,25.6351299286,41.0028419495,150.014678955,27.6460704803,33.0682144165,-4.32981920242,35.922088623],[-166.854934692,-147.889434814,128.551727295,17.8443241119,-1.35803210735,47.3255691528,4.33001661301,-9.84450817108,27.6460704803,136.721298218,10.5201940536,60.6598014832,-45.50548172],[-257.941589355,335.498657227,-37.8043518066,10.3709478378,89.280670166,-46.0153579712,36.4929924011,-1.10730183125,33.0682144165,10.5201940536,216.664871216,-41.3931121826,84.3081741333],[43.7449989319,-310.447601318,122.252037048,-3.09543538094,-91.129524231,10.9352407455,-65.16796875,-25.2781429291,-4.32981920242,60.6598014832,-41.3931121826,156.578155518,-34.6682624817],[-119.092605591,248.901626587,-94.9327697754,-4.37452363968,56.0782279968,-87.5394134521,-5.43378639221,6.27599239349,35.922088623,-45.50548172,84.3081741333,-34.6682624817,158.238952637]],"icov":[[0.000182074407348,-0.000508063123561,0.000331706251018,-0.000413762958487,0.000515706196893,-0.000425179809099,0.000573814962991,-0.000417949981056,0.00075329846004,-0.000410112901591,0.000447830825578,-0.000502988579683,0.000104313192423],[-0.000508063123561,0.00264983810484,-0.000505494477693,0.000627732195426,-0.00177722412627,0.00115631858353,-0.0019618216902,0.00195323792286,-0.00263231433928,0.00170574674848,-0.00238124793395,0.00265212217346,-0.000773810432293],[0.000331706251018,-0.000505494477693,0.00202821311541,-0.00138547073584,0.0000868377974257,-0.00137843575794,0.0016039586626,-0.000144752091728,0.000845600035973,-0.00091447372688,0.000470492930617,-0.00130216544494,0.000499830348417],[-0.000413762958487,0.000627732195426,-0.00138547073584,0.00445760553703,-0.00198120833375,0.000392856338294,0.000494799227454,-0.000315611396218,-0.0025157763157,0.000978603493422,-0.00074211350875,0.000947731779888,0.000397767609684],[0.000515706196893,-0.00177722412627,0.0000868377974257,-0.00198120833375,0.00617188727483,-0.000253742240602,-0.00166298437398,-0.00147470005322,0.00128468126059,-0.0014041790273,0.00116958818398,-0.000324926048052,-0.000535083760042],[-0.000425179809099,0.00115631858353,-0.00137843575794,0.000392856338294,-0.000253742240602,0.00568927219138,-0.00326829496771,0.0000852822340676,0.000116275550681,-0.000381916644983,-0.000653569062706,0.00175111717544,0.000762380252127],[0.000573814962991,-0.0019618216902,0.0016039586626,0.000494799227454,-0.00166298437398,-0.00326829496771,0.00926548428833,-0.00241014710627,0.00191983871628,-0.00172965368256,0.00125859503169,-0.00110085576307,0.00184371718206],[-0.000417949981056,0.00195323792286,-0.000144752091728,-0.000315611396218,-0.00147470005322,0.0000852822340676,-0.00241014710627,0.00979593023658,-0.00441072694957,0.0022659082897,-0.00121563812718,0.00236398587003,-0.000565443537198],[0.00075329846004,-0.00263231433928,0.000845600035973,-0.0025157763157,0.00128468126059,0.000116275550681,0.00191983871628,-0.00441072694957,0.0136683797464,-0.0051507782191,0.00267589068972,-0.00258205994032,-0.00158040225506],[-0.000410112901591,0.00170574674848,-0.00091447372688,0.000978603493422,-0.0014041790273,-0.000381916644983,-0.00172965368256,0.0022659082897,-0.0051507782191,0.0133341085166,-0.00416957400739,-0.0025990230497,0.00327973533422],[0.000447830825578,-0.00238124793395,0.000470492930617,-0.00074211350875,0.00116958818398,-0.000653569062706,0.00125859503169,-0.00121563812718,0.00267589068972,-0.00416957400739,0.00896020419896,-0.0008020355599,-0.00309639470652],[-0.000502988579683,0.00265212217346,-0.00130216544494,0.000947731779888,-0.000324926048052,0.00175111717544,-0.00110085576307,0.00236398587003,-0.00258205994032,-0.0025990230497,-0.0008020355599,0.0128761613742,-0.00126581790391],[0.000104313192423,-0.000773810432293,0.000499830348417,0.000397767609684,-0.000535083760042,0.000762380252127,0.00184371718206,-0.000565443537198,-0.00158040225506,0.00327973533422,-0.00309639470652,-0.00126581790391,0.011297551915]],"mean":[-48.8153915405,108.721839905,-120.994171143,31.1495361328,-68.6374893188,14.2384672165,-37.0991516113,0.997682094574,-22.0315132141,-5.05485868454,-7.46714830399,0.334561824799,-2.94107317924]},"hfc":{"dmean":5.76942968369,"dmean2":7.92202711105,"dvar":117.702613831,"dvar2":213.708953857,"max":162.3565979,"mean":19.4405231476,"median":14.1369028091,"min":1.08918133655e-16,"var":372.969116211},"melbands":{"dmean":[0.000283110217424,0.00078389182454,0.000411267043091,0.000388857413782,0.000552490644623,0.000413359230151,0.000119692806038,0.0000750954495743,0.000172192492755,0.000152334498125,0.000118463925901,0.000134782516398,0.0000703166151652,0.0000579555126023,0.0000364278857887,0.0000327612942783,0.0000254862497968,0.0000131334691105,0.0000132519771796,0.0000166242025443,0.000007275129974,0.00000405768378187,0.00000378235358767,0.00000348177081833,0.00000555193992113,0.0000032066170661,0.0000020163681711,0.00000202637124858,0.00000105409094431,6.77938544413e-7,0.00000114859517453,0.00000274987019111,0.00000414025817008,0.00000120190156849,0.00000326917620441,0.00000311734834213,6.43887517526e-7,3.36399835987e-7,2.35245607882e-7,2.2386528542e-7],"dmean2":[0.000475643959362,0.00118776364252,0.000670158828143,0.000607338850386,0.000816751504317,0.000584090594202,0.000179463662789,0.000114886366646,0.000264060246991,0.000235091036302,0.000180303497473,0.000202046896447,0.000110486034828,0.0000929684028961,0.0000568039286009,0.0000534149112354,0.000039347094571,0.0000208129058592,0.0000213545063161,0.0000266576935246,0.0000115992988867,0.00000653651250104,0.0000061620175984,0.00000559966792935,0.00000890551655175,0.0000050799994824,0.00000318077377415,0.00000323287099491,0.00000158912610004,0.0000010243820725,0.00000172317186298,0.000003781265832,0.00000621173467152,0.00000174734850589,0.00000463128617412,0.00000432468823419,9.15551311209e-7,4.84820077418e-7,3.53058538849e-7,3.24342153135e-7],"dvar":[3.30925615799e-7,0.00000416677085013,6.32414639767e-7,6.15120029579e-7,9.29273483052e-7,6.32123317246e-7,9.70071170059e-8,3.57738656476e-8,1.99321206651e-7,1.52658600427e-7,1.20935183645e-7,1.00049355467e-7,3.07798622146e-8,3.13540198249e-8,1.13935918478e-8,1.22065246799e-8,5.57306822913e-9,9.36470456736e-10,9.96505322703e-10,2.79074807708e-9,3.60986601722e-10,8.51166706561e-11,7.74146441396e-11,4.9034051125e-11,2.44833153751e-10,6.23142440426e-11,2.98736764492e-11,1.69990566762e-11,3.72925128278e-12,2.68779052834e-12,1.2069314298e-11,7.65558380578e-11,2.44470027555e-10,1.43879526349e-11,1.17844511927e-10,1.0151077201e-10,5.78187324407e-12,1.37412173654e-12,5.28496137912e-13,4.53593597145e-13],"dvar2":[9.42636575019e-7,0.00000980065487965,0.00000165591427503,0.00000144651960454,0.00000186285751624,0.00000121739549286,2.31433162412e-7,8.63151896624e-8,4.54464981203e-7,3.51732609261e-7,2.72965877457e-7,2.22395286187e-7,7.03472267105e-8,8.00307162763e-8,2.68276796334e-8,2.89655091024e-8,1.28369581631e-8,2.19889240149e-9,2.43396125477e-9,7.43634220868e-9,9.14352982218e-10,2.19991469486e-10,1.96154634202e-10,1.25712468213e-10,6.12496664498e-10,1.51036488871e-10,6.66468269461e-11,4.31201151174e-11,7.86594140517e-12,5.77196060045e-12,2.73620882896e-11,1.56415436159e-10,5.64407132142e-10,3.15332308876e-11,2.46301951057e-10,2.11986067589e-10,1.25924661323e-11,2.72403931009e-12,1.33282512631e-12,1.00783812719e-12],"max":[0.00588755682111,0.0186895988882,0.0101895965636,0.0141501054168,0.0190506093204,0.0179015807807,0.00847937725484,0.00425271689892,0.00903431233019,0.00690716411918,0.00845494586974,0.00521777989343,0.00466212071478,0.00498534552753,0.00314456131309,0.00553278578445,0.00158373755403,0.000638107187115,0.000594814016949,0.00120913016144,0.000402078963816,0.000251977849985,0.000273265701253,0.000200045542442,0.000429666950367,0.000229483426665,0.000203715098905,0.000130012573209,0.0000361601196346,0.0000253148464253,0.0000762578347349,0.00016146665439,0.000278170715319,0.000066323838837,0.000197377201403,0.000186178367585,0.000100478209788,0.0000467411446152,0.0000192835523194,0.0000143591705637],"mean":[0.000757281843107,0.00134387530852,0.000841090048198,0.0007767782663,0.00146137352567,0.000953542243224,0.00026625287137,0.000141242460813,0.000293175864499,0.000248931493843,0.000223154493142,0.000267589231953,0.000127847873955,0.0000958118835115,0.0000628593625152,0.0000546399132872,0.0000413849556935,0.0000221527698159,0.0000219135181396,0.0000272853631031,0.000012973227058,0.0000077956738096,0.00000755860673962,0.00000702974830347,0.00000946059481066,0.00000655868825561,0.00000424867357651,0.00000415195836467,0.00000212558848034,0.00000128137730826,0.00000188942419754,0.00000411799192079,0.00000522694426763,0.00000173123771674,0.0000047321391321,0.00000452489803138,0.00000104164939785,5.55008739411e-7,3.6406524373e-7,3.26003657847e-7],"median":[0.00053231412312,0.00043615733739,0.000361541227903,0.000289994961349,0.000463046802906,0.000356171221938,0.000100013086922,0.0000635442484054,0.0000436792106484,0.0000520375651831,0.0000390547720599,0.000046374338126,0.0000331538831233,0.0000205919350265,0.0000132417644636,0.0000152201491801,0.00000964459286479,0.0000065798299147,0.00000601677993473,0.00000757790212447,0.0000041609064283,0.00000283485064756,0.00000289672084364,0.00000269627435046,0.00000326082567881,0.00000193087657863,0.00000167942403095,0.00000191356002688,0.00000101050670764,4.43381480864e-7,5.52955498279e-7,7.25195377527e-7,6.08538414326e-7,2.8011345421e-7,4.16662004454e-7,4.22104619702e-7,1.80872206101e-7,1.02865143958e-7,7.32221820954e-8,5.05041128918e-8],"min":[9.45750350912e-25,1.83520246003e-24,1.10153046096e-24,7.70371977755e-25,1.02568464036e-24,1.13251011339e-24,1.82009261825e-24,2.29172099905e-24,1.61314324281e-24,6.70618396226e-25,1.4092368983e-24,2.68632894536e-24,2.50650987696e-24,3.22676532419e-24,1.90610034781e-24,2.8027638289e-24,2.89648247659e-24,3.64424471473e-24,3.30037827399e-24,3.30387194172e-24,3.4669628202e-24,3.86801891556e-24,2.95340667951e-24,3.68926382329e-24,4.79900691792e-24,5.05970533114e-24,4.77954532496e-24,4.40604492988e-24,4.3173635535e-24,4.47471369396e-24,5.27112281475e-24,5.4249885566e-24,5.03409180641e-24,5.29781905108e-24,5.40221453669e-24,5.72760979933e-24,5.91249039653e-24,5.74475095794e-24,6.16321326917e-24,5.81089221168e-24],"var":[6.9750279863e-7,0.0000058760488173,0.0000012574040511,0.00000185222302207,0.00000526257190359,0.00000266673851002,2.70675400316e-7,7.45568087268e-8,5.02449381656e-7,3.38372245778e-7,4.19091605863e-7,3.62101218343e-7,8.09384133049e-8,6.07460322044e-8,2.6621094662e-8,2.88269195181e-8,1.20489760391e-8,1.97224658827e-9,2.06110284395e-9,5.44828493432e-9,8.08531686047e-10,2.40514969052e-10,2.22588003584e-10,1.41935088682e-10,4.24615453909e-10,1.74901232386e-10,7.68447944166e-11,3.99709466914e-11,9.13395487717e-12,5.7787216852e-12,1.91290195489e-11,1.25915763927e-10,2.9681915259e-10,2.17012813969e-11,2.096953583e-10,1.81738901706e-10,1.27908933445e-11,3.1413289938e-12,7.42565460076e-13,7.25955428584e-13]},"melbands_crest":{"dmean":3.05072689056,"dmean2":4.82712984085,"dvar":8.69128990173,"dvar2":20.9746932983,"max":32.403793335,"mean":14.3294200897,"median":13.3952608109,"min":1.48504388332,"var":31.0943336487},"melbands_flatness_db":{"dmean":0.0221877321601,"dmean2":0.031774636358,"dvar":0.000535173458047,"dvar2":0.00108570221346,"max":0.489221215248,"mean":0.221587702632,"median":0.22387163341,"min":0.00247121951543,"var":0.00511264288798},"melbands_kurtosis":{"dmean":7.3042345047,"dmean2":11.0971870422,"dvar":237.973937988,"dvar2":547.887390137,"max":365.639068604,"mean":15.2657661438,"median":7.10963249207,"min":-1.7325797081,"var":604.509399414},"melbands_skewness":{"dmean":0.681993186474,"dmean2":1.01820719242,"dvar":0.673885166645,"dvar2":1.41768503189,"max":13.9618959427,"mean":2.49945831299,"median":2.12768149376,"min":-0.98618888855,"var":3.45576286316},"melbands_spread":{"dmean":5.87537622452,"dmean2":8.7980928421,"dvar":94.803276062,"dvar2":198.677597046,"max":202.295639038,"mean":21.4499740601,"median":16.3361587524,"min":0.627988576889,"var":484.690307617},"mfcc":{"cov":[[10955.3076172,1188.03173828,-70.8392868042,76.1419219971,-235.256698608,99.4826278687,-122.583503723,138.427459717,-255.643676758,-38.7809753418,-195.173171997,-198.548141479,-66.7006912231],[1188.03173828,1778.77197266,-365.06539917,220.392044067,147.93850708,-54.3919067383,253.882476807,-36.7263259888,38.2934799194,88.8147354126,-16.7260665894,24.4274406433,36.7822952271],[-70.8392868042,-365.06539917,884.110229492,91.7921524048,151.11100769,162.929901123,-85.5645599365,6.83263492584,-27.3249969482,-71.7743225098,15.7756748199,90.2244873047,30.4279289246],[76.1419219971,220.392044067,91.7921524048,427.033966064,198.078918457,0.172293320298,-21.8091831207,14.9215269089,54.1891479492,9.58796787262,-7.09557962418,53.96459198,46.9025688171],[-235.256698608,147.93850708,151.11100769,198.078918457,306.836761475,-2.29686355591,55.6275558472,4.89369535446,51.6275749207,36.41822052,-7.1385011673,43.4653244019,26.311876297],[99.4826278687,-54.3919067383,162.929901123,0.172293320298,-2.29686355591,279.117248535,33.6821708679,38.87915802,4.20747327805,0.736524164677,49.4978485107,19.240655899,29.8124771118],[-122.583503723,253.882476807,-85.5645599365,-21.8091831207,55.6275558472,33.6821708679,296.928405762,25.954410553,33.3304634094,51.6814346313,41.712726593,23.1263637543,-7.51668930054],[138.427459717,-36.7263259888,6.83263492584,14.9215269089,4.89369535446,38.87915802,25.954410553,131.45930481,45.7944221497,21.6163864136,12.7305927277,-3.96881747246,-7.06120204926],[-255.643676758,38.2934799194,-27.3249969482,54.1891479492,51.6275749207,4.20747327805,33.3304634094,45.7944221497,150.543304443,48.9053115845,6.33981561661,5.40318393707,-4.8462972641],[-38.7809753418,88.8147354126,-71.7743225098,9.58796787262,36.41822052,0.736524164677,51.6814346313,21.6163864136,48.9053115845,108.705467224,28.8173141479,-7.89491844177,2.15838217735],[-195.173171997,-16.7260665894,15.7756748199,-7.09557962418,-7.1385011673,49.4978485107,41.712726593,12.7305927277,6.33981561661,28.8173141479,103.988677979,36.364654541,3.03239226341],[-198.548141479,24.4274406433,90.2244873047,53.96459198,43.4653244019,19.240655899,23.1263637543,-3.96881747246,5.40318393707,-7.89491844177,36.364654541,108.609741211,37.1603088379],[-66.7006912231,36.7822952271,30.4279289246,46.9025688171,26.311876297,29.8124771118,-7.51668930054,-7.06120204926,-4.8462972641,2.15838217735,3.03239226341,37.1603088379,93.921875]],"icov":[[0.000126501457999,-0.000123589212308,-0.0000577836108278,-0.0000652736343909,0.000157889473485,-0.0000759999238653,0.0000858532584971,-0.000253152509686,0.000292896264,-0.000116840557894,0.000234670442296,0.000119454161904,0.000120244592836],[-0.000123589212308,0.000940001918934,0.000397630443331,-0.00041209126357,-0.000244487979217,0.00000639700783722,-0.000739551440347,0.000601697072852,-0.0000944018975133,-0.000230832170928,0.000213698862353,-0.000296637386782,-0.0002155200782],[-0.0000577836108278,0.000397630443331,0.00197205436416,0.000120584707474,-0.00137745123357,-0.00110624940135,0.000508801545948,0.0000706569771864,0.000244526629103,0.00092041271273,0.0000794394291006,-0.00136613659561,0.000416613969719],[-0.0000652736343909,-0.00041209126357,0.000120584707474,0.00409969361499,-0.00251802289858,0.000012834856534,0.00123169599101,-0.000513138540555,-0.000984738697298,0.000892210577149,-0.000390214088839,-0.000879938714206,-0.000920565682463],[0.000157889473485,-0.000244487979217,-0.00137745123357,-0.00251802289858,0.00649223616347,0.000610289047472,-0.00139244482853,0.000291967822704,-0.000334659125656,-0.00235654693097,0.00178476283327,-0.000393329653889,-0.0000555201440875],[-0.0000759999238653,0.00000639700783722,-0.00110624940135,0.000012834856534,0.000610289047472,0.00507178483531,-0.000826778588817,-0.00101336755324,-0.000391369103454,0.000555818900466,-0.00243721390143,0.00137132965028,-0.00212454237044],[0.0000858532584971,-0.000739551440347,0.000508801545948,0.00123169599101,-0.00139244482853,-0.000826778588817,0.00510164257139,-0.000935004733037,0.00000632586625215,-0.000760912604164,-0.000975331116933,-0.00123298063409,0.00109833059832],[-0.000253152509686,0.000601697072852,0.0000706569771864,-0.000513138540555,0.000291967822704,-0.00101336755324,-0.000935004733037,0.00980360712856,-0.00302413804457,-0.000564772402868,-0.000542927358765,0.000353837065632,0.000454494846053],[0.000292896264,-0.0000944018975133,0.000244526629103,-0.000984738697298,-0.000334659125656,-0.000391369103454,0.00000632586625215,-0.00302413804457,0.009870339185,-0.00385098275729,0.00171162583865,-0.000945351319388,0.00156520993914],[-0.000116840557894,-0.000230832170928,0.00092041271273,0.000892210577149,-0.00235654693097,0.000555818900466,-0.000760912604164,-0.000564772402868,-0.00385098275729,0.0145529648289,-0.00529207568616,0.00333492155187,-0.00203766836785],[0.000234670442296,0.000213698862353,0.0000794394291006,-0.000390214088839,0.00178476283327,-0.00243721390143,-0.000975331116933,-0.000542927358765,0.00171162583865,-0.00529207568616,0.015177606605,-0.00599191430956,0.00249745277688],[0.000119454161904,-0.000296637386782,-0.00136613659561,-0.000879938714206,-0.000393329653889,0.00137132965028,-0.00123298063409,0.000353837065632,-0.000945351319388,0.00333492155187,-0.00599191430956,0.0153731927276,-0.00532853929326],[0.000120244592836,-0.0002155200782,0.000416613969719,-0.000920565682463,-0.0000555201440875,-0.00212454237044,0.00109833059832,0.000454494846053,0.00156520993914,-0.00203766836785,0.00249745277688,-0.00532853929326,0.0141088766977]],"mean":[-675.231384277,129.282455444,3.35683298111,17.7117557526,-4.08997583389,6.4866809845,-4.21155929565,5.19466590881,-9.72789287567,0.606042504311,-7.67680644989,-5.778901577,0.0643316432834]},"pitch_salience":{"dmean":0.0656048357487,"dmean2":0.10542884469,"dvar":0.00403808103874,"dvar2":0.00996843632311,"max":0.952782690525,"mean":0.524945914745,"median":0.530909597874,"min":0.0697451084852,"var":0.0128944357857},"silence_rate_20dB":{"dmean":0,"dmean2":0,"dvar":0,"dvar2":0,"max":1,"mean":1,"median":1,"min":1,"var":0},"silence_rate_30dB":{"dmean":0.000982961966656,"dmean2":0.00196624617092,"dvar":0.000981983612292,"dvar2":0.00261774589308,"max":1,"mean":0.999180972576,"median":1,"min":0,"var":0.00081820419291},"silence_rate_60dB":{"dmean":0.00884665828198,"dmean2":0.0176962148398,"dvar":0.00876912008971,"dvar2":0.0200044102967,"max":1,"mean":0.0825552791357,"median":0,"min":0,"var":0.0757413432002},"spectral_centroid":{"dmean":197.133758545,"dmean2":291.718048096,"dvar":77924.296875,"dvar2":157343.5625,"max":12015.4931641,"mean":1176.72363281,"median":907.572143555,"min":168.986923218,"var":1868571.5},"spectral_complexity":{"dmean":2.06028842926,"dmean2":3.28428649902,"dvar":4.28601551056,"dvar2":9.88058757782,"max":37,"mean":13.1485671997,"median":13,"min":0,"var":43.5768737793},"spectral_contrast_coeffs":{"dmean":[0.0456407293677,0.0462577529252,0.0403082296252,0.0294804796576,0.0191399678588,0.0174537394196],"dmean2":[0.0736373588443,0.0731256604195,0.0650192946196,0.0476087071002,0.0309709571302,0.0265587028116],"dvar":[0.00182409107219,0.00160084979143,0.00116217602044,0.000582517415751,0.000258067942923,0.000283888308331],"dvar2":[0.00454928446561,0.00380091322586,0.00276506785303,0.00146818906069,0.000615156488493,0.000594878161792],"max":[-0.217729791999,-0.361907422543,-0.43369948864,-0.524611592293,-0.59987872839,-0.622891664505],"mean":[-0.624194860458,-0.653142213821,-0.715427041054,-0.755771398544,-0.795611381531,-0.761773467064],"median":[-0.625548124313,-0.651265382767,-0.718844413757,-0.756679475307,-0.798667013645,-0.757956504822],"min":[-0.984339654446,-0.979254603386,-0.978765368462,-0.979012429714,-0.968326747417,-0.964315056801],"var":[0.0128634907305,0.0104592628777,0.00837275292724,0.00379895884544,0.00214827177115,0.00253126211464]},"spectral_contrast_valleys":{"dmean":[0.348383307457,0.320137381554,0.289116084576,0.228561475873,0.183899044991,0.285438716412],"dmean2":[0.557793080807,0.520321309566,0.471653163433,0.366411268711,0.276213288307,0.348558038473],"dvar":[0.145395517349,0.0925636664033,0.0800796970725,0.0616992600262,0.0610917881131,0.130599215627],"dvar2":[0.279826253653,0.203823655844,0.16558508575,0.109288662672,0.0869505479932,0.192553505301],"max":[-5.62235832214,-5.2066950798,-5.69059038162,-6.25229787827,-6.36352062225,-8.02951812744],"mean":[-7.93004655838,-7.50471544266,-8.01210784912,-8.41993522644,-8.30706596375,-10.8568305969],"median":[-7.1946144104,-7.03263235092,-7.55182170868,-7.98321294785,-7.90646409988,-10.5649433136],"min":[-28.3358287811,-27.962146759,-27.7363891602,-27.6902809143,-27.54920578,-27.4436607361],"var":[7.70661211014,7.41007423401,6.9747838974,6.65689134598,6.72442245483,5.59668111801]},"spectral_decrease":{"dmean":1.72401526388e-9,"dmean2":2.60105914585e-9,"dvar":4.57753479181e-18,"dvar2":1.01630693965e-17,"max":1.29185043237e-21,"mean":-7.06072400547e-9,"median":-6.36175645496e-9,"min":-3.16699804159e-8,"var":2.46558089143e-17},"spectral_energy":{"dmean":0.00677093910053,"dmean2":0.0101315220818,"dvar":0.000068407796789,"dvar2":0.000150243577082,"max":0.122199550271,"mean":0.0284121129662,"median":0.0257134307176,"min":1.00912585453e-20,"var":0.000385389430448},"spectral_energyband_high":{"dmean":0.000463678559754,"dmean2":0.000613010139205,"dvar":0.00000178086486358,"dvar2":0.00000325127348333,"max":0.0197000876069,"mean":0.000785517971963,"median":0.000195914632059,"min":7.31208112893e-21,"var":0.00000365935807167},"spectral_energyband_low":{"dmean":0.00281100999564,"dmean2":0.00429158611223,"dvar":0.0000427433406003,"dvar2":0.0000996030212264,"max":0.0609414950013,"mean":0.00661538634449,"median":0.0042354715988,"min":1.48123954634e-23,"var":0.0000772250059526},"spectral_energyband_middle_high":{"dmean":0.00173699809238,"dmean2":0.00259896274656,"dvar":0.00000933211867959,"dvar2":0.000020171446522,"max":0.0549597628415,"mean":0.00550709245726,"median":0.00256099109538,"min":1.10974559058e-21,"var":0.0000563795947528},"spectral_energyband_middle_low":{"dmean":0.00509489327669,"dmean2":0.00778444390744,"dvar":0.0000401132965635,"dvar2":0.0000909030204639,"max":0.104160033166,"mean":0.0164817441255,"median":0.0125513030216,"min":1.9081981104e-22,"var":0.000207173012313},"spectral_entropy":{"dmean":0.163876771927,"dmean2":0.225295037031,"dvar":0.0321932844818,"dvar2":0.0556448809803,"max":9.82455348969,"mean":7.33654022217,"median":7.2825345993,"min":4.78987455368,"var":0.357635170221},"spectral_flux":{"dmean":0.0222167316824,"dmean2":0.035538174212,"dvar":0.000637343502603,"dvar2":0.00151118251961,"max":0.262062638998,"mean":0.0725063309073,"median":0.0664220452309,"min":6.27585206026e-11,"var":0.00188320095185},"spectral_kurtosis":{"dmean":1.85901618004,"dmean2":3.09300851822,"dvar":4.92139816284,"dvar2":13.6406021118,"max":39.9640007019,"mean":4.59496736526,"median":3.87663793564,"min":-1.31071913242,"var":15.1761865616},"spectral_rms":{"dmean":0.000603640044574,"dmean2":0.000888704846147,"dvar":4.59929481167e-7,"dvar2":9.38960909025e-7,"max":0.010918748565,"mean":0.00483649177477,"median":0.00500861974433,"min":3.13769496496e-12,"var":0.00000432750084656},"spectral_rolloff":{"dmean":480.258544922,"dmean2":795.011291504,"dvar":1186632.375,"dvar2":2370952.5,"max":19853.6132812,"mean":1617.27490234,"median":904.39453125,"min":86.1328125,"var":7486368},"spectral_skewness":{"dmean":0.235817819834,"dmean2":0.37135669589,"dvar":0.0560469925404,"dvar2":0.136412099004,"max":5.14072465897,"mean":1.56256830692,"median":1.52514445782,"min":-0.113317035139,"var":0.342877298594},"spectral_spread":{"dmean":579695.25,"dmean2":767873.375,"dvar":673175633920,"dvar2":1142289334270,"max":42929492,"mean":5089155.5,"median":4047592.25,"min":1826996.875,"var":23297020395500},"spectral_strongpeak":{"dmean":0.581896722317,"dmean2":0.960721611977,"dvar":0.85962754488,"dvar2":2.14733910561,"max":16.3916473389,"mean":1.33206212521,"median":0.95273911953,"min":0,"var":1.7807816267},"zerocrossingrate":{"dmean":0.0107794646174,"dmean2":0.011551136151,"dvar":0.00024499281426,"dvar2":0.000273226352874,"max":0.5302734375,"mean":0.0610376372933,"median":0.04296875,"min":0.00439453125,"var":0.00477554835379}},"metadata":{"audio_properties":{"analysis_sample_rate":44100,"bit_rate":247834,"codec":"mp3","downmix":"mix","equal_loudness":0,"length":141.714279175,"lossless":false,"md5_encoded":"5860a6fba04fc8be47e39697c8d55d8b","replay_gain":-6.93359565735,"sample_rate":44100},"tags":{"acoustid_fingerprint":["AQADtIrUJUmUwjscfA_8HaWUqGAfXAiTPUhGLXhoMB-HZieDZ8fFI3agpUe4Ew-d4sUVoVICj0_QX8gZ6MjR42QaUM9Q_Rjj4w-eKFuEMFuWB32ghcoRHoXL49eD38E_9DzCvYG4ZrmQw_vxR_gknDnCZzV0SjF-VOPQ3JCbE0c4xRtS5_imQetqhDbxL3CpGg9HdBofVDqah0Iu7IeefA-iLT8u2hn-o9KPJ8mFf4fPow-eS8ipL1CTTEFEJsGd48YHhjfcHKVEHmcQUzyS5kfTHH3Q7KlQJtRxNJaSoyc-M0h-5NKx4zvKJzCzozz64qh__DreI6KYM9A6WhAnyUP-4prRC8en4-oCMkyPaskO43wm3IH3UEg_JHuOK7lxonmEPjgvBWweDhmzUjl0I6ZxpgqaJ00SCiVlJFUQHMkl5ciFDwx3CY7yRLibwvE0dMXFo62PMGPW4NARJmIbPPDLgWEjMjgVHfyDHImmwwt__HgeCQ9T4cSPZ0Sv-GCikMV1IUiWKGPAZxRe7DkqmiJORWkSVGyO68Mz4crxI-Yh6yZyMYavozrxZ8RxhH8I8UWoEw2XK-hTPEf-Bj3TBFriPDhu4ZHR84Fro79wIv7Rn4HbaEHP4dUxXRmaPdGMKz3y4zshSn-KS7Ik5DqaOkcf7PjxZMed4-VRJQkv-MeHXCahaynSCj2iD5qPNGGNijt4_BkuXHiUwOfxILmRjxdq6cGXEf1xo2QWuD76H8ePPx--3fiP52jyCL6H2nGE52iHMDs-aM5EgQrlBmGSP3iO-TiaaolRp5SC1zh3vKj0KcO3e3AY9D-OPCeSH3_w40lwSRgVvuii02ia2rj54GuGEw_cqOuCS7nQnIrQH8_xH7OkLuhZJHSQximuFvvhHwdzNEa95MFPlHj6wHkOZhWX41l2_DiO8IfdQMuN6xkuHp_x40GYL0PJY8_SoD9cx5ieHT2oihGqhsf14wgTH_1MMGeO5jlu7Ee-JkcbSUeyzBaHkDzMC2_OCVeSSUSVbc5xXNpyNBxflEeeQ_-EiM6DS3h-Yo9GXEIZ_bjR5AquCveRI090obmR54e-pUhHOqgU7OgfUE-UCnlDaJ9w0orx8MJ96IfF1MFv6DLCZD-6Jzl-_DmaKk_QC3-I6kejH6dyvPiEixmOZkSZRchkI_lx7wn8sDKOK8cV9ERTMcYjPEkSb5hp4fyQI7mJ48d1odQGP_vQHz-Sv8jT4pmkHNfCGz_R82iWI8-D5Dz-JNhzgjueR8PJgAmjDL0r8E4j_PhxXDmaPEHoBFpqhF8mPNmD69iP5jvqZAl2HM-DT0-OH00oZqh9PMw_5JCSyEnQJRV06HmO64mIxg-uXIcVkghFp0ZJ4urgDziaH_myBMlz435S2NKFh8UT3DoeuCoe_JiT1fiR56ibFGqOkBeuFLjRHBUjXHrxaBfe4_jm40lxxBb-43qOSYqSeMHF9Di-HE6iJEf4BudRNGfAyp3wJImLi0uOxwh7CGcHV-FR4YEeEpd0HE8PfQxyLXLw49nhKsTB