{"lowlevel":{"average_loudness":0.921006083488,"barkbands":{"dmean":[0.0000103132215372,0.000648989109322,0.000627277535386,0.000431814754847,0.000547998119146,0.000412169581978,0.000291137344902,0.000535261176992,0.00070103246253,0.000195854401682,0.000446274760179,0.000348146422766,0.000370237830793,0.000338685233146,0.00043222156819,0.000575903046411,0.000432015192928,0.000469726976007,0.000283780915197,0.000221116031753,0.000162401032867,0.0000572905300942,0.0000224698742386,0.0000167878279171,0.00000789588739281,0.00000210008761314,1.18409310801e-7],"dmean2":[0.0000160072504514,0.00106183008756,0.00105477275793,0.000731676991563,0.000909564027097,0.000661432917695,0.000471040053526,0.000865223642904,0.00113337615039,0.000308291462716,0.000696089642588,0.000560572254471,0.000576088146772,0.000547293166164,0.000660568184685,0.000951556256041,0.000664499821141,0.000738555041607,0.00043866771739,0.00035643595038,0.000247179239523,0.0000842782465043,0.0000313700620609,0.0000238008815359,0.0000110518667498,0.00000297758083434,1.82874316579e-7],"dvar":[5.49797152249e-10,8.55545010836e-7,9.38276343732e-7,4.10401241879e-7,6.44838621611e-7,7.79481922564e-7,5.99199154294e-7,0.00000257982196672,0.00000289216859528,2.52837025982e-7,0.00000149982076891,0.00000104928153632,0.00000103455840872,5.06942853917e-7,0.00000100786394341,9.04397950308e-7,9.75605189524e-7,8.49803768688e-7,3.98443063432e-7,2.95019930263e-7,1.92754683326e-7,1.51135655102e-8,3.08553049777e-9,3.18630410945e-9,4.7084347532e-10,1.97982699679e-10,8.04772318664e-13],"dvar2":[1.25770271975e-9,0.0000021698413093,0.00000247504772233,0.00000107720393316,0.00000169526856553,0.00000195987195184,0.00000144946659475,0.00000644785995974,0.00000731321870262,6.06877449627e-7,0.00000386879673897,0.00000259449598161,0.00000222590483645,0.0000012031971437,0.00000227517830353,0.00000215666864278,0.00000198826501219,0.00000191193066712,8.1694219034e-7,7.85761187672e-7,4.55569903579e-7,3.35529506401e-8,5.97915317258e-9,6.27231155903e-9,9.44105238432e-10,4.85202267253e-10,2.11152449692e-12],"max":[0.00045259896433,0.0111787486821,0.0146229388192,0.00819431245327,0.0113575393334,0.0260840915143,0.0319464057684,0.0417838171124,0.0317962430418,0.0165634322912,0.0243997015059,0.0214020442218,0.0321747511625,0.0158875267953,0.025627553463,0.0206067450345,0.0280301999301,0.0211206190288,0.0276199076325,0.0139176025987,0.0145361134782,0.00407806225121,0.00239080307074,0.00361383962445,0.00122098834254,0.00106371031143,0.0000622463267064],"mean":[0.0000126877521325,0.000944763887674,0.000848956522532,0.000560029584449,0.000864295987412,0.000702026532963,0.000444516655989,0.000768406433053,0.00104282761458,0.000299487437587,0.000703945639543,0.000538546708412,0.000608364178333,0.000563473964576,0.000761063420214,0.000927632034291,0.00087300920859,0.000858933548443,0.000588868628256,0.000398669973947,0.000302530737827,0.000113180918561,0.0000412195040553,0.000028405302146,0.0000129584477691,0.00000296620532936,1.63814220855e-7],"median":[0.00000219276148528,0.000534173974302,0.000473328749649,0.000318747857818,0.000517022970598,0.000339399557561,0.000177166672074,0.000192929219338,0.000264018890448,0.000127747960505,0.00016016997688,0.000150674037286,0.000209974095924,0.000282201915979,0.000244421185926,0.000462027208414,0.0003540024627,0.000405455008149,0.000306511879899,0.000208311132155,0.000137107519549,0.0000522392656421,0.0000165979781741,0.0000111670378828,0.00000478089577882,8.83618326952e-7,5.23973398003e-8],"min":[4.37929978418e-24,5.50735036827e-24,4.02203414654e-24,4.68547523973e-24,2.51932985274e-23,3.33311655376e-23,3.19308995655e-23,1.24056889155e-23,3.01351555335e-23,5.60344751047e-23,2.38250997511e-23,4.4301715307e-23,4.14404252959e-23,4.96247120371e-23,7.13361299902e-23,6.84355326179e-23,8.02731478072e-23,1.01752252535e-22,1.46311243782e-22,1.6545304831e-22,2.45493740897e-22,4.1480898909e-22,4.56550838138e-22,6.6853682225e-22,9.07310099323e-22,1.37558782813e-21,2.15910538086e-21],"var":[7.26346705004e-10,0.00000129897784973,0.00000114328588552,5.04249783262e-7,0.00000103470608792,0.00000125640440274,9.97326992547e-7,0.00000471740668218,0.00000511265625391,3.85957349636e-7,0.00000301556747218,0.00000188242950117,0.00000247257116825,9.85260840025e-7,0.00000260298747889,0.00000202737419386,0.00000291533842756,0.00000214593364944,0.00000119311448543,4.13077373196e-7,3.83774988677e-7,3.45936648216e-8,6.83375001032e-9,6.32444407955e-9,8.70010452569e-10,1.98228961024e-10,7.95512093699e-13]},"barkbands_crest":{"dmean":2.21775484085,"dmean2":3.67905879021,"dvar":4.14812994003,"dvar2":10.7235984802,"max":26.0873947144,"mean":7.35244560242,"median":6.58712482452,"min":2.24144697189,"var":10.432343483},"barkbands_flatness_db":{"dmean":0.0168873984367,"dmean2":0.0250006206334,"dvar":0.000236571664573,"dvar2":0.000489888712764,"max":0.306957691908,"mean":0.113208860159,"median":0.111001759768,"min":0.0315545424819,"var":0.000958619697485},"barkbands_kurtosis":{"dmean":0.945092558861,"dmean2":1.53695738316,"dvar":5.64256381989,"dvar2":15.1062345505,"max":131.333343506,"mean":-0.0935410857201,"median":-0.815196752548,"min":-1.86843848228,"var":9.12736034393},"barkbands_skewness":{"dmean":0.43612664938,"dmean2":0.675653636456,"dvar":0.17703102529,"dvar2":0.400592416525,"max":9.77384185791,"mean":0.29901483655,"median":0.236728608608,"min":-2.39340233803,"var":0.798053979874},"barkbands_spread":{"dmean":5.56035709381,"dmean2":8.71771907806,"dvar":28.0259895325,"dvar2":64.8545608521,"max":111.526077271,"mean":29.8529281616,"median":30.123462677,"min":1.43689489365,"var":106.571937561},"dissonance":{"dmean":0.011775101535,"dmean2":0.019975328818,"dvar":0.000148436171003,"dvar2":0.000403597601689,"max":0.500000059605,"mean":0.480068683624,"median":0.484213590622,"min":0.349144399166,"var":0.000253499078099},"dynamic_complexity":3.23492956161,"erbbands":{"dmean":[0.00835219491273,0.180996567011,0.65929889679,1.16268754005,1.4593732357,1.9995970726,2.98335242271,3.39536643028,3.15611004829,8.85019493103,10.3367004395,15.8479995728,8.36580944061,8.72931480408,17.9697532654,11.7818040848,15.4151706696,17.6112689972,16.3386859894,25.1397838593,24.8547458649,21.2804050446,26.7063140869,20.0304164886,9.00998592377,9.06618595123,9.39085578918,4.78441381454,2.30992746353,1.02240264416,0.628468394279,0.431421011686,0.235693767667,0.113177441061,0.0454221628606,0.0140733104199,0.00298636872321,0.000368979206542,0.0000207327211683,0.00000548867274119],"dmean2":[0.0138661684468,0.295526236296,1.09769165516,1.96314823627,2.44128465652,3.33931446075,4.87916707993,5.3839840889,5.05346632004,14.3972454071,16.544084549,25.4320487976,13.2256822586,13.5784769058,28.9167766571,18.7679710388,23.6752357483,28.349653244,24.9141368866,39.6442375183,39.2416572571,32.4903373718,41.8084144592,31.1307373047,13.7869329453,14.4222745895,14.7831048965,7.31787967682,3.42353177071,1.4437969923,0.893043577671,0.615238010883,0.33243316412,0.159295171499,0.0641375929117,0.0196975115687,0.00427025277168,0.00054442405235,0.0000307439622702,0.00000782448569225],"dvar":[0.000159065282787,0.0659098401666,0.930735826492,3.05667710304,4.84042358398,10.7852668762,26.514547348,75.3717575073,46.8987808228,859.557495117,716.58782959,1588.6529541,397.870025635,579.173278809,2879.39672852,1206.86889648,1723.5645752,1297.72070312,1613.67138672,2483.1081543,1955.41674805,2019.28527832,3168.72167969,1896.52954102,322.040161133,447.906982422,787.015930176,142.597244263,24.8375473022,4.62287902832,2.93654608727,1.801227808,0.855911254883,0.0961862653494,0.0221065804362,0.0062976302579,0.000461374263978,0.0000135221798701,1.44797560608e-8,5.03793534667e-11],"dvar2":[0.000438062852481,0.16546036303,2.36688756943,8.01591205597,12.6983013153,28.7358360291,68.6343765259,188.346542358,109.480209351,2240.72949219,1773.54284668,4070.86132812,989.29498291,1274.86193848,8129.80371094,3011.79614258,3832.15209961,3048.61645508,3529.45898438,5477.66015625,4033.86401367,4269.71533203,7018.27099609,4055.59960938,662.085632324,1170.33227539,1976.29821777,339.62890625,55.4100456238,9.34481620789,5.84712600708,3.50364589691,1.82993626595,0.20789091289,0.0452563352883,0.014694112353,0.00114315620158,0.0000357951612386,3.61809355809e-8,1.01738513447e-10],"max":[0.151304766536,3.11881947517,11.7513132095,21.9565048218,40.1430778503,60.7333526611,93.1985626221,293.622283936,187.307800293,775.78112793,567.34173584,815.722045898,642.552612305,819.509460449,1245.81677246,805.432250977,1439.83508301,721.936157227,1044.01647949,1289.80004883,1024.60620117,1121.13818359,1351.11096191,1508.0324707,498.470153809,636.237609863,912.62677002,380.905975342,178.854934692,52.8916969299,80.1140823364,69.1102981567,68.1924362183,14.5677156448,10.093626976,5.98917484283,1.60822319984,0.27112108469,0.00856762751937,0.000278729741694],"mean":[0.0128049328923,0.262118905783,0.94170832634,1.61087119579,2.08675575256,2.98713827133,4.98986721039,5.51451349258,5.28861808777,13.6949682236,15.2746973038,23.4997711182,14.0749349594,15.3063631058,30.2353401184,21.0377254486,27.582950592,31.9661903381,30.9435958862,47.7147254944,47.8467216492,46.5513153076,51.8941841125,41.3215141296,20.0619354248,17.4555683136,17.0187778473,8.76264190674,4.61469125748,2.0184211731,1.15830314159,0.73438090086,0.390972554684,0.183125957847,0.0729310140014,0.0208902806044,0.00401715189219,0.000488397548907,0.0000377962569473,0.0000193483137991],"median":[0.0077604232356,0.147748544812,0.597734630108,0.977155923843,1.22321939468,1.64708256721,2.48819422722,2.59044599533,2.7246029377,3.95406460762,5.11165046692,6.44885158539,5.27293682098,5.54676771164,6.26325559616,6.76913976669,10.8470420837,17.4412288666,13.3431024551,23.8205604553,24.6145153046,20.4885807037,25.6768665314,21.4637794495,12.1048278809,9.22049427032,7.35397005081,4.13620471954,2.14412355423,0.870121002197,0.476395815611,0.282810539007,0.15068000555,0.0696566849947,0.0257310308516,0.00666294479743,0.00119683099911,0.000144662073581,0.000019071621864,0.0000156846472237],"min":[1.57144740013e-22,6.81860165447e-22,3.25567040575e-21,1.96951655381e-20,2.5143052985e-20,7.43006261055e-20,2.00185398433e-19,2.34373535707e-19,2.01919440415e-19,4.05996219567e-19,3.237948877e-19,6.25662096241e-19,1.22233171881e-18,1.58894499053e-18,1.95226225771e-18,1.84378269025e-18,2.14245155325e-18,1.59838208734e-18,3.69606300693e-18,3.33350229982e-18,5.81096158757e-18,5.88549676461e-18,6.23320751177e-18,8.31646643398e-18,8.52631222922e-18,9.08413305582e-18,1.13234582122e-17,1.12024019839e-17,1.33420568395e-17,1.52709253955e-17,1.22086283215e-17,1.29055437041e-17,1.0710452031e-17,9.40027073259e-18,6.64869123447e-18,4.64589217045e-18,2.70146765584e-18,9.78915935783e-19,2.99227778604e-19,3.17409169694e-20],"var":[0.000222413858864,0.0997040122747,1.19032359123,3.63567376137,6.68424510956,16.1554794312,55.1241760254,101.677009583,76.0819168091,1542.93444824,1095.2331543,2727.12548828,749.522583008,1579.69836426,5905.61816406,2511.43359375,4671.74951172,2685.48242188,3796.45166016,6488.39746094,5921.52490234,6406.12548828,7915.27148438,5721.62646484,828.79309082,719.270080566,1286.63659668,251.431060791,56.4389877319,12.1883468628,6.09303379059,3.59455490112,1.44479858875,0.169002532959,0.0356434248388,0.00700192619115,0.000435970490798,0.0000113127844088,1.66583209449e-8,2.01057767657e-10]},"erbbands_crest":{"dmean":2.56854176521,"dmean2":4.25765371323,"dvar":5.74127244949,"dvar2":15.1573085785,"max":27.4617233276,"mean":8.65855884552,"median":7.72644758224,"min":2.2836253643,"var":15.1106758118},"erbbands_flatness_db":{"dmean":0.0172032658011,"dmean2":0.0252062492073,"dvar":0.000244489812758,"dvar2":0.000485406839289,"max":0.323498725891,"mean":0.183776035905,"median":0.184000328183,"min":0.0231671221554,"var":0.00141610472929},"erbbands_kurtosis":{"dmean":0.959878861904,"dmean2":1.53880751133,"dvar":1.15268719196,"dvar2":2.73471808434,"max":19.4570159912,"mean":0.70813959837,"median":0.244007110596,"min":-1.67226982117,"var":3.13041377068},"erbbands_skewness":{"dmean":0.331901192665,"dmean2":0.519413173199,"dvar":0.0841911882162,"dvar2":0.199954912066,"max":2.34573864937,"mean":-0.542266666889,"median":-0.608743727207,"min":-3.05665969849,"var":0.478098392487},"erbbands_spread":{"dmean":5.96274995804,"dmean2":9.35541915894,"dvar":31.8782558441,"dvar2":75.1354064941,"max":150.727355957,"mean":28.707906723,"median":26.9767189026,"min":4.01304531097,"var":170.615722656},"gfcc":{"cov":[[10868.5693359,315.077087402,-1572.56164551,313.010162354,-637.782531738,33.4585456848,-315.641143799,34.9927368164,-159.806152344,-35.7213554382,-68.9440765381,-7.85550880432,33.2153358459],[315.077087402,764.191894531,-61.5436935425,6.93929624557,194.155990601,-119.121810913,70.8007888794,-69.4423446655,4.81405544281,-43.7605705261,28.8343143463,-65.1815872192,-8.54345798492],[-1572.56164551,-61.5436935425,660.848754883,29.8758621216,88.1137695312,106.350143433,-6.77214574814,29.9157238007,-11.3975667953,21.9909553528,-23.2724342346,22.7121505737,-34.379322052],[313.010162354,6.93929624557,29.8758621216,303.686431885,79.1876831055,-32.9996070862,-9.80073165894,-16.437335968,50.4710731506,15.7419290543,-19.9533119202,-26.952129364,30.9471664429],[-637.782531738,194.155990601,88.1137695312,79.1876831055,257.411407471,-20.969789505,38.6497879028,-22.0648498535,32.2836837769,4.61608934402,-5.84023618698,-24.2840671539,8.56694984436],[33.4585456848,-119.121810913,106.350143433,-32.9996070862,-20.969789505,193.233062744,32.0121116638,39.7375946045,-25.0885639191,1.58146357536,-4.11868286133,18.4660434723,-20.9906349182],[-315.641143799,70.8007888794,-6.77214574814,-9.80073165894,38.6497879028,32.0121116638,175.237808228,32.5828819275,15.7467784882,-4.00624752045,8.88704872131,-15.8008947372,-15.6840171814],[34.9927368164,-69.4423446655,29.9157238007,-16.437335968,-22.0648498535,39.7375946045,32.5828819275,90.8137893677,28.0981674194,6.64474105835,-4.88344430923,3.30520868301,-10.3484077454],[-159.806152344,4.81405544281,-11.3975667953,50.4710731506,32.2836837769,-25.0885639191,15.7467784882,28.0981674194,117.337745667,34.0407905579,-2.27674555779,-18.5691814423,6.22264051437],[-35.7213554382,-43.7605705261,21.9909553528,15.7419290543,4.61608934402,1.58146357536,-4.00624752045,6.64474105835,34.0407905579,83.3837966919,17.716381073,-1.45339095592,-2.47561144829],[-68.9440765381,28.8343143463,-23.2724342346,-19.9533119202,-5.84023618698,-4.11868286133,8.88704872131,-4.88344430923,-2.27674555779,17.716381073,69.0378799438,16.0064525604,-4.77092218399],[-7.85550880432,-65.1815872192,22.7121505737,-26.952129364,-24.2840671539,18.4660434723,-15.8008947372,3.30520868301,-18.5691814423,-1.45339095592,16.0064525604,73.1094589233,25.8673477173],[33.2153358459,-8.54345798492,-34.379322052,30.9471664429,8.56694984436,-20.9906349182,-15.6840171814,-10.3484077454,6.22264051437,-2.47561144829,-4.77092218399,25.8673477173,65.9417190552]],"icov":[[0.000561489549,-0.00117882480845,0.00160818442237,-0.001541395206,0.00149808172137,-0.00127244042233,0.00140780117363,-0.00154735625256,0.00125231791753,-0.00123112113215,0.00164810626302,-0.00131840631366,0.00109064404387],[-0.00117882480845,0.0047420701012,-0.00335956527852,0.00369657878764,-0.00463493540883,0.00368061102927,-0.00364627758972,0.00424670334905,-0.00260210293345,0.00395626481622,-0.00491049978882,0.0043973447755,-0.00239142449573],[0.00160818442237,-0.00335956527852,0.00663095805794,-0.0047216154635,0.00329459342174,-0.00447801500559,0.00447210017592,-0.00494970008731,0.00397358601913,-0.00420605158433,0.0057198102586,-0.00523011852056,0.00479373382404],[-0.001541395206,0.00369657878764,-0.0047216154635,0.00857747066766,-0.00515909865499,0.0037222194951,-0.00371509394608,0.00514176534489,-0.00475660618395,0.00332718621939,-0.00430253800005,0.00580447632819,-0.0054678870365],[0.00149808172137,-0.00463493540883,0.00329459342174,-0.00515909865499,0.010167886503,-0.00367584638298,0.00270852213725,-0.00282299309038,0.00209381943569,-0.00374863110483,0.00502393115312,-0.0031400769949,0.00175084336661],[-0.00127244042233,0.00368061102927,-0.00447801500559,0.0037222194951,-0.00367584638298,0.0103600556031,-0.00468816654757,0.00144071131945,-0.00089580117492,0.00263303029351,-0.00343082845211,0.00187909172382,-0.000879285449628],[0.00140780117363,-0.00364627758972,0.00447210017592,-0.00371509394608,0.00270852213725,-0.00468816654757,0.0108228521422,-0.00669128959998,0.00273404316977,-0.00247809966095,0.0029391576536,-0.00231417594478,0.00334285385907],[-0.00154735625256,0.00424670334905,-0.00494970008731,0.00514176534489,-0.00282299309038,0.00144071131945,-0.00669128959998,0.0204419977963,-0.00874781515449,0.00438272068277,-0.00344627257437,0.00252130045556,-0.00147051154636],[0.00125231791753,-0.00260210293345,0.00397358601913,-0.00475660618395,0.00209381943569,-0.00089580117492,0.00273404316977,-0.00874781515449,0.0158779602498,-0.00759165128693,0.00411228369921,-0.000563719193451,0.000791665515862],[-0.00123112113215,0.00395626481622,-0.00420605158433,0.00332718621939,-0.00374863110483,0.00263303029351,-0.00247809966095,0.00438272068277,-0.00759165128693,0.0187647622079,-0.00913284346461,0.00450949557126,-0.00220696954057],[0.00164810626302,-0.00491049978882,0.0057198102586,-0.00430253800005,0.00502393115312,-0.00343082845211,0.0029391576536,-0.00344627257437,0.00411228369921,-0.00913284346461,0.0240616444498,-0.0112510006875,0.00737181212753],[-0.00131840631366,0.0043973447755,-0.00523011852056,0.00580447632819,-0.0031400769949,0.00187909172382,-0.00231417594478,0.00252130045556,-0.000563719193451,0.00450949557126,-0.0112510006875,0.0265902597457,-0.0143879419193],[0.00109064404387,-0.00239142449573,0.00479373382404,-0.0054678870365,0.00175084336661,-0.000879285449628,0.00334285385907,-0.00147051154636,0.000791665515862,-0.00220696954057,0.00737181212753,-0.0143879419193,0.0254478957504]],"mean":[-29.4417743683,92.3032913208,-157.782958984,46.4494285583,-49.1893844604,4.67175960541,-34.63489151,7.53305339813,-20.5581893921,-0.0433174930513,-15.8635673523,-5.95902299881,-8.85074710846]},"hfc":{"dmean":5.6501584053,"dmean2":7.96273899078,"dvar":70.4855041504,"dvar2":132.207626343,"max":168.020767212,"mean":19.7418270111,"median":14.0516605377,"min":1.12804036267e-16,"var":325.410430908},"melbands":{"dmean":[0.000126534054289,0.000308863993268,0.00019548428827,0.000120973076264,0.0000976643277681,0.0000756455556257,0.0000507153526996,0.000105139552034,0.0000891874879017,0.00010350967932,0.0000411917208112,0.0000331907904183,0.0000582867505727,0.0000395758652303,0.0000327878515236,0.0000399064629164,0.0000362229366146,0.0000258625550487,0.0000368317014363,0.0000505102434545,0.0000258972595475,0.0000252935260505,0.0000239681867242,0.000022647980586,0.0000177890633495,0.00000784531403042,0.00000580479763812,0.00000701405178916,0.00000790041394794,0.00000372887939193,0.00000275732281807,0.00000145577553212,9.24783819301e-7,4.82984489736e-7,3.91572910985e-7,3.31031344558e-7,2.52159935599e-7,1.78291770681e-7,1.34909285521e-7,8.79613892835e-8],"dmean2":[0.000208068086067,0.000507769116666,0.000326980749378,0.000202093899134,0.000159533883561,0.000120055330626,0.0000806293464848,0.00017026005662,0.000143487079185,0.000166657351656,0.0000651456575724,0.0000517631378898,0.0000916873032111,0.0000631699804217,0.0000518708948221,0.0000619938655291,0.0000589211158513,0.0000401658289775,0.0000571262462472,0.0000830917051644,0.0000399470882257,0.0000388531152566,0.0000376610842068,0.0000354802978109,0.0000277659819403,0.000012087540199,0.00000909231221158,0.00001144982798,0.0000126813774841,0.00000572844282942,0.00000432622255175,0.00000219990238293,0.00000135764423703,6.95522658134e-7,5.7171445178e-7,4.87510135372e-7,3.61312970654e-7,2.57331578268e-7,1.94706373691e-7,1.27009698758e-7],"dvar":[3.3276226219e-8,1.87900937476e-7,7.86563134625e-8,3.75351127957e-8,2.3475836386e-8,3.28777218783e-8,1.26391945798e-8,1.2231326707e-7,6.03914855901e-8,6.71166233701e-8,9.9401216147e-9,8.7149381045e-9,2.61481396535e-8,1.4121896541e-8,1.06402771038e-8,1.38503262193e-8,5.58626700453e-9,4.83464335232e-9,8.18698087102e-9,6.99182445274e-9,3.68992347788e-9,3.70093777846e-9,1.65067870483e-9,2.81706724614e-9,1.68343083917e-9,3.48440692965e-10,1.19427023826e-10,3.5294503431e-10,7.15640824378e-10,7.06263797445e-11,4.85841401832e-11,1.00357786317e-11,4.68985961177e-12,9.91304586161e-13,1.08135841861e-12,1.2802882669e-12,5.77047090666e-13,5.64997972453e-13,2.09723636569e-13,5.0662910824e-14],"dvar2":[8.74217533919e-8,4.64479143147e-7,2.0167615844e-7,9.91976207843e-8,6.05848740065e-8,8.22399996991e-8,2.88103976231e-8,3.15220830771e-7,1.50745663063e-7,1.72355896666e-7,2.45033007218e-8,1.93307148066e-8,7.00838000967e-8,3.53488225358e-8,2.56553533973e-8,3.02216633941e-8,1.33107098677e-8,1.08679421018e-8,1.90565501157e-8,1.68370082321e-8,7.08121516979e-9,8.01493804659e-9,3.81693610052e-9,6.29741370162e-9,3.58478380313e-9,7.10014935734e-10,2.73470052159e-10,9.51094536461e-10,1.84818960136e-9,1.6394943736e-10,1.16141304907e-10,2.29949184694e-11,1.04891087135e-11,2.06480275586e-12,2.27290170192e-12,2.67905879772e-12,1.16258695379e-12,1.17475018428e-12,4.91189825359e-13,1.08558385263e-13],"max":[0.00206286879256,0.00455681886524,0.00350434682332,0.00309173809364,0.00259051285684,0.00611276039854,0.00400450453162,0.00976167526096,0.00587180070579,0.00487368693575,0.00314142438583,0.00314232660457,0.00338520621881,0.00321981078014,0.00266703614034,0.00442041782662,0.00164384883828,0.00214234972373,0.00265004183166,0.00200806860812,0.00147120130714,0.00159310817253,0.0012668047566,0.00147438840941,0.00140932656359,0.000764960248489,0.000271814031294,0.000620060251094,0.000802467635367,0.000265767506789,0.000194068066776,0.000119557858852,0.0000718818118912,0.0000239021101152,0.000044876091124,0.0000549021897314,0.0000482675714011,0.0000577856699238,0.0000245658175118,0.00000772403109295],"mean":[0.000189793412574,0.000465823395643,0.000292027601972,0.00017817292246,0.000169439226738,0.000125938589917,0.0000834134552861,0.000162615411682,0.000128139799926,0.000153178276378,0.0000662577804178,0.0000548888310732,0.0000961335390457,0.0000647025663056,0.0000549483047507,0.000064526044298,0.0000599039303779,0.0000428953280789,0.0000636124168523,0.0000786484451964,0.000048770885769,0.0000498199260619,0.0000456750458397,0.0000413349080191,0.000033975669794,0.0000153830333147,0.000011643027392,0.0000118044008559,0.0000127965568026,0.00000670680356052,0.00000451105324828,0.00000274781746157,0.00000168330643646,8.8172737378e-7,6.87751878559e-7,5.49532956029e-7,4.03376049007e-7,2.83668555312e-7,2.12036098901e-7,1.35719204764e-7],"median":[0.000114759073767,0.000315651675919,0.00019934111333,0.000103231453977,0.0000927912187763,0.0000618415360805,0.0000410830543842,0.0000438404567831,0.0000380560850317,0.0000384048107662,0.0000226801330427,0.0000183906595339,0.0000204711886909,0.00001592251283,0.0000161273219419,0.0000206083786907,0.0000307244081341,0.0000172346008185,0.000019579052605,0.0000384472332371,0.0000222752642003,0.0000183057436516,0.0000244215334533,0.0000177965102921,0.0000162642318173,0.00000726807365936,0.00000714251154932,0.00000510115523866,0.0000048178058023,0.00000325127575707,0.00000190106629816,0.00000124535051782,6.64016283736e-7,3.60935388244e-7,2.78484435512e-7,2.02777400204e-7,1.47400740502e-7,1.06334788086e-7,7.86632128325e-8,4.87725841936e-8],"min":[1.77018336093e-24,1.24608803855e-24,3.3054453248e-24,5.72771747885e-24,5.83962686458e-24,5.3720500734e-24,3.80360053404e-24,4.37439740809e-24,2.83055480694e-24,4.03631371222e-24,5.52360011405e-24,6.78215511313e-24,5.9209375191e-24,3.75211947136e-24,2.82725441013e-24,3.41083615566e-24,2.99544251335e-24,5.56660683845e-24,4.75008452559e-24,3.88148634893e-24,6.72883994885e-24,4.92547946483e-24,7.22445206775e-24,4.97491225016e-24,6.12564179641e-24,6.46022018885e-24,6.22542402345e-24,5.07716597842e-24,6.82760454532e-24,6.76904976691e-24,6.06338292162e-24,5.89395413741e-24,6.30265271721e-24,8.16717950367e-24,6.44496835211e-24,7.11868869732e-24,7.6923846352e-24,7.11779570678e-24,7.93337690858e-24,7.59087953594e-24],"var":[4.90711542511e-8,2.59394653312e-7,1.00530662905e-7,4.9941313307e-8,5.07633259872e-8,4.59470932412e-8,2.17437055028e-8,2.31856176924e-7,8.96461997968e-8,1.22307625361e-7,1.85259700913e-8,2.30740564433e-8,5.42585922858e-8,2.79215814913e-8,2.08414423497e-8,3.55932243679e-8,1.12353779613e-8,9.22363252442e-9,1.99650429522e-8,1.50506647145e-8,1.06415214418e-8,1.0035372533e-8,4.2011492063e-9,7.17801951211e-9,4.97535923571e-9,9.58228718595e-10,2.48257026048e-10,4.71635841492e-10,1.00278163551e-9,1.51926027314e-10,8.01118199556e-11,2.07703489824e-11,1.06244327572e-11,2.36878268736e-12,2.20942686889e-12,2.07611922445e-12,1.1804460404e-12,9.32101076011e-13,3.19881870558e-13,8.48016589675e-14]},"melbands_crest":{"dmean":3.14942765236,"dmean2":5.19990634918,"dvar":7.70521020889,"dvar2":19.9325141907,"max":37.325504303,"mean":10.8852396011,"median":9.96758174896,"min":1.40602731705,"var":19.9806213379},"melbands_flatness_db":{"dmean":0.0216600131243,"dmean2":0.0324819087982,"dvar":0.00042766352999,"dvar2":0.000896299199667,"max":0.41481629014,"mean":0.145225405693,"median":0.139188438654,"min":0.000849656702485,"var":0.00198057061061},"melbands_kurtosis":{"dmean":2.55892395973,"dmean2":4.08090782166,"dvar":39.6464538574,"dvar2":101.502944946,"max":250.153289795,"mean":3.18723106384,"median":0.714950084686,"min":-1.79774308205,"var":127.363639832},"melbands_skewness":{"dmean":0.542057335377,"dmean2":0.839526116848,"dvar":0.313874006271,"dvar2":0.706712305546,"max":12.1723747253,"mean":1.34013414383,"median":1.14694035053,"min":-1.36669254303,"var":1.59386563301},"melbands_spread":{"dmean":10.2949028015,"dmean2":16.1403865814,"dvar":101.199478149,"dvar2":227.133224487,"max":166.708831787,"mean":45.9771881104,"median":44.644203186,"min":0.870703518391,"var":422.643280029},"mfcc":{"cov":[[5994.72216797,-157.195770264,-378.476989746,27.3568286896,-230.250396729,-50.9173049927,-119.643455505,-16.9095554352,-65.5738296509,-68.3599014282,-59.0728340149,-30.243522644,-87.7926712036],[-157.195770264,851.729370117,-126.409454346,110.820571899,62.3544540405,10.2975282669,71.7854690552,-7.59490060806,-15.6958961487,-15.4382581711,16.6091136932,0.111263819039,-7.57713937759],[-378.476989746,-126.409454346,424.524932861,-42.8604393005,56.8397407532,36.096824646,19.4966602325,32.5261230469,2.67301630974,13.8482952118,5.22646093369,-6.89043569565,24.2541751862],[27.3568286896,110.820571899,-42.8604393005,335.182067871,87.3775024414,33.1659698486,-25.3465118408,-38.2339782715,50.752368927,29.6595191956,-16.6633777618,12.732506752,-21.4982185364],[-230.250396729,62.3544540405,56.8397407532,87.3775024414,196.459274292,42.0790100098,-14.4229736328,-12.1309309006,13.5177021027,18.673532486,-17.6055679321,-15.0150709152,9.76882171631],[-50.9173049927,10.2975282669,36.096824646,33.1659698486,42.0790100098,112.284568787,43.9710197449,10.1580533981,25.6245746613,6.97633075714,9.77253818512,5.85867834091,1.08485913277],[-119.643455505,71.7854690552,19.4966602325,-25.3465118408,-14.4229736328,43.9710197449,129.270339966,44.7770080566,-3.22079849243,-4.01614332199,18.2540283203,5.62399578094,-3.86925363541],[-16.9095554352,-7.59490060806,32.5261230469,-38.2339782715,-12.1309309006,10.1580533981,44.7770080566,106.23008728,22.4454021454,-0.80824804306,11.2075366974,0.805503308773,5.37907791138],[-65.5738296509,-15.6958961487,2.67301630974,50.752368927,13.5177021027,25.6245746613,-3.22079849243,22.4454021454,107.039093018,32.543712616,6.6776304245,13.1761703491,4.33081531525],[-68.3599014282,-15.4382581711,13.8482952118,29.6595191956,18.673532486,6.97633075714,-4.01614332199,-0.80824804306,32.543712616,91.948425293,30.8128528595,9.46585559845,1.94637048244],[-59.0728340149,16.6091136932,5.22646093369,-16.6633777618,-17.6055679321,9.77253818512,18.2540283203,11.2075366974,6.6776304245,30.8128528595,74.4300003052,29.2566547394,-0.629732847214],[-30.243522644,0.111263819039,-6.89043569565,12.732506752,-15.0150709152,5.85867834091,5.62399578094,0.805503308773,13.1761703491,9.46585559845,29.2566547394,68.0729675293,19.6430225372],[-87.7926712036,-7.57713937759,24.2541751862,-21.4982185364,9.76882171631,1.08485913277,-3.86925363541,5.37907791138,4.33081531525,1.94637048244,-0.629732847214,19.6430225372,67.0921401978]],"icov":[[0.000195950764464,0.0000286716331175,0.000147408834891,-0.0000631703514955,0.000247238058364,-0.000182183852303,0.000265942449914,-0.00016399929882,0.000186450852198,0.00000329058866555,0.000142586388392,0.0000183809461305,0.000165375386132],[0.0000286716331175,0.00149685225915,0.000509142933879,-0.000546195718925,-0.00063503702404,0.000537088373676,-0.00119723507669,0.000207082135603,0.000190352031495,0.000593199627474,-0.000855046848301,0.000412534544012,-0.000312679243507],[0.000147408834891,0.000509142933879,0.00295287859626,0.000261149543803,-0.000837724248413,-0.000644782790914,-0.000157372836838,-0.00075567123713,0.000440241448814,-0.000237981657847,-0.000234532737522,0.000460338953417,-0.000707991886884],[-0.0000631703514955,-0.000546195718925,0.000261149543803,0.00456206873059,-0.00160636659712,-0.000745426979847,0.00055616570171,0.00122779933736,-0.00175909721293,-0.00108681432903,0.00195959932171,-0.00219240598381,0.00220800191164],[0.000247238058364,-0.00063503702404,-0.000837724248413,-0.00160636659712,0.00778894033283,-0.00312412832864,0.00205440586433,-0.000331460672896,0.000941528007388,-0.00158736517187,0.00165094633121,0.00189582712483,-0.00145288929343],[-0.000182183852303,0.000537088373676,-0.000644782790914,-0.000745426979847,-0.00312412832864,0.0132995145395,-0.00571266654879,0.00165889936034,-0.00330407195725,0.00155038770754,-0.00206637452357,-0.00000303510341837,-0.000256327970419],[0.000265942449914,-0.00119723507669,-0.000157372836838,0.00055616570171,0.00205440586433,-0.00571266654879,0.0128482813016,-0.00497751729563,0.00242038350552,-0.000326484820107,-0.000321857776726,-0.0007621012046,0.00145451084245],[-0.00016399929882,0.000207082135603,-0.00075567123713,0.00122779933736,-0.000331460672896,0.00165889936034,-0.00497751729563,0.0131169827655,-0.00434308731928,0.00143813458271,-0.00161772791762,0.00128363154363,-0.000994253205135],[0.000186450852198,0.000190352031495,0.000440241448814,-0.00175909721293,0.000941528007388,-0.00330407195725,0.00242038350552,-0.00434308731928,0.0134104071185,-0.00432606786489,0.00171690294519,-0.00186582223978,-0.000230971592828],[0.00000329058866555,0.000593199627474,-0.000237981657847,-0.00108681432903,-0.00158736517187,0.00155038770754,-0.000326484820107,0.00143813458271,-0.00432606786489,0.0155708817765,-0.00795509293675,0.00207843631506,-0.000974643102381],[0.000142586388392,-0.000855046848301,-0.000234532737522,0.00195959932171,0.00165094633121,-0.00206637452357,-0.000321857776726,-0.00161772791762,0.00171690294519,-0.00795509293675,0.0221147630364,-0.00957598350942,0.00383802945726],[0.0000183809461305,0.000412534544012,0.000460338953417,-0.00219240598381,0.00189582712483,-0.00000303510341837,-0.0007621012046,0.00128363154363,-0.00186582223978,0.00207843631506,-0.00957598350942,0.0220303609967,-0.00770085304976],[0.000165375386132,-0.000312679243507,-0.000707991886884,0.00220800191164,-0.00145288929343,-0.000256327970419,0.00145451084245,-0.000994253205135,-0.000230971592828,-0.000974643102381,0.00383802945726,-0.00770085304976,0.0187625382096]],"mean":[-652.679626465,110.327880859,-38.006401062,36.5950241089,2.51702141762,3.84467339516,-2.15061831474,1.70336222649,2.50745940208,1.00122630596,-0.95836442709,2.23839640617,-4.82972097397]},"pitch_salience":{"dmean":0.0657720044255,"dmean2":0.107427231967,"dvar":0.00312295067124,"dvar2":0.00801771599799,"max":0.958300113678,"mean":0.567347288132,"median":0.571027219296,"min":0.0878134667873,"var":0.00856296531856},"silence_rate_20dB":{"dmean":0,"dmean2":0,"dvar":0,"dvar2":0,"max":1,"mean":1,"median":1,"min":1,"var":0},"silence_rate_30dB":{"dmean":0,"dmean2":0,"dvar":0,"dvar2":0,"max":1,"mean":1,"median":1,"min":1,"var":0},"silence_rate_60dB":{"dmean":0.0325870104134,"dmean2":0.0651812404394,"dvar":0.0315275527537,"dvar2":0.0711327940226,"max":1,"mean":0.0686024576426,"median":0,"min":0,"var":0.063890889287},"spectral_centroid":{"dmean":251.960617065,"dmean2":388.79699707,"dvar":67424.5,"dvar2":143626.34375,"max":11543.1875,"mean":2114.52026367,"median":2133.72485352,"min":317.54901123,"var":391641.40625},"spectral_complexity":{"dmean":4.01241397858,"dmean2":5.73683643341,"dvar":15.7333459854,"dvar2":28.1583385468,"max":55,"mean":20.5799617767,"median":21,"min":0,"var":80.5262374878},"spectral_contrast_coeffs":{"dmean":[0.048264041543,0.0467719882727,0.037519492209,0.035278763622,0.0260171256959,0.0213693771511],"dmean2":[0.0805603116751,0.076835654676,0.0611741542816,0.0574321858585,0.0413086824119,0.0329039208591],"dvar":[0.00148712389637,0.0014473174233,0.000946537300479,0.000814285711385,0.000500324706081,0.000397713185521],"dvar2":[0.00414649071172,0.00365707045421,0.00229811528698,0.00204619416036,0.00114480988123,0.000884454231709],"max":[-0.3855240345,-0.405129879713,-0.443707227707,-0.516842842102,-0.541368126869,-0.554458498955],"mean":[-0.67147821188,-0.755701839924,-0.772119104862,-0.742563426495,-0.748676300049,-0.718379676342],"median":[-0.673763096333,-0.766844928265,-0.787928521633,-0.744776070118,-0.748925209045,-0.717959046364],"min":[-0.983221054077,-0.97879743576,-0.981459438801,-0.967831194401,-0.970302760601,-0.963557720184],"var":[0.00441889557987,0.00559387402609,0.00548594631255,0.00354012777098,0.0028272473719,0.00257331272587]},"spectral_contrast_valleys":{"dmean":[0.466757357121,0.392108350992,0.34448492527,0.280279666185,0.254718482494,0.32956469059],"dmean2":[0.760771334171,0.621458411217,0.527906000614,0.424166470766,0.366389662027,0.418993771076],"dvar":[0.174423247576,0.130628034472,0.104577116668,0.0769669562578,0.0798191577196,0.124068856239],"dvar2":[0.380773305893,0.276174962521,0.198927432299,0.139307186007,0.131555914879,0.201763600111],"max":[-6.0984082222,-4.918653965,-5.45616006851,-5.9284157753,-5.30754327774,-7.86697626114],"mean":[-7.81926584244,-7.08956861496,-7.57806873322,-7.60488557816,-7.45764636993,-10.7627725601],"median":[-7.64877891541,-6.96691894531,-7.46485519409,-7.46404838562,-7.31997871399,-10.6109046936],"min":[-27.9875068665,-27.793088913,-27.4458827972,-27.7671012878,-27.4538402557,-27.3423309326],"var":[1.46379351616,1.55858004093,1.51408553123,1.48313081264,1.49834108353,1.4244582653]},"spectral_decrease":{"dmean":9.47562694975e-10,"dmean2":1.39553923972e-9,"dvar":1.17898404259e-18,"dvar2":2.45772337872e-18,"max":1.53399633958e-28,"mean":-3.18509174591e-9,"median":-2.63135691014e-9,"min":-1.35381901245e-8,"var":4.79669794946e-18},"spectral_energy":{"dmean":0.00400130124763,"dmean2":0.00584139954299,"dvar":0.0000216158659896,"dvar2":0.0000436527261627,"max":0.0623207427561,"mean":0.0138119244948,"median":0.0112876389176,"min":1.03228828493e-20,"var":0.0000937146760407},"spectral_energyband_high":{"dmean":0.000348456058418,"dmean2":0.000521998095792,"dvar":6.70046460982e-7,"dvar2":0.0000016384766468,"max":0.0181234516203,"mean":0.000739701441489,"median":0.000370156340068,"min":7.22049349431e-21,"var":0.00000133063088015},"spectral_energyband_low":{"dmean":0.00128914159723,"dmean2":0.00209712795913,"dvar":0.00000311158237309,"dvar2":0.00000761927367421,"max":0.0208042636514,"mean":0.00213171704672,"median":0.00155982479919,"min":2.21146410493e-23,"var":0.00000447466209152},"spectral_energyband_middle_high":{"dmean":0.00210327887908,"dmean2":0.0030817319639,"dvar":0.00000784387339081,"dvar2":0.0000156994847202,"max":0.0511364117265,"mean":0.00681967893615,"median":0.00454956525937,"min":1.33045821908e-21,"var":0.0000398657502956},"spectral_energyband_middle_low":{"dmean":0.00201040063985,"dmean2":0.00316313747317,"dvar":0.00000795821142674,"dvar2":0.0000193921423488,"max":0.0473075509071,"mean":0.00451345695183,"median":0.00335398735479,"min":2.54028231393e-22,"var":0.0000175427539943},"spectral_entropy":{"dmean":0.12376639992,"dmean2":0.181067302823,"dvar":0.0132075445727,"dvar2":0.0253415424377,"max":9.81136989594,"mean":7.59405136108,"median":7.57585573196,"min":6.21406602859,"var":0.0734436586499},"spectral_flux":{"dmean":0.0165056437254,"dmean2":0.0252615064383,"dvar":0.000290910335025,"dvar2":0.000651053793263,"max":0.247061550617,"mean":0.0672055706382,"median":0.0617335699499,"min":6.24519394532e-11,"var":0.00101114611607},"spectral_kurtosis":{"dmean":1.73780894279,"dmean2":3.02812790871,"dvar":2.88948893547,"dvar2":8.70251178741,"max":21.9655590057,"mean":4.471367836,"median":4.09186172485,"min":-1.24794864655,"var":4.48154258728},"spectral_rms":{"dmean":0.000528588308953,"dmean2":0.000757002155297,"dvar":2.91709426392e-7,"dvar2":5.52239725948e-7,"max":0.00779748195782,"mean":0.00342887756415,"median":0.00331848324277,"min":3.17350052487e-12,"var":0.0000017178717826},"spectral_rolloff":{"dmean":446.737426758,"dmean2":736.847106934,"dvar":311852.96875,"dvar2":658863.6875,"max":19164.5507812,"mean":2492.17407227,"median":2540.91796875,"min":21.533203125,"var":1321591.625},"spectral_skewness":{"dmean":0.213155522943,"dmean2":0.359524041414,"dvar":0.036280721426,"dvar2":0.104211650789,"max":3.07530069351,"mean":1.20383751392,"median":1.18915367126,"min":-0.070414505899,"var":0.0992643237114},"spectral_spread":{"dmean":335717.3125,"dmean2":497128.21875,"dvar":340601307136,"dvar2":692085915648,"max":41392396,"mean":3370851.25,"median":3105013.75,"min":1807270.75,"var":2916705894400},"spectral_strongpeak":{"dmean":0.963987529278,"dmean2":1.62795329094,"dvar":2.17596006393,"dvar2":5.07097625732,"max":17.3871612549,"mean":1.61355805397,"median":0.508378267288,"min":0,"var":5.21672534943},"zerocrossingrate":{"dmean":0.00850952696055,"dmean2":0.0100798336789,"dvar":0.00008500063268,"dvar2":0.000116645765956,"max":0.5244140625,"mean":0.0805717110634,"median":0.07861328125,"min":0.01025390625,"var":0.000896585464943}},"metadata":{"audio_properties":{"analysis_sample_rate":44100,"bit_rate":320040,"codec":"mp3","downmix":"mix","equal_loudness":0,"length":209.475921631,"lossless":false,"md5_encoded":"6262db73b2fdb5aad91d95f3054d3ffa","replay_gain":-13.0414466858,"sample_rate":44100},"tags":{"album":["Life"],"artist":["Sly & The Family Stone"],"asin":["B000GG4XJ2"],"barcode":["828768394526"],"bpm":["131"],"composer":["Sylvester \"Sly Stone\" Stewart"],"date":["1968"],"discnumber":["1/1"],"file_name":"copy7596475200928297684.mp3","genre":["Psychedelic Soul"],"initialkey":["Fm"],"isrc":["USSM10602101"],"mood":["funk"],"musicbrainz_albumid":["7d9218e5-ab78-49d8-8d13-cb2d94b30fae"],"musicbrainz_recordingid":["636c41fa-0337-4345-ae1f-7e7e24ab8da9"],"musicbrainz_releasegroupid":["ddf2e151-0f01-3880-97da-80db56ebb30d"],"title":["Plastic Jim"],"tracknumber":["03/15"]},"version":{"essentia":"2.1-beta2","essentia_build_sha":"cead25079874084f62182a551b7393616cd33d87","essentia_git_sha":"v2.1_beta2-1-ge3940c0","extractor":"music 1.0"}},"rhythm":{"beats_count":452,"beats_loudness":{"dmean":0.00831602048129,"dmean2":0.0139568476006,"dvar":0.0000601230640314,"dvar2":0.000156044436153,"max":0.0610132142901,"mean":0.0196088012308,"median":0.018509792164,"min":7.703858107e-10,"var":0.00011127331527},"beats_loudness_band_ratio":{"dmean":[0.14651915431,0.0740574225783,0.104664251208,0.104170449078,0.132432252169,0.057231426239],"dmean2":[0.253333896399,0.125037446618,0.181665197015,0.184497982264,0.22489708662,0.102952450514],"dvar":[0.0204025134444,0.0042216302827,0.0105867981911,0.0111193833873,0.0141952931881,0.00208137463778],"dvar2":[0.0553437396884,0.0120272506028,0.0271305013448,0.0331677682698,0.0354336947203,0.0060990313068],"max":[0.93314576149,0.599370718002,0.798809945583,0.751828670502,0.752705574036,0.482463032007],"mean":[0.213280513883,0.115409098566,0.162660568953,0.164725154638,0.270551383495,0.106259979308],"median":[0.1