{"lowlevel":{"average_loudness":0.739159226418,"barkbands":{"dmean":[0.00174223922659,0.00636627338827,0.00124538538512,0.000849373114761,0.00145394890569,0.00251170387492,0.00150596210733,0.000919893966056,0.00118125649169,0.00131774670444,0.00099653028883,0.000897115387488,0.000555534265004,0.00027452284121,0.000228102420806,0.000159302013344,0.000123629026348,0.000114822629257,0.0000603018415859,0.0000306223264488,0.0000198079742404,0.00000839773838379,0.00000430506497651,0.00000242363284997,0.0000020357217636,0.00000403343710786,0.00011906279542],"dmean2":[0.00287500582635,0.0106697613373,0.00210079038516,0.00144144846126,0.00238649407402,0.00397048378363,0.00239713396877,0.00149771000724,0.00194509723224,0.00215108715929,0.00163775787223,0.00149602501187,0.000941319449339,0.000462534924736,0.000378482509404,0.000258295476669,0.000197953093448,0.000176520159584,0.0000908019937924,0.0000461275303678,0.0000290346415568,0.0000124985508592,0.00000650933543511,0.00000398262181989,0.00000340518499797,0.00000619189313511,0.000188220714335],"dvar":[0.0000150140594997,0.000109214692202,0.00000419512070948,0.00000155213149355,0.0000119253691082,0.0000547935305804,0.0000144092582559,0.00000521329138792,0.00000517525540999,0.00000772870134824,0.0000054175952755,0.00000175372326794,6.42153679564e-7,1.44889938269e-7,1.11194459862e-7,5.97005964664e-8,4.03085138601e-8,4.23579429309e-8,1.38960434271e-8,3.16256598687e-9,1.22016430293e-9,2.14128367815e-10,5.60552888829e-11,1.62606334647e-11,1.22136320155e-11,4.20709959925e-11,2.33578134612e-8],"dvar2":[0.0000372907525161,0.000280277832644,0.000011358667507,0.00000421275126428,0.0000300386254821,0.000128417756059,0.0000314250646625,0.0000126464883579,0.0000130222824737,0.000018684870156,0.0000131562755996,0.00000467740392196,0.00000173974888185,3.95901196271e-7,2.93938740015e-7,1.50182543734e-7,1.00168762174e-7,9.60043351483e-8,2.86712502628e-8,6.91600865466e-9,2.48365639166e-9,4.39246028439e-10,1.25447388588e-10,4.0670543322e-11,3.09176781399e-11,9.69036934029e-11,5.78614454128e-8],"max":[0.0443134456873,0.134401649237,0.0272303856909,0.0242390856147,0.154107153416,0.261180579662,0.16055418551,0.0967644304037,0.0461682789028,0.0713873803616,0.0874813646078,0.025146856904,0.0168521925807,0.00681065768003,0.00598834361881,0.00708584021777,0.00550324656069,0.00577660882846,0.00201138528064,0.00165657454636,0.00088210037211,0.000470150029287,0.00022673670901,0.0000785037846072,0.0000579942498007,0.000174892469659,0.00402690749615],"mean":[0.00165425601881,0.00735085830092,0.00160670210607,0.00118613545783,0.00228626327589,0.00387067184784,0.00248884223402,0.00144783069845,0.00189903425053,0.00203666044399,0.00156777806114,0.00163319089916,0.000974196533207,0.000517651089467,0.000456191861304,0.000324373395415,0.000252192257904,0.00021258922061,0.000110693537863,0.0000625245811534,0.0000406605067838,0.0000171828523889,0.00000792281571194,0.00000301367026623,0.00000209340396395,0.00000737947630114,0.00040075002471],"median":[0.000464158074465,0.0035041461233,0.000833240395878,0.000653620634694,0.00124830240384,0.00108429952525,0.000959272147156,0.000604008091614,0.000915999815334,0.0009872301016,0.000716983689927,0.00107440410648,0.000630444730632,0.000350034853909,0.00028150563594,0.000192844250705,0.000131200562464,0.0000938758021221,0.0000445695332019,0.0000285991518467,0.0000183173724508,0.00000929173165787,0.0000044436301323,0.00000150536311594,8.51835523008e-7,0.00000443292219643,0.000329007598339],"min":[2.80395465388e-23,1.21642951119e-23,3.73663720835e-23,1.53552863829e-23,2.90480673408e-23,2.15480006834e-23,3.9549838095e-23,6.85500310451e-23,8.69966976548e-23,5.82304556056e-23,8.74357145258e-23,8.29581147842e-23,7.76749113535e-23,1.31189083151e-22,2.33694880866e-22,2.47628512102e-22,1.92096263715e-22,1.5707202597e-22,3.57870675025e-22,2.74898663667e-22,4.58833612271e-22,6.93822780379e-22,7.79916560464e-22,9.38108036856e-22,1.25894869747e-21,1.4292635902e-21,2.23031642275e-21],"var":[0.0000135210530061,0.000116309100122,0.0000053177582231,0.00000255414965977,0.000023343214707,0.000123203149997,0.0000358034048986,0.0000112118723337,0.00000981806260825,0.0000135183445309,0.0000103036909422,0.00000356898385689,0.00000123674317365,2.92721949791e-7,2.65769728003e-7,1.37576165571e-7,9.9729312808e-8,9.44528935065e-8,3.21197859421e-8,8.46635117568e-9,3.50328099863e-9,6.16888651273e-10,1.20483581445e-10,2.0970489234e-11,1.27675552422e-11,8.87238893466e-11,1.05175644194e-7]},"barkbands_crest":{"dmean":3.07093477249,"dmean2":5.12328624725,"dvar":7.42321634293,"dvar2":19.486322403,"max":26.0463790894,"mean":8.99178123474,"median":7.99336528778,"min":2.45474529266,"var":16.5712814331},"barkbands_flatness_db":{"dmean":0.0232115797698,"dmean2":0.0372586846352,"dvar":0.000433173059719,"dvar2":0.00111965637188,"max":0.343768239021,"mean":0.134538635612,"median":0.129833340645,"min":0.0349323041737,"var":0.00143739604391},"barkbands_kurtosis":{"dmean":2.9243144989,"dmean2":4.78708457947,"dvar":29.9313812256,"dvar2":74.6396255493,"max":177.844360352,"mean":5.15653038025,"median":3.13897156715,"min":-1.81985127926,"var":53.538066864},"barkbands_skewness":{"dmean":0.514660716057,"dmean2":0.833855390549,"dvar":0.29397559166,"dvar2":0.744270324707,"max":11.5936460495,"mean":1.55417859554,"median":1.39236831665,"min":-6.11347484589,"var":0.841502130032},"barkbands_spread":{"dmean":4.99953842163,"dmean2":8.03592681885,"dvar":24.5592136383,"dvar2":64.0573196411,"max":119.439537048,"mean":22.2913475037,"median":21.7005462646,"min":1.38738119602,"var":97.1381988525},"dissonance":{"dmean":0.0215450506657,"dmean2":0.0367817953229,"dvar":0.000468303856906,"dvar2":0.00129064742941,"max":0.500000059605,"mean":0.466469138861,"median":0.474362015724,"min":0.258427292109,"var":0.000804500363301},"dynamic_complexity":2.94677591324,"erbbands":{"dmean":[0.271410435438,1.17697024345,1.61717891693,1.88508367538,4.33265781403,4.60175800323,8.12693977356,25.4396324158,23.0608119965,23.5807933807,19.6819992065,26.2702293396,38.9608039856,36.7566566467,34.1091079712,35.6748580933,25.8424091339,13.5128126144,11.4966421127,10.6890773773,8.18081951141,6.6132273674,5.88171625137,4.43939256668,2.3821246624,1.4688283205,1.01693677902,0.58493667841,0.329838275909,0.185359865427,0.113555766642,0.0637625008821,0.034373562783,0.0227989796549,0.0145190116018,0.00866384617984,0.0082337167114,0.0075842384249,0.00518556404859,0.0044431835413],"dmean2":[0.45765504241,1.98994481564,2.71370029449,3.16333866119,7.23010826111,7.62057685852,13.3884124756,40.2052268982,36.3282623291,37.6023674011,32.1373023987,43.2335777283,62.931552887,60.4387321472,56.470790863,59.5708885193,43.6506729126,22.6163921356,19.2815151215,17.5920467377,13.1362752914,10.5188179016,9.07193660736,6.67448377609,3.53936290741,2.23286867142,1.51820254326,0.860763967037,0.486409217119,0.276612848043,0.172806560993,0.101901113987,0.0574325174093,0.0381859354675,0.0242431722581,0.0143697084859,0.0126066366211,0.0107336034998,0.00742864236236,0.00697391014546],"dvar":[0.261145025492,3.7057595253,7.51754617691,7.61304664612,46.5018196106,159.636062622,698.527282715,6034.54882812,4881.90185547,3280.36010742,2532.32861328,2853.32958984,7609.96240234,6077.37597656,4797.26269531,2680.3684082,1411.17346191,339.08706665,277.009460449,271.627990723,175.576339722,117.196975708,104.602226257,78.9981536865,18.9524497986,7.20275783539,3.14337301254,1.14854001999,0.346597403288,0.104302830994,0.0360281206667,0.0105877732858,0.0036805854179,0.00155917427037,0.000607908237725,0.000206028315006,0.000182284813491,0.000190624938114,0.0000746131554479,0.0000254549631791],"dvar2":[0.679039716721,9.64421844482,19.7273769379,20.7497158051,117.77558136,393.502471924,1846.25280762,14052.9785156,10703.7880859,7029.58984375,6292.26806641,7129.24414062,18021.3359375,14648.9599609,12234.4189453,7112.28857422,3842.35864258,923.709960938,733.433349609,683.705322266,436.732055664,284.692474365,238.548126221,169.007598877,38.2843933105,15.8266611099,6.70176029205,2.32862401009,0.703455209732,0.218973636627,0.0804499238729,0.0255513582379,0.00921866763383,0.00394967198372,0.0015373066999,0.000514981104061,0.000420099735493,0.00038723720354,0.000152730994159,0.0000639306017547],"max":[5.1738409996,35.1573638916,40.5719070435,43.7833824158,174.655044556,644.497436523,1242.92675781,2485.82666016,2932.75488281,2721.20117188,2346.80786133,1280.34887695,2510.96679688,2121.85400391,2885.14648438,1164.36621094,705.889831543,366.123168945,341.999084473,599.678283691,279.633666992,316.503692627,229.025024414,209.675552368,72.545173645,86.3946609497,35.626625061,33.9177627563,22.4535140991,8.86865520477,4.41707038879,2.29163575172,1.25198829174,0.653140187263,0.41027545929,0.356693476439,0.31463342905,0.314102053642,0.19441883266,0.121258631349],"mean":[0.275252014399,1.38028132915,2.12962722778,2.93064045906,6.51571321487,6.81489849091,11.9344177246,38.8379020691,36.8160362244,40.8072776794,32.4099884033,42.9626464844,61.8846473694,62.7106552124,62.5311737061,67.3525238037,48.4663963318,28.0985851288,24.2820701599,22.5873889923,17.1440601349,14.489282608,11.849354744,8.15165424347,4.52633953094,3.02897620201,2.11169981956,1.19853174686,0.669970214367,0.365788161755,0.206324577332,0.0952881872654,0.0360696390271,0.0232784636319,0.0151585135609,0.00979171600193,0.015177869238,0.0181148275733,0.0158978104591,0.0196105223149],"median":[0.116269811988,0.658760309219,1.12508964539,1.80859279633,3.61923789978,3.42686319351,4.99772930145,9.92554664612,12.9694023132,14.7090415955,15.6629829407,20.6700744629,28.8941268921,35.3215293884,36.8360671997,44.8262825012,32.704788208,20.4871520996,16.0022697449,13.7041463852,9.84115028381,7.52220487595,5.90010261536,3.09124755859,1.92769229412,1.36270725727,0.96100962162,0.557328999043,0.356961816549,0.204335153103,0.116177096963,0.0519322901964,0.01460960228,0.00936459563673,0.00638407794759,0.00466254539788,0.00897803995758,0.0106962453574,0.00985211506486,0.0176685787737],"min":[3.24565775401e-22,3.91507047692e-21,4.25065627818e-20,3.26849756175e-20,9.82060036366e-20,7.27470258188e-20,1.76850219762e-19,1.46887450304e-19,2.37473291654e-19,1.25093262586e-18,1.77390640121e-18,1.38160286421e-18,1.71122999562e-18,2.39813308059e-18,4.12446563644e-18,3.61637945775e-18,4.49103155207e-18,7.06221826143e-18,7.74499464573e-18,1.54677050458e-17,1.31964887681e-17,1.03534077914e-17,7.43607494699e-18,1.49799431083e-17,1.80726473416e-17,1.21107885715e-17,1.1670858353e-17,2.84358290991e-17,2.62479545768e-17,2.37035585931e-17,2.06506036971e-17,1.63609988959e-17,1.97998136955e-17,1.55006202167e-17,6.87678049812e-18,4.98585802553e-18,2.62823963096e-18,1.15796683079e-18,3.03877826116e-19,3.43441609858e-20],"var":[0.226827427745,4.40612506866,9.83966350555,12.7142925262,82.5462493896,309.683441162,1326.66503906,13537.0253906,10706.2304688,11212.7021484,4430.72509766,5337.12011719,13831.9023438,11545.5625,9126.63964844,5699.04150391,2753.79980469,731.829284668,674.719482422,684.58215332,402.277893066,317.841552734,250.132324219,171.92779541,47.7415275574,19.8993835449,9.22856998444,3.18009161949,0.974865734577,0.262840002775,0.0780830159783,0.0175326410681,0.00410008290783,0.00161794025917,0.0006423695595,0.000236353938817,0.000394692120608,0.000560593558475,0.000295646197628,0.00015772000188]},"erbbands_crest":{"dmean":2.65845918655,"dmean2":4.40441465378,"dvar":6.20367145538,"dvar2":15.9638299942,"max":33.519657135,"mean":9.05361843109,"median":7.86985635757,"min":2.75998210907,"var":19.2814350128},"erbbands_flatness_db":{"dmean":0.021798145026,"dmean2":0.0337998084724,"dvar":0.000339535821695,"dvar2":0.000812750833575,"max":0.442515820265,"mean":0.175388753414,"median":0.172945231199,"min":0.0374998897314,"var":0.00164528051391},"erbbands_kurtosis":{"dmean":1.24135541916,"dmean2":2.01114153862,"dvar":12.5333356857,"dvar2":30.8359718323,"max":230.148849487,"mean":1.46948683262,"median":0.605771303177,"min":-1.42297005653,"var":29.8520832062},"erbbands_skewness":{"dmean":0.3475022614,"dmean2":0.555492460728,"dvar":0.112886272371,"dvar2":0.276486605406,"max":5.71402788162,"mean":0.168027043343,"median":0.0539758056402,"min":-5.57745361328,"var":0.524822711945},"erbbands_spread":{"dmean":4.29973840714,"dmean2":6.80326938629,"dvar":15.4337711334,"dvar2":37.2412834167,"max":101.790161133,"mean":19.9332542419,"median":18.3104362488,"min":0.429612994194,"var":85.6013183594},"gfcc":{"cov":[[9023.8828125,409.003845215,-830.622314453,16.9149837494,70.1131820679,-309.878570557,278.293914795,-9.5569486618,120.394989014,-26.9399642944,-26.9044761658,61.9514961243,58.770275116],[409.003845215,585.976928711,-17.8456382751,-224.096420288,121.270477295,-19.4590339661,16.0814247131,-43.8521194458,70.9981002808,-46.5734825134,16.8042888641,-27.9458618164,41.8613395691],[-830.622314453,-17.8456382751,371.859619141,37.5573043823,-89.5272293091,129.001113892,-90.7634124756,38.7322006226,-45.916759491,32.4690971375,9.14717102051,-13.6542396545,3.26596665382],[16.9149837494,-224.096420288,37.5573043823,353.239929199,38.6388778687,-61.9908943176,80.0858001709,8.56590461731,-16.6466960907,29.5563583374,-5.01853942871,33.4125442505,-31.0749855042],[70.1131820679,121.270477295,-89.5272293091,38.6388778687,242.607208252,28.6929264069,63.3967170715,-15.8263225555,23.9410667419,-43.413734436,-5.06500530243,-12.1283378601,8.3921251297],[-309.878570557,-19.4590339661,129.001113892,-61.9908943176,28.6929264069,226.145874023,-53.1806678772,48.9222679138,-40.6873550415,-7.5481595993,-5.93330001831,-21.349445343,18.6508426666],[278.293914795,16.0814247131,-90.7634124756,80.0858001709,63.3967170715,-53.1806678772,188.522781372,-36.2871131897,35.313911438,-17.7205123901,-5.53724622726,19.8861713409,-30.2859191895],[-9.5569486618,-43.8521194458,38.7322006226,8.56590461731,-15.8263225555,48.9222679138,-36.2871131897,141.507232666,25.0250148773,41.1276359558,6.0619134903,-21.0558433533,20.5680408478],[120.394989014,70.9981002808,-45.916759491,-16.6466960907,23.9410667419,-40.6873550415,35.313911438,25.0250148773,120.216804504,33.3685722351,9.42858028412,15.8037919998,-18.6950416565],[-26.9399642944,-46.5734825134,32.4690971375,29.5563583374,-43.413734436,-7.5481595993,-17.7205123901,41.1276359558,33.3685722351,83.4795455933,38.8029518127,9.18881225586,2.84317684174],[-26.9044761658,16.8042888641,9.14717102051,-5.01853942871,-5.06500530243,-5.93330001831,-5.53724622726,6.0619134903,9.42858028412,38.8029518127,57.813949585,23.687335968,12.0603733063],[61.9514961243,-27.9458618164,-13.6542396545,33.4125442505,-12.1283378601,-21.349445343,19.8861713409,-21.0558433533,15.8037919998,9.18881225586,23.687335968,67.8133926392,7.0407743454],[58.770275116,41.8613395691,3.26596665382,-31.0749855042,8.3921251297,18.6508426666,-30.2859191895,20.5680408478,-18.6950416565,2.84317684174,12.0603733063,7.0407743454,66.2678375244]],"icov":[[0.000176334709977,-0.0004012886493,0.000644825398922,-0.000381918391213,0.000433691457147,-0.000283409404801,-0.0000344719956047,-0.000125517210108,0.00015202218492,-0.000188793317648,0.000251918449067,-0.000142094620969,-0.0000454809960502],[-0.0004012886493,0.00555969681591,-0.00391474599019,0.00409911433235,-0.00366528145969,0.00309125217609,-0.00106989720371,0.00151197134983,-0.00351702189073,0.0030625318177,-0.00301828677766,0.00274933129549,-0.00327152921818],[0.000644825398922,-0.00391474599019,0.00876497197896,-0.00566864572465,0.00597401242703,-0.00624956702814,0.00218025478534,0.000287796981866,0.000416576338466,-0.00048620349844,-0.000731532054488,0.00103921850678,0.000881473126356],[-0.000381918391213,0.00409911433235,-0.00566864572465,0.0105219278485,-0.00770375551656,0.0067466464825,-0.00329654593952,-0.00241150613874,0.00503756431863,-0.00638669077307,0.00574626820162,-0.00590474111959,0.00255814054981],[0.000433691457147,-0.00366528145969,0.00597401242703,-0.00770375551656,0.0124617023394,-0.00720666442066,0.000395134877181,0.0020895334892,-0.00564525835216,0.00813769549131,-0.00665935361758,0.00647811358795,-0.00341209070757],[-0.000283409404801,0.00309125217609,-0.00624956702814,0.0067466464825,-0.00720666442066,0.0115657011047,-0.00118244660553,-0.00380899314769,0.00458440277725,-0.002538387198,0.00357862329111,-0.00363307003863,0.00120660185348],[-0.0000344719956047,-0.00106989720371,0.00218025478534,-0.00329654593952,0.000395134877181,-0.00118244660553,0.00878004264086,0.00129661778919,-0.00248690624721,0.00266680913046,-0.00147033983376,-0.000340798025718,0.00243391352706],[-0.000125517210108,0.00151197134983,0.000287796981866,-0.00241150613874,0.0020895334892,-0.00380899314769,0.00129661778919,0.0134186353534,-0.00782463792711,-0.000363211613148,-0.00267704715952,0.00851695053279,-0.00736320065334],[0.00015202218492,-0.00351702189073,0.000416576338466,0.00503756431863,-0.00564525835216,0.00458440277725,-0.00248690624721,-0.00782463792711,0.0236419010907,-0.0175342243165,0.0133464010432,-0.0142586585134,0.0116532426327],[-0.000188793317648,0.0030625318177,-0.00048620349844,-0.00638669077307,0.00813769549131,-0.002538387198,0.00266680913046,-0.000363211613148,-0.0175342243165,0.0400008894503,-0.02893999964,0.0137024382129,-0.00657450268045],[0.000251918449067,-0.00301828677766,-0.000731532054488,0.00574626820162,-0.00665935361758,0.00357862329111,-0.00147033983376,-0.00267704715952,0.0133464010432,-0.02893999964,0.0433659367263,-0.0196283813566,0.00360890082084],[-0.000142094620969,0.00274933129549,0.00103921850678,-0.00590474111959,0.00647811358795,-0.00363307003863,-0.000340798025718,0.00851695053279,-0.0142586585134,0.0137024382129,-0.0196283813566,0.0313932523131,-0.0114015955478],[-0.0000454809960502,-0.00327152921818,0.000881473126356,0.00255814054981,-0.00341209070757,0.00120660185348,0.00243391352706,-0.00736320065334,0.0116532426327,-0.00657450268045,0.00360890082084,-0.0114015955478,0.0259678158909]],"mean":[-7.332903862,115.593048096,-101.883781433,-22.6044273376,-10.7878332138,-15.0220994949,3.75109672546,-16.1105327606,0.118191763759,-9.61193180084,-1.18721985817,-0.109205551445,-5.42949581146]},"hfc":{"dmean":31.5660400391,"dmean2":49.6928100586,"dvar":1421.89172363,"dvar2":3636.51123047,"max":1079.43139648,"mean":143.531280518,"median":129.813934326,"min":1.09532437683e-16,"var":6994.8046875},"melbands":{"dmean":[0.00208474951796,0.00104550563265,0.00038087030407,0.000315236160532,0.00026607431937,0.00054966378957,0.00034248342854,0.00024134767591,0.000166929326952,0.000170655839611,0.000200138631044,0.0001553936454,0.00013591957395,0.000106461549876,0.0000775678272475,0.0000441596239398,0.0000263106157945,0.0000204543903237,0.0000174174110725,0.0000123098725453,0.0000098258133221,0.00000760282409829,0.00000656069687466,0.00000572805402044,0.00000364985885426,0.00000212816826206,0.00000136307278353,9.78967023002e-7,7.25430311377e-7,5.30019406142e-7,3.03910070443e-7,2.10495301189e-7,1.40320040032e-7,9.64757447264e-8,7.11752363713e-8,5.44762421839e-8,3.32654757074e-8,2.4542389454e-8,2.11835242681e-8,1.8579571659e-8],"dmean2":[0.00346903246827,0.00175040517934,0.000635379168671,0.000517717620824,0.000436925998656,0.000865927315317,0.000538172782399,0.000386038038414,0.000272727804258,0.000281258311588,0.000323704996845,0.000256211991655,0.000224066709052,0.000178247209988,0.000130299144075,0.0000747455487726,0.0000442370692326,0.0000343800493283,0.0000287468610622,0.0000201975653908,0.0000159131996043,0.0000122969113363,0.0000105130120573,0.00000896690744412,0.00000558850206289,0.00000325569590132,0.00000207147741094,0.00000153549399329,0.00000111779058898,8.03710861419e-7,4.58363786038e-7,3.18470569027e-7,2.13124422999e-7,1.46880651641e-7,1.10194775971e-7,8.47501695489e-8,5.44665859081e-8,4.1062296674e-8,3.55437741462e-8,3.11079233484e-8],"dvar":[0.0000130668995553,0.00000297860833598,2.94975905035e-7,2.81155166704e-7,8.0290965343e-7,0.00000274987132798,9.52772211349e-7,3.26460593669e-7,1.48986188719e-7,1.1922573151e-7,1.97764947529e-7,1.09677024795e-7,9.69357358827e-8,2.65866333393e-8,1.19024807788e-8,3.69191788252e-9,1.37451083848e-9,8.78929484749e-10,6.64345245482e-10,3.49781176245e-10,2.71421940479e-10,1.66138103275e-10,1.19534465659e-10,1.07586516085e-10,5.75983219453e-11,1.58171531428e-11,6.97227041727e-12,3.3994610512e-12,1.61410479167e-12,9.55430396257e-13,3.16622975668e-13,1.50988488205e-13,6.36322253027e-14,3.08693161636e-14,1.5155440447e-14,7.92732121401e-15,3.12613729865e-15,1.94295996155e-15,1.42754666002e-15,1.03260833688e-15],"dvar2":[0.0000333038224198,0.00000767503206589,7.81872358857e-7,7.00063992554e-7,0.00000208623555409,0.00000637904440737,0.00000210246548704,7.13122915386e-7,3.70812898609e-7,3.00243584661e-7,4.69399140002e-7,2.66641166036e-7,2.42639316639e-7,7.02576059552e-8,3.19089146217e-8,1.01534842756e-8,3.75927911023e-9,2.36321295866e-9,1.73999892272e-9,8.76631101043e-10,6.79638345602e-10,4.21622153857e-10,2.99221064592e-10,2.5054225361e-10,1.27443527953e-10,3.41357289657e-11,1.52507485807e-11,8.0987152748e-12,3.68376336379e-12,2.10376659669e-12,6.70834590134e-13,3.25802915462e-13,1.3780186573e-13,6.93474344247e-14,3.50347768646e-14,1.81670830316e-14,7.70611093654e-15,4.86145496824e-15,3.61525181536e-15,2.61653517253e-15],"max":[0.0387081876397,0.0332013629377,0.0115661974996,0.018294647336,0.0423123724759,0.0585407018661,0.0379629246891,0.0262708049268,0.0161252450198,0.00758520746604,0.0128558566794,0.0091832075268,0.0134219992906,0.00356407626532,0.00220673158765,0.00127747189254,0.000832327234093,0.000686698360369,0.000501250906382,0.000733360764571,0.000356996926712,0.000426055339631,0.000224529750994,0.000218252098421,0.000166636804352,0.0000745966681279,0.0000640791477053,0.0000650777437841,0.0000257674892055,0.0000243537342612,0.0000193286650756,0.0000157263384608,0.0000084540752141,0.00000584712051932,0.00000291658557217,0.00000186581212347,0.00000161615912475,9.97130314317e-7,8.55605492234e-7,5.33205138709e-7],"mean":[0.00231717131101,0.00139600073453,0.000631451082882,0.000491180224344,0.000392889225623,0.000850555836223,0.000561036460567,0.000413175323047,0.000262669142103,0.000271908647846,0.000309364200803,0.000253360398347,0.000223013164941,0.000189790545846,0.000143450277392,0.0000809033226687,0.0000489448430017,0.0000390495479223,0.0000341868399119,0.0000249768108915,0.0000186192119145,0.0000149816296471,0.0000126769018607,0.00000976058618107,0.0000062986591729,0.0000037509644244,0.00000247234811468,0.00000188060118944,0.00000140082920552,9.9459748526e-7,5.79434299652e-7,4.01617910484e-7,2.65680029088e-7,1.77430663939e-7,1.23690853115e-7,9.14758757631e-8,4.22307522285e-8,2.46278997196e-8,2.13064623722e-8,1.89170101805e-8],"median":[0.00105856638402,0.000757118221372,0.000404893071391,0.000278543011518,0.000170387138496,0.000225415322348,0.000204259631573,0.000148696577526,0.000126399812871,0.000128640996991,0.000137917508255,0.000137586583151,0.000112911584438,0.000120935525047,0.0000940549871302,0.0000559884247195,0.0000335914810421,0.0000247829775617,0.0000204885691346,0.0000150158793986,0.0000100299230326,0.00000737629761716,0.00000670106373946,0.00000394968265027,0.00000229716897593,0.00000147405648931,0.00000107522168946,8.14940335658e-7,6.08533810009e-7,4.35931099219e-7,2.59319108409e-7,2.0895703301e-7,1.42782113244e-7,9.76342775516e-8,6.81404088709e-8,5.02973804828e-8,2.12831210433e-8,9.04431018967e-9,8.21928125561e-9,7.56487139597e-9],"min":[3.827196547e-24,1.55042075446e-23,9.03946797165e-24,5.58900378284e-24,5.87920638278e-24,3.64483714927e-24,4.66345537085e-24,1.36610955707e-23,1.61791253807e-23,9.01351760331e-24,8.42764323077e-24,8.8891536816e-24,1.47013143816e-23,6.30825678508e-24,1.44046301061e-23,7.22833878543e-24,1.35301194169e-23,1.13629362834e-23,1.44262401617e-23,2.21377057645e-23,1.40421500978e-23,1.17725791297e-23,6.27728097834e-24,7.74730434256e-24,1.20982706096e-23,1.61657399889e-23,1.00324490027e-23,7.47051908333e-24,6.56301704784e-24,8.5650620116e-24,1.99754758886e-23,1.71079333659e-23,8.87663445903e-24,1.49499254736e-23,1.2024807149e-23,1.01164666334e-23,9.21130554263e-24,1.19721404283e-23,1.74789472714e-23,1.13934486343e-23],"var":[0.0000127733073896,0.00000402260002375,5.36686854957e-7,5.49377091374e-7,0.00000154472911618,0.00000623602409178,0.00000216248395191,0.000001101500402,2.58379543538e-7,2.18316557721e-7,3.58273524625e-7,1.98382508643e-7,1.76916401529e-7,5.26981551729e-8,2.51012384211e-8,6.94280943847e-9,2.60597654567e-9,1.92722882097e-9,1.5558421218e-9,8.43056180422e-10,5.45711642541e-10,3.79440423526e-10,2.60458488111e-10,2.1748694512e-10,1.13494436071e-10,3.58048556082e-11,1.48841980407e-11,8.34163120522e-12,4.30510228161e-12,2.24857133781e-12,8.16114808112e-13,3.81508274408e-13,1.53972090611e-13,6.58516142549e-14,2.98622177062e-14,1.58091008546e-14,4.26031145041e-15,2.14279896249e-15,1.4755355234e-15,1.07183962074e-15]},"melbands_crest":{"dmean":4.43451833725,"dmean2":7.27044248581,"dvar":16.3478240967,"dvar2":40.6324195862,"max":37.4885520935,"mean":13.3185548782,"median":12.0648345947,"min":2.00223898888,"var":33.2093353271},"melbands_flatness_db":{"dmean":0.0301896482706,"dmean2":0.0485325753689,"dvar":0.000680528057273,"dvar2":0.00177049927879,"max":0.494169831276,"mean":0.245512798429,"median":0.240491449833,"min":0.00630802800879,"var":0.00244244933128},"melbands_kurtosis":{"dmean":3.36207580566,"dmean2":5.55682563782,"dvar":44.0234451294,"dvar2":108.729354858,"max":266.634185791,"mean":4.09872627258,"median":1.80623555183,"min":-1.78579103947,"var":74.5241241455},"melbands_skewness":{"dmean":0.641530930996,"dmean2":1.0242638588,"dvar":0.419551789761,"dvar2":1.04134118557,"max":12.7185020447,"mean":1.46651446819,"median":1.28102707863,"min":-4.84063100815,"var":1.29933416843},"melbands_spread":{"dmean":5.08197975159,"dmean2":8.27950191498,"dvar":22.6542549133,"dvar2":58.0243606567,"max":123.95275116,"mean":20.36561203,"median":20.437412262,"min":0.806119263172,"var":74.2424697876},"mfcc":{"cov":[[5842.46533203,601.99230957,-734.959716797,512.557189941,-247.001434326,-98.6134643555,-96.6241760254,70.4263000488,-0.304931133986,52.8517723083,-21.5803031921,-2.21720528603,31.6987018585],[601.99230957,1018.47174072,-123.227020264,-180.878753662,63.8483085632,4.58717441559,-43.7004013062,4.21916437149,28.8394203186,-27.5148048401,0.839700102806,11.6595697403,3.88252687454],[-734.959716797,-123.227020264,480.224456787,-124.556167603,36.3165931702,-15.3476362228,22.238073349,-46.8913612366,-17.5413379669,-4.55186223984,9.17307090759,-0.42719990015,6.44530677795],[512.557189941,-180.878753662,-124.556167603,439.35723877,-93.1982879639,37.0560150146,4.31406116486,33.7168235779,-25.2891139984,41.8739624023,0.844611048698,-6.05645465851,8.28447437286],[-247.001434326,63.8483085632,36.3165931702,-93.1982879639,219.788497925,14.431558609,43.9045562744,1.02352011204,45.9091033936,-16.5207462311,14.287443161,5.75025367737,-6.04393005371],[-98.6134643555,4.58717441559,-15.3476362228,37.0560150146,14.431558609,136.668807983,39.51222229,44.1905212402,-13.1843566895,-6.16553878784,-20.8795433044,-4.21003484726,2.06428170204],[-96.6241760254,-43.7004013062,22.238073349,4.31406116486,43.9045562744,39.51222229,128.822265625,19.668390274,13.7600278854,-9.52416324615,-13.0263824463,-11.7483453751,-3.94206237793],[70.4263000488,4.21916437149,-46.8913612366,33.7168235779,1.02352011204,44.1905212402,19.668390274,88.7076873779,23.3611698151,12.6474542618,-2.34223198891,-2.85183215141,-4.44720315933],[-0.304931133986,28.8394203186,-17.5413379669,-25.2891139984,45.9091033936,-13.1843566895,13.7600278854,23.3611698151,78.4332427979,24.4353618622,18.0925273895,6.25758457184,-5.70661449432],[52.8517723083,-27.5148048401,-4.55186223984,41.8739624023,-16.5207462311,-6.16553878784,-9.52416324615,12.6474542618,24.4353618622,68.3469238281,34.5853309631,12.8062601089,6.99809026718],[-21.5803031921,0.839700102806,9.17307090759,0.844611048698,14.287443161,-20.8795433044,-13.0263824463,-2.34223198891,18.0925273895,34.5853309631,63.8946609497,30.4419250488,9.3466796875],[-2.21720528603,11.6595697403,-0.42719990015,-6.05645465851,5.75025367737,-4.21003484726,-11.7483453751,-2.85183215141,6.25758457184,12.8062601089,30.4419250488,50.438293457,23.4240913391],[31.6987018585,3.88252687454,6.44530677795,8.28447437286,-6.04393005371,2.06428170204,-3.94206237793,-4.44720315933,-5.70661449432,6.99809026718,9.3466796875,23.4240913391,45.1609802246]],"icov":[[0.000266507675406,-0.000190534759895,0.000274409772828,-0.000289064453682,0.000136021451908,0.000381471094443,-0.0000417582850787,-0.000129856096464,0.0000383175538445,-0.000101194666058,0.00020489533199,0.0000134120982693,-0.000201324102818],[-0.000190534759895,0.00131960655563,0.000229553392273,0.000751145591494,-0.000267167022685,-0.000574456353206,0.000534003134817,0.000108414591523,-0.000352960603777,0.000453163025668,-0.000301714753732,0.0000981192715699,-0.00020574365044],[0.000274409772828,0.000229553392273,0.00290370522998,0.000633057206869,-0.000153003289597,0.000271616474492,-0.000563440902624,0.000891033327207,0.000953190901782,-0.000781746522989,-0.00034590109135,0.000664965773467,-0.000768947240431],[-0.000289064453682,0.000751145591494,0.000633057206869,0.00361944176257,0.000599106948357,-0.00100398482755,-0.000295057339827,-0.000356240489054,0.00127071654424,-0.00191871915013,-0.000416627852246,0.000786047428846,-0.000414345238823],[0.000136021451908,-0.000267167022685,-0.000153003289597,0.000599106948357,0.00687837926671,-0.00147322483826,-0.00158501125406,0.00121826422401,-0.00452871154994,0.00359832984395,-0.00310813658871,0.000402277801186,0.000113691341539],[0.000381471094443,-0.000574456353206,0.000271616474492,-0.00100398482755,-0.00147322483826,0.0116993980482,-0.00252164201811,-0.00596149452031,0.00472179241478,-0.00185953523032,0.00435292674229,-0.00228337896988,-0.000443812750746],[-0.0000417582850787,0.000534003134817,-0.000563440902624,-0.000295057339827,-0.00158501125406,-0.00252164201811,0.0100195826963,-0.000700966164004,-0.00230604433455,0.0015431009233,0.000578802020755,0.00205763569102,-0.000890903640538],[-0.000129856096464,0.000108414591523,0.000891033327207,-0.000356240489054,0.00121826422401,-0.00596149452031,-0.000700966164004,0.0169524326921,-0.00623265886679,-0.00103465223219,-0.0000559565232834,0.000645433785394,0.00111330859363],[0.0000383175538445,-0.000352960603777,0.000953190901782,0.00127071654424,-0.00452871154994,0.00472179241478,-0.00230604433455,-0.00623265886679,0.022220544517,-0.00904008746147,0.000917312281672,-0.00222184835002,0.0031685878057],[-0.000101194666058,0.000453163025668,-0.000781746522989,-0.00191871915013,0.00359832984395,-0.00185953523032,0.0015431009233,-0.00103465223219,-0.00904008746147,0.0273975580931,-0.0147175379097,0.00397350732237,-0.00330780516379],[0.00020489533199,-0.000301714753732,-0.00034590109135,-0.000416627852246,-0.00310813658871,0.00435292674229,0.000578802020755,-0.0000559565232834,0.000917312281672,-0.0147175379097,0.0335155725479,-0.0176003072411,0.00402694009244],[0.0000134120982693,0.0000981192715699,0.000664965773467,0.000786047428846,0.000402277801186,-0.00228337896988,0.00205763569102,0.000645433785394,-0.00222184835002,0.00397350732237,-0.0176003072411,0.0378470681608,-0.0167399458587],[-0.000201324102818,-0.00020574365044,-0.000768947240431,-0.000414345238823,0.000113691341539,-0.000443812750746,-0.000890903640538,0.00111330859363,0.0031685878057,-0.00330780516379,0.00402694009244,-0.0167399458587,0.0313173308969]],"mean":[-670.1875,185.332138062,-30.6379070282,14.0797958374,-4.9609951973,13.9558210373,1.80716240406,10.0764026642,0.111688368022,0.858967363834,1.16612946987,4.76832294464,3.16814160347]},"pitch_salience":{"dmean":0.0812394320965,"dmean2":0.132508069277,"dvar":0.00523124914616,"dvar2":0.0134391030297,"max":0.835680782795,"mean":0.599062979221,"median":0.617535173893,"min":0.107355028391,"var":0.0115111842752},"silence_rate_20dB":{"dmean":0,"dmean2":0,"dvar":0,"dvar2":0,"max":1,"mean":1,"median":1,"min":1,"var":0},"silence_rate_30dB":{"dmean":0.0164592266083,"dmean2":0.032920692116,"dvar":0.0161909386516,"dvar2":0.0383744426072,"max":1,"mean":0.979461371899,"median":1,"min":0,"var":0.020119452849},"silence_rate_60dB":{"dmean":0.00176834664308,"dmean2":0.00353693380021,"dvar":0.00176539667882,"dvar2":0.0039328080602,"max":1,"mean":0.0191784556955,"median":0,"min":0,"var":0.0188108682632},"spectral_centroid":{"dmean":146.118133545,"dmean2":223.800842285,"dvar":28223.4335938,"dvar2":51692.3007812,"max":11818.2861328,"mean":982.380615234,"median":923.630981445,"min":221.541915894,"var":138006.03125},"spectral_complexity":{"dmean":3.14180779457,"dmean2":4.8611073494,"dvar":8.59257698059,"dvar2":16.5959014893,"max":54,"mean":22.205657959,"median":22,"min":0,"var":76.9209213257},"spectral_contrast_coeffs":{"dmean":[0.0530728884041,0.0507757030427,0.039146758616,0.0274697076529,0.0231912285089,0.0420274101198],"dmean2":[0.0886749625206,0.0850264579058,0.0655932202935,0.0465293750167,0.038344796747,0.0666436254978],"dvar":[0.00171830924228,0.00166092382278,0.000955646508373,0.000452384789241,0.000399586017011,0.00137491675559],"dvar2":[0.00465647643432,0.00449743447825,0.00264941086061,0.00130097859073,0.00106914818753,0.00332811335102],"max":[-0.325466930866,-0.37674972415,-0.519983232021,-0.632850706577,-0.652848064899,-0.484077721834],"mean":[-0.70292031765,-0.76095199585,-0.792098522186,-0.809417247772,-0.804173231125,-0.759851813316],"median":[-0.707711935043,-0.77235519886,-0.798223733902,-0.811089873314,-0.802520692348,-0.765798330307],"min":[-0.966771960258,-0.956749200821,-0.963541388512,-0.958524167538,-0.961698234081,-0.962411999702],"var":[0.00487657915801,0.00556454295292,0.0029289375525,0.0011574520031,0.00147801160347,0.00499913841486]},"spectral_contrast_valleys":{"dmean":[0.404411315918,0.337258517742,0.274928301573,0.238241627812,0.295275568962,0.646404325962],"dmean2":[0.661466002464,0.560666024685,0.457146137953,0.386246204376,0.441054970026,1.04377889633],"dvar":[0.117280721664,0.0806072801352,0.0557218939066,0.0555510222912,0.107233330607,0.300750225782],"dvar2":[0.27965220809,0.198131263256,0.131681486964,0.114067517221,0.213393449783,0.747839987278],"max":[-4.98773813248,-4.05871725082,-4.94818878174,-5.64221906662,-5.94769763947,-9.01167011261],"mean":[-6.92491531372,-6.25844955444,-6.43580722809,-7.10091018677,-7.88768577576,-11.3185148239],"median":[-6.81456756592,-6.12515926361,-6.28066921234,-6.92557668686,-7.75346374512,-11.226067543],"min":[-27.4349308014,-27.236497879,-27.267786026,-27.6082668304,-27.2717227936,-27.3258514404],"var":[0.942357480526,0.981743574142,1.08218073845,1.08256697655,1.12934291363,0.975198209286]},"spectral_decrease":{"dmean":3.15036174925e-9,"dmean2":4.91767915278e-9,"dvar":1.66689102615e-17,"dvar2":3.9585595099e-17,"max":1.96315363965e-9,"mean":-6.60434951172e-9,"median":-5.06301045533e-9,"min":-8.99048373526e-8,"var":3.78680571274e-17},"spectral_energy":{"dmean":0.0124526461586,"dmean2":0.0192037262022,"dvar":0.0002514278749,"dvar2":0.000587014190387,"max":0.36681625247,"mean":0.0379449985921,"median":0.0327428653836,"min":1.05721097829e-20,"var":0.000703048252035},"spectral_energyband_high":{"dmean":0.0000971143163042,"dmean2":0.000138201357913,"dvar":2.0782518817e-8,"dvar2":4.13344238837e-8,"max":0.00382361048833,"mean":0.000302533939248,"median":0.000209634337807,"min":7.75388039435e-21,"var":8.83969875076e-8},"spectral_energyband_low":{"dmean":0.00806173589081,"dmean2":0.0131579823792,"dvar":0.000161262403708,"dvar2":0.000401373050408,"max":0.154685899615,"mean":0.0107218148187,"median":0.00581360701472,"min":5.93041647174e-23,"var":0.000189139551367},"spectral_energyband_middle_high":{"dmean":0.00254991929978,"dmean2":0.00401060562581,"dvar":0.0000138942577905,"dvar2":0.0000332054114551,"max":0.0932426080108,"mean":0.00777734862641,"median":0.00619977153838,"min":1.7527072646e-21,"var":0.0000471457751701},"spectral_energyband_middle_low":{"dmean":0.00550182862207,"dmean2":0.00856249686331,"dvar":0.0000987134262687,"dvar2":0.000223243536311,"max":0.332157164812,"mean":0.0138748502359,"median":0.00943758524954,"min":2.70667365233e-22,"var":0.000291637785267},"spectral_entropy":{"dmean":0.151508465409,"dmean2":0.233173161745,"dvar":0.020912475884,"dvar2":0.0478887297213,"max":9.80928516388,"mean":7.36320638657,"median":7.38795757294,"min":5.77927875519,"var":0.104184098542},"spectral_flux":{"dmean":0.0240432936698,"dmean2":0.038742993027,"dvar":0.000684668542817,"dvar2":0.00158893677872,"max":0.350569069386,"mean":0.110448151827,"median":0.10631904006,"min":1.0282076579e-10,"var":0.00207396969199},"spectral_kurtosis":{"dmean":6.84801006317,"dmean2":10.7819185257,"dvar":73.5752258301,"dvar2":185.109924316,"max":142.30456543,"mean":27.9068222046,"median":24.2191619873,"min":-1.16750860214,"var":197.051971436},"spectral_rms":{"dmean":0.000919208687264,"dmean2":0.00138878019061,"dvar":9.19603053262e-7,"dvar2":0.00000204902494261,"max":0.0189174395055,"mean":0.005729095079,"median":0.00565192569047,"min":3.21158117461e-12,"var":0.00000419724847234},"spectral_rolloff":{"dmean":4556.32958984,"dmean2":8782.67675781,"dvar":59176684,"dvar2":134916592,"max":22050,"mean":13164.1689453,"median":20736.4746094,"min":43.06640625,"var":92159560},"spectral_skewness":{"dmean":0.455155164003,"dmean2":0.696403861046,"dvar":0.264045059681,"dvar2":0.630238056183,"max":10.0780172348,"mean":3.64629650116,"median":3.44510316849,"min":-0.088753387332,"var":1.08303070068},"spectral_spread":{"dmean":408816.875,"dmean2":649509.625,"dvar":205689389056,"dvar2":412747497472,"max":39995252,"mean":3273839.25,"median":3186094,"min":1361765.75,"var":745735782400},"spectral_strongpeak":{"dmean":2.73541665077,"dmean2":5.1485376358,"dvar":94.8823852539,"dvar2":267.762054443,"max":125.660713196,"mean":2.27059388161,"median":0.338582068682,"min":0,"var":67.0423583984},"zerocrossingrate":{"dmean":0.0363677367568,"dmean2":0.0459632985294,"dvar":0.00090368342353,"dvar2":0.00140199880116,"max":0.61181640625,"mean":0.277204483747,"median":0.26806640625,"min":0.056640625,"var":0.00758436927572}},"metadata":{"audio_properties":{"analysis_sample_rate":44100,"bit_rate":160000,"codec":"mp3","downmix":"mix","equal_loudness":0,"length":341.394287109,"lossless":false,"md5_encoded":"8d0dc56c4ad93f006d2327fca71ad94d","replay_gain":-4.05550956726},"tags":{"album":["Club Ninja"],"albumartist":["Blue Öyster Cult"],"albumartistsort":["Blue Öyster Cult"],"artist":["Blue Öyster Cult"],"artistsort":["Blue Öyster Cult"],"asin":["B000001SMX"],"barcode":["07464399792"],"catalognumber":["CK 39979"],"date":["1986"],"discnumber":["1/1"],"file_name":"08 Shadow Warrior.mp3","genre":["Hard Rock"],"label":["Columbia Records"],"language":["eng"],"media":["CD"],"mp3gain_album_minmax":["000,195"],"mp3gain_minmax":["142,194"],"musicbrainz album release country":["US"],"musicbrainz album status":["official"],"musicbrainz album type":["album"],"musicbrainz_albumartistid":["c7423e0c-ab3e-4ab4-be10-cdff5a9d3062"],"musicbrainz_albumid":["ae57bcb4-1f3e-432d-a8b8-8ffb9bb60733"],"musicbrainz_artistid":["c7423e0c-ab3e-4ab4-be10-cdff5a9d3062"],"musicbrainz_recordingid":["638e78da-a197-4f5d-8a07-6cee8b16113e"],"originaldate":["1985"],"replaygain_album_gain":["-2.36 dB"],"replaygain_album_peak":["0.866748"],"replaygain_track_gain":["-3.05 dB"],"replaygain_track_peak":["0.838809"],"script":["Latn"],"title":["Shadow Warrior"],"tracknumber":["8/9"]},"version":{"essentia":"2.1-beta1","essentia_build_sha":"bda5e90839f2e183d44a111976edb2fa785c9dca","essentia_git_sha":"v2.1_beta1-13-g0c62dac-dirty","extractor":"music 1.0"}},"rhythm":{"beats_count":716,"beats_loudness":{"dmean":0.0225192792714,"dmean2":0.0389838144183,"dvar":0.000541875022464,"dvar2":0.00157490419224,"max":0.19434478879,"mean":0.046971783042,"median":0.0429548919201,"min":2.5018906058e-8,"var":0.000692713423632},"beats_loudness_band_ratio":{"dmean":[0.192108556628,0.100907899439,0.0989923626184,0.0929565131664,0.0494500398636,0.0800372287631],"dmean2":[0.337875187397,0.17598317