{"lowlevel":{"average_loudness":0.909800350666,"barkbands":{"dmean":[0.0077029322274,0.0142619395629,0.00308880279772,0.00205977866426,0.00304243294522,0.00148456939496,0.000712437729817,0.000514563522302,0.000361491169315,0.000284138746792,0.000193929445231,0.000172473170096,0.000151113272295,0.000109490923933,0.000123936522868,0.000125150501844,0.000153071116074,0.000102680729469,0.0000900307350093,0.00017027312424,0.000129881009343,0.0000422611810791,0.0000106003026303,0.0000122321553135,0.00000304745344692,0.00000869463292474,0.0000620460996288],"dmean2":[0.0130795817822,0.0230260640383,0.00492286449298,0.00332081946544,0.00473622698337,0.00225956179202,0.00116872705985,0.000860092521179,0.000591204676311,0.000476729415823,0.000319706537994,0.000282087945379,0.000246841198532,0.000172034910065,0.000194435720914,0.000198177047423,0.000238666252699,0.000156879221322,0.000135891052196,0.000260562315816,0.000198546433239,0.0000649075664114,0.0000168614569702,0.0000195146421902,0.00000517896523888,0.000013663971913,0.0000878530336195],"dvar":[0.000161928925081,0.000283361179754,0.0000162621836353,0.00000897205609363,0.0000262663688773,0.000011210442608,0.00000117696106372,5.1548272495e-7,3.37471703915e-7,1.63995622415e-7,8.96160159414e-8,7.70026318264e-8,9.63734905213e-8,1.04973203463e-7,1.63799001029e-7,2.15731517983e-7,4.90398178954e-7,1.15424050762e-7,1.06803462074e-7,3.01962160165e-7,1.35318245498e-7,1.01399955099e-8,3.43287287485e-10,8.52785342342e-10,2.69749257653e-11,2.78645745366e-10,1.69765339564e-8],"dvar2":[0.000452340958873,0.000750643317588,0.0000412098270317,0.0000237298372667,0.0000612490912317,0.0000232562342717,0.00000286574982056,0.00000132488651161,8.54822133078e-7,4.25409496074e-7,2.11272151773e-7,1.9092934167e-7,2.43242993747e-7,2.49213201187e-7,3.80077779027e-7,5.19389459441e-7,0.00000122873620967,2.6475197501e-7,2.3550826711e-7,6.94117147759e-7,3.05211614204e-7,2.36933725972e-8,8.29848634254e-10,2.06080819076e-9,6.92694096527e-11,6.54705401004e-10,3.34960681414e-8],"max":[0.213152304292,0.196239963174,0.0870983302593,0.0570769160986,0.125480547547,0.101333387196,0.0314570069313,0.0202213451266,0.0105099547654,0.0113094206899,0.00954215228558,0.00580673059449,0.00704813934863,0.0155239952728,0.0136755034328,0.0119511103258,0.0250522717834,0.0117974709719,0.0115502951667,0.0101218633354,0.00802768673748,0.00294154090807,0.000538806489203,0.000316317426041,0.000084983301349,0.000163919859915,0.00248321844265],"mean":[0.0146203581244,0.0294812433422,0.00560829602182,0.00445208000019,0.00569011783227,0.00268074194901,0.00117255793884,0.000824619957712,0.000613114796579,0.000456900597783,0.00035585227306,0.000296416255878,0.00025339203421,0.000201938106329,0.000196241235244,0.000199563262868,0.000230201025261,0.000157278918778,0.000137304188684,0.000270842836471,0.000207099394174,0.0000627849003649,0.0000145644607983,0.0000126764389279,0.00000288742353405,0.0000104981609184,0.00014575489331],"median":[0.0127575416118,0.0252788215876,0.00394170172513,0.00283659435809,0.00314098503441,0.00116134458221,0.000622058054432,0.000575570331421,0.000338725832989,0.000298320141155,0.000218399043661,0.00016499258345,0.000137226219522,0.000114052876597,0.0000852934681461,0.0000562214918318,0.0000481473834952,0.0000387183972634,0.0000306273796014,0.0000533731508767,0.0000552999117645,0.0000227189011639,0.00000771980467107,0.0000035550915527,0.00000106311335912,0.00000446858666692,0.0000768060490373],"min":[3.99254283984e-19,7.94129453126e-18,9.7111847638e-18,7.95101969372e-18,7.14553520145e-18,4.12585116396e-17,2.14100216738e-16,6.44845123954e-16,1.10777700523e-15,1.3207493579e-15,1.39795259939e-15,1.46199951339e-15,5.80576075564e-16,4.09553717827e-16,9.7817037639e-16,5.87305275874e-16,1.45896859128e-16,4.55565818071e-16,8.25557432728e-16,7.14099702391e-16,1.72013439225e-15,1.49665353709e-15,2.92122351157e-15,9.83182227987e-15,3.05796300486e-15,1.41374677807e-14,7.41685596132e-15],"var":[0.000238843014813,0.000554302474484,0.0000331873816322,0.0000240872541326,0.0000618177728029,0.000035893459426,0.00000258806699094,8.44080318529e-7,6.49742162295e-7,3.11572193823e-7,2.24651486747e-7,1.60379229897e-7,1.66757828879e-7,1.48863094296e-7,2.89505834417e-7,3.60016684908e-7,7.31678881039e-7,2.12854658344e-7,2.12092189145e-7,5.49646131276e-7,2.76850727232e-7,1.47562326802e-8,4.73189931682e-10,8.60928162094e-10,2.65682857659e-11,3.24375359906e-10,5.18319467346e-8]},"barkbands_crest":{"dmean":2.62325406075,"dmean2":4.26265859604,"dvar":5.01959657669,"dvar2":13.5119800568,"max":25.1333065033,"mean":12.4247274399,"median":12.2279510498,"min":3.06341171265,"var":13.357427597},"barkbands_flatness_db":{"dmean":0.0311482921243,"dmean2":0.0481513738632,"dvar":0.000682717130985,"dvar2":0.00164899032097,"max":0.578272879124,"mean":0.201415553689,"median":0.196547240019,"min":0.0426957271993,"var":0.00360577530228},"barkbands_kurtosis":{"dmean":8.11438751221,"dmean2":13.0032625198,"dvar":88.4364929199,"dvar2":224.226623535,"max":173.918624878,"mean":20.4726390839,"median":16.9183692932,"min":-1.94619214535,"var":254.057067871},"barkbands_skewness":{"dmean":0.741225540638,"dmean2":1.17503035069,"dvar":0.454298138618,"dvar2":1.10990786552,"max":10.0756225586,"mean":3.39718484879,"median":3.36692857742,"min":-5.44365262985,"var":2.14366292953},"barkbands_spread":{"dmean":3.65242481232,"dmean2":5.54821157455,"dvar":32.5482978821,"dvar2":63.6839523315,"max":138.446426392,"mean":10.6123142242,"median":7.3659491539,"min":0.467292696238,"var":131.934951782},"dissonance":{"dmean":0.0191034022719,"dmean2":0.0324406847358,"dvar":0.000324265536619,"dvar2":0.000908241956495,"max":0.5,"mean":0.46613368392,"median":0.471348434687,"min":0.269520938396,"var":0.00056942331139},"dynamic_complexity":2.77716732025,"erbbands":{"dmean":[0.696083664894,2.37140393257,3.30516958237,5.74015188217,7.23193597794,11.3639621735,13.1760158539,12.7748394012,8.9131603241,14.3736953735,9.15746498108,8.68733119965,6.86211681366,9.31258010864,7.46530294418,7.48762273788,6.85409450531,5.16655158997,6.18793964386,5.695084095,7.646941185,8.16042709351,5.70217895508,4.31936693192,5.28880548477,8.10915184021,7.05892801285,3.75765013695,1.78383684158,0.577251911163,0.276236951351,0.311996251345,0.154259636998,0.0386131629348,0.0217153597623,0.021924380213,0.0212842784822,0.0135290324688,0.0107278143987,0.00139216647949],"dmean2":[1.12643051147,3.84009623528,5.3672747612,9.07060432434,11.6543560028,17.8405590057,20.3470993042,19.5154399872,14.054684639,24.6157531738,14.9227790833,14.2861843109,11.1685647964,15.6514978409,12.2450256348,12.2448806763,11.1480121613,8.09066104889,9.77256393433,8.76572132111,12.0531740189,12.5033416748,8.68782138824,6.39004850388,8.07686138153,12.4794740677,10.7966032028,5.688144207,2.72194361687,0.890215098858,0.440319687128,0.503145456314,0.247120410204,0.0650209710002,0.0368155315518,0.0356149710715,0.0336551442742,0.0196973346174,0.015542681329,0.00200629932806],"dvar":[0.75462025404,9.13318061829,18.9036235809,64.7842102051,149.43208313,457.605407715,745.465820312,1043.44702148,241.44519043,433.561004639,206.880187988,199.985275269,143.804244995,164.927032471,119.273750305,160.631591797,203.202453613,147.799957275,484.088684082,403.083557129,938.578552246,1224.46923828,379.784423828,211.238647461,408.488525391,694.867980957,398.826690674,114.718452454,18.6464824677,1.30504214764,0.210446193814,0.550919890404,0.162538617849,0.00409325351939,0.00133524555713,0.00227376050316,0.00214822823182,0.000660623481963,0.000687279738486,0.00000516253112437],"dvar2":[2.00112557411,24.3795261383,50.1746788025,164.347824097,355.059356689,1069.40380859,1741.43981934,1981.03112793,535.100341797,1220.30383301,521.835876465,506.305328369,360.596557617,442.299102783,282.117004395,398.250854492,511.588806152,340.923583984,1146.46081543,920.327209473,2339.55786133,2888.87426758,855.243408203,435.237609863,937.520629883,1595.27758789,903.46472168,256.665252686,43.0048713684,3.16614723206,0.493555307388,1.35458707809,0.401075333357,0.0103732263669,0.00342366006225,0.00560337724164,0.00516266049817,0.0013509952696,0.0014256691793,0.0000103518605101],"max":[10.1887083054,38.3835525513,89.7335891724,168.729278564,325.295043945,482.444335938,953.876159668,1273.50061035,510.372406006,355.406402588,248.46307373,281.658355713,316.848327637,418.365509033,331.107269287,300.808746338,337.360992432,414.880462646,833.960632324,817.12689209,972.202270508,1174.97912598,619.936157227,483.076171875,653.319091797,573.114807129,411.081268311,241.015930176,106.472221375,48.3776664734,7.9499130249,9.10835552216,6.01397323608,0.959477066994,0.59918063879,0.811988472939,0.532581150532,0.561902046204,0.47085082531,0.0560535676777],"mean":[1.48789668083,4.17478179932,6.14383506775,14.3100738525,12.7736644745,19.4681072235,23.0287322998,23.6431179047,15.4469451904,22.0182113647,15.4105596542,14.7160425186,12.3145980835,15.9188404083,14.824798584,13.2165107727,12.0216474533,10.6581048965,10.8261976242,9.48333263397,12.1911001205,12.8776407242,9.19112300873,6.7953209877,8.22344589233,12.8879756927,11.4050884247,5.92733716965,2.66726708412,0.877414941788,0.368693143129,0.324965953827,0.15883667767,0.0390494950116,0.021168159321,0.0235945694149,0.0245133880526,0.0226043090224,0.020365903154,0.00496271904558],"median":[1.22915291786,2.95077419281,4.54363107681,8.88182640076,7.59533929825,9.37132644653,12.6284885406,8.61538887024,7.18862628937,13.9209375381,10.2294540405,8.04454612732,7.40779304504,11.2674999237,9.6300945282,7.36124753952,6.70691108704,6.57612752914,5.44779586792,3.6342716217,3.49396133423,2.93941783905,2.29565858841,1.66420578957,1.61912369728,2.51289510727,3.10570335388,1.62316560745,0.891196548939,0.424571633339,0.191910594702,0.0977950915694,0.0443650856614,0.015448205173,0.00840275548398,0.00828762166202,0.00935672502965,0.0102246627212,0.0074637811631,0.00367431016639],"min":[1.78026684936e-16,2.03501042006e-15,9.57487229422e-15,2.15953438535e-14,2.41148264145e-14,2.04124860596e-14,9.75195401862e-14,4.56997720916e-13,1.90049321766e-12,7.13597410329e-12,1.74036965395e-11,2.4958030434e-11,3.31209192017e-11,5.28642962738e-11,5.70196737049e-11,5.8245429313e-11,3.03067293483e-11,2.02065083416e-11,3.03376976318e-11,5.58747631496e-11,2.69487921561e-11,9.82915051434e-12,1.99034191906e-11,4.49867677832e-11,2.39396211188e-11,2.94062135753e-11,5.42698004591e-11,7.5367601049e-11,4.32663557759e-11,9.17193959671e-11,7.19877074618e-11,1.38535696803e-10,1.7254639384e-10,5.35757341269e-11,2.01541682648e-11,5.2767228087e-11,2.56654610759e-11,5.85262957889e-12,1.02075205927e-12,1.14734556491e-13],"var":[1.67912352085,17.2907848358,33.9600219727,234.369888306,361.568206787,904.418518066,1421.84741211,4355.34570312,617.978088379,658.83404541,311.480834961,377.941650391,269.310760498,301.496551514,327.733062744,323.10760498,355.499938965,252.482528687,752.334411621,757.477172852,1429.44580078,2085.9230957,731.97265625,438.517456055,822.483398438,1241.25488281,781.403381348,229.45765686,28.1852016449,1.95387887955,0.295074015856,0.533031582832,0.158142894506,0.00422187987715,0.00133190746419,0.00234064599499,0.00226988806389,0.00127612485085,0.00169255887158,0.0000221123264055]},"erbbands_crest":{"dmean":2.10863757133,"dmean2":3.45763063431,"dvar":3.54268622398,"dvar2":8.92691898346,"max":28.1863822937,"mean":7.62436389923,"median":6.78143787384,"min":2.53435635567,"var":10.9184551239},"erbbands_flatness_db":{"dmean":0.022478248924,"dmean2":0.0342597477138,"dvar":0.000379675038857,"dvar2":0.000931524089538,"max":0.309521108866,"mean":0.134881108999,"median":0.131396621466,"min":0.0452580302954,"var":0.00108129892033},"erbbands_kurtosis":{"dmean":0.958882689476,"dmean2":1.50830030441,"dvar":5.14971446991,"dvar2":11.8671283722,"max":96.7525177002,"mean":0.664060235023,"median":0.0654191970825,"min":-1.92806446552,"var":10.333483696},"erbbands_skewness":{"dmean":0.332855254412,"dmean2":0.510056436062,"dvar":0.115371108055,"dvar2":0.245157942176,"max":8.472032547,"mean":0.53494143486,"median":0.581345796585,"min":-3.47660493851,"var":0.668207764626},"erbbands_spread":{"dmean":8.12288284302,"dmean2":12.38859272,"dvar":59.5301437378,"dvar2":130.18812561,"max":201.780548096,"mean":38.737121582,"median":36.4109344482,"min":3.81814932823,"var":234.193481445},"gfcc":{"cov":[[11189.6025391,634.138061523,-953.981872559,283.78112793,12.556684494,-623.064453125,413.271362305,-483.392700195,102.713386536,60.5855636597,69.035118103,89.9885559082,-39.7364959717],[634.138061523,1121.05480957,161.756591797,-211.31262207,120.300041199,29.9772644043,89.990524292,-80.7497177124,37.2865867615,-68.5375061035,9.55066299438,-44.1068611145,74.447769165],[-953.981872559,161.756591797,419.883422852,-76.686882019,-82.3047790527,214.062301636,-117.334335327,114.17490387,-45.0975036621,-13.4689741135,-1.61432087421,-15.9165058136,13.3756313324],[283.78112793,-211.31262207,-76.686882019,254.435241699,59.8634872437,-107.075996399,78.7520217896,-44.3087158203,-1.41732037067,-2.60351586342,-23.8525714874,10.8308191299,-35.0167808533],[12.556684494,120.300041199,-82.3047790527,59.8634872437,171.348220825,-34.1798171997,73.7020339966,-29.5642471313,25.5588932037,-26.034860611,-13.8188753128,-16.0100822449,21.3134021759],[-623.064453125,29.9772644043,214.062301636,-107.075996399,-34.1798171997,271.957458496,-83.1318588257,110.45199585,-32.0349388123,5.28888988495,1.73577105999,-11.1316928864,1.9073574543],[413.271362305,89.990524292,-117.334335327,78.7520217896,73.7020339966,-83.1318588257,195.383377075,-71.1347503662,34.9018783569,-6.75463247299,-3.94303894043,1.46849095821,-9.64289474487],[-483.392700195,-80.7497177124,114.17490387,-44.3087158203,-29.5642471313,110.45199585,-71.1347503662,171.483383179,9.65754890442,8.18117237091,-1.06027579308,-8.34504890442,21.6971721649],[102.713386536,37.2865867615,-45.0975036621,-1.41732037067,25.5588932037,-32.0349388123,34.9018783569,9.65754890442,99.5917053223,12.8272914886,-2.81375026703,13.805524826,2.65733861923],[60.5855636597,-68.5375061035,-13.4689741135,-2.60351586342,-26.034860611,5.28888988495,-6.75463247299,8.18117237091,12.8272914886,72.1401062012,34.4251976013,0.160958230495,2.11082649231],[69.035118103,9.55066299438,-1.61432087421,-23.8525714874,-13.8188753128,1.73577105999,-3.94303894043,-1.06027579308,-2.81375026703,34.4251976013,61.1619377136,22.9214954376,4.42948913574],[89.9885559082,-44.1068611145,-15.9165058136,10.8308191299,-16.0100822449,-11.1316928864,1.46849095821,-8.34504890442,13.805524826,0.160958230495,22.9214954376,62.3868217468,12.7684783936],[-39.7364959717,74.447769165,13.3756313324,-35.0167808533,21.3134021759,1.9073574543,-9.64289474487,21.6971721649,2.65733861923,2.11082649231,4.42948913574,12.7684783936,73.4126815796]],"icov":[[0.000175865905476,-0.000419537682319,0.000785474898294,-0.00071446824586,0.000802075781394,-0.000312210497214,0.000146842081449,0.0000149435863932,-0.0000458534741483,0.00000774700038164,-0.000200789712835,0.0000408311389037,-0.000166685611475],[-0.000419537682319,0.00354327703826,-0.00414586998522,0.00429487554356,-0.00369609869085,0.00159838539548,-0.001907347003,0.00210342998616,-0.00135927507654,0.00219941860996,-0.00146186782513,0.00203469162807,-0.0011367504485],[0.000785474898294,-0.00414586998522,0.0111914081499,-0.00827417522669,0.00911870971322,-0.00707680964842,0.00337747274898,-0.00134515226819,-0.000898521218915,0.00349378027022,-0.00371149531566,0.003293935908,-0.00339543586597],[-0.00071446824586,0.00429487554356,-0.00827417522669,0.0159034263343,-0.0120406784117,0.00853864103556,-0.00470198597759,-0.00128568918444,0.0055219642818,-0.00761642958969,0.0101708751172,-0.00908544100821,0.00837294198573],[0.000802075781394,-0.00369609869085,0.00911870971322,-0.0120406784117,0.0195352733135,-0.0081357806921,0.00102509686258,0.00209497311153,-0.00672781234607,0.0109158493578,-0.0101540759206,0.011842481792,-0.0106843691319],[-0.000312210497214,0.00159838539548,-0.00707680964842,0.00853864103556,-0.0081357806921,0.0124513758346,-0.0018308153376,-0.00466123502702,0.00594514561817,-0.00776458298787,0.00791481696069,-0.00792464148253,0.00765673955902],[0.000146842081449,-0.001907347003,0.00337747274898,-0.00470198597759,0.00102509686258,-0.0018308153376,0.00945089478046,0.00152789335698,-0.00268329516985,0.00117472663987,-0.00198799814098,0.00143301486969,-0.00037058457383],[0.0000149435863932,0.00210342998616,-0.00134515226819,-0.00128568918444,0.00209497311153,-0.00466123502702,0.00152789335698,0.0128524191678,-0.00707945181057,0.00580216851085,-0.006013344042,0.00803549960256,-0.00752347428352],[-0.0000458534741483,-0.00135927507654,-0.000898521218915,0.0055219642818,-0.00672781234607,0.00594514561817,-0.00268329516985,-0.00707945181057,0.0195722114295,-0.0139985224232,0.0141467358917,-0.0149952638894,0.00913843978196],[0.00000774700038164,0.00219941860996,0.00349378027022,-0.00761642958969,0.0109158493578,-0.00776458298787,0.00117472663987,0.00580216851085,-0.0139985224232,0.0371328182518,-0.0293569527566,0.0225197598338,-0.0137301096693],[-0.000200789712835,-0.00146186782513,-0.00371149531566,0.0101708751172,-0.0101540759206,0.00791481696069,-0.00198799814098,-0.006013344042,0.0141467358917,-0.0293569527566,0.0444464161992,-0.0275772698224,0.0136065408587],[0.0000408311389037,0.00203469162807,0.003293935908,-0.00908544100821,0.011842481792,-0.00792464148253,0.00143301486969,0.00803549960256,-0.0149952638894,0.0225197598338,-0.0275772698224,0.0395087599754,-0.0177064258605],[-0.000166685611475,-0.0011367504485,-0.00339543586597,0.00837294198573,-0.0106843691319,0.00765673955902,-0.00037058457383,-0.00752347428352,0.00913843978196,-0.0137301096693,0.0136065408587,-0.0177064258605,0.0266971234232]],"mean":[-9.43307304382,116.070495605,-70.510597229,17.1701908112,-19.6278076172,-9.54958152771,3.23794269562,-14.4547481537,-3.92348527908,-1.67520141602,-7.51226615906,-1.61403107643,-2.76970028877]},"hfc":{"dmean":18.917427063,"dmean2":28.7207107544,"dvar":570.487609863,"dvar2":1256.09509277,"max":813.048706055,"mean":76.1589126587,"median":63.4456481934,"min":6.44387265769e-10,"var":3812.67504883},"melbands":{"dmean":[0.00509844208136,0.0020330590196,0.000918423233088,0.000656206393614,0.000477138120914,0.000277759623714,0.000133087334689,0.000147836733959,0.0000708438747097,0.0000544453905604,0.0000350716618414,0.0000400972967327,0.0000269723368547,0.0000188092380995,0.000019071627321,0.0000137932893267,0.0000102394997157,0.000010343035683,0.00000900887698663,0.00000767260371504,0.0000100502729765,0.00000942572842177,0.00000644115152681,0.00000489969534101,0.00000346226238435,0.00000374137380277,0.00000457280157207,0.00000601525835009,0.00000508798120791,0.00000344860950463,0.0000018792204628,0.00000125264534745,4.65081683387e-7,2.72272814072e-7,1.69474560607e-7,1.43138379372e-7,2.10032283121e-7,1.19649399721e-7,5.25550341024e-8,2.80516516682e-8],"dmean2":[0.00823733396828,0.00330477696843,0.00146299495827,0.00103016407229,0.00073399906978,0.000423060497269,0.000211975158891,0.000253310805419,0.000113909263746,0.0000897191566764,0.0000571267264604,0.0000676125200698,0.0000443797071057,0.0000307880254695,0.0000311121948471,0.000022563190214,0.0000160887302627,0.000016487962057,0.0000140878391903,0.0000121279126688,0.0000160319450515,0.0000147862047015,0.00000994939546217,0.00000754490429244,0.00000525270843355,0.00000583303562962,0.00000726234202375,0.00000936995456868,0.00000789953810454,0.00000531280102223,0.00000290542766379,0.00000194873337023,7.20956563782e-7,4.30007673913e-7,2.72428763992e-7,2.31772773418e-7,3.39010426842e-7,1.92113247977e-7,8.70650538332e-8,4.76979202801e-8],"dvar":[0.0000377048490918,0.00000644746614853,0.00000156440250976,0.00000132579748424,8.40101847643e-7,4.35023906675e-7,4.78044732688e-8,4.32760387525e-8,1.239253411e-8,7.96242893841e-9,3.68703378939e-9,3.12685943804e-9,1.80504100555e-9,8.5605833533e-10,1.41533595954e-9,7.3894274033e-10,6.25669571708e-10,1.47646717075e-9,9.13257747204e-10,8.37938995968e-10,1.88686355429e-9,1.7697778798e-9,5.64264135416e-10,2.69714167667e-10,1.42699935202e-10,1.8828351378e-10,3.2746663714e-10,3.59550555995e-10,2.13404918736e-10,9.33145019588e-11,3.10717666874e-11,1.10290509364e-11,8.45677531908e-13,3.10416379016e-13,8.45518045769e-14,7.6024032718e-14,2.85015067103e-13,9.75196350539e-14,1.67658313448e-14,2.29454067983e-15],"dvar2":[0.000100604855106,0.000017313303033,0.00000399428881792,0.0000030643707305,0.00000197001372726,8.4680590362e-7,1.0812659923e-7,1.21070641512e-7,3.12215782117e-8,2.03236414364e-8,9.22392118241e-9,8.40641600774e-9,4.14444567554e-9,2.08640238419e-9,3.66546282216e-9,1.85880155712e-9,1.45935719065e-9,3.57539486906e-9,2.02944749894e-9,2.04106265222e-9,4.93877871932e-9,4.34724212184e-9,1.29295740781e-9,6.24374274505e-10,3.01164954086e-10,4.39416697473e-10,7.82213238626e-10,8.39467106939e-10,4.95299579129e-10,2.13837905716e-10,7.36906438648e-11,2.57788616842e-11,2.03226476446e-12,7.8357014887e-13,2.00521606156e-13,1.88146129535e-13,7.05230633006e-13,2.41673028161e-13,4.25982322062e-14,5.89214202264e-15],"max":[0.0788601338863,0.0342005267739,0.024170698598,0.0211139544845,0.0283297225833,0.0244643390179,0.00702356966212,0.00452224817127,0.00196262332611,0.00162812764756,0.00153635744937,0.00183158076834,0.00145457149483,0.000618016696535,0.00107263412792,0.000634731142782,0.000871595402714,0.00158198794816,0.00101318303496,0.000792006845586,0.0015876647085,0.00136339967139,0.000626059947535,0.000604422879405,0.00043065106729,0.0004524042306,0.000488350808155,0.000411152112065,0.000290757860057,0.000211345788557,0.000127609513584,0.0000805032832432,0.0000268609855993,0.000024241167921,0.00000563205321669,0.00000345848411598,0.00000720877233107,0.00000467864265374,0.00000286682143269,7.83678501648e-7],"mean":[0.0113912858069,0.00406495621428,0.00227446225472,0.00115807948168,0.000860754924361,0.000515860680025,0.000231623809668,0.000228649747442,0.000116270661238,0.0000906449204194,0.0000608572299825,0.0000651830632705,0.0000511662656209,0.0000344319123542,0.0000310758587148,0.0000235811457969,0.0000195375250769,0.0000175444984052,0.0000139762296385,0.0000122448127513,0.0000147349010149,0.0000139266103361,0.0000099797398434,0.00000723555422155,0.0000051579936553,0.00000543829401067,0.0000067994424171,0.00000913913027034,0.00000784925032349,0.00000516402405992,0.00000278403922493,0.00000176316791567,6.7191905373e-7,3.91301341551e-7,2.22004416628e-7,1.55938010948e-7,2.11884483292e-7,1.21217212268e-7,5.30479695726e-8,2.64279300666e-8],"median":[0.0100585287437,0.00305528892204,0.00155179598369,0.000591233721934,0.0004746466293,0.000199459580472,0.00011573426309,0.000151591390022,0.000073729941505,0.0000482225223095,0.0000358991346729,0.0000449386971013,0.0000313195487252,0.0000202974642889,0.0000165426608874,0.0000136498028951,0.0000114258309623,0.00000879958133737,0.00000561535853194,0.00000379341281587,0.00000388946955354,0.0000029359734981,0.00000207283437703,0.00000182578492058,0.00000120791105473,0.00000114568092613,9.48983370108e-7,0.00000173591115527,0.00000200715840037,0.000001224323114,7.48267893869e-7,5.06266133016e-7,2.82635369331e-7,1.92019541601e-7,1.11660469315e-7,6.34888408513e-8,5.3137576117e-8,3.28424007989e-8,1.65360241056e-8,9.6516696857e-9],"min":[1.91207265367e-18,4.31796882431e-18,3.89852745597e-18,1.45449112466e-18,2.78811647937e-18,1.00963953304e-17,3.27856212159e-17,9.03014016483e-17,1.52259386816e-16,1.57902161491e-16,1.65737997112e-16,2.11155480227e-16,1.92185806797e-16,1.68367293259e-16,1.18569921888e-16,4.38261927575e-17,3.69286413407e-17,4.00096740555e-17,8.45474009585e-17,5.33330424033e-17,2.69522045698e-17,9.98869227878e-18,6.89755307125e-18,2.78076615244e-17,3.82809128973e-17,2.9775401779e-17,4.13885113447e-18,2.52567556293e-17,3.33423567815e-17,3.83899055236e-17,4.44590984227e-17,1.17862723823e-17,4.75079637378e-17,5.77755283796e-17,4.75371003477e-17,3.40631388063e-17,1.1332496153e-16,1.33666550402e-16,1.07203030903e-16,2.15002339914e-17],"var":[0.0000801073474577,0.0000129567333715,0.00000513311670147,0.00000289127342512,0.00000177642493782,0.00000172619854766,1.20212206411e-7,6.67372574981e-8,1.90673503653e-8,1.50165604396e-8,6.83907819266e-9,5.53743717546e-9,4.88281681754e-9,2.01115657461e-9,2.326357329e-9,1.31087807276e-9,1.00762209687e-9,2.05152672628e-9,1.68933467215e-9,1.39106093311e-9,2.4407817989e-9,2.72761702114e-9,1.03011044139e-9,4.52793830208e-10,2.76873995952e-10,3.47929629552e-10,5.79142345192e-10,6.01719896132e-10,3.75994957391e-10,1.89188900657e-10,5.24351395637e-11,1.50230609203e-11,1.31011781285e-12,4.09549727031e-13,1.18211687726e-13,7.69251741299e-14,2.70494916613e-13,9.34617577016e-14,1.57509723715e-14,2.25313770937e-15]},"melbands_crest":{"dmean":3.61523675919,"dmean2":5.90592002869,"dvar":11.2033824921,"dvar2":29.8152866364,"max":38.139175415,"mean":21.3829307556,"median":20.8261680603,"min":3.47290635109,"var":48.4072227478},"melbands_flatness_db":{"dmean":0.0374542512,"dmean2":0.0573452524841,"dvar":0.000986142316833,"dvar2":0.00231956969947,"max":0.73878800869,"mean":0.320936024189,"median":0.318255335093,"min":0.0383236221969,"var":0.0057448730804},"melbands_kurtosis":{"dmean":13.3015270233,"dmean2":21.4317016602,"dvar":271.530090332,"dvar2":680.870727539,"max":374.391143799,"mean":32.5259208679,"median":25.3934249878,"min":-1.89496695995,"var":798.267456055},"melbands_skewness":{"dmean":0.925666511059,"dmean2":1.47295463085,"dvar":0.727951228619,"dvar2":1.81553471088,"max":16.114282608,"mean":4.25095701218,"median":4.08427238464,"min":-2.52044272423,"var":3.05730485916},"melbands_spread":{"dmean":3.27390980721,"dmean2":5.00596094131,"dvar":48.0121078491,"dvar2":93.7870330811,"max":284.088806152,"mean":9.0160150528,"median":5.48587083817,"min":0.278751224279,"var":211.703704834},"mfcc":{"cov":[[6426.90722656,9.32301998138,-665.854797363,563.848022461,-413.6796875,83.8861465454,-116.749603271,-145.259292603,-167.398956299,-24.5934391022,-60.5098190308,148.04258728,-30.0960941315],[9.32301998138,1124.84301758,135.319351196,-189.178863525,49.5515975952,48.0306053162,51.2440490723,7.05274534225,50.701789856,-12.0224990845,0.969375729561,-17.0361919403,15.8693847656],[-665.854797363,135.319351196,497.203277588,-248.29107666,103.444847107,-29.9638557434,34.7608528137,40.1504859924,-4.54158163071,15.9603347778,30.9307594299,-24.2049541473,-25.8315296173],[563.848022461,-189.178863525,-248.29107666,428.085021973,-102.474960327,44.1339988708,-18.7636127472,-14.9168624878,-3.81027388573,-15.0771589279,-21.3085479736,12.202129364,1.67220127583],[-413.6796875,49.5515975952,103.444847107,-102.474960327,176.004379272,-24.8843288422,18.4486179352,27.1097774506,36.1638641357,8.2143907547,5.70134973526,-23.7697849274,8.46137619019],[83.8861465454,48.0306053162,-29.9638557434,44.1339988708,-24.8843288422,130.821975708,25.1137924194,8.85709381104,-12.0494031906,5.58062362671,-7.39998579025,0.92824447155,9.98997306824],[-116.749603271,51.2440490723,34.7608528137,-18.7636127472,18.4486179352,25.1137924194,113.409370422,8.75034618378,8.64369392395,-1.28056871891,9.48618602753,-10.1206636429,6.65263080597],[-145.259292603,7.05274534225,40.1504859924,-14.9168624878,27.1097774506,8.85709381104,8.75034618378,101.327301025,31.1207923889,12.7528944016,-1.9942882061,-2.51548099518,-6.21185922623],[-167.398956299,50.701789856,-4.54158163071,-3.81027388573,36.1638641357,-12.0494031906,8.64369392395,31.1207923889,103.855422974,22.0229721069,-4.37439203262,-3.5727930069,8.60522270203],[-24.5934391022,-12.0224990845,15.9603347778,-15.0771589279,8.2143907547,5.58062362671,-1.28056871891,12.7528944016,22.0229721069,72.4898834229,12.9033470154,11.6815156937,-8.58540534973],[-60.5098190308,0.969375729561,30.9307594299,-21.3085479736,5.70134973526,-7.39998579025,9.48618602753,-1.9942882061,-4.37439203262,12.9033470154,70.4265899658,6.99597024918,-1.63247036934],[148.04258728,-17.0361919403,-24.2049541473,12.202129364,-23.7697849274,0.92824447155,-10.1206636429,-2.51548099518,-3.5727930069,11.6815156937,6.99597024918,65.1328659058,3.25424909592],[-30.0960941315,15.8693847656,-25.8315296173,1.67220127583,8.46137619019,9.98997306824,6.65263080597,-6.21185922623,8.60522270203,-8.58540534973,-1.63247036934,3.25424909592,68.0224761963]],"icov":[[0.000221274531214,-0.0000859334613779,0.000173751090188,-0.00015933540999,0.00022497298778,0.0000392157417082,0.0000655667099636,0.000083557497419,0.000300751940813,-0.0000987179009826,0.000117690768093,-0.000320623221342,0.000122979385196],[-0.0000859334613779,0.00109317759052,-0.000202496434213,0.000553845777176,0.00000706618357071,-0.000661205791403,-0.000205721458769,0.00024196942104,-0.000906841363758,0.000567424925976,-0.0000444217876066,0.000148228093167,-0.000066943874117],[0.000173751090188,-0.000202496434213,0.00338236871175,0.00133759679738,-0.000716787530109,0.000299804698443,-0.000499901478179,-0.000908149464522,0.00114016945008,-0.00037454496487,-0.000663212442305,0.000322683044942,0.00116391363554],[-0.00015933540999,0.000553845777176,0.00133759679738,0.00392651557922,0.00104103784543,-0.00106735515874,8.28596512292e-7,-0.000178278423846,-0.000952153233811,0.000823325593956,0.0000111881681732,0.000434477522504,0.000426467944635],[0.00022497298778,0.00000706618357071,-0.000716787530109,0.00104103784543,0.00829202216119,0.00100496131927,-0.000493094616104,-0.000930737762246,-0.00183899328113,-0.000324843655108,0.0000184722757695,0.00194951903541,-0.00131689698901],[0.0000392157417082,-0.000661205791403,0.000299804698443,-0.00106735515874,0.00100496131927,0.00955053605139,-0.00226809969172,-0.00163442420308,0.00247558136471,-0.00222217920236,0.00125574483536,0.000349965674104,-0.0017236166168],[0.0000655667099636,-0.000205721458769,-0.000499901478179,8.28596512292e-7,-0.000493094616104,-0.00226809969172,0.0100581170991,-0.000111482935608,-0.000873418350238,0.000842418638058,-0.00160123407841,0.00102429441176,-0.000582901237067],[0.000083557497419,0.00024196942104,-0.000908149464522,-0.000178278423846,-0.000930737762246,-0.00163442420308,-0.000111482935608,0.0119231678545,-0.00349049712531,-0.000415238784626,0.000620302045718,-0.00056383194169,0.0015265973052],[0.000300751940813,-0.000906841363758,0.00114016945008,-0.000952153233811,-0.00183899328113,0.00247558136471,-0.000873418350238,-0.00349049712531,0.0138233341277,-0.00461290357634,0.00154866743833,0.00021711649606,-0.00187129992992],[-0.0000987179009826,0.000567424925976,-0.00037454496487,0.000823325593956,-0.000324843655108,-0.00222217920236,0.000842418638058,-0.000415238784626,-0.00461290357634,0.017166165635,-0.00307883811183,-0.00303008477204,0.00272917118855],[0.000117690768093,-0.0000444217876066,-0.000663212442305,0.0000111881681732,0.0000184722757695,0.00125574483536,-0.00160123407841,0.000620302045718,0.00154866743833,-0.00307883811183,0.0157926958054,-0.00180876196828,-0.000282134162262],[-0.000320623221342,0.000148228093167,0.000322683044942,0.000434477522504,0.00194951903541,0.000349965674104,0.00102429441176,-0.00056383194169,0.00021711649606,-0.00303008477204,-0.00180876196828,0.0178435593843,-0.00181711069308],[0.000122979385196,-0.000066943874117,0.00116391363554,0.000426467944635,-0.00131689698901,-0.0017236166168,-0.000582901237067,0.0015265973052,-0.00187129992992,0.00272917118855,-0.000282134162262,-0.00181711069308,0.0164772793651]],"mean":[-673.961608887,169.54246521,8.11441421509,43.5552635193,-2.07949352264,23.3634166718,5.97551774979,5.13763904572,7.01657295227,4.62356328964,-1.42245817184,7.67721652985,-0.995331764221]},"pitch_salience":{"dmean":0.0768175944686,"dmean2":0.124825954437,"dvar":0.0044559976086,"dvar2":0.0120900990441,"max":0.949072360992,"mean":0.483286350965,"median":0.490946650505,"min":0.0879587978125,"var":0.0161738563329},"silence_rate_20dB":{"dmean":0,"dmean2":0,"dvar":0,"dvar2":0,"max":1,"mean":1,"median":1,"min":1,"var":0},"silence_rate_30dB":{"dmean":0.0947200581431,"dmean2":0.189457893372,"dvar":0.08574757725,"dvar2":0.193890362978,"max":1,"mean":0.841335356236,"median":1,"min":0,"var":0.133480235934},"silence_rate_60dB":{"dmean":0.000937822391279,"dmean2":0.00187582068611,"dvar":0.000937016622629,"dvar2":0.00243534101173,"max":1,"mean":0.0201612897217,"median":0,"min":0,"var":0.019754588604},"spectral_centroid":{"dmean":202.316238403,"dmean2":295.136047363,"dvar":79013.4609375,"dvar2":139795.609375,"max":11077.5439453,"mean":834.797363281,"median":619.164794922,"min":140.40171814,"var":527491},"spectral_complexity":{"dmean":3.35702896118,"dmean2":5.13093233109,"dvar":14.9177675247,"dvar2":27.4266281128,"max":60,"mean":17.0289764404,"median":15,"min":0,"var":84.7625274658},"spectral_contrast_coeffs":{"dmean":[0.0471696816385,0.0483872741461,0.0363123938441,0.0286618620157,0.0259958021343,0.0459645465016],"dmean2":[0.0779388323426,0.0804376751184,0.0613984428346,0.0475153252482,0.0422228351235,0.0711696520448],"dvar":[0.00142178102396,0.00137007504236,0.000782763061579,0.000536816660315,0.000485457392642,0.00156249536667],"dvar2":[0.00389165710658,0.00369817414321,0.00217918260023,0.00144509610254,0.00128251931164,0.00365822715685],"max":[-0.346303611994,-0.427100419998,-0.600515961647,-0.620557904243,-0.639929413795,-0.424258977175],"mean":[-0.692659437656,-0.766129970551,-0.804365336895,-0.817019045353,-0.823129892349,-0.730926275253],"median":[-0.694644093513,-0.770872116089,-0.805985450745,-0.818925917149,-0.821693837643,-0.73307967186],"min":[-0.969106435776,-0.970207035542,-0.993023574352,-0.988963007927,-0.978611171246,-0.957483112812],"var":[0.00474040349945,0.00385221885517,0.00192667648662,0.00176099734381,0.00171234924346,0.00656111026183]},"spectral_contrast_valleys":{"dmean":[0.329568266869,0.355119109154,0.308600634336,0.307965904474,0.383524954319,0.648107171059],"dmean2":[0.548058629036,0.582403361797,0.503108739853,0.483074337244,0.568678557873,1.0355796814],"dvar":[0.0865821540356,0.0887505039573,0.0772966071963,0.089267320931,0.148826062679,0.284094274044],"dvar2":[0.207534715533,0.20780774951,0.179986074567,0.196256801486,0.327068626881,0.761615872383],"max":[-4.75413703918,-4.61763381958,-5.6017332077,-5.73621082306,-5.15096139908,-8.81024551392],"mean":[-6.21857786179,-6.43899583817,-7.14695262909,-7.7741560936,-7.87721824646,-11.077665329],"median":[-6.04071140289,-6.28388977051,-6.96978187561,-7.61393356323,-7.73709392548,-10.9712295532],"min":[-27.0447387695,-26.8407306671,-27.2950057983,-27.2168865204,-27.3167324066,-27.3288917542],"var":[1.54257714748,1.26534593105,1.19089591503,1.14188981056,1.42473530769,0.962198793888]},"spectral_decrease":{"dmean":5.66318680839e-9,"dmean2":9.14755116099e-9,"dvar":4.10600809368e-17,"dvar2":1.09700110502e-16,"max":9.40937439076e-10,"mean":-1.70081335682e-8,"median":-1.57106025966e-8,"min":-1.0121409133e-7,"var":1.00446937297e-16},"spectral_energy":{"dmean":0.0216817054898,"dmean2":0.0349646657705,"dvar":0.000592389900703,"dvar2":0.00158099329565,"max":0.400780856609,"mean":0.0711003988981,"median":0.0658106431365,"min":5.84466421658e-14,"var":0.00157858908642},"spectral_energyband_high":{"dmean":0.000326643144945,"dmean2":0.00048020054237,"dvar":6.28435202543e-7,"dvar2":0.00000134452318434,"max":0.0143258981407,"mean":0.00059607141884,"median":0.000226612814004,"min":4.00115223343e-14,"var":0.00000143219722304},"spectral_energyband_low":{"dmean":0.0188656076789,"dmean2":0.0305467899889,"dvar":0.00046415172983,"dvar2":0.00125170696992,"max":0.304674893618,"mean":0.0502462126315,"median":0.0462866425514,"min":2.2506619975e-17,"var":0.00111234770156},"spectral_energyband_middle_high":{"dmean":0.000945787876844,"dmean2":0.00141764828004,"dvar":0.0000035855571241,"dvar2":0.00000733768865757,"max":0.0477809421718,"mean":0.00254336558282,"median":0.0017224176554,"min":8.06332675326e-15,"var":0.0000103534030131},"spectral_energyband_middle_low":{"dmean":0.00503886677325,"dmean2":0.00774695118889,"dvar":0.0000523524759046,"dvar2":0.000121119155665,"max":0.149163916707,"mean":0.0155303664505,"median":0.0121819088235,"min":2.3364901983e-15,"var":0.000180660688784},"spectral_entropy":{"dmean":0.233779296279,"dmean2":0.353733211756,"dvar":0.0493611618876,"dvar2":0.117484398186,"max":9.80131721497,"mean":7.29542207718,"median":7.34223365784,"min":4.81735086441,"var":0.189304828644},"spectral_flux":{"dmean":0.0297097396106,"dmean2":0.0487752817571,"dvar":0.00087574752979,"dvar2":0.00230330182239,"max":0.454099059105,"mean":0.111527860165,"median":0.106934696436,"min":0.0000217889137275,"var":0.00263203121722},"spectral_kurtosis":{"dmean":4.24174594879,"dmean2":6.61897516251,"dvar":42.8683586121,"dvar2":113.242637634,"max":122.271560669,"mean":12.3874588013,"median":9.92294120789,"min":-1.16686534882,"var":71.8845977783},"spectral_rms":{"dmean":0.00121391762514,"dmean2":0.00194242561702,"dvar":0.00000138110726766,"dvar2":0.00000369714371118,"max":0.0197738651186,"mean":0.00795665662736,"median":0.00801283307374,"min":7.55123252816e-9,"var":0.00000605755667493},"spectral_rolloff":{"dmean":792.332336426,"dmean2":1466.62219238,"dvar":10290177,"dvar2":27531186,"max":22050,"mean":1201.48303223,"median":279.931640625,"min":43.06640625,"var":13414229},"spectral_skewness":{"dmean":0.413676738739,"dmean2":0.615622699261,"dvar":0.236682996154,"dvar2":0.588680267334,"max":9.62965106964,"mean":2.34059000015,"median":2.17909955978,"min":-0.0195920374244,"var":0.775542080402},"spectral_spread":{"dmean":581182.125,"dmean2":902212.1875,"dvar":342844407808,"dvar2":726212739072,"max":40521420,"mean":4033237.5,"median":3995259.5,"min":1254451.375,"var":1519485059070},"spectral_strongpeak":{"dmean":0.278254061937,"dmean2":0.498713523149,"dvar":8.9726524353,"dvar2":25.6177539825,"max":125.094429016,"mean":0.42658957839,"median":0.298098504543,"min":0,"var":7.74347400665},"zerocrossingrate":{"dmean":0.0240916404873,"dmean2":0.032186537981,"dvar":0.000424386671511,"dvar2":0.000732871762011,"max":0.548828125,"mean":0.120611332357,"median":0.1103515625,"min":0.00341796875,"var":0.00412934366614}},"metadata":{"audio_properties":{"analysis_sample_rate":44100,"bit_rate":219262,"codec":"mp3","downmix":"mix","equal_loudness":0,"length":247.589630127,"lossless":false,"md5_encoded":"a7cda0672f0db2749941ec78afae8631","replay_gain":-0.570829391479,"sample_rate":44100},"tags":{"album":["Around the Sun"],"artist":["R.E.M."],"date":["2004-10-04"],"file_name":"05 - R.E.M - Final Straw.mp3","musicbrainz_albumid":["f89a3fa0-8ca4-44ac-ad16-632c8306627e"],"musicbrainz_artistid":["ea4dfa26-f633-4da6-a52a-f49ea4897b58"],"musicbrainz_recordingid":["63a9c18b-4972-406d-b671-a9f3d2d045cc"],"title":["Final Straw"],"tracknumber":["05/13"]},"version":{"essentia":"2.1-beta1","essentia_build_sha":"5a811adb4c06fd6d02ca903f7349a26d851abfa8","essentia_git_sha":"v2.1_beta1-34-gf95df8b","extractor":"music 1.0"}},"rhythm":{"beats_count":463,"beats_loudness":{"dmean":0.0386047363281,"dmean2":0.06577103585,"dvar":0.00135516549926,"dvar2":0.00380347925238,"max":0.307736217976,"mean":0.0841191634536,"median":0.0757327154279,"min":4.7868322639e-9,"var":0.00224171881564},"beats_loudness_band_ratio":{"dmean":[0.136479958892,0.0856103301048,0.0341873317957,0.0179395433515,0.0211358852684,0.0390618853271],"dmean2":[0.232282012701,0.147239357233,0.0606329031289,0.0310369525105,0.0403898507357,0.0691337361932],"dvar":[0.0181516651064,0.00948639493436,0.00163224840071,0.000450100313174,0.00349957658909,0.00288439798169],"dvar2":[0.044956613332,0.0243501719087,0.00451405579224,0.00123857392464,0.0101740499958,0.00651178741828],"max":[0.978998303413,0.758968174458,0.283204644918,0.155584782362,0.554732739925,0.978908956051],"mean":[0.76428180933,0.114941053092,0.0431124567986,0.0249558519572,0.0161913745105,0.0574576333165],"median":[0.8108907938,0.079482190311,0.0306845996529,0.018756210804,0.00618737749755,0.0393891707063],"min":[0.00133057706989,0.00125430384651,0.000454682594864,0.000036699926568,0.00000363093772648,0.00359173654579],"var":[0.0287744104862,0.0126475282013,0.00169435958378,0.000541218032595,0.00