{"lowlevel":{"average_loudness":0.682096302509,"barkbands":{"dmean":[0.0121111711487,0.0169533193111,0.00445135356858,0.000984302721918,0.00127967470326,0.000890441529918,0.000649179157335,0.000577970582526,0.000751889019739,0.000582929293159,0.000569380936213,0.000957957410719,0.00111439579632,0.000742039410397,0.000436491623987,0.000172740226844,0.000176819128683,0.000153102984768,0.000111863882921,0.000105374834675,0.0000988721076283,0.0000974740105448,0.0000809451375972,0.0000164440025401,0.00000294933852274,0.0000304074328596,0.000268365402007],"dmean2":[0.0180967561901,0.0256807412952,0.00743507407606,0.00164536235388,0.00208835210651,0.00141438562423,0.00105185213033,0.000946914544329,0.00118025194388,0.000938054639846,0.000923950050492,0.00153768551536,0.00180281233042,0.00121836026665,0.000706623250153,0.000290731491987,0.000282559893094,0.000238187232753,0.000170941144461,0.000158242386533,0.000142759730807,0.000136521761306,0.000117232797493,0.0000252805875789,0.00000497866221849,0.0000437380804215,0.000417262199335],"dvar":[0.000725303369109,0.00108395994175,0.000218603512621,0.00000469023143523,0.0000118812286019,0.00000674142847856,0.00000556610575586,0.00000395308006773,0.0000049484142437,0.00000238896291194,0.00000250022708315,0.00000747903823139,0.0000109224183689,0.00000433228251495,0.00000104929631561,2.02060448373e-7,1.68683158108e-7,1.48634683228e-7,5.87022945808e-8,5.39548103973e-8,5.00736945241e-8,5.70532527888e-8,3.53610900561e-8,1.41121503372e-9,4.47808908011e-11,5.54926726792e-9,6.95863207056e-7],"dvar2":[0.00152308528777,0.00253555574454,0.000539127096999,0.0000119073174574,0.0000321611187246,0.0000167369016708,0.0000135739164762,0.0000104186337921,0.0000116515757327,0.00000611019413554,0.00000623562891633,0.0000187678797374,0.0000280215881503,0.0000116413693831,0.0000027567818961,5.36588061095e-7,4.24914674113e-7,3.48352529045e-7,1.26344531282e-7,1.20501240986e-7,9.77312311079e-8,1.05671247752e-7,7.03578635353e-8,3.21212545451e-9,1.11107456569e-10,1.09430589035e-8,0.00000184231805633],"max":[0.393012315035,0.769641697407,0.273249804974,0.0555160939693,0.0732208937407,0.0723638683558,0.0568150989711,0.0427123680711,0.0920613333583,0.0440525300801,0.032630816102,0.062451608479,0.0876737758517,0.0424748845398,0.026214312762,0.00744126737118,0.0098581071943,0.0111720627174,0.00554948952049,0.00439380528405,0.00643658824265,0.00449096783996,0.00317958625965,0.000635314383544,0.000250309385592,0.00121253542602,0.0257452875376],"mean":[0.0143653135747,0.0260314773768,0.00464280415326,0.00117065606173,0.0017403436359,0.00127313111443,0.000811219913885,0.000664316234179,0.00100224022754,0.000722629367374,0.000705375568941,0.00124263809994,0.00142529013101,0.00101379747503,0.000627538538538,0.000229813478654,0.000288545532385,0.000265313574346,0.000204995289096,0.000203473377042,0.000201478091185,0.000196545908693,0.000141871336382,0.0000249023541983,0.00000278426000477,0.0000521699475939,0.000501518545207],"median":[0.00329118501395,0.00990794040263,0.00144417374395,0.000527616415638,0.00064266246045,0.000270669232123,0.000132780987769,0.000101678815554,0.000236860942096,0.000160543757374,0.000116076960694,0.000211799007957,0.000259905238636,0.000171405568835,0.000188526639249,0.0000894566765055,0.0000862675660755,0.00006962572661,0.0000543405476492,0.000036662328057,0.0000279221931123,0.0000163544445968,0.00000635429114482,0.00000212778695641,8.22419792712e-7,0.00000359922796633,0.000124789075926],"min":[1.7791704588e-24,1.760672065e-23,4.72062885382e-23,2.28741295076e-23,3.13547281821e-23,1.40587540422e-23,1.78228827375e-23,4.6699896635e-23,3.58106594923e-23,5.58001076852e-23,1.0888464059e-22,1.35694715854e-22,1.67967381518e-22,5.61861509687e-23,7.13287083868e-23,1.38338119328e-22,2.44153106498e-22,2.19730174821e-22,2.43991749733e-22,2.63139335034e-22,6.31666094629e-22,5.09039598044e-22,8.69752242299e-22,1.10531070292e-21,1.21208960239e-21,1.74188868731e-21,2.28896162987e-21],"var":[0.00088605977362,0.00158694572747,0.000215185427805,0.00000499457155456,0.0000129021173052,0.0000132404202304,0.00000705126740286,0.00000415910471929,0.00000699406609783,0.00000280743847725,0.00000306551191898,0.0000100243660199,0.0000124984026115,0.00000651985601507,0.00000160206354849,2.13739255628e-7,3.42783977203e-7,3.41040333751e-7,1.56210347768e-7,1.71626240331e-7,1.91490215684e-7,2.16405453557e-7,1.08593646075e-7,3.3562841395e-9,4.28135166208e-11,1.5377066731e-8,0.00000113349460662]},"barkbands_crest":{"dmean":3.14231681824,"dmean2":5.1060256958,"dvar":7.6803984642,"dvar2":18.8256149292,"max":26.297504425,"mean":12.513007164,"median":12.338095665,"min":2.11760520935,"var":24.1217384338},"barkbands_flatness_db":{"dmean":0.0382268093526,"dmean2":0.057066641748,"dvar":0.00126744050067,"dvar2":0.00269342167303,"max":0.535016715527,"mean":0.176137045026,"median":0.166032224894,"min":0.0240151714534,"var":0.0061001945287},"barkbands_kurtosis":{"dmean":15.0797071457,"dmean2":22.9835414886,"dvar":844.126708984,"dvar2":1857.53271484,"max":426.727050781,"mean":24.140329361,"median":6.27994823456,"min":-1.76142859459,"var":2042.30432129},"barkbands_skewness":{"dmean":1.16434025764,"dmean2":1.68805217743,"dvar":1.67881441116,"dvar2":3.31240725517,"max":16.7142105103,"mean":3.15914916992,"median":2.4098200798,"min":-1.8795132637,"var":7.26823377609},"barkbands_spread":{"dmean":7.6442565918,"dmean2":11.5066986084,"dvar":80.6503677368,"dvar2":171.83581543,"max":96.7035293579,"mean":22.672000885,"median":17.7946586609,"min":0.183091327548,"var":368.757324219},"dissonance":{"dmean":0.0168365798891,"dmean2":0.0281542893499,"dvar":0.00038908602437,"dvar2":0.00101127440576,"max":0.500000059605,"mean":0.473848938942,"median":0.482391804457,"min":0.163575813174,"var":0.000774146814365},"dynamic_complexity":4.36244821548,"erbbands":{"dmean":[0.992956340313,2.37249183655,5.08790683746,3.74699282646,3.9801876545,4.21748924255,5.50793743134,7.86322927475,9.85788726807,8.59475040436,14.4178524017,16.5097904205,17.4173488617,19.6058349609,24.7139358521,41.3245849609,50.0424690247,32.7310028076,33.9559745789,14.1392717361,8.1968421936,10.3476753235,8.22296047211,6.45930767059,5.29178190231,5.21730470657,4.54001760483,3.82959580421,3.50485372543,2.99053788185,2.11193180084,0.753186225891,0.0815453603864,0.0341465435922,0.0207889080048,0.0145188597962,0.066588781774,0.0488086901605,0.00983113236725,0.00574793480337],"dmean2":[1.51489281654,3.84421777725,8.49129486084,6.15661144257,6.52930307388,6.99269914627,8.95718288422,12.6189155579,15.8615150452,13.8621959686,23.3240966797,25.9741687775,27.3801116943,31.4439888,39.7154197693,66.7773361206,80.8658981323,52.8241958618,55.0877990723,22.9099655151,13.4652338028,16.347284317,12.8202857971,9.8330078125,7.97744369507,7.84799289703,6.70987987518,5.53446292877,4.92814397812,4.26676225662,3.09436845779,1.11401891708,0.125879272819,0.0571947023273,0.0350128263235,0.0234412383288,0.0966510176659,0.0657794773579,0.0126194981858,0.00899731367826],"dvar":[4.37218904495,20.5435371399,220.699584961,125.432746887,78.5267562866,188.554321289,206.981002808,678.417114258,1328.02307129,912.413391113,2363.42138672,3346.47924805,1821.67883301,2796.88134766,4896.34521484,14533.8808594,23735.9199219,6134.24316406,7063.52099609,1031.78588867,489.911621094,597.063659668,430.855560303,214.938903809,136.110595703,135.558853149,101.017219543,86.7537689209,73.1983184814,49.9185295105,25.0970878601,3.05059432983,0.0227757766843,0.00580044696108,0.00220793602057,0.000755149172619,0.0265990886837,0.0150010297075,0.000450848572655,0.000237440879573],"dvar2":[10.3778553009,51.130355835,549.154724121,305.411895752,202.150527954,520.521362305,496.562011719,1787.67553711,3256.7800293,2031.78564453,6143.93408203,7710.91210938,4509.63085938,6932.38916016,12057.4990234,36608.65625,61125.40625,15384.6845703,19156.90625,2564.26000977,1281.53222656,1495.40661621,1021.12817383,471.499694824,290.751220703,303.317321777,204.274093628,172.717803955,137.233703613,96.4250869751,51.052936554,6.32079410553,0.0495147891343,0.0143917528912,0.00547327985987,0.00180013675708,0.0529768504202,0.0267222132534,0.000746661156882,0.000601485779043],"max":[38.0327453613,109.899085999,266.35333252,266.863525391,178.998046875,267.22442627,337.002807617,819.862854004,907.830322266,1613.51879883,1038.77905273,2850.59960938,790.741271973,1218.95581055,1305.29772949,3242.88378906,4260.96337891,2041.69299316,1459.06311035,785.40020752,387.13583374,595.267028809,543.35925293,309.979370117,416.505859375,251.900878906,209.943389893,289.309234619,155.716751099,111.172424316,87.6337051392,30.4167957306,4.16834115982,2.83157444,1.76243591309,0.975475788116,2.63905286789,2.86144638062,0.469541013241,0.40924423933],"mean":[1.41125309467,3.34695196152,5.67806053162,4.47364521027,5.31543064117,5.13859128952,7.26634407043,10.8139743805,13.2366056442,10.675488472,17.7634143829,22.1584663391,23.0235671997,25.3596611023,32.7247123718,56.1128463745,66.0129089355,48.3913764954,48.9434776306,21.5355930328,12.1732559204,17.4757270813,14.6682338715,11.779589653,9.76105213165,9.89970588684,9.02460289001,7.81863021851,7.12967967987,5.45090055466,3.64448785782,1.28653752804,0.120067410171,0.0345867797732,0.0201310664415,0.0192071534693,0.114056661725,0.0935147032142,0.0232342388481,0.0139752607793],"median":[0.379369258881,1.57988190651,2.07563996315,1.79281318188,2.07197761536,1.809851408,1.81824886799,2.23957681656,2.22228717804,1.93108057976,3.22812652588,5.51798439026,5.63010835648,5.09144496918,6.09540367126,10.3890123367,12.844783783,8.93589782715,12.1229286194,7.72286891937,4.82903289795,5.08365631104,4.18162345886,3.15122413635,2.33478164673,1.78758430481,1.36369800568,0.919941425323,0.632347226143,0.338258564472,0.161887139082,0.0702516958117,0.0244882814586,0.0119101926684,0.00645533576608,0.00557892303914,0.0071095507592,0.00733961025253,0.00561372051015,0.00364426732995],"min":[1.63262968489e-22,6.19029658692e-21,5.61579638705e-20,4.53350551876e-20,1.04669218127e-19,1.02045297826e-19,1.03161616837e-19,1.29228772738e-19,9.65513968423e-20,1.00041632446e-18,6.67639547774e-19,8.31092194573e-19,1.58591409737e-18,2.88486972767e-18,5.27714388798e-18,5.03118710951e-18,8.01841340695e-18,3.67865581812e-18,2.89364301204e-18,6.88189412867e-18,8.19896956387e-18,1.19768796109e-17,9.95506986842e-18,1.76309229683e-17,8.17086113948e-18,1.26888174205e-17,2.07521103387e-17,2.54104490959e-17,1.75910247386e-17,2.14064631428e-17,2.76091299056e-17,1.83435771163e-17,2.10356579266e-17,8.98419474858e-18,1.27361577941e-17,6.1375242216e-18,3.11420803404e-18,1.4059273509e-18,2.95534520566e-19,3.47944768188e-20],"var":[5.75038385391,25.4052505493,220.266647339,130.497207642,105.743682861,174.941635132,404.573791504,1099.02758789,2013.08825684,1561.25500488,2615.84716797,4598.97509766,2379.22924805,3957.96166992,5920.60888672,19415.4804688,26810.3632812,10015.0126953,11058.5664062,1646.10241699,595.497131348,1264.24743652,982.377746582,542.474975586,369.56463623,411.565856934,359.958068848,319.791778564,284.416473389,161.495819092,72.2561798096,8.91844940186,0.051603205502,0.00566163938493,0.00212550256401,0.00107477232814,0.0728464797139,0.0504948459566,0.00193637772463,0.00072920601815]},"erbbands_crest":{"dmean":2.68993473053,"dmean2":4.44424724579,"dvar":7.05437755585,"dvar2":18.4612102509,"max":29.8486862183,"mean":8.14890193939,"median":7.03383159637,"min":2.02867412567,"var":16.6512947083},"erbbands_flatness_db":{"dmean":0.0262924302369,"dmean2":0.0408366173506,"dvar":0.000559405016247,"dvar2":0.00134464679286,"max":0.390612274408,"mean":0.143256649375,"median":0.135428339243,"min":0.0345440618694,"var":0.00227158120833},"erbbands_kurtosis":{"dmean":1.30625641346,"dmean2":2.07583642006,"dvar":3.35821938515,"dvar2":8.17666244507,"max":41.4928703308,"mean":1.09394538403,"median":0.362129449844,"min":-1.79679811001,"var":6.23163938522},"erbbands_skewness":{"dmean":0.433825343847,"dmean2":0.665964305401,"dvar":0.166096925735,"dvar2":0.37923976779,"max":3.93678593636,"mean":-0.24994713068,"median":-0.306376636028,"min":-5.05427598953,"var":0.788127183914},"erbbands_spread":{"dmean":9.09713935852,"dmean2":13.8875789642,"dvar":87.990196228,"dvar2":204.146789551,"max":151.627822876,"mean":34.6868782043,"median":32.3942489624,"min":1.5575581789,"var":336.543243408},"gfcc":{"cov":[[7589.10351562,-1183.64050293,-1010.7243042,-164.351531982,-395.642547607,-106.705039978,445.071868896,-325.221496582,199.522918701,-49.992641449,46.7767944336,318.806396484,-206.206497192],[-1183.64050293,1545.82202148,107.595123291,-620.003417969,196.385650635,0.716331243515,-174.852752686,74.3409805298,-84.4956512451,70.6780014038,143.804458618,-216.055023193,228.002059937],[-1010.7243042,107.595123291,610.075256348,197.684860229,-96.7057113647,187.51512146,-188.802978516,170.973922729,-65.6989059448,40.3078918457,-28.6398487091,4.66059017181,13.360575676],[-164.351531982,-620.003417969,197.684860229,676.443054199,24.9407100677,-23.2325744629,60.4309616089,42.3330459595,44.6587715149,-21.8871078491,-110.536201477,108.841262817,-120.748710632],[-395.642547607,196.385650635,-96.7057113647,24.9407100677,300.216491699,-16.9456195831,65.6665496826,-21.9033145905,26.6782951355,4.07638263702,20.7562065125,-57.6830940247,46.7868652344],[-106.705039978,0.716331243515,187.51512146,-23.2325744629,-16.9456195831,271.040588379,-48.7969169617,72.8911209106,-26.0053215027,36.9490203857,15.571305275,6.63327074051,12.1474695206],[445.071868896,-174.852752686,-188.802978516,60.4309616089,65.6665496826,-48.7969169617,262.410705566,-67.9785614014,98.7897338867,-33.5786094666,-4.97734498978,50.4769630432,-41.248790741],[-325.221496582,74.3409805298,170.973922729,42.3330459595,-21.9033145905,72.8911209106,-67.9785614014,192.058822632,-12.0458173752,42.6591567993,-0.372034490108,-22.9466266632,41.7829093933],[199.522918701,-84.4956512451,-65.6989059448,44.6587715149,26.6782951355,-26.0053215027,98.7897338867,-12.0458173752,119.25151825,15.1013402939,1.20714640617,29.6145439148,-32.0211524963],[-49.992641449,70.6780014038,40.3078918457,-21.8871078491,4.07638263702,36.9490203857,-33.5786094666,42.6591567993,15.1013402939,89.4794082642,45.7710227966,-3.36753702164,25.8839225769],[46.7767944336,143.804458618,-28.6398487091,-110.536201477,20.7562065125,15.571305275,-4.97734498978,-0.372034490108,1.20714640617,45.7710227966,91.009552002,14.2907829285,41.0035400391],[318.806396484,-216.055023193,4.66059017181,108.841262817,-57.6830940247,6.63327074051,50.4769630432,-22.9466266632,29.6145439148,-3.36753702164,14.2907829285,114.206718445,-25.5993156433],[-206.206497192,228.002059937,13.360575676,-120.748710632,46.7868652344,12.1474695206,-41.248790741,41.7829093933,-32.0211524963,25.8839225769,41.0035400391,-25.5993156433,116.021789551]],"icov":[[0.000245357892709,0.0000256771218119,0.000520324741956,-0.0000199867990887,0.000410435983213,-0.000246046954999,-0.0000730997926439,0.0000232457296079,-0.0000657930359012,-0.0000943765116972,-0.0000050311537052,-0.000352094561094,0.000057773613662],[0.0000256771218119,0.00234165485017,-0.00189731549472,0.00236902409233,-0.00184087047819,0.0015363645507,-0.0000665346524329,-0.000247091433266,0.0000544642534805,-0.0000614950768068,-0.00119893904775,0.00115676573478,-0.000517551670782],[0.000520324741956,-0.00189731549472,0.00676969159395,-0.0040269815363,0.0038255196996,-0.00410898495466,0.00201570685022,-0.000915456854273,-0.000736649264582,0.000868793344125,-0.0000968939784798,-0.000339593476383,-0.000821263995022],[-0.0000199867990887,0.00236902409233,-0.0040269815363,0.00805288832635,-0.00593503052369,0.00394102791324,-0.000787703611422,-0.00236733164638,0.00240053911693,-0.00383534305729,0.00637200754136,-0.00686009367928,0.00445949239656],[0.000410435983213,-0.00184087047819,0.0038255196996,-0.00593503052369,0.00985308736563,-0.00359567767009,-0.00111177144572,0.00258824648336,-0.00300867622718,0.00284450920299,-0.00521170999855,0.00742382649332,-0.00517960404977],[-0.000246046954999,0.0015363645507,-0.00410898495466,0.00394102791324,-0.00359567767009,0.00733909197152,-0.00102552073076,-0.00180062721483,0.00242777401581,-0.00284189567901,0.00143894762732,-0.0025183300022,0.00232357042842],[-0.0000730997926439,-0.0000665346524329,0.00201570685022,-0.000787703611422,-0.00111177144572,-0.00102552073076,0.0085994694382,0.000159854083904,-0.00562691036612,0.00385317998007,-0.000844421912916,-0.00184964481741,-0.0000179051676241],[0.0000232457296079,-0.000247091433266,-0.000915456854273,-0.00236733164638,0.00258824648336,-0.00180062721483,0.000159854083904,0.00955077074468,-0.00228156661615,-0.00145242793951,-0.000640908547211,0.00449437554926,-0.005156875588],[-0.0000657930359012,0.0000544642534805,-0.000736649264582,0.00240053911693,-0.00300867622718,0.00242777401581,-0.00562691036612,-0.00228156661615,0.0167423579842,-0.00817031320184,0.00477941799909,-0.00551072275266,0.00567796081305],[-0.0000943765116972,-0.0000614950768068,0.000868793344125,-0.00383534305729,0.00284450920299,-0.00284189567901,0.00385317998007,-0.00145242793951,-0.00817031320184,0.0236528981477,-0.0155585976318,0.00735067669302,-0.00350642111152],[-0.0000050311537052,-0.00119893904775,-0.0000968939784798,0.00637200754136,-0.00521170999855,0.00143894762732,-0.000844421912916,-0.000640908547211,0.00477941799909,-0.0155585976318,0.031331487,-0.0161847490817,0.00101771031041],[-0.000352094561094,0.00115676573478,-0.000339593476383,-0.00686009367928,0.00742382649332,-0.0025183300022,-0.00184964481741,0.00449437554926,-0.00551072275266,0.00735067669302,-0.0161847490817,0.0262758675963,-0.00664907135069],[0.000057773613662,-0.000517551670782,-0.000821263995022,0.00445949239656,-0.00517960404977,0.00232357042842,-0.0000179051676241,-0.005156875588,0.00567796081305,-0.00350642111152,0.00101771031041,-0.00664907135069,0.0186934079975]],"mean":[-19.6416072845,95.8460998535,-92.0717849731,16.0855579376,-4.27910470963,0.308031737804,6.35840559006,-14.9163007736,1.42563152313,-3.26244592667,-4.68452501297,-0.796738922596,-10.5694932938]},"hfc":{"dmean":23.8061275482,"dmean2":35.7849273682,"dvar":2171.63793945,"dvar2":5232.56787109,"max":896.656921387,"mean":67.1138458252,"median":29.5013885498,"min":1.20629469264e-16,"var":9269.984375},"melbands":{"dmean":[0.00685738492757,0.00263832206838,0.000653600844089,0.000288437062409,0.000190668302821,0.000176593312062,0.000145876183524,0.0000974145659711,0.000120408440125,0.000106442523247,0.0000876808480825,0.0000802152062533,0.0000818679254735,0.0000926904176595,0.000136151211336,0.0000962795384112,0.0000624538588454,0.0000651945811114,0.0000280995973299,0.0000147376695168,0.0000088193692136,0.0000112765665108,0.00000938215907809,0.00000723070525055,0.00000537816231372,0.00000438743563791,0.00000350163122675,0.00000372038948626,0.00000314504109156,0.00000236864184444,0.00000246010040428,0.00000215600789488,0.00000191412800632,0.00000172923637365,0.00000137238941988,9.47016758346e-7,2.76659079645e-7,5.22738012876e-8,3.25036531024e-8,2.72472693297e-8],"dmean2":[0.0101578431204,0.00432524830103,0.001064872602,0.000474322820082,0.000312293181196,0.000281952961814,0.000235177736613,0.000156733411131,0.000192938372493,0.000167205114849,0.000138453295222,0.000129697815282,0.000132218774525,0.000148250401253,0.000220024681767,0.000155467307195,0.000102086320112,0.000107279382064,0.0000453346583527,0.000024708771889,0.0000146003603732,0.000018071355953,0.0000146022694025,0.0000116140081445,0.00000832628393255,0.00000682429254084,0.00000533371667188,0.00000571109603698,0.00000473018553748,0.00000354640383193,0.0000036185706449,0.00000310977702611,0.00000279207529275,0.0000025371200536,0.00000205026140065,0.00000142631972722,4.22053318516e-7,8.3666577666e-8,5.44720073492e-8,4.60391689217e-8],"dvar":[0.000190926890355,0.0000399318341806,0.00000337527308147,6.40739472146e-7,2.45711532898e-7,3.17151176432e-7,2.74168797887e-7,1.10916374751e-7,1.43268309216e-7,1.3730314663e-7,4.6400117526e-8,4.9038199279e-8,5.50095542451e-8,7.35743981295e-8,1.70712993963e-7,7.00512643448e-8,2.45904363538e-8,3.08267047444e-8,4.5154848749e-9,1.30772515039e-9,6.18885109827e-10,7.22128190578e-10,5.64712165918e-10,3.35141359109e-10,1.5621286209e-10,9.63590110481e-11,6.13612910483e-11,7.5544903666e-11,5.07862085719e-11,3.24473087288e-11,3.77442764543e-11,3.03070936403e-11,2.13803766358e-11,1.72894285694e-11,1.11304437889e-11,5.17883565893e-12,4.35034793562e-13,1.06192114021e-14,5.04753201313e-15,3.84266406807e-15],"dvar2":[0.00043263353291,0.0000985006627161,0.00000807992273621,0.00000175047102857,6.13379484093e-7,8.09936182122e-7,6.7044629759e-7,2.63282316837e-7,3.69019460322e-7,3.18084488526e-7,1.15590921723e-7,1.23294100263e-7,1.36949381613e-7,1.84129561376e-7,4.38384319068e-7,1.8016706349e-7,6.34384775822e-8,8.47939034543e-8,1.11635891642e-8,3.49843021219e-9,1.63237712236e-9,1.84032078465e-9,1.28505284192e-9,8.42079017627e-10,3.50438594809e-10,2.16771045558e-10,1.37377456633e-10,1.7673232322e-10,1.07400442706e-10,7.25645932231e-11,7.92601539956e-11,6.11961314956e-11,4.26491585104e-11,3.59336345401e-11,2.38302121092e-11,1.12947663375e-11,9.74601259071e-13,2.45228659021e-14,1.25237802306e-14,9.54658224082e-15],"max":[0.272923946381,0.114360332489,0.0441919192672,0.0169808976352,0.00869672745466,0.0169497132301,0.0120084052905,0.0149472150952,0.00776268728077,0.018275802955,0.0041382056661,0.00570419570431,0.00476784538478,0.00589425070211,0.0121946018189,0.006215443369,0.0041789310053,0.00345571199432,0.00237946026027,0.00092383287847,0.000432934844866,0.000583975983318,0.000824652321171,0.000361485173926,0.000274562480627,0.00025189036387,0.000297824444715,0.000189286642126,0.000150465173647,0.000186210032552,0.000179762704647,0.000111138724606,0.0000832068035379,0.0000642865270493,0.000064495485276,0.0000383176593459,0.0000112471152534,0.00000296355233331,0.0000026131190225,0.00000231008220908],"mean":[0.0103802112862,0.00339895882644,0.000838775769807,0.000380307435989,0.000247521675192,0.00025127112167,0.000195455446374,0.000117701652925,0.000149672428961,0.000141681011883,0.000113133290142,0.000099070930446,0.000103705053334,0.000120989490824,0.000175383902388,0.000122452693176,0.0000874406905496,0.000088540102297,0.0000401301404054,0.0000198190118681,0.0000123999861898,0.0000178255831997,0.0000161519401445,0.0000116660148706,0.00000926847678784,0.00000749286209611,0.00000624645599601,0.00000667888389216,0.00000590308854953,0.00000446204285254,0.00000468304324386,0.00000420031983595,0.00000342845783052,0.00000292452614303,0.00000224779705604,0.00000156542716923,4.25150489036e-7,6.68408048909e-8,3.21669944015e-8,2.55840983954e-8],"median":[0.00339447287843,0.001527616987,0.00036492786603,0.00014326107339,0.0000653105598758,0.0000514394123456,0.0000327802626998,0.0000205992710107,0.0000286794747808,0.0000336579905706,0.0000263845486188,0.0000187069636013,0.0000180649694812,0.000020330062398,0.0000345369517163,0.000021915511752,0.0000144207751873,0.0000184290656762,0.0000118353282232,0.00000751657626097,0.00000452901622339,0.00000511893267685,0.00000390377317672,0.00000340779388353,0.00000230922660194,0.00000198638986149,0.00000130707928747,0.00000109333075216,8.73580461302e-7,6.05488139627e-7,5.00882379129e-7,3.62210698768e-7,2.54812903222e-7,1.49060042531e-7,9.4329848821e-8,6.29035952215e-8,2.93784534477e-8,1.51602108645e-8,1.00635491052e-8,7.46242445615e-9],"min":[3.05270099608e-24,2.12181763612e-23,1.10202882383e-23,7.75600863379e-24,3.58195546879e-24,2.67531644713e-24,1.87994388956e-24,1.15290001814e-23,4.92013177675e-24,5.42123988957e-24,7.87062696788e-24,1.09781796321e-23,1.56515951607e-23,1.57247904087e-23,1.17099341075e-23,1.89242714007e-23,5.23003381121e-24,4.28588642566e-24,6.72802663326e-24,1.05144327606e-23,1.02777595006e-23,1.36873315067e-23,8.69297896283e-24,1.0826028085e-23,1.52761431238e-23,7.57441995316e-24,5.09988753907e-24,9.27817333726e-24,1.03576356116e-23,1.76051287287e-23,1.34421914027e-23,8.6920149748e-24,1.09293609749e-23,1.1904976022e-23,1.64641471366e-23,1.24181639619e-23,1.0590523128e-23,1.55193852284e-23,1.07696182194e-23,6.35889849975e-24],"var":[0.00027463780134,0.0000428956627729,0.00000375038075617,6.81102108047e-7,3.93782073616e-7,5.79511720389e-7,4.04329000503e-7,1.63797921005e-7,1.64760791677e-7,1.88524779787e-7,5.93783653358e-8,6.55769341051e-8,6.46917541758e-8,9.53492786948e-8,2.00379091098e-7,8.14092615542e-8,3.86941145791e-8,4.56529569703e-8,7.41554373462e-9,1.43722889145e-9,7.39569849806e-10,1.35274380586e-9,1.42065259556e-9,5.84882808852e-10,3.6255337621e-10,2.1856294552e-10,1.63924457341e-10,2.04930003522e-10,1.58054486166e-10,1.02451630513e-10,1.22933940805e-10,1.04808141332e-10,6.59664475822e-11,4.85244830428e-11,2.87469804905e-11,1.3368515496e-11,1.04684761294e-12,1.80102836805e-14,4.96181016128e-15,3.6569626823e-15]},"melbands_crest":{"dmean":4.87101173401,"dmean2":7.45791292191,"dvar":19.284362793,"dvar2":39.874370575,"max":38.9122772217,"mean":21.8278560638,"median":21.2294654846,"min":2.08821153641,"var":66.6117401123},"melbands_flatness_db":{"dmean":0.0454660952091,"dmean2":0.0684945955873,"dvar":0.00163093116134,"dvar2":0.00360653316602,"max":0.695923566818,"mean":0.286313146353,"median":0.281529486179,"min":0.00938362814486,"var":0.00900657474995},"melbands_kurtosis":{"dmean":30.2739372253,"dmean2":47.3704566956,"dvar":5224.93164062,"dvar2":12829.1289062,"max":2041.52770996,"mean":46.2843780518,"median":14.8279705048,"min":-1.92406880856,"var":7984.66796875},"melbands_skewness":{"dmean":1.61607432365,"dmean2":2.38683438301,"dvar":3.84564328194,"dvar2":8.00772953033,"max":33.0263786316,"mean":4.50928592682,"median":3.59981060028,"min":-1.66620695591,"var":13.1192903519},"melbands_spread":{"dmean":7.67055892944,"dmean2":11.6695384979,"dvar":124.404914856,"dvar2":257.11416626,"max":160.01965332,"mean":18.8887939453,"median":12.4721012115,"min":0.0832404047251,"var":430.733062744},"mfcc":{"cov":[[7655.93457031,-1098.21630859,-995.681213379,-16.3767299652,-1002.98236084,365.508453369,-377.868804932,342.005889893,-364.959777832,150.559082031,-144.568832397,103.918960571,-25.8777694702],[-1098.21630859,1773.58642578,-80.1436080933,-589.440856934,253.424346924,-267.90222168,213.924667358,-345.111602783,98.9159469604,-132.539306641,148.559020996,-72.5838851929,55.0664558411],[-995.681213379,-80.1436080933,772.941772461,-17.8445510864,183.904571533,-57.9343719482,16.0048618317,26.8723049164,23.346124649,11.3658847809,-30.9090023041,25.2102355957,18.9455928802],[-16.3767299652,-589.440856934,-17.8445510864,598.86920166,-19.9525947571,80.3152389526,-78.4579696655,130.788665771,26.8983478546,27.9522247314,-24.0188083649,20.1319103241,-4.8820681572],[-1002.98236084,253.424346924,183.904571533,-19.9525947571,352.68081665,-62.3742713928,108.990013123,-95.2240982056,89.2339630127,-38.4016914368,51.2883453369,-13.7706270218,20.4314975739],[365.508453369,-267.90222168,-57.9343719482,80.3152389526,-62.3742713928,235.332382202,-20.7946681976,105.780708313,-45.9101676941,55.3143615723,-29.2609596252,22.227273941,-7.37839365005],[-377.868804932,213.924667358,16.0048618317,-78.4579696655,108.990013123,-20.7946681976,146.565444946,-39.9314117432,54.8449897766,-28.009311676,35.6097869873,-10.8008146286,13.8192234039],[342.005889893,-345.111602783,26.8723049164,130.788665771,-95.2240982056,105.780708313,-39.9314117432,191.067077637,-10.5078525543,59.4700508118,-48.3376312256,29.9133167267,-9.46872425079],[-364.959777832,98.9159469604,23.346124649,26.8983478546,89.2339630127,-45.9101676941,54.8449897766,-10.5078525543,122.2445755,11.3546075821,41.5335121155,-11.7433156967,3.99969100952],[150.559082031,-132.539306641,11.3658847809,27.9522247314,-38.4016914368,55.3143615723,-28.009311676,59.4700508118,11.3546075821,91.4456100464,10.4123592377,16.4670524597,-7.32194662094],[-144.568832397,148.559020996,-30.9090023041,-24.0188083649,51.2883453369,-29.2609596252,35.6097869873,-48.3376312256,41.5335121155,10.4123592377,85.9179840088,15.5112895966,16.9866447449],[103.918960571,-72.5838851929,25.2102355957,20.1319103241,-13.7706270218,22.227273941,-10.8008146286,29.9133167267,-11.7433156967,16.4670524597,15.5112895966,71.1123123169,23.0171413422],[-25.8777694702,55.0664558411,18.9455928802,-4.8820681572,20.4314975739,-7.37839365005,13.8192234039,-9.46872425079,3.99969100952,-7.32194662094,16.9866447449,23.0171413422,59.7737960815]],"icov":[[0.000261123321252,0.000120232354675,0.000260265194811,0.00020269153174,0.00038361424231,-0.0000392745605495,0.000188625592273,-0.000174687578692,0.000221606445848,-0.0000147751725308,-0.0000809592966107,-0.0000874211691553,-0.000230874691624],[0.000120232354675,0.00150354008656,0.000317153258948,0.00116494332906,-0.0000820416389615,0.000375102303224,-0.000291011703666,0.000597199483309,-0.00034410765511,0.00080466910731,-0.00121528888121,0.000817635387648,-0.000950120796915],[0.000260265194811,0.000317153258948,0.00214303936809,0.000537106592674,-0.0011634377297,0.000955463270657,0.000317855709,-0.00082991423551,0.000549972057343,-0.000959202472586,0.00137853773776,-0.000848540978041,-0.000723515404388],[0.00020269153174,0.00116494332906,0.000537106592674,0.00332613685168,-0.000519153196365,-0.000301815074636,0.00188184529543,-0.00148149929009,-0.00150434230454,0.00194896769244,-0.0013892162824,0.000556127342861,-0.000893536256626],[0.00038361424231,-0.0000820416389615,-0.0011634377297,-0.000519153196365,0.00651082023978,-0.00119227683172,-0.002081658924,0.00253219064325,-0.00239412952214,0.00110754289199,-0.000647123029921,-0.000228736898862,-0.000354412826709],[-0.0000392745605495,0.000375102303224,0.000955463270657,-0.000301815074636,-0.00119227683172,0.00764584261924,-0.00214594230056,-0.00280225719325,0.00403448473662,-0.00396857224405,0.000764566997532,-0.0000894847835298,-0.000225413401495],[0.000188625592273,-0.000291011703666,0.000317855709,0.00188184529543,-0.002081658924,-0.00214594230056,0.0128175970167,-0.0021769287996,-0.00415376713499,0.00500438269228,-0.0031454982236,0.00110984046478,-0.00110133434646],[-0.000174687578692,0.000597199483309,-0.00082991423551,-0.00148149929009,0.00253219064325,-0.00280225719325,-0.0021769287996,0.0140274716541,-0.00376007496379,-0.00486796395853,0.00744971865788,-0.0045031090267,0.000302415224724],[0.000221606445848,-0.00034410765511,0.000549972057343,-0.00150434230454,-0.00239412952214,0.00403448473662,-0.00415376713499,-0.00376007496379,0.016658693552,-0.0049142036587,-0.00498961191624,0.00374056049623,0.000057727615058],[-0.0000147751725308,0.00080466910731,-0.000959202472586,0.00194896769244,0.00110754289199,-0.00396857224405,0.00500438269228,-0.00486796395853,-0.0049142036587,0.0209000315517,-0.0086979623884,0.000459284347016,0.0021028695628],[-0.0000809592966107,-0.00121528888121,0.00137853773776,-0.0013892162824,-0.000647123029921,0.000764566997532,-0.0031454982236,0.00744971865788,-0.00498961191624,-0.0086979623884,0.0252749379724,-0.00896422658116,-0.00170537666418],[-0.0000874211691553,0.000817635387648,-0.000848540978041,0.000556127342861,-0.000228736898862,-0.0000894847835298,0.00110984046478,-0.0045031090267,0.00374056049623,0.000459284347016,-0.00896422658116,0.0221232194453,-0.00754506839439],[-0.000230874691624,-0.000950120796915,-0.000723515404388,-0.000893536256626,-0.000354412826709,-0.000225413401495,-0.00110133434646,0.000302415224724,0.000057727615058,0.0021028695628,-0.00170537666418,-0.00754506839439,0.0217010173947]],"mean":[-682.491027832,152.103393555,-17.1175708771,37.6063232422,5.82473754883,32.6872673035,7.06272554398,14.3277807236,2.09893751144,10.32426548,6.63750076294,5.5814332962,-0.118484526873]},"pitch_salience":{"dmean":0.102189987898,"dmean2":0.15896435082,"dvar":0.00835482776165,"dvar2":0.0187194477767,"max":0.897064208984,"mean":0.448384284973,"median":0.468204319477,"min":0.0349756814539,"var":0.0256376955658},"silence_rate_20dB":{"dmean":0.0117769306526,"dmean2":0.0235565826297,"dvar":0.0116375936195,"dvar2":0.0273882802576,"max":1,"mean":0.989956140518,"median":1,"min":0,"var":0.00994247850031},"silence_rate_30dB":{"dmean":0.106916062534,"dmean2":0.213856816292,"dvar":0.0954812094569,"dvar2":0.18037559092,"max":1,"mean":0.823712766171,"median":1,"min":0,"var":0.145212516189},"silence_rate_60dB":{"dmean":0.0228611007333,"dmean2":0.0457274839282,"dvar":0.0223386846483,"dvar2":0.0551927536726,"max":1,"mean":0.0315169692039,"median":0,"min":0,"var":0.03052216582},"spectral_centroid":{"dmean":265.871734619,"dmean2":392.173339844,"dvar":99759.171875,"dvar2":178215.6875,"max":10920.2753906,"mean":1336.68188477,"median":1117.00646973,"min":108.697822571,"var":696641.9375},"spectral_complexity":{"dmean":4.20251703262,"dmean2":6.00993061066,"dvar":23.3771095276,"dvar2":39.6858100891,"max":61,"mean":17.2307777405,"median":15,"min":0,"var":156.620559692},"spectral_contrast_coeffs":{"dmean":[0.0538016036153,0.0479417927563,0.0391688421369,0.0322844348848,0.0225120410323,0.049411803484],"dmean2":[0.0887160971761,0.0786575451493,0.0643302947283,0.0535610318184,0.0368513278663,0.0766920000315],"dvar":[0.00177795637865,0.00146526435856,0.00099984346889,0.00070344330743,0.000373833987396,0.0021101583261],"dvar2":[0.00480076158419,0.00382850412279,0.00266137789004,0.00184549612459,0.000958406541031,0.00485048955306],"max":[-0.419741034508,-0.427004039288,-0.461804628372,-0.525132060051,-0.668140947819,-0.43047785759],"mean":[-0.728032231331,-0.797878861427,-0.811767339706,-0.797856867313,-0.825529396534,-0.72401446104],"median":[-0.731926500797,-0.809295296669,-0.816750824451,-0.802687287331,-0.820907354355,-0.739065527916],"min":[-0.964282095432,-0.961317658424,-0.980153918266,-0.976703822613,-0.977350890636,-0.959778487682],"var":[0.00451592355967,0.00520819425583,0.00399927841499,0.00340033951215,0.00156611565035,0.0102135492489]},"spectral_contrast_valleys":{"dmean":[0.443023055792,0.495089441538,0.433020114899,0.374192923307,0.378423839808,0.711855649948],"dmean2":[0.688832938671,0.778083860874,0.662588179111,0.559898078442,0.55105817318,1.13473260403],"dvar":[0.151328489184,0.201052635908,0.175654768944,0.151886567473,0.179241046309,0.390354931355],"dvar2":[0.310258328915,0.448964416981,0.356357961893,0.288416713476,0.371441155672,1.00838720798],"max":[-4.41778182983,-4.22360515594,-4.29363679886,-4.97043037415,-5.47231912613,-8.27010917664],"mean":[-6.69931983948,-6.93979787827,-7.25479841232,-7.4329328537,-7.70550870895,-11.17852211],"median":[-6.67203187943,-6.91067123413,-7.17384910583,-7.39492797852,-7.66298532486,-11.087310791],"min":[-27.7782745361,-27.2468585968,-27.1215782166,-27.2378807068,-27.1175708771,-27.2319355011],"var":[0.591775238514,0.781481742859,0.951177179813,0.850921750069,1.01056718826,0.902238845825]},"spectral_decrease":{"dmean":8.06683075893e-9,"dmean2":1.13760041387e-8,"dvar":2.12354865646e-16,"dvar2":4.24399558414e-16,"max":3.64941216136e-10,"mean":-1.46893919251e-8,"median":-7.39533101424e-9,"min":-2.46794428449e-7,"var":3.78204260825e-16},"spectral_energy":{"dmean":0.0314607396722,"dmean2":0.0442182011902,"dvar":0.00314830895513,"dvar2":0.00624923221767,"max":0.944934666157,"mean":0.0615287013352,"median":0.0351632647216,"min":1.10451003814e-20,"var":0.00592610519379},"spectral_energyband_high":{"dmean":0.000379390869057,"dmean2":0.000495783984661,"dvar":6.16491092842e-7,"dvar2":9.70597852756e-7,"max":0.0149091640487,"mean":0.000919557642192,"median":0.000156724141561,"min":8.33021767836e-21,"var":0.00000322608252645},"spectral_energyband_low":{"dmean":0.0259387101978,"dmean2":0.0371123068035,"dvar":0.00237810262479,"dvar2":0.00499575212598,"max":0.90711671114,"mean":0.0421856194735,"median":0.0169815216213,"min":7.16639174735e-23,"var":0.00386711908504},"spectral_energyband_middle_high":{"dmean":0.00343467877246,"dmean2":0.00522864842787,"dvar":0.0000670784211252,"dvar2":0.00015834729129,"max":0.142365753651,"mean":0.00665802694857,"median":0.00245198397897,"min":1.51613492208e-21,"var":0.000119062169688},"spectral_energyband_middle_low":{"dmean":0.0038190043997,"dmean2":0.00589790008962,"dvar":0.0000797723478172,"dvar2":0.000187671510503,"max":0.150032192469,"mean":0.00690771825612,"median":0.00318431295455,"min":1.83848173904e-22,"var":0.000126166676637},"spectral_entropy":{"dmean":0.200320929289,"dmean2":0.308594226837,"dvar":0.0509926751256,"dvar2":0.123331457376,"max":9.79853725433,"mean":7.56617259979,"median":7.6283531189,"min":5.52237415314,"var":0.191947132349},"spectral_flux":{"dmean":0.0485203526914,"dmean2":0.0748211219907,"dvar":0.00364711275324,"dvar2":0.00820864550769,"max":0.783966004848,"mean":0.124015346169,"median":0.0980770811439,"min":1.05095675218e-10,"var":0.00813332851976},"spectral_kurtosis":{"dmean":4.89479589462,"dmean2":7.60781812668,"dvar":45.5081481934,"dvar2":110.362487793,"max":103.997970581,"mean":14.7581911087,"median":11.8255748749,"min":-1.18565762043,"var":112.494529724},"spectral_rms":{"dmean":0.0017355196178,"dmean2":0.00232100300491,"dvar":0.00000466489700557,"dvar2":0.00000752801952331,"max":0.0303626004606,"mean":0.00664515886456,"median":0.00585710024461,"min":3.28263718291e-12,"var":0.0000158698294399},"spectral_rolloff":{"dmean":1314.07824707,"dmean2":2382.1472168,"dvar":13878616,"dvar2":35596024,"max":22050,"mean":2768.51733398,"median":645.99609375,"min":21.533203125,"var":31403978},"spectral_skewness":{"dmean":0.405907303095,"dmean2":0.604516208172,"dvar":0.232570037246,"dvar2":0.53660017252,"max":8.42211532593,"mean":2.41458106041,"median":2.25498104095,"min":0.00240655313246,"var":0.94765162468},"spectral_spread":{"dmean":585633.75,"dmean2":918791.6875,"dvar":388821090304,"dvar2":817128538112,"max":38984496,"mean":3866226,"median":3791194.25,"min":1059327.375,"var":1145385385980},"spectral_strongpeak":{"dmean":0.66693520546,"dmean2":1.23751962185,"dvar":17.3781223297,"dvar2":49.6751289368,"max":107.067352295,"mean":0.612591683865,"median":0.220558464527,"min":0,"var":11.9166374207},"zerocrossingrate":{"dmean":0.0249118711799,"dmean2":0.0303525999188,"dvar":0.00055504811462,"dvar2":0.000738398463,"max":0.5087890625,"mean":0.119522929192,"median":0.0986328125,"min":0.00146484375,"var":0.00724628334865}},"metadata":{"audio_properties":{"analysis_sample_rate":44100,"bit_rate":320000,"codec":"mp3","downmix":"mix","equal_loudness":0,"length":201.090606689,"lossless":false,"md5_encoded":"b7d1ce4165450c413032b38bdf12ddad","replay_gain":2.08509254456,"sample_rate":44100},"tags":{"album":["Zenyattà Mondatta"],"artist":["The Police"],"date":["1980-10-03"],"file_name":"02 - The Police - Driven to Tears.mp3","musicbrainz_albumid":["cdc45f68-aae1-4cce-a30e-a5d3f23889d2"],"musicbrainz_artistid":["9e0e2b01-41db-4008-bd8b-988977d6019a"],"musicbrainz_recordingid":["63c88bef-322a-4b02-9d49-95584a4f7cc8"],"title":["Driven to Tears"],"tracknumber":["02/11"]},"version":{"essentia":"2.1-beta1","essentia_build_sha":"ca57ba49d9b1854bd80e60cf9ccf267278fb7d6b","essentia_git_sha":"v2.1_beta1-28-g21ef5f4-dirty","extractor":"music 1.0"}},"rhythm":{"beats_count":526,"beats_loudness":{"dmean":0.0846816152334,"dmean2":0.154357761145,"dvar":0.00942032784224,"dvar2":0.0267624501139,"max":0.690374553204,"mean":0.135597780347,"median":0.126182436943,"min":0.00100346119143,"var":0.00860292837024},"beats_loudness_band_ratio":{"dmean":[0.156253576279,0.0412825644016,0.0317387618124,0.051489841193,0.0333940647542,0.0585396289825],"dmean2":[0.267367243767,0.0728357955813,0.0560072287917,0.0886070132256,0.0597694404423,0.102217115462],"dvar":[0.0305323824286,0.00307412235998,0.00183013663627,0.00553496181965,0.00264521106146,0.0106141502038],"dvar2":[0.0827507004142,0.00817299913615,0.00542763993144,0.0145485298708,0.00821149349213,0.0313569679856],"max":[0.995431661606,0.496087878942,0.343618243933,0.556910216808,0.371653944254,0.631702005863],"mean":[0.765782654285,0.0427052937448,0.0363805629313,0.0632095858455,0.0369185097516,0.0705052092671],"median":[0.859751582146,0.0222234092653,0.0199243817478,0.0321347750723,0.0160487629473,0.0174558535218],"min":[0.0238574184477,0.000