{"lowlevel":{"average_loudness":0.865712046623,"barkbands":{"dmean":[0.0000500265487062,0.00203938246705,0.00175798102282,0.00127316801809,0.000879449420609,0.000347983732354,0.000405734986998,0.000601036357693,0.000554717378691,0.000366770807886,0.000458243535832,0.00031372095691,0.000441392068751,0.000445913959993,0.000413883564761,0.000303611857817,0.000281213026028,0.000313398137223,0.000344758416759,0.00024831306655,0.00014252953406,0.000132589193527,0.000148033810547,0.0000795689484221,0.0000256542298303,0.0000173234220711,0.00000259284524873],"dmean2":[0.0000809965713415,0.00343475118279,0.0030055870302,0.00220839423127,0.00149217993021,0.000579379091505,0.000633729738183,0.000933908857405,0.00086254067719,0.000584669527598,0.000719120725989,0.000497793778777,0.000706455321051,0.000711419037543,0.000660308462102,0.000485418684548,0.00045135334949,0.000509144680109,0.0005523180007,0.000390528992284,0.000220845802687,0.000195065804292,0.000210178637644,0.000112357076432,0.000035612272768,0.000026677189453,0.00000419539037466],"dvar":[1.3382300601e-8,0.0000310357681883,0.0000221119626076,0.00000727837823433,0.00000267310747404,7.32350144972e-7,9.71234840108e-7,0.00000277521644421,0.00000212154122892,6.79774188939e-7,9.85935002973e-7,4.50855424106e-7,9.41559278544e-7,8.56654082781e-7,0.00000101668558727,6.28554346349e-7,3.32374185064e-7,3.25152996083e-7,4.11169139625e-7,3.92645461034e-7,8.02101851605e-8,9.19787268572e-8,3.83605566867e-7,1.65812366504e-7,7.11492731398e-9,2.86652013237e-9,8.99848251468e-11],"dvar2":[3.39756240919e-8,0.0000789220794104,0.0000612880976405,0.0000206495315069,0.00000759527620176,0.00000186820818726,0.00000216083071791,0.00000633000445305,0.00000493570405524,0.00000167069163126,0.00000235641391555,0.00000107558173568,0.00000235985135077,0.00000202370233637,0.00000244976672548,0.00000158335842571,7.86673069797e-7,7.80634593411e-7,0.00000102709600469,8.87409726147e-7,1.83765550332e-7,1.84725877261e-7,7.13439078481e-7,3.33449150958e-7,1.42230058842e-8,7.09916703201e-9,2.34514074826e-10],"max":[0.00151102454402,0.075737439096,0.0510746464133,0.0609315186739,0.0376484915614,0.0184284672141,0.0281959716231,0.0334596037865,0.0312678739429,0.0234574545175,0.0258910935372,0.0136566236615,0.0276058670133,0.0169957987964,0.0269423108548,0.0232003927231,0.0154815148562,0.0161090772599,0.0162644870579,0.0254364144057,0.00748864514753,0.00819257367402,0.020532567054,0.0144444787875,0.00283371796831,0.000843864458147,0.000242010428337],"mean":[0.0000659137513139,0.00255135516636,0.00204870919697,0.00142384739593,0.00127067801077,0.000448202947155,0.000674853741657,0.000951744383201,0.000893063668627,0.00059351848904,0.000744346238207,0.000509918143507,0.000740823743399,0.000762077164836,0.000695007387549,0.000527229800355,0.000512297614478,0.000610042887274,0.000804607872851,0.00054977578111,0.000328350375639,0.00030908852932,0.000284341076622,0.000133223322337,0.0000500274763908,0.000024849872716,0.00000289841273116],"median":[0.0000229912911891,0.00094516586978,0.000675666495226,0.000443430646555,0.000663135375362,0.000156767418957,0.000263041234575,0.000295120407827,0.000231633690419,0.000250033423072,0.000293595541734,0.000215262334677,0.000328391615767,0.000311166688334,0.000252501980867,0.000229890865739,0.000240618770476,0.000342407874996,0.000465119897854,0.000245736388024,0.000134942980367,0.000113616108138,0.0000706934079062,0.0000269067822956,0.0000108988970169,0.00000296086500384,2.9769756793e-7],"min":[5.79898245812e-26,1.97695366495e-24,5.64027855839e-25,1.00716011555e-24,5.28087471326e-24,1.14946910429e-23,7.14171870259e-24,8.76656548579e-24,2.01370724673e-23,8.05651336272e-24,1.50117879458e-23,3.0169209081e-23,3.06896742628e-23,3.40536043546e-23,3.16405829751e-23,4.61581669188e-23,7.12161221584e-23,7.79708288563e-23,1.01391061525e-22,1.92864803563e-22,2.47530087505e-22,3.29782859666e-22,3.58323190884e-22,6.18371276643e-22,8.87841466566e-22,1.16454691201e-21,1.87686069298e-21],"var":[1.65955764686e-8,0.0000308670460072,0.0000178525024239,0.00000644036663289,0.00000332919057655,8.93479068509e-7,0.0000022094434371,0.00000544385056855,0.00000490498132422,0.00000137814129175,0.00000223279516831,9.07441858544e-7,0.00000221975233217,0.00000191981507669,0.00000209321842704,0.00000114446743282,7.83457323905e-7,7.37534207929e-7,0.00000128760927964,9.62006993177e-7,2.38951230358e-7,3.16185548854e-7,9.79138803814e-7,3.04252580463e-7,1.62063749087e-8,3.56443874416e-9,7.80174883031e-11]},"barkbands_crest":{"dmean":2.36848306656,"dmean2":3.82658553123,"dvar":4.92115211487,"dvar2":11.9245996475,"max":26.7821655273,"mean":7.82090520859,"median":6.94728279114,"min":2.21422100067,"var":13.3365697861},"barkbands_flatness_db":{"dmean":0.0165584217757,"dmean2":0.025600945577,"dvar":0.000261524750385,"dvar2":0.000611715775449,"max":0.408812820911,"mean":0.108253657818,"median":0.102284058928,"min":0.0231324117631,"var":0.0018815115327},"barkbands_kurtosis":{"dmean":1.13772916794,"dmean2":1.85755741596,"dvar":14.3805751801,"dvar2":42.125289917,"max":226.717132568,"mean":0.339048027992,"median":-0.510906338692,"min":-1.85848116875,"var":21.4317836761},"barkbands_skewness":{"dmean":0.439688384533,"dmean2":0.673626720905,"dvar":0.239043071866,"dvar2":0.558468997478,"max":14.9817476273,"mean":0.521341741085,"median":0.489597201347,"min":-5.46500968933,"var":0.875581145287},"barkbands_spread":{"dmean":5.5626244545,"dmean2":8.58913612366,"dvar":31.9270553589,"dvar2":76.6191177368,"max":91.0864181519,"mean":30.0827789307,"median":28.463722229,"min":2.39419579506,"var":182.281265259},"dissonance":{"dmean":0.0128138065338,"dmean2":0.0214862450957,"dvar":0.000202602925128,"dvar2":0.000557636434678,"max":0.500000119209,"mean":0.47564586997,"median":0.482956439257,"min":0.185143873096,"var":0.000533021520823},"dynamic_complexity":4.48335075378,"erbbands":{"dmean":[0.0398937501013,0.558513522148,1.98973166943,3.16419196129,3.92136144638,2.6666226387,2.50418305397,2.87288093567,4.16807031631,10.69901371,11.4099283218,13.9338827133,9.28908920288,14.1710357666,17.3559055328,12.4207239151,19.5318527222,20.2244644165,23.783000946,16.6568775177,14.4065122604,13.72306633,15.7278251648,15.1582527161,19.8052654266,9.71014785767,6.21539831161,5.36818504333,4.68080949783,4.25069046021,4.27601575851,2.52088284492,0.913726866245,0.339432269335,0.173384711146,0.0996882095933,0.0253636483103,0.00453090295196,0.00045496824896,0.0000205497399293],"dmean2":[0.0636719986796,0.955934882164,3.40339708328,5.47241401672,6.88843584061,4.38003444672,4.06671571732,4.82611656189,6.72977113724,16.7249298096,17.6688480377,21.5570411682,14.8664340973,22.1354122162,27.2494392395,19.5155010223,31.2228927612,32.1082611084,37.7427139282,26.528635025,22.4619083405,21.8120212555,25.3191947937,24.2957496643,31.9404182434,15.3390169144,9.71999454498,8.27293586731,6.94361782074,6.17647171021,6.13839435577,3.63539600372,1.31082940102,0.475237518549,0.24731746316,0.151773288846,0.0391661673784,0.00721393385902,0.000729909981601,0.0000321651859849],"dvar":[0.0107725085691,2.38049888611,28.1292438507,50.0560112,70.4731903076,24.8294391632,29.9403038025,60.5394592285,109.455062866,790.92565918,866.25793457,1601.32702637,599.8671875,1112.07409668,1305.72546387,687.260009766,2024.20959473,1514.98876953,3258.05151367,1410.19665527,1881.93457031,666.569580078,873.324951172,752.690246582,1696.26147461,381.703857422,142.90763855,129.549072266,116.094085693,135.663757324,391.275695801,173.053573608,21.407661438,1.6189250946,0.294337272644,0.0883642360568,0.00630426360294,0.000246722309384,0.00000266097572421,3.18601922622e-9],"dvar2":[0.0229306798428,6.33626651764,77.6030960083,142.094512939,204.760681152,65.0752487183,71.2668228149,159.500106812,260.017913818,1840.57141113,2008.17443848,3681.80957031,1472.16894531,2649.30566406,3168.87597656,1663.11242676,5007.13427734,3696.73901367,7714.64257812,3429.98925781,4700.67871094,1549.23352051,2044.9317627,1835.38012695,4236.20703125,905.776916504,339.247741699,290.043243408,239.641952515,251.650146484,742.585449219,351.186126709,44.9254379272,3.26026201248,0.616571187973,0.218615546823,0.0154076907784,0.000628500129096,0.00000689385888109,8.14320610942e-9],"max":[1.43014657497,19.6846790314,55.890171051,104.933570862,148.821182251,117.696205139,117.425102234,205.040771484,375.927001953,555.948425293,620.896850586,997.46270752,719.903198242,991.658447266,1140.22521973,699.903442383,1484.36413574,824.533203125,1312.83300781,1044.82116699,1380.03833008,704.903930664,998.51965332,890.975830078,1657.59301758,580.432861328,288.988372803,373.713500977,254.738479614,341.598754883,659.966552734,382.592437744,136.461090088,46.6211700439,19.8711566925,6.18842315674,1.29853248596,0.353367358446,0.0390439815819,0.00105587090366],"mean":[0.0586823970079,0.628399848938,2.32837891579,3.71656703949,4.6665430069,4.11046934128,3.56801342964,3.66188883781,6.54656362534,18.4948005676,19.1086101532,22.3129367828,15.7512025833,23.8788642883,31.1060504913,22.6877632141,35.2181930542,37.2952804565,41.7975540161,30.8913650513,28.0733795166,28.1998672485,32.3351669312,35.5473556519,45.4673500061,23.8314247131,14.8289785385,12.1481218338,10.770904541,9.60025787354,7.91064167023,4.2484459877,1.54469347,0.6522975564,0.322094529867,0.152717903256,0.0355954319239,0.00552126206458,0.000524310918991,0.0000411547480326],"median":[0.0217071808875,0.211776807904,0.803312182426,1.41717720032,1.78238880634,2.0256998539,1.42108106613,1.30250883102,2.81818890572,6.18250274658,6.55631017685,6.14591312408,6.59620571136,10.0720453262,13.9515171051,11.4366598129,17.0684280396,17.9630470276,15.5358924866,14.3266181946,12.7332906723,14.081653595,17.7534503937,21.648771286,24.5676631927,11.5105228424,6.55191612244,4.73133420944,4.01285266876,3.26133775711,1.81134033203,0.798778772354,0.334949612617,0.152836889029,0.0604014769197,0.0216307658702,0.00381600670516,0.000527743133716,0.0000670523149893,0.0000271627031907],"min":[8.19198286825e-23,4.27329764134e-22,2.61762092441e-21,5.18428582672e-21,1.11321280213e-20,1.8451144058e-20,4.42393252193e-20,7.27496107582e-20,1.10379097261e-19,1.07851588739e-19,2.8228833458e-19,5.19585798656e-19,3.81023197434e-19,5.62852411174e-19,1.37281665514e-18,1.7051335711e-18,1.62962418209e-18,2.60815341094e-18,2.76539796384e-18,2.35750362326e-18,3.05716772695e-18,3.98639761167e-18,4.69355803966e-18,6.99581385622e-18,6.84742592613e-18,8.638668999e-18,1.03960042842e-17,1.06269729636e-17,1.16102458664e-17,9.48901894051e-18,1.0343976278e-17,1.22089335512e-17,8.19686025331e-18,8.14234987812e-18,6.41727339604e-18,3.73971001913e-18,2.07944706715e-18,9.9174395612e-19,2.49133953352e-19,2.60845897016e-20],"var":[0.0148470699787,2.06873321533,22.9270133972,42.1286354065,63.7543373108,41.3664932251,46.7303352356,69.063911438,188.824737549,1881.91381836,1679.75231934,3433.90722656,1183.27124023,2085.87866211,3253.74682617,1442.83508301,5201.5546875,3508.3527832,7329.76953125,2747.01708984,3657.03271484,1942.91491699,2081.81591797,2226.58422852,5693.05224609,1244.2565918,432.317718506,387.943237305,373.722625732,445.932189941,910.950500488,330.739227295,36.460357666,3.57676339149,0.601657569408,0.11818934232,0.00798824522644,0.000241808898863,0.00000236112146013,3.51376083785e-9]},"erbbands_crest":{"dmean":2.6255941391,"dmean2":4.26668071747,"dvar":6.20351028442,"dvar2":14.8919401169,"max":30.7237434387,"mean":8.8832616806,"median":7.82005023956,"min":2.27541923523,"var":18.2072925568},"erbbands_flatness_db":{"dmean":0.0154404845089,"dmean2":0.022493513301,"dvar":0.000237559739617,"dvar2":0.000455341651104,"max":0.363743722439,"mean":0.175271764398,"median":0.171897917986,"min":0.033697232604,"var":0.00251691252925},"erbbands_kurtosis":{"dmean":0.809907495975,"dmean2":1.27753651142,"dvar":1.23250091076,"dvar2":2.82600903511,"max":34.1495742798,"mean":0.464459568262,"median":0.0355541855097,"min":-1.72488820553,"var":3.12042546272},"erbbands_skewness":{"dmean":0.324450790882,"dmean2":0.494132727385,"dvar":0.0859772637486,"dvar2":0.184284538031,"max":3.726334095,"mean":-0.188266962767,"median":-0.20938821137,"min":-4.9504160881,"var":0.618965864182},"erbbands_spread":{"dmean":6.33056354523,"dmean2":9.89697933197,"dvar":41.4215698242,"dvar2":99.0202789307,"max":98.7620391846,"mean":31.3092956543,"median":29.6260643005,"min":4.05259084702,"var":146.45262146},"gfcc":{"cov":[[27662.9765625,190.68536377,283.799163818,2073.70361328,128.075042725,1285.43981934,-158.452606201,272.895935059,-781.559692383,119.143127441,-619.378173828,-124.577194214,-845.203735352],[190.68536377,1114.46630859,-210.350494385,99.4260406494,200.521865845,-52.5496864319,153.694732666,15.520316124,46.5715408325,-67.3834686279,51.2959136963,-128.511260986,-4.21137952805],[283.799163818,-210.350494385,1216.11645508,379.290557861,421.806488037,301.830566406,177.421173096,112.552024841,-107.525535583,97.2966079712,-149.460830688,59.8588256836,-113.731887817],[2073.70361328,99.4260406494,379.290557861,592.879638672,316.591705322,176.304870605,92.2372970581,38.3980865479,-94.0454864502,17.9044647217,-95.6360092163,-26.6781978607,-68.8484649658],[128.075042725,200.521865845,421.806488037,316.591705322,539.077941895,123.794197083,203.619003296,77.8670578003,-56.8694038391,72.3377609253,-71.2581481934,-16.4495811462,-55.2146034241],[1285.43981934,-52.5496864319,301.830566406,176.304870605,123.794197083,303.591400146,124.293891907,63.704158783,-42.7017669678,29.6048088074,-39.9462890625,-6.45685100555,-76.3597946167],[-158.452606201,153.694732666,177.421173096,92.2372970581,203.619003296,124.293891907,278.483184814,87.8602218628,-14.5444936752,40.6802864075,-4.89002466202,-14.7362689972,-46.8337974548],[272.895935059,15.520316124,112.552024841,38.3980865479,77.8670578003,63.704158783,87.8602218628,122.851295471,34.0602760315,35.3503341675,-17.8741931915,2.18310427666,-29.9514503479],[-781.559692383,46.5715408325,-107.525535583,-94.0454864502,-56.8694038391,-42.7017669678,-14.5444936752,34.0602760315,152.756576538,17.7219581604,43.635684967,-8.67380905151,33.2917938232],[119.143127441,-67.3834686279,97.2966079712,17.9044647217,72.3377609253,29.6048088074,40.6802864075,35.3503341675,17.7219581604,114.71497345,10.0023012161,19.2778358459,-24.976354599],[-619.378173828,51.2959136963,-149.460830688,-95.6360092163,-71.2581481934,-39.9462890625,-4.89002466202,-17.8741931915,43.635684967,10.0023012161,115.925994873,16.6484298706,34.162311554],[-124.577194214,-128.511260986,59.8588256836,-26.6781978607,-16.4495811462,-6.45685100555,-14.7362689972,2.18310427666,-8.67380905151,19.2778358459,16.6484298706,98.5737762451,36.4056129456],[-845.203735352,-4.21137952805,-113.731887817,-68.8484649658,-55.2146034241,-76.3597946167,-46.8337974548,-29.9514503479,33.2917938232,-24.976354599,34.162311554,36.4056129456,110.326812744]],"icov":[[0.000184871882084,-0.000257390172919,0.000413053494412,-0.000620037084445,0.000414201960666,-0.000721392454579,0.000660055666231,-0.000626437598839,0.000725436257198,-0.000566932721995,0.000656641554087,-0.000666894833557,0.000932949536946],[-0.000257390172919,0.00190246372949,-0.000309531256789,0.000612424802966,-0.00135780859273,0.00149615749251,-0.00164046790451,0.000864276429638,-0.00145346170757,0.00207789917476,-0.00198409333825,0.0023585492745,-0.00119679269847],[0.000413053494412,-0.000309531256789,0.00269753229804,-0.00159113365225,-0.0000340774531651,-0.00250067282468,0.00147445336916,-0.00149931723718,0.00153743172996,-0.00141005218029,0.00259858113714,-0.00292375916615,0.00278844381683],[-0.000620037084445,0.000612424802966,-0.00159113365225,0.00521662598476,-0.00286202854477,0.001192836673,-0.00130225322209,0.00205087568611,-0.00156773277558,0.00209998618811,-0.00144844502211,0.00262505398132,-0.00318354205228],[0.000414201960666,-0.00135780859273,-0.0000340774531651,-0.00286202854477,0.00578381819651,-0.000820086686872,-0.000591032672673,-0.00160578638315,0.00238849408925,-0.00374040286988,0.00272157951258,-0.000974457652774,0.000851650373079],[-0.000721392454579,0.00149615749251,-0.00250067282468,0.001192836673,-0.000820086686872,0.00886590965092,-0.00459335744381,0.00151375751011,-0.00260494835675,0.00278676836751,-0.00337216048501,0.00300758518279,-0.00164725410286],[0.000660055666231,-0.00164046790451,0.00147445336916,-0.00130225322209,-0.000591032672673,-0.00459335744381,0.00977420900017,-0.00594730256125,0.00413681613281,-0.00239602779038,0.000539116270375,-0.00188204681035,0.00342430057935],[-0.000626437598839,0.000864276429638,-0.00149931723718,0.00205087568611,-0.00160578638315,0.00151375751011,-0.00594730256125,0.0167346745729,-0.00811369530857,0.000897835823707,0.00102634972427,-0.000603535154369,-0.000236334308283],[0.000725436257198,-0.00145346170757,0.00153743172996,-0.00156773277558,0.00238849408925,-0.00260494835675,0.00413681613281,-0.00811369530857,0.0139906564727,-0.0049464548938,-0.000116343879199,0.00113987538498,-0.000627319095656],[-0.000566932721995,0.00207789917476,-0.00141005218029,0.00209998618811,-0.00374040286988,0.00278676836751,-0.00239602779038,0.000897835823707,-0.0049464548938,0.0152653362602,-0.00518741505221,-0.000541789806448,0.00160999631044],[0.000656641554087,-0.00198409333825,0.00259858113714,-0.00144844502211,0.00272157951258,-0.00337216048501,0.000539116270375,0.00102634972427,-0.000116343879199,-0.00518741505221,0.0166347436607,-0.00595777109265,0.00194102386013],[-0.000666894833557,0.0023585492745,-0.00292375916615,0.00262505398132,-0.000974457652774,0.00300758518279,-0.00188204681035,-0.000603535154369,0.00113987538498,-0.000541789806448,-0.00595777109265,0.0198844820261,-0.0109469750896],[0.000932949536946,-0.00119679269847,0.00278844381683,-0.00318354205228,0.000851650373079,-0.00164725410286,0.00342430057935,-0.000236334308283,-0.000627319095656,0.00160999631044,0.00194102386013,-0.0109469750896,0.0212939810008]],"mean":[-36.0198669434,71.8931427002,-151.786636353,36.1223449707,-59.3197784424,11.1292285919,-30.3785648346,6.10306406021,-21.8608074188,-1.12251353264,-13.6236934662,-4.51910495758,-15.7635593414]},"hfc":{"dmean":6.54162120819,"dmean2":9.55169963837,"dvar":129.209869385,"dvar2":258.844970703,"max":236.711776733,"mean":24.3709697723,"median":19.5936584473,"min":1.10900898818e-16,"var":560.723144531},"melbands":{"dmean":[0.000444665929535,0.000942181155551,0.000575751066208,0.000222835282329,0.0000902218380361,0.0000656861884636,0.0000679020522512,0.000122814453789,0.0000960216202657,0.0000849134958116,0.0000461615782115,0.00005780003994,0.0000621697254246,0.0000379226185032,0.000039002403355,0.000043646668928,0.0000406315630244,0.0000410788197769,0.0000272307388514,0.0000222654398385,0.0000181315699592,0.0000146498605318,0.0000180906190508,0.000014947489035,0.0000134429119498,0.0000144496743815,0.0000143357265188,0.00000592957030676,0.00000427980876339,0.00000398396969103,0.0000031260317428,0.00000276025684798,0.00000306136826111,0.00000244069133259,0.0000026084876481,0.00000240923350248,0.00000128341457639,7.35826233722e-7,3.87880504604e-7,2.71161042065e-7],"dmean2":[0.000731220818125,0.00160556391347,0.000995051348582,0.000379837030778,0.000146113306982,0.000109886736027,0.000107889994979,0.000192255436559,0.00014943194401,0.000131040855194,0.0000740647301427,0.0000901872990653,0.000097409087175,0.000059475958551,0.0000626057299087,0.0000695917551639,0.0000646830812912,0.0000650077345199,0.0000436140689999,0.0000356323798769,0.0000284721900243,0.0000235304196394,0.0000290215866698,0.0000242612804868,0.0000215510026464,0.0000232570982917,0.0000230477944569,0.00000937581353355,0.00000669598603054,0.00000629498435956,0.00000484583461002,0.00000421644881499,0.00000467686595584,0.00000359574164577,0.00000376348134523,0.0000035990831293,0.00000187363116311,0.00000107842811303,5.64020524507e-7,3.87702669968e-7],"dvar":[0.00000142135093029,0.00000633923173154,0.00000154580538947,1.83749946814e-7,3.33428431532e-8,2.95158031349e-8,2.72845621652e-8,1.11801909952e-7,5.62610047439e-8,5.8990583085e-8,1.53686094961e-8,1.84685102766e-8,1.73400884762e-8,6.58231291695e-9,5.97251492707e-9,1.07221556078e-8,6.5272551808e-9,9.4950758367e-9,4.65226923652e-9,2.69062572222e-9,3.55536866614e-9,9.28172483317e-10,1.33864208607e-9,8.21707812904e-10,6.66235677738e-10,8.08017541765e-10,1.45782463878e-9,1.52164364442e-10,7.66200991542e-11,6.04251301772e-11,4.51257677059e-11,4.10261755124e-11,5.10306588652e-11,5.17709035364e-11,1.41966965961e-10,1.6450267537e-10,4.35518808517e-11,1.55083706294e-11,2.71646832632e-12,9.54363324479e-13],"dvar2":[0.00000335507661475,0.0000173906191776,0.00000437885910287,5.29547833139e-7,8.05299151807e-8,7.74197630449e-8,6.23665101784e-8,2.58213702864e-7,1.32422528054e-7,1.33264862257e-7,3.7516695528e-8,4.40587655248e-8,4.19717274269e-8,1.5536970821e-8,1.45098058013e-8,2.70488449416e-8,1.57496078401e-8,2.21889937535e-8,1.14529754569e-8,6.68116850733e-9,8.80702621942e-9,2.19267759505e-9,3.02128855267e-9,1.93170546225e-9,1.60471858024e-9,1.96938665376e-9,3.50421625051e-9,3.42840006384e-10,1.87481197234e-10,1.43889580806e-10,1.00244354484e-10,8.80202299935e-11,1.13764858645e-10,9.7764699114e-11,2.76093981011e-10,3.50734136179e-10,8.97331237093e-11,3.38802007283e-11,5.64666802899e-12,1.96619370091e-12],"max":[0.0174634177238,0.0267414525151,0.0216193757951,0.00951344054192,0.00420652236789,0.00423135096207,0.00582002382725,0.00680175283924,0.00519608939067,0.00614516204223,0.00359168532304,0.00423441873863,0.00348129449412,0.00173507619184,0.0017952650087,0.00330108217895,0.00168013444636,0.00215853820555,0.00192957010586,0.00114360672887,0.00222096312791,0.00105763436295,0.00101355812512,0.00111911387648,0.00093767727958,0.000814813072793,0.00165362551343,0.00047325954074,0.000234265680774,0.000191792933038,0.000218443456106,0.000152782929945,0.000179497961653,0.000214904081076,0.000490648730192,0.000359568919521,0.000200203256099,0.000125023871078,0.0000535145954927,0.0000353513132723],"mean":[0.000606878194958,0.0011065545259,0.000693272857461,0.000316222780384,0.000136059563374,0.0000828134579933,0.000108879583422,0.000209217847441,0.000156968846568,0.00013310284703,0.0000742297197576,0.0000927919172682,0.000106192288513,0.0000640966463834,0.0000670804147376,0.000073500603321,0.0000692535759299,0.0000683789257891,0.0000467212958029,0.0000376988682547,0.0000321401603287,0.000027496020266,0.0000324040665873,0.0000283636218228,0.0000282034870907,0.0000311674375553,0.0000296545476886,0.0000128643869175,0.00000919330068427,0.00000840406937641,0.00000644412057227,0.00000588409557167,0.00000628391626378,0.00000504148329128,0.0000047016269491,0.00000385756902688,0.00000207298035093,0.00000114885165203,6.7895518896e-7,5.01981162415e-7],"median":[0.000235044077272,0.00039216602454,0.000267855532002,0.000166674726643,0.0000588422626606,0.0000288224200631,0.000045351771405,0.0000672779133311,0.0000498710287502,0.0000342864805134,0.0000292438289762,0.00003653580643,0.0000442140444648,0.0000289038416668,0.0000327831039613,0.0000331688279402,0.000029953338526,0.0000229682009376,0.0000178395348485,0.0000175705008587,0.0000131199158204,0.0000132874347401,0.0000139306248457,0.000016292098735,0.0000158582115546,0.0000173219414137,0.0000135793743539,0.00000579070092499,0.00000395271217712,0.00000315092165692,0.00000235239349422,0.00000214488682104,0.00000215301361095,0.0000015816085579,0.00000107209177713,6.81252345203e-7,3.71632950191e-7,2.34882847394e-7,1.59224470053e-7,1.13478101582e-7],"min":[6.32846355577e-25,1.45246134832e-24,1.22827664399e-24,5.50767547757e-25,1.55225856371e-24,1.73252018309e-24,1.63625657151e-24,1.79566297653e-24,2.43417152916e-24,3.05867030655e-24,1.82645695082e-24,1.35166632248e-24,4.1520510455e-24,2.50062655232e-24,2.40036824773e-24,2.25335593221e-24,4.42439580669e-24,3.94472972213e-24,2.10949235501e-24,3.26696607035e-24,2.39039112943e-24,3.9528762887e-24,4.2594461747e-24,3.6557861442e-24,5.08530860068e-24,3.42191176277e-24,5.32452593702e-24,4.81916389177e-24,5.06274717879e-24,5.12116508984e-24,5.38806276648e-24,5.536049128e-24,5.17005711102e-24,4.75809343593e-24,5.14096510413e-24,6.3647743302e-24,6.7012574273e-24,5.04795603682e-24,6.29768368237e-24,5.8610850645e-24],"var":[0.00000166118707057,0.00000531067507836,0.00000135382413191,2.15992628227e-7,5.50029639612e-8,3.33998002588e-8,5.2376027071e-8,2.51682223507e-7,1.14691204089e-7,1.27017401041e-7,2.97310442932e-8,3.37741781209e-8,4.23864499055e-8,1.37845148629e-8,1.31228947708e-8,2.38611033154e-8,1.43515155315e-8,2.14820818911e-8,8.94010732111e-9,4.71270711344e-9,6.51128306828e-9,2.30679431112e-9,3.34499805632e-9,1.7399525154e-9,1.71184444397e-9,2.387582132e-9,3.64682906095e-9,4.65272986805e-10,1.92728402681e-10,1.68186825578e-10,1.25732410594e-10,1.19679322008e-10,1.39798769783e-10,1.57028917647e-10,3.24928001172e-10,3.01310781881e-10,7.93804813548e-11,2.40656331668e-11,5.17059485505e-12,2.06416979863e-12]},"melbands_crest":{"dmean":3.40350103378,"dmean2":5.53793811798,"dvar":9.37557792664,"dvar2":23.4804515839,"max":39.8090057373,"mean":11.9293756485,"median":11.2061347961,"min":1.54180133343,"var":22.4078388214},"melbands_flatness_db":{"dmean":0.0226249620318,"dmean2":0.0347404293716,"dvar":0.00054536620155,"dvar2":0.00126665655989,"max":0.374663501978,"mean":0.141843512654,"median":0.141658008099,"min":0.00317369261757,"var":0.00202716235071},"melbands_kurtosis":{"dmean":3.20714211464,"dmean2":5.25966215134,"dvar":64.6424484253,"dvar2":180.68586731,"max":354.225952148,"mean":3.81086349487,"median":1.70787906647,"min":-1.86461699009,"var":85.7196578979},"melbands_skewness":{"dmean":0.604814052582,"dmean2":0.940623998642,"dvar":0.531743824482,"dvar2":1.28993082047,"max":18.2722110748,"mean":1.52864718437,"median":1.343770504,"min":-1.92676544189,"var":1.35760569572},"melbands_spread":{"dmean":10.6946353912,"dmean2":16.5397567749,"dvar":180.63104248,"dvar2":383.928344727,"max":233.488006592,"mean":43.3554573059,"median":38.3600387573,"min":2.55060696602,"var":672.697265625},"mfcc":{"cov":[[14307.9111328,613.051635742,620.279785156,1120.27819824,568.030334473,1082.46240234,663.09375,531.494873047,51.8095855713,181.232818604,257.978729248,8.93600654602,-75.6935195923],[613.051635742,1077.82128906,-238.08203125,199.041320801,41.3472175598,37.4462738037,130.788742065,61.4938850403,33.9571800232,67.0992050171,51.3753585815,1.42981696129,28.9965114594],[620.279785156,-238.08203125,642.535766602,124.710693359,151.276000977,186.822433472,125.972320557,103.995704651,65.9046859741,11.8716373444,22.9577159882,4.30389547348,-31.796831131],[1120.27819824,199.041320801,124.710693359,547.533203125,255.070236206,209.366729736,218.128601074,69.2464981079,114.371810913,18.6581859589,34.9828300476,-10.4772224426,-8.12724113464],[568.030334473,41.3472175598,151.276000977,255.070236206,284.228088379,150.532424927,110.207702637,40.8505363464,76.3989562988,22.4780254364,16.2580032349,-8.8414478302,-14.8969163895],[1082.46240234,37.4462738037,186.822433472,209.366729736,150.532424927,283.398590088,211.063903809,94.1237182617,64.0495452881,44.4889335632,52.2621154785,0.592415988445,-13.8073854446],[663.09375,130.788742065,125.972320557,218.128601074,110.207702637,211.063903809,318.269317627,113.750099182,73.9484405518,46.3058128357,65.5768661499,-2.69071412086,-6.0637178421],[531.494873047,61.4938850403,103.995704651,69.2464981079,40.8505363464,94.1237182617,113.750099182,148.34928894,54.88621521,34.2946815491,28.7435264587,8.0705909729,2.68103027344],[51.8095855713,33.9571800232,65.9046859741,114.371810913,76.3989562988,64.0495452881,73.9484405518,54.88621521,126.423118591,43.9412612915,23.6659011841,4.81178092957,2.92300438881],[181.232818604,67.0992050171,11.8716373444,18.6581859589,22.4780254364,44.4889335632,46.3058128357,34.2946815491,43.9412612915,110.524482727,54.7825164795,12.5192584991,-2.45874428749],[257.978729248,51.3753585815,22.9577159882,34.9828300476,16.2580032349,52.2621154785,65.5768661499,28.7435264587,23.6659011841,54.7825164795,100.524116516,34.5745849609,2.43522071838],[8.93600654602,1.42981696129,4.30389547348,-10.4772224426,-8.8414478302,0.592415988445,-2.69071412086,8.0705909729,4.81178092957,12.5192584991,34.5745849609,97.4208602905,43.060585022],[-75.6935195923,28.9965114594,-31.796831131,-8.12724113464,-14.8969163895,-13.8073854446,-6.0637178421,2.68103027344,2.92300438881,-2.45874428749,2.43522071838,43.060585022,79.4876785278]],"icov":[[0.000126299084513,-0.0000281181346509,0.000011397212802,-0.000232866921579,0.0000625437460258,-0.000489262863994,0.000283877976472,-0.000378713768441,0.000416479131673,-0.0000703104960849,-0.000134345827973,0.0000278509978671,0.0000439789291704],[-0.0000281181346509,0.00128620513715,0.000610809423961,-0.000506329291966,-0.0000476752793475,0.000456721405499,-0.000421014352469,-0.000528326665517,0.0003296432551,-0.000640511454549,-0.000147002574522,0.000219489171286,-0.000393637950765],[0.000011397212802,0.000610809423961,0.00248402333818,0.00011163536692,-0.000779956462793,-0.00104964873753,0.0000911315073608,-0.00128661014605,-0.00020119290275,0.000422598328441,-0.0000158940438268,-0.000445268145995,0.000777129956987],[-0.000232866921579,-0.000506329291966,0.00011163536692,0.00478301290423,-0.00273345666938,0.0000159047849593,-0.00186771748122,0.0014810388675,-0.00268848543055,0.00178261951078,0.00004640627958,0.0000346386514138,-0.0000714826237527],[0.0000625437460258,-0.0000476752793475,-0.000779956462793,-0.00273345666938,0.00739274034277,-0.00241020042449,0.00109296827577,0.000732538348529,-0.00127999903634,-0.000590369047131,0.000718867348041,0.0000600252969889,0.000485225929879],[-0.000489262863994,0.000456721405499,-0.00104964873753,0.0000159047849593,-0.00241020042449,0.0115118157119,-0.00536451674998,0.000161007468705,-0.000285136746243,-0.00109530042391,-0.00014142296277,-0.000245884875767,0.000196660432266],[0.000283877976472,-0.000421014352469,0.0000911315073608,-0.00186771748122,0.00109296827577,-0.00536451674998,0.00884421449155,-0.00347162410617,0.000344616360962,0.000547567440663,-0.00296718208119,0.00159729318693,-0.000435959314927],[-0.000378713768441,-0.000528326665517,-0.00128661014605,0.0014810388675,0.000732538348529,0.000161007468705,-0.00347162410617,0.012417241931,-0.00421817507595,-0.000578914536163,0.00107287149876,-0.000632014882285,-0.000602830783464],[0.000416479131673,0.0003296432551,-0.00020119290275,-0.00268848543055,-0.00127999903634,-0.000285136746243,0.000344616360962,-0.00421817507595,0.0143515449017,-0.00473890453577,0.000253267644439,0.000159525108756,-0.000968385429587],[-0.0000703104960849,-0.000640511454549,0.000422598328441,0.00178261951078,-0.000590369047131,-0.00109530042391,0.000547567440663,-0.000578914536163,-0.00473890453577,0.0150460787117,-0.00707062520087,0.000675045012031,0.000769013306126],[-0.000134345827973,-0.000147002574522,-0.0000158940438268,0.00004640627958,0.000718867348041,-0.00014142296277,-0.00296718208119,0.00107287149876,0.000253267644439,-0.00707062520087,0.0179898403585,-0.00674207974225,0.0026448930148],[0.0000278509978671,0.000219489171286,-0.000445268145995,0.0000346386514138,0.0000600252969889,-0.000245884875767,0.00159729318693,-0.000632014882285,0.000159525108756,0.000675045012031,-0.00674207974225,0.0166160948575,-0.00889622885734],[0.0000439789291704,-0.000393637950765,0.000777129956987,-0.0000714826237527,0.000485225929879,0.000196660432266,-0.000435959314927,-0.000602830783464,-0.000968385429587,0.000769013306126,0.0026448930148,-0.00889622885734,0.0179794672877]],"mean":[-656.265869141,92.7255096436,-29.0927448273,21.829624176,-6.96253061295,5.8013882637,-0.997962534428,6.07286262512,-6.14889860153,5.21420955658,1.5831887722,-2.75668478012,-0.309767901897]},"pitch_salience":{"dmean":0.0663270428777,"dmean2":0.106053382158,"dvar":0.00369519460946,"dvar2":0.00929831154644,"max":0.95081192255,"mean":0.575392127037,"median":0.580206513405,"min":0.0107817379758,"var":0.011245473288},"silence_rate_20dB":{"dmean":0,"dmean2":0,"dvar":0,"dvar2":0,"max":1,"mean":1,"median":1,"min":1,"var":0},"silence_rate_30dB":{"dmean":0.000359227648005,"dmean2":0.000718519848306,"dvar":0.000359098601621,"dvar2":0.000897633552086,"max":1,"mean":0.999730587006,"median":1,"min":0,"var":0.000269323965767},"silence_rate_60dB":{"dmean":0.0290974397212,"dmean2":0.0582001060247,"dvar":0.0282507799566,"dvar2":0.0594832338393,"max":1,"mean":0.179956898093,"median":0,"min":0,"var":0.147572413087},"spectral_centroid":{"dmean":261.677093506,"dmean2":398.78805542,"dvar":77792.4296875,"dvar2":151473.28125,"max":11895.8408203,"mean":2164.60205078,"median":2069.64868164,"min":444.910369873,"var":1073771.625},"spectral_complexity":{"dmean":3.94198465347,"dmean2":5.95976305008,"dvar":18.9771461487,"dvar2":37.9651489258,"max":62,"mean":23.9490833282,"median":24,"min":0,"var":210.811798096},"spectral_contrast_coeffs":{"dmean":[0.0503163151443,0.0460221245885,0.039552487433,0.0312245655805,0.0215097982436,0.0160819254816],"dmean2":[0.0825068727136,0.0749313980341,0.0629871934652,0.050799395889,0.0350660160184,0.0254050586373],"dvar":[0.00185439933557,0.00143719860353,0.00102831539698,0.000642716418952,0.000322026404319,0.000207530043554],"dvar2":[0.0050245327875,0.00371452164836,0.00252806511708,0.00161778903566,0.000789716781583,0.000479662674479],"max":[-0.292087644339,-0.401341736317,-0.497947692871,-0.532535552979,-0.569855570793,-0.573688387871],"mean":[-0.662145972252,-0.736495018005,-0.763284027576,-0.771062672138,-0.773575901985,-0.722446203232],"median":[-0.66767603159,-0.746127724648,-0.771485447884,-0.778500676155,-0.777884840965,-0.716713249683],"min":[-0.980839848518,-0.978867590427,-0.977453827858,-0.975197732449,-0.967054724693,-0.964171171188],"var":[0.00903074257076,0.0068075847812,0.00463242456317,0.00341018103063,0.00201727845706,0.00212904741056]},"spectral_contrast_valleys":{"dmean":[0.396745502949,0.353200644255,0.318169444799,0.268938064575,0.221351653337,0.235185280442],"dmean2":[0.647689282894,0.575842857361,0.50386351347,0.420142292976,0.336937129498,0.309684336185],"dvar":[0.130975320935,0.115526355803,0.0959647074342,0.0791163593531,0.0735914558172,0.0965224504471],"dvar2":[0.304687529802,0.260455697775,0.200020492077,0.152129605412,0.13177922368,0.153108894825],"max":[-5.47171449661,-5.07231998444,-5.40363740921,-5.52759170532,-5.47476530075,-7.27945280075],"mean":[-8.31418228149,-7.48595905304,-7.69069576263,-7.79018449783,-7.52512550354,-10.6214532852],"median":[-7.35271263123,-6.99776268005,-7.14692878723,-7.19673156738,-6.94488430023,-10.1053676605],"min":[-28.1811504364,-28.0553970337,-27.9154701233,-27.7023010254,-27.4654636383,-27.4441490173],"var":[6.49663305283,4.98072099686,5.0603685379,5.08416366577,5.19342756271,4.72206783295]},"spectral_decrease":{"dmean":1.59736956995e-9,"dmean2":2.55458809661e-9,"dvar":7.80439034961e-18,"dvar2":1.9821456049e-17,"max":1.63775328755e-28,"mean":-4.31883062646e-9,"median":-3.79788778204e-9,"min":-3.45838593319e-8,"var":1.49662400343e-17},"spectral_energy":{"dmean":0.0064154677093,"dmean2":0.0101736113429,"dvar":0.000117247516755,"dvar2":0.000295625883155,"max":0.133371040225,"mean":0.0185107886791,"median":0.0166934467852,"min":1.01174431738e-20,"var":0.000253167061601},"spectral_energyband_high":{"dmean":0.00051281315973,"dmean2":0.000713493791409,"dvar":0.00000178779487214,"dvar2":0.00000322544610754,"max":0.0307303946465,"mean":0.00133248721249,"median":0.000565933936741,"min":7.06926484505e-21,"var":0.00000592635069552},"spectral_energyband_low":{"dmean":0.00385364633985,"dmean2":0.00636435812339,"dvar":0.0000933386545512,"dvar2":0.000244528084295,"max":0.113474190235,"mean":0.00541791366413,"median":0.00249575078487,"min":1.12840107498e-23,"var":0.0000981333068921},"spectral_energyband_middle_high":{"dmean":0.00196619611233,"dmean2":0.00301551329903,"dvar":0.00000697878249412,"dvar2":0.0000163134318427,"max":0.0472630858421,"mean":0.00677741132677,"median":0.00539486482739,"min":1.26845864918e-21,"var":0.0000377495598514},"spectral_energyband_middle_low":{"dmean":0.00284186727367,"dmean2":0.00464839395136,"dvar":0.0000199050136871,"dvar2":0.0000526411604369,"max":0.0845307335258,"mean":0.00583217572421,"median":0.00420045014471,"min":1.86704595065e-22,"var":0.0000351164453605},"spectral_entropy":{"dmean":0.108482718468,"dmean2":0.158226177096,"dvar":0.0126299783587,"dvar2":0.0237662326545,"max":9.8245306015,"mean":7.74382257462,"median":7.77340364456,"min":6.30829381943,"var":0.161935791373},"spectral_flux":{"dmean":0.0192913003266,"dmean2":0.0299195423722,"dvar":0.000640921236482,"dvar2":0.00142203108408,"max":0.318586915731,"mean":0.0744569897652,"median":0.0729450136423,"min":6.43249759014e-11,"var":0.00224674795754},"spectral_kurtosis":{"dmean":1.26928770542,"dmean2":2.18384647369,"dvar":1.84646129608,"dvar2":5.66750240326,"max":17.6406040192,"mean":3.72988009453,"median":3.41965103149,"min":-1.26078939438,"var":4.03163003922},"spectral_rms":{"dmean":0.000620691454969,"dmean2":0.000949748500716,"dvar":6.68729228437e-7,"dvar2":0.00000159558067026,"max":0.0114069320261,"mean":0.0037835391704,"median":0.00403562746942,"min":3.14176310835e-12,"var":0.00000374413684767},"spectral_rolloff":{"dmean":554.278381348,"dmean2":892.453979492,"dvar":573439.4375,"dvar2":1143910,"max":19487.5488281,"mean":2695.88134766,"median":2411.71875,"min":21.533203125,"var":4089023.75},"spectral_skewness":{"dmean":0.17058634758,"dmean2":0.279475182295,"dvar":0.0252420064062,"dvar2":0.0687910243869,"max":2.53146791458,"mean":1.17501473427,"median":1.18045961857,"min":-0.171308964491,"var":0.121425561607},"spectral_spread":{"dmean":346628.71875,"dmean2":509433.375,"dvar":380610871296,"dvar2":644324917248,"max":42488144,"mean":4109445.25,"median":3670482,"min":1622620.625,"var":12038549012500},"spectral_strongpeak":{"dmean":0.760181486607,"dmean2":1.29889309406,"dvar":1.96078383923,"dvar2":4.94426250458,"max":25.7061157227,"mean":1.0886708498,"median":0.441210389137,"min":0,"var":2.76221394539},"zerocrossingrate":{"dmean":0.0107631040737,"dmean2":0.0120948944241,"dvar":0.000171403458808,"dvar2":0.000178162576049,"max":0.52685546875,"mean":0.0892165601254,"median":0.0791015625,"min":0,"var":0.00282191485167}},"metadata":{"audio_properties":{"analysis_sample_rate":44100,"bit_rate":0,"codec":"flac","downmix":"mix","equal_loudness":0,"length":258.533325195,"lossless":true,"md5_encoded":"c4db0970e6f4613ac75a397f60e8a9ec","replay_gain":-8.02730369568},"tags":{"acoustid_id":["4b8415ec-9f48-4035-b9b3-e69436508aa3"],"album":["Bon Jovi"],"albumartist":["Bon Jovi"],"albumartistsort":["Bon Jovi"],"artist":["Bon Jovi"],"artists":["Bon Jovi"],"artistsort":["Bon Jovi"],"asin":["B00000I07N"],"date":["1999-02-09"],"discnumber":["1"],"disctotal":["1"],"file_name":"04 Shot Through the Heart.flac","genre":["Hard Rock"],"grouping":["Rock"],"language":["eng"],"musicbrainz_albumartistid":["5dcdb5eb-cb72-4e6e-9e63-b7bace604965"],"musicbrainz_albumid":["3400809e-e830-317d-b710-69bec1ff052a"],"musicbrainz_artistid":["5dcdb5eb-cb72-4e6e-9e63-b7bace604965"],"musicbrainz_recordingid":["63da8cfe-fe86-4d2b-8839-fef9a6ea4bac"],"musicbrainz_releasegroupid":["d60113b0-ab11-3c61-b74b-160cb1ed5fc6"],"musicbrainz_releasetrackid":["b14e6f73-bb29-378a-b8c8-57a80bacefbb"],"musicbrainz_workid":["8de7f3dd-9d56-407a-82f0-2e2d66fa423d"],"originaldate":["1984-01"],"originalyear":["1999"],"producer":["Lance Quinn","Tony Bongiovi"],"releasecountry":["US"],"releasestatus":["official"],"releasetype":["album"],"replaygain_album_gain":["-4.06 dB"],"replaygain_album_peak":["0.964172"],"replaygain_track_gain":["-2.39 dB"],"replaygain_track_peak":["0.855652"],"script":["Latn"],"title":["Shot Through the Heart"],"totaldiscs":["1"],"totaltracks":["9"],"tracknumber":["4"],"tracktotal":["9"],"work":["Shot Through the Heart"],"writer":["Jon Bon Jovi","Jack Ponti"]},"version":{"essentia":"2.1-beta1","essentia_build_sha":"ed039d7e5a6e3dec64cf0be7c36ef885fb432306","essentia_git_sha":"v2.1_beta1-7-ge0e83e8","extractor":"music 1.0"}},"rhythm":{"beats_count":629,"beats_loudness":{"dmean":0.0109908552