{"lowlevel":{"average_loudness":0.947945415974,"barkbands":{"dmean":[0.00947785004973,0.0265014655888,0.00603377772495,0.00202101538889,0.00285318004899,0.00194694416132,0.000949996814597,0.000765983422752,0.000783860101365,0.000601434963755,0.00035478384234,0.000266561168246,0.000322496081935,0.000286043679807,0.000254813494394,0.000236159947235,0.000224779738346,0.000215108681004,0.000142107775901,0.000100506920717,0.0000682667887304,0.0000578894105274,0.0000266420211119,0.0000127259254441,0.00000366807466889,0.00002686019252,0.000280676409602],"dmean2":[0.0158702675253,0.0441148281097,0.0104772336781,0.00356566719711,0.00455461954698,0.00313741108403,0.00151868432295,0.00125592923723,0.00126647937577,0.000967568834312,0.000575451063924,0.000435587950051,0.000536684936378,0.000468847400043,0.000431642896729,0.000400268443627,0.000370885565644,0.000341748440405,0.000231394049479,0.000166529309354,0.000104262966488,0.0000864730463945,0.0000396229297621,0.0000189056827367,0.00000599998111284,0.0000388277003367,0.000428239960456],"dvar":[0.000362924387446,0.00171329313889,0.0000781380367698,0.00000867783364811,0.0000340653750754,0.0000194746535271,0.00000688071168042,0.00000315463444167,0.00000254540645983,0.00000217693172999,4.57675639609e-7,1.431719312e-7,1.54822146214e-7,1.29266922499e-7,1.2683747741e-7,1.38143136041e-7,1.22950680748e-7,1.42272938319e-7,6.58670273879e-8,4.4633992502e-8,3.04168352727e-8,1.31849926532e-8,1.92121363263e-9,4.11178729953e-10,4.03084753076e-11,1.73455771968e-9,9.56360182158e-8],"dvar2":[0.000873790530022,0.00434919679537,0.000218816407141,0.0000238725442614,0.0000773117280914,0.0000473603176943,0.0000154102908709,0.00000820459626993,0.00000633650142845,0.00000519136438015,0.00000116933676964,3.67800652157e-7,4.16824093463e-7,3.40841381785e-7,3.54409763759e-7,3.72320613451e-7,3.13594966883e-7,3.39460257237e-7,1.58867024425e-7,1.15026253411e-7,6.93876529567e-8,2.97438482733e-8,4.14259559989e-9,8.49615378051e-10,9.51838399765e-11,3.47486572849e-9,2.21474252271e-7],"max":[0.180570155382,0.597343206406,0.141003713012,0.071359038353,0.120006866753,0.088858217001,0.0583280101418,0.0397306606174,0.0252223853022,0.0300365053117,0.012060184963,0.00562585471198,0.00511524407193,0.00552917644382,0.00389397982508,0.00879002455622,0.0049070934765,0.0135823246092,0.00655998894945,0.00545472279191,0.00464846519753,0.0025532413274,0.000929542235099,0.000297175167361,0.0000877400743775,0.000604851578828,0.00611225608736],"mean":[0.00933571252972,0.0311958175153,0.00720867328346,0.00225942255929,0.00359819852747,0.00239267293364,0.00124502251856,0.00101032457314,0.00112073100172,0.000831412733532,0.000550699769519,0.000484914984554,0.000597304780968,0.000536314153578,0.000479510286823,0.000459300150396,0.00045081708231,0.000458028982393,0.000296821614029,0.00020037824288,0.000152135791723,0.000118065661809,0.0000514308521815,0.000021389887479,0.00000377217520509,0.0000533759557584,0.00121187593322],"median":[0.00316126807593,0.0182020701468,0.00389133580029,0.00129923387431,0.00131061882712,0.000808636774309,0.000412575580413,0.0004183537676,0.000504737137817,0.000362455495633,0.000335227407049,0.000338956713676,0.00046714412747,0.00041662476724,0.000367841043044,0.000329313392285,0.000307267066091,0.000317189551424,0.000196193635929,0.000141624419484,0.000111328779894,0.0000788560719229,0.0000334348369506,0.0000112150664791,0.00000138378084102,0.0000334916549036,0.00116597325541],"min":[3.30414307026e-11,6.62998649037e-12,1.18186103265e-12,1.27583653278e-12,2.04565401077e-12,1.34498976626e-12,9.50748160755e-13,6.79829565038e-13,6.52845399268e-13,6.32842357077e-13,2.64858068203e-13,9.14372852608e-13,1.46344893669e-12,4.80666125392e-13,1.01585417595e-12,1.74215026086e-12,1.97550764809e-12,2.82082256858e-12,7.12449630541e-12,1.77219718935e-12,3.5189969428e-12,8.86358608038e-12,5.66515757916e-12,1.29404178345e-11,1.52227241229e-11,3.00870266201e-11,2.97157506934e-11],"var":[0.000346569606336,0.00166549975984,0.0000946518412093,0.00000964032096817,0.0000480846974824,0.0000242245860136,0.00000999457552098,0.0000041434996092,0.00000366657741324,0.00000278419656752,6.9038469519e-7,2.6498142347e-7,3.05602384287e-7,2.59525393176e-7,2.21778307719e-7,2.59179756767e-7,2.62673154339e-7,3.07107399067e-7,1.45359521753e-7,7.5392222243e-8,5.22321776941e-8,2.69428586108e-8,4.09074329966e-9,8.49239290002e-10,4.55386214848e-11,4.12144718354e-9,7.53218785121e-7]},"barkbands_crest":{"dmean":3.73805212975,"dmean2":6.30596208572,"dvar":10.044962883,"dvar2":27.9084529877,"max":25.8988819122,"mean":13.2553987503,"median":12.4368391037,"min":2.72002077103,"var":27.8607196808},"barkbands_flatness_db":{"dmean":0.035882037133,"dmean2":0.0589900873601,"dvar":0.000881205603946,"dvar2":0.00246080639772,"max":0.507351160049,"mean":0.156692326069,"median":0.133512794971,"min":0.0284263137728,"var":0.00612406805158},"barkbands_kurtosis":{"dmean":10.4437913895,"dmean2":17.8256320953,"dvar":420.209350586,"dvar2":1246.25305176,"max":435.540130615,"mean":16.2825126648,"median":7.27772474289,"min":-1.82252907753,"var":799.723754883},"barkbands_skewness":{"dmean":1.04741299152,"dmean2":1.74649560452,"dvar":1.09335362911,"dvar2":3.06954026222,"max":16.7519798279,"mean":3.01972842216,"median":2.59924697876,"min":-0.801337301731,"var":2.89175820351},"barkbands_spread":{"dmean":10.8778648376,"dmean2":17.9698314667,"dvar":131.125061035,"dvar2":382.17880249,"max":124.602622986,"mean":27.6560592651,"median":25.1577835083,"min":0.20386891067,"var":327.36517334},"dissonance":{"dmean":0.015372576192,"dmean2":0.025980848819,"dvar":0.000247405056143,"dvar2":0.000693662033882,"max":0.5,"mean":0.473200708628,"median":0.479621469975,"min":0.305191993713,"var":0.000498795881867},"dynamic_complexity":3.4928984642,"erbbands":{"dmean":[1.08393526077,5.10364675522,7.48019075394,6.88104057312,5.86121702194,11.4791040421,15.9356393814,15.0970726013,14.9573726654,12.8146219254,16.6203422546,17.8635921478,18.4582672119,16.3699378967,12.0597829819,10.3650455475,14.1754951477,14.1688604355,11.7578544617,13.3208246231,11.4891958237,12.1999511719,12.229549408,8.43416309357,6.22410058975,4.84499073029,3.06573534012,2.5666077137,2.10052871704,1.3873051405,0.695184826851,0.421172231436,0.133354589343,0.0426009744406,0.0262278467417,0.0261940546334,0.0652163103223,0.06047167629,0.0196554102004,0.00697070220485],"dmean2":[1.80701899529,8.66173267365,13.0227031708,12.1067361832,9.66585636139,18.4583511353,25.6387119293,24.3156032562,23.8622455597,20.4947719574,27.3369178772,28.8002605438,29.6427345276,26.1480865479,19.3069095612,16.982378006,23.6468753815,23.214679718,19.6943454742,22.5244579315,19.0244503021,19.8180084229,19.3622131348,13.3408765793,10.3244380951,8.0523891449,4.81366014481,3.86094927788,3.15452241898,2.08173465729,1.02942538261,0.617193102837,0.201349496841,0.0691309124231,0.0427218228579,0.0395225584507,0.0935872793198,0.088283918798,0.0292869266123,0.010269514285],"dvar":[3.67251777649,69.788269043,116.868438721,86.6736602783,136.664855957,738.607116699,1426.22180176,1278.63378906,1712.92004395,1369.85632324,1394.28344727,1374.734375,2164.06396484,1485.93981934,421.924255371,203.416946411,307.148010254,323.752532959,237.539215088,382.568328857,326.777404785,364.57244873,414.471801758,214.96673584,147.360397339,106.01739502,52.5509300232,37.6481056213,19.5640659332,6.79363679886,1.28489160538,0.476188153028,0.0453889966011,0.00522126071155,0.0020099922549,0.00153715617489,0.011322719045,0.00817961525172,0.0007358873263,0.0000561830347579],"dvar2":[9.32647705078,183.146499634,327.588745117,244.03062439,318.653137207,1715.09301758,3392.43920898,3176.62207031,3944.29272461,3204.16088867,3495.66577148,3444.66748047,5298.75146484,3730.8347168,1008.65344238,525.097595215,820.178649902,829.777954102,658.407165527,1055.13769531,850.002075195,912.039428711,979.917175293,487.441070557,367.570587158,279.364227295,123.248153687,83.9611587524,44.2837333679,15.3594303131,2.74942183495,0.978713512421,0.0954452380538,0.0122890835628,0.00473379343748,0.00324709154665,0.0224858745933,0.0173807386309,0.00167670962401,0.000124170939671],"max":[23.5841464996,108.021095276,167.819152832,189.448791504,231.390960693,658.398742676,641.56451416,619.30078125,805.710205078,1616.66003418,934.921508789,641.232910156,1098.34814453,1247.08972168,491.407836914,243.30065918,240.569869995,274.670227051,216.598098755,236.896255493,419.826904297,284.546569824,594.272338867,465.378326416,271.410003662,308.435119629,210.183685303,200.426651001,120.208450317,67.0178527832,24.0615444183,12.7880535126,3.71105217934,1.00994312763,0.616996407509,0.536011695862,1.72142183781,1.32318294048,0.608903586864,0.15626488626],"mean":[1.11105918884,6.19379425049,9.26048469543,8.64970207214,7.6560344696,13.6731719971,18.6019649506,18.428358078,19.1772136688,18.0070533752,22.8477268219,26.0318470001,25.7627048492,25.2890205383,21.6875553131,20.6640472412,27.5030899048,28.2312030792,24.4340171814,26.1951389313,23.6797866821,25.8808803558,26.8015041351,18.7776527405,13.151971817,9.64577198029,6.75384998322,5.53818321228,4.23010730743,2.67873096466,1.34256482124,0.752233862877,0.19985717535,0.0475712753832,0.0281113069504,0.0403072722256,0.126509144902,0.143751636147,0.074710868299,0.0336297266185],"median":[0.495368182659,3.80431604385,5.74745321274,5.42273712158,3.90698885918,4.19018936157,5.56983566284,6.61380386353,6.4505610466,7.49215221405,10.0071620941,12.022808075,10.9224348068,13.6224002838,14.907793045,15.4317626953,21.6685276031,22.1758270264,19.7975749969,19.9689121246,16.774723053,18.1753730774,19.1783313751,12.5643777847,8.83825874329,6.9088640213,4.90132904053,3.95203399658,2.80982017517,1.75436663628,0.875739455223,0.402097284794,0.101631313562,0.0208055190742,0.0112967602909,0.0226455703378,0.0727198198438,0.107988134027,0.0698176026344,0.0327520221472],"min":[2.27510302264e-10,1.66794777989e-9,1.33607547248e-9,4.46252990116e-9,4.15367606976e-9,8.71454552964e-9,4.13338296923e-9,1.43503955385e-8,1.31057857899e-8,1.75389391899e-8,1.311576181e-8,1.7789613338e-8,1.07483240086e-8,2.21387743693e-8,1.63692170929e-8,4.23211545808e-8,7.33941831754e-8,3.21418056615e-8,1.68675491352e-8,1.00068014319e-7,9.36113337957e-8,1.03151052144e-7,1.14578661226e-7,4.16337627485e-7,1.9578341437e-7,1.0976172149e-7,1.21611336112e-7,1.8734185403e-7,2.03759810802e-7,2.9963820225e-7,1.81356782036e-7,2.10404408563e-7,2.54149910006e-7,1.66862108131e-7,1.12836964661e-7,1.17067919803e-7,5.55301085114e-8,1.75510876943e-8,4.82018425174e-9,3.47403716905e-10],"var":[3.20406079292,66.5246810913,125.586395264,104.231140137,175.490982056,976.415649414,1800.85339355,1438.87023926,2307.16723633,1854.82763672,1897.1282959,1979.09606934,2742.97167969,1886.79101562,763.761169434,415.612792969,628.398254395,673.852172852,479.110778809,686.692749023,679.062805176,838.558288574,955.479736328,551.226013184,295.749053955,165.950759888,91.9243164062,69.508430481,38.4672355652,13.1227855682,2.74553442001,1.0196492672,0.0832970514894,0.00611679628491,0.00231594475918,0.00283870869316,0.0260635577142,0.0218584463,0.00374013301916,0.000487903744215]},"erbbands_crest":{"dmean":2.19847416878,"dmean2":3.70093107224,"dvar":5.21809768677,"dvar2":13.7244653702,"max":25.6743469238,"mean":7.19646263123,"median":5.99536943436,"min":2.15902376175,"var":13.9292516708},"erbbands_flatness_db":{"dmean":0.0185981579125,"dmean2":0.0294705871493,"dvar":0.000367011700291,"dvar2":0.00102806475479,"max":0.303482413292,"mean":0.121198393404,"median":0.109714522958,"min":0.0245081298053,"var":0.00196144171059},"erbbands_kurtosis":{"dmean":1.08639073372,"dmean2":1.80356538296,"dvar":16.2273788452,"dvar2":49.5953521729,"max":164.397293091,"mean":1.21450304985,"median":-0.178655862808,"min":-1.72745108604,"var":80.6482315063},"erbbands_skewness":{"dmean":0.363385796547,"dmean2":0.563137352467,"dvar":0.123529903591,"dvar2":0.311342418194,"max":10.9859704971,"mean":0.016225438565,"median":-0.165728271008,"min":-2.42520308495,"var":1.38030064106},"erbbands_spread":{"dmean":7.75842952728,"dmean2":12.6980752945,"dvar":46.0483551025,"dvar2":122.83694458,"max":155.913345337,"mean":38.429233551,"median":37.9313468933,"min":2.65554118156,"var":191.981109619},"gfcc":{"cov":[[25303.8183594,377.991333008,-2405.76049805,-34.7941017151,79.8843231201,-1323.97167969,768.75201416,-315.16885376,529.913635254,-142.571258545,31.4741897583,427.430236816,-81.5905532837],[377.991333008,1307.1151123,183.667297363,-545.357971191,212.189682007,180.4556427,-76.81690979,-27.5301856995,65.3681030273,12.6303768158,123.921569824,-144.555664062,105.712036133],[-2405.76049805,183.667297363,524.816955566,31.8607387543,-23.6113262177,241.117919922,-131.205093384,51.4787445068,-80.6733932495,26.9544887543,3.74659276009,-66.9946594238,11.185968399],[-34.7941017151,-545.357971191,31.8607387543,443.829742432,-47.4840812683,-108.984855652,59.7219619751,-6.31546831131,-48.2251014709,-29.6606693268,-66.6326980591,61.3374900818,-68.7083816528],[79.8843231201,212.189682007,-23.6113262177,-47.4840812683,207.089782715,77.5701141357,29.1288852692,-6.76831960678,31.7369232178,-21.2575302124,21.2575244904,-34.3691978455,14.5610599518],[-1323.97167969,180.4556427,241.117919922,-108.984855652,77.5701141357,325.88269043,-45.4278678894,63.4921951294,-37.2864646912,28.3948192596,14.4790811539,-57.8078231812,37.1428337097],[768.75201416,-76.81690979,-131.205093384,59.7219619751,29.1288852692,-45.4278678894,146.511978149,-26.2445068359,36.9426422119,-34.7951660156,-25.4606304169,31.2305183411,-32.3889579773],[-315.16885376,-27.5301856995,51.4787445068,-6.31546831131,-6.76831960678,63.4921951294,-26.2445068359,112.532302856,16.1601982117,35.9705162048,6.86051511765,-21.3693695068,15.4024457932],[529.913635254,65.3681030273,-80.6733932495,-48.2251014709,31.7369232178,-37.2864646912,36.9426422119,16.1601982117,107.825576782,32.6094589233,20.1871833801,9.17655658722,-18.0540962219],[-142.571258545,12.6303768158,26.9544887543,-29.6606693268,-21.2575302124,28.3948192596,-34.7951660156,35.9705162048,32.6094589233,81.2769241333,45.802280426,0.346727013588,6.90017127991],[31.4741897583,123.921569824,3.74659276009,-66.6326980591,21.2575244904,14.4790811539,-25.4606304169,6.86051511765,20.1871833801,45.802280426,71.9353942871,13.6635141373,21.243188858],[427.430236816,-144.555664062,-66.9946594238,61.3374900818,-34.3691978455,-57.8078231812,31.2305183411,-21.3693695068,9.17655658722,0.346727013588,13.6635141373,87.5229415894,3.16165041924],[-81.5905532837,105.712036133,11.185968399,-68.7083816528,14.5610599518,37.1428337097,-32.3889579773,15.4024457932,-18.0540962219,6.90017127991,21.243188858,3.16165041924,68.4453048706]],"icov":[[0.000124973856146,-0.000615058001131,0.000955040624831,-0.000643718987703,0.000383393431548,-0.000267339433776,0.000221500435146,-0.000209941630601,0.0000228732296819,-0.000193169704289,0.000527105177753,-0.000698928022757,0.00040641092346],[-0.000615058001131,0.0075850696303,-0.00851783528924,0.00757699087262,-0.00403621187434,0.0038938166108,-0.004000633955,0.00318128336221,-0.00256559159607,0.00397218158469,-0.0082611842081,0.0086603667587,-0.00622658012435],[0.000955040624831,-0.00851783528924,0.0161974523216,-0.012001009658,0.00845052674413,-0.00991283077747,0.00850542262197,-0.00174903264269,-0.000836849561892,0.00110994454008,0.00362443435006,-0.00532764848322,0.00638833176345],[-0.000643718987703,0.00757699087262,-0.012001009658,0.0155203053728,-0.0099384682253,0.00982316303998,-0.00732468347996,-0.000946405285504,0.0068159615621,-0.00543256290257,0.00224654236808,-0.000490753329359,0.000272913195658],[0.000383393431548,-0.00403621187434,0.00845052674413,-0.0099384682253,0.0163089651614,-0.0100709693506,0.00353102129884,0.00268802931532,-0.0105565916747,0.0134962592274,-0.010794618167,0.00688048219308,-0.0027179562021],[-0.000267339433776,0.0038938166108,-0.00991283077747,0.00982316303998,-0.0100709693506,0.0139940278605,-0.00721812434494,-0.00345764076337,0.00852293986827,-0.00958020146936,0.00531166372821,-0.00135319936089,-0.00131290208083],[0.000221500435146,-0.004000633955,0.00850542262197,-0.00732468347996,0.00353102129884,-0.00721812434494,0.0174965690821,0.000397492665797,-0.00621713371947,0.00663078948855,0.00292061385699,-0.00562338251621,0.00610087299719],[-0.000209941630601,0.00318128336221,-0.00174903264269,-0.000946405285504,0.00268802931532,-0.00345764076337,0.000397492665797,0.0164054371417,-0.00916615873575,0.00164571823552,-0.00535791181028,0.0103710461408,-0.009426898323],[0.0000228732296819,-0.00256559159607,-0.000836849561892,0.0068159615621,-0.0105565916747,0.00852293986827,-0.00621713371947,-0.00916615873575,0.030326064676,-0.0233519989997,0.0158536676317,-0.0143629293889,0.0138064865023],[-0.000193169704289,0.00397218158469,0.00110994454008,-0.00543256290257,0.0134962592274,-0.00958020146936,0.00663078948855,0.00164571823552,-0.0233519989997,0.0491063892841,-0.0376590155065,0.0175595730543,-0.00713819358498],[0.000527105177753,-0.0082611842081,0.00362443435006,0.00224654236808,-0.010794618167,0.00531166372821,0.00292061385699,-0.00535791181028,0.0158536676317,-0.0376590155065,0.0557574145496,-0.0286440309137,0.00904828682542],[-0.000698928022757,0.0086603667587,-0.00532764848322,-0.000490753329359,0.00688048219308,-0.00135319936089,-0.00562338251621,0.0103710461408,-0.0143629293889,0.0175595730543,-0.0286440309137,0.0383134037256,-0.017993522808],[0.00040641092346,-0.00622658012435,0.00638833176345,0.000272913195658,-0.0027179562021,-0.00131290208083,0.00610087299719,-0.009426898323,0.0138064865023,-0.00713819358498,0.00904828682542,-0.017993522808,0.0326247066259]],"mean":[1.28336441517,88.1935653687,-77.9778671265,8.87726402283,-1.92018091679,-8.55657577515,4.46031951904,-15.1500835419,5.20381546021,-8.30552577972,-5.24703788757,0.0647818148136,-11.839635849]},"hfc":{"dmean":84.0015487671,"dmean2":128.095901489,"dvar":15049.1748047,"dvar2":33069.8476562,"max":1865.53942871,"mean":208.819656372,"median":177.479766846,"min":0.00000152800896558,"var":29101.1113281},"melbands":{"dmean":[0.00871968269348,0.00478939758614,0.00110012840014,0.000600847706664,0.000544626091141,0.000344959960785,0.000215177904465,0.000145924874232,0.00013742558076,0.000112554669613,0.0000942206243053,0.0000702179604559,0.0000447412130598,0.000030799445085,0.0000307654991047,0.0000325490764226,0.0000284061334241,0.0000203716826945,0.0000210253638215,0.0000183832962648,0.0000131656079247,0.0000124483858599,0.0000147346991071,0.0000109671073005,0.00000715625219527,0.00000572986073166,0.00000435723450209,0.00000309396159537,0.00000205798050956,0.00000190331343219,0.00000149436561969,0.00000125154963371,0.0000011752761111,6.72334067531e-7,4.18888333797e-7,3.56942166491e-7,2.34272050648e-7,1.11458547281e-7,4.44365078067e-8,3.35698366882e-8],"dmean2":[0.0144026912749,0.00824887491763,0.00191693194211,0.000956434814725,0.000869416107889,0.000553688732907,0.000343067571521,0.000235361934756,0.000225789495744,0.000181787545444,0.000151973610627,0.00011244766938,0.0000719338786439,0.0000501127906318,0.000051592480304,0.0000543208625459,0.0000467794889119,0.000034149907151,0.0000355557640432,0.0000313523996738,0.00002181166019,0.0000204341758945,0.0000241747438849,0.0000176812482096,0.0000115300153993,0.00000956704479904,0.00000734502509658,0.00000513651184519,0.00000330955617756,0.00000296457960758,0.00000230005821322,0.00000191177809938,0.0000018231754666,0.00000102268234059,6.33341414868e-7,5.33329568952e-7,3.50403126959e-7,1.69907266923e-7,7.17221340096e-8,5.49632126479e-8],"dvar":[0.000198458321393,0.0000510266982019,0.00000217425440496,0.00000178627317382,0.000001382069172,6.06654054991e-7,3.3607699379e-7,1.57814099566e-7,9.37978654747e-8,5.65511477646e-8,5.66450069073e-8,2.80480545456e-8,6.37481267773e-9,2.11808126593e-9,1.77127434942e-9,1.64687297133e-9,1.35613531516e-9,7.07703062819e-10,9.19603559968e-10,8.12670875039e-10,4.29304258809e-10,3.86971593658e-10,5.1769877274e-10,3.98186678074e-10,1.53352788801e-10,1.06027860103e-10,8.46516884367e-11,4.24552823453e-11,2.19220457759e-11,2.26625142263e-11,1.1209750142e-11,6.78214559166e-12,5.3471784292e-12,1.46693063512e-12,4.73602060347e-13,3.597702919e-13,1.55542489695e-13,3.45798354686e-14,5.23729153375e-15,3.42063964298e-15],"dvar2":[0.000493611674756,0.000139116164064,0.00000599813165536,0.0000040518420974,0.00000324842153532,0.00000148985895976,7.64905053074e-7,3.8116385781e-7,2.32490862118e-7,1.41211316418e-7,1.38287461482e-7,7.0231514826e-8,1.55269752611e-8,5.30996713266e-9,4.86341544814e-9,4.35404734489e-9,3.48506579151e-9,1.95191285357e-9,2.55661425363e-9,2.24307328267e-9,1.11344189424e-9,9.79014869174e-10,1.32175026479e-9,9.77202874175e-10,3.61754293188e-10,2.66992400411e-10,2.2400517552e-10,1.1171157055e-10,5.35308464222e-11,5.11595661667e-11,2.55968649054e-11,1.56767793191e-11,1.2550245565e-11,3.35714659197e-12,1.05922052813e-12,7.59253987806e-13,3.36689958682e-13,7.36968537411e-14,1.22839199817e-14,8.08693864369e-15],"max":[0.189232110977,0.0977728813887,0.0282162576914,0.0327141992748,0.0178752094507,0.0125126931816,0.0103995548561,0.0149913774803,0.00742890080437,0.00392325222492,0.00530863320455,0.00539930490777,0.00175472314004,0.000775352527853,0.000707373663317,0.000544286274817,0.000579337123781,0.000421825214289,0.000377131800633,0.000605892331805,0.000376076000975,0.000271436787443,0.0003323169949,0.000712377019227,0.000339293736033,0.000224926305236,0.000259819935309,0.000198289737455,0.000157226473675,0.000127698571305,0.00011483614071,0.000072696711868,0.000049442263844,0.0000307384798361,0.0000127186058307,0.000012623634575,0.00000576313641432,0.00000315188685818,9.48210072238e-7,8.10278208974e-7],"mean":[0.0100166471675,0.0061771296896,0.00146136898547,0.000761775649153,0.000653166847769,0.000429241423262,0.00027993315598,0.000201858245418,0.00018802692648,0.000160957861226,0.000127122722915,0.000103269900137,0.0000746835285099,0.0000560427033633,0.0000563782887184,0.0000595659003011,0.0000519413224538,0.0000384536579077,0.0000373580223823,0.0000339941070706,0.0000250273278652,0.0000240590798057,0.0000294143319479,0.0000213965067815,0.0000144725354403,0.0000109095135485,0.00000814902250568,0.00000577211312702,0.00000418795980295,0.00000388144826502,0.00000298297595691,0.00000242648320636,0.00000211398582906,0.0000012285701132,7.6882116673e-7,6.45166551294e-7,3.84407456977e-7,1.58477845957e-7,5.03418178255e-8,3.42321229141e-8],"median":[0.00543938204646,0.00428123120219,0.00094725121744,0.000281550455838,0.000206264259759,0.000156140769832,0.000094340495707,0.0000865391775733,0.0000821062349132,0.0000716656068107,0.0000516128638992,0.0000522144473507,0.0000481001043227,0.0000394899980165,0.0000436468544649,0.0000457748865301,0.0000397153962695,0.0000302211119561,0.0000273666955763,0.00002386729102,0.0000167223770404,0.0000156986989168,0.0000209315476241,0.0000138817285915,0.00000923491097637,0.00000700415330357,0.00000549475862499,0.00000400703993364,0.00000297200313071,0.00000267686186817,0.00000208837900573,0.00000159257183441,0.00000132729678626,7.89690602687e-7,5.03265709995e-7,3.66329373946e-7,1.9070571966e-7,7.51724940073e-8,2.20382325722e-8,1.22882166664e-8],"min":[3.68748738142e-12,1.33182321508e-12,6.480051413e-13,5.51488976014e-13,1.64193013569e-13,2.9821623144e-13,2.10375553783e-13,1.92244928744e-13,1.02528737182e-13,1.04324440254e-13,5.39248855259e-14,9.58769738948e-14,4.02268787671e-14,1.02441973903e-13,1.50743959958e-13,1.30829998527e-13,4.90192874356e-14,1.47187864924e-14,9.61535403165e-14,1.3789421265e-13,1.08849303811e-13,1.14178821562e-13,7.83947491883e-14,1.4333885912e-13,3.82052760739e-13,1.9521014037e-13,6.98889324234e-14,7.36025891385e-14,7.41633385021e-14,6.91787325666e-14,1.32556089044e-13,1.25934270065e-13,1.45959524848e-13,1.52827932059e-13,1.00271678981e-13,9.374728912e-14,1.47232323989e-13,1.58371606844e-13,2.04491480173e-13,1.1324938925e-13],"var":[0.000189540951396,0.0000501864633407,0.00000276682385447,0.00000248478863796,0.00000184113446267,7.25578047422e-7,4.72167329235e-7,2.09818651342e-7,1.27383785298e-7,7.97071990633e-8,7.12600680686e-8,3.50229605317e-8,1.10962972144e-8,3.91013621481e-9,3.0767628445e-9,3.27072946504e-9,2.59973553796e-9,1.33374322697e-9,1.49974299646e-9,1.41190947822e-9,8.19558421128e-10,7.95129184716e-10,1.08748698935e-9,7.51741280336e-10,3.54985207895e-10,2.02816846651e-10,1.35936151224e-10,6.30481292174e-11,3.58019655589e-11,3.81185777387e-11,2.00593812394e-11,1.29915427374e-11,9.40605059119e-12,2.73223002382e-12,9.30561183665e-13,7.26441259577e-13,2.98490832745e-13,6.04567191123e-14,6.45220698362e-15,3.83740568754e-15]},"melbands_crest":{"dmean":4.77749109268,"dmean2":7.9564371109,"dvar":18.1122055054,"dvar2":48.5672988892,"max":37.4892616272,"mean":19.1567649841,"median":19.0155410767,"min":4.85353708267,"var":31.6726970673},"melbands_flatness_db":{"dmean":0.0444629080594,"dmean2":0.0729228779674,"dvar":0.00127812358551,"dvar2":0.0035690148361,"max":0.670510590076,"mean":0.274306863546,"median":0.248691022396,"min":0.047659534961,"var":0.00909426994622},"melbands_kurtosis":{"dmean":16.2946300507,"dmean2":27.5996417999,"dvar":492.279846191,"dvar2":1337.13427734,"max":528.025268555,"mean":29.0027561188,"median":17.2819404602,"min":-1.38855731487,"var":1771.63122559},"melbands_skewness":{"dmean":1.32502639294,"dmean2":2.18654465675,"dvar":1.54070544243,"dvar2":4.03834152222,"max":18.9002952576,"mean":4.05637454987,"median":3.75755167007,"min":0.052868898958,"var":3.57189178467},"melbands_spread":{"dmean":6.61687421799,"dmean2":11.1751594543,"dvar":59.0260734558,"dvar2":164.446563721,"max":156.921524048,"mean":13.6510791779,"median":11.7281475067,"min":0.274176448584,"var":105.194099426},"mfcc":{"cov":[[16059.5703125,661.308166504,-1796.80310059,1407.05371094,-933.096618652,33.3694152832,-620.110595703,421.677337646,-290.660980225,222.312149048,-182.545303345,65.5538635254,-155.727752686],[661.308166504,1896.91833496,5.88153505325,-456.539703369,260.382446289,96.8929519653,56.7681732178,-87.4120254517,64.2344436646,-10.4378089905,111.187728882,71.1864852905,56.9792289734],[-1796.80310059,5.88153505325,564.346313477,-147.246170044,163.622741699,9.54223632812,110.53401947,-66.7849731445,39.0234413147,-39.8740081787,34.8231735229,-6.38186168671,15.9956130981],[1407.05371094,-456.539703369,-147.246170044,534.590881348,-155.469924927,-0.64599698782,-86.9448242188,90.6371002197,-75.470123291,34.3929252625,-75.5246276855,-26.0513572693,-40.6955909729],[-933.096618652,260.382446289,163.622741699,-155.469924927,266.54776001,39.6053085327,100.751182556,-38.3607444763,58.658821106,-15.6139745712,50.7432479858,14.6955518723,30.6492366791],[33.3694152832,96.8929519653,9.54223632812,-0.64599698782,39.6053085327,150.607681274,48.0144844055,50.2453918457,6.7769317627,6.8410115242,-6.35116386414,10.3775186539,-10.269534111],[-620.110595703,56.7681732178,110.53401947,-86.9448242188,100.751182556,48.0144844055,132.346298218,4.60645484924,39.4751396179,-20.0894794464,12.1795082092,-19.097278595,10.8077297211],[421.677337646,-87.4120254517,-66.7849731445,90.6371002197,-38.3607444763,50.2453918457,4.60645484924,107.2578125,12.9150648117,26.292181015,-26.4315986633,-1.99652266502,-27.0847644806],[-290.660980225,64.2344436646,39.0234413147,-75.470123291,58.658821106,6.7769317627,39.4751396179,12.9150648117,75.2298278809,20.6985912323,25.9645786285,-3.18299818039,2.60168600082],[222.312149048,-10.4378089905,-39.8740081787,34.3929252625,-15.6139745712,6.8410115242,-20.0894794464,26.292181015,20.6985912323,63.4249382019,22.5585269928,18.6970043182,-8.48439598083],[-182.545303345,111.187728882,34.8231735229,-75.5246276855,50.7432479858,-6.35116386414,12.1795082092,-26.4315986633,25.9645786285,22.5585269928,75.4090042114,37.0663032532,24.007598877],[65.5538635254,71.1864852905,-6.38186168671,-26.0513572693,14.6955518723,10.3775186539,-19.097278595,-1.99652266502,-3.18299818039,18.6970043182,37.0663032532,71.2151947021,27.5857810974],[-155.727752686,56.9792289734,15.9956130981,-40.6955909729,30.6492366791,-10.269534111,10.8077297211,-27.0847644806,2.60168600082,-8.48439598083,24.007598877,27.5857810974,55.1191520691]],"icov":[[0.000167199206771,-0.000206505268579,0.000298246945022,-0.000406571489293,0.000303964421619,0.0000460021765321,0.000114975948236,-0.000253659090959,0.0000259274074779,0.000100740391645,-0.000175783221493,-0.000100337383628,0.000132553948788],[-0.000206505268579,0.00105560326483,-0.0000815725506982,0.00106655817945,-0.000991866225377,-0.000714192632586,0.000383929756936,0.000578988168854,0.000047000052291,-0.0000341591075994,-0.000211886217585,0.000155742454808,-0.000228970835451],[0.000298246945022,-0.0000815725506982,0.00315018789843,-0.000679780321661,-0.000360601727152,0.00000404719048674,-0.0012919990113,0.00124544859864,-0.000588044174947,0.00117173430044,-0.000525701267179,-0.0010548994178,0.00154252047651],[-0.000406571489293,0.00106655817945,-0.000679780321661,0.00482811545953,-0.00124678108841,-0.000068380664743,0.00108543562237,-0.00223987246864,0.00410473672673,-0.00323108420707,0.00131503038574,0.002488121856,-0.00163132080343],[0.000303964421619,-0.000991866225377,-0.000360601727152,-0.00124678108841,0.00850097369403,-0.00106513104402,-0.00344495452009,0.00218023965135,-0.00431568175554,0.00205147010274,-0.00143036898226,-0.00229552853853,0.000180969320354],[0.0000460021765321,-0.000714192632586,0.00000404719048674,-0.000068380664743,-0.00106513104402,0.0109160048887,-0.00461287470534,-0.00500224297866,0.00333871226758,-0.00150581286289,0.00199082517065,-0.00352038675919,0.00239451788366],[0.000114975948236,0.000383929756936,-0.0012919990113,0.00108543562237,-0.00344495452009,-0.00461287470534,0.017815027386,-0.00471825199202,-0.00282847834751,0.00463906629011,-0.00421383744106,0.00873762276024,-0.00534121878445],[-0.000253659090959,0.000578988168854,0.00124544859864,-0.00223987246864,0.00218023965135,-0.00500224297866,-0.00471825199202,0.0224181655794,-0.00957637280226,-0.00340730836615,0.0085653681308,-0.00798125006258,0.0066576693207],[0.0000259274074779,0.000047000052291,-0.000588044174947,0.00410473672673,-0.00431568175554,0.00333871226758,-0.00282847834751,-0.00957637280226,0.0296935364604,-0.0120125934482,-0.00550476834178,0.00945183634758,-0.00348676391877],[0.000100740391645,-0.0000341591075994,0.00117173430044,-0.00323108420707,0.00205147010274,-0.00150581286289,0.00463906629011,-0.00340730836615,-0.0120125934482,0.0322713032365,-0.0118946004659,-0.00580154452473,0.00720790261403],[-0.000175783221493,-0.000211886217585,-0.000525701267179,0.00131503038574,-0.00143036898226,0.00199082517065,-0.00421383744106,0.0085653681308,-0.00550476834178,-0.0118946004659,0.0320383533835,-0.0131388576701,-0.00190267548896],[-0.000100337383628,0.000155742454808,-0.0010548994178,0.002488121856,-0.00229552853853,-0.00352038675919,0.00873762276024,-0.00798125006258,0.00945183634758,-0.00580154452473,-0.0131388576701,0.0325886495411,-0.0152421602979],[0.000132553948788,-0.000228970835451,0.00154252047651,-0.00163132080343,0.000180969320354,0.00239451788366,-0.00534121878445,0.0066576693207,-0.00348676391877,0.00720790261403,-0.00190267548896,-0.0152421602979,0.0314970612526]],"mean":[-659.538085938,149.689865112,-10.8470411301,37.0954627991,8.20444488525,25.846616745,1.01887881756,16.2331447601,1.41367137432,9.31610584259,3.34962844849,6.85311031342,-1.56346607208]},"pitch_salience":{"dmean":0.101986594498,"dmean2":0.170861050487,"dvar":0.00725253624842,"dvar2":0.0199603941292,"max":0.821356713772,"mean":0.474185109138,"median":0.486846506596,"min":0.0888672173023,"var":0.0158052332699},"silence_rate_20dB":{"dmean":0.000685988692567,"dmean2":0.0013722126605,"dvar":0.000685522856656,"dvar2":0.0013703481527,"max":1,"mean":0.999314129353,"median":1,"min":0,"var":0.000685405510012},"silence_rate_30dB":{"dmean":0.172526150942,"dmean2":0.345111489296,"dvar":0.14276458323,"dvar2":0.254486203194,"max":1,"mean":0.781721532345,"median":1,"min":0,"var":0.170637831092},"silence_rate_60dB":{"dmean":0.000342994346283,"dmean2":0.000686106330249,"dvar":0.000342878251104,"dvar2":0.0006856417167,"max":1,"mean":0.0594993159175,"median":0,"min":0,"var":0.0559590756893},"spectral_centroid":{"dmean":262.356658936,"dmean2":419.118652344,"dvar":75922.3515625,"dvar2":164739.53125,"max":10414.1396484,"mean":1208.14160156,"median":1149.23095703,"min":107.750419617,"var":407079.6875},"spectral_complexity":{"dmean":3.77259469032,"dmean2":5.80583190918,"dvar":14.5253362656,"dvar2":29.0467700958,"max":58,"mean":24.8034973145,"median":26,"min":0,"var":153.722106934},"spectral_contrast_coeffs":{"dmean":[0.0582936294377,0.0506207123399,0.0370388887823,0.0267079807818,0.0247754510492,0.0332627259195],"dmean2":[0.0979686677456,0.0837437435985,0.0613467395306,0.04558974877,0.0420458987355,0.0519750155509],"dvar":[0.00213362136856,0.00164481601678,0.000880649604369,0.000435299996752,0.000688188709319,0.000887305533979],"dvar2":[0.00601508934051,0.00435760850087,0.00235289963894,0.00123919080943,0.00192401371896,0.0021683878731],"max":[-0.404657661915,-0.468396127224,-0.581914961338,-0.648294746876,-0.686519265175,-0.475443601608],"mean":[-0.686169207096,-0.775116443634,-0.808075070381,-0.815197706223,-0.817231833935,-0.72333574295],"median":[-0.686679720879,-0.779523849487,-0.810823142529,-0.813948810101,-0.807881772518,-0.698576927185],"min":[-0.9659075737,-0.968975663185,-0.968979656696,-0.970441579819,-0.972625553608,-0.960377752781],"var":[0.00512999575585,0.00445691216737,0.00303705106489,0.0014812129084,0.00209128390998,0.00811808742583]},"spectral_contrast_valleys":{"dmean":[0.429134100676,0.381916046143,0.307516157627,0.254070341587,0.317652523518,0.542480349541],"dmean2":[0.690974235535,0.608008384705,0.49631524086,0.415133565664,0.515152037144,0.83926576376],"dvar":[0.142830684781,0.119827061892,0.0881550759077,0.0805497244,0.188199266791,0.227487683296],"dvar2":[0.315854907036,0.262175142765,0.1873729527,0.166013881564,0.488250225782,0.573980331421],"max":[-4.71755647659,-4.58222913742,-5.34492111206,-5.54628658295,-5.43306446075,-8.89238452911],"mean":[-6.67911815643,-6.72357177734,-7.15079832077,-7.33834218979,-7.60849094391,-11.0211620331],"median":[-6.36709594727,-6.37494468689,-6.76329708099,-6.86800289154,-6.96849441528,-10.7504758835],"min":[-26.7929096222,-27.2126846313,-27.278924942,-27.1852493286,-27.1484222412,-27.1797733307],"var":[2.327252388,2.59386515617,2.57704901695,2.64830708504,2.91145706177,1.60505127907]},"spectral_decrease":{"dmean":1.01986730172e-8,"dmean2":1.64149334125e-8,"dvar":2.03890663927e-16,"dvar2":4.88789520757e-16,"max":1.38446045739e-8,"mean":-1.45829801568e-8,"median":-9.81099912423e-9,"min":-1.83144422294e-7,"var":2.46593102044e-16},"spectral_energy":{"dmean":0.0397392697632,"dmean2":0.0639294162393,"dvar":0.0030339488294,"dvar2":0.00726891867816,"max":0.73482131958,"mean":0.0739800557494,"median":0.0560219883919,"min":1.80911660652e-10,"var":0.00405907351524},"spectral_energyband_high":{"dmean":0.00035106370342,"dmean2":0.000496941676829,"dvar":2.80156143617e-7,"dvar2":5.93800507431e-7,"max":0.0143676428124,"mean":0.00128950783983,"median":0.00117221660912,"min":1.03731516432e-10,"var":0.00000127019950469},"spectral_energyband_low":{"dmean":0.0351609587669,"dmean2":0.0579795464873,"dvar":0.00267131510191,"dvar2":0.00661150552332,"max":0.697212696075,"mean":0.0465845689178,"median":0.0298352390528,"min":1.94602788745e-11,"var":0.00283293658867},"spectral_energyband_middle_high":{"dmean":0.00152746844105,"dmean2":0.00232182908803,"dvar":0.00000450646894024,"dvar2":0.0000103178163045,"max":0.0417402163148,"mean":0.0051225037314,"median":0.00462348852307,"min":1.89404984752e-11,"var":0.0000152306311065},"spectral_energyband_middle_low":{"dmean":0.00623211963102,"dmean2":0.00978325400501,"dvar":0.0000721414908185,"dvar2":0.000164126540767,"max":0.132162883878,"mean":0.0118896644562,"median":0.00730146374553,"min":6.9844022059e-12,"var":0.000157638540259},"spectral_entropy":{"dmean":0.16673079133,"dmean2":0.269538789988,"dvar":0.0377390123904,"dvar2":0.109845168889,"max":9.80599117279,"mean":7.57622003555,"median":7.74357414246,"min":4.41061687469,"var":0.32336217165},"spectral_flux":{"dmean":0.0498369336128,"dmean2":0.0822471231222,"dvar":0.00351849105209,"dvar2":0.0082200486213,"max":0.574602365494,"mean":0.154027476907,"median":0.144227549434,"min":0.0000275774164038,"var":0.00827597733587},"spectral_kurtosis":{"dmean":5.52157211304,"dmean2":8.91794776917,"dvar":118.799003601,"dvar2":335.609008789,"max":130.958770752,"mean":18.2683105469,"median":13.7943792343,"min":-1.18623280525,"var":231.314300537},"spectral_rms":{"dmean":0.00199310318567,"dmean2":0.00312046008185,"dvar":0.00000486838780489,"dvar2":0.0000109716665975,"max":0.0267749670893,"mean":0.00775319803506,"median":0.0073929419741,"min":4.20118055899e-7,"var":0.0000120635595522},"spectral_rolloff":{"dmean":6219.15234375,"dmean2":11788.5664062,"dvar":69272376,"dvar2":152140048,"max":22050,"mean":9125.984375,"median":2411.71875,"min":21.533203125,"var":95327088},"spectral_skewness":{"dmean":0.399176239967,"dmean2":0.641089439392,"dvar":0.437475770712,"dvar2":1.26099741459,"max":9.14662361145,"mean":2.84135580063,"median":2.46734333038,"min":0.0555017478764,"var":1.41806566715},"spectral_spread":{"dmean":475416.25,"dmean2":755905.1875,"dvar":362080370688,"dvar2":733955424256,"max":39418004,"mean":4379939.5,"median":4325216,"min":1479680.375,"var":1440840024060},"spectral_strongpeak":{"dmean":5.40173912048,"dmean2":10.3014211655,"dvar":454.123779297,"dvar2":1251.45690918,"max":201.780059814,"mean":3.39607620239,"median":0.369934856892,"min":0,"var":283.598388672},"zerocrossingrate":{"dmean":0.0482154078782,"dmean2":0.0611985586584,"dvar":0.00178566819523,"dvar2":0.00284317531623,"max":0.6875,"mean":0.228585958481,"median":0.220703125,"min":0.01806640625,"var":0.00833421573043}},"metadata":{"audio_properties":{"analysis_sample_rate":44100,"bit_rate":204322,"codec":"mp3","downmix":"mix","equal_loudness":0,"length":135.393722534,"lossless":false,"md5_encoded":"4772ab304da54222a89047549997c266","replay_gain":-1.09433555603,"sample_rate":44100},"tags":{"acoustid_id":["322e1587-6025-4083-814a-5b512ea9d7ca"],"album":["In My Head"],"albumartist":["Black Flag"],"albumartistsort":["Black Flag"],"artist":["Black Flag"],"artists":["Black Flag"],"artistsort":["Black Flag"],"asin":["B000000M0F"],"barcode":["018861004525"],"catalognumber":["SST CD 045"],"date":["1993-05-01"],"file_name":"06 - Out of this World.mp3","label":["SST Records"],"media":["CD"],"musicbrainz album release country":["US"],"musicbrainz album status":["official"],"musicbrainz album type":["album"],"musicbrainz release track id":["dda8cd03-494e-3187-a329-b5fca4f2bd1c"],"musicbrainz_albumartistid":["9941a936-196a-4a62-ae53-a69cbc33f20e"],"musicbrainz_albumid":["d1050ce1-b246-4fd5-9bd1-ec3c56473243"],"musicbrainz_artistid":["9941a936-196a-4a62-ae53-a69cbc33f20e"],"musicbrainz_recordingid":["63ea0445-aa6f-4fc3-b424-c2a22614e527"],"musicbrainz_releasegroupid":["46d32ab1-a694-3243-be78-5bcfb5597564"],"musicbrainz_workid":["7c552958-8b9b-4fc1-b3a4-a04353135256"],"originaldate":["1985"],"performer:background vocals":["Kira Roessler","Henry Rollins"],"performer:bass":["Kira Roessler"],"performer:drums":["Bill Stevenson"],"performer:guitar":["Greg Ginn"],"performer:vocals":["Henry Rollins"],"script":["Latn"],"title":["Out of this World"],"tracknumber":["6/12"],"work":["Out of this World"],"writer":["Kira Roessler","Bill Stevenson"]},"version":{"essentia":"2.1-beta1","essentia_build_sha":"ca57ba49d9b1854bd80e60cf9ccf267278fb7d6b","essentia_git_sha":"v2.1_beta1-28-g21ef5f4-dirty","extractor":"music 1.0"}},"rhythm":{"beats_count":248,"beats_loudness":{"dmean":0.0364204421639,"dmean2":0.0619954839349,"dvar":0.00134150555823,"dvar2":0.00425760215148,"max":0.263224959373,"mean":0.0923058763146,"median":0.0928115993738,"min":4.17747081372e-9,"var":0.00299002532847},"beats_loudness_band_ratio":{"dmean":[