{"lowlevel":{"average_loudness":0.665384113789,"barkbands":{"dmean":[0.0000692618268658,0.00222926959395,0.000994637841359,0.00056477234466,0.00171607441735,0.000841284811031,0.000820571149234,0.000774529005866,0.00079557672143,0.000424157537054,0.000357408105629,0.000288743613055,0.000282821623841,0.000219858658966,0.000266891205683,0.0001911806321,0.000243931062869,0.000185035256436,0.000144932113471,0.000081216210674,0.0000574889454583,0.0000710498788976,0.000074597519415,0.0000494720079587,0.0000216227927012,0.0000175441455212,7.02970908151e-7],"dmean2":[0.0001160595275,0.00374296167865,0.00169380370062,0.00094056816306,0.00286198314279,0.00136430794373,0.00135006930213,0.0011742010247,0.0011555183446,0.000634138123132,0.000531511264853,0.000418977055233,0.000430932588642,0.000335174845532,0.000400651217205,0.000287666189251,0.000368222594261,0.000275615835562,0.000219328736421,0.000121938959637,0.0000862558808876,0.000104423103039,0.000110830587801,0.0000759917602409,0.0000319809441862,0.0000276241153188,0.00000124729638173],"dvar":[3.9149544051e-8,0.0000437680610048,0.00000548923435417,9.87888029158e-7,0.0000128640895127,0.00000332079366672,0.00000457546002508,0.00000456090674561,0.00000447277625426,0.0000018641612769,0.00000220387141781,0.00000140074359933,0.00000100932902569,4.70559058385e-7,6.5121400894e-7,5.17789260357e-7,4.81743597902e-7,4.51161696446e-7,1.18685036909e-7,3.74420032756e-8,1.96070306657e-8,4.42563710124e-8,5.29409796002e-8,3.78185376348e-8,6.21029982995e-9,3.54435081285e-9,7.38696430413e-12],"dvar2":[9.86776740319e-8,0.000113334695925,0.0000154344361363,0.00000271797466667,0.0000350909358531,0.00000829996588436,0.0000121052889881,0.0000097212541732,0.00000934128547669,0.00000355884958481,0.00000414245459979,0.00000269058682534,0.00000216516286855,9.54077449933e-7,0.00000139383496389,0.00000112432985588,9.64210357779e-7,9.58566488407e-7,2.57860875763e-7,8.352107983e-8,4.23144683737e-8,9.95006743665e-8,1.16909234293e-7,8.65591971433e-8,1.27206680745e-8,8.63861515654e-9,2.07943055136e-11],"max":[0.00247116666287,0.0738722831011,0.0385860875249,0.0149885332212,0.068684220314,0.0634875223041,0.0379388853908,0.0571055077016,0.0637094154954,0.0587614551187,0.0610816925764,0.0446208789945,0.0461783669889,0.0196272600442,0.019570806995,0.0421946160495,0.0210535787046,0.0280879624188,0.0103008728474,0.00372093101032,0.00425485242158,0.0104341479018,0.00638880534098,0.0063841403462,0.00352977006696,0.000883894099388,0.0000768839017837],"mean":[0.0000694224945619,0.00261994381435,0.00127248908393,0.000807672506198,0.00262481416576,0.00141053448897,0.00110873987433,0.00133484310936,0.00140353827737,0.000707474770024,0.000646144908387,0.000465170276584,0.000398884585593,0.000332777679432,0.00040263964911,0.000294817204122,0.000416533788666,0.000315051991493,0.000259436987108,0.00012387028255,0.0000849663192639,0.000103578662674,0.0000985398437479,0.0000558500505576,0.0000271656736004,0.000017714137357,4.82119048684e-7],"median":[0.0000146380070873,0.00129185384139,0.000611874391325,0.0004316252016,0.001186106354,0.000477412017062,0.000360416743206,0.000395929557271,0.000429014442489,0.000213494582567,0.0000719535164535,0.0000556666745979,0.000125494145323,0.0000625573229627,0.0000762113122619,0.0000468197831651,0.0000762316631153,0.0000410436296079,0.0000554679427296,0.0000366587519238,0.0000184244872798,0.0000206186723517,0.0000178234186023,0.00000787020690041,0.00000548070511286,0.00000160316176334,1.00322461449e-8],"min":[1.60112289588e-23,1.00491135315e-22,1.19054761598e-22,5.49416313829e-23,4.96528869932e-23,3.67469711225e-23,4.3747206044e-23,2.50552967784e-23,7.1017960299e-23,3.73471017893e-23,1.99530249072e-23,5.99506835608e-23,4.62136837938e-23,1.59901600617e-22,8.28058772513e-23,1.19173595605e-22,1.36416176483e-22,2.52755073001e-22,2.6997518712e-22,4.07549954149e-22,4.56104330244e-22,5.41957539306e-22,6.42391523227e-22,8.42809600538e-22,1.05435013699e-21,1.50511167009e-21,2.46639490049e-21],"var":[3.52978943852e-8,0.0000348213688994,0.00000449077379017,0.00000124695043269,0.0000172051222762,0.0000072117363743,0.00000567801134821,0.0000121777457025,0.0000116224300655,0.00000483098392579,0.00000770856513554,0.00000388099761039,0.00000152722657276,0.00000123783991057,0.00000145089848047,9.33946807891e-7,0.00000125036456211,0.00000106018865154,3.01349700749e-7,6.30810603752e-8,3.17770414426e-8,6.8497662653e-8,7.97300856448e-8,4.66079121964e-8,8.91051321616e-9,3.66817465292e-9,4.5874176853e-12]},"barkbands_crest":{"dmean":2.74647402763,"dmean2":4.4609837532,"dvar":6.8086476326,"dvar2":17.1070919037,"max":26.4543800354,"mean":9.65997028351,"median":8.75795555115,"min":2.50966882706,"var":16.665687561},"barkbands_flatness_db":{"dmean":0.0286275371909,"dmean2":0.0394665934145,"dvar":0.000833405763842,"dvar2":0.00155013659969,"max":0.437438338995,"mean":0.153733476996,"median":0.142616584897,"min":0.0230031833053,"var":0.00369706982747},"barkbands_kurtosis":{"dmean":3.3423769474,"dmean2":5.28929233551,"dvar":40.8144111633,"dvar2":98.5195770264,"max":195.338699341,"mean":4.5208530426,"median":2.26485776901,"min":-1.91308689117,"var":70.1307525635},"barkbands_skewness":{"dmean":0.604138553143,"dmean2":0.924955308437,"dvar":0.455214232206,"dvar2":1.02784097195,"max":10.9644260406,"mean":1.45874667168,"median":1.37436318398,"min":-11.0726175308,"var":1.33095705509},"barkbands_spread":{"dmean":5.94250822067,"dmean2":9.05855369568,"dvar":56.5082206726,"dvar2":127.200424194,"max":128.063110352,"mean":18.267326355,"median":15.6940031052,"min":0.521577239037,"var":153.964172363},"dissonance":{"dmean":0.0263845063746,"dmean2":0.0432303659618,"dvar":0.000794164603576,"dvar2":0.00199288269505,"max":0.500000059605,"mean":0.448155522346,"median":0.460689306259,"min":0.123411871493,"var":0.00193798029795},"dynamic_complexity":5.08358955383,"erbbands":{"dmean":[0.0674069672823,0.501895546913,1.11076414585,1.49931931496,3.37768602371,6.74545431137,7.47898721695,6.84063720703,11.1636104584,12.9928016663,16.8025283813,18.1891841888,12.341668129,13.0146522522,12.5012750626,11.3868093491,12.4861268997,10.5587682724,11.5671157837,12.4911651611,9.37439155579,12.601017952,10.9113197327,7.06898975372,6.44909000397,3.58913302422,2.55718159676,2.23664855957,2.4645755291,2.36102628708,2.22886800766,1.32633054256,0.619026243687,0.296253740788,0.134036630392,0.130620017648,0.0160091966391,0.00195257575251,0.0000908657602849,0.0000142701501318],"dmean2":[0.113705217838,0.850304782391,1.91309571266,2.48382377625,5.81919813156,11.1665019989,11.982588768,11.2111158371,18.4646511078,20.2124156952,25.0642814636,26.1811161041,18.5957050323,19.1791496277,18.4159126282,16.14270401,18.7297363281,15.9204740524,17.1740970612,17.9964771271,13.7971725464,18.3952140808,15.9905633926,10.7251396179,9.6866941452,5.34085798264,3.84031414986,3.32661509514,3.62878298759,3.47559142113,3.36636447906,2.03292298317,0.946727216244,0.438422828913,0.202631756663,0.205881983042,0.0251855310053,0.0031966464594,0.000155359099153,0.0000228494627663],"dvar":[0.0439995639026,2.18734908104,8.36533260345,6.35035991669,71.2446517944,193.064620972,207.763519287,281.969848633,892.8046875,985.56628418,2544.74267578,2037.38525391,1646.97937012,2299.97802734,2456.55639648,2346.4699707,1736.27978516,1039.09899902,1129.50439453,1627.3684082,1292.63562012,1282.13269043,1591.58276367,319.504058838,280.575195312,69.1599960327,37.8454742432,32.9795379639,51.8727493286,55.8712043762,51.4851875305,29.2502632141,6.00914287567,1.28415930271,0.215103387833,0.234166964889,0.00177964486647,0.0000256165185419,1.14611516722e-7,1.46391954114e-9],"dvar2":[0.113614521921,5.79335403442,23.6188354492,17.2793369293,206.043304443,512.073181152,498.151794434,717.479309082,2387.1394043,2133.99243164,5655.36669922,4189.34375,3358.91308594,4442.79150391,4829.32177734,4598.31152344,3697.51245117,2256.18896484,2325.43920898,3196.88745117,2873.69213867,2477.15917969,3468.40527344,689.447570801,628.874755859,149.577362061,80.692489624,71.5815200806,114.058876038,125.05997467,117.41985321,69.2156066895,13.5090045929,2.59549880028,0.480091929436,0.572746038437,0.00431244168431,0.0000653303577565,3.20999390624e-7,4.06262845587e-9],"max":[1.98617041111,18.5388717651,49.9121437073,32.733215332,186.398864746,218.502655029,249.516021729,664.748046875,645.323242188,1112.17028809,1413.02075195,1448.13684082,1542.45532227,1851.20373535,2057.89624023,1751.11376953,2074.63061523,848.199035645,944.227050781,1475.5513916,2589.47290039,1195.3125,1883.87744141,574.954467773,517.837463379,187.490524292,108.751441956,238.813568115,320.659240723,407.194488525,212.099334717,159.005935669,92.3088684082,52.1023216248,15.0784511566,7.72284698486,0.683746695518,0.0669157132506,0.0122835719958,0.00116611609701],"mean":[0.071984834969,0.600091218948,1.43519544601,2.27526497841,4.49540042877,9.72992992401,12.5584993362,11.1238145828,15.7493267059,22.0147190094,30.732334137,33.2361488342,21.6482906342,24.6826896667,22.8484382629,20.2785873413,19.4805374146,16.9728660583,18.4373054504,20.3050689697,16.4957370758,23.3741264343,20.5274200439,12.8845024109,11.3423252106,5.80698728561,3.89047598839,3.32194709778,3.55335998535,3.38519120216,2.82988071442,1.52225506306,0.72634768486,0.377958863974,0.158181652427,0.134614229202,0.0155886849388,0.00167421926744,0.000077067707025,0.0000259819498751],"median":[0.0295275170356,0.287824392319,0.704624056816,1.35911285877,2.25194835663,4.00330877304,4.49740791321,4.01282835007,5.37377262115,8.61475276947,9.80261611938,11.8374576569,7.61075735092,4.58774185181,3.64814543724,3.41234970093,6.4271903038,3.91177129745,4.05681800842,3.64787435532,3.00275874138,4.05357074738,2.97631502151,2.63100767136,2.64283919334,1.84873795509,1.03930068016,0.675320148468,0.698699831963,0.607712626457,0.488546311855,0.212038055062,0.114504724741,0.0723305046558,0.0297551136464,0.0111195454374,0.00194769527297,0.000166899219039,0.0000151306994667,0.0000156781879923],"min":[3.28804495438e-21,2.20335033478e-20,1.07490640723e-19,2.05641339581e-19,1.05875977705e-19,1.20367884769e-19,4.49378947563e-19,3.12124842673e-19,5.59255312882e-19,4.69165883297e-19,8.77542263377e-19,1.8680742965e-18,1.12253010316e-18,1.06064758416e-18,1.09159654678e-18,2.50296746989e-18,2.46988252013e-18,3.96206113087e-18,8.90514109743e-18,5.4722580101e-18,5.75556116604e-18,8.83461567841e-18,1.27055140611e-17,1.22461666049e-17,1.67200134798e-17,1.72663067174e-17,2.22033275859e-17,1.49258223352e-17,1.8480632672e-17,2.0313914718e-17,2.01188473316e-17,1.6219517924e-17,1.42376510789e-17,1.19696467436e-17,7.69006158125e-18,5.94296017459e-18,2.4624428577e-18,1.20221179118e-18,3.60251890922e-19,3.57508979397e-20],"var":[0.0346028245986,1.6895968914,6.3668179512,8.08505344391,63.6121635437,268.756134033,477.450531006,508.884307861,1150.60180664,2559.86621094,6344.26367188,5312.78857422,3934.22924805,9160.92285156,7212.23583984,6555.77197266,3005.56640625,2605.81079102,2710.71923828,4052.74853516,2608.96142578,3819.63330078,3998.16943359,798.883789062,606.278076172,125.945899963,63.9110908508,52.0158233643,80.005859375,85.0500106812,72.3391113281,34.8887405396,7.56377983093,1.91210174561,0.271052151918,0.240952447057,0.0018965236377,0.0000223402330448,7.43786117141e-8,1.36549360708e-9]},"erbbands_crest":{"dmean":2.8081138134,"dmean2":4.40057229996,"dvar":7.05671072006,"dvar2":16.7623252869,"max":32.2233314514,"mean":9.80854701996,"median":8.6336145401,"min":2.23336076736,"var":22.8505535126},"erbbands_flatness_db":{"dmean":0.0261424668133,"dmean2":0.0349058881402,"dvar":0.000706609338522,"dvar2":0.00126056862064,"max":0.486427217722,"mean":0.177043616772,"median":0.168932050467,"min":0.0251051113009,"var":0.00332730333321},"erbbands_kurtosis":{"dmean":1.35879826546,"dmean2":2.15235567093,"dvar":6.90522527695,"dvar2":17.3648471832,"max":86.0908126831,"mean":0.988689959049,"median":0.104074954987,"min":-1.81562399864,"var":10.0445232391},"erbbands_skewness":{"dmean":0.443714559078,"dmean2":0.665764272213,"dvar":0.19816441834,"dvar2":0.457086235285,"max":7.69599103928,"mean":0.588421106339,"median":0.575716555119,"min":-4.27428197861,"var":0.68233948946},"erbbands_spread":{"dmean":9.09096622467,"dmean2":13.606379509,"dvar":112.607749939,"dvar2":250.842895508,"max":150.711929321,"mean":34.3019180298,"median":31.7533130646,"min":1.32313621044,"var":353.035552979},"gfcc":{"cov":[[17209.2109375,-501.923797607,-418.228912354,1124.83691406,-255.711395264,213.594833374,-377.027801514,184.510772705,-342.772125244,25.2042980194,-10.6501264572,448.424499512,-68.0575256348],[-501.923797607,1323.81054688,44.4837150574,-68.9140548706,291.352783203,-114.547134399,159.672027588,-73.5311813354,87.6834259033,-115.710945129,73.283454895,-146.150009155,53.793548584],[-418.228912354,44.4837150574,974.000976562,265.546539307,74.9085617065,145.331817627,34.1254425049,-16.8867969513,-31.4478321075,64.5464935303,-45.0566444397,44.4717216492,-26.9499454498],[1124.83691406,-68.9140548706,265.546539307,777.665527344,79.2129974365,77.3322372437,-36.5941810608,-32.8904151917,6.84740877151,-20.1925086975,30.6972560883,107.778457642,68.3788528442],[-255.711395264,291.352783203,74.9085617065,79.2129974365,358.565856934,2.42596292496,78.0208282471,35.4489517212,55.5838012695,1.69170999527,7.56159830093,-17.0784168243,13.3878068924],[213.594833374,-114.547134399,145.331817627,77.3322372437,2.42596292496,236.357254028,67.0903015137,34.0060806274,-17.6754417419,31.7078914642,5.59053134918,31.6606292725,-9.71472740173],[-377.027801514,159.672027588,34.1254425049,-36.5941810608,78.0208282471,67.0903015137,236.285888672,36.3714752197,29.3644332886,10.7296705246,22.9640445709,-28.521697998,-17.622461319],[184.510772705,-73.5311813354,-16.8867969513,-32.8904151917,35.4489517212,34.0060806274,36.3714752197,158.596038818,35.9976539612,27.4105987549,3.2061111927,-1.34935212135,-18.6909618378],[-342.772125244,87.6834259033,-31.4478321075,6.84740877151,55.5838012695,-17.6754417419,29.3644332886,35.9976539612,160.970169067,23.6028690338,-9.52162075043,-45.7279510498,-6.17690896988],[25.2042980194,-115.710945129,64.5464935303,-20.1925086975,1.69170999527,31.7078914642,10.7296705246,27.4105987549,23.6028690338,116.818443298,-3.12054038048,2.06071925163,-28.2394008636],[-10.6501264572,73.283454895,-45.0566444397,30.6972560883,7.56159830093,5.59053134918,22.9640445709,3.2061111927,-9.52162075043,-3.12054038048,113.582611084,27.9801197052,19.541311264],[448.424499512,-146.150009155,44.4717216492,107.778457642,-17.0784168243,31.6606292725,-28.521697998,-1.34935212135,-45.7279510498,2.06071925163,27.9801197052,142.320098877,34.3424491882],[-68.0575256348,53.793548584,-26.9499454498,68.3788528442,13.3878068924,-9.71472740173,-17.622461319,-18.6909618378,-6.17690896988,-28.2394008636,19.541311264,34.3424491882,104.977470398]],"icov":[[0.000094039911346,-0.00013232701167,0.000149222862092,-0.000203290139325,0.000111371016828,-0.0000981096891337,0.000155368485139,-0.000237577361986,0.000253302045166,-0.000174715867615,0.000220045025344,-0.000287981994916,0.000281154148979],[-0.00013232701167,0.00180460186675,-0.000591744494159,0.000572458375245,-0.00119155470748,0.000727003265638,-0.000923474843148,0.00118923874106,-0.00087836390594,0.00169050111435,-0.00165170943365,0.0018385782605,-0.00115030212328],[0.000149222862092,-0.000591744494159,0.00170030654408,-0.000834719801787,0.000138115268783,-0.00085937383119,0.000277478684438,-0.000245360337431,0.000923921994399,-0.00132380181458,0.00136983476114,-0.000917668396141,0.00102940702345],[-0.000203290139325,0.000572458375245,-0.000834719801787,0.00229066587053,-0.000780117872637,-0.000186735851457,0.0000082297838162,0.00106011354364,-0.00134265329689,0.001200165716,-0.00110987725202,-0.000191637678654,-0.00134601187892],[0.000111371016828,-0.00119155470748,0.000138115268783,-0.000780117872637,0.00417560059577,0.0000164239554579,-0.00045320726349,-0.00147049338557,-0.000129013031255,-0.000977425021119,0.00105416728184,-0.000914643285796,0.000189961618162],[-0.0000981096891337,0.000727003265638,-0.00085937383119,-0.000186735851457,0.0000164239554579,0.00603283755481,-0.0022032589186,-0.000550324446522,0.000424181082053,-0.000323889456922,-0.000512092956342,0.0000219836983888,-0.000420816504629],[0.000155368485139,-0.000923474843148,0.000277478684438,0.0000082297838162,-0.00045320726349,-0.0022032589186,0.00619104551151,-0.00117393140681,0.00000533833281224,-0.00048459568643,-0.000587289338,-0.0000605298228038,0.00132307095919],[-0.000237577361986,0.00118923874106,-0.000245360337431,0.00106011354364,-0.00147049338557,-0.000550324446522,-0.00117393140681,0.00858899205923,-0.0024803862907,0.000257560459431,-0.00137469079345,0.000514340703376,-0.0000371787537006],[0.000253302045166,-0.00087836390594,0.000923921994399,-0.00134265329689,-0.000129013031255,0.000424181082053,0.00000533833281224,-0.0024803862907,0.00906586367637,-0.0029395937454,0.0016454559518,0.00145489710849,0.000301464548102],[-0.000174715867615,0.00169050111435,-0.00132380181458,0.001200165716,-0.000977425021119,-0.000323889456922,-0.00048459568643,0.000257560459431,-0.0029395937454,0.0121197057888,-0.00206663459539,0.00064337940421,0.00121957017109],[0.000220045025344,-0.00165170943365,0.00136983476114,-0.00110987725202,0.00105416728184,-0.000512092956342,-0.000587289338,-0.00137469079345,0.0016454559518,-0.00206663459539,0.0118137616664,-0.00364916003309,0.0000740399846109],[-0.000287981994916,0.0018385782605,-0.000917668396141,-0.000191637678654,-0.000914643285796,0.0000219836983888,-0.0000605298228038,0.000514340703376,0.00145489710849,0.00064337940421,-0.00364916003309,0.0123031130061,-0.00412639882416],[0.000281154148979,-0.00115030212328,0.00102940702345,-0.00134601187892,0.000189961618162,-0.000420816504629,0.00132307095919,-0.0000371787537006,0.000301464548102,0.00121957017109,0.0000740399846109,-0.00412639882416,0.0132728489116]],"mean":[-65.4098968506,108.355003357,-120.307502747,27.2203674316,-64.1682891846,9.48476982117,-39.1263694763,10.5638866425,-19.5798225403,0.455203533173,-15.3938083649,-2.81349730492,-12.4491624832]},"hfc":{"dmean":5.1244802475,"dmean2":7.06258678436,"dvar":74.222076416,"dvar2":139.073730469,"max":159.499282837,"mean":13.9563350677,"median":6.67734479904,"min":1.12531490181e-16,"var":328.11618042},"melbands":{"dmean":[0.000612257455941,0.000594855402596,0.000295550067676,0.000356184376869,0.000277112587355,0.000153855246026,0.000171125371708,0.000145782832988,0.000150713021867,0.000104866754555,0.000060980055423,0.0000531289224455,0.000045251679694,0.0000317766316584,0.000035947366996,0.0000219175526581,0.0000215968666453,0.0000190588689293,0.0000202396058739,0.0000155721081683,0.0000112545758384,0.0000132238737933,0.000015141122276,0.00000769095277064,0.00000599437680648,0.0000056851536101,0.0000037427200823,0.00000228529802371,0.00000175362288246,0.00000143976899381,0.00000132659044993,0.00000139753922213,0.000001534201715,0.00000127765440538,0.00000137411939249,9.71816689344e-7,8.46284024192e-7,4.97002190514e-7,3.21591357988e-7,2.28751233067e-7],"dmean2":[0.00102884636726,0.00101047370117,0.000491319631692,0.000603955762926,0.000443032884505,0.000250916811638,0.000282968074316,0.000224982999498,0.000223084542085,0.000151405125507,0.000092069603852,0.0000790271224105,0.000066569315095,0.0000454494620499,0.000053124531405,0.0000333488897013,0.000032854044548,0.0000289315448754,0.0000300076026178,0.0000234147119045,0.0000166990357684,0.0000195820757654,0.0000223155202548,0.0000113807500384,0.00000931159138418,0.00000863326113176,0.00000568125051359,0.00000346145475305,0.00000267336008619,0.00000219671096602,0.00000199759506359,0.00000209955760511,0.00000232163597502,0.00000190394382571,0.00000209497966353,0.00000149605432398,0.00000132747913995,7.7913585983e-7,4.86729049953e-7,3.41303831419e-7],"dvar":[0.00000345140074387,0.00000269781298812,2.76314978009e-7,6.63088712827e-7,2.56090544326e-7,1.29441360741e-7,2.05841004686e-7,1.27494089952e-7,1.89808631035e-7,6.94075410479e-8,4.28535749109e-8,3.83898637324e-8,3.49226212393e-8,1.65764291182e-8,1.97252170153e-8,5.19541432098e-9,4.72942884855e-9,3.53545659415e-9,4.671267817e-9,3.25366245058e-9,1.74102365857e-9,1.48891077245e-9,2.28403185254e-9,9.89294535181e-10,2.26496654765e-10,2.19580159611e-10,1.05345857038e-10,2.90635293609e-11,1.85004095377e-11,1.35030294238e-11,1.19281398994e-11,1.70407386119e-11,2.61608269769e-11,1.58886723223e-11,1.98836953846e-11,1.45935520612e-11,1.26770790046e-11,3.86101784225e-12,2.32962846063e-12,7.39791149347e-13],"dvar2":[0.00000887324040377,0.00000743439750295,7.65483207488e-7,0.00000186960744486,6.17366538336e-7,3.2809964523e-7,5.51056643872e-7,2.67123425601e-7,4.16800133962e-7,1.43821793586e-7,8.65295746166e-8,7.47605142237e-8,6.60349428472e-8,3.10326022657e-8,3.87570082694e-8,1.07683932882e-8,1.03831556686e-8,7.27791071853e-9,9.72978764224e-9,7.03241376243e-9,3.72538888627e-9,3.05952285728e-9,4.63531391048e-9,2.26252150348e-9,5.07366482161e-10,4.8520454321e-10,2.42556724706e-10,6.42471631451e-11,4.06053836388e-11,3.03327710172e-11,2.65119419474e-11,3.76623975062e-11,6.44986009046e-11,3.45084759379e-11,4.59892748883e-11,3.44585436574e-11,3.08194025855e-11,9.1799406618e-12,5.21303096176e-12,1.55706925218e-12],"max":[0.0179689992219,0.025174934417,0.0093600936234,0.016313072294,0.00782914273441,0.0136937005445,0.00861789938062,0.0116235427558,0.0124226044863,0.00822368450463,0.00812233705074,0.00773053569719,0.00951215438545,0.00670663034543,0.00614921282977,0.00280344788916,0.00179097941145,0.00188623450231,0.00199794676155,0.00189226074144,0.00281185144559,0.00119524868205,0.00155523652211,0.00148922204971,0.000426676007919,0.000466014316771,0.000242246198468,0.000139118390507,0.0000835303071653,0.000111684421427,0.000137880386319,0.000167238089489,0.000254377140664,0.000198122070287,0.000141438533319,0.000150175241288,0.000095528899692,0.0000618736085016,0.0000846353577799,0.0000378855984309],"mean":[0.00069568422623,0.000784942414612,0.000449466722785,0.00050121935783,0.000473144609714,0.000252923055086,0.000238439621171,0.000251416990068,0.000279371073702,0.000187465600902,0.000101226221886,0.000095473624242,0.000082028505858,0.0000515857209393,0.0000579057668801,0.0000315343095281,0.0000323964995914,0.0000280315325654,0.0000305143821606,0.0000234276085394,0.0000181699615496,0.0000230402438319,0.0000254098595178,0.0000129071313495,0.0000100163160823,0.00000987677594821,0.00000574125033381,0.00000339514417647,0.00000252418089985,0.00000199362580133,0.00000191618232748,0.00000196716450773,0.00000209387985706,0.00000178141203833,0.00000171728424903,0.00000117516265163,8.92110051609e-7,5.48283253465e-7,3.97256997076e-7,2.87598993509e-7],"median":[0.000324990251102,0.000431367312558,0.00027809117455,0.00023165915627,0.000182974297786,0.0000888290960575,0.0000807741234894,0.0000944510902627,0.0000875248006196,0.0000649961802992,0.0000305902685795,0.0000161296866281,0.0000107684854811,0.00000778043977334,0.0000136609796755,0.00000990801254375,0.00000626326300335,0.00000577622222409,0.00000499468387716,0.00000413511816078,0.00000301027216665,0.00000381406039196,0.000003610485237,0.00000179615199158,0.00000185459191471,0.00000205919263863,0.0000013530365095,9.96634639705e-7,6.33451918475e-7,4.02495942353e-7,3.5269127352e-7,3.86739742453e-7,3.59822365681e-7,3.09317584879e-7,2.89992698299e-7,1.68370874576e-7,1.04726375127e-7,7.79119488925e-8,6.62783037342e-8,5.57382655586e-8],"min":[2.89987793114e-23,4.85486962961e-23,3.26723625521e-23,5.6502091339e-24,1.44966128653e-23,7.29576746016e-24,8.15582779524e-24,4.53009843483e-24,8.05415782406e-24,1.14855576114e-23,5.16290805907e-24,4.50211122763e-24,2.60472641231e-24,6.45518212868e-24,6.80192002311e-24,3.95700439782e-24,8.14128198901e-24,1.76589006434e-23,5.51110771276e-24,8.70857632065e-24,6.20345109179e-24,8.32774977435e-24,1.25206527707e-23,1.08479694622e-23,9.29493899808e-24,1.19201166294e-23,1.25608547001e-23,1.1208744742e-23,1.45931678624e-23,1.12255664119e-23,7.3045522152e-24,9.98763302579e-24,1.11686919073e-23,1.05163765138e-23,1.22836671218e-23,9.70328337934e-24,9.66434757164e-24,1.06343230521e-23,7.56304221232e-24,1.16829416539e-23],"var":[0.00000274887929663,0.00000205290234589,3.29569843416e-7,6.96810218415e-7,5.94942264343e-7,2.46360514211e-7,2.62641492554e-7,3.89176307181e-7,5.31139619397e-7,1.75834387051e-7,1.00289391014e-7,1.45481976688e-7,1.12144313391e-7,4.59339872805e-8,4.66094611795e-8,9.31405441662e-9,1.12358620186e-8,7.87747467257e-9,1.02565556048e-8,5.86498316579e-9,3.68310781873e-9,3.92585297604e-9,5.82275960781e-9,1.97859084672e-9,5.04347619223e-10,5.07960062901e-10,1.76644782135e-10,4.83858786371e-11,2.93289871556e-11,1.99529386069e-11,1.83722689839e-11,2.48455908625e-11,3.51392283326e-11,2.43474754247e-11,2.71834273841e-11,1.83367661333e-11,1.34173106653e-11,4.23400160418e-12,2.9921692294e-12,1.04092548383e-12]},"melbands_crest":{"dmean":3.27395033836,"dmean2":5.32703495026,"dvar":9.57406139374,"dvar2":24.1638584137,"max":39.0306396484,"mean":12.455165863,"median":11.4798650742,"min":2.16674900055,"var":23.0777263641},"melbands_flatness_db":{"dmean":0.033020503819,"dmean2":0.0458052940667,"dvar":0.00116656720638,"dvar2":0.00221714493819,"max":0.525593340397,"mean":0.215102002025,"median":0.20178823173,"min":0.0122395986691,"var":0.00562577601522},"melbands_kurtosis":{"dmean":6.75990581512,"dmean2":10.837012291,"dvar":176.189956665,"dvar2":442.528411865,"max":398.272186279,"mean":10.8468141556,"median":6.7482624054,"min":-1.81562209129,"var":226.519180298},"melbands_skewness":{"dmean":0.761912882328,"dmean2":1.17557299137,"dvar":0.779483437538,"dvar2":1.79070258141,"max":15.3931846619,"mean":2.24544787407,"median":2.11000537872,"min":-1.21074676514,"var":1.96431791782},"melbands_spread":{"dmean":6.97038555145,"dmean2":10.7854576111,"dvar":105.32736969,"dvar2":244.798965454,"max":212.361999512,"mean":20.1120243073,"median":16.4841060638,"min":0.741544365883,"var":239.655380249},"mfcc":{"cov":[[13916.9287109,-593.187255859,-488.67779541,789.09588623,22.152803421,170.26675415,-51.4782829285,337.206085205,-281.986236572,-235.929855347,-199.373962402,-87.5065612793,175.56022644],[-593.187255859,1446.78991699,-137.460449219,-23.7905502319,68.2492370605,-41.6216316223,87.3767852783,-5.48694944382,56.8270683289,45.9562950134,60.7741584778,10.3559961319,-5.11836099625],[-488.67779541,-137.460449219,816.475036621,171.047393799,70.2732086182,175.046035767,59.1478614807,10.5097541809,7.07575798035,0.564065992832,-32.1541061401,10.5725212097,14.7643156052],[789.09588623,-23.7905502319,171.047393799,539.346252441,179.054351807,121.380378723,8.41948509216,55.9287452698,15.2734098434,-39.9831581116,-51.8293075562,-9.19202613831,86.0972595215],[22.152803421,68.2492370605,70.2732086182,179.054351807,281.040252686,51.8450431824,2.71692705154,28.2735519409,33.590549469,10.1205186844,-15.4331245422,4.20883369446,38.5627708435],[170.26675415,-41.6216316223,175.046035767,121.380378723,51.8450431824,231.093002319,63.9321975708,31.1459770203,25.6605892181,-5.97620105743,-0.758709728718,6.75544929504,11.7099018097],[-51.4782829285,87.3767852783,59.1478614807,8.41948509216,2.71692705154,63.9321975708,211.267120361,59.0472831726,6.55069971085,13.2350358963,1.58810043335,25.129114151,9.52833747864],[337.206085205,-5.48694944382,10.5097541809,55.9287452698,28.2735519409,31.1459770203,59.0472831726,149.542068481,25.7347984314,-11.3078222275,5.83920049667,3.59050321579,27.5046405792],[-281.986236572,56.8270683289,7.07575798035,15.2734098434,33.590549469,25.6605892181,6.55069971085,25.7347984314,149.486526489,57.9121627808,29.9545440674,26.258556366,-8.42236995697],[-235.929855347,45.9562950134,0.564065992832,-39.9831581116,10.1205186844,-5.97620105743,13.2350358963,-11.3078222275,57.9121627808,144.985549927,62.6124839783,26.3002243042,-13.6476755142],[-199.373962402,60.7741584778,-32.1541061401,-51.8293075562,-15.4331245422,-0.758709728718,1.58810043335,5.83920049667,29.9545440674,62.6124839783,144.312103271,54.0038642883,-20.6263885498],[-87.5065612793,10.3559961319,10.5725212097,-9.19202613831,4.20883369446,6.75544929504,25.129114151,3.59050321579,26.258556366,26.3002243042,54.0038642883,109.535209656,16.8419952393],[175.56022644,-5.11836099625,14.7643156052,86.0972595215,38.5627708435,11.7099018097,9.52833747864,27.5046405792,-8.42236995697,-13.6476755142,-20.6263885498,16.8419952393,106.726730347]],"icov":[[0.0000983877907856,0.000022946678655,0.000111829103844,-0.000165359029779,0.0000833172744024,-0.000104571248812,0.0000928681329242,-0.000254368875176,0.000242114372668,-0.0000632037845207,0.000116253104352,-0.0000642042577965,0.0000394387316192],[0.000022946678655,0.000788363337051,0.000145305719343,-0.000038097921788,-0.000257056934061,0.00022985781834,-0.000527987314854,0.000270501914201,-0.000277167826425,0.000105352664832,-0.00042411335744,0.000297316670185,-0.0000815028615762],[0.000111829103844,0.000145305719343,0.00167525478173,-0.000468438054668,0.00000733857450541,-0.00110401259735,-0.0000880827210494,-0.0000913290059543,0.000443094933871,-0.000363078230293,0.000536139297765,-0.000358957418939,0.000267836148851],[-0.000165359029779,-0.000038097921788,-0.000468438054668,0.00328800152056,-0.00152221205644,-0.000828866905067,0.000255577702774,-0.0000218923742068,-0.000577258702833,0.000632366980426,0.000139344105264,0.000423300109105,-0.0016982560046],[0.0000833172744024,-0.000257056934061,0.00000733857450541,-0.00152221205644,0.00489438232034,-0.000425790174631,0.00053352030227,-0.00060936389491,-0.000333819334628,-0.000811222125776,0.000676365511026,-0.000285272282781,-0.000489085447043],[-0.000104571248812,0.00022985781834,-0.00110401259735,-0.000828866905067,-0.000425790174631,0.00643837964162,-0.00193695153575,0.00044331443496,-0.00140263745561,0.000998394214548,-0.00112970604096,0.000601405452471,0.000214279876673],[0.0000928681329242,-0.000527987314854,-0.0000880827210494,0.000255577702774,0.00053352030227,-0.00193695153575,0.006701271981,-0.00311475014314,0.00142678082921,-0.00147013738751,0.00170317222364,-0.00207770802081,0.000433734938269],[-0.000254368875176,0.000270501914201,-0.0000913290059543,-0.0000218923742068,-0.00060936389491,0.00044331443496,-0.00311475014314,0.00965486094356,-0.00287456531078,0.00217721168883,-0.00225297058932,0.00179449666757,-0.00224388903007],[0.000242114372668,-0.000277167826425,0.000443094933871,-0.000577258702833,-0.000333819334628,-0.00140263745561,0.00142678082921,-0.00287456531078,0.00981705076993,-0.00391487916932,0.00115185673349,-0.0022531368304,0.00173303042538],[-0.0000632037845207,0.000105352664832,-0.000363078230293,0.000632366980426,-0.000811222125776,0.000998394214548,-0.00147013738751,0.00217721168883,-0.00391487916932,0.0105546629056,-0.00430714339018,0.0008718916215,-0.000526427698787],[0.000116253104352,-0.00042411335744,0.000536139297765,0.000139344105264,0.000676365511026,-0.00112970604096,0.00170317222364,-0.00225297058932,0.00115185673349,-0.00430714339018,0.0116590727121,-0.00556747755036,0.00258194701746],[-0.0000642042577965,0.000297316670185,-0.000358957418939,0.000423300109105,-0.000285272282781,0.000601405452471,-0.00207770802081,0.00179449666757,-0.0022531368304,0.0008718916215,-0.00556747755036,0.0131455939263,-0.00362857128493],[0.0000394387316192,-0.0000815028615762,0.000267836148851,-0.0016982560046,-0.000489085447043,0.000214279876673,0.000433734938269,-0.00224388903007,0.00173303042538,-0.000526427698787,0.00258194701746,-0.00362857128493,0.0124676916748]],"mean":[-703.555969238,133.056213379,1.24715673923,18.6645450592,-0.345196157694,-1.16474246979,-7.28116083145,3.82801365852,-3.25178909302,4.38283586502,2.50597167015,-1.51163184643,-1.75696396828]},"pitch_salience":{"dmean":0.0740546137094,"dmean2":0.118702270091,"dvar":0.00467862281948,"dvar2":0.011626733467,"max":0.923565089703,"mean":0.576682925224,"median":0.589336514473,"min":0.0407528616488,"var":0.0124199176207},"silence_rate_20dB":{"dmean":0,"dmean2":0,"dvar":0,"dvar2":0,"max":1,"mean":1,"median":1,"min":1,"var":0},"silence_rate_30dB":{"dmean":0.000162100826856,"dmean2":0.00032422793447,"dvar":0.000162070427905,"dvar2":0.00048622029135,"max":1,"mean":0.999918937683,"median":1,"min":0,"var":0.0000810362471384},"silence_rate_60dB":{"dmean":0.0580320954323,"dmean2":0.116073600948,"dvar":0.0546563379467,"dvar2":0.121225059032,"max":1,"mean":0.169543728232,"median":0,"min":0,"var":0.140781223774},"spectral_centroid":{"dmean":260.410675049,"dmean2":389.38092041,"dvar":99124.0390625,"dvar2":210846.515625,"max":11167.6943359,"mean":1141.70446777,"median":1043.20141602,"min":174.544921875,"var":335509.90625},"spectral_complexity":{"dmean":3.43751001358,"dmean2":4.86487817764,"dvar":18.0054397583,"dvar2":32.5928955078,"max":56,"mean":14.1326684952,"median":12,"min":0,"var":100.566879272},"spectral_contrast_coeffs":{"dmean":[0.0531499125063,0.0499585755169,0.0418407022953,0.0369968749583,0.027166634798,0.0221974216402],"dmean2":[0.0854081586003,0.0791129991412,0.0641939863563,0.0565965212882,0.040945507586,0.0346112474799],"dvar":[0.00220817304216,0.00172716483939,0.00129182264209,0.00104583043139,0.000614661665168,0.00047818137682],"dvar2":[0.00523598119617,0.00414908770472,0.00272737676278,0.00220466102473,0.00121868401766,0.00110545475036],"max":[-0.283391803503,-0.35548979044,-0.381596148014,-0.521658420563,-0.508848488331,-0.569586396217],"mean":[-0.659914791584,-0.717875003815,-0.743871510029,-0.769272208214,-0.787541747093,-0.776327431202],"median":[-0.672993659973,-0.725968122482,-0.753388881683,-0.778928816319,-0.796313881874,-0.776844024658],"min":[-0.964461922646,-0.950451493263,-0.961022555828,-0.961862564087,-0.956059098244,-0.956750452518],"var":[0.00858157407492,0.00687578041106,0.00589333614334,0.004092911724,0.00340560427867,0.00242196465842]},"spectral_contrast_valleys":{"dmean":[0.48045861721,0.424060881138,0.412602931261,0.405432760715,0.400880008936,0.484913825989],"dmean2":[0.748965740204,0.663664162159,0.62941724062,0.597884118557,0.535551965237,0.589604616165],"dvar":[0.230503574014,0.182661667466,0.18348518014,0.198282569647,0.20395706594,0.258117794991],"dvar2":[0.469656914473,0.390855580568,0.381079852581,0.390348255634,0.365858286619,0.415869295597],"max":[-5.21225404739,-4.44708204269,-4.78378200531,-5.39260578156,-5.71755313873,-7.55421686172],"mean":[-7.74389314651,-7.1147403717,-7.98142004013,-8.3934545517,-8.31312847137,-10.8956537247],"median":[-7.17393255234,-6.82966899872,-7.74968099594,-8.15168476105,-7.99860334396,-10.6222381592],"min":[-27.0392417908,-27.7586994171,-27.2881393433,-27.221862793,-27.3842849731,-27.3214988708],"var":[2.51725435257,1.65980815887,1.73035371304,1.8011225462,1.94019591808,1.97336268425]},"spectral_decrease":{"dmean":1.77269987578e-9,"dmean2":2.73776135096e-9,"dvar":8.78968074599e-18,"dvar2":2.22312366598e-17,"max":1.42716422464e-15,"mean":-4.27565094441e-9,"median":-3.01646241319e-9,"min":-3.10466852227e-8,"var":1.83251624215e-17},"spectral_energy":{"dmean":0.00705443462357,"dmean2":0.0108021618798,"dvar":0.000135676862556,"dvar2":0.000338997604558,"max":0.122184343636,"mean":0.0174031425267,"median":0.0120727475733,"min":1.02937255405e-20,"var":0.000305485416902},"spectral_energyband_high":{"dmean":0.000290298863547,"dmean2":0.000409893109463,"dvar":4.94177641031e-7,"dvar2":0.00000100198076325,"max":0.0200970545411,"mean":0.000443049706519,"median":0.000119095573609,"min":7.43009007553e-21,"var":8.96439530607e-7},"spectral_energyband_low":{"dmean":0.00317699485458,"dmean2":0.00524110766128,"dvar":0.0000726811849745,"dvar2":0.000187745463336,"max":0.101495482028,"mean":0.00437745358795,"median":0.00258193537593,"min":2.73209592563e-22,"var":0.0000619280181127},"spectral_energyband_middle_high":{"dmean":0.00151626195293,"dmean2":0.0020890198648,"dvar":0.0000103135671452,"dvar2":0.0000178373047675,"max":0.0847782790661,"mean":0.00413714861497,"median":0.00138447654899,"min":1.34763857461e-21,"var":0.0000598980441282},"spectral_energyband_middle_low":{"dmean":0.00388866080903,"dmean2":0.00609836354852,"dvar":0.0000463729629701,"dvar2":0.000122882353025,"max":0.101505547762,"mean":0.00901414547116,"median":0.0061441808939,"min":2.90497788534e-22,"var":0.0000937472141231},"spectral_entropy":{"dmean":0.250034719706,"dmean2":0.335559338331,"dvar":0.0787591412663,"dvar2":0.140013217926,"max":9.78653717041,"mean":7.34735822678,"median":7.4452381134,"min":4.85593080521,"var":0.322929054499},"spectral_flux":{"dmean":0.0235192272812,"dmean2":0.0367082320154,"dvar":0.000908783113118,"dvar2":0.00201724725775,"max":0.30033737421,"mean":0.0681302398443,"median":0.0571685098112,"min":1.01458001722e-10,"var":0.0023679761216},"spectral_kurtosis":{"dmean":2.94101548195,"dmean2":4.54331684113,"dvar":22.5356140137,"dvar2":51.3558616638,"max":78.9027404785,"mean":6.38097429276,"median":4.50272655487,"min":-1.14411628246,"var":44.5814476013},"spectral_rms":{"dmean":0.000768529716879,"dmean2":0.00111833552364,"dvar":9.75534248937e-7,"dvar2":0.00000224616997002,"max":0.0109180696309,"mean":0.0035936711356,"median":0.0034319513943,"min":3.16901539732e-12,"var":0.00000406423032473},"spectral_rolloff":{"dmean":486.501281738,"dmean2":816.784057617,"dvar":985501.25,"dvar2":2240505.75,"max":21145.6054688,"mean":1299.26513672,"median":882.861328125,"min":21.533203125,"var":2109911.5},"spectral_skewness":{"dmean":0.361110061407,"dmean2":0.53350520134,"dvar":0.185043826699,"dvar2":0.392214864492,"max":7.06043720245,"mean":1.78967237473,"median":1.61574411392,"min":-0.249856457114,"var":0.610559105873},"spectral_spread":{"dmean":741982.6875,"dmean2":1043246.3125,"dvar":829288808448,"dvar2":1579687739390,"max":39729936,"mean":4197401.5,"median":3978644,"min":897470.6875,"var":2357171847170},"spectral_strongpeak":{"dmean":0.446359068155,"dmean2":0.731345355511,"dvar":0.546185612679,"dvar2":1.32520806789,"max":10.9685430527,"mean":0.847620487213,"median":0.390446335077,"min":0,"var":1.46225392818},"zerocrossingrate":{"dmean":0.0106637096033,"dmean2":0.0124500440434,"dvar":0.000201509727049,"dvar2":0.000239811313804,"max":0.8720703125,"mean":0.0533449351788,"median":0.046875,"min":0,"var":0.00183324888349}},"metadata":{"audio_properties":{"analysis_sample_rate":44100,"bit_rate":192000,"codec":"mp3","downmix":"mix","equal_loudness":0,"length":286.484893799,"lossless":false,"md5_encoded":"e1735bbbde0c86ef582c93f874d28f16","replay_gain":-12.3367004395,"sample_rate":44100},"tags":{"album":["Some Things Never Change"],"albumartist":["Supertramp"],"artist":["Supertramp"],"date":["2004"],"file_name":"285537.mp3","genre":["Pop"],"label":["Emi"],"length":["286533"],"musicbrainz_recordingid":["63fd2f57-2251-4900-80bb-d7e98c9e250f"],"title":["Listen To Me Please"],"tracknumber":["6"]},"version":{"essentia":"2.1-beta2","essentia_build_sha":"70f2e5ece6736b2c40cc944ad0e695b16b925413","essentia_git_sha":"v2.1_beta2","extractor":"music 1.0"}},"rhythm":{"beats_count":436,"beats_loudness":{"dmean":0.0107221379876,"dmean2":0.0183256994933,"dvar":0.000116764837003,"dvar2":0.000321099010762,"max":0.0950323715806,"mean":0.0278635919094,"median":0.0276149325073,"min":7.63243868107e-9,"var":0.000288610754069},"beats_loudness_band_ratio":{"dmean":[0.251202613115,0.194534182549,0.137218654156,0.0865353867412,0.0709041878581,0.0829710885882],"dmean2":[0.486074984074,0.36726129055,0.236830621958,0.158037036657,0.131643369794,0.15901966393],"dvar":[0.0427901223302,0.01908942312,0.0199618116021,0.0132940262556,0.0051461616531,0.00314678344876],"dvar2":[0.159517943859,0.0604051165283,0.0521285682917,0.0375373773277,0.0153767904267,0.0103366365656],"max":[0.959731161594,0.692492723465,0.937718093395,0.763203144073,0.475914984941,0.354993700981],"mean":[0.334238529205,0.214140877128,0.237904280424,0.100708790123,0.0770508274436,0.0799535959959],"median":[0.268093168736,0.185658797622,0.17136362195,0.062915712595,0.0569416061044,0.07315787673],"min":[0.000135888738441,0.000103979036794,0.00595169840381,0.00367148360237,0.0016881856136,0.