{"lowlevel":{"average_loudness":0.940054833889,"barkbands":{"dmean":[0.0000876035337569,0.00283702812158,0.00190333963837,0.00145771144889,0.00306392833591,0.00082546059275,0.000601203588303,0.000451101921499,0.000302497413941,0.000372533861082,0.000181769879418,0.000341418985045,0.000188358724699,0.000203730538487,0.000313463824568,0.000241036701482,0.000367909757188,0.000288695737254,0.000273942627246,0.000127828956465,0.000118486394058,0.0000945766805671,0.0000914379415917,0.0000625512766419,0.0000420678006776,0.0000207486918953,0.00000325128803524],"dmean2":[0.000149127357872,0.00473987543955,0.00312110898085,0.00239354628138,0.00515617197379,0.00136160606053,0.000941401172895,0.000702880555764,0.000468263664516,0.000563213834539,0.000285841902951,0.000526955001988,0.000299710431136,0.000330110226059,0.000510816229507,0.000387921638321,0.000601284729782,0.000464344513603,0.000440845236881,0.000208043973544,0.000190391743672,0.000146973659866,0.00013729352213,0.0000935010539251,0.0000608361478953,0.0000316333098453,0.00000548166553926],"dvar":[6.218863291e-8,0.0000522364061908,0.00000839355561766,0.00000460500314148,0.0000624936801614,0.00000230889327213,0.00000128643978314,0.00000128662793486,4.78795072922e-7,5.40184259989e-7,2.15487418131e-7,5.39507936992e-7,1.45258496786e-7,1.72940531229e-7,3.26557966446e-7,1.96891363657e-7,3.19540049531e-7,2.23999563786e-7,2.30734286788e-7,3.76933044777e-8,3.91501941976e-8,2.99813862625e-8,4.28739390657e-8,1.57306825344e-8,6.60914167838e-9,2.83163670289e-9,2.26542534731e-10],"dvar2":[1.7417855247e-7,0.000141091266414,0.0000220929050556,0.0000115606644613,0.000166388708749,0.00000632908222542,0.00000294265169032,0.00000309245615426,0.00000103147931441,0.00000113080955089,5.10891652539e-7,0.00000125073927393,3.43988091345e-7,4.4434392521e-7,7.9697201727e-7,4.78178719732e-7,7.97978714218e-7,5.50646291231e-7,5.40611665656e-7,9.38668520689e-8,9.46024272253e-8,6.62832775333e-8,8.58216537836e-8,3.18760626783e-8,1.46671004231e-8,7.16008763391e-9,6.25198837145e-10],"max":[0.00372690614313,0.0876229256392,0.0396526418626,0.0319219008088,0.10735399276,0.0225405022502,0.030200554058,0.0361820235848,0.0267718601972,0.0231054667383,0.0113241206855,0.0283158775419,0.0106690423563,0.011783526279,0.0132110537961,0.0131505867466,0.0116447973996,0.0159539319575,0.0172524768859,0.00375118292868,0.00537315942347,0.00611343653873,0.00641851080582,0.00491571286693,0.00227737077512,0.00117599195801,0.000400925753638],"mean":[0.0000998429823085,0.00468612695113,0.0041889087297,0.00246749585494,0.00459146918729,0.0015846430324,0.0011989613995,0.000925026019104,0.000604665605351,0.000770842132624,0.000342797517078,0.000671616522595,0.000328362570144,0.000348239409504,0.000616447941866,0.000492031278554,0.000760851951782,0.000626216700766,0.000616210396402,0.000318017351674,0.0002750759013,0.000213792882278,0.000207660996239,0.000148321487359,0.0000874816687428,0.0000292825425277,0.00000294397136713],"median":[0.0000231271678786,0.00308252871037,0.00319686951116,0.00155651429668,0.002498480957,0.00101455999538,0.000571524375118,0.000337442703312,0.00026253410033,0.000400357501348,0.00012924328621,0.000290676311124,0.000157168717124,0.000174267566763,0.000287843227852,0.000273456797004,0.000451888685348,0.000360801641364,0.000392540765461,0.000219660258153,0.000174673667061,0.000116293987958,0.0000964641658356,0.0000736354559194,0.0000398507945647,0.00000786764030636,3.45501121046e-7],"min":[2.67720734672e-24,9.08320320909e-24,8.9837428373e-24,8.94265501705e-24,2.96373685251e-23,1.11214067957e-23,2.78591971586e-23,3.26300322759e-23,5.67669608542e-23,3.76947622566e-23,6.25777670801e-23,6.92152490475e-23,4.26314348688e-23,3.60577338833e-23,7.01066366268e-23,8.11173551935e-23,1.22413592493e-22,1.28867938824e-22,1.77212364321e-22,2.79939497474e-22,3.78438386661e-22,3.73789181273e-22,5.83517962968e-22,8.03011630978e-22,9.57437325223e-22,1.41062334974e-21,1.95530229509e-21],"var":[5.98362532855e-8,0.0000567519964534,0.0000161821171787,0.00000828595057101,0.0000584764857194,0.00000364146376342,0.00000359286559615,0.00000517603348271,0.00000181589098247,0.00000146037746163,6.27996200819e-7,0.00000180131917205,3.36006849011e-7,3.24013257114e-7,9.66612674347e-7,6.0004271063e-7,9.01223927485e-7,7.84498524808e-7,6.56548138522e-7,1.20588353525e-7,1.00901623057e-7,8.37513738361e-8,1.25960411879e-7,5.28675343503e-8,1.64691886795e-8,3.30116356473e-9,1.5114684504e-10]},"barkbands_crest":{"dmean":2.18876957893,"dmean2":3.59381818771,"dvar":5.12610864639,"dvar2":13.5307369232,"max":26.0604343414,"mean":9.19332408905,"median":8.22167396545,"min":2.28586888313,"var":16.9091148376},"barkbands_flatness_db":{"dmean":0.0170465763658,"dmean2":0.0259981788695,"dvar":0.000300454412354,"dvar2":0.000688859610818,"max":0.521085381508,"mean":0.122257053852,"median":0.104195252061,"min":0.0253907386214,"var":0.00483652018011},"barkbands_kurtosis":{"dmean":2.88877916336,"dmean2":4.37008047104,"dvar":86.8242874146,"dvar2":172.148880005,"max":698.344970703,"mean":6.06058168411,"median":1.10148477554,"min":-1.93490552902,"var":809.059753418},"barkbands_skewness":{"dmean":0.480679422617,"dmean2":0.735579013824,"dvar":0.30081936717,"dvar2":0.627501726151,"max":20.8277778625,"mean":1.69000291824,"median":1.41266238689,"min":-6.70477199554,"var":2.35694956779},"barkbands_spread":{"dmean":5.55211210251,"dmean2":8.62669086456,"dvar":43.6411628723,"dvar2":96.0026092529,"max":105.934249878,"mean":27.8825740814,"median":27.8637866974,"min":0.221134677529,"var":197.33984375},"dissonance":{"dmean":0.0116993719712,"dmean2":0.0196126904339,"dvar":0.000168413447682,"dvar2":0.000441133946879,"max":0.500000059605,"mean":0.473595529795,"median":0.47990655899,"min":0.226422786713,"var":0.000582332955673},"dynamic_complexity":3.10587310791,"erbbands":{"dmean":[0.0697323530912,0.704735934734,1.96499967575,3.70235395432,9.83152580261,9.03569793701,7.81460905075,6.24938488007,8.93043136597,8.44712162018,10.1184873581,7.05774688721,10.3743305206,10.2156744003,7.06929302216,15.3041524887,8.58881568909,11.0902509689,13.1489391327,15.3499536514,14.9400215149,15.4480199814,14.5690107346,17.3924770355,9.5975818634,5.63289070129,5.46270704269,4.1418223381,3.53939604759,2.94258904457,2.60104465485,1.61977458,0.901895105839,0.518911004066,0.292966842651,0.116946578026,0.0331145562232,0.00732389511541,0.000468364800327,0.0000156008773047],"dmean2":[0.119335412979,1.17633056641,3.22993206978,5.98336839676,16.4585056305,15.5130529404,13.1145706177,10.4657793045,14.0662765503,13.4175262451,15.5206165314,10.7758426666,15.9129886627,15.4082689285,10.9666643143,23.8178939819,13.4311704636,17.7819709778,20.9316310883,25.0544128418,24.2628765106,25.0372238159,23.5222530365,28.0111904144,15.6033172607,9.15233135223,8.78120708466,6.57632446289,5.57344865799,4.49731731415,3.88577747345,2.43974876404,1.34222733974,0.768465101719,0.424007773399,0.172839850187,0.0517844185233,0.0116507988423,0.000791292986833,0.0000246582858381],"dvar":[0.0368413925171,2.98107361794,10.2090845108,26.004196167,797.38848877,465.018707275,197.20602417,141.390808105,236.109313965,344.247314453,768.46105957,283.216827393,376.073791504,632.648681641,238.214447021,1125.76953125,304.479980469,505.838531494,721.989562988,822.44140625,660.013366699,669.928161621,500.269714355,1092.11242676,185.531295776,76.6145324707,76.7285003662,60.9114570618,45.8407592773,32.6208839417,37.603729248,13.2197351456,2.69297432899,0.96408611536,0.353010267019,0.0711919292808,0.00826487783343,0.000750584353227,0.00000520744970345,1.55790602641e-9],"dvar2":[0.0990692898631,8.22515201569,26.6292247772,66.9479598999,2089.15429688,1289.20788574,549.870666504,389.561004639,529.157714844,815.926208496,1836.69897461,604.462036133,849.029907227,1350.73327637,544.416503906,2713.20385742,710.09588623,1269.56774902,1683.18457031,2060.64868164,1665.14916992,1633.26281738,1232.91821289,2570.73461914,473.544342041,187.638076782,184.269897461,144.06867981,106.788063049,69.6102142334,74.1813201904,26.4660816193,5.38501977921,2.15229344368,0.808389127254,0.171020507812,0.0214214064181,0.00203690188937,0.0000143121051224,4.03442834696e-9],"max":[2.09495210648,21.4821891785,43.9911460876,76.3696060181,364.710906982,278.727508545,222.130462646,206.326904297,502.744689941,408.666564941,973.092285156,703.138427734,485.616699219,903.04486084,426.092285156,1457.56970215,578.336303711,685.606628418,702.451721191,948.287597656,796.116149902,630.319396973,732.590209961,1111.85766602,260.015106201,180.922012329,263.913696289,196.64616394,251.30897522,121.802757263,217.20401001,166.776016235,57.0361709595,23.0890827179,19.0489082336,5.3349146843,2.5206193924,0.966027915478,0.0628498569131,0.000995724694803],"mean":[0.103664271533,1.18508636951,4.38518714905,7.66844940186,13.1109657288,13.7029981613,13.4955482483,11.3185300827,18.5079841614,15.226023674,22.7196464539,15.2930383682,20.7395076752,21.8757781982,15.6637163162,30.3880519867,16.6243343353,20.1017494202,25.8135738373,31.6288719177,34.6089324951,35.5573272705,33.792388916,38.2280464172,23.6372566223,14.8036298752,13.061788559,9.11752796173,7.69429779053,6.81623029709,5.8255982399,3.74505209923,2.08186340332,1.11786627769,0.550212323666,0.181010276079,0.0442467369139,0.00844132900238,0.000432568980614,0.0000427912418672],"median":[0.060593739152,0.805302500725,3.1568365097,5.48356580734,6.57400131226,6.42291545868,7.48050498962,6.8496723175,9.93997859955,6.67933750153,8.0368719101,7.1384062767,11.1951980591,10.1460857391,7.57930374146,13.9188728333,8.45050811768,10.7347640991,12.3992443085,16.2867546082,21.3738632202,21.4552230835,22.1012516022,22.1993179321,16.6884441376,10.6461181641,8.83201408386,5.4114112854,4.05710268021,3.46094369888,2.63778591156,1.70858049393,1.06795406342,0.519524812698,0.23724848032,0.0591150000691,0.0110317990184,0.00168777361978,0.0000628812704235,0.0000362971477443],"min":[1.37201932432e-22,2.5546309996e-21,9.79591629252e-21,5.06117727933e-20,6.230217745e-20,1.22558297805e-19,1.2728292082e-19,1.16566938156e-19,3.13311278165e-19,6.28642376289e-19,5.02900273231e-19,9.93066307727e-19,1.78290012921e-18,1.96154053584e-18,1.60779819445e-18,3.21970582218e-18,1.98029065238e-18,1.78944023273e-18,4.27025291068e-18,4.20259615401e-18,8.62021046363e-18,7.59217054602e-18,8.13810065132e-18,5.74829976104e-18,1.12424449701e-17,1.35794295511e-17,1.33225775632e-17,1.57646744662e-17,1.26654082091e-17,1.65173062532e-17,1.45338462583e-17,1.84906051615e-17,1.32750246042e-17,9.8852310093e-18,6.58686031087e-18,5.56589775057e-18,2.49609649413e-18,1.17496177346e-18,2.7804308858e-19,2.83380639504e-20],"var":[0.0411011017859,3.08963561058,18.5105819702,58.2184715271,685.114990234,496.33215332,317.801147461,212.107543945,731.43737793,717.014404297,3621.46704102,1109.47302246,953.571289062,1642.41503906,784.412109375,3476.66796875,789.488647461,1003.65386963,1911.52124023,2731.40356445,2291.80517578,2014.65319824,1626.50842285,3347.06762695,597.248962402,252.146575928,209.267822266,144.517715454,112.864501953,99.8188476562,107.495140076,43.0597991943,9.04183769226,2.6760225296,0.701454877853,0.106068901718,0.00834517367184,0.00057150691282,0.0000034787324239,1.69063729683e-9]},"erbbands_crest":{"dmean":1.87495350838,"dmean2":3.01773834229,"dvar":3.42625498772,"dvar2":8.17830276489,"max":30.3567771912,"mean":7.5035071373,"median":6.34657716751,"min":2.49976992607,"var":14.8054189682},"erbbands_flatness_db":{"dmean":0.0135102299973,"dmean2":0.0188114494085,"dvar":0.000195670378162,"dvar2":0.000352517788997,"max":0.422475397587,"mean":0.136959776282,"median":0.129826277494,"min":0.0409808568656,"var":0.00182346836664},"erbbands_kurtosis":{"dmean":0.664829552174,"dmean2":1.02653348446,"dvar":2.05770802498,"dvar2":4.40623140335,"max":67.4165344238,"mean":0.21455731988,"median":-0.556745648384,"min":-1.81890332699,"var":9.64764881134},"erbbands_skewness":{"dmean":0.28299793601,"dmean2":0.426957249641,"dvar":0.0851803347468,"dvar2":0.172789290547,"max":6.66981983185,"mean":-0.0428426675498,"median":-0.136085450649,"min":-5.63613986969,"var":0.736135482788},"erbbands_spread":{"dmean":7.63718795776,"dmean2":11.7421360016,"dvar":63.5240325928,"dvar2":144.118347168,"max":160.874710083,"mean":47.1266212463,"median":46.7669181824,"min":1.71692109108,"var":307.427124023},"gfcc":{"cov":[[15618.9746094,-1107.3762207,-1566.78063965,304.132110596,-532.471374512,470.035644531,-709.102294922,161.229904175,-245.550674438,200.476791382,-261.383575439,103.424240112,-290.431732178],[-1107.3762207,1144.10778809,3.39554047585,-10.4966964722,298.59765625,-122.188278198,191.559585571,-14.9080839157,92.0745697021,-79.8318862915,129.571182251,-63.2627029419,116.495391846],[-1566.78063965,3.39554047585,766.638549805,67.8404693604,130.542434692,0.463209569454,67.5090789795,-1.81631672382,12.8309268951,29.3777637482,-47.9450569153,48.3843307495,13.186170578],[304.132110596,-10.4966964722,67.8404693604,323.551544189,113.925979614,27.6186580658,-18.2951717377,20.8706588745,46.1548538208,7.50240182877,2.40453839302,2.01011610031,34.4018135071],[-532.471374512,298.59765625,130.542434692,113.925979614,389.106903076,12.9278831482,94.1566314697,49.7191848755,39.634853363,27.9716739655,26.9202423096,9.22629261017,61.8206710815],[470.035644531,-122.188278198,0.463209569454,27.6186580658,12.9278831482,183.116424561,45.3914146423,24.4296340942,-9.99872493744,24.842086792,-6.12054443359,9.99039077759,-16.7100009918],[-709.102294922,191.559585571,67.5090789795,-18.2951717377,94.1566314697,45.3914146423,199.494750977,35.0298347473,36.7530441284,-7.67294597626,32.6161231995,-3.55860233307,15.9240894318],[161.229904175,-14.9080839157,-1.81631672382,20.8706588745,49.7191848755,24.4296340942,35.0298347473,123.806282043,41.0198478699,14.5376825333,3.49466586113,5.08974933624,0.625809550285],[-245.550674438,92.0745697021,12.8309268951,46.1548538208,39.634853363,-9.99872493744,36.7530441284,41.0198478699,113.22253418,16.611951828,20.5957489014,-9.54577541351,10.073884964],[200.476791382,-79.8318862915,29.3777637482,7.50240182877,27.9716739655,24.842086792,-7.67294597626,14.5376825333,16.611951828,88.4400634766,2.96946072578,10.0435972214,-7.06369495392],[-261.383575439,129.571182251,-47.9450569153,2.40453839302,26.9202423096,-6.12054443359,32.6161231995,3.49466586113,20.5957489014,2.96946072578,85.4444274902,4.11591625214,17.2372970581],[103.424240112,-63.2627029419,48.3843307495,2.01011610031,9.22629261017,9.99039077759,-3.55860233307,5.08974933624,-9.54577541351,10.0435972214,4.11591625214,69.0910720825,8.30291080475],[-290.431732178,116.495391846,13.186170578,34.4018135071,61.8206710815,-16.7100009918,15.9240894318,0.625809550285,10.073884964,-7.06369495392,17.2372970581,8.30291080475,70.1570968628]],"icov":[[0.00020364971715,-0.000365647574654,0.000463569333078,-0.000431416992797,0.000294638914056,-0.000542996218428,0.000609205279034,-0.000490415899549,0.000488747667987,-0.00068087031832,0.000891448114999,-0.000826824223623,0.000791864178609],[-0.000365647574654,0.00300692976452,-0.000831435900182,0.00150092178956,-0.00209920993075,0.00199964200146,-0.00213633896783,0.00191460340284,-0.00204826123081,0.00316326739267,-0.00379069894552,0.00344155053608,-0.00315585499629],[0.000463569333078,-0.000831435900182,0.00272841146216,-0.00132048258092,0.000283513829345,-0.000794686318841,0.000493024243042,-0.000607328896876,0.00102131010499,-0.00210348749533,0.00350512191653,-0.00318817584775,0.00204643048346],[-0.000431416992797,0.00150092178956,-0.00132048258092,0.00534981116652,-0.00229707127437,0.0000616092511336,0.000285962334601,0.00140980561264,-0.00339355156757,0.00295401993208,-0.0026174148079,0.00268602394499,-0.00358211598359],[0.000294638914056,-0.00209920993075,0.000283513829345,-0.00229707127437,0.00553267588839,-0.00104170036502,-0.000132251967443,-0.00245725922287,0.00211242819205,-0.00378388375975,0.00243272376247,-0.00217371899635,-0.000317644386087],[-0.000542996218428,0.00199964200146,-0.000794686318841,0.0000616092511336,-0.00104170036502,0.00906641501933,-0.00484381569549,0.000765306409448,0.000367130560335,0.000237443877268,-0.0023431754671,0.00199290364981,-0.000968088221271],[0.000609205279034,-0.00213633896783,0.000493024243042,0.000285962334601,-0.000132251967443,-0.00484381569549,0.0104257334024,-0.00282614841126,-0.000388329615816,-0.000239393877564,0.000898415863048,-0.00213378854096,0.00252152560279],[-0.000490415899549,0.00191460340284,-0.000607328896876,0.00140980561264,-0.00245725922287,0.000765306409448,-0.00282614841126,0.0118457330391,-0.00527098868042,0.00206175376661,-0.00189766415861,0.00135203916579,-0.00163248379249],[0.000488747667987,-0.00204826123081,0.00102131010499,-0.00339355156757,0.00211242819205,0.000367130560335,-0.000388329615816,-0.00527098868042,0.0144411381334,-0.00541988248006,0.00125026737805,-0.000772989122197,0.00242267013527],[-0.00068087031832,0.00316326739267,-0.00210348749533,0.00295401993208,-0.00378388375975,0.000237443877268,-0.000239393877564,0.00206175376661,-0.00541988248006,0.0176530573517,-0.0059662014246,0.00289248116314,-0.00201842817478],[0.000891448114999,-0.00379069894552,0.00350512191653,-0.0026174148079,0.00243272376247,-0.0023431754671,0.000898415863048,-0.00189766415861,0.00125026737805,-0.0059662014246,0.0207357592881,-0.00750764692202,0.00273430510424],[-0.000826824223623,0.00344155053608,-0.00318817584775,0.00268602394499,-0.00217371899635,0.00199290364981,-0.00213378854096,0.00135203916579,-0.000772989122197,0.00289248116314,-0.00750764692202,0.0216073524207,-0.00730338227004],[0.000791864178609,-0.00315585499629,0.00204643048346,-0.00358211598359,-0.000317644386087,-0.000968088221271,0.00252152560279,-0.00163248379249,0.00242267013527,-0.00201842817478,0.00273430510424,-0.00730338227004,0.0232769697905]],"mean":[6.88857936859,85.404876709,-113.881866455,49.8801689148,-55.6436424255,13.6053009033,-40.8649749756,11.0746479034,-26.2217006683,-1.90594184399,-16.6561470032,-0.61803394556,-11.7389631271]},"hfc":{"dmean":5.13992214203,"dmean2":7.66188335419,"dvar":57.6034355164,"dvar2":134.209960938,"max":131.689239502,"mean":22.8930091858,"median":20.6432209015,"min":1.07737707216e-16,"var":282.916900635},"melbands":{"dmean":[0.000706199149136,0.000968202366494,0.000745868484955,0.000737507245503,0.000281309970887,0.000146981386933,0.000134045723826,0.0000902303290786,0.0000783565992606,0.0000437176822743,0.0000523530034116,0.0000431771513831,0.0000247976640821,0.000037764901208,0.0000275677994068,0.0000180574188562,0.0000222719281737,0.0000204023781407,0.0000200885078812,0.0000198211982934,0.0000209418849408,0.0000188053400052,0.0000184303662536,0.0000134023148348,0.0000158380225912,0.00000894823278941,0.00000566563267057,0.00000387680574931,0.00000406144044973,0.0000029491695841,0.00000259043781625,0.00000222846733777,0.00000182459450571,0.00000178495656655,0.00000176122841822,0.00000119786022879,0.00000101442458345,7.30207830202e-7,5.01844851897e-7,4.53984171145e-7],"dmean2":[0.0012000153074,0.0015879831044,0.00121540296823,0.00124646257609,0.000476402085042,0.00024404306896,0.000211332982872,0.000143050463521,0.000119525953778,0.000067597720772,0.0000803077491582,0.0000649899593554,0.000038643633161,0.0000580062587687,0.0000428207786172,0.0000287997172563,0.000035903936805,0.0000323905442201,0.0000325514774886,0.0000323408567056,0.0000342033417837,0.0000305866851704,0.0000301251766359,0.0000217093856918,0.0000256280218309,0.0000144440718941,0.00000929373254621,0.00000637273979009,0.00000658519684293,0.00000482572204419,0.00000412112694903,0.0000035806779124,0.00000284357042801,0.0000027649787171,0.00000268675353254,0.00000181084249107,0.00000157401518663,0.00000110671589937,7.65736785979e-7,6.85346265072e-7],"dvar":[0.00000363707158613,0.00000312089628096,0.00000151231643031,0.00000411250903198,2.55007307715e-7,7.2850774302e-8,5.40378408687e-8,3.76079114517e-8,4.30363087389e-8,1.02887049991e-8,9.57820933678e-9,1.14598321943e-8,3.66311958544e-9,6.35297592311e-9,3.76520947754e-9,1.31101385303e-9,2.13548134731e-9,1.8117909395e-9,1.4382550706e-9,1.17445386749e-9,1.2568940333e-9,1.00776831324e-9,1.11246978296e-9,3.96494559407e-10,9.86794090885e-10,1.82387299708e-10,7.8097479872e-11,3.82581882841e-11,4.15058022674e-11,2.42415514745e-11,2.49882753378e-11,1.99210561241e-11,1.05973060188e-11,1.36457989006e-11,1.77685036823e-11,8.3844806098e-12,5.04872315829e-12,1.84029657832e-12,8.61380248813e-13,7.89694156421e-13],"dvar2":[0.00000996794551611,0.00000820531840873,0.00000381659447157,0.0000109971515485,7.28759289359e-7,1.99077163643e-7,1.21422559118e-7,9.01239047835e-8,1.00924630431e-7,2.26230341127e-8,2.15169784212e-8,2.41238620191e-8,8.49423997806e-9,1.43079113002e-8,8.54197867994e-9,3.08459502385e-9,5.40775468849e-9,4.17225098914e-9,3.48866691091e-9,2.86056978105e-9,3.21041460083e-9,2.50523557455e-9,2.73111444571e-9,1.01898156579e-9,2.32935004618e-9,4.46682330013e-10,2.00655742022e-10,9.44357161914e-11,1.01547485698e-10,6.1512711591e-11,5.87107931715e-11,4.75447597958e-11,2.39809543751e-11,3.03325177475e-11,3.83668687098e-11,1.57262675105e-11,1.11790481386e-11,3.73806324436e-12,1.96236429884e-12,1.82413697862e-12],"max":[0.0217320770025,0.0240381304175,0.0146336136386,0.0274235829711,0.00667733652517,0.00429457752034,0.00731296371669,0.00463491305709,0.00696214614436,0.00377333560027,0.00242832512595,0.00390272215009,0.00183262047358,0.00290387007408,0.00189834681805,0.00122080347501,0.00131121196318,0.00107209698763,0.00147372484207,0.000975545903202,0.000962794292718,0.000702138291672,0.00119063642342,0.000502782582771,0.00109895644709,0.000325661472743,0.000223470138735,0.000135679758387,0.000183658688911,0.000120065829833,0.000147906743223,0.000202167808311,0.0000767214442021,0.0000815544699435,0.000150234016473,0.000114145645057,0.00010439556354,0.0000564780093555,0.0000202049559448,0.0000211645237869],"mean":[0.0011172684608,0.00210710754618,0.00144977122545,0.00103330716956,0.000482117931824,0.000273396348348,0.000280150008621,0.000161755946465,0.000177985697519,0.0000893012038432,0.00010226451559,0.0000891250238055,0.0000495214808325,0.0000746833538869,0.0000540600376553,0.0000321095212712,0.0000371693604393,0.000038123667764,0.0000396974974137,0.0000401745419367,0.0000431906009908,0.0000385147359339,0.0000360516278306,0.0000281211396214,0.0000319199316436,0.0000192122624867,0.0000130441294459,0.00000890502542461,0.00000879282288224,0.00000612459143667,0.00000507142385686,0.000004433511549,0.00000387610907637,0.0000037880859054,0.00000363348408428,0.00000259004423242,0.00000216485705096,0.00000155649252065,0.00000107107757685,8.96148208085e-7],"median":[0.00071379262954,0.00160975393374,0.00106878229417,0.000511626945809,0.00027241720818,0.000166429075762,0.000149665138451,0.0000698876538081,0.0000614432719885,0.000041808696551,0.0000543245405424,0.0000395204369852,0.0000197826047952,0.000034310745832,0.0000257008905464,0.00001562297075,0.0000185961653187,0.00001725356924,0.0000192588231585,0.0000220268266276,0.0000249177719525,0.0000216506814468,0.00002029229654,0.0000170599014382,0.0000172472464328,0.0000127641596919,0.00000867561539053,0.00000598827500653,0.00000576080856263,0.00000378749518859,0.00000260573119704,0.00000231540298046,0.00000191613571587,0.0000018101961814,0.00000161306729751,0.00000108986012037,9.62769490798e-7,7.71719328441e-7,5.06377205056e-7,3.94348660393e-7],"min":[2.33811331724e-24,4.36295498066e-24,8.7106415585e-24,5.88725828604e-24,5.12752922519e-24,2.18848080023e-24,5.09377623364e-24,8.08457866715e-24,3.36436554302e-24,5.9700784259e-24,8.9192534583e-24,7.53458799947e-24,6.64782314502e-24,4.98184633752e-24,5.31558814297e-24,3.89832419052e-24,3.01239138712e-24,6.68254801321e-24,5.18000740805e-24,5.02556461446e-24,1.05220026698e-23,6.70850469244e-24,6.62229876157e-24,6.81146997323e-24,3.49446132807e-24,7.300526658e-24,8.70953320892e-24,7.72979399705e-24,7.21552689547e-24,7.20450966406e-24,8.72896679732e-24,6.4484109411e-24,8.29826609801e-24,9.61023013582e-24,6.27448288871e-24,1.02261482759e-23,1.21520377912e-23,8.31774544035e-24,9.21896538202e-24,7.55865535683e-24],"var":[0.0000038434027374,0.00000454082783108,0.00000221582331505,0.00000363298408956,3.77943592866e-7,1.19336348803e-7,1.6675835468e-7,7.68300907339e-8,2.14456576941e-7,3.60017935463e-8,2.39089068543e-8,2.98755971073e-8,1.12768940852e-8,2.1577539755e-8,1.12616236336e-8,2.99581914831e-9,3.86357656978e-9,4.7986281615e-9,4.41936087725e-9,3.74162834049e-9,3.94350019306e-9,2.61112864663e-9,3.21830673222e-9,1.15347820184e-9,2.79098832934e-9,4.99486840777e-10,2.32880992268e-10,1.0647503712e-10,1.01613446823e-10,5.38546950091e-11,5.61611208927e-11,4.20225972075e-11,2.99973934581e-11,3.67653060773e-11,4.40902314658e-11,2.58716780638e-11,1.43810727216e-11,5.56373220065e-12,2.42033498278e-12,1.89096481529e-12]},"melbands_crest":{"dmean":2.83354258537,"dmean2":4.66110563278,"dvar":7.09090948105,"dvar2":18.3865146637,"max":37.387550354,"mean":14.2138853073,"median":13.4593982697,"min":1.81629991531,"var":24.6690483093},"melbands_flatness_db":{"dmean":0.0213648919016,"dmean2":0.0330544784665,"dvar":0.000497521017678,"dvar2":0.00113925547339,"max":0.673532903194,"mean":0.18538838625,"median":0.165719017386,"min":0.00591837754473,"var":0.0072310292162},"melbands_kurtosis":{"dmean":6.76992797852,"dmean2":10.5270290375,"dvar":130.627624512,"dvar2":277.667572021,"max":622.730224609,"mean":17.0494670868,"median":9.61093330383,"min":-1.93829643726,"var":839.296691895},"melbands_skewness":{"dmean":0.671194434166,"dmean2":1.0392074585,"dvar":0.562160134315,"dvar2":1.26039958,"max":19.3667907715,"mean":3.12257099152,"median":2.84237623215,"min":-4.08732652664,"var":2.96268749237},"melbands_spread":{"dmean":7.304022789,"dmean2":11.4933319092,"dvar":123.251266479,"dvar2":292.5809021,"max":268.870025635,"mean":26.5741176605,"median":23.584936142,"min":0.370370447636,"var":394.08782959},"mfcc":{"cov":[[10065.2353516,-190.077438354,-891.401550293,69.4647827148,76.0796585083,-49.936542511,-120.575485229,77.7175369263,-33.7716407776,32.6531448364,17.0142192841,-66.1289901733,-45.3110542297],[-190.077438354,835.769104004,-110.661880493,69.5533218384,81.7069244385,-9.71866798401,80.4469299316,14.3995704651,23.0125427246,-9.30336952209,6.78428554535,7.84024524689,28.809928894],[-891.401550293,-110.661880493,530.11541748,22.9271755219,-1.27411448956,59.3208847046,-19.9964599609,1.9821652174,13.8910951614,-16.5757598877,-9.35227680206,14.4005718231,-6.43906021118],[69.4647827148,69.5533218384,22.9271755219,300.145904541,161.766937256,39.6267814636,0.789500594139,7.437084198,49.0611686707,2.07591962814,-11.499250412,34.8886070251,14.1437425613],[76.0796585083,81.7069244385,-1.27411448956,161.766937256,252.382095337,52.1034240723,35.0234565735,3.53562259674,55.5474395752,12.3000450134,0.296552807093,25.2150268555,18.4226074219],[-49.936542511,-9.71866798401,59.3208847046,39.6267814636,52.1034240723,166.627319336,59.9011764526,16.2924022675,25.6207809448,16.100484848,9.67221260071,2.78183984756,9.01338768005],[-120.575485229,80.4469299316,-19.9964599609,0.789500594139,35.0234565735,59.9011764526,148.876419067,39.8094024658,27.4934310913,10.6631793976,22.4347610474,0.842831492424,14.5706834793],[77.7175369263,14.3995704651,1.9821652174,7.437084198,3.53562259674,16.2924022675,39.8094024658,114.814277649,32.6835784912,15.4691333771,19.9384613037,13.8905086517,8.71241474152],[-33.7716407776,23.0125427246,13.8910951614,49.0611686707,55.5474395752,25.6207809448,27.4934310913,32.6835784912,102.469779968,33.4521713257,16.4486637115,15.1585292816,16.4654827118],[32.6531448364,-9.30336952209,-16.5757598877,2.07591962814,12.3000450134,16.100484848,10.6631793976,15.4691333771,33.4521713257,88.4212875366,33.0570259094,8.86182403564,1.69839143753],[17.0142192841,6.78428554535,-9.35227680206,-11.499250412,0.296552807093,9.67221260071,22.4347610474,19.9384613037,16.4486637115,33.0570259094,74.6256866455,21.6225814819,7.60511302948],[-66.1289901733,7.84024524689,14.4005718231,34.8886070251,25.2150268555,2.78183984756,0.842831492424,13.8905086517,15.1585292816,8.86182403564,21.6225814819,82.504234314,27.9064083099],[-45.3110542297,28.809928894,-6.43906021118,14.1437425613,18.4226074219,9.01338768005,14.5706834793,8.71241474152,16.4654827118,1.69839143753,7.60511302948,27.9064083099,66.1505355835]],"icov":[[0.00012643019727,0.0000495417734783,0.000237171247136,-0.0000357527460437,-0.0000654591713101,-0.000078897595813,0.000194035790628,-0.000170552506461,0.0000502669572597,0.0000299773237202,-0.0000725619029254,0.000108069543785,0.0000539286229468],[0.0000495417734783,0.00138761510607,0.000310339033604,-0.000266026996542,-0.000274697988061,0.000393268943299,-0.00072893401375,-0.00000120284926197,-0.00000337068786394,0.000276943843346,-0.00010273764201,0.000165405654116,-0.000363916682545],[0.000237171247136,0.000310339033604,0.00256950291805,-0.000139682044392,0.000107248873974,-0.00113318592776,0.000874154735357,-0.000352793722413,-0.000455714325653,0.000774709682446,0.00000138447364861,-0.000351093651261,0.000527224270627],[-0.0000357527460437,-0.000266026996542,-0.000139682044392,0.00559191638604,-0.00315510551445,-0.000622403284069,0.0010927914409,-0.000282195775071,-0.00111085677054,0.000424046622356,0.00120004755445,-0.00163317064289,0.000458731286926],[-0.0000654591713101,-0.000274697988061,0.000107248873974,-0.00315510551445,0.00693535758182,-0.000889412593096,-0.00112093507778,0.00118952675257,-0.00197023851797,-0.000109155793325,0.000363596860552,-0.000628456880804,-0.000243670365307],[-0.000078897595813,0.000393268943299,-0.00113318592776,-0.000622403284069,-0.000889412593096,0.00817626528442,-0.00343741918914,0.000239190121647,3.30480105504e-7,-0.00119574903511,0.0000547221497982,0.000668691005558,-0.000601037812885],[0.000194035790628,-0.00072893401375,0.000874154735357,0.0010927914409,-0.00112093507778,-0.00343741918914,0.0102638984099,-0.00277567980811,-0.000854254409205,0.00103227747604,-0.00216173916124,0.00136659794953,-0.000954713323154],[-0.000170552506461,-0.00000120284926197,-0.000352793722413,-0.000282195775071,0.00118952675257,0.000239190121647,-0.00277567980811,0.0109340641648,-0.00292379176244,-0.00013792484242,-0.0010889840778,-0.00135095382575,0.000143547484186],[0.0000502669572597,-0.00000337068786394,-0.000455714325653,-0.00111085677054,-0.00197023851797,3.30480105504e-7,-0.000854254409205,-0.00292379176244,0.0144330104813,-0.00455641141161,-0.000229199809837,0.000350417423761,-0.00224604899995],[0.0000299773237202,0.000276943843346,0.000774709682446,0.000424046622356,-0.000109155793325,-0.00119574903511,0.00103227747604,-0.00013792484242,-0.00455641141161,0.0155366165563,-0.0060199177824,0.000090018955234,0.00125813076738],[-0.0000725619029254,-0.00010273764201,0.00000138447364861,0.00120004755445,0.000363596860552,0.0000547221497982,-0.00216173916124,-0.0010889840778,-0.000229199809837,-0.0060199177824,0.0186071097851,-0.00476355897263,0.00033143395558],[0.000108069543785,0.000165405654116,-0.000351093651261,-0.00163317064289,-0.000628456880804,0.000668691005558,0.00136659794953,-0.00135095382575,0.000350417423761,0.000090018955234,-0.00476355897263,0.0166239477694,-0.00627707177773],[0.0000539286229468,-0.000363916682545,0.000527224270627,0.000458731286926,-0.000243670365307,-0.000601037812885,-0.000954713323154,0.000143547484186,-0.00224604899995,0.00125813076738,0.00033143395558,-0.00627707177773,0.0187435615808]],"mean":[-627.473510742,104.394882202,3.97302961349,33.9080085754,10.3106403351,4.41259813309,-0.0572091713548,6.50494432449,-1.98111200333,-0.213968411088,-3.73722600937,-0.329376935959,-1.73076951504]},"pitch_salience":{"dmean":0.0621594563127,"dmean2":0.101965002716,"dvar":0.00365832145326,"dvar2":0.00982174184173,"max":0.922597765923,"mean":0.557434678078,"median":0.570333659649,"min":0.0867871791124,"var":0.012005248107},"silence_rate_20dB":{"dmean":0,"dmean2":0,"dvar":0,"dvar2":0,"max":1,"mean":1,"median":1,"min":1,"var":0},"silence_rate_30dB":{"dmean":0.000184416785487,"dmean2":0.000368867564248,"dvar":0.000184355856618,"dvar2":0.000553057645448,"max":1,"mean":0.999907791615,"median":1,"min":0,"var":0.0000921846585697},"silence_rate_60dB":{"dmean":0.00903642270714,"dmean2":0.018074510619,"dvar":0.00895473919809,"dvar2":0.020142685622,"max":1,"mean":0.0589157305658,"median":0,"min":0,"var":0.0554442927241},"spectral_centroid":{"dmean":245.143569946,"dmean2":381.312744141,"dvar":83159.5,"dvar2":167169.234375,"max":11165.7460938,"mean":1574.69458008,"median":1583.62646484,"min":119.319717407,"var":473736.625},"spectral_complexity":{"dmean":3.51240205765,"dmean2":5.54573965073,"dvar":13.141784668,"dvar2":29.3384475708,"max":55,"mean":23.9429283142,"median":25,"min":0,"var":151.747741699},"spectral_contrast_coeffs":{"dmean":[0.048171184957,0.0426536351442,0.0336107313633,0.0278038494289,0.0212239548564,0.0169495176524],"dmean2":[0.079256914556,0.0695419088006,0.0541305243969,0.0454019233584,0.0344545021653,0.0264672990888],"dvar":[0.00183395750355,0.00121407106053,0.000735681562219,0.000511168094818,0.000302814005408,0.000221041569603],"dvar2":[0.0047522475943,0.00322857033461,0.00182913360186,0.00127889367286,0.000751300656702,0.000495182001032],"max":[-0.275015980005,-0.413993239403,-0.491327464581,-0.541495025158,-0.587407469749,-0.602090001106],"mean":[-0.619931459427,-0.730250239372,-0.770887076855,-0.783525466919,-0.781984746456,-0.757488906384],"median":[-0.627733230591,-0.736803650856,-0.773732542992,-0.784811735153,-0.78290951252,-0.756484866142],"min":[-0.964239537716,-0.970481395721,-0.965892553329,-0.969636797905,-0.962812066078,-0.960549712181],"var":[0.00619000941515,0.00474716629833,0.00285836774856,0.00228575710207,0.00157539185602,0.00132493197452]},"spectral_contrast_valleys":{"dmean":[0.373569816351,0.342308402061,0.294835269451,0.273438155651,0.212706953287,0.259307146072],"dmean2":[0.610060751438,0.554704785347,0.471819669008,0.429271996021,0.323689550161,0.337701559067],"dvar":[0.128359943628,0.11407905817,0.0811304822564,0.0768783390522,0.0679711401463,0.111544452608],"dvar2":[0.281870692968,0.259829103947,0.167907878757,0.147114649415,0.117182172835,0.177049010992],"max":[-5.03725671768,-4.5572810173,-5.42697048187,-5.72377920151,-5.70317077637,-7.85997486115],"mean":[-7.17481803894,-6.8911690712,-7.46773815155,-7.7373290062,-7.28842926025,-9.91243934631],"median":[-6.83767032623,-6.58515644073,-7.10827922821,-7.36730480194,-6.88231372833,-9.60281944275],"min":[-27.524023056,-27.6878318787,-27.3871879578,-27.3492946625,-27.3723697662,-27.3184375763],"var":[1.75847840309,1.72432088852,1.87324428558,1.96804332733,1.94249522686,2.09140110016]},"spectral_decrease":{"dmean":2.01222238871e-9,"dmean2":3.2603371114e-9,"dvar":1.20910570052e-17,"dvar2":3.07610735056e-17,"max":7.05979473029e-29,"mean":-6.65747768025e-9,"median":-6.17424733562e-9,"min":-3.85311125228e-8,"var":2.01218020207e-17},"spectral_energy":{"dmean":0.00787340570241,"dmean2":0.0127155864611,"dvar":0.000183748386917,"dvar2":0.000466106197564,"max":0.151503816247,"mean":0.0272033642977,"median":0.0254299845546,"min":1.03489471165e-20,"var":0.000323053216562},"spectral_energyband_high":{"dmean":0.000372891110601,"dmean2":0.000542161578778,"dvar":4.18236965061e-7,"dvar2":8.63563684561e-7,"max":0.0156304631382,"mean":0.00111278879922,"median":0.00071435602149,"min":7.73941765833e-21,"var":0.00000157052136274},"spectral_energyband_low":{"dmean":0.00454802624881,"dmean2":0.00743808411062,"dvar":0.0000781868948252,"dvar2":0.000203618168598,"max":0.10960162431,"mean":0.0104857385159,"median":0.00872023124248,"min":4.53650934963e-23,"var":0.000109085260192},"spectral_energyband_middle_high":{"dmean":0.00136577768717,"dmean2":0.00210236036219,"dvar":0.00000321962943417,"dvar2":0.00000726516736904,"max":0.0376615300775,"mean":0.00558891007677,"median":0.00452297739685,"min":1.34312583585e-21,"var":0.0000235981715377},"spectral_energyband_middle_low":{"dmean":0.00480665871873,"dmean2":0.00787038076669,"dvar":0.000107030937215,"dvar2":0.000274728517979,"max":0.13953346014,"mean":0.0116830356419,"median":0.00954306963831,"min":3.21801733006e-22,"var":0.000129543434014},"spectral_entropy":{"dmean":0.119468353689,"dmean2":0.173904880881,"dvar":0.0189263261855,"dvar2":0.0363465584815,"max":9.81063175201,"mean":7.69823503494,"median":7.79590606689,"min":4.96796703339,"var":0.235782131553},"spectral_flux":{"dmean":0.0203951559961,"dmean2":0.0319542661309,"dvar":0.000831307668705,"dvar2":0.0018415718805,"max":0.339795351028,"mean":0.0762561261654,"median":0.0708206295967,"min":6.94896015729e-11,"var":0.00203619501553},"spectral_kurtosis":{"dmean":1.11017346382,"dmean2":1.86078333855,"dvar":3.92494344711,"dvar2":10.576924324,"max":71.5369644165,"mean":3.71250104904,"median":2.97226119041,"min":-1.22687840462,"var":20.8202533722},"spectral_rms":{"dmean":0.000662965758238,"dmean2":0.00104486593045,"dvar":8.43468569656e-7,"dvar2":0.00000202963883567,"max":0.0121576562524,"mean":0.00484051881358,"median":0.00498093757778,"min":3.17750426665e-12,"var":0.00000310921200253},"spectral_rolloff":{"dmean":496.669342041,"dmean2":816.657714844,"dvar":595099.3125,"dvar2":1247541.875,"max":19186.0839844,"mean":1665.80834961,"median":1464.2578125,"min":21.533203125,"var":2022884.125},"spectral_skewness":{"dmean":0.156673848629,"dmean2":0.250341743231,"dvar":0.0299606751651,"dvar2":0.0738520398736,"max":6.57526397705,"mean":1.33855450153,"median":1.28012692928,"min":-0.228423804045,"var":0.261154711246},"spectral_spread":{"dmean":470949.25,"dmean2":669281.9375,"dvar":429296549888,"dvar2":771188719616,"max":41311088,"mean":4737156,"median":4607136,"min":947168,"var":1991708377090},"spectral_strongpeak":{"dmean":0.384119480848,"dmean2":0.675409972668,"dvar":0.822684824467,"dvar2":2.14325237274,"max":17.2337036133,"mean":0.681009829044,"median":0.415445804596,"min":0,"var":1.04308593273},"zerocrossingrate":{"dmean":0.00929413735867,"dmean2":0.0110959708691,"dvar":0.000135052876431,"dvar2":0.000149981467985,"max":0.51904296875,"mean":0.065552547574,"median":0.06298828125,"min":0.00244140625,"var":0.00125407753512}},"metadata":{"audio_properties":{"analysis_sample_rate":44100,"bit_rate":160017,"codec":"mp3","downmix":"mix","equal_loudness":0,"length":251.820404053,"lossless":false,"md5_encoded":"9c1a7244a9de8cb840bad6fe94e976e6","replay_gain":-14.7778778076,"sample_rate":44100},"tags":{"acoustid_fingerprint":["AQADtFKSRFqSSAqO4w7KB8_RG5aXCiHR7zDTQ32MmcSdHK5wHzjEJ8ZzhD-YjsHzwTc-HTlfcNZxJfBnIQeozkSa4z40fR14fcjz4M9BjRma6ig_PM52ZPpwHn-eQDOT4MHg48GJP_hxs4JpbMehx4cupfCDEzd-HOlztNTBS0f7wFUe_PB7nAgtRTd4CacO7ZGG5rnAa8ftoHlBE32CR5SD58dxlTtMHf-Pt4UYHnvQToeP9DF67PFx2uByhA_cQ2uCP0euMTieLMGVNkgP_UE-8WCaaEFzXNnRPDv6I2KUfIJKHnlC9HLQnB9yPB8OnYfPSHhO7MJ19ElK9Gtw5_jxB1R4_JC-iMcrC_0T-MEpQRfqRcbu4Ed-XDtRHuEt1Iviw98L7biQlxF2HeGND4ZO5fjRH13pIftomDteWAavHc9RWfiMhj_CD-1NaEmb4jziL_gUoyl3lD_yg9rxh8khtWOJNLzwHPmOktvhC6JtHGJf_DweXMePWheukEZTJTO0H2rw87hzPMeV4x_84TliKsdR-4GTwx8qSxf-YE8uhFR6fIuCn0jXI3yFK1oOfTgRhsf0icGtHA9-hAltHJpsPNh1fC5-dI4ywz9O_PCPH9bRHod2B76gHdN-HB8M9EJX_Ifz4z_hg5yE_MfRf-jhHTHhG_2gS0fpqCkeEb0R68ezLTOaJwjPEn-O5l4gPhwu5JzxlEGfGtV-_PhC9MzxwBfy4akO7Wis4xSNN_sh5sRz4Q-eZcbRD2cS-Dp-VNQR7mh-nA_MpB0-_ESew2cO-emQORJ6XUOTB70MH04rCuF2XCV39Apmi0fx59gVBup34xl6HrmY4jl6JegiEU2m_Pjz4NthtQ_OTyRetaiP5jTyQhO6nLhzIRdLfLOEtB3ujANZzYEmKhbsHOc2fLimD2-kRMamXfiD54cZHw4TbUXPIz-m9C56rcGPKj7COAynQbpZhEezbDgT4hfiH4rGNggTbjl-tMsy4jcit9BXVKQyPFqUohea9cFx62jOBF-O5sf85dBStSi343lF_Dt-4xn0MPhR71At4e_gmKQxWUF-vEPz3ugTPfgFLhdROWUQ5ofOJTjxPDiXFt-FbtcEO8kOTdRxhOGPispCIY85nCcaPoJG0ng-lIf7E6bEoLquopsWC86WDNqP77i4Ek1lo2c0C0-y4r_wzEeupfiDhj_e4wreaOieHPlZ_McfqH5BycP3CdeDvkdz4gszpWiXQcuj4jt64_SCeyo6I0efoql4PMHUUAnhE52PR7oRsaWg-UifKnjQl_hxPEVsQs-L_BF-FZHikYlR0TnO4zn045t6qFQedNrhuJi848pR90HzHPEyGiRJVBIP6j_KCz-yB7r44CxCcR6a5MclhsSTHTm0onmNnPnwE5VOuB86LUdJKYNV6UhDJVShM49xSVqNVA1R4euPm0XjMC9CSxIPPSKRl3jm41qyHNfxC2F-Q1MUaUf4ROpQ6ceP6_iPcFnCatAS5D_RRjea4zmelEGY8eihbyFO_JtwSspBejg0Gc0bCrqU4zs0kin8HyaL83hzNHFo5ETeozuaPPiCC6XUonm4ImQnNL