{"lowlevel":{"average_loudness":0.915555655956,"barkbands":{"dmean":[0.000215480293264,0.00390974106267,0.00332271237858,0.00104499026202,0.00237935921177,0.000708365812898,0.000942021084484,0.00163654226344,0.00205180188641,0.000894620723557,0.000287555158138,0.000436056259787,0.000411515327869,0.000244359340286,0.000413973117247,0.000225573792704,0.000397195195546,0.000130356231239,0.000108506072138,0.0000888105496415,0.0000893047763384,0.0000641841688775,0.0000461412455479,0.0000423943056376,0.0000288092687697,0.0000210115103982,0.00000744883300285],"dmean2":[0.00037019586307,0.00667543150485,0.00567067135125,0.00169881491456,0.00409964937717,0.001217074343,0.00161298317835,0.00258172024041,0.00313223223202,0.00144125614315,0.000479933893075,0.000704673700966,0.000673763337545,0.000399007520173,0.0006845719181,0.000364991021343,0.000649345864076,0.000217575710849,0.000178833608516,0.000146977195982,0.000138343515573,0.0000982600686257,0.0000656024640193,0.0000582036700507,0.0000390373315895,0.000028897273296,0.0000102938302007],"dvar":[1.82191215004e-7,0.000111917113827,0.0000539138127351,0.00000329790032083,0.0000381872705475,0.00000153084693011,0.00000392716765418,0.00000959847966442,0.0000153413911903,0.0000040288305172,3.93003602994e-7,7.38573305625e-7,6.62067861867e-7,2.40403551288e-7,5.29873375399e-7,1.46686872426e-7,7.6351301459e-7,4.94084062552e-8,3.09357481854e-8,2.06285655224e-8,2.41091697717e-8,2.0233880349e-8,1.2922370729e-8,1.37999398575e-8,6.4308696146e-9,3.54692009097e-9,4.21789186911e-10],"dvar2":[5.29296812601e-7,0.000301965366816,0.000147092068801,0.00000735092271498,0.000106431536551,0.00000430591171607,0.0000109900529424,0.0000238720040215,0.000035238397686,0.0000105533017631,0.00000100433146599,0.00000192141169464,0.00000172258717157,6.13170868746e-7,0.00000134000379148,3.68565110875e-7,0.00000184070006526,1.30816488308e-7,7.71904282715e-8,5.34153237197e-8,5.57611983254e-8,4.80090669441e-8,2.54700633917e-8,2.69721684987e-8,1.25978960597e-8,7.52222728551e-9,8.66728133708e-10],"max":[0.00680484715849,0.0914062932134,0.0824711993337,0.0213810969144,0.0622631125152,0.0161023903638,0.0236977916211,0.0667207017541,0.0972857549787,0.0596763715148,0.0267091263086,0.0252253971994,0.0170577522367,0.00915772840381,0.0186427533627,0.00815287418664,0.023102119565,0.00443573808298,0.00444904854521,0.00232326099649,0.00228426745161,0.00657902471721,0.00434151291847,0.00564398616552,0.00258602155373,0.000999754178338,0.000468077370897],"mean":[0.000220829781028,0.00368694984354,0.00507938722149,0.00278691761196,0.00285175768659,0.00108047260437,0.00149066012818,0.00274498737417,0.00390017288737,0.00147403997835,0.000446155143436,0.000728628598154,0.000663568323944,0.0003816204553,0.000644435232971,0.000404980266467,0.000739081879146,0.000253742735367,0.00020097385277,0.000171049934579,0.00016197131481,0.000105379338493,0.0000747244048398,0.0000650650690659,0.0000421755794378,0.0000255841023318,0.00000900006034499],"median":[0.0000782775314292,0.000461897085188,0.00173024879768,0.000932242837735,0.000919061945751,0.000608324538916,0.000787454482634,0.00101886293851,0.00162907759659,0.000528156640939,0.000172346946783,0.000297710153973,0.000275840429822,0.00016698759282,0.000280016800389,0.000229400844546,0.000242070265813,0.000123424295452,0.000131343287649,0.0000881479936652,0.0000824817107059,0.0000512180158694,0.0000245594874286,0.0000152509064719,0.00000829020245874,0.0000029681975775,9.75257762548e-7],"min":[2.82748069488e-23,3.5373368649e-23,9.09259223159e-24,5.94633126718e-23,1.57527154536e-22,8.48612070082e-23,4.39729212371e-23,5.84720174366e-23,8.76037040333e-23,4.14530723139e-23,3.54524093563e-23,4.62436699746e-23,3.55426298003e-23,5.06216081848e-23,3.0698559992e-23,4.78650631247e-23,6.51211871671e-23,9.6309869595e-23,1.22047497924e-22,1.85739508945e-22,2.24295192973e-22,3.16999198302e-22,3.82245946882e-22,5.80207473469e-22,8.66023669142e-22,1.27021660993e-21,1.8776995866e-21],"var":[1.60249044256e-7,0.0000897636418813,0.00006303225382,0.0000151178401211,0.0000339886100846,0.00000176519517936,0.00000443346471002,0.0000187894875125,0.0000383790174965,0.00000870445637702,7.11498671535e-7,0.00000138412087836,0.00000134102276661,4.38015007376e-7,0.00000102379351574,2.87576881419e-7,0.00000210236589737,1.20532718029e-7,6.0332908447e-8,4.39995844204e-8,4.37627853955e-8,3.26688933683e-8,2.5071305032e-8,2.5275667781e-8,1.38365736646e-8,4.88285856193e-9,6.14628126172e-10]},"barkbands_crest":{"dmean":2.58495569229,"dmean2":4.18624734879,"dvar":6.83179235458,"dvar2":17.2395973206,"max":26.9181919098,"mean":10.87890625,"median":9.90922927856,"min":2.74400877953,"var":22.1891002655},"barkbands_flatness_db":{"dmean":0.0264781434089,"dmean2":0.0380831621587,"dvar":0.00129737833049,"dvar2":0.00239985180087,"max":1,"mean":0.155388981104,"median":0.133630797267,"min":0.0212218388915,"var":0.0104627776891},"barkbands_kurtosis":{"dmean":7.00248193741,"dmean2":11.3583641052,"dvar":10737.2324219,"dvar2":30063.2890625,"max":7105.63085938,"mean":11.9026050568,"median":1.76679897308,"min":-1.85048174858,"var":8615.03222656},"barkbands_skewness":{"dmean":0.601621448994,"dmean2":0.927779436111,"dvar":1.83606398106,"dvar2":3.76848292351,"max":58.0058517456,"mean":1.8413002491,"median":1.26961362362,"min":-2.50833082199,"var":6.85041761398},"barkbands_spread":{"dmean":4.71047401428,"dmean2":6.81017684937,"dvar":32.8700256348,"dvar2":68.3064651489,"max":99.8628845215,"mean":16.7645530701,"median":15.7322416306,"min":0.00306498352438,"var":98.9836883545},"dissonance":{"dmean":0.0233157128096,"dmean2":0.0392149202526,"dvar":0.000725925085135,"dvar2":0.00186592212413,"max":0.500000059605,"mean":0.456678509712,"median":0.467789441347,"min":0,"var":0.00167918449733},"dynamic_complexity":3.3275578022,"erbbands":{"dmean":[0.0820495486259,1.02002942562,3.51389861107,3.86915898323,4.12470531464,10.5567674637,6.4179391861,5.73618078232,12.0733089447,16.1585559845,42.32447052,56.5064430237,17.8344936371,29.0147266388,12.2165403366,19.5294132233,19.5728492737,12.417131424,22.5647144318,13.4296140671,13.1936788559,15.2696895599,9.6297712326,5.76341629028,5.70374488831,4.19369649887,3.41162157059,3.4695892334,2.46818971634,1.66010463238,1.35038769245,0.938262820244,0.682098925114,0.3527354002,0.192507311702,0.0825924500823,0.0430819317698,0.00974792521447,0.0010863870848,0.0000837788975332],"dmean2":[0.14442692697,1.72709178925,5.98438549042,6.45983171463,6.98825597763,18.4754180908,10.7782840729,10.2074661255,20.6280879974,27.4860916138,65.6603622437,86.2228927612,28.2819156647,47.0676345825,20.1711902618,31.1590442657,31.9276428223,19.9940452576,37.1300392151,22.0388774872,21.2836360931,24.9400806427,15.7838172913,9.51470661163,9.44611263275,6.91816759109,5.42832183838,5.33303833008,3.77216911316,2.47733998299,1.93156564236,1.28480255604,0.956271767616,0.478638410568,0.265471667051,0.114334322512,0.0599571987987,0.0134162930772,0.00148734659888,0.00011763630755],"dvar":[0.0444743223488,7.68081092834,71.4463577271,44.5930709839,74.0238800049,907.333862305,171.848800659,128.055603027,629.548950195,1382.45727539,6337.81201172,12176.2587891,2291.94433594,3896.23413086,665.591796875,1329.74914551,1546.60375977,570.795043945,1704.72106934,556.727905273,580.629760742,901.491760254,338.696136475,88.6837081909,90.5647354126,44.3084335327,29.122089386,46.1764831543,27.3375778198,14.3949718475,13.2086172104,5.98262214661,3.89217329025,1.13861083984,0.291136234999,0.0507465265691,0.0162284914404,0.000730838335585,0.00000900906070456,4.9388816592e-8],"dvar2":[0.124374933541,20.4956951141,193.600082397,109.176498413,215.070724487,2540.3996582,459.526397705,377.360229492,1752.6973877,3828.49731445,15562,27686.8203125,5850.87402344,9992.26464844,1798.85974121,3385.23925781,4070.22558594,1413.27612305,4347.02734375,1421.47814941,1397.0357666,2197.9831543,865.260620117,230.146377563,231.256271362,117.250526428,70.9984741211,106.805419922,64.5037231445,29.7756614685,27.3376045227,11.4658555984,7.87993478775,2.22685575485,0.600159049034,0.105247154832,0.0351347066462,0.00154361827299,0.0000187417408597,1.01694396903e-7],"max":[2.05447125435,23.9389915466,87.550239563,82.980178833,147.686264038,295.314941406,158.256500244,160.455947876,327.063415527,702.928649902,1783.37536621,2861.59155273,1770.57080078,2804.30224609,832.789733887,939.513549805,870.4453125,467.752655029,1139.49475098,490.083374023,620.094909668,733.817260742,623.751342773,214.824127197,219.682479858,116.87461853,82.4695281982,96.986328125,181.326980591,189.899597168,151.44569397,114.926940918,89.5765533447,50.6797332764,17.2061748505,4.11091661453,2.03688979149,0.437767654657,0.0988494604826,0.00410132855177],"mean":[0.0810973122716,0.972745239735,4.74200344086,9.85411262512,6.92341947556,11.453874588,9.42011165619,8.06476306915,19.457201004,26.3128910065,77.2422027588,109.46321106,36.1312179565,46.1845245361,22.1974258423,34.4754447937,33.8298568726,21.0977859497,36.0049972534,24.3864173889,26.3900566101,30.2663917542,19.0797958374,10.8816003799,10.6240901947,8.31002140045,6.85209989548,5.79167413712,3.99507832527,2.76545572281,2.11772060394,1.45895528793,1.01666331291,0.533183276653,0.267725646496,0.106882289052,0.0503062643111,0.0116307213902,0.00135994330049,0.000124919897644],"median":[0.0114292791113,0.145886078477,1.6404671669,4.54422473907,3.5370965004,3.02984189987,5.21924686432,4.30841827393,11.1120042801,13.074889183,32.8322219849,47.3042068481,16.9439182281,18.5904350281,11.452050209,15.1369953156,16.0448055267,10.7616958618,15.474322319,13.5162124634,12.8831834793,12.795422554,9.03103923798,7.19968795776,6.42449378967,4.42949485779,3.62935805321,2.79175424576,1.89593434334,1.20708608627,0.652762591839,0.359926581383,0.22562764585,0.107641376555,0.050081178546,0.0161814987659,0.00491129374132,0.00116250570863,0.000175724562723,0.0000498062800034],"min":[1.69367169125e-21,5.56263371526e-21,1.21197348206e-20,9.61938738719e-20,4.9848695447e-19,5.0240623961e-19,6.27573762335e-19,5.31666823201e-19,3.53931998397e-19,1.16359744922e-18,1.76628992892e-18,2.05220573483e-18,5.37592331519e-18,4.12591733841e-18,3.97253613256e-18,2.1801532048e-18,6.48935143308e-18,1.29114919598e-17,6.53904389479e-18,5.03386055725e-18,7.24821395807e-18,1.41468034866e-17,1.40310379055e-17,1.30606458592e-17,1.29351112751e-17,1.9686221945e-17,2.0446900545e-17,1.70308745714e-17,1.26919077673e-17,1.79881442245e-17,1.60189828737e-17,1.58270637367e-17,1.24550412901e-17,9.6395699479e-18,9.22448658062e-18,6.91041862491e-18,3.5201489876e-18,1.53587711493e-18,3.58831957852e-19,3.86522016265e-20],"var":[0.0354148223996,6.16172361374,69.4194259644,144.569335938,106.810630798,711.571533203,177.086685181,127.679832458,716.313171387,1479.015625,13503.9091797,30761.3652344,4594.48242188,8506.78027344,1254.89025879,2814.93164062,3050.40234375,1131.65600586,3442.71630859,1068.45373535,1664.10070801,2518.9387207,709.365478516,165.543823242,183.25692749,104.551002502,68.2001876831,70.8405456543,42.9874000549,29.9407424927,22.6522483826,11.2998933792,6.94526481628,2.34908103943,0.577452003956,0.079991184175,0.0207331050187,0.00098648655694,0.0000137223978527,7.01174727169e-8]},"erbbands_crest":{"dmean":3.02691221237,"dmean2":4.76791667938,"dvar":9.73356246948,"dvar2":22.2903671265,"max":35.7714118958,"mean":10.8598041534,"median":9.37883472443,"min":2.05518865585,"var":31.3351039886},"erbbands_flatness_db":{"dmean":0.0233170129359,"dmean2":0.0313997864723,"dvar":0.000804403680377,"dvar2":0.00141934922431,"max":0.442436367273,"mean":0.179197654128,"median":0.171232640743,"min":0.0210930462927,"var":0.00410111155361},"erbbands_kurtosis":{"dmean":1.01252245903,"dmean2":1.56598341465,"dvar":16.3432407379,"dvar2":30.9852333069,"max":319.888885498,"mean":2.21987485886,"median":0.0140416622162,"min":-1.8403211832,"var":503.156311035},"erbbands_skewness":{"dmean":0.390296220779,"dmean2":0.593959450722,"dvar":0.178116559982,"dvar2":0.386571884155,"max":16.6363601685,"mean":0.675306141376,"median":0.535080611706,"min":-3.09446930885,"var":1.72010612488},"erbbands_spread":{"dmean":7.87622928619,"dmean2":11.5757169724,"dvar":102.515480042,"dvar2":209.554779053,"max":203.163299561,"mean":33.4952163696,"median":28.2472648621,"min":2.92874956131,"var":459.437530518},"gfcc":{"cov":[[22294.1269531,662.275695801,-1254.65429688,870.495178223,-510.925048828,452.784088135,-433.341705322,307.411254883,-274.431152344,-143.28553772,-621.721313477,-311.941986084,-566.875610352],[662.275695801,1667.19152832,-308.15814209,91.927772522,208.566970825,-53.4466018677,154.854705811,-4.91928720474,127.356307983,-102.384971619,32.7346115112,-158.419296265,-2.87042880058],[-1254.65429688,-308.15814209,1911.49682617,449.138793945,269.720977783,425.433929443,110.226028442,61.4352493286,-79.0595321655,-38.1208953857,-180.640930176,-57.0604705811,-188.314147949],[870.495178223,91.927772522,449.138793945,540.277587891,205.837844849,201.871536255,118.902015686,111.957008362,26.9312019348,1.36103010178,-48.2032737732,-78.069732666,-113.016731262],[-510.925048828,208.566970825,269.720977783,205.837844849,385.98614502,153.52230835,147.289611816,112.219825745,67.0876312256,-0.0315497219563,-23.9876461029,-46.2341423035,-32.6259422302],[452.784088135,-53.4466018677,425.433929443,201.871536255,153.52230835,271.104400635,85.5528030396,84.1981506348,-1.13446247578,-13.1247930527,-59.1856498718,-27.2309608459,-63.4991798401],[-433.341705322,154.854705811,110.226028442,118.902015686,147.289611816,85.5528030396,202.34916687,96.1030578613,58.5582885742,14.6906290054,15.9336147308,-32.609046936,-19.6110153198],[307.411254883,-4.91928720474,61.4352493286,111.957008362,112.219825745,84.1981506348,96.1030578613,176.197967529,84.9278793335,28.2792205811,-21.7533035278,-24.0969867706,-23.5642738342],[-274.431152344,127.356307983,-79.0595321655,26.9312019348,67.0876312256,-1.13446247578,58.5582885742,84.9278793335,142.130111694,38.0888938904,23.6072044373,-28.6157722473,10.9377746582],[-143.28553772,-102.384971619,-38.1208953857,1.36103010178,-0.0315497219563,-13.1247930527,14.6906290054,28.2792205811,38.0888938904,99.7820281982,47.9027748108,32.0362205505,11.781416893],[-621.721313477,32.7346115112,-180.640930176,-48.2032737732,-23.9876461029,-59.1856498718,15.9336147308,-21.7533035278,23.6072044373,47.9027748108,132.280975342,56.3443603516,42.2948074341],[-311.941986084,-158.419296265,-57.0604705811,-78.069732666,-46.2341423035,-27.2309608459,-32.609046936,-24.0969867706,-28.6157722473,32.0362205505,56.3443603516,110.058006287,61.6278305054],[-566.875610352,-2.87042880058,-188.314147949,-113.016731262,-32.6259422302,-63.4991798401,-19.6110153198,-23.5642738342,10.9377746582,11.781416893,42.2948074341,61.6278305054,134.688842773]],"icov":[[0.000155985355377,-0.000207835386391,0.000335683231242,-0.000332517112838,0.000408760766732,-0.000557933701202,0.000498191977385,-0.000487026001792,0.000486380886286,-0.000408334541135,0.000833100813907,-0.000335551740136,0.000553850259166],[-0.000207835386391,0.00129961816128,-0.000273875630228,0.000282633933239,-0.00102615577634,0.000989520805888,-0.00123219145462,0.00146310182754,-0.00144612404983,0.00178406084888,-0.00169634819031,0.00160880654585,-0.000940342841204],[0.000335683231242,-0.000273875630228,0.0017599100247,-0.0010875784792,0.000594282289967,-0.00220987712964,0.00068514875602,-0.0000699694137438,0.000882009509951,-0.000960369186942,0.00287057156675,-0.00144537503365,0.00191693357192],[-0.000332517112838,0.000282633933239,-0.0010875784792,0.00409082323313,-0.00149910792243,0.000101929595985,-0.00102163280826,-0.000149813320604,-0.000223724811804,0.000237983826082,-0.00269059278071,0.00218438520096,-0.000128740663058],[0.000408760766732,-0.00102615577634,0.000594282289967,-0.00149910792243,0.00587025284767,-0.0027261422947,-0.000273080251645,-0.00208029337227,0.000476154586067,-0.00106445781421,0.00249547371641,-0.00109808018897,0.000777768262196],[-0.000557933701202,0.000989520805888,-0.00220987712964,0.000101929595985,-0.0027261422947,0.0101988390088,-0.00297739100643,-0.000229183511692,-0.000817693595309,0.00258157053031,-0.00179910007864,-0.000170512037585,-0.0011734837899],[0.000498191977385,-0.00123219145462,0.00068514875602,-0.00102163280826,-0.000273080251645,-0.00297739100643,0.0112769622356,-0.00582671537995,0.00259064394049,-0.00169374234974,-0.00141669565346,0.0019082397921,0.000833428581245],[-0.000487026001792,0.00146310182754,-0.0000699694137438,-0.000149813320604,-0.00208029337227,-0.000229183511692,-0.00582671537995,0.0157371442765,-0.00929784029722,0.000230405130424,0.00262081017718,-0.00251923128963,0.000115393908345],[0.000486380886286,-0.00144612404983,0.000882009509951,-0.000223724811804,0.000476154586067,-0.000817693595309,0.00259064394049,-0.00929784029722,0.0173135586083,-0.00606520567089,-0.00135354476515,0.00628396775573,-0.00178364722524],[-0.000408334541135,0.00178406084888,-0.000960369186942,0.000237983826082,-0.00106445781421,0.00258157053031,-0.00169374234974,0.000230405130424,-0.00606520567089,0.0177514534444,-0.00667175091803,-0.00259053637274,0.000149494822836],[0.000833100813907,-0.00169634819031,0.00287057156675,-0.00269059278071,0.00249547371641,-0.00179910007864,-0.00141669565346,0.00262081017718,-0.00135354476515,-0.00667175091803,0.0212094988674,-0.0115646794438,0.00455935951322],[-0.000335551740136,0.00160880654585,-0.00144537503365,0.00218438520096,-0.00109808018897,-0.000170512037585,0.0019082397921,-0.00251923128963,0.00628396775573,-0.00259053637274,-0.0115646794438,0.0246806126088,-0.0100201647729],[0.000553850259166,-0.000940342841204,0.00191693357192,-0.000128740663058,0.000777768262196,-0.0011734837899,0.000833428581245,0.000115393908345,-0.00178364722524,0.000149494822836,0.00455935951322,-0.0100201647729,0.0153691740707]],"mean":[-22.3770160675,94.7931671143,-125.784759521,15.1818571091,-59.2416801453,3.46284627914,-27.7426834106,5.83952474594,-16.0275535583,-2.18744206429,-20.0663852692,-6.97065639496,-12.7540493011]},"hfc":{"dmean":6.29365968704,"dmean2":9.67547130585,"dvar":71.8221282959,"dvar2":169.921325684,"max":143.531936646,"mean":20.6647644043,"median":17.8357105255,"min":1.23312803467e-16,"var":252.195053101},"melbands":{"dmean":[0.000927540182602,0.00168479862623,0.000598647398874,0.000584616325796,0.000255074090092,0.00012913106184,0.00019056754536,0.000194344334886,0.000367132830434,0.00032345627551,0.0000856985061546,0.000126221522805,0.0000387454529118,0.000046963490604,0.0000457597561763,0.0000377694304916,0.0000233312766795,0.0000349760921381,0.0000234358503803,0.0000186065080925,0.0000180494535016,0.0000167260750459,0.0000199540045287,0.00000603338321525,0.00000483942903884,0.0000044404800974,0.00000374918909074,0.00000272718421002,0.00000225195094572,0.00000249955678555,0.00000199921237254,0.00000151619428834,0.0000011330309917,8.87576959485e-7,8.56738324728e-7,6.79753611621e-7,5.39403401945e-7,4.99054465308e-7,3.89739312823e-7,2.85433372937e-7],"dmean2":[0.00159580667969,0.00286576384678,0.00100625038613,0.00100526830647,0.000437594600953,0.000228484888794,0.000324768276187,0.000327097222907,0.000568957882933,0.000493052531965,0.000137347655254,0.000204672032851,0.0000644107130938,0.0000762657728046,0.000073780247476,0.000062013110437,0.0000378816512239,0.0000575640660827,0.0000390105960832,0.0000301434447465,0.0000293737375614,0.0000276324699371,0.0000329567628796,0.0000101468467619,0.0000080533864093,0.00000729937619326,0.00000629494343229,0.00000453105531051,0.00000368778682969,0.00000394853577745,0.00000312748602482,0.00000236691516875,0.00000176210335212,0.00000132769730499,0.00000126722432015,9.70590349425e-7,7.49281582557e-7,7.18207445516e-7,5.39812106126e-7,4.00291952474e-7],"dvar":[0.00000607620859228,0.0000179104172275,9.87383259599e-7,0.00000224294558393,3.76848021233e-7,6.40962696252e-8,1.52696927103e-7,1.76718373268e-7,4.23249048254e-7,3.95143217702e-7,6.14681709976e-8,7.43210009091e-8,6.38040598133e-9,9.48769685039e-9,6.30261220991e-9,6.37707309181e-9,2.19342588537e-9,4.12854062048e-9,1.55955526271e-9,1.10817999222e-9,1.46786782729e-9,1.44357281684e-9,2.16860751578e-9,1.16550449847e-10,6.55713053299e-11,6.00309871257e-11,3.92248247771e-11,1.92600570909e-11,1.26369444423e-11,2.00988323207e-11,1.77408018831e-11,1.02948604502e-11,8.00858164507e-12,4.03229272888e-12,5.25507632201e-12,3.27901508029e-12,2.16146675211e-12,2.14055791321e-12,1.32686017121e-12,8.20614897649e-13],"dvar2":[0.0000164910179592,0.0000483722214994,0.00000248766195909,0.0000062142025854,0.00000105413198526,1.87070540392e-7,4.25705849239e-7,4.86288286083e-7,0.00000103890113223,8.89417776762e-7,1.57365505515e-7,1.91616464917e-7,1.70328267046e-8,2.53515874959e-8,1.62558215777e-8,1.67841545107e-8,5.42349898325e-9,1.061918109e-8,3.95737975722e-9,2.75314371301e-9,3.48566220332e-9,3.49773987551e-9,5.54462076252e-9,3.14707537807e-10,1.70110259212e-10,1.51161444473e-10,1.02336410179e-10,5.17102645425e-11,3.2491634383e-11,4.73051875449e-11,4.25632862289e-11,2.50496463849e-11,1.93597447101e-11,8.03449320963e-12,1.10420544236e-11,6.94598155035e-12,4.19220257467e-12,4.46417295491e-12,2.6236731971e-12,1.71188941928e-12],"max":[0.021656755358,0.0375121720135,0.0121401790529,0.0149658061564,0.00596226379275,0.00340287410654,0.00501565635204,0.00664096930996,0.0128229567781,0.0156423300505,0.00896006263793,0.0115424105898,0.00208264868706,0.00354990176857,0.00141476339195,0.0020131750498,0.00101055833511,0.00167836016044,0.000861600739881,0.000679274147842,0.00115925061982,0.00118899822701,0.00167129270267,0.000224683622946,0.00019215226348,0.000280445703538,0.0000914750853553,0.0000793920189608,0.0000511440448463,0.0000903219915926,0.0000625601751381,0.0000907307767193,0.000161070624017,0.00007722065493,0.0000919421363506,0.0000710293752491,0.0000766383964219,0.0000628412162769,0.0000525382856722,0.0000447627280664],"mean":[0.000900715764146,0.00212688860483,0.00152322323993,0.000703817291651,0.000345159962308,0.000182409319677,0.000305812369334,0.000313898868626,0.000696958159097,0.000617026991677,0.000159435425303,0.000195167624042,0.0000651962836855,0.0000808411568869,0.0000826707910164,0.0000614665841567,0.0000359058067261,0.0000553277022846,0.0000379611847166,0.0000322799642163,0.0000334602264047,0.0000322727428284,0.0000312537340506,0.0000110258361019,0.00000822977654025,0.00000790408375906,0.0000065952103796,0.0000051760093811,0.00000431205717177,0.00000420147580371,0.00000300958208754,0.00000233304899666,0.00000180661959348,0.0000014281241647,0.00000128920135012,0.00000101079979231,8.22947583856e-7,7.21719118246e-7,5.7527233821e-7,4.15687679833e-7],"median":[0.000122768396977,0.00079104246106,0.000939906341955,0.000202982409974,0.000183333293535,0.0000984997168416,0.000170128041646,0.000150522508193,0.000303605600493,0.000250359415077,0.000059736892581,0.0000732605694793,0.0000277641065622,0.0000349501569872,0.0000415422655351,0.0000262503617705,0.0000158683978952,0.0000232103720919,0.0000180291135621,0.0000167573125509,0.0000136822727654,0.0000121334178402,0.0000109396733023,0.00000506766900799,0.00000509844994667,0.00000462379102828,0.00000352701090378,0.00000257774422607,0.00000219950243263,0.00000191433423424,0.00000135984782901,0.00000106821073587,8.56303017827e-7,5.6899386891e-7,3.93903604845e-7,2.54365374985e-7,1.99054042582e-7,1.63744360293e-7,1.12351941084e-7,8.12232272551e-8],"min":[1.37553896924e-23,6.20380410705e-24,2.86756618846e-23,4.06525394227e-23,1.94849542891e-23,1.26776076918e-23,6.55229682257e-24,1.27631557127e-23,1.68854083264e-23,1.18785878359e-23,8.75276673083e-24,6.61252990255e-24,6.83716869494e-24,4.78134353339e-24,4.90360356306e-24,3.18612459086e-24,3.48982361481e-24,3.1876405843e-24,2.36380060047e-24,3.14935460077e-24,3.55357619772e-24,3.74884569861e-24,3.5769249028e-24,3.90411679615e-24,4.25676325876e-24,4.54684555741e-24,4.10505229048e-24,5.5143787245e-24,4.04786855233e-24,3.64314307047e-24,3.90338709981e-24,4.89440071174e-24,5.45344553046e-24,5.70343555132e-24,6.10790662554e-24,4.67698827968e-24,5.52191037399e-24,6.24777521391e-24,6.00097850199e-24,6.42310152224e-24],"var":[0.00000489606645715,0.000015719615476,0.00000286833301288,0.00000213604903365,3.00697251987e-7,6.33850802956e-8,1.77943618951e-7,2.039114122e-7,9.83748805083e-7,0.00000102449814676,1.18105688784e-7,1.59121938736e-7,1.20892709177e-8,1.64761022603e-8,1.29663497717e-8,1.29216690681e-8,3.94037158458e-9,8.44786551824e-9,3.01344038611e-9,2.19494444842e-9,4.30550972652e-9,4.33126867705e-9,3.22161031185e-9,2.53291027041e-10,1.10285683363e-10,1.16423315433e-10,7.37908484316e-11,4.497461778e-11,3.04640479509e-11,3.37075402312e-11,2.39848019917e-11,1.47570705655e-11,1.27114143864e-11,8.46477315325e-12,8.55552868134e-12,5.56932494913e-12,3.8769937781e-12,3.56658517824e-12,2.57137670531e-12,1.55243493841e-12]},"melbands_crest":{"dmean":3.46601676941,"dmean2":5.63007354736,"dvar":12.6840438843,"dvar2":31.5240936279,"max":40,"mean":16.0721988678,"median":14.7026147842,"min":3.18511104584,"var":48.4563369751},"melbands_flatness_db":{"dmean":0.0296902246773,"dmean2":0.0426409468055,"dvar":0.0015537320869,"dvar2":0.00290122628212,"max":1,"mean":0.222077935934,"median":0.200678274035,"min":0.00808231346309,"var":0.0109663447365},"melbands_kurtosis":{"dmean":14029778,"dmean2":26350828,"dvar":186764178965000000,"dvar2":392511426184000000,"max":29437556736,"mean":194005888,"median":5.05320739746,"min":-1.7697147131,"var":4781857982810000000},"melbands_skewness":{"dmean":59.7882614136,"dmean2":114.697174072,"dvar":4728192.5,"dvar2":9630597,"max":127990.242188,"mean":981.918029785,"median":1.84883308411,"min":-1.27592968941,"var":117854328},"melbands_spread":{"dmean":5.44739198685,"dmean2":8.29356956482,"dvar":50.0008125305,"dvar2":106.872001648,"max":199.566864014,"mean":19.1899547577,"median":17.8989868164,"min":1.5478025972e-8,"var":161.546813965},"mfcc":{"cov":[[11646.2392578,670.188476562,-430.006103516,452.775787354,219.484680176,81.359161377,-39.9960784912,160.151977539,100.392974854,51.1812705994,72.3043441772,72.7623901367,-193.894348145],[670.188476562,1405.78759766,-185.428451538,190.396179199,35.2116661072,48.2547569275,26.1214389801,73.5438079834,68.0390777588,59.2548408508,50.2252426147,15.0844926834,-10.2460718155],[-430.006103516,-185.428451538,1302.56506348,200.103897095,276.606628418,283.937927246,197.887512207,149.476577759,47.8558998108,56.0854682922,-0.265560805798,-96.4232177734,-87.0447158813],[452.775787354,190.396179199,200.103897095,377.455841064,164.748886108,121.519927979,123.953033447,104.410240173,92.9186935425,72.6419143677,60.7561187744,50.1310119629,7.53221702576],[219.484680176,35.2116661072,276.606628418,164.748886108,296.691314697,156.414215088,112.023536682,122.806816101,88.6737442017,85.0422973633,35.4130516052,-2.99975180626,-26.6088504791],[81.359161377,48.2547569275,283.937927246,121.519927979,156.414215088,198.1849823,127.008590698,88.0083084106,45.2615432739,44.3922996521,22.2649612427,-14.8695268631,-19.1789398193],[-39.9960784912,26.1214389801,197.887512207,123.953033447,112.023536682,127.008590698,183.98727417,106.005889893,56.9492874146,44.3126182556,28.1388034821,9.17525196075,3.61664891243],[160.151977539,73.5438079834,149.476577759,104.410240173,122.806816101,88.0083084106,106.005889893,163.325332642,84.5143356323,71.798576355,41.9900360107,2.3208770752,0.717707574368],[100.392974854,68.0390777588,47.8558998108,92.9186935425,88.6737442017,45.2615432739,56.9492874146,84.5143356323,162.433959961,92.4756469727,29.7620029449,22.0438537598,-5.45054340363],[51.1812705994,59.2548408508,56.0854682922,72.6419143677,85.0422973633,44.3922996521,44.3126182556,71.798576355,92.4756469727,132.959609985,62.6550559998,11.9383096695,0.680762410164],[72.3043441772,50.2252426147,-0.265560805798,60.7561187744,35.4130516052,22.2649612427,28.1388034821,41.9900360107,29.7620029449,62.6550559998,100.968948364,52.4469566345,17.4506416321],[72.7623901367,15.0844926834,-96.4232177734,50.1310119629,-2.99975180626,-14.8695268631,9.17525196075,2.3208770752,22.0438537598,11.9383096695,52.4469566345,115.033348083,52.6084251404],[-193.894348145,-10.2460718155,-87.0447158813,7.53221702576,-26.6088504791,-19.1789398193,3.61664891243,0.717707574368,-5.45054340363,0.680762410164,17.4506416321,52.6084251404,91.5141220093]],"icov":[[0.000106387138658,-0.0000101385621747,0.0000846475813887,-0.000157891190611,-0.0000126953436848,-0.0000939265664783,0.000194000516785,-0.000217247041292,0.0000931883914745,0.0000224558643822,0.0000697689683875,-0.000176441404619,0.000381950638257],[-0.0000101385621747,0.000857243023347,0.000270610034931,-0.000545837625396,0.00030482490547,-0.000461862044176,0.000348812289303,-0.000400716817239,-0.0000364559673471,-0.0000615772878518,-0.000154179491801,0.000263866590103,0.000234011153225],[0.0000846475813887,0.000270610034931,0.00141039933078,-0.000520430272445,-0.000252239056863,-0.0013568586437,-0.00000325093765241,-0.000504477415234,0.000405741506256,0.0000302356984321,0.000111306806502,0.000608227623161,0.000893444230314],[-0.000157891190611,-0.000545837625396,-0.000520430272445,0.00498235458508,-0.00137368577998,-0.0000908413494471,-0.00168411491904,0.000569286523387,-0.00113623030484,0.000284751498839,-0.000839752552565,-0.00145600840915,-0.000729749095626],[-0.0000126953436848,0.00030482490547,-0.000252239056863,-0.00137368577998,0.00791998580098,-0.00421771965921,0.00124690018129,-0.00278799165972,-0.0000893937540241,-0.00238146446645,0.00149167014752,-0.00122054468375,0.00170146988239],[-0.0000939265664783,-0.000461862044176,-0.0013568586437,-0.0000908413494471,-0.00421771965921,0.0142020378262,-0.00650732778013,0.00125056668185,0.000342789979186,0.000561855034903,-0.00139454961754,0.00191645545419,-0.000355996715371],[0.000194000516785,0.000348812289303,-0.00000325093765241,-0.00168411491904,0.00124690018129,-0.00650732778013,0.0135274613276,-0.00585940759629,-0.000110882530862,0.000497922301292,0.000943056540564,-0.00158261007164,-0.000184602758964],[-0.000217247041292,-0.000400716817239,-0.000504477415234,0.000569286523387,-0.00278799165972,0.00125056668185,-0.00585940759629,0.015156775713,-0.00441367644817,-0.0000119840442494,-0.0041645062156,0.00399338128045,-0.00323203927837],[0.0000931883914745,-0.0000364559673471,0.000405741506256,-0.00113623030484,-0.0000893937540241,0.000342789979186,-0.000110882530862,-0.00441367644817,0.0139964688569,-0.00947734620422,0.00634537730366,-0.00526018301025,0.00347569095902],[0.0000224558643822,-0.0000615772878518,0.0000302356984321,0.000284751498839,-0.00238146446645,0.000561855034903,0.000497922301292,-0.0000119840442494,-0.00947734620422,0.0203664954752,-0.0122722592205,0.00633821636438,-0.00256769638509],[0.0000697689683875,-0.000154179491801,0.000111306806502,-0.000839752552565,0.00149167014752,-0.00139454961754,0.000943056540564,-0.0041645062156,0.00634537730366,-0.0122722592205,0.0228687152267,-0.0115163289011,0.0031711847987],[-0.000176441404619,0.000263866590103,0.000608227623161,-0.00145600840915,-0.00122054468375,0.00191645545419,-0.00158261007164,0.00399338128045,-0.00526018301025,0.00633821636438,-0.0115163289011,0.0199971850961,-0.00922808703035],[0.000381950638257,0.000234011153225,0.000893444230314,-0.000729749095626,0.00170146988239,-0.000355996715371,-0.000184602758964,-0.00323203927837,0.00347569095902,-0.00256769638509,0.0031711847987,-0.00922808703035,0.0180516857654]],"mean":[-657.466186523,127.661140442,-11.9358196259,14.5561580658,-9.3625125885,0.310620844364,-6.66507434845,2.89240503311,4.61778211594,3.82899284363,0.60748821497,0.799856245518,-3.93282628059]},"pitch_salience":{"dmean":0.0732811391354,"dmean2":0.119538672268,"dvar":0.00616624485701,"dvar2":0.0151832234114,"max":0.881472349167,"mean":0.493093550205,"median":0.505837261677,"min":0.0000162262676895,"var":0.0183648988605},"silence_rate_20dB":{"dmean":0,"dmean2":0,"dvar":0,"dvar2":0,"max":1,"mean":1,"median":1,"min":1,"var":0},"silence_rate_30dB":{"dmean":0,"dmean2":0,"dvar":0,"dvar2":0,"max":1,"mean":1,"median":1,"min":1,"var":0},"silence_rate_60dB":{"dmean":0.0228064619005,"dmean2":0.0456165373325,"dvar":0.0222850572318,"dvar2":0.0479652956128,"max":1,"mean":0.067067861557,"median":0,"min":0,"var":0.0625737383962},"spectral_centroid":{"dmean":220.019012451,"dmean2":328.761901855,"dvar":112337.75,"dvar2":233360.59375,"max":18581.0371094,"mean":1208.15808105,"median":1131.38818359,"min":122.572921753,"var":1141360.25},"spectral_complexity":{"dmean":3.59740257263,"dmean2":5.58208608627,"dvar":16.9744300842,"dvar2":37.9818115234,"max":51,"mean":18.8067932129,"median":18,"min":0,"var":107.11252594},"spectral_contrast_coeffs":{"dmean":[0.0557462722063,0.0527728199959,0.0461976863444,0.0356377027929,0.0243830550462,0.0178825333714],"dmean2":[0.0897508636117,0.0866860151291,0.0741791650653,0.0573154389858,0.0386372469366,0.0286660101265],"dvar":[0.00248536583968,0.00241283560172,0.00178512278944,0.00109945423901,0.00053967005806,0.000323864253005],"dvar2":[0.00580459367484,0.00614291941747,0.00441539287567,0.00259389448911,0.00115121738054,0.00073116493877],"max":[-0.266306549311,-0.430546164513,-0.300087958574,-0.460175067186,-0.548681020737,-0.570212066174],"mean":[-0.59288495779,-0.70748603344,-0.715413749218,-0.761367380619,-0.781812846661,-0.750571846962],"median":[-0.598779916763,-0.711791157722,-0.718851089478,-0.760892033577,-0.78255712986,-0.753988325596],"min":[-0.997197151184,-0.988387346268,-0.982924997807,-0.993436694145,-0.98689186573,-0.980255723],"var":[0.0123113198206,0.0068566580303,0.00689829140902,0.00431002629921,0.0033411658369,0.00241982634179]},"spectral_contrast_valleys":{"dmean":[0.533092975616,0.452528715134,0.411444932222,0.423663198948,0.37486281991,0.410466700792],"dmean2":[0.861062705517,0.752548098564,0.670719146729,0.663582146168,0.566487550735,0.51775598526],"dvar":[0.312062174082,0.344168126583,0.309160977602,0.352292537689,0.350980371237,0.336269378662],"dvar2":[0.661091983318,0.786676824093,0.657015264034,0.720743119717,0.676981806755,0.581334471703],"max":[-5.19819831848,-4.19174480438,-5.01847457886,-5.88242387772,-5.7125415802,-7.3977856636],"mean":[-8.10843467712,-6.90610647202,-7.55866098404,-7.99005842209,-7.96293354034,-10.6519737244],"median":[-7.65724420547,-6.50114011765,-7.17761993408,-7.58861207962,-7.55892181396,-10.3040914536],"min":[-27.134885788,-27.7160377502,-27.5300579071,-27.4260520935,-27.3469753265,-27.4094638824],"var":[4.81170511246,4.86593961716,4.60519456863,4.35712242126,4.39367389679,3.9757668972]},"spectral_decrease":{"dmean":3.05374925347e-9,"dmean2":5.13387821144e-9,"dvar":2.65852258911e-17,"dvar2":7.1792084007e-17,"max":8.46963224572e-23,"mean":-7.56721352246e-9,"median":-6.91846357981e-9,"min":-4.03367650392e-8,"var":3.2392912257e-17},"spectral_energy":{"dmean":0.0119686098769,"dmean2":0.0200779698789,"dvar":0.000396943360101,"dvar2":0.00107056449633,"max":0.155806273222,"mean":0.0304347723722,"median":0.0276587810367,"min":1.12723811793e-20,"var":0.00050262833247},"spectral_energyband_high":{"dmean":0.00029539183015,"dmean2":0.000416336872149,"dvar":3.18336788041e-7,"dvar2":6.33095282865e-7,"max":0.0141146034002,"mean":0.00056844559731,"median":0.000290256080916,"min":6.96319993412e-21,"var":6.53985694044e-7},"spectral_energyband_low":{"dmean":0.00728476326913,"dmean2":0.012380104512,"dvar":0.000306653091684,"dvar2":0.000833190453704,"max":0.143763259053,"mean":0.0110571254045,"median":0.00579840503633,"min":7.66271652319e-23,"var":0.000280607579043},"spectral_energyband_middle_high":{"dmean":0.00200282712467,"dmean2":0.00316706299782,"dvar":0.0000079459441622,"dvar2":0.0000191349827219,"max":0.081701926887,"mean":0.00588050205261,"median":0.00424619391561,"min":1.28138051898e-21,"var":0.0000374615665351},"spectral_energyband_middle_low":{"dmean":0.00581953534856,"dmean2":0.00959802512079,"dvar":0.000093848000688,"dvar2":0.000257448991761,"max":0.0996768698096,"mean":0.0151701467112,"median":0.0136556345969,"min":5.95315989961e-22,"var":0.000148186212755},"spectral_entropy":{"dmean":0.219315245748,"dmean2":0.299694508314,"dvar":0.0935530886054,"dvar2":0.171910688281,"max":9.79600811005,"mean":7.40350294113,"median":7.48063802719,"min":3.84523057938,"var":0.375251382589},"spectral_flux":{"dmean":0.0324403382838,"dmean2":0.0500340983272,"dvar":0.00190806179307,"dvar2":0.00413133297116,"max":0.365224778652,"mean":0.0845688581467,"median":0.075371041894,"min":6.54230072894e-11,"var":0.00343282148242},"spectral_kurtosis":{"dmean":2.58208036423,"dmean2":4.25573682785,"dvar":30.9743728638,"dvar2":63.8865127563,"max":184.056671143,"mean":6.13326644897,"median":4.51443433762,"min":-1.35052013397,"var":74.6654968262},"spectral_rms":{"dmean":0.000944648927543,"dmean2":0.00152353185695,"dvar":0.00000177602532858,"dvar2":0.00000453722077509,"max":0.0123290764168,"mean":0.00503733335063,"median":0.00519462954253,"min":3.316239644e-12,"var":0.00000431778471466},"spectral_rolloff":{"dmean":370.50201416,"dmean2":605.86907959,"dvar":500882,"dvar2":1000995.3125,"max":22050,"mean":1274.55773926,"median":1012.06054688,"min":21.533203125,"var":2475524.75},"spectral_skewness":{"dmean":0.293692618608,"dmean2":0.465833693743,"dvar":0.197132885456,"dvar2":0.401680499315,"max":10.3143310547,"mean":1.69564628601,"median":1.56592321396,"min":-0.0405460521579,"var":0.574517428875},"spectral_spread":{"dmean":635317,"dmean2":838687.25,"dvar":1313699659780,"dvar2":2442892673020,"max":54707308,"mean":4612460,"median":3841337.25,"min":540289.6875,"var":19359971934200},"spectral_strongpeak":{"dmean":0.584732234478,"dmean2":0.98382216692,"dvar":0.840480327606,"dvar2":2.09594869614,"max":14.6300487518,"mean":1.15573775768,"median":0.757945716381,"min":0,"var":1.38175606728},"zerocrossingrate":{"dmean":0.00954054668546,"dmean2":0.0104908738285,"dvar":0.000148931823787,"dvar2":0.00015582285414,"max":0.55029296875,"mean":0.051036156714,"median":0.046875,"min":0,"var":0.0014815981267}},"metadata":{"audio_properties":{"analysis_sample_rate":44100,"bit_rate":0,"codec":"flac","downmix":"mix","equal_loudness":0,"length":293.213348389,"lossless":true,"md5_encoded":"8efd98643dcc8d2aa6d3969dc387df23","replay_gain":-14.9442081451},"tags":{"acoustid_id":["208b731b-69ee-483e-86ca-8d3224f62bdb"],"album":["Antidotes"],"album artist":["Foals"],"albumartist":["Foals"],"albumartist_credit":["Foals"],"albumartistsort":["Foals"],"artist":["Foals"],"artist_credit":["Foals"],"artistsort":["Foals"],"asin":["B0013F2LPS"],"barcode":["5051442700329"],"bpm":["0"],"catalognumber":["5144270032"],"compilation":["0"],"date":["2008-3-24"],"disc":["1"],"discc":["1"],"discnumber":["1"],"disctotal":["1"],"file_name":"11. Tron.flac","genre":["Math Rock"],"isrc":["GBKZV0725315"],"label":["Transgressive Records"],"language":["eng"],"media":["CD"],"musicbrainz_albumartistid":["6a65d878-fcd0-42cf-aff9-ca1d636a8bcc"],"musicbrainz_albumid":["2989029c-a481-40bc-87f0-0ada809fae26"],"musicbrainz_albumstatus":["Official"],"musicbrainz_albumtype":["album"],"musicbrainz_artistid":["6a65d878-fcd0-42cf-aff9-ca1d636a8bcc"],"musicbrainz_discid":["lfHfT1qTMifT4G6rUBtHaqMcNUQ-"],"musicbrainz_recordingid":["644aed60-31bf-4674-8a3c-575c6b77be7a"],"musicbrainz_releasegroupid":["b3354e1f-317e-3b64-88e1-d4dc54571a6d"],"originaldate":["2008-3-24"],"publisher":["Transgressive Records"],"releasecountry":["GB"],"releasestatus":["official"],"releasetype":["album"],"replaygain_album_gain":["-9.21 dB"],"replaygain_album_peak":["1.000000"],"replaygain_reference_loudness":["89.0 dB"],"replaygain_track_gain":["-9.68 dB"],"replaygain_track_peak":["1.000000"],"script":["Latn"],"title":["Tron"],"totaldiscs":["1"],"totaltracks":["11"],"track":["11"],"trackc":["11"],"tracknumber":["11"],"tracktotal":["11"],"year":["2008"]},"version":{"essentia":"2.1-beta1","essentia_build_sha":"12879b851c9f4b0d899e1af4e221aa110f283a84","essentia_git_sha":"v2.1_beta1-7-ge0e83e8-dirty","extractor":"music 1.0"}},"rhythm":{"beats_count":697,"beats_loudness":{"dmean":0.0116761308163,"dmean2":0.0205339081585,"dvar":0.000111839