{"lowlevel":{"average_loudness":0.86103874445,"barkbands":{"dmean":[0.00000820210516395,0.000152214139234,0.000267802650342,0.000242656649789,0.00030302038067,0.000195560147404,0.00019479249022,0.000199981470359,0.0000915190685191,0.0000807401302154,0.0000383914775739,0.0000404429374612,0.0000371349997295,0.0000458059403172,0.000112705864012,0.000292941840598,0.000454629800515,0.000359682599083,0.000673864211421,0.000360790581908,0.000390284723835,0.000112131019705,0.00000366404742635,6.32153216884e-7,5.50485879103e-7,1.68403076373e-7,4.53934092093e-7],"dmean2":[0.0000143022562042,0.000260535452981,0.000428837956861,0.000394268980017,0.000481774739455,0.000305382942315,0.000312740972731,0.000311692390824,0.000148424442159,0.000127245439216,0.0000632939118077,0.0000655913099763,0.0000578221588512,0.0000758376627346,0.000179594935616,0.000458982482087,0.000715135480277,0.000570458068978,0.00106908788439,0.000576211081352,0.000625890912488,0.000182917108759,0.00000610274719293,0.00000117626598239,0.0000010269957329,3.0218703273e-7,6.90257024871e-7],"dvar":[5.80656722704e-9,1.33302464178e-7,2.45420352485e-7,3.25879398133e-7,3.81702108143e-7,0.00000101349348824,0.00000373610100723,1.75858005491e-7,6.37208870558e-7,7.2857625355e-7,5.94075579841e-8,8.47018899464e-9,9.11829456385e-9,8.01827315655e-9,4.21609058776e-8,3.25723107153e-7,6.72164389925e-7,6.17262458036e-7,0.00000134118931783,3.53024148581e-7,2.8115692885e-7,4.50270007946e-8,1.20453980124e-10,5.58452284416e-10,5.68906866061e-10,1.87318389966e-11,3.37909616954e-10],"dvar2":[1.02805977065e-8,3.11309804601e-7,6.23435312264e-7,8.52975915677e-7,9.99007511382e-7,0.00000294977712656,0.0000110591936391,4.59325036672e-7,0.00000181093446372,0.00000177693561909,1.74290804011e-7,2.14344453298e-8,2.33288428575e-8,2.09117594352e-8,1.03712764599e-7,7.21367825918e-7,0.00000156045393851,0.0000014183174244,0.00000327429415847,8.65711342612e-7,6.89070986937e-7,1.15804716927e-7,3.29723720549e-10,1.6644273737e-9,1.68649805232e-9,3.74398047287e-11,7.99914079419e-10],"max":[0.0058989864774,0.022786103189,0.0159590896219,0.0195402503014,0.0302245914936,0.0634185373783,0.124432094395,0.0116920256987,0.0529526248574,0.0603414066136,0.0155530888587,0.00214261747897,0.00458897883072,0.00238133710809,0.00770979933441,0.0186787359416,0.0142481420189,0.0147799020633,0.0179304666817,0.0135870072991,0.0107881464064,0.00592866772786,0.000522941234522,0.0015498965513,0.00157206063159,0.00028908913373,0.00135895598214],"mean":[0.0000137431825351,0.00028724441654,0.000592156255152,0.000456201640191,0.000664514955133,0.000434515794041,0.000343964289641,0.00041175991646,0.000146896432852,0.00012435237295,0.0000615928365733,0.0000617383702775,0.0000592304495513,0.0000753490603529,0.00019714460359,0.000551828590687,0.000787357334048,0.000577691942453,0.00127214530949,0.00070698838681,0.000867461028975,0.000200566777494,0.00000464120103061,6.55809913042e-7,8.39462359181e-7,7.03878470176e-7,4.07719994655e-7],"median":[0.00000993074627331,0.000207947479794,0.000260547240032,0.000123613368487,0.000372707669158,0.000182301970199,0.000110027234768,0.000119736578199,0.0000504454801558,0.0000396982686652,0.0000213464918488,0.0000255661107076,0.0000240250028583,0.0000397966941819,0.000106069652247,0.000237659638515,0.000348249974195,0.000257329287706,0.000670490437187,0.000430838525062,0.000637074059341,0.0000963924758253,9.31860029141e-7,3.84552208743e-7,5.65336847558e-7,6.25296706858e-7,8.03440229902e-8],"min":[9.19528535537e-24,1.25277564631e-23,8.04462617551e-23,1.09203427171e-23,2.99370094513e-23,3.98846906166e-23,4.3339279759e-23,5.17397270101e-23,8.95577377391e-23,1.12304573496e-22,8.2274027229e-23,8.38071563102e-23,1.44468174406e-22,1.14664630754e-22,1.92046950442e-22,2.07648271497e-22,2.23201263778e-22,1.32972716591e-22,2.54109061237e-22,3.01311569553e-22,5.16383804719e-22,4.73396666157e-22,6.01983619037e-22,8.07530276731e-22,1.43876667567e-21,1.58063915691e-21,2.2663805685e-21],"var":[7.32825666816e-9,1.66946676927e-7,7.09491757789e-7,6.66204755362e-7,9.04339003682e-7,9.37796528433e-7,0.00000218786590267,4.56444269048e-7,4.11692809621e-7,6.1150961983e-7,4.34263647264e-8,1.32550663778e-8,1.41731240078e-8,1.38982496622e-8,7.99184931566e-8,0.0000010167518667,0.00000146309002957,0.00000101361229099,0.00000313050691148,7.9590876112e-7,8.23646303161e-7,7.94079255684e-8,1.38103473102e-10,2.8509519745e-10,2.95410390594e-10,1.87831087489e-11,2.80367506988e-10]},"barkbands_crest":{"dmean":1.94527685642,"dmean2":3.13676762581,"dvar":3.47260046005,"dvar2":8.26522254944,"max":24.3731307983,"mean":8.191822052,"median":7.27224683762,"min":2.6192586422,"var":12.696723938},"barkbands_flatness_db":{"dmean":0.0135595751926,"dmean2":0.0211811643094,"dvar":0.000151117361384,"dvar2":0.000342974526575,"max":0.279427498579,"mean":0.141758471727,"median":0.139447450638,"min":0.0347708947957,"var":0.000631201604847},"barkbands_kurtosis":{"dmean":1.20848667622,"dmean2":1.87931227684,"dvar":4.30327701569,"dvar2":9.21367645264,"max":41.783115387,"mean":0.434930890799,"median":-0.82973921299,"min":-1.95257639885,"var":12.8030786514},"barkbands_skewness":{"dmean":0.44296887517,"dmean2":0.666490674019,"dvar":0.193107068539,"dvar2":0.409117013216,"max":5.7562456131,"mean":0.00693573756143,"median":-0.190398454666,"min":-5.51944494247,"var":1.60315990448},"barkbands_spread":{"dmean":6.20248413086,"dmean2":9.67912101746,"dvar":37.0900535583,"dvar2":86.910446167,"max":87.1245880127,"mean":36.0874633789,"median":37.4660339355,"min":2.0740442276,"var":160.912033081},"dissonance":{"dmean":0.00769465742633,"dmean2":0.0125980842859,"dvar":0.0000858607818373,"dvar2":0.000207619988942,"max":0.5,"mean":0.483251214027,"median":0.488045156002,"min":0.3103543818,"var":0.000297552265693},"dynamic_complexity":3.5802526474,"erbbands":{"dmean":[0.0035050350707,0.0406452193856,0.250551700592,0.579227387905,0.870370328426,1.03282153606,1.61318099499,1.51584291458,2.86400365829,3.35475206375,3.70258665085,2.08635258675,2.8379201889,1.73812603951,1.76010298729,1.42074692249,1.75148332119,1.92791318893,4.4486041069,8.50142860413,17.9714717865,22.0012054443,16.7530708313,31.2604541779,28.7791843414,17.507598877,12.3432016373,17.0024604797,4.11718702316,0.484991431236,0.0884964987636,0.0163520071656,0.00963758956641,0.00724143348634,0.00322436913848,0.00075569387991,0.000375469535356,0.000299039209494,0.0000533929014637,0.00000855891721585],"dmean2":[0.00604877714068,0.0687015131116,0.399015456438,0.94019651413,1.43905830383,1.63039803505,2.43739080429,2.4223845005,4.59275054932,5.34501028061,5.68737506866,3.280813694,4.69702386856,2.90204024315,2.86622262001,2.26907348633,2.71144175529,3.15245890617,7.19343614578,13.3287153244,28.0854072571,34.6025047302,26.1390800476,49.6742286682,44.8316040039,27.9147224426,19.5784797668,27.084192276,6.54405927658,0.781775653362,0.145275682211,0.028771776706,0.0182257667184,0.0136522529647,0.00590170035139,0.0012952957768,0.000662986072712,0.000509904115461,0.0000775682201493,0.0000133587072924],"dvar":[0.0000848151248647,0.0100917359814,0.274876862764,1.19747400284,7.25302839279,3.31974124908,12.320892334,116.687240601,1307.02624512,81.2454223633,61.389629364,207.359588623,1737.81115723,345.808380127,48.7375602722,9.7657585144,18.3651161194,14.1407060623,69.3472900391,304.787963867,998.113769531,1722.7019043,1352.96008301,3835.26586914,2615.0625,881.141906738,283.341003418,600.41229248,42.7377128601,0.813406527042,0.0864827632904,0.099625363946,0.187221392989,0.104703366756,0.0140987187624,0.000174877524842,0.0000951347246883,0.000109003194666,0.00000433238983533,5.13126074964e-8],"dvar2":[0.000204430063604,0.0257874540985,0.726234912872,3.10410737991,20.0741062164,7.78020238876,28.1159648895,345.598388672,3891.05053711,214.24937439,152.376922607,566.456604004,4943.42333984,938.40447998,138.440795898,25.4249954224,45.3439750671,37.0123214722,173.392990112,672.570983887,2250.55517578,3964.74194336,3088.44702148,9383.67578125,5800.39404297,2152.12792969,691.185913086,1468.21960449,107.348381042,2.0803296566,0.233668684959,0.296146452427,0.558092176914,0.312260568142,0.041296556592,0.000358752440661,0.000192119216081,0.000275306723779,0.00000979026481218,1.20094981071e-7],"max":[0.647196829319,6.11609840393,22.919002533,29.4119033813,153.389709473,45.5537185669,70.5735015869,685.395263672,2334.06787109,380.352661133,224.554092407,977.559387207,2825.7565918,1104.60083008,407.262542725,93.1555175781,185.444885254,107.866523743,245.326812744,482.256469727,782.687561035,835.953430176,986.268859863,1207.66223145,1085.79150391,582.133361816,308.415649414,607.123352051,124.222846985,17.5525512695,14.2888336182,20.7407150269,28.3676567078,21.2135677338,7.78499650955,0.919922053814,0.680172681808,0.772219002247,0.154636248946,0.0158340614289],"mean":[0.00853005703539,0.0717165470123,0.574477016926,1.2496458292,1.66472101212,2.1531765461,3.78833127022,2.98897314072,4.98505973816,6.51108264923,7.66717433929,3.88803386688,4.13518619537,2.69135570526,3.10212945938,2.4729347229,2.95173192024,3.45588159561,7.81230449677,17.9202232361,34.4921455383,39.7397651672,30.9100570679,56.3001251221,56.7767295837,35.3301582336,27.8199157715,35.6932792664,8.90691757202,0.989320158958,0.131990671158,0.0210041590035,0.0111815407872,0.00971660856158,0.00569954328239,0.00272370548919,0.00134588289075,0.000491132668685,0.0000562745335628,0.0000172738655237],"median":[0.00698007456958,0.0411385595798,0.259073495865,0.571065783501,0.919812321663,1.10797965527,1.22701573372,1.37266087532,1.64876270294,2.13105750084,2.65723562241,1.61638343334,1.34760010242,1.11941194534,1.23620486259,1.18077015877,1.28457546234,1.96392154694,4.6611328125,7.83303976059,17.7210254669,18.6678886414,14.6556930542,28.7002353668,30.9317512512,21.8311691284,21.0583076477,24.8493309021,5.12045049667,0.441052734852,0.0337042734027,0.0112633034587,0.00700168218464,0.00626979768276,0.00413048546761,0.00240363553166,0.0011704552453,0.000318376347423,0.0000144714958878,0.0000116441951832],"min":[4.60984110207e-22,3.89630624015e-21,6.98175462924e-20,7.78573347184e-20,3.64378358955e-20,1.52328515127e-19,2.35247141831e-19,2.55438930776e-19,4.92060536592e-19,9.796106641e-19,1.29058146057e-18,2.15995242027e-18,3.78538445102e-18,3.16380288843e-18,3.5000960616e-18,3.3518880433e-18,7.38519258597e-18,6.80069849333e-18,7.35414270731e-18,1.32550084877e-17,1.02197800721e-17,1.07639623448e-17,6.54645295153e-18,1.02885924001e-17,1.5718183607e-17,1.39026594745e-17,1.85944279089e-17,2.05035475278e-17,1.62105794103e-17,1.82856298057e-17,1.61330643151e-17,1.89707388393e-17,1.4724183826e-17,1.70842095229e-17,8.3387457166e-18,4.67180277596e-18,3.30038715797e-18,1.08186466347e-18,3.24469970478e-19,3.66257545286e-20],"var":[0.000103498954559,0.012259516865,0.664025902748,3.17698764801,8.95261573792,10.7968091965,57.3467712402,77.7418212891,715.086547852,143.191177368,161.502075195,157.727813721,1038.26953125,268.667236328,48.9843177795,15.5087308884,31.9028320313,23.6829414368,123.832824707,1065.69677734,2436.85864258,3652.3972168,2694.58544922,7296.69824219,6730.98535156,2050.99975586,794.244934082,1577.42248535,110.763336182,1.84525573254,0.101391434669,0.0517243854702,0.0954455584288,0.0533667951822,0.00758297508582,0.000171037987457,0.0000945409483393,0.0000824025992188,0.00000386223609894,4.29929549739e-8]},"erbbands_crest":{"dmean":2.48295521736,"dmean2":4.01298332214,"dvar":5.8158493042,"dvar2":14.1969127655,"max":31.7407073975,"mean":9.68016433716,"median":8.56553840637,"min":2.92855739594,"var":16.9767856598},"erbbands_flatness_db":{"dmean":0.0145746031776,"dmean2":0.0223712902516,"dvar":0.00021872430807,"dvar2":0.000476996880025,"max":0.370286494493,"mean":0.21613329649,"median":0.220794245601,"min":0.05950262025,"var":0.001760814921},"erbbands_kurtosis":{"dmean":1.66590738297,"dmean2":2.55671954155,"dvar":5.88801383972,"dvar2":13.2322387695,"max":51.9556427002,"mean":2.84132599831,"median":1.92066884041,"min":-1.78483533859,"var":19.3806056976},"erbbands_skewness":{"dmean":0.3709371984,"dmean2":0.562298297882,"dvar":0.145719632506,"dvar2":0.316630631685,"max":4.64624881744,"mean":-1.193349123,"median":-1.33338499069,"min":-5.6251950264,"var":1.01450943947},"erbbands_spread":{"dmean":6.19582223892,"dmean2":9.49538230896,"dvar":42.7727851868,"dvar2":93.7654495239,"max":96.3810424805,"mean":30.5712471008,"median":27.2350063324,"min":2.01558995247,"var":253.990722656},"gfcc":{"cov":[[3581.04248047,506.527404785,-1309.50231934,381.721282959,-225.263000488,-791.96295166,416.857788086,-374.237884521,-63.1000404358,-120.24445343,-120.858184814,26.9550094604,28.4127674103],[506.527404785,462.838989258,25.876543045,-153.033172607,-73.7493972778,-191.907836914,-66.0092010498,-29.862575531,-21.2815914154,39.0862922668,-5.19899082184,-42.1874465942,12.0577173233],[-1309.50231934,25.876543045,772.457092285,-180.186859131,50.0170974731,310.984527588,-234.867355347,134.134765625,20.5435447693,33.1134490967,57.1594772339,-41.3769836426,-45.1832923889],[381.721282959,-153.033172607,-180.186859131,334.835998535,67.3515396118,-7.79361152649,148.468338013,-94.4401702881,-22.4927978516,-85.1367721558,-53.8755073547,15.2597370148,-27.239736557],[-225.263000488,-73.7493972778,50.0170974731,67.3515396118,161.992385864,109.566612244,-11.5928888321,11.0531129837,-25.227432251,-17.4777927399,-23.7061252594,-3.01177334785,17.9548244476],[-791.96295166,-191.907836914,310.984527588,-7.79361152649,109.566612244,334.380371094,-29.1685962677,70.6157608032,5.82859992981,-27.564781189,12.9193477631,1.40426933765,-30.1277160645],[416.857788086,-66.0092010498,-234.867355347,148.468338013,-11.5928888321,-29.1685962677,224.933670044,-23.7394180298,-20.9977474213,-26.5406532288,-41.4021453857,5.95171928406,-17.1989860535],[-374.237884521,-29.862575531,134.134765625,-94.4401702881,11.0531129837,70.6157608032,-23.7394180298,146.002761841,56.0405960083,39.3929901123,20.6730518341,-18.3036422729,-2.95772004128],[-63.1000404358,-21.2815914154,20.5435447693,-22.4927978516,-25.227432251,5.82859992981,-20.9977474213,56.0405960083,107.516685486,44.1621627808,8.92657756805,-2.20859694481,-14.0957517624],[-120.24445343,39.0862922668,33.1134490967,-85.1367721558,-17.4777927399,-27.564781189,-26.5406532288,39.3929901123,44.1621627808,127.917648315,41.234828949,-21.3658809662,0.187881499529],[-120.858184814,-5.19899082184,57.1594772339,-53.8755073547,-23.7061252594,12.9193477631,-41.4021453857,20.6730518341,8.92657756805,41.234828949,94.7337875366,23.5498409271,-13.5521659851],[26.9550094604,-42.1874465942,-41.3769836426,15.2597370148,-3.01177334785,1.40426933765,5.95171928406,-18.3036422729,-2.20859694481,-21.3658809662,23.5498409271,91.853843689,44.4862861633],[28.4127674103,12.0577173233,-45.1832923889,-27.239736557,17.9548244476,-30.1277160645,-17.1989860535,-2.95772004128,-14.0957517624,0.187881499529,-13.5521659851,44.4862861633,104.155197144]],"icov":[[0.00317451241426,-0.00442113401368,0.00408578757197,-0.0025149199646,0.00138788099866,0.000437348819105,-0.00128913333174,0.00190308690071,-0.00225007766858,0.00270400568843,-0.00213617668487,0.00122036319226,-0.000619594356976],[-0.00442113401368,0.0121963638812,-0.00949808303267,0.00917432177812,-0.00633232994005,0.00679060257971,-0.00308273453265,0.00251101655886,-0.00000118379045944,-0.000627677654848,0.00181148631964,0.000536055595148,0.000698953459505],[0.00408578757197,-0.00949808303267,0.0128407469019,-0.00900980643928,0.00852795597166,-0.00907285697758,0.00799818523228,-0.00505458097905,0.00356842321344,-0.00148807128426,0.000254827406025,-0.00012704533583,0.000854799698573],[-0.0025149199646,0.00917432177812,-0.00900980643928,0.0176570154727,-0.0133412471041,0.0100064584985,-0.0121974078938,0.011260391213,-0.00871367007494,0.00725404499099,-0.00223189941607,0.00165815884247,0.00164222915191],[0.00138788099866,-0.00633232994005,0.00852795597166,-0.0133412471041,0.0207430161536,-0.0133814997971,0.0125480983406,-0.0103854704648,0.0110789574683,-0.00802631583065,0.00589207466692,-0.00125960772857,-0.00228606094606],[0.000437348819105,0.00679060257971,-0.00907285697758,0.0100064584985,-0.0133814997971,0.0191970039159,-0.0127523085102,0.00887842662632,-0.00907265767455,0.00922899972647,-0.00479112239555,0.00168244750239,0.00119521620218],[-0.00128913333174,-0.00308273453265,0.00799818523228,-0.0121974078938,0.0125480983406,-0.0127523085102,0.0221079494804,-0.0149980280548,0.0147366123274,-0.0117066865787,0.0101453354582,-0.00632246257737,0.00439712591469],[0.00190308690071,0.00251101655886,-0.00505458097905,0.011260391213,-0.0103854704648,0.00887842662632,-0.0149980280548,0.0244507938623,-0.0174516756088,0.0100339530036,-0.00912123639137,0.00829052831978,-0.00458915997297],[-0.00225007766858,-0.00000118379045944,0.00356842321344,-0.00871367007494,0.0110789574683,-0.00907265767455,0.0147366123274,-0.0174516756088,0.0264960229397,-0.0152849638835,0.0116244582459,-0.00918219052255,0.00633448874578],[0.00270400568843,-0.000627677654848,-0.00148807128426,0.00725404499099,-0.00802631583065,0.00922899972647,-0.0117066865787,0.0100339530036,-0.0152849638835,0.0226737800986,-0.0139500275254,0.0105043826625,-0.00541951274499],[-0.00213617668487,0.00181148631964,0.000254827406025,-0.00223189941607,0.00589207466692,-0.00479112239555,0.0101453354582,-0.00912123639137,0.0116244582459,-0.0139500275254,0.0250587947667,-0.0144761614501,0.00995641760528],[0.00122036319226,0.000536055595148,-0.00012704533583,0.00165815884247,-0.00125960772857,0.00168244750239,-0.00632246257737,0.00829052831978,-0.00918219052255,0.0105043826625,-0.0144761614501,0.0251568909734,-0.0140112834051],[-0.000619594356976,0.000698953459505,0.000854799698573,0.00164222915191,-0.00228606094606,0.00119521620218,0.00439712591469,-0.00458915997297,0.00633448874578,-0.00541951274499,0.00995641760528,-0.0140112834051,0.0199720170349]],"mean":[-70.9525222778,90.3536453247,-155.275878906,67.6353988647,-38.609413147,-30.3002052307,-16.1136245728,1.70500910282,-22.5935020447,12.8676786423,-31.8063163757,2.61322617531,-8.24476051331]},"hfc":{"dmean":5.75131177902,"dmean2":8.64410114288,"dvar":64.0955123901,"dvar2":139.807449341,"max":124.953781128,"mean":19.124710083,"median":15.2510547638,"min":1.13955709908e-16,"var":290.133514404},"melbands":{"dmean":[0.0000354070944013,0.000100908029708,0.000102599798993,0.0000677145071677,0.0000521123183717,0.0000358642937499,0.0000420694996137,0.0000388725129596,0.0000276957380265,0.0000130576036099,0.0000142837016028,0.0000074249987847,0.00000567442111787,0.00000501833983435,0.00000360287845069,0.00000335704839927,0.00000398625434173,0.0000067889800448,0.00000809493940324,0.000018586339138,0.0000251505916822,0.0000273620316875,0.000017613187083,0.000018212454961,0.0000288307201117,0.0000265220714937,0.0000167288108059,0.0000118518355521,0.00000768542577134,0.0000122439105326,0.0000099299759313,0.00000307003119815,6.54052485061e-7,1.60014977268e-7,6.52696314773e-8,1.82741750621e-8,7.11826775301e-9,7.06913594328e-9,7.75114994411e-9,6.09163697263e-9],"dmean2":[0.0000614626769675,0.000161777948961,0.000166995218024,0.000109554683149,0.0000794547304395,0.0000572723838559,0.0000672216483508,0.0000617201731075,0.0000425274774898,0.000020906154532,0.0000236055748246,0.0000123886393339,0.0000093392764029,0.00000812796133687,0.0000055846730902,0.00000534611353942,0.00000655038729747,0.0000110227319965,0.0000128735373437,0.0000288215887849,0.000039696929889,0.0000433724890172,0.0000278214956779,0.0000285782170977,0.0000462909338239,0.0000416888469772,0.0000266715414909,0.0000190915779967,0.000012256199625,0.0000198106808966,0.0000159263163368,0.00000494368077852,0.00000106034417513,2.65139277644e-7,1.08971946133e-7,3.17892414614e-8,1.28598331983e-8,1.3376874719e-8,1.46455443328e-8,1.1464858396e-8],"dvar":[7.33267446762e-9,4.82093618359e-8,5.19147853595e-8,2.3851219666e-8,1.08221032136e-8,7.2253570238e-8,2.5009396154e-7,7.92677212758e-9,3.2174185538e-9,1.34373312477e-8,4.3656292803e-8,6.17499695821e-9,8.30385482598e-10,1.30542035515e-10,6.32343899465e-11,1.04050761063e-10,5.68312202853e-11,1.71979763763e-10,2.25872959225e-10,1.85554660526e-9,2.10919037791e-9,2.84854273502e-9,1.86397453028e-9,1.5626072658e-9,3.54760509857e-9,2.42201037004e-9,8.98737251287e-10,4.19005524721e-10,1.43177802947e-10,3.28083449297e-10,2.26606886033e-10,2.84229983299e-11,1.32983760722e-12,1.35088216112e-13,3.7750249297e-14,4.65524462783e-14,2.93086613464e-14,9.78328610615e-14,1.20247209542e-13,6.95763095033e-14],"dvar2":[1.59686912582e-8,1.28019166823e-7,1.37994817351e-7,6.24392484383e-8,2.61569272908e-8,2.14294971101e-7,7.43371742828e-7,2.04928607417e-8,7.80408004886e-9,3.76356013021e-8,1.23469021673e-7,1.66487765796e-8,2.4208020033e-9,3.2961744445e-10,1.51397352988e-10,2.92342705599e-10,1.45563075482e-10,4.32701707798e-10,5.55799350987e-10,3.84689391453e-9,4.86349360784e-9,6.67820510003e-9,4.05592137653e-9,3.56962348569e-9,8.76716566012e-9,5.42327427411e-9,2.09289163777e-9,1.03876407476e-9,3.37950556428e-10,8.20273959867e-10,5.47463019362e-10,7.19648229897e-11,3.36805453319e-12,3.6168924843e-13,9.74007793907e-14,1.37743888019e-13,8.71146213434e-14,2.91670767399e-13,3.58472149534e-13,2.07609930224e-13],"max":[0.00503149162978,0.0108361085877,0.00972967408597,0.00787842832506,0.00217351992615,0.0172020532191,0.0322779119015,0.00236144289374,0.00165244785603,0.00781704671681,0.014245942235,0.00448779249564,0.00179014448076,0.000227807540796,0.000244309281697,0.000579468207434,0.000125656559248,0.000393269147025,0.000582402979489,0.00172199378721,0.00121664849576,0.00109171762597,0.00107360025868,0.000855400809087,0.00123102369253,0.000875789672136,0.000891221687198,0.000370773545001,0.000299243372865,0.00046865909826,0.000333970499923,0.000112744775834,0.0000178445479833,0.0000120515414892,0.00000648232980893,0.0000139544581543,0.0000112684774649,0.0000204984262382,0.0000227357813856,0.0000172837098944],"mean":[0.0000733651468181,0.000226948352065,0.000226668576943,0.000136953560286,0.000125296268379,0.0000721104224795,0.0000744233911973,0.0000765194927226,0.0000574155201321,0.0000215887994273,0.0000202496357815,0.0000107490604933,0.00000949132845562,0.00000815001203591,0.00000609922062722,0.00000540608198207,0.00000649624371363,0.0000111047138489,0.0000146067695823,0.0000363343824574,0.0000429326282756,0.0000449622493761,0.0000300413776131,0.0000288412102236,0.0000475746492157,0.0000466726487502,0.0000312047232001,0.0000211245205719,0.000014786302927,0.0000235289717239,0.0000192454190255,0.00000577951186642,0.00000111069641662,2.24681016903e-7,7.32393985459e-8,1.76788965689e-8,7.2146084662e-9,6.57222631872e-9,9.10382880193e-9,7.79700037867e-9],"median":[0.0000581028798479,0.000105721468572,0.000123069403344,0.0000770986225689,0.0000478909350932,0.00003185429523,0.0000237208114413,0.0000240508106799,0.0000206952208828,0.00000802578142611,0.00000612667918176,0.00000405685022997,0.00000372426484319,0.00000327863472194,0.0000024990338261,0.00000249088043347,0.00000322570213029,0.00000616377519691,0.00000787655335444,0.0000117314702948,0.0000214577739825,0.0000201709881367,0.0000102923550003,0.0000126807954075,0.0000211790720641,0.0000229648612731,0.0000162221567734,0.0000117625304483,0.0000100979832496,0.0000153486653289,0.0000123213758343,0.00000293421544484,4.20803189627e-7,4.92411871278e-8,1.02330375285e-8,6.18346351899e-9,4.28888347059e-9,3.26651172777e-9,5.51571144314e-9,5.07114794601e-9],"min":[3.17660836454e-24,2.59175785458e-23,1.23188842392e-23,6.38009598114e-24,7.82962986663e-24,6.09399743006e-24,8.33823136919e-24,1.10323183671e-23,1.02106834467e-23,1.39763259662e-23,1.88496719804e-23,1.22301799859e-23,1.10005493608e-23,8.61180438682e-24,1.5727250077e-23,1.25599475101e-23,1.23323019744e-23,9.57632647183e-24,1.63859410442e-23,1.6365173492e-23,1.1378659859e-23,1.13410659037e-23,8.34395139962e-24,5.83993609806e-24,8.03175023005e-24,1.22072493771e-23,1.01290008443e-23,8.6479902254e-24,1.06667310358e-23,1.22796431424e-23,1.20160602592e-23,9.15095373908e-24,8.91057441062e-24,1.09017216554e-23,9.25173150858e-24,9.77562902409e-24,1.23530711043e-23,8.87348611516e-24,1.40714894126e-23,1.42245678713e-23],"var":[9.45400024932e-9,1.01265193564e-7,1.01584980428e-7,4.59288536092e-8,5.03140036301e-8,4.66230680729e-8,1.39274064281e-7,1.78727841416e-8,8.93948115532e-9,8.97767282737e-9,2.64429385055e-8,4.82835238458e-9,6.54477250173e-10,2.26754781618e-10,1.21395199448e-10,1.15173030835e-10,1.01066460756e-10,3.00453772972e-10,4.56841064977e-10,7.41044292596e-9,4.20662615852e-9,5.27157606456e-9,4.38968106309e-9,2.62102672899e-9,6.22431439723e-9,5.31349542143e-9,2.17768447719e-9,8.39643243822e-10,3.0531391304e-10,8.10691347386e-10,5.24273235936e-10,5.91499696445e-11,2.67684203796e-12,1.90441968293e-13,4.93142751298e-14,2.49918697391e-14,1.51316371271e-14,4.98456222857e-14,6.13055816507e-14,3.54234565671e-14]},"melbands_crest":{"dmean":2.87221622467,"dmean2":4.58743286133,"dvar":7.44040584564,"dvar2":17.3607368469,"max":34.9591560364,"mean":12.4642724991,"median":11.5517559052,"min":2.31764531136,"var":30.7857227325},"melbands_flatness_db":{"dmean":0.0181775502861,"dmean2":0.0283478423953,"dvar":0.000263887865003,"dvar2":0.000596245168708,"max":0.358554720879,"mean":0.181531354785,"median":0.175903052092,"min":0.00426152022555,"var":0.00158631487284},"melbands_kurtosis":{"dmean":2.45117211342,"dmean2":3.82309508324,"dvar":35.0843505859,"dvar2":85.8763427734,"max":179.404342651,"mean":3.72819423676,"median":-0.00801513344049,"min":-1.91814243793,"var":131.083251953},"melbands_skewness":{"dmean":0.500575482845,"dmean2":0.767810106277,"dvar":0.302958995104,"dvar2":0.670471251011,"max":12.5473804474,"mean":1.40194928646,"median":1.16290855408,"min":-3.19534301758,"var":2.1743850708},"melbands_spread":{"dmean":12.476773262,"dmean2":19.4973659515,"dvar":180.032684326,"dvar2":410.450042725,"max":164.033355713,"mean":68.5766143799,"median":72.8608551025,"min":2.54974293709,"var":1225.91381836},"mfcc":{"cov":[[4164.45361328,271.152893066,-1405.44299316,978.180786133,-969.131835938,-61.908039093,-100.364379883,-186.080169678,125.492744446,-520.683349609,179.465286255,-275.040557861,74.1234817505],[271.152893066,590.430297852,7.74967765808,-79.2281646729,-15.47889328,-213.173995972,-22.532119751,-218.535583496,32.8191642761,-64.333404541,-13.8877124786,84.8549880981,-34.3177909851],[-1405.44299316,7.74967765808,770.043457031,-372.892578125,339.009033203,35.9509963989,-39.6280670166,115.730255127,-145.625976563,232.570983887,-68.3006439209,108.827354431,-21.1898937225],[978.180786133,-79.2281646729,-372.892578125,424.889373779,-232.525039673,58.9861450195,20.4244995117,-26.4364833832,68.1633834839,-153.697601318,65.3251953125,-107.925636292,9.57746505737],[-969.131835938,-15.47889328,339.009033203,-232.525039673,387.807495117,23.8371601105,11.240606308,41.1695098877,-40.4817886353,124.694786072,-105.859146118,97.5252151489,-45.508430481],[-61.908039093,-213.173995972,35.9509963989,58.9861450195,23.8371601105,241.091690063,38.3919487,119.446586609,-29.3468894958,8.1242647171,6.85599517822,-80.7376861572,13.5968103409],[-100.364379883,-22.532119751,-39.6280670166,20.4244995117,11.240606308,38.3919487,163.761184692,4.52267599106,39.5365180969,-17.5418205261,-3.01078677177,-18.2505588531,-31.3384971619],[-186.080169678,-218.535583496,115.730255127,-26.4364833832,41.1695098877,119.446586609,4.52267599106,228.924224854,-29.7535495758,43.1858940125,-17.5966835022,-45.2529716492,20.5344409943],[125.492744446,32.8191642761,-145.625976563,68.1633834839,-40.4817886353,-29.3468894958,39.5365180969,-29.7535495758,171.023849487,-36.6272010803,2.99592685699,-6.95507144928,-23.1265163422],[-520.683349609,-64.333404541,232.570983887,-153.697601318,124.694786072,8.1242647171,-17.5418205261,43.1858940125,-36.6272010803,211.074172974,5.12254285812,43.2417907715,-8.61632633209],[179.465286255,-13.8877124786,-68.3006439209,65.3251953125,-105.859146118,6.85599517822,-3.01078677177,-17.5966835022,2.99592685699,5.12254285812,157.824661255,-17.862455368,26.8943576813],[-275.040557861,84.8549880981,108.827354431,-107.925636292,97.5252151489,-80.7376861572,-18.2505588531,-45.2529716492,-6.95507144928,43.2417907715,-17.862455368,162.744338989,1.33367705345],[74.1234817505,-34.3177909851,-21.1898937225,9.57746505737,-45.508430481,13.5968103409,-31.3384971619,20.5344409943,-23.1265163422,-8.61632633209,26.8943576813,1.33367705345,112.862586975]],"icov":[[0.00274538225494,-0.00293885031715,0.00363964308053,-0.00324566964991,0.00305069074966,-0.0010494311573,0.00206696381792,-0.00244666589424,0.00241980399005,-0.00101618410554,0.00116858561523,-0.000716231355909,0.000785973912571],[-0.00293885031715,0.00681535480544,-0.00491980044171,0.00419077277184,-0.00277461926453,0.00281296786852,-0.00213992036879,0.00532092992216,-0.0031576117035,0.00285946484655,-0.00121694628615,0.000821953231934,-0.000445277430117],[0.00363964308053,-0.00491980044171,0.00872671883553,-0.0030102764722,0.00253208959475,-0.002202632837,0.00311694759876,-0.00494299922138,0.00496705342084,-0.00326218619011,0.00133038242348,-0.00153809285257,0.00152863631956],[-0.00324566964991,0.00419077277184,-0.0030102764722,0.00944298692048,-0.00227014138363,-0.000246786454227,-0.00191599852405,0.00363804958761,-0.00350551865995,0.00305872340687,-0.00215975614265,0.00144023238681,-0.000027332587706],[0.00305069074966,-0.00277461926453,0.00253208959475,-0.00227014138363,0.00991089828312,-0.0028033698909,0.0018588580424,-0.00195251137484,0.00215356564149,-0.00192761246581,0.00416361680254,-0.00321883149445,0.00236619380303],[-0.0010494311573,0.00281296786852,-0.002202632837,-0.000246786454227,-0.0028033698909,0.00895668100566,-0.00241941749118,-0.000741949130315,-0.0000266572187684,0.00107639632188,-0.00125515577383,0.00330013106577,-0.0012574485736],[0.00206696381792,-0.00213992036879,0.00311694759876,-0.00191599852405,0.0018588580424,-0.00241941749118,0.00891606323421,-0.00163331220392,0.000285781599814,-0.0000800405905466,0.000463156786282,-0.000450639723567,0.00250091473572],[-0.00244666589424,0.00532092992216,-0.00494299922138,0.00363804958761,-0.00195251137484,-0.000741949130315,-0.00163331220392,0.01103234943,-0.00301434588619,0.00146754365414,0.0000543141250091,0.00199648388661,-0.00171281851362],[0.00241980399005,-0.0031576117035,0.00496705342084,-0.00350551865995,0.00215356564149,-0.0000266572187684,0.000285781599814,-0.00301434588619,0.0100572472438,-0.00164054776542,0.00111238134559,-0.00104765838478,0.00186292489525],[-0.00101618410554,0.00285946484655,-0.00326218619011,0.00305872340687,-0.00192761246581,0.00107639632188,-0.0000800405905466,0.00146754365414,-0.00164054776542,0.0094798784703,-0.00279174349271,0.000190161168575,0.000519231485669],[0.00116858561523,-0.00121694628615,0.00133038242348,-0.00215975614265,0.00416361680254,-0.00125515577383,0.000463156786282,0.0000543141250091,0.00111238134559,-0.00279174349271,0.00935886614025,-0.000938764889725,-0.000959924305789],[-0.000716231355909,0.000821953231934,-0.00153809285257,0.00144023238681,-0.00321883149445,0.00330013106577,-0.000450639723567,0.00199648388661,-0.00104765838478,0.000190161168575,-0.000938764889725,0.0103777721524,-0.00197360524908],[0.000785973912571,-0.000445277430117,0.00152863631956,-0.000027332587706,0.00236619380303,-0.0012574485736,0.00250091473572,-0.00171281851362,0.00186292489525,0.000519231485669,-0.000959924305789,-0.00197360524908,0.0112831424922]],"mean":[-708.445861816,117.61541748,-56.4095687866,88.6413116455,-15.1775331497,2.74086380005,-1.2263354063,-12.7047948837,19.9673538208,-11.1104850769,4.50751161575,-3.78497314453,-0.897663354874]},"pitch_salience":{"dmean":0.0628548040986,"dmean2":0.101059190929,"dvar":0.0031415570993,"dvar2":0.00766763463616,"max":0.860085606575,"mean":0.578974843025,"median":0.585843801498,"min":0.103272877634,"var":0.0105429720134},"silence_rate_20dB":{"dmean":0,"dmean2":0,"dvar":0,"dvar2":0,"max":1,"mean":1,"median":1,"min":1,"var":0},"silence_rate_30dB":{"dmean":0.000474552129162,"dmean2":0.000949216890149,"dvar":0.000474336236948,"dvar2":0.00142296135891,"max":1,"mean":0.999762773514,"median":1,"min":0,"var":0.000237182612182},"silence_rate_60dB":{"dmean":0.0301340613514,"dmean2":0.0602752715349,"dvar":0.0292309951037,"dvar2":0.0656596124172,"max":1,"mean":0.166429415345,"median":0,"min":0,"var":0.138739347458},"spectral_centroid":{"dmean":239.225891113,"dmean2":364.887359619,"dvar":79002.015625,"dvar2":159415.890625,"max":11269.3476563,"mean":2712.27587891,"median":2955.36230469,"min":323.081512451,"var":604997.8125},"spectral_complexity":{"dmean":4.23347949982,"dmean2":6.4207406044,"dvar":20.6865901947,"dvar2":42.6015205383,"max":51,"mean":18.1411628723,"median":17,"min":0,"var":128.687744141},"spectral_contrast_coeffs":{"dmean":[0.0443270355463,0.0459764897823,0.0373109206557,0.0335462801158,0.0281803496182,0.0401126183569],"dmean2":[0.0728801116347,0.0747718438506,0.0601077675819,0.0542025566101,0.0450414083898,0.0605980157852],"dvar":[0.00128212478012,0.00147750950418,0.000899989798199,0.000726620142814,0.000557961815502,0.00133103621192],"dvar2":[0.00340950349346,0.00363710266538,0.00230157817714,0.00183440267574,0.0013565326808,0.00279999896884],"max":[-0.403004199266,-0.469072967768,-0.340247154236,-0.450267255306,-0.495643407106,-0.293280243874],"mean":[-0.655760109425,-0.738090217113,-0.79829454422,-0.763817489147,-0.764176011086,-0.540400207043],"median":[-0.65078997612,-0.743225097656,-0.802355647087,-0.769554376602,-0.765830993652,-0.503804862499],"min":[-0.959605157375,-0.961662590504,-0.962249159813,-0.968311846256,-0.956346213818,-0.957408070564],"var":[0.00623971549794,0.00565006444231,0.00286657060497,0.00318096461706,0.00279546529055,0.0144694633782]},"spectral_contrast_valleys":{"dmean":[0.37393835187,0.415856152773,0.373104542494,0.332437634468,0.287870556116,0.367321699858],"dmean2":[0.618469774723,0.663431763649,0.58630669117,0.519180893898,0.43768081069,0.585062384605],"dvar":[0.105399474502,0.134417295456,0.107182472944,0.089116178453,0.0847515016794,0.139552950859],"dvar2":[0.252575129271,0.301595360041,0.226912081242,0.181935667992,0.156206935644,0.341567277908],"max":[-6.21899223328,-4.74076461792,-5.45250415802,-6.04723167419,-5.48863840103,-8.66202068329],"mean":[-8.19283485413,-7.6421661377,-8.31929683685,-8.2810125351,-7.17373847961,-12.5427694321],"median":[-8.16177654266,-7.51393985748,-8.21906089783,-8.13962745667,-6.89088249207,-12.4399909973],"min":[-27.2949123383,-27.107252121,-27.490146637,-26.9279747009,-27.4400291443,-27.2876529694],"var":[0.34708276391,0.817978739738,0.609240591526,0.550703465939,0.926499903202,0.386239111423]},"spectral_decrease":{"dmean":4.60310983774e-10,"dmean2":7.00418778532e-10,"dvar":1.43813476542e-18,"dvar2":3.76733412928e-18,"max":-7.01119328629e-29,"mean":-1.89894033831e-9,"median":-1.70456382342e-9,"min":-6.87406682687e-8,"var":2.2617047346e-18},"spectral_energy":{"dmean":0.00219965167344,"dmean2":0.00332639971748,"dvar":0.0000246028794209,"dvar2":0.0000627818371868,"max":0.269710332155,"mean":0.00890171248466,"median":0.00782575830817,"min":1.06007347558e-20,"var":0.0000482006580569},"spectral_energyband_high":{"dmean":0.000530298508238,"dmean2":0.000832310819533,"dvar":4.89796889269e-7,"dvar2":0.00000118899322388,"max":0.0110408281907,"mean":0.00139062129892,"median":0.00110349268652,"min":7.6295229981e-21,"var":0.00000178318180133},"spectral_energyband_low":{"dmean":0.000448831211543,"dmean2":0.000719076546375,"dvar":7.12954090432e-7,"dvar2":0.00000176994592493,"max":0.0457207709551,"mean":0.00115806423128,"median":0.000786622345913,"min":1.02374922535e-22,"var":0.00000160720082931},"spectral_energyband_middle_high":{"dmean":0.00142097938806,"dmean2":0.00214023236185,"dvar":0.00000541317149327,"dvar2":0.0000119151236504,"max":0.0602175742388,"mean":0.0041680065915,"median":0.00295168394223,"min":1.6823606628e-21,"var":0.0000184740365512},"spectral_energyband_middle_low":{"dmean":0.00076243118383,"dmean2":0.00119806022849,"dvar":0.0000123548561533,"dvar2":0.0000347115019395,"max":0.212685957551,"mean":0.00251876423135,"median":0.00218550045975,"min":3.26064409172e-22,"var":0.0000105045883174},"spectral_entropy":{"dmean":0.112584106624,"dmean2":0.172834873199,"dvar":0.0126888463274,"dvar2":0.0263761803508,"max":9.79242706299,"mean":7.49060297012,"median":7.52333450317,"min":6.22279310226,"var":0.0653539970517},"spectral_flux":{"dmean":0.0124404644594,"dmean2":0.0195753648877,"dvar":0.000193533662241,"dvar2":0.000414809997892,"max":0.469887167215,"mean":0.0528430901468,"median":0.0526028648019,"min":1.02959869797e-10,"var":0.000813074468169},"spectral_kurtosis":{"dmean":2.12224149704,"dmean2":3.74399662018,"dvar":3.80437016487,"dvar2":11.6524209976,"max":22.8983402252,"mean":4.13969516754,"median":3.62804031372,"min":-1.22438156605,"var":6.19062280655},"spectral_rms":{"dmean":0.000337693258189,"dmean2":0.000504175492097,"dvar":1.80450626885e-7,"dvar2":3.90439168996e-7,"max":0.016221344471,"mean":0.00273530464619,"median":0.00276312977076,"min":3.2159260064e-12,"var":0.00000120271317883},"spectral_rolloff":{"dmean":475.236206055,"dmean2":777.124023438,"dvar":351947.03125,"dvar2":747692.375,"max":18626.2207031,"mean":3392.0715332,"median":3746.77734375,"min":64.599609375,"var":1870484.25},"spectral_skewness":{"dmean":0.272299289703,"dmean2":0.466703027487,"dvar":0.0583631284535,"dvar2":0.168369948864,"max":2.83255410194,"mean":0.512526273727,"median":0.369525521994,"min":-0.439945757389,"var":0.274666011333},"spectral_spread":{"dmean":252950.890625,"dmean2":391564.59375,"dvar":208629383168,"dvar2":259743432704,"max":41111488,"mean":2769456.5,"median":2564297.25,"min":1356459.75,"var":806705299456},"spectral_strongpeak":{"dmean":1.00368022919,"dmean2":1.71761322021,"dvar":2.89789605141,"dvar2":7.08809709549,"max":18.5905265808,"mean":1.54103124142,"median":0.466584205627,"min":0,"var":5.13779401779},"zerocrossingrate":{"dmean":0.00935496855527,"dmean2":0.0112368417904,"dvar":0.0000953569688136,"dvar2":0.000120872406114,"max":0.51123046875,"mean":0.105238683522,"median":0.11328125,"min":0.01318359375,"var":0.00141490483657}},"metadata":{"audio_properties":{"analysis_sample_rate":44100,"bit_rate":128000,"codec":"mp3","downmix":"mix","equal_loudness":0,"length":195.709381104,"lossless":false,"md5_encoded":"17ee6370ed36a16abc4c30d566c8c28a","replay_gain":-9.17437934875,"sample_rate":44100},"tags":{"acoustid_fingerprint":["AQADtFEyRUqchAny4zH4JrhwNHVc7MmGXIQmPYOT5PiQX-hx48G-4zVDnAwLfkTe4FAeBWGzwd9wnEesQ9fRK0feoTwaGze-4yi_weglXBt6oyEX_PhRHjdhHj_SCxD54z3wDccH_UJ_3MJVHXly1Dt8o--N2mOCL8FkIT-6Ktmg5cuR48me40yFh4dDH0-OsVGO_8R9vPmQTE1V5NIOP0H_BPfwI15GNOIP7VmMH3qO3Bn64hcsisVvHHvhf_gPv0V_JPWD6MMZXnjwwtl_fMezI2kbFemFdUyOllEu_OgR6BzMOPiPZ_HxI_FzPCT-MZg6Hj-uHAl3hKuLC_9xp_hx8sKv4HQaxMlKaN2RHn2E98F1PEvR5Oh0Ibnoo1yyDOkf9MnxMNHRqg7SlT00HafI4DpySvAz_A86HWlENOfxHNp3aKmIRzouic4RKod_1Mvw8MXDF7cshIeW3MiTjXiE8nlgscc99A6-I3zhd9C-G5ceKWh4hM_wcYKTH-ePfh9qWUUeDnryHM3IFFU4RPxx9QhJKdDDI32-4lEb_EMVpvh3PBKmL0HThUeO5CaaZM4WTHqJJ2h2XN6DazvyB-J7dOHxWMyx02h8aGiOMhfOPAm050WYS6inJPCNPlFw3UG4UxBzhI6Oo9eF5sQHM32ImEkiI3Gbo4mzoxeF5xuewefxLDMehMeUpEkSozJf5IL54PlR0njA76h-oVGoFvGyI3kV8I3QPD_6Hr3wJA9K6Zhz_EF_9Fnw5EHT1UOZ48eF_UKOSzy041mOC_lxhTjhYz8OuMH5wzd6Cj--4LlwET2PJsdj9sjH49B1oz_Sq_hIPBzhnWg5oxLzIC0FbQyDXMcZ_DJO9FngLT-e5ULOzNh0-LiyQDotyJl0HNMbXBlONEd_4YlylMyhpVWxajTK6Wj2gP6PkDwi-BfeHCV5PIpO6N8Q5sJEZsG0Ho744rTgJ_jRNMGVBT_-wHoq3AtjPJFwLsGrD5aWHzmNHyp9NNcqI66Yww4v9A6epSg52BOewyelIPyR7McVtXjQk7i2xGjcHF154bxwHV-yGG14hMkh54jMonqwryhv_EEfXNpy4rAmVDtePCsm4pJxIaEjhFKv4CIF5srARFLwaihNhPkHnVnEYKK-CY2F_Ee4ocl3HDl1nPiiRMFJNMuJLclRXbiF7NC1gfFGNL-QPyJyfjhyHhdTlJQI85itHE42hYrw5sGn4wu-GJXUFflOyFOWbPhnovmFdqTwQ4-OvPrh7gnyCcklfCfx41OJK7hubHpj5PyRuAEpH7XTouwcnEUvNN8DvCGPMlGLJmJYZB_eDFp-wfmDMtmhj1_RXEItKYf6He9xnReaJT76fLhy4dBT_AHd46qOc8TRQ9wTPMks6DsY5D9-NBXzDP8QKQxOQQ4ZI8e_DFeO5-jzIMyB8Tj0S8KJ_sI3HDBw-AxgEXgAuMePH6mLC8_RE-NloS9h6XDIC6XCHLkHHWEyHmcCK0qYoubxcEW_o3l2XGQmnEeuFGqLS0zR54fWXmiqLEc7Is9RKzv8VAihmBFy5vgpTHsDcyFzXNphH3149